0 6463.823288880289 706.4641788601875 1604.801163896918 1202.736571423709 190.454465046525 742.5560421943665 124.4347838610411 174.0331960767508 2078.785120025277 513.797783896327 217.9938067346811 681.8241581916809 347.5812740921974 9.122941792011261 0 0.1532205939292908 0.7301823347806931 0 1.507868051528931 0 0.5004332661628723 0.3926737308502197 0 6.875949397683144 2.689927011728287 1.155220806598663 0.5944107919931412 0 0.5896490141749382 766.6370011866093 0.8604189455509186 35.67479003965855 0 0 11.1014389693737 33.80497795343399 5.818844325840473 2.601702809333801 4.293167516589165 2.672269448637962 2.167240262031555 0 0 0 0 33.39834525436163 2.548094406723976 0 0.6278035268187523 0.6822311356663704 1.156957060098648 0.3306402191519737 1.019515246152878 11.6747999638319 67.96865153312683 170.5641650110483 636.9270742461085 70.70736504346132 19.13392840325832 0 2.249415308237076 0.7556439936161041 3.688864603638649 10.32821327447891 2.689822785556316 2.134401045739651 0.7761569991707802 0.493888646364212 1.756609186530113 71.64276830852032 21.85049723088741 2.958450503647327 205.2639322578907 28.81924423575401 13.02786130458117 0.5512619987130165 1.322574883699417 0.9301601350307465 249.0180305019021 0 11.97668478637934 22.65790831297636 4.39195728302002 1.193469919264317 28.26247715204954 1.424983493983746 2.685535460710526 3.867435954511166 2.252568148076534 1.119772836565971 0.9479684233665466 0.6681150048971176 0.2465153560042381 0.7974185422062874 776.9283328056335 91.03256177902222 1.060998737812042 2.882834866642952 683.0451109707355 0 0 0 1.540156483650208 0.487926721572876 1.652943640947342 1.107194304466248 0.8485842943191528 153.547518402338 5.046864837408066 0.1468534171581268 2.578564167022705 3.899928197264671 7.197442352771759 2.176352113485336 0 0.2146265506744385 0 0 0 0 0 0 0 0 0.8531413674354553 0 0.4445970505475998 0 0 0 0.7793060541152954 0.2009991407394409 0 0 0 0 0 0 1.893726542592049 0.1944693028926849 2.245031878352165 1.794224202632904 1.476189985871315 0 0 0 0 0 0 0.2921688556671143 0 0 0 0 0 0.3031749725341797 0 0 0 0.1371045857667923 0 0.2429257333278656 0 0 0 3.272161930799484 0 0 0 0 0 0.2259152233600616 0 0 0 3.850201547145844 1.163731977343559 0 0 0.1519271582365036 0.6094419360160828 0 1.080366194248199 0 0.1705591678619385 0 0 0 0.1030251458287239 0 0 0 0.1489511430263519 0 0.1606313139200211 0 0.2936971187591553 0.9444922357797623 2.544248580932617 137.2033518403769 14.37224591523409 397.6624851226807 45.33903469145298 1289.270015947521 26.58087265491486 4.028932146728039 18.55607160180807 1.605035103857517 0 0.9259045124053955 0 0 0 0 0 2.076737567782402 0
6463.823288880289 0 1150.483573652804 705.3732129633427 6837.347587607801 150.1202297061682 7011.879299141467 308.0644510760903 2605.772863835096 876.4512320607901 1675.439130723476 24.73569406569004 1555.059669852257 1959.005930371583 36.29291427880526 0.2365732640028 0.6676137447357178 0.5285744071006775 0 0.9933976382017136 1.452192768454552 0 0.4566763937473297 0.2575934454798698 7.514266297221184 5.039480902254581 1.933567106723785 0.7366591468453407 1.209579527378082 0.4008794203400612 4893.043279714882 4.840958684682846 79.05388091504574 0 0 13.22600247710943 53.41556021571159 8.718418173491955 1.130146890878677 4.540057584643364 4.443033695220947 2.400814220309258 0.2679693400859833 0.4141381829977036 0.2195717841386795 0 98.7949959859252 9.643194258213043 1.065714664757252 0.4166053980588913 3.61452267318964 1.199045792222023 0 2.47827997803688 28.80170757323503 153.7568106353283 119.3768522292376 723.0633950382471 74.056556686759 72.4505924731493 0.1213457882404327 2.312684543430805 0.2275692522525787 35.5580840408802 33.9569246545434 13.36663953959942 8.210896462202072 2.905191250145435 0.5509599149227142 2.2381462007761 35.60327431559563 14.03399530053139 1.198153376579285 346.1778199076653 63.54265097528696 57.96072963625193 4.000370666384697 2.211886689066887 2.160186976194382 354.2484070062637 0.8560650646686554 16.29989483207464 86.48135848343372 9.305029802024364 5.716745413839817 70.29910856485367 3.715802535414696 2.828866496682167 13.06668440997601 2.061151728034019 4.471544958651066 3.424338668584824 1.861426249146461 1.645020261406898 4.606831647455692 82.91203074157238 5.911055237054825 1.489298343658447 2.846832931041718 1130.593894436955 0.2432186454534531 0 1.02772319316864 1.152057930827141 0 0.8208619952201843 0.6654196977615356 0.7460970878601074 14.67013876140118 0.4952659010887146 0.6711873561143875 5.966058686375618 6.416989400982857 22.81626218557358 7.525803253054619 0 0 0 0 0 0 0.4422272592782974 0 0 0 0 0 0 0 0.7618717849254608 0 0.5035057365894318 0.218263253569603 0 0.924778901040554 0 0 0 0 6.861844807863235 0.5956128835678101 5.580430030822754 2.079968214035034 0.6611774861812592 0.3768742829561234 0 0 0 0 0 0 1.300166584551334 0.528216764330864 0 0 0 0.5034696757793427 0.1556136906147003 0.1084746569395065 0 0.2226840481162071 0 0 0 0 0 17.41626252233982 0 0 0 0.1977583765983582 0.398557186126709 0.3264089524745941 0.3192319199442863 0 0.3496300876140594 11.7373588681221 0.291139543056488 0 0 0.3523764759302139 1.859160229563713 0 0.9314631074666977 0 0.1470759958028793 0.1859980821609497 0 0 0.3211472034454346 0 0 0 0.9789028167724609 0.3050743639469147 0 0 1.475365668535233 0.6193079799413681 7.137402549386024 596.1212634444237 58.43376118689775 1183.199939310551 268.125907599926 1679.837355129421 40.99884773045778 8.452264651656151 139.444742642343 6.061414867639542 0.1510385721921921 3.346285097301006 0.2208926677703857 0.5534835457801819 0 0 1.098923712968826 12.01104456931353 0.322056919336319
706.4641788601875 1150.483573652804 0 31.7768737077713 718.9563413485885 14.66632778942585 45.90745577216148 3750.255939945579 908.2513335719705 11.80244356393814 3370.180367738008 8.090926125645638 140.2870270162821 512.1508353054523 50.080008931458 3.829814672470093 5.861434370279312 2.789293736219406 0 9.15493755787611 11.88348689675331 0.3042613118886948 1.933374583721161 0.9937176555395126 54.22687236964703 14.11979811638594 4.969347968697548 3.029323846101761 1.906448237597942 0.7207775339484215 7690.539378210902 259.0133355855942 90.81488610804081 0 0.4475564211606979 118.7116776704788 54.24922868609428 61.75273015350103 3.686830654740334 20.69568460434675 36.54291948676109 9.886232115328312 2.186151653528214 0.3807838559150696 0.2273480892181396 0.3572750836610794 94.97349579632282 11.13177070021629 4.747890681028366 5.099229626357555 18.00809861719608 3.164930462837219 0.473363995552063 9.157063074409962 15.75565966963768 82.83585806936026 72.70070552825928 1093.02965926379 29.76618642359972 32.70771358907223 6.474661469459534 33.62542840093374 11.06965674459934 600.7384237274528 20.03099835664034 8.586022242903709 13.18473870307207 17.81090669333935 20.37958054989576 60.72647165507078 26.26161828637123 14.30569671094418 0.5355828776955605 233.1080616042018 65.20841468125582 41.97051315754652 11.08547322452068 5.291385263204575 695.5571282505989 2515.758148133755 71.61673732101917 1217.834036439657 43.42981313914061 6.448697030544281 2.99216990172863 43.44802639633417 11.37863992154598 3.49815758317709 8.509525693953037 3.685200586915016 4.139266565442085 2.700785085558891 16.07078881561756 9.270759634673595 8.24755322933197 27.87716962397099 5.029581174254417 0 0.9930887818336487 202.4113332405686 0 0 0 0 0 0 0 0 0.6808764338493347 0 0.914484977722168 1.947066321969032 1.727832064032555 2.213447943329811 2.229160204529762 0.1560630351305008 0 0 0 0.1557372510433197 0 0.1878188103437424 0 0 1.234607011079788 2.036999836564064 0 0.2009401768445969 1.664641588926315 0.6877270638942719 0.2633296996355057 0.4814027398824692 5.241932481527328 0 0.195417732000351 0 0 0 0 4.867608726024628 1.305129811167717 6.569329939782619 6.180050924420357 3.18805006891489 1.087572067975998 0.125405341386795 0.3610142916440964 0 0 0 1.878872275352478 0 0.1122325584292412 0 0.2125765085220337 0.582857221364975 0.5199138820171356 1.027958363294601 0 0 0 0 0 0 0 0 8.424996733665466 0 0 0 0.2264250963926315 0.1007131859660149 0.7235633134841919 0 0 2.201120063662529 3.853303678333759 2.302372470498085 0 0.4286003112792969 0.5625732839107513 1.144878298044205 0 0.6455437839031219 0 0.4723892956972122 0.1641595363616943 0 0.1204800382256508 0.2430995181202888 0 0 0 0.4768337979912758 0.5843752324581146 0.1237534433603287 0.2224864214658737 0.2280500531196594 1.053758755326271 6.910663425922394 183.90037509799 30.82812732458115 418.8785583674908 73.00987283885479 250.5073111355305 13.9712428599596 4.295261889696121 36.0618519410491 5.659585654735565 0.1404941827058792 0.6470067873597145 0.9296159893274307 0.3871966600418091 0 0 0.7481132596731186 2.531142443418503 0
1604.801163896918 705.3732129633427 31.7768737077713 0 139.2038350999355 259.1212755739689 1892.234347388148 0.2931205034255981 123.1609019190073 6780.981147751212 12.01561902463436 345.7273078113794 2404.538627430797 457.847700253129 2.692221090197563 0 0.1065337732434273 0 0 0 0 0 0 0 0 0.169709786772728 0 0.3011994361877441 0 0 21.36994911730289 0 0.4634031355381012 0 0 0 7.62252251803875 0.3373834192752838 0.233027845621109 0 0 0.3081727400422096 0 0 0 0 3.693629316985607 1.229354076087475 0 0 0 0.2025435566902161 0 0 2.229884393513203 14.02762867510319 14.98812594264746 51.12517327815294 5.662103034555912 3.845604971051216 0 0.2910743355751038 0 0.7535044848918915 2.998461410403252 0.8019134402275085 0.2084819003939629 0 0 0 21.98521776497364 8.198382377624512 0.5238205939531326 31.06172008067369 10.40128789097071 5.213102616369724 0.2523473501205444 0.6372381895780563 0 1.394912227988243 0 0.106900081038475 5.752616629004478 1.392841979861259 0.5696053132414818 5.691312499344349 0.409313477575779 0.1111801341176033 1.493951395153999 0 0.2299464493989944 0.2931919097900391 0.2039743065834045 0.2356446087360382 0 274.0570271909237 4.981310874223709 0.2390213906764984 0.4811749756336212 100.7954262942076 0 0 0 2.203343197703362 0.5030783116817474 3.491324782371521 0.1831498444080353 1.154385685920715 162.8012684583664 5.909224033355713 0.7560797184705734 6.447240337729454 13.47925826907158 28.01449938118458 10.91345983743668 0.2187629044055939 0 0 0 0 0 0 0 0 0 0 0 0 0 0 0 0 0 0 0.6178103685379028 0.4286675751209259 0 0 0 6.776968270540237 0 7.090828090906143 1.400285094976425 0 0 0 0 0 0 0 0 0 0.2258329093456268 0.5303946137428284 0 0 0 0 0.1097221821546555 0 0 0 0 0 0 0 18.12111534178257 0 0.4257939457893372 0 0 0 0 0 0 0 15.30507333576679 0.5941064357757568 0 0 0.487074077129364 5.018432185053825 0 2.313921570777893 0.2669210433959961 0.22038833796978 0 0 0 0.3144745230674744 0 0 0 0 0 0 0 2.773341372609138 3.488157749176025 9.084436699748039 66.79231347888708 7.052288040518761 122.5035749748349 22.32519002258778 560.045454531908 6.222061641514301 0.2997714579105377 11.1030855178833 7.156424477696419 0 5.55002324283123 1.27863821387291 0 0 0 0.4807156324386597 2.484374716877937 0
1202.736571423709 6837.347587607801 718.9563413485885 139.2038350999355 0 22.19496409595013 2742.737543664873 204.1204580739141 8887.957721322775 236.1464635282755 1624.656883522868 11.39876975119114 343.4701133370399 888.0066451877356 38.83570075780153 0.2259603887796402 0.7951519414782524 0 0 0.4053183421492577 0 0 0 0.2593669146299362 0 2.946774989366531 0.8389463052153587 1.977318353950977 1.100727707147598 0.9281342327594757 414.78715467453 4.25889265537262 6.093699753284454 0 0 0.7984439581632614 9.385020598769188 0.4049767628312111 0 0.5345862656831741 1.937916606664658 2.125669069588184 0.7586517333984375 0 0 0.1890409588813782 104.3337435498834 9.868312008678913 0.8213615864515305 0.1141052916646004 2.755777649581432 0.2146905660629272 0 3.337067916989326 20.69619044661522 102.5007544830441 38.02371243387461 211.6091031655669 40.69742505997419 69.2149521484971 0.1397823989391327 1.869734019041061 0 51.90746110677719 28.10190322250128 11.92689181119204 8.550390847027302 3.845096006989479 0.7693459987640381 0.9427497833967209 19.15478712320328 5.31088550388813 1.167095512151718 217.7047709673643 44.40002115815878 58.42811565101147 7.321849897503853 1.333574675023556 0.5184191167354584 36.28549285233021 0.4074527621269226 3.558301068842411 58.61724560707808 7.1330546438694 5.350935660302639 54.70942263305187 1.709962010383606 2.076259016990662 14.80847769230604 1.24346250295639 4.930915705859661 3.670008704066277 1.457456015050411 2.905669935047626 4.995247699320316 23.96627563238144 0.8074498772621155 0 0.1823686957359314 80.61716747283936 0.1549112945795059 0 0.5660949349403381 2.217247098684311 0 3.265412911772728 0 2.220817178487778 2.396799236536026 3.298882275819778 0.2072725147008896 10.91328679025173 8.39220854640007 21.6604520380497 9.620141476392746 0.3798853158950806 0 0 0 0 0 0 0 0 0 0 0 0 0 0 0 0 0 0 0 0 0 0 0 7.192717716097832 1.674357578158379 4.975962087512016 0.7842693477869034 0 0.129055380821228 0.148183673620224 0 0 0 0 0 0 0 0.3770397007465363 0 0.6358435451984406 0 0 0 0 0 0.1468355804681778 0 0 0 0 16.49236311018467 0 0.3222601711750031 0.1234705597162247 0 0.2479114457964897 0 0 0.2513346672058105 0.9688886851072311 17.2629963234067 1.175295144319534 0 0 0.9112242162227631 1.799412414431572 0 0.9092662185430527 0.3590291142463684 0 0.3433196842670441 0 0 0.4957917481660843 0 0.09887770563364029 0 0.7301905155181885 0.3151158094406128 0 0 2.023073211312294 4.303764596581459 9.802580460906029 391.4166986048222 61.98204705864191 820.0941673964262 220.7868868410587 419.5395329222083 25.24543385952711 6.591958247125149 113.483688659966 6.562019996345043 0.1046455651521683 4.584047809243202 0.3057631552219391 0.6722389161586761 0 0 0.9919417202472687 6.289916947484016 1.113899692893028
190.454465046525 150.1202297061682 14.66632778942585 259.1212755739689 22.19496409595013 0 104.741620823741 3.579521507024765 12.84235022962093 896.7658662348986 8.641739130020142 255.239844173193 348.4886027723551 48.99120604991913 0.4970588386058807 0 0 0 0 0 0 0 0 0 0 0 0 0 0 0 11.62893022596836 0 18.28552122414112 0 0 0.9417108595371246 23.51419946551323 0 4.290812611579895 0 0 0 0 0.1471035331487656 0 0 1.296317458152771 0 0 0 0 7.204241171479225 0 0.1411747485399246 0 2.4496004357934 102.8046288788319 111.1438994109631 21.94943751394749 0.6664337962865829 0 6.502695649862289 0 0 0.3907816410064697 0.3013058006763458 0 0 0 0 152.1856599152088 147.7081987559795 13.54559673368931 2.999405175447464 0.390744537115097 0.1556819528341293 0 0.1508547961711884 0 12.81849338114262 0 4.092013150453568 0.2978818118572235 3.912007406353951 0 2.711764007806778 0 7.917267665266991 4.602493613958359 10.81625851988792 0.9410457760095596 4.93513548374176 0 0.2714172303676605 0 735.9363553524017 173.3376942873001 6.151632338762283 15.5535639077425 608.7362312972546 0 0 0 0 0 0 0 0 4.239474087953568 0 0.2016032636165619 1.010631218552589 3.38953509926796 8.039986774325371 3.460488274693489 0 0 0 0 0 0 0 0 0 0 0 0 0 0 0.1578620821237564 0 0.6816669404506683 0 0 0.1874031126499176 0 0 0 0 3.897756770253181 0 2.474280074238777 5.855116456747055 0.8988672941923141 0 0 0 0 0 0 0 0 0 0 0 0 0.5709332376718521 0 0 0 0.4692858755588531 0 0 0 0 0 4.063797891139984 0 0 0 0 0 0.8108425736427307 0 0 0 4.809897035360336 1.764375314116478 0 0 0 0.8439127951860428 0 0.5195907801389694 0 0 0 0 0 0 0.1761670410633087 0 0 0 0 0 0 0 1.646147295832634 6.118235155940056 14.42653576284647 0.9393279254436493 10.987803183496 1.237984776496887 208.5498213022947 5.707137629389763 0 3.480618566274643 1.628012754023075 0 0.5423646122217178 0.5514960885047913 0 0 0 0 0.1914346218109131 0
742.5560421943665 7011.879299141467 45.90745577216148 1892.234347388148 2742.737543664873 104.741620823741 0 6.500069923698902 3317.367146149278 1602.485434807837 50.0366182923317 34.65695255994797 1802.2998778373 3017.479931354523 46.44005859643221 0.1641042679548264 0.8094858974218369 0.3445752933621407 0 0 0 0.5283118188381195 0 0.2926621586084366 1.096792101860046 2.961742453277111 0.9938561767339706 1.854702487587929 1.601076073944569 0.7939815446734428 114.5612999200821 2.595832102000713 10.09340998530388 0 0 0.5829250663518906 11.94038050621748 0.5588224828243256 0.1680801957845688 0.3392180725932121 1.323500655591488 2.413454137742519 0 0 0 0 117.582716114819 9.665226988494396 0.8386416509747505 0.279932051897049 2.24976858496666 0.3882127404212952 0 3.779001079499722 16.30241619795561 78.02118356525898 30.46976461261511 124.6647925153375 46.61357066780329 68.92409044504166 0.3928630948066711 1.923179440200329 0 27.80705804377794 22.15208894014359 7.22162614017725 8.005376435816288 1.977402605116367 0.3909958302974701 0.3845788016915321 42.67070671916008 19.88829880952835 0.3742975145578384 206.3169874027371 36.57564568519592 59.47805886715651 5.305579416453838 1.276634469628334 0.8878691792488098 6.844454742968082 0.6967384442687035 2.419366635382175 58.08699589967728 5.192713335156441 3.030571892857552 44.93716131895781 2.207376763224602 1.147197052836418 12.33903408795595 0.9889124482870102 5.061661139130592 2.925817027688026 0.9183479100465775 3.250885218381882 4.304903402924538 141.5526593923569 4.638785839080811 0 0 45.5237148180604 0.8463672995567322 3.308450117707253 80.98824392259121 45.53122442960739 1.149225980043411 18.36813986301422 6.394416719675064 14.06871140003204 28.92119352519512 14.06927238404751 9.191223785281181 79.77649968862534 47.33848606050014 87.08923842012882 49.13786841928959 1.161081194877625 0 0.1816398799419403 0 0 0 0 0 0 0 0.1928222328424454 0 0 0 0 0 0 0.1378463804721832 0 1.269502818584442 0.2940036952495575 0 0 0 33.58202236145735 2.301018506288528 25.10676744580269 2.74841496348381 0 0.324777215719223 0.1446802020072937 0 0.1336662322282791 0 0.2358722537755966 0 2.121917590498924 6.128776617348194 0 0 0 0 0.4032929688692093 0.4689274653792381 0.490681916475296 1.205121360719204 0.1505747437477112 2.767373397946358 0 0 0 82.37446546554565 0.7156748026609421 1.145968042314053 1.187283493578434 0.1523730456829071 0.5691339522600174 0.4841666221618652 0.2988042905926704 0 0.8499776571989059 54.56725633144379 4.190498739480972 0 0 0.2700425684452057 12.33451166749001 0.508506715297699 5.714996084570885 2.623674973845482 3.003318935632706 3.126633577048779 0.749383419752121 0.1554852873086929 1.159060589969158 0 0 0 0.3401769623160362 0.4531470388174057 0 0.1551905572414398 7.517666578292847 13.90141749382019 39.18881310522556 690.2850240767002 73.14813830703497 990.2581961080432 312.9778005555272 675.0230316519737 31.71292961388826 8.068125255405903 210.3046275600791 26.99442374706268 0.3057098910212517 20.06305132806301 3.43941842019558 5.256763428449631 0 0.2748530954122543 7.684557512402534 16.1970037817955 0.7602351158857346
124.4347838610411 308.0644510760903 3750.255939945579 0.2931205034255981 204.1204580739141 3.579521507024765 6.500069923698902 0 199.7322449535131 1.364420711994171 1692.519459232688 0.9222250282764435 74.50690403580666 163.5213862210512 36.77171927690506 1.079242542386055 1.692262686789036 1.008502438664436 0 6.33840573579073 8.234929621219635 0.7689856290817261 1.11164665222168 0 20.12772597372532 3.288999974727631 1.459873646497726 0.6413348317146301 2.88420033454895 1.22060863673687 1339.715020045638 698.6755924969912 43.41839422285557 0.158698782324791 0.1650778949260712 35.77008859813213 32.42864370346069 24.42002005875111 2.973859041929245 12.98854905366898 13.13056414574385 5.051821574568748 2.287308290600777 6.239142894744873 0 0.229158878326416 70.02777647227049 4.719108000397682 1.737347364425659 3.770447611808777 5.625152215361595 2.686593189835548 0 4.357239082455635 7.07687471061945 31.13313214480877 20.66964470595121 191.8181267678738 11.35860425233841 23.89927002042532 25.74376538395882 18.73800453543663 1.632643565535545 93.1794780343771 8.2926886677742 4.731595158576965 5.928710304200649 4.153286479413509 10.77796187996864 39.71443396061659 12.39479272067547 8.461989238858223 0.3599388301372528 87.25093046575785 30.10545890778303 34.12599754333496 76.84074296057224 269.668355345726 2242.301065325737 2902.186310753226 402.356149315834 2040.555608041584 23.81220693141222 0.8835914954543114 1.184498466551304 15.96472016721964 7.350822441279888 0.3208288624882698 4.092753946781158 1.141347728669643 1.534782528877258 1.644733458757401 4.698461160063744 2.026857361197472 4.20107626914978 10.18755410611629 6.272318318486214 0 0 57.90048241615295 0 0 0 0 0 0.2305017113685608 0 0 0 0 0 0 0.3892960250377655 1.860685169696808 1.559720098972321 0 0 0 0 0 0 0 0 0 0.6694743037223816 0.1567502468824387 0 0.5993615686893463 0 0.3683702945709229 0.5292375683784485 0.4798232018947601 2.009908199310303 0.1533116549253464 0 0 0 0 0 3.02213491499424 0.2638508975505829 2.105378746986389 3.567401394248009 1.706933453679085 0 0 0 0 0 0 0.2225644290447235 0 0 0 0 0 0.177108034491539 0.5220108330249786 0 0 0 0 0 0 0 0 3.476033583283424 0 0 0 0.2206283360719681 0.2237149327993393 0 0 0 1.196059346199036 2.478090316057205 1.087909162044525 0 0.41635662317276 0.2828553318977356 0.7626017332077026 0 0.5016918629407883 0 0 0.1404584795236588 0 0.323678195476532 0 0 0 0 0.4246814921498299 0 0 0 0 0.6378924995660782 2.50252828001976 101.5264311432838 11.57083851844072 272.9500470981002 58.52292177826166 55.40249168127775 4.133043333888054 1.918843895196915 30.24062778055668 2.740933433175087 0.1499001085758209 1.646101176738739 0.1345798373222351 0.2921682894229889 0.2839871048927307 0 1.314068794250488 1.998550340533257 0
174.0331960767508 2605.772863835096 908.2513335719705 123.1609019190073 8887.957721322775 12.84235022962093 3317.367146149278 199.7322449535131 0 370.8666076660156 2036.173384666443 35.41111341118813 1258.552727043629 3726.039578571916 66.56397681683302 0.4789134562015533 1.012298434972763 0.9197400063276291 0 0.1611692607402802 0 0 0 0.3285043835639954 1.014537811279297 2.649936601519585 1.028583616018295 2.262512125074863 0.9463081359863281 0.8337191939353943 127.5255832225084 2.402376174926758 19.97533738613129 0 0.1180900037288666 3.883967861533165 24.72144972532988 2.373400568962097 1.146260768175125 1.089081689715385 3.099219545722008 1.696041613817215 0 0.1768740713596344 0 0 141.5774557441473 8.186405755579472 0.6319895014166832 0.4754291102290154 3.002655640244484 0.183894157409668 0 2.937330670654774 7.430852793157101 34.59939769655466 20.13519885390997 62.39940928667784 31.82942125201225 55.65577847510576 0.5748609006404877 2.385392487049103 0 25.3387648910284 13.95141506940126 6.665186874568462 4.364005863666534 4.072432957589626 0.6278496161103249 0.7553947865962982 48.96650461852551 21.18105018138885 0.3508546352386475 131.7081878632307 23.95166803151369 60.39005314558744 8.089721389114857 2.518491961061954 0.2266835570335388 10.82809901237488 0.9010744616389275 4.893940076231956 34.66099794209003 2.80523319542408 2.583985634148121 24.86647148430347 1.42768407613039 0.9930150806903839 9.197084009647369 1.222467847168446 4.512530513107777 1.234304368495941 0.8050388395786285 2.766806110739708 6.032619066536427 82.1338983476162 0.9938628673553467 0.2136042267084122 0.6439667344093323 22.57534351199865 0.3122428953647614 0 1.760572761297226 2.85869188606739 0.1539375483989716 6.531711623072624 0.4966883659362793 6.301456108689308 8.859742701053619 13.1284981071949 6.764374479651451 22.27548517286777 57.02074830234051 76.17520731687546 43.98932678997517 0 0.2453313767910004 0 0 0 0 0 0 0 0 0.170878067612648 0 0 0 0 0.193600058555603 0 0.8344252929091454 0.2097831517457962 1.567249797284603 0.4932066351175308 0 0 0 30.57770520448685 4.703657150268555 18.78208638727665 2.69682751595974 0.4856238663196564 0.1315680891275406 0 0 0 0 0.241016760468483 0 0.4023440256714821 2.648569464683533 0 0 0 0 0.1752555072307587 0 0 0 0 0.1617716401815414 0 0 0 72.83905304968357 0.5626153200864792 0.5895320177078247 0 0 0.1140404269099236 0.1624565720558167 0 0.1697414517402649 0.399882510304451 59.72749819606543 2.597075507044792 0 0 0.6966695189476013 6.964260056614876 0 6.090852215886116 0.2817597091197968 0.9542985484004021 0.4243423193693161 0.6639718264341354 0.4067396074533463 0.4039657115936279 0.1466639190912247 0 0 0.2173635140061378 0.1635122299194336 0 0 1.955147385597229 12.1877321600914 33.95806616544724 522.9927079826593 56.1009885519743 705.2464413270354 247.1730002984405 142.7630561813712 21.18271356076002 4.943049892783165 175.5914643779397 21.60329532623291 0.4655738770961761 14.31652078777552 3.291393175721169 1.600806266069412 0.8017504513263702 0 4.279597848653793 6.554323703050613 0.7045683115720749
2078.785120025277 876.4512320607901 11.80244356393814 6780.981147751212 236.1464635282755 896.7658662348986 1602.485434807837 1.364420711994171 370.8666076660156 0 43.46092389523983 3388.528492078185 9504.013963356614 665.764481395483 11.59578198194504 0 0 0.1793080121278763 0 0 0 0 0 0.2308726906776428 0.3495341539382935 0.3099635094404221 0.2787812799215317 0 0 0.2240386158227921 10.98316098749638 0.1904356628656387 21.81113660335541 0 0 0 40.19605825841427 0.5000695586204529 0.8438739478588104 0.2576704919338226 0.9299163520336151 0.1443536430597305 0 0 0 0 18.74451849609613 1.622689940035343 0 0.1220670640468597 0.1129483431577682 0.4504774808883667 0 0.3114467859268188 4.507492981851101 23.39137949049473 19.18517022579908 44.96859403699636 10.38134661316872 8.854013569653034 0 0.276684932410717 0 2.395582839846611 4.08228500187397 1.101776286959648 1.011238135397434 0.1077705472707748 0.1113955974578857 0 178.7724786102772 39.21949906647205 0.8053161054849625 54.13279550522566 12.0072343274951 10.01884616166353 0.3432426899671555 0.4298470318317413 0 7.487468674778938 0 0.5133119374513626 12.11732330918312 1.307342246174812 0.4220078662037849 8.937480568885803 1.081932112574577 0.8548814281821251 2.451962485909462 0.7144655883312225 0.4827147200703621 0.367301270365715 0 0.7710263878107071 1.088295146822929 1212.837910071015 10.79883705079556 1.018062323331833 5.244755193591118 235.8807565495372 0.9792304337024689 25.4622710943222 81.30137683451176 550.2759372889996 1.313133060932159 20.45967450737953 48.80019846558571 13.41975477337837 245.1107190996408 65.29001225531101 14.15403999388218 71.1519200950861 166.7017816901207 220.5728611052036 83.18612153828144 1.228149190545082 0 0 0 0 0 0 0 0 0 0 0 0 0.1330781430006027 0.3401930332183838 0 0.1884765923023224 0 0 4.17068538069725 0.1462266147136688 0 0 0 39.88733112812042 4.682717695832253 35.26577487587929 4.761119246482849 0.1796651482582092 0 0 0 0 0 0 0 1.502738013863564 7.830282583832741 0.5042199492454529 0.229341521859169 0 0.1575562208890915 0 2.014305427670479 1.315456748008728 0.4985733330249786 0.5462140738964081 1.097854942083359 0 0 0 129.6690245419741 0 0.8570205867290497 0.9697123244404793 0.1065771579742432 0 0 0 0 0.1745689958333969 94.32682083547115 4.868888705968857 0.2209521979093552 0 0 25.204659730196 0 9.364230707287788 0.927659772336483 2.671720989048481 3.417354613542557 0.965640515089035 0.304125115275383 0.3632879853248596 0.3087796419858932 0.1203198730945587 0 0.1598109304904938 0 0 0 10.09454475343227 13.16224759817123 52.25017555058002 238.2686784937978 11.79994425177574 248.6217214092612 72.9619574919343 1352.471076197922 9.27578604221344 2.779537908732891 60.31339605152607 38.29485212266445 0.9305596351623535 28.52895990759134 2.964069083333015 23.15371450781822 1.738163724541664 0.187501922249794 3.543730348348618 27.45060910284519 0
513.797783896327 1675.439130723476 3370.180367738008 12.01561902463436 1624.656883522868 8.641739130020142 50.0366182923317 1692.519459232688 2036.173384666443 43.46092389523983 0 67.53414811193943 1743.173395454884 4708.984136879444 48.04874543845654 0.9466414600610733 2.50809171795845 1.673521488904953 0 1.030790477991104 3.947102829813957 1.641880571842194 0 0.1720697283744812 17.35420888662338 2.984920457005501 1.801683023571968 0.9951950311660767 4.508812487125397 1.117442145943642 729.442349858582 15.58022272586823 1026.331711784005 0 0 26.40046641230583 419.9491906911135 24.35218368470669 3.249989941716194 13.57427130639553 6.672554194927216 2.92863517254591 0 0.5429650992155075 0 0 88.28306879103184 3.173346720635891 1.570736654102802 0.3064510077238083 2.857972227036953 5.729006320238113 2.393405184149742 5.834605515003204 4.388076171278954 25.3866975903511 15.02312907576561 110.2084854319692 18.76112485677004 34.4533349648118 1.037246942520142 5.068902313709259 2.832518383860588 14.21017603576183 7.826043374836445 2.39756765216589 3.283048115670681 1.655171006917953 0.1395520716905594 3.812551185488701 181.1792498528957 47.21508534252644 1.332704186439514 72.68635386973619 20.65847381949425 37.14027819782495 7.854160204529762 1.028855964541435 4.101074427366257 1542.269479706883 0.7092089354991913 19.53054446727037 17.06100764870644 2.313746429979801 1.099281214177608 15.85516968369484 0.4951636865735054 0.883314847946167 7.458343125879765 4.687084041535854 3.38008139282465 3.795707866549492 2.545157983899117 1.272631831467152 2.751164436340332 137.3862775415182 22.45285539329052 3.097891718149185 4.977205514907837 77.05547776818275 0 0 0 0.805834099650383 0 1.424645304679871 0 0.4443663060665131 0.1895973235368729 2.616735577583313 0.7800003737211227 1.243647664785385 4.966339528560638 11.73703373968601 6.309498071670532 0.5320652425289154 0 0 0 0 0 0 0 0 0.4862249940633774 1.183610796928406 0 1.090014398097992 1.850397765636444 0.3251490741968155 0.2930449247360229 3.770789936184883 3.800935551524162 0.7872001379728317 0.4621468931436539 0 0 0 0 13.3985770046711 3.439950004220009 15.38617669045925 14.81658996641636 7.960578113794327 0.164674386382103 0 0 0 0 0.3319828808307648 0 0.7100296914577484 1.141503289341927 0 0 0 2.319303318858147 0.3539482057094574 0 0 0.1126647591590881 0 0 0 0 0.5620718002319336 17.14055615663528 0.3323937952518463 0 0 0.3638002946972847 0 0 0 0 1.01753331720829 15.19253143668175 5.204657658934593 0 0 0.3355478942394257 2.699282720685005 0 2.330335780978203 0 0.2580702006816864 0.6162437796592712 0.1637557744979858 0 0.312013640999794 0 0.3621389269828796 0.1294473856687546 0.1696724742650986 0.2865821421146393 0 0 1.527425304055214 6.249777525663376 13.25251518189907 276.1204165890813 20.97394712269306 349.8070980384946 97.64986290037632 114.0285363420844 7.704326413571835 2.738453842699528 84.59295433759689 13.24495307356119 0.2360257804393768 2.943686410784721 0.1081700846552849 0 0 0 2.349977746605873 5.805726274847984 0
217.9938067346811 24.73569406569004 8.090926125645638 345.7273078113794 11.39876975119114 255.239844173193 34.65695255994797 0.9222250282764435 35.41111341118813 3388.528492078185 67.53414811193943 0 2814.941833674908 100.0030228346586 6.155252769589424 0.3217509686946869 0.3353085815906525 0 0 0.750020906329155 0 0.2131402045488358 0 0 0.3333446383476257 0.261198878288269 0 0 0.3789350986480713 0 5.088379219174385 0.158288761973381 41.50325866043568 0 0 0.6818825155496597 32.72848208248615 1.695328757166862 0 0.1818739771842957 0.176105409860611 0.3884011656045914 0 0 0 0 4.424265906214714 0 0 0 0.1718399673700333 1.305275142192841 0 0.3363400250673294 0.1418218612670898 1.455676421523094 3.538571491837502 8.906303480267525 2.306101769208908 1.013271555304527 0 0 0 0.5351701825857162 0.1613529324531555 0 0 0 0.1699642986059189 0.2413901835680008 50.66048237681389 22.70121970772743 0.4728881865739822 4.405522689223289 0.5731861591339111 3.942843392491341 0.9867278784513474 0.289604514837265 0 36.28478666394949 0 0 0.3335991501808167 0 0.1171979680657387 0.2426968514919281 0 0.4239422529935837 0.3367140889167786 1.491818651556969 0.1936741173267365 0.521666407585144 0 0 0.3544399589300156 1981.116816833615 18.72858080267906 2.135442495346069 10.628916233778 142.6485570669174 0.5128693133592606 0 0 2.932609215378761 0.641715481877327 9.307308256626129 0.4357763826847076 7.320058077573776 5.535453408956528 9.688696876168251 4.963916286826134 29.26543533802032 43.82079027593136 77.9343134611845 40.62044414877892 0.394897073507309 0.1808173805475235 0 0 0 0 0 0 0 0 0.1577897518873215 0 0 0 0.1868238002061844 0 0.2366793900728226 0 0 1.307285651564598 0.4537613093852997 0 0 0 25.69812603294849 1.33753989636898 15.06129224598408 0.4088127166032791 0.5446847677230835 0 0 0 0 0 0 0 0.7681798338890076 1.328554943203926 0 0.5272349119186401 0.4182049185037613 0.1547752469778061 0 0 0.1074588224291801 0 0.1042425706982613 0 0 0 0 56.50568264722824 0.1343175768852234 0 0.3080231621861458 0 0 0 0 0 0.3650887906551361 48.88492442667484 2.07924148440361 0 0.29295414686203 0 6.219757601618767 0 1.525430232286453 0.3099022805690765 0.74717116355896 0.9173907935619354 0.8310998380184174 0 0 0 0 0 0.3023029267787933 0 0 0 3.966145798563957 12.27063916623592 29.54892782866955 79.68782085180283 2.943130508065224 32.24368384480476 17.75376545637846 143.984007447958 0.5131577402353287 0.3729599714279175 20.94284117221832 15.89415910840034 0.4173796027898788 9.58940177410841 1.489811055362225 1.903474643826485 0.5706324577331543 0 2.446671947836876 0 0
681.8241581916809 1555.059669852257 140.2870270162821 2404.538627430797 343.4701133370399 348.4886027723551 1802.2998778373 74.50690403580666 1258.552727043629 9504.013963356614 1743.173395454884 2814.941833674908 0 3848.740388393402 123.3727898746729 1.696155786514282 3.036698088049889 1.95190466940403 0.2460744827985764 2.030764222145081 2.256098628044128 0.9085225164890289 0.352793425321579 0.2917943000793457 20.03652942180634 6.446003668010235 2.897078901529312 2.47243595123291 2.190703243017197 1.159218534827232 89.73299460858107 9.874666325747967 591.7190369963646 0 0.2629143595695496 33.07836255431175 326.8573610931635 16.36178313195705 97.55415603518486 15.46734350174665 6.967342399060726 5.725985951721668 0.5603523254394531 0.9404844343662262 0 0 156.2924316301942 5.811778582632542 2.229899533092976 0.2708346247673035 5.054093934595585 4.125316008925438 7.624604165554047 6.216137394309044 6.793578557670116 29.81960295140743 24.71916673332453 65.82536601275206 41.6101022362709 43.3865640386939 0.2024130970239639 52.03466504812241 1.82167361676693 22.45684356987476 9.132502071559429 5.359188497066498 4.582090325653553 3.082870215177536 1.429917350411415 4.250309072434902 406.81827442348 188.6924587190151 1.804819583892822 115.5164957046509 24.7190755456686 74.23538859188557 14.28172922879457 2.92033177614212 1.586674988269806 363.6517080664635 0.8271952420473099 18.52443562448025 30.37868963181973 2.098853141069412 3.120021313428879 21.18136759847403 2.492479205131531 1.867353953421116 9.185468107461929 3.869598232209682 5.022205479443073 4.822104312479496 3.325185753405094 2.966039873659611 5.626760937273502 3978.720653042197 115.2187111377716 11.98796553909779 131.4111876487732 235.2797393351793 0.6856265887618065 4.495600253343582 36.92814353108406 47.97726459801197 2.233297005295753 49.42023140192032 7.371359422802925 25.81823091208935 64.58225321769714 52.01561921834946 23.30519112944603 119.7936688661575 214.5417314022779 379.4796317070723 225.3210291564465 4.841732077300549 1.19629293680191 0.5302761495113373 0.1234226748347282 0 0 0.5482532829046249 0 0 0 0.8050654828548431 0 0.2847592681646347 0.4929924011230469 1.216326005756855 0.4249704033136368 1.353611156344414 1.594869613647461 0.1573560982942581 11.11582551896572 3.695084072649479 0 0 0 158.8184827715158 17.98536947369576 109.32149964571 26.4774447530508 2.747685924172401 0.1489040404558182 0 0.1502892971038818 0 0.1063102185726166 0 0.756089985370636 5.45493420958519 18.57123651355505 0.4768280833959579 0.5985683873295784 0.5340057909488678 1.972750768065453 1.170199453830719 0.1787626147270203 1.816483564674854 0.2202421575784683 0.4368984550237656 0.8972106277942657 0 0 0 334.2204515784979 2.361545488238335 1.087837040424347 0.2551413476467133 0.2412070333957672 0.4421044439077377 0 0 0 0.5850496292114258 315.8433887735009 24.04896672070026 0.941496878862381 0 0.7065557986497879 39.11534182727337 0.5179507881402969 19.62706644833088 1.486569233238697 4.340443752706051 6.927845276892185 1.369188755750656 1.480677381157875 0.5040379241108894 0 0.3599122762680054 0.173751026391983 1.579403348267078 0 0.2369021773338318 0 17.80346423387527 73.00894263386726 216.1720807254314 1060.210568651557 76.03846546262503 829.6184206530452 318.9871641844511 614.032719001174 19.21983676403761 5.071334540843964 286.5340563133359 85.50479953736067 2.085328154265881 57.04579067230225 15.14167004823685 13.15140517801046 2.172016367316246 0.2379222884774208 21.95934484899044 15.59344984591007 4.049555540084839
347.5812740921974 1959.005930371583 512.1508353054523 457.847700253129 888.0066451877356 48.99120604991913 3017.479931354523 163.5213862210512 3726.039578571916 665.764481395483 4708.984136879444 100.0030228346586 3848.740388393402 0 99.96163622289896 3.018590465188026 4.468452356755733 2.350427240133286 0 2.551158517599106 0.6224827766418457 1.354399010539055 0.4227635264396667 0 15.45856775343418 4.365472435951233 2.555194422602654 2.282082602381706 1.642541542649269 1.322322741150856 169.1747663766146 9.248338952660561 1386.967240914702 0 0 22.56343415379524 1512.075085937977 20.20853252708912 7.594898194074631 9.686362415552139 6.761678196489811 4.744253978133202 0.1860496401786804 1.071915790438652 0 0.6637894511222839 140.0253365263343 7.697311908006668 1.082107879221439 0.4818207621574402 4.618155308067799 5.0379339158535 1.875531539320946 5.566583134233952 4.629103280603886 27.20875087380409 20.44202595949173 58.21815844625235 28.8908207565546 38.57899510115385 0.3108220994472504 11.95516538619995 3.153235822916031 23.54331606626511 9.798642367124557 3.8410939052701 4.593016467988491 2.287173591554165 2.664901196956635 7.951960623264313 322.4663956463337 70.69839957356453 2.120573326945305 86.81726194173098 24.34349962323904 63.25959336012602 8.760809756815434 3.488820105791092 1.10380756855011 559.892912119627 0.4987516328692436 11.67187708616257 25.70119185745716 2.40056349337101 1.871812544763088 18.63106375932693 1.822336040437222 2.094509303569794 8.645205169916153 3.343512810766697 4.571184791624546 3.807305723428726 1.846374958753586 3.129755116999149 4.374405711889267 517.6181241646409 21.20102049410343 4.03618423640728 6.596403658390045 60.04269467294216 0.330390453338623 0.1396897733211517 2.085869148373604 2.260516747832298 0.8379904180765152 9.377076178789139 1.265815675258636 6.135802358388901 10.04921251535416 12.66719488799572 4.459647551178932 25.45266854763031 44.46704466640949 103.4715121090412 54.63454850018024 1.02701310813427 0.6048484593629837 0 0 0 0 0 0 0 0.2779580652713776 1.076928451657295 0 1.995946660637856 1.059830650687218 1.182044290006161 0.3677271902561188 2.928188726305962 4.602208524942398 0.5443762689828873 2.935607329010963 0.686040386557579 0 0 0 51.20329275727272 5.05417400598526 34.25593128800392 13.33003226667643 5.803344652056694 0.7764536291360855 0.4759708344936371 0.4192678779363632 0 0 1.275095224380493 0.2339490205049515 1.525311656296253 6.064271099865437 0 0 0 1.817339777946472 0.2880266010761261 0 0.3086094409227371 0.1238395124673843 0 0 0.5739620923995972 0 0 93.91600321233273 0.7751155719161034 0.2491621822118759 0.3605571538209915 0 0.2490520626306534 0.8057531118392944 0 0 1.464315816760063 80.53669990599155 7.1986985206604 0.4085002541542053 0.2077898979187012 0 12.28906852006912 0 6.703880935907364 1.863892927765846 0.9293106868863106 2.308439992368221 0.6374600827693939 0.3069353848695755 0 0 0.3061708807945251 0.1273159086704254 0.1473968178033829 0 0 0 5.480158105492592 22.27403415739536 60.26244446635246 693.4618884474039 48.46500989049673 615.9703372716904 227.197273209691 204.2317266091704 14.74143867939711 4.923861414194107 205.0154721736908 29.00451718270779 1.055337369441986 16.06500086188316 4.924908213317394 3.276432752609253 1.278170980513096 0 6.589532487094402 8.224264062941074 0
