0 5836.82574917376 591.2328786402941 2547.313187971711 729.568768568337 65.96261364221573 1226.627672828734 57.42346052825451 147.8975830599666 2283.344542577863 207.1045738831162 20.64641833305359 85.2268382832408 219.4259492084384 3.413348510861397 1.176858656108379 0.1546172350645065 0 0 0.1062013953924179 0 0.3974380493164062 0 0.1895047128200531 0 0 0.092877596616745 0.2229738757014275 0 0.3788425028324127 635.5203387364745 2.166993618011475 3.924120292067528 0 0 0 0.8716078996658325 0.1300529390573502 1.026609390974045 0.3031663447618484 0 0.1276833564043045 0 0.6023569703102112 0.1288330554962158 0.2462226077914238 47.35618529468775 4.807845681905746 0.2628028243780136 0.3374820947647095 0.1121200770139694 2.740338563919067 0 0.4237299561500549 21.61479613184929 40.84463844448328 312.464740216732 716.6652204319835 199.2484434694052 40.68740116804838 0.289725124835968 0.6158469542860985 0.4668570309877396 23.9551165997982 9.503673829138279 0.41823510825634 1.338286072015762 0.9694778770208359 0.1291248947381973 0.2398950457572937 32.3022833019495 110.221268683672 0.561829000711441 604.0510022267699 240.976754643023 119.5087381526828 25.58572672307491 1.211269699037075 4.986273348331451 15.15796332061291 1.735336631536484 1.901097416877747 22.97312474995852 0 5.644140534102917 9.526795864105225 2.425897568464279 0.698600709438324 1.473396651446819 1.551833733916283 0.2338429018855095 0 0.2154355868697166 0.1849938631057739 0.8020734488964081 163.3727338016033 27.67200055718422 0.4298880994319916 0.0975387841463089 1700.758441738784 0 1.272854566574097 0 0 0 2.511294424533844 0 0 204.1507629007101 4.303896799683571 0.6763504147529602 7.364153653383255 5.061981678009033 5.185089141130447 0.9011524319648743 0.3193040788173676 0 0 0 0 0 0 0 0 0 0 0 0 0 0 0 0 0 0 0 0 0 0 0 2.041289478540421 0 2.476053580641747 1.974678546190262 1.399949789047241 0 0 0 0.5505040884017944 0 0 0 0 1.266794085502625 0 0 0 0 0 0.5959351658821106 0.1102342754602432 0.2245039343833923 0 0 0 0 0 1.167384266853333 0 0 0 0.2792866826057434 0 0.2285835519433022 0 0 0 5.965480998158455 0 0 0 0.2402588352560997 0 0 3.060734272003174 0 0 0.2231779843568802 0 0 0 0.4767216891050339 0 0 0.2202804684638977 0 0 0 3.841780602931976 1.604264944791794 0.1478395611047745 269.2777182534337 21.52780736982822 258.6427614614367 33.85062235593796 1228.547207012773 55.28223530948162 4.75312652438879 12.23264672607183 1.685093984007835 0.4845003336668015 2.279529094696045 0 0 0 0.211166724562645 0 0.1400452256202698 0
5836.82574917376 0 2155.117396250367 605.6820347458124 4000.950873970985 129.3284342586994 6561.681744292378 567.5179200991988 2822.561374396086 640.7443726360798 1562.221885703504 19.85144612938166 362.9001830369234 951.6905941814184 33.06504982709885 7.500968769192696 0.4134089648723602 0.8272059485316277 0.5025916770100594 0.1799503266811371 0.1543480455875397 0.109356701374054 0.3348875194787979 0.9531891047954559 0.660136491060257 1.816157221794128 0 0.5378868952393532 1.711006611585617 0.1327734887599945 2740.757842369378 86.05765192210674 13.78763731569052 0.103518582880497 0.3152278959751129 0.1777489632368088 2.817376792430878 0.8822876811027527 0.9626236408948898 1.229898750782013 0.604005441069603 0.8833440020680428 0 2.183343082666397 0.1381627172231674 1.258909471333027 340.4201326370239 20.96836923062801 0.9578304886817932 0.41099613904953 2.069335386157036 0.2842214405536652 0.1510402411222458 1.420720107853413 42.33793868124485 106.1800049319863 118.7899607643485 695.6147212833166 141.3915051072836 132.7467376068234 0.9557211846113205 3.286156311631203 1.198776111006737 214.5143600329757 37.11083566397429 4.304426245391369 4.056794613599777 6.92540554702282 1.771687909960747 0.5105215311050415 4.634895443916321 0.736030638217926 0 645.2243493646383 500.3330656662583 399.5956554189324 238.3043587356806 8.238938100636005 30.88763501495123 102.2181965336204 4.104322999715805 4.083850659430027 63.89875321835279 1.05637975782156 26.1591180190444 40.23790401220322 12.03229504078627 0.8660224080085754 7.523390755057335 0.3271434381604195 1.757752202451229 0.1466699987649918 0.3181382268667221 1.095123566687107 1.805547036230564 103.1147640198469 2.235603824257851 0 0.3932461142539978 1596.591007746756 0.1415209919214249 1.581411749124527 1.247000560164452 2.185112744569778 2.454581558704376 10.91826896369457 1.726700037717819 9.082802921533585 84.48127545416355 15.42469516396523 0.3406356424093246 60.39829881489277 64.04213081300259 39.85751920938492 6.323062226176262 0.307020366191864 0 0 0 0 0 0 0 0 0.1927911788225174 0 0 0 0.1757803410291672 0 0 0 0.1547265350818634 0 1.062307685613632 0.2254866808652878 0 0 0 5.606553345918655 0 3.124498814344406 3.265970133244991 0 0.1209382563829422 0 0 0 0 0 0 0.1697723120450974 1.363104537129402 0 0 0 0 0.1961420774459839 0.7671755850315094 0.227637805044651 0.9766433462500572 0.1099136844277382 0 0 0 0 15.6781362593174 0 0.2140190601348877 0.1096595525741577 0.3581088036298752 0.1348191201686859 0.09729120880365372 0.1006384864449501 0 0 26.44901213049889 0.2284672856330872 0 0.1269856095314026 0 5.193425387144089 0.8678665161132812 0.7103708237409592 0 0 3.146028324961662 0 0.1668634414672852 0.09951996803283691 0.7592870220541954 0.4098954796791077 0 2.400104597210884 0.1361095756292343 0.100586012005806 0 41.05155912041664 2.772624790668488 2.795873112976551 650.3648959845304 84.86165880411863 1021.131544955075 104.3086898252368 947.0413346886635 116.2645452842116 16.80193520337343 54.51186402142048 20.74267692863941 1.496508471667767 8.704241178929806 0.3782031089067459 2.255011186003685 0 0.1099770665168762 1.778055429458618 8.14071386307478 0.6183967888355255
591.2328786402941 2155.117396250367 0 8.935623914003372 604.2139170989394 2.082243859767914 55.67671044170856 2189.347397185862 283.087095618248 4.626381754875183 3414.765952661633 12.17436744272709 96.95618683099747 763.6418175175786 41.95492124557495 49.13149476051331 2.374119371175766 1.053293734788895 0.3826889842748642 6.064365975558758 23.92967268079519 0.1383500695228577 2.789950981736183 9.080113261938095 0.8650860190391541 1.679363176226616 0.3457892835140228 0.5114461183547974 1.452313631772995 0.4759587347507477 4554.562851719558 720.0191004276276 120.0735847577453 0.8588721230626106 1.433784246444702 5.184599585831165 13.46642576158047 4.341042198240757 0.8395000845193863 1.456737376749516 9.725167036056519 0.1968822032213211 1.487601399421692 23.77738581597805 2.699993073940277 3.53682916611433 77.74211337417364 7.098023481667042 1.069858685135841 3.386101752519608 27.73484387248755 0.5023979693651199 0 0.7616089805960655 7.40459831058979 17.67537572979927 41.99400528520346 679.7150225862861 41.95152670145035 28.28375635296106 22.16357121616602 24.94842505455017 11.27623651921749 109.6161683648825 7.261064954102039 2.94724652916193 12.76826726645231 28.32328749448061 35.64399785548449 19.78150403499603 15.16140037029982 0.6202074885368347 0 177.5659138783813 158.0874910950661 113.6640123128891 99.58808563649654 31.89499993622303 1058.845203623176 1478.893040060997 42.65164100378752 123.4231996908784 10.75680949538946 0.4564807936549187 2.809459798038006 8.717446908354759 6.979121647775173 0.2316227406263351 1.529180623590946 0 0.8248528391122818 0.9400407671928406 24.1949747800827 1.935628607869148 2.394449099898338 8.069966703653336 0.2490776628255844 0 0 353.3215190693736 0 0 0 0 0 0 0 0.4124840199947357 0 1.432791441679001 0 0.8283585011959076 5.761448383331299 3.277664840221405 1.811416909098625 0.5756539404392242 0.2257447689771652 0 0 0 0 0 0 0 0.5997374057769775 0 0 0 0 0.5356534421443939 0.3046503365039825 0.3313025534152985 0 0 0 0 0 0 0 3.547036781907082 2.026159584522247 1.351000666618347 1.102632910013199 0 0 0 0.4582465291023254 0 0 0 0 0 0.7398037016391754 0 0 0 0 0 0 0 0.3025073260068893 0 3.004182457923889 0 0 0 3.038709431886673 0 0 0.09723422676324844 0 0.1412226557731628 0.1646993607282639 0 0 0.3102189600467682 6.023951530456543 0 0 0.1375736147165298 0 0.9262810200452805 0 0.3567388653755188 0 0 0 0 0 0 0.08764683455228806 0 0 0.1034310758113861 0.1570927798748016 0 0 7.082370743155479 1.957805529236794 1.075992614030838 112.7251373976469 26.86746253073215 234.7329114899039 34.92420398443937 59.86462102085352 23.8997466340661 3.948830723762512 17.60607160627842 3.442840494215488 0.179366372525692 2.408668890595436 0.3513877689838409 0 0.6244192719459534 0 1.099645614624023 4.387862272560596 0
2547.313187971711 605.6820347458124 8.935623914003372 0 57.52223092317581 315.6135886609554 978.5771790072322 1.026728853583336 6.930748373270035 1120.642538487911 2.155971631407738 34.92457643151283 260.5357520878315 2.843421682715416 0.8213269114494324 0.7484618723392487 0 0 0 0 0.2423563003540039 0 0 0 0 0 0 0 0 0.4344731867313385 21.54592107236385 0 2.38361120223999 0 0 0 0 0 0 0 0 0 0 0 0 0 13.90479081869125 1.508633852005005 0 0 0 0 0 0.3117842674255371 3.650402426719666 6.483487822115421 23.28306071460247 35.48310136795044 14.00279802829027 5.550666943192482 0 0.1610711514949799 0 4.678533181548119 1.783604845404625 0.2554499208927155 0.1102322563529015 0.5242344588041306 0 0 0 0.2717243134975433 0 51.58958318084478 27.31754858791828 16.42368565499783 4.602097198367119 0 0.1891311258077621 0 0.2411638051271439 0 4.293956339359283 0.1117535382509232 1.447389893233776 2.124946348369122 0.1199972480535507 0 0.1079999506473541 0 0.1335639357566833 0 0 0 0 50.38567179441452 0 0 0 218.2787046730518 0 0 0 0.2326467931270599 0.6886678338050842 3.996370539069176 0 0.3832456767559052 23.99069206416607 4.500990673899651 0 9.230552360415459 7.612433403730392 3.770494058728218 1.432744234800339 0 0 0 0 0 0 0 0 0 0 0 0 0 0 0 0 0 0 0 0 0 0 0 0 0 0 0 0 0 0 0 0 0 0 0 0 0.1625091880559921 0 0 0 0 0 0 0 0 0 0 0 0 0 0 1.281848981976509 0 0 0 0.1346928775310516 0 0 0 0 0 3.399585217237473 0 0 0 0 0.6538060009479523 0 0 0 0 0.4757445305585861 0 0 0 0 0.1406660825014114 0 0 0 0 0 7.426098421216011 0 0 97.78933348506689 4.720449790358543 51.16145873814821 5.579485222697258 627.5491950139403 5.20600862801075 0.5353943780064583 3.171745464205742 0.4010811448097229 0.09781750291585922 0.2473171204328537 0 0.3983326554298401 0 0 0 0 0
729.568768568337 4000.950873970985 604.2139170989394 57.52223092317581 0 16.57409662008286 1309.675135448575 237.7413217201829 8949.007704123855 281.5119150429964 922.0660805553198 24.63179178535938 523.6418375223875 797.8836710378528 44.83688909560442 11.25162693113089 0.3084207475185394 0.1158268079161644 0 0 0.5143755674362183 0.1482026875019073 0 0 1.447943061590195 1.63043087720871 0.6267371773719788 0.3375645875930786 2.627090007066727 0.1678224503993988 476.6026201620698 72.07495649158955 0.3696333691477776 0.1019201725721359 0 0 0.9252818673849106 1.239461719989777 0.8884981721639633 0 0.1955915838479996 1.232900001108646 0 1.95240481197834 0.1382363140583038 0.6444048881530762 192.8497696444392 11.94156339019537 0.6489897221326828 0 0.8749113604426384 0.08856286853551865 0 1.416758581995964 15.68552276492119 42.87591590732336 24.44497811049223 160.9105933532119 30.42387513071299 58.07941742986441 0.7319811135530472 0.6849028170108795 0.8217994868755341 87.14470927417278 18.02592442929745 2.343966454267502 3.191921889781952 2.411003537476063 1.367136143147945 0.8519806638360023 6.921798340976238 2.247296914458275 0 161.6597706899047 177.9728159829974 199.2837432771921 171.5375150069594 6.363642103970051 2.464330233633518 3.279730275273323 2.69751337915659 1.968463510274887 26.82219610363245 0.4032117277383804 12.93262785673141 18.86792352050543 6.393986791372299 0.2127105668187141 3.980695456266403 0 1.522523239254951 0.8321611955761909 0.231597512960434 0 2.56885938346386 164.0464098900557 0 0 1.204669162631035 107.6199692040682 0.6532218605279922 3.481901973485947 1.002095326781273 2.012088090181351 2.832232639193535 19.0542579293251 8.237182095646858 15.71053797006607 24.45943821966648 40.27311125397682 2.713811412453651 110.1229234337807 149.2910646796227 87.54794354736805 14.20207236707211 0 0.7993292212486267 0 0 0 0 0.21441350877285 0 0 0 0.1402313262224197 0 0 0.1872197687625885 0 0 0 0.7170256376266479 0 0.709531158208847 1.658726885914803 0 0 0 12.08106353133917 1.075860589742661 5.861784026026726 2.616238325834274 0.3462827801704407 0 0 0 0 0.4877846837043762 0 0 1.333676710724831 4.328694753348827 0.1471405923366547 0.1785598248243332 0 0.4786743521690369 0.9315165579319 0.3024061471223831 0.6026769876480103 0.1795512214303017 0.1510277688503265 1.130475014448166 0 0 0 28.43831723928452 0 0.1453639715909958 0.2278565615415573 0 0 0.2723755016922951 0 0 0 71.23165389895439 0 0.2738677561283112 0 0.1308181136846542 13.17511115968227 0.9636628031730652 5.623796299099922 0.2734255343675613 0.9180417656898499 2.795362368226051 0.3422593474388123 1.421747833490372 0.2553034722805023 0.6514175087213516 0.4148733392357826 0 1.011939190328121 0 0 0 94.58601613342762 5.730571299791336 5.223890051245689 381.4417123794556 68.52230500429869 558.4411679580808 68.55237916857004 148.0274625197053 64.77004693448544 12.39004139602184 32.52569280564785 21.82757330685854 2.453064598143101 9.423763185739517 0.1402608007192612 2.096572011709213 1.24896502494812 0.1060456484556198 1.477475672960281 4.865102261304855 0.9701315313577652
65.96261364221573 129.3284342586994 2.082243859767914 315.6135886609554 16.57409662008286 0 131.0011864900589 0.4076739549636841 5.90921513736248 445.0623245537281 1.846355482935905 89.14208461344242 85.15065239369869 11.24470722675323 0 0.3234642297029495 0 0 0 0 0 0.2155564427375793 0 0 0 0 0 0 0 0 4.317296758294106 0 1.765154495835304 0 0 0 2.052331238985062 0 1.045688524842262 0 0 0 0 0.2975708842277527 0 0 1.241109177470207 0.1568965464830399 0 0 0 7.044120863080025 1.066713482141495 0.1601898372173309 0.5967698767781258 0.9523517936468124 127.8954259827733 3.117271855473518 2.070444360375404 0.9364658296108246 0 0.7407156080007553 0 0.6264424473047256 0.2260296866297722 0 0 0 0 0 77.82621233165264 308.6809151917696 2.194973170757294 4.851000741124153 4.943139404058456 1.250924453139305 0.426391527056694 0 0 0 0.312307670712471 0 0.4330028295516968 0.3371767699718475 0.1079802140593529 1.287772737443447 0.2648559808731079 3.163798063993454 1.489270031452179 5.660026088356972 0 0.6303803473711014 0 0 1.038373678922653 232.5951048731804 42.51051485538483 5.795680642127991 6.383772999048233 424.5466170758009 0 0 0 0 0 0 0 0.4306333959102631 4.148914158344269 0.4756491482257843 0 0.5107262134552002 1.304060637950897 0.415368527173996 0 0.1952102780342102 0.3535837531089783 0 0 0 0 0 0 0 0 0 0 0 0 0 0 0 0 0 0 0 0 0 0 0.5242559611797333 0 0 0.6692583560943604 0.2894386053085327 0 0 0 0 0 0 0 0 0 0 0 0 0 0 0 0 0 0 0 0 0 0 0.459073930978775 0 0 0 0 0 0 0 0 0 0.2133641839027405 0 0 0 0 0 0 0 0 0 0 0 0 0 0 0 0 0 0 0 0 0.456705778837204 0.8405902087688446 0 9.247415214776993 0.7826897203922272 4.87978695333004 0.6906949803233147 95.80591594427824 2.522355876863003 0.2496899217367172 0.5661987215280533 0 0 0.2852950543165207 0 0 0 0 0 0 0
1226.627672828734 6561.681744292378 55.67671044170856 978.5771790072322 1309.675135448575 131.0011864900589 0 27.50478546321392 3354.156932257116 2853.156345255673 96.77927753329277 156.8181237876415 6114.643010109663 3723.19788864255 58.83393244445324 17.52291543781757 0.9306139498949051 0.1369072794914246 0.1246606782078743 0 0 0 0 0 2.486120969057083 4.370057940483093 0.5172551795840263 1.466284856200218 2.710709527134895 0.1611642390489578 169.3436717316508 59.89180116355419 3.979716025292873 0.47170090675354 1.035753726959229 0.9894741326570511 0.1077394932508469 0.8374229669570923 1.114521414041519 1.746753692626953 0.4404997527599335 1.14913234859705 0 3.298376746475697 0.1237226724624634 0 258.7394553050399 12.19740895181894 1.640000328421593 0.4802382588386536 0.6785421594977379 0.2635604590177536 0 1.841421633958817 21.57676390558481 48.67209959030151 33.26284647732973 132.1248996257782 37.52156186103821 68.77522703260183 1.020161665976048 1.09673410654068 0.8136172890663147 93.53097580373287 22.79323484003544 4.568103119730949 3.264531910419464 3.933496057987213 2.244676887989044 0.8826134502887726 15.91733833402395 3.137154474854469 0.4346748888492584 197.3056975752115 193.9845965132117 250.844708904624 190.8651065006852 15.45375957340002 2.515123531222343 2.22046721726656 3.165163412690163 2.378336407244205 28.5668391212821 0.4070924893021584 13.8094275817275 19.38259519636631 6.390832789242268 0.6576435565948486 4.011305026710033 0.3063008189201355 1.812872745096684 0.365558035671711 0.9964452311396599 0 1.266866073012352 799.1668456494808 1.175319731235504 0 0 151.1283684149384 0.4438573718070984 6.132630988955498 24.72132521122694 12.83659929037094 4.850565254688263 70.90097118914127 20.6545055359602 39.80128134787083 129.7580463588238 80.95015703141689 5.477469831705093 246.6290372759104 326.4088552445173 187.3982968181372 28.15902750194073 1.369463384151459 1.491968616843224 0.4933893978595734 0.5714633464813232 0 0 0 0 0 0 0 0 0 0 0.1346032470464706 0 0 0.2687534093856812 0 2.78363998234272 3.061016350984573 0 0 0 19.55509172379971 0.3939737379550934 11.45708031952381 2.642561793327332 0.9981346726417542 0.1549177318811417 0 0 0 0.224748432636261 0 0 3.317395403981209 9.733752936124802 0 0.1476896107196808 0 0 0 1.030724003911018 0.8287066966295242 0.4812727347016335 0 0.7032178789377213 0 0.2185523509979248 0.7828534245491028 54.58185118436813 0 1.830687463283539 0.7754567936062813 0.2122737690806389 0 0.4963118135929108 0 0 0.4017792940139771 137.832655698061 0.1435972154140472 0 0 0.1985912919044495 21.43606252968311 3.110154554247856 11.75483104586601 1.187300607562065 2.902584329247475 7.672653310000896 1.824910834431648 4.367429256439209 0 0.83901746571064 0.6575742065906525 0 0.710214838385582 0 0 0 190.930913105607 3.546319618821144 5.857170164585114 662.1039904728532 96.1543353125453 734.0415933951735 107.2248827368021 623.3700849488378 90.04077802598476 15.04436913877726 61.67417811602354 33.5047579780221 1.123620174825191 27.72458992153406 3.973563581705093 5.246424525976181 4.559835210442543 0.3010322451591492 7.283855810761452 6.386821664869785 0.6632505059242249
57.42346052825451 567.5179200991988 2189.347397185862 1.026728853583336 237.7413217201829 0.4076739549636841 27.50478546321392 0 638.3711131811142 0.7369035258889198 4129.670355856419 13.74551368504763 103.2731498703361 1416.225711576641 85.4325567483902 101.2740621864796 8.584533490240574 8.733533695340157 3.174971476197243 35.06565289199352 109.3452330604196 0 25.99790493398905 25.93779513984919 6.122613742947578 6.399937264621258 0.8955954611301422 1.572377502918243 1.551364563405514 0.1570001542568207 1095.73628012836 2972.478946827352 140.178361274302 6.318070441484451 9.86303798109293 30.83755043894053 20.58844389766455 15.90385896712542 2.251321822404861 2.050032578408718 55.2110667899251 1.303370147943497 8.274363614618778 53.28554120659828 12.42934210598469 23.12027630209923 144.1511435732245 14.3953742608428 3.391296684741974 9.737963810563087 93.04723254591227 0.5000980645418167 0.130238339304924 0.9920980259776115 4.853827230632305 17.50294011831284 12.26518217474222 144.4923956543207 14.98352755606174 27.7494143769145 144.1460634469986 57.34003679454327 69.15474489331245 384.7407769486308 6.764800809323788 10.29831252247095 66.16912003606558 120.7830115184188 165.536840826273 111.3725221008062 28.54920335114002 1.148265153169632 0 75.15978371351957 121.6503995135427 168.2670422494411 264.9818967208266 192.8314704447985 932.2339174300432 1978.019392251968 418.3089217692614 612.8765246644616 8.446017161011696 0.3098488301038742 7.668203182518482 18.69335581362247 27.35363052785397 0.09887976199388504 4.362658016383648 0.159767359495163 6.351951539516449 2.598800152540207 117.8718471080065 9.552115194499493 5.577526524662971 52.95727103948593 0.6390302926301956 0 2.60427850484848 38.40493477880955 0 0 0.971626877784729 0 0 0.1795287132263184 0 0 0.7673439681529999 0 1.071511387825012 0.4868858158588409 12.30986425280571 8.881658241152763 3.261231824755669 0.1008164063096046 0 0 0 0 0 0 0 0 0.4822779595851898 0 0 0 0.1789738833904266 0 0.3435753136873245 0.6375759840011597 0.2064665853977203 0 0 0 0.3334259986877441 0 0 2.64046935737133 1.560597777366638 1.952170789241791 3.441473454236984 0 0.1779326647520065 0.1127791777253151 0.1561043858528137 0 0 0.5860996246337891 0 0 0.8764416575431824 0 0.8550762981176376 0.1285756528377533 0 0.970473051071167 0.186649352312088 0 0.6465545147657394 0 0 0 0 0.4219446331262589 5.653930723667145 0 0 0 0 0.1980076432228088 1.161291033029556 0 0.1330482214689255 0.1764131635427475 10.28041875362396 0 0 0 0.4150246903300285 2.275878176093102 0 1.110616564750671 0 0 0 0 1.186406627297401 0.1866935938596725 0 0.3018248826265335 0 0.4366192445158958 0 0 0.12094447016716 6.649854317307472 3.024310708045959 2.825607061386108 184.0192975327373 43.68897508829832 359.9748217388988 47.81586797535419 24.84859608858824 25.72414210438728 4.739144273102283 27.89588267356157 9.349467918276787 0.675078347325325 3.978443473577499 1.46795079857111 0.2703510224819183 0.3390268087387085 0.347145713865757 0.7611211985349655 6.066943265497684 0.3757271468639374
147.8975830599666 2822.561374396086 283.087095618248 6.930748373270035 8949.007704123855 5.90921513736248 3354.156932257116 638.3711131811142 0 72.96974262595177 5018.790736757219 28.97132425010204 558.0035960897803 1133.114875584841 57.09214713424444 19.6468760818243 0.9486486911773682 0.1370569467544556 0.1136910766363144 0 0 0 0 0 0.3688362538814545 2.179068259894848 0.5268990322947502 1.035972401499748 2.93288267403841 0.2631233483552933 153.7580259516835 50.32942013442516 25.1475808173418 0.1816302835941315 0.1805544942617416 0.2885639071464539 0.68428735435009 0.8624732941389084 0.5361461415886879 0.3000210225582123 0.6949928477406502 0.7396041080355644 0 4.967143960297108 0 0.7756277173757553 178.8533005341887 7.808372430503368 0.5438374057412148 0.577151745557785 1.622408300638199 0.1027305424213409 0 1.226451337337494 8.858280964195728 23.49919879436493 10.84079103916883 52.74080389738083 16.89298266172409 36.428222425282 0.4971452578902245 1.418543636798859 0 57.92924611270428 10.50034932792187 2.507278829813004 1.553576499223709 3.835731029510498 0.7818925604224205 1.6937295794487 10.14095513522625 2.064339324831963 0 83.2496484965086 82.70110476762056 152.7175991088152 176.5815559774637 11.17363397777081 3.423312142491341 4.474590688943863 2.054518662393093 1.050076365470886 12.43077854067087 0.3718702793121338 10.35096526890993 11.24572132527828 4.270816199481487 0.3759511932730675 3.381470702588558 0.3288700133562088 0.1839825138449669 0.2548495680093765 1.146172374486923 0.2081275284290314 1.691984914243221 167.9224779456854 0.1736380010843277 0 0.605304479598999 32.41661427170038 0.3106456696987152 0.3424560874700546 2.537004888057709 2.754010602831841 0.9532163590192795 16.35204030573368 2.909965291619301 14.71769158542156 20.66696412861347 26.50530780851841 4.646605059504509 98.89189814031124 133.5213427990675 73.98432584106922 12.5833894610405 0.2749860659241676 0.6377994194626808 0.1135763302445412 0 0 0 0.176361545920372 0 0 0 0 0 0 0 0.4225685000419617 0 0.2402922958135605 0 0 0.5788716077804565 0.1490632295608521 0 0 0 8.336085081100464 1.420871466398239 3.93616795539856 1.639240555465221 0.3090198040008545 0.1636435687541962 0.1637515872716904 0 0 0 0.6552138328552246 0 0.386901743710041 3.30676793307066 0.2023490816354752 0 0 0.2921534776687622 0 0 0.1623122990131378 0.102224238216877 0.8708683103322983 0.5512802675366402 0 0.1950883716344833 0 21.88506431877613 0 0.302257627248764 0.3461861833930016 0 0.09752030670642853 0.09507117420434952 0 0 0 73.07503253221512 1.031913056969643 0 0.1327362954616547 0 9.931076273322105 0.5394595116376877 8.942750856280327 0.7747851014137268 2.137318909168243 2.842715129256248 0.9884237945079803 0.9187092334032059 0 0.1688238307833672 0.08995431661605835 0 0.3378514796495438 0 0 0 79.74395751953125 7.703767895698547 4.688322514295578 384.8929917439818 74.70084399729967 541.3539202809334 89.19116381555796 70.07492562383413 62.98670157045126 9.745679326355457 33.39734846353531 17.10369724780321 0.3732955455780029 14.24129173159599 2.129226133227348 4.150077074766159 0.5333135724067688 0.4364066570997238 3.873531445860863 6.086615905165672 0.2777797430753708
2283.344542577863 640.7443726360798 4.626381754875183 1120.642538487911 281.5119150429964 445.0623245537281 2853.156345255673 0.7369035258889198 72.96974262595177 0 10.61751585453749 1876.388249903917 7146.374005950987 146.1109119430184 4.029952667653561 1.972437232732773 0.5310346484184265 0.1306635141372681 0 0 0 0 0 0 0 0.3558484017848969 0 0.2410273253917694 0 0.1432956457138062 15.39808943867683 0 8.522521898150444 0 0 0 0.333574503660202 0 0 0.1931666731834412 0 0 0 1.074065625667572 0 0 25.01828794181347 1.058978348970413 0 0 0 0 0 0 2.750031337141991 7.044665895402431 56.4664770513773 36.05641319602728 16.78507547825575 4.685403063893318 0.1444320827722549 2.408743962645531 0 3.364288024604321 2.581020534038544 0.5268059298396111 0 0.2715209722518921 0 0 85.73200049996376 5.159854471683502 0 52.35970522463322 26.52055811882019 26.08026143908501 12.12681651115417 2.2786855250597 0 0.6817781031131744 0.2791260480880737 0.7573660165071487 3.944098815321922 0 1.148438729345798 2.033063419163227 0.3572571873664856 0.1221026852726936 0.2398269921541214 0 0 0 0.308754950761795 0 0.1450322568416595 1289.685702577233 1.913857102394104 0 1.553218185901642 625.1593350917101 0.344817116856575 16.14630208909512 8.60997661948204 16.63657456636429 3.716441214084625 43.96388477087021 23.72071881592274 26.66682603955269 126.0590125024319 81.97484867274761 8.824568927288055 192.7536346018314 198.2761339098215 133.7608844339848 10.45617792010307 1.435462981462479 1.23911751806736 0.1268561482429504 0 0 0 0 0 0 0 0 0 0 0 0 0 0 0 0 1.457272559404373 0.9216417074203491 0 0 0 8.026063799858093 0 2.704536482691765 0 0 0 0 0 0 0.3736813217401505 0 0 3.194423362612724 2.534212082624435 0 0 0 0 0 0.2498219162225723 0.1589356064796448 0 0.1320785135030746 0.4440505057573318 0 0 0 17.15284539759159 0.1325924843549728 0.09741085022687912 0.2807002663612366 0.1068374291062355 0 0 0 0 0 41.96175736188889 0 0.1500506103038788 0 0 11.01477274298668 0.8274951577186584 3.214802742004395 0.3525545001029968 3.71490766108036 2.80517391115427 0 1.122282117605209 0 0 0.1077295988798141 0 0 0.1148356646299362 0 0 112.6794959306717 3.03156989812851 3.277645394206047 327.8581522703171 7.797730714082718 82.44374454021454 13.21965184807777 1382.000226318836 9.552402786910534 0.736167311668396 7.687566749751568 9.565029785037041 0.5109359249472618 11.92144690454006 0.7882700636982918 6.647426635026932 0 0 2.500079438090324 2.647933751344681 0
207.1045738831162 1562.221885703504 3414.765952661633 2.155971631407738 922.0660805553198 1.846355482935905 96.77927753329277 4129.670355856419 5018.790736757219 10.61751585453749 0 80.74979411065578 514.8030319064856 3226.751152195036 73.17387621104717 50.04990716278553 2.658627897500992 1.374475851655006 0.4918699711561203 2.055271714925766 10.29943126440048 0 1.71297699213028 3.650150798261166 1.776531383395195 2.552915580570698 0 0.5075350180268288 1.009647876024246 0.6803663671016693 897.8232722580433 575.7584815099835 432.4139466285706 0.8362861573696136 1.253537878394127 8.708170235157013 30.0095477476716 3.846905119717121 0.2288483753800392 0.9126634672284126 6.37263398617506 0.8036653324961662 0.2437140494585037 19.87661480158567 0.7019902616739273 1.860652908682823 172.6974361464381 7.429067209362984 0.2892665416002274 0.9801994189620018 11.04775060713291 0.2540835216641426 0.122498095035553 0.77064398676157 7.228961959481239 24.88841708749533 21.48830676823854 162.9625275731087 23.2979696393013 41.38971544802189 5.555994145572186 47.27580410242081 10.95844606310129 123.8696109056473 9.588434875011444 4.134470835328102 6.792842902243137 12.7115645185113 14.51353821903467 11.99681498855352 40.36746309697628 1.205640122294426 0 114.5073896422982 125.1757036969066 173.6539280936122 194.3470868691802 46.74429105222225 230.089963696897 583.0587457567453 14.0504602342844 92.74040790647268 15.38579688966274 3.605826891958714 8.188166595995426 13.58683508634567 4.535874754190445 0.08119857311248779 2.415625154972076 0.1215697005391121 1.354927495121956 0.6772520467638969 15.86184411495924 1.467082843184471 2.563447222113609 18.88624861836433 1.64306466281414 0 0.367869921028614 84.66156426072121 0 0 0 0 0 0.5565217882394791 0 0.1934039145708084 0.4596167802810669 1.340679287910461 0.158216655254364 3.939862117171288 9.227958709001541 3.366810813546181 1.592255145311356 0.1631351113319397 0 0 0 0 0 0 0 0 0 0 0 0.1245981305837631 0 0 0 0 0.1878792196512222 0 0 0 0 0 0 2.146049797534943 0.5686140656471252 2.899641826748848 2.458866007626057 0.5720999240875244 0 0.1119114905595779 0.1043797582387924 0 0 0 0 1.108279332518578 0.3541777431964874 0 0 0 0.5452326536178589 0 0.2950673624873161 0.10659159719944 0.1707659661769867 0 0 0 0 0 2.571523278951645 0 0 0.09760981798171997 0.1075977087020874 0.1066819876432419 0.1219602972269058 0.1059722900390625 0 0.32054203748703 8.207273997366428 0 0 0 0 0.7450605928897858 0 0.3110976219177246 0 0.3359275460243225 0 0 0 0.1297677457332611 0.2638908997178078 0.5231085196137428 0 0.6634043157100677 0 0 0 6.359622478485107 2.383763864636421 1.738706350326538 243.6016543209553 65.85229790210724 418.0326512902975 62.60416209697723 49.96261817216873 46.20874414592981 8.323265373706818 25.34707440435886 8.001906208693981 0.660953626036644 8.612279713153839 0.3100967109203339 0.1660921424627304 0 0.08872243016958237 0 7.384481467306614 0.9125405848026276
20.64641833305359 19.85144612938166 12.17436744272709 34.92457643151283 24.63179178535938 89.14208461344242 156.8181237876415 13.74551368504763 28.97132425010204 1876.388249903917 80.74979411065578 0 2892.827469699085 519.6107900589705 36.31893946230412 42.1448667049408 1.351022161543369 0.3819923549890518 0 0 0.4647082984447479 0.4753214418888092 0 0 0.8636414408683777 0.9680477902293205 0 1.346410937607288 1.248768419027328 0 7.655984580516815 10.05918510258198 58.49606870114803 0 0 0.8593384176492691 5.921607777476311 0.1569809913635254 0.4223259463906288 0.879663497209549 0.5289414674043655 0.9313330352306366 0 15.20669963210821 0.6697226613759995 1.418828696012497 46.4411354213953 0.4143737852573395 0.1440308392047882 0 1.023186936974525 1.015756726264954 3.600161820650101 0.7870323956012726 0.1071542352437973 1.792611300945282 5.33578684180975 2.556706972420216 1.925757005810738 3.215258285403252 1.457065999507904 12.59421611577272 1.859400868415833 6.568170577287674 0.7163070291280746 0.4550742954015732 1.153855741024017 1.519117139279842 2.325184792280197 1.957324370741844 308.6833014786243 46.51562863588333 0.1412559151649475 7.639869496226311 6.082588061690331 29.31464906036854 34.68874704092741 27.35552978515625 0.4527592062950134 28.81967952102423 1.65303148329258 10.93740743398666 0.5256858617067337 0 0.841046467423439 1.889417313039303 0.7480335235595703 0 0.2960092723369598 0.7977614849805832 0.7073336243629456 0.3907301723957062 1.112700469791889 0.3656240105628967 1.091607093811035 2201.93039509654 23.53944523632526 0.7958689332008362 7.26605723798275 45.42992182075977 0.2504088878631592 2.937000080943108 3.145905792713165 4.769240885972977 3.737652897834778 35.92891635000706 5.395790353417397 18.80976381897926 39.45781111717224 38.03946179151535 5.38038919121027 126.8975839465857 236.2644307613373 190.0591448545456 35.86907532811165 2.007160499691963 3.045203432440758 0 0.2069288492202759 0 0 0 0 0 0 0 0.4052465558052063 0.2961309105157852 0.3049002587795258 0 0.3023606836795807 0.3390929102897644 0.5183845907449722 0.5811408162117004 3.112603098154068 2.651570662856102 0 0 0 36.05264972150326 2.989307969808578 27.98746808618307 12.86856144666672 1.807188682258129 0 0.3691028356552124 0 0 0 0 0 7.211975865066051 10.03261214494705 0.596092015504837 1.194969236850739 0 0.4694162607192993 0 1.022970452904701 0.1357137560844421 0.666105680167675 0.7752227932214737 0.512884259223938 0 0 0.4420862197875977 67.85542188584805 0.4749689102172852 0.1966053694486618 0.8723415210843086 0.1290887296199799 0 0 0 0.2990427315235138 0.1262017786502838 175.5668271258473 3.220534801483154 0 0 0 29.05570783466101 4.362337440252304 13.58274729549885 3.326835483312607 4.107870355248451 7.205281287431717 1.176481187343597 3.567018643021584 0.1433448642492294 0 0 0 0.6521873697638512 0.1609814018011093 0 0 208.238084718585 22.81934598088264 21.08708095550537 304.0368492975831 37.38405311852694 191.6788821518421 48.07887157052755 98.89049077033997 20.79710845649242 3.367567464709282 55.81869754940271 22.35544618964195 2.429033577442169 49.32529339194298 4.32767029106617 5.523152828216553 1.976114198565483 0 13.66603693366051 11.07730128616095 1.180415585637093
85.2268382832408 362.9001830369234 96.95618683099747 260.5357520878315 523.6418375223875 85.15065239369869 6114.643010109663 103.2731498703361 558.0035960897803 7146.374005950987 514.8030319064856 2892.827469699085 0 5969.660689145327 212.398748382926 245.8904700726271 14.68896561861038 2.978937610983849 2.9891607016325 2.007210999727249 7.373156070709229 6.893225848674774 0.6473535001277924 2.658676147460938 8.768295884132385 20.47533453255892 1.496440455317497 2.530058734118938 16.0046841353178 0.6431912779808044 56.57554265856743 27.27865556627512 1645.472935438156 3.009281925857067 2.217193827033043 13.32515881955624 335.942297115922 15.6948888450861 5.990014545619488 10.53496754914522 10.53179216384888 4.51123008877039 0.5084789469838142 109.195234246552 19.08672123402357 29.15711459517479 296.537899620831 7.703847452998161 1.623308680951595 2.413977339863777 12.40794391185045 20.82340903580189 58.28351877629757 9.107909649610519 4.692196451127529 21.22341730445623 11.65316446870565 21.36119850724936 18.0446110740304 28.4025607034564 15.95981582999229 338.153816357255 25.1841586753726 61.20647282153368 10.4351979419589 3.236372947692871 7.566594079136848 9.220623940229416 12.37866577506065 11.12330725044012 445.8155791461468 235.4560130611062 3.353290565311909 64.78123658895493 51.79452895373106 219.2750570625067 263.933818012476 136.0820604041219 7.74014688283205 376.460621073842 17.64681013673544 125.6314940452576 7.975188314914703 0.2576927319169044 8.328728541731834 15.30016034096479 8.915849633514881 2.593482442200184 5.306629084050655 7.888101823627949 5.022038489580154 2.804161719977856 16.43727799504995 4.094792596995831 12.78967958688736 3984.940772801638 100.5684631690383 7.413601994514465 66.39318435639143 61.22506499290466 3.026674792170525 6.64287693798542 7.514649212360382 12.81906826794147 9.074953585863113 105.1346228122711 18.52932749688625 45.44240094721317 100.4339096099138 108.7191449701786 21.43416006863117 355.2111333906651 593.2752433568239 361.8596212267876 62.93095369637012 8.219555728137493 6.841854482889175 1.165015876293182 0.9807612001895905 0 0.1178037822246552 0.1407385319471359 0.4587943106889725 0 0.3565577566623688 0.1982932388782501 0 2.114031255245209 0 1.490307480096817 0.7533632293343544 1.905823074281216 2.130581960082054 0.5142348557710648 8.420821078121662 3.477194026112556 0.3392126560211182 0.6334913000464439 0.2566324174404144 126.6921562701464 19.13143317401409 96.55046240985394 104.379838347435 9.070013910531998 0.2306477576494217 0.1419568955898285 0.1531095653772354 1.209085911512375 0.7933180630207062 2.4668969810009 0.4979554414749146 15.01290866732597 33.09932492673397 1.096881419420242 3.136503681540489 0.1399368792772293 6.688739448785782 2.217566184699535 3.763392999768257 3.022642552852631 0.773512214422226 3.432409331202507 4.629569031298161 0 0.3644651174545288 2.10192346572876 164.9442793130875 1.657085448503494 1.810858368873596 1.948153659701347 1.04827868193388 0.7604125887155533 1.446867667138577 0.1385513097047806 0.1347874253988266 1.064979568123817 569.1025336235762 15.36154380440712 0 0 0.966190367937088 67.63612644374371 11.10164254903793 61.12696814537048 5.859073542058468 17.38071010261774 24.6791305243969 5.617918752133846 6.063101574778557 0.9164445176720619 0.4168626219034195 0 0 0.8989486321806908 0.117666132748127 0 0.5034124851226807 556.6119574010372 97.71148836612701 132.8357045874 1226.455677621067 289.4490774422884 1062.85753185302 255.0361154824495 209.9123015999794 115.1820623800159 21.47312144935131 169.3702333569527 80.98317738622427 8.951316431164742 113.5929230079055 11.90653596818447 12.41846898198128 8.729627773165703 1.186189889907837 21.30871511250734 53.35966119170189 4.633820310235023
