0 5600.247597828507 1401.83783082664 968.1188474223018 585.3854084983468 276.0767850577831 218.6482778117061 37.43737384676933 117.4868860542774 1248.797038324177 394.6736374869943 203.8438027501106 225.7855527177453 206.8566633984447 4.724736168980598 1.345986448228359 0.1249852851033211 0.5293461605906487 0 0.9459667503833771 4.749508425593376 0.5036896467208862 0 0.1772691160440445 0.1035563200712204 1.505913756787777 0.5469620823860168 1.396992936730385 0 1.004624933004379 1029.695879839361 58.82959997653961 41.94130554050207 0.2228354215621948 0.3285556882619858 0.3191633820533752 27.54428855329752 0.4362092167139053 1.744024567306042 0.8070991262793541 0.7003116831183434 0 0 0.3956965357065201 0 0.4274839013814926 5.197630435228348 6.294427514076233 0 0.5899294167757034 0.6302500292658806 5.139100842177868 0.1184740662574768 0.09164378046989441 4.353360287845135 6.111923031508923 626.7514523491263 1261.699796028435 59.4169729501009 22.79487875849009 0.9589431211352348 13.1703615039587 0 14.66076862066984 5.53917084634304 1.332391984760761 1.119351834058762 0.3399254903197289 0.4677114337682724 0 36.24910392612219 16.31832125782967 2.325102031230927 447.5092379078269 166.1102549433708 26.02010875940323 11.86331637948751 2.596324771642685 0.3357047289609909 104.0623274296522 0.3800111562013626 7.442666828632355 6.116971902549267 0.1105497628450394 6.571665339171886 1.212585508823395 2.980763249099255 0.1381678879261017 1.019510090351105 1.648421041667461 0.4611607491970062 0.7667257562279701 0.21028932929039 0.08811210095882416 0.3930399119853973 298.2215227261186 13.0129371881485 1.544496655464172 1.508951470255852 1106.5263473019 0 0 0.4390295147895813 1.040882423520088 0 3.696032553911209 0 0.9284439831972122 2.112051978707314 0.2985634058713913 0 2.120540462434292 1.843225061893463 1.530187636613846 0.5288283675909042 0 0.8811057507991791 0 0 0 0 0 0 0 0 0 0 0 0 0 0 0 0 0 0.6381115466356277 0.1537278890609741 0 0 0 1.261058822274208 0 0.1055149063467979 0.2159398645162582 0.3025663793087006 0 0 0 0.3738560378551483 0.1124707162380219 0.0773121565580368 0 0.7898110896348953 0.9285930171608925 0 0 0 0 0 0 0 0.1302634924650192 0.1161957681179047 0 0 0 0.1514731198549271 1.496782958507538 0 0 0 0 0.09354743361473083 0 0 0 0 2.296147868037224 0 0 0 0 0 0 0 0 0.3094034940004349 0 0.217334046959877 0.1051047965884209 0.1716535240411758 0 0.1071642190217972 0 0.09575504064559937 0 0 0 1.984323188662529 0 0.6997440159320831 34.15098331868649 9.300991699099541 83.65316747128963 9.045566163957119 1087.805851712823 21.59382759034634 1.038057200610638 10.04006626456976 0.1607441455125809 0 1.643105268478394 0 1.532464623451233 0 0 0 0.1570693403482437 0.167726919054985
5600.247597828507 0 1984.872477315366 841.5955931097269 2736.899265803397 427.3057521656156 4837.432103835046 131.5238571092486 3040.379673063755 400.9219936355948 1868.813358657062 241.6402086466551 1257.006061568856 923.6685273870826 51.59516453742981 7.72552178800106 1.191622845828533 0.6749690324068069 0 1.794508516788483 15.68877477198839 0.3878472745418549 0.9705780446529388 1.432188183069229 0.8193753957748413 9.887460894882679 2.941906377673149 2.954265937209129 3.383777685463428 3.739173606038094 1928.124453827739 272.3420221805573 137.2977975606918 0.4130265712738037 2.189071521162987 0.8584427461028099 112.5154656842351 1.242795743048191 5.529219314455986 3.205325357615948 2.795391991734505 2.24646370112896 0.2560992762446404 0.7984422445297241 1.343114018440247 2.43587027490139 84.96373982727528 36.19434855133295 0.7404589653015137 1.59667082875967 3.71613210439682 1.678948231041431 1.607973404228687 2.218711622059345 14.34883427619934 15.88889627158642 202.5528560802341 1533.418917618692 25.19229329377413 149.6717452332377 2.257675282657146 36.60705656558275 0.3049556314945221 215.7089421004057 21.15674287080765 6.219870805740356 7.768650762736797 3.319535560905933 1.432960338890553 0.5438575223088264 127.8282327800989 1.771762676537037 0 616.6499503105879 842.2691572383046 610.5714178904891 177.7662242725492 17.14692550897598 2.084059998393059 233.8942214921117 4.304000094532967 13.61757498979568 17.96097913384438 0.5483037903904915 31.53289915621281 4.220908150076866 20.64264290779829 2.107691913843155 5.094588153064251 0.5280308425426483 2.511299476027489 1.61693661659956 0.920141190290451 0.5214572623372078 2.87517673522234 216.8353820964694 17.08572646230459 0 5.060646422207355 632.6375766396523 0.3984512239694595 0 0.6558881625533104 0.8471782356500626 0.7915967553853989 19.99833086878061 1.113169737160206 9.083654180169106 11.4484691247344 4.918063141405582 1.303762122988701 19.88566508889198 15.22561483830214 9.553510256111622 6.481772817671299 0.09437403082847595 1.916980609297752 0 0.2272715270519257 0 0 0 0 0 0 0.1719327867031097 0 0 0 0 0 0.2217288911342621 0.5324235111474991 0 3.102566935122013 1.946349121630192 0 0.1131445169448853 0 9.658358007669449 0.08168459683656693 1.520900033414364 2.218149602413177 0.1002049893140793 0 0.2268432527780533 0 0.613737165927887 1.432820439338684 0.2264421731233597 0 1.436097703874111 1.506477005779743 0.1862036809325218 0 0 0.09546007961034775 0 0.2627337276935577 0.4149302169680595 0.4026802629232407 0.269250176846981 0.8803259581327438 0 0.3652588129043579 0.5560800284147263 4.707804173231125 0.3731284439563751 0.3402014896273613 0.4509407505393028 0.09913292527198792 0.08024804294109344 0 0.09571696817874908 0 0 38.30896021425724 0.6635797023773193 0 0.6021793112158775 0.09314755350351334 2.177263453602791 1.316384293138981 0.3530361652374268 3.32579293847084 0.6383769065141678 1.58161398768425 0.5779583156108856 1.770576380193233 0 0.2052005082368851 0 0 0.4573250114917755 0.08390812575817108 0 0 15.53188262879848 3.302492752671242 7.843593128025532 240.7755060270429 63.88793002814054 540.0109431967139 47.38797336816788 965.3016825765371 64.51221317052841 2.270144775509834 67.95445884019136 9.975673235952854 0.8072375804185867 10.49617939442396 0.323210671544075 15.35728597640991 0.1323443949222565 0.5065174102783203 1.96451248973608 7.308256402611732 0
1401.83783082664 1984.872477315366 0 55.33772467076778 807.3210628479719 35.63053677976131 126.8338394239545 472.2764637544751 1725.60147433728 35.14732477813959 4308.534870289266 121.3295171707869 686.0824983716011 910.9369827359915 14.78950828313828 7.260629922151566 0.4591866284608841 2.189794257283211 0.2564481347799301 16.98082951456308 118.074148081243 0 2.909049555659294 2.645455539226532 1.728287950158119 9.373169660568237 3.016072198748589 3.647403992712498 0.58800108730793 2.409964330494404 6108.94950722158 1093.771539032459 150.8167176321149 3.47645603120327 3.962234243750572 2.091028988361359 101.8286512419581 5.147381782531738 3.791300512850285 4.050997525453568 2.859096452593803 0.7265448421239853 2.683074563741684 1.179661780595779 3.866289585828781 7.942709915339947 18.8778769671917 4.266439571976662 2.839700818061829 10.135582908988 0.1025555059313774 0 0.1402431279420853 0 1.098070427775383 1.578487545251846 90.09909235686064 867.6178481504321 10.27704543620348 13.0994459092617 5.189259424805641 59.55328586697578 0.5293373912572861 118.8043646886945 1.684507586061954 0.716954194009304 0.7831569388508797 0.4694022387266159 11.41919396072626 0.4767248779535294 109.399388037622 0.6156591027975082 0 78.85935865342617 136.4817873463035 76.15310674905777 41.13491088151932 11.40181180089712 20.65265060216188 1081.18578286469 39.98301635682583 187.9479358419776 1.752922117710114 0 3.214943028986454 0.1710528209805489 18.13322460651398 0.1769988536834717 0.3966437950730324 0 0.2771188542246819 0.167274571955204 0.3175576329231262 0 0.3334048837423325 63.62995180487633 10.78879778832197 0 6.070603333413601 335.3105973899364 0.1177490651607513 0 0 0.3973636031150818 0.1302410215139389 4.056739836931229 0 1.411652684211731 2.768180035054684 1.048646055161953 0 4.529783003032207 4.013839058578014 4.501963049173355 7.877366602420807 0.1356039494276047 0.288221001625061 0 0.2464605271816254 0 0 0 0 0 0 0 0 0 0 0.2196870297193527 0 0 0 0 1.323409661650658 0.9817371368408203 0 0 0 8.912390828132629 0 0.100941114127636 0.3706036806106567 0 0 0 0 0 2.138758771121502 0 0 2.220509767532349 2.55751745402813 0.3218195587396622 0 0 0.08215535432100296 0 0 0 0.1177633926272392 0.3743926882743835 0 0 0.4259564131498337 0 1.586610615253448 1.183354467153549 0 0.08627490699291229 0 0 0 0 0 0 23.81249340623617 0.1482722908258438 0 0 0 1.475525557994843 0.1410099565982819 1.378151267766953 1.997691601514816 1.382602527737617 0.5886980146169662 0 0 0.1285691112279892 0 0 0 0 0 0 0 6.266856752336025 6.169285260140896 5.453868396580219 29.42942551523447 10.52394331246614 66.65419910848141 8.24436429142952 113.84084495157 6.573924340307713 0.3300350084900856 8.556662529706955 4.000220827758312 0.3858724758028984 6.17468635737896 0 3.932147890329361 1.320068746805191 0 3.379761770367622 0.9747787714004517 0
968.1188474223018 841.5955931097269 55.33772467076778 0 30.53046207875013 708.515290170908 533.5212751030922 2.697948396205902 19.37052127718925 1937.52738814801 8.681703746318817 899.5920731052756 1342.534975275397 302.750792697072 7.558090321719646 0.7237910702824593 0.2103281319141388 0.1298089921474457 0 0.2671558260917664 0.2829106375575066 0.3349767029285431 0 0 0 0 0.3695426657795906 0.1990613788366318 0.1000761762261391 0.2665978670120239 226.3242878988385 15.25222831219435 4.144631445407867 0 0 0 7.110726289451122 0 0.9912623837590218 0 0 0.5029667317867279 0 0 0 0 9.774273999035358 5.321917489171028 0.1110556423664093 0.3379397690296173 0.8807358071208 0 0 0.5202142372727394 4.681958615779877 4.146210990846157 108.5631439909339 493.5347571521997 10.40184349566698 24.1205870360136 0.1162785738706589 2.037571370601654 0 22.0647644624114 6.517122901976109 1.360762812197208 2.289803899824619 0.4404719546437263 0.3652510792016983 0.2993651926517487 16.28918363898993 3.105443954467773 0.2762007415294647 238.5017514973879 194.9834335297346 72.86121594160795 22.91555102169514 2.79093474894762 0 7.422323144972324 0.5715420246124268 1.991877809166908 4.478799536824226 0.1073140054941177 7.772389374673367 1.178792953491211 3.700813338160515 0.2197396084666252 1.198754288256168 0.2293599173426628 0.3827032670378685 0.3199610710144043 0 0.1726826950907707 0.1557315289974213 338.0281857848167 2.590414822101593 0 0.7855509072542191 411.557141520083 0.1253523528575897 0 0.9770893454551697 1.546697825193405 0.269765704870224 22.01040055602789 4.031149372458458 5.491983599960804 11.26650329679251 2.658309809863567 0.9653735309839249 16.95696524530649 15.41689932346344 6.669371396303177 4.8188716173172 0.1152869611978531 1.052816323935986 0.1226338297128677 0 0 0 0 0 0 0 0 0 0 0 0 0 0 0 0 2.164802312850952 1.645511403679848 0 0 0 6.362012006342411 0 0.9010113775730133 0.3571717068552971 0 0 0 0 0.3525312095880508 1.37004043161869 0 0 1.698853872716427 1.019229307770729 0 0 0 0 0 0 0 0.1206605955958366 0.2578465640544891 1.292655743658543 0.125127837061882 0.1455457210540771 0 2.76975890994072 0.5713191032409668 0.1138322576880455 0.5273425132036209 0 0.104065328836441 0 0 0 0 20.0306496322155 0.07974481582641602 0 0 0 2.910375416278839 0 0.1256051361560822 1.311401054263115 0.7145248204469681 0.3520562201738358 0.541452020406723 0.142346516251564 0.1048975437879562 0 0.08077702671289444 0 0.4268100187182426 0 0 0 7.975845165550709 1.502475306391716 2.824991598725319 90.55038139224052 9.589241862297058 110.0488553270698 7.056581355631351 698.6460045576096 13.71112656593323 0.4971514344215393 12.05463691800833 2.936080448329449 0.1809784099459648 5.50716270506382 0.0989665687084198 6.320995979011059 0.5888510048389435 0 3.5023113489151 0.9460296481847763 0
585.3854084983468 2736.899265803397 807.3210628479719 30.53046207875013 0 20.11965124309063 2806.703200981021 120.957886941731 10206.11700798571 155.1371455490589 776.8840649798512 83.62006789445877 995.5762042924762 349.3726790100336 51.35215280205011 2.683014050126076 0.3866320848464966 0.2821372225880623 0 0.4526122435927391 1.594268880784512 0.09985575824975967 0 0.2847954630851746 0 2.537816002964973 0.5578789338469505 2.226149521768093 1.386809512972832 1.354366824030876 419.7858288064599 85.87360230833292 16.18225223571062 0.2223218455910683 0 0.1562519073486328 10.58421452343464 0.9444761648774147 3.655370317399502 0.4820170477032661 0.7018827423453331 1.007873691618443 0 0.3725343495607376 0.462771013379097 0.1064566522836685 71.94976205378771 15.08942653238773 0.8662412613630295 0.2481858879327774 2.572667717933655 0.5428930968046188 0.1827904507517815 0.8019877225160599 5.609544992446899 6.631802186369896 21.32648365944624 250.9643718078732 5.143606163561344 87.24483947455883 0 5.305193886160851 0 114.6206879541278 8.81527379155159 2.959020473062992 3.160740032792091 1.186749391257763 0.2850099354982376 0.2815944328904152 61.81835532188416 0.1284306049346924 0 210.1273198872805 319.8846594840288 440.6238904818892 126.7177587673068 3.668223708868027 0 13.66164869070053 0 0.7542432323098183 7.744037933647633 0.07748575508594513 15.44908835738897 2.278748415410519 11.5724004432559 0.361923523247242 3.313182480633259 0.3700703233480453 1.728558607399464 2.085383117198944 0.8469257578253746 0.301800049841404 2.343641065061092 81.38924780488014 0.7412941455841064 0 1.62983014434576 24.19823700934649 0.4510033801198006 0.2568317130208015 0.9198591783642769 2.527170546352863 0.5993891060352325 37.95053064823151 1.416068226099014 10.21083120256662 25.30107071995735 9.826214849948883 0.4423008039593697 27.31246474385262 29.2457822561264 15.56397204101086 11.51190939545631 0.1023509725928307 2.257941454648972 0 0.2011634260416031 0 0 0 0 0 0 0 0 0.2141890302300453 0.3992603123188019 0.4609428197145462 0 0 0.1656272560358047 0 7.266527839004993 0.6274957358837128 0 0 0 17.69168423861265 0.1287688016891479 2.635380148887634 1.106987975537777 0.2711264193058014 0 0 0 0.1909629553556442 2.354821749031544 0.4996339082717896 0 1.720504842698574 3.36020915210247 0.2504721358418465 0.09457899630069733 0 0 0.298114150762558 0.08140892535448074 0.1287101358175278 0.09436282515525818 1.030645325779915 1.004634954035282 0.2851969003677368 0 0.4218318611383438 6.241751857101917 1.5101108700037 0.08769230544567108 0.5650536566972733 0 0.2565752938389778 0 0 0 0 52.39654213935137 0.4402949512004852 0 0 0 2.601043701171875 0.9121498167514801 0.1898194849491119 2.667147882282734 2.614511363208294 2.116334557533264 0.8423204272985458 0.9106452614068985 0.4536258280277252 0 0.08260837942361832 0 0.08225159347057343 0 0 0 23.98336447775364 2.316788494586945 6.970462664961815 175.7719250097871 41.07108456641436 354.3747268691659 41.24560939520597 117.9755381420255 51.58031918853521 2.546885408461094 51.79194080084562 6.75281123816967 1.386631563305855 13.00906506180763 0.1134125664830208 21.14221636205912 2.292306542396545 0 2.432562679052353 6.957612462341785 0
276.0767850577831 427.3057521656156 35.63053677976131 708.515290170908 20.11965124309063 0 174.8557917401195 2.526551514863968 10.30031972378492 1051.983165055513 17.08141681551933 164.7500779032707 144.9843493029475 47.6712811589241 0.2860957384109497 0.4653207510709763 0.1671046763658524 0.1215061396360397 0 0 0.4147781729698181 27.36157542467117 0.3893112242221832 0 0 0.4947231858968735 0 0 0 0 74.21504139900208 2.889591008424759 5.54618889093399 0 0 0 8.71705849468708 0.3959625661373138 0.8530219793319702 0.151764839887619 0 0 0 0 0 0.6850466132164001 0.3399734199047089 0 0.1221424713730812 0.1097584515810013 0.8849859014153481 34.60833808779716 0 0.4340632557868958 0.3497963920235634 1.706824108958244 396.2580490857363 59.46840138733387 7.775452025234699 1.484011575579643 0.147706151008606 4.416971474885941 0 1.917938716709614 0.2632021233439445 0.5664805024862289 0 0.1467116326093674 0 0 173.1608421877027 242.0848840773106 27.94127658009529 20.13176745921373 10.76784299314022 3.765884205698967 1.207786202430725 0.3040142804384232 0 22.25156791508198 0 7.384787976741791 0.5684384927153587 0.7121217995882034 0.6076033189892769 0.4027269780635834 0.2998681366443634 6.99530416727066 5.572407424449921 24.78800557553768 1.537370696663857 2.325402170419693 0 0 0 334.0021468400955 157.0427911281586 50.58967009186745 13.03226038813591 651.8828467726707 0 0 0 0 0.1843770295381546 4.759234637022018 0.6317804083228111 0.8404722660779953 2.100036561489105 0.5727614909410477 0 4.057672530412674 1.438777700066566 0.6961221247911453 0.8997332602739334 0 0.3273489773273468 0 0 0 0 0 0 0 0 0 0 0 0 0 0 0 0 0 0.6173088252544403 0.4972618520259857 0 0 0 0.963884174823761 0 0.1229879185557365 0.1878650784492493 0.1457558423280716 0 0 0 0 0 0 0 0.1250103414058685 0.290540874004364 0 0 0 0 0 0 0 0 0 0 0 0 0 0 0.1839544624090195 0 0 0 0.07908544689416885 0 0 0 0 3.519748494029045 0 0.5743079781532288 0 0 0 0 0 0 0 0.4162129089236259 0 0 0 0 0 0 0 0 0 0 1.736536845564842 0.936790868639946 0 5.059478998184204 0.3254076391458511 8.872398532927036 0.8318157941102982 238.068217009306 6.299440532922745 0.4456075429916382 2.894140809774399 0 0 0.8575636073946953 0 0.7659922242164612 0 0 0.1536529362201691 0 0
218.6482778117061 4837.432103835046 126.8338394239545 533.5212751030922 2806.703200981021 174.8557917401195 0 9.793338745832443 1031.943968340755 2688.542499542236 81.16902477294207 651.4590496718884 2999.13091827184 319.4219626411796 79.55598455667496 4.599748164415359 0.5471430867910385 0.3488467186689377 0 0.2817381843924522 2.338010706007481 0.256065160036087 0.1659431308507919 0.4021134823560715 0.7086677178740501 3.260694086551666 0 2.262518018484116 2.048526786267757 1.527215361595154 337.834020331502 55.88241751492023 13.67956799268723 0.09143809229135513 0 0.2076152712106705 30.28195896744728 0.09962289035320282 3.388785399496555 1.485036626458168 0.3348747193813324 1.737887516617775 0.2404389977455139 0.2347183004021645 0.1846368089318275 0.2344524562358856 104.6040474325418 25.61870595067739 1.521190077066422 0.2342871874570847 2.501609355211258 1.32168373465538 1.177545256912708 1.181022785604 7.574347376823425 11.93304932117462 61.81035322695971 480.8951648101211 9.055128134787083 131.3382571712136 0.2401154115796089 3.740061081945896 0 138.9916876479983 15.05172072350979 3.094589941203594 6.123971380293369 2.120009325444698 0.1274972409009933 1.276923336088657 142.4723374173045 2.349358581006527 0.5386623740196228 371.0778497830033 511.5025106221437 611.0608850046992 177.8386861905456 7.012467987835407 0.1300401091575623 13.60030258446932 0.2483977600932121 2.923468828201294 14.3017263635993 0.4339911267161369 23.11933128535748 2.446199499070644 16.03163569420576 0.1541574448347092 4.808658622205257 0.7489122375845909 2.728649899363518 2.423539832234383 1.324453622102737 0.5915691405534744 3.896112523972988 802.303420573473 6.064562432467937 0.4419280663132668 1.859959326684475 78.19414110481739 1.413127012550831 1.885045133531094 8.394117757678032 13.01804145425558 4.611202023923397 216.9171339273453 16.30078627169132 72.14462618529797 150.4031710848212 33.22676341235638 5.620304480195045 164.9011802971363 153.1357512399554 91.47724009305239 61.38714551180601 0.9962466433644295 6.2158347889781 0.2415769323706627 0.1344384700059891 0 0 0 0 0 0 0.3422872573137283 0 0.1977178901433945 0 0.1123002395033836 0 0 0 0.3775320202112198 21.57410378754139 12.095632776618 0 0 0.1777714341878891 51.57260931283236 0.5817892923951149 3.604379072785378 2.100922226905823 0.310142382979393 0 0 0 1.716195710003376 2.824751168489456 0.1959916800260544 0 7.934504747390747 12.79879560321569 0.3354343399405479 0 0.4545947015285492 0 0.2292485609650612 0.2320353910326958 0.6538062021136284 0.4151461645960808 2.499801158905029 7.538570590317249 0.1649279892444611 0.4830153733491898 1.734893769025803 28.71707958728075 6.100792542099953 1.611426256597042 3.362900033593178 0 0.2171522602438927 0.1567144989967346 0 0 0 220.8206728547812 0.2746475636959076 0 0.08079766482114792 0 15.27346646785736 2.651763796806335 3.155297234654427 10.06263125687838 9.365938797593117 10.62345001846552 1.65730656683445 3.854897543787956 0.7011501640081406 0.2144421264529228 0 0 0.8087388649582863 0.0873342752456665 0 0 94.38288948684931 7.077286645770073 24.17535875737667 424.1111446171999 56.74722031503916 565.0940642356873 60.31177063286304 513.4494322240353 94.2348907738924 4.076571956276894 101.3153047636151 23.08533019572496 2.040873453021049 50.50595504790545 2.158687628805637 82.00149085372686 3.306514948606491 0.3427441865205765 12.30142240226269 10.68498015403748 0.8993806019425392
37.43737384676933 131.5238571092486 472.2764637544751 2.697948396205902 120.957886941731 2.526551514863968 9.793338745832443 0 758.8591108247638 4.526635572314262 4442.768121942878 33.26414656639099 200.2006919533014 1120.030788362026 11.06724511831999 6.404652521014214 1.287707343697548 14.6832208558917 1.611775442957878 43.6673224568367 202.3671724796295 0.1634795665740967 5.508893817663193 4.841597616672516 0.8812506124377251 21.4216261357069 2.274381697177887 5.210880041122437 0.3107109814882278 1.001395925879478 303.6773239150643 1065.930537328124 234.7474265396595 5.769695788621902 3.698397129774094 2.695320814847946 82.02521869540215 10.03491770476103 6.471650458872318 4.681128405034542 4.621260352432728 0.640492245554924 15.79014065116644 1.822152957320213 11.06850556284189 15.994300827384 12.97493803501129 2.776107475161552 6.06462537497282 48.13265685737133 0.3317227140069008 0.2644740045070648 0.2566700279712677 0.5884051322937012 0.08534930646419525 0.187296450138092 2.437600299715996 34.78559661656618 0.4649920016527176 4.835330605506897 31.96397241950035 132.5930709391832 0.5335888713598251 34.54617059975863 0.3866567984223366 0.7464778870344162 0.2127804979681969 0.6672740802168846 32.27013225108385 1.333286665380001 34.58420251309872 0.1217441633343697 0 12.51589814573526 49.13050120323896 39.44628535211086 35.34450933337212 76.35684955120087 372.2777465879917 6805.961197316647 195.4082769230008 1472.45876391232 0.8973088413476944 0 1.051591619849205 0.07516859471797943 75.2075609639287 0 0.09279958158731461 0.1518839746713638 0.208387166261673 0 0 0 0.4204290881752968 5.812437936663628 2.852467209100723 0 0.9642789736390114 11.25271864235401 0 0 0 0 0 0.1731301099061966 0 0.4107000976800919 0.3718644604086876 0.1282687485218048 0 0.4870428815484047 0.2180854678153992 0.2394696772098541 0 0 0.2402284517884254 0 0 0 0 0 0 0 0 0 0 0 0 0.1401534676551819 0 0 0.4886724948883057 0 0.6585644334554672 0 0 0 0 0.5047006011009216 0.1869794875383377 0.0899709165096283 0.2013886496424675 0.2257792353630066 0 0 0 0 0.5357566401362419 0 0 0.1170753315091133 0.1044668555259705 0 0 0 0.5557945743203163 0 0 0 0 0.3317561447620392 0 0 0 0.1409635692834854 0.2964364886283875 1.014748096466064 0 0 0 0 0 0 0 0 3.093706712126732 0 0 0 0.1281809210777283 1.440822631120682 0.1132333651185036 0 0.4334526360034943 0 0 0.1140389665961266 0.1455010175704956 0 0 0 0 0.09169420599937439 0 0 0 2.10794723033905 0.9752307683229446 1.656053930521011 26.19718226790428 8.142270483076572 53.46740181744099 4.704874329268932 6.24732705950737 1.86901430785656 0.09940054267644882 4.179477378726006 0.9522397965192795 0 0.5580366998910904 0 0.752303421497345 0 0 0 1.35853086411953 0
117.4868860542774 3040.379673063755 1725.60147433728 19.37052127718925 10206.11700798571 10.30031972378492 1031.943968340755 758.8591108247638 0 123.8874951973557 3445.499476335943 145.5688457563519 3292.182511150837 3014.822162635624 95.69343066215515 10.06020683795214 0.5564476922154427 0.2607144042849541 0.1906047239899635 0.2998988851904869 3.372096486389637 0 0 0.09346912801265717 0.1893750578165054 2.778934732079506 0.3472565114498138 1.823996536433697 2.643874891102314 1.625787176191807 264.7950642630458 138.8549425452948 183.6885778158903 0 0.1427509933710098 0.117314413189888 56.42590865492821 0.6596098989248276 2.568383514881134 0.7267160937190056 0.7268626689910889 1.631767258048058 0 0.832474522292614 0.125621885061264 0.6329367086291313 99.38345136493444 13.99649521708488 1.361238442361355 0.2255464568734169 1.172607414424419 0.8479302749037743 0 1.715363301336765 3.68584930151701 5.300822265446186 13.73310820013285 116.8397480621934 3.96603649109602 85.68600077927113 0.4654248580336571 17.89656086266041 0 144.5831374973059 7.412373788654804 2.381242200732231 4.142095856368542 0.8340171054005623 1.055102579295635 0.5449916273355484 90.4755716919899 0.5383635759353638 0 155.6421638950706 299.0604616180062 542.1164561808109 225.3140332624316 10.53007084876299 0.3240306004881859 57.93436782062054 0.302008181810379 4.032227568328381 4.311298988759518 0 12.52216796576977 0.7795011922717094 10.8171094879508 0.4980494305491447 2.437256410717964 0.6442093476653099 1.303064681589603 2.328201197087765 0.7690259516239166 0.7245023846626282 1.581568419933319 157.727240614593 1.717981517314911 0 2.576408825814724 13.10243394970894 0.6858653277158737 0 2.051540546119213 4.885891422629356 0.5042524039745331 60.98331204801798 5.051852151751518 23.78271560370922 41.40975805372 13.49654291570187 2.635688945651054 44.67764282226562 42.18961983174086 25.52611331641674 20.14823875576258 0.9754339158535004 3.056505158543587 0 0 0 0 0 0 0 0 0 0.1762580275535583 0 0 0 0.112444207072258 0 0 0 10.19991029798985 2.613012731075287 0 0 0 16.62170294672251 0 3.031738311052322 1.598093956708908 0.09314186871051788 0 0 0 1.737800426781178 1.822947859764099 0.1729923039674759 0 2.895757935941219 4.82339696586132 0.1087267771363258 0 0 0 0.12940813601017 0 0 0 1.478006221354008 2.643274925649166 0 0.2294232323765755 2.145521424710751 8.991941161453724 0.715122327208519 1.029491081833839 1.593774870038033 0.07750196754932404 0.3034390509128571 0 0.1005276814103127 0 0 72.92452126741409 0.2967423647642136 0 0 0 4.634031414985657 0.9413565546274185 1.810958355665207 4.120843134820461 2.644556373357773 3.448528423905373 0.8059832155704498 1.502724975347519 0.582404725253582 0 0 0 0.6041575744748116 0 0 0 30.3492758795619 3.204148903489113 7.828553326427937 252.2187084034085 40.10335721820593 417.6271657496691 57.55200089514256 90.83780445158482 78.01825308054686 2.897397495806217 95.22312837094069 11.96885931491852 1.47293845564127 21.36562901735306 0.9689122587442398 34.86357372999191 0.8340246081352234 0.8620527610182762 2.71288900822401 12.58960191905499 0.3794611096382141
1248.797038324177 400.9219936355948 35.14732477813959 1937.52738814801 155.1371455490589 1051.983165055513 2688.542499542236 4.526635572314262 123.8874951973557 0 16.61788440495729 2086.21022669971 4083.847052074969 802.2443588078022 12.1755895242095 2.006770879030228 0.09786258637905121 0.3952605426311493 0 0.6222337484359741 2.138468943536282 3.209961876273155 0 0 0.1176014617085457 1.129304617643356 0.3762430250644684 0.3733571544289589 0.2065144181251526 0.204631932079792 207.2022810652852 22.68962703645229 12.91192360967398 0 0.3875416815280914 0 17.96712505817413 0.2489088773727417 1.886198088526726 0.1962983012199402 0 0.08790351450443268 0 0.1864077597856522 0.1354383230209351 0.1476811617612839 20.45755196362734 9.465825825929642 0.2172736972570419 0.3087884485721588 0.7850557789206505 2.290739558637142 0.1210964098572731 0.217375248670578 4.677161559462547 4.476270653307438 125.4778693243861 500.4596457853913 13.9405031055212 39.10264777392149 0 13.25540532171726 0.1764131486415863 42.63339721411467 7.431150332093239 1.304262161254883 2.948081247508526 0.8484828844666481 0.2087511420249939 0 165.771619707346 4.376399025321007 3.026175618171692 267.7815294191241 275.4830067530274 134.9547833129764 33.56142511218786 6.197289787232876 0 26.7884569093585 0.1865565031766891 5.590666338801384 5.981631837785244 0.309741884469986 7.743094950914383 1.113887391984463 4.493783548474312 0.6224704831838608 2.551107458770275 3.300597012042999 0.6487978547811508 1.002648591995239 0.09411462396383286 0 0.397932305932045 1373.418083481491 24.30822689831257 1.015504509210587 8.758982568979263 454.7761430814862 1.313762590289116 3.015036717057228 8.17717082798481 18.27039647847414 2.490029349923134 176.864660397172 28.98629263043404 38.53544740378857 151.0696968510747 120.5446997880936 2.734705902636051 107.4765135496855 205.6235152184963 61.09679469466209 30.17105035483837 0 1.10758850723505 0 0.1205940097570419 0 0 0 0 0 0 0 0 0.1014146879315376 0 0 0 0 0 0 10.61038038879633 3.514248169958591 0 0.118191622197628 0 16.31976312398911 0 1.257299453020096 0.156643345952034 0 0 0 0 2.28808856010437 1.685633778572083 0.1209955289959908 0 3.521609924733639 4.576695069670677 0.4393870159983635 0.1144548505544662 0 0.1052000746130943 0 0.09102868288755417 0.1591380089521408 0.4639891311526299 0.5982545986771584 1.117846563458443 0.3063194453716278 0.1628209054470062 0 10.95743051171303 1.777261763811111 0.811192974448204 2.677042484283447 0 0.3197188228368759 0.08670284599065781 0 0 0 79.31554663926363 0.1850060075521469 0 0 0 6.528877720236778 1.384874910116196 0.9554544985294342 5.861287169158459 3.752762950956821 3.756095722317696 1.891640141606331 1.810315109789371 0.1163871213793755 0.0901096984744072 0 0 0.4583268314599991 0 0 0 60.20851481705904 2.592688374221325 8.839121237397194 293.7772393450141 13.74651841819286 170.2303701713681 12.79839775711298 1277.565323397517 19.7626139074564 1.221006780862808 26.43739783018827 12.22487985342741 0.2316352277994156 28.30969281494617 1.725972183048725 62.37335968017578 2.980138003826141 0.5722565054893494 3.956807412207127 1.185569137334824 0
394.6736374869943 1868.813358657062 4308.534870289266 8.681703746318817 776.8840649798512 17.08141681551933 81.16902477294207 4442.768121942878 3445.499476335943 16.61788440495729 0 181.4758898019791 1865.800767742097 3443.991598397493 34.76294732093811 7.19980226457119 1.093974269926548 0.6355998814105988 0.275179848074913 2.758037284016609 33.02805255353451 0 2.016963958740234 4.772379606962204 1.660421147942543 16.70307940244675 6.19972737133503 3.150732055306435 1.486924901604652 7.333850115537643 1342.566476494074 1548.664454460144 932.1029745265841 1.629659280180931 6.767891570925713 1.10080648958683 467.3382007628679 16.24833995103836 5.115862302482128 4.104878172278404 5.506343528628349 1.614062108099461 0.6156572252511978 2.22439381480217 1.796176269650459 3.660108149051666 29.62087517231703 3.934436060488224 0.3118699565529823 0.3998447060585022 0.274700254201889 0 0.1120353788137436 0.1352254301309586 0.6354430168867111 1.339469350874424 15.28356746584177 151.9225265160203 1.829480960965157 29.77487497031689 2.684777922928333 204.9020196348429 0.5429089367389679 98.28181097656488 3.180811919271946 0.5665403380990028 0.8985667303204536 0.3250769376754761 1.436863929033279 1.137612253427505 165.542464710772 1.097960397601128 0 62.94684100151062 162.5292586088181 210.4580677971244 130.0064955130219 12.45618018507957 46.80724300444126 1120.602774709463 8.557117819786072 63.61642275005579 2.092239417135715 0.1080405712127686 4.778817601501942 0.3889205381274223 4.06182137131691 0.1038117855787277 0.5525161772966385 0 0.4337001442909241 0.1831518411636353 0.828373096883297 0.4129434525966644 0.4061124473810196 54.28034938871861 16.18296297639608 0 3.896292954683304 54.23113993555307 0 0 0 0 0.1587035953998566 0.4206622764468193 0.4357233047485352 0.4227370172739029 0.4970775470137596 0.233538419008255 0.3029049634933472 3.093870677053928 1.592535018920898 0.1620235592126846 1.242461897432804 0 0.1246310770511627 0 0 0 0 0 0 0 0 0 0 0 0 0 0 0 0 0 0.3788314163684845 0.3247007876634598 0 0 0 3.225980125367641 0 0.3166200891137123 0.1780456304550171 0 0 0 0 0 0.4787010923027992 0.1174043640494347 0 0 0 0.1084548979997635 0 0 0 0 0 0 0 0.1421320140361786 0 0 0 0 1.096786424517632 0.1753238290548325 0 0 0 0 0 0 0 0 5.966012582182884 0 0 0 0.1221837252378464 0 0.6198230683803558 0 0.5883537828922272 0.2298089563846588 0.6031583249568939 0.2756182104349136 0 0 0 0 0 0 0 0 0 5.566129289567471 1.181455090641975 1.386401437222958 53.05227375030518 10.41127537935972 123.6297563910484 14.08273419737816 40.92261061817408 14.93716701120138 0.3484647199511528 26.45617640018463 1.659713216125965 0 2.311750121414661 0 1.04636450111866 0 0.1852640211582184 0.7760915607213974 1.723228454589844 0
203.8438027501106 241.6402086466551 121.3295171707869 899.5920731052756 83.62006789445877 164.7500779032707 651.4590496718884 33.26414656639099 145.5688457563519 2086.21022669971 181.4758898019791 0 2084.831006959081 558.0807519555092 50.65581568330526 16.45531406998634 0.1068183034658432 0.4771477580070496 0 0.314983144402504 6.501028299331665 0 0 0.3544330596923828 0 5.435458086431026 1.205489635467529 0.9895150363445282 1.011137276887894 2.646903686225414 94.15721451491117 91.79417143762112 52.35200447589159 0 0.7479411512613297 0 173.0998682230711 1.128303043544292 0.3686467260122299 1.910489119589329 1.088002398610115 0.3001334071159363 0.2337507754564285 2.078467756509781 0.2291779071092606 0.5322857797145844 39.45756367594004 2.720031470060349 0.09163155406713486 0 0 1.029654517769814 0 0.6786371693015099 0.9698555171489716 2.401132352650166 12.72045398503542 56.55576124787331 1.904394872486591 22.53756139427423 1.188998475670815 27.67227020859718 0 102.2835412696004 1.554829135537148 0.3202857449650764 0.8007421344518661 0.2970205619931221 0.3827433735132217 0.3639488220214844 305.5946449115872 4.343843385577202 0.3119906187057495 49.53769609332085 88.09798161685467 143.1023671776056 89.04579476267099 28.67468263208866 2.772618561983109 57.01381894946098 11.51309910416603 4.885140284895897 0.9300214573740959 0 2.558414675295353 0.0853104293346405 1.927024163305759 0 0.4181744307279587 0.736303836107254 0.5142925083637238 0.7314533218741417 0 0.08401879668235779 0 1714.405564725399 82.94453196227551 0.1648306995630264 6.093993157148361 51.23806230723858 1.11500821262598 1.243778757750988 5.955635987222195 7.915458679199219 4.818112626671791 159.5974858254194 12.54450333118439 51.19225139915943 97.04751988500357 29.02894660830498 2.834165260195732 116.9325808882713 102.660363085568 68.64126880466938 58.4415138438344 1.464938521385193 7.920780226588249 0.4159153178334236 0.5841103196144104 0 0 0 0 0 0 0 0 0 0 0 0 0 0 0 18.25431076437235 7.822211496531963 0 0 0 44.80525656044483 0 1.988709345459938 1.20007412135601 0.09162313491106033 0 0 0 2.865356683731079 6.630499944090843 0.8722265958786011 0 7.906421341001987 9.492711193859577 0.7739948853850365 0 0 0 0 0.3116802424192429 0.6197165846824646 1.289462514221668 2.34820917993784 3.880987823009491 0.1048569455742836 0.697948157787323 0 23.93451487272978 6.512433469295502 1.128073364496231 3.016038149595261 0.08875113725662231 0.128716841340065 0.1331825256347656 0 0 0 188.1567365154624 0.7781196236610413 0 0.09341337531805038 0 13.31651186943054 1.936582684516907 1.205187276005745 12.31234491616488 11.3900059685111 7.807628199458122 4.382821388542652 1.715304493904114 1.33202201873064 0 0 0 0.3951986059546471 0 0 0 100.8004575222731 8.913642287254333 17.90982820093632 177.2526904940605 9.687678337097168 170.9224045425653 24.85685095191002 167.8697398751974 30.53502235561609 1.046809509396553 56.15220967680216 21.52226918935776 0.8808536604046822 41.44693394005299 1.702848859131336 83.42515907436609 3.809113547205925 0.5697745382785797 11.10941694676876 4.14841053634882 0.3132125735282898
225.7855527177453 1257.006061568856 686.0824983716011 1342.534975275397 995.5762042924762 144.9843493029475 2999.13091827184 200.2006919533014 3292.182511150837 4083.847052074969 1865.800767742097 2084.831006959081 0 4742.567591272295 179.122734606266 47.08015140891075 0.5799716338515282 1.610823974013329 0.2580470815300941 2.575937554240227 33.29501121491194 0.3587918877601624 2.004513308405876 3.331228017807007 0.7701758369803429 10.66170587390661 5.637857414782047 3.407141096889973 3.997920386493206 4.365160457789898 282.2249582335353 223.4092136994004 419.0538994222879 4.276918768882751 4.84419709444046 2.794439978897572 420.9116478413343 9.977841280400753 6.069228664040565 6.392159387469292 2.244746670126915 1.766139909625053 0.962190642952919 4.154523707926273 2.511092931032181 8.458818569779396 144.537647202611 14.53014400601387 2.009485870599747 3.038353525102139 2.151282504200935 1.224778488278389 0.6560246422886848 2.438227735459805 5.239057570695877 7.029339544475079 23.18820796906948 146.7221428453922 6.257113039493561 97.46948631852865 12.47795017808676 198.5278115868568 1.111397728323936 244.7791054397821 6.123930610716343 1.700867034494877 2.462002851068974 1.23033744841814 0.8174143880605698 0.7689243257045746 772.0368344709277 7.947950020432472 0.3794005066156387 157.2962301149964 262.893177755177 576.8953041434288 323.7048776820302 68.42385295033455 6.212322555482388 215.500154748559 39.16391929239035 108.4520276412368 7.677938416600227 0.1099208667874336 9.05415191501379 1.215612508356571 9.654587894678116 0.2005956768989563 1.928688615560532 0.1014186888933182 1.297986641526222 1.701850771903992 1.090572118759155 1.259922467172146 3.216330878436565 1807.472607314587 65.00250419974327 0 16.19643684476614 65.12393186241388 2.035951547324657 1.007426247000694 8.874283671379089 13.10831335186958 6.455099284648895 226.2615992799401 15.32983843237162 61.403166487813 163.3876672387123 40.82026379555464 7.633231267333031 172.8235364556313 159.6381113007665 100.136714823544 68.47542835026979 1.065582111477852 9.526625968515873 0 0 0 0 0 0 0 0 0 0.1666918098926544 0 0.2169793844223022 0 0 0.122034028172493 0.6893533766269684 0 29.35072854161263 13.02815493196249 0 0.2714443504810333 0 73.20556625723839 0.2750864624977112 3.17689074575901 2.865550078451633 0.2004965543746948 0.115131214261055 0 0.1226581260561943 4.493352189660072 8.540500745177269 1.60126505792141 0 8.817605808377266 10.14116276800632 0.4633894413709641 0 0 0.2333879917860031 0.5733778029680252 0.2230253964662552 0.7220310196280479 0.9966712817549706 2.555500514805317 8.891049787402153 0.1587181240320206 2.077293619513512 6.482629097998142 39.83144409954548 6.809703201055527 2.570258975028992 3.785225361585617 0.1106121987104416 0.3426717892289162 0.21541528403759 0.1098476573824883 0 0 311.8453259468079 0.7565333992242813 0 0 0.246110662817955 23.66561638563871 5.891640119254589 4.100040689110756 14.75470769405365 12.31859705597162 8.48008169233799 2.785309508442879 4.507035464048386 1.339618220925331 0.2015614807605743 0 0 0.1649318933486938 0 0 0 161.3676835596561 24.41841849684715 29.44631833583117 422.1232990175486 56.62400189042091 535.5686499550939 88.72302150726318 252.1004283428192 111.705745510757 3.148830443620682 154.1018767803907 27.7248587012291 3.426651075482368 53.71301727741957 3.063888214528561 114.2896624356508 4.535130687057972 0.9490379020571709 13.42053700983524 15.93841588497162 0.1399604231119156
