0 4438.305104166269 693.8139771744609 1940.780347466469 1459.551561668515 51.91407963633537 1403.52889098227 86.6255626231432 134.7704452648759 2771.010895170271 196.622054323554 154.8679921627045 254.0788387805223 93.80245285481215 1.160076268017292 0.3150735720992088 0 0 0 0 0.1111819595098495 0 0 0 0 0.177367702126503 0 0 0 0 1684.467044860125 0.580967903137207 0.5778435617685318 0.1320799440145493 0.1217565014958382 0 0.4725159555673599 0 0 0 0 0 0 0 0 0 2.383049182593822 0.7945021539926529 0 0 1.111362874507904 0 0 0.4164980053901672 0.6022771298885345 1.317590095102787 194.2349495366216 759.699863538146 25.54654973000288 5.274463012814522 0 0.210855558514595 0 39.99962596595287 1.90806482732296 0.8983717933297157 0.9473611637949944 1.109681211411953 0.1269594430923462 0.2540472969412804 37.05863747000694 0.4050930291414261 0 90.34750052541494 10.5499507561326 5.149664238095284 1.010767996311188 0.1108961254358292 0.1782495677471161 1.58886182308197 0 0.4095673114061356 3.419033490121365 0.09405123442411423 1.66080517321825 1.16905914247036 0.4438651576638222 0 0.419061541557312 0 0.3288222849369049 0.1247304156422615 0.1379496157169342 0 0 28.34021687507629 0.1902293264865875 0 0 1100.645253933966 0 2.230584383010864 2.612745180726051 0.6658234596252441 1.474580749869347 0.9882844686508179 5.691328510642052 2.848983183503151 37.75413081049919 7.971054807305336 0.7463535219430923 10.02402687072754 5.110070869326591 6.678382478654385 0 0 0 0 0 0 0 0 0 0 0 0 0 0 0 0 0 0 0 0 0 0 0 0 0 0 0.358675017952919 0 0 0 0 0 0 0 0 0 0 0.406050443649292 0.2263068407773972 0 0.1565237492322922 0 0 0 0.09245143830776215 0 0 0 0.3068861365318298 0 0 0 0 0 0 0 0 0 0 0 0 0 0.4313558489084244 0 0 0 0 0 0 0 0.9435907304286957 0.577647790312767 0 0 0 0 0 0 0 0.2875939607620239 0 0 0 0 0 0 35.97168190777302 2.24132277816534 24.08148726075888 9.931228309869766 303.1880941838026 11.9165094345808 0.8934508487582207 2.474776148796082 0.620474562048912 0 0.2562457695603371 0.09849763661623001 5.814832657575607 0 0.1071082875132561 0 0.1284106820821762 0
4438.305104166269 0 1224.03341165185 320.8301396369934 3122.387916736305 332.8933807462454 2529.499960646033 139.0490899682045 1839.854505211115 875.2723343297839 410.8279976919293 115.4604233652353 413.5139302164316 514.635640271008 6.309690400958061 0.1040433794260025 0.2149178087711334 0.1922785490751266 0 0.6400330066680908 0 0 0.2749417126178741 0 0 1.183032870292664 0 0.3705186396837234 0.2855311632156372 0 3060.375453464687 8.023687027394772 0.8859800547361374 0 0.1224640533328056 0.1418937146663666 0.6218686252832413 0.2191707640886307 0 0 0.1311366558074951 0.2345103919506073 0 0.1692793816328049 0 0.1722655147314072 41.81811480224133 11.47968228161335 0.5055468827486038 0.795874185860157 5.779634326696396 0 0 0 3.446252845227718 6.257487408816814 140.652199909091 786.1549393311143 46.62394461780787 39.02128540724516 0.1262537688016891 0.3199342489242554 0 128.6567547991872 7.906078912317753 8.754467368125916 6.262581564486027 7.41820066422224 0.6471257731318474 0.4815790727734566 30.51249411702156 2.730648189783096 0 237.6244338452816 79.08757792413235 57.62959219515324 21.62789737433195 1.281770393252373 0.1286598742008209 7.234794072806835 0.4782170504331589 1.631962426006794 17.56836102157831 0.3253596574068069 16.45829094946384 9.52682127058506 12.05246200412512 0.4482233002781868 6.084100022912025 0.3674167096614838 0.9015793204307556 1.60561628639698 0.1295281052589417 0 0.1466527879238129 128.9128536134958 0 0 0 1396.789120666683 0.8103106915950775 3.60032619535923 6.52201110124588 6.028234586119652 1.541305035352707 6.814787924289703 12.69976139068604 11.56955936551094 29.31871008872986 22.36083590984344 5.323358714580536 31.77830058336258 25.8225554227829 20.51877461373806 1.080704033374786 0.2021044045686722 0.2207487225532532 0 0 0 0 0 0 0 0 0 0 0.1423841714859009 0 0 0 0 0 0 1.374115720391273 0 0 0 0 0.352830559015274 0 0.5386308804154396 0 0.1244790107011795 0 0 0 0 0 0 0 0.783869132399559 0.445204883813858 0 0 0 0 0.3732467144727707 0.1123286858201027 0.09784838557243347 0.4480738714337349 0 0.606696292757988 0 0.2669487148523331 0.2150245010852814 1.209094047546387 3.106229141354561 0.2615791782736778 0.3786123842000961 0.2919129431247711 0 0.2199565395712852 0.1390111893415451 0 0 2.978507027029991 0 0 0.5376908183097839 0 0.5833880305290222 0 0.6139295548200607 3.66808745265007 1.943413957953453 1.186569675803185 2.500185877084732 0 0.3308151662349701 0.6144208163022995 0 0 0.7774728611111641 0.5558983981609344 0 0 5.655613884329796 1.897088199853897 0.2248940169811249 201.619408339262 25.71927394717932 284.1271239593625 51.4495055899024 816.1837671995163 58.10785924643278 9.885873325169086 58.46587563306093 6.945912458002567 0.8252961114048958 1.595929339528084 0.1691644191741943 12.77663658559322 0 0 0 0.4884093850851059 0
693.8139771744609 1224.03341165185 0 8.565721839666367 2065.028352506459 109.8553989380598 218.2054632380605 2438.157104365528 1094.218806438148 31.16027283668518 3006.381962008774 10.78988852351904 99.4293113425374 369.2070241868496 15.48509721457958 14.85135622322559 2.937258303165436 1.089898005127907 0.2637822329998016 1.773129977285862 6.996017187833786 0.1340596377849579 14.11948704719543 6.609029099345207 0.9767653867602348 1.536136865615845 0.5500883907079697 0.4496955275535583 0 0 4968.203605018556 886.7845756486058 5.070679917931557 13.49962842464447 12.51968627423048 2.175040550529957 5.971884615719318 1.868835762143135 1.364962555468082 0.4441484212875366 9.910563781857491 1.324212677776814 4.335047721862793 9.085110463202 0.734472893178463 2.83964467048645 26.21318438649178 13.8381318077445 0.4818466603755951 3.3613166436553 5.703823573887348 0.1798577159643173 0.1363745629787445 1.030760228633881 1.062469989061356 3.685037344694138 69.5943313613534 991.4855036139488 19.20991338044405 17.6961795091629 13.23602917045355 3.269669741392136 5.497467093169689 335.6877459809184 2.64904522895813 3.939945332705975 2.784434132277966 9.97189524769783 8.819577157497406 66.97052451968193 2.469602823257446 3.957957327365875 0 93.88222853839397 59.70655253529549 31.04493924230337 30.79080571234226 5.624126844108105 201.1866785734892 404.2996532320976 2.462039545178413 275.0235241279006 5.8931645154953 0.1914249956607819 5.195250168442726 2.261696770787239 10.0013717263937 0 1.360970370471478 0.235265776515007 0.9934642389416695 1.469806976616383 28.69260806590319 1.182292364537716 0.9753740727901459 14.26501139998436 0.7964769154787064 0 0 638.2046177834272 0 0 3.08222796022892 0 1.199846640229225 1.057823657989502 2.06667959690094 4.254038780927658 0.436872124671936 4.060299605131149 0.1441980302333832 1.307688474655151 2.841433197259903 2.358897522091866 0.6353537738323212 0.1629958152770996 0 0.1121932938694954 0 0 0 0 0 0 0 0 0 0 0 0 0 0 0 0 0.3963678777217865 0 0 0 0 0.1379539370536804 0 1.856987401843071 0.09257858991622925 0 0.2727727591991425 0 0.1619186848402023 0 0 0 0 0 0.8994265496730804 0 0 0 0 0 0 0 0.09990909695625305 0 0 0 0 0.5775153338909149 0.5798381865024567 0 0 0 0.1186439096927643 0 0 0.2564204260706902 0.1422573179006577 0.3710426688194275 0.5688137412071228 0 0 0 0.1208046227693558 0.3265815824270248 0 0.7364553362131119 0.5339037179946899 0 1.467472612857819 0.3702205121517181 0 0.4755249619483948 0 0 0 0.2878681644797325 0.1512794643640518 0 0 0 0 1.541974999010563 89.32109677791595 11.73939064145088 104.7494318038225 25.80006650835276 288.4597668349743 19.30172416567802 3.102700933814049 30.67707331478596 2.900686651468277 0.1869383305311203 0.7521939650177956 0 3.437897861003876 0.3413800895214081 0 0.1249759793281555 0.6787305474281311 0
1940.780347466469 320.8301396369934 8.565721839666367 0 66.26598390936852 473.035801127553 1070.070832982659 0.3502575308084488 51.65048371255398 3376.302406325936 5.2700524777174 674.1774933040142 1010.082992225885 61.17974099516869 0.4844874441623688 0.2696124315261841 0 0 0 0.1416981518268585 0 0 0 0 0 0 0 0 0 0 108.3811919763684 0.430034801363945 0 0 0 0 0.3607215955853462 0 0 0 0 0.1306627541780472 0 0 0 0 1.704783126711845 0.1312320679426193 0.1320622712373734 0 0 0 0 0 0.6891025528311729 0.2157831639051437 26.48794315010309 75.84455501288176 4.621503204107285 1.482488937675953 0 0 0 8.565343603491783 0.4153941869735718 0.2257959842681885 0.3291900157928467 0.1091866791248322 0 0 194.4957757890224 0.6919405907392502 0 20.42634980380535 4.233734592795372 1.542310103774071 1.315059497952461 0.1312503218650818 0 0.4130044430494308 0 0.1567443758249283 1.544139266014099 0.120951309800148 0.8968288376927376 0.1971792280673981 0.7353535518050194 0 0.6550161018967628 0 0.1346497982740402 0 0.1211496070027351 0 0 74.24831706285477 0 0 0 425.1666977256536 0 1.319089189171791 1.932645827531815 0.6922886073589325 0.5422257930040359 3.935289099812508 3.202675342559814 2.196185290813446 41.59697717428207 9.086381748318672 0.2265908122062683 8.589971631765366 13.89426764845848 9.811606109142303 0.292946070432663 0 0 0 0 0 0 0 0 0 0 0 0 0 0 0 0 0 0 0 0.3412898182868958 0 0 0 0 0 0 0.1635340750217438 0 0 0 0 0 0 0 0 0 0.5395185947418213 0.2779374867677689 0 0 0 0 0 0.08262921124696732 0 0 0 0 0 0 0 0.8270245492458344 0 0 0 0 0 0 0 0 0 0.8430259078741074 0 0 0 0 0 0 0 1.190143764019012 0 0.6090715825557709 0 0 0 0.1181595474481583 0 0 0 0 0 0 0.504902720451355 0 0 22.05630619078875 0.7824796065688133 13.47614016383886 3.533383026719093 224.2891281321645 2.533676415681839 0.292501375079155 2.702069692313671 0 0 1.15722668170929 0 5.329527616500854 0 0 0 0.2538293302059174 0
1459.551561668515 3122.387916736305 2065.028352506459 66.26598390936852 0 63.3955455198884 2517.614612013102 323.1335049942136 5671.558885090053 829.5857033506036 823.9372131302953 359.4981258362532 518.9404819384217 1163.384224049747 22.62669682502747 2.352238602936268 0.4694762825965881 0.1120076030492783 0 0.9849610552191734 0.2146566659212112 0 0.228182390332222 0.2652979046106339 0 0.5561807975172997 0 1.216619342565536 0.7110065519809723 0 1371.026663281024 28.45824468135834 2.545159213244915 0.2436541616916656 0.1138752549886703 0.3205219507217407 3.722884893417358 0.6096628904342651 0 0.4406291767954826 0.7063423693180084 2.252716414630413 0.1182455942034721 0.8694229423999786 0.3697097301483154 0.2544198930263519 87.86043234169483 16.55879551917315 0.5845954790711403 0.6139305904507637 9.820485696196556 0.4271416068077087 0 1.232937723398209 3.62971805036068 9.431842945516109 51.82641325891018 333.9311085641384 55.95476000010967 60.5507320612669 0.3116150796413422 1.834903195500374 0.5896176695823669 139.1441329494119 10.75552578270435 9.038224019110203 8.746882557868958 11.47070544958115 1.423562824726105 0.8764686435461044 6.566565148532391 8.159161791205406 0 175.0942789167166 85.39816583693027 116.9102820456028 68.94456672668457 2.018076248466969 0.7521068453788757 14.94688107818365 0.1573788970708847 5.643641024827957 15.57848992198706 0.8767901808023453 17.74883031845093 9.275296151638031 14.67083339393139 0.224160373210907 9.367169387638569 0.5983717888593674 3.088572271168232 1.392570741474628 0.1073364317417145 0.4229082465171814 2.615781664848328 257.7734708636999 0.3435068428516388 0 0 312.5538702309132 5.722077399492264 6.601074010133743 18.21985052525997 8.905642226338387 9.188322961330414 19.82413022220135 34.8973543792963 41.1849198192358 24.95501217246056 90.65882755815983 16.98038287460804 93.42081172764301 78.68980757892132 85.40731558203697 7.853896021842957 0 0.1505681127309799 0 0 0 0 0 0 0 0 0 0 0.1352281272411346 0.2281922847032547 0 0 0 0 0 6.715035602450371 0.5542153716087341 0 0 0 2.334827981889248 1.03301639854908 1.246178030967712 0.1644648164510727 0.2421110868453979 0.250527560710907 0 0.304400235414505 0.404093325138092 0.2739931344985962 0.6226509213447571 0 4.138068109750748 3.946863681077957 0 0.3446573317050934 0 0 0 0.2043537124991417 0.3670667409896851 0.5823401063680649 1.219196811318398 5.597671806812286 0 0 0 5.53776016831398 3.830990940332413 0.4907878190279007 0.9570027589797974 0.3681581392884254 0.2473382949829102 0.1127443686127663 0 0 0.1843054890632629 8.191703766584396 0.4983220398426056 0 0.1060803234577179 0.6776775866746902 2.946243107318878 0.4028299301862717 1.647726014256477 7.682740330696106 11.76622465252876 12.09081616997719 5.465512797236443 0.9796873778104782 1.154165156185627 0.3007859885692596 0.1256062388420105 0 2.536140903830528 0.2140468433499336 0 0 29.05201488733292 2.969924539327621 1.451914951205254 360.5194178968668 69.65070884674788 419.3794276043773 94.14659057557583 517.9000346660614 139.8663104474545 13.13870926946402 156.3359255567193 10.65785152465105 1.552494257688522 12.42963453382254 1.616533920168877 32.97753396630287 0.5733820572495461 0 1.950302571058273 1.331613704562187 0.6888477206230164
51.91407963633537 332.8933807462454 109.8553989380598 473.035801127553 63.3955455198884 0 281.5749642401934 5.935244157910347 26.55114318430424 1291.087228178978 8.654693707823753 183.3119670748711 200.4550740867853 58.07073037326336 0.2922740578651428 1.309683069586754 0 0 0 0 0 3.251966238021851 0 0 0 0 0 0 0 0 82.59424103796482 1.014062762260437 13.2697391808033 0 0 0 33.37657499313354 0 3.368585377931595 0 0 0 0 0 0 0.2217256724834442 0.4693202078342438 0 0 0 0.113737054169178 4.949456542730331 0 0.1970238983631134 0 1.191491015255451 141.6731901466846 28.56085783243179 0.8363164588809013 0.1306935250759125 0 5.264738649129868 0 0.8413077592849731 0.1246698498725891 0.1019053533673286 0 0 0 0 78.23010185360909 211.0449604988098 3.24283167719841 3.729491479694843 1.217278987169266 0.6911771595478058 0.2790572941303253 0 0 23.20733532309532 0 3.06971150636673 0.236367791891098 2.664293825626373 0.1255903840065002 0 0.1067327708005905 7.096680924296379 0.7354203462600708 3.318389117717743 0 0 0 0 0 362.0017882436514 28.53908169269562 0.4240016341209412 22.89369010925293 287.7103637456894 0.7414928078651428 2.301564693450928 1.281349718570709 2.280304148793221 0 2.235747039318085 7.082740172743797 2.728630468249321 9.03760401904583 9.673001319169998 0.4925378561019897 6.682459831237793 5.791190445423126 2.820114180445671 0.3523761332035065 0 0.574849545955658 0 0 0 0 0 0.4792815148830414 0.85023033618927 0 0 0.6384706795215607 0.1774705946445465 0 0.2434268444776535 0 0.4949565976858139 0.4874595105648041 0 0.2509560883045197 0 0 0 0.2174396812915802 0.3629593104124069 0 1.043588638305664 2.059744790196419 1.592281565070152 0 0 0.2186053097248077 0.3505202233791351 0.2482998371124268 0.5140852928161621 0 0.3340854644775391 0 0 0 0 0.7824562191963196 0 0 0 0.2198530733585358 0.1282042860984802 0 0 0.3998693376779556 0 0.6302104592323303 0 0 0 0 0 0 0 0 0 0.1977362334728241 0 0 0 0 0 0 0 0.3395251929759979 2.159044116735458 0 0 0 0 0.4560515284538269 0 0 0 0 0 0 3.089943960309029 0.7945540547370911 2.81892004609108 41.32584054768085 0.3581949695944786 4.152090929448605 1.115443110466003 77.79862210154533 3.014696553349495 0.4638742804527283 0.6691406071186066 1.781420350074768 0 1.376180328428745 0 5.628567576408386 0 0 0.6880069971084595 0 0
1403.52889098227 2529.499960646033 218.2054632380605 1070.070832982659 2517.614612013102 281.5749642401934 0 44.36020696163177 2528.82521893084 3148.690839126706 366.7450766712427 1097.330197639763 3586.599987357855 1485.08634455502 31.40894240140915 3.315762750804424 0.8811884224414825 0.8020796626806259 0.333795078098774 1.08079819381237 0.6412065327167511 0 0.2793854176998138 1.018558815121651 0 0.3590785413980484 0 1.484662801027298 1.032092899084091 0 570.158488959074 29.2560348957777 2.879337415099144 0.1011919230222702 0 0.2162106186151505 3.47877749055624 0.2867644429206848 0.7588297352194786 0.3541598916053772 1.258807249367237 0.915617823600769 0.1189011633396149 1.069999232888222 0.5691432505846024 0.1480371803045273 132.078628256917 25.93612267822027 1.83624504506588 2.466659232974052 15.08051177859306 0.598867230117321 0 2.800242245197296 6.7018888220191 17.16774167865515 101.4230690672994 495.0175388455391 83.8639885187149 85.16494153439999 1.58728663623333 1.420443281531334 0.1211525127291679 197.4014322087169 14.50677909702063 16.19634400308132 14.52383100241423 11.27968422323465 2.342029981315136 1.427530378103256 94.55258172750473 14.13513888418674 0 292.511556558311 138.7994662597775 154.6984278187156 80.43590318411589 2.683350585401058 1.085557200014591 6.981843307614326 0.6184967756271362 7.17093013972044 30.49093497544527 0.8535846695303917 30.25045093148947 14.99509601294994 19.68415950983763 0.2223251909017563 13.58262442797422 0.8241992965340614 2.928011395037174 2.193751811981201 0.2667188569903374 0.2743553295731544 2.292302377521992 577.8095101863146 3.758030191063881 0.8002102375030518 0.4843161702156067 415.6677978187799 5.04887693375349 15.60900534689426 28.91591767966747 19.86677806079388 21.4109955728054 31.55628208816051 65.11504012346268 78.88804861903191 73.15658387541771 171.5769300311804 25.16487386822701 171.6032171100378 143.9952663034201 154.4617729187012 13.235465452075 0.2931704223155975 0.3627108633518219 0 0 0 0 0 0 0 0 0 0 0 0 0 0 0 0.2195495814085007 0 11.85566486418247 1.572684153914452 0 0.1683161705732346 0 6.48615325987339 2.036969482898712 2.207449950277805 0.6043257564306259 0.2322748675942421 0 0 0.1102625504136086 0.5156275629997253 0.1859700232744217 0 0 10.79731173813343 7.722741305828094 0.3509389162063599 0.3734185397624969 0.2779212594032288 0 0 0.2769635021686554 0.632464736700058 0.3854124024510384 1.894839748740196 3.130714163184166 1.091202080249786 0.1961568593978882 0.9755656570196152 5.106304571032524 9.735513851046562 0.9328706562519073 1.209436386823654 0.7613592743873596 0.5053322911262512 0.3706053122878075 0.178357258439064 0 0.187529519200325 16.29461950063705 0.1512338519096375 0 0.2797234654426575 0.3552108108997345 3.630049303174019 1.401764810085297 0.4864316880702972 17.15222582221031 15.30792762339115 16.86542361229658 9.688899412751198 0.3113767802715302 1.382613189518452 0.3072068989276886 0 0 3.167234383523464 0.4439835771918297 0 0 34.78666664659977 2.54072343558073 1.425342313945293 562.0602033659816 95.41094495356083 662.1569507569075 141.2762975469232 1094.339369535446 190.913207039237 17.07596437633038 240.1565865501761 21.14691667258739 2.645747162401676 23.48896369338036 1.221952006220818 60.37329125404358 2.440510138869286 0 2.218152806162834 3.663802906870842 0.6938890218734741
86.6255626231432 139.0490899682045 2438.157104365528 0.3502575308084488 323.1335049942136 5.935244157910347 44.36020696163177 0 899.2420849502087 6.194420143961906 2122.331737518311 14.41434671729803 107.3695728108287 548.6604972332716 95.92984315007925 49.91942400485277 13.63273479789495 3.186944007873535 0.4292051643133163 9.610041171312332 25.60728301852942 0 52.23322027176619 13.30320244282484 2.704555951058865 7.491283625364304 2.089884981513023 2.204407766461372 2.036670729517937 0.4560039341449738 1525.18095523864 1754.491364076734 43.478136241436 37.13517302274704 40.34989270567894 8.944402523338795 36.41492581367493 12.72977247834206 4.073578178882599 1.856594510376453 30.7989851757884 9.132374376058578 14.44619186967611 19.811966560781 5.996021471917629 32.80794759094715 166.8161725625396 39.92578458040953 5.485575504601002 21.76192612200975 18.70179068297148 0 0 4.687234058976173 0.7174191325902939 8.063334353268147 44.56016671657562 413.4063555002213 29.60059502720833 63.06317690014839 168.0918775945902 43.79968590289354 39.42295914143324 408.9466571062803 7.30870121717453 11.31799372285604 8.270570136606693 33.60110160708427 28.36272238940001 227.6717409193516 14.2936297878623 8.346606358885765 0.3559069335460663 147.5281556770205 108.6881440728903 172.6629737690091 252.8732213377953 53.95073366165161 417.3588984310627 767.8340251818299 79.57572382688522 1630.785677246749 17.19657876342535 0.3806901425123215 18.66283828765154 8.611167676746845 49.31450212001801 0.3322765305638313 9.613669887185097 0.2017837911844254 4.897409573197365 2.262178130447865 91.65327867865562 1.528923839330673 6.565048038959503 6.738145872950554 4.500201642513275 0.9671623408794403 1.711171045899391 102.7347808480263 0.81695157289505 0.2418773174285889 0 0.4612517654895782 0 0.2338557541370392 1.188043117523193 1.629624798893929 1.563518330454826 1.78938901424408 0.2890255451202393 4.467287287116051 2.267034202814102 1.861771032214165 2.179499298334122 0.1501152366399765 0.4904590249061584 0 0 0 0 0 0.1893194615840912 0 0.5446847677230835 0.2433880046010017 0 0 0.2722897380590439 0 0 0 0.1436140686273575 0 0.1542068421840668 0.3925245404243469 0 0.4310699701309204 0 3.635246522724628 1.749374628067017 2.531202115118504 1.158019788563251 0 0.3984735235571861 0.6111629158258438 0.3357766270637512 0.1336765140295029 0.3274385780096054 0.2541545927524567 0.314948558807373 1.633346185088158 0.6795344352722168 0.1290194243192673 0 0 0 1.086162023246288 0.1110972762107849 0 0 0.4645507037639618 0.3184812068939209 0 0.1220552623271942 1.110144034028053 3.923770278692245 2.593807369470596 0.28114914894104 0 0.2152585983276367 0.8666252344846725 1.135439351201057 0.3133011758327484 0.1325187236070633 0.6315720751881599 3.750518724322319 1.37833309173584 0 0.2596893459558487 0.8422208651900291 0.2016481161117554 0.9589559435844421 1.641647905111313 3.155912280082703 0.9211199879646301 0.5183742269873619 0.3295596688985825 0.5687857568264008 0.188166007399559 0.1072592660784721 0.09376997500658035 0 2.958348333835602 0.8717164546251297 0 0 0.4666129946708679 2.309357687830925 5.119014456868172 345.5285099670291 69.57840106636286 470.1716471835971 106.0392706021667 213.5277953669429 102.4893583133817 11.69327847659588 174.5100530982018 8.993172109127045 0.9030017405748367 5.788955509662628 1.181459650397301 5.818573474884033 0.6128380596637726 0 1.261488750576973 4.513492196798325 0.5322205424308777
134.7704452648759 1839.854505211115 1094.218806438148 51.65048371255398 5671.558885090053 26.55114318430424 2528.82521893084 899.2420849502087 0 336.8473871946335 3761.070875421166 256.2703948020935 710.1872648671269 1921.706532053649 28.17889310419559 6.255510188639164 0.4114033430814743 0.6489735394716263 0.2915804088115692 0.5884357094764709 0.4903931021690369 0 0 0.3917213827371597 0 0.8192440569400787 0 1.201012313365936 0.4252525120973587 0 398.840357542038 32.07523939013481 30.55474714189768 0.3176358044147491 0.4850655049085617 0.2332905232906342 16.88987123221159 1.570655599236488 0.2381553426384926 0.8191759139299393 0.9909595847129822 0.9557068198919296 0 1.245968729257584 0.3176072612404823 0.3563349694013596 75.15874811261892 8.811359770596027 0.914302721619606 0.8743813186883926 4.919634878635406 0 0 1.050023272633553 1.896082438528538 5.459168538451195 26.28593757003546 134.9873194918036 25.20547884702682 31.00182518362999 0.921998493373394 5.086447395384312 0 82.1042128354311 4.421537056565285 4.488171882927418 5.677614599466324 4.255536079406738 1.045898027718067 1.417319819331169 16.5772937387228 5.841270297765732 0 85.26398654282093 45.42062453180552 70.08760573714972 61.95297268778086 3.401671424508095 0.1392474472522736 47.1819940507412 0.6979094371199608 1.905379720032215 11.05710702389479 0.1068647429347038 8.547675162553787 3.839325599372387 8.09324686229229 0.1116174533963203 3.715905547142029 0.1201887726783752 1.499716579914093 1.052446112036705 1.098276749253273 0.2437717691063881 1.918353885412216 261.4655332416296 2.259626969695091 0 0.1817516088485718 85.00741782039404 5.593416139483452 4.429290965199471 15.13026835024357 8.229626655578613 5.813439056277275 17.63394740223885 33.63010393083096 33.27774304151535 24.58874137699604 73.41792874038219 11.01503410935402 82.24143888056278 64.25681337714195 81.773746535182 7.245848461985588 0.1366213113069534 0.09953319281339645 0 0 0 0 0 0 0 0 0 0 0 0 0 0 0 0.1543667912483215 0 3.969724714756012 0 0 0 0 3.232585974037647 1.243363350629807 2.182812951505184 0.488712415099144 0.1074870824813843 0 0.4180154651403427 0 0 0.1298000067472458 0.1634312570095062 0 5.283491656184196 4.329250700771809 0.3204797208309174 0.2842021584510803 0 0 0 0.1809520572423935 0.6942634284496307 0.231900081038475 1.243652321398258 1.580471612513065 0 0.3177184164524078 0.9707645922899246 2.846257194876671 2.346746295690536 0.4871936440467834 0.471407450735569 0.6562518924474716 0.4573353677988052 0.2167648002505302 0.1865856945514679 0.1200866773724556 0 8.409573897719383 1.079589337110519 0 0.1312335431575775 0.3022122383117676 2.077190071344376 1.075895555317402 3.167401276528835 6.572241969406605 6.465839296579361 6.99887877702713 2.722310289740562 0.1724531203508377 0.3421914130449295 0 0 0 1.166763409972191 0.2328718528151512 0.1084773018956184 0 17.94590874016285 0.7677598595619202 1.085584804415703 391.998475395143 43.33547656238079 330.2952937930822 69.07236962020397 282.8937366455793 103.9824696630239 7.295186601579189 174.7224250659347 10.33883878588676 1.246750846505165 11.36457213759422 0.7318215221166611 23.22244827449322 1.184923738241196 0 3.172125488519669 2.384779289364815 0
2771.010895170271 875.2723343297839 31.16027283668518 3376.302406325936 829.5857033506036 1291.087228178978 3148.690839126706 6.194420143961906 336.8473871946335 0 28.82590888440609 2793.359927728772 5408.958101898432 1006.870141349733 5.280906774103642 1.243262842297554 0 0 0.1375688761472702 0.1304893046617508 0 0 0.2408368289470673 0 0 0.6405289024114609 0.2165453284978867 0.3556664884090424 0 0 282.498758174479 5.068521991372108 1.609395980834961 0 0 0 43.85225159674883 0.451645091176033 0.3618364334106445 0 0 0.1351459622383118 0 0.3827090114355087 0 0.251401886343956 26.25340384244919 2.903869397938251 0.1451280266046524 0.1696388423442841 2.260558091104031 0 0 0.4773126691579819 1.748382106423378 1.853216767311096 126.7564806342125 237.7058755159378 18.35903366655111 16.57721523940563 0.1061935499310493 0.4988173693418503 0 54.16632236540318 2.943001814186573 1.91999838501215 1.423050850629807 1.990818247199059 0 0.4269818142056465 451.1899581700563 40.76407630741596 0 83.09647040814161 23.39841248840094 23.38483384996653 13.23850177973509 0.5942056551575661 0.1084410846233368 169.5187011435628 0.1891070604324341 2.428085349500179 7.3769246712327 0 4.540268547832966 2.567810319364071 4.715357795357704 0.1978183537721634 2.745478980243206 0 1.383246876299381 0.7652863264083862 0.1310930401086807 0.1096723303198814 0.09586995840072632 1449.465049400926 36.79560695588589 0 4.675633624196053 1485.759188391268 13.80615812540054 23.50786261260509 47.30547605454922 23.12842103838921 25.35626262426376 51.18003776669502 130.3553948253393 116.4256845265627 94.19371543824673 292.9181392341852 33.20399434864521 258.5248461216688 241.5015218406916 250.1891299784184 15.98460067808628 0.4025388062000275 0.5111059695482254 0 0 0 0 0 0 0 0 0 0 0 0 0 0 0 0 0 18.35231877863407 0.9375605583190918 0 0 0 5.085617661476135 0.4088141918182373 1.529908627271652 0 0 0 0 0 0 0 0 0 12.81623062491417 6.891637340188026 0 0 0.1186206117272377 0 0 0 0.502471998333931 0.8232147693634033 3.660710878670216 6.574560642242432 0.9000279903411865 0 0.156523659825325 6.442857384681702 10.39276517927647 2.633567571640015 0.9530175477266312 0.7517694979906082 0.327398806810379 0 0 0 0 29.89456658065319 1.385701477527618 0 0.1329620033502579 0.6727327108383179 4.199266746640205 0.8806977272033691 4.270859479904175 19.80384340882301 26.74591848254204 19.20471331477165 6.718604475259781 2.385310217738152 2.389126762747765 0 0 0 1.245118029415607 0 0 0.3282120227813721 61.72292584180832 4.455805629491806 1.48813197016716 216.5239507704973 16.74823709577322 143.8707486614585 27.64660242199898 1522.790654934943 35.42800820618868 3.786050394177437 58.10303108394146 31.70389284193516 1.475451521575451 37.4265358671546 1.303369075059891 141.8516919910908 1.795733034610748 0.1688855737447739 8.40676049888134 0.7051047086715698 0.3510719537734985
196.622054323554 410.8279976919293 3006.381962008774 5.2700524777174 823.9372131302953 8.654693707823753 366.7450766712427 2122.331737518311 3761.070875421166 28.82590888440609 0 143.9820065647364 926.3338663727045 5762.572529189289 181.7063928171992 90.43648942559958 10.05755495280027 2.451668158173561 0.4536114260554314 3.594929903745651 20.08437920361757 0.168329194188118 26.38864421844482 11.61205761879683 3.763956740498543 8.969680443406105 3.135364949703217 3.8939263895154 2.756244391202927 0.844069205224514 1463.53794400394 808.444380633533 1255.809913739562 13.02357178926468 23.44143860787153 7.818525232374668 662.8341961354017 25.65818602591753 15.26654089987278 3.536253280937672 28.34022854268551 5.194746159017086 2.870489224791527 32.38636182248592 1.513993136584759 2.986779578030109 349.018826238811 36.58950743079185 1.958361111581326 3.66530641913414 22.25551711767912 1.35201508551836 0.3137797191739082 4.444897137582302 4.863914236426353 13.81209807097912 62.92401368170977 434.7980846166611 62.36366727948189 128.0951138809323 11.0136966407299 234.2160412073135 6.039440430700779 307.7987250685692 11.9270054101944 13.71152090281248 13.49472574144602 23.43164040148258 9.381037585437298 105.4323463886976 139.5021108388901 59.70994144678116 0.2676113173365593 234.7227172479033 147.4137477725744 308.1961588636041 353.9360754862428 51.31963882595301 38.10549590736628 1067.929822541773 3.275212429463863 66.76652899384499 27.57912699878216 0.2183255031704903 27.01131712645292 13.44693987071514 32.64187639951706 0.458405613899231 15.6452149450779 1.159033909440041 6.052232474088669 3.37896104156971 43.02434637397528 2.490147769451141 5.09338092058897 117.3953278362751 37.60772497951984 0.4461157321929932 6.337633639574051 149.7810809835792 4.913280293345451 0.4290828257799149 2.465238183736801 2.477745860815048 2.929936617612839 3.861627161502838 5.213707432150841 15.62963573634624 3.054001480340958 17.25690218806267 4.619373306632042 24.3804198205471 22.90701843798161 28.25248867273331 16.4847783446312 0.5526376888155937 1.914471976459026 0 0 0 0 0 0 0.1239076480269432 0 0.7027817144989967 0 0.2346956878900528 0 0 0 0.1114402785897255 0.4174713045358658 0 4.889755323529243 1.664544180035591 0 1.190664075314999 0 12.38537350296974 3.646389283239841 7.388033725321293 2.688724644482136 0.812752440571785 0.2598957121372223 0 0.3415530920028687 1.190559267997742 1.841910131275654 1.24525398761034 0 5.978750742971897 7.752518013119698 0.1156014204025269 0 0.3291249573230743 0.5162572860717773 0.6430007591843605 0.1938147023320198 0.2608851119875908 0.1920718252658844 0.5761963725090027 0.7748188227415085 0 2.033080756664276 3.052855253219604 15.62724554538727 5.345197580754757 1.09662139415741 0.3945247530937195 0.2378397732973099 0.692006841301918 1.214998185634613 0.7294185236096382 0 1.165228694677353 31.9416239336133 1.080686450004578 0 0.4619027227163315 0.7406312525272369 5.543538615107536 5.485081031918526 7.078483760356903 11.18881809711456 6.421644315123558 9.524589098989964 3.185863748192787 1.939302161335945 1.23238330334425 0.5353799760341644 0.105425626039505 0 3.164740584790707 0.5178767293691635 0.8854425847530365 0 14.04948183894157 15.19852030277252 15.38605284690857 852.7728115096688 149.4444218575954 959.3797953128815 241.5019539445639 468.0458839982748 242.83619286865 19.73660498857498 481.8109632283449 25.8401270583272 2.13429057598114 17.84576439112425 2.159864194691181 24.39776555448771 1.072917073965073 0.1947242766618729 6.988375037908554 13.47187019884586 1.541226744651794
154.8679921627045 115.4604233652353 10.78988852351904 674.1774933040142 359.4981258362532 183.3119670748711 1097.330197639763 14.41434671729803 256.2703948020935 2793.359927728772 143.9820065647364 0 3004.531943753362 1366.028822675347 12.1201534345746 7.287647418677807 0.510502927005291 0.3646774441003799 0 0.3570856153964996 0 0.2761971056461334 0 0 0.2748107761144638 0.1508489102125168 0.1667390763759613 0 0.1619428545236588 0 39.75422357022762 0.7388462424278259 52.14006343483925 0.2380765080451965 0.2481261342763901 0.367515355348587 404.0732789039612 1.693553984165192 11.05353443324566 0.2188952565193176 1.710503160953522 0.176826149225235 0 1.730611726641655 0 0.868868812918663 22.61182029545307 1.565882869064808 0 0 1.013409838080406 2.862303301692009 1.836348950862885 0.9913892298936844 0.4679640978574753 1.105320304632187 16.8800805658102 52.91569346189499 5.906900219619274 6.054542310535908 1.527012586593628 12.60589103400707 0 20.83957693725824 1.569151766598225 0.9248808845877647 1.132389798760414 1.725389242172241 0.3394946306943893 0.5697458982467651 161.3000214844942 317.5267397016287 0 27.92575727403164 14.1747959703207 9.519123926758766 14.03335475921631 4.026763960719109 0.1760337203741074 468.5504207238555 0.3278856724500656 9.353806927800179 3.689023040235043 0 2.862310148775578 0.8562290146946907 2.052663832902908 0.8059736490249634 0.8360381349921227 0.2848294302821159 0.1407171934843063 0.2379795759916306 0.3071114867925644 0 0.6198343634605408 2468.866449803114 268.1654764562845 1.524640083312988 22.06442554295063 105.2306426018476 12.21163247525692 7.427445858716965 19.15892146527767 15.84395971894264 19.05061037838459 25.5196371525526 36.88984930515289 76.34636846184731 34.91614627838135 99.91320537030697 32.20250216126442 178.5215213000774 115.0654757022858 210.6220799982548 35.82004857063293 0.6152391582727432 2.298887498676777 0 0.1666380912065506 0 0 0 0 0.1721453070640564 0.1747064739465714 0 0 0.2700549885630608 0 0.1493769884109497 0.1587572693824768 0.5624660104513168 0 0 13.25427038967609 4.389828637242317 0.1596772372722626 0.1681721955537796 0 23.52354045212269 2.699210710823536 16.16239758580923 2.65158523619175 1.240924917161465 0 0 0 0.4354923814535141 1.476304203271866 0.3066126257181168 0 17.31314983218908 15.24078456312418 1.072996124625206 0 0 0 0 0.09950874745845795 0.5846701860427856 0.4333033114671707 2.899257071316242 7.376690775156021 0.9322779923677444 1.866783484816551 1.769820556044579 26.88848249614239 8.981013149023056 2.513373449444771 1.146901369094849 1.04798611998558 0.1130272448062897 0.1276503652334213 0.2014226615428925 0 0.2637487649917603 74.79731458425522 4.125567719340324 0 0.1491529047489166 0.1850341260433197 12.04050260782242 2.41085647046566 10.7027235776186 25.03077913075686 26.60407596826553 27.6995467543602 14.00185634195805 1.254392676055431 0.459323413670063 0 0 0 0.714622400701046 0.1166633516550064 0 0.1288080662488937 61.12952217459679 18.9853285998106 17.79809561371803 173.6046694591641 10.29485296458006 98.76754854619503 18.4548711180687 313.2081540897489 15.46201886981726 0.8806642964482307 61.24893719702959 30.77608413994312 2.0037502348423 48.02411579340696 3.183881133794785 48.85590302944183 4.980446487665176 0.8302165269851685 8.953224062919617 1.808855146169662 0
254.0788387805223 413.5139302164316 99.4293113425374 1010.082992225885 518.9404819384217 200.4550740867853 3586.599987357855 107.3695728108287 710.1872648671269 5408.958101898432 926.3338663727045 3004.531943753362 0 2134.309023320675 47.47524140030146 19.68381434679031 2.797083824872971 0.4758072942495346 0.5336591973900795 0.4229891896247864 1.055680394172668 2.313429117202759 0.4077409654855728 0.1549868881702423 0 1.470076531171799 0.0937906876206398 1.884339056909084 1.206238523125648 0.1456781923770905 122.8137520700693 12.55958649516106 173.0788616091013 0.4984226524829865 0.4026341661810875 0.3034039735794067 173.4792708605528 2.461808033287525 40.08461993932724 1.417993247509003 1.320196188986301 1.876160055398941 0 6.727790787816048 0.7581462562084198 5.035087391734123 99.42456445842981 6.965736001729965 0.9106238633394241 0.6590679064393044 3.06212542206049 5.708090454339981 4.681625708937645 4.966658592224121 2.624424666166306 3.519344948232174 25.68759949505329 102.4416167810559 22.52570247650146 30.38918564468622 4.14395110309124 21.67328783869743 2.642393752932549 50.65469381958246 3.015455588698387 4.052245587110519 4.659592054784298 4.555712103843689 0.9100450500845909 2.510482735931873 350.5058616548777 373.0723419561982 0.2904664278030396 74.00283224135637 27.56829355657101 71.99374638497829 71.1043459251523 11.20214813947678 1.073255077004433 220.5666475966573 2.131593078374863 23.5358352214098 7.372241616249084 0.6710342019796371 7.512240581214428 3.448062710464001 4.997432090342045 1.496367782354355 3.938652276992798 0.9503024369478226 1.958891719579697 1.080048464238644 1.17631684243679 0.2644829154014587 1.995595462620258 3079.028583824635 295.5650449246168 6.750903099775314 71.96781969070435 153.111803881824 16.72768376767635 9.921482175588608 43.06827908754349 22.94264757633209 28.29587303102016 33.94798018038273 82.4898289591074 116.2819498926401 64.34843423962593 207.3115157485008 49.56744678318501 264.0234399139881 204.569574996829 270.3286292254925 48.86883452534676 2.8057491928339 5.457806892693043 0.920278437435627 0.1745225042104721 0 0 0.1486634612083435 0 0 0.1440526694059372 0.1579505205154419 0.3398773074150085 0.644753485918045 0.1571121066808701 0.4604837745428085 0 0.411803811788559 1.057087182998657 0 26.28251541405916 3.080006048083305 0.5105592682957649 3.10753208398819 0.7509158998727798 46.89430595189333 8.239916495978832 26.17534846067429 10.59317415207624 3.488779604434967 0.1556519269943237 0 0.4021665155887604 1.22893799841404 6.433605849742889 2.644437521696091 0 22.3092999458313 17.83140099048615 1.107339069247246 1.628107026219368 0 1.910277500748634 0.4299561381340027 0.6312987357378006 1.639263302087784 0.7732491195201874 2.690721943974495 8.293582186102867 0.2462972700595856 5.254902675747871 7.199468106031418 49.01691353321075 16.49040187895298 1.998247630894184 1.804225258529186 1.713049076497555 1.155885100364685 0.147535964846611 0.7698763608932495 0.13250932097435 0.303900882601738 125.8751309365034 9.457788795232773 0.3401333391666412 0.1195676922798157 0.7495390847325325 16.75888879597187 10.13104672729969 23.32986365258694 32.86028408259153 36.56883595883846 41.31628219038248 14.86672092974186 10.23867969959974 1.846575506031513 0 0 0.1081496998667717 1.416925325989723 1.13340899348259 0 0 105.5443679541349 53.67087823152542 42.00769623368979 508.738213762641 64.36074376106262 354.5215747281909 85.73111326247454 499.908544793725 84.20271217077971 6.358770430088043 222.1564276739955 44.84972180426121 6.714111484587193 67.01026041060686 6.807841725647449 101.593202278018 6.150482088327408 0.3917089998722076 11.76892314106226 4.655431672930717 0.8293599039316177
