0 5135.696711339056 115.9447100758553 1293.241049773991 263.4996694624424 90.0986617654562 202.3114592656493 16.97394863516092 41.66625843197107 543.0750463455915 379.4144553244114 170.360662534833 341.7417114377022 117.899183511734 1.429553434252739 1.005922354757786 0 0 0 0.1134627908468246 1.217765353620052 0 0.2791770398616791 0.2659573182463646 0.7807867974042892 0.3038116693496704 0 0 0.2236771881580353 0 980.3742686212063 4.273249350488186 18.00283601880074 0 0.401262141764164 0.6052661016583443 8.913848087191582 1.32767529040575 1.836595192551613 0.3407876640558243 1.350103713572025 0 0.3351493999361992 0.2353770583868027 0 0.1613679528236389 30.89607407152653 1.934621147811413 0 0.2282241657376289 0.5980805903673172 0 0 0.09476783126592636 6.267601832747459 8.822406485676765 325.9415272399783 1531.06071574986 32.40633561462164 22.95733692497015 0 3.281270734965801 0 7.737166658043861 19.81639766693115 16.99685353785753 4.669735737144947 1.57100822776556 1.431953720748425 3.211257718503475 23.25186958163977 6.666223809123039 0.7086756527423859 529.3270701467991 95.51692824065685 66.97604642063379 4.925456382334232 1.621196277439594 0.4324418753385544 33.621064029634 0.1046992093324661 1.901065349578857 14.84393066167831 0.1752638593316078 11.71160227060318 11.09510318934917 2.462399147450924 0.2382979020476341 2.071362681686878 0.6848487108945847 0.6313372254371643 0.09537933021783829 1.576264016330242 0.155530259013176 0 210.6299742907286 30.58681693673134 1.83101299405098 2.266161061823368 837.0726241916418 0.3954644501209259 0 0 0 0.2022204250097275 5.570256195962429 0 0.8414604961872101 21.88925455510616 0.27885502576828 0 6.074393428862095 0.9412161335349083 2.367277480661869 1.076110653579235 0 0 0 0 0 0 0 0 0 0 0 0 0 0 0 0 0 0 0 0.1529618501663208 0 0 0.1284936964511871 0 2.284645915031433 0.1945854425430298 1.231119282543659 0 0 0 0 0 0 0 0 0 0.2280208617448807 0.1147677600383759 0 0 0 0 0 0 0 0 0 0.2131495326757431 0 0 0 1.568712085485458 0 0 0 0.1335846781730652 0 0 0 0 0 1.127968475222588 0.2913598120212555 0 0 0 0.8499580919742584 0.1508979946374893 0.2613234519958496 0 0 0 0 0 0 0 0 0 0.2734125182032585 0 0 0 0.7630462646484375 0 0.2182713523507118 24.39131610840559 13.72857979685068 132.2916063293815 14.54409506171942 688.3692051693797 22.80695147067308 0.9845487102866173 9.224249459803104 3.36326952278614 0.2992001473903656 0 0 3.145773977041245 0 0 0.1758540123701096 0.1691384762525558 0
5135.696711339056 0 1544.31778934598 1911.626434549689 2870.574791796505 487.6333854570985 2152.936095096171 256.0756809413433 1416.147588044405 1504.759284235537 4765.562267452478 352.4416693076491 2436.883170485497 1649.224538788199 15.79303406924009 11.40200854837894 1.922026552259922 0.6861921921372414 0.1360466480255127 1.235630623996258 9.089356541633606 0.1499348431825638 2.273255906999111 1.329282224178314 3.335998706519604 1.771281942725182 3.214700117707253 0.9611352980136871 1.523642227053642 0.213621661067009 5210.55794069171 62.13310810923576 169.4644961059093 1.072592861950397 2.154588669538498 5.94167847931385 60.15022607147694 3.087992899119854 11.40166806429625 1.557616703212261 11.03027515113354 1.254338204860687 7.520116880536079 1.004574239253998 0.4639007747173309 1.663734816014767 272.2819730862975 21.1935895383358 0.9166080355644226 4.679230481386185 6.231896691024303 0.4277022778987885 0.2168395891785622 1.048575587570667 25.43029005080462 25.84284267574549 199.7568201348186 1617.619466550648 71.18179104477167 138.3725548386574 1.065319947898388 33.81091719865799 0.4011352881789207 111.3469574898481 76.63578525930643 77.20483846217394 22.83220434933901 17.5795519426465 14.46380811184645 37.1826381906867 74.19633622467518 8.433392927050591 0 1238.947898611426 547.1605983301997 433.1741011142731 110.2225426360965 13.12869539111853 10.76269386708736 322.9698960781097 2.90423122048378 26.09642557054758 82.63559953123331 0.09346870332956314 60.59179016202688 48.24620227515697 21.68567770719528 0.5998519659042358 8.166694827377796 0.7473073527216911 2.783384054899216 1.500243999063969 8.142563536763191 1.101862095296383 1.119706131517887 167.8039597347379 1.521364323794842 0 7.544013142585754 655.7347121611238 2.580093897879124 10.51875156164169 14.00530883669853 4.733139596879482 5.049471750855446 109.6633505448699 3.305617734789848 30.75883986055851 393.1673253327608 16.93652277439833 0.7549482807517052 90.47001238167286 30.38266469538212 33.53993529826403 17.87633415311575 0 0 0 0 0 0 0 0 0 0 0 0 0.1323326528072357 0.1385725289583206 0.5585551261901855 0.1478097587823868 0 0 0 7.7515017837286 0.2872030287981033 0 0 0 21.06825877726078 2.323222823441029 20.83896509557962 0.9462277516722679 0 0 0.3055717051029205 0 0 0 0 0.1970163732767105 0 1.757303521037102 0 0 0 0 0.152275338768959 0 0 0.3374821096658707 0.8597856014966965 1.227080389857292 0.8925720453262329 0 0 25.15697418898344 0 0.3118644207715988 0 0.09816500544548035 0.504355363547802 0 0.1061336696147919 0 0 38.41731238365173 0.22663813829422 0.1539878100156784 0 0.1900409758090973 11.14897558838129 2.508303232491016 10.83017627894878 2.193640641868114 1.582965508103371 0.3666388839483261 0 0.3193204700946808 0 0 0.1166234686970711 0.1065289005637169 0.3076072484254837 0.2068999856710434 0.1301138997077942 0.1311900168657303 12.8482424095273 3.474695354700089 7.602908216416836 224.6128927692771 82.05439810454845 695.9236763417721 75.30850587785244 1142.844264410436 82.17523338645697 3.227517560124397 45.1701765358448 10.50209706276655 2.260751016438007 6.302478335797787 0.09760459512472153 37.41435422003269 0.5440829694271088 0 2.313788555562496 3.307192504405975 1.286915600299835
115.9447100758553 1544.31778934598 0 14.14516545832157 324.5565266907215 2.153009749948978 79.72033555805683 2289.894175335765 97.02579721063375 13.68755376338959 4179.36406826973 11.73551247268915 105.023076698184 468.4521117657423 28.48016573488712 36.46253982186317 10.01088535785675 104.3065811172128 11.0047065243125 113.8437215909362 238.6145240217447 0 42.93848468363285 13.19825270026922 15.25092551857233 3.707093395292759 7.827391169965267 10.12938325852156 3.674223743379116 0.1721692159771919 3942.02988705039 431.6313319280744 207.9239496216178 83.12940571457148 29.71905109286308 36.21483831107616 85.10659065842628 10.49179503321648 20.01002562791109 3.310942396521568 111.7362934574485 11.83160791546106 584.0433435887098 34.36543414741755 83.48780974000692 214.9956910982728 104.8095158413053 42.60987728089094 45.63673365116119 330.5316236764193 9.155328243970871 0.1318361312150955 1.173613771796227 20.74167767167091 3.284140452742577 4.153499037027359 48.77491774410009 989.8053826540709 12.05677390098572 29.46334549039602 101.2092812508345 77.28941990435123 94.24464889615774 920.8831302449107 9.938830122351646 39.23595614731312 7.958054646849632 118.0686123594642 493.026525311172 1003.704458497465 62.40116581320763 10.68264199793339 0 284.5357828214765 317.503304541111 135.5662183091044 315.2821476310492 201.4322335198522 1022.738492168486 4030.004982411861 250.149679094553 1167.656053133309 12.28368300199509 0 11.89780808985233 8.349669203162193 166.4138362929225 0 1.628113470971584 0.3188517317175865 1.596812307834625 2.375959470868111 120.7297729551792 3.727678947150707 2.311655580997467 23.23572225123644 1.738731510937214 0.51356440782547 12.19454593211412 20.14810106158257 1.590982355177402 0.1142823770642281 4.480526074767113 0.5903192460536957 0.7592369690537453 20.15556222945452 0.1934689581394196 4.451889082789421 2.814384058117867 1.661396138370037 0.2625100761651993 19.48425833135843 4.523103266954422 9.504417799413204 12.92038359493017 0 0 0 0 0 0 0.2303778976202011 0 0 0 0 0 0 0.5237593650817871 0 0.1487688571214676 0 0 0 1.152974165976048 0.1433319747447968 0 0 0 16.64217926561832 2.994657754898071 13.8074259236455 0.8327463865280151 0 0 0.9563719034194946 0.1272818446159363 0 0 0 0.7656700909137726 0.5105225443840027 0.8644538372755051 0 0 0.5182870030403137 0 0.9551207572221756 0 0 0.1075998842716217 0 1.152783453464508 0.2818469703197479 0 0 11.87805772572756 0.1898851543664932 0 0 0.1851924136281013 0.3090642988681793 0.5140306800603867 0.2750157564878464 0 0.6646686643362045 32.18366108834743 0.1297983080148697 0 0 1.591261759400368 5.495048232376575 0.947176605463028 7.229567185044289 1.077424228191376 0.1817752122879028 0.5888981372117996 0 0.1554766446352005 0.1425960958003998 0 0 0 0.454640120267868 0.5423932895064354 0.7537608742713928 0.4510118439793587 4.315707258880138 2.365153193473816 5.595343828201294 153.0468448251486 50.00061114132404 243.0738251581788 34.42510765045881 45.61889664828777 35.92928393185139 1.160258650779724 33.81697005033493 5.472682602703571 0.9549218788743019 3.639270335435867 0 1.944340795278549 0 0 0.7920369580388069 6.656323090195656 2.216823801398277
1293.241049773991 1911.626434549689 14.14516545832157 0 68.60104186832905 427.5627888739109 835.0392882525921 0.9589436501264572 17.45509956032038 1359.039688937366 6.299672469496727 1288.496352672577 4294.633325539529 500.9445931538939 0.611165389418602 0 0.2341572716832161 0.2535759285092354 0 0 0 0.1455323994159698 0 0.1413036435842514 0.2360935434699059 0.1127599775791168 0.1182812973856926 0 0 0 73.59136751294136 1.619403079152107 0.6738376915454865 0.1339329481124878 0.2117209583520889 0.1827020794153214 0.5896098092198372 0 0.1515391319990158 0 0 0 0 0 0 0 13.93495850265026 0.8136257603764534 0 0 0.3001322746276855 0 0 0 2.260330475866795 4.014840327203274 37.03966528177261 210.4639710113406 8.374537795782089 13.20216209441423 0 0 0 3.954448699951172 9.670711897313595 8.537052556872368 2.212285675108433 1.143570214509964 0.3192740008234978 0.4292350113391876 6.670610420405865 0.7413039207458496 0 150.7279304638505 45.21730519831181 28.37939244508743 2.205386757850647 0 0 2.12711488455534 0.3781279549002647 0.4441478103399277 8.757656373083591 0.2362385615706444 5.1626296043396 5.077250063419342 1.828533485531807 0 0.2810699343681335 0 0.3880680203437805 0.3634327352046967 0.1400153040885925 0 0.2418216466903687 31.66948842257261 0 0 0.1286513358354568 544.8156467303634 0 1.664138317108154 1.235926806926727 1.778758704662323 0.5032265186309814 8.940793484449387 0.729342520236969 0.974415123462677 96.81399184465408 3.177192181348801 0 5.32922051846981 0.9754375517368317 2.278630271553993 0.6060334444046021 0 0 0 0 0 0 0 0 0 0 0 0 0 0 0 0 0 0 0 0 0 0 0 0 0.5282394513487816 0 0.6298588961362839 0 0 0 0 0 0 0 0 0 0 0 0 0.40248903632164 0 0 0 0 0 0 0.3165594637393951 0.1818225234746933 0 0 0 0 0 0 0 0 0 0 0 0 0 0.8267379850149155 0 0 0 0 0 0 0.1787723153829575 0 0.1465545296669006 0 0 0 0 0 0 0 0 0 0 0 1.528534054756165 0 0.3077393770217896 11.7912907525897 8.250545866787434 52.3566739410162 8.216358788311481 601.3603805527091 8.283431611955166 0.6335459798574448 2.267633870244026 0.1492932885885239 0 0.5827764868736267 0 5.589017570018768 0 0 0.2233274132013321 0 0
263.4996694624424 2870.574791796505 324.5565266907215 68.60104186832905 0 55.77485689520836 1908.302221544087 127.9089688882232 7473.867440484464 678.5881029590964 2409.13526417315 239.4487267360091 1780.449255295098 2282.921303667128 15.57265508919954 4.809582285583019 0.7063273340463638 0.8748440518975258 0 0.7179224938154221 1.740474291145802 0.1156377494335175 0.3157337605953217 0.4671509712934494 0.8496510460972786 1.074591718614101 0.7704068124294281 0.800771676003933 1.694711327552795 0 302.4712646976113 69.79806639254093 66.5956187620759 0.6636965721845627 0.7902566939592361 2.293113298714161 22.85129669308662 1.086660534143448 6.301268115639687 0.8633921295404434 0.9953992739319801 0.4507778435945511 1.216188982129097 0.6885954812169075 0.1482091248035431 0.4572465047240257 196.819396071136 11.63180565088987 1.723056443035603 1.530334658920765 4.346473671495914 0.446817472577095 0.1503813862800598 1.817106857895851 9.395512007176876 13.1835004016757 33.44368374347687 205.4590467065573 32.16824245452881 87.18051033467054 0.5439880341291428 14.01464737206697 0.4159002751111984 94.30262859165668 37.04671820998192 40.37441921979189 9.24696609377861 10.34263650327921 3.913935035467148 6.056575745344162 34.15852802246809 12.63266052305698 0 430.3843552693725 241.9603781998158 270.4245914444327 101.7560362666845 10.37557433545589 2.377753555774689 68.59257692843676 0.8597732111811638 11.72471722215414 43.57797346264124 0.0927206352353096 37.03671725839376 23.42511302232742 12.23963415622711 0.3464078679680824 3.716727361083031 0.8766731545329094 1.709267407655716 1.611177906394005 3.986313059926033 1.245919644832611 0.9013212248682976 261.1992787346244 0.7556180581450462 0 2.976995810866356 38.47412891685963 12.70947503298521 7.893689393997192 29.13832592964172 7.182878419756889 19.35065826773643 280.4385449513793 7.208560928702354 75.3908868432045 31.21499401330948 48.53348414599895 2.808099180459976 223.7440920174122 66.5113542675972 94.84574873000383 59.69869690388441 1.065817281603813 0.1162102073431015 0 0 0 0 0 0 0 0 0 0 0.116770014166832 0 0 0.2354161590337753 0 0 0 11.62362344563007 2.341883882880211 0 0 0 46.57957698404789 4.860273033380508 38.1409105360508 1.118595868349075 1.115840569138527 0 0.139565572142601 0 0.1358870267868042 0 0 0 1.142294079065323 1.630946725606918 0 0 0 0 0 0 0.3245469927787781 0.2039158195257187 1.097329571843147 4.855136901140213 0.8871481865644455 0 0.5508459731936455 62.72357441484928 0.2583397626876831 0 0 0 0.1884942427277565 0 0 0 0 97.32806285470724 0.3750351965427399 0 0 0.3133249059319496 28.34533399343491 3.675122313201427 22.33661793172359 1.040833719074726 2.867169141769409 0.1162219196557999 0 1.005655631422997 0.4094409570097923 0 0 0 0.5187078192830086 0.1079856380820274 0 0 30.14852415025234 6.739534474909306 13.76732507348061 247.1674266383052 53.00459828227758 494.050332121551 54.4339177235961 218.2877776548266 59.59481655806303 2.611542478203773 52.41554269939661 12.65047528594732 1.059328675270081 11.66140861064196 1.233000606298447 47.16382568329573 1.136947274208069 1.007730185985565 2.996435053646564 4.085098460316658 2.461424767971039
90.0986617654562 487.6333854570985 2.153009749948978 427.5627888739109 55.77485689520836 0 162.2470351532102 1.008465841412544 26.95155882835388 543.4543624222279 15.84508316963911 232.2964769303799 322.261054366827 83.45177729427814 0.802606575191021 1.170445509254932 0 0 0 0 0.1275636404752731 0.9376302510499954 0 0.1096469089388847 0 0 0.1079701110720634 0 0.8134698048233986 0 24.53027335554361 0.1795092523097992 21.79375430941582 0 0 0 17.99709566682577 0 7.12652662396431 0 0 0 0 0.1921642869710922 0 0 4.054371796548367 0.3421749249100685 0 0 0 3.623418092727661 0 0 0.3262618035078049 0.4059127271175385 136.4957448616624 99.88394809514284 4.480519153177738 1.830110512673855 0 1.078048199415207 0 0.4188449680805206 2.105008602142334 1.010158017277718 0.2983528301119804 0.3687951862812042 0 0.4457559436559677 200.7622322142124 125.0309206843376 9.742765113711357 44.56117954105139 7.130223773419857 5.642347484827042 2.23941171169281 0.4309428781270981 0 2.784725412726402 0.224418543279171 1.476129576563835 1.434737809002399 0.8572125136852264 0.8479094430804253 1.751167513430119 0.5314380824565887 3.252118557691574 1.673802062869072 7.421806037425995 0 0.4254508465528488 0.111676424741745 0 0 420.2708436399698 139.9959000349045 31.25839151442051 25.34236016124487 403.7204632163048 0 0 0 0 0 0.1849725991487503 0 0 8.859499216079712 0 0 1.017029166221619 1.011483907699585 0.3257361650466919 0 0 0 0 0 0 0 0 0 0 0 0 0 0.41867695748806 0 0.1428932994604111 0 0.1800630986690521 0.1772248297929764 0 0 0 0 0 0 0.3532708138227463 0.3862549662590027 0.3560881912708282 0.3008920699357986 0.6729936152696609 0 0 0 0 0 0 0 0 0 0 0 0 0.4841976314783096 0 0 0 0 0 0 0 0.2038250118494034 0.3958264291286469 0 0 0 0 0 0 0 0 0 0 0.4620824679732323 0 0 0 0 0.2021106779575348 0 0.5337892919778824 0 0 0.2255684584379196 0 0 0 0 0 0 0 0 0 0 0.2051171213388443 0 0.3165213465690613 5.935103714466095 1.86261323094368 10.90223866701126 3.095786355435848 257.5532053336501 2.798406928777695 0 3.170886516571045 0.2901184558868408 0 0 0 0.6366639286279678 0 0 0.2182458937168121 0 0
202.3114592656493 2152.936095096171 79.72033555805683 835.0392882525921 1908.302221544087 162.2470351532102 0 2.004476115107536 947.3175338879228 2369.680681221187 14.20572177320719 417.0305085927248 4364.012702673674 1247.810419768095 3.820712365210056 1.163277894258499 0.09969937801361084 0.2297096326947212 0.1143568456172943 0.3423669338226318 0.576197661459446 0 0.1019916161894798 0 0 0.4290635287761688 0.5389622151851654 0.2376210689544678 0.09272625297307968 0 74.27368241548538 17.16743552684784 12.42805283516645 0.09414415061473846 0 0.1155287846922874 6.014762826263905 0 1.988353371620178 0.144906148314476 0.5343941152095795 0.5494876503944397 0.4328464791178703 0.4790645688772202 0.1095090210437775 0 72.51876485347748 4.924640215933323 0.5310135036706924 1.240712650120258 2.116969406604767 0 0 0.2213974297046661 6.890634909272194 7.412241563200951 19.34674040228128 95.01175418496132 16.07029630988836 37.42793401330709 0.4927473291754723 3.287474788725376 0.1508647203445435 26.24766016751528 18.73313194513321 19.40487540513277 6.996044144034386 4.497959196567535 1.787458747625351 1.354561470448971 10.11190889775753 2.230084277689457 0 215.4933079108596 116.6195156127214 116.611613959074 32.04766702651978 2.394870646297932 0.6764748692512512 7.78732854872942 0.1172454133629799 3.574299089610577 25.67729207128286 0 16.52779684960842 11.16444809734821 6.809634298086166 0.3016882240772247 0.8937211036682129 0.6452295929193497 0.7083173245191574 0.2914225310087204 1.041750267148018 0.2970089763402939 0.1290042251348495 167.6599330678582 0.1118474081158638 0 1.183723643422127 46.09386553615332 2.999005824327469 5.470268279314041 19.90851134061813 6.989921629428864 6.954970240592957 122.0263076350093 3.384332895278931 37.87409801781178 115.5177226513624 31.65782105922699 3.48304782807827 98.68716032803059 27.35379386693239 43.23757635056973 27.92793689668179 0.2972177416086197 0 0 0 0 0 0 0 0 0 0 0 0 0 0 0 0 0 0 4.437054872512817 0.1986013650894165 0 0 0 15.32653450965881 2.551958441734314 13.10901048779488 0.4468626379966736 0.1373243033885956 0 0 0 0 0 0 0 0 1.040969386696815 0 0 0 0 0 0 0 0 0.2203991860151291 1.049741052091122 0.571198433637619 0 0.7897275388240814 22.9256866723299 0.2084562927484512 0.6446242183446884 0.3849906772375107 0.2830645442008972 0 0 0 0 0.1846785098314285 33.17079939693213 0 0 0 0.1153948828577995 11.32019387185574 1.014270171523094 7.943249493837357 1.167836874723434 0.3318677544593811 0.2883056402206421 0 0 0.140869602560997 0.1152053698897362 0 0 0.3199129030108452 0 0 0 14.88181485235691 1.500564858317375 4.326334662735462 75.75437273085117 20.46508327871561 206.4793271496892 21.95103649049997 272.6817109510303 23.27504186332226 1.135031186044216 13.96177583932877 4.410005778074265 1.131679773330688 2.274801418185234 0.4637542963027954 28.67617636919022 0.3139189779758453 0 0.1393972337245941 0.5980826318264008 0.2400107234716415
16.97394863516092 256.0756809413433 2289.894175335765 0.9589436501264572 127.9089688882232 1.008465841412544 2.004476115107536 0 180.5707741826773 0.3205903768539429 2360.902804888785 3.15904925763607 36.78162407875061 190.0049216002226 13.36919590830803 17.83352317288518 2.781741887331009 28.79583340883255 3.676358699798584 44.00664269179106 115.2913425862789 0 26.00238963961601 11.40137515217066 8.71125003695488 5.022684380412102 4.450544379651546 1.203748404979706 0.3336565345525742 0 202.1808383762836 616.9365576952696 69.07189206779003 50.80527579784393 24.71458047628403 31.95687150210142 32.55940981954336 9.195487648248672 8.273316122591496 2.21402882784605 46.66328307986259 1.166731745004654 130.9205126613379 11.8972954377532 22.0102007612586 87.94265163689852 51.45415675640106 6.950197793543339 8.23473984003067 54.41089731454849 2.613759413361549 0.1822431534528732 0 4.924810975790024 0.7179711759090424 1.232063956558704 10.00817165523767 91.35627579689026 4.368710428476334 13.07934540510178 129.0064154043794 25.51224924623966 99.00475941598415 131.9511259421706 3.246671125292778 8.953994862735271 4.229570344090462 23.52917329967022 100.9625285565853 349.4525471031666 23.75504173338413 0.6504813209176064 0 81.58674259483814 71.0185863673687 70.64328671991825 128.2268411815166 532.8616107031703 1618.372964821756 3857.210637398064 583.4699728041887 1132.049056746066 5.96732060611248 0 3.416737116873264 2.137962147593498 23.51930747926235 0 0.192939318716526 0.1346119195222855 0.412358395755291 0.8923959285020828 46.94417595118284 1.245832867920399 0.4422159940004349 12.89098504185677 0.8790038973093033 0 4.706420302391052 4.460125148296356 2.099931247532368 0 0 0.300380676984787 0.786018580198288 6.421837240457535 0 2.85179103910923 0.3493492305278778 1.613033592700958 0 7.053226947784424 0.3660021722316742 5.083520300686359 1.984245054423809 0.1268822550773621 0 0 0 0 0 0 0 0 0 0 0 0 0 0 0.5239114165306091 0 0 0 0 0 0 0 0 2.947935432195663 0.6363774910569191 1.947091355919838 0.2068824023008347 0 0 0.3730596899986267 0 0 0 0 0 0 0.1590932607650757 0 0 0 0 0 0 0 0 0 0.2960526943206787 0 0 0.1620711088180542 5.31582797318697 0 0 0 0 0 0 0 0.1164557561278343 1.135323792695999 2.954249955713749 0 0 0 0.5625172555446625 0.8151123374700546 0.1344822496175766 1.233208797872066 0.6108741760253906 0.3782391101121902 0 0 0 0 0 0.129197284579277 0 0 0 0.1630438566207886 0 0 0.4121091887354851 0.5019123256206512 70.29385865479708 19.46143905073404 104.383312523365 11.98520816862583 24.26046628504992 11.12145338952541 0.3179846629500389 18.73698788881302 0.9413306713104248 0.2814420759677887 0.4489339888095856 0 0 0.451409250497818 0 0.3884173631668091 0.6145035177469254 0.6907587945461273
41.66625843197107 1416.147588044405 97.02579721063375 17.45509956032038 7473.867440484464 26.95155882835388 947.3175338879228 180.5707741826773 0 157.2759843915701 1969.125281371176 78.3723523542285 1874.905811980367 3204.525947749615 12.58426243811846 5.619209475815296 0.2849752753973007 0.1031231060624123 0 0 0.9983128234744072 0 0.1362382471561432 0 0.4012490957975388 1.469535581767559 0 0.3638255298137665 0.9048734083771706 0 60.2277021035552 55.30385664105415 46.58438708633184 0 0 0.8196951001882553 23.39819840341806 0.7196733057498932 2.292573496699333 0.5307528227567673 0.7007176876068115 0.3512159511446953 0.5461865961551666 0.1416041404008865 0 0.2495054379105568 114.3687399476767 3.329609699547291 0.4778890609741211 0.9365866482257843 2.121654897928238 0 0.1333543658256531 0.2605560645461082 3.719482623040676 3.491966784000397 11.10410222411156 51.49038051068783 11.64283157140017 42.8768440335989 0.5809662565588951 10.1010615080595 0.2284008711576462 50.64877747744322 9.595053821802139 15.23702014237642 2.572848871350288 2.899875745177269 1.790193319320679 4.422338545322418 45.8751217648387 11.64825470745564 0 168.1939368546009 85.88904171437025 131.3504892364144 53.11480500549078 11.64055767655373 0.582328237593174 60.7696336209774 0.1173655986785889 5.598002590239048 16.96217057108879 0 11.05821350216866 7.712449342012405 3.596940629184246 0.2571963220834732 2.536148987710476 0.3018261641263962 0.5714492946863174 0.6683492884039879 1.52645905315876 0.1257493942975998 0.3276833593845367 201.0175893455744 2.791841074824333 0 0.1626687496900558 12.2188253775239 12.88468460738659 5.199461951851845 21.23675662279129 6.363887503743172 9.698740229010582 170.8634641543031 3.777358189225197 48.04308293759823 10.49953280389309 25.5971202775836 2.541533350944519 148.8569816499949 38.09337795525789 71.43462309986353 41.92278492450714 0.1810714155435562 0 0.2296846956014633 0 0 0 0 0 0 0 0 0 0.2183644026517868 0 0 0 0 0 0 9.469384886324406 1.470595136284828 0 0.251382976770401 0 24.5003284662962 2.590976119041443 22.95766863971949 0.5925080254673958 2.089554384350777 0 0 0 0 0 0 0 1.21400261670351 2.17510986328125 0 0 0 0 0 0 0.5406840220093727 0.1268298774957657 0.9703888744115829 2.041862204670906 1.476688593626022 0 0 39.43452915549278 0.3734746277332306 0 0 0.1085852086544037 0.1694669723510742 0 0.1798879504203796 0.1380588412284851 0 54.66971670091152 0.6820265501737595 0 0 0 18.00792542099953 1.535246476531029 14.30182059109211 1.482834063470364 2.842223025858402 0.6031977534294128 0.6876778453588486 0 0.1184916943311691 0 0 0 0.1552881896495819 0 0 0 16.78136134892702 2.698787607252598 7.561764322221279 214.7658937126398 23.74252722412348 292.6485392376781 32.0152887403965 109.4231445267797 41.65000437945127 0.2905004918575287 44.92586034536362 7.786753013730049 0.6203359961509705 9.315863721072674 0.2453856021165848 37.94152984023094 0.6211725026369095 0 0.6141739189624786 1.661057248711586 0.1354887038469315
543.0750463455915 1504.759284235537 13.68755376338959 1359.039688937366 678.5881029590964 543.4543624222279 2369.680681221187 0.3205903768539429 157.2759843915701 0 30.31214644014835 1775.131004229188 8020.705126658082 929.0985338315368 0.2830546200275421 0 0 0 0 0 0 0 0 0 0 0 0 0 0 0 28.43721123784781 1.520258381962776 24.77458588778973 0 0 0 13.97581878304482 0.4642217457294464 0 0 0 0 0 0.09473930299282074 0 0 16.74767695367336 0.4613557755947113 0 0 0.1253938376903534 0 0 0 2.258193954825401 0.9386427253484726 41.10832843929529 97.65910547971725 3.612946107983589 6.013880170881748 0 0 0 2.102768644690514 4.759615890681744 4.081447251141071 0.9202311560511589 0.2099361196160316 0 0.1683930307626724 87.58775746822357 5.811192035675049 0.6310845017433167 85.3003061413765 28.03910198062658 21.99860716611147 2.492018595337868 0.2025502175092697 0 1.609542533755302 0 0.2283094227313995 5.549571014940739 0 3.835300371050835 3.783676996827126 0.5220012813806534 0 0.4539057314395905 0.1034994274377823 0 0.4422709345817566 0.2740288525819778 0 0 492.9528344869614 0.2318751811981201 1.52709698677063 0.3716367930173874 465.1937855631113 6.350385397672653 30.0890070348978 27.17002262175083 191.235440865159 8.741120129823685 195.663532063365 27.76654632389545 38.31372314691544 166.3067408502102 84.51339657604694 0.1885803490877151 142.4012518897653 41.16140592098236 74.1804069429636 15.75359302759171 0 0 0 0 0 0 0 0 0 0 0 0 0 0 0 0 0 0 0 3.342069670557976 0 0 0 0 6.636871665716171 0.4813373014330864 4.453056678175926 0.2455610334873199 0.203107938170433 0 0 0 0 0 0 0 0.6958884596824646 1.345695570111275 0 0 0 0 0 0 0 0 0 2.238273277878761 2.028804242610931 0 0 11.63178223371506 1.30324000120163 0 0 0 0.1399620920419693 0 0 0 0 16.68969883024693 0 0 0 0 7.341168627142906 1.803407281637192 4.39459764957428 1.550067856907845 0.6803527772426605 0.5940199494361877 0 0.1653875410556793 0 0 0 0 0.1166772618889809 0.09437132626771927 0 0 23.62510232627392 1.343236729502678 2.273798674345016 21.31292896717787 5.2929632589221 47.50826767086983 3.59528411924839 665.3382488116622 7.091744095087051 0.2039791792631149 4.106329761445522 4.320636838674545 0.1586131751537323 3.982016623020172 0.4509157091379166 83.33306163549423 0.1746078729629517 0 0 0 0
379.4144553244114 4765.562267452478 4179.36406826973 6.299672469496727 2409.13526417315 15.84508316963911 14.20572177320719 2360.902804888785 1969.125281371176 30.31214644014835 0 53.19954225420952 2207.003455035388 4553.221113547683 27.57749442011118 18.50220814347267 0.9753390848636627 0 0 0.8367495909333229 9.024796880781651 0 4.713804110884666 2.810503594577312 6.256125897169113 2.810907997190952 4.615701623260975 0.6039995402097702 0.9214780628681183 0.08910447359085083 689.4555409103632 130.3267600610852 431.0635696947575 1.249481827020645 2.839499264955521 17.03033191710711 139.99589407444 6.215770736336708 23.70255754888058 1.300809502601624 12.06576924026012 2.00095958262682 2.685064733028412 1.957507036626339 0.476372130215168 0.217062309384346 170.3025234565139 8.768790066242218 1.280865736305714 2.389349021017551 3.612092651426792 0 0.545997217297554 1.024956606328487 7.428985193371773 8.09990169107914 33.44740596413612 296.0003271177411 23.98132964968681 66.32488185167313 0.5563573688268661 78.28202127665281 0.5522677004337311 89.74105827510357 18.2867968827486 24.22864992916584 6.55889967083931 8.625662878155708 5.608926504850388 31.69914605468512 146.5770352184772 16.25175366550684 0 362.7345641925931 202.847343981266 222.2894721180201 106.7076421678066 33.88952893763781 70.37183668464422 806.3664294853806 0.628453716635704 30.1915537789464 28.28840924054384 0 21.18787179887295 12.89985716342926 9.484787337481976 0.1047539785504341 2.389343664050102 0.6525110602378845 0.6580504551529884 1.711114704608917 11.13531036674976 0.8198188990354538 0.7036764249205589 104.3197563514113 4.476640298962593 0.2172493487596512 7.689576581120491 32.19483724981546 6.64292623847723 1.719944998621941 7.348676033318043 1.430561780929565 3.946136258542538 65.66696679592133 1.712032094597816 21.9570204615593 5.413730502128601 8.801029890775681 2.428625747561455 62.83144780248404 14.84067136049271 34.45209882408381 18.44577853381634 0 0.4623638242483139 0 0 0 0 0 0 0 0 0 0 0 0 0.3697490990161896 0.2111697643995285 0 0 0 3.290660440921783 1.112654089927673 0 0.3373131453990936 0 21.73040418326855 1.418474316596985 16.14550510793924 0.4379276484251022 0.6731155216693878 0 0 0 0 0 0 0 0.8072038739919662 2.177432343363762 0 0 0 0 0.1365375071763992 0 0 0 0.2468586415052414 2.353850848972797 0 0 0.6201780438423157 27.55600532889366 0.9193483889102936 0.1921335309743881 0.2151056230068207 0.217907190322876 0.3081588670611382 0 0 0 0.2206442356109619 33.78548762202263 0 0 0.1605379730463028 0.1013996303081512 10.04211519658566 1.157085545361042 7.519476115703583 0.815487265586853 0.7772201299667358 0.4421892315149307 0 0 0 0 0 0 0.3248819336295128 0 0 0 8.556517638266087 2.342014409601688 7.078091688454151 273.7275139912963 32.48056589066982 392.8070630207658 43.04748347401619 131.5156834572554 52.83178172260523 0.9668639451265335 58.8704419285059 8.853571861982346 0.08702930808067322 6.327010102570057 0.976372241973877 24.00453317165375 1.1233831346035 0 1.304366245865822 4.513417221605778 1.030951201915741
170.360662534833 352.4416693076491 11.73551247268915 1288.496352672577 239.4487267360091 232.2964769303799 417.0305085927248 3.15904925763607 78.3723523542285 1775.131004229188 53.19954225420952 0 2457.894925318658 197.5021899044514 5.037623882293701 5.845108635723591 0.2244507819414139 0 0 0.1258165687322617 0.2704308927059174 0 0 0.2409556657075882 0 0.2511736750602722 1.39995938539505 0.1153322458267212 0 0.1777219921350479 11.77424033731222 6.26739464700222 44.8747086673975 0 0 2.117275446653366 84.01407904922962 1.274859130382538 0.8973640650510788 0.7065988779067993 3.169065952301025 0 0.1329005062580109 0 0 0 27.38163106143475 1.099517568945885 0 0.1343192011117935 0.1219041123986244 0 0.2944969609379768 0 0.5753619894385338 0.8602655529975891 11.95025397837162 26.5184590369463 2.890728831291199 5.529928222298622 0 3.933133333921432 0 5.189191967248917 1.651918344199657 3.053430140018463 0.3950486928224564 0.5772418603301048 0.2882282286882401 1.052281953394413 174.9954400509596 26.35982766747475 0.2518514096736908 50.79986547678709 14.32485136389732 20.44002888351679 10.88773427158594 1.264575213193893 0 4.290423676371574 0 0.7075189352035522 2.580436795949936 0 2.544148243963718 1.417281955480576 0.1196870803833008 0 0.2781130373477936 0.6741278171539307 0.09660398960113525 0.1218005418777466 1.690744683146477 0 0.1191809996962547 1474.271197140217 51.67207908630371 1.105625212192535 2.043155431747437 117.3181309998035 5.625062301754951 9.919617921113968 16.33398742973804 5.374402120709419 9.155945852398872 185.1929879337549 7.401591278612614 51.28823602199554 52.29616947472095 36.79701828211546 1.511346958577633 156.7500979080796 47.44132489711046 71.91724523156881 32.01108302175999 0.2552507892251015 0 0 0 0 0 0 0 0 0 0 0 0.261022187769413 0 0.7875819653272629 0 0 0 0 8.092161543667316 0.4467484951019287 0 0 0 17.74059119075537 2.347958527505398 11.83738039433956 0.1303326338529587 0.4402589946985245 0.172670379281044 0 0 0 0 0 0 0.3397530168294907 0.695726104080677 0 0 0 0 0.145671084523201 0 0.4684890955686569 0.1461310088634491 1.199588343501091 1.536093458533287 0.1502196937799454 0 0 30.43631545454264 0 0 0.321825385093689 0.4586149603128433 0.2125639021396637 0 0.3862259685993195 0 0 52.29311868548393 0 0 0 0 7.032622039318085 1.601807713508606 5.399227380752563 1.857652947306633 1.093842208385468 0.1128950268030167 0 0 0.5276229828596115 0 0 0 0 0 0 0 40.57601085305214 5.021085351705551 5.210345007479191 74.99261805415154 6.062635347247124 72.57663859426975 7.811206132173538 235.778325535357 9.895564287900925 0.3475334942340851 15.6000000089407 7.391168624162674 0 7.137320771813393 0.5870185494422913 32.88566686958075 1.160053178668022 0.1452741175889969 0.3622224777936935 0.8649423718452454 0
341.7417114377022 2436.883170485497 105.023076698184 4294.633325539529 1780.449255295098 322.261054366827 4364.012702673674 36.78162407875061 1874.905811980367 8020.705126658082 2207.003455035388 2457.894925318658 0 2056.905071757734 31.1356466114521 29.45212119072676 0.4375597536563873 1.438778728246689 0 0.2709346562623978 6.977689154446125 0 1.308758080005646 0.5769573301076889 5.160385608673096 1.265967659652233 3.700884766876698 0.1140470802783966 1.548860318958759 0 62.97741478681564 42.69135447591543 763.4331803247333 0.1607444733381271 1.032996490597725 8.538314037024975 192.6047439947724 4.477859407663345 12.11835978925228 1.154260382056236 9.339340351521969 0.5807445794343948 0.8863520324230194 2.193089745938778 0.2084252163767815 0.5725607424974442 141.7989585474133 2.84574656188488 0.8060031309723854 0.6543867886066437 2.385449655354023 0.3648166358470917 0.7299224883317947 0.5962761417031288 1.978900089859962 4.061661191284657 26.34452782571316 82.78932262212038 10.55432965606451 41.74367969483137 0.9043594300746918 27.48466619104147 0 49.75354950129986 10.70805534720421 12.11564370244741 4.894715525209904 3.276309423148632 3.93739477545023 11.31022853404284 438.0528163686395 32.99617900699377 0.3030090928077698 175.8619285002351 71.42923186719418 137.5689742937684 72.42219559848309 22.76898146420717 0.367420606315136 82.84387908130884 0.6207836270332336 8.604751467704773 15.9697489887476 0 10.38575895130634 6.824090726673603 4.824917696416378 0.5648030191659927 1.096889190375805 0.3817967548966408 0.5534418225288391 0.79582629352808 9.84883027523756 0.4716104567050934 1.087128601968288 2367.487333580852 21.19773302972317 0 8.730437524616718 147.3053656518459 14.65873971581459 24.90606845915318 96.64159633219242 60.69959734380245 26.07431159168482 514.8974516242743 18.18718333542347 148.1208138763905 409.0033858790994 114.6932487785816 4.543545112013817 500.2006463706493 132.4002498164773 208.5402089580894 102.3719282150269 0.425336942076683 0.2874415367841721 0.2974431067705154 0 0 0 0.1242282018065453 0 0 0 0 0 0.7640320807695389 0.1398982256650925 0.1462473720312119 0.1175930351018906 0 0.2778060138225555 0 18.20527632534504 2.460715770721436 0 0 0 64.63731590658426 6.553152665495872 45.07610639184713 0.6185809448361397 0.7717327550053596 0.3317971229553223 0 0 0 0 0 0 1.853429153561592 3.204364284873009 0.3775580152869225 0 0.2363327294588089 0 0 0.7474651262164116 0.4489845782518387 0.2162230834364891 1.647494807839394 6.012567155063152 1.137794569134712 0 0 88.95970264822245 0.4835484027862549 0.4000403210520744 0.951513297855854 0 0.3822765648365021 0 0 0 0 196.6590766310692 0.7562728524208069 0 0 0 34.65369126945734 1.872979417443275 25.91639019548893 5.388008259236813 1.87774732708931 0.6240780279040337 0.2205493301153183 0.5570367574691772 0.1004269495606422 0 0 0.09351466596126556 0 0 0 0 85.98061530292034 12.9035672172904 21.27224558591843 276.6095999777317 37.73966689407825 310.7074547261 48.17039718478918 422.6032954081893 58.54848613590002 0.7711165174841881 64.36663230508566 12.78424651920795 2.637174196541309 16.85674623399973 2.084417529404163 98.18218016624451 1.41543385386467 0.09763723611831665 2.27316727489233 4.444030776619911 2.910968318581581
117.899183511734 1649.224538788199 468.4521117657423 500.9445931538939 2282.921303667128 83.45177729427814 1247.810419768095 190.0049216002226 3204.525947749615 929.0985338315368 4553.221113547683 197.5021899044514 2056.905071757734 0 35.78424860537052 28.26844479888678 1.019418731331825 0.9325415268540382 0.1734389960765839 0.1117023900151253 13.21165433526039 0 5.050356909632683 3.375656232237816 12.75531547516584 5.101112730801105 9.831546828150749 1.544025406241417 1.464321605861187 0.1425075381994247 128.0711081847548 81.02504438906908 1017.298383891582 0 3.312180325388908 24.81203933060169 510.7194056436419 13.97839946299791 55.98339395225048 6.351816654205322 30.99668498337269 1.63623071461916 0.7625194191932678 1.862445473670959 0 0.6752205118536949 164.8273894041777 5.456048935651779 0.6287947446107864 2.316381677985191 2.3594139367342 0.1206813976168633 0.4436277449131012 1.256194211542606 3.834024518728256 4.800417602062225 19.84314070641994 86.61475095152855 12.15253718197346 46.69399599730968 0.7026127427816391 201.5496216565371 0.3795527517795563 62.88119990378618 10.91312119364738 14.91006625443697 5.463893622159958 7.031155169010162 8.143808417022228 33.04887039214373 486.364483974874 21.88647202402353 0 208.3923045098782 93.89583466947079 179.7507647052407 92.799450956285 24.83481015264988 3.856004744768143 684.0502659678459 0.8298918530344963 18.57398998737335 16.18568523228168 0.09584896266460419 12.92646142840385 8.47280415892601 6.618154987692833 0.2075501158833504 1.829867444932461 0 0.3717414438724518 0.6888300627470016 17.88229099661112 1.842940792441368 0.3152022510766983 670.6610417068005 12.02529367059469 0.2118937969207764 26.93152100592852 46.55052672326565 9.649298749864101 10.98969294130802 40.16923013329506 7.003623276948929 21.96963136643171 289.9915023595095 6.75058825314045 79.17916303128004 89.7286022156477 58.12792105972767 5.185974769294262 247.8572004586458 75.95121135562658 119.2760108038783 64.8740157186985 0.3114160299301147 0.1246128603816032 0 0 0 0 0 0 0 0 0 0 0.8057959973812103 0.218517854809761 0.2350096181035042 0.2980687767267227 0 0 0 12.73525874316692 1.989843234419823 0 0 0 43.38869646191597 6.152745604515076 33.80346063524485 0.7653235197067261 0.7641593813896179 0.1255373507738113 0 0.341264009475708 0 0 0 0 1.931799978017807 2.138882763683796 0 0 0 0 0 0.2220964133739471 0.8405900150537491 0.112313985824585 2.058941476047039 4.351425819098949 0.8393321335315704 0 0.3731123358011246 59.86643435060978 0.2090153992176056 1.660142220556736 0.2155141830444336 0.1047051921486855 0.102870836853981 0.7832015156745911 0.179922491312027 0 0.2093281596899033 107.0012878999114 1.554659843444824 0 0 0.2075043916702271 18.78089114278555 1.500817462801933 21.75179289281368 3.675417758524418 0.9862022027373314 0.5428027883172035 0 0 0.1621542125940323 0 0.1861440390348434 0.3008979260921478 0.1783700361847878 0.1075344011187553 0.1409046202898026 0 37.47861562669277 9.550518564879894 12.56055095046759 345.3812863826752 41.18259382992983 378.9936364814639 54.30841960757971 218.3642622306943 68.97864803671837 0.541443794965744 90.67928846180439 12.94328429549932 0.8337871059775352 9.067592836916447 0.9562675431370735 41.34837889671326 0.7624365389347076 0.1336769312620163 0.5854170247912407 4.400295898318291 2.027222290635109
