0 5307.739837422967 201.1048852652311 2135.781012803316 1607.686616510153 423.3912819474936 1649.911168292165 97.67081499099731 106.2494905292988 738.3009129315615 569.9275994896889 102.2980486303568 70.90431110560894 41.12589633464813 2.238820314407349 2.472218923270702 0.2027124613523483 0.210519477725029 0 0 0.205232098698616 0.5799732357263565 0 0 0 0 0 0.1281639188528061 0.5917658507823944 0 349.5089392364025 1.675592847168446 2.178678125143051 0 0 0 1.098815754055977 0.1151409968733788 0.9433825016021729 0.1808770298957825 0 0.1302157938480377 0 0.947330929338932 0 0.3183964937925339 37.21422902494669 6.057321690022945 0.3878754526376724 0.2051715105772018 0.7099142819643021 1.609781891107559 0 0.1494124680757523 30.0211862847209 24.07631283998489 425.073766246438 1756.724576473236 42.23956803977489 8.699989043176174 0.3778581321239471 0.5355300158262253 0 7.375052779912949 17.97348155081272 2.847388997673988 3.914864338934422 0.4394089803099632 0.7204448357224464 1.185858704149723 71.47102177143097 35.55336552858353 1.002035290002823 294.2614284902811 74.57200226187706 99.04986467212439 9.35105973482132 1.905390501022339 0.8931397870182991 10.3633092045784 0.6394883245229721 8.128669627010822 51.27978183329105 0.7107771933078766 4.163263000547886 5.877976983785629 2.920335568487644 2.582607731223106 2.204425111413002 1.404246538877487 0 0.6322757676243782 0.5053142160177231 0.1685875058174133 0.1731942892074585 584.1774844378233 89.59374958276749 1.733569145202637 4.25403505563736 1964.595396779478 0 0 1.56550407409668 0.6429802626371384 0 5.731941148638725 1.463088631629944 1.01664425432682 9.976989880204201 14.21598626673222 0.2855083346366882 6.663970947265625 7.596871897578239 2.104860007762909 1.173483163118362 0 0 0 0.1303135603666306 0 0 0 0 0 0 0 0 0 0 0 0 0 0 0 0.6278972029685974 0.3901233375072479 0 0 0 1.004773870110512 0.2498128116130829 1.563871279358864 0.2709918618202209 0 0 0 0 0 0.376883327960968 0 0 0 0 0 0 0 0 0 0 0 0 0 0 0 0 0 2.629807218909264 0 0.3596756160259247 0 0 0 0 0.1569586545228958 0 0 2.059473171830177 0 0 0 0 0 0 0.8450082242488861 0.2561823129653931 0.3558054268360138 0.9972811043262482 0 0 0 0 0 0 0.4044205099344254 0 0 0 1.437270417809486 1.106182679533958 0.7313612103462219 387.774285286665 18.52812117338181 193.5924674645066 16.36772163212299 2388.16658449918 15.5754611492157 2.532562851905823 22.82008627057076 8.094630762934685 0 1.64628466963768 0.1733206659555435 3.816393584012985 0 0.1566436588764191 0.8216179013252258 1.476096451282501 0
5307.739837422967 0 254.6033536195755 1391.292350098491 4887.463792726398 151.6542344167829 5621.558178946376 224.6659429073334 2941.723552204669 428.3589888513088 1589.875157348812 30.0589012503624 369.3859498202801 433.1332743614912 14.0555993616581 2.489529959857464 0.9587875455617905 1.112148493528366 0.4200722724199295 0.1274800300598145 0.5692448168992996 0 0.1128326207399368 0.1968552023172379 0 2.57871175557375 0 1.307288728654385 1.277003303170204 0.7827480435371399 2597.14261727035 27.74086805433035 7.000631779432297 0.1766812652349472 0 0.1743811666965485 2.669760495424271 0.5853328108787537 0.1154379844665527 0 0.2308480516076088 1.979729898273945 0.4163899943232536 3.492787174880505 0.2680353298783302 0.5550583302974701 147.136123932898 19.95838490128517 0.453488864004612 1.32811151444912 3.234017178416252 2.072690948843956 0 1.626330152153969 69.74795238673687 53.77026913315058 113.5603697374463 1452.420066162944 56.2178058475256 33.75611298531294 0.5226952135562897 1.392288662493229 0.1243547052145004 84.22508583962917 50.92830035835505 8.990447327494621 14.26508558541536 4.885097526013851 3.080917373299599 3.026964224874973 19.59666675329208 7.067401453852654 0 454.1854299604893 298.8279936760664 323.1581400632858 102.6135656312108 10.89667918533087 3.068100847303867 19.82341901212931 3.365155316889286 16.84700802713633 123.386510014534 0.9684116095304489 12.61704301834106 22.51699417084455 15.45396197587252 0.9656482711434364 5.56716699898243 0.1666339635848999 0.3858326300978661 0.6906860321760178 2.164987169206142 0.8202010691165924 3.086815722286701 109.1963182091713 5.896815940737724 0 3.06406743824482 1110.745235927403 1.1918905377388 1.87576062977314 2.430483743548393 2.408652633428574 2.528892010450363 34.07885994017124 4.244720444083214 8.961069971323013 34.37099851667881 40.15642301738262 1.310089260339737 49.03296308219433 47.29944983124733 21.56205096840858 14.46855098009109 0 0.4946739375591278 0 0 0 0 0 0 0.6111311316490173 0 0 0 0 0 0 0.2097665667533875 0 0 0 1.173104494810104 1.517165496945381 0 0.1411120593547821 0 6.446396440267563 0 6.716284029185772 0.8784177601337433 0 0 0 0 0 0 0 0 0.7066764831542969 1.456609785556793 0.5199502259492874 0 0 0 0.272402822971344 0 0 0.1197074949741364 0.9265960156917572 0.4030992686748505 0 0 0.141903817653656 12.97883239388466 0 0 0.2412336394190788 0.3044374287128448 0.6825591325759888 0 0 0 0.1635322123765945 27.6895230486989 2.807705491781235 0 0.1509231477975845 0 3.572400733828545 0 0.7189157903194427 1.162719905376434 0.8348536491394043 2.18316975235939 0.958693265914917 0.6608896106481552 0.3115636855363846 0 0.2243354916572571 0 0.5298525094985962 0 0 0 14.89307864010334 3.002328261733055 5.402546614408493 678.639099560678 85.49019646644592 713.947487488389 47.94054060429335 1294.258220925927 45.59641627967358 7.421473056077957 69.53584936261177 14.07675828039646 0.342266745865345 4.380469292402267 0 24.89135989546776 0.3959287405014038 0.1343588531017303 4.40085406601429 1.724801242351532 0
201.1048852652311 254.6033536195755 0 4.240534923970699 1001.015899501741 2.565565258264542 110.5896907895803 4485.616207897663 478.4193744584918 5.621446028351784 3547.263756595552 2.398924186825752 11.12123434990644 123.6365920528769 6.744161739945412 3.335884295403957 0.5595171526074409 0.905313640832901 0 2.320024386048317 4.054945968091488 0 0 0 0.1534034013748169 0 0 0 0.2299477159976959 0 5217.9961636886 290.4214531257749 1.462212175130844 0 0 0 0.4563010558485985 0.4301991760730743 0 0 5.582332372665405 0.2776835858821869 2.485677421092987 5.696980468928814 0 2.75787677615881 24.59032133221626 2.97708248347044 0.3750825971364975 3.386920787394047 0.4396577924489975 0 0 0.2952114194631577 11.96516611427069 13.77821590006351 77.97136282175779 2839.971971765161 30.55010665953159 9.061698369681835 2.703355193138123 0.5580376982688904 0.1307653486728668 289.9123146235943 9.349425874650478 1.833233699202538 1.601128235459328 0.2458800673484802 4.627930156886578 20.27427100390196 2.378218814730644 1.313193306326866 0 232.1305025741458 158.7242814153433 90.14795364439487 27.67597938328981 6.815037362277508 133.6216335296631 294.040429443121 49.28960778564215 258.1687425225973 20.38645072281361 0 1.691479586064816 3.16201014816761 2.629783019423485 0 0.635241262614727 0 0 0.2946360409259796 2.172628365457058 0.1375517249107361 0.1142729744315147 2.582599073648453 0 0 1.274430096149445 470.4965832829475 0 0 0 0 0.1476706266403198 1.792273879051208 0 0.3362673223018646 0.1909901648759842 0.795892596244812 0 1.029799908399582 1.475327253341675 1.019037917256355 1.299326382577419 0 0 0 0 0 0 0 0 0 0 0 0 0 0 0 0 0 0 0 0 0.2833131849765778 0 0 0 1.944716721773148 0 1.058755606412888 0 0 0 0 0 0 0 0 0 0 0.153761237859726 0 0 0 0 0 0.1286782026290894 0 0 0 0.1658365726470947 0 0 0 1.441294625401497 0 0 0 0.1470860093832016 0 0.1147324666380882 0 0 0 2.602384239435196 0 0 0 0 0.3750666677951813 0 0.3279560208320618 0 0.4500089585781097 0.1263660937547684 0.2347419261932373 0 0.1412328481674194 0 0 0 0.1113484799861908 0 0 0 1.309690892696381 1.066883534193039 2.078802794218063 83.3032309114933 12.49966775625944 99.66509986668825 12.77814158052206 319.553069986403 8.563655123114586 0.9089893251657486 14.79064965248108 1.204751282930374 0.09018091112375259 0.141786053776741 0 0.5582389831542969 0.1854616403579712 0.4324530214071274 0 0.9270990788936615 0
2135.781012803316 1391.292350098491 4.240534923970699 0 166.6230765879154 453.9982562512159 1298.238053053617 2.359113752841949 48.93822741508484 1946.331774801016 17.6432494148612 192.6752676963806 366.8177652806044 98.48577225208282 2.283764913678169 0.3124185800552368 0.4950760900974274 0.167723685503006 0 0 0.2957706153392792 0 0 0 0 1.015253081917763 0 0 0.5213765501976013 0 9.425556048750877 2.452717691659927 1.399827629327774 0 0 0 0.2252211570739746 0.395816296339035 0 0 0 0 0.3849822133779526 0.2474131137132645 0 0 31.23127548396587 5.153325572609901 0 0.3192093223333359 1.52842852473259 0 0 0 10.94121129065752 8.852330483496189 20.83137389272451 105.6092088446021 8.269221231341362 2.863360971212387 0 0 0 11.59760370850563 8.311486095190048 1.051550202071667 2.026916444301605 1.060387827455997 0.5110451206564903 0.3985211700201035 12.42786346375942 1.720863044261932 0 64.32130911201239 36.21848191320896 52.54148365557194 18.31918157637119 0.9798517227172852 0.2976242303848267 6.15252597630024 0.5226630419492722 2.576744951307774 20.8163453117013 0 1.811955742537975 3.368640094995499 2.592177286744118 0.1074357703328133 0.6628379002213478 0 0.232392817735672 0.2805800586938858 0.1687626093626022 0 0 145.893938601017 2.945371210575104 0.1477807015180588 0.2121213972568512 108.8100588768721 0.2731807231903076 5.704230785369873 2.458026140928268 3.367816850543022 0 23.11600847542286 3.764555096626282 3.152113690972328 26.51512484252453 47.91405455768108 0.2236631214618683 21.15272282063961 32.86871027946472 10.2749527990818 3.307251125574112 0 0 0 0 0 0 0.196060374379158 0 0 0 0 0 0 0 0 0 0 0 0 0.714808464050293 0.2202278077602386 0 0 0 4.31480048596859 0 4.43054586648941 0 0 0 0 0 0 0 0 0 0.38142129778862 0 0 0 0.2758829295635223 0 0 0 0 0 0 0 0 0 0 5.549076959490776 0 0 0.3146564960479736 0 0 0 0 0 0 5.929456576704979 0 0 0 0 1.555841505527496 0 0.523993194103241 0 0.9876203536987305 0.1404523402452469 1.128904581069946 0 0 0 0 0 0 0 0 0 7.57380336523056 2.978496685624123 3.940603539347649 292.6406630724669 18.61323370784521 134.561523810029 6.884888604283333 1184.038081154227 9.315148457884789 0.3354104161262512 16.78856255114079 10.77298623323441 0.1241018176078796 1.680398896336555 0 30.52622306346893 0 0 0.6893527209758759 0.2050205618143082 0
1607.686616510153 4887.463792726398 1001.015899501741 166.6230765879154 0 23.04697883874178 2675.955491960049 650.4809608384967 10929.56078287959 364.0170326828957 3213.019745305181 48.99774773418903 276.5679704174399 579.421544753015 17.92388545721769 2.942307889461517 0.5688898116350174 0.3934448212385178 0 0 2.117425844073296 0 0 0 0 1.210463911294937 0 3.075270488858223 2.455214738845825 0.120876781642437 610.8402030915022 29.81299902498722 6.82380536198616 0 0.4298998415470123 0.5116301774978638 0.4876692146062851 0 0.8609919995069504 0.3211201578378677 2.184723049402237 1.800514295697212 0.3190179169178009 4.706415317952633 0 1.503810822963715 95.77187974750996 7.715399675071239 0.2604848966002464 0.838365450501442 1.639360710978508 1.043672919273376 0 1.442413359880447 24.1001181229949 19.67512153834105 39.64180725067854 546.844458937645 20.81609070301056 26.65580429881811 1.413685627281666 0.1022755578160286 0 41.62451431155205 20.97792236506939 6.072171062231064 5.809420637786388 2.350958228111267 1.558078274130821 3.393537066876888 15.23327276855707 2.365588486194611 0 181.6683450937271 136.108646646142 189.7767270803452 76.00504124909639 15.53399153798819 6.124675914645195 46.19495461136103 4.127857103943825 36.51867307722569 50.96800980716944 0.3411478251218796 5.509771145880222 9.744806304574013 6.120540417730808 0.8165118470788002 3.196791060268879 0 0.3001971691846848 0.5128583014011383 4.431940987706184 0.14700648188591 2.947833940386772 86.82632721960545 3.467663899064064 0 2.160187944769859 233.9625060707331 0.2470022141933441 0.7790360450744629 5.277119010686874 3.897347614169121 0.5499201416969299 56.78313432633877 3.434548407793045 13.88161671161652 43.76960451900959 42.74010741710663 3.403469681739807 54.27020241320133 62.24045492708683 30.62857106328011 20.64663028717041 0.1738959550857544 0.1662590205669403 0 0 0 0 0 0 0 0 0 0.1804374605417252 0 0 0 0 0 0.3808032274246216 0 1.20528906583786 1.151995301246643 0 0 0 7.101030573248863 0.1831886470317841 7.955451235175133 0.2730641067028046 0 0 0 0 0 0.2967038750648499 0 0 1.237928479909897 1.471752852201462 0.2969661504030228 0 0.1426526606082916 0 0 0 0.1515500843524933 0.1043467074632645 0 0.4975079149007797 0 0 0.5969351232051849 10.98800003528595 1.079724937677383 0 0.1863272190093994 0.1130735874176025 0 0 0.1578585803508759 0 0 34.14778365194798 0.2890822291374207 0 0 0.1084249243140221 6.173249751329422 0.2087377309799194 1.386528849601746 0.3710538446903229 1.076601341366768 3.193159803748131 0 0 0.1108002886176109 0 0.1572135090827942 0 0.3659039810299873 0.136925220489502 0 0 22.09587264060974 4.370508447289467 7.719924286007881 300.4027811065316 62.49476952850819 337.062746077776 37.36302686482668 306.1944165304303 36.12480767816305 2.523136168718338 54.2373273447156 20.56549350172281 0.09485375881195068 7.015457451343536 0.5933814197778702 27.35731223225594 0.4762948006391525 0.197091281414032 1.779864400625229 3.764818802475929 0
423.3912819474936 151.6542344167829 2.565565258264542 453.9982562512159 23.04697883874178 0 218.5884430557489 1.561788946390152 13.28470134735107 628.0482690036297 16.42438240349293 263.2359643876553 151.7122758924961 32.60984492301941 1.887740306556225 2.015330880880356 0 0 0 0 0.5178814679384232 5.483437582850456 0 0 0 0 0 0 0 0 43.93473866581917 0.3097459971904755 17.31911261379719 0.1964934766292572 0 0 1.923843592405319 0 0.2211311608552933 0.1612276583909988 0 0 0 1.973060123622417 0 0.8429744988679886 4.494004853069782 0.4581276476383209 0.2998186349868774 0.1680913120508194 0.8506015241146088 17.11480470001698 1.262229338288307 1.489325344562531 4.885929293930531 4.259616263210773 107.1186877638102 316.9725651741028 3.382964983582497 0.5673726573586464 0.2296590805053711 1.186399191617966 0 0.3141343295574188 1.733246155083179 0.3980529829859734 0.4667165502905846 1.182338118553162 0 0.1945300698280334 333.5192714631557 671.8264285773039 8.004652813076973 32.72434867918491 7.898720219731331 16.04145641624928 2.285317718982697 0.9022100120782852 0.7227317094802856 13.7510973662138 0.2350974529981613 8.282271884381771 7.26959852874279 3.387253805994987 0.3544160574674606 1.033044189214706 0.3368811309337616 19.56555850803852 5.965373605489731 22.27525326609612 0.7517688274383545 7.332551285624504 0 0 0.3293699324131012 1041.219881251454 657.8748669028282 14.98358553647995 24.20269386470318 547.8850461691618 0 0 1.564272910356522 0 0 2.287593424320221 0.2660501599311829 0 2.544698536396027 4.845575243234634 0 1.740027830004692 2.29980257153511 4.295151323080063 4.963932543992996 0.2198889702558517 0.3634170889854431 0 0 0 0 0 0 0 0 0 0 0 0 0.1845895946025848 0 0 0 0 0 0 0 0 0 4.614186763763428 0 3.760181322693825 0 1.168544068932533 0 0 0 0 0 0.1794848591089249 0 0 0.1638227850198746 0 0 0 0.2767903804779053 0 0 0 0 0.3148133158683777 0 0 0 0.2771284580230713 2.871361076831818 0.2051892280578613 0 0.2383000031113625 0 0.2104343622922897 0 0 0 0.2330413609743118 15.21646749973297 18.96660047769547 0 0 0.1847176253795624 0 0 0 0.1253559738397598 0.4928979873657227 0.2785218954086304 0 0.3542382419109344 0 0 0 0 0 0.1848857849836349 0 0 3.354802131652832 7.329048603773117 8.197863057255745 36.06655871868134 4.192397572100163 32.63959559053183 3.240124359726906 542.6109488457441 1.397494420409203 0.4828113317489624 2.721851691603661 3.594062879681587 0 1.324207633733749 0 2.696494475007057 0.3943900763988495 0 0.3637538850307465 0.8128373175859451 0
1649.911168292165 5621.558178946376 110.5896907895803 1298.238053053617 2675.955491960049 218.5884430557489 0 43.0035527125001 5925.296296864748 2633.342392101884 726.451687708497 182.7041008621454 4557.94966930896 4586.679599456489 66.86094303429127 15.44270833581686 2.469058230519295 1.240502469241619 0.1576128005981445 1.176623247563839 3.927495688199997 0.944843128323555 0.1825223565101624 0 1.019975960254669 4.569132633507252 0.2419420629739761 4.498519465327263 3.759197637438774 0 196.3867067173123 41.31701770424843 19.37492606043816 0.7940808460116386 0 0 4.692793600261211 1.156122431159019 2.672308310866356 1.39478488266468 3.326055832207203 5.257004544138908 1.940558701753616 13.6454718708992 0.6463323310017586 2.070090912282467 330.5386459752917 26.47994580864906 1.01490193605423 2.183909237384796 4.242684252560139 2.082676768302917 0.6532711386680603 6.572737395763397 63.99014700949192 56.62483904510736 72.63428849726915 485.1762358769774 37.62240681052208 69.7348447740078 1.264797173440456 5.51498045027256 0.1387804746627808 107.5847255587578 64.67025611549616 11.97814320027828 22.12469354271889 9.743690870702267 7.842579811811447 9.682541079819202 90.55295523256063 11.35638941079378 0 380.4228487610817 283.8437888175249 549.2124451398849 249.0884766802192 49.23991165310144 10.60356520861387 80.72888517379761 7.608531817793846 98.51196205615997 129.2532566934824 1.276650935411453 17.57489440590143 25.91778252273798 19.83934487402439 0.7890145108103752 6.305432669818401 0.5076197385787964 1.443604670464993 2.294955089688301 7.085441775619984 1.44271232187748 7.229425445199013 802.2765656560659 27.82862669974566 0 11.643659055233 75.40693147480488 4.564339369535446 5.701055109500885 46.33027003705502 17.33336468040943 4.841326147317886 260.8683232069016 32.93998056650162 77.74527179449797 303.8564848154783 299.6220660060644 10.63765974342823 354.4312225133181 449.9611169993877 162.273814946413 109.2686974257231 1.404195189476013 0.6133963316679001 0 0.4184882640838623 0.1649151742458344 0 0 0 0 0 0 0 0 0.1943655461072922 0 0.1679427921772003 0 0 0 16.00212425738573 15.37521509826183 0 0.1775975227355957 0 47.8131200671196 0.2833057045936584 48.84082335233688 3.630445867776871 0.1098152324557304 0.9219916015863419 0 0 0 0.9777352511882782 1.320636004209518 0 5.598566964268684 15.3427722454071 1.44843166321516 0.1992208510637283 0 0 0.177752748131752 0 0.4761911481618881 0 1.173470944166183 5.99461367726326 0.5868396162986755 0 0.7722027152776718 70.78205344080925 0.7927815467119217 1.340394392609596 1.047321997582912 0.2646240741014481 0 0.1279431581497192 0.1393888890743256 0 1.309344917535782 215.8801888823509 3.290115222334862 0 0.3697062954306602 0.8990456983447075 20.91818158328533 0 3.380197688937187 6.857711315155029 17.73925784230232 15.5438120290637 5.196552857756615 3.744326561689377 0.3058037161827087 0.1362878978252411 0.4310243874788284 0 0.8592340797185898 0.202679917216301 0 0 130.5257320702076 28.96440777182579 37.36085882782936 1329.349360249937 177.8286089152098 1271.154921390116 152.0906444787979 1309.168884731829 108.6673154830933 10.40079371631145 230.4814397320151 73.42936338484287 4.247372910380363 31.67028360813856 1.802711337804794 152.893903568387 2.156482145190239 0.8352983891963959 4.464403539896011 15.27022424340248 0.7084078192710876
97.67081499099731 224.6659429073334 4485.616207897663 2.359113752841949 650.4809608384967 1.561788946390152 43.0035527125001 0 1062.673573948443 8.197848819196224 2313.764690443873 0.8925905525684357 51.03558447957039 167.3206034898758 16.32580500841141 6.909973248839378 2.398856595158577 10.35199159383774 0.1547332555055618 10.45833969116211 30.33237268775702 0 0.3314564079046249 0 0.5970992892980576 0 0 0.3514653742313385 0.6277438700199127 0 1531.90133138746 2239.369705632329 2.067008882761002 0.5551612377166748 0 0 1.355895109474659 0 1.035640902817249 0.281764417886734 17.80973056703806 3.72223249822855 16.90418992191553 32.16918998211622 0.2433969229459763 23.43669022619724 72.932835675776 6.061254382133484 1.915518246591091 23.6025865226984 1.652652524411678 0 0.3973715901374817 0.8208119943737984 15.21744649857283 11.29305093735456 39.8300806581974 848.8907996937633 17.44802169501781 20.10964324325323 18.75434087216854 0.2700970470905304 0.4826118946075439 209.0429816097021 9.661177210509777 3.014404639601707 3.166571073234081 1.268209002912045 24.67085658013821 99.40474840253592 1.76589646935463 0.5823817849159241 0 148.9337330833077 172.2215009182692 154.8161797225475 161.4645499736071 255.4492782428861 1630.402173370123 544.4419892504811 767.8905525803566 1539.46716222167 31.00305835902691 0.1355923712253571 3.452327914535999 5.344844959676266 13.04703273624182 0.4332949072122574 1.477313414216042 0 0.2003893554210663 0.4689268320798874 14.12444799393415 0.1227687373757362 2.675378054380417 3.302792370319366 0.6164528876543045 0 1.129658117890358 66.32475891709328 0 0 0.2778708040714264 0 0 1.963470757007599 0 0.3635758459568024 1.841048166155815 2.175632894039154 0.3605488389730453 2.30861222743988 4.50031603872776 2.198392406105995 0.1773836612701416 0 0 0 0 0 0 0 0 0 0 0 0 0 0 0 0 0 0.1838586628437042 0 0.2837116122245789 0 0 0 0 1.079566106200218 0.2827129513025284 2.111702725291252 0.2917098999023438 0 0 0.1315533965826035 0 0 0.2310868799686432 0 0 0 0.2945763319730759 0.2279914319515228 0 0 0 0 0 0 0 0 0 0 0 0.1527563333511353 0.8721048533916473 0 0 0.1539399772882462 0 0 0 0.3973205536603928 0 0 2.36063914000988 0 0 0 0 0 0 0.3166211396455765 0 0.232132688164711 1.091588094830513 0 0 0.1070810556411743 0 0 0 0 0 0 0 0.9315560013055801 0.1578535139560699 2.226323544979095 191.0111948847771 28.27570201456547 225.3862977102399 20.85906027257442 116.7567185983062 20.85817044973373 1.379779055714607 29.99134323000908 3.847937613725662 0 1.095534712076187 0 0.4881505370140076 0 0.1520121097564697 0.3040882647037506 0.124012365937233 0
106.2494905292988 2941.723552204669 478.4193744584918 48.93822741508484 10929.56078287959 13.28470134735107 5925.296296864748 1062.673573948443 0 322.4951436668634 4336.019844740629 64.79467624425888 1624.702084623277 2375.811612673104 63.43912723660469 26.18466988950968 0.9117691293358803 1.559094689786434 0.3531592786312103 0.4187702089548111 6.934301152825356 0 0 0 1.070780172944069 1.962706878781319 0 5.272657565772533 2.393592566251755 0.3241703510284424 163.5097660273314 43.23182721436024 22.80081503093243 0.1566961407661438 0 0.2257674336433411 2.685142546892166 1.32312086224556 0.1440765261650085 0.1239697113633156 6.200327642261982 4.005303785204887 1.262451350688934 17.8246735483408 1.066294431686401 4.574644491076469 175.4629262834787 9.889736965298653 1.406538382172585 1.919536598026752 1.990135431289673 0.6010384857654572 0 4.969549156725407 15.59724998474121 17.43347702920437 26.18818811327219 154.8951075598598 10.74563460797071 38.93412740528584 2.304283231496811 1.347425557672977 0.1435109972953796 27.86483056843281 13.87863778322935 2.888745740056038 4.08208940923214 2.388879850506783 3.461270123720169 12.94167506694794 38.66363194584846 6.34594389796257 0 129.6304606199265 82.69284499436617 263.4911111742258 158.8033423498273 46.6305929645896 18.65231503546238 139.3931845873594 16.48409218341112 153.3602923676372 35.17208850383759 0.1126521602272987 5.486546009778976 8.084767021238804 8.26072745770216 0.5750058889389038 2.309499017894268 0.1071075573563576 0.7539807707071304 1.976786695420742 8.664584897458553 1.445545643568039 1.153302669525146 168.4797333329916 11.34105272591114 0 2.474474623799324 25.98660861700773 2.371423736214638 0.9298897385597229 10.55402719974518 4.810948193073273 3.261139258742332 82.5115931481123 9.151169702410698 17.09518232941628 102.9585837721825 106.1508623063564 3.436008349061012 107.4536123871803 140.4687900394201 63.14007386565208 44.3125374764204 0.9078432023525238 0.7449236512184143 0 0 0 0 0 0 0 0 0.292447566986084 0 0 0 0 0 0 0.3698018193244934 0 4.724020600318909 1.690002202987671 0 0 0 20.45503324270248 0 20.10635125637054 1.263489633798599 0.1977602243423462 0 0.2515202462673187 0 0 0 0 0 2.249554604291916 6.971128940582275 0.2953429818153381 0 0 0.181815505027771 0.7114379853010178 0 0.2435096949338913 0 0.1760542839765549 1.089159041643143 0.2066051810979843 0.1230466738343239 0.3702932298183441 27.9342238008976 0.2245467007160187 0.6358778476715088 0.8237903863191605 0.1312077045440674 0 0 0 0 0.2150321453809738 75.13044895231724 2.323500707745552 0 0 0 8.901889011263847 0 3.727728724479675 0.733347550034523 4.226599134504795 5.910515815019608 2.772096633911133 1.115796998143196 0 0 0.3595993518829346 0 0.3223447650671005 0 0.253935307264328 0.315230593085289 42.31282189488411 12.82082179933786 14.49068984389305 687.1385532468557 83.6853441670537 599.9415091052651 92.61118967086077 155.4997708052397 65.20944438129663 5.162167750298977 160.730692140758 27.81397974491119 0.6278726011514664 17.07099236547947 1.007283508777618 35.67971689254045 1.488330528140068 0.1868370622396469 0.389182448387146 7.8440111130476 0.3421191275119781
738.3009129315615 428.3589888513088 5.621446028351784 1946.331774801016 364.0170326828957 628.0482690036297 2633.342392101884 8.197848819196224 322.4951436668634 0 238.1625278443098 2132.93937535584 4192.416695505381 1305.821061566472 13.67544133961201 7.314382933080196 0.5654328539967537 0.3768648207187653 0.1772273927927017 0.6111084967851639 0.996990442276001 0 0 0 0 0 0 1.04588571190834 0 0 8.531709104776382 4.189096361398697 7.129383705556393 0 0 0 1.979405671358109 0.2175012975931168 0 0 1.027653321623802 0.8929935991764069 0.2512482702732086 5.700765915215015 0 1.479217633605003 46.69370201230049 2.090507589280605 0 0.5593737363815308 0.4679015278816223 0 0 0.8799404799938202 5.976883269846439 5.048758171498775 15.46100833266973 46.73484069108963 3.746567323803902 8.286776594817638 0 0.9633280634880066 0 4.93237816542387 2.90317489951849 1.031032018363476 0.9000510051846504 0.1106410771608353 1.792049176990986 2.501157812774181 116.6871664226055 20.40632721781731 0 39.73997949808836 24.26018739491701 56.91363685578108 33.34682592004538 10.36961493641138 0.9475692957639694 37.3963657617569 2.550237603485584 21.65021207183599 8.692186579108238 0.1187960878014565 0.9384180679917336 1.527515523135662 0.6861909106373787 0.1102313920855522 0.3140230178833008 0 0 0 1.182795606553555 0.1486745625734329 0.2563150525093079 1750.081119596958 13.53041333705187 0 2.419729724526405 189.6790309250355 3.507008299231529 12.72780923545361 34.24881616234779 20.36811645328999 7.129904597997665 252.0565024316311 33.61690478026867 55.74686854332685 239.3041792213917 324.027490913868 8.67086386680603 346.8220195919275 396.8161227405071 153.5439299196005 86.29149757325649 0.1444384455680847 0.2971866130828857 0 0 0 0 0 0 0 0 0 0 0 0 0 0 0 0 0 10.78776830434799 6.61755807697773 0 0 0 32.2516280412674 0 24.88180357217789 3.23622290790081 0 0 0 0 0 0.1913648694753647 0.9335378408432007 0 2.492348209023476 16.73078961670399 0.2810854017734528 0 0 0 0 0 1.622393026947975 0.1169050857424736 1.803736418485641 3.799785643815994 0.289284884929657 0.6455987095832825 0 50.162702023983 1.050986990332603 0.7419038861989975 0.9534018933773041 0.1108903437852859 0 0 0 0 0 116.1995565891266 6.253755167126656 0.2269311249256134 0 0 17.13892135024071 0 5.097285881638527 3.021927013993263 10.19358269870281 15.72543023526669 6.261835157871246 2.278760224580765 0 0 0 0 0 0 0 0 135.7525926530361 20.63799540698528 18.2669280320406 510.828852891922 14.63577724993229 196.2629780620337 20.69449307024479 1116.959016159177 19.15638565272093 0.3689387589693069 61.18794634193182 73.29678119719028 0.876576267182827 25.27557840198278 0.1305579245090485 183.9979825168848 1.142519235610962 0 1.234243676066399 2.339664235711098 0.2541370093822479
569.9275994896889 1589.875157348812 3547.263756595552 17.6432494148612 3213.019745305181 16.42438240349293 726.451687708497 2313.764690443873 4336.019844740629 238.1625278443098 0 118.376666739583 2432.694924645126 3663.849739417434 114.340927913785 73.6826424151659 4.27773954719305 2.348482847213745 0.2623797133564949 5.031095117330551 28.97485577315092 0.135669082403183 0 0 8.077656298875809 5.952246382832527 0.27497199177742 4.129614233970642 5.341117285192013 0 964.1077591925859 424.6472694501281 145.0729828700423 1.309494659304619 0 2.868856102228165 29.83795456588268 9.815165363252163 2.449358090758324 1.367232739925385 28.7730371505022 6.684265829622746 5.660146057605743 71.0524959564209 1.838860124349594 26.09278085827827 260.844021037221 15.15976656228304 1.65931548923254 8.574559137225151 6.47659195959568 0.5782892554998398 0.5277448892593384 4.396078146994114 36.93156266212463 27.84185536205769 54.23918318003416 832.53916978091 32.49945358932018 60.27683279663324 10.7035137116909 6.730601042509079 1.805876985192299 114.4511012807488 37.46038467437029 5.271819069981575 8.947171010077 4.813720755279064 21.84095073491335 64.71337629854679 56.17560976743698 13.84789838641882 0.1504520177841187 323.4562442600727 265.4577627032995 502.2831518575549 296.2606701031327 105.8659495338798 623.4219588339329 713.3777933865786 130.1882799714804 891.8697871267796 77.28068182617426 0.8768988028168678 9.924106433987617 13.48688425123692 16.40514016151428 0.4623205214738846 4.634215451776981 0.1231693103909492 0.4350690096616745 2.217734165489674 33.86430547386408 7.95302315056324 6.269625559449196 159.031242415309 10.23562178015709 0 6.07625187933445 140.7660710662603 1.434662401676178 1.464841812849045 4.656726270914078 1.860303968191147 3.359925717115402 63.54304227232933 2.387392997741699 13.50250349938869 53.01830153167248 45.61662156879902 2.29704438149929 80.13643495738506 107.2087347060442 68.75888159871101 42.11634910106659 0.2385398671030998 0.2514284551143646 0.2412026524543762 0 0 0 0 0 0 0.416033998131752 0.1683568060398102 0 0 0.1403903812170029 0.2265431880950928 0.2153161764144897 0 0.3464790731668472 0 5.018833130598068 5.495822116732597 0.2937700003385544 0.3163070976734161 0 18.84226156026125 0 19.54558242112398 2.1068185120821 1.457973152399063 1.037082895636559 0 0 0 0.1635559648275375 1.069577604532242 0.1546694040298462 1.690358519554138 6.395973846316338 0.2216856330633163 0 0.3642126023769379 0 0.8156588226556778 0 0.3946291506290436 0 0.2869844138622284 2.374901548027992 0.1453202217817307 0.4263846725225449 0.4692014455795288 21.71802400052547 0.6745649874210358 0.9916708469390869 0.6721491366624832 0.1251207441091537 0.1141300275921822 0.3927133157849312 0 0 0.3298336863517761 93.77507082372904 5.728972367942333 0 0 0 8.311739429831505 0.4553723931312561 3.529658034443855 1.163653388619423 4.825935423374176 9.698276117444038 1.46312640607357 0.5649855881929398 0.9172586128115654 0 0.2500039413571358 0 0.3620633184909821 0 0 0 27.75139126181602 15.16782359778881 21.59782206267118 849.1570350974798 95.5837941467762 885.2165006846189 106.6411756798625 276.4632329195738 70.54177137464285 7.052114084362984 181.1113759949803 34.67283736914396 1.4094153419137 18.4025167375803 0.4539707154035568 11.53470860421658 1.56207087635994 0.3016034364700317 3.266329631209373 9.005730196833611 0.4340400993824005
102.2980486303568 30.0589012503624 2.398924186825752 192.6752676963806 48.99774773418903 263.2359643876553 182.7041008621454 0.8925905525684357 64.79467624425888 2132.93937535584 118.376666739583 0 1769.525392770767 188.6713363528252 11.99108108878136 8.303594216704369 0.7743547409772873 0.1480101644992828 0 0.2367358952760696 1.054582551121712 0 0 0 0.4089511185884476 0 0.214342474937439 0 0 0 1.662455953657627 0.8351656347513199 9.660099983215332 0 0 0 0.9845281541347504 0.6765218004584312 0 0.1855413615703583 0.7045851349830627 0.5240503400564194 0.1515532433986664 7.400369249284267 0.7095153033733368 3.049010306596756 17.57475008070469 0.1067704930901527 0.1401716619729996 0.2932614088058472 0.1047508493065834 0.1831665188074112 0 0 1.297805100679398 0.3457256928086281 7.618167974054813 7.491401687264442 0.9910712242126465 2.863402403891087 0 3.35729393362999 0.2215334624052048 1.566763088107109 0.8215487226843834 0 0 0.2043443024158478 0.5960354655981064 2.861774258315563 56.13460800796747 10.74709260463715 0 6.464261278510094 6.969166919589043 18.31062819808722 12.59709375351667 8.873266793787479 0 13.06150268763304 1.451709568500519 9.690089821815491 1.389878459274769 0 0 0.1406611800193787 0.815779410302639 0 0 0 0 0 1.960104465484619 1.154174357652664 0 1995.954803168774 25.90803673118353 0 1.087242588400841 56.1933174431324 2.896501779556274 1.85806979238987 19.0348514020443 7.887822240591049 4.374612286686897 172.1298033744097 14.64501552283764 38.09920175373554 134.4137123823166 142.73741081357 7.897356778383255 248.2654485553503 248.8400278240442 123.3380661308765 50.85033038258553 0.7024950683116913 0.3154084384441376 0 0.1441557109355927 0 0 0 0 0 0 0 0 0 0 0.1297275274991989 0 0 0 0 6.325716510415077 4.926897004246712 0 0.2928353250026703 0 17.26023752987385 0 14.11387663334608 0.2275384813547134 0.2016963213682175 0 0 0 0 0 0.1518074572086334 0 1.963411554694176 9.727968499064445 0.3492252007126808 0 0 0 0 0.237922690808773 0.6076664626598358 0.1455020010471344 0.631793811917305 3.05461297929287 0.2485952824354172 0 0.3741978704929352 24.36029775440693 1.075211063027382 0.7645219415426254 0.2674241289496422 0 0 0 0 0 0 74.7152084261179 3.484534278512001 0 0 0 19.62068496644497 0.6291854977607727 2.284929215908051 3.547557391226292 9.481540828943253 9.363750413060188 4.388529703021049 2.772042572498322 0.6705337390303612 0 0 0 0 0 0 0 114.533669501543 16.41993713378906 9.00995409488678 116.5222705900669 3.85548759251833 64.53730574250221 11.60912963747978 208.0068814605474 4.13312978297472 0 15.99737532436848 32.97775637358427 0.7772758305072784 17.76757444441319 0.7623835429549217 63.41911840438843 1.525262758135796 0 1.160362958908081 1.684139758348465 0
70.90431110560894 369.3859498202801 11.12123434990644 366.8177652806044 276.5679704174399 151.7122758924961 4557.94966930896 51.03558447957039 1624.702084623277 4192.416695505381 2432.694924645126 1769.525392770767 0 5631.270953372121 142.6387732550502 113.0586187019944 14.47190403938293 2.419720493257046 0.6204336583614349 1.788590751588345 12.6557779982686 3.441098943352699 0.3922922164201736 0 42.78866378962994 14.59966179728508 2.687934577465057 15.41982758045197 7.231070287525654 1.981837972998619 18.85874073952436 11.39122974127531 3282.98155336827 5.440082252025604 0 10.37868955731392 737.8718171343207 104.6231918483973 75.00280048698187 28.75088450312614 44.16445978730917 14.83489029854536 2.0829838514328 135.5846035629511 13.41837750375271 70.27749536186457 187.8908524885774 5.5628402531147 1.388356037437916 4.60341053456068 8.036756470799446 4.125119015574455 33.33234949409962 3.516149707138538 7.566035591065884 9.888114891946316 17.81639474630356 47.42384116351604 5.901339694857597 39.26601676642895 17.87078396975994 424.1554736122489 4.862103216350079 18.29796302318573 9.680571593344212 3.737403199076653 5.455596387386322 5.05727731436491 9.123198226094246 41.06840814650059 264.1900681704283 189.3145030587912 0 81.85239595174789 53.57131245732307 244.5326882824302 162.3599443808198 93.65187299996614 3.671717889606953 443.8323933035135 24.56670948863029 629.4245188906789 20.85460460186005 0.2729009911417961 3.292284764349461 4.59159417450428 7.091309063136578 0 1.313275225460529 0.5489675104618073 0.7013980224728584 2.76637390255928 68.11957195401192 31.2297625541687 4.541230224072933 2545.634165272117 164.9362746477127 0.198116347193718 51.71542523801327 30.54961067438126 8.620956882834435 4.07130728662014 35.29375979304314 7.566813573241234 12.46336479485035 291.1498250067234 15.2567832916975 86.7777194082737 288.2232349663973 260.6192746162415 23.91437469422817 413.9207430183887 587.0291872769594 306.2675735726953 232.7160485088825 4.989241056144238 4.029735870659351 0 1.243342399597168 0.1335720866918564 0.1750306189060211 0.5979226380586624 0.4992957264184952 0.7273691147565842 1.09512622654438 1.793289422988892 0 0.4096103012561798 1.482614412903786 1.571363598108292 2.013082325458527 0.4375741630792618 3.135418474674225 0.4760392159223557 23.09146825969219 15.07520827651024 1.073424622416496 2.227258339524269 0.3874376863241196 135.0910537689924 1.771938271820545 124.4455774351954 15.10487099736929 5.846712954342365 1.428824484348297 0.6490306258201599 1.128502480685711 0 0.571500763297081 4.978793695569038 0.1437720507383347 8.444426447153091 36.99166207760572 2.148097842931747 0.8255869597196579 0.6462125778198242 3.290068030357361 2.648437447845936 0.5979273617267609 1.290817573666573 0.1883814483880997 1.423685953021049 7.695069827139378 0.69280706346035 1.819094583392143 5.338684573769569 141.7316598594189 3.28059696406126 3.273509010672569 2.462406970560551 0.2497062236070633 0 0.3717959374189377 0.2563266307115555 0 0.7697938531637192 596.8219968229532 53.00206431746483 0.2375729382038116 1.023762702941895 0.5298957526683807 40.36772382259369 1.177457243204117 9.602192476391792 10.08115734159946 19.92398934066296 28.52513401955366 7.643979713320732 5.840899467468262 1.40544755011797 0 0.1650590598583221 0 0.1448979675769806 0.1842493563890457 0 0.4456493556499481 227.3331726118922 155.5778587982059 136.2194123417139 803.2520494163036 81.45750799030066 680.8848704472184 113.1594632640481 231.4758031591773 49.08686157315969 2.162149325013161 173.580228023231 104.7057152464986 3.421305879950523 60.97231796383858 1.960128352046013 113.2307271212339 2.811246372759342 0.8315784931182861 11.87798550724983 18.84424120932817 1.24385367333889
