0 4860.619792453945 352.6976706087589 2083.886959701777 763.0309366881847 202.1287682205439 1925.666635617614 10.12515734136105 286.5245745927095 4685.773180872202 87.31635096669197 679.8248667865992 801.6985933408141 210.8045323193073 0.9594288393855095 0.7635187655687332 0.2491557896137238 0.1627268046140671 0 0 0.1117891073226929 0.4642553329467773 0 0 0 0 0 0 0.1493818014860153 0 311.8818327859044 0.3329063281416893 11.5937817171216 0 0 0.1079503297805786 6.560572907328606 0.1616508364677429 1.215069964528084 0.2213207483291626 0 0.1345198452472687 0 0.554230310022831 0 0.1469083428382874 14.15722038596869 8.39797255396843 0.3969555497169495 0.1638873070478439 0.8276910781860352 0 0 0.2565296962857246 3.521519705653191 5.841609127819538 824.0522760227323 557.8072559535503 35.2499071508646 7.862773381173611 0.134288102388382 0.7396492660045624 0 2.790544964373112 2.629307642579079 1.63427696377039 1.014729991555214 0.5128483176231384 0.0887913852930069 0.09893762320280075 138.2632826268673 5.79177725315094 1.067910701036453 146.0049785524607 18.6619730219245 6.65799193829298 1.64465594291687 2.129644438624382 0.1149588599801064 8.119842693209648 0.571163646876812 2.534687697887421 24.39101425558329 0 2.996887601912022 1.678409658372402 0.8651466816663742 0 1.113743901252747 1.460727110505104 0.6884094029664993 0.4215041548013687 0 0 0 344.8014912754297 13.29502675682306 0.4107523262500763 0.6027321219444275 1178.107762567699 0 0 0.4739539921283722 0 0.5515759587287903 5.876813948154449 1.856482699513435 1.626843422651291 4.222456350922585 5.338146969676018 0.9379140436649323 2.997621096670628 9.060044854879379 4.990984931588173 2.921371936798096 0 0.5484915375709534 0 0 0 0 0 0 0 0 0 0 0 0 0 0 0 0 0 1.324827939271927 0.3093303292989731 0 0 0 1.158901110291481 0 0.1770113557577133 0 0 0 0 0 0 0.3019784688949585 0 0 0 0.3905330300331116 0 0 0 0 0 0 0 0 0 0 0 0 0 1.777969688177109 0 0 0 0 0 0 0 0 0 4.03866283595562 0.1712025552988052 0 0 0 2.414717398583889 0 0.2519488036632538 0.3808145225048065 0 0.1412698179483414 0 0.08296358585357666 0 0.07774082571268082 0 0 0 0 0 0 2.230365321040154 0.5143768042325974 0.7350117564201355 109.755064688623 3.90653833001852 70.02296760678291 13.35463820397854 1113.5484816432 16.16141205281019 0.1104632690548897 11.2328769415617 2.003712855279446 0 0.89864881336689 0.1485683470964432 3.088671505451202 0.3017730712890625 0 0 5.331580340862274 1.186050772666931
4860.619792453945 0 1745.786379046738 1304.063310094178 7450.6166331321 160.3970339968801 5619.585826963186 73.2057748362422 4551.801541686058 1548.874885439873 1137.937087826431 78.98526066541672 613.2025771588087 173.4562801718712 9.608537293970585 4.043109156191349 0.1123988628387451 0.4256169646978378 0 0.1305187791585922 1.281540624797344 0 0.1510544121265411 0 0.4866590350866318 0.3134997189044952 0 0.1641346216201782 0.2580105736851692 0 3571.713273249567 0.7029039189219475 16.44641499221325 0.131318137049675 0 1.017387330532074 8.668860144913197 1.512771993875504 0.7478010281920433 0.8747385814785957 0.509581446647644 0.3953273147344589 0.1409008055925369 1.410863101482391 0.4718829616904259 0.5547214969992638 102.6676520630717 42.13457411527634 1.194502666592598 0.120866097509861 7.036032438278198 0.4007416591048241 0.3500555157661438 0.4659535586833954 14.39977171272039 24.50182323157787 335.1390786841512 766.0306965485215 26.65172426402569 26.79131042212248 0.1576648503541946 4.000395037233829 0.1654717475175858 24.79260078817606 14.23477630317211 7.958985835313797 6.155341580510139 6.146015338599682 1.1073117852211 1.094218567013741 12.20020034909248 0.5919658988714218 0.1306115239858627 272.3814251571894 70.04488249868155 69.51664954423904 34.05754967033863 21.86785471439362 2.931608259677887 16.00580324232578 0.9267636835575104 2.249400220811367 79.37661880254745 0.2317976206541061 14.76461664587259 9.583430059254169 6.417237751185894 0.3343004062771797 5.478762865066528 1.239694774150848 1.37234391272068 0.6684804633259773 1.346047215163708 0.145421028137207 0 39.57063058018684 3.016066029667854 0 1.911629721522331 701.7463133782148 1.143085837364197 1.364049196243286 1.418271243572235 2.144323289394379 4.048181727528572 39.09300492703915 1.729369685053825 5.314687445759773 3.890999838709831 2.325079202651978 2.191109538078308 9.126344978809357 9.014116868376732 5.901645675301552 5.971955880522728 0 0 0 0 0 0 0 0 0 0 0 0 0 0 0 0 0.1290261000394821 0 0 1.113535925745964 1.291387602686882 0 1.2397720515728 0 0.6277493610978127 0.1763512939214706 0.694691389799118 0 0.9048711061477661 0 0 0 0 0 0 0 0 0.5588991194963455 0 0 0 0 0 0 0 0.1056267693638802 0.6845337748527527 0 0 0 0 1.370599970221519 0.5417400598526001 0 0 0 0 0 0.3369114249944687 0 0 5.545552924275398 0.1500227153301239 0 0 0 6.349651604890823 1.517070084810257 0 0.1129283830523491 0 0.1213505640625954 0.2021497935056686 1.040219783782959 0 0 0.2403157502412796 0.1069012209773064 0.1419005393981934 0.2522863745689392 0 0 5.66237185895443 0.8929455131292343 1.196046411991119 322.5258910059929 16.32935464382172 337.7746679186821 63.63493272662163 878.0661640092731 69.76007423549891 2.253277726471424 80.6485897526145 6.787255577743053 0.1726211756467819 1.592948511242867 0.402684174478054 1.787354364991188 0.7289523184299469 0 0 4.876119859516621 3.228338733315468
352.6976706087589 1745.786379046738 0 9.56554801017046 1515.021736234426 0.8690665364265442 259.3916715085506 2358.390079893172 1608.365473069251 57.59539446979761 3519.979459933937 233.3188184276223 959.4722373262048 908.5001732334495 27.67989259213209 52.08378476649523 5.9030377343297 8.118686184287071 1.483570471405983 28.86979761719704 144.0408874899149 1.532313250005245 18.38322103768587 24.74190934002399 68.49106243997812 57.90730492770672 10.3452337756753 9.131133489310741 1.988302692770958 1.188869640231133 6972.578859128058 566.8418277055025 304.8518389612436 4.359663002192974 15.4657716602087 99.36011007428169 181.3672876879573 55.12921404093504 19.22210994362831 8.673576533794403 90.30806364864111 9.589031852781773 27.41741718351841 31.9726555198431 10.08174552768469 15.31629531085491 96.39456497877836 33.82718504965305 4.78632465749979 20.95636945217848 9.623281314969063 2.474960587918758 1.909891113638878 5.575402282178402 9.086671069264412 16.79937642812729 191.2206180021167 1481.498502202332 12.97258216142654 28.07768958061934 44.85053334385157 56.69359714537859 39.00012382119894 495.9143591746688 12.35460014641285 6.379286356270313 8.264731869101524 7.041678786277771 59.64416460692883 297.7148704528809 130.4766046106815 9.112251788377762 0.6640076115727425 285.6981216296554 109.4084082618356 72.93625063449144 62.12489300966263 87.78042779862881 748.384260609746 1116.363526254892 223.7460766136646 445.3799096345901 51.79021520167589 0.3166502565145493 9.508471809327602 8.155276395380497 15.962298437953 0.4067604690790176 5.580496683716774 0.9855937063694 3.4603236541152 1.868190139532089 142.6560089290142 11.08876370638609 3.113373443484306 42.01465348899364 1.744892999529839 0.7238333374261856 2.233409866690636 190.472593665123 2.272660382091999 0 0 1.262233749032021 3.742736503481865 4.898964107036591 0 4.59112423658371 6.546628959476948 5.149696677923203 1.901733383536339 13.7075007930398 14.89335685223341 10.8836682587862 12.10631503164768 1.143145047128201 0 0.2995506525039673 0.4447263479232788 0 0 0 1.259079322218895 0 0 3.096826694905758 0 0 0 0 0.2320135235786438 0.1350119411945343 0.5427008271217346 0.1334324777126312 4.335658736526966 6.760398000478745 0 0.7944007739424706 0.1324709802865982 2.39428237080574 2.644998095929623 7.679781928658485 1.961707465350628 0.4444092139601707 2.000893160700798 1.118691548705101 0 0 0.1329312771558762 0.2248150259256363 0.3576438426971436 0.1691478192806244 1.793919652700424 0 0.0952785462141037 1.028253093361855 0.3999514803290367 1.756812676787376 0 0 0 0.7305595576763153 0.1397899836301804 0 0.2520970553159714 0.2754855453968048 3.271163173019886 0.40010154992342 0 0 0 0.1091503575444221 0.1489033401012421 0 0 2.410920634865761 14.16965931653976 2.14335847645998 0.5743009150028229 0.4806545749306679 0.5064214020967484 14.26684135198593 6.994104713201523 2.612788952887058 1.102943167090416 1.201014705002308 1.63483489304781 1.781274855136871 2.278256081044674 0.1739203631877899 0 0.1426808685064316 0 0.09280449151992798 0 0 0.4041221439838409 8.339476183056831 6.516152948141098 3.323047406971455 130.9992282018065 22.51620458066463 203.8628238961101 49.38453399389982 114.9327479749918 32.25009125471115 2.944257333874702 38.06477331370115 10.87259927392006 0.3902150243520737 4.429660275578499 0.321136474609375 5.354094445705414 1.004556447267532 0 2.59281750023365 5.611152432858944 2.627836927771568
2083.886959701777 1304.063310094178 9.56554801017046 0 291.7278135716915 296.7170004844666 1106.107799582183 2.364307336509228 62.71692454069853 1411.163629181683 10.51654702425003 351.378387093544 826.7647972404957 127.2890597954392 0.1636060923337936 0.3343993723392487 0 0.11796835064888 0 0 0 0 0 0 0.1267543137073517 0.1291494965553284 0.1822714060544968 0 0.1670017242431641 0 23.03331109136343 0 1.341744720935822 0 0 0 1.311999924480915 0 0.4832746684551239 0 0.3477671444416046 0.1603105962276459 0 0.3027433604001999 0 0.16818767786026 15.52576340734959 6.444237351417542 0 0 0.7647554203867912 0 0 0 2.032276429235935 4.7348448112607 56.44356053322554 65.77870570868254 4.161722257733345 4.245626501739025 0 0 0.1587137877941132 2.494792982935905 2.490130171179771 1.235664419829845 1.174298599362373 1.0712950527668 0 0.1213805302977562 70.61747725307941 0 0.1447647511959076 40.67931135743856 12.73731366544962 9.310482926666737 4.77298329025507 2.151570625603199 0.1192341521382332 0.8026056960225105 0 0.2274628877639771 13.10151771456003 0.251645028591156 1.555476374924183 1.906081721186638 0.7765825167298317 0.1171163320541382 1.298272758722305 0.1204281374812126 0.5668260380625725 0.2499228045344353 0 0 0 38.17497389018536 9.705679655075073 0 0 130.4302343130112 0 0 0 0.1765605509281158 1.617663502693176 1.266475856304169 1.188851237297058 1.868640944361687 0.8639747053384781 1.326584100723267 1.059387713670731 2.786132425069809 6.024295136332512 4.019360169768333 1.087639212608337 0.1246354505419731 0.1995534300804138 0 0 0 0 0 0 0 0 0 0 0 0 0 0 0 0 0 0.7050208300352097 0.2287532091140747 0 0 0 0 0.1805445998907089 0 0 0 0 0 0 0 0 0 0 0 0.3550913780927658 0 0 0 0 0 0 0 0 0 0 0 0 0 0.4015210866928101 0.1542103290557861 0 0 0 0 0 0 0 0 0.9838901907205582 0 0.1282937228679657 0 0 2.653136283159256 0.2630364298820496 0 0 0.559046745300293 0.3028701841831207 0.3012494146823883 0.8867646604776382 0 0 0 0 0 0 0 0 1.655888587236404 0.4705420583486557 0.1770308911800385 77.29328663647175 3.008099466562271 77.13197168707848 13.3133023455739 350.4609148949385 17.96477747708559 0.1149639114737511 19.54395612329245 3.631181165575981 0 0.2916909456253052 0 3.248427137732506 0 0 0 0.5054362267255783 0.7585525661706924
763.0309366881847 7450.6166331321 1515.021736234426 291.7278135716915 0 39.36240240931511 6228.950253754854 53.35385954380035 7948.819665245712 549.5977297872305 443.5562038496137 77.14021801948547 1009.125638060272 265.9020041301847 46.54298861324787 24.83477821946144 1.45257643610239 0.3671425879001617 0 0.7437733858823776 0.9303527846932411 0 0.139458954334259 0.09812220931053162 0.5681126117706299 0.4919461011886597 0.348966084420681 0.2144166082143784 1.084028467535973 0.6953770667314529 514.9040153324604 6.078225679695606 10.40086580812931 0 0 0.6656071469187737 6.892875529825687 0.6596145108342171 0.9253395274281502 0 0.8619617596268654 1.226101011037827 0.3652695268392563 8.773789629340172 0.5729093477129936 0.6320893988013268 308.3379229903221 68.81398271769285 5.244472034275532 0.8688699677586555 10.15347521752119 1.701548874378204 0.2304429411888123 0 16.71609346568584 34.22810956090689 116.150441840291 241.1142642125487 27.16484268754721 58.58204828202724 0 1.56356255710125 0.8701066821813583 83.13218406587839 20.03886698931456 12.55363842099905 11.45147193968296 6.996046312153339 1.625342071056366 2.382453434169292 15.83447109162807 0.4381971806287766 0.3451558351516724 264.537953555584 131.1157514825463 236.4634722843766 201.5857466608286 150.6990059763193 1.484932072460651 10.90053044259548 2.695798791944981 3.285788834095001 93.96721722185612 0.7919686734676361 20.55268673598766 14.89770360291004 8.946266531944275 1.670014351606369 10.62689804285765 2.877864614129066 4.09966691583395 3.912088640034199 3.284293979406357 1.488692574203014 2.419216454029083 249.7086058333516 0.5103582292795181 0 1.842791728675365 120.4798512756824 1.349484890699387 1.339654594659805 7.1687882989645 3.824285268783569 8.650483548641205 41.4068731367588 4.833660155534744 17.10487239062786 22.07237687706947 41.33125995099545 10.80186511576176 62.09257417917252 62.55939403176308 54.27668242156506 30.92814485728741 1.520011246204376 0.8082881718873978 0 0 0 0 0 0 0 0 0.2662636339664459 0 0.3792402744293213 0 0 0 0 0.1616334915161133 0 5.454424276947975 10.85520395636559 0 0.1364068984985352 0 5.879407078027725 1.07451981306076 3.110547363758087 0.4021636694669724 0.4126852750778198 0 0 0.1267034411430359 0.9487232565879822 0.6693582236766815 0.3134856224060059 0 0 2.737557351589203 0.2682701051235199 0.1128607541322708 0 0 0 0 0.4351946413516998 0.1096588894724846 0.226562887430191 0.5173273682594299 0 0 0 8.618532434105873 1.588866263628006 0.9161368012428284 0 0.1247672364115715 0.1080618128180504 0.2203438580036163 0 0 0 32.07360243797302 1.528041824698448 0.802431046962738 0.177228718996048 0.2794872671365738 30.20719063282013 4.68997223675251 1.894283831119537 0.5284641087055206 3.449860066175461 2.552505046129227 1.386769413948059 3.353038653731346 0 0 0.1056003794074059 0 0.2279465720057487 0 0 0 32.54312725365162 3.499426513910294 3.516577072441578 805.5852842703462 64.40774066746235 766.1540785953403 173.4459918662906 527.9695470929146 211.0362453535199 6.119778677821159 272.8340861350298 32.48414761573076 1.989764668047428 6.286288671195507 1.282204031944275 47.45789866149426 1.125919654965401 0.3272839933633804 7.864449024200439 21.24172639846802 6.171358399093151
202.1287682205439 160.3970339968801 0.8690665364265442 296.7170004844666 39.36240240931511 0 184.3128458708525 1.886108905076981 12.88351166248322 1172.392270520329 4.278432384133339 311.5749913305044 227.3899561166763 46.76433676481247 0.9285787791013718 2.148106142878532 0.5109530240297318 0 0 0.1592070907354355 0.299271285533905 9.380841463804245 0 0 0 0 0 0 0.4442007839679718 0.1187737286090851 1.72387383133173 0 9.488007396459579 0 0 0 21.22880066931248 2.634828895330429 9.981527641415596 0 0 0.4895103573799133 0 0.7444653809070587 0.137233093380928 0 2.209373489022255 0.9503962844610214 0 0 0 6.32931412756443 1.255367934703827 0 0.9898152872920036 1.390450745820999 174.5645268708467 20.88346929103136 3.395830482244492 0.7534509152173996 0.5871145129203796 10.93145449459553 0 0 0.3850332275032997 0.2317960932850838 1.443208545446396 0 0.1114799752831459 0 309.166271045804 210.9181159436703 45.68625482916832 9.622219778597355 2.533060222864151 0.7123630940914154 0.5496641993522644 0.2899871170520782 0 23.91246484965086 0 8.436765611171722 2.396690666675568 4.383782416582108 0.4825142472982407 4.625460401177406 0 17.00254119932652 3.660505786538124 25.78699143230915 0.8531844466924667 2.23904213309288 0.1220589056611061 0.1242333650588989 0 707.2681732624769 34.72999283671379 29.38398911058903 27.35081420838833 559.3151363283396 0 0 0 0 0 0.7055870294570923 0 0.1752979606389999 0 0.8191792070865631 0 0.7073908895254135 0.706265926361084 1.405697301030159 0.3180969059467316 0 0.1588370501995087 0 0 0 0 0 0 0 0 0 0 0 0 0.2672118544578552 0 0 0 0 0.1542148441076279 0 0 0 0 0.1129976809024811 0 0.4144521504640579 0 0.5843844413757324 0 0 0 0 0 0 0 0 0.1851491779088974 0 0 0 0 0 0 0 0 0 0 0 0 0 0 0 0 0 0 0 0 0 0 0 0.6012658178806305 0 0 0 0 0.6321507543325424 0 0.3380784392356873 0 0 0.4978247880935669 0.3087736368179321 0 0 0 0 0 0 0 0 0 0.4335384964942932 0.178824320435524 0.6828503310680389 15.06169375777245 0.7769806087017059 12.23140048980713 3.845428012311459 168.5223563164473 4.279835619032383 1.108993224799633 4.923536151647568 0.5831595063209534 0 0 0.3625631034374237 0.6215935349464417 0.1494281142950058 0 0.9390499591827393 0 0
1925.666635617614 5619.585826963186 259.3916715085506 1106.107799582183 6228.950253754854 184.3128458708525 0 61.08326461166143 3127.515712819993 3644.961286500096 206.9808661714196 212.9604567661881 2307.660323873162 274.1482595279813 64.18667075037956 34.52315995842218 2.854888178408146 0.4115043357014656 0 0.5676244050264359 1.586848951876163 0 0.6711160242557526 0.1489157378673553 1.102000191807747 1.375721283257008 0.6710652858018875 0.9622031450271606 0.7964039519429207 0.5799675360321999 320.1974185630679 13.20605669170618 7.797299668192863 0 0.2032394558191299 0.320205457508564 3.743353798985481 0.3810969293117523 1.630362987518311 0.7464264929294586 0.7619624137878418 1.283558577299118 0.54597457498312 14.47977369278669 0.3339845314621925 0.6529485806822777 364.7277829051018 86.2611028701067 6.087139740586281 0.7935561761260033 16.37583583593369 2.387346141040325 0 0.1181100457906723 20.28509582579136 46.32476249337196 215.5846995189786 302.5962848365307 42.30190756171942 67.04771086573601 0.443030372262001 0.9759675711393356 0.1171523332595825 90.92712576687336 28.70611991733313 15.22460825741291 15.16717064380646 9.596236035227776 1.378188394010067 2.508078999817371 75.12744434922934 1.612751983106136 0.2097190469503403 330.3815962225199 163.0326085090637 275.4968506023288 229.1790462210774 178.0697620734572 3.103092536330223 15.26884147524834 2.257682874798775 3.0611422508955 121.6274200901389 1.348851881921291 27.94059902429581 20.95647032558918 10.63591703772545 0.8603279367089272 16.52095612883568 3.286390349268913 5.237587735056877 3.718471214175224 2.309531167149544 0.872306302189827 1.900198437273502 458.4692622572184 1.7255819439888 0 0.783396378159523 238.8121944591403 3.753422230482101 3.146676108241081 35.90612863004208 12.4012807905674 15.6834881529212 65.75847518444061 6.733603537082672 35.73716430366039 55.66104318201542 66.72677290439606 21.09560254216194 93.4648681730032 112.5566931813955 79.48981519043446 54.87705481052399 2.493317067623138 1.402903735637665 0 0.1940140724182129 0 0 0 0.1967030912637711 0 0 0 0 0 0 0 0 0 0.2253033667802811 0 12.5717855617404 17.0517020970583 0 0.2602129578590393 0.222814530134201 7.41468009352684 1.635475471615791 4.015111610293388 0.9410656541585922 0.173093393445015 0 0 0 0.9981500804424286 1.573557138442993 0.3033872246742249 0 1.488139905035496 3.607864297926426 0 0.1242956966161728 0.1224305704236031 0.9138980656862259 0.5277215838432312 0.2367244586348534 1.091564305126667 0 0.8551057428121567 3.089040920138359 0 0.1598597168922424 0 12.33744868636131 2.322214759886265 1.146546497941017 0.6707933694124222 0.09530027210712433 0.1087733507156372 0.1847030967473984 0.1253158152103424 0 0 60.66759262979031 1.774874687194824 0.2654053568840027 0 0 46.93399250507355 11.70264042913914 3.816181197762489 2.826672434806824 4.93250136077404 4.783095486462116 2.736908778548241 2.428468450903893 0.2507214844226837 0 0 0.09428434073925018 0.5153796970844269 0 0 0 54.27095027267933 9.223583027720451 4.986108563840389 1018.414908714592 82.82861503958702 965.745522774756 219.9821196570992 1029.950495578349 293.8569378703833 5.838600255548954 314.435706704855 32.68252328783274 4.52962139248848 8.393067389726639 4.22618605941534 55.57304620742798 2.828057274222374 0.4494028314948082 3.536060571670532 27.955690972507 9.287100940942764
10.12515734136105 73.2057748362422 2358.390079893172 2.364307336509228 53.35385954380035 1.886108905076981 61.08326461166143 0 162.0070528313518 13.61405777186155 2096.476355835795 92.05919290333986 499.9915596172214 1007.138887129724 40.93818211555481 66.88726226240396 4.426855623722076 6.322847664356232 3.963091723620892 30.04110986739397 163.9298554882407 3.108405604958534 24.27559850364923 30.45175265520811 125.6198648288846 66.14690711349249 17.86116924136877 10.75335659831762 2.907565668225288 1.984422795474529 1513.705053552985 325.1757585182786 447.1416908428073 7.273267947137356 20.26266203075647 176.9746666699648 223.0651346817613 119.1347750723362 38.29959949851036 18.33961618691683 109.045800358057 11.54187561571598 16.93754201382399 39.55521603673697 10.75674980133772 21.89336606860161 106.2368030548096 20.96126125752926 6.523315645754337 12.70434980839491 6.516959369182587 2.749061495065689 3.952081739902496 2.76336631923914 7.125399425625801 12.18541418761015 75.379887573421 474.0168519467115 10.09863908588886 19.05642228573561 64.31808536499739 177.8404489532113 74.7444389835 203.2095834612846 6.863700792193413 4.812467679381371 7.270314283668995 4.710939839482307 28.84192752093077 249.4227769747376 67.28660959750414 17.42755156010389 0.8400304764509201 194.3158486932516 76.58466127514839 85.93453329801559 102.6108053848147 321.2369950786233 3342.428164556623 3083.605421036482 1026.391309335828 1221.478457301855 30.66516455262899 0.1772534474730492 6.599334225058556 5.403586968779564 10.72486449033022 0 4.113945886492729 1.448559984564781 1.244487434625626 1.720407344400883 131.1098746731877 14.0913305208087 1.36119269579649 19.18009167909622 5.031587198376656 0.9578645676374435 3.848998486995697 20.08420119434595 0.2584449797868729 0 0.2266495674848557 0 1.925705388188362 2.7381961196661 0.1770099997520447 1.171508088707924 2.570799008011818 0.1371962577104568 1.099990606307983 5.229334510862827 3.431401744484901 7.022738918662071 3.677908271551132 1.198381923139095 0.7446528524160385 0.4345160871744156 0.2016067802906036 0 0 0.3980052918195724 1.257866643369198 0.09071601182222366 0.1599274575710297 2.383222326636314 0 0.1248612403869629 0 0.2746321260929108 0.7643594741821289 0.2304242178797722 1.65108023583889 0 1.282193496823311 2.629909858107567 0.1159477829933167 0.8684073686599731 0 2.781649827957153 1.686305269598961 5.468576297163963 1.892380326986313 0.8746481835842133 2.594679832458496 0.7588425129652023 0.1466074585914612 0 1.327818289399147 0.2074321210384369 0.1767697930335999 0.6422839164733887 0.7961451038718224 0 0 2.122761204838753 0.3372868075966835 2.525456890463829 0.07851863652467728 0 0 0.3225366622209549 0.4255106300115585 0 0.4945019334554672 0.8660825192928314 2.953330114483833 0.9741940647363663 0.385092094540596 0 0 0 0.1508011668920517 0 0 2.810589134693146 8.044814474880695 2.475919805467129 0.3855665624141693 0 0.1236347630620003 13.51126340031624 5.285438239574432 2.043694227933884 0 1.52888423204422 1.420621939003468 0.942964494228363 1.797601744532585 0 0 0.2045326605439186 0.08779159933328629 0.1919517815113068 0 0.3177068084478378 0.164601057767868 0.5388664156198502 2.45900409668684 4.493677571415901 178.2785809636116 19.827701382339 248.6953794881701 57.38040985912085 75.1605241894722 45.67516472190619 1.157469049096107 52.42616350948811 8.24662259221077 0.7189946994185448 4.99489825963974 0.1299477219581604 3.848473556339741 3.399254962801933 0.1298619210720062 1.85479325056076 4.712706990540028 1.421713203191757
286.5245745927095 4551.801541686058 1608.365473069251 62.71692454069853 7948.819665245712 12.88351166248322 3127.515712819993 162.0070528313518 0 844.1170855984092 3152.977384544909 393.5385440960526 10491.23814799637 1202.921281330287 42.7604271247983 36.80985802412033 3.889867626130581 0.5245942026376724 0.1339050382375717 0.4838827326893806 0.5475711822509766 0.4203296899795532 0.09632108360528946 0.2312503308057785 2.597057476639748 0.7672439739108086 0.3438815474510193 1.262455493211746 0.4482917040586472 0.1054413467645645 356.7644634097815 11.74029356986284 130.7477086856961 0.1338955461978912 0 0.6594675406813622 55.75373788923025 8.951663546264172 6.317617304623127 2.39945288002491 1.029593758285046 0.2200961709022522 0.8255503177642822 14.69373602420092 1.075136326253414 1.965973846614361 133.3323536142707 24.58119682967663 4.534665755927563 0.3774069473147392 6.033494539558887 0.6916963756084442 0.8117181956768036 0.3166425973176956 6.538027122616768 15.12226884067059 44.31786423921585 116.5761954411864 9.518102996051311 22.79146579653025 1.005295276641846 7.801710285246372 0.2101889848709106 44.60633654892445 9.333311103284359 5.709886617958546 5.208693541586399 3.713685534894466 1.21561823785305 2.183690302073956 43.07990841567516 3.88334846496582 0.5680073946714401 102.6048296391964 56.39348443597555 121.6585865095258 125.020547516644 147.7811363339424 4.050096184015274 72.1969593167305 2.844904914498329 2.794082552194595 33.23881997168064 0.09061011672019958 8.000627838075161 6.908188246190548 2.909759372472763 0.4892270416021347 3.77755768597126 1.256004922091961 2.785778343677521 1.483599357306957 1.731968343257904 0.8912592008709908 0.7316820919513702 160.6696143448353 0 0.1610877364873886 0.5873104333877563 53.75032020360231 3.737537927925587 2.508425503969193 4.238677486777306 2.996561244130135 8.934202507138252 47.87115076184273 3.749314725399017 17.33330714702606 23.4103144556284 25.46857541799545 9.61153370141983 58.215137809515 57.18238724768162 38.54249311983585 27.15370792150497 1.547928713262081 2.190359599888325 0.123544417321682 0.2238318771123886 0 0 0 0 0 0 0 0 0.4568208009004593 0 0 0 0 0 0 7.612941697239876 12.74431236088276 0 1.202493920922279 0 5.667684465646744 0.8466925770044327 6.110667198896408 0.3802664503455162 0.1441690176725388 0.2927606701850891 0 0 0 0.7768752947449684 0.9618634432554245 0 0.4815148413181305 1.662832021713257 0 0 0 0 0 0.08388571441173553 0.3033813834190369 0 0.7949943095445633 2.835116483271122 0 0 0.7533354759216309 5.261510938405991 3.120266333222389 1.247378043830395 0.1500502973794937 0 0 0 0 0 0.09739772230386734 34.779322296381 1.513253010809422 0.1419233977794647 0 0 40.75044735521078 7.857129573822021 2.17732585221529 0.6875278502702713 2.950501598417759 3.04984712600708 1.636327639222145 3.706590212881565 0 0 0 0.1063054576516151 0.08575490117073059 0.1782443970441818 0 0 28.47586167603731 5.442785710096359 2.376107826828957 276.1096226796508 35.5176669433713 305.0456101298332 79.31740230321884 120.5526411011815 73.41647108644247 3.433391466736794 97.41401572525501 17.91809602081776 1.108226209878922 6.391947910189629 1.809656567871571 25.35165340453386 0.3519454598426819 0 6.527052938938141 8.472063794732094 2.555612221360207
4685.773180872202 1548.874885439873 57.59539446979761 1411.163629181683 549.5977297872305 1172.392270520329 3644.961286500096 13.61405777186155 844.1170855984092 0 53.21767116338015 3115.115920573473 5331.04734428972 931.70047018677 5.879293709993362 4.738740339875221 1.041163563728333 0.3023642599582672 0 0 0.276847817003727 0.5381146222352982 0 0 0.3745896369218826 0 0 0 0 0 36.05333419144154 2.287606783211231 5.821581147611141 0 0 0 12.20254331082106 1.81489160656929 1.833333760499954 0 0.1379411667585373 0.1623670309782028 0 1.761705458164215 0.4184996485710144 0.2853286564350128 33.35688109695911 9.026127390563488 0.5010662525892258 0 1.017361089587212 0 0.1611485183238983 0 2.870188198983669 4.371881358325481 123.3110503181815 81.7673311829567 7.453077651560307 7.382696688175201 0.1737229526042938 1.555316358804703 0 4.788973458111286 2.267141662538052 2.390892274677753 1.54395791888237 0.9259719401597977 0 0 807.029174298048 8.99228310585022 0.4338548108935356 57.15198853611946 21.42700966447592 23.41103116422892 11.42567458748817 18.4344934001565 0.2049938440322876 10.81495201587677 0.1280599683523178 0.484126940369606 17.32429830729961 0.1206620112061501 2.77797144651413 2.38045709580183 0.8928176239132881 0.2182916402816772 1.525283299386501 0 0.3697485998272896 0.114049419760704 0.2320156171917915 0 0.1107271760702133 1121.341277703643 103.2167719900608 0 1.438564538955688 723.5567849129438 4.06102330237627 3.820681571960449 14.62137381732464 16.77753792703152 20.951934248209 106.6965045928955 11.18604466319084 42.02022688090801 54.92743821442127 84.12656217813492 23.66025069355965 140.3602756857872 156.4163359105587 120.9830072075129 56.42297765612602 2.389433138072491 1.613133788108826 0 0 0 0 0 0 0 0 0 0 0.3590098917484283 0 0 0 0 0 0 13.12911769747734 11.66618239879608 0.2021432667970657 0.6561974287033081 0 9.901686206459999 2.360151767730713 4.917397156357765 0 0.1433364152908325 0 0 0 0.8394281715154648 1.645624130964279 0.1313232034444809 0 0.5975253134965897 1.387778215110302 0.1523763984441757 0 0 0 0 0 0.4452856779098511 0 0.9328003004193306 5.071410432457924 0.3080534636974335 0.1308936923742294 0.2520602941513062 10.18952086567879 3.798155635595322 3.502956584095955 0.8718879520893097 0.1407203376293182 0 0 0 0 0 59.84633457660675 0.5130940675735474 0.1397586613893509 0 0 44.30813716351986 4.324449777603149 1.779566779732704 3.059914782643318 3.104769170284271 4.290097393095493 1.517325207591057 3.470320299267769 0.1170983240008354 0 0 0 0 0 0 0 104.4813267737627 9.668686024844646 5.004392355680466 370.240430817008 8.068246126174927 122.8787846714258 34.23823947459459 1084.370309233665 46.48345863074064 5.437136247754097 85.2592471241951 37.04927121847868 0.7711243107914925 8.823528036475182 2.118476077914238 116.5309513136744 3.395648881793022 0.1091772839426994 10.00006432831287 11.6819332242012 0.4856027364730835
87.31635096669197 1137.937087826431 3519.979459933937 10.51654702425003 443.5562038496137 4.278432384133339 206.9808661714196 2096.476355835795 3152.977384544909 53.21767116338015 0 305.921314239502 3694.107612416148 3905.236100256443 45.50411526858807 93.63151758909225 7.210451684892178 2.727632559835911 3.086702093482018 3.602921932935715 6.443533197045326 1.626073904335499 3.736384496092796 7.798482179641724 50.82352858781815 10.15482705831528 8.824618965387344 6.001134939491749 2.647545337677002 1.987453803420067 514.1410845667124 62.83502212911844 1528.841123603284 1.053554125130177 5.730244442820549 86.10416483879089 562.0402787253261 187.1145607456565 88.40594930946827 38.49531075358391 18.98471224308014 5.12452520430088 1.537283346056938 34.57885056734085 10.35648942738771 17.65872842073441 107.2045099958777 13.08324604481459 5.112057045102119 2.963750094175339 4.292276725172997 2.815569661557674 6.222119897603989 1.052286192774773 3.090392708778381 6.388868764042854 33.60367285460234 131.8243016004562 5.695320069789886 13.54016986489296 44.98598455637693 386.7615504413843 12.88687579333782 51.60926302522421 4.952070400118828 2.76706475764513 3.233749449253082 1.919698245823383 1.34993152320385 16.0608706921339 159.2639297842979 40.64268726110458 0.5959673076868057 74.5843269303441 40.05715128779411 77.77581945061684 84.08895845711231 138.0134457796812 729.1633741185069 1516.993783809245 19.35774132609367 107.1322747319937 20.52559273689985 0 5.113882839679718 3.300823740661144 3.189619295299053 1.097793072462082 3.358115501701832 0.7458823174238205 1.691360212862492 1.593966141343117 10.765351369977 3.642128840088844 0.3536817505955696 57.68923753499985 9.590068370103836 1.927507668733597 8.689653605222702 36.27120393514633 1.08758582919836 0.6458069086074829 1.765460073947906 0 4.062943354249001 11.17643421888351 1.067191243171692 4.623084977269173 3.890530079603195 7.662029132246971 2.114334255456924 10.80115747451782 14.70828367769718 18.65400905907154 13.09785646945238 4.455588541924953 2.473997958004475 0 0 0.1389911770820618 0 0 0.3043535649776459 0 0.2232670783996582 0.9666150882840157 0 0.268360361456871 0.4310081601142883 0 0.1647142469882965 0.7219144850969315 0.8551588654518127 0 5.08988369256258 9.704967707395554 0 1.823460713028908 0 4.34043163061142 4.390860632061958 12.1556808874011 3.99140078574419 2.778309017419815 1.511234074831009 0 0.1650914698839188 1.364621296525002 1.316320762038231 1.038767069578171 0.2294769138097763 1.326659880578518 2.614856377243996 0 0.1231734082102776 0.364510104060173 0.9439297094941139 0.3733799755573273 0 0.2861262857913971 0 0.5303518176078796 2.124564662575722 0 0.1869866997003555 0.9946847409009933 8.07889562100172 1.734041064977646 0.9816897213459015 0.1593989133834839 0.1125997602939606 0 0.1787551790475845 0 0 0.406545415520668 20.80554964393377 8.109269991517067 0 0 0.2454655468463898 29.25906111299992 9.781279407441616 4.440017908811569 2.709415219724178 0.843683734536171 3.147489674389362 2.036336630582809 4.18745543807745 0 0 0 0 0.3055200129747391 0 0 0 9.607103124260902 10.1668431609869 12.83695963025093 249.0519035309553 30.24648812413216 235.1491107568145 59.3441526517272 72.4667147770524 48.07253549993038 0.3737168461084366 75.33961617946625 15.99446960538626 0.9527390152215958 7.508511930704117 1.968960486352444 11.8104090243578 2.086881667375565 0 5.363890737295151 6.597032025456429 2.847407981753349
679.8248667865992 78.98526066541672 233.3188184276223 351.378387093544 77.14021801948547 311.5749913305044 212.9604567661881 92.05919290333986 393.5385440960526 3115.115920573473 305.921314239502 0 3470.817110791802 283.5858765691519 17.39412847906351 27.84037690609694 2.968703620135784 0.5059612989425659 1.304530411958694 0.3975016921758652 0 1.917695850133896 0.1575799435377121 0 2.286083824932575 0.1099071726202965 0.2278042510151863 1.404011927545071 0.5760284513235092 0 46.22003393620253 3.737676098942757 49.81355959177017 0.4617790654301643 0 1.580274343490601 127.5070997774601 6.833178833127022 22.93645442277193 2.515900567173958 0.4753418937325478 0.7122890949249268 0.1453022807836533 9.833338245749474 2.824740193784237 5.65119207650423 48.0837125107646 6.339572623372078 2.135747604072094 0.6067304611206055 0.8339889347553253 0.4572303146123886 6.137853369116783 0.2080607861280441 0.9990115836262703 1.486743628978729 20.93782413005829 22.43974106013775 1.18464682996273 4.504024684429169 9.210400268435478 86.51267877221107 0.785433366894722 6.794454954564571 0.4982067048549652 1.192214995622635 0.8318159952759743 0.5475611388683319 0.2086186110973358 0.6984303370118141 563.6241950541735 73.90128476917744 2.002009183168411 21.30106439441442 10.29919521510601 25.86787052452564 24.10645188391209 37.57201641798019 0.8310722559690475 47.91596687585115 2.588259689509869 9.008881106972694 6.366528503596783 0 1.026010580360889 0.6919263452291489 0.8693737015128136 0.6388178765773773 1.149804286658764 1.529340028762817 0.2230410128831863 0.2005294412374496 0.1750333160161972 0 0 2109.416038185358 93.59111601114273 6.782974630594254 26.56650330126286 130.827118858695 9.678257182240486 3.211488664150238 17.11553429812193 16.88143937289715 36.75644821673632 121.0656788274646 7.80653403699398 47.49411424249411 66.03915552049875 78.07362908124924 44.78678940981627 185.5958477929235 205.1704789847136 204.3229677081108 130.8516515791416 8.906889513134956 6.14389705657959 1.268559858202934 0.2295840978622437 0 0 0.2823052108287811 0.1829829812049866 0.1449773907661438 0 0 0 0.127715215086937 0 0 0.1395393460988998 0 0 0 37.38262428343296 43.48936223238707 0 1.914571762084961 0 29.88959364593029 5.305934339761734 19.21867616474628 2.048805557191372 0.980332612991333 0 0 0 1.613460429012775 3.809911891818047 2.03476046025753 0 4.802487060427666 11.56891054660082 0.4717307686805725 0.5558301657438278 0 0.2834040895104408 0 0.3339219987392426 2.754783369600773 0.1446160227060318 3.429408028721809 10.33496533334255 0.1353231519460678 0.7091136276721954 0.2054198533296585 40.26307927817106 6.265791393816471 2.131170339882374 1.935071758925915 1.050902843475342 0 0 0 0 0 163.790402546525 7.881118699908257 0 0.4539803713560104 0.2969946265220642 150.7849518880248 23.71647699922323 12.96494770050049 16.20373111963272 10.0592310577631 10.84550254046917 10.18635737150908 13.40870771557093 0.8177376016974449 0 0.3447337448596954 0 0.3780704140663147 0 0 0 128.9727592766285 32.39703061431646 14.66985597461462 255.1309978887439 11.3290274515748 118.0389334335923 34.13835965842009 283.0056332424283 26.78065144270658 2.759005546569824 57.50697110593319 50.59531953930855 2.154089063405991 35.46559305489063 5.932412408292294 138.7925055474043 7.357422366738319 0.444926805794239 28.33285903185606 3.980915449559689 1.078280583024025
801.6985933408141 613.2025771588087 959.4722373262048 826.7647972404957 1009.125638060272 227.3899561166763 2307.660323873162 499.9915596172214 10491.23814799637 5331.04734428972 3694.107612416148 3470.817110791802 0 2974.32568397373 62.72157196700573 93.99947217106819 7.423117324709892 1.49437402933836 1.05433101952076 0.9293333813548088 2.233811721205711 2.533426567912102 0.9388286024332047 0.4515577107667923 6.346988096833229 2.270696125924587 0.1251479089260101 1.39651869982481 2.14565797150135 0 285.0715632811189 23.68315453082323 748.6169821321964 0.4419416189193726 0.3540978878736496 5.613429509103298 568.3028893023729 33.23904503881931 39.36992806196213 9.131150081753731 1.550416357815266 0.7563949823379517 0.9804648905992508 41.44778490066528 5.457398816943169 11.61906324326992 144.2128673344851 16.93304792791605 6.73452965170145 0.8350936025381088 4.902769684791565 3.140626110136509 11.34027220308781 1.96769405156374 4.377563215792179 10.06562066823244 39.14610644429922 94.65641588717699 8.042463205754757 23.02369955182076 17.36040665954351 440.5851298198104 3.564667165279388 44.17389190196991 7.79822102189064 3.307753890752792 3.771483816206455 1.978894904255867 2.414875499904156 2.262416981160641 493.2754873856902 60.14632426947355 2.091958418488503 76.17710273712873 42.41415745764971 108.7137542366982 133.4282644614577 191.3457275405526 5.738278307020664 354.5418195575476 6.500313431024551 29.3003843575716 24.0529822036624 0.5619297102093697 6.604873724281788 5.773021951317787 2.989634118974209 0.8490939289331436 4.352774858474731 2.176641203463078 2.349548138678074 1.655334442853928 1.63086111843586 0.6845382302999496 1.886039353907108 1896.836929604411 53.38469052314758 11.85317021608353 37.04965153336525 149.3682104870677 10.24122146517038 8.584652289748192 16.84868611395359 22.85778377950191 53.31849884986877 122.2145333141088 16.3879136890173 73.53669635206461 103.1695385798812 131.1833630949259 42.42017111927271 231.5237688496709 266.2930864170194 202.1339699029922 152.8877236023545 11.66661442816257 6.76469612121582 0 1.520696982741356 0 0 0 0.1186709627509117 0 0 0.1103933826088905 0 0.7960399687290192 0.1743973791599274 0 0.1414459049701691 0.9470943808555603 0.6251265406608582 0 35.5921335965395 72.61384224146605 0.3467502593994141 4.843341752886772 0 30.20143911242485 10.55479866266251 23.99111504107714 2.521501496434212 3.272143043577671 0.2652945294976234 0 0 2.936530664563179 2.69681479036808 1.630521938204765 0 4.436060898005962 13.8903219550848 1.729829147458076 0.5188900828361511 0 1.330240450799465 0.3508377373218536 0.2768588364124298 1.806077547371387 0 5.759651243686676 13.6890379562974 0.5371302366256714 1.094871796667576 1.856464192271233 46.00770005583763 9.667403742671013 1.328926563262939 1.352229505777359 0.2870239466428757 0.1570525616407394 0 0 0 0 220.0924027338624 10.83026911318302 0 0.3296182155609131 0.2778076678514481 197.8193971961737 50.70721066743135 20.30890801548958 12.23734916001558 12.31084229797125 15.19688173383474 9.694781869649887 17.88265312463045 1.192478567361832 0 0.1014493927359581 0 0.1460558772087097 0.1762965768575668 0 0.2833444178104401 150.8597387075424 52.32958225905895 26.24808074533939 431.6368049383163 55.80759651958942 333.0627057403326 91.68480275571346 313.3518720492721 84.74838903546333 4.71091216057539 147.0407064631581 53.95196495205164 4.819838427007198 33.03680218011141 8.594782963395119 115.4306724518538 7.781799308955669 0.5193940550088882 32.23426257073879 15.95087433606386 4.054929725825787
