0 3539.158813022077 477.9679339230061 839.7824147120118 256.2649234905839 236.876177534461 514.3585080206394 594.5500671267509 137.1599599942565 1363.070104107261 1018.837180152535 485.020800165832 365.059694968164 364.2944797202945 10.52723121643066 7.176360316574574 1.438340567052364 1.274481318891048 0 0.6395032405853271 0.8168894350528717 0 0.4499121904373169 0 0.2112303823232651 1.439311146736145 1.018445581197739 0.1307737678289413 0 0 433.7974093407393 4.766039751470089 91.37668769806623 0.3165909945964813 2.203579545021057 0.1814104169607162 19.4507227987051 0.9786353409290314 0.2779854536056519 0.09967491030693054 0.208968386054039 1.4074746966362 0.4580597281455994 0.5897968485951424 0.4319803416728973 0.6193814277648926 33.22466427087784 11.26830998063087 3.554101645946503 4.616088375449181 2.099450394511223 1.065928667783737 0 0.4662695080041885 3.256695225834846 18.43031316250563 619.2376320958138 1144.643571346998 58.54544373601675 9.823635026812553 3.628388531506062 16.57853588461876 0.2212549149990082 10.25953543931246 8.612130425870419 2.201248250901699 11.7391676530242 2.716095440089703 6.08802005648613 5.191262811422348 34.05694703012705 7.630874313414097 0.2515937387943268 400.5924080088735 82.14871669560671 37.47077605128288 21.71066338568926 3.61025320738554 18.58409978449345 218.5391626656055 0.500871017575264 9.670599319040775 23.65302497148514 0.4432007670402527 5.964117787778378 18.79350547492504 11.74558351188898 0.5572141408920288 4.862443536520004 0.5468881279230118 1.005050681531429 0 20.00123596191406 1.251684002578259 0.5487010926008224 281.9771099612117 22.8459639698267 0 0.6868433803319931 1489.246626771986 0.6014784723520279 0.1660607755184174 0.991244450211525 0.3291337192058563 0 5.417088806629181 0.2948492765426636 3.7562375664711 14.13889113068581 2.4528768658638 1.260749563574791 12.93207295238972 17.60369104146957 11.80067903548479 2.663779839873314 0 0 0 0 0 0 0 0 0 0 0.5584659427404404 0 0 0 0 0 0 0 0 1.440198481082916 0.2991012334823608 0 0 0 0.9979398250579834 0 0.5430759191513062 3.24031426012516 0 0 0 0 0 0.6860519647598267 0 0 0.26844522356987 0.4142273366451263 0 0.4305302500724792 0 0.2484818696975708 0 0 0 0.1305909603834152 0 0.2817451506853104 0 0.3984936475753784 0 2.150250345468521 1.634264767169952 0 0 0 0 0.5657960474491119 0 0.1231361851096153 0 18.902104601264 1.27091509103775 0 0 0.1707826256752014 0 0 0.5206769108772278 0.1201141625642776 0.7578170895576477 0 0.2700504660606384 1.842076778411865 0 0 0 0 0 0 0 0.1727155894041061 2.436459392309189 4.393783703446388 8.5645781904459 55.65441420674324 13.7221956178546 164.4821488857269 48.86988908052444 488.3856152519584 25.75184490531683 5.535487681627274 24.69380933791399 4.496391758322716 0 4.529825672507286 0 4.169098854064941 0 0 0.1896643489599228 2.523222878575325 0.5568030476570129
3539.158813022077 0 1612.822717055678 1551.202837482095 3870.057206071913 481.8318636566401 2780.752571813762 1145.282568924129 1840.896245755255 1307.685644902289 2719.839591443539 214.0100014060736 1071.974444493651 2343.146810144186 32.77720926702023 10.52722942829132 1.656322591006756 1.726589620113373 0.3438602685928345 0.2854248732328415 1.375670701265335 0 0.7838508784770966 0 0.8114870190620422 1.067452609539032 1.479262389242649 1.674691550433636 0 0.6245876103639603 1450.93869560957 10.98660226911306 211.3382923603058 0.1753606647253036 0.4750187546014786 0.1435009092092514 32.10935708135366 1.743801079690456 3.393695935606956 0.7433351576328278 0.2535919845104218 1.812273189425468 0.2820246517658234 0.880793459713459 0 0.6405208259820938 139.5428193062544 31.91014970839024 7.593498781323433 4.71244228631258 5.944159902632236 0.1350277215242386 0 0.353789746761322 7.16340184956789 37.3845731690526 231.7237774059176 574.952291354537 53.7309555336833 39.62256929278374 3.440106071531773 27.52615678310394 0.4045581519603729 81.00619352608919 19.72254839539528 10.83249365538359 44.97396644204855 5.070953652262688 10.23629710823298 6.385952606797218 14.30833722651005 17.88024793565273 0 431.3399014472961 295.03166539222 156.0078706517816 64.20952155441046 10.54116428643465 15.41398528963327 399.1855879724026 1.341705344617367 23.89797946065664 61.91458407789469 0.9293995052576065 16.30628228932619 45.57235249131918 23.45713992416859 0.1200418770313263 16.27876348793507 0.6097479164600372 3.570689879357815 2.414135679602623 26.32385058701038 1.635905854403973 2.705967932939529 157.3882529512048 1.327930241823196 0 1.051189213991165 809.2712137699127 3.721164263784885 1.42437244951725 3.265697613358498 2.348806992173195 1.808267816901207 27.44965906441212 0.6274990439414978 8.503277331590652 38.16747941076756 6.991870626807213 2.653223052620888 44.02523605525494 47.91277011483908 46.64303635060787 4.504902601242065 0.369260773062706 1.083969801664352 0 0.413351446390152 0 0 0 0 0 0 0 0 0 0 0 0 0 0 0 3.155947774648666 0.4018622636795044 0 0 0 4.168597772717476 0 2.787776306271553 2.449455112218857 0 0 0.4068475663661957 0 0 0.2568082511425018 0 0 0.5009391605854034 5.379588112235069 0.3024107068777084 0 0.2255206108093262 0 0 0 0 0 0.191562831401825 0.4298258423805237 0 0 0.4364065825939178 2.812265425920486 1.62175165116787 0.9627528786659241 0.1997239589691162 0.1028204783797264 0 0 0 0 0 66.9546711742878 5.261697664856911 0 0 1.018845722079277 0.7037896513938904 0.6795226633548737 6.265373319387436 2.587149426341057 2.381700590252876 3.042157277464867 1.656212568283081 2.708222702145576 0.6935333833098412 0 0 0.1059623062610626 0.3007555156946182 0.4024946540594101 0 0.1679957509040833 12.38514797389507 13.08299051225185 39.74728583544493 252.5365720763803 36.18621330708265 618.6738733798265 149.6010652706027 487.1326562464237 63.70088844746351 13.00953094661236 97.90547675639391 24.86141933500767 1.511178009212017 18.70026998966932 1.445634469389915 9.203619509935379 1.289570271968842 0 1.848585732281208 4.938509002327919 0.7446892708539963
477.9679339230061 1612.822717055678 0 137.7193155512214 436.9136159271002 40.20573280751705 89.9629854336381 3174.146186724305 355.6380569413304 8.908385500311852 2198.910338699818 11.86118154227734 175.5769389793277 752.6874556466937 21.85376169532537 7.421090684831142 79.79233408719301 97.82949727773666 12.43137560784817 60.29550644010305 7.330235704779625 0.5556807518005371 2.070127889513969 1.036600470542908 0.8953350484371185 2.209505081176758 2.161118648946285 8.251952834427357 0.9645491391420364 0.5180529654026031 6935.562127761543 399.3816120773554 85.56440239399672 3.976660281419754 1.102004274725914 0.2840885519981384 22.08316061645746 3.964014604687691 11.44536104053259 5.051545850932598 16.57650692760944 38.0722377076745 36.63036604225636 17.62811584770679 22.4482149258256 101.736391492188 77.70267866551876 65.47593154758215 131.8338375240564 337.4586338251829 13.75979043543339 2.564428418874741 0.4018764942884445 26.66187728941441 4.006040029227734 20.41138016432524 153.1205432862043 1310.43250104785 19.77863152325153 19.66560140252113 398.8839404881001 17.31090692430735 6.314919792115688 450.4531716555357 15.84555020183325 25.60501226782799 37.2290313988924 20.75193600356579 195.6845341473818 93.22845497727394 2.375488355755806 3.422436103224754 0.5561386048793793 237.7268112152815 267.1190663203597 96.3777869567275 57.0234806612134 57.20608867704868 1181.361522398889 1432.462551355362 422.8979215547442 1847.692005954683 29.30742725729942 0.7216586470603943 19.88957344740629 22.49528143554926 379.3980226740241 0.3021620884537697 15.68211391568184 0.3524021133780479 6.198124513030052 3.34007190912962 159.4439874589443 9.395370908081532 23.62574230134487 13.57887987792492 1.916845098137856 0 4.690816707909107 416.7423897385597 0.1728396713733673 0 0 0 0 3.445792749524117 0 1.099342927336693 0 1.47180163860321 0 6.492473587393761 7.088530972599983 3.443586423993111 0 0 0 0 0.2328060567378998 1.007378458976746 0 1.721241503953934 0.4807231724262238 0 0 0.4423721581697464 0 0 0 0 0 0 0 0 0.6371638774871826 0 0 0 0 0.6967482268810272 0 1.411362960934639 1.32588367164135 0.5431662350893021 0 0.4275924563407898 0.8496609628200531 0 0 0 0.674068808555603 0 2.165413677692413 0 0.1823319047689438 1.195996910333633 0 4.047250859439373 0.1225565299391747 0 0 0 0.6450344324111938 0 0 0.5624022781848907 2.619106188416481 0.127912774682045 0.2983527779579163 0 0.2311588451266289 0.2249949425458908 0.5351299270987511 0.255683533847332 0 2.450348198413849 7.843806892633438 1.670708030462265 0.509106457233429 0.9755732715129852 1.304061964154243 0 0 1.029442429542542 0.272715151309967 1.345118522644043 0.2009748220443726 0.7686315774917603 0 1.786145120859146 0 0.1295117139816284 0.2405324131250381 1.239804171025753 0.6803193464875221 0 0 1.906004577875137 1.108736500144005 4.057245403528214 181.9132256656885 34.75988291949034 397.7649276554585 88.66408970206976 66.19927993416786 30.68188003450632 6.999591983854771 33.09720876067877 8.389178425073624 0 5.737439662218094 0.6264986544847488 1.109565258026123 0 0 0.2581389397382736 5.176938101649284 0.1211254224181175
839.7824147120118 1551.202837482095 137.7193155512214 0 515.0011839643121 259.3794529139996 976.8253559321165 4.36102057248354 156.8846386373043 3104.240103125572 47.57354387640953 1600.030046015978 1236.563135266304 157.7290638610721 5.32481887191534 0 0 0 0 0 0 0 0 0 0.120069645345211 0 0 0 0 0 46.69017393141985 0.7295551970601082 1.546071209013462 0.1249305531382561 0 0 1.151099488139153 0 0 0 0.2096252590417862 0.1439466774463654 0 0.23361786454916 0.1026993468403816 0.1141556203365326 22.19634491950274 6.207480013370514 0.9431325197219849 0.1053159087896347 0.4848259910941124 0 0 0.3090756833553314 2.174431048333645 9.681563913822174 56.89807983487844 99.63663378357887 12.33911626785994 8.077173233032227 0.1568756401538849 0.2314756810665131 0 12.73613796383142 5.088229335844517 2.251487083733082 9.105915270745754 0.9693058878183365 0.7831631675362587 0.5297738462686539 5.066735923290253 0 0 94.0507250353694 64.83346647769213 23.29984919726849 4.87359707057476 0.4538520947098732 0.3324628248810768 3.917507015168667 0.3846858441829681 1.360681220889091 14.00449242442846 0.2485208585858345 2.618967741727829 10.53433845192194 2.730100266635418 0.21380465477705 4.376655526459217 0.1038486063480377 0.2508825585246086 0 0.2241688966751099 0.3876596242189407 0.1051805168390274 224.6888376623392 2.627471975982189 0 0.3348349034786224 159.6205027326941 0.8202954828739166 0 0 1.217944383621216 0 5.639901503920555 0 0.848718985915184 35.08081796765327 1.960950195789337 0 10.40667441487312 13.23398289084435 5.796191871166229 1.737153500318527 0 0 0 0 0 0 0 0 0 0 0 0 0 0 0 0 0 0 0 0.705008327960968 0 0 0 0 0 0 0 0 0 0 0 0 0 0 0 0 1.054959416389465 3.891451358795166 0 0 0 0 0 0 0.4589201509952545 0 0 0 0 0 0 0 0 0.3599599599838257 0 0 0 0 0 0 0 11.58718894422054 0 0 0 0 0 0 0 0.8441808819770813 0 0 0.6787511706352234 0 0 0 0 0 0 0 0 0 6.893656373023987 2.510221630334854 3.60734423995018 27.24061973392963 5.849187850952148 94.07341109216213 17.99392811208963 65.28958813846111 10.5990042835474 2.018938086926937 7.419256702065468 4.394259683787823 0 0.8107968494296074 0 7.173624336719513 0 0.1088297292590141 0 1.542767882347107 0.1504690051078796
256.2649234905839 3870.057206071913 436.9136159271002 515.0011839643121 0 26.41507163643837 2474.167727850378 227.4948159977794 4145.597556643188 674.4104877337813 1472.27467354387 246.9390001744032 1470.378990881145 2388.666055805981 47.52861332893372 3.955800712108612 1.690556973218918 1.849910028278828 0.1553851515054703 0.2629610151052475 0.4769259244203568 0 0.1943211108446121 0.1857339069247246 0.4917161762714386 1.001894183456898 0.9758869856595993 0.5517337769269943 0.4930362403392792 0 282.2029291018844 11.90011980384588 40.14160714298487 0 0 0 7.602753512561321 1.505085937678814 0.6930064857006073 0.3750505596399307 0.3331736624240875 1.133381575345993 0 1.170039474964142 0.674556128680706 0.770517572760582 153.8266565352678 25.65025163441896 6.358620546758175 4.606730990111828 3.813360422849655 0 0 0.671266108751297 3.617773540318012 21.36601708829403 55.44611842185259 164.6917020827532 22.83215637505054 37.51895959675312 4.50039304047823 6.142690911889076 0.1856945157051086 69.7898378148675 12.93194925040007 8.109467417001724 39.67182305455208 2.846517033874989 6.840247809886932 4.729665003716946 11.91898503899574 18.13518395274878 0 168.4989986941218 214.9454270601273 154.6344689950347 80.50249795615673 9.37304276227951 10.79438506066799 118.5466023981571 2.584651485085487 17.96388561278582 36.84721848368645 1.160219885408878 12.27859671413898 36.62287195026875 15.87011290341616 0.5009827613830566 16.79489989578724 0.2809703648090363 4.393896110355854 1.296223893761635 11.19489542394876 1.642518348991871 2.943905927240849 212.3904341459274 1.606651365756989 0 1.133430890738964 76.72994811087847 6.959437906742096 0.7581577450037003 6.250796034932137 0.5580563545227051 3.212035700678825 37.61806797981262 1.853820845484734 26.01107048988342 11.71599684655666 10.53389075398445 8.151920586824417 89.26970310509205 76.26537893712521 58.05424742400646 10.88622412085533 0.2414504736661911 2.031934633851051 0.4530929923057556 1.221882507205009 0 0 0 0.5514424443244934 0 0 0 0 0 0 0 0 0 0 0 8.661202073097229 0.7892880886793137 0 0 0 12.91041545569897 0 4.441751420497894 4.330482736229897 0.2026716321706772 0 0 0 0 0.2547135353088379 0 0 5.102859705686569 12.28437928855419 0.6719146519899368 1.088034898042679 0 0.2146900296211243 0.1693254560232162 0 0 0 0.6225119829177856 3.136571899056435 0 0.3218901753425598 0.1496703326702118 6.313591420650482 2.829498574137688 1.843275308609009 0 0 0.2066188305616379 0 0 0 0.1559554934501648 105.2685082703829 4.772073611617088 0.196928396821022 0 0.1054336950182915 1.692572295665741 1.766662627458572 6.045547962188721 3.060599386692047 13.28649638593197 5.199927553534508 2.406550779938698 4.348790287971497 0 0 0.3199726939201355 0 0 0.1198455542325974 0 0 18.6369142383337 17.71004477143288 57.66699846088886 261.4509254693985 44.3970565199852 508.1939372196794 169.0557174906135 121.41665083915 62.27945331484079 11.23853259533644 100.5732319653034 37.54552017897367 0 36.33166091144085 1.073608614504337 9.727963998913765 3.067025512456894 0 3.324101462960243 6.036911934614182 0.5514637231826782
236.876177534461 481.8318636566401 40.20573280751705 259.3794529139996 26.41507163643837 0 146.5350461155176 12.42549140751362 37.85230623930693 472.6317929923534 24.70434011518955 226.8960071802139 246.4205374121666 79.7639197409153 0.409539096057415 0.295487105846405 0.1223234087228775 0 0 0 0 3.013714000582695 0 0 0 0 0 0 0 0 33.68383380770683 0 31.67253367602825 0 0.2415622621774673 0 10.24610540270805 0 2.221988186240196 0 0 0 0 0 0 0 1.483106009662151 0.1361325085163116 0 0 0 10.25691357254982 0.8663561046123505 0.5006213188171387 0 0.5007203072309494 193.0964175835252 12.14812506735325 3.539269238710403 0.1259743273258209 0 2.534466966986656 0 0.4041593372821808 0.2847700119018555 0 0.4224739894270897 0 0 0 290.4027157276869 30.91848503053188 5.009537801146507 7.033184245228767 1.000183887779713 1.51873105019331 0 0.1826660335063934 0 35.20349431037903 0.4894594997167587 3.908063776791096 0.3824440240859985 1.648618996143341 0.2728678584098816 0.6524507775902748 0.1609704047441483 2.774726867675781 1.946033701300621 6.829581305384636 0 0.160666897892952 0.7609793692827225 0 0 662.5700859427452 245.3815398812294 15.16105976700783 3.790463909506798 420.7648045420647 0 0 0 0 0.1911596357822418 1.239745825529099 0 0.4345031976699829 2.071022689342499 4.604688256978989 0 3.249117612838745 5.180831298232079 3.554866015911102 0 0 0 0 0 0 0 0 0 0 0 0 0 0 0 0 0 0 0 0 0 0 0 0 0 1.12909172475338 0 0.2628694474697113 0 0 0 0 0 0 0 0 0 0 0 0 0 0 0 0 0 0 0 0 0 0 0 0 0 0 0 0 0 0 0 0 0 0 2.678599774837494 0 0 0 0 0 0 0 0 0 0 0 0.1875790506601334 0 0 0 0 0 0 0 0 1.477608367800713 1.875963628292084 0.9227294474840164 1.766711458563805 0.4818459898233414 5.377275668084621 1.615412652492523 246.6499579250813 5.729302741587162 0 2.170112043619156 0.3319516181945801 0 0.3975201845169067 0 0 0 0 0 0 0
514.3585080206394 2780.752571813762 89.9629854336381 976.8253559321165 2474.167727850378 146.5350461155176 0 13.16495802253485 1107.731780648232 3954.552021808922 43.58489557355642 415.6445903629065 1531.674740090966 563.733940243721 29.67155397683382 2.654284864664078 1.910511896014214 0.1344961524009705 0.1821012198925018 0.5943391919136047 0 0 0.1133900508284569 0.2490278407931328 0 0.9606294482946396 0.1954598426818848 0.4705184400081635 0 0.1320862770080566 122.6709594875574 8.037758387625217 11.9227154776454 0.265593558549881 0.7513740658760071 0 5.279068604111671 0.2183234542608261 0.5964287519454956 0.1913110166788101 0 0.7879171818494797 0.2968319058418274 0.7031619846820831 0 1.001581996679306 124.6981146335602 25.70349559187889 3.878791131079197 3.209870621562004 4.579136446118355 0 0 0.6876612156629562 6.156247019767761 26.36882694065571 76.61580950021744 190.2149918749928 28.83269892632961 34.68656357377768 1.228077277541161 1.252643093466759 0.245342381298542 63.42820987850428 18.73372854292393 5.144152872264385 40.28794940561056 3.579419329762459 2.436048597097397 1.727561324834824 5.99990888684988 17.78352412581444 0 209.2185588702559 233.768542535603 139.8408105149865 55.16649606078863 5.275923304259777 4.171308763325214 34.07790043950081 0.4783870354294777 9.948616929352283 41.70983722805977 1.053064197301865 12.09799984842539 39.91332107037306 11.38187626004219 0.4277624860405922 15.97700445353985 0.09204986691474915 2.052842304110527 0.6968050897121429 6.924657791852951 1.493586026132107 1.087889216840267 307.8006659373641 1.570666551589966 0 0 124.9210189133883 3.938484773039818 1.499339267611504 4.306882843375206 0.5057292580604553 2.919079571962357 42.94000219553709 5.476161494851112 21.35065054893494 27.98085559904575 13.64197492599487 4.311218991875648 96.77367670834064 83.16302923858166 60.44808965921402 7.418153509497643 2.610331445932388 0.4091128706932068 0 0 0 0 0 0 0 0 0 0 0 0 0 0 0 0 0 4.37028144299984 1.970207452774048 0 0 0 9.799574464559555 0 5.806783005595207 2.482233628630638 0 0 0 0 0.3358171880245209 1.151223093271255 1.192539840936661 0 3.682887271046638 12.48220176994801 0.388750821352005 0.9583717435598373 0 0.2985599935054779 0 0 0 0 0 2.029187634587288 0 0 0.1245464533567429 8.627783998847008 2.736739948391914 0 1.673146545886993 0 0 0.09125841408967972 0 0 0 93.64302279055119 6.792989432811737 0 0.1033607423305511 0.1241453289985657 1.418739974498749 0.2683993279933929 14.39149883389473 1.789105765521526 4.713331907987595 4.809993766248226 4.843691676855087 2.831947550177574 0 0 0 0 0.1998021155595779 0 0 0 18.94141919910908 10.51408906280994 44.18508200347424 202.8184138610959 40.91999924182892 445.0146867930889 137.2915116026998 143.7401699349284 57.87895669788122 8.366642586886883 74.32937093824148 26.08562554419041 0.09891369938850403 25.61802116036415 0.2131170779466629 4.444846898317337 2.183456316590309 0 2.433824256062508 5.350088998675346 0.3011303842067719
594.5500671267509 1145.282568924129 3174.146186724305 4.36102057248354 227.4948159977794 12.42549140751362 13.16495802253485 0 289.3941970095038 1.157903462648392 3511.581447802484 2.554875552654266 47.96463397145271 161.1669018939137 26.37873314321041 7.23619532585144 21.05240274965763 38.25947543233633 2.243540212512016 46.29861818253994 10.77385778725147 0 2.969480514526367 0.4882452636957169 2.602819621562958 3.194238305091858 0.7536411285400391 4.258815541863441 0.4765552580356598 0.1725115925073624 2151.645179107785 418.2721095755696 83.61177210509777 5.272408962249756 0.8632719814777374 0.5526633709669113 16.20180039852858 1.341801010072231 1.714734733104706 0.7232359647750854 13.38729849457741 16.55359116196632 16.10454177856445 4.062253370881081 9.372563645243645 33.48693240433931 88.77357494086027 36.70505259931087 47.85192918032408 141.1459742486477 10.55283591896296 1.055671811103821 0 15.36951451003551 3.158964142203331 16.73210573941469 74.1403788998723 375.5520311146975 16.38926579803228 19.08970748633146 317.1405861750245 21.97277652472258 6.855654090642929 190.5397506430745 13.00736353546381 13.69305133074522 27.72136930003762 13.58180099725723 124.3662419617176 64.7172190323472 1.618704229593277 4.970565095543861 0.4760249853134155 163.9223420545459 199.4567901939154 90.39621429145336 82.63435703516006 42.69226286560297 1373.297005318105 2701.43533783406 313.6171040013433 2571.302085235715 26.10734871029854 0.2394094988703728 14.1454716399312 19.96406788378954 153.1710730940104 0.2898605540394783 10.41147740930319 0.5500189512968063 3.24070680141449 2.471008092164993 118.6199813261628 1.855535082519054 14.5786874294281 5.35417428612709 0 0 1.386229753494263 213.2024639248848 1.267863750457764 0 0 0 0 2.187555521726608 0 1.120780557394028 0.3092292547225952 0 0 1.732730865478516 4.92597658932209 3.055075615644455 0.2179257571697235 0.3741512298583984 0.2988012731075287 0 0 0.6190446615219116 0 0.547762930393219 0 0 0 0.5940177738666534 0 0 0 0 0.2045416533946991 0 0 0 0.3142330944538116 0 0 0 0 1.223897337913513 0.6878333538770676 0.4160460382699966 0 0 0 0.6198023110628128 0.7127766907215118 0 0 0 0.3426859080791473 0.1238974928855896 0.6385288536548615 0 0 0.8713721334934235 0.5578238964080811 6.323366031050682 0 0 0 0 0.9089608788490295 0 0 0 1.28867182135582 0 0 0.1288414597511292 0.491735965013504 0.4897626340389252 0.194714143872261 0.1053911373019218 0.1876403242349625 1.174700736999512 5.387365743517876 0 0.1383237987756729 0.367158979177475 0.2686090171337128 0.1977499574422836 0 0 0 0.5735224932432175 0.6478314101696014 0.6785198748111725 0.2194786071777344 0.5297902226448059 0 0.1369258016347885 0 0.5912085846066475 0.2077828645706177 0 0 0.8896343559026718 3.421275496482849 3.620766371488571 167.1255009844899 26.0988824442029 334.6862830147147 85.43974413722754 53.04656720906496 23.9856144040823 5.528784722089767 45.70357479900122 7.628935292363167 0.1101779565215111 5.386062875390053 0 0 0 0 0.7634193301200867 3.657971084117889 0
137.1599599942565 1840.896245755255 355.6380569413304 156.8846386373043 4145.597556643188 37.85230623930693 1107.731780648232 289.3941970095038 0 446.3005853518844 2293.119605071843 254.0327758640051 2889.414918676019 4907.592215374112 32.94215133786201 6.492043040692806 1.467737913131714 1.052759237587452 0.1490489691495895 2.006744384765625 0.7686861455440521 0 1.644509941339493 0.8908822387456894 0.6792987883090973 0.7773881331086159 0.693683847784996 0.5363370478153229 0.4887704849243164 0 132.5722805187106 9.217283092439175 101.6014431267977 0.64655552059412 1.317370757460594 0.1832007467746735 17.888832077384 0.1935631781816483 1.114484578371048 0.975942000746727 0.4456197023391724 1.33781960606575 0 2.296333685517311 0.6935375034809113 1.187430053949356 110.313657745719 16.90593194961548 5.867305248975754 6.355384863913059 2.596036605536938 0 0.10045026242733 1.320534750819206 1.95767392963171 13.06545706093311 29.45110636949539 89.7392270565033 17.49510443210602 21.08435600250959 4.313476830720901 11.64435574412346 0 43.1160546541214 9.157417297363281 4.536748543381691 21.72544348984957 3.193382024765015 8.03875046223402 4.153473004698753 15.96803487092257 32.86540532112122 0 102.4394796043634 132.2256014272571 116.1024265065789 69.01297763735056 11.35107642412186 12.98998648673296 317.652791030705 1.260219879448414 26.96568418294191 22.52124805003405 0.3693123608827591 6.997884780168533 20.17621234804392 17.21338141709566 0.1072449758648872 9.31991845369339 0.1558467000722885 2.438835747539997 0.7568549513816833 15.78341738134623 1.21156607568264 0.8988396823406219 337.5227534174919 2.227425009012222 0 0.517298050224781 52.14588915556669 9.497153028845787 2.249175757169724 12.07405441999435 0.2828964591026306 4.207730233669281 67.36986967921257 1.446712970733643 35.93422191590071 23.37577779591084 24.13801665604115 9.324919179081917 136.6534704118967 130.6549491435289 112.8350005745888 12.53376324474812 3.603107199072838 2.025346338748932 0 0.9253656715154648 0 0 0 0 0 0 0.5429742932319641 0 0 0 0 0 0.2950903475284576 0.2716809213161469 0 12.70744389295578 3.792292609810829 0 0 0 17.39334961771965 0.8858185708522797 8.36130490899086 6.11396761238575 0 0 0 0 0.4270641505718231 0.9665631353855133 0.1388415098190308 0 6.146855190396309 29.97791952639818 0.9175441414117813 1.035553738474846 0.4263776838779449 0.433899998664856 0 0 0 0 0 4.479857839643955 0 0.8148860335350037 0 9.323042333126068 5.816940307617188 3.579830452799797 0 0 0 0.605724573135376 0 0 0 168.379257209599 10.73505526781082 0 0.229683130979538 0 1.407622277736664 2.765553563833237 13.15881603956223 5.010791905224323 9.051323980093002 10.24840791523457 3.825840994715691 4.45390623062849 0.4946037903428078 0 0 0 0 0 0 0 28.65600603818893 24.93470530211926 79.33294799923897 240.040128365159 27.4138390943408 411.6044532954693 122.0642844587564 85.66755045205355 40.27880197763443 6.484275214374065 85.58022603392601 43.01718601584435 0.2633100748062134 63.27313563972712 1.464585363864899 12.00524210929871 1.307468295097351 0 6.344436913728714 11.16940300166607 1.500637128949165
1363.070104107261 1307.685644902289 8.908385500311852 3104.240103125572 674.4104877337813 472.6317929923534 3954.552021808922 1.157903462648392 446.3005853518844 0 8.328201070427895 5179.185313299298 4501.076240316033 413.4705910235643 5.830306738615036 0.7154936641454697 0.09590049833059311 0.1503167003393173 0 0.0983668640255928 0 0 0 0 0 0.4772463440895081 0 0.1441293060779572 0 0 24.41110116243362 0.8114061951637268 21.67807454615831 0 0 0 5.255145385861397 0 0.9485186785459518 0.2185681015253067 0 0.2275471687316895 0 0.3040639758110046 0 0 43.48315187543631 6.609254367649555 1.159420445561409 0.9616591781377792 0.9465488418936729 0 0 0 1.366628885269165 8.69272868335247 64.20200484246016 77.62711539119482 17.31229396909475 8.455528356134892 0.505314365029335 1.970126032829285 0 7.536564908921719 4.250913195312023 1.857365541160107 9.921610608696938 0.8452801778912544 0 0.1068101525306702 71.05933532118797 34.70711748301983 0.1880492717027664 98.60511936992407 64.14743170142174 44.29342292249203 12.66176909953356 2.113616943359375 0.3214545994997025 44.30106259137392 0 2.176488623023033 13.55953182280064 0.3441243171691895 4.01520711183548 10.60218726843596 2.615855321288109 0.2143693342804909 4.092351526021957 0 1.424867011606693 0.4073775112628937 0.7051454707980156 0.1378667801618576 1.034578025341034 880.2061865478754 5.032355666160583 0 0 242.8110758438706 2.933346465229988 7.405863255262375 7.508956551551819 0.5097123384475708 2.441773980855942 42.67072182893753 9.255330249667168 26.32077008485794 44.13672487437725 17.83146221935749 5.154557108879089 116.0343250185251 107.3174028098583 80.92059575021267 7.345775127410889 1.680699929594994 0.7096781134605408 0 1.457438498735428 0 0 0 0 0 0 0.7454361021518707 0 0 0 0 0 0 0 0 9.163133144378662 2.465965002775192 0 0 0 28.52194766700268 0 11.21063876152039 6.959662705659866 0 0 0 0 0 0.4338641613721848 0.7735428959131241 0 4.773316591978073 26.60964322090149 0.7205103039741516 0.2775914669036865 0 0 0 0 0 0 0.3242617547512054 4.676538154482841 0 0 0 10.06463125348091 4.024353101849556 3.876079946756363 0 0 0.1929444074630737 0.6519325375556946 0 0 0 113.1531334966421 11.19026613235474 0.4079168140888214 0 0 2.83695775270462 0.8683542609214783 7.397571444511414 5.356186211109161 9.598479747772217 5.738134652376175 2.163506209850311 3.884075701236725 1.206796377897263 0 0 0 0 0 0 0 36.26060622930527 11.8665965795517 83.28546912968159 146.4618162363768 10.5288747921586 197.6667496263981 44.88544815778732 153.150800652802 26.78315906971693 2.764354303479195 52.11121357232332 59.82878206670284 0 58.40157015621662 0 37.91503864526749 1.770826280117035 0 2.295849680900574 2.41474848985672 0.1249052137136459
1018.837180152535 2719.839591443539 2198.910338699818 47.57354387640953 1472.27467354387 24.70434011518955 43.58489557355642 3511.581447802484 2293.119605071843 8.328201070427895 0 23.77670416235924 599.9996836781502 3633.551070861518 53.99446979910135 28.21069572120905 7.361715577542782 5.225088447332382 0.7646480873227119 9.546521976590157 9.424318790435791 1.098514884710312 5.15753223747015 2.526831865310669 5.11945465952158 9.108750447630882 7.146122947335243 1.910766638815403 0.5900120958685875 0.5328269153833389 1333.591441810131 73.89504034072161 1484.115702949464 1.870583444833755 8.247723758220673 5.258795276284218 159.7147368937731 4.733017891645432 7.502740293741226 1.15803986787796 5.516045898199081 5.99253473430872 1.67148669064045 3.881407007575035 2.917901530861855 1.888039126992226 114.7108988463879 33.81134191900492 11.6476463675499 29.43625277280807 8.134905032813549 1.118272364139557 0 4.98221829533577 4.637289561331272 21.01302662491798 78.00909880548716 329.6031841337681 21.54066384583712 18.91107754409313 30.02606831490993 175.9265997037292 2.5782530605793 67.98091565072536 11.51630495488644 7.580086797475815 27.63716394454241 7.758714467287064 45.15419602394104 40.1420616582036 26.35344615578651 13.93695271760225 0.5010854601860046 177.8004602864385 187.9338427260518 114.5791650265455 76.82536352425814 24.21279245615005 227.5910402461886 2237.351507805288 8.566386111080647 256.3808648064733 28.594951428473 1.067214630544186 10.20272007584572 25.35337835550308 58.16681674867868 0.7350268140435219 13.47434270381927 0 6.592115111649036 0.6545339748263359 113.7757021859288 6.896389722824097 7.218548394739628 41.0738398656249 1.470484718680382 0 0.3345690071582794 215.8497793152928 0.3133424669504166 0 1.282235190272331 0 0.3321579098701477 10.93807004392147 0.6304086446762085 6.815995916724205 3.751002088189125 2.985772341489792 1.671157121658325 16.10466559231281 15.24609158933163 18.86987937986851 0.4676990807056427 0.1524275839328766 0.2415761798620224 0.4725421369075775 0 0 0 0.5901684165000916 0 0 0 0.2976639866828918 0 0 0 0 0 0 0 0 2.266261026263237 0.3259581923484802 0 0 0 3.86023736000061 0 1.410374283790588 0.6305776759982109 0.1373943090438843 0 0 0.3284215033054352 0 0.2108466923236847 0.1881890594959259 0.6063877940177917 1.413159787654877 3.545151203870773 0 0 0 0.2607333362102509 2.001675084233284 0 0 0 0 1.944791451096535 0 0 0.2136695235967636 1.431575238704681 0.1241256222128868 0.5083086788654327 0.1060840338468552 0.146878108382225 0.1868109852075577 0.6824429929256439 0.2292128056287766 0 0.9293708503246307 31.98396424949169 5.398309111595154 0 0.1644355207681656 0.268278568983078 1.436713665723801 0 2.217214807868004 0.5349096953868866 0.9397711008787155 1.690832898020744 1.060005187988281 0 0.09171201288700104 0 0 0 0.4480960369110107 0.4095562100410461 0 0 4.441327333450317 4.71655547618866 17.73846641182899 252.1984722390771 36.25436346232891 448.0837215706706 116.7473497912288 79.71241652965546 34.95122133940458 7.867588259279728 76.51676668971777 11.8630563467741 0.1198195815086365 9.732930958271027 0.7373773455619812 1.22393399477005 0.7535952925682068 0 0.7231690138578415 6.246590226888657 1.00679013133049
485.020800165832 214.0100014060736 11.86118154227734 1600.030046015978 246.9390001744032 226.8960071802139 415.6445903629065 2.554875552654266 254.0327758640051 5179.185313299298 23.77670416235924 0 3516.23356500268 251.1993996351957 8.859575368463993 4.439207725226879 0.1383498758077621 0 0 0 0.1896218955516815 0 0.3342894017696381 0 0.164694219827652 0 0.2142221480607986 0.2474942803382874 0 0 14.58322897553444 0.9435426816344261 18.89467576146126 0 0 0.1570949256420135 8.871961526572704 0.9206583946943283 2.429774671792984 0.3925870656967163 0 0 0 0.09856607764959335 0.1105267405509949 0 32.34460055083036 4.634220957756042 0.2384257465600967 1.207505010068417 1.069130063056946 0 0 0.2168187499046326 0.5341059565544128 5.743776716291904 16.82808186113834 23.12600085884333 6.826840087771416 5.742236912250519 0.3485467880964279 3.329711675643921 0 9.005270339548588 2.946736559271812 1.495566502213478 5.285426452755928 0.3507437407970428 1.341443359851837 0.7713296860456467 87.07008135318756 34.06063894927502 0 44.4696402028203 38.43416845053434 36.5278689339757 19.94106389582157 4.037563771009445 0.6935413926839828 43.40643498301506 0 5.066557109355927 7.186036981642246 0.2036861777305603 3.361991733312607 6.198622673749924 1.883613631129265 0.1239995062351227 2.206510879099369 0 0.3950383141636848 0.2885375171899796 2.506655007600784 0.5476950109004974 0 1785.641133591533 3.163399621844292 0 1.245028108358383 86.73924344778061 9.386128075420856 2.182002544403076 10.33289259672165 0.8085766434669495 4.15285062789917 86.22495183348656 2.102048233151436 33.40070926398039 24.82928672432899 22.8339726626873 9.985047340393066 141.8006101697683 135.4712493419647 135.3310967087746 11.94177378714085 1.290842443704605 2.798028782010078 0 0 0 0 0.5377790331840515 0 0 0 0 0 0 0 0 0 0 0 0 12.88081604242325 2.053939491510391 0 0 0 16.97170296311378 0.3468790352344513 5.368840843439102 5.13559764623642 0 0 0 0 0.3977332711219788 1.719101324677467 0.175755113363266 0 0.2623811215162277 18.05931936204433 0.1115637421607971 0 0 0 0 0 0 0 1.155830934643745 5.465389244258404 0 0 0 5.163391828536987 1.16617152094841 0.5820708274841309 0.3834061026573181 0 0 0 0 0 0 147.4238773584366 9.772453010082245 0 0 0 0 0.8067716360092163 10.08217388391495 5.939695097506046 5.169950097799301 6.162860445678234 2.181016907095909 1.900951981544495 0.7338966131210327 0 0 0 0 0.1764544993638992 0 0 44.32069656252861 24.52416418492794 53.1966694444418 103.4559246227145 8.433665439486504 157.3049080520868 40.83102760463953 78.58657280355692 15.93078326433897 1.034947425127029 36.68637451529503 25.04674320667982 0.5606585144996643 44.46880696713924 0 16.34992498159409 0.9497096836566925 0 5.371543720364571 2.659746810793877 0
365.059694968164 1071.974444493651 175.5769389793277 1236.563135266304 1470.378990881145 246.4205374121666 1531.674740090966 47.96463397145271 2889.414918676019 4501.076240316033 599.9996836781502 3516.23356500268 0 2382.11987517029 51.78557287156582 33.67982453852892 1.377844944596291 0.7355187088251114 0.3467014282941818 0.4713237881660461 0.2360161691904068 1.563327372074127 0.3486571460962296 0.3258053958415985 0.6336454451084137 2.609606072306633 3.301769956946373 0.6057357341051102 0.9345063120126724 0.6371545642614365 64.11473675072193 8.21558390557766 151.9339330419898 0 1.426208853721619 2.777618914842606 223.9017832875252 3.160570710897446 37.10015746951103 3.799989327788353 0.6372703313827515 3.466453269124031 0.5881291627883911 5.090456262230873 0.1279461085796356 0.4539416879415512 114.7873584702611 16.70152255892754 3.105108179152012 8.077679000794888 3.039693683385849 0 0.1976658850908279 0.66478630900383 1.09830279648304 9.255384303629398 38.47886707633734 57.71420662105083 17.04747538268566 18.32414024323225 3.921773098409176 23.96572132408619 0 34.16104318201542 7.203405417501926 3.885702133178711 17.53597170114517 3.127589456737041 12.05997361242771 9.887185804545879 296.9690123945475 119.6030085682869 0.1233633831143379 91.35120166838169 105.1721771582961 98.69943532347679 83.93821148574352 22.57250690460205 3.670867681503296 224.4951087608933 2.794051416218281 33.90152855217457 19.35423751175404 0.3012060448527336 5.536223568022251 13.57031363993883 14.71285338699818 0 8.100252397358418 0 2.910878092050552 1.626737855374813 38.16681338846684 3.95205219835043 4.267946258187294 4074.954290091991 33.42064505815506 0.6363267302513123 3.280015185475349 121.0825561657548 19.61200484633446 3.572033792734146 26.11663015186787 2.302847355604172 15.81020231544971 174.7191891223192 6.657594084739685 83.39669018238783 71.31197491288185 59.36320728063583 17.49126522243023 371.7537714466453 364.1799066215754 273.4160864278674 30.90249268710613 4.371163561940193 7.413722485303879 0.4517539590597153 0.9141041338443756 0 0 0.3234028518199921 0 0 0 0 0 0 0 0 0 0 0 0 35.49168826639652 12.04994106292725 0 0 0 37.34493507444859 0.2284120172262192 8.5888292491436 9.907870471477509 0.2629415988922119 0 0.2638046145439148 0.2636011838912964 0 2.556271359324455 1.782711580395699 0 9.603738062083721 33.86528635025024 1.368673905730247 3.394922658801079 0 1.270411938428879 0.3156523406505585 0 0 0.4395284205675125 1.555813729763031 16.1297746822238 0.2077780514955521 0.6379786133766174 1.090474501252174 19.46135552227497 7.158367425203323 7.410903632640839 1.19567596912384 0 0.368614599108696 0.9741596728563309 0 0 0 481.266215249896 19.71088120341301 0 0 0 5.881636008620262 0.6914037764072418 18.48541307449341 14.31986229866743 18.09542567282915 16.51110818982124 12.91961102187634 8.22345320135355 0.7566779255867004 0 0 0.1370082348585129 0 0.5649520009756088 0 0.1385472118854523 105.6382088437676 67.05416664481163 144.1771889477968 294.2901584282517 39.05399128049612 418.5479262247682 133.9429545924067 136.8660969883204 45.62003995478153 5.214789606630802 121.4955398216844 51.0005052164197 0.7702877074480057 90.3950277492404 1.008033245801926 25.73546327650547 4.238411337137222 0.4877179116010666 4.377755485475063 12.90696829557419 1.022329017519951
