0 3703.075006842613 721.5151716694236 277.5779766216874 52.22917241603136 293.1953849047422 285.5050073042512 188.0508227795362 42.40839205682278 1291.924537748098 373.8341993615031 127.4672933220863 353.3164192289114 36.52580130845308 1.654161177575588 0.9236143976449966 0.7914451882243156 0 0 0.10002151876688 0 0.2844453454017639 0.1569360345602036 0.1275159120559692 0 0.2626885399222374 0.2995414882898331 0.2048935890197754 0.3644083887338638 0.100341834127903 1039.018225483596 5.847437739372253 8.122633844614029 0 0 0.1998915672302246 5.731645688414574 0.3612906560301781 2.280832767486572 0.5299539864063263 0.1229095607995987 0.1082465276122093 0.1246239021420479 0.8755578175187111 0 0 11.7495389431715 4.098665326833725 1.082540839910507 0.6220272034406662 0 2.354367226362228 0 0.1156987473368645 17.28946877270937 28.60739099234343 331.4465000256896 1773.086224757135 121.818279184401 5.807645075023174 0.2147216275334358 1.415350914001465 0.1291551291942596 26.49362708628178 4.610905833542347 3.147438645362854 0.7306686714291573 0.1371205002069473 0.144245371222496 0.4445323646068573 35.06019144505262 39.62970554828644 0.2753163278102875 244.1680630296469 141.1615870893002 27.48809446394444 15.67263118177652 2.221765592694283 5.451272495090961 31.93839245289564 1.103622823953629 7.285090006887913 19.61268079280853 1.410755380988121 5.880229398608208 10.29414606839418 1.638253733515739 2.730916827917099 1.668956331908703 1.045880630612373 0.2188505232334137 0.2493537217378616 0.1501877754926682 0 0.5800549685955048 165.941348284483 3.463122665882111 1.584508895874023 4.056750684976578 1663.401584669948 0.2923758327960968 1.774774730205536 2.913788318634033 0.9801274836063385 0 5.221182346343994 4.938752114772797 2.673419639468193 5.410136580467224 0.2264092415571213 0.834746927022934 23.36805129051208 6.733556434512138 4.971875131130219 8.675133407115936 0 0 0 0 0 0 0 0 0.4152308702468872 0 0 0.2297901213169098 0.1851345747709274 0 0.1517552584409714 0 0 0.4732226878404617 0 0 0 0 0 0 2.878652885556221 0.3583447337150574 2.58024100959301 0.6258215308189392 1.155731320381165 0 0 0 0 0 0 0 0 0.9073600172996521 0 0 0 0.3141537308692932 0 0 0 0 0 0 0 0.3867271840572357 0 5.562622681260109 0 0 0 0 0 0 0 0 0 4.760977476835251 0.2320384830236435 0 0 0 0.7464447617530823 0 0 0 0 0 0 0 0 0 0 0 0 0 0 0 2.628679230809212 0 1.747328042984009 71.80361344665289 12.34966886043549 172.1850938647985 31.22478222101927 1173.720118962228 99.7920191809535 9.530859097838402 9.53001195192337 1.389208130538464 0 0.1734609156847 0 20.78649863600731 0 0 0 0.526178166270256 0
3703.075006842613 0 1467.841453328729 956.2349998876452 1313.149706289172 880.1082313209772 1762.23102581501 984.401641510427 1216.483741141856 2315.629867963493 3391.550966791809 244.2859292328358 1653.149459764361 1467.409301020205 22.41094893217087 29.17720402032137 2.951626800000668 0.7017071172595024 0.3622926324605942 0.4305290207266808 0 0 0.5959009826183319 0.1356241255998611 0.2515685707330704 0.9589830338954926 0.6251669675111771 0.3782311603426933 0.3546519577503204 0.1454403847455978 1793.497033163905 62.33122324943542 21.77258334308863 0.1452609896659851 0.3698920905590057 0.1231125593185425 9.397546797990799 0.9942052587866783 1.59799936413765 2.078471109271049 0.2826004400849342 0.4830353558063507 1.105424903333187 7.749819204211235 0.4700415655970573 0.7078084647655487 101.2675598487258 18.88063210248947 1.631739281117916 2.722249016165733 2.471604377031326 0.6647149845957756 0.2624594867229462 1.468674659729004 44.45708722621202 65.89659506827593 154.2631520554423 630.7944741398096 90.50425104796886 26.19458108395338 3.995141640305519 0.9081049934029579 0 168.0359976440668 16.12210059165955 12.17034913599491 7.054360188543797 0.6415403261780739 0.3799972161650658 2.101619407534599 27.16672786325216 4.397410117089748 0 274.8056273534894 323.8955597877502 168.3863361552358 145.3362905010581 19.57967375218868 38.62511602044106 150.6605196520686 8.290927790105343 17.68045917153358 65.97164306044579 1.415893815457821 19.69876384735107 35.65074741095304 11.4015536904335 0 1.879848465323448 0 1.520861506462097 1.177665024995804 0.7270310372114182 0.3620437532663345 2.869557172060013 320.0523863881826 0 0.2086077481508255 0.468315452337265 860.4136311635375 0 4.150710046291351 4.948976367712021 2.02217572927475 0 15.04070967435837 18.90235126018524 26.06039161980152 13.93871492147446 14.30050456523895 4.484597012400627 79.28507316112518 31.93900370597839 27.23505568504333 54.08501748740673 0 0 0 0 0 0 0 0 0 0.406501293182373 0 0 0 0.1375796794891357 0.207475870847702 0 0 0.2407364994287491 0 1.603399038314819 0 0 0 0 18.93365071713924 1.396628320217133 35.98167125880718 5.202625587582588 0.1792154461145401 0 0 0 0 0 0 0 1.648541480302811 0.7480927109718323 0 0.1212817505002022 0 0.5851012468338013 0.1739192456007004 0 0.3443267643451691 0 1.008897304534912 0 0 0 0 40.61343415081501 0 1.62489265203476 0.2709237635135651 0.3245592713356018 0 0.1069081947207451 0 0.4669544100761414 0.1533625423908234 51.74433314800262 1.170386373996735 0 0.1401346474885941 0.2479232251644135 3.256068587303162 0 0 0.7743713110685349 0.7387553453445435 0.5676947236061096 0 0.4188858270645142 0.255252480506897 0 0 0 0.102323554456234 0 0 0.1757949590682983 17.36685322225094 0 7.802204102277756 235.7323120832443 73.53961194306612 874.3476213887334 204.0789828747511 2073.680770277977 198.209326647222 33.14367269724607 88.65585879981518 18.1009214669466 1.382414236664772 5.481553718447685 0.1527920514345169 90.28732889890671 0.3249279856681824 0.9315016269683838 0 2.485415279865265 0.5012806802988052
721.5151716694236 1467.841453328729 0 54.91567225754261 245.2753659635782 59.23866301774979 91.0730986520648 3112.639127962291 200.7851217761636 85.95873538404703 4971.71377209574 26.62653502821922 65.84287126362324 315.9300325065851 13.97752501070499 35.51904750615358 14.02279502898455 0.9305537045001984 0.9196169599890709 2.442163571715355 15.2564160078764 0.6248356848955154 16.08933068811893 8.720794484019279 1.096578478813171 1.539921931922436 2.257036544382572 1.371001712977886 0.7610379084944725 0.1419651955366135 3960.831362217665 524.9224626943469 49.39145226031542 21.04579772055149 21.8855547606945 4.07105828076601 59.6414192840457 7.086498610675335 19.11377950757742 7.641417786478996 24.23753722757101 7.433482885360718 16.60698197036982 15.11855155229568 2.516618840396404 15.29294007271528 41.03266083449125 14.38581677526236 7.66068571805954 16.66664735972881 5.543751008808613 0.7024750858545303 1.774146974086761 1.556869469583035 14.37355673313141 24.74840527772903 106.678318567574 1185.030656844378 48.5509106144309 9.500746719539165 151.8509079664946 101.3428889885545 5.431696467101574 352.8496325314045 6.085101135075092 4.648275546729565 4.2003313601017 3.721422769129276 20.10104556381702 79.83668455481529 110.8236483335495 42.65403141081333 0 144.7848222106695 185.1886790990829 48.43389903008938 101.3315190449357 18.95895691215992 735.6947243884206 1665.530154667795 325.168809838593 1216.064840823412 25.874969817698 0.5082638785243034 7.234954304993153 9.872922629117966 17.56934324651957 0 1.889744780957699 0.1126661151647568 1.340189062058926 1.507259652018547 12.56145774573088 1.469437524676323 8.158879391849041 49.08184142410755 0 0 5.822355903685093 592.9697296246886 2.033969819545746 0 1.362480401992798 0.4795981347560883 0 6.670386016368866 0 11.20109117031097 2.930771842598915 0 2.965697050094604 11.37188804149628 9.964889571070671 19.38078856468201 47.79135949909687 0.5265828371047974 0.5179652571678162 1.125022411346436 0.4048489779233932 0 0 0.2951157987117767 0 0 0.1550560891628265 0 0.3768400698900223 0.252207450568676 0 2.042351059615612 0 1.060634732246399 1.057135254144669 0 0 0 0.253411591053009 0.1346307098865509 0 21.9919958114624 2.690798185765743 46.75190427899361 17.51026874035597 5.221686758100986 0 0.1518070995807648 0.4553224295377731 0 0 0.9713122397661209 0 0 6.074346110224724 0 0.2589826136827469 0.2819406539201736 1.309458211064339 0.6078357249498367 0 0 0.2999750599265099 0 0 0 0.1485787332057953 1.492706909775734 57.93256491422653 0.8548132479190826 1.513353765010834 1.136075183749199 0 0 1.125759541988373 0 0 0.4702378511428833 32.87324784696102 0.5702205151319504 0 0.1756867915391922 0.6928487122058868 4.983138918876648 0 1.614356696605682 2.583519995212555 0 2.453730925917625 0.989925742149353 0 0.5593419969081879 0 0 0 0.4804348573088646 0.5725585669279099 0.1389437466859818 0.2053318172693253 10.25516253709793 10.61496895551682 14.49581005424261 80.07336246967316 32.55121441185474 222.1921402961016 55.1890062764287 324.0011755600572 69.98301089555025 9.512471303343773 23.36806499958038 13.75285366177559 0 14.49922530353069 0.3622613549232483 24.26783788204193 6.964794993400574 0 2.248856127262115 1.765492528676987 0.3830356150865555
277.5779766216874 956.2349998876452 54.91567225754261 0 132.4135937392712 225.7805507034063 493.0593136847019 6.128931611776352 173.6580399796367 1305.63015806675 4.503646746277809 681.5304063409567 2001.783547073603 28.76264274865389 0 1.016080945730209 0.2200330346822739 0 0 0 0.1232102662324905 0 0 0 0 0 0.3262899518013 0 0 0 125.6548534184694 3.243425160646439 2.261115372180939 0 0 0 0.486051008105278 0 0 0.123794749379158 0 0 0 0 0 0 1.68808900564909 1.832964517176151 0 0.1116505488753319 0 0 0 0 2.591115735471249 2.726069033145905 15.22490146011114 62.31880077719688 8.05127041041851 1.456646591424942 0.5288341194391251 0 0 7.077625177800655 0.6797038391232491 1.321980349719524 0.09736333042383194 0 0 0.3572536110877991 0.2798166126012802 0.5448795258998871 0 16.88095934689045 16.41446657478809 9.534756444394588 4.221246108412743 0.1760160326957703 0.4088789969682693 0.2541801929473877 0.2360897362232208 0 4.828251227736473 0 0.8607161268591881 1.840676546096802 0.6176905706524849 0 0.09722966700792313 0 0 0 0 0 0 83.96785932779312 0.9311762452125549 0 0 97.75592157244682 0 0 0 0 0 0.32249915599823 4.18645441532135 3.622874736785889 2.046944350004196 3.012915790081024 1.186918258666992 3.761750549077988 5.211802646517754 3.568048387765884 1.973489508032799 0 0 0 0 0 0 0 0 0 0 0 0 0 0 0 0 0 0 0 0 0 0 0 0 0 0 1.599179461598396 0 0 0 0 0 0 0 0 0 0 0 0 0 0 0 0 0 0 0 0 0 0 0 0 3.233195886015892 0 0 0 0 0 0 0 0 0 4.752921611070633 0 0 0 0 0 0 0 0 0 0 0 0 0 0 0 0 0 0 0 0 1.757981225848198 0 0.4803461134433746 12.88599210232496 3.47029934823513 37.72089535742998 8.129382140934467 277.5316975265741 13.25786540657282 1.6193583086133 4.482977367937565 0 0 0.4204838871955872 0 13.07244092226028 0 0 3.409162998199463 0 0
52.22917241603136 1313.149706289172 245.2753659635782 132.4135937392712 0 55.62258644402027 1277.017954081297 59.98218332231045 5165.587808378041 572.1710087507963 1135.626734413207 105.9728821367025 865.8431485369802 2657.143923677504 23.37199311703444 36.68591807037592 2.154018707573414 0.6381463035941124 0.361042745411396 0.5471613109111786 0.3737877905368805 0 0 0.3271390125155449 0 1.079609729349613 0 0.3012282624840736 0.4710359424352646 0.3614176213741302 103.5700851753354 25.11105912923813 13.43723557889462 0 0.2637703865766525 0.1190448105335236 10.71515264362097 0.2031450569629669 1.863806858658791 0.6759994179010391 0 0.186089813709259 0 4.451283439993858 0.3604202792048454 0.13695028424263 54.09554513543844 5.849389955401421 1.274519130587578 0.3418104350566864 1.08964154869318 0 0 1.46458637714386 9.645485997200012 14.42944224178791 20.86490444839001 34.86385179311037 15.88789439946413 9.006188854575157 0.6274153366684914 0.3710464313626289 0 36.21842731535435 4.596488617360592 4.098808981478214 1.595183677971363 0.5598559677600861 0.2201579362154007 1.004819795489311 33.17179568111897 5.622786864638329 0 41.01068101078272 58.40293096750975 52.67592152953148 73.86226136237383 19.10743912309408 1.528656333684921 8.70101472735405 1.208699613809586 1.81554763764143 16.01142286509275 0.4024932757019997 8.874634377658367 9.922800898551941 6.368522621691227 0.09249217808246613 1.47622162103653 0 0.4401838183403015 0.6624232828617096 0.3561472147703171 0.1313439607620239 2.165239304304123 284.5279820710421 0 0 0.7940811216831207 18.22608164697886 0 1.288002282381058 7.887451708316803 2.77774578332901 4.751786023378372 12.84314233064651 12.74150444567204 33.57091699540615 16.36570881307125 11.82449969649315 8.971422761678696 105.9079730510712 57.72153633832932 52.76906007528305 79.03935419023037 0 0 0 0 0 0 0 0 0 0 0 0 0 0 0 0 0 0 0 1.718988478183746 0 0 0 0 28.17710930109024 1.396901249885559 48.2702140212059 6.997609674930573 0.88315249979496 0 0 0 0.3949399888515472 0 0 0 1.794128179550171 1.315825045108795 0 0.3074982166290283 0 0 0.2140360474586487 0.3866775631904602 0 0 1.098526000976562 0 0 0 0 65.70565345883369 0 0.8718463778495789 0.7274840623140335 0 0 0 0 0 0.221098467707634 76.73660828173161 0 0 0 0 4.004956901073456 0.2373696714639664 0 1.960640966892242 0.2559802532196045 0 0 0 0.2166389375925064 0 0 0 0 0.1046487763524055 0 0 33.26274305582047 1.851127922534943 8.512159407138824 240.4637706428766 56.67401853948832 409.2072632834315 150.0807181149721 274.317605741322 75.66513161361217 10.42602994292974 82.76085057854652 15.18458619713783 0 11.0710738748312 0 59.05403491854668 1.237249970436096 0.2218489944934845 0.9884150922298431 4.097637593746185 0.175546333193779
293.1953849047422 880.1082313209772 59.23866301774979 225.7805507034063 55.62258644402027 0 268.9243226796389 4.456724688410759 95.00513556599617 834.1121940761805 26.10198646783829 214.9053029716015 427.4389053732157 85.70844200998545 0.9557960033416748 2.860943660140038 0.3838490098714828 0 0 0 0 4.688992768526077 0 0 0 0 0 0 0 0.108826071023941 104.8302247822285 2.841244101524353 38.42790530622005 0.1740138530731201 0 0 50.11612816154957 0.6791075617074966 26.05710917711258 2.018848985433578 0 0 0 0 0 0 1.764201052486897 0.3752786442637444 0 0.1471977978944778 0.1195259913802147 33.86960734426975 1.29425248503685 0.3340141475200653 0.720643624663353 4.057896845042706 49.66578488796949 60.23965933173895 4.74053755402565 0.7444645613431931 0 8.692346423864365 0 1.022512823343277 0 0.2658397555351257 0.138048529624939 0 0 0 262.2680117040873 436.9106845855713 12.50859807431698 11.17082567512989 8.48614265024662 2.139418140053749 0.4315337985754013 0.4703756868839264 0.1825417578220367 18.2994969189167 4.464087963104248 8.147505953907967 2.347760125994682 10.27097055315971 0.4256588518619537 3.135790042579174 0 20.99807116389275 7.859264612197876 28.19867515563965 1.089353173971176 2.882795780897141 0.1249905377626419 0 1.29175478219986 313.1448962986469 27.19072088599205 38.82044489681721 47.45697647333145 530.1894057840109 0 0 0 1.914133548736572 0.9040691256523132 0.2875501811504364 3.458460569381714 0.620783269405365 0 0.2141365706920624 0 2.754844039678574 2.433491826057434 0.3888658434152603 1.182837724685669 0 0 0 0 0 0 0 0 0 0.2033168375492096 0 0.1663319617509842 2.11399818956852 0.9155657291412354 2.560941852629185 0 4.094251185655594 4.887584134936333 0.8421596884727478 0 0 0.1469814330339432 0.5459342449903488 0 0.2456867545843124 0 1.697061821818352 4.995624676346779 1.523615583777428 0 0.2989302277565002 0 0 0 0.6874413788318634 0 0 0 0 0 0.5857841670513153 5.142734915018082 0 0 0 0 0 0 0 0 0.1868182420730591 0.6017161905765533 0 0 0 0 0 0.4931870549917221 0 0.1397155821323395 0 1.569116950035095 3.19891045987606 0 0 0 0 0 0 0 0 0 0 0 0.4780602306127548 0 0 0 0 0 0.2595731317996979 0 0.242344856262207 3.044534459710121 5.398082062602043 11.40647201240063 4.267263256013393 13.61295542120934 4.607766702771187 241.4024321064353 5.981379821896553 1.110040172934532 2.539880678057671 3.43237242102623 1.146449998021126 1.606392830610275 0 3.956270635128021 0 0 0 0.2017489224672318 0
285.5050073042512 1762.23102581501 91.0730986520648 493.0593136847019 1277.017954081297 268.9243226796389 0 5.308867834508419 600.0792522281408 1941.951854214072 41.21374233812094 466.9404123425484 6294.362124316394 518.2706397250295 10.1084918603301 20.68791842460632 1.191444247961044 0.1115220710635185 0.09906752407550812 0.1498337984085083 0.1111521199345589 0 0 0.113267570734024 0.1405136287212372 0.1111274585127831 0.1051700636744499 0 0 0 70.87408324331045 14.96094769984484 47.76642866432667 0.1120007485151291 0.251615896821022 0.1180533617734909 6.114489153027534 0.7615799605846405 0.6528529971837997 1.371879205107689 0.2399030327796936 0 0 2.836338579654694 0.2564460635185242 0.2011348307132721 27.18990113586187 2.918422490358353 0 0.9294345900416374 0.8810147792100906 0 0 0.5669211149215698 6.351292185485363 9.263966523110867 13.77735031396151 29.88820571452379 10.57397455722094 4.497382275760174 0.7027942687273026 0.9554222673177719 0 17.75885383784771 2.547277517616749 2.379564806818962 1.829088225960732 0.5245122909545898 0.1688941717147827 0.7495050132274628 17.04421575367451 3.681774705648422 0 30.67549213767052 42.49889136850834 33.5061587318778 42.42664287239313 8.913176596164703 0.4970957934856415 3.034596383571625 1.279221251606941 3.106617636978626 9.233161889016628 0.2406287714838982 5.316717132925987 5.841788575053215 3.19284476339817 0.1253760904073715 1.224496945738792 0.124202698469162 1.25853206217289 0.2640529647469521 0 0 0.4989214465022087 539.4026424437761 2.665300965309143 0 0.3876188322901726 43.56397900730371 0 6.763555288314819 7.700010895729065 2.474434226751328 2.008277535438538 22.44539205729961 18.23540042340755 40.93602500855923 13.1544094234705 10.24277217686176 6.594044476747513 96.16637226939201 44.38663794100285 43.61597248911858 56.59234611690044 0 0 0 0 0 0 0 0 0 0 0 0 0.2981576323509216 0 0.2105999439954758 0 0 0 0 0 0 0 0 0 18.80473122000694 0 32.7850653231144 7.477128580212593 0.6707915365695953 0 0 0 0 0 0 0 0.9410872161388397 1.408345013856888 0.4706994891166687 0.236985832452774 0 0 0.2024769634008408 0 0.477785736322403 0 0 0 0 0 0 46.78598023951054 0 0 0.63691645860672 0 0 0 0 0.2250738218426704 0.1368244290351868 45.08080971240997 0.8975135087966919 0 0 0 4.546964526176453 0 0 0.8410395681858063 2.881597578525543 1.586026251316071 0.9755200147628784 0.1601093262434006 0.4914810955524445 0 0 0 0 0 0 0 25.00148656964302 0.7594468593597412 4.976547926664352 132.0471962317824 31.74605607241392 211.2177152857184 76.69716796278954 312.8344789072871 46.44227420538664 5.950097613036633 48.2277597784996 8.999003000557423 0 7.359063029289246 0 52.75802944600582 0 0.1911401748657227 0.107078954577446 2.527148053050041 0.2011096328496933
188.0508227795362 984.401641510427 3112.639127962291 6.128931611776352 59.98218332231045 4.456724688410759 5.308867834508419 0 56.70472038537264 5.312170714139938 661.5124721229076 4.530021086335182 22.37082654982805 177.2505584284663 17.85052997618914 38.16646968573332 8.656790934503078 2.541112966835499 1.546620063483715 1.472613267600536 22.12103702127934 0.4079710394144058 21.94184396415949 14.0617306753993 3.828194983303547 2.092456795275211 3.193636439740658 0.9240319728851318 0.8706668689846992 0 1218.747075051069 329.6921773180366 24.9262860417366 22.54638382792473 34.19082655012608 5.229227088391781 23.05481516569853 5.504197843372822 18.08361228555441 9.926857858896255 27.32524076849222 5.592489197850227 27.06806355714798 14.22501992434263 2.709008485078812 14.50695442408323 45.51617000997066 12.20380724966526 4.602125428617001 21.91559445858002 5.311221279203892 1.900632463395596 0.9094817787408829 2.25978496670723 9.296860285103321 11.15179880708456 22.95978298783302 137.2454466074705 17.3988004475832 8.810529328882694 243.9758068695664 147.9310150593519 6.674359276890755 196.8556022644043 3.050736650824547 3.638676665723324 3.976837664842606 4.7885532528162 30.52179872244596 140.6734687015414 6.585018113255501 7.773939520120621 0.5782887935638428 52.1150770932436 94.41812176257372 47.58458149433136 122.696754835546 46.30970227718353 779.6831099763513 1278.556359127164 591.7088026106358 3083.560466393828 15.59956086426973 0.7805779278278351 6.082020670175552 7.353641502559185 23.50079659372568 0 2.209025159478188 0.7367600202560425 1.609758004546165 1.430280163884163 17.88821626454592 1.856306150555611 9.910563215613365 16.15395084023476 1.330700501799583 0 7.850074224174023 57.64888100326061 0 0 0.5297077298164368 0 0 2.813931047916412 0 5.072734266519547 1.796606540679932 0.1682979613542557 0 9.03818391263485 5.394175261259079 4.111296534538269 8.277420774102211 0.1465694159269333 0 0 1.083714619278908 0 0 0.4671681821346283 0 0 0.1456436216831207 0 0.3686503022909164 1.730825915932655 0 4.295692212879658 0.1398859173059464 1.276441231369972 0.8796489387750626 0.2919023036956787 0 0.1954392790794373 0 0 0.4511202573776245 3.13151627779007 3.221189811825752 8.222064942121506 9.006412774324417 4.725643783807755 0.4461977481842041 0.6617298126220703 0.624987930059433 0 0 2.376924529671669 0 0.9456463903188705 0.8354810178279877 0 0.3032184690237045 0.4380857199430466 1.390457078814507 0.3133752197027206 0 0 0 0 0.2557179629802704 0 0 0.1439025402069092 4.694893941283226 0 0.3247536420822144 0.4449699521064758 0.2156996428966522 0.718620091676712 0.4811055660247803 0 0 0.5905173122882843 4.046215891838074 1.601288974285126 0 0 1.296413660049438 0.8223235607147217 0 0 1.237553596496582 0 0.1606187671422958 0 0 0.439509317278862 0.1118952482938766 0 0 0.1925837248563766 0.5251107066869736 0 0.3326524645090103 2.701408743858337 1.652117773890495 10.94835390150547 128.3414191752672 34.42673227936029 239.4534334763885 70.16344702243805 103.9729104191065 39.70851492136717 4.809650518000126 34.91638443619013 12.85184659063816 0 4.04017536342144 0 11.0681332051754 0.8118039518594742 0 0.7342317402362823 0.7785998582839966 0.4241975545883179
42.40839205682278 1216.483741141856 200.7851217761636 173.6580399796367 5165.587808378041 95.00513556599617 600.0792522281408 56.70472038537264 0 502.8857554346323 799.9546421095729 147.7407657802105 1143.766741350293 1923.916943311691 22.19425175338984 38.78253299742937 1.130597166717052 0.3410680890083313 0.2389181181788445 0.883563719689846 0.6554526090621948 0.1353625655174255 0.1506567895412445 0 0.38589908182621 0.1502471566200256 0.439504936337471 0.3207522034645081 0.4892660528421402 0 47.08011674880981 16.91268146038055 23.09083214402199 0 0.3065216988325119 0.1230501309037209 12.66377500444651 0.4401825219392776 0.6434881091117859 0.6799241229891777 0.7837562561035156 0.8153538107872009 0.3802734315395355 4.362690903246403 0.3584476187825203 0.5146869122982025 39.16427514702082 4.50863641500473 0.1688911914825439 0.4710953906178474 1.222428895533085 0 0.1987118422985077 0.7619753554463387 6.81915645301342 8.650214359164238 11.49952319264412 17.54895114898682 7.878871984779835 5.101777695119381 0.9288470521569252 0.5310694873332977 0 20.34914917498827 1.453943610191345 2.504406318068504 1.210954003036022 0.5497584268450737 0 0.113445445895195 43.21945939958096 3.240488603711128 0.2597933709621429 18.66786278039217 27.39833559840918 29.5891150906682 49.42634414881468 18.39269296824932 0.8082401007413864 5.696350984275341 1.337634369730949 4.902075856924057 7.314358048141003 0.2576014474034309 5.241426669061184 4.717537321150303 4.028723575174809 0 1.193052038550377 0 0.2401896715164185 0.3382312580943108 0.2865717560052872 0.08686288446187973 1.973170682787895 597.0337145328522 1.871194183826447 0 0.5657002925872803 29.48383770138025 0.9365441799163818 5.226161062717438 15.48387062549591 5.963632106781006 1.565023973584175 26.59510627388954 25.08911865949631 47.63691034913063 22.01324701309204 18.90397910773754 11.45350885391235 137.9261779785156 80.22279328107834 89.40750363469124 109.7154850512743 0.1711781620979309 0 0 0 0 0 0 0 0 0 0 0 0 0 0 0 0 0 0 4.009808331727982 0 0 0.1540110409259796 0 38.63990738987923 1.171560391783714 57.73554721474648 10.34495331346989 3.061103716492653 0 0 0.6553290337324142 0 0 0 0 2.50144824385643 2.313326627016068 0.3188306391239166 0.1272332817316055 0 0 0.6308981701731682 0.5275820940732956 2.07852691411972 0 0 0.1330622583627701 0 0 0 80.93842136859894 0 0.7087982296943665 0 0 0 0 0 0 0.3241732716560364 108.2888729795814 0 0 0 0 7.561967387795448 1.307547926902771 0.1890362352132797 1.995819121599197 3.43456768989563 1.444736689329147 0 0 0.1946688890457153 0 0 0 0 0 0 0.1803401410579681 49.53000669181347 1.501299560070038 9.331058323383331 304.6584122925997 51.20508994907141 334.3517665266991 148.3873775750399 224.7759468704462 53.79456608742476 9.400575540959835 100.5306449756026 16.75731638073921 0.2818617820739746 12.84099361300468 0.7617121934890747 110.4338545352221 1.481083288788795 3.712443724274635 1.004118829965591 2.552268832921982 0.8006888553500175
1291.924537748098 2315.629867963493 85.95873538404703 1305.63015806675 572.1710087507963 834.1121940761805 1941.951854214072 5.312170714139938 502.8857554346323 0 13.12856151163578 564.2314415276051 5928.22930906713 369.9931560978293 0.6757579296827316 1.507341548800468 0.7357931882143021 0 0 0 0 0 0 0 0 0 0.1698348969221115 0.2708015739917755 0.2110725194215775 0 177.9973141551018 1.655464053153992 23.58469446003437 0 0 0 66.80798655748367 0 1.303807258605957 0.1251869201660156 0 0 0 0 0 0 4.160588525235653 0.6938964128494263 0 0 0.3964510858058929 0 0 0 3.437443949282169 3.710727639496326 27.15807896107435 113.4272272437811 11.72345661371946 0.6224086582660675 0 0.5386996269226074 0 4.571121752262115 0.3493383899331093 0.2795772179961205 0.1221785992383957 0 0.1164177283644676 0.1616472899913788 22.18464632332325 0.7199486941099167 0 24.07188305258751 17.86415328830481 5.711219735443592 3.913518458604813 1.09071284532547 0.2340566366910934 1.589215680956841 0.1197849959135056 1.10455035418272 3.161778405308723 0.08739452809095383 0.8466390743851662 1.969426162540913 0.1183102577924728 0 0.09747453778982162 0 0.1278595328330994 0 0 0 0.5826852023601532 545.0239721685648 0.7863273024559021 0 0 443.2949248403311 0 5.067560613155365 9.543145805597305 4.836908757686615 0.2680986225605011 26.11932557821274 20.72471901774406 21.73120084404945 17.21553447842598 14.42615832388401 1.582002103328705 58.50088699162006 24.66117170453072 18.3369312286377 22.07955895364285 0 0 0 0 0 0 0 0 0 0 0 0 0 0 0 0 0 0 0 1.423237681388855 0.4931207299232483 0 0 0 5.296830728650093 0.6980465352535248 9.00183929502964 0.7883568406105042 0 0 0 0 0 0 0 0 0.7267587184906006 0.6264209151268005 0 0.6042020916938782 0 0 0 0 0 0 0 0 0 0 0 10.1273253262043 0 0.3960781097412109 0 0 0.09917198121547699 0 0 0 0 18.17072939872742 0 0 0 0 1.437539577484131 0 0.4907554090023041 0.2313524037599564 0 0 0 0 0 0 0 0 0 0 0 0 8.987522512674332 0 1.975653290748596 53.70154711604118 3.016935221850872 32.53538662940264 7.952261291444302 689.1153419390321 16.09136165678501 0.7208690494298935 6.996123000979424 6.199922859668732 0 1.764976769685745 0.2994433641433716 89.46925729513168 0 0 0.1532822251319885 1.145943373441696 0
373.8341993615031 3391.550966791809 4971.71377209574 4.503646746277809 1135.626734413207 26.10198646783829 41.21374233812094 661.5124721229076 799.9546421095729 13.12856151163578 0 32.66359689831734 942.1149794459343 3641.948390744627 59.55377511680126 133.8786605969071 4.785397298634052 1.131721898913383 0.4529424533247948 1.152427151799202 1.232580743730068 1.665467739105225 1.11699128895998 1.779201194643974 1.722519889473915 1.048304840922356 2.509044170379639 1.019763976335526 0.9333888962864876 0.2746241018176079 371.0096018612385 79.8685854151845 281.2961288690567 2.840540811419487 3.620294876396656 2.216384291648865 75.24239306896925 3.251127019524574 6.901734463870525 4.461248233914375 2.112571194767952 1.481855869293213 0.4537773877382278 19.42241967469454 0.4691645726561546 1.942220337688923 107.6639599874616 7.406340546905994 2.798004142940044 2.382915519177914 1.827903233468533 1.224118441343307 0.4219160526990891 2.533900834619999 11.99584306031466 18.49362024664879 19.88704906404018 67.67397391796112 17.07074421644211 12.31785346567631 3.774598740041256 10.713075555861 0.7846479564905167 73.30196799337864 4.605120658874512 5.732837334275246 4.205358639359474 0.8222339823842049 1.18214949965477 3.219677843153477 43.01715300232172 5.902679525315762 0 54.57871536165476 78.48916482925415 70.64675237238407 152.1111876964569 61.60238610953093 15.43987242877483 136.474288508296 7.214473836123943 86.99684958159924 17.37377251684666 1.088059321045876 11.74544788151979 12.34783016890287 10.83607202023268 0 2.384832598268986 0.4746594130992889 2.177501410245895 1.957165576517582 0.5552162528038025 0.3865147978067398 4.008756063878536 220.9384254813194 0.1658900827169418 0 2.010717861354351 50.0886398255825 0.4958513677120209 0.6409488916397095 5.752202361822128 2.145133957266808 4.534625202417374 6.474615380167961 8.444005608558655 30.01228141784668 9.97506982088089 10.15335682034492 6.554055333137512 79.74115739762783 26.61807778477669 54.98331144452095 51.8810463398695 0 0.300974577665329 0 0 0 0 0 0 0 0 0 0.3142939805984497 0.1292352080345154 0 0.4793497174978256 0 0.4535447955131531 0.559455394744873 0 4.207646459341049 0 0 0 0 16.84451526403427 0.4313692599534988 30.53156906366348 5.346461594104767 1.611477553844452 0 0 0.1024963036179543 0 0 0.6012161523103714 0 1.351430356502533 2.705840483307838 0 0 0 0.2560984492301941 0.4933079332113266 0 0.4739304184913635 0.4339988306164742 0 0 0 0.2082304060459137 0.7406470775604248 36.15753811597824 0 1.835821077227592 0 0 0 0.3717381209135056 0 0.1087753549218178 0.179288849234581 42.45777834951878 0.8150814771652222 0 0 0.4906088262796402 3.2209732234478 0.2647337317466736 0 1.422728180885315 1.880038857460022 1.046840071678162 0 0 0.5049712657928467 0 0 0 0.3009428381919861 0.1504724323749542 0.09904314577579498 0 16.03313684463501 0 7.958957642316818 555.3650164157152 93.42323219031096 605.7727623954415 278.4530463442206 276.988462947309 86.56768827885389 17.64608565717936 183.2288875579834 28.41474816948175 0.1666117012500763 13.55747726559639 0.3059277832508087 54.04162722826004 0 0.7068032473325729 0.4457439929246902 4.76361882686615 1.345069088041782
127.4672933220863 244.2859292328358 26.62653502821922 681.5304063409567 105.9728821367025 214.9053029716015 466.9404123425484 4.530021086335182 147.7407657802105 564.2314415276051 32.66359689831734 0 2411.886378668249 158.3867294490337 17.40326154977083 57.4546892568469 3.491837620735168 0 0.8609573245048523 0.4861655533313751 0 0.5821523368358612 0.2715189158916473 0 0 0.152205765247345 0.4216462373733521 0.2977187037467957 0.3364027664065361 0 20.29277367889881 4.620610930025578 69.06651623547077 0 0.2298322319984436 0.1558564901351929 97.29421862959862 0.1948084235191345 6.956552304327488 1.243446037173271 0.2355897203087807 0.4226215034723282 0.2035447061061859 6.957668587565422 0.4620168805122375 0 17.87190612405539 0.1277120113372803 0.6211475431919098 0.4101038128137589 0.657848596572876 0.8138415962457657 0.3406379073858261 1.598324999213219 1.116949513554573 1.110349223017693 3.065501652657986 3.00660502910614 0.637937530875206 1.480588048696518 3.13772813975811 17.85524789988995 0 3.427371054887772 0.425773411989212 0.7387129217386246 0.7308332026004791 0.3925641030073166 0.3886264860630035 0.4798937737941742 26.27512861788273 41.25278271734715 0 3.646287456154823 6.3310721591115 7.125543504953384 11.59024142473936 12.57091931253672 0.2185480296611786 26.45797280222178 8.407791063189507 20.65692011266947 2.710514403879642 0 1.262517683207989 1.162046566605568 1.592970579862595 0 0.2943069338798523 0 0.2940006330609322 0.4386479705572128 0.2012979537248611 0.1124811917543411 3.266056433320045 1324.179772779346 19.12180425226688 0.1595980226993561 1.88906529545784 56.74582999199629 0 2.633540630340576 4.774485677480698 1.161336541175842 0.7231929898262024 15.29920861124992 7.313940703868866 29.64177598059177 11.76636512577534 7.261604994535446 5.968727946281433 69.46545639634132 36.37204623222351 41.22257749736309 61.9274025708437 0 0 0 0 0 0 0 0 0.185795471072197 0 0 0.1494856178760529 0 0 0.4484269469976425 0.4507698714733124 0 0.5937816798686981 0 3.206091552972794 0 0 0 0 22.98020845651627 0.6767804175615311 42.58298392593861 7.892329484224319 3.01017302274704 0 0.2337510585784912 0 0.429929792881012 0.7909555435180664 0.125016525387764 0 2.697691679000854 2.291630402207375 0 0.1208009198307991 0 0.8115020096302032 0.4745889604091644 0.1626901030540466 0 0.3873095214366913 0.6131148338317871 0.5396586060523987 0 0 0.9255706816911697 48.85000838339329 0.6548010110855103 0.6649325788021088 0.2644414305686951 0.103879302740097 0 0 0 0 0 50.66014537215233 2.36909219622612 0 0 0 4.700770005583763 0.1613599807024002 0 1.763043656945229 0 0.8176800608634949 0.7650895714759827 0.1626120060682297 0.6074361652135849 0 0 0 0 0 0 0 25.77209901809692 4.879451990127563 6.800096571445465 213.0796195417643 27.67533984035254 123.7358967587352 57.95526005327702 157.4211546555161 10.72367269545794 2.988910168409348 59.71583336591721 7.521750926971436 0 8.705089718103409 0 25.9046188890934 0.4285939335823059 0.5394890904426575 1.554929852485657 2.395191624760628 0.4068482220172882
353.3164192289114 1653.149459764361 65.84287126362324 2001.783547073603 865.8431485369802 427.4389053732157 6294.362124316394 22.37082654982805 1143.766741350293 5928.22930906713 942.1149794459343 2411.886378668249 0 3021.978146195412 88.42393267154694 301.3177991136909 19.30746924877167 2.063643932342529 1.003819040954113 2.983649209141731 2.255442515015602 8.612257182598114 1.19792602956295 1.021086394786835 2.924368336796761 2.154057912528515 0.3507172092795372 4.409321822226048 2.245824612677097 1.052909709513187 45.24031054228544 43.06210883706808 614.3213339671493 1.733567431569099 1.845693618059158 0.667195200920105 171.5473468974233 8.068635575473309 126.4273393601179 40.0025490000844 2.813097223639488 1.734780631959438 0.6802988722920418 38.06583640724421 1.284403093159199 3.933156847953796 101.4511465281248 8.26488496363163 4.619224831461906 2.580793544650078 3.879427909851074 9.130713097751141 6.600993350148201 2.979551374912262 7.297723069787025 10.51346676051617 14.3770010471344 13.92320962995291 9.316512756049633 6.170145869255066 7.761463172733784 56.62347055971622 1.904564037919044 25.60935474187136 4.102253898978233 4.120557002723217 3.959377601742744 0.9705837219953537 1.287771105766296 3.284394770860672 76.62207223474979 151.241804882884 0.8254561051726341 20.50213357806206 30.52249296754599 37.93532150238752 97.63672234117985 90.18673646450043 1.953867353498936 211.1067994832993 38.5302396863699 70.13152331113815 7.585881724953651 0.9991044923663139 11.05369732528925 7.787780970335007 13.0319836139679 0.9270008429884911 2.903043903410435 2.348462909460068 1.997973911464214 3.46039417386055 1.579689547419548 0.3427872285246849 10.78174959868193 4613.939549639821 89.15867678821087 10.96351210772991 50.07889039814472 133.3024016022682 0.6961626410484314 5.053193107247353 9.143908441066742 6.06452664732933 6.573115080595016 62.16302683949471 27.7698450833559 90.58436577022076 49.76057478785515 35.89683520793915 22.17372970283031 265.0173879414797 141.7113992422819 139.1581970602274 169.5906227380037 0.5556089133024216 0.4574616551399231 0.1856029629707336 0 0 0 0.2479139417409897 0 0.4164429157972336 0.2873562276363373 0.7526944279670715 0.3804520815610886 0.1270417720079422 0.1496899276971817 1.244761221110821 0.3437486290931702 2.085964053869247 1.862961620092392 0.5174862146377563 5.753559976816177 1.049689024686813 0.7574655711650848 0.8880555778741837 0.4909683465957642 90.9311987310648 7.98305444419384 135.773499622941 28.52398674190044 6.404610261321068 0 0.255029022693634 0.8723526746034622 1.221138045191765 0.3906334042549133 1.706604570150375 0.6274515390396118 5.475493669509888 7.332433998584747 0 0.4313132166862488 0 2.750194266438484 1.621330916881561 0.1624952107667923 1.274805381894112 0.3468327522277832 1.515328198671341 1.537507057189941 0 0.4527442455291748 0.6783598959445953 158.3634891211987 0 3.149276986718178 1.043642088770866 0.1197308227419853 0.443508192896843 0.4950550943613052 0 0.2724934071302414 0.744168147444725 222.2462503761053 9.465935572981834 0.3184832036495209 0 0.1149851903319359 12.99802409112453 0.4574516117572784 1.136704236268997 2.336822479963303 7.936056852340698 2.670694246888161 0 0.2606169879436493 1.125093095004559 0 0 0 0.3316645175218582 0 0 0.158637747168541 107.3435252606869 8.800789341330528 42.19221919775009 839.591160684824 209.4509410485625 597.2678984105587 311.5371618196368 456.0649399906397 70.96004355698824 17.30143458396196 280.4051015600562 35.05105977505445 0.6192160025238991 38.88503029197454 1.525300443172455 120.7999685704708 3.928887277841568 0.3110218644142151 3.982707589864731 17.90612611919641 1.827770031988621
