0 3703.372263781726 623.9779959991574 1386.25607919693 286.0889088511467 285.2223027944565 661.6361410096288 93.93103642016649 71.02006295323372 1974.208972796798 457.1062665134668 240.5850150585175 539.7285262569785 236.3937183916569 10.46013378351927 4.636233069002628 0.1570937931537628 0.3646938800811768 0 0.1119787991046906 4.846144273877144 0 2.101418405771255 0.2939118593931198 4.913576245307922 0.3589138686656952 1.746374361217022 0 0 0.1408733874559402 303.5552140474319 21.80504456907511 9.881605044007301 0.2845983654260635 1.424632780253887 5.417532846331596 4.627117812633514 2.306928716599941 0.3867056593298912 1.359787501394749 3.046120651066303 0.1247914433479309 0.7493857070803642 2.981948897242546 0.7356846034526825 1.283183217048645 15.09036894142628 3.968893729150295 0.4238583445549011 1.076078779995441 1.662022456526756 1.083209529519081 0 0 3.519606724381447 3.818058326840401 504.1717357710004 1270.164660528302 70.09449138492346 3.412984594702721 0.6562091559171677 1.791335895657539 0.9967600554227829 2.823958531022072 3.782014764845371 1.739060178399086 1.813933022320271 0.3685561418533325 6.503282763063908 4.828611269593239 53.57867004722357 8.960571050643921 0.3171358704566956 155.711914435029 23.66066227853298 16.92492114007473 8.217788375914097 7.644279666244984 1.959266886115074 112.0227739810944 1.795564219355583 36.78242190927267 13.39285178482533 0 4.479224435985088 2.557628214359283 2.817820750176907 0 2.245742224156857 0.7913506478071213 1.263350456953049 0.4969902038574219 0.5320071429014206 0.2188145741820335 0.1042526662349701 949.3173509389162 193.2536827623844 0.9558074474334717 0 1119.021552503109 0 0 0 0 0 8.664103299379349 0 1.570679351687431 17.30308867990971 4.920868277549744 0 4.837529882788658 3.02925717830658 0.8086423575878143 1.073808193206787 0.3128478527069092 1.472224593162537 0 0 0 0 0 0 0 0 0 0 0 0 0 0 0 0 0 0.5311451554298401 0.7372506856918335 0 0 0 0 0 0 0 0 0 0 0 0 0 0 0 0 0 0 0 0 0 0 0 0 0.3263725638389587 0 0 0 0 0 0 0 0 0 0 0 0.1408673971891403 0 0 0 3.023580059409142 0 0 0 0 0 0 0 0.2215406745672226 0 1.318505644798279 0 0 0 0 0.1624040007591248 0 0 0 0 0 0.2865983545780182 1.991885036230087 0.8466861248016357 19.2557163387537 6.390169322490692 58.77176123857498 11.69933293759823 1477.140075027943 6.505072735249996 2.472584426403046 4.294125907123089 1.664717227220535 0 4.341985903680325 0 0.2220216989517212 0 0.1534762680530548 0.5504699945449829 0.4605109840631485 0
3703.372263781726 0 1323.20468660444 975.423761755228 3623.688390530646 593.2586261630058 2759.959344893694 330.3516002222896 1222.553810417652 246.6998232677579 2945.043465405703 40.46945133060217 1111.147403791547 2527.443997733295 100.6298628523946 31.81940078735352 1.424561068415642 2.551900461316109 0.3079276978969574 4.852358996868134 16.81025261431932 0 6.951936654746532 0.6532981768250465 19.91625379025936 2.370226643979549 9.03729222714901 0.380688488483429 0.9026080667972565 0 1103.308251664042 65.17683293670416 48.86193583905697 1.169225007295609 7.497042916715145 18.84846757352352 13.05014333128929 13.02205573022366 2.893851719796658 4.423383951187134 15.99915300309658 2.164752073585987 2.778234206140041 14.59815899282694 2.972043924033642 7.989426247775555 265.8326249718666 58.70494232326746 2.707188352942467 5.619541503489017 19.3035945519805 0.3148414790630341 0.1025537848472595 0.8585011437535286 29.23618795722723 37.47371443361044 285.9688284173608 1104.570765554905 124.4037429466844 65.59966577589512 11.33263952285051 9.47079786658287 6.373676396906376 15.48240491747856 40.55971267074347 21.11034715175629 19.83807258307934 3.714894890785217 21.20379938185215 18.31718970090151 25.30083073675632 1.525500476360321 0 564.9555349647999 400.5722871050239 324.1393008604646 75.967469856143 29.54092570394278 7.041604094207287 462.0051764324307 8.691470243036747 92.93197924643755 122.7571935653687 1.196354411542416 54.06858780235052 31.43366498500109 28.37300708889961 1.661401242017746 39.22103821486235 1.044653370976448 5.838526897132397 4.602280825376511 4.49685887247324 4.163298107683659 2.678630962967873 81.35187040269375 10.45410230755806 0.4242715537548065 1.046451061964035 807.8661644756794 0.626065731048584 0 0 0 2.74791693687439 119.679563164711 1.379628881812096 5.328423380851746 17.76555824279785 9.766135677695274 0 29.76386225223541 27.11187395453453 21.65908145904541 0.4267678260803223 2.332302004098892 1.871595799922943 0 0 0 0 0 0 0 0 0 0 0 0 0 0 0.1501946300268173 0.1434909254312515 0 3.035792231559753 7.309531569480896 0 0 0 0.2737739086151123 0 0 0 0 0.1545547544956207 0 0 0 0 0 0 0.9479813575744629 7.855193734169006 0.2438119426369667 0 0 0 0 0 0.1593637466430664 0.4224343597888947 0 1.317496597766876 0 0 0.853550910949707 0.8584789782762527 0 0.1544768363237381 0.5486727431416512 0.1286391019821167 0.2487581372261047 0.1060086265206337 0.08820214867591858 0.2034196406602859 0 34.1531994342804 0.4092951118946075 0 0.6206682473421097 0 0.5020834803581238 0 0.8892794847488403 3.470003068447113 1.417792677879333 2.579904645681381 1.669949889183044 0.7912400960922241 1.358674004673958 1.468890123069286 1.026923894882202 0.369193509221077 3.521454378962517 0.5308356732130051 0 0 14.24017129838467 6.927867203950882 1.86019629240036 326.1235497742891 92.46387874335051 898.5031133294106 135.7003468051553 804.9627013728023 67.4037674665451 23.41054210066795 73.16368433088064 12.9102496355772 1.892837643623352 11.73613435775042 3.179450429975986 0 0 0.2887050956487656 2.612671077251434 3.936264432966709 1.739476948976517
623.9779959991574 1323.20468660444 0 5.314915612339973 216.3028922900558 16.675377830863 46.64646537601948 1204.678090259433 382.7100176662207 2.836902603507042 3343.138201721013 12.40569221973419 255.5948479324579 702.1494745463133 70.6264962926507 33.75169733166695 16.20518611371517 29.85606873035431 5.880618497729301 55.68181416392326 46.1627055555582 0 18.10655199736357 1.275606028735638 25.23140782117844 2.6916818395257 11.12770860642195 1.024478703737259 1.112869709730148 1.107205010950565 4793.910027854145 1577.667451553047 28.3713975995779 12.76041448116302 20.78543076664209 31.77231433987617 18.83525968343019 16.99726143479347 15.63919448852539 12.0826074630022 17.69217354804277 3.204883880913258 52.81296416372061 66.8880977332592 43.57907079905272 144.3488087281585 199.4617252200842 65.18448729068041 13.90172280371189 149.4255244210362 17.81803243607283 1.037532486021519 0.4892337396740913 0.8829791098833084 26.10074622929096 27.15056055039167 260.1631299778819 1334.371237836778 99.06145029515028 50.68238916993141 190.1641401872039 17.74000940471888 16.92656776309013 31.3438548669219 33.14350671321154 15.73105357587337 16.4935702458024 7.148619189858437 141.833729788661 62.84375381469727 20.93871234357357 4.181554429233074 0 487.218802832067 498.2874813377857 254.4467653781176 70.60473593324423 51.49892476201057 77.7903146892786 709.3682058751583 188.3625840842724 704.1213896796107 85.38585698604584 1.179760187864304 42.55859157443047 29.57868547737598 109.8235972970724 0.3511165902018547 30.56046859920025 0.7043873369693756 9.920194528996944 3.255683563649654 13.85951602458954 5.491161808371544 4.870286293327808 11.12649013847113 14.64560195058584 0.172313004732132 3.98595967143774 225.7225611060858 0.1414765864610672 0 0 0 0.3000526428222656 0.544882595539093 0 0.5182725340127945 1.411250531673431 1.494757056236267 0 2.341629564762115 2.881520301103592 3.286618083715439 0 0.3777292668819427 0.2111595869064331 0 0 0 0 0.1298998594284058 0 0 0 0.3338045477867126 0 0 0 0 0 0 0.1646928787231445 0 0.2028407454490662 0.9190874695777893 0.586208164691925 0 0 1.61788809299469 0 0 0.7498329132795334 0 0 0.1153410077095032 0.1078449934720993 0 0.5376158952713013 0.2168831080198288 0.1198445707559586 0 2.113388374447823 0.2213957086205482 0 0 0 0 0 0.1664893478155136 0.4978892132639885 0.4218519628047943 0 0 0.2482986003160477 0.9099871516227722 0.1847874820232391 0.8338338136672974 0.3758649379014969 0.6085987687110901 0 0.2067907378077507 0.3399799838662148 0.4857440739870071 0 0.188340350985527 15.79915241897106 2.366145677864552 0 0.4897681102156639 0.2313706278800964 0 0.2533336877822876 0.636130653321743 0 0 0.4847718477249146 1.037675201892853 1.071953952312469 2.437379397451878 0.3279054015874863 0.9082959070801735 0.7591074779629707 4.408786490559578 1.072769783437252 0 0 2.31814680993557 4.479255437850952 6.312881052494049 93.28194625675678 71.41121543198824 492.4227068275213 71.53133903443813 116.3323981240392 32.24718371778727 14.31771148741245 18.49877633154392 5.610458746552467 0.8736410290002823 6.236601315438747 2.771150894463062 0 1.372913122177124 0.2848449647426605 1.178119167685509 3.897911377251148 0.1676793247461319
1386.25607919693 975.423761755228 5.314915612339973 0 57.16885834932327 534.8190318346024 942.1187931001186 1.361233487725258 14.56272107362747 1904.353270426393 1.508898541331291 215.1953076422215 834.571311622858 2.457539662718773 4.646219670772552 0 0 0 0 0.3276838809251785 0 0 0 0 0 0 0 0 0 0 24.09438475966454 0.5522523820400238 0 0 0 0 2.119125366210938 0 0 0 0 0 0 0 0 0 55.46517796814442 13.4159102961421 0.360759437084198 0 3.256029143929482 0 0 0 8.947036378085613 9.067272208631039 96.37149310112 210.3430949300528 40.22078536450863 8.265328079462051 0 0 0 0 12.69768577069044 3.322582364082336 3.463035687804222 0.6440422385931015 0.2762234210968018 0 2.567261502146721 0 0 157.8187537118793 67.95225158333778 39.08140470087528 2.879780516028404 0 0 0 0 0.3892329335212708 31.91649027168751 0.6289761438965797 12.08927431702614 7.823980920016766 2.931675501167774 0 6.551280453801155 0.5722621083259583 2.141015343368053 0.8914813250303268 0 0.5899201035499573 0.5981191992759705 81.76588375866413 0 0 0.2249212265014648 112.030258923769 0 0 0 0 0 4.204550504684448 0 0 72.20820564031601 4.046021699905396 0 3.233454182744026 0.5845286846160889 2.652701452374458 0 0 0 0 0 0 0 0 0 0 0 0 0 0 0 0 0 0 0 0 0 0.7669578790664673 0 0 0 0 0 0 0.2733204066753387 0 0 0 0 0 0 0 0 0 0 0.2765167355537415 0 0 0 0 0 0.441007524728775 0.2645121216773987 0.5779897570610046 0 0 0 0 0 0 0.2285760641098022 0.2563754320144653 0 0 0 0 0.1532302647829056 0 0.2199454009532928 0 0 0.2162978500127792 0 0 0 0 0 0 0 0 0 1.267299838364124 0 0 0 0.6666904985904694 0.5210420191287994 0 0 5.548764109611511 0.7623196244239807 0.6806372404098511 35.30064790695906 17.30189849436283 191.0266336873174 25.19449120759964 302.5165165513754 13.68785460293293 4.911241307854652 5.897958636283875 0.9429763853549957 0 0.6089242696762085 0 0 0 0 0 0 0
286.0889088511467 3623.688390530646 216.3028922900558 57.16885834932327 0 49.57070469856262 4151.174917116761 15.93997003883123 4724.048799075186 519.8840720057487 763.2601115778089 24.54436527937651 711.5316385626793 1314.326999627054 152.792000323534 11.96223706007004 0 0.9676276445388794 0.1511615216732025 1.915482856333256 2.412313506007195 0 0.7551526129245758 0.1399502009153366 0.1503559499979019 0.1352739036083221 0.269706055521965 0.613439068198204 0.2822274565696716 0.2888142764568329 88.34533830732107 56.6982456445694 2.213239572942257 0.5320475473999977 0.9937176704406738 0 0.8164540231227875 1.111866794526577 1.146507143974304 0.2772179469466209 1.042576380074024 0.51400475949049 1.415455415844917 3.451622940599918 0.8120142668485641 1.414146319031715 315.3619372472167 29.44189851731062 1.902129791676998 2.359190545976162 13.67127166688442 0.9478229135274887 0.2363369017839432 0.808550737798214 8.560688607394695 15.24771481752396 59.34624414145947 108.1773669049144 66.45694845914841 103.1741342544556 6.378157332539558 0.2833699807524681 0.6700021773576736 28.28244751691818 17.60530517250299 9.217721834778786 10.02602151036263 2.349860787391663 7.710243061184883 3.166910253465176 17.86560649424791 0 0 313.7914481461048 478.42456484586 578.7970654517412 182.2250154092908 8.835649184882641 0.8759792223572731 16.66839390993118 3.237679496407509 24.44867593050003 49.66474674642086 0.783361904323101 35.74726265668869 16.31891440600157 19.0863975957036 0.3625503182411194 21.63720919191837 0.6128816157579422 5.923827923834324 2.736146323382854 1.812138140201569 3.372586026787758 2.3334049731493 135.1942174136639 12.17226802557707 0 0.4618919491767883 17.94399408996105 0 0 1.940741628408432 0.5179821699857712 2.653024941682816 55.82547768950462 3.704155892133713 13.0591688901186 14.18148858845234 26.28420346975327 0.5372267365455627 42.77986043691635 51.19279032945633 48.91825516521931 0.7535636126995087 2.316034540534019 1.902236834168434 0 0 0 0 0 0 0 0 0.134723499417305 0 0 0 0 0 0 0 0 2.346028745174408 25.29155917465687 0 0 0 2.219870328903198 0 0 0 0 0 0 0 0 0 0 0 1.372185111045837 13.16189344227314 0.7493828013539314 0 0.1653753817081451 0 0 0 0 0.1892598420381546 0.3473765850067139 0.1748866885900497 0 0.8288335204124451 0.3584101796150208 3.51489882171154 0.7222427129745483 1.035052508115768 0.9705412238836288 0.1324258595705032 0.3822806179523468 0 0.1274086385965347 0.106363020837307 0.1906737089157104 49.02779733389616 1.598526835441589 0 0.1312023103237152 0.3631174638867378 0 0 2.885988235473633 6.672059997916222 2.267912164330482 4.186820983886719 1.336660027503967 0.1490598022937775 1.886597618460655 0.3768311738967896 0.4005390256643295 0.1238097697496414 2.194966942071915 0.7842805534601212 0.1343744099140167 0 34.92649754881859 9.578256338834763 1.173402726650238 600.9669788405299 65.93967240303755 909.692145600915 190.4950291216373 131.4138015285134 99.72922018915415 17.29315490275621 124.9603734984994 34.62725398689508 1.891938909888268 24.21958485245705 1.956194445490837 0.9763821959495544 1.613768875598907 0.1663675308227539 1.881982535123825 9.657189577817917 2.358403772115707
285.2223027944565 593.2586261630058 16.675377830863 534.8190318346024 49.57070469856262 0 635.1908928155899 4.019126668572426 42.20706726610661 1432.739098742604 15.58774137496948 496.4085159599781 531.57125864923 21.5850525200367 2.041650503873825 0.6639425009489059 0 0 0 0.1501181572675705 0 18.53014123439789 0.5018213242292404 0 0.154639407992363 0 0 0 0 0 4.088626354932785 0.8626301437616348 2.228940546512604 0 0 0.4741110503673553 1.085259616374969 0.1417920142412186 0.1204124689102173 0 0 0.1595103442668915 0 0.5817668735980988 0 0 1.072801500558853 0.2053771615028381 0 0 0 30.54983626306057 2.5898257791996 0 0 1.852189660072327 273.9607038348913 60.51309762895107 4.940741539001465 0.1395916789770126 0.3403565883636475 1.575881332159042 0 0 0 0 0 0.1789049506187439 0.5122295618057251 0.9280889704823494 175.9253863543272 280.5236800462008 26.49723179638386 1.401438049972057 0.6083560660481453 1.559511996805668 1.366576120257378 0.8179534375667572 0.4183279126882553 8.247967720031738 1.014058783650398 2.439273923635483 0.11442881077528 6.985223367810249 0.1546508222818375 0 0.4260348975658417 43.307293176651 2.794068470597267 78.35664118826389 0 0 0 0.1129930689930916 0 973.4631546586752 413.1631611734629 38.6658638715744 2.032525837421417 275.8571568131447 0 0 0 0 0.801049530506134 5.502038314938545 2.240574836730957 0.2548713684082031 19.38332135975361 1.363684415817261 0 1.901740774512291 7.768141940236092 1.45615565776825 0 0 0 0 0 0 0 0 0 0 0 0 0 0 0 0 0 0 0 0 0.7789317071437836 0.5923808217048645 0 0 0 0 0 0 0 0 0 0 0 0 0 0 0 0 0.9255683571100235 0 0 0 0 0 0 0 0 0 0 0 0 0 0 0 0 0 0 0 0 0 0 0 6.073968142271042 0 0 0 0 0 0 0.2033792585134506 0 0 0.1241166815161705 0 0 0.8406764268875122 0 0 0 0 0 0 0 3.984692677855492 0.3249519467353821 0 3.860564351081848 1.087146654725075 4.045076251029968 1.20472114533186 97.26977470517159 0.4280224144458771 3.421213567256927 0.3287922441959381 0.4723041877150536 0 0 0 4.570367336273193 0 0 0 0.4626331627368927 0
661.6361410096288 2759.959344893694 46.64646537601948 942.1187931001186 4151.174917116761 635.1908928155899 0 14.02533085644245 4283.0394166857 3283.455444678664 49.69591537117958 87.43001402914524 4283.272043228149 795.7054170072079 142.9078731536865 20.00266801565886 0 2.075229845941067 0 2.95973713696003 6.835484229028225 0 1.716548815369606 0.8966043964028358 3.642279714345932 0.8500494211912155 3.096567362546921 0 1.007204972207546 0.1959876120090485 74.16357523947954 49.96455000340939 1.20702537894249 1.260954171419144 1.362113676965237 3.757075421512127 1.917548149824142 1.948967061936855 0.9638881534337997 1.984530597925186 4.618454821407795 1.352458998560905 1.490395456552505 8.05064744502306 1.621991641819477 3.704958826303482 341.1237435340881 41.44250172376633 1.999913699924946 3.886591248214245 11.72334239631891 0.4798401296138763 0.1443206965923309 0.7739629074931145 17.63190554827452 21.36540973186493 96.93093594163656 188.2017547190189 82.65261806547642 87.95440489798784 6.493346840143204 1.249476760625839 2.163912162184715 20.80166152119637 25.05734997242689 9.222244150936604 12.27270101010799 2.076674468815327 10.76193820685148 7.751278810203075 45.79749099165201 6.799621790647507 0 347.3328370898962 427.3832202851772 482.3638448268175 133.3195461928844 21.12671019136906 1.085371896624565 28.32108188420534 4.228221826255322 48.61178667843342 69.54115796089172 1.733105815947056 30.48529952019453 21.98567447066307 19.57230687886477 0.4063672721385956 22.79619319736958 1.17410571873188 5.133466139435768 3.422329515218735 1.983422450721264 3.811880119144917 2.465900905430317 984.3074694126844 13.41899328678846 0 1.095468565821648 120.8636677414179 1.740292340517044 4.377935335040092 11.0334090590477 6.447563409805298 5.718989476561546 235.1742715090513 27.35669112205505 48.97429612278938 85.50593492388725 92.9992314428091 1.069264888763428 253.4441471844912 201.1526312232018 182.4089661538601 6.199011027812958 4.821768134832382 7.794961348176003 0 0 0 0 0 0 0 0 0 0 0 0 0 0 0 0 0 19.50995749235153 67.88596759736538 0 0 0 4.724684149026871 0 0.1707578152418137 0.7443963289260864 0 0 0 0 0 0 1.070626690983772 0 2.885106414556503 27.01071500778198 0.2346969097852707 0 0 0 0 0.1125027239322662 0 0.1564397662878036 5.182441622018814 2.755420595407486 0 1.029033645987511 0.2565511167049408 7.066537365317345 1.894831255078316 2.935351967811584 0 0 0.4029630571603775 0 0 0 0 143.2351392060518 0.4991267919540405 0 0.1351738721132278 0.1221639364957809 6.331071317195892 1.60678493976593 3.262491405010223 7.071633219718933 3.983350872993469 23.81843759119511 5.935736268758774 5.367794290184975 0.7476459667086601 0.5628384053707123 0 0.3661980628967285 2.512820854783058 0.6607948690652847 0.1985113322734833 0 125.1310997754335 28.88550022244453 13.10536460578442 491.6336850896478 80.6596487313509 841.7290931865573 168.5223970636725 235.680647328496 85.03550782799721 19.12291390448809 112.6656539365649 49.58877921849489 4.529500380158424 75.40512358397245 0.4388785064220428 12.00395429134369 7.591241434216499 0.267211988568306 11.63860608637333 9.538622334599495 3.5336072742939
93.93103642016649 330.3516002222896 1204.678090259433 1.361233487725258 15.93997003883123 4.019126668572426 14.02533085644245 0 324.658349134028 0.1864766627550125 3567.635704554617 8.261267155408859 175.7280759587884 738.6088289767504 108.7523248121142 87.25070618838072 24.86486206948757 133.6634014099836 16.80288429558277 268.0065213441849 223.280679486692 0.5562775507569313 56.47584426403046 5.432544186711311 47.77171691507101 5.944331765174866 18.78423888236284 2.752160668373108 4.223957695066929 0.9112069457769394 544.0953307077289 2164.67467533797 47.81255675107241 70.47249490022659 45.78711688518524 65.72156607359648 31.70499357581139 38.88312281668186 24.43083690851927 22.56388925760984 44.56129594892263 9.596079260110855 204.0315169021487 109.1538948863745 122.6984117999673 519.5735180005431 145.664697945118 41.92920163273811 30.44161815941334 474.9919066280127 13.70009072870016 1.097404040396214 2.313475355505943 4.002418227493763 4.774108491837978 6.810297742486 56.54957722872496 482.4621695131063 37.0266412422061 39.53988996148109 949.1223951205611 39.45171339809895 75.09953095763922 578.3030798435211 8.512995027005672 3.79461145401001 5.876547940075397 7.405118763446808 550.8475185930729 267.9778770953417 29.54817876964808 4.303994327783585 0.2596404850482941 204.5736755058169 505.4332737028599 269.1074978411198 363.4755053222179 460.560674354434 1584.985152550042 1909.021887116134 1262.950300864875 4859.457730382681 27.59411001950502 0.192411296069622 15.88979533314705 7.674581430852413 251.2718954831362 0.1971217468380928 11.06513997912407 0.5697158426046371 3.79235976934433 1.900721594691277 52.85374218970537 7.65882870554924 5.819366447627544 8.634627372026443 13.86528273671865 0 5.108649514615536 20.56985324621201 0 1.266162157058716 0 0 0 7.629514098167419 1.681378126144409 0 1.352720856666565 0 0 2.673985287547112 4.780866235494614 6.647540748119354 0 0.2466297000646591 1.063308477401733 0.1475828438997269 0 0.1400772333145142 0 0.1339420229196548 0 0 0 0.3780716955661774 0 0 0 0 0.3312873095273972 0 0 0 0 0.6832446455955505 0 0 0 0.6731734871864319 0 0.3117773532867432 0.6170551925897598 0 0.1308511793613434 0 0.4434906169772148 0 0 0.1242099925875664 0.4887441992759705 0 3.355234652757645 0.1053736805915833 0.5818018466234207 0.2130677700042725 0 0.7622762247920036 0 0 0.3382393568754196 3.557422548532486 0 0 0 0.1651861071586609 1.482612013816833 1.829334139823914 0 0 0.1530677527189255 0.2880249172449112 0.1027954444289207 0.1224070712924004 0 0.5494182929396629 13.55877095460892 2.897242799401283 0 0.1250956356525421 0 0 1.127349495887756 0.1255012303590775 2.832036048173904 0 1.398808531463146 0 1.342424958944321 0.5112246498465538 0.0926019474864006 0.3259394764900208 0.1149769052863121 1.140943095088005 0.8424262553453445 0 0 4.516011118888855 15.04190604388714 3.553210474550724 117.9400046169758 29.76845555752516 303.7042791247368 62.35323300212622 27.17251784354448 23.24663399904966 5.441827215254307 36.98452151566744 8.979928635060787 2.549380205571651 3.918846815824509 0.377180702984333 4.841088563203812 0 0.1180847063660622 2.200675293803215 4.956095866858959 0.5792803168296814
71.02006295323372 1222.553810417652 382.7100176662207 14.56272107362747 4724.048799075186 42.20706726610661 4283.0394166857 324.658349134028 0 160.4341017603874 3327.848085150123 18.19520841538906 1148.121012151241 1796.107889153063 163.5366914570332 30.72338307648897 1.041387028992176 2.618601068854332 0.2766432762145996 7.663639776408672 11.19835564494133 0 3.622285649180412 0.3846523836255074 5.715311616659164 0.3912603557109833 1.36368902027607 0.1224308833479881 1.000900477170944 0.1430451571941376 66.13392458111048 95.26298689842224 10.68556227535009 2.524431377649307 3.573081612586975 3.623279556632042 2.94108559191227 3.547642566263676 1.022314392030239 1.609382025897503 5.9133540391922 0.9871161878108978 2.826591655611992 10.85125698894262 2.887935422360897 8.736047975718975 206.5965006425977 12.7294150814414 0.7814051583409309 10.80606684088707 4.723422452807426 0 0.1205721199512482 0.1443044692277908 2.665252402424812 6.449279047548771 28.8565221875906 40.26456893980503 43.09325252473354 59.96613576263189 12.34836660325527 1.440642766654491 3.741640225052834 32.7799666672945 9.303157679736614 4.824070014059544 4.69120130687952 2.058815248310566 25.63257028907537 14.89990616589785 34.55492325127125 0.5631371140480042 0 157.0166505798697 239.7726481631398 429.0941808596253 185.2901693210006 22.64498850703239 5.426026061177254 296.0072132498026 7.222694575786591 112.2200906276703 21.50252610445023 0.4735665395855904 11.33037902414799 5.648639395833015 16.77727827429771 0.1074111834168434 9.436420448124409 0 2.471899703145027 1.315039061009884 2.030977815389633 1.29421404749155 1.791286170482635 212.4039706364274 20.41194120049477 0 1.422449350357056 15.32029350101948 0 1.124372184276581 0.6888706386089325 0.5311636328697205 6.436687231063843 94.20816747844219 9.773072317242622 27.24713990092278 41.57623486220837 34.2984553873539 0 123.8579511195421 108.7032494097948 73.31495578587055 3.987951993942261 1.551496520638466 5.223504349589348 0 0 0 0 0 0 0 0 0 0 0 0 0 0 0 0.1898067146539688 0 11.42103955149651 65.52445673942566 0 0 0 6.262082383036613 0 1.77592009305954 0.1972717940807343 0 0 0 0 0 0 0.3342402577400208 0 1.151115924119949 32.4755675047636 0 0 0 0 0 0 1.415665373206139 0 0.9012968838214874 2.596319392323494 0 0.6043793559074402 1.372742593288422 4.765684381127357 1.586435094475746 2.949138134717941 0.3795466125011444 0 0 0 0 0 0.7832887172698975 95.20038171112537 0.7766906172037125 0.1349116563796997 0.3790527954697609 0.7083632200956345 2.176503479480743 0.3534403741359711 2.3427454829216 5.81053814291954 2.444986864924431 12.32866106927395 2.023598343133926 1.224677830934525 0.8394527584314346 0 0 0.3860782608389854 1.159004934132099 0.4327195957303047 0 0 51.98726335167885 12.65455438196659 7.274915024638176 433.5381725281477 37.36099098622799 517.8465178534389 136.2383104339242 91.00222895294428 62.68767631053925 8.518369540572166 101.5318654179573 37.35043431818485 3.971820496022701 55.77519603818655 3.342611573636532 0.1380401402711868 2.624258309602737 0.2277151942253113 6.733876451849937 7.743340276181698 2.349349096417427
1974.208972796798 246.6998232677579 2.836902603507042 1904.353270426393 519.8840720057487 1432.739098742604 3283.455444678664 0.1864766627550125 160.4341017603874 0 1.319643884897232 1758.346858516335 6036.977377355099 80.25260155647993 8.191040731966496 2.793011240661144 0 0.3326084762811661 0 0.1685556322336197 0.7187820747494698 0 1.272375479340553 0 0.6602672636508942 0 0.4702651351690292 0 0 0 16.05647754669189 5.039270825684071 3.439116775989532 0.1579306870698929 0 0.1392585784196854 0.6507698893547058 0.7737912610173225 0.2086590081453323 0.1743546575307846 1.685615368187428 0 0 1.272895768284798 0.5570919811725616 0.1607134342193604 29.44805669039488 7.034274727106094 0 0.5955072864890099 2.445230945944786 0.1615366339683533 0 0.1286168396472931 7.541745960712433 5.845657743513584 96.56157421320677 225.3777292147279 28.99780700355768 4.878863170742989 1.413856506347656 0.3374640345573425 0.6417092382907867 1.31105413287878 7.461480721831322 3.706228390336037 2.230086050927639 0.1448851525783539 1.748974174261093 1.944760888814926 130.6118233725429 2.818986147642136 0 110.3967079147696 33.65368586033583 25.17566896229982 5.119088560342789 3.900331608951092 0.3814510405063629 0.9801281988620758 0.3053154647350311 6.502716735005379 17.77697633951902 0.1104928627610207 7.285109668970108 5.872510984539986 2.865536153316498 0.1282784193754196 5.105829738080502 0 0.7585560008883476 0.3326053619384766 0.1265772432088852 0.3930889517068863 0.1501869857311249 1365.410027250648 117.3506893664598 0 0 366.4257861673832 1.871581852436066 0 2.376613214612007 3.505154669284821 2.121892854571342 107.5523088127375 13.07651039958 24.48387487232685 241.2265301048756 38.28653174638748 1.606291055679321 102.971687272191 70.73051670193672 51.4747705757618 1.136867538094521 0.3880741596221924 3.464548885822296 0 0 0 0 0 0 0 0 0 0 0 0 0 0 0 0 0 2.789742946624756 19.66689993441105 0 0 0 0.4309288263320923 0 0.1739688664674759 0 0 0 0 0.3843729197978973 0 0.3414029777050018 0 0 0 7.78568460047245 0.1384028196334839 0 0 0 0 0 0.4618437588214874 0 0 2.409794434905052 0 0 0 0 0.1595767587423325 0.4885055124759674 0 0 0.1073429062962532 0 0.1448918879032135 0 0.7162671089172363 34.80813094973564 1.087030231952667 0 0 0 0 0 2.397706210613251 0.9348240196704865 1.175934731960297 3.907404258847237 1.699680879712105 0.5608468577265739 1.384084343910217 0 0 0 0.2681290805339813 0 0 0 47.81863239407539 9.496196314692497 1.443062365055084 45.13975143432617 12.65592741966248 108.6627431884408 15.06334473192692 445.8372022211552 6.487463839352131 1.574816957116127 7.959020510315895 12.51307547092438 0.5402354598045349 17.9153615757823 0.7395703792572021 1.801199108362198 2.616984367370605 0.155754029750824 5.771697163581848 1.188088223338127 0
457.1062665134668 2945.043465405703 3343.138201721013 1.508898541331291 763.2601115778089 15.58774137496948 49.69591537117958 3567.635704554617 3327.848085150123 1.319643884897232 0 24.27625897526741 917.4821773767471 5171.394717983902 81.174599789083 38.95692808181047 1.862567484378815 7.225704714655876 0.5799946784973145 39.61668656766415 81.02992489933968 0 34.07036204636097 1.974434852600098 46.3124670535326 7.535538583993912 18.80501674115658 0.7158025056123734 1.15781182050705 1.164437904953957 628.8611135929823 333.2673587799072 101.5931119546294 17.27762147784233 30.20566107332706 75.39390948414803 35.08952500671148 27.85334579646587 3.810226812958717 10.28935281187296 37.35581006854773 3.708171598613262 14.89117061346769 42.85494901239872 9.960233964025974 32.85573595017195 125.3275431245565 18.78296076506376 2.545999184250832 33.65406361222267 8.077157318592072 0.1409899145364761 0.502740167081356 0.3846834525465965 4.04222846776247 8.219756059348583 30.74623695760965 123.3907783702016 30.01523218303919 39.6078217625618 86.90795127302408 51.5335101634264 37.25394752621651 38.40717425197363 9.291716337203979 4.166546814143658 7.129551000893116 4.767324708402157 115.0300665646791 70.7504660859704 16.71267092227936 0.6639472991228104 0 135.1736446470022 248.5935506671667 263.5643368735909 116.3257343098521 50.42486060410738 607.2536189705133 2382.032746933401 48.87893415242434 2241.923567190766 24.87417831271887 0.5245514959096909 14.07972451299429 7.2801858112216 35.62644051015377 0.2767925038933754 9.093142852187157 0.3934028148651123 3.055353119969368 1.28143423050642 20.06513649970293 4.180627144873142 2.574153915047646 5.417337529361248 9.106598116457462 0 0.6537741124629974 29.68060195446014 0 0 0 0 0 1.022056102752686 0 1.058915317058563 0 1.203257828950882 0 3.053474068641663 2.881211817264557 0 1.439146220684052 0 0 0 0 0 0 0 0.1466635912656784 0 0 0.1218717098236084 0 0 0 0 0 0 0 0 0 2.386372566223145 0 0 0 0 0 0 0.2152479588985443 0 0 0 0 0 0 0 0 0 1.021504759788513 0.2267865613102913 0 0 0 0 0 0 0.676089733839035 0 0.3122032284736633 0 0.2834839224815369 0 0 0 0.7287850379943848 0 0 0.2178745120763779 0.1302627623081207 0 0.1676357835531235 0.1364020109176636 7.413116842508316 0 0 0 0.210433691740036 0 0 0 0.2094007432460785 0 0.4527686536312103 0 1.375191688537598 1.177862383425236 0 0.1216777637600899 0.1397995948791504 1.153565928339958 0.1189370974898338 0 0 1.701283782720566 1.659257650375366 0.1547498553991318 126.82191965729 28.39518611878157 320.4457683041692 58.68813809007406 49.76255774497986 22.15820832550526 5.2623485699296 35.56526200473309 5.099732130765915 1.049608513712883 4.372958816587925 1.133616611361504 0.628024160861969 0 0 0.7711268067359924 4.101304829120636 0.4576455652713776
240.5850150585175 40.46945133060217 12.40569221973419 215.1953076422215 24.54436527937651 496.4085159599781 87.43001402914524 8.261267155408859 18.19520841538906 1758.346858516335 24.27625897526741 0 1269.249303750694 31.11303640156984 66.05909720808268 39.65467592328787 0.3058894202113152 1.340488195419312 0 1.656463630497456 5.074078693985939 0.1353472918272018 1.786479353904724 0.1760701835155487 6.782168529927731 0.421716682612896 2.870910204946995 0.2080472558736801 0.1331048607826233 0 15.00052686780691 21.4818307235837 40.70972490310669 0.7421941161155701 2.894608221948147 5.285255163908005 7.39191335439682 5.346628703176975 2.01591370254755 5.193976432085037 6.953431762754917 0.9464008286595345 0.4175841808319092 10.8819664567709 1.762402445077896 3.889165922999382 51.6023785918951 1.99001744389534 0.5241272002458572 2.316874980926514 1.081121347844601 0 0 0 0.08210133016109467 1.018239438533783 21.70783572643995 11.71409769356251 10.7128317579627 7.018522024154663 5.379630729556084 7.616002209484577 1.505595870316029 8.700944326817989 0.3789238259196281 1.218856781721115 0.3581522479653358 0.3678914085030556 7.235381163656712 6.539374940097332 67.99235155433416 8.671711638569832 0 28.67022619396448 31.27164952456951 74.32006569206715 34.54715733975172 32.41699988394976 2.118693001568317 25.89948202669621 5.456273481249809 12.6984381377697 4.432029135525227 0 2.646849371492863 1.280996300280094 2.559428364038467 0.1188777312636375 1.391229994595051 0.3545016720890999 0.09597112238407135 0.3367962241172791 2.420125551521778 0.6911107748746872 0.9172694012522697 1646.218783766031 189.8716823160648 0 0.545507125556469 91.64833222329617 0.5125595927238464 1.263843908905983 4.497244715690613 0.4789573401212692 16.25800627470016 155.5771909356117 9.972001791000366 44.69231854379177 51.87052144110203 66.62688417732716 1.31269159913063 218.3785968273878 175.9864709824324 124.1001198887825 5.576069712638855 2.706936568021774 4.052320577204227 0 0.1833430379629135 0.6719058156013489 0 0.2270567715167999 0 0 0 0 0 0 0 0 0 0 0 0 14.59845340251923 64.27892142534256 0 0 0 3.007481873035431 0.2216751873493195 0.1828446388244629 0 0.3578060865402222 0 0.5183488726615906 0.1144506335258484 0.1577890962362289 0 0 0.1655921638011932 6.311550229787827 21.08729706704617 1.085347265005112 0 0 0 0 0 1.124078631401062 2.410995364189148 4.338738650083542 6.362829506397247 0 0 0.6546241939067841 9.667337134480476 0.7861920297145844 1.313117533922195 0.4924203753471375 0.3570519089698792 0 0 0.6228128671646118 0 0.6031299829483032 136.7562099993229 1.49318540096283 0 0.3664831221103668 0.1740865707397461 4.904792949557304 0 3.738089561462402 8.335306853055954 5.420839086174965 15.11791321635246 3.033360362052917 7.47336046397686 0.657367467880249 0 0 0 1.102274104952812 0 0 0.1273067146539688 103.6528825908899 19.83634525537491 5.731911242008209 160.7534265741706 11.78191924840212 127.6419387683272 35.44951865077019 81.8534674718976 17.16977036744356 2.225761316716671 39.07012110203505 21.11569714546204 2.46814900636673 56.90276048332453 2.408445030450821 5.82106052339077 4.993448123335838 0 13.48917612433434 4.011103771626949 0.2091934978961945
539.7285262569785 1111.147403791547 255.5948479324579 834.571311622858 711.5316385626793 531.57125864923 4283.272043228149 175.7280759587884 1148.121012151241 6036.977377355099 917.4821773767471 1269.249303750694 0 2015.656382612884 523.5301759019494 330.1648927181959 8.323689118027687 13.57413955032825 3.164262130856514 28.43274249136448 89.21450813859701 0.3448978960514069 33.25947959721088 3.501753747463226 153.0824026539922 22.89213059842587 67.57419324666262 4.289058156311512 7.860676862299442 4.412640824913979 156.8178085759282 179.9309289008379 1894.728736244142 16.20528981089592 41.98245677351952 139.477737903595 797.1768782958388 175.7174449563026 61.49029768258333 72.4936653599143 118.2946150302887 14.68558046221733 15.1503551453352 150.1783366203308 26.3911464214325 66.87011946737766 367.4250338003039 19.23428469151258 2.589783400297165 31.12975141406059 11.42149636894464 0.6254175528883934 5.584446862339973 1.430111072957516 3.656736485660076 9.108039483428001 57.73800358176231 98.1506584584713 65.27138483524323 63.79725398868322 86.52579869329929 207.5644853785634 38.62323521077633 76.33534963428974 10.52460335940123 6.288961812853813 6.637707717716694 7.86637020111084 134.6762941479683 108.6189925819635 408.5411967337132 27.97097131609917 0 192.0721559002995 218.0516003966331 610.0977697819471 335.2285087406635 283.0815784558654 12.0418392047286 604.8326060399413 58.59689976274967 305.2149823755026 22.89577865600586 0.2379589229822159 17.33468446135521 8.881195276975632 38.93155519664288 1.008037537336349 11.28537568449974 0.8192820399999619 4.692390590906143 2.690929718315601 36.94025024026632 9.568962045013905 7.037030167877674 3213.26439846307 250.6009545624256 2.27119068801403 12.07413119822741 133.2343346476555 3.049708306789398 4.944818735122681 6.275760561227798 17.69459982216358 28.40126733481884 395.6482206881046 28.16558347642422 116.7915178239346 179.0737347751856 143.7467816770077 1.450038731098175 503.3935844451189 386.655902326107 294.1491837650537 14.44839388132095 8.627722725272179 12.29002460092306 1.035669922828674 0.291260302066803 0.2298280298709869 1.17761504650116 0 0 0 0.253174215555191 0.1527140438556671 0 0 0.2067418843507767 0 0.1109707951545715 0 0.2594425976276398 0 19.28218707442284 181.6847340911627 0 0 0 13.87189874053001 0.7016647458076477 1.930054813623428 0.8545045852661133 0 1.152496859431267 0.9105732440948486 0 0 1.017929047346115 0.6677167117595673 0 8.100894287228584 63.76245927810669 0 1.2944455742836 0 0 0 0.8716459274291992 1.421604722738266 0.21091128885746 11.38435868918896 6.899691484868526 0 2.777248665690422 1.517918214201927 15.74089871346951 4.293944418430328 2.183241695165634 2.395834341645241 1.404296860098839 0 0.2243672460317612 0.1483170837163925 0 1.042724609375 376.1710436269641 7.786143988370895 0 0.2441864460706711 0.2857035994529724 11.06931093335152 4.652860671281815 8.578162878751755 23.5210148692131 21.02497876435518 43.1770546361804 8.927421808242798 10.28203609585762 2.966992549598217 0.2098067849874496 0 0.2296955659985542 0.4605030938982964 0.7022365555167198 0.3876851350069046 0 285.0297686085105 84.03393204510212 22.30285449326038 827.1795314252377 106.5340094268322 808.5788555368781 247.4357365518808 259.5088523253798 106.6765188276768 18.43712028115988 203.037847802043 86.36652921885252 8.531910702586174 149.4846874773502 10.41801370680332 14.76778692007065 28.85135142505169 0.5517595112323761 23.2184883505106 27.81815876811743 6.054109409451485
