0 4339.266324229538 578.5958928391337 3177.718853101134 362.292894423008 416.2476096600294 1062.610783457756 59.20647630095482 162.5649916082621 2832.071913838387 1101.320802524686 398.0861353874207 518.580573245883 122.7939972579479 0.6901260986924171 0.1308902949094772 0.120671920478344 0 0 0 0.1236216947436333 0.3729670941829681 0.1703783273696899 0.1330663114786148 0.4700098186731339 0 0 0 0 0 245.7180243134499 1.227535612881184 7.004173025488853 0 0 0.1405438780784607 11.9450116455555 0.3128008395433426 0.3150420039892197 0 0 0 0 0 0 0 6.947382375597954 2.439063362777233 0 0.11589664965868 0.3932060301303864 1.408318839967251 0.3748540878295898 0 19.38002510368824 24.8993036672473 274.7552451342344 1361.180379390717 84.44031409919262 61.30666271597147 0.2755987644195557 0.741869792342186 0.2664259076118469 5.786618493497372 11.90331488847733 1.865209825336933 3.902096047997475 0.9751463383436203 0.109385646879673 0.4882686659693718 22.31127096712589 8.881818369030952 0.9498553723096848 246.1761334389448 2.36978829652071 2.839145064353943 0.8104101270437241 0.8336817622184753 0 27.90866090357304 0 2.158366367220879 38.26200476288795 1.263042986392975 7.125659741461277 20.28404022008181 1.540925808250904 2.689086459577084 2.071097500622272 1.265110276639462 0.4150780811905861 1.050252079963684 0.1742314249277115 0 0.3195292055606842 213.9340520352125 3.516024962067604 0.278665155172348 0.1386477053165436 1166.210095316172 0 0 2.225808620452881 0 0 0.8843398690223694 0 0.4166173338890076 0.1917330473661423 2.68858528137207 0 1.138989947736263 1.732124000787735 4.560492590069771 0.4458480775356293 0 0 0 0 0 0 0 0 0 0 0 0 0 0 0 0 0 0 0 0 0 0 0.3761944770812988 0 1.468807816505432 0 0.1809151023626328 0.4965912997722626 0 0 0 0 0 0 0 0 0 0 0.4428422152996063 0 0 0 0 0 0.2618076503276825 0.2735810875892639 0 0 0 0 0 1.090082488954067 0 0 0 0 0 0 0 0 0 1.34324686229229 0 0 0 0 0 0 0 0 0 0.3956425786018372 0 0 0 0.1164162456989288 0 0 0.09035134315490723 0 0 0 0.6289604604244232 0.4849378317594528 0 25.90081337094307 15.66183843463659 117.84649553895 20.14200954884291 863.7423967719078 65.73504301905632 1.589757978916168 7.751482546329498 0.9110451489686966 0 0.5867349803447723 0 0 0 0 0 0 0
4339.266324229538 0 3880.304838344455 424.4605891630054 4069.377036459744 213.111200556159 3849.564468033612 309.9197795242071 2283.13027843833 449.6755275800824 3444.041407123208 53.41011062264442 463.8039780259132 268.1840523853898 5.245402544736862 1.832883335649967 0.1355750411748886 0 0.1371471583843231 0 0.3192359507083893 0 0 0 0 0.9593372195959091 0 0.2961001694202423 0.2370602190494537 0 3698.136117964983 13.76862246543169 23.96000558882952 0.2238723486661911 0.1383581459522247 0 21.62563318014145 0.2521363198757172 2.725724123418331 0 0.9271411374211311 0.2290915548801422 0.1507341265678406 0.3842421919107437 0 0.4834524020552635 84.73250670731068 19.76193822920322 0.0952635183930397 0.2397857084870338 2.81510029733181 0 0 0 50.93347552418709 66.71028663963079 158.0564003810287 1422.702710740268 118.4948046505451 141.1218826696277 0.8628728091716766 1.383906073868275 0.1300472319126129 80.00492040812969 51.24971524626017 11.98623667657375 11.98916544020176 4.082716889679432 0.8960588946938515 1.992079883813858 14.48827538639307 0 0 441.3085625171661 41.75042539089918 35.32822285592556 23.42804965376854 1.056211210787296 0.4847960844635963 58.40487258136272 1.127313375473022 5.729629471898079 111.2844685092568 4.117851682007313 32.19610002636909 81.35484368354082 14.63849877566099 0.4359036907553673 8.804379172623158 0 1.494417995214462 0.5727361068129539 0.8742733597755432 0.5662732422351837 0.6104428768157959 93.92113643139601 0 0 0 780.3775247037411 0.1305352449417114 0 2.692491754889488 0 0 15.37256979942322 9.420339003205299 10.6660288721323 1.39967679977417 10.15096338093281 2.864538431167603 33.1016484349966 21.34827637672424 44.93023589253426 34.89901915192604 0.6285269856452942 0 0 0 0 0 0 0 0 0 0 0 0 0 0 0 0 0 0 0.2039520889520645 0 0 0.294083297252655 0 26.81511121243238 0 2.962272509932518 1.499855950474739 0 0 0 0 0 0 0 0 2.164423048496246 2.179982036352158 0.2597126960754395 0 0 0 0 0.2108423188328743 0.2124922275543213 0.9878571182489395 0.9795742630958557 0.4123590141534805 0 0 0.3522466421127319 28.09799244999886 0.274046778678894 0.2264998406171799 1.942677021026611 0.5857020616531372 0.1760035455226898 0.1909165382385254 0.2335541620850563 0.09089149534702301 0.1526890248060226 27.50759819149971 0.295845240354538 0 0.2472829222679138 0 0.8533367067575455 0 3.175952330231667 1.527696162462234 0.315956711769104 1.826890617609024 0 0 0 0.1050412580370903 0 0 1.457320749759674 0.4848348945379257 0 0 28.13960298895836 3.506840527057648 2.381939843297005 396.4497033432126 81.66003853827715 685.095873080194 63.58466724306345 592.3560447469354 168.2822579815984 11.7998950406909 81.06487532705069 5.093976199626923 0.8826319053769112 9.191853553056717 0.1610304564237595 2.238463819026947 1.773271054029465 0 0.6686941683292389 1.095995008945465 0
578.5958928391337 3880.304838344455 0 2.905278921127319 593.1533766910434 6.653452038764954 26.71675104647875 1814.489807151258 953.2271130234003 2.51226694136858 2981.588008604944 9.222647458314896 81.78063486516476 404.898378379643 19.70122807472944 12.43556137382984 1.742976374924183 1.749283388257027 0.1213231086730957 7.625278443098068 23.05001178383827 0 4.915180936455727 1.957502141594887 5.0582030788064 3.260185539722443 0.8875399753451347 0.2945517301559448 0.4826465845108032 0.1699609160423279 4987.229544602334 473.5755827352405 44.52992647141218 3.637995816767216 3.261067599058151 1.964607834815979 31.86337606608868 1.898343406617641 5.500155583024025 0.7566228061914444 30.09415743499994 1.647526010870934 4.423016957938671 6.067762739956379 1.001817546784878 12.58020136505365 117.4826492071152 23.15066194534302 1.583701349794865 7.639396697282791 3.77777323871851 0 0 0.3390255868434906 31.93022648245096 48.60248352587223 104.7399381846189 1502.617335401475 59.71415207535028 99.8888036236167 49.630933560431 4.907341465353966 4.992572255432606 171.9830293059349 37.78527417778969 11.18700563907623 11.99976567178965 7.676482863724232 8.517846383154392 57.32687295973301 21.20971711724997 0.9764088690280914 0 284.2854729071259 76.00543029606342 61.12500487267971 43.60302402824163 11.88939946144819 62.92556814849377 889.9437505230308 26.43838579952717 236.1142383813858 82.1907207146287 3.744591318070889 26.73575013130903 60.74589756131172 28.40238200873137 0.4029115289449692 10.65234372764826 0 2.523722939193249 1.480402827262878 15.81609896570444 2.093719474971294 1.616396084427834 34.80698060244322 0 0 0.9393422901630402 270.3181888386607 0 0 0.4281846284866333 0 0 9.460983291268349 0.9414237439632416 4.173089206218719 1.597054705023766 10.87151445448399 2.353610515594482 20.81837210059166 10.99738790094852 26.25152898579836 20.00397597253323 0.145312488079071 0.2597592771053314 0 0 0 0 0 0 0 0 0 0 0 0 0 0.1270406246185303 0 0 0 0.3697373270988464 0.1258512437343597 0 0.2779006361961365 0 23.65123321115971 0.1337988525629044 3.205310486257076 2.085220038890839 0 0 0 0 0.110585629940033 0 0 0 0.2968531847000122 0.7241761162877083 0 0 0 0 0.2987431809306145 0.1069069802761078 0 0.2390638589859009 0.2534193396568298 0.2003288865089417 0 0 1.298876658082008 16.05513647198677 0.1897988468408585 0.1834172010421753 0.3569989800453186 0.6091342121362686 0 0 0.6437452286481857 0 0.3154266178607941 22.99625155329704 0.1643440872430801 0 0.1000912711024284 0.2225676476955414 2.004371494054794 0 4.336721554398537 1.208393439650536 2.176358819007874 1.324382953345776 0.3490251898765564 0 0 0.1136424839496613 0.09048449248075485 0 0.5752619281411171 0.1111567318439484 0.2004584148526192 0 19.405971378088 2.063215672969818 3.637983471155167 388.4283778145909 67.28475283831358 616.4039337560534 59.99697887897491 213.3803898319602 116.3039826899767 9.911006957292557 112.563739657402 4.752977214753628 0.7026095911860466 6.198979623615742 0.1609361916780472 6.103318065404892 0.9294378012418747 0 1.971542716026306 1.970510974526405 0
3177.718853101134 424.4605891630054 2.905278921127319 0 171.5481939017773 1247.609952956438 1371.065104708076 0.3528121039271355 61.73423300683498 1579.441605255008 5.575860783457756 897.6315924823284 2147.731927976012 298.8855946958065 0.6150432825088501 0 0.1473610997200012 0 0 0 0 0 0 0 0 0 0 0 0 0 57.99668734520674 0.6039546951651573 1.069837331771851 0 0 0 0 0 0 0.5462754368782043 0 0 0 0 0 0 5.986261770129204 3.082395166158676 0 0.09351273626089096 0.3515516370534897 0 0 0 13.85860261321068 17.37279319763184 47.00421679019928 364.0543386414647 28.57048102468252 29.30164904147387 0 0.1226427927613258 0 5.627443104982376 8.305474728345871 1.947430476546288 1.531883411109447 0.1082474365830421 0 0 0 0 0 102.374683983624 4.532635614275932 2.932715587317944 2.02553790807724 0.2679857909679413 0 5.516484953463078 0.2143502086400986 0 25.98745836317539 0.6043323427438736 5.000054992735386 16.44979157298803 2.366031490266323 0 2.443889208137989 0 0.3599444702267647 0.09225301444530487 0 0.1537065953016281 0 94.75997397303581 0 0 0 455.212380066514 0 0 0 0.7512435913085938 0 3.572901606559753 1.177584648132324 0.8871946483850479 0 6.518095374107361 0.7678977847099304 3.53554978966713 1.711406707763672 7.512077450752258 3.297143191099167 0 0 0 0 0 0 0 0 0 0 0 0 0 0 0 0 0 0 0 0 0 0 0 0 0.7707851678133011 0 0 0 0 0 0 0 0 0 0 0 0 0 0 0 0 0 0 0.2347162663936615 0 0.1290288418531418 0 0 0 0 0 0.6677424162626266 0 0 0 0.1361717283725739 0 0.1278987228870392 0 0 0 1.157687783241272 0 0 0 0 0.8197256922721863 0 1.15490198135376 0 0 0 0 0 0 0 0 0 0.1276715993881226 0 0 0 3.380900040268898 0.3595878481864929 0.4029648303985596 40.13719938695431 11.40576962381601 102.0711419284344 10.77378445118666 631.7907188013196 30.2498998567462 2.2930928170681 5.985279724001884 0.5427733063697815 0 0 0 0.4874081909656525 0 0 0.5857668519020081 0 0
362.292894423008 4069.377036459744 593.1533766910434 171.5481939017773 0 20.7931332141161 807.3975728079677 271.1031130999327 3477.238704711199 258.0614942461252 2021.841290615499 12.74939789623022 370.2137527540326 197.6029012128711 5.283255450427532 2.597761906683445 0.277586355805397 0 0 0 0.3847807124257088 0 0 0.3259328752756119 0 0.4672377109527588 0.1314174979925156 0.2373473793268204 0 0 299.3637034073472 4.119533620774746 19.0930709913373 0 0 0 15.81217893213034 0 1.364002674818039 0 0.2999393492937088 0.6095571219921112 0 0.1910302639007568 0 0.4232269674539566 64.01233597099781 10.19145173579454 0 0.1597803086042404 2.135686732828617 0.3226639479398727 0 0 12.25012915581465 24.62043399363756 31.13599491119385 191.5034053623676 26.41304583102465 46.57019849866629 0.5979690849781036 2.992550849914551 0.1351045817136765 36.57102289795876 17.19339976459742 4.891236126422882 5.922022141516209 3.89219031482935 1.301272854208946 0.3816546052694321 20.20867782831192 0.4164146333932877 0 105.3907496780157 18.63879094272852 32.41698943823576 19.76417282223701 1.823705315589905 0.09209932386875153 15.56971818208694 0.7161110863089561 3.189367324113846 39.14981713145971 1.518053106963634 13.26585228741169 26.06019622087479 9.09706524014473 0.2019624039530754 5.369657903909683 0.1134082898497581 1.823531612753868 0.1314706653356552 0.9203449189662933 0.2555057853460312 0.1052308231592178 136.2772094905376 0.3058457374572754 0 0.1289850920438766 60.9631417542696 0 1.581341862678528 0.1814379841089249 0.3956869542598724 0.7684969305992126 27.81171061098576 9.656276032328606 22.28670544922352 6.177764311432838 21.44008687138557 5.834646880626678 58.78884159773588 30.41654974222183 83.43350444734097 53.16179136931896 1.452248044312 0.2905542403459549 0 0 0 0 0 0 0 0 0 0 0 0 0 0 0 0 0 0.3756027370691299 0 0 0 0 55.01802650094032 0.6784579753875732 6.196182787418365 2.683880507946014 0.2338080108165741 0 0 0 0 0 0 0 3.008089751005173 1.711367376148701 0 0 0 0 0 0.1914024353027344 0.3223271667957306 0.8078813925385475 0.8731770515441895 0.7264447808265686 0 0 0 44.12489241361618 0.1486592441797256 0.2862820327281952 0.6851323321461678 0 0 0 0.2460435479879379 0.127902552485466 0 57.06102601438761 0 0 0.2925914227962494 0.1127813383936882 5.670817598700523 0 6.594694077968597 2.991199567914009 0.9052605628967285 2.524604931473732 1.100203216075897 0.3996812105178833 0.3387429118156433 0 0 0 1.013096004724503 0 0 0 55.55348448455334 4.193506449460983 4.316741771996021 302.9237721934915 39.22058368474245 381.7646696642041 35.69049028307199 196.3442886695266 74.01379036158323 5.148632824420929 68.56736338883638 3.676584810018539 0.3032316789031029 7.759401939809322 0.1793511956930161 4.72204715013504 2.085422232747078 0.1607954949140549 1.034108310937881 1.873344644904137 0
416.2476096600294 213.111200556159 6.653452038764954 1247.609952956438 20.7931332141161 0 253.5006507486105 1.955325961112976 36.76123359799385 1355.056503027678 21.55826759338379 253.5473252981901 259.885374724865 99.39982743561268 0.1150548011064529 0.4460582286119461 0 0 0 0 0 1.238363772630692 0 0 0 0 0 0 0 0 1.892295375466347 0 23.46753233671188 0 0 0 20.38799905776978 0.7428233325481415 3.139819502830505 0 0.4100572317838669 0.1236818209290504 0 0.1496274918317795 0 0 0.5331119000911713 0 0 0 0 11.15241274982691 1.575707569718361 0 0 0.8121101707220078 69.76726204156876 25.99481102824211 0.6132107079029083 1.013256698846817 0 3.048902332782745 0 0.1806467771530151 0.2199237942695618 0 0 0.1087156236171722 0 0 96.92777362465858 61.9596795886755 11.93198152631521 2.191418923437595 0 0.3094204217195511 0.1269516497850418 0.253138929605484 0 9.437618166208267 0 1.735339105129242 1.050153136253357 0.9466143250465393 0 0.3537336587905884 0.2011624127626419 18.73708529025316 4.176721855998039 15.2079544365406 0.9935147613286972 10.03704178333282 0.118299312889576 0.5478864908218384 1.052295491099358 320.0945285260677 19.95778875052929 8.660109624266624 1.200716003775597 654.8714253157377 0 0 0 0 0 0.5070764571428299 2.593625545501709 0 0 2.134780883789062 0 2.368797719478607 1.146264880895615 1.405231058597565 0.9055193960666656 0 0 0 0 0 0 0 0 0 0 0 0 0 0 0 0 0.1572232842445374 0 0 0 0 0 0.2286942899227142 0 0.8266269266605377 0 0.1610939502716064 0.2681822776794434 0 0 0 0 0 0 0 0 0.2821968793869019 0 0 0 0 0.1769500821828842 0 0 0 0 0 0 0 0 0 0.1875502318143845 0 0 0 0 0 0 0 0 0 1.337095722556114 0 0 0 0 0 0 0 0.1192459911108017 0 0 0 0 0 0 0 0 0 0 0 0 0.9907407909631729 0 0.173615962266922 1.489794410765171 0.165977954864502 2.61546366661787 0.6986146345734596 90.09345051646233 0.9300554767251015 0.2437298595905304 0.7954106405377388 0 0 0 0 0 0 0 0 0 0
1062.610783457756 3849.564468033612 26.71675104647875 1371.065104708076 807.3975728079677 253.5006507486105 0 11.39029315114021 1495.201359070837 1205.230830997229 154.068348839879 130.9694005250931 2278.993058770895 1496.256404876709 7.242940917611122 1.307950206100941 0.1843391507863998 0 0 0 0.2624423429369926 0 0.4266417920589447 0.1087309196591377 0.1251789480447769 0.9518017917871475 0 0 0.7735497355461121 0.3971840441226959 138.2686507701874 5.763432867825031 19.42115121334791 0.1680148839950562 0 0 13.57536400854588 0 0.2464777380228043 0.2442364990711212 1.27353797852993 0 0.2915220856666565 0.3722649961709976 0 0.2872066348791122 63.62646319717169 12.21785444766283 0.3951601460576057 0.3998527750372887 1.611117124557495 0.1684790551662445 0 0 22.44238697737455 37.11380862444639 69.46034034341574 463.8883907645941 55.89631397277117 79.5344725549221 0.1233477368950844 2.068684205412865 0 50.36226048320532 28.51121800392866 7.355241157114506 8.700529120862484 3.003939725458622 1.375419639050961 1.631490029394627 22.01989632844925 0 0 218.3903210237622 30.64830537140369 30.36234373599291 21.05476809293032 1.275681510567665 0.6084583103656769 11.00870008766651 1.358818084001541 3.200625412166119 61.06254515051842 1.620857410132885 20.80344362556934 41.18525268137455 10.86998669803143 0.680021196603775 5.224992267787457 0 2.088424369692802 1.293847054243088 0.2157053574919701 0.6219212934374809 0.7377805635333061 297.2048260420561 0 0 0 211.4740590006113 0.8431632816791534 2.561307579278946 15.80167418718338 0 0.2230050712823868 39.27665962278843 13.69498842954636 16.40387110412121 15.29510901868343 46.65701241791248 6.366742469370365 103.4220336079597 59.09877562522888 129.8047512024641 83.72347773611546 0.2218491360545158 0.12493497133255 0 0 0 0 0 0 0 0 0 0 0 0 0 0 0 0 0 0.6590238511562347 1.435721307992935 0 0.3109344840049744 0 74.83272138237953 0.4314479231834412 5.946559861302376 0.919146865606308 0 0 0 0 0 0 0 0 4.184817135334015 3.639125309884548 0.3740846365690231 0.1729858070611954 0 0 0 0.1192354261875153 0 0.3912599831819534 1.414738580584526 0 0 0 0 58.62900251150131 0 0.1109215244650841 1.466643176972866 0.2856452390551567 0.2878531739115715 0.136790007352829 0.1097119450569153 0 0 84.0346751883626 0 0 0 0.2188650220632553 4.192671313881874 0.3628920614719391 4.790744110941887 8.039976075291634 2.686677865684032 1.652124218642712 0.1367170214653015 1.126542210578918 0.5666493102908134 0 0 0 0.3223240971565247 0.5811237618327141 0 0 71.03641727566719 3.485158711671829 4.308514639735222 341.9335455000401 54.27330196648836 436.3788451403379 48.41569196432829 514.7911681383848 113.0969447791576 9.700684368610382 80.98421879857779 4.69247292727232 0.5133131518959999 12.11374218016863 0.5018876791000366 7.326195254921913 2.056004732847214 0 4.143374234437943 0.9518220275640488 0
59.20647630095482 309.9197795242071 1814.489807151258 0.3528121039271355 271.1031130999327 1.955325961112976 11.39029315114021 0 717.2025831788778 1.293623350560665 2205.279155954719 5.618077144026756 34.027193762362 233.019837833941 63.0273058488965 41.98060347139835 2.287382498383522 4.439057148993015 0.6245018541812897 41.53344450891018 62.73130234330893 0 20.36929634213448 6.883257314562798 14.63276916742325 5.846376165747643 4.432327911257744 0.2336159273982048 0.3264389783143997 0.1167624592781067 1493.911256730556 1434.394085004926 111.6038565039635 11.92875109612942 12.3724959269166 11.12491355091333 58.96404767036438 3.811620801687241 7.597400814294815 3.141885049641132 83.77144949138165 9.133039362728596 17.69179914146662 14.56938196718693 3.419903300702572 41.07358107715845 245.8751853331923 22.7002180814743 2.202763691544533 15.72968399524689 3.285153336822987 0.971595510840416 0 0.6053239926695824 19.86527307331562 28.52198598533869 55.30783364921808 525.6759554669261 34.59082324802876 94.46444667130709 227.0803011655807 10.59235647320747 19.39139208942652 167.2984912842512 25.55991061776876 8.913145340979099 12.88255950063467 11.07554478943348 18.07671426236629 192.9258098006248 31.24130547046661 0.7131654694676399 0 172.7202683091164 46.30755546689034 144.5706307813525 89.80996097624302 45.09947041422129 585.4426102265716 2280.915543168783 226.9894731119275 2119.302108474076 55.52523749321699 2.598367601633072 24.59303213655949 44.47839153558016 44.66481275111437 0.3775747641921043 11.63978100568056 0.2564183697104454 3.485715962946415 2.080650702118874 37.20321594178677 4.10564212501049 1.690061368048191 29.06544033437967 0.5129049569368362 0 0.2837943434715271 34.6486951187253 0 0 0.6022947132587433 1.018010020256042 0.7135969996452332 2.903546497225761 0.1820898205041885 5.919583067297935 1.326188087463379 3.046916782855988 0.8131730854511261 14.48073859512806 4.155792221426964 21.19151009619236 11.83219170570374 1.301305547356606 0.4317330941557884 0 0 0 0 0 0 0.2170381546020508 0 0 0 0 0 0 0.1231120079755783 0 0 0 0.63736492395401 0 0 1.649721547961235 0.2836752533912659 24.05417238920927 0.1561533957719803 5.012752704322338 3.279694803059101 0.427660807967186 0.2015137821435928 0 0.1991064548492432 0 0 0 0 1.329345986247063 2.316100113093853 0 0 0 0 0.6694896817207336 0 0.3476420715451241 0.07330568879842758 0.2175389230251312 0 0 0 0.3374514728784561 19.85454212874174 0.2901504933834076 0 0.6024240404367447 0.2962151393294334 0.07230677455663681 0.2283415645360947 0 0.1992960274219513 0.1327447146177292 18.75378654897213 0.9357040077447891 0 0 0.746777668595314 1.617897182703018 0.1893714815378189 3.192938789725304 1.830390907824039 0.3123204112052917 1.14098984003067 0.4033167660236359 0.2308992221951485 0.09382382035255432 0.2895373553037643 0 0 0.7438475266098976 0.1903150230646133 0 0 8.901631206274033 1.197570309042931 3.347303465008736 548.9735625758767 62.82263096421957 783.9565063714981 89.13520467281342 163.7974660024047 121.3208335191011 13.0237479954958 237.6856605783105 8.071999929845333 0.6750257536768913 5.330132260918617 0 2.208603501319885 0.8499596416950226 0 1.728047803044319 2.83666867762804 0
162.5649916082621 2283.13027843833 953.2271130234003 61.73423300683498 3477.238704711199 36.76123359799385 1495.201359070837 717.2025831788778 0 310.4878714978695 3287.893756307662 38.70701737701893 909.6520016416907 1244.600400313735 35.12709088623524 19.5770214125514 0.5818829908967018 0 0 1.236689485609531 1.777556419372559 0.1109855398535728 1.401013299822807 0.2514488622546196 1.870103068649769 1.25524365901947 0.6479680091142654 0.3185939937829971 0.5978850573301315 0.1566153466701508 181.4414950758219 31.67205329239368 67.37842906266451 0.3202817887067795 0.5470195040106773 1.144055299460888 55.11378840357065 0.4368265941739082 4.621073484420776 0.6476173549890518 3.651964142918587 0.8378797248005867 0.1300722509622574 3.280800431966782 0.2723512724041939 0.4549695253372192 170.4138849452138 11.49751049280167 1.088402859866619 0.3485419377684593 1.715253308415413 0 0 0.131657749414444 9.770803786814213 21.72400554269552 25.1741833165288 124.1431670114398 23.54691831767559 63.29644165188074 2.937098480761051 4.6426020860672 0.443726435303688 45.19161816686392 13.95401518791914 4.273314170539379 6.741006702184677 3.126033380627632 2.217371851205826 7.701976887881756 45.4985611513257 1.257052853703499 0 94.90468057245016 15.82419665157795 88.95190612226725 43.58943596482277 10.47506099194288 1.429764784872532 77.03513621538877 2.18326623737812 12.34318156540394 38.98063076287508 1.330950006842613 16.0435536429286 26.35079770535231 11.43389035761356 0.4554633721709251 6.018133647739887 0 1.635213829576969 0.6301448121666908 2.518129982054234 1.214141763746738 1.098552159965038 537.4421873837709 0.5165500640869141 0 0.5754133462905884 58.36909604072571 0.2617598026990891 2.545281857252121 4.63774948567152 2.575229525566101 0.7106531262397766 96.75261718034744 18.60912500321865 53.89613852649927 21.16753806173801 75.74947953224182 15.25329038500786 219.2262876629829 88.85259463638067 242.8214434310794 170.311275370419 1.712924532592297 0.6183396577835083 0 0 0 0 0 0 0 0 0 0 0.1222940161824226 0 0 0 0.782762348651886 0 0 2.388100184500217 0.443044438958168 0 0.40226911008358 0 147.2293209135532 0.4862347990274429 18.51156859099865 2.927079640328884 0 0.2579865455627441 0 0 0 0.1218268498778343 0 0 6.343702778220177 7.482712887227535 0.3523428291082382 0 0 0 0 0.6239406764507294 3.443384066224098 1.394207559525967 0.9683813005685806 0.8451938629150391 0 0 1.08825895190239 109.5643695145845 0 1.8431591168046 1.822599984705448 1.656438216567039 0.1028759181499481 0.1911303251981735 0.5312366560101509 0 0 153.3699261471629 1.465540021657944 0 0 0.1023159325122833 12.55198713392019 0.1556878685951233 7.898601487278938 12.02439725399017 2.204940855503082 3.804256625473499 0.1734972447156906 0.7977658584713936 1.640552774071693 0 0 0 0.5164185911417007 0.5278375968337059 0 0 132.5969193726778 6.13640584051609 6.574691109359264 713.0353155583143 67.49223727732897 662.9611841365695 77.49041366577148 313.0329346358776 124.3672829270363 11.43416093289852 241.8596385791898 19.2552148103714 0.9783086776733398 32.76417305320501 0.731545478105545 18.64410476386547 2.82518257945776 1.298919260501862 3.305907279253006 4.007415428757668 0
2832.071913838387 449.6755275800824 2.51226694136858 1579.441605255008 258.0614942461252 1355.056503027678 1205.230830997229 1.293623350560665 310.4878714978695 0 13.42353734374046 2144.977798596025 8336.548230439425 1870.846447102726 0.6941335871815681 0.3412971720099449 0 0 0 0 0.1132576018571854 0 0 0 0 0 0 0 0 0 23.63077618181705 0.7433558627963066 64.70591440796852 0 0 0 30.16025488823652 0 0.3657574951648712 0 0 0 0 0.2187019437551498 0 0 9.14750038087368 2.297276496887207 0.1392348408699036 0 0.2066542953252792 0 0 0 6.317200139164925 6.566990122199059 50.23016431182623 251.1376637518406 19.87864668667316 24.16708124428988 0.2663683295249939 0 0 4.427315764129162 7.411508239805698 0.7258856445550919 1.382226340472698 0.172781303524971 0.111383244395256 0.2856764048337936 11.87929543107748 0 0 69.87583559006453 3.63860784471035 4.113113790750504 2.546724423766136 0.645381934940815 0 209.1621011048555 0.1079651191830635 0.4882435575127602 14.66106516867876 0.6489489674568176 5.007248945534229 11.48021047562361 1.540627472102642 0.09916809946298599 1.269565746188164 0 0 0 0 0 0 676.8731152713299 0 0 0 803.7086239606142 0 3.721449822187424 0.8773879408836365 0 0 14.93001867830753 11.81410872936249 16.45189920067787 3.703355446457863 32.38623498380184 2.220158718526363 54.16306056827307 29.45488502830267 66.2311234921217 31.26954624056816 0 0.1371842473745346 0 0.1613809615373611 0 0 0 0 0 0 0 0 0 0 0 0 0 0 0 0.2268856763839722 0.186182051897049 0 0.4084477126598358 0 22.9025444239378 0 2.471606239676476 0.3654365539550781 0 0 0 0 0 0.1163613423705101 0 0 0.6055113077163696 1.498244844377041 0 0 0.221256211400032 0 0 0.18324214220047 0.4637122750282288 0.1269121915102005 0.6045891791582108 0 0 0 0 14.2256445735693 0.3653289675712585 0.2986504435539246 0.1653181463479996 0.2509788870811462 0 0 0.0890716165304184 0 0 23.44817018508911 0 0 0 0.1276440024375916 1.072082288563251 0 1.441297769546509 0.9468749314546585 0 0.4707233011722565 0 0.1055259704589844 0.1054106429219246 0 0 0 0 1.534666001796722 0 0 29.7127697467804 1.616202220320702 0.7893904745578766 45.46315626055002 7.548062644898891 74.6778601333499 8.805357202887535 1029.599614590406 21.34016146510839 1.071379654109478 8.107440426945686 1.247047394514084 0 2.431073896586895 0.777406707406044 5.547396779060364 0.3458651751279831 0 0.2722208201885223 0 0
1101.320802524686 3444.041407123208 2981.588008604944 5.575860783457756 2021.841290615499 21.55826759338379 154.068348839879 2205.279155954719 3287.893756307662 13.42353734374046 0 88.47936740517616 883.9638083055615 4039.920230671763 98.28288436681032 72.98862167447805 4.706394106149673 0.9461686909198761 0.2151686623692513 11.307343095541 36.50342805683613 0 20.13330849260092 11.78388293832541 36.55827403813601 11.30751240253448 7.267811648547649 0.8231517374515533 1.947505533695221 1.189823091030121 1726.093985915184 722.6308854445815 2127.069831974804 7.278719246387482 17.02958827465773 31.06154516339302 788.6838281601667 26.90295837819576 45.50719378143549 21.83884722739458 73.77605544775724 13.05936146527529 3.203950300812721 28.44346983730793 1.508416391909122 4.543063811957836 297.6680712252855 30.53622363507748 2.651590719819069 3.791375264525414 5.001757234334946 0.5262985825538635 0 1.640527129173279 24.61575485765934 45.25998143106699 75.27426253259182 597.276558123529 52.47135433554649 125.8514370322227 35.45560345798731 15.85608569532633 18.7486489713192 146.381399743259 39.86742592602968 13.67338259518147 16.94247904419899 10.96540983021259 9.30832701176405 61.06732480973005 222.7355816438794 8.410070493817329 0 220.9091016575694 52.64532566815615 161.2839385345578 102.3562306836247 45.26001738011837 85.22624023258686 1814.909186966717 15.04259745031595 242.6117666512728 86.20628670603037 3.146175481379032 35.69728095084429 70.29293674230576 30.39458511024714 1.002311818301678 12.65770793706179 0.1317863613367081 6.253223493695259 2.498370192945004 27.40264701843262 6.139889746904373 6.21647047996521 147.8382487818599 3.030469201505184 0 2.234218448400497 213.5260343328118 0.5140341743826866 0 1.641248539090157 0 0.7468308508396149 30.06192222982645 3.982902511954308 17.11067217588425 8.095355227589607 25.24361382424831 4.732243329286575 80.72797572612762 38.64903934299946 101.1073067337275 73.22067948430777 1.502485722303391 0.4701862558722496 0 0 0 0 0.2190310508012772 0 0.232092946767807 0 0.1362651437520981 0 0 0 0 0.1558303982019424 0 0 0 0.6549447923898697 0.1879907101392746 0.1031856462359428 4.2552654966712 0.2849285900592804 95.41479875147343 1.390062779188156 23.26630440354347 15.72871532291174 1.869819134473801 0.1434213519096375 0 0.1955136358737946 0 0 0.6146386712789536 0.2344388216733932 7.154504559934139 7.304677680134773 0.7837334796786308 0.798466719686985 0.6669562757015228 0 0.3856046423316002 0.8980177342891693 1.971470914781094 1.223885782063007 0.8266972899436951 1.71932565420866 0 0 2.227228760719299 102.9406377747655 0.234729528427124 1.713406398892403 1.348527386784554 0.4818931743502617 0.1964758634567261 0.1203378736972809 0.0878780335187912 0 0.9815411195158958 93.09360003471375 1.746427923440933 0 0.3417204022407532 0.6726664081215858 6.084272652864456 0.1504578143358231 11.78652273118496 4.98239965736866 0.9591702222824097 4.928029231727123 0.8232531994581223 0.5111210867762566 0.6634073480963707 0.1881221383810043 0.1022684872150421 0 1.662045203149319 0.4968494772911072 0 0 50.56788743287325 7.356579169631004 16.0247486308217 796.1604553684592 110.9333896785975 987.0145415514708 139.5948310047388 307.0831455886364 182.8527031615376 18.95732790976763 299.0624789819121 19.12827202677727 1.455897681415081 30.97282960265875 1.798941239714622 8.57409056276083 6.876900464296341 0 5.708447337150574 6.999699525535107 0.1213270574808121
398.0861353874207 53.41011062264442 9.222647458314896 897.6315924823284 12.74939789623022 253.5473252981901 130.9694005250931 5.618077144026756 38.70701737701893 2144.977798596025 88.47936740517616 0 2455.871367901564 632.3582766205072 3.414963774383068 2.032080858945847 0 0 0 0.1389460265636444 0.4002538770437241 0.1361013650894165 0 0.1307533830404282 0 0 0 0 0 0 7.062727421522141 2.367552697658539 103.5304515510798 0 0.3126917779445648 0 369.1585841327906 0.5489991754293442 3.053935095667839 1.07336413860321 1.128626815974712 0.1390119045972824 0 1.189724534749985 0 0 8.789993032813072 0.3676004782319069 0.1444208025932312 0 0 0.4241838306188583 0.3726930469274521 0 0.1175575330853462 0.8699079304933548 6.251689083874226 21.93851138651371 3.731946848332882 3.232523173093796 0 1.230933323502541 0 4.312018170952797 0.7719337493181229 0.453222818672657 0.2449263706803322 0.119221530854702 0.4296430349349976 0.5303418561816216 63.0179443731904 7.294274598360062 0.1468602567911148 11.13452088087797 1.169851407408714 5.802400104701519 1.987233318388462 2.989406727254391 0.1885852515697479 469.8079796731472 0.5272545367479324 1.666476413607597 3.666402965784073 0 0.2297899425029755 1.523363180458546 0.3123298138380051 0.353629544377327 0.1740343123674393 0.4010312259197235 0.157830148935318 0.2789076566696167 0.5493627935647964 0 0 1220.907226786017 8.232273653149605 0.3953120559453964 0 135.4533572494984 0.6009641289710999 0.8651677370071411 2.271181613206863 0.9218396544456482 0.3435114920139313 40.43249981105328 11.82138735055923 30.73279893398285 11.74959056079388 34.2151847332716 9.04248970746994 109.9371335804462 45.63381896913052 158.7182499095798 85.90290858596563 0.1346597820520401 0.794445589184761 0 0.3846193253993988 0 0 0 0 0 0 0 0 0 0 0 0 0 0 0 1.512152314186096 0 0 0.5832196921110153 0 93.25646182894707 0.1634697914123535 5.543971255421638 0.944655679166317 0 0 0 0 0 0.1503585875034332 0.3114385008811951 0 2.003858007490635 3.215954318642616 0.2112497836351395 0.1552741527557373 0.6998739242553711 0.1391463875770569 0.3788398206233978 0.5371574088931084 1.134620621800423 0 0.888950377702713 0.2601741552352905 0 0 0.1743874549865723 63.03974912315607 0.1413773596286774 0.823927715420723 0.3362443447113037 0.5140843018889427 0.1312599331140518 0.1795676201581955 0 0 0 107.1721366420388 1.096477836370468 0 0 0.4005753248929977 5.177520945668221 0 5.706302300095558 7.411698997020721 1.030222773551941 2.809729605913162 0.1376365572214127 0.3533163517713547 0.753907822072506 0 0 0 0.6907605230808258 0.2503327131271362 0 0.1521830260753632 85.00343450903893 5.577554911375046 4.115531727671623 60.25614881515503 1.739935226738453 40.39309566468 4.086647398769855 298.5743886381388 9.922805815935135 0.2402674928307533 20.64593987166882 5.238515563309193 0.4983289539813995 18.98880571126938 0.7848132774233818 4.498439617455006 2.546736650168896 0 3.659281730651855 0.3184429407119751 0
518.580573245883 463.8039780259132 81.78063486516476 2147.731927976012 370.2137527540326 259.885374724865 2278.993058770895 34.027193762362 909.6520016416907 8336.548230439425 883.9638083055615 2455.871367901564 0 2245.143330924213 56.09932754188776 40.50350178778172 2.588606208562851 0 0 1.674110189080238 3.416207171976566 9.110151052474976 1.223691530525684 0.892201155424118 3.701430387794971 1.419752269983292 0.5885593891143799 0.9680755585432053 1.043313130736351 0.1466732770204544 34.16866347193718 19.92550130188465 244.3315491825342 1.258355721831322 0.7330169528722763 3.241132155060768 198.7220089286566 11.70225656032562 289.7528184205294 20.0789619833231 9.820733360946178 1.601153127849102 0 13.26481181383133 0.3117816746234894 2.051513083279133 101.954085893929 4.675106182694435 0.9589782580733299 1.301065489649773 0.7872309982776642 20.06201413273811 23.1233441978693 0 5.398912526667118 8.969543248414993 23.00561092793941 78.37499391287565 14.83015797287226 22.31813825666904 6.49367094039917 75.65584480017424 4.432994529604912 25.60022846609354 6.25004568696022 1.8819934502244 2.234805107116699 1.374142833054066 1.475669831037521 10.26852145045996 121.9288142174482 155.2551846951246 10.8870143443346 40.35346490889788 7.277280874550343 46.14015167206526 28.55397267639637 20.82158679515123 1.263884767889977 187.0079937875271 2.305434368550777 40.54650170356035 15.42650893330574 0.6061330586671829 5.746069930493832 9.439187876880169 3.974777214229107 17.86497814208269 6.412706822156906 15.31599012762308 1.220695592463017 7.537810623645782 4.410958215594292 1.468293055891991 2.543289430439472 3717.047683984041 136.4421161860228 19.94243051856756 45.52645979821682 204.8104810118675 0.8179231286048889 0.7516972124576569 4.604260250926018 0.657554566860199 0.6865637004375458 72.10147033631802 13.0398818179965 34.7256430760026 11.91106410324574 60.97894807159901 12.6774565950036 153.6274311095476 70.29768847674131 191.1292664632201 152.6823919117451 3.838176511228085 3.475049152970314 0 0 0 0 0 0 0 0 0 0 0 0 0.6674126759171486 0.1346801817417145 0.7309742718935013 0.1560398936271667 0.4285950660705566 1.79688335955143 1.07093545794487 0.1264558583498001 10.71928001195192 0.8798052966594696 200.9287178888917 4.903498604893684 39.43322764337063 20.98398999869823 2.036674946546555 0 0 0.1395601332187653 0 0.1522516459226608 0.6132145524024963 0 9.315084606409073 18.89879886806011 1.212188363075256 0.4874518886208534 0 1.574784576892853 0.6139561012387276 0.347849577665329 4.081216558814049 0.1335075795650482 1.828251644968987 2.068933397531509 0.2712522447109222 0.6547823548316956 4.97398442029953 212.82019431144 0.4112111628055573 2.988251745700836 3.208241671323776 0.9312490001320839 0.6899728998541832 0.5070199519395828 1.08872027695179 0 0 228.3175941854715 6.020960748195648 0.4299242496490479 0.2861046195030212 1.083661645650864 9.228940933942795 0.8292285799980164 20.41673675179482 10.10267026722431 3.144588455557823 12.80192642658949 0.9976803362369537 1.862440571188927 3.469544976949692 0 0.364489734172821 0 1.265416599810123 0.4737879410386086 0 0.4853415638208389 156.0146463066339 57.67631494998932 56.99361910670996 336.0199961140752 35.19766873121262 296.7048292458057 57.98380740731955 452.174655713141 55.28870780020952 7.078003041446209 145.5856072306633 24.96278131008148 2.394904643297195 50.02877327799797 3.555838286876678 26.3197678104043 9.078421898186207 0.2213249802589417 8.950890406966209 3.91865773499012 0.3549653142690659
122.7939972579479 268.1840523853898 404.898378379643 298.8855946958065 197.6029012128711 99.39982743561268 1496.256404876709 233.019837833941 1244.600400313735 1870.846447102726 4039.920230671763 632.3582766205072 2245.143330924213 0 63.53077314794064 41.22475843131542 1.918333269655704 0 0.2043466567993164 4.30886485427618 13.75989426672459 0 9.924403056502342 3.574378721415997 17.24465721100569 5.327296957373619 3.977400489151478 0.3557873070240021 0.8926038891077042 0.8145276606082916 161.7484197169542 80.24412503093481 1765.51291551441 2.372131459414959 6.449188157916069 11.31934110075235 1387.619626797736 32.1369656175375 55.31085935980082 12.64486626535654 29.67133724689484 4.699647054076195 1.230029404163361 15.1159178391099 0.2569983452558517 2.106956519186497 160.830305673182 8.081446938216686 0.9488029852509499 1.578712463378906 1.474006399512291 0.3802211731672287 0 0.1686624586582184 4.899545587599277 12.25586768239737 21.82147174328566 90.82701186090708 17.58298875391483 37.44230554252863 10.9420864880085 18.46576805412769 6.377019420266151 49.49227468669415 8.565093256533146 2.376294434070587 2.986645489931107 4.129156306385994 4.643204048275948 30.6986922994256 374.741933144629 9.350904315710068 0 60.10106101632118 12.36805013567209 82.85403443127871 50.25219020247459 30.3734019100666 17.9709061384201 1120.58287743479 4.72622986882925 68.68249490112066 19.95429785549641 0.5246364399790764 11.09018993377686 15.07813086360693 13.63294017314911 0.2187720015645027 3.962576054036617 0 1.354971967637539 1.072464659810066 14.75380342453718 3.715419009327888 2.041122384369373 1813.533866465092 2.899562776088715 0 1.744459971785545 116.4426671117544 1.24676550924778 3.152072012424469 3.945922285318375 0.3580350875854492 1.524578034877777 108.0284553915262 15.31301716715097 61.23435565829277 16.11300191283226 72.98696979880333 18.11602316051722 249.0112747773528 129.2779309004545 315.0547448322177 213.35843462497 3.328762590885162 2.180158041417599 0 0.3755955994129181 0.1295497566461563 0 0 0 0 0 0.1310573816299438 0 0 0 0.1497864276170731 0 0 0.1158940568566322 0 2.263518214225769 1.511103257536888 0 3.051703542470932 0.200773224234581 252.9286749213934 3.504813462495804 38.14609775692225 16.35563459992409 1.979107648134232 0 0 0 0 0.2659551724791527 1.087939962744713 0.2645996063947678 8.315202169120312 20.1270399466157 1.094747170805931 0.3537541031837463 0.2011105120182037 0 0.1505049616098404 1.075152531266212 2.190262906253338 0.7695656344294548 2.389828063547611 2.43926215171814 0 0 5.737562537193298 204.2215784043074 1.306980699300766 3.217824161052704 3.664929486811161 0.7726511657238007 0.7164416834712029 0.2339967861771584 0.28154107183218 0 0.2290427684783936 252.8798856437206 1.706340700387955 0 0.07534228265285492 1.668005123734474 15.72638123482466 0.6587797999382019 15.89930093288422 17.97644735127687 1.669262565672398 10.2539544776082 2.253066122531891 0.89265076816082 2.336098536849022 0 0.08313032239675522 0 0.6674330830574036 0.5764884427189827 0 0.5357265174388885 195.1000463292003 17.95803222060204 21.08797200024128 590.7207790911198 40.28658006340265 497.6203856542706 71.43433205038309 400.5193976759911 93.97992280870676 6.647410236299038 251.3315174207091 30.41298399865627 1.323837645351887 61.65256749838591 2.498110793530941 33.03959696739912 12.34878069907427 0.4478618502616882 8.893810421228409 4.196310631930828 0.119532972574234
