0 6716.799094222486 1750.090859889984 1821.919256299734 471.7117179706693 150.3294001370668 477.2639379128814 332.4351431950927 32.34126327186823 1456.92608692497 526.6422343179584 62.42424480617046 210.6750347465277 117.3776154145598 0.7665813714265823 0.341050922870636 0.2132798880338669 0 0 0 1.198241338133812 0 0.1290382295846939 0 0 0.8434685468673706 0 0.2413039207458496 0 0 362.5642451792955 33.07479654252529 13.57976576685905 0.119690328836441 0 0 3.692909955978394 0 0.2124338746070862 0 2.279681399464607 0.4337677359580994 0 0.7054387181997299 0 2.087939128279686 24.72584368288517 5.591111645102501 0 0 1.652775630354881 0.2448302358388901 0 0 8.908242136240005 1.961969092488289 329.8488922044635 1780.089643113315 104.5441143661737 26.82314706593752 2.129059374332428 0.4458214044570923 0.3547685295343399 3.586122378706932 4.832864999771118 3.036448560655117 1.23385751247406 0.7410187497735023 2.166180968284607 5.638440743088722 15.49908626079559 6.879910618066788 0 354.2829314023256 78.25305665284395 26.46197666972876 0.4433732330799103 0.773298904299736 3.004581987857819 571.592315480113 4.246407635509968 32.74909751862288 22.9935435205698 0 4.044372290372849 5.273785792291164 1.856725595891476 1.169419229030609 1.817322082817554 0.6189319491386414 1.093452207744122 0.4931842535734177 3.455423876643181 0.4239074140787125 0.8619677498936653 260.1793092042208 5.289333745837212 0.2548440992832184 0.3225798904895782 1021.545026928186 0 0 0 0 0 6.07348720729351 0 7.795300111174583 289.4131871461868 0.4957513809204102 0.7636478245258331 5.479300767183304 0.1727960556745529 7.878704443573952 1.68479523062706 0 0 0 0 0 0 0 0 0 0 0 0 0 0 0 0 0.1306682527065277 0 0 0 0 0 0.2273858189582825 0 0.6486361175775528 0 0.674879215657711 0.3637340515851974 0 0 0 0 0 0 0 0 0 0 0 0 0 0 0 0 0 0 0 0 0 0 0 0.4259914010763168 0 0 0 0 0.1305083036422729 0 0.2188520133495331 0 0 1.08768704533577 0 0 0 0 0.4025496393442154 0 0 0 0 0 0 0 0 0 0 0 0 0 0 0 0 0.09245358407497406 0.1429575234651566 81.96985886245966 13.13332872092724 71.3764087036252 12.12044035643339 1699.780576393008 38.82335283607244 1.527641206979752 4.040017291903496 0.3210202306509018 0 0.1077709048986435 0.2607254758477211 7.202317833900452 0 0.1104874163866043 0.199245348572731 0.2188879251480103 0.3525909781455994
6716.799094222486 0 2708.776974529028 2432.340102016926 2047.30117341131 224.1703762561083 973.7626583725214 655.6302771419287 1769.522274814546 662.3199158608913 1725.034607023001 78.20874735713005 2845.164463832974 2332.721699677408 8.419366255402565 1.560781374573708 0.1532178670167923 0.4354165643453598 0 1.295859754085541 1.957570448517799 0 0.5466727018356323 0.7261235043406487 0 1.281804367899895 0 0.6597935259342194 0.5516617596149445 0 1921.707113258541 123.4225308224559 82.41399433463812 0.6436586230993271 0.2034539580345154 0 28.96182956546545 0.08283915370702744 0.2970057874917984 1.15592285990715 3.725931376218796 0.3313182964920998 0.722286656498909 0.2600233107805252 0.1514712125062943 3.506574131548405 302.5969921201468 42.69346235692501 0.1684225052595139 1.60589887201786 2.576070755720139 0 0 0.308799147605896 32.26989479362965 14.04829534143209 285.0193477645516 2348.962074659765 156.4832736179233 153.9555304422975 2.449069820344448 3.900385871529579 0.7922298014163971 117.6982607021928 18.22107996791601 19.24035070836544 5.785318590700626 4.135178864002228 5.62144061177969 7.384173452854156 36.27094280719757 5.698874667286873 0 1000.738456822932 251.1162162050605 225.8339718356729 8.823687039315701 1.749171510338783 7.819859951734543 1556.345096319914 4.491820678114891 55.68737036734819 148.8562777116895 0.3515590354800224 36.65151064842939 25.21329781413078 16.13863917440176 0.2170565500855446 7.005120880901814 0.7971057295799255 3.615454211831093 0.8590652421116829 5.017161749303341 1.135093927383423 1.400163188576698 126.472033418715 10.01743772625923 0 0 606.4456696361303 1.00683955848217 0 2.797280728816986 2.49865859746933 5.762385368347168 69.57991476356983 0 57.0478640794754 42.81399364769459 5.763913914561272 25.37531135976315 68.84907845407724 17.59619276225567 104.7739083915949 49.37697471678257 0.5187678337097168 0.2568660229444504 0 0 0 0 0 0 0 0 0.15008145570755 0 0 0 0 0 0 0 0 0.6361648291349411 0.51422418653965 0 0.1769859343767166 0 61.45398409664631 0.1639818847179413 13.94914496690035 1.120690256357193 0 0 0 0 0 0 0 0 1.535600244998932 2.012802459299564 0 0 0 0 0 0.7400615811347961 0.360132172703743 0.2772571444511414 0.9676264822483063 0.1788289844989777 0 0 0 20.01568040251732 0 0 0.4217080026865005 0 0.2971886545419693 0 0.5518041402101517 0 0 81.08206947892904 0.3807706832885742 0 0 0.129498153924942 24.39124801754951 0.3439701348543167 4.890073031187057 1.838937044143677 0.1091194152832031 0 0 0.106706902384758 0.1221427544951439 1.96660053730011 0 0 0.7878129184246063 0.1575684398412704 0 0.1601888686418533 16.92594898492098 8.212303712964058 5.137347005307674 405.8618828132749 96.04237914085388 718.9172606319189 44.5445351600647 1812.861665025353 107.3920463770628 8.554895929992199 80.11551162600517 6.180718183517456 0.905335858464241 5.292036198079586 1.817380756139755 13.65051671117544 0.2847200036048889 0.2785552442073822 3.24174328148365 3.044945374131203 1.639940708875656
1750.090859889984 2708.776974529028 0 92.88425502181053 427.7251640707254 19.43984141945839 70.13808517158031 7347.744443833828 1141.293818801641 32.69749826937914 5446.791650988162 37.22476854920387 1119.461590118706 2848.298541173339 9.21332985162735 1.82017458230257 0.1598392277956009 0.6207898408174515 0.1954369246959686 3.397244483232498 16.0428514033556 0 4.041787125170231 1.850179590284824 0.7835893183946609 4.281362451612949 0.2623319327831268 0.681553952395916 0.683843269944191 0 3859.561055101454 1590.299641557038 64.9770198315382 2.037717401981354 0.8863548338413239 0 8.259658493101597 0 0.5632692724466324 1.121001422405243 20.85679998993874 4.185671851038933 3.716278687119484 2.300490595400333 0.6329271197319031 20.38947115838528 161.7620523050427 19.06665440648794 0.1369176357984543 1.960593447089195 5.784184403717518 0.1308887600898743 0.5850856006145477 1.258837103843689 15.38654112815857 6.368884637951851 147.7817924618721 2158.298551626503 72.96036607772112 83.44511691480875 24.03808850795031 10.39382730424404 6.824374586343765 198.1218146458268 7.3442218080163 8.841533698141575 5.272904068231583 6.22158245742321 36.75237222760916 69.99822689592838 11.76163032650948 2.363035842776299 0 542.57159088552 183.343791000545 145.1853676065803 18.26076140999794 4.020848616957664 90.89009173214436 2549.130890242755 56.47107776999474 499.9710628911853 73.82566302269697 0.2139535024762154 16.7743027061224 10.8268274590373 16.33408709615469 0 2.744366526603699 0 3.289888456463814 1.071397885680199 38.17809724062681 3.061336755752563 4.111967124044895 18.85162492096424 0.9707842171192169 0 0 81.18575064837933 0.3030979633331299 0 0.8722973465919495 0.512528732419014 1.003840908408165 21.30765088647604 0 19.24582608789206 2.693646550178528 1.576452746987343 6.419570624828339 17.53809203207493 4.938818901777267 34.48554176092148 19.81767904013395 0.5377077013254166 0.3037243634462357 0 0 0 0 0 0 0 0 0 0 0.1582418531179428 0 0.4151604473590851 0.5255206525325775 0.567846953868866 0.1686829179525375 0.2840711176395416 0.7783837765455246 0.3124040067195892 0.3081924319267273 0 0 19.13189496099949 0 4.709856256842613 0.4643236547708511 1.046219199895859 0 0 0 0 0 0 0 0.5008995532989502 0.1176547706127167 0 0 0.1472636759281158 0.6194325238466263 0 0.1547340154647827 0.2572142481803894 0.2020549178123474 0.4819224774837494 0.4229081571102142 0 0.1708337068557739 0 5.376402825117111 0 0 0 0 0 0 0 0 0 24.10228322446346 0 0 0 0.9633080661296844 8.307384237647057 0.4924398958683014 1.903080433607101 0 0.3324271738529205 0 0 0 0 0 0.1172923147678375 0 0.4525017291307449 0.2528326138854027 0 0 5.19666875898838 2.671104565262794 2.226110875606537 150.1155984550714 49.55386583507061 335.474843211472 24.30750887840986 244.0452792942524 48.80796267092228 5.524217590689659 50.39745599776506 2.129473201930523 0.6169179230928421 3.020176120102406 0.9486848413944244 1.109530389308929 0 0 0.4148335531353951 2.397978208959103 0.3956479728221893
1821.919256299734 2432.340102016926 92.88425502181053 0 325.3366872370243 359.9825165122747 1260.134471580386 0.7074120938777924 81.39280705153942 2018.132586225867 9.85257526487112 513.003973275423 3193.739466562867 49.27056391537189 0.5725132077932358 0 0.1663099825382233 0 0 0 0 0 0 0.6717690229415894 0 0.2298235446214676 0 0 0 0 30.34445194900036 2.703492671251297 1.006376832723618 0 0 0 1.223684549331665 0 0 0.3402589485049248 0 0 0 0 0 0.09971429407596588 21.09673763811588 2.182316780090332 0 0 0.161019966006279 0 0 0.4445057511329651 3.340694561600685 1.400426656007767 36.43844337761402 115.5618462413549 14.67855372279882 10.9209922850132 0 0 0 4.428710654377937 1.308412291109562 1.387198753654957 0.3227150440216064 0.8587010279297829 0 0 35.83749039471149 0 0 84.14759562164545 15.54206739366055 10.22858510166407 0 0 0 12.2989781498909 0 0.3776267096400261 13.30778965353966 0 3.111401669681072 2.767185211181641 1.186909653246403 0 0.6873642206192017 0 0.1638225167989731 0 0.5380076989531517 0 0 273.2603861242533 230.9948537647724 0 0 333.8461783230305 0 0 1.037425309419632 0.4322697222232819 0 28.85936746001244 0 14.77985642850399 35.59728197753429 3.89098809659481 10.7656717300415 28.70668479800224 9.935188934206963 23.30337196588516 3.72748214006424 0 0 0 0 0 0 0 0 0 0 0 0 0 0 0 0 0 0 0 0 0 0 0 0 3.055137470364571 0 0.9644150286912918 0 0 0 0 0 0 0 0 0 0 0.1226219162344933 0 0 0 0 0 0.3295669257640839 0 0.1243095248937607 0 0 0 0 0 1.268232852220535 0 0 0.1565084159374237 0 0 0 0 0 0 6.278383135795593 0 0 0 0 3.027307838201523 0 0 0 0 0 0 0 0 0 0 0 0.1236837133765221 0 0 0 1.756578221917152 0.4802445918321609 0 76.40798981487751 5.263480700552464 48.9992440789938 2.994659066200256 827.0920708179474 6.648332931101322 0.855985552072525 2.521792568266392 0 0.4681241810321808 0.2625425904989243 0 2.935437083244324 0 0 0 0 0
471.7117179706693 2047.30117341131 427.7251640707254 325.3366872370243 0 9.448529705405235 787.0852172523737 32.82678401470184 5804.472637757659 761.0656439289451 362.6882315203547 47.83222676813602 3694.876920595765 3101.263718917966 10.00631416589022 1.323373422026634 0.1465605646371841 0 0.1433863937854767 0.161824569106102 0.6433299854397774 0 0.1085042431950569 0.6231204271316528 0 0.4620607569813728 0.3862702921032906 0.5575146749615669 0.1432488113641739 0.1201514378190041 149.4755605906248 80.50010095536709 19.74394904077053 0 0.182211771607399 0 26.196394123137 0.2202354520559311 1.477273367345333 0 1.029686480760574 0.4429913908243179 0.2775543481111526 0 0 1.146834976971149 212.1777734234929 22.37998755276203 0.2338465452194214 0.4841780215501785 0.7227097898721695 0 0.5306866765022278 0.2485436052083969 9.840598665177822 3.161736331880093 41.8595080524683 189.1268467977643 34.12338840961456 72.99633382260799 0.4871167168021202 1.370636157691479 0.1813335418701172 82.58440800011158 9.43129938095808 7.799289509654045 3.60222353041172 1.910124152898788 1.715621575713158 1.30970686674118 49.71406823396683 6.039460763335228 0 262.1717983707786 103.8252696841955 173.3121597841382 18.0598715916276 1.321601063013077 0.239564061164856 50.47740257531404 2.226188108325005 3.465693898499012 64.23605719953775 3.752530097961426 17.97719569504261 9.756820783019066 7.439667008817196 0.1218704581260681 3.453928612172604 0.2482573017477989 2.454803913831711 0.9036816507577896 0.5382430404424667 0.8685185313224792 1.471637189388275 167.693514123559 1.339334547519684 0 0 18.72627787292004 1.620903849601746 1.630415737628937 8.018992573022842 2.034757435321808 18.14301589131355 174.3673908859491 0.3743288516998291 112.0523397475481 25.94858282804489 7.021088629961014 61.78261983394623 165.2838422209024 44.74394576251507 239.5106055438519 138.5481790974736 1.190751433372498 0.6021877452731133 0 0 0 0 0 0 0 0 0 0 0 0 0.1818076372146606 0 0 0 0 1.331411957740784 3.519432350993156 0 0 0 120.7208047509193 0 24.82818058878183 2.646536611020565 0 0 0 0 0.267999492585659 0.6400075852870941 0 0 2.240373283624649 1.411195576190948 0.2647165358066559 0 0.2587971836328506 0 0.1305402368307114 0.9824056625366211 0.8848237693309784 0.1208253353834152 0 0.9259181618690491 0 0 0.2962555587291718 47.21917569637299 0.2056853771209717 0 0 0.1332238763570786 0.1293000727891922 0 0 0 0 218.429636977613 0 0 0 0.1248488873243332 50.62112961709499 0.6995229125022888 8.214143916964531 5.136435821652412 1.42764875292778 1.562234818935394 0 0 0 0 0 0 0.4148711040616035 0 0 0 42.33173400163651 19.00073343515396 10.36856910586357 240.973939448595 74.13516557961702 496.5912757590413 39.49330782145262 128.4259126335382 66.27818355709314 4.188769891858101 113.0662870332599 11.39220426976681 0.6762558370828629 11.79541705548763 2.681314915418625 15.12995290011168 1.255748815834522 1.44255343079567 5.399804130196571 3.737436905503273 0.6758427917957306
150.3294001370668 224.1703762561083 19.43984141945839 359.9825165122747 9.448529705405235 0 88.46532160043716 1.636993184685707 14.61820844560862 413.3524061739445 10.05588632076979 80.11525565385818 171.5892876833677 12.91245430707932 0.9269936829805374 0.6600014045834541 0 0 0 0 0 3.868316471576691 0 0 0 0 0 0 0 0 36.51232986152172 0.6430689245462418 3.95374396443367 0 0 0 34.10761159658432 0 3.133037775754929 0.1837884187698364 0 0 0 0.7822108268737793 0.4454884380102158 0.7208669632673264 2.588359296321869 0.4408521056175232 0 0 0.1490593999624252 10.5102027207613 0.6015719473361969 0 0.3217581138014793 4.550262063741684 105.9646538794041 220.7981822639704 9.052842892706394 2.029044911265373 0 0.8010126352310181 0 0.4375620931386948 0.1254932284355164 0.604887917637825 0.1986825913190842 0.5804263949394226 0 0.1371364593505859 208.9629972279072 327.6686084121466 14.38030371069908 20.15364088118076 3.777911871671677 3.400536723434925 0.8821686804294586 0.4799834936857224 0.1864300668239594 6.399535089731216 0.5405845195055008 1.071151077747345 2.239626660943031 7.214833155274391 0.5349000468850136 5.967431277036667 0.162179708480835 33.67124330997467 13.22185172140598 22.80669544637203 4.798912182450294 6.163294762372971 0.2731682062149048 0.1228371635079384 0 564.5210248678923 194.7849893718958 31.36910074949265 14.05388404428959 443.5995910167694 0 0 0 0 0 0.6858702898025513 0 0.22649185359478 6.927244395017624 0 0.2795339524745941 0 0 2.19290754199028 0.6060827374458313 0 0 0 0 0 0 0 0 0 0 0 0 0 0 0 0 0 0 0.1834669858217239 0 0 0 0 0.1670497059822083 1.27794998884201 0 0 0.9983130395412445 0.5856854915618896 0 0 0 0 0 0.2228187173604965 0 0 0 0 0 0 0.2906650304794312 0 0 0 0 0 0 0 0 0 0.3542360067367554 0 0 0 0 0 0 0 0 0 1.488623693585396 0.8120284080505371 0 0 0.2146922498941422 0.3030472099781036 0 0 0 0 0 0 0 0 0 0 0 0 0 0.2379453480243683 0 0.5452322363853455 0.5433020293712616 1.294044837355614 5.81595928221941 3.132929302752018 6.970608957111835 0.7593446671962738 714.2102652415633 6.388138428330421 3.277304410934448 2.020764604210854 0.798522487282753 0 0.5532263442873955 0 2.720836162567139 0 0 0.2262919247150421 0.3471607118844986 0
477.2639379128814 973.7626583725214 70.13808517158031 1260.134471580386 787.0852172523737 88.46532160043716 0 9.435429692268372 1444.665584743023 2082.706191934645 97.72131853550673 350.561945527792 14247.96239092201 2645.600138902664 7.224149756133556 1.932909309864044 0 0.1370501071214676 0 0 0.7208240628242493 0 0.8917106986045837 0.2487141117453575 0.7060907483100891 1.140780083835125 0.1176870316267014 0.4929400905966759 0 0 41.19382435083389 19.17652852088213 21.20064273476601 0 0 0 22.43414552509785 0.2288402020931244 0.2478009611368179 0.3632877990603447 1.430016040802002 0.1217627301812172 0.1294598430395126 0.4204247370362282 0 0.509049728512764 121.6247945874929 14.22898869216442 0 0.5938486233353615 0.7794654667377472 0 0.1128410920500755 0.3174197375774384 11.63684260100126 5.536121152341366 38.98460185527802 135.1909022629261 28.9660070836544 47.87848515063524 0.1440517902374268 2.20625701546669 0 37.30758484452963 7.311780571937561 7.489405758678913 2.595570489764214 1.388831570744514 1.076025485992432 3.879437536001205 31.56679003685713 5.528218299150467 0 199.7599876821041 63.38549865782261 99.71046706289053 10.12078712880611 0.9351003617048264 0.9098152667284012 46.08038771897554 0.6793940588831902 5.991433002054691 52.16718034446239 0.3574366122484207 11.73293130844831 8.651991456747055 6.155742578208447 0.1256454437971115 4.447129718959332 0.1477570384740829 2.304352395236492 0.2933714389801025 4.653609476983547 0.3229983150959015 0.6315623372793198 424.5709221363068 30.50026421248913 0 0.1459462493658066 97.13251104205847 1.481613352894783 0.1887251734733582 12.38298144936562 4.838882714509964 14.68268899619579 225.2077616155148 1.20674130320549 132.1546260789037 65.68509268760681 12.66564805805683 65.22902004420757 188.9490378275514 64.37679103016853 259.0510670691729 103.3623298406601 0.964341975748539 0.2833001911640167 0 0 0 0 0 0 0 0 0 0 0 0 0 0 0 0 0 0.7144009619951248 1.083771377801895 0 0 0 91.5308364033699 0 17.62048571556807 0.7753192633390427 0.3343821465969086 0 0 0 0.3876026570796967 0.2690806984901428 0 0 1.558862417936325 0.8653446137905121 0 0 0 0 0.3430921882390976 0.7621341943740845 0.9231805503368378 0.1285689175128937 1.041181311011314 1.950070746243 0 0 0 29.74579340219498 0 0 0.480245053768158 0.4479666873812675 0 0 0.3133037760853767 0 0 171.3901725485921 0 0 0 0 29.87701158225536 0.498098611831665 3.009983316063881 2.559876441955566 0.737023837864399 0.1255293935537338 0.1256862729787827 0 0 0.1111719682812691 0 0 0.4670152589678764 0.1349711120128632 0 0.3359720408916473 35.24540743976831 10.42302621901035 8.221623934805393 179.4340139254928 45.85214884579182 296.0009636059403 24.44731249660254 419.4320202320814 45.3114820048213 3.339977785944939 68.60856385529041 4.093583397567272 1.599684961140156 9.205602012574673 2.344052322208881 14.08947712182999 1.150495424866676 2.067280232906342 2.568853795528412 4.538877837359905 1.787921577692032
332.4351431950927 655.6302771419287 7347.744443833828 0.7074120938777924 32.82678401470184 1.636993184685707 9.435429692268372 0 180.6182180643082 2.753620997071266 2413.978648848832 12.02495135366917 203.322048805654 956.7581484913826 14.38866788893938 3.904802642762661 1.170930504798889 1.452883809804916 0 15.54143956303596 51.18627817183733 0 7.444931775331497 3.652471765875816 2.47993041574955 11.73945333063602 1.017469793558121 0.4623009413480759 0.5302993878722191 0.1033380255103111 1852.381866015494 2343.637696765363 32.83024933189154 5.568438544869423 3.993146523833275 0.5712571144104004 14.61283884197474 0.8988665267825127 0 1.346023827791214 44.44016412645578 9.630663856863976 6.311286121606827 10.94514985382557 2.876104578375816 92.35586076229811 159.1845939233899 11.29103124141693 0.2749354019761086 6.261187717318535 11.80095793306828 0 0 0.1302485913038254 5.912997707724571 2.462837509810925 56.89503503590822 624.1133471876383 28.87195679545403 62.60222256928682 96.07158230245113 30.94414940476418 14.4705041795969 179.1284879744053 5.709263183176517 5.777976289391518 4.283209308981895 8.880424521863461 57.62754584848881 159.0353842526674 14.19916881620884 1.375662088394165 0 340.2601584792137 168.0600164681673 233.4762367606163 211.7606063559651 76.50684998184443 1383.336272388697 1293.639380715787 411.4267827197909 2548.428966909647 44.9874227643013 0 8.680735982954502 7.500700891017914 16.25651240348816 0 3.355030588805676 0.3092736154794693 2.714602664113045 0.4797681495547295 80.04093166440725 4.82420739531517 5.523612074553967 19.97519274055958 0.1868839263916016 0 0 20.32230767607689 0 0 0 0 0.5174556523561478 14.94324807822704 0 3.444730460643768 0.1993327140808105 0.8574771881103516 2.672982886433601 13.98095819354057 2.308208554983139 30.17559234797955 12.31047753989697 0 0.1361848115921021 0 0.141419842839241 0 0 0 0 0 0 0.3075615018606186 0 0.1876296103000641 0.1874633431434631 0 0.2680510580539703 0.1476367115974426 0.1893027722835541 0 0 0.24051533639431 0 0 0.4384301602840424 12.53104513883591 0.5641539990901947 3.384241372346878 3.065224289894104 0.9048449695110321 0 0 0 0 0 0 0 0 0.6378095746040344 0 0 0 0.5776763558387756 1.063445627689362 0 0 0.1898318380117416 0 0.1835087984800339 0 0 0.2426833957433701 5.292010076344013 0 0 0 0 0 0.1550347656011581 0 0 0.4622195363044739 20.32057799398899 0 0 0 0 7.093149095773697 2.335292145609856 1.783936932682991 0.3696537613868713 0.3951848745346069 0.2446620315313339 0.4303219318389893 0 0.4606239795684814 0.1414366811513901 0 0 0.7908710315823555 0 0 0.3885253667831421 2.247158020734787 2.604670062661171 2.352440401911736 155.755390919745 32.96950961649418 391.0066801980138 20.7136368304491 54.32872716337442 39.04509042203426 1.359584651887417 57.95481369644403 3.175906583666801 0.4078259840607643 1.777538806200027 1.124941371381283 0.7820115834474564 0.1054114699363708 0.3650844097137451 0.571107879281044 1.970093607902527 0.6595384180545807
32.34126327186823 1769.522274814546 1141.293818801641 81.39280705153942 5804.472637757659 14.61820844560862 1444.665584743023 180.6182180643082 0 471.3830978646874 3427.239388816059 89.1141017973423 2420.028176963329 1414.242995150387 11.47376795113087 1.966108210384846 0.4726663827896118 0.2310792207717896 0 0.1200114041566849 0.2796480357646942 0 0.2608095481991768 0.2521465644240379 0 0.2273052036762238 0.1209506243467331 0.301627591252327 0.1603096574544907 0.1049335077404976 27.3911891207099 26.60104460269213 7.77160333096981 0 0 0 10.8271359950304 0.09205910563468933 1.115557298064232 0.8495436385273933 1.5967036485672 0.2093100994825363 0.1034082323312759 0.3252114951610565 0.3764514625072479 0.5800146460533142 97.06131736189127 6.619987048208714 0 0.1394928246736526 0.4803835153579712 0 0 0.1244272738695145 3.783637978136539 1.259393185377121 16.16766317933798 45.53676428645849 12.7522539049387 34.19917500019073 0.2863322198390961 1.954261161386967 0 37.23106992989779 2.493879966437817 3.404973819851875 1.1142573133111 0.7107966169714928 2.702748566865921 3.49727625399828 14.11902537941933 5.271948903799057 0 97.69815517961979 43.02319926023483 117.1041936799884 16.77631513774395 2.764345087110996 0.764446809887886 23.50671571493149 0.6353481858968735 7.623703062534332 19.47208362817764 0 6.3878368511796 3.621910475194454 2.681849591434002 0 1.257207199931145 0 1.356031805276871 0.4339981377124786 3.141457080841064 0.9027172029018402 0.5482016801834106 225.6569130569696 8.126864239573479 0 0.2425074428319931 18.2737837806344 2.041314095258713 0.3970661163330078 9.707898020744324 2.165147319436073 11.75829404592514 207.4844205006957 0.5625888109207153 139.9118509739637 20.00402641296387 10.70311993360519 59.96400855481625 185.1554608270526 55.7207208275795 252.8942352682352 123.0046980604529 0.7289073839783669 0.3863025233149529 0 0 0 0 0 0.1212023794651031 0 0 0 0 0 0 0 0 0 0 0 0.8224255293607712 1.398979753255844 0 0 0 90.02012991160154 0 15.51884390413761 1.374377638101578 0 0.1229571029543877 0 0 0 0.5373058393597603 0 0 0.6599668711423874 1.710946053266525 0 0 0 0 0.304106280207634 0.5156524032354355 1.053572818636894 0.3256232589483261 0.6332750618457794 1.200034767389297 0 0 0 30.1145481839776 0 0 0 0 0 0 0 0 0 175.1941009536386 0 0 0 0 38.20290190726519 0.3271668255329132 4.732049331068993 2.847802989184856 0.6050186306238174 0.5112948939204216 0 0.1279532760381699 0.1143671199679375 0.2985786944627762 0.09180829674005508 0 0.3457313477993011 0 0 0 46.62239585071802 10.20283882319927 8.064238347113132 169.8956123441458 36.85551090538502 285.304539822042 30.70313369482756 52.6612668260932 45.80153853446245 3.830971017479897 98.70630152523518 7.17307510972023 1.051810495555401 8.825974099338055 0.8479110077023506 21.11311561614275 0.7982777804136276 0 4.055294036865234 4.798661008477211 1.369899764657021
1456.92608692497 662.3199158608913 32.69749826937914 2018.132586225867 761.0656439289451 413.3524061739445 2082.706191934645 2.753620997071266 471.3830978646874 0 31.58009535074234 868.8646068871021 8893.580466166139 197.2110424786806 0.4738135635852814 0.2829607874155045 0.1213353946805 0 0 0 0 0 0 0 0 0 0 0 0 0 20.29959008842707 1.508923143148422 8.045514136552811 0 0 0 54.33412417769432 0 0 0.3891441226005554 0 0 0.3462132215499878 0 0 0 23.67683032155037 3.822520934045315 0.3299025297164917 0 0.5567518621683121 0 0 0 4.650923803448677 2.224634572863579 53.96808843314648 125.3649495095015 20.07828538864851 18.16017747670412 0 0 0 4.53007136285305 1.766476839780807 1.558097533881664 0.2471771091222763 0.8344224616885185 0 1.099127933382988 180.362969905138 4.491666182875633 0 93.54421211779118 20.23648890852928 14.79881635308266 1.099314317107201 0 0 15.48455255478621 0.09915568679571152 3.875758908689022 19.03603659570217 0 2.128591977059841 2.395156048238277 0.6165257170796394 0 0.6032103896141052 0 0.5178704410791397 0 0.6580244153738022 0.4700390249490738 0.36957186460495 892.8039957284927 281.075261682272 0 0 676.0784233659506 0.983515739440918 0 17.36752294003963 8.307077348232269 11.88796211779118 271.1134647130966 0 143.0328153073788 70.21262811124325 22.99853312969208 62.08430673182011 189.4421154409647 108.7142634242773 440.4465034306049 47.97727386653423 0.4624405205249786 0.5329889431595802 0 0 0 0 0 0 0 0 0 0 0 0 0 0 0 0 0 2.175053134560585 0.8709750175476074 0 0 0 41.65153490006924 0 11.60074242949486 0.4376987814903259 0 0 0 0 0 0 0 0 0 0.6621589064598083 0 0 0 0 0 0.8180598691105843 0.4100102186203003 0 0.4178407788276672 0.6658110022544861 0 0 0 12.3008004128933 0 0 0.2663590312004089 0 0 0 0 0 0 81.12358382344246 0 0 0 0 23.25087600946426 0.2365527302026749 3.731717109680176 1.740642711520195 1.180805146694183 0 0.4051337540149689 0 0.1398615390062332 0.3240403532981873 0 0 0.3601087629795074 0.2768271267414093 0 0.3363604247570038 27.14122824370861 2.51314003765583 4.093383401632309 164.1440495997667 8.60061290115118 59.59140358865261 7.41898138821125 993.6533195525408 12.12733966112137 6.46102486550808 8.334548443555832 6.07883283495903 0.2081834673881531 4.448158331215382 0.3068254515528679 31.32102845609188 3.550325244665146 0.2490893378853798 0.5274907350540161 0 0.1654916405677795
526.6422343179584 1725.034607023001 5446.791650988162 9.85257526487112 362.6882315203547 10.05588632076979 97.72131853550673 2413.978648848832 3427.239388816059 31.58009535074234 0 227.077716588974 3655.915182009339 7367.805737785995 34.56243303418159 5.486586041748524 0.5453788191080093 0.6190119981765747 0.4384781569242477 0.3096588402986526 8.227954611182213 0 1.69402277469635 0.9338736683130264 1.341114342212677 7.167640581727028 0.3906735777854919 0.6149679645895958 1.773212380707264 0.2385303825139999 573.3452483788133 269.4960752353072 85.30608987808228 1.081862583756447 0.7733668237924576 0.2153831124305725 46.63978389650583 0.3728048950433731 0.7666474506258965 1.204438909888268 17.01166546344757 1.180772632360458 0.7125756442546844 2.428534477949142 2.166363507509232 6.462237402796745 305.2525271326303 21.88649287819862 0 1.031568452715874 12.90625973790884 0 0.1314342170953751 0.3571496307849884 10.36595717072487 4.565282076597214 45.82066915184259 275.2720990628004 39.97808682918549 104.3382639214396 4.028635449707508 8.842718452215195 0.4604734182357788 140.3048843964934 6.883622676134109 7.507086575031281 6.638872660696507 5.422998376190662 8.916054829955101 28.57718618959188 45.10892359912395 6.89285808801651 0 329.1281955838203 139.5134140998125 385.8166757375002 60.83003495633602 11.95518517494202 148.2444978952408 1446.359723605216 13.49363355338573 208.9347907528281 63.94302832335234 0 17.54567575454712 10.37702474743128 7.388027153909206 0 6.449561320245266 0 4.069900862872601 0.9763824045658112 28.03361262381077 8.284923389554024 3.48573799431324 162.3463666439056 1.283601582050323 0 0 20.55078700184822 1.675020292401314 1.338270843029022 5.733128219842911 0 7.991461098194122 111.0194595754147 0.3905357718467712 79.32907766103745 6.06999297440052 4.721286058425903 26.25799690186977 120.0032213702798 28.47406825423241 215.3967373520136 99.25732111930847 0.8725449293851852 0.6512433513998985 0 0.133607804775238 0 0 0 0 0 0 0 0 0 0 0 0 0.1181555986404419 0.174228236079216 0 2.210353896021843 1.202220365405083 0.2022039443254471 0.1695099920034409 0 105.3811028376222 0 18.17551411688328 1.996783018112183 0.8105628788471222 0 0 0 0 0.3285602331161499 0.1410215646028519 0 1.846582166850567 1.68621614575386 0 0.4078626930713654 0 0.4735145717859268 0.609332486987114 1.606557905673981 0.8705871552228928 0.9205078110098839 2.718400865793228 1.898858770728111 0 0 0 39.65542115271091 0 0.1454725414514542 0.2051983848214149 0.4219402447342873 0 0 0 0 0 149.7955032065511 0.2393573224544525 0 0 0.2882336676120758 36.57002149522305 0.1891312897205353 4.647617742419243 4.76396805793047 0.8131127879023552 0.5413992628455162 0 0.2106583267450333 0 0 0 0 0.9363509267568588 0.12771937251091 0 0 30.38786792755127 10.76342752575874 8.261634171009064 517.9800098985434 91.70357624441385 810.7241781949997 75.72128856927156 133.3551828414202 121.1874950602651 10.1048681512475 257.4328946173191 10.35123719274998 4.028708942234516 8.542844660580158 2.465337671339512 10.04455175995827 1.60558320581913 0.4507426247000694 4.661842122673988 10.18959508091211 2.232091471552849
62.42424480617046 78.20874735713005 37.22476854920387 513.003973275423 47.83222676813602 80.11525565385818 350.561945527792 12.02495135366917 89.1141017973423 868.8646068871021 227.077716588974 0 3324.524262420833 753.1005668193102 7.571247562766075 1.829849317669868 0 0 0 0.182094007730484 0.4245123267173767 0 0 0 0 0.3290995657444 0 0 0 0 2.02472685277462 2.315295487642288 82.49705143272877 0.6396220773458481 0 0 41.5175511315465 0.3026701509952545 2.400699876248837 0.1704348921775818 1.26069463789463 0.4459173083305359 0 1.558239571750164 0.637131080031395 0.2091490924358368 20.77316655218601 1.625610493123531 0 0.1807109862565994 3.433267697691917 0.384172797203064 0 0 0 0.1330620646476746 5.037178114056587 4.922259546816349 2.866060152649879 4.679140396416187 0 1.4959467202425 0.2561721205711365 3.482406556606293 0 0.3473293408751488 0.6603723019361496 0.6777386218309402 1.064538866281509 3.053750798106194 64.21833956241608 11.6850181221962 0 13.79208369553089 5.927093639969826 26.93432205915451 5.916760370135307 3.363519191741943 5.338240325450897 596.6749607175589 0.136403352022171 40.66782079637051 3.029232300817966 0 0.6999037489295006 0.3714548274874687 0.8982800096273422 0.1519272327423096 1.274375595152378 0 2.928258031606674 0.2847082316875458 15.09887264668941 2.915013134479523 2.407003372907639 927.412472859025 19.99233193695545 0 0.2219817340373993 68.43542098999023 0.8987062126398087 1.29980756342411 4.976361155509949 0.8359706997871399 4.282767444849014 107.0442938357592 0.5229305177927017 70.03810356557369 13.43147926032543 7.74989165365696 25.26403108239174 107.9459768608212 35.04996088147163 157.8763960450888 53.22348875552416 0.4005889967083931 0.1189128011465073 0 0 0 0 0.1689062267541885 0 0 0 0 0 0 0 0.1409062147140503 0 0.1309787780046463 0 0 0.3183558285236359 1.593045048415661 0 0.2485000938177109 0 62.58784724771976 0 10.16106574237347 1.533493429422379 0.1600638628005981 0 0 0 0 0.3043642640113831 0.3696961179375648 0 0.1193463280797005 1.037451945245266 0 0 0.4333896189928055 0.4459490031003952 0.1374540776014328 0.1618399024009705 0.3150112926959991 0.1934296786785126 0.3177294731140137 0.243269644677639 0 0.1396022140979767 0 16.19386970996857 0 0 0 0 0 0 0 0 0.1866929978132248 100.2983816117048 0.6865890175104141 0 0 0.1361650973558426 14.905028834939 0 0.6396442204713821 1.253490597009659 0.769245982170105 0.1230412945151329 0 0 0.3038379848003387 0 0 0 0 0 0 0 39.17476697266102 9.352986305952072 2.877691611647606 63.77600468695164 7.569319449365139 70.77125362306833 7.683660559356213 75.58470198512077 10.59132615476847 0.7361537292599678 29.72945816069841 3.661492988467216 0.5102155655622482 4.293362483382225 0.2660940289497375 7.510471194982529 0.3030412048101425 0 1.223497554659843 1.440581724047661 0.9520360827445984
210.6750347465277 2845.164463832974 1119.461590118706 3193.739466562867 3694.876920595765 171.5892876833677 14247.96239092201 203.322048805654 2420.028176963329 8893.580466166139 3655.915182009339 3324.524262420833 0 5477.570849336684 84.44415763765574 16.30072454363108 0.9682631641626358 0.6572393178939819 0.4743029400706291 0.5872357338666916 7.448981039226055 1.090354517102242 1.526528239250183 2.824643492698669 1.691970624029636 5.776708483695984 0.8412066847085953 0.6356650665402412 1.860426381230354 0.0911531001329422 21.27270174026489 33.91640780121088 1226.009343057871 2.106229886412621 0.350505068898201 0.1251118779182434 211.2130764946342 0.3360502868890762 19.07402259111404 9.159370198845863 23.17971118539572 1.921379074454308 0.518558144569397 10.69282755255699 4.62839312851429 4.678496226668358 295.672613710165 15.46583843231201 0.1296323239803314 1.7428238093853 33.76895806193352 1.126341342926025 1.84327720105648 1.395057626068592 6.648832961916924 3.321500718593597 28.34213792532682 55.85324887186289 30.79693549871445 85.12068505585194 2.184699311852455 18.50720340013504 0.2049604058265686 77.1211119890213 5.3272799924016 5.531080298125744 9.686836913228035 11.00438816100359 11.20021867752075 49.76669528335333 216.8646605834365 43.51359020918608 0 187.6431537643075 80.66136552393436 346.7637781873345 89.66518276184797 24.63288247585297 3.818744450807571 2447.007453925908 3.232418954372406 74.47772993892431 41.84187107533216 0 13.58680835366249 9.210919283330441 6.50528722256422 0.7213756442070007 7.924139104783535 0.7116271257400513 17.63819639384747 1.210869170725346 87.47389954328537 22.79280275851488 9.560612760484219 4953.130771964788 518.0449733138084 0 1.208920210599899 141.9630947709084 5.269409134984016 0.2483257651329041 33.35346284508705 7.354211777448654 55.59484696388245 751.7664189934731 2.32282018661499 448.7539737001061 137.5453075170517 51.39544135332108 215.7188295796514 676.3312080949545 245.3441656976938 929.9506515040994 394.7386125177145 2.328749440610409 1.940317094326019 0 0.5197678506374359 0 0 0 0.1649028062820435 0.5458981543779373 0 0.5344148874282837 0.1583095043897629 0.4546811282634735 0.4374148994684219 1.372542463243008 0.3926127925515175 2.955049350857735 0 0.6721239387989044 5.697480648756027 8.177222296595573 0 0.8911968544125557 1.029605567455292 295.8494751527905 0.5012111514806747 52.61459924280643 10.78662152588367 3.097200900316238 0.407368890941143 0.6725935637950897 0.1570816338062286 0.3818353414535522 1.895502865314484 1.837026670575142 0.1490651071071625 3.004117369651794 4.762888930737972 0.1545273214578629 0.4946433901786804 0 1.440691500902176 0.6815834492444992 1.533244803547859 2.019771263003349 0.9330008402466774 4.03528468310833 3.840313494205475 0 0.3968480229377747 1.29575015604496 100.4757673591375 0.4691415578126907 0.5367961302399635 0.697317361831665 0.5365656912326813 0.1099764108657837 0 1.264407753944397 0 0.8916587084531784 759.2223205193877 2.348854660987854 0 0 0.7286821529269218 110.4817396625876 3.097839713096619 15.31352704763412 5.302614748477936 2.105058431625366 1.505057513713837 0.9801982864737511 0.6920083612203598 0.170973464846611 1.675855159759521 0 0 0.5859342142939568 0.1550402194261551 0.2231750786304474 0.7717757076025009 219.0851307660341 56.77770023047924 25.69958138465881 607.3270600661635 109.5593297407031 745.6776068210602 102.2843340411782 353.2036982551217 127.0095200464129 11.90434902906418 348.2930728346109 26.64976730942726 3.812744066119194 24.21648001670837 5.97358987480402 36.38404583930969 1.649142697453499 0.9771414995193481 6.324449822306633 23.24156630784273 8.432231597602367
117.3776154145598 2332.721699677408 2848.298541173339 49.27056391537189 3101.263718917966 12.91245430707932 2645.600138902664 956.7581484913826 1414.242995150387 197.2110424786806 7367.805737785995 753.1005668193102 5477.570849336684 0 33.56105844676495 7.330533690750599 0.2644137591123581 0.368304967880249 0 0.142837181687355 2.01382914185524 0.3589450716972351 0 1.667718753218651 0.8212313205003738 4.585280671715736 0.1038251966238022 2.377559967339039 2.28317429125309 0 59.51684153825045 33.34567250311375 906.6993403285742 1.387566030025482 0.3045143187046051 0 469.7878814935684 1.585148453712463 35.87365566194057 26.68814926594496 11.37361927330494 1.339667648077011 0.6697172522544861 6.600842885673046 2.94517008960247 2.06726349145174 150.3034135997295 6.239736720919609 0 0.7952040135860443 17.94893049448729 1.345221355557442 0.2858342528343201 0.7380523234605789 4.113827414810658 2.529151789844036 19.61392062157393 56.76941162347794 15.43350220471621 43.60238486528397 0.5660708397626877 16.60945976525545 0.4690167009830475 53.05638068914413 3.06293947994709 3.562803350389004 5.003786139190197 3.675066217780113 8.067350164055824 25.17829643189907 89.40511746704578 10.22440445423126 0 118.9764243587852 55.77850851416588 204.5025637894869 44.74413505941629 9.561513222754002 33.88742975890636 2731.431317478418 2.522667072713375 169.3974592834711 20.14619836211205 0 5.997183732688427 3.88886097073555 3.60898881405592 0.1344471573829651 3.110463015735149 0.3925352618098259 14.11588284373283 2.11402340233326 50.51430644840002 9.247160710394382 5.220612749457359 250.8282999992371 4.245326802134514 0 1.457301691174507 15.63432990014553 0.8676905184984207 0 6.331877022981644 0.6683724820613861 12.55999608337879 141.309068582952 1.104054197669029 107.399355404079 13.57543969154358 7.629741638898849 35.40318316221237 150.0181838274002 39.83283996582031 220.6574933081865 82.50725407153368 0.5227953866124153 0.251133494079113 0 0 0 0 0.08380421996116638 0 0.2432529181241989 0 0.1516172885894775 0.2246357649564743 0.1478206366300583 0.2870582938194275 0.8046619445085526 0.40787223726511 0.3777223080396652 0 1.580059319734573 1.44479788839817 0.9706225395202637 0 0.7873261123895645 1.014339365065098 84.91742538660765 0 11.85486199706793 3.991862773895264 2.084190234541893 0.1401301026344299 0 0 0.2231916934251785 0.3486102521419525 0.7927300631999969 0 1.431166797876358 0.2960064485669136 0 0.1363714635372162 0 1.400784149765968 0.2783855497837067 0.1648128479719162 0.2455871850252151 0 0.3005287125706673 0.9584416747093201 0 0 0.302267849445343 25.34026125073433 0 0 0.2168162316083908 0.1228284910321236 0 0 0 0 0 158.2014575302601 0.504844531416893 0 0 0 31.45661026239395 0.3725362420082092 4.958253309130669 1.59471370279789 0.2606938034296036 0.147071972489357 0 0 0 0 0 0 0.2598097249865532 0.2251252457499504 0 0 34.90701794624329 9.5052630007267 10.49443336576223 336.1390604823828 46.93417476117611 432.3897504657507 44.51749808341265 81.59589549154043 68.20431191474199 4.334233552217484 172.3544077351689 6.614822082221508 0.1009205430746078 6.547127075493336 1.37896753847599 11.6287233158946 0.6898662596940994 1.520698934793472 1.385660976171494 7.548009976744652 2.813187494874001
