0 6980.98733189702 231.2859327271581 2189.180332519114 516.7295533567667 214.1283616125584 1651.992777787149 2.87843020260334 184.8091531693935 1335.011090599 197.9990244731307 60.72550807893276 321.9834758639336 248.6633349657059 8.678870029747486 1.521503828465939 0.4897833466529846 0.4053152650594711 0 0 0.1567162275314331 0 0 0 0 0.1221280694007874 0.09776817262172699 0 0 0 827.1205167025328 1.057120352983475 7.391510382294655 0 0.1636643707752228 0 4.409033015370369 1.128942228853703 0.6417166143655777 0.5639087557792664 0.1276300251483917 0.1260839700698853 0 0.8452723249793053 0 0.124652124941349 84.84471680969 10.15339179337025 0.132896676659584 0.1925221234560013 0.2381143122911453 0 0 0 4.200130827724934 5.56991358846426 755.9661469236016 2218.585123702884 116.1425194069743 12.39030095934868 0 0.2819711491465569 0 18.49151821434498 2.071651726961136 2.431585341691971 0.2976832389831543 0.2259987965226173 0.4968466907739639 0.5471273362636566 6.164150267839432 0 0 478.7999608367682 156.1074640080333 99.91880397498608 15.96383793652058 1.362270295619965 0.463557094335556 6.316849678754807 0.5595937669277191 1.309435188770294 77.22246042639017 0.3717510402202606 4.74520343542099 3.602239407598972 2.416345000267029 0.1113643422722816 1.414245016872883 0 0 0.1080707460641861 0 0.1266215741634369 0 157.5447875410318 0 0 0.551404744386673 1933.70352229476 0 0 0 0 0 7.316925197839737 0.3126122653484344 0 2.497333809733391 0 0.1726170629262924 0 4.813166797161102 3.688679486513138 0 0.1044252812862396 0 0 0 0 0 0 0 0 0 0 0 0 0 0 0 0.3316804468631744 0 0 0 0 0 0 0 1.498198576271534 0 0.4220286458730698 0 0.1324726343154907 0 0 0 0 0 0 0 0 0 0 0 0 0 0 0 0 0 0.1107546985149384 0 0 0 0 0.5259462743997574 0 0 0 0 0 0 0 0 0 1.64164400100708 0 0 0 0 0 0 0 0 0 0.1678707450628281 0 0 0 0 0 0 0 0 0 0 2.852565929293633 0 0.7508431822061539 51.43951222300529 6.46126401424408 112.6854629293084 20.14714951068163 1243.568425521255 52.68270347267389 2.489230304956436 3.345461711287498 0.2443248555064201 0 0.4089652895927429 0 0.1007115393877029 0 0 0 0.1824967861175537 0
6980.98733189702 0 1079.110944569111 921.6240000277758 4411.648596860468 232.809678196907 4314.984384469688 36.18594044446945 3331.041160136461 473.4770126491785 1235.759569637477 64.06104613095522 3597.95519836247 2574.265770472586 27.36483845859766 3.205260507762432 1.025826193392277 0.249098114669323 0 0.2237512618303299 0.7418537139892578 0 0 0.2420385479927063 0.5725868195295334 0.263048954308033 0 0.6084818243980408 0.1655615717172623 0.09803369641304016 6703.814937569201 8.269724942743778 23.83441880345345 0 0 0.5507221817970276 10.66095791012049 1.752173565328121 2.518689505755901 1.811791360378265 0.3655451238155365 0.1313457489013672 0.514370322227478 0.2845851629972458 0 0.7306147441267967 192.8578567057848 25.02968297153711 0.3073891550302505 0.6239383965730667 0.753149576485157 0 0.2468760907649994 0.2712684273719788 8.985117860138416 10.72554162889719 644.0254385173321 3169.349306493998 105.7858444303274 28.16551854461432 0.2559523582458496 0.9017313942313194 0.2760879248380661 239.2774746641517 6.349253609776497 4.710268720984459 1.878663279116154 0.7132956236600876 0 1.985697984695435 11.8080839663744 0 0 633.4629417285323 493.4430689513683 249.904171526432 94.56776078790426 5.385247007012367 7.032475128769875 33.34081826359034 1.049464970827103 10.18368919193745 143.7717403396964 1.151923581957817 9.545751549303532 7.516370743513107 3.113621234893799 0.3010498881340027 2.534599527716637 0 0.2604544535279274 0.357381597161293 0.4506759569048882 0 0.1153334751725197 49.72948321700096 0 0 0.2163157686591148 682.227929443121 0 0 0 0 0.2165167182683945 12.41335168480873 0.7661843001842499 0 4.44164252281189 0.6984069794416428 0.719727486371994 1.746107518672943 8.26241110265255 12.35169716179371 3.003376364707947 0.1457992792129517 0.1570708155632019 0 0 0 0 0 0 0 0 0 0 0 0 0 0 0.2512974441051483 0 0 0 0.1509970128536224 0 0 0 1.862323626875877 0.5520216822624207 2.788133710622787 0 0.267277330160141 0 0 0 0 0 0 0 0 1.009391143918037 0 0 0 0.7234793081879616 0 0 0 0 0 0 0 0 0 3.068318665027618 0 0 0 0 0 0 0 0 0 6.960930168628693 0 0 0 0 0.4508654475212097 0 0 0 0 0.5821038633584976 0 0.1544536203145981 0 0 0 0 0.1359306275844574 0 0 0 3.479965135455132 0.5494164973497391 1.514975130558014 69.56180748343468 12.13534903526306 245.2900089472532 42.256680727005 399.2611282542348 60.4998706355691 4.778040625154972 12.0859873816371 0.9907755851745605 0 0.2464751452207565 0 0 0 0 0 0.314874678850174 0
231.2859327271581 1079.110944569111 0 2.391046285629272 863.4362559840083 1.347867667675018 144.4621316641569 1171.43014523387 1191.498595938087 8.776705987751484 3811.368956968188 26.2155704498291 622.5220549628139 1250.989592924714 52.66740224510431 35.26124857366085 7.862702503800392 11.10915710777044 6.322061240673065 29.89233835786581 35.07267108559608 0 4.294349014759064 4.997716188430786 4.871085479855537 3.333600953221321 1.784720599651337 0.2054733484983444 0 0.131256178021431 4149.057295225561 236.4015556722879 161.066024415195 6.876986429095268 8.082679010927677 2.242946654558182 78.65383046865463 12.65903893113136 17.26392543315887 12.69261103123426 12.89133778959513 3.880573853850365 16.31778480112553 11.85459665954113 5.114968881011009 13.00491813570261 111.7349891960621 8.554319053888321 2.745220601558685 48.79339857399464 6.430859483778477 0.2662571296095848 2.233371794223785 0.28566674888134 1.55060700327158 2.244927756488323 89.97017380595207 857.2060877159238 9.764190554618835 13.44602077454329 20.61375716328621 27.78242571651936 7.036667585372925 1337.567361332476 1.524914100766182 7.796852119266987 2.943657755851746 13.00774310529232 16.35501979291439 111.9958222210407 55.911107853055 0.1280815452337265 0 99.56962876021862 153.8565617725253 100.9852205067873 136.5372588559985 33.87520546466112 545.4935741052032 1640.284645408392 23.64485937356949 1132.998584799469 23.25716243684292 0.4758048877120018 4.449857585132122 1.372836992144585 27.28886846452951 0.1462568342685699 3.36378213763237 0.1365233659744263 4.094861432909966 1.49532038718462 15.14475335925817 2.383588127791882 0.1082414537668228 13.96538501977921 0.5173378884792328 0 0.49579057097435 35.69125662744045 0.5469616055488586 0 0 0 0 2.000456422567368 0.7191858291625977 0 2.685752123594284 2.984676316380501 0.1388970613479614 1.112486615777016 8.134714335203171 9.862901151180267 3.917925000190735 0 0 0.2686436474323273 0.1873480826616287 0 0 0 0 0 0 0 0 0.9924588054418564 0 0.7853067666292191 0 0.9257355034351349 0.3712834715843201 0.1307335495948792 0.1860801726579666 0.1434706598520279 0 0 0.427920788526535 4.884430706501007 0.608559787273407 7.291963770985603 8.049814596772194 3.618786334991455 0 0.1545946002006531 0 0 0.2118947803974152 0.9709663391113281 0 0.1045105755329132 1.247117206454277 0 0 0.1561397463083267 2.431828990578651 0 0 0 0 0.4349898993968964 0 0 0 0.3556839823722839 3.268769271671772 0.09474113583564758 0 0 0 0 0 0 0 0.1129938662052155 13.562759809196 0.7623656690120697 0 0 0 0.9995401278138161 0 0 0.5775337219238281 0.125435546040535 1.347193390130997 0 0 0 0 0 0 0.1482134908437729 0 0 0 7.38667070120573 3.607907086610794 4.214519582688808 142.5685244724154 29.08128099888563 149.1502683460712 40.76325605809689 22.09962721168995 10.29791181534529 2.122584015130997 38.53947779536247 5.8555993065238 1.151529490947723 1.090536184608936 0.3555976748466492 1.044382303953171 0 0 1.943321168422699 3.061187878251076 0.373263031244278
2189.180332519114 921.6240000277758 2.391046285629272 0 81.84221990406513 425.4949087351561 1393.520980678499 0 70.14365730434656 1887.16040019691 1.219435289502144 1.280189126729965 407.2158957868814 63.68277801573277 5.008030205965042 0.2274632155895233 0 0 0 0 0 0 0 0 0.1092258468270302 0 0 0 0 0 15.21678812801838 0 0.1019095554947853 0 0 0.1715438663959503 0.4733016639947891 0 0.3447327688336372 0.1260970383882523 0 0 0 0 0 0 37.31283831596375 3.74503993242979 0 0 0.1464431136846542 0 0 0 0.8919887766242027 1.821021877229214 64.21163912862539 87.36095800995827 12.23188474029303 5.788800396025181 0 0.09924381971359253 0 24.19879491627216 0.5670892670750618 1.072544544935226 0.1050752997398376 0 0 0.5557761937379837 0 0 0 78.8298574835062 86.59552565962076 51.70663454383612 13.85116156190634 0.2436906844377518 0 0 0 0.4029055833816528 23.17829226702452 0.8865974247455597 2.113893054425716 1.255146838724613 0.8253291994333267 0 0.7355711832642555 0 0.1225756928324699 0 0 0.1392413228750229 0 58.60235048830509 0 0 0.2128452658653259 70.70226073265076 0 0 0 0 0 6.848237007856369 0 0 6.246477991342545 1.104413866996765 0 0 1.519253864884377 3.208242729306221 0.548019215464592 0 0 0 0 0 0 0 0 0 0 0 0 0 0 0 0 0 0 0 0 0 0 0 0 0.1774836033582687 0 0 0 0 0 0 0 0 0 0 0 0 0 0 0 0 0 0 0 0 0 0 0 0 0.1266532838344574 0 0 0 0 0 0 0 0 0 0 0 0.3696600347757339 0 0 0 0 0 0 0 0 0 0 0 0 0 0 0 0 0 0 0 0 0 0 0 21.61537993699312 1.96909061819315 43.72730409353971 6.398385569453239 254.4770832136273 12.72575543820858 0.4728258550167084 1.30554386228323 0 0 0 0 0 0 0 0 0 0
516.7295533567667 4411.648596860468 863.4362559840083 81.84221990406513 0 10.6213049441576 1691.467170774937 87.53562453389168 9539.53927590698 100.6727920621634 945.7459412962198 37.50749249756336 2972.429802976549 3685.869275376201 24.37672915309668 1.238934367895126 0.2350414618849754 0 0.3853699266910553 0.6906062513589859 0 0 0 0 0.8193548694252968 0 0 0 0 0 496.1140313595533 2.757853828370571 8.076265946030617 0 0 0 3.794328488409519 0.9832571521401405 1.149810492992401 2.226738430559635 0.448607049882412 0.1601770371198654 0 0.1960840821266174 0 0 119.3733816593885 11.64513190835714 0.2061697840690613 0.4050859957933426 0.8265001475811005 0 0 0 2.997344955801964 4.781852804124355 92.59360700845718 309.6887989789248 18.3450571373105 19.92088481783867 0 0.4131444469094276 0 103.6032367944717 3.367524646222591 2.700878217816353 1.005245514214039 0.1029629409313202 0.2336789518594742 0.2617911770939827 5.984044812619686 0 0.1435324400663376 120.0230958163738 192.0373417213559 130.88315615803 101.2053710892797 2.686894729733467 0.4968052953481674 12.54399807751179 0 4.24190304428339 51.80460249632597 0.3561278134584427 6.220477730035782 4.501393891870975 2.456196263432503 0.08974305540323257 1.553978592157364 0 0.3311117067933083 0.3117319345474243 0.193183958530426 0.5738487243652344 0.1746607422828674 12.25296669453382 0.5614109039306641 0 0.1323580145835876 33.87576378881931 0.1316593885421753 0 0.4902023077011108 0 0 3.750370934605598 0 0.8485669791698456 0.2477796524763107 0.5417968034744263 0.601745992898941 2.231290176510811 8.773764252662659 5.602064564824104 2.393961027264595 0 0 0 0 0 0 0 0 0 0 0 0 0 0 0 0 0 0 0.1712375581264496 0.2224787026643753 0.1266645938158035 0 0 0 0.9476913213729858 0 0.9016547203063965 0.5505521595478058 0 0 0 0 0 0 0 0 0 0.8982633054256439 0 0 0 0.4509650319814682 0 0 0 0 0 0 0 0 0 2.061589226126671 0 0 0 0 0 0 0 0 0 4.034156061708927 0.2168761491775513 0 0 0 0.7824435830116272 0 0 0 0 0 0 0 0 0 0 0 0 0 0 0 3.655421696603298 0.630992129445076 0.4237465262413025 41.75273630023003 12.38176119327545 107.5521997958422 26.31522270292044 32.98360779881477 17.48928885161877 2.443532899022102 7.455155074596405 0.5159658864140511 0.1137565299868584 0 0 0 0 0 0 0 0
214.1283616125584 232.809678196907 1.347867667675018 425.4949087351561 10.6213049441576 0 134.3802021145821 0.1829906851053238 2.383047923445702 523.1896371245384 1.348685741424561 48.50543548166752 59.2095744907856 15.02747404575348 0.9963681027293205 0.5121731460094452 0 0 0 0 0 0 0 0 0 0 0 0 0.2136635184288025 0 4.100591719150543 0 12.2241727411747 0 0 0 12.83017662167549 0 8.626663252711296 0.5312547981739044 0 0 0 0.1639473885297775 0 0 4.758916735649109 0.1490721255540848 0 0 0 0.724132776260376 0.7384916245937347 0 0 0.1209232658147812 176.1079894453287 22.39917695522308 7.606238350272179 0.7008537948131561 0 0.6800477653741837 0 0.5378481149673462 0.212914414703846 0 0 0 0 0.1242315843701363 167.2909827381372 41.36854311823845 2.895840585231781 12.22035992890596 4.519664794206619 3.928667739033699 0.7348398864269257 0 0 2.250079110264778 0.3111819922924042 1.663105919957161 1.58233043551445 0 0 0.1933917701244354 0 0.8344066739082336 0.1908148229122162 1.289945140480995 0 0.2044460773468018 0 0 0 434.0523276329041 71.99462328851223 1.703802883625031 3.249075159430504 309.4644846916199 0 0 0 0 0.2049021571874619 0 0 0 0 0 0 0 0.7537515461444855 0.4518000930547714 0.9835566580295563 0 0 0 0 0 0 0 0 0 0 0 0 0 0 0 0 0 0 0 0 0 0 0 0 1.138009704649448 0 0.2760850340127945 0 0 0 0 0 0 0 0 0 0.1973500102758408 0.3476120680570602 0 0 0 0.6822879314422607 0 0 0 0 0 0 0 0 0 0.9974779337644577 0 0 0 0 0 0 0 0 0 0.9553423821926117 2.157283991575241 0 0 0 0 0 0 0 0 0 0 0 0 0 0 0 0 0 0 0 0.3300496190786362 0.2989563941955566 0.4935426041483879 19.31169611215591 0.5665501952171326 3.863943211734295 0.6345059871673584 743.5151248425245 0.7903217673301697 0 0.4250596761703491 0.5813885927200317 0 0.2350936084985733 0.4058276116847992 0 0 0 0 0 0
1651.992777787149 4314.984384469688 144.4621316641569 1393.520980678499 1691.467170774937 134.3802021145821 0 13.32289886474609 1610.268612273037 835.3170946240425 26.18017990142107 7.908479079604149 4542.666487544775 1419.891483664513 71.31783406436443 1.707844741642475 0.6764706820249557 0 0 0.710691936314106 0.2292334586381912 0 0.1018295884132385 0.1682716608047485 0.3719410076737404 0.5717146024107933 0.2690174877643585 0 0.3891147598624229 0.3223893046379089 295.1226399317384 3.691294118762016 2.345023058354855 0 0 0.09655777364969254 2.352966204285622 0.608767494559288 1.3283781260252 1.016517035663128 0 0.2447092235088348 0 0.2544954270124435 0 0.1503321379423141 323.457836098969 28.20386479049921 1.132378257811069 0.786841444671154 0.7288242280483246 0.103386178612709 0 0.2555603459477425 11.81625009328127 16.86839283257723 260.6105350255966 603.3761001229286 50.05164548754692 62.78211073577404 0.1000311225652695 0.4656934887170792 0 327.4497510194778 8.914983622729778 9.742558874189854 3.53289844840765 0.5020947605371475 0.1177950799465179 1.087476059794426 1.608784861862659 0.09425713866949081 0 395.4462981522083 632.2414167746902 431.0503003299236 273.1069833338261 3.227190390229225 0.3976202234625816 5.328550912439823 0.07624763250350952 5.397107519209385 172.0797478184104 1.035017460584641 13.12532941251993 11.74996237456799 6.288289703428745 0.6731420904397964 3.779918007552624 0 0.9677722752094269 0.3972565233707428 0.4411364123225212 0.1323262006044388 0.1544648557901382 45.24590960890055 0.1334611475467682 0 0.2797543257474899 62.66857116669416 0 0 0 0 0 6.900623053312302 0.3329053223133087 0 4.008378237485886 0 0 0.1640272289514542 4.46553809940815 5.958149090409279 0.833723746240139 0.2000692635774612 0 0 0 0 0 0 0 0 0 0 0 0 0 0 0 0 0 0 0 0 0 0 0 0.9639278203248978 0 0.5803290978074074 0.1937607228755951 0.2003680318593979 0 0 0 0 0 0 0 0 0.130122110247612 0 0 0 0 0 0 0 0 0 0 0 0 0 0.2866070717573166 0 0 0 0 0 0 0 0 0 4.559143774211407 0.1859834641218185 0 0 0 0.2076031565666199 0 0 0 0 0 0 0 0 0 0 0 0 0 0 0 3.86220620572567 0.5480095967650414 0.4268781095743179 117.8671218007803 32.05286188423634 337.0543695539236 69.41069906204939 213.6378626078367 67.7036431953311 10.0064716860652 18.84129017591476 1.119799435138702 0 0.5602378323674202 0.2834349274635315 0.2184909880161285 0 0.1922997832298279 0.3933481574058533 0.1320981085300446 0.1937509179115295
2.87843020260334 36.18594044446945 1171.43014523387 0 87.53562453389168 0.1829906851053238 13.32289886474609 0 1475.000642560422 2.268961206078529 4726.676286876202 7.055711403489113 310.2189668044448 1108.561626411974 56.1255549415946 30.69604690372944 8.441352151334286 28.32311675697565 11.12031541764736 43.69924484193325 48.52339651435614 0.277256578207016 5.443360403180122 6.862837910652161 4.048454716801643 2.181737564504147 3.64876963198185 0.5951203852891922 0.3403336107730865 0.8640385121107101 535.9563793316483 1686.901858143508 121.206852324307 16.85004475712776 11.91355077922344 0.699126809835434 93.0030420795083 10.32793309539557 20.9833068549633 11.20797315984964 17.45650219172239 3.924014523625374 28.75655905902386 28.76928274333477 10.26137868314981 42.81602185964584 96.70883552730083 10.52236612141132 8.886562533676624 79.64156034588814 6.026658616960049 0.1402903944253922 1.518891364336014 0 0.9414399042725563 0.8135414943099022 15.29785055667162 140.6008428409696 2.906256720423698 10.53512617945671 65.95108507573605 15.476846344769 13.21736331284046 1392.606222040951 0.7716940492391586 12.23445852845907 2.31038736552 13.53807379305363 26.67888886481524 149.4713510647416 49.67014256864786 0.6691181659698486 0 37.09309756010771 106.7801834121346 109.3645004630089 561.2649183943868 215.3595531210303 783.8449445515871 2524.0871918872 95.34724706411362 2401.16183603555 9.696343012154102 0.2436913400888443 4.759191296994686 0.9932231083512306 38.71564447134733 0.1455315500497818 4.109450854361057 0 2.998930402100086 0.9449959695339203 20.96540005505085 2.91717940568924 0.1143321618437767 8.602141752839088 0.2391063421964645 0 1.701004937291145 1.912812501192093 0 0 0 0 0 0 0 0.7682288140058517 1.355025604367256 0.2906145751476288 0.173425480723381 1.149851351976395 2.746463462710381 2.939939796924591 3.927591130137444 0 0 0.4091169238090515 0 0 0 0 0 0 0 0 0 0.8359968960285187 0 0.7790054827928543 0 0.5421223193407059 0.363647848367691 0 0.1515932828187943 0 0 0 0.5128517746925354 1.874098628759384 1.109326034784317 1.794491976499557 7.661290466785431 4.897135779261589 0 0 0 0 0 0.8283060193061829 0 0 1.675398550927639 0 0 0.1533061265945435 2.43756215274334 0 0 0 0 0 0 0 0 0.9765124917030334 1.298318311572075 0 0 0 0 0 0 0 0 0.3889550864696503 3.917750149965286 0.513302206993103 0 0 0 0 0.5158403515815735 0 0 0 0.7628640979528427 0 0 0 0 0.148253321647644 0 0 0 0 0 5.144942156970501 4.721021011471748 5.748532995581627 152.2059607580304 17.67647812515497 131.984364695847 39.54401289671659 10.31469171494246 5.398080378770828 1.665077984333038 39.01363596320152 5.508228063583374 0.5131558775901794 2.005139499902725 0 0.3321977853775024 0 0 0.406729444861412 1.530765220522881 0.4844418168067932
184.8091531693935 3331.041160136461 1191.498595938087 70.14365730434656 9539.53927590698 2.383047923445702 1610.268612273037 1475.000642560422 0 234.4373339042068 2779.588434234262 25.08683003485203 3678.022010266781 6097.419282324612 50.47406444698572 2.595442369580269 0 0.0951392874121666 0.2655569240450859 0 2.604046419262886 0 0 0 0.2214836627244949 0.6345095038414001 0.6598081812262535 0.09061010181903839 0.1262701153755188 0.08455146849155426 345.7153346017003 10.23103404790163 21.95098735392094 0.1905496865510941 0 0 8.089897602796555 4.987160079181194 3.951711215078831 3.065878368914127 0.2864306569099426 0.4313192814588547 0.4571197628974915 0.7179683074355125 0 0.1643489748239517 166.922858081758 8.678519159555435 0.2689247354865074 0 0.6742691546678543 0.1432141959667206 0 0 3.262452647089958 4.688653767108917 61.92052485048771 239.3375605642796 13.14444019645452 27.54571608453989 0.3769634962081909 0.294360525906086 0 119.3003234937787 2.557815201580524 3.164900250732899 1.173578269779682 0.2491640374064445 0.09782373905181885 1.496721543371677 16.8617929443717 0 0 106.0999540239573 187.2857522964478 181.5495968833566 197.5077047049999 4.216719105839729 3.353244885802269 16.39298222959042 0.5279086232185364 7.70473425090313 41.90275625139475 0.3035663887858391 4.028950273990631 4.097959980368614 1.430994629859924 0 2.535489946603775 0 0.5541025996208191 0.3916045650839806 0.2474150881171227 0 0.1198069080710411 10.43429858237505 0.1253458559513092 0 0 14.80267561227083 0 0 0 0 0.3121194541454315 6.022622585296631 0 0 6.618944197893143 0.2539174258708954 0 0.492133155465126 6.445037588477135 6.999574601650238 1.410719811916351 0 0 0 0 0 0 0 0 0 0 0 0 0 0 0 0 0 0 0 0 0.3298987746238708 0 0 0 1.67964106798172 0.2054427117109299 0.6852464973926544 0.9834806025028229 0 0 0 0 0 0 0 0 0 0.8051678463816643 0 0 0 0.1367638260126114 0 0 0 0 0 0.3733974546194077 0 0.1646242439746857 0 0.2980567216873169 0 0 0 0 0 0 0 0 0 4.142748773097992 0.2943985909223557 0 0 0 1.948814257979393 0 0 0 0 0 0 0.1218280866742134 0 0 0 0 0 0 0 0 3.145595461130142 0 0.6510351896286011 90.08859165757895 18.93304722756147 155.8718957304955 46.9084198102355 35.52460277825594 14.90118635445833 4.711958833038807 23.40306003391743 0.9414379298686981 0 0.3686584979295731 0 0.7151449918746948 0 0 0.3081550896167755 0 0
1335.011090599 473.4770126491785 8.776705987751484 1887.16040019691 100.6727920621634 523.1896371245384 835.3170946240425 2.268961206078529 234.4373339042068 0 2.850126646459103 3996.30080075562 8873.779053360224 314.8027273565531 24.38733709603548 0.6525988578796387 0.1181830167770386 0.12662173807621 0.09928368031978607 0 0 0 0 0 0 0.1992141604423523 0 0.1381520628929138 0.1166490539908409 0 12.65459100902081 0 5.14654053747654 0 0 0 3.450416937470436 0.508020356297493 0.6490257605910301 1.738706514239311 0 0 0 0 0.4210594296455383 0 94.99829190224409 3.805030718445778 0 0.5212135314941406 0 0 0 0 2.889914460480213 1.081309050321579 90.60599288344383 83.43652611970901 17.29462297260761 11.49673004448414 0.1331483572721481 0.4211285039782524 0 26.50276611000299 1.064410597085953 1.520172528922558 0.2217795178294182 0.2167858257889748 0.1304069459438324 0.8256597220897675 40.73547310382128 0.1045906767249107 0 111.4687652364373 111.4046918153763 136.4038573801517 60.31822408735752 1.839374795556068 0.4345066249370575 1.451056323945522 0 1.134447865188122 30.53968694061041 0 2.818555451929569 1.797732301056385 1.255219347774982 0 1.067112572491169 0 0.3778872340917587 0 0 0 0 1079.438704460859 1.313479200005531 0 0 258.9727132543921 0.9461902007460594 1.04561510682106 0.4304302632808685 0.8045808672904968 1.278573632240295 5.569198757410049 6.528925955295563 4.412655055522919 16.36667257547379 15.08133834600449 2.11131489276886 10.05652096867561 65.88473825156689 73.82188536226749 17.54984891414642 0 0 0 0 0 0 0 0 0 0 0 0 0 0 0 0 0 0 0 0.5597016513347626 1.512294620275497 0 0 0 8.28960195183754 0.902094841003418 7.636272013187408 1.216075614094734 0 0 0 0 0 0 0.1528132855892181 0 0 1.80322203040123 0 0 0 0.4145301282405853 0 0 0 0 0.1282350569963455 0 0 0 0 9.782618910074234 0.5993194580078125 0 0 0 0 0 0 0 0 50.50585635006428 0 0 0 0 0.908281072974205 0.2419460564851761 0 0.163055881857872 0.9676240906119347 0.7293996214866638 0 1.028705835342407 0 0 0 0 0 0 0 0 37.74468885362148 2.264054551720619 2.791178494691849 131.9874482452869 6.65748730301857 128.5715281069279 25.30986457318068 812.20789475739 22.60676583647728 1.522176586091518 23.14181549847126 1.559939116239548 0 1.759100779891014 0.1275732666254044 1.242755278944969 0 0 0.2872259318828583 0.3328944444656372 1.158914566040039
197.9990244731307 1235.759569637477 3811.368956968188 1.219435289502144 945.7459412962198 1.348685741424561 26.18017990142107 4726.676286876202 2779.588434234262 2.850126646459103 0 42.01243434846401 1293.450685396791 5078.815224394202 66.63449175655842 32.99957974255085 5.597736723721027 0.9607453793287277 2.326141081750393 8.541527807712555 16.94368688762188 0 5.570569097995758 3.63131195306778 19.98837685585022 3.650381602346897 4.101854853332043 0.6600509732961655 1.488415971398354 1.351536124944687 1025.38552043587 151.7935962080956 841.9978616833687 4.474513724446297 11.46082355082035 10.93213510513306 304.4832979589701 37.27818763256073 47.06010767072439 45.05881976336241 16.87594871968031 3.593648567795753 4.343599870800972 15.81104969233274 3.358879193663597 16.41481695324183 129.5458747297525 4.156521253287792 0.3634268492460251 10.24031599611044 1.25436744093895 0 2.902680680155754 0.1346606761217117 2.255621150135994 4.147279694676399 79.65891212970018 437.4061330333352 15.00376110523939 15.79937387257814 8.384249687194824 6.170781046152115 7.24594309926033 232.2940049022436 2.871770456433296 3.425149135291576 1.61732105910778 3.640268437564373 4.89164274930954 43.39417590200901 211.3403498753905 1.98683674633503 0 96.27396893501282 154.7635056376457 125.253421485424 179.6439471021295 43.76343028992414 178.2011999562383 531.7820083722472 27.84485910832882 79.18378677964211 29.91139487922192 0 4.296395525336266 2.52359976619482 4.106496930122375 0.2199132740497589 0.7960022762417793 0 0.8462176322937012 0.8135024905204773 10.24291328340769 2.403446406126022 0.5071549937129021 33.390750259161 1.498181506991386 0 0.6225952357053757 27.02972608059645 0.1058893278241158 0 0 0.4263129234313965 0.1402307450771332 0.8772670924663544 0.8457366824150085 0 0.3543428778648376 0.4098612517118454 0 0.3598766773939133 9.953649774193764 11.89515739679337 5.982289507985115 0.610891304910183 0.8625661283731461 0 0 0 0 0 0 0 0 0 0 1.793017745018005 0 1.105475217103958 0 1.750257402658463 0.6146958470344543 0.2338962405920029 0.1513634622097015 0.1415508091449738 0 0.4830529689788818 0 8.717084646224976 1.397802069783211 8.345565356314182 8.765289723873138 3.156836092472076 0 0 0 0 0.5798052251338959 0.5270399451255798 0 0.3150854408740997 0.5771885067224503 0.1194837465882301 0 0.1493288278579712 3.44462326169014 0 0 0 0 0 0.1927770748734474 0 0 0 4.461984686553478 0.1222676187753677 0 0 0 0 0 0 0 0.1340231150388718 16.24959909915924 3.659040361642838 0 0 0.2534531652927399 1.8268191665411 0 0 0 0 0.6053747534751892 0 1.109760344028473 0 0 0 0 0 0 0 0 12.14060832560062 5.429938085377216 6.869738459587097 123.9239497035742 23.79369685053825 147.3102074936032 39.27610809355974 27.78330054879189 12.92641418427229 4.114163614809513 40.37707620859146 5.727677643299103 0.6135154068470001 2.094916887581348 0.2182264626026154 1.698249906301498 0 0 1.491438791155815 0.5774317681789398 0
60.72550807893276 64.06104613095522 26.2155704498291 1.280189126729965 37.50749249756336 48.50543548166752 7.908479079604149 7.055711403489113 25.08683003485203 3996.30080075562 42.01243434846401 0 2464.208140663803 261.3870534002781 26.53258690983057 5.062491349875927 0.8606716468930244 0 0.4808298498392105 0 0.3879223316907883 0 0 0.4706025719642639 12.36932609975338 2.852330908179283 1.816063091158867 0.3127458840608597 0.4898721426725388 0.9905671030282974 9.934413619339466 1.614173784852028 32.51193000376225 0 0 5.485457465052605 56.15854977071285 20.12073369324207 19.11507439613342 49.52242223918438 2.332850247621536 1.797654613852501 0 0.405107319355011 0.4127007126808167 0.435255154967308 78.45814884454012 1.240931205451488 0.3180284947156906 0 0.1927254498004913 0 10.69675639271736 0.2248798310756683 0.7037738710641861 1.104483619332314 11.75842510908842 12.79973083734512 1.813908532261848 5.520666897296906 0.315905749797821 0.6098303496837616 0 14.2999873906374 0.1003162935376167 0.4812245443463326 0.1340762078762054 0.1110473945736885 0 0.2905779182910919 306.618695795536 2.567382723093033 0 22.26602536439896 33.75036054104567 71.94756597280502 45.38601440936327 9.37870005518198 0.5952180922031403 7.199153780937195 0 1.402638092637062 7.101152129471302 0 0.4912254065275192 0.0886533185839653 0 0 0.3782124817371368 0 0.2962755784392357 0 1.550193250179291 0.1315546780824661 0.5668910443782806 2016.54339389503 17.35252351313829 0 2.610025942325592 59.30755504965782 1.080994732677937 3.539830513298512 6.301504477858543 0.6333247423171997 2.885646864771843 7.544915169477463 11.9784000068903 4.09192930907011 23.92771378159523 20.93075932562351 5.714674949645996 43.73666992783546 185.3429945409298 249.7102660536766 87.79105213284492 3.131086297333241 1.824599407613277 0 0 0 0 0 0 0 0 0 0 0.4718151986598969 0.1420228481292725 1.540587067604065 0 2.162447050213814 0.7464666366577148 0.5709295868873596 5.598338961601257 5.311127454042435 0 0 0 66.00801473855972 0.5205316692590714 36.00458256155252 8.541934624314308 3.051603928208351 0.1411116570234299 0.3347646296024323 0 0 0.1374447494745255 0.1454890668392181 0 2.181691698729992 10.26671927422285 0.264865517616272 0 0 2.746113196015358 0 0 0 0 1.610428087413311 1.397683039307594 0 0.1657592356204987 0 56.20656003803015 1.283463932573795 0.4731719940900803 0 0.07777896523475647 0 0 0 0 0 207.0331407636404 2.581477284431458 0 0 0 16.28927773982286 0 2.584298714995384 2.999535530805588 2.1301134750247 3.620909936726093 0.2692452520132065 5.048848010599613 0.09331877529621124 0 0 0 0 0 0 0 150.7669526562095 14.44260537624359 15.37542590498924 121.0506440401077 7.522845603525639 106.500807210803 24.48688177764416 372.6488384380937 9.396122328937054 0.4967260956764221 29.70867665112019 13.55496492981911 0.1269507855176926 13.746636249125 2.137833744287491 12.05784052610397 0.5270626693964005 0.1514819413423538 4.466400906443596 0.5704260170459747 0
321.9834758639336 3597.95519836247 622.5220549628139 407.2158957868814 2972.429802976549 59.2095744907856 4542.666487544775 310.2189668044448 3678.022010266781 8873.779053360224 1293.450685396791 2464.208140663803 0 1744.738004811108 200.1046575009823 33.80181124806404 5.251413092017174 1.723238676786423 2.573364391922951 5.646441549062729 4.356773942708969 2.450373768806458 1.905503690242767 0.8089111670851707 109.5630940198898 21.85026412457228 15.97514769434929 5.067472353577614 12.833241738379 6.290868110954762 326.3968015536666 29.65907144546509 417.2933459058404 2.919914931058884 1.576473101973534 16.37767840921879 311.1355887427926 359.075328797102 224.1110456138849 445.3855811059475 16.37563614547253 4.560775019228458 1.100782856345177 8.114529155194759 3.53948937356472 3.333028137683868 459.314915753901 15.75620706379414 1.5190524533391 1.646662868559361 2.941140413284302 0.6198846697807312 44.18493021279573 0.791301816701889 4.710172109305859 6.971623726189137 83.23638357967138 238.6193867176771 18.2278151139617 63.55478987842798 0.9931115061044693 6.414112754166126 1.794441007077694 175.0152383521199 6.447628870606422 4.610337175428867 1.991745948791504 1.69180142134428 2.006314441561699 14.76598753780127 884.896705634892 12.44959089905024 0 151.8031396567822 271.7093576267362 466.4274254515767 435.6830423176289 55.78217282891273 14.20095707476139 114.713432982564 1.174048513174057 26.1843649148941 67.52950519323349 1.282718099653721 6.9151626303792 9.522281996905804 4.416273094713688 0.3305308893322945 4.825628183782101 0.5116240680217743 1.672959424555302 3.224059410393238 4.575045950710773 1.026812165975571 1.480972871184349 2638.534329883754 22.84641990810633 0.1812458634376526 5.934728026390076 86.6803240031004 2.751603819429874 1.820052161812782 4.194956749677658 1.210990071296692 3.585385628044605 21.12304516136646 36.38250429928303 9.72781053185463 40.42006845772266 40.95726658403873 12.08816656470299 67.00345915555954 379.0099911540747 397.3939007073641 166.4394398927689 5.270163208246231 2.27404273301363 0 0 0 0 0 0.4079837203025818 0 0 0.8690942004323006 0 2.312634065747261 0.2691933587193489 6.194003403186798 0.2024629563093185 11.98467116057873 1.785022675991058 4.636175885796547 10.60646785050631 11.64228948205709 0.1535727232694626 0 0.1855077296495438 133.398779630661 3.659716792404652 95.74936384707689 33.18489354103804 16.49101497232914 0.4115890637040138 0 0 0 0.8576140105724335 1.488514065742493 0 3.139732345938683 20.33045917004347 0.7394085302948952 0.7819173857569695 0.6268964260816574 25.17670482397079 0.1873229742050171 0 0.248769149184227 0.09623965620994568 0.7604749724268913 2.161677978932858 0 0.7432232350111008 1.448785409331322 120.9812854006886 2.72039071470499 1.494935862720013 0.239209771156311 0.2217018082737923 0 0 0 0 0.1524499207735062 450.2305504530668 8.415808379650116 0 0 0.376112163066864 25.84445890039206 0.1543064266443253 1.865328669548035 6.555624924600124 4.91008947044611 9.268977612257004 0.8822972998023033 4.093119077384472 0.1663453280925751 0 0.1003552451729774 0 0 0 0 0 322.9693908020854 54.68482414633036 47.31665467470884 476.689207971096 70.98983023315668 509.1481800600886 161.4855338931084 485.7227015644312 41.12453274428844 8.527162745594978 158.5318107753992 24.37614795565605 3.594288542866707 28.37491410970688 5.62785529345274 17.38222815096378 0.2652517259120941 0.1502685993909836 9.034697361290455 7.184279792010784 0.2226423174142838
248.6633349657059 2574.265770472586 1250.989592924714 63.68277801573277 3685.869275376201 15.02747404575348 1419.891483664513 1108.561626411974 6097.419282324612 314.8027273565531 5078.815224394202 261.3870534002781 1744.738004811108 0 170.308715686202 42.84141755849123 3.180145055055618 1.398506842553616 1.590022996068001 4.707570545375347 7.728498831391335 0 2.077409669756889 1.987503007054329 40.2704047113657 5.591938942670822 4.43192882090807 0.5105725228786469 4.208238497376442 1.770883530378342 462.6169488504529 39.25036020576954 1756.068525604904 2.642016664147377 4.567850217223167 13.86418855190277 925.2665609419346 138.686006128788 105.6580509096384 101.8475554138422 17.06917086243629 4.391554467380047 2.11308029294014 10.49541239440441 2.553110271692276 7.941506132483482 352.4851692393422 13.5805786922574 1.495592057704926 4.916447386145592 3.755443625152111 0.4340122267603874 5.455530285835266 0.367714524269104 4.236086159944534 5.155088379979134 81.09490530192852 288.0749640241265 17.57668061554432 50.9334771707654 3.696644440293312 4.326278895139694 3.528473906219006 186.0598241612315 2.887734867632389 4.42675793915987 1.424393728375435 2.061125867068768 1.934911087155342 28.03219234198332 739.9751793295145 2.818224363029003 0 145.4159783795476 228.9344308227301 376.2227608039975 370.681584469974 74.76579453796148 44.74787709861994 192.7233337089419 11.44350472092628 30.92823801189661 53.17255091667175 0.7762566953897476 6.303049966692924 5.224814772605896 4.150421470403671 0.2735959216952324 3.729141846299171 0 1.295562498271465 1.434343829751015 13.70083384215832 1.833038620650768 0.554110661149025 586.7374210581183 6.903996959328651 0 6.630661755800247 32.51629132032394 2.628348872065544 3.045112065970898 4.308224648237228 0.925116091966629 4.604908190667629 8.129979759454727 9.477724716067314 5.201356291770935 26.32944582402706 16.9447069466114 4.276069089770317 29.02420015633106 162.0900393426418 190.3753533661366 90.78147415816784 4.11417730152607 1.896708726882935 0 0 0 0 0 0 0 0 0 0 1.647252812981606 0.2831753194332123 1.954672694206238 0.1936132460832596 1.406033620238304 0 0.968280091881752 3.801466725766659 4.701050542294979 0 0 0.5654191374778748 73.92154867202044 1.021166071295738 50.02434179186821 14.36647609621286 5.490522801876068 0 0 0 0 0 0 0 2.595809817314148 11.2807088419795 0 0 0.5339751988649368 4.006395742297173 0.1063951551914215 0 0 0 0.2169232666492462 0.7167279124259949 0 0.1667631864547729 0.4659253805875778 58.87521815299988 2.193742528557777 0.6622583195567131 0.8755791857838631 0.2018758952617645 0 0 0 0 0 202.6481752619147 4.200951457023621 0 0 0 11.31899167597294 0.2026227414608002 0.5177245140075684 4.127242989838123 1.027244955301285 6.359881602227688 0.8514386862516403 3.384483121335506 0.3143513351678848 0 0 0 0.1269871741533279 0 0 0 145.6691371574998 23.89901554584503 33.19397561997175 403.6695128977299 48.00379299372435 439.1068149283528 131.9724812656641 193.8561056703329 31.03328093886375 9.245553076267242 117.7471244111657 20.46178086847067 2.255846582353115 17.98338459432125 2.362000942230225 9.843051038682461 0 0 3.115703597664833 3.299203768372536 0
8.678870029747486 27.36483845859766 52.66740224510431 5.008030205965042 24.37672915309668 0.9963681027293205 71.31783406436443 56.1255549415946 50.47406444698572 24.38733709603548 66.63449175655842 26.53258690983057 200.1046575009823 170.308715686202 0 1494.760952807963 314.8565857037902 12.84208546578884 19.22615677863359 2.390825465321541 1.014273770153522 0.5920990705490112 0.4493233859539032 0.2983830720186234 19.47606866061687 2.399787552654743 1.970610089600086 0.8237481638789177 3.575918406248093 0.578037716448307 33.31695886701345 19.26917120814323 266.4325610697269 3.49950709939003 0.6435538679361343 13.30852472782135 208.4092896878719 111.8372411802411 137.2706302702427 84.67091801017523 1.784907557070255 0.8510849550366402 0.8050327450037003 509.8743482753634 4.307334125041962 80.84419377893209 730.121660426259 14.2388015165925 10.03407789766788 13.20874316245317 2.558850161731243 2.087805360555649 4.323672160506248 0.3017815053462982 0.3775068297982216 0.5614961534738541 63.54808389395475 20.18770768493414 6.341949179768562 245.7606514319777 87.78998096287251 206.082816272974 10.68530095368624 49.61498357355595 0.4153752252459526 3.035277046263218 0.7332834824919701 3.381351105868816 2.987396612763405 5.389431416988373 70.14569647610188 15.76406033337116 0 209.9718754068017 33.09442805498838 1226.322814449668 452.9965296685696 372.3945455178618 15.10232358425856 192.5708513185382 37.30363171547651 462.7567699700594 24.98106853663921 0 3.159223683178425 0.3739036321640015 11.53750860691071 0 2.07332206517458 0 3.022534891963005 0.6835580170154572 1.242443814873695 1.170306451618671 0.52549709379673 23.38193179666996 20.8028708845377 0 12.90427224338055 1.043218091130257 0 0 0 0.430176168680191 0.1046307533979416 0 0.797797828912735 0.3105258047580719 0 0.1493768244981766 0.8191508203744888 0.8459665924310684 3.077328749001026 6.640851877629757 8.359988540410995 1.955569066107273 0.887690931558609 0 0.4310017824172974 0 0 0 0 0 0 0.2895152568817139 0 1.669421508908272 0.4217671155929565 0.8331746533513069 0 2.13527924567461 0 0.400509238243103 0.2644767910242081 1.285042859613895 0 0 0 18.04234681278467 2.819376930594444 20.41494306921959 28.42796324938536 8.930461280047894 0 0.6035522818565369 0 0.1650144159793854 0 2.578613951802254 0 2.582578107714653 5.225683487951756 0.131222739815712 0.1513560861349106 0 5.991527870297432 0 0 0.2316827476024628 0 0.5080926194787025 0.5202583819627762 0 0.5591695159673691 1.154652073979378 10.42197079956532 0 1.099853232502937 0.1438439786434174 0 0 0.3663285076618195 0.2150434255599976 0 0.4569385498762131 20.76553003489971 6.971656247973442 0 0 0 2.35038984566927 1.357279509305954 0 0.9323689043521881 0 2.425335898995399 0 0.1541673094034195 0 0 0 0 0 0 0 0 10.33516599237919 20.31992752850056 28.92817551642656 155.1302809566259 61.45009927451611 317.8443191573024 43.40173024684191 23.77013847976923 4.782646730542183 2.587668940424919 21.58516944944859 12.37213748693466 2.876626133918762 13.6798137575388 2.104612194001675 5.407455712556839 0.7269129902124405 0.4587050080299377 4.071799620985985 0.2537319958209991 0.1568731069564819
