0 2504.628310799599 69.50509626418352 822.8332769349217 702.4989117309451 65.92476120591164 2139.860961794853 7.419488899409771 33.42971217632294 322.009783655405 33.4055215716362 4.323842793703079 167.5946825295687 36.12505542486906 1.783971056342125 0.6392595693469048 0.4454184770584106 0.3583520799875259 0.1113923192024231 0.4364819973707199 0.09446487575769424 0 0 0.1123954579234123 0 0.6317651495337486 0.2580057457089424 0.4720535278320312 0.3598192185163498 0 692.1040762066841 1.098553285002708 0.2684689089655876 0 0.1894209235906601 0.0982266291975975 2.451750911772251 0.1478683054447174 0.7425741404294968 0.5588411688804626 0 0.6833909600973129 0 0 0.3269884511828423 0.1983562260866165 120.0659977421165 10.92986071109772 0.583218976855278 0.2427535951137543 1.084204137325287 0 0 0.1652645170688629 9.246975645422935 2.015891693532467 128.7125893756747 1022.138076208532 10.03667069226503 81.17709921300411 0.4015186652541161 0.6338398605585098 0 104.5958660542965 8.77064872533083 2.657758288085461 8.493285626173019 3.781282819807529 0.1807173863053322 0 4.283160954713821 0.4941418617963791 0 461.5636138617992 71.92692580074072 56.15249249339104 17.80617711693048 0.1397393941879272 1.15018605440855 2.373231157660484 0.3014508560299873 1.517804838716984 29.09414821863174 0.808962270617485 10.00053146481514 9.258007109165192 4.968507923185825 0.7192812263965607 3.378472097218037 0.1828534379601479 0.3046788573265076 0.1271445453166962 0 0 0.4528501778841019 85.6473935469985 1.30897530913353 0 0.9663539752364159 489.7130752578378 0 0 0.6120399981737137 0 0.1254428923130035 0.6192313879728317 0 0 2.501821368932724 0 0.1480678617954254 0.4540361016988754 1.859919913113117 0.7137493938207626 2.331587880849838 0 0 0.5335498452186584 0 0 0 0 0 0 0 0 0 0 0 0 0 0 0 0 0.4576106816530228 0 0 0 0 0.5199119001626968 0 0.6353206187486649 0.088886559009552 0.08746550232172012 0 0 0 0 0.4737642183899879 0.131682887673378 0 0.7318889647722244 0.4485252797603607 0 0 0 0 0 0.09897393733263016 0 0.09357183426618576 0 0.1026422902941704 0 1.657337509095669 0 0.163964182138443 0.6767583042383194 0 0 0.2100125551223755 0.09473259001970291 0 0 0 0 1.309967018663883 0 0 0 0 1.427299648523331 0.7675996720790863 0.8209445253014565 0.1119799837470055 0.3234706223011017 1.619189858436584 0 0.2343011200428009 0 0.2255454063415527 0 0 0.4517097547650337 0.1113384291529655 0 0.1251597553491592 2.301653325557709 0.1515845060348511 1.018828734755516 189.9541280120611 57.27753413468599 269.1965133398771 97.08115494996309 910.2641755193472 54.60592801123857 4.089016027748585 49.06422589719296 4.488810077309608 0.5458643585443497 0.2978769093751907 0 3.336286276578903 0.4250451922416687 0 0.2568228840827942 0.6996537744998932 0
2504.628310799599 0 861.3345653042197 213.0845242887735 3868.427036657929 160.5558967813849 4751.402918145061 241.69602227211 3337.148425877094 178.6864322274923 1096.113109402359 52.52568548172712 1755.304633580148 1908.457212552428 24.94464990496635 6.959861315786839 1.226778797805309 0.557568795979023 0.1591900438070297 0.4132471829652786 0.3349521458148956 0 0.5861464291810989 0.497308723628521 0.7437462732195854 1.325688585639 0.1232853978872299 1.13721502572298 0.3554931581020355 0.3660041317343712 3469.62137979269 28.82905451953411 7.891825132071972 0.0821349248290062 0.08137510716915131 0.1478045880794525 15.8401704877615 0.4490410909056664 3.243226312100887 0.1073858365416527 0.2932698205113411 0.7207541167736053 0.2700159326195717 0.2750510945916176 0.5785367712378502 0.6154262721538544 268.6824056059122 17.06661588698626 1.498434044420719 0.7374597266316414 1.466771081089973 0.4497857615351677 0.6561907380819321 1.028342925012112 13.53112422674894 3.796783603727818 12.80143079906702 1562.162033118308 15.22930503636599 159.7761735916138 0.1942699179053307 2.681832954287529 0.1089358553290367 371.7175172641873 14.16990419477224 4.110591404139996 13.40281300991774 6.670343093574047 1.520931951701641 0.6776581257581711 29.59973135590553 5.775782823562622 0 690.9832171946764 163.6359681785107 175.1944906786084 161.7026640325785 1.556614376604557 9.634341932833195 27.08824625611305 0.9676275849342346 6.138016149401665 39.57803807407618 1.562412023544312 15.88495914638042 15.05055025964975 7.648892402648926 0.990735299885273 6.210006147623062 0.1951348483562469 0.3467001467943192 0.9153631329536438 0.1512106657028198 0.7842608168721199 2.941266767680645 139.6679223328829 7.065173424780369 0.1022046729922295 3.164955519139767 1335.950694978237 1.890705421566963 1.972377493977547 1.154391318559647 0.5951055735349655 2.621352404356003 1.174581952393055 2.403433963656425 3.854851327836514 3.461972273886204 7.012673571705818 0.5371501743793488 7.408365577459335 9.234842494130135 10.94846387952566 8.172195494174957 1.392028272151947 0.4158538281917572 0.1792877018451691 0.2988054752349854 0 0 0 0 0.1074747443199158 0 0 0.08563145995140076 0 0 0 0 0.3260464668273926 0 0 5.017898410558701 1.947464123368263 0.2089244276285172 0.1365064531564713 0.1844630241394043 9.197123043239117 0 2.91202562302351 0.8772710487246513 0.7816720306873322 0 0.1465086936950684 0.2348465025424957 0.33889040350914 5.720864109694958 0.6292208582162857 0 2.25791835039854 3.636917769908905 0.3579272702336311 0.8823031336069107 0 0 0.3008835539221764 0.2790647223591805 0.09589606523513794 0 0.8772920593619347 3.885669440031052 0 4.694984510540962 0.5231243446469307 3.328442983329296 1.518075406551361 0.1171282231807709 0.2427342236042023 0.2609543800354004 0 0 0 0 0 11.48518370836973 0.6483084782958031 0.2357383370399475 0 0.7119934260845184 1.773034036159515 7.48282116651535 1.642971359193325 2.118537627160549 1.407705195248127 2.055894285440445 0.6217576637864113 2.376131847500801 0.1507290899753571 0 0 0 0.7725122794508934 0 0.2131401002407074 0.08859606087207794 9.064214557409286 3.653501622378826 7.609649412333965 529.3314486816525 146.1530008390546 536.70536788553 193.371682882309 944.8944441378117 101.9626269862056 7.664146989583969 179.2892091795802 18.62960334867239 1.302191153168678 9.928763940930367 2.812641300261021 20.16337698698044 2.891507633030415 0.1159471124410629 4.484105460345745 4.211612142622471 0.1854022443294525
69.50509626418352 861.3345653042197 0 17.89875726401806 995.1408121585846 4.881670482456684 280.9877182468772 2085.307080231607 1009.811348237097 13.20307796448469 3222.722036123276 56.91215915977955 556.3966755494475 480.9317298680544 12.54657866060734 5.15016446262598 0.8480581119656563 1.321319408714771 0.3480859398841858 5.721207924187183 5.599582508206367 0 2.187908492982388 0.6056794747710228 2.835466526448727 0.6215630769729614 3.096555568277836 0.4766168966889381 1.267027877271175 0.09918110072612762 4953.30058863759 318.4512152448297 42.29615607857704 4.920497752726078 2.932548232376575 2.736800521612167 94.72201805561781 3.491758830845356 4.971676558256149 0.8074448928236961 0.9450695663690567 0.7147070989012718 2.236098259687424 1.812200576066971 2.859227284789085 4.952593870460987 63.6888886615634 6.151166677474976 1.629083685576916 3.918202832341194 0.8509534299373627 0.1168699413537979 0.7519581317901611 1.128433667123318 3.901957534253597 0.8904988989233971 3.881451010704041 752.8059808090329 2.713729493319988 29.12568214535713 20.82430135458708 12.08823140710592 1.41222320497036 238.8221842944622 2.854679554700851 0.7100803479552269 3.028929226100445 3.612546429038048 3.562563233077526 11.5538502112031 157.6131692826748 7.882852129638195 0 165.4345205947757 59.29853559285402 46.5241871997714 67.64393270015717 2.477047793567181 358.5170700028539 575.7771018669009 114.5405252724886 482.570846259594 7.118999443948269 0.08513230085372925 3.260018698871136 2.110340133309364 4.668792709708214 0.1917060911655426 1.193878471851349 0 0.1848303899168968 0.4972600415349007 1.705151222646236 0.3423522859811783 1.164223670959473 175.4175486043096 27.14731890708208 0.1472118943929672 13.95631904900074 161.7622341662645 1.054651439189911 0.7931487858295441 2.504405356943607 0.4818101823329926 1.862838469445705 1.430932261049747 0.8794577121734619 3.131940595805645 0.9616958871483803 10.14663887768984 1.044292792677879 4.817122399806976 9.668137043714523 12.06739869713783 5.57483122497797 1.895047932863235 0.828950472176075 0.1154941841959953 0.4532252475619316 0 0 0 0 0 0 0 0 0 0 0 0 0.3751822039484978 0.1352953612804413 0 5.444788977503777 0.8910736665129662 0 0.4546585604548454 0.4201083555817604 8.897422596812248 0 2.392280861735344 1.376549929380417 0.2709386944770813 0 0.1095296740531921 0.3736309260129929 0.4661438167095184 2.435669519007206 0.3033872097730637 0 0.7848927304148674 2.95299343764782 0 0.3527079522609711 0.4472695216536522 0.8724865466356277 0 0.1761796921491623 0 0 0.737433597445488 2.654058761894703 0 4.285356774926186 1.286590903997421 4.155157707631588 1.067975126206875 0.3077129349112511 0.08194973319768906 0 0 0.07837522029876709 0 0 0.2577941119670868 11.13799823820591 0.4968154728412628 0 0 0 1.680451400578022 6.289425507187843 2.094226211309433 2.564356170594692 2.513606190681458 2.209058359265327 0.8947296217083931 0.8661328181624413 0.2225172370672226 0 0 0 0.1489439159631729 0.2314900457859039 0 0 7.499151043593884 3.833440385758877 5.895729780197144 163.8381356373429 51.15284034609795 126.5257753580809 43.17509668320417 117.2868589907885 23.30944113433361 1.959805890917778 51.20989255607128 7.817704245448112 0.7325258255004883 7.584206201136112 1.776624992489815 18.61325372010469 2.541109934449196 0 2.923484988510609 0.915276899933815 0.2523242607712746
822.8332769349217 213.0845242887735 17.89875726401806 0 70.10588542371988 202.0370387136936 495.7363218218088 17.45291922986507 174.52862611413 1146.79308539629 62.81655643880367 12.92523492872715 1130.53731071949 163.974941983819 3.525984600186348 1.103725858032703 0.1479817628860474 0 0 0.1368298232555389 0 0 0 0 0 0 0.1076470762491226 0.1170165613293648 0 0 56.51593581587076 2.47649784386158 0.3359351605176926 0 0 0 2.900303289294243 0.1594700813293457 0.4406713843345642 0 0 0 0 0 0.1374324709177017 0 28.72913938760757 1.193226099014282 0 0.211695522069931 0 0 0 0 0.804873526096344 0.3007232844829559 2.049123615026474 48.24484994262457 1.815414555370808 12.84398326277733 0.1224322319030762 0 0 23.24012295901775 1.441656067967415 0.3792213425040245 0.4177618473768234 0.3054328858852386 0 0 4.194855108857155 0.5439205467700958 0 41.38462016731501 15.24441207200289 16.45619294047356 15.33072613179684 0.4155760556459427 1.731864802539349 1.081324338912964 0 1.151019483804703 2.417158499360085 0.0995771735906601 1.539527282118797 1.211650870740414 0.2179338932037354 0.105279728770256 0.1574816703796387 0 0.3316357433795929 0.1037759333848953 0 0 0.4919137507677078 130.8544786721468 2.726262390613556 0 0.1168027818202972 58.43688499927521 0 0 1.646477535367012 0.3366139233112335 0 1.037206739187241 0 0.7702450007200241 0.588375598192215 1.542497515678406 0 2.035795792937279 3.193775407969952 3.107515640556812 1.169795870780945 0.5701482743024826 0 0 0 0 0 0.3771542906761169 0 0 0 0 0 0 0 0 0 0 0 0 1.563400767743587 0.1411883682012558 0 0 0 2.39393612742424 0 0.4666702747344971 0.139014407992363 0.5998495370149612 0 0 0 0 0.2920514270663261 0 0 0 0.7225976884365082 0 0 0 0.1829279810190201 0 0 0 0 0 0.4532456696033478 0.4104035496711731 1.005324363708496 0 1.302822947502136 0.411201223731041 0 0 0 0 0 0 0 0 1.67772576212883 0.4989691972732544 0 0 0.1228685081005096 0.2819261848926544 0.7701417431235313 0.6786259412765503 0.09900389611721039 0.1072596535086632 0.4552060812711716 0.9309995323419571 0.2891519442200661 0 0.1136254593729973 0 0 0 0 0 0 0.9913172572851181 1.493820793926716 0.1263210624456406 136.3256539180875 16.33103201538324 63.12752848118544 22.51151571422815 737.2717490941286 9.383761525154114 0.470310389995575 25.94427465647459 4.04101288318634 0 0.8814263045787811 0.358977735042572 4.509732410311699 0.4398063346743584 0 0.6975551843643188 0.5336768478155136 0
702.4989117309451 3868.427036657929 995.1408121585846 70.10588542371988 0 18.83361218869686 1735.671458311379 222.3260331973433 3461.232503905892 55.63154347240925 717.0346182957292 24.46947462111712 548.5869034379721 1145.489531330764 17.16903433203697 3.984414622187614 0.6772050857543945 0.2032472118735313 0 0.5084950402379036 0.1975800916552544 0 0.2108331248164177 0.2804897576570511 0 0.6403543874621391 0 0.2872466593980789 1.255000472068787 0.1004529520869255 867.7105290517211 29.72329176962376 2.526558622717857 0 0.1815957427024841 0.2532624676823616 11.2336391210556 0.434725821018219 0.281475156545639 0.3427779078483582 0.8010347113013268 0.7638557776808739 0 0.1062381267547607 0.3124298751354218 0.3586357310414314 131.4228375628591 7.220053233206272 0.5133913829922676 0.2068911269307137 0.3508001267910004 0.3205449283123016 0.119028203189373 1.740914732217789 4.189721286296844 1.402337059378624 5.095067448914051 195.3653189837933 3.363901674747467 56.57819409668446 0.5620455220341682 0.3760496154427528 0 156.13008762151 3.245909653604031 1.138904869556427 3.075337424874306 3.352543458342552 0.4652673155069351 0.1208470314741135 16.72724494338036 4.59233395755291 0 155.2368898242712 73.56768848747015 92.05251395702362 106.1314589083195 1.670733980834484 9.560273878276348 10.2216472402215 0.4368370398879051 2.783506020903587 10.86910593509674 0.2749947905540466 4.966229468584061 3.502480156719685 3.179587908089161 0.3801389336585999 2.209624618291855 0 0.4797321408987045 0.1823427975177765 0.2466576844453812 1.128768183290958 3.532412305474281 96.53874614089727 3.259589172899723 0 1.312433399260044 77.45823688805103 0.4176353216171265 0.5306129455566406 1.038914114236832 0.5666503310203552 1.809341341257095 1.325566351413727 0.6601994037628174 2.573586344718933 1.047637768089771 6.710232861340046 0.7027798146009445 4.514229081571102 9.321469709277153 8.429186269640923 3.260953508317471 1.435836359858513 0.6872711032629013 0 0.09825479984283447 0 0 0 0 0 0 0.2403490841388702 0 0 0 0 0.8098383098840714 0 0 0 3.483041912317276 0 0.1870764791965485 0.1147867515683174 0 4.859176367521286 0.4263699352741241 0.7981696203351021 0.6749127879738808 0 0 0 0 0.1419024020433426 2.895769543945789 0.8956513404846191 0 1.568643175065517 4.510905146598816 0.1114760190248489 0.1172934174537659 0.1264633238315582 0 0 0.08402122557163239 0 0.09345919638872147 0.3058123588562012 3.322633698582649 0 2.289125591516495 0.2298593521118164 3.101646594703197 1.393989443778992 0.3096466585993767 0 0.1006009057164192 0 0.2200221866369247 0 0 0.4716442823410034 9.809535525739193 0 0 0 0 3.040137514472008 3.161737889051437 1.033928625285625 3.306533627212048 1.831010021269321 2.405565440654755 0.9719308987259865 0.7298844754695892 0 0.08458839356899261 0 0 0.2381216064095497 0.08436089009046555 0 0 6.493267387151718 2.459622547030449 4.783363945782185 337.0021149218082 80.11310854554176 246.086094327271 92.93863857537508 209.51480396837 43.14285521954298 2.149020448327065 108.4946840256453 12.91069517284632 1.260139845311642 6.161554589867592 1.364920549094677 13.50652951747179 1.644064463675022 0.07278788834810257 5.050596758723259 1.903581157326698 0.8296035379171371
65.92476120591164 160.5558967813849 4.881670482456684 202.0370387136936 18.83361218869686 0 161.3862084820867 0.6899308413267136 2.345030546188354 242.1077776774764 1.575816929340363 30.25688150525093 30.42787206172943 6.511710211634636 0.3225901946425438 0 0 0 0 0 0 0 0 0 0 0 0 0 0 0 21.7732362896204 0 1.253350034356117 0 0 0 2.1966442912817 0 0 0 0 0 0 0 0 0.1347258985042572 3.609231032431126 0 0 0 0 0.1660336256027222 0 0 0.2719963490962982 0 266.1758756935596 15.37905286997557 0.7277495265007019 0.3998439759016037 0 0.7457341551780701 0 3.451765403151512 0.1928992196917534 0.09324150532484055 0.09905916452407837 0 0 0 31.53795506060123 32.29892241954803 0.1666274666786194 4.784853495657444 1.320203483104706 0.5636922419071198 1.591907389461994 0.1143737956881523 0 2.249165937304497 0 0.2849210798740387 0.15407894551754 0 0 0 0 0.7276335954666138 0.5924995541572571 0 0 0 0 0 0.1231487467885017 157.9666117504239 14.2218891531229 0 1.271374180912971 396.6827738285065 0.1557143479585648 0 0 0 0 0 0 0 0 0 0 0.6166844666004181 0.1558296531438828 0.4581614136695862 0 0 0 0 0.5292432308197021 0 0 0 0 0 0 0 0 0 0 0 0 0 0 0 0 0 0 0 0 0.6229941248893738 0 0.7597282230854034 0 0 0 0 0 0 0 0 0.5581778883934021 0 0 0 0 0 0 0 0 0 0 0 0 0 0 0 0 0 0 0 0 0 0 0 0 0 0 2.814648747444153 0 0 0 0 0 0 0 0 0 0 0 0 0 0 0 0 0 0 0 0 0 0.2883830368518829 17.15775851905346 0.7115838527679443 3.186468943953514 0.4744047671556473 164.9655865579844 0.2824675738811493 0 2.178267501294613 0 0 0.845002606511116 0 0 0 0 0.4878957271575928 0 0
2139.860961794853 4751.402918145061 280.9877182468772 495.7363218218088 1735.671458311379 161.3862084820867 0 118.3403216451406 2223.454478003085 982.0552876740694 596.1771130859852 29.27876737713814 3063.162361696362 2512.596973985434 39.07243546098471 7.06542980670929 2.463664948940277 1.215267047286034 0.09658227115869522 1.053664915263653 1.136071354150772 0.2501537352800369 0.1446258425712585 0.144334077835083 0.497543603181839 1.177767612040043 0.7449380457401276 1.345554783940315 0.9230242073535919 0.4457450211048126 701.5838084593415 22.79849557578564 2.712562784552574 0 0.1012848094105721 0.1018203049898148 7.945327535271645 0.377530574798584 1.629071585834026 0.320430301129818 0.1775351613759995 2.160505831241608 0.09347211569547653 0.5964418202638626 0.1086949110031128 1.112250909209251 310.8740771338344 14.72625731676817 1.727170407772064 0.7661703824996948 3.35668009519577 1.262643851339817 0.3240442425012589 2.310921758413315 8.180611833930016 1.80259545892477 10.22944806516171 221.1639269962907 11.02050655335188 128.7722596153617 0.3602057695388794 0.966735765337944 0.1226424649357796 317.019591294229 8.652533203363419 3.741371087729931 9.308760024607182 9.789449483156204 2.218099065124989 0.5756846219301224 22.04743155092001 5.072826407849789 0 305.7597638219595 167.0156415700912 216.6285174489021 233.5357694551349 3.288181759417057 7.308646783232689 8.817424841225147 1.301449082791805 6.289477318525314 24.26852778345346 0.6649582460522652 12.34083620458841 7.446246847510338 9.19665938615799 1.392024338245392 3.901094526052475 0.2286279946565628 2.022606775164604 1.64436236768961 1.327121503651142 0.7851286381483078 6.029151424765587 210.3544361516833 6.283222503960133 0 3.389713384211063 59.43555980175734 1.429440498352051 0.9904901012778282 3.663043007254601 0.7418219149112701 1.664283752441406 2.463796064257622 2.764380052685738 4.401446342468262 2.423675574362278 12.31314966082573 1.275691658258438 10.60540783405304 16.46187625080347 19.69148694723845 6.709702059626579 1.207842975854874 0.5676884651184082 0 1.079347416758537 0 0 0.1208251863718033 0 0 0 0 0 0 0 0 0 0 0 0.5334559082984924 5.144433550536633 2.463842526078224 0 1.002251490950584 0 8.763524442911148 0.3250235617160797 2.690031699836254 1.149029985070229 0.1932867765426636 0 0 0.2695607244968414 0.4296391233801842 4.772255912423134 0.2571838423609734 0 2.163196764886379 3.919196709990501 0.1168626323342323 0.425066202878952 0 0.3487330377101898 0.3834771662950516 0 0 0.1078022196888924 0.9837782606482506 1.981137372553349 0 5.995341569185257 0.6635304838418961 4.017491906881332 2.911092832684517 0.7236749231815338 0.07373131811618805 0.2022964805364609 0.4075555428862572 0 0 0 0 15.76949053257704 0.2751757055521011 0 0.146347850561142 0.5414248183369637 1.513515204191208 4.290956065058708 2.609213635325432 4.814464092254639 4.728274181485176 1.705905497074127 0.684132382273674 1.470764689147472 0.4961320459842682 0.08419851958751678 0 0 0.2612670287489891 0.2773492038249969 0 0.1730490326881409 10.47603559494019 3.23698715120554 7.209352500736713 838.7748943790793 226.2040577381849 554.3186820149422 222.3396489396691 687.8334509059787 114.3709496110678 7.015831559896469 293.87649808079 25.83601759374142 1.766521781682968 10.66767209768295 0.9156662374734879 18.31353455036879 2.084356859326363 1.006493046879768 2.94041346013546 7.125600449740887 0.3981082141399384
7.419488899409771 241.69602227211 2085.307080231607 17.45291922986507 222.3260331973433 0.6899308413267136 118.3403216451406 0 531.2233062684536 3.576528169214725 2072.112313836813 62.97294596582651 715.7985011488199 832.5954551696777 8.029305800795555 2.011859960854053 0.4004938751459122 0.100815087556839 0.1013341844081879 2.904496498405933 2.374804303050041 0.1121155768632889 0.949656218290329 0.172676146030426 1.390826411545277 0 1.473134711384773 0.300871454179287 0 0.6193265318870544 1059.547119148076 2554.903956182301 60.85152092576027 1.813734047114849 0.3779525682330132 1.652834095060825 96.4797533005476 3.855941735208035 3.204772353172302 0.3295859470963478 0.3717857524752617 0.3960300460457802 1.190281696617603 16.32610999047756 1.819002464413643 9.743847005069256 40.82544896006584 1.987337805330753 1.542309865355492 2.068203017115593 0.09662297368049622 0.4499997869133949 0.1933511644601822 0.9698609560728073 0.6937077417969704 0.2637109234929085 0 47.11469565331936 0.8526097908616066 13.44959369301796 43.92326682060957 4.322038285434246 1.244999133050442 207.279756501317 0.1034835577011108 0.165585920214653 0.9818118065595627 1.168748937547207 1.350953429937363 4.126097314059734 137.60348983109 3.885355122387409 0 32.80797184258699 24.25512356311083 35.21830713003874 80.27691246569157 158.5752106010914 1270.197193369269 752.1678935736418 610.7230295911431 1065.550784826279 1.582507565617561 0 0.5719804689288139 0.4108652770519257 1.987631924450397 0 0.1220452189445496 0 0 0.1240754500031471 0.8379455879330635 0 0.2174236476421356 91.21030161529779 22.08385016024113 0.8478468209505081 10.74178800731897 5.077087879180908 0 0.2821015417575836 0.1128687635064125 0 0.5315645188093185 0.1676648557186127 0.1352401077747345 0.3614704385399818 0.3996900320053101 2.03940038383007 0.09746147692203522 1.411286868155003 2.880444064736366 2.451888531446457 1.068474598228931 0.2038817331194878 0.3180375695228577 0 0.2216933593153954 0 0 0 0 0 0 0 0 0.08126942813396454 0 0 0 0 0 0 1.278858110308647 0.1662540137767792 0.1406629234552383 0 0.1137961000204086 1.395405620336533 0 1.595396414399147 0.3336162567138672 0 0 0.1135340854525566 0 0.1245944201946259 0.9881976544857025 0 0 0.701642319560051 1.393785402178764 0.1504159271717072 0.1084430068731308 0.3410287797451019 0.84525416046381 0.2894424796104431 0 0 0 0.2398936748504639 0.8323379009962082 0 1.443661741912365 0.203047588467598 1.52316614985466 0.1128839552402496 0.404864601790905 0 0 0 0 0 0 0 3.095571361482143 0.2757710218429565 0 0 0 0.4988677352666855 1.578220307826996 0.7252631634473801 1.286741122603416 0.3533256649971008 1.499091617763042 0.124982126057148 0.08439132571220398 0 0 0 0 0.1101247742772102 0 0 0.1224460750818253 2.368855617940426 0.7626495584845543 1.884059116244316 78.36174838989973 14.94769344478846 58.60881345719099 18.91588500142097 25.59336084127426 8.871449455618858 0.5031599849462509 25.16245619207621 2.11047650873661 0 2.627836167812347 0 4.935598470270634 0.127478614449501 0 1.191782981157303 0.6928675472736359 0
33.42971217632294 3337.148425877094 1009.811348237097 174.52862611413 3461.232503905892 2.345030546188354 2223.454478003085 531.2233062684536 0 47.21903130412102 2001.373105511069 29.44316858798265 1758.33414658159 2897.625725843012 11.57965267449617 2.683052852749825 0.4514588490128517 0 0 0.2005648389458656 0 0.2018006071448326 0 0 0.1200083270668983 0.3224998712539673 0.1080335304141045 0.3609485924243927 0.4069904237985611 0 250.4061353653669 29.76004078984261 7.558736085891724 0 0 0.2620669901371002 22.85132364928722 0.15024434030056 0.2309234440326691 0.1108430996537209 0 0 0.226509615778923 0.2437577545642853 0 0.3914028331637383 60.06152173131704 1.232387073338032 0.3109450340270996 0.4060752019286156 1.132046908140182 0 0 0.6738954409956932 1.070830836892128 0.1710511073470116 1.065538220107555 31.62787411361933 2.081058830022812 19.4533307403326 0.2751708403229713 0.4755932986736298 0.2119461297988892 55.01233569532633 1.17224245518446 0 0.7366927042603493 1.112206518650055 0.4490336701273918 0 37.03671281784773 4.339737355709076 0.2605392336845398 41.82367920130491 30.1952753290534 50.31543138623238 50.70594012737274 1.201628878712654 24.73653084784746 18.67728869616985 0.2433082461357117 3.810366466641426 2.419800378382206 0.183258168399334 1.169603861868382 0.7853477671742439 0.868975430727005 0.3951776623725891 0.08190380036830902 0 0.3470315784215927 0 0.179315522313118 0.3511839658021927 0.7159232348203659 167.7310605272651 7.998073890805244 0.1740330457687378 1.870135314762592 10.78628873080015 1.624146670103073 0.670376181602478 4.242312535643578 0.4812618941068649 1.99061169475317 0.9557115435600281 0.9172705188393593 5.258530586957932 2.985727272927761 7.047556549310684 0.6169382557272911 8.361185282468796 10.14473544806242 13.44862728565931 6.323271013796329 1.422863394021988 0.9322337806224823 0 0.851071298122406 0 0 0 0 0 0.112374946475029 0.4208942949771881 0 0 0 0 0 0 0 0 4.365675114095211 0.7882668524980545 0.1254709810018539 0.1343709528446198 0 8.665312319993973 0 2.454718172550201 0.9846590310335159 0.1204798072576523 0 0 0 0.2721523344516754 3.678402297198772 0.3670585379004478 0 3.172913618385792 3.826196521520615 0 0 0 0 0 0 0.1425263434648514 0 1.281544864177704 6.422845423221588 0 1.704013153910637 1.247829549014568 3.462805151939392 1.319886431097984 0.1258514076471329 0 0 0.1824656128883362 0 0 0 0.132073238492012 12.44568533450365 0.1442663073539734 0 0 0.2557634115219116 2.337587378919125 4.004355557262897 2.295836694538593 3.148917347192764 2.722484573721886 3.835971526801586 1.405620001256466 0.3886299729347229 0.3425438553094864 0 0 0 0 0 0 0.236565038561821 8.295344479382038 4.014709025621414 4.872988104820251 236.9419365525246 37.13154552876949 115.1411751583219 49.94814264029264 75.53163144737482 21.01932097226381 0.8281970322132111 63.84895943105221 12.25374825298786 1.24385105073452 8.759044475853443 1.073755420744419 14.30843205749989 0.8632364049553871 0 4.511424459517002 1.176231622695923 0.2656805291771889
322.009783655405 178.6864322274923 13.20307796448469 1146.79308539629 55.63154347240925 242.1077776774764 982.0552876740694 3.576528169214725 47.21903130412102 0 25.71116849035025 714.372776709497 5219.054137803614 274.4619891121984 6.135191529989243 0.8853870034217834 0.2342229783535004 0 0 0.1570959091186523 0 0.1859122961759567 0.1399330347776413 0.1275756359100342 0.1197386309504509 0 0 0.1973223686218262 0.1063925921916962 0 160.5191657543182 1.056086704134941 0.5971845537424088 0 0 0 4.32852853089571 0 0.4386265575885773 0 0.3610357940196991 0 0.1099860966205597 0.3673344403505325 0 0.1364619582891464 70.88842881470919 2.396148465573788 0.3531471937894821 0.481501467525959 0.7392940297722816 0 0 1.261561304330826 1.796993464231491 0.4711461663246155 16.2702073007822 69.87472086399794 3.69086679816246 29.76961412280798 0.1658814996480942 0.388889417052269 0 58.25055270642042 1.448832660913467 0.5783341825008392 1.154144898056984 1.636387564241886 0.7321584448218346 0.1678618416190147 27.04431772232056 1.719601824879646 0 91.16842813789845 32.29877299815416 38.83297470211983 24.90748663246632 0.1192469149827957 0.7898518294095993 3.630749866366386 0.2222092226147652 1.456136576831341 5.342308409512043 0 2.328084342181683 1.52290029078722 2.267678752541542 0 0.6227649822831154 0 0.2144418656826019 0 0 0.144804909825325 0.4434845894575119 897.6452589556575 30.07108876109123 0 0.7878782451152802 136.7478032708168 0.8929983302950859 7.071313038468361 24.56227404624224 2.666274920105934 2.431851476430893 6.703194692730904 3.246655866503716 2.354911811649799 17.6940828487277 18.55181291699409 0.8303515613079071 10.69272887706757 19.70392224937677 19.18488650023937 11.05459655076265 0.4313822910189629 0.8052929490804672 0.3510549068450928 0 0 0 0 0 0.3093774020671844 0 0 0 0.5233747512102127 0 0 0 0 0 0 5.832214519381523 1.642056085169315 0 0 0 6.667881228029728 0 1.672019116580486 0 1.356676667928696 0 0 0 0 3.812669485807419 0.6962807774543762 0 1.028560720384121 4.600572220981121 0 0.3510732278227806 0 0.8699542284011841 0 0 0 0 1.55873966217041 5.721157521009445 0 4.91398099064827 0.1284511089324951 2.850987635552883 2.152888111770153 0.1849913746118546 0.1499537080526352 0 0.3585230708122253 0.3361109346151352 0 0 0 11.75176506489515 0.1316288113594055 0 0 0.2081809788942337 2.996817260980606 4.47265499830246 4.017877720296383 4.296503618359566 3.586483165621758 3.399889692664146 0.4728387445211411 2.124871715903282 0.3299265205860138 0 0 0 0.3244948163628578 0 0 0 10.71525111794472 2.072024136781693 6.445902273058891 616.3587183207273 30.46832658350468 161.5124151408672 64.26236693561077 1097.919413909316 24.15333221107721 4.980969652533531 119.2757017239928 25.74079176038504 0.6904516518115997 10.2647857144475 1.130712077021599 23.39394429326057 3.166781455278397 0 4.769139684736729 1.588023126125336 0.1850999891757965
33.4055215716362 1096.113109402359 3222.722036123276 62.81655643880367 717.0346182957292 1.575816929340363 596.1771130859852 2072.112313836813 2001.373105511069 25.71116849035025 0 377.6984590515494 6340.987699098885 4567.710997931659 6.622340016067028 3.248738273978233 0.3149378746747971 0 0 0.1894209533929825 0.1145662516355515 0 0 0.3790489435195923 0.9070585444569588 0.1059313714504242 0.2848043590784073 0.3559837639331818 0.5509674847126007 0 666.9480533227324 306.7018339782953 255.8306808844209 0.1041672825813293 0 1.395543619990349 369.9649206101894 1.471969492733479 0.9275090098381042 0.5023963153362274 0 0.4002562239766121 0.1687794923782349 0.128384605050087 0.09885876625776291 0.6033839732408524 37.54783759266138 0.5727951154112816 0.10411337018013 0 0.1920952796936035 0 0.1794389188289642 0.2927122116088867 0.4824757352471352 0.1620906740427017 1.577646069228649 58.82111167907715 0.8462559133768082 17.85575324296951 0.9118103533983231 7.015588529407978 0.3508005812764168 59.77108582109213 0.8839896023273468 0.0720188319683075 0.9407880902290344 0.5142393037676811 0.09968272596597672 0 518.6894097030163 2.17794294655323 0 38.76935875415802 20.69405993074179 28.37558629363775 45.68039868026972 2.192873567342758 76.77053319662809 98.70331206917763 1.574686616659164 14.96793320775032 2.780615970492363 0.1095113903284073 1.211358830332756 0.6335644423961639 0.3430701866745949 0.07833250612020493 0.2794657051563263 0 0.2737334370613098 0 0.1852757185697556 0 0.2556905224919319 158.0974326431751 18.45252344757318 0 6.24682179838419 22.24951525777578 0.601022981107235 0 0.4720177501440048 0.2446335405111313 0.5819586738944054 0.8227381110191345 0.2656397223472595 0.7953195348381996 1.094963155686855 2.472192339599133 0.3270276263356209 1.950036250054836 5.346100725233555 5.66525562107563 2.731629103422165 0.6215089857578278 0.09887153655290604 0 0.6308106407523155 0.1516256034374237 0 0 0 0 0 0 0 0 0 0 0 0 0 0 2.5769052952528 0.2334124594926834 0 0.1305194497108459 0 2.363049574196339 0 1.190567195415497 0.5176627710461617 0.2784827202558517 0 0 0.1254495829343796 0.181854322552681 0.3508778810501099 0 0 1.163030564785004 1.047781653702259 0 0 0 0 0.1489342749118805 0 0 0 0 2.297041453421116 0 0.888648122549057 0 1.455265767872334 0.8263199031352997 0 0.121871717274189 0 0 0.1105341613292694 0.1207021921873093 0 0.1519482284784317 6.123942770063877 0.1259649991989136 0 0 0.1583956927061081 0.9640229418873787 1.827894553542137 0.8782910853624344 0.7855649888515472 1.573485143482685 1.700885847210884 0.9712229743599892 0.1516808420419693 0.09933091700077057 0 0 0 0.08154186606407166 0 0 0 5.726511999964714 1.611756041646004 2.389909826219082 92.85125735402107 19.18255116045475 56.56293353438377 23.58533276617527 35.09730102866888 8.4480349868536 0.6578652635216713 28.26256792992353 6.994198881089687 0.6598662286996841 3.086068779230118 0.6170113384723663 5.946775756776333 0.38515804708004 0 1.205699689686298 0.7031217515468597 0.1323278248310089
4.323842793703079 52.52568548172712 56.91215915977955 12.92523492872715 24.46947462111712 30.25688150525093 29.27876737713814 62.97294596582651 29.44316858798265 714.372776709497 377.6984590515494 0 1620.622239425778 192.2023155167699 11.81879438459873 5.368368618190289 0.3733462691307068 0.08278870582580566 0 0 0 0 0 0 0.1329075247049332 0.1099710240960121 0.2288535833358765 0 0.2239115238189697 0 35.51732285320759 13.15108966082335 23.40567851811647 0 0 0 32.84914484620094 0.2336966693401337 1.225224152207375 0.2597532570362091 0 0.3952445387840271 0 1.17918523401022 0 1.704822324216366 32.28451142460108 0.3314348682761192 0 0.1558947116136551 0.08829633891582489 0.357552707195282 0 0.3664342537522316 0.1257130950689316 0.07772660255432129 2.706470780074596 8.191606037318707 0.3557364717125893 6.141307167708874 0.5498730763792992 1.758954182267189 0 21.89438783377409 0.09343566745519638 0.1017312929034233 0.192121610045433 0.6303690746426582 0.4330839440226555 0 64.63286580145359 6.077968701720238 0 10.48170199990273 11.75642138719559 25.99814286828041 34.48926838487387 10.14076303690672 24.06689248979092 32.77709241211414 3.386955440044403 4.694635502994061 0.9532990977168083 0 0.08261092007160187 0.07161431759595871 0.40569669008255 0 0.1896325945854187 0 0.118437334895134 0.4268219918012619 0.1494276076555252 0.1703971773386002 0.7565541416406631 1678.530924245715 34.95615154504776 0.5031078159809113 1.938447304069996 19.01737940311432 3.092445783317089 1.10541969537735 5.386996001005173 0.4176207780838013 4.720257736742496 4.272898599505424 5.169268041849136 6.862794332206249 4.842062719166279 16.3981768861413 1.315147250890732 14.34514354914427 23.09101692587137 28.01172310113907 13.60367694497108 2.348971344530582 0.9245918989181519 0 0.5606111288070679 0 0 0.1040137261152267 0 0 0 0 0 0 0.2667305171489716 0.4482807815074921 0 0 0 0 10.39637699723244 1.501948475837708 0 0.4568473100662231 0.3301851749420166 12.25616437196732 0 3.11577083170414 0.2208898514509201 0.1259524375200272 0 0 0 0.7420600950717926 3.281961381435394 0.2855435535311699 0 4.450564071536064 5.186429999768734 0.283563643693924 0 0 0.1341966688632965 0 0 0.19556675106287 0 0.6789579913020134 9.008176244795322 0 2.408504597842693 0.770381011068821 4.951612085103989 4.311932191252708 0.3829973936080933 0 0 0.1644806787371635 0 0 0 0 25.02169602364302 0.1839330494403839 0 0 0 3.438596837222576 4.09989407658577 2.459667980670929 5.156845353543758 1.598596259951591 4.060569137334824 2.448756545782089 2.327297292649746 0.08537360280752182 0 0 0 0.1059356406331062 0.1318836659193039 0 0 22.55185225605965 4.813058853149414 6.938938699662685 184.6891038492322 17.59696181863546 68.11528129130602 27.23238860070705 128.8843813687563 7.741213753819466 0.8035463243722916 35.64732282608747 14.6263619363308 0.3499738201498985 11.93729842454195 2.400771796703339 26.05481941252947 2.759977325797081 0 8.069353975355625 1.731683321297169 0
167.5946825295687 1755.304633580148 556.3966755494475 1130.53731071949 548.5869034379721 30.42787206172943 3063.162361696362 715.7985011488199 1758.33414658159 5219.054137803614 6340.987699098885 1620.622239425778 0 3767.398844331503 37.82370214909315 22.39289852231741 2.787807390093803 0.2289525493979454 0.3390626311302185 1.169553741812706 1.541672542691231 1.582831427454948 0.1439755260944366 0.1206910312175751 2.807492062449455 0.5760159343481064 2.273548647761345 0.4430986493825912 2.099506236612797 0.121806375682354 204.1372387334704 50.46958453953266 593.0815037190914 0.6300671473145485 0.7042567729949951 2.212529823184013 92.32541631907225 3.434612095355988 5.153513975441456 1.25335256755352 0.1230608597397804 1.331660434603691 0.1123183965682983 10.58245548605919 3.580960988998413 12.35930313915014 124.4126844331622 5.03145007789135 1.449404373764992 0.4423781931400299 1.223623760044575 0.8204734474420547 19.94661357998848 0.7436429634690285 0.5196995958685875 0.4794552251696587 2.950578466057777 41.920798830688 3.215920947492123 27.22419964522123 5.91524700075388 17.60136793553829 1.836542889475822 69.22435939311981 1.676608644425869 0.663281537592411 2.129396490752697 2.9870994836092 2.132140100002289 0.5255974754691124 267.483240403235 81.91302280128002 1.236589498817921 48.42189953476191 40.98547674715519 88.30788859724998 113.9661717936397 18.77672239392996 90.8527324795723 285.5284048467875 20.13615066558123 83.22758042067289 3.375719010829926 0.104932501912117 1.619486384093761 1.888038046658039 2.433855064213276 0.5505412966012955 0.8335350751876831 0.7713976874947548 0.7230250984430313 0.7942788451910019 0.9377558380365372 0.2585720419883728 2.433766029775143 2935.896460950375 163.7144228741527 7.710404373705387 39.98830647021532 23.08753567934036 4.261998504400253 2.541490972042084 38.48400463908911 6.718226112425327 8.858024321496487 59.70204091072083 4.292079567909241 18.0768076479435 10.13472667336464 35.52290517836809 7.300881654024124 30.00075093656778 56.77127719670534 65.39234270900488 35.59982181340456 5.241780035197735 4.077810078859329 0.1952214241027832 2.269491389393806 0 0 0.4350933581590652 0 0 0 0 0 0.5124166309833527 0 0.566637709736824 0 0 0 0 21.04835415631533 7.418130971491337 0.3264812976121902 2.325388543307781 0.7525985911488533 30.28949398547411 0.9923054873943329 9.721212767064571 5.998580753803253 1.188920356333256 0.3164362907409668 0 0.10743647813797 0.7427517399191856 15.06375615298748 2.849524393677711 0.1017401739954948 11.1601532548666 15.60275056958199 1.400432400405407 0.7309373915195465 0.1484197676181793 2.125963442027569 0 0.07325182110071182 0.4978694394230843 0.1469201147556305 3.646370120346546 22.61647476255894 0 20.15827638655901 4.156950913369656 15.88041927665472 10.6940912976861 1.015652611851692 0.08587785810232162 0 0.4575074836611748 0.5375742688775063 0.3059440404176712 0 0.1213750690221786 65.11579304933548 7.488640353083611 0.181470975279808 0.1194139495491982 0.4810542538762093 9.297455787658691 19.03638465702534 6.753568522632122 11.30504786223173 9.227369226515293 14.63711854070425 6.71906366199255 7.192645311355591 1.260020263493061 0.1109656542539597 0 0 0.2280402854084969 0 0.141290009021759 0 52.94927196204662 24.39133460074663 31.21333757042885 470.5105334073305 80.85516023635864 220.1459027528763 88.68676379323006 190.1091178432107 37.0083462074399 2.470992609858513 127.6157670542598 33.4653691649437 6.584505409002304 33.3129195868969 4.835638418793678 71.74178773909807 9.813185840845108 0 19.98059204220772 4.316794365644455 0.87534049898386
