0 6148.048882581294 401.1402390450239 1126.008118852973 446.8725490793586 57.39995530247688 766.4780988022685 97.27954658120871 139.1937404051423 657.5092278122902 477.0594172328711 191.416704595089 328.9579815790057 243.3793774172664 8.032413870096207 6.795552663505077 0.5601806119084358 0.0912124365568161 0 0.257993258535862 0.3264437690377235 0 0.2472064346075058 0.227585643529892 0.3587071448564529 0.2321219071745872 0.5238337740302086 0.2963465228676796 0 0.6501490697264671 513.3302409872413 6.082001760601997 18.81574042886496 0.09608758985996246 0.2757780402898788 0 7.27284662425518 0.9330970048904419 2.220152348279953 0.7043425291776657 1.539613239467144 0.3549360483884811 0.284938246011734 0.1480823308229446 0.1044834479689598 0.2415306568145752 44.73024605214596 2.084038928151131 0.2838120311498642 0.2690827921032906 0.4189983978867531 1.177701517939568 0.2992592751979828 0 8.953506149351597 5.91424598544836 156.941622890532 942.2021952271461 18.71545725315809 35.81456015259027 0.5639959722757339 4.535470090806484 0 6.560863338410854 1.833615012466908 0 0.4676638543605804 0.1375872045755386 0.6984779164195061 2.298617824912071 56.90579850971699 7.887733742594719 0.9190328568220139 113.7652681544423 58.73262118548155 26.5359864756465 13.89707002788782 2.300605647265911 5.226002186536789 104.1599115431309 0.8340164572000504 40.70166776329279 11.56062636524439 1.307309545576572 0.7087853029370308 2.976280808448792 0.2114934399724007 0.08810068666934967 0.9612359553575516 0.263262152671814 0 0.1278437972068787 0.990566574037075 0.256519079208374 0 594.701340302825 12.91084566712379 0 4.642027616500854 1138.766971059144 0 0 0.4661116227507591 0.4029586911201477 0 29.03819225728512 0.5238713026046753 0 58.13150954246521 1.290694400668144 0.1749858856201172 0.4778132736682892 1.534778982400894 2.92535113543272 0.5022702515125275 0 0 0 0 0 0 0 0 0 0 0.2378893196582794 0 0 0 0 0 0 0 0 0 0 0 0 0 1.146470420062542 0 0.3950387760996819 0 0 0 0 0 0 0 0 0 0 0.4601491764187813 0 0 0.176389679312706 0 0 0 0 0 0 0 0 0 0 0.7253004759550095 0 0.1625528484582901 0 0 0 0 0 0 0 3.589710995554924 0 0 0 0 0.1537285596132278 0.3549675047397614 0.5481346994638443 0.2345352917909622 0 0 0 0 0.1547084301710129 0 0 0 0.1512933969497681 0 0 0 3.477296710014343 0.4582971483469009 0.4712983444333076 83.61520832031965 5.107739940285683 76.67180424183607 16.74419511109591 1385.821123942733 11.75012831389904 1.940196111798286 7.748163603246212 1.150601461529732 0 0.5991416722536087 0 0.9299354255199432 0 0 0.3230599761009216 0.1466443836688995 0
6148.048882581294 0 1195.79860830307 972.1306314244866 4460.178961828351 273.3849378973246 3764.690687052906 477.9314432889223 2937.361466109753 1070.094128564 2775.53856421262 70.16294648498297 1878.544432766736 3102.208415947855 59.98867512494326 24.32294405251741 2.20708429068327 1.53999625146389 0.7419196665287018 0.4028086364269257 2.818152733147144 0.3085848093032837 0.9675198420882225 0.7186290174722672 0.8680103495717049 0.8961250111460686 1.941384062170982 1.117468491196632 0.261181116104126 0.6296970322728157 2479.040956944227 92.02174323052168 75.55766236782074 0.6416674628853798 1.186712428927422 1.068394795060158 27.64986968785524 0.45262511074543 0.8938567787408829 1.661178953945637 5.770241342484951 1.653132431209087 1.753155596554279 2.537282317876816 1.458740808069706 4.039305724203587 383.6995581910014 7.629599913954735 1.091419570147991 3.577577970921993 2.556830875575542 0.632581502199173 1.415229760110378 0.7712140753865242 41.11225477606058 42.49967663735151 127.1973615214229 1331.388277187943 34.93116416037083 221.1669989079237 8.424130760133266 13.66623063385487 0.1020251214504242 99.75373660773039 14.07669676840305 2.736206755042076 1.569832943379879 1.75966115295887 7.232046969234943 11.86566972732544 9.790015205740929 0.4402871280908585 0 489.4621731862426 347.2465991601348 246.2478007823229 167.984815068543 24.36846298724413 17.03387604653835 357.5431788340211 14.95884492993355 100.1445059925318 66.56020110100508 7.507993571460247 5.742417998611927 13.68175118416548 4.684829890727997 0.1260182559490204 2.32731631398201 0 0.2712458595633507 0.7000089585781097 4.065714128315449 0.2590019032359123 1.518162950873375 157.4046287536621 0.7683062627911568 0 1.54594674706459 1578.61342599988 0 0.180788666009903 0.5718324035406113 1.045430049300194 0.1592543125152588 120.1770322024822 0.6112750023603439 0.4287174791097641 110.5438134670258 4.974040612578392 0 4.535726301372051 13.63174147903919 12.78121592849493 4.024203777313232 0.1154786869883537 0 0 0 0 0 0 0 0 0 0 0 0.1275628805160522 0 0 0.309009462594986 0.1421998739242554 0 0.1576746851205826 1.228160262107849 0 0 0.1169857010245323 0 0.6624888479709625 0.3838256374001503 2.15729247033596 0.5210351645946503 0.7011438608169556 0 0 0 0 0 0 0 0.2378338277339935 0.5122665464878082 0 0 0 0 0.1185085624456406 0 0 0 0 0.4442085325717926 0 0.4281896352767944 0.2535819709300995 2.280829533934593 0 0 0 0 0 0 0 0 0 20.00366680324078 0.4826694056391716 0 0 0.3603757917881012 1.581677012145519 1.426550298929214 1.900873519480228 0.2500204741954803 0.2839685082435608 0.9663338959217072 0.1702002286911011 0.2837299406528473 0.1547437161207199 0.1216346919536591 0 0 0 0 0 0 22.89067400991917 5.044868223369122 3.610487744212151 363.3275871649384 48.2460752427578 844.7081007584929 138.5496280491352 2590.206918895245 93.28658658266068 15.86561706662178 59.04331087321043 10.03654450923204 0 1.309987455606461 0.1277255266904831 3.981854632496834 0.4341100752353668 0.38483527302742 1.841853350400925 4.878307580947876 1.559616073966026
401.1402390450239 1195.79860830307 0 11.60368889570236 747.137742638588 6.226791813969612 171.7661713957787 1859.705243051052 724.4481466338038 6.265215195715427 4045.331498131156 1.248681418597698 78.09001848846674 812.3616398125887 50.79315558820963 45.30766316503286 4.520691215991974 6.266742654144764 2.011694222688675 12.39349536597729 13.51846195012331 0 6.034414306282997 1.995720364153385 4.293078005313873 0.9514894708991051 4.117763333022594 0.9201842769980431 0.3441390320658684 0.6294367536902428 4432.846276946366 935.6498128548265 30.93869916349649 4.277680926024914 3.969486303627491 3.434329383075237 11.42833735048771 0.9543200209736824 1.162903487682343 0.7901575118303299 27.16501200199127 0.8980410024523735 13.29465620219707 4.993544332683086 4.449987664818764 12.91299072653055 134.712544567883 5.162489771842957 1.682370215654373 11.51002486050129 5.65540861338377 0.1302126348018646 0.2510105222463608 0.6602860763669014 14.43275502324104 16.34226037561893 59.14445137232542 1724.323647327721 12.36660960316658 84.75687728822231 30.45789441466331 10.9210289940238 2.316565454006195 187.6411877200007 3.558171920478344 1.515329591929913 1.463981486856937 6.623903401196003 36.07645383477211 66.52188363671303 2.105959475040436 0 0 244.2021948173642 227.3864851519465 114.4714207500219 139.9968820363283 77.48119197785854 158.8173874020576 463.41828032583 72.22995851188898 420.0055046677589 21.90542419999838 2.67215321958065 1.231879197061062 6.052537627518177 10.73076932877302 0 1.230543173849583 0 0.4891241192817688 0.1084547862410545 13.56592113524675 0.6409991979598999 0.6730602234601974 8.146823912858963 0.271483302116394 0.1417894512414932 0.2983794435858727 348.004388526082 0 0 0.1463066339492798 0 0 0.1488474160432816 0.1304561644792557 0.1860490441322327 0.909641295671463 2.688283778727055 0 0.4862079322338104 1.012901663780212 2.024382673203945 0.9038915634155273 0.1332802772521973 0 0 0 0 0 0 0 0 0 0 0 0 0 0.1221051067113876 0 0 0 0 0.142872616648674 0 0 0 0 1.169924043118954 0.750206358730793 0.9281755015254021 1.054790057241917 0.1136254146695137 0.1279762834310532 0.1419098526239395 0 0 0 0 0 0 0.3999582082033157 0 0 0.1600230187177658 0 0 0 0 0 0 0 0 0 0.6335669010877609 0.6858405470848083 0 0 0 0 0 0 0.1435956209897995 0 0 4.971192300319672 0 0 0 0.5067345052957535 0 0.5429730415344238 0.2227962166070938 0 0 0.1395030468702316 0 0.1028681024909019 0 0 0 0 0.09606689214706421 0.1293611526489258 0.1113027557730675 0 2.736818879842758 1.083021715283394 0.1129415258765221 113.6455603465438 23.05186583846807 207.9502291083336 59.43718083202839 354.6732475459576 28.40019733458757 4.66346187889576 25.9471770003438 3.061872936785221 0.09690405428409576 0.2340297177433968 0.3268499672412872 0.3965323865413666 0 0 0 2.131244346499443 0.7478853911161423
1126.008118852973 972.1306314244866 11.60368889570236 0 96.66882243007421 317.3273464143276 1665.377559535205 1.181972458958626 65.78193973004818 2171.376178517938 6.718263685703278 1373.20539907366 3052.391407862306 463.6908933594823 3.288280181586742 0.4316198378801346 0 0 0 0 0 0 0 0 0 0 0 0 0 0 8.797084368765354 1.412975750863552 2.427239671349525 0 0 0 1.825660742819309 0.08968757092952728 0.149087518453598 0.1481658965349197 0 0 0.3722989112138748 0.08961775153875351 0.1305388957262039 0 12.72437494248152 0.3819592520594597 0.2484599649906158 0 0 0.1417955756187439 0 0 0.828328050673008 1.606709256768227 16.94393949955702 50.41599962115288 1.406670600175858 6.746711574494839 0.08773121982812881 1.153903931379318 0.2833252102136612 1.597022540867329 0.09967157244682312 0.09660626947879791 0 0 0.2593301609158516 0.2837458103895187 29.29009716212749 0.160045862197876 0 17.66767901182175 9.958315655589104 9.576379999518394 7.25957328081131 0.4249968081712723 0.134233221411705 2.038369357585907 0.4064911752939224 1.967893004417419 2.425192341208458 0.6025153771042824 0.1431438624858856 0.2216230928897858 0 0 0 0 0 0 0 0 0 185.3797082751989 2.977484703063965 0 0 344.2180482670665 0 0 0 0.3090391457080841 0.4420991837978363 51.99653749167919 0 0 100.2198033332825 2.35479074716568 0 1.314450815320015 4.356825396418571 4.577695369720459 1.876804351806641 0.1385655403137207 0 0 0 0 0 0 0 0.1576006859540939 0 0 0 0 0 0 0 0 0 0 0 0 0 0 0 1.122157722711563 0 0 0.4269537776708603 0.1125987097620964 0 0 0 0 0 0 0 0.1714290529489517 0.349271222949028 0 0 0 0 0 0 0 0 0 0.1044463291764259 0 0 0 1.097373187541962 0 0 0 0 0 0 0 0 0 9.191144876182079 0.1252669543027878 0 0 0 0.2481031119823456 0.7272574007511139 0.4007715135812759 0 0 0 0.1528820395469666 0.5405904874205589 0 0 0 0 0 0 0 0 8.791062258183956 1.368711978197098 0.9004936367273331 57.33876582980156 1.171725057065487 32.66197212785482 5.486730545759201 855.9769389629364 4.317948594689369 1.201780594885349 3.35083319246769 2.827606439590454 0 0.9944391995668411 0 3.49316318333149 0 0 0.3199770450592041 0.491273894906044 0
446.8725490793586 4460.178961828351 747.137742638588 96.66882243007421 0 18.77959351241589 1893.486681550741 370.648913577199 11138.49446631223 195.2289159744978 2066.629600077868 22.84092532843351 457.6457697227597 2340.745196901262 39.53233754634857 10.11459220945835 0.4697551354765892 2.206042259931564 0.7415531501173973 2.837216287851334 2.352477885782719 0 1.118391245603561 0.5151349529623985 0.4532393664121628 0.1758049875497818 0.3994622901082039 0.7183381021022797 0.185105949640274 0 236.7942307144403 72.61229427903891 7.693858772516251 1.13807201385498 1.058246642351151 0.5037893205881119 3.149869777262211 0.5009826645255089 0.1450579017400742 0.4421052187681198 6.715705662965775 1.130017936229706 3.635003633797169 2.577758312225342 1.074339412152767 2.437128454446793 181.8221866041422 4.925168372690678 0.6164739951491356 3.98921262472868 1.652245961129665 0.2155479341745377 0.5199497491121292 0.7902399450540543 18.48852331936359 18.40671340376139 21.8697477504611 161.0762423872948 15.66267820447683 78.02767504751682 10.5662692412734 3.930402085185051 0.8675055876374245 42.90444725751877 5.122887440025806 1.391613595187664 1.020491562783718 2.429965078830719 13.00322234630585 19.96106250584126 5.398975685238838 0 0.1500303149223328 144.5558531209826 121.4999954178929 139.8736249655485 99.81174990534782 18.5198625549674 9.289688855409622 38.72456163913012 16.49422211945057 48.94691296666861 20.16535495221615 2.942317225039005 1.368617817759514 5.338597759604454 5.116925992071629 0.1435652375221252 1.478017136454582 0.1112913638353348 0.6503241807222366 0.1362016201019287 4.624917648732662 0.6973573118448257 1.762845098972321 136.0204681828618 0.1204623356461525 0 0.6483754366636276 73.97480837255716 0.1107146367430687 0.2255899459123611 0.3320170789957047 0.155823290348053 0.4524002373218536 2.183578103780746 0.8580654412508011 0 2.887029960751534 3.99113142490387 0.2410060614347458 2.253079935908318 10.06176462769508 7.176319546997547 2.021406590938568 0.3074761927127838 0.173275351524353 0 0 0 0 0 0 0 0 0 0 0 0 0 0 0 0 0 0.6690245717763901 0 0 0 0 1.297271087765694 0.118096835911274 0.9886572137475014 0.2946246266365051 0 0 0 0 0.2843600511550903 0.5615953058004379 0 0 0 0.3893563896417618 0 0.4158575832843781 0 0 0 0 0.2006689608097076 0 0.1922692507505417 0.3157009780406952 0 0 0.3465248942375183 0.4306283816695213 0.3045966923236847 0 0 0 0 0 0 0 0 17.98194110393524 0.1493301540613174 0 0 0 1.039866462349892 0.1516086310148239 0.5212874412536621 0.1099753752350807 0 0.6186993569135666 0 0.4642006456851959 0 0 0 0 0 0 0.165387287735939 0 19.12964831292629 0.9934513419866562 1.035505712032318 258.2589596807957 38.52292421460152 439.2149056345224 97.21111819893122 331.5873590186238 74.03929460048676 9.167573660612106 48.25120275467634 6.268743112683296 0 1.030917629599571 0 2.702345177531242 0 0 0.9562062621116638 4.001488327980042 0.5543686151504517
57.39995530247688 273.3849378973246 6.226791813969612 317.3273464143276 18.77959351241589 0 174.1766117736697 0 15.08662813901901 303.4840717315674 2.134556487202644 205.7339662015438 177.6056284159422 37.3146488815546 0.1259796917438507 0.1434051841497421 0.1733945459127426 0 0 0 0 1.71642005443573 0 0 0 0 0 0 0 0 0.5639716982841492 0 12.37048228085041 0 0 0 16.9423575848341 0.1978519558906555 5.046316266059875 0.9281085878610611 0 0 0 0 0 0 0.4860679805278778 0 0 0 0.2451329752802849 23.64590258896351 0.2403981536626816 0.1616111546754837 0 1.162759214639664 39.34362818300724 33.79157130420208 0.5432544946670532 0.5675314217805862 0 2.954926952719688 0 0.1358847320079803 0 0 0 0 0 0 194.5116891264915 124.5625972151756 7.611722156405449 2.645497277379036 0.7294757515192032 0.7218180149793625 0.8122447431087494 0 0 7.257159739732742 0 1.18734484910965 0.2418539151549339 1.588105320930481 0 0.3164444267749786 0 8.819787807762623 4.566497519612312 15.70785126835108 0.5904466658830643 1.624658837914467 0.2866968214511871 0 0.6066315919160843 903.2619113773108 205.7402868419886 15.87580770254135 31.40714083611965 253.3017186224461 0 0 0 0.4083307385444641 0 4.524949789047241 0 0 7.566317573189735 0 0 0 0.9885056912899017 1.230521716177464 1.398332640528679 0 0 0 0 0 0 0 0 0 0 0 0 0 0 0.2680797874927521 0 0.2189135104417801 1.349037006497383 0.1860218197107315 0 0 0 0 0 0.2639876008033752 0 0.3334963619709015 0.3901555687189102 0 0 0 0 0.2114550173282623 0 0.3216503262519836 0 0 0 0 0 0 0 0.1507910639047623 0 0 0 0 0 0 0 0 0.1854377090930939 0 0 0 0 0 0.2108990401029587 0.185795396566391 0 0 3.694047972559929 3.274892210960388 0 0 0.1696264147758484 0 0 0.1769207566976547 0 0 0.1137963682413101 0 0 0 0.5564177632331848 0 0 0 0.116844154894352 0 0 0.9450075328350067 0.2927583605051041 0.6709535270929337 10.10176487267017 1.54349422454834 0.9672229290008545 0.2503914684057236 91.34932266175747 1.11569319665432 0.6794499754905701 0.1430812925100327 0.3470752835273743 0 0 0.1493777185678482 1.295924082398415 0 0 0.1637494415044785 0 0.4185475409030914
766.4780988022685 3764.690687052906 171.7661713957787 1665.377559535205 1893.486681550741 174.1766117736697 0 33.11819560080767 6606.012946560979 2555.667106091976 177.7731695175171 453.0723799988627 6420.35585334897 1426.49364733696 95.16117454320192 36.72510466724634 1.764839917421341 2.381749987602234 0.6711898073554039 3.257618829607964 6.968831919133663 0 2.963715650141239 0.2886047214269638 0.7108378112316132 0.6261244639754295 1.774911753833294 2.708776995539665 1.104939803481102 0.6680974140763283 194.8312395438552 79.82592994719744 41.31531013548374 1.264398671686649 1.97649846971035 1.667530380189419 19.19910678267479 1.414593294262886 1.398941576480865 0.5689499974250793 15.00067767500877 2.321693196892738 4.584759622812271 4.403402581810951 1.815589524805546 5.267035342752934 376.5487444028258 9.637491419911385 1.291033238172531 5.686028517782688 5.560156859457493 1.022705078125 0.5013774111866951 1.351223707199097 31.35319223254919 39.75616490095854 51.48003051429987 271.3222261741757 29.12563715130091 153.2027078121901 17.32862521708012 10.4066913202405 1.032371819019318 84.76808027923107 9.803465902805328 3.314336560666561 2.26030770689249 5.260760702192783 19.24765847623348 35.64165798574686 30.89645530283451 2.856407731771469 0 310.2792038396001 210.2103262841702 261.3734847307205 199.4635757431388 23.06637682765722 13.88733100146055 56.50713305175304 24.08349922299385 149.945552714169 49.96027778089046 4.928933165967464 4.836524344980717 14.322733938694 9.957501165568829 0.2243848368525505 2.194387689232826 0.1038566902279854 0.3360660672187805 0.7442039400339127 12.15799278765917 1.894742093980312 1.853500068187714 987.6588627621531 1.299565762281418 0 1.244266368448734 207.713763974607 1.448568627238274 1.085988491773605 13.19207800924778 4.136526346206665 2.988613530993462 57.42698783427477 2.458837047219276 6.825852036476135 80.62311905622482 38.12484037131071 3.148056626319885 33.17431639879942 58.94852849841118 57.4661472812295 27.08855301886797 0.2736718654632568 0.6213735491037369 0 0 0 0 0 0.1302551478147507 0 0.1777341812849045 0 0 0 0 0 0 0 0 0.3084396719932556 2.702185660600662 0.8733672499656677 0 0.3592598736286163 0 6.338960081338882 0.8692219406366348 3.909224137663841 0.5068483799695969 0.5247639715671539 0 0.1280953884124756 0.2020363956689835 0 0 0 0 0.4912102445960045 4.06812047958374 0 0 0 0.629283145070076 0.218210369348526 0 0.146198108792305 0 0.6095049157738686 1.163437686860561 0 0 0.199528381228447 11.51384504884481 0.8285986855626106 0.1468971222639084 0.1768964827060699 0 0 0 0 0 0.1507993936538696 107.8465947136283 0.188805878162384 0 0 0 6.206716358661652 3.426522076129913 3.581139728426933 2.545966275036335 0.5978604704141617 2.902213633060455 1.289353102445602 1.706457771360874 0 0 0 0 0 0.2983162701129913 0 0 132.1757895424962 10.13181799650192 6.85582609474659 685.5373796001077 82.39443656057119 1047.91865055263 241.7280183508992 1296.419156812131 183.6416290849447 17.39765531569719 136.7322197034955 36.08539952337742 0.7605439946055412 7.83679211884737 1.32990263402462 19.83207631111145 0.7317463308572769 0 3.047130808234215 11.50616052746773 3.199957072734833
97.27954658120871 477.9314432889223 1859.705243051052 1.181972458958626 370.648913577199 0 33.11819560080767 0 1139.757374279201 1.440503910183907 2383.836868658662 1.502624057233334 33.44822245836258 547.3022157400846 82.46125216782093 78.29954770952463 9.591830119490623 25.27728932350874 6.59792373329401 67.15223160386086 83.21083852648735 0 37.33084956556559 11.0798492282629 6.891357354819775 1.586132690310478 11.31226381659508 1.328327283263206 0.4183642342686653 1.479200541973114 565.2739905118942 1345.520473264158 14.35258484631777 30.12926214933395 33.25770100951195 15.12805368006229 5.646862104535103 1.345137596130371 0.6141040399670601 1.000456057488918 120.4574335366488 5.055998332798481 62.99271632730961 8.933561779558659 15.59270186722279 49.66732279211283 140.7172806188464 5.792186602950096 4.487551331520081 50.0764259621501 19.83522251993418 0.1302999407052994 0.6866391897201538 2.04975152015686 6.410875663161278 7.320950485765934 10.54316533356905 185.1161680594087 3.624334588646889 45.46960376948118 143.9294128268957 8.232569426298141 13.1992379501462 103.7433024272323 3.168659664690495 2.627804696559906 1.382876612246037 23.80876730382442 145.3313740640879 361.1046489179134 0.3334386050701141 0.4193437397480011 0 93.26157476007938 112.8217156231403 127.1323880106211 246.1340020298958 356.4774644970894 1707.33053907752 612.7849592939019 509.8107845187187 2578.51389823854 11.61043134331703 1.207993783056736 2.188241861760616 3.567440181970596 29.28482737392187 0 1.416814684867859 0.2411865741014481 0.3982365429401398 1.008002676069736 71.40965074300766 3.810338094830513 1.926041156053543 1.106956228613853 0.8245977759361267 0 1.179634422063828 26.56030187755823 0 0 0 0.1654135435819626 0.2673694789409637 0.2701654136180878 0 0 0.5452876836061478 0.1450545638799667 0 0.2252493500709534 0.7462590038776398 0.4937702268362045 0 0 0 0 0 0 0 0 0 0 0.128618136048317 0 0 0 0 0 0 0 0 0 0.2582872211933136 0 0 0 0.3207700848579407 0.1929280161857605 0.3739729523658752 0 0.5506232604384422 0.2021413594484329 0 0.1561245024204254 0 0 0.2874395549297333 0 0 0 0 0 0 0 0.2782545983791351 0.3708823472261429 0 0 0 0.1253447979688644 0 0 0 0.163378044962883 0 0 0 0 0 0 0 0 0 0.2985757440328598 1.182682245969772 0.1189778074622154 0 0.1255409270524979 0 0 0 0.6040961146354675 0 0 0.3108653873205185 0.09859218448400497 0 0 0 0 0 0 0.2425749450922012 0 0 0.3772679418325424 0.6026780754327774 1.01824463903904 181.7642500475049 28.4413545280695 295.0455498471856 71.647859364748 70.00551984459162 35.94635565578938 3.78368654102087 43.68672221899033 4.041921570897102 0 0.3839089572429657 0.3610488176345825 0.3594090789556503 0.1679150462150574 0.2539076507091522 0.1906217336654663 2.795435354113579 1.509494543075562
139.1937404051423 2937.361466109753 724.4481466338038 65.78193973004818 11138.49446631223 15.08662813901901 6606.012946560979 1139.757374279201 0 237.6347896456718 2645.111371256411 65.49592291563749 429.233050391078 2465.447246000171 57.5527078807354 31.37391979247332 1.760467171669006 1.135703794658184 0.8930224031209946 1.939578860998154 6.051663383841515 0 1.617414593696594 0.8668753504753113 0.3712057620286942 0.1420429944992065 2.554210036993027 0.2790149450302124 0.655004009604454 0.9053593501448631 186.097557015717 69.03415093570948 41.57871486991644 1.718470893800259 2.272108539938927 1.998995915055275 11.89034876227379 0.546713575720787 0.6466549709439278 0.1360373049974442 15.53931643813848 1.132746070623398 4.498589232563972 2.779150523245335 1.726082891225815 4.00774721801281 166.7498884424567 3.657394081354141 1.2693777307868 6.345556139945984 5.362405687570572 0.6190609633922577 0.3939241021871567 0.9391522705554962 8.725570596754551 10.20694804936647 16.65541206300259 106.8394763469696 8.201069906353951 54.00769312679768 15.14950873702765 4.757621042430401 0.6313910558819771 47.04771383851767 3.076675422489643 2.20171844959259 1.872703365981579 4.718576289713383 16.68699251115322 34.46135212481022 8.729107104241848 0.640768975019455 0 112.4882848933339 81.13842966407537 114.6028526425362 112.2214235290885 17.66514803469181 72.96713264286518 75.18120127916336 22.74293025583029 139.4280614331365 16.25337875634432 1.848794542253017 2.492945216596127 4.430721901357174 6.535781174898148 0 1.35423619300127 0 0.1894227787852287 0.4303417205810547 8.75644014775753 0.565655991435051 1.360126219689846 330.0894840881228 0.4855204075574875 0 1.00159378349781 39.92204213887453 0.2559297978878021 0.4182102382183075 1.29410233348608 3.041175171732903 0.5661007165908813 4.615868285298347 0.5466927289962769 0.509333610534668 5.534943893551826 14.5973072424531 0.6394052356481552 9.49982575327158 22.39249841123819 21.936423368752 10.67912249267101 1.141856282949448 0 0 0 0.1148534044623375 0 0 0 0 0.1694510728120804 0 0 0 0 0 0.184372752904892 0 0 0 0.8700971752405167 0.3571327328681946 0 0 0 1.947479426860809 0.1414637118577957 0.7570134922862053 1.199537463486195 0 0 0.3730272054672241 0 0.2903720736503601 0.1703300029039383 0 0 0.3777082860469818 0.9306163415312767 0 0 0 0 0 0 0 0 0.5306642800569534 0 0 0 0 5.306414790451527 0.8999763280153275 0 0 0 0 0.4033692702651024 0.134485274553299 0 0 45.66123331338167 0 0 0 0 2.642537526786327 2.665121778845787 2.304645597934723 0.5031615793704987 0 0.886922150850296 0.7592921629548073 0.694793812930584 0 0 0 0 0.1593702137470245 0 0.1606404930353165 0 55.54647685587406 4.232829093933105 2.935939945280552 355.8387749567628 35.87831904739141 491.5515429005027 124.3735241815448 220.5675840526819 92.86517864465714 6.602076843380928 77.5048014819622 13.5787293240428 0.08184969425201416 3.362266220152378 0.6093794256448746 10.00132644176483 0.1768875271081924 0 1.622753173112869 5.560563735663891 1.484908893704414
657.5092278122902 1070.094128564 6.265215195715427 2171.376178517938 195.2289159744978 303.4840717315674 2555.667106091976 1.440503910183907 237.6347896456718 0 5.681821078062057 3643.957626804709 8859.677348509431 1129.375978350639 9.793281354010105 5.631925590336323 0.1064490377902985 0 0 0.2972980737686157 0 0.1351250559091568 0.5003237128257751 0 0 0 0.359231635928154 0 0.2013429254293442 0.1840028911828995 7.1355374827981 0.6932080462574959 13.484664067626 0 0 0.1388314366340637 11.19886343181133 0.3749767690896988 1.31039634346962 0.1421184241771698 1.288272872567177 0.153618186712265 0 0 0 0.1308205127716064 34.29322062432766 0.6442140638828278 0 0.4136200025677681 0.3089673519134521 0.3576250821352005 0.1727184504270554 0 2.069376565515995 1.555611200630665 31.63805586844683 57.08902356773615 4.54146409034729 10.14535386115313 0.6805802881717682 2.160767406225204 0 4.181773066520691 0.6711630746722221 0.2486688867211342 0 0.3121445626020432 0.412685327231884 1.488028071820736 230.6126720309258 3.376801654696465 0 26.19228981435299 16.61665733903646 15.82791609317064 12.41427770256996 0.9832132458686829 0.2287488430738449 15.23796040564775 0.4261820539832115 11.60855633765459 2.474449828267097 0.2534895837306976 0.2075589448213577 1.33592913299799 1.235518768429756 0.3610473424196243 0 0.3079157173633575 0.1853002160787582 0.488302007317543 1.122237622737885 0 0.2821523100137711 1070.88093405962 9.741575926542282 0 1.401394799351692 671.6223170757294 1.323831163346767 2.534493044018745 68.73153913766146 33.26449820399284 1.371203556656837 56.09917810559273 3.831155210733414 2.191087320446968 126.613727197051 31.55191110819578 1.042876750230789 17.8814016059041 48.13568495959044 46.942835688591 18.44255790114403 1.033359155058861 0.1271216869354248 0 0 0 0 0 0 0 0 0 0 0.2230796366930008 0 0 0 0 0.1973039358854294 0 3.441931679844856 0.1957243829965591 0 0 0 4.350662186741829 0 3.018274545669556 0.6050437092781067 0 0 0 0 0 0.1286863535642624 0 0 0.3712213188409805 2.891728855669498 0 0.155002161860466 0.2703567817807198 0 0.128572940826416 0 0.3895193636417389 0 0.2489249780774117 1.783423036336899 0 0 0 9.201626271009445 0.9384670704603195 0.3559093624353409 0 0 0 0 0 0 0.1250725388526917 65.51423311233521 0.1446893364191055 0 0 0.1329929083585739 4.052424743771553 1.353378310799599 1.422067195177078 0.8214750587940216 1.073929041624069 2.12528184056282 1.149875059723854 1.768005728721619 0 0 0 0 0 0 0 0 91.72206661105156 7.558340176939964 3.048402920365334 264.9184544757009 4.906145036220551 116.3002399429679 22.67425010353327 1162.968604311347 19.91266418993473 1.256585665047169 23.59624887257814 19.56334265321493 0.1922202706336975 7.109471999108791 0.8297191932797432 18.86094382405281 1.075551055371761 0.1224570199847221 1.133456841111183 0.1791611313819885 0.814118504524231
477.0594172328711 2775.53856421262 4045.331498131156 6.718263685703278 2066.629600077868 2.134556487202644 177.7731695175171 2383.836868658662 2645.111371256411 5.681821078062057 0 2.54441711306572 211.9532135128975 3879.563199728727 91.15362790226936 93.21692449599504 7.772489413619041 2.400100216269493 0.9487867578864098 3.202401623129845 9.592322312295437 0.214958667755127 9.728989362716675 5.119389221072197 15.32325515151024 1.227424755692482 20.18424160033464 1.735890299081802 0.3029463589191437 4.869328826665878 662.6451407521963 284.1505261585116 301.6605422869325 1.416597783565521 6.136650897562504 12.4609769359231 96.60238852351904 5.182294823229313 1.795142084360123 6.95066749304533 44.25251295417547 6.192408785223961 4.798827514052391 4.217407539486885 0.9738666191697121 4.777554497122765 151.9327394738793 4.835804224014282 1.705555818974972 3.136375315487385 5.783564612269402 0 0.7698052972555161 0.8671560361981392 9.124518156051636 13.23513708636165 18.9826258867979 266.7162806093693 8.639571957290173 59.18918114155531 33.32087064534426 119.100837700069 2.160226032137871 49.2901364788413 3.282942540943623 1.848916463553905 1.21047979593277 6.080286048352718 21.78983804583549 66.71518185734749 8.212586581707001 1.078182756900787 0 124.2785286381841 109.7091620787978 123.3995378613472 142.6881184652448 53.88338759541512 814.0326040014625 2686.017423756421 49.81041133403778 1860.213034175336 16.24041265249252 2.929950781166553 0.4401659518480301 3.466870427131653 4.893073439598083 0 1.356354244053364 0.2361904084682465 0.4315714836120605 0.233150340616703 23.56158494204283 3.639321766793728 1.40749441832304 15.56410187482834 0 0 0 100.0671988502145 0.1036706417798996 0.204706072807312 0 0 0.1544043570756912 0.9033577218651772 0.1613085716962814 0.1133918911218643 0.6113908290863037 1.586597539484501 0.1767951548099518 1.600685268640518 3.805063158273697 6.868413746356964 1.965686187148094 0.2701965123414993 0 0 0 0 0 0 0 0 0 0 0 0 0 0.4767767488956451 0.1617360860109329 0.1643572300672531 0.3226477205753326 0 0.1969468146562576 0.1827444285154343 0 0.7010268419981003 0.1739501953125 3.314568281173706 0.7021558210253716 2.381816230714321 2.941137664020061 0 0 0 0 0 0.2952536344528198 0 0 0 1.434076920151711 0 0 0 0.1092226207256317 0.2913148552179337 0 0 0 0 0.246642954647541 0 0.3782515227794647 0.5258592367172241 2.973283916711807 0 0.5040106773376465 0 0 0 0 0 0 0.384215921163559 13.58247306197882 0.368416041135788 0 0 0.2896983027458191 1.722255900502205 1.624531731009483 2.236984968185425 0.4022574424743652 0.1187401637434959 0.5542327538132668 0.1648398637771606 0.1167721375823021 0 0 0 0.1281322836875916 0 0 0 0 8.104206457734108 3.93057319521904 4.537898540496826 219.1443804353476 32.61646047234535 317.0389435365796 78.2826249524951 176.351154781878 39.58047138154507 5.53065650165081 45.34011631458998 5.460514977574348 0.5058701634407043 1.657307505607605 0.4065279215574265 2.090672388672829 0.702895388007164 0.1866818219423294 1.224188312888145 5.820122048258781 1.865712389349937
191.416704595089 70.16294648498297 1.248681418597698 1373.20539907366 22.84092532843351 205.7339662015438 453.0723799988627 1.502624057233334 65.49592291563749 3643.957626804709 2.54441711306572 0 4623.78540879488 534.3054642006755 23.37765873223543 17.14750422537327 0.4218964576721191 0 0.135331317782402 0 0 0.1342706680297852 0.2840805351734161 0 1.090756043791771 0 0.3994783163070679 0 0.161984845995903 0.254273384809494 7.811182260513306 2.194367736577988 31.13331197202206 0 0 0.4428809583187103 35.6035345941782 0.5682889819145203 7.023422464728355 2.07580828666687 1.869113802909851 1.261118799448013 0 0.3258443176746368 0.1426980495452881 0.2794893905520439 60.37552466988564 1.458472460508347 0 0.1505334377288818 0.1614862084388733 0.7036537528038025 0.1897314190864563 0.114399716258049 3.24431598931551 2.116110637784004 12.7328798994422 30.92473718523979 2.416203774511814 13.62387377768755 0.925236314535141 8.018203794956207 0 6.373004466295242 1.665929056704044 0.3842329531908035 0 0.1392305940389633 0.2973862588405609 2.612077310681343 189.4327991977334 14.98170399665833 0 27.75357855856419 18.88009425252676 26.84749040007591 27.46346535533667 4.160276338458061 0.6777476072311401 24.66077172756195 0.5239343866705894 18.95532891154289 5.885719783604145 0.2288330867886543 0.3886981382966042 0.8247696533799171 0.3803738206624985 0.3799771368503571 0.291914276778698 1.071513712406158 0 0.4771243557333946 1.064172476530075 0 0.5198531746864319 2071.832587130368 16.25169736146927 0 8.703016616404057 119.9517336636782 1.23146815598011 1.761583164334297 6.443656891584396 9.289919927716255 3.308548882603645 12.69687866419554 4.464537270367146 1.549323216080666 22.85595182329416 32.99520274251699 4.44767253100872 32.21557722985744 78.56272735446692 123.7832276523113 45.57821409404278 2.467613123357296 1.302890986204147 0 0 0 0 0 0 0 0 0 0 0.5582602620124817 0.5351751148700714 0.1536497175693512 0.4885597974061966 0.4280937761068344 0.3159796893596649 0.3125769197940826 6.11105502396822 1.244865775108337 0 0.4121871590614319 0 17.34233354777098 0.8765551000833511 9.675027258694172 4.034273490309715 0.9416869431734085 0.1450592279434204 0.1255409270524979 0.2770194709300995 0.6857247799634933 0.2510158494114876 0 0 0.2608868330717087 8.603017017245293 0 0 0 0.5093566924333572 0.1602082252502441 0.0989641547203064 0.9292530417442322 0 0.3780011832714081 1.087680824100971 0 0.2308399826288223 0.8133670091629028 27.09352296590805 1.523466125130653 0.7522255480289459 0.2146274968981743 0 0 0 0 0 0.1077397465705872 190.0392881110311 3.354654371738434 0 0 0 11.22282257676125 7.121810168027878 11.49568922072649 1.911339640617371 2.263968676328659 6.883071728050709 1.197731077671051 2.632453665137291 0 0 0 0 0 0 0 0 181.5012236237526 38.74670812487602 25.02980513125658 303.3152727633715 10.1088235154748 216.18531049788 47.80525185167789 497.5778419747949 29.26284427940845 2.8683260679245 27.46076412498951 47.86836866289377 0.3233670592308044 18.68127244710922 2.468145161867142 25.52357856929302 1.30229215323925 0 3.922229409217834 2.485883668065071 0.1216430887579918
328.9579815790057 1878.544432766736 78.09001848846674 3052.391407862306 457.6457697227597 177.6056284159422 6420.35585334897 33.44822245836258 429.233050391078 8859.677348509431 211.9532135128975 4623.78540879488 0 2706.723375707865 135.1011345162988 115.8958887532353 6.435139030218124 1.061266899108887 0.6732424274086952 0.8901295512914658 4.807286947965622 7.894033193588257 3.10324776917696 1.106865428388119 26.12156093120575 0.3883659318089485 11.02128764241934 5.10536040365696 10.78823155909777 4.566848069429398 47.62011463940144 17.16853276640177 1246.535722963512 0.2857475876808167 1.624955967068672 13.91714908927679 1185.459399349988 59.35547530651093 238.5994352847338 117.1691670641303 25.28163285553455 13.24902972579002 2.55035787820816 3.924944832921028 0.8716268986463547 0.8646083474159241 241.5200956761837 5.736425258219242 1.655093342065811 2.364451222121716 3.39341963082552 10.54612078517675 40.66935203969479 7.679606176912785 12.12737420201302 13.71993810683489 23.16738692671061 70.87221179157495 10.38079378008842 51.0857269987464 9.871947102248669 79.98239619284868 1.755802378058434 39.14263352006674 3.99645921587944 1.667404256761074 1.505937747657299 3.246750473976135 8.836535528302193 25.24150628596544 2030.610216118395 116.7376817688346 0.5620815753936768 107.7658078595996 75.01441507041454 161.0471356660128 160.3807882368565 21.26851486414671 11.84822952002287 382.2264906540513 10.16347821056843 221.3686550632119 17.88254690915346 2.192431308329105 2.704130373895168 4.547781877219677 3.889402478933334 1.090167701244354 1.188372120261192 4.143510237336159 1.587942145764828 2.858705133199692 10.32002770900726 7.382642343640327 5.963500790297985 3825.206415817142 141.2838963195682 9.067056238651276 179.3660758137703 136.1804747581482 3.228770710527897 1.708926424384117 16.74361091852188 13.85010883957148 9.580614827573299 77.53456823527813 9.935659408569336 7.120029903948307 76.29697117954493 73.50382010638714 6.118756584823132 62.4453611522913 156.8534566089511 239.5057290792465 101.1245507001877 9.926628790795803 3.613755822181702 0 0.206450879573822 0 0 0.5355683863162994 0.8672547787427902 0.2038620114326477 0 1.331835567951202 0 1.629297763109207 1.099069096148014 2.607833176851273 1.364177227020264 6.771514087915421 6.4411561191082 2.478204980492592 11.20032755285501 3.473210886120796 0.1538918167352676 7.732210353016853 0.2834834903478622 72.80419979989529 12.77326249331236 53.84741178154945 36.75503065437078 9.9022181853652 1.03153121471405 0.5173433870077133 0 0.7080813571810722 1.280937641859055 1.074862763285637 0 3.642981313169003 22.39722219854593 0.7874709069728851 0.4368130192160606 0.1648527830839157 14.27476288378239 0.8206853866577148 0.5268498584628105 2.291933633387089 0 3.372519865632057 3.434866368770599 0.570283830165863 2.450437091290951 6.901849746704102 72.75125220417976 4.019631400704384 1.209331072866917 1.479060992598534 0 0 0 0.2313584312796593 0 0.6849661320447922 466.8969887197018 33.44061072170734 0 0.1509810984134674 0.5720474869012833 29.33232796937227 28.60407529771328 46.8248545229435 8.619730181992054 5.328043527901173 17.38379682600498 5.209320761263371 8.618140943348408 0.4033893793821335 0 0 0 0 0 0 0.1166572794318199 371.5535149499774 139.4852858185768 129.0964545160532 812.6178355440497 66.67990194261074 680.4073686152697 210.4196093380451 623.5767221599817 134.5452737882733 9.655992344021797 144.8911846727133 85.33843996375799 3.375421106815338 55.27937429398298 6.499148406088352 72.76447415351868 6.939987756311893 0.2368330657482147 12.84882009774446 13.5853631272912 6.467636421322823
