0 3960.761651955545 252.0141302570701 1009.549007341266 607.5810856372118 258.4939742088318 712.9682762771845 53.39225640892982 69.97569681704044 891.8689447790384 289.5859721526504 25.77977810800076 127.3153491094708 186.146893337369 12.11017105728388 10.90016952157021 0.8374809995293617 0.4142604619264603 0.3827281519770622 0.1234218031167984 1.666472733020782 0.1477601230144501 0 0 3.111311458051205 0.8801819980144501 0 1.268015295267105 0.7194878458976746 0.1220535337924957 408.3174224570394 3.328490614891052 26.38820758461952 0.1237983405590057 0.5942416191101074 2.155707821249962 173.0874136611819 11.44603193551302 15.80016007274389 6.542446412146091 2.025217846035957 0.9874775782227516 0.8138296380639076 4.59830417484045 1.567338928580284 1.177239999175072 51.15104216337204 1.055416934192181 0.4787443280220032 2.377877302467823 1.204833894968033 0.4153633564710617 0.8681307733058929 1.379096701741219 13.92696906626225 26.05375545471907 422.176943898201 1187.511151470244 68.24587864428759 30.20557203143835 0.661487378180027 1.024765096604824 2.250223346054554 11.50815237313509 4.078114487230778 1.951537251472473 1.366251856088638 1.534408248960972 0.6286988332867622 1.583269655704498 65.71532282978296 9.515745811164379 0.574732780456543 521.5325525701046 149.8229358717799 46.92756915837526 9.950272805988789 10.11381348967552 0.8943024724721909 144.6290455386043 1.996435016393661 4.675128728151321 39.14615102112293 0 2.816857270896435 6.771894946694374 1.78383232653141 0.6330865025520325 0.9353767260909081 0.4339245855808258 0.220188170671463 0.3446990102529526 1.512592017650604 0.9855367243289948 0.1230847761034966 145.3583015203476 26.71484634280205 3.608276143670082 1.655632063746452 1257.962282642722 0 0.6398017406463623 2.388764142990112 0 0.9267741143703461 3.703238621354103 0.1696070581674576 1.119451463222504 50.78249374032021 4.246843710541725 0.3173816651105881 8.529746443033218 14.30581600964069 18.7838501483202 3.572437778115273 0.8068816959857941 0.5331815034151077 0 0 0 0 0.5469226241111755 0 0 0 0 0 0.2740221619606018 0 0 0.1461687833070755 0.737129807472229 0 0 1.356809690594673 0.2508397102355957 0 0 0 19.36475533992052 0 4.7214659973979 2.034795425832272 0.8406675383448601 0.1722867637872696 0 0.1129434183239937 0 0 0 0 0 1.673394583165646 0.2135858088731766 0 0 0.2351163849234581 0.3283482864499092 0 0 0 0 1.648094147443771 0 0 0 0.7362629473209381 0.847690761089325 0 0 0 0 0 0.1331035941839218 0 0.147599995136261 22.14670351147652 0.2508461326360703 0 0 0.2458834052085876 0.3191359341144562 0.5479593873023987 0 1.681835673749447 1.700573623180389 0.9748266637325287 0 0 0 0 0 0 0 0.1290764808654785 0.1161256730556488 0 10.70711899548769 6.98547774553299 9.576067596673965 180.8158684521914 8.935398548841476 235.8868872746825 80.36421893537045 1872.384282082319 72.97990842163563 7.074649833142757 28.9732591509819 15.04308105260134 0.5132488757371902 3.411204285919666 0.8288993164896965 9.041443526744843 0 0 0 2.344281300902367 1.13944585621357
3960.761651955545 0 955.078565299511 794.3103147670627 3791.84960334748 603.8698608577251 4795.542905859649 138.953286215663 603.8148512095213 1697.588411465287 960.1336188092828 29.98141329735518 984.6536678671837 1335.820411555469 44.52093154191971 24.65856346487999 0.7675828337669373 0.7529567331075668 0.4129822254180908 0.1476351320743561 2.807547196745872 0.127519890666008 0.3353868722915649 0.1812848150730133 6.287349969148636 2.953916817903519 0.9855315238237381 1.639718152582645 0.4683356210589409 0 1956.290664374828 33.29530840367079 75.54127734899521 0.2356273159384727 1.469190292060375 4.951923750340939 374.5546379685402 17.72915286570787 34.78132562339306 10.35072511434555 2.025847733020782 2.528716266155243 1.254008077085018 11.68819502741098 2.465649850666523 1.514396108686924 187.6512635871768 9.280680939555168 1.468509532511234 0.8040643781423569 2.673682644963264 0.8991022706031799 0.1710918545722961 1.522110491991043 38.08825060725212 64.28506684303284 83.8468516394496 938.4303782880306 22.87024101614952 115.3489710092545 2.322227507829666 3.612017206847668 1.703355729579926 77.46624998748302 15.44405303150415 4.186957791447639 2.92635777592659 4.001623146235943 0.5346067547798157 1.95005202293396 104.6537200585008 24.83996656537056 0.2110748887062073 642.8954689651728 249.7315419241786 178.0717296823859 47.0907473936677 25.16357518732548 0.6591407656669617 204.9705793261528 3.363317385315895 5.200074531137943 97.06436122953892 1.314241178333759 4.986551865935326 15.96422758698463 4.759750574827194 0.3900705426931381 2.561590231955051 0.1557374000549316 1.664696305990219 2.975023627281189 1.489684283733368 1.217308528721333 1.61270010471344 102.1843134537339 4.918583124876022 0 2.161234624683857 565.9684516713023 1.174473494291306 2.840645506978035 5.838491812348366 1.166971832513809 1.329036541283131 17.62048500776291 5.28814660012722 3.214392840862274 43.0837739109993 23.37444546818733 0.5658914595842361 38.5292405039072 62.33994528651237 69.29049637913704 15.77381031215191 2.929850898683071 1.81080537289381 0 0.6790281534194946 0 0 0 0 0 0 0.2367420643568039 0 0.5252164676785469 0 1.045269668102264 0.8920875936746597 0.7628599852323532 0.1285117715597153 0.6996566355228424 4.141236618161201 0.1441238075494766 0 0.6203580498695374 0 63.43437734991312 0.8783427476882935 26.16459386050701 8.291872769594193 3.082827731966972 0.5496845841407776 0.4939122647047043 0.1500261425971985 0 1.253818526864052 0.5381726622581482 0 2.418938547372818 2.38606146723032 0 0 0.2884954810142517 0.7189077809453011 0 0.4452840685844421 0.2223117798566818 0.4426213279366493 0 0.6121803969144821 0.2601863145828247 0.1058684065937996 0.1708917021751404 3.824236631393433 3.770299986004829 1.821487963199615 1.355593405663967 0.1287442445755005 0 0 0.5250088647007942 0 0.7948189228773117 82.0393041446805 0.6269310265779495 0 0.1284830868244171 0.5522227585315704 1.835979282855988 0.9172213077545166 0 1.843422338366508 3.282114706933498 2.485726356506348 0 1.554018378257751 0 0 0 0 0.3630034178495407 0 0 0 33.66931356489658 19.19642797857523 48.5618212595582 482.787621550262 46.10203242301941 862.2849579900503 211.1642873808742 1695.811431743205 153.6044212579727 15.95384826511145 133.6694767400622 26.88839393854141 1.698576100170612 8.123914830386639 6.830456905066967 26.06480720639229 0.2806217670440674 0.4045749455690384 3.316671326756477 8.864398963749409 4.715759836137295
252.0141302570701 955.078565299511 0 2.739953182637691 1131.801666229963 4.376641482114792 101.0955620780587 2712.091808348894 304.852487295866 15.14172871410847 4070.195843815804 3.061783969402313 287.3450343161821 866.3628111928701 38.57051178067923 55.09205815941095 4.189976468682289 7.151864394545555 1.609268300235271 11.55742307007313 80.54330617189407 0.5316792130470276 5.192662641406059 1.35594317317009 55.24194448441267 24.34582129865885 3.768069237470627 7.023556068539619 2.482891350984573 0.4151936769485474 5723.026139743626 864.794911198318 106.7599920034409 2.774314194917679 10.46037362515926 42.51989957690239 441.9904135093093 110.9537077397108 69.91606424003839 34.1831730902195 53.57967846095562 13.5873693600297 22.79459323734045 23.45121444761753 6.70088230073452 5.2075120434165 92.14185233414173 6.278325527906418 2.967364348471165 24.68509991466999 29.31355932354927 1.541840352118015 0.9616581052541733 7.635165698826313 7.274484880268574 11.30620115995407 58.83686728030443 1479.458934746683 8.065447479486465 27.12023834139109 12.36680801957846 16.65348768979311 25.12748595327139 613.2651908993721 5.841281913220882 6.59350098669529 21.34404316544533 47.54595059156418 32.95292762666941 171.1952929571271 57.154131911695 23.69965637475252 0 299.2250567823648 182.4955602884293 81.93822388350964 52.6365979462862 44.97873982042074 352.3912674039602 2135.841995745897 19.15332063287497 266.7108047232032 16.70932921022177 0.4574713483452797 2.076251536607742 6.959212437272072 27.23574900627136 0 2.34533654153347 0.1733619868755341 8.963769882917404 6.177096284925938 64.81146819144487 13.95506952702999 3.96228052675724 54.28322114795446 6.26446970552206 0.1684116274118423 3.847814686596394 225.2861930429935 0.7242330461740494 0.145786389708519 0.6990107297897339 0.4059586822986603 1.112463742494583 0.7419072091579437 1.495937258005142 1.557522684335709 5.879275783896446 5.396574065089226 1.749639183282852 10.57376626133919 15.18859668076038 19.99084489047527 5.63275308907032 0.8270621076226234 0.3380163311958313 0 0.1787481158971786 0 0 0 0 0 0 0.7811997383832932 0 0.8503465875983238 0 1.377789087593555 0.2220097929239273 1.648670606315136 0.1320035457611084 0.388554684817791 5.252138867974281 0 0 0 0 31.58823086321354 0 11.07013376802206 6.65949472784996 5.488100364804268 0.9337645769119263 0.2923148721456528 1.919975072145462 0 0 0 0.1699080765247345 0 1.461080759763718 0.1761574149131775 0.3973374962806702 0.2083858251571655 1.859639428555965 1.422567620873451 0 0 0.116972416639328 0 0.9176592007279396 0 0.1271501332521439 0.5154881328344345 1.32757605612278 0.3992087692022324 0 0 0.3580007702112198 0.5707845240831375 1.322618715465069 2.720561124384403 1.139176487922668 1.361706733703613 34.82381465286016 2.023543082177639 0 1.668007224798203 1.590672522783279 0 0 0 0.1447972357273102 0.4456830024719238 0.2300221398472786 0 0.1057858914136887 0.3530571982264519 0 0.1437410712242126 0 1.68922221660614 0.4613008946180344 0.5159996300935745 0.1232230961322784 16.74942100048065 13.67656926810741 20.28473170846701 173.9626443833113 14.50504461675882 223.6024496853352 72.04272415488958 139.0886608809233 27.57863296568394 4.462159484624863 53.29693111032248 10.56566778570414 0.8727249875664711 2.915780283510685 2.654533304274082 2.185274302959442 0.2756654918193817 0 0.4477662444114685 5.618028700351715 0.87619848549366
1009.549007341266 794.3103147670627 2.739953182637691 0 139.0013585537672 565.5069366246462 1435.950943559408 2.096652448177338 315.0777207016945 3859.748097807169 9.539348602294922 422.3121159374714 707.4969132691622 47.0818052738905 3.413387671113014 0.5330981463193893 0 0 0 0 0 0 0 0 0 0 0 0 0 0.1643350869417191 41.51738901436329 0.9245597422122955 0.5302276015281677 0 0 0.1203347444534302 2.069037944078445 0.4363826140761375 0.6310238391160965 0 0.1420513689517975 0 0.2481767237186432 0.316285029053688 0 0 22.89712104946375 0.9377502948045731 0.2696084380149841 0.2409238293766975 0 0 0.2736140191555023 0.2489268034696579 6.413835167884827 8.905983529984951 19.07512120902538 107.8365968316793 5.267497986555099 12.10716973990202 0.2603316158056259 0 0 4.25611224770546 1.587080135941505 0.3734508901834488 0.4477687180042267 0.1204253956675529 0 0.3017815798521042 123.2189350873232 3.698189526796341 0 99.46136894077063 34.49792662262917 16.11540428549051 4.489856705069542 1.29406775534153 0 1.911797881126404 0.1660485565662384 0.1274005174636841 15.92897268384695 0 0.4805813506245613 1.590690992772579 0.975442036986351 0.1255237311124802 0.3900686651468277 0 0.2100416272878647 0.1851086020469666 0 0 0.1610303968191147 66.094128921628 3.945329651236534 0 0 118.0305808633566 0 0.3549508154392242 3.039081901311874 1.684260636568069 0.1815032362937927 6.893236801028252 3.288683474063873 1.253060311079025 43.00362893939018 8.110667854547501 0 9.266299858689308 22.84930917620659 19.78372080624104 2.544222474098206 0.7311334013938904 0.5159167647361755 0 0 0 0 0 0 0 0 0.5917402505874634 0 0 0 0 0 1.328416079282761 0 0 0.8074831366539001 0 0 0 0 20.60570418834686 0 3.499318271875381 3.045631319284439 1.327667787671089 0 0 0 0 0 0 0 0 4.189381301403046 0 0 0.4805865585803986 0 0 0.136694073677063 0 0.1422890722751617 0 0 0.2872011363506317 0.1654824912548065 0 1.370481461286545 0 0 0 0.4052471667528152 0 0 0 0 0 29.68200597167015 0.6487467288970947 0 0 0 2.053126633167267 3.713182151317596 0 1.366295963525772 0 0 0 0.7306473851203918 0 0 0 0 0 0 0 0 9.758715748786926 3.840563148260117 11.72552868723869 95.73201640695333 8.10378086566925 133.301267452538 36.45887114852667 893.2053612917662 22.04556635022163 1.397905007004738 23.62727501988411 9.560540691018105 0.973368227481842 4.322447046637535 3.173198603093624 17.30135726928711 0 0 2.266002297401428 0.3039815127849579 0.866173267364502
607.5810856372118 3791.84960334748 1131.801666229963 139.0013585537672 0 25.19691242277622 3663.321489550173 244.496210038662 6349.314602985978 549.5899184271693 1310.105153806508 23.06945917010307 1462.034612208605 4055.15545758605 35.19560397416353 7.941380769014359 0.7531208395957947 0.7951527237892151 0 0.1423065215349197 0.9072225540876389 0.157074362039566 0 0 1.013032987713814 0.5402063280344009 0.9034149050712585 1.139950424432755 0.3006984889507294 0.2082752734422684 444.7612228021026 55.91377306729555 10.03154228627682 0 0 0.4316792190074921 198.901728913188 3.001337684690952 4.038283221423626 3.031490504741669 1.212163254618645 0.8721669167280197 0 2.984325177967548 0.2558935582637787 1.276797629892826 163.9976870343089 8.01804930716753 0.324179619550705 1.018307134509087 1.093715317547321 0.4582537710666656 0 0.5557801201939583 22.70654082298279 36.65164265036583 13.3423222899437 190.6228267624974 12.08437418192625 76.93143056333065 0.7232328504323959 0.6976265236735344 0.121574729681015 75.52428814768791 7.674470454454422 2.402645140886307 2.058570124208927 1.419445052742958 0 0.3057128489017487 110.3344298750162 15.46210812032223 0 218.8565646559 103.4584377631545 159.7801180779934 67.04553037881851 10.84333369135857 0.6396874040365219 24.03679073601961 1.579569652676582 2.516850426793098 46.49325779080391 0.3548395708203316 5.512148194015026 11.62500984966755 2.522878363728523 0.3436436355113983 2.135404333472252 0 0.9939935281872749 1.258442267775536 0.7456565648317337 0.4807937443256378 2.375872939825058 48.96685054898262 1.308075815439224 0 2.087212696671486 58.14783940464258 1.582089453935623 1.618256121873856 6.286060020327568 2.218616172671318 3.100179553031921 6.011720657348633 5.583142876625061 4.643809348344803 14.07391016185284 24.32833494246006 3.362261176109314 23.76954306662083 46.58460895717144 52.523218780756 10.01950037479401 1.153840869665146 1.093324676156044 0 0.4022906720638275 0 0 0 0 0 0 0 0 0 0 0 0.2557426393032074 0 0 0 7.791660115122795 2.768565699458122 0 0 0 53.6071782708168 0 18.00881493836641 6.554453440010548 1.109984837472439 0.5504221320152283 0 0.4816277176141739 0 1.059170588850975 0.5285139679908752 0 3.123090088367462 6.265816256403923 0 0 0 0 0.3741579800844193 0 0.8417352288961411 0.1311811953783035 0 0.3739078044891357 0 0 1.646294265985489 3.119138225913048 0.5200418829917908 0.7716879844665527 0 0 0 0.1534947752952576 0 0 0.1859409064054489 60.63164205849171 2.48255829513073 0 0 0.1593087166547775 1.98749852180481 1.3234001994133 0 2.347487315535545 1.411106705665588 3.464926794171333 0.2201779037714005 0.2188754975795746 0.1888161599636078 0 0 0 0.1354362666606903 0 0 0 24.90974299609661 18.5514100342989 37.53604833781719 287.2252826020122 31.62657485157251 523.9761981070042 129.5628881752491 230.6212006062269 72.68951254338026 12.57428666204214 82.14085710048676 17.38939280807972 1.011027842760086 13.95064798742533 7.4793741106987 15.75097005069256 0.288447380065918 0.1174494549632072 1.957814231514931 7.268684349954128 2.031929716467857
258.4939742088318 603.8698608577251 4.376641482114792 565.5069366246462 25.19691242277622 0 157.0489024817944 3.76675009727478 7.462220430374146 896.7290391325951 8.309566080570221 154.7694336473942 91.92280168831348 8.915567606687546 0.6429133638739586 0.7030220031738281 0 0 0 0 0 0.3192946910858154 0 0 0 0 0 0 0 0 27.63113732635975 0.6371338814496994 10.79113462567329 0 0 0 96.81356684863567 0 5.757372200489044 0 0 0 0 0.5534013509750366 0 0 2.98608672618866 0.1781945675611496 0 0 0 3.749492958188057 0 0 0.1977805197238922 2.64285010099411 159.0712855160236 155.5910143852234 20.76947812736034 1.698424831032753 0 0 0 0.6683441251516342 0.1698691695928574 0 0 0 0 0 329.9072239845991 44.5397139787674 5.354488134384155 33.64661775529385 13.23923553526402 3.215331263840199 0 0 0 11.13923531770706 0.3018262386322021 1.109191864728928 3.038290083408356 0.9849918633699417 0 0.6008851826190948 0.1421996653079987 2.12100450694561 2.26971647143364 6.098438337445259 0 0.2973459362983704 0.2911516726016998 0 0.1585048139095306 398.1302639693022 156.234722211957 19.77650249004364 16.03521832823753 348.9199997484684 0 0 0 0 0.5185021162033081 1.578091338276863 0 0 21.70342254638672 0.7898131608963013 0 0.9111558496952057 5.654038891196251 2.214993864297867 0 0 0 0 0 0 0 0 0 0 0 0 0 0.1333443373441696 0 0.2241381853818893 0 0 0.5262007117271423 0 0 0 0 0 0 2.924870193004608 0 0.8107943087816238 0.1184284090995789 0.1871987283229828 0 0 0 0 0 0 0 0 0.6439964175224304 0 0 0 0 0 0 0 0 0 0 0 0 0 0 0 0 0 0 0 0 0 0 0 2.886887982487679 0 0 0 0 0 0 0 0.4852288663387299 1.14492666721344 0 0 0 0 0 0 0 0 0 0 0 1.972066104412079 0 1.485391587018967 17.28709794580936 0.2846041321754456 20.77060160785913 6.176110617816448 230.2306215763092 4.726413503289223 0.4253161251544952 3.146513730287552 1.590675622224808 0.6001759469509125 1.663327381014824 0.1908233165740967 1.712596774101257 0 0 0 0 0
712.9682762771845 4795.542905859649 101.0955620780587 1435.950943559408 3663.321489550173 157.0489024817944 0 39.01043143868446 5039.633232824504 3363.944949403405 276.1238329783082 146.9792600721121 11162.86058215052 2415.369251616299 81.78417421877384 18.60675690323114 0.6101337671279907 0.396436020731926 0.2782403230667114 0.1186273917555809 0.7570767998695374 0 0 0 1.451277576386929 1.870789758861065 0.1302920430898666 1.356205172836781 1.586055636405945 0.1310125291347504 399.3198996633291 77.12783276289701 5.454473577439785 0.1206588298082352 0 0.3271196633577347 29.87946918606758 2.426039032638073 6.60230677574873 1.249284595251083 0.7301468402147293 2.094440989196301 0.409234881401062 8.542022034525871 0.5715156197547913 1.324512600898743 391.1361317634583 14.6379639133811 1.29630833119154 1.028734728693962 2.938239023089409 0.3217329829931259 0.7760745882987976 2.727461591362953 56.53987716883421 98.76301801204681 45.02544908225536 392.0567542091012 34.29598534852266 207.1662157326937 1.345452688634396 2.448754481971264 0 139.2147803530097 22.49423214048147 7.188232496380806 5.503530874848366 2.763376615941525 0.8028422966599464 1.28978855907917 174.7641286477447 52.94637183845043 0.2339548617601395 581.404338799417 235.6350622475147 347.0743065476418 131.4115643128753 22.13571668416262 1.898736163973808 25.06479630619287 0.6877828687429428 5.737204760313034 128.0101284757257 2.216669380664825 9.736433692276478 30.27969785779715 6.062049649655819 0.6528137773275375 3.778320714831352 0 3.367243058979511 2.991128370165825 1.458899796009064 0.611016258597374 3.552448615431786 227.8868622258306 5.45504704117775 0.1250057965517044 6.952451199293137 83.65880396962166 2.700659476220608 12.31688809394836 21.05805483460426 12.34448435902596 8.204718440771103 12.56094709038734 29.52801042795181 16.22281441092491 63.65957692265511 81.0665679872036 3.004015177488327 113.4938989579678 134.7952591180801 216.7310850918293 36.90305139124393 5.059697553515434 6.594793140888214 0 0.7999452501535416 0 0 0 0 0 0 0.4354452192783356 0 0.6201773881912231 0 0 1.275501102209091 1.196408540010452 0.7257705926895142 0 17.80944153666496 1.672562226653099 0 0.8291747868061066 0 179.154281437397 0 64.86975282430649 32.33997267484665 6.664842188358307 2.920178562402725 0 0.3469501137733459 0 4.318938508629799 0.1707890033721924 0 11.1880152001977 12.06325460970402 0 0 0.1633270084857941 1.424356058239937 2.264160349965096 0 0.9906441569328308 0.7088295966386795 0.7311564683914185 6.707795098423958 0 0.2280159592628479 1.866559773683548 15.10360297560692 3.998188823461533 3.886607214808464 1.871204137802124 0.3112327456474304 0.173173576593399 0.3615207225084305 0 0 0 234.4572522193193 7.249525934457779 0.1694074273109436 0.2418822050094604 0 2.400829628109932 5.858746021986008 0 10.08585974574089 6.471841767430305 12.51652678847313 2.04800446331501 2.592963397502899 0.1987777799367905 0 0.2448504343628883 0 0.6838877275586128 0.3259660601615906 0 0.26024529337883 104.483157068491 62.83128717541695 119.1754974424839 866.0711139887571 98.67822521179914 1474.396012961864 387.697981365025 1081.84107658267 218.2468869537115 26.5634336322546 292.6633004769683 68.84513893723488 6.068721398711205 40.0611564218998 12.51857647299767 79.9511544406414 7.24468395113945 0.4890452846884727 6.360007330775261 16.42799855023623 11.22147263586521
53.39225640892982 138.953286215663 2712.091808348894 2.096652448177338 244.496210038662 3.76675009727478 39.01043143868446 0 310.7005913555622 4.042457684874535 3704.512309156358 2.057964310050011 281.091625764966 1541.85953951627 42.89818792045116 59.49110074341297 4.73418778181076 12.40720722079277 1.353048861026764 24.54835613071918 159.0831632986665 1.11080963909626 4.118083909153938 1.861387193202972 100.7295002639294 32.70076958835125 5.088678643107414 8.784710511565208 1.34292283654213 0.1626348793506622 685.9481606781483 2145.841557957232 132.0523460060358 2.428941160440445 14.82744174450636 74.53793282806873 527.6284609884024 148.6696443110704 76.03056156635284 43.52520246803761 94.25370602309704 24.0046071857214 42.03322304785252 22.65735607594252 10.04315212368965 11.10606616735458 99.02427681535482 3.612428992986679 4.648238688707352 26.6827529296279 38.50766821950674 2.02069403231144 0.1447504311800003 13.12044553458691 4.844495199620724 11.28031584620476 14.45973823964596 160.5424072444439 3.582512974739075 22.26522896438837 49.57189993560314 32.84796485304832 62.11005213111639 204.1190288439393 5.364643536508083 9.318501152098179 22.22843755036592 60.08353963494301 44.39604240655899 298.6427272111177 75.24359618127346 20.83672231435776 0.1476258784532547 107.8507212623954 58.96856521815062 77.75631068646908 88.89713763445616 207.7918373346329 1592.3004861027 4423.082770600915 103.4420880228281 742.7403507456183 14.76130113005638 0 1.341280311346054 5.373326070606709 32.34634871780872 0.1194262206554413 2.910629101097584 0.286576896905899 10.1938501521945 9.522700078785419 120.1798878386617 25.05195125937462 5.20351181179285 66.00456589460373 5.197878628969193 0 2.945251069962978 26.12658424675465 0.3783740103244781 0.333451509475708 0 0.6245782524347305 1.260765433311462 1.808873116970062 2.450277745723724 1.995799511671066 6.667261227965355 4.613558977842331 0.5022636204957962 12.60771246254444 12.09599839150906 25.4988696873188 2.705016270279884 1.596345320343971 2.929842993617058 0 0 0 0 0 0 0 0 0 0 1.213788837194443 0 1.833435818552971 0.5392354726791382 2.559255361557007 0.1594088077545166 0.395385816693306 2.825806647539139 0.5273724794387817 0 0.7269288897514343 0.1650830954313278 32.64908941090107 0.1636654138565063 9.758859857916832 9.407904475927353 6.862469844520092 1.032936036586761 1.166679501533508 0.5926024615764618 0 0.665568932890892 0.6654681712388992 0.5143138766288757 0.3231496512889862 4.231845989823341 0 0 0 0.9772248715162277 2.588676646351814 0 0.1364804059267044 0 0 1.175066947937012 0 0 1.124128550291061 2.401740983128548 0.3870670795440674 0.5365180969238281 0 0.3040143698453903 0.1347265988588333 1.782605156302452 2.829942390322685 0.5003253519535065 0.6844293922185898 31.18942615389824 1.308848083019257 0.3123253285884857 1.807248637080193 1.98313507437706 0 0.178826242685318 0 0.6546430438756943 1.29633055627346 2.084508508443832 0 1.709468707442284 1.207109890878201 0.1757284104824066 0.1594813168048859 0.1665821522474289 1.279760554432869 0.4846160858869553 0.3262564986944199 0.1631954908370972 18.86072039604187 7.683882474899292 18.16897457838058 189.3923554942012 11.24443588405848 240.7307902574539 60.87473966926336 58.19975580275059 21.07015877217054 3.879534564912319 56.81617217510939 11.24894797801971 0.4469303041696548 4.589635923504829 1.791920989751816 4.002374514937401 1.915335178375244 0.1733419299125671 3.53609611839056 5.191559031605721 1.839378029108047
69.97569681704044 603.8148512095213 304.852487295866 315.0777207016945 6349.314602985978 7.462220430374146 5039.633232824504 310.7005913555622 0 950.9465007781982 1877.462467350066 22.79974149167538 1852.130123518407 6926.921553149819 44.54687279462814 11.92348452657461 0.6316453963518143 0.5063890069723129 0.1061447039246559 0 0.3387330770492554 0 0 0 0.5748063921928406 0.7537896037101746 0 0.4042894616723061 0.371091216802597 0.4504086375236511 147.4605969339609 51.73713532090187 5.587242230772972 0.1971552968025208 0.6028047204017639 0.8288356810808182 76.00777263194323 0.5792004764080048 3.809662118554115 0.3510453253984451 0 0.1438412219285965 0.3855672627687454 4.398635238409042 0.8901268690824509 0 224.6499534845352 7.940072804689407 0.24395652115345 0.818575456738472 0.1232196018099785 0.6996762752532959 0 1.070387586951256 19.07499650865793 30.39256704598665 10.87307438999414 80.02043753862381 8.415589831769466 82.58610571175814 0.4318811893463135 0.4999250918626785 0.3778587281703949 55.3647628352046 6.898923255503178 1.994346231222153 2.210809752345085 1.450889907777309 0.1459856331348419 0.4325505942106247 73.29819522053003 33.20468409359455 0 158.8971413597465 67.00332473218441 177.0095524862409 87.98778977245092 9.87184964120388 1.17129410803318 15.58501562476158 1.328504472970963 3.143633008003235 43.71583427488804 1.354594618082047 4.251060731709003 10.53383301198483 2.376765497028828 0.1297035217285156 1.442155830562115 0.1385798156261444 1.960005655884743 0.7320892512798309 0.5041663199663162 1.302040189504623 0.8202961087226868 48.73473352193832 3.413060501217842 0 1.699044078588486 15.17203317582607 2.034693002700806 2.555116683244705 9.613975748419762 3.136509001255035 4.22899004817009 6.93286606669426 7.137968510389328 8.496393516659737 24.94755585491657 30.71856182813644 1.885045602917671 43.26461966335773 71.3234081864357 78.64796982705593 10.79236747324467 4.350222676992416 3.463137999176979 0 0.6347732841968536 0 0 0 0 0 0 0.2911838293075562 0 0.1252847611904144 0 0.2891091406345367 1.740822985768318 0.1962832808494568 0 0 8.817942053079605 0 0 0.4835237264633179 0 90.07820127904415 0.8609024286270142 39.058918222785 8.735321283340454 3.295055642724037 0 0.2616730630397797 0.3311156928539276 0 2.291012063622475 0.8032639920711517 0 3.568522393703461 6.4244015365839 0.653109610080719 1.106666937470436 0.1569278985261917 0.4980416893959045 0.3102679848670959 0 0.9638184905052185 0.1268464773893356 0.5479534268379211 1.992436707019806 0 0.9312761127948761 0.5525555014610291 7.902601107954979 1.240760266780853 3.696499824523926 0.3428753614425659 0.128970742225647 0 0 0 0 0.1351191997528076 91.95370729267597 6.267546892166138 0 0 0.5344161689281464 0.5515745729207993 0.7977990508079529 0 6.015511900186539 5.868225410580635 9.415663778781891 0.4979348182678223 2.880046457052231 0 0 0 0 0.105546697974205 0 0 0 37.46339720487595 26.96207167208195 59.29251569509506 392.7402803376317 35.6636186465621 640.2653225138783 161.9827015995979 175.1401556059718 82.6201388835907 10.87097853422165 147.0729889571667 32.26458743214607 2.611836224794388 19.61656064540148 7.796795673668385 35.45705264806747 2.809103906154633 0.1647650152444839 3.168763145804405 7.975505970418453 6.876707017421722
891.8689447790384 1697.588411465287 15.14172871410847 3859.748097807169 549.5899184271693 896.7290391325951 3363.944949403405 4.042457684874535 950.9465007781982 0 32.55911945551634 2689.598988458514 5892.276383310556 148.6666696369648 26.02323284745216 10.11346180737019 0.6189245283603668 0 0 0.2765990197658539 0 0.3031424283981323 0 0 0.3223432302474976 2.458465203642845 0.327505886554718 0.1837084144353867 0.1644339561462402 0.3598415106534958 65.98460475355387 5.502290412783623 2.429006695747375 0 0 0.4330269247293472 64.3568350225687 2.761452928185463 10.4303702712059 1.963799014687538 0.6296499371528625 1.410851798951626 0.2558085694909096 2.831739947199821 0.9207540303468704 2.341212928295135 156.2896937504411 6.387671992182732 0.4812372028827667 0.5894252583384514 0.7361132800579071 0.7015710175037384 0 0.4653909653425217 13.86904209107161 26.00448609888554 47.14165928959846 145.8787571340799 17.77235410362482 51.28609070181847 1.340325921773911 0.949727863073349 1.167902715504169 13.71810464560986 4.552491128444672 1.985035836696625 2.306096918880939 0.4767894595861435 0.2889862805604935 0 3075.508240997791 231.2016391158104 0.2284629344940186 198.2707843407989 67.76277752220631 93.34476920217276 37.31941690295935 8.847314909100533 0.1590392291545868 13.68615808337927 0.5558115988969803 1.459707468748093 35.65220442414284 0.1043266505002975 2.264118105173111 8.112888462841511 1.886943876743317 0 1.863919913768768 0.8526829034090042 0.5550399571657181 1.912956595420837 0.9373809173703194 0 2.455691941082478 581.1513572186232 35.52055791020393 1.986901938915253 12.49584901332855 492.7623226642609 9.243129074573517 17.09137611091137 59.95109780132771 33.84547902643681 18.55820578336716 46.1578776538372 43.76747296750546 24.08131104707718 265.4130345284939 210.0929129272699 7.646386310458183 206.3065317422152 326.2561813443899 460.0738758295774 54.21548044681549 14.25257009267807 23.05644078552723 0.18205925822258 5.807163849473 0 0 0 0 0 0 0.9661242365837097 0 2.884751975536346 0 0.7896178662776947 5.140455842018127 0 0 0 34.73384264111519 6.463994979858398 0 0.9109838604927063 0 406.4612427502871 0.8738460540771484 213.0817612111568 76.38734073936939 14.5434105694294 3.770790457725525 0 0 0 6.284004092216492 3.462341651320457 0 19.1343587487936 33.74832938611507 1.014414846897125 0.8799247145652771 1.405111446976662 3.552520751953125 0.5997313112020493 0.6590748131275177 2.752161905169487 0.5560024976730347 0.1806142777204514 20.67542818188667 0 4.348396837711334 1.188627481460571 30.11132583022118 4.610076814889908 12.08582954853773 4.151818215847015 0.7287347763776779 0.1998878717422485 0 0 0 0 363.2304444611073 14.9134666621685 0 1.383516103029251 0 4.494763553142548 8.277672380208969 0.5846985578536987 28.63902488350868 20.99537648260593 41.59520728886127 5.284790068864822 9.983170747756958 0 0 0 0 0.1272711902856827 0 0 0 213.6520540118217 90.92617452144623 260.6407162845135 1039.406132213771 41.71076703071594 610.5122049450874 168.9364833831787 2789.145001083612 92.88989604264498 10.80108572542667 290.4645386189222 199.8596254885197 4.177924960851669 109.4430322572589 19.52221411466599 213.9406168460846 18.4566954523325 1.13383711874485 36.22871145606041 9.751268655061722 3.7625522762537
289.5859721526504 960.1336188092828 4070.195843815804 9.539348602294922 1310.105153806508 8.309566080570221 276.1238329783082 3704.512309156358 1877.462467350066 32.55911945551634 0 8.555544629693031 1283.258451655507 5906.367032051086 22.30613630264997 15.96657814830542 1.189275726675987 2.02815417945385 1.255597069859505 2.608549237251282 11.91923722624779 0.5604130923748016 0.2439387291669846 0 20.39532673358917 6.448197573423386 1.094603687524796 2.198846220970154 1.775547027587891 0.7605550587177277 770.7305489778519 766.7576097175479 230.3861357718706 1.369806855916977 2.076720789074898 14.01824572682381 862.7609994113445 62.35574966669083 60.5420588105917 20.69407741725445 10.06807422637939 5.278145179152489 2.145820751786232 8.0854731798172 2.466650873422623 2.782875686883926 62.96240159124136 0.7864108085632324 0.1982028186321259 2.316422633826733 4.974581994116306 1.400481998920441 0 4.123944997787476 3.869865074753761 6.900891989469528 12.40858402848244 163.5600018426776 2.357172884047031 22.5564786568284 1.780124515295029 11.127770870924 6.1701300740242 55.05047523230314 1.738947682082653 1.136759281158447 1.494696386158466 2.522274941205978 1.145953565835953 17.50029726326466 119.3273866325617 21.34864273667336 0 88.73953809589148 41.6713909059763 51.39069849252701 26.70342557877302 36.37455153465271 191.01511490345 2918.227302156389 9.903296500444412 57.95492695271969 12.34172968566418 0.4015870541334152 1.422449037432671 2.403523065149784 2.347732037305832 0 0.5585338994860649 0.4017603993415833 2.534016504883766 0.6457352638244629 9.21228814125061 1.840778991580009 1.117634236812592 56.62182053923607 6.314768835902214 0 3.154906436800957 69.44618178158998 0.3884542733430862 0.504587709903717 0.9682116508483887 1.053598970174789 0.7664060741662979 2.183318436145782 1.897039949893951 1.84608419239521 9.306453213095665 6.387851268053055 1.213866680860519 13.47653563320637 18.7545372992754 34.56121018528938 6.829139888286591 1.078361541032791 1.981862463057041 0 0 0 0 0 0 0 0 0 0 0.9193040728569031 0.1592521816492081 0.6837120950222015 0 0.7607612311840057 0 0 1.684942275285721 0 0 0.1489025503396988 0 30.96066883206367 0 9.475726522505283 6.508668549358845 5.387460798025131 0 0 0 0.2925961315631866 1.545866742730141 1.552128717303276 0 0 2.664118364453316 0 0 0 0.7323600202798843 1.173021823167801 0.378909170627594 0 0.1280299574136734 0 0.440199613571167 0 0 0.4037238210439682 1.879360765218735 0.2675293684005737 0.3264018893241882 0.5079303979873657 0 0.2150128185749054 0 0 0 0 39.98236310482025 1.085710614919662 0 0.2572222650051117 0.1521987915039062 0.2214570194482803 0 0 2.264470383524895 0.1655980944633484 0.3049113750457764 0 0.2227807492017746 0 0 0 0 0.802408754825592 0 0 0.1394428759813309 17.61856272816658 11.08429957926273 17.01153093576431 147.8979231864214 10.43485122919083 158.056995652616 43.8950913771987 72.72025188803673 18.72031085193157 1.708968624472618 35.14176418632269 13.6056352853775 0.8695346415042877 6.786386519670486 0.732379175722599 5.866372026503086 0 0 0.2344366312026978 4.57288746535778 0.9393157809972763
25.77977810800076 29.98141329735518 3.061783969402313 422.3121159374714 23.06945917010307 154.7694336473942 146.9792600721121 2.057964310050011 22.79974149167538 2689.598988458514 8.555544629693031 0 1210.085883244872 8.639405727386475 3.505549728870392 3.1869907528162 0.1831310242414474 0.1853625178337097 0 0 0 0 0 0 0.1910626143217087 0.1923036277294159 0.3038423657417297 0.2209854573011398 0.534821406006813 0 3.112109541893005 0.5251426100730896 2.506177484989166 0 0 0 410.5044439733028 1.314040943980217 10.16178837418556 1.546539485454559 0 0 0 1.204633146524429 0 0 11.76473389565945 0.1154616698622704 0 0.1993151009082794 0 0.6385738849639893 0.2615991830825806 0 0.8956126570701599 0.6412877067923546 3.317315950989723 4.440061405301094 0.7512635886669159 1.982485815882683 0.1736317425966263 0 0 1.270636424422264 0.3152863830327988 0 0 0 0.2481659650802612 0.4260578751564026 756.3608319014311 48.88464017212391 0 7.177999868988991 3.970569342374802 5.049054451286793 2.783127024769783 0.4341966807842255 0 4.420019298791885 0.3184243142604828 1.22365702688694 1.693396881222725 0 0 0.1481751501560211 0.1157986596226692 0.1684845089912415 0.2395522966980934 0.1268404126167297 0 0 0 0 0 1348.193788662553 13.99894358217716 0 2.94569905102253 24.91982907056808 5.215165287256241 9.316800758242607 29.18813428282738 9.110862895846367 9.450533226132393 14.65716198086739 24.64619846642017 13.03150069713593 51.40431435406208 85.06380225718021 3.765775963664055 97.16040483117104 159.2170952260494 243.6953329890966 34.58856062591076 5.931571885943413 6.469975560903549 0 0.3547728955745697 0 0 0 0 0 0 0.2947857081890106 0 1.225690871477127 0 0 1.199046343564987 0 0 0 22.03310365974903 0.7766926884651184 0 0.4050615727901459 0.1786554604768753 178.5238326787949 0 59.90626642107964 20.71205386519432 5.13175305724144 0.5455906391143799 0 0.4921568334102631 0.2714371681213379 2.544346809387207 1.888592958450317 0 9.103142991662025 19.26348078250885 0.9297711849212646 0 0 0.3150457143783569 1.073815852403641 0.1593482941389084 1.086557283997536 0 2.308860957622528 9.158297196030617 0.8498743623495102 0.786180317401886 0 11.23802638053894 2.735501974821091 5.352585554122925 1.242053717374802 0.3027500510215759 0 0.4392969906330109 0 0 0 231.4334023147821 2.702473968267441 0 0 0.1904596984386444 1.147873848676682 1.394204035401344 0 7.320651277899742 12.07418874651194 8.718203902244568 1.057623162865639 3.818337559700012 0 0 0 0 0 0 0 0 202.7983858883381 33.82501588761806 80.50829064846039 140.9604590162635 4.588691607117653 58.94872380793095 11.65012992173433 576.0575321912766 5.675652861595154 0.3329340294003487 39.4619561880827 79.94781745970249 1.817001521587372 33.87239363789558 4.406567931175232 70.73487634956837 0.1578879505395889 0 5.963029533624649 0.7308489680290222 1.409526273608208
127.3153491094708 984.6536678671837 287.3450343161821 707.4969132691622 1462.034612208605 91.92280168831348 11162.86058215052 281.091625764966 1852.130123518407 5892.276383310556 1283.258451655507 1210.085883244872 0 2935.315477862954 82.3568897023797 50.97220881283283 1.526324152946472 0.9849507957696915 0.2728039920330048 0.2809026837348938 3.472342252731323 0.6170709580183029 0 0 3.475170642137527 1.246579438447952 0.268994152545929 1.773017734289169 0.1695904135704041 0.3189083933830261 104.3259279802442 16.448934674263 21.85875977575779 0.5644822120666504 0.4616999179124832 2.313618615269661 496.3626516312361 8.834699660539627 31.3729120194912 7.1390720307827 4.990686550736427 6.032035738229752 0.46971794962883 25.93819513916969 1.296053469181061 1.68659608066082 204.2244954928756 5.451511077582836 1.964577659964561 3.303625822067261 1.299258872866631 0.2093137204647064 0 1.259821385145187 8.835673227906227 20.0362900942564 5.578455537557602 42.71176178008318 4.915340557694435 40.72435998916626 2.352464586496353 1.960800677537918 1.005930796265602 25.82747422158718 4.670673668384552 1.776395738124847 2.014069266617298 1.60273615270853 0.207936704158783 4.792522013187408 663.045044273138 105.8135940432549 0 81.18881087005138 34.28206089138985 125.4950395151973 56.53696600347757 53.55335457623005 3.747628450393677 104.5015859231353 5.97347454726696 5.4947399944067 22.32240723818541 0.4937351495027542 1.932126581668854 4.400353826582432 1.398219034075737 0.2659802138805389 0.3250291496515274 0.1877377182245255 1.420477822422981 1.498968936502934 2.897040948271751 2.64532570540905 0.9108421802520752 2437.079507350922 14.63091038167477 0.1568441390991211 6.504650339484215 35.12620478868484 9.052066326141357 25.42867840826511 48.78534650802612 26.91390107572079 27.52582187950611 55.8409810513258 68.8344604074955 37.84639540314674 165.1925854235888 224.1293196082115 21.22091580927372 302.7763447165489 466.4693698436022 673.742270514369 124.2855239659548 11.81463095545769 10.49072754383087 0.2588290870189667 1.122377812862396 0 0 0 0.236207589507103 0 0 0 0 1.146819055080414 0 1.449441254138947 3.540047779679298 1.598216712474823 0.1641693711280823 0.355336993932724 40.61905471980572 3.403383240103722 0 0.3749768137931824 0.4906874299049377 563.2201212644577 0.713611900806427 152.8285122960806 42.35258109867573 9.368029430508614 2.117142558097839 0.35276859998703 0 0.643054261803627 12.09345963597298 1.886441484093666 0.2464218437671661 17.56689169257879 36.16795688867569 0.4781759828329086 0.592122420668602 0 0.3519847393035889 1.743874654173851 0.110274039208889 0.862425833940506 0 0.4232921600341797 13.28889638185501 0.8866217434406281 2.148568347096443 1.434633880853653 29.02343748509884 10.52921390533447 4.941855601966381 2.594400689005852 0 0.323389083147049 0 0 0 0 804.8412166386843 13.8012131601572 0.5713351368904114 0 0.162917286157608 7.287676125764847 6.608850359916687 0 25.75738022476435 30.22442366182804 26.9115077778697 3.980433091521263 9.065279111266136 0.408425897359848 0 0.7833345681428909 0 0.305148720741272 0.2116228193044662 0 0 511.8583654612303 129.9056983143091 232.9088015258312 659.9067196547985 28.87664832919836 509.129510268569 171.2175962626934 420.7372368201613 57.64153515547514 10.6157306805253 207.4828476905823 160.3426154851913 4.541708335280418 67.99805076420307 15.95874071121216 184.1403769552708 9.568292424082756 0.123134657740593 14.20466043055058 18.21131764352322 4.916745916008949
