0 4964.227156795561 332.2078024893999 1313.765796892345 350.9968440830708 151.9279030933976 1104.021112695336 14.43490386754274 69.59309452027082 1008.498178072274 148.8812724128366 50.40166936814785 103.4969539195299 42.91436472535133 8.68175383657217 5.178520321846008 0.1173471137881279 0.4512244686484337 0 0 0.8586418032646179 0 0.1291863620281219 0 0.2533818334341049 1.192299172282219 0.3539912551641464 0 0 0 487.4547484815121 0.5584959387779236 0 0 0 0.3818890526890755 0.5417499840259552 0.1306057721376419 0 0.4414118528366089 1.130757547914982 0.2906667292118073 0.7576934918761253 0.1331880539655685 0 0 24.5676079466939 4.343188740313053 0.2353896945714951 1.130356118083 0.5621462687849998 0 0 0 2.895993389189243 0.8647043034434319 235.4583866074681 772.2889031767845 18.75527686625719 16.10489813238382 0.2770420387387276 0 0.3792736679315567 1.626767672598362 1.65719185769558 1.491701409220695 1.289010666310787 0.1776410192251205 1.12784980237484 1.406965009868145 4.866699680685997 2.851869225502014 0 98.77796710282564 20.85770665109158 22.40449080616236 1.342513211071491 0.5378980785608292 0.4995677024126053 7.109623908996582 0.129277691245079 2.097318552434444 19.51703222095966 0 2.747119314968586 1.323913849890232 1.036489985883236 0 0.7262310162186623 0 0 0 0.3949804380536079 0.1385188400745392 0.117187537252903 22.40316364169121 0 0 0.4944806694984436 1073.669357061386 0 0 0 0 0 1.506114363670349 0 0.5271753072738647 38.4152027964592 0.9962965697050095 0 0.6924126148223877 0.3511739149689674 0 0.2628019154071808 0 0 0 0 0 0 0 0 0 0 0 0 0 0.3279013633728027 0.1428730636835098 0 0 0 0 0 0 0 0 0 0 0.6081566214561462 0 0 0 0 0 0 0 0 0 0 0 0 0 0 0 0 0 0 0 0 0 0 0 0.1555486619472504 0.2752504348754883 0.9193757176399231 0 0 0 0 0 0 0 0 0.2199219465255737 1.408040180802345 0 0 0 0 0 0 0 0.4110935628414154 0 0 0 0 0 0 0.1427815556526184 0 0 0 0 0 1.532484203577042 0 1.123816609382629 34.9085846170783 4.119332849979401 52.99723013490438 10.86880461871624 379.5930799469352 11.48700947314501 0.1149131432175636 7.177781246602535 0.6866020560264587 0 0.798445537686348 0 0 0 0 0.1350985169410706 0.3253374844789505 0
4964.227156795561 0 1379.623116642237 783.5759599134326 8258.386417582631 215.950804322958 5365.757201515138 99.37900948524475 1524.137437947094 604.0615330636501 821.9215290099382 23.7749961912632 304.8586248829961 360.1529585421085 135.5126153901219 48.72164160013199 3.429052703082561 3.196449756622314 0.2682048156857491 2.031394965946674 12.08898236602545 0.09638264775276184 0.7314908802509308 0.6150226816534996 2.610545083880424 6.172527350485325 1.525968529284 3.701786935329437 1.433629587292671 0.3365433514118195 4053.686906136572 28.99526818841696 2.587762556970119 0.105400986969471 0 0.7802879512310028 2.381614491343498 1.633077882230282 0.4082968309521675 0.5275024399161339 11.05939064919949 1.891272969543934 5.724054925143719 0.864642858505249 0.8515843003988266 0.5803343877196312 364.648543484509 57.69607673585415 2.234384454786777 7.136672332882881 9.934443362057209 0.9155689105391502 0.1026719436049461 2.966791078448296 16.79059057682753 5.799729265272617 321.327871710062 1918.981709271669 54.94148931652308 125.6321705728769 1.29903569072485 0.2576320096850395 0.6573888659477234 72.47582232952118 18.95119448751211 20.04269655048847 15.79337277263403 2.626829154789448 6.950675748288631 19.61411442607641 14.58647662401199 7.395951814949512 0 681.7535250484943 186.7990698814392 348.1683388724923 21.81815070658922 7.051694869995117 6.500843539834023 51.58834427595139 1.627188660204411 16.55761713534594 167.241410240531 0.1226175278425217 36.10652234405279 11.8297827616334 13.38059741258621 1.1137969866395 9.041137404739857 0.317803718149662 1.502926394343376 1.898380860686302 2.013896137475967 1.526462905108929 2.019266627728939 52.72420863807201 2.369059592485428 0 0.9603191912174225 1502.747610174119 1.115750432014465 0.3966600298881531 0.6726225614547729 0.165685772895813 0.5802385210990906 27.62303411960602 5.027524843811989 5.16224467754364 136.0262517780066 16.53622877597809 1.306229129433632 18.7920449078083 15.46899906545877 21.93406040221453 8.988449856638908 0.7017212063074112 0.7131595760583878 0 0 0 0 0 0 0 0 0 0 0.3447294533252716 0.3334427773952484 0.1155383959412575 0.1181783080101013 0 0.09835144132375717 0.3870111554861069 3.155672609806061 0.4287543892860413 0 0.4842773079872131 0.695292204618454 10.52822846919298 4.210361629724503 7.801591441035271 0.7810042798519135 0.7919829040765762 0.1344345510005951 0 0 0.2903718650341034 0 0.2131343632936478 0 0.8603516519069672 1.423514693975449 0 0 0.1225447729229927 0 0.4364621192216873 0 0 0 0.4090172201395035 1.000765115022659 0 1.256993748247623 1.670219600200653 2.001681700348854 0 0.1026788726449013 0 0 0.3183204531669617 0 0.1107037365436554 0 0 14.12999251484871 2.416185766458511 0 0.09738492965698242 0.1450522840023041 0 2.523206353187561 0.1918386369943619 1.707091853022575 1.948116809129715 1.445333078503609 0.1381028294563293 0 0.3305791318416595 0.08215327560901642 0.3824496194720268 0.1102262884378433 1.243181154131889 0 0 0 13.45500063896179 2.637727856636047 1.689144164323807 433.6580434665084 59.86355427652597 705.9129669293761 133.1873119845986 311.1092486307025 94.17513753473759 7.087223149836063 84.7304355725646 20.14397694915533 0.7431342974305153 8.299253411591053 1.124495789408684 12.77491895854473 0.7647048532962799 0.1829872727394104 3.685729041695595 13.419473528862 1.22394871711731
332.2078024893999 1379.623116642237 0 4.606425821781158 1040.795345909894 0.2330471873283386 66.38356179744005 1428.365787185729 1050.896834999323 1.259954757988453 3776.676046617329 3.441508293151855 177.2513567432761 436.9895957261324 69.763776011765 92.305759139359 4.905034847557545 8.847810909152031 1.677862793207169 6.340396292507648 55.20626084506512 0.1036502718925476 2.15268649160862 2.617748476564884 8.157036699354649 20.53464162349701 3.924729473888874 4.126582704484463 0.7230626940727234 0.1028756275773048 4760.543608009815 736.7002316862345 1.846062749624252 2.898030243813992 1.35656900703907 2.601322650909424 2.69447523355484 3.323308520019054 0.8801997154951096 1.256231263279915 32.81705180555582 3.855124279856682 20.89240967482328 2.924047991633415 3.475961238145828 7.715139761567116 126.5415300652385 13.54564156383276 4.533225640654564 27.70207518339157 4.70423723757267 0.3209690451622009 0.1189988777041435 0.9073402658104897 2.639424562454224 1.069039165973663 89.71810481697321 1424.329962924123 11.38003001362085 33.63577269762754 6.113486483693123 1.807746432721615 5.010196141898632 383.2362701669335 3.653137661516666 4.342447973787785 4.833382986485958 5.003271885216236 42.11197777837515 70.53504754602909 4.164739280939102 2.976349323987961 0 190.6310407593846 111.220748744905 125.11320951581 28.67176946252584 62.36203722655773 167.5062082484365 443.7536193132401 5.745018869638443 107.436561524868 33.92361058294773 0 8.12983975559473 2.327834755182266 27.76300447434187 0.3287000805139542 1.561964564025402 0 1.073569521307945 0.4563077539205551 8.819720037281513 0.855627603828907 1.158293910324574 3.905269637703896 0.1555871814489365 0 0 202.7317016124725 0 0 0 0 0 0.5246995091438293 0 0.5365097522735596 0 0.4870678037405014 0.1387005150318146 1.322164922952652 0.7035241425037384 1.809011816978455 0.3353478312492371 0.1815237253904343 0 0 0.1235011070966721 0 0 0 0 0 0 0.1927004307508469 0 0 0 0.1687908321619034 0.1168806850910187 0.1495677083730698 0.2040770649909973 0.1355771869421005 0.3347734808921814 0 0 0 0 1.572050452232361 0.4079046100378036 0.8861949369311333 0.1971752196550369 0.2330865859985352 0 0.1471333205699921 0.1007412299513817 0 0 0 0 0.410834014415741 0.729685865342617 0 0 0 0 0 0 0 0 0 0 0 0.2725522518157959 0.3634779751300812 0.2250837385654449 0 0 0 0.1130724623799324 0 0 0 0.2119719833135605 0 4.651085831224918 0 0 0.1019314229488373 0 0 0 0 0.1073624044656754 0 0.3512421846389771 0.1173115521669388 0.1217619478702545 0.1062599271535873 0 0 0 0.170602023601532 0 0.1272038370370865 0 2.069852933287621 0.4758037626743317 0.5329213961958885 91.73572819679976 22.35915978252888 165.3839748725295 44.46868400275707 25.31066307425499 21.64843230694532 2.19248390942812 30.49569189548492 3.597756490111351 0 0.9593445658683777 0.6716499328613281 0.424604058265686 0 0 0.9999624937772751 4.207768745720387 0.7979597598314285
1313.765796892345 783.5759599134326 4.606425821781158 0 86.01805368810892 398.4269393607974 1545.996672384441 0 20.6961686834693 3656.1760731861 8.924037799239159 453.7020983025432 1279.69959422946 23.01941926777363 11.42905367910862 1.592713385820389 0.1107572391629219 0.1931925117969513 0 0.1300440281629562 0 0 0 0 0 0 0 0 0 0.2722867429256439 29.1872638836503 0.2940119504928589 0 0 0 0 0 0 0.2610427737236023 0 0.328613668680191 0.6147124022245407 0 0 0 0 55.30289739370346 10.0850724875927 0 0.3777319863438606 0.8755598813295364 0.2624984234571457 0 0.2476345747709274 3.287176832556725 0.8484759107232094 62.32001871615648 164.3452174812555 11.22758753597736 18.75890067964792 0 0 0 2.526396885514259 3.227256804704666 3.438261322677135 2.936552964150906 0.09887941926717758 0.1469902247190475 0 0.3499340564012527 0.8190518021583557 0 104.7922412604094 17.18269045650959 38.63548538088799 0.5460444316267967 0 0 0.1954494193196297 0 0.3075542822480202 31.15636467188597 0 6.347133196890354 1.430445194244385 1.726812355220318 0.1958446130156517 1.661456756293774 0.1802317351102829 0.278503529727459 0 0 0 0 26.95228162407875 0 0 0 265.0550512820482 0 0 0 0 0 6.533383429050446 0.7297031432390213 1.378589689731598 247.207517772913 4.023234888911247 0 2.273768842220306 4.209608465433121 0.6674322187900543 0.6847908794879913 0 0 0 0 0 0 0 0 0 0 0 0 0.2546288073062897 0 0 0 0 0 0 0 0 0 0 0 0.4700444340705872 0 0.2137968689203262 0 0 0 0 0 0 0 0 0 0 0 0 0 0 0 0 0 0 0 0 0 0 0 0 0 0 0 0.1035795211791992 0.09204523265361786 0 0 0.1630356311798096 0 0.1737534403800964 1.233018830418587 0 0 0.1471332013607025 0 0.2561439573764801 0 0 0 0 0 0 0.126446008682251 0 0 0.1029750257730484 0 0.2888375297188759 0 0 0 0.9531141370534897 0.1523628681898117 0 89.68919569253922 8.716202065348625 138.2884987592697 19.24294313043356 204.6369431689382 13.72083514928818 0.1155664995312691 16.30020777881145 0.7874393612146378 0.09237042814493179 0 0 1.230261400341988 0 0 0.3670470714569092 1.828835971653461 0.3091791570186615
350.9968440830708 8258.386417582631 1040.795345909894 86.01805368810892 0 11.92924776673317 6378.547401495278 84.75685612112284 11152.84675189108 72.0098329782486 1117.933730319142 51.20031899213791 572.6848735436797 914.0996292978525 168.4385727792978 106.7435382157564 4.686614386737347 3.287087008357048 0.5177391842007637 1.6517343968153 9.461376577615738 0.7508036121726036 0.1451533436775208 0.2071534246206284 1.923518240451813 6.187073364853859 1.120174184441566 2.929409928619862 2.14522746950388 0.1104596480727196 276.6213103458285 25.31408054381609 8.161297239363194 0.194699652493 0.3734644129872322 0.5710283070802689 5.406784109771252 1.310261830687523 2.540268734097481 0.8260151594877243 9.482235878705978 3.215233042836189 4.439921207726002 2.004427582025528 0.9141890406608582 0.6901185065507889 373.9508962929249 32.02203192561865 2.599230974912643 5.073488853871822 7.23848007619381 2.13846692442894 0 4.297910049557686 6.9353286921978 2.616841405630112 69.26338872313499 277.2673346847296 27.94719602167606 81.09947967529297 0.4338484033942223 0.9181984215974808 0.4000216126441956 89.31480902433395 10.0035372748971 7.999803826212883 10.12896081805229 2.76633033901453 7.910176940262318 13.76776348799467 29.71300131827593 19.27037785202265 0.1019312366843224 280.1291690021753 120.840246707201 295.7993531003594 39.11374970525503 11.88490270078182 3.305984146893024 25.4633451551199 0.8655869662761688 6.596632823348045 61.74369633942842 0 16.43814850598574 5.987739093601704 12.03200780600309 0.3071530684828758 4.608530260622501 0.3395274952054024 0.8580552563071251 1.299131467938423 1.980160176753998 1.251165762543678 3.243389487266541 243.6458067893982 3.488147169351578 0 3.743394672870636 67.99095426499844 1.331545412540436 0.6404480636119843 1.863195970654488 0.7892776727676392 1.914290405809879 32.29108148813248 5.006298154592514 27.0732876136899 9.923777490854263 66.58745142817497 6.623337864875793 80.63404777646065 79.47722025960684 64.2087204605341 31.36778571456671 3.918200232088566 1.386492885649204 0 0 0 0.2337668836116791 0 0 0 0 0 0 1.982608988881111 0.5692029744386673 0.2736566811800003 0.8116230592131615 0 0 0 9.786331474781036 3.059521555900574 0 1.936405792832375 0 34.11452592909336 10.9919181317091 35.2144645601511 4.53055378049612 1.703803814947605 0 0.3413796424865723 0 0 1.619750887155533 0.9854368641972542 0 2.421705007553101 11.33769923448563 0.2490802705287933 0 0 0.4136129319667816 0.1704360097646713 0 0.2476222515106201 0 0.7679489850997925 0.9228114783763885 0 4.275483965873718 2.207741186022758 6.5863346606493 0.8470110595226288 1.104531839489937 0.1937212944030762 0.1093854755163193 0.1879927664995193 0 0.3665510043501854 0 0.5674564838409424 87.56230475008488 3.951724231243134 0.1448458433151245 0 0.2125681787729263 4.80923368036747 1.449980974197388 3.130993723869324 5.524043649435043 3.08682456612587 4.39907468855381 1.099616408348083 3.154053874313831 0.4534263610839844 0.1227549165487289 0.1919160261750221 0 0.5291308909654617 0 0 0 78.09733605384827 9.055335633456707 9.461002290248871 519.4580218791962 85.35650074481964 609.7858393490314 187.5619434714317 139.306326828897 112.5468628183007 8.426316149532795 101.5427191406488 45.29367412626743 1.819331899285316 21.30109537392855 1.345114104449749 24.62502221763134 1.731773175299168 0.1526855975389481 12.10275564342737 16.31233992427588 3.792284689843655
151.9279030933976 215.950804322958 0.2330471873283386 398.4269393607974 11.92924776673317 0 272.2997282370925 0 22.73616677522659 1071.763004124165 1.129522785544395 365.5088409483433 320.8885850608349 44.98514147102833 0.7118104696273804 1.86642474681139 0.3343190252780914 0 0 0 0 0.7468717992305756 0 0 0 0 0 0.2285633534193039 0.6419055759906769 0 1.483508110046387 0 6.134708046913147 0 0 0 5.731419414281845 0 7.839769244194031 0.1919090300798416 0.854189857840538 0.126630499958992 0 0.09784441441297531 0 0 9.069702096283436 0.8416310623288155 0.2106181979179382 0.2425209432840347 0.2114239111542702 11.95481286942959 0.1774113476276398 0.1373477429151535 0.3028661012649536 1.284769102931023 136.8325388580561 44.16842858493328 5.407253786921501 1.547795340418816 0 0.178386852145195 0 0.126605212688446 0 0.3000064492225647 0.8465878218412399 0.1445002108812332 0 0.3327995240688324 208.7064196020365 156.6424302458763 5.084732905030251 10.67925954610109 1.668214678764343 2.846918217837811 0 0 0 2.233135402202606 0 1.03545817732811 1.671179473400116 2.605653822422028 0.5170331671833992 0.1022862195968628 0.5054590553045273 7.930037036538124 1.507907561957836 17.65255571901798 0 2.782505601644516 0 0.2417281866073608 0.7478159815073013 394.8263824954629 71.33762790262699 3.574592739343643 16.90119887888432 303.1534413248301 0 0 0 0 0 0.2333845794200897 0 0 12.51885868608952 0.8499510586261749 0 0.7986193895339966 1.090572498738766 0.6179408729076385 0.3780340403318405 0 0 0 0 0 0 0 0 0.1711152493953705 0 0 0 0 0 0.8036837801337242 0 0.2899616956710815 0 0.5408913940191269 0 0 0.230270728468895 0 0 0.3254091143608093 0 0.3858720362186432 0.1635980010032654 0.7464171797037125 0 0 0 0 0 0 0 0 0 0 0 0 0.1792274117469788 0 0 0 0 0 0 0 0 0.139301672577858 0 0 0.1587121039628983 0 0 0 0 0 0 0 1.665247246623039 0.5567304044961929 0 0 0 0 0 0 0.5200858116149902 0 0 0.3690671920776367 0 0 0 0.2370028048753738 0 0 0 0 0 1.646745085716248 0 0 22.23512233793736 3.926868088543415 9.440833948552608 2.156725525856018 66.24044140428305 4.869691021740437 0 2.826803386211395 0.6418295502662659 0 0 0 1.680179953575134 0 0 0 0 0
1104.021112695336 5365.757201515138 66.38356179744005 1545.996672384441 6378.547401495278 272.2997282370925 0 13.17754938453436 2533.94552346319 3411.612027972937 97.67767230421305 216.458045579493 6019.57544990629 537.0856261849403 257.4088077023625 136.8231845572591 6.005481623113155 4.964718647301197 0.5627985820174217 0.8387365862727165 6.730978831648827 2.345883525907993 0.09887365251779556 0.2162516117095947 2.222864970564842 6.697944730520248 1.584870144724846 6.155697010457516 1.401322335004807 0.6315073296427727 190.7995146661997 19.79043778777122 10.46150463074446 0.3675412982702255 0.1148222163319588 0.6054725050926208 10.63033831119537 0.9828728511929512 8.75280088186264 1.094325505197048 12.98461155593395 6.922101132571697 2.51149195432663 2.717715434730053 1.316627666354179 1.196197338402271 699.6193649098277 77.73864201456308 2.958003237843513 5.211829483509064 15.15457809716463 1.695364892482758 0.6368257850408554 7.356223449110985 21.47263281047344 6.659290455281734 239.9350382089615 660.4081004858017 69.57524012029171 182.1948099732399 0.2576587125658989 0.3355770856142044 0.1110968291759491 97.20200825482607 23.41016414016485 23.08247369527817 20.28889884054661 6.806407928466797 6.968474484980106 11.28088592737913 95.44837560504675 37.39413871616125 0.1473334431648254 673.2646760046482 213.8011099696159 504.9059583842754 47.3813384771347 17.47636146843433 1.576374299824238 13.37347389757633 0.4287039861083031 8.113528072834015 199.9255992546678 0.3119120001792908 44.60710150003433 16.31547677516937 17.04635332524776 0.9876442179083824 11.81020721048117 0.4779583215713501 2.110865414142609 4.141179643571377 1.505982905626297 1.012516990303993 4.37029229849577 933.2261708304286 7.706540182232857 0 6.293960109353065 360.0568327605724 2.465212963521481 1.650607623159885 3.068222187459469 4.770768567919731 1.776170462369919 155.803534090519 23.20688312500715 74.20689718425274 159.0756538584828 178.5131599754095 9.3808533847332 238.80118342489 213.3170375227928 165.4290493652225 73.11246084421873 6.094149932265282 2.137498304247856 0.2474747523665428 0.4722096621990204 0 0 0 0 0 0 0 0.5722432732582092 2.017303243279457 0.3333180546760559 0.8032701313495636 0.1217671483755112 0.6744789332151413 0.1287733465433121 0 19.67117327451706 3.855149462819099 0 1.420152559876442 2.427573531866074 65.52121365070343 24.58262668550014 52.78859548270702 8.734409168362617 3.470614060759544 0 0.1265705227851868 0.3259364068508148 0.6764422655105591 3.150519043207169 2.418852373957634 0.2448698729276657 5.938593454658985 18.95167550444603 0.345479428768158 0.5097872167825699 0 0.48775415122509 1.243789717555046 0 1.692045956850052 0.09533072263002396 0.5804674923419952 2.943751908838749 0 10.74075244367123 8.696377128362656 25.51357319205999 0.3909393548965454 4.722520790994167 0.8077888041734695 0.09210933744907379 0.6480963528156281 0 0.484334371984005 0 0.2080647647380829 189.4349946752191 6.877035900950432 0.08987636864185333 0.09232757240533829 0.6070536226034164 12.55002325773239 3.328524604439735 8.454096302390099 13.04791648685932 4.694521479308605 9.168640673160553 2.478124693036079 3.092392385005951 0.2117950916290283 0 0.3233113065361977 0.2812960594892502 0.8356179222464561 0.4656517580151558 0.3971559628844261 0 196.1173509433866 21.05727139115334 19.27961905300617 1174.336350008845 146.2139237076044 1313.487109422684 330.7259998619556 528.22769164294 220.4777526035905 15.72222658991814 214.2726653814316 90.22630558162928 8.307228729128838 46.04492968320847 4.129081025719643 96.29601062089205 5.388008832931519 1.48102779686451 16.40826810151339 31.56411392986774 3.008597753942013
14.43490386754274 99.37900948524475 1428.365787185729 0 84.75685612112284 0 13.17754938453436 0 603.9817234128714 0.3208602368831635 3523.522090740502 0.5266337767243385 44.78623358905315 142.1337301433086 65.63307086378336 105.2517226263881 5.038546405732632 33.02953727543354 6.893418721854687 22.7772861123085 131.7776790037751 0.4107285290956497 4.685389056801796 4.260225132107735 12.85140252113342 28.35778533667326 6.780834622681141 5.081181645393372 0.1355217397212982 0 720.0041861087084 1433.472743414342 13.66522744297981 10.59101682901382 3.996452480554581 7.503356449306011 16.93446212261915 5.94469004124403 0.1108176708221436 0.9908920153975487 61.91158986091614 3.942153140902519 50.56450284272432 13.05340632051229 10.35329376161098 38.3969888612628 103.1019446253777 7.12132403254509 5.123378284275532 55.93332818895578 4.348346047103405 0.1302701383829117 0 2.49184712767601 1.540144115686417 0.6860442832112312 35.02988961338997 419.7008905410767 3.127626992762089 21.58543264865875 25.19343712925911 21.60306964069605 23.89755513519049 230.3538494557142 2.145018003880978 2.942681707441807 4.340251788496971 7.88506942242384 82.63428293913603 144.9916264489293 2.366292327642441 1.371882081031799 0 105.5162481665611 100.517105743289 100.8452179580927 170.9785393998027 795.2057442888618 2322.007375605404 1350.00604569912 342.393897369504 423.8500858992338 17.16308256983757 0 4.28130267560482 2.075335592031479 46.75238290429115 0.2837173640727997 1.205679565668106 0 0.09800103306770325 0.8641419857740402 13.14271917939186 1.289875291287899 1.143338337540627 2.333114415407181 0.7206216305494308 0 0 12.52521403133869 0 0 0 0 0 0.3527021408081055 0 0 0 0.3584614098072052 0 0.5793966427445412 0.1319620758295059 0.1711360365152359 0.2007855176925659 0.2242233008146286 0.1126150041818619 0 0 0 0 0 0 0 0 0.3460735231637955 0 0 0 0 0 0 0.1048228219151497 0 0 0 0 0 0.4001214504241943 0.180532231926918 0.5688106119632721 0.6934094578027725 0.3209962621331215 0.1402840614318848 0 0.5946067571640015 0 0 0 0 0.1037718206644058 0 0 0 0 0 0 0.7014868333935738 0 0 0 0 0 0 0.1585112363100052 0 0.2749133706092834 0.2487048208713531 0 0 0 0 0 0.1211708933115005 0 0.5343553125858307 1.162947759032249 0.3813636600971222 0 0 0 0 0 0 0.2425634562969208 0 0.3935379683971405 0 0 0 0 0 0 0.1670362204313278 0.1503399461507797 0 0 0.498354896903038 0 0.2468729466199875 59.57987459748983 10.36970923841 121.3167097717524 28.67277974635363 13.95097676664591 11.89010613411665 1.444068670272827 16.55787754058838 3.057975575327873 0 0.3335949033498764 0 0.2648613154888153 0 0 0.8782146722078323 2.334819056093693 0.5375615209341049
69.59309452027082 1524.137437947094 1050.896834999323 20.6961686834693 11152.84675189108 22.73616677522659 2533.94552346319 603.9817234128714 0 135.4099659174681 6238.927439562976 127.8266105055809 3128.571699030697 5063.226363822818 243.4006755277514 295.0838966146111 15.1197952106595 9.346493646502495 0.8098579123616219 2.707495391368866 49.39355538785458 0.7536577582359314 0.9960396289825439 2.621902421116829 21.06825793534517 35.21891691535711 12.68543671071529 8.901393003761768 2.466477483510971 1.086032398045063 131.2581027820706 19.20331356674433 113.7475999370217 0.6150550022721291 0.9599039405584335 6.146203011274338 41.09432126581669 14.26325562596321 3.04563295841217 6.74538865685463 78.07620314508677 13.61035197973251 19.51224126666784 7.409838132560253 1.265322163701057 1.473020166158676 335.1441277638078 16.45979164540768 7.967783972620964 21.84904543310404 11.00166451185942 1.15955713391304 0 7.593865007162094 3.502467446029186 0.8828484714031219 32.42268123477697 91.60711111873388 16.15181890130043 37.96844787150621 1.5915182903409 8.827890828251839 2.058273367583752 69.81185454130173 3.004050113260746 5.7504802942276 7.729456916451454 9.40403076261282 36.6884021833539 82.69201967865229 55.28202042728662 26.33920580893755 0 125.5695989727974 66.8789489492774 234.2767194360495 62.69615411013365 32.78203389793634 4.886522673070431 134.5115469619632 0.1979962140321732 14.32661432772875 30.76585164666176 0 8.344249948859215 3.254638582468033 27.07308100908995 0.231541596353054 2.494679436087608 0.1037316545844078 0.8551661893725395 3.277841679751873 12.3562238290906 3.862620554864407 6.346592664718628 390.8889224901795 5.345773220062256 0 1.755220592021942 31.21192386001348 2.46612935513258 1.380177550017834 4.071392357349396 2.352105513215065 1.162003368139267 51.50315184891224 10.66286943852901 36.11695567518473 15.49685328453779 73.19732923805714 9.013948895037174 112.6086422801018 98.30326675623655 84.53792329132557 33.0975464656949 5.769275844097137 0.7992498874664307 0.5336341857910156 0.4422090351581573 0 0 0 0 0 0.3175925761461258 0.3374924212694168 0 1.225522592663765 0.7094982266426086 0 0.3477218225598335 0 0.5552024021744728 0.1051136627793312 8.594132624566555 1.502378463745117 0 2.619596086442471 0.9485119879245758 37.22202798724174 13.25959554314613 30.69685421139002 3.400987096130848 2.631301328539848 0.5653647482395172 0 0.3636959046125412 0.1516834795475006 1.996142648160458 0.561296820640564 0 3.654207989573479 14.48439169675112 0 0.7302194386720657 0 0.4990119859576225 0.4274047017097473 0.3534835129976273 0.7128186970949173 0 0.4941145926713943 2.657031215727329 0 5.085127353668213 3.813148558139801 10.80055715888739 0.7106362283229828 0.8780803680419922 0 0.1800305247306824 0.147719532251358 0 0.5909228026866913 0 0.25369743257761 118.5558113232255 5.353013165295124 0 0.1103799417614937 0.2363245636224747 4.640474669635296 1.306131824851036 6.61857096850872 6.822969630360603 4.934612132608891 7.141485176980495 1.21256548166275 1.432126328349113 0.6267840415239334 0.1026382744312286 0.1999241337180138 0.0894186794757843 0.112246498465538 0.1105580180883408 0.2670350596308708 0.2270690202713013 101.5044762045145 15.19816762208939 9.614312350749969 564.820376329124 93.26330089569092 650.0594057515264 219.9103193134069 112.5099584013224 94.061353944242 7.78104118257761 146.1911165192723 50.48674313724041 3.587404832243919 24.97691259533167 3.876387782394886 37.34557738155127 5.763763532042503 0 14.61152280122042 20.88274301588535 3.259485594928265
1008.498178072274 604.0615330636501 1.259954757988453 3656.1760731861 72.0098329782486 1071.763004124165 3411.612027972937 0.3208602368831635 135.4099659174681 0 1.046891711652279 2434.810262441635 8519.824236288667 441.2665453255177 10.08742224425077 5.257291629910469 0.1765797287225723 0 0 0 0.3887986615300179 0.1612013578414917 0 0 0.3427762016654015 0.8406587094068527 0.2266111969947815 0.4849507808685303 0.3313007950782776 0 13.64017107337713 0.3965857923030853 4.071815729141235 0 0 0 1.75014815479517 0.1038782671093941 0 0.1618991643190384 0.3624387681484222 0.4015477374196053 0 0.3629492297768593 0 0 45.46277865022421 5.71250855922699 0.3592295050621033 0.4246780127286911 0.5803320705890656 0.4388885796070099 0 0 2.588106237351894 0.2221413105726242 84.66392082720995 103.3358896076679 9.599037051200867 8.209267146885395 0 0.1214015781879425 0 2.187756083905697 1.989486530423164 2.928329043090343 1.741433322429657 0.4127738773822784 0.2129951342940331 0.3799074962735176 61.47871807217598 1.887430772185326 0.2240041643381119 66.77388865500689 14.89734022319317 26.09160830080509 0.4033441543579102 0.3330430686473846 0 1.554263569414616 0 0.2940261736512184 24.14904832839966 0 3.709277331829071 0.2556218653917313 0.8668175116181374 0.1505117863416672 0.9386070072650909 0 0.533715695142746 0.1405616104602814 0 0 0.1141127198934555 1171.542216286063 1.211643785238266 0.1803311854600906 0.8617912828922272 613.2711733952165 0.9312441945075989 2.421911522746086 3.45406299829483 69.46802489459515 0.3902082592248917 79.84274306893349 50.15183897316456 37.46787931025028 402.8097776323557 180.9350706487894 4.633708119392395 106.975237287581 169.4735865965486 48.64437007904053 10.18747305870056 0.6093593090772629 0.1556020379066467 0 0 0.3321489095687866 0 0 0 0 0 0 0 0.2240500301122665 0 0 0 0 0 0 2.925318360328674 0.8018555790185928 0 0.1238635033369064 0 7.317293301224709 1.563944414258003 6.771820649504662 0.2921483516693115 0.2540231943130493 0 0 0 0 0.1470683068037033 0 0 1.045498043298721 3.024060875177383 0 0 0 0 0 0 0 0 0.1767009794712067 0.4029083922505379 0 0.2082828730344772 0.1966924667358398 2.582501798868179 0 0.5867719650268555 0 0 0 0 0 0 0 21.59630879759789 0.2217788547277451 0 0 0 0.3319685757160187 0 0.3742075562477112 1.112485520541668 1.318280726671219 2.012493066489697 0.6748315989971161 0.7320623993873596 0.4275539517402649 0 0 0 0.1070048585534096 0 0 0 65.13294095546007 0.6349583715200424 0.495387390255928 205.2916897386312 6.074291735887527 97.13184721022844 19.07957509160042 698.7761082574725 14.05240318924189 1.83893683552742 13.3923701941967 14.71349634230137 1.156539231538773 5.046424947679043 1.386210829019547 79.49792643636465 0.9448144435882568 0 2.580616742372513 1.344247452914715 0.4101721048355103
148.8812724128366 821.9215290099382 3776.676046617329 8.924037799239159 1117.933730319142 1.129522785544395 97.67767230421305 3523.522090740502 6238.927439562976 1.046891711652279 0 12.04973915219307 710.4109810143709 1440.635884657502 180.0610645785928 264.1113519892097 18.82222395390272 22.01347081363201 3.098776496946812 14.40713754296303 187.0129988864064 1.380169279873371 8.024298250675201 10.64987070858479 72.20075537264347 102.761244751513 35.88507600873709 16.07885377109051 2.021361798048019 0.3516611605882645 512.1745736300945 369.6180964782834 195.5515649467707 10.73001831024885 6.329789698123932 32.15023678541183 142.1083891391754 51.11795081198215 2.278236173093319 18.5962528437376 194.8309673964977 24.67166954278946 51.73379860073328 8.79154559224844 7.304442182183266 8.010938748717308 245.6893808320165 20.98022327572107 8.886651799082756 54.05388314276934 18.74487940222025 1.844830729067326 1.114797823131084 6.471300400793552 3.575925812125206 0.6565690413117409 47.65819003432989 315.3194683119655 11.2362943738699 41.36366693675518 18.03466309607029 97.49142447859049 23.68817788362503 87.87577445060015 3.126201272010803 6.909782715141773 11.87320654094219 18.20991769433022 76.3131138458848 209.0590142086148 34.40246368199587 13.74510665237904 0.1072546094655991 168.2807601690292 85.7712000310421 193.0314106494188 64.6407587826252 77.73310031741858 175.8205306455493 1343.754302024841 40.18365053087473 194.8101539313793 35.96305024623871 0.09188275039196014 9.760242380201817 3.918691657483578 49.41846318542957 0.2955271303653717 2.784437008202076 0.4951876550912857 0.7219181656837463 1.919999741017818 26.15310578048229 5.640509113669395 6.851255111396313 23.33415721356869 1.605212941765785 0 0.8942318707704544 64.10771529376507 0.3459263145923615 0.1197227537631989 0 0 0.2014716565608978 1.861458316445351 0 1.709121361374855 0.9219688326120377 3.639558628201485 1.686816319823265 6.42435897141695 6.167775370180607 10.92781553417444 4.496293850243092 0.7883152812719345 0.1083919331431389 0 0 0 0 0 0 0 0.3412781655788422 0.4956074208021164 0 0.9751443043351173 0.2420580238103867 0.2279428839683533 0.465029202401638 0.2197628244757652 1.572253249585629 0 1.521470129489899 0 0 0.3781725466251373 0 5.624568723142147 1.737661227583885 8.678125165402889 2.585962310433388 1.12175665050745 0.6142987757921219 0.1522335261106491 0.4950563386082649 0 0.5496825575828552 0.241724967956543 0 0.9104369282722473 5.277702108025551 0 0 0.2152542397379875 0.2918314412236214 0.5652541518211365 0 0 0 0 0.7744134217500687 0 1.553115047514439 0.6491141319274902 2.715517923235893 0 0.3375865519046783 0.2053566798567772 0.6202155277132988 0.1019529849290848 0 0.09685274213552475 0 0.2249402105808258 21.11028262227774 3.155570402741432 0 0.216823399066925 0.4683408886194229 0.1659944504499435 1.092531591653824 0.6778818368911743 0.3689652904868126 0.9234669804573059 1.441790908575058 0 0.2103682830929756 0.3430231958627701 0 0.158591091632843 0 1.068986445665359 0.2624977380037308 0 0 7.016973666846752 4.595270581543446 3.307440012693405 237.704233713448 59.84623166918755 390.2747887521982 109.134590446949 44.25843818485737 46.44230113178492 4.444411978125572 79.4413106739521 11.07518500834703 1.838427826762199 5.929864466190338 0.5880950018763542 4.515658915042877 0.6639605760574341 0.2469589710235596 2.80488333106041 11.57522705942392 1.869923546910286
50.40166936814785 23.7749961912632 3.441508293151855 453.7020983025432 51.20031899213791 365.5088409483433 216.458045579493 0.5266337767243385 127.8266105055809 2434.810262441635 12.04973915219307 0 2842.875878863037 677.9493173360825 51.56607062369585 78.73721391707659 6.867980442941189 1.252314455807209 0.2019740492105484 0.131090447306633 4.248789355158806 3.902194730937481 0 0 5.989804282784462 5.30691759288311 3.146929539740086 4.572965890169144 2.409710690379143 0 1.922316901385784 0 41.79569134861231 0.3275326490402222 0.4251869320869446 0.1574818640947342 23.25054454803467 2.971186958253384 10.34979449212551 9.00618776679039 21.09038289636374 9.794129244983196 4.002752237021923 4.326748698949814 1.296092689037323 1.532902508974075 75.05386460572481 2.226569920778275 2.76084141433239 5.599124267697334 2.763778768479824 11.98619295656681 19.44861325621605 3.568320997059345 0.1213991045951843 0 15.15131498873234 11.30053348839283 2.158914506435394 2.132371179759502 0.7291558682918549 3.552883177995682 0.2339419722557068 2.770404323935509 0.1157215684652328 0.8828639909625053 0.9297947436571121 3.137259058654308 4.751237757503986 13.88116050511599 172.2234479635954 203.3173198997974 2.195350080728531 14.34821661561728 3.061110801994801 21.33540953695774 7.72611141204834 5.68317848443985 0 11.81502317637205 0 8.046488508582115 4.195210888981819 0.1909996271133423 1.275552436709404 0.5103428885340691 5.738829232752323 1.608782947063446 0.9445037692785263 4.098604142665863 0.195978119969368 0.8991696834564209 2.877140440046787 3.927638739347458 2.54581406712532 3489.347681537271 215.9986556321383 13.53889191150665 13.09454199671745 79.4581056535244 3.708407744765282 1.316240414977074 5.044683024287224 3.934644773602486 2.122018799185753 98.61416149139404 14.30413316190243 55.70046146214008 29.50663034617901 108.9095060229301 18.76939210295677 183.6501043513417 157.6783938631415 164.8925088047981 59.87806569039822 7.539776675403118 2.316368989646435 0.3694682344794273 1.444269686937332 0.117657296359539 0.1469086557626724 0 0 0.140537828207016 0 0.6666067391633987 0.2629471123218536 3.07112318277359 0.3823244869709015 0.7257398292422295 0.5585271865129471 1.625728227198124 0.1297787874937057 0.7069550901651382 27.45632998645306 4.851117342710495 0 1.884078487753868 0.1229060962796211 79.08761677891016 18.71443314105272 67.6160032004118 7.162952713668346 4.211007103323936 0 1.179996281862259 0.2538341134786606 0.1507658660411835 2.857333160936832 2.040579661726952 0 5.813248135149479 18.0967486128211 0.2021176517009735 1.588749319314957 0 1.826314061880112 0.2487946376204491 0 0.728672593832016 0 1.484775066375732 3.651410840451717 0 7.45709053426981 6.735963389277458 28.19527959823608 1.803583294153214 2.076215967535973 0.9334885329008102 0.559093102812767 0.4035704955458641 0 0.7316368520259857 0 0.6994527131319046 211.4523431286216 16.71901173889637 0 0 0.3534987568855286 9.740433394908905 4.005822665989399 5.506584621965885 19.97267054021358 4.537844032049179 9.306482337415218 1.87255484610796 4.616518586874008 1.66230720281601 0.1320097297430038 0 0 0.2661822289228439 0.1481011807918549 0.1819194704294205 0.210015133023262 160.6439017802477 23.54181275516748 18.64316426962614 392.2093963772058 39.51912054419518 217.9113975316286 67.82798624038696 203.2261116877198 21.32746814191341 3.047263242304325 110.0752015188336 80.17595802247524 5.647464968264103 49.58193775266409 4.838984839618206 85.99124146997929 4.779214270412922 1.514249727129936 12.84549432992935 6.161297552287579 2.148735031485558
103.4969539195299 304.8586248829961 177.2513567432761 1279.69959422946 572.6848735436797 320.8885850608349 6019.57544990629 44.78623358905315 3128.571699030697 8519.824236288667 710.4109810143709 2842.875878863037 0 2589.04484487325 293.778577119112 461.7288863509893 65.83277753740549 16.05573505163193 3.549124114215374 4.469497695565224 30.42261848598719 23.97624434530735 1.300094485282898 2.105731151998043 63.89872217178345 33.88768775761127 26.65758783370256 31.17194910347462 13.05491419881582 2.576353125274181 35.14928325265646 6.89814630150795 875.1567423567176 2.793011888861656 0.6546756103634834 10.63885661959648 344.0786851495504 81.22709573805332 481.8955499827862 225.7503804862499 148.8113367334008 59.20694427192211 21.34256947785616 31.48059768229723 16.64358365535736 26.08500461280346 387.4046865850687 17.14957313239574 20.22832338511944 36.42280877381563 19.18527426570654 37.6698235720396 127.8174360394478 26.33612957596779 3.459200814366341 1.223037824034691 32.57505536824465 40.76150196045637 10.38565883785486 23.01689518988132 14.25397481024265 41.01708028465509 6.054877772927284 25.71154494583607 2.547197662293911 6.314831100404263 12.38995636999607 11.45808856189251 43.17336221784353 86.57882048934698 703.9888548702002 553.0962238535285 2.349865034222603 79.29428859055042 37.01724428683519 150.7603489160538 59.77305822819471 33.05832228809595 0.7218930423259735 166.4555970579386 3.685919344425201 52.40429759770632 28.16343427449465 1.516756236553192 7.917711913585663 3.271377936005592 31.83415924757719 2.74832958728075 3.112483449280262 8.660283878445625 2.062569409608841 9.912775442004204 17.5096006244421 11.13123296201229 16.83058535307646 4399.60411875695 287.2410186082125 13.62605778127909 45.63153020292521 106.8252226784825 7.607967779040337 1.097811937332153 8.057436175644398 1.488801285624504 2.317531704902649 119.8317664936185 17.26478113979101 66.92387948185205 143.4680842608213 147.2903999686241 17.61335679888725 256.4524280056357 247.9065008237958 248.4765951856971 121.7775495350361 27.16799261420965 6.366358384490013 1.873305253684521 1.546281822025776 0.6243158429861069 0 0.6409180760383606 0.2590015605092049 2.884198665618896 0.6010732129216194 1.270304016768932 1.134010255336761 9.883977696299553 1.055971547961235 5.904272116720676 1.494396328926086 5.053890451788902 4.097256772220135 3.298549965023994 28.77976903319359 6.52103216946125 0.8349723666906357 13.0693341717124 5.292679741978645 144.5853351801634 54.97848130017519 138.198905557394 38.89064840972424 19.04776976257563 0.9571288377046585 0.3094152063131332 1.471837297081947 1.159990161657333 13.15609456598759 6.124696627259254 0 13.95442359894514 45.03522338718176 1.20251952111721 1.488207682967186 0.9451363980770111 11.4158836081624 1.933376155793667 0.3565963804721832 1.036362737417221 0.5004551708698273 2.155587762594223 5.984701834619045 0 31.8592387586832 22.26282677799463 39.55979941785336 1.815230868756771 5.552284710109234 1.04444957524538 0.0839213952422142 0.7517730817198753 0.09996025264263153 0.654075026512146 0.1218459978699684 0.5927169024944305 448.4244846850634 78.54635415226221 0.2660877108573914 0.3734843954443932 1.297833070158958 14.1013820618391 14.58147697150707 20.73307743668556 23.14022510498762 11.38830947875977 24.7718051224947 4.000665210187435 7.470651626586914 3.838470093905926 0 0.2417519688606262 0 0.4516898691654205 0.2528684139251709 1.34765388071537 0.1707648187875748 274.9955428615212 92.12893989682198 66.4584027826786 1239.560488648713 216.5435952916741 925.6741850674152 320.453425757587 328.2414394468069 132.0076205059886 17.53422721475363 394.4572540149093 128.0652644634247 21.8039007037878 83.9848520308733 7.68947497010231 101.377421811223 9.343005299568176 0.4372484683990479 33.72078757733107 45.71139108389616 7.260062970221043
