0 4878.029769174755 997.7130850926042 2305.413437858224 80.99565670639277 156.151792421937 946.351413205266 158.8313993290067 62.74216622114182 2117.846816636622 186.678848400712 125.3147924244404 152.6733464673162 59.28337711840868 0.6197831183671951 1.521568715572357 0 0 0 0.09810881316661835 0.1411628127098083 0 0 0 0 0.1199832558631897 0 0 0 0 467.5102943703532 3.778534851968288 5.59239736199379 0 0 0 6.264281995594501 0 0.5274070501327515 0 0 0 0 0 0 0 10.7881220728159 2.066049925982952 0 0.212577112019062 0.3481018617749214 0 0 0 3.472835674881935 2.108655214309692 46.18193311244249 531.3116600066423 1.325991652905941 3.454376347362995 0 2.136871337890625 0 12.94850228726864 1.085997499525547 1.259748741984367 0.9632229506969452 0.7056218907237053 0.1637347489595413 0.07852745801210403 9.533341571688652 2.02287745475769 0 85.1025210544467 30.00664405524731 7.592466920614243 3.410646207630634 1.506280139088631 0.8040707409381866 5.402442134916782 0 1.683852434158325 3.853105574846268 0.2398224547505379 1.484133824706078 0.966260738670826 0.09801087528467178 0 0.6098970770835876 0 0.1184157729148865 0 0.2656967043876648 0 0 33.73762357234955 11.18519414961338 0 0 843.7089204192162 0 2.036102637648582 1.577764391899109 0 0.9820859134197235 12.63655431568623 0 4.760211005806923 150.0591771602631 4.692615523934364 0.5596802830696106 3.031346052885056 3.590884551405907 2.862520396709442 4.602514639496803 0.2073252350091934 0 0 0 0 0 0 0 0 0 0 0 0 0 0 0 0 0 0 1.286252409219742 3.949570715427399 0 0 0 3.278082460165024 1.53063939511776 1.261485502123833 0.4774619936943054 0 0 0 0 0 0 0 0 0.4443572461605072 0.8884572386741638 0 0 0 0 0 0 0 0 0 2.093766808509827 0 0.3957320749759674 0.4576748907566071 3.699876815080643 0 0 0 0 0 0 0 0 0 3.214649379253387 0 0 0 0 1.264014929533005 1.214589178562164 0 1.804718039929867 0.367099791765213 0 0.6791874766349792 0 0 0 0 0 0 0 0 0 0.7863446474075317 1.051327288150787 3.309396386146545 26.29786187410355 3.99963640421629 37.01123002171516 13.69618293642998 462.265847183764 4.914005696773529 1.08083825558424 7.168017782270908 0.6601307392120361 0 0.883255809545517 0.250372439622879 7.122984051704407 0.6163372993469238 0 0.6338282227516174 0.3073291182518005 0
4878.029769174755 0 3477.029822573066 1003.848287142813 2225.034705922008 220.0877792835236 4231.29787953198 882.4248791784048 562.5785394310951 1267.151756003499 1310.13531960547 210.7658377885818 463.3742429539561 232.7116450220346 21.9773992523551 12.07540828734636 0.2355339899659157 0.1205259263515472 0.3263955637812614 0 0.4756554141640663 0 0 0 0.4106112495064735 0.2253711000084877 0.3250489085912704 0.2812923341989517 0.4699075073003769 0 2062.228280678391 29.22122227400541 54.38818553835154 0 0 0 52.89334682375193 4.998336017131805 5.804734013974667 0.2506961077451706 0.1923113986849785 0.7612249329686165 0 0.7158890664577484 0.7638238966464996 0.5283737331628799 203.4081065878272 7.972714692354202 0.7542005926370621 0.5963090509176254 4.337603099644184 0 0.107561893761158 0.1138459220528603 11.41113413870335 11.98471187055111 19.17550674825907 1048.165817990899 3.228594958782196 47.10919411480427 1.35626956820488 16.03932293504477 0 138.614463314414 6.717145599424839 11.50781497359276 5.668563693761826 5.35360137373209 0.3666321635246277 1.882702700793743 156.0567359700799 20.04510971158743 0 285.8903185725212 271.7178778126836 141.610238365829 91.51153787225485 13.12005770951509 15.19252525269985 87.92464853823185 0.6252648830413818 15.7827847674489 20.35847649723291 0.7494754120707512 7.453031420707703 11.33450835198164 3.190796732902527 0 3.907944552600384 0.1149726733565331 2.380640298128128 0.6877366155385971 1.249867856502533 0.7281178906559944 0.2948203757405281 173.9108725339174 94.62336045503616 0.4099283516407013 10.20586137473583 1744.670036062598 15.58607871830463 8.244648471474648 10.92900282144547 8.448615849018097 5.37520295381546 246.5626092106104 1.778569847345352 95.90518534183502 320.067273542285 64.27047590911388 4.614542081952095 74.11371879279613 65.01432460546494 81.6803280711174 47.88925144076347 0.4100475907325745 0.3577372133731842 0 1.22584043443203 0 0 0 0 0.9565955847501755 0 0 0 0.4687772393226624 0 0 0 0 0 0 26.64173167943954 15.65397161245346 0 2.788042426109314 0.7813907265663147 30.48787380754948 8.984072647988796 27.6432307139039 2.995172746479511 0.5842750668525696 0 0.3184634447097778 0.1866153031587601 0.2555085420608521 0.112196609377861 0.3265236169099808 0 3.276411533355713 2.721371591091156 0 0 0 0 0 0 0.3911150097846985 0.3459510505199432 2.76191258430481 10.44034200906754 0.1286070197820663 0 6.295139484107494 70.88981706649065 6.339215561747551 0.5620822906494141 0.175020843744278 0.139487624168396 0 0 0 0 0 75.98016422986984 3.308902367949486 0 0.2348756343126297 0 35.8713725283742 23.04874920845032 24.64343985915184 5.346622869372368 16.5790614336729 2.885891869664192 1.902643144130707 0.6892562210559845 0.4644584655761719 0.1724982112646103 0 0 0.1733522564172745 0 0 0.1225335225462914 16.21862009167671 14.1813600435853 10.51146178692579 278.6098032817245 40.46038195490837 319.2290713116527 125.4625848606229 779.2826018258929 31.48581033200026 8.397062487900257 67.85980556160212 16.69476787000895 0.8935280591249466 15.6080913618207 6.644102871417999 18.73994900286198 3.874640189111233 1.492186732590199 6.878226101398468 0.1911890953779221 0.1689956188201904
997.7130850926042 3477.029822573066 0 106.8958332911134 1377.531732164323 21.57523354887962 358.22873480618 5227.58397077769 1632.753029227257 74.79909829050303 3323.222814813256 59.36911118030548 253.9192625656724 487.3544246554375 43.13856402784586 69.38421974331141 5.075464464724064 4.635694652795792 2.695501558482647 5.00620824098587 16.83159373700619 0.1292945742607117 1.412015557289124 0.357783168554306 1.514987140893936 3.699474282562733 0.1382815092802048 0.989138238132 0.4101456478238106 0.136482298374176 2951.762737087905 486.5625725537539 98.79656583815813 1.079782038927078 0.1522527188062668 2.250079065561295 72.27708490937948 19.94013580679893 11.1469149440527 2.337987706065178 11.97963562607765 6.936833396553993 4.316858410835266 2.690323606133461 1.799333289265633 4.050444729626179 353.8430268093944 11.69486226141453 3.915763683617115 18.56659939885139 7.444788955152035 0.3766326382756233 0.7096918672323227 1.516111962497234 11.31706048548222 12.02857790887356 11.50102296471596 1510.227833971381 4.988540522754192 58.08897095173597 25.31052308529615 67.9939915984869 0.5095085427165031 591.3198059052229 7.437818691134453 14.75906095653772 6.213103011250496 27.39685612916946 15.74867480993271 60.90875560045242 163.502889893949 23.79502384364605 0.3356968462467194 316.3096762374043 464.9241874143481 215.8109932467341 220.2753052711487 59.01113599538803 194.7106147706509 905.0592972189188 10.90517286211252 132.2889075651765 24.52574040740728 0.7922981381416321 9.517406292259693 9.890565056353807 18.59992447495461 0.1555179879069328 3.520300135016441 0 2.374066568911076 1.060479827225208 37.83663279563189 2.884488143026829 4.402267277240753 118.8387294709682 116.1699447482824 0.805261105298996 15.15834037959576 566.2959066480398 18.76960647106171 5.198875769972801 8.14790290594101 5.470450162887573 6.223168060183525 166.2654604762793 1.098484635353088 61.57560808956623 20.7677144408226 25.74216738343239 4.214932858943939 60.91976384818554 30.3188324868679 61.05070559680462 49.63507525622845 0.604598730802536 0.2921274304389954 0 0.1133223697543144 0 0 0 0 2.580069109797478 0 0.1327222734689713 0 1.128070138394833 0 0.239481657743454 0 0 0.2829887270927429 0 18.1608721613884 26.49433593451977 0 4.383209139108658 2.096048206090927 30.03218474984169 10.13824481517076 40.99629630893469 5.67029082775116 1.739393524825573 0.1369919180870056 1.696570582687855 0.5201326608657837 0.3560653403401375 1.667214915156364 0.3501123040914536 0 5.752986699342728 4.455949023365974 0.1675439924001694 0 0 0.1125910356640816 2.108279384672642 0 0 0.158780962228775 1.345113933086395 8.884203806519508 0.9457899928092957 2.581690698862076 2.133606985211372 71.07340677082539 5.287001490592957 0.7810737490653992 0.4382959306240082 0.5489643737673759 0 0 0.4544984176754951 0 0.7607375904917717 69.71822088956833 6.959898874163628 0 0.4557127207517624 1.133592881262302 37.31581749022007 26.55246018618345 26.25402171909809 5.693570271134377 17.97586740553379 4.320687741041183 2.181058883666992 0.4628134667873383 0.2499538660049438 0 0 0 0.3012782409787178 0.2779888808727264 0.1196683272719383 0.1186726093292236 26.50038228929043 21.028568983078 15.85987430810928 501.0562044978142 56.60657601058483 523.4985652863979 187.4663273245096 149.1436479464173 38.25591976940632 6.181758865714073 146.9436292797327 18.84271389991045 1.346537783741951 22.31191434711218 6.717726171016693 25.12226831912994 1.660875886678696 0.2557186260819435 4.412025295197964 1.257086753845215 0.2030603140592575
2305.413437858224 1003.848287142813 106.8958332911134 0 20.39444337040186 519.2747287005186 211.9940189346671 3.259904980659485 32.92953334748745 2334.885729812086 11.54244113713503 1379.456767231226 1428.753973349929 270.2021769285202 1.450100474059582 0.9006307870149612 0.1379646062850952 0 0 0 0.1862139403820038 0 0 0 0 0 0 0 0.1399586349725723 0 190.4203099086881 0.6991141512989998 2.911062948405743 0 0 0.2342807203531265 2.796089597046375 0.1239794045686722 0 0 0 0.1179496645927429 0 0 0 0 26.79829353839159 1.715963631868362 0.08550586551427841 0.203580766916275 0.4575721472501755 0.1062950417399406 0 0.1172256097197533 2.116313606500626 2.578135393559933 6.541355863213539 281.0443604886532 1.037808626890182 7.25874387472868 0.5475392937660217 0 0 13.74167132377625 1.930011369287968 3.028440855443478 0.8304831013083458 1.000726908445358 0.1053783372044563 0 31.0160930454731 1.061499491333961 0 92.85529766231775 47.66620726883411 16.6497213691473 4.400907434523106 1.014423586428165 0 1.40276350826025 0 0.5317341983318329 4.534441441297531 0.2810300588607788 1.852528296411037 1.995333105325699 0.4055276736617088 0.09947065263986588 0.7117496579885483 0 0.4396197572350502 0 0 0.09586201608181 0.09634088724851608 131.5225156098604 2.596187621355057 0 0 278.5945621877909 0.7461298406124115 0.1765363067388535 2.407831311225891 2.639159381389618 1.016514629125595 33.08146964013577 0 11.97860383987427 37.48815736174583 16.70122718811035 0.2036048471927643 11.69408532977104 6.846050202846527 9.330218598246574 2.948180437088013 0 0 0 0 0 0 0 0 0 0 0 0 0 0 0 0 0 0 0 0.5136682391166687 0.6654077172279358 0 0 0 1.040957555174828 0 0.3404776901006699 0 0 0 0 0 0 0 0 0 0 0 0 0 0 0 0 0 0 0 0 0.3762959241867065 0 0 0 2.568765997886658 0 0 0 0 0 0 0 0 0.6794451475143433 2.848356194794178 0.2565852403640747 0 0 0 0.1581605225801468 0.1297800987958908 0.164247453212738 0 1.027046620845795 0 0 0.09823210537433624 0 0 0 0 0 0 0 0 3.236892431974411 0.1798029541969299 0.09967152774333954 48.84773922711611 6.013969548046589 53.68347603082657 22.71689501404762 195.922172665596 4.668185263872147 1.121198438107967 11.27079821377993 0.7343491017818451 0.1090970635414124 0.6557868719100952 1.929987467825413 2.846665889024734 0.1295508593320847 0 0 0.4298100620508194 0
80.99565670639277 2225.034705922008 1377.531732164323 20.39444337040186 0 46.61043355613947 4296.515582956374 59.14308403432369 5277.839988410473 620.9602148234844 1806.716451272368 167.249184332788 2377.954496778548 144.8264973536134 40.62163969874382 31.68665694445372 0.4889812022447586 0.2435856983065605 0 0 0.7558991312980652 0 0 0 0 1.165403433144093 0 0.3737409040331841 0.4342077076435089 0.1358253806829453 247.6338604092598 68.89066805690527 16.70840959250927 0 0 0 16.60061925649643 0.5260392725467682 1.528932802379131 0.535250723361969 0.8603642880916595 0.796317957341671 0 1.765433013439178 0.1008577570319176 0.8224454075098038 379.3441465422511 6.526485711336136 0.1243015006184578 0.6631683856248856 4.289733976125717 0.3670565038919449 0.2455350607633591 0.5373809486627579 6.208448924124241 10.07752030342817 8.033485598862171 182.3938700780272 4.811243414878845 68.53979327529669 1.069950811564922 0.7666455656290054 0 128.365465156734 6.509906180202961 9.238779455423355 4.569443449378014 5.911341458559036 0.3966441079974174 0.4431594237685204 75.8253228738904 3.935934275388718 0 174.1767711117864 228.1422142013907 261.0275945141912 224.3687835633755 35.79994277656078 2.143403090536594 15.32028400152922 1.152184747159481 3.131859794259071 14.12416431307793 0.7170230150222778 6.129106946289539 10.88981007784605 1.766998924314976 0.1647499278187752 2.433858595788479 0 2.640053451061249 0.4865503683686256 0.3176050931215286 0.3217046186327934 0.2113812193274498 260.8679629787803 21.82236389070749 0.3728511184453964 2.03225639462471 51.28079531341791 17.86384746432304 7.413074687123299 16.45552261173725 14.0379768460989 14.05081705749035 709.1986022889614 4.781917452812195 283.1564216464758 156.8985363543034 164.1787057369947 12.79992094635963 283.7428342550993 173.2629478871822 241.2032037526369 88.68865029513836 0.09755381941795349 0.1342880874872208 0.2699518501758575 0 0 0 0 0 0.1237957328557968 0 0 0 0.9839013814926147 0 0.3177472352981567 0 0 0 0 34.21828258037567 32.76843786239624 0 1.876969963312149 0.7127870470285416 20.01833960413933 4.145263910293579 20.93192108720541 2.049420736730099 1.169821590185165 0 0 0.1826938092708588 0.2452700585126877 0.984194815158844 0.7268992066383362 0 4.722860872745514 5.296391002833843 0.1467082947492599 0 0 0 0.1647693663835526 0.1218777149915695 0 0.2613035440444946 2.78489588946104 6.142011612653732 0 1.134016394615173 2.308253221213818 63.97467460483313 6.746669210493565 0.5543437898159027 0.7072727307677269 0.3399311304092407 0.1147453039884567 0.1801691204309464 0 0 0.1921101063489914 135.83302731812 1.69009505212307 0 0.3097429275512695 0.2358226850628853 51.61339212954044 15.12835113704205 21.64446285367012 6.842023909091949 15.08991460502148 2.212069787085056 4.647178485989571 0.2108069211244583 0 0.1288945227861404 0 0 0.9108389019966125 0.2223786115646362 0 0.1271486282348633 95.46267941594124 20.9135507196188 7.296460047364235 479.5440341308713 69.32448497414589 443.1790723949671 195.1658602058887 148.8092579767108 44.14986631274223 5.115256145596504 158.7916202023625 12.93317450582981 1.430833958089352 20.16237895190716 5.249982558190823 19.36592890322208 2.117376007139683 0.5653273016214371 2.847164861857891 1.344341762363911 0
156.151792421937 220.0877792835236 21.57523354887962 519.2747287005186 46.61043355613947 0 283.1767592132092 4.43860687315464 80.44794987142086 2482.980511941016 4.760711513459682 385.1839985996485 291.5120389014482 78.88453359901905 0.20541150867939 0.5160859525203705 0 0 0 0 0 0.5350468307733536 0 0 0 0 0 0 0 0 137.3430248722434 1.239084169268608 6.450686618685722 0 0 0 13.77894085645676 0.3424012362957001 1.443798378109932 0.1188154816627502 0.2398746013641357 0 0 0 0 0 5.383602097630501 0.4057967439293861 0 0 0.1956182569265366 2.021899253129959 0 0 0.697210356593132 0.7384282127022743 210.3771338164806 316.1124115362763 5.097719460725784 1.546890743076801 0 1.389444425702095 0 1.883552819490433 0.8928906470537186 0.6515122428536415 0.1816196441650391 0.2153560593724251 0 0 70.34501411020756 63.19459895789623 0.6106397658586502 41.27324689179659 10.11703990399837 3.671309605240822 0.3561396598815918 0 0 1.749389946460724 0 1.325247675180435 2.122833117842674 0.4405414164066315 0.5166653022170067 0.6861689686775208 0 1.47693333029747 0.9397204592823982 1.539113655686378 0 0 0 0.1200473383069038 0 523.6689090430737 166.5584956109524 2.314125895500183 6.752745732665062 1276.536717057228 0 0 0 0 0 2.922768235206604 0 2.317045494914055 1.820447042584419 0.3183093369007111 0 2.016955316066742 0.5743294954299927 2.266363486647606 0.7461149543523788 0 0 0 0 0 0.1502390801906586 0 0 0.2629978954792023 0 0 0 0.172744557261467 0 0 0 0 0 0 0 0 0 0 0 1.072233185172081 0.9247163087129593 0.6891757845878601 0.5856267660856247 0.3710480183362961 0 0 0 0 0 0 0 0 0 0 0 0 0 0 0 0 0 0 0 0 0.6319084316492081 0 2.692415475845337 0 0 0 0 0 0 0 0 0 0.9425027221441269 0.8840077817440033 0 0 0 0 0.1890718787908554 0.2598294615745544 0 0 0.2080155909061432 0 0.2177880108356476 0 0 0 0 0 0 0 0 0.3937366008758545 0 1.350631564855576 12.06788907945156 1.543089978396893 15.74435643106699 7.090174064040184 265.195544295013 1.64933018386364 0.1663451641798019 2.143546745181084 0.2676877975463867 0 0.1485617011785507 0 0 0 0 0 0 0
946.351413205266 4231.29787953198 358.22873480618 211.9940189346671 4296.515582956374 283.1767592132092 0 46.25401886552572 1949.848216071725 2353.535492055118 370.4706410616636 771.7244119420648 2001.268900036812 1106.209160633385 25.18421559780836 18.77098388969898 0.7131164744496346 0 0 0 0.381863571703434 0 0.1247832924127579 0 0.3246902972459793 0.438950389623642 0 0.3640259727835655 0.8831788673996925 0 279.7543755024672 28.37283839285374 19.84026742726564 0 0 0 14.50739153474569 0.7749169915914536 1.189968042075634 0.2701589837670326 0.2269997894763947 0.4995706081390381 0 1.035559177398682 0.4641302227973938 0.5339359268546104 213.1207536160946 4.345607452094555 0.1227303892374039 0.6457179039716721 3.772844187915325 0 0 0.3309358805418015 5.237103715538979 8.177081294357777 14.55750644207001 322.7986387014389 3.826528556644917 40.72012045234442 0.4809118360280991 2.163609720766544 0 74.61870163679123 3.197745628654957 6.659694075584412 3.924853391945362 4.547848589718342 0.4050325378775597 0 62.3484243825078 1.717594534158707 0.2427308559417725 168.4645117372274 163.1634180396795 142.9635824561119 96.68848404288292 21.61383104324341 0.2333231568336487 9.760881438851357 0.621375247836113 1.499141730368137 14.21220923960209 0.6761680096387863 3.70070057362318 6.963613137602806 2.744366876780987 0.105597160756588 1.378970876336098 0 2.320909060537815 0.203800730407238 0.7434317469596863 0.2316356599330902 0.4440416842699051 600.0057583898306 19.48304602503777 0 1.109441839158535 196.1430301070213 18.24025400727987 15.67745584249496 23.86319690942764 18.81956087052822 15.95506617426872 906.734547547996 3.53723569214344 320.4750189557672 217.5460927635431 240.3341332674026 14.90392476320267 347.3970912843943 215.1208954900503 282.4169797152281 77.16260980069637 1.416488990187645 0 0 0.1266073435544968 0 0 0 0 0.2389314100146294 0 0 0 0.4579904675483704 0 0 0 0 0 0 36.55564361810684 24.66989856213331 0 2.91767480969429 0.5123227536678314 19.23140142858028 4.034741312265396 13.02154662460089 0 0.934024952352047 0.5524076670408249 0 0 0.1193673983216286 0.8241493031382561 1.849748320877552 0 4.84556345641613 5.235018894076347 0.1752616167068481 0 0 0 0 0 0.134804755449295 0.1882876381278038 1.664535835385323 11.09910596907139 0.2295337170362473 0.6700280010700226 3.365598410367966 50.87447659671307 1.475835800170898 0 0.5178316012024879 0.09450150281190872 0 0.5602453649044037 0.08413625508546829 0 0.68097984790802 133.9497217386961 7.566771753132343 0 0 0.1981298178434372 43.76170699298382 8.544675789773464 13.30678903311491 7.647937014698982 11.11674966663122 2.738497719168663 1.338425293564796 1.049729391932487 0 0.152832105755806 0.08622193336486816 0 1.417888700962067 0.80464106798172 0 0.09905698895454407 131.1496388316154 14.11895671486855 4.814542338252068 355.3632876798511 39.79800903052092 299.3946070745587 123.6287503540516 387.6558942943811 27.88506958633661 5.08307795971632 120.8519784137607 11.09977925568819 0.5196065455675125 17.39848740398884 3.911086410284042 36.89893850684166 1.967321515083313 0.4672162979841232 2.793675191700459 1.342226661741734 0.389746829867363
158.8313993290067 882.4248791784048 5227.58397077769 3.259904980659485 59.14308403432369 4.43860687315464 46.25401886552572 0 1407.389678455889 8.640816271305084 2039.663755528629 62.16374595463276 397.360522672534 888.9779145643115 79.41387915611267 141.6539072841406 7.89447832852602 13.21280125528574 1.765861123800278 9.910894453525543 42.23293682187796 0.6379871219396591 3.991040974855423 0.3759559243917465 2.046919792890549 7.032016083598137 0.5956356972455978 0.8033765181899071 1.345738381147385 0.1206530630588531 682.2554210945964 2789.624578312039 93.71333099156618 8.804883882403374 2.181999117136002 3.145038828253746 52.21131750941277 43.69265642017126 10.3837663680315 3.955876603722572 22.33045998215675 12.77085454761982 11.70877463370562 16.99651382118464 13.13043613731861 8.167404823005199 405.9168331697583 10.67066790163517 10.27906055003405 36.68488475680351 7.829021632671356 0.9593646451830864 0.4721401706337929 3.915762796998024 6.4134556427598 5.752275660634041 7.242195889353752 243.0005025267601 4.644879713654518 46.19144036620855 169.5103200227022 202.9957506507635 7.130831159651279 274.3221369385719 2.956740014255047 13.39895486086607 3.77144181728363 43.77304854989052 29.48210943490267 133.2763660103083 32.15978337824345 5.105169981718063 0 159.8405130058527 253.6458500549197 272.4688189849257 374.99612069875 819.940923884511 1068.080730870366 2196.320802792907 139.9153048321605 1141.434187844396 10.60776774585247 0.4035660028457642 6.90244834125042 6.400075137615204 37.86231333762407 0 2.737809970974922 0 2.84854681789875 0.4644450396299362 72.4027538523078 5.4260139092803 7.820320412516594 25.77537812292576 19.33706710487604 0 8.067766778171062 84.93221198022366 3.626146018505096 0 3.048592031002045 0.3829941153526306 1.694227129220963 43.87181225419044 0.3103005886077881 19.20070198178291 9.879610374569893 4.347009629011154 0.9546643495559692 12.42026373744011 6.979851871728897 17.03734555840492 9.229929283261299 0.1726486533880234 0 0 0 0 0 0 0.1300100535154343 2.82994819432497 0.3317455947399139 0.820914663374424 0 1.777495518326759 0 0.1655165106058121 0 0 0.144532710313797 0 3.795062959194183 4.251549512147903 0 2.538130044937134 1.226065874099731 6.752315849065781 4.110612146556377 8.410419680178165 3.02043054997921 3.298930376768112 0.1724214851856232 1.056235954165459 0.09210872650146484 0 0.5433933138847351 1.487402737140656 0.7464099526405334 0.6787863075733185 0.2954976558685303 0 0 0.9068261086940765 0.3486339002847672 5.435957677662373 0 0 0.2073332220315933 0.2687888741493225 0.8589146211743355 0 0.5188716799020767 1.104013919830322 11.65238785743713 0.9830484241247177 0 0 0 0 0.1141397207975388 0 0.1464492678642273 0.7682183980941772 16.87272124737501 3.518712982535362 0.1387239098548889 0.365924671292305 2.508646115660667 7.161418125033379 6.706297352910042 3.090618029236794 0.6971216797828674 4.197128713130951 0.8914031609892845 2.352021664381027 0.2035623639822006 0 0.07957637310028076 0 0 0.1794336438179016 0.09402203559875488 0.1243121027946472 0.4239591285586357 3.530424073338509 2.979992881417274 2.946693129837513 599.1479910090566 53.49041119962931 564.8294381648302 185.4438592344522 47.9958925768733 43.21964876353741 3.008086413145065 208.5861390829086 5.738181561231613 0.1415514498949051 4.56930885463953 2.155611045658588 4.003622189164162 0.3715602457523346 0.1599965542554855 1.566909432411194 1.436162114143372 0
62.74216622114182 562.5785394310951 1632.753029227257 32.92953334748745 5277.839988410473 80.44794987142086 1949.848216071725 1407.389678455889 0 369.4336155354977 5857.812830217183 118.6024807617068 2897.662565782666 574.1487312689424 28.04126418381929 42.94297330826521 0 0.2758676409721375 0.09906955808401108 0 0.2447151467204094 0 0 0 0 0 0 0.3767855912446976 0 0.1171697974205017 56.4546482115984 51.30007372796535 12.23219382017851 0 0 0 11.06726793199778 0.2892064154148102 0.7910212874412537 0.5643680095672607 0.2827741429209709 0 0.1611796021461487 2.630180805921555 0.1735941618680954 0.09239638596773148 150.0168672055006 2.22611578553915 0.1704214215278625 0.5059869661927223 1.193910703063011 0 0 0 2.08014877140522 3.112914979457855 6.873874552547932 41.48866454511881 3.049691326916218 19.16053373366594 0.9567817002534866 4.459115147590637 0 41.54771473258734 0.9680146127939224 2.271572798490524 1.241131216287613 2.051729008555412 0.4399809241294861 0.228470578789711 29.7940741032362 1.117805920541286 0 47.62716688960791 52.58991210907698 92.18964756280184 98.80591225624084 36.96642304211855 0.9770359396934509 10.87787313014269 0.6596122682094574 1.395377419888973 2.448539420962334 0.08348526060581207 1.883861027657986 2.334754340350628 0.408510223031044 0.07306016981601715 0.6347111389040947 0 0.3887631073594093 0.361258789896965 0 0.2776400297880173 0.7306089252233505 409.1976594626904 9.743956908583641 0 1.45558824390173 46.72048832476139 15.19441099464893 8.242101222276688 18.24348758161068 8.515800148248672 11.59173448383808 590.4525580555201 2.653064072132111 226.9532005265355 120.9261448681355 124.6760078966618 8.862493723630905 247.4403152912855 150.393261000514 217.4064280092716 78.36294563859701 0.6867169588804245 0 0.1832521110773087 0 0 0 0.2218769937753677 0 1.153568863868713 0 0 0.3113948404788971 0.1016481295228004 0 0 0 0 0 0 26.48411737382412 22.69076335430145 0 0.4996329694986343 0.1749768704175949 14.42043714225292 1.83696161210537 10.96219848096371 0.5862700939178467 0.7218858599662781 0.2981001660227776 0 0 0 0.4141568541526794 0.3499548733234406 0 2.699222549796104 2.887500956654549 0 0 0 0 0 0 0.3718437254428864 0.1760406047105789 4.041603177785873 5.012609004974365 0 0.338377058506012 1.237536206841469 34.32418718934059 4.548305667936802 0 0.2752430737018585 0.1275756508111954 0.1900602728128433 0.5956266522407532 0 0 0 122.941111177206 4.496529147028923 0 0.3388746976852417 0.387450747191906 37.30789285898209 5.40016596019268 7.67924952507019 3.998480699956417 9.88040865957737 2.692815624177456 2.239608660340309 0.1319631636142731 0.6103364080190659 0.1133635640144348 0 0.3198462128639221 0.5587638691067696 0.2915412783622742 0.3196038901805878 0 114.5932932198048 12.75769300758839 3.52843813598156 418.3155953213573 27.35672706365585 233.5973077788949 96.1594692915678 163.2961532250047 30.58804843574762 2.16118162125349 158.2655330225825 6.768764808773994 0.8141268491744995 15.94142458587885 3.562928333878517 15.60366314649582 1.479099318385124 0.3292291164398193 1.369196623563766 2.741178497672081 0
2117.846816636622 1267.151756003499 74.79909829050303 2334.885729812086 620.9602148234844 2482.980511941016 2353.535492055118 8.640816271305084 369.4336155354977 0 31.27916519343853 2432.447040066123 3892.760700717568 514.9855526834726 5.08712712675333 3.870922192931175 0 0.2863794788718224 0 0 0.1764930486679077 0 0 0 0 0.1174736097455025 0 0 0 0 365.637658521533 5.722005896270275 11.71236386150122 0 0.159279927611351 0 15.92684202641249 0 1.192623667418957 0.1278033256530762 0.1119263768196106 0.186636671423912 0 0 0 0.1455469578504562 82.05996702611446 6.358626328408718 0 0.4898619577288628 1.205775000154972 0.09011685103178024 0 0 7.452817857265472 6.526809118688107 87.66832569986582 615.6271899566054 3.559282146394253 17.94296391308308 0.1641212403774261 0.9381526410579681 0 36.406993098557 3.413528718054295 5.634415604174137 2.392040453851223 3.045265033841133 0.9532023519277573 0.1628580391407013 122.5225819349289 16.44490346312523 0.5382762551307678 215.5125722810626 114.5475853309035 50.12249404191971 21.00973646342754 4.725515253841877 0.1001788973808289 7.250585429370403 0.1334246248006821 0.9780430048704147 10.71217210590839 0.5052545443177223 4.536647208034992 4.806418120861053 1.442815244197845 0.3479858487844467 1.491732031106949 0.4933264553546906 0.7954338267445564 0.313116654753685 0.2282296121120453 0.1016020178794861 0.2457027435302734 1127.348409995437 23.023158878088 1.01795420050621 1.674866899847984 1147.823199890554 11.72524005174637 12.47104005515575 18.71011640131474 17.53916305303574 6.213991150259972 611.7865725755692 1.932829484343529 190.6948318481445 156.346854493022 187.5585442483425 4.815306812524796 211.5040770769119 138.518622264266 191.6536965817213 31.72164043784142 0 0.1537353843450546 0 0.3085987567901611 0 0 0 0 0.1692133247852325 0 0 0 0 0 0 0 0 0 0 6.354812115430832 6.775068759918213 0 0.494190089404583 0.2725281119346619 7.097077175974846 0.3156478404998779 5.526147231459618 0.3109382688999176 1.05045310407877 0 0.1187092959880829 0 0 0 0 0 0.6567310094833374 2.73413110524416 0 0 0 0 0.1166319102048874 0 0 0 1.039055362343788 2.527541182935238 1.344278916716576 0.8960474207997322 0.6683605015277863 12.65459728986025 0 0.2903372645378113 0.5210829973220825 0.1351961344480515 0.1939551830291748 0 0 0 0 52.87320083379745 3.524378418922424 1.464311987161636 0 0.7771698087453842 17.49553662538528 3.065546549856663 7.398634508252144 1.303049862384796 5.588056609034538 0.7567720264196396 0.2166806608438492 0.1421898007392883 0 0 0 0 0.1487594395875931 0.3912690132856369 0 0 113.8317182511091 13.65215880423784 3.015097364783287 155.9979272037745 16.7382275313139 173.2578618228436 75.48608047515154 1409.142351962626 19.66214049607515 2.63840290158987 37.21450932323933 6.840265102684498 0.1673060059547424 7.302960507571697 2.034747511148453 23.21738938987255 1.211813434958458 0.1921383887529373 2.51003186404705 0.4760807007551193 0
186.678848400712 1310.13531960547 3323.222814813256 11.54244113713503 1806.716451272368 4.760711513459682 370.4706410616636 2039.663755528629 5857.812830217183 31.27916519343853 0 323.601373821497 5723.941941477358 7149.197753533721 63.0785216987133 152.9780268296599 3.582436144351959 1.175400018692017 0.202396422624588 0.718059778213501 1.094066642224789 0 0 0.2908668220043182 0.9847770780324936 0.9382923543453217 0.117613822221756 0.2847706973552704 0.7245882749557495 0 285.0172033384442 402.4698153808713 708.4825911894441 0 0 0.8110246956348419 310.2168193161488 23.7244675680995 4.986097037792206 1.71909287571907 1.685358136892319 1.29108465462923 0.3732258230447769 8.641206927597523 0.1370593160390854 1.8969946205616 259.2279111370444 3.179472260177135 0.5662650465965271 2.079993486404419 3.227360434830189 0 0.5024489834904671 0.1074165850877762 3.158791929483414 5.465356811881065 4.303856387734413 127.0846294090152 2.99544519931078 33.25975427776575 4.639053605496883 122.6552599743009 0.9956972748041153 160.0394109115005 1.932040743529797 4.631433002650738 1.960456036031246 3.626399710774422 1.05959739536047 3.46149718016386 136.6267559528351 5.469325512647629 0 89.52588114887476 136.6872526183724 185.8400071039796 246.5664301738143 128.1034469977021 70.0248935893178 41.85867970436811 4.389860779047012 31.60926377773285 6.001270480453968 0.4089988321065903 3.38383736461401 5.180456757545471 2.704432882368565 0 0.7680236399173737 0.09896410256624222 0.8665218353271484 0.3420283570885658 4.807781964540482 2.342748954892159 0 106.6331761330366 33.17081609368324 0.3464749157428741 3.609654039144516 56.20938571542501 3.807200133800507 1.075961351394653 0.6245953142642975 0.4790663868188858 2.210897251963615 86.29618449509144 0.8702961504459381 35.64443987607956 15.659703373909 13.73867855966091 2.970087289810181 35.79658788442612 19.02929909527302 38.60442353785038 26.66127698123455 0.1276928633451462 0.6106436252593994 0 0.1632991880178452 0 0 0 0 0.7969897836446762 0 0 0 0 0 0.7131739556789398 0.2724891006946564 0 0 0 12.62980867922306 8.193273261189461 0 1.079010814428329 1.298856191337109 11.22774140536785 3.164446823298931 13.00374932587147 1.032494492828846 1.093710705637932 0 0.2210014462471008 0 0 0 0.4281875044107437 0 1.406228601932526 1.293918803334236 0 0 0 0 0.3962437435984612 0.1508821845054626 0.1676109284162521 0.4271296858787537 0.9910510778427124 4.346340596675873 0 1.059327110648155 2.740741565823555 27.17040146142244 4.083007246255875 0 0 0.101349376142025 0 0 0 0 0 40.67448796331882 1.663792416453362 0 0 0.1576351672410965 12.68729378283024 7.367308124899864 7.921333000063896 1.61477991938591 8.22300112247467 1.225914269685745 0 0.8905281722545624 0.09547480940818787 0 0 0 0.3048871234059334 0 0 0.1188199892640114 11.89628012478352 4.275105997920036 3.244123816490173 433.3496868163347 54.29157565534115 330.335221812129 138.0867221876979 39.08301390707493 37.29981432855129 3.230816185474396 182.7611958235502 4.444669336080551 0.4449740797281265 6.795323096215725 2.19364408403635 3.507190227508545 0.3462415933609009 0.2424387261271477 1.427763357758522 2.985359109938145 0
125.3147924244404 210.7658377885818 59.36911118030548 1379.456767231226 167.249184332788 385.1839985996485 771.7244119420648 62.16374595463276 118.6024807617068 2432.447040066123 323.601373821497 0 4093.910930812359 548.1951233968139 17.77866403013468 52.05096833407879 1.103236399590969 0.4017390161752701 0.3370935320854187 0.2397319227457047 0.7010087370872498 0 0 0 0 0.8362550139427185 0 0 0.1894375681877136 0 81.52255556732416 10.24357848614454 76.75505714118481 0 0 0 121.4104112535715 0.988838255405426 3.922084748744965 0 0 0 0 1.193584963679314 0.3310622572898865 0 54.47284297645092 1.011762455105782 0.5993512868881226 0.6228064000606537 0.5154187828302383 0 0 0.1771320551633835 0.7024480849504471 0.9513794332742691 8.695306099951267 60.18441385030746 1.54809832572937 3.883244425058365 2.151373416185379 8.203946828842163 0.418627992272377 14.93545997142792 0.5216133892536163 1.409004844725132 0.3141044527292252 0.8487926349043846 0.2400835752487183 0.2566902413964272 438.3585627228022 25.89571140706539 0 30.23487458378077 22.79191183298826 29.45804349333048 32.16184107214212 27.54978121817112 0.714619517326355 70.88096252083778 1.168361485004425 1.623212143778801 2.812549591064453 0 0.4836795032024384 0.625859834253788 0.2537768185138702 0 0.3523338139057159 0 0.1150647848844528 0.3585261106491089 0.2210740745067596 0.2909292802214622 0 2179.111904904246 153.7631654441357 0 5.442042730748653 113.6048720926046 18.40380649268627 6.371949642896652 15.05606873333454 3.720978617668152 10.01770384609699 379.7994127571583 1.890750780701637 145.1416817307472 77.40532818436623 66.01215606927872 6.562782928347588 192.8786308467388 108.9811618924141 231.5149449259043 116.7478152513504 1.034423291683197 0.262580394744873 0.1690024435520172 0.3373183012008667 0 0 0 0 0.2612285614013672 0 0 0 0 0.2718332707881927 0 0 0.1604530215263367 0 0 25.48288591206074 17.54033888876438 0 1.237478837370872 0.1074478551745415 45.7316572368145 5.255224734544754 24.60982385277748 1.12021017074585 0.6912074983119965 0.1935514658689499 0 0 0.8013269454240799 0.2571293115615845 0 0 2.957593962550163 2.79584139585495 0 0 0 0 0 0.1467792242765427 0.2246575504541397 0.3702378869056702 2.30805379152298 7.286641359329224 0 0.2601231336593628 1.372554183006287 77.36260950565338 5.04850497841835 0.3580079823732376 0.3637478947639465 0.1460982263088226 0.1105943024158478 0 0 0 0 156.5514692366123 5.607953563332558 0 0.2268119901418686 0 47.82378290593624 9.937666058540344 17.1954041570425 8.445137679576874 20.62036237865686 5.798040449619293 2.879034608602524 0.8779661953449249 0 0 0.1217917054891586 0 0.5841650068759918 0.297077476978302 0 0 94.97752770781517 33.70017915964127 8.839883491396904 326.7322675213218 15.18825381249189 121.5534425452352 49.40297493338585 280.6096313819289 15.46692050993443 0.931895449757576 101.1755843088031 12.92108596861362 1.005800433456898 20.69009383022785 1.867181122303009 16.23678278923035 3.27363096177578 0.4022372886538506 5.269049629569054 0.9282112717628479 0.6071211397647858
152.6733464673162 463.3742429539561 253.9192625656724 1428.753973349929 2377.954496778548 291.5120389014482 2001.268900036812 397.360522672534 2897.662565782666 3892.760700717568 5723.941941477358 4093.910930812359 0 2143.783661916852 57.83964203298092 144.2405775561929 2.755768477916718 0.6028320789337158 0.2736308872699738 0.1669121086597443 0.3897218704223633 0 0 0 0.5007852464914322 0.5160778164863586 0.1458501666784286 0.6494239717721939 0.8073924034833908 0.2959181368350983 93.45163781940937 54.61430069059134 265.1810038611293 0 0 0.3558845669031143 152.3049990907311 2.908111304044724 2.927597217261791 0 1.058665066957474 0.8429840356111526 0.131400540471077 6.164293982088566 1.082505688071251 2.297095656394958 161.8351486846805 1.050714157521725 0.1565222144126892 0.5555026456713676 2.330371260643005 0 0.1437618583440781 0.8279443308711052 2.346163406968117 2.256649300456047 14.83991995453835 75.42976158112288 4.20116164535284 13.46755843609571 2.51427586376667 37.34637777507305 0.4932375103235245 58.03949066251516 1.820102035999298 1.645762324333191 1.345691792666912 2.852750636637211 0.7752822190523148 1.015560701489449 295.7078505083919 14.87090943753719 0 49.17724288254976 48.59215857088566 108.5099882707 124.1212301552296 74.30202856659889 0.8178073465824127 147.3934279158711 0.569245345890522 6.21132880449295 3.616316623985767 0.6054430976510048 1.09600517898798 2.534750692546368 1.105365894734859 0.09748166054487228 1.094025745987892 0.2725975289940834 1.247056983411312 0.195834144949913 0.5901914238929749 0.9568701460957527 0.295447364449501 2218.847094550729 93.11930098384619 0 4.930271923542023 127.7340491488576 19.15380308032036 9.725915908813477 23.49976591765881 15.42051397264004 16.15237705409527 783.08215688169 3.735244706273079 294.3049112632871 180.9099045395851 176.0401241332293 15.94653727114201 367.9375093579292 240.6560031473637 366.7466697916389 147.4680190980434 1.287120923399925 0 0 0.6612613499164581 0 0 0.1244916468858719 0 0.6400693506002426 0 0 0 0.6077319905161858 0 0.1370609253644943 0 0 0 0 42.12678447365761 31.8989712446928 0.6050049066543579 1.20487043261528 0.4821567386388779 39.43188660591841 4.942040033638477 28.90940100699663 1.557066239416599 0.3250045701861382 0.1556942909955978 0.3188524693250656 0 0.1630236208438873 0.6335683763027191 0.5513368844985962 0 7.134440526366234 8.683735981583595 0.1055818423628807 0 0.2284398674964905 0 0.1711468249559402 0.117143452167511 0.1404101103544235 0.2798269242048264 2.351886473596096 11.15825775265694 0.7457556128501892 1.898821890354156 1.577176973223686 87.51622806489468 8.396296203136444 0.5563689470291138 0.4492225050926208 0.6274170726537704 0.1614600569009781 0 0 0.225694328546524 0.285730853676796 265.0916195362806 13.14043090492487 0.4033137261867523 0.1819249168038368 0.4217583909630775 68.36539894342422 11.42106863111258 19.19731295108795 7.456048972904682 20.17336605489254 4.378235802054405 4.678970918059349 0.7363871559500694 0.1057410761713982 0 0 0.6039391756057739 1.214978277683258 0.1326893717050552 0 0 198.3885425999761 42.90127232670784 9.636713072657585 616.3017675802112 49.16668061167002 268.3355795145035 137.6128634884953 368.5923238396645 41.72751677781343 3.208162866532803 241.4844865202904 10.40814585983753 0.7256456911563873 21.2429266050458 3.926781110465527 28.50722096860409 1.955914363265038 0.1599608808755875 4.344434298574924 3.757147237658501 0.7148353978991508
