0 3264.710525155067 699.6589979529381 2326.228088445961 216.9848000779748 391.1484644562006 713.2983979210258 271.0560233220458 254.5683562532067 767.2523132488132 750.8604532107711 42.61797185987234 252.2933647632599 403.7224784940481 12.82436129450798 4.106945008039474 0.4018591716885567 0.7240298688411713 0 0.5867814123630524 1.971686199307442 0.1542816758155823 0.8057444542646408 0.2875199913978577 1.927733033895493 3.129099011421204 1.424870669841766 0 0.1266393214464188 0.5641807094216347 792.4197106808424 4.751030720770359 34.64087119698524 0.08982283622026443 1.87898862361908 2.113941639661789 39.32850433140993 4.584668844938278 0.971191830933094 2.235034763813019 1.043317347764969 0.9994120001792908 0.1381158083677292 0.3966307193040848 0 0.1086879521608353 31.1254501119256 8.93174797296524 0.2297256290912628 0.4586677327752113 1.366928324103355 0 0 0.2071301192045212 7.213968858122826 2.723516792058945 530.6335611715913 988.2301736325026 132.7761979848146 28.34088354557753 0.6150099337100983 11.5922684520483 0.7348571270704269 28.60846863687038 11.16166512668133 4.248246565461159 2.526942908763885 5.302234522998333 3.295571967959404 4.709843590855598 20.4932177066803 2.048072978854179 0 300.1512805894017 123.0940510034561 135.7491704896092 38.79951269179583 5.407411508262157 4.330008387565613 92.95998844504356 0.1466593444347382 15.78543747961521 21.37004784494638 0 11.83510303497314 4.541759721934795 10.81791806966066 0 2.270278841257095 0 0.3321097046136856 0.5771740227937698 4.077978767454624 0.7976844981312752 0.9767716228961945 60.40962663292885 0.6995342820882797 0 0.4973926842212677 1592.000595621765 0 3.188088640570641 1.686765119433403 0.2141696512699127 0 13.82598371803761 0.2785005569458008 1.475548267364502 21.8409449160099 2.484461292624474 0 7.855319365859032 10.72416460514069 4.162761732935905 2.208428457379341 0.14871446788311 0.2163629680871964 0.2606637179851532 0 0 0 0 0 0 0 0.1685187518596649 0 0 0 0 0 0 0 0 0 1.681209206581116 0 0 0 1.018300540745258 1.234589576721191 1.780194379389286 0.3846846669912338 0.4001136720180511 0.1461881697177887 0 0 0 0 0 0 0.09387078136205673 0.7872946262359619 0 0 0 0 0 0 0 0 0 0.2243257015943527 0 0 0 0.6081551760435104 0 0 0 0 0 0 0 0 0 0.9326138719916344 0 0 0 0.3555484712123871 2.47333762794733 0.1445707231760025 0.7978592664003372 0.1981581896543503 0.2457302659749985 0.8769811987876892 0 0 0 0 0 0 0 0 0 0 1.857559718191624 0.3186048269271851 0.4973386526107788 166.3518393561244 7.887731835246086 164.1807589530945 23.53468934446573 952.5498699173331 13.45923901349306 3.697736576199532 19.37767776846886 2.861984424293041 0 1.73907658457756 0.11785489320755 9.607350528240204 0.1408363282680511 0 0 2.248222157359123 0
3264.710525155067 0 2266.810363776982 1251.439583949745 3510.861201159656 826.9747539311647 6164.849470421672 347.0928030908108 2213.819842264056 464.4694078117609 2789.520959824324 72.90205226093531 647.0701861381531 1026.369144208729 23.57382897287607 3.274410136044025 0.678610771894455 0.5196084082126617 0.2207326665520668 0.6205297783017159 3.022026039659977 0 0.4491334557533264 0.1112879440188408 2.96444945037365 3.233325853943825 0.918687105178833 0.4774253144860268 0.5829101204872131 0 2463.45321945101 8.03211385011673 30.53538532555103 0.1351295709609985 1.978827491402626 1.455377906560898 31.70448753982782 3.734720893204212 2.843757808208466 2.630423709750175 1.029153823852539 0.5793355256319046 1.536198958754539 0.6274890825152397 0.3009279370307922 1.007822535932064 159.2026044875383 16.83528204262257 0.2566570788621902 1.048290461301804 2.853787206113338 0.3069561421871185 0.09402671456336975 0.7585655599832535 11.47389574348927 5.047128677368164 270.2701105326414 951.0719921514392 117.6655556932092 78.27049226313829 1.490673020482063 8.570086076855659 0.4106618165969849 214.2180705368519 19.95161604136229 7.86098400503397 6.311542503535748 9.539295189082623 6.324776865541935 4.343194037675858 17.19630231708288 0 0.1254050582647324 373.895695194602 407.5890298560262 448.5956078469753 159.4696923866868 7.432577393949032 5.109682336449623 69.14757369458675 1.227606095373631 18.33961409330368 31.58378560096025 0 20.06768115609884 8.866144090890884 19.31192700564861 0.4151290655136108 5.576087243855 0 0.8410841152071953 0.7354960367083549 5.83972555398941 0.457533024251461 1.000835701823235 43.65545989573002 0 0 0 1090.21839492023 0 4.41114766895771 0.9174955636262894 0.9407052993774414 0.4800938814878464 13.0437086224556 0.2219172269105911 4.535806328058243 46.15351184457541 4.975629150867462 0.676619753241539 10.87725184857845 12.60087218135595 5.628186479210854 4.434678852558136 0.2596357464790344 0.1451136022806168 0 0 0.1055531948804855 0 0 0 0.1224535554647446 0.3553271293640137 0 0 0 0 0.1324078440666199 0.565901517868042 0 0 0 0 0.7861175835132599 0 0 0 2.449689835309982 1.990417197346687 2.326781913638115 0.3174526989459991 0 0 0 0.148948609828949 0 0 0 0 0 0.6231235712766647 0 0.200503021478653 0 0 0 0 0 0 0 0.3561415076255798 0.4628759026527405 0.1952742338180542 0.3173821270465851 2.206551395356655 0 0.1149042472243309 0 0 0.08802836388349533 0.1306436657905579 0 0 0 3.597516909241676 0 0 0 0.2003485560417175 3.927447363734245 1.714813813567162 0.4835446029901505 0.5535782277584076 0.7608809918165207 0.9258064925670624 0.3497278988361359 0.2374695688486099 0 0 0 0 0.103692427277565 0 0 0 2.884494423866272 0.5597410649061203 1.464106470346451 234.4705862775445 20.51578515022993 486.4371118247509 56.31258238852024 860.4912611246109 50.23727980256081 3.767653495073318 82.27509776502848 6.134106658399105 0.09525462239980698 3.060550399124622 0 7.608023226261139 0 0 0.7755774557590485 7.319721072912216 0.590418666601181
699.6589979529381 2266.810363776982 0 30.90946252644062 713.4365588277578 40.56462205946445 322.7672252729535 2669.433018103242 1299.805285230279 45.94803491979837 3450.994199320674 37.73598668724298 315.6925478801131 980.732181340456 37.93169002234936 25.95870419591665 2.534662418067455 4.812417946755886 0.6480227708816528 10.94049066305161 93.46340058743954 0.1490504592657089 32.94413660466671 15.15992551296949 23.43681228160858 44.2016075104475 22.7966006025672 4.076684944331646 0.1732670217752457 1.760525986552238 3059.277563780546 160.9917683452368 176.6154596805573 2.745012909173965 40.55758309364319 42.06372963637114 139.0274525210261 45.55470530688763 8.242303915321827 17.52899011969566 19.24249818921089 1.422393344342709 30.86134319007397 4.028702959418297 3.470068462193012 6.861050851643085 93.38272263854742 9.113310530781746 2.647599637508392 15.42438512295485 15.43413645029068 1.193679220974445 0.3803060799837112 0.3743411004543304 1.002984449267387 1.047038353979588 42.36901292204857 299.8008918315172 18.53955483436584 19.67262935638428 29.09902535378933 60.89088545739651 19.9444894939661 435.4080254808068 3.437740825116634 2.965545542538166 5.059141077101231 18.36709087342024 159.9026370793581 136.3851640969515 20.80466025322676 1.909344360232353 0 53.29910714179277 112.2238797023892 113.852230630815 110.0232820883393 19.33184675872326 178.703467823565 1241.918393567204 17.64413154125214 634.5748119428754 4.875697664916515 0.2081019580364227 5.047207921743393 1.882438078522682 25.25430648028851 0.09703011810779572 1.627429567277431 0.1247039660811424 2.788348294794559 0.8048363626003265 101.3043445199728 6.638225018978119 1.303374581038952 10.5486072152853 0 0 0.5702954903244972 209.65298576653 0 0.7583526372909546 0 0 0 2.327128112316132 0 1.474352642893791 1.793750658631325 0.6404153257608414 0.2405290156602859 2.480190075933933 3.936987787485123 1.187693409621716 2.440257675945759 0.111150860786438 0.21273073554039 0 0 0 0 0.1161136329174042 0 0 0.1410525739192963 0.6863556876778603 0 0 0.371738463640213 0.08911394327878952 1.340092197060585 0.4805675595998764 0.3720212504267693 0.1221107393503189 0 1.327557355165482 0 0 0 1.399308085441589 0.5157833769917488 2.340594753623009 0.1403383165597916 0.2079457640647888 0.6855215579271317 0 0 0.1330836862325668 0.2922335416078568 0 0.2408904209733009 0.2242187559604645 0.6378101706504822 0 0.108050063252449 0.1165024042129517 0 0.40382020175457 0 0 0 0 0.3447911441326141 0.3355135321617126 0.1245064735412598 0 1.569563202559948 0.1129796653985977 0 0.3565270900726318 0 0 0 0 0 0.09473962336778641 2.589110009372234 0 0 0 0.1119082123041153 2.639222957193851 0.5077562034130096 1.156902827322483 0.1484674960374832 0.3652272522449493 0 0.1816517859697342 0.5588701516389847 0 0 0 0 0.133674293756485 0.2084161341190338 0 0 0.9973077178001404 0.5424752905964851 1.788154512643814 83.19676276296377 9.594621546566486 161.9129970446229 38.71406181901693 60.81985226273537 17.69930921494961 0.5386192053556442 31.71166905760765 3.690375655889511 0 1.430155478417873 0.2348384112119675 2.305918216705322 0.2819196581840515 0 0.1047518029808998 2.599671691656113 0.3688510358333588
2326.228088445961 1251.439583949745 30.90946252644062 0 202.6202951520681 1253.0909762308 1820.208332754672 6.220783121883869 61.93830082565546 2646.438183896244 27.90380740910769 240.6597213894129 820.0830539241433 48.20609597861767 5.453261807560921 0.4476798251271248 0.178351029753685 0 0 0 0 0 0 0 0 0.7577159702777863 0 0.4958447068929672 0 0 174.6748633310199 0.7912426292896271 2.543931901454926 0.2053389847278595 0 0 2.148231022059917 0.2063876837491989 0.6598600819706917 0.2097642719745636 0.3378432616591454 0 0.3370300605893135 0.2522546648979187 0.1139615550637245 0.1359939128160477 59.99255046248436 6.58338475227356 0.1101953759789467 0 0.5151772424578667 0 0 0.1320429146289825 3.777928799390793 1.820714928209782 71.9374016225338 148.9890000298619 36.27899987995625 32.3107658624649 0.2045715749263763 0.1041505932807922 0 58.88986725360155 6.631394289433956 3.450251743197441 1.806609652936459 4.125998988747597 0 0.386281818151474 4.354118183255196 0.4565897881984711 0 134.6193985119462 134.3129403889179 170.2145137414336 46.32819700986147 1.00563357770443 0.2267617434263229 3.433318786323071 0 0.1338340044021606 11.17416217178106 0.1670517474412918 7.407500445842743 3.052429609000683 7.294947661459446 0 2.356802321970463 0 0.6231363043189049 0.09894715994596481 0.2703136131167412 0.093194879591465 0.25603848695755 114.9653109014034 0 0 0 381.3906912729144 0.1785210222005844 3.819726377725601 0 0.4825535863637924 0.4355531930923462 17.72374658286572 2.238032981753349 3.725910007953644 48.13497494161129 6.389237463474274 0 15.05783642828465 12.98015384376049 4.476971283555031 5.595996543765068 0.3001704812049866 0.4496416822075844 0 0 0 0 0 0 0 0 0 0 0 0 0 0.2518670856952667 0 0 0 0 1.248965740203857 0 0 0 0.7004123628139496 0.9399708434939384 1.109958291053772 0.5592542290687561 0.1498771905899048 0 0 0 0 0.1752603948116302 0 0 0.2542423605918884 0.4275027066469193 0 0 0 0 0 0 0 0 0.268274337053299 0.7639010474085808 0 0 0 2.010171845555305 0 0 0.09747202694416046 0.2731654345989227 0 0 0.1155016422271729 0 0 3.398575268685818 0 0 0 0 3.189925208687782 0.5168436914682388 1.241180658340454 0.2540553510189056 0 0.1916984766721725 0 0 0 0 0 0 0.1382534205913544 0 0 0 4.38898791372776 0.2781515121459961 1.442892238497734 131.5332630798221 6.03296385705471 185.9358724057674 19.19015278667212 972.0932994484901 21.21748721599579 1.022871389985085 27.15659394860268 2.345746919512749 0 1.636768236756325 0 10.69839513301849 0 0 0.6040788143873215 0.1880553215742111 0
216.9848000779748 3510.861201159656 713.4365588277578 202.6202951520681 0 47.66414195299149 3579.363925293088 81.48972523957491 5344.060883395374 894.7975755408406 868.3205306977034 134.8319279327989 897.5076945275068 409.457173101604 48.19110850244761 4.036057434976101 0.6273924931883812 0.5626014918088913 0 0.2629809826612473 0.2468939945101738 0 0 0.2713990211486816 0.108859695494175 2.746010392904282 0.4933953806757927 2.287431575357914 1.341564878821373 0 265.4077363684773 5.216047801077366 3.881570488214493 0.360603004693985 0 0.1178865879774094 9.219412602484226 1.200714834034443 0.8332870304584503 0.8758382424712181 0.5341062098741531 1.271578513085842 0.1085170209407806 0.7950616702437401 0 0.1284336298704147 259.1215440630913 10.31977618485689 0.579302117228508 0.2602694928646088 2.441431611776352 0.4316372275352478 0 1.267821080982685 3.192064881324768 3.110390476882458 40.29218733310699 96.84370208531618 45.45476783812046 71.49007038772106 0.4379666894674301 2.674848988652229 0 116.3742422610521 7.60676796734333 4.167888291180134 5.218161277472973 6.876949094235897 0.9128118976950645 0.6584228575229645 12.85615132004023 0.8885181397199631 0 111.364178404212 201.2612686604261 334.196369715035 212.6805882379413 4.600634545087814 0.795802429318428 9.636193230748177 0.2371455654501915 0.6062097400426865 13.66180048882961 0.1097337752580643 10.43215043842793 3.917647615075111 10.24959100782871 0 3.770517453551292 0.6209637522697449 1.269396036863327 0.7059779614210129 0.7166569828987122 0.4827708527445793 1.114271745085716 187.4551259875298 0.8821349143981934 0 0.4540258198976517 30.91102215647697 0.41152223944664 9.940193012356758 2.794407993555069 2.856116458773613 2.694328561425209 74.16456850618124 3.485520541667938 21.97021003812551 51.0408757776022 27.64310022443533 0.9971378073096275 75.78468734771013 75.57298277318478 25.43552893400192 27.56226616352797 0.8904146999120712 0.9605389386415482 0 0 0 0 0 0 0 0 0 0 0 0 0 0.4289605617523193 0 0 0 1.491876170039177 8.055978089570999 0 0 0 5.530648790299892 2.48021699488163 5.025275766849518 0.274167463183403 0 0.3331592381000519 0 0.1785092651844025 0.1350251585245132 0.6721659749746323 0.1342167407274246 0 0.9473810791969299 1.934102550148964 0 0 0.1402470022439957 0 0 0 0 0 0.4243467748165131 3.921583637595177 0 0 0.2879589945077896 9.372426807880402 0.3254915028810501 0.3110905364155769 0.2384577468037605 0 0 0 0 0.09404023736715317 0.2481689900159836 19.07455264031887 0.5173893198370934 0 0 0.6152207553386688 21.99913148581982 5.100623190402985 5.628803357481956 1.234834559261799 1.484191671013832 2.106165677309036 0.5510405600070953 0.5670027956366539 0.1715982407331467 0 0 0 0.130245640873909 0.6034974232316017 0.08600520342588425 0 26.91534696519375 1.380320772528648 3.111965999007225 475.6282609850168 37.36148629337549 467.9602421224117 98.62127730995417 227.1461511254311 99.1053206846118 4.307982459664345 161.1611145362258 13.73941050469875 0.1427955776453018 8.087203115224838 0.7162647172808647 15.71753886342049 1.051983386278152 0 0.7853551954030991 1.335632100701332 0
391.1484644562006 826.9747539311647 40.56462205946445 1253.0909762308 47.66414195299149 0 223.4230914190412 9.080517619848251 28.58362989127636 700.9756168723106 43.32498251646757 117.681131824851 96.7864353954792 44.12845990806818 0.9234096333384514 0.1204088926315308 0 0 0 0 0 3.918194085359573 0 0 0.4617007374763489 1.6900564879179 0.1742159724235535 0.691045269370079 1.102682068943977 0.3863242715597153 174.9161100462079 0.3870523944497108 5.278727285563946 0 0.1810110658407211 0 73.29817268252373 0 6.944111794233322 0.9581948816776276 0 0.09309475868940353 0.3669029697775841 0.3116462230682373 0.8076740652322769 0.1813936978578568 8.207601763308048 2.41446278244257 0 0.09945882856845856 0.09721874445676804 3.763107359409332 0.6825625896453857 0 1.648668445646763 0.7615292370319366 352.5299093350768 91.00910939276218 25.28703635185957 6.808826148509979 0.438099592924118 9.319923840463161 0 8.345122694969177 3.040463238954544 1.136857837438583 0.6668504327535629 1.270935915410519 0.5584345459938049 0.1514767110347748 278.334842607379 145.8715800791979 11.44652509689331 61.32038154453039 39.13504575192928 41.27564507722855 8.658664032816887 0.1503505557775497 0 11.40313456952572 0.09639108926057816 0.3363111317157745 5.28066561371088 3.970789015293121 5.492810912430286 4.473942443728447 3.166948698461056 9.026112496852875 3.861469410359859 11.87679305672646 0 1.53590377420187 0 0.3545835763216019 0.2363814115524292 357.1786650270224 64.22768250107765 15.99495032429695 21.64791336655617 844.9012468233705 0 0.4949977695941925 0.2289546877145767 0.2233088761568069 0.8562136292457581 9.265975013375282 0 1.896762080490589 6.865362167358398 3.32355871796608 0 4.295514807105064 3.066944792866707 0.7221873849630356 1.068921431899071 0.1599332392215729 0 0 0 0 0 0 0 0 0 0 0 0 0 0.1447293311357498 0 0.1143080219626427 0 0 0.8316372483968735 0.202486515045166 0 0 0.2052015215158463 0.9472245573997498 0.4273112714290619 2.607893764972687 0.7525692507624626 0 0 0 0 0 0 0 0 0 1.118130534887314 0 0 0 0 0 0 0 0 0.276030033826828 0 0 0.1731416583061218 0 0.3141592442989349 0.3744390606880188 0 0 0 0 0 0.351532906293869 0 0 1.514361917972565 4.966782763600349 0 0 0 0.3256381005048752 0 1.519205495715141 0 0 0 0.2349666655063629 0 0 0 0 0 0 0 0 0 0.9646420776844025 0.9505809545516968 1.54496057331562 75.06278539448977 3.465145625174046 54.28620759397745 3.436363019049168 559.713492795825 2.513907894492149 1.100833103060722 3.036082603037357 4.176516428589821 0 1.259195506572723 0 9.146697252988815 0.388855904340744 0 0.867700457572937 4.366917014122009 0
713.2983979210258 6164.849470421672 322.7672252729535 1820.208332754672 3579.363925293088 223.4230914190412 0 43.55712583661079 2867.119986325502 3691.679286077619 328.6917283460498 739.4219780564308 4625.75541895628 1021.284719236195 52.40896818041801 7.546655595302582 0.8261743709445 0.5125961527228355 0.1169169023633003 0.3790633901953697 0.1216548234224319 0.4658426642417908 0 0 0.5468069761991501 0.7046958357095718 0 1.449364639818668 1.173544771969318 0.1247331351041794 265.3776413798332 3.503042668104172 9.89623199403286 0 0 0.1560322791337967 19.74978668987751 1.083362378180027 2.221580415964127 1.99554431438446 1.218614250421524 0 0.7816706299781799 1.205508917570114 0.2045608535408974 0.3385463654994965 297.9392608851194 14.63006427139044 0.9720045402646065 0.3151917681097984 1.560990199446678 0.3520622849464417 0 0.6546295508742332 6.233879685401917 4.804661430418491 87.08438882231712 223.1717909425497 69.1090739890933 102.0947281420231 0.774771586060524 1.522740744054317 0 171.5414877608418 14.418650791049 6.558361321687698 5.011479035019875 10.34638265520334 1.514038823544979 0.6211066544055939 17.09286912530661 1.23524834215641 0.2995798289775848 207.1542924195528 364.3292146101594 473.3970603123307 260.0511891245842 8.971736386418343 1.174724794924259 12.05899447202682 0.5593343377113342 2.597315989434719 21.96000379323959 0.6111247316002846 17.54061339795589 7.620384708046913 14.43808541446924 0.5988030284643173 4.801954098045826 0.3625013828277588 1.149259522557259 1.558125160634518 1.423486813902855 0.4379183351993561 2.147667065262794 453.6570953056216 0 0 0.3249977380037308 86.71169324964285 0.3403622061014175 15.41705459356308 8.342709615826607 3.758854955434799 3.636976346373558 163.3782318085432 9.524798363447189 56.37712487578392 135.9818138480186 61.75815532356501 4.100221253931522 131.3135650604963 141.3888639509678 57.64718874543905 55.37447971850634 1.061017781496048 1.028091959655285 0 0.5867033004760742 0 0 0 0 0 0 0 0 0.1520684659481049 0 0 0.1974112838506699 0 0 0 2.068885162472725 14.94162560254335 0 0.1306329667568207 0.1638807505369186 8.210457913577557 1.927235290408134 6.688243351876736 1.886510394513607 0 0 0.1350253820419312 0.7295028641819954 0 0.347667820751667 0.142644390463829 0 2.881546750664711 4.03554829210043 0.3348103761672974 0 0 0 0.5124902725219727 0.2176182568073273 0.1126377433538437 0 0.779002845287323 3.044616922736168 0.6207450330257416 0.6045182794332504 0 17.15717684477568 0.470702201128006 0.3087302148342133 0.4964062348008156 1.008493311703205 0.1441040188074112 0 0.1962375417351723 0 0 38.09064628183842 0.4939050674438477 0 0 0.7455403432250023 38.29543790966272 8.248825371265411 7.889383897185326 4.762625277042389 2.155932061374187 3.348399601876736 1.548872366547585 1.065558612346649 0.38655686378479 0 0.08775841444730759 0 0 0.08041663467884064 0.2910749539732933 0 43.12004697322845 2.610856801271439 3.810758948326111 632.9438578188419 46.73826649039984 604.8897315636277 118.8453660607338 441.3925084173679 104.0497668012977 3.339429929852486 192.2393474280834 24.16182142496109 0.5547697693109512 10.07975506037474 0.5907333344221115 41.61918704211712 0.7226038426160812 0 4.877054587006569 6.313713252544403 0.4663535207509995
271.0560233220458 347.0928030908108 2669.433018103242 6.220783121883869 81.48972523957491 9.080517619848251 43.55712583661079 0 1149.620600283146 20.52478028833866 4135.532220102847 22.98553387820721 296.1752836257219 834.5663274228573 21.14713301509619 8.968349196016788 1.544707745313644 1.454460501670837 0.5737920999526978 4.914151661098003 47.29602381587029 0 21.82315056025982 9.566960908472538 13.90414286404848 31.15540002286434 10.75631214678288 1.006704956293106 0 0.3998872339725494 1195.214035853744 1246.457030430436 129.7553044483066 1.778734728693962 26.55051335692406 40.7594516351819 71.79311981797218 46.41401635110378 4.428168043494225 16.02076275646687 10.68903480470181 1.097287267446518 9.176160931587219 2.427724115550518 1.607029639184475 5.03371600061655 95.71430104225874 6.566474936902523 0.9376497715711594 5.51038621366024 4.514898963272572 0.2174383103847504 0.1572258174419403 0 1.019130147993565 1.085674323141575 27.81806993484497 101.8058096021414 12.58422576636076 23.99745085090399 32.27875353395939 64.36935997009277 16.67889435589314 182.5736466795206 2.990745700895786 2.027727171778679 2.338972128927708 9.577846363186836 56.33871387690306 65.91592299193144 5.812742784619331 0 0 47.95593782514334 139.071365468204 142.4304615557194 134.1812438964844 11.26750211417675 633.4403118789196 1477.676380202174 15.72016279399395 1213.570498347282 4.829939283430576 0 4.152969971299171 1.526179477572441 10.82597675174475 0 1.223337069153786 0.1170403212308884 1.280106484889984 0.6573122590780258 53.02941533178091 5.254688464105129 0.8383089900016785 5.067720144987106 0 0 0.3398423194885254 47.38075952231884 0 0 0 0 0 0.1144794821739197 0 0 0.2080940455198288 0 0 0.7931222021579742 0.52056023478508 0.1742492318153381 0.4594379886984825 0 0.1496632844209671 0 0 0.1123402342200279 0 0 0 0 1.057737544178963 0.1260698437690735 0 0 0.5974650830030441 0 0.6907689869403839 0 0.802485778927803 0 0 1.129386946558952 0 0.1188857406377792 0 0.5287428796291351 0.1022277921438217 1.128403127193451 0.1243117824196815 0 0.1089828833937645 0.09419373422861099 0.1197764948010445 0 0 0 0.5603662729263306 0.2360033243894577 0.1198103502392769 0 0 0 0 0.2220747917890549 0 0 0 0 0 0 0 0 0 0 0 0 0 0 0.1132738068699837 0 0.1974928081035614 0.09026613831520081 1.245110362768173 0.237545482814312 0 0 0.2145738378167152 0.3029348477721214 0.1201822683215141 0.4409370869398117 0.2426024377346039 0 0.1162044480443001 0.1730481684207916 0 0 0 0 0 0 0 0 0 0.6051314026117325 0 0.8170026913285255 56.70035744458437 9.34816225618124 162.5910348147154 20.88266254961491 27.09392316639423 14.8806122019887 0.8251631632447243 27.90732529014349 1.721340045332909 0 0.6032061576843262 0 0.301709920167923 0 0 0 0.4581126719713211 0
254.5683562532067 2213.819842264056 1299.805285230279 61.93830082565546 5344.060883395374 28.58362989127636 2867.119986325502 1149.620600283146 0 395.7705391868949 3643.026708818972 176.5729961618781 2137.610637791455 1251.886107765138 49.54714608937502 5.744204334914684 0.5086755007505417 0.1268826276063919 0.1031283810734749 0 0.3831827789545059 0 0 0 0.293989896774292 1.340633571147919 0.2702011689543724 0.5453886240720749 0.1292708665132523 0 363.8164698928595 13.16249945014715 11.35385798662901 0 0.2414868175983429 0.6333626508712769 20.57048480957747 1.138960912823677 0.6612879261374474 1.713065266609192 0.9272836819291115 1.324696309864521 0.1073705106973648 1.12851507216692 0 0.6588743478059769 213.1161971986294 5.779090508818626 0.9051247015595436 0.3435824885964394 0.3763814866542816 0.1647490561008453 0.2075322717428207 2.496729597449303 1.488342739641666 2.042150624096394 25.32240373641253 51.09620679169893 29.07810711115599 49.23987755179405 0.4352811798453331 3.031151548027992 0 71.87001951038837 5.636263273656368 2.275199018418789 2.371129877865314 3.964372210204601 1.228971868753433 1.437095634639263 11.80388827621937 0.3092910349369049 0 63.94538504630327 116.9971340745687 225.5916435047984 205.9192954897881 7.93474131077528 0.5469553023576736 18.07285672426224 0.1327710151672363 2.402383923530579 7.308600306510925 0 7.131036713719368 4.00843521207571 8.413324877619743 0 2.409950040280819 0.1374291777610779 0.6503148227930069 0.7592341974377632 1.416361309587955 0.8834021762013435 0.444693885743618 149.936261638999 0 0 0 26.70984417200089 0.500103548169136 7.85211119055748 4.030920222401619 1.27301587164402 2.100327461957932 69.93990356475115 3.554922699928284 19.62555029988289 50.95842050760984 26.26085159182549 1.533418238162994 62.93334175646305 69.55521311610937 27.49345368146896 26.25081036239862 0.973150946199894 0.5614976435899734 0 0.1189033985137939 0 0 0.1554157882928848 0 0 0.2490366846323013 0 0 0 0 0 0 0 0.271750807762146 0 1.034458890557289 5.756152398884296 0 0.5259408950805664 0 3.749721877276897 2.493585869669914 5.897348210215569 0.168119803071022 0.8039456009864807 0 0 0 0 0.1197521910071373 0 0 0.749751903116703 3.005203165113926 0 0.3021694123744965 0.1823572516441345 0 0 0 0 0 0.1559136360883713 1.860594630241394 0 0.1100073009729385 0 7.407816186547279 0.3142975866794586 0.6368834376335144 0 0.07694090157747269 0.1862349808216095 0 0 0 0.1187803372740746 17.78752695024014 0 0 0.2008189857006073 0.3377730250358582 18.48654173314571 3.900553323328495 5.058574549853802 1.767323642969131 0.8397169709205627 2.874748028814793 0.8842951506376266 0.5782381296157837 0 0 0 0 0 0.1923871785402298 0 0.4677377939224243 23.19974648952484 1.952826410531998 1.036836244165897 443.5302862226963 33.33561321347952 370.0673007816076 98.49811850488186 109.6646382138133 79.78948041051626 2.993085645139217 141.5977330207825 12.53949279338121 0.1178441196680069 6.754606410861015 0.1717687845230103 16.41990585625172 1.171281859278679 0 1.020818322896957 2.62532876431942 0.4972313940525055
767.2523132488132 464.4694078117609 45.94803491979837 2646.438183896244 894.7975755408406 700.9756168723106 3691.679286077619 20.52478028833866 395.7705391868949 0 57.28957705944777 2658.848020866513 5419.349393673241 615.6413086280227 13.35122771561146 2.603669621050358 0 0 0 0.4023902118206024 0 0 0 0.3057781457901001 0.5844604969024658 0.4740490764379501 0.6698281168937683 0.1635317206382751 0 0 112.1588645204902 0.7531413733959198 24.9096814095974 0 0 0.1664989590644836 59.51261527836323 0.3049586564302444 0.304381400346756 0.2981723845005035 0.2734686732292175 0.170533612370491 0.5284556746482849 0.232323482632637 0 0.3636150285601616 54.2615264877677 3.797340326011181 0 0 0.08925370872020721 0 0 0 1.655656985938549 1.356548346579075 43.75409204512835 49.84435069561005 15.94880428165197 12.0890159830451 0 8.566867902874947 0 17.18278332799673 2.895379796624184 1.056133188307285 1.881188414990902 2.387780867516994 0.8894920647144318 0.1705271303653717 95.71776879578829 4.336047947406769 0 49.71008106321096 60.4277091100812 90.89218751341105 47.33576185256243 3.783565938472748 0.3540316224098206 28.52277434617281 0 0.2128279358148575 5.781965784728527 0 3.426240094006062 1.670792654156685 3.335315227508545 0 0.8514527603983879 0.1058651879429817 0 0.2475274130702019 0.493895560503006 0.4037954211235046 0 1071.753941461444 0 0 0.4038462042808533 310.9943267256021 1.783942729234695 43.78180466592312 14.69278405606747 7.144082725048065 3.399869725108147 262.1116214618087 14.51208397746086 67.77376148849726 224.1726084277034 92.02964352071285 4.25733993947506 193.6260942518711 189.4159252867103 80.9911213517189 60.16129738837481 0.2944120168685913 0.4957260191440582 0 0 0 0 0 0 0 0 0.2447129786014557 0 0 0 0 0 0 0 0 4.502135902643204 9.899794802069664 0 0 0.08920373767614365 7.687374301254749 0.9635631591081619 5.909049302339554 0.5005810856819153 0.4362285137176514 0 0 0 0 0.5950684621930122 0.285269170999527 0 1.1688122600317 5.555059902369976 0 0 0 0 0 0 0.3230089098215103 0.4103835970163345 0.7423433363437653 3.424247711896896 2.194178625941277 0.8766408488154411 0.3854103237390518 17.12577883899212 0 0.9464389830827713 0.2536591589450836 0.502154067158699 0.08450191468000412 0 0 0.1222521439194679 0.3036970794200897 31.34646362066269 0 0 0 0.1209744662046432 33.72865182161331 5.973675660789013 7.618167355656624 3.765585407614708 4.32077618688345 3.090744033455849 0.5454806089401245 1.459331221878529 0.3639167100191116 0 0 0 0.1007845625281334 0.4105249643325806 0 0 64.00619705021381 2.21638534963131 1.137659892439842 415.4352854266763 7.81374454498291 155.8950515165925 37.13512508571148 845.8763798028231 20.98811236768961 0.6818711012601852 85.78810051828623 15.70129777491093 0.133247584104538 9.854750990867615 0.8785033524036407 78.60064402222633 0.5884769856929779 0.2385157942771912 3.128183141350746 0.5168098360300064 0
750.8604532107711 2789.520959824324 3450.994199320674 27.90380740910769 868.3205306977034 43.32498251646757 328.6917283460498 4135.532220102847 3643.026708818972 57.28957705944777 0 89.78691243380308 1247.577459447086 2331.932071387768 78.55499272793531 22.52136624604464 2.062637075781822 0.2796434089541435 0 1.712237566709518 5.574308983981609 0 3.177582770586014 2.568381682038307 9.211548745632172 9.927480407059193 8.340968921780586 0.6497756466269493 0.2091924548149109 0.2870206236839294 1507.332868516445 390.2448662519455 555.8645139783621 0.1654416769742966 7.084724321961403 22.55412243306637 142.9711585715413 27.54244041442871 6.203004240989685 10.73626086860895 9.869654506444931 0.7634058147668839 0.9229862838983536 2.01481469720602 0.9914125055074692 0.4772956892848015 234.4984428361058 6.45870054513216 0.1711757481098175 1.435574717819691 5.077877804636955 0.4085011184215546 0.4060907140374184 1.175520949065685 3.303064793348312 1.824093759059906 49.57527070492506 173.0053863525391 32.72074522078037 58.294174015522 1.862628452479839 63.62743235379457 1.903236508369446 182.9603002294898 7.259190872311592 2.709636509418488 3.114651046693325 8.221413984894753 13.88785732537508 15.85976216942072 23.27751994132996 1.34433302283287 0 100.1197302639484 210.7760482653975 301.1148945093155 304.7579496204853 33.56222102791071 151.2445428371429 440.8204840198159 5.643060721457005 45.07896673679352 13.96374521404505 0 7.465952001512051 3.183437392115593 7.78756545484066 0.4070782288908958 1.741893880069256 0 0.7898056134581566 0.6547935903072357 12.17487126588821 1.717621326446533 2.249216802418232 19.67704208940268 0 0 0.4959396719932556 87.67570075392723 0 0 0.181379958987236 0 0 3.967300459742546 0.5231956839561462 0.8257160931825638 3.086787894368172 1.450684398412704 0.5294339954853058 4.36084607988596 5.188038565218449 0.9272891134023666 3.815074346959591 0.2240912318229675 0.2901960760354996 0 0 0 0 0.1427256017923355 0 0 0 0 0 0.1306494921445847 0 0 0.5204839557409286 0 0 0 0 1.210292220115662 0 0 0 1.189132988452911 0.8960164785385132 1.305525757372379 0.2508307099342346 0 0.1730790287256241 0 0 0 0.1776828169822693 0.1202680170536041 0 0.1269985735416412 0.7955473363399506 0 0 0.2499059587717056 0.09938906878232956 0 0 0 0.08481710404157639 0 0 0 0.1620140075683594 0 0.8064970448613167 0 0 0 0 0 0.1270338147878647 0 0 0 4.603369675576687 0 0 0 0.1425874829292297 4.007137529551983 1.170190587639809 1.771149538457394 0.2060766369104385 0 0.4760952293872833 0 0.2720007002353668 0.2182432860136032 0 0 0 0.0893012136220932 0.1955044940114021 0 0 1.891305059194565 0.4030063301324844 1.109021060168743 208.7168581783772 15.9268938228488 351.8138827234507 67.06109535694122 84.21646128594875 52.58304795622826 2.434899672865868 84.24061275273561 6.311450198292732 0.1875532492995262 2.589290492236614 0 2.220839716494083 0.4246335327625275 0 0.1409667581319809 0.4440368860960007 0.3790440261363983
42.61797185987234 72.90205226093531 37.73598668724298 240.6597213894129 134.8319279327989 117.681131824851 739.4219780564308 22.98553387820721 176.5729961618781 2658.848020866513 89.78691243380308 0 3307.225447639823 562.7965283915401 28.9661556109786 12.05192386358976 0.5191745907068253 0.136567234992981 0 0 1.086077317595482 0 0.7407252341508865 0 0.2359064966440201 0.7177828401327133 0 0.2190307676792145 0.1567455381155014 0 45.06417132914066 2.369104750454426 53.81601985543966 0 0.2853839099407196 0 289.4112836420536 1.805859595537186 2.651140108704567 2.172066733241081 0.1483600288629532 0.1143159791827202 0.4834871888160706 0.6630072891712189 0 0.1323802769184113 63.01524297147989 1.147457748651505 0 0.4871868267655373 0.1242591962218285 0 0 0 0.5460844933986664 0.3729359060525894 9.490462571382523 14.37274213135242 4.159356184303761 7.268684044480324 0.6448274254798889 43.98694342374802 0 19.97434950619936 1.21210852265358 0.3710939735174179 0.4361850470304489 0.870511457324028 1.135234966874123 0.6785836219787598 107.4723892733455 11.02429701387882 0 10.73920027911663 20.15347559005022 56.4712208211422 61.51827235519886 9.614945158362389 0.1624879390001297 77.43661914020777 0.3699524849653244 2.020329281687737 2.165144897997379 0 1.282595701515675 0.6094683781266212 1.482027590274811 0 0.900781124830246 0 0.4783633723855019 0.2124669700860977 2.53739570826292 0.3545787334442139 0 2053.089675590396 0.3760823160409927 0 0.1391973346471786 20.4485821723938 1.831885986030102 27.19732238352299 7.808930337429047 4.553837984800339 2.740891799330711 210.3029098212719 8.665304586291313 56.6651388630271 127.3823344409466 75.18441478163004 7.51131235063076 197.2245220690966 202.3766967952251 92.86295504122972 109.8344484716654 2.039836458861828 3.268151476979256 0 0 0 0 0.2640770375728607 0 0 0 0 0 0.4352370649576187 0 0 0.4936602413654327 0 0.7483621835708618 0 4.610006108880043 21.97855222970247 0 0 0.135018453001976 20.199771694839 1.617326825857162 15.81726667284966 1.511428207159042 0.4573284015059471 0 0 0.2118478566408157 0 0.7503833994269371 0 0 3.355363130569458 10.03388530761003 0.09300191700458527 0.1682928204536438 0 0 0 1.821564644575119 0.7834847271442413 0 2.335779964923859 7.807104520499706 0.3416391611099243 0.2522031664848328 0.488126814365387 36.74838518351316 0.6581161171197891 0.4415125250816345 1.738182075321674 0.7232560813426971 0.1319302618503571 0.1285043805837631 0 0 0.3914678990840912 74.63606847077608 0.5671253651380539 0 0 0 62.45145761221647 16.97524519264698 19.45368396490812 8.706562705338001 8.759029068052769 6.799436561763287 2.582073144614697 3.175721704959869 0.989138126373291 0 0 0 0 0 0 0.4972264766693115 94.11992257088423 5.781347513198853 5.55094787478447 347.836141332984 10.97600834071636 143.5915352478623 47.15389458835125 178.0814626514912 14.74110409617424 0.4838189631700516 75.32407135516405 35.57410550862551 0.3959771692752838 32.10477101802826 1.687417976558208 52.71943467110395 3.484000861644745 0.129092201590538 6.011524029076099 0.3652845025062561 0.6562354564666748
252.2933647632599 647.0701861381531 315.6925478801131 820.0830539241433 897.5076945275068 96.7864353954792 4625.75541895628 296.1752836257219 2137.610637791455 5419.349393673241 1247.577459447086 3307.225447639823 0 2021.43449357897 109.6290763318539 30.01014378666878 1.69918967038393 0.4567582905292511 0.3701008707284927 0.7991516217589378 1.351487636566162 0.238658145070076 0.4559035748243332 1.05881929397583 2.348614394664764 1.688300512731075 0.9491349905729294 2.267175368964672 1.797356113791466 0.4562083035707474 194.1173842251301 14.26485455036163 127.1088985204697 0.1492884606122971 1.526112645864487 3.554538950324059 269.7011043280363 15.08261699229479 3.396332167088985 4.817246533930302 3.822685018181801 1.046527221798897 1.579876683652401 3.37444431334734 0.7767719477415085 0.1238838285207748 270.4425884112716 4.795307151973248 0.584712028503418 0.9670156538486481 1.928644649684429 0.5551905483007431 0.08001440763473511 0.775443434715271 1.878114081919193 2.039564840495586 18.51862923055887 37.67967213690281 19.10409729927778 39.7638823017478 1.179363526403904 45.18925745785236 0 86.86108350753784 3.405559569597244 3.270717352628708 2.629887774586678 5.067746661603451 4.297683157026768 5.206473082304001 225.1236623898149 3.121874913573265 0.287031963467598 40.16216982901096 84.61362038552761 216.5636200606823 289.7592417523265 39.2065741866827 0.5969208255410194 118.8870267421007 1.12946417927742 7.178533814847469 4.045272454619408 0 6.015750512480736 3.439049407839775 4.64273202419281 0 2.426918476819992 0.178089052438736 0.5838080048561096 1.56704968214035 7.946161039173603 2.231680616736412 2.321905128657818 2170.227809488773 0.4532452821731567 0 0.5303818061947823 35.69589921087027 2.286259405314922 27.71989281475544 16.77796123921871 9.884383141994476 7.037071377038956 267.5863032788038 15.04147644340992 80.40743803232908 211.1102556139231 91.88010134547949 11.56228200346231 241.0714544653893 273.1806722357869 98.40427801758051 139.9117205888033 2.271242134273052 2.851654827594757 0.1511836796998978 0.1195861473679543 0 0 0.922523096203804 0 0 0 0 0 0 0 0 0 0 0 0 6.046497218310833 33.22913043946028 0 0.8122028410434723 0.4252095520496368 28.51502329856157 6.634910196065903 24.62530772387981 0.9919431805610657 1.520248174667358 0.6461486518383026 0 0 0.1248632073402405 2.338524341583252 0.2432611957192421 0 4.974874764680862 11.65305846184492 0.3804206028580666 0.2036116719245911 0 0 0.2601054534316063 0.3597978055477142 0.3565595000982285 0.1824695244431496 0 7.775965064764023 0.9241336733102798 0 0.484992653131485 37.52615781873465 1.585212126374245 1.631793141365051 0.5978035926818848 0.1421394795179367 0.4169484153389931 0.2418471723794937 0 0 0 118.1189011484385 0.5136597603559494 0 0.2091356813907623 1.157641112804413 103.5182953700423 21.05963283777237 23.91408017277718 8.579034075140953 4.24292267113924 7.894267819821835 3.628355003893375 4.304915450513363 1.031251020729542 0 0 0 0.09862910956144333 0.2138481587171555 0 0 128.6038807481527 9.235433548688889 12.62181504815817 885.6158496662974 50.25813245773315 488.6605001986027 177.5935150459409 129.9976295083761 89.64154462516308 2.529157608747482 210.2147516384721 33.0637418627739 1.61315630376339 28.3451631963253 5.216916993260384 49.94923277199268 3.654127404093742 0 10.30025555193424 2.924108639359474 0.38814477622509
