0 6059.026348441839 548.9712174236774 938.0867145359516 101.3815392106771 119.4209228157997 496.6797209009528 309.8224425911903 28.20791384577751 1209.721491470933 244.2163891121745 50.40711115300655 437.7667823582888 742.1167943999171 4.396198637783527 4.708035737276077 0.1563669592142105 0.2423714771866798 0 0.3738538920879364 1.90827988088131 0 1.497897133231163 0.560808077454567 0 0.5536071062088013 4.314841575920582 0.2039528042078018 0.1825506389141083 0.2125324606895447 500.4560570269823 0.5836634039878845 26.29657310247421 0 0 0 8.668496370315552 0.1502869725227356 0.2924452126026154 1.095943868160248 3.238358944654465 0 0.1097735837101936 0.1531286686658859 0.3325981199741364 0 26.78526193648577 16.36267063766718 0 1.454896248877048 4.571930304169655 0 0 0 28.53017630428076 15.7628777474165 484.7381146252155 1151.606294423342 26.45210108160973 5.474988900125027 0 0 0 0 23.10968255996704 9.078401662409306 6.420242816209793 5.914387926459312 3.107351243495941 5.133176214993 10.69943897426128 0.93586665391922 0 160.4845471158624 3.005359500646591 16.00026920437813 5.845967493951321 0.6546576619148254 5.090676635503769 112.4351039081812 0 0.5483522415161133 66.72718920558691 0.216683141887188 6.371588490903378 31.25280673056841 2.784672126173973 0 2.444217376410961 0.6335458308458328 0.7828459516167641 0.2665358930826187 2.571323566138744 1.509702600538731 1.053269036114216 36.47353167831898 0 0 0.2289914190769196 1613.863107934594 0 0 0 0 0 8.191522568464279 0 1.686268895864487 4.859921291470528 0.6497066766023636 0 2.512312382459641 0.3045657128095627 2.717219337821007 0.5112320631742477 0 0 0 0 0 0 0 0 0 0 0 0 0 0 0 0 0 0 0 0 0 0 0.2884967774152756 0 1.351817831397057 1.867646515369415 1.240018978714943 1.777509704232216 0 0 0 0 0 0 0 0 0.5217679738998413 0.522077202796936 0 0 0 0 0 0 0 0 0 0 0 0 0 0.7666871547698975 0 0 0 0 0 0 0 0 0 5.99330896884203 0 0 0 0.2299106419086456 0.1533548533916473 0 0.5051237940788269 0 0 0 0 0 0 0 0 0 0 0.1428903639316559 0 0 0.363625094294548 0 1.129295401275158 33.07501325011253 10.64025139063597 148.3318377882242 12.59710661321878 315.875441595912 15.81580309569836 4.362851999700069 18.19927783310413 0.2197612822055817 0.1651040464639664 0.3186342120170593 1.231318473815918 0 0 0 0 0.664681687951088 0
6059.026348441839 0 767.1335350200534 1021.638974621892 1098.958499312401 98.5989730656147 1833.826523564756 853.2672116830945 3384.367465741932 258.7899273484945 2894.092101454735 21.76181223988533 1713.083992905915 3599.646720774472 23.49040163308382 11.86686689406633 0.6352123469114304 1.328019544482231 0 0.8442286849021912 10.2419867515564 0.1418265551328659 1.159697368741035 1.714919939637184 0.4271836876869202 3.065580822527409 8.780280828475952 1.294761888682842 0.4483492374420166 0.5306863486766815 2203.702420264482 20.09511708468199 69.64435730874538 0 1.266654789447784 0.2358109056949615 18.60021701455116 1.034147813916206 2.772618621587753 1.897856593132019 10.86150397360325 0.7103704959154129 4.194212034344673 0.9156919717788696 0.6774651408195496 0.2951499223709106 260.8735874891281 166.3590547963977 2.999405071139336 1.831839039921761 35.23438563942909 0.1683115065097809 0 0.7425277084112167 138.6482880041003 81.62065114080906 371.1816001683474 1383.125686138868 45.26277577131987 46.07113549858332 0.2893509268760681 2.431950822472572 0 9.917534425854683 122.562989898026 84.50538926571608 59.25063902884722 46.05522367358208 27.38542971014977 27.53790249675512 21.92685385048389 1.535705268383026 0 504.4535420387983 85.17056809365749 281.9788964241743 64.19222573935986 3.249337628483772 46.09977589547634 291.4118082150817 0.1058599054813385 2.283309638500214 358.419562458992 1.313788793981075 65.67099860310555 201.5904701352119 23.29064328223467 0.6459601074457169 21.65048141032457 0.2736373543739319 10.9563020542264 1.391318880021572 17.50535889714956 7.443943008780479 3.04541839659214 72.24826467037201 0 0 0.5794015526771545 859.7429698705673 0 0 0 2.439245671033859 0 70.6027016043663 2.807675063610077 9.779379725456238 5.978539168834686 5.952556058764458 0 25.71021324396133 15.78008495271206 51.70758498460054 8.716878175735474 0 0 0 0 0 0 0 0 0 0 0.1789101958274841 0 0 0 0 0 0 0 0 0.7953438758850098 0 0 0.6975376158952713 0 10.29474660754204 1.058867156505585 17.30598253011703 1.176646694540977 0.8623502478003502 0 0 0 0 0 0 0 0 0.535467267036438 0.2610043585300446 0 0 0.1372843086719513 0.5682109594345093 0 0 0.1957974135875702 0.4263523072004318 0 0 0 1.610293284058571 21.72725130617619 0 0 0 0 0 0 0 0 0 18.43436799198389 2.014045611023903 0 0 0 5.199910640716553 0 5.552670374512672 0.7304078340530396 0 0 0 0 0 0 0 0 0 0 0 0 2.628450736403465 0.8721350729465485 2.104958966374397 585.5905160307884 44.40215711295605 1648.909993544221 71.61336063593626 185.252971470356 118.9271692037582 10.44091790914536 178.8645347580314 1.180571913719177 0.1362957507371902 2.761133030056953 3.168223008513451 0 0.1274060606956482 0 3.547455221414566 11.62650889903307 0
548.9712174236774 767.1335350200534 0 149.9491296708584 261.9791982993484 1.901437178254128 155.0996572077274 3746.63946518302 468.3997314199805 10.11784872412682 4351.986907809973 6.714352145791054 894.9637481272221 2562.552681617439 13.82335428893566 20.38627450913191 2.892946571111679 5.828946873545647 0.9927077740430832 8.985381156206131 81.64395868778229 0.1615960597991943 18.993981808424 13.99716241657734 0.3765845894813538 8.19555938243866 14.80913607776165 1.705217197537422 0.7214348316192627 1.572695732116699 5019.162561863661 679.2871435806155 72.77380746603012 1.363541468977928 8.341690808534622 0.2313744425773621 19.41343715786934 1.786466151475906 0.8617009073495865 4.55447643995285 40.66948042064905 1.41015487164259 51.29908440262079 0.6641779839992523 2.864974573254585 2.586154237389565 87.02716870605946 45.7886216044426 5.401250220835209 25.19760369509459 21.98296550661325 0 0.2567462921142578 0.1422592997550964 28.33777916431427 18.12852793931961 131.7241468653083 1322.815724685788 7.880368866026402 12.61063066124916 6.08858834207058 2.570043623447418 0.3424522280693054 204.3670188561082 28.49236694723368 23.7382824793458 45.74431046098471 41.25115773826838 59.9424624890089 276.2655729427934 8.942840650677681 1.980207785964012 0 134.205674611032 113.2574334219098 82.49223863333464 36.08724719285965 1.893671602010727 280.1445717066526 1018.389744445682 2.205946907401085 25.61033199727535 86.2822163105011 0 17.00007314234972 59.45945996046066 17.110710054636 0.1303504556417465 8.262530863285065 0 5.269571870565414 0.4142808839678764 52.94571110606194 8.710529044270515 1.697664484381676 13.21246160566807 0 0 0.1409496963024139 180.8512788265944 0 0 0 0 0 3.907551065087318 0 2.474418938159943 0.7179998159408569 0.9387109875679016 0 2.859607636928558 1.592612333595753 6.020697683095932 2.537481755018234 0 0 0 0 0 0 0 0 0 0 0 0 0.1822970658540726 0 0 0 0.7289014458656311 0.6266486346721649 0 0.5287055969238281 0 0 0.9477713406085968 0 2.257842257618904 1.138350501656532 3.446926809847355 1.932988807559013 1.058462373912334 0 0.1482065916061401 0 0 0 0 0 0 0 0 0 0 0 2.553850382566452 0 0 0 0 0 0 0 0.1393350958824158 5.082089200615883 0 0 0 0 0 0 0.1678187847137451 0 0 7.202482119202614 0.4646342098712921 0 0.4392473995685577 1.399697214365005 0.13580322265625 0 0.7331655621528625 0 0 0 0 0 0 0 0.1868246346712112 0 0 0 0 0 0.1604931652545929 0.9261165708303452 1.1247348934412 130.6387870386243 22.80286736786366 307.7059168592095 16.22733744978905 12.81211975961924 18.62354841828346 1.649537831544876 39.07241501659155 4.238764025270939 0 0.9561669677495956 0.4437486529350281 2.24811127781868 0 0 0 3.023294016718864 0
938.0867145359516 1021.638974621892 149.9491296708584 0 103.2889674454927 388.6464096009731 1737.033340141177 8.514548748731613 262.2701622396708 1202.314806163311 42.56449091434479 308.2592634856701 1923.643515229225 366.655317530036 2.408238917589188 1.346225172281265 0.1824374794960022 0.1438758224248886 0 0 0.1478071957826614 0 0 0 0 0.3361752033233643 0.1815071702003479 0.2893705070018768 0 0 56.6047286093235 0.8546899929642677 0.6987910866737366 0 0.5773853957653046 0 0 0 0 0 0 0 0 0 0 0 31.58540578186512 24.2662797421217 0.6100137084722519 0 4.540827885270119 0 0 0 28.28860515356064 17.45399897545576 114.0645775273442 254.6692361310124 11.87332592904568 3.644244611263275 0 0 0 0 22.9168638214469 12.42248295992613 6.693932309746742 7.005080297589302 0.7164309546351433 0.4728565290570259 3.276484936475754 0 0 105.2817685231566 2.946799173951149 17.68631608039141 4.209426522254944 0 0.2447147369384766 1.72371830791235 0 0 65.92863935232162 0.579882524907589 9.790496625006199 34.21138650178909 1.798823572695255 0 2.724689342081547 0 1.887094169855118 0.4382042735815048 1.669201157987118 0.6856759041547775 0.2876314371824265 19.09194840490818 0.4237649440765381 0 0 362.9100557714701 0 0 0 0.8101195693016052 0 90.57488960027695 0 3.645090043544769 3.17853182554245 3.012720033526421 0.9865173101425171 5.577890932559967 2.41821001470089 2.537609711289406 6.635350078344345 0 0 0 0 0 0 0 0 0 0 0 0 0 0 0 0 0 0 0 0 0.2620997726917267 0 0 0 1.752886980772018 0 2.097844839096069 0 0 0 0 0 0 0 0 0 0 0 0 0 0 0 0 0 0 0 0 0 0 0 0 3.203495025634766 0.5722135901451111 0 0 0 0 0 0 0 0 5.567137837409973 0 0 0 0 0.2381701022386551 0 0 0 0 0 0 0 0 0 0 0 0 0 0 0 0.1815695017576218 1.75847053527832 0 47.24393259733915 11.07850876450539 207.8732381463051 12.19263868033886 230.3250700682402 13.38334921002388 1.671900376677513 7.195375978946686 0.213813379406929 0 0.1933812946081161 0.1443414688110352 0 0 0 0 0.9802564382553101 0
101.3815392106771 1098.958499312401 261.9791982993484 103.2889674454927 0 19.71011400222778 1339.632310912013 40.64976700395346 12582.23162808269 86.42434269189835 3471.216422095895 22.4009345471859 586.5626458376646 2245.441353417933 18.79299791157246 3.404980301856995 0.3926540166139603 0.8156681433320045 0 0.3615130409598351 1.554087102413177 0 0.1488558351993561 0.5876135751605034 0 0.4567288160324097 0.1060951128602028 0.3995844274759293 0.199786365032196 0 141.0840351954103 4.66553707420826 23.28595231473446 0 0 0 9.83777317404747 0.4797849059104919 0.1402951627969742 0.2460484579205513 1.626055851578712 0.622589536011219 0.6793373227119446 0.7568566352128983 0.187606155872345 0.5528956800699234 149.609135068953 68.13727759569883 1.455312497913837 0.4745510444045067 16.19692504405975 0.1189229860901833 0.164470449090004 0 33.71780386567116 18.7645335495472 34.88043261319399 148.474020794034 15.83701150864363 36.84933491796255 0 0.9596913307905197 0 13.11667957156897 36.69081544876099 25.48669630289078 18.89869463443756 17.60509549826384 11.11869540065527 1.743702054023743 26.77637295424938 0.3555166572332382 0 132.114179417491 51.52397898584604 180.8285100609064 59.89322888851166 1.527038142085075 0.935643196105957 15.40913896262646 0 0 83.98922247439623 0.1127610132098198 26.23421780019999 62.29616453498602 8.671521879732609 0.4136231690645218 7.430881701409817 0.1767400354146957 6.481671966612339 0.8792193979024887 6.384886212646961 2.088672831654549 2.729854866862297 79.11495387554169 0 0 0.2588064670562744 8.922040328383446 0.3419902920722961 0.3935632705688477 3.624089032411575 6.542153239250183 1.101118922233582 20.66498540341854 1.369150653481483 12.35923907160759 14.61641192436218 11.78196977078915 2.437508285045624 42.97393178194761 30.50696919113398 77.27736309170723 22.13464955985546 0.1242839097976685 0 0 0 0 0 0 0 0 0 0 0 0 0 0 0 0 0 0 0 0.6686156392097473 0 0.5343757271766663 0 20.16910235583782 2.809734523296356 27.81593450903893 3.327614262700081 0 0 0 0 0 0 0 0 1.467056900262833 0.8720301687717438 0.4439827501773834 0 0 0 0 0 0 0 0 0.1526225507259369 0 0 0 23.62086303532124 0 0 0 0 0 0 0 0 0 58.39235985279083 1.298695206642151 0 0 0 8.707438945770264 0 2.158851027488708 0 0 0 0 0.2114250212907791 0 0 0 0.1648288071155548 0 0 0 0 9.014322593808174 1.765894591808319 3.479295611381531 500.1983610168099 20.07141670584679 872.8676487281919 43.88698560744524 90.46041983366013 124.2835976704955 2.900358438491821 195.3057061731815 4.04001297056675 0.1376317888498306 3.448188722133636 1.459398992359638 1.688098192214966 0 0 0.3234850168228149 4.456397578120232 0.7524744868278503
119.4209228157997 98.5989730656147 1.901437178254128 388.6464096009731 19.71011400222778 0 354.9837038367987 2.244022935628891 25.16521291434765 1697.149043485522 3.12029692530632 497.3200425505638 564.4826246351004 70.21443575620651 0.9420938417315483 1.565525352954865 0.2014970630407333 0 0 0 0 1.346095353364944 0.4340443313121796 0 0 0.1543955057859421 0.5721685737371445 0.171382799744606 0.1909240037202835 0 4.686227336525917 0 64.88277360796928 0 0 0 52.07758042216301 2.42105233669281 6.945985525846481 0.337359219789505 0 0 0 0 0 0 4.588089972734451 0.298103392124176 0 0 0.2986733913421631 19.23211566358805 1.538963183760643 0.1986523568630219 2.05256924778223 1.466313615441322 175.3768051117659 15.37330135703087 6.267391636967659 0.1402461230754852 0 6.53190889954567 0 0 0 0.1416484713554382 0.6671386510133743 0.1536334902048111 0.3940861374139786 0 328.3136369138956 42.67480170726776 2.936025589704514 7.509772628545761 0 0.8824504241347313 0 0 0 11.46069443225861 0 0.721755713224411 1.866219833493233 1.280127182602882 0 1.794818326830864 0 13.82966709136963 1.442658022046089 18.26289622485638 0.1324038505554199 1.511209055781364 0 0.1325646638870239 1.035884335637093 687.2040987461805 27.03627994656563 4.79930105805397 11.56789508461952 534.0132711827755 0 0 0 0 0 7.962031781673431 0 0.4339635968208313 7.643280237913132 0 0 1.24679796397686 0 0.4144106209278107 0.1791529804468155 0 0 0 0 0 0 0 0 0 0.2783536911010742 0 0 0 0 0 0 0 0 0 0 0 0 0 0 0.3031729161739349 0.3017841875553131 0.7303433120250702 0.5212582945823669 0.1499776691198349 0 0 0 0 0 0 0 0 0 0 0 0 0 0 0 0 0 0 0 0 0 0 0.6977158635854721 0 0 0 0 0 0 0 0 0.1455105543136597 0.1649925708770752 0.183523878455162 0 0 0.3862097859382629 0.1768098622560501 0 0.2210989743471146 0 0 0 0 0 0 0 0 0.2086366266012192 0.1785838901996613 0.6072008013725281 0 0 0 0 0.5056470334529877 19.14320476353168 1.938121020793915 14.88698612898588 1.58092588186264 122.2806568443775 4.354089677333832 0.9964262098073959 12.39011324942112 0.5058437585830688 0 0 0 0 0 0 0 1.098713129758835 0.6258495450019836
496.6797209009528 1833.826523564756 155.0996572077274 1737.033340141177 1339.632310912013 354.9837038367987 0 30.34337159246206 3762.456044852734 1362.175677657127 419.4783440828323 188.1361920386553 5190.999357573688 3578.676659621298 43.22270884364843 16.63525883108377 3.279802247881889 1.836137153208256 0 0.6064882874488831 2.80569227039814 0 1.431929722428322 0.6974395513534546 0.134418785572052 1.316420927643776 1.647935800254345 0.9076307266950607 0.3279867321252823 0 162.9814012870193 5.42912395298481 63.68699245154858 0 0.6415546983480453 0.3324538469314575 18.58969895541668 0.2202968597412109 1.828305780887604 0.1181449145078659 4.780268475413322 1.203565835952759 1.066237136721611 1.102357268333435 0 0.2249616831541061 326.9018169939518 113.529117397964 3.88992515206337 0.8526195362210274 25.78687205165625 0.2978882193565369 0.3193996474146843 0.138218879699707 76.2766889706254 42.31859072297812 147.2753381952643 353.7260573655367 35.02067072689533 44.38242285698652 0 3.483994603157043 0 14.70565669983625 74.46804054826498 49.0277701690793 32.18696890771389 26.57981767505407 13.40264046937227 11.75688996165991 67.42628642916679 2.056914478540421 0 287.5818928927183 65.46728210896254 295.3203545808792 116.2330152615905 3.634342461824417 5.649893581867218 55.6294364258647 0.4372563362121582 0.3091318905353546 201.4368234500289 0.3908542171120644 39.24460115283728 120.4554511606693 18.63663824647665 0.8112769350409508 12.01427389681339 0.6046267747879028 7.856715381145477 1.593519382178783 9.280835665762424 3.241820201277733 4.078907899558544 475.7655595093966 0.2155653834342957 0 0.8952064216136932 239.8921781629324 1.03721921145916 1.195117488503456 9.97260682284832 35.90338960289955 2.005364120006561 103.8911924660206 8.928020521998405 72.75733236968517 55.5508199930191 83.56230878829956 8.645203620195389 131.181328304112 105.2989013642073 241.2613843083382 55.08632408082485 0 0 0 0 0 0 0 0 0 0 0 0 0.1481611132621765 0 0 0 0 0 0 2.192537143826485 7.505082756280899 0 0 0 46.0162461400032 5.721103444695473 60.2724944204092 6.367052927613258 0.2722567021846771 0 0 0 0 0 0 0.2510207295417786 4.716430857777596 1.80955608189106 0.1493276953697205 0.2562703341245651 0 0 0 0.4185680001974106 0.6288234144449234 0.5618764013051987 0.3931289836764336 3.590613156557083 0 0 0 72.65737277269363 1.070711731910706 0.9260365888476372 0.9954804852604866 0.8270993530750275 0.1249760687351227 0.1332658231258392 0 0.28061243891716 0.3354677259922028 155.7357097417116 0.565215066075325 0 0 0 13.77038256824017 4.246748149394989 8.792777687311172 1.011033125221729 0.9977161586284637 3.735435679554939 0.6241396069526672 0.5763375163078308 0.916170246899128 0 0 0 0 0.137322723865509 0 0 21.17495150864124 4.171157598495483 11.01546369493008 1034.8399034217 44.0307697430253 1592.818033352494 92.6489482820034 413.5533927232027 201.2992770150304 8.934328652918339 430.3048069179058 4.084608942270279 0.8938841819763184 22.73021761327982 4.174794346094131 13.05951642990112 0.5407777279615402 0 1.509920910000801 11.43277479708195 0.6426019370555878
309.8224425911903 853.2672116830945 3746.63946518302 8.514548748731613 40.64976700395346 2.244022935628891 30.34337159246206 0 59.58109512925148 2.24504067003727 1440.201203942299 3.736163079738617 481.8563111424446 3441.685320548713 39.70457100868225 59.30090524256229 16.70955309271812 35.79681380093098 8.205238193273544 64.59724210947752 204.8794556856155 0 62.83901722729206 39.04248620569706 1.018288880586624 17.38055864721537 49.5454915612936 3.603724181652069 0.9937929064035416 3.303100153803825 1140.016876704991 1709.353885933757 150.7642736434937 14.08508041501045 25.01501125097275 0.461561530828476 36.08980518579483 3.273702353239059 1.68155138194561 8.843685388565063 103.9152732491493 3.299822650849819 143.7161517217755 150.8133948594332 83.69428785145283 211.9648053050041 209.0231230035424 60.3332152441144 18.4366275370121 50.43734920024872 42.10090306401253 0 0 0.4369459301233292 20.45676063746214 13.20354590564966 50.07702095061541 319.5190958678722 7.487329103052616 26.55233688652515 192.31247587502 14.93060117959976 6.814140737056732 278.9847139492631 25.35561498999596 26.49404814094305 62.21309113502502 58.63878561556339 78.05177030712366 487.5942907184362 16.87161692976952 3.531209230422974 0 122.4124154523015 90.37640117108822 213.5589261651039 356.5031460821629 187.6424963548779 874.34506508708 3749.349444046617 160.0773721784353 654.3267401754856 70.7885117828846 0 21.22727411240339 62.76741028577089 39.3733834400773 0.1032880395650864 8.533324360847473 0 7.726165570318699 0.7831908762454987 79.81023713201284 20.19507326185703 3.413025364279747 20.93949766457081 0.1582651734352112 0 0 78.0461208820343 0.2335887998342514 0 0 2.053393214941025 0 5.025074154138565 1.268655896186829 1.166957855224609 2.445274084806442 1.662980705499649 0.3393223881721497 4.816571243107319 2.430733613669872 8.704702779650688 3.917839229106903 0 0 0 0 0 0 0 0 0 0.157852903008461 0 0 0 0 0.5676857382059097 0.4582927674055099 2.41262985765934 0 0 1.071285247802734 0 0 2.401951044797897 0 6.413634091615677 3.260269105434418 9.178801313042641 6.580518677830696 3.144145734608173 0.1974532753229141 0.1245228424668312 0 0 0 0 0 0 0.1705687344074249 0 0 0 1.177967175841331 0.8656789809465408 0 0 0 0 0.3274622559547424 0 0 0 7.126312650740147 0 0 0 0 0 0 0.2113395929336548 0 0.7747199535369873 11.0972248390317 1.373810544610023 0 0.2369286119937897 1.066155202686787 0 0.1659032255411148 1.933563128113747 0 0.1380476057529449 0 0 0 0 0 0 0.141530767083168 0.311161570250988 0.1061917096376419 0.5046090111136436 0 0.4284420907497406 1.064943835139275 3.973913356661797 232.7565010711551 27.28247621655464 493.9235514178872 27.31130342930555 16.34586506336927 46.01435087621212 1.518732167780399 120.4764030128717 6.314275458455086 0.6176837086677551 2.364496342837811 1.211485601961613 0.7337358146905899 0 0 0.3931797444820404 5.71240496635437 0
28.20791384577751 3384.367465741932 468.3997314199805 262.2701622396708 12582.23162808269 25.16521291434765 3762.456044852734 59.58109512925148 0 69.79629574716091 2565.534684851766 20.59018529951572 374.9436190724373 2503.278552465141 21.58800964057446 8.620428867638111 0.5340902507305145 0.7713243514299393 0 0.130218043923378 1.340731531381607 0 1.138655163347721 1.668752834200859 0.1536469459533691 2.12001571804285 1.802083648741245 0 0.09231700003147125 0 37.58966508507729 2.518601834774017 31.11294369399548 0 1.091470912098885 0.09742008149623871 7.577590212225914 0.2612811326980591 0.1614414006471634 1.031140714883804 4.796291798353195 1.383256271481514 1.119928583502769 0.3741767853498459 0 0 160.1659638509154 33.51954903453588 1.935831137001514 0.3609827160835266 9.454807855188847 0.1317990124225616 0.4117371737957001 0.1453720033168793 12.64326264709234 8.598132222890854 14.53144624829292 50.94144380092621 12.4786496758461 22.808693356812 0 0.8819941282272339 0 11.31374572217464 16.77665022015572 11.91399390995502 11.76025391370058 8.270996011793613 5.610011048614979 6.937977150082588 18.24129308760166 0.8001085519790649 0 72.52896981686354 28.10246343910694 148.1025274246931 65.52425296604633 1.923024132847786 4.696173429489136 34.96181432902813 0.1338691860437393 0.5576394349336624 40.74376825243235 0.1950185522437096 14.61289943009615 26.52217070013285 5.946210443973541 0.1209543272852898 5.570509344339371 0.2219936847686768 4.03504303842783 0.838631309568882 7.596713319420815 1.910423763096333 0.887333981692791 76.57845984399319 0.2725116014480591 0 0.5818650871515274 9.370705276727676 0 0 1.787702322006226 3.62126824259758 0 84.61026310920715 2.055553331971169 17.52941387891769 8.515501886606216 9.044204011559486 1.175944447517395 30.51350943744183 21.82444651424885 58.8126564770937 11.34867513179779 0 0 0 0 0 0 0 0 0 0 0 0 0 0 0 0 0 0 0 0.9749666750431061 0 0 0 0 12.55629530549049 1.668129175901413 22.66567085683346 1.588542133569717 0.190603956580162 0 0 0 0 0 0 0 1.244181990623474 0.6619993895292282 0 0 0 0 0.1774733662605286 0 0 0 0 0 0 0 0 24.3405953347683 0 0 0 0 0 0 0 0 0 28.61630456894636 0.1332207173109055 0 0 0 11.95020933449268 2.105697512626648 4.124357283115387 0.3563278913497925 0 0 0 0 0 0 0 0 0 0 0 0 6.089396625757217 0.3003244698047638 3.693294897675514 505.9261393770576 11.61474185436964 669.4434668421745 36.64036621898413 83.0380644351244 99.28888412564993 3.05490542948246 207.607921756804 2.890538170933723 0.1113942638039589 4.192245051264763 0.9858417212963104 2.042324244976044 0 0 0 3.494922906160355 0
1209.721491470933 258.7899273484945 10.11784872412682 1202.314806163311 86.42434269189835 1697.149043485522 1362.175677657127 2.24504067003727 69.79629574716091 0 15.32734367251396 1799.112113371491 5901.188280493021 156.7188782989979 2.650794684886932 3.739163607358932 0.1742837727069855 0 0 0 0.2696400880813599 0 0.3044884502887726 0 0 0 0.6395956724882126 0 0 0 47.33913795650005 0 16.24008783698082 0 0 0 3.874172776937485 0.256426215171814 0.6816016286611557 0 0.7041921615600586 0 0 0 0 0 37.24435805529356 27.16985634714365 0.7448074221611023 0.219627819955349 3.68453199416399 0.2159708589315414 0 0 30.83251562714577 21.45340321958065 144.9069994240999 221.7111483439803 16.3695650473237 3.690920263528824 0 0.4699687659740448 0 0.4370124191045761 27.26036138832569 15.20487903803587 9.068073593080044 9.609528429806232 3.435223154723644 0.6954379081726074 59.79141037166119 1.151084572076797 0 110.3505852669477 5.752155490219593 23.56775888800621 5.924721330404282 0 0.1470424085855484 3.690903127193451 0 0 72.51912043243647 0.5815363898873329 10.24791400134563 39.73548679053783 3.120023369789124 0 3.779011718928814 0 1.657530084252357 0.2621630430221558 1.367398053407669 0.2955180108547211 0.7201535105705261 774.7482280731201 0.2427115738391876 0 0 943.3130605965853 0.8741623610258102 0.2897564768791199 6.083263263106346 13.80574914813042 0 70.33439584076405 6.315351575613022 29.10197350382805 62.94072285294533 46.91410581767559 3.701759651303291 69.38570757210255 65.29741315543652 151.0648036897182 17.22555947303772 0 0 0 0 0 0 0 0 0 0 0.1468144506216049 0 0 0 0 0 0 0 0 1.067813470959663 0.1890247017145157 0 0 0 15.34380353987217 1.12469756603241 14.52208271622658 0 0 0 0 0 0 0 0 0 0.427308663725853 0.2686079889535904 0.2627172246575356 0 0 0.7030893564224243 0 0 0 0 0.5746235549449921 1.364178344607353 0 0 0 16.10921546816826 0.561923623085022 0.685919925570488 0 0.1205479204654694 0 0 0.1700697690248489 0 0 48.65200306475163 0 0 0 0 15.38519404828548 1.237781524658203 7.454510599374771 0.3460405766963959 0 1.419723443686962 0 0.6948637962341309 0.4892921298742294 0 0 0 0 0 0 0 10.5557167083025 0.4701348841190338 4.036970153450966 131.6685312911868 13.37332290410995 248.0317497625947 17.1139282733202 1365.64728936553 21.07917877286673 3.338693976402283 24.78331662714481 2.2642982006073 0.3416251242160797 4.510066449642181 1.453922957181931 14.54176442325115 0 0 0.8081845343112946 0.8057084679603577 1.585189461708069
244.2163891121745 2894.092101454735 4351.986907809973 42.56449091434479 3471.216422095895 3.12029692530632 419.4783440828323 1440.201203942299 2565.534684851766 15.32734367251396 0 8.704401239752769 1375.309737324715 5491.397301718593 5.132076792418957 9.239062659442425 2.010434970259666 0.1280593127012253 0 0.4238511919975281 5.623978734016418 0 3.278957441449165 0.9270292967557907 0.8474235236644745 4.44200399518013 9.361047089099884 0.3840158581733704 0.420217290520668 0.8965833485126495 248.5013251304626 104.0553988516331 60.56613726913929 0.5006670951843262 2.890087991952896 0 11.37724694609642 0.6888962239027023 0.4898896068334579 2.392565205693245 9.577140800654888 0.5818919986486435 0.2361441850662231 0 0 0 33.82842511683702 6.76441065967083 0.3263062536716461 0.9872838482260704 3.521300710737705 0 0 0.2015619724988937 3.801169402897358 2.469561323523521 11.61221726238728 60.60760407149792 0.9627182111144066 4.395461373031139 0 0.7362165749073029 0.1897346824407578 7.522510305047035 5.039964437484741 2.341853767633438 7.267273917794228 4.792851306498051 4.163374349474907 23.28599854558706 2.457913354039192 1.067395851016045 0 17.22982319444418 5.381835542619228 30.05160434544086 17.02345813065767 0.1474470496177673 144.1642963588238 1024.295570507646 0 2.030637741088867 13.37186551094055 0 2.711504638195038 10.37699144333601 1.281485110521317 0 1.800312265753746 0.1235662549734116 0.9313475862145424 0 6.019273348152637 3.163812808692455 0.5135004967451096 4.282867670059204 0 0 0.1417483687400818 30.57831455767155 0 0 0 0 0 4.497656181454659 0.4414828717708588 0.1979295760393143 0.2396419048309326 0.8800583183765411 0 1.978355996310711 0.4465471208095551 2.27277971804142 0.4027599096298218 0.1317379921674728 0 0 0 0 0 0 0 0 0 0 0 0 0 0 0 0 0 0 0 0 0 0 0 0.8904572725296021 1.327527865767479 1.879500195384026 2.38193928450346 0.1801334917545319 0 0 0 0 0 0 0 0 0 0 0 0 0.7348017692565918 0 0 0 0 0 0 0 0 0 0.7647282630205154 0 0 0 0 0 0 0 0 0 2.045885995030403 0 0 0 0.1443399637937546 0 0.4419516324996948 0.3027271032333374 0 0 0 0 0 0 0 0 0 0 0 0 0 0 1.115778744220734 1.157453298568726 55.43180257827044 4.247869528830051 87.79221483319998 6.247865989804268 3.58045768737793 10.37154269218445 1.018413320183754 16.78551089018583 0.4706717431545258 0 0.5361303389072418 0 0 0 0 0 1.058527231216431 0
50.40711115300655 21.76181223988533 6.714352145791054 308.2592634856701 22.4009345471859 497.3200425505638 188.1361920386553 3.736163079738617 20.59018529951572 1799.112113371491 8.704401239752769 0 2067.487896710634 56.35271252691746 5.788519509136677 5.378283768892288 1.227262318134308 0 0 0 0.1464519947767258 0 0 0.4683499932289124 0 0.9696371555328369 0.540393739938736 0 0 0 5.852124184370041 0.1309656500816345 21.36821134388447 0 0 0 11.99720534682274 0 0 1.05115070939064 0.6519134938716888 0.5044949054718018 0.1884092539548874 0.2733973860740662 0 0 21.98916379362345 1.794707402586937 0.2252307385206223 0.641327440738678 0.9922729805111885 0.1560146361589432 0 0 1.077020458877087 0.1294208467006683 8.745386898517609 1.657452329993248 0.4958067312836647 0.907049223780632 0 1.043441474437714 0 0 0.9216802567243576 1.169550612568855 1.531440980732441 0.5519610866904259 0.5766755938529968 0.7826874554157257 57.41768269240856 6.130828872323036 0 5.42351957410574 0.1474817395210266 8.975881643593311 6.715952068567276 0.539009690284729 0 7.928597196936607 0 0 0.7035124748945236 0 0.5430832356214523 3.405832059681416 0.6621941700577736 0 0.4395245090126991 0 0.5584782436490059 0.2110327333211899 0.9531028792262077 1.619333654642105 0.5255810767412186 1621.123953536153 3.93912872672081 0 0.6259951591491699 100.7801895290613 0.4537309408187866 0.1903405636548996 6.120535060763359 10.40148597955704 1.152003765106201 65.25801219046116 5.676433607935905 65.24228909611702 35.27099856734276 36.51010392606258 7.532123684883118 111.5529824346304 91.8396024107933 230.0454039350152 31.20546163618565 1.350134938955307 0 0 0 0 0 0 0 0 0.1514273881912231 0 0 0 0 0.3038247525691986 0 0 0 0 2.295327112078667 2.14283062517643 0 0 0 34.56885527074337 4.119783565402031 39.40998102724552 3.823050558567047 0.1601995825767517 0 0 0 0 0 0 0 0.4877006709575653 2.83258093893528 0 0.1652156412601471 0 0 0 0 0.790102481842041 0 0.3510401248931885 1.583048224449158 0 0 0 41.82944315671921 0 1.001566022634506 0 0.4583527147769928 0 0 0 0.1239641755819321 0 98.57214292883873 0 0 0 0 13.27548377215862 1.526612386107445 4.834096431732178 0.675193227827549 0.6558936834335327 1.975374490022659 1.159330368041992 1.306597262620926 0.7484407126903534 0 0 0 0.3551619052886963 0 0 0 18.11273048818111 1.850085705518723 6.166668623685837 214.020692974329 3.560288459062576 81.85794368386269 4.230606883764267 323.200818926096 9.887310653924942 1.412747964262962 35.13350634276867 3.809748232364655 0.189869299530983 12.15587963908911 0.139735072851181 7.762754291296005 2.443055719137192 0.1639495044946671 1.083616346120834 1.409558683633804 0
437.7667823582888 1713.083992905915 894.9637481272221 1923.643515229225 586.5626458376646 564.4826246351004 5190.999357573688 481.8563111424446 374.9436190724373 5901.188280493021 1375.309737324715 2067.487896710634 0 977.282489515841 83.46549661457539 118.343204818666 6.344022028148174 1.933182343840599 0 0.5280279815196991 6.347365647554398 5.103970736265182 4.266918256878853 1.951520219445229 4.658379077911377 14.57628159224987 35.72171278297901 20.32936427742243 10.65145318210125 6.274772122502327 167.7460881024599 6.606156229972839 475.7104729861021 0 3.892187803983688 0 355.7100373655558 9.943759009242058 19.80201640725136 47.64790166914463 30.79614329338074 5.07673767209053 2.621325865387917 2.467876493930817 0 0.9536485075950623 356.2889280170202 35.04126002639532 5.007141374051571 3.378454513847828 34.90295895189047 6.548165291547775 14.55149863660336 3.055616736412048 19.06764526665211 12.5079113766551 40.58177329599857 83.80030181258917 12.78434107452631 27.57632505148649 0.5435427278280258 10.16904971003532 0.6663986295461655 6.492422491312027 19.90272273123264 18.19360897690058 40.09414119273424 20.73839671909809 14.43914297968149 42.9882345199585 512.0043329447508 92.37627278268337 0.7483816742897034 83.23004581034184 17.99170608073473 184.8994562327862 114.2859426513314 3.79368918389082 17.30819921195507 140.572083838284 0.1146717146039009 4.8043053150177 50.22499264776707 0.1202326193451881 15.45255267620087 50.67384851723909 8.761688686907291 0.1774186044931412 9.855287440121174 1.62205882370472 14.7457237392664 4.777008481323719 29.82823356986046 38.23240444809198 18.73385161906481 5310.291864737868 79.14864748716354 0.5067839026451111 3.198122844099998 174.0646178647876 3.91787725687027 1.326013848185539 9.738459937274456 75.60586124658585 2.695459917187691 379.1856570243835 18.86776305735111 160.1980173885822 248.2982233017683 165.5039773061872 19.97746035456657 357.3179443031549 227.3228891119361 557.0244222134352 131.2856172919273 1.228595942258835 0.1722751557826996 0 0 0 0 0 0.2634021043777466 0 1.018515467643738 0.2255126684904099 0 1.245576411485672 0 1.489336147904396 0.2019680142402649 3.485127151012421 0.4330192655324936 0 10.92362051457167 8.014777526259422 0 9.287747576832771 0.1483695805072784 133.2780130207539 28.55208376049995 206.2438649982214 48.38713117688894 7.512106850743294 0.5342728644609451 0.1316310465335846 0 0 0 0.7313650846481323 0 6.668265014886856 6.174706093966961 0.9090267419815063 0.2685675323009491 0.2428378462791443 6.152373418211937 0.8528059422969818 0 0.1267670094966888 0.7193737179040909 0.9031491056084633 3.205484434962273 0 0.2327462732791901 5.300866261124611 193.1147966682911 0.2364350855350494 2.192918248474598 0.9423933327198029 1.199094109237194 0.9918172210454941 0 0.207314670085907 0 1.357055976986885 399.1303912475705 20.95001739263535 0.1964820772409439 0 0.5745617151260376 41.41037897765636 16.39036412537098 42.73560886085033 2.995223686099052 3.216422379016876 6.60245518386364 0.8608203530311584 1.802656099200249 0.5550904422998428 0 0 0 0.1874663531780243 0 0 0 59.6634419709444 11.98114022612572 48.28613123297691 1433.178135737777 79.08416651189327 1148.355444937944 86.15844466537237 421.8830338194966 164.2738330364227 5.421935647726059 613.1624673306942 35.40292904525995 2.616858191788197 34.25876209139824 2.320326611399651 26.2891915589571 5.029348507523537 0 2.669219255447388 31.64965331554413 1.527918443083763
742.1167943999171 3599.646720774472 2562.552681617439 366.655317530036 2245.441353417933 70.21443575620651 3578.676659621298 3441.685320548713 2503.278552465141 156.7188782989979 5491.397301718593 56.35271252691746 977.282489515841 0 78.31063640862703 103.4469138458371 6.460508100688457 3.026013016700745 0.1484872549772263 1.688781693577766 11.86415676027536 0 6.793033495545387 8.637145340442657 12.31430359184742 39.57980506122112 102.2231712937355 14.39574829488993 11.91528658568859 16.00492884218693 520.4884030595422 38.04630891978741 1017.877989724278 0.1608730554580688 5.097971588373184 0.8850451111793518 492.0993775576353 38.25588099658489 16.2301315292716 59.30477442592382 66.04744182527065 9.031225427985191 2.786043249070644 1.490398488938808 0 0.1492341458797455 323.6188108325005 36.78843837231398 4.834513656795025 8.628433927893639 53.40021777898073 4.244922369718552 2.638114720582962 1.53953891992569 14.81902021914721 13.23505532741547 31.91427359730005 150.5360774546862 10.59517259895802 27.22613130509853 1.608435541391373 82.45889364182949 1.85112863779068 6.986592993140221 22.73512576520443 18.17198179662228 51.93969845026731 28.32577922940254 17.21083805710077 64.61742638796568 203.0031052827835 29.77440895140171 0.330527663230896 80.21357376128435 24.01864900439978 186.3901936262846 112.3769322633743 3.440174467861652 37.63447754085064 355.7946286052465 0 6.496931985020638 49.49813795089722 0.3122128024697304 13.14225424826145 66.34285938739777 10.6485048532486 1.204223848879337 10.23595488071442 0.180085077881813 14.34015499055386 3.691838979721069 43.4085024446249 47.56690619885921 10.29465341567993 550.1884455233812 3.689668014645576 0 3.096879072487354 82.15452063083649 0.3489006608724594 0 1.563309490680695 10.38161158561707 0.8042388260364532 90.32052113115788 3.657922223210335 36.96110714972019 29.95471367239952 25.51604340970516 6.574126571416855 74.50330500304699 52.35993927717209 154.4069168418646 43.67360311746597 0.1512930542230606 0.2769278585910797 0 0 0 0 0 0 0 0 0.9408833235502243 0 0.5292181968688965 0.9793672263622284 1.088149800896645 0.3490522801876068 3.44630366563797 3.404943913221359 0 3.490637749433517 0.5604797005653381 0 5.616404607892036 0.7229579240083694 42.2111900895834 17.02064244449139 77.5052837356925 22.80047959834337 12.19191106408834 0 0.4280133843421936 0 0 0 0 0 0.7760001346468925 1.604524776339531 0.5714050680398941 0 0 1.753881424665451 1.754596650600433 0 0.1088639497756958 0 0.6841738894581795 0.1607543230056763 0 0.2117759585380554 2.366593465209007 81.03464755415916 0 2.556315466761589 0 0 0 0 0.2555913180112839 0.110937587916851 0.1169285103678703 121.8233800381422 8.738066047430038 0 0 2.258724853396416 21.80070018023252 3.038510829210281 24.5282286554575 0.7624876201152802 0.5424544811248779 1.614200934767723 0 0.7513775825500488 1.502372324466705 0 0 0 0.304848700761795 0.1959050446748734 0.199764296412468 0.1067477688193321 16.47209849953651 4.783657476305962 22.32569371163845 1094.432298950851 50.93429669737816 960.7594445645809 72.56844076514244 95.32484897226095 113.3403403460979 6.166411481797695 407.8056551143527 12.23359248787165 0.4351988583803177 9.854221865534782 2.029733687639236 7.349142625927925 6.253900155425072 0.1253919303417206 2.958999320864677 18.85547837615013 0.6261559724807739
4.396198637783527 23.49040163308382 13.82335428893566 2.408238917589188 18.79299791157246 0.9420938417315483 43.22270884364843 39.70457100868225 21.58800964057446 2.650794684886932 5.132076792418957 5.788519509136677 83.46549661457539 78.31063640862703 0 1869.512249872088 111.6467441990972 15.45857024937868 154.9424114823341 0.3818940222263336 1.722906060516834 0 0.1919931471347809 0.5012975782155991 3.514364868402481 1.759472966194153 2.663672402501106 0.8847544565796852 0.1418003886938095 0.1232232451438904 10.62327367067337 8.269855961203575 47.69697291404009 0.4519331753253937 0.4180138558149338 7.212218135595322 58.54401203244925 48.50819092988968 7.02473858743906 8.872234150767326 1.685882844030857 0.8291371166706085 8.553769454360008 1500.922042988241 131.0510073080659 95.43703811615705 407.7665417790413 24.40025594830513 27.75635355710983 13.61004533618689 12.96041148155928 0 0.09898155182600021 0 0.4205435067415237 0.08396399021148682 0.5897844657301903 3.830690555274487 14.43937410414219 435.0374964922667 26.41105169057846 46.16505771875381 1.60587053000927 6.776245757937431 1.723162479698658 2.035066470503807 3.189041785895824 11.68963839113712 38.84511875361204 6.450563356280327 6.227321647107601 4.367465041577816 0 162.001534499228 0.4012481272220612 765.7132848203182 1494.181508541107 770.5935211777687 54.78842214494944 161.6431409269571 57.7804673910141 22.81239232420921 8.077253080904484 0 5.661114163696766 2.854498878121376 43.55392473191023 0 3.224089935421944 0.229698583483696 3.419440917670727 1.135326191782951 6.621800184249878 1.429778769612312 0.3695754855871201 15.9878892749548 3.260312125086784 0 1.19997750222683 1.033285707235336 0 0 0 0 0 1.578032717108727 0 1.271056979894638 0.3558495342731476 0 0 0.3834692984819412 0 0.886167585849762 0 0 0 0 0 0 0 0 0 0 0.2117720395326614 0 0 0 0 0 0 0 0 0 0 0 0 0.1322546303272247 0 1.086585581302643 0.1370594948530197 1.065603092312813 0.8057929128408432 1.137094780802727 0 0 0 0 0 0 0 0 0 0 0 0.2053484618663788 0 0 0 0 0 0 0 0 0 0 1.600703835487366 0 0 0 0 0 0 0 0 0 0.7717931121587753 0 0 0 0 0 0 0.1820506006479263 0 0 0 0 0 0 0 0 0 0 0 0 0 0 0.238891139626503 0.3364114165306091 6.941205464303493 1.461646519601345 106.0650985464454 2.65684349834919 0.4734043776988983 2.61587668210268 0 2.504335984587669 0.5010123252868652 0 0.6385921686887741 0 0 0 0 0 0 0
