0 3378.871872156858 247.384026736021 1074.409315854311 1766.780859157443 136.2526700496674 744.0881153643131 25.07163113355637 269.0166887715459 3020.747342728078 288.8527574762702 182.0642674565315 764.9537127614021 453.2588545978069 0.4371154010295868 0.1274568289518356 0 0 0 0 0 0 0 0 0 0 0 0 0 0 394.8946785777807 0.7828407287597656 18.29857125878334 0 0 0.1160819455981255 3.41087244451046 0.1836226135492325 0.2985668480396271 0.2331366837024689 0 0.1737038195133209 0 0.4173970222473145 0 0 2.346758842468262 0.5072262957692146 0 0.2286792993545532 0 0 0 0.1254837960004807 3.351397104561329 1.801065854728222 519.4460003226995 1510.346097946167 80.96604707837105 5.014910668134689 0.1384440958499908 1.123264327645302 0 5.465180844068527 0.993850938975811 0.7966838479042053 0.3611371144652367 0 0 0 18.76833805441856 0.5822261571884155 0.3900187015533447 213.7195451036096 69.70643902570009 10.93205193430185 2.669680297374725 0.151670828461647 1.150861263275146 83.29767712950706 0 0.4883527010679245 1.29145060479641 0.1415233910083771 1.248740650713444 1.057739101350307 0.251565970480442 0 0.2389789521694183 0 0 0 0 0 0 68.03072087466717 11.28720715641975 0.5786655843257904 0.1430332511663437 1277.771262019873 0 0.2104381322860718 0.6490451097488403 1.65535432100296 0 3.63221175968647 0.7803619205951691 0 102.8139766454697 2.227348640561104 0 4.983321294188499 8.482242777943611 3.980670407414436 1.150759041309357 0 0 0 0 0 0 0 0 0 0 0 0 0 0 0 0 0 0 0 0 0 0 0 0 1.815872102975845 0 0 0.168102815747261 0 0 0.1887664198875427 0 0 0 0 0 0 0 0 0 0 0.3246777951717377 0 0 0 0 0 0 0 0 0 0 0 0 0 0 0 0 0.1056521981954575 0 0 2.031619541347027 0 0 0 0 0.1770083010196686 0 0 0.3302055597305298 1.347139567136765 0 0 0 0 0 0 0 0 0 0 0 0.4487988948822021 0 0.2637151181697845 35.69437585026026 3.610725246369839 36.94208571314812 5.500565350055695 1738.760918833315 10.80751560628414 0.5359211936593056 1.192268043756485 0 0.5815971121191978 1.298484057188034 0.1214935109019279 5.130899339914322 0 0.134803980588913 0.7546105682849884 0 0
3378.871872156858 0 123.9595040753484 652.0457327440381 4304.508513711393 55.71924263238907 4525.187890298665 35.87136913090944 557.3389565050602 1309.896552845836 386.8135266900063 56.91192991286516 705.1368677392602 401.3154361248016 17.03563406318426 3.78894130885601 0.7932968586683273 0 0 0.1139915436506271 0 0 0 0.1531113386154175 0 0.1236049458384514 0.2530494853854179 0.1260476261377335 0.1070225760340691 0 2772.650146819651 18.83754503726959 9.810761414468288 0 0 0.6411052048206329 6.748945899307728 0.8175604194402695 1.361898228526115 0.86937215924263 0.2740249931812286 0.892349511384964 0.1424907743930817 1.657170422375202 0 0.1211166828870773 47.44554423540831 5.255310483276844 1.039290934801102 0.3087053596973419 0.3076268881559372 0.1457044035196304 0 1.136505506932735 19.14270543307066 11.7449786067009 260.1656188294291 1782.598012506962 67.28656166791916 47.85099939256907 0.575198769569397 0.5670309066772461 0.410618968307972 64.42622432112694 8.161111116409302 6.622664831578732 1.953647196292877 0.7953650802373886 0 0.1826005876064301 14.26767238974571 0.8278831243515015 0 552.8401143178344 330.9831333234906 115.6557858213782 69.35379840433598 2.853079169988632 2.340202584862709 37.30065266042948 0.3835876435041428 2.635208658874035 20.02094504237175 1.571948431432247 5.96055156737566 6.025358624756336 4.101369872689247 0 0.7516182065010071 0 0.728549025952816 0.2543142437934875 0.4016885757446289 0.2060311883687973 0.7527950406074524 22.15268018841743 3.090270631015301 0 0.4147381186485291 913.7341947332025 0.3436591923236847 0.4054499417543411 0 0 0 26.54695670306683 2.753935545682907 0.3190172910690308 279.1168066263199 5.233502268791199 0 5.881305202841759 7.406400308012962 8.038755923509598 1.400939673185349 0 0 0 0 0 0 0 0 0 0 0 0 0 0 0 0 0 0.2260698080062866 0 0 0 0 0 0 3.051705121994019 0 0.7302705347537994 0.5134733766317368 0 0 0 0 0 0 0 0 0.8250158429145813 0 0 0 0 0 0 0.1265813559293747 1.106156915426254 0 0.3182077407836914 0.8081894516944885 0 0 0 1.004662439227104 0 0 0.2487194240093231 0 0 0 0 0.2485219687223434 0.3897967636585236 7.430970437824726 0 0 0 0 0.1972921341657639 0 0.8604578077793121 0 0 2.553115040063858 0.3260668218135834 0 0 0.1171464473009109 0 0 0 0 0 0 2.737677425146103 0.3438146412372589 2.10698688775301 219.5330103635788 25.87727389484644 337.380263261497 28.68880181014538 861.2094240263104 59.64416396617889 4.805033288896084 27.07547473162413 1.915995091199875 0.5538552328944206 2.146083287894726 0.3500932529568672 2.268795520067215 0 0.3851167112588882 0.2645881175994873 1.740097641944885 0.1375725865364075
247.384026736021 123.9595040753484 0 4.373127445578575 871.3380613401532 8.515092223882675 104.0948880165815 2293.361389644444 554.1778070256114 17.99436160176992 4041.281584963202 7.22325973212719 685.0111057460308 2635.748674690723 16.48355148732662 19.12990434467793 2.219062969088554 17.37563241273165 0.2295210659503937 32.94585256278515 61.02188540995121 0.2221336513757706 0.2221205085515976 1.308356881141663 2.568100988864899 5.498960569500923 0 1.974069833755493 0.2662609219551086 0 4890.520255595446 189.4751195162535 242.8405074179173 0.435042679309845 1.273516923189163 4.199871137738228 72.81715397536755 23.34505812078714 2.606496289372444 5.100282080471516 8.553106069564819 1.986116468906403 15.27821210026741 5.606136038899422 1.688302129507065 4.650280356407166 40.26828129589558 12.68645323067904 4.549398057162762 45.84439171850681 2.951033085584641 0 0 2.033618591725826 10.28359442204237 3.426735550165176 203.2974064201117 2786.148106068373 34.91808774322271 18.89299204945564 8.435623221099377 39.9544445425272 10.57695166766644 379.0346013605595 3.250448688864708 5.65370586514473 1.256510749459267 6.71809621155262 88.5223775357008 52.21171559393406 24.42710065841675 0.3046832084655762 0 412.4077914580703 484.5500949844718 54.19153161346912 101.7850811854005 9.621903926134109 784.3551127538085 2059.0085060969 8.562964104115963 226.6738623157144 8.250421926379204 0.522656187415123 4.091244384646416 4.327842928469181 39.77518961578608 0 0.7328652739524841 0 0.8795447647571564 0 27.40731570124626 3.424417220056057 1.757823444902897 3.644509792327881 0.680891826748848 0 1.39956234395504 187.1244897991419 0.2220510095357895 0 0 0 0 0.7863700985908508 0 0 1.869770482182503 0.8794974386692047 0 0.8467914015054703 1.850666180253029 2.123826518654823 0.6277164667844772 0 0 0 0 0 0 0 0 0 0 0 0 0.2794116735458374 0 0.2484658360481262 0.2699639201164246 0.1815129071474075 0.6766112446784973 0 0 0 0 0 0 1.935963220894337 0.3028136193752289 0.5605467706918716 0 0.1768011152744293 0 0 0 0 0 0 0 0 0 0 0 0 0 0 0.2992193922400475 0.2333906516432762 0 0.1087685599923134 0.4873331785202026 0 0 0.3374808728694916 0.5501028299331665 0 0 0.191759780049324 0 0 0 0 0 0 3.939635425806046 0 0 0 0 0 0 0.2727996408939362 0.2733662575483322 0.381006121635437 0 0 0 0 0.1667991727590561 0 0 0 0 0 0 0 0.2617970705032349 1.832932807505131 55.28469356149435 12.87325013428926 144.6958189457655 27.81977355480194 214.5922095552087 20.65939814597368 3.3778892531991 11.32059460878372 0.6210160255432129 0.226067841053009 1.494246922433376 0 1.307937800884247 0 0.2488518878817558 0.4342637062072754 1.383840247988701 0
1074.409315854311 652.0457327440381 4.373127445578575 0 332.8583398461342 205.901669383049 479.2874364480376 0.1811281591653824 105.4355889707804 4296.264486975968 10.38956853747368 983.3097770512104 2549.229823671281 10.42063344269991 1.594083495438099 0.1612343341112137 0 0 0 0 0 0 0 0 0 0 0.3088559210300446 0 0 0 15.22270099818707 0.6430336236953735 0.1987186968326569 0 0 0 3.031539604067802 0.1382353007793427 0.5944013446569443 0 0 0 0 0.1933338940143585 0 0.149300754070282 1.886404439806938 0.6436271890997887 0 0 0 0.3007400929927826 0 0 4.280582278966904 1.851926513016224 89.80139360576868 181.2247070148587 15.58271985501051 4.653024032711983 0.2803658172488213 0.1301535218954086 0 5.73463262617588 0.9192891120910645 0.4655842557549477 0.4748345464468002 0.1201714649796486 0 0 39.67234028875828 0.2241750806570053 0 106.7549728527665 39.61687943339348 10.38111125677824 3.058662474155426 0.1384005397558212 0.1780741959810257 1.187203362584114 0 0 2.926509857177734 0.1125492975115776 0.4901019409298897 1.105617024004459 0.4626555144786835 0 0.279063805937767 0 0 0 0 0 0 37.60270702838898 48.18007604777813 0 0 357.4253377914429 0 2.275989264249802 0.3326438367366791 0.8389295339584351 0 9.029736027121544 1.944768667221069 3.375726461410522 31.15862789750099 10.1756953150034 0 6.34011073410511 30.74174597859383 16.49891524016857 1.620187491178513 0 0 0 0 0 0 0 0 0 0 0 0 0 0 0 0 0 0 0 0.8092831373214722 1.238025784492493 0 0 0 2.784906223416328 0 1.060757339000702 0.7407953143119812 0 0 0 0 0 0 0 0 0.8270440697669983 0.7063727825880051 0 0 0 0 0 0 0.6731116846203804 0 0 2.267959862947464 0 0 0 2.340741142630577 0.2471090704202652 0.2929635047912598 0 0 0 0 0 0 0 8.641624540090561 0 0 0 0 0.8048608005046844 0 0 1.056439980864525 0.5791716575622559 1.252630829811096 0 0.7488660216331482 0 0 0 0 0 0 0 0 3.474085375666618 0 0.1881687790155411 55.75328309834003 2.012746103107929 44.98049616068602 4.129286497831345 679.4468039944768 7.8511126562953 0.7947844788432121 5.757641158998013 1.972406953573227 0 4.235069811344147 0 3.696926191449165 0.3421146869659424 0.1373256295919418 1.151785612106323 0.2499158978462219 0
1766.780859157443 4304.508513711393 871.3380613401532 332.8583398461342 0 38.8417890816927 7407.700063481927 84.00200655311346 6553.022068418562 567.2807012721896 950.3626572340727 241.0714824199677 1848.459713019431 1890.317689970136 68.30478524416685 20.20279951393604 1.660760127007961 0.3630269318819046 0 0.3288329839706421 0.3167147189378738 0 0 0.1132522597908974 0.439501091837883 1.469395600259304 0.4965192973613739 0.8337173983454704 1.059117794036865 0.1379477232694626 690.9536215439439 53.09153494238853 8.302345544099808 0 0 0.173808217048645 7.534911386668682 0.8871190324425697 2.49639917165041 1.963191613554955 0.1620417982339859 1.626649014651775 0.2003666013479233 3.325682386755943 0 0.4154608026146889 155.9296086728573 6.394068852066994 1.066438131034374 0.4668590873479843 0.4000018611550331 0 0 1.471137329936028 27.49132668226957 15.0440067127347 91.43951304256916 475.252728946507 45.9294536486268 88.39100502431393 0.988561324775219 1.835939854383469 0.4142703488469124 169.7503654658794 9.084018841385841 9.03928554803133 3.374155946075916 1.4559176415205 0.3654589131474495 0.5461319386959076 22.15869937092066 0.2470021396875381 0.1826945394277573 504.0947708487511 402.6200032234192 258.8257882744074 168.6459142938256 9.622600242495537 2.879649177193642 35.20724229514599 1.046064265072346 3.149800285696983 21.76727659255266 0.6042504981160164 12.07616627961397 10.12819221615791 10.02162340283394 0 1.48715728521347 0.1086512058973312 1.599440194666386 0.8603984713554382 0.5570840835571289 0.2363220378756523 3.539593413472176 90.75834181904793 3.531775288283825 0 2.079518511891365 145.3370905742049 0.1964888870716095 4.723734647035599 2.963397070765495 5.946012392640114 0.8430036902427673 57.09536851942539 11.30049830675125 8.137996315956116 28.25305889546871 34.78768774867058 3.755831062793732 40.21153509616852 59.39287130534649 73.08172821998596 18.72209964692593 1.529979348182678 0 0 0 0 0 0 0 0 0.4356859922409058 0 0 0 0.2606619894504547 0 0.206537663936615 0 0.1742683053016663 0 2.594492390751839 0.2685172259807587 0 0 0 21.61732149124146 0 2.756430268287659 0.7254000306129456 0 0.3490920960903168 0.2168386876583099 0 0 0 0 0 3.054089188575745 4.547460421919823 0 0.7772922515869141 0 0 0 0.4877713993191719 3.180759392678738 0 1.370501726865768 2.410226166248322 1.722870081663132 0 0 5.993664294481277 0.2897914573550224 1.333239540457726 0 0 0 0 0 0 0.499795064330101 57.83872272074223 0.5742659717798233 0 0 0.1395400911569595 4.141833931207657 0.3224833309650421 1.461989685893059 5.721611112356186 9.351936012506485 3.736857160925865 0 1.216107279062271 0 0.2292971089482307 0 0 0 0 0 0 26.61193758249283 1.190325886011124 8.574243128299713 585.6677940040827 59.02463665604591 638.7537696659565 68.2843551337719 403.361798979342 149.731016933918 10.13709373027086 114.5433998182416 12.41078693419695 1.288798622786999 11.05382812023163 1.592005908489227 31.5736169219017 2.009640783071518 0.4750414118170738 3.164493441581726 10.03400568664074 0.2684900760650635
136.2526700496674 55.71924263238907 8.515092223882675 205.901669383049 38.8417890816927 0 114.7193261235952 0.7975490093231201 32.86288994550705 874.5629339367151 7.635154247283936 278.5560880899429 373.0096619725227 40.46876959502697 1.186742201447487 1.196056291460991 0 0 0 0 0 2.69457995891571 0.4766898453235626 0.6139030754566193 0 1.630693435668945 1.520631492137909 1.158338308334351 3.95910370349884 1.604808211326599 7.004439055919647 1.713802918791771 20.72048556804657 0.4221228212118149 0 0.4365705847740173 87.96021889150143 0.401822954416275 11.49453803896904 2.054351523518562 0 0.4556452482938766 0 0.6199387460947037 0 0.3961310684680939 1.5074063539505 0 0.4884864091873169 0 0 62.97782611846924 1.847210898995399 5.022700399160385 0.5122038871049881 3.444691129028797 194.9005451500416 54.85556986927986 7.430911585688591 0.4323310554027557 0.6312338262796402 0.5108577758073807 0.4287306666374207 0 0.1813799887895584 0.9153181910514832 1.590685971081257 1.338537082076073 0.661856085062027 0.52740378677845 516.2842254340649 231.7417627424002 7.97698538005352 8.325149036943913 4.279504388570786 1.081520959734917 1.034399390220642 0.1766717135906219 0.4303421378135681 15.59455926716328 0.3825636506080627 1.194459587335587 0 6.03192301094532 0.4318289905786514 2.297366812825203 0 46.23746633529663 16.49523715674877 30.36657552421093 1.072110489010811 2.95425845682621 0.5368369817733765 0 8.133816301822662 1234.624100878835 260.7295135706663 15.54065608978271 68.89321032166481 471.0109589546919 0 0 0 0 0 1.920188665390015 0 0 5.66187085211277 1.712747156620026 0.2504542768001556 1.498717129230499 4.320798233151436 3.006116092205048 0.7852329462766647 0 0 0 0 0 0 0 0 0 0 0.2394184619188309 0 0.2727455496788025 0 2.635035142302513 0 3.854869410395622 2.374149009585381 1.098138436675072 0 0 0 0 0.3025931715965271 2.186869114637375 0 0.2111397981643677 1.505254685878754 0.6454296559095383 0.3889521658420563 0.6358127593994141 0 0 0 0 0 0 0.193057507276535 0.4239276349544525 0 0 3.169273555278778 0.3631545007228851 0 0 0 0 0 0 0 0 0.2288317084312439 0 0 0 0 0 0 0 0 0 3.160337537527084 5.291710257530212 0.2971574366092682 0 0.7685897648334503 0 0 0 1.070750251412392 0 0 0 0 0 0.1699211001396179 0 0 0 0.577682837843895 0 0 0.8403223752975464 1.897507429122925 2.040329903364182 52.79595004022121 18.14543083310127 12.84280989319086 1.236583858728409 411.354179084301 4.457964271306992 0.9913973808288574 7.871089980006218 1.339950799942017 0.4375225901603699 0.4637419879436493 0.2000199854373932 0.7896415889263153 0 0 0 3.154494509100914 0
744.0881153643131 4525.187890298665 104.0948880165815 479.2874364480376 7407.700063481927 114.7193261235952 0 10.45711640268564 3717.169720262289 2289.351940430701 256.3442589715123 869.0169996097684 5434.553979091346 1148.918871432543 85.65797429531813 23.36307092010975 3.633280172944069 0.2302614152431488 0 0.2839284241199493 0.4868640005588531 0.1255235821008682 0 0 0.1062883213162422 1.328556641936302 0.6227516829967499 1.602631032466888 2.017678022384644 0 79.91074392944574 38.69304946064949 2.722703821957111 0 0.7285000681877136 0.2881061136722565 12.77444882690907 0.5074708461761475 4.186064153909683 1.485397413372993 0 1.304102279245853 0.3758511543273926 2.994611337780952 0 0.6048948094248772 193.3165967836976 9.444015115499496 1.691839747130871 0.9116008058190346 0.2722282260656357 0.1291979253292084 0 1.51843798160553 47.67130126804113 19.47672790288925 156.1203619763255 389.3020983785391 69.41373173892498 104.6724422350526 1.887588649988174 1.576580211520195 0.9720812067389488 168.0852261781693 16.05242946743965 11.69513865560293 4.049503818154335 2.144308917224407 0.3204424828290939 0.679767906665802 70.06027515232563 0 0 709.1077790632844 503.1512173488736 315.8909028917551 171.9132351577282 9.115399651229382 1.513086676597595 11.04593057185411 2.190574213862419 3.764463439583778 30.50187613815069 1.303745374083519 12.79062977433205 11.83760889619589 9.376677766442299 0.2458398342132568 1.468972370028496 0 2.388105064630508 1.03385192155838 0.1359067857265472 1.472620993852615 2.52978839725256 210.5120416432619 13.89272862672806 0 0.9244068413972855 170.8771605491638 1.605969280004501 12.63551735877991 3.653613403439522 9.777656510472298 1.23863260447979 84.96385502815247 12.91057586669922 12.86798626184464 42.76632341742516 49.26591548323631 2.627449482679367 78.83441837131977 105.2791809290648 101.3010311871767 21.82138068974018 1.309765011072159 0 0.5114870071411133 0 0 0 0 0 0 0 0 0 0.266579657793045 0 0 0.2860145717859268 0 0.216116189956665 0 2.460127592086792 0.3811011612415314 0 0 0 26.63396359980106 0.301270604133606 6.449377164244652 0.7760048657655716 0.7146126925945282 1.218935579061508 0 0 0.6271576881408691 0 0 0 3.840285807847977 3.203655302524567 0.3545517027378082 0 0 0 0.3171717524528503 0.5174209401011467 2.627218753099442 0 1.786687433719635 5.732036828994751 0.9756986200809479 0 0.5530716180801392 9.236448511481285 0.870745062828064 2.635567530989647 0.5928118824958801 0 0 0 0 0 0 87.01124002039433 1.258290246129036 0 0 0.3227353245019913 1.961794495582581 0.324809730052948 2.694519937038422 10.63662917912006 16.99728840589523 8.622354835271835 2.435382276773453 0 0 0 0 0 0.1340822130441666 0.2521021068096161 0 0.2497269064188004 37.83422039449215 1.142910182476044 6.710534416139126 817.7856799885631 66.55116771161556 919.1792226433754 89.37601285427809 843.1386586874723 195.027790337801 13.67580507695675 160.534106425941 20.73605051636696 0.8801133930683136 22.95833471417427 2.043986409902573 40.18674185872078 2.95466947555542 0.6569112464785576 5.402423948049545 13.25515545159578 0.5414503067731857
25.07163113355637 35.87136913090944 2293.361389644444 0.1811281591653824 84.00200655311346 0.7975490093231201 10.45711640268564 0 154.3366531431675 2.675916098058224 3306.993437051773 1.784736186265945 326.2290459573269 1967.113581500947 37.73454575240612 47.23170682787895 6.540860541164875 45.30185094475746 3.145289301872253 153.7646574527025 211.8321196436882 0 1.683773398399353 5.328930497169495 44.1472582668066 27.6381159722805 0.1880572885274887 8.652704291045666 1.709072455763817 0.1238278448581696 386.3626366555691 3062.499729238451 119.5127295181155 8.165483519434929 7.930405408143997 65.43599119782448 41.42439682036638 65.01147338747978 3.089645370841026 22.75254608690739 47.02220360934734 3.439970545470715 48.3335558027029 14.92421513795853 12.58151793479919 26.74748505651951 71.52909006923437 11.0149257183075 11.32297556847334 118.3171206563711 7.858474895358086 0 0.1615473926067352 5.891708821058273 4.51483242213726 2.521917209029198 31.4745439440012 247.6646090000868 8.152002356946468 16.2092532813549 132.0759882479906 56.46131882816553 78.52714763581753 396.3084382265806 2.204361103475094 8.003070063889027 3.362204894423485 10.15175351500511 203.6762156933546 145.779910504818 9.476932346820831 0 0 122.3095891773701 255.1752122491598 86.64600598067045 345.1050818488002 1002.136721767485 1622.467720806599 1432.760636053979 580.0306586772203 514.3056991919875 6.458697594702244 0.3133773803710938 4.946045488119125 1.888621717691422 81.82743638008833 0 0.1457394659519196 0 1.507949665188789 0.5101281106472015 56.45292562246323 6.334940209984779 3.500868678092957 0.8449003845453262 1.064933270215988 0 0.6044325828552246 8.687082394957542 0 0 0 0 0 0.514653168618679 0 0 0 0 0 0.2119874656200409 0.2842018008232117 0.2215076386928558 0 0 0 0 0 0 0 0 0 0.1937401443719864 0 0.7174141407012939 0 0.2049721479415894 0 0.2408203333616257 0 0.3640516996383667 0.8452104330062866 0 0 0 0 0 0 0.6289172470569611 0.2252188920974731 0.150801956653595 0.6578223705291748 0.5982941389083862 0 0 0 0 0 0 0 0 0.5692572593688965 0 0 0.2012298107147217 0 0.9570330530405045 0 0 0 0.5168230533599854 0 0 0 0 0.3904331922531128 0 0 0 0 0 0.180668979883194 0 0 0 3.506254687905312 0 0 0 0.5840078443288803 0.1472569406032562 0 0.3831583857536316 0.2341019064188004 0 0 0 0 0 0 0 0 0 0.1502429097890854 0 0 0.8260933011770248 0.4371893703937531 0.9469319134950638 75.25439853221178 23.09343955665827 232.8783996775746 41.00710290670395 40.78122691065073 22.34539557993412 0.9859097227454185 24.65203066915274 0.8878950476646423 0 0.636328399181366 0 0.5130562782287598 0 0.2241656482219696 0 3.01592455804348 0
269.0166887715459 557.3389565050602 554.1778070256114 105.4355889707804 6553.022068418562 32.86288994550705 3717.169720262289 154.3366531431675 0 382.6366185173392 3529.834679573774 181.3680733889341 6206.533370442688 5072.695540174842 39.88898659497499 17.85765786468983 0.134408250451088 0.5373331010341644 0.1509932279586792 0 0 0 0 0 0 0 0.180705800652504 0.1473879665136337 0.5332787409424782 0 135.4718441441655 15.74107296764851 6.54230073094368 0 0 0 6.885769493877888 0.3056834638118744 0.6573280096054077 0.1534107327461243 0 0.3708211481571198 0 1.235799580812454 0 0.4886068105697632 60.52082206308842 1.445273101329803 0 0 0 0 0 0.7282549738883972 5.262402087450027 2.822712168097496 22.45813812315464 95.90696077793837 8.875080697238445 17.92396702617407 0.8384304791688919 0.9766995906829834 0 39.15360590815544 1.783779889345169 2.599267773330212 1.421130858361721 0 0 0.1637710332870483 82.17647778987885 0.3381998240947723 0 99.80827523767948 75.0490499958396 75.39030092209578 44.72681878507137 5.08887504786253 0.7761832028627396 65.44624011218548 0.2792422771453857 0.9854676723480225 4.531608298420906 0.4080870673060417 2.647818140685558 2.104324616491795 1.658857762813568 0 0.3915257155895233 0 0.1489665508270264 0.1312628090381622 0 0.1536239683628082 0.9621770977973938 108.7231993377209 1.700197547674179 0 0.2615414559841156 50.57420913875103 0.1522566080093384 3.246994659304619 0.994235098361969 8.646540150046349 0.6560519337654114 50.96016354858875 7.305001690983772 5.624788478016853 30.14981056749821 34.48634012043476 0.367012232542038 44.32525089383125 70.1678399592638 84.93257518112659 14.41128160059452 1.234412103891373 0 0 0 0 0 0 0 0 0.2038845121860504 0 0 0.3425694704055786 0 0.3668396472930908 0 0 0 0 0.5906809866428375 0 0 0 0 25.35140192508698 0 1.96806426346302 1.048470586538315 0.5986218601465225 0.176994189620018 0 0 0 0.8406930565834045 0 0 6.174343675374985 3.74589416384697 0.1683494746685028 0 0 0 0 0.2933628410100937 3.56974059343338 0.2521776556968689 1.11958771944046 2.116750940680504 0.6416752636432648 0 0 5.05286318063736 0.2639561295509338 2.548240438103676 1.047178372740746 0 0 0 0 0 0 56.81947126984596 0 0 0 0 1.391024261713028 0.3703635632991791 1.91264820098877 6.291193410754204 8.720218822360039 7.165701612830162 1.17473278939724 0 0 0 0 0 0 0 0 0 30.63864105939865 3.677766487002373 3.363750070333481 326.7632229402661 21.11749740689993 234.54020601511 32.39033058285713 162.0469993874431 53.83233971893787 2.058488607406616 70.50748081505299 15.04574279487133 1.946047969162464 13.59942296147346 0.3719035983085632 39.14179241657257 2.631900370121002 0.2062574774026871 2.261600643396378 7.275827392935753 0.2630437314510345
3020.747342728078 1309.896552845836 17.99436160176992 4296.264486975968 567.2807012721896 874.5629339367151 2289.351940430701 2.675916098058224 382.6366185173392 0 33.91431345045567 3869.551345691085 13140.66774137318 139.6914490461349 17.84317468851805 5.57710999250412 0.3333300352096558 0 0 0 0 0 0 0 0 0 0 0.241633452475071 0.9745240360498428 0 41.14900653809309 3.577214881777763 7.105765849351883 0 0 0 37.57962983846664 0.4253532886505127 2.605919361114502 0.8621780276298523 0.1233811005949974 0.2783896923065186 0 0.642287090420723 0 0 34.97642651945353 2.076016396284103 0.1858343183994293 0 0 0.1886435747146606 0 0.1220695003867149 20.65480809658766 7.422815233469009 349.8632757887244 466.8860066309571 47.58636520057917 31.99943037331104 0.254933699965477 0.7650619745254517 0.7835734486579895 18.7108539044857 5.003723740577698 2.996819540858269 1.932650357484818 0.1968162059783936 0 0 599.4620223268867 0.7623670995235443 0 407.3927720561624 184.7718250751495 71.99335689842701 20.25873559713364 1.221659101545811 0.4048798233270645 10.66511464864016 0.4401420801877975 1.560831278562546 9.792517282068729 0.655784085392952 3.720511592924595 4.788865692913532 2.432398177683353 0.1269665509462357 0.5476888194680214 0 0.8691467046737671 0.2925134375691414 0 0.2686693072319031 0.1348544955253601 554.0558911710978 172.9336118549109 0 3.354716703295708 1837.284638613462 1.481325745582581 31.97076426446438 17.74956277012825 156.3115611076355 1.562155291438103 159.7896666228771 41.53983613848686 17.21492499113083 128.0251447856426 157.5650487393141 1.552264600992203 121.7194051593542 294.324484795332 165.0769563764334 20.56394375860691 0.6666127890348434 0.6866429448127747 0.937308669090271 0 0.1942668855190277 0 0 0 0 0 0 0 0 0 0.2822271287441254 0.2316181659698486 0 0 0.1412883251905441 4.129990413784981 0 0 0 0 33.54829682409763 0 5.395754367113113 0.6224843561649323 0.5131534934043884 0 0 0.1831404268741608 0 0 0 0 3.950697407126427 7.744756773114204 0.2496524453163147 0.2721788585186005 0 0.2115560173988342 0.2793387770652771 0.5554483160376549 3.277994483709335 0.2076985761523247 3.502811640501022 6.973899960517883 1.381856217980385 0 0 15.53935985267162 0 2.335040330886841 3.597064435482025 0 0 0 0 0 1.008942276239395 66.49733796715736 0 0 0 0.219384491443634 4.720081523060799 0 3.53462016582489 13.39298772066832 21.52847876399755 14.59908874332905 3.436261251568794 0.8273792564868927 0.9386100471019745 0.414474755525589 0 0 0 0.1670581549406052 0 0 71.10383889079094 1.198996841907501 5.746848002076149 772.8172915056348 17.48852036893368 300.4625362232327 21.2566487416625 2884.444878973067 56.04830003529787 2.258696399629116 45.15947986394167 30.5433332324028 0.7651261016726494 30.54611732065678 1.020826667547226 123.4561859816313 5.049204677343369 0 3.56797094643116 1.506639644503593 0.8182397186756134
288.8527574762702 386.8135266900063 4041.281584963202 10.38956853747368 950.3626572340727 7.635154247283936 256.3442589715123 3306.993437051773 3529.834679573774 33.91431345045567 0 20.92291195690632 2022.966654375196 6007.020042702556 90.85343467444181 107.6114028468728 7.013773456215858 8.961134076118469 0 16.85905231535435 88.79883494973183 0.1890121549367905 0.5052040964365005 3.643730670213699 58.36615388095379 55.8696670755744 1.533343821763992 15.06621462106705 3.758639186620712 0.1224772483110428 601.7209175676107 509.5457676500082 174.1226803287864 0.7340413630008698 3.734187081456184 85.38760454952717 148.1200198307633 143.7942554950714 4.905329331755638 44.56125002354383 83.81962709128857 6.09122659265995 7.186737850308418 16.2116117477417 1.709628835320473 3.033636793494225 104.3940115272999 5.727212838828564 0.7470431476831436 14.16629038006067 3.12240669131279 0 0.1531601250171661 1.442561641335487 8.04128785431385 3.31843027472496 52.85659413784742 327.1728735342622 14.50589870661497 26.40855225920677 8.912073075771332 116.880345582962 51.0147215873003 133.4539006054401 3.250670291483402 4.299694798886776 0.5415473431348801 4.440893590450287 49.23238275200129 86.90633802115917 40.18006207048893 4.942549616098404 0 179.1544299423695 190.7177344635129 132.2663543820381 107.0477730631828 32.35618430376053 198.1744985580444 580.7044205740094 10.62248785793781 42.03214366734028 6.956796921789646 0 3.301768362522125 2.131836779415607 11.97914205491543 0 0.2878722995519638 0.1578419655561447 1.125222101807594 0.3349752128124237 43.98809939622879 0.9308149889111519 0.5681726336479187 25.11208009719849 1.598495304584503 0 0.8893443197011948 61.18505033105612 0 0 0 0.3721385300159454 0 10.15479271113873 3.004504561424255 2.55216757953167 4.973993703722954 5.275698453187943 1.393705070018768 7.942753911018372 11.94297194480896 23.20012928545475 3.132504135370255 0.2482136636972427 0.2261288017034531 0 0 0 0 0 0 0 0 0.2014484256505966 0 1.096132293343544 0.4418141841888428 0.3121379315853119 0.5246739387512207 1.499979421496391 0.9260552227497101 1.178224325180054 1.176116570830345 0 0 0 0 8.664898440241814 0.7353681325912476 2.277204006910324 3.014109067618847 1.179992526769638 0.2972286343574524 0 0 0 0 0 0.2506702542304993 3.078215420246124 1.568791747093201 0.1963483691215515 0 0 1.098853632807732 0.8595815896987915 0.1315651088953018 1.427223324775696 0 0.7659059464931488 0.965309739112854 0 0.3251767158508301 0.4717065095901489 3.73074272274971 0 0.1876882016658783 0 0 0 0 0 0 0 20.2939238101244 0.4370653331279755 0 0 0.336555540561676 0.5322161316871643 0.5395013093948364 1.882294416427612 2.102058991789818 4.620873302221298 1.236493974924088 0.2790230214595795 0.5085730105638504 0 0.2222137302160263 0 0 0 0.1959217637777328 0 0 4.998285636305809 1.981567591428757 5.108844369649887 263.831142604351 27.91530391573906 329.9239295199513 47.30254715681076 142.5579205006361 44.96742159128189 3.446127079427242 56.81818159669638 5.1388119161129 0.4979141801595688 3.574751377105713 1.597703583538532 5.729377254843712 0.989105612039566 0.1142118126153946 1.526766806840897 8.522026106715202 1.69353973865509
182.0642674565315 56.91192991286516 7.22325973212719 983.3097770512104 241.0714824199677 278.5560880899429 869.0169996097684 1.784736186265945 181.3680733889341 3869.551345691085 20.92291195690632 0 3054.254145078361 145.244925558567 27.97854187339544 28.39818296581507 1.288624435663223 0.382701188325882 0 0 0 0 0 0 0 0 0 0.1476781219244003 0.2218173295259476 0 7.240595176815987 1.129034861922264 6.039328709244728 0 0 0 101.1489750742912 0.2073017805814743 3.721168056130409 0.7036625221371651 0 1.979082018136978 0 3.115869030356407 0 0 30.76921103894711 1.029145747423172 0.894957035779953 0 0 0 0 0 5.716832771897316 2.147596403956413 44.61110071092844 62.36209658533335 9.360140174627304 8.771911524236202 0.8556639850139618 2.060211300849915 0.4709491729736328 6.004782617092133 1.293777912855148 0.5936242491006851 0.09721308946609497 0.2427830100059509 0 0.3310564458370209 708.2072734907269 8.895212143659592 0 80.35964044928551 37.60310395807028 32.30221501737833 8.285976335406303 3.088937751948833 0.4150491952896118 9.310598112642765 0.4370846077799797 1.309695094823837 1.985447585582733 0 0.5466101095080376 1.849860392510891 0.165482297539711 0 0.1766656935214996 0 0 0 0.2093930691480637 0.1619523465633392 0.3129095733165741 1302.885237708688 12.549844622612 0.8960502147674561 1.907269060611725 225.6565302461386 1.358945235610008 6.482795923948288 1.287964433431625 5.424278274178505 0.9077012091875076 54.39587916433811 12.89408235251904 10.15459038317204 35.60297866165638 47.81097406148911 1.281741127371788 50.37526631355286 91.43248045444489 110.4186039119959 17.97216139733791 0.938035175204277 0.4219960868358612 0 0.1309179812669754 0 0 0 0 0 0 0 0 0 0.3081843554973602 0.5862353146076202 0 0 0.896630585193634 0 1.937446936964989 1.623586446046829 0 0 0 29.14232546836138 0 1.566838949918747 0.7368028312921524 0.6075685322284698 0.3742479681968689 0 0 0 0.4838085770606995 0 0 4.686795026063919 3.849884107708931 0.2894735634326935 0 0 0.2180198282003403 0 0.2704018503427505 2.5165636241436 0 0.949802428483963 3.35346856713295 0.2018034607172012 0 0.2513718605041504 5.682689100503922 0.9557667374610901 2.045905902981758 1.296877562999725 0 0.1748775392770767 0 0 0 0.1385200917720795 73.04072964191437 0.7310280799865723 0 0 0 8.936648026108742 0 1.514740467071533 8.308189928531647 11.81760069727898 6.30901026725769 0.6474203169345856 0 0 0.2985183298587799 0 0 0 0 0 0 51.54425245523453 3.179635137319565 5.024848252534866 303.9299663379788 9.925803117454052 183.6628798544407 17.11647223681211 560.8607803210616 31.99266169220209 1.315306887030602 46.31359522044659 10.70569290220737 0.7841548547148705 16.80858369171619 0.3951985985040665 30.80854094028473 1.734891295433044 0 4.873292088508606 3.812049865722656 0.6775082945823669
764.9537127614021 705.1368677392602 685.0111057460308 2549.229823671281 1848.459713019431 373.0096619725227 5434.553979091346 326.2290459573269 6206.533370442688 13140.66774137318 2022.966654375196 3054.254145078361 0 3930.392145060003 370.4690700992942 289.6763038039207 16.49361838400364 0.3289373740553856 0 0.9562406092882156 0.6728508621454239 0 0.1485338658094406 0.2558812648057938 2.096668839454651 4.506969794631004 0.3100073933601379 4.536617606878281 2.002427950501442 0.563451886177063 203.6944145038724 50.78485213220119 197.734326608479 0.1546078026294708 0 1.742426678538322 315.6678391769528 11.61856187880039 9.707983642816544 7.519326768815517 4.990892753005028 2.884207636117935 0.4202136695384979 29.01824526488781 0.6013411283493042 4.633663192391396 409.1062772795558 8.907007582485676 1.21166042983532 1.887753799557686 0 0.5397420972585678 0.8205466866493225 4.505469404160976 38.55369185656309 19.77999137341976 130.6422939896584 357.8950443044305 53.43272263556719 102.7026630789042 2.70133650302887 19.49665378779173 3.263287588953972 83.96296497434378 10.07534036040306 11.71360762417316 4.354936301708221 3.589146681129932 2.162148684263229 1.980004720389843 571.5195403471589 15.28524386882782 0 499.9667114317417 274.3729382604361 458.7645754143596 189.2662779465318 44.49783148616552 3.668588295578957 151.3038727343082 2.554966397583485 6.482983857393265 28.83757876604795 1.154031991958618 8.930154822766781 9.320734307169914 13.07742138206959 0.2919251322746277 1.343420900404453 0 2.458028115332127 1.6197215244174 3.497668698430061 2.686730079352856 7.796653792262077 2501.597699999809 179.1043613404036 0 3.19461977481842 389.4842709451914 3.674865826964378 23.17633828520775 8.096442639827728 33.25384928286076 6.088199391961098 238.4816380292177 67.8119230568409 31.47257974743843 159.5452105402946 177.3386153131723 7.623122945427895 226.8996859192848 373.1609532684088 406.0990263223648 92.21514949202538 2.52901466190815 2.603630244731903 1.453228041529655 0 0 0 0.4141992330551147 0 0.1999867558479309 0.9823965281248093 0 0 0.7687941640615463 0 1.362372577190399 1.372333988547325 0.2034429907798767 0.3976128101348877 0.1780882179737091 11.05216728150845 6.686421170830727 0 0 0 122.9983384087682 0.228793665766716 20.6321147531271 3.871921420097351 1.63407501578331 3.244679898023605 0 0.1832889318466187 0.5543573498725891 0 0 0.3820136040449142 14.08114804327488 15.79981684684753 0 0 0.4087143540382385 0.2668434381484985 0.9132706671953201 1.696379564702511 10.66265748441219 0 7.551648773252964 11.60264002531767 2.742378160357475 0.3888589441776276 0.9825012385845184 24.23007099330425 2.179369509220123 7.508123219013214 6.220663592219353 0 0 0.1578273773193359 0 0 0.9888449907302856 417.6020736470819 3.576115563511848 0 0 0.2153070271015167 8.7813630849123 0.654384046792984 7.525349602103233 32.53188239037991 38.67883644998074 33.74691586196423 5.304433614015579 1.522576749324799 0.9899065047502518 0.7475606799125671 0 0 0.2257933467626572 0.8903583586215973 0 0 176.0337658822536 23.17415180802345 37.1186520755291 1802.569992244244 143.8091695457697 1387.748218916357 248.2244206294417 1340.554455712438 309.381386525929 17.29972167313099 441.3950251191854 41.32223850488663 4.329983063042164 63.42230518162251 5.240594998002052 124.7757678925991 6.887187249958515 3.643502093851566 26.09852055460215 58.99898429960012 0.936717614531517
453.2588545978069 401.3154361248016 2635.748674690723 10.42063344269991 1890.317689970136 40.46876959502697 1148.918871432543 1967.113581500947 5072.695540174842 139.6914490461349 6007.020042702556 145.244925558567 3930.392145060003 0 210.427690461278 154.3647954985499 6.349647641181946 0.4292986690998077 0 1.459892198443413 2.495981097221375 1.517880976200104 0 0.2110249549150467 2.679083898663521 3.013958796858788 6.310007184743881 4.308756068348885 2.350019752979279 0 394.9239020943642 130.1368425115943 263.1545230224729 0.285256952047348 0.1802286207675934 2.198743149638176 354.0753565877676 38.83234243094921 5.561609111726284 40.46627414226532 7.335085779428482 1.353019088506699 0 10.95502886921167 0.2442861050367355 1.258376076817513 221.3881536871195 3.564311228692532 0.9160094410181046 3.680464640259743 1.199963390827179 0.990265965461731 1.535915017127991 3.601300597190857 16.79713106900454 7.176916196942329 73.1947525292635 390.4678767099977 30.81307715177536 63.81014864146709 4.849978417158127 37.84316621720791 5.07476806640625 95.90491463989019 4.744099594652653 4.490845367312431 2.015281088650227 1.59326459467411 3.331435263156891 8.746989130973816 188.7365815937519 6.877268388867378 0 308.9618925079703 212.2868508845568 284.9760009646416 150.1473440304399 28.62845379114151 35.39476078748703 566.8506819680333 2.87476160377264 29.84320525079966 14.08340300619602 0.3377886563539505 6.046038553118706 4.928780391812325 6.246391788125038 0.4603368192911148 1.594689428806305 0 0.7269828990101814 0.2827795296907425 3.42887145280838 0.9098552316427231 1.303189732134342 230.4566422104836 5.98286397755146 0 2.251734644174576 116.5362711548805 1.437197268009186 2.915159240365028 1.122775211930275 2.070541679859161 0 40.45059615373611 10.69010530412197 4.307704865932465 19.36558672785759 31.79051885008812 2.51873517036438 42.89238403737545 77.93040964007378 75.29160788655281 21.18206000328064 0.5167621374130249 0.4173306822776794 0 0.2034878134727478 0 0 0.8358075022697449 0 0 0.5036386847496033 0 0 0 0 0.4688994884490967 0.9129548519849777 0 0.1961492896080017 0 2.140785321593285 1.439239472150803 0 0 0 28.21156626194715 0.6144291460514069 5.718669399619102 2.225669294595718 0.3555874079465866 1.202090218663216 0 0 0 0 0 0.2727150022983551 2.841393798589706 2.055946096777916 0.2035381942987442 0.336934819817543 0 0 0 1.238261960446835 3.562702715396881 0 2.309364199638367 4.393596798181534 1.092860639095306 0.8515202850103378 0.7042070031166077 3.40126197040081 1.657365366816521 1.030097454786301 0.556048758327961 0 0 0 0 0 0 90.12830962240696 2.067515760660172 0 0 0.6205238252878189 2.182169541716576 0.7330658137798309 2.460742518305779 6.737834855914116 5.934450879693031 5.396339878439903 0.9985251426696777 0.192148819565773 0.8460612148046494 0 0 0 0 0.1637254357337952 0 0 30.33377341926098 6.441295117139816 6.917352795600891 786.286252297461 57.12923873215914 730.2682088166475 110.8385848626494 323.393990278244 149.5091782286763 6.63509675860405 204.2233327850699 11.94022510945797 1.194257937371731 18.56526966392994 1.486327394843102 21.59120059013367 2.352758049964905 0.3411083370447159 7.171996548771858 23.0291905850172 1.664929747581482
