0 2345.235139772296 217.5766727030277 706.8720607459545 293.196078017354 55.1578963547945 685.665729098022 13.08686916530132 51.74613327533007 1344.908215746284 59.11129702627659 314.7082086503506 433.195119343698 7.138635821640491 2.127143368124962 0.2152497619390488 0 0 0 0 0.3086223006248474 0 0.1353677809238434 0.2364954054355621 0 0 0.2838386297225952 0 0 0.1233192756772041 276.4898006692529 0.3400578647851944 0.8787120580673218 0 0.2670294344425201 0 3.791630357503891 0.3809090256690979 0.9910308718681335 0 0.1168666929006577 0.171319305896759 0.1067090854048729 0.4988411515951157 0.2421563193202019 0.2065481096506119 41.3510942235589 1.481112137436867 0.3562095910310745 0 0.9435040205717087 0 0 0 5.1479452252388 15.85434760153294 343.2496012076735 763.8510049581528 112.7907881364226 51.56281387060881 0 3.702690571546555 0 3.139351889491081 5.986951604485512 4.482208788394928 1.685551062226295 0.2937049120664597 0.161164179444313 0 9.836595758795738 3.854692399501801 0 293.4149580597878 54.80071223527193 27.50553940236568 2.226854979991913 0 0.131131500005722 3.704039536416531 0.2517767921090126 2.45862303674221 20.97283404320478 1.728201277554035 1.962991863489151 7.955961056053638 0.8192538172006607 0.2317787632346153 1.235095083713531 0 0 0.3772114813327789 0 0 0 151.6652118265629 10.19847086071968 0.6429592967033386 0.2867755889892578 1702.039208255708 0.4343797564506531 1.544158816337585 1.86524099111557 1.145291328430176 0.8101563453674316 7.343844652175903 2.406719118356705 2.323013812303543 133.8188518583775 1.062880426645279 0 5.780204713344574 6.243246242403984 3.329090058803558 0.4482235312461853 0 0 0 0 0 0 0 0 0 0 0 0 0 0 0 0 0 0 0 0 0 0 0 0 0.9074188470840454 0 0.7362284809350967 0 0 0 0 0 0 0 0 0 0 0 0 0 0 0 0 0 0 0 0 0 0 0 0 1.717058137059212 0 0 0 0 0 0.1359025686979294 0 0 0 2.407915711402893 1.989488780498505 0 0 0.1465538889169693 0 0 0 0 0 0 0 0 0 0.1361711621284485 0 0 0 0 0 0 0.5687143802642822 0.5407019853591919 0 230.427778698504 12.44439756125212 75.34263052791357 21.78087512403727 776.9710137844086 68.91593872010708 2.053596705198288 12.27802881598473 3.01814466714859 0 0.1182378903031349 0.1474395394325256 16.83813643455505 0 0 0 0 0
2345.235139772296 0 2728.588952630758 1267.858747243881 3004.790064573288 247.5420292168856 5207.356914177537 744.4052863866091 4783.604763917625 512.862108528614 2297.092738732696 29.01065570861101 1169.829531669617 823.9708226472139 53.39903196692467 3.50205859541893 0.8536594361066818 0.4608834236860275 0.1349020302295685 0.8282515406608582 1.855126678943634 0 2.445406712591648 1.051396131515503 2.862956449389458 1.920836567878723 1.821304179728031 0.1531427800655365 1.075574100017548 0 2505.904755979776 14.00345847755671 6.134144872426987 0.5104888379573822 2.507693573832512 6.233158990740776 10.91807713359594 3.932918503880501 0.6072720289230347 1.245286092162132 1.515313491225243 2.250735990703106 1.128569975495338 2.470103248953819 0.2808137685060501 0.3408219963312149 321.8875612840056 10.28579343110323 0.9916699305176735 0.1461637765169144 2.172843441367149 0.125491201877594 0 0.6216848492622375 10.43404091894627 38.52966950088739 360.1662472039461 1030.557791218162 147.7475540414453 153.9649790674448 1.972697019577026 3.543681770563126 0.215433657169342 66.62238634377718 26.36732212454081 18.64128405600786 11.43068345636129 2.188274368643761 2.567813716828823 6.030708000063896 2.082640066742897 0.9052066579461098 0 582.5687039121985 179.2091503739357 241.4549057856202 51.17047051340342 2.758150100708008 9.650442354381084 228.7435718402267 0.2766881585121155 7.872310526669025 80.58040403574705 3.438668347895145 6.798422157764435 44.56275255233049 2.277001522481441 0.850177176296711 5.871804527938366 0.7214529067277908 0.7056618481874466 0.4564883261919022 1.42847353219986 0.3802429214119911 1.697575248777866 141.0424047708511 1.946487843990326 0.2809818089008331 0.2235947549343109 1276.895035810769 0.2728304266929626 8.560163050889969 12.76574851572514 5.267052114009857 4.806398808956146 104.4788666665554 8.107051178812981 13.38233490288258 289.2440558969975 31.22759632766247 3.361883938312531 56.99572539329529 94.12964043021202 69.23696154356003 20.41475641727448 0 0.3602927327156067 0 0.3656519651412964 0 0 0 0 0 0 0 0 0 0 0 0 0 0 0 0.6898362338542938 2.43190835416317 0 0 0 28.16964577138424 0 16.19087426364422 6.822590067982674 0.2376351356506348 0 0 0 0 0 0 0 0.3968151807785034 1.060190215706825 0 0 0 0 0 0.1711205989122391 0 0.2158008515834808 0.8732449859380722 0.4815792739391327 0 0 0 15.13092209398746 0 0.1941597908735275 0 0 0.1419844776391983 0 0.1276028752326965 0 0.1049368306994438 51.39805124700069 0.2462392598390579 0 0 0.1448302268981934 2.23946239054203 0 2.327101022005081 1.178978472948074 0 0.8694974631071091 0 0 0.1216321438550949 0.6576894596219063 0 0 0.3577827736735344 0 0 0 17.44506138563156 3.582260742783546 3.692288190126419 615.9317904189229 48.75949813425541 608.1761727109551 125.3794368952513 1237.978936687112 165.9374106377363 5.780817076563835 97.4483864158392 20.74011670053005 1.041458122432232 4.378035508096218 0.1954559087753296 59.29374714195728 0.6134571880102158 0.1514159590005875 2.456578075885773 0.1931601315736771 0.3460298776626587
217.5766727030277 2728.588952630758 0 8.545577973127365 328.1455933973193 2.306693494319916 375.9371601119637 4706.680355861783 570.9166894629598 10.33045017719269 5403.893373414874 6.161626040935516 300.666536077857 645.2166509702802 35.97149740159512 14.73349350690842 2.151402190327644 1.700285039842129 1.393844276666641 67.29645649343729 48.60737501829863 0.314799427986145 65.88735207915306 35.11525807529688 37.05392049998045 26.48793663084507 19.04342523217201 3.950929008424282 0.3088551014661789 0.6586168557405472 2870.471375502646 201.225197263062 30.02616883814335 146.5481520295143 100.946237206459 82.75795189291239 20.13123275339603 24.88589864224195 1.171684108674526 4.287218011915684 16.68236519396305 10.18186059594154 32.29966379702091 7.229941211640835 24.45992857217789 6.551244132220745 93.40238860249519 4.054250620305538 2.21781425178051 4.517454139888287 3.771234206855297 0.113652803003788 0 2.432338409125805 3.765430897474289 14.37425459176302 212.0076643526554 1062.474225029349 61.52825128287077 60.39057007431984 73.34708232432604 52.29923221468925 19.87854593247175 196.3888304382563 7.593837924301624 7.516399532556534 4.267253644764423 6.336713932454586 153.2718685865402 173.4778541475534 3.790311723947525 1.9226233959198 0 290.678886257112 93.19647170603275 104.926925458014 50.62636582553387 18.56404800713062 453.6667877733707 2189.828505307436 17.04911737143993 569.4990720301867 25.34104443341494 1.699246026575565 2.236538544297218 15.38842161744833 25.16316713392735 0.3730495721101761 2.18620353192091 0.3384281024336815 0.7369542717933655 0.5448639318346977 98.7784274071455 3.566817216575146 10.12775402516127 29.18241280317307 2.798115149140358 0 0 287.7742837890983 0 1.28187894821167 1.450551986694336 0 0.8803272545337677 11.7947574108839 1.140432447195053 1.708824411034584 5.388209849596024 1.629587292671204 0.2706643342971802 8.921477414667606 13.6522466391325 10.93410582840443 3.455732338130474 0.7187484502792358 0 0 0 0.1216292008757591 0 0.3133088201284409 0.1137730926275253 0 0.6583985090255737 0.8027539923787117 0 0 0 0 0.3123534470796585 0 0 0 0.1708473116159439 0 0 0 0.1617247462272644 7.296692430973053 0 5.055601060390472 2.055973634123802 0 0.5074189752340317 0.5080051049590111 0.2448426932096481 0 0 0.3440614640712738 0.94706791639328 0 0 0 0 1.000828772783279 0.3276171833276749 1.449640601873398 0 0 0.09476430714130402 0.3573763370513916 0 0 0 0 3.463658884167671 0 0 0 0 0 0.2978927195072174 0 0 1.607181452214718 12.55656841397285 0.2020630538463593 0 0.2276038900017738 0.6207674443721771 0.6945613622665405 0 0.6460711359977722 0.6552375704050064 0 0 0 0.3700448572635651 0.2350000366568565 0 0.1173848062753677 0 0.4122504442930222 0 0 0 5.489320531487465 0.7763577699661255 0.9033563882112503 132.9581590592861 18.3006044626236 155.108061157167 37.4864946231246 95.69842832535505 50.40343633294106 2.394803665578365 29.74736059457064 4.022677838802338 0.09592005610466003 0.8617848679423332 0 3.99142225086689 1.335948273539543 0 1.589492052793503 0.3139233589172363 0
706.8720607459545 1267.858747243881 8.545577973127365 0 117.7985564991832 119.8870626240969 924.5448517203331 0.8919984698295593 146.8213643953204 2070.263786762953 2.762279018759727 1229.442616343498 2280.637083366513 13.27862682938576 5.655918948352337 0 0.1304273009300232 0 0 0.1112992390990257 0 0 0 0.1278015673160553 0.1230341717600822 0 0 0 0 0 52.61535359174013 0.557306706905365 0 0 0 0.1102985441684723 0.1231697425246239 0 0 0.1234142109751701 0 0.1223635524511337 0 0 0 0.1136349216103554 38.24411521106958 1.47872556746006 0.2039068192243576 0 0.3669606372714043 0 0 0 1.890053421258926 6.673611685633659 61.317955031991 115.1112974137068 24.80866923183203 22.93833341449499 0.2980270981788635 0.4757042825222015 0 4.155939385294914 3.921495765447617 2.12119010835886 1.439888797700405 0.5388010889291763 0.1221393495798111 0.1254062801599503 1.314908027648926 0 0 96.6442124247551 26.17590788006783 39.15636689960957 3.220265224575996 0.1690915077924728 0 1.091212637722492 0 0.3879305124282837 13.91192375868559 0.2550230547785759 1.46472854167223 6.959647327661514 0.5258734300732613 0 1.654445484280586 0.1056080982089043 0.325191542506218 0 0.1253512501716614 0 0.578111931681633 76.32198353111744 0 0 0 310.0770354568958 0 1.744816243648529 3.578683614730835 1.778986319899559 0.8107607811689377 10.99222774803638 2.977488547563553 1.761560946702957 161.818902656436 3.927846401929855 0 9.006136104464531 14.48608472943306 7.398809134960175 2.683811396360397 0 0 0 0 0 0 0 0 0 0 0 0 0 0 0 0 0 0 0 0 0 0 0 0 0.6379286348819733 0 0.7454664409160614 1.08677726984024 0 0 0 0 0 0 0 0 0 0 0 0 0 0 0 0 0 0 0 0 0.5668653249740601 0 0 0.6663565635681152 0 0 0 0 0 0 0 0 0 4.736999437212944 0 0 0 0 0 0 0 0.2611067891120911 0 0.2175787836313248 0 0 0 0 0 0 0.1905077695846558 0 0 0 0.8949410170316696 0 0 101.8365319743752 6.286822639405727 71.22676663100719 13.97120066732168 407.9139626994729 24.23582338541746 1.925117738544941 10.97622440755367 1.580974079668522 0.4598372876644135 0.1195732355117798 0.2468561679124832 20.31143230199814 0.442669615149498 0 1.888525202870369 0 0
293.196078017354 3004.790064573288 328.1455933973193 117.7985564991832 0 14.01000772416592 4197.259965613484 39.08608791232109 7878.048557475209 193.5101659074426 1127.216158300638 13.4655826240778 1259.866282775998 877.3380012139678 27.83830232173204 0.5026789456605911 0.5690978839993477 0 0 0.3076340854167938 0 0 0.3096642792224884 0.13883376121521 0.2789248079061508 0.3220127671957016 0.1713193207979202 0 0.8294690102338791 0.1377139538526535 212.8581101372838 9.733799569308758 1.791630208492279 0.1211451515555382 0.2972036600112915 0 3.786611422896385 0.2074876427650452 1.122537024319172 0 0 0.4868815764784813 0.1069100052118301 0.2446436285972595 0 0.5790862590074539 134.781751409173 2.103997886180878 1.728726372122765 0 2.050715781748295 0 0 0.521216444671154 2.367766097187996 14.32630483061075 41.90535879135132 98.40323860198259 26.78765370696783 52.16147947311401 0.1494459062814713 0.4489266276359558 0 30.44109043478966 8.247358933091164 5.670933090150356 4.557490214705467 1.471034206449986 0.5393513888120651 0 0.6275069117546082 1.301006942987442 0 118.7662261202931 64.04068768024445 99.2599978223443 38.90000698715448 0.5904374569654465 0.8880384340882301 25.49818264693022 0.3384098708629608 0.9737478420138359 23.30847965925932 2.588907152414322 2.292625740170479 15.56798107922077 1.40247156471014 0.5010045543313026 1.83526398986578 0 0.6297720372676849 0.3983349576592445 0 0.5040512979030609 0.463670551776886 91.26142592728138 0 0 0 70.54355700314045 0.4741399884223938 3.948865205049515 9.56356605887413 1.548612251877785 2.468892425298691 92.935043156147 4.909008756279945 8.44519467651844 48.43101568520069 28.21653638780117 3.609212681651115 53.23095360398293 74.92264772951603 48.87776327133179 17.10159616172314 0.4049490690231323 0 0 0 0 0 0 0 0 0 0 0 0 0 0 0 0 0 0 1.530615448951721 1.755626186728477 0 0 0 15.09216633439064 0 10.54760253429413 6.599644422531128 0 0 0 0 0 0.3336847424507141 0 0 0.1640627235174179 1.457788035273552 0 0 0.2333001047372818 0.223874107003212 0 0.5936943888664246 0 0.2229866087436676 0 0.9741301834583282 0 0 0 19.23597215116024 0 0 0 0.1180998310446739 0 0 0 0 0 41.21331749856472 0.4622718989849091 0 0 0.1978045627474785 2.910258650779724 0 0 0.2310895323753357 0.1751665025949478 0.8824586868286133 0 0 0.1936255544424057 0 0 0 0.3428048491477966 0 0 0 22.03961879014969 2.405245780944824 2.344771683216095 205.7385488674045 27.92458689957857 253.8894083350897 69.86748268455267 153.0599384605885 65.04829396307468 3.172506980597973 64.19174778461456 15.04645033925772 0.1606688946485519 3.908557057380676 1.487675607204437 37.22235848009586 0 0.2461653649806976 0.6670907735824585 0.8348590135574341 0.4396716952323914
55.1578963547945 247.5420292168856 2.306693494319916 119.8870626240969 14.01000772416592 0 84.00203607976437 3.263558648526669 13.55924274027348 547.2810849845409 6.421744033694267 302.8076569437981 240.4323380291462 26.10413907468319 0.3759128004312515 0 0 0 0 0 0 0.3995087742805481 0 0 0 0 0 0 0.1543572694063187 0 5.083183944225311 0 11.48369099199772 0 0 0 28.02547825872898 2.865141972899437 4.280900791287422 0.8540787845849991 0 0 0 0 0.2671628296375275 0.1748108118772507 2.246560156345367 0 0.265555739402771 0 0 2.706833481788635 0 0 0.3485837578773499 0.2566563561558723 54.20967397093773 12.16268119215965 3.768777213990688 0.8525498807430267 0 2.901166558265686 0 0 0.6486291661858559 0.1242197975516319 0 0 0 0 96.09148529171944 202.4443014115095 3.257016122341156 6.236711956560612 2.122655540704727 2.166871950030327 0.125984251499176 0 0 9.782844454050064 0 1.4212646484375 0.8957235217094421 0.724385678768158 0.2623053193092346 0.9267697632312775 0 2.363479539752007 1.816647946834564 5.477941438555717 0 3.297346472740173 0 0.278903603553772 0 400.7671534717083 201.6313900947571 5.579998135566711 12.23986148834229 474.5114118605852 0 0.2000778615474701 0 0 0.5193801522254944 2.605525761842728 0.8540188670158386 0.1971691250801086 26.72867159545422 3.241905987262726 0 1.559187725186348 6.38032266497612 2.430495783686638 1.003395557403564 0 0 0 0.2549087405204773 0 0 0 0 0 0 0 0 0 0 0.2147845923900604 0 0 0 0 0 0 0 0 0.4260632991790771 1.30105559527874 0 2.697652772068977 2.112950548529625 0.87371626496315 0 0 0 0 0 0 0 0 0 0 0 0 1.110441967844963 0 0 0 0 0 0 0 0 0 2.81974270939827 0 0 0 0 0 0 0 0 0 4.552626296877861 11.86013573408127 0 0 0 0.4162940829992294 0 0 0 0 0.6468584537506104 0 0 0 0 0 0 0 0 0 0 1.960936903953552 6.087115883827209 1.611269742250443 19.95630630850792 0 3.401283137500286 1.449493959546089 85.61088292300701 2.155259966850281 0.3075742423534393 1.379615440964699 5.631128251552582 0 0.9082804620265961 0.2900325059890747 5.02705517411232 0 0 0 0 0
685.665729098022 5207.356914177537 375.9371601119637 924.5448517203331 4197.259965613484 84.00203607976437 0 2.723756067454815 3896.939147010446 1072.986139751971 91.9884687513113 133.2194907218218 5235.506857007742 202.3221542835236 65.69759137928486 0.6337948441505432 0.6495320647954941 0 0 0.7596727833151817 0.2711253613233566 0 0 0.3334290385246277 0.2224995866417885 0.6814278811216354 0.5024712681770325 0 0.8368839472532272 0.3838254064321518 318.5613287761807 19.74211748689413 1.609528690576553 0 0.5798951834440231 0.2146028503775597 5.442045882344246 1.012212797999382 1.823391184210777 0.8288498297333717 0 0 0.4819557219743729 0.6243681758642197 0.4635505378246307 0.354078933596611 360.9113078117371 10.88639340549707 1.780447214841843 0 3.46564444154501 0 0 0 9.014878503978252 40.2368232011795 120.0016249343753 233.1953716278076 76.77760419994593 164.5936118066311 1.043610081076622 1.269241034984589 0.100378729403019 75.24503035098314 30.76627898216248 17.74977860599756 11.6414168253541 3.90806869417429 0.8871364593505859 0 3.017476812005043 1.516443490982056 0 364.2717986404896 171.7771836444736 295.8909555375576 81.00118272006512 1.63513158261776 1.102101139724255 21.63513448089361 1.412247560918331 2.735030189156532 77.96728150546551 4.138519883155823 8.292733162641525 46.00220631808043 4.148249335587025 0.2531302198767662 6.356308281421661 0.9537210762500763 1.103911340236664 0.712777853012085 0 0.7746095061302185 2.163174614310265 217.16073808074 1.162852436304092 0 0.6429435908794403 176.4752742946148 0.842708557844162 10.24939373135567 14.27029812335968 3.749995157122612 5.380607590079308 104.8003754913807 11.53903222084045 22.00160245597363 120.4722794890404 43.23094521462917 4.823481246829033 94.08061681687832 114.5376076251268 97.03340372443199 23.56248900294304 0.572319284081459 0.5446840822696686 0 0.1799580603837967 0 0 0 0 0 0 0 0.7656593918800354 0 0 0 0.1392699778079987 0 0 0 1.68343922495842 2.001926749944687 0 0 0 30.97799980640411 0.5595970749855042 22.73502080142498 6.549562931060791 0.4272592067718506 0 0.2198652029037476 0 0 0 0 0 0.2641698122024536 3.228145226836205 0 0 0 0.4360634684562683 0.2844450771808624 0.1216956526041031 0 0 0.2344378679990768 0.7639536261558533 0.1843620389699936 0.246809720993042 0 22.63504867255688 0 0 0 0 0 0.1479320079088211 0 0 0 66.83321309089661 0.2280716449022293 0 0.3399052619934082 0.09531054645776749 3.974001362919807 0 1.147007003426552 0.5680959075689316 0 2.686607092618942 0.5670266449451447 0.5689209401607513 0.2373956367373466 0.2641854286193848 0 0 0.1301243305206299 0.1393661201000214 0 0 26.98818781971931 6.180032297968864 6.351058512926102 497.4957774803042 69.06423860043287 632.97976988554 170.6415180712938 546.0061255246401 172.5607037991285 12.52083668857813 147.9822027161717 26.85054560750723 0.2196168452501297 3.731607332825661 0.5454095900058746 71.07804782688618 1.993767663836479 0.364328071475029 1.567763179540634 1.354153618216515 0
13.08686916530132 744.4052863866091 4706.680355861783 0.8919984698295593 39.08608791232109 3.263558648526669 2.723756067454815 0 53.19266158342361 0 3672.780025735497 2.000576287508011 99.69453725218773 429.8997810482979 63.98232281953096 15.69365302473307 1.423126250505447 1.030709303915501 0.3352188020944595 25.15902659296989 31.94765707105398 0 71.52618723362684 26.93723461031914 39.59050472825766 21.78883616626263 22.43105541914701 3.141917705535889 0.6744685620069504 0.8318646401166916 1449.848451182246 1359.075591735542 43.21485495567322 61.53562907874584 73.85727673023939 99.59267690032721 17.74138914048672 34.35702704638243 1.712754458189011 3.837891660630703 8.845551311969757 3.969438016414642 10.10040413588285 6.03791755437851 10.71684385836124 3.75327455997467 159.3295977413654 3.444804184138775 0.9651110097765923 1.571028009057045 2.55501152575016 0.1686577051877975 0 0.4486172124743462 3.505207076668739 11.76284472644329 102.5516226217151 318.2014509811997 37.32948633283377 57.94129437953234 57.26839493215084 98.62918697297573 21.75214830040932 254.9676385000348 7.709715396165848 5.757459156215191 4.639266408979893 3.678545922040939 36.375254586339 81.38334923237562 4.273369818925858 0.7507950663566589 0 190.8579359427094 83.36568712443113 144.1579542160034 145.1438084095716 395.0686239749193 1016.481720328331 4092.545081570745 37.2124987617135 1344.031880870461 25.04372712224722 1.472064100205898 2.828855223953724 14.20860034227371 7.527902364730835 0.2844376862049103 2.437457539141178 0.1146586239337921 0.1173745691776276 0.4849574416875839 53.42714024335146 2.506652757525444 3.365617103874683 16.10861705243587 1.62679249048233 0 0 74.62525128573179 0 0 0.549062192440033 0 0.4323460608720779 1.413433417677879 0.4132942855358124 0 3.048319637775421 0.8310104161500931 0 1.692212462425232 3.395462855696678 3.554408863186836 3.077222138643265 0 0 0 0.1492456048727036 0 0 0 0 0 0.3782070279121399 0.4115684330463409 0 0 0.1156023740768433 0 0.4110251069068909 0 0.214841216802597 0 0 0.2590405642986298 0 0 0 2.777040213346481 0 2.036618530750275 2.130653977394104 0 0.1984450668096542 0.1001376584172249 0 0 0.4397744238376617 0 0.5576827526092529 0 0.2994709610939026 0 0 0.1981079429388046 0 0.6784769594669342 0 0 0.1416725963354111 0 0.1261681765317917 0 0 0 2.935718476772308 0 0 0 0.1027951687574387 0 0 0.1961169764399529 0 0.8051796853542328 2.149769797921181 0 0.3503578007221222 0.1025946140289307 0.1017923131585121 0.4342332929372787 0 0 0 0 0 0 0 0 0 0 0 0 0 0 0 0.7292412370443344 1.120920211076736 0.57998126745224 142.5317046716809 15.48547227680683 247.0641039907932 51.12736179679632 43.78900171071291 41.65490298718214 0.9432502314448357 41.6167194917798 4.150540746748447 0 0.5878230929374695 0.1344184875488281 1.334433019161224 0.230159267783165 0.2183553278446198 0 1.051067978143692 0
51.74613327533007 4783.604763917625 570.9166894629598 146.8213643953204 7878.048557475209 13.55924274027348 3896.939147010446 53.19266158342361 0 290.8828293159604 4502.7787399441 46.00907880067825 4600.050231821835 2790.002617835999 86.25239543616772 2.864843375980854 1.172428883612156 0.4506659507751465 0.107807032763958 0.3892771974205971 0.1773992627859116 0 0.1141591370105743 0 0.4701661914587021 0 0.4423385336995125 0.1712241470813751 0.5976189002394676 0.4602707326412201 191.0511623993516 21.98434569686651 6.099463626742363 0.1066692844033241 0 0.2655441761016846 14.4721277654171 0.1319518834352493 2.328404307365417 0.5846694633364677 0 0.3906501904129982 0.7641615867614746 0.9626314863562584 0.1213421747088432 0.1213416680693626 287.1011110544205 6.592649824917316 0.9957375526428223 0.5203091651201248 3.359098382294178 0 0.2281555235385895 0 6.398459635674953 18.96521956473589 43.52298597991467 93.3630501255393 41.67810860276222 84.7832029312849 0 0.3043185248970985 0 66.25496239215136 13.2355143725872 12.12139145284891 7.312169134616852 2.730826891958714 1.721817038953304 1.356302827596664 5.048384964466095 3.233306586742401 0.1349855661392212 147.2155672088265 71.79540307074785 191.0482881143689 113.6006399467587 4.564489722251892 0.8129665479063988 51.70788908749819 0.5271530076861382 3.861279688775539 38.75699129700661 2.719470605254173 3.967289574444294 27.812221609056 2.71843820810318 0.554137147963047 4.261762961745262 0.5340092703700066 0.4700470194220543 1.603573016822338 0.4621005207300186 1.43711793422699 1.669709607958794 309.5728373676538 0.6984822452068329 0 0.3041409850120544 37.56319552659988 0.8868836909532547 16.70066973567009 23.64220568537712 5.558195412158966 11.94925326108932 125.832361638546 18.34386993944645 34.2353278696537 93.72637763619423 83.4659309387207 5.199626058340073 110.4674277454615 216.8930879980326 158.7335767000914 38.23626580834389 0.5459418594837189 0 0 0 0 0 0 0 0 0 0 0 0 0 0 0 0 0 0.4733815789222717 3.32875768840313 3.467181354761124 0 0 0 61.77336908876896 0 38.35818138718605 11.3088396936655 0 0 0.1618844568729401 0 0 0 0 0 0.6201517879962921 3.752020508050919 0.1348993182182312 0 0.415355771780014 1.176235675811768 0.5563154816627502 0.4333120286464691 0 0.3799402192234993 1.56163614243269 0.309426449239254 0.7409971654415131 0.2921550273895264 0 42.47880461812019 0.4439287036657333 0 0.1300088912248611 0 0 0.2446917816996574 0 0.09562215209007263 0 112.3297259062529 0.896180123090744 0 0.1312161087989807 0 4.478375479578972 0.3720263540744781 3.599965810775757 1.441782429814339 0.7073134183883667 2.592027232050896 0.6736268699169159 0.4637696892023087 0 0.2177354693412781 0 0 0.1375613808631897 0.147052139043808 0 0 64.38968175649643 7.106251060962677 8.85484591126442 457.6315112933517 62.81255348026752 563.5965947285295 166.5607212036848 185.0828381180763 124.3454349264503 7.742513217031956 167.902143985033 30.33493711054325 0.6521262675523758 6.735322490334511 2.096399083733559 89.51696312427521 2.484343677759171 0 1.113186404109001 0.8909123986959457 0.4342174232006073
1344.908215746284 512.862108528614 10.33045017719269 2070.263786762953 193.5101659074426 547.2810849845409 1072.986139751971 0 290.8828293159604 0 5.162128657102585 4285.48198877275 7369.139872685075 208.4585109576583 4.402293473482132 0.6842039525508881 0 0 0.1275680512189865 0 0 0 0.2035489231348038 0 0 0 0 0 0.1955993622541428 0 28.72427394986153 0.5800729990005493 21.03436556458473 0 0.1101716160774231 0 149.980711132288 1.44256629794836 6.174762457609177 1.677116334438324 0 0 0 0.299981988966465 0 0.1592463999986649 32.5993685349822 1.519121296703815 0.136350691318512 0.1845804452896118 0.1859030872583389 0.1732884049415588 0.6847442388534546 0 2.034306302666664 5.246825307607651 79.20442974567413 99.84411738812923 22.77957288920879 19.53493568301201 0 6.686478823423386 0 4.746259987354279 3.159532211720943 2.811266086995602 1.221589662134647 0.4076253175735474 0.2432385236024857 0 180.9633092135191 23.14420101046562 0.7028928995132446 83.99976918101311 24.10428914427757 22.02931831032038 3.511585645377636 0 0 37.45034225285053 0.1624197363853455 0 9.111968144774437 1.448590278625488 0.7172288224101067 5.329264149069786 0.3641123473644257 0 0.5553085654973984 0.5545676052570343 0.3452961444854736 0 0 0 0.1741732805967331 1329.114158019423 51.92996634542942 0.4503952711820602 1.414456188678741 1050.398606792092 0.2432446181774139 30.57536299526691 36.78098076581955 56.65075592696667 4.059318020939827 110.5049711465836 34.04605688154697 12.85365663468838 419.1700466424227 106.04012106359 2.195334389805794 107.6878039687872 162.6407731920481 96.78008057177067 10.44139191508293 0.3001583218574524 0.1993940025568008 0 0.1944920271635056 0 0 0 0 0 0 0 0 0 0 0 0 0 0 0 0.8936854898929596 1.624049514532089 0 0 0.2338763922452927 17.84267622232437 0 8.45903716981411 4.126419588923454 0.1779270023107529 0 0 0.4067344069480896 0 0 0.5368542075157166 0 0.7070986181497574 3.042354762554169 0 0 0 0.2673742175102234 0 0 0 0.1184456273913383 1.08275131881237 0.3100013583898544 1.441732794046402 0.1599181294441223 0 8.217303588986397 0 0 0 0 0 0 0.1049093976616859 0 0 32.52242991328239 3.602983593940735 0 0 0 0.9747089892625809 0 0.840453028678894 2.091738559305668 1.458783596754074 3.010665111243725 0 0.2039861530065536 0.3901258111000061 0.1027998477220535 0 0 0 0 0 0 32.51157873868942 2.719819456338882 2.326159045100212 204.9127826988697 5.248978562653065 62.55488052964211 12.98252858966589 968.5517175942659 20.07326212525368 1.187583670020103 15.66289407014847 28.77183799445629 0 2.689583450555801 0.9378884583711624 116.164775416255 0.952313244342804 0 1.133824974298477 0.1803178340196609 0
59.11129702627659 2297.092738732696 5403.893373414874 2.762279018759727 1127.216158300638 6.421744033694267 91.9884687513113 3672.780025735497 4502.7787399441 5.162128657102585 0 14.54442471265793 2254.183839805424 4129.862232707441 104.0493236780167 28.13003705441952 2.630749575793743 0.8951880559325218 0 2.956489883363247 9.281283855438232 0.4874430894851685 33.20254438370466 17.94213321805 59.99544215202332 17.89304865896702 20.53510178625584 5.798619754612446 1.247498467564583 0.7150008231401443 969.5858778059483 129.2000437676907 164.3291892930865 8.228083074092865 25.70808479189873 117.0276467204094 120.1896612048149 78.40657344460487 5.02096788585186 13.47426753491163 8.345310911536217 5.007036425173283 0.6719644814729691 7.224405847489834 0.6756455153226852 0.4184055924415588 257.8470051363111 4.805201433598995 1.452299393713474 0.4665311872959137 3.366086415946484 0.1471020430326462 0 0.1766440272331238 4.909135743975639 17.11210262030363 90.6635178476572 263.5988340824842 46.69350172579288 74.5095591545105 1.188473366200924 55.11692869663239 5.963414520025253 95.39089207351208 11.51412658393383 8.749803073704243 6.699335187673569 2.604255989193916 8.856705747544765 31.59179300814867 31.86409844458103 6.20188957452774 0 219.2460649684072 92.48075718432665 195.5276452973485 133.1703547909856 29.73287393897772 131.3009599596262 1625.77361266315 0.8552680835127831 70.57648722827435 33.93265171349049 1.511062778532505 3.133454717695713 22.2110848352313 3.312719479203224 0.3164616301655769 3.142964661121368 0 0.9786508232355118 1.108960762619972 31.7662408426404 3.696418017148972 2.703926809132099 144.0007551908493 12.3577645868063 0 0.2438330352306366 97.21611142903566 0 5.99856311827898 7.287176325917244 1.271714687347412 2.229448735713959 34.8525727391243 5.944953396916389 10.58605460822582 12.90443474054337 23.05833823978901 1.031566560268402 39.94449256360531 74.42842881381512 62.09922939538956 14.97690743207932 1.491462036967278 0.3025273829698563 0 0 0 0 0 0 0 1.758504807949066 0.1729355156421661 0 0.1677976697683334 0 0 0.7885689958930016 0 0.3738136887550354 0 0.7603393793106079 1.998334765434265 0 0 0 24.094078540802 0.4738848805427551 21.14630368351936 8.004604503512383 0.1387196034193039 1.709901809692383 0.4370692372322083 0.1106985509395599 0 0 0.1389198452234268 0.1936763972043991 0.3865664899349213 3.80894111096859 0 0.3209375441074371 0 0 0.6152508407831192 0 0 0.2689084261655807 0.4437332600355148 0.5881654024124146 0 0 0 23.07286947965622 0 0 0.1446757465600967 0 0 0 0.09092485159635544 0 0.4326070249080658 48.98898766934872 1.805744409561157 0 0 0.7468097805976868 2.981317937374115 0.855989009141922 0.38486447930336 1.11516909301281 0 0.9436053484678268 0 0.1321853697299957 0 0 0 0 0.2112943604588509 0.3950544148683548 0 0 22.1967147141695 5.168234333395958 4.853180199861526 385.7724241763353 35.73112688213587 454.6745688617229 106.0200151056051 118.1267757415771 81.28523222357035 5.563357770442963 116.6171925291419 17.02958965301514 1.326173670589924 4.65150859951973 1.340933158993721 25.58167695999146 0.5075305551290512 0 1.456976026296616 1.399210497736931 1.109506368637085
314.7082086503506 29.01065570861101 6.161626040935516 1229.442616343498 13.4655826240778 302.8076569437981 133.2194907218218 2.000576287508011 46.00907880067825 4285.48198877275 14.54442471265793 0 2253.102985203266 162.8848662301898 32.49341715872288 18.05004750192165 1.443909123539925 0.435832217335701 0.1158828288316727 0.3992536813020706 0.4983354806900024 0.4574475884437561 1.064678490161896 0.1918890774250031 1.708636909723282 1.170251101255417 0.4987501502037048 0 0 0 7.299707978963852 0.7605384290218353 105.9294748008251 0 0.1357482820749283 3.258525505661964 413.3785532861948 7.207542315125465 54.61349149793386 10.84081844985485 0 0.2278818935155869 0.6253702491521835 3.537984892725945 0 0.6856807097792625 57.20658572763205 0.6316791176795959 1.239042744040489 0.518829882144928 0.2147539556026459 1.994414955377579 26.86568732559681 0 0.7480436116456985 2.362951971590519 18.16782991588116 21.16994772106409 11.50409711152315 8.000229090452194 0.6101897954940796 17.66116124391556 0.2671887874603271 3.579669132828712 1.492240257561207 0.5142234116792679 0.5937001556158066 0.5630026608705521 0.4054240062832832 3.055459588766098 406.6826433539391 64.30535435676575 1.697367608547211 25.27628143876791 12.39038296788931 23.71271424740553 21.74797367304564 9.481130890548229 0.2904756963253021 73.71564891934395 0.4030535072088242 7.20794715732336 6.612369157373905 0.2296983823180199 0.2237721979618073 2.288108296692371 0 0.784314751625061 2.222766481339931 2.051706157624722 1.160043768584728 1.382816225290298 1.81528976559639 0.1301085501909256 0.5408284738659859 4743.134621918201 172.9923624396324 8.336866110563278 59.7044218480587 248.1100079268217 1.04012905806303 24.36012178659439 21.97586181759834 8.515342369675636 10.40800659358501 147.1087867021561 13.7630320340395 45.07617478072643 88.3132151812315 95.53141732513905 5.971986919641495 156.2900393605232 299.6517460942268 235.816066890955 44.42300769686699 1.71474439650774 1.141143590211868 0.170809730887413 0 0 0 0 0 0 0 0.3973547518253326 0.8748659640550613 1.653196692466736 0.4587907940149307 1.074851185083389 0 1.820474967360497 0.4573148190975189 0.9754824191331863 3.506441533565521 5.960860952734947 0 0 0 102.7966966927052 1.06040932238102 78.87992683053017 50.60602608323097 3.613699309527874 0 0 0 0 0.3783235251903534 0.3058820366859436 0 1.006775349378586 8.592643857002258 0 0 0 2.965063706040382 0.2166505306959152 0.2576341554522514 0.65066297352314 0.09789741784334183 2.478668339550495 2.277769461274147 1.578328847885132 0.4659382551908493 0.2855301201343536 77.43450252711773 0.5231795012950897 0.1953179687261581 0.153478741645813 0 0 0 0 0 0 191.0396679341793 18.86627869307995 0 0 0.1680348366498947 8.167996034026146 0.8091905862092972 5.395644769072533 6.229008510708809 1.176799446344376 5.619932025671005 1.384867176413536 1.910903438925743 0 0 0 0 0 0 0 0 99.90264320373535 41.8023756146431 42.48178043961525 407.7830730304122 17.10233607888222 154.6619383767247 37.67325300723314 337.6059164851904 29.66241007298231 1.240016639232635 97.67984607070684 42.85941834747791 0.8873550295829773 17.77379132062197 2.04298435151577 112.4961880594492 2.214755073189735 0.5231859311461449 4.482639223337173 1.120686948299408 0.3246535807847977
433.195119343698 1169.829531669617 300.666536077857 2280.637083366513 1259.866282775998 240.4323380291462 5235.506857007742 99.69453725218773 4600.050231821835 7369.139872685075 2254.183839805424 2253.102985203266 0 1779.326007544994 242.1501399874687 69.7766567543149 5.375354878604412 2.133483245968819 0.1475469321012497 3.25155670940876 1.659701406955719 0 2.715931311249733 2.420067057013512 11.65790199488401 5.472503170371056 5.287649363279343 1.811125837266445 0.6666277050971985 0.3881219923496246 89.06853456050158 15.07264583557844 302.0958627834916 0.6720310151576996 2.334667004644871 14.22972495853901 601.8563533127308 21.62713395059109 65.17665375769138 24.67838159948587 3.525469556450844 2.623827919363976 1.436038821935654 23.22577564418316 1.370305344462395 1.444836296141148 395.0135982036591 3.967413112521172 6.505641356110573 0.491236999630928 3.939505115151405 3.01490230858326 33.18954493105412 0.1740229725837708 3.781637936830521 16.28902387619019 46.84502783417702 63.80986294150352 41.64158859848976 81.84004693478346 1.005529902875423 32.33331976830959 0.2726720571517944 54.49763491749763 14.4419582337141 10.81201972812414 8.870034448802471 5.152326062321663 2.760517448186874 12.06806218624115 282.0618053972721 66.53380671143532 0.9558413773775101 117.3875151872635 54.20676320046186 235.9834102764726 201.1857722699642 62.63697228580713 2.449965082108974 220.8456485420465 2.323693245649338 16.02649956941605 33.65677233785391 4.6774672716856 4.342219263315201 25.18188088387251 2.670173063874245 0.6559106856584549 5.681596718728542 1.973288372159004 0.9464890509843826 3.584037244319916 9.65094056725502 2.12467360496521 4.964166738092899 5342.746513478458 103.9702249914408 4.555411115288734 61.86733485758305 218.3783315867186 3.375463664531708 62.26952932775021 70.23243333399296 22.41104039549828 33.73013344407082 794.9603176265955 79.11050403118134 113.4117834568024 593.782659560442 293.7547194808722 22.12041407823563 442.2204848229885 867.2316858619452 588.6355251818895 151.8572236150503 4.614490285515785 1.372914895415306 0 1.490165188908577 0 0.4051300287246704 0.2524852156639099 0 0 0.4510890245437622 0.5127787590026855 0.3087902367115021 1.293690510094166 0 0.4939508885145187 0 0.8264361619949341 0.2203645408153534 0.8605785816907883 11.46877624839544 12.31631237268448 0 0 0 211.3344793617725 2.888458713889122 167.284138917923 72.28085804730654 4.896037742495537 0 0 0.1803399920463562 0.2262392491102219 0.2220915108919144 1.703662723302841 0 2.804779291152954 17.42407493293285 0 0 0.6256827116012573 7.560298785567284 0.3885228037834167 0.1445298194885254 0.2824451625347137 0 3.989281415939331 2.86423509567976 3.06697154045105 0.5162155628204346 0.721225917339325 158.5471558570862 1.755483627319336 0.3920391350984573 0 0 0 0.604565218091011 0.1080527231097221 0.8848822042346001 0.4051378518342972 503.7475889027119 28.25288687646389 0.5547763109207153 0.2006146907806396 0.246160015463829 24.07202713191509 2.964128702878952 8.713774129748344 9.612362898886204 2.665957897901535 14.75296339392662 2.881360158324242 1.868565633893013 0 0.1515254527330399 0 0 0.6317992657423019 0.1426654458045959 0 0 269.6387586593628 67.67598679661751 58.28202895820141 1370.012837409973 137.0536447018385 886.480409450829 282.6486018747091 526.9800858423114 177.8797453790903 12.74084910005331 502.9986378103495 118.1129218935966 2.382649265229702 28.70305282622576 3.692362561821938 286.912083953619 6.636556155979633 0 7.522809728980064 7.139485508203506 1.018603771924973
7.138635821640491 823.9708226472139 645.2166509702802 13.27862682938576 877.3380012139678 26.10413907468319 202.3221542835236 429.8997810482979 2790.002617835999 208.4585109576583 4129.862232707441 162.8848662301898 1779.326007544994 0 167.9426281675696 61.7538243085146 4.782908961176872 0.5934936329722404 0 3.853159308433533 4.739064857363701 0 7.858141489326954 3.525356009602547 23.14774863421917 7.53420465439558 9.283780582249165 5.28733067959547 1.114056378602982 0.1707177311182022 120.0150537639856 16.66928140819073 1382.394162282348 0.9886768162250519 7.103531412780285 28.67770750075579 1495.300189137459 72.74074330925941 34.52545663714409 74.16991528123617 9.345637902617455 4.629397422075272 0.6987237706780434 19.05444553494453 0.09753409028053284 0.8700289875268936 269.2850718870759 2.728189751505852 3.651403814554214 0.1913822591304779 1.415955297648907 0.2949977964162827 2.729894816875458 0.157009169459343 1.61252810806036 11.21529053151608 24.47630797326565 41.80481203645468 23.45776623487473 54.9066122546792 1.126410201191902 71.06160318106413 2.419037342071533 54.75085853785276 8.983429983258247 6.525691270828247 4.240970596671104 2.168831549584866 7.318619355559349 25.19567846506834 366.2068932652473 20.85507164895535 0 81.7600871771574 40.96078741550446 160.2059697881341 157.4446624964476 46.44890300929546 1.126043505966663 930.1711514666677 0.8562413826584816 10.29269010573626 20.74503090977669 1.286042630672455 2.044044390320778 14.78940875828266 2.455869175493717 0 2.525179199874401 0 1.943956092000008 1.014305412769318 21.5940663293004 4.468013040721416 3.470042951405048 894.3142481446266 71.78336174786091 0 7.596196547150612 28.41805747896433 0.7553213983774185 9.463749408721924 9.450225979089737 4.676056101918221 7.438782081007957 78.17710529267788 8.160300031304359 23.82683597505093 34.66366131603718 46.90938249230385 5.143436208367348 79.89364138245583 141.2239877283573 126.5425264686346 37.92207331955433 0.605275884270668 0.1608342379331589 0 1.141671240329742 0 0 0.4245021641254425 0.3736061006784439 0 0.4183656275272369 0 0.1545882225036621 0.6347333043813705 0 0.2227188348770142 0.8116482347249985 0 0 0.5697774440050125 1.054094970226288 2.983367741107941 0.1187286227941513 0 0 58.63016860187054 1.67636776715517 52.37374110519886 23.49689743667841 2.065564423799515 0 0.1938457936048508 0 0 0.2797631025314331 0.159998431801796 0 1.459089338779449 4.457771375775337 0 0 0.3366768062114716 0.83199842274189 0.3962315768003464 0.2529272586107254 0 0 0.5403310433030128 1.215414993464947 0.4295409321784973 0.431384414434433 0.1676627546548843 46.00739350914955 0.5108527839183807 0 0.108828566968441 0 0 0 0.1110342741012573 0 0 122.2232930511236 3.541918650269508 0 0 0 3.978869408369064 1.128572940826416 4.207303032279015 1.722284011542797 1.231178998947144 3.722298666834831 0 0.3048187345266342 0 0.476061537861824 0 0 0.3060686513781548 0 0 0 47.74088194966316 19.6381734162569 17.68151044845581 814.5974995195866 70.70139139890671 606.375009290874 179.0458492487669 136.5523184910417 101.2902923598886 7.847352966666222 296.9460241869092 41.47919665277004 0.6446031183004379 10.04174087196589 1.349953085184097 44.04115936160088 0.7097957953810692 0.5021024793386459 4.069913119077682 2.405280530452728 0.8764163106679916
