0 3131.673839040101 760.5186058282852 704.9455067962408 800.7348433062434 16.01928892731667 1181.381013691425 291.7195974960923 86.72838278859854 1626.608866333961 544.0304471179843 274.6241448819637 646.0317360162735 601.0152021571994 0.4648898020386696 0 0.2789844647049904 0.1424975544214249 0 0.3256081640720367 0 0 0 0 0.7615271657705307 0.4838510602712631 0.3024495244026184 0.1253727525472641 0.5122916102409363 0 517.952757447958 5.155424535274506 6.885800078511238 0 0.5356838554143906 0.3098921850323677 2.867487490177155 0.2804343327879906 0 0.6869072318077087 0.1178634017705917 0 0.4549602270126343 0.15577432513237 0 0.1728165000677109 21.28714568912983 1.887193515896797 0.3274901285767555 0 0.1697686165571213 0.6879338473081589 0 0 3.138808071613312 4.405349768698215 168.1372915878892 971.4366683289409 23.61164974421263 15.68518387526274 0.907110258936882 2.38013668358326 0.3522355705499649 3.716366834938526 0.6233601719141006 0.9655503109097481 0.9846840873360634 0.6097283810377121 0 0.6553777605295181 6.941450461745262 3.233970195055008 0 143.6876254528761 86.11013017594814 8.791597262024879 6.802924051880836 0.7404733449220657 5.588474497199059 237.6437902674079 0.1572606414556503 11.49158446490765 5.138862624764442 0.2437673956155777 1.460794165730476 1.229616083204746 1.479568064212799 0 0.09698311239480972 0 0 0.2265520244836807 0 0 0 113.3178300857544 6.176197916269302 1.529107809066772 2.0002830773592 1337.707662686706 0 0.3270432949066162 0.8076460063457489 0 0.5437166690826416 5.36059145629406 0 0.2255264222621918 117.7137272059917 4.245460659265518 1.938698902726173 4.396930128335953 4.947672963142395 3.700290352106094 0.8536412864923477 0 0 0 0 0 0 0 0 0 0 0 0 0 0 0 0.1471095830202103 0 0 0 0 0 0 0 0 0.3528653085231781 0 1.126769572496414 0 0 0 0 0 0 0 0 0 0.7945576310157776 0.4226154088973999 0 0 0 0 0 0 0 0 0 0 0 0 0 1.170161008834839 0.3123401701450348 0 0 0 0 0 0 0 0 2.793586552143097 0 0 0 0 0.1623620986938477 0 0 0 0.5954547822475433 0 0 0 0 0 0 0 0 0 0 0 1.543073058128357 0 0.2115054875612259 135.0767737552524 11.37002524733543 94.4421215057373 13.16656772047281 586.3588990271091 12.61328730732203 2.314684689044952 3.851110175251961 1.953333631157875 0.5931760668754578 0.7520503252744675 0 8.808168172836304 0 0 0 0 0
3131.673839040101 0 604.1932130530477 459.9966976046562 3688.864434026182 13.51914869248867 6050.388825088739 236.8557940125465 558.382752917707 868.8048601225019 694.339170075953 76.91024078428745 926.2381931468844 1685.702247574925 1.389324478805065 0.8440608456730843 0.5076318457722664 0 0.09170439094305038 0.09272521734237671 0.2673003375530243 0 0 0 0.422087237238884 0.09741636365652084 0.3950813785195351 0.3439049273729324 0.1818085908889771 0 1033.043598115444 10.68959692120552 8.297347076237202 0.1109666600823402 0 0 1.429219096899033 0 0.3034919798374176 0 0.1175294369459152 0.09378623217344284 0.3786162361502647 0.951304167509079 0.1310923099517822 0.5434880256652832 111.2178607955575 4.396644428372383 0.7106950208544731 0.3877079412341118 0.3121652156114578 0 0 0.2341054230928421 7.417984671890736 13.94560781121254 75.7104597389698 621.2076036259532 42.41502357274294 48.35265952348709 0.3938271403312683 1.710437782108784 0.3364069610834122 12.42168898135424 2.027060732245445 1.232908576726913 0.8337891399860382 1.569747693836689 0.4997580423951149 0.5146654024720192 1.258111238479614 3.661197990179062 0 244.3800368756056 178.752229899168 36.57272860407829 31.93589940667152 1.151820972561836 3.76885437220335 241.6516176313162 1.046672716736794 9.746423371136189 12.65831004828215 0.7539572417736053 3.245919555425644 1.946780286729336 3.622308798134327 0 0.739415131509304 0 0.7421289160847664 0 0.1038808375597 0.1221110671758652 0.9727314636111259 30.05414585769176 0.3505496382713318 0 0 1167.915304683149 0 1.039879828691483 0.3685029447078705 1.414298385381699 1.521721079945564 41.57755514979362 0.9268203675746918 1.069508820772171 324.676100820303 6.775097131729126 0.9539513885974884 9.085589826107025 8.955718845129013 9.041902139782906 2.702397391200066 0 0.3740080893039703 0 0 0 0 0 0 0 0.6577941179275513 0 0 0 0 0 0 0 0 0 0.7343544661998749 0 0 0 0 0.9309611022472382 0 2.879796102643013 0 0.1713673025369644 0 0 0 0 0 0 0 0 2.311365097761154 0 0.6927156448364258 0 0.3305533230304718 0 0 0 0 0 0 0 0 0 3.304017424583435 0 0.2919688522815704 0 0 0 0 0 0 0 4.163021638989449 0.7955201789736748 0.1503061056137085 0 0 1.270043641328812 0 0.8429400026798248 0 0 0 0 0.6920832991600037 0 0 0 0 0 0 0 0 2.967891946434975 0.8031444251537323 1.673499792814255 87.17835642397404 20.13674245029688 344.3541866391897 38.22239219397306 500.2844228520989 38.55553501099348 10.52834160625935 27.20379281044006 8.423125319182873 0.5300890058279037 5.991034880280495 0.1415095329284668 9.026109963655472 0 0 1.188501417636871 9.724188849329948 0.2834904193878174
760.5186058282852 604.1932130530477 0 0.6127354502677917 769.5973433628678 2.676120340824127 114.3773298934102 2562.82776132226 296.086556956172 5.277580626308918 2621.38676135242 0.7743522673845291 33.2298444211483 1407.217117488384 5.017002180218697 3.533877477049828 5.092165097594261 2.935292929410934 0.5727509260177612 11.46160645037889 7.681738667190075 0 0 0.115340955555439 11.25379948318005 1.965049266815186 4.864744909107685 3.059300787746906 0.8646759241819382 0 5470.519463486969 1039.936100415885 13.16784089803696 0.3093035221099854 3.26271653175354 2.138629294931889 1.633314430713654 3.28280046582222 0.2868674769997597 3.770700998604298 2.247915886342525 1.112017266452312 12.07051566243172 5.267917722463608 3.02277684211731 0.7175247073173523 76.34962657094002 8.670118764042854 4.048873245716095 11.70631186664104 2.220925308763981 0 0 0.8322466462850571 8.063006587326527 10.29997553676367 57.45053827017546 1419.183240793645 26.83936274051666 41.95113742351532 23.60874235630035 20.07932426035404 4.830006390810013 467.6629334688187 1.771063901484013 1.444310769438744 1.245404779911041 3.94417218118906 14.98929674178362 38.26940546929836 1.059501156210899 5.033317714929581 0 238.8966262638569 282.3814290836453 44.6405642926693 99.47621225565672 12.80246430635452 116.7628713548183 809.826830431819 21.03809540718794 306.8951880559325 12.97581564635038 0.3070774003863335 2.043994188308716 2.638614803552628 23.1315655335784 0 0.2346746027469635 0 0.2696422338485718 0.4461957663297653 10.56950069963932 0.1450560688972473 0.1119616776704788 17.80404397845268 0.2811639606952667 0 0.1610922664403915 885.5732783898711 0 0.2119416892528534 0 0 0.3338164389133453 0.7124475836753845 0.3396095633506775 0.4525959640741348 2.095242604613304 2.382219240069389 1.266023337841034 4.33587284386158 3.766708090901375 4.99543085694313 0.7297200709581375 0.6571837067604065 0.2590386569499969 0 0 0 0 0 0 0 0 0.1361759603023529 0 0 0 0 0 0.1282519847154617 0 0 0.1950674057006836 0 0 0 0 0.1933845430612564 0.1364204287528992 1.324611663818359 0.7467230781912804 0 0 0 0 0.1648643761873245 0 0 0 0 0.997870534658432 0 0 0 0 0 0 0.2416296005249023 0 0 0 0 0 0 1.685626059770584 0 0.4578769356012344 0 0 0 0 0 0 0 3.306914195418358 0.4271245896816254 0.8227032423019409 0 0 0.17121322453022 0 0 0.9154616594314575 0 0.350252091884613 0 0.2722108066082001 0 0 0 0 0 0 0.1738245785236359 0 1.517687559127808 0.4992311000823975 0.7726919502019882 56.79668537527323 18.11847543716431 197.3187178969383 23.86173873394728 72.59339936822653 17.62841065227985 5.601039282977581 16.03806036710739 4.291444383561611 0.1932787746191025 1.201958537101746 0 2.724971756339073 0 0 0.3423959016799927 0.9115422442555428 0.3370380699634552
704.9455067962408 459.9966976046562 0.6127354502677917 0 25.79481299221516 93.12871105968952 408.3864587023854 0.8523693382740021 16.99238312244415 967.049320936203 2.142908230423927 468.326865836978 1335.223306931555 278.8692968860269 0 0 0 0.1098231449723244 0 0 0 0 0 0 0 0 0 0 0 0 4.411142364144325 0.193872943520546 1.153721690177917 0 0 0 0 0.1049530208110809 0 0 0 0 0 0 0 0 11.38110529631376 0.505019798874855 0 0 0 0.1483841091394424 0 0 0.6927812322974205 1.697658509016037 16.20647396147251 104.7413765862584 6.687071315944195 6.416967496275902 0.1198676079511642 0.1230729669332504 0 1.053452149033546 0.09514036029577255 0.1818655952811241 0.2104194089770317 0.4003939032554626 0 0.1363473236560822 0.7061735391616821 0 0 30.00781836360693 19.11472806334496 4.39264503121376 3.679629966616631 0.1051116362214088 0.2209489196538925 0 0.1475357264280319 1.443146862089634 1.309281155467033 0 0.229129433631897 0.326245129108429 0.6201867833733559 0.08755862712860107 0.3880919143557549 0 0.1019040197134018 0.1427982300519943 0 0 0 14.83759210258722 0 0 0 472.5460554361343 0 0 0 0 0.3180437684059143 2.814227998256683 0 0 80.51627418398857 0.6729357242584229 0.9975337535142899 1.087338507175446 0.8656589835882187 1.430005073547363 0.4630229771137238 0 0 0 0 0 0 0 0 0 0 0 0 0 0 0 0 0 0 0 0 0.1505378633737564 0 0 0 0.3387687504291534 0 0 0 0 0 0 0 0 0 0 0 0 0 0 0 0 0 0 0 0 0 0 0 0 0 0 0.5145814716815948 0 0 0 0 0 0 0 0 0 1.318545117974281 0 0 0 0 0.1574877351522446 0 0 0 0 0 0 0 0 0 0 0 0 0 0 0 0 0 0 12.9344025477767 2.362129583954811 41.37636957317591 4.9909503236413 466.5444509834051 5.621600292623043 1.005278035998344 2.052124105393887 0.9280657917261124 0 0 0 0.1516176164150238 0 0 0 0 0.1188327744603157
800.7348433062434 3688.864434026182 769.5973433628678 25.79481299221516 0 3.853002905845642 989.3592880889773 244.4932763800025 3828.188297249377 29.32737453281879 2465.035223767161 5.407300710678101 221.9292357638478 2800.188538961112 1.198101989924908 0.2684033811092377 0.873370461165905 0.3028262481093407 0 0.3646067678928375 0.2078053206205368 0 0.09977871179580688 0 0 0.2065559104084969 0.2550499737262726 0 0.5629441365599632 0.1013248637318611 177.8608349263668 15.16697382181883 9.070577293634415 0 0 0.2815405428409576 1.690246149897575 0 0 0.6512910947203636 0.2105909138917923 0.2475197464227676 0.2690677717328072 1.231839239597321 0.1627238243818283 0 153.3889570534229 5.388365313410759 0.514487013220787 1.257614716887474 0.1426627188920975 0.1049375310540199 0 0.3152317926287651 7.187012948095798 14.89701882004738 36.53026781231165 230.6101049557328 32.67885906994343 55.79669909179211 0.5090568140149117 5.429938107728958 0.2818053513765335 21.83326953649521 1.498339362442493 1.542440682649612 0.8459803014993668 2.04336304962635 0.9660131111741066 1.516907073557377 3.930220603942871 6.422904968261719 0 156.0562418624759 149.5325950160623 60.14205257594585 57.82607909291983 1.524312272667885 1.823749363422394 100.1114104390144 0.7580719217658043 6.921502463519573 10.17183151096106 0.8670941069722176 3.540946252644062 3.617776833474636 4.216882146894932 0 0.657737173140049 0 0.9454946890473366 0.229022316634655 0.330263115465641 0.2333285808563232 0.2355478405952454 47.47997845709324 1.761893928050995 0 0.3684970885515213 136.25792722404 0.158383771777153 0.4298239201307297 2.12800994515419 0.3491588234901428 2.283373758196831 12.79348888993263 5.99887527525425 1.531314358115196 10.93755428493023 13.57770401239395 4.210169598460197 34.51658809185028 21.11148126423359 18.95246733725071 12.38096997141838 0.1078062579035759 0 0 0.6079772710800171 0 0 0 0 0 0 0.1170648410916328 0 0.2740722000598907 0 0 0 0.2071564793586731 0 0 3.490097686648369 0.7651298344135284 0 0 0 5.019953325390816 1.14346382021904 7.240435786545277 1.35869887471199 0 0 0.2030405253171921 0 0 0.4393659234046936 0 0 1.355751991271973 3.639212414622307 0.2496796548366547 0.1188362240791321 0 0 0 0.2379523366689682 0 0 0 2.020492687821388 0 0 0 8.655360013246536 0.5359370708465576 0.5678135603666306 0 0 0.4440276920795441 0.1330791115760803 0 0 0 25.96857175976038 0.6195923089981079 0 0 0 2.394890859723091 1.384617805480957 2.810999259352684 1.788295850157738 0.7869425565004349 0.7753956615924835 0 0.286737859249115 0 0 0 0 0.09611449390649796 0 0 0 11.5167450979352 1.518488392233849 6.336168929934502 137.6372155845165 38.02752271294594 403.9269797354937 62.60363517701626 300.684913046658 50.59046561270952 12.87262461334467 43.31724973767996 16.34081582725048 0.3031595349311829 6.927898332476616 1.36222405731678 12.90631586313248 0 0.2023444622755051 0.6294785887002945 2.918941490352154 0.1810562610626221
16.01928892731667 13.51914869248867 2.676120340824127 93.12871105968952 3.853002905845642 0 106.0650558173656 0.4360505938529968 18.57263162732124 440.1150919348001 11.90239070355892 405.115677639842 362.5223456919193 110.0868471562862 0 0.2553538382053375 0 0 0 0 0.2336753457784653 0.1866002827882767 0 0 0.2410793304443359 0.5951652526855469 0 0.3040359616279602 0 0 0.5900258719921112 0 35.02176184952259 0 0 0.4462922215461731 41.29959408938885 1.749754875898361 4.323442369699478 0.6960352063179016 0 0 0 0 0 0 0.7677634209394455 0 0 0 0.1452850550413132 3.077699229121208 0.3733073770999908 0 0 0.4070385992527008 54.21697962284088 20.17789091169834 0.7354168444871902 0.3910900354385376 1.107841372489929 9.350996792316437 0 0 0 0.1240463256835938 0.2337622195482254 0 0 0 168.4848689734936 294.7842087745667 5.670406013727188 0.9667890518903732 1.34965680539608 0.1372349858283997 0 0 0 10.57321274280548 0.4247866123914719 3.616025567054749 0.1560747623443604 0.2833640277385712 0 0.3335486650466919 0 7.313587710261345 2.007061406970024 5.496673405170441 0 0.6010196506977081 0.4732256829738617 0 0 582.9298451393843 176.459268078208 31.3034719824791 15.93946668505669 412.2092732191086 0 0 0 0 0.4921421110630035 1.247574657201767 0.3674693405628204 1.198636174201965 3.204512372612953 3.661746770143509 0 4.002780541777611 1.348078563809395 3.637136787176132 0.7132128775119781 0 0 0 0 0.1240183785557747 0 0 0 0 0.1276176124811172 0 0 0 0.1944431960582733 0.1420647352933884 0 0.3337468206882477 0 0.1500313282012939 0 0 0 0.462208479642868 0 1.718663439154625 0.8029021024703979 3.237638354301453 1.555838689208031 0.6005947440862656 0 0 0 0 0 0.6642468273639679 0 0 0.2365901917219162 0 0 0 0.3269109129905701 0.3967674374580383 0 0 0 0 0 0 0.1348772794008255 0.4378995299339294 2.56312470138073 0 0 0 0 0.4519219994544983 0 0 0 0 4.529901534318924 7.199244752526283 0 0 0 0.6671249568462372 0.6980484127998352 0.3549049496650696 0.7186227440834045 0 0 0 0 0.2086924463510513 0 0.3187175691127777 0 0 0 0 0 3.137170851230621 1.537841126322746 2.568589478731155 47.85321410000324 2.510231643915176 2.389686964452267 2.123358778655529 76.79546225070953 0.7631548494100571 0 2.325885772705078 4.170743972063065 0.2416502833366394 0.09707102924585342 0.4725239872932434 5.138826370239258 0 0.1219860091805458 0 0 0
1181.381013691425 6050.388825088739 114.3773298934102 408.3864587023854 989.3592880889773 106.0650558173656 0 41.19604399055243 1544.088490270078 1641.9415775612 262.1252449601889 209.724332369864 3629.131905093789 1540.206481665373 17.85504307597876 9.429208777844906 2.935100875794888 0.3279126808047295 0.5000995323061943 1.561473719775677 0.3020108342170715 0.235665962100029 0.09475509822368622 0 3.252799168229103 1.348507240414619 1.09281925112009 2.557517051696777 1.267950907349586 0.1790872514247894 133.3559350371361 25.75844832509756 43.77681660652161 0 0.5612588375806808 0.453157901763916 24.23193927109241 2.365522593259811 2.439698621630669 0.1832347214221954 1.557146772742271 1.892303176224232 1.433373816311359 1.943078525364399 0.4440222829580307 0.3001809939742088 427.7386048659682 13.73101907223463 0.74103032797575 2.627390004694462 2.971481963992119 0.5871338546276093 0 1.699929490685463 16.5601007938385 38.49895703047514 107.1951735913754 521.064854376018 80.07448776066303 134.3076708465815 4.270098201930523 23.21556118875742 1.364021860063076 44.76445162296295 6.741507910192013 3.42766273021698 3.588727794587612 4.479111798107624 3.092042744159698 4.669443942606449 37.49482522904873 50.38186964392662 0.3646803796291351 427.9637772589922 335.1931499987841 162.7771982252598 155.1320750489831 10.93887856602669 4.6484040543437 90.50535662472248 2.951843425631523 30.43780107796192 25.7360225468874 1.741270862519741 7.042714767158031 7.084880702197552 11.10364995896816 0.9508902430534363 3.03295373916626 0.1397712081670761 2.339278168976307 0.9915004000067711 0.8002822697162628 0.1583946049213409 1.751138806343079 700.6066204085946 11.64934265613556 0 4.920486576855183 458.0107663497329 4.647367909550667 9.643449783325195 14.11857807636261 7.024912938475609 28.49083134531975 46.80457399785519 17.22639615833759 10.38777485489845 144.9060226157308 138.579287558794 37.45128927379847 278.9946229308844 212.6341879889369 168.636317409575 99.17301259934902 4.995075836777687 0.9269888028502464 0.2573632597923279 0.7712753564119339 0.3020387887954712 0 0 0 0.1867688596248627 0.6425614655017853 0 0 0.1355290710926056 0.174617812037468 0.3771328330039978 0.2169601023197174 0.122713103890419 0.8066946119070053 0 14.83190535753965 5.120842814445496 0 3.581139653921127 1.225883901119232 37.17221972346306 10.6352828592062 52.35283729434013 4.844657316803932 0.8022878766059875 0 0.2127435505390167 0 0.7232316732406616 0.5480287224054337 0.3316453695297241 0 4.379123911261559 24.91439471393824 0.1811365634202957 0.119269572198391 0.3375279903411865 1.098727136850357 0.3152975812554359 0.4264312982559204 0.490920215845108 0 0.8744345307350159 10.22674684226513 0.4588080942630768 0.2103193998336792 2.31317412853241 83.05153583735228 2.89677794277668 1.018126890063286 0.5974475666880608 0 0.2901713624596596 0.135089322924614 0 0 1.080351263284683 205.2366041764617 6.549236938357353 0 0 0.2188193202018738 18.74558851122856 6.699721649289131 10.86402973532677 13.60690280050039 12.13772296905518 14.49262619018555 2.746154651045799 5.890943601727486 0.1507055908441544 0 0 0.1035732626914978 0 0 0 0 81.09928134828806 20.50796467065811 35.38559955358505 745.9088293835521 153.7934200838208 1273.28812853992 212.9748255684972 1564.213423103094 136.0645777881145 54.60813272744417 218.5358306020498 94.85743492096663 4.869004309177399 41.67778363823891 4.317972093820572 110.1995074748993 2.803499221801758 0.8899175077676773 19.66732835024595 10.24395058304071 1.599228546023369
291.7195974960923 236.8557940125465 2562.82776132226 0.8523693382740021 244.4932763800025 0.4360505938529968 41.19604399055243 0 356.7431743592024 5.542253352701664 2328.041060425341 0.801589623093605 31.34643474966288 1458.507776752114 30.19809178262949 26.94909686595201 12.35606478899717 8.380518011748791 2.01880019903183 38.2386087179184 40.44438953697681 0.963435135781765 4.71174643188715 0.1465207785367966 97.30487366020679 11.6446658372879 36.98085595667362 16.08554025739431 6.042851768434048 3.3356913626194 1472.493575036526 1768.791582278907 99.82251717895269 3.280600130558014 16.86271534860134 25.46179678291082 6.699878565967083 25.93309758603573 2.132039234042168 22.23944742232561 22.97374264150858 1.224334895610809 31.79920008778572 16.42195619642735 6.105749256908894 3.011360861361027 248.3907242417336 10.76643937081099 6.633916288614273 20.93683905899525 7.977529026567936 0.4468003064393997 0.3501139879226685 4.745234623551369 8.082267224788666 11.24456077069044 42.95342820137739 507.800944365561 30.22299622744322 76.46197023242712 150.2399423718452 200.2019759565592 26.92582714557648 193.568864248693 2.510778717696667 2.373655736446381 2.654668629169464 13.04016353935003 48.8199181035161 139.2943531274796 4.010827399790287 3.398344069719315 0.3691025078296661 213.3466555997729 239.486481949687 131.0773728638887 248.7728762701154 299.2980928346515 884.2940275967121 3201.970286123455 146.0272572785616 3833.471464417875 10.86144654452801 1.482391387224197 4.661391213536263 3.414755314588547 42.93037848174572 0.1293207257986069 0.8929658904671669 0.1813709437847137 1.526572838425636 0.4225926399230957 32.9953768402338 2.255689986050129 1.642875388264656 22.61540085077286 0.7288301438093185 0 1.043079972267151 257.2209386304021 0 0 1.028718456625938 0 1.281043618917465 1.009643033146858 0.1761483550071716 1.147205218672752 1.327629223465919 3.142124146223068 0.7133385688066483 9.716273754835129 5.079176276922226 5.349332585930824 2.345351025462151 0 0.1548915654420853 0 0 0 0 0 0 0.4399051070213318 0.2565861940383911 1.375552922487259 0 0.1528314352035522 0.4014477431774139 0 1.025217801332474 0 3.307069130241871 0 0.5872603803873062 0 0 0.4944691210985184 0 2.795733198523521 0.717703603208065 0.9824949502944946 0.528472363948822 0 0 0 0 0 0 0.1089418977499008 0.202173262834549 0 0.929653599858284 0 0.1508617401123047 0 0.8586195558309555 2.973466724157333 0 0.1260860711336136 0 0 0.1415512263774872 0 0 0.1254152953624725 4.215107381343842 0.2637276947498322 0 0.2205544710159302 0 0 0 0 0 0 4.816624045372009 1.121856123209 0.5079755187034607 0 0.1909375935792923 1.387524142861366 0.746435672044754 2.938858956098557 0.586510106921196 0.7175528407096863 0.1529675275087357 0.9527267217636108 0.2701588869094849 0 0 0 0 0 0.1553145200014114 0.1785602569580078 0 2.489992156624794 2.168858006596565 3.240431904792786 320.0485854223371 64.17636715620756 540.9129397273064 80.9797548353672 111.8051260337234 42.34009929746389 15.09297309070826 90.73193595558405 15.40003170073032 0.3568321466445923 1.779447197914124 0.3376595973968506 5.576839536428452 0.5342538356781006 0 1.255753964185715 7.929274544119835 0.5620779097080231
86.72838278859854 558.382752917707 296.086556956172 16.99238312244415 3828.188297249377 18.57263162732124 1544.088490270078 356.7431743592024 0 179.4773458465934 2843.442708618939 30.58122201263905 660.9632035270333 3477.969793856144 7.558855265378952 6.535585172474384 1.596634432673454 0.5670421272516251 0 0.3514220118522644 0.6034830808639526 0 0.1292217224836349 0 0.8981361463665962 0.1943538784980774 0.7433185130357742 1.121424563229084 1.022450298070908 0 72.13129168003798 9.793376952409744 22.16079063713551 0 0.5720549449324608 0.1091786548495293 9.123613782227039 0.9135223403573036 0 0.2671380043029785 0.4668128043413162 0.7952388674020767 0.4247316941618919 1.513215772807598 0.4819492995738983 0 127.9794028922915 3.359501607716084 0.3631468489766121 0.4314208403229713 1.250140301883221 0.4104982614517212 0 0 1.712527967989445 9.635773360729218 18.23441845178604 58.68899568915367 15.91092685610056 32.23510424047709 0.9508096873760223 10.21339085698128 0.5257624238729477 13.13147483766079 1.281837239861488 0.8994370549917221 1.461835637688637 1.020727671682835 1.574488446116447 2.334691539406776 18.60268919169903 23.37734161317348 0.1966794729232788 74.90640722215176 71.84104669839144 51.49680475145578 64.68535128235817 4.819851793348789 1.035168707370758 61.12224607914686 0.5321992337703705 14.93810849636793 4.285066097974777 0.6996761560440063 2.487025983631611 3.786383271217346 3.389591433107853 0 0.5369336307048798 0 0.7034698873758316 0.5301458239555359 0.1145991459488869 0.5437699630856514 1.489589288830757 338.9898484647274 6.565031826496124 0 1.75528122484684 34.37770370393991 2.921535789966583 6.451248303055763 2.571265086531639 1.42317570745945 9.471815913915634 18.94744966924191 8.241393148899078 8.048643887042999 45.08164595067501 65.70395459234715 23.1043955385685 130.5230150148273 97.86576645076275 78.62159037590027 48.79626509547234 1.326797246932983 0.8748336136341095 0.6075921356678009 0 0 0 0 0 0 0.3663184344768524 0 0 0 0 0.1329552233219147 0 0 0 0 7.160157285630703 1.790708482265472 0 0.1691040396690369 0 19.15040661394596 3.988808050751686 25.51680009812117 2.579277038574219 0 0 0 0 0 0.4316336214542389 0 0 1.202419921755791 17.00834937393665 0 0 0 0 0.7898756712675095 0 0.5514721572399139 0.1303126960992813 0 5.271815583109856 0 0 1.84548319876194 37.83244895935059 0.823911190032959 1.279375910758972 0.8268718719482422 0 0 0 0.1318108290433884 0 0.1367788761854172 113.3006524145603 2.662615656852722 0 0 0.3156398832798004 9.712824106216431 0.1050324216485023 4.551412552595139 4.471637740731239 7.50254462659359 5.001046344637871 4.318860918283463 1.438964456319809 0.6226078867912292 0 0 0 0 0.1314955353736877 0.3589746057987213 0 37.2700105458498 8.616347715258598 17.15300583094358 344.0391306728125 62.99175226688385 404.4569329172373 68.73708508163691 291.2003706172109 42.37920835614204 15.67595389485359 102.8932463228703 54.61627915501595 1.807954967021942 22.22013776004314 1.119687587022781 45.3765110373497 0.6514387875795364 0.335161566734314 4.312937825918198 3.778739474713802 0.6102664172649384
1626.608866333961 868.8048601225019 5.277580626308918 967.049320936203 29.32737453281879 440.1150919348001 1641.9415775612 5.542253352701664 179.4773458465934 0 34.91343853622675 1586.406786546111 10654.51138899475 1579.762045793235 4.194332703948021 2.023355469107628 1.082591235637665 0 0 0 0.7079931497573853 0 0 0 0.9024296998977661 0.2648554891347885 0.4200846552848816 0.7124486863613129 0.2074633985757828 0 11.46380287408829 2.794110365211964 13.0350708886981 0 0.2463173121213913 0.09767389297485352 10.20409977436066 0.2099006026983261 0 0.4652505293488503 0.4053163379430771 0.219326063990593 0.2696952670812607 0.6609580367803574 0 0 41.11371573805809 1.571584716439247 0.08807013928890228 0.7138647213578224 0.130332887172699 0 0 0.251541756093502 2.610474549233913 3.340737588703632 55.22088947892189 219.3284561559558 13.51043770462275 8.345916584134102 0.7285976856946945 3.526365235447884 0.1765685379505157 4.654093086719513 0.8648243024945259 1.18353184312582 0.6979002729058266 1.085599422454834 0.7195627689361572 1.290763519704342 70.78075625002384 8.051029175519943 0 73.0216181576252 46.55767649412155 16.80785471946001 11.41608855873346 1.583956509828568 0.3515664637088776 10.21494922041893 0.723940797150135 6.651753455400467 3.457614079117775 0.8300038427114487 1.477970987558365 1.172871358692646 1.176843538880348 0 0.3889129385352135 0 0 0 0.2353968173265457 0 0 737.0539618581533 1.616607069969177 0 0 974.5492006093264 1.650941073894501 5.060840576887131 5.583223789930344 48.1526794731617 7.563304558396339 15.64687183499336 17.16769143939018 7.423341408371925 176.1833451092243 89.92596682906151 12.25180065631866 126.0967493802309 171.4936437755823 75.32415526360273 33.84366088360548 2.877670899033546 0.4045010209083557 0 0 0 0 0 0 0 0 0 0 0 0 0 0 0 0 0 6.928798943758011 0.5250489264726639 0 0.5808011889457703 0.2012345939874649 10.23267330229282 1.773172542452812 15.5077758282423 1.190574586391449 1.348216190934181 0 0 0 0 0.1699932068586349 0 0 0.4143488705158234 11.12050174921751 0 0 0 0 0.2111572921276093 0 0 0 0 2.032924108207226 0 0 1.183206677436829 19.09279849380255 2.216010674834251 0.5336659252643585 0.4915968403220177 0 0 0.3214038759469986 0 0 0 66.83507267385721 0.6051052212715149 0 0 0.2274045050144196 7.077272348105907 2.623383224010468 2.77969779074192 6.245264910161495 3.186249300837517 0.8669251501560211 3.209473609924316 1.919882893562317 0 0 0 0 0.1947548389434814 0 0 0 36.33079092204571 1.37252376973629 5.104309514164925 335.5501522496343 21.9609262496233 143.0844611674547 23.89736403524876 1592.874601170421 15.4642770960927 4.360633470118046 25.99227625131607 41.01872531324625 1.107081897556782 14.0806637853384 3.603080399334431 69.90622287988663 0.5820143818855286 0 1.774145193397999 0.7314499318599701 0
544.0304471179843 694.339170075953 2621.38676135242 2.142908230423927 2465.035223767161 11.90239070355892 262.1252449601889 2328.041060425341 2843.442708618939 34.91343853622675 0 9.843425020575523 152.0779860913754 5145.124178618193 12.1388753131032 8.762310527265072 4.662070199847221 1.691985279321671 0.7081837207078934 3.496149428188801 1.548333644866943 0 0.1044837161898613 0 15.79478963464499 2.437783755362034 7.224703006446362 2.698070198297501 0.9823029935359955 1.450990229845047 684.7459575533867 195.7629479467869 202.5406313687563 0.1875571310520172 2.269255250692368 7.828388676047325 42.19492964446545 7.140364184975624 3.463053330779076 10.78278134018183 3.326717205345631 0.5363209843635559 2.165597692131996 4.002665475010872 0.7646096050739288 0.7661174833774567 194.2982300445437 3.775766745209694 1.054379560053349 3.087653271853924 1.873034089803696 0.3655642420053482 0.4462947994470596 1.053495317697525 5.589765384793282 11.41162052005529 27.66195626556873 220.0269063264132 22.31865885108709 61.63678136467934 11.29822025448084 41.69971693307161 6.510675698518753 36.64687721431255 2.268447689712048 1.186291582882404 1.95161184668541 2.70710863173008 4.19384877383709 10.64645480364561 25.23882040381432 23.39583311975002 0 137.7266607508063 146.8070962578058 90.76161377876997 118.3180035874248 13.98393135517836 177.8693352043629 3233.109081193805 11.20836120098829 357.1144588366151 7.847338460385799 0.8427404761314392 2.747859425842762 2.366886168718338 9.203426226973534 0.2542491182684898 1.480103738605976 0 2.17300195991993 0 3.452436864376068 0.818012148141861 0.8527007848024368 145.4176769256592 4.420544534921646 0 1.203842863440514 180.7360734120011 0.8138319700956345 1.042327165603638 2.178550809621811 0.9622457474470139 3.740880131721497 10.41269633173943 1.404679790139198 1.672384366393089 13.03229188919067 26.49732202291489 11.09303720295429 55.01097303628922 30.78548976778984 35.30556878447533 12.90936352312565 1.691536337137222 0 0 0 0 0 0.1707145571708679 0 0 0.5028862953186035 0.1315660625696182 0 0.1319118291139603 0 0.1112562045454979 0.3004439473152161 0 0.6424830555915833 0 1.506216660141945 0.8476353585720062 0 0.9822119474411011 0.2258142679929733 7.432069197297096 3.106576070189476 10.64038881659508 1.441822618246078 0.1222558841109276 0 0.182014673948288 0.1211869344115257 0 0.4773796200752258 0 0 2.671805024147034 10.46631926298141 0.1528698205947876 0 0 0.139132097363472 1.022048205137253 0 0.3245314955711365 0 1.045526385307312 4.164704993367195 0 0 0.1413898766040802 17.74081292748451 0.6154308021068573 0 0.1782004535198212 0 0 0.2578274309635162 0 0 0 28.48883029818535 3.503938481211662 0 0 0 5.263811990618706 0.858510822057724 2.855612769722939 3.424118280410767 2.089551270008087 2.416375771164894 1.74046403169632 2.903828218579292 0 0 0 0 0 0 0 0 10.63049533963203 5.51483453810215 6.15129990875721 413.0639686733484 74.78469883650541 497.7541358172894 88.17258239537477 260.0081362426281 46.00212099403143 22.06461076438427 116.2928798496723 36.7679443731904 1.904864683747292 8.009337820112705 0.9768897294998169 32.5615392178297 0 0.1368084698915482 3.114807687699795 6.934064865112305 0.6192362755537033
274.6241448819637 76.91024078428745 0.7743522673845291 468.326865836978 5.407300710678101 405.115677639842 209.724332369864 0.801589623093605 30.58122201263905 1586.406786546111 9.843425020575523 0 3104.983375385404 659.8414831757545 4.009793326258659 5.861388735473156 2.715040981769562 0.6957161426544189 0.4690946489572525 0.5733605176210403 0.9474180340766907 0.4927437156438828 0 0 2.980915024876595 0 1.391210108995438 0.5740058198571205 1.246602222323418 0.346420019865036 1.054796263575554 2.123411029577255 30.09023669362068 0.3138505220413208 0.584969162940979 1.305407494306564 38.2781919836998 1.568102166056633 2.656754896044731 3.086666524410248 1.121165290474892 0.2196233719587326 0.6197973042726517 4.105582594871521 0.9907048046588898 2.694124892354012 16.27244397997856 0.5023984909057617 0.3860512673854828 0 0.162202924489975 0.855794683098793 4.46563708782196 0.3027918487787247 0.1913966536521912 0.8381062969565392 6.093057386577129 26.50211814790964 2.460579745471478 1.631884701550007 6.869508281350136 11.28387139737606 5.23828911781311 3.31315615773201 0 0.1539777517318726 0 0.5457772016525269 0.5051843971014023 3.119202613830566 101.7055193632841 97.77934369444847 0.5779371857643127 9.032230883836746 5.464038625359535 4.546276725828648 10.3980725929141 4.833963185548782 0 69.2064955085516 3.402478866279125 6.38885435461998 0.1557825207710266 0 0.09278589487075806 0.1272568106651306 0.7434010803699493 0.4753198176622391 0.18500816822052 0.3560983091592789 0.6214390844106674 0 1.299025222659111 0.1321807354688644 0 2119.787086874247 21.78916725516319 1.575926095247269 3.618683576583862 188.8583680391312 0.9893637225031853 4.867459416389465 5.938794627785683 0.9935357570648193 8.2586649954319 17.58935945481062 12.60477167367935 10.17707850784063 38.48716942965984 46.81297455728054 24.62324661016464 112.7932474017143 78.3794923722744 96.31468583643436 45.86093193292618 1.815777599811554 0.958208903670311 0 0.2497971653938293 0 0 0 0 0.1485739201307297 0 0.3519268929958344 0 0 0.1400615125894547 0.2817682549357414 0.4167061299085617 0 0.7152915894985199 0 5.537351444363594 3.954168997704983 0 0.8493820130825043 0.5630114674568176 19.05630994588137 5.727016657590866 32.42450011521578 1.777467638254166 0.1508836895227432 0 0.213978111743927 0.1962108165025711 0 0.4618877172470093 0 0.4236953258514404 1.766238242387772 17.61610013246536 0 0.6233622804284096 0 0.3627247661352158 0.3626725822687149 0.7570771872997284 0.7252278476953506 0 0.2418990880250931 5.429431304335594 0 0.5588503777980804 0.7849585860967636 47.92714153975248 1.670306771993637 2.000025495886803 0.1338838189840317 0.1457806080579758 0 0.1496361196041107 0 0.2424256652593613 0 118.873521015048 6.619721591472626 0 0 0 9.636571601033211 0.932002529501915 6.377358183264732 6.197541624307632 5.080550983548164 6.819844923913479 5.105938270688057 3.209532782435417 0.7232362404465675 0.1431165188550949 0 0 0 0 0 0 48.94189441204071 8.424351871013641 13.95959354937077 214.9079345464706 14.61624421179295 64.74777957051992 9.607879288494587 642.6975427940488 8.743659794330597 3.460352778434753 24.61499270051718 42.55848357081413 0.6264266520738602 21.63941314816475 1.608544908463955 44.71347759664059 0.4635377526283264 0 6.126318596303463 1.099042922258377 0.4738617837429047
646.0317360162735 926.2381931468844 33.2298444211483 1335.223306931555 221.9292357638478 362.5223456919193 3629.131905093789 31.34643474966288 660.9632035270333 10654.51138899475 152.0779860913754 3104.983375385404 0 3176.733939141035 46.98217634111643 37.7091912701726 12.7269290164113 3.652791604399681 0.7626516819000244 5.176817514002323 5.405167229473591 0.8653282225131989 0.683228611946106 0.1345614343881607 44.7402236610651 7.581553399562836 12.53896172344685 4.346781969070435 8.792898714542389 1.170323580503464 24.83505193144083 17.34204593300819 1055.077826656401 0.3812398165464401 3.013230070471764 90.69657172262669 237.6174620315433 79.82764552533627 84.94991444796324 424.2604671791196 9.032688722014427 1.682728961110115 2.514119990170002 14.21293997764587 0.4835522025823593 3.251820035278797 157.5342996641994 3.865409471094608 1.128403261303902 5.537932939827442 4.469909779727459 3.250698029994965 28.89396558701992 1.968743555247784 3.480696983635426 10.91276171803474 24.92893504351377 108.5859995856881 16.04893305897713 27.34893479943275 33.52418865263462 228.5435982495546 24.02763742208481 28.80169293284416 2.190857909619808 2.442178942263126 2.707515127956867 4.514043919742107 8.207442574203014 31.4723004847765 362.1988807320595 165.1566237211227 1.143274769186974 68.81765097379684 55.84425058215857 91.84241113811731 109.2925268933177 32.02938318252563 6.695076860487461 812.0874879211187 17.86898182332516 83.37249251455069 5.365776017308235 1.738679841160774 3.217864021658897 2.842611968517303 7.268346950411797 3.033751875162125 2.743189632892609 2.304976999759674 1.487899154424667 1.675037145614624 8.667372949421406 1.189917832612991 3.895043529570103 3106.418011009693 43.38967774808407 5.965182289481163 37.12592259049416 346.4263302534819 6.150601699948311 11.15904106199741 6.340959519147873 3.932366132736206 17.19875226169825 36.85093060880899 21.92585496604443 13.42237304151058 111.2019850388169 109.2921925485134 44.7538521066308 214.8819118514657 188.0666423588991 169.161051556468 102.294639647007 4.097047820687294 1.22778557240963 0.6341747790575027 0.6665498018264771 0 0 0.3491926193237305 0 0.1317825019359589 1.112277925014496 1.000949814915657 0 0.9202735275030136 0.681818038225174 0.1236005574464798 1.35426376760006 0.554220899939537 1.086346790194511 0.5978941768407822 19.33322735130787 5.716315612196922 0.3118554651737213 3.902810089290142 1.160255499184132 46.14016512781382 20.10527105629444 61.42460691183805 9.155471786856651 2.394723996520042 0 0.5648971199989319 0.1336253136396408 0.1432534903287888 1.04964891821146 1.402439966797829 0.2886738181114197 4.96726893633604 29.75642191618681 0.2348097562789917 0.4533738493919373 0 2.054086938500404 2.291733741760254 0 2.734644085168839 0 1.078553691506386 7.563603423535824 0 0.5887503176927567 2.265777572989464 90.72055117040873 3.65451380610466 1.903913766145706 0.5138156861066818 0.1313552707433701 0 0 0 0 0.1137257814407349 262.2409824952483 19.06824657320976 0.2742475569248199 0.2950691282749176 0.1550965756177902 23.83390334248543 6.446487858891487 11.31551377475262 13.75419359654188 11.64218749850988 12.95456271618605 4.901110142469406 3.691636480391026 0.2668934240937233 0 0 0 0.1440806090831757 0 0 0 87.2750878483057 22.78593798726797 39.24285505712032 893.4679299369454 151.3898552432656 506.9522714540362 116.7526919320226 1159.031415298581 53.28445787727833 20.24428484588861 208.9755381643772 97.99484800547361 3.006918340921402 41.81832852959633 3.195237524807453 73.29330752789974 2.253075733780861 2.064591944217682 13.74347269535065 16.35740426927805 3.217442117631435
