0 2081.325252391398 1740.345628112555 2850.757196359336 456.8820012956858 58.32814273238182 1290.668991096318 161.856924071908 52.02824073284864 2055.519045807421 632.8284758478403 36.12001274526119 420.2671871781349 291.6447811126709 5.493397884070873 2.502669990062714 0 0.2111924141645432 0 0.4022422134876251 0.5234377086162567 0 0 0.2746153175830841 0.1631937772035599 0.2096318453550339 0 0 0 0 433.5610103532672 1.648918762803078 29.7377902790904 0.3940704017877579 0 0 21.92163725197315 0 0.9637686014175415 0 2.14325900375843 0.2281315103173256 0.4665563553571701 0.1393866837024689 0 0 13.69737075269222 7.32118059694767 0 0.1640613973140717 0.4072513654828072 0 0 0 0.2001685053110123 0.9780833944678307 181.7853309065104 757.7005413919687 14.58078219741583 4.771095417439938 0 3.648755617439747 0 0.3782908469438553 1.747542440891266 4.642469942569733 2.138310790061951 2.200889617204666 0.1083092838525772 3.525909930467606 11.35768610239029 6.289799004793167 0 114.1269424259663 26.39071290940046 5.219323985278606 1.57932098954916 0.2397790849208832 4.52174785733223 98.40199612081051 0 3.827015675604343 7.93098833411932 0.09076341986656189 7.229317128658295 1.153581961989403 3.398450434207916 0 0.6644896417856216 0 0 0 1.945725813508034 0.2405842170119286 0.224869430065155 125.3218731582165 4.232948839664459 1.08171471953392 0.5599127560853958 419.56077234447 0 0.4970491826534271 0 0.3111562132835388 0 2.918336853384972 0 0.7302609086036682 114.3403030484915 1.990224406123161 0 7.222875669598579 7.617527768015862 7.560813829302788 0.7130395472049713 0 0 0 0 0 0 0 0 0 0 0 0 0 0 0 0 0 0 0 0 0 0 0 0 1.492935039103031 0.1894894391298294 1.407054975628853 0.756318986415863 0 0 0 0 0 0 0 0 0 0.1526544988155365 0 0 0 0 0.2099581062793732 0.1133883371949196 0 0 0 0.7017471790313721 0 0 0 0.7872236669063568 0 0 0 0 0 0.1384229212999344 0.1156448796391487 0 0 4.395839959383011 0 0 0 0 0.4023699760437012 0.3327029049396515 0.9599867910146713 0 0 0 0 0 0 0 0 0 0 0 0 0 2.098250284790993 0 0.5958330184221268 44.94002502411604 8.794955238699913 68.15139295905828 9.910888388752937 321.7852398380637 6.79191892594099 1.898069158196449 4.546457409858704 0.9062867015600204 0.0760490819811821 0.5775842070579529 0 3.511124059557915 0 0 0 0 0
2081.325252391398 0 1857.912766635418 127.5499291419983 3745.36123714596 200.4255080968142 7415.364092439413 277.9258048683405 1138.77613491565 105.4573856666684 1068.593330800533 71.49456875771284 506.5883804187179 880.6040162965655 20.39121667295694 1.661565534770489 0.8802718222141266 0.2872255742549896 0 0 0.3137373179197311 0 0.09398707002401352 0.1438230872154236 0.2766837552189827 0.3365717232227325 0 0.429981455206871 0.4984967708587646 0.1656353026628494 528.2918284386396 5.598295614123344 34.05420479923487 0.1643049567937851 0.234628863632679 0 25.99506419897079 0.3932298719882965 0.6082030013203621 0.2843480110168457 2.081281580030918 0.9629633277654648 0.4163780733942986 0.489692434668541 0.121628075838089 0.2393278852105141 167.6076489239931 47.97006966173649 0.1375670582056046 0.3442360013723373 4.114386342465878 0.1780961155891418 0 0.5375265926122665 1.793374545872211 6.444580301642418 187.1425328031182 984.5644569396973 23.48353394120932 70.25316248089075 0.8404306173324585 6.303089737892151 0 8.825293250381947 8.212619714438915 20.54513338580728 12.49978636205196 13.91846624016762 0.6298669576644897 1.970122016966343 9.209996461868286 3.146933034062386 0 505.5434354543686 241.2216567769647 106.2469959035516 5.494489662349224 0.462117426097393 5.371175728738308 140.7124327197671 0.2365687042474747 9.976162470877171 31.76647407561541 0.8595599085092545 38.83372159302235 6.367747969925404 22.26503854244947 0.0991499051451683 2.482305444777012 0.1766965389251709 1.557490274310112 2.963845953345299 2.623091131448746 1.416714727878571 0.4302011430263519 85.70861009508371 1.178714767098427 0 0.8024712651968002 866.6143137216568 0 1.441301196813583 0 0 0 2.715283259749413 0.8062466830015182 1.5837422311306 15.7879301905632 5.853146359324455 0 19.16708968579769 17.58724825084209 15.07287637889385 1.936900556087494 0.1214618906378746 0 0 0 0 0 0.1354919821023941 0 0 0 0 0 0 0 0.1726226508617401 0 0 0.1884705275297165 0 0 0.2123128175735474 0 0 0 2.953035265207291 0.396567165851593 2.237865671515465 0.6414282321929932 0.5027780532836914 0 0.1068111658096313 0.10789754986763 0 0 0 0 0.3565507829189301 0.4563885182142258 0 0 0 0 0 0 0 0 0 0 0 0 0.1930295526981354 2.722078964114189 0 0.294130265712738 0 0 0.08047083765268326 0.1050410568714142 0.5080659911036491 0 0.1427847295999527 7.055390134453773 1.309038713574409 0 0 0.1867939233779907 0 0 1.266266942024231 0.3132518529891968 0 0.6062256991863251 0 0.2072812169790268 0.1847990602254868 0 0 0.1061603203415871 0.2840012162923813 0.1985533833503723 0 0.123078741133213 6.09987710416317 0.2223674803972244 0.8376154154539108 284.985688008368 66.62288028001785 628.4887432307005 93.48634576052427 716.361543931067 37.10089199990034 13.24767156690359 59.49547139555216 3.999896697700024 0.8975088819861412 1.489166878163815 0.2187656760215759 8.153128832578659 0 0 0.6267666816711426 3.612783350050449 0
1740.345628112555 1857.912766635418 0 59.10760352015495 642.0770670026541 90.15320950746536 374.5589466318488 971.1478283256292 442.0051849856973 18.5770530924201 1041.161741927266 11.19441668689251 313.8065075650811 582.0022319555283 16.34793283045292 5.279171355068684 0.1182338446378708 0.814755454659462 0.7513110190629959 4.744807854294777 32.83115158975124 0.122240848839283 6.506367608904839 5.633564710617065 0.6102710664272308 12.17267090082169 1.084162458777428 0.5553049892187119 0.477128729224205 0.1072433441877365 4392.951281219721 292.8783214837313 81.51431881636381 8.873471118509769 1.708459421992302 0.4766096174716949 59.61286361515522 2.141018189489841 0.5566509217023849 1.535282015800476 42.07691241055727 3.930743031203747 20.80171359330416 0.4307594150304794 1.502295576035976 0.5149693936109543 50.5662000104785 11.62043495476246 0.2820202112197876 0.8953366205096245 1.515971764922142 0.8820704072713852 0 1.14528901129961 0.2998203858733177 2.167664937674999 136.8210599571466 2147.835238642991 14.65207882970572 20.35034763813019 10.02862929552794 16.58393285423517 1.315995506942272 416.4579210802913 2.74531065672636 7.402365617454052 2.986563958227634 4.449600279331207 12.29298030585051 94.03660716116428 20.04528473317623 0.9463799893856049 0 219.0460135266185 247.7566534653306 42.15576915442944 4.958476901054382 2.33311714977026 105.7650247961283 518.3164099752903 2.397041879594326 241.7874332070351 12.19774704426527 0.2793451398611069 13.76847703009844 2.898743636906147 10.46763207018375 0.08432746678590775 0.7366599291563034 0.0997832864522934 1.309676572680473 0.4342942386865616 35.35413236171007 4.955211043357849 0.3594168201088905 23.15001329779625 1.77520814538002 0 0.4396091103553772 571.8160496726632 0 0 0 0 0.513709545135498 0.860998660326004 0.1419729590415955 0.9181291908025742 4.46959026157856 1.293147221207619 0 2.880290687084198 4.602741733193398 2.988974906504154 1.040163308382034 0 0 0 0 0 0 0 0 0 0 0 0 0 0 0.2751043736934662 0 0.1507862508296967 0.141373872756958 0 0 0 0 0 0 1.591489046812057 0 1.173315532505512 0.5122421234846115 0.1273388713598251 0 0 0 0 0 0 0 0 0 0 0 0.1380832940340042 0.4399812519550323 0 0 0 0 0 0 0 0 0 0.2491986751556396 0 0 0 0 0 0 0.3559550419449806 0 0 2.27347320318222 0.8507667481899261 0 0 0 0.2597029507160187 0.2928681373596191 0 0.4706965386867523 0.4897095263004303 0 0 0 0.1301639378070831 0 0 0 0.105630524456501 0.285716600716114 0.1075950413942337 0.1431553065776825 0.1655006110668182 0 0.3657565712928772 66.26461462676525 17.77752493321896 153.4592229872942 20.04943336546421 281.0882787704468 8.057012349367142 2.434266895055771 10.55102075636387 1.678004190325737 0.169423796236515 0.7698719799518585 0.1387632638216019 4.185196071863174 0 0.2004648149013519 0 1.922938130795956 0
2850.757196359336 127.5499291419983 59.10760352015495 0 32.34379390627146 211.3058588653803 492.5723056048155 4.490272335708141 102.6353125348687 1712.762183651328 54.86203803122044 372.2732890695333 1137.380159653723 95.14170777797699 3.250886254012585 0.5023871287703514 0 0 0.1245592683553696 0 0 0 0 0 0 0 0 0.15377376973629 0 0.124151773750782 37.70557930320501 0.2968341708183289 0.5549434125423431 0.08619840443134308 0 0 4.128727331757545 0 1.0202372148633 0.1810666769742966 0.1128925085067749 0.168410450220108 0 0 0.1472378075122833 0.15230992436409 27.4261067584157 14.42362293601036 0.1210622191429138 0 0.9826360195875168 0 0 0 0.5623680800199509 1.911750048398972 53.95942749083042 139.5705223158002 6.079936735332012 10.06029548496008 0.3286202624440193 0.3510891795158386 0 1.325745739042759 3.007549859583378 8.359931744635105 3.576009765267372 4.467873841524124 0.0914616584777832 0 5.961857348680496 2.221114404499531 0.7190264463424683 117.9847102090716 45.70427736639977 12.44688177108765 0.8203989714384079 0 0.3725225031375885 6.45039576292038 0 0.3239172771573067 13.02463056147099 0.2647469639778137 12.43196050822735 2.211870409548283 5.716870740056038 0.4365714937448502 0.4615579023957253 0.1508820056915283 0 0.4175867661833763 0.4050757363438606 0.3593073040246964 0 283.094794139266 0.8232403695583344 0 0.564137727022171 340.4397554248571 0.2262690216302872 1.828053176403046 0 0.9158605337142944 0 12.32260392606258 2.701145932078362 2.504477098584175 116.1925763636827 16.17787803709507 0 45.68393667042255 39.40551264584064 36.39132225513458 2.704564929008484 0 0.2608888149261475 0 0 0 0 0 0 0 0 0 0 0 0 0 0 0.45884969830513 0 0 0 0 0 0.2403294742107391 0 3.553895644843578 0.6633478999137878 4.536614313721657 1.633076816797256 0.08888313174247742 0 0 0 0 0 0 0 0 0.6949595212936401 0 0 0 0 0 0 0 0.07788001745939255 0 0.133220911026001 0.1981374025344849 0 1.644511789083481 1.330413475632668 0 0.1876464486122131 0 0 0 0 0 0 0.1213543489575386 16.17227829992771 0.8136134743690491 0 0 0.1835329532623291 2.230759516358376 0 1.503469437360764 0.4320389330387115 0.2569451332092285 0.2589857280254364 0 0 0 0 0 0 0 0 0 0 11.70500205457211 0.9303682073950768 1.349171921610832 141.5539056956768 18.27261237800121 147.2007227018476 24.57183665782213 348.7789832055569 8.865034125745296 2.350327335298061 10.78521610051394 4.486365243792534 0.3394389599561691 1.864570498466492 0.2197628617286682 21.65246587991714 0 0 0.5954476594924927 0.9176613092422485 0
456.8820012956858 3745.36123714596 642.0770670026541 32.34379390627146 0 7.679716512560844 3420.406886093318 378.0873149335384 2720.171637825668 195.0804735794663 2484.655774913728 204.6686355620623 709.7721712514758 1645.654362954199 34.15891955792904 3.786774724721909 0.3138662874698639 0.6273639425635338 0 0 0 0 0.1764679104089737 0 0 0.714779369533062 0.2547724843025208 0.35979825258255 0.8369958102703094 0.1422151327133179 110.5508253499866 21.05958537757397 1.748648516833782 0 0 0 3.092650383710861 0 0.4511738270521164 0.2842914462089539 0.3590492308139801 0.3339588791131973 0.4105395302176476 0 0 0.09085170924663544 203.0087851881981 22.77643139660358 0.3726100772619247 0.6943686753511429 2.582791388034821 0.3443394303321838 0 1.062328591942787 0.6012226194143295 3.198175586760044 33.37572378665209 120.5878715589643 9.32847298681736 87.28587382286787 0.8063059896230698 0.3372135758399963 0 8.121287681162357 3.300782725214958 10.30307748913765 5.045719154179096 7.195642322301865 1.530953034758568 0.7168663591146469 6.717033334076405 1.757526464760303 0.4220999628305435 270.4005281701684 142.2972970306873 165.3569566383958 8.765323340892792 0.9740939289331436 0.4469758123159409 68.96670828014612 0.600966140627861 2.663634523749352 13.45464748889208 0.2877141386270523 18.60188886523247 4.124039180576801 13.12655845284462 0.0856349766254425 2.152161538600922 0 2.228381231427193 1.056907586753368 0.5604669451713562 0.7715779468417168 1.208982154726982 20.22597781568766 0.1000283509492874 0 0.1325616389513016 45.44408990442753 0 0.8472044318914413 0 0.2111528664827347 0 6.36436066031456 0 1.91169910132885 10.900749579072 7.789364397525787 0 22.97456209361553 25.62024949491024 22.69701105356216 6.272734582424164 0.1728736311197281 0 0 0 0 0 0 0 0 0 0 0 0 0 0 0 0 0 0 0 0.6030107736587524 0 0 0 9.937053516507149 2.643820136785507 6.706906735897064 4.275825157761574 0 0 0 0 0.3554378747940063 0 0 0 0.4144641757011414 0.7562061101198196 0 0 0 0 0.1993314921855927 0 0 0 0 0 0 0 0.6010159552097321 4.516760870814323 0 0 0 0.1152014061808586 0 0.1246084272861481 0.2288531064987183 0 0 24.34103579074144 0.4664521217346191 0 0.243574284017086 0.5878372937440872 3.545652881264687 1.524509593844414 6.728078991174698 0.2801358476281166 0 0.1051036641001701 0.2463890910148621 0.2020264863967896 0.1048545762896538 0 0 0 0 0.29631008207798 0 0 11.03829349577427 1.530539065599442 2.116159558296204 267.9434442147613 68.47175748646259 471.146594747901 107.0154626592994 123.8452840149403 45.00320722907782 8.811051525175571 85.3528762832284 9.539928048849106 0.5038321241736412 2.575542286038399 0.2808504402637482 10.55901262164116 0.5699372738599777 0 0.1831435859203339 5.487418591976166 0
58.32814273238182 200.4255080968142 90.15320950746536 211.3058588653803 7.679716512560844 0 100.56123996526 6.360182672739029 11.16599340736866 364.4878184422851 11.58381880819798 60.57536399364471 125.947607897222 15.265949472785 1.084639638662338 0.9217428714036942 0.1171701326966286 0 0 0 0.2457500398159027 0.5129909515380859 0 0 0 0 0 0 0 0.1292405277490616 227.5954193025827 0.4717325568199158 7.89232063293457 0 0 0 40.09061953425407 1.038048267364502 9.846533104777336 0 0 0 0 0.8744649291038513 0 0.3386064171791077 5.469791397452354 1.449068531394005 0 0 0.09979386627674103 3.499013185501099 2.929516270756721 0 0.1507477462291718 0.08915556967258453 187.6925991028547 228.0834330618382 3.991868615150452 2.190136313438416 0.7698151618242264 3.560177028179169 0 0.1762667298316956 0.597365029156208 0.8560860306024551 0.7115620002150536 0.8166276142001152 0 0 139.4568644165993 32.34235011041164 3.912773922085762 22.69907015562057 4.994233518838882 1.251195400953293 0.5151487290859222 0 0.8797236084938049 12.08401510864496 0.5856764763593674 1.779992744326591 4.323713779449463 0 2.651082001626492 0.9078041389584541 0.7052091658115387 3.296420082449913 3.133932322263718 3.316937878727913 0 0.2817372679710388 0.4793623089790344 0.326844185590744 0 235.268145352602 64.80559024214745 14.56049637496471 12.81460903584957 1114.883025243878 0 0 0 0 0 1.834715828299522 0 0 8.062490522861481 4.819288045167923 0 3.60948471724987 2.404218778014183 5.231135591864586 0 0 0 0 0 0 0 0 0 0 0 0 0 0 0 0 0 0 0 0 0 0 0 0 0 0.5959001928567886 0 0.5358715802431107 1.035313978791237 0 0 0 0 0 0 0 0 0 0 0 0 0 0 0 0 0 0 0 0 0 0 0 0.1463580429553986 0 0 0 0 0 0 0 0 0.1075462326407433 0.3641885370016098 0 0 0 0 0 0 0 0 0 0 0 0 0 0 0 0 0 0 0 0 1.884511113166809 0.2935739755630493 0.9540736526250839 8.132355205714703 3.36974910646677 20.61211198568344 4.282024674117565 485.3959513753653 9.80540631711483 1.399738878011703 1.765576213598251 0 0 0 0 0.7778152227401733 0 0 0 0 0
1290.668991096318 7415.364092439413 374.5589466318488 492.5723056048155 3420.406886093318 100.56123996526 0 126.0262766182423 2037.788265064359 959.9970657601953 1440.213591299951 329.6136683002114 881.9252071976662 2173.016395561397 40.09278166294098 4.249536342918873 0.5676737800240517 1.878078602254391 0.4165064543485641 0.3232346400618553 0.7961143106222153 0.157144159078598 0.1096002161502838 0.2408785372972488 0.5912616029381752 0.67133429646492 0.5949191302061081 0.8166053593158722 1.108987852931023 0.3382460922002792 79.09345483034849 5.807937644422054 1.592358164489269 0.2077430263161659 0 0 6.276931747794151 0.545172430574894 1.530711747705936 0.2081122845411301 1.783506900072098 0.6764882802963257 0.5201817527413368 0.3495412021875381 0.2347906827926636 0.3819552361965179 392.7084051445127 67.77009498327971 0.8967308551073074 1.809510216116905 5.304879330098629 0.1428608745336533 0 2.877615004777908 2.263779424130917 8.120780646800995 127.8322918042541 382.3425075858831 26.23952262848616 169.1855910345912 2.838831879198551 2.85441467911005 0 11.24529320001602 11.75305937230587 34.36924732476473 15.90428451448679 21.10783787071705 1.609964668750763 1.072014950215816 11.99989975988865 5.779738247394562 0 687.8595656603575 328.0908328592777 246.8775043785572 13.31051566451788 0.7027300745248795 0.2592864185571671 190.6536009684205 0.6494055092334747 3.896247617900372 40.63782857358456 0.5791843980550766 52.71295994520187 13.39571404457092 37.75219301879406 0.08799935877323151 4.878420807421207 0.2237948998808861 3.239096999168396 3.325594983994961 1.565266296267509 1.171418040990829 1.16803665459156 169.1118112206459 1.919632591307163 0.3525865972042084 0.3688806444406509 208.495196454227 0 1.604640170931816 0 2.612910255789757 0.2246102094650269 17.69608047604561 4.430217027664185 5.244645699858665 39.15568780899048 24.88748170435429 1.139103978872299 57.5596260279417 65.49450463056564 60.99044619500637 11.19780425727367 0.2841517627239227 0 0 0 0 0 0 0 0 0 0 0.3041313588619232 0.2922479510307312 0 0 0 0 0 0.1498664617538452 0.4078282117843628 0.3071297705173492 0 0.3790434747934341 0 14.98837300390005 0.6863000988960266 8.84912084043026 3.368053674697876 1.736449241638184 0 0 0.101134367287159 0 0.4105116724967957 0 0 0.1512141078710556 1.335541889071465 0 0 0 0 0.3209375888109207 0.09224051982164383 0 0.094437375664711 0 0.3316291570663452 1.049571245908737 0 1.593681156635284 9.068973273038864 0.1722398698329926 0 0 0.400535874068737 0 0.09003425389528275 0.8779911920428276 0 0.1179726347327232 35.5166811645031 1.209823161363602 0 0.2246974781155586 0.2999279052019119 2.89907132089138 1.808187156915665 6.310730159282684 0.3374005332589149 0.5822157859802246 1.00658056139946 0 0 0 0 0.2855249345302582 0 0.1858940869569778 0.09992370009422302 0.1041133403778076 0 27.20236051082611 1.942993104457855 5.264165952801704 575.2375051081181 160.7452729642391 1123.348738692701 211.5814672932029 883.7433672323823 84.71647753566504 25.37169802188873 139.3341854289174 7.31280741840601 1.903924524784088 2.54030055552721 0.7900545448064804 23.79539109766483 0.3282026946544647 0 2.928618639707565 10.91014244407415 1.313406676054001
161.856924071908 277.9258048683405 971.1478283256292 4.490272335708141 378.0873149335384 6.360182672739029 126.0262766182423 0 331.732141636312 8.320655971765518 1884.251076571643 19.5476743131876 595.860612846911 1188.810977354646 28.84427346289158 8.799249596893787 0.5820893123745918 1.410391762852669 0.1151653528213501 1.897686257958412 18.17975600808859 0.5339893251657486 2.0265182107687 3.784154832363129 3.692921750247478 15.94353196769953 0.5580692291259766 0.619341142475605 0 0 2478.513225488365 1141.163190498948 423.0724393948913 5.023352533578873 0.6329493969678879 0.7588273882865906 226.3115453720093 5.027059577405453 1.383044749498367 3.348674900829792 45.00105222314596 7.639250464737415 10.96655771881342 8.638378098607063 1.032356739044189 1.413136728107929 88.59767290949821 21.26917210221291 0.1528613865375519 3.122949659824371 3.387866355478764 0.4510014355182648 0 0.916268527507782 0.2588599398732185 2.080125287175179 91.54815912246704 916.6358115598559 7.838203839957714 41.47375828772783 17.6397644802928 64.27397476136684 0 239.4823150262237 3.754963330924511 10.51059117168188 6.408586245030165 7.362160004675388 5.461293794214725 61.32561632245779 60.21936212480068 4.883467093110085 0.4427054226398468 275.0768030285835 311.8073613643646 102.8103167638183 34.72536490112543 81.86045227199793 1475.300787568092 3035.560093820095 28.77760487049818 991.6381083205342 13.95480374991894 0.2470220699906349 17.0019483268261 2.788815535604954 10.46559546887875 0.2949934005737305 1.097516946494579 0.178057536482811 0.7916103973984718 0.5836259573698044 27.212297745049 7.742573834955692 2.569642998278141 9.831077568233013 1.736283540725708 0 0 196.9520525485277 0 0 0 0 0 0.5990032553672791 0 0.8445506393909454 2.113791860640049 0.5542915016412735 0 3.499452397227287 2.043346613645554 4.562292203307152 0.4582434296607971 0 0 0 0 0 0 0 0 0 0 0 0 0.2844705879688263 0 0.15493144094944 0 0 0.1164254546165466 0 0 0.1715970635414124 0 0 0 2.598629891872406 0.1545420438051224 1.111150279641151 1.271959587931633 0.4624629318714142 0 0 0 0 0 0.2749546766281128 0 0 0 0 0 0 0 0 0 0 0 0 0 0 0 0.329624205827713 1.298996150493622 0 0 0 0.1707533448934555 0 0 0.2417397275567055 0 0.2953372895717621 2.176933616399765 0.4372161775827408 0 0.1560858935117722 0.4113607332110405 0.4041969329118729 0.3267173022031784 1.367692247033119 0 0 0.4019368588924408 0 0 0.09478249400854111 0 0 0 0.3442120179533958 0.2008405551314354 0.08166173845529556 0 1.434899643063545 0.1799236834049225 0.4625532627105713 80.97776814550161 27.67190562188625 209.905554138124 27.26035662740469 81.01535303145647 8.127313829958439 3.04323597997427 18.51098453253508 1.522620365023613 0.1747905090451241 1.187704041600227 0 2.575248032808304 0 0 0 2.851326443254948 0.3071364760398865
52.02824073284864 1138.77613491565 442.0051849856973 102.6353125348687 2720.171637825668 11.16599340736866 2037.788265064359 331.732141636312 0 610.4107398018241 4982.728985622525 1459.504451274872 1470.730891674757 5227.535568229854 131.2791846618056 15.28417349606752 1.158796593546867 1.229179948568344 0 0.2949427664279938 0.3742804825305939 0.193232387304306 0 0.1522411704063416 0 1.613281905651093 0.3840793296694756 0.9808953702449799 2.189379058778286 0.2439813539385796 43.75836323201656 54.61305586993694 1.221161216497421 0.1116302311420441 0.09646499902009964 0.1163143068552017 11.9534972384572 1.125550344586372 1.420088112354279 0.1377679705619812 1.628704980015755 0.2534323334693909 0.4462506175041199 1.050599224865437 0.1346550285816193 0.7285753190517426 341.9462768286467 18.6831351518631 1.428105384111404 0.74142936617136 1.503188036382198 0.8461182564496994 0 1.918987810611725 0.2812388241291046 3.189079269766808 34.04992087185383 78.32649178802967 10.43551710247993 120.8140303939581 1.062293872237206 1.349576026201248 0 13.82130784541368 2.683942154049873 9.629213981330395 4.655111588537693 7.037820965051651 0.9429595172405243 1.893238365650177 38.71224061399698 13.56375283002853 0 312.3156074881554 157.6169424504042 311.5803651884198 31.78047411888838 3.254092745482922 2.486725121736526 517.7712120488286 1.169592253863811 43.68829824030399 7.523228898644447 0.5555761605501175 12.56964109838009 3.357109151780605 12.59898824989796 0.3364010229706764 2.8921999335289 0 2.299272306263447 1.35474719107151 1.188532277941704 1.972508572041988 1.490504942834377 137.3458124697208 1.119541198015213 0 0.6222309321165085 19.48653441667557 0.3762344866991043 3.234605103731155 0.5093796849250793 1.32241952419281 1.191268309950829 37.15962865948677 4.791516110301018 13.91261716187 82.0654716193676 44.34899555146694 3.196763411164284 178.7708508074284 182.979003444314 172.430137783289 54.29342238605022 0.7736351788043976 1.782598540186882 0.6724272072315216 0 0 0 0 0 0 0 0 0.2065296322107315 0 0.1185449212789536 0.5641418397426605 0.1190561354160309 0.5360220074653625 0.7225991934537888 0 1.420760594308376 4.735724359750748 0 2.339508190751076 0 77.99671026319265 9.386445552110672 47.26368471980095 17.33980452269316 2.796621263027191 0.2707763016223907 0.4909637868404388 0 0.1463099420070648 0.2055586874485016 0 0 2.819842159748077 5.888285249471664 0.581573098897934 0 0 0 0.4105118066072464 0 0.5934602022171021 0 0 0.5004939809441566 0.8281943798065186 0 6.540088757872581 43.61021812260151 0.1407126486301422 1.361086368560791 0.2295020669698715 0.3431214690208435 0.3668336942791939 0.3051841631531715 0 0.1323437839746475 0 144.8357579708099 6.188531562685966 0 0.1136649250984192 0 20.24052129685879 7.427794694900513 25.72828496992588 2.797292768955231 3.850708812475204 1.991808071732521 0.5938503593206406 0.9383177757263184 0.3454816192388535 0 0.1066596508026123 0 0.2253800183534622 0.1762129962444305 0 0 61.49318833649158 13.26722201704979 16.73855828493834 603.3261263519526 114.4588819220662 708.4450144395232 209.7136856690049 117.2100566998124 70.37632655352354 17.8094032779336 228.0528174042702 25.98196612298489 3.253558874130249 32.44779512286186 3.652531489729881 46.24359036982059 2.146742254495621 0 7.327773213386536 27.3702317327261 1.821381494402885
2055.519045807421 105.4573856666684 18.5770530924201 1712.762183651328 195.0804735794663 364.4878184422851 959.9970657601953 8.320655971765518 610.4107398018241 0 93.74573145061731 1937.115213379264 4799.18740208447 226.7145101726055 10.62571134418249 1.919617973268032 0 0.1789055317640305 0.1231673955917358 0.1199515089392662 0 0 0 0 0 0.6601186394691467 0 0 0.622834324836731 0.1062082052230835 27.47368300706148 0.2316802963614464 1.791754655539989 0 0 0 6.405677549540997 0 1.700408488512039 0.3297637403011322 0.2120915129780769 0 0.1378427296876907 0.1080993935465813 0.3912598639726639 0.1009797230362892 76.62628193944693 18.10146816819906 0.1127932593226433 0 0.9610231220722198 0.9292386472225189 0 0.2742128595709801 0.4047411531209946 1.692731782793999 60.37848595529795 112.0035433545709 7.070059590041637 30.18826411664486 0.1653869152069092 0.1130188181996346 0 1.211677819490433 2.34835059940815 7.213019512593746 2.76576691865921 4.547120437026024 0.5712358206510544 1.193704091012478 36.49875973165035 12.36640296876431 0 175.8036592379212 60.80915626883507 42.70289495587349 3.153515249490738 0.1374375522136688 0.5147303640842438 21.10689677298069 0 0.6094767153263092 11.90739334374666 0.344501793384552 12.36187528818846 2.452442266047001 7.16135511547327 0.1225228607654572 1.597804769873619 0.8145599663257599 0.3407321125268936 0.7740568965673447 0.09495632350444794 0.2371803298592567 0.1381184607744217 657.4117451906204 4.183571547269821 0.7260517925024033 1.624824702739716 379.0896358862519 0.391636073589325 11.58933702111244 0.9448228180408478 2.815001681447029 0.1585457175970078 39.34479339420795 8.096468567848206 11.64503395557404 124.0648624002934 62.73322461545467 0.8696962594985962 147.2762422412634 136.3237905353308 126.8908407092094 16.06410093605518 0.5501948297023773 0 0 0 0 0 0 0 0 0 0 0 0 0 0 0 0.3091546595096588 0 0 0.705435499548912 0 0 0.8487889766693115 0 26.13588733971119 3.299096465110779 15.2323046028614 7.072697803378105 0.1945780217647552 0 0 0 0 0 0 0 1.513070926070213 1.252841755747795 0.2418832629919052 0 0 0 0 0 0 0 0.5460003763437271 0.7457549721002579 0 0 1.882464051246643 15.01714885234833 0 0 0 0 0.2099926322698593 0 0 0 0 52.26416929066181 1.017855495214462 0 0 0 8.596126809716225 3.448692142963409 10.62373362481594 2.929112687706947 1.609370857477188 1.885768085718155 0 0.3330160975456238 0 0.09518430382013321 0 0 0.1309922188520432 0.1065044179558754 0 0 39.24199613928795 2.080169759690762 2.464420199394226 535.8523063212633 35.75943801552057 359.7857070416212 97.70275124162436 655.132579728961 32.30759514868259 6.658032603561878 134.4643239527941 18.55425804853439 0.2000277936458588 11.48558877408504 1.340547345578671 75.23101302981377 0.823051929473877 0 4.767889462411404 8.194442451000214 0
632.8284758478403 1068.593330800533 1041.161741927266 54.86203803122044 2484.655774913728 11.58381880819798 1440.213591299951 1884.251076571643 4982.728985622525 93.74573145061731 0 109.4538567662239 3546.054327853024 8607.242391370237 32.91400161385536 2.860594063997269 0.4434492290019989 0.2654289081692696 0 0.2762393057346344 0 0 0.1106116250157356 0 0.1325843930244446 0.7443528845906258 0 0 1.012941926717758 0.4124727249145508 405.8660981506109 220.07743473351 202.9401689618826 0.4861367270350456 0.3306382894515991 0.6607629954814911 80.58586825430393 0.1845271587371826 0.5918665900826454 0.4848480746150017 2.738762810826302 0.5557721257209778 0.7431280091404915 0.2542317882180214 0.1156300380825996 0 133.0170704573393 19.46568135917187 0.6257429867982864 0.2969871833920479 1.442214302718639 0.1689764708280563 0 0.08766505122184753 0.7051435634493828 2.326508834958076 38.41431023180485 239.5886085629463 7.447534844279289 55.93411980569363 0.3327883630990982 12.37902700901031 0.09719549864530563 16.70812184363604 2.828727729618549 8.85058006644249 3.135584346950054 4.456479072570801 1.357063770294189 6.785361416637897 22.34715442359447 1.338089153170586 0 221.4540144875646 133.6360749453306 111.9593752399087 12.30912268161774 1.349203802645206 201.7694407850504 2520.597164072096 1.245807662606239 262.4857341870666 10.93601986765862 0 15.63738986849785 4.598474703729153 9.768560588359833 0.1905091777443886 1.100448586046696 0 0.7142672389745712 0.7612265571951866 1.612149372696877 0.8784150630235672 0.9859107807278633 22.29789246618748 1.192361012101173 0 0 135.2379567846656 0 0.8975214809179306 0 1.076533243060112 0 4.418328762054443 0.4314925819635391 0.9339009970426559 7.427753180265427 4.178571552038193 0 13.64804562926292 17.13459275662899 13.04852694272995 7.894313275814056 0.2986778914928436 0.2436909526586533 0 0 0 0 0 0 0 0 0 0 0 0.306306391954422 0.4062297940254211 0 0 0.4163763523101807 0 0.249000146985054 0.1439311802387238 0.7803983092308044 0 0.3346074521541595 8.310560390353203 1.505903080105782 4.557781964540482 2.473185628652573 0.2979996502399445 0 0 0 0 0 0 0 0.3138975203037262 0.341025248169899 0 0 0 0 0.2619956582784653 0.1925435289740562 0 0.1157921031117439 0 0.1774200946092606 0 0 0.9131762981414795 3.036535084247589 0 0.3451456725597382 0 0.09907006472349167 0.09270819276571274 0.2128096967935562 0 0 0 11.48323194682598 0.5137512683868408 0 0.09973651915788651 0.0980890616774559 2.452319413423538 0.5516995936632156 2.774265140295029 1.174888536334038 0.1506589949131012 0.1216227486729622 0 0 0 0 0.08426804095506668 0 0 0 0 0 5.643291130661964 0 2.045719221234322 157.6160320416093 39.1408885717392 292.1624881252646 56.70315555483103 101.2012450620532 17.40559931844473 6.840103909373283 38.40837510675192 3.297533042728901 0.3420960158109665 1.726148419082165 0 3.243094652891159 0.6236715912818909 0 0 3.135325342416763 0
36.12001274526119 71.49456875771284 11.19441668689251 372.2732890695333 204.6686355620623 60.57536399364471 329.6136683002114 19.5476743131876 1459.504451274872 1937.115213379264 109.4538567662239 0 2168.198132403195 93.40575750172138 23.2225072234869 7.275280565023422 0.3454257249832153 0.3519532680511475 0 0 0.1710373312234879 0.5471506714820862 0.1112833023071289 0 0 0.372992217540741 0 0 0.6512572169303894 0 4.017732940614223 0.6812520548701286 6.42156819999218 0 0 0 19.16337461024523 0 1.1364666223526 0.3686585128307343 2.83419930934906 0.7335409075021744 2.197154171764851 0 0 0.1041874885559082 50.66038823872805 1.918661586940289 0 0.7878688722848892 0.4325036555528641 0.3979021310806274 0.1316149234771729 0.3023053407669067 0 0.4916176870465279 5.019432879984379 11.85938243567944 3.115752890706062 12.49848473072052 0 2.844066858291626 0 1.925714083015919 0 0.817111998796463 0.2685135900974274 0.9726007133722305 0.6130912452936172 4.03916072845459 81.78535054624081 42.6596498042345 0 47.68518327921629 16.96724360436201 29.9497020021081 4.686564184725285 0.4351612627506256 0 35.43538706749678 0.5389875918626785 0.8203482627868652 2.431459806859493 0 2.083024770021439 0.9930798411369324 2.609413400292397 0 0.1623677909374237 0 0.54963169246912 0.4672389626502991 3.336411893367767 2.132211320102215 0.6924408227205276 1931.282720968127 10.66633987426758 0 3.899061143398285 45.3563034683466 0.7120053395628929 6.15613329410553 0.4341002702713013 4.659244209527969 3.091699153184891 90.52925033867359 9.115300610661507 31.72213286161423 140.8165896832943 97.57935371994972 6.858251661062241 348.7185508459806 339.1364165693521 384.8953561931849 74.27359721064568 2.081592813134193 0.5652362108230591 0.697850376367569 0 0 0 0 0 0 0 0 0 0 1.769951343536377 0.7029191553592682 0 0 0 0.5279659628868103 2.100406892597675 2.977023601531982 0 1.145762458443642 0 91.47848933935165 14.61908395588398 55.38150876760483 24.76471067965031 3.859397858381271 0.2562316656112671 0 0 0 0.4493425786495209 1.673300921916962 0.1462526917457581 3.590597972273827 8.593320310115814 0.5363613367080688 0 0 0 0 0 0 0 1.314054250717163 1.704191610217094 1.037565335631371 0.4837912023067474 6.876221522688866 49.3315207362175 0.3637100160121918 1.384477317333221 0 0.2586139142513275 0.1481805145740509 0.1823238432407379 0 0 0.3747536242008209 200.1523464471102 12.65730652213097 0 0 0.1613934934139252 22.93933847546577 7.487560287117958 40.00873000919819 6.570399053394794 3.01489370316267 5.79217005521059 0.4321664869785309 0.359440952539444 0.6162957847118378 0 0 0 0 0 0 0 137.7462533563375 16.24972307682037 21.19394160807133 498.8107988983393 18.43606377393007 169.8370030596852 57.50495710968971 108.2214632332325 15.06570722162724 2.285360008478165 156.1942886263132 38.4558032900095 0.250129908323288 43.65010961890221 0.3163310587406158 129.2166381925344 3.870122104883194 0.2368212193250656 11.05671834945679 10.02349115163088 0.7451010793447495
420.2671871781349 506.5883804187179 313.8065075650811 1137.380159653723 709.7721712514758 125.947607897222 881.9252071976662 595.860612846911 1470.730891674757 4799.18740208447 3546.054327853024 2168.198132403195 0 2594.779344119132 413.0810769721866 111.0227009430528 2.76623659580946 3.280444525182247 0.5294612199068069 1.235593400895596 6.369647793471813 0.8826145380735397 1.508605532348156 2.666085571050644 2.268562138080597 6.477745592594147 0.8981185257434845 2.438969358801842 4.662720181047916 0.636974886059761 295.9400689005852 25.60353982448578 358.7566889673471 2.37921965867281 0.4881902635097504 0.5670655220746994 66.49377120286226 1.819966167211533 3.902531675994396 1.548860780894756 43.7668642103672 10.20213255286217 16.45599974691868 6.103971228003502 1.000825278460979 1.297306388616562 648.842319957912 37.55751125514507 3.762821212410927 8.221121080219746 8.428546085953712 1.322748258709908 0.2822915092110634 4.952445417642593 0.7789132446050644 5.555921338498592 67.57338045537472 278.8376831933856 14.33757710456848 186.5508182346821 4.342748664319515 11.36709725111723 0 54.97556477040052 7.348297715187073 20.32406978309155 8.682083062827587 15.84434828162193 7.786781936883926 84.50014225393534 614.9332227632403 94.71171854436398 0.2436481118202209 453.793694101274 292.2532288655639 549.8011570572853 109.479483909905 22.97937194257975 23.16322304308414 1162.188642948866 4.387455388903618 18.53788039088249 16.45523031055927 1.195036135613918 27.49611414968967 7.666781798005104 23.45526737719774 0.4327370077371597 3.743783913552761 1.188914023339748 6.349740050733089 4.715333074331284 40.20773962140083 15.03802442550659 4.813405804336071 5809.53194154799 16.8595373108983 0 8.776499554514885 184.982145704329 0.8479812890291214 15.55662733316422 0.7937098145484924 5.697489887475967 5.987613141536713 167.309871673584 14.92664304375648 53.62886142730713 335.4189742133021 218.2352150678635 11.39554813504219 705.5878054574132 819.5578983575106 781.4857468008995 193.846694111824 3.321989819407463 1.587176278233528 0.4493482857942581 0.1876523345708847 0 0 0 0 0 0 0.1628282070159912 0.2236220687627792 1.87333320081234 1.639766797423363 1.112365156412125 0.9395227655768394 1.050002858042717 1.245027661323547 0 4.408752948045731 5.051849275827408 0 7.113019108772278 0 248.5174924880266 25.41989755630493 126.6976399943233 41.87471175938845 3.432281211018562 0 0.4979738891124725 0 1.140703231096268 0.8299724608659744 0.4860792756080627 0.2710741758346558 4.432011097669601 18.38595944643021 1.255068510770798 1.075479671359062 0 0.8455157577991486 0.9162630289793015 0 0.5729518532752991 0 1.034820459783077 3.157100670039654 0.9986268579959869 1.602894261479378 15.59996101260185 119.703078366816 1.797531098127365 1.17188386619091 1.540919184684753 0.2802850008010864 0.0859440341591835 0.5529735013842583 0.3315039277076721 0.1055328249931335 0.4900198802351952 624.0891376584768 28.1069740280509 0.1224689409136772 0 1.658893443644047 54.61112554371357 20.08995579183102 66.2159461826086 9.53603732585907 5.656770028173923 9.860250547528267 0.4336208254098892 4.134011477231979 1.1929542273283 0 0.3541863709688187 0 0.1570113450288773 0.2729954645037651 0.348093181848526 0.3874777555465698 415.5673652887344 49.14353868365288 70.38613000512123 1063.66205059737 201.7117756158113 1315.635514013469 297.1987149715424 331.14745464921 86.98890063911676 31.06114587932825 391.4353505298495 58.33116035908461 3.359435275197029 68.78955087065697 4.79494296759367 190.4048963487148 7.783965706825256 0.4209003150463104 18.21621410548687 58.65401680022478 3.577445909380913
