0 7251.768390081823 458.1396286636591 1823.267307206988 375.2046157643199 286.2149579524994 997.5789388716221 146.0134932026267 72.73228837549686 2204.786256372929 221.5172906666994 532.5337913781404 1120.470093667507 75.36439146101475 6.306056715548038 2.242396086454391 0.6673321574926376 0 0.3048257529735565 0 0.9561896473169327 0.827556848526001 0 0 0 0 0 0 0 0 571.6626762747765 4.798556283116341 8.043497547507286 0 0 0 11.34641624987125 0.8871026784181595 3.048801198601723 2.973488993942738 0.2168338596820831 1.018202632665634 0.4934675991535187 0 0 0.2785593420267105 20.6716883033514 8.848039098083973 0.1453363001346588 0.1995892822742462 5.299017190933228 0.4889622777700424 0.7867217063903809 0.1201691851019859 25.73756463825703 51.93078606575727 1102.237424395978 1141.160117343068 167.8427856564522 10.2839727550745 1.029694452881813 5.092766374349594 0.4796224534511566 13.62923794239759 23.87261690944433 20.46116864681244 19.9618996232748 5.172058165073395 0.8699904978275299 1.701309517025948 24.50278063118458 12.36124968528748 0.3479879051446915 352.8617743253708 107.3690690845251 15.53920736908913 22.36091589927673 5.263843685388565 3.198987185955048 464.7519756183028 0.8046252429485321 15.23139046132565 17.98570141196251 1.487720996141434 6.752306833863258 20.80303668230772 3.079828023910522 0.9516748636960983 3.029907546937466 0.4773927181959152 0.6702478975057602 0.1344460099935532 5.019072577357292 4.391443967819214 1.334871083498001 226.5310427546501 6.109925627708435 0.2491466850042343 2.876766704022884 2111.564133375883 0 0.6887935996055603 4.044130250811577 0 3.347718849778175 8.754858702421188 0 7.145536616444588 60.91660702228546 1.345177084207535 0 8.174834057688713 6.47402960062027 11.06186971068382 5.260360404849052 0.267241507768631 0 0 0 0 0 0 0 0 0.2518210113048553 0 0 0 0 0 0 0 0 0 1.426485806703568 0 0 0 0 3.836458668112755 0 1.556484535336494 0.3492875099182129 0.4163909256458282 0.1382544189691544 0 0 0 0 0 0.1288238912820816 0 0 0 0 0 0 0.161277636885643 0 0.1819133162498474 0.3062633872032166 0 0.192013144493103 0 0 0.4610418677330017 3.313517019152641 0 0 0.5177712291479111 0.3633743301033974 0 0 0 0 0.365103542804718 1.694034978747368 1.684908747673035 0 0 0.1817029267549515 0.3928641378879547 0.1519084423780441 1.241992056369781 0 0.1386168897151947 0 0 0 0 0.3330330401659012 0.5145816951990128 0 2.84270940721035 0 0 0 0.3669938147068024 0 0.5372966676950455 81.94030703604221 24.71644016355276 237.7746142297983 47.008171223104 789.4428249895573 98.99391289055347 13.59658771753311 13.99332037568092 1.053899116814137 0.152751624584198 1.997929580509663 0.6081593185663223 0 0 0 0 0.3437469303607941 0
7251.768390081823 0 1689.444833114743 356.2910057604313 4307.922646433115 472.6772072464228 3717.194725498557 648.5921635180712 2803.562372788787 347.9705837294459 2447.106873743236 20.94230498373508 1868.598347216845 3031.237229883671 30.65277885645628 11.78321052342653 2.779055237770081 0.3944297358393669 1.984030902385712 0.375917911529541 9.083130240440369 0.4501983672380447 0.5106285065412521 0.571527510881424 0.1699510663747787 1.252703085541725 0.390048511326313 0.5437028855085373 1.21397141367197 0 3218.051290594041 57.92449434101582 55.10625827312469 0 0 0.4290017485618591 32.0544643625617 4.360664382576942 9.412873700261116 10.69834282249212 0.9190258830785751 3.795658826828003 1.721998795866966 4.893399626016617 0 0.3797769546508789 219.5424750968814 57.55583345890045 4.604785524308681 2.118294559419155 18.26518433541059 0.8596769124269485 0.7375022321939468 1.55211915075779 44.57247678935528 134.3936770781875 506.8559670895338 891.4288500696421 150.7912726551294 98.1010592058301 0.6145114749670029 14.04785688966513 0 151.2696949392557 82.47618125379086 90.11612535268068 90.38880538195372 22.54936446994543 6.432516068220139 6.901336506009102 27.01721622049809 7.596448823809624 1.152621738612652 589.9454386457801 459.6511826440692 199.2537621483207 301.0446247830987 29.40884925425053 18.70226752012968 1487.268689535558 4.036483228206635 74.63944045454264 61.29834344983101 3.677180543541908 23.23979297280312 98.98385935276747 35.69907395541668 6.06778497248888 20.84405123442411 1.795710533857346 7.664989933371544 2.034757830202579 17.80974620580673 14.1477829515934 6.287110485136509 426.5604699254036 1.583473771810532 0.580191045999527 0.7625211477279663 1511.157058350742 1.217806398868561 0.1278247982263565 23.3968308866024 4.56056435406208 44.16210840642452 136.7547325342894 2.242209896445274 115.3987767845392 20.96705175936222 20.9544627815485 5.268219158053398 179.4663579910994 58.1386529058218 114.2323104292154 61.46986566483974 1.018048614263535 0 0 0 0 0 0 0 0 0.1667470037937164 0.3489550054073334 0 0.3924808502197266 0 0 0.152759462594986 0 0 0 11.21606576442719 2.381312906742096 0 0 0.2129344493150711 11.69540074467659 1.24725067615509 10.34050551056862 3.815832212567329 1.141674488782883 0.3113170266151428 0 0 0 0 0 0 1.235685087740421 2.505331814289093 0 0.148389995098114 0 0 0.7587344944477081 0.2490255907177925 0 3.024596013128757 0.4528535604476929 3.025419846177101 0 0.4329791516065598 0 36.20389524102211 0 0.8862394690513611 1.12996418774128 0.7927763611078262 0.6012345552444458 0.4101700186729431 1.576567158102989 0 1.008656352758408 14.7767623513937 0.7661827802658081 0 0.6112268939614296 1.907237380743027 3.480126172304153 0.2380993962287903 4.860969573259354 1.682996869087219 2.241893649101257 2.6369668841362 0.8600614666938782 0.3254434466362 0.6025204733014107 1.185696542263031 2.60374841094017 0 9.991820611059666 0.1861005276441574 0 0.3632153570652008 15.68477191030979 0.7177643179893494 1.571737721562386 182.4916038662195 117.0661392882466 1040.182395510375 124.3311668410897 1046.41024107486 151.1508433669806 32.60023638606071 27.56191496551037 8.927229344844818 0.2930023372173309 5.500573523342609 1.537395790219307 0.4325506389141083 1.078973650932312 0 0.5946725010871887 0.8318171799182892 0
458.1396286636591 1689.444833114743 0 7.260656639933586 974.7023283839226 15.37487368285656 105.9484132304788 3797.008299857378 486.8783001750708 3.846327215433121 3786.028137780726 10.95747435092926 227.6563304439187 1109.396140262485 44.81134045124054 25.66764704138041 26.74629754573107 59.25501231849194 21.40919223427773 79.33531178534031 41.5053153783083 0.9575192183256149 1.615015387535095 0.9532086253166199 1.030660264194012 2.246082335710526 0.9411861747503281 0.8406303375959396 1.62917922437191 0.4762822687625885 7314.114983163774 621.614949285984 60.77484250068665 5.530797392129898 1.460727885365486 0.849911242723465 56.51100893318653 10.19968290627003 11.24131062626839 17.26952131092548 3.274910911917686 7.439059011638165 144.5581176504493 14.95217141509056 6.151737570762634 25.29120276868343 181.2885507568717 102.2437192574143 14.64909166842699 190.3864541351795 84.89363390952349 3.04820766299963 1.232946366071701 5.917096734046936 24.38797672837973 50.15985986590385 503.3735945522785 2239.284783236682 79.30814953893423 50.68904694914818 83.76221749186516 58.48685658723116 1.176365152001381 507.8727899342775 36.47801704704762 138.4720174223185 125.5025407895446 215.1291073188186 268.0662594214082 72.98710291832685 44.37900809943676 8.119422949850559 0 522.6381139904261 370.399502851069 135.7574901208282 226.672342851758 68.25090132653713 224.0531501621008 3787.22180826962 199.1762991249561 1746.505558215082 37.69242843240499 0.6986364275217056 40.19742418825626 44.76287434250116 367.9490686953068 2.14420934766531 18.35103111714125 0.45726328343153 40.82911740243435 7.020648054778576 126.4553442671895 46.82217916101217 11.07654914259911 28.88327226042747 2.747430920600891 0 1.821514964103699 569.1690067350864 2.614188432693481 0.1663622707128525 10.90603315830231 0.7416655719280243 27.06040965020657 51.95149984955788 0.5010699480772018 48.99231694638729 7.26432754099369 8.282415762543678 3.595706507563591 89.58421239256859 35.30293659865856 66.12203587591648 56.80088949203491 1.049770623445511 0.1893437504768372 0 0 0.3507615625858307 0 0 0 0.174191489815712 0 0.1818353682756424 0 0 0 0.1287673711776733 0 0.700560986995697 0.1522078365087509 0 9.161604046821594 0.9748603999614716 0 0 0 20.21256825327873 0.8241846635937691 16.04212202131748 3.585669457912445 3.12191092222929 0.2840935736894608 1.413973107933998 0.7734259963035583 0 0.5971739888191223 0.3141756355762482 0.2181676626205444 0.6787335276603699 2.546863824129105 0.7119055539369583 0.9265366643667221 0.1823954433202744 0.1513877511024475 2.247303888201714 0 0.3230823576450348 1.78103269636631 0 1.518384158611298 0 0.7500207424163818 1.926928997039795 33.277668222785 0 0 0.9735760092735291 1.694818884134293 2.580407097935677 1.746630147099495 2.999449402093887 0.791082575917244 1.857265815138817 22.24393145740032 0.2130689322948456 0 2.163319975137711 1.962189927697182 3.475332200527191 2.203940913081169 1.088410466909409 2.043075799942017 2.400730520486832 2.517051249742508 0 0.5575406551361084 1.682189792394638 0.5879022479057312 1.252207368612289 0.2123583555221558 9.918953776359558 1.449551925063133 1.061950981616974 0.6300610452890396 3.083734810352325 1.949998825788498 5.928493820130825 144.6167469918728 66.39504267275333 631.0428910851479 66.54821311682463 132.6726085171103 67.68441960215569 12.39645809680223 26.10215175151825 8.237135238945484 0.5481004044413567 7.471811786293983 0.7474756240844727 1.183443173766136 0.7959676831960678 0 0.3087479770183563 1.925055861473083 0
1823.267307206988 356.2910057604313 7.260656639933586 0 45.89750047028065 267.0953801572323 921.1128881126642 1.696913287043571 48.83378648757935 1705.008043885231 1.935331225395203 577.3091803789139 3179.465512931347 20.88223648071289 0 0 0 0 0 0 0 0 0 0 0 0 0 0 0.1318685859441757 0 19.39592659473419 0 0 0 0 0 0.3445118963718414 0 0 0 0 0 0 0 0 0 2.675165608525276 0.5209056884050369 0 0.2751732468605042 0.1698060184717178 0 0 0 1.670063190162182 6.350945308804512 30.77622710168362 39.22842629253864 6.557488113641739 0 0 0 0 2.732603818178177 2.797285728156567 2.946796134114265 2.577580109238625 1.308303594589233 0 0 0 0.5229681730270386 0 28.65752735733986 8.293527469038963 4.885537952184677 1.204173356294632 0.2361633479595184 0 1.221338897943497 0.1604693830013275 0.6847786903381348 1.732193514704704 0.7074031084775925 0.776652529835701 3.523281566798687 0.810949370265007 0 0.3494980484247208 0 0 0 0 0 0 121.406889975071 0 0 0 119.1539043188095 0 0 2.382762461900711 0 1.186347737908363 10.85607860982418 0 4.904261559247971 10.99981409311295 2.448887974023819 0 5.880550161004066 3.030554309487343 2.005137726664543 0 0 0 0 0 0 0 0 0 0 0 0 0 0 0 0 0 0 0 0 0 0 0 0 0 0 0 0 0 0 0 0 0 0 0 0 0 0 0 0 0 0 0 0 0 0 0 0 0 0 0 0 0.5737681984901428 0 0 0 0.2737596035003662 0 0 0 0 0 0.2945367097854614 0 0 0 0 0 0 0 0.289850264787674 0 0 0 0 0 0 0 0 0.5005542486906052 0 0 0.1805438101291656 0.2381661832332611 0 0 3.340188398957253 3.707782790064812 22.02529864758253 4.626663081347942 224.401676222682 6.466836988925934 1.581581026315689 0.5118939876556396 0.5614450573921204 0 0.264970988035202 0 0 0 0 0 0 0
375.2046157643199 4307.922646433115 974.7023283839226 45.89750047028065 0 43.82383522391319 772.64275252074 22.98540487885475 5622.418980188668 68.5114054530859 2266.23963662982 17.83925941586494 811.6702041774988 4009.407601967454 15.39894320070744 1.924802333116531 1.245993629097939 0.1717237681150436 0.4166010767221451 1.469119027256966 0.5067350119352341 0.2600775063037872 0.1583264023065567 0.1396196782588959 0 0.9860696494579315 0.1233744546771049 0.1134208813309669 0.2556254044175148 0 230.921244494617 25.18918926268816 30.97436095774174 0 0 0 20.19019931554794 0.8674873113632202 2.057155221700668 1.736271098256111 0 0.4817672520875931 0.1500239223241806 1.684621751308441 0 0.3937864154577255 131.6014476493001 20.34116407483816 2.932406947016716 0.7199101895093918 5.153204828500748 1.157130807638168 0 0.8865722790360451 13.32953997701406 39.31587275117636 53.16397488117218 117.4308746829629 46.22273775935173 57.61128962039948 0.8521267995238304 4.082799829542637 0 60.59779205918312 27.5785002335906 26.93431840837002 35.93522458523512 8.738783173263073 1.416660398244858 1.658707275986671 26.05043555051088 9.562692031264305 0 151.1580226719379 189.0426147282124 136.7130338549614 170.2460464835167 13.10707513988018 1.59738153219223 138.4431374818087 2.502020910382271 7.592160589993 19.93447872251272 1.10923370718956 7.052635535597801 31.82380639761686 10.39144404232502 2.54882075637579 7.883861199021339 1.048520535230637 5.109330169856548 0.7079248353838921 0.8204657733440399 2.752392739057541 1.873022332787514 277.7767384052277 0 0 1.786192893981934 60.33718083053827 2.722397640347481 1.042056396603584 45.02872337400913 5.3456911444664 77.40381011366844 255.7977976500988 4.347427129745483 160.2941471636295 30.16852141916752 32.53905466198921 9.110931292176247 260.04066850245 108.1508630812168 160.2178701460361 97.35690662264824 0.485469788312912 0 0 0 0 0 0 0 0 0 0 0 0 0 0 0 0 0 0.6828576326370239 22.12275420129299 11.11264576017857 0 0 0 14.58055530488491 1.986553639173508 8.747230559587479 2.316745460033417 0.6981888934969902 0 0 0 0 0 0 0 0 3.702517166733742 0 0.1523789763450623 0 0 0 0.2516632676124573 0 0.5394356101751328 1.274570778012276 4.096832513809204 0 0.6223371773958206 0 26.0116306245327 0.8788289427757263 0.4785258322954178 0.4187519252300262 1.345615617930889 0 0 0.9938114136457443 0 0.2976360321044922 23.40304796397686 3.141542971134186 0 0.5162124931812286 0.7797521650791168 4.083128854632378 1.190396189689636 1.157578259706497 4.128741592168808 1.966153234243393 1.501294106245041 1.020146757364273 0 0.1199726238846779 0.1196814626455307 0.7510369345545769 0 4.549698419868946 0.2919780910015106 0.404335230588913 0.1324829906225204 26.45439188182354 1.470094591379166 0.8672923296689987 104.0048870295286 61.966562949121 573.5262584015727 70.29425553977489 83.4617537856102 56.27359412610531 8.875132285058498 12.8511551618576 6.573617734014988 0.1890538781881332 5.840596094727516 0.7364408373832703 4.621638357639313 0 0 0.5379589200019836 0.9011373817920685 0.1860435158014297
286.2149579524994 472.6772072464228 15.37487368285656 267.0953801572323 43.82383522391319 0 326.3856439143419 6.110076248645782 82.07792362570763 1258.586114823818 6.842080995440483 603.6737573295832 842.7578275948763 61.22058466076851 0.9359446465969086 1.737068623304367 0 0 0 0 0 0 0 0 0 0 0 0 0.1665517240762711 0 12.37808756530285 0.8762828558683395 4.466554969549179 0 0 0 56.95467951893806 0 21.31486463546753 0.1862465888261795 0 0 0 0.6949817687273026 0 0.3358603119850159 0.8183971345424652 0.8047595024108887 0 0.9487487375736237 0.5681920200586319 3.564593628048897 0 0 1.998547106981277 6.594289377331734 154.2462481185794 35.5904495716095 13.84424415230751 0.9757786393165588 0 0.7637344747781754 0 0.3117179274559021 2.839609950780869 1.02758963406086 1.339674316346645 0 0.7999309301376343 0.4952800571918488 271.5527892410755 257.7945224493742 10.05374248325825 37.14833757281303 11.65429192781448 3.062669113278389 2.319079533219337 0.9630821198225021 0.243124932050705 12.17959360778332 0 1.403943300247192 3.66006638109684 2.581710398197174 0 3.774199552834034 0.1994041502475739 6.846718177199364 5.12347300350666 7.005050525069237 0.8000918626785278 3.518830180168152 0.499138742685318 0 0 1135.237663686275 126.8861747682095 3.991347908973694 38.12746325135231 1044.747292339802 0.1554686427116394 0 0.4678798764944077 0 0.9112391322851181 1.92829504609108 0 1.676675662398338 2.638005718588829 0.5995889753103256 0.3453551828861237 3.233253121376038 2.03326353430748 3.80915954709053 2.463401690125465 0.2076878994703293 0 0 0 0 0 0 0 0 0 0 0 0 0 0 0 0 0 0.3659287393093109 0 0 0 0 0 0.7144312411546707 0 1.511904463171959 1.220454156398773 0 0 0 0 0.1760630160570145 0 0 0 0 0 0 0 0 0.2477281540632248 0 0.3304474949836731 0 0 0 0 0 0 0 1.68732625246048 0 0 0.6318390369415283 0 0 0 0 0 0.2539591193199158 0 0.9096698760986328 0 0 0 0.5546762943267822 0.4731389880180359 0 0 0.6030021905899048 0 0 0 0 0.1092042103409767 0 0 0.5778016299009323 0 0 0 0.8710277676582336 0 0 7.979972541332245 3.460138723254204 20.57355331629515 9.515401057898998 110.3841876089573 10.26550301909447 3.737235486507416 2.754837781190872 0.1877326369285583 0 0 0.659100353717804 0 0 0 0.3556768298149109 0.1473051309585571 0
997.5789388716221 3717.194725498557 105.9484132304788 921.1128881126642 772.64275252074 326.3856439143419 0 5.871293172240257 1264.710506618023 822.8728885948658 17.66502451896667 18.50869397819042 8620.963112726808 980.6401164382696 8.525144711136818 2.806597158312798 0.6263268291950226 0 0 0 0 0 0 0.2637516558170319 0 0 0 0 0.3895826786756516 0 187.1130221784115 18.61232428252697 12.03268812596798 0 0 0 6.436411499977112 0.2473157346248627 0 0.4272254109382629 0 0 0 0 0 0.2302740812301636 74.383036211133 18.49814562499523 0 1.005134999752045 7.038464680314064 0.1724914014339447 0 0.1273464858531952 14.52842443436384 29.08151687681675 101.2882774174213 144.1583272069693 40.25943839550018 36.38599836826324 0 2.417254105210304 0 43.80569623410702 20.72448164969683 24.11797559261322 22.12048638612032 5.553241558372974 0.2008613795042038 0 17.15644729137421 4.609697669744492 0 152.5855399817228 129.2466562241316 76.28530405461788 104.8563921898603 4.46417547762394 1.759919717907906 23.16286782175303 0.5971806198358536 5.921103119850159 15.36768627166748 0 4.971275694668293 26.53851181268692 10.59525095671415 1.093044295907021 6.712498553097248 0.598816841840744 1.47584655880928 0.7869283556938171 0.9401815235614777 0.1425832808017731 0.4736289978027344 730.6566761881113 0 0 0.8106281161308289 182.5901884287596 1.842160359025002 0.5229505896568298 25.77817778289318 6.243193045258522 40.90233215689659 174.9546342343092 1.519083485007286 125.4303593486547 94.2463456094265 46.69020144641399 3.21626541018486 213.0258123427629 74.40695145726204 92.57611149549484 45.6594332754612 0.2581134140491486 0 0 0 0 0 0 0 0 0 0 0 0 0 0.1594045907258987 0 0 0 0 5.846299290657043 2.962804079055786 0 0 0 2.843358099460602 0 4.767659828066826 0 0.6567502021789551 0.1296244859695435 0 0 0 0 0 0 0.9477749466896057 0.3666748404502869 0 0.3701811134815216 0 0 0 0.2690815329551697 0 0.2567996233701706 0.8221572935581207 0.7025698274374008 0 0 0 15.73447908461094 0 0.1846392154693604 0 0.5000907629728317 0.4891013354063034 0 0.2304082661867142 0 0 16.52659764885902 0 0 0 0 0.8213799297809601 0 0.6719200015068054 1.592529058456421 0 0.6800837367773056 0 0 0 0.3104640692472458 1.126236543059349 0 3.824635624885559 0.1633513867855072 0 0 17.39412465691566 1.390709459781647 0.7217132449150085 68.89835847914219 39.12026238441467 348.3229593709111 45.00186762213707 369.2000773102045 41.62462010979652 10.94821870326996 6.789118729531765 2.650109723210335 0.1246827095746994 2.921523630619049 1.346492141485214 1.759584188461304 0.5395749807357788 0 0 0 0
146.0134932026267 648.5921635180712 3797.008299857378 1.696913287043571 22.98540487885475 6.110076248645782 5.871293172240257 0 23.16337483376265 1.060181424021721 1529.202520869672 3.102880746126175 107.6945576518774 570.3388304114342 29.31490521132946 17.77204006910324 5.412831112742424 39.40018880367279 5.814144536852837 61.9768278747797 35.00012607872486 0.1779391467571259 0.9555211216211319 0.197921559214592 1.336191013455391 0.7228723168373108 0.4608608856797218 0.4243031591176987 2.437824390828609 0.1511275321245193 1216.729938417673 1190.768563181162 21.67722614109516 4.792156562209129 0.3526632040739059 0.1819861829280853 24.38009448349476 3.955194368958473 4.642618834972382 6.71851472556591 2.236221954226494 6.00310867279768 84.4090947508812 5.076574236154556 6.437782391905785 22.43097023665905 82.6494817584753 18.64186736941338 4.577374085783958 63.36760595440865 26.9335116147995 1.666792005300522 0.2892731428146362 2.255068451166153 4.464358739554882 10.83908097445965 78.49836365878582 223.0952963158488 17.90598989278078 25.89743661880493 53.21247081458569 62.13264591991901 4.224590703845024 108.9188168495893 11.64881855249405 44.4432584643364 51.59180721640587 96.15300331264734 138.7826730385423 54.61612956225872 8.919330023229122 0 0 94.74984367191792 82.1389020383358 64.63349064439535 181.9091791883111 65.77843564003706 614.3126101791859 3917.506319604814 384.3890304118395 4166.426862195134 7.130604848265648 0.3038612008094788 7.595708832144737 11.27669443935156 136.7021747529507 0 4.819262325763702 0 12.64288236200809 3.99453729391098 81.28234426677227 23.36113926023245 7.843575000762939 4.80964732170105 0 0 1.015840396285057 111.7527448236942 0.2838160693645477 0 0.8175273835659027 0.2180159538984299 5.784615337848663 9.024832099676132 0 4.648473531007767 0.9609201997518539 0.6989201903343201 0.4963663071393967 9.191986605525017 3.725266247987747 9.482220053672791 10.53449374437332 0.3741048872470856 0 0 0 0 0 0.1380028128623962 0 0 0 0 0.1681373417377472 0 0.37190181016922 0 0 0.1585417538881302 0 0 1.598177179694176 0 0 0 0 3.425344169139862 1.322224095463753 5.523348599672318 1.437953248620033 1.264243274927139 0 0.3843590468168259 0.2380422353744507 0 0 0.1771431565284729 0.5575914084911346 0.3035217225551605 0 0.2097311466932297 0.1607090085744858 0.2065014243125916 0.259108304977417 1.007059186697006 0.1549748480319977 0 0.2798489257693291 0 0.1977834701538086 0 0.2466486692428589 0.2504148185253143 5.320321500301361 1.170983195304871 0 0.1448383778333664 0.9455820322036743 0 0.5841531604528427 0.7558511048555374 0.2792315781116486 1.469702258706093 5.869400665163994 0 0 0.8384175449609756 1.214141301810741 0.4138617217540741 0 1.209100246429443 0 0 1.680502876639366 0.3860496878623962 0 0.6818288117647171 0 1.046516090631485 0 2.565749049186707 0.5907580628991127 0.1264582425355911 0.6567678600549698 0.8833836317062378 0 2.484518796205521 48.53172514587641 18.19937079399824 223.6326166391373 23.66261176019907 20.8574376180768 16.72646596282721 2.038671731948853 7.43978600949049 2.432934552431107 0.4170081615447998 1.843620404601097 0 0 0.4584687650203705 0 0 1.21808286011219 0
72.73228837549686 2803.562372788787 486.8783001750708 48.83378648757935 5622.418980188668 82.07792362570763 1264.710506618023 23.16337483376265 0 109.1276475191116 843.9445332661271 16.35166162252426 1567.128189399838 2411.424159213901 9.352471232414246 1.909088671207428 0.5331138223409653 0 0 0 0 0 0.1638808101415634 0 0.1658109724521637 0 0.1154438480734825 0.2425113171339035 0.6094035506248474 0.2674999833106995 91.21149468421936 7.449155792593956 23.40672746300697 0 0 0 15.45856773853302 0.2944862395524979 0.3287761509418488 0.1404607146978378 0 0.3126020506024361 0.6812002807855606 0.3628446459770203 0 0.1680531650781631 62.52961264550686 9.95494532585144 1.019147932529449 0.4135058224201202 3.980892866849899 0.28538478910923 0 0.129173144698143 3.298514828085899 14.47952691465616 19.14837872236967 34.93609082698822 16.9805706217885 24.181156642735 0 0.6736543774604797 0 23.1282622218132 8.514298476278782 12.98348344862461 11.34018175303936 2.619831942021847 0.5530014038085938 2.53268575668335 13.04500298202038 4.571310743689537 0 62.25559560954571 60.87810247391462 52.18624411523342 77.10288497805595 7.202231109142303 0.5325043350458145 69.11502221226692 0.7917556166648865 2.712640628218651 7.564779713749886 0.3634387031197548 4.078652068972588 9.999566256999969 5.805822364985943 0.1098861619830132 3.147326409816742 0.2741006761789322 0.7594498991966248 0.6972636729478836 0.7295520901679993 0.4558320194482803 0.6852459162473679 335.8116535693407 0 0 0.7042186856269836 33.32759872823954 0.942208006978035 1.002866744995117 33.1417058557272 2.86449308693409 59.82730479538441 201.3002837002277 1.513799265027046 128.0336263328791 25.03081510961056 33.27033863961697 3.590016394853592 221.2196935266256 72.75152640044689 122.8150059133768 58.9377009421587 1.157255381345749 0.3592245280742645 0 0 0 0 0 0 0 0 0 0 0 0 0 0 0 0 0 11.86931057274342 2.761404722929001 0 0 0 8.7951500415802 0.2048233151435852 4.575613528490067 0.9220058619976044 0.6817619353532791 0.2190582603216171 0 0.2500062882900238 0 0.2417030930519104 0 0 0.757530577480793 2.248923763632774 1.035988032817841 0.1629310250282288 0 0 0 0 0 0 1.152605533599854 1.104808695614338 0 0.1886536777019501 0 21.85962082445621 0 0.3220780789852142 0 0.3617540150880814 0.1145138293504715 0 0 0 0 17.09870278835297 0 0 0 0.1232481300830841 2.65898323059082 0 2.039615839719772 2.283014848828316 3.815853983163834 0 0 0 0 0.1490013003349304 0.1720653176307678 0 2.083370566368103 0 0 0 16.35562393069267 0.8931011557579041 0.5497687757015228 52.75162913650274 20.93329674005508 301.9320276379585 30.59265897423029 68.9731979072094 28.53753764927387 3.193464919924736 4.661896497011185 4.345019653439522 0.5110438317060471 1.949927419424057 0.6933842152357101 2.241313815116882 0.1504623144865036 0.13217394053936 0 0 0
2204.786256372929 347.9705837294459 3.846327215433121 1705.008043885231 68.5114054530859 1258.586114823818 822.8728885948658 1.060181424021721 109.1276475191116 0 0.7886885553598404 1577.147048681974 9076.646824136376 60.56475323438644 0.9208844751119614 0.9485719501972198 0 0 0 0.1942069381475449 0 0 0 0 0 0 0 0 0.1260465085506439 0 9.169589191675186 0 1.929546535015106 0 0 0 11.47789886593819 0 0.1742582321166992 0.2332167476415634 0 0.2907839417457581 0 0 0 0 1.789016604423523 1.03894504904747 0 0 0 0.5721816420555115 0 1.20145571231842 1.059221014380455 5.207233764231205 40.96601332724094 31.39038613438606 7.809803493320942 1.338032379746437 0 0.2161750793457031 0 1.306235522031784 3.296470187604427 4.314242571592331 2.797409631311893 0.9763562977313995 0.3838416337966919 0.3960164189338684 30.67275105416775 3.324349611997604 0 23.91597372293472 8.306182116270065 1.436094522476196 1.299623161554337 0.4802618771791458 0 3.627083271741867 0 0.1220128834247589 1.841879546642303 0 1.107658863067627 3.169727489352226 0.5033556893467903 0.1433452516794205 0.1355556547641754 0 0 0 0.7626680135726929 0.3623061180114746 0 733.6571611166 0 0 0 636.8737926036119 1.212443977594376 1.850388139486313 15.95930732786655 20.13757799565792 16.14576062560081 77.68264470994473 3.19880411028862 48.77849535644054 69.06649506092072 31.39272704720497 1.377930089831352 102.2074373066425 52.76691794395447 54.32489186525345 12.14916397631168 0.3602871000766754 0 0 0 0 0 0 0 0 0 0 0 0 0 0 0 0 0 0 5.813900262117386 0.4592766761779785 0 0 0 1.413305670022964 0 1.316906988620758 0 0.2114623039960861 0 0 0 0 0 0 0 0 1.649779140949249 0.1208872050046921 0.2787088453769684 0 0 0 0 0 0 0.2231477499008179 0.1770381033420563 0 0 0 1.910515949130058 0 0.1587972193956375 0.1144894957542419 0 0.1875331252813339 0 0 0 0 4.210697337985039 0 0 0 0.5598226487636566 0.3084701597690582 0 0 0.4619311988353729 1.523122861981392 0 0 0 0 0 0 0 0.6922550946474075 0 0 0.6567172408103943 18.04599812626839 1.478497996926308 0.3476420044898987 6.958589822053909 2.829050779342651 22.42154176533222 3.513259626924992 788.1270307153463 6.384571328759193 1.094334691762924 2.182517096400261 1.475992292165756 0 0.1899598687887192 0 5.73795460164547 0.1760284453630447 0 0.2121161073446274 0 0
221.5172906666994 2447.106873743236 3786.028137780726 1.935331225395203 2266.23963662982 6.842080995440483 17.66502451896667 1529.202520869672 843.9445332661271 0.7886885553598404 0 18.88685593008995 1181.607977062464 7086.132241398096 23.30119529366493 7.467816859483719 2.471844732761383 0.4393082857131958 0 1.39868825674057 5.513462781906128 1.75105145573616 0.1756402403116226 0 1.083954423666 1.726856827735901 0 0.5538042932748795 0.4090745896100998 0 419.0267620012164 134.0811937600374 119.9974582642317 0 0 0 85.22790359705687 5.819250985980034 13.57393053174019 23.36889232695103 1.013217017054558 8.821472555398941 2.12325756251812 1.792937636375427 0.4934494495391846 0.6872393488883972 65.36693229526281 5.734521694481373 1.414240755140781 2.118572786450386 3.467041619122028 0.2703717947006226 0.9300643801689148 3.34114071726799 3.940066263079643 10.54862063378096 27.84956362098455 70.19103422760963 19.11611081659794 20.61224400997162 0.8833311051130295 5.572662308812141 0 21.28932943940163 6.041148446500301 12.09496772289276 9.796779491007328 6.241650365293026 7.757395684719086 3.755046188831329 40.33575020730495 6.500591740012169 0.5563331246376038 49.51773915439844 52.499496974051 57.45418397337198 88.26274397969246 21.28110054135323 15.89091664552689 1718.676648713648 2.686470985412598 34.10070342570543 6.283396385610104 0 1.503888502717018 9.921076335012913 4.548063836991787 0.4687332063913345 2.131828650832176 0.3234144523739815 2.354727201163769 0.8146677985787392 12.58561159670353 21.55380281805992 8.058421425521374 44.62040561437607 0 0.2410549372434616 1.17675644159317 71.45792651176453 1.257671445608139 1.168945536017418 8.009995922446251 3.035327553749084 27.21167816221714 53.20909811556339 0.7679655998945236 48.40550895035267 5.206618651747704 5.648379728198051 2.649307787418365 100.6257514804602 32.32748086750507 68.16570609807968 47.29716765880585 0.6157584190368652 0 0 0 0 0 0 0 0.2086354494094849 0.3013797402381897 0 0 0 0 0.7223080545663834 0 0.1806738376617432 0 0 10.15949994325638 3.118912488222122 0 0 0 10.85219331085682 2.029223248362541 6.358840361237526 0.9953049421310425 1.056571468710899 0.1780980974435806 0.8130997717380524 0 0 0 0.2698107063770294 0.1957903355360031 1.68807215988636 1.742506816983223 0.2260176837444305 0.5047484785318375 0 0.3419615775346756 1.266624875366688 0.135002002120018 0 0.5301724150776863 0.1397989839315414 0.831596627831459 0 0 0.2669775933027267 18.26614826917648 1.426260441541672 0 0.356887049973011 0.4318464547395706 0 0 0.1802055686712265 0 0 11.89599619805813 0.1802716106176376 0 0.1945233196020126 0.4801616966724396 1.880632132291794 0 1.554526209831238 0.6240804865956306 2.169682890176773 0.4167667627334595 2.439466238021851 1.027269840240479 0.2400289326906204 0 0.7488129436969757 0 2.066569656133652 0.1373820304870605 0.3605753481388092 0.198327824473381 6.667735546827316 1.391291439533234 0.9096279591321945 70.04218506067991 19.09590183198452 276.0921236053109 31.5137005597353 36.71121327579021 25.39763611555099 3.674981519579887 12.22163993865252 2.711676962673664 0.4111145734786987 5.787954971194267 0.4233104735612869 2.948606058955193 0 0 0 1.009493872523308 0
532.5337913781404 20.94230498373508 10.95747435092926 577.3091803789139 17.83925941586494 603.6737573295832 18.50869397819042 3.102880746126175 16.35166162252426 1577.147048681974 18.88685593008995 0 1720.004999786615 69.49369376897812 5.244108811020851 3.959964364767075 1.43914557993412 0.2093721181154251 0 0 0 0 0 0 0 0 0 0 0.1662940084934235 0 6.55131696164608 3.652270019054413 21.01881244778633 0 0 0 26.60007719695568 0 6.068309649825096 2.631870746612549 0 2.190978497266769 0.5616291761398315 0.3378614634275436 0 0.2391224056482315 11.65203922241926 0.4246069043874741 0.5539969801902771 0.134760245680809 0.8082511126995087 0.9405892789363861 0 0.5618086457252502 0.4132362827658653 1.012169554829597 9.687403976917267 11.00773674249649 3.1384082660079 1.73950320482254 0.5261319279670715 0 0 5.116873145103455 1.302646622061729 0.8307276964187622 1.413223095238209 0.1860586106777191 0.934034526348114 0.194410115480423 108.8624845445156 121.0089200586081 0.1312721818685532 7.363755948841572 4.456095904111862 5.736537843942642 11.94896031916142 6.737196817994118 0.3235765993595123 14.67536669969559 0.6508435010910034 0.6504324525594711 0.4790715277194977 0 0 1.358597800135612 0.5687396973371506 0.518417626619339 0.5774580240249634 0.4107276797294617 0.2127465307712555 0.3213435262441635 2.238378509879112 0.1873104870319366 2.208684295415878 2130.111327767372 72.86835943162441 0 5.087043046951294 170.51256968081 3.617483764886856 1.772614702582359 35.46293599903584 8.26620589196682 60.85421840846539 238.4432785511017 3.900005757808685 167.7504414021969 20.81558775901794 34.1268775165081 10.23488348722458 367.9013601839542 146.8526839464903 265.0485439896584 111.2036838084459 0.3225081562995911 1.39104625582695 0 0 0 0 0 0 0 0 0 0 0 0 0 0 0 0 0 20.03981490433216 5.996007412672043 0 0.1995492726564407 0 26.67200887203217 0.5356797128915787 13.95292837917805 4.526443287730217 1.217905268073082 0 0.1947213709354401 0 0 0.1723456084728241 0.5312718152999878 0 0.4241707921028137 2.244922995567322 0.221322774887085 0 0.2223895937204361 0.8008075058460236 0 0 0 0.6967745423316956 0.8723750859498978 1.815144926309586 0 0 0 39.07464723289013 1.182580590248108 0.2332522124052048 0.7250806987285614 0.4943085685372353 0 0 0.6116925179958344 0 0 55.9053248167038 6.264994516968727 0 0 0.1763512343168259 3.590480372309685 0 0.4314215779304504 1.839798137545586 0 2.776031330227852 0.7876836657524109 1.346947371959686 0 0 0 0 0 0 0.2827345132827759 0.4210603088140488 43.46453246474266 4.321347743272781 6.676908254623413 20.86652617156506 2.188669465482235 57.08890699595213 5.253088481724262 283.7486619651318 5.258921220898628 0.3888388723134995 4.051158525049686 6.36495441198349 0.2475889623165131 7.593778245151043 0.4151948690414429 3.397541433572769 0.6672016680240631 0.1383580565452576 0.1549185812473297 0.1969009935855865 0
1120.470093667507 1868.598347216845 227.6563304439187 3179.465512931347 811.6702041774988 842.7578275948763 8620.963112726808 107.6945576518774 1567.128189399838 9076.646824136376 1181.607977062464 1720.004999786615 0 3438.140527069569 102.8867831751704 42.41930798441172 5.215101450681686 3.56842702627182 1.24575462937355 0.3190320730209351 5.785726815462112 3.760739043354988 0 0 0.9349775612354279 0.4621016085147858 0.2965158671140671 1.828431665897369 4.971151009202003 0.6470500901341438 67.23067471385002 29.34159538149834 737.2185290157795 0 0 0 466.3831889927387 7.244467943906784 92.89634326100349 82.19526544958353 1.713530004024506 13.48622644692659 3.426933869719505 7.180981561541557 2.413168638944626 2.228383854031563 251.149264678359 13.83187588304281 3.64087251573801 3.428370654582977 11.84118644148111 2.871823862195015 10.88119304180145 7.039913691580296 7.06801613420248 22.5074836909771 49.33340816944838 50.30324389785528 36.81380175054073 50.91550877690315 1.762466371059418 37.45700830221176 0 59.40881709754467 12.22662372887135 16.25640846788883 17.7202250957489 13.70105863362551 6.832175195217133 18.07156141102314 523.1860838681459 369.0043482482433 0 98.52081295847893 105.2749208509922 134.6745137050748 242.4662350863218 100.6030873954296 3.281295821070671 383.6320798918605 6.350775480270386 43.65011640638113 9.889859333634377 1.056517250835896 4.156362272799015 15.19555933773518 8.674482643604279 1.265788368880749 5.718921780586243 0.9794590324163437 8.172626957297325 3.324630066752434 27.98136234283447 33.42564477026463 13.3445657491684 5446.11978815496 115.3249157518148 0.1369197517633438 25.01777917146683 361.2677761986852 9.435543656349182 5.619793519377708 147.1075504869223 28.60736988484859 288.0150929689407 878.223227456212 9.588255673646927 639.7384118586779 250.920781031251 143.5732875317335 34.30284570157528 1095.07583899796 557.7804608941078 804.2667748630047 499.1675352007151 3.810399770736694 3.918826416134834 0.7981124818325043 0.6813423335552216 0.2147256433963776 0 0.3107220232486725 0 0 0 0 0.7008987069129944 1.311838030815125 0.438879057765007 0.7536490857601166 0.7808506488800049 2.135101050138474 1.670817241072655 0.5161377787590027 70.18323841691017 27.8415189832449 0 0 1.498056039214134 135.9980017840862 5.860605269670486 77.84061954915524 20.41483777761459 8.822201669216156 0.2234402298927307 1.985561221837997 0.8708997964859009 0.340850293636322 0.870215505361557 1.5502739995718 0.6978805214166641 5.601728394627571 14.41072901338339 1.723940163850784 2.378091357648373 0 1.245868191123009 2.625482082366943 0 0 0 3.811216376721859 11.06312204152346 0 1.295064106583595 1.766436770558357 184.3567046821117 2.715794816613197 1.184459716081619 0.8795429319143295 1.800410218536854 0.2651576101779938 0.3124745786190033 0.2147963419556618 0.1813384741544724 0.9241695702075958 264.8254763931036 22.40600752830505 0 0.8155180811882019 1.939523972570896 20.00200793147087 2.297538354992867 8.84476138651371 19.05843797326088 8.219263166189194 11.28523343801498 1.555493861436844 1.93393474817276 2.194331392645836 0 0.646857813000679 0 2.838648200035095 1.029825262725353 0.4205711483955383 1.756576299667358 158.7767058163881 27.46057040989399 24.74361471831799 340.7966185510159 60.86551373451948 842.6449697166681 138.2594596147537 662.8257667422295 107.3134102597833 10.92488334327936 80.86286254972219 21.02982275187969 2.1640390381217 30.89969120174646 4.747988700866699 8.550174951553345 4.052893221378326 0.5130904316902161 2.185607478022575 1.775530517101288 0.2705623507499695
