0 2332.695174656808 858.0622423514724 806.9092112407088 196.6816728785634 103.4840160682797 471.9282705038786 68.17297783493996 101.0030191093683 1539.935801580548 256.7463898658752 182.6767987012863 875.8594087138772 124.4521080553532 0.2641143724322319 0.2511864900588989 0 0 0 0 0.2450776696205139 0.4335009157657623 0 0 0 0 0 0 0 0 624.1619852110744 9.926862470805645 1.727458447217941 0 0 0 0.3836191073060036 0 0.4622659608721733 0 0 0 0 0 0 0 60.22515416145325 3.568601623177528 0.09005998075008392 0 0.42826247215271 1.892515137791634 0 0.1357356607913971 7.472335934638977 7.911922849714756 576.1636824607849 754.7063469067216 159.0461743474007 29.93283929675817 0.1973688676953316 0 0 13.51512033492327 5.767589673399925 4.421038083732128 1.517890766263008 1.306855618953705 0.1038647294044495 0.2184525802731514 48.59731216728687 83.09662011265755 3.030694216489792 326.4397378116846 28.08512104302645 15.2909259647131 3.137462541460991 0 0.2451160699129105 3.203413382172585 0 0.4640086889266968 22.0853933095932 0.3462745845317841 2.501257985830307 6.022641770541668 3.19696519523859 1.813186921179295 0.500936821103096 5.079745873808861 0.1249433234333992 0.09564812481403351 0.1184157431125641 0 0.2233839482069016 315.8602917194366 99.99694126844406 7.139570891857147 0.8768652677536011 1936.555318005383 0 0 0 0 0 0.146821528673172 0 0.2781637907028198 12.0838515907526 0 0 0.9375227242708206 0.4969550371170044 0.3043911308050156 0.7249261736869812 0 0 0 0 0 0 0 0 0 0 0 0 0 0 0 0 0 0 0 0 0 0 0 0 0 0 0 0.429033637046814 0 0 0 0 0 0 0 0 0 0 0 0 0 0.3581876754760742 0 0 0 0 0 0 0 0 0 0.1753570139408112 0 0 0 0 0 0 0 0 0 0.1434058099985123 0 0 0 0 0 0.6224407255649567 0.1407685279846191 0 0 0 0 0 0 0 0 0 0 0 0 0 0.4008492529392242 0 0.560732901096344 46.54516090452671 7.212561398744583 75.56229957193136 6.573089726269245 1033.550685919821 166.0759441554546 5.500971622765064 6.358489736914635 0.3311493471264839 0 0 0 0.2690292298793793 0 0 0 0 0
2332.695174656808 0 3839.616277992725 132.6796742230654 2692.071594402194 285.0465699955821 2588.817398309708 487.5014586448669 1450.485398925841 685.821510463953 2250.635759882629 3.607825808227062 1422.862857118249 303.1973515152931 4.951608166098595 0.3026408106088638 0.1016563549637794 0 0 0 0 0.6319988891482353 0 0 0 1.167807206511497 0 0.8561475425958633 0.9926775842905045 0.09930385649204254 3037.30227664113 76.87381508201361 2.084268361330032 0.09583098441362381 0.3176077753305435 0 1.195801600813866 0 0.4384849667549133 0.2477910816669464 0.8280708938837051 1.266259990632534 0.5449081882834435 0 0.1383733004331589 0.4314003735780716 234.8334376215935 12.89868232607841 0.5858110636472702 0.1354029774665833 0.9298914074897766 0.7937425971031189 0 0.7312267497181892 17.60376331210136 27.08299593627453 353.0835290923715 591.3771764934063 184.9663357809186 61.7065340206027 1.063993252813816 0.6305541470646858 0.439821794629097 162.7233161479235 19.86080723255873 11.02297347038984 4.701536938548088 6.261247999966145 2.040304772555828 1.486680343747139 5.332149334251881 1.874987758696079 0.1083927825093269 499.2615128457546 150.2189200893044 93.99817737191916 46.57773432135582 3.1510891020298 0.4009754210710526 9.197614163160324 0.9949263036251068 1.970225855708122 53.58913817256689 2.12529793381691 8.378582090139389 13.80469910055399 10.74542459100485 0.4091177880764008 1.03590153157711 1.030220128595829 0.6803632006049156 1.275333732366562 0.8226626515388489 0.1012244895100594 0.4822541698813438 62.90423984825611 2.434782758355141 0.1811672300100327 0.1476446688175201 1720.790659911931 0 0 2.639851659536362 0 2.049764543771744 25.17245672643185 0.4011960923671722 15.79830801486969 71.3581140935421 0.4255081117153168 0.8616234138607979 32.16605153679848 11.86693281680346 9.564525172114372 6.72911961376667 0 0 0 0 0 0 0 0 0 0 0 0 0 0 0 0 0 0 0 0.1433189362287521 0 0 0 0 0.1477493792772293 0 0 0.1034429520368576 0 0 0 0 0 0 0 0 0 0 0 0 0 0 0 0 0 0 0 0 0 0.1635738015174866 0 1.709393449127674 0 0.3925569355487823 0 0 0 0 0.2002492100000381 0 0 6.624356515705585 0.5550157427787781 0 0 0 1.204963311553001 0 0.6073441952466965 0 0 0 0 0 0 0 0 0 0.08322800695896149 0 0 0 8.07893943041563 0.4601639211177826 2.32953368127346 315.4383636415005 49.30302488058805 360.2557556554675 59.66229119151831 1151.417169652879 329.2265098169446 17.50492189079523 56.85582496970892 6.149762704968452 0 0.6852157562971115 0 7.06539398431778 0 0 1.07428514957428 2.223672047257423 0.3447110652923584
858.0622423514724 3839.616277992725 0 17.31581582129002 746.0244179144502 33.60774291306734 295.5923073813319 2695.354033611715 1500.465092070401 11.44536253809929 4983.651860512793 3.077018514275551 145.026816137135 466.0773357003927 11.08728748559952 2.572692453861237 3.257833823561668 0.5515106320381165 0.8844079077243805 7.651069514453411 18.34936986863613 0.3249883353710175 7.441099666059017 1.374036341905594 1.632995091378689 3.011728733778 1.638492785394192 1.974055618047714 1.52164476364851 0.2828687280416489 6619.378528602421 548.1008265018463 8.329743906855583 12.97333431988955 2.102670811116695 3.918009549379349 7.675346791744232 0.7515622973442078 6.929184809327126 1.232940122485161 30.01105736196041 4.781532153487206 5.344212204217911 0.6851909905672073 13.21584834158421 10.98842547088861 185.7141219452024 15.04331023991108 2.096065543591976 6.188113138079643 8.055812321603298 2.063198827207088 1.271532125771046 3.388622023165226 12.7005223184824 21.1425446793437 296.5073392987251 1051.409721001983 153.8228513747454 60.56789585202932 14.23716301470995 4.043135426938534 18.82570239901543 434.6689674705267 15.39344691485167 11.67404982447624 11.21691298484802 18.21665528416634 30.99622228741646 91.04993750154972 6.126319885253906 1.80772203207016 0.3453097194433212 492.0663427710533 159.3453540802002 91.55133341997862 73.06621551513672 7.254474282264709 83.91222112625837 424.047582320869 2.395874530076981 87.14811274409294 41.76636058092117 2.049148000776768 7.732332624495029 14.43621464818716 16.08127893507481 0.3081280216574669 1.881439842283726 0.5294910818338394 1.967164717614651 1.6555545181036 9.778048649430275 4.278267599642277 2.500603251159191 19.95435909181833 0.7011405527591705 0 1.216867506504059 793.5514538660645 0.1417476087808609 0 2.310380712151527 0 0.9983095228672028 17.11037373542786 0 8.684910923242569 2.594825699925423 0.8773885518312454 1.006501704454422 14.42335230112076 10.12175421416759 8.701971508562565 7.084467552602291 0 0 0 0 0 0 0 0 0 0 0.6223606765270233 0 0 0 0 0.1162830144166946 0.1329752057790756 0 0 0.513810858130455 0.1138953417539597 0 0 0 0.6009281128644943 0.2474946975708008 0.1202610433101654 0.7170229330658913 0.2031705975532532 0 0.394998699426651 0 0 0 0 0 0.4054213315248489 0.3775158524513245 0 0 0.2120508402585983 0 0.8062839806079865 0 0 0 0.1999703496694565 0 0 0 0.8048863112926483 2.885035142302513 0.2522027790546417 0 0.08826036751270294 0 0 0 0.1330754160881042 0 0 7.697517462074757 0.3659959137439728 0 0 0 1.895610772073269 1.509416498243809 1.88162038475275 0.2754103243350983 0 0 0 0 0.1019448935985565 0 0 0 0.09599775820970535 0 0 0 2.743655726313591 1.413714714348316 1.872355930507183 247.1919558048248 42.74162258207798 285.2736103609204 59.10760978609324 304.902378603816 220.7059431448579 15.09471137076616 40.08519742637873 4.829407520592213 0.4046501517295837 0.6713322326540947 0 2.526263654232025 0.2373957931995392 0 0.5964413061738014 2.529677487909794 0
806.9092112407088 132.6796742230654 17.31581582129002 0 37.8846034258604 360.5118557214737 145.0750532001257 0.1456479281187057 31.03908769786358 500.1770124956965 3.801635883748531 267.9972948431969 1131.688405483961 135.3858565241098 0 0 0.3200096189975739 0 0 0 0 0 0 0 0 0.1101047247648239 0 0.1026059165596962 0 0 29.07457979768515 1.587277814745903 0.298849880695343 0 0 0 0.2702125310897827 0 0 0 0.1943839490413666 0 0 0 0 0 19.18524132668972 2.325501069426537 0.2013629972934723 0.1269735246896744 0 0 0 0 0.4328015595674515 4.542986787855625 31.81274369359016 26.14960660040379 17.72629464417696 7.075272180140018 0 0.2008131444454193 0 10.78868252038956 0.618985079228878 1.19928290694952 0.8871395066380501 0.6284922286868095 0 0.1539656221866608 0.6315611600875854 2.493510439991951 0 43.62727284431458 9.458905801177025 6.13422929495573 1.757024228572845 0.2234606593847275 0.1076282411813736 1.004430413246155 0 0 5.183767639100552 0.4001746699213982 0.103829637169838 0.9172490835189819 1.24503356218338 0.5439338386058807 0 0.1354972869157791 0 0.1409455984830856 0 0 0 42.70545473694801 4.563090056180954 1.248953387141228 1.391424775123596 237.8869249224663 0 0 0 0 0 0.5103679895401001 0 0.6805288195610046 8.95887291431427 0 0.2172700315713882 1.579201996326447 0.9205766171216965 0.3437600284814835 0.7325650453567505 0 0 0 0 0 0 0 0 0 0 0 0 0 0 0 0 0 0 0 0 0 0 0 0 0 0 0.1408880949020386 0.1944869607686996 0 0 0 0 0 0 0 0 0 0 0 0 0 0 0 0 0 0 0 0 0 0 0 0.2893553972244263 0 0 0 0 0 0 0 0 0 0 0 0 0 0 0.2904152572154999 0 0 0 0 0 0 0 0 0 0 0 0 0 0 0 0.1827835738658905 0 0 28.38199685513973 2.646558381617069 29.63349471241236 2.793204553425312 374.4676786959171 33.05562026798725 2.374416455626488 2.019876763224602 0.3043396025896072 0 0 0 0 0 0 0 0 0
196.6816728785634 2692.071594402194 746.0244179144502 37.8846034258604 0 61.32866702973843 3676.121106110513 72.40975026786327 4306.445646964014 136.3554727509618 1010.761624239385 13.61597346514463 481.0130636543036 364.6222257912159 9.810943469405174 0.7593130543828011 0.5171642526984215 0.2323483377695084 0 0.8518748730421066 0 1.495968230068684 0.1078949421644211 0.1099202111363411 0 1.091431066393852 0 1.523446619510651 2.699164487421513 0.2312669456005096 216.2951827719808 54.22425276786089 3.501002870500088 0.1173375025391579 0 0.1804154366254807 1.876627676188946 0.132012665271759 2.248782597482204 0 1.274293541908264 0.6221811771392822 0.2651830762624741 0.3765776976943016 0 0.1160309910774231 195.6238948553801 7.491951584815979 0.5467653125524521 0.4464158788323402 0.9760069027543068 0.6852788254618645 0.1295030862092972 2.576579198241234 6.713435210287571 16.7673674300313 45.06311640143394 54.41487180441618 30.75872615724802 38.19914107769728 1.330761425197124 0.6769599318504333 0.1337741315364838 101.3490825593472 9.519797496497631 6.289592355489731 4.48382119089365 4.953984387218952 1.866076275706291 3.160831086337566 8.80365814268589 1.570911690592766 0.138559028506279 153.6422028020024 92.63893906772137 91.9145462885499 67.83375254273415 3.421285510063171 0.8602802902460098 7.651695646345615 1.309405401349068 3.352763101458549 22.2499787285924 1.072528377175331 4.109814375638962 11.0166440308094 5.594886362552643 0.3520628735423088 1.195863544940948 0.2892347574234009 0.3487039133906364 0.6603032499551773 1.557464085519314 0.1128479167819023 0.7084791287779808 218.9622351974249 1.525154620409012 0 0.5876303538680077 74.33652101457119 0 0.2327800989151001 13.54502598941326 0.298386238515377 12.38033381104469 100.0171703025699 0.6583039164543152 70.13536742329597 27.65503214299679 8.60861274600029 9.527653142809868 134.2265530824661 72.90045963972807 52.66819793730974 26.72155410796404 0.3836556375026703 0 0 0 0 0 0 0 0 0.138424888253212 0 0 0 0.2228365540504456 0 0 0 0 0.1575419157743454 0.6049226075410843 1.569220319390297 0 0.6500265598297119 0 1.457362368702888 0 0 0.2089071720838547 0 0 0.1485043466091156 0 0 0 0 0 0 1.145722910761833 0.7320380955934525 0 0 0 0 0.3358334600925446 0 0 0.1909464597702026 0 0 0 0 10.53901798278093 0 0.2638207376003265 0 0 0 0 0 0 0 39.5071527287364 0 0 0 0 9.698906481266022 1.238222062587738 4.469367049634457 0.3151412904262543 0 0.2278015464544296 0 0 0 0 0 0 0 0.1219691410660744 0 0 35.62424663454294 3.065796419978142 3.943579830229282 556.7866195589304 93.89263156056404 388.8798366934061 117.7471571937203 384.0402245223522 236.3398841172457 19.59080178290606 105.120098464191 22.21748267114162 0.3175182342529297 1.055468425154686 0.3483902215957642 15.19163182377815 0.1340496838092804 0 1.641122251749039 5.85072885453701 0.8160941600799561
103.4840160682797 285.0465699955821 33.60774291306734 360.5118557214737 61.32866702973843 0 223.2416902780533 4.137154892086983 127.8282212167978 1157.720320023596 16.04031991958618 356.2666333839297 831.574923440814 245.9411689117551 0 0 0 0 0 0 0 2.088455095887184 0 0 0 0 0 0.1336658746004105 0 0 1.523618750274181 0 6.356421813368797 0 0 0 7.441976934671402 0 1.572781071066856 0 0 0 0 0 0 0 1.040485545992851 0.2051284164190292 0 0 0 19.24151779711246 3.827046543359756 0 0 0.5543579384684563 159.2161879092455 49.60074912011623 3.686033263802528 0.1846118420362473 0 0.4119012951850891 0 0.3431993201375008 0.08439291268587112 0.07578094303607941 0 0.2006171643733978 0 0 149.5778666287661 359.0750615149736 9.099265560507774 2.644670523703098 0.7154878005385399 0.1820250675082207 0.3305948749184608 0 0 5.032720297574997 0.08327080309391022 0.5910712480545044 0.1785235852003098 1.845740273594856 0 0.9650624692440033 0.351045697927475 19.50129924714565 3.048234701156616 38.88476574420929 0.606407567858696 1.194966241717339 0 0 0 284.7904949709773 308.3349131345749 57.19519625604153 17.57443858683109 571.7943997606635 0 0 0 0 0 0.6817829012870789 0 0 5.533624231815338 0 0 1.089633420109749 0.361206479370594 0.1137321516871452 0.3091429620981216 0.1711596697568893 0 0 0 0 0 0 0 0 0 0 0 0 0 0 0 0 0 0.1518305242061615 0 0 0 0 0 0.3437459915876389 0 0.1476134061813354 0.8372604697942734 0.4406273812055588 0 0 0 0 0 0 0 0 0 0 0 0 0.5503442585468292 0 0 0 0 0 0 0 0.8552549481391907 0.2678860425949097 1.029274471104145 0 0 0 0 0 0 0 0 0 0.3259347751736641 0.2093857675790787 0 0 0 0.5718447118997574 0.3438253998756409 0.6212453842163086 0 0 0 0 0 0 0 0 0 0 0 0 0 0.2034673020243645 1.254444450139999 1.483829632401466 2.542262434959412 0.7606019899249077 1.832270085811615 0.7416256442666054 289.3896870911121 0.9672572389245033 1.023836754262447 0.5753601342439651 0.6490804105997086 0 0 0 0 0 0 0 0.1282341331243515 0
471.9282705038786 2588.817398309708 295.5923073813319 145.0750532001257 3676.121106110513 223.2416902780533 0 20.8744700923562 1452.883192196488 814.4873558580875 347.080741494894 22.37315848469734 719.1912468671799 265.6771183460951 3.637471981346607 0.4754517823457718 1.595980368554592 0 0 0 0.2605150640010834 1.273147523403168 0 0 0 0.8323123604059219 0 1.21531193703413 1.834297269582748 0 180.9220515042543 31.8090193644166 4.134937182068825 0.1136892959475517 0 0.1289317607879639 3.057674519717693 0 2.203415542840958 0 0.5114729031920433 0.5991337597370148 0.3431439101696014 0 0.3016084134578705 0.1421927064657211 173.1625461727381 7.479489788413048 0.5105473026633263 0.5513351112604141 0.6317129507660866 1.81576057523489 0.5571003407239914 0.5056164711713791 6.831079304218292 16.48138712346554 75.59761917591095 71.60387954860926 51.98319071531296 32.86441663652658 0.4715888723731041 0.1119430437684059 0 102.9211391583085 10.87907144427299 7.541158758103848 3.17676106095314 3.084727749228477 1.152277700603008 2.329126834869385 7.780255943536758 2.063105374574661 0 193.3442135229707 88.67337714135647 72.77045784145594 50.17045315355062 2.282383419573307 0.5737145096063614 6.160783730447292 0.6722708940505981 1.767700545489788 25.55783657729626 1.814637199044228 4.975567027926445 11.19020707905293 7.020829454064369 0.5137676149606705 0.6405541896820068 1.31506635248661 0.6213615983724594 0.5692911073565483 0.218609631061554 0 0.2293571680784225 227.0758015215397 1.802175939083099 0.3244980275630951 0.3041119873523712 203.8252543359995 0 1.694862276315689 9.689625203609467 2.145433276891708 6.907730251550674 65.63804306089878 0 52.5802810639143 51.45892061293125 5.634464010596275 6.518838793039322 96.82838228344917 44.82989574223757 35.78587439656258 20.0645374506712 0 0 0 0 0 0 0 0 0 0 0 0 0 0 0 0 0 0 0 0.4103621244430542 0 0 0.5300184488296509 0 1.001206248998642 0.138560950756073 0.4549770951271057 0 0 0 0 0 0 0 0 0 0.1493833810091019 0.6356921344995499 0 0 0 0 0.1831353157758713 0 0 0 0 0 0 0 0 6.877958945930004 0.3994607627391815 0.2690785527229309 0 0 0 0 0 0 0.1308309733867645 22.24104844033718 0.1289160698652267 0 0 0 5.445609241724014 0 0.9533834010362625 0 0 0.5346274375915527 0 0 0 0 0 0 0 0 0 0 25.52089047431946 0 2.633852787315845 363.2013271376491 57.29227448254824 283.5645681843162 69.68336246162653 692.4511574059725 234.5419731885195 17.18370607495308 69.60780467838049 10.53034134954214 0.1509697884321213 2.52140249311924 0 18.23759618401527 0.2033272087574005 0 0.3077361881732941 4.542700387537479 1.123167276382446
68.17297783493996 487.5014586448669 2695.354033611715 0.1456479281187057 72.40975026786327 4.137154892086983 20.8744700923562 0 375.5205484703183 1.332834839820862 2797.395441532135 5.726198859512806 135.721627406776 328.8439535275102 31.20607366412878 7.06205889582634 15.21930699050426 5.235560573637486 0.4671030044555664 60.42701581120491 98.87995021045208 1.099288389086723 32.00494988262653 9.575558990240097 8.5688536465168 11.60401543229818 10.9799285158515 5.967948734760284 2.184432439506054 2.059359803795815 1237.574543334544 2080.037671416998 19.64011665433645 46.50077368319035 12.92367795109749 12.95217332243919 20.26703538000584 1.569962628185749 15.95028614252806 5.212604261934757 129.7769963890314 13.58200971782207 41.2756550014019 14.81549648195505 77.97937346994877 66.1632186844945 239.4574892148376 17.79020147770643 4.4646907299757 32.6209449544549 22.73352106660604 1.080671839416027 0.7939995974302292 8.596972271800041 7.983281865715981 13.28683669120073 74.75729814171791 208.5164410024881 54.33092323690653 53.27253948897123 117.8958347961307 19.77782643586397 59.75925806164742 490.1207730993629 10.86611529439688 12.60182178765535 17.32092852145433 43.08192769438028 75.48724326491356 412.8926240280271 9.305183656513691 4.802600428462029 0.3719685152173042 255.2729354128242 171.9670968130231 156.1005722209811 241.8489886671305 100.1725072711706 1056.867135934532 3667.953482225537 74.12043652683496 1330.605293169618 23.8876751512289 1.03327351808548 5.403855077922344 10.94981770962477 38.40643235296011 0 1.194015294313431 0.3399330973625183 2.969311945140362 2.242966420948505 43.032321177423 10.38625530898571 7.242253415286541 7.074313417077065 2.423127755522728 0.8705055117607117 4.999886833131313 97.45585704594851 0.1002817302942276 0.1111223995685577 0.5777227580547333 0 0.4676715582609177 9.647568367421627 0 4.000887870788574 0.8955263867974281 0.9417650774121284 0.8616265952587128 12.31324906647205 7.321310222148895 7.255074940621853 7.07584485411644 0 0 0 0 0 0 0 0 0 0.2607347965240479 0.3638149052858353 0.1166707798838615 0.3774900957942009 0 0 0.2507922649383545 0.1262887716293335 0.4617290645837784 0 0.7358538135886192 0.3802619278430939 0 0.1043482646346092 0.132166251540184 2.159995034337044 0.5047167092561722 2.212756581604481 1.586110197007656 0.7069974169135094 0 0 0 0 0.1084077879786491 0 0.1121984496712685 0 0.6750785112380981 0 0 0.2871394157409668 0.8208860456943512 1.222512438893318 0 0 0 0 0 0 0.1143874153494835 0.3871200233697891 3.777051739394665 0.2381642535328865 0.1773484498262405 0.4576515033841133 0 0.1252876371145248 0 0 0 0.196531280875206 9.759285226464272 0.2706490755081177 0 0 0.4786218255758286 4.237937822937965 3.385762773454189 4.651664540171623 0 0.1090252920985222 0 0.2272177338600159 0.09824762493371964 0.08428377658128738 0 0 0 0 0 0 0 3.039116889238358 1.917161151766777 4.179373934864998 336.5762794911861 64.01969789713621 440.9863558113575 114.5219807177782 115.3357321172953 184.8199058622122 15.44522070884705 80.59189958870411 12.28117926418781 0.2036757320165634 1.727207139134407 0 2.428650982677937 0.5748975425958633 0 2.208334401249886 3.28903616219759 1.30480831861496
101.0030191093683 1450.485398925841 1500.465092070401 31.03908769786358 4306.445646964014 127.8282212167978 1452.883192196488 375.5205484703183 0 185.6342404559255 4633.650883451104 32.55142248421907 4381.81516302377 2762.429680518806 22.29132673144341 0.8024624586105347 0.9999280348420143 0 0 0 1.16191940754652 1.62704011797905 0.4583166688680649 0 0.5454481765627861 1.380512483417988 0.5141675397753716 1.127401985228062 3.170391723513603 0.5485238283872604 107.9494298025966 39.16218726336956 7.651268675923347 0.4648742079734802 0.3695857971906662 0.2880318313837051 2.014587722718716 0 0.6436965689063072 0.2841241806745529 1.931093543767929 0.427261509001255 0.09859360009431839 0.3433243408799171 0 0.2756804972887039 149.8970230966806 3.216007344424725 0.1336845010519028 0.3222765997052193 0.7261164709925652 1.131335392594337 0.1551201939582825 2.252050556242466 2.071449473500252 7.710095249116421 19.5316197052598 22.79655451327562 16.58908189833164 22.53083670884371 0.559503860771656 0.3551286607980728 1.049024827778339 73.13292983174324 4.773724220693111 3.350476510822773 1.955570682883263 3.118398122489452 2.494858466088772 3.20412340015173 23.77789543569088 6.402820788323879 0 86.05846528708935 58.21534989774227 86.41988179087639 76.07353400439024 7.090608201920986 0.4339974671602249 15.12483528256416 0.9115781784057617 1.500615745782852 9.161547854542732 0.5695524960756302 1.49907398968935 5.154208585619926 2.433514259755611 0.4915594160556793 1.036611914634705 0.5210146903991699 0.6493862718343735 0.8801297843456268 0.667948491871357 0.879928357899189 0.8552790060639381 681.541503071785 0.3815228641033173 0.1672782003879547 1.171242237091064 43.1526628062129 0 0.3921969011425972 26.10885172337294 1.746013447642326 27.06067801266909 217.3487538844347 0.5561143606901169 136.2443053945899 44.65064580738544 11.80289940536022 15.26014123111963 257.4699180647731 143.4298097491264 106.1231994479895 48.38848659396172 0.1424033641815186 0 0 0 0 0 0 0 0 0 0 0 0 0.1810452193021774 0 0 0 0 0 1.688322372734547 0.5599105432629585 0 0 0 1.611360251903534 0 0.1380922496318817 0.2892276793718338 0.1582152843475342 0 0 0 0 0.936979353427887 0 0 0.3036896586418152 3.231519035995007 0 0 0 0 0 0 0 0 0.7436416819691658 0.533378005027771 0 0 0.2483579963445663 18.33306273072958 0.1756942868232727 0.09563431143760681 0.2124370783567429 0.2174321562051773 0.4334943741559982 0 0 0 0 64.46587084978819 0.3047805279493332 0 0 0.1471881568431854 19.51128076016903 2.036272391676903 4.165438033640385 0.2966306209564209 0 0.1125844940543175 0 0 0.08607794344425201 0 0 0 0.1127463653683662 0 0 0 71.26564037799835 2.742243178188801 7.776793703436852 712.5364389941096 102.1726979091763 423.2811303809285 172.4503669366241 274.8420385867357 203.4991385117173 15.11016874760389 144.1355445459485 18.90091372281313 0.1575702428817749 7.166796177625656 0.3711423277854919 30.33043500781059 0.7251033782958984 0.690323531627655 4.19437962770462 6.071076318621635 0.7521793842315674
1539.935801580548 685.821510463953 11.44536253809929 500.1770124956965 136.3554727509618 1157.720320023596 814.4873558580875 1.332834839820862 185.6342404559255 0 18.88399668782949 1512.251386865973 3626.087223760784 649.8060605749488 0 0 0.1606666296720505 0 0 0 0 0.329782247543335 0 0 0 0 0 0 0.2695020139217377 0 39.62654341757298 3.02678570151329 0.4789864122867584 0 0 0 0.7931971102952957 0 0.6986358836293221 0 0.1413266509771347 0 0 0 0 0 42.94993846863508 2.320782013237476 0 0 0.3452447205781937 2.534125901758671 0 0.1310801208019257 3.906567595899105 3.725000090897083 82.75359663367271 60.31035114824772 40.59205454587936 11.9147377833724 0.1363924145698547 0.206533208489418 0 16.91111601889133 3.185657970607281 2.75789400190115 1.107021898031235 1.058857932686806 0.4075954109430313 0.5320320278406143 7.585018679499626 23.89100763201714 0.7728680223226547 91.8523098602891 18.27989656478167 14.62716353684664 5.115654900670052 0 0.1475606709718704 1.02202582359314 0 0.1129237934947014 8.865779154002666 0.7203078046441078 1.285601526498795 2.964363276958466 1.982970111072063 2.840839870274067 0.5636444315314293 5.280008770525455 0.1354443281888962 0.4874088764190674 0.09035404026508331 0 0.2288909628987312 628.3737042918801 36.78341759741306 4.225064605474472 0.1606090217828751 515.9258918389678 0 0.1857525855302811 2.575764536857605 0 1.285079568624496 31.5285632237792 0 12.5643325150013 11.53664959222078 2.655706062912941 1.520685836672783 31.52673022449017 18.94344621896744 10.23780748993158 6.769652731716633 0 0 0 0 0 0 0 0 0 0 0 0.1586909294128418 0 0 0 0 0 0 0 0 0.1076424121856689 0 0 0 0.2735480666160583 0.1480307281017303 0 0 0 0 0 0 0 0 0 0 0.09263916313648224 0 0 0 0 0.1397137194871902 0 0 0 0 0 0 0.3580898940563202 0 0 0.9769827723503113 0 0 0.1348743438720703 0 0 0 0 0 0 3.874660201370716 0 0 0 0 1.476172864437103 0 0.1196582317352295 0 0 0 0 0 0 0 0 0 0 0 0 0 6.94932034611702 0.1377143859863281 0.3392468690872192 95.54913420975208 4.024868957698345 66.31073419004679 8.19742177426815 1117.038666762412 71.92626706510782 2.432129964232445 11.26915629953146 1.170350015163422 0 0.116540864109993 0 7.489262029528618 0.169200986623764 0 0 0.3178670108318329 0
256.7463898658752 2250.635759882629 4983.651860512793 3.801635883748531 1010.761624239385 16.04031991958618 347.080741494894 2797.395441532135 4633.650883451104 18.88399668782949 0 132.3135035857558 4158.426983326674 4496.095090217888 107.1947501674294 19.01581017673016 9.211730152368546 1.045359887182713 0 4.29954805970192 13.41399943083525 2.773755088448524 11.08636803925037 3.144037380814552 12.52341520786285 13.93020159751177 23.0406351685524 3.897731423377991 7.657857403159142 4.961805105209351 730.8130231052637 672.528321094811 130.2296049147844 13.72341158241034 13.93572497367859 22.80651977658272 64.18730282783508 1.279317028820515 11.55859381705523 5.95249954611063 72.54075288027525 11.44427958875895 2.104606695473194 4.289150103926659 13.85042672604322 11.06723452359438 499.3115631490946 15.74390123039484 1.653160870075226 2.503398254513741 24.84782783687115 1.840460889041424 1.112842939794064 5.003037251532078 10.09160827100277 33.16589464247227 66.84125348925591 146.3651221320033 53.59380520135164 91.3332494571805 5.968866266310215 1.872684426605701 49.49385076761246 385.663854368031 19.78580709546804 16.07961197197437 12.62093596160412 23.08943472802639 18.16755147278309 72.56982727348804 122.9228206202388 33.9873785302043 0.2452195957303047 348.4799076393247 237.0827570036054 357.4687346965075 362.7950988411903 38.62874281406403 176.5140528976917 545.0430193394423 2.092982448637486 19.07415910065174 40.17160656303167 2.05470210313797 7.69070640951395 23.32614639401436 16.69872409850359 0.3285841569304466 3.295574434101582 0.6315636113286018 4.455123521387577 4.776671148836613 18.68695945292711 23.57592186331749 10.36554581671953 243.279465906322 23.54985985159874 0.1129207089543343 11.33701045066118 133.8365630507469 0 0.1717998832464218 10.54165359586477 0.8809895515441895 12.67756754159927 74.36967526376247 0.5015245825052261 49.14773140102625 16.17287945747375 5.103943012654781 9.324583180248737 99.45233042538166 78.92282439768314 55.58887372165918 59.04176283627748 0.2953814417123795 0 0 0 0 0 0 0.129038393497467 0 0 0.2981495410203934 0 0 0 0 0 0 0.2231554090976715 0 0.8677799552679062 1.098653867840767 0 0.3331201747059822 0 6.51542416960001 0.3442745208740234 2.635225549340248 1.535037815570831 0.2192095890641212 0.1221382766962051 0 0 0 0.3789459615945816 0 0 1.472729459404945 1.455463483929634 0.1844741255044937 0 0.1202211380004883 0.1104446724057198 0.6658287942409515 0 0 0.09867093712091446 0.9094991534948349 0.4130217805504799 0 0.2016046568751335 0.3593767285346985 20.7540587335825 0.3488174453377724 0.5933924838900566 0.09441415965557098 0.2784018814563751 0.341737262904644 0.2676324844360352 0.3051653057336807 0 0.2138644307851791 92.25308153033257 2.401378020644188 0 0 0.7312644273042679 14.46218234300613 5.078473724424839 13.75216556340456 0.5028188228607178 0 0.4053976759314537 0 0.3000453785061836 0.1572293341159821 0.3753539398312569 0 0 0 0 0.1257999539375305 0.201664537191391 52.35545148700476 7.703473493456841 17.67785373330116 1102.796725764871 246.218943066895 1123.548833400011 424.1959924846888 277.9006297439337 527.6393379569054 50.53428878635168 304.7574268504977 56.63294693827629 1.475240275263786 6.590985149145126 2.67924626916647 18.7225880920887 1.888931132853031 0 5.060542084276676 19.7707799449563 5.062285721302032
182.6767987012863 3.607825808227062 3.077018514275551 267.9972948431969 13.61597346514463 356.2666333839297 22.37315848469734 5.726198859512806 32.55142248421907 1512.251386865973 132.3135035857558 0 1991.297695428133 885.2166657373309 13.23065146058798 5.701909013092518 3.575829148292542 0.3147348761558533 0.529495894908905 0.7443970739841461 0.1934743076562881 7.049847587943077 0 0 0.5578985959291458 0.9354778379201889 1.106836706399918 0.2253850847482681 8.043047353625298 0.7515189945697784 2.128666631877422 12.80247019976377 156.4533538594842 0 0.1354565620422363 0.4596934467554092 20.43259694427252 0.7085800170898438 2.616207972168922 2.668633207678795 1.548353426158428 18.35336661338806 1.05168405175209 2.136519879102707 0 7.788489624857903 24.00646712630987 0.5600887387990952 0.3019765913486481 0.7273021787405014 4.794877745211124 4.505390703678131 16.7696203738451 2.271275356411934 0.6272681578993797 1.410530008375645 3.210319839417934 2.762548103928566 1.480164624750614 3.37387053668499 15.28405672311783 12.91586597263813 0.4186192154884338 16.22284486889839 0.891853541135788 1.005616508424282 1.204327411949635 1.119695000350475 0.2465452179312706 0.6262774094939232 105.2993779331446 103.7448648512363 0.9719628244638443 11.36477948725224 5.965380378067493 15.9173963367939 23.3412002325058 8.144279196858406 0.6917051002383232 167.61492113024 2.749508559703827 14.75664455443621 0.6698618605732918 0.2413123026490211 0.1899291500449181 0.5169794633984566 0.1990117132663727 0.8067083060741425 0.2899339124560356 2.825930088758469 2.179580435156822 6.58968173712492 1.237981572747231 7.319034844636917 23.94845585525036 2267.385637305677 78.60117572546005 7.880546927452087 8.130363270640373 37.60810962319374 0.3752879351377487 0.2166564613580704 14.25148293375969 1.103521510958672 21.8506640419364 169.3969680145383 0.7843364626169205 105.5635298416018 32.71166497468948 10.90527456998825 15.42058735340834 196.3354356065392 132.1409881263971 130.8775414228439 86.67839241027832 0 0.5591685771942139 0.1406759470701218 0 0 0 0 0 0 0.5691406726837158 0.7964421510696411 0 0 0.196991890668869 0 0.7089476883411407 0.4555244594812393 1.279155552387238 0.1989470720291138 1.645917415618896 1.334247402846813 0 0.4783983379602432 0 7.925812534987926 0.7104703187942505 4.762352667748928 2.784729704260826 1.221512824296951 0 0.2132285386323929 0 0 0.5161089450120926 0 0 0.6353762149810791 2.79117114841938 0.3491608649492264 0 0.2749190628528595 1.294803038239479 0.858250766992569 0 0.1244798377156258 0 0.3439159095287323 0.1999317482113838 0 0.4101874753832817 0.6288876384496689 30.80988298356533 0.6907273605465889 0.5785608291625977 0.7779239937663078 0 0.4357867538928986 0.1100496500730515 0 0 0.2729347944259644 97.96078531444073 3.61283877491951 0 0 0 25.07430002838373 4.417326025664806 8.202035211026669 1.08254998922348 0.09843873977661133 1.108436688780785 0.4913565516471863 0.1456240564584732 0.5376820862293243 0 0 0 0 0 0 0 96.20273527503014 13.30081576108932 21.44243999570608 178.9307694584131 19.77487047016621 77.41623486578465 42.82475575059652 196.928352355957 25.43012242764235 2.532731659710407 33.71171057224274 12.96840535849333 0.6754280552268028 7.312094777822495 0.779450461268425 23.15014898777008 1.500446490943432 0 2.175762712955475 2.341547258198261 0.2352965921163559
875.8594087138772 1422.862857118249 145.026816137135 1131.688405483961 481.0130636543036 831.574923440814 719.1912468671799 135.721627406776 4381.81516302377 3626.087223760784 4158.426983326674 1991.297695428133 0 2904.65336125344 61.66011492162943 21.39297968894243 14.28926969319582 0.9277770072221756 0.1639950275421143 1.732283011078835 0.7358720824122429 7.254574351012707 0.4103478118777275 0.100164107978344 3.414244674146175 2.6827552318573 5.778326854109764 2.165277406573296 19.14523003995419 1.861366078257561 62.84625566005707 54.58447697013617 1869.960809774697 1.306603580713272 0.2951764464378357 4.732239156961441 144.5194698125124 1.923216097056866 35.47411616891623 19.92748647928238 6.012261860072613 18.97785058617592 0.3157453238964081 5.52970302850008 1.164372473955154 13.05129273980856 142.0815761834383 5.461935460567474 0.5659271478652954 1.288160033524036 7.123997546732426 3.565955176949501 50.59553208947182 2.975404001772404 2.937074929475784 8.280384205281734 62.66054407507181 54.94470255076885 40.37891428172588 25.5820189639926 37.32432099431753 106.0858477801085 2.337784476578236 104.4831550121307 6.316540382802486 3.692728571593761 3.132819071412086 5.655091725289822 1.252738237380981 3.717064119875431 514.9437301531434 238.1043352037668 1.021313361823559 127.8037201985717 59.92403496056795 88.48087770491838 107.3177405670285 28.57096500694752 4.315596826374531 670.1488354951143 7.135367348790169 103.8576083779335 11.25141503661871 0.6150811910629272 1.697545148432255 7.03143497556448 4.250120274722576 3.480181865394115 1.962427325546741 6.957336783409119 2.26836421340704 7.476850338280201 3.928889781236649 14.26904832571745 24.90944340080023 4314.369280815125 194.4164620637894 17.31318965554237 37.05905977636576 258.7985874116421 0.1013471111655235 1.576567724347115 42.26961863785982 9.106843866407871 35.0392584130168 285.9990924522281 3.484229356050491 184.5895244628191 57.78484866023064 21.55972217023373 29.10730485618114 404.1436609625816 236.8332435339689 190.1767151132226 129.657370865345 0.5257141962647438 0.09358435124158859 0.5658508539199829 0 0 0 0.1807447224855423 0.1556074917316437 0 0 0.5388178825378418 0 0 0.1625919491052628 0 0.2303058654069901 0.1841126531362534 2.156156778335571 0.4126274436712265 2.775306738913059 2.599397391080856 0 0.8011154606938362 0 16.30348060280085 1.35998797416687 4.970258824527264 8.028086274862289 2.346760384738445 0.8204180896282196 0.1188354268670082 0 0 0.8714729249477386 0 0 3.397458553314209 3.267315298318863 0.4592285379767418 0 0.4135172665119171 0.5049613863229752 0.6299877464771271 0.4742239862680435 0 0 0.3722898438572884 0.6152029633522034 0 1.5104099214077 1.690578825771809 52.23037859797478 0.7628137320280075 0.8367452323436737 0.4121366441249847 0.1827675253152847 0.2106257304549217 0.2583171725273132 0.4485078006982803 0.09671404957771301 0 220.5735026896 10.57158754765987 0 0 0 41.84620025753975 13.41962146759033 25.242407143116 0.9596694260835648 0.3347564861178398 0.6055963486433029 0 0.3873031586408615 0.3390128463506699 0.2809244096279144 0 0 0.104246474802494 0 0 0 147.9454819709063 23.65449949353933 44.61692841351032 654.4741276577115 114.3754504472017 409.7524690330029 187.6844513267279 926.0666035488248 209.3693688437343 19.05325751006603 171.1679670661688 25.28622622042894 1.403655417263508 9.087913103401661 0.9341646507382393 64.79669522494078 1.600222185254097 0.1385286003351212 5.905064456164837 9.402015551924706 0.7529846429824829
124.4521080553532 303.1973515152931 466.0773357003927 135.3858565241098 364.6222257912159 245.9411689117551 265.6771183460951 328.8439535275102 2762.429680518806 649.8060605749488 4496.095090217888 885.2166657373309 2904.65336125344 0 79.01838981360197 15.23642091453075 9.126808948814869 1.834624752402306 0.2398280054330826 1.234672419726849 2.415839336812496 2.889465302228928 1.800687059760094 2.148447223007679 7.017486460506916 11.86968044936657 19.67678669095039 2.1489147990942 15.93568421900272 8.60476903617382 83.95066615194082 161.990786254406 1968.04197075963 2.791962623596191 4.530484095215797 7.530819848179817 302.1827260479331 1.118172220885754 24.87022107839584 11.54789320379496 25.68457671254873 21.25922580063343 1.391739316284657 4.054362744092941 2.394316464662552 8.560558758676052 177.9543301314116 3.310902543365955 0.3727890029549599 2.467743463814259 21.35699286311865 3.223973736166954 7.234135940670967 1.788604438304901 2.345489248633385 5.59155635535717 22.87588845938444 32.61819688230753 15.73177872598171 24.08472914993763 15.27194394171238 41.43931822478771 12.92197532206774 149.0538790300488 3.3641192689538 3.863266944885254 7.147567830979824 9.968201823532581 4.868874654173851 24.58806180953979 713.6231436654925 199.7153951078653 0.4222042560577393 115.5816223174334 74.02917282283306 130.6596525609493 155.4148969650269 32.64340665191412 22.18753717839718 867.1441685706377 4.394932247698307 29.42402071505785 9.892364040017128 1.000223681330681 1.372765116393566 6.433005690574646 4.109790377318859 1.091215446591377 1.913702085614204 2.16321524232626 6.080119282007217 6.003000177443027 12.79973441362381 31.86771908402443 33.51889587938786 3230.756226159632 116.5737829431891 3.172734402120113 18.20265200734138 66.23969111591578 0.2535083070397377 1.282449081540108 29.70090286433697 1.484430491924286 34.91001872718334 269.9337456002831 0.1727211177349091 184.6390389055014 52.14795184135437 16.82630279660225 24.96201909333467 339.3392924815416 225.6587259992957 206.6851235628128 143.5137489885092 0.1192658916115761 0 0 0 0 0 0 0.191041886806488 0.350739598274231 0 2.120044097304344 0 0 0 0 1.55864804983139 0.1596525460481644 2.408413708209991 0 2.889998011291027 3.108111262321472 0 1.252534255385399 0 12.10286241769791 0.5707234591245651 4.055132761597633 3.183440260589123 1.757250055670738 0 0.2265314012765884 0 0 0.1139416992664337 0.5230995118618011 0 1.358542092144489 5.019519232213497 0.1283852607011795 0 0 0.5729092806577682 0.6367096155881882 0 0 0.1086303442716599 0.3644604384899139 0.2313271164894104 0.151942178606987 0.9421330764889717 0.9906625300645828 51.49298052489758 1.160972245037556 0.8269552141427994 0.5892091765999794 0.2560663223266602 0 0 0.1236478239297867 0 0.9819973036646843 211.5454013943672 8.250313639640808 0 0 0.7572362124919891 46.51409741491079 5.4688565954566 16.9395916312933 1.393615931272507 0.3466707915067673 1.203435987234116 0.2576748430728912 0 0.5657816976308823 0 0 0 0 0 0 0 139.9726553857327 23.79759670048952 37.90629155933857 888.6830549761653 107.7457330152392 599.244267962873 283.4251016005874 347.8426506444812 213.6715986728668 22.01609974354506 214.7231042012572 20.4162479788065 0.8104784190654755 16.18715883791447 1.271447047591209 48.99661508202553 2.797395065426826 0.1577190458774567 3.920340850949287 10.16505032777786 1.264688976109028
