0 4818.039689384401 2055.31438267976 856.3627446591854 1126.020012147725 301.8492005765438 1098.161004573107 218.1846021413803 60.17685395479202 1610.95371799171 215.3247550204396 108.5038022324443 673.0136478692293 52.86415974795818 0.7434254586696625 0.3016031533479691 0.2128956466913223 0.229645736515522 0 0 0 0 0 0 0.1271618157625198 0.4880887567996979 0 0.1085004955530167 0.2441200613975525 0 451.6738593578339 121.2906627133489 9.280221477150917 0 0 0.1461665034294128 27.39895620942116 0.2507741078734398 0.6296302154660225 0.1240444034337997 0.1011231914162636 0.1767396479845047 0.1040083542466164 0 0 0 58.55400092154741 13.54652131348848 0.493682749569416 0 0.9064429849386215 1.029776453971863 0 0.2126181125640869 6.583430901169777 8.9188521951437 593.7206060066819 1829.399096146226 113.8091267868876 23.40001610666513 0 0.7877984568476677 0.4342166781425476 7.592983819544315 3.838240966200829 6.236795283854008 5.265916384756565 3.727928437292576 0.4710993617773056 0.3016453236341476 45.50371554493904 8.553696900606155 1.88219165802002 529.2349344342947 14.04539429396391 5.78520492464304 5.522906720638275 0.5493942573666573 0.6602927967905998 4.24214530736208 0.3277430385351181 1.267323337495327 78.93919361382723 1.100730381906033 3.015060275793076 5.538374900817871 3.689331494271755 2.008704990148544 1.173077695071697 1.906651988625526 0.8808269649744034 0.6882397755980492 0.4044079557061195 0 0.09551055729389191 167.1050466001034 11.76597483456135 0.2403338551521301 5.096088066697121 812.6327352747321 0 3.444767653942108 2.646630644798279 4.671960279345512 1.902944788336754 16.37087753415108 44.6691057831049 7.692864485085011 8.000019162893295 44.8635129481554 0.7354561537504196 17.27653694152832 26.154261469841 17.31764181703329 6.913523241877556 0 0 0 0 0 0 0 0 0 0 0 0 0 0 0 0 0 0 0 12.11099983751774 2.275345727801323 0 0 0 1.760512806475163 0 1.537215508520603 0.2048483118414879 0 0 0 0 0 0.1543722897768021 0 0 0.3587101101875305 0.9409708306193352 0 0 0 0 0 0.3972564488649368 0 0 0.272220641374588 1.270359188318253 0 0.266374945640564 0 2.003838673233986 0.1754510104656219 0 0 0 0 0 0 0 0 6.117475807666779 0.3413298577070236 0 0 0.09026627987623215 1.321577325463295 1.021734490990639 0 0.4766873717308044 0.5780857801437378 0.7275860607624054 0 0 0 0 0 0 0.08201409876346588 0 0 0 3.530744478106499 0.8308311253786087 0.108242578804493 54.30090766400099 10.70972891151905 112.8725373446941 40.72993811219931 692.533334299922 12.73253604769707 1.099786877632141 12.34283423423767 1.104417897760868 0 1.183710679411888 0.1711084544658661 20.24882581830025 0.1173129007220268 2.804378032684326 0 0.1548057645559311 0
4818.039689384401 0 1671.328640148044 1157.022746808827 3950.010218501091 795.2307605966926 2491.897282540798 158.9698468744755 867.503544293344 2607.814616464078 272.2880193665624 110.5741329416633 1378.999808482826 475.2145549356937 10.76916341483593 1.027930282056332 0.2317302450537682 0.7930464968085289 0 0 0.3137556314468384 0 0 0 0.3945465236902237 0.6630027890205383 0.1060438677668571 0.3510852828621864 0 0 1023.936418399215 128.1528871133924 6.816307581961155 0 0 0.64954674243927 22.53752751648426 0 0.274465873837471 0.104711502790451 0.6365777105093002 0.5017897486686707 0.6699790805578232 1.179800674319267 0 0.5704037398099899 249.2480691745877 40.08376224339008 1.059590704739094 2.065418563783169 3.013355500996113 0.3736983016133308 0 0.4424785897135735 11.07556448876858 16.11320243030787 177.8589044585824 857.5928490906954 45.31494396924973 88.42769334465265 0.3176764622330666 0.2395024076104164 0.3796826228499413 240.3418963104486 8.851946473121643 15.39465830475092 14.46650687605143 9.915190864354372 1.485165171325207 1.216436117887497 7.630833640694618 1.742608346045017 0 598.0289821028709 149.5652331188321 113.5672527700663 96.71067767590284 3.501598514616489 3.104739159345627 2.217468820512295 1.793020732700825 1.488828487694263 137.6923035234213 0.651732362806797 9.689506992697716 11.49464026838541 12.76440522819757 0.09328769147396088 5.754644885659218 0.09460380673408508 0.7135695591568947 0.542086698114872 0.3076199889183044 0.4838635921478271 0.7976524531841278 92.31808845698833 1.19032609462738 0 1.425601094961166 392.0101955160499 0.4647132158279419 6.574242204427719 1.901351854205132 4.227282509207726 2.50167752802372 24.56746612489223 27.38455298542976 3.091480314731598 10.43421247601509 51.92178837954998 4.803489163517952 32.26527670770884 36.73132161796093 32.2429583966732 24.63647805899382 0.4207426309585571 0.1775941401720047 0 0 0 0 0 0 0 0 0 0 0 0 0 0 0 0 0 6.402662381529808 1.492331899702549 0 0 0 12.38818524032831 1.321482628583908 8.09627915173769 0.4715820923447609 0 0 0 0 0 0.1405339688062668 0 0 1.625692918896675 3.065829783678055 0 0 0 0 0 0 0.23050357401371 0.3670520782470703 0.2998171150684357 0.6510302424430847 0 0.5300219357013702 1.323298662900925 18.08182616531849 0 0.5243244171142578 0 0 0 0.2311864495277405 0.09898419678211212 0 0 18.56582234799862 0.6428394317626953 0 0 0.09658871591091156 7.47828871011734 3.580689497292042 2.959190145134926 2.144293740391731 0.3905791789293289 0.6743024736642838 0.4819368720054626 0.1991614550352097 0.2144108414649963 0 0 0 0.3052944764494896 0 0 0 4.089867010712624 1.046838641166687 2.408634692430496 153.6636060476303 21.07317444682121 421.5977768674493 91.63855293393135 803.7412039786577 20.92607846856117 2.82365994155407 48.43546931445599 2.463253356516361 0 1.609212689101696 0.1918778568506241 8.280907422304153 0 0 0.3155990839004517 0 0
2055.31438267976 1671.328640148044 0 16.02362352609634 894.7858001440763 96.88418598473072 161.2708934694529 1504.772939227521 606.1449705213308 18.822754368186 1879.150857307017 4.037073984742165 50.85981865227222 232.6022520363331 9.543695203959942 3.521630525588989 1.803783737123013 9.918056584894657 0.1720513254404068 0.7656366527080536 18.62286382913589 0 0.1640570461750031 0.4303869977593422 1.126538306474686 1.674396179616451 0 0.6327533945441246 0.4079945832490921 0 4507.06735291332 740.0529829636216 25.0259368121624 0.1279360502958298 0.8404130339622498 9.372515924274921 27.88839146494865 1.962640732526779 2.521253347396851 0.8913750350475311 11.87377920001745 3.335935294628143 9.450452454388142 2.818012401461601 0.7551699504256248 2.536045126616955 147.5389900431037 25.72760155797005 3.671111412346363 17.15263789147139 13.19564764946699 0.1234759762883186 0.5931671112775803 1.438467271625996 6.771828919649124 9.989903055131435 250.7661540806293 1631.248238660395 43.14723259955645 44.45096185803413 8.264084383845329 0.8847809731960297 21.21365062892437 353.8623573035002 5.251976892352104 11.4944844096899 10.82153104245663 18.62707385420799 24.71958494186401 59.71051797270775 4.469800360500813 3.148643329739571 0 524.1887469664216 106.9515960142016 53.14258682727814 73.30178666114807 8.695433788001537 259.7579282671213 318.8490371480584 24.65390238910913 151.1606283262372 81.62282301485538 0.255571037530899 4.483249850571156 6.891076162457466 20.18881721049547 0 1.647684678435326 0.3495571538805962 1.451596938073635 0.5227189511060715 12.20498067140579 1.712503999471664 1.62439239025116 13.6524111777544 1.10944676399231 0.370649516582489 1.019322670996189 326.2096363604069 0.5751980990171432 0.97451251745224 0.2341901659965515 1.010721415281296 0.9084389060735703 6.502954170107841 2.29777267575264 1.865340083837509 2.283720791339874 10.57033969461918 3.16050811111927 15.10739947110415 14.0028584972024 13.91107036918402 19.79663643985987 0 0 0 0 0 0 0 0.3725463151931763 0 0 0 0 0 0.269915372133255 0 0 0 0.2547423914074898 0 1.87617652118206 1.249461494386196 0 0.2287820279598236 0 9.271836571395397 0.8713181093335152 6.303035043179989 3.198357068002224 0.2440723106265068 0 0 0 0 1.377225071191788 0.3257238864898682 0 0.3283493220806122 1.623057663440704 0 0 0.7076754719018936 0 0 0 0.3828796446323395 0 0 0 0 0.9617136716842651 0.3680664598941803 13.09874650090933 0.8521546125411987 0 0.1280109584331512 0.1619047671556473 0 0.08436459302902222 0 0.4375760853290558 0.7912964373826981 19.6524893194437 0.5201565325260162 0 0.3043840378522873 0.3201222196221352 9.049040004611015 1.86187869310379 1.3137092217803 2.279311686754227 1.694367617368698 0 0 0.3505171239376068 0 0 0 0 0 0 0 0.2214107364416122 2.8177355453372 2.212176740169525 2.765524886548519 160.7621599286795 17.85914680361748 276.5146104767919 81.14547300338745 278.2234052866697 14.7380481287837 2.324683591723442 62.13806969672441 3.301185205578804 0 1.163316056132317 0.7388715744018555 0 0 0 0.8379808515310287 1.272153086960316 0
856.3627446591854 1157.022746808827 16.02362352609634 0 38.36097377538681 313.8140425533056 408.6962701380253 3.864050269126892 6.342687167227268 3402.777384027839 3.350710056722164 138.9218909293413 1080.052939034998 16.46655748784542 0.3000198751688004 0.0842365100979805 0 0 0 0 0 0 0 0 0 0 0 0 0 0 8.394339345395565 1.462563797831535 0.08663573861122131 0 0 0 0 0 0 0 0 0 0.136002779006958 0 0 0 11.52201030403376 1.705523043870926 0.1573354005813599 0 0.3112882822751999 0 0 0 0.338346816599369 1.351151444017887 10.32930775731802 18.45376648008823 2.490875229239464 4.142603017389774 0 0 0 6.892672590911388 0.7450285777449608 0.5404267981648445 0.6092112734913826 0.3595421984791756 0 0 0 0 0 34.00322438031435 7.952119693160057 4.13377334177494 1.935404315590858 0 0 0 0.1452465802431107 0 8.441439218819141 0 0.1868990808725357 0.474895603954792 0.1103527843952179 0 0.2445903494954109 0 0 0 0 0 0 65.13787510991096 0 0 0.3301107287406921 20.09848457574844 0 0 0.4080709666013718 0.9550273716449738 0.7342764139175415 5.173942908644676 9.270432502031326 1.238019913434982 5.851797223091125 10.35059493780136 1.067204892635345 7.981712579727173 7.805296272039413 9.002728775143623 3.139409214258194 0 0 0 0 0 0 0 0 0 0 0 0 0 0 0 0 0 0 0 1.33055280148983 1.72577603161335 0 0 0 0.3078469783067703 0 0 0.1596977263689041 0 0 0 0 0 0 0 0 0 0 0 0 0 0 0 0 0 0 0.5524619221687317 0 0 0 0 1.081657648086548 0 0 0.1824123859405518 0 0 0 0 0 0 2.189340636134148 0 0 0 0 1.798905372619629 0.5272722244262695 0 0.2449950277805328 0.7445781230926514 0 0 0 0 0 0 0 0 0 0 0 1.00344206392765 0 0.3506052866578102 5.025337673723698 1.122106745839119 18.64637440443039 2.857710920274258 140.4433888867497 1.13712053745985 0 0.2453130334615707 0.1381818205118179 0 0 0 6.04646061360836 0 0 0 0 0
1126.020012147725 3950.010218501091 894.7858001440763 38.36097377538681 0 66.23098096996546 2151.513376131654 200.2520854473114 6075.784224703908 696.5461475029588 541.2002546265721 145.0300002470613 1119.205484881997 1392.872166723013 15.81484021246433 1.216987393796444 1.062236487865448 0.4483441784977913 0 0.3582917302846909 0.2209474593400955 0 0 0 0.288079559803009 0.4845113456249237 0 0.5375598222017288 0.443300187587738 0 282.1855132877827 104.5500781089067 5.058643341064453 0 0.1355656683444977 0.3186302781105042 20.02066493779421 0.2321578562259674 0.7029675617814064 0.1446944624185562 0.2688808962702751 0.1999558359384537 0.0876680314540863 0.9929804801940918 0 0.819091871380806 255.7273032590747 20.81337033957243 0.8242712169885635 0.9383612722158432 1.060887940227985 0 0 0.3468363508582115 4.553386270999908 9.448620408773422 29.52160362154245 140.3869649544358 13.32546448707581 57.31279950588942 0.6490224450826645 0.4460049048066139 0 252.4592719748616 4.447107918560505 8.781555570662022 8.694869808852673 6.633676715195179 0.5311019271612167 2.265490345656872 7.315968528389931 0.1569872945547104 0 217.9500939548016 93.08462491631508 100.2813420370221 134.1252788379788 4.568254172801971 3.82635835558176 1.657237648963928 1.584999144077301 1.002463392913342 64.21346704661846 0.07786355167627335 4.425250597298145 6.057481788098812 5.55466616153717 0 2.424616008996964 0.1119213849306107 1.242972150444984 0.4305883496999741 0.5282134637236595 0.8127121105790138 0.8727391213178635 54.76634649187326 1.327098101377487 0 0.3472642004489899 48.54588211327791 0.691547691822052 1.418594196438789 2.259959697723389 3.043560281395912 5.564746879041195 28.09301137924194 16.71001490950584 15.59651149809361 15.85431629419327 53.25627262890339 11.08465398102999 55.40319190919399 81.35595536231995 66.91254214942455 71.20578957349062 0 0.3400041162967682 0 0 0 0 0 0 0.2661893963813782 0 0 0 0 0 0 0 0 0 0 0.7650784254074097 4.695249423384666 0 0 0 30.73615871369839 0.5578230544924736 23.36792795360088 0.3907773196697235 0.2783278226852417 0 0 0 0.3364497721195221 1.740745693445206 0 0 2.360971421003342 2.996826395392418 0.1436398923397064 0 0 0 0 0.1976273357868195 0.4450827538967133 0 1.894167423248291 0.5056905150413513 0 0 0 35.70465386658907 0 0.1529858410358429 0.1560885608196259 0.5963985696434975 0 0 0.09490428119897842 0 0 57.67213105410337 3.021235629916191 0 0 0.1002588197588921 21.52262727171183 8.147766247391701 3.062338791787624 2.620334848761559 5.240684151649475 3.152535974979401 2.437425285577774 1.491035647690296 0 0 0 0 0.09893926233053207 0 0 0 11.66343201696873 2.129684403538704 2.696901559829712 218.6344959363341 23.76863422989845 526.7693315669894 149.7634946480393 202.5105662867427 31.1059874817729 3.555078752338886 87.20389039069414 4.895997576415539 1.23337621986866 8.163721829652786 2.544452041387558 6.766358852386475 0 0.2322249114513397 0.115220732986927 0.1821834146976471 0
301.8492005765438 795.2307605966926 96.88418598473072 313.8140425533056 66.23098096996546 0 363.9189599379897 13.08143222332001 14.7088967487216 822.5669023841619 22.94286015629768 155.933287575841 311.248665265739 51.72051834315062 0.794246219098568 0 0.1004191488027573 0 0 0 0 1.089555934071541 0 0 0 0 0 0 0 0 19.75498366355896 6.771751739084721 29.35979705303907 0 0 0 81.58163580298424 0.4237217009067535 3.318279296159744 0 0 0 0 0 0 0 11.61871849745512 4.852031499147415 0 0 0.2216694727540016 15.10806949436665 3.189165964722633 0 0.9018167704343796 2.82146829366684 332.6950942203403 144.016364119947 12.07226886600256 6.00950676202774 0 2.773176252841949 0 0.5978921577334404 1.02410688996315 2.140303418040276 1.510636508464813 1.006405845284462 0 0.1593577861785889 212.5243744552135 50.82040107250214 11.04127666354179 86.32987992465496 6.779398038983345 2.579576127231121 1.151348903775215 0.2230589017271996 0 6.809082210063934 0 3.235461756587029 17.22045136243105 1.638886846601963 0.5504817292094231 2.440372280776501 0.7704850286245346 6.46580097079277 3.853046379983425 9.793358951807022 0.9864217564463615 1.859819516539574 0 0 0.4703658521175385 192.9873198717833 118.186675876379 10.90665172040462 39.87390984594822 512.6502363756299 0 1.62168724834919 0.7984049767255783 4.495735213160515 1.653115689754486 5.519782543182373 21.12759801745415 3.397422984242439 5.478668913245201 29.42136979103088 0 7.144251644611359 15.80072624981403 9.110965266823769 3.718307912349701 0 0 0 0 0 0 0 0 0 0 0 0 0 0 0 0 0 0 0 4.250181689858437 1.473816215991974 0 0 0 1.1245938539505 0 0.8948290944099426 0.3409081399440765 0 0 0 0 0 0.2484830394387245 0 0 0 0 0 0 0 0 0 0.6880210041999817 0.4277798533439636 0 0 0.3155162930488586 0 0 0 1.678186818957329 0 0 0 0 0 0 0 0 0 1.216013938188553 0.5112969279289246 0 0 0 0.9214522242546082 0 0 0 1.486317187547684 0.1602398455142975 0 0 0.4127089083194733 0 0 0 0.3250726163387299 0.1663003414869308 0 0 0.3499995619058609 0 0.5669002830982208 10.70252005010843 3.113163121044636 19.74505607038736 6.877787120640278 354.9508213028312 2.761550977826118 1.441891759634018 2.730613887310028 0.1525903046131134 0 0.6459968537092209 0 5.248743027448654 0 0 0 0 0
1098.161004573107 2491.897282540798 161.2708934694529 408.6962701380253 2151.513376131654 363.9189599379897 0 38.48459399491549 2884.521065846086 4598.518919207156 231.247460141778 712.0292899608612 6629.029148317873 1155.981848843396 26.00840307027102 2.770656950771809 1.583835989236832 0.8425169810652733 0.3368381410837173 0.4674012064933777 0.2836833596229553 0 0.1531435698270798 0 0 1.117797240614891 0.1046862900257111 0.2107676938176155 1.12500037997961 0.2209020480513573 207.6916060000658 98.35568980127573 2.464386865496635 0.08001150190830231 0.08656070381402969 0.2747921347618103 13.86315377801657 0.2596421539783478 1.027696043252945 0 0.3495154827833176 0.6623629778623581 0.5670488700270653 1.334910057485104 0.1602070182561874 1.041227951645851 465.3186258897185 48.94380138069391 0.5635606646537781 1.349782384932041 3.749325186014175 0.3893192708492279 0 0.5427155941724777 12.67718335613608 19.57921189814806 55.47840996086597 168.9707671925426 28.16259089112282 126.2892363518476 1.353865452110767 0.4900833815336227 0.4421571418642998 368.5834353491664 11.30555859208107 19.04367635771632 15.35457770898938 13.55156729370356 1.826329857110977 2.46193690598011 12.30498255044222 0.3586724549531937 0 497.6767342984676 167.3813364431262 195.4858661070466 194.8116834610701 7.318258188664913 3.309823751449585 1.822196304798126 3.934711068868637 2.758911073207855 131.1689013317227 1.8434968739748 8.104584135115147 13.01309907436371 13.66101675480604 0 5.311260558664799 0.5743501335382462 2.582956597208977 0.9605147019028664 1.198700524866581 1.006795145571232 1.216547772288322 231.3171960115433 1.160412043333054 0 1.369537457823753 44.29566038399935 0.1369054615497589 4.204342663288116 9.014138892292976 13.06092041730881 10.17633137106895 81.35093449056149 58.97392684221268 37.18498528003693 46.40380994975567 163.5384960770607 25.01961829513311 161.4840242266655 217.4734178707004 156.7761842384934 186.4256627038121 0.1274978965520859 0 0 0 0 0 0 0 0 0 0 0 0 0 0.1011564582586288 0 0 0 0 20.92042623460293 20.45947277545929 0 0 0 63.05860014259815 1.835486829280853 42.59354098141193 1.371681675314903 0 0 0 0 0 1.280624277889729 0.2179347425699234 0 9.274416513741016 11.49515473842621 0.6042257994413376 0 0 0 0.08898445963859558 0.1247620433568954 0 0.1959721893072128 1.587451845407486 5.009233459830284 0 1.398911952972412 0.326173722743988 79.65540462732315 0.5417490005493164 0.7116850614547729 1.936730325222015 0.3853352591395378 0.1017613336443901 0 0.08754066377878189 0 0.1351825594902039 119.8529430627823 6.037448137998581 0.1847443729639053 0.1901251822710037 0.2787296697497368 40.23749400675297 12.70472574234009 9.105560183525085 5.358414500951767 7.966255649924278 9.234199367463589 3.545832544565201 1.851911395788193 0.2105870842933655 0 0.09151718765497208 0 0.1181047186255455 0.1237233355641365 0 0 41.44855865091085 3.270362943410873 5.860323384404182 291.6055868417025 45.95692547410727 857.7623053565621 224.331310749054 480.9972390979528 48.58922199904919 9.35690725594759 117.3169780671597 7.710273265838623 0.2113908529281616 14.62555874139071 3.997296385467052 29.61116836965084 2.214719042181969 0.8755276501178741 1.832042083144188 2.355366058647633 0.1202426478266716
218.1846021413803 158.9698468744755 1504.772939227521 3.864050269126892 200.2520854473114 13.08143222332001 38.48459399491549 0 572.8170945420861 1.56429186463356 1492.987301111221 2.125659495592117 53.6612544208765 344.5618354827166 25.58417504280806 4.326452754437923 6.267136231064796 17.50024877488613 0.09913362562656403 12.58726064860821 40.67633163928986 0.4547116756439209 0.4955443888902664 0.2592365965247154 7.498741455376148 5.260703057050705 0 0.8375474661588669 0.5564162582159042 0 795.8479085490108 2770.574640266597 104.8672066628933 1.578786127269268 3.614184215664864 18.91475997120142 46.95356057584286 10.91728430986404 3.901891686022282 0.9035903364419937 17.53049913048744 7.891298495233059 22.07519587874413 46.78069456666708 1.207337141036987 9.839145854115486 294.7448975592852 20.12390856444836 6.583104863762856 32.70188307017088 16.98972838371992 0.662987120449543 0.2611411511898041 2.060076609253883 4.199138261377811 6.509653240442276 32.17143726348877 191.8120754361153 10.82423260062933 44.61145780980587 42.49030600488186 8.960129901766777 33.87020368874073 710.6165760979056 3.198559828102589 12.45485484600067 11.63514087721705 26.25707107037306 45.03119280934334 131.5770333260298 12.2429763674736 4.746817350387573 0 197.7335897609591 116.1935634166002 111.8279073312879 237.3440739959478 91.53047396242619 712.0258874446154 469.6564323604107 407.7647095695138 875.679847843945 44.09797568619251 0.4714120030403137 2.326409928500652 4.362185932695866 32.08312490582466 0 2.460952669382095 0 2.044862434267998 0.6346326619386673 25.5345634073019 1.88974916934967 5.149203382432461 11.48871502280235 1.921038836240768 0 1.026383265852928 38.00651341676712 0.1498605161905289 1.443326234817505 0 0 0.6886459141969681 3.486382767558098 0.290665328502655 1.807069502770901 0.8375780656933784 4.336546912789345 1.051847219467163 8.980741381645203 13.99663597345352 8.635667629539967 20.60451620072126 0 0.359638899564743 0 0 0 0 0 0 0 0 0 0 0.2455044910311699 0 0 0.08943257480859756 0 0 0 1.842709720134735 0.598657488822937 0 0 0 12.30198933184147 0.1628035306930542 10.49354923516512 2.691643550992012 0.7294001802802086 0 0.1483250707387924 0.1199693381786346 0 1.100378639996052 0.1317931264638901 0 0.6724960654973984 0.7755823880434036 0 0 0.1912069618701935 0 1.047967329621315 0 0 0 0.2436114251613617 0 0 0.2462008222937584 0.6514047756791115 11.28995552659035 0.3641919195652008 0 0.3088611885905266 0 0.1264299303293228 1.011798419058323 0 0.1201714873313904 0.7376472428441048 22.03762426227331 1.162865996360779 0.1667182445526123 0.1063448935747147 1.430916525423527 5.58840224146843 6.671913921833038 3.061627961695194 0.3390487283468246 0 0.6189747005701065 0 0.5369861423969269 0.1479908972978592 0 0 0 0.3083464652299881 0 0.1250258833169937 0 5.197351507842541 3.680156409740448 1.870708353817463 186.4074891358614 23.46412025392056 549.0178642198443 128.8176651746035 77.73928996175528 26.74462349712849 5.24381835013628 90.53134389221668 3.786588788032532 0 2.303635597229004 1.119474768638611 1.310946226119995 0 0 1.096205599606037 0.9554838538169861 0
60.17685395479202 867.503544293344 606.1449705213308 6.342687167227268 6075.784224703908 14.7088967487216 2884.521065846086 572.8170945420861 0 449.0085201635957 953.5323754772544 193.2064060121775 2959.409711956978 2462.357103221118 14.05905669182539 2.282795958220959 0.5099154412746429 0 0 0.7315727323293686 0.4686950892210007 0 0 0 0 0.3975136876106262 0 0.4563689827919006 0.5539616346359253 0 59.32790061831474 60.04144416004419 35.74724228680134 0 0 0.3077851980924606 49.79019710421562 1.100277125835419 1.340009205043316 0.130260169506073 0.399465873837471 0.2645855098962784 0.1906982958316803 0.5473873540759087 0 0.1712700873613358 171.5270903334022 7.598662734031677 1.687558136880398 0.6601173803210258 1.90875680744648 0.1495500355958939 0 0.3959214836359024 1.892514303326607 3.994218245148659 10.88440428674221 32.18789687007666 7.078216269612312 24.39670051634312 0.3359048590064049 0.4372367262840271 0.4518174082040787 106.8848265707493 3.003708392381668 2.994987286627293 3.916632518172264 1.494513384997845 1.449925273656845 1.403986416757107 11.79792078584433 3.177802219986916 0 78.95262748003006 36.07040360569954 51.62843337655067 98.97781263291836 3.991886340081692 2.552538335323334 2.366869196295738 0.7430362701416016 1.984017662703991 22.53617414087057 0 1.246510662138462 2.297150082886219 3.217054262757301 0 0.8988033309578896 0 0.465625636279583 0.7060027569532394 0.1136659383773804 0.2158798426389694 0.8767501711845398 97.95562491565943 0.1775425523519516 0 0.2613885924220085 7.780843064188957 0 4.769479215145111 5.781959012150764 6.303035914897919 5.866397872567177 60.06787768751383 28.17792584002018 19.23789241909981 25.59139688313007 81.99907119572163 17.10687224566936 99.64678331464529 163.5048420205712 111.2663340047002 128.4208077862859 0 0.3096784949302673 0 0 0 0 0 0 0 0 0 0 0.1072056218981743 0 0 0 0 0 0 5.398992903530598 12.67337782680988 0 0 0.2584794461727142 43.15062572062016 0 36.42795103043318 0.577663466334343 0 0 0 0.2345272600650787 0.5995254516601562 2.864138767123222 0 0 5.175602309405804 11.33329826593399 0.9045128524303436 0 0 0 0 0 0.1589357405900955 0 0.3431970626115799 1.282254904508591 0 1.424910694360733 1.572790399193764 52.8763670027256 1.656442523002625 1.871073484420776 1.393432810902596 0.1473514437675476 0.3891834318637848 0 0.1141607835888863 0 0 104.986980214715 4.958616361021996 0 0.2091672122478485 0.2932562232017517 32.73545610904694 9.862806476652622 5.524251721799374 5.775033637881279 5.79773211479187 5.158202819526196 2.563590601086617 2.275441110134125 0 0 0 0 0 0 0 0 27.37496263533831 7.645147085189819 4.0583231523633 322.6313784718513 29.20331585407257 427.6244616284966 150.8084000051022 70.11380186676979 32.25866951048374 4.836514592170715 141.448807708919 5.686488792300224 0.3908186852931976 9.066413730382919 1.224316813051701 15.08527152240276 0.7749010771512985 0 0.8608955591917038 1.640822842717171 0
1610.95371799171 2607.814616464078 18.822754368186 3402.777384027839 696.5461475029588 822.5669023841619 4598.518919207156 1.56429186463356 449.0085201635957 0 27.65661243349314 1054.124955557287 5776.309032388031 136.958711579442 1.209818214178085 0.3019309937953949 0 0 0 0 0 0 0 0 0 0 0 0 0 0 17.2066377773881 4.720576204359531 4.413152948021889 0 0.122099943459034 0 51.66365029662848 0.1637069582939148 0 0 0 0 0 0.2115945219993591 0 0 44.06648650765419 6.405553802847862 0.08131784945726395 0 0.1733727976679802 0 0 0 0.7625684067606926 2.074168056249619 24.70831582695246 42.67732974886894 5.059979014098644 11.34305857867002 0 0 0 22.8133408203721 0.9332929253578186 1.638036116957664 1.429198063910007 1.207876980304718 0.09938190132379532 0.5001274421811104 65.40459893643856 1.45912991464138 0 70.92144487798214 16.73276627063751 18.0522832646966 13.51923244446516 0.5283626914024353 0 0 0.1348251700401306 1.00176740437746 22.67570552229881 0.2290064245462418 1.074630431830883 1.429699875414371 1.429313138127327 0 0.5454256758093834 0 0.4597809836268425 0.09043584018945694 0 0.1036311909556389 0 410.951953291893 4.406777277588844 0 1.880611509084702 96.96490223705769 0.2158128917217255 27.32235722243786 23.22198314964771 27.02476765215397 20.55859193205833 134.4201110899448 276.7464891821146 59.48405453562737 90.98774854838848 430.6293651014566 19.83002036809921 229.9899434447289 304.1324353441596 228.9334710538387 91.17578805983067 0 0 0 0 0 0 0 0 0 0 0 0 0 0 0 0 0 0 0 63.22599212825298 18.46981436014175 0 0 0 37.23457616567612 0 16.93547979742289 0.9132922291755676 0 0 0 0 2.253373384475708 0.1557389050722122 0 0 6.556139454245567 12.02142218500376 0.1935461163520813 0 0 0 0 0.4349504932761192 0.1248924657702446 0.1631725281476974 0.9564127624034882 2.255355894565582 0.3841732293367386 1.378980070352554 0 30.68712489306927 3.388696521520615 1.13442200422287 1.022723861038685 0.4188718274235725 0.1151566281914711 0 0 0 0 56.69820918142796 8.449249342083931 0.194254145026207 0 0 24.42004460096359 5.308229260146618 4.868841871619225 10.59566093981266 4.699755653738976 4.854715585708618 2.677351713180542 1.504901200532913 0.2084415107965469 0 0.2720041573047638 0 0.3077146783471107 0 0 0 33.84908366948366 4.427699029445648 1.090863734483719 59.95409541577101 3.356688462197781 99.60676959902048 21.93348459154367 323.2070205584168 4.06790067255497 0.5112437531352043 23.60801540315151 4.670455917716026 0.7164516746997833 15.65653306990862 0.380852147936821 60.19239073991776 0.8187074810266495 0.6686820387840271 1.031396061182022 0 0
215.3247550204396 272.2880193665624 1879.150857307017 3.350710056722164 541.2002546265721 22.94286015629768 231.247460141778 1492.987301111221 953.5323754772544 27.65661243349314 0 22.90077095478773 1101.248343683779 4247.71697833389 78.42780216038227 17.77739289402962 4.368185639381409 9.710537530481815 0.1339643448591232 3.156740978360176 34.14990343153477 0.1289938688278198 0.2596892192959785 2.227896369993687 30.67026661336422 11.8534390181303 0.4178551807999611 1.495149746537209 2.431957393884659 0 413.6490842029452 997.3529421985149 675.760895088315 0 5.096250340342522 134.2277717366815 462.3399081453681 67.73312214761972 19.24331482499838 12.21926403790712 38.95556083321571 4.530826076865196 10.37192563712597 7.91709104180336 0.1457314491271973 1.987150281667709 569.4584029093385 22.3419271633029 9.344753064215183 20.91369209438562 41.95901560783386 1.017232947051525 0.2523419111967087 3.027483582496643 5.649567030370235 10.15111630409956 25.37137126177549 108.5362524464726 16.01172592490911 69.82149193435907 2.636915348470211 72.213523209095 94.58542418479919 414.922790966928 5.478663258254528 12.41807751357555 17.87591062486172 42.60148598998785 43.86916894465685 81.04911018162966 74.99833304435015 18.0230194106698 0 191.8579279109836 120.6632592082024 198.3436005041003 466.2082426771522 61.13804648816586 170.254431001842 76.72697588056326 16.38318253308535 303.2223797515035 49.00861456245184 0.6499769389629364 3.348979540169239 7.977862603962421 19.84040492027998 0 5.026084758341312 0.4008966982364655 5.968032874166965 2.536839842796326 27.13757599890232 2.682464227080345 3.322840064764023 97.91119804978371 8.640001401305199 0.5722630620002747 3.212163113057613 31.93610251694918 0.6285182535648346 1.889119997620583 2.072946041822433 3.667923420667648 4.120386600494385 30.03597235679626 5.053223550319672 18.26607191562653 22.40627057850361 41.22705060243607 18.31340266764164 77.05144453048706 115.299572236836 84.68420122563839 145.7359525486827 1.101545810699463 0.453191414475441 0 0 0 0 0 0 0 0.1311632990837097 1.721377514302731 0 0.1068544387817383 0 0 0.6367576271295547 0 0.449984073638916 0.6398928761482239 3.728951059281826 15.47125811129808 0 0.4157431051135063 0 80.40909870713949 2.268749922513962 62.51464242488146 8.143913440406322 0.4876264408230782 0 0.2164067178964615 0.8113974332809448 0.5400211215019226 6.559682600200176 0.4906759411096573 0 5.143594488501549 11.25357503443956 0.1667744815349579 0 1.462214395403862 0 0.5402444005012512 0 1.292186230421066 0.09176245331764221 0.7289051562547684 2.704528011381626 0 2.085566699504852 4.421302072703838 89.77409025281668 1.624322414398193 1.408350236713886 1.413824930787086 0.8377474322915077 0 1.514392726123333 0.5361787974834442 0 2.101769864559174 160.3363978937268 10.2447843849659 0.7975139021873474 0 1.842859491705894 42.33231206983328 16.48360525816679 24.53049004822969 6.082892030477524 8.52267861366272 4.393171735107899 2.084357008337975 0.6843729019165039 1.012191534042358 0 0.1671097576618195 0.3352987170219421 0 0.09318605065345764 0 0.1254384219646454 38.41445229202509 11.01887354999781 16.33089350908995 715.7739471867681 74.23101066052914 1235.130829192698 389.5561039969325 136.3061541318893 74.69423250108957 11.237050101161 328.388652279973 17.81191048026085 0.7393806129693985 21.44171672314405 2.524675413966179 14.49976156651974 1.067138403654099 0 2.731831632554531 5.078881442546844 0
108.5038022324443 110.5741329416633 4.037073984742165 138.9218909293413 145.0300002470613 155.933287575841 712.0292899608612 2.125659495592117 193.2064060121775 1054.124955557287 22.90077095478773 0 2583.318264454603 95.78948660194874 9.351441532373428 6.02249263972044 2.46558839827776 0 0 0 0 0 0 0 0 0 0 0 0.1233808025717735 0 0.6260618641972542 0.9456634223461151 20.38270832598209 0 0 0.7500319629907608 336.3890897780657 1.029583483934402 0.2506236433982849 0 0.1535986214876175 0.1226414367556572 0 1.732846021652222 0 0 26.28236416727304 0.7657319977879524 0.1550870090723038 0.1090546399354935 0.2439050078392029 0 0 0 0 0.650741845369339 7.429651387035847 4.563876323401928 0.4884636253118515 2.870988115668297 0 2.206414744257927 0 7.256945692002773 0.5643641948699951 0.6955925822257996 0.474504753947258 0.8259677067399025 0.1131941080093384 0.7957814931869507 37.51865091919899 11.99043710529804 0 10.80219688266516 2.861051455140114 9.266910888254642 19.65618486702442 5.911098383367062 0.3074534684419632 3.575230658054352 0.102648563683033 4.278726190328598 3.73710298538208 0 0.3059164434671402 0.2782984524965286 0.09963123500347137 0 0 0 0 0.7993785664439201 0 0 0 862.8405236005783 21.33339411020279 0 0.1077305153012276 73.82922394573689 0.3256494700908661 2.92457689344883 4.345180436968803 2.329948022961617 9.361958235502243 71.51552973687649 35.88339407742023 27.41069188714027 22.09541207551956 130.1875579804182 12.50779101252556 142.3603434711695 190.4208677560091 174.2053284943104 101.5070494785905 0.3242190480232239 0.1828788369894028 0 0 0 0 0 0 0 0 0 0 0 0 0 0 0 0 0 10.11338524520397 13.50037087500095 0 0 0 39.47908511012793 0.2643475234508514 22.4776162430644 0.6656616851687431 0.1255372911691666 0 0 0 0 0.3066902011632919 0 0 4.558852300047874 5.781520448625088 0.1167755126953125 0.4926286041736603 0.3715634047985077 0 0 0.601782038807869 0.913449764251709 0.3376399278640747 0.6326999887824059 2.562382683157921 0 0 0 28.11303216218948 1.940924778580666 0.524742066860199 0.3133759647607803 0.4829225912690163 0 0 0.1623899936676025 0 0 73.32554651796818 18.1887938529253 0.1879990845918655 0.5427786484360695 0.3220093101263046 19.86901314556599 1.824190191924572 3.673861466348171 4.376903757452965 3.17340712249279 2.696491152048111 1.232189074158669 0.6534895896911621 0.5425499081611633 0.2321927696466446 0.1664896309375763 0 0 0 0 0 49.55394399166107 7.711396381258965 3.822345405817032 96.30962737649679 4.528815150260925 69.73794477432966 25.67542313784361 77.38114982843399 2.68435487896204 0.5603268817067146 35.28239866346121 2.204760670661926 0.1299862414598465 11.33973395824432 1.298148386180401 21.78560437262058 1.405866280198097 0 1.304630719125271 0.7107975259423256 0
673.0136478692293 1378.999808482826 50.85981865227222 1080.052939034998 1119.205484881997 311.248665265739 6629.029148317873 53.6612544208765 2959.409711956978 5776.309032388031 1101.248343683779 2583.318264454603 0 1424.442023582757 25.31399046629667 9.073024071753025 3.597886152565479 0.2735008969902992 0 0.2136902436614037 0.4969527497887611 0 0 0.1600249707698822 0.5019287019968033 0.4366503059864044 0 0.1151359900832176 0.2012913376092911 0.08728165179491043 16.51916785538197 14.6451700180769 33.18901685625315 0 0.2103075683116913 1.887723162770271 98.14383421838284 2.151109740138054 0.6934811547398567 0.2015607208013535 2.57514613866806 0.6706971228122711 0.270844429731369 1.250733844935894 0 0.4683395400643349 142.5367761179805 7.187290638685226 2.029270321130753 1.477939642965794 3.57706107199192 0.176079273223877 0 1.134968407452106 1.761384509503841 3.94377800822258 12.51672334969044 21.40354708582163 6.571751981973648 20.13153858482838 0 1.298449799418449 1.060979023575783 40.36508084088564 1.477230899035931 3.559021815657616 3.289631016552448 4.408861450850964 1.508395686745644 2.251369960606098 156.7524388507009 13.53599780797958 0 67.0697183534503 24.93229856342077 45.67948716133833 87.43117418140173 20.26525917649269 0.5313384234905243 2.972069129347801 1.941088981926441 5.159109361469746 19.92953143268824 0.0753631591796875 1.393193155527115 3.837912686169147 3.475792519748211 0 1.648573070764542 0.1035136729478836 1.184511005878448 0.8116418123245239 1.202916704118252 0.2216973453760147 0.802303783595562 1515.227631188929 12.77413579821587 0 3.01251757144928 72.62942922115326 2.53233902156353 5.825305297970772 12.54981644451618 13.00521455705166 19.68952986598015 186.1240162923932 107.8461220189929 74.15939873456955 89.75949023663998 297.8708254694939 48.02020437270403 385.8743814677 505.0630734860897 400.8896275609732 332.5984390974045 0.2570129036903381 1.807186812162399 0.114150732755661 0 0 0 0 0 0 0 0 0 0 0 0 0 0 0 0 23.57836800068617 33.10089711099863 0 0 0 118.4197336137295 0 71.10205981135368 2.28991623967886 0 0 0.2042281776666641 0 1.342841923236847 4.09640209376812 0 0 18.83912625163794 15.55782849341631 0 0.1939764469861984 0.3235649093985558 0 0.1287933140993118 1.041541427373886 0.4072463661432266 0.6343650817871094 3.309052854776382 6.689141139388084 0 0.7050644904375076 0 116.1774979829788 5.464724212884903 1.995196118950844 3.579414092004299 1.098531253635883 0.316656306385994 0 0.8456887304782867 0.16820028424263 0 241.6810283660889 27.16219446063042 0.5416412949562073 0.3751211166381836 0 61.03094174712896 13.5379011631012 18.12457580119371 15.41036733239889 14.45729467272758 11.55060007423162 5.914487645030022 3.167320027947426 1.587115272879601 0 0 0 0.7294654846191406 0 0 0.09510649740695953 108.9879608079791 15.23171857744455 6.744102217257023 455.0170510560274 33.5786055997014 373.1412279978395 145.1702578440309 153.1519440710545 24.60131630301476 3.536096639931202 163.5881434008479 7.963026352226734 2.110234498977661 34.62115060538054 4.351960070431232 42.26269319653511 1.087708383798599 0.3148965537548065 1.404091723263264 1.954730376601219 0
