0 5802.547989152372 1883.257901698351 1977.10632827878 716.9196504354477 74.90189136564732 1280.603579089046 119.5005707740784 35.4027689024806 1205.172965273261 388.8999594151974 278.9032142534852 544.3985779806972 268.9908421039581 4.371449820697308 1.351159952580929 0.5851882547140121 0 0 0 0.1658326089382172 0 0.2296832352876663 0.1300358474254608 0 0.2855663597583771 0 0.0894683301448822 0.2841017097234726 0 1149.197855964303 7.886344060301781 7.130591362714767 0 0 0 1.739926919341087 0 0.1721768230199814 0.1127430871129036 0.1741678267717361 0.3394593596458435 0.7177046686410904 0.9158509969711304 0.139257624745369 0 21.92374382913113 1.861744657158852 0 0.7566550597548485 1.427554301917553 0.1242594048380852 0.1829640865325928 0.1431334167718887 2.694515377283096 5.75681596249342 222.0561377033591 1599.642246775329 41.29964483529329 11.05709505081177 0 0 0 33.80573856830597 9.366209521889687 2.012365080416203 0.960198886692524 0.5893706381320953 0.7519541457295418 0.4662664905190468 5.576054632663727 15.14704117178917 1.346537947654724 274.3143853321671 198.798752553761 43.04024717956781 10.0255173817277 3.412236720323563 6.497351005673409 101.5558454543352 0.2874113097786903 25.59770222008228 17.2087532505393 0.1532065570354462 2.420353390276432 4.364138871431351 1.187528468668461 0.3350818157196045 0.9260901883244514 0.2997752130031586 0.7801181897521019 0.1017915457487106 0.3729663491249084 0.1341782808303833 0.2587568312883377 99.87250638008118 47.2071720957756 0 0 1091.748721718788 0 0 3.864273503422737 0 0 5.65869614481926 0.1724561303853989 0.9740255922079086 23.06376164406538 9.117192938923836 0 13.35994260013103 9.351250134408474 1.691279843449593 1.055338054895401 0 0 0 0 0 0 0 0 0 0 0 0 0 0 0 0 0 0 0 0.1289784610271454 0 0 0 0 1.409523911774158 0 0.6002073436975479 1.551964990794659 0 0 0 0 0 0 0 0 0 0.1152663081884384 0 0 0 0 0 0 0 0 0 0 0 0 0 0.1620046198368073 0 0 0 0 0 0 0 0 0 7.026273377239704 0.1329777389764786 0 0 0 0 0 0.09351403266191483 0 0 0.6327348351478577 0 0 0 0 0 0 0.242024265229702 0 0 0 9.53575973957777 1.33177387714386 0.6094772517681122 178.1159024909139 17.49077664315701 115.2657598331571 19.10017037391663 327.6409297734499 12.86230811476707 0 10.62153231352568 0.247864343225956 0 0.1417005360126495 0 12.80803227424622 0 0.1717887967824936 0 1.875102758407593 0
5802.547989152372 0 1733.695940747857 579.3434523046017 3037.435981452465 389.2470713704824 2836.244736835361 1343.733068853617 635.7966765463352 559.1511180400848 1473.487633444369 73.58968766778708 668.7919848114252 733.5244587883353 21.12805657088757 3.889291435480118 0.31537264585495 0 0.1233016774058342 0.2102958559989929 0.2810541391372681 0 0 0 0 0.5738507732748985 0 0.2567267268896103 1.042264752089977 0 2845.83742402494 55.52655977010727 17.71433472633362 0 0 0 1.448514938354492 0 0.281742051243782 0.3578189387917519 0.1579571962356567 1.329125463962555 0.4123814254999161 1.636401019990444 0.4823442697525024 0.6962984502315521 142.4425811171532 5.197652623057365 0.1701193898916245 1.218071505427361 3.008463554084301 1.707525327801704 0 1.413433723151684 10.06733357161283 13.91361004859209 84.66296957433224 924.2682906240225 78.16992747783661 66.62417293339968 0.662791796028614 1.424919970333576 0 146.5586044564843 23.82983441650867 3.1403898447752 2.317994087934494 2.811619877815247 2.757399246096611 0.9649972543120384 16.25955630093813 2.529529631137848 0 332.2586403638124 376.4214745089412 284.3088184520602 101.1106722503901 8.58753452450037 11.08654512465 276.2293583378196 1.893009759485722 64.28775233030319 35.95300518721342 0 4.827681913971901 12.92594818770885 1.367924466729164 0.2317657917737961 5.308644860982895 0.1096058189868927 2.154155507683754 2.176339842379093 2.199426613748074 1.203607015311718 1.827202498912811 188.0078986734152 0.3360845744609833 0 0.6429263427853584 873.0341148972511 0 0 1.809782862663269 0.2357393652200699 0.7577398419380188 5.329093456268311 0.2849088311195374 0.5516626536846161 30.28406545519829 3.974508352577686 0 8.545929655432701 9.116386085748672 4.035845026373863 0.12461256980896 0 0 0 0 0 0 0 0 0 0 0 0 0 0 0 0.1343973278999329 0 0 0 0 0 0 0 0 0.6830866634845734 0 1.136066570878029 0.5450765937566757 0 0.1330510079860687 0 0 0 0.1283748894929886 0 0 0 0.9984931945800781 0 0 0.1346331983804703 0 0 0.1322236657142639 0 0 0 0 0 0 0.1144792586565018 1.183919340372086 0 0 0 0.09108493477106094 0.2054516598582268 0 0.3764028325676918 0.2325927168130875 0 6.939684212207794 0.1401077955961227 0.1715462207794189 0.1249707639217377 0.2337558269500732 0 0 0.1251775771379471 0 0 0.296216756105423 0 0.1060395985841751 0.1053536981344223 0 0 0 0.3460497483611107 0.2180588245391846 0 0 5.280161798000336 0.748001717031002 0.2782835811376572 207.7285961732268 68.76590151339769 439.5648655444384 104.8134967088699 480.2090825811028 61.79632217437029 2.226699471473694 103.6871948391199 1.235331177711487 0.8120898380875587 0.3033227995038033 0.1918552666902542 1.973117649555206 0 0 0.5166036039590836 10.78874477744102 1.394778653979301
1883.257901698351 1733.695940747857 0 35.12669039517641 642.1660105660558 297.747020483017 178.1313430145383 1984.801371954381 233.9852594435215 75.9607982635498 2341.430603720248 53.6626702696085 472.8455594778061 457.3547638058662 10.72036627680063 9.782855004072189 4.258933886885643 1.790590606629848 0.1814065128564835 1.176343679428101 1.54119611531496 0 0.1252031773328781 0.3965200632810593 0.1152574047446251 0.6291216313838959 0.2300554662942886 0.5486616194248199 0.2657462507486343 0 4549.957245409489 175.8140701130033 55.97685673087835 0.7109351456165314 0.2255858778953552 0.3073222488164902 4.940922558307648 0.1928732991218567 1.454898297786713 0.2538100779056549 3.777835093438625 1.47527551651001 17.49409951269627 2.333432994782925 1.671540379524231 3.323189578950405 26.18428105860949 5.496024921536446 1.81075319647789 7.208350494503975 2.87336515635252 0.2330957800149918 0.1503753513097763 0.7418846115469933 1.875486470758915 3.636487007141113 41.7614564076066 1275.369148828089 17.02595897018909 10.14550451934338 3.816182464361191 11.58320680260658 0.6988334357738495 171.1002728492022 6.60489497333765 1.963975168764591 2.885488547384739 7.556041195988655 12.42572701722383 10.14851069450378 28.84521694481373 2.938513956964016 0.1680684983730316 100.3203453719616 231.4311249181628 44.68948019295931 33.54273470491171 15.48938301205635 367.8746557384729 1493.187409378588 10.66448853164911 659.4368880614638 9.969349697232246 0 1.780002892017365 1.626821450889111 4.133879788219929 0 0.937689870595932 0.1105091944336891 0.4632603302598 0.800382636487484 6.516887128353119 1.861925736069679 2.407294489443302 24.75025987625122 0.5858266204595566 0.1275002360343933 0.1491508334875107 724.1788353249431 0 0 0 0 0 0.7781050056219101 0 0 0.720753125846386 1.971850574016571 0 1.977861791849136 3.900187753140926 2.407770544290543 2.089760661125183 0 0.3835945725440979 0 0 0 0 0 0 0 0 0.1349589824676514 0 0 0 0 0 0.1035297513008118 0.167257696390152 0 0.2523504868149757 0.1715550273656845 0 0 0 2.140246547758579 0 1.821472212672234 0.9271862804889679 0.4016615375876427 0 0 0 0 0 0.1300619095563889 0 0.1343402564525604 0.1222719922661781 0.1083357930183411 0 0.2551378905773163 0 0.5859032347798347 0 0 0 0 0 0 0 0 0.5135695934295654 0 0 0 0 0 0.123253732919693 0.1161950156092644 0 0.1268960982561111 5.705652445554733 1.361734800040722 0 0.1593615561723709 0.7842330560088158 0.1349325478076935 0 0 0 0.2307920679450035 0.1705983281135559 0.4250575006008148 0.2853381633758545 0.1492489129304886 0 0 0 0.1292865574359894 0 0 0.1568434089422226 4.44597165286541 1.401685774326324 1.060202695429325 33.60868770629168 12.02361512929201 70.40865240246058 12.95059321820736 192.5631277635694 7.487167909741402 0 15.10780869424343 1.542247295379639 0 0.4987084195017815 0.1210534498095512 0.1180311515927315 0.1020510643720627 0.121176078915596 0.8617719262838364 36.99038471281528 0.360223650932312
1977.10632827878 579.3434523046017 35.12669039517641 0 413.01812261343 191.3476428985596 1962.765470951796 10.3098621815443 39.81579487025738 1915.462530493736 12.22041662037373 633.6107886880636 1228.687492251396 280.1812663078308 3.427588678896427 2.188075095415115 0.4669552743434906 0 0 0 0 0.1120360270142555 0 0 0 0.1556160151958466 0 0 0 0 70.32087024301291 5.396083176136017 2.452914968132973 0 0 0 0 0 0.1349325031042099 0 0.3227735310792923 0 0.1083729118108749 0.2503025233745575 0.2611528933048248 0 22.10426750034094 2.193697720766068 0.2990217432379723 0 0.2681403458118439 0 0 0 1.8736367598176 2.004694260656834 17.76597598195076 146.2033165991306 12.41439469903708 5.956051401793957 0.2025607377290726 0.6084434539079666 0 14.70322328805923 4.864669233560562 0.7570656836032867 0.302332766354084 0 0.2700040340423584 0.6434042379260063 6.762479156255722 1.347808793187141 0 61.51682194322348 58.94971430301666 23.49015201628208 12.68269186466932 4.110072486102581 0.686749741435051 2.887503780424595 0.1296444982290268 3.402983158826828 5.732925176620483 0.6195408701896667 0.9046215936541557 1.871079288423061 0.2751509621739388 0 0.2269943654537201 0 0 0.2870580404996872 0.594927079975605 0 0 417.8793738335371 0.828192412853241 0 0 76.12765377759933 0.1168408170342445 0 3.570361137390137 0 0.3142590522766113 12.17716085910797 0.6386957466602325 4.316208854317665 25.24688142538071 10.4777667671442 0.3090161383152008 33.88807532191277 17.39354072511196 9.291673749685287 2.540231823921204 0 0.2747380137443542 0 0 0 0 0 0 0 0 0 0 0 0 0 0 0 0 0 0.1483580023050308 0.2386899888515472 0 0 0 2.016858167946339 0 2.600697293877602 0.1323786824941635 0 0 0 0 0 0 0 0 0 0 0 0 0 0 0 0 0 0 0 0.139963373541832 0 0 0 0.1721115857362747 0 0 0 0 0 0 0 0 0 8.430182859301567 0 0 0 0 0.1457191854715347 0 0 0.1401367336511612 0 0.3184684664011002 0 0.1288287490606308 0 0 0 0 0 0 0 0 11.0964694917202 1.653923243284225 0.8340947329998016 44.51470591872931 6.30809710174799 71.12194067984819 11.11411471664906 101.3305528908968 11.40082194656134 0 16.46021045744419 0.3454402834177017 0 0.1644911617040634 0 1.058590888977051 0.1583099216222763 0 0 0.5030722618103027 0
716.9196504354477 3037.435981452465 642.1660105660558 413.01812261343 0 33.08179481327534 2298.662963978946 3127.363805063069 9872.342896871269 583.7652693167329 3363.365444168448 82.39489942789078 303.5472618639469 1195.946091532707 46.73246145993471 3.071693509817123 0.7155758589506149 0.2648869827389717 0 0.4839754104614258 0.8064269572496414 0 0.1201019138097763 0.1377480626106262 0 1.296612374484539 0 1.376278027892113 0.7947229966521263 0.684551402926445 415.321862757206 53.30403249710798 3.453595012426376 0.1044782698154449 0 0.2208778113126755 2.563709661364555 0 0.7931029796600342 0 0.6323082223534584 3.085531890392303 0.1339508146047592 1.466164991259575 0.4790459126234055 0.6364122554659843 244.540589645505 4.421768069267273 0.4123982638120651 0.4697396829724312 3.809230744838715 2.115364477038383 0 3.262015298008919 9.049946986138821 13.30575370788574 30.13002655655146 253.1313655152917 60.82006382197142 75.49331071972847 0.8802278488874435 1.369219571352005 0.272402822971344 122.2915631681681 21.06848588585854 2.404593393206596 2.63832926005125 1.763366565108299 2.703527063131332 0.974411703646183 26.36193309724331 4.516625672578812 0.4760033339262009 198.9957534372807 217.1572579070926 312.4542456418276 241.089167304337 16.63584525883198 4.056454718112946 40.15329899638891 1.878155425190926 11.14747290313244 22.19932720810175 0 5.187345832586288 11.10555454343557 0.8173056691884995 0 6.439963720738888 0.4908264800906181 2.341276541352272 4.348651751875877 5.237174980342388 1.654550939798355 6.610821098089218 189.4987137615681 0 0 0 59.41362109035254 0 1.492067888379097 1.71725244820118 0.9836475104093552 2.447840869426727 17.54372777044773 4.081516951322556 5.177980571985245 28.4706142693758 30.13365881890059 0 48.40835682302713 58.62379324436188 23.94931261241436 6.81338295340538 0.2749838382005692 0.7322685718536377 0 0 0 0 0 0 0 0 0 0 0 0 0 0 0 0.1071871444582939 0 1.421300739049911 0.5355211347341537 0 0 0 4.443396627902985 0.3672335147857666 3.443046160042286 1.203483261168003 0.3568105250597 0.1300215423107147 0.1459905803203583 0 0.1033058315515518 0 0 0 0 0.09705471992492676 0.1716460734605789 0.1702943295240402 0.1398118436336517 0.1693086177110672 0.2889416813850403 0 0 0 0.5116233825683594 0.1151405498385429 0 0 0.1431276351213455 2.385783046483994 0 0 0 0.1326678395271301 0.7865949049592018 0.9600797146558762 0 0.2572063654661179 1.163998253643513 29.36927188932896 1.959098249673843 0 0 0.2091041654348373 1.594480291008949 0 0 0 1.661448135972023 0 0 1.472128599882126 0.4191587865352631 0 0 0 1.484447851777077 0.8135756924748421 0.2443034648895264 0 35.87265460193157 2.749848559498787 4.365268990397453 570.6221012398601 132.803816832602 618.6690153926611 163.2965843230486 384.2085001841187 90.47820340096951 2.955499760806561 210.6449726447463 3.888436526060104 0.8957474529743195 1.523094743490219 0.597122810781002 9.607683226466179 0 0 1.310294732451439 5.596367806196213 1.077424764633179
74.90189136564732 389.2470713704824 297.747020483017 191.3476428985596 33.08179481327534 0 157.4080829769373 8.58531878888607 6.243592351675034 343.0583462119102 11.67512312531471 73.21378220617771 77.86975409835577 31.07713504135609 0.6398338153958321 0 0 0 0 0 0 0.9151526689529419 0 0 0 0 0 0 0 0 126.2132682055235 2.19435741007328 0.1836671680212021 0 0 0 1.695559561252594 0 0.5928599834442139 0 0 0 0.1232577264308929 0 0 0 6.190291851758957 1.674566805362701 0 0 0 0.8096963167190552 0 0 3.330726444721222 1.164343520998955 188.7885279133916 338.0201882645488 18.00276248902082 7.612859636545181 0 0 0 10.77185385674238 3.537117846310139 0.5891363173723221 0.1039463877677917 0.2899366915225983 0.1894022524356842 0 11.40537594258785 160.6688590049744 33.33396008610725 100.8017449080944 83.18683812022209 26.97606163471937 1.707861162722111 0.1336289346218109 0.3100007027387619 3.466453835368156 0.1872708797454834 0.9128102213144302 4.976830884814262 2.980222657322884 0.3142332285642624 3.363139890134335 0 9.025574132800102 3.631318964064121 10.39840841293335 0.2944416254758835 1.082293510437012 0 0 0 141.2914581149817 239.8037363290787 11.46322566270828 0 1607.308811724186 0 0 4.01036873459816 1.847678899765015 0 9.226725399494171 0.4687905311584473 0 12.74847209453583 12.43006633222103 0 9.93084093183279 6.383643254637718 10.38480485975742 0 0 0.3072676360607147 0 0 0 0 0 0 0 0 0 0.1493503302335739 0 0.727030336856842 0 1.068400859832764 0 0 0 0 0 0 0 0 0.7277065962553024 0 0.329470694065094 1.459066048264503 0.3509175181388855 0 0 0 0 0.1353278011083603 0 0 0 0 0 0 0 0.5781537890434265 0 0.4966886639595032 0 0 0 0 0 0 0 0 0 0 0 0 0 0 0 0 0 0.6836739927530289 3.356648445129395 0 0 0 0 0 0 0 0 0.2681092023849487 0 0 0 0 0 0 0 0 0 0.9041109681129456 2.734061241149902 1.268266960978508 1.294751167297363 26.89031501114368 3.853657759726048 56.85644751042128 7.495965160429478 572.8409419506788 6.688315585255623 0.1870578676462173 5.052736461162567 1.315455228090286 0.2747731357812881 0 0 22.69613564014435 0 0 0 0 0
1280.603579089046 2836.244736835361 178.1313430145383 1962.765470951796 2298.662963978946 157.4080829769373 0 164.1711293905973 4165.788400217891 2688.464358717203 1320.908896237612 297.8523153588176 3442.677330292761 4581.347309604287 37.3919508010149 5.095940336585045 0.4048413932323456 0 0 0 0.1455035209655762 0 0 0.1142008975148201 0 0.8644068166613579 0 1.426019214093685 1.397212579846382 0.6008230745792389 227.1366525813937 40.2539928406477 5.542900279164314 0.26133893430233 0 0.1990250945091248 1.714560724794865 0.160333976149559 0.6412540599703789 0 0.5829975008964539 2.028562322258949 0.7586106956005096 1.348705716431141 0 0.2965046912431717 220.1587194874883 4.915006347000599 0.4936148971319199 0.5707311704754829 1.823617860674858 1.161379516124725 0.1442455649375916 2.714130185544491 7.389211356639862 8.255613923072815 35.87779723852873 240.2568125352263 44.39184530824423 59.75124277919531 0.8194440901279449 2.829399272799492 0 85.34949879348278 17.23884864151478 3.09008963406086 2.557064950466156 2.873793758451939 2.78729747235775 2.436002805829048 28.55996065586805 3.821593597531319 0 176.9065372794867 204.4905653372407 249.7148548960686 227.7863413095474 25.22095612436533 3.112446174025536 23.60465003550053 0.5898248329758644 8.471698999404907 21.52558086812496 0 3.310459047555923 7.579310812056065 1.868465468287468 0 4.318338364362717 0.1505106091499329 2.804366871714592 3.409046836197376 3.527788482606411 1.019659236073494 3.235424779355526 891.3229039311409 2.882982969284058 0.7472217679023743 0.1227774173021317 62.04009068012238 0.4054621830582619 2.164536461234093 10.61581325531006 4.775514513254166 5.800267294049263 92.08956430852413 8.146935909986496 23.02231730520725 98.82953554391861 84.68064138293266 2.758333995938301 187.7928013652563 160.0779843777418 64.90852306038141 18.09116330742836 1.646960459649563 0.3002084493637085 0 0 0 0 0.2271186411380768 0 0 0 0 0 0 0.2481970638036728 0 0 0 0 0 1.797750703990459 0.5805411338806152 0 0 0 11.17986499518156 0 7.418317466974258 0.6632548421621323 0 0 0 0 0 0.3354584127664566 0 0 0.6222611516714096 2.144096106290817 0 0 0 0 0.1233933046460152 0 0.2609314471483231 0 0 0.674045205116272 0.5284922569990158 0 0 1.063208341598511 0.4791657626628876 0 0 0.1711388677358627 0.08439613878726959 0.1020416840910912 0.2572012469172478 0.1810074299573898 0.2700523436069489 49.44642822444439 0.3669317662715912 0 0.8193214237689972 0.3415684401988983 3.071554020047188 0 0 0.6018994599580765 0.8023333325982094 0.7560479789972305 0 0.5882440656423569 0.1777653992176056 0 0 0 0.8073755130171776 0.4887440055608749 0.120169073343277 0 92.84893202036619 8.08766981959343 5.913374483585358 520.9452610313892 102.542896039784 566.3976462632418 122.2352466136217 408.7473809048533 89.37754656374454 4.430391445755959 211.7269109934568 3.956681467592716 1.273906297981739 3.979992866516113 1.898104600608349 35.91917368769646 1.710463851690292 0 1.27564862370491 0.4621079862117767 1.185440376400948
119.5005707740784 1343.733068853617 1984.801371954381 10.3098621815443 3127.363805063069 8.58531878888607 164.1711293905973 0 1193.969131596386 53.03734517097473 1573.708713181317 117.841788597405 1164.05739299953 1376.947816304862 47.6485653296113 40.08229056745768 21.71871245652437 7.08674531430006 3.940377287566662 8.988991148769855 7.221154779195786 0.3144397586584091 1.951174020767212 1.617553278803825 0.8768174275755882 2.181703768670559 0.9589218944311142 1.936428561806679 1.62461268901825 1.952966600656509 1510.413219667971 2127.005644001067 129.2900593131781 9.681183993816376 0 0.5431524217128754 16.33650148659945 0.6374702677130699 4.498002924025059 2.560785971581936 19.96942466497421 6.192040540277958 116.2409637495875 26.18696059286594 11.91922805458307 55.50887697190046 123.3551118224859 12.98097345232964 13.64985287934542 51.43375338613987 11.74225699901581 2.413259454071522 0.1527338624000549 2.553306460380554 4.045553401112556 4.893573991954327 21.30304605513811 578.0184822157025 30.91037253290415 36.54137459397316 83.44273345172405 52.42117331176996 10.3715695887804 903.5579223930836 13.17081265151501 7.473444804549217 8.559766389429569 37.00848624110222 59.81278651207685 65.41009575873613 67.89645186811686 7.592615701258183 0.1344930976629257 138.5509673655033 361.1663169264793 226.5504560098052 646.7441736906767 131.110419459641 999.2132900878787 3117.667518131435 301.2523228302598 3874.779315941036 14.29911317676306 0 6.643133394420147 5.25629261136055 18.86203049868345 0 2.70923288911581 0.934167318046093 2.469191163778305 4.427749559283257 32.08058027178049 6.271782428026199 10.7894095480442 39.59546828269958 1.932456329464912 0 0.6451058834791183 142.9951543137431 0.3323018476366997 0 0.2551351487636566 0.1423825174570084 0 3.592549458146095 0.139496847987175 0.1749674677848816 2.278491735458374 1.333846591413021 0.1437133252620697 6.865706883370876 17.48063503205776 5.028465643525124 4.838530778884888 1.233059860765934 0.5205904245376587 0.3620341122150421 0 0 0 0 0 0 0.1772417426109314 0 0 0.1105073764920235 0 0.2963740602135658 0.3419779092073441 0.1737155467271805 0.5679318159818649 0.3228973746299744 0.5015745460987091 0.4827756360173225 0.1177486404776573 0.1126978173851967 0.114396907389164 9.93779057264328 0 5.053459912538528 1.839051693677902 0.8262736797332764 0.1455055475234985 0 0 0 0.1252072006464005 0.445728100836277 0.2755194306373596 0 0.6644967421889305 0.2623589187860489 0 0.7309254109859467 0.1069066599011421 0.2394071444869041 0.1247625276446342 0 0.19969442486763 0 0.1837081462144852 0 0.2156054750084877 0.5614471733570099 1.207623794674873 0.3250021040439606 0 0.1059103831648827 0.129907950758934 0.2465605363249779 1.802464120090008 0.1332802921533585 0.5219664946198463 1.513442106544971 11.59539230912924 0.5119211077690125 0.1932292580604553 0 0.9630749970674515 1.284075111150742 0 0 0.2436094880104065 0.9194679409265518 0.7220945656299591 0 0.4117307811975479 0.1454426348209381 0 0.1637283265590668 0 1.174622468650341 0.9816305935382843 0.3188006207346916 0.2176610827445984 12.89694319665432 5.045854233205318 5.484432138502598 159.3664910495281 46.39282639324665 265.0747052133083 57.49069973826408 85.66314320266247 31.67710697650909 1.180575847625732 66.49757771193981 6.114807762205601 0.2560632973909378 2.243473917245865 0.5197844207286835 1.635248571634293 0.1143973395228386 0 0.5342310667037964 7.734435528516769 1.117863282561302
35.4027689024806 635.7966765463352 233.9852594435215 39.81579487025738 9872.342896871269 6.243592351675034 4165.788400217891 1193.969131596386 0 387.1165958791971 5169.16888076067 98.02608700096607 527.135849185288 1296.980104714632 46.14007966965437 6.280884794890881 0.8087249100208282 0.2897029519081116 0 0.1452407091856003 0 0 0.1197318881750107 0 0.07855747640132904 0.8247674182057381 0 1.08808296173811 0.4225962907075882 0.5241308733820915 131.0695602670312 42.29508021473885 4.431643426418304 0 0 0.7667698189616203 2.509583085775375 0 0.7345337495207787 0.3503934293985367 0.2558384239673615 1.06828885525465 0.8042372763156891 0.6121828928589821 0.2613998800516129 0.08525286614894867 203.8536932468414 2.545980259776115 0.4596167281270027 0.6843696311116219 1.756735883653164 1.255097359418869 0 3.381843581795692 4.882297910749912 6.078935325145721 13.99515983462334 75.50661324709654 26.14703397452831 36.10038751363754 0.1100136041641235 2.049710519611835 0 58.09127356857061 10.86817257106304 2.16545707732439 1.379186749458313 1.159598112106323 1.306495748460293 0.6742070540785789 38.36061278730631 4.582903444766998 0 84.65635443478823 83.01748306304216 179.963746085763 260.960869781673 24.17166691273451 2.312549993395805 30.28286240249872 1.074381098151207 10.57856925576925 13.84019116312265 0 2.944794066250324 5.08062519133091 0.9870121851563454 0.1101024299860001 4.122380390763283 0.5426924526691437 1.060883514583111 3.405623234808445 3.71206970512867 0.9662953466176987 4.141866318881512 302.388560526073 0.784721702337265 0 0.1331605315208435 23.26316823065281 0.2541863322257996 1.692352950572968 9.822781935334206 2.466587781906128 3.153011724352837 71.3869948387146 5.050746336579323 14.21759794652462 73.38507677614689 56.85404568910599 0 150.1498801857233 139.5876499786973 44.75855437666178 16.46567843854427 0.249903030693531 2.367732867598534 0 0 0 0 0 0 0 0 0 0 0 0 0 0.1170695945620537 0 0 0 1.943953916430473 4.507230132818222 0 0 0 10.75080852210522 0 5.217328429222107 1.113689497113228 0.1852893978357315 0.2571752965450287 0.1324158161878586 0 0 0 0.1585198789834976 0 0.7668147832155228 1.82445777207613 0 0 0.1756803691387177 0 0.2349892407655716 0 0 0 0.0966116338968277 0.2782149165868759 0 0 0 2.824594505131245 0.7713334560394287 0 0 0.3539683446288109 0.3550937324762344 0.1451830863952637 0 0.1521750241518021 0.3167384341359138 48.72400867193937 0.8415273353457451 0 0 0.4090216234326363 2.024514257907867 0 0 0.1222809702157974 1.361198276281357 1.345418214797974 0.4007228910923004 0.3875137567520142 0.1217877641320229 0 0 0.1069225445389748 0.2488695681095123 0 0.2187220528721809 0.2279065698385239 69.02803214639425 7.062087506055832 5.79753989726305 573.2789681181312 89.09997325390577 464.6020794808865 104.6980586051941 189.7977805510163 74.47893564403057 3.335080206394196 204.5402526706457 6.669279672205448 1.06317126750946 3.782995916903019 0.7793437987565994 20.16869994997978 0.8237560987472534 0 1.856864169239998 3.27107609808445 0.5136262178421021
1205.172965273261 559.1511180400848 75.9607982635498 1915.462530493736 583.7652693167329 343.0583462119102 2688.464358717203 53.03734517097473 387.1165958791971 0 122.8560624271631 2114.215989843011 5706.808717645705 1235.200592681766 14.48804807662964 9.302612371742725 1.115257874131203 0 0 0 0 0 0 0 0 0 0 0 0.37921142578125 0.1046227067708969 101.4345388561487 21.37469377368689 8.078990399837494 0 0.1007829755544662 0.1377003192901611 3.348435536026955 0 2.040912054479122 0.1286924481391907 0.7321299761533737 0.1563704162836075 0.9270238429307938 0.9166387468576431 0 0.4320970773696899 45.42097613215446 2.510952331125736 0 0.3121564015746117 0.9812231659889221 0.1498190462589264 0 0.1090852022171021 3.36239517480135 4.24496702849865 35.00124188512564 267.8997262343764 18.9016850143671 9.936268478631973 0.4621461182832718 2.728801101446152 0 23.73551639169455 6.174443192780018 1.035478420555592 1.558764964342117 0.825118251144886 1.110319577157497 4.012462764978409 84.12628462910652 24.0116450637579 9.399435609579086 109.358562245965 126.6784054934978 48.46938888728619 64.00099154561758 20.20160714536905 2.76459427177906 33.56973699480295 0.9036800339818001 23.19842610508204 9.659794874489307 0.11974236369133 1.430057406425476 3.684318870306015 0.1674222350120544 1.473091870546341 1.548948898911476 0.2858920991420746 0.7437863051891327 0.7497745901346207 2.447913356125355 0.2034469395875931 0.8829272985458374 2015.715853601694 33.33524561673403 0 0 139.195528164506 0.1819247305393219 2.66925872862339 31.80879302322865 9.749680817127228 12.16869296133518 123.0071770772338 12.70502124726772 24.13315662741661 129.3888939917088 150.456894248724 2.651987046003342 341.2714896798134 229.1724707484245 121.3362453132868 20.21285058557987 0.8067257478833199 1.70563930273056 0 0.1133211180567741 0 0 0 0 0 0 0 0 0 0 0 0 0 0 0 2.923528507351875 1.321319594979286 0 0 0 11.54357673972845 0 6.718920633196831 2.905749201774597 0 0 0 0 0 0.4132162481546402 0.2557230889797211 0 0.1875723600387573 3.563821971416473 0 0 0 0 0.1384511291980743 0 0 0 0.1377874612808228 0 0 0.1518435478210449 0 3.116219468414783 0.3749061152338982 0.3961317092180252 0 0 0 0 0 0 0 50.33944269269705 0.6750414371490479 0 0 0 4.224607914686203 0 0 0.5760175436735153 1.530238322913647 1.754339806735516 0.7747010588645935 1.883883476257324 0 0 0 0 0 0 0.304992139339447 0 121.3651782274246 5.605668380856514 5.67186450958252 150.4169483929873 11.88353496044874 153.9509334340692 22.59265077114105 356.2883217334747 22.00626692175865 1.328125610947609 46.49370095133781 1.658762633800507 0 5.406065054237843 0.6544295772910118 92.30813272297382 0 0.3316153287887573 0.2183631956577301 0.8863620758056641 0.2066218107938766
388.8999594151974 1473.487633444369 2341.430603720248 12.22041662037373 3363.365444168448 11.67512312531471 1320.908896237612 1573.708713181317 5169.16888076067 122.8560624271631 0 95.97658988833427 2942.828924931586 5565.641892626882 27.04472889751196 8.608157359063625 0.5299758613109589 0.3944733440876007 0.1374969333410263 0 0 0 0 0 0 0.2736091166734695 0 0 0.2577755451202393 0.1709106117486954 604.0680003762245 82.0464975759387 76.46283575892448 0 0 0.1070938408374786 15.20019045472145 0 0.7863835170865059 0.1003269180655479 1.041980162262917 0.3452956974506378 0.4548046141862869 1.954666346311569 0 0.6667016744613647 91.22622479498386 1.31242997944355 0.4375026598572731 0.65115936845541 0.8826874867081642 0.1642902791500092 0 0.6445222049951553 1.836685806512833 2.591475822031498 12.34953951835632 142.5246636196971 19.14284685254097 19.37455938011408 0.3058637082576752 3.115345075726509 0.1022042706608772 55.73357465863228 6.630914226174355 1.03158138692379 0.7813370451331139 0.9345666319131851 0.7065592035651207 0.9757059365510941 38.38945446908474 1.856513760983944 0 62.96999906003475 87.13831247389317 92.65325519442558 129.2860255986452 21.4125549942255 20.63168064504862 1594.718538068235 0.6004603654146194 637.5225347727537 8.290556900203228 0 1.808537043631077 2.669851146638393 0.8313673660159111 0.1153285950422287 2.210564509034157 0.1505294442176819 0.5508999079465866 0.6853973492980003 1.629854246973991 0.8081876710057259 0.8374657779932022 34.9278185069561 1.008653581142426 0 0.2274267971515656 78.58575894683599 0 0 0 0 0 8.849791646003723 0 1.637332558631897 9.353759825229645 5.629337444901466 0.2096956074237823 12.81932458281517 21.81041768938303 5.120753526687622 3.287532351911068 0 0.5278149247169495 0 0 0 0 0 0 0 0 0 0 0 0 0 0 0.2462036907672882 0 0 0.1318831741809845 0.6268020123243332 0 0 0 3.671681791543961 0 0.8961732611060143 0.7838970348238945 0.1078916862607002 0 0.221837192773819 0 0 0 0.108151838183403 0 0 1.017384573817253 0.1068704500794411 0 0 0 0.1663481146097183 0 0 0 0 0 0 0 0 0.3065254688262939 0.2749612629413605 0 0 0 0 0.2889016568660736 0 0 0.3600860387086868 6.437153875827789 0.2827150970697403 0 0 0.1388653516769409 0.165284276008606 0 0 0 0.712213322520256 0.3039430528879166 0 0 0.1667534857988358 0 0 0.126486212015152 0.1172420531511307 0.1104907095432281 0.1464468687772751 0 9.660849511623383 1.373294427990913 1.191267415881157 227.4753664657474 28.78752279281616 204.0231333598495 34.36897510290146 95.29600790143013 30.3569196537137 2.137566640973091 80.18165671825409 1.991593062877655 0 0.3038932979106903 0.335246667265892 0 0 0 0.5176498889923096 0.2698551863431931 0.8261347115039825
278.9032142534852 73.58968766778708 53.6626702696085 633.6107886880636 82.39489942789078 73.21378220617771 297.8523153588176 117.841788597405 98.02608700096607 2114.215989843011 95.97658988833427 0 2733.840558335185 636.564993917942 48.91418669372797 39.7726214826107 3.787175886332989 1.922548413276672 0.2846879214048386 0.4305516481399536 0.4825836420059204 0 0.1345595866441727 0.4984639883041382 0 0.5715382248163223 0 0.5443405210971832 0.4579500406980515 0.123375378549099 52.25117152184248 86.88432597368956 38.596894338727 2.274973005056381 0.1765774488449097 0.1128870770335197 39.29067607223988 0.1115696206688881 1.701877072453499 0.3124418705701828 2.728824086487293 0.7955726087093353 1.81281778216362 6.534364812076092 1.090330205857754 1.969599455595016 75.27344378829002 1.150029025971889 0.6698668599128723 0.6154609322547913 3.098226137459278 1.282990008592606 0 1.351796671748161 0.7693807929754257 1.563040301203728 4.6450250223279 35.66009771823883 6.182521052658558 6.154577866196632 2.943590126931667 14.89615135639906 0.887201726436615 32.09476865082979 2.741518996655941 0.9369672909379005 1.958545051515102 3.831543438136578 3.880150742828846 8.532676681876183 142.2734633460641 67.17681629955769 0.5707592964172363 20.27735160291195 25.56900910288095 53.59564556181431 129.8971224427223 62.11005080491304 17.25236290693283 225.3990187719464 4.241486050188541 120.9413983225822 3.362770393490791 0 0.7017509490251541 1.387662477791309 0 0 0.4490070343017578 0 0.4388154000043869 1.227517448365688 5.917370513081551 2.241094172000885 1.245364241302013 2220.866917684674 39.27761772274971 0.7662174701690674 0 12.78868003189564 0.5801694840192795 1.627167418599129 13.4414463788271 5.205595120787621 7.207166850566864 101.0592670887709 8.255433470010757 25.86449084430933 81.53199970722198 98.40093153715134 1.356762319803238 265.9913802370429 243.9150137156248 109.5091714859009 34.92758356779814 2.693700946867466 1.425771206617355 0 0.1619951128959656 0 0 0 0 0 0 0 0.1190145835280418 0 0 0 0.1594835519790649 0 0 0 4.764157086610794 4.800160571932793 0 0 0.1063526496291161 31.07712730765343 0 23.48065253347158 5.111373588442802 0.6182704195380211 0.282135397195816 0 0.2995390892028809 0.1153329610824585 1.125639848411083 0.303924173116684 0 0.3159036114811897 5.28966348618269 0 0.6106835752725601 0.1929057240486145 0 0.2216154038906097 0.2451572567224503 0 0 0.2367441952228546 1.056114517152309 0 0.458736926317215 0 8.704606682062149 1.549861907958984 0.1601099222898483 0.19033382833004 0 0 0.255564272403717 0.1974067762494087 0.3486076295375824 0.1480123698711395 109.4769038259983 4.168363496661186 0.3383433818817139 0.1732971966266632 0.4630922302603722 7.622259706258774 0.1303239166736603 0.1778890490531921 2.515707865357399 3.384891271591187 5.16421514749527 0.9271749183535576 3.313933528959751 0 0 0 0 0.4064227119088173 0.1585683971643448 0 0.1403839588165283 199.1230852454901 31.34577871859074 18.44377856701612 263.729922555387 15.89760588109493 190.7671071961522 40.30958991497755 87.66224236041307 22.42464181780815 0.4135315120220184 130.8629341945052 7.05083803832531 2.065605446696281 8.382311135530472 0.3855896145105362 27.33322846889496 1.603913441300392 0 4.71780963242054 2.036442741751671 1.481507875025272
544.3985779806972 668.7919848114252 472.8455594778061 1228.687492251396 303.5472618639469 77.86975409835577 3442.677330292761 1164.05739299953 527.135849185288 5706.808717645705 2942.828924931586 2733.840558335185 0 4230.925938598812 109.4851340651512 82.46212597191334 12.89651165157557 1.664146400988102 1.540987581014633 0.8431805074214935 3.875485077500343 0.2052742093801498 0 1.136953338980675 0.5062312111258507 3.242628410458565 0.9611804857850075 2.009229175746441 1.842882670462132 1.280858337879181 219.7003112584352 150.9014500230551 1753.893802843988 5.406322315335274 0.1127492412924767 3.657837048172951 909.9555535763502 21.27567803859711 163.9240393042564 0.1781617999076843 12.54577412456274 5.778053179383278 3.702374033629894 16.66498483717442 3.952445164322853 4.851410605013371 220.3237796500325 2.545519039034843 0.7963248416781425 3.968050986528397 7.066092118620872 4.678524106740952 0.4945249482989311 8.092553950846195 2.197216540575027 4.87833222001791 12.07795109599829 92.34290987253189 17.28133399039507 28.79730772227049 6.959894150495529 244.171807706356 12.19877625256777 83.39277708530426 7.535024531185627 2.076319508254528 6.004069991409779 8.053957536816597 7.72134081274271 12.94696214795113 575.9396300390363 77.27627128362656 1.485165044665337 64.38820196688175 85.06237250566483 181.1642296165228 372.5327070206404 173.6465943828225 59.08918777853251 1629.249162606895 8.611946150660515 537.0545002818108 9.124471768736839 0 2.034268066287041 4.356392502784729 0.8443950936198235 0.1423135101795197 2.076963067054749 0.6524566411972046 1.574906855821609 2.358256764709949 11.49447975307703 3.997524172067642 5.643963888287544 2570.700607046485 43.94554473459721 0.2510638833045959 3.719293251633644 51.69391389191151 1.462149620056152 5.614762231707573 26.40382458269596 5.002458482980728 11.9866216480732 130.0196781530976 11.58543810248375 31.5387018173933 235.9985535889864 174.2442142292857 0.8611816018819809 371.80153632164 386.6210146322846 139.2246426716447 61.83291767537594 2.2713932543993 2.515600979328156 0.3625036180019379 0.2899478822946548 0.243151381611824 0 0 0 0.1379651129245758 0 0.7541347965598106 0.3784354776144028 0 0 0.941699206829071 0.1957447975873947 0.5761048048734665 0.7543262094259262 0.3595115840435028 2.623096778988838 6.261073902249336 0 0 0.2983112931251526 40.24577409774065 0.1208261400461197 26.98473039269447 9.648285105824471 0.7596947029232979 0 0.2868078649044037 0 0.3413764536380768 1.072941891849041 2.193388223648071 0 1.943096980452538 4.760002039372921 0.2060849815607071 0.3297986388206482 0.8326334580779076 1.381926231086254 0.5613085925579071 0 0 0 0.5398446917533875 0.2445697858929634 0 1.101678848266602 0.2452231794595718 17.67443929612637 1.529341503977776 0.3507178500294685 0 0.3103991597890854 0.3638567551970482 0.3615324944257736 0 0.09807248413562775 1.278687655925751 178.0675387978554 8.464902751147747 0.1356464326381683 0.1260760128498077 0.1232819259166718 7.480047523975372 0.7525699511170387 1.332655981183052 1.207088343799114 3.462717890739441 6.82987617701292 3.45276203751564 4.178798727691174 0 0 0 0 0.5768131762742996 0.3865162953734398 0.1199320703744888 0 279.2201460003853 46.26630733907223 24.68834323436022 446.6879675909877 67.68052922934294 423.2184270992875 98.89957524836063 129.6323162540793 45.36169641464949 2.196732848882675 214.078795157373 10.45750574022532 0.3828386515378952 10.60525278002024 2.314924448728561 46.41530968993902 1.740178428590298 0.26188924908638 4.162490546703339 2.881774663925171 2.168074041604996
