0 2407.978251039982 633.4220090955496 742.8733642697334 444.6112506836653 53.94568425416946 432.3310939222574 94.37874707579613 188.5795789957047 1051.785578593612 879.3247935473919 79.60700815916061 163.6862324476242 133.5473581403494 0.8810308426618576 0.2676400542259216 0.2883876413106918 0 0.1213601157069206 0 0 0 0 0 0.2591088265180588 0 0.2121000736951828 0 0.1265347301959991 0 451.2134045809507 1.965814329683781 53.63708742707968 0 0 0.5962877869606018 71.28188524395227 1.41557527333498 1.805439829826355 0.7138189226388931 0.3549174964427948 0 0.1365093737840652 0 0.15401890873909 0.1714556217193604 19.60676562786102 17.77667693793774 0 0.1120248064398766 1.394664831459522 0 0 0 3.26437970250845 1.245246164500713 351.6651761233807 543.3609249889851 43.52933382987976 20.73806158453226 0.1951496750116348 0 0 0 3.004259437322617 1.51779904961586 1.375357881188393 0.3866726160049438 0 0.2103025913238525 14.45833723247051 0.5301306843757629 0 255.4702659323812 9.776633158326149 4.750482231378555 3.091244801878929 0.9377042353153229 0 46.79426475614309 0.758120059967041 0.3760954141616821 23.76317758858204 0 2.078440733253956 3.728565357625484 0.9875760525465012 0 0.2050320506095886 0.1527228355407715 0.1060171946883202 0.3215666711330414 0.2565330117940903 0.2303644269704819 0.1228869408369064 20.39591964334249 0.5462491512298584 0 0 736.0679535120726 0 0 0 0 0 0.4653351306915283 0 0 12.72676739096642 0 0 0.5555951595306396 0.9109975248575211 0 2.136466786265373 0 0 0 0 0 0 0 0 0 0 0 0 0 0 0 0 0 0.6562909781932831 0 0 0 0.7387097477912903 0 0.5024064779281616 1.753717467188835 0 0.4140474647283554 1.633483707904816 0.774274617433548 0 0 0 0 0 0.8710423111915588 0 0 0.2202569246292114 0 0 0 0.6391087472438812 0 0 0 0 0 0 0 0.5552940666675568 0.1637685149908066 1.684702217578888 0 0 0 0 0 0 0 0 0 5.225533843040466 1.317178845405579 0 0 0 0.1609863787889481 0 0.2175149172544479 0.1542816013097763 0 0 0 0.1004040241241455 0 0 0 0 0 0 0 0 1.361687391996384 0.1239720359444618 1.936545491218567 58.17937882244587 2.653731718659401 66.46401609480381 2.105192244052887 598.5542203933001 11.36887504160404 0.7487477660179138 6.063225328922272 2.881434246897697 0 0.3428531214594841 0 2.3947833776474 0 0 0.2520721852779388 1.469049572944641 0
2407.978251039982 0 965.4983914345503 1324.464427709579 6745.367610573769 98.93980664014816 3565.298442691565 192.8209456279874 3236.187520593405 1035.669995605946 2226.000226229429 16.94421869516373 400.7999943569303 709.4072031900287 1.783506117761135 0.1782872378826141 1.225506477057934 0.6530117988586426 0.1213161423802376 0 0.1729458868503571 0 0 0.09001743048429489 0.5717818066477776 0.1215483397245407 0.2771004736423492 0.2671488225460052 0 0 2829.892625369132 2.415159069001675 48.44369512796402 0 0 0 73.99680130183697 0.63492651283741 0.4317312836647034 2.164069391787052 0 0.3676425889134407 0.4998645484447479 1.296573460102081 0.4018858075141907 1.895864054560661 191.2867824658751 83.09819140285254 1.49405811727047 0.8862521722912788 6.064448595046997 0 0 0 6.295268006622791 4.880164347589016 369.5327245742083 1219.814022950828 52.41102655231953 76.74185582995415 0.9419705420732498 0.4240016937255859 0 6.744560427963734 9.812310717999935 8.206547267735004 6.072944357991219 1.972039446234703 0.7423603683710098 0.5365813225507736 23.14314941316843 0.4326659590005875 0 614.2073732838035 116.7740461975336 70.45001584291458 28.86175493896008 4.862820111215115 1.001783922314644 33.14430820196867 1.822806529700756 2.130879685282707 78.06489295512438 0 12.58395177125931 11.80918347090483 5.973339103162289 0 0.7018464729189873 0.3071960955858231 1.062870115041733 0.8064464628696442 1.253558345139027 0.7464741170406342 0.6828111261129379 25.8037156611681 0 0 0 953.3848931416869 0 0 0 0 0 4.259382009506226 0.7886533141136169 0 58.53123775869608 0.2143684327602386 0 1.061114676296711 1.19776713848114 0.55019211769104 2.110152333974838 0.2750123739242554 0 0 0 0 0 0.2184181809425354 0 0 0 0 0 0 0 0.2803606688976288 0 0.1673077195882797 0.2162968814373016 0.3556511104106903 0 0 0 0 0 2.881382934749126 0 1.097221106290817 0.6949537843465805 0.9176655560731888 0 0 0 0 0 0.225913017988205 0 0 0.263078436255455 0 0 0 0.1389047056436539 0 0 0 0.1056987196207047 0 0 0 0 0.1794959902763367 2.180672898888588 0 0 0 0 0 0 0 0.1925784200429916 0 3.410203263163567 0.5232748985290527 0 0 0.5947955548763275 0.3602519184350967 0 0.2025089859962463 0 0 0 0 0 0 0 0 0 0.2255797609686852 0 0 0 2.280043423175812 0.7220004349946976 0.9946890473365784 181.1706376522779 10.80850183963776 590.7401658967137 28.98795099556446 971.5238202884793 48.15119357407093 3.164419464766979 104.485700301826 4.513283230364323 0 1.029761657118797 0 3.191055923700333 0 0 0 22.93696376681328 0
633.4220090955496 965.4983914345503 0 1.083695620298386 727.6541997045279 0 27.75280190259218 1635.496275261045 447.1606369838119 4.313274405896664 2827.529959484935 2.641045182943344 69.13727823644876 253.5061044245958 20.31276757270098 4.794985465705395 6.818390175700188 2.368494130671024 0.7449477314949036 7.514664627611637 5.00360880792141 0 1.726020947098732 0.2455983608961105 23.86627300083637 2.310380637645721 7.090993918478489 1.801199533045292 0.4095540642738342 1.356449767947197 3641.226918853819 491.2048535272479 107.2778169065714 7.603820651769638 1.000511661171913 10.15574566274881 178.8665087595582 9.911810584366322 2.251362651586533 8.323557436466217 7.294014789164066 3.319174334406853 9.159148499369621 3.020322129130363 3.584023401141167 18.65494169294834 38.90152377635241 17.72719688713551 2.37557178735733 4.182952538132668 15.78519523888826 0 0 1.012890234589577 0.6330845654010773 1.510950848460197 167.4374654367566 2144.15838996321 19.84343830496073 17.26043725758791 92.47556748986244 3.597645729780197 5.103270038962364 46.51920653134584 2.44270696491003 6.698203019797802 8.527664050459862 23.32485892623663 16.45426418632269 32.85910628736019 5.220876336097717 3.363078467547894 0.1143373101949692 207.7527528628707 34.02269276976585 18.22802782058716 15.68074087798595 8.875833995640278 70.89645559340715 2024.502542600036 12.25418111681938 376.2454318925738 19.77699916064739 0 3.857711665332317 3.149937301874161 7.442450746893883 0 0.706379696726799 0.3399476185441017 1.646060958504677 0.5331776067614555 17.75278732180595 3.130280613899231 2.120844438672066 13.31235852837563 0.1437529176473618 0 0 287.5332574248314 0.1228029802441597 0 0 0 0 0.1472289860248566 0 0.2249905914068222 0 0 0 0.7538824826478958 0.7012530863285065 0.6835587471723557 2.519385069608688 0.5492613688111305 0.1568177342414856 0.1884201467037201 0 0 0 0 0 0.2987058758735657 0.2709524035453796 0.4223935678601265 0 0.5219755172729492 0 0.1798610389232635 0 1.198990195989609 1.573597237467766 0.1451671570539474 0.1278795748949051 0.3182461559772491 1.110417798161507 1.623898863792419 0.5165146291255951 3.892981007695198 0.1607583612203598 2.66448001563549 4.793986618518829 3.815891824662685 0 0 0 0 0 1.038110002875328 0 0 0.3727534711360931 0 0 0.2481171786785126 1.728359930217266 0.951912984251976 0 0 0 0 0.4804944545030594 0 0.1507982313632965 0.6649044454097748 3.496834740042686 0.2847801446914673 0 0 0 0 0 0.2384867370128632 0 0.4185692220926285 9.589765995740891 2.690306022763252 0 0 0 0.3371461480855942 0 1.684993460774422 0.107770137488842 0.2091446965932846 0 0 0 0 0.3451589643955231 0 0 0 0 0 0 1.608925931155682 1.509119719266891 6.310750514268875 152.8009842410684 8.806183502078056 118.7990911453962 18.77150300145149 87.48761288821697 10.59733118116856 0.7392920628190041 37.0087263584137 5.852122902870178 0 1.431445606052876 0.2599846050143242 1.73428013920784 0.1854640990495682 0 1.134939312934875 6.113800622522831 0
742.8733642697334 1324.464427709579 1.083695620298386 0 954.9296746999025 310.3159788250923 4372.541047513485 0.2302611246705055 104.6612478494644 2218.983001306653 1.614614591002464 490.5567478835583 1708.786191180348 147.4748502224684 0.1707738637924194 0 0 0 0 0.5814310312271118 0 0 0.119199350476265 0 0 0 0 0 0 0.1376244127750397 13.37020409852266 0.5679799616336823 0.8133144378662109 0 0 0 0.3051416054368019 0 0 0 0 0.1493430882692337 0 0 0.1274061799049377 0.1675012856721878 32.06693547219038 16.31863217800856 0.2080273181200027 0 0.566156417131424 0 0 0 1.141264416277409 1.084870807826519 66.24251388758421 76.4415000975132 8.243040554225445 17.49662831425667 0.2059921473264694 0 0 0.1427308470010757 1.67226729542017 1.177177265286446 1.918943867087364 0 0.1768462210893631 0.314816802740097 1.595418930053711 1.685054838657379 0 92.62876990437508 15.61430085450411 10.91536173224449 6.621453143656254 0.1532632112503052 0.1326151192188263 0.8878039196133614 0.286738321185112 0.8314133957028389 16.34309427440166 0.1022260785102844 2.172928959131241 1.608415253460407 1.351426400244236 0 0.2257892116904259 0 0.4162037447094917 0 0 0 0.5541518479585648 18.21546572446823 9.474235966801643 0 0 456.7402254343033 0 0 0 0 0 8.119862407445908 0 0 66.25335359573364 0 0 0.3599678874015808 7.181555598974228 0.8157479912042618 0.9436866492033005 0 0 0 0 0 0 0 0 0 0 0 0 0 0 0 0 0 0 0 0 0 0.4821092784404755 0 0 1.04614882171154 0 0.247468426823616 0 0 0 0 0 0 0 0.3367249071598053 0 0 0 0 0 0 0.3640204071998596 0 0 0 0 0 0 0 0.5450173020362854 0 0.7374566942453384 0 0 0 0 0 0 0 0 0 1.657536774873734 0 0 0 0 0.2171352207660675 0 0.2103264033794403 0 0 0 0 0 0 0 0 0 0 0 0 0 0 0 0.8139026463031769 57.39081538468599 2.825098425149918 83.46923739463091 4.314496621489525 579.7091328501701 9.384560033679008 1.384537249803543 14.34452652931213 2.106819696724415 0 0.224858857691288 0.2339424192905426 1.95701040327549 0.1176654994487762 0 0 2.373395204544067 0
444.6112506836653 6745.367610573769 727.6541997045279 954.9296746999025 0 15.62246637046337 2566.418570443988 31.38027536123991 7524.366016641259 615.2715995833278 670.2814185023308 12.86445447802544 1011.269286319613 1211.469707787037 2.232184946537018 0.3696283251047134 0.7940380573272705 0 0 0.137623593211174 0.1150984242558479 0 0.1515542566776276 0 0.4687464311718941 0.2171726822853088 0 0.4677008092403412 0.3093593418598175 0.469558872282505 270.6355727463961 4.62969383597374 13.42686604708433 0 0 0.1627411395311356 28.18490159511566 0 0 0 0 0 0.1601502597332001 0.5264945551753044 0 0.3928452879190445 145.0489043593407 44.00070265680552 0.7681968733668327 0.212551012635231 2.419559299945831 0 0 0.1637896448373795 1.709907963871956 1.835869140923023 53.8938537016511 226.4210039973259 12.49255572259426 42.84953283518553 0.5455046445131302 0 0 5.108968287706375 4.670019418001175 4.104564249515533 3.68250535428524 0.3595912307500839 0.481220081448555 0.3376168310642242 8.90458944439888 0.4925536811351776 0 221.2068937048316 78.71131116896868 57.09538698196411 37.93207208067179 1.964109778404236 0.5463470965623856 7.708539225161076 1.269108548760414 0.8576223626732826 33.52043505012989 0.2753449082374573 4.705490201711655 5.408364720642567 2.534724198281765 0 0.7319865971803665 0.7883267477154732 1.127611041069031 0.6753230839967728 0.9309898912906647 0.5461568608880043 0.280765026807785 19.92028492689133 0.957940936088562 0 0 91.25302327424288 0.2295965477824211 0 0 0 0 3.912810802459717 0 0 11.18162888288498 0.1420568227767944 0.4652478992938995 0.850831925868988 1.160852923989296 0.9161659479141235 2.72025740146637 0.62764772772789 0.120303601026535 0 0 0 0 0.1707489192485809 0 0 0 0 0 0 0 0.1607216745615005 0 0 0.6592667996883392 0 0 0 0 0.2394824624061584 0.2767291367053986 1.685842886567116 0 1.778286412358284 0.841880589723587 0.3642243444919586 0 0 0 0 0 0.2839076220989227 0 0 0.3385953530669212 0 0 0 0.4893052875995636 0 0 0 0 0 0 0 0 1.310845375061035 4.525325916707516 0 0 0 0 0 0 0 0 0 5.70547804236412 0.1616847813129425 0 0.182009682059288 0.1843255162239075 0.2592795193195343 0 0.6661617308855057 0 0 0.2841972634196281 0 0.1354601681232452 0 0 0 0 0.2875588238239288 0 0.200041264295578 0 2.043046489357948 0.438484862446785 1.31493204832077 216.7435883432627 10.91323850303888 427.0751889646053 34.67081166803837 474.3599700853229 41.4801567196846 2.942518889904022 128.5411912202835 8.232703864574432 0 0.2178701236844063 0 4.632421895861626 0 0 0.4243367165327072 44.63104698061943 0
53.94568425416946 98.93980664014816 0 310.3159788250923 15.62246637046337 0 59.52685445547104 0.2709654867649078 4.220560669898987 300.8910614103079 2.373952582478523 81.06899853050709 79.38855861127377 28.95677700638771 0.1801663488149643 0 0 0 0 0 0 0 0 0 0 0 0 0 0 0 0.3593429923057556 0 27.26305584609509 0 0 0 127.1636979579926 0.2323456853628159 15.97178871929646 1.618226990103722 0 0 0 0 0 0 1.760525077581406 1.703549988567829 0 0 0.122341699898243 0.1661218702793121 0.4176597893238068 0 0 0.9856145828962326 129.9095458686352 8.313040137290955 1.7142054438591 0.7043121308088303 0 1.606391847133636 0 0.1104497238993645 0.2435043603181839 0 0.1042154878377914 0 0 0 208.0577004700899 49.36098954081535 2.501523107290268 16.49461053311825 0.4831023663282394 0.678205668926239 0 0 0 5.732578061521053 0.2625200152397156 0 1.191630363464355 0 0.4867068603634834 0.4397664219141006 0 0.449183851480484 0.3477473855018616 0.3904791325330734 0 0 0 0 0.4295588731765747 193.4702407717705 22.36666102707386 0 11.35643234848976 519.5907950550318 0.1671362817287445 0 0 0 0 0 0 0 0.8832187652587891 0.8479055166244507 0 1.529673963785172 0.6788624823093414 0.3303976356983185 1.065120026469231 0 0 0 0 0 0 0 0 0.7238375544548035 0 0 0 0 0.4977511763572693 0.7050839364528656 0 1.365963935852051 0.6600391566753387 0.2037091553211212 0 0 0.7892305552959442 0 0 2.406347617506981 0 0.2830994129180908 3.584695190191269 1.349265515804291 0 0 0 0 0 1.187505543231964 0 0 0.9361944645643234 0 0 0.1862877160310745 0.4762251675128937 0 0 0 0 0 0 0 0.1515938639640808 0 2.084844902157784 0.2064714133739471 0 0 0 0 0 0 0 0 3.639362066984177 4.00638610124588 0 0 0 0 0 1.174550026655197 0 0 0.1523061841726303 0 0 0 0 0 0 0 0 0 0 0 0 2.845379158854485 63.81110646575689 2.208552926778793 6.572797060012817 0.6567175090312958 171.1287632584572 1.404272273182869 0 1.101019948720932 4.938939481973648 0 0.3332783579826355 0 5.353297159075737 0.6863832175731659 0 0 0 0
432.3310939222574 3565.298442691565 27.75280190259218 4372.541047513485 2566.418570443988 59.52685445547104 0 5.756136506795883 2066.8036769256 3989.360942080617 30.01289213448763 102.0370012074709 3463.816872417927 820.6346652209759 7.890703104436398 0.3146911710500717 0.8056358098983765 0 0 0.1485336869955063 0.3248006254434586 0 0.1384651213884354 0 0.1847618371248245 0.4162196218967438 0 0.6864239126443863 0.154851570725441 0 75.68561035394669 3.499435722827911 15.29392133653164 0 0 0 21.68125453591347 1.100138828158379 0.458757221698761 0.615818202495575 0.1430621743202209 0.1926083862781525 0.4124368727207184 1.025868609547615 0 0.7400689572095871 305.3342875763774 78.49666111916304 4.160407796502113 0.6853281334042549 6.061348788440228 0 0 0 5.719988189637661 4.493700012564659 90.02684696763754 227.7473513707519 19.32265047729015 74.58162654191256 0.9949802681803703 0.7692338675260544 0 9.053756095468998 9.285750567913055 6.917973704636097 5.671180695295334 0.9892213195562363 0.7435613721609116 0.5479414761066437 5.774451836943626 1.483547911047935 0 370.9521867856383 110.6608052924275 104.110238917172 64.398307479918 4.391884356737137 1.287359148263931 10.11654703319073 0.9517130851745605 2.57374495267868 62.40981251001358 0.3153194785118103 12.49025329202414 8.026007182896137 6.217576213181019 0.1487718373537064 1.243013106286526 0.439630351960659 2.068158470094204 1.230594478547573 3.005149386823177 1.189096659421921 3.254739344120026 112.9563514068723 3.937038421630859 0 0 140.333173699677 0.2464317083358765 0 0.1780205368995667 0.2074731141328812 1.09344220161438 2.249306440353394 1.625638112425804 0 229.7829712033272 1.528895661234856 0.3064621165394783 12.78105273842812 11.90176445245743 7.192304983735085 18.40302950888872 1.730905905365944 0.4118536859750748 0 0 0 0 0.4018167555332184 0 0.1587328910827637 0 0.7826364636421204 0 0 0 0.6975342780351639 0.1483081728219986 0.7417047470808029 2.585584312677383 0.1703843027353287 1.523341275751591 1.402938589453697 0.2448078542947769 0.7493862509727478 2.211585074663162 24.648224003613 0.3599587976932526 9.635977245867252 3.586967222392559 2.289163783192635 0 0 0 0 0.2492702752351761 0.8448162376880646 0 0.1937572509050369 1.494121290743351 0 0 0.2341711521148682 2.323402419686317 0.2393342107534409 0 0 0 0 0.4767307937145233 0.2177196592092514 2.021863058209419 2.355645298957825 22.65560241043568 0.6966966688632965 0 0 0 0 0.2520150244235992 0.1136588305234909 0 0.1708229929208755 38.81882414221764 0.7048828899860382 0 0.1475043296813965 1.122693613171577 3.341628193855286 0.3717734217643738 3.895798295736313 0.2222145050764084 0.6773202568292618 0.7324374616146088 0.3851362466812134 0.4338532835245132 0 0 0 0 0 0.1290398389101028 0 0 12.50627163797617 4.672574028372765 10.2565179169178 666.3202576488256 28.74835496395826 911.2433028444648 91.44511019438505 1356.283648237586 88.15931176394224 5.807003058493137 315.1832780614495 36.80444215983152 0 2.167518772184849 0.1274905949831009 34.38735599815845 0.9086253494024277 0 1.300810262560844 21.3987699598074 0.2918320596218109
94.37874707579613 192.8209456279874 1635.496275261045 0.2302611246705055 31.38027536123991 0.2709654867649078 5.756136506795883 0 659.6056977361441 2.43614387512207 2951.953806817532 0.9980021715164185 29.01211529970169 276.7432594448328 15.04627955704927 3.962303891777992 7.607391305267811 3.685363322496414 0.7067080438137054 7.96820929646492 3.75114968419075 0 1.849940165877342 0.3435289263725281 29.44765886664391 3.793119743466377 7.497334532439709 3.95934109389782 0 1.054076313972473 640.0744213461876 1802.374103054404 128.6122824475169 5.614757224917412 0.9843511432409286 6.381657958030701 188.1587542816997 16.59911541640759 2.183752596378326 9.079152189195156 10.03158942610025 2.004108771681786 24.45171997696161 2.15447998046875 4.00599405169487 58.62216500192881 34.35925022512674 8.787195593118668 2.791798010468483 5.588941417634487 15.81857300549746 0 0 0.8030790835618973 0.208746924996376 0.4039318114519119 35.23376686871052 282.8184967115521 4.681769080460072 5.909162603318691 178.1510233283043 12.98812368512154 5.443438470363617 173.4897559732199 1.949508152902126 7.358868941664696 6.603838317096233 18.27138151973486 29.92541936784983 32.27892678231001 6.576461657881737 5.125496342778206 0 86.273217856884 59.05140604823828 15.50539333373308 31.73381988704205 72.40650315582752 680.2200711891055 3012.350576274097 94.48714736104012 1445.493052564561 6.955300696194172 0.1057301014661789 4.516059353947639 2.204880379140377 14.77733065187931 0.1283515095710754 0.5146816298365593 0.08545701205730438 0.2787270396947861 0.1843657642602921 23.26790443062782 3.854904375970364 2.134641870856285 11.35137261450291 0.6878789663314819 0 0 26.76456998288631 0 0 0 0 0.1790511310100555 0 0 0 0 0 0 0.1469537764787674 0 0.3165840804576874 1.514720469713211 0.4572822153568268 0.2601949572563171 0.1431737691164017 0 0 0 0 0.1393336951732635 0 0.1877951771020889 0.6688591539859772 0 0.2310633212327957 0 0.9384273290634155 0.5002792328596115 0.3803556859493256 0.7840108871459961 0.3799164444208145 0.2260486334562302 0.2093833088874817 0.2205797135829926 0.2731156945228577 0.3982652425765991 4.040725633502007 0.2335933446884155 3.799212411046028 4.490988880395889 4.215811863541603 0 1.166883111000061 0 0 0 0.9143634438514709 0 0 0.7278517633676529 0 0 0.3819484710693359 1.789874866604805 0.1687464565038681 0 0 0 0 0 0 2.13742034137249 0.7551785707473755 4.694758027791977 0 0 0 0 0 0 0 0 0 6.078932136297226 1.360068425536156 0 0.2336125522851944 0.3567009121179581 0.5296219140291214 0.4247303605079651 1.324707925319672 0 0.1490101516246796 0.3619925677776337 0.1493135690689087 0.241573378443718 0 0 0 0 0 0 0 0 1.105854898691177 1.866216018795967 7.402996763586998 137.153219230473 12.59251022338867 101.9369697645307 14.78633666783571 57.4985371530056 5.057183586061001 0.2579535692930222 28.98670325428247 7.203248165547848 0 0.6887549608945847 0 2.726278692483902 0 0 1.408972263336182 3.744889765977859 0
188.5795789957047 3236.187520593405 447.1606369838119 104.6612478494644 7524.366016641259 4.220560669898987 2066.8036769256 659.6056977361441 0 185.5603703930974 2340.983881182969 23.12464635074139 1806.26862154901 2058.546255126595 5.549801304936409 0.1289330869913101 0.1029711589217186 0 0 0 0.4549326598644257 0 0 0 0 0.2300665378570557 0.5489993691444397 0.2015229165554047 0 0.3134370148181915 147.2876091077924 10.52189749479294 114.7442484870553 0 0 0 96.07268014550209 0.2226620614528656 3.137442469596863 2.765457645058632 0.7698884531855583 0.2536149919033051 0 0.5518676862120628 0 0.4679708480834961 171.5594630613923 36.12090359628201 1.991793006658554 0.4204308837652206 4.43390691280365 0 0 0 2.794457249343395 1.55528686195612 40.59669788181782 165.0525555759668 9.41888252645731 33.21684139966965 0.5543790906667709 0.2587538957595825 0 9.330070987343788 2.436717011034489 3.223089940845966 3.605459824204445 0.4053098410367966 0.125924289226532 0.2486508041620255 21.60671710968018 0.9122286736965179 0.1027728691697121 189.1522346809506 73.079306229949 58.486691147089 50.77899935096502 3.27155376970768 0.3368283659219742 7.517676413059235 0.470442533493042 1.004058599472046 25.43348410725594 0 4.520915396511555 3.787901289761066 3.53836802393198 0 0.7631165236234665 0.307012639939785 0.9036861732602119 0 0.840417742729187 1.818691834807396 1.138988316059113 26.16087767481804 0 0 0 40.40069061517715 0.2806632667779922 0 0.4176790118217468 0 0.3182151913642883 0.3082309663295746 0 0.1949176043272018 5.019124209880829 0.6128801703453064 0 1.2552879601717 0.8873415440320969 1.504199132323265 5.009353742003441 0.5168156623840332 0.1105844154953957 0 0 0 0 0 0 0 0 0 0 0 0 0 0 1.248078674077988 0.37940713763237 0 0.3082958161830902 0.5937368124723434 0 0 0 3.956739321351051 0 2.037026137113571 2.127979680895805 0 0 0.249148815870285 0 0.3136909008026123 0 0.1678295284509659 0 0 0.6185459122061729 0 0 0.1511179506778717 0.818171501159668 0 0 0 0 0 0 0 0.2396757304668427 0.2684054672718048 5.489792637526989 0.2548396587371826 0 0 0 0 0 0 0 0.3384296298027039 7.882782660424709 0.7663173675537109 0 0 0.4192345514893532 0.2333382368087769 0 1.253986120223999 0 0.1633723378181458 0.3346806615591049 0 0 0 0 0 0 0 0.1862873435020447 0 0 2.830230519175529 1.345128536224365 3.446472018957138 321.6035455092788 12.52065882086754 573.7897701784968 67.51798878610134 319.2951698079705 44.44093857705593 2.698100984096527 197.2521218657494 7.880595162510872 0 1.705794848501682 0 5.422604583203793 0 0 0.2029647380113602 24.92857852578163 0
1051.785578593612 1035.669995605946 4.313274405896664 2218.983001306653 615.2715995833278 300.8910614103079 3989.360942080617 2.43614387512207 185.5603703930974 0 7.873731911182404 2770.502854660153 6700.448204495013 2056.048261642456 0.4789608716964722 0 0.6892263367772102 0 0 0 0 0 0.1482124328613281 0 0 0 0 0.9815535843372345 0 0 20.57187555730343 0.9357677549123764 74.71837037056684 0 0 0 202.3719597756863 0 24.58554767072201 1.136501759290695 0.4835634231567383 0.3271141946315765 0 0.2337210029363632 0 0 71.82486021518707 33.74677517265081 0.9694744795560837 0.617914192378521 1.431033693253994 0 0 0 3.041251391172409 1.91139230132103 137.6685566008091 105.107278726995 16.8651637583971 30.45046110451221 0.528088390827179 2.184125475585461 0 1.05088147521019 6.102935098111629 3.892822496592999 2.499430939555168 0.3309408500790596 0 0.2148126363754272 215.0243152230978 10.69375345110893 0.2321254462003708 196.7055316120386 28.14303464442492 19.49400264769793 10.501016266644 1.391751661896706 0.1531879007816315 18.91209338605404 0.3893447890877724 1.838669322431087 33.52895908802748 0.1333519965410233 4.162666365504265 3.475776016712189 2.239341378211975 0 0.6787462756037712 0 0.7315959930419922 0.362495981156826 0.7817842587828636 0.5611063539981842 0.5156520754098892 289.0821361094713 37.90763477981091 0 1.322231963276863 1111.715662963688 1.632320918142796 1.032753169536591 8.055633842945099 108.6100246459246 0.7292769402265549 12.95569580793381 18.61218056082726 2.667769104242325 114.9800016283989 86.49211372435093 1.305900350213051 56.89691190421581 122.0507629364729 101.5434541851282 30.37077254056931 1.37446741014719 0.8747812807559967 0 0 0 0 0.454134464263916 0.5517091751098633 0.27448970079422 2.049747228622437 0 0 0.528655007481575 0.2699182033538818 1.223711788654327 0.3615125417709351 4.350779876112938 6.01463009417057 0.9415082037448883 1.608067855238914 1.761861622333527 1.282147705554962 1.148886278271675 3.003158241510391 31.37308430671692 0.3950013518333435 13.56371918320656 9.121119692921638 4.922462314367294 0.9613904654979706 0 0 0.2200177609920502 0 2.291562423110008 0 0.2912562042474747 1.506324023008347 0.2066995799541473 0 0 7.357515126466751 0.3702681660652161 0.09047430753707886 0 0 0.2595554888248444 0.5549333095550537 0 4.363210394978523 2.275314852595329 31.40164751559496 1.068701684474945 0.3027631938457489 0.08782994002103806 0 0 0 0 0 0.2376115471124649 55.62278183549643 3.093807354569435 0 0 0 3.412614688277245 0.9803684800863266 5.770775809884071 0.2886443734169006 1.03570419549942 1.543723173439503 0.6113083958625793 0.4158657714724541 0 0 0 0 0 0 0 0 28.25300884246826 6.175670146942139 10.68508556485176 921.7881447002292 19.83259727805853 291.172345943749 16.15298771858215 1873.930016674101 24.2744519636035 2.970439158380032 102.6170329153538 79.42177950590849 0.3789826408028603 4.38570947945118 0.3784645795822144 98.04375223070383 1.093010634183884 0 5.739256739616394 9.116409480571747 0
879.3247935473919 2226.000226229429 2827.529959484935 1.614614591002464 670.2814185023308 2.373952582478523 30.01289213448763 2951.953806817532 2340.983881182969 7.873731911182404 0 24.02724289894104 621.3377954736352 1867.417663857341 11.56067135185003 0.8012138307094574 2.310398824512959 0.2130363136529922 0 1.833694785833359 0.2420298457145691 0.5242049098014832 0.3431068658828735 0 7.10201670229435 1.363690376281738 1.568621091544628 1.546268492937088 0.436026930809021 0 1041.917483896017 297.1644334197044 1104.459430038929 0.2164151966571808 1.070653021335602 1.125087231397629 1395.274338044226 6.439924970269203 24.45870235562325 11.49871976673603 1.817624345421791 1.369384720921516 0.7240073010325432 0.7040764987468719 0.1411703526973724 0.8277902454137802 177.1973404809833 48.37185235321522 1.780194088816643 0.652666762471199 5.266561232507229 1.09658420085907 0 0.5031121671199799 2.424606770277023 2.741816215217113 129.2792352959514 638.4847970083356 18.25526563823223 42.74653837829828 0.8843394070863724 5.985980905592442 0 27.32342222332954 6.471279710531235 4.057056821882725 3.399537466466427 1.943997167050838 1.579892888665199 3.818821750581264 66.22918505966663 9.96311716735363 0 334.039251178503 107.8815152421594 69.55188459157944 54.31921715289354 6.664745025336742 88.45496648550034 693.5294638052583 1.089798167347908 56.99843956530094 37.49216133356094 0.4535945877432823 5.784834824502468 5.722127139568329 3.904683522880077 0 1.18998458981514 0.2794248834252357 1.811830691993237 1.045267231762409 4.461239129304886 2.115053400397301 0.6987620964646339 48.99977618455887 3.496388018131256 0 0 172.5322157368064 0.4864122420549393 0 0 0 0 0.1724777519702911 0 0 0.2057513743638992 0.6136972159147263 0 1.253291949629784 0.6947447508573532 1.97384674847126 2.517607972025871 0.2074751406908035 0.180296391248703 0 0 0 0 0.1853359341621399 0 0.5566694736480713 0 0.2566362917423248 0 0 0 0.4862080216407776 0 1.496577113866806 0.2900470197200775 0.1677904427051544 0.1506254822015762 0.2390518635511398 0 0.9891005456447601 0.2592955529689789 6.32016322016716 0.1787417232990265 4.815714061260223 5.931018710136414 3.016007274389267 0 0 0 0 0 1.825047463178635 0 0 0.6206889003515244 0 0 0.2002985328435898 1.518661841750145 0 0 0 0 0 0 0 0.9113355875015259 3.151328802108765 4.046682387590408 0 0 0 0 0 0 0 0 0.565310925245285 6.883731871843338 2.861915066838264 0 0 0.3596451878547668 0.2085508704185486 0 1.18425340950489 0.09087078273296356 0.2885605990886688 0 0 0.3691178262233734 0 0 0 0 0 0 0 0 3.055955141782761 3.65696519613266 8.204005807638168 255.844736225903 11.38404579460621 536.3112218230963 43.01946771889925 241.3352439254522 29.91172961145639 1.741113796830177 135.0705697983503 9.986238919198513 0 1.376021631062031 0 5.187336221337318 0.273705780506134 0 0.4797530770301819 5.199976190924644 0
79.60700815916061 16.94421869516373 2.641045182943344 490.5567478835583 12.86445447802544 81.06899853050709 102.0370012074709 0.9980021715164185 23.12464635074139 2770.502854660153 24.02724289894104 0 3042.158397689462 2187.936025336385 5.803542077541351 0.3501074910163879 1.360331743955612 0 0 0 0 0 0.2036614120006561 0 0 0.227711483836174 0 0.1997288465499878 0 0 1.338669650256634 0.1412751972675323 47.91268336772919 0 0 0 742.3801757097244 1.433456361293793 117.0763791501522 1.488536834716797 0 0.3288030028343201 0.3432206809520721 0.2210767716169357 0.7884807661175728 0 31.55770031362772 4.20128570497036 0.1649550348520279 0 1.27794061601162 0.1844772696495056 0 0 0.1379461288452148 0.2014524936676025 6.804336622357368 8.4153221398592 2.277542561292648 3.683553978800774 0.398409366607666 1.530546963214874 0.439141720533371 0 0.1006078198552132 0.4568135291337967 0.5860827714204788 0.7454516515135765 0.7741456627845764 0.1611703485250473 295.6856659501791 7.90204918384552 0 25.26477843523026 2.763667069375515 5.796089746057987 11.19852373749018 1.511963367462158 0 15.16059514135122 0 2.42665359377861 4.409867390990257 0 1.068451017141342 1.260688491165638 0 0 0.1595784276723862 0 0 0.1196236088871956 0.7929086536169052 0 0.1437909603118896 926.0061035603285 3.942379266023636 0 3.664004981517792 21.69096492230892 1.461184285581112 0.9447063207626343 0.9658583700656891 0 2.655578464269638 1.286062687635422 2.347258701920509 0.8417731374502182 1.010203585028648 2.063792824745178 0.9207368344068527 19.32930524647236 10.67980862408876 19.57458439469337 26.03851690888405 1.627641297876835 0.7495809197425842 0 0.3803858160972595 0 0 0.2959022223949432 0.3018955886363983 0.2939681112766266 0 0 0 0.5833642780780792 0.2106578648090363 0.9342663735151291 0 2.5842594653368 2.449863255023956 0.540027529001236 1.358399786055088 1.513351157307625 0 1.97051727771759 1.031379655003548 42.27446065098047 0 14.73831784725189 10.7799025028944 3.500532656908035 0.374718576669693 0 0 0.46411994099617 0.2141830027103424 1.133714154362679 0 0.1176125109195709 3.069020137190819 0 0 0 2.165737137198448 0.1327262371778488 0 0 0 0 0.5797402635216713 0 1.999684154987335 3.748277649283409 33.59385315328836 0.6752675622701645 0.1298963129520416 0 0 0 0 0 0 0.4815711975097656 64.85863129794598 2.049721002578735 0 0 0 3.356292530894279 0.599492073059082 8.274330049753189 0.49808419495821 0.443275973200798 0.5749094560742378 0.3136756122112274 1.139707207679749 0.1394050270318985 0 0 0 0 0.3380340039730072 0 0 19.99539318680763 10.71460355818272 24.10645294189453 466.4556652680039 5.491105735301971 140.9637193158269 17.84638308733702 518.7532819956541 9.76053786277771 2.581449918448925 62.87007558345795 55.33524172753096 0.2504497766494751 7.448939524590969 0.2382970303297043 59.03204996138811 0.6116204112768173 0 2.542371034622192 0.9893834292888641 0
163.6862324476242 400.7999943569303 69.13727823644876 1708.786191180348 1011.269286319613 79.38855861127377 3463.816872417927 29.01211529970169 1806.26862154901 6700.448204495013 621.3377954736352 3042.158397689462 0 3144.348830446601 29.67430046200752 4.068108096718788 3.27155901491642 0 0.119102269411087 0.2055307924747467 1.319472715258598 0 0 0.1377039551734924 1.342067733407021 1.400255680084229 0.385709136724472 0.8382457569241524 0.5915313363075256 1.145204469561577 35.47074595093727 5.956296771764755 125.0672410130501 0 0.8029066324234009 0.612467885017395 307.0857540145516 1.080600701272488 76.54438070952892 2.147469192743301 1.007468476891518 1.243762418627739 0.3117820173501968 1.210039123892784 1.082598567008972 0.3581918776035309 215.5617557168007 27.75544857978821 1.853112079203129 1.503535464406013 5.568695604801178 0.3211143910884857 0.6528472006320953 0 0.8020690903067589 1.864017620682716 24.87351517379284 51.62402107566595 9.649196319282055 30.15218739956617 1.651382297277451 4.029595047235489 0 4.289106547832489 3.706148006021976 4.367809630930424 4.929369412362576 3.751273989677429 2.985648512840271 2.996430665254593 229.2900239229202 13.23479583859444 0 128.3040325790644 42.75345285981894 65.99352633208036 75.49359675496817 7.414051964879036 0.4453054964542389 54.94468441605568 1.355205163359642 6.28610198199749 19.27055776119232 0.1221591606736183 5.480798602104187 3.630491822957993 4.917227670550346 0.1809633672237396 0.9831792414188385 0.3716032728552818 1.505796238780022 1.170262515544891 4.324364550411701 1.72408464550972 2.420258745551109 2162.669510111213 16.14582452178001 0 0.2675042748451233 52.50796906650066 2.072159059345722 0.1829286366701126 0.6338053792715073 0.2647454142570496 2.819489508867264 16.59541375935078 5.394386306405067 2.882231816649437 64.69378969818354 5.897769182920456 2.62797275185585 41.82485948503017 32.80344389379025 35.1086530610919 69.1850925758481 4.071125105023384 1.740844897925854 0.2020915597677231 0.3213421106338501 0 0 0.1827697157859802 0.4402360022068024 1.660081326961517 0.5723929107189178 0.5144249498844147 0 0.1341739743947983 0.903894454240799 0.425889790058136 1.410015553236008 2.960360646247864 6.387463063001633 1.336845546960831 1.971021272242069 3.228856906294823 1.589981988072395 4.428346171975136 2.432489141821861 92.08427000045776 1.029844105243683 39.69581770151854 22.32661965489388 9.815675094723701 0.6202243864536285 0.203353226184845 0.267687052488327 0.6522830873727798 0.2221716344356537 3.471419736742973 0 1.195787221193314 11.66774133592844 0 0 0.7670637518167496 7.122908785939217 1.231389567255974 0.1403854489326477 0 0 0 2.067596971988678 0 7.45188082754612 10.1335461884737 93.51902912557125 1.118732616305351 0.09192302823066711 0.3014198839664459 0 0.4912611693143845 0.3045261353254318 0 0 0.4322501420974731 191.5950971543789 8.423804998397827 0 0 0.4675386399030685 9.266859069466591 6.325940668582916 17.030866548419 0.7705182582139969 2.089734107255936 3.78465460985899 3.01239138841629 1.886479578912258 0 0 0 0 0 0.1178837940096855 0.3819585740566254 0 56.49500437825918 30.54727378487587 49.59440851211548 1236.16949570179 49.17102511227131 775.8874687999487 107.6149670630693 779.0261311233044 51.18256383389235 3.64390853792429 333.0052282363176 125.297372199595 0.5028285384178162 13.38991061598063 1.184444390237331 136.6185482144356 1.738369330763817 0 10.26969540119171 15.05621214956045 0.8122865557670593
133.5473581403494 709.4072031900287 253.5061044245958 147.4748502224684 1211.469707787037 28.95677700638771 820.6346652209759 276.7432594448328 2058.546255126595 2056.048261642456 1867.417663857341 2187.936025336385 3144.348830446601 0 40.13656839728355 4.150922387838364 5.969417810440063 0.7583393454551697 0 0.1452471017837524 0 0 0 0.3128741532564163 3.90647454559803 2.181429669260979 1.880222767591476 1.232497148215771 0 1.373895242810249 133.9558564797044 19.47338247299194 596.9862323850393 1.50356650352478 0.2594751119613647 0 1960.464044898748 6.471876129508018 110.0990888625383 17.792604342103 3.21996745467186 0.7176127731800079 1.285592555999756 2.104327142238617 0.1402054578065872 0.7438796833157539 315.6767819672823 36.18654663860798 2.096755869686604 1.983643464744091 8.609848365187645 0.4196249693632126 0 1.966329842805862 1.71595561504364 2.837330065667629 41.12430144846439 143.4679998531938 12.20316791534424 39.90381679683924 6.150523968040943 6.611612416803837 0 11.074327878654 3.971359401941299 4.959597699344158 4.119577914476395 5.861652158200741 2.353163957595825 6.146158665418625 173.8702404350042 14.51192615926266 0.188289150595665 193.0596178770065 60.65639910846949 97.66513425111771 111.6803408935666 13.93668873608112 0.1244844794273376 177.4414351508021 0.4041824042797089 4.199174612760544 29.59296183288097 0.3967180550098419 5.245862163603306 6.569783344864845 3.909748837351799 0 1.640879556536674 0.4293855279684067 1.439038626849651 1.2562021240592 5.600334390997887 3.195978127419949 1.471257440745831 894.3284785151482 15.63589072227478 0 0.3522722721099854 31.38176961243153 2.144686251878738 0 0.9366440325975418 0 2.716450855135918 2.222188919782639 5.172856017947197 1.404667943716049 4.242797523736954 3.313743889331818 1.975624114274979 28.91549535095692 34.63739331066608 22.39845789968967 46.48319255560637 3.640737973153591 1.21571297198534 0 0.1756309121847153 0 0 0 0 0.1540005058050156 0 0.7577052414417267 0 0.8664800226688385 0.2088623344898224 1.146459147334099 0.9912341684103012 4.159566357731819 3.478285595774651 0.186572790145874 2.817690066993237 1.319056883454323 3.025910601019859 4.132154881954193 3.570734947919846 68.47976018488407 1.537523940205574 27.23249024152756 17.36680218577385 6.904364913702011 0.270989865064621 0 0.2429658472537994 0.2406879067420959 0.2943163812160492 2.033366993069649 0 0.8315312340855598 6.406476899981499 0.2744860351085663 0.1453192979097366 0 3.31503801047802 0.4014337956905365 0 0.2060422003269196 0 0.4323835968971252 1.769207857549191 0.1277375817298889 6.767792642116547 10.11484706401825 66.30907310545444 1.337655529379845 0.5221882238984108 0 0 0 0.2330543696880341 0 0 0.2166948169469833 129.1130071133375 6.14464570581913 0 0 0.8205523937940598 6.061905905604362 2.150651559233665 15.83784231543541 0.3780276775360107 1.869697138667107 0.9250635802745819 1.461529150605202 0.676272064447403 0.3013438582420349 0 0 0 0 0 0 0.1282856017351151 32.86814622581005 18.2601113319397 39.73753242194653 1151.595411226153 31.90374079346657 999.1202511042356 136.237442612648 529.6116613820195 66.44326635450125 5.969274617731571 396.886277474463 98.86537292599678 0.1549271196126938 9.910901539027691 0.759172797203064 92.25778282433748 1.137964323163033 0.1458242982625961 7.640718869864941 20.60514647513628 1.58455066382885
