0 4593.240406870842 851.4990353137255 1466.44949747622 247.3358302414417 187.1473384946585 980.6145534738898 116.8276030570269 17.47981151938438 1997.089082881808 259.3440092280507 295.6576597690582 291.7498686909676 56.27695602178574 4.193691678345203 1.323421105742455 0.1882912069559097 0.412411279976368 0 2.575857251882553 4.11298979818821 0.1670568138360977 0 0 0.4855044260621071 1.478453174233437 0 0.1295048445463181 0 0 1417.710140995681 49.46375934779644 7.530029982328415 0 0 1.043789371848106 5.21689547598362 0.2825177311897278 1.652722142636776 0.6521228402853012 1.621692091226578 1.990051411092281 1.136377952992916 0 0 0.1095424741506577 70.48746822029352 0.8704173788428307 0.1428264826536179 0.4159013032913208 2.051708929240704 4.525127649307251 0 0 1.915867269039154 4.50892373919487 396.9631067663431 1704.262623891234 56.38685803115368 64.23968359082937 2.306636095046997 1.372962966561317 0.5729062855243683 25.57623635232449 4.950495220720768 2.220565266907215 0.8716094493865967 0.4833980724215508 1.897106125950813 4.96037782728672 25.58678562939167 43.56793324649334 2.770439594984055 277.611693777144 132.1286185085773 29.60513558238745 5.297481894493103 1.324337661266327 0.8126825094223022 61.37009262293577 0.3331997990608215 4.933942720293999 14.3972826525569 1.389311462640762 1.708091028034687 2.544531382620335 1.163110785186291 6.09057480096817 2.289741903543472 9.448426619172096 1.022022545337677 3.156200930476189 4.447845682501793 2.843653365969658 0.2999413907527924 666.2333907932043 126.3172698765993 2.518508478999138 1.953782886266708 1359.871190369129 0.8968738317489624 1.80914318561554 0.9003200531005859 0 0 4.290905699133873 0 3.738673135638237 2.68458391726017 0 0.2860249876976013 1.009161919355392 2.893707633018494 4.345917195081711 0.6469659805297852 0 0 0 0 0 0 0.145360454916954 0 0 0 0 0.1445274204015732 0 0 0 0 0 0 0 2.249630451202393 0.7088682055473328 0 0 0 0.7520236074924469 0 1.816823959350586 1.569695472717285 0 0 0 0 0 0.4775435030460358 0.1286065280437469 0 0 0 0 0 0 0 0 0.2562522515654564 0 0 0 1.109277844429016 0 0 0.4639489650726318 4.514575324952602 0 0 0 0 0 0 0.2313248589634895 0 0 4.823536783456802 0.1649304777383804 0 0 0 1.839450538158417 6.191315039992332 0.3603290170431137 0 0 0 0 0 0 0.1178938895463943 0.2164737284183502 0 0.2641999870538712 0.1221093237400055 0 0 0.1953817158937454 2.559048652648926 3.070377707481384 103.1666986644268 19.79967280477285 123.794953353703 45.38343750685453 1222.001162931323 40.42247426509857 4.463477499783039 6.407540902495384 0.1709110736846924 0.4378136023879051 0.893318235874176 0 4.08207243680954 0 2.668097496032715 0.8203726708889008 5.675370514392853 0
4593.240406870842 0 1600.666106931865 111.2915687859058 2734.448039479554 413.4339769929647 975.4009714052081 362.5747614353895 910.0713042840362 1662.268878750503 2055.934793144464 113.2583058476448 1818.053561218083 418.943627692759 34.87834140658379 8.632195144891739 0.3954728916287422 0.7157668247818947 0.2043350040912628 3.567566320300102 5.558260843157768 0 0 0.4223024472594261 1.642695516347885 3.188755385577679 0.2693375796079636 0.8387615829706192 0.381127156317234 0.3015334010124207 2488.24457898736 52.25070267170668 28.58271081745625 0 0 1.345561623573303 26.74620813131332 2.076945871114731 3.257187768816948 2.735014781355858 1.994820863008499 6.04232095181942 1.928357571363449 0.1530126482248306 0 1.5962123721838 387.9878405034542 7.25508876144886 0.4996496364474297 0.8942420780658722 6.727331101894379 1.69585432857275 0 2.439615063369274 7.277615711092949 22.62154965102673 178.1003693789244 1091.001708380878 67.39238954335451 153.5896354690194 0.4410732090473175 3.639559835195541 0.2660079449415207 69.98983734846115 29.03275443613529 14.40470943599939 5.086326852440834 6.641473270952702 3.459608905017376 7.276256896555424 73.32891458272934 18.10856992006302 1.201526254415512 445.9156300649047 343.5255667120218 150.6401317045093 61.39205902814865 3.51128351688385 0.3205030113458633 144.8250508457422 1.647227197885513 4.825448215007782 63.17662834376097 5.523687802255154 11.79369217157364 12.12034440040588 4.721404448151588 1.756364338099957 7.27471849322319 3.152077190577984 2.083476051688194 1.77660096436739 7.478701233863831 4.633268795907497 2.661544613540173 337.7563800215721 35.77953906357288 0.3546162992715836 1.049360051751137 1121.823581241071 6.943072944879532 7.91167163848877 17.8181889206171 2.623792737722397 7.266658395528793 96.70224870741367 0.7933111786842346 66.23179665207863 72.30245225131512 86.87477377057076 3.260182529687881 38.92530941963196 58.45150062441826 58.51911564171314 37.86200669407845 0.8669467717409134 0.465732753276825 0 0 0 0 0.3185948431491852 0 0 0 0 0 0 0.2738922238349915 0.4617515206336975 0.1220574826002121 0 0 0 21.70280775427818 1.212423115968704 0 0.5600277781486511 0 11.45532716810703 0.7189202308654785 11.61147662997246 3.628618136048317 1.328442119061947 0 0 0 0 0.4693074822425842 0.2226947098970413 0.2006572037935257 2.981903791427612 2.287634953856468 0.386261448264122 0.1167396828532219 0 0 1.158416256308556 1.388103522360325 0.6154160499572754 0.263453871011734 0.8496702909469604 4.405190974473953 0 0 0.8783926963806152 31.22374725341797 0.1731346100568771 1.416785776615143 0.4549555629491806 0 0 0.8206698223948479 0.5258480533957481 0 0.1265689730644226 61.82084546983242 6.956665754318237 0 0.1698862463235855 0.2764797806739807 20.52517672628164 26.52530688047409 13.66236346960068 0 1.822012662887573 0 0.7043489813804626 0 0.5787879824638367 0.7703643962740898 0.1146370768547058 0 0.3244103789329529 0.7749713659286499 0 0.1344733238220215 27.18970902264118 14.20788602530956 5.924851350486279 565.4420729577541 136.3547242432833 991.1030394658446 211.7390474975109 1470.492228418589 154.9122339040041 21.28058116883039 118.1918685212731 7.974740713834763 3.987961024045944 18.04092302173376 2.82023286819458 16.64531952142715 7.107844412326813 2.557689748704433 0.405198410153389 16.18960127234459 0.9145624935626984
851.4990353137255 1600.666106931865 0 20.7098586410284 1051.474718458951 35.46410739421844 283.0484113693237 4377.938427232206 286.4526436179876 58.23733562231064 4653.361410312355 15.58072726428509 78.12471941113472 290.5374399721622 39.84018696844578 15.05809839814901 0.7387563139200211 3.840093091130257 0.123335137963295 34.8967631533742 86.2499690130353 1.836525663733482 0.1948010176420212 0.7964983135461807 18.01106849312782 24.32913407683372 0.4425047934055328 6.506094485521317 2.971818029880524 0.5719096288084984 2624.251387827098 783.7903616651893 63.1059435158968 0.5845574140548706 0.5337624549865723 15.01635324954987 48.52781992405653 9.679761976003647 8.811948880553246 16.80186697840691 38.71448988467455 48.11937552690506 14.19184403121471 1.803513035178185 1.168273314833641 1.899151898920536 216.3368563428521 2.31936527043581 4.151671998202801 9.335560292005539 45.60706653445959 2.701336584985256 0.5277307629585266 3.289952419698238 2.842774845659733 6.934948779642582 77.74123872816563 847.4588139802217 19.91170324385166 52.14872465282679 6.796660110354424 5.891913570463657 2.759867250919342 121.8687253221869 10.23481961339712 4.377033323049545 6.394331149756908 17.36806435883045 25.08228220790625 78.55131129920483 116.7027477473021 28.38114871829748 0.646652564406395 143.4364878088236 129.6039084941149 71.87481040507555 68.75342378020287 12.38438660651445 18.53383584320545 1673.295967511833 1.62600801885128 136.0136051177979 23.0931070074439 0.8289675787091255 3.516072787344456 5.70593535900116 6.170263513922691 0.08912627398967743 3.318016700446606 0.1584673523902893 3.925026722252369 3.120293319225311 111.6656159311533 54.0096323415637 6.827709905803204 209.2016407698393 52.39301271736622 0 5.406378097832203 380.5755691826344 3.796772018074989 6.988832876086235 12.40148939192295 2.427933394908905 0.3516829907894135 21.31209506839514 0 12.68801385164261 10.62798663973808 20.97473391890526 0.2175309062004089 7.644156888127327 21.41822774708271 29.10800412297249 21.64214566349983 0 0 0 0 0 0 0.8025892227888107 0.1519100964069366 0.9179008603096008 1.745957806706429 0.5822644829750061 0.742988720536232 0 0.4477706253528595 0.1122540012001991 1.073587618768215 0.6952125951647758 1.669167079031467 0.1409518718719482 17.0661508589983 0.1834405064582825 0.3413026630878448 0.1542631238698959 0.1319998055696487 6.631118178367615 0 6.073676347732544 0.8152390867471695 0.7299723103642464 0.9586204588413239 0.7203070223331451 0.1595737487077713 0 0.8752446174621582 0.3995103389024734 0.3005166351795197 2.513195566833019 1.418131433427334 0 0 0 0.2867977023124695 1.901037275791168 1.736552342772484 0 0 1.010868102312088 0.8019314408302307 0 0 0.3071448504924774 18.82189606875181 3.816653251647949 1.200890213251114 0.5462750345468521 0 0.1551264971494675 0.4497915357351303 0.2278787791728973 0 1.448811791837215 32.23690058290958 10.04853492975235 0 0.3200535923242569 2.111857749521732 11.06195688992739 19.7865379229188 21.56912733614445 3.122955709695816 2.433970659971237 0.6717729270458221 0 0.1326179206371307 0.2787546962499619 0.3286345526576042 0 0 0.3446541279554367 0.8188441842794418 0.1590461134910583 0.270014226436615 14.40070655941963 25.42390249669552 6.845275282859802 341.6746857464314 57.53585670143366 535.0418651476502 99.94856878370047 318.3055992871523 59.26201159507036 7.325260438024998 83.5995297729969 16.31635023653507 0.6471405029296875 9.193419963121414 1.611177638173103 5.260281100869179 2.800593852996826 0.6047830283641815 0.3834179043769836 1.627702601253986 1.650714725255966
1466.44949747622 111.2915687859058 20.7098586410284 0 23.76575720310211 560.2449008375406 209.6590746194124 0.3298369646072388 39.16405764222145 1517.505492508411 0.493983194231987 108.7001575082541 503.2949215471745 21.78591831028461 0.4728250354528427 0.2196933925151825 0 0 0 0 0 0 0 0 0 0 0 0 0 0 39.80609326064587 0 0.3812556564807892 0 0 0 0 0 0.4230965077877045 0 0 0.3231999129056931 0.1499018222093582 0 0 0 5.085632301867008 0.1034985408186913 0 0 0.2114976197481155 1.303347818553448 0 0 0 0.2294834107160568 18.92560528218746 13.59770115464926 2.212855592370033 3.503863304853439 0 0.257498562335968 0 0.3051500022411346 0.2559107020497322 0.3881033137440681 0.546003445982933 0 0.1281987279653549 0 9.618445664644241 7.34790563583374 0.6916916966438293 11.9384703040123 5.879291415214539 1.467186830937862 0.6760085672140121 0.2107607126235962 0 1.315177485346794 0 1.137158870697021 1.365970268845558 0.3388242721557617 0.3929112702608109 0.3447782248258591 0.1461004018783569 1.206023797392845 1.028921961784363 2.536590561270714 0 1.397240772843361 0 0 0 342.9368585497141 17.51576729118824 0.3439734280109406 0.1426713168621063 159.4832636713982 0 0.5022095441818237 2.900274276733398 0 0.376195102930069 12.39250771701336 0 7.607531636953354 9.53375044465065 8.038116678595543 0 3.442895591259003 6.902906954288483 3.669209837913513 1.758464187383652 0 0 0 0 0 0 0 0 0 0 0 0 0 0 0 0 0 0 0 2.949226796627045 0 0 0 0 0 0 0 0 0 0 0 0 0 0 0 0 0 0 0 0 0 0 0 0 0 0 0 0 0 0 0 0.3638833165168762 0 0 0 0 0 0 0 0 0 0.5085236579179764 0 0 0 0.1506799906492233 0.2324061989784241 0 1.079122424125671 1.948476910591125 0 0 0 0 0 0 0 0 0 0 0 0.2306972593069077 0.3655235469341278 0 0 57.95411390066147 2.093388706445694 15.75566120445728 3.488646760582924 498.3579731211066 2.146323502063751 0.453589528799057 2.727917909622192 0 0 0.3119321763515472 0 3.205405294895172 0 0 0 0 0
247.3358302414417 2734.448039479554 1051.474718458951 23.76575720310211 0 17.45487920939922 5586.343377836049 253.7950837016106 7679.954918794334 725.2091626226902 2399.118454352021 65.56451833248138 1787.40748859942 987.4467155784369 37.21576824039221 7.521718919277191 1.167766489088535 0.1751730591058731 0 0.4954889565706253 1.827453531324863 0.2291792780160904 0.1108291894197464 0.1670666933059692 0.5529962629079819 2.333413727581501 0 1.320414282381535 0.7662952989339828 0.1799118965864182 285.1014022752643 17.78965783119202 16.46010299026966 0 0.2457348853349686 0.4351510852575302 15.48913425952196 0.371465653181076 2.617551617324352 1.180118709802628 0.6341514512896538 4.812313072383404 0.7808761149644852 1.924549520015717 0 0.4096915870904922 246.4138720110059 3.572598211467266 0.5617117360234261 0.239040918648243 5.027578942477703 0.7572649121284485 0 0.9343626797199249 4.164514906704426 13.71153843402863 36.93374057114124 161.8215777724981 19.41426032036543 72.69606281816959 0.3370913416147232 2.284633308649063 0 37.23498324304819 14.56862284243107 8.747920788824558 6.646178305149078 4.581698566675186 1.736315302550793 1.179611913859844 71.39454540610313 17.87350002676249 0 117.2115325331688 123.8856839463115 84.03124387562275 63.60033585131168 6.474134884774685 0.6765265539288521 61.17460395395756 0 2.280694589018822 31.90307492762804 1.346116416156292 9.345812357962132 7.182861976325512 2.944831997156143 0.4669596776366234 4.255014792084694 0.1548149138689041 1.420510731637478 0.6337656602263451 2.302050232887268 3.129815854132175 1.699051946401596 326.9488275423646 33.5406197309494 0 1.618136011064053 61.95212735235691 15.4034706056118 10.86354932188988 43.83246220648289 13.57662288844585 11.42111738026142 172.2748267799616 4.80160816013813 114.6652757525444 145.6612644642591 178.4169104546309 6.334898799657822 66.44532066583633 128.8401245772839 125.8781070709229 88.93015922605991 0.2080076634883881 0.9146395772695541 0 0 0 0 0.1121797412633896 0 0 0 0.1255478858947754 0 0.3636871576309204 0.3257610127329826 0 0 0 0 0 47.9272528886795 1.668351069092751 0 0 0 10.23584033548832 0 21.07204587757587 3.685540422797203 0.1274600178003311 0.1193193197250366 0.4847566783428192 0.1304093450307846 0 0.2839004397392273 0 0 0.3762893974781036 0.9366825371980667 0 0.2861886322498322 0 0 0.2741725444793701 1.33975376188755 0.3785568475723267 0.2121435701847076 2.116726249456406 9.561881884932518 0.8327181935310364 0.433800995349884 0.5097444951534271 49.50953184813261 2.453624665737152 0.8215613961219788 1.619637414813042 0.3122592568397522 0.6127730011940002 0.1134567856788635 1.213460318744183 0 0 137.9514902979136 4.93716336786747 0 0.8488179445266724 0.1287376582622528 38.64431183040142 40.21326729655266 26.14809137582779 2.813752919435501 1.610652565956116 0.3045534193515778 2.019682914018631 0.1659778207540512 1.940066143870354 0.3543818667531013 0 0 0.2078863456845284 0.505208782851696 0 0 60.8697921037674 28.53780551254749 8.621910616755486 655.9158570170403 104.2017827779055 825.7296555265784 199.9373965039849 356.8730119690299 131.3029962256551 15.10821399837732 159.2012612894177 8.732819065451622 3.678908862173557 28.77845082432032 8.349669843912125 34.6405228972435 7.264855206012726 0.7803533673286438 2.650671362876892 1.877119287848473 0.5437185615301132
187.1473384946585 413.4339769929647 35.46410739421844 560.2449008375406 17.45487920939922 0 243.2264181226492 1.274288013577461 3.435347124934196 688.2844746112823 5.670783922076225 57.44021973013878 64.76812461018562 17.5686871856451 0.273929737508297 0.4632458835840225 0 0 0 0 0.1473623067140579 1.243237018585205 0 0 0 0 0 0 0 0.1017085239291191 51.56711037456989 0.1921396106481552 7.488712474703789 0 0 0 2.869501039385796 0.1768115758895874 0.8275766372680664 0 0 0 0 0 0 0 2.216054998338223 0 0 0 0.1549419164657593 7.150632500648499 0.3824469894170761 0 0 0 294.8513934910297 109.4670675322413 3.421328529715538 3.252335801720619 0 1.587140470743179 0 0.1605638712644577 0 0.1236623376607895 0 0.2669901251792908 0 0.1485489010810852 18.09859186410904 75.87520974874496 5.481289774179459 11.68273168057203 5.689237706363201 0.5200494080781937 0.7776412442326546 0.1440944522619247 0 5.221322819590569 0 1.17842635512352 0.6100168526172638 2.019255980849266 0.4908106997609138 0.4792883098125458 0 12.12838946282864 5.242470681667328 18.91741156578064 0.6448417752981186 9.19691464304924 0.1347939521074295 0.2529801279306412 0.1386421322822571 212.2329710423946 158.5263006389141 5.082276672124863 3.062642157077789 919.6242045462132 0 0 0 0 0 0.3226469457149506 0 0.6039123833179474 0.2187924683094025 0 0 1.06307278573513 0.4733069241046906 1.002021431922913 0 0 0 0 0 0 0 0 0 0 0 0 0 0 0 0 0 0 0 0 0 0 0 0 0 0.1792951077222824 0 0 0.8980342745780945 0 0 0 0 0 0 0 0 0 0 0 0 0 0 0 0.1331934481859207 0 0 0.6666802763938904 0 0 0 0 0.1832112669944763 0 0 0 0 0 0 0 0 0 0 0 0.161350816488266 0 0 0 0.350199967622757 0 0 0 0 0 0 0 0 0 0 0 0 0 0 0.4581030905246735 0 0 8.346676342189312 0.5396212488412857 4.075799271464348 2.849491618573666 563.860667809844 3.630706965923309 0.2008653581142426 0.4245896637439728 0.8807869851589203 0.1976037323474884 0.387852817773819 0 0 0 0 0 0.9027836322784424 0
980.6145534738898 975.4009714052081 283.0484113693237 209.6590746194124 5586.343377836049 243.2264181226492 0 20.28217008709908 1424.976786777377 1423.017379939556 640.7930271551013 220.583367228508 4932.438309617341 413.1886962577701 7.830973200500011 1.332891918718815 0.2044331356883049 0 0 0.1461565047502518 0.1364959925413132 0 0 0 0 0.3169464766979218 0 0.6791226640343666 0.2497141733765602 0 214.2351455315948 5.042895756661892 1.709487438201904 0 0 0 3.597809314727783 0 1.025626070797443 0.1053376048803329 0.7325428500771523 0.8039582297205925 0 0.1801737844944 0 0.128948763012886 139.1607135608792 2.086356565356255 0.4404695555567741 0.2716185376048088 1.068451374769211 0.4323765933513641 0 0.6212171390652657 2.726462095975876 7.812509186565876 31.83748055249453 127.6682652533054 17.74473855644464 49.79919224232435 0.2865447103977203 1.397510543465614 0 18.78478525578976 10.40702695399523 5.316990740597248 3.617238812148571 2.470165565609932 0.2374162226915359 0.3689756691455841 94.6871080994606 14.24793618917465 0.3170161992311478 100.4556102901697 88.2057585939765 46.42710191011429 17.85681982338428 1.283950746059418 0.09286440163850784 3.821933068335056 0 1.597289204597473 23.54475644975901 1.794261440634727 5.04244938492775 5.119623571634293 0.9895860254764557 0.7464964985847473 2.31231801956892 0.5525200441479683 0.7750237509608269 0.2378623858094215 0.5882721394300461 0.9009583815932274 1.374718889594078 352.822964027524 18.54560373723507 0 1.698499664664268 96.95449383556843 6.660581097006798 10.51891130208969 37.64645765721798 7.26086813211441 7.664646774530411 155.3567673265934 4.419072926044464 94.12118372321129 105.3586205095053 159.1527961790562 8.239147618412971 69.22134959697723 98.6842749863863 98.66997419297695 62.9770575016737 0 0.4432101845741272 0 0 0 0 0.1193701848387718 0 1.305594325065613 0.107583574950695 0 0 0 0 0 0 0 0 0 47.47360441088676 0.7989196926355362 0 0 0 4.763505265116692 0.8096862584352493 10.45344488322735 2.190361648797989 0 0.1050338223576546 0 0 1.073170900344849 0.4127782583236694 0 0 2.362021028995514 1.482986494898796 0 0 0 0 0 0.5216393321752548 0.9691833555698395 0 1.750233829021454 7.515476733446121 0.5673424005508423 0 0 37.69245682656765 1.317807018756866 0.8621270656585693 0.1240035444498062 0 0.1233946233987808 0.08941815048456192 0.3125690370798111 0 0 76.65358318388462 2.076299801468849 0 0.1151566952466965 0.239550456404686 27.72948887944221 23.09376861155033 19.08884838223457 3.272666960954666 1.848072171211243 0.7700822800397873 1.887290239334106 0.4992497861385345 0.7707894742488861 0.1184407994151115 0 0.1305176466703415 0.2085458263754845 0.1532467007637024 0 0.1407954841852188 52.1441902667284 18.65447907149792 7.947756305336952 283.1075575947762 60.13419352471828 430.8476975932717 97.44515057653189 592.3527726605535 68.45887734740973 8.370673388242722 60.98933548480272 7.216758117079735 0.8812735676765442 20.19504623115063 3.297476388514042 25.0529211461544 4.709710121154785 3.825137257575989 2.113378018140793 5.301531076431274 0
116.8276030570269 362.5747614353895 4377.938427232206 0.3298369646072388 253.7950837016106 1.274288013577461 20.28217008709908 0 559.0717031881213 2.9747274518013 3002.542214728892 14.33330827951431 205.5891383439302 741.4464369416237 86.92593175917864 28.14491018652916 2.202382400631905 3.920497819781303 0 20.78821115940809 62.47297259420156 1.681128740310669 0.344542384147644 0.3736224323511124 15.68579943478107 30.33269670605659 1.12438753247261 5.938523411750793 2.548554643988609 1.267601780593395 1052.89079721272 2234.876909531653 65.26062720268965 0.4731721580028534 0.3104220032691956 13.01125226914883 32.88377572596073 10.23276524245739 6.652236856520176 16.96117193996906 24.07133387774229 33.26185072958469 8.26594527810812 3.036179907619953 0.745481088757515 4.422005370259285 398.5529844239354 4.07317865639925 3.51462733745575 5.781959973275661 31.49858550727367 5.371369145810604 0 4.048522457480431 2.110659323632717 7.714856117963791 21.59205356240273 151.9428295865655 8.855746872723103 55.06538663059473 7.506425030529499 10.18198543787003 8.203962594270706 335.0654221326113 8.776146791875362 5.275788396596909 5.472858659923077 9.576722823083401 10.40305196493864 46.76380186527967 61.48703211545944 16.66824370622635 0.2465600967407227 57.48821733891964 104.6707183793187 124.5907043740153 218.3464009687304 221.1235713586211 94.0795631930232 2356.144598297775 45.70485857129097 1416.811510786414 21.58362589031458 0.7126865833997726 4.247423253953457 3.764495946466923 4.878255777060986 0.1822889000177383 1.955445431172848 0.2018127888441086 2.325545832514763 1.643564134836197 75.99740330129862 34.97453980892897 4.646933533251286 70.83700403571129 23.58642055094242 0 2.41402879357338 42.01580266654491 0.4671919643878937 1.292724609375 1.321364253759384 0 0 5.88964407145977 0 1.958062574267387 3.585686430335045 1.990011930465698 0.6104918122291565 1.29738549888134 6.341066941618919 7.616739809513092 6.316913887858391 0.175274133682251 0.1514966487884521 0 0 0 0 0.7991290092468262 0 0.7164306044578552 1.576683968305588 0 0.1355292052030563 0.4457949995994568 1.068112157285213 0.1686883568763733 1.125335596501827 0.3082302659749985 1.678870186209679 0 4.290049895644188 0.6102071553468704 0 0 0.1791631877422333 3.528610303997993 0 2.123742446303368 0.9144172072410583 0.5101889073848724 1.190018087625504 0.8968055546283722 0 0 0 0 0.3989144563674927 1.184394806623459 1.629543468356133 0 0.175910472869873 0 0 0.5108810439705849 0.1047684028744698 0 0 0 0.8383756875991821 0 0 0 10.30852994322777 1.42386794090271 0 0.448770247399807 0 0 0.2079207301139832 0.1349876224994659 0 0.5230665802955627 14.93170218169689 2.315930172801018 0 0.538158617913723 0.2907893359661102 6.261230409145355 8.243265941739082 7.245214313268661 0.750129833817482 0.6233603954315186 0 0 0 0.1540288329124451 0.1099292933940887 0 0 0.1178214251995087 0.1973358392715454 0 0.6597974300384521 2.958898857235909 11.77683514356613 2.289153665304184 422.1697973236442 64.38593553006649 883.6030398905277 132.1472674608231 112.7634574770927 80.5179408043623 6.669395089149475 120.6835383921862 4.461701512336731 0.2105030119419098 3.117349907755852 1.045230351388454 3.860453993082047 0.3352692723274231 0.09205763787031174 0.8095422685146332 0.9154953509569168 0.4469597637653351
17.47981151938438 910.0713042840362 286.4526436179876 39.16405764222145 7679.954918794334 3.435347124934196 1424.976786777377 559.0717031881213 0 611.1235584020615 2790.316862285137 114.3175274282694 4981.784981690347 1679.931870557368 36.02665755152702 15.43695184588432 0.5622987747192383 0.160465270280838 0 1.434816896915436 0.9511139243841171 0 0 0 0.3382519781589508 1.050173871219158 0 0.2651106491684914 0.472861684858799 0 33.97048860788345 5.727458596229553 48.24987858533859 0 0 0.5241274237632751 18.64577193558216 0.1569168269634247 1.61796922981739 1.068064898252487 1.591057822108269 2.693718574941158 0.6304540857672691 0.9042813777923584 0 0.2284284979104996 146.7157006785274 0.7630883604288101 0.4200408533215523 0.3154844641685486 3.65673116594553 0.5047411248087883 0 0.3101327493786812 1.293191984295845 3.895397447049618 9.102310292422771 19.14518243074417 9.551008813083172 24.29983984678984 0.6208954453468323 1.198384955525398 0 7.889427721500397 4.398774862289429 3.352020844817162 2.114501595497131 1.547273173928261 0.2626793012022972 1.760614722967148 67.35533175617456 16.27051669359207 0.173864871263504 28.55116897076368 25.19931692630053 39.73807811737061 45.66568630188704 10.36914823949337 0 14.65863195806742 0.1335876882076263 0.5624563917517662 10.38831859081984 0.2172874063253403 2.00724433362484 3.167486570775509 0.8160961866378784 0 0.8778188452124596 0.1261642575263977 0.2989208102226257 0 2.813626445829868 3.659410156309605 1.284624986350536 375.9839158952236 25.19665188342333 0 0.8505168631672859 6.093736529350281 21.96517223119736 9.045245125889778 51.66026413440704 6.922385469079018 15.21889909356833 190.5188550800085 5.236506044864655 129.6965378671885 160.3490367233753 182.32154725492 5.411415636539459 83.62080340087414 144.8311689794064 154.1477757394314 95.5196321606636 0.6202522665262222 0.4726232588291168 0 0 0 0 0 0 0 0 0.1282381266355515 0 0.2104722708463669 0.1789716333150864 0.3022160232067108 0.2536347955465317 0.1537035405635834 0 0 43.58161731809378 0.550012469291687 0 0 0 17.59330444037914 0.2040869891643524 19.23399682343006 2.531779482960701 0.407509908080101 0 0 0 0.3837118446826935 0.1181659698486328 0.4636712968349457 0 2.358806580305099 1.817341104149818 0.7492757439613342 0.574594259262085 0 0 0.1252822279930115 0.4192304387688637 1.094174578785896 0.4104876965284348 5.520311236381531 14.15079785883427 0.2742910087108612 0 0 45.97282718867064 1.138993859291077 0 1.50139194726944 0 0.1340404450893402 0.1000601500272751 0.1952603310346603 0 0.3293713480234146 125.3206675499678 2.745196431875229 0 0 0.11209886521101 39.70757226645947 36.94001418352127 31.71105243265629 3.724508255720139 3.781526431441307 0.8412140607833862 0.8637101054191589 0 1.309133216738701 0 0 0 0.179062731564045 0.09936193376779556 0 0.4913925379514694 79.56501112878323 36.75612206757069 11.16949871182442 733.8813412263989 53.72094875574112 590.0269170403481 128.091005794704 170.2556365951896 88.77474699169397 4.57213719189167 172.1521814018488 10.58688069880009 2.217299371957779 22.93735632300377 4.539139397442341 33.11464102566242 4.008675768971443 3.80448666960001 2.597478464245796 1.943553991615772 1.000532731413841
1997.089082881808 1662.268878750503 58.23733562231064 1517.505492508411 725.2091626226902 688.2844746112823 1423.017379939556 2.9747274518013 611.1235584020615 0 11.56085396558046 1235.867343246937 3653.84073574841 772.0533171445131 3.791056618094444 2.252273455262184 0 0 0 0.165899470448494 0.5745909512042999 0.2976064234972 0 0 0 0.2908923327922821 0 0.9085287898778915 0.418159693479538 0 124.3075776845217 2.130839772522449 58.68091464042664 0 0 0 14.64006754755974 0 1.660253867506981 0 0 0.3199255764484406 0 0 0.1620018780231476 0 37.92445311695337 0.6890112906694412 0.5282037258148193 0.2492971569299698 0.5800990909337997 2.671855591237545 0 0.8972061276435852 0.5128778144717216 1.670538619160652 57.42888732254505 54.90986565500498 7.470603048801422 12.94424162060022 0 0.5114146620035172 0 2.696825549006462 2.843796968460083 0.7869290858507156 1.16512069106102 1.134617067873478 0.1573701351881027 0.4152223318815231 163.7984051331878 45.54790991544724 1.053462833166122 41.58394450694323 29.87359736859798 9.437711209058762 5.133391946554184 0 0 2.436356648802757 0 0.2595848441123962 5.636145174503326 1.09225144982338 2.021749265491962 2.474273517727852 0.1062454059720039 2.044155135750771 0.5547491759061813 5.599885553121567 0.9511281847953796 2.205749541521072 0.1559509783983231 1.1166001111269 1.014428794384003 1766.596287384629 89.17928875982761 0.1734724044799805 1.487187445163727 418.1575348973274 15.02278324961662 14.26211269199848 63.93102350831032 10.1354629099369 11.0493790358305 235.5660165548325 5.670871362090111 145.5994508862495 175.4903530329466 196.2645970880985 3.680231183767319 104.4572188556194 150.5214515924454 143.1882550865412 59.44761814177036 0 0.8104021698236465 0 0 0 0 0 0 0 0 0 0 0 0 0 0 0 0 0.1930480003356934 28.32839897274971 1.521886125206947 0 0 0 7.760303989052773 0.3058937788009644 6.957661971449852 2.090759471058846 0.2205098867416382 0 0 0 0 0 0 0 1.944346606731415 4.062116250395775 0.6865361928939819 0 0 0 0 0 1.300644159317017 0.2076952308416367 5.660103067755699 9.283372446894646 0.4307315051555634 0 0 38.30677916109562 0.6541735529899597 1.005503535270691 0.6077166199684143 0.5549286603927612 0 0 0 0 0 52.77483452856541 6.739075630903244 0 0 0.1805253177881241 17.87250965833664 20.9629744887352 24.41356489062309 6.267585217952728 1.420571118593216 0.5736368298530579 0 0 0.6104363203048706 0 0 0 0 0.5173335671424866 0 0 54.18371295928955 14.97349809110165 4.837826892733574 326.3472566902637 15.16168642789125 128.3551551923156 29.03967889398336 1459.569019339979 20.56269421428442 7.303209237754345 37.12227226048708 14.77645763754845 0.4212933257222176 18.01985701918602 9.027651280164719 57.96880277991295 3.199310123920441 5.827641725540161 1.837516695261002 15.35713598132133 0
259.3440092280507 2055.934793144464 4653.361410312355 0.493983194231987 2399.118454352021 5.670783922076225 640.7930271551013 3002.542214728892 2790.316862285137 11.56085396558046 0 161.6039774268866 3289.758802600205 5781.514556013048 135.5253836289048 66.96069190651178 1.641943238675594 5.16714433580637 0 11.03904337435961 15.1335504502058 9.201061114668846 0.2797308936715126 0.1368878930807114 21.92756929248571 16.62927881628275 1.233305707573891 9.10701696574688 5.421114586293697 0.8106300383806229 518.2050005197525 396.0997714549303 1888.824705295265 0.1313897222280502 0 15.1061853915453 477.0991256684065 18.94609791040421 45.77084144949913 34.42551279067993 9.322341926395893 37.38998774439096 5.731167480349541 6.682656854391098 0.1614678055047989 0.3445123508572578 396.9503994137049 2.244446627795696 4.127334289252758 4.856082104146481 38.1473026573658 6.562736637890339 0.1833864748477936 10.33168029785156 1.215275123715401 4.988095387816429 14.21224300563335 82.48158076405525 7.058522924780846 57.7550895139575 0.3264746516942978 55.52332177013159 1.424692362546921 52.61420400440693 6.287447936832905 6.083924315869808 5.816876903176308 7.970461927354336 3.072909146547318 19.9338663071394 511.8017472326756 59.21581204235554 0.8123238086700439 47.21196632832289 83.54776731878519 133.5157274603844 192.9527883306146 47.74045968055725 16.14291473478079 394.2458671703935 0.4090634882450104 28.52474322915077 20.81634975969791 0.1250277459621429 4.122596919536591 3.504484452307224 2.921286098659039 0 4.322855845093727 0 2.555790692567825 3.115387789905071 42.87821820378304 41.26593089103699 12.28175629675388 396.195920035243 77.18495917320251 0 18.62714678049088 44.49267197400331 7.039987541735172 3.840314984321594 8.120416358113289 1.984650909900665 2.136120453476906 29.53654795885086 0 15.35916356742382 20.29325439035892 21.05858932435513 1.103164732456207 10.49358652532101 19.84490278363228 24.87198784947395 26.61931805312634 0.1789113432168961 0.2873018383979797 0 0.4943901300430298 0 0 0.698545441031456 0 1.25773349404335 2.51710120588541 0.3592457473278046 0 0.6348975598812103 0.8495609015226364 0.4830413460731506 1.187934398651123 0.8772419393062592 1.611046940088272 0.1317696124315262 14.26266641914845 1.420257449150085 0 0.5143006443977356 0.1478377878665924 11.77417966723442 0.2785366028547287 8.900785833597183 2.45631168782711 1.815587468445301 1.452792674303055 0.2812422215938568 0.1838471591472626 0 0.3155125677585602 1.411672651767731 0.1209591329097748 2.188930779695511 1.963160574436188 0.1730703413486481 0 0 0.4232083559036255 1.962195791304111 0 0.6940854787826538 0.1505588293075562 1.059187799692154 2.227531731128693 0.432597428560257 0.1565010994672775 1.929304674267769 26.17440684139729 1.928978890180588 0.6461316347122192 0.3312588185071945 0 0.1493758410215378 0 0.2873334288597107 0 0.699387863278389 41.56113628298044 13.85691006481647 0 0 0.7941872999072075 18.09118647128344 24.06012228131294 22.67512430250645 0.8097600638866425 0.1700885146856308 0.2282515913248062 0.1640799343585968 0 0.1171081587672234 0.3808672800660133 0 0 0 0.2515193000435829 0 0.179267480969429 15.41820466518402 23.90095280110836 8.072927370667458 798.2260625958443 84.70035786181688 1005.939933337271 188.9093583375216 144.0040287971497 111.0495164245367 7.57126297801733 224.798222348094 14.20043741166592 1.192621953785419 13.8202552869916 3.129606992006302 8.65756893157959 1.394273012876511 0 2.634942889213562 3.117489241063595 2.567161232233047
295.6576597690582 113.2583058476448 15.58072726428509 108.7001575082541 65.56451833248138 57.44021973013878 220.583367228508 14.33330827951431 114.3175274282694 1235.867343246937 161.6039774268866 0 2206.104390501976 757.978640884161 18.9615975767374 11.09557470679283 0.6190110296010971 0.4551122784614563 0 0.613881453871727 0.5709094852209091 0 0 0 0.3517592549324036 1.308973357081413 0 1.964162826538086 3.326128616929054 0 19.63190105557442 0.2688539922237396 118.8952056542039 0 0 0 321.3724491521716 0.3978036046028137 15.52696727216244 7.150888204574585 1.042869031429291 2.048860371112823 0.4607311338186264 1.184943005442619 0 0 27.34127358347178 0.1638680100440979 0.5845777094364166 0.6912662163376808 4.535040944814682 0.3324372321367264 0 2.068962037563324 0 0.3437394946813583 17.71841185539961 4.998781226575375 0.1121130511164665 1.762866042554379 0.9061499238014221 2.255007743835449 0 6.700902819633484 0.3557851016521454 0.2960658594965935 0.764344610273838 1.065330095589161 0.7866485118865967 0.8034974932670593 516.8384353369474 99.10269269347191 0.4068645536899567 4.809194967150688 8.514199212193489 11.38853028416634 16.86556179076433 7.122297540307045 0.6143015027046204 22.91527432203293 0 1.173283115029335 0.4150573834776878 0 0.1895042657852173 0.470019169151783 0.2588297426700592 0.1384137123823166 0.2420030832290649 0.2052727788686752 0.1053231880068779 0.6293207854032516 4.124103546142578 1.765517391264439 0.6390231549739838 2005.707610055804 128.9383878409863 0 10.61696541309357 96.99981188774109 6.805979296565056 5.485448390245438 19.50709080696106 3.431518286466599 4.829970598220825 95.7327016890049 0.6288819164037704 60.64510271698236 78.15238924324512 69.59918405115604 2.295459434390068 59.42433550953865 80.87634643912315 80.34152437746525 39.31627576053143 0.3080494403839111 0 0 0 0 0 0 0 0 0.6283652782440186 0 0 0 0 0 0.6179280132055283 0.1232457906007767 0 0 14.71019062399864 0.9448109865188599 0.2264592498540878 0 0.2396471351385117 6.779854595661163 0.2479760199785233 6.33274644613266 1.118639066815376 0.5340667217969894 0 0 0 0.7709486484527588 0 0.2468695491552353 0 0.2046056687831879 0.9578642025589943 0 0 0 0 0 0 0.2420423179864883 0 1.11030176281929 5.74333530664444 0 0 0 19.95129007101059 1.762426257133484 0 0.2841358780860901 0 0 0 0 0 0 42.98349393904209 4.671433374285698 0 0 0.7314383238554001 14.16949942708015 11.84733764827251 13.34678643941879 0.7746196389198303 1.563066065311432 0 0 0 0.1681158393621445 0 0 0 0 0 0.2303559929132462 0 43.02873699367046 22.46670937538147 6.488737255334854 284.192862726748 16.79418731480837 95.38307183235884 26.81695242226124 356.4811267107725 9.229425169527531 0.5317630097270012 50.45336040854454 6.700602874159813 0.09510317444801331 9.28448648750782 0.2689751088619232 16.38695822656155 1.5522740483284 2.606399208307266 0.5381596684455872 2.68165148794651 0.2506602108478546
291.7498686909676 1818.053561218083 78.12471941113472 503.2949215471745 1787.40748859942 64.76812461018562 4932.438309617341 205.5891383439302 4981.784981690347 3653.84073574841 3289.758802600205 2206.104390501976 0 2645.073973402381 61.78000740706921 37.69314409047365 0.8740009814500809 0.5529547855257988 0 2.946122862398624 3.84020970761776 0.3760573118925095 0 0 0.7267220914363861 2.304218329489231 0.07440786808729172 0.7978913933038712 0.2049340307712555 0.1062746867537498 19.04286435246468 1.781880304217339 42.15853015333414 0 0.1175730973482132 0.6711513474583626 29.36956961452961 0.1468931138515472 3.897582620382309 1.709470018744469 3.411595664918423 5.454402163624763 1.114565975964069 2.364916816353798 0 0.1487739533185959 119.0459598451853 0.8023129925131798 0.8733466267585754 0.7347910180687904 7.042163453996181 0.8444066718220711 0 1.989876441657543 0.2720988616347313 2.075396999716759 12.3834442794323 16.11422457545996 5.834688849747181 17.96550403535366 0 0.4929149895906448 0 7.135899752378464 2.374050885438919 2.031886301934719 1.819475471973419 1.842529848217964 1.593359097838402 5.499865137040615 411.98357398808 34.67316479980946 0.5076993107795715 17.25348431617022 25.59248522669077 44.24248426407576 74.1226567029953 18.62546692043543 0.2200044244527817 8.973933443427086 1.073402523994446 0.682413637638092 5.769934788346291 0.4452487975358963 0.8393401801586151 0.9799147099256516 1.118864022195339 0.1067187711596489 1.170059703290462 1.507138103246689 1.302890069782734 0.2297748923301697 7.712915651500225 4.801938034594059 2.851303674280643 1908.003230258822 41.3743003308773 0 2.305283665657043 62.44438861310482 11.39995436370373 9.479248717427254 51.63791792094707 15.87508597970009 16.62548611313105 256.9703393131495 5.792223647236824 177.3643742725253 231.5633649379015 238.9550383090973 11.22887046635151 131.2196885049343 199.6388017833233 193.2443757802248 97.78375142812729 1.39855594933033 0.1466215848922729 0.1629002541303635 0 0 0 0 0 0 0.1215429157018661 0.1490067541599274 0 0 0 0 0 0 0 0 39.73716147989035 1.136858135461807 0 0 0 12.65458662807941 0 17.22453969717026 1.655893638730049 0.2532967329025269 0.1391471028327942 0.2155604511499405 0 0.1503162980079651 0.5514520108699799 0.2252798974514008 0 0.4913910552859306 2.825599431991577 0 0 0.1283593326807022 0 0.2775633335113525 0.139290988445282 0 0.09279035031795502 1.236482977867126 8.637607559561729 0.9254008829593658 0 0 35.38973261415958 0.79302117228508 0 0.668811172246933 0.1036995053291321 0 0.3272787183523178 0.2648428380489349 0 0 135.1320591568947 8.098325610160828 0 0 0.1533084809780121 29.14675556123257 21.24180676043034 29.33665278553963 4.17798425257206 1.17811530828476 0.7443713992834091 0.9870647490024567 0.9167752712965012 0.5816328674554825 0.1690054684877396 0 0 0.2159244865179062 0.1305473446846008 0 0.5577386915683746 134.9278838187456 34.99226479232311 9.720544293522835 752.4660352766514 60.30845360457897 359.5996529906988 112.2655546143651 346.1332506164908 57.77938378602266 4.705521285533905 189.5598616227508 14.84249920397997 3.355845063924789 20.15666205435991 4.324487529695034 34.42637142539024 1.780790716409683 0.859325647354126 3.370000779628754 14.27786661684513 1.048365771770477
