0 2987.368836000562 291.670713365078 2421.401538990438 795.3067998066545 94.99134781956673 276.7668847665191 62.42805916070938 200.9882577583194 1183.032263875008 354.7378038465977 64.2098718136549 170.3376764133573 77.18178844451904 0.4673247933387756 0.1601917594671249 0 0 0 0 0 0.3789214640855789 0 0 0 0.1772283762693405 0 0 0 0.1036088541150093 266.1256272792816 1.182740449905396 6.241718962788582 0 0 0.1427220404148102 14.71179550886154 0.1174811944365501 0.5536776930093765 0.1251855194568634 0 0.8609623312950134 0.1298365592956543 0.3857526928186417 0 0 22.40400117635727 5.696141049265862 0 0.1394929438829422 1.740436121821404 2.732143297791481 0 0 3.623948462307453 13.77207078039646 846.9657639786601 1459.239478953183 13.60750935226679 18.77633139491081 0.1677901148796082 1.60952453315258 0 10.08643986284733 24.02390764653683 6.560013920068741 3.372588261961937 6.236051104962826 0 0.2735271155834198 92.71615527570248 94.61131380498409 0.5037158131599426 1012.494187325239 103.0191953778267 11.03681094944477 7.328179687261581 0.3851265460252762 0 7.649028539657593 0.1771684587001801 4.053202539682388 40.90473116934299 0.4917169660329819 3.128533378243446 11.78115860372782 1.364240601658821 1.838106885552406 4.601606130599976 1.257796958088875 1.265872657299042 0.6841181516647339 0.1358666718006134 0 0.3902640044689178 449.5255086272955 75.82445842027664 12.6093811839819 3.096329972147942 1740.203972294927 0 0 0 0 0 0.6081852316856384 0 0 0.6938203573226929 0 0 3.979408383369446 1.027603805065155 4.034991130232811 1.190658926963806 0.2766294628381729 0 0 0 0 0 0 0 0 0 0 0 0 0 0 0 0.1655152440071106 0.4043489396572113 0 0.7686668336391449 0 0 0 0 3.356233820319176 0 2.580130696296692 2.019921720027924 0.5386268943548203 0 0 0 0 0 0 0 0 0 0 0 0 1.195920661091805 0 0 0 0.1371362656354904 0 0 0 0 0 2.950332224369049 0 0 0 0.1424749195575714 0 0 0.1218663901090622 0 0 6.153116159141064 1.445483133196831 0 0.1855738162994385 0 0 0.6186542809009552 0.9873104393482208 0.1334349811077118 0 0 0 0 0 0 0 0 0.2783957421779633 0 0 0 1.191622674465179 2.374936878681183 3.050798013806343 406.509581707418 25.3989857211709 157.7170217186213 24.34031726419926 1464.636739954352 63.35718258470297 4.161959983408451 15.03153297305107 2.960465103387833 0 0 0 2.682068079710007 0.8838822841644287 0 0.29375159740448 0 0
2987.368836000562 0 1919.796002544463 1362.17100609839 6077.802895754576 101.0022761970758 6567.709014490247 300.9010841026902 3248.756734222174 383.3076566755772 1338.531764738262 35.70299632102251 798.190699107945 571.9081000313163 11.54444518685341 2.764243021607399 0.6289244964718819 0.215316615998745 0.2668631598353386 0.3658392429351807 1.458843849599361 0 0.5616412684321404 0.4361004382371902 1.404247939586639 0.7920112833380699 0.9636776298284531 0.6013307422399521 0 0 3914.017615288496 43.60262168198824 53.20375947654247 0.1242585256695747 0.4785571545362473 0.4182115644216537 49.72852056473494 1.350242987275124 3.956433840095997 2.968892827630043 3.219720564782619 1.681710734963417 0.5061319023370743 2.100390203297138 0 0.7239395976066589 155.1525311246514 24.96260554343462 1.38727106153965 2.106463015079498 4.171024024486542 0.6447572857141495 0 0.3964948356151581 11.78248549252748 20.32900542020798 185.2169166654348 1286.540828622878 6.775309100747108 87.41528093069792 3.973624557256699 4.94502530246973 0.1293314844369888 270.5916427150369 46.8779716566205 18.62053637951612 10.42580015957355 27.80850882828236 1.573350496590137 6.602027215063572 27.87433054298162 0 0 826.831107147038 272.2738915681839 142.0499668642879 118.3238891884685 11.32023392617702 1.678926952183247 90.96564005315304 2.88210840523243 12.64257603883743 78.1125717535615 0.2701725587248802 10.70097771286964 30.21811973303556 6.348661281168461 0.1021200269460678 9.715278707444668 0.581564761698246 2.62806810438633 1.385747194290161 1.314700067043304 2.155305877327919 1.646775983273983 23.58038583397865 0 0 0.979089193046093 1507.186071880162 0 0 0.1770352572202682 0 0.1946205645799637 2.135704159736633 0.4961965084075928 0 1.311300575733185 1.048552095890045 0 4.2756727039814 1.954203128814697 4.189023017883301 8.46784233301878 0 0.2546068727970123 0 0 0 0 0 0 0 0 0 0 0 0 0.1248693466186523 0 0 0 0.1138570532202721 0.3328307420015335 1.014989674091339 0 0 0 8.187881462275982 0 6.586450427770615 0.7016809582710266 0.4307500049471855 0 0 0 0 0 0 0 1.576146453619003 0 0.2633594274520874 0 0.1613518893718719 0 0.7305730506777763 0.1136509329080582 0 0 0 0 0 0 0 3.170604959130287 0 0 0 0 0 0.2552884295582771 0 0 0.2291956543922424 23.342010602355 0 0 0.382004052400589 0 0.7873980402946472 0 0 0 0.9696590602397919 0 0.1255546659231186 0.1350172162055969 0.1163887232542038 0 0.5049331858754158 0.09870432317256927 0.2595265135169029 0.5170488655567169 0 0 6.222903817892075 1.792162969708443 4.904087156057358 216.757708914578 76.88079714030027 385.2351588606834 41.41718748956919 737.769903101027 41.18599965423346 8.571789100766182 41.54446026682854 2.747403115034103 0.08540169894695282 0.3228000998497009 0 1.806079715490341 0 0 0.1969947814941406 1.845476098358631 0.4956269860267639
291.670713365078 1919.796002544463 0 70.80395988374949 867.7915769517422 3.724829584360123 302.5172308459878 2635.06259046495 1288.840880565345 18.08971542865038 2654.318905681372 8.761595189571381 238.0153457447886 882.6389646828175 54.42500448226929 45.56310307979584 8.998494669795036 9.994125574827194 1.119681224226952 40.74164865911007 109.0082381516695 0.3886138051748276 137.7312610670924 45.73141174763441 48.2457434758544 5.057295799255371 45.71425645053387 2.201714843511581 0.7446979358792305 1.722095243632793 5415.770699314773 609.0827890485525 234.3746167942882 21.89106783270836 95.55764509737492 34.27908146381378 236.6291535943747 42.57145448029041 45.12381296604872 41.90867345035076 173.8598723113537 23.5501586124301 40.94412168860435 19.65740220993757 6.28593897074461 13.57723812013865 170.1288545578718 16.95462612807751 6.105286411941051 57.19217240065336 37.92591252177954 0.8455660492181778 2.28244686871767 4.083474114537239 3.591708473861217 8.042108260095119 70.2656367868185 1221.234439015388 1.440362326800823 47.57595574855804 234.5119048953056 68.91612727940083 45.40015687793493 2472.023389220238 19.2687239125371 43.5242470651865 27.5963388979435 68.60812710225582 114.8614614754915 630.600622355938 69.25183190405369 3.005951642990112 0 318.5108217671514 237.7451865747571 186.3768599778414 321.343272767961 370.0086441412568 855.5236369520426 1900.958529174328 534.5314410254359 2082.551459215581 29.41585164517164 0.1242843270301819 10.37715370208025 17.20902942121029 47.24916413426399 0.153062641620636 7.85384725779295 0.3372798785567284 6.357607454061508 1.096122115850449 109.4247246310115 24.53230312466621 7.284280359745026 6.080938309431076 0.2796531021595001 0 3.550150081515312 276.0297531411052 0.5326252579689026 0 0 0.2175732105970383 0 0.8713821917772293 0 0 0.1659337133169174 0.7052326053380966 0.193097859621048 2.327001437544823 0.3833023458719254 3.747263416647911 4.590652495622635 0.1314749270677567 0.1606204211711884 0.2115892469882965 0.6730807423591614 0 0 0 0.3025686144828796 0 0 0 0 0 0 0.1500799357891083 0.2825057357549667 1.196344256401062 0.5360910296440125 0.2461951673030853 1.18806004524231 0 0 0 0 12.23596325516701 0 9.936632558703423 5.623369783163071 3.639336101710796 0 0.256563276052475 0.1391697973012924 0.3613365888595581 0.1915264129638672 0 0 0.3383274972438812 0.7631776332855225 0.1204118430614471 0.1428958922624588 1.421781823039055 1.72298364341259 0.1574441343545914 0 0 0.1038604229688644 0 0 0 0 0 7.307171359658241 0.3149500787258148 0.250061959028244 0.1496909707784653 0 0.4360058456659317 1.382282637059689 0.114047572016716 0 0.8873966261744499 15.10993517190218 0 0.1431525647640228 0.4521231204271317 1.566726982593536 0.3252019584178925 0 0.6550659239292145 1.465187162160873 0.96169114112854 0.3894906640052795 0 0 0.5618522167205811 0 0 0.1310406625270844 0.6096742376685143 0.9523029178380966 0.6834808886051178 0 5.369636461138725 5.678266569972038 10.6245624050498 156.041390247643 49.25193309783936 315.3126331716776 61.97930883616209 52.40808784216642 31.55215200781822 7.454593054950237 80.67758397012949 2.530345395207405 1.383870370686054 2.73046887665987 0.3023563176393509 4.779006659984589 0.1577544212341309 0 1.333384737372398 6.041045159101486 1.946124278008938
2421.401538990438 1362.17100609839 70.80395988374949 0 236.1139802187681 586.5127539038658 1104.403741307557 10.19869977980852 66.85275439172983 2487.235235080123 67.92166005074978 427.4199390262365 1433.757569469512 36.03433801978827 3.578261084854603 0.5480578318238258 0.4991516321897507 0.3026776015758514 0.1159491315484047 0.2368226945400238 0.3225576132535934 0.1335902810096741 0.1214100643992424 0.2635827958583832 0.1075102165341377 0.2875697091221809 0.1150081902742386 0.2295625135302544 0.3382210806012154 0 230.7145691663027 8.218674898147583 2.017821311950684 0 0 0 0.7925851941108704 0.3791910856962204 1.043514020740986 0.7527952492237091 0.1432715654373169 0 0.4719626903533936 0.2755338624119759 0 0.2839178591966629 72.35834542661905 15.49689938127995 0.5454197898507118 1.02067681401968 2.522736765444279 0 0 0.3511269241571426 8.117821596562862 15.08942982554436 61.36366131901741 308.7906902879477 3.360869564116001 49.77321299910545 0.7314087823033333 0.2123273611068726 0 82.03860038518906 32.41010040789843 11.57815323770046 5.759264722466469 16.72659260779619 0.3186762556433678 1.491643287241459 1.852635972201824 0 0 408.8953104317188 128.6152263656259 64.88854406028986 38.6782256141305 0.6861289143562317 0.7923344075679779 2.889964051544666 1.921804666519165 2.632676959037781 54.79275113344193 0.4230187460780144 9.708845518529415 22.6388383731246 5.767443910241127 0.2645241245627403 7.604104489088058 0.1315835863351822 1.707633413374424 0.6677810326218605 0 0 0.194841668009758 86.25450505316257 0 0 0.2491120472550392 337.2897194251418 0 1.073273181915283 0 1.164686694741249 0 3.550718754529953 0.9492003619670868 1.592866748571396 3.476415902376175 3.62511357665062 0 10.0963571369648 5.08237312734127 10.37151654064655 6.716898083686829 0 0 0 0 0 0 0 0 0 0 0 0 0 0 0 0 0 0 0 0.4348353743553162 0.2707008123397827 0 0 0 6.615679681301117 0 3.685694187879562 1.0614053606987 0.8893744498491287 0 0 0 0 0 0 0 0.1983421295881271 0.4585506021976471 0.1142686828970909 0 0.3667263686656952 0.2683921456336975 0 0 0 0 0 0 0 0 0 1.231526017189026 0.2408213764429092 0 0 0 0 0.09855937957763672 0.4991491883993149 0 0 13.44386252760887 0 0 0 0 0.5893604755401611 0 0.4281076639890671 0.2510411441326141 0.5928369164466858 0.3698774725198746 0 0 0 0 0 0 0.1462849825620651 0.09378492832183838 0.1081862524151802 0 8.385664999485016 0.2534645795822144 0.8401133492588997 267.7498714774847 42.89949793368578 212.6935791298747 17.730309471488 1078.235128194094 16.7580531090498 3.689240351319313 14.24365332722664 2.658085495233536 0.1024433448910713 0.1472819000482559 0 2.296788245439529 0 0 0 1.191322766244411 0.1989096999168396
795.3067998066545 6077.802895754576 867.7915769517422 236.1139802187681 0 17.08828588575125 3882.041121020913 44.89570441842079 10279.13088749349 173.9350530430675 1202.687278434634 42.41319650411606 1053.965927809477 417.6819281056523 21.08975947648287 1.329573348164558 1.916492536664009 0.5543942078948021 0.2554120868444443 0.7140487357974052 0.715636357665062 0 0.8078889772295952 0.5024325549602509 0.3421963825821877 0.5622033774852753 0.1741791963577271 0.4784598052501678 0.10699862241745 0.2514423131942749 538.3989842757583 56.44321533292532 12.97194527089596 0.1362824887037277 0.1077225282788277 0.147938147187233 21.04671863466501 1.059806138277054 5.561317659914494 2.158104956150055 1.305177092552185 1.73700474947691 0.8385503441095352 1.616037249565125 0 0.3217646405100822 249.5952062830329 23.01768513023853 1.312644593417645 1.560391023755074 4.491934068500996 0.08033694326877594 0.1050117164850235 0.8721983209252357 5.062206648290157 13.19957306236029 30.2389173656702 217.6092493310571 3.138068854808807 99.926862642169 3.101730093359947 2.95006887614727 0.09925591200590134 232.9815034642816 35.66795618087053 14.42637029290199 7.502131231129169 23.33640345185995 1.667790032923222 7.332155056297779 50.94273759424686 0.6665974110364914 0 277.0688673630357 176.9442806839943 222.3753703534603 156.2331439703703 9.340714029967785 1.19237258285284 8.441122032701969 2.265693053603172 10.26529388129711 53.52615857869387 0.2604912295937538 10.52349495142698 24.81843351572752 6.381914682686329 0.5436990633606911 8.446665726602077 0.2294366210699081 2.608335047960281 1.338481180369854 1.498634651303291 1.618808850646019 1.933572798967361 71.16592919826508 0 0 0 99.03150292485952 0.1369768381118774 0 0.1372848898172379 0 0.1831785440444946 4.242631986737251 0 0.4387676417827606 3.176932737231255 3.680498078465462 0.6226886212825775 13.96755962073803 11.42268764972687 30.49521574378014 15.49675656855106 0.3660176992416382 0.2138878852128983 0 0 0 0 0 0 0 0 0 0 0 0 0 0 0.1994372457265854 0 0 2.1678227186203 0.6415848731994629 0 0 0 31.2175901606679 0 15.39376610517502 1.94684237241745 0.5725557208061218 0 0 0 0 0.1587197035551071 0 0 0.4421105980873108 0.7856375724077225 0.6947821825742722 0 0 0 0 0 0 0 0 1.085035532712936 0 0 0 8.840895287692547 0 0 0.2582617700099945 0 0.2383157536387444 0 0 0.4530726373195648 0.332712322473526 63.26913199573755 0 0 0.1671310663223267 0.1579410433769226 1.807329662144184 0 0.1545839160680771 1.353509947657585 0.7966946959495544 0 0 0.1243920177221298 0 0 0.1108071357011795 0 0.4471548199653625 0.347082182765007 0 0 26.00189200788736 6.453974083065987 10.6966944038868 194.7587890923023 79.84275606274605 441.5818724781275 54.6948067471385 101.2184769362211 51.28186319023371 11.09955637902021 73.11027286946774 2.10792975127697 0.5482809990644455 3.402048476040363 0 2.664084762334824 0 0.1053495332598686 0.7603414356708527 1.861603394150734 0.7149784713983536
94.99134781956673 101.0022761970758 3.724829584360123 586.5127539038658 17.08828588575125 0 127.5961967259645 0.679388165473938 33.24544204771519 1115.648150339723 11.42027968168259 196.2292210906744 314.5354944765568 35.07859614491463 0 0 0 0 0 0 0 0 0 0 0 0 0.368929535150528 0 0 0 1.379299402236938 0 1.523795574903488 0 0 0 10.78231334686279 0 2.576491206884384 0 0 0 0 0 0 0 1.264971308410168 0.760261058807373 0 0 0 5.315253540873528 0.2562175095081329 0 0.851196825504303 1.049640476703644 394.2606582716107 44.3219508305192 3.970019921660423 0.8935101926326752 0 0.2601188719272614 0 0.6416288018226624 0 0 0 0.6233142018318176 0 0 111.2865807563066 268.5998672693968 8.734264552593231 19.02859182655811 1.23810088634491 0.5657045021653175 0.1300910711288452 0.1707637459039688 0 1.139190971851349 0 0 0.4830210357904434 0.9684274941682816 0 1.168656066060066 0.3775998800992966 8.972357645630836 2.852117657661438 1.574047237634659 0 1.324347048997879 0 0.152753546833992 0.0973232239484787 158.6387257874012 128.1351260989904 41.18574586510658 8.057089895009995 538.5014691501856 0 0 0 0 0 0 0 0 0 0 0 0 0 0.9287687838077545 0.5596470236778259 0.7472029328346252 0 0.1432336419820786 0 0 0 0 0 0 0 0.6374996304512024 0 0 0 0 0.167495995759964 1.542433887720108 1.076555997133255 0 0.6419491171836853 0.1865673512220383 0 0 0 3.028609827160835 0.3649663329124451 5.19735498726368 4.966167882084846 0.3302614092826843 0 0 0 0 0 0 0 0 0 0 0 0 2.810286924242973 0 0.1505788564682007 0 0.1214615255594254 0 0 0 0 0 2.67180335521698 0 0 0 0 0 0 0 0 0 3.74378328025341 11.94532844424248 0 0 0 0 0 0.9633161425590515 0.3942784070968628 0 0.2076729834079742 0.1643190383911133 0 0 0 0 0 0 0 0 0 4.844022154808044 7.570458889007568 10.33663542568684 22.25191631913185 1.447054997086525 5.028774753212929 0.9506661891937256 408.8321022540331 3.87905316054821 0.2009052187204361 0.428368553519249 1.540469795465469 0.3936280012130737 1.173301532864571 0.2453723847866058 2.208026349544525 0 0 0.2040020376443863 0 0
276.7668847665191 6567.709014490247 302.5172308459878 1104.403741307557 3882.041121020913 127.5961967259645 0 20.24314574152231 1499.914649158716 2909.283149026334 323.3993704169989 204.2027282044291 3147.586250975728 338.759598121047 39.0659706145525 6.490018717944622 1.116885334253311 0.4536106139421463 0.1061109751462936 0.8515565320849419 1.298612281680107 0.4819829165935516 0.278637707233429 0.7108791247010231 1.015836805105209 1.422617226839066 1.15721283853054 1.740851163864136 0.6874727979302406 0.1579143702983856 363.8420091867447 71.49250230193138 46.230245269835 0.07954026758670807 0.2712238729000092 0.1344214081764221 50.46987613290548 1.805592812597752 7.021892316639423 2.945349022746086 1.811349473893642 3.043428681790829 1.38257297873497 3.695408880710602 0 2.234129421412945 459.0227406919003 40.41912759840488 1.195422232151031 3.058156490325928 7.475708305835724 0.9419088587164879 0.7790014743804932 1.461721748113632 9.295362129807472 23.52996780723333 43.27953124791384 291.4994719177485 8.037868238985538 189.5241054147482 4.853358179330826 7.453956551849842 0.4305907189846039 358.556925714016 63.93675577640533 25.33403114974499 17.0938363969326 40.12458510696888 2.550061851739883 9.914472468197346 145.7890607640147 4.668557479977608 0.1479568183422089 511.6418127864599 333.0866850987077 411.8625130057335 275.0864400714636 24.92003954946995 2.524702571332455 32.83413270115852 7.032450199127197 17.98883957415819 112.3845893740654 0.2987377941608429 18.4193291887641 39.00730825215578 11.45557331293821 0.338799960911274 14.10160128772259 0.2938628643751144 5.767934650182724 2.93307913094759 2.947832770645618 2.884173139929771 5.211028225719929 477.8697318956256 0.6485693454742432 0.2170137017965317 1.203789174556732 74.82513552159071 0.5039018243551254 0.6284367740154266 1.351170137524605 0.120575837790966 4.587163329124451 16.65860906243324 2.236765414476395 5.878210850059986 10.91558568179607 26.83614255487919 7.445084288716316 77.41240369528532 29.96246726810932 125.7183859348297 70.64434010535479 0.4760670363903046 0.3739435523748398 0 0.5078039169311523 0 0 0 0 0 0 0.2117509841918945 0 0 0 0 0.1546514928340912 0.3574478477239609 0 0 11.29024508595467 3.874797150492668 0 0 0 127.402513563633 0.1903530806303024 54.65756437927485 4.82120206207037 0.5998595505952835 0.3130457103252411 0 0.1772842854261398 0 0.2246739715337753 0 0 3.969943478703499 4.922995254397392 0.6142583638429642 0 0.2180013358592987 0.5187203586101532 0.1981270462274551 0.1190377622842789 0.3646301925182343 0.1196449473500252 0.4507086724042892 2.504754044115543 0.1985217332839966 0 0.1811537891626358 29.70993030816317 1.204686984419823 0.4013153091073036 0.1791825443506241 0 0.3925291895866394 0.9389606565237045 0.2186486274003983 0 0.117070272564888 259.6330004781485 0.3927981406450272 0.1259928047657013 0.3323885649442673 0.437760978937149 5.599291421473026 0.3070037066936493 0.6351560205221176 5.09900189936161 1.937632083892822 2.724334925413132 1.044506266713142 0.7548717856407166 0.4595873281359673 0 0.173626109957695 0.1525826007127762 0.9971012026071548 0.2418848723173141 0.4038489460945129 0 118.1554248556495 14.27848853170872 40.05419934540987 526.9373613744974 150.4041312858462 910.0977330245078 112.8660939186811 296.2392286807299 116.5236702859402 16.49912565946579 184.8840902000666 7.726534903049469 1.577337339520454 9.06248813867569 0.6563691645860672 10.84784661233425 0.9468714222311974 0 0.82842006534338 9.169334575533867 0.6426663100719452
62.42805916070938 300.9010841026902 2635.06259046495 10.19869977980852 44.89570441842079 0.679388165473938 20.24314574152231 0 214.3056174442172 2.047132804989815 2927.735793881118 4.916892006993294 110.5307668894529 939.3217348456383 50.41854126751423 46.42641992121935 6.057238712906837 3.335535913705826 0.203841894865036 9.848055124282837 51.37871354818344 0 80.31291402876377 28.52450251579285 45.15282049775124 2.68868251144886 48.74263592809439 2.352942019701004 0.4554608166217804 1.943311311304569 652.9401806071401 1795.655144840479 318.4720849990845 6.717929936945438 55.42704547196627 32.10577070713043 308.9035240039229 104.8383107483387 48.79639226943254 68.23028805851936 122.4670113474131 14.36321871727705 7.008550330996513 26.21086446940899 2.337326467037201 9.034987844526768 161.7619030475616 7.705110527575016 3.236967645585537 14.49201129376888 25.58303788304329 0.3335840255022049 0.7416110038757324 1.208630837500095 2.20870029181242 5.471938826143742 15.664651080966 167.0401710122824 4.074755802750587 39.69897319376469 162.6754461824894 147.9875392094254 23.31120647490025 533.9104220122099 9.321577623486519 8.744622424244881 9.729237891733646 25.92975366860628 42.46680979430676 231.8803000226617 84.8043169900775 1.609535366296768 0 128.2433394789696 127.4746613353491 181.637034393847 366.3699838519096 1287.572181545198 2166.910962343216 3945.672573640943 841.9259221106768 1961.18428375572 19.04803443700075 0 4.656344391405582 9.727207913994789 13.2439863756299 0 4.260761648416519 0 6.589513391256332 0.8759582191705704 53.3413365855813 20.31841425597668 7.07541112601757 6.353329673409462 0 0 1.504643797874451 44.87780971825123 0 0 0.1025391072034836 0 0.3572677671909332 0.2692021131515503 0 0.2191696614027023 0 0 0.2714881598949432 1.491039484739304 0.6753598153591156 2.930439129471779 1.011134810745716 0.9373918622732162 0.5668720602989197 0 0 0 0 0 0.2663176655769348 0.4791489243507385 0 1.290098488330841 0.3507005870342255 0 0 0 0 0.60580874979496 0.522808313369751 0 0.185505598783493 0 0 0 0 11.28388851881027 0.1316087692975998 7.379907973110676 2.133018411695957 0.5569716766476631 0 0.7630497664213181 0 0 0.2463327944278717 0 0 0.552952915430069 0.5256591439247131 0 0.4013754427433014 0.3531559854745865 1.392435953021049 1.037946462631226 0 0 0.1192368119955063 0 0 0 0.408671498298645 0 5.11123775690794 0.1429338604211807 0.3421717882156372 0.1680598855018616 0 0 0.3666641265153885 0.1530281156301498 0.1466629505157471 0.6659263372421265 12.49021615087986 0.4098676145076752 0.1619830876588821 0 0.8087457865476608 0.2819722592830658 0 0.20575051009655 0.6758447960019112 0.2252754122018814 0.1591609418392181 0 0 0.4530678987503052 0 0 0 0 0.2618065401911736 0.1299571543931961 0 3.076605461537838 1.927208170294762 8.523687474429607 149.4213888347149 33.75764618813992 289.4624901786447 52.89928282052279 21.49865031242371 29.87304393202066 3.854532495141029 74.53061608970165 1.912460654973984 0.9884755164384842 1.345363311469555 0.3730549961328506 3.191206768155098 0 0 0.9433896839618683 4.91798410564661 1.693783208727837
200.9882577583194 3248.756734222174 1288.840880565345 66.85275439172983 10279.13088749349 33.24544204771519 1499.914649158716 214.3056174442172 0 321.6094027981162 4282.749388732016 104.06344614923 3255.609473243356 1196.897507764399 48.71721594780684 11.68837223947048 1.071741290390491 0.1106288284063339 0.107388511300087 0.3216128796339035 2.456850916147232 0 2.42103635519743 0.9121002480387688 2.040433809161186 1.917131379246712 2.126076117157936 1.333391472697258 0.3295772969722748 0.09149869531393051 177.7436759993434 55.95709887892008 85.20275207608938 0 1.500295594334602 0.7433502823114395 101.6083606109023 3.168656028807163 7.353720754384995 4.877287447452545 7.117835767567158 2.449522361159325 0.1405037194490433 5.565154284238815 0.274970680475235 1.201324701309204 321.726214595139 11.93068505823612 0.5921783223748207 1.139549903571606 5.746287934482098 0.1409803479909897 0.2479012161493301 1.128983110189438 2.300789825618267 8.613818787038326 10.12535304576159 74.91701799631119 3.677451238036156 96.34958176314831 2.155206941068172 8.415118001401424 0.4216537475585938 178.0420946553349 16.20260201394558 8.296523340046406 5.842653453350067 15.07368516921997 3.449575290083885 13.18142477422953 117.0425060093403 1.791067510843277 0 173.0969858244061 113.514238730073 288.1198317036033 202.4778324440122 58.36796878278255 3.90346086025238 84.8220664486289 3.471484921872616 28.95248152315617 26.72702135145664 0 4.553983494639397 12.02823409438133 5.562493771314621 0.1428019106388092 5.521932609379292 0.09520306438207626 2.979159504175186 1.143106892704964 6.004837676882744 2.808790400624275 4.571392767131329 336.2526469305158 0 0 2.261424496769905 28.50395667552948 0.8498328328132629 2.047188580036163 1.648311048746109 0.31393001973629 3.269154839217663 11.7423299998045 0.9231732189655304 4.455784127116203 8.433631032705307 20.61681056022644 4.624872788786888 52.98018044233322 22.96253082156181 90.66110761463642 63.3529472053051 1.444137871265411 0.3383710384368896 0 0.1292460858821869 0 0 0 0 0 0 0.3128372430801392 0 0 0.1463766247034073 0.409525141119957 0 0.6527254581451416 0.1489725410938263 0 7.598976895213127 1.326966032385826 0 0 0 97.55213557183743 0.4530538618564606 50.81221402436495 4.533445164561272 1.474512070417404 0 0.2192331850528717 0 0 0 0 0 1.856490284204483 3.770139262080193 0.3707125782966614 0 0.3827387988567352 1.955439925193787 0.3689057976007462 0.1498311311006546 0 0.1360979676246643 0.4015285447239876 1.859092846512794 0 0 0 27.78322172909975 0.4589310139417648 0.7468161433935165 0.1331334710121155 0 0.244261123239994 0.1006605848670006 0.2284637242555618 0.1034193262457848 0 217.5209829956293 0.4663335233926773 0 0.1026174500584602 0 5.978159740567207 0 0 3.739810615777969 1.738642990589142 1.555518627166748 0.7838170826435089 0.8781711161136627 1.374008007347584 0 0 0 0.1357183307409286 0.2050064951181412 0 0 97.74612424522638 17.87119526416063 36.39543323963881 367.5244235992432 95.06654819846153 607.7211296632886 107.8177067041397 66.03708482533693 86.81519994139671 13.0591449290514 166.2884056568146 6.583910316228867 0.7859665527939796 9.477316901087761 0.2582614496350288 11.49609345197678 0.298203743994236 0.2654432952404022 0.7125340849161148 6.795094825327396 1.041243478655815
1183.032263875008 383.3076566755772 18.08971542865038 2487.235235080123 173.9350530430675 1115.648150339723 2909.283149026334 2.047132804989815 321.6094027981162 0 16.43841912597418 2796.264763489366 6066.402850054204 415.1444962397218 7.805708833038807 1.745133303105831 0 0.3317636922001839 0 0.3237670361995697 1.053977727890015 0 0.08979340642690659 0.09550697356462479 0.3241346031427383 0.1986040472984314 0.1713913232088089 0.1008974462747574 0.3304502218961716 0 139.0618954002857 7.254280805587769 9.719801962375641 0 0.1437619030475616 0 39.03767405450344 1.011791758239269 2.129908919334412 1.38400461524725 0 0.1117070689797401 0.5652357637882233 0.8832306787371635 0 0.2106824368238449 93.80593406409025 17.96189004927874 0.3519441857933998 0.5703662410378456 2.777732521295547 0.09866087883710861 1.24754486978054 0.09707049280405045 3.817885741591454 13.30530203133821 49.23267579823732 180.9064108803868 3.496657058596611 60.0995599925518 0.8720115646719933 0.6073445156216621 0 94.13639574497938 31.27215644717216 10.5425336137414 7.01608145236969 18.64475539326668 0.2523945868015289 2.083475410938263 63.74926476180553 9.11701512336731 0 352.3633508086205 145.1509122848511 91.04655758291483 57.54654973745346 6.198147982358932 0.8949011340737343 3.859419658780098 1.681322634220123 3.549451820552349 55.63182494044304 0 7.504754297435284 21.18899527937174 5.090741768479347 0.6361702978610992 6.11646182090044 0.2310447171330452 2.168341390788555 0.6817735061049461 0.4796141311526299 0.3932837471365929 1.060241021215916 1137.289204657078 4.132769137620926 0 0.5894681289792061 253.2822472825646 0.9999058991670609 3.166446946561337 3.143772065639496 13.44891594350338 1.931752949953079 25.47961823642254 4.096224993467331 9.363238319754601 22.37769994139671 22.21382309496403 4.403791919350624 91.53145070374012 29.96234615147114 126.75680090487 55.91016522794962 0.1610623747110367 0.3317898213863373 0 0 0 0 0 0 0 0 0 0 0 0 0 0 0 0 0 4.604261592030525 2.000030636787415 0 0 0 82.22813611477613 0.415083259344101 24.02640827745199 2.287657380104065 0.2675415277481079 0 0 0 0 0 0 0 2.046141736209393 2.323948070406914 0.9155277460813522 0.4283339828252792 0 0 0.09710626304149628 0.3908952176570892 0.1986227929592133 0 0.3244092613458633 2.497273050248623 0 0 0 18.48425242304802 0.1680012792348862 0.4260601401329041 0.3025161921977997 0 0.1044977232813835 0.1943803206086159 0.2480618804693222 0 0.2113481163978577 148.0553318932652 0.707231231033802 0 0.1020120903849602 0 7.018566824495792 0 0 3.216456308960915 1.211700484156609 0.6270583495497704 0.4273063987493515 1.244301110506058 0.601806677877903 0 0 0 0.3152277693152428 0.4223935827612877 0 0 82.46292009204626 5.136250495910645 14.20722877979279 545.8417172282934 40.92153950035572 259.9688644334674 24.03771533817053 1223.785320997238 25.19932633638382 4.630461044609547 32.99794195592403 5.439612552523613 0.3889083564281464 4.455804757773876 0.1483866721391678 20.69782198965549 0.7168023660778999 0.305977426469326 0.7495208829641342 0.8924343064427376 0
354.7378038465977 1338.531764738262 2654.318905681372 67.92166005074978 1202.687278434634 11.42027968168259 323.3993704169989 2927.735793881118 4282.749388732016 16.43841912597418 0 48.65270330011845 2020.151753865182 3229.651942402124 54.77279554307461 27.63738603889942 4.225760735571384 1.203822061419487 0.2327357679605484 3.534124329686165 10.35250839591026 0.1676895469427109 28.08382780104876 9.68370820581913 18.34545120596886 2.038966238498688 23.78009834885597 2.082525111734867 0.1699708104133606 0.1618595272302628 627.3513930439949 265.9598235189915 644.4782973974943 0.8642466515302658 18.23511071503162 8.963561311364174 468.8366963267326 61.13494388759136 43.51890566945076 41.08119414746761 62.16959968209267 7.605693258345127 1.808103948831558 10.9435979872942 1.047091543674469 1.556293211877346 234.7526589408517 15.04254465550184 0.405445471405983 5.431193925440311 17.10786430537701 0.3127506673336029 0.455854706466198 0.7188538834452629 3.938092581927776 9.283036231994629 23.47721407562494 199.5731407478452 3.395481668412685 76.77732247114182 10.05549301207066 108.3606383055449 6.413918077945709 274.7596318349242 19.2206112369895 9.161191865801811 10.39281981438398 18.39019176363945 15.29960916936398 79.33838228881359 150.7316360324621 2.34176416695118 0 191.267760053277 141.421516649425 239.1664406508207 237.5039094313979 196.9829249158502 511.156353995204 2220.725580073893 46.0286887511611 371.8125640451908 35.82276128232479 0.1616844981908798 5.598609544336796 15.64385475218296 7.774296827614307 0 5.348955877125263 0.1465027630329132 7.769967578351498 1.347208216786385 20.94864349067211 12.37666731327772 5.626099586486816 32.19614124298096 0 0 0.3640069961547852 70.70045955479145 0 0 0.2459219098091125 0 0 0.4495566934347153 0 0.3578203618526459 0.3841395974159241 0.4942275285720825 0.1556347906589508 3.352128781378269 2.129549369215965 6.726531088352203 6.237921804189682 0.9073473438620567 0 0 0.1721461564302444 0 0 0 0 0 0 0.2048657089471817 0 0 0 0.1605850458145142 0.3299824893474579 1.019202902913094 0.1463529467582703 0 0.8100443780422211 0 0 0 0 17.59250462800264 0 12.31379733979702 1.72784435749054 0.5468554273247719 0 0.6032131463289261 0 0 0.210706889629364 0 0 0.1809929013252258 0.1879556030035019 0.2554399594664574 0 0.2650536596775055 0.5339614897966385 1.071079470217228 0 0 0 0.5849414616823196 0.1854314059019089 0 0 0 7.929032810032368 0 0.149060532450676 0 0 0.1051606014370918 0.1162088066339493 0.3173980712890625 0.5946575701236725 0.5163403749465942 28.5756603255868 0.4343449473381042 0.6519521921873093 0.1442540735006332 0.4102602228522301 0.4014407098293304 0 0 0.8289469629526138 0.4652691036462784 0.5344607830047607 0.3274612128734589 0.5394127443432808 0.1323712319135666 0 0 0 0.5071376711130142 0.4568955972790718 0.3879704773426056 0.1525450199842453 9.187003687024117 6.448300316929817 13.67627735435963 199.0441277399659 62.41579312831163 401.917488604784 65.3091754168272 68.42611791938543 49.77099228650331 9.484285563230515 107.5608925297856 2.286513835191727 0.6525646597146988 2.243809916079044 0 5.019770741462708 0.26963010430336 0 0 4.17093151062727 0.9371189475059509
64.2098718136549 35.70299632102251 8.761595189571381 427.4199390262365 42.41319650411606 196.2292210906744 204.2027282044291 4.916892006993294 104.06344614923 2796.264763489366 48.65270330011845 0 5869.78407099843 558.7264437526464 8.708551101386547 5.504109241068363 0.1627122312784195 0 0 0 0.155052125453949 0.221400573849678 0 0 0.1221271827816963 0 0 0.7457062005996704 0 0 3.96529883146286 1.465254753828049 37.88863550126553 0 0 0 227.5868222266436 0.8175381273031235 2.171470135450363 1.926427096128464 0.3723492920398712 0.3480193912982941 0 2.514921367168427 0 0.1262447834014893 33.70133449137211 1.066410787403584 0 0 0 0.2234149277210236 0.1343135982751846 0 0.2114973962306976 0.6147166267037392 8.435671105980873 5.302127301692963 0.5514169633388519 9.193917490541935 0.3253572136163712 1.059920817613602 0 13.41465543210506 1.92342484742403 0.8405591547489166 0.610980860888958 1.071802146732807 0 0.39952452480793 339.3344058021903 42.34613940119743 0.5243363380432129 35.82685060054064 11.56318796426058 38.57869913429022 24.36010789871216 21.89083244651556 0.560606449842453 14.6141452640295 0.2034711390733719 1.839643597602844 5.0889016315341 0 0.38236203789711 0.6903824880719185 0.9201010167598724 1.686074063181877 0.9688423275947571 0.2994355261325836 0.1058183088898659 1.322835341095924 0 0.2785378396511078 0 1448.244385451078 3.296188734471798 0.8739474713802338 1.825265094637871 65.07781867682934 3.562225557863712 0.1543137580156326 3.770713597536087 0.2216673791408539 2.848978772759438 16.06919661164284 2.439008936285973 6.271726556122303 9.048900812864304 18.77268446981907 9.363252878189087 80.81893770396709 23.52150995284319 142.9941261410713 95.3210511431098 1.144207708537579 1.098219588398933 0 0 0 0 0 0 0 0 0.4839634299278259 0 0 0.1298225969076157 0 0.1880234032869339 0 0.4188123345375061 0 12.84854942560196 1.584760501980782 0 0 0 203.6923569887877 0.1651525497436523 85.21992528438568 8.051977381110191 0.8580303937196732 0.3973890841007233 0.3957553505897522 0 0 0 0 0 1.466979093849659 3.052652761340141 0.4812533259391785 0 0 0.9869494140148163 0.1775291860103607 0.1537866294384003 0.5220681428909302 0.3343884125351906 1.270151145756245 3.311280600726604 0 0.2193881571292877 0.3002185821533203 48.49436812102795 1.325611457228661 0.9158574640750885 0.9950061142444611 0 0.1227104291319847 0.2163188457489014 0.1076356172561646 0.2038061320781708 0.1519390642642975 354.696700759232 1.672469973564148 0.1835205256938934 0 0 9.798740372061729 0 0.9409084618091583 3.933974355459213 2.986814796924591 2.360703982412815 1.737006209790707 1.378710024058819 1.33183853328228 0 0.1999817490577698 0 0.208765909075737 0 0.4098131358623505 0 155.6043538525701 38.18299305438995 82.09145949780941 157.8088598698378 8.279364369809628 109.79113958776 17.02664163708687 104.6980746164918 9.090024046599865 1.004710331559181 57.29575192928314 12.64784030616283 0.3452152386307716 10.35728512704372 0.5196431577205658 24.52442991733551 0.7828814834356308 0 0.6635490357875824 0 0.2775595784187317
170.3376764133573 798.190699107945 238.0153457447886 1433.757569469512 1053.965927809477 314.5354944765568 3147.586250975728 110.5307668894529 3255.609473243356 6066.402850054204 2020.151753865182 5869.78407099843 0 2948.248487457633 80.85211277008057 30.11461452394724 2.028180010616779 1.305156990885735 0.1690897643566132 0 2.01929746568203 0 2.565715849399567 0.8778572082519531 4.584329999983311 1.453138083219528 1.3794025182724 0.655400738120079 0.5582531839609146 0.262125164270401 48.39254192262888 19.27185228466988 336.2701996862888 0.4073654413223267 1.216695114970207 0.1666737943887711 598.0562505125999 14.50903639942408 22.60605324059725 15.30187068134546 10.98692844808102 2.965453132987022 0.1468147486448288 14.96251939237118 0 1.100441887974739 291.9675329998136 7.388733707368374 0.3770520910620689 0.992731861770153 4.479003004729748 0.7849913835525513 0.8556815609335899 3.037193804979324 0.7065024375915527 5.535162426531315 18.6224892064929 34.67293076217175 2.408181071281433 72.92182216048241 2.291135169565678 16.47722972929478 0 114.9375407025218 13.33049270510674 4.435737110674381 4.616300649940968 12.62326470017433 3.85124471783638 12.78040905296803 694.6688967421651 45.74389360845089 0.215440422296524 136.741409547627 79.23358926177025 262.6063662171364 203.9501714631915 129.470287129283 4.370108045637608 171.6001324653625 2.843373239040375 32.93774127215147 19.53188353776932 0.17812180519104 4.120095416903496 8.558740049600601 3.911252081394196 1.2802404910326 2.337679520249367 0.3611882477998734 1.187846690416336 1.63045933842659 5.580648429691792 2.639437586069107 2.154691360890865 4161.156341060996 3.98306231200695 1.600627228617668 3.044608980417252 82.8887972459197 3.92670363932848 4.48966658115387 5.258161202073097 2.925928890705109 11.12497848272324 42.51981393992901 7.824796810746193 13.43428439646959 25.35192500054836 51.77743005752563 13.86049909889698 210.7040198668838 71.0597440302372 342.6664713695645 227.4623083844781 2.403647154569626 2.111734539270401 0 0.8971999287605286 0 0 0 0.9511680752038956 0 0 0.9508077353239059 0 0.1730222254991531 0 0.7011216431856155 0.2768919467926025 0.2166791260242462 0.2967223823070526 0.3181259036064148 25.53920714557171 6.918235093355179 0 0 0 370.9939443692565 1.050535380840302 172.084804944694 15.63249365985394 2.204882003366947 0.6634545028209686 0.1991542875766754 0 0 0.5978408455848694 0.2831896245479584 0 5.077448949217796 8.582538597285748 0.8148149326443672 0.8809681087732315 0.5691360980272293 2.490011557936668 0.350595161318779 0.1360974907875061 1.697323232889175 0.3036819249391556 1.047327138483524 11.68109715729952 0.2332947701215744 0.3653335720300674 0.1535134017467499 117.4550879225135 1.732258588075638 1.585829049348831 0.7839299142360687 0.2118023186922073 0.5727136731147766 0.5016712695360184 0.2030224874615669 0.1747758388519287 0.1838576793670654 792.8894216567278 4.246558651328087 0 0.1349783390760422 0.1832679659128189 22.46443265676498 0.2705088555812836 1.455501928925514 13.21872561424971 11.57488621026278 7.497941017150879 3.104859873652458 4.553927198052406 1.871284961700439 0 0.1217445060610771 0.1197077333927155 0.1772285103797913 0 0.5217256918549538 0.279940664768219 377.2033470571041 87.52419783174992 156.9048532247543 633.7114013805985 85.88414095342159 649.8121437951922 124.8597229644656 220.3426813781261 90.9451739192009 11.43160283565521 255.5584657713771 27.81277590990067 3.725549593567848 24.68161412328482 2.672350309789181 51.61424016207457 1.839321814477444 0.4349092245101929 2.060530550777912 11.59051639586687 1.288323014974594
