0 5374.346877411008 590.7853517234325 1677.135411135852 302.0064851790667 48.62238475680351 427.1603930294514 35.23902178555727 376.7948472872376 1142.331789843738 642.9629003331065 49.22094967961311 198.9773129597306 216.5555837228894 14.19174553453922 5.501704104244709 0.6921714767813683 0.1132519394159317 0 0.1176384165883064 0.418944239616394 0 0 0 0.07484205812215805 0 0 0.2425690516829491 0 0 373.4075186029077 3.636423073709011 2.230852693319321 0 0 0 3.120311491191387 0.1363220065832138 0.4635511487722397 0.0895334780216217 0.1491228044033051 0 0.2076222375035286 0 0 0 61.4575470238924 10.25232604146004 0.5839543268084526 0.630303218960762 1.320823334157467 0.1219295263290405 0 0 3.324352346360683 9.334252789616585 292.0620677247643 696.6484966799617 39.08612477779388 30.06230448931456 0 0.6075431630015373 0.1655814796686172 14.89802730828524 6.351996153593063 4.944802530109882 5.558265432715416 3.20383583009243 1.945535860955715 0.4039043039083481 16.83137932419777 0.9950545728206635 0.4093600213527679 195.1380141377449 74.48614793270826 78.96829029172659 23.20165224373341 2.280341111123562 0.3558989614248276 67.8914320319891 0.1470140665769577 1.707873836159706 12.82099838554859 0.5246634855866432 6.450913995504379 4.577262051403522 4.769302055239677 0 1.560495190322399 0.204945407807827 0.3437107056379318 0.7805759310722351 0 0 0.09903029352426529 151.7401019632816 28.46962272375822 0 1.110057577490807 1050.860969513655 0 0 0.1504542380571365 0 0 0.7175155282020569 0 0.4269715845584869 10.24443320930004 0 0.4267520308494568 2.161769568920135 0.8043810129165649 0.2725176215171814 0.2032171040773392 0 0 0 0 0 0 0 0 0 0 0 0 0 0 0 0 0 0 0 0 0 0 0 0 0.1461831778287888 0 0 0 0 0 0 0 0 0 0 0 0 0 0 0 0 0 0 0.08580024540424347 0 0 0 0 0 0 0 0 0 0 0 0 0 0 0 0 0 1.566786721348763 0 0 0 0 0 0 0.4197303652763367 0 0 0 0 0 0 0 0 0 0 0 0 0 2.185730904340744 0 0.1900889128446579 29.37022833526134 14.78299389779568 137.2867809534073 10.75336007028818 1043.112016603351 11.7220383733511 3.666450180113316 4.104694560170174 0.7523394152522087 0 0.1207852438092232 0 0 0 0 0 0.5013378337025642 0
5374.346877411008 0 1294.325139641762 843.5280014276505 2876.943425327539 164.8012906908989 1914.372895799577 96.92466427385807 1828.59974142164 1509.564313098788 2507.708902999759 174.9686126708984 902.8687034994364 879.7006338313222 77.25703457742929 16.40395272523165 0.9133688360452652 0.562378503382206 0.3749166131019592 1.043745569884777 1.636380702257156 0.1167593821883202 0.0971781313419342 0.1433827131986618 0.5421145260334015 0.3012163117527962 0.3902371525764465 0.2110203579068184 0.35957270860672 0.228083498775959 2306.358185403049 31.36577738821507 16.02852736413479 0 0 0.558871679008007 13.70251439511776 1.096381805837154 0.6220811232924461 0.7496691271662712 0.6420987993478775 0.4088362827897072 0.4605238139629364 1.161457024514675 0.1967314407229424 0 408.932385481894 30.63735810667276 0.7118773907423019 1.713235482573509 5.850017488002777 0.8807295560836792 0 0.2996536567807198 15.74789866805077 21.19856893271208 99.78284095227718 774.1116534844041 45.39646257460117 127.9210988655686 0.4032121300697327 1.753097154200077 0.2617452070116997 126.6591444835067 23.63336350768805 13.17555596679449 18.41158882528543 9.347378477454185 6.87051198631525 0.4494533315300941 38.94999142736197 6.274253666400909 0 427.2924519106746 365.3539300337434 390.6130872443318 232.4585095271468 6.556954048573971 3.108453020453453 149.7670240402222 0.5050714090466499 5.458628684282303 31.64708958566189 1.583741009235382 20.94745624810457 14.56757421046495 18.94778689742088 0.3924934044480324 5.600739546120167 0.09929522126913071 1.434094175696373 1.841581627726555 0.2824564725160599 0.9222523495554924 1.000246398150921 69.10746561735868 5.944635108113289 0 0.902595266699791 1618.918698698282 0.3384311199188232 0 0 0 0.2116087377071381 2.112450569868088 0 2.330208718776703 12.65193548798561 2.636134549975395 1.742607593536377 2.707034289836884 6.974565789103508 1.274782851338387 4.841121777892113 0 0.5059300661087036 0 0.1228293925523758 0 0 0.1732624173164368 0 0 0 0 0 0 0 0 0 0.08456236869096756 0 0 0 0 0 0 0 1.619817495346069 0 0.6071374267339706 0.1133143976330757 0 0 0.1093858629465103 0 0 0 0 0 0 0.5507532358169556 0 0 0 0 0.08589568734169006 0 0 0 0 0.1752959191799164 0 0 0.9860960841178894 1.553269639611244 0 0 0 0 0 0 0 0 0 4.8122269064188 1.178321540355682 0 0 0.1302633285522461 1.454011917114258 1.580230928957462 0.5345385074615479 0 0 0.5915507078170776 0 0 0 0 0 0 0.3883049339056015 0.2033283933997154 0.2496248036623001 0 2.294446051120758 0.3987889289855957 0.9506303817033768 123.7700429335237 66.91069010645151 622.2056900784373 47.21933437138796 1288.422989852726 46.48231852054596 11.17786759883165 15.71008517593145 3.358742542564869 0.1619718223810196 1.813996031880379 0 4.077449262142181 0.3592606484889984 0 0.4773105978965759 1.812103092670441 0.4318510293960571
590.7853517234325 1294.325139641762 0 10.34847674518824 292.7684300988913 1.325061053037643 64.97315806150436 2626.031744979322 567.8372539058328 4.449291326105595 4359.047203563154 25.10435616970062 150.7876353934407 471.9780985936522 78.14187552779913 53.01064559817314 28.71642374992371 132.9868802204728 20.12564726173878 186.1172039136291 76.08511599898338 1.57049672305584 1.170336075127125 0.2208783403038979 1.722323477268219 2.68617744743824 0.4017949178814888 6.041373662650585 1.759510844945908 0.2369326576590538 3661.380550801754 448.2522450536489 78.3291856944561 9.143499419093132 0.5044761002063751 3.305718213319778 9.250192314386368 1.602631419897079 2.049417287111282 2.325539335608482 25.89655681699514 2.375642701983452 201.9265926852822 4.195994518697262 20.36995719373226 5.114661350846291 163.4697537869215 32.72632003575563 60.07659509032965 339.9954910054803 4.749257653951645 0.7642705217003822 0.2353822141885757 7.584286198019981 2.281473957002163 7.939566500484943 35.40543907880783 721.6986515298486 15.63525594770908 51.93547016382217 10.18360356986523 26.78686307370663 8.87720737606287 585.9500519484282 9.868202298879623 7.740413479506969 8.455014877021313 37.19546117633581 109.8942263200879 72.78107293695211 13.15284640341997 2.958888351917267 0.2219484895467758 223.6592648476362 369.9803607985377 214.9206645041704 286.6525650545955 35.70790498703718 435.062956944108 1330.730840243399 6.431065507233143 819.9461144655943 12.44218520820141 0.4074974209070206 7.683732330799103 4.757974531501532 143.6043328046799 0.1068654209375381 2.140631712973118 0.5545875728130341 1.873442769050598 2.758959196507931 7.983284130692482 0.8954461812973022 1.876074478030205 5.240734852850437 1.5331966355443 0 0.7114609181880951 464.9454062655568 0 0 0 0.1457443982362747 0 0.1843526810407639 0 0.1304646730422974 0.5766525417566299 0.8331944197416306 0.1369106024503708 0.3490595072507858 0.4207497388124466 0.4164940267801285 0.9201819449663162 0 0 0 0 0.118520624935627 0 0 0 0 0 0.2180545404553413 0 0 0.1348026990890503 0 0.1505405455827713 0.1133081763982773 0.08941417187452316 0.1335226744413376 0 0 0 0.1636712402105331 0 0.258866012096405 0 0.2197336554527283 0.2851441949605942 0 0.3186990171670914 0.525440938770771 0.232078492641449 0 0.326686829328537 0 0 0 0 0 0 0.119014635682106 0 0.443374864757061 0 0 0 0 0 0 0.1009726971387863 0 0.6628383696079254 0 0 0 0 0 0.1024738326668739 0 0 0.3690318167209625 1.849998988211155 0.3759312480688095 0.09425432235002518 0 0.1454704403877258 0.1185319945216179 0.1886492669582367 0.1677252054214478 0 0 0 0 0 0.1376557797193527 0 0 0 0.6927727535367012 0.102545440196991 0 0 0 0.7847294956445694 0.7068018093705177 72.01428185403347 32.54884173721075 251.1165537536144 27.94119429588318 111.7960826158524 13.65455023944378 2.993680126965046 12.20280245691538 1.195119075477123 0.1872701048851013 0.4494774043560028 0.1116265654563904 0 0 0.08706426620483398 0.2008872330188751 0.1546252071857452 0.3544170558452606
1677.135411135852 843.5280014276505 10.34847674518824 0 63.29950372874737 355.0257932692766 404.0725210905075 0.5162406265735626 32.92584233731031 3474.977296732366 15.66947922855616 647.7594601809978 2539.641186513007 213.0514216423035 12.01613924652338 0.8643096312880516 0.181474044919014 0 0 0 0.4330014660954475 0 0 0 0 0.1067532747983932 0.1098845154047012 0 0.1588195860385895 0 60.42871756106615 2.593141809105873 1.400230333209038 0 0 0 2.811394974589348 0 0.4241786673665047 0.1409412324428558 0.07271382957696915 0.1192280277609825 0.08483340591192245 0.1114164888858795 0 0 105.2924474552274 7.576524630188942 0 0.5035276636481285 1.20716455578804 0.1004726961255074 0 0 3.367875285446644 5.091857239603996 37.89693155884743 156.4353629201651 17.42940670251846 29.62964983284473 0 0 0 18.23736977577209 5.519052065908909 3.424696438014507 3.926000565290451 2.385765947401524 1.247525125741959 0.1180345937609673 81.47131782770157 0.8996056318283081 0 127.2237824946642 66.00131364166737 85.47517723590136 34.93885809183121 0.3192112892866135 0 2.576854161918163 0.09591822326183319 0 11.3508258163929 0.4032744020223618 3.054757364094257 2.500312931835651 3.238017313182354 0.09904412180185318 0.8179543763399124 0.09256445616483688 0.09812137484550476 0.5046657472848892 0 0.3607512339949608 0.1975685656070709 52.7295818477869 11.89616167545319 0 0 412.9103641360998 0 0 0 0.4003091752529144 0 0 0 1.778920769691467 14.55926188826561 3.738867715001106 0.7922990918159485 2.124282717704773 1.010087445378304 0 2.270820066332817 0 0 0 0 0 0 0 0 0 0 0 0 0 0 0 0 0 0 0 0 0 0 0 0 0.4918763637542725 0 0 0 0 0 0 0 0 0 0 0 0 0 0 0 0 0 0 0 0 0 0 0 0 0 0 0.2885090112686157 0 0 0 0 0 0 0 0 0 0.1681957691907883 0 0 0 0.1186533495783806 0 0 0.3847822546958923 0 0 0 0 0 0 0.07734942436218262 0 0 0 0 0 0 1.520375683903694 0 0 27.73099035024643 9.978516921401024 174.3101061731577 9.102744854986668 1523.554702855647 14.42644891142845 1.976110629737377 2.374670073390007 1.048635795712471 0 0.1834528744220734 0 0 0 0 0 0 0
302.0064851790667 2876.943425327539 292.7684300988913 63.29950372874737 0 37.19987995922565 1914.763328999281 29.1878243163228 4692.310082644224 690.2715662047267 1401.225010231137 228.1379485502839 1078.950917072594 431.3385202437639 77.62678428739309 15.23162136971951 0.2408425584435463 0.1962112933397293 0.123690091073513 0.5037034079432487 0.2473085224628448 0.3297786265611649 0 0 0.1526470929384232 0.9822744876146317 0 0.1113559827208519 0.5578389316797256 0 136.5630110949278 24.71236545592546 39.20510461181402 0 0 0.1267567873001099 14.42519720643759 0.5978963375091553 3.264492027461529 0.1880398467183113 0 0.7050113677978516 0.1994309723377228 0.223589263856411 0.10533207654953 0 260.1289961710572 8.125564835965633 0.3867077231407166 1.377869606018066 1.930578909814358 0.8012001886963844 0 0.575620599091053 3.726896725594997 7.009778596460819 8.191346012055874 60.62422510236502 15.39362633228302 39.22634229809046 0.6855211406946182 4.944482997059822 0 57.67042561620474 9.23702847212553 4.310824565589428 7.404402073472738 3.330391943454742 2.858498990535736 0.3974526524543762 78.27057362347841 15.94534679502249 0 96.16054449230433 111.3469200059772 181.9862529560924 218.8280497044325 7.104805469512939 1.136098295450211 47.7146979868412 0.2393566444516182 4.020074121654034 9.714868023991585 0.8675021007657051 8.210262529551983 4.828309778124094 7.821981258690357 0.07590723782777786 1.541173681616783 0.08141187578439713 1.016163386404514 1.053286872804165 0.1420483440160751 0.3186410367488861 0.4757448434829712 205.6128776222467 18.48334570229053 0 1.450833961367607 59.33010690659285 0.723875880241394 0.8762420117855072 1.794423222541809 1.863685727119446 2.018145397305489 6.125376090407372 3.628082394599915 15.13695684075356 13.84751065075397 20.02759929001331 5.102524921298027 22.7869984805584 21.17980210483074 17.32657825946808 20.39725915342569 0.4673422574996948 0.1807771921157837 0 0 0.1036738678812981 0 0 0 0 0 0 0 0 0 0 0 0 0 0 0 0 0 0 0 2.446041166782379 0 4.852293506264687 0.6228861212730408 0.2352480217814445 0 0 0 0 0 0.1688307821750641 0 0.5609293580055237 1.100092142820358 0 0 0 0.2879583537578583 0 0 0 0 0 0.7867733836174011 0 0.5429962575435638 0 10.0644173771143 0.1953763961791992 0 0 0 0 0 0 0 0 28.43215161561966 2.918048188090324 0 0 0 4.533874094486237 3.688631936907768 3.280378237366676 0.1431093662977219 1.019906938076019 0.8499283939599991 0.4050020575523376 0.6645546555519104 0 0 0 0 0 0.1147245615720749 0 0 19.38592925667763 5.908292904496193 4.329417854547501 188.2511055320501 61.40576063096523 461.6060071885586 74.7542719244957 193.4265997111797 40.45775005966425 8.880851522088051 25.27003189176321 9.732838220894337 0 6.336115658283234 0.6308655366301537 19.78892275691032 1.126288667321205 0.07919023185968399 3.122414588928223 1.923334144055843 0.2834812551736832
48.62238475680351 164.8012906908989 1.325061053037643 355.0257932692766 37.19987995922565 0 100.1776355355978 0.1772130131721497 46.77011819183826 788.5881007909775 7.938067510724068 417.3631757348776 305.7924055755138 53.00617811083794 0.248664602637291 0.09406904131174088 0.1242341846227646 0 0 0 0 1.402072668075562 0 0 0 0 0.1364670395851135 0 0 0 10.13912154734135 0.5683679431676865 16.45189851522446 0 0 0 11.60050216317177 0 0.7293359339237213 0.2169609516859055 0 0 0 0.1982400566339493 0 0 0.4150037914514542 0.1430869996547699 0 0 0.2783611640334129 5.550286084413528 2.455055296421051 0 0 0 113.86814853549 54.06007973849773 8.110301867127419 0.6940396726131439 0 0 0 0.619782343506813 0.1251389533281326 0.1153208538889885 0 0 0 0.1243871748447418 182.2575298547745 6.532954633235931 0.7537817358970642 6.912806063890457 1.26664425432682 1.735716551542282 0.2680526077747345 0.1462558507919312 0.9360478520393372 2.945862352848053 0 0 0.3273737579584122 0 0 0.1264415979385376 0 0 0.1163869202136993 0.7458925843238831 1.063308894634247 0 0 0 0 358.5676915794611 210.1086344122887 0 8.979717567563057 387.8107002973557 0 0 0 0 0 0 0 0 0.689274936914444 1.507928133010864 0 1.600200891494751 0.1450609862804413 0 1.684491634368896 0.1610643416643143 0 0 0 0 0 0 0 0 0 0 0 0 0 0 0 0 0 0 0 0 0 0.2862831056118011 0 0 0 0 0 0 0 0 0 0 0 0 0 0 0 0 0 0 0 0 0 0 0 0 0 0 0 0 0 0 0 0 0 0 0 0 0 0 0 0.439250260591507 0 0 0 0 0 0 0 0 0 0 0 0 0 0 0 0 0 0 0 0 0 0 1.008158341050148 0.128349632024765 5.938046209514141 0.9212756529450417 280.996872112155 1.191776089370251 0 0.220731258392334 0.2749001383781433 0 0 0 0 0 0 0 0 0
427.1603930294514 1914.372895799577 64.97315806150436 404.0725210905075 1914.763328999281 100.1776355355978 0 5.052196480333805 918.6566362679005 3057.054777085781 105.3727074638009 725.3620715290308 2053.299019835889 395.5157086402178 94.57122850418091 15.78180746734142 1.357834845781326 0.3109107837080956 0.3060302287340164 0.84766735881567 0.4818914234638214 0 0 0 0.09340813010931015 0.4179666861891747 0.2418317943811417 0.2346478849649429 0.3103778287768364 0.1212787479162216 149.4143070206046 21.84126845002174 32.93462624400854 0 0.09897132962942123 0 12.77419692277908 0.4951344653964043 2.087575517594814 1.301549106836319 0.2804476693272591 0.1739335730671883 0.8906757235527039 0.7294125109910965 0.1152618750929832 0.2429133281111717 401.5262891948223 21.27950321882963 0.1502016484737396 1.388426296412945 5.96662625670433 0.9002077206969261 0 0.924906462430954 6.878501400351524 15.77874767780304 28.308883048594 170.1050536856055 30.5580478310585 97.99603386223316 0 1.247031219303608 0 91.36666392534971 16.77981922030449 10.56795427948236 11.0078886449337 7.692894898355007 3.640687815845013 0.2042234763503075 115.8742861002684 27.21874456852674 0 232.7022864744067 215.6921711340547 289.0780359953642 260.3586051091552 6.457981869578362 0.7959806025028229 14.637157805264 0.2200841307640076 3.950673028826714 20.65774270147085 0.7143940329551697 16.45651002973318 9.686009868979454 14.70275983214378 0.4579744711518288 3.493714191019535 0.376449428498745 0.7797406613826752 1.901842452585697 0.1202470138669014 0.6458151489496231 1.564515076577663 291.7468298450112 31.56857151538134 0 4.124611154198647 167.9672815650702 0 1.282019913196564 0.8595217764377594 0.6163895726203918 1.101970717310905 11.41637863963842 2.256639212369919 13.79211746156216 11.18667638301849 16.48841933906078 7.091086119413376 24.89530643820763 18.61511906981468 20.46094425022602 16.79869313538074 0 0 0 0.739494301378727 0 0 0 0 0 0.09321559965610504 0 0 0 0.2127411961555481 0 0 0 0 0 0 0.6509943008422852 0 0 0 2.684793144464493 0.5080583095550537 3.830199249088764 0 0.291035071015358 0 0.1807487607002258 0.09445935487747192 0 0 0.1566991955041885 0 0.2432100251317024 1.945024758577347 0.1841397285461426 0.3294908106327057 0 0.3744827508926392 0 0 0 0 0 1.085118815302849 0 0 0 9.613778114318848 0 0 0 0 0 0.1000828519463539 0 0 0 32.92573864012957 4.797024607658386 0 0 0.387344166636467 2.579359799623489 1.424021482467651 4.009139195084572 0.7074718922376633 0.6559496521949768 0 0.1476306319236755 0.1375029534101486 0.1498354971408844 0.07781793177127838 0 0 0 0 0 0.1127475798130035 24.9499706029892 4.302950590848923 6.075356230139732 193.5389272719622 78.74444747716188 649.9645837843418 75.03833544254303 597.6165649965405 46.23809222131968 13.37557220458984 20.92072013020515 15.10549478977919 0.7190597206354141 4.618502862751484 0 17.59198135137558 0.2995325922966003 0.08175541460514069 0.8540790379047394 1.921504780650139 0.4316886365413666
35.23902178555727 96.92466427385807 2626.031744979322 0.5162406265735626 29.1878243163228 0.1772130131721497 5.052196480333805 0 82.72716054320335 2.903855353593826 1607.833257220685 31.4540416225791 86.27423010021448 249.0855725109577 120.5396583899856 111.5509607940912 17.65100213140249 91.72599550336599 26.85684330761433 122.5276785716414 102.8696459382772 0.5127390027046204 2.546404376626015 1.15686347335577 3.901043623685837 3.91622656583786 0.3012481480836868 3.272752992808819 1.154424533247948 0.5172054916620255 490.2698746621609 1200.501513294876 176.5047223418951 10.79174553602934 1.557604253292084 9.669830843806267 8.691161252558231 4.0845587849617 4.015394978225231 3.181452341377735 28.7030333802104 2.027798853814602 117.9925594106317 229.9752912670374 70.98404997587204 36.19075486063957 199.1129161193967 12.70616438984871 25.57396644353867 135.2161543294787 4.081464886665344 1.087149679660797 0.09252539277076721 5.090908899903297 1.451169364154339 3.254674598574638 8.871760748326778 95.27505806833506 3.922374308109283 27.14737685769796 131.8070617690682 47.67332040518522 16.15418417006731 362.0236628949642 3.638491548597813 5.285012036561966 5.548266723752022 28.85664995014668 84.58724305778742 79.3573130890727 11.58958249539137 5.977272972464561 0.7234536185860634 75.96438320726156 184.6432251781225 193.091178253293 875.8860557973385 1038.299822159111 1138.481146335602 3042.704766690731 553.0874399393797 2267.552781626582 3.368449285626411 0.1661932021379471 3.503361351788044 2.123436309397221 86.31402742862701 0 1.276322968304157 0.9236087203025818 0.7360934838652611 2.169733829796314 9.369420036673546 0.9333183094859123 2.701474562287331 3.311729103326797 2.163927868008614 0 1.767400771379471 37.90813165158033 0 0 0 0 0 0 0 0 0.1758772730827332 0 0.1723036915063858 0 0 0.1199874728918076 1.436213180422783 0 0 0 0.121541827917099 0 0 0 0 0 0.2169622331857681 0.4429290145635605 0 0 0 0 0.1114109829068184 0 0.2314062267541885 0 0 0 0 0 0 0.295771449804306 0 0.3954627364873886 0 0.214331217110157 0.8132501542568207 0.3364690840244293 0 0 0.3427063822746277 0.3663996756076813 0 0 0 0 0.1410908848047256 0.1009628400206566 0 0.2504020929336548 0 0 0 0 0 0 0.1872570514678955 0.3940814137458801 0.9438972994685173 0 0 0 0 0 0.1252565681934357 0 0 0.1465353816747665 1.028741866350174 0.8667576611042023 0 0 0.1402378678321838 0 0.2432422190904617 0.2626591995358467 0 0 0 0 0 0.1398143917322159 0 0 0 0 0 0 0.11610197275877 0 0.2189726829528809 1.454163104295731 98.67985542118549 25.86168791353703 248.553170338273 34.53808053582907 29.0397142469883 11.47727301716805 3.198825940489769 13.64593339711428 3.039722852408886 0.1404323279857635 1.21931741386652 0.1190600395202637 0.750591903924942 0 0 0 0.946612074971199 0.306591659784317
376.7948472872376 1828.59974142164 567.8372539058328 32.92584233731031 4692.310082644224 46.77011819183826 918.6566362679005 82.72716054320335 0 360.0083046406507 3956.870643444359 222.6682726293802 1241.120628334582 856.6833547726274 141.4214192256331 68.45804927498102 4.432723648846149 1.411416217684746 0.2844294980168343 1.902096025645733 3.686450831592083 0.3445647209882736 0.2687614858150482 0.2893009930849075 0.2646349668502808 1.067590728402138 0.171205535531044 0.8578153625130653 0.2851652428507805 0.1005493327975273 175.1908844783902 26.01821039617062 95.03821258246899 0.5232796221971512 0.1361976712942123 1.09924903512001 61.17214943468571 1.365384817123413 3.646742254495621 2.699816584587097 2.181233122944832 0.9248198494315147 1.59584279358387 4.346126906573772 0.1229471638798714 0.2244168147444725 297.5699631795287 9.514120064675808 0.9823858067393303 3.859688520431519 3.007161289453506 0.8398663774132729 0.2048801779747009 1.243890009820461 2.937996849417686 7.31901765242219 11.45321072638035 67.13876823335886 13.64657821506262 36.14476037025452 2.451716125011444 5.323855839669704 1.081991598010063 61.23817490786314 6.369498066604137 4.060384571552277 5.826067127287388 5.329283304512501 5.679891183972359 2.935741551220417 150.167026758194 50.09988418221474 0.09178733825683594 91.64127162843943 86.87742932885885 202.4733108505607 276.7720227316022 22.73277717083693 6.214545957744122 443.5234873816371 0.7846489474177361 13.04769764095545 6.746597267687321 0.3303919583559036 5.446120239794254 3.654642645269632 8.557358577847481 0.1762886866927147 1.795437179505825 0 0.8781544491648674 1.79980892688036 1.240705035626888 0.667387492954731 1.361679241061211 412.904242515564 19.08345876634121 0 2.548375129699707 82.21773421019316 0 1.066094279289246 1.593358039855957 3.640308737754822 1.005597054958344 21.82064933329821 0.9481272548437119 23.64013731479645 24.83292897045612 28.06578500568867 10.51051980257034 39.55725039541721 37.92126908898354 43.79458725452423 36.6062638759613 0.9768760949373245 0.4063162058591843 0 0 0 0 0 0 0 0.1184342578053474 0.1133870184421539 0 0 0.1273363530635834 0 0 0 0.2955562770366669 0.1122483536601067 0.1133726537227631 0.3677310198545456 0 0 0.2459886819124222 5.668329320847988 1.168900653719902 6.140013858675957 1.169921770691872 0.7632738351821899 0.1416856497526169 0 0 0 0.962599441409111 0.1027205884456635 0 0.4760722219944 2.068111658096313 0.1676912605762482 0.1464536935091019 0 0 0 0 0 0 0.1837461888790131 0.615492656826973 0 1.402157038450241 0.1055684462189674 13.55376093089581 0 0 0 0 0 0 0 0 0 46.35114874690771 5.82097527384758 0 0 0.2965070158243179 4.605167433619499 5.327955394983292 6.442840605974197 2.801838971674442 1.261968642473221 0 0 1.05316986143589 0.4448468685150146 0 0 0 0 0 0 0 38.9038677662611 5.496201701462269 7.023506194353104 385.8447699099779 83.56878793239594 620.1322691068053 143.1006295531988 238.0914133712649 46.57939852029085 12.47899655252695 53.03330740332603 27.97228878736496 0.3205358758568764 11.09128379821777 0.7189223319292068 36.06228412687778 0.585471510887146 0 1.69911727309227 2.836474001407623 0
1142.331789843738 1509.564313098788 4.449291326105595 3474.977296732366 690.2715662047267 788.5881007909775 3057.054777085781 2.903855353593826 360.0083046406507 0 16.81463298946619 1651.802039571106 6394.334238983691 514.7861752435565 34.01044460386038 4.929676480591297 0.2665319219231606 0 0 0.3194534927606583 0.5473073273897171 0 0 0 0.0980415940284729 0.8275772407650948 0 0.2768597453832626 0 0 56.9950323626399 3.988774642348289 29.89427068084478 0.1068255081772804 0 0 44.32271631062031 1.510855346918106 1.95756584405899 1.4981649518013 0.123488649725914 0 0.5420099273324013 0.3252521455287933 0 0.2858253419399261 230.5763664990664 10.20395701378584 0.4036492258310318 0.8136839270591736 1.581757254898548 0.1677961796522141 0 0.1394603401422501 6.087972611188889 8.112444058060646 74.35576320439577 143.0199491754174 24.33553568273783 47.04821678996086 0.1175955757498741 1.796316474676132 0 28.96871816366911 10.95846709609032 4.884346298873425 5.555054470896721 2.803033746778965 2.552521035075188 0.2194784209132195 345.3414004817605 34.60221506655216 0 156.4926205202937 127.5075860247016 163.2541212961078 86.01433681696653 1.440041430294514 0.3422579169273376 17.56452255696058 0 1.160726048052311 14.30553323030472 0.678824320435524 9.747472010552883 3.711752817034721 8.505453243851662 0.2440989911556244 2.842614397406578 0 0.5704499036073685 0.9568027630448341 0.3176748976111412 0.2920236438512802 0.6939316466450691 822.5853319317102 62.8407237008214 0 0.9100136011838913 673.2440240681171 0.4372749924659729 4.171125411987305 1.13898953795433 3.787358149886131 1.428440511226654 15.1562377512455 5.615122407674789 16.3574812412262 30.26259106397629 20.75622256100178 12.40403158962727 28.1312060803175 27.16937050223351 27.8339426368475 15.09108312427998 0 0.4232321381568909 0 0 0 0 0 0 0 0 0 0 0 0 0.1365508735179901 0 0.1584777384996414 0 0 0.2220727354288101 0 0 0 0 3.140334352850914 0.2132242023944855 2.754629746079445 0 0.3998730182647705 0 0 0 0 0.5756559520959854 0 0 2.206536620855331 2.470232665538788 0 0 0 0.3579338788986206 0 0 0 0 0 2.830804288387299 0 0.7185477912425995 0 8.883185267448425 0.3618073612451553 0 0 0 0.237181231379509 0 0 0 0 26.6849445104599 3.5940111130476 0 0 0.1407528519630432 0.9214337021112442 1.682357937097549 3.450875133275986 1.044780761003494 0.8027007430791855 0 0 0.4622092843055725 0.2366486787796021 0 0 0 0.252823680639267 0.3633469641208649 0 0 26.63876062631607 7.943307727575302 3.332560196518898 115.0265734568238 25.96285462379456 381.1816805377603 28.13376298546791 2054.399131074548 28.62930402159691 5.268275320529938 11.78918252140284 10.86458976566792 0.187135174870491 9.541391745209694 0.2757905125617981 31.32276698946953 0 0.08596020936965942 1.086802303791046 1.074009798467159 0.357309103012085
642.9629003331065 2507.708902999759 4359.047203563154 15.66947922855616 1401.225010231137 7.938067510724068 105.3727074638009 1607.833257220685 3956.870643444359 16.81463298946619 0 218.5248203277588 2072.527765765786 3146.246673204005 154.9992443323135 74.97869569063187 6.972902044653893 6.096507772803307 0.858085885643959 11.57945435494184 15.84754990041256 0.3777561038732529 0.5261274427175522 0.1101135462522507 1.780459925532341 1.075357757508755 0.09754832088947296 1.242414228618145 0.5543593764305115 0.1335681825876236 810.5074097588658 218.9486801326275 142.4812829643488 1.489266194403172 0.2299082577228546 4.279741324484348 137.9189634844661 4.7251256108284 2.59307873249054 4.37126986682415 5.437874332070351 0.881308950483799 19.3832640349865 5.593917347490788 0.6927664205431938 1.289495423436165 331.4424593821168 12.11556548625231 2.69354684650898 23.2203022763133 2.977522619068623 1.632236793637276 0 1.607874639332294 4.23735710978508 8.402651347219944 22.10866718739271 241.3327579349279 17.18035594373941 62.8209807574749 4.025349348783493 8.459232099354267 3.272354066371918 165.0985222458839 9.532315991818905 5.690098326653242 8.288265559822321 10.61926431208849 19.80081773549318 15.55824372917414 153.5626273453236 10.48456796258688 0.2281307503581047 168.6085012629628 222.6519621387124 292.351361349225 426.3459420651197 34.63736294209957 169.4497871696949 1015.412093676627 4.813315704464912 146.7366066873074 11.22299833595753 0.6310322135686874 7.42642193287611 5.168309148401022 21.75554478913546 0.2605163976550102 2.848257511854172 0.3622758314013481 0.9162042737007141 2.228870265185833 1.704963132739067 1.015574969351292 1.126199342310429 44.50118239223957 4.526356510818005 0.269103541970253 0.8801518157124519 201.1591519117355 0 0 0 0 0 0.5700442343950272 0 1.675683215260506 2.865477114915848 4.17283570766449 0.5409673005342484 2.569787785410881 2.317019164562225 2.598893985152245 5.178523749113083 0.2247606590390205 0.1308213174343109 0 0 0 0 0.1494998633861542 0 0 0.1346410512924194 0 0 0 0 0 0.1599615961313248 0.1487982124090195 0 0.152651771903038 0 0 0 0.1007088497281075 0 1.786536999046803 0.4324322938919067 1.859331771731377 0.5519639104604721 0.1229170709848404 0.1133558079600334 0.1099352836608887 0.1288930773735046 0 0 0 0.1411380171775818 0.4011043906211853 0 0 0 0 0 0.1654600948095322 0 0 0 0 0 0 0 0.1186522394418716 1.006292447447777 0 0.3211055099964142 0 0 0 0 0 0 0.1086573079228401 6.986145526170731 2.490143999457359 0 0 0.4606958106160164 1.07108636200428 0.9657144248485565 0.4141743034124374 0 0 0 0.1292127072811127 0 0 0 0 0 0 0 0 0 4.332704797387123 0.6974643617868423 1.786268793046474 215.5684168115258 68.44250621646643 502.5025698617101 85.29779246449471 149.0406759902835 32.82578085362911 9.551977142691612 35.85161316394806 8.000673912465572 0.1373599320650101 1.7034532725811 0 2.451950296759605 0 0 0.1533135920763016 2.140502326190472 0.9252358078956604
49.22094967961311 174.9686126708984 25.10435616970062 647.7594601809978 228.1379485502839 417.3631757348776 725.3620715290308 31.4540416225791 222.6682726293802 1651.802039571106 218.5248203277588 0 3361.509108439088 416.6925247460604 116.808913089335 93.1927250996232 10.78331386297941 1.817888863384724 0.2727863639593124 1.089909009635448 1.027826488018036 0.3923534452915192 0 0.1317896395921707 0.8055045455694199 0.2955325394868851 0.102113738656044 0 0.3859669715166092 0 9.077823311090469 5.794579237699509 72.23885449767113 0 0 1.870403274893761 236.4915720745921 1.767071798443794 23.91387537121773 10.16517749428749 1.142232492566109 0.2731771469116211 1.114819914102554 7.452802337706089 0.8691049069166183 1.867924973368645 110.2300258502364 1.396077841520309 1.296243734657764 2.478444248437881 0.7439268454909325 0.8099684566259384 0.661504328250885 0.6473208516836166 0.5762492939829826 1.365059822797775 7.870527543127537 7.663057126104832 3.223173856735229 5.907093286514282 3.386691518127918 8.109002232551575 2.452724918723106 12.60053070634604 1.098238214850426 1.699204035103321 2.480366691946983 1.784257441759109 5.113199181854725 4.324412643909454 634.6278362348676 57.15550077706575 0 17.48888054490089 10.85998876392841 61.94397230446339 56.62982369959354 25.73777865618467 10.96088912338018 147.5034897252917 3.692475832998753 14.0149891898036 0.6064183712005615 0.1968776360154152 2.452183417975903 1.371361002326012 4.594269216060638 0 0.4789600968360901 0.1071388199925423 0.5707033425569534 1.13200881332159 1.659588173031807 1.907606430351734 0.5087066367268562 1967.117807179689 131.6649322211742 0.5250377804040909 0 78.61377146095037 0.3341532200574875 4.05225470662117 4.506249517202377 4.846838191151619 3.219255685806274 23.3360431343317 6.897593796253204 27.61244463920593 32.49612171947956 33.39429003000259 16.08656124770641 52.70892129838467 37.77088508009911 56.12707714736462 30.56389805674553 0.2609253376722336 0.8227789998054504 0.1778752654790878 0 0 0 0 0 0.1874830573797226 0 0 0 0 0.1564281582832336 0.129334032535553 0 0.8572312071919441 0.2604451179504395 0.1175675243139267 0.1738452911376953 0.380281001329422 0 1.147300153970718 0 5.496769107878208 0.3884453177452087 3.936252422630787 0.5175421014428139 0.9639936834573746 0 0.4058769792318344 0.1353534311056137 0 1.334886342287064 0.1744960397481918 0 2.112479478120804 2.048426724970341 0.168383002281189 0 0 0 0.1407275795936584 0 0.2053425312042236 0 0 1.743506997823715 0 0.2536277547478676 0.7160670831799507 10.39232717454433 0 0.2351482212543488 0.2745717912912369 0 0.4511307179927826 0 0 0 0 41.73294448852539 5.030508793890476 0 0.1226264014840126 0 4.591844700276852 1.957527324557304 3.179177045822144 0.9073601365089417 2.624819815158844 1.893038973212242 0 0.3210632652044296 0.1355111598968506 0 0 0 0.3799055218696594 0 0 0 51.91352458298206 8.263533897697926 6.303654938936234 383.0932674184442 38.52731628715992 258.3369355127215 85.23516281694174 414.9072276502848 13.83691330999136 4.442581124603748 54.01721887290478 21.30392634868622 0.2054772078990936 10.95182500034571 0.6656643226742744 48.48901189118624 0.8608073368668556 0 2.121629908680916 2.686213247478008 1.391551062464714
198.9773129597306 902.8687034994364 150.7876353934407 2539.641186513007 1078.950917072594 305.7924055755138 2053.299019835889 86.27423010021448 1241.120628334582 6394.334238983691 2072.527765765786 3361.509108439088 0 3075.289560623467 271.4080549255013 179.3560815677047 16.40478091686964 2.306041829288006 0.6462630778551102 4.150916799902916 3.944942265748978 0.5933281630277634 0.352982372045517 0 1.937818676233292 1.516483329236507 0.3371028080582619 2.116434670984745 0.4949338734149933 0.1390523761510849 29.99628239870071 15.27917298674583 462.6570477560163 0.7430852949619293 0 2.848162785172462 265.8007099032402 4.06044914573431 61.4384371265769 22.23346607387066 2.573404908180237 1.497137539088726 3.02778585255146 14.17325903475285 1.071550846099854 1.791579149663448 298.2948174551129 6.233952701091766 1.329941771924496 5.767964527010918 3.332870915532112 2.087265878915787 1.281971454620361 2.254472017288208 2.380397394299507 4.284703329205513 10.21536784619093 28.92089822888374 10.25703831017017 24.27602426707745 5.119670748710632 15.89472058415413 1.652754582464695 38.90282983332872 4.196977600455284 4.292292520403862 3.781030721962452 6.433669902384281 10.29676077514887 6.373438872396946 388.621849052608 112.4157331436872 0.1265423744916916 60.09413925558329 49.82998863607645 201.5286805778742 245.9103837907314 54.34729682654142 14.90885972976685 786.9726278185844 7.35035952180624 36.76287791132927 3.569855868816376 0.7880662083625793 4.657641917467117 2.803190857172012 9.406146094202995 0.1640564054250717 1.938738465309143 0.4266089722514153 0.8457103818655014 1.909187637269497 2.937233671545982 1.357205905020237 2.251777917146683 2682.588290728629 122.7112340629101 1.415053874254227 7.773561231791973 95.48786561191082 0.7816533893346786 3.443693473935127 7.880098350346088 8.622497245669365 2.478505775332451 39.53480147570372 2.901840463280678 53.78474442660809 55.27040314674377 61.09941183030605 26.71085543930531 74.73563216626644 75.35819261521101 74.30971021950245 62.06104738265276 1.549847573041916 1.028679817914963 0.3465137332677841 0.4368744492530823 0 0 0.2192025929689407 0 0 0.1397062689065933 0 0 0 0.1870066970586777 0 0 0.5537391677498817 0.3239675611257553 0 0.3290818184614182 0.3193539083003998 0 0.4739822074770927 0 10.29521852731705 1.169189542531967 10.69992783665657 1.98308178037405 1.461349807679653 0 0 0.1626693606376648 0 2.710392162203789 0 0 2.195846349000931 2.640750467777252 1.205261573195457 1.416596435010433 0 0.1288419663906097 0.1299585551023483 0 0 0 0.2050119340419769 2.138536781072617 0 1.267426937818527 1.059095501899719 21.97003496438265 0 0.7419270798563957 0.8933360427618027 0 0.4792253226041794 0 0 0.378847748041153 0.1281953155994415 91.28080832958221 7.275930605828762 0 0 0.5911135077476501 8.081911504268646 7.69621479511261 6.112990647554398 2.341344237327576 3.550398215651512 1.365956604480743 1.170251369476318 1.010724693536758 0.6267770230770111 0 0 0 0 0 0 0.3531563878059387 84.53467771410942 14.92334862798452 12.99005092680454 671.641239695251 121.3293112516403 633.1047954335809 206.7962607815862 503.8444371521473 44.95121722668409 15.44600784778595 114.1697094291449 42.49700688570738 0.1997317969799042 19.70132148265839 1.114201128482819 69.52185185998678 0.2733877301216125 0 3.584930881857872 3.186286903917789 1.431388929486275
216.5555837228894 879.7006338313222 471.9780985936522 213.0514216423035 431.3385202437639 53.00617811083794 395.5157086402178 249.0855725109577 856.6833547726274 514.7861752435565 3146.246673204005 416.6925247460604 3075.289560623467 0 288.0308830738068 238.3498535677791 28.10333371907473 6.75886544585228 0.8443953692913055 7.551858335733414 10.20412609726191 0.575353741645813 0.12932288646698 0.1018818020820618 10.78884261846542 2.463574111461639 1.119845889508724 2.309867538511753 0.769555427134037 0.6470576673746109 106.0545525029302 37.34657908976078 461.2890873327851 2.602862909436226 0.7677656710147858 16.68698693066835 581.0971518829465 23.69444557279348 39.70795646309853 43.38436935842037 5.555643863976002 0.3601866364479065 13.1925018504262 25.75524850934744 2.98042393475771 4.804023586213589 310.3151377141476 8.946346253156662 3.387675262987614 14.6089748442173 4.641708947718143 3.345089189708233 0.3877147436141968 2.862377397716045 1.572131581604481 3.54270339012146 7.757413789629936 46.34016939252615 8.360238306224346 33.15848925709724 23.13818742334843 18.6419817879796 8.139314234256744 61.3789424970746 4.491047583520412 2.942945957183838 6.407316565513611 13.92409551143646 21.72383669763803 18.46746248006821 590.4059608876705 74.58403016626835 0.1246585324406624 57.49577537178993 69.17307064682245 216.6639199405909 302.4986039251089 67.21107009798288 38.972416870296 1377.857201367617 15.24508675932884 61.8875318095088 5.342393912374973 0.4895721599459648 4.030701637268066 4.142686441540718 22.78796202689409 0 2.382379487156868 0.859925702214241 0.8505054116249084 4.748322047293186 6.041306190192699 3.142907440662384 2.548128247261047 632.9790944606066 57.78132165968418 0 2.429469764232635 65.9060625359416 0.5599165484309196 0.5354494899511337 1.030632302165031 1.244045257568359 0.8176044076681137 12.66294821351767 1.190949320793152 16.83633647859097 17.18454225361347 26.95946826040745 12.3649565577507 21.7517051845789 28.4653330296278 28.35875997692347 23.79755830019712 0.6806492432951927 0.3197421878576279 0 0.1555114835500717 0.1364114731550217 0 0 0 0 0.1109195575118065 0.1772670894861221 0 0.2190223038196564 0.1676482409238815 0.5374636203050613 0 0.2940295934677124 0.3775142356753349 0.7088090404868126 0 0.3777600824832916 0 0.4274790436029434 0 5.232952482998371 2.170103840529919 8.835640385746956 1.679771386086941 1.164985880255699 0.289106585085392 0 0.2464383095502853 0 0.3664826601743698 0.1578767746686935 0 1.229017823934555 2.08648369461298 0 0 0 0 0.5917110666632652 0 0 0 0.2389122843742371 0.3663228750228882 0 1.436077915132046 1.95544445514679 10.62803898751736 0 0.457220584154129 0.6634416580200195 0.10263492166996 0 0.1089672520756721 0 0 0.3331145197153091 43.87931429594755 5.346550770103931 0 0 0.1843557953834534 3.771239414811134 3.153896234929562 3.983253285288811 1.216412052512169 0.9815582931041718 1.413362964987755 0 0.3655990809202194 0.5987797304987907 0 0 0 0 0 0.2229195460677147 0.2141195982694626 31.94628310203552 7.683055266737938 6.919491320848465 653.1832039579749 114.3038322478533 648.1321420967579 193.1642195954919 210.9588425680995 40.47348263114691 16.93410771340132 103.7887796014547 22.36932992935181 1.811426490545273 6.533694915473461 0.5642390698194504 19.456592425704 1.112166941165924 0 2.329564787447453 6.205876968801022 1.262377604842186
