0 8642.821536995471 1046.350933417678 1042.789879783988 482.7450109794736 266.0370145589113 2468.416487075388 155.7473873123527 246.5509959682822 2164.242569342256 534.9435510337353 174.8868695497513 807.1366438493133 174.2787751853466 5.146734297275543 0.4586112797260284 0 0 0 0.2025455981492996 0.5355489253997803 0 0 0 0 0 0 0.1412849575281143 0 0 890.728301808238 4.221793636679649 5.657602168619633 0 0.2266712337732315 0 1.974946543574333 0.134905993938446 1.235930226743221 0 0.3038774430751801 0.2504057884216309 0 0.514302983880043 0 0 35.60451826453209 2.533793568611145 0 0.6577958017587662 2.52479287981987 0.2180134207010269 0 0.6804647594690323 10.10444114357233 6.242134004831314 159.6848682314157 1493.136230349541 13.03834120929241 26.9641814827919 0.5970519185066223 0 0 25.7624980956316 18.18018797785044 7.871572203934193 3.666582174599171 0.6732712686061859 0 0.7237980663776398 15.7871541082859 2.36085806787014 0 275.6798993125558 251.7889674678445 80.90153379738331 9.025033444166183 0.6779187470674515 1.639184430241585 10.67558544129133 0.8796737939119339 0.9262953698635101 22.766068123281 0 5.292557686567307 7.293292887508869 0.6967485621571541 0.4113826751708984 6.467073060572147 0.389293909072876 0.7245156019926071 0.5146444439888 0.1664573550224304 0.145157516002655 0.3469857051968575 61.95171694457531 3.2557133436203 0 4.989871695637703 1616.617054328322 0 0.8111388683319092 4.299524307250977 0.8380362391471863 0 2.643428608775139 3.489688962697983 0.8427145183086395 0.5512092113494873 7.412821471691132 0.3347810208797455 14.74595539271832 15.28784956037998 8.193744868040085 4.361413463950157 0.2872894704341888 0 0 0.1095808520913124 0 0 0 0 0 0 0 0 0 0 0 0 0 0 0 0 0 0 0 0 1.304964542388916 0 0 0 0 0 0 0 0 0 0 0 0 1.264670252799988 0 0 0.2450636625289917 0 0 0 0 0.1340376138687134 0 0 0 0 0 0.3160617351531982 0 0 0 0 0 0 0.1663531363010406 0 0 6.223001137375832 0 0 0 0 0.3339641690254211 0 0 0 0 0 0 0.5468019247055054 0 0 0.546584278345108 0.1268408298492432 1.582892954349518 0.1360098570585251 0 0 1.237420260906219 4.559515058994293 0.3926523923873901 88.09668446332216 15.74644193798304 261.2803988158703 6.414764679968357 1372.424529343843 56.8569328635931 2.292382806539536 22.47950208187103 3.816626861691475 0.7247624397277832 2.149914860725403 0 0 0 0 2.906630143523216 0.8617774844169617 0
8642.821536995471 0 608.4161046072841 301.9657134264708 3585.547739483416 658.6234094500542 4929.251283079386 249.6813124269247 2965.629422076046 418.7995901331306 1672.942901529372 58.29839019477367 2084.535139396787 436.3828536421061 18.6165297627449 2.710762292146683 0.3596130907535553 0 0 0 0.2943267375230789 0 0 0 0.1768718510866165 1.195013046264648 0 1.242001689970493 0.233776792883873 0 1213.978944405913 16.3588462471962 1.724701538681984 0.1143976077437401 0 0 3.569164164364338 0 1.387967884540558 0.2026850655674934 0.3675904870033264 0.5236184895038605 0.1648230105638504 0.606681689620018 0 0 107.0787502452731 2.393510229885578 0.1306627690792084 0.4761659130454063 7.101630873978138 0.147656038403511 0 1.131354421377182 14.4924880862236 13.28684560209513 48.33185673505068 534.1824007555842 10.50819276273251 65.98295865207911 1.127752915024757 0.1703370213508606 0.2320270836353302 54.3312207236886 24.6732859686017 14.85711543262005 8.468227587640285 2.360704347491264 1.026251941919327 1.023998364806175 17.92601268738508 6.757688440382481 0.1281070858240128 287.0746182873845 304.3520961031318 240.7839490622282 48.68661784380674 1.999910712242126 9.127657353878021 10.22401458770037 0 1.270586892962456 35.57398514449596 0.116965614259243 11.28893314301968 18.39973337203264 3.64542805403471 1.431494519114494 14.34512091428041 0.2271979078650475 2.934565141797066 0.9349197819828987 0.7381786704063416 0.5792692899703979 1.983837895095348 104.567407399416 3.45448163151741 0 2.277724958956242 806.6392788589001 0 0 0.6842759251594543 0 1.138007611036301 5.974991947412491 6.560978978872299 7.232595294713974 4.025290817022324 3.964178562164307 1.509292542934418 18.31056596338749 30.89155004918575 19.55204030871391 10.76282031834126 0 0.7074147164821625 0 0 0 0 0 0 0 0 0 0 0 0 0 0 0 0 0 2.207682728767395 0 0 0 0 4.133294105529785 0 1.50650791823864 0 0 0 0 0 0 0 0 0 0 3.801105201244354 0 0 0 0 0 0 0 0.1257628351449966 0 0.1380837559700012 0 0 0 2.163786947727203 0 0 0.1181247979402542 0 0 0.7877100706100464 1.382620841264725 0 0 8.274816960096359 0.952777087688446 0 0.1275798082351685 0.6299286484718323 3.378720581531525 0 0.7369000911712646 1.097974121570587 0.3002954125404358 0.3255641758441925 0 0 0 0 0.3133364170789719 0 1.307363495230675 0.3815980032086372 0 0.1176203712821007 5.06263630092144 5.257105186581612 2.214849084615707 160.6871598735452 36.59889425337315 437.5466085523367 28.38493101298809 687.3712007254362 61.16406459361315 4.223569393157959 34.13682531565428 5.257408395409584 0.2434312403202057 8.292968444526196 0.6815057992935181 9.557004988193512 3.161823123693466 0.1700562685728073 1.721992582082748 0.7899102866649628 0.3124878108501434
1046.350933417678 608.4161046072841 0 1.271920189261436 532.8675068616867 76.62419964373112 112.9246098771691 5350.560699984431 614.4804142192006 8.525539800524712 5232.261485919356 6.248565420508385 108.9691506549716 373.3228494673967 47.08328611403704 37.5328306555748 2.514560505747795 0.5184361934661865 0 4.440078034996986 41.32222729921341 0 2.684117406606674 1.477898269891739 9.396230831742287 10.29409934580326 1.510616630315781 2.716468766331673 0.5921581834554672 0.1526086628437042 4439.265026330948 412.8316302746534 54.10335978865623 0.9570851624011993 2.22452512383461 8.2071762830019 36.65335956215858 8.736999079585075 10.84189766645432 2.969915509223938 45.40208056569099 20.91818664968014 5.780301451683044 4.902175202965736 0.5586714297533035 1.462054774165154 81.08313846588135 4.018069490790367 1.226731181144714 7.061867207288742 10.35089455544949 1.175011500716209 0 2.563932299613953 5.808170527219772 7.839681230485439 34.3649458438158 939.5536355525255 4.673297330737114 31.16877210140228 8.474642142653465 10.74621248245239 1.060593158006668 513.2109976485372 14.22379995882511 18.33303144574165 17.79817930608988 21.05778156965971 16.57261414825916 102.0851900428534 64.55576223880053 18.52238072454929 0 248.8583345338702 242.6127674207091 194.5969028025866 89.01318007707596 27.45595279335976 951.9980348646641 792.7677844390273 10.11335964500904 179.4723444581032 14.06945127248764 0.1094678491353989 5.263027355074883 9.731173157691956 8.940937735140324 0.5887730568647385 6.786096014082432 0.2319850772619247 2.121998324990273 1.240383468568325 27.51284395158291 6.796618804335594 1.200927942991257 41.46498310565948 11.64625410735607 0 6.091759614646435 886.3412361294031 0 0 0.2863419651985168 0 0 7.752169072628021 0.9016034603118896 0 2.147824630141258 2.508766651153564 3.31361511349678 18.53120964765549 19.66498622298241 9.935896039009094 14.40660654008389 0 0.2895890474319458 0 0 0 0 0 0 0 0 0 0 0 0 0 0.214207336306572 0 0 0.1662023812532425 1.279986441135406 1.161382794380188 0 0 0 1.672731757164001 0 0 0 0 0 0.2168949246406555 0 0 0 0 0 0.9567200690507889 1.006029367446899 0.5717447996139526 0 0.1376037746667862 0 0.6347015351057053 0.1149381175637245 0 0.2654207125306129 1.891481637954712 0 0 0 0 3.206138074398041 0 0.5001397728919983 0.632520854473114 0 0 0 0.4559079259634018 0 0 16.23670276999474 0.5271148085594177 0 0 1.74414387345314 3.584023952484131 0.5279331654310226 0 0.2336894571781158 0 0.647136777639389 0 0 0 0.1470974385738373 0.3933587744832039 0 1.128778904676437 0.4312472939491272 0 0 7.474261224269867 8.115827113389969 6.95117624104023 114.5398699715734 34.5181572958827 269.8936704322696 31.51234745979309 440.0093582868576 41.47847874462605 5.096568956971169 40.76740826666355 4.965161740779877 0.7224625945091248 4.063013926148415 0 1.136761069297791 1.389917775988579 0 3.41743940114975 2.09768782556057 1.191623449325562
1042.789879783988 301.9657134264708 1.271920189261436 0 24.01831433176994 239.9877110570669 584.6128819063306 0.3585254102945328 53.74750877916813 1607.545081391931 0 499.3223938345909 1130.714841470122 52.07495072484016 0.1418276280164719 0 0 0 0 0 0 0 0 0 0 0.2014528512954712 0 0 0 0 13.90799424052238 0 0 0 0 0 0 0 0 0 0.1582925915718079 0 0 0 0 0 2.1729796230793 0 0 0 0.3576305732131004 0 0 0 0.1475668102502823 0.6910038664937019 3.640844613313675 19.55847544968128 0.7475236654281616 1.231874264776707 0 0 0 0 0.5792527794837952 0.391339972615242 0.1015970557928085 0.2267059683799744 0 0 0 0 0 9.558085642755032 5.818506747484207 6.169643208384514 0 0 0 0.6399956941604614 0 0 1.881392627954483 0 0.882796473801136 0.6268392726778984 0.15328548848629 0.1207164227962494 0.810198076069355 0 0 0.1562296897172928 0 0 0 26.37268881499767 0 0 0 28.79209826886654 0 0 0 0.6521380543708801 0 0.3233329057693481 0.6514425277709961 0.2611508667469025 0.2089949548244476 0 0 3.466802060604095 6.724849537014961 2.668406710028648 1.439259648323059 0 0 0 0 0 0 0 0 0 0 0 0 0 0 0 0 0 0 0 1.165562272071838 0 0 0 0 0 0 0 0 0 0 0 0 0 0 0 0 0 0 0 0 0 0 0 0 0 0 0 0 0 0 0 0 0 0 0 0 0 0 0 0 0 0 0 0 0 0.1184125021100044 0 0 0 0 0 0 0 0 0 0 0 0 0 0 0 0 0 0 0 4.2017752379179 0.9227743819355965 11.76215800642967 0.736259326338768 35.15410247445107 1.616896376013756 0 0 0 0 0.1935457736253738 0 2.460519552230835 0 0 0 0 0
482.7450109794736 3585.547739483416 532.8675068616867 24.01831433176994 0 37.78956326842308 2928.557682685554 126.1783848404884 12124.36028482765 93.11154394596815 2135.096755445004 1.346057496964931 142.9804500713944 316.4429198950529 29.96290672570467 2.492687188088894 0.3667271137237549 0.3916473388671875 0 0.320761613547802 0.7438451498746872 0.2975005358457565 0.2552162930369377 0 0 1.079359941184521 0.09995348751544952 2.40293575823307 1.28415535390377 0.09413197636604309 255.0175965577364 23.46180399507284 4.905253194272518 0 0 0.3928768336772919 6.582874983549118 0.09723368287086487 0.8195888847112656 0.2997519671916962 0.5557792037725449 0.9403806701302528 0 0.6732450425624847 0 0.1358343213796616 129.3679867237806 2.733100146055222 0.3167982250452042 0.3129644244909286 8.431399576365948 0 0 2.217561826109886 5.767559729516506 10.68274234235287 17.163120880723 132.6605457141995 6.106729947030544 57.84364841878414 0.6040340512990952 0.4592736661434174 0 55.45115608721972 24.65416079759598 13.35320270806551 7.380594462156296 3.108391150832176 0.2815582528710365 0.8057731986045837 37.26026804745197 12.80485628545284 0 157.2843087688088 181.6717869564891 258.333394959569 76.25841385871172 1.96138608455658 3.581880733370781 7.118866376578808 0.8213061690330505 1.417693875730038 21.08444843441248 0.08975557237863541 8.11895190179348 14.03826768696308 2.453834272921085 1.005847208201885 14.06902021169662 0.4104375094175339 1.93876751512289 0.9211200997233391 0.2702091634273529 0.8988206386566162 1.164652660489082 51.18829698860645 12.92301451414824 0 7.214792646467686 71.62208299338818 1.736921042203903 0 1.608993798494339 0 2.386258631944656 16.88386464118958 2.817044764757156 5.83551013469696 3.492991283535957 4.720809951424599 5.44820474088192 50.79563331604004 40.92275273799896 42.77138744294643 34.08267872035503 1.764041677117348 0.8387476354837418 0 0 0 0 0 0 0 0 0 0 0.2299123704433441 0.3009112179279327 0 0 0 0 0.1440319269895554 3.228796452283859 0.4801684021949768 0 0 0 8.241430431604385 2.545389711856842 4.27669620513916 0.5841211676597595 0.3357393741607666 0 0.1274724304676056 0 0 0 0.4806439876556396 0 0.1839988231658936 6.776910781860352 0 0 0 0 0.2011750489473343 0 0.5958052277565002 0 1.073669046163559 1.754362910985947 0.5722860097885132 0 0.4153997898101807 13.8238567262888 0.4701275527477264 0.1803313195705414 0.9955465793609619 0 0.1216701567173004 0 0.4679224491119385 0 0 50.80846812576056 8.166031301021576 0 0.6216797381639481 0.4427996575832367 20.91856421530247 1.671874850988388 3.426675170660019 5.985730707645416 2.382597759366035 3.605744451284409 0.207587406039238 0.3698019236326218 0.4176234602928162 0 0.2227445170283318 0 0.5877178236842155 0.224513940513134 0.1237704083323479 0 12.41033220291138 20.92621524631977 6.894431099295616 180.383236810565 77.57154645770788 416.8850565552711 45.8297451287508 150.4299871325493 66.05144652724266 10.7653224915266 39.20965208113194 11.69134672731161 3.145149752497673 23.86727055907249 2.502680882811546 7.192016109824181 6.308996975421906 0.1962337642908096 5.888827562332153 3.634775280952454 2.183505102992058
266.0370145589113 658.6234094500542 76.62419964373112 239.9877110570669 37.78956326842308 0 595.2055951952934 11.27370817959309 58.32246758043766 983.5558041036129 39.69401776790619 249.2685095667839 465.2957518845797 93.07928051054478 0.1907432377338409 0.6068133115768433 0 0 0 0 0 0.8012412190437317 0 0.1339266747236252 0 0 0 0 0 0 83.9603725373745 0 18.23840418457985 0 0 0 19.63080248236656 0 0.2382512986660004 0 0 0 0 0 0 0 4.388043105602264 0.2101177573204041 0 0 0.5816625356674194 0.8311906754970551 0 0 0.7336744368076324 0.8101275414228439 158.5119650512934 169.2159212231636 5.67791935801506 2.447882175445557 0.1829841881990433 0 0 0.2766125798225403 1.206877991557121 0.2737012207508087 0.2898745387792587 0 0 0 131.4651815891266 40.53061538934708 4.680088043212891 17.70316961407661 16.39053818583488 6.083033844828606 1.122500315308571 0.2068657577037811 0.2092089056968689 16.59189866483212 0 0 1.535386234521866 2.325753480195999 0.4967817515134811 0.9423237442970276 0 3.14235956966877 1.960909560322762 1.207747250795364 0 0 0 0 0.4165206849575043 498.2192299962044 153.1508443653584 0 5.60481271147728 425.0356799811125 0 0 0 0 0 4.01624271273613 3.955223709344864 0 0 1.205215871334076 0 7.728583544492722 5.361300230026245 4.689233660697937 1.534620299935341 0 0 0 0 0 0 0 0 0 0 0 0 0 0 0 0 0 0 0 1.761401057243347 0 0 0 0 0.3006324172019958 0 0.463768482208252 0 0 0 0 0 0 0 0 0 0 0 0 0 0 0 0 0 0 0 0 0 0 0 0 0 0 0 0.2031953930854797 0 0 0 0 0 0 1.1434086561203 0 0 0 0 0 0.7261524796485901 0 0.3143875896930695 0 0 0 0 0 0 0 0 0 0 0 0 1.293346017599106 0 0 5.330662876367569 0.9413705915212631 23.12775550782681 0.6213037222623825 215.4126453399658 6.289872676134109 0 0.2517172694206238 0.1756050288677216 0 0.9478535652160645 0 4.876160979270935 0.3292770683765411 0 2.265130370855331 0 0
2468.416487075388 4929.251283079386 112.9246098771691 584.6128819063306 2928.557682685554 595.2055951952934 0 41.44071457535028 3013.435347676277 1254.38060926646 452.3981641307473 7.016086466610432 2729.817953437567 394.9917382523417 42.5839733555913 5.980615571141243 0.7676134556531906 0.5651462525129318 0 0.3376372903585434 0.943909153342247 0 0.1093492060899734 0 0 0.860922247171402 0.1491553485393524 2.699397750198841 2.289981663227081 0.3668297976255417 155.6173966005445 17.67996241897345 8.720654115080833 0 0 0 20.90250827372074 0.3103587627410889 2.211416453123093 0.4611270129680634 0.810462050139904 2.375779122114182 0 2.675111927092075 0 0.1172763928771019 191.8315951824188 3.988527484238148 0.1659865975379944 1.55683046579361 8.97382478415966 0.1211172193288803 0 2.491576254367828 12.55647505074739 17.73306860774755 39.02125725895166 273.3976851627231 9.770739920437336 88.63167534023523 0.2629469633102417 0.3625838235020638 0 61.03448039293289 34.24072427302599 18.63582024723291 11.41381185501814 3.360937751829624 1.303571343421936 2.11412800848484 86.44717247784138 23.21221359074116 0.1032485142350197 252.0586008355021 299.6628631725907 359.4889687001705 96.76572202891111 4.396525867283344 2.50519373267889 4.14791364222765 1.234894916415215 1.799382790923119 30.52745278924704 0.3229705616831779 12.30906744301319 22.01758629083633 3.265203334391117 1.071411050856113 17.79091028124094 0.5279509797692299 2.770009517669678 1.652899667620659 1.29486146569252 0.7395994663238525 1.741198137402534 403.8368059769273 31.93730979412794 0 11.79376384615898 193.375430136919 5.811193108558655 4.625166580080986 15.9073805809021 1.074856296181679 11.84842908382416 137.3771422356367 14.78024046123028 27.56865838170052 31.82902185618877 36.72845950722694 21.53359846770763 319.762698829174 254.0888592153788 243.4492543935776 160.4858756065369 5.322785302996635 2.326843202114105 0.5166923403739929 0.4514212608337402 0 0 0 0 0 0 0 0 0 0.4306213557720184 0.5761018395423889 0.6912973374128342 0 0 0 7.526012912392616 3.572881609201431 0 0 0 22.06275847554207 5.522687748074532 13.34049615263939 2.241749085485935 0.5005496665835381 0 0.6066020280122757 0 0 0.2284375578165054 0 0 14.38402616977692 18.95206092298031 1.33265446126461 0 0 0 0.1121612638235092 1.098545715212822 0.8533384799957275 0.2105984687805176 7.594595476984978 9.88763752579689 0 0 0 30.99686944484711 0.8947979211807251 3.239207193255424 2.742463201284409 0.3666371703147888 0.1129178926348686 1.010232359170914 0.7062189728021622 0.1170472428202629 0.1332153379917145 174.2113701924682 13.59958051145077 0 0.2244506254792213 0.3115333244204521 56.58984723687172 5.270472496747971 13.2917013168335 27.47011429816484 6.618121713399887 10.29107066988945 3.322094529867172 3.250038042664528 0.9229350090026855 0.4747465550899506 0.2430861592292786 0.128815695643425 2.158360123634338 1.05837731808424 0 0 65.54269357025623 80.65741047263145 20.12073890864849 298.7570948824286 103.7645511254668 702.3985277488828 76.11968537420034 454.2179001346231 110.3097055107355 14.29051481932402 68.00125389546156 48.91536436975002 10.36591082811356 100.6413995623589 11.13334082067013 44.16710422188044 21.93728946149349 1.629227325320244 29.51923040300608 5.260745286941528 4.540485337376595
155.7473873123527 249.6813124269247 5350.560699984431 0.3585254102945328 126.1783848404884 11.27370817959309 41.44071457535028 0 1260.615361742675 2.973827660083771 2965.56732583046 15.73962303996086 173.5854659155011 700.9410415515304 69.77866578102112 35.85626740753651 3.751924745738506 3.605106920003891 0 27.60981605947018 68.18225528299809 0.143035039305687 9.094038635492325 1.98119643330574 12.73979867994785 9.915864408016205 3.326537251472473 3.833272665739059 1.108182989060879 0.0943138599395752 1546.830663695931 576.7120855078101 70.36481838673353 2.93087462335825 5.58273808658123 12.50970847904682 35.37241166085005 12.52550567686558 5.906689792871475 3.914289176464081 51.04638432711363 22.44564083963633 8.600145369768143 11.12173046171665 0.9257173985242844 3.333764113485813 176.7358122318983 6.770726710557938 3.205349057912827 20.03369948267937 7.259568907320499 1.39967480301857 0 3.73777274787426 5.708340846002102 5.76349663734436 18.56132102012634 205.467861585319 3.761376723647118 55.4775155633688 42.58390362560749 18.060616992414 3.870085790753365 365.3871981054544 9.65898647159338 17.55464617908001 17.68364138156176 30.75063917040825 34.75971940159798 174.8807259500027 52.63129384815693 7.518133163452148 0.8409579694271088 162.1677275374532 295.2171792984009 357.5167064964771 397.7510338276625 242.6937753856182 1518.030549198389 695.7261063829064 117.432401239872 775.832620203495 14.95039700716734 0 5.580490238964558 8.101508013904095 14.77353703975677 0.2538523897528648 8.599976442754269 0.3770889937877655 2.258963540196419 1.250697284936905 28.67568512260914 6.144563175737858 3.576896138489246 27.32525777816772 5.941089034080505 0 6.755473740398884 67.32829685509205 0 0 0 0 0.4315188825130463 3.376120656728745 0.5569230318069458 1.043269842863083 1.029339656233788 1.90241926908493 3.51666684448719 9.107110738754272 13.25235465168953 16.12184682488441 12.51660495996475 1.728890538215637 1.257980927824974 0 0 0 0 0.1678849011659622 0 0 0 0 0 0 0 0 0 0 0 0 0.797662764787674 0.2471379041671753 0 0 0 1.624468952417374 0 1.040779195725918 0 0 0 0.1424354612827301 0 0 0 0 0 0.3084595799446106 1.548628732562065 0.2549078762531281 0 0 0 0.6254874467849731 0 0 0.4309816211462021 0 1.811478838324547 0 0 0 3.71923816204071 0.1872911602258682 0 0.1314860135316849 0 0 0 0.2981109917163849 0.1253990232944489 0.1532711386680603 18.14285932481289 1.744546920061111 0 0 1.188885673880577 3.460206836462021 0.8832204937934875 0 1.231473311781883 0.6131262183189392 3.438108026981354 0 0 0 0 0.1707786917686462 0 1.814232766628265 0.5077838078141212 0.2193103134632111 0.2094617038965225 10.23845702409744 13.77921885251999 1.842739127576351 196.2869785651565 70.41487317532301 432.635325036943 59.18766565620899 93.31424426287413 67.36185153573751 8.244875811040401 63.90523344278336 6.839776717126369 0.7485754787921906 3.201080992817879 0.3790206164121628 3.8382758051157 0.7364087998867035 0 3.53549987077713 3.327543802559376 1.825147911906242
246.5509959682822 2965.629422076046 614.4804142192006 53.74750877916813 12124.36028482765 58.32246758043766 3013.435347676277 1260.615361742675 0 352.520693667233 4440.615272879601 12.27476518601179 1641.562972299755 1520.972150735557 75.5471633374691 11.18354629725218 0.514083594083786 0.2010375708341599 0 0.3521562218666077 0.2720739245414734 0.3199300467967987 0 0 0.2288112416863441 1.004285842180252 0.3381141573190689 2.954552680253983 3.933730468153954 0.340826541185379 218.3238442838192 27.4179016277194 22.89728946238756 0 0 0 33.84433090686798 0.48325564712286 1.966739937663078 0.5257301479578018 0.9549703747034073 4.254713796079159 0.282784640789032 2.438241086900234 0 0.1472663730382919 227.8312568366528 2.5287005007267 0.6467368304729462 0.9675202667713165 4.052513271570206 0.6247853189706802 0.1285756230354309 4.631400763988495 7.577058702707291 11.19109494239092 20.33295825123787 112.4904076159 8.337174192070961 71.985670350492 0.6813801750540733 0.2162002325057983 0 64.60404939949512 19.0660242959857 10.33806244283915 9.022851973772049 2.996262311935425 1.630860909819603 2.212694175541401 167.9991535618901 24.97036774456501 0.1228096634149551 155.0569299608469 212.1746972128749 418.608670309186 157.783120572567 11.69063422083855 6.005147963762283 14.80378931760788 0.7796920463442802 2.303275808691978 14.19698365777731 0.1555928140878677 8.369776472449303 17.03424898535013 2.870348833501339 0.4466855973005295 13.76951416581869 0.2027339786291122 2.007111757993698 1.553850434720516 1.44793538749218 2.004539340734482 2.228474222123623 136.8195189684629 40.83747213333845 0.2840850651264191 15.17638765275478 40.2392510175705 2.957435414195061 2.437543362379074 16.62838687002659 1.146550998091698 10.86197184026241 118.7027214169502 8.955783888697624 36.20728908479214 23.15398646891117 28.83032324910164 18.10621322691441 332.1036606580019 263.0476016998291 285.3976921439171 199.0437672436237 8.775524124503136 9.818342760205269 0.5463304817676544 0.2411899864673615 0 0 0 0 0 0 0 0 0 1.03255957365036 0 0.7151548340916634 0 0 0 12.25345607101917 7.686331406235695 0 0 0 41.65452003479004 1.928439229726791 17.04905344545841 1.070506401360035 1.279907688498497 0 0.3443901538848877 0.1524246782064438 0.2826207876205444 0.8555256575345993 0 0 13.95162066817284 25.20375799387693 3.136836215853691 0 0.4053135812282562 0 0.3318300023674965 0.3699376285076141 3.42536848038435 0.1192186325788498 9.428356513381004 19.38768959790468 0 0 0.7586598992347717 43.49077947437763 5.627850785851479 1.931353226304054 2.265617445111275 0.461938239634037 0.7727638334035873 0.9290440380573273 0.3916048109531403 0.4298086389899254 0.3324563056230545 248.5922319144011 12.83191931247711 0 0.1019217222929001 1.924586348235607 72.18353852629662 11.80273777246475 23.08779519796371 32.37545221298933 11.15539184212685 15.83033140748739 6.363634631037712 4.541636556386948 2.204632043838501 2.552509635686874 0 0 2.324568092823029 0.620701476931572 0 0 76.43087103962898 109.3263155817986 25.52812098711729 428.1108814775944 140.8272829279304 732.394210703671 118.0878709256649 188.1135620027781 136.2454021647573 17.1188248321414 124.3797223642468 66.77085147053003 13.54510167986155 136.5023961514235 21.24857162684202 54.97698388248682 24.2152004390955 1.216987907886505 32.70881323516369 8.001822210848331 4.794842757284641
2164.242569342256 418.7995901331306 8.525539800524712 1607.545081391931 93.11154394596815 983.5558041036129 1254.38060926646 2.973827660083771 352.520693667233 0 12.89328818023205 2905.076083481312 8087.168536633253 801.091794654727 1.02723491191864 0.4502200484275818 0 0 0 0 0 0 0 0 0 0 0 0.3417628705501556 0 0 40.47682608664036 1.474382847547531 10.97684119641781 0 0 0 14.5086010992527 0 0.7666358053684235 0 0 0.1417808085680008 0.2949871420860291 0 0.3910612761974335 0 13.26587283611298 0.3179881870746613 0 0 0.686287559568882 0.1790991872549057 0 0 0.8234614655375481 0.7445414513349533 14.88050851225853 73.26019176095724 1.729349106550217 5.054701842367649 0.826358824968338 0 0 8.609606057405472 2.724681176245213 1.386347517371178 0.5080599188804626 0.1494085341691971 0.1511310040950775 0 117.6731718927622 9.027244031429291 0 37.5650142878294 40.68646096438169 25.66231688857079 3.660028517246246 0.5061585754156113 0.5405325591564178 4.445049419999123 0 0 2.708408817648888 0 1.427952960133553 1.571412861347198 0.1417622417211533 0.08885446935892105 1.240582302212715 0 0.1002441719174385 0 0 0.2518041729927063 0 1027.673438370228 23.54103544354439 0 5.651525989174843 221.753693908453 1.759576410055161 8.878990322351456 18.79079857468605 3.131667017936707 4.012481793761253 136.9879784584045 49.21111980080605 26.95266717672348 16.44902022182941 55.8472770601511 10.14681722223759 274.3631126135588 266.9970033764839 255.8000494539738 47.31092104315758 1.449254676699638 1.202210962772369 0.4590387642383575 0 0 0 0 0 0 0 0 0 0 0 0 0 0 0 0 5.021124929189682 2.876038029789925 0 0 0 8.61423459649086 2.390863597393036 6.13813579082489 0.3356830477714539 0 0 1.219727277755737 0 0 0 0 0 2.860480442643166 9.928767785429955 0.853657066822052 0 0 0 0 0 0 0.3155494332313538 2.881561607122421 4.406703069806099 0 0 0 11.63110761344433 2.331850558519363 0 0.3070378601551056 0 0.144184336066246 0 0.1515571922063828 0 0.5031423568725586 60.19281449913979 3.641532123088837 0 0 0 13.30449932813644 0.9384067058563232 2.598307371139526 11.44921258091927 4.974971547722816 4.209108397364616 0 2.422111749649048 0 0 0 0 1.1203298792243 0 0 0 25.13823607563972 33.86002144217491 8.445658951997757 33.65228724479675 3.619347251951694 82.86793524026871 2.666897647082806 276.1297568976879 8.298280961811543 0.8068123012781143 4.140546455979347 13.30311225354671 1.344432353973389 48.05340351164341 8.235308215022087 36.77475629746914 11.80679440498352 0 16.47390386462212 0.2752538025379181 0
534.9435510337353 1672.942901529372 5232.261485919356 0 2135.096755445004 39.69401776790619 452.3981641307473 2965.56732583046 4440.615272879601 12.89328818023205 0 111.3396540284157 2273.826150618494 9812.526430413127 149.6267533451319 68.79185658693314 4.8353600949049 0.2360988110303879 0.136423721909523 2.171017490327358 18.0645400211215 0 0.6766540929675102 0.7704226225614548 9.968751236796379 8.246906407177448 1.243518725037575 4.96533739566803 2.77852638065815 1.031318612396717 1091.758136287332 253.0190067738295 503.6712845936418 1.492598384618759 0.634006530046463 9.493140533566475 238.1316468566656 13.07851524651051 16.66786736249924 3.642507620155811 35.981420353055 25.77584067732096 2.83761128783226 8.781295500695705 2.038918204605579 2.415709294378757 281.9365685507655 5.221379324793816 2.173157796263695 4.701571002602577 11.9514994546771 1.171231731772423 0.1678780913352966 2.361674688756466 5.027999304234982 8.831206932663918 18.05323081463575 166.6904982924461 5.128263518214226 72.49088927358389 5.482804581522942 13.99177753925323 1.211261883378029 160.7694539427757 18.00431331992149 17.37935074418783 17.80783622711897 20.93820184469223 17.23476871103048 53.83900167793036 305.5439626574516 33.53458411246538 0.1452288180589676 167.0515820682049 250.0250307396054 543.3348119109869 312.346820935607 59.40916080027819 560.1237014457583 496.7451650425792 16.04043037444353 54.59850390255451 14.18133688718081 0.1385333240032196 8.098288528621197 10.14732632786036 7.497713662683964 0.4601365402340889 10.13536792993546 0.558069109916687 2.304026238620281 1.024810768663883 18.86634369194508 6.728366583585739 4.389959871768951 165.3243428170681 37.54118025302887 0.5665005445480347 20.99895347654819 118.0536732152104 0.1500235795974731 2.160377264022827 1.926569059491158 0 1.6265709400177 23.51082894206047 0.4196178317070007 1.853940382599831 2.900580286979675 0.8729568123817444 8.735610738396645 48.29872560501099 48.63808906078339 67.62247167527676 58.47571471333504 2.196040064096451 1.227690905332565 0.262268602848053 0 0 0 0 0 0 0 0 0 0 0 0 0.1618677526712418 0 0 0 3.81724502146244 0.6845563277602196 0 0 0 9.444787502288818 0.2275057435035706 2.48606763035059 1.001851111650467 0 0 0.2780608832836151 0 0 0 0 0.3055676817893982 3.855082742869854 4.479873806238174 0.23007433116436 0 0.4002250134944916 0 1.146569833159447 0.7191784679889679 0.1708201467990875 0.3274061977863312 2.126689843833447 5.079551264643669 0 0 0 11.68586453795433 1.590124636888504 0.7047432512044907 0.2733785361051559 0.4430569410324097 0.4952766448259354 0 0.5791915208101273 0 0 83.64029798656702 10.46155743300915 0 0 0.7891693338751793 18.12918442487717 2.051052063703537 6.726008236408234 4.341773971915245 5.750238671898842 2.640621423721313 1.505775451660156 0.366333544254303 0.4025224596261978 0 0.2468657642602921 0 3.475392013788223 1.278975404798985 0.2319093197584152 0.627214252948761 38.73875340819359 45.77109055221081 8.12823823839426 381.2049839273095 101.9131201952696 724.674631588161 124.8407312184572 169.2817079275846 109.0700223371387 18.46900061517954 140.8858895152807 18.80403856933117 6.675851091742516 21.31248148530722 4.489893950521946 10.83938811719418 5.192717976868153 0.1114871576428413 11.03846628963947 9.643233120441437 2.153131052851677
174.8868695497513 58.29839019477367 6.248565420508385 499.3223938345909 1.346057496964931 249.2685095667839 7.016086466610432 15.73962303996086 12.27476518601179 2905.076083481312 111.3396540284157 0 1061.728586018085 179.4685901924968 10.06305113434792 4.411428585648537 0.6158468723297119 0 0 0 0 0 0 0 0 0 0 0.1352048814296722 0 0 5.48623289167881 1.594890087842941 37.57064238190651 0.1520482003688812 0 0 46.12300170958042 0.2440833300352097 0.7026403993368149 0.1908532828092575 0.1435156762599945 0.8926277905702591 0 1.608129143714905 0.1445426791906357 0.4640492647886276 18.07687782496214 0.198757067322731 0 0 0.2650055438280106 0.5798777043819427 0 1.685153126716614 0.5280881077051163 0.688546285033226 4.932522997260094 13.58143475651741 0.6891208291053772 4.547487951815128 0 3.444357484579086 0 4.432238563895226 1.365910775959492 0.9704584330320358 0.4243404194712639 0.3101794123649597 0.5312956348061562 0.6526105403900146 133.5905888229609 17.18236398696899 0 12.67613410949707 18.97198709100485 33.22901866585016 14.94853463768959 4.729073613882065 0.1505394876003265 50.04223884642124 0.6814885139465332 0.9460279792547226 0.8536030054092407 0 0.1206259876489639 0.4190454408526421 0 0 0.08723550289869308 0 0.1050139144062996 0 0.8881109356880188 0 0 1801.987846583128 18.12287017703056 0 2.974340558052063 96.38788452744484 7.764864102005959 5.453211754560471 9.801066219806671 1.067171767354012 7.74034172296524 177.6044960618019 20.38598944246769 37.94613228738308 21.8224728256464 32.89788441359997 29.10827764868736 445.7324387282133 402.8591334074736 496.7551393508911 142.312412545085 3.3129713088274 2.705823212862015 0 0 0 0 0 0 0 0 0 0 0 0 0 0 0 0 0 11.53250147402287 3.590390756726265 0 0 0 11.6173637509346 0.2212976217269897 6.304418444633484 0.4898772537708282 0.8427295088768005 0 0.5503184646368027 0 0 0.2149808555841446 0 0 9.5878936201334 11.62298983335495 2.041244611144066 0 0 0 0 0 3.035150170326233 0.304161936044693 7.989606529474258 13.72250439226627 1.285059690475464 0 1.120486378669739 30.57760421931744 2.256776332855225 1.291898801922798 0.3430770933628082 0.2131723165512085 1.03069007396698 0 0.1798757910728455 0 0 169.1185083240271 10.23775517940521 0.4463798701763153 0 0.4522868692874908 29.62935927510262 3.384954735636711 5.050031661987305 16.72261101007462 7.345636785030365 5.522664561867714 4.903437778353691 4.455726832151413 2.435931295156479 0.3337198793888092 0 0 0.9275303930044174 0 0 0.2831294238567352 99.60332022607327 43.40455821156502 6.560447722673416 91.73864081501961 13.54551945626736 75.62580320239067 10.45478019863367 281.3259608149529 14.03135833144188 0.744839608669281 20.88946614414454 26.4458345323801 3.440733537077904 72.34110099077225 7.455489337444305 28.54741682112217 13.76281277835369 0.9806943535804749 17.4665534645319 0.6489236950874329 1.723168224096298
807.1366438493133 2084.535139396787 108.9691506549716 1130.714841470122 142.9804500713944 465.2957518845797 2729.817953437567 173.5854659155011 1641.562972299755 8087.168536633253 2273.826150618494 1061.728586018085 0 494.3238335028291 55.02325548231602 17.91728417575359 1.660792917013168 0.1397031545639038 0 0.1609650850296021 2.178461670875549 0.3590197861194611 0 0 0.7089621871709824 1.302773430943489 0.7423423677682877 2.09597223252058 1.132583774626255 0.3218694478273392 56.24036771804094 8.543617323040962 38.78903561830521 0.1346751302480698 0.2743520736694336 0 47.05363222956657 0.4111877456307411 3.067373499274254 0.2311517372727394 2.652883142232895 2.07195945084095 0 3.279629603028297 0.1468814611434937 1.073260277509689 125.375229023397 0.8051849901676178 0.1274815648794174 0.5689592361450195 2.736897088587284 0.9207481443881989 0 1.3628885820508 2.184879899024963 5.547559201717377 14.65215354412794 67.15405229479074 2.389956772327423 34.47965824604034 0.7943432480096817 2.862021051347256 0 27.48323205113411 8.168528847396374 4.333305954933167 3.044886559247971 2.090308643877506 0.744854211807251 1.350186735391617 190.7560277357697 36.00005404651165 0 67.92969546467066 90.23469030112028 208.3455934301019 90.3793173879385 8.440385200083256 2.399881303310394 19.27588344365358 1.034563064575195 1.716980196535587 6.078158386051655 0 2.838831424713135 5.623071052134037 1.238411828875542 0.2890894114971161 6.401903495192528 0 0.6241074055433273 0.2409331202507019 0.9059415906667709 0.874204158782959 2.092373482882977 2057.58090686053 33.60326142609119 0 12.35029865801334 110.4981388449669 12.05804358422756 5.984286248683929 34.73372800648212 7.111374050378799 26.49310578405857 454.2814680486917 39.91899001598358 107.8963708281517 79.68998372554779 103.2860961407423 56.72975993156433 1025.307504147291 980.3326553851366 983.8358033895493 363.6210274994373 14.10640606284142 8.616490960121155 0.3556402623653412 0.4188224822282791 0 0 0 0 0 0 0 0 0.8279266953468323 0.7354683130979538 0 0 0 0 0 29.36308181285858 11.78985588252544 0 0 0 43.78816770762205 4.296858802437782 15.39831402897835 0.2296582758426666 1.436309665441513 0 0.9341873526573181 0 2.281821489334106 0.1921167224645615 0 0 29.50747955590487 50.84091348946095 4.154668517410755 0.1703597456216812 0.5359225571155548 0 0.7631084471940994 0.3715112954378128 1.214503705501556 0.1324329972267151 13.73296405375004 28.72903740406036 0.8388991951942444 0.3019461035728455 0 77.62081010639668 11.66396956145763 6.629591234028339 4.960737392306328 0 0.3051207661628723 0.1661068499088287 0.5113269984722137 0 0 404.9880758970976 19.72243489325047 0.4558507800102234 0 0.5331788659095764 112.8683932721615 12.77335922420025 18.32110479474068 67.89764902740717 15.63175401091576 25.05113613605499 6.95989940315485 5.8448096960783 6.050489410758018 0 0.1222035959362984 0.5648124068975449 1.423815801739693 0.6698033958673477 0 0 192.9885932952166 108.4222440496087 30.879877820611 299.2177517488599 72.1349673345685 415.1017761752009 76.40001329034567 340.5522883236408 79.42109430581331 10.79032676666975 93.121626496315 86.84091278910637 15.28399083763361 250.705552496016 31.10155290365219 102.2150383740664 48.43150220066309 3.543151170015335 58.91814689338207 5.753551334142685 5.836311206221581
174.2787751853466 436.3828536421061 373.3228494673967 52.07495072484016 316.4429198950529 93.07928051054478 394.9917382523417 700.9410415515304 1520.972150735557 801.091794654727 9812.526430413127 179.4685901924968 494.3238335028291 0 173.7184478268027 96.72133473306894 9.550731815397739 0.6107041835784912 0.2202983200550079 0.7586605101823807 12.26200763881207 0.1555872857570648 1.325030952692032 0.2717003375291824 13.99091450870037 11.10401129722595 0.1773246228694916 4.185980692505836 4.311426296830177 0.966504767537117 124.7481823638082 28.96286732703447 1622.314441725612 2.787601217627525 0.1945499181747437 6.841622143983841 1048.325247995555 22.27396877110004 100.3664183467627 7.930310986936092 28.42587305605412 23.21837621927261 0.7954609096050262 18.405657812953 5.883733101189137 12.60883834213018 243.8333802968264 2.520539648830891 1.247078642249107 3.819358862936497 9.343099258840084 1.22605599462986 0 5.328787639737129 2.60861948877573 6.874145865440369 16.5751575678587 59.0688833296299 8.378754556179047 56.39139953255653 12.53016179054976 42.85490486770868 4.079408869147301 66.25286431610584 8.756697475910187 11.36814174801111 11.70491053909063 13.52301476895809 10.53186608105898 36.70761501789093 854.3491575270891 85.9640861004591 0 88.71910979598761 123.4420263916254 451.3718122020364 255.5684600770473 47.79366251081228 19.70500861108303 1498.757686845958 9.214573845267296 19.55559051036835 6.50495957583189 0.143064484000206 3.756164282560349 6.679609529674053 4.251243002712727 0.1580947935581207 8.405159510672092 0.1424489915370941 1.86165838688612 0.2320944666862488 15.36395948380232 5.510919682681561 5.587709553539753 1580.193096995354 96.8139340877533 0 45.94133352488279 83.51596558094025 7.286371558904648 6.082958251237869 27.36293472349644 2.828701570630074 16.46829187870026 285.5113468617201 15.12190926074982 59.00181245803833 36.90650980174541 47.44861721992493 56.99868446588516 642.1714260876179 622.3746029138565 769.454567193985 314.0070115327835 9.230172365903854 6.763461381196976 0 0 0 0 0 0.1247292682528496 0 0.1725848317146301 0.3495460599660873 0 0.1107754036784172 0.1881520748138428 0.806021511554718 0.1991754621267319 0 0 0.2478325814008713 24.87811481952667 11.67932730913162 0 0 0 40.23293408751488 1.142866387963295 17.61851628124714 2.960365392267704 0.7310909330844879 0 0.8010155260562897 0 0.7945277094841003 0.3735002726316452 0.5662052929401398 0 16.22725005447865 35.63010139763355 4.026132807135582 0.2465479820966721 0 0 1.511898830533028 1.564033597707748 3.539265289902687 0.5821171551942825 17.25773707032204 28.40755835920572 1.328435182571411 0.3959118276834488 0.3132292702794075 67.03090909123421 5.229165762662888 1.831103906035423 2.43278343975544 0.596183255314827 1.913106456398964 0.1776280999183655 2.289659313857555 0.1482753604650497 1.220210656523705 407.6305194944143 29.32279868423939 0.3204184770584106 0.2953498959541321 1.131379947066307 77.111103951931 7.110975548624992 19.12209598720074 58.5349208265543 10.65782214701176 17.17011414468288 4.863830715417862 6.256540238857269 5.134971581399441 0.1235956251621246 0.5965206623077393 0 2.21790561825037 1.98641861230135 0 0.2088364362716675 175.502274826169 162.3994277268648 22.19566756486893 663.5373954176903 126.7823941111565 862.8934702202678 167.9174732044339 302.2873906344175 150.8683640435338 21.82437828928232 207.7023643255234 72.48128911107779 14.79427064955235 169.9528653919697 25.95414152741432 58.79101431369781 41.00884793698788 1.464593961834908 50.24493215978146 10.40264935791492 4.594464316964149
