0 4258.930320978165 301.51734290272 667.8437000066042 371.8809139579535 173.9878584519029 1316.803857848048 77.72927772253752 97.63574017584324 1071.869679942727 292.7981077805161 149.948092520237 316.2216696813703 130.9689240455627 2.136449351906776 2.152126871049404 0.1424377411603928 0 0 0.1043863743543625 0.2815650105476379 0.5715711265802383 0 0 0 0 0 0 0 0.1061458438634872 297.6450010463595 1.662583604454994 10.5263539031148 0.2258857637643814 0 0 8.220650039613247 2.157090425491333 0.1905265599489212 0.1408267915248871 0.4673108011484146 0.2996204793453217 0 0.8317087590694427 0 0.5649340003728867 16.50583337247372 0.498558446764946 0 0 1.065092086791992 1.546759322285652 0.186881959438324 0 2.460537143051624 4.303059630095959 142.5783108994365 473.2233705818653 21.22328931838274 12.74696403741837 0 0.3555283844470978 0 3.608840547502041 2.047756843268871 0.6454616710543633 0.2556334361433983 0.6151653602719307 0.4943244755268097 1.778090722858906 28.21464763581753 56.30318281054497 2.376261040568352 63.10278391093016 19.9569314494729 15.97549678385258 13.57912477105856 1.030749075114727 0.3147513270378113 33.94015725702047 0.1227782741189003 1.04772325605154 4.009446077048779 0.360886849462986 0.2348095402121544 1.253524959087372 0.2355392724275589 0.9037237018346786 0.3014468252658844 1.319562077522278 0 0.1583317667245865 0.5078664720058441 0.9005685299634933 0 191.1934527158737 42.01697199046612 3.730247348546982 1.199861466884613 905.6066915392876 0 0 0 0 0 90.25536967813969 0 0.2621161341667175 18.76346634328365 1.070633888244629 0.9723289757966995 3.342750757932663 1.970667541027069 2.102043606340885 1.194389775395393 0 0 0 0 0 0 0 0 0 0 0 0 0.1255913078784943 0 0 0 0.4474847614765167 0 0.1838145554065704 0 0 0 0 0 0.3443815931677818 0 0.6644922494888306 0.1209119334816933 0.3970558047294617 0 0 0 0.1761968731880188 0 0.6836662366986275 0 0 0.09686139225959778 0 0 0 0.36834616959095 0.161502942442894 0 0 0 0 0 0 0 0 0.9763465970754623 0.1196317970752716 0 0 0 0 0 0 0 0 4.145233884453773 0.9283258616924286 0 0 0 0.2650988101959229 0.1121457740664482 0.1122015863656998 0 0 0.1060704588890076 0 0 0 0 0.2297445088624954 0 0 0 0 0 1.577002860605717 0.6589205712080002 0.930558867752552 59.38356523215771 3.227867662906647 37.20272186398506 4.679286889731884 457.7992061078548 19.78863526880741 0.7457636743783951 6.162031434476376 1.668667271733284 0 0 0.1141879633069038 0.8948561400175095 0 0 0 0.3617871850728989 0
4258.930320978165 0 820.0394965261221 476.9977484345436 3572.058730088174 232.2778370380402 4422.385749220848 357.681581556797 1964.816751398146 717.1941115409136 1502.594847686589 54.92320297658443 1426.630337752402 2024.071888282895 20.03944232314825 8.03313772380352 1.085860833525658 1.168757997453213 0.1354700773954391 1.384671926498413 1.062047436833382 0 0.2161897569894791 0.2709936201572418 0.3961375504732132 0.5385950952768326 0 0.6196969598531723 0 0.1360962688922882 1776.126642204821 32.51301218569279 17.18937905877829 0.7131761312484741 0.5367508381605148 0.4683489799499512 6.310474775731564 0.1499570310115814 1.266289249062538 1.465038023889065 1.320589013397694 1.815397463738918 0.1417224705219269 2.747046232223511 0.8323892578482628 1.6159837692976 240.2325947657228 6.714236497879028 0.5559721365571022 0.7381613701581955 3.190095253288746 0.3164432197809219 0.2623711377382278 0.9576987102627754 19.3302528783679 29.79578793793917 135.6677622497082 952.9797631576657 79.45969977229834 96.69191656261683 2.671766772866249 1.716145254671574 0.969744086265564 88.95438509434462 19.27286696434021 7.944402076303959 4.886655241250992 2.859082937240601 3.440157487988472 6.034938603639603 16.02554625272751 1.917584344744682 0 304.8977229744196 141.3194317668676 155.9721216186881 193.5573753342032 10.35055521130562 2.199276223778725 96.72471794486046 3.021240457892418 8.470477662980556 47.9190116673708 1.362008802592754 3.444894000887871 13.10065246373415 2.716955035924911 0 2.779492102563381 0 0.9198974743485451 0.6325777247548103 2.075644537806511 1.013906218111515 1.038701489567757 98.02801220118999 0.4145770967006683 0 0.8383941352367401 760.610995285213 0.1074423342943192 0 0.3601026833057404 0.2377261221408844 0 125.3602851107717 0.1540208160877228 2.82294973731041 38.67298797518015 2.405694909393787 0.9021353274583817 15.06509307771921 15.78635457903147 9.352324828505516 4.78383382409811 0.2526133358478546 0.4723099544644356 0 0.1105159819126129 0 0 0 0 0 0 0.1939220577478409 0 0 0 0 0.216712474822998 0 0 0 0.118919774889946 0.2756772637367249 0 0 0 1.357098549604416 0.1732290536165237 2.471816711127758 2.270818918943405 0 0 0.2324839532375336 0 0.2187760323286057 0 0.6587652936577797 0 0 0.3680018335580826 0 0 0 0 0.2689530104398727 0 0.3297794461250305 0 0.2469122856855392 0 0 0 0.1228699833154678 4.306601211428642 0.6372507661581039 0 0 0 0 0.07928530126810074 0 0 0 15.03463830053806 0.4371777474880219 0 0 0.1618172228336334 0.3399063274264336 0.1371160447597504 2.682406954467297 0.2160118147730827 0.2567084953188896 0.550739049911499 0 0.2397851198911667 0 0 0 0 0 0 0 0 10.15397936105728 1.526106789708138 2.870946727693081 236.0247902944684 63.57233049720526 447.4781081229448 46.97757112234831 652.4216920509934 147.3016550391912 5.79313213378191 67.85140783339739 2.452228404581547 0.1939945071935654 1.973832368850708 0.4023660570383072 8.288928970694542 0.3836829960346222 0 0.1636744290590286 2.484115868806839 0.4235882461071014
301.51734290272 820.0394965261221 0 2.11847896873951 604.9671024307609 5.074457675218582 133.7419056370854 2876.398707680404 314.1723716333508 2.097969055175781 5959.113661423326 9.628313034772873 116.4346094056964 637.7006065696478 35.07086056470871 33.48057835549116 15.23728219419718 9.233943209052086 3.660296536982059 24.79373577982187 14.01931664347649 0.5322085916996002 1.545163154602051 0.1153240129351616 3.668307594954967 1.563814334571362 0.722491979598999 3.708240069448948 1.195020414888859 0.6206661090254784 5351.947065472603 816.5914233103395 50.28603632748127 2.190820224583149 0.9574857130646706 4.255186103284359 12.06170358508825 5.296678058803082 5.877665840089321 10.14070847630501 12.31198403984308 11.00093537569046 18.45418947190046 8.911207355558872 13.87070789188147 37.34227251261473 114.2872269079089 24.83015079051256 4.610885843634605 12.99465127289295 23.20484331995249 0.5141217857599258 1.185207426548004 2.627717137336731 4.719220995903015 7.859984330832958 44.76517317444086 838.1302188932896 21.56311123073101 28.32863418012857 82.82772775739431 18.48764153569937 13.57856616377831 347.3016097769141 3.329895414412022 11.56753535568714 6.75440988689661 20.83424831926823 36.57228337228298 99.35583295673132 24.12182381004095 9.685764893889427 0.1603458225727081 104.3662580251694 79.03966161608696 65.32116642594337 114.3778113126755 21.20440270006657 223.5664128437638 2261.351937271655 127.3823252618313 825.9063851088285 9.597888045012951 0.6821261942386627 13.25394308567047 3.006462745368481 36.59877072274685 0 0.7870431542396545 0.2811404317617416 2.129102721810341 2.446942888200283 74.09657771140337 4.845654174685478 3.809761196374893 9.806396543979645 0.3369310796260834 0.4325674474239349 3.476212471723557 312.5705035477877 0 0 0 0.2570210993289948 0 1.24963966012001 0 0.1323239207267761 0.8276667967438698 1.483154162764549 0.8902627825737 3.109920144081116 3.908999525010586 3.949634693562984 2.204655908048153 0.7448091953992844 1.745672538876534 0.1577481329441071 0.343955472111702 0 0 0 0 0.1931062936782837 0 0 0 0.2769222110509872 0 0.09266459941864014 0 0.1406952291727066 0.176540732383728 0 0.4556813165545464 0 0 0.3515766710042953 0.12068772315979 4.309349283576012 1.031377397477627 11.66516952216625 6.882153168320656 1.286275967955589 0 0.3289808928966522 0 0.3656789511442184 1.294800527393818 2.658003367483616 0.116803303360939 0.4594011604785919 1.981527216732502 0 0.4596711546182632 0 0.2786072045564651 2.040677964687347 0 0.3096442222595215 0.2768396139144897 0 0.1595616787672043 0 0.5077796578407288 1.787948198616505 7.040549881756306 0 0 0.5143703743815422 0 0.4424242749810219 0.5501818433403969 0.2873205840587616 0.1537691652774811 0.5044305175542831 5.127045050263405 2.949620008468628 0 0.3599118143320084 0.2909785509109497 1.054809786379337 0.8841495290398598 1.518548391759396 0.602894015610218 0.3810023963451385 0.3588290959596634 0.2507913112640381 1.204488977789879 0 0 0 0 0.4820745140314102 0.6398143023252487 1.202329978346825 0 2.43214912712574 1.697278887033463 9.906483270227909 189.7395416349173 33.62237583845854 226.1041395738721 30.53944379836321 121.6722009405494 49.79295732825994 1.773843072354794 58.43871636688709 5.538377039134502 0.3344877660274506 3.842898190021515 0.7100555151700974 2.859367616474628 0 0 1.394357934594154 6.040153793990612 1.221162289381027
667.8437000066042 476.9977484345436 2.11847896873951 0 6.543449625372887 163.696582339704 2164.167687676847 0 26.30723624676466 2215.474995426834 3.467049531638622 308.327515155077 1300.819291442633 29.1623567044735 1.008580178022385 0.2673706859350204 0 0 0 0.1190444082021713 0 0 0 0 0 0 0 0.1101254597306252 0 0 34.14874804019928 0.5046183466911316 0.4536490067839622 0 0 0 0 0 0 0 0 0 0 0.1040903404355049 0 0 13.48209063708782 0.09539154171943665 0 0 0 0 0 0 1.63774798065424 1.980021387338638 12.37460785359144 66.0003614127636 7.932435177266598 5.999046713113785 0.09107410907745361 0 0 3.752682194113731 1.762359008193016 0.3647383376955986 0.1091142296791077 0.09483332186937332 0 0 0 0 0 24.76244535297155 7.998368255794048 9.961662568151951 9.058601632714272 0.1248681619763374 0 0.9636001586914062 0 0.1885277777910233 3.090642519295216 0.07594235986471176 0.1686955839395523 0.5400999635457993 0.204820342361927 0 0.1943887919187546 0 0 0 0.09869208931922913 0 0.1708032041788101 45.64703242480755 0 0 0 89.68314527720213 0 0 0 0 0 312.516872882843 0.2413168698549271 0.9510547071695328 59.19711944460869 1.001578345894814 0.3664359077811241 1.90039199590683 2.227329470217228 1.919263988733292 0.8348081260919571 0.1273036450147629 0 0 0 0 0 0 0 0 0 0 0 0 0 0 0 0 0 0 0 0 0 0 0 0.236047774553299 0 0.4122322350740433 0 0 0 0 0 0 0 0.2330517321825027 0 0 0 0 0 0 0 0 0 0 0 0 0 0 0 0 0.1193545013666153 0 0 0 0 0 0 0 0 0 2.749852493405342 0 0 0 0 0 0 0 0.1567128747701645 0 0.2107454687356949 0 0 0 0 0 0 0 0 0 0 2.082799442112446 0 0 26.53626154363155 2.621327377855778 24.5725682079792 1.946835890412331 209.389731541276 10.72283279895782 0.2087232619524002 2.04332809895277 0.6409903317689896 0 0.1385763436555862 0.1649231910705566 4.16965526342392 0 0 0 0 0
371.8809139579535 3572.058730088174 604.9671024307609 6.543449625372887 0 16.07221981883049 2169.984390325844 273.1932976469398 8835.278572395444 39.86255387961864 2314.766982607543 4.406343005597591 649.8557897433639 3793.583612449467 17.77557379752398 4.598252929747105 0.6145600602030754 0.4041155874729156 0 1.006044015288353 0.2139589190483093 0 0 0.1161471456289291 0.2753222957253456 0.7816739082336426 0 0.7195500880479813 0.1871039718389511 0 252.2464632242918 26.17005814611912 9.943405732512474 0 0.2490116208791733 0.2130411565303802 2.30888207256794 0 1.032150700688362 1.169493585824966 1.112363815307617 1.184777900576591 0 1.303883217275143 0.9767527878284454 0.2142750844359398 176.2982131391764 3.549590766429901 0.2154189497232437 0.2134901285171509 1.489699490368366 0 0 0.258937768638134 6.883938655257225 15.84617286175489 32.30036800354719 162.4804084226489 25.28406748175621 49.6020767018199 1.364508204162121 1.579520016908646 0.1805873215198517 64.00827348232269 10.07637041062117 4.923803977668285 2.851079262793064 1.20752639323473 0.7149236425757408 2.456973150372505 3.52970053255558 0.3180047869682312 0 97.77565198391676 64.25485894083977 96.66864433139563 155.0844891667366 8.871679462492466 0.5029948949813843 22.39788498729467 1.700993157923222 3.412050358951092 22.6485867202282 1.566737905144691 2.163723237812519 5.250556856393814 2.227547161281109 0 2.033201515674591 0 0.4780465140938759 0.6218701004981995 2.127871088683605 1.47800686955452 2.176333069801331 35.56519119441509 0 0 0.1829143762588501 52.55057971179485 0 0.1416013985872269 0.7803696393966675 0 0 6.921634010970592 0 3.821011789143085 2.196132034063339 2.980130724608898 1.474041476845741 15.81901376694441 14.70610869675875 6.513680577278137 5.067287847399712 0 0 0 0 0 0 0 0 0 0 0 0 0 0 0.09656728804111481 0 0 0 0 0.457522951066494 0.2512751519680023 0.2606999278068542 0 0 0.6772942021489143 0 2.200921840965748 0.3636323437094688 0 0 0 0 0 0 0.6597122997045517 0 0 0.5693564563989639 0 0 0 0.3576854765415192 0 0 0.4194344580173492 0 0 0.3434314280748367 0 0.2155852466821671 0.1352554261684418 3.473393812775612 0.3501858711242676 0 0 0 0 0 0 0 0.1433698982000351 10.25008605420589 0.750166192650795 0 0 0.454824835062027 0.652918741106987 0 1.438091792166233 0.4979773908853531 0.7669115364551544 0.475191593170166 0.79905766248703 0.3614609614014626 0 0 0 0 0 0 0.1136927306652069 0 12.89875717461109 1.179063990712166 1.365539886057377 181.2928339093924 64.251374989748 368.2639316320419 32.08381815999746 148.9049062207341 104.6229761764407 2.964797049760818 59.80856549739838 3.354765765368938 0.6027432754635811 1.415937393903732 0.1319735050201416 5.929017812013626 0 0 0 2.239965870976448 0
173.9878584519029 232.2778370380402 5.074457675218582 163.696582339704 16.07221981883049 0 566.7280237525702 0.3070614635944366 92.43172349780798 552.694687269628 4.039632722735405 219.7617968469858 365.2948588877916 72.22086899727583 0.4473162740468979 0.3387182503938675 0 0 0 0 0 2.820149973034859 0 0 0 0 0 0 0 0 4.697350680828094 0 23.59633801877499 0 0 0 27.26432570815086 0 0.5547894239425659 0.2394721359014511 0 0 0 0 0 0 7.909005627036095 0.1129357665777206 0 0 0.3568731844425201 7.511175595223904 1.14219705760479 0.1766723692417145 0.4350782632827759 0.6847330331802368 40.55287729948759 26.08918124437332 3.940614990890026 1.106956675648689 0 5.086494535207748 0 1.829188287258148 0.1830945014953613 0.1039194613695145 0.08808410167694092 0.4176284670829773 0 0.2073042094707489 284.1320739835501 296.8424603939056 13.63719461858273 5.542008429765701 2.105744019150734 1.264251418411732 2.476943239569664 0.8720138520002365 0 5.354880407452583 0 2.202295556664467 1.709340557456017 0.7141264602541924 0 0.3709052205085754 0.2338952422142029 4.481256797909737 4.224987126886845 11.8525867164135 0.4979309290647507 2.739345863461494 0 0 0 573.2988929748535 263.5756355375051 32.22392517328262 12.52570727467537 364.6597741693258 0 0 0 0.1543875932693481 0 25.30453838407993 0.1315042823553085 0.3694239780306816 2.210842028260231 0 0.1788379698991776 1.168489843606949 0.7390395328402519 0.5179345235228539 0.8886765539646149 0 0 0 0 0 0 0 0.1488912403583527 0 0 0 0 0.5531681627035141 0 0 0 1.269060701131821 1.246730774641037 0.6207072287797928 0 0 0 0 0 1.265885308384895 0.3949451670050621 0.6258533596992493 1.175407834351063 1.309100590646267 0 0 0 0 0 0.6967988759279251 0 0 0.1294069588184357 0 0 0 1.642976619303226 0.1884153187274933 0.107822485268116 0 0 0 0 0 0 0 0.9245995134115219 0 0 0 0 0 0 0 0 0 1.369310170412064 1.020359203219414 0 0 0 0.1461314260959625 0.4513617306947708 0.2738973200321198 0 0 0 0 0.2659980580210686 0 0.2862535119056702 0 0 0 0 0 0 1.632571026682854 1.242333829402924 0.956036739051342 6.068079590797424 0.7341743931174278 9.321484617888927 1.381130017340183 179.7778917998075 3.982948236167431 0.1368182599544525 3.170271053910255 0.6034009605646133 0 0.6347826719284058 0 1.178196758031845 0 0.1179180443286896 0.1699986010789871 0 0
1316.803857848048 4422.385749220848 133.7419056370854 2164.167687676847 2169.984390325844 566.7280237525702 0 10.69718232005835 1328.95136128366 4224.379053555429 136.5670240074396 542.9264272451401 9320.577832587063 1974.226143278182 35.13078896701336 12.41195011883974 0.7354478389024734 1.079870000481606 0 1.388926580548286 2.758702807128429 0 0.6038093864917755 0.2405636161565781 0.1644770205020905 0.4636489227414131 0.09640972316265106 1.967886582016945 0.2443123608827591 0 223.0710058286786 15.21760763972998 6.515565812587738 0.09474223852157593 0 0.4696052372455597 4.289675109088421 0.8520659953355789 1.386463910341263 1.343014262616634 0.3438962027430534 1.540913313627243 0.5742582678794861 3.275209203362465 0.6672652214765549 1.197199285030365 292.9251188114285 6.265044055879116 0.1050877347588539 0.5185848250985146 2.060405418276787 0.2662357538938522 0.1304728537797928 0.1198135390877724 15.91273165494204 32.85806605964899 74.55113846808672 365.684097006917 52.82562807947397 79.96473427861929 0.9202249124646187 2.996863476932049 0.417792871594429 70.92970885336399 19.47742063552141 9.559042267501354 4.015394866466522 3.621378123760223 1.33191841840744 2.055356718599796 16.79766050726175 1.617497608065605 0 183.9290497079492 94.01726587116718 154.3362425342202 217.5009071528912 15.76944753527641 0.5258836597204208 15.91015092283487 2.18567268550396 3.875035114586353 40.13419982790947 1.570856370031834 4.798584274947643 12.40122617781162 3.672285243868828 0 3.178287856280804 0 1.069815188646317 1.799796417355537 1.356486760079861 1.550497852265835 2.262457154691219 945.7932427451015 0 0 0 306.2263790741563 0.6070201098918915 0.5205823928117752 9.711671985685825 1.370995029807091 1.316505298018456 213.7278795912862 3.078185148537159 26.92367429286242 84.95235951989889 25.40252796560526 9.656884498894215 137.3722326755524 134.4798100888729 61.92143383622169 26.4636000469327 0.2040752992033958 0.5129027292132378 0 0 0 0 0 0 0 0 0 0 0 0 0 0.2846727967262268 0 0 0 3.286264821887016 0.9154889509081841 0 0 0 8.700454905629158 1.07261773198843 10.38347914069891 0.9928849413990974 0.2492002621293068 0 0.1154115721583366 0 0.1895331144332886 0.2936681136488914 0.1472753286361694 0 2.173154234886169 5.190290175378323 0.2307379767298698 0 0 0 0 0.1877421587705612 1.335100367665291 0 0.1331788599491119 1.054025515913963 0 0.8585140779614449 0.8002085983753204 16.36761970072985 1.447427868843079 0.3666844666004181 0.4596806839108467 0.1283921599388123 0 0 0 0 0 109.04644870013 0.4094303548336029 0 0 0.1497499197721481 6.863407947123051 2.520041465759277 10.34905131161213 2.630170755088329 2.829205870628357 2.468227572739124 0.4154877811670303 1.287546567618847 0.3432297185063362 0 0 0 0 0 0 0.133708655834198 91.34739024937153 8.056848675012589 6.2267796844244 412.6789735406637 107.0813864246011 579.628912717104 72.38756737112999 975.652854308486 193.7808364629745 9.298169575631618 135.9769204035401 12.75067662447691 0.2832666784524918 7.540885277092457 0.7726957499980927 61.30474159121513 1.236345700919628 0 2.081616044044495 7.652467519044876 1.8057621717453
77.72927772253752 357.681581556797 2876.398707680404 0 273.1932976469398 0.3070614635944366 10.69718232005835 0 394.1938403919339 0.1648920923471451 1500.894254870713 1.10234746336937 44.25462769716978 420.3963759541512 14.2808930799365 6.770458817481995 4.085080437362194 4.6714733466506 2.629846140742302 16.81636814028025 5.156199678778648 0.1724633425474167 0.2397684752941132 0 1.183891490101814 0.478069394826889 0.6593270301818848 0.9814411625266075 0 0.1292578428983688 345.7777608558536 1118.411948174238 8.068552657961845 2.512778699398041 0.2085669934749603 0.311820887029171 2.44509007781744 2.032161206007004 1.582902610301971 3.035737916827202 2.355289876461029 4.01260694861412 6.358835160732269 4.693607434630394 7.430888414382935 18.83042164891958 94.88079737126827 4.801558881998062 3.597676619887352 4.558354534208775 6.397604376077652 0.2583445310592651 0.1429026126861572 1.224014729261398 2.66724106669426 5.699700973927975 11.589295566082 85.13544135540724 10.27782520651817 15.7061311006546 67.3240323215723 9.451243206858635 3.653794050216675 139.7292560115457 2.725801341235638 5.25955943018198 2.023882649838924 5.617943599820137 16.58127199113369 29.70557609945536 1.34228652715683 2.361948415637016 0 41.80541975051165 42.73162536323071 44.63318485021591 127.0957324951887 87.36116814613342 686.012695632875 1370.302002564073 164.03508284688 903.1155236065388 8.751824460923672 0.2678554877638817 3.068226084113121 2.547700613737106 11.34712356328964 0 0.8356559425592422 0 0.8099283576011658 1.179610088467598 28.05115459859371 1.806364014744759 1.460906192660332 0.5669898390769958 0 0 2.472815081477165 15.99736494570971 0 0 0 0 0 0.3014980554580688 0 0.1536473035812378 0 0 0 0.1479710787534714 0.3708400502800941 0.4130743965506554 0.438985288143158 0 0.1588587164878845 0 0.2212121039628983 0 0.1427780091762543 0 0 0 0 0 0 0 0 0 0 0.1434408724308014 0.1591934114694595 0 0 0.6991753429174423 0 0 0 1.044169150292873 0.4110035300254822 2.004128687083721 0.8522451892495155 0.1420147120952606 0 0 0 0 0.1108230501413345 0.3613695725798607 0 0 0.986405685544014 0 0 0 0.1436869204044342 0 0 0 0 0 0 0 0.1296398490667343 0.16881063580513 1.245681449770927 0 0 0 0 0.1364606618881226 0 0 0 0 1.207340508699417 0.1476286649703979 0 0 0.1776756942272186 0.2669509500265121 0.1360124498605728 0.524648442864418 0 0 0.3938295319676399 0 0.4059247076511383 0 0 0 0 0 0.3387403786182404 0 0 0.8710317462682724 0.6612055450677872 2.208222657442093 92.91204772144556 20.3264731913805 170.8351788297296 16.44583436101675 37.56079305708408 38.602434925735 1.257677137851715 32.23187216371298 1.950446575880051 0 1.428049065172672 0.7344031631946564 0 0.118956983089447 0 0.1452507078647614 2.013998597860336 0.1729048639535904
97.63574017584324 1964.816751398146 314.1723716333508 26.30723624676466 8835.278572395444 92.43172349780798 1328.95136128366 394.1938403919339 0 288.7063613384962 3573.914397351444 42.21130460500717 1378.428567349911 7125.996272057295 27.12554643303156 4.929906621575356 0.6707488968968391 1.235109925270081 0.1019639447331429 1.154278054833412 1.398908481001854 0 0.2399403005838394 0 0.5238907188177109 0.9707384556531906 0 1.126432031393051 0.2628752738237381 0.3500649333000183 124.9645345434546 33.24303145706654 6.545688129961491 0 0.2668399810791016 0.1079176068305969 4.844436913728714 0.8393121436238289 0.8555649816989899 0.9754622131586075 0.8444748818874359 2.592805750668049 0.1365772932767868 2.044969029724598 0.4983593299984932 0.6892757937312126 237.4213428497314 3.071102328598499 0 1.21890527009964 2.513970114290714 0.08946577459573746 0.1370739489793777 0.5743686929345131 8.374756947159767 20.84784945845604 34.35916387289762 107.1878506392241 27.0391656383872 45.4165373519063 0.6240431368350983 1.211577750742435 0.2352989763021469 70.08481398224831 13.14458504319191 5.150621943175793 2.608550995588303 2.137084223330021 0.486145406961441 1.952505141496658 6.114971429109573 3.468221962451935 0 73.87445928901434 56.34075888991356 104.4496237188578 191.0524947568774 11.02868989109993 6.205468848347664 14.81663512438536 1.31649973988533 4.865485779941082 28.19290249049664 1.327637307345867 2.306794315576553 10.49230027198792 4.286568388342857 0 2.32635173201561 0 0.7970665916800499 1.330051459372044 1.390117011964321 1.429267473518848 2.159860871732235 382.3490388989449 0.2295365482568741 0 0.3953876122832298 46.0202357172966 1.540101028978825 0.2831211090087891 4.627615369856358 1.251343727111816 0 70.30755696445704 2.995393440127373 19.99809155613184 19.57475782185793 18.6681814789772 8.28403402864933 124.9795995280147 104.1721929907799 52.46447917073965 23.56997731328011 0 0.5711210966110229 0 0 0 0 0 0 0 0 0 0 0 0 0 0 0 0 0 1.715106122195721 1.630606383085251 0 0 0.415827140212059 5.112240865826607 0.85231713950634 8.22376175224781 0.6292683258652687 0 0 0.3063070774078369 0 0.2227980569005013 0.3205125331878662 0.3789752125740051 0 1.530871391296387 4.191445179283619 0 0 0 0 0 0 0.1352923810482025 0 0.6127970218658447 2.493788704276085 0 0 0.2137012332677841 14.38961221277714 1.03752014786005 1.366532616317272 0.3710614517331123 0 0 0.1733207553625107 0.0917120948433876 0 0.2269608378410339 94.47345888614655 0.1947989165782928 0 0 0.1414976716041565 6.079135559499264 5.425163395702839 8.449079528450966 2.763575360178947 0.941879078745842 2.475951492786407 0.8389101177453995 0.5272330418229103 0.1048473343253136 0 0 0 0.1226569339632988 0 0 0.4997280240058899 81.62358707934618 7.372325412929058 3.732659667730331 352.2489599213004 90.83789610862732 601.7436138540506 67.9661144092679 323.0395043715835 190.0442066937685 5.222686357796192 131.9585890397429 9.83621784299612 1.294440656900406 6.23794586956501 0.8479606211185455 48.0906974747777 0.9906295239925385 0 1.765846833586693 7.038581795990467 1.970206409692764
1071.869679942727 717.1941115409136 2.097969055175781 2215.474995426834 39.86255387961864 552.694687269628 4224.379053555429 0.1648920923471451 288.7063613384962 0 14.32375344634056 1892.829427085817 5658.505766741931 204.921539530158 3.729288093745708 3.460076428949833 0.5239726677536964 0 0 0 0 0 0 0 0 0 0 0.1244055181741714 0 0 7.295959323644638 0.6728541404008865 11.12246609479189 0 0 0 9.50476897507906 0 0 0.2149970084428787 0 0 0 0.6345719769597054 0 0.3770211935043335 18.45485129952431 0.1586908549070358 0 0 0 0.8574176430702209 0 0.2747076451778412 0.5572376176714897 1.190988980233669 11.49345085024834 24.51341113448143 3.428611591458321 3.876940548419952 0.3642727509140968 0.3982678726315498 0 1.126842066645622 0.978404626250267 0.4306549951434135 0.0701296254992485 0.08931250870227814 0 0.7745184898376465 52.25934979319572 7.88049104809761 0.5594594478607178 9.514801174402237 4.556984923779964 5.98397509008646 8.20187271386385 1.146286860108376 0 2.597623459994793 0 0 1.851939529180527 0.07588613778352737 0 0.5322942584753036 0 0 0.3300252705812454 0 0 0 0.5065697282552719 0.1000772565603256 0 631.520256139338 11.74689117074013 1.106687843799591 0 267.896769285202 1.400985725224018 0.8705172091722488 25.02489012479782 3.201721698045731 0.1766539812088013 465.6640491932631 6.613051235675812 11.77571516484022 95.52524354308844 20.39180624485016 4.883987873792648 62.64446557313204 55.23982816189528 31.37448483705521 10.51505944877863 0.1012974828481674 0.1152946650981903 0 0 0 0 0 0 0 0 0 0 0 0 0 0 0 0 0 2.090360753238201 0.6531150117516518 0 0 0 3.312178105115891 0.1354546695947647 3.630416385829449 0.7576414421200752 0 0 0.2619816511869431 0 0 0.1633529216051102 0 0 1.422028914093971 2.149747774004936 0 0 0 0 0 0 0 0.08426854014396667 0.1337291896343231 1.721677914261818 0 0 0 4.780026473104954 0.5563095659017563 0.3952112644910812 0.1065790727734566 0 0 0 0 0 0 31.96771138161421 0.3702547550201416 0 0 0 2.857483692467213 1.044440187513828 2.099895127117634 1.878971740603447 1.455894343554974 0.7150545120239258 0.2893619388341904 0.121954545378685 0 0.1669695675373077 0 0 0 0.1859106570482254 0 0 37.19971359521151 3.528808102011681 1.993173077702522 117.814980648458 3.342790082097054 47.66905214637518 3.546343386173248 408.8124375864863 12.82050814479589 0.1095049157738686 15.62589620053768 9.29493559896946 0.1991504430770874 4.706245735287666 1.569170653820038 30.27000463008881 0.6635622680187225 0.2811646461486816 0.1519629657268524 0 0.1197168976068497
292.7981077805161 1502.594847686589 5959.113661423326 3.467049531638622 2314.766982607543 4.039632722735405 136.5670240074396 1500.894254870713 3573.914397351444 14.32375344634056 0 74.08194951713085 1603.974771298468 6617.590026073158 67.93058403581381 45.51715794205666 12.0305028706789 3.286291509866714 0.5709652826189995 11.91308227926493 15.76298189163208 0.7696358039975166 1.019975990056992 1.253533661365509 9.211289897561073 7.204887345433235 2.702713966369629 3.329533718526363 1.244044922292233 0 458.4674784690142 224.0417119041085 735.5628370419145 2.977211505174637 1.869517430663109 30.62160913646221 175.7823179364204 28.62292892485857 12.45102331787348 34.64255259186029 20.40584501624107 8.624390222132206 4.296619430184364 10.79198794066906 5.345140412449837 14.08293666690588 245.3454423323274 6.34571436047554 1.574730604887009 2.584174111485481 9.877607293426991 3.366953477263451 0.857561320066452 0.8308824300765991 6.360736690461636 11.5980191975832 21.49840317666531 143.1084256693721 18.12902666628361 33.85298137366772 8.49218188226223 45.54865512251854 18.57169707119465 96.19396981596947 6.273120857775211 5.084150783717632 2.37288773059845 6.88050876557827 5.562798142433167 46.53576163947582 113.8618444576859 10.70905539393425 0.1213635057210922 66.54134956747293 59.40342866629362 113.7689094021916 247.2283395826817 33.20708286017179 241.8947228863835 650.0599715858698 5.330735243856907 121.4599761962891 17.17416525632143 1.543637208640575 1.922166965901852 4.727746039628983 4.440189644694328 0.09842969477176666 1.259836576879025 0.4132846742868423 1.485949955880642 2.934687115252018 27.3340829834342 9.159024350345135 4.925128467381001 60.6845138669014 3.832213938236237 0.1825889945030212 4.931777477264404 47.28764929622412 0.4691284149885178 0.8756893873214722 0.4265934899449348 0.3433760851621628 0 8.035311579704285 0.3765541985630989 2.73103366792202 3.816179722547531 1.321847073733807 3.59801809489727 12.70874043554068 23.73066549003124 11.71032799780369 10.6473376750946 1.459660947322845 1.553818576037884 0.1239525899291039 1.726539172232151 0 0 0 0 0 0 0.9945268929004669 0 0.2352860644459724 0 0 0.8246955275535583 0.8107250779867172 0.2679938673973083 0 1.715981654822826 0.6172066703438759 0.2520120367407799 0.5031036883592606 0.3415109887719154 7.27754483371973 1.617586590349674 16.56664387881756 9.954977795481682 1.791501179337502 0.1150570884346962 0.6555397436022758 0 0.3702396973967552 1.747803032398224 4.117253080010414 0 0.5360172241926193 3.634305343031883 0 0 0.1072439327836037 1.825681656599045 3.793419793248177 0 0.2154868766665459 0 0 0.2187118157744408 0 1.349955029785633 1.05817075073719 13.49576649814844 1.101231679320335 0.3774124979972839 0.09245089441537857 0.1131997630000114 0.329005241394043 0 0.2292333394289017 0 0.5870369002223015 32.9803512096405 4.455321371555328 0 0 0.6542283892631531 2.578042209148407 2.422997854650021 6.185422830283642 0.7037799805402756 0.5791329145431519 2.268868125975132 0.2434554323554039 2.279274471104145 0.28087517619133 0 0 0 0 0.3795914873480797 0.9706231579184532 0.3984964191913605 13.05796401947737 8.976827517151833 17.45670553296804 360.4682887420058 70.99944225698709 454.0898839533329 63.55764608830214 121.0708258673549 104.8349569365382 6.995481714606285 130.5290040671825 10.87138369679451 0.917033739387989 6.531403325498104 1.965605773031712 6.810207970440388 0.8151994347572327 0 0.97404845058918 13.41469249129295 2.378330066800117
149.948092520237 54.92320297658443 9.628313034772873 308.327515155077 4.406343005597591 219.7617968469858 542.9264272451401 1.10234746336937 42.21130460500717 1892.829427085817 74.08194951713085 0 3415.503163054585 244.7440572679043 12.09579392522573 6.307059794664383 0.5411031693220139 0.4760237336158752 0 2.035646811127663 0.6304747462272644 2.214712485671043 0 0.5648278594017029 1.098225355148315 0.4942551255226135 0 0.4993836879730225 0.1566323190927505 0 3.284172534942627 0 52.42062032222748 0 0 0 84.95301883667707 1.082089275121689 2.67124405503273 1.48019252717495 1.857122719287872 0.6212666630744934 0.260093092918396 1.409909099340439 1.371228486299515 2.673900470137596 43.16844211518764 0.4789902940392494 0 0 0.9206758737564087 2.23751100897789 0 0.4429715573787689 0.3172557204961777 1.356075905263424 4.278941430151463 12.19306191056967 2.977103091776371 3.039625927805901 0.4221429526805878 0.8785264641046524 0.6504224836826324 1.525563880801201 0.2120479345321655 0 0.2160308808088303 0.4470855593681335 0.3555128127336502 1.668678179383278 209.265702933073 18.26676024496555 0.9093840718269348 6.9836435765028 6.398500315845013 13.30961252748966 15.17497816681862 4.798986084759235 0.1949549913406372 13.03025267273188 0.2191243320703506 2.117264166474342 2.548499777913094 0 0.512229822576046 0.1525558829307556 0.4313468188047409 0.3726643919944763 0.2336512506008148 0.7030963748693466 0.1802073270082474 1.223446011543274 1.296656981110573 0.1642871648073196 0 1235.505787208676 41.68523392081261 0 2.473018974065781 40.81330029666424 0.2504201605916023 0.09879874438047409 1.896161921322346 0.6281969845294952 0.3034147024154663 35.86520510911942 1.0162493288517 10.68491494655609 13.93658176809549 9.257836647331715 9.363384991884232 76.99516571313143 75.41634272038937 51.69597079604864 27.2393806874752 0.6781841889023781 0.8041480183601379 0.1173981502652168 0 0 0 0 0 0.2124432176351547 0 0 0 0.1878558248281479 0.1220004558563232 0 0 0 0 0 1.593659229576588 0.4711386561393738 0.2376450076699257 0 0.1811846792697906 10.53637451678514 0.8845621645450592 10.83915416896343 1.313000746071339 0.298977866768837 0 0.3825089335441589 0 0 0.5184586346149445 0.9455354511737823 0 1.462861634790897 3.441875822842121 0 0 0 0 0.5566314905881882 0.1450044810771942 0.164877861738205 0 0.3906002640724182 1.757185190916061 0 0.3238578289747238 0.3655097335577011 17.3295825496316 1.662063278257847 0.1278231143951416 0.09258398413658142 0 0 0 0 0 0 80.76918905228376 2.237035863101482 0 0 0.2120576798915863 5.333842739462852 1.374500036239624 11.01397836953402 2.204515196382999 2.849173925817013 1.624021880328655 0.3279921412467957 1.154089130461216 0.1226166561245918 0 0 0 0 0 0.1422157883644104 0.3272616565227509 54.31337513029575 10.04769796133041 7.355263367295265 142.6575602218509 6.387967884540558 78.87762450426817 10.93010120093822 90.71660589426756 18.01509787142277 0.3609685450792313 45.05875874310732 10.57842051237822 0 7.69860702753067 0.9280882403254509 30.10134755074978 1.475332334637642 0 2.554001793265343 1.143164396286011 0
316.2216696813703 1426.630337752402 116.4346094056964 1300.819291442633 649.8557897433639 365.2948588877916 9320.577832587063 44.25462769716978 1378.428567349911 5658.505766741931 1603.974771298468 3415.503163054585 0 4636.773851186037 99.78921073675156 59.29268898069859 7.60111777484417 2.101592190563679 0.7268297076225281 7.406250976026058 4.144079729914665 6.904683567583561 0.5416062548756599 0.5511528104543686 2.31567545235157 5.015366300940514 0 5.499940253794193 3.000701621174812 0.1473581492900848 41.97839660197496 9.264479450881481 506.0246440321207 1.565996930003166 0 1.773584425449371 290.4350804537535 12.12413730472326 33.84582944214344 34.45245490968227 13.37482365965843 7.819073721766472 3.137436926364899 9.154367461800575 4.079510621726513 16.45433106273413 335.2969121262431 6.158947847783566 0.7578890919685364 1.555253759026527 4.933088682591915 19.2447110041976 29.49534755200148 4.588616110384464 5.811260685324669 14.27536054700613 25.90123909711838 56.22432259470224 22.10509093105793 29.4951896071434 14.23108249902725 63.75471314042807 5.315024547278881 33.80065350234509 8.119250304996967 4.171270824968815 3.230106614530087 5.316539853811264 5.180337138473988 19.37810701131821 877.1791248619556 196.5935183539987 5.326682172715664 60.36209781467915 34.08662127703428 123.2859983667731 241.1627221554518 45.48842172324657 0.7802528813481331 152.6914918124676 4.989855781197548 32.82562266290188 19.59213025867939 0.7866245880723 1.477858528494835 5.174571879208088 3.088678427040577 1.407327368855476 3.123367846012115 6.996828161180019 0.4456200003623962 6.550319544970989 8.932797193527222 5.014559082686901 7.315619193017483 3509.514520414174 265.0434257164598 33.48690460622311 85.10958457738161 91.41418903321028 2.211821600794792 1.73993618786335 8.233248807489872 2.92665172368288 0.623783677816391 206.6236778274179 5.830729782581329 40.62912235409021 105.2187325432897 37.38012122362852 26.84686257690191 241.6600691005588 264.7619187757373 142.2307791113853 86.35300259292126 4.783278688788414 6.787979669868946 1.010236859321594 4.115726456046104 0 0.1854389160871506 0.08808579295873642 0.2071286290884018 0 0 0.2754462063312531 0.2367997616529465 0.9021249860525131 0.128313422203064 1.284151770174503 0.6514317989349365 1.273674555122852 0.5240870863199234 0.5200429633259773 10.89924001693726 5.658928237855434 0.7953944504261017 0.3598765581846237 1.185004465281963 59.02034468948841 3.549323908984661 81.12436134368181 24.08785212785006 5.7660958096385 0.4665417149662971 1.841213651001453 0 1.486419856548309 4.113982416689396 11.05636768043041 0.2359360381960869 4.915159307420254 16.62514991313219 0.6591291651129723 0 0.3926209509372711 4.529398038983345 2.378620341420174 0.5241762921214104 0.6942080855369568 0.2298782169818878 0.4069779515266418 5.464248090982437 0.150480717420578 3.017699465155602 6.165023259818554 75.34752022475004 5.786902666091919 2.486454196274281 1.221456333994865 0.1015928313136101 0.4594070911407471 0.7801391631364822 0.1827370896935463 0.204702228307724 0.6924901753664017 313.0572274774313 24.53880931437016 0 0.1450359523296356 0.9274288639426231 21.85702359676361 15.38426651805639 40.91163036972284 7.239654712378979 12.96659751236439 14.00874646753073 1.520390823483467 9.397259220480919 0.2117939293384552 0.136135920882225 0 0 0.3936303183436394 0.7690007910132408 0 0.342210978269577 211.46718814224 64.80069820582867 76.89467561990023 700.430535197258 123.0224934890866 751.934041030705 125.3745809793472 478.0117001533508 222.954637363553 7.222062028944492 323.8248599618673 46.15453435480595 3.839349552989006 40.75990295410156 6.605040729045868 96.56889165192842 4.170452013611794 0.6062418222427368 9.519285753369331 17.50307885557413 2.171978816390038
