0 2864.152917541564 369.8018763959408 1130.5768879354 398.3648029044271 63.32945673167706 2325.734746441245 140.5430404692888 69.65122753381729 229.5085095465183 318.568587988615 11.98271313309669 24.8064258992672 127.9716318771243 5.828435741364956 0.3805387541651726 0.2480824738740921 0.3771835342049599 0.2128103971481323 0 0.3460261151194572 0 0 0 0 0.3380370140075684 0 0.2764814794063568 1.084998965263367 0.1439250558614731 706.4139841794968 5.505778625607491 16.31491006165743 0 0.1442190557718277 5.011380150914192 4.324649639427662 2.587836340069771 0.3892883658409119 0.1186429634690285 0.1358106136322021 0 0.3348403200507164 0.4726941809058189 0.1166072338819504 1.061682991683483 147.48590926826 15.87208929657936 0.7379564791917801 0.0830104649066925 0.2329136729240417 0 0 1.059538632631302 17.07813587784767 13.00467783212662 430.7570363730192 437.3176922127604 58.20503775775433 110.6823797374964 2.311207376420498 9.497688323259354 0.2438411638140678 28.99608960002661 15.92759084701538 9.073570653796196 1.619415931403637 3.404907755553722 0.317070759832859 0.2746971249580383 17.17756811529398 0 0 147.5430715307593 103.0414424538612 49.22098623216152 8.490481540560722 2.841412909328938 5.010785810649395 35.54463279247284 4.02191749215126 22.64778173714876 58.30917773395777 0.4007126688957214 7.599848404526711 3.902534462511539 5.561093799769878 0 0.1987792551517487 0 0.2145470008254051 1.153012841939926 0.2793264016509056 0 0 49.60521844774485 12.12855505943298 0 2.411630988121033 2145.832898877561 0 1.031190514564514 0.2361441850662231 0 0 1.750010088086128 0 0.2761746942996979 59.34370858967304 1.598816409707069 0 1.149917706847191 1.020052254199982 0.7922891974449158 1.504340581595898 0 0 0 0 0 0 0 0 0 0 0 0 0 0 0 0 0 0.1654343903064728 0 0.8512758016586304 0 0 0 1.113874912261963 0 0.3224635422229767 2.790575116872787 1.22827921807766 0.5966331362724304 0 0 0 0 0 0 0 0.119377501308918 0 0 0 0 0 0 0 0 0 0 0 0 0 0.2762973606586456 1.829125836491585 0.1456300467252731 0 0 0 0 0 0.1005497053265572 0 0 2.402802340686321 0.3420064747333527 0 0 0 0.5060576498508453 0.3082528412342072 3.068442724645138 0.2820043563842773 0 0 0 0 0 0 0 0 0.9273957014083862 0 0 0 3.200080692768097 2.781551092863083 2.561955079436302 308.5211698040366 26.84789551049471 200.0046042278409 15.33548107743263 1223.501214653254 144.0037595853209 9.96902996301651 17.15310057252645 4.169009774923325 0 0.6267245262861252 0.346139632165432 0.6154686212539673 0.2108330279588699 0.1245985478162766 0.3520513921976089 0.4651065543293953 0.1425530910491943
2864.152917541564 0 782.757048971951 62.09922816604376 4648.575797647238 170.6223132237792 5557.614837959409 269.2543045803905 1013.03490447253 160.0229767858982 824.6431180685759 17.16439981758595 144.2651700973511 426.3574546873569 22.20048692822456 1.220784746110439 1.477794818580151 0.5144855752587318 0.1848202869296074 0.8561753928661346 0.2176207005977631 0 0 0.2282738089561462 0.2687283530831337 0.5424445047974586 0.1067762672901154 0.1224833205342293 1.247264593839645 0.1589776277542114 1672.484167560935 47.24093275517225 50.09854777157307 0.09875387698411942 0.6099484860897064 3.615718141198158 5.855898305773735 8.843656733632088 1.41724219918251 0.54356300085783 0.5442210584878922 0.116426058113575 0.0868019238114357 1.813049748539925 0.4281206130981445 1.432873047888279 275.7712663561106 33.08663092553616 1.375807039439678 0.8226411417126656 0.8079971820116043 0 0 2.358385756611824 24.69341184943914 18.61795007437468 110.6137143298984 312.7114913612604 36.9332128316164 144.0994971171021 1.898551747202873 17.26043582707644 0.474863238632679 108.6310495808721 24.82401628792286 15.28760992735624 4.232869416475296 6.012101292610168 0.9813904613256454 1.020467586815357 61.4402472153306 1.759517043828964 0 110.8247946798801 122.2433228716254 114.4059092700481 36.40022636950016 5.715846091508865 18.46207834780216 62.60630461573601 6.208928994834423 47.1449779048562 80.2191913574934 1.018663041293621 12.8472815901041 8.17997819185257 10.89439985156059 0 0.573617659509182 0.4847344756126404 0.5886847898364067 0.6100256219506264 1.003238789737225 0.1266184151172638 0.6654443517327309 124.4962526112795 7.429758727550507 0 0.9232723116874695 1191.855454385281 0.09068340063095093 5.180027320981026 1.731977745890617 0.4686711877584457 0.5387732833623886 13.73803594708443 1.08820017427206 8.963928550481796 52.69892075657845 12.64894182980061 1.146501183509827 25.13084572553635 17.59456793218851 18.45144382864237 18.18073007464409 0 0 0 0 0 0 0 0 0.1518807262182236 0 0 0 0 0 0.09385497868061066 0 0 0 0 1.540266633033752 1.489267587661743 0 0.1509019434452057 0.1337501257658005 7.666943475604057 3.407237634062767 11.27155659347773 1.957882151007652 0.319555252790451 0 0 0 0 0.1648186147212982 0 0 0.4549542218446732 0.3386087343096733 0 0 0 0 0 0 0 0 0 0.5673921182751656 0 0 0.6515678316354752 21.08994918316603 0.2593637108802795 0 0.1218578144907951 0 0 0 0 0 0 37.64859293401241 0.4418365657329559 0 0 0 13.08094099909067 1.9841488301754 8.77594918012619 0.1665044128894806 1.264910504221916 0 1.06698203086853 0 0.1574627459049225 0.1108138412237167 0 0 0 0 0 0 36.96500034630299 9.755183696746826 9.3009043186903 270.7491361573339 53.61455702781677 488.1323207803071 55.63297516852617 1362.450727418065 178.2932052537799 15.13926587998867 88.08843268454075 9.665780082345009 0.4348327815532684 1.404613494873047 0.1784865632653236 6.214853674173355 0.1782354712486267 0.2880757600069046 0.9644539505243301 2.370877593755722 0.1313212662935257
369.8018763959408 782.757048971951 0 1.356005534529686 1138.141318961978 6.977003872394562 143.4130216166377 1665.007795780897 598.4262979477644 3.635586969554424 2814.757343150675 7.505381897091866 99.48556932061911 875.8535681217909 22.07568980753422 1.831764571368694 10.20086649805307 5.24368779361248 0.8336125984787941 12.85929805785418 3.628188744187355 0.1559751480817795 0.6939077973365784 0 0.7763613015413284 0.1532001197338104 0.1398383677005768 0 0.1347087770700455 0.5011003911495209 2510.703891798854 483.6386828571558 116.9744854643941 3.98824979364872 1.397342458367348 6.731971517205238 5.684746883809566 16.78616446256638 2.369068078696728 0.7492333278059959 1.99062567949295 1.865076944231987 3.150749072432518 1.635902710258961 2.10121238976717 10.02310678362846 130.541527800262 10.59043215215206 4.732128717005253 9.413665473461151 7.434451155364513 0.4353009909391403 0 1.90500020980835 8.380806840956211 6.29903057962656 84.56762190163136 375.0018285363913 23.70607378333807 68.43085786700249 33.4906352981925 17.96451631188393 8.684748381376266 301.4989233314991 7.287848465144634 5.519461400806904 2.519363388419151 11.51326271891594 5.584603197872639 10.56502193212509 8.406348399817944 0.3775586038827896 0 86.60209261626005 77.32440911978483 70.00032572448254 69.35501166433096 20.40979065001011 283.7437084689736 790.4858272150159 189.7846490889788 400.3067256435752 28.15608391165733 0.1896707341074944 5.319406628608704 2.639871194958687 15.64638159424067 0.1041176244616508 0.6933191493153572 0 0.9349806979298592 0.7555505260825157 5.189492329955101 1.960526995360851 1.824483416974545 24.8990339115262 1.295530766248703 0 0.9290900826454163 423.4223604202271 0.1408318877220154 0.4749552458524704 0 0 0.1230524033308029 1.103187412023544 0 1.160605266690254 2.162054128944874 1.964389786124229 0.2247441858053207 2.24955927580595 2.711193390190601 3.692428521811962 3.436680845916271 0 0 0 0 0 0 0 0 0.113121435046196 0 0.1394504308700562 0 0 0 0 0 0.1159448772668839 0 0 0.4235930442810059 0.118147224187851 0 0 0 0.8720608055591583 0.5184079855680466 2.481024816632271 0.3101783469319344 0 0 0 0 0 0 0 0 0.184528723359108 0 0 0 0.4253657758235931 0 0.1808867156505585 0 0 0 0 0 0 0 0.9130553007125854 3.451691381633282 0 0 0.118063747882843 0.09753911197185516 0 0 0.1057092323899269 0 0 5.19194507598877 0.129141241312027 0 0.1013058423995972 0 0.7572038397192955 0.4753044098615646 1.214230909943581 0.2752044424414635 0.4380911439657211 0 0 0.1675082594156265 0 0.137638583779335 0 0 0 0 0 0 4.628779485821724 1.579405002295971 2.291771501302719 75.68486038595438 29.16236194968224 188.9651119187474 27.1019488722086 211.4992135837674 65.09891551733017 3.200501047074795 49.8930622190237 1.473508700728416 0 0.2204015552997589 0.09607045352458954 0.1175092607736588 0.1962903738021851 0.1989826112985611 0.2195815443992615 2.040853582322598 0.2372167408466339
1130.5768879354 62.09922816604376 1.356005534529686 0 256.9655772298574 152.4917551577091 2381.983219638467 0.7337060496211052 63.70199662446976 909.4279848188162 84.76757149398327 26.75830700993538 330.3411903679371 8.529262721538544 0.1157856583595276 0 0 0 0 0 0 0 0 0 0 0 0 0 0 0 1.751939713954926 0.1285047382116318 1.411028295755386 0 0 0 0.9829715490341187 0 0 0 0 0 0 0 0 0 5.147410348057747 0.5066852271556854 0 0 0.1404684782028198 0 0 0 0.3295071572065353 0.2017626389861107 5.72269830852747 2.639379017055035 0.9167598783969879 1.811288714408875 0 0.4739681780338287 0 0.6909864842891693 0.3293636664748192 0.126887708902359 0 0.1833351701498032 0 0 9.231377840042114 0 0 2.36802876740694 0.7436450496315956 1.466132253408432 0.3495377451181412 0.6193393021821976 0.3210966289043427 1.299720168113708 0.6051151156425476 1.650252304971218 0.6450900658965111 0 0.1138864085078239 0 0.1614868491888046 0 0 0 0 0 0 0.08473841845989227 0 98.58112187683582 0 0 0.2595196068286896 56.97066383808851 0.1258019953966141 0.5581250190734863 0 0 0 7.442791551351547 0 0.6676431000232697 71.08343531191349 2.797342881560326 0.1568153947591782 2.952385753393173 1.978564918041229 3.449806898832321 2.548353627324104 0 0 0 0 0 0 0 0 0 0 0 0 0 0 0 0 0 0 0 0.4012471139431 0 0 0 0 1.224649384617805 0.3332962095737457 1.332398802042007 0.3202144503593445 0 0 0 0 0 0 0 0 0.2986316084861755 0.1069174706935883 0 0 0 0 0 0 0 0 0 0 0 0 0 1.421504110097885 0 0 0 0 0 0 0 0 0 2.861695513129234 0 0 0 0 1.867325022816658 0 0.3559391796588898 0 0.4052146673202515 0 0 0 0 0 0 0 0 0 0 0 2.803002044558525 0.2393997609615326 1.804461002349854 32.44045525789261 1.273511789739132 14.85025509446859 1.264050744473934 241.1110976040363 6.326436810195446 0 4.722273260354996 0.211331307888031 0 0.4358992129564285 0 1.906723856925964 0 0 0 0.5487653613090515 0
398.3648029044271 4648.575797647238 1138.141318961978 256.9655772298574 0 25.48502731323242 1902.148118525743 120.3177461400628 7462.291484981775 359.4529540091753 569.9606528654695 40.18190714716911 274.2890818491578 432.4477212056518 39.45896787196398 1.599088735878468 3.0699368044734 1.685246869921684 0.4394327774643898 2.798993274569511 1.210086472332478 0 0.2733565121889114 0.1263179630041122 0 0.8212429732084274 0 0.7940666899085045 1.284862987697124 0.09522982686758041 582.6542251259089 125.5178374648094 46.06909450143576 0.3757714927196503 0.3399720638990402 0.6501888483762741 6.421535037457943 3.485838271677494 0.8842966109514236 0.3050501272082329 0.5490996539592743 0.6660288497805595 0.09470214694738388 2.256302334368229 0.1859709843993187 2.613340631127357 327.5989426970482 28.76160330325365 3.592922985553741 1.717450402677059 2.815049171447754 0.1772936284542084 0 1.269621200859547 21.69320879131556 19.03241194784641 37.38731403648853 139.0358663126826 22.60943747311831 129.3781752437353 7.490017838776112 18.75531371682882 2.276973694562912 168.8988113254309 27.4791309311986 16.91312808543444 4.75224681943655 8.534661062061787 1.705728746950626 1.661521911621094 83.56912808120251 1.654117494821548 0 70.88656633347273 111.2232022732496 162.0811443403363 71.38959343731403 11.18551295250654 53.67094012349844 39.9883368909359 29.47745753079653 90.03045505285263 78.0690890699625 1.569436952471733 14.81627403199673 8.550103463232517 14.34741564467549 0.07139139622449875 0.3797436431050301 0.3009303510189056 1.091722585260868 1.337771713733673 1.161341302096844 0.7889952883124352 0.8728156611323357 314.7089242786169 6.275840640068054 0 2.076327800750732 94.33204180747271 1.03162969648838 9.542500659823418 4.078664019703865 2.67068774998188 0.4080298766493797 39.43678450584412 3.040873557329178 24.13265758007765 59.63214567303658 37.85173600912094 1.845170430839062 66.32992548495531 62.48747869580984 68.27539610862732 58.31998018175364 0 0.1059226989746094 0 0 0 0 0 0 0 0 0 0 0.2033341825008392 0 0 0 0 0.1026094406843185 0 3.229497045278549 4.334586046636105 0 0.3364501893520355 0 15.84429455548525 6.547296851873398 28.7414670586586 5.464543774724007 0 0.1555792242288589 0 0 0 0 0.1508600413799286 0 0.8678032457828522 0.5310153067111969 0 0 0.2270265519618988 0.1535602957010269 0 0.2087908536195755 0 0 0 1.463118150830269 0 0.2012383788824081 2.510473489761353 46.98340114206076 0.2356326431035995 0.1087459623813629 0 0.1672123372554779 0 0 0 0 0.233152836561203 93.21541242301464 0.5146815925836563 0 0.3161190748214722 0 29.34705374389887 3.061339445412159 19.02423014491796 2.330953389406204 4.838543906807899 0.7020295187830925 0.3510470688343048 0.4211278781294823 0 0.3219297155737877 0 0 0 0 0 0 107.6603991687298 24.74317916482687 16.87128269672394 289.5720238089561 89.66944312304258 725.8553629890084 118.0903824716806 797.2682880610228 213.9280163198709 18.73328814655542 207.7957277968526 10.01425332576036 0.54599429666996 3.8793835490942 0.3585884571075439 13.73821536451578 0.8040596544742584 0.4732643440365791 0.8074193596839905 6.204262956976891 1.4662961140275
63.32945673167706 170.6223132237792 6.977003872394562 152.4917551577091 25.48502731323242 0 350.3564568087459 1.423287570476532 11.98477563261986 441.3498642146587 9.690173551440239 142.650421872735 179.6740695089102 23.79315002262592 0.1270011365413666 0 0 0 0 0 0 0 0 0 0 0 0 0 0 0 12.04610656201839 0 13.34819009900093 0 0 0.3628256320953369 5.44110295176506 1.156073108315468 2.16530305147171 0 0 0 0 0 0 0 0.5505361258983612 0.1899262517690659 0 0 0 2.069088160991669 0 0 0 0 167.1614383235574 1.226979061961174 0.4784771651029587 0 0 7.37681245803833 0 0.2729239165782928 0 0 0 0 0 0 84.42947462201118 108.0507436692715 0 0.6983166113495827 0 0.4849647432565689 0.1607049852609634 0 0.1302638649940491 8.337241232395172 0 1.53002493083477 0 0 0 0 0 0 0.5272262692451477 3.572946891188622 0 0.3746600747108459 0 0 0 322.8157744780183 292.3241511583328 1.387312173843384 2.77446685731411 595.065663382411 0 0.589333713054657 0 0 0 0.2755519151687622 0 0 3.025053456425667 0.1606528013944626 0 0.1266960501670837 0 0 0 0 0 0 0 0 0 0 0 0 0 0 0 0 0 0 0 0 0 0 0 0 0 0 0 0 0.1577969789505005 0.9026247262954712 0.2202806025743484 0.6856016665697098 0 0 0 0 0 0.4942695498466492 0 0 0 0 0 0 0.3169595301151276 0 0 0 0 0 0 0 0 0 0.4322049766778946 0 0 0 0 0 0 0 0 0 0.8217767626047134 3.238657355308533 0 0 0 0 0 0.4097502827644348 0 0 0 0 0 0 0 0 0 0 0 0 0 0 1.400109171867371 0.276759646832943 0.2779702097177505 0 0.5217978730797768 0.241504855453968 230.6703584641218 0.8603637218475342 0 0 0 0 0 0 0 0 0 0 0 0
2325.734746441245 5557.614837959409 143.4130216166377 2381.983219638467 1902.148118525743 350.3564568087459 0 124.5633690804243 6817.429541807622 3535.120702072978 193.0485715642571 107.2407211586833 3128.593731254339 3359.74991389364 55.06749235838652 3.355273567140102 3.928788036108017 2.158769972622395 0.2914655730128288 3.970401294529438 2.843322210013866 0 0.2797270715236664 0.1261397749185562 1.052177488803864 1.850897528231144 0.08768906444311142 1.393789701163769 2.816516749560833 0.2633865475654602 191.3439092338085 132.9390609040856 41.72175214439631 1.310837142169476 0.7014362514019012 0.6623318195343018 9.288539923727512 1.2159254103899 2.975353315472603 0.1140066087245941 1.467764265835285 0.4930853173136711 0.5551048144698143 2.826186992228031 1.40766167640686 3.315159559249878 407.472410865128 35.93425363302231 3.934500001370907 1.835213385522366 2.674358800053596 0.5086389854550362 0.4397162795066833 1.48007433116436 23.73356661200523 20.03066490963101 51.16210502386093 118.8840817511082 24.38401080667973 125.0296472907066 8.961908534169197 30.78102021664381 2.100759662687778 154.7380631119013 28.22670032083988 17.38305787742138 4.038727693259716 10.54690031707287 1.865745276212692 5.571619294583797 181.2104190811515 4.31469813734293 0 64.80951429158449 117.1087333485484 172.1803416833282 91.10311075299978 13.47126236557961 146.0600297525525 70.66375051438808 46.81643931567669 186.9923596456647 77.64608301967382 2.805894382297993 18.77561366558075 8.768897671252489 12.40526839345694 0.08861556649208069 1.792119331657887 0 1.477578833699226 0.7542931959033012 1.831000618636608 0.5510715320706367 1.387650884687901 1259.721521966159 16.72781969606876 0 4.077496349811554 225.5747381597757 2.382617458701134 28.85829377919436 8.421598628163338 5.200192272663116 2.405438162386417 106.4334985390306 7.880361720919609 62.32808104157448 205.3613290041685 108.459636926651 6.151248790323734 161.8717717006803 156.8056352585554 181.3850616067648 126.1535884439945 0.2289162203669548 0.5184669867157936 0 0 0 0 0.1322829574346542 0.1466763019561768 0 0 0.1302161067724228 0 0.4039048850536346 0 0 0 0 0 0 7.647862300276756 10.60765897482634 0 1.295842453837395 0.2835258543491364 37.32824308425188 15.87850606441498 70.52176378667355 5.355681538581848 0.1554008424282074 0 0 0 0 0.2272346913814545 0 0 1.279138192534447 3.021959871053696 0.5499226674437523 0.1438482403755188 0.210364818572998 0.4225354343652725 0.1172599494457245 0 0 0.09832771122455597 1.093486651778221 3.88058365881443 0.2859536409378052 0.8333744406700134 4.973564684391022 103.658141925931 1.446361258625984 0.4191850125789642 0.3261638358235359 0.5080122947692871 0 0 0 0 0 192.8904608935118 0.2011056393384933 0 0 0.1186475530266762 71.83424726873636 9.83343830704689 38.53799083828926 5.39972997456789 11.20869981497526 1.34166307002306 0.9883630275726318 1.590093068778515 0 0.1472242623567581 0 0 0 0 0 0 240.4071668758988 50.87386616319418 42.50485882908106 544.8554673418403 121.6035889834166 912.2709556892514 163.0465676113963 1821.191516436636 275.5273557901382 20.78686436265707 315.5168668925762 16.78469137102365 0.1937752217054367 7.468432232737541 0.7955192476511002 37.48219069838524 1.144276589155197 0.1120740920305252 2.985608242452145 18.4997856169939 2.156330868601799
140.5430404692888 269.2543045803905 1665.007795780897 0.7337060496211052 120.3177461400628 1.423287570476532 124.5633690804243 0 1381.13115542382 2.56685009598732 1341.858502164483 4.28071816265583 133.929635129869 1031.066483154893 15.90768583118916 2.211910538375378 4.498659484088421 3.501331083476543 1.381392121315002 6.847932495176792 2.087251797318459 0 1.307939350605011 0.9215908646583557 0.5090540945529938 0.1597395837306976 0 0.4448459148406982 0 0 733.9810050502419 1529.552154108882 147.9297400265932 2.562468513846397 0.9009336233139038 6.225005745887756 4.811801344156265 12.25171477347612 1.206520423293114 0.5934978574514389 2.108535274863243 0.8349234014749527 2.113225698471069 2.075837142765522 2.132692396640778 10.0278941988945 89.39047412574291 5.481968373060226 3.187976717948914 4.225875683128834 3.949855297803879 0 0 1.025440588593483 5.075842566788197 3.359567284584045 26.22160632908344 100.2755348905921 9.975214138627052 35.30063824355602 25.63124918192625 28.5870720744133 5.35932058095932 165.0975479111075 4.176152765750885 2.491341061890125 0.9371401518583298 5.273180663585663 3.307559460401535 8.197642616927624 5.460772074759007 0.1630985587835312 0 34.37924138456583 37.58783804625273 40.77539733797312 85.5466627702117 151.7152568921447 1424.813136801124 2229.288458801806 289.7528685778379 824.6533052772284 14.81532640010118 0.2063607946038246 2.048787049949169 1.261982284486294 9.624467827379704 0 0.5466016680002213 0 0.3834580034017563 0.1282357424497604 2.935451447963715 0.6113535016775131 0.9955934137105942 9.291599854826927 0.6153766289353371 0 0 74.79020321369171 0 0.3449893295764923 0 0 0 0.4680950343608856 0.2511947453022003 0.3496642410755157 0.4147973582148552 0 0 1.999745637178421 0.7416931465268135 0.4205877333879471 1.850860744714737 0 0 0 0 0 0 0 0 0 0 0.1636790484189987 0 0.1091089844703674 0 0 0 0 0 0 0.09734261035919189 0.2797003984451294 0 0 0.3140191733837128 0.607678510248661 0.377010278403759 1.300378732383251 0.3941961228847504 0.1774661839008331 0 0.2153341621160507 0 0 0 0 0 0 0 0 0 0.3523743152618408 0 0.610903412103653 0 0 0 0 0 0 0 0 2.35593331605196 0.3994352221488953 0 0 0 0 0 0 0 0 2.404852479696274 0 0 0 0 1.32155767083168 0.2869754135608673 0.999711811542511 0.2496078014373779 0.1230040863156319 0 0 0 0 0.08919014036655426 0 0 0 0 0 0 2.41348659992218 1.971387282013893 1.194581046700478 56.09311483055353 18.06012640148401 142.0053176432848 19.80612989515066 65.0462454482913 32.11399801075459 2.716180048882961 33.99665112048388 1.115906842052937 0.3632192984223366 0 0.129079669713974 0 0.1021197959780693 0 0.2025167196989059 1.557067722082138 0
69.65122753381729 1013.03490447253 598.4262979477644 63.70199662446976 7462.291484981775 11.98477563261986 6817.429541807622 1381.13115542382 0 172.7297552525997 2432.107329413295 33.62089681625366 1203.389680303633 1813.075985893607 35.22336155176163 2.277053482830524 4.75251205265522 1.544119864702225 0.5875201597809792 4.131452865898609 1.195001661777496 0 0.201094925403595 0 0.1435012370347977 0.3927690237760544 0.1135913282632828 0.4167407751083374 1.411224953830242 0 286.3249143660069 221.5553131625056 85.4031113088131 1.546152420341969 0.4169616997241974 5.171524181962013 6.600754342973232 6.427957765758038 0.4629856050014496 0.2768470495939255 1.698996163904667 0.3539001047611237 0.4803473353385925 1.176376715302467 1.000447817146778 4.04332834482193 236.3519122377038 17.32590115070343 2.110274843871593 1.440483540296555 3.12379639595747 0.3400678783655167 0.08918088674545288 0.8587650433182716 10.56832215934992 8.940697267651558 21.06322740018368 89.07342094928026 13.90719890594482 83.82750394940376 10.03794323652983 13.32700528204441 3.228668838739395 136.4082838371396 15.43038368970156 7.861929729580879 2.764830216765404 6.911830693483353 1.490257807075977 5.290324509143829 42.115308791399 2.465110957622528 0 41.81717605888844 69.48737808316946 105.6672813072801 64.9092560261488 10.83950501680374 156.0767491981387 145.7358320131898 54.6265707463026 181.3518610447645 35.10876209288836 0.8146117627620697 7.235747903585434 4.406350366771221 6.844060845673084 0.1589826941490173 0.9913332909345627 0 0.3357808291912079 0.679716095328331 2.018888525664806 0.8838100805878639 0.4347391501069069 239.1866361498833 1.880251467227936 0 0.4797321856021881 34.15105100721121 0.465875156223774 4.614247113466263 1.816521778702736 0.3265385031700134 0.8421160876750946 22.30076707154512 0.8337125033140182 12.06661906093359 21.85705713182688 24.79639345407486 1.749124929308891 33.09951435029507 27.40441936999559 34.09997204691172 29.52482585608959 0.2850486040115356 0 0 0 0 0 0.1135046929121017 0.1383398622274399 0 0 0 0 0.2744983434677124 0 0 0 0 0 0 2.533817566931248 1.980357609689236 0 0.1610913425683975 0.2041250467300415 6.049940317869186 1.83415775001049 11.23992154747248 1.980219841003418 0 0 0 0 0 0.1216868907213211 0 0.136219710111618 0.1494771093130112 0.2515099346637726 0 0 0.096748948097229 0.1308380663394928 0 0.1149571612477303 0 0 0 0 0.2155979424715042 0 1.057220280170441 18.61245515942574 0.1935907751321793 0 0.1164761558175087 0 0 0 0 0 0 35.13376334309578 0 0 0.09241681545972824 0 14.92044914513826 1.597629971802235 8.76033803075552 0.2712832540273666 1.769872136414051 0.454263836145401 0 0.2230146676301956 0 0 0 0 0 0.09514940530061722 0 0 53.35214175283909 8.057209447026253 5.520614288747311 230.9696576744318 66.32157053798437 509.8545333556831 90.91601497679949 357.2146957740188 121.5985050499439 8.284247137606144 195.1927108764648 7.398016355931759 0.0976182222366333 1.963376432657242 0.1077440902590752 8.80370806902647 0.9718997776508331 0 1.883407682180405 6.082260593771935 1.391104146838188
229.5085095465183 160.0229767858982 3.635586969554424 909.4279848188162 359.4529540091753 441.3498642146587 3535.120702072978 2.56685009598732 172.7297552525997 0 38.29145639389753 606.331198617816 5936.188891150057 189.9774876534939 3.939274370670319 0.1374861747026443 0.2699935734272003 0 0 0.1724085658788681 0 0 0 0 0 0 0 0 0 0 8.907449036836624 3.279140204191208 26.80356502532959 0 0 0.8897762149572372 6.479207381606102 1.215656697750092 0.5319526195526123 0 0.09929925203323364 0 0 0 0 0 22.85919670015574 0.4363544136285782 0.1000920087099075 0 0.2291702330112457 0 0 0.1598567962646484 0.3317035064101219 0.354733519256115 39.50025365501642 3.358501799404621 1.614846952259541 2.415690243244171 0 15.74048033356667 0.3498620688915253 2.908402822911739 0.7799767702817917 0.1789039298892021 0 0.2041362226009369 0.09966538846492767 0 243.9343401640654 1.592444479465485 0 1.119459599256516 4.583082608878613 3.829009063541889 2.720345765352249 0.3941737934947014 3.943949647247791 17.67526540160179 1.021006666123867 15.03222081065178 2.358944699168205 0.1238244101405144 0.3335321247577667 0.1020147278904915 0.9729905650019646 0 0 0 0 0 0.3964508473873138 0 0 1255.713152825832 5.994080930948257 0 0.1758978515863419 844.0498253032565 1.027275055646896 16.52190668880939 6.230675175786018 1.90166712552309 0.518058717250824 42.5559416115284 2.701802209019661 24.83742617070675 131.3239003270864 53.50781367719173 2.491601586341858 66.71887547522783 62.89359857141972 68.94483567029238 34.55535864830017 0.1033486723899841 0.1258030086755753 0 0 0 0 0 0 0 0 0 0 0 0 0 0 0 0 0 2.297984577715397 3.106452345848083 0 0 0 8.918514922261238 3.593159019947052 15.62435405701399 1.406463086605072 0.4138878583908081 0 0 0 0.1280435472726822 0.1379484981298447 0 0 0.3048495352268219 1.246685586869717 0.1507663726806641 0 0 0 0 0 0 0.2934664487838745 0.1182147189974785 1.962575674057007 0 0 2.08320041000843 25.21644094586372 0 0.257910244166851 0.1032115072011948 0.104220986366272 0 0 0 0 0 42.34708148986101 0 0 0 0 24.42897843569517 4.895592898130417 13.26709914952517 2.295253917574883 3.205870062112808 0.2341330796480179 0 0 0.2791329994797707 0 0 0 0 0 0 0 69.59571844339371 9.353695943951607 8.973785862326622 305.4891257807612 2.706864327192307 55.2144198268652 14.05383312702179 902.5757615119219 10.787468791008 0.3123498111963272 26.59894444048405 5.902299724519253 0.1711476445198059 1.910333648324013 0 15.38352960348129 1.105688653886318 0.1324565410614014 0.5750326290726662 0.6568360328674316 0
318.568587988615 824.6431180685759 2814.757343150675 84.76757149398327 569.9606528654695 9.690173551440239 193.0485715642571 1341.858502164483 2432.107329413295 38.29145639389753 0 47.49230603128672 768.1159354746342 2865.233027003706 24.56940022855997 3.571748696267605 2.173809707164764 0.2762508243322372 0.5487574487924576 0.9061796888709068 0.8885938078165054 0 1.015102744102478 0 1.628650993108749 1.194466188549995 0.1174248158931732 0.4415969997644424 0.6526883020997047 0 1002.065899468958 340.716879427433 505.7110999673605 1.15201760828495 0.245112881064415 31.08733582496643 32.30775898694992 54.01606050878763 4.883442103862762 2.718051590025425 0.7597989216446877 0.4598225802183151 0.107154056429863 0.8838725686073303 1.386351339519024 1.784776419401169 125.0829612538218 5.636979006230831 1.108307562768459 0.5274239107966423 0.9027146697044373 0 0 1.406578078866005 5.466297022998333 4.270927056670189 22.51316288113594 80.73716226220131 8.391262114048004 35.93219414353371 2.335906259715557 77.43717390298843 1.903875842690468 55.19177734851837 7.229510582983494 3.496739715337753 0.6893920376896858 1.982364006340504 0.4839502796530724 2.492897361516953 52.19334934651852 3.099266350269318 0 28.47748302668333 33.01149328052998 48.36494769901037 28.72193614393473 5.145478494465351 286.8163665905595 949.1134087741375 18.5186580941081 381.8621674627066 16.84406238794327 0 4.550031907856464 1.031040586531162 2.612396828830242 0.1247852742671967 0.221780352294445 0 0 0.3017348274588585 0.815078429877758 0.4084359109401703 1.300189599394798 153.7980765476823 6.448517680168152 0.1518535017967224 1.157195635139942 97.24902421236038 0.3555503189563751 2.997838616371155 0 0.1704650819301605 0 5.686588555574417 0.8365608006715775 3.683539152145386 9.434753090143204 6.423809096217155 0.7794916033744812 8.622285477817059 7.211618073284626 13.28142280131578 11.75382212549448 0.1168233826756477 0 0 0 0 0 0 0.1477092355489731 0 0.1815573126077652 0 0 0.2749505937099457 0 0 0 0 0.5959124565124512 0 0.89120252430439 0.7873775660991669 0 0.181752473115921 0.2043789476156235 5.395910307765007 2.242198742926121 7.68436536937952 1.425161480903625 0 0 0 0 0 0 0 0 0 0.4514208063483238 0 0 0 0.3288985341787338 0 0 0 0 0 1.117368996143341 0 0 0.453320175409317 11.73201421648264 0 0.2094185352325439 0 0 0 0 0 0 0 14.47670252621174 0.5006201267242432 0.1830291450023651 0 0 6.875980332493782 1.353141844272614 4.922888346016407 0.656218633055687 0.93525330722332 0 0 0 0 0 0 0 0 0 0 0 18.22135642915964 6.345121130347252 6.74339997023344 160.8375645205379 27.75522744655609 254.9813752919436 46.22963274270296 165.1579914614558 61.17225245386362 3.875831343233585 108.2703518792987 2.936291322112083 0 0.8649779856204987 0.1202300041913986 2.652626410126686 0 0.101836308836937 0.6009415984153748 3.229763396084309 0.1331513673067093
11.98271313309669 17.16439981758595 7.505381897091866 26.75830700993538 40.18190714716911 142.650421872735 107.2407211586833 4.28071816265583 33.62089681625366 606.331198617816 47.49230603128672 0 1772.658592604101 144.1615744531155 30.30679433047771 3.023689702153206 3.550965115427971 0.5853903070092201 0 0 0.6474846452474594 0.9885959178209305 0 0 1.688932485878468 0.1858276873826981 0.1173046603798866 0.7519031912088394 1.072471402585506 0.2034291476011276 4.96565192937851 3.624015711247921 120.4815193489194 0.6243117153644562 1.549973376095295 30.21328969299793 61.68163219094276 29.25815349072218 16.39524383842945 7.043493017554283 2.440171673893929 1.036236226558685 0.2637559473514557 1.04961197078228 0 0.5873853638768196 93.45082181692123 1.547811433672905 1.027986988425255 0.625526636838913 0.3346923142671585 0.2988215386867523 0.4487316608428955 1.402647063136101 2.085666075348854 1.35393089056015 6.17246387898922 4.687271416187286 2.5740627348423 10.96370200067759 1.39358439296484 14.22394503653049 5.144059464335442 10.32954467087984 1.180647850036621 1.205868043005466 0.3923833519220352 0.8602186441421509 0.5175070911645889 2.494841180741787 140.4093169867992 11.88938410580158 0 2.597846478223801 6.732600279152393 22.8955135345459 16.07399635761976 4.625565864145756 3.770808726549149 14.77811098098755 0.5583399310708046 28.89090571552515 2.900750234723091 0.1782224029302597 1.08106879144907 0.3432020843029022 1.594039157032967 0 0 0.1366005390882492 0.1027010977268219 0.1321423500776291 0.838906466960907 0.3036435544490814 1.246423676609993 1759.03167039156 37.21394850313663 0.631282851099968 2.327189549803734 62.03091488778591 0.8450773283839226 4.725897535681725 2.036671847105026 0.7275362908840179 0.2513719350099564 17.99768343567848 1.773910269141197 11.17911282926798 22.40701013058424 15.29622359573841 1.550200492143631 39.4875795468688 33.72058872878551 43.99470929056406 34.24293234199286 0.3344693705439568 0 0 0 0 0 0 0 0 0 0.3198624551296234 0 0.2930005788803101 0 0 0.1580205708742142 0.2455052509903908 0.1661418378353119 0 3.911050021648407 1.675209492444992 0 1.040172636508942 0 13.96974115818739 3.761511415243149 23.54221101850271 7.27598587423563 1.210921697318554 0 0 0 0 0.1312262564897537 0.3513516783714294 0 0.9940133094787598 1.872473493218422 0 0 0 0.6644066721200943 0 0 0 0.1898840218782425 0 1.686897739768028 0 0 1.184810653328896 31.61532912403345 0.2735059559345245 0 0.1052786260843277 0 0 0 0 0 0 52.46995865553617 1.877386093139648 0 0 0 18.90093271434307 2.791855059564114 14.04062738269567 1.624333620071411 2.07583948969841 0.8065680265426636 0 0.4192424267530441 0.1106824204325676 0 0 0 0 0 0 0 74.63016497343779 18.53426311910152 18.27326317876577 283.8715782612562 25.32757342606783 193.748344630003 39.7984462082386 152.7562279254198 24.17844218760729 2.298841558396816 117.9109982699156 4.825373634696007 0.3036642372608185 2.069675929844379 0.2064772471785545 4.613825365900993 0.4496181830763817 0 1.846756182610989 4.87194562703371 1.157059900462627
24.8064258992672 144.2651700973511 99.48556932061911 330.3411903679371 274.2890818491578 179.6740695089102 3128.593731254339 133.929635129869 1203.389680303633 5936.188891150057 768.1159354746342 1772.658592604101 0 4146.535070516169 90.48513976484537 10.59174774587154 11.57481777667999 1.911142989993095 0.278057798743248 1.247281894087791 2.768049500882626 6.873819231987 1.229922443628311 0.5075677037239075 5.312363132834435 2.282589480280876 0.6885791942477226 5.883246377110481 7.45529168099165 1.993057116866112 44.86297915875912 51.0378470569849 1701.019089631736 3.531508967280388 2.030390650033951 110.3102237358689 677.7465735301375 183.6550020128489 93.28822904080153 35.72805481404066 12.00822281837463 4.218994975090027 0.4124423936009407 2.657289944589138 1.407213896512985 2.249923184514046 273.6301203072071 7.842247851192951 3.740955464541912 1.353096380829811 1.718800157308578 1.922246769070625 3.119490340352058 13.47836692631245 3.979495875537395 5.097007758915424 7.945350900292397 16.86511538922787 4.473619133234024 36.7089309617877 7.781514815986156 345.7068218588829 10.83717767894268 46.87971454113722 6.5284638479352 4.893767178058624 1.246264703571796 2.888331644237041 1.166658543050289 6.527990646660328 1033.953254334629 54.73361936211586 0.3537900298833847 10.20504333823919 30.02033282071352 88.54118267446756 63.96487678587437 16.89385985583067 117.5278377458453 137.7621323540807 17.44447519630194 283.1838928312063 15.25739096850157 0.405487909913063 3.76179588586092 1.020470716059208 5.236858516931534 0.2701390534639359 0.4183991476893425 1.001346081495285 0.3968602567911148 0.3159731552004814 3.010951109230518 1.623642854392529 3.530757375061512 3970.35096359998 241.6806665733457 4.602706551551819 14.74983787536621 90.65412873774767 2.058473646640778 12.17456244677305 4.187495499849319 1.002010926604271 0.2269656211137772 55.54329019784927 5.58972842246294 35.70577528327703 146.342146679759 63.0762273222208 3.941794186830521 106.4813528880477 98.21007602661848 113.2015308365226 100.2207144647837 0.8878301903605461 0.428113654255867 0 0 0 0 0.3226384669542313 0.9096065759658813 0.8209510743618011 0 2.487356409430504 0 0.4988844841718674 0.1127490997314453 0.1209597960114479 0.1674703806638718 0.9826364815235138 0.981309100985527 0 5.731635488569736 6.01152066886425 0.2334243655204773 4.689498290419579 1.294753134250641 36.82569714635611 16.56803980469704 75.85589605569839 16.29692193865776 3.929807908833027 0.1455874592065811 0.2107629776000977 0 0 0 0.4443515837192535 0 1.428317256271839 3.057648405432701 0 0.1511343717575073 0.1677786111831665 4.313064441084862 0.8811431974172592 0.1591616123914719 0 0 0.3735822588205338 2.018747255206108 0 1.041752249002457 10.07458240538836 97.39623235911131 0.5589079260826111 0.6056419163942337 0.1121499314904213 0 0.9875421151518822 0.1285412162542343 0 0 0 179.1540683209896 4.741465255618095 0 0.1145607978105545 0 54.80762556940317 9.371466130018234 44.01625902950764 3.61103293299675 7.283939696848392 0.8736952915787697 1.451729342341423 1.197432294487953 0.1117816045880318 0 0 0 0.09814489632844925 0 0.1184547767043114 0 202.7628210112453 74.74693583697081 61.62819762527943 613.403031617403 123.5118639916182 596.9254164546728 143.4298640042543 308.9356795027852 102.0796044170856 9.070887356996536 296.5033332258463 17.05303714424372 1.172392919659615 7.250891223549843 0.8241310566663742 16.29927689582109 2.579436853528023 0.2552965730428696 2.39581573754549 22.02334649860859 3.098205700516701
127.9716318771243 426.3574546873569 875.8535681217909 8.529262721538544 432.4477212056518 23.79315002262592 3359.74991389364 1031.066483154893 1813.075985893607 189.9774876534939 2865.233027003706 144.1615744531155 4146.535070516169 0 49.63584426045418 4.981620416045189 5.411330550909042 0.8882629573345184 0.153707891702652 2.623729266226292 1.854235485196114 0.862022802233696 1.699799627065659 0.433186411857605 1.864267289638519 1.425117924809456 0.2179805487394333 2.285655960440636 3.117105260491371 0.1823532581329346 345.0089474469423 217.4170521870255 851.9665124490857 3.101424835622311 1.498382806777954 56.39492797851562 147.944673910737 118.2674331367016 16.68207602202892 6.073110669851303 5.346744552254677 1.768283918499947 0.2528712004423141 1.771519906818867 1.557717435061932 3.580374479293823 187.005052305758 5.917304411530495 1.474266894161701 1.500082209706306 2.221451491117477 0 0.2768418788909912 3.401935093104839 4.871992953121662 3.944797657430172 15.28968377411366 61.58892057836056 6.327848851680756 45.24658339470625 4.57196057587862 298.6325304210186 6.466069921851158 75.49422981590033 8.393842242658138 4.711667634546757 0.6013298109173775 3.045946337282658 1.100492134690285 4.872132167220116 101.9613158777356 7.292559906840324 0 24.62201587855816 37.53789812326431 70.78918258845806 46.96296931803226 14.75385941565037 443.1459374949336 694.5641763210297 37.55605992674828 502.4555568620563 18.32496140152216 0.5315321832895279 3.796331457793713 1.390874151140451 6.430063843727112 0.1347814798355103 0.2667917311191559 0 0.5266928523778915 0.1904961615800858 1.008190147578716 0.7574223801493645 2.462511107325554 532.8208303451538 24.54299500584602 0.6489002555608749 1.865940131247044 53.65908554941416 0.5138734206557274 4.059650436043739 1.383194051682949 0.4727993905544281 0.5253314897418022 14.05123190581799 1.392036534845829 8.410171136260033 22.56431764364243 13.60730367153883 0.4797626286745071 25.78519301861525 25.03448443859816 32.53087570518255 26.12114679813385 0 0 0 0 0 0 0.1627024263143539 0.3581485599279404 0.1949096322059631 0 0.6953590363264084 0 0 0 0.3444834053516388 0 0.3177090585231781 0.4434785097837448 0 2.84815039485693 2.615537814795971 0.1534861326217651 1.000988453626633 0.6372073143720627 10.50693985819817 3.964589908719063 21.11309978365898 3.490285970270634 1.277417242527008 0 0 0 0 0 0 0 0.3450817912817001 0.3253926932811737 0.1394697576761246 0 0.2223511040210724 0.1837417036294937 0 0 0 0 0.1301818042993546 0.5110949203372002 0 0 2.034541577100754 27.1544179469347 0 0 0 0 0 0 0 0 0 45.04631978273392 0.4411384165287018 0 0 0 18.35395333915949 1.575970664620399 9.630924127995968 1.160041116178036 3.84400687366724 0.378340519964695 0.454423576593399 0.3287301659584045 0.1246177405118942 0 0 0 0 0.1130590811371803 0 0 50.95075481384993 15.29507404565811 19.11267272382975 311.0751022920012 54.01633184403181 390.8946282789111 74.27473115921021 145.9195831343532 74.42240136861801 6.429736405611038 175.3142452761531 5.988907761871815 0 2.142651200294495 0.09108138084411621 5.868391424417496 0.6333029195666313 0.09330393373966217 1.580010645091534 8.830225326120853 1.384336218237877
