0 4492.967658266425 1796.58222694695 2445.387761667371 384.2697893455625 88.38771739602089 992.5768534913659 349.6583925783634 32.66677470505238 3793.044583082199 526.6904151663184 337.3708936423063 651.2419953122735 207.8739213347435 4.812967360019684 1.946148581802845 0.1327627748250961 0.2796837985515594 0 0.1792290657758713 0.1523275524377823 0.2024656683206558 0.88022381067276 0.1848794668912888 1.586611934006214 0.496407113969326 0.3832021206617355 0.5526109114289284 0 0 650.026764318347 16.60277707129717 34.22526514530182 0.4532642662525177 0.4402047693729401 2.273914888501167 8.918086923658848 1.247060492634773 1.041366271674633 0.4558893293142319 1.501146525144577 0.9595054164528847 0.9231205657124519 2.248065017163754 0.3225046992301941 1.032579869031906 32.15866976231337 4.554505631327629 0.3944597095251083 0.5824631601572037 1.107257716357708 0.1481155306100845 0 0.385429859161377 17.17118164151907 12.08218667656183 268.2962572127581 357.6935585960746 99.9133118018508 43.38197918981314 0.5323221683502197 0.8246299028396606 1.962648823857307 5.273703560233116 5.854472480714321 2.214274346828461 0.5597992688417435 3.090502947568893 0.5041091442108154 4.069284655153751 11.53317791223526 5.116053953766823 0.1420202255249023 204.3637572452426 19.10490661859512 23.23912228643894 5.331613183021545 3.315131306648254 12.67135897278786 281.8304874673486 1.156179770827293 25.7956378608942 18.17275523394346 0.2615051567554474 0.9163527265191078 2.616270370781422 0.9144544899463654 0.7437785565853119 1.001802399754524 0.3769633620977402 0.3889869228005409 0.1656775623559952 3.327926725149155 0.3902935236692429 0.1062785983085632 67.55938749015331 5.769450157880783 0.8936417549848557 1.386249780654907 1142.573944017291 0 0 0 0 0 0.2218070477247238 0 0.4905089139938354 1.986886858940125 0 0 0.2757494002580643 0 1.078850790858269 0.1510599851608276 0 0 0 0 0 0 0 0 0 0 0 0 0 0.1390761286020279 0 0 0 0 0 0 0 0 0 0 1.113561794161797 0 0.3391235172748566 0 0 0 0 0 0 0 0 0 0 0 0 0 0 0 0.123878076672554 0 0 0 0 0 0 0 0 0.4392455518245697 0 0 0 0 0 0 0 0 0 2.907247349619865 0 0 0 0 0.1222919523715973 0 0 0 0 0 0 0 0 0 0 0 0 0 0 0 0 0.2126238346099854 0.9256796836853027 24.12004373222589 18.50128915160894 136.7983416244388 42.36639811098576 530.5340648368001 14.73463013023138 3.770728819072247 11.59753562510014 0.3113624677062035 0 0.8085683882236481 0 0 0 0 0 0.2125774919986725 0
4492.967658266425 0 2934.612450145185 2250.89392054826 4150.080689437687 69.91881114244461 4469.192397274077 1164.730149239302 1591.312612973154 1536.309477522969 2085.817344240844 47.3133297637105 1676.620056174695 1872.057205945253 47.7178446277976 12.35923512279987 2.169023916125298 1.835409089922905 0.4556752741336823 0.3514854609966278 1.560385890305042 0.1109838038682938 3.519421115517616 0.9915271550416946 6.017249122262001 3.299948439002037 1.747126683592796 2.268509477376938 0.9136869460344315 0.6137783601880074 1626.724724307656 101.385381527245 106.8973972350359 1.492168731987476 1.362466745078564 8.360541336238384 48.18566937744617 4.768270023167133 3.903903156518936 5.325853124260902 9.871644727885723 5.223101370036602 3.661478713154793 9.780273705720901 0.3079582303762436 3.053056456148624 277.4574235901237 51.64188222587109 1.318190656602383 3.251309543848038 9.747758291661739 0.3472644537687302 0.361473374068737 2.363891944289207 79.37023413181305 77.058340318501 178.9844948574901 442.624959141016 105.6681823730469 265.06048206985 3.244922310113907 3.555948212742805 9.560667656362057 76.241868712008 48.49559419602156 24.14940094202757 11.66230326145887 11.74100179225206 4.427984796464443 19.97579155117273 88.11090794205666 2.54082565009594 0.2276717126369476 640.1615837067366 179.9955066367984 285.8461137190461 33.03820039331913 20.51504699140787 59.95213820785284 744.1069282740355 8.346663303673267 79.22243122011423 108.1184853389859 3.994693130254745 12.66072051227093 20.9315599873662 6.05912097543478 0 5.649515599012375 0.1779322326183319 4.025109507143497 0.77303646504879 9.217685244977474 5.723429046571255 2.213353782892227 112.4800760746002 2.952175661921501 0.1054649353027344 2.268600516021252 1735.958511397243 0.4041803479194641 0 4.441376641392708 1.262516975402832 1.281433075666428 38.17685595154762 0 71.21878349781036 2.974231600761414 4.601198807358742 2.400369375944138 78.15798209607601 13.99740743637085 102.0024562329054 37.48364711552858 0 0 0 0.30484738945961 0 0 0 0 0 0 0.3242828845977783 0 0 0 0 0.1821813136339188 0 0 0 1.288574188947678 0.4177194684743881 0 0 0 22.89919227361679 0 11.76664458215237 0 0 0.1791795790195465 0 0.2782226800918579 0 0.7068918198347092 0.1982785761356354 0 0 1.99924823641777 0 0 0 0.1908890008926392 0.490167573094368 0 0 0.3758748769760132 0 0 0 0 0.2349151372909546 49.14437773823738 0.1351238638162613 0.1127189248800278 0 0 0 0 0 0.1590655744075775 0.4473436176776886 51.64284735172987 1.791441559791565 0.1805352866649628 0 0 22.27599574625492 1.99906063079834 6.451523393392563 1.268185377120972 0.1146465986967087 0.1451534181833267 0 0 0 0 0 0 0.1114919409155846 0 0 0.1341508626937866 22.91338542103767 7.32764632999897 5.837834164500237 399.3075128048658 155.857175335288 939.5681901425123 241.4883516281843 505.3771700188518 54.8917258605361 20.61894648522139 83.76419039070606 7.633462160825729 0.3611120730638504 4.308188632130623 0.2152110636234283 1.131520628929138 0.1528573334217072 0 1.976138114929199 2.369148977100849 0
1796.58222694695 2934.612450145185 0 88.56851205229759 1067.314396671951 2.216674700379372 61.59405397623777 4807.392419576645 175.8756058439612 12.46218140423298 3766.436661832035 7.756994172930717 252.3034250512719 880.407987460494 35.72907835245132 22.48859269917011 4.059085175395012 3.784599170088768 0.4518706128001213 7.623303890228271 19.83238907158375 0 19.68124091625214 4.80802571028471 24.10660774260759 19.18645787239075 5.237179763615131 2.794061206281185 0.4001699239015579 0.1342865526676178 4068.524055227637 809.68035017699 123.4990034326911 13.76418580114841 13.03917914628983 43.85852804034948 18.22512594610453 5.819578930735588 3.728341788053513 7.266818419098854 56.01549572497606 7.924270771443844 18.22502878308296 20.19223880767822 3.925413429737091 11.36080075800419 104.0314283445477 16.5061069726944 2.131714031100273 11.08090430498123 24.44408275932074 0.1151844412088394 2.060737155377865 2.017905734479427 18.95870149880648 17.44338250160217 62.71772634983063 584.3191024065018 34.13958968967199 71.76477224379778 21.59220948815346 12.98806203901768 45.69729706645012 312.4629142954946 11.82372208684683 8.674006067216396 8.07796136289835 53.00623669475317 28.7460004389286 104.3972205147147 10.91906623542309 2.761057659983635 0 226.9510984048247 96.79164864867926 123.4453044235706 49.54301314800978 38.16226584464312 278.0556077212095 1907.92118601501 68.38551708310843 543.3699220642447 31.33242459595203 1.436000801622868 2.799511216580868 5.619270347058773 14.46926905214787 0.08251289278268814 1.563513837754726 0.1444232910871506 2.28123826533556 0.1306614130735397 46.20297986268997 11.7360610589385 1.457664504647255 8.432910725474358 0.6459915637969971 0 1.514902159571648 707.7767207175493 0 0 0 0.1631220281124115 0.5154744535684586 0.9733737707138062 0 2.646841883659363 0.1322479695081711 0.5226586908102036 0 2.395334705710411 0.3082977086305618 3.304841130971909 1.92451485991478 0.5501265078783035 0 0 0 0 0 0 0 0 0 0.4238614812493324 0 0 0 0 0 0 0 0 0 0 0 0 0 5.721187144517899 0 1.004128277301788 0.855041965842247 0 0.1189997419714928 0.1222188398241997 0 0 0 0 0.3395354747772217 0 0 0 0 0.540110170841217 0 1.420508220791817 0 0 0 0 0 0 0 0 4.1453587859869 0 0 0 0 0 0 0.1621582806110382 0 0.3899990767240524 2.154149949550629 0.5070623010396957 0 0 0.1674396693706512 0.8396797999739647 0 0 0 0 0 0.1465638875961304 0 0 0 0.1302414834499359 0 0 0 0 0.1556305289268494 0.1638649553060532 0.82961206138134 0.5700436234474182 90.94449706375599 41.0104608386755 236.6003827378154 58.42397180944681 62.69940374046564 11.2873038649559 3.745025828480721 27.33116870373487 0.6451011449098587 0.1032641381025314 0.8846794813871384 0.1189845502376556 0 0 0 0 3.108396328985691 0
2445.387761667371 2250.89392054826 88.56851205229759 0 239.3623338118196 342.2194697856903 1989.183170422912 13.81213273853064 63.49863393604755 3169.58250041306 92.2725927606225 322.1925023496151 1673.369564265013 72.59967253357172 2.405404843389988 0.5974134057760239 0 0 0 0 0 0 0 0 0 0 0 0 0.1817437708377838 0 47.41859069466591 0.3544326722621918 1.507599741220474 0 0 0 3.003703355789185 0 0 0.2560200169682503 0.1034167408943176 0.127791166305542 0 0.1620483547449112 0 0 15.52084843069315 6.06644344329834 0 0 0.3553847372531891 0 0 0 7.309000305831432 8.447354696691036 35.2381334528327 43.07700297981501 15.02704261243343 23.59392585605383 0.1822385489940643 0 0 2.654408693313599 4.157053589820862 2.464329764246941 0.6451636329293251 0.3880278393626213 0 0.2173083871603012 0.6181300580501556 0 0 74.38640339672565 13.41109545528889 11.97301407903433 1.018656134605408 1.228458791971207 0.3400677815079689 0.8640183508396149 0 0.4412219822406769 10.68149413913488 0.7713088840246201 0.681433729827404 1.115121610462666 0.5057091787457466 0 0.6302128583192825 0 0 0 0 0.1143933162093163 0 20.50657187402248 0 0 0.2046710997819901 249.5736169070005 0 0 0 0 0 0 0.6039914488792419 4.293264210224152 0 0 0 0.7608199417591095 0.3213906288146973 2.872552812099457 3.220611661672592 0.136240541934967 0 0 0 0 0 0 0 0 0 0 0 0 0 0 0 0 0 0 0.1687073409557343 0 0 0 0 0.1597681492567062 0.174333781003952 0 0 0 0 0 0 0 0 0 0 0 0 0 0 0 0 0 0 0.5479828119277954 0 0 0 0 0 0 0 0 0 0 0 0 0 0 0 0 1.56328359246254 0 0 0 0 1.521586611866951 0 0 0 0 0 0 0 0 0 0 0.1347621381282806 0 0 0 0 0.7863315790891647 0 0.2823130786418915 27.52883411943913 7.380016528069973 87.56153393536806 21.61630569398403 536.5186524316669 5.690487712621689 1.604873798787594 4.299772188067436 0.1271852999925613 0.1432743668556213 0 0 0 0 0 0 0.3221637904644012 0
384.2697893455625 4150.080689437687 1067.314396671951 239.3623338118196 0 20.34341457486153 1815.421835355461 934.8734539523721 8628.786278493702 123.0098459795117 3803.122928261757 44.61658744513988 766.180255882442 3627.730252511799 24.15099546313286 1.025854922831059 1.285827599465847 0.1325441300868988 0.1189937070012093 0.1781023591756821 0.4570664018392563 0 0 0 0.4085390865802765 1.326222129166126 0.3649227470159531 1.497048549354076 1.563562601804733 0 122.418566070497 18.70412714034319 19.33721642196178 0.1195154935121536 0 0.1917220056056976 35.26105280965567 0.1896293014287949 1.612913198769093 1.934388428926468 2.291654840111732 1.994205392897129 0 0.6995169818401337 0.1101143285632133 0 150.1220603883266 21.39000568538904 0.5570242255926132 0.8466776236891747 4.251368924975395 0.6449353098869324 0.1301622241735458 2.271842800080776 23.2245391830802 24.75217937678099 16.8069268912077 60.67339860647917 19.68338967859745 106.3255023807287 0.1267539262771606 1.547340832650661 0.4488998055458069 32.59175600856543 19.97502655535936 12.00840041786432 5.49382745474577 3.449659749865532 1.202586777508259 2.809450313448906 103.2407410293818 3.535760790109634 0.1464458107948303 172.6376848444343 73.15892388671637 167.5801327601075 20.76394825428724 3.189294211566448 2.008343070745468 47.74181490391493 1.723791554570198 5.475538738071918 34.49978840351105 1.68378621339798 5.499671183526516 7.359368354082108 2.783804908394814 0.1890327706933022 3.233592607080936 0.09542401880025864 2.710810817778111 0.5504697486758232 0.7339513748884201 1.758121676743031 2.407067149877548 259.4057320654392 5.899265050888062 0 3.857962533831596 39.29892342537642 0.3426111489534378 1.140858426690102 5.272578701376915 0 4.295104503631592 62.94041807204485 0.8731970638036728 127.1132492274046 8.412595450878143 20.00540345907211 5.740411132574081 159.9723233059049 47.66393072903156 196.2852428406477 62.82448501139879 0.7072304636240005 1.162486486136913 0 0 0 0 0 0 0 0 0 0.1463270634412766 0 0 0 0.2865959033370018 0 0 0.143079087138176 4.877837307751179 2.638782896101475 0 0.4694878458976746 0 40.07724022120237 0 10.68504872918129 0.47185218334198 0 0 0 0 0 0.2585314512252808 0.6877373456954956 0.3973935842514038 0.5676576644182205 3.996145658195019 0.3763394355773926 0.2651033401489258 0 0 0.1314225792884827 0.5372493863105774 0.345487654209137 0 0.6967009902000427 0 0 0 0.2163592278957367 95.89715172350407 0.5647712051868439 1.385969541966915 0 0.09418061375617981 0 0 0 0 0.3785023987293243 134.0986745655537 0.3274857699871063 0.1390867978334427 0 0 29.89387130737305 2.202682167291641 4.946526437997818 3.141820088028908 2.018770337104797 3.200223967432976 0.8667118549346924 0.6922722011804581 0 0 0 0 0 0 0 0 47.89918155968189 20.92123775184155 8.34793846309185 365.8689562305808 113.1527334526181 474.6950101256371 136.4263042137027 90.99414770305157 39.59593348950148 7.346387349069118 81.53748311847448 7.921060606837273 0.1194167286157608 9.599979005753994 0.9715184718370438 4.208371058106422 1.250733435153961 0.1133094653487206 3.818864285945892 0.8760224655270576 0.5113447308540344
88.38771739602089 69.91881114244461 2.216674700379372 342.2194697856903 20.34341457486153 0 173.2261330336332 0.6861494481563568 24.91279344260693 951.7588917911053 2.185586705803871 303.5051530897617 356.1829970777035 66.39864091575146 0.1462941914796829 0 0 0 0 0 0 0.4893445819616318 0 0 0 0 0 0 0 0 7.231818482279778 0 9.209946990013123 0 0 0 7.435390412807465 0 0.9999688416719437 0 0 0.1786604523658752 0 0 0 0 0.4016038477420807 0 0 0 0 12.49211625754833 0 0 0.5169332176446915 1.742612674832344 180.9810490980744 3.660678014159203 19.46563209593296 0.2349866181612015 0 0.2170651108026505 0 0.187848225235939 0 0 0.6512620449066162 0 0 0 67.72445368766785 258.7144362479448 27.57445706427097 5.406260028481483 0.1743399649858475 0.3146282210946083 0.1441648602485657 0 0 4.433003425598145 0 0.8856717050075531 0.1010189726948738 5.184103533625603 0 2.355592124164104 0 26.0472359508276 13.28233994543552 24.69242437183857 2.710801139473915 8.075675919651985 0 0.1827286630868912 0 672.0814598351717 137.5061719566584 28.55063888430595 7.278637439012527 381.2782612591982 0 0 0.4436063766479492 0 0.1244518011808395 0.1751459240913391 0 0 0.2573186457157135 0.94974684715271 0 0.9329805374145508 0 0.4449101239442825 0.3817979991436005 0 0 0 0 0 0 0 0 0 0 0 0 0 0 0 0 0 0 0 0 0 0 0 0 0.1515609622001648 0 0 0 0 0 0 0 0 0 0 0 0 0 0 0 0 0 0 0 0 0 0 0 0 0 0 0 0 0 0 0 0 0 0 0 0 0.392034038901329 0 0 0 0.1995652616024017 0 0 0 0 0.1124889180064201 0 0 0 0 0 0 0 0 0 0 0 0.1667692214250565 0 0 0.6956735849380493 0.3317417651414871 1.025975674390793 0.5535222589969635 270.0935559570789 3.988008737564087 0 0 0 0 0 0 0 0 0 0 0 0
992.5768534913659 4469.192397274077 61.59405397623777 1989.183170422912 1815.421835355461 173.2261330336332 0 34.92948439717293 1790.646302051842 1963.334938012064 208.8663384318352 76.66886031627655 8676.585357636213 1901.149139791727 36.00097254663706 2.813390500843525 1.320217102766037 0.5882690101861954 0 0.1823059767484665 0.9793094098567963 0 0 0.284384697675705 0.5354067608714104 1.181328073143959 0.2478268817067146 1.841942638158798 0.5540088564157486 0.1378131657838821 143.3821639567614 19.44232575595379 25.16020855307579 0 0.1371859908103943 0.1684180796146393 38.96879186481237 0.2276455760002136 4.075912639498711 0.3872065991163254 1.870824985206127 2.277920261025429 0.8488805592060089 2.876154035329819 0.1229710876941681 0.6675477623939514 196.5348556116223 28.70639512687922 1.904481373727322 0.7744929641485214 4.424807287752628 0.4818769991397858 0.4089173376560211 1.021841034293175 36.89101319015026 33.30006089061499 62.92320660501719 104.5459878444672 39.68805371969938 139.1480956599116 0.1508488953113556 1.131284944713116 0.267535500228405 35.01087310165167 26.32790633291006 13.85303181409836 7.049822419881821 2.702572777867317 0.585994616150856 1.123980142176151 94.17420237511396 5.835068598389626 0.1120413020253181 283.1643814742565 87.03540173172951 173.9840662926435 25.38163278996944 9.109123550355434 2.576090708374977 31.19454341381788 0.7093051075935364 4.125173524022102 57.93253598362207 2.775710605084896 5.919699691236019 9.735560886561871 2.619314819574356 0.2020331472158432 3.189226977527142 0 3.677766613662243 0.8776275143027306 1.56126894056797 2.611660778522491 2.826272875070572 565.8462138772011 4.988966464996338 0 3.814649030566216 192.5481187999249 0.1324837952852249 0.4231114089488983 11.79874515533447 0.6952910870313644 6.389409922063351 75.05763880908489 5.097409248352051 175.1645256429911 12.60246179997921 27.17862510681152 8.682025387883186 203.0859123170376 61.45344394445419 279.4193985462189 81.26338763535023 0.3843068033456802 1.756255745887756 0 0.492272287607193 0 0 0 0 0.09111420810222626 0 0 0 0 0 0.1734048128128052 0 0 0 0 11.0183025971055 1.188514038920403 0.1788483113050461 0 0 60.99764169752598 0 13.07322284579277 1.478466600179672 0 0.7912754863500595 0 0 0 0.1396074593067169 0.8692644834518433 0 2.234412789344788 1.440778858959675 0 0.1178646609187126 0 0.1364514231681824 0 0 0 0 0 0 0 0 0 128.7840984091163 1.121529206633568 0 0 0 0 0 0 0 0.2070761024951935 165.7363110631704 1.642292022705078 0 0 0.2076814025640488 41.1846832036972 2.804144412279129 6.187812313437462 4.443457454442978 1.841648757457733 3.041830040514469 0.4719519764184952 0.6589683443307877 0.2955613732337952 0 0 0 0 0 0 0.1638128310441971 78.37703561782837 10.97490014135838 10.38121528923512 433.542736299336 119.2139708325267 609.0120185539126 168.1197750344872 523.2709102928638 47.1622317135334 9.567731961607933 107.6354583501816 7.216635718941689 1.290087521076202 11.74823363125324 0.6658390164375305 1.657378375530243 0.2938410341739655 0 4.537490591406822 4.757462829351425 0
349.6583925783634 1164.730149239302 4807.392419576645 13.81213273853064 934.8734539523721 0.6861494481563568 34.92948439717293 0 609.1858056262136 4.51728131622076 2731.274174928665 5.118662893772125 261.5295295491815 905.3621976971626 85.97975917160511 20.8412247672677 5.051804654300213 7.02178917825222 1.044821709394455 10.17223973572254 26.99728605151176 0 22.89446796476841 6.8631756529212 24.39972999691963 19.64125566184521 6.926868282258511 4.040060192346573 0.6684641987085342 0 1657.53324342519 555.4907246381044 84.55332527309656 13.91716577112675 15.45340460538864 48.14461060613394 11.12189893424511 8.420033499598503 4.323324970901012 7.042130678892136 66.11981666833162 8.293240785598755 23.71579518914223 21.65518870949745 4.261382088065147 15.09592532366514 351.5868653208017 30.99467303603888 3.268135316669941 14.70103041827679 25.19570288062096 0.5071439146995544 1.15375592559576 2.924784608185291 33.90825290232897 25.42456741631031 37.45562849938869 246.0871224626899 25.42418495565653 176.4405126944184 61.18025995790958 23.86602287739515 64.67055381089449 317.4885126650333 21.74187941849232 17.36453355103731 8.395550079643726 49.54298309981823 28.11544174700975 120.8268288001418 6.177051328122616 3.037215754389763 0.1000771075487137 359.8857405334711 258.4222258329391 419.8828499615192 151.3826731070876 69.42593910545111 1311.807362183928 2848.178549282253 159.726213760674 2096.953633673489 52.26361587643623 1.561837509274483 6.901248455047607 9.863689072430134 11.4855717420578 0.1173101216554642 2.779118023812771 0 3.593438602983952 0.5721480548381805 50.39374821633101 15.44929270446301 2.518342532217503 5.470322474837303 0.2076471894979477 0 2.540169544517994 187.8198194429278 0 0 0 0 0 0.148758202791214 0 1.295971810817719 0 0 0 2.369132041931152 0.3909299075603485 3.874718829989433 1.679158449172974 0 0.2377462536096573 0 0 0 0 0 0 0 0.14322230219841 0.3569397181272507 0 0 0.1479840725660324 0 0 0 0.1495975404977798 0 0.2465870305895805 0 0 0 0 1.525614023208618 0 0 0.1515887379646301 0 0.1870005279779434 0.2823496758937836 0 0 0 0 0 0.6975886821746826 0.1643273085355759 0 0 0 0 0.7457052320241928 0.09423129260540009 0 0.1256145536899567 0 0 0 0 0 1.283033654093742 0.1297344714403152 0 0 0 0 0 0.08374053984880447 0 0.9563202261924744 2.27927865087986 0.1864739507436752 0 0 0.883051872253418 1.062623873353004 0 0 0 0 0 0 0 0 0 0 0 0.1081995666027069 0 0 0 0.7327416688203812 0.3481787443161011 1.205632336437702 412.0048018321395 111.9790666848421 775.8540545850992 157.6115178689361 52.21116134524345 48.22097259014845 6.214612863957882 131.7865849882364 2.186921074986458 0.5391499027609825 0 0 0 0 0 0.3388148844242096 2.283813692629337 0
32.66677470505238 1591.312612973154 175.8756058439612 63.49863393604755 8628.786278493702 24.91279344260693 1790.646302051842 609.1858056262136 0 137.6274607479572 4000.461521647871 25.21845027804375 325.4220234826207 2470.290647551417 19.25812073051929 3.037946470081806 0.2306036055088043 0 0 0 0.529175877571106 0.3868132829666138 0 0 0 1.238957047462463 0 2.242278605699539 0.1581883132457733 0 13.5961137637496 6.438973620533943 18.10559900850058 0 0 0.2561433017253876 18.4931031614542 0.1376620680093765 2.090109348297119 1.818408131599426 1.498656399548054 0.9021930322051048 0.1335641741752625 0.7414558753371239 0 0.2554403468966484 80.23731914907694 5.806743413209915 0 0.8241007477045059 2.597437672317028 0.3750561699271202 0 1.120981559157372 4.232678838074207 5.421692423522472 4.593890517950058 11.77147683501244 7.434284433722496 29.22472555190325 0.4306629449129105 1.849114373326302 0.1561341136693954 16.78248230367899 5.126945786178112 2.570860452950001 2.449305795133114 1.11372247338295 0.3465375602245331 2.280518382787704 55.906833589077 5.708082944154739 0 48.79349129647017 25.34597532451153 73.21175786107779 24.54735178500414 4.512365937232971 0.7571378573775291 27.00339794903994 0.9194424599409103 2.01727432757616 6.742399424314499 0.1697086840867996 1.475931942462921 1.61558348685503 1.119320675730705 0.1002992317080498 1.529117703437805 0 1.711575843393803 0.4158966466784477 0.5496037527918816 1.142358228564262 1.484148025512695 277.2840642184019 4.285295709967613 0 0.6501218378543854 13.22410999238491 0.478000670671463 0 6.250941962003708 0.277978926897049 1.594287276268005 56.89026211202145 1.859212353825569 104.6683099269867 7.986664891242981 13.86174840480089 4.284957945346832 125.5390154793859 44.87450052797794 161.0311521440744 47.81473013758659 0.7281643226742744 1.202090814709663 0.2872977256774902 0.2738656029105186 0 0 0 0 0 0 0 0 0 0 0 0 0 0 0 3.035560548305511 0.9022798240184784 0 0 0 31.83944562077522 0 8.312945656478405 0.4644486010074615 0 0.327462375164032 0.1644739210605621 0 0 0.2761465311050415 0 0 1.096950843930244 2.662064552307129 0 0 0 0 0.4320272207260132 0.8919773995876312 1.365063279867172 0.09073774516582489 0 0.1465781927108765 0 0 0 61.47726211696863 0 0 0 0 0 0 0 0 0.1912850141525269 87.73434671759605 0 0 0 0 29.24299813807011 0.2977443635463715 5.120657056570053 0.9005633145570755 1.405955493450165 1.972055613994598 1.06943316757679 0.3379175215959549 0 0 0 0 0 0 0.1031081676483154 0 43.42190247029066 8.057060167193413 4.92909063398838 333.8065663352609 65.30670170485973 272.0422662049532 75.98188405483961 79.41093400865793 23.53129980713129 2.658580750226974 87.98747323453426 8.178565971553326 0.2128239274024963 9.14296717941761 0.7343844324350357 1.945383429527283 2.06787882745266 0 2.284670971333981 2.705663293600082 0
3793.044583082199 1536.309477522969 12.46218140423298 3169.58250041306 123.0098459795117 951.7588917911053 1963.334938012064 4.51728131622076 137.6274607479572 0 18.11019607633352 2718.227940917015 12514.21391738951 510.6118526011705 3.639305435121059 0.1522849947214127 0.184012845158577 0 0 0 0 0 0.1293072253465652 0 0.1142127811908722 0 0 0.1160418093204498 0 0 63.29585231095552 0.4692146778106689 18.57111735641956 0.1768439710140228 0.1527696251869202 0 28.34211672842503 0 2.041328549385071 0.2271825969219208 0 0 0.1815386712551117 0.7834951430559158 0 0 24.62867353111506 4.195775099098682 0.3632754683494568 0 0.2677896767854691 0 0 0 11.48076286166906 9.745523661375046 68.88430494815111 66.81765207648277 30.69923167675734 31.93656609207392 0 0.1090390831232071 0.1388800740242004 3.002429872751236 4.249841198325157 3.446858495473862 0.6275357827544212 0.1444058865308762 0.551300473511219 0 117.5016896724701 2.681285798549652 0 114.3148885816336 14.62645363807678 17.72494100779295 1.532828249037266 0.787773996591568 0.1772039234638214 9.727531246840954 0 0.8624072968959808 18.56658048927784 1.150043115019798 1.154730424284935 2.661982089281082 0.3464409485459328 0 0.9223112389445305 0.1428669691085815 0 0 0.1315140724182129 0.1151800528168678 0 536.1475600898266 2.082425534725189 0 2.413852453231812 441.8782058805227 0 0 2.450719088315964 0 0.7102697193622589 23.54474459588528 2.162164270877838 47.89243112504482 2.092351719737053 5.188878551125526 0 66.07061652839184 14.75977650284767 72.76512086391449 11.66531446576118 0.1669251918792725 0 0 0 0 0 0 0 0 0 0 0 0 0 0 0 0 0 0 0.1497222781181335 0.1626892536878586 0 0 0 5.150657847523689 0 0.9304381310939789 0 0 0 0 0 0 0 0 0 0 0.5151413530111313 0 0 0 0 0 0.1044432073831558 0 0 0 0 0 0 0 14.57168021798134 0 0 0 0.1143259778618813 0 0 0 0 0 17.43455627560616 0 0 0 0 3.503942087292671 0 0 1.087012052536011 0.2471626400947571 0.2666761130094528 0 0 0.4343908727169037 0 0 0 0 0.1395089030265808 0 0 15.02919192612171 1.297940015792847 1.981984525918961 36.80149541050196 14.11492923647165 123.2202938422561 26.44167275726795 1877.857477664948 6.096710011363029 2.904798895120621 5.722877845168114 2.225256890058517 0.2653575018048286 2.011570431292057 0.3654488772153854 0 0 0 0.2552166283130646 0.1477494984865189 0
526.6904151663184 2085.817344240844 3766.436661832035 92.2725927606225 3803.122928261757 2.185586705803871 208.8663384318352 2731.274174928665 4000.461521647871 18.11019607633352 0 44.33506806194782 1315.007320128381 8742.685310184956 82.48092585802078 27.60610841959715 3.163863815367222 2.806022323668003 0.3873170465230942 0.3904432579874992 2.34139309823513 0.3768650740385056 1.592768609523773 0.2806360572576523 10.51972860097885 3.160440050065517 2.644332431256771 3.141950339078903 2.302716106176376 0.2933455556631088 390.4114412888885 73.66656897217035 481.6374757066369 0.6443606093525887 1.143661752343178 8.173026576638222 174.2189821079373 9.530552849173546 20.71030674874783 7.935105703771114 12.07008554041386 9.523736797273159 2.808198511600494 15.78533460944891 1.927419304847717 5.154519908130169 304.9702170491219 23.26771733164787 0.8421253114938736 5.308526001870632 8.935278221964836 0.6625440865755081 2.198046386241913 5.746560879051685 27.33557445555925 27.37717419117689 25.91193801909685 87.38894338905811 23.21958127617836 131.1868945211172 5.501867599785328 6.168704025447369 2.049635164439678 95.55693166702986 18.45678704231977 15.61306273192167 7.622942253947258 9.398152887821198 3.233738087117672 9.714639626443386 79.66715171188116 12.98922446370125 0 231.2937915027142 134.0413068979979 319.8061045110226 97.72217582911253 41.8781504034996 42.15961145609617 1618.218347735703 11.1142388805747 37.47422460466623 42.43097036331892 1.045410044491291 7.357840172946453 9.725811116397381 3.130961447954178 0 6.194421954452991 0 5.018247649073601 1.702778518199921 6.943100526928902 7.199174270033836 4.20854115486145 67.11862699687481 2.466460332274437 0 9.248816564679146 92.49556390196085 0.383170872926712 0 3.504852145910263 0 0.4437293708324432 15.17930333316326 0 17.32357437908649 0.6658205986022949 2.444339096546173 0.8247680813074112 27.81864512711763 4.460696347057819 35.41087047755718 16.09697253257036 0.638496607542038 0 0 0 0 0 0 0.1063408851623535 0 0.3830498158931732 0.2404601648449898 0 0 0 0 0.6645705103874207 0 0.1565559059381485 0 1.9836166203022 0.5948045998811722 0 0 0 17.77121232450008 0.1527564972639084 5.151959449052811 0.8067356497049332 0.1108703091740608 0.4788396656513214 0.436396986246109 0 0.1991833597421646 0.1094251051545143 0.3998031467199326 0 0 0.1983895748853683 0.4843692481517792 0 0.1871880292892456 0 0.5027195438742638 0.09232507646083832 0 0 0.08786708861589432 0 0 0.1534171849489212 0 34.3523732945323 0.4304678738117218 0 0.4336430877447128 0 0.122919000685215 0 0.2062093466520309 0 0 34.84206279367208 0.7371236979961395 0.2354176789522171 0 0.4592441543936729 8.825627587735653 0 2.028962835669518 0.6709499657154083 0 0.2710544466972351 0.1350189000368118 0.2549322992563248 0 0.08538701385259628 0 0 0 0.1242499724030495 0.1147089079022408 0.1233388632535934 10.02173988521099 6.918877504765987 4.856727510690689 606.704734236002 187.8429785147309 758.8949059918523 212.0762200951576 60.30753414332867 66.47023347020149 12.6144098713994 177.5850207433105 7.155506193637848 1.370042391121387 4.773482903838158 0.1350545734167099 0.8888425827026367 1.311633564531803 0 3.165916793048382 7.338595926761627 0.1038236767053604
337.3708936423063 47.3133297637105 7.756994172930717 322.1925023496151 44.61658744513988 303.5051530897617 76.66886031627655 5.118662893772125 25.21845027804375 2718.227940917015 44.33506806194782 0 1808.324557960033 311.7005789279938 7.875004902482033 4.270978197455406 0.5319388434290886 0 0 0 0.1575480401515961 0 0.1429952383041382 0 0.9252585470676422 0.1507953554391861 0 0.1777759790420532 0 0 5.35800164937973 0 38.25644871592522 0 0 0.7518014907836914 91.45160439610481 2.482892751693726 5.585092857480049 3.974655374884605 0.5534418597817421 0 0 1.80502662062645 0 1.619576588273048 20.38675951957703 0.4711344242095947 0.2981196045875549 0 0.5495034605264664 0 0.2732388079166412 0 1.784996926784515 0.2957078665494919 13.76538457721472 4.794937089085579 5.164876870810986 4.920217782258987 0.6163190305233002 5.516203820705414 0 2.356347039341927 0.6986222863197327 0.4945810958743095 0 0.7554469630122185 0 0.1563642024993896 136.5831566080451 21.9320957660675 0 10.00322250276804 7.926911614835262 15.44207447767258 6.944319859147072 5.057830959558487 0 22.50631277263165 0.5655989646911621 0.9771465212106705 1.434982284903526 0.2311457470059395 0.1631667166948318 0.2111669108271599 0.447195902466774 0 0.1612486839294434 0 0 0 1.047441512346268 0 0.3204347044229507 1447.617338702083 5.423034593462944 0 6.629883900284767 113.6551554054022 0.2434769570827484 0.2615612298250198 3.509778648614883 0 5.922799110412598 55.31282620131969 4.301189467310905 99.63134506344795 5.872503206133842 11.8420095294714 2.93897633254528 110.3582689985633 28.32014635205269 159.9786543548107 42.77160847187042 0.7828725576400757 1.4966896250844 0 0 0 0 0 0 0 0 0 0 0 0.1250505298376083 0 0.3439043462276459 0 0 0 3.870187573134899 0.7782763242721558 0 0.1427336037158966 0 38.06154056638479 0 8.417465195059776 0.3972841054201126 0 0.1206759288907051 0 0 0.2959183752536774 0.408700555562973 0 0 1.652230061590672 1.450525783002377 0 0.1228639185428619 0 0 0 0.7177860140800476 0 0 0.220095619559288 2.602473810315132 0 0.1263065189123154 0.1709543317556381 72.08127774298191 2.131935998797417 0.9751870036125183 0.6316407024860382 0 0 0 0 0 0 102.2166808545589 0 0 0 0 28.44372667372227 0.4102889746427536 3.335956782102585 1.597125396132469 1.630305074155331 1.812666445970535 0.4872241243720055 0.5978408455848694 0.08624184131622314 0 0 0 0.08476223051548004 0 0 0 45.90517063438892 11.9668016731739 8.866168171167374 82.83073380589485 8.066716223955154 68.64499291032553 12.02683476358652 579.9590139836073 5.615280106663704 0 26.1190859079361 5.394623950123787 0 7.814296193420887 0.6199868693947792 1.669467106461525 0.8071142584085464 0 1.309609726071358 0.9592553526163101 0.1495377272367477
651.2419953122735 1676.620056174695 252.3034250512719 1673.369564265013 766.180255882442 356.1829970777035 8676.585357636213 261.5295295491815 325.4220234826207 12514.21391738951 1315.007320128381 1808.324557960033 0 3681.500500045717 83.66055917739868 37.84458254277706 5.552044369280338 2.188022047281265 0.4022948443889618 0.1293284893035889 0.6418922245502472 0.3153249621391296 0.7798414677381516 0.3865462839603424 13.75966567546129 3.73519179224968 0.7728332281112671 5.402916476130486 1.404785081744194 0 37.26491402089596 10.27264755964279 418.3505785092711 0 0.1431465446949005 14.7798195630312 299.1785090267658 55.59904754161835 77.88055878132582 83.14685881137848 7.971149176359177 8.334326073527336 1.033388093113899 22.58359532058239 1.653376087546349 13.8873176574707 206.8102021068335 9.858173355460167 0.351154699921608 1.110902808606625 6.66669000685215 0.6609226018190384 5.539449334144592 5.617352202534676 7.402596212923527 8.994781389832497 26.61725919693708 27.99914683401585 14.86569912731647 58.47931057214737 9.761947318911552 101.7725939750671 3.64022533595562 43.26881904900074 8.903291583061218 7.856823436915874 4.064503856003284 5.419519633054733 1.834349043667316 4.46141692250967 461.8522823527455 38.8343745470047 0.1595798581838608 91.68874125927687 50.8362415060401 190.4741474017501 89.05860973894596 55.87733782082796 2.549290284514427 284.1779364570975 10.24164722859859 16.75289721041918 16.28755754232407 0.6552403271198273 4.300060130655766 2.485256731510162 4.528641030192375 0.6954665780067444 3.589693702757359 0.4623143747448921 2.755902998149395 0.6977699771523476 4.22485127300024 4.644616857171059 4.868347264826298 2641.228216961026 6.6011733263731 0 14.56337478756905 178.4988175779581 0.9106209576129913 1.190542414784431 19.56238988041878 1.298444926738739 7.959857784211636 139.8738779574633 7.652983903884888 271.4105392545462 20.49810874462128 36.41182382404804 8.87744215130806 318.1902044415474 110.5812096223235 449.3667171224952 135.682038359344 4.217261388897896 2.207596071064472 0.1067947447299957 0.1279679089784622 0 0 0 0.2675869464874268 0 0.1249479651451111 0 0 0 0.1907812058925629 0.1948741525411606 0.4099477827548981 0.1686544120311737 0 0 14.18275764584541 6.017826482653618 0 0 0 90.07083711028099 0.5732800662517548 32.02899480611086 4.18578290194273 0.4475298970937729 0 0 0 0.3696202486753464 2.123797342181206 0.4075825363397598 0 2.096019506454468 5.252675995230675 0.0971246063709259 0.3538767099380493 0 0.2304049879312515 0.6715809255838394 0.6983355283737183 3.455433368682861 0 0.08010856807231903 0.474001981317997 0 0.4964247643947601 0.4559968858957291 201.5082924216986 1.805006727576256 1.31602418422699 0.7198721691966057 0.2618612051010132 0 0.1041128411889076 0 0 0.8498709201812744 313.4068117961287 6.127710461616516 0 0 0 65.21324817836285 4.065528564155102 13.85496827960014 3.36050496250391 6.778814844787121 5.342553928494453 2.91164955496788 1.718759410083294 0.3398792520165443 0.2176443338394165 0 0 0 0.2180144637823105 0 0.123440183699131 153.0350674837828 39.49219219386578 28.11416441202164 600.7232356369495 136.7055125683546 526.5464275702834 155.8169188573956 755.4104693457484 48.86587996035814 6.143093802034855 162.2193767502904 18.5819288790226 1.901150807738304 21.33664011210203 1.224881365895271 6.24241341650486 0.1101321801543236 0.1243803799152374 4.917507342994213 9.191624909639359 0.9411950260400772
207.8739213347435 1872.057205945253 880.407987460494 72.59967253357172 3627.730252511799 66.39864091575146 1901.149139791727 905.3621976971626 2470.290647551417 510.6118526011705 8742.685310184956 311.7005789279938 3681.500500045717 0 112.7874535247684 47.02775455266237 5.41688410192728 1.696979373693466 1.163490489125252 1.205585673451424 1.383759051561356 0 0.8316116258502007 0.8578159287571907 12.81252954900265 1.85381206125021 1.820410750806332 5.76035512983799 3.398434706032276 0.5440045893192291 81.3282373920083 20.3579625338316 1087.680088937283 1.115491114556789 1.28636771440506 14.01925528049469 693.6213620305061 39.16381815820932 43.89637108892202 38.80496939271688 11.00694660097361 12.0305583178997 1.595439970493317 22.40939455479383 1.352770566940308 8.557244822382927 337.734013274312 15.38493945449591 1.41960771381855 3.028291821479797 8.779957175254822 1.113318853080273 3.729532144963741 7.203359790146351 13.92049545049667 12.19565162062645 18.37362843006849 39.25954171270132 18.15942009538412 95.18382955342531 8.042250089347363 36.60879547148943 2.079042844474316 80.57088741660118 11.69009476900101 12.07032610476017 6.001301497220993 7.368190623819828 3.128377787768841 8.56784051656723 367.6612643450499 41.66557883471251 0 136.7571221217513 109.9768845513463 315.1323475912213 135.1312663331628 59.97923665493727 11.01674006134272 1280.243931107223 9.176168784499168 29.42291121184826 21.62605161219835 0.6471249461174011 5.807669028639793 5.416748709976673 4.370275400578976 0.1220041662454605 4.331144385039806 0.2097264379262924 3.93396382778883 1.88484875112772 7.515833608806133 7.34471633285284 6.191921263933182 924.6708153486252 14.49928752332926 0 21.11516660451889 64.33576899766922 1.245369054377079 0.5407820865511894 6.517918571829796 0.1647671908140182 3.400555744767189 85.33978833258152 2.652039244771004 163.6471091583371 7.92555245757103 17.74595912545919 2.77701723575592 184.2881658226252 60.98238755762577 279.682906575501 100.6841386035085 2.375715717673302 3.498346582055092 0 0 0 0 0 0 0 0 0.4147280901670456 0 0 0 0 0.1273782253265381 0 0 0 5.424759209156036 3.672063544392586 0.1829431354999542 0 0 79.77192898094654 0.2575550675392151 26.16195702552795 4.522347941994667 0.6686517298221588 0.3812011703848839 0.1336231976747513 0 0.4619011729955673 1.225043602287769 0.312975600361824 0 1.185346491634846 4.618924714624882 0.2101311087608337 0.3505670875310898 0.2174936980009079 0 0.8532188236713409 0.3123917430639267 1.404053226113319 0 0.391679584980011 1.098250150680542 0 0.6753084063529968 0.2237337380647659 156.8433944657445 1.111468151211739 0.3005926534533501 1.190544635057449 0.100866362452507 0.1070004552602768 0 0.1212192475795746 0 0 197.6629269346595 3.525250896811485 0 0 0.3758764266967773 54.15925341099501 2.354035586118698 9.160811200737953 3.87482587993145 2.377685196697712 4.104212313890457 1.939507134258747 0.6142833679914474 0.2373088449239731 0 0 0 0 0 0.1313120424747467 0.7298901081085205 80.54552291333675 26.76237367093563 20.41645825654268 966.9450933784246 206.8010645806789 872.7311203405261 250.7716639041901 203.2568089738488 77.30750117450953 9.452466756105423 268.7948834598064 18.49293131381273 0.8737680986523628 26.78128682821989 1.744438156485558 3.119386367499828 2.839025676250458 0 5.236010447144508 14.79782952368259 0.791124701499939
