0 4604.417217507958 1303.402492545545 1569.738524660468 570.0660982951522 21.61073549091816 828.6670206934214 182.3778744488955 23.59935005754232 357.4559257924557 504.1801236718893 35.83808620274067 86.65035197138786 96.66676563024521 2.185733318328857 0.555881679058075 0.1092679351568222 0 0 0 0 0.2301881462335587 0 0 0.1437364667654037 0 0.3424655199050903 0 0 0.1664735823869705 156.2196988016367 1.050634950399399 6.005354300141335 0 0.2624143362045288 0 6.028312228620052 0.1816114336252213 3.117929168045521 0.8109674453735352 0.3085125386714935 0.2333936914801598 0 0.1137836202979088 0 0 13.69560815393925 2.397546179592609 0.2732460498809814 0 0.6259793192148209 3.025378584861755 1.349566847085953 0.2663691341876984 4.465014509856701 1.621023125946522 497.2084868550301 749.412910670042 181.7461774945259 23.6453498378396 0 0.296738475561142 0.1403939425945282 1.576179385185242 4.48172702640295 0.4136887788772583 1.544674791395664 0.6205959394574165 0.3248976320028305 0 14.05078783631325 25.50716504454613 1.09463195502758 61.94475371390581 12.69363506883383 8.485513530671597 3.678777076303959 1.333890542387962 2.859763741493225 16.60466971993446 0 0.2816430926322937 8.951073676347733 0.5017556995153427 1.014570623636246 1.548205181956291 0.4379483237862587 3.496065869927406 0.3048319295048714 1.782963767647743 0 0 0 0 0.12588070333004 183.7073825597763 32.56303106248379 11.72457036375999 6.578840717673302 776.9144087284803 0 0 0 0 0.6340987682342529 1.346859648823738 0 0.2277472615242004 2.182620383799076 0 0.4794308692216873 1.420996263623238 1.049191698431969 1.253541879355907 0.1413558274507523 0 0 0 0 0 0 0 0 0 0 0 0 0.2406941950321198 0 0 0 0 0 0 1.120510056614876 0 0 0 0 0.2185378074645996 0 0.7607729732990265 0.2141062319278717 0 0 0 0 0 0 0 0 0 0 0 0 0 0 0 0 0 0 0.3547501564025879 0 0 0 0 1.373047053813934 0 0 0.1532991528511047 0 0 0 0 0 0.2356479316949844 2.27938948571682 0.2286198735237122 0 0 0.2589008808135986 0 0 0 0 0 0 0 0 0.0843181386590004 0.1892642676830292 0 0 0.1191822811961174 0 0 0 0.1451277285814285 0.7113756835460663 0 22.56146648526192 7.735949024558067 27.18783068656921 5.073318310081959 586.656599804759 23.4126695021987 0.2352014929056168 6.62662310898304 1.080551795661449 0 0.3870345801115036 0 0 0 0 0.2912617623806 6.140317261219025 0
4604.417217507958 0 923.5769007503986 1184.528405472636 4519.275024570525 187.9875901639462 2511.917248591781 629.2820320278406 1526.275359392166 263.5670162141323 2795.748581603169 17.92368733882904 473.0824030786753 606.837929084897 18.69160696864128 1.996662467718124 0.09727013111114502 0.31670081615448 0 0 0.5634033679962158 0.272596150636673 0.1481407284736633 0 0.7594455629587173 0.8923832923173904 0.3774384036660194 0.281157448887825 0.3974398970603943 0.4263816624879837 1234.59367121011 16.46070850640535 12.39858424663544 0.2077550888061523 0.7899162396788597 0.2645859122276306 12.62759514898062 0.5037224888801575 1.603114001452923 0.529499776661396 0.2075130641460419 1.31940046697855 0.2749124765396118 0.3683462738990784 0 0 279.495525598526 24.66761785745621 0.8168305903673172 1.099430292844772 5.592988178133965 0.1731305569410324 0.1783682703971863 1.050732135772705 27.62015192955732 11.47639046609402 159.8614786043763 650.2762392237782 231.7369089052081 186.7718333154917 0.3195496499538422 0.6803787052631378 0.1420287936925888 30.57323878258467 34.94178055971861 12.96891672164202 15.77244547009468 8.028958328068256 0.4046933650970459 0.4240638017654419 5.996245607733727 1.20650714635849 0 369.8134097829461 160.6473739519715 113.2611308917403 38.88019473850727 4.5130510404706 8.426320612430573 35.98732072114944 0 0.6559540703892708 93.87293827533722 0.7729417383670807 28.95116285979748 13.91550783813 9.932495079934597 0.6051473468542099 6.370985366404057 0.2850236892700195 2.654784202575684 1.319081202149391 0.508187860250473 0.2899066805839539 2.325967371463776 95.15051418542862 0.6479582488536835 0 2.164394155144691 593.9349593818188 0 0 0 0 1.771783992648125 36.54101644456387 0 13.75810718536377 8.885624662041664 1.396486446261406 1.130893707275391 15.53207497298717 12.82851149141788 19.17536590993404 10.49351862072945 0.4360316693782806 0.2548240423202515 0 0 0 0 0 0 0 0 0 0 0 0 0 0 0 0 0 3.134612500667572 0.3781258165836334 0 0 0 8.117049388587475 0 3.348797366023064 0.2002962231636047 0 0 0 0 0.1539376080036163 0.5176400989294052 0 0 0.6934947967529297 2.390866503119469 0 0.5387146472930908 0.09289684146642685 0 0.1359717696905136 0 0 0.1000374183058739 0.2287352979183197 0.1360642313957214 0 0.388647049665451 0 13.24460436403751 0 0 0 0.1520865261554718 0.1057133227586746 0.323224276304245 0.6617417857050896 0.3862402886152267 0 22.49329046159983 0 0 0.2612989321351051 0.3549179509282112 3.208795085549355 0 0 0.9499338269233704 1.442975372076035 0 0 0 0.1989763900637627 0 0.2792206928133965 0 1.640047542750835 0.413030244410038 0 0 2.91318354010582 0.2877211570739746 3.493852697312832 360.202219799161 66.8482521623373 468.0989865884185 62.83789703249931 795.2280309945345 100.2656452506781 5.499746926128864 92.79819808900356 4.791354425251484 0.1367788463830948 5.293277144432068 0.1516370326280594 1.613959953188896 0 0 0.6960901767015457 10.06960689276457 0.2214419841766357
1303.402492545545 923.5769007503986 0 14.7964726164937 350.296200633049 46.9467040002346 161.0369452238083 3145.121338620782 155.1348545253277 31.2011044472456 2693.978858113289 10.38033132255077 125.5143857374787 356.1908468604088 18.11283307522535 4.546221397817135 17.56286155432463 5.601689800620079 0.4954545497894287 40.91765907406807 90.44548185169697 1.290543213486671 9.474740549921989 1.701613143086433 3.381468296051025 0.1303471773862839 2.226116850972176 1.82073937356472 0.5761000365018845 0 5156.442086100578 372.9890682548285 30.44590093940496 11.3470214754343 6.43840503692627 6.143935069441795 11.50242832303047 3.87723770737648 10.51736044883728 6.411601193249226 13.17863082140684 57.1217620074749 113.3341374844313 6.030801236629486 4.427724361419678 6.406499214470387 198.6234072074294 101.2104320079088 22.7141188532114 39.23502922058105 23.65264056622982 2.772450938820839 0.4135140925645828 14.89203318953514 26.60468563437462 14.45647509396076 326.9005036056042 3413.468574166298 418.1261894628406 225.9608037695289 26.07766783237457 14.44902326911688 4.511395916342735 860.5164275541902 42.89311291277409 71.39032256603241 49.15301694720984 117.0661300346255 131.1378654241562 121.8691837564111 9.020376063883305 2.611149623990059 0 742.4595695063472 396.2586356475949 82.75208619236946 43.7858783826232 24.149499386549 1054.781728543341 2164.260160207748 50.04417853802443 880.9412111565471 104.8576515242457 0.920176237821579 60.00886441022158 18.3885660097003 55.7680584564805 0.2471360936760902 9.393843188881874 0.4635095968842506 4.188157774507999 1.720421582460403 10.14235911518335 1.662031628191471 21.58648999780416 18.20299882441759 1.94574236869812 0 2.828654289245605 415.1521482542157 0 0 0.8228876292705536 0 4.72610230743885 11.46184773743153 0 7.02788083255291 7.647916465997696 1.28341019153595 1.369547039270401 9.219682961702347 10.7759770154953 14.22459383308887 12.93870216608047 0.1288869231939316 0 0 0.1297713220119476 0 0 0 0 0 0 0.3731860220432281 0 0 0 0 0.1358061581850052 0 0.1393846273422241 0 0.6543409824371338 0.571632981300354 0 0 0 7.477092497050762 0.155579000711441 5.727697134017944 0.8237008601427078 0 0 0.229219451546669 0.2922774851322174 0.18964783847332 0 0.2996279001235962 0 0.8488349914550781 0.4964148700237274 0.4823673665523529 0.3857931792736053 0.4918183535337448 0 1.24946453422308 0 0 0 0 0.3140421807765961 0 0 0.1497599631547928 15.39278722554445 0 0.7374155521392822 0 0.1595677882432938 0.5311081185936928 0.8413137942552567 0.2850152105093002 0.1136500760912895 1.583516918122768 14.52000039070845 0 0 1.14181761443615 1.360314965248108 1.265605732798576 0.5669676065444946 0.139722004532814 0 0.6828467845916748 0.1034026741981506 0.1064528971910477 0 0.8925060853362083 0 0.4723929017782211 0 1.574748516082764 0.557243250310421 0.1343718320131302 0 4.06180015206337 2.11688344180584 4.233297027647495 73.52331281453371 53.31115890294313 241.7242430001497 27.35276040434837 306.5589520707726 51.99217260628939 2.410239636898041 19.5185100287199 2.922077476978302 0.1029591336846352 3.202388152480125 0.1150466501712799 1.551674209535122 0 0 0.9748351201415062 1.09728966653347 0
1569.738524660468 1184.528405472636 14.7964726164937 0 556.3766584545374 659.541965931654 1199.331605568528 3.727107495069504 9.870740823447704 1971.318776778877 23.50739454478025 363.4198418110609 542.1714318618178 11.50940489768982 2.594945684075356 0.1033510938286781 0 0 0 0 0 0 0 0 0 0 0 0 0 0 176.7426583468914 1.819791488349438 0.2252821177244186 0 0 0 0.8787244111299515 0 0.2094558477401733 0 0.4171435683965683 0.5090402588248253 0 0 0 0 140.8489023968577 15.57965382188559 0.360704630613327 0.417704164981842 3.003980606794357 0.2807464599609375 0 0.1059244871139526 16.24453294277191 6.470242068171501 102.0217664837837 326.1496276259422 157.6201187670231 96.92069648206234 0 0.2286096066236496 0 4.246593251824379 21.12955210357904 6.396684587001801 7.489629209041595 2.750426955521107 0.6269401162862778 0 12.75636215507984 0.6904501914978027 0 217.4426376447082 73.2812582179904 31.15865711122751 7.104380339384079 0.2035159021615982 0 0.2943002879619598 0 0.3334573283791542 71.52856455743313 0.3032658249139786 15.91531141847372 8.71096058934927 4.544173441827297 0.7947118058800697 4.356594778597355 0 0.6603467762470245 0.6508438214659691 0 0.1576689928770065 0.6384292319417 65.20523600280285 8.638588815927505 0 0.3931825160980225 286.0014468878508 0 0 0 0 1.173116326332092 1.276645749807358 0 0.6805199384689331 6.701512038707733 0 0 1.204526841640472 0 0.5947344750165939 0 0 0 0 0 0 0 0 0 0 0 0 0 0 0 0 0 0 0 0 0 0 0 0 0 0 0 0.5438781976699829 0 0 0 0 0 0 0 0 0 0 0 0 0 0 0 0 0 0 0 0 0 0 0 0 0 0 0 0 0.1915887445211411 0 0 0.2173155769705772 0 0.1048883944749832 0.219591811299324 0 0 0.1224368959665298 0 0 0 0 0 0 0 0 0 0.1382326781749725 0 0 0 1.232961975038052 0.1633670926094055 0 0 0 0 0 134.8042534291744 24.68815625458956 216.2446430027485 20.18894471973181 1279.139689005911 53.20044243335724 1.09567779302597 29.30751080811024 0.9725238084793091 0 0.2018689811229706 0 0 0 0 0 1.719059810042381 0
570.0660982951522 4519.275024570525 350.296200633049 556.3766584545374 0 5.073607712984085 2478.727257020772 178.6877495646477 8252.842213474214 159.4154797419906 1028.171043150127 23.43546045571566 622.0212273076177 816.0571482479572 28.50928979367018 1.109123058617115 0.5678983926773071 0 0 0 0.6600782424211502 0 0 0 0.8335813283920288 0.2327520102262497 0.3713375627994537 0.4032967314124107 0.3673067688941956 0 159.7430993542075 33.00329638272524 3.365777224302292 0.1693538427352905 0 0.3473875969648361 2.981546603143215 0.1182454973459244 1.629691906273365 0.4074958637356758 0.483598604798317 1.865982130169868 0.1022911369800568 0.1990484073758125 0.09710386395454407 0 326.6281377226114 19.71631584316492 0.2526593282818794 0.2572915107011795 5.653959728777409 1.027861572802067 0.1646377295255661 1.136428944766521 12.80859327316284 8.166195258498192 27.67740049213171 158.0960384830832 76.64432039111853 144.8891491144896 0 0.51626817882061 0 55.26575232297182 20.88171097636223 9.984156176447868 8.707818798720837 5.981736101210117 0.476104311645031 0.2623050808906555 4.734915070235729 2.449044451117516 0 243.7651433944702 156.0051545575261 183.0857963487506 65.9925818964839 5.236048862338066 9.782554760575294 5.583750881254673 0 0.9679463654756546 51.58524682372808 0.5150503739714622 19.53739992529154 9.338899008929729 6.59507118165493 0.4438244476914406 6.114095956087112 0 2.189843691885471 0.8249972313642502 0.3724403381347656 1.126490376889706 1.637488193809986 244.0699628442526 0.6701903939247131 0.2033482193946838 0.4714433997869492 18.5175234824419 0.5570689886808395 0 4.458007201552391 0 7.198760420084 106.1027655750513 1.170369744300842 65.48248481750488 24.06207968294621 9.104804575443268 9.44603043794632 76.30444273352623 56.83042252063751 66.18717133253813 34.35545936226845 0.274998351931572 0.1842398643493652 0 0 0 0 0 0 0 0 0.1471240967512131 0 0 0 0 0.4711941480636597 0 0.1491001844406128 0 15.98678541183472 1.272561192512512 0 0 0 21.03243406116962 0.6621995717287064 12.34221139550209 0.5899531990289688 0 0.149132251739502 0 0 0 0 0 0 6.548782989382744 8.345901347696781 0.860666036605835 0 0 0 0.1805225610733032 0 0 0.1752100139856339 0.5802044123411179 2.079398430883884 0 0.418863408267498 0.2904605865478516 63.84997592121363 0.7093322575092316 1.523541241884232 0 0 0.1151287853717804 0.09437820315361023 0.310228131711483 0 0.488225132226944 57.24305699765682 0.5938401222229004 0 0.3521443903446198 0.434604324400425 8.01450526714325 0.4538329839706421 3.551685675978661 5.37401407957077 2.959621965885162 6.332564413547516 0 0 1.006858877837658 0 0 0.2403054907917976 1.020086720585823 0.3610064461827278 0 0 17.47728884220123 5.035929277539253 2.555756196379662 742.9491370618343 96.17314967513084 659.4318312332034 111.3478298187256 128.6039291918278 121.6542598307133 7.815269969403744 182.1647471189499 16.62574900686741 0.5157947838306427 18.6950244307518 0 8.351106107234955 0.97699174284935 0 1.553307503461838 3.394135259091854 1.009106114506721
21.61073549091816 187.9875901639462 46.9467040002346 659.541965931654 5.073607712984085 0 141.9830584973097 0.4510975480079651 13.49530324339867 1629.002534195781 4.679291799664497 171.9087434113026 225.7936696708202 14.21518701314926 0 0.3122656345367432 0 0 0 0 0 4.293492197990417 0 0 0 0 0 0 0 0 6.153460383415222 0 8.422656267881393 0 0 0.3958890438079834 14.58580362796783 0 24.73286445438862 0.3174413442611694 0 0 0 0.5898015052080154 0 0 0.9067730158567429 0 0 0 0 35.14730216562748 2.073275461792946 0.6230801641941071 0 1.420276001095772 402.7687833309174 73.72238312661648 7.728250786662102 0.3931106179952621 1.697986677289009 9.276269271969795 0 0.7142238616943359 0.1013193875551224 0 0.1014891937375069 0 0.2408971041440964 0 63.26775962114334 340.4305523782969 20.82030385732651 1.917130336165428 1.737947404384613 0.1346738487482071 0.4620955586433411 0.1563128381967545 0.6809587627649307 2.293499648571014 1.003863662481308 7.680448561906815 0.369030624628067 7.41913266479969 0 0 0.1936345845460892 45.8753317296505 8.336874946951866 25.3956066519022 2.616225466132164 1.515403181314468 0 0 0.8790538012981415 145.4388793557882 310.2442390024662 88.89177586138248 24.16997541487217 552.3836155682802 0 0 0 0 0 0.75356724858284 0 0 2.632277965545654 0 0 0 0.1826501190662384 0.3517506718635559 0.4039965867996216 0 0 0.1886714398860931 0 0 0 0 0 0.1805399209260941 0 0 0 0.1487462222576141 0 0.6030630469322205 0 0.1887567937374115 0.5116890221834183 0 0 0 0 0 0 1.102748543024063 0 0.862364798784256 1.339355304837227 0.2840956449508667 0 0 0 0 0 0.2109545916318893 0 0 0.1675869822502136 0 0 0 0.1895236074924469 0 0 0 0 0 0 0 0 0 0 0 0 0 0 0 0 0 0 0 0.4024971574544907 1.200598418712616 0 0 0 0 0 0.1777839660644531 0 0 0 0 0 0 0 0 0 0 0 0 0 0.7989783883094788 1.662690222263336 0.5073519796133041 2.462900802493095 1.608878046274185 2.475026711821556 0.432376816868782 319.6851653307676 1.298053085803986 1.689892441034317 0.7137542217969894 0.1691617071628571 0 0.5101948082447052 0 0.1997167468070984 0 0 0 0 0
828.6670206934214 2511.917248591781 161.0369452238083 1199.331605568528 2478.727257020772 141.9830584973097 0 85.09911508858204 2797.316474102437 4785.137573175132 479.7162366434932 654.837096363306 3601.909548528492 410.1231863796711 41.04696382582188 1.443633310496807 0.2040240317583084 0 0.1176732704043388 0.2221770212054253 0.1642569899559021 0 0 0.200447216629982 0.7798906862735748 1.308228969573975 0 0.9763263463973999 0.8085354417562485 0.6741296797990799 176.5461520552635 16.19445540755987 2.380157589912415 0 0 0.1814195066690445 1.664637342095375 0 2.239007599651814 1.087787620723248 1.193167805671692 1.331325769424438 0.4464688003063202 0.9308606535196304 0 0.1009811013936996 539.1808054000139 39.64483104646206 0.5222683772444725 1.680872485041618 8.448143482208252 1.160865470767021 0.3711023330688477 3.064098879694939 35.66517026722431 20.28342116624117 87.44656963646412 352.4518373683095 182.2671650871634 281.8116072490811 0.1110277250409126 0.4738283306360245 0 58.50492519140244 51.16268101334572 16.96577501296997 20.12132199853659 11.54281820356846 0.768922783434391 0.56208136677742 36.22919248044491 1.880452260375023 0.122754730284214 449.6386934295297 246.8141652271152 232.7694927752018 66.61201424151659 7.554286323487759 2.38497406244278 3.553886488080025 0.1372175514698029 1.304464817047119 125.7546997070312 1.119728356599808 43.6000295355916 18.16048720479012 12.11683606356382 0.556548036634922 11.69755478948355 0.7891684174537659 4.937470771372318 1.22558805346489 0.4468987286090851 0.7856587842106819 2.699540831148624 615.9996791929007 12.96570326387882 0 1.017451465129852 125.1742122173309 0.9682015478610992 0 4.667723655700684 1.782872289419174 9.902556627988815 169.914623118937 0.2500249445438385 64.54466813802719 61.04837450385094 13.0299046933651 8.191470041871071 77.42606378346682 49.23201258480549 66.50346960127354 28.99357558786869 0.2220546305179596 0 0 0 0 0 0 0 0 0 0 0 0 0 0.4319764822721481 0 0 0.2135413587093353 0 19.29316918551922 1.119976848363876 0 0 0 18.24761508405209 1.583428457379341 13.8864171653986 0.352218359708786 0.1393773108720779 0 0 0 0.5784314870834351 0 0 0 1.946812927722931 6.534093827009201 0.9328720793128014 0.580897182226181 0 0 0.6830483973026276 0 0.6954969465732574 0.1250085979700089 0.1621294319629669 2.435680761933327 0 0 0.2964834272861481 42.01638259738684 0.9635547995567322 1.979843109846115 0.1191153228282928 0.1050251796841621 0.3706948384642601 0.8092026934027672 0.3562323600053787 0 0.3182728439569473 70.35171665251255 0 0 0.7494638711214066 0.9754656478762627 10.54165372252464 0.6385908722877502 1.079051658511162 1.391722977161407 2.500655829906464 0.4442114233970642 1.29755961894989 0.1475985795259476 0.7488939389586449 0 0.102293886244297 0 1.696725986897945 0.9329894557595253 0 0.09233915060758591 22.17567883431911 3.726713106036186 5.737431772053242 898.9988307133317 173.4655991718173 915.9455699697137 132.9653839766979 697.8441319987178 204.6726780161262 7.817160978913307 231.3822418749332 11.74618511646986 0.6788198947906494 19.22503057867289 0.2811459749937057 6.003244310617447 0.4256084561347961 0 4.18490631878376 2.129189133644104 0.9111561626195908
182.3778744488955 629.2820320278406 3145.121338620782 3.727107495069504 178.6877495646477 0.4510975480079651 85.09911508858204 0 1127.60572116822 5.517295062541962 2975.303326658905 5.922118589282036 170.6690104603767 565.9608140289783 23.96547843515873 5.917140252888203 23.47288118302822 13.95942124724388 1.136949822306633 51.01092602312565 98.02150667458773 0 9.330401107668877 2.044537708163261 1.191487699747086 0.8776499927043915 0.173372820019722 1.066173687577248 0.5300197899341583 0.2308168411254883 611.1710665971041 1593.578132785857 20.50253917276859 11.23865996301174 7.619096770882607 3.670810371637344 8.023421101272106 2.045216135680676 7.059573896229267 2.64772917330265 17.28450162708759 46.90299560129642 124.1250174790621 23.67943069338799 11.03184297680855 20.55418059229851 142.603819206357 67.94454458355904 25.25102886557579 44.50354913622141 22.24045191705227 2.534906424582005 0.2994579523801804 11.11904020607471 5.453818954527378 1.973370589315891 29.96695067733526 276.8019389286637 41.98453260213137 73.32355724275112 52.13987496495247 15.64173312485218 3.351038813591003 293.0703895241022 12.41975039243698 50.26783852279186 34.23498245328665 99.89234861731529 115.3815861046314 115.92292612046 5.901508525013924 2.641451209783554 0 165.573404468596 194.5787758156657 113.0004882290959 246.4783400371671 628.351634003222 1342.214253477752 3708.506068833172 167.7549238204956 2554.046218365431 23.6844535395503 0 24.71891167014837 6.116404838860035 40.7723438963294 0.2580534815788269 2.648784339427948 0.1149807423353195 2.767545275390148 1.45377366989851 9.320291936397552 2.042753987014294 16.3884688988328 27.65940475463867 2.315845265984535 0 4.495106250047684 12.75504130125046 0 0 0 0 0.232356995344162 4.617309749126434 0 1.996832549571991 0.7087007611989975 0.6435057520866394 0.1345250606536865 1.665355250239372 0.5777943432331085 3.96234242618084 1.860564813017845 0.1963869631290436 0 0 0 0 0 0 0 0 0 0 0 0.1324940025806427 0 0 0.2441384047269821 0 0 0 1.178004741668701 0 0 0 0 3.103713251650333 0.1128203347325325 3.772248320281506 0.2354385182261467 0.1121615469455719 0.3179164528846741 0 0.1280677169561386 0 0.3100253641605377 0 0 0.5448395609855652 0.2957023307681084 0.2237743735313416 0.187699168920517 0 0 1.070208631455898 0 0 0.1318491548299789 0 0.5789621472358704 0 0 0 7.529395520687103 0 0 0 0 0.5598118454217911 0.5231989547610283 0.4283466041088104 0 0.8724833056330681 6.707893297076225 0.401883140206337 0.1265583485364914 0.4403333961963654 1.848778612911701 0.6748029142618179 0.1670139282941818 0.6444581672549248 0 0 0.1715341657400131 0.09642741084098816 0.2365909516811371 0 0 0 0 0.6615457981824875 0.6787259057164192 0.1194564998149872 0 0.305217519402504 0.7695614248514175 2.840655252337456 131.7495785355568 38.106211617589 186.266652315855 26.14860677719116 16.12970943003893 23.06296729296446 1.305624812841415 34.15570186823606 4.662979371845722 0.4863108247518539 3.157044820487499 0 0 0 0 0.4528522193431854 0.7819067239761353 0
23.59935005754232 1526.275359392166 155.1348545253277 9.870740823447704 8252.842213474214 13.49530324339867 2797.316474102437 1127.60572116822 0 125.5128754973412 2704.960023827851 111.8207572847605 1415.963597483933 1250.591929130256 28.6209674179554 2.429218471050262 0 0 0 0.1722284406423569 1.584915027022362 0 0.3692544400691986 0.4553109407424927 0.5700646936893463 0.2492017149925232 0.2786854803562164 0.7675392851233482 0 0.2210049033164978 32.36937136948109 15.85296402126551 10.32154543697834 0 0.2452143281698227 0.5222259908914566 13.55090637505054 0.1367124170064926 1.209622651338577 1.425092644989491 0.1704845577478409 1.179748475551605 0.1876639649271965 0.6163553446531296 0 0 178.4122052937746 6.764241196215153 0.1463305056095123 0 1.945984527468681 1.185970112681389 0.2116536349058151 2.144592605531216 4.803676411509514 2.756227023899555 8.094631217420101 30.74966894090176 21.77920852601528 53.94979322701693 0 0.5010604709386826 0 30.81532008945942 4.411741577088833 3.377964973449707 5.336692415177822 3.879695624113083 0.1609390825033188 1.755033984780312 14.00062322616577 2.283801510930061 0.1245052069425583 71.10842832177877 52.85194832831621 103.5845818892121 63.92273977398872 9.221225380897522 14.48993590474129 18.73000902682543 0 1.50658056885004 17.33640246838331 0.268553301692009 5.553540296852589 2.581241704523563 1.935798548161983 0 2.185013420879841 0.2879420667886734 0.8623118698596954 0.4629864990711212 0.5223013758659363 0.5115395337343216 2.566542863845825 401.2848429679871 1.759382233023643 0 1.028320759534836 2.169646397233009 2.252087861299515 0 7.781426683068275 0.1908832937479019 6.389546781778336 112.1663449406624 0.3118940591812134 68.89012823998928 25.31137330830097 8.658561915159225 11.10509158670902 58.40077614784241 42.54398657381535 69.59837912023067 28.13175112754107 0 0.3601894080638885 0 0 0 0 0 0 0 0 0 0 0 0 0 0 0 0 0 11.18254643678665 2.233320727944374 0 0 0 19.32128114998341 0.2745728939771652 10.97398492693901 0.4178399741649628 0 0.2236752063035965 0.1415041983127594 0.1873626410961151 0 0.1416481733322144 0 0 2.901443868875504 6.609189666807652 0.1981102228164673 0 0 0 0 0 0.1781555116176605 0 0.7291628122329712 1.134151682257652 0 0.1108723282814026 0.2486048489809036 47.10743674635887 0.2905956506729126 0.699400469660759 0.3255053907632828 0.2930158078670502 0 0 0 0 0 43.13035975396633 0 0.1750775873661041 0.4563460573554039 0.8470442965626717 6.022692307829857 0.4324649572372437 0.9310017824172974 0 2.71242955327034 0.8850881978869438 1.025996088981628 0.6809028834104538 0.1725709140300751 0 0.09479014575481415 0 0.2186583951115608 0 0 0.1334484815597534 13.37781730294228 3.962419986724854 7.085163690149784 624.0170119181275 68.79271763563156 413.2495851814747 81.33933823555708 102.3704523444176 73.79382158815861 4.633041210472584 156.8971297442913 9.84067227691412 0.2170649170875549 16.56016881763935 0.4990905225276947 8.525005489587784 1.96318131685257 0 0.8285547643899918 3.054258674383163 1.033439293503761
357.4559257924557 263.5670162141323 31.2011044472456 1971.318776778877 159.4154797419906 1629.002534195781 4785.137573175132 5.517295062541962 125.5128754973412 0 22.7280375212431 2315.84652377665 5757.801408201456 154.0790984779596 4.33600439876318 0.5262505412101746 0 0 0 0 0 0 0.1906264126300812 0 0.1222443208098412 0 0 0 0 0 32.32846068590879 0 3.288487017154694 0 0 0 15.07264256477356 0.2010746151208878 0.8561538308858871 0.5881573557853699 0 1.117180235683918 0 0 0 0 75.05142855644226 6.797567807137966 0.231411874294281 0.5895391702651978 1.396051809191704 1.221510961651802 0.1929543912410736 0.1742143779993057 8.113879233598709 3.562289513647556 113.0480388104916 233.4897503703833 92.34306744486094 59.15821689367294 0 0.128738209605217 0 9.079605251550674 9.749929256737232 1.694579608738422 4.929708279669285 1.856036528944969 0.4943203777074814 0 233.0956982821226 12.71030607819557 0.7454201728105545 108.9886781647801 39.5985616222024 21.8142557144165 5.245499044656754 1.346121445298195 0.2139216661453247 0.5713581889867783 0 0.6383227109909058 33.80778484791517 0.1900356411933899 6.005260162055492 3.92970198392868 2.053318604826927 1.065148234367371 3.298636645078659 0.3736134022474289 0.5418610274791718 0.2432341352105141 0 0 0 785.4956908375025 67.02152173221111 4.994234323501587 2.466521054506302 683.3091487884521 0.3260810971260071 0 2.502874463796616 4.105455875396729 5.515534535050392 70.14774338901043 0 35.9431294053793 18.83997969329357 3.924831926822662 4.388103052973747 25.57003623247147 30.31279769539833 30.86388930678368 13.64105395972729 0 0 0 0 0 0 0 0 0 0 0 0 0 0 0 0 0.4983659684658051 0 0 12.08436962962151 0.3613394200801849 0 0 0 4.856917336583138 0 3.925490096211433 0 0 0 0 0 0 0 0 0 0.7380109131336212 3.37479068338871 0 0 0 0 0 0 0 0 0.7825882732868195 0.4219295680522919 0 0 0 15.89374706149101 0 0.5284852385520935 0.2382995337247849 0 0 0 0 0 0.4631048887968063 15.2128494232893 0 0 0 0 2.103357642889023 0 0.1840098351240158 2.135689556598663 0.6613291800022125 1.393387906253338 0 0.1242029815912247 0 0 0 0 0.5719448700547218 0 0 0 5.786492988467216 0.8992804437875748 1.27653107047081 142.8578313738108 18.01653724908829 141.9272736310959 14.46967467665672 2854.587896727026 36.62643440067768 0.980252280831337 25.68541659414768 1.244973555207253 0.2791648805141449 7.597319439053535 0 10.99220564961433 0.43862384557724 0 0 0.2634866312146187 0.2174465209245682
504.1801236718893 2795.748581603169 2693.978858113289 23.50739454478025 1028.171043150127 4.679291799664497 479.7162366434932 2975.303326658905 2704.960023827851 22.7280375212431 0 124.9465908259153 3538.658426351845 4554.744929902256 173.0629904568195 29.96075265109539 10.44867238402367 0.51787468791008 0.144654706120491 17.18551530689001 62.87066654860973 0.1256504654884338 32.41420666128397 12.7016539722681 21.22471280395985 5.347966074943542 7.39649786055088 3.422702737152576 2.027153350412846 1.42700781673193 415.9096737504005 256.7731878831983 606.5409529358149 7.3211470246315 21.63434199243784 57.53926475346088 272.9593730196357 43.27714606374502 39.02833641320467 33.06803470849991 15.67240011692047 23.6508706882596 15.61330741643906 15.56971289217472 3.243358537554741 3.037632018327713 593.5670041963458 34.7791862487793 4.30955371260643 5.970205590128899 19.69832114875317 2.526997998356819 2.311640031635761 10.86635532975197 15.71345634013414 10.08776048570871 42.68580277264118 284.0606620386243 88.12903568893671 221.5095584020019 8.771876469254494 70.85589493066072 11.34253028035164 168.9267530590296 25.15896650403738 17.27878770977259 24.70994861423969 39.72614180296659 27.78349436819553 57.08652923256159 110.1223059147596 12.2403529509902 0 334.5972367301583 270.6929229572415 410.4060680419207 332.4508039206266 99.14934355020523 1032.290027566254 805.9298669919372 14.95202779769897 245.3732379153371 70.53959946334362 0.939102441072464 27.42663199454546 14.45052612572908 13.44526672363281 0.4631232172250748 9.064686551690102 0.5680516362190247 4.956776313483715 1.929409794509411 8.39933580160141 4.192264556884766 8.559602349996567 240.7588986828923 16.15613734722137 0.4749716222286224 11.82976531237364 26.9741798043251 0.5837887525558472 0.2271837890148163 2.503813169896603 0 4.609269723296165 52.03597745299339 0 30.37460662424564 11.34408810734749 3.439155787229538 4.053338646888733 29.58800764381886 25.29264778643847 39.572579883039 25.71579309552908 0.8005829304456711 0.5909744948148727 0 0 0 0 0.07859690487384796 0 0 0.7852584794163704 0.3699630945920944 0 0.08353162556886673 0.6224858462810516 0.1392266154289246 0.4953698813915253 0 1.860157512128353 0 9.844724580645561 1.4325100928545 0 0 0 28.08191675692797 1.795019179582596 26.3377695903182 1.560894660651684 0.4278690665960312 0.2669320553541183 0.579900860786438 0.5285983085632324 0.1438125222921371 0.4892469868063927 0.1024462580680847 0 3.788762368261814 6.414351135492325 0.1066513434052467 0.4178938716650009 0.5439060479402542 0.7432784587144852 1.248226128518581 0 0.3339178785681725 0.2437504306435585 0 1.063310861587524 0 1.154546186327934 0.3898769319057465 61.01245649158955 0 0.405441477894783 0.5521202459931374 0.1291870921850204 0.3376798927783966 0.6520177870988846 0.238652691245079 0 0.6077053397893906 75.49474643915892 1.22178615629673 0.1113982200622559 1.055744618177414 2.097281500697136 5.555838361382484 1.007045902311802 2.334094077348709 2.510146349668503 2.789445772767067 2.456696949899197 0.2154906690120697 1.139598436653614 1.021367035806179 0 0 0 2.279844760894775 0.4911636114120483 0 0 14.35378166288137 13.63496402651072 13.84226553142071 947.2113400250673 194.4402091428638 1008.576040916145 214.3646068125963 114.4194172024727 155.5972154065967 13.71367748081684 314.189923517406 15.73675172030926 0.4431540817022324 15.65517745167017 0.6345357224345207 9.56457930803299 0.1551300436258316 0 3.530436918139458 5.665795117616653 1.598675265908241
35.83808620274067 17.92368733882904 10.38033132255077 363.4198418110609 23.43546045571566 171.9087434113026 654.837096363306 5.922118589282036 111.8207572847605 2315.84652377665 124.9465908259153 0 6360.640928804874 339.8779466450214 27.05453091114759 6.723114319145679 1.947896718978882 0 0 0 0.9953232109546661 0 0.8279960751533508 0.5259363055229187 0.9075651466846466 0.4551527947187424 0.2434469684958458 0.2694082707166672 0.1650786399841309 0.1217974275350571 3.233130156993866 0.8863260298967361 141.7936199009418 0 0.1077565848827362 3.537463955581188 326.7734805643559 16.07808105647564 19.25650122761726 12.45789060741663 0.9853340983390808 0.8905035108327866 0 2.223092839121819 0.1793430149555206 0.3210340738296509 76.85547994822264 1.425816014409065 0.1673999726772308 0.4110980480909348 2.871067114174366 0.3758619576692581 0 0.9889354035258293 1.776030361652374 0.3611122891306877 4.486690036952496 13.72174300998449 10.50800544023514 15.94591352343559 3.454186573624611 7.611534625291824 0.4633220732212067 5.259593784809113 2.768125213682652 1.886483311653137 1.210418231785297 0.7381421774625778 0.5725011825561523 0.9728112518787384 283.9516846984625 36.84143289923668 0.2308425009250641 18.91249354183674 16.24342284351587 31.15317663550377 32.14307484775782 9.51664624363184 0 15.98632302880287 1.238031804561615 10.31266930699348 7.918283991515636 0.2787583470344543 2.924313277006149 0.9660215750336647 0.8305701315402985 1.042529359459877 0.5526920408010483 0 0.7546500265598297 0.4353074431419373 0.7395668998360634 0.1122051477432251 0.8603799268603325 1863.921218678355 47.24139387905598 1.338659197092056 6.252225078642368 22.79695568978786 0.6069807112216949 0 7.958792045712471 0 6.811349377036095 123.7133821696043 0 56.74581664800644 32.17889827489853 8.855249911546707 12.12180925905704 78.39424768090248 55.91306285560131 88.19046038389206 36.27687977254391 0.09571049362421036 0.9063100591301918 0 0.1397461295127869 0 0 0 0 0 0 0 0 0.1593971103429794 0 0 0 0.167864978313446 0 0.2936522662639618 25.97651021182537 2.329547569155693 0 0 0 39.52803419530392 0.5974709093570709 25.54688338190317 2.772902823984623 0.3272804021835327 0 0 0 0 0.7343314588069916 0.4360200166702271 0 4.338207446038723 7.228582933545113 0 0.4514497816562653 0.2079592645168304 0 0.1729341000318527 0 0.8378172069787979 0 0.1343695074319839 5.180529892444611 0 0.514317661523819 0 78.79817996919155 0.6183862686157227 2.974029660224915 1.037804737687111 0 0.3308344036340714 0.2598342299461365 0 0 0.2172020226716995 71.99392145872116 0.3492679446935654 0 0 0 10.99844437837601 0.4410674870014191 2.056540712714195 3.385052934288979 3.047051794826984 2.527685135602951 0 0.7443058490753174 0.4710402637720108 0 0 0 0 0.1357005685567856 0 0 25.33431598544121 8.492167055606842 14.87911261618137 301.2437167093158 29.93854680657387 174.3604295253754 26.42392543703318 367.8498373180628 24.19505761563778 2.479348860681057 67.9821832254529 11.90752509981394 0.7709864675998688 32.94399701803923 0.4304312765598297 9.27884766459465 0.4016425311565399 0 2.551007270812988 0.8681970536708832 0
86.65035197138786 473.0824030786753 125.5143857374787 542.1714318618178 622.0212273076177 225.7936696708202 3601.909548528492 170.6690104603767 1415.963597483933 5757.801408201456 3538.658426351845 6360.640928804874 0 1686.515968203545 133.5330236107111 21.99189479649067 8.665814779698849 0.3794935047626495 0 1.583125278353691 6.463762998580933 0.210131898522377 1.896415457129478 1.307616502046585 5.473123989999294 1.474822163581848 0.3701088726520538 2.627519473433495 2.387667775154114 0.9923433661460876 32.61787148565054 10.97048211097717 759.8960006386042 0.8330814987421036 2.802250578999519 33.80303118377924 589.1593792811036 105.8521365821362 59.73424635082483 107.8279371038079 3.215810790657997 7.121499992907047 1.365464806556702 10.05566661059856 0 3.659605547785759 362.5854131951928 14.16011341661215 1.666080363094807 0.533886656165123 8.281870886683464 1.103955879807472 23.53862781822681 6.679918698966503 7.542713493108749 5.979801654815674 11.74077312648296 44.76307302713394 34.41768253594637 77.72156747430563 8.460411973297596 45.72790198773146 2.315204262733459 42.13092322647572 8.377114832401276 5.525943569839001 7.775066867470741 9.04884947091341 1.917263522744179 7.148150518536568 542.4645251110196 37.04670529067516 0.2367063909769058 100.314319819212 71.4618169143796 197.9512915089726 174.1182500496507 39.3473012149334 1.869320698082447 47.0941661670804 6.135901384055614 26.67472991347313 28.31916838884354 0.8176141530275345 10.93294394016266 6.748534351587296 4.221934705972672 0.09624918550252914 3.600437223911285 1.492954470217228 3.328793883323669 0.9426334202289581 1.345273099839687 1.384067811071873 5.480243287980556 4328.135652780533 52.12067857384682 3.097630441188812 11.30393574386835 42.60365052521229 0.2948407232761383 1.087510861456394 20.6688272356987 12.66297705471516 13.94328530132771 243.9009875804186 1.648785308003426 130.6875909864902 72.53401291370392 17.02893497049809 21.55068099498749 186.8870850726962 109.6176128834486 147.6785554736853 77.41573502868414 1.582749240100384 1.295079484581947 0 0 0 0 0 0 0 0 0.1451350003480911 0 0.1157776117324829 0 0.2699771597981453 0.219029039144516 0 0 0 34.63366070389748 5.313054695725441 0 0 0 70.08518124371767 3.039770409464836 44.43845335394144 5.500071138143539 0.5208691582083702 0 0.1093386933207512 0 0.3668896108865738 0.4166208803653717 0.4140585362911224 0.1841310113668442 8.602005138993263 19.26148433983326 0.3651112616062164 0 0 0 0.1801658570766449 0.1536828726530075 1.269856028258801 0.4065708294510841 2.01736269146204 6.054288767278194 0 1.157449290156364 0.5532547831535339 145.8369535058737 0.6490577459335327 1.445008337497711 1.764390490949154 0.5749776661396027 0.1164924576878548 0.09234458953142166 0 0 1.206102401018143 166.2669151648879 2.614663287997246 0.1330702006816864 0.5121264457702637 0.9226202443242073 14.07131487131119 0.6563376113772392 4.431439116597176 4.661799013614655 8.71168427914381 6.767479054629803 0.1253257989883423 1.846926376223564 0.6433358117938042 0 0.1896041035652161 0.09622170776128769 0.9185029491782188 0 0 0 61.67473396658897 17.49515923857689 18.88299410045147 1069.420546546578 163.1533113718033 739.644385010004 180.6190458908677 566.5168833360076 110.1747631877661 10.45922993868589 330.8688356429338 31.03335300832987 2.316497422754765 55.59395472705364 2.225684218108654 24.43924351036549 2.659519478678703 0.5192492753267288 5.175430297851562 4.708320595324039 0.47306028008461
