0 3576.376444987953 1090.379188731313 318.9938343912363 930.0394488573074 139.4465215802193 1441.466714337468 503.7711236551404 20.95046532899141 707.7938558608294 470.2452578321099 25.20282252132893 170.9723119884729 213.9782649949193 6.691111475229263 4.887923151254654 0 0.1288506388664246 0 0.1182165890932083 0.7558349668979645 0 0 0.3515340238809586 2.12871178984642 0.6095171719789505 1.326955854892731 0 0 0.1362153738737106 227.7376229092479 18.69896845519543 29.7404605448246 1.030057907104492 1.584351375699043 2.873812228441238 3.858844175934792 0.641650527715683 0.4406285285949707 0.2695156261324883 0.8369555249810219 0.2770077586174011 0.6064879149198532 0.3230179101228714 0 0.6172614842653275 35.70821507275105 2.864135779440403 0 0.1149388253688812 0.4203741997480392 0 0.1187243536114693 0.2182087600231171 0.2300021052360535 2.872323401272297 417.7018517330289 678.4203874319792 46.46509201079607 4.38778030872345 0 8.107741579413414 1.067058578133583 5.265292719006538 3.647197917103767 0.9284231662750244 0.3183177933096886 0.387907549738884 0.4110977426171303 1.013158366084099 5.481857612729073 1.626213192939758 0 159.1787962093949 18.63459260761738 16.74291785061359 6.648888424038887 4.077091336250305 2.886319637298584 210.4262138232589 1.657318532466888 23.92505360394716 17.54882001876831 0.2959737628698349 3.585042417049408 2.844946913421154 1.36289069801569 0 0.5536395236849785 0 0.1699837446212769 0.2691625878214836 0.2690398544073105 1.489062123000622 0.2059518992900848 27.49107794463634 0 0 0 1105.214430272579 0 0 0 0 0 200.8116334825754 0 0 0 1.10220193862915 0 0.5890463590621948 0.7361229062080383 2.477851957082748 0 0 0.1810162365436554 0 0 0 0 0 0 0.2482306212186813 0 0 0 0 0 0 0.253573089838028 0 0.163058802485466 0 0 0 0 0.2371146380901337 0 0.3201206624507904 0.4826869815587997 0 0.7748344987630844 0.1623398661613464 0 0.1118589714169502 0 0 0.1609323918819427 0.1239806339144707 0.3539167642593384 0 0 0 0 0 0 0 0.1250268220901489 0 0 0 0 0 0 0.47557632625103 0.1500432640314102 0 0 0 0 0 0 0.1199619546532631 0.1540928483009338 0 0.4817173182964325 0.1721582859754562 0 0 0 0 0.1481515318155289 0 0.4610987901687622 0 0 0 0.2290548235177994 0 0 0 0 0 0 0 0 0 0.4210993945598602 0.1791263222694397 7.654173530638218 4.138971038162708 48.23648539930582 7.81393413990736 1305.169000461698 10.29712304472923 0.8449571579694748 4.623640559613705 0 0.1215729266405106 0 0 0 0 0 0 0 0
3576.376444987953 0 462.3669054880738 71.96212005615234 2527.678897835314 310.8875571489334 2670.143367737532 682.3268849775195 319.6944944486022 232.8467205166817 2846.253371097147 121.5906510353088 2368.897694662213 2555.027724310756 11.29368524253368 6.088904961943626 1.425697080790997 0.4212671518325806 0 0 0.3634049743413925 0 0.4455889761447906 0.8886457532644272 0.4222054779529572 0.7841903939843178 1.329486578702927 0 0.2453553453087807 0 1621.767662547529 14.63292761147022 185.1442521214485 0.2388151735067368 1.479648053646088 3.217006638646126 27.53356599807739 1.033484220504761 0 1.155869573354721 0 0 0.6215656995773315 0.8577566891908646 0 0 257.0391101017594 26.3864333704114 0.6037506088614464 0.3907982483506203 0.5297738909721375 0 0 0.2664462476968765 3.678022794425488 16.32782537490129 173.1317303180695 712.3034203276038 41.36424449831247 19.19381329417229 0.6642946004867554 12.54563941061497 0.1859855055809021 51.03028237819672 24.84112020581961 8.115749433636665 3.969844646751881 2.403666064143181 0.8449142724275589 0.6206436082720757 44.61033786833286 6.964039281010628 0 617.4885750263929 132.6203413680196 167.5910107046366 28.10285305976868 2.726494908332825 2.364677719771862 497.4727757945657 1.622021585702896 22.42416303604841 124.445877969265 3.511383734643459 20.71823232620955 20.16093391925097 10.88261368870735 0.185083195567131 3.08934760093689 0 0.2609415873885155 0.1041949689388275 0.2548403590917587 2.562425293028355 0.9627024903893471 68.70037996768951 0.9273723363876343 0 0 805.8090568706393 0 0 0 0 0 565.0479700863361 0.6169576048851013 0.6660836935043335 1.898643344640732 2.583047449588776 0.4670278429985046 11.30094847083092 2.680607959628105 4.007582679390907 0.2667067348957062 0 0.551268145442009 0 0 0 0 0 0 0 0 0 0 0.5440117716789246 0 0 0 0 0 0 0 1.963720574975014 0 0 0 5.065298855304718 0.3227069675922394 3.995432078838348 0.9994285553693771 0 0.377483531832695 0 0 0 1.009869068861008 0 0 1.485094428062439 1.102979928255081 0 0 0 0 0.2540906071662903 0 0 0.09655173122882843 0 0 0 0.389724463224411 0.7873110622167587 0.8412137925624847 0.1854582875967026 0 0 0 0.0785931721329689 0 0 0 0 10.43775717914104 0 0 0 0 1.644109845161438 0 2.561521917581558 0 0.1255817115306854 0.2098565697669983 0 0 0 0 0 0 0.2161367312073708 0 0 0 2.996624276041985 0.991284117102623 1.155110687017441 69.81211493909359 25.90002083033323 536.6386151015759 31.34291768074036 795.6526257991791 77.85235544294119 3.281768165528774 44.75762093067169 3.727986231446266 0.1255739480257034 3.632567673921585 0.153915598988533 4.386920303106308 0.1835203915834427 0 0 0.5123665854334831 0
1090.379188731313 462.3669054880738 0 2.730134129524231 525.8826043605804 3.574001714587212 68.3260121718049 2208.455775931478 30.13746108859777 3.341775178909302 2549.929661333561 9.19602669775486 241.2976376712322 678.8592767417431 30.35348067432642 37.99217858910561 8.219142690300941 2.361872732639313 0.7449358254671097 4.112755969166756 31.20182524621487 0 12.23597468435764 3.480135917663574 10.16880501806736 7.376323118805885 12.74979589879513 4.455637320876122 0.6941571831703186 1.365622960031033 4881.209402538836 78.49639222025871 92.77349548041821 16.93750202655792 28.63370259106159 18.66907200217247 16.7941837310791 4.391211874783039 4.688925743103027 4.944730862975121 7.977548182010651 2.011915564537048 19.72548508644104 20.83591295033693 4.224681243300438 9.258685126900673 114.1639006137848 15.38389395922422 4.635465174913406 22.50315935909748 13.22301912307739 0 0.7281121164560318 1.696570128202438 1.174783430993557 2.99078069627285 75.04894637316465 1495.968761481345 12.75057419389486 14.55314148962498 32.35203467309475 38.6755293905735 16.17146509885788 786.2138916701078 4.647602431476116 1.201551921665668 3.716418497264385 35.76011843979359 64.8123455196619 42.68083450943232 5.756831854581833 2.761405244469643 0 370.5589498132467 316.92302826792 105.6883209422231 94.71991021931171 63.22956518828869 160.9270610064268 931.2611712664366 199.3201990574598 485.2418377995491 31.71415565162897 1.136168956756592 4.778289191424847 5.486273854970932 21.71147257089615 0 1.701245240867138 0 7.205542325973511 0.7017885148525238 30.3988926038146 16.47953669726849 0.8445341438055038 2.182537704706192 0 0.9030954837799072 1.409616366028786 307.0460324585438 1.219226360321045 0 0 0 0 4.364416405558586 0 0 0 0 0 0 0.3262893855571747 0.5703976154327393 0 0.8352073580026627 0.5206646770238876 0 0.6432396918535233 0.3073873817920685 0 0.3319820016622543 0 0.8005096167325974 0 1.111714407801628 0.2741879522800446 0.5974537581205368 0.5241951644420624 0.184713289141655 0.1404168009757996 0.3454103022813797 1.525009766221046 0 0 0 0 2.721030339598656 0.3294966071844101 1.041978821158409 1.960647314786911 6.171362072229385 3.102429389953613 3.860729187726974 0.9669303745031357 0 0.6654697060585022 0.1245771870017052 0.3532533645629883 0.9947690516710281 0.3758481591939926 0 0.7931253537535667 0.4083168506622314 0.1292083710432053 0.1672555208206177 0.4724247306585312 1.147458925843239 0 0.2588383853435516 0 0 0 0 0.5452783852815628 1.961927130818367 1.79622845351696 0 0 0 0.1574323624372482 0.3504386246204376 0.6877249255776405 1.546399131417274 0.8179874569177628 0.7298567444086075 2.961877658963203 0.8857907652854919 0.3706876933574677 0.8584222346544266 1.72826810926199 0 0.4808046221733093 3.732348471879959 0.4759390652179718 0 0 0.1535342633724213 0 0.3551868945360184 0 0 0 0.6415864229202271 0.5507914870977402 0 0.9951514974236488 1.223605960607529 3.540410071611404 4.146308332681656 82.95818720012903 25.04090610146523 163.9434798583388 27.52890554815531 86.04282097518444 21.33761186152697 0.5999468490481377 35.6914267167449 1.745470844209194 0.641773983836174 1.90633250772953 0 0.7098287642002106 0.7859931588172913 0 0.1269097030162811 1.245131969451904 0
318.9938343912363 71.96212005615234 2.730134129524231 0 46.62690523266792 239.8413734436035 1197.051719531417 0 59.9528746008873 881.3298325389624 1.140666037797928 140.2235270440578 880.7812805473804 10.25925707817078 0.1342170089483261 0 0 0 0 0 0 0 0 0 0 0 0 0 0 0 16.53209474682808 0 0 0 0 0 0 0 0 0 0 0 0 0 0 0 9.069259032607079 0.2614248171448708 0.1450168490409851 0 0 0 0 0 0.2350763976573944 0.38547682762146 8.237456858158112 22.84283591806889 1.334679037332535 0.4175025522708893 0 0 0 1.604171901941299 0.1355760991573334 0 0.2977433651685715 0 0 0 107.5141913294792 0 0 22.57359481602907 2.882347777485847 4.242383390665054 0 0 0 0 0 0.3417803347110748 4.545165300369263 0.2222600877285004 0.1082730069756508 0.5046293810009956 0.2059643343091011 0 0 0 0.1334877461194992 0 0 0 0 56.12113557755947 0 0 0 43.4169680327177 0 0 0 0 0 136.8772305846214 0 0 0.2131107747554779 0 0 2.439262330532074 0.7541586607694626 1.376397535204887 0 0 0 0 0 0 0 0 0 0 0 0 0 0 0 0 0 0 0 0 0 0 0 0 0 1.367596626281738 0 0.6958168745040894 0 0 0 0 0 0 0 0 0 0 0 0 0 0 0 0 0 0 0 0 0 0 0 0 1.072630107402802 0 0 0 0 0 0 0 0 0 0.6596445143222809 0 0 0 0 0.1631838977336884 0 0 0 0 0 0 0 0 0 0 0 0 0 0 0 0 0 0.3353521525859833 2.831694900989532 0.2791926264762878 15.7134101614356 1.479443542659283 232.6645726263523 1.144197732210159 0.540038526058197 2.329021692276001 0 0 0.2411906123161316 0 0.9212454110383987 0 0 0 0 0
930.0394488573074 2527.678897835314 525.8826043605804 46.62690523266792 0 12.68322159349918 1558.676548205316 54.23453069478273 7103.068082429469 666.4505028873682 2314.53262937814 64.25869627296925 2049.987826809287 5109.826553456485 22.47428063303232 11.21502500772476 1.614640794694424 0.1210102811455727 0 0 0.1252487599849701 0 0.1072014197707176 0.1207104027271271 0.2570494115352631 0.3934904187917709 0.2301116213202477 0.4138145595788956 0 0.2901711389422417 317.4520131200552 17.02319078892469 23.39018586277962 0 0.1021910533308983 0 10.94920399785042 0 1.754782319068909 0.2242749184370041 0.7569352388381958 0.3038854598999023 0 0.2495356500148773 0 0 483.152205042541 40.2316190302372 0.5597785040736198 1.767798721790314 0.5939995273947716 0.1202636137604713 0 0 4.345271341502666 21.92905547469854 50.83644511550665 211.5578467175364 33.17383320629597 48.4539158269763 0.5397547781467438 1.522467434406281 0 122.0816631168127 32.9544195458293 13.72475660592318 4.650697998702526 5.483388736844063 1.172009781002998 0.4697053730487823 60.09682098031044 14.5532343685627 0 430.7320162728429 153.5369168817997 329.502686791122 131.1245424896479 7.793725878000259 0.8199039101600647 31.36690379679203 1.186807900667191 9.197540000081062 142.9653895646334 7.813942462205887 33.42810558527708 31.38086863607168 24.13718420267105 0.3715584576129913 6.404363997280598 0.2883584201335907 0.872779443860054 0.2311625629663467 0 0.131506621837616 1.334292277693748 87.2079242169857 5.443987250328064 0 1.486649632453918 94.89237682521343 4.524737507104874 1.282831951975822 3.936375498771667 1.241504639387131 1.154823705554008 10.57424762845039 2.158866956830025 7.227339044213295 14.37252049148083 30.86191548407078 8.700338035821915 65.08343464136124 23.78785175085068 48.74133360385895 10.43982021510601 0.2816479802131653 1.281043410301208 0.2551966905593872 0 0 0 0.1894293278455734 0 0.2559310793876648 0 0 0 0 0 0 0 0 0 0 5.266675502061844 20.62104807794094 0 2.172837510704994 0 32.84175726771355 2.723428577184677 35.7270148396492 8.949366703629494 0.7873662710189819 0 0 0 0 2.393671423196793 0.3840313255786896 0 3.596815750002861 1.008939981460571 0.845801092684269 0.5060447603464127 0 0 0 0 0.3335006833076477 0 0.1472555696964264 4.843437284231186 0 1.241377800703049 2.231495589017868 26.62084338068962 0 0.9462829306721687 0.7633869498968124 0 0 0 0 0 0 64.84895983338356 1.114941954612732 0 0 0.2850354313850403 24.91458801925182 13.76808407902718 18.84514956176281 11.51946098357439 3.668769687414169 3.728903040289879 0 0.5834467858076096 1.399357348680496 0.1123914644122124 0.4552444741129875 0 1.083940699696541 0 0 0 19.5724420696497 10.96703495085239 7.802193358540535 285.2851058617234 70.04925142973661 1377.777832381427 99.95032460987568 485.9439118057489 286.6324091479182 12.23620270192623 163.5031892582774 10.45038817822933 0.3774065002799034 12.21766473352909 1.957465119659901 26.84591816365719 2.595314145088196 1.064915895462036 1.084727004170418 0.5704744905233383 0
139.4465215802193 310.8875571489334 3.574001714587212 239.8413734436035 12.68322159349918 0 387.1577491015196 0 32.67130692303181 801.2342247664928 3.209679067134857 87.75332792103291 334.0581968426704 23.08348129689693 0.2118351757526398 0 0.1963795572519302 0 0 0 0 0 0 0 0 0 0 0 0 0 13.33763700723648 0 12.35242599248886 0 0 0 31.43195883929729 0 7.669163018465042 0 0 0 0 0 0 0 4.339366376399994 0 0 0 0 6.711325153708458 0.2974935173988342 0 0.2333598434925079 0.2282606959342957 202.9629973769188 20.86281867325306 4.21677254140377 0.3874300718307495 0 4.118004113435745 0 0 0.3634888306260109 0 0 0 0 0 149.536489456892 232.60090097785 18.22728183865547 11.16136391460896 0.4695561826229095 1.537647932767868 0.4683919697999954 0 0 2.783335447311401 0 0.3668682277202606 1.622492879629135 1.667186096310616 0 0.1238173842430115 0 17.22405610978603 3.484297499060631 12.43717375397682 0.8123069256544113 0.4844107180833817 0 0 0 484.7682487666607 55.87281858921051 4.139080047607422 13.12631726264954 367.2517216950655 0 0 0 0 0 70.03552719950676 0 0 0.4518084526062012 0 0 1.088377043604851 0 0.9727140367031097 0.5650967955589294 0.2343349158763885 0.307951956987381 0 0.3524310886859894 0 0 0 0 0 0.733812689781189 0.3598945140838623 0 0.6694327592849731 0 0.4359368085861206 0 1.268602252006531 0 0 0 1.407043159008026 0.4234956502914429 0.2896629571914673 0.1726754009723663 2.104362577199936 0 2.86709451675415 10.02399295568466 1.533506363630295 0 0 0 0 0 0.2481836527585983 0 0.6471461057662964 0.155707910656929 0 0 0 0.8858260065317154 0 0 0 0 0 0 0 0 0 3.01337842643261 0 0 0 0 0 0 0 0 0 7.030424222350121 3.065837785601616 0 0 0 0 0 1.781593859195709 0.8023448437452316 0 0.3494022190570831 0 0.2127995789051056 0.1053362637758255 0 0 0 0 0 0 0 2.108307152986526 6.922372043132782 3.267946317791939 1.279848888516426 0.4563248306512833 3.19226935505867 0.2710587754845619 232.1487170308828 1.935119017958641 0 0.1748730391263962 0.332689493894577 0 0.4591008573770523 0 0 0 0 0 0 0
1441.466714337468 2670.143367737532 68.3260121718049 1197.051719531417 1558.676548205316 387.1577491015196 0 1.850230544805527 834.7336470857263 3847.496175974607 186.2858968749642 369.8862768262625 6694.648780316114 673.3503204956651 26.82773572951555 10.05273821204901 1.075127027928829 0.1189277246594429 0 0.7291045188903809 0 0 0 0.211301177740097 0 0.4894351735711098 0.1635560393333435 0 0.5961171537637711 0 405.2774169370532 14.44520547240973 34.68763878941536 0 0 0 21.82590568065643 0.6041374504566193 4.216035008430481 0.6212004870176315 0 0.4276472628116608 0 0.4938749372959137 0.1418165862560272 0 494.9230352714658 45.43870851397514 0.4975746050477028 0.7406546920537949 0.1197746247053146 0.1220980808138847 0.2110394984483719 0.4092729687690735 5.062341749668121 27.59070567786694 100.6416661217809 352.0732492655516 47.19608158618212 51.64461613446474 1.074290812015533 1.847077503800392 0.1508617848157883 87.14375679194927 35.4473443031311 13.62548780441284 6.389729715883732 4.083810351788998 1.590168282389641 0.7012676000595093 216.0124669522047 30.35710792243481 0 594.2969247102737 164.2618733122945 312.1478451266885 85.2468389198184 7.893846578896046 0.4731763079762459 5.381342113018036 0 5.404800064861774 163.3577270805836 7.420230969786644 33.65469963103533 31.23653994500637 23.27300707995892 0.3304597437381744 4.856197461485863 0 1.192762330174446 0.5787332206964493 0.2600266486406326 0.1784719973802567 1.551291078329086 912.16780641675 7.990369588136673 0 0.9896044433116913 222.4594734609127 17.27353748679161 4.600734204053879 10.52889257669449 15.14405956864357 2.297866106033325 82.00131459534168 4.772435054183006 27.88185793161392 57.45136402547359 90.20810748636723 21.52219432592392 210.4967485666275 92.94126212596893 179.2792302519083 37.10048899054527 1.647410333156586 1.922486707568169 0.4189920276403427 0.5187815725803375 0 0 0 0 0.1883757561445236 0 0 0.5316926836967468 0.3927719295024872 0 0 0 0 0 0 12.18283732235432 50.94848847389221 0 7.6136594414711 1.386579394340515 108.0020177960396 13.27850326895714 76.37008330971003 17.50915643572807 2.088266551494598 0 0 0.3016762435436249 0 6.178581476211548 0.3636282980442047 0.1059931740164757 12.66742297261953 7.095451027154922 1.217855185270309 0 0 0 0 0.7920209318399429 0.9065632522106171 0.5912798941135406 2.555575639009476 8.272257968783379 0 4.21985636651516 8.466735184192657 68.29790787398815 0.4520199298858643 3.549013122916222 2.97195253521204 0.626956082880497 0.2410432696342468 0 0 0.1800577938556671 0.3155400604009628 184.45075763762 0.3660620152950287 0 0 0 62.88842943310738 34.29652474820614 65.24839423596859 20.22981490194798 11.11915673315525 4.972227334976196 0.6853785514831543 1.926613926887512 2.693317532539368 0 0.1088845580816269 0 0.508186049759388 0 0 0 59.46620887517929 29.73557682335377 27.05832600593567 302.8490468859673 80.36973079293966 1562.517452500761 110.0697628185153 1640.640837401152 319.4251373782754 12.09504202008247 228.1002295166254 15.35860535502434 0.8938998728990555 32.82358914613724 2.009769514203072 66.95403374731541 4.065348014235497 1.867241472005844 2.580702304840088 3.3016537129879 1.16879403591156
503.7711236551404 682.3268849775195 2208.455775931478 0 54.23453069478273 0 1.850230544805527 0 3.720424965023994 0 2129.896721832454 6.037767484784126 193.4146249741316 689.323322147131 47.68164889514446 45.56400262564421 7.860781766474247 5.46603088080883 0.2978279888629913 10.66568428277969 65.45872664451599 0 42.76762108504772 9.583251014351845 22.71568895876408 15.1870625987649 16.86822824180126 7.042580619454384 1.057000353932381 1.220913738012314 1161.882194250822 768.4378113150597 88.23796339333057 33.42186176776886 54.07452695071697 28.94318580627441 13.31465241312981 6.00346864759922 6.391618117690086 10.55629940330982 14.57446531951427 4.455373629927635 23.06420482695103 7.400786474347115 4.317304573953152 19.89746104180813 219.959040813148 22.58024536073208 4.488037042319775 29.84085495769978 18.24535472691059 0.3824019208550453 0.6227135956287384 6.501869842410088 0.9651828780770302 6.241363070905209 33.46115289628506 354.9365612491965 7.781838312745094 31.07612611353397 67.16666492074728 81.02409023046494 49.64913508296013 212.3168779239058 9.884284928441048 5.429977476596832 5.430855840444565 29.68875661492348 89.18784350901842 86.95275144279003 4.667470186948776 2.445976853370667 0.1731185913085938 265.4473446384072 191.6350275576115 253.2848941981792 242.4892842099071 241.6353136599064 953.1941901743412 2246.616185136139 497.993660479784 1500.885033369064 51.66131121665239 0.7366495057940483 12.84806802123785 8.435758471488953 32.1156899034977 0.2886247038841248 3.379600182175636 0.35967156291008 9.809843726456165 1.560267984867096 85.77657368034124 43.66747708618641 2.087286271154881 0.2573802769184113 0.1590738296508789 1.771231830120087 3.573132544755936 109.6858510896564 0 0 0 0 0 0 0 0 0 0 0 0.5952630639076233 0 0 0 1.15351577103138 1.4015803784132 0 1.552252396941185 0.1358018964529037 0 0 0.3451051414012909 0.3795850723981857 0.4709304571151733 0.9445592910051346 1.240194991230965 1.01354444026947 0.303716853260994 1.113136142492294 0.1823281794786453 0.3132935911417007 1.035491541028023 0.2526458501815796 0.1397388726472855 0 0 2.093774020671844 2.292468503117561 1.651530221104622 0.1379128992557526 5.844484023749828 13.32167054712772 4.084647998213768 2.154449038207531 0.7291752770543098 0.9715494737029076 0 0.3673607409000397 0.4649472236633301 0.745528444647789 0.1405387222766876 1.623528212308884 0 0.4500306844711304 0.6137732565402985 0 2.98055549710989 0 0 0.4265826493501663 0 0 0 0.8572139218449593 1.566669389605522 0.7995565235614777 0 0.1432024240493774 0.1708315908908844 0 1.0217399969697 0.5552781075239182 1.642634660005569 0.9235484004020691 1.960528589785099 0.1851361691951752 0.9587312787771225 0.7806054800748825 0.4695124626159668 3.528685219585896 0.5630330443382263 0.1268008649349213 1.120311841368675 0.1162535473704338 0 0.1312223970890045 0.6691741496324539 0 0.4159274697303772 0 0.2119670659303665 0 1.212835699319839 0.452257052063942 0.2658481225371361 0.7536666840314865 0 3.108200341463089 4.259191155433655 183.7753076180816 43.7769728153944 386.1825362071395 36.86955620348454 36.80895353853703 38.9866257160902 2.688825786113739 44.99236218631268 5.660180799663067 0.3159534633159637 3.313204228878021 0.1075198799371719 1.654552534222603 0.6221945956349373 0 0.9272816032171249 0.9673072174191475 0
20.95046532899141 319.6944944486022 30.13746108859777 59.9528746008873 7103.068082429469 32.67130692303181 834.7336470857263 3.720424965023994 0 601.6008302345872 1310.101186990738 177.0040470659733 2165.42016428709 3070.109403423965 73.31816273927689 33.96130383759737 0.5652135610580444 0.5289552211761475 0.09676502645015717 0.3851898908615112 1.003806173801422 0 0.1423771530389786 0.1256851553916931 0.7842852473258972 0.7489422932267189 0.4190681055188179 0 0.8703036457300186 0.4611416459083557 24.04507029801607 7.143221542239189 31.91692027449608 0.1659344583749771 0 0.9541028439998627 37.10211256146431 0.8740584701299667 3.393707171082497 0.521162822842598 0.4737619757652283 3.171270690858364 0 0.8849419057369232 0 0 426.4954498708248 20.12856408953667 0.8751619085669518 1.42578712105751 0.2338230758905411 0 0.3682116568088531 0 2.842393465340137 19.00410525500774 25.31658610701561 23.52325603365898 21.88889244198799 42.67163807153702 1.627146951854229 3.753267794847488 0 44.00225837528706 11.5785756111145 5.989365264773369 2.27276599407196 2.46516639739275 1.86087604612112 0.5959207266569138 180.350704729557 39.1423594802618 0 195.84562625736 55.29864709079266 266.5589065477252 193.7998947799206 27.86208272725344 0.2367078587412834 12.40587668120861 0.3249383345246315 15.33573470264673 51.08467348664999 3.040128849446774 14.14251463860273 13.71854741126299 13.44307256489992 0.102952241897583 3.778657883405685 0 0.4007941856980324 1.349905669689178 0 1.393729530274868 2.803965300321579 571.0174448937178 7.681250467896461 0 1.08096718788147 11.93283712863922 30.33450628817081 5.086041659116745 10.2171273380518 15.9173925369978 4.614587724208832 22.20134024322033 4.338090315461159 40.16833509504795 87.01598060131073 105.1548612564802 22.73828946053982 322.362793982029 119.7151467055082 264.397201731801 56.80057354271412 1.348745614290237 3.951870873570442 0.2218072265386581 0.5028971433639526 0 0 0 0 0 0 0 0 0.1324915885925293 0 0.2902661561965942 0 0 0.2905938029289246 0 23.93325780332088 71.31545378267765 0 11.88692882657051 0.9670672565698624 160.9425235688686 12.22293317317963 95.21393077075481 24.00328913331032 1.318961337208748 0.1629278808832169 0 0.3327117562294006 1.181158557534218 11.78188434243202 0.4490838348865509 0 16.27886120975018 14.99475614726543 1.84939306229353 0.5549903512001038 0 0 0 0.6390873342752457 2.915555611252785 0.5268600359559059 4.405228830873966 16.46041561663151 0 7.100055903196335 13.25993366539478 91.89030732214451 2.20128045976162 4.010088667273521 5.584074333310127 0.1553604900836945 1.095995619893074 0.9331252574920654 0 0 0 279.9010233283043 0.6957827210426331 0 0 0.719643846154213 89.54252703487873 55.4835988432169 64.75012545287609 36.89098021388054 16.68810285627842 7.381830930709839 2.284370347857475 2.293740600347519 4.10056110471487 0 0.4080244898796082 0 0.462385781109333 0 0 0 75.34998793900013 27.68343660235405 36.13362661004066 672.4162824228406 104.2690134719014 1356.367322534323 164.4771996363997 487.3857101127505 378.7440106496215 11.0624218583107 434.3377057984471 33.17922963202 1.252301052212715 57.8077824562788 3.777937173843384 101.6003393232822 3.758433148264885 0.8337101340293884 8.32158762216568 2.649789929389954 0.5536543279886246
707.7938558608294 232.8467205166817 3.341775178909302 881.3298325389624 666.4505028873682 801.2342247664928 3847.496175974607 0 601.6008302345872 0 9.69967383146286 495.3833410292864 7145.522696167231 91.7552901506424 1.309212908148766 0.6851083487272263 0 0 0 0 0 0 0 0.1058551892638206 0 0 0 0 0 0 15.97306273132563 0.7632082849740982 12.29001840949059 0 0 0 32.65824215114117 0.4416788816452026 3.363833829760551 0.1965502500534058 0 0 0 0 0 0 13.73729812353849 0.7187220975756645 0 0 0.7702126502990723 0 0 0 0 0.5609218254685402 38.76508566737175 25.28509151935577 1.570174738764763 0.5678785443305969 0 1.231876313686371 0.2741890251636505 3.371596813201904 1.40698878467083 0.4991055354475975 0 0.0870102196931839 0 0 569.8250773847103 55.56223192811012 0 22.9316096752882 3.213608123362064 9.181095376610756 2.347085133194923 1.513383448123932 0 2.381923377513885 0 2.648734867572784 4.444283753633499 0.1083730533719063 0.5956313088536263 1.12934560328722 0.5632074624300003 0 0 0 0 0 0 0 0 1095.354758799076 12.10253381729126 0 1.467740029096603 434.9254949986935 12.87630161643028 5.600429356098175 18.65303131937981 19.89835000038147 7.271102964878082 539.1227675378323 12.34848149120808 37.91234083473682 75.67065218091011 149.4080699533224 27.00261422991753 311.5083184838295 92.77166578173637 241.93262180686 30.64692513644695 0.5035107731819153 2.191016644239426 0 0 0 0 0 0 0 0 0 0 0.3133439123630524 0 0.408782422542572 0 0 0 0 13.71530206501484 58.99454262852669 0 7.861448854207993 0.2547964453697205 142.8172268569469 13.75925816595554 83.3874242156744 25.90203183889389 3.619654387235641 0 0 0 0.7855979949235916 6.745227620005608 0.2857751548290253 0 14.06206893920898 6.090394243597984 0.8513000681996346 0.2020000964403152 0 0 0 0.2214725911617279 1.221147358417511 0.1869871467351913 5.200576558709145 12.72250512242317 0.3500982522964478 2.674623370170593 10.08176630735397 75.15061767399311 1.695352032780647 4.178910762071609 3.107321135699749 0.3233394622802734 0.1596908718347549 0.4959584027528763 0 0 0 178.2511695027351 3.049943447113037 0 0 0.3510400056838989 61.8287059366703 39.12953886389732 49.58158332109451 38.50099009275436 11.00894275307655 4.837545737624168 1.078823953866959 0.5928093940019608 3.012344554066658 0 0 0 0.279775470495224 0 0 0 58.94167509675026 24.58899043500423 19.76601940393448 57.29003369808197 3.436946898698807 51.93455079197884 3.986139424145222 1503.821890741587 12.23100215941668 2.744524747133255 24.97005014121532 19.02795675396919 0.8775044977664948 49.0296341329813 0.525616928935051 113.3925706148148 8.626581847667694 0 6.996515020728111 0 0
470.2452578321099 2846.253371097147 2549.929661333561 1.140666037797928 2314.53262937814 3.209679067134857 186.2858968749642 2129.896721832454 1310.101186990738 9.69967383146286 0 56.27207630872726 2947.466062732041 8844.137659788132 47.841587677598 24.18466150760651 1.288989543914795 0.7845460772514343 0 1.723852545022964 5.183838337659836 0 3.09526289999485 1.184141665697098 7.779714018106461 3.174150608479977 3.463284343481064 1.233583636581898 0.1273068934679031 0 462.7912939041853 557.1885240003467 357.2563540786505 2.817978590726852 5.725062698125839 7.512452259659767 20.59143042564392 0.772197499871254 0.8844093456864357 2.189098671078682 3.163060560822487 0.2821384966373444 2.175480574369431 1.599104911088943 0.1770990490913391 0.2109554409980774 295.6181759536266 23.54060696065426 1.494417443871498 2.396385654807091 0.6780986338853836 0 0 0.3485316187143326 0.9813036918640137 9.6685481518507 20.46073812246323 132.5174747407436 10.70564735680819 38.50439685583115 7.01496734470129 51.32833702862263 4.559215277433395 94.68607517331839 12.69506561756134 5.038333795964718 2.258635133504868 5.070759460330009 5.409958429634571 3.639426842331886 21.68462790548801 3.527189403772354 0 227.6910951063037 115.6914314255118 269.3005072772503 191.8666374161839 50.61575933545828 408.0476057454944 1506.509026430547 30.08211000263691 285.7984622716904 56.21642427146435 2.253709673881531 15.57693836092949 12.21597190946341 12.55920951813459 0.5474927648901939 3.10395485162735 0 2.447756096720695 0.4064940586686134 4.263228550553322 9.475189536809921 1.416555061936378 14.91418412327766 0 0 0.7293483316898346 55.08820538967848 2.442010194063187 0 0 0.223093569278717 0.4500646889209747 1.335817337036133 0 2.578103214502335 4.408582374453545 5.823238059878349 0.6711719036102295 13.56700287759304 3.841705352067947 8.411783367395401 0.6677952855825424 0 0.1815668344497681 0 0 0 0 0 0 0 0.1619677692651749 0.3522054553031921 0 0.4414121210575104 0 0 0.1597378551959991 0 0.3760966658592224 0 1.34158231317997 6.244909554719925 0 1.084867879748344 0.1373416483402252 11.13575622439384 0.6403611302375793 5.440623253583908 5.123259827494621 0.1575336158275604 0 0.1882631629705429 0 0 0.3883152902126312 0.8846443295478821 0.1557163000106812 0.3329859972000122 0.5121142417192459 0 0.1633719056844711 0.2423931509256363 0 0 0 0.2698878347873688 0.1066901907324791 0.4137858152389526 0 0 0.1616249829530716 0.9822140485048294 4.977745547890663 0.2280897498130798 0.3596755564212799 0 0.09706871211528778 0 0.1372970342636108 0 0.4236839860677719 0.6598981469869614 11.42273905873299 0 0 0 0.2519053742289543 4.982731610536575 6.106757760047913 4.876803398132324 3.916386008262634 1.004377424716949 0.3606795370578766 0 0.3111579120159149 0.7862144485116005 0 0.5226791054010391 0 0.1782482862472534 0 0 0.1170109510421753 4.112509474158287 2.510184213519096 2.967284873127937 168.3806513473392 26.91293549537659 618.6613867133856 47.7538655847311 83.39399147778749 102.4886781796813 2.803369000554085 111.220989190042 4.820744439959526 0.2079332321882248 3.533096760511398 0 6.653569430112839 0 0.4921268224716187 2.362750679254532 1.036878429353237 0.4591714143753052
25.20282252132893 121.5906510353088 9.19602669775486 140.2235270440578 64.25869627296925 87.75332792103291 369.8862768262625 6.037767484784126 177.0040470659733 495.3833410292864 56.27207630872726 0 1762.925184711814 42.54393902420998 7.97532170265913 5.224929988384247 0.333794116973877 0 0 0 0 0 0 0 0.4590733349323273 0.9582753479480743 0.1397921591997147 0 0 0 0.8870203047990799 0.1866259872913361 3.441806614398956 0 0 0.523683488368988 5.346605867147446 0 0.7417095303535461 0 0 0 0.1525198519229889 0.1743061095476151 0 0.1245039775967598 10.64690350741148 0.5629913955926895 0 0 0 0 0.4928448796272278 0 0 0.297980785369873 1.596517160534859 2.791007146239281 0.2460630983114243 0.8508142605423927 0.1742431372404099 2.694780230522156 0 0 0 0 0.1765939444303513 0 0.2233309894800186 0 130.8200507313013 26.25131343305111 0 4.837627395987511 1.243714928627014 7.070828959345818 7.323995172977448 5.313129678368568 0 2.855428025126457 0 2.85948246717453 0.2338778898119926 0 0 0.2118584960699081 0 0 0 0 0 0 0.1409070193767548 0.4719803929328918 0 1018.610501274467 4.906325772404671 0 0.3747795224189758 29.63693591952324 2.884428828954697 1.108949422836304 4.581258863210678 7.537029802799225 0.2400629669427872 6.871312469244003 2.916090786457062 16.73345004022121 29.20546641945839 42.35748229920864 9.850298747420311 143.2030979543924 50.46458725631237 121.6607935875654 10.9620127081871 0.2794143557548523 0.2599837481975555 0.1588354259729385 0 0 0 0.1765160858631134 0 0 0 0 0 0 0 0 0 0 0 0 5.615676149725914 28.07218253612518 0 2.470639988780022 0 69.79973374307156 1.392742618918419 20.98659723997116 7.082664370536804 0 0 0 0 0 1.44161731004715 0.7284765839576721 0 3.065026849508286 4.493526741862297 0 0 0 0 0 0.4575843065977097 0.8997945785522461 0.1725972890853882 0.4944435358047485 3.343248039484024 0 0.6168295443058014 1.860168889164925 23.9007455855608 0 0.7349353581666946 0.730646014213562 0 0.3117091804742813 0 0 0 0 74.73061448335648 0.448223888874054 0 0 0 23.01400524377823 13.6700513958931 12.9395537674427 12.26979663968086 7.778079733252525 1.520506754517555 1.171011328697205 0.1842089891433716 1.64470586180687 0 0 0 0 0 0 0 26.18885363638401 5.75440214574337 9.870890095829964 60.2064822986722 3.242910675704479 34.40160042047501 3.903494313359261 147.2962929978967 6.790807776153088 0.4561456069350243 32.28382859379053 3.720465451478958 0.2503640353679657 10.02023478597403 0.5330731272697449 28.75048285722733 0.5617027878761292 0 2.120859712362289 0.2493493407964706 0
170.9723119884729 2368.897694662213 241.2976376712322 880.7812805473804 2049.987826809287 334.0581968426704 6694.648780316114 193.4146249741316 2165.42016428709 7145.522696167231 2947.466062732041 1762.925184711814 0 1485.810293421149 164.0092742070556 118.3170157968998 3.13874676823616 1.688309356570244 0 0.9318448007106781 3.647714704275131 0 1.923549488186836 0.9089454114437103 9.58553771674633 7.985612809658051 5.359863787889481 3.509397193789482 0.7873015254735947 0.1878276318311691 26.85574010759592 4.79696349799633 592.7481707185507 1.661600485444069 2.113253250718117 13.43907319009304 162.0788450241089 12.04519145190716 10.7240681797266 11.55173318088055 1.68050628900528 3.680155768990517 0.9320300966501236 3.684693962335587 0.5768260657787323 2.827324986457825 274.1949815228581 5.639382407069206 0.4481780230998993 2.565908417105675 1.546453103423119 0.9677489548921585 3.397368311882019 1.794982045888901 0.405700109899044 7.460789628326893 26.93507821112871 27.43819154798985 8.766957573592663 26.63405592739582 1.843168720602989 74.40017178654671 3.82026219367981 14.25369374454021 4.658799469470978 3.135883666574955 1.024791903793812 1.674624226987362 1.800810314714909 3.479651749134064 885.4763637334108 180.2564121484756 0 76.6685062199831 19.62812925130129 168.0215019509196 157.490477129817 105.7224715054035 0.4110715985298157 163.4607509821653 4.396525382995605 40.12145452201366 16.98475589603186 2.097367756068707 6.623176433146 3.64820496737957 5.664852447807789 0.1431596279144287 1.392473876476288 0.2766137421131134 2.158114731311798 0 1.200630366802216 14.79698225855827 1.536391921341419 7320.317268043756 36.40023608505726 0 5.294973388314247 134.3494535312057 48.84746345877647 5.286461994051933 10.48927035927773 28.56194089353085 7.622292950749397 58.5814214348793 19.24910753965378 74.71921806037426 127.5095013827085 196.9190949052572 44.09703253209591 590.3844444006681 276.9145526587963 527.0977394282818 103.4340652674437 3.111783280968666 4.570524856448174 0 0.7014041692018509 0 0 0 0 1.086769744753838 0 0.6766386032104492 0.8864346295595169 0.5627576857805252 0 0.6752077043056488 0.4692738950252533 1.554252505302429 1.606337293982506 0 39.72605930268764 127.4247455298901 0.8661415874958038 11.40383062511683 1.41591589152813 326.4157830327749 12.42428977787495 152.6006538644433 37.80159752815962 4.397014006972313 0.6907143443822861 0.2099798172712326 0.1397957503795624 0.4043289422988892 8.724862575531006 1.782094046473503 0 19.16079942137003 15.26879206299782 1.217957310378551 0.9634397774934769 0 0.6852645725011826 0.1926245242357254 0.8699729144573212 3.467381961643696 0.7012792453169823 6.383872956037521 24.84179014712572 0 7.656430050730705 9.78851655125618 130.7372458130121 4.008476957678795 10.72781704366207 5.533606022596359 0 0.4275270476937294 0.4884728342294693 0.151004895567894 0 0.8463056832551956 607.521396741271 5.175944805145264 0.4123091995716095 0.896928608417511 0.4943028017878532 192.2462584972382 82.41897155344486 100.86588793993 49.75102673470974 19.42010055482388 13.73116829991341 2.636360958218575 5.26744332909584 5.563753575086594 0.2338884770870209 0.2043536752462387 0 0.2927777171134949 0 0 0.4708167910575867 207.672308690846 65.08774775266647 57.91020466387272 937.6847970113158 82.08423861861229 811.5115734413266 156.9572877958417 697.6106379628181 196.9001398682594 8.940371342003345 573.1002262160182 28.24563933163881 1.516847640275955 76.41502067446709 2.586683437228203 126.9754476547241 9.93090683221817 0.4741462469100952 5.644290454685688 10.2822984457016 0.1434955298900604
213.9782649949193 2555.027724310756 678.8592767417431 10.25925707817078 5109.826553456485 23.08348129689693 673.3503204956651 689.323322147131 3070.109403423965 91.7552901506424 8844.137659788132 42.54393902420998 1485.810293421149 0 123.8558110743761 88.65173779428005 3.554553627967834 1.267979368567467 0 2.565255582332611 5.15061017870903 0.7059443593025208 2.062484413385391 0 20.4416388720274 11.49998655170202 5.994370728731155 7.792814180254936 1.117855459451675 0.1377405077219009 69.10228602588177 15.59088569879532 825.6210751608014 1.308272704482079 4.145148038864136 33.27377531677485 395.3455691337585 29.71727531403303 6.976135239005089 27.52618312090635 3.363227128982544 0.5978505313396454 1.693531692028046 7.243338316679001 0.6863926649093628 1.332167595624924 309.9757019877434 11.14883951097727 0.2511308491230011 0.9698572978377342 3.452976502478123 0.9057072922587395 5.320793837308884 1.764913663268089 1.350123152136803 9.717110112309456 16.68824166059494 38.40841013938189 7.427629895508289 31.34068334102631 4.336479797959328 141.3160805106163 6.550642728805542 24.9353879019618 4.544239617884159 3.238211549818516 0.4483265355229378 1.670981295406818 1.909795850515366 1.783634446561337 325.3156583756208 82.99621477723122 0.3224185705184937 115.0143990069628 31.95953531563282 203.6721445098519 197.7447008863091 87.30605079233646 3.09583918005228 131.9766994789243 4.065189689397812 114.1967995911837 25.36374881863594 1.708726570010185 5.758680164813995 6.3893888220191 9.1923573538661 0.3092106729745865 1.616172663867474 0.2759482562541962 5.00858262181282 0.5753454864025116 6.915653496980667 18.77402378618717 3.397310025990009 677.1728021800518 15.84149959683418 0.1990077048540115 8.290941536426544 34.74909102171659 18.89713887870312 2.340379178524017 5.460295468568802 13.23082907497883 2.974169835448265 12.55040322244167 2.842194125056267 28.3865589350462 34.35282921791077 65.78748089075089 14.58611072599888 181.1560654640198 80.37070006132126 149.9854436218739 29.82761265337467 1.041056960821152 1.551606357097626 0.1870269924402237 0.3728558868169785 0 0 0 0 1.015005707740784 0 0 0.4718590676784515 0.7861952483654022 0 0.8506664782762527 0 2.022031001746655 1.291747584939003 0.3685014545917511 14.96569711714983 47.0497764647007 0 8.00444719940424 1.246097281575203 109.8699174821377 5.084261447191238 83.49249263852835 30.36627258360386 6.641563422977924 1.874372720718384 0 0 0 6.47818922996521 1.760817252099514 0.2003917098045349 9.004151478409767 5.999424189329147 0.6365115791559219 0.2534283399581909 0.1509056091308594 0.645972341299057 0.4355621859431267 1.066661387681961 1.428838014602661 0.1013487800955772 0.8936446309089661 6.622766733169556 0 4.38640271127224 5.398491986095905 55.86132535338402 0.7811609506607056 3.961507692933083 2.198188312351704 0 0.2442141026258469 0.51262516528368 0.2260941714048386 0 0.1678237020969391 199.2643323987722 4.380402341485023 0 0.2213909476995468 0 61.35373489558697 37.91444610059261 45.37308731675148 21.24636645615101 12.27369691431522 2.646766789257526 0.9500308632850647 1.082593351602554 2.273302726447582 0.1602611988782883 0.184218242764473 0 0.3299887329339981 0 0 0.3812209963798523 62.64292629063129 33.48972322046757 34.61472906917334 860.205870822072 78.497095964849 913.6329195052385 134.793622598052 325.9050065129995 203.6188594773412 11.20465644448996 546.039793394506 27.74912744015455 1.067651256918907 39.02172039449215 1.308360248804092 54.69883123040199 3.072112083435059 0 6.41370402276516 3.789168804883957 0.4785833060741425
