0 4015.719669871032 458.1605946570635 1236.383301243186 385.4097081944346 43.02200454473495 1016.527731239796 253.7822480946779 37.49247954785824 1815.983461156487 587.8626307025552 16.40222033113241 133.0575375631452 44.87724400311708 0.5761301815509796 1.469350636005402 0.1155948266386986 0.1973625272512436 0 0.1186207756400108 0.1550009101629257 0 0 0 0 0.1395902633666992 0.1007341742515564 0 0 0 455.8351561874151 23.30459057539701 4.174754172563553 0 0.1438337415456772 0 1.802626594901085 0 0.2150652706623077 0 0 0.1219406500458717 0 0 0 0 4.1477405205369 0.7866168990731239 0.5586949363350868 0.1711207181215286 0 0 0 0 2.315682008862495 11.3178281262517 228.3819879889488 716.7034525349736 75.3440011292696 43.96609726548195 0.1311116367578506 0 0 0.5370245575904846 2.470645278692245 0.4101118296384811 0.09700146317481995 0.1059920191764832 0.117320828139782 0.1276360601186752 15.80401416122913 11.14127147197723 0.2670307755470276 171.5333932563663 64.52230377495289 4.578792236745358 2.638370931148529 0.53852479159832 0.4144519492983818 4.774857513606548 0.3263145536184311 0.1215516403317451 6.948283404111862 0.9536472856998444 0.7191556170582771 2.299646936357021 0.2692054212093353 0 0 0.3328573405742645 0 0 0.4486545920372009 0.2353942170739174 0 156.7301031798124 7.518828690052032 3.233627080917358 1.674322605133057 1448.072326406837 0 1.379558920860291 0 0 0 0 0 0.2698943316936493 1.732502371072769 0.7797648906707764 0.9025786519050598 2.89660570025444 5.027373746037483 2.188804149627686 0.3438756465911865 0 0 0 0 0 0 0 0 0 0 0 0 0 0 0 0 0 0 0 0 0 0 0 0 0.5331082344055176 0.11001867800951 0.2378247231245041 0 0.4366128742694855 0 0 0 0 0 0 0 0.4701738357543945 0 0 0 0 0 0 0 0 0 0 0 0 0.185431033372879 0 0 0 0 0 0 0 0 0 0 0 1.250153094530106 0 0 0 0 0.2348795086145401 0 0.7461109459400177 0.2720081210136414 0.8863827586174011 0.7907064259052277 0 0 0 0 0 0 0 0 0 0 1.114062830805779 0.4474314302206039 0.2731294929981232 85.78843931108713 5.723716095089912 75.06825711578131 25.40318904072046 703.2788289263844 38.6694145873189 0.9487846568226814 12.70439495891333 0.2389894127845764 0 1.023370265960693 0 0.3804453909397125 0 0 0 0 0
4015.719669871032 0 1558.329993151128 1373.467965953052 6823.531155727804 104.9497845470905 5244.026555307209 787.2306991070509 1203.620739765465 681.5429543480277 2435.514072492719 19.51347595453262 2257.210048660636 464.9919838905334 16.87253456562757 3.151824831962585 0.1113732159137726 0.5041943863034248 0 0.1661178916692734 0.1778405755758286 0 0.1249487102031708 0.0984516516327858 0 1.223238386213779 0.3176479637622833 0.6259078159928322 0.6618512123823166 0.4894616007804871 3390.534321248531 82.10998328030109 2.511994495987892 0 0.1806135922670364 0.4034214615821838 1.653215058147907 0.980340451002121 0 0.1900684982538223 0.318609356880188 0.1006238013505936 0.2369040548801422 1.802973046898842 0.2405443787574768 0.497921921312809 79.5740257576108 8.028449401259422 1.231163576245308 1.207851476967335 0.9358369037508965 0 0 1.212805084884167 12.82550320774317 59.37091859430075 121.8739104196429 787.2203397080302 56.47790356725454 133.5459975972772 0.4084975942969322 0.7318051606416702 0 22.52424196898937 22.01556305587292 4.394010007381439 2.481145679950714 1.504909165203571 0.1028045564889908 0.6369559541344643 2.822551295161247 3.549445226788521 0 336.8616987913847 281.2640278786421 133.3048318997025 43.31286720186472 4.643128126859665 1.329958908259869 12.2496270686388 1.52001741528511 2.597182765603065 66.56305973976851 1.217332892119884 8.404233410954475 15.34739609062672 4.947100467979908 0.4354832693934441 2.288670293986797 0.08745668083429337 0.736854188144207 0.4763542041182518 0.4175519347190857 0.8458939641714096 2.811588980257511 25.73122295737267 0.1089093685150146 0 0.9337289482355118 1453.580579400063 0 0 0 0 0 1.698783501982689 0.2550175487995148 0.4538664221763611 2.465443730354309 4.132129475474358 0.2224817276000977 7.929919168353081 20.50017930567265 14.20984101295471 2.659853264689445 0 0 0 0 0 0 0 0 0 0 0 0 0 0 0 0 0 0 0 0 0 0 0.5182348787784576 0 5.652476862072945 0 1.304218947887421 0.428717702627182 0 0 0 0 0 0.3075939416885376 0 0 0 0.1490965187549591 0 0 0 0 0 0 0 0 0.544863224029541 0.8500522077083588 0 0.5378000140190125 0.8544812500476837 3.964701294898987 0 0 0 0 0 0 0.3204317092895508 0 0 8.175661168992519 0 0 0 0 2.303022876381874 2.605624683201313 3.720689505338669 0 0 0 0 0 0.1475153267383575 0 0 0 0 0.1159319579601288 0 0.1933468133211136 6.197894692420959 2.655654639005661 5.176011919975281 361.1690790653229 65.14114820212126 588.4291938915849 140.2541764974594 564.6405964046717 142.0657719969749 7.728283457458019 104.1035190448165 6.72430707514286 0.1833500862121582 0.6355340480804443 0.3882540613412857 2.912329405546188 0.4927491247653961 0.1193544566631317 0 2.666553564369678 0
458.1605946570635 1558.329993151128 0 75.50761962682009 1546.895494520664 0.9377007484436035 174.237186409533 3505.846617676318 674.1144097149372 36.1901977583766 3092.817276269197 12.0035300552845 160.8780883774161 279.9843022674322 17.73753447085619 10.91300398111343 0.7826781198382378 0.8163639903068542 0 0 0 0 1.494291849434376 0.2899664714932442 0 0.5017985105514526 0.4241983741521835 0.2883002907037735 0.4577519819140434 0 3434.720984272659 2920.525866113603 18.6661974042654 0.5275682508945465 0.1623222380876541 0.4674476534128189 3.022630095481873 0 0 0.1280267536640167 0.500578448176384 0.6704257130622864 0.112134575843811 2.629662699997425 0.1108711659908295 0.4126925766468048 48.02892420440912 4.404550015926361 0.3814255520701408 1.121783085167408 0.9006136357784271 0.6571049094200134 0 0.2629804238677025 6.858810514211655 30.84572352468967 75.90542268007994 871.4362135156989 23.57395077496767 84.96167099475861 0.5915769636631012 2.209032945334911 0.229239284992218 440.0989457592368 8.958022512495518 2.265213251113892 0.9579840525984764 1.141097918152809 0.0982796922326088 1.677671268582344 5.056865528225899 1.410797297954559 0 238.4232153147459 264.0871771648526 84.73898496478796 43.47295613586903 8.141920804977417 48.86988890916109 314.3367577344179 1.575841583311558 16.76966418325901 30.65361787378788 0.8061462715268135 5.237557612359524 7.431678384542465 4.181680023670197 0.1862387955188751 1.605970896780491 0 0.2596992552280426 0.5927534401416779 0.9628173112869263 1.193107537925243 1.385251075029373 6.454136073589325 0.6215648353099823 0 0 550.9197698608041 0 0 0 0 0 0.3009288311004639 0 0 1.994657427072525 0.6333183348178864 0 1.431219667196274 6.08781985938549 4.787641853094101 0.6223506778478622 0.2021723091602325 0 0 0 0 0 0 0 0 0 0 0 0 0 0 0 0 0 0 0.2990113794803619 0 0 0 0.119429238140583 2.204276122152805 0 0.2355626672506332 0.3922435343265533 0 0 0 0 0 0 0 0 0 0 0 0 0 0 0 0 0 0 0 0 0 0.3898673057556152 0 1.559296309947968 0 0 0 0 0 0 0 0 0 7.059720732271671 0 0 0 0.1336547136306763 1.859619379043579 0.5578857809305191 0.4816506803035736 0 0 0 0 0 0 0 0 0 0.1929854527115822 0.1523875594139099 0 0.1815118938684464 1.471232250332832 2.423650301992893 1.420084461569786 185.9644788950682 30.43383104354143 279.9845182672143 68.3299495652318 81.97368518263102 61.06038235127926 3.531148128211498 58.96282698214054 3.421009831130505 0.251316711306572 0.5970024466514587 0 0.3438349664211273 0 0 1.856116563081741 2.098317474126816 0
1236.383301243186 1373.467965953052 75.50761962682009 0 440.1146511435509 311.4846795648336 1730.540360212326 5.53744213283062 63.30132570117712 2703.7977065593 63.32235227525234 275.7773105576634 1363.222659885883 83.46255790442228 1.369890153408051 0.6976699978113174 0 0.1171614229679108 0 0 0 0 0 0 0.1155768558382988 0.2376263737678528 0 0 0.1628368943929672 0 17.72866184264421 0.2291087359189987 0 0 0 0 0 0 0 0 0 0.1125201880931854 0 0 0 0.1757132858037949 8.709339141845703 0.7536756992340088 0 0.2140114232897758 0 0 0 0.1872495412826538 1.584130935370922 8.169976070523262 37.54302294552326 88.05172300338745 11.60797437280416 15.69888858497143 0.2438210546970367 0 0 1.201191529631615 1.358712092041969 0.3627428114414215 0.2231359034776688 0.3631767183542252 0 0 2.562638789415359 0.280032604932785 0 48.36589037626982 29.991684935987 11.33738150447607 1.130716569721699 0.1399795860052109 0.1299046128988266 0.6666364967823029 0.236063726246357 0.2538848295807838 7.391305506229401 0.2596283331513405 1.238995723426342 1.281201742589474 0.5726397410035133 0 0.3096211329102516 0 0 0 0.2573355734348297 0.9686083197593689 0 74.69746078550816 0.3098207712173462 0 0 313.8194615021348 0 0 0 0 0 0.8255348205566406 0.2809291183948517 0.2987905889749527 1.904151052236557 7.184006750583649 0.6189203411340714 11.75009977817535 17.637431666255 9.077564746141434 2.253329411149025 0.328242301940918 0 0 0 0 0 0 0 0 0 0 0 0 0 0 0 0 0 0 0.1550879031419754 0 0 0 0 1.315305545926094 0.4034461826086044 0.3208298981189728 0.2947860658168793 0 0 0 0 0 0 0 0 0 0.3474402129650116 0 0 0 0 0 0 0 0 0.1968879699707031 0 0.6690427660942078 0.3680936396121979 0.1917781084775925 0.5034072399139404 0 0 0 0 0 0 0 0 0 4.293618202209473 0 0.1122043803334236 0 0 1.900142937898636 0.1902799606323242 1.257670328021049 0.3127192258834839 0 0.4311069548130035 0 0.1416367292404175 0 0 0 0 0 0 0 0 2.399407878518105 0.4513173997402191 2.978577181696892 91.91793493181467 6.374904498457909 79.85825788974762 14.52953655272722 498.9229293167591 21.95256194472313 0.8736837282776833 11.24239379167557 2.624642223119736 0 0.1616799086332321 0 4.288124680519104 0 0 0.4253815710544586 0.8106203377246857 0
385.4097081944346 6823.531155727804 1546.895494520664 440.1146511435509 0 5.073742628097534 3996.534738011658 298.3515660241246 9671.542101569474 208.4749925509095 1893.564007990062 2.275515325367451 978.3481531515718 705.527429535985 15.37496130913496 3.893971055746078 0.331368088722229 0.3772215321660042 0 0.207916721701622 0.1616079807281494 0 0.1528265774250031 0 0 1.164806626737118 0.4510172456502914 0.2397594898939133 0.6771154776215553 0.1069689691066742 408.0917480960488 37.88131926208735 0.4491507411003113 0 0 0 1.002440571784973 0.1450039595365524 0 0.5553352758288383 0.6276149824261665 0 0 0.9351130947470665 0.1256041526794434 0.1438737660646439 58.80411374568939 4.565504275262356 0.1561453342437744 0.1418114304542542 0.4466146305203438 0.2712708562612534 0 0.9216767251491547 4.701064147055149 19.23717245459557 18.39734293520451 114.1178505346179 7.319090038537979 48.21934027224779 0.1056089773774147 0 0 18.92320827394724 6.920091271400452 1.575564458966255 1.554551616311073 0.9396510198712349 0.2083448767662048 0.3688578680157661 0.1144675761461258 2.118637651205063 0 91.82661965489388 90.46990130096674 78.77506115287542 42.3840539008379 5.200102083384991 0.988805390894413 2.749913036823273 0.7282314375042915 0.454812079668045 26.65150567889214 0.532217875123024 3.755657367408276 6.309212863445282 3.213626429438591 0.09207599610090256 2.130673766136169 0.2096998617053032 0.2705570608377457 1.11271695047617 0.2284032851457596 0.9058576375246048 1.573744721710682 19.10135319828987 0.6521731615066528 0 0.170220211148262 74.21580914407969 0 0.3846994042396545 0 0.612392246723175 0 0.9106646329164505 0.7069797664880753 0.6305477321147919 4.100373700261116 4.236368581652641 1.248846985399723 9.337469324469566 18.74006879329681 17.49882693588734 2.316997706890106 0 0 0.3201922476291656 0 0 0 0 0 0 0 0 0 0 0 0.3265799283981323 0 0 0 0 0.3147761151194572 0.6393079608678818 0 0 0 5.902230739593506 0 1.138705551624298 0.5112348049879074 0.5881547778844833 0 0 0 0 0 0 0 0.4354893863201141 1.473742753267288 0 0 0 0 0 0 0.2470393627882004 0 0.2722777426242828 0.1268091797828674 0.2645047903060913 1.235989555716515 0.1922843456268311 4.226264104247093 0 0 0 0 0 0 0 0.1430035680532455 0 12.08372684568167 0 0 0.1430325210094452 0 3.604564525187016 3.560931906104088 5.662083953619003 0.6967267692089081 0.4437562525272369 0.679777592420578 0 0 0 0 0 0 0 0 0 0 6.404228359460831 3.739534914493561 6.531551860272884 221.5081047639251 37.8173330873251 294.1700826659799 72.41044406592846 85.51257287710905 49.79369699209929 2.931287445127964 63.873265594244 4.449730522930622 0 1.374531954526901 0 4.40874807536602 0.5986031293869019 0.2461567372083664 0.838471531867981 2.615739248692989 0.2116492986679077
43.02200454473495 104.9497845470905 0.9377007484436035 311.4846795648336 5.073742628097534 0 146.3922227472067 1.184284999966621 5.15270970761776 1454.479232162237 4.289704829454422 168.5479035526514 152.1871164739132 48.70849055051804 0 0 0 0 0 0 0 0 0 0 0 0 0 0 0 0 8.069264248013496 0.1409713476896286 8.86610572040081 0 0 0 15.76279371976852 0 2.668262645602226 0 0 0 0 0 0 0 0.6671866327524185 0 0 0 0 4.949344620108604 0 0 0.2498381584882736 1.652697525918484 29.39468498528004 37.046626329422 3.919742651283741 0.9135878384113312 0 2.531451046466827 0 0 0 0 0.4444485306739807 0 0 0 172.5026621222496 264.8757686167955 16.39851619303226 5.042353615164757 0.3196723610162735 0 0 0 0 3.860979706048965 0 2.138376876711845 0 2.253963276743889 0 0.1985557973384857 0.1406795531511307 21.58530525863171 4.238524675369263 10.6944210678339 0 0 0 0 0 319.5801092237234 107.3523515611887 37.57617165148258 20.41915422677994 330.1736077517271 0 1.875555813312531 0 0.6498430967330933 0 1.034200593829155 0 0.673588901758194 1.218186721205711 5.355630934238434 0.2823239266872406 9.839898720383644 7.733215793967247 4.718231439590454 1.169509172439575 0.2001602202653885 0 0 0 0 0 0 0 0 0 0 0 0 0 0.1460394710302353 0 0.4716894775629044 0 0.153218537569046 0 0 0 0 0.7373459339141846 0.6097848862409592 0 1.228038504719734 3.202264860272408 1.137961566448212 0 0 0 0 0 0 0 0 0 0 0 0 0.7630587369203568 0 0 0 0.1700229495763779 0 0 0 0.3279807269573212 0 0.8450641185045242 0 0 0 0.3133637607097626 0 0 0 0 0 3.461805373430252 3.474887773394585 0 0 0 0.4637330323457718 0 1.494009613990784 0 0 0 0 0 0 0 0 0 0.1975027769804001 0 0 0 2.755769461393356 1.633193120360374 5.281383916735649 71.8339454010129 0.5901693403720856 3.309011779725552 1.647680342197418 86.71262566745281 1.558119744062424 1.195498406887054 1.090025320649147 0.4955784678459167 0.1791191697120667 0 0 7.795746475458145 0.369245707988739 0 0 0 0
1016.527731239796 5244.026555307209 174.237186409533 1730.540360212326 3996.534738011658 146.3922227472067 0 51.53267934173346 4762.853327028453 1363.203668437898 513.8553423956037 53.70482495427132 4058.901837334037 1165.367896348238 58.21662060916424 16.92249309271574 0.5178408399224281 1.253905855119228 0 0.4564421623945236 0.7591794207692146 0 0.1394441723823547 0.547816589474678 0.4162923023104668 5.183776341378689 0.662796787917614 1.310525827109814 5.424674414098263 2.212455131113529 159.413795761764 42.14307605475187 1.675544790923595 0.09649308025836945 0.3821417912840843 0.1203961819410324 4.842650160193443 1.331055581569672 0.9238106608390808 0.6427404582500458 0.4994104951620102 1.216434299945831 0 5.824820317327976 0.7127109542489052 0.8826971054077148 219.1838118061423 16.8529889434576 0.7197030708193779 2.840131253004074 2.436685517430305 1.651096396148205 0 4.661595351994038 16.51664596796036 78.069022603333 73.14902440458536 363.336070202291 40.23634202778339 184.5334963947535 1.531006723642349 3.070239961147308 0.2801906615495682 49.51468875259161 29.65668334066868 7.955504797399044 5.746324703097343 3.425524570047855 1.971129834651947 1.953433059155941 6.600326985120773 27.33390742540359 0 330.2786647379398 331.730685301125 290.0290952548385 114.4933908358216 14.29633154720068 1.03584948182106 5.697897456586361 2.404457047581673 4.306923650205135 97.75308250635862 2.437182545661926 16.95822404325008 25.79252392798662 12.11228433996439 0.7894919514656067 6.545018695294857 0.3416457325220108 0.6766457483172417 3.364535093307495 0.9275256916880608 0.9165490940213203 6.749576732516289 190.3644312769175 2.506423965096474 0 1.566551864147186 261.9684907346964 0.4997866451740265 3.141954481601715 4.075884133577347 5.393671169877052 0.7339586913585663 13.5975107550621 1.899458289146423 8.639817133545876 41.71080510318279 39.13988065719604 12.50009128451347 121.5068329498172 193.5011799484491 147.2938291803002 31.10760472714901 1.738188505172729 1.624598264694214 0 0.3808679431676865 0 0 0.2600437998771667 0 0 0 0 0 0.1622053980827332 0 0 0 0 0 0 0.8727694302797318 2.04888179898262 0 0 0.7924232482910156 38.90239876508713 1.735630691051483 15.01426971703768 4.377877123653889 0.7287825047969818 0 0.1552097648382187 0 1.311664417386055 0.6290608644485474 0.4045346677303314 0 1.290523380041122 6.254750058054924 0.6779700294137001 0.8427454829216003 0 0.4911587983369827 0.1352082192897797 0.1138081699609756 0.2465190887451172 0 0.3744097948074341 1.811371013522148 0.891343280673027 2.30331863462925 1.027085170149803 34.78835345804691 0.5109772682189941 1.459776014089584 0 0 0.1039625555276871 0.1245773136615753 0.1006917506456375 0 0 126.5102638676763 0.9088830351829529 0 0 0.1695858985185623 29.31810266524553 24.80539889633656 32.78578821569681 6.024218678474426 2.137776330113411 4.246944785118103 1.194317176938057 1.093685105443001 0 0 0 0 0 0.2745993435382843 0 0 59.56492727994919 29.98073171079159 48.32915819436312 1008.033430479467 160.9007990732789 1157.127637691796 302.3207617253065 608.7375101149082 221.9285209625959 11.04315800219774 309.7563427016139 28.94007274508476 1.006993249058723 15.7043526917696 1.451460339128971 41.11752471327782 1.356766566634178 0.3122899234294891 4.813904598355293 9.988442063331604 0
253.7822480946779 787.2306991070509 3505.846617676318 5.53744213283062 298.3515660241246 1.184284999966621 51.53267934173346 0 1790.137723624706 15.26476411521435 2673.125191047788 74.88260901719332 665.3831806704402 1250.495683133602 73.4527388587594 132.990746460855 4.654565922915936 2.116206862032413 0 3.894199185073376 4.764499709010124 0.2592854201793671 19.20328740775585 9.579813554883003 0.7974646687507629 1.504906237125397 4.840190142393112 1.659913145005703 1.341872863471508 0.9207972139120102 944.3536952212453 5558.274163678288 208.0391932278872 6.860026478767395 17.9910998493433 8.15587355941534 40.26899649947882 1.658582478761673 1.921968176960945 0 10.37850738316774 5.249137826263905 3.523699641227722 496.1274181678891 6.936110779643059 4.32481162250042 148.0538905337453 8.255234941840172 3.757205180823803 8.777309581637383 9.728248909115791 0.5581123232841492 0.4128715097904205 1.626009166240692 5.597793512046337 24.90480010211468 38.86766626685858 414.7475916668773 13.99533687531948 85.78399306535721 22.11381836235523 56.71521089226007 3.966321140527725 417.1490778028965 9.934419147670269 2.205211348831654 2.573798879981041 5.623709633946419 4.812862157821655 20.07634684443474 35.57807499170303 8.089515686035156 0 166.7635148316622 255.6253547742963 176.4190602749586 275.5776517316699 1453.486329488456 778.5168140977621 808.8401066809893 325.1258321627975 281.8997744098306 29.32887978851795 0.2665612027049065 6.394452109932899 8.023591235280037 12.65175259113312 0.09504518657922745 1.868668481707573 0.168333500623703 0.4949484169483185 0.7825842276215553 5.052692733705044 10.18372286111116 3.939743146300316 62.31626264750957 18.64871396124363 0 1.886337965726852 147.7676027417183 0 0 0 0 0 0.4988352954387665 0.2079322785139084 0.9813309460878372 0.8787582367658615 1.610377430915833 0.2543100118637085 4.015768468379974 8.44353175163269 6.787280336022377 1.780330508947372 0 0 0 0 0 0 0 0 0 0 1.334177404642105 0 0 0 0 0 0 0 0 0 0 0 0 0 2.162451513111591 0.1510752737522125 1.227081060409546 0.170813262462616 0 0 0.6956551447510719 0.1736634373664856 0 0 0 0 0 1.169574126601219 0 0.2383195012807846 0 0 1.269229471683502 0.2208856493234634 0 0 0 0 0 0 0.3521721810102463 3.789926692843437 0.1431932300329208 0 0 0 0 0 0.4816498756408691 0 0.1362912505865097 9.96363178640604 0.3859313726425171 0 0.3189302459359169 0.9087176471948624 2.207521021366119 0.8177286982536316 2.640253990888596 0 0.1767710447311401 0.7821002751588821 0.2984263598918915 0 0.4812121316790581 0 0 0 0.2334726676344872 0.4843997061252594 0 0.2554280757904053 2.292928531765938 2.523912504315376 6.63774998486042 326.7016337886453 59.74734269082546 469.4789668247104 105.6023359522223 66.27283677458763 60.59660261869431 2.7135925963521 125.4917974025011 5.033111594617367 0.6443040147423744 0.8634320646524429 0 1.303018003702164 0.6202195286750793 0 0.1829159706830978 5.778895229101181 0.8034185469150543
37.49247954785824 1203.620739765465 674.1144097149372 63.30132570117712 9671.542101569474 5.15270970761776 4762.853327028453 1790.137723624706 0 181.1829313263297 6920.764688670635 59.25688932836056 5506.310663975775 2366.238747186959 48.42119252681732 41.38841350376606 0.3349586501717567 0 0 0 0.5470804050564766 0 0.4999775364995003 0.1225782260298729 0.1078964844346046 2.41831836104393 0.6338075175881386 0.8226905912160873 3.748860664665699 0.4833170101046562 66.87075400352478 35.91596800833941 4.787626937031746 0 0 0.1142176315188408 3.310844376683235 0.656946174800396 0.0806894525885582 0.1566161662340164 0.3993835747241974 1.134792223572731 0.1226608380675316 6.012011282145977 0.1482003033161163 0 117.4346074536443 4.130662269890308 0.4550648853182793 0.4607408568263054 0.5749546512961388 0.6291768103837967 0 1.154534965753555 2.064792163670063 12.51438255608082 8.526653148233891 50.88048316538334 5.098761536180973 43.25743106007576 0.465607114136219 1.567521639168262 0.1008139029145241 14.80651839822531 6.291178375482559 1.263143539428711 1.385768100619316 1.23026630282402 0.4099298715591431 0.4957097247242928 1.42536960542202 10.10837000608444 0 51.12278278172016 58.48005703836679 118.0549845471978 73.864273019135 23.61264496296644 0.6845121830701828 5.038010708987713 1.352492623031139 2.955450914800167 15.4957210496068 0.08252070844173431 4.345491088926792 5.367795124650002 2.882791146636009 0.08736824989318848 1.457476697862148 0.1881215572357178 0.8651416078209877 1.03605405241251 0.3501167893409729 0.1415358781814575 1.835497938096523 122.4177916795015 0 0 0.6683526337146759 21.94188891351223 0.4537087827920914 3.104816973209381 1.716996967792511 2.451377764344215 0 7.681933492422104 1.958989575505257 1.911848470568657 21.59150636196136 19.41670753061771 7.030315488576889 62.469009578228 94.03935962915421 80.39186225831509 17.93450252711773 0 0.4808951914310455 0 0 0 0 0 0 0.1635976284742355 0 0 0 0 0.2357534170150757 0 0 0 0 0 1.529228165745735 1.32248492538929 0 0 0 18.76058621704578 0.404611736536026 6.915344327688217 1.049327775835991 1.057691484689713 0 0 0 0.2384876012802124 0.3793698698282242 0 0 0.8089912980794907 1.384437844157219 0.4531117230653763 0.6551352590322495 0 0 0 0 0 0 0.204373374581337 2.049912765622139 0 2.82049722969532 0.3159489929676056 13.47510797530413 0.5756705105304718 0.4671556055545807 0.448970191180706 0 0 0 0 0 0 59.10656654834747 0.1768362373113632 0 0 0 10.27295912057161 14.43406255543232 16.75150094926357 2.937439665198326 0.7297152280807495 2.66325481235981 0.6703345626592636 0.2820036709308624 0.1418129503726959 0 0 0 0.1046738848090172 0.2399092465639114 0 0.172435000538826 38.69409192353487 14.23242838680744 21.4026171118021 455.3694833740592 61.77822403609753 406.8368241488934 102.7375354841352 103.2519121617079 58.16954709589481 1.412647381424904 153.6302200183272 14.35694460570812 0.09956164658069611 5.797079019248486 0.8348395824432373 13.55029761791229 0.6591455042362213 0.2920590937137604 1.874864488840103 7.532794147729874 0.396268829703331
1815.983461156487 681.5429543480277 36.1901977583766 2703.7977065593 208.4749925509095 1454.479232162237 1363.203668437898 15.26476411521435 181.1829313263297 0 71.69276481121778 3254.079199559987 6326.244401030242 1063.951574586332 12.76104781776667 10.68744264543056 0.6343873590230942 0.1063594818115234 0.1088022217154503 0 0.1600433140993118 0.3800144791603088 0.7079199627041817 0.3940245285630226 0 0.3817304223775864 0.2379356622695923 0.789982333779335 0.7503746896982193 0.1461846977472305 17.60821334272623 1.600654669106007 2.510770201683044 0.2672813236713409 0.1560343354940414 0 4.410330444574356 0.679275169968605 1.829071745276451 0.1244665905833244 0.7160115838050842 0.113951750099659 0 1.052280843257904 0.1413812637329102 0 59.11415372788906 4.555982701480389 0.3227072358131409 1.046799950301647 0.2397101745009422 0.2702835649251938 0 1.239396750926971 6.816157765686512 34.1617866307497 99.26392861455679 244.9285849779844 34.55625801533461 69.76810614019632 0.6096690893173218 1.948242858052254 0 4.967743828892708 11.05132933706045 1.661208815872669 0.9204414561390877 0.3410354182124138 0.1043517366051674 0 22.1436673104763 49.48305940628052 0 181.0439399331808 110.4360604733229 64.50913138687611 16.85938092321157 3.405984580516815 0.8895664438605309 3.971403583884239 0.7447095587849617 1.764905676245689 32.95220483094454 0.5456106886267662 4.054800778627396 7.072223998606205 3.225480780005455 0.7117630392313004 1.889406211674213 0.568003311753273 0.1160201728343964 0.4411157220602036 0.3049922436475754 0.5329878702759743 1.012143865227699 977.2190456539392 8.654717221856117 0.2531771659851074 0.5699899792671204 1014.387141488492 0.5815365612506866 11.15818478167057 5.200286656618118 30.56899209320545 0.4683686941862106 22.69313535094261 8.940473005175591 13.90129721164703 119.5743344575167 77.39132441580296 13.94336245954037 181.0945866554976 310.6223947703838 224.5250032693148 33.19005559384823 2.134880006313324 0.3658343255519867 0.2140676230192184 0 0 0 0 0 0 0.1968029737472534 0 0 0 0 0 0 1.045175343751907 0 0 2.707807749509811 1.879438400268555 0 0.4640983641147614 0.4208361804485321 45.81867492198944 2.156878083944321 22.33865813910961 6.523031935095787 0.8627566546201706 0 0 0.1495714336633682 0.8371288180351257 0 0 0 2.945884019136429 6.654705598950386 0.3695824146270752 0.884883925318718 0 0 0.1696163415908813 0.2597337067127228 1.056666150689125 0 1.269822657108307 1.606086730957031 0.4591045826673508 1.908087387681007 2.255810469388962 33.75069607794285 0 1.045535624027252 0.502031221985817 0.1076625362038612 0 0 0 0 0.9894375205039978 106.4746134504676 5.455488041043282 0 0 0 37.44450864195824 23.03455176949501 41.67137250304222 6.142452329397202 4.554608508944511 10.78527937084436 0.1928713470697403 0 0.2308110445737839 0.0874701589345932 0 0 0.1107576563954353 0 0 0 77.93745651841164 27.09869886934757 44.62982177734375 712.887806199491 38.49695862084627 493.9785583391786 96.39085426181555 1908.701617360115 111.2263237610459 3.020044818520546 181.4748079702258 41.98810608685017 0.9104623943567276 22.41170228272676 1.739129319787025 66.4797807186842 4.790417745709419 0 7.927203342318535 3.157437965273857 0
587.8626307025552 2435.514072492719 3092.817276269197 63.32235227525234 1893.564007990062 4.289704829454422 513.8553423956037 2673.125191047788 6920.764688670635 71.69276481121778 0 161.9721347168088 3212.995671644807 7514.192113347352 115.2736682593822 184.3848112896085 4.411442488431931 0.1051762029528618 0.1443394422531128 0.2958850264549255 0.8303359299898148 0.2705576419830322 0.7828489542007446 0.9660112708806992 0.2962003648281097 2.393624879419804 0.9342310056090355 1.412338741123676 3.849173985421658 0.4924878031015396 695.8976820856333 905.0092660486698 1236.352996319532 0.1227454468607903 0.6102023124694824 0.4368093311786652 113.2150279507041 0.8977505341172218 0.2912394776940346 0 1.299332208931446 1.227474600076675 0 43.62834375351667 0.7385589629411697 0.5453726723790169 194.0357250347733 6.713727325201035 1.098635978996754 1.815270148217678 1.599220894277096 0.7379256039857864 0 2.188066519796848 4.826504252851009 25.73238579183817 30.7687363922596 235.8641862571239 10.20526829361916 90.38641282171011 1.249629884958267 112.2312991544604 0 74.39200256764889 10.44488485902548 2.454629987478256 3.101046189665794 1.78049336373806 1.532942347228527 1.984823495149612 55.74603428691626 8.344959333539009 0 135.6294756382704 136.5711937174201 227.3559078201652 178.2129463031888 97.70034091174603 23.54131350666285 50.8910486549139 2.794069841504097 124.8657777607441 37.50593422353268 0.6185179874300957 6.65004550665617 10.65884899348021 7.423585370182991 0 3.632542438805103 0.2126934081315994 0.7775137349963188 1.379061251878738 0.9963904470205307 1.489282883703709 5.037203975021839 90.23073998093605 8.402886673808098 0 0.5938426330685616 163.5312791839242 0.2204650491476059 0 0 0 0 0.6274001896381378 0.9105148911476135 0.346068874001503 3.785881340503693 2.306418374180794 1.476258262991905 11.5353864133358 21.01646135747433 13.38540735840797 2.746703922748566 0.1518208235502243 0.1466291546821594 0 0.1461512595415115 0 0 0 0 0 0 0.2356926649808884 0 0 0 0 0 0 0 0 0 1.100671917200089 0 0.2038192003965378 0.2413213104009628 4.100392669439316 0 1.504538923501968 1.106165081262589 0 0 0 0.103341206908226 0 0.2489554286003113 0 0 0.6637571454048157 0.4297670722007751 0 0.1261378079652786 0 0 0.292548269033432 0 0 0 0 0.3921906650066376 0.1354337781667709 0.3418024927377701 0.2326927334070206 2.906240798532963 0.299161970615387 0 0 0.2113405913114548 0 0 0 0 0 18.88651873916388 0.2321768254041672 0 0.1013376787304878 0.249941810965538 3.598822146654129 3.795758746564388 4.742053262889385 0.3585450723767281 0 0.6176282614469528 0 0 0.160815641283989 0.1784695088863373 0.1217539831995964 0 0.4320010617375374 0 0 0.1240966394543648 8.463330127298832 4.591977059841156 6.950455337762833 437.8069693222642 88.81938417255878 545.9443701505661 139.6193779855967 97.22996634244919 74.73384534567595 4.197970204055309 161.728533744812 4.410433456301689 0.4776880294084549 1.463273726403713 0.1928954422473907 2.931759610772133 0.4654900729656219 0.1718640625476837 1.183740273118019 8.908629983663559 0.2564651668071747
16.40222033113241 19.51347595453262 12.0035300552845 275.7773105576634 2.275515325367451 168.5479035526514 53.70482495427132 74.88260901719332 59.25688932836056 3254.079199559987 161.9721347168088 0 3607.439945913851 1275.843714766204 22.20504333078861 37.27561847865582 0.5060933530330658 0 0 0 0.1874186843633652 0.1368706822395325 0 0 0.5417972803115845 0.6262149214744568 0.1563767790794373 0.2710599601268768 0.5818849205970764 0 2.176305420696735 1.315185785293579 45.45485707372427 0 0 0 34.54158812761307 0 13.06948345899582 0.2831166982650757 0 0 0 5.906260251998901 0 0 29.37467984855175 0.2373576536774635 0 0.1135329753160477 0.2179996520280838 0.3216484636068344 1.138238430023193 0 0.5093317925930023 1.291203275322914 8.36321222037077 7.107429273426533 1.44565586745739 4.036661341786385 0.1087955310940742 37.84893290698528 0 0.5161912590265274 0.105039544403553 0.1091095358133316 0.1254032254219055 0 0 0.2588915303349495 139.7912798821926 34.74567550420761 0.5582532286643982 5.877158157527447 5.044118851423264 17.94660580903292 12.55206772685051 8.907617270946503 3.996285945177078 34.38248683512211 0.2486139610409737 32.61477810144424 0.8795848041772842 0 0.2157806232571602 0.2799037918448448 1.929105378687382 0 0.4513450860977173 0.1850615292787552 0 0.3871930092573166 0 0.6303406953811646 0.6851946711540222 2550.343906745315 6.382278129458427 0.8069598376750946 21.89963153004646 180.8836776912212 1.532827571034431 7.865025669336319 2.236218675971031 6.65093569457531 2.314692139625549 20.49936477839947 3.087395325303078 14.68318174779415 60.7678184658289 53.33470068871975 13.21842256188393 214.704567708075 299.3273474499583 229.1977440491319 41.14573197811842 1.122371084988117 0.7580997049808502 0 0.3993056416511536 0 0 0 0 0 0 0 0 0 0 0 0 0 0 0 2.464573159813881 3.03011018037796 0 0 0.2192777693271637 41.02492500841618 1.100121170282364 11.02257210761309 2.204484894871712 0.5369072258472443 0 0.1941370964050293 0.2527095153927803 0.1502115428447723 0 0.8671110868453979 0 3.47471521794796 6.912980392575264 0.5161041542887688 0.1622549295425415 0 0 0 0.1850132197141647 0.60045325756073 0.1777452379465103 1.216234147548676 1.207317680120468 1.001022785902023 2.613688185811043 0.5661072582006454 28.47790403664112 1.781221970915794 0.947408452630043 0.1428972631692886 0.36598090082407 0.2074637860059738 0.1738400459289551 0.2819833159446716 0 0.5367681682109833 109.06877309829 1.210507035255432 0 0 0.1892994791269302 33.08273507654667 17.54847860336304 27.99371238052845 7.22033716738224 2.133488707244396 6.913444750010967 0.242921769618988 0.5657839179039001 0.4966832175850868 0 0 0 0 0 0.1383808702230453 0.2475481331348419 98.02368198335171 25.39646448940039 28.51974625885487 282.3285821676254 11.58427110314369 119.8962155878544 18.9789892360568 260.7809839993715 7.84894485026598 0.1325675845146179 110.2633139267564 29.71948075294495 0.7046633362770081 19.78339168429375 1.164523884654045 49.58152891695499 1.530453100800514 0 7.863684937357903 1.941897079348564 0.1350050568580627
133.0575375631452 2257.210048660636 160.8780883774161 1363.222659885883 978.3481531515718 152.1871164739132 4058.901837334037 665.3831806704402 5506.310663975775 6326.244401030242 3212.995671644807 3607.439945913851 0 4694.468858122826 121.287751019001 226.1570931151509 8.29662162065506 0.7964582964777946 0 0.2390585318207741 0.6449735760688782 0.2482840865850449 0.140808567404747 0.9386002868413925 2.592864230275154 4.879985325038433 1.22933954000473 1.816151894629002 4.350632831454277 0.8261377885937691 36.43284406512976 28.60424492508173 855.7797958999872 0 1.215756453573704 5.547119975090027 243.4361360222101 87.1803842484951 42.95769334584475 7.944322183728218 2.118931360542774 2.862634137272835 0 22.24754102528095 0.2755301743745804 0.1404064893722534 197.5839215666056 6.425558917224407 1.388563670217991 1.442895613610744 1.825178891420364 2.637343339622021 5.940480396151543 4.396632872521877 3.028287447988987 14.78427005559206 16.87145063281059 59.36651496589184 7.457926861941814 47.20573105663061 7.443457871675491 1232.788105383515 1.874446772038937 13.10636650025845 6.199261330068111 1.811337381601334 2.709980040788651 2.056973405182362 1.421219646930695 2.061054855585098 378.9779660850763 216.2435420751572 0.3783256858587265 57.695745408535 59.23121001571417 141.4278186634183 103.4888125583529 54.73021615296602 71.1868552044034 589.5428067520261 28.00059720873833 754.6402912661433 25.17210709303617 0.7412514910101891 4.78022650629282 6.725039310753345 6.380886167287827 0.9781524464488029 2.200524091720581 0.6852240189909935 1.538271710276604 2.234777092933655 0.9377015009522438 3.929193638265133 5.589144587516785 3546.977659419179 45.99165967106819 4.49738372862339 65.68773374706507 203.4192242622375 1.66649205237627 10.53332023322582 6.296745643019676 9.980739504098892 2.823720708489418 35.73285120725632 8.64816726744175 24.57165144383907 107.1103123128414 87.6542753726244 32.53559851646423 355.033722832799 549.2809420228004 402.469021640718 77.90976799279451 4.273718625307083 0.4828146249055862 0.3414057642221451 0.663691371679306 0 0 0 0 0 0.111843466758728 0.4588878005743027 0.2766687870025635 0.8481435775756836 0.2982024848461151 0.4755344837903976 0 0 0 0.1286091655492783 3.226220093667507 6.9299296438694 0 1.557754591107368 0.5182474702596664 96.94496812671423 3.809243097901344 35.55396854132414 7.711115851998329 2.548509612679482 0.173039510846138 0.5436916798353195 0.8189489543437958 0.6134867966175079 2.166399613022804 0 0.1880588233470917 4.068720333278179 13.55253073573112 1.105004638433456 0.4299420863389969 0.2003769129514694 0.3587070405483246 0.7715586051344872 0.5765993893146515 2.811081632971764 0 1.427714541554451 2.819653764367104 0.9075970351696014 4.700721174478531 4.343082159757614 87.56245908886194 1.325340889394283 3.206935822963715 1.170796357095242 0.09587352722883224 0 1.09124393761158 0.1376962661743164 0.354118287563324 0.4228933975100517 349.927548199892 12.11332260072231 0 0 0.4043444991111755 73.99054380506277 60.29218070209026 89.71095868945122 8.389382675290108 5.6844152957201 7.571832358837128 1.413061007857323 1.123754397034645 0.6409768834710121 0.2351426631212234 0 0 0.2926182150840759 0 0.1300943493843079 0.5454606711864471 231.7326019853354 76.3595398068428 115.0596855133772 1220.146430909634 129.5834110379219 752.6853807866573 165.5646800547838 386.2285627946258 79.55754728615284 3.179771736264229 402.9594046100974 61.81369876116514 1.583611339330673 32.90154182910919 5.686979703605175 96.25314468890429 7.058425009250641 0.3702689707279205 11.00866676867008 14.86648365110159 0.3107064366340637
44.87724400311708 464.9919838905334 279.9843022674322 83.46255790442228 705.527429535985 48.70849055051804 1165.367896348238 1250.495683133602 2366.238747186959 1063.951574586332 7514.192113347352 1275.843714766204 4694.468858122826 0 162.0101327970624 294.6970834881067 5.453692115843296 1.089093588292599 0 0.2963253408670425 0.5298028439283371 0 0.4305650442838669 0.5396531447768211 0.1418977826833725 4.833918064832687 1.058044984936714 3.806464210152626 4.322142824530602 1.355090387165546 55.58876188844442 70.99105463176966 1280.935537055135 0 0 0.1843210905790329 348.9033829271793 0.5997704863548279 0.2475114166736603 0.8515686243772507 1.376847058534622 1.120009325444698 0.1677897572517395 50.05502824485302 0.2076073288917542 0.8705717325210571 228.1018580943346 6.114659868180752 1.238039597868919 2.187070481479168 2.282654896378517 0.9656170457601547 0 3.945879533886909 1.541207931935787 9.506135009229183 6.759043164551258 39.98119473457336 5.851243063807487 44.86660616844893 1.857943385839462 466.0388171300292 0.7222121581435204 11.7981618642807 4.60442627966404 2.137376457452774 2.799162216484547 3.344173245131969 1.213923126459122 1.281772181391716 108.3164405301213 58.35016147792339 0 39.48770153522491 45.01746229082346 163.3919035121799 149.0964265987277 90.45432562381029 13.0325021520257 336.7688682749867 5.874657176434994 561.4485706314445 17.58456043899059 0.09527052193880081 5.013684973120689 5.397218532860279 6.780015215277672 0.1473449915647507 3.298906356096268 0 1.222957409918308 1.883029349148273 1.399914890527725 1.486500859260559 8.438227653503418 1392.883721321821 16.76493129134178 0 2.429854854941368 71.52641148865223 0.1901283115148544 3.991963475942612 3.02233512699604 3.16247384250164 2.142490923404694 14.62475110590458 5.945187255740166 10.60306750237942 52.10284439474344 50.42122815549374 11.35678680241108 168.7300671041012 262.167425468564 194.4865339025855 39.56477633118629 1.361282713711262 1.050148032605648 0.3021949827671051 0.3167682588100433 0 0 0 0 0 0 0 0 0 0 0.3670137524604797 0 0 0 0 3.688424572348595 3.908544063568115 0 0.335760235786438 0.2878398299217224 42.22984109073877 2.817204803228378 14.07947826385498 4.804855093359947 1.322653114795685 0 0.730045422911644 0.1348194777965546 0 1.096205562353134 0.1932875514030457 0 3.679765731096268 5.958340883255005 0.1468979120254517 0.3122427463531494 0 0 0.2795768827199936 0 0.4180837795138359 0 0.3896284475922585 3.481510117650032 0.2807570993900299 2.779204055666924 1.730606272816658 29.70638442784548 1.788598507642746 0.677031509578228 0.4157295823097229 0.1143516451120377 0.4472474604845047 0 0 0 0 154.2589228898287 2.167113184928894 0 0 0.9622811824083328 33.34023208916187 27.18364848941565 31.05573996901512 6.004730597138405 1.774490848183632 3.986273296177387 0.5918680876493454 0.9675599038600922 0.5201482325792313 0 0 0 0.5164327472448349 0 0 0.1665501594543457 112.9499091655016 27.87755983322859 39.45970889180899 1086.438772708178 123.175888903439 743.0644709318876 162.441854968667 189.9404626488686 68.31301950663328 2.696418024599552 375.9290371015668 35.76705266535282 2.036768361926079 16.15098969638348 1.07376891374588 44.31308716535568 1.659847527742386 0 6.230731710791588 13.68119306117296 0.4074076265096664
