0 4182.893485158682 374.0888886675239 1190.700165256858 202.1388114839792 154.3106294125319 773.9616338834167 69.12124458700418 18.40782441943884 1355.624289870262 65.24548123031855 32.07047758996487 61.19150124490261 17.15641562640667 3.542037822306156 0.6134336218237877 0.2550181895494461 0 0 0 0 0 0 0 0.1765774488449097 0 0 0 0 0 645.9934961348772 2.012619316577911 3.035365298390388 0 0.1348205357789993 0.1733283996582031 3.196253165602684 0.7462380826473236 0.6230038106441498 0 0 0 0.1302693486213684 0 0.1372082382440567 0.1548501998186111 46.11735221743584 2.161938972771168 0.1056951358914375 0 0.09856882691383362 2.549485370516777 0 0.08350356668233871 3.551960676908493 4.487329460680485 48.22784328460693 1088.1280252859 4.640258982777596 38.60489066690207 0.08577422052621841 0.1152616590261459 0.3250196576118469 37.56914230436087 9.510932981967926 2.158604353666306 0.7179630100727081 0.4020597115159035 0 0.07883065938949585 20.4523551017046 44.75642378628254 2.721841856837273 265.6177799627185 124.2789360284805 42.93631917983294 19.75533621013165 1.419834531843662 0.5366809815168381 33.36781741678715 1.2072674036026 1.31597625464201 8.758474111557007 0 0.4055204391479492 4.474560841917992 0.4311968833208084 0.7232348322868347 0.2339101433753967 1.015454575419426 0.5650634765625 0 0.2750890627503395 0 0.1325350850820541 164.7328252196312 155.461748406291 2.897287547588348 4.644536942243576 1385.33467592299 0.1066406741738319 0 1.218784809112549 0 0.102370448410511 0.6267271786928177 0.4594623446464539 0 22.54234617948532 3.250847980380058 0 0 1.097926288843155 0.1679484099149704 0.590442955493927 0 0 0.1139116808772087 0 0 0 0 0 0 0 0 0 0 0 0 0.1043862327933311 0 0 0 0 0 0 0 0 0 0 0.1487670391798019 0.2203636914491653 0 0 0.1269369870424271 0 0 0 0 0 0 0 0 0 0 0 0 0 0 0 0 0 0 0 0 0.9574489146471024 0 0 0 0 0 0 0 0 0 0 0.4062895327806473 0 0 0 0.1220056787133217 0 0.5457105040550232 0.5047507062554359 0.1192352697253227 0 0 0 0 0 0 0 0 0 0 0 1.121531873941422 0 0.1771447658538818 18.10618554055691 9.687347143888474 84.79387610405684 22.49446139484644 343.9870289117098 20.81098499894142 3.570399194955826 2.439622193574905 2.756215520203114 0 0.7819630280137062 3.159335754811764 1.883400201797485 0.4969666600227356 0 0.136588454246521 0.6656351387500763 0
4182.893485158682 0 1923.243435353041 1627.749726042151 2452.857916817069 586.633070141077 2379.067347444594 252.1057363301516 925.913349494338 929.821930244565 1036.934881649911 67.19277683645487 537.3157302588224 1173.571405850351 34.93730738013983 6.882303573191166 0.925864614546299 0.1192295923829079 0.2227236181497574 0.4632102847099304 0.2159693390130997 0 0.1432954370975494 0.4274530187249184 0.571989893913269 0 0.2693316042423248 0.2552587538957596 0.1229870244860649 0.09916500002145767 2684.881375834346 32.76620830595493 11.83583565056324 0.3140245005488396 0 3.217248566448689 3.700681559741497 1.8555011972785 0.2494949251413345 2.129551619291306 0 0 0.2566866427659988 0.9039069190621376 0 0.4837737753987312 277.6837180480361 7.159420624375343 0.9008331745862961 0.164538785815239 4.237265653908253 0.08616158366203308 0.3461846113204956 0.2414247989654541 9.56350264698267 16.39800415188074 28.16125059127808 784.5581080913544 14.23356536775827 176.8081241473556 1.867928236722946 2.112963072955608 1.796509839594364 378.0491314530373 31.58660096675158 6.356711409986019 4.746927700936794 2.790318600833416 0.6856745257973671 0.8340142071247101 14.45825359225273 0.6198742091655731 0.1898152083158493 475.7144011557102 413.9757566899061 267.2260337099433 274.860041461885 13.35805320739746 4.889775820076466 361.9574049264193 1.870174318552017 6.68348890542984 25.29038849473 0 1.515988454222679 15.03816034644842 2.725173830986023 0 1.654914163053036 0.280303880572319 0.2872936725616455 0.1554995179176331 1.360647492110729 0.477917417883873 0.1322622001171112 198.0834695398808 3.549190983176231 0.4359216392040253 0.9388267397880554 1170.5869827196 0.5406575873494148 0 2.944660291075706 0.2531242072582245 0.9164333194494247 4.684942305088043 2.091292485594749 5.203704863786697 98.32724352926016 6.868456706404686 1.071524456143379 6.715582720935345 7.789412654936314 2.340547628700733 4.902312397956848 0 0 0 0 0 0 0 0 0 0 0.1221517026424408 0 0 0 0 0 0 0 0 0.7319909632205963 1.304610177874565 0 0 0 1.369156502187252 0.952882394194603 1.93643906712532 0.3222180679440498 0 0.1804444044828415 0.3185468465089798 0.1582227647304535 0 0 0 0 0 0 0 0 0 0 0.120189756155014 0 0 0 0.525423988699913 0 0 0.1201004460453987 0.2280006036162376 7.146315410733223 0.2225717306137085 0 0 0 0 0 0.2299039214849472 0 0 1.92695827037096 0.7673243880271912 0 0 0 1.926184698939323 0.4288141131401062 1.337179526686668 1.088808037340641 0.6789308935403824 0 0.3641915321350098 0 0 0 0 0 0 0 0 0 6.024684354662895 0.4094962775707245 0.5845817029476166 54.85064112395048 50.31496857851744 358.9702020585537 63.09220285713673 422.4311142042279 67.31769639253616 5.505375698208809 32.01454965770245 7.874028004705906 0.09787630289793015 2.952259957790375 5.288688242435455 3.160717085003853 1.274654306471348 0 0.2750594168901443 1.195369139313698 0.1248270571231842
374.0888886675239 1923.243435353041 0 6.345328286290169 734.1194910034537 14.91351410746574 181.6669821515679 2791.459931619465 429.7732441723347 25.68418677151203 2677.365311719477 3.750265821814537 102.1459270641208 628.2225941643119 31.00548110902309 29.64324958622456 28.05078745633364 19.2825343683362 3.122344002127647 68.28075807541609 31.96491257101297 0 19.15408220887184 12.54686358571053 5.835086919367313 1.787684574723244 1.458055794239044 3.135736547410488 0.7890114411711693 0 4798.092260278761 163.1698662936687 11.9544480368495 44.37457303702831 39.29084875434637 21.72077038884163 39.41546787321568 32.97714602947235 0.1203639432787895 2.396621771156788 14.92078299820423 7.836345501244068 28.35330425202847 6.883673295378685 18.33055771142244 103.3849484100938 106.5890350565314 9.145698793232441 18.64276493340731 13.70263607800007 70.24175176024437 2.595292888581753 0 4.994774051010609 3.27962077409029 4.562577649950981 22.43554869294167 1231.75489693135 4.706263303756714 63.01018659025431 162.9885345101357 205.8847859278321 110.8532314524055 483.5232383906841 13.4803389981389 17.66921153664589 45.83080821484327 113.6163074672222 41.31112463772297 116.6228414103389 1.19636307656765 2.470781750977039 0.1252759397029877 284.4469562992454 230.8697376027703 99.13413371890783 111.9957451373339 26.01831710338593 674.406038492918 1941.16096252203 124.4358467459679 1164.047359198332 10.85503562539816 0.239760622382164 2.529452882707119 6.115407593548298 14.00991179794073 0.1225510910153389 2.920332446694374 1.435690768063068 1.347330369055271 1.207710310816765 83.85131526738405 6.323974385857582 3.304743938148022 11.67938596010208 1.675695911049843 0 0.2674684599041939 982.4412256330252 0 0.34401535987854 0.1174725368618965 0 0.7585685849189758 2.670774906873703 0.4299315810203552 1.499040022492409 1.37103121727705 0.4970653057098389 0.1498157531023026 2.226145058870316 1.650073744356632 1.537103421986103 3.984794966876507 0.1111936867237091 0.09269647300243378 0 0 0 0 0 0.1383356750011444 0 0 0.6093931123614311 0 0.1620366275310516 0.1498987078666687 0.2398598343133926 0.1172451674938202 0.4024591892957687 0.5684653073549271 0 0.1159471198916435 0.737180233001709 0 0.2258424386382103 0.4149575382471085 2.21013143658638 1.92174906283617 4.465316101908684 1.320835180580616 0.3559187278151512 0.4940690621733665 1.721582338213921 0.1129273623228073 0 0 0.3629041910171509 0 0 0 0 0.4025734588503838 0.2557542100548744 0.0926872119307518 3.742425754666328 0 0 0 0.09296057373285294 0.1358410120010376 0 0.6125141382217407 0.5643371716141701 7.485720977187157 0 0 0 0 0.2295392975211143 0 0 0 1.59905131906271 3.021328546106815 1.126784853637218 0.289810337126255 0 0.8802211135625839 0.4016548693180084 0.4371017292141914 2.176877848803997 0.8608938306570053 0 0.6109123378992081 0.1080160439014435 0 0 0 0 0 0 0 0.136941596865654 0.1430684328079224 1.690621331334114 1.659225836396217 2.560178682208061 90.50490459054708 33.95731683820486 213.6165718659759 42.73972290754318 49.01715011149645 29.04944752156734 1.744535945355892 37.89750230312347 2.304415732622147 0.4027139544487 2.068078905344009 2.937913835048676 4.139713898301125 0.664600670337677 0 0 4.835340343415737 0.2212807536125183
1190.700165256858 1627.749726042151 6.345328286290169 0 200.4089957028627 769.7766208797693 1217.866516947746 0 48.16726398468018 2122.519351884723 0 171.9820052534342 1140.162930116057 11.62266878783703 1.717063084244728 0.1229276955127716 0.1151343882083893 0 0 0 0 0 0 0 0 0 0 0 0 0 21.06797254085541 1.136976927518845 1.393442094326019 0 0 0 0.8776337802410126 0 0 0 0 0 0 0.2147805243730545 0 0 18.351019769907 0 0 0 0.1225353255867958 0 0 0 0.6627505421638489 1.065071411430836 3.371105588972569 65.95043200999498 0.5448008924722672 7.418972067534924 0 0.2876032292842865 0 18.35289584845304 2.146520934998989 0.3079326301813126 0.6873573288321495 0.1207472532987595 0.2565105855464935 0 30.18647789955139 0 0 34.83881372958422 23.06016924977303 11.87259660661221 13.26745183765888 0.3581480979919434 0 0.4202725887298584 0.1808448731899261 0 2.29072243720293 0 0 0.5229553505778313 0 0 0 0 0 0 0 0 0 135.0837437957525 8.935247674584389 0 0 60.59262455999851 0 0 0.2986262440681458 0 0.8135412931442261 2.479250639677048 2.114144772291183 1.106007382273674 38.98219683766365 2.87716968357563 0 3.801452726125717 1.843696191906929 1.185063779354095 1.48036327958107 0 0 0 0 0 0 0 0 0 0 0 0 0 0 0 0 0 0 0 0 0.2675780057907104 0 0 0 0.1556285619735718 0.1965077519416809 0.5096378326416016 0 0 0 0 0 0 0 0 0 0 0 0 0 0 0 0 0 0 0.1363620758056641 0 0 0 0 0 1.828928843140602 0 0 0 0 0 0 0 0 0 0.9756161272525787 0 0 0 0 0.6897660493850708 0.1327233910560608 1.412574037909508 0.1258527487516403 0 0 0 0 0 0 0 0 0 0 0 0 2.211917206645012 0 0 6.141454383730888 3.166799329221249 29.0229904577136 4.949457682669163 169.4596097618341 6.11328087747097 1.046482913196087 3.69315442442894 0.3253427296876907 0 0.1343679875135422 0.4937167167663574 1.344045847654343 0 0 0.4399391114711761 0 0
202.1388114839792 2452.857916817069 734.1194910034537 200.4089957028627 0 63.28742469102144 1791.962434373796 100.1757863461971 5118.894168272614 677.5399119108915 1168.919638946652 77.52261965721846 1525.448786064982 1151.788367316127 39.40879894793034 5.718669079244137 0.5418833270668983 0.221161775290966 0 0 0.1050131246447563 0 0.1116492971777916 0.1097502782940865 0.125136524438858 0.1375717222690582 0.1157403215765953 0.6523699462413788 0 0.1879337728023529 405.2000490501523 40.25413417816162 32.32001569122076 0 0.1917990446090698 0.6768274828791618 10.89191021770239 0.8691385984420776 0.3380475640296936 1.157293789088726 0.2450538203120232 0 0 1.364888057112694 0.2747830972075462 0.09557470679283142 250.9603043347597 4.125434875488281 0.1501985788345337 0.130107045173645 1.888126127421856 0 0 0.1029663607478142 5.066679194569588 9.419365055859089 9.160233311355114 240.4555698335171 9.073287971317768 112.3053571730852 1.175177611410618 4.468695804476738 0.807218573987484 256.4317932501435 19.42027308046818 3.726420260965824 4.1156365275383 2.174310728907585 0 0.09181105345487595 35.06699705868959 4.983992427587509 0 191.1622209399939 159.8604433760047 206.9947020933032 241.675404407084 12.16110324859619 1.88892512768507 79.16340533643961 0.4153587967157364 3.968746162950993 11.65931655466557 0.2007777094841003 1.815601885318756 10.02954077720642 1.951945520937443 0.2122142761945724 1.667381122708321 0.128767192363739 0.2401992157101631 0 0.2194815576076508 0.2642611116170883 0.3916520327329636 153.5762606561184 4.842542663216591 0 0 44.06538277864456 0.1180126890540123 0.7854545712471008 4.243266180157661 0 4.305219441652298 21.6323926448822 7.32457135617733 19.83867348730564 36.73640285432339 23.51020560413599 3.289221473038197 36.51556764543056 35.82335527986288 23.66852788627148 32.12379457056522 0.1553974747657776 0.1268221586942673 0 0 0 0 0 0 0 0 0 0 0 0 0 0 0 0 0 2.087374523282051 1.463584706187248 0 0 0 3.725409515202045 1.348911136388779 6.240157410502434 0.9388698488473892 0.3168761730194092 0 0 0 0 0 0 0 1.449832454323769 0.5958999767899513 0 0 0 0 0 0 0 0 0.2341916561126709 0.9339757263660431 0 0 0 28.18750613927841 0.1436053514480591 0 0.3520406633615494 0 0 0 0.2130805104970932 0 0 21.53645852953196 0.3517541438341141 0 0 0 10.95481929183006 0.5148424506187439 5.327182628214359 1.450033739209175 0.5955839902162552 0.4059998244047165 0 1.027937933802605 0.1506818383932114 0 0 0 0 0 0 0 36.12044679373503 2.145177312195301 0.9561813026666641 75.05580229312181 42.52917782962322 356.1337605118752 42.03641042113304 84.82153122127056 76.92914916574955 4.124241270124912 46.46940300613642 11.55602049082518 0.3396212756633759 3.870244145393372 2.763986021280289 8.899734236299992 0.6786607354879379 0 1.096490293741226 1.774800717830658 0.3776435256004333
154.3106294125319 586.633070141077 14.91351410746574 769.7766208797693 63.28742469102144 0 367.7721532061696 1.408032149076462 50.27116982638836 1354.853683128953 2.310065433382988 196.7141992300749 161.2279367595911 42.43353115022182 0.5448183119297028 0.4637179896235466 0 0 0 0 0 0.3456883281469345 0 0 0.9325738847255707 0 0 0 0 0 29.14376364648342 0.1655115485191345 8.439105451107025 0 0 0.2142272442579269 31.40486298501492 1.529689505696297 10.71122096478939 1.353561997413635 0 0 0 0 0 0 4.595114216208458 0.5423199161887169 0 0 0 23.51130592823029 2.253211930394173 0 0.1294416487216949 0.3575495481491089 179.0634764581919 56.71168273687363 0 3.075628638267517 0 0.5829511433839798 0 1.34751969575882 0.5696592852473259 0.2657583355903625 1.055569358170033 0 0 0 224.7692423015833 255.9202098846436 18.19981893897057 8.379239603877068 10.92628319561481 2.738002739846706 1.492935746908188 0.1130841970443726 0 2.77001928538084 0 0 0.3046575039625168 0.4561347812414169 0 1.315381310880184 0 9.899200737476349 1.543386898934841 27.89357925206423 0.872553713619709 0.9311460182070732 0.1381073445081711 0.1378844231367111 1.122352123260498 283.413577452302 176.1751298308372 12.15908928215504 52.51686833798885 609.1989489346743 0 0 0 0 0 0.2929904460906982 0 0.1648844927549362 8.780797213315964 1.838082820177078 0 0.1239183470606804 0.5859641432762146 0.1426182091236115 0.5746210515499115 0 0 0.1270195990800858 0 0 0 0 0 0 0 0 0 0 0 0 0 0 0 0 0 0 0 0 0 0 0.4579899460077286 0.2104440331459045 0 0 0 0 0 0 0 0 0 0 0 0 0 0 0 0 0 0 0 0 0 0 0 0 0.3136163204908371 0 0 0 0 0 0 0 0 0 0.1684825420379639 0 0 0 0 0.1535896062850952 0 0.7030679285526276 0.2786524295806885 0.2664958536624908 1.011709779500961 0 0 0 0 0 0 0 0 0 0 0.5084057301282883 0.3160508126020432 0.137117013335228 2.00123205780983 1.771529041230679 5.594438910484314 1.639807924628258 277.20799921453 1.302574582397938 0.5573672354221344 0.2464009970426559 12.45924282073975 0 0.272206038236618 0.09668052941560745 0 0 0 0 0 0
773.9616338834167 2379.067347444594 181.6669821515679 1217.866516947746 1791.962434373796 367.7721532061696 0 65.62454360723495 1344.142363257706 3400.008644588292 253.9763525277376 663.3989108651876 6179.11623237282 208.5889229625463 46.85436751693487 5.78099425137043 0.2943315058946609 0 0 0 0 0 0.3942837119102478 0.1227400600910187 0.7247661799192429 0.7354770973324776 0.4040608704090118 0.8383044674992561 0 0.1137988269329071 209.4502081349492 24.48435559868813 30.22704760730267 0.1626195758581161 0.2401629984378815 0.656025692820549 11.1092517003417 0.6148157119750977 1.012017413973808 0.3832840695977211 0.4859091714024544 0.1207949370145798 0 1.300029598176479 0.1318497508764267 0.3889516741037369 241.1760896295309 4.046383805572987 0.672476664185524 0 1.947311714291573 0 0.1265785396099091 0.2750821188092232 6.280736587941647 8.556347280740738 11.0656241029501 237.7016435712576 11.51182224601507 104.3542265817523 0.3014748245477676 5.896125935018063 0.4376771077513695 212.3464248180389 18.61752942204475 4.441338919103146 5.41082976013422 1.733815312385559 0.3474464192986488 0.2419584393501282 142.1344824507833 2.914148062467575 0 220.6541194692254 170.1417253017426 199.5881702154875 217.362088508904 13.17444404959679 0.4367155060172081 37.31464283913374 0.09436175227165222 1.735670067369938 14.80615114420652 0.1110370978713036 1.300870344042778 8.614612475037575 1.982001610100269 0.1073232144117355 1.242681033909321 0 0.2144913077354431 0 0.839750312268734 0.6013237908482552 0.3899539858102798 698.3074806407094 40.2119922041893 0 0.3883073925971985 74.0856286585331 0 0.5401147603988647 9.524666607379913 1.478795170783997 8.659060396254063 62.56979369372129 13.98717053234577 57.97896434366703 81.97074031829834 60.22547472268343 3.057652004063129 109.0589044839144 71.71989512443542 43.03879418224096 57.45403056591749 0.3532327115535736 0.1106423288583755 0.3431925177574158 0.1156006082892418 0 0 0 0 0 0 0 0 0 0.6011697053909302 0.1708242297172546 0.2530911266803741 0 0 0 4.88628426939249 5.471005208790302 0 0 0.1100924238562584 6.295234985649586 4.053481444716454 10.79910665750504 0.1252720057964325 0.2299562692642212 0 0 0 0.4652661085128784 0 0 0 1.08379140496254 1.551595494151115 0 0 0 0 0 0 0 0.1468211561441422 0.5304795727133751 1.059036090970039 0 0.1189999803900719 0 50.7200843244791 0.6893709301948547 0.1324232667684555 0.1252403110265732 0 0 0 0.1400794833898544 0.206621527671814 0 34.01865578442812 0.1450253278017044 0 0 0.1542652249336243 16.83557945489883 2.058051593601704 6.319275572896004 1.348084717988968 1.910542137920856 1.513858862221241 0 0.8799717947840691 0 0 0 0 0 0 0 0 86.87004186958075 3.275423899292946 1.170719176530838 86.9109613224864 42.50336715579033 371.2280002608895 49.40443151444197 244.5505554303527 81.0550891533494 5.238773584365845 67.92159280180931 16.27900037169456 0.5880741626024246 3.763010054826736 5.005414053797722 31.92435568571091 1.609996274113655 0.228518933057785 2.495649084448814 2.336113162338734 0.1478903442621231
69.12124458700418 252.1057363301516 2791.459931619465 0 100.1757863461971 1.408032149076462 65.62454360723495 0 535.0833654031157 15.36945936828852 2670.711672671139 19.12688425183296 268.0243611186743 620.4840184524655 28.97531966865063 26.14040352404118 44.32833687216043 36.04789484292269 15.86716889590025 98.19160662591457 36.65925296396017 0.3003898933529854 7.952372580766678 5.879667408764362 1.610993102192879 0.6710561364889145 2.606814473867416 4.214345678687096 0.4343585595488548 0.133055105805397 1182.909666091204 1338.586989618838 15.00626437366009 55.31919325143099 23.92894681543112 17.47635018825531 50.57818543165922 60.86049707233906 0.8385044261813164 1.839893274009228 16.71004164963961 8.468933746218681 44.02024568617344 65.92369385063648 67.83156903088093 219.3633406758308 86.75478753447533 25.14507695287466 34.39340127259493 30.52313765883446 83.06898694485426 1.369564563035965 0.1259897649288177 7.081420168280602 1.738179355859756 2.731946177780628 9.622206561267376 332.3888204023242 2.506712570786476 35.81572719663382 333.3807249218225 409.4936207607388 104.3664059564471 287.4797424152493 7.269642867147923 34.12592642009258 62.9211368560791 162.2027977630496 63.03406018018723 155.1456729024649 5.438548400998116 3.634004831314087 0 107.8907870650291 122.9986478239298 75.14436528086662 195.8295656070113 186.1316962614655 1215.36870059371 2590.896883666515 695.021131940186 3521.547642186284 4.834335818886757 0 2.958323635160923 5.474521026015282 33.37227667868137 0 2.961087204515934 1.025100246071815 1.706406734883785 1.94350828230381 67.31913117319345 4.197984524071217 4.689639903604984 1.287562243640423 1.842778921127319 0 0.6590988039970398 122.6280557066202 0 0 0 0 0 0.1220072060823441 0 0.1611153483390808 1.201807826757431 0.363145038485527 0 1.105141632258892 1.285632260143757 1.066051721572876 1.325408980250359 0.1027590855956078 0 0 0.1484071463346481 0 0 0.1671064645051956 0.1909141838550568 0 0.3324884921312332 0.2609568014740944 0.1843540966510773 0.1185826435685158 0.5644793957471848 0 0 0 1.166482917964458 0.2051300406455994 0.3085876107215881 0.5816217362880707 0 0.3401241078972816 0.8606733977794647 0.9320957958698273 1.406924724578857 1.949409790337086 0.508330449461937 0.8467866778373718 0.1421014666557312 1.319655947387218 0.2687069997191429 0.4658537581562996 0 0 0.1043758988380432 0 0 0 0 1.028130069375038 0.1063062995672226 2.127650655806065 0 0 0 0 0 0 0.6066457703709602 0.2630141079425812 2.29446479678154 0.4229135885834694 0 0 0 0 0.1285553127527237 0.4947856143116951 0 0.4068664312362671 1.446954160928726 1.006883949041367 0 0 0.8445854634046555 1.050768747925758 0.5608522966504097 1.20422188192606 0.713663287460804 0 0 0.3691625371575356 0 0.1307582706212997 0 0 0 0.1078727319836617 0.517599031329155 0 0 1.473538659512997 0.5168467164039612 1.420027568936348 79.02910350263119 28.2704158872366 178.3885109201074 28.31847817450762 16.63851786404848 15.81046207249165 0.8006971031427383 27.97640325129032 1.638785377144814 0.2552370131015778 0.9547670036554337 0.2118101194500923 1.259220793843269 0.1222865656018257 0 0.2041479647159576 3.461186416447163 0.6412682980298996
18.40782441943884 925.913349494338 429.7732441723347 48.16726398468018 5118.894168272614 50.27116982638836 1344.142363257706 535.0833654031157 0 623.6846612989902 2735.777103066444 104.176032923162 1385.442992813885 815.6560570597649 58.44927196204662 19.29857447743416 0.6068424135446548 0.2934641093015671 0 0.2795462310314178 0.3508659154176712 0 0 0.1527087837457657 2.163786619901657 0.9699000790715218 0.2067390084266663 0.09621169418096542 0.1153896376490593 0.1123763173818588 131.3975348547101 30.19845893234015 59.5804847702384 0.6865393668413162 0.1342898011207581 2.707307897508144 16.67551954090595 0.6777698397636414 0.2773994952440262 2.425246983766556 0.4155902117490768 0.7651401460170746 0.1223676204681396 3.404409490525723 0.09959251433610916 0.4235984683036804 242.6755223572254 2.508199118077755 0.8030770421028137 0.1057314649224281 4.020006343722343 0.1593388468027115 0.1158912032842636 0 3.63290898501873 5.645018845796585 8.080632023513317 104.540685608983 6.104579716920853 64.36239346861839 0.66667590290308 3.607680127024651 0.707130454480648 145.9498418048024 10.86580669879913 2.142783477902412 2.976127535104752 1.284677989780903 0 0.8509787246584892 55.14721213281155 3.357137501239777 0 119.9485707953572 86.44120532274246 176.2294394299388 253.8141395002604 30.84243547171354 0.4309557899832726 141.2882357984781 1.29999652504921 3.490473717451096 8.722896680235863 0.2565380111336708 0.796956479549408 5.521540313959122 1.044035561382771 0 1.10584083199501 0.4869904518127441 0.2948487177491188 0.5513174012303352 2.933150500059128 1.312667548656464 0.9319574907422066 508.0691337734461 3.768339484930038 0 0.4199203848838806 8.558244161307812 2.486543118953705 1.065386459231377 17.19842352718115 1.234901621937752 13.62635756283998 86.18114198744297 19.70775318145752 79.30568841844797 109.3894511982799 75.07855096459389 10.87434323877096 149.4289282411337 101.4010494574904 60.2942540794611 96.19234390556812 0.08097866922616959 0.476834625005722 0 0 0 0 0 0 0 0 0.1110356450080872 0 0.1755473613739014 0.5436991155147552 0.1657600700855255 0.09447994083166122 0 0 0 7.203550957143307 10.24196670204401 0 0 0 8.555628478527069 5.449467152357101 20.91502869129181 0.3738502785563469 0.6037594974040985 0 0.3757585659623146 0.1255707740783691 0 0.397126317024231 0.2164416611194611 0 0.7631982713937759 1.894894421100616 0 0.1597514003515244 0 0 0.3803535327315331 0 0 0 0.1256743222475052 1.245178557932377 0 0.1874425262212753 0 79.82113377004862 3.143195390701294 0.2796700522303581 0.4216102883219719 0 0 0 0 0 0.5464902222156525 52.33299148082733 1.820985704660416 0 0 0 23.92540498077869 3.138474315404892 13.12489858269691 2.626387797296047 1.658270388841629 2.10981759428978 0.5652377605438232 2.093753956258297 0 0 0 0 0 0 0.2062452137470245 0.139306828379631 109.6181101500988 4.729778401553631 2.801566570997238 123.1349945366383 37.1240694001317 372.0507283806801 48.45811926573515 66.29225100576878 78.73482830822468 3.970622532069683 103.1451152861118 25.38379222899675 0.3185000568628311 6.34704677760601 4.565147370100021 44.0894967392087 0.8743295222520828 0 2.185719326138496 3.593831814825535 0.3027509897947311
1355.624289870262 929.821930244565 25.68418677151203 2122.519351884723 677.5399119108915 1354.853683128953 3400.008644588292 15.36945936828852 623.6846612989902 0 117.8784571290016 943.1755822896957 6406.647070854902 233.6154717952013 18.62422155588865 3.765439487993717 0.359544962644577 0 0 0 0.1454460471868515 0 0 0 0.2855948805809021 0 0 0 0 0 32.96839608997107 3.289833962917328 41.27054236829281 0 0 0.2152422368526459 18.3303110897541 1.938822492957115 0 0 0 0 0 0.7469850033521652 0 0 100.6102288961411 0.9109678417444229 0 0 0.2729470953345299 0 0 0 1.978259988129139 2.019659340381622 7.966381967067719 104.3241357803345 3.121474884450436 26.37124622613192 0 3.422910660505295 0 53.39657084643841 6.806598834693432 1.304573744535446 0.4142620339989662 0.471026748418808 0.347205713391304 0 2725.252333313227 12.30446112155914 0 88.14208768308163 53.57014530897141 51.67537084966898 57.66153378039598 4.908405221998692 0 26.56751994788647 0 0.5069729089736938 5.287496626377106 0 0.112544909119606 3.539468683302402 0.7858201265335083 0 0.2339756637811661 0 0 0 0.1793812215328217 0.1058899238705635 0 1635.463090002537 233.6254042387009 0 1.768710672855377 252.9944530129433 1.581897482275963 0.4906749725341797 11.32766754925251 0.1671942919492722 8.929441586136818 73.0446869507432 26.22813525795937 59.34821107983589 128.0897814109921 75.26281256973743 5.189187198877335 103.0369616523385 69.91598852723837 51.03767591714859 61.12646098434925 0.4686646908521652 0 0 0.1800116300582886 0 0 0 0 0 0 0 0 0 0 0.1721749007701874 0 0 0 0 1.942079693078995 6.62710052728653 0 0 0 5.964540123939514 1.362192630767822 10.94301828742027 0 0 0.4744367599487305 0 0 0 0 0 0 1.757948219776154 2.462641477584839 0 0 0 0 0 0 0 0.08657386898994446 0 1.528051443397999 0 0 0 45.90476757287979 0.540518045425415 0.3740818500518799 0.7464829757809639 0 0 0 0 0 0 28.32441966980696 0.43511101603508 0 0 0.1234398707747459 16.67135432362556 4.184059098362923 9.887551963329315 0.6820569187402725 0.8396961912512779 2.412316083908081 0 0.4241935834288597 0 0 0 0 0.09970317780971527 0 0 0 94.22060043364763 3.04639844596386 0.8935533910989761 66.93806309998035 16.32043360173702 176.4363472685218 19.11575324088335 533.0470658317208 34.00694926083088 1.818474404513836 59.6672430485487 34.74980060011148 0.2205638587474823 4.407480113208294 1.300751253962517 32.75261862576008 0.2610762715339661 0 1.761093690991402 0.467670351266861 0
65.24548123031855 1036.934881649911 2677.365311719477 0 1168.919638946652 2.310065433382988 253.9763525277376 2670.711672671139 2735.777103066444 117.8784571290016 0 234.1660079210997 2462.80265159905 3229.567724384367 65.38762826472521 29.53418441861868 1.738028675317764 0 0.3026370257139206 0.5960619896650314 0.4571897685527802 0 1.595949605107307 0.7824708968400955 7.69836363196373 0.1067867651581764 0.9079274609684944 0.1541946232318878 0.134477362036705 0 413.2166930064559 141.0738335847855 15.10013284534216 0.3830731809139252 4.048712685704231 15.13814994692802 10.70920267701149 10.19875195622444 0.9286046922206879 4.055640533566475 1.551653742790222 0.2657428160309792 0.2709545493125916 6.810132741928101 0.2479400113224983 0.2899822890758514 232.354056045413 1.636620678007603 0.1222639083862305 0.1149595752358437 6.91351830214262 0.769334577023983 0.1253306269645691 0.2319922149181366 2.652917198836803 6.735599540174007 4.394597038626671 170.9406905397773 3.339735113084316 67.78076306730509 3.06061202287674 17.35100546479225 7.180592380464077 201.1830126047134 9.613921985030174 2.661690957844257 4.47144965082407 1.320400156080723 1.382169954478741 4.981192074716091 40.37273010611534 2.939783349633217 0.3437065184116364 107.7919086664915 102.5422130003572 180.9638378247619 314.1700170263648 53.18947871774435 194.969570979476 626.7892131358385 2.925883322954178 27.45502515137196 4.134698152542114 0.3354104310274124 0.6474769338965416 5.414057344198227 0.8945093527436256 0 1.058754600584507 0.3802588954567909 0.5455044582486153 0.2878532186150551 9.476026616990566 3.993041783571243 0.6903111934661865 25.93268664181232 9.357411131262779 0 0 39.61823286861181 1.099786221981049 0 0.8743177801370621 0 1.72609506547451 13.77474024891853 3.427281707525253 11.16669102758169 12.04022169113159 9.584173575043678 1.431612700223923 17.42381852120161 9.822005987167358 11.66444766521454 15.99242491275072 0 0 0 0 0 0 0 0 0 0 0 0 0 0 0 0.1150541603565216 0 0.1405933797359467 0 0.6597894951701164 1.702397868037224 0 0 0.1923520714044571 2.052102364599705 2.264518164098263 5.081424489617348 0.1006096675992012 0.2010463327169418 0.125735342502594 0.1280872225761414 0.1594223976135254 0 0.1232813969254494 0 0.2255386859178543 0.6699051558971405 0.7536031752824783 0 0.149114802479744 0.1372555196285248 0.2705860733985901 0.4557225704193115 0 0 0 0 1.057321578264236 0 0.3242368176579475 0.4270878732204437 20.33727549016476 0.8699923306703568 0 0.2141403704881668 0 0 0 0 0 0.4454840421676636 8.236432060599327 0.6246753260493279 0 0 0 7.165384776890278 0.1158014833927155 2.485816471278667 0.6061010658740997 0.7149392515420914 0.1521467715501785 0 0.1497713327407837 0 0 0 0 0 0 0.1636983007192612 0 12.83247548341751 0.6894246116280556 1.451777115464211 105.8656025677919 32.72170861810446 303.2260658442974 46.34293349087238 46.92409421503544 65.25314897298813 2.481628455221653 84.56908246129751 7.877052456140518 0.1520485430955887 2.718176826834679 1.610823914408684 8.883614182472229 0.3135755583643913 0 0.5896739363670349 3.371203683316708 0.4232964217662811
32.07047758996487 67.19277683645487 3.750265821814537 171.9820052534342 77.52261965721846 196.7141992300749 663.3989108651876 19.12688425183296 104.176032923162 943.1755822896957 234.1660079210997 0 1834.665808215737 371.94849871099 26.86582972109318 18.08369048684835 0.3533205613493919 0 0 0.2118135690689087 0 0 0 0 0.6967820525169373 0 0 0 0 0 2.155069023370743 1.192224986851215 20.00244450569153 0 0 3.802849724888802 14.32951956987381 1.863161027431488 3.268625520169735 3.889634922146797 0.1554986536502838 0.2723266035318375 0 3.766817502677441 0.1136129647493362 0 49.58883209526539 0.10572649538517 0.121510349214077 0 1.714614979922771 0.6081779450178146 0.262998953461647 0 0.7963281571865082 0.1789155453443527 2.709460519254208 10.59668330848217 0.6589661240577698 9.341042913496494 0 0.3395887613296509 0.3401051163673401 17.6595341861248 1.89165710657835 0.1107734739780426 1.223560869693756 0.330525167286396 0.261554479598999 0.1261919438838959 545.9032732769847 39.93611460924149 0 15.5836515724659 11.35801196843386 32.30804803222418 43.37999101728201 22.96683610975742 0.186531201004982 82.14120543003082 0.5711327567696571 0.6191746145486832 1.345397591590881 0 0 0.9876717627048492 0.1057069003582001 0 0.1376360505819321 0 0.1050511226058006 0.1081500723958015 3.559888660907745 1.587649695575237 0.5188556313514709 2035.963335290551 19.43363156914711 0 0.1244640648365021 22.38214655220509 1.135010413825512 0.1314251720905304 9.581417687237263 1.82821187376976 13.54408299177885 61.87405793368816 12.63351875543594 72.26155392825603 116.580874837935 60.40127409994602 7.27457569539547 141.6390686333179 88.19432091712952 73.10619727522135 82.07776237279177 0.5566576421260834 0.4768910929560661 0 0.118602342903614 0.1455567628145218 0 0 0 0.1260666996240616 0.3281787931919098 0 0 0.1302028894424438 0 0 0.1957765817642212 0 0.2358861565589905 0.1613702476024628 6.778784863650799 6.228077501058578 0 0.1241024732589722 0 11.12972309440374 3.408850565552711 15.94517681747675 0.3426570892333984 0.3582393676042557 0 0 0 0.6772821247577667 0.1236235797405243 0 0 0.7824975326657295 1.621341370046139 0 0 0 0.1436797529459 0.2390689328312874 0 0.1025032103061676 0 0 0.7763376459479332 0 0 0 67.28185121715069 0.1406206786632538 1.533783636987209 0.7320412397384644 0 0.1638105660676956 0 0 0 0 50.06803067028522 3.095876649022102 0 0.2049426883459091 0.1902551054954529 18.47799082845449 1.884579971432686 6.763381958007812 1.576028056442738 1.059888258576393 1.629526399075985 0.1240979135036469 0.7495352402329445 0 0 0 0 0 0 0.1000273004174232 0 141.8760953396559 8.598474323749542 2.429666683077812 51.33957052975893 6.95174852013588 106.1177346259356 14.08360673487186 62.24504718929529 15.58767323195934 0.5991660207509995 44.83073556423187 14.19327437132597 0.4661158993840218 5.177600301802158 1.315685518085957 22.4624856710434 1.449345253407955 0 1.143454074859619 2.180201716721058 0.2845242395997047
61.19150124490261 537.3157302588224 102.1459270641208 1140.162930116057 1525.448786064982 161.2279367595911 6179.11623237282 268.0243611186743 1385.442992813885 6406.647070854902 2462.80265159905 1834.665808215737 0 2958.026670888066 90.71184995770454 69.20033186674118 2.896902285516262 0.3601048588752747 0.1160868033766747 0.4678676053881645 0 0.3852958977222443 0 0.2357148826122284 15.14823293685913 0.335544690489769 0.5159755647182465 0.1157523021101952 0.2384259402751923 0.1465400010347366 18.52453416585922 6.2872663885355 1138.703761219978 0 0.3249389231204987 77.65379837155342 93.37523582577705 31.257707670331 48.58926744759083 73.49201730638742 0.4044818729162216 0.1375472694635391 0 10.76858972012997 0.4107342064380646 0.1005347371101379 200.5646183490753 1.682580091059208 0.5741861462593079 0 15.94637412577868 3.139723524451256 3.919966667890549 0.1878828704357147 2.815235957503319 2.168305672705173 3.273046568036079 37.36608308553696 3.967460542917252 39.5436911508441 0.133843868970871 21.45867886394262 0.266275554895401 63.8709749057889 8.528856836259365 1.832670569419861 5.528605967760086 0.9917407035827637 0.416126661002636 2.204719804227352 633.9738644734025 136.4940676912665 0.1749191284179688 57.89075453579426 39.29385105520487 117.3876290395856 178.4829840809107 78.77524696290493 0.48643808811903 517.2868595272303 1.44324841350317 1.795323334634304 3.488847374916077 0.5497829243540764 0.2544568404555321 4.28035831451416 0.430017352104187 0.1157837212085724 4.668984211981297 0.2294098064303398 1.264884009957314 1.896774835884571 12.24762024730444 7.135004721581936 3.324063941836357 3889.159415125847 132.394927509129 1.103149980306625 16.60274960100651 21.46458201110363 1.4946443811059 1.558509051799774 17.90423956513405 1.393926531076431 26.48434521257877 122.308373734355 25.23526373505592 100.5623259246349 199.1895093768835 105.4387178421021 15.13795476406813 226.3777747154236 203.9967408329248 137.0016640275717 225.2294952794909 1.232829056680202 0.8748104050755501 0.1293042153120041 0.1090017035603523 0.1034461557865143 0 0.2667201161384583 0.1477642059326172 0.5645667463541031 0 0.1232682392001152 0 1.031732335686684 0.5828606113791466 0.209220215678215 0.2400733456015587 0.9560431987047195 0.4198769330978394 0.2710709869861603 18.09172520786524 21.69661538302898 0.2112646996974945 0.1784048825502396 0.9006861075758934 36.36577608436346 14.20503698289394 56.13332791626453 2.672002784907818 1.946467407047749 0.691958099603653 0.5432415157556534 0 0.2362497746944427 0.4859212562441826 0 0 3.594181604683399 4.8563636764884 0 0.08796202391386032 0 1.311473518610001 1.247908495366573 0 0 0 0.2874038740992546 3.528441928327084 0 0.8815924972295761 0.7726815938949585 192.1681025624275 2.919062033295631 0.7010166570544243 0.532097265124321 0.5067824795842171 0.1454163193702698 0 0.107513852417469 0.1257779747247696 0 194.3695295155048 14.94534926861525 0 0 0.5257947444915771 54.14579812437296 6.52611181885004 23.57726208120584 5.522530645132065 3.784388892352581 5.377613976597786 0.9202479422092438 3.044630505144596 0.1534526497125626 0 0 0 0 0 0 0 267.9289701581001 23.88538889586926 10.74969676882029 185.8848988562822 32.35352776199579 340.6584757715464 60.77285990864038 101.385209351778 62.26303555071354 2.652411445975304 131.0677213743329 27.62621013075113 2.052960380911827 14.41153940558434 2.341555513441563 38.96911133825779 1.821959517896175 0.1635474562644958 3.026735328137875 7.932303220033646 0.3721045255661011
17.15641562640667 1173.571405850351 628.2225941643119 11.62266878783703 1151.788367316127 42.43353115022182 208.5889229625463 620.4840184524655 815.6560570597649 233.6154717952013 3229.567724384367 371.94849871099 2958.026670888066 0 123.1968336105347 84.47416535764933 3.326724521815777 0.855941966176033 0.5395828410983086 1.703675642609596 1.267479985952377 0 0.6667095124721527 0.6232736557722092 21.49291178584099 1.066334798932076 0 0.4833907410502434 0.1274220794439316 0 66.47581169754267 15.06995318830013 523.2156183198094 0.1021758019924164 1.15118595957756 77.4583834707737 69.00820416212082 46.04060246050358 16.9319693595171 45.84249322116375 3.987460643053055 0.5639272630214691 0.3910405859351158 19.37468688935041 0.9049552977085114 0.5791977271437645 279.9576835557818 2.128340542316437 1.046745866537094 0.5936892330646515 27.11641673743725 3.011399194598198 2.352402336895466 1.099832139909267 2.3672279343009 5.419380806386471 6.855521455407143 56.88273147493601 5.346394196152687 52.13089392334223 0.3558955192565918 42.64976712316275 2.287539035081863 98.22427319735289 9.700120665132999 2.273079887032509 14.21651693433523 3.20639343559742 1.828340344130993 4.166350044310093 361.1999001502991 43.88305281102657 0 94.33353075385094 66.33442340791225 183.8171211630106 298.5819782242179 116.7497186139226 1.762305177748203 1198.12344070524 3.058212161064148 8.031184807419777 7.273909814655781 0.2751241624355316 0.4427117332816124 3.739163495600224 0.6590479239821434 0 5.391156636178493 0.4768165349960327 2.620632760226727 0.9372786208987236 28.39858417212963 13.06113841384649 6.326739579439163 788.0403214469552 15.32034730166197 0.1670894771814346 3.330732434988022 17.13220182806253 1.965205483138561 1.404642879962921 16.72414100915194 2.746683463454247 10.53967537730932 90.98829491436481 16.79684112966061 67.09691599011421 116.1894389912486 75.16320993751287 6.210418775677681 170.434821382165 131.4917983263731 92.09314338862896 135.1706471666694 1.029560819268227 0.6070529818534851 0 0.4651463851332664 0 0 0 0 0.4817283004522324 0.1694616377353668 0.2499601617455482 0.340409517288208 0.4461907520890236 0.1695759296417236 0.5017509609460831 0.7895406410098076 0.6826848536729813 0.5779450237751007 0.4930713400244713 9.110058702528477 12.11816094070673 0.1371691823005676 0.3909703567624092 0.5839885175228119 21.77530033886433 8.237664476037025 45.33993028104305 0.9352781176567078 1.477203816175461 0.4314895793795586 0.4284217804670334 0 0.1679952293634415 0.1959614753723145 0.7368880659341812 0.1741499453783035 1.573885172605515 3.999318853020668 0.2172948345541954 0.852545902132988 0.2545624971389771 0 1.405086271464825 0 0 0.2933662086725235 0.2312988936901093 2.076047830283642 0 0.3747696280479431 0.3599940612912178 126.9618597850204 3.604002006351948 0.7737359181046486 1.660614185035229 0.2362054511904716 0.09668583422899246 0.1285221725702286 0.1431901752948761 0 0.5111262649297714 95.88126564770937 5.148959316313267 0.1168930307030678 0 0.3219917267560959 35.79537528753281 5.977187007665634 22.058459199965 3.435668237507343 2.972406230866909 4.985104233026505 0.241130143404007 1.506249845027924 0 0.108184851706028 0 0 0.1016484349966049 0 0 0 147.4571438878775 11.31490503251553 6.716936655342579 274.5116618648171 45.43043905496597 530.8699317723513 75.73156202584505 98.74464979022741 83.71430166065693 2.784202091395855 214.4540729522705 26.37238939106464 1.338709078729153 12.12858118861914 3.322927691042423 44.4429265409708 1.579409375786781 0.3176478371024132 4.56522810459137 8.181225411593914 1.670880988240242
