0 5469.091965340078 220.8795762658119 2843.848125174642 1044.866268500686 105.2201131880283 1029.086446382105 7.384244062006474 132.6811392530799 1903.721523866057 77.54228518903255 680.0765757113695 226.135257743299 56.5887381657958 1.422178916633129 0.7266623973846436 0 0 0 0 0 0 0 0 0 0.2847034335136414 0 0 0 0 538.0351209789515 1.98579940199852 2.402158886194229 0 0 0.1118353381752968 4.167505949735641 0 2.01555535197258 0 0.6558956652879715 0.1368469148874283 0.4371330216526985 0.1449773013591766 0.1387258172035217 0 4.500420153141022 0.6029960960149765 0 0.3685502260923386 0.3749486207962036 6.264214232563972 0 0 4.801597014069557 4.252243883907795 567.1451043412089 942.583655923605 105.5262170508504 5.424350991845131 0 1.546929463744164 0 2.48726199567318 6.383918061852455 3.343612745404243 0.5620758160948753 0.2435719594359398 0.3328136801719666 1.357618272304535 35.6487338617444 34.88529965281487 0 370.809290535748 50.86678615957499 13.2629352286458 1.873922951519489 0.9320802688598633 0.2540881335735321 9.276180975139141 0 2.788658373057842 3.729961790144444 0.2169606536626816 1.030627861618996 3.736908964812756 0.2984153926372528 0.8946649134159088 0.5285548642277718 0.9947691112756729 0.4095742702484131 0.6441564410924911 0 0.2526287734508514 0.1699064522981644 460.702928379178 67.09765550494194 1.609759211540222 2.624042227864265 979.7953807115555 0 0 0.9702666401863098 0.4130105078220367 0.3079922497272491 1.678794279694557 0 0.603418692946434 1.663888201117516 0 0 1.19199101626873 4.243516966700554 0.7761702537536621 1.425923138856888 0 0 0 0 0 0 0 0 0 0 0 0 0 0 0 0 0 0 0 0.5804387927055359 0 0 0 0 1.552227541804314 0 2.156244829297066 0.7503734529018402 0.1855559200048447 0 0 0 0 0 0 0 0 0.1156438291072845 0 0 0 0.1443973928689957 0 0 0 0 0 0 0 0 0 1.106887236237526 0 0 0.120869018137455 0 0 0 0 0 0 3.90399868786335 0.6790101528167725 0 0 0 1.506229266524315 0.8926549255847931 0.1817643642425537 0 0 0 0 0.1511446833610535 0 0 0 0 0 0 0 0 2.042556375265121 0.7206701338291168 1.306526832282543 139.0075763314962 10.02794995158911 94.91429976373911 16.35084375739098 596.1337862312794 15.28637024760246 2.451209060847759 23.48109425604343 3.500291615724564 0 0.7650437206029892 0.3330655694007874 1.639822229743004 0.2106894999742508 0.2333185076713562 1.482963860034943 7.293108493089676 0.1703342497348785
5469.091965340078 0 959.6730297356844 879.182366527617 7384.5998384431 59.57939824461937 6327.159045107663 15.53391660749912 1328.16436920315 496.2547166496515 462.6648452877998 29.39800003170967 625.4926438480616 390.935026936233 6.002238646149635 1.870315723121166 0 0.6306979358196259 0 1.192455016076565 1.969889551401138 0 0 0 0 0.2780130952596664 0 0 0 0 3844.057466879487 10.41387846320868 8.738621234893799 0 0.3701864182949066 0.2879354655742645 6.300466321408749 0.2570469304919243 2.15298955142498 0.260182648897171 2.423555091023445 0.7927498891949654 0.962488666176796 1.469035677611828 0.2213322967290878 0.6422849148511887 33.56294862180948 5.414985798299313 0.3120288401842117 1.811547391116619 2.977349579334259 0.1593941450119019 0 0.1296241730451584 19.26633495092392 26.74689818918705 336.0143363848329 1188.406837001443 102.8529489338398 24.49562811106443 1.70942135900259 4.547520630061626 0.3996928930282593 53.38701982051134 34.69738142192364 16.12980189919472 4.759460650384426 0.8712866008281708 2.296734228730202 4.335320524871349 18.11607146263123 2.277411103248596 0 675.9232895672321 310.2111780568957 145.7280613929033 20.83134178072214 9.080750182271004 1.597519800066948 15.95794665813446 3.093636028468609 10.04744094610214 25.02038415521383 1.331910260021687 8.058517284691334 22.19752997159958 2.98846535384655 0.4447132050991058 3.313087075948715 0 0.5480072200298309 1.333250418305397 1.520507536828518 0.5707527324557304 1.008620381355286 60.58420491218567 0.7584813982248306 0 1.533138066530228 1092.534383773804 0.4677910804748535 0.2108966708183289 0.5891521871089935 0 1.277025401592255 2.938618451356888 0 1.847232922911644 4.384388267993927 1.212728604674339 0.5804935395717621 4.433365672826767 10.39117321372032 6.784626998007298 6.738619431853294 0.3219315409660339 0 0 0 0 0 0 0 0 0 0 0.186131939291954 0.1271345019340515 0 0.1126521751284599 0 0.4810120612382889 0 0 0 0.7881696373224258 0 0 0 7.876655772328377 0 5.261019736528397 0.4205932021141052 0.3610333502292633 0 0 0 0 0 0 0 0.1438550502061844 0 0 0 0 0 0 0 0 0.1349691897630692 0.894801914691925 0.4131112098693848 0 0.2714179158210754 0 8.50832636654377 0.1819630116224289 0.1413781940937042 0.1483876705169678 0 0 0 0 0 0 12.83162454515696 0 0 0.1051701754331589 0 5.482205040752888 3.557962447404861 1.846460431814194 0.2571392953395844 0.6205261051654816 0.5675186961889267 0.4032427370548248 0 0.1058045402169228 0 0.283695712685585 0 0.5576960295438766 0.209562823176384 0.2121934443712234 0 3.240106418728828 1.691014938056469 4.359574034810066 432.7777002155781 44.86507371813059 490.4497122764587 61.11376184225082 329.0537665858865 58.51682715862989 7.734709843993187 101.541912689805 15.12806542217731 0.9599935710430145 5.922549292445183 1.588279232382774 5.269677966833115 0.4446866363286972 0.2905541062355042 2.113133922219276 10.18289956450462 0.2539987862110138
220.8795762658119 959.6730297356844 0 20.34452275186777 2462.544325359166 4.167331233620644 98.64708110690117 977.6973684430122 2676.777238376439 55.05483159422874 4187.05046184361 51.83148515969515 453.6782961562276 1267.919207721949 29.48929955810308 19.74132957309484 1.322342023253441 0.7468845099210739 0 6.06422945857048 29.19877432286739 0 14.73848334699869 9.042540743947029 1.654991276562214 4.776841469109058 4.870458610355854 1.447814434766769 0 0.8793683499097824 6108.752622716129 1833.42761977762 50.39388601481915 2.52501755207777 7.656844817101955 6.176132127642632 30.8372066617012 2.288050852715969 5.301532484591007 1.183721221983433 85.6663381382823 32.66581819206476 1.255391173064709 1.767854928970337 0.422788605093956 1.646090045571327 56.82064159214497 4.212571404874325 0.921620100736618 3.326698713004589 2.633304178714752 0.8085248619318008 0 1.282240122556686 7.25208430737257 8.820059664547443 85.47960276156664 1085.316060625017 22.55486613512039 18.89267081767321 7.039392173290253 8.988326959311962 24.35277583450079 1004.969592474401 15.10052139312029 10.47853755950928 2.505479216575623 3.252167865633965 6.4891437292099 84.83293826878071 62.65738318115473 11.23089782893658 0 205.4438871815801 223.1488847360015 142.0441501364112 36.5129147619009 27.36078636348248 118.4841105416417 1010.996667541564 33.00142534822226 420.5452890023589 12.06467607617378 0.8969877809286118 5.184503473341465 10.92420572787523 3.924697749316692 0.2033954113721848 0.9730778932571411 0 0.8439174145460129 0.3887797296047211 30.14576502889395 7.793845318257809 7.01191271096468 28.49014866352081 0.9352391734719276 0 4.336999341845512 180.9295207411051 0.5252750962972641 0 0.8563260734081268 0.506468266248703 0.2022314369678497 2.115642085671425 0.1255148202180862 1.306482389569283 2.650770336389542 0.753044381737709 0.8141057938337326 3.513861052691936 8.365003556013107 3.657420143485069 7.165119752287865 0.1515566259622574 1.281423062086105 0 0 0 0 0 0 0.1366068869829178 0 0.3422679901123047 0 1.118076592683792 0.2042744904756546 0.5432036593556404 0 0.1256657540798187 0 0 0.3847852945327759 0.1342142671346664 0 0 0.288276731967926 20.51255767792463 1.628061667084694 18.53085991740227 9.136420719325542 4.35898070782423 0 0 0 0 0.1317875385284424 0 0.111840508878231 0.5755931511521339 0.2533771097660065 0.1071894466876984 0.1361550390720367 0 1.522967927157879 0.1116165593266487 0 0 0.2236958965659142 0.52571702003479 0.4472895711660385 0 0 0.4168656468391418 10.52976687252522 0.1528871953487396 0.232451394200325 0.09458557516336441 0 0.3301261588931084 0 0.1388828158378601 0 0.4179533421993256 24.20108431577682 2.131247609853745 0 0 0 2.774294897913933 4.546989396214485 3.481512412428856 0.7195339575409889 0.9857704043388367 0.6861337050795555 0.5447827279567719 0.5361015051603317 0 0 0 0 0.2873050272464752 0 0 0 4.409994959831238 6.105016231536865 15.06553968787193 264.2180711254478 42.92263072729111 329.2649863064289 47.17687531560659 30.07663557678461 33.78406208753586 2.36168622225523 67.88095211237669 18.67438931763172 1.334231153130531 7.442582421004772 0.589100643992424 7.17917537689209 0.2005028426647186 0.3326131701469421 3.513474822044373 4.921918697655201 0.3579684793949127
2843.848125174642 879.182366527617 20.34452275186777 0 198.600861415267 373.3731593340635 820.0735206156969 1.441249191761017 124.1783912628889 5097.242669217288 21.97185304015875 354.3893542438745 724.8213697224855 24.21919626742601 0.9497871100902557 0 0 0 0 0.1802136301994324 0.432557687163353 0 0 0.139452189207077 0 0 0.1161755621433258 0 0 0 63.69991898536682 0.3663864284753799 2.784943819046021 0 0 0.1953172832727432 1.392468713223934 0 1.617057830095291 0 0.5034867152571678 0.6001521572470665 0.7825420945882797 0.3201262652873993 0 0.1619396954774857 5.701964363455772 1.724882692098618 0 0.8270550668239594 0.8059456348419189 0 0 0 6.657267957925797 10.83129648864269 191.2171739041805 343.6577182412148 44.04661028087139 8.872298493981361 0.1954167485237122 1.122584715485573 0.3117935210466385 9.779559373855591 10.93620399385691 3.879598900675774 0.9494242146611214 0.5737949013710022 0.5631330460309982 0.796866275370121 18.80975454300642 4.113376021385193 0.4258268475532532 302.5345667228103 91.04314432293177 48.76148629188538 3.452696681022644 0.7372916638851166 0.4391797482967377 2.74529792368412 0.784787505865097 3.649234130978584 9.195775933563709 0.5222029909491539 2.437418438494205 9.905626818537712 1.715537264943123 0 1.366026036441326 0.8828242346644402 0.1873950958251953 0.3626606985926628 0 0.34688900411129 0.6214452385902405 332.304988950491 5.22820371389389 0.1924173831939697 0.728735014796257 533.2852212190628 0.3112715780735016 0 4.132195487618446 0.1987922042608261 2.626905292272568 7.828755050897598 0 5.336226001381874 12.38203403353691 4.720850944519043 0.9536192417144775 12.47733937203884 18.91387125849724 8.037006258964539 9.490793004631996 0.2690379619598389 0.4428150355815887 0 0 0 0 0 0 0 0 0 0 0 0.2010670900344849 0 0 0 0 0 0.5524920970201492 0.34820955991745 0 0 0 6.224024146795273 0.528564065694809 4.465336993336678 0.8625328093767166 0 0 0 0 0.1720512956380844 0.4265327155590057 0 0 0.2642399668693542 0.369455024600029 0 0 0 0 0 0 0.613242045044899 0 0.3032723963260651 0 0 0 0 5.297395214438438 0 0 0 0 0 0 0 0 0 9.345111787319183 0.3800236284732819 0 0 0 3.434410184621811 7.011387050151825 1.693643182516098 0 0.9340968132019043 0.4918163865804672 0 0.2297430038452148 0.1138402000069618 0 0 0 0.1513206660747528 0 0 0 5.833367541432381 0.7716683745384216 1.56523685157299 217.7479825019836 15.92476672679186 186.1600338965654 30.43705020099878 814.1349508166313 24.08040584623814 1.951245509088039 29.27525863051414 9.991007387638092 0.3630350381135941 6.010411441326141 0.1813835501670837 8.538757741451263 0.5142461061477661 0.2749790847301483 0.9224272668361664 11.05496044456959 0
1044.866268500686 7384.5998384431 2462.544325359166 198.600861415267 0 16.19367128610611 4615.658622689545 41.95930662751198 10081.97771883011 1082.316587299109 1743.279582709074 125.1298869103193 650.4006230160594 1210.012486383319 27.58220034092665 9.575971081852913 0.7932645827531815 0.603441521525383 0.1745438426733017 0.8265206515789032 1.430396243929863 0 0.1485905796289444 0.1280295997858047 0.1052519679069519 0.9199759140610695 0.1370834559202194 0.9041475206613541 0.1398710757493973 0.1203572899103165 1453.300817377865 55.01653752475977 23.38163802027702 0.434394396841526 0 0.4611889719963074 10.70447273552418 0.2631562575697899 3.892071887850761 0.9379227384924889 3.857505314052105 2.691767133772373 0.6880602091550827 2.458195276558399 0 1.165672950446606 99.87975583970547 12.35616153478622 0.6328121572732925 1.091019369661808 5.49053417891264 1.050243884325027 0 1.165803752839565 23.06123150140047 23.73150777071714 95.62608064711094 622.5149280130863 37.40357501059771 51.7177429497242 4.638096638023853 4.789094932377338 0.1404037177562714 168.4159594401717 46.522510163486 25.34148146957159 6.519824020564556 1.337788239121437 0.6452601477503777 4.98612167686224 68.16694889962673 6.889070644974709 0.1214327439665794 356.6612966507673 339.3805736005306 290.6453969925642 47.23820228874683 14.53012355417013 2.960077337920666 10.92609616369009 4.027541071176529 16.62977811694145 38.8576248511672 1.53413100540638 13.01515280455351 30.89230474084616 1.800985500216484 0.4593463763594627 4.835797980427742 0.4929587692022324 1.623222544789314 1.537117309868336 1.021046489477158 1.907647326588631 2.318402975797653 124.6992032974958 1.559015549719334 0 0.8243561238050461 132.535565495491 1.583814576268196 0.7058447599411011 5.744263112545013 2.792642712593079 10.10445681214333 21.80213236808777 0.2216773182153702 11.00948190689087 26.90230798721313 12.36391389369965 3.548611655831337 32.46229565143585 71.31827579438686 31.02396768331528 51.34375198185444 0.115202859044075 0.5996986329555511 0 0.1592773348093033 0 0 0 0 0 0 0 0 0 0.3953667283058167 0.6537808924913406 0.5192622095346451 0 0 0.5086407214403152 3.575517848134041 0.7674606889486313 0 0 0 24.10675624012947 0.9743784666061401 24.71320749819279 1.749005600810051 1.298365503549576 0.3502936959266663 0 0 0.9869599342346191 0.9823650419712067 0 0 0.8223127573728561 1.856179997324944 0 0 0 0.3138635754585266 0 0 0.4878296554088593 0.2683196514844894 0.8527879565954208 2.037121996283531 0 0.3820132911205292 0 24.21080197393894 0 0.5833714157342911 0.1368105262517929 0 0.614186093211174 0 0.3270602598786354 0.1227502152323723 0.2827311903238297 59.79935657233 1.225908994674683 0 0 0.30715611577034 22.6362664103508 30.6907282024622 11.78328105807304 1.863002747297287 1.417983844876289 1.742838799953461 0.4400568455457687 1.542568989098072 0 0 0 0 0.9780068174004555 0.3716050684452057 0 0 30.22911149263382 9.74095056951046 10.14962916076183 526.0488839671016 119.1659318581223 650.1925336942077 95.42888809740543 70.91244922578335 75.03844185173512 12.23720890283585 122.5909835547209 44.1819841787219 5.597654975950718 17.23363154381514 6.596564218401909 35.01782700419426 2.138821929693222 0 4.385801896452904 9.053087994456291 0.9960267394781113
105.2201131880283 59.57939824461937 4.167331233620644 373.3731593340635 16.19367128610611 0 78.23606526851654 2.376724734902382 25.20841726660728 462.0953965336084 12.60957142710686 405.7573258578777 176.0481179654598 26.98397772014141 0.2261371314525604 0.4222059100866318 0 0 0 0 0 2.829108044505119 0 0 0 0 0 0 0 0 4.802200987935066 0 14.78460365533829 0 0 0 10.24107632040977 0 8.223635420203209 0 0.3771710693836212 0 0 0 0 0 0.1467946618795395 0 0 0 0 58.45142649114132 0.2039212882518768 0.4542647451162338 0 1.66623666882515 283.1490941792727 37.88626489788294 6.016616106033325 0.1285519599914551 0 1.896357908844948 0 0.244312971830368 0.2318520396947861 0.9412998706102371 0.3112039864063263 0.3601794093847275 0.1794328540563583 0 328.7755375355482 863.0229111462831 27.81111088395119 18.81682404875755 1.239906966686249 0.2692218869924545 0.1447682976722717 0.2016368806362152 0 4.768766932189465 0 0.4041395336389542 0 3.628002464771271 0.2175525203347206 2.527935609221458 0.2563950717449188 20.28066657483578 13.05418336391449 21.05284720659256 0.2795587480068207 6.76790925860405 0 0 2.102616146206856 745.8784260377288 520.0704784691334 27.56746117770672 30.23314136266708 574.9769584536552 0 0 0 0 0 0.2026718705892563 0 0.7777016460895538 0.4784907251596451 0 0 0.5996752232313156 0 0.1467839181423187 1.611927419900894 0.4103599786758423 0.3670388460159302 0 0 0 0 0 0 0 0 0.2422473281621933 0 0.54432013630867 0 0 0 0.1646688282489777 0.2098827064037323 0 0 0 0 0 0 4.097727403044701 0.3020035326480865 4.058339640498161 2.029394388198853 0.5226097255945206 0 0 0 0.5851584523916245 0 0 0 0 0.1348041146993637 0 0 0 0.4010981917381287 0 0 0.2160232961177826 0 0 0.1502264142036438 0 0 0 0.1464728116989136 0 0 0.283709704875946 0 0 0.6597578525543213 0 0 0 6.919137224555016 5.251220420002937 0 0.2599286437034607 0.1802271753549576 0 0.4553819298744202 0.3581967651844025 0 0 0.3132471442222595 0 0 0 0 0.4191525280475616 0 0.1719911396503448 0 0 0 0.9894134104251862 4.411102160811424 4.048448473215103 11.0988929271698 1.455516174435616 4.794214226305485 1.843893103301525 255.4989759474993 1.993198543787003 0.4363033771514893 3.049143686890602 1.64823605120182 0.2663143873214722 0.678718090057373 0 0 0 0 0.1935025453567505 0.1461273580789566 0
1029.086446382105 6327.159045107663 98.64708110690117 820.0735206156969 4615.658622689545 78.23606526851654 0 19.82536759972572 5583.74551089108 3125.102444291115 98.55244696140289 178.5515937507153 4478.049478843808 1317.37825306505 24.93330819159746 13.28724249452353 0.5956526324152946 1.404413290321827 0.2892867624759674 1.059172719717026 1.287903815507889 0.2905915379524231 0.2987100481987 0.1239674463868141 0 1.301524311304092 0.6567846387624741 0.6314109861850739 0.1986214816570282 0.2544595524668694 308.2249648198485 22.25344087183475 21.71079326421022 0 0 0.1339512467384338 13.94899328052998 1.307223692536354 2.337615989148617 0.582926981151104 3.460232973098755 1.883138328790665 2.069980099797249 3.176595151424408 0.8396472930908203 1.749422691762447 94.8230307251215 10.47665357589722 1.069967083632946 3.550565011799335 6.709767065942287 0.8200055584311485 0 2.302533887326717 25.04348074644804 33.90720407664776 147.7615903392434 576.274715192616 55.59993836283684 41.93506834656 3.9244419708848 7.233054637908936 0.2291782423853874 93.38148464262486 53.30504567921162 33.48907519876957 8.787039630115032 1.04757971316576 0.6729047298431396 4.148505695164204 90.08753099292517 10.53516498208046 0 495.9759287834167 376.3490221202374 297.8921410515904 48.04323404282331 19.44069922715425 2.938340961933136 12.19290474802256 2.909953504800797 17.98494755476713 49.81761658936739 2.193922951817513 15.73983582854271 36.72482085227966 2.731581836938858 0.9705870151519775 5.018161609768867 0 2.709721744060516 2.432972118258476 1.340738326311111 0.8888740167021751 3.328322842717171 307.6853814870119 2.479252338409424 0 1.792741820216179 128.881993688643 2.578803762793541 1.145524308085442 8.053087517619133 2.39818674325943 15.34357544779778 35.02157435566187 1.409652069211006 17.08505101501942 50.06421707570553 18.89897198975086 3.977410867810249 63.72020485252142 129.2981008887291 49.5630853548646 69.79828870296478 0.6151841729879379 0.747748963534832 0 0.1890939176082611 0 0 0 0 0 0 0 0 0.4536477625370026 0 0.3068502992391586 0 0 0.434857577085495 0 5.969065725803375 1.728920936584473 0 0 0 38.62160537391901 2.115797936916351 28.03871247917414 1.659154251217842 1.400408998131752 0 0 0 0 0 0 0 0.7601658552885056 3.869430273771286 0.5723128616809845 0 0 0 0 0.4299827814102173 0.226766899228096 0.111094556748867 1.49051471054554 3.660108312964439 0.684839129447937 0 0.8950907588005066 33.09002523124218 1.187078058719635 0.7422727793455124 0.7331195473670959 0.1265907138586044 0.5629303604364395 0 0 0.1228423342108727 0 88.88751582056284 1.745935387909412 0 0.2306781336665154 0.5883689373731613 40.52968894690275 41.64035998284817 23.91324245929718 3.841306544840336 5.267505005002022 4.358343854546547 0.4063860028982162 0.9187066778540611 0.6522543132305145 0 0 0 0.8700843080878258 0.4945041164755821 0 0 48.0473006516695 12.37861061096191 12.90431836247444 677.6028233021498 131.5608833879232 791.070018440485 124.0164981409907 317.591416656971 101.5565582513809 13.47748652100563 156.3135748952627 49.33582439273596 6.12790434807539 21.52525736391544 5.838663049042225 37.9916927665472 0.9400604814291 0.476464569568634 8.48134770989418 17.58728069067001 1.041772693395615
7.384244062006474 15.53391660749912 977.6973684430122 1.441249191761017 41.95930662751198 2.376724734902382 19.82536759972572 0 629.6339462175965 5.240551710128784 5327.255534246564 23.55645109713078 382.0072814151645 1242.857961937785 19.32987963408232 13.31446927040815 1.329451359808445 1.174977347254753 0.2037739753723145 5.828174442052841 29.63692139089108 0 16.51477758586407 6.99070580303669 1.868478953838348 9.405418157577515 6.242441654205322 0.7289776653051376 0 0.4161347523331642 747.9824836924672 1503.197981104255 51.76860919594765 3.266404554247856 9.214276432991028 6.002815127372742 27.3649021089077 1.45364386588335 5.088422060012817 0.7265805900096893 80.98706622421741 24.71925467252731 2.787892065942287 3.560578316450119 0.1485506594181061 1.519663974642754 45.18367730081081 2.146686211228371 0.5740280449390411 1.444871142506599 2.438384979963303 0.341288298368454 0 2.287261351943016 2.721587531268597 3.550467565655708 20.40533304959536 230.7510119155049 8.238219685852528 9.530756458640099 9.493165671825409 7.228103898465633 24.88731138408184 292.4239670336246 8.767848394811153 5.224644482135773 0.8441772609949112 3.388320691883564 4.030277259647846 64.56371382623911 38.32502936571836 11.5224930793047 0 75.14986088126898 103.1901852115989 95.42683660984039 44.67315671592951 182.088282674551 926.602304764092 2650.736657299101 124.7110552713275 1389.740734286606 6.744394637644291 0 2.746638663113117 5.311471439898014 0.8895612061023712 0.1077574267983437 0.7892660349607468 0.412846714258194 0.4690978229045868 0.1621312648057938 25.55203077197075 7.260670363903046 4.080155648291111 20.88723722100258 0 0 1.28947776556015 8.993652105331421 0 0 1.47950941324234 0 0 1.548927322030067 0.1780352145433426 0.4540482014417648 1.165175274014473 1.003536328673363 1.444136723875999 1.536751747131348 5.573617428541183 2.210278451442719 7.05450364947319 0.2863664776086807 0.6189440041780472 0 0.3446593582630157 0 0 0 0.1629028916358948 0 0 0 0 0.8133907243609428 0 0.2729029729962349 0 0.6438397616147995 0.1425150036811829 0 0 0.2474739402532578 0 0 0 10.31603413820267 0.1573187112808228 12.42665876448154 5.823222428560257 3.888452842831612 0.1442398279905319 0 0 0.4170561581850052 0 0 0 0.3215144574642181 0.850882925093174 0 0 0 1.128812976181507 0 0.1273099482059479 0 0 0.1238792166113853 0.3776517957448959 0.2219791114330292 0.375471293926239 0.1914458721876144 5.934527650475502 0 0 0 0 0 0 0 0 0.1744878590106964 9.757109515368938 2.314837127923965 0 0.1007936373353004 0 0.6147918552160263 2.775102078914642 1.72542105615139 0.2444667741656303 0.2813273817300797 0.6323582455515862 0 0.1389831900596619 0 0 0.1215702444314957 0 0.3055876344442368 0.1530346721410751 0 0 2.984084337949753 3.124446228146553 12.47581665962934 181.0147616416216 23.03203835338354 205.9710235968232 32.51354852318764 13.12505009770393 19.0489160194993 1.314694695174694 47.3825174793601 11.29435306042433 0.7174660935997963 4.924466036260128 0.3178510069847107 1.743706375360489 0.1516418308019638 0 1.439863994717598 4.063604161143303 0.6442594081163406
132.6811392530799 1328.16436920315 2676.777238376439 124.1783912628889 10081.97771883011 25.20841726660728 5583.74551089108 629.6339462175965 0 827.467763826251 4623.475515387952 150.7996848076582 2681.462455578148 4088.471781276166 40.25348179787397 19.19365511834621 0.1452120244503021 0.8299267515540123 0.2948314398527145 1.061366990208626 1.001014672219753 0 0.4369607418775558 0.1449460685253143 0.4985471665859222 1.1132433116436 0 0.467926412820816 0 0.4689118266105652 474.1080189794302 41.51490253955126 73.98017378896475 0.1425590664148331 0 0.3998029232025146 15.65564531832933 0.8745275884866714 2.050708405673504 0.3619302213191986 4.145750030875206 2.185510113835335 0.361493781208992 2.85699275881052 0.1373022347688675 1.157372854650021 95.00173040479422 4.964824229478836 1.564964815974236 1.216970264911652 3.964339457452297 0.3964775651693344 0 1.509955897927284 7.298787586390972 7.932152189314365 33.85277255624533 179.6588428243995 13.38180804252625 25.52938440442085 2.107482001185417 5.716304413974285 0.7046460807323456 82.20714759081602 22.4747728407383 14.00178015232086 4.14725087583065 0.773794524371624 0.4472744464874268 2.042171284556389 107.6500644162297 8.305930554866791 0 130.5323729217052 132.9422030448914 190.2672370672226 45.41465993225574 18.11643898487091 0.5115617960691452 22.23362515121698 2.250846743583679 10.89509927481413 12.86730457097292 0.8546566143631935 6.189948722720146 14.47578550130129 1.37468308955431 0 2.341740928590298 0.2318330928683281 1.296037927269936 0.6729084551334381 2.468135319650173 1.31514099240303 2.218923531472683 223.0847475156188 0.3585074990987778 0 1.665060468018055 39.80392811447382 4.51580123603344 1.850711032748222 10.42086248099804 2.915548801422119 16.84974166750908 42.90535585582256 0.7938403487205505 22.79271944612265 54.44991014897823 27.4601583480835 9.974379763007164 63.97719730436802 143.0125101283193 54.92277390509844 84.6563810929656 0.301173135638237 1.027306139469147 0 0 0 0 0 0 0 0 0 0 0.4101918488740921 0 0 0 0 0 0.7374566495418549 4.141476131975651 0.5517047345638275 0 0 0 39.34931097924709 1.470199212431908 31.11869166791439 2.813541956245899 1.094842962920666 0 0 0 0.2998788058757782 0 0.1914965510368347 0 1.355223089456558 3.497614741325378 0 0 0.2705148458480835 0.1886636763811111 0.1767824590206146 0.2304741740226746 0.7687752991914749 0.2157078832387924 1.183943256735802 1.495131373405457 0 0.589854896068573 0.4000910669565201 40.82159630954266 0.6933969855308533 0.7386891469359398 1.991717472672462 0.2191286534070969 0 0 0.2862425744533539 0.1270906180143356 0.1584467142820358 97.46952792257071 0.7384933829307556 0 0.4008935987949371 0.1059901118278503 47.13802644610405 41.75755748152733 18.65467301756144 2.032837271690369 5.522810883820057 2.873985111713409 1.444103717803955 2.313215970993042 0.2812935411930084 0 0 0.2082151919603348 0.3363859206438065 0.1058230698108673 0 0.1486619114875793 55.10613708198071 11.21933951973915 11.85969169437885 406.1525237485766 80.70573449879885 393.1797184497118 73.53594537079334 46.55482952296734 50.21685694903135 7.183477498590946 103.309641726315 48.96050141006708 3.008792072534561 27.50195063650608 4.653937831521034 48.69086007773876 2.242074832320213 0.7127238810062408 8.720887407660484 7.43881568312645 2.6056799441576
1903.721523866057 496.2547166496515 55.05483159422874 5097.242669217288 1082.316587299109 462.0953965336084 3125.102444291115 5.240551710128784 827.467763826251 0 80.97476621717215 2742.671837061644 4036.224995665252 152.3279291540384 3.136997148394585 1.427192836999893 0 0 0 0.1884299516677856 1.272230565547943 0 0.2934727072715759 0 0 0.2117372453212738 0 0.4332076013088226 0 0 34.8355268239975 2.683054372668266 19.29892256855965 0 0 0 14.73070688545704 0.1265592724084854 0.3650951981544495 0 0.6394278332591057 0.3982793390750885 0.1864248067140579 0.179397851228714 0 0.1827830672264099 12.52962028980255 0.7996305078268051 0.2671761810779572 0 0.2733941674232483 3.309638917446136 0 0 2.789425686001778 4.359456852078438 130.208134368062 147.9339525848627 24.49100929498672 8.028321281075478 0.6380453556776047 0.1232755035161972 0.3227168470621109 7.373898521065712 6.188627421855927 3.784295074641705 0.3178032711148262 0.2912999242544174 0.3063684105873108 1.296998575329781 189.5277740433812 36.64982113242149 2.039653435349464 140.0290651917458 43.831807769835 35.79600422084332 6.110658831894398 2.448721654713154 0.5017379522323608 5.916617810726166 0.4039132669568062 5.3365193977952 3.469664268195629 0 1.64393699914217 3.712585516273975 0.305345892906189 0.7880522608757019 0.5274397730827332 2.076659247279167 0.2721938192844391 0.6442033648490906 0.5297534912824631 0.1076876148581505 0.4160781800746918 1024.893060669303 25.76382544636726 2.88757711648941 2.604961663484573 584.2641391456127 2.591854721307755 1.703808918595314 13.71092341840267 5.647356912493706 21.35772381722927 63.26884876191616 0.4395273923873901 36.56522895395756 74.79816147685051 35.70965766906738 9.375200927257538 97.84388642013073 182.9755604416132 80.08094000816345 94.06980159878731 1.192547172307968 1.381385132670403 0 0 0 0 0 0 0 0 0 0 0 0 0.3791007101535797 0 0 0 0 7.18814480304718 3.729217916727066 0 0 0.1822970807552338 65.99572679400444 4.978550583124161 45.47256584465504 0.8383643925189972 1.043248802423477 0 0 0 0 0 0 0 1.804474741220474 4.851087778806686 0 0 0 0.3541526794433594 0 0.2525137364864349 0.9774720072746277 0.5658557191491127 3.203631013631821 3.261486284434795 1.183849215507507 0 0 64.13505932688713 2.550477996468544 1.423643365502357 0.5312280803918839 0.610194705426693 0 0 0 0 0 111.032829888165 1.224867835640907 0 0 1.354575544595718 46.47545550763607 44.31551599502563 19.65243983268738 8.008351519703865 8.301877751946449 4.852762684226036 2.601131439208984 1.400797583162785 0.3928971290588379 0 0 0 0.3050949275493622 0.1610100120306015 0 0 48.00289258360863 10.4963643848896 14.87309601902962 278.7577421069145 10.84865459799767 122.4330659732223 19.40544312447309 904.1018299758434 17.09719125926495 1.721670672297478 35.01729616522789 80.60516095906496 1.911934390664101 43.14731582254171 1.481554917991161 79.2735354155302 5.362575799226761 0.1268617957830429 17.02958363294601 0.6162771582603455 0
77.54228518903255 462.6648452877998 4187.05046184361 21.97185304015875 1743.279582709074 12.60957142710686 98.55244696140289 5327.255534246564 4623.475515387952 80.97476621717215 0 157.2469604313374 1478.846145324409 3701.169890291989 65.12968441098928 74.19736896455288 1.353023335337639 1.462713927030563 0.3936909660696983 1.156477510929108 6.800709813833237 0 4.434300899505615 5.383423373103142 2.393870770931244 8.077746346592903 5.03329610824585 1.09902948141098 1.468470931053162 0.6267014443874359 1470.670063301921 916.4977928027511 1182.210615620017 0.953674241900444 4.028218440711498 7.315158635377884 258.436918258667 2.423208504915237 25.46072046458721 0.5362905114889145 61.86741054058075 39.1480890288949 0.5002831071615219 10.38166307657957 0.4640693068504333 2.220142237842083 110.4345585331321 4.017619378864765 1.193728595972061 0.4837506711483002 1.627548858523369 0.5542575716972351 0 0.6167329698801041 7.239531651139259 6.645120196044445 34.44044007360935 272.6228427141905 13.54637196660042 23.61019936949015 2.927949741482735 15.74679050594568 9.13893586397171 173.0926646888256 13.2644417360425 10.56138105690479 3.129976756870747 1.420278750360012 3.250380963087082 54.26589263230562 494.1737056523561 49.73492769151926 0.6688811630010605 124.9143987298012 173.211375258863 209.4410715922713 88.07271922379732 52.52448202669621 163.7595765143633 889.2150715738535 5.945878192782402 139.4212779477239 13.69558535516262 0.8810264840722084 5.040111966431141 9.390764661133289 2.234531655907631 0.4150732383131981 1.195751331746578 0.7157091796398163 0.634423054754734 1.169526785612106 27.67357797920704 3.718968778848648 8.479221671819687 145.8973085209727 3.839914567768574 0 21.09288942813873 62.94194047152996 0.5897568762302399 1.536524057388306 1.780347779393196 0.6942362040281296 4.033312559127808 10.76070016622543 0.152766227722168 5.131590984761715 9.618749253451824 3.639047980308533 2.161444097757339 12.11147498339415 40.7100613117218 15.18615197390318 40.72391448169947 1.510552398860455 2.234296098351479 0 0.2479900568723679 0 0 0 0 0 0 0.5727238059043884 0 1.910478055477142 0 0.1272494494915009 0.2173974961042404 0.5360236614942551 0 1.138704359531403 1.730676487088203 0.6416641473770142 0.1384121477603912 0.2041932493448257 0.2053652405738831 50.91668980568647 3.142701745033264 33.83808300644159 11.74329196661711 5.879431203007698 0.6914029121398926 0.2438221573829651 0 0.2049636095762253 0.173977792263031 0 0.1180525496602058 0.5277272164821625 3.131712444126606 0 0.1878180652856827 0 1.118666410446167 0.1706576347351074 0.2672913074493408 0.8382545933127403 0.1007874459028244 1.152854576706886 2.293780244886875 0 0.3339155614376068 0.1805568337440491 26.71467459201813 0.5272376239299774 0.4219038933515549 0.9301151409745216 0.1195312812924385 0 0 0 0 0.1524330079555511 87.47265215963125 8.244006872177124 0 0 0.1560261100530624 20.51369334757328 26.61788681894541 11.88131485879421 3.475878976285458 3.088067851960659 1.597913235425949 1.176014967262745 1.610778369009495 0.5275685489177704 0.1238887906074524 0 0 0.8308011442422867 0.1037233769893646 0 0 28.76403564214706 17.29940916597843 37.98890229314566 456.5330550968647 65.50840830802917 433.0242364257574 78.60210047662258 30.07854367047548 36.94131389260292 2.99364697188139 121.0789406001568 45.50514729321003 3.084118574857712 18.69954138994217 2.500723235309124 22.6475476026535 1.050052687525749 0.6774200797080994 8.5068169683218 8.433623850345612 0.1491624265909195
680.0765757113695 29.39800003170967 51.83148515969515 354.3893542438745 125.1298869103193 405.7573258578777 178.5515937507153 23.55645109713078 150.7996848076582 2742.671837061644 157.2469604313374 0 2498.620355725288 448.139168381691 36.6423097550869 57.41073155403137 1.622775718569756 1.211457565426826 0.3519090712070465 0.1588033735752106 1.610140517354012 0 0.267247773706913 0 0.1692414283752441 0.4751946479082108 0 0.3328010588884354 0 0 18.67878734320402 4.906476147472858 41.53719674050808 0 0.5639621168375015 0.1492365896701813 129.0278483778238 0.6766324788331985 1.969316251575947 0.4893708676099777 2.564587615430355 1.421336680650711 0.3385093212127686 8.952751874923706 0.1661001592874527 1.253971144556999 41.53791442513466 0.3204192519187927 0.6973419636487961 1.468931391835213 1.146612748503685 0.2796787023544312 0.4119009375572205 0 2.217501156032085 1.324243992567062 41.40881055593491 21.70669592171907 3.354989811778069 5.966961801052094 1.66981241106987 0.6853912621736526 0 20.27540946006775 4.17673859000206 3.461885146796703 0.8480788171291351 0 0.2056225836277008 3.292953297495842 216.3284965083003 59.45647317171097 0.5071687996387482 33.75177768617868 31.56574361026287 67.09954550862312 29.82205552607775 25.80327022075653 0.1448961794376373 11.29645179212093 0.4799694940447807 2.402343489229679 2.770163305103779 0.1336076408624649 1.493123389780521 2.186460398137569 0.5381456837058067 0 0.5663957968354225 0 0.1377098560333252 0.3897092342376709 1.192442566156387 2.021847143769264 0.7011966183781624 2339.4502055794 16.76842460781336 0.4723091423511505 2.03324905782938 211.4428964108229 7.873093605041504 5.672108106315136 15.24371562898159 4.30997933447361 23.98230613768101 73.31604019552469 2.151781529188156 35.50416906177998 97.71971584111452 30.51857028901577 11.02221556007862 109.0978122502565 243.8683215379715 122.2619608864188 168.976885959506 1.706789940595627 2.002825170755386 0.1886845231056213 0 0 0 0 0 0.1340843588113785 0 0 0.1537487208843231 0 0 0 0.1568314135074615 0 0.1996636092662811 0 15.91814550757408 4.664638787508011 0 0 0 74.97292035073042 3.078153654932976 46.89041418582201 4.027890771627426 1.046176508069038 0.1779797226190567 0 0 2.759864747524261 0 0 0 1.698024228215218 5.579159326851368 0 0 0 0.1887620538473129 0 0.6675039231777191 1.404783323407173 0.6476900577545166 2.85397069901228 7.497768588364124 0.1498315185308456 0.2105255424976349 0 70.89716768264771 1.668249160051346 1.279381901025772 1.53269100934267 0.1485817134380341 0 0.3020926117897034 0.08835001289844513 0 0.9327007681131363 189.8260037600994 1.716171219944954 0 0 0.1158833280205727 49.85422496497631 36.3311271071434 19.62043564021587 6.215137973427773 10.446029946208 7.591638259589672 1.897628396749496 2.149700246751308 0.4398823231458664 0 0 0 0.5466029122471809 0.675680510699749 0 0 102.2038787156343 27.05342949926853 18.53058224916458 262.1983588114381 31.7947164401412 168.3986435905099 37.5736962556839 261.1123411655426 17.71729132533073 1.738754473626614 68.19436068832874 78.07192961126566 1.199146181344986 41.53839208185673 2.905382923781872 76.96348041296005 8.278628766536713 0.8643337488174438 19.55411674082279 4.924614280462265 0
226.135257743299 625.4926438480616 453.6782961562276 724.8213697224855 650.4006230160594 176.0481179654598 4478.049478843808 382.0072814151645 2681.462455578148 4036.224995665252 1478.846145324409 2498.620355725288 0 6656.282553240657 118.576510488987 135.4345458820462 3.996636644005775 3.600840151309967 0.1230749040842056 1.125412493944168 2.528600007295609 0.5179801285266876 1.225187942385674 0.8074669390916824 0.1640977114439011 1.065897084772587 0.6705998554825783 1.865089118480682 0.146732822060585 0.1156155541539192 236.5340258926153 39.34476339071989 473.1709997951984 0.3018814846873283 0.2696031630039215 0.1480724364519119 101.8070942908525 1.221251651644707 4.054147034883499 0.7455689832568169 16.4832376241684 9.981058791279793 0.695455014705658 19.52524879574776 0.3500827848911285 3.379020564258099 180.5709621235728 7.364696614444256 2.100253820419312 2.940380789339542 3.338782556355 1.461778417229652 0 0.7219279557466507 6.517253592610359 9.364087969064713 49.4541642665863 110.6439233273268 14.22874406725168 33.63255454599857 5.582397095859051 7.128484196960926 1.907017260789871 87.93367972970009 17.40798819065094 14.77872295677662 3.090828940272331 0.2426636591553688 1.556613437831402 12.67080873996019 352.7341583073139 67.24111178517342 0 128.0464161485434 132.3904813304543 283.9093062281609 114.5228923037648 86.63021457195282 1.632496602833271 67.75275166332722 4.130346164107323 19.02027766406536 16.32994025945663 0.452627994120121 6.367726355791092 12.16153937578201 2.364747762680054 0 2.917019039392471 0.2637738436460495 1.288636147975922 1.780343994498253 5.785973459482193 3.317978501319885 2.498550482094288 1716.093805640936 7.508415095508099 0 6.132364049553871 125.3007859364152 5.687615215778351 6.501434728503227 24.02099239826202 8.722787588834763 37.77322015166283 103.6332930773497 3.261716693639755 53.38506155461073 138.9175913110375 49.84839649498463 14.14196221530437 179.5773850530386 378.0129703953862 146.7969246804714 227.1100705340505 1.63472992926836 3.523260965943336 0 0 0 0 0 0 0 0 0 0.3430615290999413 0.2713241130113602 0.5142834186553955 0.3298871368169785 0.421341136097908 0.5749386996030807 0.2086394429206848 0.5210035592317581 17.30154134333134 9.844412937760353 0 0 0 100.8084230050445 4.206461012363434 70.67697867006063 5.833242326974869 3.782897785305977 0.2234192788600922 0 0 1.265859365463257 1.937852203845978 0.1608927100896835 0.2297404557466507 2.612318895757198 6.429542347788811 0 0.319017767906189 0 0.5380069464445114 0.8009354770183563 0.3742679730057716 1.026014104485512 0.2814122289419174 4.594136670231819 7.78691128641367 0.2776777893304825 0.6595299243927002 0 109.4116913452744 1.782130226492882 1.103686586022377 1.859998978674412 0 0.2758537232875824 0 1.174366548657417 0.09274568408727646 0.3721942752599716 302.4985939264297 5.219867676496506 0 0 0.2571824491024017 95.02303715795279 94.01544757187366 45.33028988540173 7.467987395823002 13.71396473050117 12.55651018768549 3.336076594889164 4.570866711437702 0.5015529692173004 0 0 0 1.008980311453342 0.1941356807947159 0 0.2690035998821259 172.6953942924738 40.67648606002331 38.99622631818056 723.7330803945661 140.6837237104774 588.3859139755368 128.0716105848551 189.6430113688111 61.04741841554642 5.796932235360146 180.8673795238137 110.3321671336889 6.432829290628433 59.42866192013025 6.446974858641624 97.15166965126991 10.60227411985397 2.022433407604694 26.16139970719814 22.06930023431778 1.603667289018631
