0 5296.209015287459 464.7700754702091 1187.246849775314 384.8809143379331 111.2786007076502 612.2885320335627 173.0648076087236 161.8442203849554 3047.330793067813 437.2393495216966 127.3751358836889 604.3433427587152 442.1383516564965 13.7084638774395 1.240653321146965 0.1763090491294861 0 0 0.1306214332580566 0 0 0 0 0 0 0 0.1210358515381813 0 0 332.1625486463308 1.590234890580177 4.93075829744339 0 0 0 1.381559699773788 0.1113855540752411 0.1393736153841019 0 0.1785144656896591 0 0 0.3057301193475723 0 0.717797078192234 32.52973057329655 0.219560518860817 0 0 0.5720898807048798 0.3221240639686584 0 0 7.359415397047997 8.898241452872753 210.5475581884384 1470.365739353001 30.69321355223656 30.31690857559443 0.1255757361650467 2.17027747631073 0.1628827750682831 0.8673200607299805 0.6414630115032196 1.554356105625629 0.7321780323982239 0 0.4171158671379089 0 11.09569471329451 2.838310763239861 0.3305771946907043 498.8556658700109 86.43914162367582 121.861104555428 1.669086962938309 0.3748321086168289 46.3628466874361 158.5573944449425 0.304129496216774 27.34185386449099 10.89765371382236 0.2940909564495087 0.4335558041930199 0.8830485045909882 0.3812112957239151 0 0.1483402848243713 0.634774923324585 0.2587158530950546 0 0.1748089492321014 0 0 75.34204012155533 0.3759349882602692 0 0.2902327924966812 1192.132534250617 0 0 0 0 0 5.620285600423813 0 1.422676339745522 0 0 0.4204259216785431 3.241303145885468 0.9220202565193176 2.250085949897766 0 1.224096238613129 0 0 0 0 0 0 0 0 0 0 0 0 0 0 0 0 0 0 0 0 0 0 0 0.9692956805229187 0 0 0 0 0 0 0 0 0 0 0 0 0.2398530095815659 0 0 0 0 0 0 0 0 0 0 0 0 0 0 0 0 0 0 0 0 0 0 0 0.7616983950138092 0 0 0 0 0.3975439518690109 0 1.360874861478806 0 0 0 0 0.4180432558059692 0 0 0 0 0 0 0 0 1.082844078540802 0.3984750509262085 2.072255492210388 32.60482759773731 6.996640920639038 72.82944889366627 29.97153729200363 593.9004767760634 16.46632654219866 0.9354641139507294 4.246668003499508 1.836240850389004 0.6506293416023254 1.977688819169998 0 0 0 0 0 0.1377534121274948 0
5296.209015287459 0 1344.672232344747 626.2363046184182 2893.443430915475 740.8692792877555 3392.297561496496 1111.135770484805 1888.117492340505 1270.16841994971 2487.521722309291 9.128315597772598 1791.666643358767 2806.110559977591 219.0668038651347 17.91177792102098 1.844410195946693 0 0.1204972416162491 1.131104469299316 0.8789752125740051 0 0.1331058144569397 0.2614413723349571 0.4550944268703461 0.6529634818434715 0.5048113837838173 0.9012711644172668 1.356702797114849 0.2643942013382912 2572.033633232117 27.29316144436598 23.81186529994011 0 0 0.7665849030017853 5.882602721452713 0.3640433102846146 3.417750053107738 0.8391221463680267 1.125642985105515 1.203441396355629 0.1574814766645432 1.11963127553463 0.126440167427063 0.9853015393018723 383.7155682444572 3.294884607195854 0.2739607691764832 0.9299654364585876 2.284567303955555 0.7016924023628235 0.3745866790413857 0.732428140938282 41.8700570166111 42.1101613342762 138.5200935080647 1617.194786414504 32.0176364928484 130.0344998613 1.553385630249977 3.85593519359827 0.7769854515790939 46.87779458612204 8.072858519852161 11.24065940082073 2.869764447212219 0.4686567336320877 1.025136806070805 2.241305753588676 18.98667309433222 13.54580491781235 0 1077.058807499707 332.8680110052228 1015.399801284075 53.03480143845081 3.059235662221909 327.2171260043979 736.459081619978 1.742932520806789 210.2141279578209 60.06955314427614 1.453632190823555 5.93920224905014 8.51846956461668 4.686449863016605 0 1.852202907204628 0.1447825580835342 0.3063549399375916 0.5960404127836227 1.302190706133842 0.6268061995506287 1.412407591938972 89.26177501678467 16.04300113767385 0 3.106164380908012 1463.7775227651 1.980425536632538 0 7.517681747674942 1.917690515518188 3.724470257759094 133.5099929720163 1.34178102016449 45.12625536322594 7.706570222973824 1.206453382968903 0.5420169830322266 78.78692516684532 20.72034874558449 29.56507851183414 9.56099359691143 3.645352602005005 1.337050259113312 0 0 0 0 0 0 0 0 0 0 0 0 0.3824898451566696 0 0 0 0 4.86872997879982 5.199618995189667 0 0.3533217161893845 0 12.90700639784336 1.322601020336151 2.135169476270676 1.318091966211796 0.3125346824526787 0 0.1058024764060974 0 0 0 0 0 5.923122480511665 30.11958409845829 0.247372180223465 0.6291403770446777 0 0.1008218303322792 0.2712580561637878 1.059788167476654 7.845837339758873 0.3236097022891045 1.320949643850327 3.825519740581512 0 0 1.0717613697052 8.861746832728386 0.7005594968795776 0 3.615438371896744 0.9605242013931274 0 0 0 0 0.1559989899396896 48.59397001564503 0 0 0 0.1249907314777374 46.97154511511326 1.967914313077927 26.52045628428459 15.67334154248238 8.67302218079567 21.75459840893745 1.391774266958237 0.9307839572429657 0.6802365183830261 0.1142629384994507 0 0 0.2945946156978607 0 0.1749850511550903 0 30.87660129368305 42.41304128617048 18.17649537324905 304.6467724889517 64.58643286675215 406.912496432662 90.79721600562334 1053.23251182586 45.23851005733013 6.768793284893036 37.41536697000265 26.80865813046694 0 46.16527853906155 1.944074213504791 5.493110403418541 2.09373739361763 0 8.195819109678268 0.9700176268815994 0
464.7700754702091 1344.672232344747 0 3.269905060529709 828.697872646153 6.3816909044981 74.28370257467031 4929.642774961889 718.9600636065006 2.833831302821636 4908.921670697629 2.118816718459129 547.4624301791191 2167.782376132905 70.08486199378967 21.37931200116873 9.85001278668642 4.514860242605209 0.2758136093616486 9.49680931866169 8.031332209706306 0 0.8217777162790298 0.290713757276535 0.4941996857523918 0 0.1444359570741653 1.203974351286888 0.3777841478586197 0 3684.694330580533 595.5547222718596 57.87983883172274 4.079258814454079 1.166220352053642 2.094214469194412 5.262357614934444 0.4364137649536133 3.589479580521584 0.3016342520713806 7.925094351172447 3.797457352280617 4.150998078286648 3.638934172689915 5.155105657875538 9.934519395232201 89.61944337189198 4.637834824621677 0.6489106044173241 6.581148356199265 2.07779435813427 0.8541947156190872 0 1.443149738013744 8.443427659571171 8.953362829983234 41.62604330480099 780.0960097014904 7.304068952798843 23.53831284493208 14.14503648877144 32.69443315267563 9.528615981340408 168.4319007024169 2.140437215566635 2.143204100430012 1.423398643732071 0.8010065704584122 8.440340146422386 23.44858264178038 4.473387815058231 2.208178326487541 0.1558811068534851 282.4685104414821 142.2572265416384 240.5673785507679 40.3085500150919 8.701158612966537 1800.205381982028 2025.090915359557 59.78296396136284 2004.371196627617 11.41807817667723 0.2054751813411713 1.902505032718182 1.341386884450912 5.046935610473156 0 0.9819817543029785 0.4076299592852592 0 0.3092569410800934 2.904709674417973 0.5351647660136223 1.846117630600929 5.602840587496758 2.158295899629593 0 1.558758839964867 450.3956667333841 1.617697834968567 0 0 0 0.7982071042060852 17.06885127723217 0 3.266542926430702 1.937603563070297 0 0.2049819827079773 5.398842975497246 1.397906199097633 1.079140603542328 2.610599011182785 0.697316974401474 0 0 0.365351676940918 0 0 0 0 0 0 0 0 0 0 0 0 0.3922007456421852 0 0.2973347902297974 0 0 0 0.8631656095385551 0 1.30431217700243 0.2761067152023315 0.9559922888875008 0.5438306257128716 0.4336331710219383 0.1349099725484848 0 0.1530628651380539 0 0 0 0 0.7501524686813354 2.977273195981979 0 0 0.2441671341657639 0.5575108751654625 0 0 0 0 0 2.232215285301208 0 0 0.7852932065725327 0.8280326128005981 0 0 0.2103161215782166 0 0 0 0.1428681463003159 0 0 9.698662713170052 1.09541392326355 0 0 0.2965942919254303 8.488694161176682 1.269690692424774 0.5188779085874557 0 1.614199280738831 0.8194720149040222 0 0 0.1155082061886787 0 0 0 0.2196936309337616 0 0 0.2283891886472702 4.711711257696152 4.706711500883102 5.364626318216324 55.25497893244028 22.76960249990225 94.8554692864418 20.02771275490522 45.09389751404524 8.749783284962177 1.377500548958778 11.89224583655596 3.588014468550682 0 4.542705304920673 0.1284533441066742 0.1033667251467705 0.9629727452993393 0 0.9423960745334625 0.5735028684139252 0
1187.246849775314 626.2363046184182 3.269905060529709 0 22.25372996926308 305.5952796936035 624.5266057774425 0.8122885823249817 137.2557810097933 2319.716292321682 5.754939690232277 219.905442789197 1279.939367115498 140.5090356320143 8.566261380910873 0.1551840156316757 0.1031171306967735 0 0 0 0 0 0 0 0 0.1208699867129326 0 0 0 0 18.63695375621319 0 0.1137366518378258 0 0 0 0 0 0.1035325080156326 0.1242913827300072 0 0 0 0 0 0 16.69937456399202 0.1818274408578873 0 0 0 0 0 0.1638287901878357 3.065381154417992 3.252869114279747 13.93665929883718 77.55606317520142 3.444660633802414 10.8338528573513 0 0 0 0.4768614619970322 0.08399803191423416 0.4691140949726105 0.2906040549278259 0 0 0 0.1336387246847153 0.3801735639572144 0 87.34044786542654 22.09568313509226 58.21762183308601 1.624632187187672 0.5443277731537819 0.2108509391546249 2.824650034308434 0 0.6594292297959328 5.371722221374512 0 0.2902214899659157 1.065993815660477 0.2534455209970474 0 0.206652820110321 0 0 0 0 0 0 16.94528098404408 0 0 0.1189847812056541 178.5675735473633 0 0 0 0 0 4.396769419312477 0 1.058354556560516 1.185353353619576 0 0 1.48258663713932 0.378140389919281 0 0.9795171022415161 0 0 0 0 0 0 0 0 0 0 0 0 0 0 0 0 0 0 0 0 0 0 0 0 0 0 0 0 0 0 0.1519735306501389 0 0 0 0 0 0 0 0 0 0 0 0 0 0 0 0 0 0 0 0 0.3081391453742981 0 0 0 0 0 0 0 0 0 0 0 0 0 0 0.2400520145893097 0 0 0 0 0 0 0 0 0 0 0 0 0 0 0 0.7775525152683258 0.1815505623817444 0 10.92634483426809 2.523365706205368 21.07422932237387 5.559735797345638 228.6116040721536 2.293195657432079 0.3577748686075211 0.7703030705451965 1.067937105894089 0 0.6833475828170776 0 0 0 0 0 0 0
384.8809143379331 2893.443430915475 828.697872646153 22.25372996926308 0 22.19539088010788 3873.415788292885 112.5481690838933 6200.862865649164 38.01135528087616 438.1243901476264 1.590525291860104 1361.099162213504 1293.094153337181 70.3391717299819 5.736406601965427 0.1080692484974861 0 0 0 0.2524442225694656 0 0 0 0.2322843074798584 0.1308145523071289 0 0.1338436305522919 0.8656072020530701 0 175.4841630235314 2.507073856890202 0.9728419929742813 0 0 0 1.943381324410439 0.211672842502594 0.7071023657917976 0.2266904637217522 0.528115525841713 0.5077401027083397 0 1.138786315917969 0 0 123.6771450638771 1.128147386014462 0 0 0.6420165523886681 0.5274195075035095 0.1517453342676163 0.3944123536348343 8.756232045590878 10.81766943633556 10.16432186961174 93.73391278833151 3.232491701841354 23.3874057084322 0.4447482973337173 1.590751774609089 0 9.584383189678192 2.686132527887821 1.506779246032238 0.645656630396843 0.3407607823610306 0.2578803449869156 0.3680209368467331 7.965047389268875 6.31883205473423 0 107.6431415677071 40.51403041929007 202.1393060833216 18.16028618812561 0.943066194653511 2.898328065872192 9.104712799191475 0.09208355098962784 4.41229684650898 12.3929835036397 0.337669312953949 2.116370283067226 2.767611563205719 1.289482519030571 0 0.2498600333929062 0 0 0.3235086500644684 0.2712896466255188 0.1318109333515167 0.6465024203062057 11.30902923643589 4.50980532169342 0 2.47403809428215 56.88085665553808 0 1.024033546447754 1.377415686845779 0 1.268064677715302 69.81601856648922 0 22.18240474164486 10.71714322268963 0.7726790308952332 0.2875026762485504 45.2992133051157 10.36573415994644 9.311897605657578 11.97597305476665 0.373809427022934 0 0 0 0 0 0 0 0 0 0.1089321300387383 0 0 0 0 0 0.0887783095240593 0 0 1.540446043014526 1.49434107542038 0 0 0 7.898917585611343 0 0 0.6412366628646851 0 0 0 0.1435734033584595 0 0 0 0 3.34686353802681 8.057239837944508 0 0 0.2268559485673904 0.8043553233146667 0 0.18472720682621 1.090806543827057 0.1943142712116241 0 2.439877331256866 0 0 0 3.616510853171349 0 0.2332455515861511 0.2307250499725342 0.1842019557952881 0 0 0 0 0 25.70182858407497 0 0 0 0 23.15573112666607 3.595376133918762 11.64779525995255 6.168152749538422 4.552230924367905 6.552158206701279 1.307717442512512 0 0 0 0 0.2087124288082123 0.299286887049675 0 0 0 15.35115845501423 22.06414923071861 6.026805713772774 79.90857423841953 18.86180217564106 108.5911175012589 17.34519954025745 80.36971024423838 12.78412339836359 1.363759554922581 8.130897961556911 10.90786527097225 0.575580358505249 16.04276570677757 0.863838255405426 1.729308664798737 1.837146520614624 0 3.631755381822586 0.5242451131343842 0
111.2786007076502 740.8692792877555 6.3816909044981 305.5952796936035 22.19539088010788 0 280.2717755585909 2.463086023926735 79.89583422243595 1512.205198779702 18.2562450915575 365.3951588124037 609.556037902832 205.2493219524622 3.392054602503777 2.764260187745094 0.656749963760376 0 0 0 0.3989596366882324 4.475474029779434 0 0 0 0 0 0 0 0 5.348818421363831 0.1423253118991852 49.3030311614275 0 0 0 44.31141795217991 0 5.748322829604149 0 0.2312364280223846 0 0 0 0 0 3.229651995003223 0.196418359875679 0 0 0 21.49168248474598 1.275319769978523 0.957872673869133 0.1332862675189972 1.442611321806908 138.4705865234137 52.55516786873341 3.565147444605827 0.9468862563371658 0 3.777102112770081 0 0.2492376863956451 0.2225053831934929 0 0 0 0 0.7364060282707214 191.2906547188759 86.77491980791092 3.591750100255013 8.680228292942047 3.013496100902557 4.896972015500069 1.020440593361855 0.1928276568651199 0 29.60296310484409 0 3.52697280049324 0.4260466918349266 1.677037507295609 0 0.6853005290031433 0.4369934052228928 7.983844757080078 1.584709510207176 13.07218363136053 0.8870588839054108 2.975497841835022 0.1511041074991226 0 0.3270250260829926 445.1647598147392 57.59878584742546 11.55726218223572 3.811515182256699 565.5514788478613 0 0 0 0 0 1.457435488700867 0 0.3273298740386963 0 0 0.1999226957559586 0.1516118347644806 0 1.340861976146698 0 0 0 0 0 0 0 0 0 0 0 0 0 0 0 0 0 0.1748955398797989 0.3296686708927155 0.3520925939083099 0.2670750617980957 0 0 0 0 1.070842877030373 0 0.2341498881578445 0 0 0 0 0.1414148509502411 0 0 0 0 0 0 0 0 0 0.2212010622024536 0 0 0.4675066471099854 0 0 0.6628040671348572 0 0 0 0 0 0 0 0 0 0 0 0 0.309714138507843 1.319535568356514 0 0 0 0.1564131826162338 0.2142618149518967 0 0 0 0 0.4692292809486389 0 0 0 0 0 0 0 0 0 0 0.446307435631752 2.688979983329773 0 6.707604840397835 2.536584138870239 8.198093883693218 1.398145690560341 93.54092666506767 0.3984386548399925 0.8336979746818542 1.246699027717113 0.3818289935588837 0 0 0 0 0 0 0 0 0
612.2885320335627 3392.297561496496 74.28370257467031 624.5266057774425 3873.415788292885 280.2717755585909 0 6.108377121388912 1640.864301905036 1285.534407883883 76.83837854862213 8.31014671176672 4298.456131659448 572.9137885719538 115.5041333809495 8.220809265971184 0.9446870088577271 0.3015960305929184 0 0.1298263072967529 0.700871154665947 0 0 0 0.5143834128975868 0.2996339648962021 0.1545718610286713 0.3518706485629082 0.5791197195649147 0.2449149712920189 163.8901694267988 0.2622720748186111 5.120357498526573 0.1190665513277054 0 0 5.336808830499649 0.3777076080441475 1.761229909956455 0.1479627639055252 0.3983521535992622 0.3140388876199722 0 0.7253850921988487 0 0.692934088408947 203.2105575427413 2.45344627648592 1.842130288481712 0.2657030373811722 2.126116193830967 0.1147720143198967 0 0.2221173122525215 18.98821820318699 16.68988294899464 27.3968538120389 169.5346022695303 6.49649316072464 47.10128726810217 0.4828931391239166 1.574279777705669 0.2604147419333458 12.10247604548931 4.996368102729321 4.909643702208996 1.634422518312931 1.161901265382767 0.3043526783585548 0.3332615718245506 20.69463348388672 11.82462978363037 0 284.2041780799627 93.72745802998543 429.4908385276794 23.05726733803749 0.7736497968435287 0.2605043351650238 5.733603447675705 1.007024273276329 2.736420750617981 24.25442854315042 0.409708671271801 4.11563815921545 4.304502077400684 1.930731669068336 0.1077727004885674 0.5884852036833763 0.1121422797441483 0 0.1296922415494919 0.8440815508365631 0.1290336549282074 0.9811340868473053 104.0360528156161 8.418128803372383 0 1.334605872631073 118.1664864867926 6.196295246481895 0 9.572368770837784 3.250654309988022 1.206228688359261 202.5257809609175 1.567231237888336 65.93780709803104 41.29713709652424 1.269681617617607 3.761197358369827 157.0179655402899 40.35110101103783 43.55479241907597 22.60531201958656 3.598378136754036 0.7381128370761871 0.4123425483703613 0 0 0 0 0 0 0 0 0 0 0 0 0 0 0 0 8.059495404362679 6.363494724035263 0 0 0.3302056491374969 14.80972847342491 0 1.321787230670452 0 0 0 0.4935395419597626 0 0 0 0.1432178020477295 0 9.215268507599831 26.10136286169291 0.6397737860679626 0 0 0 0 1.325951531529427 9.483405992388725 1.060365602374077 0.9422692656517029 6.652025267481804 0 0 0 9.901806831359863 0 0.5187556743621826 1.297326110303402 0.3627797067165375 0 0 0 0 0.1369738876819611 65.83530271053314 3.814368784427643 0 0 0.2202855050563812 44.65454958379269 1.180040717124939 28.77731594443321 17.09733337163925 6.978246584534645 16.19777451455593 4.127467267215252 2.181672170758247 1.133199289441109 0 0 0 0.1319031268358231 0 0 0 39.7886053621769 54.42495408654213 18.23040154576302 147.3150412887335 33.63585959374905 189.4675494506955 36.95357912778854 380.441317781806 22.86189197748899 2.891023360192776 13.86645127087831 26.39173178374767 2.311870142817497 58.76994487643242 1.771998845040798 6.808494806289673 4.566276386380196 0.2309984266757965 10.68440374732018 0.6554919928312302 0
173.0648076087236 1111.135770484805 4929.642774961889 0.8122885823249817 112.5481690838933 2.463086023926735 6.108377121388912 0 233.4787081480026 1.114223696291447 3916.117098145187 2.517588838934898 143.1716312542558 990.9314005598426 52.97660010308027 11.08512733131647 2.035548970103264 2.274283483624458 0.4229903817176819 6.121108084917068 5.615939274430275 0 1.196363568305969 0.2692897617816925 0.5246737599372864 0.3753191232681274 0 1.053393125534058 0 0 1920.400021515787 544.6566935703158 29.59893310070038 2.123077347874641 1.71327032148838 1.28312948346138 4.119099318981171 0.5295524224638939 2.497796475887299 0 4.88242119550705 3.414188653230667 1.931743144989014 2.542671769857407 4.111560747027397 9.935219615697861 66.40114962309599 2.388857163488865 0.9251339733600616 6.224392354488373 1.694663465023041 0.6463371068239212 0 0.5686462968587875 2.10839556157589 3.463286623358727 7.256911545991898 152.1403518617153 1.651025660336018 12.53799219429493 20.09889800846577 52.81990817934275 5.866659373044968 225.6888499781489 1.407955065369606 0.9384037628769875 0.9942123293876648 0.7512838616967201 8.356720104813576 16.60620084404945 2.680082470178604 0.9686456173658371 0 79.60143918544054 42.85462715476751 129.7404339239001 42.56551359593868 41.6853826791048 653.8832283616066 1204.051478222013 128.1833229884505 1382.97183188051 6.837322443723679 0 0.4289856031537056 0.8901583477854729 7.068448431789875 0 0.4581749215722084 0 0.1654368489980698 0 2.824540004134178 0.3922947347164154 0.8656553328037262 0.9732899814844131 0 0.7063185721635818 0.6492492258548737 59.08904427289963 0 0 0 0 0 0.9648966640233994 0 0.7816962897777557 0 0 0 1.152986645698547 0.2069076150655746 0 0.3402185440063477 0 0 0 0 0 0 0 0 0 0.1425328552722931 0 0 0 0 0 0 0.1467842012643814 0 0 0 0 0 0 0.1627797335386276 0.3778104558587074 0.6962360739707947 0.3153337687253952 0.6489439755678177 0.9171824008226395 0 0 0 0 0 0 0 0 0.5679474622011185 0 0 0 0.2651874274015427 0.4530003219842911 0 0.3971437141299248 0 0 0 0 0 0.3829230070114136 0.9312050938606262 0 0 0.3592697978019714 0 0 0 0 0 0 1.182318240404129 0.3510791957378387 0 0.2044878304004669 0.3465652465820312 1.013326436281204 0 1.14236319065094 0 0 0 0 0 0 0 0.1265304386615753 0 0 0.1026173308491707 0 0 0.2460206747055054 1.746089845895767 0.150657907128334 58.48639135807753 11.52636108547449 76.81006844341755 11.55875535309315 20.27498381584883 7.426874525845051 0.5624072253704071 6.513527773320675 1.904413461685181 0 0.6570493429899216 0 0.6473251581192017 0 0 0.1801161766052246 0.2866076156497002 0
161.8442203849554 1888.117492340505 718.9600636065006 137.2557810097933 6200.862865649164 79.89583422243595 1640.864301905036 233.4787081480026 0 447.9190545454621 2877.646074213088 3.438967518508434 6190.966299638152 2617.499598562717 150.0754077881575 15.25101449340582 0.9903803169727325 0.3764879480004311 0 0.3688710778951645 0.2949829548597336 0 0 0.1491547822952271 0.2582733929157257 0.4799193367362022 0.2037029936909676 0.3135248124599457 1.33026260882616 0.3622091338038445 151.5140195712447 1.835263848304749 4.617817707359791 0 0 0 4.461272053420544 0.4048543870449066 4.498531624674797 0.112600214779377 0.2332140207290649 0.3687113076448441 0.1111606732010841 1.935791403055191 0 0 202.9159981235862 2.051868103444576 0.7383130937814713 0.2286865636706352 2.945999793708324 0.8216907158493996 0.3129560798406601 0.963667206466198 11.05093342065811 11.83610559254885 10.68574917316437 97.75457958132029 7.317450076341629 39.03040115535259 0.4776768982410431 1.098099835216999 0 16.99336306005716 3.734146289527416 4.141622260212898 1.446415990591049 1.503860667347908 0.5271644368767738 1.078943692147732 23.11500817537308 27.92771207541227 0 142.2051992565393 48.28565323352814 326.9257610142231 34.45003483444452 2.892291620373726 1.171651862561703 9.63468924164772 0 5.904100522398949 23.09104904532433 0.5326910614967346 2.907709889113903 2.351052731275558 4.181058473885059 0 0.6480334103107452 0 0 0.1211977303028107 0.68927301466465 0.2696753740310669 2.017789699137211 164.6840358227491 9.291892282664776 0 3.252370536327362 48.42586809396744 5.52372807264328 0.2464057058095932 17.70152647793293 6.173686593770981 5.353269830346107 586.0407600402832 1.069932460784912 190.3711101934314 66.44154259562492 16.82631772756577 10.34698492288589 392.9408259689808 108.6705712974072 139.9619847685099 58.57494348287582 8.5135737657547 2.794869959354401 0.8481251299381256 0.2416239678859711 0 0 0 0.2258974015712738 0 0 0 0 0 0 0.11021888256073 0 0 0.9008852541446686 0 22.28770573437214 14.52945196628571 0 0.4241881668567657 0 33.14225506037474 0.8868888020515442 3.800374150276184 0.4524368941783905 0 0.2497483044862747 0 0 0 0.1772341877222061 0 0 14.49061972647905 87.01892641186714 1.222608730196953 0.7529258280992508 0.4011663049459457 0 0 2.323535412549973 15.11213585734367 0.3519029319286346 4.645247653126717 7.770744033157825 0 0 0.1473236531019211 21.18995575606823 0 2.65092559158802 4.631450206041336 0.4469304531812668 0.4289903044700623 0 0 0 0.8772713840007782 145.6838909089565 2.590910673141479 0 0 0 154.1638892441988 5.545812755823135 46.49363347887993 23.20265826582909 17.83258610963821 40.45480909943581 7.990985676646233 4.718128979206085 0.7759039998054504 0.3033975660800934 0 0.2494937479496002 0 0 0.2042169570922852 0 127.4484100341797 117.9656201303005 43.73891139030457 207.5194825157523 46.73818408697844 256.0792029127479 45.06061144173145 142.221967279911 29.51131235063076 1.781737096607685 32.79689512401819 42.8813396692276 2.289722368121147 92.66121359169483 6.624975055456161 8.544909209012985 8.45132614672184 0 14.18308335542679 0.6284836232662201 0.650698721408844
3047.330793067813 1270.16841994971 2.833831302821636 2319.716292321682 38.01135528087616 1512.205198779702 1285.534407883883 1.114223696291447 447.9190545454621 0 6.092905417084694 3697.259190142155 12535.24698869884 663.0195521265268 15.21860902756453 2.062499940395355 0 0 0 0 0 0 0 0 0 0 0.1360824853181839 0.1453662514686584 0 0 32.73339559137821 0 5.794007837772369 0 0 0 10.79733848571777 0 0.1172572076320648 0.3849571719765663 0 0 0 0 0 0 36.93660809099674 0.2513191029429436 0 0 0 0 0 0 8.400230422616005 8.344264753162861 75.65418621897697 169.4445412158966 7.15099036693573 17.27538023144007 0.3208565711975098 0.4774346500635147 0 1.343475550413132 1.627091802656651 1.087413676083088 0.2662438377737999 0.2861147075891495 0 0 14.8678954988718 6.011234119534492 0 207.412153609097 44.80998772382736 110.2833585813642 2.322839371860027 0.411289393901825 0.1153406724333763 3.568949475884438 0 0.2542148008942604 6.979511387646198 0.4884781539440155 0.65511404722929 0.6940529271960258 0.2673560827970505 0 0 0 0 0 0 0 0.2489728182554245 583.3686306923628 1.946211159229279 0 0.4673108458518982 786.0850728154182 1.118669748306274 0.9277922809123993 1.42995423078537 0.2256570905447006 1.218302711844444 181.3572922945023 4.894410610198975 41.49773925542831 34.81889347732067 14.29516443610191 1.724773019552231 172.9767863452435 58.42395959794521 77.65333746373653 8.376452088356018 2.711666956543922 1.272345960140228 0 0 0 0 0 0 0 0 0 0 0 0 0 0 0 0.8556617498397827 0 1.410778924822807 1.71724060177803 0 0 0 2.223033264279366 0 1.335861578583717 0.6676045060157776 0 0 0 0 0 0 0 0 3.376440107822418 7.271669611334801 0 0 0 0 0.1032227799296379 0 1.927227973937988 0 0 1.696288019418716 0 0 0 2.720203623175621 0 0.6859366297721863 0.3850184082984924 0 0 0 0 0 0 23.43684469163418 0 0 0.2755785882472992 0.1910550445318222 20.57009647786617 0.5945357084274292 3.008516073226929 1.375444024801254 3.352732360363007 3.820456936955452 0.9286031126976013 0 0.6596980690956116 0 0 0 0 0 0 0 57.48743054270744 13.00851055979729 6.643383860588074 42.53018471598625 6.525532796978951 48.77598401159048 14.87606561928988 1403.822752654552 8.316154293715954 0.7590208351612091 5.065209165215492 14.57947493344545 0.3781438171863556 11.70026288926601 0.26463982462883 1.153723955154419 0.6720472574234009 0 4.541298031806946 0 0
437.2393495216966 2487.521722309291 4908.921670697629 5.754939690232277 438.1243901476264 18.2562450915575 76.83837854862213 3916.117098145187 2877.646074213088 6.092905417084694 0 13.27082344889641 2848.653952777386 9523.957347750664 144.3829950690269 30.84306058287621 8.940717771649361 0.1936977505683899 0 1.959270820021629 1.019317090511322 0.2878496646881104 0.131522610783577 0 0 0.3141954392194748 0.1324774473905563 0.6946320459246635 0.9991493076086044 0 482.6309629231691 17.72245333343744 70.87861143052578 0 0.4257434010505676 0 36.0759841427207 0.1544175148010254 1.852134346961975 0.8078498095273972 0.3246358633041382 0.6256063133478165 0 9.321583852171898 0 1.062016785144806 182.8964072912931 1.783134452998638 0.513686403632164 1.3080163449049 2.296462260186672 0.3501866981387138 0.1751077473163605 0.7637515887618065 8.548600427806377 7.490175731480122 12.33526284992695 166.7481471896172 4.01639074832201 24.43251994252205 0.4668911620974541 13.4158476665616 1.565149813890457 21.66176462173462 3.548672020435333 4.096204906702042 1.137014850974083 0.7474195286631584 1.711465172469616 1.578366130590439 20.61889035999775 7.706575214862823 0 123.9775716140866 52.63164352625608 271.5394332185388 49.76482752710581 11.96446613967419 97.85475504398346 367.2739232778549 1.10402424633503 272.1985718086362 15.92204467952251 0.4185431599617004 3.901236407458782 2.350035920739174 2.911420188844204 0 0.7147041261196136 0 0 0.1996739059686661 0.7644926607608795 0.4498938024044037 1.906792350113392 29.98698881268501 4.588075995445251 0 1.757681623101234 115.9222844094038 0 0 0.3177804052829742 0.3643797039985657 0.5388371348381042 23.17439259588718 0 8.348566368222237 0.5043819695711136 0.4110478758811951 0.4720862507820129 12.54643824696541 3.583646312355995 2.640951216220856 3.31798367202282 0 0 0.6138585209846497 0 0 0 0.1588534265756607 0 0 0.181750476360321 0 0 0 0 0 0 0 0 0 1.052463889122009 1.075311273336411 0 0 0 4.250683486461639 0 0 0 0 0 0.1465474218130112 0 0 0 0 0 0.2785663902759552 3.00038006901741 0 0 0 0.1438584923744202 0 0 0.3884768187999725 0.2523880898952484 0 0 0 0 0.2472832649946213 0.969624936580658 0 0 0.09316901117563248 0 0 0 0 0.119919940829277 0.35834701359272 15.98426014184952 1.680280208587646 0 0 0.2958283424377441 9.972145989537239 0 5.02443890273571 0.2917866408824921 0 0.8965909779071808 0 0 0.3081830739974976 0 0 0 0 0 0.228984534740448 0 7.252576008439064 15.04440478980541 3.676664188504219 145.6119424253702 46.29649249464273 179.6776046305895 31.76210242509842 61.22532291710377 18.08536484092474 2.318910367786884 19.18176787346601 4.57026681303978 0.3957031667232513 6.104501530528069 1.054297491908073 0.774444580078125 1.115431010723114 0 0.14207524061203 1.259459614753723 0
127.3751358836889 9.128315597772598 2.118816718459129 219.905442789197 1.590525291860104 365.3951588124037 8.31014671176672 2.517588838934898 3.438967518508434 3697.259190142155 13.27082344889641 0 1629.464098215103 69.35085187107325 20.78173124790192 8.148391656577587 3.233910769224167 0 0 0 0.1814644485712051 0 0 0 0 0.1391584873199463 0 0 0.6329214572906494 0 1.796669773757458 0.3029239773750305 5.225458949804306 0 0 0 16.18458336591721 0.2649680078029633 0.6462126821279526 0 0 0.1442037969827652 0 1.875967726111412 0.1668550223112106 0 25.99493906646967 0 0 0 0.3789486065506935 0 0 0.2764818668365479 2.043456867337227 1.483699299395084 15.78172197192907 16.90977248549461 1.218677043914795 4.581530809402466 0 1.658713191747665 0 1.047185264527798 0.4941566064953804 0.9528393149375916 0.1337238699197769 0.1138041093945503 0 0.3029791116714478 48.66834406554699 18.63876749575138 0 24.05439502745867 6.140074215829372 32.26017139852047 6.630525775253773 2.793261080980301 0.1659602224826813 14.56804167479277 0.2546372264623642 1.314540542662144 4.160403378307819 0 0.232538253068924 0.3783545941114426 0.9551117494702339 0 0.1066100522875786 0 0 0 0 0.1418979614973068 0.2870995402336121 1950.059515491128 25.26804846525192 0 0.2777741551399231 187.217326387763 1.523957133293152 0.288739413022995 7.324698105454445 5.69832780957222 2.454751774668694 357.2091686278582 0.5102455019950867 117.8120439350605 49.10125301778316 15.0462551265955 5.99005976319313 320.7946060672402 108.0923601090908 155.4829319268465 44.47384378314018 2.322904825210571 1.043493747711182 0 0 0 0 0 0 0 0 0 0 0 0 0 0 0 0 0 6.075118109583855 7.320806920528412 0 0 0 9.210253491997719 0 2.839740708470345 0 0 0 0 0 0 0 0 0 6.655559867620468 22.39998427778482 0 0 0.9413042366504669 0.1837235987186432 0 1.351099781692028 7.194256320595741 0 4.04735279083252 8.345027759671211 0 0 0 9.128945276141167 0.929017573595047 1.251403570175171 0.9179625064134598 0.1034161746501923 0 0.260625809431076 0 0 0 92.58847163617611 4.802086293697357 0.4601460844278336 0.6631678193807602 0.1777628660202026 64.14326873421669 1.117699801921844 16.17351639270782 12.34182728827 7.343756332993507 11.72648192942142 2.5586127191782 0.3833830505609512 0.6049363762140274 0 0 0.2608093023300171 0.4077062159776688 0 0 0 135.6200278699398 52.7180957198143 12.66251128911972 57.52154630422592 6.026584260165691 61.62289131432772 11.17315718531609 335.4223261326551 5.028840914368629 0.2222379893064499 7.938391715288162 17.81209047138691 0.512698769569397 27.32064083218575 1.464921444654465 2.377476789057255 2.442266769707203 0 3.117542698979378 0 0
604.3433427587152 1791.666643358767 547.4624301791191 1279.939367115498 1361.099162213504 609.556037902832 4298.456131659448 143.1716312542558 6190.966299638152 12535.24698869884 2848.653952777386 1629.464098215103 0 2099.736027851701 413.5823085904121 108.1576920077205 27.18442218005657 0.8791471570730209 0.3443032652139664 1.003860421478748 2.433034777641296 0 0.2861721217632294 0.3019792437553406 0.3420064449310303 2.002377979457378 0.7593113332986832 4.281295098364353 4.282470218837261 0.5437298640608788 150.824560329318 7.395080499351025 253.272263020277 0.5395152270793915 0.9648808836936951 0.3872909173369408 56.8572074174881 0.3688490390777588 7.314832396805286 0.8870361596345901 2.687834300100803 4.522101521492004 0.2763705849647522 23.27704373002052 0.6583085954189301 1.433594509959221 470.4347595721483 3.821132831275463 1.237500347197056 1.073074489831924 8.149465404450893 2.055858798325062 0.2920329421758652 3.01366413384676 21.42859056591988 22.62564180791378 36.93510012328625 120.7073007524014 13.10348810255527 57.24970307201147 2.75580283254385 20.60394585877657 1.071981780230999 37.47703763097525 6.625606417655945 9.208576075732708 2.223245367407799 2.281613416969776 2.110238932073116 4.005395501852036 215.5952521115541 73.55250694602728 0 232.8035409525037 78.01951605081558 535.2348373606801 124.7948034182191 45.58094873279333 5.421877220273018 283.9511950910091 5.257211446762085 50.03182893246412 39.80311638861895 0.7066245898604393 7.43855956941843 5.52009940892458 8.622097857296467 0.2460170090198517 1.46975652128458 0.1080797240138054 0.3172874003648758 0.9852363765239716 4.260300271213055 1.007224291563034 7.064185909926891 3644.866193428636 28.29372821003199 0 4.270073056221008 283.7467302754521 10.84637276828289 2.244081735610962 40.63014259934425 44.18491618335247 21.71142071485519 1684.228235118091 9.993001624941826 495.457490824163 182.137161180377 54.17324909567833 28.61117824912071 1307.611584275961 380.0049856603146 462.6750000417233 195.8207329362631 15.82035242021084 3.562146186828613 1.297401949763298 0 0 0 0.3452142477035522 0 0 0 0 0 0 0.6124643683433533 0.2882554084062576 0 0 0.3552155494689941 0 34.74690022319555 39.55265125632286 0 0.3008181005716324 0 64.40482950210571 0 5.727584555745125 2.572919264435768 0 0.6124926880002022 0.3575354367494583 0.3924082815647125 0 0 0.1837183684110641 0 27.90962101519108 97.98234875500202 2.28805074095726 0.7392281293869019 1.715695902705193 0.2444402500987053 0.3117585331201553 5.532231882214546 13.35598281025887 0.952300988137722 6.675192430615425 18.42433675378561 0.2004594504833221 0 3.268141403794289 39.03341421484947 1.320970088243484 4.905076310038567 6.29262974858284 0.4334548190236092 0.3923191577196121 0.3609804958105087 0.3905124366283417 0.2374972328543663 1.296810179948807 481.1700831130147 17.657914057374 0.5808245241641998 1.390530824661255 0.1203040108084679 333.2940082550049 13.03461013734341 112.4697965532541 50.02603703737259 44.57646958529949 89.54943929612637 9.714084297418594 9.87696073949337 1.939524188637733 0.6670728996396065 0.496039479970932 1.443231046199799 0.3959193155169487 0.5330098122358322 0.3640569448471069 0.1471817195415497 549.5565048232675 335.9701456576586 72.26312318444252 527.4372909814119 164.0769804790616 600.4041126966476 124.2217058613896 650.1649937257171 73.16812342405319 7.230279207229614 95.1198947057128 79.24453189224005 6.022263675928116 127.27526781708 7.286506436765194 13.21738800406456 9.172926291823387 1.297257348895073 18.50550140440464 7.347738765180111 1.269510179758072
442.1383516564965 2806.110559977591 2167.782376132905 140.5090356320143 1293.094153337181 205.2493219524622 572.9137885719538 990.9314005598426 2617.499598562717 663.0195521265268 9523.957347750664 69.35085187107325 2099.736027851701 0 480.5241446644068 161.3632455021143 42.23693308979273 0.4969704300165176 0 2.003332823514938 2.070914387702942 0 0.7906782627105713 0.3382624387741089 0.1333578675985336 1.970723986625671 0.1310966014862061 2.969982974231243 3.102403074502945 0.2525060698390007 332.4401709735394 16.26435868442059 1142.435560137033 0.5538954436779022 0.7119714915752411 0.3481109142303467 871.3467501848936 4.682594984769821 17.77433367818594 1.579890131950378 2.556075237691402 4.472818538546562 0.9315654933452606 40.51099413633347 1.923224829137325 2.117050632834435 520.2950976118445 6.000177294015884 2.376681953668594 1.447436347603798 5.979137435555458 2.284071378409863 0.5995380207896233 2.371336616575718 23.03709555417299 20.11303826421499 32.93181372433901 167.597351744771 12.56113268435001 55.12360882014036 5.435684330761433 53.60887714475393 2.362830504775047 56.9601376503706 6.48234436661005 7.726690456271172 2.805549092590809 3.962302982807159 3.672856725752354 5.515090443193913 357.0339360237122 107.3751673474908 0 250.1538573354483 93.29935143142939 593.5652203038335 161.3723286837339 56.1157743036747 20.6551561281085 2502.889691233635 8.80314539372921 203.0657755285501 37.0513853803277 0.5233966484665871 5.649797409772873 3.513203598558903 8.195083424448967 0 1.197080343961716 0.343949556350708 0.3169963359832764 0.7918166667222977 3.633647002279758 0.7947393357753754 5.512241087853909 1512.420616559684 36.46120173484087 0.296161413192749 7.523308917880058 192.9856845065951 7.637233033776283 0.1655176281929016 19.32771676778793 11.6748108714819 12.04388877749443 856.174202054739 3.249519318342209 276.2573398724198 83.93230056762695 19.94597661495209 16.0502315312624 578.2237916737795 158.9023567140102 228.6421221345663 113.9905511885881 14.15546718239784 3.101562425494194 0.7713734656572342 0.4338118731975555 0 0 0 0 0 0 0 0 0 0 0 1.018114596605301 0.2238427847623825 0 0 22.82014232873917 17.90019622445107 0 0 0 45.23568984121084 0 7.289501950144768 0.75125452876091 0.1563507318496704 0.1641460210084915 0.1314129829406738 0 0 0 0 0 25.51012624800205 83.3889000788331 1.003337286412716 0.3112286031246185 0.9323823302984238 2.70171707868576 0.1520625203847885 4.819108851253986 12.07920856773853 0.09726592898368835 8.454704463481903 13.0574539899826 0.8580150008201599 0 0.2227822989225388 35.65767408907413 0 4.530535846948624 5.191892892122269 0.983773410320282 0.5544257909059525 0 0.1557187288999557 0 0.3219747543334961 298.5408286899328 12.10209786891937 1.04180608689785 0.2291549444198608 0.9014075100421906 209.1223878413439 13.18436686694622 91.19186954200268 37.28027229011059 26.05993913114071 51.73306116461754 6.287819847464561 5.261642575263977 2.546619556844234 0.3041842430830002 0.9952897876501083 0.1596950441598892 0.4186831936240196 0.4058193266391754 0 0.1303534805774689 249.4689204692841 228.5106423646212 60.28936628997326 752.2513824254274 150.0420148670673 810.8119772896171 147.8482709676027 345.1020558848977 75.59555833041668 5.658667109906673 125.1964780911803 66.80212993919849 1.905361860990524 94.73197289556265 5.194959066808224 6.225495517253876 11.47515382617712 1.443968415260315 18.97100492566824 9.792976632714272 0.343888983130455
