0 3766.310318246484 550.3960065767169 874.4618082121015 624.2277915179729 146.6192114949226 413.7793684825301 184.742064461112 42.08358573913574 421.29667878896 416.1543140336871 43.79190414398909 102.702480815351 141.013588309288 12.77909220010042 10.88682420551777 1.748782247304916 0.5093738436698914 0 0.8813799247145653 5.542996771633625 0 2.523879401385784 2.687968663871288 2.453271232545376 5.405599564313889 1.511369191110134 0.8295580595731735 0.4127509295940399 0.7794133797287941 891.7988782003522 4.132397949695587 97.6779553592205 0.4409930109977722 1.960453167557716 4.566372513771057 23.71012115478516 4.253639504313469 7.683623895049095 3.593531779944897 9.224838949739933 1.094068579375744 0 0.7701556831598282 0.321340374648571 0.2339335083961487 24.80841289460659 0.9697548598051071 0.3251538351178169 0.9673619270324707 0.838618665933609 0 0.5467706471681595 0.2478589341044426 7.934431813657284 4.179108887910843 202.5155677869916 640.8482686057687 28.15844691544771 15.66241221129894 0.9721356406807899 11.10098007321358 0.1144806519150734 9.902835994958878 1.118879102170467 1.203775838017464 0.1908869668841362 1.40995042771101 0.7474543377757072 6.77212642878294 10.60029537975788 5.165154539048672 0.1658762097358704 106.3335194662213 65.18544521927834 34.99288859218359 28.64380254596472 10.41706645488739 6.449711576104164 156.8352554738522 2.529201492667198 11.70434066653252 11.58202344924212 0.1182320564985275 0.3699806109070778 0.9780984818935394 1.153356909751892 0.4682278782129288 0.5609048381447792 0.2497526109218597 0.2464906424283981 0 2.682164818048477 0.7313035279512405 0.2370608150959015 61.09418261051178 6.002003341913223 0 1.895449742674828 886.2940391227603 0 0 0 0 0 23.2417823150754 0 0.1052619889378548 19.85204164683819 0.2004887163639069 0.1309341341257095 2.14267036318779 0.3629957586526871 1.030267491936684 0.1612042784690857 0 0 0 0 0 0 0 0 0 0 0 0 0 0 0 0.1063853278756142 0 0 0 0 0 0 0 0 0.4964055716991425 0 0.3586251139640808 0 0 0 0.1210776120424271 0 0 0 0 0 0 0.2948201596736908 0 0 0.1487254500389099 0.1263096332550049 0.2852097153663635 0.1298472583293915 0 0 0 0 0 0 0 0 0 0 0 0 0 0 0 0 0 2.553278163075447 0.1149143800139427 0 0.1605574190616608 0 0 0 0 0 0.8967635035514832 0 0 0 0 0 0.2451367080211639 0 0.1606271862983704 0 0 0 0.4855668842792511 0.7910060733556747 0 22.38685879856348 13.2581984102726 52.38215517252684 15.74836275726557 421.5886230915785 25.50242502987385 1.963940650224686 9.030335783958435 0.2541311383247375 0.1343358010053635 0.8193724006414413 0 0 0 0 0.148288756608963 0.5358487591147423 0
3766.310318246484 0 1002.591183312237 506.1783363893628 4712.917657330632 257.5109269320965 3132.606179744005 1080.619580730796 1222.948558986187 704.6738962009549 2738.02793110162 176.0788071602583 1179.298020891845 1386.310019113123 72.86418738216162 45.05707487463951 4.801719516515732 1.015787549316883 0.3803390190005302 5.335632540285587 14.14178941398859 0.1316923201084137 8.183132626116276 9.76031020283699 10.77433259040117 12.81626065820456 4.532245077192783 4.629621095955372 3.996467463672161 5.870614148676395 2710.573708243668 16.26135762035847 398.3951832801104 0.7720850855112076 2.262896277010441 11.05513010174036 100.850191347301 12.6412909924984 32.05266680568457 7.664186701178551 26.01849227398634 3.740399405360222 2.294516071677208 5.352730274200439 0.8497720956802368 2.083926975727081 222.5240400508046 6.312608145177364 1.365481957793236 4.259405396878719 6.289178729057312 0.3388564437627792 0 1.237707249820232 34.67925314605236 31.49563080072403 80.06481126695871 1005.730749636889 33.82827952504158 145.1829537898302 2.48529239743948 43.41011812537909 0.8189160227775574 120.7123133838177 12.28539116680622 6.494806826114655 5.956119768321514 8.137009710073471 3.006139777600765 24.07223223894835 50.44316131621599 1.1850391253829 0.2100053131580353 391.1338265687227 388.6505375057459 353.9303952530026 192.0776207596064 31.69883280992508 20.61732725054026 474.1960633173585 12.2603225633502 33.75271172076464 63.61335283517838 2.533454604446888 6.60462599247694 10.47852767258883 4.87704323977232 0.4500202685594559 3.523093149065971 0.251091443002224 2.660196043550968 1.138069823384285 11.73256776481867 2.805455952882767 3.705824941396713 141.1706278473139 1.211892038583755 0 2.69221293181181 1151.793273285031 0.8952626585960388 0 0 0 0 407.1452485397458 0 3.002203911542892 106.4174658060074 3.723878920078278 0.426586851477623 18.6428387016058 5.762020334601402 10.88611008226871 1.667774692177773 0.1564003676176071 0 0 0 0 0 0.1611510962247849 0 0 0 0 0 0.2012495547533035 0 0 0.1095634326338768 0 0 0.13015316426754 0.1285255551338196 0 0 0 0 6.381310604512691 0 1.133287467062473 1.758485175669193 0.3920205160975456 0.2762914001941681 0 0 0 0 0.4165952205657959 0 0 0.3688929751515388 0 0.3721096962690353 0.323363870382309 0.7066502422094345 0.6832001358270645 0 0 0 0 0 0 0 0 0 0 0 0 0 0 0 0.08216404914855957 0.08618859201669693 0.4197402074933052 17.63020139932632 0.1090728938579559 0 0.1101054325699806 0.4771619141101837 0 0.1129340305924416 0 0.3586564958095551 1.147094905376434 0.5402116626501083 0 0.326985627412796 0.09215871244668961 0.4228869751095772 0.1935712099075317 0 0.09223330765962601 0.1127542778849602 0 0 12.76094926893711 4.923874631524086 2.664774112403393 200.7306655496359 90.2994807139039 369.1517431139946 92.02188999205828 344.7410924583673 113.3726558610797 15.76008739322424 50.83461182564497 2.922677420079708 0.9549179822206497 2.477766931056976 0.664698600769043 0.4030884504318237 1.502515524625778 0.4521671608090401 1.397531151771545 1.312727868556976 0.1514516770839691
550.3960065767169 1002.591183312237 0 1.809393793344498 325.617743268609 0.1848921179771423 47.91647888720036 2882.624503724277 213.179488427937 3.986810624599457 2703.653862610459 0.6667283028364182 38.73022982478142 332.0135583058 59.76481734216213 56.82240004837513 9.562822788953781 18.87054722011089 3.344919450581074 69.10222948342562 154.7009747847915 0.2509685456752777 76.71171332150698 51.40340087562799 21.01295618712902 52.4482279419899 11.05325090885162 2.2859191223979 3.09244728833437 6.14046198874712 4671.921869970858 127.3801038488746 253.5385587066412 21.94098288565874 33.52862297743559 21.41938712447882 72.31902549415827 26.25860950350761 23.39931774139404 10.02324054390192 127.0143206566572 11.47133388370275 58.50664146989584 6.162318952381611 10.61275565624237 12.81002744287252 108.4556123167276 10.79166855663061 7.412939660251141 61.04049406945705 6.098397597670555 0.6023023873567581 0.2355606108903885 1.775718718767166 10.08588739484549 7.846709623932838 27.94540825486183 1090.824798859656 8.719249345362186 45.74502059072256 15.75179000198841 64.81902834028006 4.225259579718113 378.425256036222 4.339482575654984 5.778890639543533 4.195073947310448 32.51532178372145 46.62779837846756 206.9711118116975 10.98313757032156 0.3701642826199532 0.1196599379181862 141.622032083571 244.6615687832236 175.2050682380795 207.4747393131256 75.95428627729416 1026.587351806462 3183.387847520411 208.7756389677525 676.6216342672706 16.98488944768906 1.787849210202694 4.652075350284576 4.462445750832558 40.79281585663557 0 0.4168439880013466 0.1274098306894302 2.377656735479832 1.932870805263519 77.71387734264135 7.821729980409145 10.12424052506685 4.224255084991455 0 0 1.388238996267319 249.4789343774319 0 0 0 0 0 1.099554784595966 0 0 0.1257975995540619 0 0 0.2750870361924171 0.4995220750570297 0.2882463335990906 0 0 0 0 0 0 0 0.1129921600222588 0 0 0.1221244558691978 0.3624646961688995 0 0 0.335161954164505 0.09540270268917084 0.1056715846061707 0 0.1660785377025604 0 0 0 0 0 0 0.3964652121067047 0 0.5876378417015076 0.2330435216426849 0 1.096925660967827 0.848872609436512 0.1675828248262405 0 0 0 0.2881719619035721 0 0.3469718098640442 0 0.1381240487098694 0.8812977001070976 0.3048082888126373 2.568024829030037 0 0 0 0 0 0 0 0 0 0 0.1320193409919739 0.1881637871265411 0 0 0.1046102344989777 0.2202740535140038 0.1453903019428253 0.7427078187465668 2.549959741532803 0 0.1273951530456543 0 2.016263961791992 0 0 0 0 0 0.869233638048172 0.6891411542892456 0 0.2389683574438095 0.1884491816163063 0.1111928001046181 0 0.4098177626729012 0.2336643561720848 0 0.1090646833181381 0.9274808242917061 1.209660314023495 1.250034742057323 77.3850472420454 44.31002306938171 158.166017100215 45.78442717343569 27.70392218232155 32.86518928408623 5.103316821157932 28.09929037839174 1.557379595935345 0.4790293723344803 1.531156599521637 0.7480607703328133 0 0.1302707195281982 0.116077221930027 0.1427392065525055 1.438758574426174 0.6782882362604141
874.4618082121015 506.1783363893628 1.809393793344498 0 30.32800725102425 239.2391137033701 789.9795358479023 0.525704562664032 96.39771046489477 3030.166029132903 4.308119505643845 909.5803412795067 2011.169070936739 374.6743542179465 1.760532014071941 0.1576634496450424 0 0 0 0.3453599885106087 0.1456712186336517 0 0.1552461087703705 0 0 0.2369382381439209 0 0 0.1167910695075989 0 201.0306042805314 0.4739113003015518 2.356863386929035 0.1533957570791245 0 0 3.613187737762928 0 0.5062863156199455 0 0 0 0 0 0 0 20.94668380916119 0.11463463306427 0 0.1090028956532478 0.3381153270602226 0 0 0 7.36128244549036 5.976679794490337 22.33957731723785 197.2517993971705 4.91564666479826 22.09358412772417 0 0 0 8.178854115307331 1.892310038208961 0.8212594464421272 0.8174538016319275 0.9516864717006683 0 0.2830915376543999 9.631273180246353 0 0 75.95519427955151 53.85109254717827 31.94492107629776 8.115715347230434 0.5241615101695061 0.435605026781559 0.4014859348535538 0 0.2382164970040321 9.819245785474777 0.3266235366463661 0.6961738094687462 0.9367740750312805 0.5304239541292191 0.1219449564814568 0.7593785524368286 0 0.2018896415829659 0 0 0.08588705956935883 0 176.8405180722475 0 0 0.1315316706895828 283.3936600834131 0 0 0 0 0.2984624803066254 47.14047586917877 0.1370081901550293 0.9451483190059662 57.45151297748089 1.422090604901314 0.2868134379386902 6.808456555008888 1.158861115574837 4.209204807877541 0.6516948342323303 0 0 0 0 0 0 0 0 0 0 0 0 0 0.2581499516963959 0 0 0 0 0 0 0 0 0 0 0.5776159167289734 0 0.206615075469017 0.08794492483139038 0 0 0 0 0 0 0 0 0 0 0 0 0.1429165303707123 0.6669380664825439 0 0 0 0 0 0 0 0 0 0 0 0 0 0 0.09379585087299347 0 0 0 0 1.885288931429386 0 0 0 0 0 0 0 0 0 0 0 0 0 0.1230758130550385 0 0 0 0 0 0 1.395310655236244 0.4426031559705734 0 18.34758000075817 9.114296913146973 39.95963057875633 9.52805121243 249.3584987297654 14.36125580221415 2.160435661673546 5.364336796104908 0 0.3223430141806602 0.8582261800765991 0 0 0 0.3202488720417023 0 0 0
624.2277915179729 4712.917657330632 325.617743268609 30.32800725102425 0 12.30475133657455 2547.706213548779 232.7327824607491 6425.187607727945 140.9310017302632 1939.516777381301 24.50035384297371 218.3712322190404 568.6264350414276 64.18385788053274 7.750262454152107 0.7690716758370399 1.147003814578056 0.09399649500846863 2.209648996591568 1.307652503252029 0.1252027899026871 0.6328533589839935 0.3881524205207825 0.8389572650194168 4.001775518059731 0.3300420641899109 4.999840140342712 3.279775969684124 0 561.9917774274945 11.43115845322609 64.8981662094593 0.4348664805293083 0.1692931950092316 0.6466919630765915 53.13534834980965 1.473550342023373 10.10655375570059 1.183838494122028 1.739932470023632 1.49803814291954 1.243955321609974 1.291733130812645 0.3591184765100479 0.4792546704411507 285.1066199168563 5.411785013973713 0.4929120168089867 1.85414582490921 6.849175423383713 0.1044836118817329 0.3964492231607437 2.21366760879755 30.05926255136728 23.71179516613483 19.84116825461388 315.3533990234137 13.98895923048258 137.9973771870136 1.72550717741251 3.285798758268356 0.1254712045192719 165.8629299327731 13.3181424587965 7.062473803758621 5.984368987381458 5.654770940542221 1.49496702849865 3.269665338099003 68.02033754438162 3.880299843847752 0.1091178581118584 197.9528340101242 351.620822198689 443.4365330263972 267.1620142385364 6.634149514138699 11.0010332763195 21.33560147881508 2.431046806275845 8.66758893430233 50.48010918498039 2.83911094814539 5.746804974973202 8.704589754343033 3.857945770025253 0.2216144502162933 3.457459390163422 0.1309930086135864 3.59556046128273 1.457921773195267 2.127700105309486 1.481940008699894 3.353293634951115 212.7712634429336 2.641932107508183 0 3.973222956061363 102.5515202358365 1.549154132604599 0.398630291223526 1.228861719369888 1.245994448661804 3.649563312530518 51.79345940798521 0.6027172058820724 15.71715407073498 11.64848183840513 12.77366679906845 1.704417705535889 78.30875608325005 29.82329816371202 36.96979138255119 6.747628018260002 0.3307116404175758 0 0 0.2020788937807083 0 0 0 0 0 0 0 0 0 0 0.09999728947877884 0 0.08690941333770752 0.1866527050733566 0 3.295068696141243 0 0 0 0.1241893544793129 9.300843544304371 0.0782046914100647 4.006041005253792 0.8883619233965874 1.127236038446426 0.3034981191158295 0 0.2010041698813438 0 0.2249793410301208 0 0 0.1591263711452484 2.314711898565292 0 0 0 0.9026046097278595 0.1131748855113983 0.1027043089270592 0.5435135960578918 0 0 0.2537844628095627 0.370775580406189 0 0 0.2574832737445831 0.1540967375040054 0 0 0 0.09028840065002441 0.09403417259454727 0 0.09080249071121216 0.09851080924272537 81.94255842268467 0.2098386436700821 0 0.5451488643884659 0.1266749948263168 0 0 0 0.361025758087635 1.163319706916809 0.5023280829191208 0.1465835273265839 0.2198454514145851 0 0.09394098818302155 0.08918624371290207 0.09798009693622589 0.598216287791729 0.3107909336686134 0 0 56.1627209931612 16.59839272499084 7.727784417569637 244.607539087534 102.4258256703615 397.1224245578051 94.99641091376543 67.91763733327389 102.4417868405581 17.98048617690802 52.6710254624486 4.982718780636787 1.165779903531075 2.456815719604492 0.4903828129172325 0.9947253465652466 0.2616569325327873 1.02043055742979 1.227416008710861 2.79138521105051 0
146.6192114949226 257.5109269320965 0.1848921179771423 239.2391137033701 12.30475133657455 0 146.0758179724216 0.3903356790542603 37.06961752474308 625.318992331624 0 86.85273796319962 127.215151026845 52.98935462534428 1.45140115916729 0.9873150736093521 0.2228892594575882 0 0 0 0 7.782344415783882 0 0 0.2433432340621948 0 0 0 0.1891117990016937 0 14.86541110277176 0.5477839112281799 4.747019961476326 0 0 0.9494802951812744 19.56333686411381 0 11.38213331997395 0.3636107295751572 0.2132451385259628 0 0 0 0 0 4.046979159116745 0 0.1642084270715714 0 0.8054981827735901 35.65984293818474 9.748589411377907 0 1.551663130521774 0.795883446931839 257.8648297190666 105.0265044420958 19.56515650451183 5.855063661932945 0 0 0 1.232747003436089 0.4330703318119049 0.1711575984954834 0 0.3298870027065277 0.3226635158061981 0.2078719586133957 222.9501491785049 139.2021224349737 15.43063923716545 14.70000962913036 16.96228379011154 8.843024477362633 0.5125917941331863 1.079468369483948 0 0 0 0 2.263473942875862 0.9136052131652832 0.5039032101631165 0 0 11.37585642933846 2.526188120245934 10.96486161649227 0.211739644408226 3.082995995879173 0.1924837082624435 0.2295297682285309 1.186468690633774 562.871822655201 278.0287680923939 38.61204443871975 66.57146543264389 391.7003084272146 0 0 0 0 0 8.892894357442856 0 0 7.049596607685089 0 0 0 0 0 0 0 0 0 0.1703940629959106 0 0 0 0 0 0 0 0 0 0 0 0 0.2926330268383026 0.7409018725156784 0.6731481701135635 0 0 0 0 0 0.6992592215538025 0 0.3309534192085266 0.5253928750753403 0.6044415459036827 0 0 0.1418053209781647 0 0.2079011499881744 0 0 0 0 0 0 0 1.589211195707321 0 0 0 0 0 0 0 0 0 0 0 0 0 0 0 0 0 0 0 0.3912141472101212 0.674926832318306 0 0 0 0 0 0 0 0 0 0 0 0 0 0 0 0 0.1796077489852905 0 0 1.33209353685379 1.875773787498474 0 10.46441078186035 0.3675586581230164 9.607546284794807 4.00668577849865 169.8667888939381 14.00285306572914 1.695459708571434 0.6138906478881836 0 0 0 0 0 0 0 0.119782418012619 0 0
413.7793684825301 3132.606179744005 47.91647888720036 789.9795358479023 2547.706213548779 146.0758179724216 0 2.808497235178947 3505.68664842844 1887.187457405031 114.2366237789392 156.9849386066198 5431.784569859505 4890.081578448415 57.84489826858044 8.283021859824657 0.8191975727677345 0.569454051554203 0.2520693391561508 2.29215431958437 2.595408461987972 0 1.426686346530914 0.4485000669956207 0.3267855197191238 1.998260892927647 0 2.654041454195976 2.976803839206696 0.1178461164236069 521.0097477063537 9.595958240330219 62.27434647083282 0.4664422571659088 0 0.09650414437055588 77.53508649766445 0.1688139885663986 12.32243569940329 1.564593337476254 2.486708402633667 1.508343212306499 0.8759359046816826 0.6637924909591675 0.2892626523971558 0.4339931160211563 291.0982847288251 8.273566640913486 0.6919126585125923 2.111746490001678 7.044230610132217 0.2236872911453247 0.5362751632928848 1.004705920815468 39.5074597671628 34.87857535481453 35.74947806447744 424.8655610308051 20.93772652745247 164.6203770041466 1.560853563249111 3.649612031877041 0 146.0585671365261 15.62728933990002 9.174673303961754 6.682659097015858 7.002742104232311 1.7166708111763 2.575152188539505 109.6911152228713 2.821795910596848 0 280.9967289492488 389.0032662004232 465.5323432087898 219.0303544402122 7.257917881011963 6.380020126700401 4.411428444087505 2.430980458855629 7.074189119040966 70.19039148837328 4.639872379601002 5.583607770502567 11.86097852140665 5.030514650046825 0.1773603111505508 2.841946318745613 0.4000805914402008 3.664046123623848 1.107337735593319 2.100568182766438 1.999548196792603 2.012677647173405 812.0277472287416 5.027212642133236 0 5.205442801117897 230.5422905907035 0 0.3752235770225525 1.639960616827011 1.00334420800209 1.60093829035759 277.591524630785 3.768233999609947 44.63211203366518 44.4573762267828 36.62080118060112 4.02411462366581 168.513023853302 63.4074392914772 95.71924319863319 12.89034307003021 0 0.1490822434425354 0 0.1826217174530029 0.08977488428354263 0 0 0 0 0 0 0 0 0 0.117719754576683 0.1093108579516411 0.09490472823381424 0.1172197684645653 0.1947413608431816 3.893498182296753 0.3400184214115143 0 0 0 17.32136852294207 0.3399845212697983 6.110281869769096 2.160874925553799 0.5939617082476616 0 0.1331062763929367 0.3182158619165421 0 0 0 0 0.8959195613861084 3.545247256755829 0 0.2538253962993622 0 0.7804308086633682 0 0.4969855919480324 0.7141952514648438 0 0 1.112938731908798 0 0.1630544811487198 0 0.2401475310325623 0 0 0.1584232896566391 0 0 0 0 0.2761001512408257 0 153.411656036973 0.5160379707813263 0 0.09339985251426697 0.1941189840435982 0 0 0 0.8257443904876709 0.7243523001670837 2.937559477984905 0.8197385892271996 1.161460384726524 0 0.1820735037326813 0.1048266291618347 0 0.3391935601830482 0.367795966565609 0.2553842440247536 0 96.50954351574183 28.97972468286753 11.11705892533064 261.8816604614258 111.7196214571595 433.3659525886178 109.7857535257936 261.069518186152 121.2213183566928 21.19819936901331 63.22517928481102 8.863789238035679 1.547012940049171 4.612122781574726 0.7854296267032623 3.780728489160538 2.310980819165707 0.3795159310102463 4.509221911430359 2.213524110615253 0
184.742064461112 1080.619580730796 2882.624503724277 0.525704562664032 232.7327824607491 0.3903356790542603 2.808497235178947 0 151.6005018129945 2.109645992517471 1162.931313857436 0.5079833716154099 74.52650449424982 558.0010972172022 33.27237123250961 35.13962437957525 4.868954092264175 9.904196046292782 0.6564392298460007 29.10308752208948 63.81304720789194 0 38.94439312815666 22.16044918447733 14.26352689415216 25.09793010354042 7.500298589468002 1.497772924602032 2.638999052345753 3.704262495040894 577.2266412228346 618.3114327341318 318.2013712525368 14.73870919644833 12.7794918641448 13.47854351252317 104.3429583534598 22.36087524145842 22.79078555852175 11.06895083934069 51.68527038395405 4.903138019144535 23.37644797563553 6.140452690422535 7.840578615665436 2.46475276350975 54.91046805679798 1.922511301934719 2.221462287008762 19.08384869247675 2.399048790335655 0.194025456905365 0.298250213265419 0.8459233418107033 2.854277916252613 2.784131683409214 4.490467049181461 112.7065734341741 1.529858604073524 19.90720872581005 8.299593441188335 79.56086687743664 3.378515958786011 191.5884619653225 0.4183504432439804 0.6325363293290138 1.497790426015854 13.6246440038085 13.73475312441587 83.59994670003653 15.75196281075478 1.419052444398403 0.2301251143217087 30.76461225748062 78.41722886264324 85.99137640744448 133.6408058702946 73.47633045166731 939.7348103821278 3044.088382862508 166.9673797786236 716.7398048490286 4.792745351791382 0.2180470079183578 0.7588280066847801 1.755159161984921 12.09974806755781 0.1229709610342979 0.3260291889309883 0.1110303103923798 0.3571440428495407 0.3252561613917351 38.22701255232096 3.884469598531723 3.436282329261303 6.072196185588837 0.4036502838134766 0 1.820734612643719 34.55228765308857 0 0 0 0 0 0.2958821803331375 0 0.1688225269317627 0 0.8694861829280853 0 2.597601026296616 0.6006527096033096 2.015234142541885 0.1173191964626312 0.1530959457159042 0.1318979561328888 0 0 0.1282530575990677 0 0.1738539040088654 0 0 0 0.7079521715641022 0 0 0 0.09673301130533218 0.1273481994867325 0 0.2163233757019043 0 0 0 0 0.1723134070634842 0 0.688470870256424 0 0.2626697048544884 0.4348373860120773 0 0.9763782247900963 0.1437576711177826 0 0 0 0 0 0 0 0 0.1772646903991699 0.1603667885065079 0.2619653567671776 1.175338923931122 0 0 0 0 0 0 0 0 0 0 0 0.1461050659418106 0 0 0 0 0 0.7630016803741455 2.469456419348717 0.1269925236701965 0.1722985357046127 0.4477840065956116 0.4834194928407669 0 0 0 0.5248738527297974 0 0 0 0 0 0 0.3026478290557861 0 0.1328309029340744 0.1416769176721573 0.2203601896762848 0 1.652907073497772 0.360721118748188 1.129124470055103 52.06728608161211 18.74842814356089 83.67703229933977 25.46485119313002 7.755213513970375 11.92293418198824 1.890051320195198 15.59544046968222 0.6307014971971512 0.2345978021621704 1.237493142485619 0 0 0.1450574547052383 0 0 0.1530577391386032 0
42.08358573913574 1222.948558986187 213.179488427937 96.39771046489477 6425.187607727945 37.06961752474308 3505.68664842844 151.6005018129945 0 465.9017925411463 4378.216890268028 159.0974327474833 596.5904732421041 1199.995917677879 146.4821574613452 48.21037085354328 2.106480076909065 1.392840787768364 0.3907151445746422 5.628051266074181 15.34826268255711 0 4.575599938631058 3.293571010231972 2.388145960867405 6.406447246670723 1.194264836609364 4.919441424310207 3.090919330716133 1.158395931124687 217.1230880320072 32.78705058246851 131.4068738296628 1.123038306832314 2.507394209504128 1.104507699608803 112.0691646710038 1.34019523859024 15.33971163630486 3.452946871519089 11.26860652118921 3.105010405182838 3.406442791223526 2.972018487751484 1.148417204618454 0.9967958927154541 351.185950897634 3.275530599057674 0.9283622652292252 2.491345264017582 4.657246023416519 0 0.5702904015779495 2.364830121397972 18.90068838745356 19.43406358361244 9.343379124999046 125.5001775473356 8.650727406144142 94.3942398801446 1.684511743485928 5.572447657585144 0.2314260974526405 159.10259591043 8.454082079231739 4.682503506541252 4.53175338357687 5.813196450471878 4.928193032741547 19.27733431756496 156.6839410811663 3.879085287451744 0 118.9440378248692 261.678586602211 467.4414838477969 388.7103859782219 25.5046119093895 43.52608366310596 25.01583206653595 15.71769064664841 39.08691062033176 30.78597439080477 2.483459666371346 2.627858147025108 7.718285821378231 3.277308560907841 0.2950916439294815 2.284470357000828 0.2064896896481514 2.95864225178957 1.459757164120674 9.690127857029438 1.373063951730728 2.796558737754822 914.4443573951721 2.833830155432224 0 6.687459327280521 21.11545845121145 0.5632082223892212 0.5865787863731384 1.736526101827621 0 4.751612931489944 190.9368213117123 2.913121223449707 50.18956645578146 30.23242057859898 49.63620027899742 4.540452748537064 224.6534669101238 74.87123747169971 127.3350512385368 16.912817299366 0.3335743844509125 0.3338595032691956 0.2114039659500122 0.1306349635124207 0 0 0.2548072338104248 0 0 0 0 0 0.1261325180530548 0.970789760351181 0.1193774417042732 0 0.2507445216178894 0.6479588449001312 0.1018523797392845 5.385990336537361 1.553081810474396 0 0 0 23.49671436846256 0 8.035230785608292 2.246750436723232 0.7290537729859352 0 0.1121945828199387 0.09028275310993195 0 0 0.1400682479143143 0 1.592894852161407 3.83650279045105 0 0.09669370949268341 0 0.3018144518136978 0 0.1026662215590477 0.1626082807779312 0.3019720613956451 1.328058049082756 0.8262791037559509 0 0 0 1.279323041439056 0.8897231817245483 0 0.288182258605957 0 0 0 0.1078298911452293 0.1250510662794113 0 161.7566242590547 0 0 0.1297387629747391 0.5967638194561005 0 0 0 1.641753166913986 0.5648450553417206 2.873884484171867 0.8937114179134369 0.43799689412117 0.09979348629713058 0 0 0 0.2935213595628738 0.2452605590224266 0 0.325341209769249 118.6901579797268 29.40724508464336 11.80325336009264 354.4776152893901 123.2678960636258 500.7606898099184 156.8439626395702 68.93982920795679 120.2635667994618 16.84306255728006 110.9947066307068 4.253726646304131 0.437451034784317 7.153060711920261 0.3867368996143341 3.896259695291519 0.1935751736164093 0.2295292615890503 4.134073153138161 5.095206074416637 0.3635062128305435
421.29667878896 704.6738962009549 3.986810624599457 3030.166029132903 140.9310017302632 625.318992331624 1887.187457405031 2.109645992517471 465.9017925411463 0 22.82385993748903 1678.164277240634 10282.95973601937 1143.737421602011 10.08000463992357 5.737917199730873 0.5335486978292465 0 0 0.1593572050333023 0.8043999373912811 0 0.1624815315008163 0.3826335817575455 0.4042665958404541 1.45377579331398 0.1748964488506317 0.2682845816016197 0 0 87.53286200016737 2.090105563402176 189.8666276633739 0 0.2121439874172211 0.1716140359640121 373.8075737804174 0 3.704618975520134 0.8156429529190063 1.581053897738457 0.2464085519313812 0.4456192553043365 0.7960817068815231 0.2206676304340363 0.5677680671215057 28.05696983635426 1.162654273211956 0.1321599632501602 0.1453816890716553 0.4112676307559013 0.1899087429046631 0 0 5.225579164922237 3.241635076701641 53.93661953508854 120.9920704364777 7.064197160303593 17.60778804123402 0 0.2326739057898521 0 11.24111430346966 1.022687584161758 0.5272363796830177 0.9707923606038094 0.8096136078238487 0 1.093585550785065 724.857752725482 1.813658475875854 0 45.51466908305883 38.72871225327253 41.47454641759396 23.06747402995825 3.219525322318077 0.5625119432806969 0.3951506391167641 0.5732409209012985 1.380582183599472 6.262843951582909 0.3543810248374939 0.4970321953296661 1.235789723694324 0.7395162507891655 0 0.3067070543766022 0 0.5868617743253708 0 0.7570595592260361 0.1388178467750549 0.281960666179657 1771.292067021132 2.143444001674652 0 2.664764940738678 514.921637840569 0.2106393724679947 0.379983589053154 0.4157106280326843 0.3262271881103516 1.79609714448452 246.1322536990047 0.4264576137065887 29.8761318475008 140.9678627252579 25.97293189167976 0.4212702661752701 128.5641233175993 47.91233345866203 70.47144015133381 9.438840925693512 0 0.1190804168581963 0 0 0 0 0 0 0 0 0 0 0 0 0 0 0 0 0 0.9741755723953247 0 0 0 0 8.720110610127449 0.492012232542038 1.992125138640404 1.246069148182869 0 0 0 0 0 0 0 0 0 1.171437650918961 0 0.1045773103833199 0 0 0 0.1232846528291702 0 0 0 0 0 0 0 0 0 0 0 0 0 0 0 0 0 66.22594507038593 0 0 0 0 0 0 0 1.331830680370331 0 2.338664963841438 0.8870381265878677 0.1827035695314407 0 0 0 0 0.1262513846158981 0.1677453964948654 0 0 76.42847611010075 8.516174525022507 2.462355226278305 57.55831250548363 9.308997519314289 57.01386481523514 12.35646338760853 560.3928001150489 17.66858096420765 3.735401205718517 12.42507748305798 0.7474118620157242 0.516796663403511 2.860896483063698 0.1339378207921982 1.648385807871819 0.9387344717979431 0.2768941819667816 0 0.2641173899173737 0
416.1543140336871 2738.02793110162 2703.653862610459 4.308119505643845 1939.516777381301 0 114.2366237789392 1162.931313857436 4378.216890268028 22.82385993748903 0 10.62566655874252 1163.345035128295 4483.191432483494 115.3500894904137 74.78970241546631 7.495921596884727 1.555782347917557 0.6565557420253754 7.829894885420799 29.10780473053455 0 12.2677491158247 13.09700732678175 13.82726032286882 21.21380542218685 8.266753956675529 3.671812057495117 5.095198631286621 7.740387074649334 512.8980636671185 82.04690850526094 1149.631659254432 0.8078142628073692 3.979202628135681 19.91100449115038 280.1721430644393 29.37288159877062 58.60325099527836 16.41728420555592 45.78607817739248 5.764222241938114 3.452730074524879 8.7606021463871 1.53980079293251 2.880069114267826 189.6104487553239 3.418285697698593 1.122613549232483 5.012510560452938 4.677207008004189 0.4295058697462082 0.2292502298951149 0.924345001578331 12.7930469289422 11.13234066963196 8.687834210693836 150.065326154232 5.444124616682529 58.69602026045322 5.494098871946335 128.0689155906439 0.7017124444246292 113.3737105205655 4.513786718249321 2.908121630549431 2.582711778581142 5.633121892809868 5.946963682770729 42.77258806675673 89.8897482380271 2.272066339850426 0.3251659870147705 82.63316762447357 165.6741270720959 278.6811307892203 273.0430535450578 58.06129051744938 59.44575864821672 1358.124114893377 25.44477188587189 86.85941879451275 19.20872418582439 1.215895973145962 2.609219513833523 3.814331106841564 3.240874573588371 0.2379585206508636 1.420064337551594 0.09304135292768478 1.460727743804455 0.6480198204517365 20.61055360734463 3.670490220189095 3.617346651852131 51.75150488317013 0.5780307650566101 0 6.772928334772587 73.77170979976654 0 0 0.2839565873146057 0 0 4.74690055847168 0.158165380358696 1.750119119882584 1.114409625530243 0.8062067031860352 0.9160513877868652 12.92451517283916 5.375653102993965 10.19380013644695 1.105533465743065 0.1440080106258392 0.7171839773654938 0.145797997713089 0 0 0 0 0 0 0.1315378844738007 0 0 0 0.1829843372106552 0.1111907213926315 0 0.1718591153621674 0 0.3382686823606491 0.2311189472675323 0 0 0 0 2.775221049785614 0 0.8228393048048019 0.3951653614640236 0.1601346135139465 0 0.5530403554439545 0 0 0.4525807946920395 0.5812054947018623 0.1106370389461517 0 0.5522511005401611 0 0.1533536463975906 0.166143536567688 0.3909144476056099 0.2889639660716057 0.1006372347474098 0 0 0 0 0 0.1712739318609238 0 0 0 0 0 0 0 0 0 0 0.4249583035707474 18.57622303068638 0.8846007138490677 0 0.176817387342453 0.4960057735443115 0 0 0 0 0.723734438419342 0.5937286615371704 0 0.6952546462416649 0 0.08478623628616333 0 0 0 0 0 0 9.065462961792946 4.702596567571163 4.309540413320065 183.174197383225 71.97242163866758 242.6766081228852 81.0255972892046 31.31439805030823 59.32353919744492 6.440104655921459 55.73709016293287 3.262396968901157 0.7289880812168121 2.902249746024609 0.374549388885498 0.2057379484176636 0.3687445819377899 0.285965658724308 0 1.980430193245411 0
43.79190414398909 176.0788071602583 0.6667283028364182 909.5803412795067 24.50035384297371 86.85273796319962 156.9849386066198 0.5079833716154099 159.0974327474833 1678.164277240634 10.62566655874252 0 3569.362469419837 373.4256491065025 6.413688361644745 5.390512496232986 0.3023443222045898 0 0 0 0.3635970652103424 0 0 0 0.1485164016485214 0.4354882836341858 0 0.8512109220027924 0.1562089323997498 0.6418583989143372 8.604937307536602 0.3277457356452942 133.5159239321947 0 0 0.2029404640197754 639.8338447213173 0.1891022175550461 4.712238237261772 0 1.028603672981262 0.1556482315063477 0 0.4936655908823013 0 0.1966995000839233 10.5574796050787 0 0 0 0.125157043337822 0 0 0 0.4405988156795502 0.2615250796079636 1.822847098112106 9.523665621876717 0.1275116056203842 2.017950586974621 0 0 0 2.962752275168896 0.224158450961113 0.09278661757707596 0 0.170833021402359 0 0.2014499306678772 557.373171761632 0.982022225856781 0 5.43143879622221 4.050758667290211 9.451828546822071 9.477320678532124 3.62154147028923 0.7034860253334045 0.8908442854881287 0.2919128239154816 0.2977628707885742 0.4825111925601959 0 0 0 0 0 0 0 0.09745550155639648 0 0.7169514298439026 0 0.1422236710786819 1069.070514410734 5.089065194129944 0 5.628898099064827 27.22724132239819 0 0 0.3812298774719238 0 0.5212938338518143 25.39778876304626 0.4713576436042786 12.75238287448883 6.159116730093956 10.27637140452862 1.336856067180634 43.07680004835129 16.64683616161346 38.55156497657299 3.67367722094059 0 0 0 0 0 0 0 0 0 0 0 0 0 0 0 0 0 0 0 0.8865677714347839 1.61008483171463 0 0 0 4.836793079972267 0.1834596246480942 0.3680772930383682 0.4353523254394531 0 0 0 0 0 0 0 0 0 0.8003455996513367 0 0 0 0 0 0 0 0.2041162997484207 0 0 0 0 0 0 0 0 0 0 0 0 0 0 0 36.44413435459137 0 0 0 0 0 0 0 0 0 0.4194037690758705 0.7284981608390808 0.3399980366230011 0 0 0 0 0 0 0 0 30.6985000371933 4.797707334160805 2.367137655615807 17.51931845396757 2.370732501149178 15.50317122787237 5.941159702837467 31.56424535810947 3.09086487442255 0 4.573055543005466 0.1903626620769501 0.4059889614582062 1.20226588845253 0 0.1994839906692505 0 0.2185981869697571 0 0.3057352378964424 0
102.702480815351 1179.298020891845 38.73022982478142 2011.169070936739 218.3712322190404 127.215151026845 5431.784569859505 74.52650449424982 596.5904732421041 10282.95973601937 1163.345035128295 3569.362469419837 0 2787.670506067574 125.154510051012 83.23784659802914 7.282689303159714 0.5908533111214638 0.2812952995300293 1.967483818531036 9.968737721443176 0 4.971481546759605 4.728705711662769 5.217985272407532 12.37226366251707 4.743901893496513 3.612668305635452 3.012077249586582 3.293132856488228 83.61858549714088 20.4449126124382 715.430253431201 1.213874295353889 2.083154514431953 3.528644576668739 398.3570023328066 3.058509409427643 31.72811532020569 5.148972928524017 25.15957625210285 3.270025156438351 1.509451791644096 6.004431217908859 0.456034779548645 0.8353853523731232 159.5311927348375 2.040211118757725 0.3664588034152985 2.164069108664989 2.951891705393791 0.1466696560382843 0.2437531128525734 0.8364734500646591 6.73647291213274 8.515809834003448 4.457599461078644 47.63337159156799 2.522517867386341 27.8766211271286 2.227654725313187 11.99544433504343 0 62.5765483006835 1.706451989710331 0.9515327513217926 1.235342033207417 3.642295219004154 2.007248684763908 21.48998009413481 684.6437286064029 4.452926680445671 0.2618913352489471 39.13107442855835 82.26278848946095 207.4816157370806 232.2052485346794 57.72991550713778 17.75436072051525 31.57857859134674 10.42868058383465 18.65641701966524 9.587628424167633 0.8940647542476654 1.330640807747841 2.680613927543163 2.929792284965515 0.2308915033936501 0.8904352411627769 0.3590770363807678 0.7759122177958488 0.5894490852952003 8.559054426848888 1.871393136680126 1.612326003611088 3342.787622377276 11.13973620533943 0 7.495079800486565 60.51565226912498 0.1561391055583954 1.224119007587433 2.488439738750458 2.837138473987579 3.571734219789505 324.9860041588545 0.9805606454610825 53.83633874356747 97.79780071973801 44.48963722586632 3.425467744469643 235.9046998023987 89.52442160248756 129.5463069826365 19.60466852784157 1.858033210039139 0.8533904701471329 0 0 0.2414944022893906 0 0.131705716252327 0 0 0 0 0 0.4829192757606506 0 0 0 0.2590949833393097 0 0 4.053514003753662 0.6394569426774979 0 0 0 23.40596509724855 0.5178125500679016 8.854478344321251 1.775483869016171 0.4720090925693512 0.4455322772264481 0.1751564145088196 0 0 0.2080687880516052 0 0 1.088178724050522 4.31970177590847 0 0 0.1136601567268372 0.212638258934021 0.3804824650287628 0.2666477039456367 0.1166853308677673 0.2359759211540222 0 0 0 0 0 0.400006115436554 0.6608253419399261 0.3402714729309082 0 0 0 0 0.2471564263105392 0 0 206.1386888772249 0.2171600162982941 0 0.1599772274494171 0.1948012709617615 0 0 0 1.435404300689697 2.030411779880524 4.158584743738174 0.3741455674171448 0.9655367583036423 0.3189817070960999 0 0 0 0.2152722775936127 0 0 0 156.1908314526081 39.2545550763607 15.15099880844355 229.0140514522791 62.22716066241264 262.936158426106 102.1763279438019 102.2371737584472 53.92093873023987 6.482326373457909 68.55559191852808 5.657570391893387 0.6258515119552612 4.333257578313351 0.3249870389699936 2.444026172161102 1.75335294008255 0 0.6384340524673462 2.504330903291702 0.1615175008773804
141.013588309288 1386.310019113123 332.0135583058 374.6743542179465 568.6264350414276 52.98935462534428 4890.081578448415 558.0010972172022 1199.995917677879 1143.737421602011 4483.191432483494 373.4256491065025 2787.670506067574 0 188.7256665304303 135.9481823965907 17.00958520174026 2.919246807694435 0.1289903968572617 7.6993188560009 31.1745715290308 0.278474897146225 15.29852698743343 19.26700623333454 20.64822322130203 31.56004149466753 11.52059660851955 6.995839841663837 7.431268192827702 9.794627010822296 184.0593033954501 46.90516296774149 2105.908664032817 3.407011777162552 3.105436392128468 37.36878676712513 996.7546609342098 104.5619374737144 134.7659332826734 18.55238573998213 61.5982641428709 6.191501706838608 3.121822901070118 11.95157112926245 1.787103220820427 4.399329274892807 285.7411518022418 2.566504307091236 1.763809598982334 6.132785819470882 5.889293603599072 0.4973536878824234 0.3274408876895905 1.231600239872932 10.43174574524164 12.40954875200987 5.636771656572819 79.10749763995409 7.339030250906944 55.57485427707434 6.920599088072777 620.4644678980112 0.7297915816307068 127.2995379269123 3.712234482169151 2.313260294497013 3.123946189880371 6.794600732624531 6.933388225734234 57.92875348031521 432.0335094630718 3.519073352217674 0.3915678113698959 65.18153414130211 165.3950351327658 347.8819461464882 420.6390108391643 78.43940600007772 54.49605351686478 334.2652219757438 24.84363587200642 163.0855454578996 16.87759124487638 1.105674721300602 1.938562139868736 3.094708904623985 4.235810361802578 0.1447886228561401 1.616092577576637 0.5475576967000961 1.704896613955498 1.753244258463383 34.56242616474628 4.759502373635769 4.229388453066349 1365.140768386424 7.821567364037037 0 16.81929551810026 34.1033938601613 0.4506758451461792 0.3416189700365067 2.316673249006271 2.172237515449524 5.76557645201683 212.6096400544047 0.2142958343029022 37.88038304448128 35.38509692251682 39.92957855761051 5.28116138279438 172.7883766964078 64.71192680299282 122.304264485836 17.86110712587833 0.4906280934810638 0.9520874321460724 0 0.1557285636663437 0 0 0 0 0 0 0.1371700763702393 0 0 0 0.1171487122774124 0 0.2708852887153625 0.261296734213829 0.7117909789085388 4.469804801046848 0.6589180827140808 0 0.1135310232639313 0 18.3965725377202 0 4.471178643405437 1.7356878221035 0.8243192285299301 0.5354997217655182 0.5614481270313263 0.1558919847011566 0 0.5931732058525085 1.367291018366814 0 1.372163683176041 2.882725402712822 0 0.7765175551176071 0.3811587244272232 0.7952273711562157 0.9751339107751846 0.2955290973186493 0.1005227640271187 0 0 0.46497493237257 0.4039120376110077 0 0 0.08944340795278549 0.1416493058204651 0.2476779371500015 0.3753824383020401 0 0 0 0.103332057595253 0.1228265762329102 0.3217614889144897 169.7388933971524 0.5459600836038589 0 0 0 0 0 0 1.871687799692154 1.122527718544006 0.8882951885461807 0 0.5849591642618179 0 0.424896165728569 0 0 0 0.2273254245519638 0 0 108.4784247726202 30.22216331958771 11.47839135676622 390.5986269563437 96.29013720154762 453.3644444793463 172.9738795012236 82.81632252037525 79.2738696411252 9.121858611702919 120.0761061310768 4.858082205057144 0.3774499595165253 8.346636638045311 0.2437267005443573 5.532574862241745 1.429361641407013 0 3.477132633328438 4.864856354892254 0.8084968328475952
