0 1366.660108439624 959.3087695091963 1238.809516489506 216.7491767480969 4.153254359960556 1545.322732612491 115.1857207342982 135.309717297554 2238.821729913354 460.4103645607829 11.58938872814178 331.3984040021896 49.87106536328793 0.6948062032461166 0.43765988945961 0.725200243294239 0 0 0.1309462040662766 0.3241971135139465 0 0 0 0.7223700731992722 0 1.288415059447289 0.2555370926856995 0.7103270888328552 0 1699.320152133703 14.21077984571457 5.059945859014988 0 0.941537007689476 1.77238804101944 0.6211509630084038 0.6060970425605774 0 0.6348824873566628 1.034547410905361 0.1122381761670113 0.4207794368267059 0.1265773326158524 0 0 80.51191422343254 4.540857553482056 0.1151315495371819 0 4.840405464172363 0.2469506189227104 0 0.09751550108194351 17.16397952288389 6.98654168099165 577.4620872586966 2814.447387330234 160.6059355139732 72.78751886636019 1.163081251084805 3.795008853077888 0.1040269061923027 52.16965812444687 4.753201067447662 2.073231488466263 2.340448908507824 3.714524619281292 0.8453910872340202 1.706377677619457 0.7189353853464127 2.551742315292358 0.1153480187058449 310.3955712094903 191.2593042179942 39.70781548321247 2.786580391228199 0 1.096782684326172 24.04609368741512 0.1131539940834045 6.591136276721954 35.77656906098127 1.740673042833805 0.9627922922372818 6.30357937514782 0.9251822456717491 0.4214019626379013 1.433861546218395 0.1859612539410591 0.371243990957737 0.3284283131361008 0.6170102953910828 0.7493297606706619 0.9268345832824707 4.664754658937454 0 0 0 1233.445050597191 0.2382952272891998 0 0 0 0 0 0 0.2450350075960159 18.30629968643188 0 0 0 0 1.462854370474815 0 0 0 0 0 0 0 0 0 0 0 0 0 0 0 0.1470865607261658 0 0 0.2383636981248856 0 0.3573865294456482 0.6122224926948547 0 0 0 0.1263997107744217 0 0.3628455847501755 0.2767642065882683 0 0 0 0 0 0 0.09402693808078766 0 0 0 0.09917371720075607 0 0.1028186902403831 0 0 0 0 0 0 0 0 0 0.1347242593765259 0.1528073400259018 0 0 0.08320485800504684 0.09147343784570694 0 0 0 0 0 1.671717062592506 0 0 0 0.1177344545722008 0 0 0 0.1716494262218475 0 0 0 0 0.2417404726147652 0.0860675647854805 0 0 0.1603541150689125 0 0.151864618062973 0 0.3029114603996277 0.2768761962652206 0 12.13448309898376 16.96430489420891 88.88763060420752 12.98267279565334 1298.087217643857 30.10720708966255 19.9512792006135 7.846308268606663 0 0 0 0.6645385324954987 2.884931325912476 0 0.2895577996969223 0.8563086986541748 0 0
1366.660108439624 0 491.2480107694864 433.755007751286 1933.758653499186 435.9402825087309 3954.759326308966 2340.557988405228 3967.881261341274 534.9994049370289 4267.886670798063 13.76639977097511 1870.745020210743 1352.693884305656 27.48907495290041 5.289991430938244 1.322484709322453 0.4947983026504517 0.6328336074948311 1.587467536330223 1.131815560162067 0.1308555752038956 0.6974624395370483 0.1965853348374367 14.13410092890263 0.8729615733027458 13.0380701571703 1.785226076841354 2.934084519743919 0.1983330994844437 3057.631440006196 173.4281892925501 112.1607157066464 0.8388876393437386 10.06889788806438 18.98900809139013 14.40648733079433 16.47339150309563 4.058871492743492 14.6609046086669 5.589635357260704 2.302251160144806 0.7700573801994324 0.3906114250421524 1.167322069406509 2.619241490960121 452.8954817429185 15.42793847620487 1.017344616353512 0.4656605273485184 26.93579541891813 1.236202865839005 2.414405956864357 0.6052748188376427 72.12202437222004 26.75475355237722 152.7806229963899 1759.794615142047 204.4598761051893 252.5975659266114 2.494506359100342 76.08652328699827 1.882047683000565 367.21919067204 18.8151695355773 11.170226149261 16.21910924464464 17.37556254863739 4.026052415370941 20.14786317944527 7.856702387332916 0.6262055784463882 0 612.3822611272335 635.930705063045 369.6977681592107 113.760281778872 9.858601629734039 19.35169846564531 404.1168604940176 1.767479278147221 171.5494960546494 155.3758772015572 6.921227402985096 4.162981487810612 26.19417564570904 3.513225592672825 1.563548244535923 10.27327179908752 1.28294300287962 4.012167558073997 1.666466623544693 13.18867144733667 4.560569144785404 2.592006340622902 535.9535045400262 0.5078079774975777 0 0.6765954196453094 853.7545327246189 0.4630548804998398 0.2671103775501251 27.15752236545086 1.263608425855637 4.409608647227287 41.91600075364113 2.00805476307869 38.70991258323193 9.989671096205711 8.509666189551353 2.059294760227203 70.71683239936829 44.34747514128685 75.2699471116066 74.9794505238533 0.5024419054389 0.3145993947982788 0 0 0 0.1571463346481323 0.3827660232782364 0 0.3842214643955231 1.012431308627129 0 0 0.1054169684648514 0 0.2534038498997688 0.3033305704593658 0 0.1666203588247299 0 7.959422215819359 3.374405547976494 0 1.045087285339832 0.1862400472164154 6.538769707083702 0.4759057313203812 6.052011243999004 3.866652868688107 0.5532302111387253 0.1801142990589142 0.2475514635443687 0.3010500818490982 0.3699949532747269 0.8940999582409859 0.2526886388659477 0.6623952835798264 2.51871195435524 4.049854516983032 0.6174970641732216 0.1766559332609177 0.1166743189096451 0.710700511932373 0.3421266600489616 0 0.3041444271802902 0.1844252869486809 0 0.2825611531734467 0 0.5311063155531883 0.5001084953546524 3.426786616444588 2.095409020781517 1.010226175189018 1.072413422167301 0.2847326323390007 0.953330360352993 0 0.3634267523884773 0.3257932215929031 0.3075308948755264 46.05642908811569 0.5612156391143799 0.1217381209135056 0.2888404875993729 0.1027350202202797 4.791728839278221 0.5901901572942734 1.360560461878777 2.615896813571453 1.124664910137653 2.225150749087334 0.3398745954036713 0.4098879992961884 0.1794348284602165 0 0 0.09842289239168167 1.323609352111816 0.4477480053901672 0.1117407381534576 0 74.64211001992226 1.982715934514999 1.948746919631958 237.0150104984641 88.43190289288759 716.3404880464077 143.7890816405416 2005.454543732107 131.4009591937065 100.2089609578252 72.32640887796879 4.733321644365788 0.921638011932373 11.47160646319389 3.150624915957451 14.46242532134056 5.158662676811218 0.7127028033137321 4.994655773043633 1.539587415754795 1.451490014791489
959.3087695091963 491.2480107694864 0 31.15600995719433 136.1576921492815 38.85541725158691 24.22141028940678 3329.324877418578 646.4195920825005 94.72572514414787 4702.284279093146 12.06836703419685 192.9453167021275 668.2442685291171 21.09346893429756 25.84184630960226 5.344233557581902 0.9442367702722549 0.3430105447769165 43.85646046698093 69.29033708572388 0.3440262377262115 31.78240871429443 0.8986691981554031 40.79642546921968 0.2316973283886909 27.60847187042236 1.698951445519924 4.768861211836338 1.12325020134449 2779.57521957159 917.3336148560047 123.7739963084459 47.66208703815937 208.3392923846841 93.53053019940853 13.50725083053112 24.31803846359253 2.505770236253738 15.2841914743185 33.31413027644157 5.000972300767899 17.15876258909702 0.6234255954623222 9.366293169558048 11.96079611778259 100.9353874400258 3.419124282896519 2.338503517210484 3.500071242451668 6.245384633541107 2.551129579544067 1.100119858980179 0.8078115433454514 9.749186918139458 6.285081520676613 36.55505312979221 773.5864963531494 34.894920386374 45.9608461111784 71.81727244704962 104.2907646223903 15.66997836530209 742.9174360781908 4.672472305595875 5.451773539185524 5.700594998896122 15.12333232909441 17.77139286696911 259.5673766508698 8.070739090442657 1.369737088680267 0 113.7337937727571 173.158491410315 98.71608638763428 100.4665492251515 15.9889824539423 528.6057771518826 1316.100780971348 21.63295612484217 2088.010117165744 26.05295911431313 1.320949926972389 1.436975657939911 3.24587208032608 4.071461834013462 0.08597147464752197 1.341907136142254 0.8596988469362259 0.6942965611815453 0.4557693749666214 43.27211743593216 6.292466051876545 2.649349108338356 76.98231692612171 0 0 0.4632838219404221 281.2296237945557 0 0 0.5918605327606201 0.2126615792512894 0.1898899525403976 1.317787021398544 0.7000786066055298 2.233479052782059 2.098453283309937 2.017554372549057 0.5267985314130783 14.19144715368748 5.493652611970901 13.42637206614017 14.34370076656342 0.2438851967453957 0.1897533386945724 0 0.409520298242569 0.6296013295650482 0 0.1426455527544022 0 0 0.7424284070730209 0.1474780738353729 0 0 0 0.4688972979784012 0.27280592918396 0.1087601408362389 0.3046688437461853 0 1.678435936570168 0.8946076333522797 0.1221669688820839 1.202744580805302 0.3472645133733749 2.548976965248585 0.7831917554140091 2.971030950546265 3.219288296997547 1.635979950428009 0.4462634325027466 0.3363934755325317 0.3820069432258606 0.1051279455423355 0.5254290848970413 0.2423016279935837 0 0.1380272209644318 2.745123296976089 0.1024411022663116 0 0.7710245698690414 0.9151422381401062 1.293246738612652 0 0 0 0 0.1456355154514313 0 0.6847818419337273 1.60823542624712 2.700366720557213 0.3568796068429947 0.3329790383577347 0 0.0905504897236824 0.08373483270406723 0.2287378311157227 0.09765090793371201 0.4247311651706696 0.7432003170251846 11.36884328722954 0.1129868775606155 0.1426925361156464 0.1393426358699799 0.3066223859786987 0.9917846322059631 2.368165597319603 2.537766613066196 0.221754178404808 0 0.3324171453714371 0.16627337038517 0.3536463305354118 0.09633883088827133 0 0 0 0 0.07040487974882126 0.470302015542984 0 19.34974129498005 2.217972785234451 2.254775039851665 93.08913141489029 26.16969627141953 166.449488684535 42.69119046628475 147.671021848917 25.06883905082941 14.9667636230588 42.17038890719414 4.096774391829967 0.103926844894886 3.299860611557961 1.243661120533943 3.221859768033028 0.7010416090488434 0 0.2239827513694763 2.972103849053383 0.6700281947851181
1238.809516489506 433.755007751286 31.15600995719433 0 384.1598924249411 482.9918092042208 1120.384099379182 1.258579418063164 113.3443744406104 1973.905770301819 28.83692102134228 99.50148986279964 1385.939930230379 112.6573495417833 1.031166464090347 0 0 0 0 0 0.1326877325773239 0 0 0 0 0 0 0 0 0 49.60217121243477 5.403221100568771 0 0 0 0 0 0 0 0 0 0.1600462794303894 0 0 0 0 27.89071018993855 0.7141459658741951 0 0 1.037829175591469 0 0 0 5.108285024762154 1.993540093302727 41.50241593271494 187.9532538801432 25.86432458460331 11.95055639743805 0 0 0 13.51139432191849 0.4483683481812477 0.5874571651220322 0.3664880618453026 0.5958643704652786 0.3983241394162178 0 0 0 0 64.0345928221941 33.01559235155582 14.69120515882969 4.02927054464817 0 0 0.7480364143848419 0 0.2874812930822372 7.34330128878355 0 0.5386963188648224 1.181814290583134 0 0.1861645728349686 0.3909167721867561 0 0.1462645083665848 0.3449652791023254 0 0.1499310284852982 0 121.0681467354298 0.436920166015625 0 0 484.8354441002011 0.3001936674118042 0 2.578444421291351 0 0.5397391319274902 3.512381479144096 0 2.124382734298706 62.57955268025398 1.426303684711456 0.3337721228599548 6.515779554843903 1.324073493480682 6.053443193435669 4.299659043550491 0 0 0 0 0 0 0 0 0 0 0 0 0 0 0 0 0 0 0 1.15150211751461 0 0 0 0 0.3460165560245514 0 0 0 0 0 0 0 0 0 0 0 0 0.3603484630584717 0 0 0 0 0 0 0 0 0 0 0 0 0 0.4472966492176056 0.6318296790122986 0 0 0 0 0 0 0.1283755898475647 0 3.310574471950531 0 0 0 0 0 0 0 1.026639312505722 0 0 0.8549718856811523 0 0 0 0 0 0.1002096310257912 0 0 0 1.824446320533752 0 0 60.29129178076982 2.120215348899364 42.08769742399454 5.189515583217144 720.9443802908063 7.276692777872086 3.36394402384758 3.206159479916096 0 0 1.157764688134193 0.4886588752269745 3.260534942150116 0 0 0 0 0
216.7491767480969 1933.758653499186 136.1576921492815 384.1598924249411 0 71.04523405432701 1580.20253957808 319.8558550477028 6301.270998947322 54.06602290272713 2243.946331292391 3.138585776090622 147.8559830859303 426.7877462059259 7.665693402290344 0.236451655626297 0.1353190690279007 0 0 0 0 0 0 0.4801830351352692 0.5728539228439331 0 0 0.2308863177895546 0.2951025366783142 0 213.652477748692 29.84311802685261 3.87712636590004 0 0 0.3594014197587967 0.560307577252388 0 0 0.1007263734936714 0.4939885586500168 0.1141104400157928 0.1557111591100693 0 0.1918240934610367 0 105.9330870881677 3.445741713047028 0 0 5.242166072130203 0 0.104809857904911 0.1213349997997284 11.82337865978479 5.264777280390263 16.29495245963335 164.5002733245492 25.9559608399868 57.28884712606668 0 0.2517295554280281 0.2305797040462494 74.251364544034 4.063765309751034 2.667841069400311 2.743467271327972 3.210178464651108 0.2245331853628159 0.2059348300099373 1.223900198936462 0.3117342293262482 0 95.75864032655954 120.770998314023 102.6374095678329 38.2418799251318 0 0.6082731559872627 5.25295651704073 0.3566710576415062 2.173375375568867 28.79327637702227 1.619530938565731 0.8667144924402237 5.080450795590878 0.8560782447457314 0.1854387894272804 1.573106922209263 0.5776570364832878 0.8481306806206703 0.4375254213809967 0.7005388513207436 0.5619663894176483 0.2308253198862076 212.6207435876131 0 0 0.4746580868959427 35.01947970688343 0.5304791927337646 0.5037775039672852 9.036025270819664 1.337170600891113 1.715687960386276 9.255400389432907 1.408129990100861 10.68126283586025 7.746731072664261 3.769823163747787 0.4318993091583252 29.13983903825283 15.68983754515648 24.78856690227985 19.40537311136723 0 0 0 0 0 0 0 0 0 0 0 0 0 0 0 0 0 0 0 1.519691109657288 4.158165365457535 0 0 0 0.5746767222881317 0 1.77186319231987 0 0 0 0 0 0 0 0 0 2.060746625065804 0.8502080589532852 0.1600124090909958 0 0.1094270870089531 0 0.09959714859724045 0 0.1359660178422928 0 0.4290085434913635 0 0 0 0 2.364600569009781 0.5403731316328049 0 0.2258723080158234 0 0.253436766564846 0 0.2123874649405479 0.1458635628223419 0.1399949342012405 20.0133101940155 0 0 0 0 0 0 0 2.369734801352024 0.8931130468845367 0.3331210911273956 0.7484636902809143 0.128197968006134 0.08407559990882874 0 0 0 0.1879473775625229 0.1186808496713638 0 0 26.07085436582565 0.1532032340764999 0.1701572388410568 50.64517349004745 17.95684553682804 196.079703822732 41.29701006412506 339.2602280154824 41.40474979579449 22.40015068650246 14.44089455902576 0.5144164636731148 0.3448042497038841 6.094939731061459 0.6077157855033875 5.957639165222645 2.001313403248787 0.1607002764940262 0.7761382609605789 0.2052019238471985 0
4.153254359960556 435.9402825087309 38.85541725158691 482.9918092042208 71.04523405432701 0 351.8807978108525 4.985125735402107 271.8022431731224 820.0799003243446 50.4081654548645 139.5516420155764 780.1072167977691 286.2341240793467 0.2280348986387253 0 0 0 0 0 0 0.3008313179016113 0 0 0 0 0 0 0 0 26.23922300338745 3.174047231674194 20.7063158005476 0 0 0 3.579351142048836 0 0.6088579297065735 0.2633516490459442 0 0 0 0 0 0 0.8396361172199249 0 0 0 0 1.222303450107574 0 0 0 0 403.1018444746733 37.75686867535114 12.69131994247437 0.6427796930074692 0 1.135214269161224 0 3.942224264144897 0 0 0 0 0.08404731750488281 0 40.28758029639721 128.5387978553772 3.067221999168396 7.112330958247185 0.8304294720292091 0.1621949672698975 0.7426145374774933 0 0 3.603002712130547 0 0.3428816199302673 0.3262439668178558 0 0 0.6430338025093079 0 1.683144971728325 0 1.396948635578156 0 0 0 0 0 384.287351988256 30.60424876213074 0 3.936509966850281 796.3572721108794 0 0 0 0 0 0 0 0.8376263380050659 5.017380312085152 0 0 0 1.09127676486969 0 4.36423671245575 0 0 0 0 0 0 0 0 0 0 0 0 0 0.3143230676651001 0 0 0.2365309745073318 1.821589946746826 0 0 0 0 0 0.2524016201496124 0 0 0 0.1908449679613113 0.5979055166244507 0 0 0 0 0 0 0 0 0 0 0 0 0.7464312165975571 0 0 0 0 0 0 0 0 0 0 0 0 0 0 0 0 0 0 0 3.662209898233414 0.3810640573501587 0 0 0 0 0 0 0 0 0 0 0 0 0 0 0 0 0 0 0 0 0 0.4083758592605591 11.02408523857594 0 1.471028402447701 0.7043836265802383 706.0472770780325 0.1375013142824173 0.1443631500005722 0 0 0 0 0 0 0 0 0 0 0
1545.322732612491 3954.759326308966 24.22141028940678 1120.384099379182 1580.20253957808 351.8807978108525 0 11.62327061593533 1462.736999392509 985.0155644416809 440.7932329028845 1.13292695581913 1929.740818664432 645.592908449471 1.503628104925156 0.1668197810649872 0.3019445538520813 0 0 0 0 0 0 0 0 0 0 0.1032150536775589 0 0 72.33843812346458 4.561390683054924 0.5101469159126282 0 0 0 0 0 0 0 0 0 0 0 0 0 47.51362909376621 1.440199300646782 0 0.11043581366539 1.483555175364017 0 0 0 7.764644332230091 1.776741430163383 21.84356138110161 143.2731962427497 18.66822277009487 21.80195502191782 0 0.1302492618560791 0 24.98652677237988 1.575196377933025 1.149504140019417 0.4872553646564484 0.7579386085271835 0.2544491589069366 0.1270951926708221 0.2416256219148636 0.8256734013557434 0 55.90461708605289 54.83379729837179 32.93160125613213 12.5810713917017 0.121842697262764 0.2687214538455009 0.7366098612546921 0 0.1140216663479805 13.56584065407515 0.4169477000832558 0.5793870389461517 1.527740404009819 0.4085405319929123 0.07594240456819534 0.3845877051353455 0.08128809183835983 0.4183051735162735 0.453237920999527 0.3559588566422462 0.3371453136205673 0.4226579517126083 290.7350521087646 0.3347803950309753 0 0 181.515188626945 0.1428498178720474 0 12.85667112469673 1.12897452712059 1.320454582571983 11.81067772209644 1.312834739685059 9.963988289237022 14.81393292546272 5.583107054233551 1.31009367108345 25.77089376747608 9.329151406884193 19.05943921208382 14.51351656019688 0 0 0 0 0 0 0 0 0 0 0 0 0 0 0.1699001640081406 0 0 0 0 1.897056132555008 0.9378279894590378 0 0 0 1.817938178777695 0 0.1540872603654861 1.028592973947525 0 0 0 0 0 0 0 0 1.610180243849754 2.426195904612541 0 0 0 0 0.1090479046106339 0 0 0 0 0.1545268297195435 0 0 0 1.316750958561897 0.4759932458400726 0.9299395978450775 0 0 0.08708300441503525 0 0 0 0 16.66333067417145 0 0 0 0 0.375380203127861 0 0 0.467866986989975 0 0.6412743479013443 0.6063520908355713 0 0.08908890932798386 0.2003154158592224 0 0 0.1213588118553162 0.08492951840162277 0 0 14.00716707110405 0.1452627927064896 0 73.34664027392864 7.019214302301407 88.53257673233747 11.43354573845863 704.6872299611568 15.67736260592937 9.022400557994843 7.427133284509182 2.331572085618973 0.1192544028162956 4.423351243138313 0.3024244606494904 11.58769045770168 1.443956732749939 0.2908189743757248 0.2676810920238495 0 0.2767240405082703
115.1857207342982 2340.557988405228 3329.324877418578 1.258579418063164 319.8558550477028 4.985125735402107 11.62327061593533 0 851.4894344434142 18.89612510800362 2816.156648226082 50.60048815608025 557.9509863257408 1276.513831883669 47.53052951395512 21.4847297295928 3.44309064000845 2.511209920048714 2.168252229690552 29.986736997962 26.75949098169804 0.5428914427757263 13.42923714220524 1.042013436555862 40.3674324452877 0.4531144797801971 30.7910585552454 1.020623572170734 5.835060447454453 2.220994770526886 1364.866479478776 2777.028918668628 194.1099283993244 13.68135853111744 84.6208451539278 89.09901210665703 10.84431286156178 28.66223143041134 3.21760967373848 16.0398236066103 20.74836929142475 4.599157832562923 16.49841096997261 1.310610219836235 6.911137074232101 21.69807289540768 311.7193203419447 9.785486310720444 2.902197882533073 4.085228383541107 18.02406927198172 0.9719484150409698 0.6625396013259888 1.19121266156435 25.0812353938818 9.74288921803236 37.10864444077015 365.7868290022016 67.39374464005232 136.5154835656285 49.08510784804821 110.950264595449 6.735288389027119 1042.445033065975 6.965852469205856 5.926518850028515 9.486065402626991 16.13376755267382 13.66294937580824 119.0211132019758 6.646570518612862 0.6486332416534424 0.2425110191106796 270.7149992361665 544.4050916060805 484.3944904506207 1255.339099563658 160.5632088407874 2115.599904045463 4930.355284236372 130.993713401258 3654.952166207135 53.71004181355238 1.590371049940586 1.72067254781723 9.527927599847317 2.801128722727299 0.2876888811588287 3.185566090047359 1.245973750948906 0.834803894162178 1.069400414824486 35.17553232610226 6.323699362576008 1.108831942081451 170.2219284176826 0.5208496451377869 0 0 20.71094942092896 0.3597043752670288 0.3646271079778671 5.029641360044479 0.5733170509338379 0.9143152832984924 6.355429515242577 0.7412860989570618 5.82208563387394 4.343416810035706 1.981528386473656 0.9241213500499725 22.63313536345959 7.823011755943298 20.12731856107712 17.75027094781399 0 0.3396916836500168 0.170611098408699 0.1110006868839264 0 0 0.2708330750465393 0.1350683569908142 0 0.5857453942298889 0 0 0.231834203004837 0.4114713221788406 0 0.1657502353191376 0.1289180517196655 0.4760328009724617 0 1.715304434299469 0.187482088804245 0 1.111883074045181 0 3.966765441000462 0.6684489697217941 3.676698826253414 1.309495449066162 0.5829047858715057 0.5205506533384323 0.2009966224431992 0 0.1597926765680313 0.3896804973483086 0.1420226246118546 0 2.003462269902229 2.178831830620766 0 0.1293738633394241 0.2731817662715912 0 0.8432931154966354 0 0.8040404915809631 0 0.4832656383514404 0.3581691235303879 0 0.13285231590271 1.54970421642065 4.722828544676304 0.2436509132385254 0.3701625168323517 0.1110348403453827 0 0.2133607119321823 0.4386528730392456 0.09238319844007492 0 0.9050746709108353 15.01302772015333 0.363516628742218 0 0 0 0.7891272157430649 0.7106278613209724 0.453011229634285 1.186763823032379 0 0.4083894491195679 0.4977980107069016 0.5898873805999756 0.7879697605967522 0 0 0 0.2485128119587898 0.09644535183906555 0 0 20.98132145404816 2.018464989960194 1.849276304244995 121.0963289812207 37.98047093302011 539.6176117956638 81.57107215374708 242.1762754917145 81.32292708009481 33.80926639586687 75.24781446158886 4.099976420402527 0.4661608710885048 7.56529501080513 1.203088887035847 10.96384471654892 0.847695030272007 0.3882762268185616 1.313868686556816 2.152685150504112 0.4480870068073273
135.309717297554 3967.881261341274 646.4195920825005 113.3443744406104 6301.270998947322 271.8022431731224 1462.736999392509 851.4894344434142 0 390.8377345427871 3481.965581506491 41.23140235990286 2339.999994397163 2551.286468975246 22.02037185430527 4.221221044659615 0.6179019659757614 0 0 0.3728158473968506 0 1.06144255399704 0.2295988202095032 0.1040704846382141 2.54308420419693 0.2664287090301514 1.9099330753088 0.911612868309021 1.117304608225822 0 115.0356514677405 17.07554620504379 153.247850947082 0.3363632261753082 0.3251205533742905 3.270256921648979 17.53535312414169 5.810832589864731 5.10956883430481 2.588774800300598 1.535757228732109 1.03117123991251 0.1610192507505417 0.3399169445037842 0 0.7917272448539734 179.4400471746922 4.206200517714024 1.055785566568375 0 9.051376834511757 0.348942443728447 0.5746527463197708 0.1104083806276321 19.80193068087101 8.82729821652174 29.34711479395628 157.5715649798512 45.38944541662931 63.46911744773388 0.451664574444294 32.66382032632828 0.1550906449556351 76.27259383350611 4.647987514734268 2.098593838512897 4.509997136890888 5.896347068250179 0.5497796759009361 1.589984253048897 15.86451959609985 5.83329650759697 0 150.0117375999689 141.3120543584228 177.0602532923222 140.1468205899 6.252042889595032 0.6643448397517204 235.1348620504141 0.5068691819906235 19.46888469904661 42.76656822115183 0.7015149667859077 1.050294943153858 7.574190869927406 1.280223093926907 0.2518696337938309 1.869042053818703 0.7276747599244118 1.326366938650608 0.3369690254330635 3.8626419454813 1.916073217988014 1.410992532968521 1570.107737265527 0 0 0.6481563150882721 64.35868357867002 1.813129603862762 1.261216372251511 54.72359921038151 4.72909677028656 10.06446550786495 86.95917594432831 10.10472439229488 53.03869780898094 45.87817579507828 24.80615165829659 7.905045986175537 200.7156401276588 118.3427737057209 222.4968066066504 205.7107596248388 0 1.099672242999077 0.1535297334194183 0 0 0 0 0 0 0.2993635535240173 0 0 0 0.457898736000061 0.4235214591026306 0.4250662922859192 0.403338760137558 0.1799813807010651 0 16.54211802780628 7.35549607872963 0 0.4131980463862419 0.1229862123727798 17.18207049369812 0 11.25083007663488 3.68474156409502 0.267032653093338 0.2535781562328339 0 0.2572064399719238 0 0.9872965812683105 0.4154785051941872 0.1455078572034836 12.16714586317539 15.4666882455349 1.239765249192715 0.1042174696922302 0 0.578882098197937 0 0 2.376524321734905 0.08518584072589874 0.4850790500640869 1.153786115348339 0 0.1285736709833145 0.6975917220115662 18.75202495604753 4.852167338132858 3.664249792695045 1.264182865619659 1.385207004845142 1.048118121922016 0.1070999354124069 1.399484597146511 0 0 172.0464279353619 0.7099791169166565 0 0.1353833228349686 0.3193667158484459 14.87402318418026 1.501598238945007 0.8977642059326172 5.91680321842432 3.174803361296654 7.716520115733147 1.9463180154562 3.069108247756958 0.5308010280132294 0 0 0 0.5193662047386169 0.4707319065928459 0.5242766290903091 0 234.8662966638803 3.675245568156242 3.048536524176598 239.5797480344772 36.79799501597881 494.2927708178759 84.78077591955662 846.1159381642938 116.6642456799746 34.25746117532253 75.66406754404306 10.1404879540205 1.08631544560194 45.85351854562759 1.340289101004601 43.45201317965984 6.832069873809814 0.4759353995323181 5.583946280181408 2.378000751137733 0
2238.821729913354 534.9994049370289 94.72572514414787 1973.905770301819 54.06602290272713 820.0799003243446 985.0155644416809 18.89612510800362 390.8377345427871 0 47.28258800506592 1922.642307639122 12666.81196846068 1221.280458442867 2.540045894682407 2.481758609414101 0.1117181479930878 0 0 0 0.3152773082256317 0 0 0 0.7955691069364548 0 0.2353323251008987 0 0.1110138595104218 0 11.17709366232157 1.780339643359184 28.20179982483387 0 0.1533045321702957 0.8173248618841171 0.6909745335578918 0 0.1551985144615173 0.7402766346931458 0.4075019359588623 0 0.3354328125715256 0 0 0.2037843614816666 15.22824881970882 0.463268056511879 0.1942893415689468 0 0.2098880112171173 0 0 0 0.6952629312872887 0.6739867702126503 59.96979136765003 92.81118582934141 15.51756758987904 4.907935105264187 0.2101920545101166 1.214781388640404 0 10.09487223625183 0.3748153373599052 0.1944490596652031 0.4774193242192268 0.3199379593133926 0 0.6249861270189285 74.724693775177 7.433715745806694 1.007002994418144 32.81336928904057 15.39149130880833 12.05726254731417 22.91197819262743 4.686404049396515 1.853036910295486 6.246381781995296 0 6.365346282720566 2.919922716915607 0.231518529355526 0.1258129626512527 0.5762008428573608 0 0.4387484341859818 0.1823694854974747 0 0 0 1.066299915313721 0 0.1191790178418159 1418.109292887151 1.982822388410568 0 0.4505348056554794 542.5019012391567 2.532901152968407 1.248155206441879 20.3245832324028 19.43468980491161 2.120688736438751 20.58273078501225 20.70534628629684 12.66005338728428 80.82732436060905 47.75841893255711 2.012099206447601 58.36529332399368 132.9005973786116 89.52503012120724 47.36062507331371 0.2056506127119064 0.1076648309826851 0 0 0 0 0 0 0 0 0 0 0 0 0.1344479620456696 0 0 0 0 6.972144827246666 2.334367752075195 0 0 0 5.750777527689934 0 2.14103701710701 2.199186608195305 0 0 0 0 0 0.2689955830574036 0 0 0.8654039651155472 4.052107810974121 0 0 0 0.3688137233257294 0 0 0.8350909203290939 0 0.1355500072240829 0.651018813252449 0 0 0 5.358870163559914 0.5608711987733841 1.143917456269264 0.2683913558721542 0.273442417383194 0.10110904276371 0 0.2669523060321808 0 0.2610146701335907 48.76093627512455 0 0 0 0 1.515146180987358 0.4017329812049866 0 1.710007861256599 2.221407026052475 3.023346528410912 0.1333739459514618 0.512581929564476 0.2030104547739029 0 0 0 0 0 0 0 109.3630714863539 1.259954527020454 1.04024749994278 80.26041413098574 2.166496656835079 36.21254397928715 6.662645652890205 862.8403389751911 8.42918761074543 0.8175968155264854 15.33914989233017 2.298088207840919 0.8646176010370255 13.11047650128603 0.1266995817422867 19.84092688560486 1.648765459656715 0 2.91316819190979 0 1.391245275735855
460.4103645607829 4267.886670798063 4702.284279093146 28.83692102134228 2243.946331292391 50.4081654548645 440.7932329028845 2816.156648226082 3481.965581506491 47.28258800506592 0 121.5497913956642 1810.330024749041 3028.401160880923 46.2279756963253 5.131273880600929 0.6525140404701233 0.1997753232717514 0.1850790977478027 0.2844836264848709 0.8775454312562943 0.5966849327087402 0.1673627644777298 0 5.700254879891872 0.3974783048033714 4.776628002524376 0.9626367688179016 2.322134993970394 0.4011226892471313 657.7818678766489 345.4811876490712 215.8688200861216 1.150425478816032 3.634770184755325 8.728830322623253 19.71327662467957 11.27213111519814 5.396899774670601 3.922092922031879 3.188318111002445 2.328059978783131 0.4312660098075867 0.7983254194259644 0.5255044475197792 0.754374086856842 363.1190359517932 8.947877645492554 0.6533301025629044 1.412912666797638 11.68540094047785 0.3439542651176453 1.323153719305992 1.317312702536583 32.2614366710186 11.98131240904331 35.06976442039013 281.8547126576304 81.36512634158134 151.6519989296794 2.148924358189106 43.93638668954372 0.7988123297691345 173.2087480574846 8.829405769705772 4.982858382165432 7.889458023011684 7.877006381750107 2.816402159631252 11.01054150611162 14.87370705604553 1.236063525080681 0.7324724793434143 268.7731562033296 355.5721888542175 386.4578064531088 325.4630608558655 8.130375169217587 144.4729448854923 634.5594977736473 2.664760164916515 120.0199204385281 69.56257068365812 3.215421676635742 1.332227408885956 12.82911708205938 0.8924410492181778 0.701455369591713 4.52102605253458 1.591074615716934 3.220599673688412 1.194576449692249 4.193680353462696 2.620443031191826 1.405830793082714 589.2277665138245 0.5848068594932556 0 0 26.50206550955772 0.1650712341070175 1.137605547904968 27.6226367354393 3.269611224532127 4.369154378771782 31.4149105399847 3.556671977043152 25.32129497826099 16.2685813754797 14.36097292602062 4.384369045495987 83.20935808122158 42.22246196866035 82.37207071483135 85.16392901539803 0 0 0 0 0 0 0.3678666651248932 0.3970852196216583 0 0.2707041203975677 0.1973782479763031 0 0.2779103368520737 0.2025140821933746 0 1.233699917793274 0.3222512230277061 0 0.1345636546611786 5.220873653888702 4.356226816773415 0 0.8798329830169678 0 10.24252896010876 0.1578084826469421 6.241378247737885 2.991122007369995 1.014853358268738 0 0 0 0.1377204954624176 0.5201954692602158 0.7949657440185547 0 6.401606015861034 7.548204496502876 0.2211481407284737 0.1252646595239639 0 0.3012209683656693 0.09539675712585449 0 1.010794699192047 0.0765872597694397 1.403351701796055 0.8775263875722885 0 0 0.3062294870615005 8.110640645027161 0.9739104062318802 1.073704347014427 0.2669285535812378 0.3644083961844444 0.6053542867302895 0.1038195490837097 0.1608992516994476 0 0.129848450422287 73.57751313596964 0.4005305469036102 0 0.26119514554739 0.09179184585809708 5.318106815218925 0.3586282283067703 1.043890617787838 2.901467621326447 1.550619676709175 4.646582074463367 0.5641037821769714 0.1790612637996674 0.4968147873878479 0 0 0.1778132170438766 1.022798724472523 0.464376799762249 0.4322244822978973 0 102.9750757664442 1.967136450111866 1.229433074593544 193.5361982956529 57.62130317091942 804.7249435633421 142.6772820428014 725.4186533167958 175.021357409656 57.80555584281683 102.0683550462127 4.895795792341232 0.9658911675214767 19.12779538333416 2.12509448826313 33.04721410572529 2.945575498044491 0.5753490626811981 7.449823401868343 1.650000602006912 0
11.58938872814178 13.76639977097511 12.06836703419685 99.50148986279964 3.138585776090622 139.5516420155764 1.13292695581913 50.60048815608025 41.23140235990286 1922.642307639122 121.5497913956642 0 1249.548789992929 394.4214339852333 9.090449064970016 12.01420660316944 0.4677595794200897 0.1576027721166611 0.3160928189754486 0.404875710606575 0.2973067462444305 0.2242607772350311 0 0 2.275830611586571 0.4409194961190224 2.232780113816261 0.2884997427463531 2.109002932906151 0 3.643317237496376 4.88280887901783 149.0750491172075 0.2362491190433502 0.6898523420095444 3.008753418922424 15.96275116503239 8.070325650274754 3.00077973306179 4.389053463935852 1.058331340551376 0.1503710001707077 0 0 0 0.7528637796640396 42.25438064336777 1.094396844506264 0 0.2483009099960327 1.526150442659855 0 0.3419864326715469 0 2.696330979466438 0.947137139737606 7.149856947362423 25.41775624454021 9.772998720407486 9.26703317463398 0.4550122767686844 21.60127929598093 0 34.56435410678387 0.3811879456043243 0.2769681289792061 1.699275508522987 3.159092538058758 0.8300212919712067 2.588049158453941 62.51513707637787 11.38491174578667 0 32.8766275793314 24.59017817676067 36.41480392962694 92.20243878662586 14.78937042504549 7.318836510181427 188.7318296283484 0.8053467124700546 24.72033154219389 4.14032119512558 0.5179190635681152 0 0.8382797390222549 0 0 0.3448990806937218 0.337310291826725 0.1055185943841934 0.1003979668021202 3.410854578018188 1.496455177664757 2.458282589912415 1564.142880141735 2.199498951435089 1.138429045677185 1.577383384108543 21.91488713026047 1.245235100388527 1.281360402703285 17.48630960285664 1.574131488800049 7.911948055028915 24.13261051476002 4.726294010877609 19.94837202131748 30.97445859014988 13.18264488875866 4.987627744674683 92.540766954422 51.79888862371445 144.1102326363325 126.3333047032356 0.3526668697595596 0.3205759823322296 0 0 0 0 0 0 0 0.492842972278595 0 0 0.1289816796779633 0 0 0.8654951751232147 0.276019811630249 0.1089925691485405 0.1304269731044769 17.38113497197628 5.211105704307556 0 1.148670226335526 0.1405089050531387 17.75279596447945 0 6.102559715509415 2.804537028074265 0.2046402543783188 1.372753068804741 0 0 0.1775663048028946 0.6806556358933449 0 0 11.8495812267065 14.52852236479521 0 0 0 0.535404846072197 0.2248218357563019 0 1.953845664858818 0 1.426160246133804 0.6371778547763824 0.3607992827892303 0.1332776844501495 0.4554913938045502 13.14052367955446 5.028526917099953 2.295608028769493 1.218042984604836 0.5275026559829712 0.1252401918172836 0 1.082496851682663 0 0.1632098108530045 119.2982539609075 0.4013225436210632 0 0.1076281145215034 0 6.755632847547531 0.2078814506530762 1.777825906872749 8.257393270730972 0.879874512553215 6.360156066715717 1.046478927135468 1.034119069576263 0 0 0 0 0.4014553502202034 0.3891086205840111 0 0 227.4084061980247 7.296253189444542 1.800378665328026 117.4017370119691 5.685683272778988 117.9093759059906 26.35754362493753 206.6941887140274 24.34966819733381 4.568068042397499 52.11841636151075 9.912304826080799 0.6494809314608574 36.83908016234636 1.284660413861275 28.37986223399639 5.532211616635323 0.2237618565559387 7.68882754445076 0.44059818983078 0.3673664033412933
331.3984040021896 1870.745020210743 192.9453167021275 1385.939930230379 147.8559830859303 780.1072167977691 1929.740818664432 557.9509863257408 2339.999994397163 12666.81196846068 1810.330024749041 1249.548789992929 0 4927.119157008827 17.65955333411694 10.49173057079315 0.378421351313591 0.17617267370224 0.1991143673658371 0.4599465429782867 0.3778198957443237 2.145576000213623 0.3082199096679688 0 3.493436962366104 0 4.831584453582764 0.684480331838131 5.243491970002651 0 36.69948237389326 12.48853258043528 571.8955772966146 0 0.7680450677871704 7.681091651320457 33.56306351721287 9.671207591891289 10.3338025957346 7.770479470491409 2.542452536523342 2.266156256198883 0 1.152569487690926 0.7063910067081451 1.830278098583221 70.10062957555056 1.49153558164835 0.3680383786559105 0 4.318595461547375 4.563760593533516 2.777633845806122 1.710054859519005 7.495875962078571 4.490396343171597 15.26730113476515 60.4397743716836 11.71099480986595 24.80404052138329 1.405166268348694 52.15916901826859 0.7941421419382095 42.18280713260174 1.989928044378757 2.365579687058926 2.06934729963541 5.693993471562862 0.7516469731926918 8.094021551311016 273.2154138237238 39.20627921819687 0.519366979598999 50.02682505548 62.6003375351429 69.60145489871502 118.3146672844887 11.24514228105545 4.481101676821709 444.0810215845704 1.072726845741272 38.96697029471397 9.866550758481026 0.5398969873785973 0.3895816430449486 1.983667932450771 3.16340833902359 0 0.6326889842748642 0.2181766852736473 0.8209392726421356 0.7426896914839745 3.064541526138783 4.978925839066505 1.321307212114334 5505.897311866283 21.33500580489635 1.202131509780884 16.61585041880608 136.37697545439 2.645881772041321 2.037344679236412 48.86131310462952 4.315524220466614 7.228867635130882 72.65112983435392 11.92209424078465 53.12297880649567 97.05552980303764 43.36411753296852 6.940089091658592 196.1575047969818 140.6271113604307 226.0182287096977 243.1149895861745 1.586671985685825 0.8677115440368652 0.3655170202255249 0 0 0 0 0.2000124305486679 0.1291930824518204 0 0.802722156047821 0 0.1328931301832199 1.174608588218689 0.2841060236096382 0.8345436155796051 0.5848412364721298 0 0 16.32527371495962 10.24900609254837 0 1.68374927341938 0 21.49147453904152 0.4646324217319489 16.55095916241407 7.572580918669701 0.6845370531082153 1.115771859884262 0 0 0 1.602303802967072 0.6109859645366669 0 10.6772442907095 11.36425860226154 1.364172972738743 0 0 1.6283068805933 0.1420480459928513 0 1.259581759572029 0 2.849986687302589 0.6537114381790161 0 0.1305055618286133 3.476232305169106 23.01853451132774 4.610099405050278 2.292923770844936 1.018697172403336 1.301606491208076 0.932368203997612 0 0.6260396465659142 0 0.2612903416156769 245.6523565948009 2.515648603439331 0 0.5790309384465218 0 14.66302873194218 2.6071937084198 2.047356814146042 7.304260142147541 3.33267217874527 13.89457125961781 1.277506038546562 3.611837267875671 0.393615648150444 0.1032394468784332 0 0 0.5738255232572556 0.8183629140257835 0.1408095210790634 0 362.3269372582436 14.02256186306477 7.24139279127121 177.5161249041557 22.95593943446875 178.7764005362988 46.69774531573057 699.3908151239157 52.52666559815407 12.90014613419771 68.07156606018543 11.8430884629488 2.363103874027729 43.27256272733212 3.016036912798882 34.11117573082447 7.242385260760784 0.3971168994903564 9.820811972022057 0.3767628222703934 0.5288140028715134
