0 3802.625205934048 71.45778135955334 1954.663168944418 280.8908429741859 205.992833584547 528.3107606396079 24.09562852978706 78.07316370308399 743.1323520764709 191.1604826450348 129.8711585849524 234.3040704280138 50.8837058916688 3.68544813990593 1.711754217743874 0.5014473348855972 0 0.1264108866453171 0.09645240753889084 0 0 0.8479113280773163 0 0.1425638943910599 0 0.2260121703147888 0.1035051420331001 0.1001594141125679 0 511.9705061540008 0.738413080573082 4.588997066020966 0.1827294230461121 0.1298791021108627 0.1005041748285294 2.664157547056675 0.1088808998465538 0.13228839635849 0 0.1850058883428574 0 0.1401621103286743 0.6715742498636246 0.1824024021625519 0.7518980130553246 5.018788829445839 1.31485603749752 0.2211546674370766 0.3461150601506233 0.1611117869615555 0 0 0 2.057529427111149 2.501233123242855 486.365741237998 1212.817582927644 26.91700499504805 4.684663526713848 0.8769749253988266 0.3064589872956276 0 4.337866306304932 2.142683476209641 0.487775906920433 0.0877000167965889 0 0.3438223004341125 0.9190697446465492 8.261862471699715 4.219759881496429 0 274.0099065974355 142.8233431950212 78.61755289882421 9.969177529215813 0.8685601353645325 0 13.55886417627335 0.1517875492572784 2.076201058924198 6.598233237862587 0.1349326819181442 1.607246622443199 2.980547405779362 0.4813462421298027 0.5251029804348946 0.6670126393437386 0 0 0 0.1346184015274048 0.2009615078568459 0 272.7766398489475 6.72284209728241 0 0 1290.634720280766 0 0 0 0 0 5.158678665757179 0.2658471763134003 0.1851543039083481 12.67489138245583 2.591900423169136 0.1777794808149338 6.561469256877899 5.326909154653549 5.237420961260796 1.567014500498772 0 0 0 0 0 0 0 0 0 0 0 0 0 0 0 0 0 0.1233330816030502 0 0.3138216733932495 0 0 0 0 0 0 0 0 0 0 0 0 0 0 0 0 0 0 0 0 0 0 0 0 0 0 0 0 0 0.5206184983253479 0 0 0 0 0 0 0 0 0 0 0 1.111597165465355 0 0 0 0.1673412472009659 0 0 0 0.7865104675292969 0.5845767259597778 0 0 0 0 0 0 0 0 0 0 0 6.267906457185745 0.1096828505396843 0 92.54235062748194 6.417427815496922 66.70161538571119 13.04921366274357 674.0709701478481 10.49059630185366 0.7541163414716721 7.109303392469883 3.196494400501251 0 0.6295350342988968 0 7.817268371582031 0.539133608341217 0 0 9.356278583407402 0.3367738723754883
3802.625205934048 0 1178.308752842247 1020.823706053197 5185.207089871168 289.1708467453718 6053.185819946229 273.9112765491009 1989.04491738975 436.2019584104419 1688.024653889239 38.26718940585852 710.6525901705027 267.8816327229142 54.72337520122528 11.97664805501699 1.570503674447536 0.3948744088411331 0.4048130735754967 0.9332551881670952 1.026075966656208 0 0.8896119818091393 0.1480106860399246 1.943572521209717 1.971393637359142 0.9358697533607483 2.369084239006042 1.456960305571556 0.4661963135004044 4151.800769485533 2.711881309747696 12.74519355595112 1.173651620745659 2.505480594933033 0.1745992302894592 3.11913375556469 1.088224411010742 0.5052274093031883 1.701955497264862 0.8623268529772758 0.570175439119339 0.1171805039048195 2.063584007322788 0.6712673380970955 3.622491247951984 99.15663383156061 5.754131786525249 1.246054708957672 2.038054227828979 0.4029818028211594 0 0 0.9027534276247025 4.600747995078564 9.25177326798439 283.6055987030268 1396.01618206501 27.34547205269337 63.66269882023335 1.377232372760773 1.460608772933483 0.4791029095649719 40.27972315996885 12.36342297494411 2.611268363893032 2.251400575041771 0.1797070503234863 0.5351473167538643 2.660586342215538 4.08658666908741 2.261278726160526 0 406.4763886928558 457.631607607007 413.4419120624661 121.6281575933099 5.326062709093094 1.975052364170551 84.34112741053104 2.379498660564423 10.33819826692343 42.95761530101299 1.362622626125813 10.04647056013346 15.82668070495129 3.693720586597919 0.4356474876403809 2.464975565671921 0 0.5468853786587715 0 2.243793077766895 0.4715699627995491 0.4729002490639687 66.11736269295216 1.046878516674042 0.1421719789505005 0.1157866939902306 1073.09381531924 0 0.5166647434234619 1.336392134428024 0.8772254288196564 1.13619527220726 10.35765354335308 2.566333547234535 1.139024332165718 14.62577594071627 5.515825882554054 0 14.5321324467659 19.40518854558468 14.16085946559906 1.47533543407917 0.4700639396905899 0 0 0.3663404881954193 0 0 0.1419362872838974 0 0 0.1965308338403702 0 0 0 0 0 0 0 0 0 0.3482914119958878 0.188335046172142 0 0 0 1.220011964440346 0 0.7345995083451271 0.4148607179522514 0.104560948908329 0 1.002041012048721 0 0.1606038957834244 0 0 0 0.6725448071956635 0.6124104261398315 0 0.1300958096981049 0 0 0.28556989133358 0 0 0.1298431158065796 0.3647163212299347 0 0 0.1181815639138222 0.1500906497240067 0.5089490562677383 0.1242973059415817 0.1111578419804573 0 0.111004427075386 0 0 0 0 0.1272736489772797 7.824000097811222 0 0 0 0 0.3766250908374786 0 1.130034729838371 0 0 1.171484529972076 0 0 0 0 0 0 0.09261021763086319 0 0 0 11.25645738840103 1.326218485832214 1.605263464152813 317.6006795987487 40.64589485526085 456.0793170779943 56.9283746406436 568.0725383013487 58.09352107346058 2.777543544769287 63.40401695668697 12.71145169436932 0 2.2488052546978 0.1059190407395363 15.33907087147236 0.2358914613723755 0 0.08568158000707626 45.233737424016 2.797076135873795
71.45778135955334 1178.308752842247 0 0.4193626940250397 438.3713892698288 0.6182861775159836 43.72362280637026 2785.459343492985 666.6037519872189 1.380700834095478 2861.789206407964 0.2625990211963654 54.51040509343147 230.0903768911958 9.379183121025562 11.88789201527834 1.770197540521622 4.445891715586185 0.536431573331356 8.113256044685841 9.694956369698048 0.340901255607605 18.92084635049105 2.740706354379654 14.03446889668703 8.115843087434769 5.621858052909374 12.09995838999748 3.510287716984749 0.1130957454442978 5539.823254190385 654.4718550443649 24.78345520049334 25.0867013707757 34.69327798485756 10.60325558483601 5.056398324668407 7.409932501614094 0 1.38931941986084 14.87863074243069 1.920140072703362 8.248630844056606 2.172807589173317 9.906708389520645 8.405600816011429 22.34333313256502 2.24094220250845 7.040817074477673 21.75418657064438 3.845700316131115 0 0.2520934566855431 1.39485489577055 0.1438578218221664 0.7517198175191879 35.6914756000042 617.3770819976926 2.73047499358654 3.317172199487686 48.6632371544838 9.02010952681303 4.391916930675507 299.4971632137895 0.7774859368801117 0.5205963924527168 0.1518950164318085 0.712171658873558 20.879539757967 52.60107713937759 2.017374590039253 0.2177107930183411 0 43.67345722019672 171.4706099107862 38.81276857107878 34.29183075577021 15.98264863342047 223.3487515822053 1078.330802097917 42.50811176002026 628.5727755129337 5.961434371769428 0.09682253003120422 1.628113970160484 1.887478552758694 12.29005452245474 0.3993032202124596 0.9267709627747536 0.7214722186326981 1.339677035808563 0.8723980337381363 33.55948490649462 2.786837421357632 0 0.8749303817749023 0 0 0 61.74058064073324 0 0 0 0 0 0 0 0.2922002077102661 0 0 0 1.117457330226898 0 0.4685956388711929 0 0 0 0 0 0 0 0 0.1147224605083466 0 0.1961299031972885 1.384453415870667 0 0 0.5675795152783394 0 2.738790147006512 0.1047615483403206 3.024673476815224 0.2668391615152359 0 0.2788240909576416 0.1073352843523026 0 0.1235679090023041 0.5769999325275421 0 0.1577822715044022 0.5637389272451401 0 0.8121350854635239 0.3312795162200928 0.1135397925972939 0 0 0.1300013661384583 0 0.234444186091423 0 0 0 0 0.4543716087937355 1.247066363692284 0 0 0 0 0 0 0.243722140789032 0.24293352663517 0.08709819614887238 0 0 0 0 0 0 0 0.1976544559001923 0.2977758049964905 0.440799281001091 0 0 0.2367571145296097 0.6091729253530502 0 0 0.2356181740760803 0.1808574646711349 0 0.6673891544342041 0 0 0 0 0 0 0 0 0 0.1279484182596207 0.5164605230093002 0.5534873306751251 0.2832681834697723 58.09483141452074 7.398421183228493 138.6379340216517 18.82272647321224 10.07590238004923 3.684339292347431 0.1106982380151749 13.18503256142139 1.809751980006695 0.1318037062883377 0.2527968436479568 0 0.163862943649292 0.110601931810379 0 0 5.505192898213863 0.8620420396327972
1954.663168944418 1020.823706053197 0.4193626940250397 0 9.00988644361496 458.5080784782767 1046.775276653469 0.6276778057217598 10.48342671990395 1343.838665083051 4.683224394917488 499.0083084106445 875.7106713354588 55.59617348015308 10.56822181493044 2.179915949702263 0.2409315258264542 0.08264763653278351 0 0.1008950844407082 0.2402278706431389 0 0 0 0.2141446098685265 0.1957265362143517 0.09112066775560379 0.3029345571994781 0.4724221900105476 0 57.37870190292597 0.6582624092698097 1.263934686779976 0 0.213534489274025 0 0.5821819826960564 0.1653086841106415 0.07604982703924179 0 0 0.1261623203754425 0 0 0.4381133764982224 0.4462738484144211 19.86493955552578 0.9646160304546356 0.4417500048875809 0.08458302170038223 0 0 0 0 0.7741276174783707 2.86434280872345 67.40280333161354 213.4379618018866 8.701683461666107 17.43635573238134 0.198315404355526 0.3007852509617805 0 5.49174340814352 2.254928551614285 0.5467959716916084 0.357727475464344 0.1686463579535484 0 0.1473185867071152 1.839058466255665 0.2616730704903603 0.2295764684677124 98.23804727196693 85.05236209183931 90.2307895347476 18.77373047173023 0.6546176299452782 0.1035108789801598 0.8365555703639984 0.4043402373790741 1.139061369001865 9.010690450668335 0.1133941560983658 1.319198578596115 3.539441667497158 0.7550324276089668 0 0.6514271348714828 0 0 0 0.1069430410861969 0.1289940029382706 0.2037237212061882 185.9930244609714 1.756780922412872 0 0 231.096546843648 0.1605272889137268 1.917824387550354 0.7152231484651566 0.7714392393827438 0.3829699903726578 12.06917118281126 2.476023688912392 0.6048623323440552 13.94909147918224 8.126161113381386 0 15.71921081840992 17.30941653251648 9.285174950957298 0.3338152915239334 0 0 0 0 0 0 0 0 0 0 0 0 0 0 0 0 0 0 0 0.3458277210593224 0 0 0 0 0.7690877020359039 0 0 0.1089724823832512 0 0 0 0 0 0 0 0 0 0.2801441252231598 0 0 0 0 0 0 0.5536677837371826 0 0 0 0 0 0 0 0 0.2762881219387054 0.1205595061182976 0.1350427716970444 0 0 0 0 0 3.495135858654976 0 0 0 0 0.2790085673332214 0 0.200706735253334 0 0 1.181096374988556 0.5720891356468201 0 0 0 0 0 0 0 0 0 13.50293771922588 0 0.3804142773151398 108.1906100660563 7.993788130581379 105.785067461431 12.82113566249609 451.3047890737653 12.52658914029598 0.3946516066789627 16.44064185768366 7.723856806755066 0 0 0.3400239646434784 15.94971019774675 0 0 0.36772620677948 0.7081332355737686 0.5629431903362274
280.8908429741859 5185.207089871168 438.3713892698288 9.00988644361496 0 7.356038168072701 2484.078323177993 79.49383798241615 6936.408451460302 16.55832636356354 1183.930189348757 9.314836889505386 732.927824601531 526.2280893549323 34.73362213373184 12.48235697299242 0.6486257910728455 0.3256774768233299 0.2572587504982948 0.9646203964948654 0.1054217889904976 0 0.4786255732178688 0.6421862840652466 0.6605364233255386 1.369668379426003 0.8017172366380692 2.002750717103481 0.3786116763949394 0.2788581997156143 905.3116820901632 2.686341755092144 9.923370093107224 0.1139456406235695 0.4154550433158875 0.2515698820352554 3.756571166217327 0.8452737033367157 0.2788833379745483 0.9342346787452698 0.7409411370754242 0.193066343665123 0 0.8669117465615273 0.7298538461327553 1.130863174796104 65.92442698776722 3.35934767127037 1.086649253964424 0.5158429220318794 0.08519525825977325 0.2197046726942062 0 0.2012502402067184 2.508410006761551 4.600222758948803 35.4767175167799 295.2617223486304 8.261440232396126 34.81840083748102 1.108328998088837 2.713846728205681 0.1020041555166245 33.65812453627586 4.85066232085228 1.203523278236389 0.7506627067923546 0.1027740091085434 0.7000095844268799 0.2178716883063316 4.142780341207981 0.5289703458547592 0 89.64364332705736 154.7077419683337 174.4750135242939 81.59959823638201 2.562839113175869 0.222282201051712 12.19064572453499 0.2051638290286064 3.128360457718372 16.72079773247242 0.4074464067816734 5.003753684461117 6.579366870224476 2.538087747991085 0.09994615614414215 1.038810059428215 0 0 0.2214031890034676 0.3827590569853783 0.2409523725509644 0.4455812200903893 19.20988615602255 0.6482817605137825 0 0.4936962127685547 76.52305732667446 0 0 0.3854531049728394 0 0 5.921592742204666 0 0.8552842140197754 2.21234992146492 4.768906340003014 0 5.856412515044212 14.40084427595139 9.662294238805771 0.4398839995265007 0.8370234295725822 0 0.1329896152019501 0 0 0 0 0 0 0 0 0 0 0.1121774911880493 0 0 0 0.122278705239296 0 0 0.1805197596549988 0 0 0 1.041883751749992 0.2631053850054741 0.2316623628139496 0.5506313517689705 0 0 0 0 0 0 0 0 0.4012009799480438 0.7618978470563889 0.1085151135921478 0 0 0.1400155425071716 0 0 0.3649226427078247 0 0 0 0 0 0 0.3412690758705139 0 0 0 0 0 0 0 0 0 6.415503971278667 0 0 0 0 0.8255409300327301 0 0.8486054837703705 1.049914106726646 0 0.4043698459863663 0 0.1766557246446609 0.1254880577325821 0 0 0 0.09997035562992096 0 0 0 8.319116696715355 1.241317451000214 0.3907822072505951 120.9892083331943 22.62123829126358 178.5234976485372 24.97797686606646 43.23760954290628 31.02032797038555 0.922178141772747 25.1574218198657 7.127778351306915 0 0.994048073887825 0 8.722294166684151 0.394481748342514 0.140831783413887 0.2583928108215332 8.249616555869579 0.197200134396553
205.992833584547 289.1708467453718 0.6182861775159836 458.5080784782767 7.356038168072701 0 224.4934287071228 1.21107742190361 16.62326979637146 611.6597170829773 3.147497534751892 283.4715349748731 307.9166695550084 72.20042220503092 1.331296421587467 4.400990106165409 0.3867673873901367 0 0 0 0 2.139184772968292 0 0 0 0 0 0.3530687838792801 0 0.1245083510875702 24.32978815585375 0 30.48921401798725 0 0 0 11.89279356598854 0.4773081243038177 7.918890863656998 0.6449177265167236 0 0 0 0.1184814646840096 0.09742105007171631 0 2.355656519532204 0.1680781990289688 0 0.10331691801548 0 10.19992616772652 0.4383632838726044 0 0.2394512742757797 2.730516627430916 177.6943657845259 71.87607850879431 1.95714309066534 1.09647673368454 0 3.712455704808235 0 0.5844289213418961 0.357260137796402 0.0988224670290947 0 0 0 0 143.3811669498682 460.507090434432 7.694713741540909 27.09351846575737 16.51682799309492 13.6258844807744 2.54864489287138 0.9769290834665298 0 9.035824418067932 0 0 1.253556840121746 1.342641949653625 0.292009674012661 3.306851863861084 0 8.281670719385147 2.174121454358101 10.92471185326576 0 1.220125988125801 0 0 0.2392974048852921 734.8278335779905 297.7136475294828 50.87281566858292 17.95416890084743 347.9198489636183 0 1.027288287878036 0 0.6576757431030273 0.1607831716537476 6.893642321228981 3.347287029027939 0.5345517843961716 2.611015677452087 3.738337740302086 0 6.960281983017921 9.746598482131958 7.192652694880962 0 0.2786690294742584 0 0 0 0 0 0.1892711669206619 0 0 0 0 0.2240576148033142 0 0.1618950068950653 0 0 2.70407447218895 1.141221061348915 0.6667813658714294 0 0 0 0 0 0 0 0 3.457744359970093 1.024191208183765 0 0 0 0 0 0.4362731128931046 0 0 0 0 0 0 4.239454478025436 0 0 0 0 0 0 0 1.007976830005646 0.1800389587879181 1.099361807107925 0.2240469604730606 0 0 0 0 0 0 0 0 6.308686226606369 6.117006912827492 0 0 0 0.3163675516843796 0 0 0.1941996067762375 0.1156825423240662 0 0 0 0 0 0 0 0 0 0 0 11.75609545409679 2.643092006444931 4.422417908906937 9.565433472394943 0.838956393301487 16.61804929375648 2.332264676690102 176.0528796240687 2.601450555026531 1.691700339317322 1.379943370819092 1.996557176113129 0.1533987522125244 0.4879659041762352 0.1278173327445984 4.78318178653717 0.4346884191036224 0 0 0.2470552027225494 0
528.3107606396079 6053.185819946229 43.72362280637026 1046.775276653469 2484.078323177993 224.4934287071228 0 5.578241892158985 1688.291978761554 1958.21155449748 67.86955342441797 165.9300501346588 4025.948676876724 205.2000935301185 102.3345649540424 44.26603229343891 2.90334552526474 0.8115822747349739 0.3007025495171547 1.296538181602955 0.3173260167241096 0 0.4577062651515007 0.3490090370178223 0.8573152050375938 2.33876346051693 0.5981128141283989 4.398586347699165 3.009733431041241 0.5773856043815613 416.7798497006297 10.01419626176357 65.41858710348606 0.3727162554860115 0.4083522707223892 0.6612002104520798 17.68429560214281 1.110912688076496 1.350580461323261 1.374409943819046 2.89791064709425 1.049281299114227 0.1980545297265053 2.747829630970955 1.160351455211639 1.24241328984499 190.8982307910919 6.866083480417728 1.931532166898251 2.364861369132996 0.9707366973161697 0.1021770015358925 0.09382963925600052 0.5593499168753624 7.44859766215086 11.78537886589766 102.4993772134185 459.2036097943783 22.49789789319038 83.02607361227274 1.979696027934551 4.74501496553421 0.3199849873781204 68.69979980587959 13.47251159697771 2.375000663101673 1.947855055332184 0.6831985414028168 1.191431358456612 1.076938189566135 28.26055987924337 5.98348942399025 0.07737103849649429 246.4271787330508 341.2667098268867 449.5756046772003 205.6837646514177 12.35772889107466 1.021903291344643 30.49348273128271 1.196562208235264 7.001942560076714 47.00609014928341 1.253962576389313 10.59215033054352 14.59814029932022 3.712514892220497 0.4385192543268204 3.193816624581814 0.09864258766174316 0.400111585855484 0.09922244399785995 1.449928969144821 0.4075591266155243 1.960809089243412 525.7105241939425 3.534823998808861 0 0.4940690249204636 105.7851600721478 7.276075944304466 13.45022861659527 7.16404715180397 11.54312887787819 3.690907970070839 99.95826162397861 16.84700265526772 6.788861036300659 40.87062572687864 61.39860571920872 2.784884482622147 136.4564399644732 174.9467594474554 145.0296502262354 21.53318884968758 3.231549002230167 0 0.1460720002651215 0.7121655195951462 0 0 0 0 0 0.7354024648666382 0 0 0.0998067781329155 0 0 0 0 0.1932197213172913 0 4.870400100946426 0.2559833526611328 0 0 0.4796295017004013 10.97434002161026 0.2396555840969086 3.436314061284065 2.851561665534973 0 0 0 0 0 0 0 0 5.419027969241142 6.740221157670021 0 0 0.1073689684271812 0.1071023717522621 0.1148447245359421 0 0.3541522324085236 0.1152815446257591 2.473580241203308 3.672666966915131 0 1.968422904610634 1.431921303272247 14.63265027105808 3.400793097913265 1.465858317911625 0.2106613740324974 0 0 0 0 0 0 101.7158167734742 0.3990904986858368 0 0 0.2597862184047699 7.189437031745911 2.548583492636681 4.500686198472977 9.056463047862053 4.350671082735062 11.10038176178932 1.705163091421127 0.9085298776626587 0.1059527918696404 0 0 0 0.2280511409044266 0 0.1182656511664391 0 130.4035936519504 10.27085494250059 11.09683701395988 522.2771189436316 55.64976745098829 606.5878625065088 71.7863477692008 364.2993942648172 95.42350753396749 2.773262523114681 92.65876097232103 66.54355947673321 1.187631547451019 22.58113527297974 1.313932038843632 121.0713963806629 3.461087629199028 0 4.840239897370338 35.0983392521739 2.949921898543835
24.09562852978706 273.9112765491009 2785.459343492985 0.6276778057217598 79.49383798241615 1.21107742190361 5.578241892158985 0 327.0027507171035 0.6196574196219444 1574.482004098594 0.8815183639526367 15.5260329246521 156.8730214089155 10.01941980421543 7.355683639645576 1.133114464581013 3.060150556266308 0 4.010713592171669 2.831302061676979 0 10.00458208471537 0.9318744316697121 6.77207250893116 5.090661525726318 3.298956446349621 6.029476881027222 1.373222291469574 0.2988363653421402 2034.316235505044 918.7013908624649 21.83730458468199 13.30271136760712 16.06783920526505 8.426987066864967 3.666671484708786 5.191776260733604 0 1.788694821298122 6.357051432132721 1.517795890569687 5.10766077786684 1.618985988199711 7.862154170870781 5.300618655979633 18.99848392605782 1.034985668957233 2.571083560585976 9.134700492024422 0.5944591760635376 0.3605286926031113 0 0.6742952391505241 0.4606666043400764 1.270186394453049 26.9796996936202 288.973607711494 3.442927800118923 5.058290548622608 33.69546835124493 7.715617947280407 1.983537554740906 131.280244089663 1.451074749231339 0.4830810278654099 0.490428552031517 1.147181749343872 7.374424755573273 24.53446698188782 1.434735730290413 0.1906544417142868 0 38.9753096178174 111.0579269602895 45.83235476911068 34.94775769859552 147.0023523494601 441.632507674396 1308.654495373368 83.81184934824705 829.5582987964153 4.571647435426712 0 1.536586038768291 1.530852384865284 5.164047509431839 0 0.4321543052792549 0 0.3706161379814148 0.3400302529335022 13.96588710695505 1.815259665250778 0 1.028118848800659 0 0 0 18.85720784962177 0.1550754308700562 0 0 0 0 0 0 0 0 0 0 0.1741008460521698 0.1999855041503906 0.2944823205471039 0.1238096505403519 0 0 0 0 0 0 0 0 0 0 0.1981036365032196 0 0 0.323073148727417 0 0.9346023499965668 0.1195125505328178 0.650824099779129 0 0 0 0 0.1353344470262527 0 0.3137518465518951 0 0.2531461119651794 0.6219592988491058 0 0.9923771917819977 0 0 0 0 0 1.097437590360641 0 0 0 0 0 0.1512422859668732 0.5759832859039307 0 0 0 0 0 0 0 0 0 0 0 0 0 0 0 0.1671096682548523 0 0.3634351044893265 0.254669763147831 0.5160800069570541 0 0 0.142664834856987 0 0 0.236793652176857 0 0 0 0.602606475353241 0.1965595632791519 0 0 0 0 0 0 0 0.2769952565431595 0 0.4262544363737106 0.191428616642952 41.50285863876343 5.804095804691315 76.36254502087831 8.718914777040482 9.280935950577259 6.736515954136848 0.4461241587996483 5.605919979512691 1.750443659722805 0 1.434279501438141 0 0.3850782215595245 0 0 0.2566851079463959 1.989809118211269 0.941016674041748
78.07316370308399 1989.04491738975 666.6037519872189 10.48342671990395 6936.408451460302 16.62326979637146 1688.291978761554 327.0027507171035 0 45.26872693002224 2357.85064573586 69.43091148138046 1681.553890824318 1704.99009783566 100.1233408600092 101.6549395248294 2.204998433589935 0.9717974215745926 0.2531432956457138 2.75335181504488 2.000565074384212 0.1151728853583336 5.215572722256184 0.8549259081482887 2.820021465420723 2.712717443704605 1.311010807752609 4.416752576828003 3.966787315905094 0.4572479203343391 377.5291382595897 20.71101210266352 80.95307620614767 2.024925082921982 7.598816201090813 1.103468298912048 18.30906918644905 0.8536998257040977 0.971946582198143 1.680683389306068 5.303283587098122 2.685780674219131 1.661982737481594 5.586658135056496 1.334416940808296 1.525201924145222 154.8783482313156 4.804080136120319 2.155254870653152 3.022888004779816 1.653485253453255 0 0.1167449355125427 1.012474715709686 2.800505883991718 5.66179633885622 28.55438886582851 180.5018200725317 9.954385712742805 39.48387864977121 2.657244078814983 4.499222010374069 0.8311599344015121 75.0789600610733 6.868647515773773 1.824564784765244 1.026500806212425 0.5872176289558411 4.749631285667419 17.60589651763439 21.49920463562012 2.707748748362064 0 98.04725056886673 178.4941736832261 240.4654839858413 229.5122087597847 33.91337462514639 0.9815037027001381 77.1671886742115 1.629173383116722 19.00397325307131 25.42502416670322 0.8553855195641518 6.554496787488461 9.262363739311695 5.83672871440649 0.8156689032912254 2.142364159226418 0.4463613033294678 0.4082054421305656 0.7278676182031631 9.891847245395184 1.846390143036842 0.5079295411705971 175.4717176929116 2.251063875854015 0 0.2819806411862373 22.38933059573174 3.356503896415234 4.38980133831501 3.88506606221199 2.724769607186317 2.132024556398392 39.4472132474184 7.586295396089554 4.8135926425457 22.19250093400478 31.84776289761066 1.466931566596031 79.05027978867292 88.70431239157915 79.76449360698462 12.35290917754173 1.756296791136265 0.4654120355844498 0 0.4525936990976334 0 0 0.2519251108169556 0.1587155759334564 0 0.725873589515686 0.9127913862466812 0 0 0 0.1000980064272881 0.5196616649627686 0 0.3789844363927841 0 3.386034548282623 1.443086445331573 0 0.3063077628612518 0.08231370151042938 8.661664739251137 0 2.087812460958958 1.938913956284523 0.2020066305994987 0.5056750625371933 0.1385431587696075 0 0.1267723441123962 0 0.2791315019130707 0.6266878694295883 0.6165676116943359 3.452437050640583 0 0 0 0.2754943147301674 0 0 0.2196062505245209 0 1.230446144938469 1.3150914311409 0 0.323679655790329 1.479853808879852 8.356547482311726 1.430290065705776 0.7353491187095642 0 0.4822966009378433 0 0.2989628165960312 0 0 0.1813235431909561 59.25720616430044 2.141369372606277 0 0 0.241974264383316 3.160990871489048 1.067230880260468 2.643070712685585 4.175990976393223 3.762299820780754 3.948340818285942 0.4167829751968384 0 0 0.09808245301246643 0.1089309751987457 0 0.09757265448570251 0.2672919481992722 0 0.1641648560762405 71.07369065284729 6.34061424434185 4.968078546226025 371.3434956073761 44.88477217406034 394.0895528718829 59.47212640941143 50.97528088837862 70.32893408089876 3.415168032050133 67.67598655074835 32.89327404648066 1.955120749771595 16.76315557956696 0.7051344737410545 55.49516892433167 0.3304508030414581 0 4.173805564641953 11.88721150159836 1.818496160209179
743.1323520764709 436.2019584104419 1.380700834095478 1343.838665083051 16.55832636356354 611.6597170829773 1958.21155449748 0.6196574196219444 45.26872693002224 0 1.832045562565327 1543.864046767354 3664.782933518291 693.7624197974801 4.685307554900646 4.355367943644524 0.3964588493108749 0.211999922990799 0 0.2265517488121986 0.3940557539463043 0.1976810395717621 0 0 0.7530504167079926 0.2538805603981018 0 0.09793774038553238 0 0 23.69807231426239 0.30845707654953 22.59790508449078 0 0 0 5.313300311565399 0.2770049050450325 1.352696642279625 0 0 0.1149516031146049 0 0.3293481022119522 0.1257511377334595 0.1148741170763969 8.38594377040863 0.3474294692277908 0 0.2262742072343826 0.1616314500570297 2.130794674158096 1.006960809230804 0.1391265988349915 0.7357212007045746 0.5261314958333969 48.46837013959885 85.6866360232234 4.1966547742486 6.429233387112617 0.5160973072052002 0.4697253406047821 0 1.813832752406597 0.8386788293719292 0.1816601976752281 0.07646962255239487 0 0.1412458568811417 0.1341889500617981 24.56378951668739 48.33387112617493 0.8389042615890503 44.61458287388086 36.09961926192045 36.45408138632774 7.060206316411495 0.542567178606987 0.1667809039354324 39.02774046361446 0.1119379252195358 0.7689490616321564 3.64426913112402 0.3252037242054939 0.9587798714637756 1.067769818007946 0.5402621626853943 1.929731503129005 0.4990820437669754 0.4998564273118973 0.1959555596113205 0.3746599853038788 0 0 0 866.6001904904842 28.42665535211563 5.773057729005814 1.515660122036934 295.7601117640734 2.388798572123051 7.96974091231823 4.072881639003754 13.94441123306751 1.692472890019417 80.1539486348629 12.75786180794239 6.874118760228157 66.53952413797379 65.81106731295586 1.95161010324955 112.218094676733 142.1596107408404 99.63173846155405 8.686767935752869 0.4880834072828293 1.277352020144463 0 0.1517219692468643 0 0 0 0 0 0 0 0 0 0 0 0 0 0.3668856620788574 0.1713362485170364 6.605617746710777 0 0 0.1873461455106735 0 4.797827541828156 0 0.2374457269906998 1.054276034235954 0.2788611352443695 0 0 0 0 0 0 0 0.9663142114877701 4.564271241426468 0 0.3158839344978333 0 0.2877494245767593 0 0.4208123981952667 0.1424608528614044 0 1.180474147200584 1.269731566309929 0.4488371610641479 0 0 5.070755213499069 1.106030002236366 0 0.2355938330292702 0 0 0 0 0 0 35.48340481519699 0.9041706472635269 0 0 0.2340321242809296 4.343734405934811 0.8641766905784607 1.212039530277252 4.836187407374382 4.236295521259308 4.017812088131905 0.5150497555732727 0 0.1121261492371559 0.09600244462490082 0 0 0 0 0 0 89.32167142629623 3.026243835687637 2.381178081035614 129.1864057555795 4.208119511604309 52.50424385815859 5.930732555687428 467.9572206959128 5.95876120775938 0.4077346622943878 8.892629027366638 36.19131695479155 0.4765748381614685 9.089677445590496 1.467791751027107 88.35905980318785 1.394708082079887 0 1.29013891518116 0 0.14592045545578
191.1604826450348 1688.024653889239 2861.789206407964 4.683224394917488 1183.930189348757 3.147497534751892 67.86955342441797 1574.482004098594 2357.85064573586 1.832045562565327 0 24.39363905787468 329.7779929637909 1103.233122877777 106.5840167179704 132.6644554808736 5.731120571494102 5.506472058594227 1.784291982650757 16.54247999936342 22.75378531217575 0 34.7472896873951 4.967740625143051 41.33821284770966 23.01153844594955 7.9859629124403 11.6761658936739 4.13671250641346 1.752381168305874 2388.255161434412 197.9837115257978 656.5267815217376 16.97271696478128 49.51298607140779 23.16370415687561 162.7747824266553 16.16576941311359 1.755678728222847 6.71058838814497 48.36660110205412 15.21277118474245 12.81413441896439 13.56074945628643 5.261063173413277 9.325715504586697 155.2439333349466 7.675570659339428 7.229678198695183 23.60114323347807 11.75724609196186 1.218200817704201 0.308982327580452 2.605237565934658 2.752955093979836 5.265264421701431 57.15117076784372 551.6430271044374 11.9154055789113 41.11798950284719 7.100927524268627 58.66752075403929 7.692605160176754 133.9694221392274 7.902223519980907 1.80093801766634 1.630519710481167 3.242650225758553 49.3909527733922 107.2970542386174 36.25064170360565 9.893409006297588 0 129.643286369741 285.9186052680016 261.8478662148118 247.6649903282523 55.34973813593388 52.88952056318521 815.9542383849621 7.100049749016762 205.668110691011 27.10517749935389 0.8362048342823982 5.47870210558176 11.8718646466732 19.22169037908316 0.08966069668531418 3.221225596964359 1.627332985401154 0.7435115724802017 1.463936313986778 77.8207206428051 18.10465101897717 1.698608480393887 32.07865528762341 7.095045357942581 0.1658875942230225 0.7411176934838295 81.85752015560865 0.8086211234331131 0 0 0 0.1354910582304001 1.817666791379452 0.6739374697208405 0 1.096413671970367 1.371661782264709 0.189477950334549 2.698779657483101 6.059402726590633 6.289706826210022 0.8206778988242149 1.694238021969795 0.7020455896854401 0.1137318983674049 0 0.2829461097717285 0 1.046201303601265 1.70391670614481 0.1235667765140533 2.144986435770988 4.262831538915634 0 0.263537585735321 1.130855292081833 0.1265639513731003 4.173935621976852 1.321347534656525 11.63051334023476 0.8024116307497025 0.370545506477356 0 0.2357731759548187 0.2842242121696472 0.9505121931433678 3.92939005792141 0 2.809967525303364 5.287044860422611 2.611623346805573 4.513305135071278 1.997777819633484 0.4847990423440933 0 0 0.7290300726890564 1.885292574763298 0.2376588135957718 1.016510784626007 0 0.183189332485199 0.5301634222269058 2.669913344085217 1.546635441482067 0 0 0 0.3727233707904816 0.7865579128265381 0 1.864938892424107 1.295103043317795 1.877833381295204 0.2210181653499603 0 0 0 0 1.141396842896938 0 0.483567863702774 1.692331805825233 15.74561536312103 1.719618856906891 0 0 0.944420725107193 0 0.9714942127466202 0.3301886916160583 0 0.9188657253980637 0.9528043419122696 0.1954357177019119 0.1937919706106186 0 0 0 0 0.1235596090555191 0 0.2406674027442932 0.2491749078035355 5.565644517540932 5.437773756682873 6.92898914963007 351.8890282735229 53.100521735847 439.1014537066221 75.75333976000547 41.64036567509174 57.73237086087465 1.840571410953999 67.11634280532598 11.06469416618347 0.7321975901722908 3.921628423035145 0.8351974636316299 6.490712657570839 0 0 1.616484083235264 15.75907234102488 7.332984827458858
129.8711585849524 38.26718940585852 0.2625990211963654 499.0083084106445 9.314836889505386 283.4715349748731 165.9300501346588 0.8815183639526367 69.43091148138046 1543.864046767354 24.39363905787468 0 3109.511510975659 1204.944629587233 17.8953842073679 27.93689861148596 2.266542062163353 0.1352827697992325 0.2992499768733978 0.2263668179512024 1.297077760100365 1.720286667346954 0.7330828905105591 0.2803772687911987 0.7338132187724113 0.3788251802325249 0 1.217955738306046 0.572568342089653 0 3.289839126169682 0.4800268113613129 162.3642060607672 0.7166014462709427 2.626720279455185 0 52.00883378833532 0 3.099798075854778 1.216902762651443 0.3989619463682175 1.855781376361847 0.7007787227630615 2.583461746573448 0.3239709734916687 1.733697921037674 23.00221437960863 0.1971161216497421 0.1419084370136261 1.360911816358566 0.227802649140358 1.362933605909348 5.774779610335827 1.636617615818977 0.7392232343554497 1.19115261733532 12.02154067158699 21.18557538837194 1.998609617352486 2.325318247079849 0.1102149114012718 7.076024740934372 0.4255661517381668 3.173454567790031 0.9340463578701019 0.1776009872555733 0.0955035611987114 0.5266406834125519 2.789199136197567 4.44177134335041 158.0271762758493 72.14536845684052 2.576941221952438 23.31178465485573 20.34809195995331 31.49676265567541 20.76966245472431 6.631844021379948 0 248.8976283073425 0.1653396636247635 3.754673652350903 3.551644489169121 0.7605477049946785 0.3262380957603455 0.6585031300783157 0.9080712273716927 0.2952493131160736 0.9017769768834114 0.6707166880369186 0 0.2041642963886261 2.723919153213501 0.2955439239740372 0.153094619512558 2847.85081705451 148.0437813401222 3.845570832490921 5.716339483857155 50.59770160913467 9.022437542676926 6.213976979255676 5.754065662622452 7.087296456098557 5.108106285333633 101.5390604808927 14.22336356341839 8.570082604885101 38.88961060345173 64.09402175247669 8.184624299407005 174.6875566467643 245.207901738584 243.3666358068585 33.22004008293152 9.3189392760396 0.4951944947242737 0.8415427356958389 1.79146446287632 0.2023933976888657 0 0 0 0.1445696949958801 0 0 0.1916491687297821 0.2146091759204865 0 0.492146298289299 0.2076060622930527 0.8822128921747208 1.635746546089649 0.5864949747920036 10.39279221743345 1.857641637325287 0.5503993034362793 0.2125448137521744 0.1542592495679855 43.78523224592209 0.3935559391975403 11.71544758975506 12.73428516089916 2.366079948842525 0 0 0.2068294882774353 0.1581419855356216 0.1708941608667374 1.0968297123909 0 6.409141093492508 18.2046976685524 0.3276374489068985 0.3652583807706833 0 0.5535871535539627 0.3006029725074768 0 1.488600730895996 0.105227917432785 4.836058169603348 7.733615204691887 0 3.964595630764961 2.783224433660507 36.66396678984165 2.548965498805046 1.487973295152187 0.7583018243312836 0.3440387845039368 0.1923544704914093 0.1717746257781982 0 0 0.6092751994729042 228.1461403891444 4.110281780362129 0 0 0 12.4845999777317 5.557627245783806 14.76834780722857 11.33649979531765 17.27613450586796 15.19380842149258 2.489078640937805 1.280968889594078 1.143624857068062 0.1273311972618103 0 0 0 0.1318603307008743 0 0 208.9908759593964 37.56378768384457 36.50517472624779 192.719347320497 7.471706353127956 104.1125859618187 12.55111858248711 97.82432027906179 15.46835541725159 0.1748915165662766 33.10863227397203 77.27946864068508 3.147550836205482 35.16531336307526 5.314609378576279 142.9124865680933 6.590027511119843 0.2440025210380554 16.09180718660355 0.9620005190372467 0.7861154079437256
234.3040704280138 710.6525901705027 54.51040509343147 875.7106713354588 732.927824601531 307.9166695550084 4025.948676876724 15.5260329246521 1681.553890824318 3664.782933518291 329.7779929637909 3109.511510975659 0 2080.584265120327 141.3297958523035 240.2303412258625 6.132842347025871 2.927657760679722 1.208274446427822 3.547009512782097 4.861866071820259 8.8989437520504 6.557586066424847 2.159273698925972 2.956628829240799 6.049796245992184 1.268263593316078 6.15558410435915 8.367454431951046 1.350424543023109 110.204082608223 12.18114782869816 477.4924718141556 4.147119730710983 8.525143057107925 1.737859785556793 112.1922617331147 5.101200200617313 160.3761751875281 12.0116129592061 7.696547254920006 3.52698740363121 1.836460068821907 17.9356273189187 4.427810326218605 13.99951232969761 199.5068396255374 5.355848215520382 2.268269643187523 6.146543562412262 1.66108725965023 6.646059565246105 63.73246898502111 2.465422004461288 3.787439964711666 6.673343114554882 34.79621881991625 116.4693306088448 11.85521829873323 33.89078553020954 5.919715277850628 75.94274999201298 0.4555622637271881 49.86948372423649 5.956004530191422 2.049371786415577 1.592535607516766 0.9173031821846962 9.001581884920597 22.59372169524431 122.7099004536867 254.711629897356 3.204023666679859 93.34831421077251 119.2146978750825 228.9565378427505 219.8796610608697 56.94436255842447 0.6559780612587929 208.947604984045 5.606031693518162 55.84565167874098 24.1211323812604 1.938598297536373 5.229734621942043 11.01070582121611 4.604449652135372 4.740069478750229 1.805445231497288 2.482131585478783 0.3400391042232513 0.4292489364743233 15.64086800068617 3.612169504165649 1.224031552672386 2322.271155498922 327.6365245580673 31.51325656473637 321.7732667326927 72.14603469520807 13.82464212924242 21.33320221304893 11.82551902532578 14.52282126247883 8.44510031491518 175.6972182765603 36.29755318164825 17.28185579180717 90.98065345734358 124.8446192890406 9.850731775164604 305.2620217874646 441.5214086398482 387.2439671382308 60.78685640543699 26.36934031546116 4.378702104091644 2.517566040158272 5.676855340600014 0.1722565293312073 0 0.5850439593195915 0 0.5839764922857285 0.1323153227567673 0.7911918610334396 0 1.617223404347897 0.108039602637291 0.4410945773124695 2.640895083546638 5.172766402363777 3.492847956717014 2.199316114187241 15.04331706464291 5.194976136088371 0.2395872175693512 5.35643520206213 2.45660238713026 110.1043015420437 6.94034368544817 49.1493756249547 42.5606505125761 12.19380728155375 0.2028386294841766 0.5602162629365921 0.8890734687447548 0.8453437238931656 1.916664972901344 4.704254761338234 0 9.791249103844166 27.65905621647835 0.4813362509012222 1.213928498327732 0.2862536013126373 9.722551323473454 1.804302029311657 0.513189285993576 2.461289688944817 0 5.642426483333111 9.831425584852695 1.246223539113998 31.37732040882111 16.31863287836313 75.84500301629305 6.613225519657135 2.791187025606632 1.355483934283257 0.3876571208238602 0 0.8065903037786484 0 0 1.784877389669418 507.9569405689836 29.5446465164423 0.7791277468204498 0.3129008710384369 0.1438286453485489 23.14338458329439 33.45304447412491 31.1553675532341 25.41832176595926 30.78366070240736 37.94846596568823 6.719128869473934 4.22489982098341 1.080089457333088 0.4498321712017059 0 0 0.2368333041667938 0 0 0.1281791627407074 372.3033221811056 107.9721132740378 155.0958041623235 733.5740459039807 60.71237683296204 565.6070659309626 86.98255286365747 233.5856861770153 99.94555302709341 3.533817894756794 128.7733178287745 188.545683465898 11.96925240010023 83.98746228218079 9.710346579551697 262.6443800553679 12.51888010650873 1.01557070016861 31.80581863969564 12.87816829234362 5.244758449494839
