0 5551.741999566555 295.680479735136 1727.131680041552 1130.770714849234 257.9589166790247 789.2762862741947 159.4147353321314 95.75430182367563 1575.85914221406 593.4678554534912 33.17840433120728 197.8161595836282 75.78904270380735 1.292223289608955 0.4238466769456863 0 0 0.1103326007723808 0 0.4098563864827156 0.4131144881248474 0 0 0 0.2332847565412521 0 0 0 0 581.5574810951948 3.13234643638134 2.347783222794533 0 0.3626368790864944 0.3482984453439713 0.5270135402679443 0 0 0 0.1302274763584137 0 0 0 0.103361502289772 0.1257659196853638 8.394963711500168 4.290818095207214 0.2448483407497406 0.1398987025022507 1.813777059316635 0.4220728427171707 0 0 9.445692881941795 3.236431635916233 420.4374577254057 930.1811777725816 18.13450098782778 5.656520560383797 0.6241564452648163 1.285219192504883 0.1398163735866547 5.315248630940914 7.066196955740452 2.666308470070362 2.953190237283707 0.843571200966835 0.1508184522390366 0.7169595211744308 4.904180079698563 2.087672427296638 0.6035218834877014 195.2484957650304 82.41819876432419 9.525739163160324 3.735519841313362 0.3923841565847397 0 19.53503228724003 0.3818736970424652 1.331731989979744 16.28238341957331 0.1059049814939499 2.650614589452744 5.546402484178543 0.6576453000307083 0 1.223252035677433 0.8731374740600586 0.8147761598229408 0.2431463822722435 0.2392514199018478 0.3087777569890022 0.3634365946054459 30.71046987175941 2.068513154983521 0.9966909289360046 0 1742.539272293448 0.6021887212991714 0.6612752079963684 0 0 0 48.65156936645508 0.4578796178102493 0.6121881604194641 98.54191021621227 6.485724374651909 0.4544654190540314 2.701172396540642 9.50201253592968 5.938020467758179 2.818922862410545 0 0 0 0 0 0 0 0 0 0 0 0 0 0 0 0 0 0 0 1.585565209388733 0 0 0 0 0.3452419489622116 0 0.8000697046518326 0 0 0 0 0 0 0 0.2398793995380402 0 0 0 0 0 0 0 0 0 0 0 0 0 0 0 0 0.5840479731559753 0.6115032434463501 0 0.1354021579027176 0 0 0 0.33188796043396 0 0 2.784897401928902 0 0 0 0 0 0 0 0 0 0 0 0 0 0 0 0 0 0.2619980424642563 0 0 0.9343777447938919 1.162734150886536 0.6926399171352386 44.32046525925398 3.192645154893398 96.05523323267698 6.468067109584808 2158.305520452559 4.8405731767416 0.6109457761049271 2.527772158384323 4.620380342006683 0 0.4693027138710022 0 6.107018694281578 0.4272951185703278 0 0 0.6773668229579926 0
5551.741999566555 0 1612.434731565416 333.0002525746822 5517.140365019441 348.8440453335643 4185.197745606303 475.2354488298297 495.6902848482132 496.671753950417 1869.23327536881 20.97746846079826 446.6826661899686 347.5934063121676 5.079479306936264 1.616208672523499 3.194559082388878 0.6802495494484901 0.3731196746230125 0.1495170444250107 0.5021499544382095 0 0 0 0.5089892596006393 0.5780737772583961 0.245139554142952 0.432022862136364 0.2691119909286499 0.3303940296173096 1953.628987722099 36.52852395176888 2.116576947271824 0.4095499217510223 0 0.5173258185386658 0.1859824508428574 0.2210455685853958 0.3909424543380737 0 0.7744152620434761 0.9323257058858871 0.5720094963908195 0.3754833862185478 0.4684655219316483 1.229609541594982 67.78670167922974 35.99979129433632 3.832287676632404 0.7571781724691391 18.01087772846222 1.185050740838051 0 0.1835267543792725 41.59540475904942 16.64331892877817 151.4850640818477 1081.096549667418 18.44729445874691 29.9287294074893 1.405252076685429 2.191864967346191 0.2424419373273849 57.6623191088438 44.42799211293459 21.81220699101686 23.03724914044142 5.043429039418697 1.143135733902454 2.665506020188332 3.067955009639263 2.140192843973637 0 560.2676795721054 386.9305938482285 101.3249460980296 39.66565946489573 2.863843701779842 0.6148702800273895 24.07293241471052 0.8841349110007286 3.422298721969128 52.44252064079046 1.658120200037956 15.85446056723595 32.00694139301777 3.730296246707439 0.1035316362977028 8.417150512337685 0.695305347442627 10.56319835036993 2.020172536373138 1.424018070101738 2.116682924330235 2.06588888913393 17.83366310596466 0 0 0 1037.264187790453 0.3445196151733398 0 1.807361572980881 0 0.747377410531044 173.742628544569 0.2129648327827454 1.728544741868973 241.7565153986216 3.724930554628372 1.376454949378967 8.278285458683968 14.58958765864372 10.04953828454018 12.65248019993305 0 0 0 0 0 0 0 0 0 0 0 0 0 0 0.1182428970932961 0 0.1429588943719864 0 0 1.685219287872314 1.281301856040955 0 0 0 10.18830496072769 0.6544381231069565 3.45605293661356 0.9643906354904175 0.4050897061824799 0 0 0 0 0 0 0 0.4458893537521362 0.9509977996349335 0 0 0 0 0.13639235496521 0.1194817125797272 0 0.09364386647939682 0.5977677330374718 1.76736643910408 0 0 0.3121684491634369 3.980699926614761 0.3264060318470001 0 0.1440332531929016 0.203219823539257 0 0 0.5087733417749405 0 0 15.167634293437 0.4479587972164154 0 0.1145946979522705 0.09814529120922089 3.873440071940422 0.5770924687385559 0 2.454211592674255 2.58621221780777 0.428458571434021 0 0 0 0.08980701863765717 0 0 0.3965023532509804 0 0 0 10.2446061372757 2.483416356146336 3.97714900970459 201.3784904852509 25.35335043072701 690.9880690872669 74.52712083607912 1690.02054040134 29.13360320776701 4.769525349140167 25.94546265155077 6.082699500024319 0.1050355583429337 9.662335477769375 0.2656849846243858 11.38305681943893 0.7903984189033508 0 0.3992307484149933 4.118109352886677 0
295.680479735136 1612.434731565416 0 0 2141.235514909029 11.37789922952652 79.83473141491413 4729.746996209025 401.7182422205806 4.778091579675674 4829.256403028965 1.329888120293617 34.42329326272011 222.3610460162163 40.40399213135242 15.75737572461367 4.204934492707253 6.99342343211174 0.6548572853207588 32.37057693302631 54.58268564939499 0 28.82519868761301 6.321053519845009 35.11566809564829 8.672689005732536 15.92569693177938 0.8742112293839455 0.7852643206715584 0.4166374951601028 7909.589658878744 977.6939601078629 68.59043925255537 21.00590538978577 37.76368576288223 58.74471111595631 4.147486388683319 4.069553904235363 1.083431646227837 0.678617537021637 28.57271175086498 5.902819961309433 85.29924249649048 4.030604936182499 11.42009364813566 24.04870567470789 63.86344543099403 20.71908688545227 9.091947443783283 54.2126624956727 11.41661817580462 0.2257239520549774 0.09055019915103912 1.858811631798744 20.72744330763817 7.988159365952015 73.73959801346064 1967.03803832829 9.540582127869129 12.84159073233604 121.4263130202889 15.75212412327528 65.18321284651756 448.5572303682566 17.22916883975267 19.86323440074921 21.57818736881018 29.12523651868105 85.37892528623343 199.5784977152944 21.32123870402575 1.684044018387794 0.2447975873947144 258.177422426641 459.7768030241132 93.30757214874029 76.28022743016481 20.51046391576529 190.5783434957266 3115.535544477403 85.7506156116724 1171.824089199305 19.02022689580917 0.9182918891310692 8.166662186384201 13.54736457020044 36.96314959973097 0.3735855221748352 6.072151131927967 0 6.448402725160122 1.602265268564224 38.22813395410776 5.797936744987965 6.509292289614677 6.970836758613586 1.468985855579376 0 0.7784079685807228 640.8557926118374 0.2184928208589554 0 0.4891848415136337 0.580524206161499 0.2503854930400848 0.4950950443744659 0 0.4156916737556458 0.725150853395462 0.4642324447631836 2.193817049264908 0.7822023034095764 0.8882751762866974 2.184818930923939 3.641053348779678 0.1353535503149033 0.2561148479580879 0 0 0 0 0 0.1507192850112915 0 0 0.136662021279335 0 0 0 0.1186628043651581 0.3936271071434021 0.4316768124699593 0 0 0.3762267231941223 1.432341665029526 0 0.4841711595654488 0 3.884160868823528 0.721569150686264 7.044314689934254 3.217341087758541 1.752387292683125 0.2911761254072189 0.2727047652006149 0 0 0 0.7009977102279663 0 0 0.3295059874653816 0 0 0.1445395797491074 0.3203648924827576 1.181609824299812 0 0 0 0 0 0 0.3075176626443863 0.7508289813995361 2.702031917870045 0 0 0 0 0 0 0.2531305551528931 0 0.6632019951939583 4.210454270243645 0.4422201216220856 0 0 1.111958175897598 0.8660727739334106 0.4102289453148842 0.440709114074707 1.173746474087238 0.3098756074905396 0.7777415886521339 0 0.2324024215340614 0 0 0 0 0.673518218100071 0.3736782371997833 0 0 2.229092322289944 2.597348622977734 3.259185515344143 138.1763129904866 18.49459056556225 309.6150554418564 60.53516704589128 236.9604336842895 18.15481977909803 5.095519304275513 24.41623555868864 3.276753790676594 0.09613069891929626 2.575296334922314 0 3.166764497756958 0 0 0.1405467987060547 1.452833823859692 1.48683688044548
1727.131680041552 333.0002525746822 0 0 89.66053120046854 347.5328945964575 887.3488363027573 2.503154546022415 63.00713196396828 2205.759021729231 13.26657709479332 292.4335238337517 763.5547028183937 57.05004398524761 0.2620556354522705 0.4692534357309341 0 0 0 0 0 0 0 0 0 0 0 0.169709101319313 0 0 11.26044031977654 0.2144561409950256 0 0 0 0 0 0 0 0 0 0 0 0 0 0 3.221021398901939 2.879239544272423 0.2225402444601059 0 0.8424401953816414 0 0 0 2.197259299457073 1.630955830216408 21.98454867303371 56.26072719693184 1.314576178789139 2.18064546585083 0 0 0 0.3999995291233063 2.204813085496426 0.09665041416883469 1.735432296991348 0 0 0.3163489922881126 3.962331622838974 3.61368465423584 0 44.45425816625357 25.54111436009407 3.596751064062119 1.450533479452133 0.1940119117498398 0 0.1606911867856979 0 0.4405156373977661 4.762568168342113 0.1007229015231133 1.031500943005085 1.061963848769665 0 0 0.4991395771503448 0 0 0.1487968862056732 0 0 0 18.1465068012476 0 0 0 105.547689422965 1.267759382724762 0 1.580556899309158 1.974818632006645 0 35.07776856422424 2.743284940719604 2.192500248551369 131.3557884544134 6.002353578805923 3.430199339985847 6.824510306119919 12.81277488172054 10.9719735532999 5.725455701351166 0 0 0 0.1763115078210831 0 0 0 0 0 0 0 0 0 0 0 0 0 0 0 0.6376194655895233 0.8017889410257339 0 0 0 2.820966258645058 0 1.132874429225922 0.3295291364192963 0 0 0 0 0 0 0 0 0 0.2714313268661499 0 0 0 0 0 0 0 0 0 2.227002114057541 0 0 0 0 0 0.1732606142759323 0.2333236783742905 0 0 0 0 0 0 12.63409253954887 0 0 0 0 4.438304394483566 1.188900232315063 0.1866821795701981 0.5705524682998657 1.10225436091423 0 1.589730560779572 0 0.4923284947872162 0 0 0 0 0 0 0 6.142285406589508 0.2219756990671158 1.494006097316742 22.3129815608263 0.5920785814523697 49.93952277302742 4.128811366856098 395.196101821959 1.458193838596344 0.3082073926925659 0.9682810753583908 4.936226740479469 0 3.029058411717415 0.2893368601799011 8.848408848047256 0.4544796049594879 0 0 0 0
1130.770714849234 5517.140365019441 2141.235514909029 89.66053120046854 0 29.80926509201527 2304.729090496898 436.0328441634774 5125.109951205552 340.3975588455796 3383.131721705198 92.98366198688745 1205.739290356636 2929.557460218668 26.55651549249887 6.477168217301369 2.521956577897072 2.065598875284195 0.1004181727766991 0.3021005988121033 1.485380783677101 0 0.6397591084241867 0.116190180182457 0.7347180470824242 0.7565041109919548 0.486672580242157 0.8916725367307663 0.2693960517644882 0.08359687030315399 920.5148840099573 65.13900458067656 3.022034883499146 0 0.1346810609102249 1.008628457784653 1.217624329030514 0.6308192536234856 0.2850216031074524 0.1934167891740799 2.491791859269142 1.928112097084522 0.4882943704724312 1.461108967661858 0.233701303601265 1.364434786140919 104.2040021717548 37.37239122390747 7.56479125469923 2.151404313743114 26.23140759021044 0.9010068327188492 0 1.191449105739594 36.67006479948759 15.27942611277103 55.02869679033756 422.0120531544089 15.57535348832607 31.95793440192938 1.822927668690681 2.686704449355602 0.856635108590126 97.85901432484388 38.59766442328691 22.14865215867758 25.29303704202175 9.188993938267231 2.230160042643547 4.736300565302372 14.15177440643311 15.07819858193398 0 347.9822765812278 319.0737036094069 149.4026838764548 72.81592406332493 8.886865012347698 0.7680970579385757 22.19800724834204 0.5231117308139801 9.591363675892353 34.32350527495146 2.098677314817905 11.72881042957306 30.86308821290731 3.506423868238926 0.2236290574073792 11.43121565133333 0.1734448224306107 14.20760643482208 1.780356355011463 2.446558184921741 5.632250711321831 3.734357535839081 53.00997647643089 1.908623442053795 0 0.1334882080554962 151.9813346192241 4.741023302078247 1.890739589929581 7.125798419117928 1.31318873167038 4.381636828184128 4.405981078743935 5.965883940458298 13.08627164363861 71.73989826440811 25.39917470514774 10.70538014173508 34.89262717962265 73.0804138481617 51.38225248456001 66.58854068815708 1.102353632450104 0 0 0.629938006401062 0 0 0 0 0 0 0 0 0 0 0 0 0 0.1334567964076996 0 8.172346219420433 2.472143679857254 0 0.547191858291626 0 30.88563670217991 0 12.70915172249079 3.880635380744934 0.407036691904068 0 0 0 0.3554154336452484 0 0.2167298048734665 0 2.57776652276516 2.129881754517555 0.1097905561327934 0 0 0 0.373780369758606 0 1.303126692771912 0.4605120122432709 3.47065357863903 3.910463809967041 0 0.1665701121091843 0.4751197695732117 3.534893743693829 3.356775343418121 5.233648717403412 0.2041825801134109 0.1059450507164001 0.1254598647356033 0 0.2128017023205757 0.12142264097929 0 88.17495086789131 1.169705361127853 0 0.1253028362989426 0.2359764277935028 14.40252400934696 0 2.439005851745605 8.707419008016586 6.988709479570389 2.549637347459793 1.707400038838387 0.1944433301687241 0 0 0 0 0.5326357334852219 0.6819299980998039 0 0 54.89579930901527 22.88370711356401 14.52090697735548 281.40505143255 47.29440148919821 877.1043700054288 142.2493508979678 276.4107343107462 50.37452737241983 12.22161427140236 66.53369771689177 19.30722392350435 0 36.98126966506243 0.7580160647630692 37.54306657612324 2.194905169308186 0 1.345551334321499 2.982932068407536 0
257.9589166790247 348.8440453335643 11.37789922952652 347.5328945964575 29.80926509201527 0 200.3115649968386 2.59302681684494 9.632182329893112 564.7922156900167 16.09628735482693 70.5404759645462 96.8624025285244 31.49107617139816 0 0.8152363002300262 0 0 0 0 0 0 0 0 0 0 0 0 0 0 25.08414478600025 0 7.991238206624985 0 0 0 0.8997223675251007 0 0 0 0 0 0 0 0 0 0.1633182764053345 0.1912472099065781 0 0 0 2.788666144013405 0 0 0.1451546102762222 0 224.3619786202908 78.73855559527874 7.652685716748238 0.3101181238889694 0 1.553910091519356 0 0 0 0.1309778690338135 0 0 0 0 19.49810463190079 9.317111492156982 0 9.408642657101154 3.087384089827538 0.7350483983755112 0 0 0 3.241176381707191 0 0.1838889718055725 0.1714614927768707 0 0 0.124273419380188 0 0.9154435247182846 0.1299319118261337 0.5468116104602814 0.3114227652549744 0 0 0 0 95.03567615151405 7.189028531312943 0 0.5130780339241028 722.5798609554768 0 0 0 0 0.1592667996883392 14.49754577875137 0 0.1968783736228943 21.04264725744724 0 0.6549479365348816 0.536186471581459 1.995291203260422 0.4022231996059418 0.7485219091176987 0 0 0 0 0 0 0 0 0 0 0 0 0.1593853682279587 0 0 0 0 0 0 0 0 0 0 0 0 0 0 0 0 0 0 0 0 0 0 0 0 0 0 0 0 0 0 0 0 0 0 0 0 0 0 0 0 0 0 0 0 0 0 0 0 0.6024164110422134 0 0 0 0 0.2589423954486847 0 0 0 0 0 0 0 0.252712070941925 0 0 0 0 0.1648042351007462 0 0 0.6145430058240891 0 0.1568914651870728 2.438035801053047 0.408910870552063 3.366665177047253 0.2591427713632584 367.9649602919817 0.9670854657888412 0 0 0 0 0.7263698577880859 0 1.256610363721848 0 0 0.3449116051197052 0 0
789.2762862741947 4185.197745606303 79.83473141491413 887.3488363027573 2304.729090496898 200.3115649968386 0 8.793251559138298 433.3792630955577 710.7671688422561 146.3701064959168 108.4013652876019 2864.508133783937 1233.832812026143 7.648643285036087 1.722639456391335 2.148844920098782 1.250186339020729 0 0.2415297031402588 0.8964469358325005 0 0.4571578726172447 0.4263269752264023 0 0.554713286459446 0.5695438012480736 0.629131980240345 0.4049008339643478 0.3663706630468369 146.788515612483 35.30111483484507 3.771875739097595 0 0.1108302846550941 0 0.2569284066557884 0.877950482070446 1.283177241683006 0.106206476688385 0.615851491689682 0.5160796716809273 0.4342290461063385 0.7375893965363503 0.4294873476028442 0.3778106421232224 67.93471238017082 30.37017875164747 4.96673808991909 1.412651196122169 15.0093892365694 0.5057889521121979 0.1148614659905434 0.8062105625867844 34.02169493585825 13.68633777648211 77.85862089693546 377.232719309628 12.26806725561619 25.52320954948664 1.072761721909046 1.42452347278595 0 58.41152320057154 31.96946965157986 18.33974670618773 22.45113658159971 5.013177365064621 0.2242880314588547 1.378207989037037 5.418669305741787 8.402224123477936 0 420.3287397548556 273.7101477980614 100.1160881593823 38.63729898631573 3.612937837839127 0.9985548704862595 5.525999300181866 0.23836450278759 5.307545766234398 34.34021005034447 0.8644927144050598 11.89449200034142 23.29206520318985 3.604525111615658 0 9.758299566805363 0 10.1903688237071 2.105319462716579 1.360933043062687 2.877713531255722 2.182164810597897 44.42484125494957 1.664753906428814 0 0 85.89092928916216 1.686686560511589 1.372977197170258 4.669159695506096 1.688666880130768 6.4861930757761 5.424655459821224 4.842430174350739 16.0088524967432 36.62170767039061 27.3342386931181 13.42095421254635 31.4491128847003 70.14222687482834 47.08561635017395 85.38459080457687 0.7368206679821014 0.4461709335446358 0 0.1315980553627014 0 0 0 0 0 0 0 0 0 0 0.5065574049949646 0 0.1167508512735367 0.3092112839221954 0 12.62571287155151 3.726700335741043 0 0 0 50.75445504486561 0.2088275998830795 20.16669402271509 7.282669216394424 0.1058788672089577 0 0 0 0 0 0 0 1.366371750831604 4.066224530339241 0.2557599395513535 0.4035832583904266 0 0 0 0 1.770752459764481 0.09592026472091675 3.493546113371849 7.963676184415817 0.3715153634548187 0.1893806755542755 0.1205779686570168 10.65712350606918 1.052692905068398 4.51887159049511 1.94505263864994 0 0 0 0.4321655705571175 0 0 89.47352914512157 0.1850708574056625 0 0 0 16.43949326872826 0 3.762925192713737 5.538843393325806 5.992797039449215 1.980337113142014 1.951550155878067 0 0 0 0.1445412188768387 0 0.2302741408348083 0.2846899777650833 0 0 47.44415871798992 19.63114233314991 18.87530662119389 223.3108106255531 30.74859923124313 822.2713937535882 108.8733195587993 553.9092370569706 36.71821853518486 6.830846019089222 40.97764711081982 26.50375515967607 0.6967744678258896 55.31120733171701 1.215684868395329 51.95726390182972 2.453435897827148 0 1.718431502580643 9.75763401389122 0.9665704816579819
159.4147353321314 475.2354488298297 4729.746996209025 2.503154546022415 436.0328441634774 2.59302681684494 8.793251559138298 0 342.7961943298578 3.749081633985043 5826.72185664624 2.702784612774849 204.7280700281262 830.1526287794113 26.43378289788961 7.763499438762665 2.761132672429085 9.397218614816666 0.3915313929319382 26.02651408314705 16.78385036438704 0 11.46069034934044 3.130353562533855 7.931649498641491 2.778101250529289 3.373918168246746 0.4293779134750366 0.2633990347385406 0 1016.8986883834 3029.903936550021 23.7239360883832 11.36884754896164 20.75674667954445 12.7037615403533 2.099291309714317 2.367867991328239 0.4618071615695953 0 8.392127074301243 2.543682217597961 71.1046925932169 6.08205857872963 8.917520217597485 51.08950810134411 58.80992852151394 16.3218005746603 5.4762844145298 57.16163195669651 8.600064024329185 0.1542650610208511 0 0.4210993945598602 7.268313609063625 4.354780167341232 24.32541630417109 286.0917457193136 2.668518058955669 17.28835241496563 148.0641959309578 5.093758098781109 25.05985795706511 584.2223992645741 8.421719744801521 12.24798028916121 9.649190276861191 21.58640966564417 62.77690646797419 93.55412648618221 20.34948290884495 3.752204477787018 0 152.9219912737608 304.0916818156838 114.0687809288502 446.0572601631284 332.5097040459514 288.9664269536734 1673.858874343336 248.8531166911125 1072.480264529586 9.657373443245888 0.572391077876091 7.233211070299149 7.873264871537685 25.03327775746584 0.09745749831199646 3.658116407692432 0.2422436848282814 3.337352246046066 1.104801632463932 20.47772006690502 4.171076431870461 4.757597044110298 10.0421509295702 0 0 1.072593465447426 104.7929927706718 0 0.1996843218803406 0.2547563910484314 0 0.4948503226041794 0.5527690947055817 0 0.7244448661804199 1.490136593580246 1.402718216180801 0.7115131765604019 3.035929933190346 7.016996502876282 6.223289027810097 7.938678815960884 0 0.161376416683197 0 0 0 0 0 0 0 0 0 0 0 0 0 0 0 0 0 0.5026062577962875 0 0 0.1205308958888054 0 2.953553155064583 0.9016074985265732 1.377577751874924 2.312256522476673 0.2983267456293106 0 0.1998046785593033 0 0 0 0 0 0.4163859188556671 0.3054746389389038 0 0 0 0 0.3792503029108047 0 0 0 0.5462761372327805 0.8850157409906387 0 0 0.166069820523262 0.4516508132219315 0 0 0 0.2817242741584778 0 0.1324431449174881 0 0 0.3576591610908508 8.526734128594398 0.1412220746278763 0 0 0.1680365353822708 1.940818443894386 0 0.9075554609298706 0.4756744354963303 0.1720925122499466 0.6296606659889221 0 0 0 0.1084163263440132 0 0 0.3172731250524521 0.1538287252187729 0 0 5.829372778534889 3.728329434990883 1.804790310561657 159.5013719499111 9.956128291785717 368.4261762425303 46.25391127169132 56.04394649714231 21.27362889796495 5.487762302160263 24.45200674980879 2.068131223320961 0 6.132921852171421 0 3.692933991551399 0.1158804297447205 0 0 2.085958391427994 0.5302611589431763
95.75430182367563 495.6902848482132 401.7182422205806 63.00713196396828 5125.109951205552 9.632182329893112 433.3792630955577 342.7961943298578 0 475.8442285358906 2979.216979287565 180.5478308498859 1542.111093245447 5231.177599936724 25.16828662902117 5.490519367158413 1.234640084207058 0.2778167873620987 0 0.2641960680484772 1.511636011302471 0 0.2755482047796249 0.3894470930099487 1.169580847024918 1.092793293297291 1.163247540593147 0.3618663474917412 0 0 141.561273932457 27.7419052273035 4.582949474453926 0 0.2248665392398834 1.342928148806095 0.3874303847551346 1.289708450436592 0.1729963272809982 0.4502812251448631 1.596947908401489 0.6353146955370903 0.2609744817018509 0.6041901856660843 0.1344038546085358 1.346618436276913 60.49996265769005 9.081545725464821 2.347352653741837 0.7843562737107277 8.564913213253021 0.1528621166944504 0.1739370822906494 0.3929855227470398 7.999790996313095 5.228771984577179 16.38733384758234 84.12083747237921 7.901605688035488 14.92555544525385 3.326318055391312 1.383598193526268 1.254587084054947 37.24834982305765 11.34072757512331 7.254845283925533 7.862433634698391 4.185465425252914 1.540388666093349 4.415446802973747 21.88026481866837 19.33199795335531 0 129.4715282544494 97.39725545048714 74.86595749109983 52.23592821508646 10.29035851359367 0.3440359979867935 15.77286959439516 0.4707252904772758 6.760971397161484 9.30202604830265 1.015987932682037 5.375215172767639 9.111895628273487 1.467757686972618 0.1174048557877541 4.644189350306988 0.1101313233375549 5.652781307697296 0.234845370054245 4.123479649424553 2.230393312871456 2.538431338965893 71.83507217466831 3.762958183884621 0 0.2007695585489273 23.84340191632509 4.628059476613998 1.869877472519875 7.354249387979507 2.908432900905609 7.710150361061096 8.1572485268116 8.186768874526024 18.82813134789467 45.23268288373947 35.05048482120037 10.76980964839458 54.365169942379 113.3046038001776 74.13642571866512 99.34398772567511 0.5587063729763031 0.4826934784650803 0 0.3423300683498383 0 0 0 0 0 0 0 0 0 0 0 0 0 0 0 11.70303776860237 4.952662333846092 0 0 0 51.88394518196583 0.4853951334953308 23.80465254932642 5.965057574212551 0.2702693939208984 0.1573310941457748 0 0 0 0 0.3499310910701752 0 3.479048766195774 5.215077713131905 1.256128519773483 1.60379247367382 0 0 0 0 1.662858128547668 0 3.591397255659103 5.568221256136894 0 1.170378595590591 0.3125531598925591 10.4793968051672 1.067729204893112 2.188621938228607 0.9206664562225342 0.1034689247608185 0.2590561807155609 0 0.1564223021268845 0 0 128.7058335617185 0 0 0 0 16.26312316954136 1.09700620174408 2.078644931316376 10.27421493828297 10.86822392046452 5.773340925574303 4.479625552892685 1.99374657869339 0.2150183618068695 0 0.1188486665487289 0 0.1001876816153526 0 0.3861420676112175 0.1115157604217529 76.49197925627232 23.3442774862051 20.33620020747185 284.074746645987 23.33230202645063 485.3844986259937 84.8664526194334 113.4620748609304 46.46511990576982 7.204734221100807 56.2348760291934 30.6842724904418 0.315276175737381 58.50687655806541 2.519807428121567 70.49091120064259 5.365297928452492 0 2.379539340734482 3.215170159935951 0
1575.85914221406 496.671753950417 4.778091579675674 2205.759021729231 340.3975588455796 564.7922156900167 710.7671688422561 3.749081633985043 475.8442285358906 0 30.91147965192795 3875.885427564383 8339.085244551301 664.3631633967161 1.565642923116684 0.4310231059789658 0 0.1669184118509293 0 0 0 0 0 0 0 0.1203625947237015 0 0 0.4809613227844238 0 9.740628182888031 0.624546654522419 54.38622249662876 0 0 0 1.975321352481842 1.607078552246094 0 0 0.2761968672275543 0.1961022615432739 0 0 0.146188884973526 0.1279967874288559 11.72078260034323 2.790924213826656 0.5425699055194855 0.2100030481815338 1.357803896069527 0.440901130437851 0 0 3.963950507342815 1.137186326086521 64.44898970425129 80.16551945358515 3.573741443455219 2.849991090595722 0 3.916540950536728 0 2.695102870464325 2.473175540566444 1.922305479645729 2.780143894255161 0.09523706883192062 0 0.7501549497246742 169.4093840271235 5.866836413741112 0 68.79153196513653 34.97660812735558 7.306034579873085 4.507020726799965 0.4723718613386154 0 6.464672893285751 0.2156646549701691 0.8125523179769516 3.0381880402565 0.3042980432510376 0.9339188784360886 2.548991620540619 0.2744676992297173 0 0.9770394861698151 0 0.7757432088255882 0 0.7740714699029922 1.162774801254272 0.3620810806751251 868.9453673064709 2.79601825773716 0 0 424.0973585695028 7.085485011339188 2.634057268500328 17.32726019620895 3.516168221831322 13.0430146753788 28.93768732249737 23.64035621285439 43.73076298832893 110.0295578837395 63.55766563117504 28.83483517169952 103.3905739039183 203.5698512196541 140.1436695307493 100.9703006520867 0.8424087166786194 0.3660224080085754 0 0 0.1253643780946732 0 0 0 0 0 0 0 0 0 0 0.1240755394101143 0.2853427827358246 0 0 14.30283869802952 2.720837473869324 0 0 0 40.75590443611145 0.6352924704551697 21.46456059813499 4.069396123290062 0.8700488060712814 0 0 0 0 0 0 0 5.863212741911411 4.609047301113605 0.2485236153006554 0 0 0 0.3219593167304993 0 2.147264912724495 0.6005848348140717 7.526207268238068 13.30081833899021 0.6128585934638977 0 0.878166139125824 7.960641399025917 2.159793704748154 3.042936131358147 3.477996185421944 0.8393103033304214 0.2279667258262634 0.1776778846979141 0 0 0 128.788955450058 0.4313857406377792 0.16562719643116 0 0 18.92775256931782 0.2453731298446655 2.461246371269226 10.86911158263683 10.35992985963821 3.487080737948418 2.591944336891174 0 0 0 0 0 0 0.1330091804265976 0 0.1613799780607224 93.22334164381027 15.77141292393208 10.04903522133827 127.7036774754524 5.733915440738201 88.7638768106699 14.82179651409388 962.5025087893009 7.081818960607052 2.002643845975399 5.842837505042553 60.26069623231888 0 67.75313178449869 1.782531544566154 188.3248431831598 4.272647581994534 0 0.7845640927553177 0 0
593.4678554534912 1869.23327536881 4829.256403028965 13.26657709479332 3383.131721705198 16.09628735482693 146.3701064959168 5826.72185664624 2979.216979287565 30.91147965192795 0 46.12490729987621 1267.737842746079 4508.534529991448 78.66826128214598 34.40901276469231 5.582470409572124 2.90304858237505 0.5163955092430115 1.239527352154255 17.39638374000788 0 5.050794146955013 2.459214568138123 28.01595740020275 13.5193559974432 17.34848769754171 1.038197688758373 0.369021475315094 1.768026322126389 1542.881773129106 590.0270069539547 591.3659578561783 2.386513039469719 7.260884523391724 42.00448164343834 47.3973910883069 6.337197847664356 3.309829995036125 2.304917946457863 42.02226037532091 4.004945933818817 5.230857476592064 4.604641549289227 1.714389070868492 8.260572098195553 159.5992771685123 27.05389172583818 11.06656768172979 11.37499108165503 17.88732171058655 0.6524060070514679 0 1.153072990477085 18.04318068176508 9.654661059379578 41.32483657449484 405.12997174263 11.26574037224054 31.2826012223959 17.38816589862108 130.524440549314 18.13185784965754 118.7733299583197 19.60650831460953 14.91303145885468 17.40670824795961 12.35834398120642 16.34209001809359 71.07883441448212 492.1284725293517 27.02768388390541 0.1225674599409103 295.3648401796818 297.169605396688 181.2249315902591 152.4800418764353 24.36314231157303 35.4336616396904 1449.798743620515 6.41121631115675 128.9809323847294 24.63281716406345 2.027462713420391 13.19065797328949 16.52456186711788 5.990370266139507 0 8.238437712192535 0.1448942869901657 13.593606159091 1.719671808183193 27.85468443483114 5.713098600506783 3.026982165873051 241.9029974490404 29.21069702506065 0 5.688205167651176 248.9197255894542 1.332113564014435 1.015369042754173 5.066505804657936 0.8746401071548462 2.68515083193779 2.191461987793446 5.311082527041435 6.97018837928772 10.66040150821209 18.06497402489185 6.784341350197792 21.81876064836979 59.71762590110302 32.97383527457714 59.7779531031847 2.473656922578812 0.4698539972305298 0 0.1632868349552155 0 0 0 0 0 0 0.1912321448326111 0 0 0 0.407926008105278 0 0.8479510843753815 0 0 8.03708715736866 1.215369075536728 0 0 0 35.36796595156193 0.9770606905221939 22.57095304876566 6.074800983071327 2.128883600234985 0 0.1834920942783356 0 0 0.1727884113788605 0.1166291311383247 0 3.095259331166744 2.770689189434052 0.1912040859460831 0.4299871623516083 0.4084778428077698 0.6415501236915588 0.6647764891386032 0 0.6542733311653137 0.4246061816811562 2.707093492150307 5.946047902107239 0 1.079241737723351 1.830152153968811 15.00342102348804 1.894920468330383 0.9631358683109283 1.699685573577881 0.111022561788559 0 0 0.1158239394426346 0.134014829993248 0.2181256860494614 64.19397485256195 0.2903188169002533 0 0.15130914747715 0.2507133558392525 12.82811911404133 1.806616708636284 1.37828041613102 5.295378342270851 4.337747938930988 1.209954157471657 3.279435157775879 0.5378435179591179 0.1263736635446548 0 0 0 0.1623630225658417 0.2265151739120483 0 0.1473119407892227 50.50872509181499 25.11606691777706 20.9341658949852 732.9699816703796 40.52580904215574 984.7391138970852 172.8147795647383 219.7443791925907 71.96545989066362 14.9863707870245 130.7833274528384 17.26409696787596 0.4384987652301788 30.73054650425911 1.504776239395142 24.48487512767315 1.498836129903793 0 0.8468197584152222 4.727288886904716 2.476362392306328
33.17840433120728 20.97746846079826 1.329888120293617 292.4335238337517 92.98366198688745 70.5404759645462 108.4013652876019 2.702784612774849 180.5478308498859 3875.885427564383 46.12490729987621 0 2042.532151266932 689.3835275918245 5.051549628376961 1.414481163024902 0 0.1608755737543106 0 0 1.341614156961441 0 0 0 0.4961673319339752 0.414009764790535 0.6568665653467178 0.5820534080266953 0 0 1.099108815193176 1.317466914653778 501.5143474191427 0 0 0.3484381064772606 94.58400850743055 23.03688549995422 7.678741499781609 0.3355830013751984 0.5258596539497375 0.2149634510278702 0.1961970925331116 0.1857098788022995 0.5235305428504944 0.4948362708091736 4.945485845208168 1.153970785439014 0 0.9208937287330627 1.270622760057449 0.5056267380714417 0 2.505366206169128 0.5730485320091248 0 8.717487961053848 4.976173028349876 0.9962574541568756 0.4408470541238785 0 102.7908766716719 0.7709587514400482 0.8145136088132858 0.4725753515958786 0.2169715464115143 1.153952538967133 0.8947460353374481 1.448155373334885 9.460763230919838 611.7429264336824 6.864663600921631 0 9.275236710906029 4.50663548707962 5.259069979190826 2.799560040235519 0.4479968249797821 0 62.58061407506466 0 6.309138089418411 0.4476446658372879 0 0.1019715666770935 0 0 0 0.1340195387601852 0 0.2153123691678047 0 1.660550601780415 0.1093947812914848 0 1453.23091506958 6.036651700735092 0 4.271839797496796 62.12112382054329 3.849973976612091 1.676661878824234 10.12969875335693 2.509353935718536 6.11750628054142 5.172139540314674 10.25046387314796 21.6771515160799 41.02301524579525 30.56908862292767 17.10215780138969 65.21912443637848 137.1149907559156 124.3107655644417 55.71706441044807 0.7518760114908218 0.4414792209863663 0 0.3934025466442108 0 0 0 0 0 0 0 0 0 0 0.3390259146690369 0 0 0 0 7.628140449523926 1.330008193850517 0.6036650538444519 0 0 21.01614892482758 0 4.34121210873127 1.827877894043922 0.1750088781118393 0 0.4627596139907837 0 0.1598095744848251 0 0 0 2.641517803072929 3.650140374898911 0.3961207866668701 0.1837626844644547 0 0 0 0 0.6509538888931274 0 1.096022933721542 3.143405348062515 0 0 0 6.096262440085411 2.31106935441494 2.452632628381252 1.164015114307404 0 0 0 0 0 0 83.11873888969421 0.6273560523986816 0.294232040643692 0 0.1909274309873581 8.914842486381531 0.4413904547691345 2.170037776231766 6.574077993631363 7.047662004828453 1.803081572055817 1.261504754424095 0.1579084247350693 0 0 0 0 0 0 0 0 77.2137326747179 8.429262071847916 5.770415976643562 104.8844879120588 1.627706296741962 41.38291176408529 8.357442460954189 354.2045606672764 1.861048303544521 0.2645790278911591 8.233566999435425 24.4534740075469 0 37.00875892490149 0.2408218234777451 67.0674920976162 1.879180461168289 0 0 0.2084033638238907 0
197.8161595836282 446.6826661899686 34.42329326272011 763.5547028183937 1205.739290356636 96.8624025285244 2864.508133783937 204.7280700281262 1542.111093245447 8339.085244551301 1267.737842746079 2042.532151266932 0 4918.832717806101 47.59364718943834 17.23535081744194 2.401205651462078 1.084173575043678 0 0.9954971373081207 3.607536740601063 0 1.53838486969471 1.184185929596424 2.700085669755936 1.59587474167347 3.691828384995461 0.3564976304769516 0.1716928333044052 0.5470017194747925 24.87285195291042 8.77589838206768 367.4567793607712 0.2361905872821808 1.011665642261505 3.804855301976204 19.21120715886354 4.59750621765852 0.8522424250841141 0.2767263650894165 3.98429462313652 1.161793678998947 1.728231728076935 2.110059767961502 0.1598915010690689 2.144477695226669 79.73898973315954 9.62391609698534 3.020983949303627 1.252424716949463 7.578995794057846 0.2441268488764763 0 0.4362201243638992 8.895039685070515 3.772113852202892 25.16416965425014 59.19177207350731 8.106160536408424 17.56537857651711 2.82775255292654 50.67198093980551 2.873757898807526 20.82597526907921 7.504745230078697 5.824078664183617 6.576859094202518 3.548823915421963 5.628623805940151 16.90668292343616 511.5515027344227 27.39941669255495 0 132.4123449623585 69.41433770209551 81.54212726652622 61.21824017912149 9.535286486148834 0.4705433249473572 152.9960146099329 2.22634744644165 22.33500207960606 10.75390295684338 0.9538637921214104 4.788007482886314 9.052679590880871 3.33253850787878 0 3.797432646155357 0.1105322539806366 4.73835514485836 1.93296305090189 7.107395432889462 1.896066106855869 2.379179403185844 1005.901207387447 15.54033069312572 0 1.506415396928787 57.62022639811039 13.34985965490341 5.790651798248291 29.89036802947521 6.13080008327961 24.67163240909576 23.28096996247768 29.06558267772198 67.94933015108109 141.0893829762936 112.1081523001194 52.60441212356091 201.5046040117741 398.3675912767649 275.3776913136244 250.8299153894186 2.759192645549774 1.549930840730667 0.1315444856882095 0.4253246337175369 0.2279748171567917 0 0.09621688723564148 0 0 0 0 0 1.041669487953186 0 0 0.3065047860145569 0 0 0 38.58426232635975 10.08785532414913 0 0 0 92.46810314059258 0.6488281190395355 43.85532656311989 5.762513302266598 0.1336842030286789 0 0.2395903468132019 0 0 0.355809822678566 0.7338643968105316 0 11.33017387986183 8.838434740900993 0.9534945636987686 0.9513988792896271 0.1310046464204788 0 0 0.3170273452997208 3.790096029639244 0.2873884662985802 7.519486032426357 14.64150159806013 0.3438286930322647 1.399029240012169 0.7496742904186249 20.04409182071686 3.42593052983284 4.79008212685585 4.208755783736706 0 0.1241902709007263 0.1667534410953522 0.4848297014832497 0 0 332.3094039261341 0.4743551090359688 0 0 0 41.37228424102068 2.30704054236412 1.382289052009583 23.15258010476828 20.75871544331312 7.940817974507809 7.374502867460251 2.36291030049324 0.233973890542984 0 0 0 0.1439366638660431 0.2014861926436424 0 0 220.4973553419113 46.19943362474442 38.13985143601894 617.4118006154895 35.25467867404222 567.872410222888 126.1261120140553 404.4131161272526 64.4451921954751 13.56490397453308 141.524710573256 69.09084261208773 0.2440238445997238 121.9323262572289 4.719988659024239 203.7501074448228 7.910072095692158 0.1035502403974533 2.608648851513863 3.428297653794289 0.393221527338028
75.78904270380735 347.5934063121676 222.3610460162163 57.05004398524761 2929.557460218668 31.49107617139816 1233.832812026143 830.1526287794113 5231.177599936724 664.3631633967161 4508.534529991448 689.3835275918245 4918.832717806101 0 96.57687545567751 37.81527453660965 4.030099049210548 1.913629435002804 0.1206475347280502 1.003432005643845 18.60639164596796 0 6.070284277200699 2.179538413882256 28.97838482260704 6.990974187850952 17.3023753464222 0.5740699842572212 0.5549723356962204 0.9874481111764908 65.96611136943102 19.25839960575104 2446.198804840446 0.6949698477983475 5.560012221336365 32.25891042500734 111.4928031563759 16.11835884302855 7.031699277460575 1.990283519029617 42.2918972671032 5.773454941809177 12.31249244511127 5.869600474834442 0.555811308324337 6.586661741137505 123.847001105547 13.05083275586367 5.011647753417492 13.03534217178822 10.41022532433271 0 0 2.035736575722694 5.997017346322536 4.603777028620243 21.22800939530134 43.81495751440525 5.722355201840401 23.07192967832088 11.41498328000307 455.862907409668 14.0984715372324 31.33698444068432 7.509911388158798 7.523303590714931 9.712781257927418 12.81006459146738 18.88241355866194 94.2042001336813 2396.747981607914 71.78904747962952 0 130.6781391501427 86.03103125840425 122.8828638121486 85.44154161959887 17.7904704734683 1.286201238632202 1241.84469525516 6.377963654696941 128.1417488306761 7.298607505857944 0.5585156008601189 3.932070977985859 8.270770452916622 6.912104971706867 0.2367204055190086 2.75155495852232 0.2278247177600861 8.071762681007385 1.336242109537125 33.64007716625929 8.004548743367195 5.277120798826218 1683.430576533079 90.12677983939648 0 9.958395600318909 28.92349993437529 8.17164272069931 2.591362193226814 14.42043443024158 4.532049655914307 13.96430091559887 13.93011644482613 17.89007794857025 35.10884317755699 81.79784777760506 60.72339953482151 29.41927763819695 90.12771283090115 213.6257776468992 124.1152309030294 172.4593015611172 2.051260396838188 1.695991560816765 0 0.3280953168869019 0 0 0 0 0.6821574568748474 0 0 0 0 0 0.6083222478628159 0.8555012941360474 1.005053177475929 0 0 24.26945389807224 12.08611986041069 0 0.1584573686122894 0.4185242354869843 85.32854738086462 0.4784909039735794 45.10081687569618 14.86916252225637 3.278433039784431 0 0.2080512493848801 0 0.2127023041248322 0.5599454045295715 0.8427126556634903 0 5.714740864932537 7.355917662382126 1.514175802469254 0.8457161635160446 0 0 0.295365959405899 0.2219779267907143 1.017289705574512 0.4627415239810944 7.016042277216911 13.33904603868723 1.21874737739563 0.1627753376960754 1.704538553953171 15.31072433292866 0.5340699553489685 3.047350957989693 3.592019356787205 0.6891073808073997 0.1878526508808136 0 0.480551689863205 0.1229877173900604 0 245.6892790794373 0.624363899230957 0 0.247626468539238 0.2565260529518127 33.15470106899738 1.448628768324852 2.929688692092896 12.88985550403595 17.98730950057507 4.564959786832333 4.551925763487816 1.427093163132668 0.4299623668193817 0 0 0 0.1314074397087097 0.5634742751717567 0 0 173.010396964848 53.30789384245872 45.94140864908695 1067.703057467937 38.49236043542624 777.895482763648 163.3592209517956 220.1420347318053 77.08017860352993 14.64354809373617 174.1434579715133 41.41171571612358 1.333316221833229 89.45607006549835 4.981569305062294 76.21095363795757 5.550186857581139 0.1417723149061203 2.104461528360844 7.093237206339836 1.229031503200531
