0 2073.163328073919 251.6253358572721 346.3811371773481 361.7385445684195 119.2119443267584 587.4111901894212 7.090918183326721 91.23581753671169 1814.927734330297 275.5595461279154 51.31786447763443 103.4668653979897 53.65621989220381 3.682082772254944 3.015645183622837 0.820102795958519 1.47468576580286 0.254488930106163 0.2661409676074982 0.3080534785985947 0 0.4927457794547081 0.4785274267196655 0.8092184290289879 0.2700916230678558 0.9395930767059326 0.4596395194530487 0.8772335201501846 0.7419098392128944 287.7855602130294 5.270675010979176 10.97199030965567 0 0.685350775718689 0.3986640349030495 2.10340616106987 0.4584677964448929 1.805917777121067 1.10063061863184 0.9403806775808334 0.6455978825688362 0.2289530038833618 0 0.6201959252357483 0 195.8239365667105 20.18544103950262 0.1914655566215515 0.1249331831932068 2.751490458846092 0.5639014318585396 0 0.2733799815177917 6.665988512337208 12.09616935998201 249.2590067461133 1941.656973712146 76.78549590706825 99.68100987374783 0 0.7817451879382133 0 11.15655940026045 9.934187263250351 6.314902186393738 4.88335794955492 2.087671414017677 0.2572573944926262 0.25091452896595 10.69582791626453 2.423917233943939 0.1110867410898209 740.8820434585214 113.0160502940416 88.67478877305984 20.46425001323223 1.285595044493675 5.637230597436428 40.37490683794022 1.446659207344055 10.59539064764977 43.74099401384592 0.09697774797677994 6.294983372092247 5.736130923032761 5.12256994843483 0 1.633082590997219 0 0.8043287172913551 0.3114942610263824 0.3884772136807442 0.9809511303901672 1.081552289426327 35.70011972635984 0.3261778354644775 0 0.3473212420940399 846.7422287091613 0 0 0 0.3311820328235626 0.6069969087839127 1.073509678244591 0 0 0.1942022740840912 0 0.209460973739624 1.217526733875275 0.643685981631279 1.33849510550499 1.380945764482021 0.7378115355968475 0 0 0 0 0 0 0 0 0 0.2677450776100159 0 0 0 0 0.1173523962497711 0.09720618277788162 0.6663881167769432 0 0 0.2027577012777328 0 0.2572079002857208 0.1386100351810455 1.945211812853813 0.2579949200153351 2.522691369056702 0.6576347872614861 0.1140046492218971 0.1517090350389481 0 0 0 0 0 0 0 0.8848816007375717 0 0.1320967823266983 0 0.6075495555996895 0 0.1137657314538956 0 0 0.1190064176917076 0 0 0 0.1137828007340431 3.662039093673229 0 0.1217892840504646 0 0.09236212074756622 0 0 0.1214532777667046 0 0 3.241159461438656 0.1794357150793076 0.215912401676178 0.1294066905975342 0.1969000399112701 0 0 0 0 0.2096788436174393 0.5153854191303253 0.09409475326538086 0.3912778198719025 0 0 0 0 0 0 0 0 0.1208776086568832 0 1.076187416911125 76.46236762404442 17.99498041719198 218.0062030553818 31.17484539747238 1095.649660117924 40.63477177172899 6.373889334499836 24.80563494563103 1.129952438175678 0.4890051409602165 0.8580026477575302 0 0 0 0 0.3090573251247406 1.180555380880833 0
2073.163328073919 0 1072.306365057826 1396.534599117935 3255.815574005246 585.5789727717638 4138.768516466022 16.68516989052296 1717.812376685441 1796.929537117481 1032.371058024466 111.3794187158346 1136.178695052862 826.886804446578 9.32605367898941 6.334401302039623 1.629012145102024 0.8563805148005486 0.4284817799925804 0.09958498924970627 0.7835438922047615 0.3731242939829826 1.901200659573078 1.221203722059727 1.409733295440674 0.7459061592817307 3.400157980620861 0.5603994280099869 1.334837317466736 0.9023104459047318 2047.732523553073 13.48475444316864 58.28596040606499 0.1033807396888733 1.44209611415863 0.2244203090667725 8.374350860714912 0 4.7318394780159 2.500676572322845 1.440720684826374 0.9735466539859772 0.1345880925655365 0.7878786996006966 0 0.7940682470798492 302.5535585656762 16.02296809107065 0.3146602809429169 0.6000177338719368 4.574056662619114 0.6481027081608772 0.5885622277855873 0.7800326570868492 7.118661768734455 10.00644092261791 54.27191323041916 1030.301643460989 39.02817888557911 109.9068821817636 0.7443535029888153 1.499370582401752 0.1557742804288864 37.57914353907108 7.794016256928444 5.016987629234791 3.982446856796741 2.745108090341091 0.1687273234128952 1.164662271738052 41.86978255957365 3.017433114349842 0.1142751723527908 485.1170421093702 142.6423687711358 150.335805773735 98.13755463063717 3.360458359122276 8.237126275897026 66.40535167604685 4.173010446131229 12.27673945575953 43.49564748257399 0.2468276470899582 8.758577182888985 5.865697361528873 4.826233379542828 0.1026694551110268 1.150746867060661 0.4362592250108719 2.129958584904671 0.1648525148630142 0.5003543198108673 1.04589432477951 0.5491529777646065 95.97013656795025 0.7324550598859787 0.3744910657405853 0.1798575073480606 1001.347672261298 0.1261439621448517 0 0.385013610124588 0 0.494835838675499 22.41224877536297 0.1484049260616302 0 1.203894451260567 1.198174953460693 0.9824196845293045 4.003145426511765 2.611526198685169 2.839108891785145 8.664100602269173 0.2294999733567238 1.034028694033623 0 0 0 0 0.1887505501508713 0 0 0 0.3653970062732697 0 0 0.1133147776126862 0 0 0 0 0 0.9383785426616669 0.09871417284011841 0 0 0.1566889882087708 6.873278491199017 1.16085334867239 10.81980638951063 2.512366086244583 0.4901283159852028 0 0 0 0.111162856221199 0.1073905900120735 0.1824208945035934 0 0.2411143556237221 2.155002489686012 0 0.1816660463809967 0.1260887533426285 0.4616517201066017 0 0 0 0 0.09484661370515823 0.1322075426578522 0 0.2205764949321747 0 9.59676680713892 0.273614376783371 0 0.1150377318263054 0.08766063302755356 0.1054487898945808 0 0 0 0 15.30376528203487 0.7393544837832451 0.1051018238067627 0.1200175210833549 0.3373796939849854 1.000055700540543 0 0.8325690180063248 0.2239279076457024 0.3921937048435211 2.018151961266994 1.235716663300991 0.2520296201109886 0 0 0 0 0.1715445667505264 0 0 0 2.300064936280251 0.4889132305979729 4.076123863458633 248.5832233801484 20.66878625005484 316.2026721909642 49.11499217152596 2162.582719653845 44.01874803751707 5.477365471422672 60.86134780943394 3.768308095633984 0.8528872728347778 1.466966524720192 1.194591537117958 0.3017870783805847 0.2907442152500153 0 0.4353233650326729 3.650008007884026 0
251.6253358572721 1072.306365057826 0 43.75741091370583 543.9649171307683 14.19008287787437 216.1077803522348 392.9068885967135 781.0897734686732 46.85495100170374 4698.798559851944 29.58143299072981 317.3243619799614 554.5503192842007 24.08350464701653 24.15822607278824 7.478998355567455 5.677136018872261 1.136233419179916 15.46827867627144 19.37929593026638 1.688424989581108 16.98442230373621 6.68635855615139 7.667806468904018 6.121410079300404 14.22007525712252 1.661071419715881 1.065889224410057 2.704361870884895 3693.624117895961 858.5802455097437 111.3193493485451 1.105824798345566 13.72235190868378 3.364867925643921 17.30245749652386 3.755953505635262 8.298318721354008 12.27497692406178 27.5138416737318 9.710185162723064 39.28586874902248 4.984669595956802 2.666834399104118 4.037867486476898 205.4407385438681 18.67198883742094 1.040598407387733 18.83025742322206 28.60887093096972 2.883749224245548 1.29291658103466 1.016605831682682 4.891544818878174 6.054475463926792 31.94015084207058 1497.792831733823 24.22497837990522 70.24910643696785 18.38976772129536 16.19149404019117 8.373025603592396 266.9910775199533 5.619450889527798 11.01282515376806 18.21776791661978 43.39358849823475 17.4581241980195 89.07678846269846 34.65090098977089 8.224621988832951 0 478.8026115521789 194.4229755550623 133.5670328214765 165.7458710446954 14.82301572710276 404.8486381471157 1058.249719984829 176.6807330995798 667.4601076096296 21.31258744746447 0.2968111410737038 8.200922578573227 3.125269629061222 20.47614255547523 0.3887870162725449 1.338613472878933 1.828869789838791 2.862846054136753 1.358432188630104 17.15158527344465 15.83019961416721 3.406870752573013 23.83402790129185 1.444413989782333 0 0.8132255226373672 454.9567554593086 0 0 0 0 0.3374956622719765 0 0 0.1104301810264587 0.5261465162038803 0.3196574747562408 0.1491734832525253 2.414218284189701 0.1532233953475952 0.4833204820752144 4.40367230027914 0.9299821183085442 0.8357707336544991 0.224590539932251 0.4281052350997925 0 0 0.221227690577507 0.1064804196357727 0 0 0.294979140162468 0 0.08847907930612564 0 0 0 1.480116248130798 0.4210325926542282 0.4557263106107712 0.1189864054322243 0.1738375276327133 0.3587078899145126 0.09186360985040665 0 6.522547416388988 1.92409747838974 9.921382062137127 5.956261977553368 1.803049132227898 0.2879860699176788 0 0 0.2152844294905663 0 0.8330616354942322 0.1536776125431061 0.1023988425731659 3.915284067392349 0 0.1423208266496658 0.3204044699668884 2.562313809990883 0.3614927530288696 0 0 0 0 0 0 0.6007950082421303 0 2.96587809920311 0.4426742047071457 0 0 0 0.135734498500824 0 0 0.1512470543384552 0.3463470339775085 5.563694454729557 1.171136200428009 0 0.1563611030578613 0.4317399486899376 0.2366101294755936 0.3494697213172913 0.351958379149437 0.1176333799958229 0.3663928210735321 2.165151797235012 0.2073644921183586 0.7008893936872482 0 0 0 0.1503911018371582 0 0 0 0 0.9097797125577927 0.7647229060530663 5.553014181554317 147.5777212530375 23.46190328896046 179.0283226817846 42.3426361232996 186.1796202585101 23.36662139743567 3.048684135079384 45.8616085126996 5.849673792719841 0.7704033777117729 4.734693132340908 1.174417577683926 1.11284065246582 0 0 0.3040068447589874 5.276312708854675 0.4595531523227692
346.3811371773481 1396.534599117935 43.75741091370583 0 793.6448427438736 73.96173332631588 950.1997772827744 0 312.6101036965847 2306.153849050403 18.77998413145542 451.9818428754807 794.7258477509022 63.59291052818298 1.579415999352932 0 0.664386160671711 0 0 0 0 0 0 0 0 0.1114463284611702 0 0 0 0 64.88400388509035 1.811293058097363 2.531739756464958 0 0 0 0 0 0 0 0 0 0 0 0 0 63.4586436226964 2.317054770886898 0.1058644503355026 0.1217722222208977 0.7620720639824867 0 0 0.1501236706972122 0.4312523677945137 1.257654286921024 5.545811653137207 54.31664187461138 6.11183313280344 19.10116724669933 0 0 0 6.484055817127228 1.511415742337704 0.7512614354491234 0.5701136738061905 0.3336217030882835 0 0 0.4528035521507263 0 0 66.33115565776825 19.04520144313574 28.90513361990452 18.54191407561302 0 0.1144054308533669 0 0.125304788351059 0.2567721530795097 7.09843572229147 0 0.5584746450185776 0.6709496453404427 0.3611878752708435 0 0.1153049767017365 0 0.119825579226017 0 0 0 0 26.73687438666821 0 0 0 34.88600814342499 0 0 0 0 0 3.432372570037842 0.5051164031028748 0 0 1.134047150611877 0 0.952798143029213 0 0.1539779752492905 1.338795781135559 0.3709564507007599 0 0 0 0 0 0 0 0 0 0 0 0 0 0 0 0 0 0 0 0 0 0 0 1.197660446166992 0.7959662675857544 1.399332150816917 0 0 0 0 0 0 0 0 0 0 0.1125698089599609 0 0 0 0 0 0 0 0 0 0 0 0 0 1.469765111804008 0 0 0 0 0 0 0 0 0 0.7778357788920403 0 0 0 0 0.6162285208702087 0 0 0.1020675003528595 0.3013702780008316 0.667282797396183 0 0 0 0 0 0 0 0 0 0 0.4424073994159698 0 0 50.61163109540939 4.558839075267315 68.2730139195919 7.393698737025261 313.1892789900303 8.585751339793205 0.5845899879932404 15.73515878617764 1.04875510931015 0.3028677999973297 1.055242776870728 0 1.620206266641617 0 0 0.2825310528278351 0.4152559041976929 0
361.7385445684195 3255.815574005246 543.9649171307683 793.6448427438736 0 31.19445522129536 4543.297825716436 9.588627181947231 5484.870633848011 484.7026058733463 1144.351799421012 54.56714165955782 1282.384103484452 939.1096264645457 13.34604189544916 3.871030025184155 0.7877778336405754 0.1175647079944611 0.5373749583959579 0.5506270676851273 0 0.1370365470647812 0.8257036805152893 1.123800866305828 0.6235376968979836 0.2347441539168358 0.9107544794678688 0.3903382122516632 0.5116674453020096 0.5408887043595314 544.0090997293591 18.12219975143671 33.76906390488148 0 0.2367056608200073 0.4292627200484276 9.136507593095303 0 2.400741249322891 2.157311089336872 0.4981526508927345 0.7675079181790352 0.4918510094285011 0.8917391449213028 0 0 163.5484049841762 4.587286323308945 0.12507663667202 0.2546603679656982 2.064190044999123 0.4536267891526222 0 0.3145496547222137 2.502397157251835 3.248850882053375 6.777770504355431 95.07134789973497 7.563064582645893 42.92015290260315 0.08428139984607697 1.266898982226849 0 21.69190918654203 2.383812218904495 2.024796918034554 1.587906785309315 1.079101197421551 0.1260560899972916 0.7720317840576172 23.95594012737274 1.345483690500259 0 118.4131537154317 45.20544149726629 71.10106968134642 81.24276462942362 2.037418700754642 4.371630392968655 40.47874672710896 1.289590530097485 5.720073811709881 11.55492183566093 0.09224361181259155 1.688894204795361 3.140089578926563 2.072513543069363 0 0.6022574976086617 0.140755221247673 0.337974950671196 0 0 1.10315527766943 0.2546983137726784 28.25032725930214 0.1645575761795044 0.1699907630681992 0.1457074731588364 56.42379934340715 0 0 0 0 0 2.882285952568054 0.4103475660085678 0 0 0.2884417474269867 0 1.94424345344305 0.6401853859424591 1.078398570418358 2.613951578736305 0.5151197612285614 0.102707102894783 0 0 0 0 0 0 0 0 0.1013750806450844 0 0 0 0.1536376923322678 0 0.09473370015621185 0.1191640347242355 0 0 0.1711250245571136 0 0 0 3.934330694377422 0.6183919459581375 3.849421598017216 1.569572255015373 0 0 0 0 0 0 0.0911644846200943 0 0 1.724908828735352 0 0 0 0.2523185387253761 0 0 0 0 0 0.09221175312995911 0 0.1663694232702255 0 3.41115403175354 0 0 0.1188731342554092 0.121721550822258 0 0 0 0.1184990257024765 0 4.21970522403717 0.75788664072752 0 0 0 0.1341085284948349 0 0.7142989933490753 0 0.1510750502347946 0.2110781744122505 0.3542527183890343 0.4278288185596466 0.1690593957901001 0 0 0 0 0 0 0 3.16451396048069 0.255142942070961 2.241323225200176 161.3142827600241 13.14016877859831 177.911265052855 25.44453848898411 225.6252989172935 22.7297383248806 2.450951538980007 50.52890978008509 3.209809258580208 0.2055953443050385 1.217962123453617 0.1187191158533096 1.322083450853825 0 0 0.6684051230549812 1.958783492445946 0.7470249980688095
119.2119443267584 585.5789727717638 14.19008287787437 73.96173332631588 31.19445522129536 0 89.77342702448368 0.1789974868297577 11.43936484307051 432.2580478489399 14.18863132596016 74.65509952604771 64.68798939138651 19.473603092134 0.4636986255645752 0.3289202973246574 0.1323905140161514 0.2986943423748016 0 0 0 0.2082332521677017 0.1179470047354698 0 0 0 0.3003925681114197 0 0 0 24.44612783193588 0.2286323755979538 16.23328651487827 0 0 0 9.017825461924076 0.4363571107387543 3.589807599782944 0.5260646119713783 0 0 0.1167587712407112 0 0 0 5.748665578663349 1.437295332551003 0 0 0.4223405569791794 0.1823496371507645 0 0 0 0.2839348986744881 311.5890994369984 122.7974601611495 6.748138219118118 4.402281239628792 0 2.689215868711472 0 0.1657513231039047 0 0.111089400947094 0.207157738506794 0 0 0.140953004360199 107.9705226421356 90.31244339048862 0.9193287491798401 16.20869367569685 2.622222781181335 1.864502996206284 0.5810806304216385 0.5138392448425293 0 6.503004938364029 0 2.327462807297707 0.7713171988725662 0.6918131709098816 0 0.8917980715632439 0.2263790518045425 1.501445308327675 0 2.772271811962128 0 0 0 0 0 191.917793661356 49.34854990243912 4.803218305110931 22.40455441176891 351.8047989755869 0 0 0 0.1698122769594193 0 0.7968751043081284 0 0 0.2818683683872223 0.22907654941082 0.3275057077407837 2.544955804944038 0.46347975730896 2.118295609951019 3.736807465553284 0.2153144478797913 0.239864394068718 0 0 0 0 0 0 0 0 0 0 0 0 0 0 0 0 0 0 0 0 0 0 3.21430592238903 0.151657298207283 1.993448331952095 1.39281639456749 0.303154468536377 0 0 0 0 0 0 0 0 1.471506774425507 0 0 0 0.3192943930625916 0 0 0 0 0.0951417088508606 0 0 0 0 1.500198245048523 0 0 0 0.1619787216186523 0 0 0 0 0 2.401441976428032 0.450742781162262 0 0 0 1.793330460786819 0 0 0 0.1663786172866821 0.222705751657486 0.1217348650097847 0 0 0 0 0 0 0 0 0 0.5708010494709015 0.868371307849884 3.649009525775909 51.71774868667126 2.179316803812981 9.512930497527122 0.541346862912178 368.5125391855836 4.242353692650795 0.2223128974437714 3.374239206314087 1.423680663108826 0.2390877157449722 1.276968576014042 0 0 0 0 0 0 0
587.4111901894212 4138.768516466022 216.1077803522348 950.1997772827744 4543.297825716436 89.77342702448368 0 3.802468560636044 2256.928786292672 2235.043138682842 188.8311044275761 155.6404253467917 1401.522635266185 196.6488106846809 39.14668022841215 6.74419666826725 4.128853403031826 1.085738845169544 0.4022713154554367 0.537395641207695 1.243343107402325 0.1165245622396469 1.180917270481586 0.2942345440387726 0.2841867506504059 2.522535361349583 1.526012673974037 1.316252090036869 1.634524203836918 1.104639001190662 489.0840469524264 36.69012726098299 11.54135370999575 0 0.2407001405954361 0.1222157999873161 2.426174893975258 0.2339549288153648 0.6106496155261993 0.3106595426797867 0.4326129406690598 1.671965546905994 0.1087143123149872 1.195715315639973 0.4888805449008942 0.3976695835590363 643.6276672706008 21.54363647848368 1.531744822859764 1.814803279936314 4.286805123090744 0 0.1344676166772842 0.9595253840088844 5.80666271597147 13.801180139184 23.70621843636036 233.682123310864 27.41759262979031 148.6014751642942 0.1018056347966194 2.437721639871597 0.4021745696663857 64.29055470973253 10.27576134353876 9.559594914317131 5.487407341599464 2.667116925120354 0.4223838746547699 1.101340606808662 10.32706563174725 6.544679269194603 0.285915344953537 368.3560573458672 132.7447782158852 272.6088536083698 285.9229588359594 5.60033904761076 1.956430241465569 9.788964577019215 1.744771599769592 8.031344443559647 40.14346867799759 0.4236828237771988 8.276471294462681 9.26312194019556 5.981906086206436 0 1.266822077333927 0.1093976050615311 1.095487490296364 0.7488017007708549 0.2492554262280464 4.038048207759857 2.007921688258648 172.8328988179564 0 0 1.06577330827713 97.14402706921101 0.5171516239643097 0 0.8182676732540131 0 0.444445475935936 0.4600110352039337 1.496580734848976 0.5615580976009369 3.797312647104263 3.194390021264553 4.260160677134991 13.85337326675653 9.270839869976044 11.78298411518335 17.03857579082251 1.93677344918251 1.66658440977335 0 0 0 0 0 0 0 0 0 0 0 0 0.1473752111196518 0.2181071192026138 0 0.3236032426357269 0 0.8867475092411041 0.9696078971028328 0 0 0 16.17102754861116 1.920004993677139 24.42146188765764 3.839298233389854 0.2529498711228371 0 0 0 0.1007970869541168 0.3675361424684525 0 0 0.4560918435454369 7.431273713707924 0 0.1951209753751755 1.041146025061607 0.2915545403957367 0.4105780571699142 0.2071997970342636 0 0 0.3119507357478142 0.5721649453043938 0 0.3038491308689117 1.00011545419693 19.3991479575634 0.8085514381527901 0.2023000866174698 0 0.1174876913428307 0 0 0 0 0.103386715054512 36.86070272326469 0.7122042626142502 0.1380369812250137 0.1563409417867661 0 2.609983310103416 0.6183436885476112 1.640019930899143 0.4787292256951332 0.8376471623778343 3.629742845892906 1.334818489849567 2.746476650238037 0.126532644033432 0 0.1541770845651627 0.2371822893619537 0.3165749832987785 0.092261902987957 0.2545479238033295 0 7.97839492559433 1.286140032112598 10.09103326499462 696.928604863584 65.09632717072964 734.0141549482942 117.7658322453499 1046.433315634727 96.36866680532694 12.69834653288126 201.9155186936259 11.02022869884968 2.162627853453159 4.059357553720474 0.5655287206172943 3.889826618134975 0.3117779716849327 0 1.860559985041618 10.47037719935179 0.5940693989396095
7.090918183326721 16.68516989052296 392.9068885967135 0 9.588627181947231 0.1789974868297577 3.802468560636044 0 89.73784094303846 1.492501325905323 2331.300662457943 5.046147912740707 28.85038204491138 117.512017659843 37.12091229110956 28.26011926680803 13.30188445746899 27.88828655332327 6.760458007454872 70.95780362933874 91.10882801562548 1.209701426327229 26.95042314380407 9.881602250039577 12.52448672056198 8.658339761197567 13.72053855657578 2.481929831206799 1.774403467774391 1.494639620184898 495.7744734063745 1435.011806339025 63.79567418247461 6.347975969314575 23.37052607536316 10.20893786102533 15.21193066984415 4.879049837589264 5.952134050428867 12.96406459063292 68.20642054080963 18.38170398771763 121.2001527622342 22.28481596708298 18.11968787014484 34.10594777017832 236.4887490868568 31.43761948496103 4.310747586190701 66.63905365765095 55.0648383051157 1.968110010027885 0.6512887924909592 2.224339380860329 1.648893989622593 2.450628891587257 3.869098924100399 210.795132689178 6.525297835469246 51.68235246092081 301.85795032233 39.36587735265493 89.72054173052311 265.7096889540553 4.428724050521851 16.82459001243114 35.05182941257954 80.08430052548647 65.43768433481455 268.1040699407458 6.771147303283215 7.900904558598995 0.3262821584939957 116.3105927631259 79.02588944882154 136.8569612950087 283.7750102207065 62.52058377116919 2104.386752530932 2316.799024760723 1091.714670918882 2587.076424621046 9.131538562476635 0 10.51546212285757 3.067754782736301 58.39208967983723 0 1.021361708641052 1.202965341508389 3.033326782286167 0.9502547904849052 60.14064687490463 28.26352237164974 3.936513990163803 4.880806550383568 0.4523106589913368 0.1442602425813675 0.2683111801743507 6.430410131812096 0 0 0.4043559730052948 0 0.1802984029054642 0.1072035431861877 0 0 0.1258204430341721 0 0.1237615346908569 0.1487037837505341 0 0.6967743933200836 0.7817442938685417 0.5244787707924843 0.7368436679244041 0.2184247598052025 0.1104887947440147 0 0 0 0 0 0.4360934644937515 0.1067415177822113 0.5893071889877319 0.17304727435112 0 0.1674610674381256 0 1.341202825307846 1.022824496030807 0.3469443470239639 0 0 0.567792147397995 0.1421332359313965 0 2.963171869516373 0.5811104103922844 4.315429493784904 6.879819765686989 2.013644017279148 0.1131147444248199 0 0.2840011194348335 0 0 0.3045056909322739 0.2672620862722397 0 2.335187301039696 0 0.2392816692590714 1.48910266160965 1.900521129369736 1.272455543279648 0 0 0 0.2492118626832962 0 0 0 0 1.609264820814133 0.1081929057836533 0 0 0.3336928933858871 0 0.4313984811306 0 0.137078657746315 0.2383842468261719 1.838628858327866 1.370552465319633 0.1387163102626801 0.1503243744373322 1.67561811208725 0.159765899181366 0.1220918744802475 0.5758315920829773 0.181039571762085 0 1.283883944153786 0.240363247692585 0.2156840860843658 0.4248135834932327 0 0 0.6982196122407913 0.2551669254899025 0.2526281625032425 0.8553603142499924 0 0.6165100783109665 0.6802071779966354 2.655879177153111 195.5298215970397 23.36010468006134 221.7296698391438 55.25660932064056 41.8237392604351 24.59366896748543 3.180672220885754 60.72116399556398 6.675481863319874 0.1154450625181198 2.462479382753372 1.199033737182617 0.6499103009700775 0 0 2.055201910436153 5.67999417334795 0.8090165555477142
91.23581753671169 1717.812376685441 781.0897734686732 312.6101036965847 5484.870633848011 11.43936484307051 2256.928786292672 89.73784094303846 0 563.3116274699569 3061.871835276484 140.3631288185716 2493.742143280804 1254.584971919656 42.50392531603575 21.27409335225821 5.875928439199924 1.498110860586166 0.0896308645606041 0.883026048541069 0.8672795221209526 2.010945841670036 2.753099083900452 3.926254615187645 2.636314183473587 4.144369050860405 5.772473551332951 0.7673291191458702 1.587713986635208 1.066901117563248 171.3492047488689 29.14259041845798 226.5552448481321 0 3.516483314335346 0.9648435264825821 31.12068301439285 2.158944875001907 11.07506131380796 7.118615694344044 3.222301959991455 4.491551347076893 0.4424959272146225 2.228602677583694 0.6297667622566223 1.229137636721134 300.5771612077951 4.865430817008018 0.4911441132426262 1.796514734625816 3.059211581945419 3.520464636385441 0.9924791678786278 0.2511215507984161 1.98443565517664 3.272244952619076 2.60390617698431 46.73641451448202 6.006773054599762 42.27500273287296 0.8472954109311104 8.093360386788845 0.1229333877563477 31.6472802311182 2.87520918995142 2.862079039216042 2.079947978258133 1.729721516370773 0.2498436346650124 3.35576044768095 71.09267396479845 10.8670576363802 0.1421899348497391 71.49343153089285 34.98753610253334 123.2473046854138 162.5973513200879 10.28127288073301 20.23130120337009 160.0932149663568 7.297860577702522 38.71185880899429 8.659190639853477 1.24856249243021 2.620550535619259 2.560591451823711 2.564256779849529 0.2483024373650551 1.298417642712593 1.163216732442379 1.991555228829384 1.003029130399227 2.390487104654312 4.587927855551243 2.152412548661232 183.7816295027733 3.179196782410145 0 0.5144335553050041 18.05940520018339 0.4910563677549362 0.1472936421632767 0 0.7342239916324615 0.7522895336151123 7.865901112556458 0.3531689494848251 1.413514599204063 4.680461794137955 4.75117401778698 2.683799296617508 13.47530663758516 7.099873751401901 10.51451018452644 23.42575676739216 2.948559254407883 1.589105106890202 0.5611482486128807 0.1487750262022018 0 0 0 0 0 0 0.5854511559009552 0.2818857431411743 0 0 0 0 0.868713915348053 0.691733255982399 0.1948211342096329 1.883426152169704 0.4815637841820717 0 1.328832477331161 0 28.51068541407585 5.435887463390827 35.59769394993782 9.73943405598402 0.8528877794742584 0.2076872587203979 0 0.2464257329702377 0.1066460832953453 0.6686835587024689 0.2215156033635139 0.09929243475198746 0.3664339706301689 11.69462268054485 0 0.6931170970201492 0.4814366847276688 0.6539962738752365 0 0 0 0.09271563589572906 0.4978079199790955 0 0 0.3928740844130516 0.3019185215234756 29.43712668120861 2.001277029514313 0.09352414309978485 0.1346993744373322 0.1682512313127518 0.09563430398702621 0 0 0 0 40.09782595187426 0.5298729911446571 0 0.1012859642505646 0.3131309077143669 2.82117422670126 1.141833946108818 1.703061312437057 1.060506589710712 1.277135670185089 7.935478687286377 1.519023060798645 4.282957747578621 0.2191295772790909 0 0.08685826510190964 0 0.1607159227132797 0.1036608591675758 0.124616339802742 0 9.108348108828068 2.810789503157139 18.46457639336586 618.4470509290695 43.68253534287214 394.7534678429365 91.07126505672932 308.6328777298331 61.07647825777531 4.508317656815052 179.4427972733974 18.53594391793013 1.321425639092922 6.196524001657963 3.094049833714962 4.412811435759068 0.312769889831543 0 2.924611613154411 10.33723265677691 0
1814.927734330297 1796.929537117481 46.85495100170374 2306.153849050403 484.7026058733463 432.2580478489399 2235.043138682842 1.492501325905323 563.3116274699569 0 115.5920916497707 2759.499137058854 7103.113912582397 622.4995623752475 21.74021051079035 4.871935874223709 2.257773190736771 0.9039938375353813 0 0.3194167539477348 0.9527036398649216 0 0.2729664817452431 0.434882253408432 0.1886549592018127 1.097817696630955 0.4203675389289856 0.7346327528357506 1.298445262014866 0.6997978687286377 104.316391594708 12.64152563363314 111.4793892353773 0.1140354424715042 0.4504209160804749 0.1823318600654602 35.19513916969299 0.471698522567749 5.085588321089745 1.502737931907177 0.7089087963104248 1.347206421196461 0.502353735268116 0.5354388505220413 0.09975532442331314 0.3165991306304932 321.9164514318109 11.99558678269386 0 0.9761504232883453 3.100183583796024 0.1734379827976227 0.5990568324923515 0.1938229352235794 4.437452502548695 8.017180725932121 20.645218282938 171.8325398787856 20.66567948460579 78.13469059020281 0.4965852797031403 3.717143654823303 0 19.58317053318024 6.679695419967175 4.198792561888695 3.884334281086922 1.001681238412857 0.1109724193811417 0.771449975669384 421.7557003796101 9.564152434468269 0.1167592257261276 216.3420235738158 62.18650448322296 131.5406581759453 100.8832534253597 2.42527961730957 1.515147849917412 7.415445595979691 1.200517527759075 5.411944150924683 23.52766101062298 0.08985625952482224 4.2669707685709 4.365786321461201 2.440122425556183 0.3694886267185211 0.7978578060865402 0.4190516993403435 0.3519094213843346 0 0.3826729506254196 1.66233741492033 0.7714554965496063 908.9997610673308 6.372485309839249 0.4985972046852112 1.290466740727425 207.2621360346675 0.2716694250702858 0 0 0.2910449206829071 3.309281155467033 5.53064951300621 3.270816385746002 2.001602157950401 4.97173535823822 14.24415855109692 11.37186780571938 42.67642693966627 23.25853972882032 26.37694423645735 51.25755583494902 7.33104695379734 3.78275054693222 0 0.3372998833656311 0 0 0 0 0 0 0 0 0 0 0 0 0.3132551312446594 0.5464036017656326 0 2.736665658652782 1.371464483439922 0 0.2117634117603302 0 50.12033296376467 4.344380892813206 54.96013434976339 10.10975033789873 0.7465591058135033 0 0 0 0 0.7317988649010658 0.2186824530363083 0 0.6221914142370224 17.88248018920422 0.186863586306572 0.2019748091697693 0.1121180206537247 0.6962224170565605 0.1378521621227264 0 0 0.1091433316469193 0.4278527349233627 1.013111717998981 0.3426297083497047 0.4146172404289246 0.6060797497630119 49.80791878700256 1.4702477902174 0 0 0.1030647531151772 0 0 0.1302368938922882 0 0 96.72812409698963 0.8655361384153366 0 0 0 5.381084598600864 1.299620680510998 3.112131379544735 2.347376085817814 3.806423082947731 9.860153324902058 3.344093203544617 5.084522128105164 0 0 0 0 0.1094548627734184 0.107289545238018 0 0 29.86804090440273 2.412126138806343 19.75530730187893 654.3742173090577 37.05124779045582 392.5716196522117 70.89116659015417 2066.493290826678 54.92022272199392 6.192162752151489 146.4419494792819 14.98483697324991 1.808878690004349 11.80520414561033 3.271019823849201 4.723398178815842 0.2745087295770645 0.32120580971241 5.322303391993046 5.638769254088402 0.1966170072555542
275.5595461279154 1032.371058024466 4698.798559851944 18.77998413145542 1144.351799421012 14.18863132596016 188.8311044275761 2331.300662457943 3061.871835276484 115.5920916497707 0 74.69240883737803 966.7392655089498 2270.514333195984 96.93532864004374 49.80035144835711 9.773471906781197 4.010051034390926 1.494219206273556 7.927592568099499 15.48490159958601 2.294837430119514 17.45848789066076 12.80883499979973 14.71856777369976 10.18926278501749 22.3716657012701 2.429182283580303 3.230664677917957 6.307835675776005 1172.316470324993 467.788307197392 380.0685282349586 0.2871124073863029 9.512651912868023 7.864827334880829 45.03822267055511 5.103444710373878 24.83666966855526 25.16346406191587 14.70801988244057 9.093542948365211 13.10258665680885 4.912239886820316 2.547339640557766 3.141264013946056 579.8545798063278 12.75833708792925 1.370241835713387 7.246383801102638 14.23985254019499 6.555744029581547 2.605590187013149 0.6134644150733948 3.093058452010155 7.960751242935658 7.195488326251507 182.3117874264717 12.38656730204821 104.7144720330834 11.950191013515 20.18635861575603 5.584293529391289 118.4610005319118 5.164975360035896 7.628411665558815 8.905817680060863 16.2834565192461 7.845871061086655 36.41416371613741 98.10362474620342 24.14195421338081 0.5989412069320679 183.3001336976886 86.43549181520939 272.7764748036861 406.3562662974 31.34939834475517 833.6194830164313 1238.111428365111 125.6811896339059 634.4170699566603 17.98870807141066 0.8992356657981873 5.906177811324596 5.784727178514004 10.32181141525507 0.1356648653745651 2.102361463010311 1.741207927465439 2.041347093880177 1.413192301988602 8.737177699804306 17.19956551492214 7.809997536242008 87.11230560392141 2.673678234219551 0 0.6407469883561134 85.11236767470837 0.1478424221277237 0 0.2596894651651382 0 0 0.3888483941555023 0.1693154573440552 0.1745630353689194 0.6845920830965042 0.8398502022027969 1.20946004986763 3.378773227334023 1.537093073129654 4.880319364368916 9.004703611135483 4.171498991549015 1.337929464876652 0.6092860698699951 0 0.3917891532182693 0 0 0.1432755440473557 0 0 0.7004330456256866 0 0.1012302935123444 0 0.7555641084909439 0 1.088283710181713 0.7994600310921669 0.7549125626683235 0.9118450433015823 0.2235614657402039 0 0 0 16.30578483641148 3.078565530478954 21.36017484217882 10.53858726471663 1.270772136747837 0.1562332510948181 0.1279070526361465 0.1059165745973587 0.1100450530648232 0.2040623277425766 0.62911556661129 0.2297798693180084 0.6280747652053833 8.107732370495796 0 0.2528696358203888 0.2285275161266327 3.08238672465086 0.961836189031601 0.2765931785106659 0 0 0.4471838921308517 0 0 0.1058240905404091 0 10.17436464130878 0.582349605858326 0 0 0.3770892545580864 0.08481822162866592 0 0 0.495869517326355 0.3611431866884232 19.96450308710337 1.716384157538414 0.1205598115921021 0 0.5118190348148346 1.682538814842701 0.1032364964485168 1.168673284351826 0.9764838516712189 1.072500228881836 3.266003869473934 0.6388532370328903 1.04608891159296 0.2601732015609741 0 0 0.2799662351608276 0 0.1099078953266144 0 0 2.993900381028652 0.9816040098667145 11.36715297400951 773.5343069955707 63.99620375037193 625.3953031301498 144.7619853913784 305.7586695849895 91.15220414847136 9.754065059125423 228.2305588945746 12.72429453581572 1.941266387701035 6.70975873619318 3.485214687883854 0.7164605408906937 0.377568781375885 0 1.648556098341942 18.68258707225323 1.349015340209007
51.31786447763443 111.3794187158346 29.58143299072981 451.9818428754807 54.56714165955782 74.65509952604771 155.6404253467917 5.046147912740707 140.3631288185716 2759.499137058854 74.69240883737803 0 4024.100519739091 336.9098168611526 12.56278132647276 12.02956200391054 2.463583163917065 0.5277074873447418 0.4199029058218002 0.2375298514962196 0.8332051038742065 1.543534696102142 0.8811732977628708 1.014029204845428 0.9071388840675354 0.206724688410759 1.528977505862713 0.4731908068060875 0.5549784600734711 0.251377560198307 18.4793061837554 11.58594931662083 145.9626950696111 0 0.734421968460083 0.6614461988210678 112.6262509971857 0.3975915759801865 31.80644611269236 4.42060998827219 1.39137751609087 0.2881191223859787 0.2749902904033661 0.7646276876330376 0 0.5061152651906013 68.5550974458456 0.4630253911018372 0 0.2721718400716782 0.3147197365760803 2.515816450119019 2.284925177693367 0 0.2697356939315796 0.6355235949158669 1.90654344856739 8.026370875537395 0.8357863500714302 8.203635632991791 0.9106098562479019 9.984262123703957 0.32313072681427 8.987749375402927 0.1875225082039833 0.7391490191221237 0.3452528268098831 0.1051571741700172 0.1243666261434555 0.9038496762514114 389.0077011585236 39.41657596826553 0 12.07333251088858 3.942139342427254 23.15355733036995 28.11580361425877 4.307186983525753 4.478083215653896 11.60116971284151 2.624914407730103 9.787111289799213 2.537432782351971 0.1124149635434151 0.4814292341470718 0.3724123239517212 0.9725489765405655 0.5158763751387596 0.2657271474599838 0.3528483808040619 0.4807916581630707 0.1494549959897995 0.4146537631750107 0.2697347104549408 0.5379614979028702 1836.654874190688 35.99734163284302 0.6930139362812042 6.240417078137398 15.69009508937597 1.125841528177261 0.1990650743246078 1.699797846376896 0.4817619025707245 2.631230965256691 3.675329506397247 4.659403145313263 0.8181071877479553 6.092102438211441 12.54738782346249 10.16589143872261 48.70976041257381 22.40577108412981 38.44700926542282 73.9989624992013 12.4464665427804 11.50756168365479 0.3553789928555489 0.2295093536376953 0 0 0 0.1032100096344948 0.3279873132705688 0 0.1243445351719856 0.3207129836082458 0.1589734554290771 0.18846595287323 0.3373386934399605 0 0.7053886502981186 0 0.1702468395233154 4.629534341394901 1.91432835906744 0 0.4757087677717209 0.1611892580986023 80.39789022505283 11.44872666150331 101.0291604399681 20.81496811658144 1.785478889942169 0.1104399040341377 0 0 0.373172365128994 0.2874452769756317 0.5510512441396713 0 1.897954218089581 26.8403280749917 0.1276752352714539 0.1956051886081696 0.1098834723234177 1.008315347135067 0.1078421697020531 0 0 0 0.2875969558954239 0.8062475472688675 0 0 1.833648718893528 72.26298082619905 4.106670171022415 0 0.5909424722194672 0.3112374693155289 0.1933601871132851 0.1037240624427795 0.2274329736828804 0 0 127.7833663001657 3.484917767345905 0 0 0.1370174735784531 7.576207801699638 2.354748964309692 5.455094419419765 3.165336810052395 3.942454323172569 19.31828765571117 5.813615322113037 11.11926637589931 0.3075050860643387 0.09800626337528229 0 0 0 0 0 0.1374729424715042 38.07533824443817 5.300790548324585 40.41737849265337 287.0542035698891 13.22640556097031 93.54059720784426 28.22563801705837 309.3881076648831 11.09049924463034 2.569935113191605 68.59930765628815 24.99408113211393 4.39238466322422 20.93842227756977 5.103223614394665 12.7962556630373 0.6314846724271774 0.485002413392067 9.091960050165653 3.845144756138325 0.5228944718837738
103.4668653979897 1136.178695052862 317.3243619799614 794.7258477509022 1282.384103484452 64.68798939138651 1401.522635266185 28.85038204491138 2493.742143280804 7103.113912582397 966.7392655089498 4024.100519739091 0 2111.81740539521 65.14190716296434 52.02522516995668 14.52246344834566 2.496637001633644 0.7247702553868294 1.48451342433691 2.199815094470978 3.566069409251213 5.901125319302082 5.328717894852161 6.463851138949394 4.261192992329597 9.391435280442238 1.443294860422611 2.447269827127457 3.798556543886662 123.8013287335634 57.73838622868061 1436.965885207057 0.3503596186637878 4.577268503606319 2.74909009039402 396.4648085460067 4.764733523130417 123.5859120935202 38.94223787635565 6.064748860895634 6.361014701426029 0.3244297653436661 4.370835795998573 0.2295706123113632 1.429263085126877 362.3604409694672 8.198236837983131 1.458898298442364 3.113916166126728 4.326866313815117 7.203348115086555 8.2093465924263 0.7585209012031555 3.075277172029018 3.705633923411369 6.298915967345238 39.90407741069794 6.607201710343361 53.27932436019182 4.253387987613678 33.86646501719952 1.727386556565762 42.25980739295483 4.124702520668507 3.065301299095154 3.047464519739151 3.074782654643059 0.5666749179363251 3.961879633367062 677.4984361305833 84.09692062437534 0.7716372162103653 66.90262971073389 35.51123107969761 137.3880376890302 187.6953706219792 25.49331188946962 26.86804819852114 63.85799730569124 17.65628680586815 63.41854006052017 9.2105393409729 0 2.024862669408321 3.226864472031593 5.008982419967651 0.8747887164354324 1.029620446264744 4.517921082675457 3.054717034101486 1.465149976313114 2.044621415436268 6.091045409440994 3.002333924174309 2807.953645966947 49.90485712140799 4.429703123867512 10.86090589314699 22.3850285410881 0.741735152900219 0 0.6382600069046021 0.3146029710769653 3.896611854434013 9.465765625238419 4.62929855287075 3.531226985156536 8.859962403774261 22.68325584381819 14.11243472993374 74.47839590162039 42.56845532357693 53.13800726830959 123.0237407684326 25.24179322272539 10.85180872678757 0.2118769139051437 1.116469740867615 0.1409972310066223 0 0.2492281347513199 0 0.5636749267578125 0.1124222576618195 0.1286887675523758 0 0.4416884630918503 0.1873617619276047 0.1394384801387787 0 0.9421164467930794 1.537916094064713 0.2633290886878967 6.346255853772163 4.120393060147762 0.1154032349586487 1.455428779125214 0.2208496928215027 144.5573701709509 24.52422971278429 189.3982971981168 46.04994461685419 2.787412360310555 0 0 0 1.571508757770061 2.408664494752884 1.89737007021904 0.1515666097402573 4.627016477286816 63.22217689454556 0 0.9121652841567993 0.4576951712369919 3.179291516542435 0.3934517353773117 0 0 0 0.813825286924839 1.487456597387791 0 1.968220718204975 2.120427899062634 159.8231727257371 6.762526527047157 0.7684791088104248 0 0.3203050270676613 0.1193391680717468 0.3074565231800079 0.4103554934263229 0 0.4355138689279556 256.1301854923368 4.340853564441204 0 0.1775437146425247 1.122961111366749 18.82718230038881 4.568671032786369 10.50988367199898 4.683225020766258 11.65410585701466 39.50487418472767 12.03347546607256 18.59003183245659 0.2540688738226891 0.8874639272689819 0 0.1054298505187035 0.2192746996879578 0 0.444098986685276 0 61.9938310906291 13.17420966178179 95.0110851675272 861.1485810279846 77.92441568523645 470.254613853991 142.383357219398 434.2928329408169 70.47400965541601 10.52796958386898 253.3310654610395 45.77955995500088 11.79780595749617 41.39634035527706 12.57901981472969 12.25050104409456 1.011892467737198 0.6877894699573517 15.40114931762218 21.97393704950809 0.8320984393358231
