0 5599.926160693169 2850.855280205607 2465.465578392148 333.4849497899413 56.01759196817875 410.4203090891242 80.87939767539501 25.65286529064178 1838.522473469377 433.8593715429306 116.6081096529961 243.9682340025902 136.0130035430193 0.2574257105588913 0.7788235172629356 0.3875752389431 0 0.2069427967071533 0 0.09838461875915527 0 0.1729074716567993 0 0.1957129240036011 0.3157612681388855 0 0 0 0.1326714903116226 1041.073261015117 1.406330965459347 5.509295783936977 0 0.1180612370371819 0.2937790751457214 2.319258831441402 0.2544639855623245 0.2716941833496094 0.2104699015617371 0.2611281052231789 0.2146828323602676 0.2520873248577118 1.202267654240131 0.1834797412157059 0.4067434519529343 29.39493082463741 16.20765826106071 0.2209440469741821 0.203334853053093 4.684328019618988 0.507144570350647 0 0 12.06969887763262 28.7654040902853 571.1154807880521 2106.178545840085 77.66496740281582 14.05876349657774 0.8886891230940819 0.3753411769866943 0.3051003590226173 15.77777275443077 17.80950168520212 13.66105066239834 13.41210093349218 2.588126979768276 0 0.685526467859745 1.630562387406826 6.468177020549774 0.8164404630661011 218.1400331184268 251.7154490351677 17.09795062243938 12.91756485402584 1.336045198142529 1.353395283222198 81.74650093913078 0.9259417206048965 3.986713036894798 25.89393203705549 1.074405498802662 8.108831539750099 13.03219738602638 1.135986894369125 1.32822373509407 1.457565955817699 0 0.5883521214127541 0 0.1002664566040039 0.1762775480747223 0 45.91342416405678 1.93190598487854 0 0.2569897100329399 502.9469426870346 0.1434217989444733 0 0 0 0 0.6721168756484985 0 5.052317067980766 57.21137426793575 0 0.4779712408781052 0.7737324088811874 1.180049896240234 1.099466145038605 0.4050689563155174 0 0 0 0 0 0 0 0 0 0 0 0 0 0 0.4210714101791382 0 0 0 0 0 0 0 0 0 0.3207003772258759 0.7524293661117554 1.705058813095093 1.531816899776459 0 0 0 0 0 0 0 0 0 0 0 0 0 0 0 0 0 0.105349987745285 0 0 0 0 0 1.400824777781963 0 0 0 0 0 0 0 0 0 1.29701367020607 0 0 0 0 0.09613306075334549 0 1.230915397405624 0 0 0 0.1973727345466614 0 0 0 0 0 0.09568488597869873 0 0 0 0.239980012178421 0.134073331952095 1.33911544084549 108.788061209023 7.95627710968256 98.88536693900824 14.00805862247944 876.4119387045503 115.9817030355334 1.154289729893208 40.91685183346272 3.020447045564651 0 0.5359034538269043 0 2.343435645103455 0 0 0 7.126506350934505 0
5599.926160693169 0 1540.190233401954 358.822415061295 2986.510329648852 61.98376061022282 696.615468673408 439.6796214282513 1407.525620155036 242.9605187475681 4144.147126853466 59.36573141813278 483.4982273727655 582.8362092897296 2.267705194652081 2.802641928195953 2.962365165352821 0.1146816834807396 0.1750909984111786 0 0 0 0.1007955074310303 0.157613217830658 0.5541525930166245 0.6108690723776817 0.6389233469963074 0.3713409602642059 0 0.1278552263975143 1838.892174221575 10.14469829201698 14.17318926751614 0.110790491104126 0 1.326926119625568 12.0412217900157 1.330199547111988 1.717474043369293 0.2790109217166901 1.46905218064785 2.428731232881546 0.1783202514052391 0.8268225342035294 0.513407327234745 1.222066685557365 212.0519744157791 60.14362549781799 2.312059246003628 0.9585084244608879 21.39112287759781 0.1704199910163879 0 0.3305561691522598 21.6298570483923 63.96945160627365 248.2870158627629 1363.772308968008 39.37429121881723 46.86014899611473 1.710448317229748 0.8404313772916794 0.9359472468495369 94.92978991568089 53.47930797934532 37.33517123758793 53.55467215180397 7.57338473200798 0.2065733969211578 1.841737605631351 15.13879310339689 0.5310879349708557 0 372.6426783204079 432.0780903697014 101.8468244299293 189.1693322435021 8.61809591203928 3.100986897945404 133.9582855775952 3.157087132334709 4.455782897770405 81.71671661734581 1.134960763156414 32.78053826838732 42.37375025823712 5.47937823086977 0.8990540876984596 6.831030361354351 0 1.818944990634918 0.304297462105751 0.6711520031094551 1.467522166669369 1.443698838353157 43.75092513859272 0 0 0.4877979904413223 203.3707852214575 0.22974743694067 0.2137924283742905 3.690882250666618 0.2358587980270386 3.270370446145535 12.83912597596645 6.827490419149399 14.80674713104963 9.663391083478928 2.442748710513115 2.926814086735249 9.265862561762333 3.586665116250515 4.6886046230793 12.76768551766872 0 0 0 0 0 0 0 0 0 0 0.09945195913314819 0 0.1084829345345497 0 0 0 0.3620665669441223 0 0 0 0.2232101559638977 0 0 0 4.480637408792973 0.664310909807682 3.429772466421127 1.013267517089844 0.2944486439228058 0 0.1557409912347794 0.3191277384757996 0 0 0 0 0.6563055366277695 0.482691690325737 0 0 0 0.5072276368737221 0.1163918972015381 0 0 0.08350520581007004 0 0.8320890665054321 0 0 0.3827238976955414 8.635038033127785 0 0 0.1062523871660233 0 0 0 0.1401209831237793 0 0 11.58924763649702 0.5716078579425812 0 0.1711676567792892 0 3.375108197331429 0.3926067501306534 3.427457511425018 1.100733302533627 0.7357281520962715 0.1085688769817352 0.5363933444023132 0 0 0.08290261030197144 0.2000436261296272 0 0.1916600316762924 0 0 0 3.502908863127232 0.5611712038516998 2.567467242479324 331.9502201527357 28.23609098047018 649.7473067715764 56.65063896775246 437.3929465636611 203.1262444332242 3.431961141526699 156.3423230051994 26.13570854067802 0.1710461378097534 3.716621153056622 0.1409259289503098 18.8236680328846 0.7041217088699341 0 0.6233101487159729 25.86860002577305 0.9740038961172104
2850.855280205607 1540.190233401954 0 32.06343247741461 282.3395836949348 0.9921300560235977 209.0125006362796 2860.616786912084 190.9319223314524 17.47402670234442 5178.668322086334 15.9814129024744 169.1720300540328 744.7453501448035 2.123041443526745 2.416692540049553 0.6006165146827698 0.4771897196769714 0 0 0 0 0 0.1646770387887955 1.758527770638466 0.6520864441990852 0.1379297226667404 0.2418947666883469 0 0 4019.532084606588 202.1037799566984 24.57024679332972 0 0.4961620941758156 1.344114013016224 15.76663695275784 1.106410339474678 1.906737796962261 0.5068468749523163 0.8211490660905838 1.193609729409218 1.012479767203331 0.90611382573843 0 0.3301403671503067 52.53574647009373 15.22539202868938 0.4121827334165573 1.56629978120327 5.9055160805583 0 0 0.3285630941390991 5.374279946088791 13.07987716794014 87.09827836602926 1024.914511665702 10.85377233475447 9.900351129472256 8.739818833768368 4.300529047846794 2.432989157736301 173.9298609271646 11.6315823122859 8.441312953829765 13.06831119209528 4.199962347745895 2.781027629971504 2.834366261959076 33.51515223830938 6.455440327525139 0.1299253553152084 101.8483609482646 244.6170436367393 24.51454842835665 50.87841265648603 6.907390914857388 51.5414445027709 1614.714729711413 4.649482607841492 94.57711958140135 15.33978363871574 0.2621819227933884 6.856148608028889 9.560336835682392 3.194285921752453 0 1.33095720410347 0 0.1693955063819885 0 0.6600448191165924 0.5228539481759071 1.207345388829708 15.53867175430059 1.143516182899475 0 2.901756711304188 101.3489992693067 0.2846550345420837 0 1.148386530578136 0.2680239081382751 0.4024209678173065 5.384846039116383 1.025114178657532 4.185014620423317 0.9382798597216606 0.4992087706923485 1.403836935758591 3.936902076005936 1.338894844055176 1.055539920926094 7.845775835216045 0 0 0 0 0 0 0 0 0 0 0 0 0.6032547950744629 0 0 0 0 0 0 0.1609711349010468 0 0 0 0 5.676950037479401 1.129185721278191 8.949512168765068 3.201014026999474 0.3517724201083183 0 0 0 0 0 0 0 0.2599971890449524 0 0 0 0 0 0.2308038324117661 0 0 0 0.4138656184077263 1.299402475357056 0 0 0.9298464059829712 11.53130154311657 0 0.9444257169961929 0 0 0 0 0.6619095206260681 0 0 9.1190470084548 1.982909798622131 0 0.23814307898283 0 3.6443230509758 0 5.448107615113258 0 0 0 0 0.1636485159397125 0.1488622725009918 0 0 0 0 0 0 0 1.10797655582428 2.028505146503448 4.16818131506443 82.22911888360977 10.63273335248232 162.6648501753807 14.49897818267345 71.65634956210852 47.25880187004805 1.191621795296669 40.0232258066535 14.09318470209837 0.1095918789505959 7.621822506189346 0 9.570014163851738 0.4234546422958374 0 0 3.752085164189339 0
2465.465578392148 358.822415061295 32.06343247741461 0 53.06789185851812 277.546339020133 624.1280576661229 2.548191323876381 15.67021371424198 1819.246479056776 19.01470695436001 577.5301759094 1105.689291395247 76.4051123932004 0.38093151897192 0 1.196455553174019 0.2573215737938881 0.1740893721580505 0 0.09625940024852753 0 0.2028326690196991 0 0 0.1890257000923157 0 0 0 0 130.087045378983 0.5140550062060356 0.187086746096611 0 0 0.1165398433804512 0.1134298071265221 0 0 0 0.09601825475692749 0 0 0.1865608766674995 0.094512939453125 0.1223434433341026 42.59712195396423 18.57885773479939 0.5185886546969414 0.1501072198152542 7.434369169175625 0 0 0.1129395440220833 8.265404127538204 22.44050445407629 87.76668038219213 373.009816840291 12.41599731892347 13.79289931803942 0.6583735644817352 0.4108341634273529 0 21.31022272258997 19.14408414065838 12.99336990714073 20.87109571695328 2.037611469626427 0.3191591277718544 0.3497406542301178 1.19032584130764 0.3236587941646576 0 122.8756475746632 129.1073361560702 29.88399153202772 38.00314673781395 0.8952946737408638 0.3732598200440407 1.645590402185917 0.8916844725608826 1.18054686486721 28.01813137531281 0.3142948299646378 12.29861912876368 14.7346443682909 2.183946892619133 0.441449873149395 2.211891561746597 0.273921824991703 0.4476505815982819 0.1077016592025757 0.399770088493824 0.3740519285202026 0.4768181070685387 95.0555107742548 0 0 0 64.10929238796234 0.1023630574345589 0 2.77034518122673 0 0.1446593105792999 3.93020224571228 1.203725919127464 6.479582622647285 11.39753305912018 0.2273670434951782 2.300535753369331 8.302405260503292 2.838842742145061 1.085168957710266 2.115489736199379 0 0 0 0 0 0 0 0 0 0 0 0 0 0 0 0 0 0 0 0 0 0 0 0 0.4422538205981255 0 0 0 0.2036192566156387 0 0 0 0 0 0 0 0 0 0 0 0 0 0 0 0 0 0 0.5852404236793518 0 0 0 1.96125753223896 0 0 0 0 0 0 0 0 0.199329286813736 1.879191100597382 0 0 0 0 0.3985642790794373 0 0.1126192584633827 0 0 0 0.8243521451950073 0.1750217229127884 0 0 0 0 0.08653505146503448 0 0 0 1.14211305975914 0 0 91.27054268866777 6.956764124333858 135.3241850584745 10.82630414515734 728.7715456113219 63.17640894651413 0.4383235946297646 24.77488847076893 5.991157382726669 0 0.9705642685294151 0 5.922453388571739 0 0 0 32.17911022901535 0.1689558625221252
333.4849497899413 2986.510329648852 282.3395836949348 53.06789185851812 0 9.022597059607506 2335.161037899554 218.275498047471 2177.743648998439 133.4172189086676 2369.684383481741 66.61190909147263 210.4374391660094 151.1892426460981 2.698689617216587 0.6098411306738853 0.9720356166362762 0.2087002843618393 0 0 0.3519323617219925 0.317223459482193 0.08523157984018326 0.1003186330199242 0.1169422790408134 1.152883462607861 0.3391345292329788 0.7539002895355225 0.3845638632774353 0.1304981261491776 229.5870078131557 11.80174858868122 5.236256510019302 0 0.3555292561650276 0.5692442804574966 2.629251010715961 0.2465520352125168 1.769264750182629 0.158637672662735 0.4924961552023888 2.635739050805569 0.2652985230088234 0.5507221072912216 0.4201419353485107 0.5422095283865929 129.0901519283652 20.65245175361633 1.335365071892738 0.1068465560674667 8.693210929632187 0.08143559843301773 0 0.1225048452615738 4.760458320379257 18.71300396323204 43.71262297779322 160.8939796611667 11.1823988109827 23.42237518727779 0.3497495204210281 0.7707500830292702 0.4255423098802567 46.36648826301098 13.74236609041691 11.41695926338434 19.92697578668594 2.483904965221882 0.3530136272311211 0.6393284276127815 16.56673718988895 4.596350148320198 0 89.33103196322918 105.9859059005976 52.89374580234289 118.2271936684847 3.302003651857376 1.372397750616074 5.881302163004875 0.7869950607419014 1.153979055583477 23.00028229504824 0.9284009784460068 8.740675002336502 13.92062352597713 2.519785150885582 0.2842958569526672 3.03517909348011 0.1663703918457031 1.16099476069212 0.2078174501657486 0.1650942862033844 2.698775000870228 2.294011674821377 112.3632838577032 0 0 0.3111468255519867 10.02493865787983 0.3912793397903442 0 8.703989125788212 0 1.885162591934204 37.12979049235582 8.770658120512962 38.81295094639063 5.835547849535942 3.361755467951298 11.66836152225733 23.85403478890657 10.944076359272 14.22866690158844 26.21983231604099 0.4097758829593658 0 0 0 0 0 0 0.1039205566048622 0 0 0 0 0 0 0.3748625814914703 0 0.182660847902298 0 0 0.5865340828895569 0 0 0 0 10.66542682796717 2.138885527849197 9.562858015298843 0.9062558189034462 0.3115239962935448 0 0.1492377817630768 0 0 0 0 0 1.162800118327141 0.9136064946651459 0 0 0.2985300868749619 0.1294151991605759 0.5470971167087555 0 0.3278135359287262 0 0.1383558958768845 2.639516174793243 0 0 0.130987212061882 18.55242312699556 0.67653888463974 0 0.2879152745008469 0 0 0 0.2075982391834259 0.2418120205402374 0.1681239753961563 30.21155875176191 0.1791067868471146 0 0 0 8.157572686672211 1.538218438625336 5.652748666703701 2.367373466491699 0.6637271344661713 0.8043212294578552 2.745676249265671 0.4342088997364044 0 0.09610780328512192 0 0 0.08977389335632324 0 0.1559836715459824 0 8.990235075354576 2.213893800973892 4.484541855752468 339.0546707138419 43.99019952118397 446.3089387789369 61.50402283668518 132.1765049099922 107.4690345749259 6.279624104499817 146.3754059672356 56.78402565419674 0.1370488554239273 7.617243595421314 0.1396685540676117 36.25358819961548 2.292144060134888 0 0.8049751818180084 3.052540615200996 1.799947366118431
56.01759196817875 61.98376061022282 0.9921300560235977 277.546339020133 9.022597059607506 0 95.7446590512991 0 10.146802932024 743.6449762731791 5.056732907891273 126.1215656846762 106.6361950933933 11.31366096436977 0 0 0 0 0 0 0 2.321003496646881 0 0 0 0 0 0 0 0 2.532333612442017 0 8.276130348443985 0 0 0 6.274627387523651 0 4.775845587253571 0.787658303976059 0 0 0 0 0 0 0 0 0 0 0.5663950070738792 12.36756232380867 0 0.3499153256416321 0 2.386379688978195 177.6657235175371 117.9650775641203 15.04085218906403 0 0 2.070876002311707 0 0 0.1314981132745743 0 0.3716982305049896 0 0 0 40.57807374000549 151.2627907991409 32.60550765693188 0.4169363379478455 0 0 0.119304321706295 0 0 1.655447497963905 0 0 0 8.130753427743912 0 2.82049722969532 0.7095989584922791 6.789587646722794 8.471356302499771 7.470539197325706 0 0.176561176776886 0 0 1.115588188171387 331.6643199324608 70.19235125184059 0.7527830004692078 8.059034615755081 764.480889365077 0 0 0 0 0 0 0 0 4.440450742840767 0 0.1475356817245483 0 0.3392224758863449 0 0 0 0 0 0 0 0 0 0 0 0 0 0 0.3750488013029099 0 0 0 1.106407284736633 0 0 0 0 0 0 0 0.6159921735525131 0 0.9656650722026825 0.3176890313625336 0.9932978451251984 0 0 0 0 0 0 0 0 0 0 0 0 0.6700367331504822 0 0 0 0 0 0 0 0 0 0.5811176896095276 0 0 0 0 0 0 0 0 0 1.070639491081238 3.694611102342606 0 0 0 0.1806871592998505 0.271885484457016 0.6899432688951492 0 0 0 0 0 0 0 0 0 0 0 0 0 0 0.3097940683364868 1.036546424031258 1.57448399066925 0.172900527715683 1.245677471160889 0.6292725205421448 232.1206961125135 1.171858832240105 0.8855543732643127 0 0 0 0 0 0 0 0 0 0 0
410.4203090891242 696.615468673408 209.0125006362796 624.1280576661229 2335.161037899554 95.7446590512991 0 37.48256818950176 1730.998589724302 3015.795270256698 936.8689819946885 874.5503957271576 1885.005575589836 445.2629965543747 6.310822039842606 1.989646933972836 2.570773303508759 0.3997611030936241 0.6974797174334526 0.1645641475915909 0.5941565930843353 0.1139183640480042 0 0.5187540873885155 0.2554416805505753 4.590738944709301 0.7613333389163017 2.306532397866249 0.4109439328312874 0.7453388571739197 346.8693129122257 17.91571303457022 3.081247173249722 0.3143906071782112 0.387983463704586 0.2888079434633255 8.076687380671501 0.2364569678902626 1.062225699424744 1.049394235014915 2.209473609924316 6.013936631381512 0 1.004032835364342 0.5540419295430183 1.267182700335979 256.8924296721816 48.81378092616796 2.078882306814194 0.6683304831385612 23.83311152458191 0 0 1.896025955677032 12.58324114978313 50.77475024014711 98.88639851659536 367.4271792173386 23.32088562846184 48.99395714700222 2.705382533371449 1.803732678294182 0.7543776258826256 87.88373831659555 35.1841908916831 28.42796782404184 51.0609098598361 7.580271519720554 0.1347070634365082 1.824089974164963 31.94248654693365 7.64308799803257 0.1681725382804871 214.7585994824767 231.4244907349348 116.3607831299305 260.0316358059645 8.454512819647789 3.01453322917223 6.933049753308296 2.407756872475147 3.248397126793861 53.70151446014643 1.082524366676807 23.04293937236071 32.21638935804367 4.449803858995438 0.3271664530038834 5.789564557373524 0.101276308298111 3.720061995089054 0.2870856523513794 0.7948463559150696 3.086185030639172 6.933265052735806 778.9090360850096 0.5510243475437164 0 0.8393861725926399 45.44455393403769 2.474550366401672 0.4351786822080612 36.61870887875557 5.661964952945709 11.4816342741251 111.8508661389351 37.02500750869513 160.90731780231 30.74816400557756 18.96157482266426 57.05063673853874 119.6105312630534 54.57112762331963 55.31543307751417 85.02308946102858 0.4058381915092468 0.4000929221510887 0 0 0 0 0 0 0 0.1440105736255646 0 0 1.44448521733284 0 0 0 0.5446874499320984 0.5556882619857788 0 3.637692414224148 0.8798264563083649 0 0 0 34.36734539270401 2.882892295718193 34.28624623268843 2.857746265828609 1.65794400125742 0.1455106884241104 0 0 0.1095413938164711 0 0 0 2.734005659818649 3.597702197730541 0.3127052336931229 0 0 0.2833014726638794 0.7620107978582382 0.220065101981163 0.2090169787406921 0.1011089459061623 0.8686541393399239 6.7200578302145 0.1950095593929291 0.285688728094101 0.6770232319831848 61.51355846971273 0.167111873626709 0.4979368448257446 1.182914681732655 0.1784559637308121 0.2277063578367233 0 0.2580452188849449 0 0.2279903069138527 126.0035857409239 0.1593347042798996 0 0 0.1772789359092712 30.2061533331871 1.683622054755688 13.79483219981194 7.731113515794277 3.227492533624172 1.114372730255127 1.490169525146484 1.183200895786285 0.2390035390853882 0.07752332091331482 0.3061778321862221 0 0.2063790559768677 0.1350200325250626 0 0.1229533925652504 36.95359650999308 8.648776568472385 13.54320805519819 763.764114163816 93.47985507547855 908.0654795244336 129.322764441371 631.7366695925593 257.6600016206503 9.566747806966305 291.4975670427084 130.3695391565561 2.01350674778223 21.84665428102016 0 105.1960421577096 5.597942389547825 0.258810967206955 4.048414312303066 13.82748538255692 2.067111819982529
80.87939767539501 439.6796214282513 2860.616786912084 2.548191323876381 218.275498047471 0 37.48256818950176 0 124.0595762580633 2.625081703066826 2208.30018582195 3.77016045153141 80.94282031804323 466.8092862889171 12.60089693963528 19.90999589115381 6.244634635746479 3.877142161130905 1.009657554328442 4.100374229252338 3.575485549867153 0 0.9186811223626137 0.4746847301721573 1.355437859892845 0.2025027945637703 0 0.9626802951097488 0.1040841415524483 0 1769.512841336429 1111.741427116096 48.76053105294704 0 1.603981524705887 2.776588723063469 21.65852570533752 2.832784660160542 7.671827383339405 1.516205929219723 17.30899608135223 7.811260275542736 23.02159982174635 14.64131288230419 2.190929070115089 28.42096822708845 125.6494778394699 50.39902666956186 7.591936998069286 46.52108039706945 62.14440150558949 0 0.1588070541620255 0.5440637096762657 2.853494584560394 13.37470552325249 60.22332742810249 379.2543714344501 5.649343833327293 11.48039612919092 453.6013829857111 60.92217528820038 9.94454350322485 868.2656476348639 19.74822854250669 48.70861832797527 38.20921907573938 56.7111040353775 82.70332749933004 73.63053567707539 31.40818122029305 36.95877768099308 0 79.62036427110434 314.1014303639531 38.4760257974267 378.7869150042534 186.6089552044868 1395.717684201896 3216.366960264742 547.0329704582691 3321.30290465802 19.34881094843149 0.4653458893299103 14.9617510586977 11.38555362075567 65.04930726438761 0.1187369078397751 4.431492052972317 0.1880303993821144 0.7777967005968094 0.308623418211937 16.38331987708807 3.892400220036507 6.776286981999874 18.82880207896233 6.148511379957199 0 5.207065284252167 21.39245039969683 0.6674146801233292 0 1.908672243356705 0.6736516356468201 1.994598850607872 8.113619863986969 3.091383576393127 13.22539101541042 0.1841839104890823 0.7291544154286385 3.781770914793015 6.336774475872517 1.668081276118755 4.696666941046715 15.23742744326591 0 0 0 0 0 0 0 0 0 0.3176218420267105 0.1222196593880653 0 0.269079677760601 0 0 0.2451144009828568 0.4933835715055466 0.8083967566490173 0 0 0.298905611038208 0 1.061264276504517 0 12.00970062613487 8.192151427268982 18.49293319135904 6.85106997191906 1.789616376161575 0 0.2526238039135933 0 0 0 0 0 0.7462307810783386 0 0.7721913456916809 0 1.131240785121918 0.2827045693993568 2.294793613255024 0.155091866850853 0 0 0.3742024302482605 2.19233313202858 0 0 0.9342380613088608 28.10735583305359 0 0 0.2182671278715134 0.1600570827722549 0 0.4335723593831062 0.1368800103664398 0 0.4855522215366364 18.10462747514248 0.1107529699802399 0 0.2749808728694916 2.272354163229465 5.732515685260296 2.256680548191071 10.97481193393469 0.4704268649220467 0.9050928056240082 0 0.8329287767410278 0.3860712572932243 0.353406697511673 0 0 0 0.1314032673835754 0.1503469347953796 0 0 2.393873296678066 4.394734650850296 13.24337468296289 207.5623255670071 23.75807616114616 392.0418660491705 65.97769910097122 41.45941872149706 44.22390183806419 2.096533216536045 97.16045421361923 29.85923886299133 0.9511871337890625 9.675719261169434 0 14.33338277041912 0.8408222794532776 0 2.31631301343441 4.909034922719002 0.7387883961200714
25.65286529064178 1407.525620155036 190.9319223314524 15.67021371424198 2177.743648998439 10.146802932024 1730.998589724302 124.0595762580633 0 289.2808214351535 2131.107212409377 182.1481721252203 3534.386831790209 1654.910428524017 4.620567217469215 2.003556899726391 0.5151834338903427 0.09092724323272705 0 0 0.100487120449543 0 0 0.251465730369091 1.899083167314529 0.6429769545793533 0.7058234512805939 0.8972997888922691 0 0.2298190519213676 124.8509576097131 12.56913467496634 29.82077008485794 0 0.3021641820669174 2.488088384270668 26.74357953667641 2.593494445085526 5.093969061970711 1.186099499464035 1.754351779818535 2.564551532268524 0 0.8086929619312286 0.101480633020401 0.3183479681611061 115.4761191532016 6.331299275159836 1.020233854651451 0.2550323307514191 5.201034799218178 0 0 0.3255599290132523 1.923282206058502 6.696899875998497 14.6667877137661 43.17580055445433 2.678630299866199 10.92688334733248 1.506514497101307 2.356046795845032 2.473651438951492 13.77640773355961 3.709347106516361 3.328808479011059 5.154813624918461 1.416179835796356 1.156687937676907 1.036032922565937 72.24696411192417 11.38078790903091 0 27.06358250230551 35.4098606929183 29.27349292486906 68.98632479459047 6.821187429130077 0.7225585207343102 11.88032705336809 0.711861751973629 3.530851773917675 7.377482049167156 0.998041994869709 3.228184379637241 5.20863077044487 0.4298144653439522 0.2499949410557747 0.8249289095401764 0.1513228416442871 1.481051668524742 0 0.7473374232649803 1.717093639075756 1.68900403380394 428.585805311799 0.4312302619218826 0 2.405502691864967 4.104690879583359 3.354696728289127 0.1182897835969925 17.65410504490137 1.87807622551918 7.002702340483665 68.919109813869 24.18128497898579 92.59378087520599 14.13566710799932 10.28592564165592 28.99965141713619 72.07263939082623 28.89324641227722 33.87548866122961 55.74078061431646 0.2107884213328362 0.1130676791071892 0 0 0 0 0 0 0 0 0.1506720632314682 0 0 0 0 0 0 0 0 1.011412568390369 0.5406541377305984 0 0.161104217171669 0 27.68401613086462 2.43658646941185 26.70016641914845 1.981936663389206 1.68722327798605 0.2285628840327263 0 0 0 0 0.6184108853340149 0.1545659452676773 2.433949612081051 2.209613643586636 0.171865239739418 0 0 0.1250133812427521 0 0 0.7707217335700989 0 1.166186824440956 3.879565611481667 0 0 0.6620465219020844 53.20483770221472 0.7896956354379654 0.2464671805500984 0.3770583122968674 0.1109698787331581 0 0.2120258584618568 0.1059528589248657 0 0.4483796060085297 85.87350579351187 0.3539213538169861 0.2056051194667816 0 0 17.39735426753759 2.124492190778255 14.21490144729614 6.933915555477142 1.871138177812099 1.142902351915836 2.009247377514839 0.4354174733161926 0.2778096273541451 0 0 0 0 0.1217719912528992 0 0 21.73517041653395 6.406130686402321 12.49243214726448 496.6987672150135 39.43836213648319 409.7692921459675 68.27236037701368 99.78829264640808 55.00174594670534 5.346758738160133 203.6493435427547 98.79929946362972 0.6846140623092651 13.46197021752596 0.2010455429553986 60.1802691295743 1.099501952528954 0 1.680810824036598 6.718411423265934 1.682954162359238
1838.522473469377 242.9605187475681 17.47402670234442 1819.246479056776 133.4172189086676 743.6449762731791 3015.795270256698 2.625081703066826 289.2808214351535 0 81.41248912364244 1630.762270644307 4239.103918343782 261.5443807467818 0.1175725013017654 0.4681525528430939 0.1244944557547569 0 0.1437414139509201 0 0.1278450042009354 0 0 0.1368636786937714 1.231018871068954 0.1068971380591393 0.4925889670848846 0.4866212904453278 0 0.1845313757658005 58.23997508734465 0.5255779772996902 10.43900111317635 0 0 0.5364360809326172 19.29182444512844 1.155321091413498 1.0206114128232 2.103526875376701 0 0.3010804429650307 0 0 0.1028009876608849 0 27.91901228576899 12.77923876047134 0.5769906640052795 1.285684004426003 5.034468628466129 0 0.4385306537151337 0 5.81750800460577 13.59777882695198 68.23900566995144 272.9860419854522 9.516257435083389 8.583631835877895 0.5592667758464813 0 0 10.73797139525414 13.75899568945169 6.253524407744408 12.77104224264622 1.143362551927567 0 0.2203233912587166 122.9620758593082 11.33722151815891 0 79.36466801911592 79.2746624648571 15.4677567332983 18.30156040936708 1.696055054664612 0.533448614180088 0.3056840524077415 0.5259572267532349 0.5300472378730774 15.62545014172792 0 7.888150982558727 9.079151555895805 0.9860103204846382 0.3727986514568329 0.9160163104534149 0 0.3239415138959885 0 0.3035985007882118 0.5020459517836571 0 841.6316649913788 0.4525753259658813 0 0.8204420506954193 294.6956151723862 0.3424205407500267 1.395152598619461 17.58626238256693 79.07333049178123 4.893146008253098 52.89576552063227 29.26338393986225 69.97604928165674 28.04599364101887 13.61912309378386 21.01088946312666 53.49720042198896 26.32970643043518 23.88650061190128 22.89925413578749 0.09040764719247818 0.3607309386134148 0 0 0 0 0 0 0 0 0 0 0 0 0 0 0.2181539386510849 0 0 0.7886157557368279 0.6308162435889244 0 0 0 7.873244151473045 0.6949547976255417 7.052822895348072 0.2496454417705536 1.335286036133766 0 0 0 0 0 0 0 1.182118155062199 0.7853420749306679 0 0 0 0.4462001621723175 0 0 0 0.1309284269809723 0.1141528338193893 0.494967870414257 0.1168292984366417 0 0.9560874104499817 14.47153273969889 0 0.1528784930706024 0 0 0 0 0.2385150045156479 0 0 38.47941066324711 0.1211582645773888 0 0 0.09236890822649002 8.272005543112755 0.1248948723077774 3.266581296920776 2.458342753350735 1.652068592607975 0.1980382353067398 0.2400978207588196 0.6802521347999573 0 0 0 0 0.2017480432987213 0 0.09441957622766495 0 13.62473949044943 1.814910560846329 2.650350771844387 322.1547078117728 8.035944759845734 83.29749110341072 11.32369374483824 1665.46759673208 35.18805929273367 0.8276014626026154 33.8567458987236 53.47623561322689 0.2563475668430328 5.368058510124683 0 47.40256004035473 1.641184121370316 0 0 44.88863687217236 0.5643386244773865
433.8593715429306 4144.147126853466 5178.668322086334 19.01470695436001 2369.684383481741 5.056732907891273 936.8689819946885 2208.30018582195 2131.107212409377 81.41248912364244 0 186.5280269384384 3440.948522567749 1755.206135891378 17.64579063653946 14.7178815677762 2.636735469102859 0.6660479083657265 0.2806103527545929 0.8979129567742348 1.586978919804096 0 1.374764911830425 0.5744312852621078 11.05187253654003 2.783245041966438 1.2719606757164 2.659469179809093 0.7520552277565002 1.031855247914791 1227.563137695193 122.5973047763109 201.6780578941107 0.1861917823553085 3.028364919126034 26.08782424777746 101.3936811089516 9.64568554610014 16.66590008884668 5.755453988909721 6.872254259884357 10.35765708982944 0.5687078535556793 4.968522399663925 0.519146092236042 1.334376528859138 239.8681151270866 24.46691419184208 1.941206566989422 1.3815907984972 11.46116431802511 0.1860052794218063 0 2.144107833504677 4.330972775816917 21.27448545396328 55.55840461701155 314.4574251994491 10.29583824425936 28.74132328480482 8.993698373436928 7.645116947591305 14.61733474582434 80.90296617150307 16.68135115504265 14.33169970661402 24.14070280641317 5.6117292791605 3.125743977725506 8.418679289519787 100.4617299512029 11.06872186809778 0 103.6746146455407 157.4190142005682 82.06395944952965 208.4781255125999 30.07657134532928 65.97501970082521 435.739452585578 4.328972227871418 38.56700372695923 24.96314377337694 1.276678495109081 10.90236745029688 14.37462309747934 4.01298113912344 0.5022057443857193 3.563084870576859 0.4871189221739769 2.034303590655327 0.5113179981708527 5.718969449400902 4.74069295078516 5.390318118035793 162.3246189951897 0.5193802565336227 0 3.485339283943176 22.38491836190224 1.240776732563972 0.4566684067249298 9.095729820430279 1.485835373401642 5.536365360021591 51.30036962777376 12.49624140560627 63.0638522952795 8.892925448715687 3.242939293384552 17.82350648194551 49.09848982095718 19.35946579277515 21.3936820179224 40.29458355903625 0.2866690009832382 0.3382944911718369 0 0 0 0 0 0.1296045929193497 0 0 0.7424872815608978 0 0.1207209601998329 0 0.2625700235366821 0 0 0.1610101312398911 0 0.3501677364110947 0.9704375192523003 0 0 0 22.26717557758093 4.392502777278423 30.55627439916134 5.741082593798637 4.069666616618633 0.3545141294598579 0.1215913221240044 0.1511254459619522 0.1118228957056999 0 0 0 2.056075058877468 2.71401085704565 0.2895890101790428 0 0 0 0.6310722082853317 0.1223583370447159 0 0.245820514857769 0.1183283552527428 3.88349537551403 0 0.4288837015628815 0.8150666356086731 44.25406351685524 0 0.1483561545610428 1.513571254909039 0.2387687489390373 0.1420215666294098 0 0.1682662814855576 0 0.4155859798192978 64.201799929142 1.806981235742569 0.1552986651659012 0.1025745645165443 1.282850809395313 21.13679473102093 1.848240479826927 13.42033845931292 5.460914827883244 3.403061114251614 0.6630815416574478 0.710480697453022 0 0.1791835278272629 0.1516581326723099 0.08004564046859741 0 0.4288741052150726 0.4488279819488525 0 0 14.5030916556716 6.472675830125809 14.51545073837042 646.3950095027685 76.64016584306955 757.1455665156245 131.2652263045311 123.7594087272882 134.5589206516743 11.80649851262569 310.5630185380578 65.35836170613766 0.157233938574791 14.77901327610016 0 47.7090635150671 2.411921240389347 0 1.638875924050808 10.39329367130995 2.026222690939903
116.6081096529961 59.36573141813278 15.9814129024744 577.5301759094 66.61190909147263 126.1215656846762 874.5503957271576 3.77016045153141 182.1481721252203 1630.762270644307 186.5280269384384 0 3549.350816115737 216.6607764139771 1.669698059558868 2.697262331843376 0 0 0 0 0 0.9346937239170074 0 0 6.789180614054203 0.234865590929985 0.8889947086572647 0 0 0 6.374160334467888 1.308593526482582 47.57620779424906 0 0 14.38435491919518 204.1339768990874 9.814981937408447 24.7600566893816 13.67553108930588 1.678025014698505 1.62050773203373 0 2.330035917460918 0 0.175140768289566 14.11732256412506 0.7594097778201103 0.2932826280593872 0 1.168721586465836 0 0 3.694019019603729 0.1189250722527504 0.7909491434693336 2.127144336700439 7.774533174932003 0.5650859102606773 0.9657041728496552 6.982240155339241 2.78495629131794 4.575968712568283 1.618928104639053 0.5422503352165222 0.2063090801239014 0.6101212352514267 0.5960739701986313 0 1.228296041488647 441.2633600831032 43.10204103589058 0.4877149164676666 5.242783218622208 4.75255411118269 2.348659344017506 7.316559813916683 3.002087146043777 0 16.42426064610481 1.78401792049408 3.77007682621479 1.761520825326443 0.08316494524478912 0.6370830237865448 0.3126710206270218 1.3738644272089 0.5126364827156067 0.1819063574075699 0.1157029122114182 0 0 1.075986161828041 0 1.859222054481506 1663.819725185633 4.190101735293865 1.781648397445679 8.706275552511215 20.68064126372337 2.743444673717022 0.3876933753490448 13.4018367305398 1.442744970321655 6.381653651595116 63.77946169674397 27.02911815047264 93.07868007570505 16.02598494291306 10.32805753499269 27.15099684894085 68.07537657767534 29.31896441429853 33.21890163421631 56.9635875672102 0.2316446974873543 0 0 0 0 0 0 0 0 0 0.6856769472360611 0 1.189184226095676 0 1.730863824486732 0 0.6308603584766388 0.4883938431739807 0 2.226847596466541 0.1279297918081284 0.2856805026531219 0.4107623472809792 0.3032126128673553 31.01393427699804 4.408584631979465 28.03256127238274 7.329758323729038 4.137060321867466 0 0.1371513158082962 0 0 0.1220113784074783 0 0 3.300583928823471 2.440232411026955 0.1112156137824059 0 0 1.279025867581367 0.2544989287853241 0 0.1326395124197006 0.1150673031806946 0.29393570125103 3.578515663743019 0 0.126849964261055 1.258324161171913 50.37665656208992 0.232368029654026 1.047966122627258 0.3099395036697388 0.6110664308071136 0 0 0.09059685468673706 0 0 71.877834379673 1.989089481532574 0 0 0 16.91804220527411 1.004025831818581 12.28547520935535 5.113475531339645 2.302819140255451 0.5741323605179787 0.452484704554081 1.229256458580494 0.09834767132997513 0 0 0 0 0.1385887712240219 0 0.1334672123193741 25.94707883149385 6.418485604226589 19.16038711369038 182.8556043952703 7.70189892500639 55.42733417451382 13.96651630103588 259.690447062254 12.36423211544752 0.1371794790029526 49.17067828774452 57.68194891512394 0.5840088054537773 15.73364559561014 0.1346901506185532 43.60038225352764 1.81806281208992 0 3.816000655293465 0.8397011905908585 0.481679230928421
243.9682340025902 483.4982273727655 169.1720300540328 1105.689291395247 210.4374391660094 106.6361950933933 1885.005575589836 80.94282031804323 3534.386831790209 4239.103918343782 3440.948522567749 3549.350816115737 0 2782.461271062493 13.95663263648748 13.14013321697712 0.9182902574539185 0.1917287856340408 0.2115542143583298 0 0.390613429248333 0.2967436760663986 0 0.1051144450902939 19.66217275708914 1.14540296792984 2.861832231283188 1.762856863439083 0.8893370181322098 0.2996598184108734 61.42597537487745 8.663739256560802 753.1459312438965 0 1.819033198058605 53.41924743354321 357.8017550781369 24.70622520148754 66.2830102071166 23.05038423091173 13.96453931927681 11.93527830392122 0.5246353819966316 7.333635039627552 0.07875945419073105 0.5245229452848434 96.65278950333595 5.69211433082819 1.339113779366016 0.9900663048028946 3.213752023875713 0.5410547852516174 0 5.840706765651703 1.262280903756618 6.028534941375256 9.462376087903976 38.62892446666956 1.765751637518406 7.444601848721504 5.570568099617958 12.16440334171057 16.31417187303305 7.636568672955036 2.745078384876251 4.035244502127171 4.518129073083401 2.017262414097786 2.317033402621746 3.947715982794762 795.3534622788429 62.66720202565193 0.6281862258911133 15.03244867920876 20.33035624027252 24.79332894086838 52.85068766772747 28.68012031167746 0.9226591289043427 135.5199335217476 3.605259940028191 12.7899457514286 4.446593336760998 0.3545161634683609 2.095843784511089 3.305836163461208 1.350351184606552 0.2400105819106102 1.368902340531349 0.2011123299598694 0.8569996953010559 0 6.416229076683521 1.49602372199297 5.100639276206493 3643.15941286087 14.02451784908772 0.2898447215557098 20.8869117051363 23.50699993222952 6.549231007695198 0.9756353422999382 41.63615895807743 3.041272237896919 18.62593904882669 162.3562148660421 46.59816689789295 236.7452502176166 45.20250449329615 25.41228401660919 81.60460023581982 192.9763565659523 82.23668044060469 84.06076358258724 163.9046059027314 0.1964530497789383 0.2818802744150162 0 0 0 0 0.3638365566730499 0 0 0 0.6665801703929901 0 0.5573426559567451 0.8983522653579712 0.1307903528213501 0 0.1490817666053772 1.097709819674492 0 4.119476698338985 1.517199523746967 0 0.1926758289337158 0.1466732174158096 80.17652248591185 15.77329613268375 91.29533484578133 12.82581525295973 4.371123567223549 0 0 0.2853873074054718 0.2046280056238174 0.3682141155004501 0 0 4.908567294478416 6.201051026582718 0.5830234959721565 0 0 1.838426813483238 0.3297485858201981 0.1493767201900482 0.65552768856287 0 1.952127508819103 8.550453186035156 0.2355806976556778 0.2347884923219681 3.973509401082993 148.4665755629539 1.574964590370655 0.8618327006697655 1.970713280141354 0.6140628382563591 0.3616781681776047 0 0.4091918542981148 0 1.026172377169132 277.9753829315305 5.398755013942719 0 0 0.3671588748693466 51.82647141814232 4.759767532348633 41.43328384310007 13.70988608896732 5.594850167632103 2.393783718347549 2.785771235823631 0.6246693208813667 0.8824220448732376 0 0 0 0.8291342705488205 0.09766331315040588 0.1293076425790787 0 68.87690655142069 24.84449077397585 48.55357055366039 605.1776457428932 52.44762229919434 328.1359145194292 84.56083226203918 302.4987272471189 40.78873782604933 8.630754612386227 239.9068738892674 141.6514020860195 2.94445563107729 37.18107724189758 1.223255917429924 116.1494745537639 4.52451478689909 0.4276556670665741 5.6440200060606 11.84161800146103 1.389657810330391
