0 3166.238391675055 162.8738089501858 1469.363059677184 658.7712384015322 34.37748939543962 1151.779768034816 29.32233687490225 131.803264670074 1913.727514661849 295.7591062188148 253.7481397688389 396.0077500194311 54.77163632214069 10.1244917139411 0.07845941931009293 0 0.1635024547576904 0 0 0.1581039726734161 0 0 0 0 0.1662676781415939 0 0 0 0 630.4933039024472 4.630733259022236 6.756456360220909 0 0 0.3730423152446747 3.101873189210892 0 1.804611876606941 0 0 0 0 0.2009269073605537 0 0.1523353010416031 70.40327040106058 5.108503870666027 0.2688862159848213 0.09110457450151443 0.514044314622879 0.9021996259689331 0 0 4.12878379970789 3.884027607738972 200.218596316874 827.3598997294903 17.06747186928988 17.45380904525518 0.1565522849559784 1.853582069277763 0 29.3876044601202 3.848521530628204 2.177779749035835 3.612820334732533 0.7354851141571999 0.4607492238283157 0 22.92207855731249 45.12399592995644 0.5024846196174622 158.4524945393205 41.15981388837099 54.68324039876461 9.2163415402174 0.3642428666353226 1.90488113462925 9.411067418754101 0.2936696782708168 1.905313082039356 20.54012849926949 0.2101507410407066 3.622625157237053 1.681985422968864 1.754703499376774 0.5051930695772171 1.263040632009506 0.7062052190303802 0.7501898258924484 0.640220046043396 0.3168559372425079 0.2857596874237061 0.2906139492988586 227.1509977132082 28.02928365021944 1.489494234323502 1.648300476372242 1089.436305254698 0 0 0 0.7070443630218506 0 1.977231226861477 0.3979564905166626 0 0 3.893646731972694 0 2.527725949883461 2.005866646766663 1.124751195311546 1.085009306669235 0 0 0 0 0 0 1.124906450510025 0 0 0 0 0 0.1132481098175049 0 0 0 0 0 0 0.2277377247810364 0 0 0 0 1.459442466497421 0 1.555841147899628 0.8054876029491425 0 0 0 0 0 0 0 0 0 0 0 0 0 0 0 0 0 0 0 0 0 0 0 0.3206857144832611 0 0 0 0 0 0 0 0 0 3.560274690389633 0 0 0 0 0 0 0.3441373407840729 0 0.4689323604106903 0 0.2291911244392395 0 0 0 0 0 0 0 0 0 2.960893511772156 0.2649429142475128 1.27495177090168 128.6844788342714 14.11857513338327 102.9146420061588 15.83622899651527 1088.961979389191 74.57246754318476 2.66488691419363 13.49983914196491 2.731101706624031 0 0 0 2.393525958061218 0 0 0.1250502318143845 8.091230250895023 0
3166.238391675055 0 937.0391053706408 542.8117770776153 4581.023426555097 190.4282150268555 3338.407745942473 139.2625403404236 1772.728282541037 489.9168004244566 1619.393651053309 115.8089890927076 284.6974350884557 382.6833998188376 37.39662554115057 6.736868485808372 1.039331361651421 0.2429952621459961 0 0.3699456304311752 0.1282414793968201 0 0.1200451105833054 0.1911754608154297 0.1677513718605042 1.116666123270988 0.1474496126174927 0.132094070315361 0.6688788086175919 0 3104.848388299346 52.44735953956842 4.436149515211582 0 0 0.1805491596460342 2.194250285625458 0 3.535560876131058 0.2046366035938263 0.2337965592741966 0.49032261967659 0.1266581416130066 1.394907146692276 0 0.2776110619306564 199.4137775748968 8.82362175732851 0.928168423473835 0.2480882555246353 1.637911237776279 0.5110930800437927 0.142413854598999 0.2727776020765305 8.197943672537804 7.108019329607487 63.48688079416752 608.761322915554 12.53955371677876 38.1692635640502 1.634280033409595 2.771807998418808 0.1057232841849327 178.0439408421516 8.964468434453011 5.81725799292326 6.182464845478535 3.018315464258194 0.3980478346347809 0.3654584661126137 23.81544698774815 6.852400720119476 0 212.2386131957173 147.1289136856794 184.739285826683 86.36731788516045 5.612846590578556 5.574224717915058 96.49173938483 1.44318863004446 6.698871269822121 37.47737304866314 0.2778613343834877 9.688822209835052 4.003824487328529 1.972922146320343 0 1.407987356185913 0.2761927992105484 0.4732391685247421 0.6284201964735985 0.2162135988473892 0.2207600101828575 0.7922286987304688 104.1095338091254 43.97712083160877 0.3053478598594666 5.670805908739567 761.3454749360681 1.590198263525963 0.7106962651014328 0.8415924310684204 1.049843713641167 0.2163084149360657 14.07624112069607 3.283345311880112 2.09071059525013 5.763995245099068 14.61079673469067 0.4272883683443069 20.48185691982508 12.80088648200035 13.62622126936913 13.53146917372942 0.5490703731775284 1.252379462122917 0 0 0 0 0 0 0 0 0 0 0 0 0 0 0.463413417339325 0 0 4.847340293228626 0.2198015749454498 0 0 0.2167233228683472 8.570041351020336 3.739123210310936 21.73753103613853 6.534543834626675 2.037841767072678 0 0 0 0.3159927129745483 0.2807521522045135 0 0 0.3239111006259918 3.863184690475464 0 0 0 0 0 0 0 0 1.364373877644539 1.675094798207283 0 0.3163391202688217 0.1986492127180099 6.837920546531677 0.1904428452253342 0.1741530001163483 0.1052836179733276 0 0 0.2417998686432838 0 0 0 31.46271707117558 5.922056451439857 0 0 0 0.4312215447425842 0.5308726578950882 3.529579222202301 1.927850462496281 6.68468039482832 2.472560822963715 2.265822052955627 1.401288911700249 0 0 0 0 0.1084073036909103 0 0.241974376142025 0.38064044713974 16.91569469124079 4.746782287955284 10.47046678513288 224.4489939138293 27.46275682747364 280.0020757392049 39.12266651540995 1372.318113133311 109.4396306946874 5.720227770507336 46.38841409981251 6.681766517460346 0 7.657062843441963 0.9627770632505417 9.752614200115204 0.7812958657741547 0.3909578323364258 1.405161328613758 40.57348480820656 1.563603401184082
162.8738089501858 937.0391053706408 0 8.635909795761108 1099.310727439821 3.454539030790329 126.9931397140026 1739.461237892509 1364.887194909155 26.3384183421731 3773.628961846232 28.21486605703831 211.9001763835549 1041.800914444029 29.64250712096691 46.92478106170893 10.40182241797447 0.1129280254244804 0 1.274945214390755 2.172595746815205 0 2.22100418806076 1.09980046749115 1.336585514247417 0.7343407422304153 0.6703445538878441 0.47193593531847 0.3579812869429588 0 2779.325690224767 299.7748610898852 27.10605698078871 1.673886731266975 2.224829494953156 8.120903097093105 15.39359989762306 1.569641172885895 15.13848498463631 0.9194082468748093 0.8248471990227699 1.239836409687996 0.4866279736161232 10.24278119951487 0.7528816014528275 1.595126122236252 64.31242483109236 2.705781280994415 0.2956071346998215 0.9784839376807213 1.112112708389759 0 1.090432360768318 0.9715566709637642 1.518810875713825 1.419693350791931 12.44399283826351 144.6152574345469 3.334437057375908 7.782217860221863 15.48562423884869 20.67902944236994 1.218982391059399 380.3712253347039 1.345758847892284 1.367910407483578 1.854805484414101 2.708524383604527 1.068152025341988 3.455067694187164 37.91908518224955 15.79160667955875 0.368234783411026 46.31383716315031 68.59985604137182 46.80225735902786 82.97846040129662 29.0689130872488 470.2985128089786 1154.851644940674 42.57159839570522 272.6295487657189 5.979993380606174 0 2.192967846989632 0.7147563993930817 1.537224225699902 0 0.5227797776460648 0 0.09914480894804001 0.6618616059422493 0.8068617582321167 0.2954090237617493 0.5312609374523163 43.33997930586338 46.1550754904747 0.5180481821298599 20.04901610314846 45.7346710935235 1.272390648722649 0 0.4616490006446838 0.4069917947053909 0 12.07583709061146 1.115643545985222 2.26039731502533 2.348398879170418 14.67491849511862 0.2828408479690552 20.40697984397411 13.60650344192982 13.95304793864489 13.29893220216036 1.770075961947441 0.434668242931366 0 0.9336073845624924 0 0 0.5898391678929329 0.1800074726343155 0 0 0 0.1289417296648026 0.2967089712619781 0 0 0 0.2027026563882828 0 0 6.742428198456764 0.3290402367711067 0.2955846786499023 0 0 18.20166026055813 4.846348315477371 22.59780106693506 7.334341943264008 2.941114217042923 0 0.640426829457283 0 0.1649712175130844 0.5305067971348763 0.2189082428812981 0 2.346846163272858 4.746140882372856 0.2297998666763306 0.3595560789108276 0.170663982629776 0.371513158082962 0.4482780992984772 0 0 0 0.4984332472085953 2.229788728058338 0 0.3077132701873779 0.7216414511203766 10.80877212435007 0.1196559146046638 0 0 0 0 0.1084566712379456 0 0 0.09148171544075012 30.90233982354403 5.534991919994354 0 0 0.3993012085556984 0.1731706559658051 0.2476594150066376 1.45954230427742 1.281616106629372 8.887153595685959 1.672465413808823 3.417211264371872 0.2188059687614441 0.332322359085083 0 0 0 0 0 0 0 14.98646275699139 7.178925663232803 16.4727778211236 150.0855441316962 22.03068006783724 132.6827714070678 29.1253075003624 136.5802664533257 34.5158519372344 2.080540023744106 37.98460734635592 11.20217322558165 0 6.185355804860592 0.8285765200853348 12.12716992199421 0.1844355911016464 0 1.287575781345367 77.74245452880859 0.6065207123756409
1469.363059677184 542.8117770776153 8.635909795761108 0 93.27247761934996 356.6389358788729 724.0187275186181 0.2953916788101196 131.9654490351677 1103.109273515642 3.644175574183464 678.9514988809824 1579.921337559819 114.1829893290997 7.750985741615295 1.306681737303734 0 0.1565499752759933 0 0 0.1285069435834885 0 0 0 0 0 0.1454424113035202 0.1608469933271408 0.197406068444252 0 39.71142592281103 3.851201601326466 0 0.1132518872618675 0 0 2.188020393252373 0.2816174328327179 1.909046478569508 0.107914075255394 0 0.3107259646058083 0 0.1089078113436699 0 0.1248717829585075 31.74642526358366 1.284114323556423 0.1977380365133286 0.1118401512503624 0.1305999904870987 0 0 0 1.426811747252941 0.5005097314715385 10.10267359763384 24.56534352898598 1.210919141769409 5.838885679841042 0.3813615590333939 0.07790090143680573 0 22.90064771473408 0.834039144217968 0.8018430843949318 1.174772173166275 0.09528803825378418 0 0.08348154276609421 45.65524765104055 4.308099985122681 0 21.17809021472931 25.60936333239079 31.72972739487886 20.67985501140356 0.9371215179562569 0 4.260463818907738 0.4065945595502853 0.4120303243398666 3.525950208306313 0 1.014540679752827 0.2241812273859978 0.2981019467115402 0 0.09594143182039261 0 0.08940325677394867 0 0.4068521857261658 0.297759473323822 0 55.85600763559341 9.309582203626633 0 4.212841883301735 199.1034249737859 0 0 0.8316958546638489 0.2437696754932404 0 4.679360054433346 1.850467145442963 1.037120349705219 1.171840742230415 6.534754559397697 0.224577784538269 11.83575926721096 5.831348553299904 6.331546574831009 4.94842828810215 0 0 0 0 0 0 0.2743985950946808 0 0 0 0 0 0 0 0 0 0.1966886669397354 0 0 0.7898788005113602 0 0 0.5837622880935669 0 5.128515660762787 2.293904706835747 6.968166701495647 3.229936577379704 0.5353327617049217 0 0 0 0 0 0 0 0 0.8217907696962357 0.2003217339515686 0 0 0 0 0 0 0 0 1.253065541386604 0 0 0 3.774216264486313 0.5557071566581726 0.1845199465751648 0 0 0.2655291855335236 0 0 0 0 12.9087098389864 0.9331167340278625 0 0 0 0.157500296831131 0 0.9435596764087677 0.3852865546941757 2.341522000730038 0.7111982256174088 0.3659107685089111 0.6235693544149399 0 0 0 0 0 0 0 0 5.357465982437134 4.751032024621964 4.991183072328568 76.7088395729661 4.67475189268589 57.12086276710033 6.781117923557758 550.8317472338676 14.33049347251654 0.7474085837602615 12.83866056799889 1.635732099413872 0 1.624062970280647 0.9965771436691284 6.093778595328331 0 0 0.5988420695066452 0.2414541095495224 0.3134351074695587
658.7712384015322 4581.023426555097 1099.310727439821 93.27247761934996 0 11.622249096632 2068.68588694185 414.3211215361953 5244.425714537501 195.393055729568 2861.211114414036 120.0796429738402 351.203914500773 1071.080956585705 30.48568145185709 8.651977770030499 0.8258771598339081 0 0 0 0.08402111381292343 0 0 0.1518679857254028 0.09781672805547714 0.6148812547326088 0.1068669930100441 0.5107722207903862 0.9884983599185944 0.1349194198846817 1013.084754884243 76.34389432519674 4.220246270298958 0.6091293692588806 0 0.5692918077111244 3.022196307778358 0 3.072377793490887 0.1110090315341949 0 0.2111784517765045 0 0.8493743911385536 0 0.3901439756155014 117.424714975059 5.549345105886459 0 0.1132381707429886 0.959725558757782 0.1192109733819962 0.1580445468425751 0.3800347596406937 6.113459177315235 5.248803868889809 11.56291223317385 113.4922760426998 4.315114714205265 21.09579616039991 1.621232241392136 1.511603087186813 0 101.4142905250192 4.913723632693291 3.054030515253544 3.172519624233246 1.572471596300602 0.2404236197471619 0.298898920416832 24.5523597151041 9.851602785289288 0 79.57014449685812 74.94449943304062 115.161901332438 79.68464660644531 7.3741644769907 6.473954543471336 106.4968644306064 1.049269251525402 9.555466249585152 16.26342935860157 0.08408163487911224 3.498499624431133 3.210234485566616 1.683920674026012 0 0.9561588764190674 0.2036066502332687 0.7455756813287735 0.6155777350068092 0.3268923759460449 0.3926968649029732 0.1088012084364891 71.1578905954957 36.8230082243681 0 8.859264761209488 60.46071247011423 1.082587137818336 0.1293312311172485 1.575194574892521 1.034407615661621 0.725635290145874 14.19073120504618 1.9670330286026 2.781069830060005 8.09386695176363 18.87916471064091 0.1370631754398346 30.01686759293079 16.04393760859966 12.80682961642742 13.33298663049936 0.3807171583175659 0.3800437152385712 0 0.3754003196954727 0 0 0 0 0 0 0 0 0 0 0 0 0 0 0 2.906031966209412 0.530057467520237 0 0 0.2105186581611633 10.03139096498489 5.220397651195526 22.99940463900566 3.410563930869102 1.534113131463528 0 0 0 0 0.1382901817560196 0.3261286318302155 0 1.061876088380814 0.7789195626974106 0 0 0 0.1889969110488892 0 0 0 0 0.2095110267400742 1.530699253082275 0 0.1288672387599945 0.7488078325986862 8.928816229104996 0.9790762811899185 0.08614788204431534 0 0 0.08537773042917252 0 0 0 0 34.80457621067762 5.447787404060364 0 0 0.1102114394307137 1.059654325246811 0 2.875467449426651 0.2385831475257874 6.714669153094292 1.496601313352585 3.410954788327217 0.3110355883836746 0.08034100383520126 0 0 0 0.1849992871284485 0 0 0 12.45903067290783 7.511556804180145 9.67314201593399 133.0719076916575 27.88319987803698 185.9996359199286 35.39089186489582 356.8482617139816 60.40484667569399 3.236399710178375 32.37623608112335 8.490624703466892 0.4136734902858734 2.419096522033215 0 12.94126455485821 0.4664128422737122 0.327019065618515 1.020610488951206 9.97399015724659 0.2316732779145241
34.37748939543962 190.4282150268555 3.454539030790329 356.6389358788729 11.622249096632 0 136.9382965564728 0.5925472155213356 27.05669042468071 549.4257846772671 10.41897693276405 311.8312736451626 240.8278133273125 56.14404055476189 0.5390362739562988 0.6220429465174675 0.1599770337343216 0 0 0 0 0.7532287240028381 0 0 0 0 0 0.3147646188735962 0 0 14.28526344895363 0.4338817149400711 64.6120535582304 0 0 0.7184447944164276 31.63513213396072 0.697513222694397 12.88059791922569 0 0 0.1508254110813141 0 0 0 0 1.543258056044579 0 0 0 0 11.12275224924088 1.408076539635658 1.150790587067604 0 0 94.82665534317493 6.32170020788908 1.535218924283981 0.4813607335090637 1.243003442883492 12.29564175009727 0 1.73478502035141 0 0.09609490633010864 0.1274210065603256 0 0.1532778441905975 0 199.691203430295 303.2685308903456 8.411398321390152 1.23729269951582 0.9990172609686852 0.7770154774188995 0.7061415612697601 0.4184083640575409 0.1807363927364349 50.54122784733772 0 9.176817074418068 0.58658666908741 0 0 1.028605565428734 0 4.291862681508064 2.419345252215862 20.50432659685612 1.537156000733376 4.982214346528053 0 0 1.250118970870972 309.8236169964075 239.7436618804932 50.7352699637413 17.09079304337502 347.1552323698997 0 0 0 0 0 0.8011098802089691 0.3764864504337311 0.404019758105278 0.5106351971626282 1.367855608463287 0 0.5816193819046021 2.160502925515175 0.364039421081543 0 0 0 0 0 0 0 0.1841686964035034 0 0.2542803883552551 0 0 0 0.1380047351121902 0.5577407777309418 0.3403928577899933 0 0.2089899033308029 0.1673451960086823 0.3009641319513321 0 0 0.8341369032859802 0 0 0.6010612547397614 0 1.210820183157921 0 1.462714582681656 0 0 0 0 0 0.686155766248703 0.2194317579269409 0 0.1687595546245575 0 0 0 0.940675362944603 0 0 0 0 0 0.315637618303299 0 0.1216880157589912 0.6102778762578964 0 0 0 0 0 0 0 0 0 0 2.193837508559227 1.534181028604507 0 0 0.133209228515625 0 0.5925291776657104 0 0 0 0 0 0.2076548784971237 0.1866730600595474 0 0 0 0 0 0 0 1.582487896084785 0 0.2122758328914642 24.9757432565093 0.6543871834874153 4.463770687580109 0.6656699255108833 122.9194313883781 0.3642458915710449 0 0.9344977736473083 1.067495435476303 0 0.8094318509101868 0 2.181070744991302 0 0 0.5588924884796143 0 0
1151.779768034816 3338.407745942473 126.9931397140026 724.0187275186181 2068.68588694185 136.9382965564728 0 38.07761395722628 2044.730108320713 1398.600470401347 349.9600619524717 437.0183015540242 1180.865846410394 343.0298413559794 40.20135819911957 8.520103476941586 0.6613400802016258 0.2291169911623001 0 0 0.6855011209845543 0 0.2313456311821938 0.1336441040039062 0.1399368792772293 0.5543403998017311 0.1851774305105209 0.2328940480947495 0.6292204484343529 0 231.3547153919935 24.67765889316797 2.365541554987431 0.08617164194583893 0.09349880367517471 0.1458863466978073 2.373375445604324 0.1008571609854698 5.787864714860916 0.1202964261174202 0.097055584192276 0.509875014424324 0.1843483150005341 2.127800524234772 0 0.4926571100950241 158.27808791399 6.354338392615318 0.2544729560613632 0.238145500421524 1.219448648393154 0 0.1536277532577515 0.6650006547570229 7.158077418804169 4.780189819633961 18.22804086655378 94.76838319003582 4.688261762261391 25.57913858443499 0.8102120980620384 1.066588267683983 0.08983657509088516 121.4413398578763 4.702784083783627 3.92353829741478 4.088195122778416 1.547275274991989 0.4474902227520943 0.1302916407585144 43.70786879211664 17.35778973251581 0.1499738395214081 82.99635691195726 102.7390802800655 150.2777442410588 101.8720683678985 6.788229689002037 1.074545234441757 10.1628493219614 1.338113978505135 2.615666061639786 19.25394681096077 0.6036224439740181 5.05930383503437 2.800030834972858 1.718437433242798 0.1071531623601913 1.597330838441849 0.4209997057914734 0.8286581486463547 0.4229279533028603 0.2771279215812683 0 0.2369314432144165 276.8110312148929 71.86649194359779 0 13.01369421184063 108.8902043402195 1.712729327380657 1.291934758424759 2.666157692670822 1.996400713920593 1.228010311722755 35.64562775939703 6.251483306288719 6.91509647667408 19.45036741346121 49.01126465946436 0.8600841909646988 71.41396295279264 40.20265884697437 36.55150646716356 30.92437229305506 0.9758436381816864 0.8414003401994705 0.2281040698289871 0 0 0 0.1573241353034973 0 0 0 0 0 0.9319866448640823 0.2148762196302414 0 0.2683358415961266 0.2988350391387939 0 0 13.46899998188019 0.5264039784669876 0.157216876745224 1.070481538772583 0 25.57022280991077 8.853613756597042 50.81537294387817 11.89686831086874 0.9845681115984917 0.1540367901325226 0.1174191161990166 0.1244041323661804 0.1458788216114044 0.1737345010042191 0 0 1.195672512054443 5.874560743570328 0 0 0 0.2223362177610397 0.1398537904024124 0 0 0 0.650486022233963 3.977779626846313 0 0.2940261960029602 2.826889201998711 24.51562231779099 1.28023137152195 0.2561717629432678 0.3354704007506371 0.1776492297649384 0.0987837091088295 0 0.0930696502327919 0 0 86.52359062433243 3.69187530875206 0 0 0 1.628973722457886 0.5254087299108505 5.122222080826759 3.649503886699677 18.47334662079811 5.379137679934502 2.881863623857498 2.380677118897438 0 0 0 0 0.09333659708499908 0 0 0 37.7269708365202 17.39244191348553 22.39283115416765 272.3801612481475 37.82627882808447 268.1221663355827 51.68411771208048 702.8293851390481 78.38472629338503 5.231120400130749 49.37588246166706 10.60942698270082 1.836481317877769 7.107913218438625 0.6559861451387405 34.64274196326733 1.449761427938938 0 3.252378262579441 3.338316015899181 0.4699929505586624
29.32233687490225 139.2625403404236 1739.461237892509 0.2953916788101196 414.3211215361953 0.5925472155213356 38.07761395722628 0 848.3656126335263 3.276269435882568 3607.093103222549 11.81489823013544 165.9779011011124 1063.279228426516 61.58185971528292 110.5725236311555 27.39868693053722 0 0 7.108949676156044 7.515497788786888 0 8.521648190915585 3.57368415594101 3.741246446967125 1.829286210238934 0.630203552544117 1.468765214085579 1.201758287847042 0 707.2058294266462 1020.284660957754 85.85438191890717 9.105638056993484 6.510746456682682 21.90652916580439 29.29193569719791 8.247328348457813 25.8764858469367 5.20727526396513 3.755714535713196 1.695582143962383 1.613167196512222 21.31951034814119 3.019324950873852 6.955343157052994 114.1731298789382 4.588952213525772 1.047841273248196 1.167892150580883 2.419349186122417 0.2493993788957596 0.6288654208183289 0.505183607339859 1.736003965139389 2.681417927145958 7.040962181985378 50.51075557619333 2.434873647987843 9.274593941867352 59.80287548899651 65.91010677814484 5.693192556500435 255.3180434405804 1.547088257968426 2.328339368104935 1.540864869952202 6.042808957397938 6.852700181305408 10.75625228881836 24.79778801649809 15.17267896980047 0 43.14707523584366 73.65123055130243 87.40284786373377 244.1717251092196 248.4170459583402 1222.914310887456 1410.338706709445 193.4184261783957 993.53337700665 6.613729029893875 0 2.748148642480373 1.444733396172523 5.469911471009254 0 1.709992714226246 0.1217333450913429 1.181982174515724 0.9275473207235336 1.133069239556789 0.9505380243062973 0.9070507064461708 17.5765458792448 13.55632654577494 0.3250318765640259 12.91150846332312 6.777645841240883 0.3125000596046448 0 0.9691415727138519 0.1333790868520737 0.1119940578937531 4.158712208271027 0.6100820004940033 0.3664405792951584 1.294983699917793 4.424010835587978 0.1220426633954048 9.284067571163177 3.020809039473534 5.909848973155022 5.108754090964794 0 0.2402579188346863 0.1646734476089478 0.4527437463402748 0 0 0 0 0 0 0.3299632668495178 0.1469040215015411 0 0 0 0 0.1404984146356583 0.282098650932312 0 2.97282962501049 0 0 0.3367418050765991 0 5.328968577086926 1.381935931742191 8.692337267100811 3.962050072848797 1.631253197789192 0.2911778390407562 0.423022672533989 0.1349249184131622 0.2742322981357574 0 0.169964998960495 0.1266584396362305 0.6413762867450714 0.4737982079386711 0 0.4549383521080017 0.1274945437908173 0.1280754059553146 0.4304175823926926 0 0 0 0 2.228895634412766 0 0 0.505508229136467 2.977979078888893 0.427122451364994 0 0 0.08166883885860443 0.1606960892677307 0.2295364290475845 0 0 0 12.87322198599577 2.355709627270699 0 0.1352386921644211 0.5238452777266502 0 0 1.269230037927628 0.3913427367806435 3.365647211670876 0.617166705429554 0 0 0.1222978755831718 0 0 0 0.2565093040466309 0 0 0 3.729792185127735 2.885878026485443 6.264518357813358 256.8902239277959 33.40103110671043 248.2297281473875 53.82271105796099 89.97299148142338 45.66127896308899 1.6179508715868 69.67710214853287 5.283295758068562 0 2.044836990535259 0.2937295660376549 6.422628581523895 0 0 1.236399114131927 20.54996636509895 0.8191834166646004
131.803264670074 1772.728282541037 1364.887194909155 131.9654490351677 5244.425714537501 27.05669042468071 2044.730108320713 848.3656126335263 0 348.4660815000534 4954.420649603009 193.2259271964431 1374.93512313813 1498.486586779356 44.47171285003424 22.13974636048079 1.417513534426689 0.5417393073439598 0.09404749423265457 0 0.1233788952231407 0 0.5908101126551628 0 0.2147713378071785 1.090987220406532 0.3180697709321976 0.6673666462302208 0.1327999532222748 0.1094371974468231 224.2814315259457 51.44675095379353 17.73701670765877 0.08875671774148941 0.1473745256662369 0.3468180224299431 12.17437529563904 0.09070772677659988 7.027677357196808 0 0.09792909771203995 0.6980241313576698 0.1081059798598289 3.850414805114269 0 0.5320575907826424 144.4849232882261 3.208785332739353 0.3249481096863747 0.1075892820954323 1.221513710916042 0.1381537169218063 0.1425557732582092 0.6960048004984856 2.486173234879971 3.437500365078449 9.776707552373409 52.45355933904648 3.549842238426208 14.37985119223595 1.251123197376728 1.408849634230137 0.09230850636959076 82.60619492083788 2.363990359008312 2.370750300586224 2.470334213227034 1.056552574038506 0.222169391810894 0.2992819398641586 57.81897372752428 25.93847012519836 0.1373635530471802 55.55333473533392 79.0253488868475 119.9320500344038 126.418822735548 18.16085927188396 1.44211533665657 78.25997040420771 1.581941783428192 3.215674020349979 10.1667427495122 0.1209735423326492 2.70171982049942 1.766132995486259 1.346979275345802 0 0.4745736941695213 0.0996500700712204 0.5516603961586952 0.5604643598198891 0.4742921814322472 0.1740280091762543 0.5666565373539925 235.3245371356606 81.2595324665308 0.2799506783485413 15.91719033569098 25.90535930544138 5.108472660183907 2.555922269821167 2.472083061933517 2.580857574939728 0.2530247271060944 49.67041072994471 8.695103757083416 7.66852268576622 24.99867004901171 74.75070931762457 3.906857013702393 96.78944260627031 59.57595033198595 57.62785568088293 45.53690247237682 2.241551324725151 0.8973911553621292 0 0.9551868885755539 0 0 0.1941471546888351 0 0.2687932550907135 0.2071345001459122 0 0 0.8360734581947327 0 0 0 0.3305801153182983 0.4737072139978409 0 15.0625602081418 1.440307468175888 0 0 0.1346633583307266 40.00096483528614 9.261582501232624 60.53589079529047 14.18678664416075 3.023255929350853 0 0 0.2011718451976776 0.4242927432060242 0.203485369682312 0.6236216947436333 0 3.878856964409351 6.457449093461037 0 0.187752366065979 0.2403665110468864 0.3857458606362343 0.1395644396543503 0 0 0.09435742348432541 0.6091355979442596 6.198675878345966 0 0.7467770576477051 0.9190812557935715 22.24707704782486 4.288514010608196 0.1657115966081619 0.3097461462020874 0 0.09141533076763153 0 0 0 0.1888789534568787 131.3735787719488 6.616113379597664 0.1334751695394516 0 0.2314330711960793 4.040267400443554 0.5564576983451843 7.706675104796886 2.141320087015629 20.00737504661083 6.255281344056129 6.929862670600414 3.286700628697872 0.3117875754833221 0 0 0 0 0.1249564290046692 0 0 72.7466294541955 24.7189988642931 31.12317395955324 361.4601102396846 36.7331982627511 289.2683365270495 64.04615911841393 336.4870470911264 80.3180396258831 3.296677902340889 77.05903881788254 17.80876608937979 0.4206872135400772 15.03362834453583 1.08745963126421 45.12855207920074 0.7003386542201042 0.2798164486885071 4.866716645658016 12.58077309280634 1.892375893890858
1913.727514661849 489.9168004244566 26.3384183421731 1103.109273515642 195.393055729568 549.4257846772671 1398.600470401347 3.276269435882568 348.4660815000534 0 38.21119382232428 1646.752573721111 6241.16143643856 306.3743683025241 13.18607210367918 2.02573199570179 0.2901221141219139 0.1958013027906418 0 0 0.120357058942318 0 0 0 0 0.261979378759861 0 0.1650722324848175 0.1043670848011971 0 53.91050659120083 4.96331787109375 7.919270001351833 0 0 0 15.5008279979229 0 8.241166159510612 0 0 0.1466670334339142 0 0.4744090437889099 0 0.07840313762426376 52.42648556828499 1.117694437503815 0.1907147392630577 0 0.1538119912147522 0.1830767393112183 0.3809782266616821 0 1.70727152377367 0.4654533639550209 46.10673971474171 30.45119071006775 2.116768538951874 7.031201586127281 0.3454828634858131 2.453421607613564 0.5810515284538269 37.30970062315464 0.8828637823462486 1.370159946382046 1.043760254979134 0.1557573080062866 0.08864711225032806 0 209.2052435427904 59.54432667791843 0.3846142888069153 30.57673718780279 34.31989971548319 42.15657801926136 25.17705710977316 2.305418588221073 0.4028133079409599 22.60973075032234 0.4524902179837227 1.27054088562727 5.620164319872856 0 1.773445345461369 0.8487012833356857 0.6757510751485825 0.9908975660800934 1.007142931222916 1.987383171916008 0.1004828065633774 1.012781277298927 0.1379618942737579 0 0.1777878403663635 383.1783129870892 66.31748448312283 0 17.90930497646332 863.603961519897 2.248007155954838 1.071342408657074 2.167559519410133 0.3327779322862625 0.3670284748077393 34.26161623746157 9.347499839961529 5.807185873389244 13.43367766588926 43.47510450333357 2.489807635545731 57.73661801218987 35.21230487525463 35.76285430788994 23.40418803691864 0.4447014704346657 0.9212137311697006 0.3881443738937378 1.108837440609932 0 0 0 0 0 0.2489733099937439 0 0.102921187877655 0 0.2355466336011887 0 0 0.2248655259609222 0 0 10.61408004909754 0.2122388780117035 0 0.2904156744480133 0.2184101790189743 26.44077203422785 7.578890770673752 36.3509704247117 10.09271958470345 3.315550588071346 0 0 0.2022299915552139 0.1693414300680161 0 0.158073216676712 0 1.161119818687439 6.737847149372101 0 0 0 1.535749852657318 0.1850854009389877 0 0 0.2471259087324142 0.6655193418264389 6.157241269946098 0 0.8894581496715546 1.211141720414162 18.35411629080772 1.863753899931908 0.8642673343420029 0 0 0 0.402934730052948 0 0 0 66.68130841851234 5.427283570170403 0 0 0.1158151254057884 1.20172880589962 0.1256612688302994 5.111899226903915 3.908200047910213 13.46245267242193 3.071079067885876 3.219274029135704 1.870278671383858 0.4648431986570358 0 0 0 0 0.1631223857402802 0 0 42.79234278202057 9.168918192386627 20.89326588064432 482.7941955253482 13.10909279435873 104.4179873839021 12.6031052544713 1417.199118688703 23.79221069067717 1.820523284375668 23.1720897257328 15.7132942378521 0.5647782832384109 6.689595088362694 1.161761105060577 35.3293629437685 0.180986762046814 0.1338247060775757 2.039551600813866 1.636232793331146 0.273445725440979
295.7591062188148 1619.393651053309 3773.628961846232 3.644175574183464 2861.211114414036 10.41897693276405 349.9600619524717 3607.093103222549 4954.420649603009 38.21119382232428 0 74.18671652674675 1222.312875494361 3113.449506439269 104.8848182335496 118.9162576049566 15.92479977011681 0.3835543841123581 0.3807536140084267 0.6424676701426506 1.989215515553951 0 2.775895014405251 1.257080815732479 1.246751740574837 1.337933339178562 0.679892286658287 1.912669189274311 1.114104732871056 0.3672850728034973 949.2336180359125 587.171433262527 149.1828746125102 2.341535121202469 2.7162000015378 12.37161622196436 67.63413927704096 3.953933633863926 26.66770666837692 2.542150765657425 0.7674238756299019 2.07560096681118 0.7915148288011551 19.67011331766844 0.6350465416908264 2.542839087545872 229.1658365130424 6.008028462529182 0.4201976433396339 0.8260239139199257 2.797259278595448 0.3857769966125488 0.5899276435375214 0.4895792230963707 4.648329019546509 5.231206171214581 13.15697976201773 94.08279582113028 5.464460372924805 21.07186804711819 11.33494380861521 43.82549469918013 1.791173681616783 155.3644799664617 3.81439995020628 3.313693232834339 2.479195304214954 2.404031917452812 2.284289978444576 3.415753424167633 107.4297864660621 24.6857812255621 0 73.6997824087739 102.0527893528342 169.9512450098991 238.9431259781122 64.11475528776646 57.04741726815701 1951.490490816534 18.26885791867971 218.3331746160984 13.32277344167233 0.4631940945982933 6.777950957417488 3.397544294595718 2.146616607904434 0.101112462580204 1.967939727008343 0 1.691612377762794 1.376142159104347 0.5414035990834236 0.6795469895005226 0.9911601692438126 94.07831225544214 56.77466602623463 0.232692115008831 16.90748743712902 32.59443765878677 1.822522386908531 0.9011363014578819 1.50052672624588 1.479758784174919 0.6046561002731323 19.01962578296661 2.999312043190002 3.855340577661991 9.447951294481754 30.35424108803272 1.088103219866753 40.97666488587856 21.86961764842272 19.78786400705576 21.28186213225126 0.7029277160763741 1.314457848668098 0.2813801467418671 0.9976245760917664 0 0 0.1446042358875275 0 0 0 0.1244429349899292 0 0.3218917772173882 0 0 0 0.1328534185886383 0 0 7.877044200897217 0.1827980726957321 0 0.9189393669366837 0 16.49600604921579 4.159654580056667 27.80972234904766 5.506064049899578 1.833199433982372 0 0.1392807215452194 0 0 0.1353545337915421 0.4780300259590149 0 1.329972848296165 5.976788841187954 0 0 0 0 0.6618651077151299 0.4013947546482086 0 0 0.9201477468013763 2.289828598499298 0 0 1.348740667104721 10.82716822624207 1.880419254302979 0.1223969236016273 0.4489447399973869 0.09310732781887054 0 0.2183322459459305 0.103736437857151 0.1004506126046181 0 62.63172232359648 6.657822534441948 0.1009127199649811 0 0.3943159878253937 0.9913843870162964 0.6344757080078125 3.203440994024277 2.054246127605438 8.025263883173466 4.115239165723324 1.715340279042721 1.357857778668404 0.2249047830700874 0 0 0 0.1361491233110428 0.09849061071872711 0.1205741539597511 0.6665560603141785 29.86924394965172 13.3395132496953 14.77672910690308 554.0465888977051 70.81555334478617 474.6203435212374 115.7493042722344 297.0449570119381 104.9977424815297 4.802118077874184 147.7154779359698 15.68936393409967 0.4555396288633347 7.219757027924061 0.5318813696503639 19.6319797039032 0.54490827023983 0.2552089989185333 1.437048070132732 23.20257311314344 2.651484549045563
253.7481397688389 115.8089890927076 28.21486605703831 678.9514988809824 120.0796429738402 311.8312736451626 437.0183015540242 11.81489823013544 193.2259271964431 1646.752573721111 74.18671652674675 0 3568.123801350594 267.856382869184 12.10611502826214 12.06034101545811 1.632684998214245 0 0 0 0 0 0 0 0 0.2201712056994438 0 0 0.1210852265357971 0 20.61554128676653 1.636847540736198 54.86219504475594 0.129995197057724 0 3.36187045276165 88.16218337416649 1.141043275594711 21.07989349216223 0 0 0.2389552518725395 0 1.334970183670521 0 0.9844767674803734 21.14168810099363 0.4951291605830193 0 0 0.1682694777846336 0 5.729473970830441 0 0.1976916268467903 0.1995413228869438 5.182533629238605 5.292395547032356 0.3511187955737114 1.761213734745979 0.4655411541461945 12.65652675926685 0.4887915253639221 6.715025000274181 0.2525656223297119 0.1637125387787819 0 0.45411466807127 0.1994540169835091 0 173.2589353993535 33.67211475968361 0.2709147036075592 5.377331435680389 6.363462090492249 14.59305568784475 17.29515061527491 4.308254480361938 1.178634881973267 149.702558323741 0.6550626307725906 6.027562037110329 1.525806769728661 0 0.1594090163707733 0.1440525129437447 0.1825380846858025 0.4881898015737534 0.3116007521748543 0.3469199240207672 0.08934938907623291 0.2769080176949501 0 0 0.258522666990757 1374.004021003842 37.28311745077372 1.385696887969971 6.694213829934597 111.6745991557837 3.609514884650707 0.486223503947258 3.21809183806181 2.492297917604446 3.249333515763283 55.27535032480955 12.26700732111931 6.405637666583061 21.93625395745039 72.99630323052406 0.4268198609352112 99.76720357686281 61.15564381331205 57.48001765459776 37.92942436039448 0.8914560377597809 0.1207323893904686 0 0 0 0 0.4777554273605347 0 0.1601658910512924 0 0 0 0 0 0 0 0.262650191783905 0 0 16.52148312330246 0.4530194252729416 0 0 0.2370621860027313 25.03060855716467 7.053159594535828 27.40522024780512 6.03061355650425 2.35911899805069 0 0.39034503698349 0 0.6721556186676025 0 0.5611621886491776 0 3.667306303977966 5.539621964097023 0 0 0 0 0 0 0 0 1.15518057346344 7.504675783216953 0.8700771629810333 1.234069108963013 0.5833946466445923 13.73772285878658 2.157318152487278 0 0 0 0 0 0 0 0 95.85017812997103 6.616468787193298 0 0 0.160672590136528 1.440365433692932 0.1569466590881348 2.10873056948185 2.538149192929268 12.19557871669531 6.534176826477051 1.533486977219582 0.6736883893609047 0.1437496840953827 0 0 0 0 0 0 0 100.6356391310692 15.47818046063185 13.31808375567198 301.8557314202189 7.684438645839691 57.23537737876177 9.414706379175186 432.1131596565247 11.80922407656908 0.6171547621488571 26.02614942938089 11.70514187961817 1.955275297164917 11.71263244003057 1.086537092924118 38.22877412289381 0 0 3.279137119650841 0.8901839181780815 0
396.0077500194311 284.6974350884557 211.9001763835549 1579.921337559819 351.203914500773 240.8278133273125 1180.865846410394 165.9779011011124 1374.93512313813 6241.16143643856 1222.312875494361 3568.123801350594 0 2678.163090214133 55.12029632180929 71.2088119238615 5.534681543707848 0 0 0.8352175876498222 1.35978864133358 0.5016512274742126 0 0.2853370010852814 0.1104924455285072 0.9709979742765427 0.09769080579280853 1.353812634944916 1.146455861628056 0.2350439056754112 71.55252480506897 12.10405057668686 199.5574663877487 0.8008626028895378 0 10.82353411614895 324.7840802520514 5.70549938082695 32.26505652815104 0.6427877992391586 0.3072757720947266 0.4940578117966652 0.101962223649025 8.493722543120384 0.08362341672182083 1.717636503279209 95.69134856760502 1.616746082901955 0 0.2886509895324707 0.8963871672749519 0.5942090004682541 10.20394076406956 1.282190375030041 1.377035729587078 0.8844055607914925 7.093595385551453 18.77710117399693 2.302060425281525 6.909864708781242 1.654945947229862 52.92849250137806 0.6574760153889656 30.73466705530882 1.587358295917511 1.218494355678558 1.78246009349823 0.6562739163637161 0.2327114120125771 0.4566630274057388 509.9749842211604 60.26282899081707 0 25.83242715150118 32.40871559083462 69.41348362714052 88.784822255373 27.00331294536591 7.903203926980495 401.0794445127249 2.451140731573105 16.82760940492153 7.218006916344166 0.3088882490992546 1.528942242264748 1.193671122193336 0.8144593462347984 0 1.464966095983982 1.181401953101158 1.008780352771282 0.8431354984641075 0.7389118671417236 1.018801413476467 1.58135125041008 2336.42947268486 74.51981284469366 0.409901350736618 15.27709081023932 99.84668945521116 6.687920555472374 5.774823039770126 10.85201041400433 4.524034358561039 3.258856132626534 110.6013981327415 27.25449077039957 14.99653669446707 54.22052823007107 191.3958939239383 3.676223963499069 226.1881757006049 162.2579635605216 118.5496362447739 97.91733519732952 3.622535459697247 2.013205699622631 0.4423086941242218 0.83220574259758 0 0.5402634143829346 0.2240704596042633 0.2019953727722168 0 0.1177955940365791 0 0 0.1221513524651527 1.101823687553406 0.469042181968689 0 2.208016037940979 0.8557257503271103 0.2257819175720215 30.29513773322105 1.693066194653511 0.1106895878911018 1.301668360829353 0.3329869210720062 71.69867090135813 10.81042926758528 80.6660665795207 17.29809581488371 2.856859430670738 0 0.1343149095773697 0.4908601492643356 0.712960883975029 0.8245065361261368 1.178201481699944 0.1232479140162468 4.432519309222698 13.3464972153306 0 0.4393585398793221 0 0.3710033744573593 0.1647554337978363 0 0 0.1929886937141418 1.042129836976528 12.2179741486907 0.9304443597793579 0.7009141892194748 3.715382389724255 32.17627320438623 5.681894943118095 0.1357651054859161 0.298713743686676 0.2709237784147263 0 0.2664453983306885 0.2463265210390091 0 0 264.8440633639693 7.283408045768738 0 0.2235627174377441 0.4152008816599846 5.449285298585892 1.64479498565197 11.81464160233736 4.733583733439445 28.6245774179697 11.17677513509989 12.79308388382196 7.072561249136925 0.2759407758712769 0 0 0 0.09095995128154755 0 0.1151342988014221 0 210.5469062328339 37.59928112477064 43.26635450869799 633.3286850303411 42.21906321495771 275.6147628054023 74.14850026369095 486.631408572197 67.66105416417122 3.826854713261127 130.5317881032825 25.10126427561045 1.627697922289371 17.51495854556561 2.6344353556633 80.96218222379684 1.438387006521225 0.1791927218437195 6.392174489796162 3.090405084192753 1.557209260761738
