0 5044.854642525315 845.7625534906983 934.5203747749329 436.9671633243561 73.68573799729347 700.3563074469566 66.61208958923817 84.65646520256996 1055.952682211995 299.7552559375763 32.14859381318092 60.18305173516273 41.07471829652786 1.645972743630409 1.628844112157822 0 0 0 0.7815207093954086 2.565017618238926 0 0 0.6985229253768921 1.664617456495762 2.675151973962784 0 0.3233433216810226 0 0 226.5817986503243 1.594900958240032 1.546460539102554 0.2481765151023865 0.3727678954601288 2.04630022495985 1.536858469247818 0.2608775198459625 1.392698504030704 0.9918830096721649 1.654623866081238 1.028053924441338 0 0.1675459891557693 0.6795904040336609 0.1274659037590027 13.04875238984823 4.568079583346844 0.1230429038405418 0 1.544885784387589 0.1584392935037613 0.4715903997421265 0 6.645601622760296 12.79010034352541 218.8713329434395 605.261990301311 4.266335897147655 8.480687133967876 3.67361581325531 1.100451663136482 5.540541380643845 1.262123286724091 6.77969329059124 3.200108051300049 7.483759947121143 2.740054421126842 0.3730386793613434 3.628842517733574 12.28914999961853 24.04208286106586 0.4238947778940201 82.30804912000895 31.72038774192333 5.382528059184551 8.037895031273365 4.221483878791332 4.802223980426788 13.64232443273067 2.494667246937752 11.26431389153004 17.27582459151745 0.6275435388088226 0.964630663394928 12.34891336411238 0.5703927129507065 0.1467041075229645 0.715153232216835 0.2578426077961922 0.1840140894055367 0.09632040560245514 0.9755345731973648 0.1281271874904633 0 124.2027571797371 12.06941358745098 0.5201348960399628 1.380731776356697 1524.100414574146 0 0.4750949144363403 0.9819355905056 0.2758504152297974 0 2.898687690496445 0.6768022179603577 2.280326828360558 1.466665729880333 4.034872636198997 0.6512169688940048 12.84089823067188 5.430476516485214 3.209171697497368 2.501623526215553 0.09728024154901505 0.125768706202507 0 0 0 0 0 0 0 0 0.320404976606369 0 0 0 0 0 0 0.7187120169401169 0 0 0 0 0 0 0.5713128745555878 0 2.527842819690704 0 0.2460384666919708 0 0 0 0 0 0 0 0 0.2277350276708603 0 0 0 0 0 0 0 0 0 0 0 0 0 2.766345545649529 0.5138819813728333 0 0 0.08756331354379654 0 0 0 0 0.2156182676553726 2.84408663213253 0.2978737056255341 0 0 0 0.851585328578949 0.1299078464508057 1.007319793105125 0 0 0 0 0 0 0 0 0 0 0 0.2963502705097198 0 2.333865821361542 0.370744526386261 0.2867201194167137 265.9393448382616 27.41595653444529 99.41754615306854 23.99970125406981 752.7435407564044 25.44521129876375 3.945635691285133 21.80794882774353 7.439834639430046 0 0.2277987599372864 0 1.559486463665962 0 0 0 10.79994116723537 0
5044.854642525315 0 1388.369569480419 239.2480255141854 2346.708083339036 204.378445610404 1756.180453337729 260.9209531322122 2349.50344415009 479.3154559731483 1754.60026101023 15.12167285382748 322.5186827927828 836.2048376351595 14.08381923288107 6.581007868051529 0.3723038733005524 0.1116203814744949 0.09523914009332657 2.60735148191452 3.057233802974224 0.7296027094125748 0 0.1689934730529785 5.990595862269402 9.390838548541069 0.1868466436862946 1.692762173712254 0.6885409206151962 0 1733.68663611263 4.591887913644314 10.20330704748631 0 0.5062039792537689 8.176579870283604 5.85747218132019 2.324156761169434 1.177750036120415 3.271876372396946 3.400995969772339 0.5015191808342934 0.2846062406897545 1.757942274212837 0.1677843630313873 0.5413391590118408 143.7354118824005 46.28830759972334 1.08869756758213 0.3876167833805084 10.27569701522589 0.3418841138482094 0 0 42.52009477466345 100.8485014587641 23.58142092078924 792.7517486214638 16.60747361928225 60.8301465138793 4.111795149743557 1.131508737802505 10.69412767887115 9.386900223791599 56.68491597473621 27.84433173388243 61.42766599729657 22.69892724603415 1.730047129094601 7.300623774528503 9.772282510995865 9.854033172130585 0 308.5301707684994 188.2904398813844 51.29875537008047 60.65535142272711 15.88354177772999 14.2060167491436 51.14116138219833 3.430363811552525 25.04159460216761 162.0271398052573 3.193192675709724 8.174370221793652 89.65647971257567 4.077577792108059 0.8081042543053627 8.765585407614708 0.7882474064826965 2.259680263698101 0.9277770966291428 0.2108626216650009 0.5798478201031685 0.3944355845451355 75.26962400972843 0 0 1.072403728961945 1597.843812771142 0.1362808048725128 0.4212096929550171 4.598079800605774 1.642595663666725 0.512137234210968 21.59474880993366 0.8671202957630157 11.64489077031612 8.791664257645607 10.18682084977627 2.921938344836235 24.12743050605059 19.85697504878044 11.62969145178795 11.71654837578535 0 0.1267963796854019 0 0 0 0 0.3313057422637939 0.3183262944221497 0 0 0.1930243670940399 0 0 0.3467229604721069 0 0.3239954113960266 0 0 0 0.7106239497661591 0.193586990237236 0 0.09083709865808487 0.2867962419986725 6.668225221335888 0.2217732965946198 3.308812446892262 0.3329608216881752 0 0.3811166435480118 0.1470668017864227 0 0 0.2711194753646851 0 0 0 1.259396687150002 0.2728182971477509 0 1.030381292104721 0 0.3825628310441971 0.07910510152578354 0 0 0 0 0 0.3003529608249664 0.5040519461035728 17.16886828094721 0 0.2566739022731781 0 0 0 0 0 0 0 16.88143726438284 0 0 0 0 3.141251370310783 7.259118191897869 5.285190775990486 0 0.5662071704864502 1.14488685131073 0 0 0 0 0.08256035298109055 0 0.1975384652614594 0 0 0 15.87694553285837 2.065209060907364 1.244283527135849 364.4314783811569 44.74012007564306 916.8738001137972 131.7380013093352 1876.330220192671 122.1110760048032 10.78507374227047 211.4052927717566 4.419166781008244 0.5708473324775696 2.026743173599243 0.1430866122245789 1.669783055782318 0 0 0 13.39739783853292 0.4720100909471512
845.7625534906983 1388.369569480419 0 4.111524790525436 559.7684755474329 3.764247849583626 98.10113819688559 3173.780743129551 1022.998403683305 4.928045615553856 4892.796472586691 7.25273685157299 54.58717460930347 306.838832333684 32.23142059147358 21.56469085812569 6.821542456746101 2.838244281709194 1.953850477933884 79.55437852442265 265.9419478327036 0.4884326308965683 0.1415057778358459 11.40041507780552 26.04428922384977 87.14629872143269 2.225946113467216 14.88778208196163 2.811776101589203 0.3743935525417328 4581.396640636027 576.9328072890639 16.96807700395584 9.432126432657242 4.162004336714745 57.74123168736696 11.80952414870262 6.212418802082539 4.092839896678925 11.31065005064011 174.6811543852091 12.67610628157854 9.501068949699402 22.70222340524197 2.827888272702694 28.27275094389915 198.9785947427154 60.67968992888927 10.27981339395046 14.6974073946476 52.24341883510351 0.881403960287571 0.1554940342903137 1.68204653263092 46.71941630542278 110.9402622692287 14.33397507667542 1240.443238891661 16.05344730615616 80.20699145644903 275.1454429775476 22.92143641412258 175.275546900928 502.5294747725129 66.59415207803249 38.94929701834917 88.47038421034813 57.729771271348 109.35546528548 384.4621961712837 19.64180593192577 6.061261430382729 0 332.9730855226517 397.4782961457968 94.82835064828396 146.5047850385308 71.49479666352272 458.5508687645197 503.2706365063787 358.1628996133804 1000.481736414135 207.274161465466 3.054321318864822 13.43050700426102 111.9328837841749 35.25832425802946 1.91364961117506 11.25523121654987 0.5707751289010048 4.849803596735001 2.112599857151508 54.49996133893728 3.795961417257786 1.089238338172436 15.84584242105484 0.9748037755489349 0.5168393552303314 2.324360825121403 976.9646196067333 0.1071632578969002 0 0.7119216322898865 0 0 1.265689969062805 0 0.9477417767047882 0.3412252366542816 0.9519721567630768 0.1697665452957153 4.441283471882343 3.359554305672646 3.085253559052944 5.231628119945526 0.4808059707283974 0.5632782801985741 0 0.1323885321617126 0 0 0.2880362570285797 0.3695557713508606 0 0 1.837312251329422 0 0.1354042887687683 0.7780445665121078 0 1.45946429669857 0 2.442872434854507 0 0 0.2579032406210899 0 0.3740310594439507 0 5.256762325763702 0.6139616891741753 4.509675212204456 1.630750544369221 0.5620449483394623 1.309145912528038 1.363428384065628 0 0.2307612150907516 0.6755754500627518 0.5712037160992622 0 0.5689345300197601 0.9320331513881683 0 0 1.281183764338493 0.2856710329651833 1.713939048349857 0 0 0 0 0 0 1.771515719592571 0.5405338704586029 12.72622137516737 0.2183421403169632 0 0 0 0.1878843531012535 0.09834548085927963 0 0 0.22111676633358 13.39332687854767 0.4463262930512428 0 0.09770068526268005 0.535232350230217 1.068851694464684 2.250845238566399 3.934304177761078 0 0 0 0.5198845267295837 0.1049400940537453 0 0.07461505383253098 0.07711028307676315 0 0.1462329998612404 0 0 0.4995425343513489 4.422241218388081 0.9300588369369507 4.44370037317276 187.7353222072124 47.0363033041358 874.2671493627131 155.1644596420228 344.437189206481 104.6716828495264 10.79440306127071 160.4120414182544 3.828999258577824 0.06678549945354462 3.244802109897137 0.3687019124627113 0 0.4353579953312874 0 0.9023357182741165 6.250446639955044 2.054864056408405
934.5203747749329 239.2480255141854 4.111524790525436 0 78.73022377490997 262.8367842137814 1704.683336377144 0 123.2289708703756 1477.424442186952 0.7006828114390373 98.55430738627911 1084.486525326967 101.6416134685278 0 0.08431407064199448 0 0 0 0 0 0 0 0 0 0 0 0 0 0 17.01454870402813 0.2102603167295456 0 0 0 0 0 0 0 0 0 0 0 0 0 0 2.824343003332615 1.924655258655548 0 0 0.7861373350024223 0 0 0 1.518735602498055 5.724539875984192 4.308183677494526 57.82180277258158 0.9099496826529503 2.913515627384186 0 0 0 0.1128205806016922 2.411624051630497 1.175941772758961 2.882986530661583 1.636556200683117 0 0.4320954382419586 0 0 0 13.44636814296246 7.732919119298458 1.063024543225765 0.7394290417432785 0 0 0 0 0.0964951291680336 8.136274173855782 0.08130750805139542 0.2345167994499207 5.067781396210194 0.1089328899979591 0 0.5934273153543472 0 0 0.1041299477219582 0 0.08290018886327744 0 50.07587410509586 0 0 0 203.1107301563025 0.1018419116735458 0 1.433602839708328 1.893287599086761 0 9.938703060150146 0 2.757418766617775 5.717734888195992 2.221198678016663 0.5458465814590454 7.238621577620506 3.408106565475464 4.500762596726418 2.009075373411179 0 0 0 0 0 0 0 0 0 0 0 0 0 0 0 0 0 0 0 0 0 0 0 0 0.7203984409570694 0 0 0 0 0 0 0 0 0 0 0 0 0 0 0 0 0 0 0 0 0 0 0 0 0 0 2.103862464427948 0.2342346906661987 0 0 0 0 0 0 0 0 3.060113497078419 0 0 0 0 0.3315398022532463 0.5215424746274948 0 0 0 0 0 0 0 0 0 0 0 0 0 0 4.7429588586092 0 0.1444438695907593 70.6075306609273 4.920669436454773 27.20243379473686 4.900391422212124 780.9610001146793 3.30978512018919 1.063309580087662 2.681256487965584 1.099019780755043 0 0.1355425119400024 0 2.174247264862061 0 0 0 1.323726534843445 0
436.9671633243561 2346.708083339036 559.7684755474329 78.73022377490997 0 31.89170157909393 717.2733183428645 31.26379021257162 8075.602163672447 725.0364752113819 602.6373498514295 189.805052280426 554.9197288751602 2080.300940945745 19.35529964417219 4.214584179222584 0.3505332991480827 0.2079899460077286 0.2345326021313667 0.1048443838953972 0.2106692418456078 0 0.1233832091093063 0.2335567623376846 2.361592248082161 2.156094945967197 0.2703320235013962 0.4665052816271782 0 0 61.49947710335255 3.080162756145 14.94349487125874 0 0 3.683345600962639 2.28176686167717 0.2948108911514282 0.3159879893064499 2.17515391856432 0.6891292780637741 0.2260644882917404 0.1128330156207085 0.2695063650608063 0.1047554463148117 0 123.2695904448628 23.86057237535715 0.6663446575403214 0.1226902455091476 6.381509855389595 0 0 0 12.26609024405479 38.07848688960075 9.931957341730595 87.65495058894157 14.88241542875767 39.47974989563227 0 1.148544728755951 3.759796895086765 5.649713695049286 22.17657080292702 10.1063060760498 28.7814162299037 13.27951629459858 0.2248659878969193 0.7470771968364716 13.06137315928936 22.174416705966 0 142.7128792628646 60.71177061647177 44.29634710401297 68.18602496385574 15.58419274538755 0.6543131172657013 20.88550828397274 0 3.77959880232811 60.64045058190823 0.9660170078277588 4.478892609477043 38.65812119096518 2.271683551371098 0.4290418028831482 3.035088375210762 0.3847234472632408 1.03873723000288 0.8029741123318672 0 0.274544432759285 0.4177245423197746 192.0533931255341 2.61186982691288 0.2587684690952301 0.2990073710680008 61.29892747104168 0.2292275428771973 0.1238215714693069 13.66865327954292 3.314366772770882 1.107801556587219 55.4553250297904 2.351549044251442 28.51995106786489 27.50091153383255 24.6603929400444 3.723749682307243 98.27691787481308 59.70635538548231 58.26301310956478 67.87930145859718 0.4374794587492943 1.420076131820679 0 0 0 0 0 0 0 0 0 0 0 0 0.3611565679311752 0 0 0.7498151659965515 0 1.950743362307549 2.782400622963905 0 0 0.5606960654258728 32.6107477247715 0.8903909474611282 20.21480021625757 0.09749101102352142 0.1258796900510788 0.3921663463115692 0.1899857670068741 0 0 1.35980997979641 0 0.2589080631732941 1.710785195231438 1.377122849225998 0 0 0 0 0 0.1138983070850372 0 0 0 0.4721920490264893 0 0.9918277189135551 1.145736336708069 92.41399867087603 0 0.8963530659675598 0.4084067940711975 0 0 0 0 0 1.091911435127258 96.79225980490446 0.4920136258006096 0 0 0 11.74423803389072 33.15196189284325 33.92478716373444 0.9892785549163818 0.2096084356307983 2.341531127691269 0.3280473947525024 1.096215844154358 0.3442963361740112 0 0.07854378968477249 0 0 0.1029472723603249 0 0 44.5163694024086 4.1549441665411 6.721502751111984 355.0666874200106 23.35820651054382 730.9988364875317 140.3670080378652 686.5350672602654 119.8369358628988 4.859294272959232 274.974904820323 3.893773183226585 1.018175721168518 9.806410796940327 0.867346003651619 9.155729174613953 1.129885300993919 0 1.080413468182087 7.941322013735771 1.606875419616699
73.68573799729347 204.378445610404 3.764247849583626 262.8367842137814 31.89170157909393 0 187.0285928845406 0 38.52132254838943 535.4092586785555 9.616939857602119 213.7511648386717 206.6722733080387 72.1434274315834 0 0.1995982527732849 0 0 0 0 0 7.527264267206192 0 0 0 0 0 0 0.4888822585344315 0 2.33886307477951 0 7.938887387514114 0 0 0 9.687781043350697 0.1781477332115173 3.725134208798409 0.7928361892700195 0 0 0 0 0 0 0.3095919787883759 0.2578386813402176 0 0 0 2.297304600477219 7.529033422470093 0.1914527118206024 0.1001701578497887 0.4641858264803886 70.8504955470562 19.30737799406052 0 0.4067011922597885 0 0.5101609826087952 0 0 0.2853926345705986 0.1265006065368652 0 0.1560402810573578 0 0 118.8700657039881 258.6600042432547 11.27990719676018 1.909427687525749 0.4407642334699631 0.1154647171497345 0 0.1528966873884201 1.01725435256958 1.940896883606911 0 0.3003382384777069 0.4265370443463326 1.609287776052952 0 0.2017109170556068 0 3.996270954608917 0.1711178421974182 3.56617283821106 0 0 0 0 0 418.4907774329185 81.85821065306664 24.22817400097847 8.981750279664993 433.2346737682819 0.8084991574287415 0 0.5558209419250488 0 0 0 0 0.6983128637075424 0 0 0 0.1865424364805222 1.248020380735397 0.3345257043838501 0.9619346410036087 0 0 0 0 0 0 0 0 0 0 0.1325861215591431 0 0 0 0 0 0.1669879555702209 0.2657087743282318 0 0 0 0 0 0 2.254886917769909 0.4282652139663696 1.468275658786297 0.511568695306778 0.2874950468540192 0 0 0 0 0 0.1609612703323364 0 0 0 0 0 0 1.380930110812187 0.117884449660778 0 0 0 0 0 0 0.1365935802459717 0.1356736570596695 2.435230009257793 0 0 0 0 0 0 0 0 0 3.528327144682407 4.686807379126549 0 0 0 0.334169015288353 0.7659772783517838 2.2082394734025 0 0 0.2650592029094696 0 0 0 0 0 0 0 0 0 0 0.2431131899356842 1.075582608580589 1.589848071336746 54.1807885915041 0.1001786589622498 3.364742018282413 0.2847427427768707 56.14585371315479 0.4812042564153671 0.1849728226661682 1.252914607524872 0.1434291303157806 0 0 0 0 0.2277708202600479 0 0 1.027461007237434 0
700.3563074469566 1756.180453337729 98.10113819688559 1704.683336377144 717.2733183428645 187.0285928845406 0 0.4966916441917419 1826.492268674076 3985.969789654016 59.02226992696524 721.6415063887835 5108.009328477085 1920.83407831192 7.219931453466415 2.507991082966328 0.1670051366090775 0.2547804936766624 0 0 0.2631917595863342 0.4262078404426575 0.1370780616998672 0.1179575175046921 0.3320755958557129 0 0.2201414406299591 0.1480691432952881 0 0 47.25431697070599 1.228801518678665 5.425515301525593 0 0 0.5881733223795891 1.744889289140701 0 2.088412404060364 0.1076355129480362 0.1438881009817123 0.6996352523565292 0 0.3895729929208755 0.1080957651138306 0 70.70010926574469 17.71248719841242 0.8362033814191818 0.2181803211569786 6.194722935557365 0.3009108901023865 0 0 14.11453269422054 36.63182052969933 10.26596342772245 129.1585351079702 7.734334662556648 26.50743819028139 0 0.8426593691110611 0.7056802958250046 2.960240095853806 21.37470556795597 10.0163384154439 24.62067392468452 11.12549418956041 0.1091523766517639 0.4381240755319595 8.98128654807806 17.85667748749256 0.1899061948060989 111.9558662772179 63.31638318300247 28.78249501436949 35.0046966150403 8.870891071856022 0.2288413941860199 2.417040772736073 0.3286519944667816 0.9234746098518372 58.12433207780123 1.129747353494167 3.373371511697769 37.48230364173651 2.342324271798134 0.1885885149240494 3.192339353263378 0.2939080223441124 1.204123049974442 0.4036700576543808 0.5186121463775635 0.619337871670723 0.3077385425567627 591.2553036659956 0.5130860656499863 0 0 163.6575422212481 0.7738300263881683 2.614102110266685 26.49330897629261 12.97703546285629 3.423389509320259 122.4439126700163 4.218927711248398 69.03874452412128 63.37835653871298 57.65796836465597 18.53639969229698 221.6798426583409 148.3001667335629 116.7973275780678 100.7992714345455 0.7059091776609421 1.635496817529202 0 0.3884342014789581 0 0 0 0 0 0.1342675536870956 0 0 0 0 0 0 0 0.1158282160758972 0 3.478612177073956 5.047201320528984 0 0 0.1807653456926346 32.60654807835817 1.266051098704338 21.64997989684343 0.9662439525127411 0 0 0.1495070904493332 0 0.4561919569969177 0.9721418023109436 0 0.2698679864406586 2.199271082878113 2.750818260014057 0.5367757976055145 0.09749919176101685 0 0 0 0 0.9640775769948959 0 0.4341331720352173 0 0 2.407310210168362 1.545018628239632 128.8279129043221 0.8100163787603378 0.9359886944293976 0.354866161942482 0.5974913313984871 0.9532267600297928 0.3125990256667137 0.4294749647378922 0 0.4675407111644745 166.8171402439475 1.052323028445244 0.1493421941995621 0 0.1679399609565735 14.34470487385988 28.43876523524523 47.41187307983637 1.014663174748421 1.121678948402405 2.752851337194443 0 0.4651961848139763 0.0860569179058075 0 0.08944864571094513 0 0 0 0.1096873879432678 0 117.9874535351992 6.408465526998043 5.360178641974926 320.4106821641326 29.95751126855612 487.8362482488155 88.13015223294497 1115.156540282071 77.27898152917624 4.989359185099602 169.488425642252 1.891155079007149 0.6756644248962402 15.53668404370546 0.6132547035813332 14.33579809963703 1.336811140179634 0 0.830804169178009 43.18567697703838 1.681053854525089
66.61208958923817 260.9209531322122 3173.780743129551 0 31.26379021257162 0 0.4966916441917419 0 104.6330733299255 0 991.1964330747724 0.3669033944606781 11.34976004064083 17.32007630169392 39.23152081668377 25.91443918645382 1.713369488716125 1.693202674388885 1.153340764343739 44.05873894691467 140.3462905436754 0 0.9970962777733803 9.919514253735542 27.49124459177256 71.63111010193825 2.35866067558527 12.66086529940367 1.772541828453541 0.2391438484191895 233.8665604889393 1781.660811193287 25.14732229709625 6.8219333589077 3.334109246730804 62.28444567322731 5.759867496788502 7.425459578633308 1.477841511368752 6.533437140285969 101.5906190052629 5.207005739212036 3.818817064166069 14.65698935836554 1.554442934691906 19.22807489335537 145.2486769855022 20.33189588785172 3.845251835882664 4.870355732738972 22.29962667822838 0.3401211351156235 0 0.4861017614603043 5.015879034996033 16.61736782640219 2.364197559654713 61.33886712789536 7.473451904952526 30.93659565597773 231.4344875589013 36.16804674267769 153.4369346126914 128.965860389173 11.36592677980661 7.780427165329456 20.50723385065794 18.70688938349485 29.72538932412863 192.0468010082841 8.879354581236839 2.66623543202877 0 59.76665992289782 59.21392368525267 76.03953817486763 206.3832584694028 139.6728801652789 996.0449820905924 433.5086169168353 411.9838211461902 1704.266905032098 38.71520215272903 0.64166559278965 3.404352203011513 22.3932583630085 10.61255894601345 0 3.035408824682236 0 1.455208472907543 0.5589871630072594 29.61502286791801 1.439930073916912 0.6664154902100563 3.001077845692635 0.4790233075618744 0.2400955557823181 0.2989610433578491 60.35165706276894 0 0 0.1935376226902008 0 0 0.4461005479097366 0.1418693661689758 0.4462568759918213 0.2185708284378052 0.2506226897239685 0.1401439011096954 0.8694348409771919 0.7899608463048935 0.4709853082895279 1.146170511841774 0 0.2976617589592934 0 0 0 0 0 0 0 0 2.035518378019333 0 0.1098278760910034 0 0 1.909496173262596 0 1.533769980072975 0 0 0.4020529463887215 0 0.5809638276696205 0 3.094372317194939 0.9537433832883835 3.588842630386353 1.180701717734337 0.2017573788762093 0.8638110160827637 0.6847535073757172 0 0 0.1158248037099838 0 0.2692998349666595 0.2146999835968018 0.6220824420452118 0 0 0.9344706982374191 0.2630193829536438 0.7952175587415695 0 0.2683326303958893 0 0 0 0 1.09943063557148 0.2005129456520081 5.697371080517769 0.2833496928215027 0 0 0 0 0 0 0 0.4219355881214142 2.709132619202137 0.9494422003626823 0.542917788028717 0 0.2881231233477592 0.279529795050621 2.492251008749008 2.166809588670731 0 0 0 0.1072729751467705 0 0 0 0.1319257616996765 0 0 0 0 0.1623010039329529 0.692467637360096 0.4841501638293266 1.646881602704525 101.1172854602337 12.98344534635544 474.063107997179 80.23448091745377 57.82501141726971 50.73191240429878 1.644664287567139 85.19786421209574 2.457531318068504 0.5473756864666939 1.134112879633904 0.1061373725533485 0.4146274030208588 0 0 0.4377183020114899 4.193526536226273 0.7871549129486084
84.65646520256996 2349.50344415009 1022.998403683305 123.2289708703756 8075.602163672447 38.52132254838943 1826.492268674076 104.6330733299255 0 469.3514855206013 2181.879173032939 305.4315797388554 1733.332311943173 3843.045013576746 27.47958298772573 13.60396865010262 0 0.3529663309454918 0.2267731428146362 0.3596612885594368 1.714082658290863 0.3088475465774536 0.264788530766964 0.1466134786605835 7.457531832158566 7.742734402418137 0.4614116922020912 0.6786453723907471 0.4826153367757797 0.3072317391633987 24.26537171006203 8.506051942706108 33.72681792080402 0.4859368354082108 0.1312103122472763 7.617540813982487 17.71585911512375 1.791721031069756 3.878887660801411 6.999098725616932 3.140778303146362 0.5710565522313118 0 1.530185490846634 0.2261240631341934 0.3705092072486877 107.6955184042454 11.20711162686348 0.4551255702972412 0.315790131688118 4.699930265545845 0.08573415130376816 0 0 4.450203604996204 16.9823280647397 10.10466130077839 22.33344107866287 17.77606243640184 21.71505023539066 2.048942230641842 1.356959991157055 7.365383416414261 5.579152122139931 9.048542328178883 4.221812255680561 11.55343025177717 6.415974125266075 0.5053831189870834 1.694076284766197 54.06459023803473 49.03462272882462 0 82.31127204746008 25.52569349855185 34.80420286953449 121.3391088917851 46.87837754189968 0.7770375162363052 39.28032930195332 1.104741558432579 9.039847791194916 17.45655061304569 0.1963747516274452 1.024561882019043 13.93437004089355 0.7524646148085594 0.2350501343607903 1.473620429635048 0.2115089744329453 0.1871756166219711 0.5525166466832161 1.417230792343616 0.5660282298922539 0.1058016866445541 488.1529105752707 5.278089180588722 0 0.6079696044325829 27.67497607320547 1.692866101861 0.1444607824087143 27.96668073534966 14.61484961956739 6.469818398356438 123.8631884157658 4.325655475258827 75.18150389194489 61.34129090607166 62.68476154655218 21.99296068400145 252.3885196596384 168.5537381619215 146.2389922365546 157.8677863180637 0.9250215440988541 2.928101859986782 0.163995161652565 0.4727949351072311 0 0 0.2205487638711929 0 0.1786335557699203 0.2534244731068611 0.2084299474954605 0 0 0 0.1182940155267715 0.4810165762901306 0 0.1421335637569427 0 3.88021431863308 6.20716480910778 0 0.1991014033555984 0.3158302307128906 76.60874351114035 2.130510717630386 44.22177811712027 0.9522917941212654 0.3584869727492332 0 0 0 0.5765205398201942 0.1938724964857101 0.2136468142271042 0 2.849518284201622 5.463149830698967 0.4918765723705292 0.1151835918426514 0 0.1238543689250946 0.09600206464529037 0.4535590782761574 1.014548376202583 0.1301670670509338 0.4569722712039948 1.635698862373829 0 1.4627386033535 1.296345978975296 224.4108712598681 0 1.151855453848839 0.9430496096611023 0 0.8940044194459915 0.6849634349346161 0 0 0.8896161317825317 273.0121032744646 1.954318657517433 0 0.2657893598079681 0 33.5100923627615 49.79966328293085 81.41176917403936 1.687468856573105 0.8907687664031982 2.662545636296272 0.8450195491313934 1.658280685544014 1.547308333218098 0 0 0 0.1693333238363266 0.1200590059161186 0 0.109258733689785 128.8408078923821 10.72413070499897 19.25672697275877 532.5221959426999 14.21397057920694 630.0807454660535 174.7335039526224 356.6062380596995 131.8045636340976 3.083936505019665 473.1812892705202 6.871902368962765 0 20.42633353173733 4.465413294732571 28.62421271204948 3.993386067450047 0.2503239214420319 1.712044470012188 10.57375779002905 2.35303346067667
1055.952682211995 479.3154559731483 4.928045615553856 1477.424442186952 725.0364752113819 535.4092586785555 3985.969789654016 0 469.3514855206013 0 10.71939807385206 2145.831114903092 6685.211680464447 808.4394711256027 0.6394544094800949 0 0 0 0 0 0.137456864118576 0 0 0 0 0 0 0 0 0 16.87170255184174 0 7.880520686507225 0 0 0 8.483831346035004 0 0.5460693836212158 0 0 0.3279219120740891 0 0 0 0 8.9956199452281 3.513028547167778 0 0 0.8149209022521973 0.1725497394800186 0 0 3.752761825919151 9.975886426866055 15.311388887465 64.33272743225098 0.7450828179717064 4.997994564473629 0.08640289306640625 0 0 0 5.012275762856007 2.29274170845747 4.775490418076515 1.99605405330658 0 0.2039279937744141 23.58111453056335 3.511517465114594 0 27.03866977244616 14.16365117579699 3.11633412539959 2.371363699436188 0.4750109314918518 0 0 0 0 14.91984040290117 0.07905920594930649 0.3819426447153091 7.529254928231239 0.3043950125575066 0 0.7202131450176239 0.2069053649902344 0.4798828810453415 0 0 0 0 513.1186203956604 0.9573717713356018 0 0.5122170448303223 567.9387002959847 0.256710022687912 2.758626490831375 20.67676970362663 20.74221178889275 1.033388555049896 98.51290300488472 5.998274222016335 45.34114632755518 50.86733868718147 72.21123756468296 11.33920837938786 178.6859161183238 103.8565074652433 81.90158221125603 31.29492601007223 0.1613745838403702 0.2512290701270103 0 0 0 0 0 0 0.1541935056447983 0 0 0 0 0 0 0 0 0 0 1.396388798952103 2.486310973763466 0 0 0 11.79354380071163 0 6.216562941670418 0 0 0 0 0 0.6196650862693787 0.1733834445476532 0 0 0.7898974567651749 0.8839444220066071 0.1137228980660439 0 0 0 0 0 0 0 0 1.223398923873901 0 0.154371052980423 0.291602224111557 27.92280133068562 0 0 0.5952345281839371 0 0.11479602009058 0.4282686412334442 0 0 0.1353217959403992 53.67850977927446 0 0 0 0 2.511536166071892 6.235036984086037 8.39697952568531 0.6109717190265656 0.3267938196659088 0.3348693177103996 0.1785192787647247 0 0.3175747841596603 0 0 0 0 0 0.1324220448732376 0 105.7565206885338 0.8294724076986313 1.042323030531406 275.2023775950074 8.243747249245644 68.77045100182295 10.22778284549713 1521.301443092525 10.99667342752218 1.590030930936337 19.2169741615653 5.058295175433159 0.2152828723192215 5.881127066910267 0.135192334651947 8.729538008570671 0 0 1.061826959252357 6.179147556424141 0.1178741604089737
299.7552559375763 1754.60026101023 4892.796472586691 0.7006828114390373 602.6373498514295 9.616939857602119 59.02226992696524 991.1964330747724 2181.879173032939 10.71939807385206 0 147.9067773222923 1277.455971054733 5584.0447248891 117.0917978435755 109.6412144601345 2.537786826491356 1.321450240910053 1.568700730800629 8.309313468635082 31.5767113789916 1.967195719480515 0.3584345132112503 7.846872858703136 111.0291338190436 93.37889607995749 4.436376564204693 17.65166244655848 3.272159345448017 0.6514385417103767 215.0515437200665 111.6590563803911 591.9071134030819 5.488321393728256 6.331986300647259 186.4770868942142 184.1475463360548 46.61281935870647 44.3085081204772 92.80807648599148 40.11112132668495 4.932330228388309 0.3586156517267227 21.3648242726922 1.702623181045055 11.03582271188498 299.6227779537439 27.5864227488637 2.24929329007864 1.622171692550182 16.27942369878292 0.7411050796508789 2.941155090928078 1.44950857013464 10.6598214879632 32.07518742978573 12.46248145401478 71.37079849839211 24.69858156889677 52.92517157644033 42.36954350024462 23.87625505030155 173.3755902275443 49.45841211825609 23.04559513553977 11.7015814781189 26.80940543115139 15.53118108958006 5.212849400937557 25.20168708264828 294.7323044836521 73.87184486538172 0.5098872184753418 141.2402492389083 68.0134252011776 140.319097712636 456.2116838172078 218.1628871485591 68.56154006719589 356.7813527211547 21.7831893414259 329.5839404091239 55.93625597655773 1.237982295453548 5.733375176787376 35.0692050755024 3.511684253811836 0.5361029505729675 5.575480557978153 0.6374211758375168 2.328111879527569 1.064480192959309 8.896784409880638 1.69904363155365 0.9323732778429985 210.6821873486042 9.370412334799767 1.604895636439323 23.07034228742123 67.51504548639059 0.7946948930621147 0.3066314458847046 4.92714512348175 0.7527313232421875 0.6107531934976578 22.86488396674395 0.3119089007377625 15.98433079570532 8.810859642922878 8.274428591132164 6.688624709844589 48.1630177795887 34.06698679924011 40.1014431566 51.27887298166752 0.9942174553871155 1.979394264519215 0 0.2738993316888809 0 0 0.2335676252841949 0 0.1794970631599426 0 2.554583624005318 0 0.11338010430336 1.313129067420959 0 2.538126200437546 0 1.718475759029388 0 0.9704101532697678 2.884818822145462 0.355063758790493 1.694525063037872 0.5107167065143585 48.13574853539467 4.965179696679115 32.60956712812185 5.904747143387794 2.432155013084412 0.6406689584255219 0.5081092119216919 0.3422588407993317 0.1045118793845177 1.842765539884567 0.4996428489685059 0.5851240307092667 2.134086325764656 4.423349469900131 0 0.8168588876724243 0.6976621150970459 0.5255634188652039 1.726860836148262 0 0 0.1247208788990974 0.1329680234193802 0.3893793374300003 0.1667713224887848 3.845398917794228 3.91217464953661 105.7082980573177 0.4341524392366409 0.7570474743843079 0.281143344938755 0.09960804134607315 0.2771345302462578 0 0 0 0.3468697220087051 107.7409514859319 3.66209377348423 0 0 0 11.6654677093029 22.50735700130463 31.24370516836643 1.030371427536011 0.197839580476284 0.4589992240071297 0.9805010557174683 0.3765653222799301 0.1997937709093094 0 0 0 0.1764969974756241 0.1030796244740486 0 0 28.98296222835779 10.13138461858034 17.75465730577707 641.3470704331994 39.73691686987877 1345.649252429605 349.4994235858321 328.3165702447295 209.6505015566945 7.347424007952213 614.9976570680737 10.31649927049875 0.09177354723215103 13.42839350551367 0.8367051407694817 10.68759821355343 0.8682889342308044 0.2893562018871307 3.705331981182098 27.98661671578884 3.43947546184063
32.14859381318092 15.12167285382748 7.25273685157299 98.55430738627911 189.805052280426 213.7511648386717 721.6415063887835 0.3669033944606781 305.4315797388554 2145.831114903092 147.9067773222923 0 3381.303148977458 481.5374770984054 6.014408677816391 7.22182534635067 0 0.1280239820480347 0 0 0.4404893219470978 1.449441879987717 0 0 2.18520188331604 2.362474799156189 0 0 0.3290239870548248 0.9439944624900818 2.742375507950783 1.14096999168396 57.67943063378334 1.296352624893188 0 5.754685699939728 139.6255084872246 3.151226103305817 131.78491987288 13.53960336744785 0.5901853144168854 0.1476694345474243 0 2.710801213979721 0 0.3919748365879059 7.539800770580769 0.3084160983562469 0 0.1053575947880745 0.3444433584809303 0.120840460062027 5.305154412984848 0 0.4864090606570244 0.7739438861608505 1.928228110074997 4.193789124488831 0.9850546419620514 0.6967240422964096 1.590072222054005 2.241593956947327 2.913757398724556 1.240622565150261 0.2943450808525085 0 0.908588744699955 0.7725954130291939 0 0.3587517365813255 187.4537889659405 67.46622836589813 0 5.236712850630283 0.773849755525589 5.492582991719246 12.1240941286087 5.770408362150192 0 8.408250451087952 1.559939295053482 1.158717051148415 1.452599532902241 0 0 0.3984632715582848 0 0 0 0.1135064586997032 0.1133091226220131 0.1212826371192932 0 0 0 1704.955675408244 14.69716969132423 5.205238878726959 31.1057191863656 62.26414775848389 0.3680029883980751 1.173751458525658 16.10514308512211 9.668052926659584 4.85130063444376 80.68516442924738 3.655118465423584 49.43102073669434 42.42990382015705 51.47033429890871 12.45864313095808 182.1801173761487 101.2124842107296 119.9765762686729 93.02007625997066 0.9022245556116104 1.045462742447853 0.1643155813217163 0 0 0 0 0 0.2726389765739441 0 0 0 0.2676829695701599 0.1344906389713287 0 0 0 0.5193829536437988 0 2.240995049476624 2.498884916305542 0 0.1811627596616745 0 51.23749066144228 0.871125765144825 20.78685741871595 1.23621329665184 0.6319970190525055 0 0.7781991362571716 0 0 0.796376146376133 0 0 2.210695095360279 3.827506676316261 0 0.09596826136112213 0 0 0.1403225958347321 0 0.8738945424556732 0 0.1277861446142197 0 0 1.70921203494072 0.7029409855604172 97.38154830038548 1.240726485848427 1.424345932900906 0.09239137917757034 0.103029191493988 0.5848681852221489 0.3170202523469925 0.1661710441112518 0 0.296982578933239 165.6480207070708 2.418474957346916 0 0 0 10.42173738777637 12.9837416484952 23.31223966181278 0.9858729764819145 0.4977451860904694 3.055098302662373 0.9372927248477936 1.314386583864689 0.9128801375627518 0 0 0 0.09582179039716721 0.1212895959615707 0 0.1451702415943146 134.4307153373957 7.045756205916405 9.30040467530489 115.5247906073928 5.285878047347069 60.02973341196775 18.04764216393232 166.0773313045502 8.988785400986671 0 52.37387347966433 4.442350909113884 0 11.89585231989622 0.8683191910386086 8.733447290956974 0.6482736170291901 0 2.246326848864555 2.468513488769531 0.9547904133796692
60.18305173516273 322.5186827927828 54.58717460930347 1084.486525326967 554.9197288751602 206.6722733080387 5108.009328477085 11.34976004064083 1733.332311943173 6685.211680464447 1277.455971054733 3381.303148977458 0 2964.941790908575 27.5959128215909 46.93329576402903 1.390108413994312 0.5660300925374031 0.2709941044449806 0.5380248725414276 2.381491631269455 1.215095236897469 0 1.772993870079517 22.99502032995224 20.33927447348833 1.185003064572811 2.36622828245163 1.040555208921432 0.1214420795440674 9.110182389616966 6.307317718863487 1126.03491615504 0.8728724420070648 2.237711384892464 72.81453508138657 577.8342620506883 42.68406622111797 380.6235231161118 118.8760961070657 3.254175946116447 0.8679026067256927 0 10.52519411593676 0.1491332203149796 3.04582616686821 48.78662390261889 2.028524532914162 0.7413563281297684 0 3.312719367444515 1.340048849582672 41.98312000930309 0 1.786510981619358 6.341338187456131 5.297767251729965 10.70491418242455 5.375456593930721 10.53330544382334 6.173887118697166 79.1552467122674 33.19181272387505 5.139094509184361 3.332832716405392 1.576389737427235 5.416259296238422 2.882932342588902 1.517818592488766 1.753952965140343 1055.397196285427 365.2422109097242 1.178230002522469 27.03393735736609 9.07370713353157 28.35290726274252 75.57974057644606 48.88756488263607 1.514623746275902 115.6532087773085 4.350912898778915 14.43240235745907 8.298164464533329 0.9208820089697838 0.7508807778358459 4.79539093375206 0.5280334204435349 0.7011968344449997 0.7090273946523666 0.5038142427802086 0.6406665369868279 0.4535777717828751 0.5240067839622498 0.6346739679574966 0.7921077087521553 3788.536813803017 125.8603700846434 47.14208276569843 164.7756335288286 80.06290912628174 1.802556358277798 3.396923810243607 33.70656196027994 15.26547405123711 8.562773764133453 161.6732664331794 9.052250385284424 88.48581406474113 91.8171404376626 94.61613783240318 24.93401476740837 370.3621063604951 226.1857839077711 212.2358689531684 229.8396086618304 3.857395231723785 6.055548101663589 0.145142525434494 0.275075227022171 0 0.6319295093417168 0.3873332440853119 0.5391491651535034 0 0 0 0 0.1050212308764458 0.467945285141468 0.3232266530394554 0.6558048278093338 0.4535090178251266 0.702006071805954 0 4.794441677629948 7.998028792440891 0 1.038550667464733 0 147.2886163517833 6.566971458494663 81.68722259253263 8.511228807270527 3.206055633723736 0.6432940363883972 0 0.09953378885984421 1.132195204496384 5.650560788810253 0.6159688234329224 0 5.894573196768761 8.166085228323936 0.3746102973818779 0.4264542162418365 0 1.356965258717537 0 0 0.1140175834298134 0.1167880445718765 0 0.6178286671638489 0.1691337525844574 3.188402265310287 3.549138277769089 307.1254281252623 3.101344212889671 1.361307576298714 1.560566768050194 0.335143655538559 0.7155675664544106 1.130578324198723 0 0.1681510806083679 0.9903937131166458 489.2175602838397 18.14742309600115 0 0 0 36.48726022988558 86.38871895521879 107.2416130378842 2.311046689748764 2.179272398352623 2.97387420386076 1.273451589047909 3.987828955054283 1.711411610245705 0 0.2117356359958649 0 0.1018662676215172 0.09838682413101196 0.1077758595347404 0 245.3030016124249 43.72766351699829 48.64492330700159 360.1308274567127 20.63026011735201 280.6196665838361 100.5496788844466 304.0268660113215 50.5397010743618 2.194031625986099 216.665825612843 14.6443265452981 0.974305234849453 37.454475261271 3.654604807496071 28.52171583473682 2.542763598263264 0.3680799603462219 5.04138270765543 17.56523829698563 1.701954290270805
