0 4418.721446841955 999.0185899809003 2389.759553268552 1297.431818313897 79.98110996186733 800.1323716044426 59.95973518490791 202.2127106040716 1618.364468634129 83.96389484405518 52.24352097511292 265.6828376054764 62.37747017294168 1.57759964466095 0.1278575509786606 0 0.111139714717865 0 0 0 0 0 0.711340993642807 0 0 0.2091526687145233 0 0 0 529.8545144498348 4.495176680386066 8.301312938332558 0 0 0.1799316257238388 5.151039898395538 0.5781991332769394 0 0 0.5192700177431107 0.2234123349189758 0 0 0 0 5.856906160712242 0.262768492102623 0 0 0.3046369403600693 0.5406520515680313 0 0 1.799910321831703 4.560906149446964 449.5346196517348 884.0559971556067 27.50911376625299 1.995180509984493 0 2.347618907690048 0 3.916188336908817 1.842848144471645 0.7107421830296516 0 1.702705688774586 0.897752657532692 0.2573123574256897 9.498979240655899 0.4840690195560455 0 139.219486400485 11.01762998849154 8.07859156280756 1.976887926459312 0.137075662612915 3.961958713829517 42.84156496822834 0 11.96860752999783 4.219728834927082 0.1043787375092506 1.337912634015083 1.008222073316574 0.09490974247455597 0 0.1246280297636986 0 0 0 1.268020883202553 0.5432587265968323 0 104.7695975750685 3.238562285900116 0 0.56644506752491 1257.277793437243 0 0 0 0.3297552168369293 0 23.04576486349106 0.1577610522508621 2.085452511906624 85.48611758649349 1.428112983703613 1.019076883792877 13.64282274246216 16.95351976901293 9.210002973675728 4.153864242136478 0.2528788894414902 0.1425788849592209 0 0 0 0 0 0 0 0 0 0 0 0 0 0 0 0 0 0.7561006247997284 0 0 0 0 0.9488771334290504 0.1749992370605469 0.719452291727066 0 0 0 0 0 0 0.1370586901903152 0 0 0 0.1159055233001709 0 0 0 0 0 0 0.2511981725692749 0 0 0.4410638809204102 0 0 0 2.537918120622635 0 0.3259246349334717 0 0 0.2437747716903687 0 0 0 0 4.072555601596832 0 0 0 0 2.205246955156326 0 0.6165459305047989 0 1.999533332884312 1.327719986438751 0.1745341867208481 0 0 0.09309142082929611 0 0 0 0 0 0 7.3445655554533 0.727996826171875 0.1017887219786644 29.73871118575335 1.767380952835083 27.79929856956005 7.300004094839096 956.5007554069161 1.987504437565804 0.7497860789299011 2.724067471921444 0.8699485808610916 0 0 0 2.668908596038818 0 0 0.1908335089683533 9.555106565356255 0
4418.721446841955 0 544.4592027962208 959.3475875332952 3519.3710481897 227.4822488203645 4466.456841506064 121.835283242166 762.650234028697 1572.813572943211 682.6307817101479 34.86253525316715 1424.050709396601 457.5816358849406 7.520008906722069 0.7919104993343353 0.1185448542237282 0.3728914111852646 0.2443388700485229 0.7100844010710716 0.7615372091531754 0 0.4241530895233154 0.2530113756656647 0.5162072330713272 0.4706547856330872 0 0 0.2725866958498955 0.1145788207650185 1484.766706570983 40.1460579559207 22.6598863825202 0 0.4741415828466415 0.2643952071666718 6.329561397433281 0.7388787493109703 0.9058355167508125 0.5791072472929955 0.8340349197387695 0.2764986306428909 0.6385345160961151 0.1482586115598679 0.434411995112896 0.1123183220624924 56.56998849660158 8.44661421328783 0.3932133466005325 0.502870999276638 3.351919606328011 0.3667043894529343 0 0.4270179718732834 24.15421699732542 65.27762862294912 404.035354308784 1183.659300483763 110.1395979821682 34.42247834056616 0.2409445270895958 3.016260899603367 0.2734497413039207 57.716632835567 26.31423373520374 8.249691180884838 2.403565630316734 4.557760514318943 4.356419779360294 1.96538769453764 22.24725791066885 0.6819141656160355 0 724.039346113801 137.7818312644958 85.91770642995834 14.99017953872681 1.951259016990662 10.00376351177692 131.7109024897218 2.718051128089428 33.73337294906378 51.14397688210011 2.365661337971687 14.73676680773497 16.43227884918451 2.829371623694897 0 1.010548032820225 0.1299004554748535 0.1392904371023178 0.2749396860599518 3.41632666438818 0.6596475690603256 0.3651074096560478 126.1279025375843 2.528948932886124 0.2436979562044144 1.694605857133865 1624.507300317287 1.156313389539719 0 1.091050267219543 0 0.9167669266462326 163.3627664968371 4.281280010938644 17.79937636107206 479.6320508122444 17.45459452271461 6.470451906323433 118.0146003514528 106.569754883647 60.93455369770527 30.41016173362732 0.2689851224422455 0.2043053805828094 0.1285288631916046 0 0 0 0 0 0 0 0 0 0 0 0 0 0 0 0.1901034712791443 2.692086838185787 1.30347703397274 0 0.1308047622442245 0.3471898138523102 4.189882725477219 0.832582101225853 3.7259481549263 0.4936603605747223 0.1152428463101387 0 0 0 0 0.201127827167511 0 0 2.629873067140579 2.809747807681561 0.1199024617671967 0.1633454561233521 0 0 0 0 0.4157048165798187 0.1119598150253296 0 2.650675944983959 0 0.1487089246511459 0 11.27189040184021 0 2.66144684702158 0.2622286379337311 0 0 0 0 0 0 22.65516225993633 0 0 0 0 7.314453691244125 0.2931248471140862 1.72082656621933 3.890976332128048 2.436309851706028 2.1911431401968 0.5033558309078217 0.5797253325581551 0.5979382246732712 0.105738528072834 0 0 1.304843917489052 0 0 0 38.74649917334318 1.078336372971535 1.931886956095695 142.1544874534011 19.10907668620348 311.359546110034 62.42777310311794 1071.544062279165 7.749289579689503 10.35810167342424 30.41697280853987 5.763108819723129 0.3669426515698433 5.086403965950012 0.4288817793130875 7.11978942155838 0 0.07429167628288269 1.03034120798111 1.381162375211716 0
999.0185899809003 544.4592027962208 0 5.029673546552658 541.8345571756363 39.38296258449554 102.3684331029654 1014.065997816622 1395.097087219357 59.69901713728905 3100.302619859576 13.40923868119717 194.6211688816547 801.1582454368472 27.16317067295313 2.533831387758255 0.1417613923549652 0.8898360058665276 0 10.37252744287252 57.99424359947443 0 10.98286212980747 6.325031861662865 3.502620577812195 1.576168283820152 1.76567031443119 0.3036637008190155 0 0.6413600817322731 3030.574765428901 1236.039998732507 140.0510707944632 0.4713238179683685 9.719564020633698 2.922540068626404 42.0267401188612 4.785163298249245 1.219005666673183 1.070032998919487 33.50099609792233 1.992021612823009 6.468481473624706 1.930027388036251 0.3103797137737274 0.5894079431891441 118.0242340788245 7.476906463503838 1.917636670172215 7.123859792947769 36.18643958121538 0.2321886792778969 0 3.008752636611462 17.49377461522818 41.06615617126226 209.2837926894426 1243.860288530588 63.70533306151628 58.58038748800755 3.898556903004646 40.9217309653759 1.370548039674759 333.5373875647783 21.49175404757261 10.51818989217281 13.787603110075 63.08273869007826 82.3314648270607 72.18322353810072 72.24393638968468 0.603821374475956 0 592.6320519223809 254.3098916262388 220.1632512807846 75.19693787395954 14.57242748141289 244.5135949328542 1355.715359911323 53.96558699756861 472.1194660142064 45.80529698729515 0.8525054454803467 14.10363411158323 13.18699277937412 17.20403341948986 0.09121827036142349 2.053511887788773 0 1.398986876010895 0.5296249687671661 71.78091484308243 15.38316581398249 0.8427743092179298 135.9494388028979 2.712259024381638 0 4.287531927227974 653.8345841765404 2.500514946877956 0.5273308753967285 2.435123667120934 0.7167993634939194 0.4912105277180672 61.08878085017204 6.200615510344505 30.93202893435955 57.53705149888992 29.96000534296036 14.71561921387911 232.3233450129628 206.4685225710273 132.4897424057126 88.72093686461449 0.9983868524432182 0.1692330241203308 0.1096717491745949 0 0 0 0.3474000096321106 0 0 0 0 0 0 0 0.2869985997676849 0.1228677704930305 0 0.1651978492736816 0 11.19263695180416 3.630957543849945 0.1695132702589035 0 0 13.85765926539898 0.0982476994395256 17.13992088288069 0.2457712814211845 0.6110902428627014 0 0.9065050333738327 0 0 0.4691840708255768 0.1104143559932709 0 5.567585311830044 7.723736256361008 0.2343491613864899 1.562705844640732 0 0.1317965984344482 0.1699295789003372 0.3325118124485016 1.545085564255714 0.4746875911951065 0 2.740755930542946 0 0.3387291729450226 0 38.09369659423828 0.477047860622406 4.960708670318127 3.33001921325922 0 0.5294961482286453 0 0.1046447083353996 0 0 60.13965053111315 0 0 0 0.136573851108551 26.07639163732529 0.2553974613547325 1.544855803251266 9.792054161429405 7.088261462748051 9.686934135854244 1.967720285058022 1.595625832676888 0.5962126106023788 0 0 0 0 0.2379185929894447 0 0.1844583451747894 70.80059671401978 4.163863621652126 1.387788683176041 247.8539064228535 29.3986801803112 301.2857494801283 58.5859045162797 284.8748498931527 9.927753739058971 9.724189415574074 67.46324649453163 10.11797622591257 1.563649065792561 14.13651229441166 1.328959576785564 20.74624690413475 0.3948659598827362 0.1371733099222183 1.700538352131844 4.858045309782028 0.1508709192276001
2389.759553268552 959.3475875332952 5.029673546552658 0 41.89355093985796 206.4399065673351 406.1065549552441 0.2422448396682739 130.2242976725101 1701.847411222756 5.840627156198025 51.18865735828876 873.3012248873711 130.6844478175044 0.3989945948123932 0 0 0 0 0.1695716381072998 0 0 0 0.1247591599822044 0.2910255640745163 0 0 0 0 0 7.981794610619545 0.1375011205673218 0.2023626416921616 0 0 0 0.5418923050165176 0 0.1186392828822136 0 0 0 0 0 0 0 2.786995746195316 0.4740264192223549 0 0 0 0 0.1614905893802643 0 2.135207913815975 5.4881601780653 100.9926819503307 181.0318030267954 18.2824684381485 1.334590256214142 0 0 0 0.5853633433580399 2.037019647657871 0.6139366030693054 0.122169017791748 0 0 0 1.806449458003044 1.294004321098328 0 96.87341758608818 7.225886076688766 2.931650184094906 0.1673151105642319 0 0 0.6500159278512001 0 0.114235982298851 3.384570688009262 0.3994865417480469 1.060461640357971 0.5823757499456406 0.1737289279699326 0 0.3996918424963951 0 0 0.5185203552246094 0 0 0.1186213344335556 91.94344233721495 2.317716211080551 0.4692786037921906 0 410.1205717325211 0.1885183304548264 0 0 0.3672887086868286 0.1944797337055206 16.08797666430473 1.108667016029358 4.072913005948067 58.18258710205555 2.56427726149559 1.033452942967415 17.36570833623409 10.70181834697723 13.35504725575447 1.743537217378616 0 0 0 0 0 0 0 0 0 0 0 0 0 0 0 0 0.5372384190559387 0 0 0 0 0 0 0 0.3816885501146317 0 0 0.5498732328414917 0 0 0 0 0 0 0 0 0.6747473180294037 0.371724858880043 0 0 0 0 0 0 0 0 0 0.5610847175121307 0 0 0 1.563373759388924 0 0.6375557780265808 0.3862238228321075 0 0 0 0 0 0 1.501024708151817 0 0 0 0 0 0 0 0 0 0.186768651008606 0 0 0 0 0 0 0 0 0 0 5.778047680854797 0 0 32.83427551388741 1.097405605018139 24.86886613070965 6.809222385287285 667.7951042205095 0.6304770410060883 1.889297462999821 0.6915881112217903 0.1555402725934982 0 0.129314512014389 0 2.244830280542374 0 0 0.1344112157821655 0 0
1297.431818313897 3519.3710481897 541.8345571756363 41.89355093985796 0 39.51187609136105 5214.72619266063 63.40447480231524 4158.876763030887 643.5090713128448 509.0199637636542 113.5250942409039 1153.448966927826 1161.099450521171 10.01518451422453 0.3718753904104233 0.4370340406894684 0.460937388241291 0.1253722906112671 0.7816929370164871 1.231726177036762 0 0.1584252566099167 0.3486838415265083 0 0.2366973385214806 0 0.2966176718473434 0.1430844068527222 0.4758342280983925 434.570303581655 11.90782261639833 7.903205059468746 0 0.3019012063741684 0.2078071460127831 3.501944363117218 0.4131870567798615 0.1143330633640289 0 0.8082872778177261 0 0.6554527431726456 0.5008622333407402 0 0.3916925191879272 64.93841693550348 5.512195020914078 0.4033374190330505 0.2615652307868004 1.652157075703144 0.1638245284557343 0 0.288420557975769 17.81991219520569 37.05754375457764 104.7819668725133 264.1575336977839 36.85229214280844 39.19046550989151 0.4110171869397163 1.003902964293957 0.1321080774068832 59.43490420281887 17.92686610668898 6.664524085819721 0.986211933195591 1.221014730632305 0.8417729735374451 0.8740018680691719 7.443691320717335 0.6318049430847168 0.107250414788723 358.4871736243367 126.0240409448743 90.45257021486759 13.95238339155912 1.545207172632217 2.186767660081387 23.04899680614471 1.953200235962868 4.304099418222904 37.59824964404106 0.8308258056640625 11.08333011716604 12.61729005724192 2.040013954043388 0.1081430166959763 0.5875207409262657 0 0 0 0.7325008362531662 0 0.179085984826088 111.5737577602267 0.4368103370070457 0 0.7256855443120003 135.0062455385923 0.1305022984743118 0 0.8230211138725281 0 0.8254621028900146 29.07983043789864 2.413367792963982 11.75223879516125 44.03066000342369 12.26409329473972 3.505657494068146 69.29668981581926 66.91392970085144 37.30930542945862 18.41654256731272 0.1435745656490326 0 0 0 0 0 0 0 0 0 0 0 0 0 0 0.3010513782501221 0 0 0 2.406513914465904 0.6149255037307739 0 0 0 2.286385662853718 1.019894778728485 2.34923779964447 0.504941999912262 0.421850398182869 0 0.183021679520607 0 0 0.114091582596302 0.1595494747161865 0 0.8127407655119896 0.652800053358078 0 0 0 0 0 0 0 0 0 0.8462927341461182 0 0 0 6.788678906857967 0 1.145522311329842 0 0 0 0 0 0 0 14.96450145542622 0 0 0 0.7431784272193909 3.509193807840347 0 0.461208239197731 4.447042644023895 1.31344710290432 0.6096299141645432 0.2599619254469872 0 0 0 0 0 0 0 0 0 24.65920973569155 0 0.7804687172174454 109.1373065635562 13.90022284537554 243.9173085018992 37.43683263659477 176.6379947662354 7.209116734564304 5.848410777747631 29.51678460836411 3.409541226923466 0.1187301948666573 1.998918898403645 0.1343248784542084 8.049458786845207 0.4767177999019623 0 1.323383495211601 1.302851416170597 0
79.98110996186733 227.4822488203645 39.38296258449554 206.4399065673351 39.51187609136105 0 108.8483690470457 6.564256265759468 33.84506829082966 325.6958654373884 16.3053230047226 202.3053837716579 356.7822908312082 109.7124728560448 1.140712790191174 0.15329509973526 0 0.135364904999733 0 0.1982468664646149 0 0.8546718657016754 0 0 0 0 0.2234682142734528 0.1966368407011032 0 0.4083170890808105 3.035276383161545 0.7706336081027985 71.01578985154629 0 0 0 28.57248213887215 2.607872694730759 5.893550649285316 0 0.3406261205673218 0 0.3206350356340408 2.642092809081078 0 1.268726155161858 2.063492216169834 0.7424004822969437 0 0.2857146412134171 0.4236890971660614 8.325208991765976 1.012363165616989 0.5823991298675537 0 0.09677725285291672 275.821519702673 116.9675382971764 0.836249977350235 1.102477952837944 2.548561796545982 9.111231446266174 0.1542569249868393 1.04999928176403 0.1105334311723709 0.1616076976060867 0.7752207517623901 0.1362998485565186 0 0.1502800434827805 222.627786308527 106.2775986194611 3.887231007218361 3.034025326371193 0.7426108345389366 3.762696973979473 2.144186824560165 0.6669400632381439 0 11.26779140532017 6.134980753064156 9.486348092556 0.2426679730415344 0.173086017370224 0 0.5612589120864868 0.220768466591835 5.46805365383625 4.967799589037895 4.487723827362061 0.879403367638588 2.077971905469894 0.1537376344203949 0 0.6180993914604187 252.3563190847635 77.3782135695219 9.615602076053619 12.48904602229595 411.0163582414389 0 0 0 0 0 3.455856561660767 0.7606678009033203 0 9.216644793748856 1.180052846670151 0 4.059299245476723 6.7037063986063 3.842411309480667 0.5277031809091568 0 0 0 0 0 0 0 0 0 0 0 0 0 0 0 0 0 0 0 0 0 0 0 0 0 0 0.179060772061348 0 0 0 0 0 0 0 0 0 0 0 0 0 0 0 0 0.1398635059595108 0 0 0 0 0 0 0 0.1663413792848587 0 0 0 0 0 0 0 0.2513903677463531 0 0.8743945807218552 0.3810940384864807 0 0 0 0 0 0 0 0 0 0 0.1345072388648987 0 0 0 0 0 0 0 0 1.694416970014572 0 0 11.48730436712503 1.110790759325027 2.87272135168314 1.638058513402939 422.4835129082203 0.1485048234462738 0 1.607164278626442 0.9157233387231827 0 0.2667596191167831 0 0 0 0 0 0 0
800.1323716044426 4466.456841506064 102.3684331029654 406.1065549552441 5214.72619266063 108.8483690470457 0 9.302744209766388 2231.41218277812 710.7658619061112 87.80754695087671 24.77996994554996 1626.886339105666 846.202475734055 8.728258118033409 1.068339020013809 0.2484708577394485 0.2234247773885727 0 0.6589639261364937 1.9390859156847 0 0.3311132863163948 0.1141741871833801 0.1321370005607605 0.09531886130571365 0 0 0.473394900560379 0.1005004644393921 106.6847099736333 13.02824764698744 4.415894366800785 0 0.1235819458961487 0.3269520401954651 1.301800355315208 0.5571761354804039 0.120851568877697 0.6590771451592445 0.5382016152143478 0 1.228307597339153 0.9324551150202751 0.2852816432714462 0.2757975608110428 89.70772940665483 10.65120874345303 0 0.6720399931073189 1.892589792609215 0.1407360136508942 0 0.3615487366914749 32.96598664671183 75.85713768750429 241.3848778754473 480.1471142172813 83.20960717648268 56.14542036503553 0.4105446711182594 0.6162828356027603 0.1262443214654922 78.99418462812901 34.18990236520767 11.66914797574282 1.83268766105175 2.128303587436676 1.440183915197849 1.556357145309448 5.719751499593258 0.1308072656393051 0 678.7754950895905 175.3103721514344 138.8465694412589 20.4565554112196 1.83800033479929 1.291633121669292 4.13561636954546 1.64368362724781 4.234876416623592 65.37409326434135 3.351166799664497 22.06481819599867 23.5650148242712 4.870762765407562 0.1195693016052246 2.157622374594212 0 0.2675260677933693 0 0.1855435818433762 0.8964868187904358 0 110.5489564463496 1.230667293071747 0 0.1904880478978157 250.8166993036866 0.4352768510580063 0.14382004737854 0.885480672121048 0 0.3680424690246582 17.344098046422 2.931470707058907 8.445154659450054 25.19730505347252 10.58431805670261 3.562107041478157 50.43423487991095 55.43609762936831 24.40003148466349 12.73707125335932 0 0.2421102002263069 0 0 0 0 0 0 0 0 0 0 0 0 0 0 0 0 0 0.3038451373577118 0 0 0 0 3.882790595293045 0 2.654720522463322 0.3424695134162903 0.3642601370811462 0 0 0 0 0.1934490650892258 0 0 0.8935068100690842 0.9809946715831757 0 0.2924253642559052 0 0 0 0.1017549633979797 0.236242339015007 0 0.2562337815761566 0.2930420935153961 0 0 0 2.382798969745636 0 0.1670561581850052 0 0 0 0 0 0 0 6.553333707153797 0 0 0 0 0.9373481199145317 0.156927153468132 1.744116753339767 1.156894817948341 1.102411642670631 0.5598472356796265 0 0.4354589432477951 0.5658152103424072 0 0 0 0 0 0 0 12.45427809655666 0 0.4085431098937988 214.0278203338385 25.60561765730381 434.4857438206673 77.96108567714691 648.5048747360706 10.48550871759653 13.38260348886251 44.94144435226917 6.864074967801571 0.3338316977024078 1.706576332449913 0.543782539665699 5.247069045901299 0.4039686918258667 0 3.02349691092968 12.7793040573597 0.6054078936576843
59.95973518490791 121.835283242166 1014.065997816622 0.2422448396682739 63.40447480231524 6.564256265759468 9.302744209766388 0 240.3977758437395 3.090972751379013 2072.651957109571 3.200427800416946 119.7687967643142 713.1144599318504 34.80228991806507 5.055384151637554 0.6708757728338242 1.860497012734413 0.3739432767033577 17.48231810331345 131.0056649371982 0 39.97191405296326 13.7552574723959 4.642374783754349 4.221636317670345 3.219742447137833 0.272538386285305 0.7681225091218948 0.8978571817278862 256.2457033395767 1233.922364927828 143.5056709572673 1.815033733844757 28.97598380595446 4.235305301845074 42.90114292502403 6.182283818721771 3.416503697633743 0.6687388941645622 60.92787350714207 3.691132314503193 10.24966505914927 1.866541668772697 0.6967306360602379 0.8559471741318703 175.177112326026 6.89218907803297 0.89451964199543 7.727087497711182 56.48619440943003 0 0 1.540453121066093 19.68379958719015 32.96053864061832 51.48703523725271 170.651163674891 31.34040394425392 86.13689285516739 14.82964298129082 54.3335949704051 0.827429510653019 160.5287547186017 18.74216648936272 14.08052858710289 15.77000870555639 107.3670370057225 126.5948151648045 122.3988489955664 69.15755201131105 0.3966230303049088 0 356.1352267339826 247.3209189921618 321.7534241378307 140.8758748620749 89.82655529677868 1847.81833037734 3115.76802598685 235.224183395505 1248.717413596809 39.38717894256115 1.237477920949459 15.87073051184416 13.03138220310211 22.55783911794424 0 0.9482588917016983 0.3243650645017624 1.113172553479671 0.2456745952367783 118.3816812112927 17.44513237476349 2.053945794701576 69.77486986666918 2.34083866328001 0 4.18837596476078 29.87975379824638 1.553001716732979 0 0.3373614177107811 0 0.1454126238822937 21.44026966392994 2.314334586262703 13.68269815295935 18.98667386174202 9.295584455132484 5.56964085996151 98.00024070590734 82.71046650409698 51.0641288459301 45.64345429092646 0.1214870288968086 0.2495302632451057 0 0 0 0 0 0 0 0 0 0 0 0 0 0.1019012853503227 0 0.5534747987985611 0 4.886447638273239 1.50638048350811 0 0 0 6.442288421094418 0.3531009629368782 6.685385599732399 0.6532734930515289 0.2453858107328415 0 0 0 0.1549598127603531 0.3816486895084381 0 0 2.795738734304905 3.291928946971893 0.2266086637973785 0 0 0.1444771438837051 0.3468017429113388 0.8944757580757141 0.1558065861463547 0 0 3.087636098265648 0 0.3229562938213348 0 13.05995514988899 0.7480179220438004 3.242725640535355 0.6305985972285271 0.07946807146072388 0.3834598734974861 0.1320373117923737 0 0 0.1384501457214355 26.70191969722509 0.4346341192722321 0 0 0.1790808737277985 9.999572649598122 0.1826139092445374 2.026996105909348 4.886883422732353 4.418873265385628 6.763249322772026 1.036929979920387 0.4783582836389542 0.6544730216264725 0 0.1196007952094078 0 0.1397847235202789 0 0.4185501486063004 0 27.36547113209963 2.43916554749012 1.11895515024662 345.8984578475356 28.31701751053333 393.5674608796835 81.46365930885077 47.83609680831432 15.41177739948034 9.492276385426521 100.8560058623552 13.0820531770587 2.302622757852077 8.98150572925806 1.140157908201218 11.5015459805727 0.6712647974491119 0 1.452987477183342 5.029258280992508 0.2075138688087463
202.2127106040716 762.650234028697 1395.097087219357 130.2242976725101 4158.876763030887 33.84506829082966 2231.41218277812 240.3977758437395 0 912.636795565486 2539.751332551241 93.38886694610119 2270.021977342665 3179.638528436422 22.16482182592154 1.61752637475729 0.7117743194103241 0.4798015803098679 0 0.6375338584184647 2.121982455253601 0.1579982191324234 0.4960754662752151 0.2514734268188477 0.7232267409563065 0 0.141952320933342 0.3156415820121765 0.2277109771966934 0.1411010771989822 120.7315950766206 16.37652382254601 31.14466328173876 0 0.9069096893072128 0.2209117338061333 4.126826360821724 0.5626962929964066 0.441836342215538 0.5798961445689201 2.321063011884689 0.1567186415195465 0.5227364376187325 1.035294950008392 0 0.7989125847816467 137.281806178391 7.914404638111591 0.4177950844168663 2.200608350336552 3.314989507198334 0.1420287042856216 0 1.011068984866142 19.53225710988045 48.84882325679064 84.15280766040087 166.4041441008449 43.05835717916489 74.71849387139082 0.8318558037281036 2.481211759150028 0 78.39102713763714 23.06417293846607 10.24074806272984 3.005302414298058 5.323103047907352 7.839368067681789 4.743953607976437 25.01131174713373 0.1166516840457916 0 357.704424098134 162.1223167702556 196.3550673499703 50.18561633676291 3.672093331813812 7.51599795371294 17.58881072700024 6.018867045640945 27.38538923859596 54.05371464043856 2.176108151674271 18.20860431343317 13.52514167875051 6.399976976215839 0.1093035489320755 1.090052530169487 0 0.2644619196653366 0.2328109592199326 6.044485822319984 0.2875094786286354 0.1832730323076248 350.1699258908629 1.514373324811459 0 0.1184677109122276 54.55312649160624 0.610169306397438 0 1.074668616056442 0.7205232381820679 1.824539572000504 49.1975344568491 9.327548235654831 29.15945870429277 65.31844026595354 38.73619186133146 12.09852687269449 224.8592374399304 224.7407743111253 113.4278132393956 63.65140160173178 0.3388568758964539 0.1390633434057236 0 0 0 0 0 0 0 0 0 0 0 0.167109027504921 0 0 0 0 0 6.541272073984146 2.430775031447411 0 0 0 7.569653734564781 0 7.968747727572918 0.507676362991333 0.2136291041970253 0 0.2607041895389557 0 0.1330753862857819 0.2325107008218765 0 0 4.652821205556393 4.742650501430035 0.1111370548605919 0.7517828643321991 0 0 0.2115926742553711 0.5865059643983841 1.297666296362877 0 0.1663732826709747 2.067752406001091 0 0.2128151506185532 0 23.79932431876659 0.719150647521019 2.776289254426956 0.8278416395187378 0 0 0 0 0 0.1588814705610275 43.13467588275671 0.139001727104187 0 0 0 10.02075545489788 0 0.2090702503919601 6.989548958837986 4.021241001784801 4.036378897726536 0.6018551588058472 1.871015749871731 0 0.2828919887542725 0 0 0 0 0 0.1866427958011627 89.43066318333149 2.282060593366623 2.452065423130989 294.1115708425641 28.2149768024683 387.0668811574578 68.71099597215652 167.5016191899776 14.10695654898882 6.879154331982136 83.14349579066038 9.213810473680496 0.6958508715033531 7.615931376814842 0.5408745780587196 12.17534723877907 0.7167286723852158 0 1.52006933093071 4.461244009435177 0.694881871342659
1618.364468634129 1572.813572943211 59.69901713728905 1701.847411222756 643.5090713128448 325.6958654373884 710.7658619061112 3.090972751379013 912.636795565486 0 69.2134580090642 2061.303027674556 12179.60460503399 630.6423838958144 1.378973841667175 0 0 0 0 0 0.129302442073822 0 0 0 0 0.1355313956737518 0 0 0.266010582447052 0 16.92065618932247 0.3233209773898125 16.30647706985474 0 0 0 4.972920343279839 0 0 0 0 0 0 0.3200253546237946 0 0 8.636068321764469 1.1679912135005 0 0 0.5083809047937393 1.373595774173737 0 0.1652522087097168 5.00186911970377 12.12513703107834 164.9203107580543 228.889148645103 27.74871930480003 5.120816700160503 0.1658220291137695 0.7281965315341949 0 3.863268658518791 3.412561945617199 1.081996291875839 0.4883583039045334 0.3644771128892899 0.1121488064527512 0.1759340316057205 223.590192168951 3.102175518870354 0.1698400378227234 145.2975456491113 16.00667397677898 11.93396163731813 1.658155366778374 0.3827586472034454 0.1011151075363159 3.335083872079849 1.106971986591816 3.500078335404396 8.515673518180847 0.6405784264206886 2.215886473655701 2.754546619951725 0.556291364133358 1.155921682715416 0 0.1799904704093933 0 0.2277355045080185 0 0.2451141029596329 0 587.76711165905 6.837536126375198 0.6353758573532104 0.4406853318214417 898.6550413668156 12.7695127427578 15.5152592509985 144.7584489136934 63.38654327392578 0.7472812682390213 61.3727510869503 36.86079703271389 21.7727240473032 157.2967548072338 40.50666749477386 4.391026511788368 129.7411255016923 129.1739585399628 72.52424854040146 19.51240326464176 0 0.1228693351149559 0 0 0 0 0 0 0 0 0 0 0 0 0 0 0 0 0 3.322099611163139 0.3258968144655228 0.1882037371397018 0 0 1.906165242195129 0 0.6427572667598724 0.1084089800715446 0 0 0 0 0 0 0 0 4.167359948158264 1.064723759889603 0.7335789278149605 0.1306612193584442 0 0 0.2868554890155792 0.2506366297602654 0.3824097737669945 0.1600237190723419 0.944495677947998 9.010762557387352 0.2464532405138016 0 0 5.813307553529739 0.1825337409973145 2.779026061296463 0.8269568234682083 0 0 0 0 0 0 8.967336654663086 0 0 0 0 3.180722638964653 0.4537776112556458 1.11755582690239 9.636304214596748 6.651429146528244 4.563097484409809 1.574790149927139 0.2416928261518478 0.5709998980164528 0 0 0 0 0 0 0 38.62089404463768 0.1216750741004944 0.2196456417441368 121.7745932489634 2.335933990776539 82.3279192596674 14.26246707886457 1127.676469035447 1.286913052201271 1.224929541349411 7.028879903256893 6.473544865846634 0.1709417253732681 2.685849107801914 0.1318227350711823 41.33819942176342 0 0 0.1336287260055542 2.159638330340385 0
83.96389484405518 682.6307817101479 3100.302619859576 5.840627156198025 509.0199637636542 16.3053230047226 87.80754695087671 2072.651957109571 2539.751332551241 69.2134580090642 0 19.24660912156105 1213.044753707945 2904.193599410355 25.84359500557184 3.243344478309155 0.4196681007742882 0.2671297863125801 0.4361285045742989 1.414504587650299 12.05017405003309 0.1997044831514359 2.60396122187376 1.391412869095802 1.330654129385948 0.6369613856077194 1.49558113515377 0.2578089833259583 0.2931952774524689 0.09422466903924942 216.825530692935 310.7200799956918 150.439788646996 0.1191025152802467 3.90667786449194 0.8052477389574051 33.10637051612139 3.250233806669712 1.285672448575497 1.280993364751339 8.751358725130558 0.7883158624172211 2.365923956036568 0.7580445110797882 0 0.2731381803750992 106.213629975915 5.189949631690979 0.2924229204654694 1.627955682575703 14.25790372490883 0.3876158148050308 0 0.1695982962846756 10.33538639545441 21.52416718751192 28.90519551932812 77.11418728530407 19.0279468819499 58.17506346106529 0.9582718759775162 19.54456392675638 0.3437868356704712 61.04559955000877 10.53201863914728 6.575431630015373 4.383861020207405 18.9353005439043 22.31194270402193 15.36509098857641 99.00513049960136 0.2818434908986092 0.1614312529563904 183.7003369703889 108.7147976309061 174.8320215642452 63.40783531218767 9.785370342433453 386.910856127739 1226.433217197657 29.11735195666552 184.3231214880943 27.47567673772573 1.574351191520691 10.58398189395666 8.849390104413033 5.556209251284599 0 0.868367113173008 0 0.237118698656559 0.3288176357746124 24.12204767763615 2.887374930083752 1.428973503410816 160.352606035769 2.217234045267105 0 2.800334349274635 33.02863842993975 0.6894247457385063 0 1.574855789542198 0.1671041250228882 1.216031298041344 32.46374362707138 6.377184897661209 20.47872235625982 33.24380458891392 17.40004221349955 9.820302963256836 147.9304478690028 149.6844981461763 74.33126902580261 60.98155850172043 0.2388205230236053 0.2905742898583412 0 0 0 0 0 0 0 0 0 0 0.1406728625297546 0 0 0.1893471777439117 0 0 0 8.837146289646626 3.236018173396587 0 0 0 6.169814519584179 1.140946745872498 9.20312737673521 0.1480330675840378 0.1047107800841331 0 0.1254846602678299 0 0.1147627085447311 0.431729719042778 0 0 5.616705670952797 5.96754813939333 1.03112319111824 0.8960518091917038 0 0 0.1386892646551132 0.6966449096798897 1.429327189922333 0 0 1.801423475146294 0 0 0 21.51449067145586 0.4124387353658676 2.116318494081497 1.138586729764938 0 0.1029410362243652 0 0 0 0.1684274822473526 47.57669419795275 0 0 0 0 9.919243171811104 0.3229243159294128 1.774540424346924 5.134716168045998 3.123073935508728 5.431233204901218 2.051309585571289 0.3827036693692207 0.3147881776094437 0 0 0 0.1403406709432602 0.1575195342302322 0 0 63.2597112134099 1.760910384356976 2.295794919133186 278.6526112556458 22.31208704411983 258.0962261483073 51.13249818980694 56.95618953555822 9.459678471088409 7.988616265356541 71.75270546972752 8.134985886514187 0.951295904815197 7.772744581103325 0.7919012755155563 15.43525862693787 0.3417867794632912 0 1.208021059632301 4.57125573605299 0.4093408733606339
52.24352097511292 34.86253525316715 13.40923868119717 51.18865735828876 113.5250942409039 202.3053837716579 24.77996994554996 3.200427800416946 93.38886694610119 2061.303027674556 19.24660912156105 0 2056.136294946074 114.79441806674 3.272897258400917 0.730962298810482 0.2083444446325302 0.1685531884431839 0 0 0.234647274017334 0.8351492881774902 0 0 0.09467510133981705 0 0 0.8618065714836121 0 0.6531923413276672 0.8881735056638718 0.7392195612192154 39.89011707901955 0 0 0 11.57224069535732 0 2.358185693621635 0.09371474385261536 0.1096497774124146 0.3167288601398468 0.3645252361893654 0.3442829102277756 0.1768572628498077 0.1988599300384521 4.978844597935677 0.3831087872385979 0 0.2651403695344925 0.4936890453100204 2.117997422814369 0 0.4061632752418518 0.3112957775592804 0.4591260701417923 8.42573444545269 6.903967246413231 0.8395485430955887 1.523643799126148 0.3643764853477478 0.1743767559528351 0 2.099660366773605 0.09181106835603714 0.247059091925621 0 0.2707234025001526 0.6069939211010933 0.2743781208992004 192.0365720838308 0 0 6.938192926347256 3.237166337668896 12.22308029234409 5.170830428600311 0.3223431706428528 0.5449475646018982 12.30547046661377 4.364765495061874 1.620339438319206 0.3594516515731812 0 0 0.1936713606119156 0 0 0 0 0.4659949392080307 0.4698029756546021 0.3285996317863464 0.1705462336540222 0 1439.382096290588 7.527642995119095 0.1916212737560272 7.423369586467743 166.0565979480743 0.3650170043110847 0 0.5150316953659058 0 0.9443840682506561 34.28495929390192 3.616939797997475 18.00464125722647 42.77283058315516 24.79075276851654 9.397579848766327 137.0159630775452 126.4429896324873 75.86538618057966 34.85006819665432 0.4133365675806999 0.1242421120405197 0 0 0 0 0 0 0 0 0 0 0 0 0.1539895385503769 0 0 0 0 4.627102762460709 0.5741077363491058 0 0 0 4.13095410913229 0 4.16581404954195 0.2914454638957977 0 0.374317854642868 0 0 0 0 0 0 1.673990324139595 1.407692849636078 0.8717796504497528 0.4650909751653671 0 0 0 0.2924700751900673 0.9403313249349594 0 0 1.615774691104889 0 0 0 9.29103222489357 0 1.777501299977303 0 0 0 0 0 0 0 27.59210580587387 0.5459808707237244 0.379176914691925 0 0 5.764014691114426 0 1.30874627828598 3.348678678274155 1.875117532908916 2.383055128157139 0.3866712376475334 1.057911515235901 0.2639924734830856 0 0 0 0 0 0 0 111.0658085495234 1.82726988196373 0.4651273488998413 34.84014844149351 0.7942950874567032 11.03118045628071 3.632878638803959 150.1287515386939 0.6041061878204346 0.1364126354455948 2.799993492662907 1.236767888069153 0 3.626282900571823 0 6.359486117959023 0 0 0 0 0
265.6828376054764 1424.050709396601 194.6211688816547 873.3012248873711 1153.448966927826 356.7822908312082 1626.886339105666 119.7687967643142 2270.021977342665 12179.60460503399 1213.044753707945 2056.136294946074 0 7110.415717452765 28.18619989603758 4.002581216394901 1.090168118476868 0.5163426548242569 0.3031539916992188 0.7701894193887711 4.052239283919334 1.851287305355072 1.088816717267036 0.1353403627872467 0.7600872367620468 0.5289141535758972 2.055054768919945 1.666464477777481 1.862158536911011 0.1399687081575394 22.29385874420404 14.59430274367332 633.692193262279 0.1506415605545044 0.7233259230852127 0.3117929399013519 66.1098692715168 4.586386561393738 2.005467787384987 2.439490124583244 4.753879524767399 5.891872808337212 1.200594134628773 2.497769221663475 0.1138699948787689 1.062319323420525 111.5956212803721 6.059057392179966 0.1711239516735077 2.511668346822262 10.42200659960508 0.9655841737985611 2.195379853248596 10.41535867750645 12.04490042477846 28.26261397451162 80.63265804201365 129.8218742236495 33.30627578496933 53.39415185898542 2.67179062962532 14.0489571839571 0 42.99258600175381 15.23982808738947 5.542701967060566 4.768162988126278 14.58541466295719 10.7624332010746 4.870820313692093 900.6395898163319 2.795864328742027 0 246.1838310584426 85.26660598069429 179.014256708324 64.10308153182268 6.735225148499012 5.032875873148441 240.285475358367 19.19963078200817 66.7949962168932 23.42038803547621 1.449869193136692 8.827490098774433 7.55192955583334 2.985282219946384 0 1.509593300521374 0 1.585400879383087 1.201027899980545 12.93612451851368 4.572733640670776 3.982339859008789 4258.496770225465 7.089348509907722 0.4089091420173645 14.0332560017705 303.5809677988291 5.906141810119152 2.326068833470345 5.808195441961288 3.487480998039246 5.679960191249847 188.320599026978 37.5182059854269 92.19481971114874 300.1059322878718 119.7314871400595 33.49564864486456 757.8691930919886 762.054806150496 371.0607693940401 210.6894087418914 2.328058004379272 0.547849215567112 0 0 0 0 0 0 0 0 0 0 0 0.3632353544235229 0.2120614796876907 0.5949192196130753 0 0.7010917961597443 0 23.46281636506319 5.543963074684143 0 0.10685995221138 0.1431573480367661 23.8074097931385 0.7137599065899849 23.97901194542646 0.4970443397760391 0.1749305427074432 0 0.4799544513225555 0 0.1336071789264679 0.6604090481996536 0.2032757252454758 0 15.58118887990713 15.38230952620506 2.503277465701103 1.261383146047592 0 0.1599031835794449 0.4612338244915009 0.9957678765058517 1.684419341385365 0.7691949307918549 1.729754120111465 9.387725263834 0 0.3157942444086075 0.1693997830152512 60.01860244572163 2.260758988559246 9.645591072738171 3.283339641988277 0.293049544095993 0 0.1846328377723694 0 0 0 170.9936190843582 0.2228507548570633 0 0 0.3355475962162018 26.995132625103 0.6138304471969604 3.236253663897514 19.76231375336647 11.73723270744085 16.3302559107542 1.791532509028912 4.004511952400208 1.536484591662884 0 0 0 0 0.1731694489717484 0 0 411.947252124548 8.942070066928864 1.860037580132484 380.1275871023536 26.74302204698324 316.8856232091784 75.75132106989622 470.053383179009 14.99146772176027 8.756012998521328 88.75756675750017 20.84556052833796 3.636236667633057 17.60434180498123 2.019620567560196 44.59630313515663 3.01175794005394 0.6622233837842941 3.570994593203068 4.570658273994923 0.574787050485611
62.37747017294168 457.5816358849406 801.1582454368472 130.6844478175044 1161.099450521171 109.7124728560448 846.202475734055 713.1144599318504 3179.638528436422 630.6423838958144 2904.193599410355 114.79441806674 7110.415717452765 0 65.18121236562729 10.07762168347836 1.246998123824596 3.419591695070267 0.4674788415431976 4.196794129908085 10.67627607285976 6.227004840970039 1.817775093019009 1.848357975482941 2.198844842612743 1.832824937999249 4.76004733890295 8.191586285829544 6.570740006864071 1.975161887705326 53.55126947909594 86.72706094384193 1636.714717395604 0 3.1984658613801 5.408070959150791 400.0990397632122 36.53403533995152 17.28593678027391 11.73612350970507 26.2062805518508 19.07719830423594 6.730485051870346 7.628789409995079 1.415061920881271 3.237842090427876 187.7336761504412 5.392533876001835 3.248677209019661 6.24109323322773 33.96432834863663 14.47151418030262 3.162672027945518 37.01296136528254 11.79161892086267 25.87154674530029 48.63331135362387 63.9683465436101 34.58720031380653 80.7485668361187 7.283388324081898 61.83259186148643 1.497787788510323 82.36273930221796 13.8463272228837 9.301794536411762 14.3373140245676 48.13833232223988 40.40227877348661 23.80096761882305 1034.591558352113 4.618616014719009 0.3211077153682709 243.3559070825577 149.483201995492 327.7045115604997 148.594637952745 15.65563163161278 54.45394942909479 773.4306845217943 55.64363568276167 219.0994515866041 30.9156341701746 0.9538592323660851 11.33993054926395 10.28518825024366 8.622469775378704 0.7358292937278748 2.089967109262943 0 2.074239999055862 5.995736554265022 47.9945298358798 19.99721341580153 12.14008565992117 1453.965041816235 28.52181023359299 0 31.00412084162235 94.89246958494186 7.261161036789417 0.6104764714837074 0.6124967038631439 1.002320811152458 6.788683116436005 137.1893638074398 20.92094154655933 72.08121491968632 116.699940174818 71.67094583809376 37.73548001050949 588.9901224002242 565.776095405221 347.4716116786003 246.8886764869094 2.190569967031479 1.437660247087479 0 0.1689341813325882 0 0 0 0 0 1.463765621185303 0.3831443190574646 0 0 1.878217399120331 0.1339912712574005 3.459287658333778 0.3803628981113434 1.514489591121674 0.2783542275428772 28.86928550153971 5.711642749607563 0.1524563729763031 0.6348178833723068 0.491934597492218 31.22381440550089 1.678333804011345 33.58871603012085 1.694898501038551 0.8578252345323563 1.853627249598503 0.6629187166690826 0 0.1541738212108612 0.8778107315301895 0.2709158211946487 0.6214722692966461 15.25402539223433 16.46774270385504 1.103507623076439 2.304285660386086 0 0.1603096276521683 1.40405298769474 1.200350940227509 1.917923524975777 0 0.7410407438874245 11.69338557124138 0 0 0 88.63585884869099 1.988625228404999 13.98031685501337 7.279064543545246 0.105457678437233 0.5851875096559525 0.6360856294631958 0 0.255328543484211 0 200.0128820613027 0.6437272727489471 0.2817164957523346 0 1.25484611093998 43.38413206487894 1.161751493811607 6.635629750788212 31.44966943562031 14.41081658005714 18.38072369247675 4.035784117877483 3.804096192121506 1.966701567173004 0 0 0 0.1158231422305107 1.438735857605934 0 0 291.7725570946932 15.32639720290899 6.400054030120373 562.888743236661 41.0192698687315 474.8061425760388 120.2694247290492 177.9674320369959 23.55914711207151 10.32466276735067 145.5148485302925 20.17467734217644 1.879188857972622 29.16252989321947 4.470151498913765 40.01460213214159 3.063770174980164 0.2588025704026222 6.971711114048958 11.81807566434145 2.664008006453514
