0 3478.086355865002 706.3243099376559 1343.446989551187 500.9895076155663 236.4171612635255 2536.739843994379 178.1981933638453 383.1435489803553 1968.717935822904 641.3413467332721 142.3399898707867 431.1764726489782 131.1723411902785 4.128895781934261 0.52098348736763 0.121934600174427 0.2183814197778702 0 0 0 0 0 0.34984090924263 0 0 0.0958363339304924 0.1293957233428955 0.3862909972667694 0 183.6401266232133 1.604084305465221 3.173356235027313 0 0.1667141169309616 0.1632273346185684 1.311997130513191 0.6332332640886307 0.8808772563934326 0 0.1686134338378906 0.1055177077651024 0.09537848830223083 0.1482672840356827 0 0 20.93736752867699 3.020769588649273 0 0.3368260860443115 4.126493774354458 0.3330870866775513 0 0.1434454023838043 9.804881937801838 3.324191316962242 288.5068761631846 1051.134698681533 56.98844388127327 12.5254152789712 0 0.1636470854282379 0 1.561714604496956 8.060643389821053 7.552994921803474 4.320839330554008 2.38008139282465 0.3544199168682098 0.5593371018767357 5.158563949167728 2.622356489300728 0 193.3952703028917 81.21579084545374 23.82762368768454 0.2795372307300568 0.4077168330550194 0.09905790537595749 29.49132850021124 0 0.2013624235987663 11.9012950733304 0 3.108604550361633 4.769799344241619 1.968557685613632 0.1606184840202332 1.068733751773834 0.4119957983493805 1.262533247470856 0.2307495474815369 0 0.8228838071227074 0.3915377259254456 23.25743642449379 0.5222507119178772 0 0.3047561347484589 1267.543973222375 0 0 0 0 0 1.242489844560623 0 0 1.410437270998955 2.48529489338398 0 2.707749038934708 2.81958182156086 2.416310742497444 2.340604409575462 0.2627303600311279 0 0 0 0 0 0 0 0.1172134280204773 0 0 0 0 0 0 0 0.2514960169792175 0 0 0 0 0 0 0 0.3648779392242432 0 0.1248170584440231 0.4248666167259216 0 0 0 0 0 0 0 0 0 0 0.22625932097435 0 0 0 0 0 0 0.1053004637360573 0 0 0 0 0 0 0 0 0.3463526740670204 0.1326534450054169 0.1044363677501678 0 0.1667417883872986 0 0 2.238934546709061 0 0 0.1144834235310555 0 0.3209062218666077 0.7022724151611328 0.4819869250059128 0 0 0 0 0 0.2588969767093658 0 0 0 0.2149677127599716 0 0 0 0.5680696666240692 0.8828569203615189 0.3473078608512878 81.57195630669594 10.16058541834354 83.6108930632472 5.664874717593193 1308.781124420464 48.828901655972 0 11.96649891883135 3.87303476780653 0.2399346828460693 1.324472576379776 0 3.782993137836456 0 0.3861475735902786 0 0.4660136923193932 0
3478.086355865002 0 2685.712282009423 340.9740130677819 6835.827464357018 331.7157802507281 4704.859777756035 371.9609710425138 2464.579290784895 355.2495505213737 4366.067796505988 18.16730584949255 262.9647914096713 381.0386588051915 28.33091475069523 2.720087841153145 0.3075499087572098 0.7620768994092941 0 0.135392352938652 0.7255502715706825 0 0 0 0.09729336202144623 0.4960708618164062 0.3896411284804344 0.788448840379715 1.368988320231438 0.153867706656456 1083.714230619371 12.18400324881077 10.439408197999 0 0 0.2656852304935455 6.914739973843098 1.546537466347218 1.730934642255306 1.007228054106236 0.5673463195562363 1.350283555686474 0.2033363580703735 0.8575194329023361 0 0 161.7645382583141 23.30635664612055 0.2452672198414803 0.6610284969210625 20.43362730741501 0 0 1.602279894053936 24.66789184510708 10.97810582816601 84.64016270637512 1061.039005465806 82.70109680294991 56.63498152047396 0 0.7272206395864487 0 21.94598255306482 27.84744991362095 28.11700336635113 19.67733601480722 8.57418754696846 1.982556127011776 0.8443511351943016 12.48648811876774 4.030251085758209 0.1022859141230583 481.0259867608547 260.4330936670303 201.1640645563602 10.28244011849165 3.686621882021427 0.4773521721363068 62.64797943085432 0.2390754297375679 1.309252507984638 43.80355302989483 0.3009840399026871 14.27119874954224 20.41414623707533 9.251387566328049 0.5397539809346199 11.46673718094826 0.413367785513401 4.458482660353184 1.552399702370167 0.9653891772031784 2.361724235117435 1.493731290102005 16.06823845207691 1.537924826145172 0 0.543667808175087 1360.805344521999 0 0 0.1538403928279877 0.1726727038621902 0 1.301133364439011 0.5434635281562805 1.482453554868698 1.551837719976902 0.9303058087825775 0 8.452545166015625 9.43332052230835 3.411036267876625 5.84202529489994 0.2655467912554741 0 0 0 0 0 0.08142451196908951 0 0 0 0 0 0 0 0.21837118268013 0.09911937266588211 0 0 0 0 2.086925268173218 0 0 0 2.85346308350563 0 2.768714472651482 0.4879324287176132 0.1318432688713074 0 0 0 0 0 0.1362630873918533 0 0.385364830493927 0.6575707644224167 0 0 0 0 0 0 0 0.09285126626491547 0.3964455127716064 0.2524601817131042 0 0 0 1.84138660132885 0 0.3119952976703644 0.1053221672773361 0.2194778174161911 0.2045381814241409 0.08602690696716309 0.5405071154236794 0 0 5.291734114289284 0 0 0.2097147032618523 0.2195128127932549 5.36456161737442 0.4305520057678223 2.853409171104431 1.306410938501358 0.2944824397563934 0.9102781116962433 0 0 0.3247760459780693 0 0.09134727716445923 0 0.6233303770422935 0.1264191567897797 0 0.1216049864888191 2.476767495274544 2.168476581573486 2.663574233651161 271.9057257845998 49.70164296030998 368.4533860459924 41.17837000638247 1359.205879218876 84.64084538817406 2.614648371934891 45.79187325388193 10.03850373625755 1.78999700397253 1.574078522622585 0.6616040244698524 13.39252006262541 0.1373980790376663 0.5199955403804779 1.65093071013689 5.361331418156624 0
706.3243099376559 2685.712282009423 0 4.734629362821579 1076.820417642593 10.6661468744278 206.2773126959801 5092.666730932891 720.0755713954568 16.45906974375248 2745.216125793755 3.998740151524544 67.78125485032797 272.6908412873745 46.96979952603579 5.162821054458618 0.2462610155344009 1.905763305723667 0.1141213178634644 0.918580025434494 16.7344094440341 0.3482946157455444 0 3.381214387714863 5.291536934673786 11.55293963849545 4.400840193033218 2.529774315655231 2.939734593033791 1.035678520798683 3422.418408483267 525.2298191413283 50.27719029039145 0 2.259929917752743 10.38084974139929 29.17776572704315 20.51918553560972 3.919028177857399 1.110605016350746 24.57953391224146 7.686873398721218 2.587009817361832 0.8927398547530174 0 0 233.7655373066664 29.69573849439621 0.401298776268959 2.865540832281113 22.63921113312244 0.1290936470031738 0.1078301295638084 1.948501884937286 28.29587710648775 12.40338379889727 40.68278034031391 894.8834266811609 85.70290510356426 93.9088316783309 0.5858323574066162 5.465533070266247 0 178.5528903007507 29.28336223959923 27.5585163384676 22.06158602237701 12.62669222056866 6.546494483947754 16.69143537431955 46.46037812530994 8.233799085021019 0 660.2924446165562 557.8750644624233 403.0122457668185 28.02547857910395 7.258545264601707 155.3677551746368 1126.420681707561 0.7846399545669556 187.5986896008253 55.04912653565407 0.2143915593624115 12.5373737886548 19.70089918375015 11.49529758095741 0.3917322680354118 10.62168176472187 0.4149914011359215 5.720642544329166 1.83179347962141 6.219924218952656 5.310247749090195 1.9629812464118 15.92126865684986 11.42995611578226 0 8.086352072656155 520.0112324729562 0 0 0.5832585841417313 0 0 0.8261835873126984 0 1.210506081581116 1.713104799389839 1.17581108212471 1.024677336215973 8.112952724099159 6.470261484384537 3.257638275623322 9.286224573850632 0.1441284269094467 0 0 0.1053158119320869 0 0 0 0 0 0 0 0 0 0 0.1252898424863815 0.290159285068512 0 0 0 0 0 0 0 0 3.492564097046852 0 2.886932358145714 1.557565741240978 1.123922526836395 0 0 0 0 0 0 0 1.070001929998398 0.5039224177598953 0.3833890855312347 0 0.1055628880858421 0.1773356944322586 0.2349482923746109 0.09275312721729279 0.3854148536920547 0.1296210736036301 0 0 0 0 0 3.1861891746521 0 0.374225839972496 0.08436262607574463 0 0.3849338665604591 0.2384516522288322 0.4906963706016541 0 0.09454328566789627 10.18131890892982 1.407899767160416 0.149834007024765 0.1139827892184258 0.2677031904459 5.481528148055077 0.6547091454267502 3.873165011405945 0.6281700730323792 1.082768425345421 1.160546749830246 0 0 0.8037668690085411 0 0.2095099315047264 0 0.9250680729746819 0.09812735766172409 0 0 7.6313406676054 4.591164633631706 9.580870121717453 260.047207467258 67.48720310628414 404.6366404742002 40.7823319658637 465.7939324900508 84.65444419533014 4.013496249914169 45.2648318707943 10.4734309092164 1.025604940950871 4.048110723495483 0.439764566719532 11.41668076813221 0.368341326713562 0.6282607316970825 1.794810682535172 7.409795507788658 0.1867140382528305
1343.446989551187 340.9740130677819 4.734629362821579 0 18.8697574287653 427.6046785861254 480.1084810644388 1.094745576381683 111.1024021953344 2716.883447527885 6.380233094096184 130.2071201056242 547.4347424507141 67.32050266116858 1.24099238216877 0.5875233709812164 0 0 0 0 0 0.1994065940380096 0 0 0 0 0 0 0 0 37.68791983276606 0.2210770174860954 0 0 0 0 0.4117759168148041 0 0 0 0 0 0 0 0 0 9.785170271992683 0.1371672600507736 0 0.1862078160047531 0.3820076808333397 0 0 0 0.6333671063184738 0.5648036301136017 9.936004810035229 57.8628421574831 3.703000515699387 3.683496534824371 0 0.13825424015522 0 1.297265097498894 1.014598302543163 1.170290164649487 0.4968964010477066 0.3224737122654915 0 0 13.81806123256683 1.532505095005035 0 26.45655699074268 10.70936477184296 8.39522485435009 0.5798339247703552 0 0.08204109221696854 1.793112702667713 0 0.09292872995138168 1.540491223335266 0 0.5852337554097176 0.8897780328989029 0.2546897754073143 0 0.2936183735728264 0 0 0 0 0 0 64.78228080272675 3.693770289421082 0 0.6441611051559448 184.3809675872326 0 0.9247539639472961 0.3154524862766266 0 0 2.533677905797958 0.3853476345539093 2.205504223704338 1.312497600913048 0.8847030848264694 0.1680101156234741 6.413413897156715 10.15154471993446 6.727092936635017 2.354440152645111 0 0 0 0 0 0 0 0 0 0 0 0 0 0 0 0 0.2009474784135818 0 0 0.9125451445579529 0 0 0 0 2.01549069583416 0 1.323422282934189 0.1915507018566132 0.3987874090671539 0 0 0 0 0 0 0 0.8911391794681549 1.273659616708755 0 0 0 0 0 0 0 0 0 0 0 0 0.204205796122551 1.829164445400238 0 0.6745824068784714 0.4811416566371918 0 0 0 0 0 0 6.553294658660889 0 0 0 0 0.7808047235012054 0.2501725554466248 1.304005771875381 0.375251829624176 0 0.6038962751626968 0 0 0 0 0 0 0.126758947968483 0 0 0 2.282242715358734 0.9443250000476837 3.219037368893623 36.18684982508421 2.639993533492088 22.12155191600323 2.314386837184429 308.5620329976082 5.331964135169983 0.176335483789444 3.446181498467922 4.731082201004028 0 3.87804588675499 0 10.37295778095722 0 0 0.238616943359375 0.1406808644533157 0
500.9895076155663 6835.827464357018 1076.820417642593 18.8697574287653 0 27.4203632324934 719.1704798638821 54.75989302992821 3231.438168749213 93.30301437526941 3654.56963507086 9.776733137667179 522.1929298564792 551.3372328728437 36.45234657078981 6.926404498517513 0.8221375793218613 3.487379401922226 0.1384855955839157 0.3818813338875771 0.8383041843771935 0 0.1713013350963593 0.1241945177316666 0.1120365113019943 0.7131921723484993 0.242044024169445 1.413159273564816 4.03302089124918 0.4229872301220894 226.8564877584577 9.904437161982059 7.50554721057415 0 0 1.153722546994686 12.60978660732508 2.007258430123329 1.671371817588806 0.8441788852214813 0.469327487051487 1.162885420024395 0 1.378495089709759 0 0.5025805234909058 108.6308746337891 5.802491150796413 0.7022979483008385 1.472248695790768 6.958552114665508 0 0 2.230352461338043 6.033878348767757 2.232828058302402 7.010296009480953 67.73537708073854 13.32272993773222 24.65278849750757 0.1401907801628113 0.9903004765510559 0 16.23147065192461 5.364438563585281 8.044575594365597 5.166739024221897 2.951132968068123 0.9015790149569511 0.7836746722459793 39.07821178436279 9.708493649959564 0 96.09465036541224 68.81651993095875 124.7135347351432 20.39872026443481 10.26268841326237 0.49314284324646 5.220035016536713 0 0.8474239408969879 10.48034534603357 0.267187587916851 3.588790267705917 4.245636284351349 3.2522012591362 0.0952293798327446 3.315558552742004 0 1.632302679121494 0.0899064838886261 0.766538068652153 0.9261725246906281 1.292239956557751 37.66687227785587 5.27421823143959 0 4.660414896905422 68.03705813735723 0 0.3133528828620911 0.8641545623540878 0.6458067893981934 0.2857509553432465 9.073956698179245 0.3760500848293304 5.075531125068665 7.773732081055641 3.217346519231796 1.630277633666992 26.41013938188553 30.41402885317802 11.84342147409916 23.6656206548214 0 0 0 0.1763572692871094 0 0 0 0 0 0.5530992746353149 0 0 0.3351799547672272 0 0 0 0 0.2152233570814133 0 0.6476918458938599 0.6947057247161865 0 0 0.3946112543344498 6.519298419356346 0 9.886745125055313 1.646630167961121 0.2604572772979736 0 0 0.1858587265014648 0 0 0.2801084741950035 0 1.81022971868515 1.777744472026825 0.5384436175227165 0.3813683986663818 0 0 0 0 0.6820919513702393 0 0.2433217465877533 1.493854537606239 0 0 0 7.746958404779434 0 1.651512384414673 1.176303446292877 0.104218564927578 0.09626296162605286 0.1225561648607254 0.5570241957902908 0.152545690536499 0 24.25227026641369 0.6019476056098938 0 0.1055151298642159 0.1065501943230629 8.884675025939941 5.01133793592453 9.657295286655426 0.9948592036962509 0.6551045775413513 3.576955661177635 0.1572843044996262 0.3692647516727448 0.7460039407014847 0.1699510216712952 0 0 0.4132413417100906 0.1975503340363503 0 0 11.37524941563606 7.366902768611908 12.80192929506302 264.9070103913546 47.36422914266586 211.7276284769177 41.7694725394249 230.0404715836048 36.74494055658579 1.925741642713547 45.04449111223221 15.12178810685873 1.518348075449467 11.84616035223007 0.3970125168561935 31.14193266630173 0.6488190144300461 0.1242281273007393 2.894802421331406 5.383117720484734 0
236.4171612635255 331.7157802507281 10.6661468744278 427.6046785861254 27.4203632324934 0 322.7292496338487 4.109045594930649 145.0879646092653 1323.115098200738 26.25154957175255 297.4572560936213 279.1399798765779 102.9769575446844 0.6561734303832054 0.9510575383901596 0 0 0 0 0 28.01005101203918 0 0 0 0 0 0.1938401460647583 2.881180912256241 0.1845830231904984 51.2648274153471 0.2131941020488739 23.07706664502621 0 0 0 13.21111442893744 0.103410504758358 2.125007495284081 0 0 1.752922683954239 0 0.2492814660072327 0 0 4.179120011627674 0.8294253870844841 0 0.3170010894536972 3.591895133256912 99.10417494177818 9.353981897234917 13.31868936121464 1.410578072071075 0.3815434873104095 234.3707193955779 200.471761867404 7.125471100211143 1.492402747273445 0 3.121330857276917 0 0.128645047545433 1.3504698574543 1.087590269744396 1.068597435951233 1.124356232583523 1.208091229200363 0.3606717884540558 216.9499616920948 315.9050846844912 11.33791680634022 23.96028008311987 7.782908260822296 4.210981748998165 0.1087596043944359 0.2608447968959808 0 16.52497041225433 0 1.316123135387897 2.030694209039211 1.351482048630714 0.2359451726078987 1.995637290179729 0.1072062402963638 15.71369434893131 21.84916209429502 13.9307814091444 21.27348067611456 24.60734671354294 0.3355996608734131 14.01749470829964 38.89619441330433 225.3213772475719 127.4365645349026 14.78379932045937 11.95465937256813 460.6813376843929 0 0.2330653071403503 0.7508145421743393 0 0 3.434414193034172 0.6151711642742157 0.366478219628334 1.927132189273834 3.998219594359398 0 6.731976240873337 9.774273619055748 3.910622611641884 5.156572714447975 0 0.3759296238422394 0 0.3120957016944885 0 0 0 0 0.3568502068519592 0 0 0.6234911531209946 0 0.1752597391605377 0 0 0.5973005741834641 0.1877063363790512 0.3681123852729797 0.1620251536369324 0 0.773838683962822 0 0.4914196878671646 0.9787415266036987 0 2.255699425935745 1.862075641751289 0.6758870333433151 0.1852178871631622 0 0 0 0 0 0 0.179434522986412 1.249811351299286 0 0 0.3473035097122192 1.081519462168217 0 0 0 0 0.1825385838747025 0.1456389576196671 0 0 0 1.212799869477749 0 0.522162526845932 0 0 0 0 0.104490652680397 0 0 3.78090201318264 2.304323047399521 0 0 0 0 0.9124903231859207 0 0 0 0.4021017700433731 0 0 0.214598149061203 0 0 0 0.1647028028964996 0.2848417460918427 0 0.1869951635599136 6.807991057634354 1.23143969476223 7.64771243929863 37.71474888920784 2.557712696492672 16.07998737692833 2.186992451548576 300.4934666156769 13.80424590408802 0.1573604196310043 2.492659822106361 4.028835400938988 0 1.211007535457611 0 14.57781338691711 0.305027186870575 0 0.2749314606189728 0 0
2536.739843994379 4704.859777756035 206.2773126959801 480.1084810644388 719.1704798638821 322.7292496338487 0 12.23629476875067 1196.789686642587 1482.995899930596 138.6545587480068 77.17179510742426 2256.880121581256 277.6718435883522 43.52372916042805 4.926788002252579 0.4736639708280563 2.000787138938904 0 0.1272307485342026 1.164806805551052 0 0 0 0.10604228079319 0.3821893632411957 0.5363859757781029 1.724813148379326 3.481029100716114 0.7647366374731064 252.2228842973709 9.451502650976181 9.262960307300091 0 0.2527683973312378 0.1108787357807159 7.60773853212595 4.149448484182358 3.58820902556181 0.7682647556066513 0.3947502076625824 2.420359946787357 0 1.564831629395485 0.1104843467473984 0 184.8919473960996 11.12034533917904 0.5534909665584564 1.843466952443123 9.192664377391338 0.2341678440570831 0 2.648134991526604 11.22939831763506 5.205003097653389 28.94042237848043 165.1895076707006 27.6874153316021 45.58153135329485 0.1854030936956406 0.667522206902504 0.345506489276886 23.19118373095989 14.80276416242123 12.75998228043318 9.749561339616776 4.738293647766113 0.5569702163338661 0.8576265126466751 60.62460634112358 13.70886082947254 0 195.2615150585771 139.3613376989961 201.7754307240248 21.12895166128874 6.657187089323997 0.2182353734970093 6.534243769943714 0.9304217249155045 0.6340110599994659 26.93528036773205 0.09597552567720413 4.86856160312891 9.090392902493477 5.432357840240002 0.1651135087013245 5.30529972165823 0.09430976212024689 2.097360484302044 0.6680102124810219 0.8350211903452873 4.208631187677383 1.388801917433739 84.87782591581345 13.58776518702507 0 5.074785836040974 205.8948403671384 0 4.151703253388405 4.850236341357231 1.203670099377632 0.9651698395609856 10.00709410011768 1.793085679411888 7.821670338511467 21.42882080376148 8.935625016689301 2.566204905509949 58.37886929512024 57.097318187356 25.49388821423054 44.50349134206772 0.9010629951953888 0.1541123390197754 0 0.1783057749271393 0 0 0 0 0.4121773093938828 0 0 0 0 0.1650335192680359 0 0 0 0.3588819205760956 0 0.8224634528160095 0.2203114330768585 0 0 0 16.83518379181623 0 16.00189537554979 4.513657696545124 0.6290866285562515 0 0 0 0.3925028741359711 0.3641442358493805 0.5255626738071442 0 5.637132741510868 6.53449347615242 0.6741394326090813 0.2263166010379791 0 0.5517679750919342 0 0 1.84208095818758 0.2018435597419739 0.400074377655983 2.867045119404793 0.3390535861253738 0.3472834527492523 0.1430615335702896 14.8683730661869 1.942835375666618 2.99759566783905 1.08334980905056 0.1644142121076584 0.3268540576100349 0.101097896695137 0.3029609322547913 0.1460346877574921 0.3415499925613403 42.26828557252884 2.148681849241257 0 0 0.1389849781990051 14.51361787319183 9.824146583676338 19.32528203725815 4.850813508033752 5.502845659852028 6.072871968150139 2.30777770280838 0.7696832120418549 1.620651200413704 0 0 0 0.9079104065895081 0.310063511133194 0.3012677133083344 0 22.57204473018646 11.11721758544445 26.62067309767008 370.1508655399084 53.25505963712931 335.0851828828454 53.53859011083841 754.1349518746138 52.84260994940996 3.762137480080128 57.19397646933794 39.69940058887005 1.5814573392272 26.14157430827618 1.152459755539894 65.29116673767567 4.186051025986671 0 9.35502015799284 5.865097843110561 0.6204286813735962
178.1981933638453 371.9609710425138 5092.666730932891 1.094745576381683 54.75989302992821 4.109045594930649 12.23629476875067 0 452.8610905706882 7.672221288084984 836.9774730503559 18.52742880582809 151.8053479790688 1607.942541390657 92.86010310053825 32.10173531621695 2.060583412647247 6.863630168139935 0.1683790981769562 2.737681716680527 27.61982522159815 0.7050913870334625 0.3661855459213257 9.968367278575897 23.02295569330454 46.48530142009258 22.35426142811775 9.845477923750877 3.376652508974075 7.917272284626961 1819.649806573987 2120.752997025847 436.9444763660431 0.423479437828064 2.13712115585804 63.85081201791763 146.1448252946138 153.0117772966623 10.06100799143314 9.032815918326378 101.12662088871 24.19530057907104 2.695251554250717 8.706475719809532 0.1376855671405792 0 229.4578163027763 9.186535023152828 0.4656754061579704 2.526190489530563 8.183009840548038 0.3875371441245079 0 1.5963239595294 8.873560078442097 4.653210245072842 8.691100083291531 226.8396849259734 29.28139787167311 40.60740524530411 2.584452077746391 39.61367761343718 0.6034307330846786 282.3341767936945 9.942840844392776 9.546614870429039 7.696827903389931 6.184364669024944 5.434596501290798 21.1873235553503 134.2620198056102 16.48725248873234 0 219.2093674913049 270.4248421862721 298.2777785435319 91.99797155708075 114.5598940700293 321.4959710836411 787.3313212990761 10.47680369019508 788.6172492802143 14.35200073570013 0.09769437462091446 4.265007898211479 6.828022539615631 4.826937325298786 0.0890178307890892 3.44710311293602 0.5094050094485283 2.341444507241249 0.8089025020599365 6.405216164886951 6.110442072153091 1.320660449564457 59.28411230444908 20.8886336684227 0 14.24742344766855 74.56144291162491 0 1.183459341526031 1.01247076690197 0.8605238795280457 0 3.700740694999695 0.5846107453107834 2.796627789735794 2.117433324456215 2.329975962638855 1.357131913304329 12.46815446019173 13.38548527657986 5.668797269463539 15.85393765568733 0 0.2991034388542175 0 0 0 0 0 0.1495021134614944 0 0.1699779331684113 0.1672558337450027 0 0 0.3470731526613235 0 0.1565586179494858 0 0.5800622850656509 0 1.111744821071625 0.2471155226230621 0.2134802639484406 0 0 5.703879326581955 0 5.939810559153557 1.062627017498016 0.2494989633560181 0.1443209946155548 0 0 0 0 0 0.2887166738510132 2.719062015414238 3.582237601280212 0.1390357166528702 0.2532579004764557 0.4167897552251816 0.1691585183143616 0.1609245538711548 0 0 0.0919596254825592 0.3747294545173645 1.366844728589058 0 0 0.4985016286373138 5.630942560732365 0 0.6271908432245255 1.114783242344856 0.3138662129640579 0.7865127101540565 0 0.09528514742851257 0.2603207528591156 0.2510276138782501 23.19005465507507 0.2247352302074432 0 0 0.260850578546524 5.614064514636993 3.28839910030365 5.955961003899574 1.111295312643051 1.022861957550049 1.4700797945261 0.9434658885002136 0.2233811020851135 0.6558633372187614 0 0.1122465804219246 0 0.2142285704612732 0.2252431809902191 0 0.1148855835199356 15.44641062617302 11.3007739931345 16.0335806235671 321.8699601441622 51.37164445221424 335.0789989084005 63.08160589635372 159.1972429156303 45.88180673867464 3.507015012204647 61.88326790183783 13.71888770908117 1.523450717329979 5.819329582154751 0.5540290027856827 10.59651847183704 1.009683191776276 0.5396146327257156 2.408041790127754 6.875526987016201 0.1254672557115555
383.1435489803553 2464.579290784895 720.0755713954568 111.1024021953344 3231.438168749213 145.0879646092653 1196.789686642587 452.8610905706882 0 590.3672961741686 3625.349493391812 61.86030286550522 3205.679661653936 1556.883655399084 91.18852292746305 34.23518995940685 0.8018914684653282 9.24392519146204 0 0.1349131464958191 1.978410474956036 0.1898932904005051 0.2202637940645218 0.3303726613521576 1.987583719193935 2.142729967832565 1.028332427144051 3.133660100400448 8.105405606329441 1.203810155391693 220.0999604165554 17.69421929121017 103.4995657280087 0 0 11.68445259332657 31.48477704077959 3.3023367151618 6.209814600646496 0.4383886158466339 2.079398803412914 3.728839814662933 0.1846665143966675 8.053661711513996 0.1220693662762642 0 206.2818853184581 6.615384057164192 0.6878720223903656 2.94564189016819 5.055457778275013 0 0.7234999239444733 3.985137194395065 4.963066324591637 2.400097280740738 9.789752408862114 73.8517891690135 18.52636647224426 30.58567265421152 0.2770666629076004 12.51087038218975 0 36.91209173202515 6.280096121132374 7.594405360519886 6.378207862377167 4.521754920482635 1.443896234035492 2.682090148329735 123.7403269037604 38.60272295027971 0.1069247126579285 113.8042081445456 94.90671364217997 195.3125586882234 58.35506135225296 35.55019357055426 0.6508386880159378 52.15339748561382 0.7919357419013977 1.8537213280797 10.91773729771376 0.1966253966093063 2.750325754284859 4.22118229418993 4.076121084392071 0.09919455647468567 2.741864033043385 0.4456600397825241 1.45661323517561 0.7293037548661232 1.587417431175709 1.738469697535038 2.323983214795589 224.3295300081372 13.92999990284443 0 9.876592412590981 72.97353123873472 1.174465820193291 5.164151981472969 6.359445333480835 2.545166537165642 0.4008194953203201 32.64238187670708 4.853575348854065 14.40066123008728 35.57173839956522 28.96315920352936 8.75080144405365 127.2704631388187 158.4528814181685 50.61627231538296 98.02118173241615 3.440396904945374 0.6726061999797821 0 0 0 0 0 0 0 0.2090167254209518 0 0.1369348913431168 0 0.3269944489002228 0 0.2203779518604279 0.2964138090610504 0 0 1.767506673932076 1.547408223152161 0.1641331017017365 0 0.1720373779535294 29.07554841041565 0.5850687921047211 43.4377483278513 8.14514946937561 1.412340864539146 0 0 0 0.1736406236886978 0.6156845688819885 0.7416762411594391 0 6.672448024153709 10.62578767538071 1.650017768144608 0 0 0.6925252377986908 0.2731077969074249 0.2649845480918884 2.327731803059578 0.3850160241127014 4.199583940207958 4.171782746911049 0 0.329552173614502 0.6998649537563324 33.07039380073547 0.7730525135993958 6.163442470133305 2.925162188708782 1.172445245087147 0.2162395194172859 0.1036938652396202 0.9873847588896751 0 0 91.86746637523174 3.769741013646126 0 0 0.4777449071407318 26.70052492618561 15.17240563035011 29.24302411079407 8.770099706947803 11.77414019405842 13.31429776549339 4.630166158080101 1.533578366041183 3.438045330345631 0 0 0 1.047533772885799 0.2179967239499092 0.1268993020057678 0.2157157510519028 57.63965179026127 23.20967987179756 50.77815850824118 708.9513723924756 83.76801912486553 400.6624533906579 88.96785303205252 332.1639391481876 62.26411037892103 4.1980921626091 121.9356686398387 86.68209386616945 2.348146460950375 61.95590105652809 1.918993681669235 123.4376664534211 4.612092562019825 0.5475545674562454 15.25699505209923 13.63530606031418 0.2964551448822021
1968.717935822904 355.2495505213737 16.45906974375248 2716.883447527885 93.30301437526941 1323.115098200738 1482.995899930596 7.672221288084984 590.3672961741686 0 45.5405690073967 1160.152554094791 3380.815246127546 558.4384376481175 9.674622029066086 4.874376073479652 0.1074881032109261 1.08017672598362 0 0.1319739818572998 0.4086976945400238 0 0 0 0.9061252474784851 0.4417466223239899 0 0.2511017322540283 0.44915571808815 0.139298602938652 52.53347883373499 1.074229344725609 40.22580122947693 0 0 0 7.508654534816742 0.8080087453126907 1.954189792275429 0.1787711083889008 0.2635014653205872 0.1476181894540787 0 0.7405148446559906 0 0 35.14261234551668 1.61061130464077 0 0.2077428251504898 1.705243520438671 0 0 0 3.740049093961716 1.149594537913799 78.3225424438715 126.0369787588716 14.95142243057489 7.288833923637867 0.136450007557869 0.2546733021736145 0 3.917706921696663 2.548142179846764 2.805947966873646 2.318576842546463 0.9011051952838898 0.3595836237072945 0.2742627933621407 82.03801357746124 18.18860004842281 0 54.4018569290638 28.33449591696262 31.15973571687937 2.791797384619713 2.803404361009598 0 128.7780064791441 1.525545954704285 0.690699391067028 4.662117399275303 0.1124843209981918 1.588798150420189 2.589746527373791 1.397152028977871 0 0.700892873108387 0 0.5547008365392685 0.2066397592425346 0.246524840593338 0.4466636702418327 0 752.8626263290644 11.03069415688515 0.1012324020266533 3.605842679738998 646.6922079101205 0.1147123277187347 8.843175902962685 9.845894321799278 1.64402736723423 0.4431415498256683 29.07524332404137 7.073302358388901 12.73977352678776 30.9568927064538 33.52977283298969 8.18975742161274 118.02523393929 150.0249224305153 63.99257110059261 77.323197260499 2.409654811024666 0.584571361541748 0 0 0 0 0 0 0.1926218867301941 0 0 0.1549016833305359 0 0.6242754906415939 0.1642904430627823 0.1781923472881317 0 0.2564602419734001 0 1.758883520960808 2.307791575789452 0 0 0.4312540590763092 14.47526167333126 0 17.03007920086384 5.230563670396805 0.9362622499465942 0 0 0 0 0 0 0 7.584933310747147 10.88881187140942 0.2843218594789505 0.1659154295921326 0 0.1373141556978226 0 0.6326244845986366 0.1304177939891815 0.2364883869886398 0.6351596713066101 5.836606182157993 0.3259489387273788 0 1.084260374307632 20.46083791553974 1.352296024560928 3.885539121925831 2.675250448286533 0.6991312056779861 0.2794149965047836 0.2214030399918556 0.4836035072803497 0 0 50.60121643543243 3.02604179084301 0 0 0 21.2805889248848 8.031562432646751 26.21651008725166 5.076000168919563 8.684144258499146 5.551780179142952 2.107035383582115 0.7467760890722275 0.9836640879511833 0 0 0 0.8633219376206398 0 0 0 56.18150272965431 8.189095452427864 27.15893509984016 240.0369170829654 9.675519123673439 97.28114704042673 13.22887799143791 872.391130194068 20.71608800441027 0.7402070015668869 21.1149605512619 64.45984066277742 0.8163307160139084 38.47555034607649 1.45621845126152 142.7185509055853 2.757770672440529 0.6289083361625671 8.629835322499275 1.982870124280453 0
641.3413467332721 4366.067796505988 2745.216125793755 6.380233094096184 3654.56963507086 26.25154957175255 138.6545587480068 836.9774730503559 3625.349493391812 45.5405690073967 0 32.86816563457251 1075.339361183345 6790.239707127213 158.6266133263707 59.17149011045694 2.046568162739277 14.89739734679461 0.1216105818748474 1.85494227707386 8.751624092459679 0.1512954235076904 0.1095511764287949 2.268015578389168 4.791885383427143 16.75617015361786 7.513873711228371 6.522912032902241 10.8672763928771 2.966708697378635 883.4387200400233 141.9799070954323 675.4855121076107 0.1224956512451172 0.207215741276741 35.4406691044569 107.2628028392792 53.44823858141899 6.149701580405235 4.079444885253906 25.5325807929039 9.736730456352234 0.5256515294313431 16.71324361115694 0 0.4446156620979309 338.5303115621209 12.44670756906271 1.223587863147259 3.956835359334946 15.35736884176731 1.012357220053673 0.3102755546569824 3.951245844364166 9.833715237677097 5.328072652220726 18.85213977843523 210.0152567401528 32.68989320099354 62.73825344443321 0.4088794738054276 73.48573917150497 0.1611442714929581 100.8093317821622 14.74678166955709 16.31996861100197 11.29898279905319 6.530202731490135 3.867928609251976 5.083207368850708 141.3587392047048 22.34954857081175 0.1016169190406799 253.4863533228636 234.9119535088539 375.0766643956304 118.0567805022001 80.78521531820297 6.808670781552792 1161.304194420576 2.914482861757278 4.173128090798855 22.77638053894043 0.1077128797769547 7.295484662055969 9.826161414384842 8.35334886610508 0.7255647107958794 6.480619534850121 0.4406801238656044 4.303118959069252 1.014583058655262 4.214999541640282 5.755228444933891 4.093346625566483 107.5678529292345 18.97809615731239 0 9.144330710172653 130.9573809728026 0 1.773067578673363 1.132988914847374 0.1864216774702072 0.2705443799495697 9.844303160905838 1.305942237377167 6.394770815968513 14.97870577871799 6.847894892096519 4.318430006504059 37.50979022681713 45.86880464851856 20.45230834186077 37.37409506738186 0.09001988172531128 0.3787763714790344 0 0 0 0 0 0 0 0.1959709674119949 0 0.378571093082428 0 0.3777012825012207 0 0.1304219514131546 0.2690282911062241 0.230233259499073 0.1196234449744225 0.3232550173997879 0.3424724936485291 0.5121508240699768 0 0 11.21853271126747 0 15.57338045537472 2.091335393488407 0.2570613548159599 0 0.1250068247318268 0.1890192478895187 0 0.2639425098896027 0.2970923855900764 0 3.967787265777588 5.680732756853104 0.3155248463153839 0 0.3795962333679199 0 0.1169303804636002 0 0.4569450318813324 0.1045946404337883 0 1.718317091464996 0 0 0.2944633662700653 9.26380131393671 0.7659609913825989 2.532684542238712 1.462984628975391 0.1287355124950409 1.170294612646103 0 0.5124175697565079 0.189684733748436 0.9724712148308754 41.63330538570881 1.147805601358414 0 0.09801195561885834 0.3698282688856125 12.17168281972408 6.70904590934515 13.78660145401955 0.9966266304254532 4.881980046629906 4.141879007220268 1.358335256576538 0.5400963425636292 1.046619817614555 0 0 0 0.520050585269928 0.3175812512636185 0 0.1340226978063583 29.84240970015526 18.28181797266006 22.87268846482038 747.4519926309586 129.5218707844615 583.9989580661058 134.1008026897907 357.5149391144514 93.20090612769127 4.217812053859234 143.0830167755485 29.97529599815607 4.496239334344864 25.43607535213232 0.7427727878093719 41.78155359625816 2.123609989881516 0.7634175419807434 7.0793132558465 12.96537508070469 0.5040887296199799
142.3399898707867 18.16730584949255 3.998740151524544 130.2071201056242 9.776733137667179 297.4572560936213 77.17179510742426 18.52742880582809 61.86030286550522 1160.152554094791 32.86816563457251 0 1099.945893265307 171.3064714744687 21.85650214552879 29.5505161061883 1.029296338558197 2.556477256119251 0 0.1231634616851807 0.2995205521583557 0 0 0 0.6205338090658188 1.016632124781609 0 1.064568616449833 0.7358656376600266 0.1443276107311249 7.47214762121439 1.724983096122742 101.7921686470509 0 0 4.89496111869812 25.92287831008434 5.679086625576019 0.6968701928853989 1.331109762191772 0.620481476187706 0.5296899229288101 0 6.054241172969341 0 0.1971993744373322 24.37359447032213 0.1266266107559204 0.1531545668840408 0.125927746295929 1.167134389281273 0.1336423456668854 0 0.9175664186477661 0.2890160158276558 0.2856667935848236 9.003142364323139 10.62835893779993 1.818511113524437 1.237152241170406 0.708595409989357 48.94509606063366 1.006742492318153 3.362802319228649 0.3037036806344986 0.4181057810783386 0 0.3975275680422783 0.353365570306778 0.4831081330776215 94.72724786400795 18.28155055642128 0 4.565829269587994 5.669925630092621 11.65251296758652 9.178419910371304 11.5820919573307 0.9207804948091507 320.8895885422826 7.162534311413765 25.12021087110043 0.3929153084754944 0 0 0.1895482987165451 0.5666942372918129 0 0.1502537131309509 0.1909788101911545 0.4875841438770294 0 0 0.3712905496358871 0.1509862989187241 1734.260583117604 75.41118662059307 0 21.43793129920959 135.7018257379532 0.3047690987586975 5.815802663564682 2.27419900894165 1.981817930936813 0.7448931634426117 28.0653377622366 7.070158809423447 15.61236546933651 27.14884091168642 30.9650249928236 5.041480273008347 107.9579407274723 154.6465365588665 65.37746031582355 79.58600576221943 0.6727022528648376 0 0 0 0 0 0 0 0.2115345150232315 0 0 0 0 0.1397716850042343 0 0 0.1244392022490501 0 0 3.004214227199554 1.194546937942505 0 0 0 17.4128482490778 0 9.479845404624939 3.546168744564056 0.7844650447368622 0 0 0 0.5340749025344849 0 0.2578393518924713 0 5.169464536011219 4.347777903079987 0.7040292024612427 0.1351984739303589 0 0.2290452718734741 0 0 1.634667232632637 0 1.798342853784561 3.248933136463165 0.142967164516449 0 0.4739798903465271 10.59633270651102 0.3539020419120789 3.54946768283844 1.608520478010178 0.5365763604640961 0.3547605946660042 0 0.1235300004482269 0 0 62.782420784235 3.428060710430145 0 0 0 15.79068247973919 4.762420490384102 7.040299832820892 4.787262693047523 6.241277635097504 8.166367135941982 2.939732104539871 0.4767481982707977 0.7345029711723328 0 0 0 0.7351254895329475 0.3074418157339096 0 0 75.57128508388996 11.87248036265373 18.50688891112804 222.409746363759 15.53631664067507 59.09100331366062 14.37837947905064 306.4670074358582 7.144124194979668 0 27.81457667797804 57.92480543255806 1.110187694430351 35.6564714461565 0.5944082736968994 118.9712265580893 2.408888190984726 0.6497468948364258 9.628827914595604 2.375438004732132 0
431.1764726489782 262.9647914096713 67.78125485032797 547.4347424507141 522.1929298564792 279.1399798765779 2256.880121581256 151.8053479790688 3205.679661653936 3380.815246127546 1075.339361183345 1099.945893265307 0 1341.920295245945 141.6275829076767 101.8486255556345 4.5734778419137 13.78996846824884 0.1012573465704918 1.182726085186005 2.271941319108009 0.1277436316013336 0.1541078239679337 0.992944523692131 8.019432038068771 5.696061432361603 4.924780145287514 3.57061243057251 9.295450456440449 1.334106341004372 59.46255592256784 9.165715739130974 640.3590986058116 0.5072464048862457 5.919521614909172 56.65054105222225 122.5268377065659 69.12241062521935 3.591887556016445 4.322167240083218 3.190786674618721 3.968333281576633 0.4969442263245583 20.96273709833622 0.5499750524759293 1.541862115263939 138.6837224960327 2.865945994853973 1.158050440251827 1.375748686492443 4.74265118688345 0 0.13897405564785 3.524727806448936 1.907213889062405 0.9886249005794525 15.8642952144146 32.68589106202126 7.848159044981003 10.82458857446909 2.45044768601656 87.11076076328754 2.728215083479881 17.96857877075672 2.351569399237633 2.174544222652912 1.903223842382431 2.490308165550232 1.585952162742615 2.698644429445267 329.346403196454 27.47969855368137 0 40.80066058784723 38.46815221011639 95.16355138272047 50.4592287093401 51.97599526494741 1.995490506291389 460.5768100246787 10.11167900264263 42.94911882281303 3.660615876317024 0 0.7606075406074524 1.563396334648132 2.360654100775719 0 0.9771458581089973 0.4183788523077965 0.8824221938848495 0.1281714737415314 1.167372643947601 1.439402028918266 2.242645688354969 1747.50307802856 37.87219282984734 0 10.94400873780251 122.9637807682157 0.6825229823589325 15.63182978332043 10.07561284303665 4.995482832193375 0 59.1538882702589 13.90329523384571 32.76887734234333 72.82484076172113 60.65781171619892 10.74827964603901 248.1865282580256 352.4660199359059 119.4583947136998 186.7341973930597 2.015607357025146 1.549250334501266 0 0.6815773844718933 0 0 0 0 0.1048596203327179 0.1719107329845428 0 0 0.1335722059011459 0.3010640889406204 0 0.185104638338089 0.4224429205060005 0.818121150135994 0.1216897070407867 4.483025833964348 3.010465666651726 0.6378341168165207 0.3067552745342255 0.7298184186220169 40.06023500114679 0.492756113409996 33.29031211137772 6.691456779837608 1.19873009622097 0 0.2113886475563049 0 1.26093989610672 0.6191218495368958 1.583226680755615 0 12.63765070587397 16.16406933218241 1.591994881629944 0 0.443483293056488 0.4570471942424774 0.5249172374606133 0.3231898695230484 2.028834015130997 0.2111019343137741 1.915367677807808 7.493731014430523 1.252414673566818 0.8667020201683044 1.423773601651192 33.60963171720505 2.625105068087578 6.442712560296059 5.133224457502365 1.10287094861269 1.3812520429492 0.3219557031989098 0.9459532871842384 0 0.1905019581317902 168.2132072299719 3.78778412938118 0 0 0.7404793798923492 40.28734046220779 11.76381988823414 39.10778144001961 11.2970544397831 18.63614282011986 17.38619635254145 4.288925513625145 0.5596932470798492 2.26661067456007 0 0.09435217827558517 0.1913236081600189 1.287759602069855 0.7789092063903809 0.1027591675519943 0.2585849016904831 151.7036069333553 36.34791675209999 54.21214321255684 682.2841412574053 90.63105770945549 302.3297909274697 79.62220583856106 310.8495024070144 39.34051672369242 3.618439584970474 125.5475062504411 102.4360732287169 5.059829317033291 69.2681972309947 1.924054183065891 234.9144973903894 5.137847289443016 1.079823926091194 17.79701896011829 10.77357470989227 0.1963851302862167
