0 5618.560416117311 598.4511911273003 689.548123717308 357.8516784608364 1152.029410988092 1263.549855068326 127.6888562142849 26.47137517482042 542.3844117373228 329.6283192113042 50.17701730132103 64.96591975539923 21.94984606653452 5.166356205940247 7.56415519118309 0.656233549118042 0.3290691077709198 0 0.764378696680069 0.9220264852046967 0 0.3912438452243805 0.1028975620865822 0 0 1.038342200219631 0.4283127784729004 0 0 203.3481401875615 20.15166172385216 2.003065764904022 0 1.038631752133369 0.4990459084510803 4.844216227531433 0.4456857591867447 0.1121577844023705 0 3.170076102018356 0 1.442818522453308 0 0 0.1307436376810074 61.97449331730604 6.437047183513641 0.5710306763648987 0.8348071202635765 1.944404177367687 0 0 0.8936183750629425 22.06728718429804 14.90708919614553 336.616991519928 770.6034736633301 120.4515662118793 63.46876510977745 0.5130635648965836 4.669124260544777 0.1378096491098404 18.66498593240976 10.01741614192724 1.422356933355331 1.941930770874023 2.885439656674862 1.664357751607895 4.476537540555 4.443933092057705 3.262344963848591 0 931.549864217639 65.42528101801872 93.11528940498829 12.268195964396 1.381645075976849 13.35564501583576 27.97971295565367 0.6589017063379288 7.236907131969929 37.46827778965235 0.5667101442813873 1.625919528305531 7.502892717719078 1.794356264173985 0 1.542894020676613 0 0.9236497208476067 1.128166183829308 1.689608171582222 0.5560634061694145 0 82.69781222939491 1.979901567101479 0 0.1703542470932007 1676.715179413557 0 0 2.046989440917969 0 0.3574453294277191 2.317678555846214 0 4.998509705066681 56.08524006605148 13.73001451790333 0.4648736417293549 13.59180060774088 9.74308679997921 11.6644584685564 3.39940083026886 0.2741649225354195 0 0 0.1620201021432877 0 0 0 0 0 0 0 0 0 0 0 0 0 0 0 0.5521054863929749 0 0 0 0 1.128337219357491 0 1.053591750562191 0 0 0 0 0.2918016016483307 0 0.7312851995229721 0 0 1.373198822140694 0 0 0 0 0 0 0 0 0.118073970079422 0 0 0 0 0 0.8979853093624115 0.2788869142532349 0 0 0 0 0 0.1126671433448792 0 0 9.055301368236542 1.198422372341156 0 0 0 0 0 0 0.6159942597150803 0 1.009907349944115 0.374242752790451 0.1835502088069916 0 0 0 0 0.4269358590245247 0 0 0 3.38815476000309 1.116950944066048 1.261150628328323 93.01046389341354 10.61388210207224 139.3776119351387 17.02475953102112 1450.569032609463 66.39598871022463 2.306673273444176 12.9735794365406 4.100058615207672 0.1225262507796288 3.455299235880375 0.3372978717088699 7.494469940662384 0 0 0 0.145470604300499 0
5618.560416117311 0 2725.197682835162 2149.230900935829 6301.716063611209 1334.815843611956 4553.079460240901 928.9082456603646 1230.064670428634 1099.002733170986 3213.653931736946 140.918759778142 932.8610004782677 466.8057366907597 58.8066346719861 62.28612396121025 2.256665877997875 2.053289651870728 0.1447954326868057 1.38744243979454 7.552086710929871 0 1.576169371604919 1.074430152773857 3.474110223352909 0.7026865482330322 1.614144325256348 2.229263439774513 1.437235832214355 0.1033668220043182 4871.239861689508 12.45795615762472 31.53932208567858 0.4359431564807892 3.301580116152763 2.963504552841187 33.02484758198261 4.567699909210205 0.2882291078567505 0.8584878817200661 14.99090281128883 3.605451643466949 3.983412519097328 4.255887307226658 1.456802405416965 0.8031982481479645 580.9607703387737 26.60104637593031 1.784765303134918 3.02177456766367 17.44624308496714 0.913221538066864 0 2.796001829206944 70.60853892564774 46.05719211697578 117.0131237655878 1442.557549513876 99.09031271934509 244.4051427841187 0.4412567764520645 8.695339247584343 1.193044483661652 255.2024168744683 43.11329019069672 10.07941324263811 13.8962215706706 15.17886587977409 7.859220542013645 27.62777526676655 55.34194874763489 31.16282205283642 0.6600196957588196 1697.130124285817 322.9214562624693 564.2665174230933 176.2328834608197 21.17732308804989 47.96977812051773 250.4742236956954 2.165603578090668 48.03812920302153 174.4085411205888 3.916404113173485 9.471468456089497 40.90840504318476 8.551278628408909 1.575616121292114 7.994510866701603 2.721104957163334 7.581005491316319 6.358502268791199 13.31510279327631 3.0874103307724 3.299962639808655 342.9296871423721 11.87119895219803 0.1346093863248825 0.3189321756362915 2214.832649178803 0.1348017752170563 0.6237159669399261 0.6206607818603516 0.7591962069272995 0.5416680872440338 8.854264736175537 4.655641049146652 10.08468852937222 44.16085878014565 22.62627725303173 0.8977549076080322 45.96881479024887 43.79827949404716 66.37384207546711 18.51070965826511 1.571383088827133 0.3916854411363602 0 0 0 0 0 0 0 0.3330222964286804 0 0 0 0 0 0 0 0 0 0.9930271655321121 0.1238631084561348 0 0 0 5.096439898014069 0.4751996546983719 3.657917454838753 0.3107482269406319 0 0 0.3158536851406097 0.1597956269979477 0.1470846086740494 2.869120746850967 0.5190230160951614 0 4.906196236610413 3.362529262900352 0 0.1056694164872169 0 0.124772846698761 0.6931173503398895 0.1585555672645569 0.6339552104473114 0.2909570559859276 0.5725854486227036 0.1266740411520004 0 0.3720176815986633 0 3.93508106470108 0.2988270223140717 1.93352098762989 0.3278811722993851 0.2105289250612259 0 0 0.4658639132976532 0 0.4624299332499504 51.47963489592075 2.402374565601349 0 0.549989216029644 0.4722443073987961 2.599432498216629 0.9689593464136124 0.6858691722154617 3.235500410199165 1.136338233947754 5.42119212448597 1.781371265649796 0.1701653897762299 0 0 0.2213819921016693 0 0.7451360300183296 0.526837445795536 0 0 26.65644797682762 6.457423493266106 4.259212270379066 718.394412137568 70.22369933873415 1253.666864305735 94.73734202235937 2111.760797411203 119.4114660695195 7.758432030677795 123.9057096764445 25.54214026778936 1.29324247688055 11.75598935037851 1.318383410573006 7.602614440023899 0.1726726740598679 0.1251958608627319 1.642785206437111 0.8922068551182747 0
598.4511911273003 2725.197682835162 0 6.532316952943802 211.4163156747818 22.59111605584621 103.2159846797585 4150.253567807376 308.0039894133806 8.351449102163315 2461.313362665474 5.703754618763924 81.50480882823467 131.0573668032885 28.10165720432997 51.09522642195225 6.844059146940708 18.65050359815359 7.577681720256805 109.3798760548234 98.11886984109879 0.2407722026109695 23.3501253426075 3.613653212785721 3.461044408380985 2.003349624574184 8.35335510969162 7.103882595896721 0.782735601067543 0.3952849060297012 6910.720183350146 332.355636395514 14.009461350739 15.94821716845036 26.25772125273943 9.816556811332703 14.43573516607285 4.661204352974892 1.178367376327515 0.6551354229450226 81.54857869446278 9.640130296349525 103.8609602600336 10.12519088387489 24.01482245326042 27.67862443625927 124.1105220392346 44.95262008160353 14.00909443944693 60.05090291798115 52.41028709709644 0.7910947129130363 0 16.4850035905838 15.15534041821957 9.192068658769131 25.82407404482365 1354.528936207294 31.99229589104652 57.82551482319832 14.01622807979584 12.58640394359827 2.145760968327522 766.5448885411024 10.25426299124956 5.503886096179485 8.209631159901619 61.64445289969444 191.8611102178693 403.6421224027872 9.223328359425068 5.519298017024994 0.1295980960130692 627.644768692553 291.7116167098284 151.7160414978862 193.6661911606789 19.48445978015661 483.4760794863105 1443.034769147635 152.3713274002075 1353.22535726428 33.60760244727135 1.072533413767815 5.594998300075531 12.81985567510128 75.11819713562727 0.1915517672896385 4.583870373666286 1.111589133739471 10.45107232034206 6.651455335319042 106.8420268371701 11.13775952905416 8.407289281487465 20.3110229820013 1.774113789200783 0 0.5790050178766251 534.1758987084031 0 0 0 0 0 0.8280313611030579 0 1.097511425614357 0.5449611246585846 2.092424228787422 0 3.212562918663025 5.827951371669769 7.729690060019493 2.216275364160538 0.2192060127854347 0.3600998595356941 0 0 0 0 0.2966229021549225 0 0 0 0 0 0 0.1377426236867905 0 0 0 0 0.2143620401620865 0.2718590795993805 0.3733891546726227 0 0 0 0.7514927312731743 0 1.041377656161785 1.04939029365778 0.3776854127645493 0.4872181415557861 0.5870511382818222 0.2234956175088882 0 0.7699068188667297 0.2910387590527534 0.387021005153656 0.4385139644145966 1.795820295810699 0 0 0.554583877325058 0.1494970768690109 1.465114519000053 0 0 0 0.232333704829216 0 0 0.1809414625167847 0 0 0 0.3740543127059937 0 0.1023402363061905 0.08127645403146744 0.3309598565101624 0.6085531637072563 0.336155503988266 1.350196197628975 5.181169338524342 0.3461011648178101 0.1375029534101486 1.454055279493332 3.348673224449158 0 0.1409506797790527 0 0.7385169118642807 0.2381763458251953 1.021507263183594 0.1654631644487381 0 0.250431053340435 0 0 0 0.2096752673387527 1.405125714838505 0.147136852145195 0.6557797789573669 1.238216459751129 1.254621863365173 3.098731480538845 181.9551024734974 54.36350449174643 314.3519526049495 40.12929698824883 126.7222111076117 23.9511324390769 1.996718980371952 37.33917357027531 8.423110865056515 0.6344077959656715 5.172061689198017 0.2895869612693787 1.987075746059418 0 0 0.7363386452198029 1.536973983049393 0.4548071771860123
689.548123717308 2149.230900935829 6.532316952943802 0 293.4080248475075 957.1041053235531 932.4341623857617 3.158748686313629 74.73565521836281 2489.608471751213 25.61509339511395 715.178240865469 487.7231974452734 23.49159681797028 2.917431876063347 3.270778201520443 0 0 0 0 0 0.3604120910167694 0.1389428079128265 0 0.1615818440914154 0.18747179210186 0.106468565762043 0.1493782550096512 0.185320720076561 0 22.98992976546288 0.2817664742469788 2.685877174139023 0 0 0 2.427362769842148 0.1144324243068695 0 0 0 0 0 0 0 0 59.10147884488106 2.921137392520905 0 0 0.7391955032944679 0 0 0 7.699767045676708 5.04937731474638 14.18908512592316 80.99362502992153 9.717801064252853 24.70517156273127 0 0.2970478236675262 0.1754855513572693 11.31748966872692 4.385493479669094 1.113071799278259 1.041870303452015 1.219435557723045 0.667200468480587 0.3764165341854095 39.53335265815258 20.6081216186285 0 181.3328029587865 19.6320413351059 54.27563773840666 10.73525822162628 0.5343887656927109 0.1363364309072495 4.098626434803009 0.1131294071674347 0.7768753468990326 19.47492069751024 0.1057430878281593 0.533960647881031 4.220549233257771 0.8456413298845291 0 0 0 0 0.2081955820322037 0.4304949045181274 0 0.1820837259292603 518.959274739027 6.934762418270111 0 0.378863200545311 105.6098638623953 0 1.14311209321022 1.259033635258675 1.656956821680069 0.7143255770206451 7.993328437209129 3.558547854423523 8.503882706165314 26.90941353142262 25.70454105734825 0.9908979684114456 37.33604940772057 45.05174635350704 66.77584578096867 16.11757133901119 0.5244748741388321 0.8502603024244308 0 0.2856186032295227 0 0 0 0 0 0 0 0 0 0 0.1348321437835693 0 0 0 0 0.2689615339040756 0 0 0 0 4.941940262913704 0 4.102178022265434 0.4321982860565186 0 0 0 0 0.288256824016571 1.037095636129379 0.1369177848100662 0 1.718947649002075 3.315209075808525 0 0 0 0 0 0 1.194848790764809 0.1023014783859253 0.2495680451393127 0.2596055269241333 0 0 0 4.086903929710388 0 0 1.000386133790016 0 0 0 0 0 0 47.3795283138752 2.609952360391617 0 0 0 1.926943704485893 1.374700158834457 0.884257510304451 4.652485594153404 2.522472411394119 2.063576281070709 1.071605414152145 0.3199834227561951 0 0 0 0 0.2491822093725204 0 0 0 19.2804276496172 8.019551768898964 1.469049036502838 125.1782187521458 5.913890302181244 141.1202996522188 7.346229173243046 848.8153611496091 13.53482227027416 0.3259145617485046 22.67316798865795 5.563726603984833 0 10.02686523646116 1.16862827539444 8.728012174367905 0.1378587782382965 0 0 0.1652991026639938 0
357.8516784608364 6301.716063611209 211.4163156747818 293.4080248475075 0 64.8243619799614 9104.822525531054 128.2259934544563 8130.506989635527 240.6695244312286 2433.173333495855 74.06594803929329 622.2916278243065 825.7244469076395 40.3614090308547 45.0395068153739 1.339508503675461 0.1386324167251587 0 0.5383917689323425 1.560347206890583 0.1451965421438217 0.179852694272995 0.1345442533493042 0.5400402098894119 0.2234063521027565 0.6556845307350159 1.008149102330208 1.568080104887486 0 216.8160111531615 4.373377844691277 20.14326813817024 0 1.614454597234726 0.5974146574735641 18.42685078084469 1.302642822265625 0.1437419056892395 0 5.076037712395191 1.271897599101067 1.108986377716064 1.559610962867737 0.6166911348700523 0.2326025068759918 245.2746951133013 8.924099691212177 0.9415128827095032 1.109060779213905 4.346000917255878 0.1953022032976151 0 1.799557209014893 19.05219388008118 13.44780560582876 7.042569674551487 109.4611174240708 10.25927153974771 85.61077541857958 0 2.243200927972794 0.1192238107323647 70.53839592635632 12.01460493355989 3.610774278640747 4.722013972699642 8.124666333198547 1.167619429528713 7.618834801018238 41.11337960511446 22.68056884407997 0 222.4666581451893 75.83951440453529 207.4825828298926 122.5158891379833 11.54862235486507 5.389173984527588 32.76738446205854 0.2566244900226593 6.174817509949207 46.32306259870529 2.21490902453661 3.180027402937412 15.03844797611237 3.304937541484833 0.587770126760006 1.693770319223404 0 2.113361969590187 1.232541128993034 3.00143800675869 0.3946508765220642 2.571237325668335 182.5608396083117 14.25717258453369 0 0.1914191395044327 61.81969068199396 0.3058304935693741 0.7150080353021622 0.7186460047960281 0 1.080579042434692 6.658707931637764 2.85413484275341 10.89501990377903 18.24996203184128 17.76628285646439 1.821824625134468 41.1346313431859 47.57208020985126 67.131322696805 18.49928285181522 0.9766397625207901 0.5619215816259384 0 0.3639774322509766 0 0.3032867610454559 0 0 0 0 0 0 0 0 0 0 0 0 0 1.14347380399704 0.2373238801956177 0 0 0 6.256534770131111 0 2.079625621438026 0.5185673534870148 0.2582220509648323 0 0 0 0 1.972096011042595 0.8655661046504974 0 2.272530019283295 4.377012938261032 0 0 0.3517546653747559 0 0 0 1.880645036697388 0.09261056780815125 0.1545872092247009 0.3841805160045624 0 0 0.4456546008586884 5.004465416073799 0.2489386945962906 1.950700283050537 0.2871480360627174 0.1218845993280411 0 0 0.1805113106966019 0 0 57.25288315862417 1.066275671124458 0.1483142822980881 0 0 3.805941015481949 0.2231499254703522 0.2762011587619781 4.127018325030804 2.2018061876297 4.864888437092304 0.2638810127973557 0.127966120839119 0.113739088177681 0 0 0 0.09882707148790359 0 0 0 27.28923238813877 10.85352027416229 3.157492019236088 405.2554284855723 51.85935527831316 511.0701152980328 61.25190722942352 195.1659365743399 47.97160150110722 3.584942273795605 83.29126223921776 14.72925825417042 0.3944122716784477 9.366001345217228 0.7363446950912476 6.649355217814445 0.2145472913980484 0 1.681044593453407 0.9956764429807663 0.1114712953567505
1152.029410988092 1334.815843611956 22.59111605584621 957.1041053235531 64.8243619799614 0 561.7194859683514 5.012068182229996 26.66679459810257 1135.998996853828 39.7114782333374 192.9426136016846 221.7461863905191 36.84870475530624 1.528137274086475 1.628201015293598 0 0 0 0.266660064458847 0.6896532028913498 0.2105174362659454 0.1489858329296112 0 0.183121845126152 0.5364547520875931 0 0.1589087247848511 0.6427682191133499 0.2922174632549286 10.28745076060295 0 23.83123491704464 0 0 0 23.36549732834101 1.012889638543129 0.4621941745281219 0.1541222184896469 0.5447382926940918 0 0 0 0 0 6.146501839160919 0.5217076539993286 0 0.1298208087682724 0.568594366312027 1.001869603991508 1.639824032783508 0.2064407020807266 2.792787320911884 1.488126464188099 74.39041358232498 67.14461327344179 11.02262625843287 3.897617787122726 0.2198625057935715 2.078666478395462 0.287763923406601 1.504675149917603 0.8200914338231087 0.1869290471076965 0.220758393406868 0.2521412074565887 0.5477300360798836 0 79.04076258838177 150.5851704627275 3.036416247487068 64.5730761885643 6.989141047000885 9.167582482099533 1.798591531813145 0.4136704951524734 0.4517309218645096 21.26084738969803 0.4474765658378601 11.04906435310841 2.88763477653265 0.222794771194458 0.1137812733650208 1.512049473822117 0.1005976051092148 1.991516381502151 0.2398528903722763 2.084951549768448 0 0.6560559868812561 0.6205473840236664 0.165349081158638 0.3447291553020477 446.1731521785259 44.04636219143867 1.765573754906654 7.089566111564636 214.0994207188487 0 0 0 0.2794651389122009 0 0 0 2.22671864926815 13.75938698649406 3.898999989032745 0 4.765670254826546 3.340470984578133 8.344796285033226 1.821613475680351 0 0 0 0 0 0 0 0 0 0 0 0 0 0 0 0 0 0 0.1511962115764618 0.7601774930953979 0.1077788025140762 0 0 0 1.388668566942215 0.487968236207962 0.5485840737819672 0 0.2204453498125076 0 0 0 0 0.1557556092739105 0.176197737455368 0 0.1955734044313431 0.7630492150783539 0 0 0 0 0 0 0 0.1640475690364838 0 0.7305088639259338 0 0.5853685438632965 0 1.654249548912048 0 0.1737458109855652 0 0 0 0 0 0 0 8.255510196089745 0 0 0 0 0.240739181637764 0 0 0.2126526087522507 0 0.2417922466993332 0.1556484401226044 0 0 0.1208694726228714 0 0 0 0 0 0 2.281812936067581 3.620441779494286 0 35.90392671525478 9.330117851495743 26.69604923576117 5.714713290333748 142.1517860889435 4.143041133880615 0.2062532603740692 14.40656136721373 1.487120881676674 0 2.07448422908783 0.1622176319360733 2.806115806102753 0 0 0 0.2362290769815445 0
1263.549855068326 4553.079460240901 103.2159846797585 932.4341623857617 9104.822525531054 561.7194859683514 0 27.6814783141017 5455.316055983305 3949.314211115241 589.8692064285278 654.8955614864826 6458.953726530075 2381.042914502323 71.95988765358925 75.7706122174859 1.612523220479488 0.989065870642662 0.3042941838502884 0.7005619555711746 2.830501705408096 0 0.6376411765813828 0 0.6897077709436417 2.249787554144859 1.499916590750217 2.443794265389442 1.525991603732109 0.2183177918195724 120.1445806473494 5.489546731114388 17.58886025100946 0.1410494595766068 0.3261987566947937 0.2633241415023804 16.49956937879324 1.296772859990597 0.2470520809292793 0.3676198273897171 3.757787242531776 1.556996680796146 1.679808095097542 2.79849087446928 0.3843880668282509 0.7043347880244255 460.3495584353805 15.80881737917662 2.470769613981247 1.171936124563217 7.79755575209856 0.1332051753997803 0 1.704630121588707 34.77320505678654 22.91766310483217 19.64594805240631 158.2476863488555 21.4743315950036 147.4011389017105 0.286427341401577 3.578175351023674 0.1361333131790161 93.07846164703369 22.27019168436527 4.678672358393669 9.272203095257282 9.347018018364906 5.314397253096104 10.36173317581415 106.9365305453539 54.53465174138546 0.2299519032239914 398.7856438532472 104.0525446087122 328.839498758316 193.726113833487 20.69766085594893 3.07204807549715 51.65380898863077 0.8293139711022377 6.786574266850948 78.0229684188962 2.618531502783298 7.248794727027416 27.16063909232616 8.076153658330441 0.7311352044343948 3.564500048756599 0 2.252152718603611 2.218979544937611 5.386893227696419 1.232113063335419 2.701394692063332 1104.386618643999 22.63027466833591 0.105319507420063 0.7873971611261368 89.21413712948561 2.253575026988983 3.197566568851471 17.77926702797413 17.95368807017803 2.295157320797443 37.03226180374622 6.373320579528809 47.24764034152031 98.98403482139111 89.97525316476822 8.355404943227768 160.3172218203545 179.5933502614498 249.6616188511252 69.8867950886488 4.521765202283859 1.505824103951454 0.1622036248445511 0.3913803547620773 0 0 0 0 0 0.1381325125694275 0 0 0 0 0 0 0 0 0 3.446433916687965 1.081637248396873 0 0.2883332669734955 0 21.66245229542255 0.391161173582077 10.42445601522923 0.5302306339144707 0.3260772973299026 0 0.1390784829854965 0.1495083123445511 2.381704665720463 6.701045230031013 0.2541279792785645 0 11.76820028573275 11.3694943934679 0 0 0 0.1865192651748657 0.3449698090553284 0 2.532259926199913 0.1175951808691025 0.9353398680686951 1.767235927283764 0.5805798172950745 0.9431546479463577 0 11.9617450684309 0.2377785891294479 1.908754415810108 1.833924509584904 0.2756311967968941 0.1876027584075928 0.138467088341713 0.09995904564857483 0 0.1813321113586426 212.4662586674094 4.180687308311462 0 0 0.4114850461483002 7.223796680569649 1.753200277686119 2.553189739584923 6.649806633591652 6.670452237129211 14.98408834636211 1.774202518165112 2.801408223807812 0.564753994345665 0.1081397905945778 0 0 0.4073561131954193 0.2384218722581863 0.1193831115961075 0.3659456074237823 85.70456045866013 24.63555410504341 6.881511047482491 781.8364151567221 92.46132998913527 978.8388130664825 109.1510548368096 862.9194066375494 95.69050745666027 4.815347373485565 161.1831043437123 35.57036904990673 1.402585998177528 24.77348539978266 1.835831440985203 23.96163429319859 1.252402156591415 0.7190135270357132 3.638044774532318 2.048598580062389 0
127.6888562142849 928.9082456603646 4150.253567807376 3.158748686313629 128.2259934544563 5.012068182229996 27.6814783141017 0 94.32295019924641 5.524703651666641 1424.904915861785 2.613759011030197 30.39462493360043 81.28030031174421 39.34005106240511 72.41960360854864 4.528411716222763 14.0778471454978 6.425706587731838 107.1411006599665 113.0018629804254 0 41.18319927155972 11.76233144104481 7.478768929839134 3.366934470832348 13.55420714616776 8.402446836233139 0.61313097178936 0.8956157714128494 1050.65685787797 948.8990238010883 12.04393567889929 27.62550663203001 34.08754403889179 12.67742286622524 13.25554028153419 9.247978754341602 1.489736810326576 1.239381402730942 96.01087310910225 7.144612729549408 67.86742217093706 16.98312372714281 40.04303894937038 39.2671997398138 141.6254039108753 23.05921193212271 12.59045039117336 54.52540369331837 47.91253934055567 0.674064576625824 0 13.67245324701071 3.8685307726264 4.099337019026279 6.610000886023045 315.4608070254326 6.596117086708546 37.05307473987341 24.74277410656214 27.70076555758715 2.591415852308273 305.9868267327547 4.516743637621403 2.389257684350014 7.412645719945431 39.71228697896004 123.9313496872783 380.0646732375026 10.42903462797403 3.83189295977354 0.2667877897620201 185.3803209587932 109.3333493694663 126.4938966631889 137.6236240640283 55.59953937679529 906.5091385543346 980.3149912431836 586.9213506355882 2548.784400135279 16.2887279316783 0.5116189569234848 4.242462433874607 7.592240199446678 61.88712660968304 0.3096745163202286 3.423971571028233 1.832165211439133 17.22270540893078 8.139161825180054 99.46253337711096 14.0655724555254 8.669187366962433 13.57833612710238 4.215688660740852 0 0.2864517867565155 45.8391193151474 0.1772079020738602 0 0.1245320960879326 0 0 0 0 0.1708166897296906 0.5982286334037781 0.423194020986557 0.4066075384616852 1.406571835279465 1.117266342043877 2.383439809083939 1.056422457098961 0.7679356634616852 0 0 0.1143906190991402 0 0 0.3012207821011543 0 0 0.2136364430189133 0 0 0.1407815515995026 0 0 0.3810023665428162 0 0.285695843398571 0 0 0 0 0.211222842335701 0 2.763558924198151 0 0.5581155493855476 1.965768709778786 0.2447184920310974 0.3860287070274353 0.647026389837265 0.1484735012054443 0.1775553524494171 0.1605634838342667 0.2996895462274551 0.204211100935936 0 0.450516976416111 0 0 0.3713861107826233 0.121145099401474 1.691212423145771 0 0 0 0 0 0 0.1647021621465683 0.4879324212670326 0.3067066669464111 0 0 0 0.1129284650087357 0.2676155269145966 0.5293584316968918 0.6161995530128479 0.3546553254127502 1.825221128761768 3.502525262534618 0.4541312158107758 0.1429891288280487 0.1001727133989334 4.724362462759018 0.1738267689943314 0.1211898103356361 0 0.3917512595653534 0 0.3809389173984528 0 0.3038696795701981 0 0 0 0 0.3493958413600922 1.506741940975189 1.555310301482677 0.5509467571973801 0.3752106577157974 1.059510663151741 2.260429762303829 244.6776755079627 51.0504088550806 323.9220842719078 39.2864099368453 44.12068004161119 20.35291350632906 0.6588945537805557 48.15808092057705 6.362354576587677 0 3.455553866922855 0.2576778307557106 0.1421636193990707 0 0 1.059853971004486 2.079896152019501 0.685928076505661
26.47137517482042 1230.064670428634 308.0039894133806 74.73565521836281 8130.506989635527 26.66679459810257 5455.316055983305 94.32295019924641 0 175.2604484260082 4243.444989047945 48.2793580442667 4954.873899564147 2894.800938658416 53.37519984692335 80.6622262224555 0.9723545089364052 1.314415253698826 0.1483553647994995 0.6688771992921829 5.518238544464111 0.5013705492019653 1.479242891073227 0.5185472071170807 1.244638070464134 0.6512995213270187 3.231421455740929 1.132633104920387 0.2917008325457573 0.1181707829236984 31.10780056566 1.850421085953712 38.71312096714973 0 1.814691573381424 2.704349480569363 23.86163508147001 5.810546025633812 0.7090842425823212 0.09885754436254501 11.48757826536894 2.769388899207115 3.430769875645638 4.992086909711361 0.1334298402070999 0.1209270730614662 171.6305821463466 4.266977563500404 2.329859800636768 3.34209568053484 14.07033410668373 1.004201039671898 0 2.507602944970131 6.469247937202454 5.048315912485123 1.686636760830879 19.49907737225294 4.053178295493126 31.81882245838642 0.8760722205042839 4.111607030034065 0.3904358744621277 28.813616335392 3.738617494702339 1.045308247208595 2.720979370176792 4.752199418842793 5.693266332149506 20.47145944088697 51.07393638044596 36.45303565263748 0 61.96902490407228 27.88817808777094 111.5312590524554 111.8201091811061 20.34575648605824 3.750156939029694 151.22348536551 0.8684554249048233 8.588785871863365 14.42157039791346 0.6113422513008118 1.56679306179285 6.852481424808502 3.092407494783401 0.09356249868869781 3.652907110750675 0.4762742146849632 6.170522049069405 4.200170196592808 11.22910957783461 2.938075333833694 4.578403696417809 313.4891456440091 17.58579089492559 0 0.1505475044250488 9.225691504776478 0.399923674762249 0.4445581138134003 1.101721450686455 1.954770445823669 1.033971816301346 12.68843381106853 2.648021310567856 21.64031662046909 32.40202251821756 32.84123370051384 3.700868755578995 73.51131244003773 80.89556629955769 107.8076965361834 35.28956386446953 0.7430879920721054 0.2550184056162834 0.1032459288835526 0.2887414693832397 0 0 0 0.1521526426076889 0 0 0 0 0 0 0 0 0 0.2035127133131027 0 0.2035524547100067 0 0 0 0 9.085548304021358 0.2842218279838562 2.897502057254314 0.8022850453853607 0 0 0.292182482779026 0 0 4.716128192842007 0.1355754733085632 0 4.980351574718952 5.652035884559155 0 0 0.2551639974117279 0 0.3658221662044525 0 1.026684015989304 0 0.6479761600494385 0.3312359750270844 0 0.1314772516489029 0.2929688096046448 8.408521756529808 0.2674908339977264 0.9863535463809967 1.183033131062984 0.3097969889640808 0 0 0.2266065776348114 0.1041474416851997 0.6208818405866623 101.6204280406237 1.926213324069977 0.1989440023899078 0 0.1398319602012634 2.619975134730339 0.9532809406518936 0.727304682135582 5.34952188283205 1.887028276920319 7.094196349382401 0.6462017595767975 1.167960792779922 0.149031475186348 0.2421360909938812 0 0 0.1659383177757263 0.1213795095682144 0.1269741356372833 0 49.98562233150005 13.55176364630461 3.701016962528229 486.0087846145034 40.38405176252127 439.5739172920585 71.99043245613575 114.1018135249615 46.62091744691133 1.330997593700886 110.5511931702495 17.55434631556273 0.250622034072876 14.16809713095427 1.122675061225891 10.850431188941 0.338659942150116 0 2.773488141596317 1.582750223577023 0.4148086979985237
542.3844117373228 1099.002733170986 8.351449102163315 2489.608471751213 240.6695244312286 1135.998996853828 3949.314211115241 5.524703651666641 175.2604484260082 0 105.014598608017 1546.313429117203 6245.107723712921 179.6381675973535 14.69311203062534 16.7893595919013 0.5636828169226646 0.3231735378503799 0.2269757390022278 0 0.9629079401493073 0.1610992401838303 0 0 0 0.2114759534597397 0 0.3792519718408585 0.1802769303321838 0 9.053419053554535 0.3092727363109589 11.67099884152412 0 0.4005327820777893 0.356764167547226 23.70859587192535 0.6272905990481377 0 0 1.390631943941116 0.1262003630399704 0.4391591548919678 1.766897618770599 0 0 85.56660636514425 2.074010044336319 0 0.3013132810592651 1.057830967009068 1.156623035669327 0 0 7.397594325244427 5.005249500274658 10.52450657635927 30.43436586856842 5.099578179419041 22.17626207321882 0.208518922328949 2.720258086919785 0 7.387207299470901 3.248775988817215 1.073730200529099 1.228167794644833 1.190428964793682 0.3892078027129173 1.726681903004646 191.8720339089632 153.7658337205648 0 92.09685374796391 17.96877288818359 56.53581336140633 29.78416996449232 3.766839027404785 0 26.16207383573055 0.5992083102464676 6.341261699795723 16.96590571850538 0.3159034103155136 1.122812263667583 4.152909435331821 0.3081975728273392 0 0.7243456095457077 0 0.6074946522712708 0.605269193649292 1.23490534722805 0 0.9860366433858871 2103.45386955142 46.8820418715477 1.007779479026794 1.088285952806473 218.7315410226583 1.086426287889481 38.95420913398266 24.98151433467865 39.10928475856781 2.938262239098549 56.3037646561861 173.0202948153019 70.5592478364706 155.2659328281879 158.7311477214098 12.52893377840519 229.1728813648224 272.5383150279522 387.3934347629547 86.15184141695499 2.983469024300575 1.813521713018417 0.6315742135047913 0.1941555142402649 0 0 0 0 0 0.2404161095619202 0 0 0 0 0 0 0 0 0 5.573682203888893 1.015144973993301 0 0 0 33.08792828023434 0.7643331438302994 15.74636067450047 2.91786153614521 0.219687357544899 0 0 0 2.534239858388901 11.04792505502701 1.154767498373985 0 21.49124303460121 22.33589266240597 0 0.6853018403053284 0 0.2567397356033325 0 0.1774871349334717 6.608953259885311 0.3936311304569244 2.269853040575981 5.025281965732574 0.2348731905221939 2.376784980297089 0 24.08734065294266 1.638389572501183 4.14994490146637 2.619649209082127 0.1161247193813324 0.4224105328321457 0.5123920440673828 0.2772836536169052 0.3060501217842102 0 270.8348685204983 11.6120608150959 0 0 0 11.48957341909409 2.817362412810326 5.424934685230255 23.06631752103567 9.82446850836277 21.77797791361809 5.902901455760002 3.761466503143311 0 0.1212962567806244 0 0 0.3681667670607567 0.7453983575105667 0.2138628363609314 0 98.4767297655344 44.02029393613338 17.90332308411598 399.5629707276821 20.90893420577049 234.6495504304767 29.11105963587761 1058.796671926975 26.00454480201006 0.6252857148647308 62.3915236517787 45.44708071649075 1.440018139779568 56.51692482829094 2.625705406069756 79.74020200967789 2.890139251947403 0.5115746408700943 8.558180600404739 0.6639909744262695 0
329.6283192113042 3213.653931736946 2461.313362665474 25.61509339511395 2433.173333495855 39.7114782333374 589.8692064285278 1424.904915861785 4243.444989047945 105.014598608017 0 72.2835848480463 2646.840810492635 4450.895578324795 51.7790262401104 100.8949275389314 2.932502999901772 3.313031055033207 0.6351308152079582 2.979027315974236 16.86543126404285 0 5.069034278392792 2.566349841654301 6.929424583911896 1.934880554676056 11.17320749163628 3.157217219471931 1.719677448272705 0.9420610964298248 246.9946623966098 67.67486546188593 460.4210405349731 1.409810915589333 8.510073289275169 19.07088601589203 197.9118950366974 33.92300601303577 1.711809784173965 0.9492560923099518 40.15126137435436 10.19568496197462 10.47220443934202 6.575319737195969 0.5789695680141449 0.8870826810598373 158.4449840709567 4.960737004876137 3.842698693275452 9.736983701586723 34.347921051085 2.447308674454689 0 4.086182430386543 5.877661682665348 5.284867189824581 4.060297384858131 71.99677917361259 5.187372595071793 33.13692720979452 1.356219336390495 34.77617174386978 2.038560524582863 46.06210515648127 4.991582192480564 1.622088417410851 4.726039968430996 11.19650898873806 17.81588295847178 60.69304977357388 137.0937880575657 40.63296234607697 0 110.84235740453 32.12374519556761 115.5562664419413 110.7691991850734 26.32074566930532 88.73938879370689 290.4930467680097 3.987998932600021 86.47268690913916 16.67278433591127 0.1887550801038742 1.410079196095467 8.423638105392456 5.634894467890263 0.30356615036726 5.778607442975044 6.445215404033661 16.50552655011415 12.51429411768913 26.0420868396759 10.35286325961351 10.55880960822105 248.0485668927431 40.99883748590946 0 1.478270962834358 59.0552571862936 0.1383605450391769 0 0.3506568297743797 0.6523710042238235 0.1469790488481522 4.715183965861797 0 7.849601484835148 8.104872912168503 10.87377974390984 1.553987368941307 22.40781502425671 26.53842867910862 48.3988029807806 17.42195919156075 1.289030328392982 0.3099969774484634 0 0 0 0 0.5056029558181763 0 0 0.2684853971004486 0 0 0 0 0 0 0 0 0 0.5688901245594025 0 0 0 0 3.980522751808167 0 2.819106094539165 0.4817786812782288 0.2656188160181046 0.7260843217372894 0 0.1428531259298325 0.1520255208015442 1.805045768618584 0 0.6475535184144974 1.73166635632515 3.546736001968384 0 0 0.5138825178146362 0.276964858174324 0.7435150146484375 0 0 0.1044562831521034 0 0 0 0.1074250936508179 0.1139642596244812 2.600039154291153 0.1539849191904068 0.7351246327161789 0.2396066337823868 0.1001288220286369 0.4021931290626526 0.1474749594926834 0 0.3775104880332947 0.7217281013727188 45.77590833604336 2.053682759404182 0 0.9078774899244308 2.409953512251377 2.273531183600426 0.909575417637825 0.9149830341339111 2.013397768139839 1.775557398796082 2.04859970510006 0.9896323978900909 0.424801766872406 0 0 0 0 0.1686597988009453 0.7991300970315933 0.3834040611982346 0.3944577276706696 20.18861518800259 8.106313437223434 2.788483403623104 418.5908064246178 40.23435749858618 372.4396303743124 56.03934105485678 100.0427080765367 33.64198775589466 1.754864707589149 106.4954527616501 18.43562465906143 1.364142596721649 9.344577826559544 0.8043923377990723 3.790312118828297 0.6030784100294113 0.3398482799530029 1.396984428167343 5.114640429615974 0.1061040461063385
50.17701730132103 140.918759778142 5.703754618763924 715.178240865469 74.06594803929329 192.9426136016846 654.8955614864826 2.613759011030197 48.2793580442667 1546.313429117203 72.2835848480463 0 1451.591793417931 98.27316285669804 8.075041644275188 17.17160868644714 1.400899954140186 0 0 0.4123538136482239 0 0.5434748977422714 0 0 0 0.14542555809021 0.1533919125795364 0.5564995110034943 0 0 0.3235930502414703 0 87.68784211575985 0 0 0.8760370165109634 158.2557400092483 4.602079093456268 2.730437412858009 0 1.532053157687187 1.09077924489975 0 2.298134103417397 0 1.443667531013489 30.17228199541569 1.051500968635082 0.4700201749801636 0.1330995559692383 1.426911532878876 3.774604350328445 1.70392681658268 0.3270646035671234 2.278372570872307 1.292044140398502 2.574431091547012 5.163372546434402 1.191447831690311 3.58676140755415 7.449411883950233 24.20048758387566 0 2.268521949648857 1.0856594145298 0.4656097367405891 0.6012526601552963 1.420513942837715 0.254490852355957 0.7937696427106857 314.0116039514542 161.5386207550764 0.5706890374422073 20.02687676250935 2.486415103077888 13.69709081202745 9.951685912907124 3.03902231156826 0.9628280997276306 99.11886194348335 7.927041709423065 77.82501336932182 3.704371362924576 0.3140033781528473 0.2571178451180458 1.056261397898197 0.3391633033752441 1.860609337687492 0.4420493990182877 1.969840779900551 0.4870887026190758 0.5681078135967255 0.7131472155451775 1.251740723848343 0 1935.85219797492 234.6374623924494 10.6598058193922 86.72916142642498 27.53706710040569 0.2627759575843811 4.115253090858459 6.080070674419403 1.856046468019485 1.131625324487686 31.92986254394054 6.323558956384659 43.92557203769684 52.83198444545269 64.78422878682613 8.279778808355331 119.6033449321985 123.0965497791767 191.0965936183929 51.98763117194176 3.310900211334229 1.657540544867516 0.1646135598421097 0 0.1660457849502563 0 0 0 0 0.2165809124708176 0 0 0.2297765240073204 0 0.2776711285114288 0 0.51551753282547 0 0.1584309637546539 2.286826014518738 0 0 0 0 17.17704132199287 0.364222377538681 7.38770430535078 4.298313103616238 1.34226293861866 0 0 0 0.2779699265956879 7.403711885213852 1.492463409900665 0 13.33362166583538 12.51217092573643 0.2058975100517273 0 0 0.9992848560214043 0 0.4734930694103241 3.511321023106575 0 0.8344566449522972 3.104238077998161 0.2158406674861908 1.480888530611992 0.1165394559502602 12.39429232478142 0.7697652578353882 1.795149579644203 0.8940713554620743 0.5380136370658875 0.1946011036634445 0.2483867555856705 0 0 0 141.4103911146522 9.426566168665886 0 0 0.116171807050705 5.451011881232262 1.474092602729797 1.790205895900726 12.20600444823503 5.714303582906723 9.099311709403992 1.434716507792473 1.490082651376724 0.8682391047477722 2.310925483703613 0 0 0.2695727720856667 0 0 0.1193747445940971 61.68852150440216 24.54936564713717 11.79374311864376 222.2055321708322 14.59785335510969 99.91871100664139 15.2000914439559 177.3721442818642 12.88366039842367 0.6396437287330627 42.36362851411104 25.77784490585327 1.202363058924675 29.61123134940863 0.7868764847517014 33.45988386869431 2.309182405471802 0 3.629321500658989 0.8380246981978416 0.3900381922721863
