0 3313.098029062152 347.8548706993461 707.0889444425702 349.9294559061527 386.4086552113295 215.0651529282331 24.46142649650574 21.49725590646267 1209.812433332205 391.0755615457892 12.65396892279387 140.9757484793663 124.1202524080873 7.860359914600849 6.621944703161716 0.1121638864278793 0.2090753316879272 0 0.8603333458304405 0.4517155885696411 0 0 0 0.245793029665947 0.1564294695854187 0.1134222447872162 0.2324207425117493 0.3411762267351151 0.2216015607118607 281.9886143431067 0.3644785508513451 3.707296341657639 0.2299897819757462 0 0.1558326631784439 0.5578809157013893 0.4162790924310684 0.7852922156453133 0.5362347736954689 1.010467559099197 0.3578793704509735 0.4066171944141388 0.1573633253574371 0 0.2213616073131561 48.81194911152124 10.32889872044325 0.1330242902040482 1.131296172738075 1.826640337705612 0 0 0.1747132837772369 24.60062079876661 24.68845743685961 154.2693229541183 613.5034193694592 28.30010012537241 59.65380331873894 0 0.7174101173877716 0 2.011526435613632 7.420992717146873 1.967229306697845 1.371960796415806 0.5575692504644394 0.3503736406564713 5.421179488301277 3.12231507152319 1.053363531827927 0.3102014064788818 388.8781055957079 81.56639306992292 86.9815856590867 12.07255620509386 0.6912112534046173 0 18.7769353017211 0.3529404625296593 0.9541599601507187 35.46781794726849 0.8332517072558403 9.778174608945847 6.414797842502594 2.387205511331558 0.1940337643027306 1.561627842485905 0.3789694905281067 0.9973753169178963 0.2703649401664734 1.199506543576717 0 0.204552561044693 216.419664055109 1.772836074233055 0.1454587280750275 2.196979150176048 716.6043313294649 1.204481840133667 9.617159508168697 8.402574971318245 4.561554357409477 0.6308138221502304 2.981467887759209 4.405351489782333 3.090833872556686 8.331130355596542 15.02579654753208 2.138746477663517 8.806144341826439 13.75545585155487 10.68893706798553 3.302110716700554 0 0 0 0 0 0 0 0 0 0 0 0 0 0 0 0 0 0 0 0.3529723212122917 0 0 0 0 1.23473633825779 0 0.4208611994981766 0.2403413057327271 0 0 0 0 0 0 0 0 0 1.183126926422119 0 0 0 0.09471263736486435 0 0 0 0.1948689520359039 0.2105415016412735 0 0.5540513694286346 0 0.3019889891147614 0 0 0 0 0.1182253584265709 0 0 0 0 0.1840790510177612 0.3299369961023331 0 0 0 0 0.1504446268081665 0.7785645723342896 0.2442229837179184 0 0.19651859998703 0.157618910074234 0 0 0.138280525803566 0 0.3118362128734589 0 0.2598085850477219 0 0 0 3.212120816111565 0.5568283647298813 0.1652216613292694 79.90322948992252 11.24828661978245 110.8076782748103 17.42552778869867 940.8659668564796 15.00075128674507 3.122061438858509 7.749419167637825 0.3664828538894653 0.1076703742146492 1.645972952246666 0.6188803613185883 42.05665422976017 0.2288694232702255 0 0.3741194605827332 0 0.2957727909088135
3313.098029062152 0 2578.158908300102 2603.592552408576 3462.776742875576 610.7644278183579 5209.635251276195 126.3685649260879 565.2441154122353 3156.067626021802 1445.973253779113 47.86022545397282 939.6028495803475 845.0212769284844 54.83552122116089 24.936537720263 1.203481644392014 0.4260241985321045 0.1043743193149567 3.118294112384319 3.42147433757782 0 0.1100742369890213 0 0.5193843841552734 2.235697843134403 0.1221160367131233 0.1328663527965546 0.8825096935033798 0.6267236396670341 3445.224272973835 8.799523301422596 23.50193046033382 0.3931818902492523 0 0.3585329651832581 3.697036683559418 0.8326395824551582 1.478465743362904 1.667184099555016 6.04478781670332 2.495942689478397 1.094957835972309 2.578626327216625 0.7964012324810028 0.5685715675354004 318.2729985937476 42.61888614296913 1.126728951931 3.152857482433319 8.519040435552597 0.3142842352390289 0 0.3937105014920235 61.41714218258858 66.34310976415873 153.2812430039048 1432.321865290403 36.39207284897566 119.5144554302096 0.982222780585289 1.530758135020733 0.1014217734336853 28.13709376007318 26.69087566435337 8.575602740049362 8.181949779391289 2.928223207592964 2.622294336557388 17.95039670914412 11.55762953311205 1.195446021854877 0.1644813865423203 937.7838183678687 429.6456374004483 574.3794525489211 168.8856938630342 4.869183421134949 1.436872519552708 65.30496939271688 1.120796389877796 3.556474938988686 119.9837321564555 1.074858918786049 49.00438363850117 25.89756345003843 16.22666319459677 0.7662652730941772 10.89817621558905 1.019275732338428 3.414049454033375 0.3844155818223953 3.31069690734148 0.8728030994534492 1.307753212749958 236.0437691807747 2.026258394122124 0.2056979835033417 1.987884573638439 1305.085837252438 0.7777285873889923 17.8732768446207 15.49584937095642 6.06705267727375 7.15297743678093 4.830604821443558 4.422896534204483 9.148033931851387 96.87458004057407 41.25758263468742 9.415284886956215 30.77669168263674 43.09484198689461 35.85436227172613 25.32002029567957 0 0 0 0 0 0 0 0 0 0 0.1229308694601059 0.1199660897254944 0 0 0 0 0.1133433878421783 0 0 1.153697356581688 0.1945257633924484 0 0 0 3.106984719634056 0 2.260694056749344 0.8976906314492226 0.1925030499696732 0 0 0.1436045616865158 0 0 0 0 0.3833911120891571 1.960757859051228 0 0.1061945855617523 0 0 0.4984297603368759 0.1026693060994148 0.2905326187610626 0.1096174269914627 0.492511972784996 0.8586264550685883 2.21234005689621 0.4217239022254944 0.4218562394380569 0.8258078247308731 0 1.538389831781387 0.3334311842918396 0 0 0.1549115031957626 0.1085733771324158 0 0.3736546486616135 7.353112861514091 0 0 0.09214987605810165 0.1556941866874695 0.7055235207080841 3.220850050449371 0.3513400256633759 0.3557709828019142 0 1.432762697339058 0 0.1471119374036789 0.1071266755461693 0.09405058622360229 0.2049944028258324 0.1038841381669044 0.6988016441464424 0.3884447365999222 0 0.1427206844091415 24.38649499416351 4.574477955698967 1.446725949645042 194.0350781008601 41.76171268522739 727.267481572926 95.0419744104147 876.1660849004984 47.72737987339497 8.456099018454552 43.91531793773174 5.67232134193182 1.689790636301041 9.431562304496765 0.549321249127388 56.26609608530998 1.711436584591866 0 0.2323464751243591 1.5517832711339 0
347.8548706993461 2578.158908300102 0 46.87689935415983 1521.423695713282 29.22798326611519 181.2792796418071 1376.232183992863 436.0325692072511 41.82868224382401 3807.453877985477 5.247118055820465 162.5281646996737 1064.075982071459 32.99288762360811 54.79837962985039 1.898398712277412 5.649043530225754 2.24791607260704 37.76283740252256 57.2639511525631 0 0.7128324955701828 0.410178154706955 6.301974251866341 4.760700300335884 0 0.6888042837381363 0.4560272470116615 0.3133091926574707 7251.81237745285 625.8574807420373 89.48090182989836 10.09043966978788 0.3725006356835365 4.018363535404205 2.490548469126225 6.007789932191372 1.633637957274914 3.102342024445534 46.6261967048049 8.192435339093208 9.879366852343082 4.587375357747078 8.355010420084 6.502534508705139 94.49933388829231 12.63592249155045 1.776528082787991 30.87162846326828 3.993074454367161 0 0.1282524615526199 1.055965639650822 7.640060864388943 9.581394158303738 57.01590027660131 1176.987717829645 10.48360369354486 31.54964582622051 17.24956328421831 10.91576743870974 3.150182239711285 329.6592889279127 3.694167509675026 1.212636440992355 3.818315632641315 5.952923446893692 20.09637100994587 156.392869412899 10.24643114209175 1.432149395346642 0 201.0151520296931 173.1919937357306 147.3587901368737 89.91669658571482 16.27437392622232 141.8904094696045 1629.024152442813 4.33263748884201 298.0392469763756 15.74376119673252 0.3514677584171295 7.369774825870991 3.144816413521767 17.06087006628513 0 1.782667964696884 0.2640619277954102 0.5619177892804146 0.1103052496910095 20.15092023462057 3.358836703002453 2.672259725630283 22.60561917722225 1.959064662456512 0 2.957193538546562 231.9044097885489 0 1.636796966195107 3.579177990555763 0.2832770049571991 4.736948028206825 1.423561498522758 1.35138726234436 3.369170464575291 1.445965379476547 10.02428914606571 2.529581040143967 10.4859424084425 18.69565568119287 14.25758305191994 13.6950064226985 0.697087749838829 0.1134738177061081 0 0 0 0 0 0 0 0 0 0 0 0.2559731602668762 0 0.1525740027427673 0 0 0 0.7166628241539001 0 0 0 0 3.606441169977188 0 1.658111959695816 0.6783014535903931 0 0 0.3495444655418396 0.1389652937650681 0 0 0 0 0.3464223444461823 0.2984682768583298 0 0 0 0 0.1309803575277328 0 0 0 0 0.1506825089454651 0 0 0.5453566312789917 1.873311296105385 0 0 0 0 0 0 0 0 0.1062791422009468 6.118931286036968 0 0 0 0 0.7738121300935745 0.9543463736772537 1.297823488712311 0.8175723999738693 0.125659167766571 0 0 0.3656996786594391 0 0.1013511568307877 0 0 0.2787842079997063 0 0 0 9.240849941968918 2.669285111129284 1.326572068035603 59.39266315102577 9.878991588950157 183.4032952263951 29.49909633398056 96.54182852804661 8.843127198517323 2.303667686879635 21.37663117051125 1.775617890059948 0.618457205593586 6.487252674996853 0.2175534591078758 8.974552482366562 0.2603878080844879 0.1327212303876877 1.002673029899597 0.7009294256567955 0
707.0889444425702 2603.592552408576 46.87689935415983 0 95.89653471112251 439.1971462517977 582.0140611901879 2.109877280890942 22.17339736968279 3015.382319107652 25.38452591747046 50.70984700322151 935.1357672736049 289.4697075560689 11.28147056698799 1.395982891321182 0.1870891898870468 0.3044488579034805 0 0.1718522906303406 0.4538968652486801 0 0 0.1233555674552917 0.187193751335144 0 0.3717086166143417 0.1321226060390472 0.598698154091835 0 47.86200381070375 0.468636617064476 2.21776007860899 0 0 0 0.7464153617620468 0 0.5616893023252487 0.4584338068962097 0.08868186920881271 0.4651544839143753 0 0.1498466581106186 0.1023154407739639 0 75.08565279841423 9.832840830087662 0.1733750253915787 0.3875032067298889 2.261493407189846 0 0 0 14.82566363364458 14.26500727236271 30.20282728224993 132.3782390728593 6.020543903112411 25.5823370590806 0 0.190497875213623 0 2.987478405237198 5.971277721226215 2.645736999809742 2.655626207590103 0.8668451234698296 0.5072257742285728 0.8786807060241699 3.77801501750946 0.1443498283624649 0 210.763616360724 83.33195818215609 131.3613590970635 30.18442891538143 0.2452587559819221 0.1626386195421219 1.082009710371494 0 0.3285004794597626 26.02442290633917 0.301086500287056 12.0889368057251 6.40545029938221 2.638862892985344 0.1990684941411018 2.025988087058067 0 1.255038231611252 0.204456739127636 0.4382401257753372 0.1261978894472122 0.3245876803994179 352.3246110081673 2.928043738007545 0.4701661169528961 0.1691731363534927 218.3194462358952 1.894901633262634 15.33216904103756 12.02412819862366 8.528942972421646 2.932500451803207 4.187634453177452 2.62107190489769 5.498570755124092 21.95471143722534 38.71620836853981 3.758456975221634 17.82887737452984 25.51164883375168 20.93637619912624 3.845470480620861 0 0 0 0 0 0 0 0 0 0 0 0 0 0 0 0 0 0 0 0.4266760051250458 0 0 0 0 0.8579466566443443 0 0.4957707673311234 0.3405640423297882 0.1007005274295807 0 0.6178661584854126 0 0 0 0 0 0 0.4449457079172134 0 0 0 0 0 0 0 0.146823525428772 0.2943421974778175 0.4637233167886734 1.634236231446266 0 0 1.487389087677002 0.2145000100135803 0 0.3645574152469635 0 0 0 0 0 0 1.442471072077751 0 0 0 0 0 0 0.370834618806839 0 0 0 0 0 0 0 0.09015042334794998 0 0 0 0.08751313388347626 0 4.478712975978851 0.1598537862300873 1.376838400959969 77.26623290032148 10.19715035706758 173.1814705058932 19.85664158314466 498.0702485963702 14.76767118275166 2.920920670032501 10.68619597703218 0.3540772199630737 0.184658482670784 1.9395422488451 0.3072113990783691 56.71781231462955 0.1233608946204185 0 0 0.1379031389951706 0
349.9294559061527 3462.776742875576 1521.423695713282 95.89653471112251 0 29.91285309195518 2553.823735803366 35.00522031635046 5423.668556600809 970.6259262189269 1979.149322107434 83.28855823725462 1401.685692206025 2250.432461723685 101.1866262480617 61.25598488003016 0.9837070256471634 0.7468923777341843 0.3540077209472656 3.343684129416943 5.025600217282772 0 0 0.2923909425735474 0.4211451038718224 0.7767411768436432 0.5462135821580887 1.214349776506424 1.344687379896641 0.3382988646626472 738.6620115637779 15.77743158489466 23.10147763043642 0.1108382642269135 0.342640608549118 0.5951630473136902 4.431408688426018 2.932999782264233 1.082581363618374 1.446032248437405 6.357090801000595 2.566158838570118 1.182053238153458 2.784954532980919 0.273048922419548 0 310.2256794273853 27.34999974817038 0.7015178129076958 3.700585782527924 7.19717251509428 0.269375205039978 0 0.7107318267226219 20.76262860000134 25.81537686288357 27.86595397442579 261.1653839796782 9.217274375259876 52.14545296877623 1.087108209729195 0.8988577052950859 0.2165936380624771 49.05838737636805 12.13409106433392 4.547789506614208 5.2722028195858 2.455420047044754 3.785840079188347 17.48768202215433 21.01621025800705 1.454196594655514 0 272.390149526298 195.8077337965369 485.358329705894 278.1857674643397 9.852523654699326 2.080775804817677 46.38856257498264 0.7237307280302048 3.844681054353714 46.94184511899948 1.339208297431469 24.86200416088104 11.8455943390727 10.59425907582045 0.4161782115697861 6.378926977515221 0.2438371554017067 3.318191148340702 0.4933225065469742 5.720465146005154 1.84327607601881 1.713775373995304 67.43447664380074 2.872061505913734 0 2.54578298330307 80.07251872867346 1.684990733861923 8.355476081371307 12.96097657084465 2.646051585674286 12.26552470773458 6.284717619419098 3.401920713484287 16.31299702078104 12.94870592653751 65.22831507027149 16.57892852276564 60.28687885403633 85.46865389496088 63.38270572572947 57.29050516337156 1.659519538283348 1.072120308876038 0.346677303314209 0.3361363261938095 0 0 0 0 0 0 0 0 0.1093581840395927 0.1004012897610664 0.1370083093643188 0.1890794038772583 0 0.1304289549589157 0 1.683339804410934 0.9065226316452026 0 0 0 6.792283207178116 0.1592778116464615 3.893661215901375 1.080458141863346 0.2122567445039749 0 0 0 0 0 0 0.2251227498054504 1.087078526616096 2.230849362909794 0 0 0.2141894623637199 0 0.09249858558177948 0 0 0.08463910967111588 0.2189651504158974 1.894830040633678 0.411529615521431 0.7433140873908997 0.56367427110672 5.670402929186821 0 0.109510064125061 0.7230389267206192 0.1219453811645508 0 0 0 0 0.3267051726579666 20.03220003098249 0 0 0 0.1908407583832741 1.745619475841522 5.530436061322689 2.839559018611908 1.572223111987114 0.130087673664093 3.488103166222572 0 0.1468038409948349 0 0.07657801359891891 0 0.1204283609986305 0.4012045711278915 0.09350184351205826 0.1669149249792099 0 44.52972359210253 9.270702861249447 4.143010139465332 162.8679099977016 50.66292595490813 524.3226380124688 105.3776671439409 152.7159723713994 41.717658393085 7.605486117303371 49.70933187752962 5.744393862783909 0.9507084488868713 12.12115070223808 1.576361857354641 35.60015242546797 0.1468579769134521 0.1088261753320694 0.4058530330657959 2.356665343046188 0.2076959311962128
386.4086552113295 610.7644278183579 29.22798326611519 439.1971462517977 29.91285309195518 0 37.54136378318071 2.58154608309269 4.640902042388916 540.809968367219 35.29482324421406 74.63845001161098 55.5148203894496 36.97188156098127 3.241021402180195 0.8848365768790245 0.1297625303268433 0 0.125142976641655 0.1819634586572647 0.1162881255149841 3.935073435306549 0 0 0 0 0 0 0.145301878452301 0 51.64285786449909 0.3097673654556274 24.18479710072279 0 0 0 2.349572375416756 1.12292717397213 4.107403688132763 0.7414797767996788 0.1120366230607033 0 0 0.1388826370239258 0 0 18.30693333595991 5.080341808497906 0.09351848810911179 0.438379243016243 0.5121270418167114 9.82995779812336 1.882301852107048 0.5845408290624619 12.33073451370001 10.00720801949501 312.6948847919703 266.7024378702044 12.22759539633989 24.96643387526274 0.2123186662793159 0.7872520387172699 0 0.4317525178194046 3.766198053956032 0.7692162692546844 0.3236741572618484 0.1064487248659134 0.270567387342453 0.8843069821596146 55.2909247353673 58.85711279511452 4.710726156830788 178.59823974967 38.92665591090918 29.41071059554815 2.55714163184166 0.4150862395763397 0 5.702387757599354 0 0.1770056784152985 18.39710360765457 0.9493635520339012 3.474957190454006 2.99357496201992 1.654293961822987 7.355159729719162 1.900618694722652 17.5716642588377 2.199629910290241 4.500688880681992 0 0 0.9352004528045654 463.2006478607655 84.61679196357727 6.706004187464714 25.6056796759367 605.0604042559862 0.6509289890527725 9.670912072062492 11.46921983361244 4.334209755063057 2.39300474524498 1.913269490003586 3.038961321115494 3.893647849559784 6.19980001449585 23.30470497906208 1.044232800602913 10.24150028824806 10.89950474351645 9.640783995389938 2.320978879928589 0.185184046626091 0 0 0 0 0 0 0 0 0 0.1745266914367676 0 0 0 0 0 0 0 0 0 0 0 0 0 0.2122485190629959 0 0.1518590599298477 0 0 0 0.1598389148712158 0 0 0 0 0 0 0 0 0 0 0 0 0 0 0 0.1615160405635834 0.7217893749475479 1.326409861445427 0 0 0 0 0 0.1123485788702965 0 0 0 0 0 0 0 0 0 0 0 0 0 0 0.3319894671440125 0 0.2122295647859573 0.3342324495315552 0 0 0 0 0 0 0 0 0 1.279649168252945 0.4322977364063263 0.1142170503735542 53.85768296569586 7.036227509379387 49.98599892854691 8.519435256719589 572.1239901259542 14.90207509696484 2.098407819867134 4.23586044460535 0.1560464054346085 0 1.201818965375423 0.1078560128808022 41.09563390910625 0 0 0 0 0
215.0651529282331 5209.635251276195 181.2792796418071 582.0140611901879 2553.823735803366 37.54136378318071 0 4.397815123200417 3033.382600478828 1923.15640578419 214.5380640402436 174.8831967636943 2633.925486676395 3199.865796916187 79.21464189887047 33.62163741141558 0.7070426270365715 0.5854231938719749 0.2244148477911949 1.411607719957829 1.381376847624779 0.09881793707609177 0 0 0.1299572885036469 1.866471044719219 0.3162029534578323 0.7846746072173119 1.911539688706398 0.6851607635617256 178.2055589705706 1.994399443268776 13.09541247040033 0.1454390436410904 0 0 0.7708987817168236 0.4737968519330025 1.502857781946659 1.131393894553185 1.843147963285446 2.764985524117947 0.5541602671146393 1.126487888395786 0.1313673406839371 0 334.7489600405097 32.5004758015275 1.068489693105221 1.562236130237579 6.433571211993694 0.3023901954293251 0.1137658283114433 0.6587347015738487 31.91129574924707 36.7986860871315 34.18549070507288 256.8037905544043 9.109220184385777 62.59759099781513 1.317756548523903 0.1063382923603058 0 31.43351997435093 16.77628673613071 5.895558595657349 5.30557157844305 2.622508756816387 2.025603443384171 5.366814352571964 10.91202897578478 0.808282732963562 0 408.7907099872828 240.0104742571712 530.2830577939749 232.2075541913509 5.5085304453969 0.4294674247503281 4.04686076939106 0.1162923276424408 2.030268587172031 68.43700417876244 0.6633969098329544 32.32281854003668 16.82327300310135 11.84574222564697 0.2759405300021172 8.912746414542198 0.6007183194160461 3.880950845777988 1.161913804709911 4.278559692203999 2.006736665964127 1.657366223633289 99.9447495341301 2.71422928571701 0.2380693554878235 0.687886968255043 34.94761691987514 1.3035549223423 7.637578055262566 14.75769498944283 6.627824798226357 9.18368074297905 5.02965097874403 5.677505418658257 18.14396270364523 16.12298683822155 68.57254237681627 10.00276582688093 44.7711913511157 80.28636866807938 61.81559939682484 42.53845901042223 0.5899588391184807 0.5057436227798462 0 0 0 0 0 0 0 0 0 0 0 0 0 0.2302161455154419 0 0 0 1.264974012970924 0.1731091141700745 0 0 0 5.05358050018549 0.3954955190420151 4.381706915795803 0.7750049754977226 0.3616059795022011 0 0 0 0.1911394149065018 0.8897298574447632 0 0.1427757143974304 0.7447203695774078 0.751839391887188 0 0 0 0.4408042430877686 0 0 0.3516120910644531 0 0.1404406279325485 1.85628891736269 0.6832778006792068 0 0 3.340817391872406 0 0 0 0 0 0 0 0 0.1902953088283539 12.25633189082146 0 0 0 0 2.959046974778175 4.729958266019821 3.107098922133446 1.975594580173492 0 1.151872389018536 0.1594737321138382 0.4819619506597519 0 0 0.1027552783489227 0 0.4227747172117233 0.1860910952091217 0 0.08896287530660629 33.87176134437323 7.890583261847496 2.459962613880634 174.9966407120228 51.00822896882892 659.2979324012995 108.5254183188081 256.7716518640518 49.16370622813702 5.451474510133266 49.92987062782049 4.653167180716991 0.7188983112573624 8.536257378757 0.7697733044624329 47.94438457489014 0.179057240486145 0.3044828996062279 0.2360001057386398 2.367111265659332 0.4945479184389114
24.46142649650574 126.3685649260879 1376.232183992863 2.109877280890942 35.00522031635046 2.58154608309269 4.397815123200417 0 130.8183192163706 1.496176987886429 2583.255841068923 2.42402109503746 42.8818605914712 434.4643132686615 21.90990204364061 33.94051958620548 12.24409820139408 17.65638776123524 16.95848631858826 61.24981375038624 93.92820724844933 0 2.883783057332039 0.7018121778964996 7.653512202203274 4.960723459720612 0.4517231732606888 0.9586969241499901 0.5120115727186203 0.1708397418260574 688.9185394644737 601.8567132353783 107.3003255352378 24.35656720399857 0.4854121133685112 5.134964548051357 2.646627120673656 5.949342206120491 0.9586680307984352 2.687865763902664 54.38961724191904 8.057266086339951 21.16900522261858 15.60168865323067 33.47726234048605 42.2924734801054 53.01455379277468 18.05497872829437 8.57248767465353 84.38460940867662 2.388809017837048 0 0 0.9027054756879807 2.154376812279224 4.189410738646984 13.48023046553135 230.9518303871155 1.546527363359928 6.951097674667835 162.1363812759519 31.99515420198441 8.441921144723892 383.4824340865016 2.386603586375713 1.983993209898472 2.300539113581181 6.142832890152931 27.72080940008163 225.9366085231304 4.735347732901573 1.122201472520828 0 58.63749876618385 116.5995963662863 88.04211642593145 348.6784326136112 265.4943140000105 678.459969304502 3266.76286649704 122.5287942439318 2533.843195773661 4.912883549928665 0 1.576372273266315 1.651147283613682 30.46056215465069 0 0.9052466377615929 0 0.5136001333594322 0 27.64051935076714 3.116808474063873 1.118147477507591 3.391764029860497 0.8378414809703827 0 0.8144883215427399 19.3668735101819 0 0 0 0 0.4143977761268616 0.2714123725891113 0.5227259397506714 0.182243287563324 0.5723397135734558 1.998409003019333 0.9707379341125488 0.5847059041261673 1.763398662209511 3.563148498535156 2.033460110425949 0.2854932397603989 0.1479401439428329 0 0 0 0 0 0 0 0.3631050288677216 0 0 0.2085846066474915 0 0 0 0 0 0 0 0 0 0 0 0.3990438431501389 0 1.154051832854748 0.1275144070386887 0 0.1527582854032516 0 0 0 0 0 0 0.3865205049514771 0.3091854751110077 0 0 0 0 0.4241368174552917 0 0 0.1070195659995079 1.500852435827255 0.2957606911659241 0 0.1702021211385727 0.2962896525859833 0.3329681009054184 0 0 0 0 0 0 0 0 0.1714398860931396 1.550586178898811 0 0 0 0 0 0.6800453811883926 0 0 0 0 0 0 0.391865000128746 0 0 0 0.2450823113322258 0.270440548658371 0 0 1.734695225954056 0 0.4958650469779968 26.2219959422946 5.45298008620739 97.75248274207115 14.44175741821527 18.78464809805155 3.429932489991188 1.344032734632492 11.60305917263031 1.196131303906441 0 1.105309091508389 0 1.104948580265045 0 0 0.5748979151248932 0.6383682638406754 1.018784642219543
21.49725590646267 565.2441154122353 436.0325692072511 22.17339736968279 5423.668556600809 4.640902042388916 3033.382600478828 130.8183192163706 0 402.7848631516099 3829.055867061019 164.4106753617525 2186.024596132338 3982.179197564721 70.38417095690966 68.16051295399666 0.7252479568123817 0.7514244541525841 0.1479606628417969 3.703550912439823 6.800766877830029 0.1139631047844887 0.237052284181118 0.2738374695181847 1.53365421295166 1.378901280462742 0.4326514527201653 0.5144771784543991 0.9762520119547844 0.714283362030983 68.43015737086535 3.182777412235737 21.73181390017271 0.6403743326663971 0.1086476445198059 1.536861702799797 3.012649938464165 1.359812162816525 1.291353434324265 1.839558362960815 9.940017066895962 4.396559737622738 1.525696597993374 3.220293462276459 0.3066399544477463 0.5438174307346344 169.6096306592226 8.669170878827572 1.007016018033028 4.950348176062107 2.519287273287773 0 0 0.2987933456897736 6.93877811729908 9.928324513137341 6.955324679613113 61.22303906083107 3.120227508246899 18.38975076377392 0.5909985825419426 1.232062309980392 0 34.26863827556372 3.050722472369671 1.663422986865044 2.547664418816566 2.595048576593399 4.127279877662659 27.37752734869719 16.70790008455515 0.8367952927947044 0 102.4411276951432 90.29436405748129 252.8648407459259 162.6399901136756 9.043058700859547 0.3076762408018112 40.36116261035204 0 3.624252662062645 16.00373889505863 0.2861288040876389 7.923398345708847 3.363985627889633 6.891058310866356 0.0918455570936203 2.129239246249199 0 0.6387339755892754 0.2997421026229858 4.294368632137775 1.159202121198177 1.555016778409481 79.43064937740564 5.278699316084385 0 2.111300706863403 7.468833707273006 1.585372738540173 12.21517413854599 14.09204541891813 4.739988535642624 11.95471860468388 8.406669586896896 4.121823593974113 19.01349814236164 12.5831748098135 63.67098929733038 14.64029408246279 68.90123343467712 89.958152115345 63.09391935169697 54.81183089315891 0.2604487538337708 0.5702733099460602 0.233956515789032 0 0 0 0 0 0 0 0 0 0 0 0 0 0 0.1465115696191788 0 2.026726827025414 0 0 0 0 4.921677879989147 0 4.804324746131897 0.7879630476236343 0.1585746109485626 0 0 0 0.2720879018306732 0 0 0 1.779321491718292 3.395429320633411 0 0 0 0.4147046804428101 0 0.3450745344161987 0.1472044736146927 0.1146859973669052 0.1339248269796371 1.566174127161503 0.4992647618055344 0.2719683647155762 0.689929187297821 3.720862597227097 0.679908961057663 1.079264521598816 0.9574786126613617 0.2295308038592339 0.1678917557001114 0 0.1986907720565796 0 0.1494245082139969 15.66747470200062 0.1405297815799713 0 0 0.2957402169704437 2.141038492321968 7.537069410085678 3.335858941078186 1.139559619128704 0.6158577799797058 1.943482525646687 0.1667613238096237 0 0 0 0 0 0.2315155491232872 0.121149480342865 0 0 50.6239997074008 9.021475419402122 3.130950890481472 104.6032886877656 26.72782504558563 353.1995728984475 61.73038338124752 58.47028771787882 20.11775291711092 3.132736794650555 37.29036126285791 4.99531576782465 0.3149066120386124 7.393229559063911 0.5080813840031624 34.08040799945593 1.322981089353561 0.1552359014749527 0.4782910197973251 1.386855185031891 0.1695355027914047
1209.812433332205 3156.067626021802 41.82868224382401 3015.382319107652 970.6259262189269 540.809968367219 1923.15640578419 1.496176987886429 402.7848631516099 0 32.43812692165375 1305.877514868975 5866.259962044656 974.3151366561651 33.17675397545099 12.39963318407536 0.6766480877995491 0 0 0.5061964392662048 1.516876801848412 0.6816689372062683 0.1505116522312164 0 0.7394999861717224 0.4820011779665947 0.2164121493697166 0.2706567421555519 0.9973443597555161 0.4960192888975143 38.46865028142929 0.858845055103302 21.59028455615044 0 0 0 4.514130532741547 2.115473724901676 1.581426464021206 0.7157466039061546 1.917027942836285 1.14370185136795 0 0.8892868608236313 0.1223092377185822 0 199.8605900704861 20.30447310209274 0.4811049923300743 0.8699426501989365 3.923713944852352 0.4890182018280029 0 0 20.78196447342634 23.21890196949244 37.25121956318617 107.2047889977694 5.551312983036041 35.88517145812511 0.5372910648584366 0.1793158352375031 0 7.566718123853207 10.20467859506607 2.910616263747215 2.481951661407948 1.017570242285728 0.8066963702440262 5.051519617438316 48.16868031769991 0.4388356804847717 0 290.6008268520236 109.8702705726027 260.5540274828672 81.54607374221087 3.070378072559834 0.1767637133598328 2.562625490128994 0.3683995753526688 0.6244815066456795 43.80157136172056 0.668665885925293 17.51993361860514 7.557947382330894 4.910133324563503 0.3715609014034271 4.531269788742065 0.6065768003463745 1.459597766399384 0.4023101106286049 1.847201332449913 0.565300852060318 1.242540165781975 1607.344776019454 25.1429330855608 1.350713968276978 4.566909566521645 183.5982085540891 11.96711931377649 127.6149306595325 128.4245563745499 71.31233969330788 57.34634687751532 43.20001515746117 44.01563689112663 72.99492685496807 115.0394157469273 386.7980762347579 51.9590769559145 251.1167147308588 419.3177192658186 311.1465381383896 152.2440862059593 0.5867355316877365 0.9949647039175034 0.142896443605423 0.7110804617404938 0 0 0 0 0 0 0 0 0 0.1280625015497208 0 0 0 0 0 9.244376718997955 0.6656249612569809 0 0 0 11.24547812342644 0.4205724596977234 12.99431495368481 1.041326358914375 1.028815060853958 0.3645462542772293 0 0 0 0 0.2064323574304581 0 1.297548852860928 7.708319835364819 0.1110406816005707 0.5025763511657715 0 0 0 1.237137414515018 1.154144376516342 0.1029489487409592 3.026453278958797 8.551129043102264 9.607917189598083 0 1.031170785427094 8.855013340711594 0.4557119160890579 0.7233452200889587 1.44748492538929 0 0 0.3895416855812073 0.08964601904153824 0.1464342772960663 0.1579894572496414 23.71691386401653 0 0 0.09763055294752121 0 5.369617030024529 12.87939783930779 12.96167683601379 7.153292439877987 2.603726640343666 4.572729170322418 0.6508462280035019 0.1723136156797409 0.2102462202310562 0 0.1943446695804596 0 0.3190836384892464 0 0 0 101.5264489799738 13.24047793447971 3.464411586523056 253.1759903728962 21.87096191942692 503.4536453858018 71.01135597378016 706.9812911748886 42.32999590039253 3.607074446976185 69.16836152225733 14.90926760435104 0.5287052541971207 46.33248368650675 2.069199457764626 453.6863366663456 3.276655375957489 0.09506245702505112 2.227260045707226 1.192663095891476 0
391.0755615457892 1445.973253779113 3807.453877985477 25.38452591747046 1979.149322107434 35.29482324421406 214.5380640402436 2583.255841068923 3829.055867061019 32.43812692165375 0 38.28422901034355 984.4584789127111 5199.940569236875 95.36302950978279 117.2259953096509 3.895803637802601 4.490640208125114 2.317198038101196 32.68068056553602 52.64279083907604 0 1.285279281437397 0.5324443727731705 28.96875431388617 16.61560189723969 1.222839258611202 1.775236770510674 1.136178381741047 0.3066039383411407 1446.331663526595 211.6829405277967 492.9416313841939 5.283064588904381 0.1709829121828079 21.6159785091877 42.09004781395197 40.24561965465546 8.714462086558342 24.46923632919788 88.15984293818474 22.02161309123039 7.11945878714323 8.490532420575619 6.349259324371815 3.082605764269829 195.7225532606244 17.09601628035307 3.273938529193401 27.00228164345026 5.370214447379112 0.2557220086455345 0 1.266719721257687 12.15976969897747 14.43182276189327 40.61283923685551 485.6976835951209 9.022795379161835 35.18802355974913 5.549042329192162 16.80428250133991 1.04462668299675 68.46413871645927 5.520290978252888 2.182424083352089 3.657813839614391 9.957313194870949 25.16511526703835 194.3447801470757 82.16985231637955 2.576288193464279 0 215.8979316428304 190.5021558851004 306.9104460775852 216.0714870169759 19.73851753026247 179.5934046208858 1020.250393666327 3.353435575962067 127.9752082452178 24.18523123115301 0.5978236421942711 9.629470340907574 6.902348607778549 17.63463748246431 0 3.188474029302597 0 1.782639160752296 0.09833019971847534 26.83576101064682 4.906014539301395 2.549366377294064 66.04414220899343 14.08233101665974 0 6.101144649088383 157.5242962241173 0.1331590116024017 4.822373807430267 3.412771604955196 1.796706646680832 4.97077901661396 3.189263664186001 0.3599250465631485 6.701979428529739 4.096759781241417 29.81564475595951 4.998464092612267 25.84881243854761 36.51451562345028 39.2578436806798 33.74888098984957 0.7479937523603439 0.1122267916798592 0 0.1873433440923691 0 0 0 0 0 0 0 0.1524463891983032 0 0 0 0.2322644591331482 0 0.2189521491527557 0 1.909620545804501 1.460791230201721 0 0 0 7.392240092158318 0 7.826231464743614 1.166366636753082 0 0.2935267090797424 0.3176556900143623 0 0.2108456343412399 0.2392344772815704 0 0 0 1.189585387706757 0 0.5932534411549568 0 0 0.4659491777420044 0 0.3065515458583832 0.1082349717617035 0.6580876410007477 0.5591101497411728 0.1581207662820816 0 0.7841126918792725 2.790896952152252 0 0 0.1940930336713791 0.09570124000310898 0 0 0.1065919697284698 0 0.5935714542865753 20.76286340504885 0.6236452907323837 0 0 0 1.818630293011665 9.376440912485123 0.5562589019536972 1.459139406681061 0.7744142115116119 0.774336501955986 0.1324485540390015 0 0.1272672563791275 0 0.1074753627181053 0 0.243748813867569 0.1232913509011269 0 0 27.74781247973442 11.36869402229786 3.378609240055084 114.2893850281835 29.4740077033639 332.0590584166348 60.67870918661356 105.3939983770251 16.04129865020514 7.589525654911995 42.62978577613831 5.516669124364853 0.4634505659341812 13.85113120824099 1.504164442420006 15.28919520974159 0.9044132083654404 0 2.487621776759624 3.905843883752823 0.1256367564201355
12.65396892279387 47.86022545397282 5.247118055820465 50.70984700322151 83.28855823725462 74.63845001161098 174.8831967636943 2.42402109503746 164.4106753617525 1305.877514868975 38.28422901034355 0 1862.03705060482 732.4925158917904 35.93827691674232 81.20910543948412 2.619303718209267 1.354639306664467 0.43697340041399 0.3491970598697662 6.180928774178028 0 0.1304466128349304 0.1590455025434494 9.382806502282619 13.65453449636698 0.41391771286726 2.605668611824512 1.349773205816746 0.1297114342451096 3.392767854034901 0.2941371947526932 325.6855724453926 0 0 0.7889735698699951 141.4913807660341 31.53245929628611 12.26763711869717 20.50964773446321 23.43366973847151 9.453273832798004 1.309909284114838 5.008900098502636 1.251498505473137 0.3773100674152374 64.36459974199533 2.11623153090477 0.5635536015033722 1.726702645421028 1.217650607228279 0.2111870646476746 0 0.887228325009346 0.9845241159200668 2.729332506656647 7.214302763342857 7.189284898340702 1.366331145167351 3.613388329744339 0.4641194492578506 3.170121565461159 0 13.58836452662945 0.9429572150111198 0.5025787204504013 1.048052832484245 2.020944304764271 3.466466039419174 29.03077793121338 364.9009886905551 6.926968142390251 0 33.88670045882463 22.1042203605175 57.42965915799141 38.84088458120823 11.03010635077953 0.4848252683877945 10.40359401702881 0.7184743657708168 0.7056613862514496 3.027618981897831 0 1.797978065907955 1.262938164174557 2.993675634264946 0 0.8100346475839615 0.2230945229530334 0.545646458864212 0 11.73900713771582 1.644889883697033 0.549999937415123 2012.662033870816 104.061048194766 0 22.40963996946812 29.03424565494061 4.057319104671478 43.39594708383083 53.6063454002142 24.84542670100927 44.23290552943945 29.56087039411068 19.45811058580875 62.61501930654049 60.74122300744057 222.4212504476309 42.32646591961384 212.1648098900914 302.3688812404871 250.1389422938228 158.2042967453599 0.3436117321252823 0.8553256168961525 0 0 0 0 0.395834743976593 0.224622905254364 0 0.9240038394927979 0.1937880665063858 0 0 0.2691378891468048 0 0.2943201065063477 0 0.1625275611877441 0 6.236866593360901 1.377455592155457 0 0 0 11.27825610339642 0.7328091859817505 12.38835586607456 1.946566551923752 0.6711332574486732 0 0 0 0.2935507893562317 0 0 0.4576535820960999 1.110767230391502 5.746464155614376 0 2.138495653867722 0 0 0.1121594905853271 0.1114549711346626 1.777946174144745 0.2963072210550308 1.348415106534958 5.824514403939247 6.188755348324776 0.6984789818525314 2.353509768843651 8.173970848321915 0.4639336764812469 0.9006155878305435 0.6251020357012749 0.1443586498498917 0.2558901607990265 0.1084507182240486 0 0 0.1341504901647568 38.85909600555897 1.246040239930153 0 0 0 6.937471553683281 15.44603312015533 7.408605828881264 3.484549954533577 2.765272460877895 3.66707768291235 1.370774284005165 0.8818278312683105 0.4559088349342346 0 0 0 0 0 0.2841049432754517 0 133.7358569502831 26.30251944065094 3.328303560614586 104.6752836331725 14.17258440703154 203.3756039813161 35.88864477723837 149.3832839429379 9.390253826975822 0.5774970129132271 47.48055559396744 10.99624524265528 0.5260752439498901 33.8515430688858 1.152658104896545 145.3477925509214 3.172500252723694 0 4.236117415130138 3.015854164958 0.5105152726173401
140.9757484793663 939.6028495803475 162.5281646996737 935.1357672736049 1401.685692206025 55.5148203894496 2633.925486676395 42.8818605914712 2186.024596132338 5866.259962044656 984.4584789127111 1862.03705060482 0 6030.473416231573 91.04977881908417 128.8654859736562 3.627947114408016 1.294756665825844 0.3530787825584412 8.45841870456934 13.81234781444073 0 0 0.124872162938118 4.755521461367607 6.518698811531067 1.296910092234612 1.450910113751888 1.703601039946079 0.2391901686787605 36.32059209793806 2.374417707324028 325.6104348227382 0.8510656803846359 0.1188206002116203 2.198982566595078 30.47550667077303 12.60208888351917 2.526843808591366 9.329342298209667 29.31404412537813 13.77903419733047 3.835835598409176 6.950387477874756 1.700335972011089 0.947557270526886 179.8097727149725 8.470809079706669 1.745357804000378 11.66114394366741 3.805519364774227 0 0 0.5373624339699745 8.32841245085001 9.638074308633804 8.422222696244717 40.98670325428247 4.822714768350124 16.68081194907427 0.9562454074621201 1.921229213476181 0 27.80117508769035 3.960093475878239 2.333912625908852 3.188263066112995 5.660308979451656 11.9575902223587 69.53544415533543 169.2823249176145 7.244140699505806 0.1265633851289749 96.99395584315062 77.20507737249136 221.6665528714657 129.4073794484138 14.21196680516005 0.6094968765974045 22.93056729435921 1.886833965778351 4.932930208742619 14.92920168489218 0.2087919637560844 9.472536407411098 4.354153849184513 7.587070219218731 0 2.217979103326797 0.1921869888901711 1.171628907322884 0.527040459215641 16.17759390920401 3.044663868844509 1.993116989731789 1426.202601604164 38.46012102067471 0 8.447757124900818 31.93249377608299 9.09268643707037 56.15035463869572 71.39928767830133 26.11356777697802 56.87142143398523 37.79595253616571 24.22666534781456 84.64548742026091 63.67428550124168 316.3402019888163 68.7883453592658 297.9848207607865 445.6375895142555 329.2034153491259 234.1241002306342 1.163150757551193 1.250851690769196 0 0.1129271909594536 0 0 0 0 0 0.2796702980995178 0 0.1123078763484955 0 0 0.1308039724826813 0.2173731923103333 0 0.3128520846366882 0 6.191407933831215 3.411160886287689 0 0 0 16.0084206238389 1.034465491771698 13.50906077772379 3.535455748438835 0.7053491920232773 0.3157794177532196 0 0.1529435217380524 1.011411607265472 0.1370321661233902 0 0 2.281647257506847 5.829933531582355 0 0.278924971818924 0.1605943143367767 0.189340204000473 0.2145372182130814 0 2.299458742141724 0.3655775785446167 3.842295736074448 7.841305591166019 5.583840020000935 0.6783462464809418 2.327689185738564 15.48041790723801 0.4274676740169525 1.816380590200424 1.097189500927925 0 0.09378666430711746 0 0 0 1.086704969406128 62.98382376879454 1.135269299149513 0 0 0.3437340557575226 8.049295350909233 22.08207316696644 7.029078140854836 5.986191533505917 3.550916709005833 5.615562044084072 2.925667963922024 0.1112505123019218 0.6148520410060883 0 0.09570850431919098 0.1030621379613876 0.258095882833004 0 0 0 204.9898469299078 37.31046450138092 4.768912628293037 169.118834041059 43.75020987540483 419.0675013810396 89.54533018171787 168.7861290350556 27.59233612567186 4.901757620275021 66.03499507158995 16.67096132040024 0.7440621331334114 43.39509831368923 3.114820152521133 179.9893769398332 2.533838041126728 0 3.23107586055994 4.087305501103401 0.368660181760788
