0 4903.158017866313 494.1330551281571 2289.324609234929 899.8351074457169 67.43968492746353 1022.86372166872 9.054374799132347 101.6506467014551 1166.388916455209 151.569849319756 142.5012442618608 197.4597543179989 138.1816070005298 5.219919502735138 0.6762024760246277 0.2541250362992287 0.2174962088465691 0 0.1125577688217163 0.985577367246151 0 0.135654091835022 0.7949454486370087 0.6219247207045555 0.3078832402825356 0.4660741239786148 0.3855927214026451 0 0.08833373337984085 1104.493865832686 0.4847553893923759 6.482574231922626 0 0.6455795615911484 0.9958651810884476 3.625882253050804 0.346345067024231 0 0.52982297539711 0.8827122673392296 0.3072220608592033 0.5849219486117363 0.6307751685380936 0 0 38.75005465745926 1.899722971022129 0 0.1080995574593544 0.2060985788702965 0 0.08761609345674515 0 6.799187175929546 2.444430410861969 234.4163288250566 1076.957668922842 43.23658189922571 34.13677410036325 0.1904588341712952 0.4838663041591644 0.1158867031335831 3.898195572197437 0.8787277340888977 0.5038642212748528 0.4455576092004776 0.2733462154865265 0.2427489310503006 0 13.81552226096392 11.53983840346336 1.263100057840347 333.1759458705783 115.0383246093988 91.88895457983017 4.030874766409397 1.635553866624832 0.3427986279129982 5.560910284519196 0.3805400207638741 4.991082914173603 21.52661734819412 1.42253078520298 0.2372217774391174 2.580117851495743 0.2506230175495148 0.241903692483902 0.6681393682956696 0.6861222833395004 0.108650840818882 0 0.8093913719058037 0 0.4768864512443542 60.27212135493755 20.99280001223087 4.076394483447075 1.199257895350456 1260.044774360955 0 0 0 0 0 10.93325285613537 0.9466188997030258 0 128.416768103838 0 0 1.691303744912148 0.3832399249076843 0.2848671972751617 0.2570577636361122 0 0 0 0 0 0 0 0 0 0 0 0 0 0 0 0 0 0 0 0 0 0 0 0 0 0 0 0 0 0 0 0 0 0 0 0 0 0 0 0 0 0 0 0 0 0 0 0 0 0 0 0 0 0 0 0 0 0 0 0 0 0.7246841341257095 0.5196074992418289 0 0.5664707273244858 0 0 0 0 0 0 0 0 0 0 0 0 0 0.1464286148548126 0 0 0 0.3752366602420807 0 0 26.60583831369877 5.620562337338924 43.40395256876945 5.260822914540768 140.6736754253507 5.34364128857851 1.116398185491562 0.7798734530806541 0 0 0 0 0 0.3907845914363861 0 0 0 0
4903.158017866313 0 1565.462424054742 1306.76884239167 5708.823569990695 418.8317915275693 5984.569255627692 113.9707250073552 1347.009006142616 590.013569638133 1615.021378271282 14.39695073664188 383.6450514569879 1552.528981439769 21.40772686898708 3.244073033332825 1.898390062153339 0.2457179874181747 0.09255387634038925 0.5048694834113121 1.511836163699627 0 0.6688629016280174 2.711643606424332 5.067086942493916 3.990974254906178 6.459881827235222 1.664345242083073 0.3328611850738525 1.080335177481174 3288.789667122066 9.175336197018623 17.40636401623487 0 3.474011987447739 6.642489276826382 5.120034895837307 2.415858067572117 0.1972317397594452 2.598854318261147 5.391146756708622 2.551396228373051 0.1353003978729248 2.281084448099136 0.3212681487202644 0.1194606125354767 231.9872654005885 9.329419188201427 0.6066450998187065 0.7366182059049606 1.204013273119926 0.2454447969794273 0.2062217071652412 1.691127337515354 21.78032133728266 11.07562573999166 107.0464210361242 921.1315600052476 26.07177526503801 89.52485454082489 0.361288033425808 6.189752139151096 0.7539369985461235 72.79229039698839 5.246384456753731 2.202906258404255 2.619608990848064 1.23621591180563 1.141305826604366 1.796459279954433 4.62458374351263 0 0 464.1487498879433 269.8552485257387 326.3469846323133 48.4064347743988 2.60499369353056 3.472678169608116 72.04350611567497 0.3075066581368446 35.37750957161188 60.82015561312437 3.858392395079136 1.993353143334389 11.64762219041586 2.291254654526711 1.352126136422157 3.450081169605255 0.3938293904066086 1.389906130731106 0.7710156515240669 4.228033795952797 1.737965948879719 1.52693834155798 11.4521012455225 0.09443818777799606 0 0 895.6819235980511 0 0 0 0 0 57.87067450582981 0 0.1174435913562775 19.33588042855263 0.1614261120557785 0 1.481373026967049 2.449320763349533 1.204638913273811 0.2474794909358025 0.1094270870089531 0 0 0 0 0 0 0 0 0 0 0 0 0 0 0 0 0.1495874226093292 0 0 0 0 0 0 1.022471331059933 0 0 0 0 0 0.09046601504087448 0.09720461815595627 0 0 0 0.09004471451044083 0 0 0 0.101718582212925 0 0 0.1000192761421204 0 0 0.07429793477058411 0 0 0 0 0 1.233200922608376 0 0 0.1084919199347496 0 0 0.2161249965429306 0.09735830873250961 0 0.106284111738205 1.661791481077671 0.3107218146324158 0 0.1148053929209709 0.1020121946930885 0.1443181782960892 0.3652912080287933 0.1283635348081589 0 0 0 0 0 0.1203146427869797 0.3096215724945068 0.2957709133625031 0.125733345746994 0.3590249642729759 0.104219414293766 0 0 1.337978228926659 0 0.5208797976374626 44.89820190519094 39.92715271562338 241.5208323895931 30.05615914613008 232.6167165115476 27.94128338992596 3.77012624591589 8.353705577552319 1.140395790338516 0.1917452737689018 0.552171915769577 0 0.3880277872085571 0 0 0.1071379482746124 0.5551249831914902 0.3055813014507294
494.1330551281571 1565.462424054742 0 4.025364831089973 686.6909998357296 8.026615813374519 105.0536271706223 1556.623152978718 843.8336604163051 4.065578944981098 4086.886829197407 6.447802700102329 107.8968633562326 1003.149059228599 60.29532760381699 19.40228428691626 8.64738541841507 9.495633475482464 2.427338048815727 60.36552736908197 102.477185189724 0.1539914011955261 16.87548096477985 27.43962654471397 40.58186027407646 23.33919661492109 43.50564512610435 7.418692633509636 1.119392745196819 7.961619853973389 5024.172882549465 688.5142617151141 142.8690620809793 5.527854196727276 56.23614486306906 95.26324158161879 25.88785135746002 30.58708164095879 1.941863231360912 10.3448471724987 71.46348633617163 21.60610837489367 31.40463151037693 8.678251482546329 3.172328501939774 9.093447789549828 114.1961265951395 4.571846202015877 5.224694259464741 28.95502505451441 2.027225248515606 1.492673434317112 1.040036916732788 8.221653670072556 6.249732851982117 3.599692717194557 37.78338953107595 1273.482241533697 9.20902918279171 28.36799648404121 39.51995723694563 100.3392740488052 27.08754101395607 3389.028946042061 2.503220289945602 2.597667068243027 1.588844329118729 15.47543101757765 178.7713530138135 76.23398956656456 8.687461279332638 0.2194509133696556 0 214.6528529599309 328.636897392571 207.4017317891121 102.3661907464266 30.05983516573906 500.155984506011 1141.452442452312 49.96252647042274 1713.702190339565 19.28711985051632 0.7838820219039917 0.8268370404839516 3.481270052492619 31.46981319785118 0.3582641407847404 2.051580637693405 0.2138905376195908 1.158111937344074 0.09688939154148102 107.0967478826642 5.355488494038582 8.539376683533192 1.089746214449406 0.1310161650180817 0 0.2224312871694565 137.1510726734996 0 0 0 0 0 0.3213523626327515 0 0.1164461523294449 0 0 0 0.9005711078643799 0.3986010700464249 1.079950131475925 0.4186537265777588 0 0 0 0 0 0 0 0.1348999440670013 0 0 0.1986300200223923 0.1167111247777939 0 0 0 0.1532399356365204 0.09372895956039429 0.1375564485788345 0 0 0 0 0 0 1.21002596616745 0 1.750184193253517 0.3752544671297073 0.5771573260426521 0.3943307846784592 0.2841506227850914 1.024304404854774 0 0 0 0.5205769836902618 0 0 0.244959756731987 0.9099468514323235 0.5967021137475967 0 1.135307095944881 0 0 0 0 0 0 0 0 1.065134577453136 0 0 0.1260449588298798 0 0 0 0 0 1.361240617930889 1.653879247605801 0.2124221324920654 0.09726908802986145 0.4910169690847397 0.582318589091301 0.3739030584692955 0.1160328015685081 0.1281041651964188 0 0 0 0 0 0.08803010731935501 0 0 0 0.5373238399624825 0.2800672948360443 0.1198948174715042 0 0.5451297536492348 0.249061107635498 0.3233166709542274 62.05192410945892 29.67694406211376 125.1010059863329 32.28656135499477 15.68711093813181 13.27149319648743 1.712749242782593 22.09514076262712 0.7226347103714943 0 0.1425849348306656 0.1804457306861877 0 0.2885934710502625 0 0 0.5758468359708786 1.391220927238464
2289.324609234929 1306.76884239167 4.025364831089973 0 81.83264425396919 667.1660946905613 2120.085956759751 0.2186044529080391 36.73866628110409 2078.192266017199 1.512817099690437 482.1459967941046 1028.33829729259 15.77396349608898 3.117448300123215 0 0.2461689561605453 0 0 0.0960853099822998 0 0 0.1505499929189682 0.1550572663545609 0.1043468192219734 0.2751057744026184 0.1242791563272476 0.6012956500053406 0 0 120.597485050559 0.3707163333892822 0.7979777306318283 0 0 0 0 0 0 0.1115546822547913 0 0.57298893481493 0.09989599138498306 0 0 0 53.20082524418831 1.725878298282623 0.1354071348905563 0.1058300137519836 0 0 0 0 5.669858552515507 2.563174717128277 42.68892106413841 241.9215295836329 7.517279401421547 19.99285577237606 0.1129538640379906 0 0 6.265379585325718 1.495002783834934 0.586367279291153 0.2326140627264977 0.2445465549826622 0.11885766685009 0 0.4373061805963516 0.2732906639575958 0.1582579910755157 143.062145665288 73.85654708743095 72.20900741964579 7.131322555243969 0.1283908635377884 0 0.5116861686110497 0.1586793214082718 0.3284205794334412 14.77011138945818 0.9553249105811119 0.2059641256928444 2.377254709601402 0.5057200342416763 0.1887707114219666 0.8274976909160614 0.1212766170501709 0.4160953313112259 0 0 0 0.1322032511234283 37.80467234551907 0.3694621026515961 0 0.111248642206192 642.2492803037167 0 0 0 0 0 22.46044035255909 0 0 83.19745703041553 0.3224485218524933 0 2.200918644666672 2.576107889413834 1.200241267681122 0.1868342161178589 0 0 0 0 0 0 0 0 0 0 0 0 0 0 0 0 0 0 0 0 0 0 0 0 0 0 0 0 0 0 0 0 0 0 0 0 0 0 0 0.1540476232767105 0 0 0 0 0 0 0 0 0 0 0 0.4283847212791443 0 0 0 0 0.09171033650636673 0 0 0 0 0 0 0 0 0 0 0 0.2657338976860046 0 0 0 0 0 0 0 0 0 0.3316962420940399 0 0 0 0.5712118595838547 0 0 20.98681491613388 8.344009429216385 50.73729267716408 6.627551600337029 341.0443115159869 4.229759179055691 0.6446170061826706 0.3682671934366226 0 0 0 0 0 0 0 0 0.1922768354415894 0
899.8351074457169 5708.823569990695 686.6909998357296 81.83264425396919 0 64.84422911703587 1628.179143205285 55.18553545325994 9799.091022744775 83.86183673143387 1472.540667653084 15.74586751312017 1258.19776173681 3513.61188030988 39.48090114444494 4.177257359027863 1.438342645764351 0.1326331347227097 0.4381076022982597 0.4494449123740196 0.5305508449673653 0.2401844412088394 0.5605586841702461 1.737091556191444 1.990320332348347 3.107380703091621 1.583805799484253 3.276555076241493 0.5777280107140541 0.5572960525751114 691.1893492713571 6.832417592406273 38.66777376830578 0 0.687785267829895 1.156683675944805 10.5159275457263 0.9556763842701912 0.8887912482023239 1.169799484312534 3.285719573497772 2.753331877291203 0 2.135392978787422 0.3281578421592712 0.1730264648795128 389.220645301044 13.3087982237339 1.158774882555008 1.731903165578842 2.017601355910301 0.4246256276965141 0 2.619040057063103 26.27255684137344 15.92673361301422 28.73307145386934 440.61836604774 17.04648996889591 83.92467392235994 0.6217734068632126 3.753629006445408 0.2284127250313759 166.8329669311643 7.966351389884949 4.966326713562012 4.115831762552261 1.895480252802372 1.673049166798592 1.555234484374523 51.65903104841709 1.871507853269577 0 289.3186428025365 273.7688521817327 431.6581509709358 154.5094961896539 7.868481278419495 3.189918465912342 29.11563695967197 1.381028212606907 11.95258249342442 80.97483368963003 6.070558801293373 3.462057054042816 18.46760815382004 4.074392482638359 2.264104671776295 4.968532480299473 0.1008287519216537 2.359151564538479 0.8885413855314255 1.448565296828747 0.8998224586248398 2.212182320654392 41.91695648431778 0.2946328818798065 0.2698238492012024 0.2542258203029633 104.436388887465 0 0 0.131386935710907 0 0 11.68513923883438 1.707717001438141 6.240285113453865 3.425178468227386 8.358941748738289 0.4846309572458267 35.84708292037249 25.21436865627766 29.76388461887836 10.7333560064435 0.366320513188839 0 0 0 0 0 0 0 0 0 0.2421822547912598 0 0 0 0 0 0 0 0 0.1742548048496246 0 0 0 0 6.527967981994152 0.1453810781240463 6.512151382863522 0.7692805603146553 0.2408087626099586 0 0 0.1019578129053116 0 0 0 0.09924445301294327 0 0.6406589448451996 0.1801488101482391 0 0.09636577963829041 0 0 0.09517867118120193 0 0.3747032582759857 1.694621622562408 0 0 0 0 9.351804092526436 0.3253043293952942 0.1504378765821457 0 0.07512021064758301 0.2259753197431564 0 0.09121796488761902 0 0 26.09564757347107 0 0 0 0.136056125164032 2.787787482142448 0.4937187284231186 2.186769038438797 0.5549675822257996 0 0.2892662808299065 0.1585425436496735 0.191728949546814 0.2810811325907707 0.4586596488952637 0.300419457256794 0 0.4804505109786987 0 0 0.08067711442708969 15.16577204316854 1.693615972995758 0.4376257956027985 112.922931984067 95.41137355566025 464.2782486751676 72.32411789894104 43.41671963781118 75.85334479808807 9.337737448513508 33.26343266665936 3.838131070137024 0.4781692326068878 1.244966804981232 0 2.538801163434982 0.3094156086444855 0 1.630120038986206 1.131557919085026 0.5990532487630844
67.43968492746353 418.8317915275693 8.026615813374519 667.1660946905613 64.84422911703587 0 401.459136351943 0 22.67268313467503 873.0582593530416 6.686576157808304 372.4760621041059 408.6052606254816 33.72180654108524 0.824366606771946 1.09508316218853 0.186365157365799 0 0 0 0 1.002714678645134 0 0 0.1493930518627167 0.1732823699712753 0.1985021606087685 0.3590671122074127 0.1304429322481155 0 60.00660999119282 0 46.31444370746613 0 0.2735045254230499 0.3134166896343231 66.58070987462997 1.770254343748093 4.35595528781414 0.970852792263031 0.3026237636804581 0 0 0.1495469510555267 0.1374245136976242 0.1873056590557098 12.473024725914 0.1966366916894913 0 0 0 6.997284799814224 3.460808888077736 0 0.9096362292766571 0.6572839468717575 228.0256762057543 247.9061519652605 16.36283008754253 5.065747275948524 0 5.406240299344063 0 0.3206512480974197 0.1294794678688049 0.3271367847919464 0 0 0.1787197589874268 0 360.8547745943069 268.2607636600733 41.3619792163372 88.66292874515057 27.52204687893391 17.82189910113811 0.6413435041904449 0.3389930576086044 0 5.201636455953121 0 0.3003460764884949 4.014725282788277 1.035380057990551 0.1108833178877831 0.7079451009631157 0.215032123029232 5.191185355186462 6.658535227179527 20.06514810025692 0.1446951180696487 1.036416932940483 0 0.3471710830926895 0.5676545202732086 456.165354475379 306.5453782230616 87.93971244990826 34.06384122371674 722.2959976047277 0 0 0 0 0 3.194702014327049 0.8484697341918945 0 36.82262650132179 1.144332766532898 0 2.82368628680706 1.870011791586876 3.341329351067543 0.445420503616333 0 0 0 0 0 0.4747932851314545 0 1.069915577769279 0 0.4090274274349213 0.6164392977952957 0 0 0.9846750646829605 0 0.4051546901464462 0.2690078020095825 6.694834962487221 0.5787764191627502 0 0 0 0 0 0.8263998553156853 0 1.140257075428963 1.56907145678997 0 0 0 0 0 0 0.4891471266746521 0 0 0 0 0 0 2.373240292072296 0.1774454116821289 0.116119809448719 0 0 0 0 0 0 0 0.4742572605609894 0 0 0 0 0 0.1948528289794922 0.1037002429366112 0 0 2.055241033434868 4.78958585858345 0 0 0.1981960386037827 0.3390640839934349 0 0 0 0 0 0 0 0 0.1297354847192764 0 0 0.4523080587387085 0 0 0 2.338279440999031 1.003527924418449 0.3480002731084824 3.619112700223923 2.956239096820354 12.23929476737976 1.326321840286255 215.4538841843605 4.714656725525856 0.399971604347229 0.7443032115697861 1.199384778738022 0.1124159842729568 0 0.2041263729333878 0 0 0 0 0 0
1022.86372166872 5984.569255627692 105.0536271706223 2120.085956759751 1628.179143205285 401.459136351943 0 2.349312983453274 2133.294894322753 1901.141486562788 20.37223083525896 44.86061356961727 4012.522869594395 1763.242872163653 44.72682704776525 2.902153968811035 3.612458884716034 1.025093369185925 0.4337865263223648 0.4078678116202354 1.582646749913692 0 0.2443412840366364 1.889414399862289 0.703596405684948 1.85137614607811 0.4625352174043655 4.091539993882179 0.943973533809185 0.8354173749685287 495.4926995411515 3.42781288176775 38.16128226369619 0 0.2523939236998558 0.9448210150003433 12.22128166258335 1.17448153346777 0.8041988909244537 1.631344713270664 2.073018558323383 1.330345153808594 0.09161485731601715 1.634629644453526 0.1530934721231461 0.2580409869551659 614.2877311632037 18.77598937600851 1.242908380925655 0.45128283649683 4.36685062199831 0.2300895005464554 0.2057758420705795 3.922610014677048 42.73838190734386 26.8979576677084 68.9863843396306 676.3257620483637 35.97563254833221 154.513900719583 1.641569651663303 5.276716709136963 0.3912183940410614 155.3049704357982 13.7928171902895 5.300535254180431 6.028861001133919 1.978167921304703 1.689619936048985 0.7412908002734184 68.98392295837402 0.8493739366531372 0.2075105160474777 606.6652317717671 424.1547731608152 645.6574275642633 161.3197982087731 4.936792440712452 0.9509000107645988 9.068800643086433 2.074852503836155 9.852225214242935 136.1976730749011 7.311375215649605 5.051464200019836 29.80079685151577 7.546903625130653 4.348383896052837 10.52757050842047 0.6996459662914276 3.542231023311615 1.030044704675674 1.424164690077305 0.5271699875593185 4.727871045470238 203.1628216654062 0 0.2060625851154327 0.3357125520706177 221.9022653996944 1.603312745690346 0 5.536219373345375 2.948623508214951 0.4814141243696213 33.72309252619743 6.427532255649567 15.77630756795406 47.11324079334736 16.93285703659058 0.3308992385864258 77.84891320765018 50.99067354202271 57.08434128016233 14.29965039342642 0 0 0 0 0.09541268646717072 0 0.122597798705101 0 0 0.2029379159212112 0 0 0 0 0 0 0 0 0.2618451714515686 1.085193373262882 0 0 0 0 9.10704230517149 0.1546998172998428 4.387890227138996 0.4968351572751999 0 0.09517554938793182 0 0.1763283908367157 0 0 0 0 0.3686912655830383 1.854956984519958 0.09177260100841522 0.1221052408218384 0 0 0.1902631670236588 0.1028664410114288 0.1237190663814545 0.1906562671065331 0.8681594729423523 0 0 0 0 9.787179611623287 0.270835742354393 0.2067705690860748 0.1077878028154373 0.07677397131919861 0.1909723281860352 0 0.1172253414988518 0.2501818165183067 0 33.05471932888031 0.3466480672359467 0 0 0.1764534711837769 3.076770089566708 0.1978331804275513 2.674933239817619 0.2304242551326752 1.349780470132828 1.081762135028839 0.402155801653862 0 0.09316440671682358 0.3646747320890427 0.2051704153418541 0 0.6541188284754753 0.1752525120973587 0 0 27.20546494424343 1.127902835607529 0.6098048388957977 151.1957254260778 116.3901229128242 797.018183618784 94.39997026324272 290.9078605622053 93.86079484969378 13.57409356534481 42.94604769349098 6.791889950633049 0.9612857475876808 6.561261594295502 0.8713374733924866 6.200903624296188 1.02886013686657 0.2987049743533134 2.097609788179398 1.93113848567009 0.4184181690216064
9.054374799132347 113.9707250073552 1556.623152978718 0.2186044529080391 55.18553545325994 0 2.349312983453274 0 14.06281202286482 0 1074.500105574727 1.402870379388332 14.44227217137814 133.5922569334507 38.34514760226011 13.13320343196392 5.498304560780525 3.990612395107746 1.385578885674477 37.35434805601835 75.66444071382284 1.336083576083183 22.0595390945673 25.02755146473646 40.23431911319494 21.25404520332813 40.66089332848787 5.931542590260506 1.088444545865059 5.155207335948944 441.2564953044057 371.9653086513281 94.73091711848974 6.249946586787701 51.04304930567741 111.4528879895806 10.35699392110109 20.92734482884407 1.131130442023277 4.47146350890398 57.58770503103733 11.74582320451736 11.13435342907906 7.997665964066982 3.381335444748402 7.141273126006126 79.10506268590689 2.607288561761379 2.252878107130527 16.71867718547583 2.492329858243465 1.318510815501213 0 6.694764651358128 1.959723569452763 0.6549641117453575 3.011056378483772 134.5192868337035 0.8759275451302528 10.11228968948126 29.99514822661877 111.709616869688 23.9194552898407 253.3810720145702 0.817755289375782 1.09099492430687 0.3782984763383865 4.898778736591339 80.86306254565716 55.48000285774469 3.07403863966465 0.1580598801374435 0 43.72629127651453 68.59394923597574 87.89364794641733 91.31716502457857 42.38127338886261 1119.947769127786 2148.583818897605 82.32188718020916 3457.23129748553 6.895529009401798 0.1699183881282806 0.2054682672023773 1.362467840313911 17.06621234863997 0.09764941781759262 1.323904722929001 0 0.1425257623195648 0.3019172325730324 74.35599937289953 5.138290010392666 3.571617871522903 0.3537813872098923 0 0 0 5.078976489603519 0 0 0 0 0 0 0 0.2257334887981415 0 0 0.1167998462915421 0.119996190071106 0.2247984707355499 1.047481372952461 1.036152258515358 0 0 0 0 0 0 0 0 0 0 0 0 0 0 0 0 0 0 0 0.279914565384388 0 0 0 0 0.2839502692222595 0 0.5831610932946205 0 0.6791281402111053 0.1214294657111168 0.1753801107406616 0.1611820012331009 0 0 0 0 0 0 0 0.1579449623823166 0.5154435187578201 0.1584623456001282 1.111136928200722 0.124824270606041 0 0.09764482825994492 0 0 0 0 0 2.889209404587746 0 0 0 0 0 0.1211023405194283 0 0 0.4160723984241486 1.052144482731819 0.2021545767784119 0 0.1968499720096588 0.9827689155936241 0 0 0.5705277696251869 0 0 0 0 0 0 0 0.1668713241815567 0 0.08232181519269943 0 0 0 0.2711090296506882 0 0.1008014976978302 49.60467736423016 11.9332947358489 92.10830843448639 21.55547004193068 8.250333659350872 7.181897014379501 1.062385857105255 16.34524622559547 0.8811042457818985 0.08992734551429749 0.2094301283359528 0.4196178913116455 0 0 0 0 0.3393374010920525 0.3380688279867172
101.6506467014551 1347.009006142616 843.8336604163051 36.73866628110409 9799.091022744775 22.67268313467503 2133.294894322753 14.06281202286482 0 279.4218598157167 2096.891509093344 35.04859336465597 2425.989620707929 5513.857970893383 56.60695856064558 6.367988370358944 2.747779123485088 0.4142665788531303 0.3285162299871445 0.7111460492014885 2.989305816590786 0.2450259178876877 1.725811704993248 1.341028079390526 2.080767914652824 1.863367900252342 2.561530344188213 2.14089984446764 0.5937780886888504 0.4343487098813057 295.806959785521 8.827260076999664 56.32532860338688 0.33692666888237 1.050958760082722 2.315607413649559 19.70020566135645 1.402085497975349 0.9052856937050819 0.9973616823554039 3.088382221758366 1.500301972031593 0 1.28832720220089 0.2022839114069939 0.1819250881671906 294.271528698504 6.360442958772182 0.4651987627148628 0.652950718998909 1.432003363966942 0.08322303742170334 0 1.829868867993355 12.74549283832312 7.565363064408302 10.03224428743124 196.1057659685612 7.668403133749962 43.40196569263935 0.6047687456011772 7.278746820986271 0.7720676138997078 155.7294128239155 4.529447384178638 1.726236052811146 1.893912740051746 0.9150088354945183 2.457402497529984 2.371504582464695 111.6524761393666 6.063358679413795 0 146.5679744407535 160.0389361083508 288.0304632037878 151.2953665032983 7.208782441914082 6.861338406801224 34.24090022593737 0.410368949174881 21.67607808113098 38.71905948966742 3.656984694302082 2.085628025233746 8.83931939303875 3.153228148818016 2.101706951856613 2.657611720263958 0.1998156532645226 1.609275043010712 0.9808890223503113 3.905210547149181 0.5459213554859161 1.159632749855518 237.9272173568606 0.50526162981987 1.066029757261276 1.633122980594635 24.94762523472309 0.5419681072235107 0.4367126226425171 0.9678435474634171 2.893080577254295 1.025070779025555 35.4997473359108 5.763217240571976 29.82795736193657 13.01938850432634 23.42269115149975 1.530543521046638 155.1302673369646 96.27544233947992 112.7774010896683 23.57144191116095 0.935243234038353 0.140560656785965 0 0 0 0 0 0 0 0 0 0 0.1512431651353836 0.1380607187747955 0.1089663803577423 0 0 0.3212297260761261 0 0.7817345932126045 0.4966939985752106 0 0 0 20.76648117601871 0 11.41857397556305 1.266482040286064 0.4992638602852821 0.2550000846385956 0 0.1310823112726212 0 0 0 0 1.67298287153244 6.049268707633018 0.2011926174163818 0 0.1920903027057648 0 0 0 0 0 0.7910634130239487 0.4138146936893463 0 0 0 20.66567736119032 0 0 0.1059223115444183 0 0.1986206471920013 0 0.3838255181908607 0 0.2064792513847351 58.31289584189653 0.2373035997152328 0 0.09534959495067596 0.2358514964580536 7.472288087010384 0 7.769172646105289 3.137671932578087 0.4610295742750168 0.2578933537006378 0.4793348461389542 0.4890404492616653 0 0.1827517300844193 0.337546244263649 0 0.3734534829854965 0 0 0 52.96724005788565 1.299199014902115 1.996606089174747 123.3110201209784 63.00233872234821 423.2938117310405 82.67207101732492 30.99787416309118 61.05997984856367 5.875393427908421 54.53126104921103 9.447675354778767 0.4673445597290993 10.19713883846998 0.5187126696109772 6.550599187612534 1.095583438873291 0.2807881832122803 3.814503543078899 1.981270909309387 0.1710160821676254
1166.388916455209 590.013569638133 4.065578944981098 2078.192266017199 83.86183673143387 873.0582593530416 1901.141486562788 0 279.4218598157167 0 2.352656669914722 4724.351858258247 12810.430605039 332.8685689792037 3.810412928462029 0.3466872200369835 0.6000918596982956 0.1004480570554733 0 0.1371993869543076 0.236990362405777 0 0 0.1820763349533081 0.3183408007025719 0.2228232249617577 0.209027111530304 0 0 0.1340123414993286 92.80193512886763 0.1940270066261292 14.50948716700077 0 0.1144271939992905 0.4020980820059776 10.00228019058704 0.3783203437924385 1.261599272489548 0.3477358371019363 0.8128779232501984 0.1108760163187981 0 0.2838232070207596 0 0 35.00925671309233 1.07251363992691 0.2712840735912323 0 0.1765703856945038 0.1951866745948792 0.2498339861631393 0.3478538990020752 3.704335287213326 1.095097877085209 68.54782636463642 348.300646699965 14.11099974066019 22.47735602408648 0 0.6505008712410927 0 5.755910962820053 0.8680464774370193 0.5284567102789879 0.3475320935249329 0 0.2476972788572311 0 86.980578802526 14.2801857739687 1.426460534334183 167.7062892615795 54.58652819693089 55.36398717015982 6.423335187137127 0.3868600502610207 0.1572578400373459 11.1402325630188 0.1507239937782288 1.24837751686573 14.91274354606867 0 0 2.088322393596172 0.3545058071613312 0.2409537434577942 0.09021711349487305 1.411052152514458 0.1203493550419807 0.1429939121007919 0.8125658631324768 0.102120153605938 0 438.1316291242838 18.10150752961636 4.096720904111862 1.244692504405975 825.2349553480744 0.8186132460832596 6.767845511436462 62.45068021118641 57.78470823168755 0.3870597779750824 67.0430831387639 36.39817322790623 16.02146762609482 202.8395725488663 34.83952976763248 0 110.1213977262378 93.38060876727104 87.01164121925831 4.283124804496765 0 0 0 0 0 0 0 0 0 0 0 0 0 0 0 0 0.1058741435408592 0 0 0.3984068632125854 0 0 0 0 1.710990279912949 0 0.4086116701364517 0 0.1418829411268234 0 0 0 0 0 0.1576682031154633 0 1.512042015790939 2.842331156134605 0.1951534152030945 0 0 0.2580119371414185 0 0 0 0 1.335455358028412 0 0.1913797706365585 0 0 1.666756868362427 0.1977042406797409 0.1838089823722839 0.0993308424949646 0 0 0 0 0 0 7.460004940629005 0.8445889800786972 0 0 0 1.085787743330002 0 1.016566812992096 0.4347655475139618 1.273386284708977 0.9722477644681931 0 0.4412107765674591 0 0 0 0 0 0 0 0 23.34068186581135 2.270243912935257 0.135949969291687 67.07481687515974 6.882883585989475 51.51578807085752 8.522433504462242 600.6042538881302 5.185070537030697 0.7775145396590233 2.466391384601593 2.689900502562523 0.08462738990783691 1.071535922586918 0 12.0114117488265 1.10308039188385 0 0.2330788671970367 0 0.3133382797241211
151.569849319756 1615.021378271282 4086.886829197407 1.512817099690437 1472.540667653084 6.686576157808304 20.37223083525896 1074.500105574727 2096.891509093344 2.352656669914722 0 28.36120524257421 265.5901020988822 3330.958599641919 117.37644995749 28.57033370435238 9.505944021046162 2.801034338772297 0.9784211665391922 12.81913609802723 43.93096149712801 0 12.35093876719475 24.94184970855713 46.72971076518297 23.53164292871952 56.21693378686905 5.106416083872318 2.280253186821938 10.10618752241135 763.2956555038691 102.4613066241145 308.7860806211829 1.995282478630543 41.44206465780735 68.96829637885094 54.13266082108021 31.425308637321 2.413396641612053 12.99624975025654 64.96711137145758 14.48716711252928 6.915764085948467 11.73792885243893 2.021005116403103 2.929566852748394 268.8599898815155 5.477230221033096 0.7641799822449684 7.94216325879097 4.546698741614819 0.2542340159416199 0.6000339165329933 3.655967190861702 10.01538816094398 4.417363539338112 12.64285191893578 292.8385253325105 8.948717087507248 43.54615009576082 7.280232168734074 72.19383934140205 10.40200139582157 267.7950299978256 3.092372730374336 2.731819033622742 1.524604052305222 2.859192028641701 29.56723017990589 34.15104997158051 22.42871598899364 1.257794879376888 0 142.1526473835111 185.7686863839626 296.2878330349922 160.9367697164416 28.60084906965494 225.7101174071431 1816.540320545435 14.53036788851023 797.4363913089037 31.89803614467382 1.435320928692818 0.8014182671904564 6.917364053428173 8.11215166002512 1.066397584974766 1.682438008487225 0.2875684797763824 1.647482924163342 0.9331840723752975 51.83978369086981 7.184568606317043 3.563958778977394 3.883570626378059 0 0.1330131143331528 0 38.92217297106981 0 0 0 0 0.139083132147789 1.557157889008522 0 0 0.1664091050624847 0.372389167547226 0 4.560382194817066 3.310208983719349 4.127249635756016 1.630280524492264 0.1344424486160278 0.1526909470558167 0 0 0 0 0.1260600686073303 0 0 0.1046935543417931 0.2448573037981987 0 0 0 0 0 0 0.3675228208303452 0 0 0 0 0.1120642051100731 0 2.845679812133312 0.1106245443224907 3.449196457862854 0.3860946819186211 0.4948450326919556 0 0.1084500029683113 0.5304919257760048 0 0 0 0.1876455843448639 0 0.3908741623163223 0 0.5306593701243401 1.132403612136841 0 1.610404089093208 0 0 0 0 0 0 0 0 2.664821811020374 0 0.172575369477272 0.307965099811554 0.1768190264701843 0 0 0 0 1.003610081970692 6.225809670984745 0 0.2366871163249016 0.120187409222126 0.6358970254659653 0.7766857445240021 0.2534330189228058 2.106464251875877 0.1355111300945282 0 0.1563264727592468 0 0 0 0.1775925308465958 0.1894605457782745 0 0.3246145844459534 0 0 0 2.418539494276047 0.5553285926580429 1.364551953971386 141.6633226647973 52.35231354087591 316.2182104960084 81.44206580519676 21.73814299702644 44.522341825068 4.339851781725883 49.88789074867964 1.408164814114571 0.2842333614826202 2.219414077699184 0 0.6847358345985413 0.2307694852352142 0 0.1142691299319267 1.336491763591766 0.7766285687685013
142.5012442618608 14.39695073664188 6.447802700102329 482.1459967941046 15.74586751312017 372.4760621041059 44.86061356961727 1.402870379388332 35.04859336465597 4724.351858258247 28.36120524257421 0 3906.64667455107 917.3083431646228 28.88417214900255 11.97643984854221 4.370674900710583 0.7700359523296356 0 0.4937916249036789 2.653432697057724 0 2.364676140248775 5.24660112708807 9.983128026127815 6.614384070038795 12.70561721175909 1.177623271942139 0.9026777371764183 2.562230624258518 13.49443851411343 2.923527546226978 241.5562357902527 0 6.808377429842949 7.765670739114285 148.2697040513158 5.200867436826229 1.327308960258961 6.969017498195171 21.07199768722057 6.302188232541084 0.2760758548974991 3.453685395419598 0.5697299987077713 0 47.92775896936655 0.8020936548709869 0.1030547693371773 1.22505497187376 0 0.3802938163280487 0.4512953460216522 0.2379276752471924 2.515259012579918 2.71638435870409 8.563033662736416 30.05083425343037 2.882544085383415 6.209441475570202 0.5793017148971558 11.72352486103773 0.7881873697042465 15.08199341595173 0.1004947200417519 0.09901987016201019 0.1338001787662506 0.1232193559408188 3.122812539339066 7.937465824186802 293.0641440376639 29.21113337576389 1.224462062120438 28.97289535403252 14.18546967208385 35.08274856209755 20.37183401733637 6.320136889815331 1.388668723404408 119.8436154574156 1.00937207788229 18.91520340740681 6.525870002806187 0.1147898063063622 0 0.6071561798453331 1.086516506969929 0.157801479101181 0.4685631766915321 0.8562817871570587 0.3080877214670181 0 15.28060078620911 2.994130939245224 0.9542878121137619 1415.010525897145 5.462049067020416 2.715030983090401 0.1838552951812744 92.48695661127567 0.2383823171257973 0.1070938482880592 5.290883466601372 4.093987926840782 1.937413074076176 68.00759166479111 13.83871141076088 38.28804896771908 28.93305018544197 39.81617851555347 3.989759787917137 214.6463024243712 132.7007689923048 169.6916035860777 37.38860546797514 1.895634099841118 0.4389713704586029 0 0 0 0 0 0 0 0 0 0 0 0 0 0 0 0 0 3.116978280246258 0.6109532862901688 0 0.1446585357189178 0 24.41632438451052 0 12.79204721748829 0.5852496474981308 0.345691055059433 0.1121444031596184 0 0.1474150419235229 0 0 0 0.1449575275182724 1.307902976870537 3.877997919917107 0 0.1870776861906052 0.2508916333317757 0 0.402592346072197 0.3938936367630959 0.1195545569062233 0.1294037103652954 1.195738092064857 0.1388488858938217 0 0 0 21.36718498170376 0.5406034588813782 0.1726749092340469 0 0.09767397493124008 0 0 0.2068243771791458 0 0.2957676351070404 79.18861421197653 0.3542845770716667 0 0 0 5.983756490051746 0.5159300267696381 6.92025288939476 2.758751720190048 3.03409955650568 0.9355033487081528 0.3499788269400597 0.3930284455418587 0.2789402902126312 0 0 0 0 0 0 0.1176968514919281 89.85865147411823 2.355631463229656 1.116338007152081 83.32408487796783 9.212348885834217 95.11075256764889 23.00113820284605 139.7777810692787 12.23115749657154 1.065792262554169 31.72173024713993 11.29013577103615 0.3510860949754715 10.14097638428211 0.3079634159803391 12.00853592157364 2.829854175448418 1.975690633058548 3.311817921698093 2.028930872678757 1.160871475934982
197.4597543179989 383.6450514569879 107.8968633562326 1028.33829729259 1258.19776173681 408.6052606254816 4012.522869594395 14.44227217137814 2425.989620707929 12810.430605039 265.5901020988822 3906.64667455107 0 3437.600180894136 172.6701370626688 48.09593723714352 11.37979502975941 0.5913753509521484 0.9299620017409325 4.313974760472775 14.93821376562119 0.4508139342069626 7.486964665353298 15.74383670836687 17.4131323248148 14.51635820418596 23.63068967312574 4.359466232359409 1.40558049082756 4.532584242522717 73.9966034963727 12.06998506933451 392.3255688399076 1.824421435594559 22.07456839829683 23.90635191649199 120.0838257223368 10.59002183377743 3.249996609985828 9.101276278495789 39.01340938359499 12.48565625399351 1.884095437824726 12.57591508328915 0.71257434040308 1.742964647710323 296.6496741697192 3.571956813335419 0.6716502010822296 2.662682294845581 1.284087792038918 0.4144811183214188 0.5650818049907684 2.355413198471069 10.34842540323734 6.316108070313931 11.85194873809814 102.3127576187253 7.827991969883442 30.11649864912033 2.642541445791721 24.58529011160135 4.043962821364403 118.125301271677 2.525862820446491 1.417767755687237 0.8603676706552505 2.185330256819725 12.63130800426006 20.01082274317741 393.263078853488 30.25392550975084 1.92897193133831 102.6722177490592 95.02508348971605 261.3772353604436 170.4996281191707 29.36660454422235 13.47720392793417 165.3807013630867 3.832487344741821 128.1135677993298 28.68668412417173 2.080044142901897 1.327908560633659 6.551098607480526 3.500659577548504 0.4279636517167091 2.271317973732948 2.448893517255783 1.557515196502209 1.462239041924477 29.73917289823294 4.259311586618423 3.152026496827602 2261.861282885075 7.236988559365273 2.801679104566574 2.166911147534847 88.62040253728628 0.5560759678483009 0.7921512871980667 17.99093152582645 9.113673269748688 2.691406421363354 142.4929395914078 22.05708521604538 87.56533671915531 159.1455954611301 95.94428662955761 6.618994668126106 530.396984487772 327.1431850492954 425.3729439899325 87.93040289729834 2.745783299207687 0.5291875675320625 0 0.1682291328907013 0 0 0 0 0 0 0 0 0 0 0 0 0.2291751131415367 0.6042923927307129 0.2059934735298157 3.332349643111229 1.185779213905334 0 0.1077818870544434 0 46.85652529448271 0.3177325427532196 34.17515286058187 1.556705161929131 1.829706110060215 0 0.2130961939692497 0.1135602667927742 0 0 0 0.1049070358276367 2.932381056249142 8.280444175004959 0 0.7536856532096863 1.110739812254906 0.1602310538291931 0.5118278786540031 0.7794987037777901 0.7436222285032272 0.1655947864055634 1.28808057308197 1.602272644639015 0.3058367669582367 0 0.3537470698356628 58.65091746300459 1.795229159295559 1.526285439729691 0.2341071367263794 0.256064847111702 0 0.2470872551202774 0.3722480684518814 0.1311706751585007 0.7423631027340889 183.171159490943 1.98627956956625 0 0.2027768343687057 2.34375386685133 15.06560904532671 1.50969186425209 22.08155287802219 4.084756448864937 3.047306276857853 3.217311479151249 0.465446338057518 1.559791244566441 0.1089805290102959 0.3118172362446785 0 0 0.4664853289723396 0.2726113200187683 0.1428928226232529 0 181.969661295414 9.124390780925751 3.07870327681303 268.2514850795269 81.5115400031209 465.9142268300056 136.9108783081174 168.5186910331249 71.08195140957832 11.89780380576849 112.0145635679364 32.40439920127392 1.876642547547817 21.14812581986189 1.077284142374992 35.9454183280468 4.22355367988348 0 6.424387812614441 6.689038641750813 3.150917150080204
