0 4447.269815504551 1589.41909366101 734.3142172545195 290.5207078307867 196.8974274396896 603.6836429238319 146.7696242555976 89.26281736046076 703.751544624567 306.6162099391222 17.36008414626122 125.8332374691963 229.6005411297083 1.514258101582527 0.7294568568468094 0.2660553157329559 0.3121947348117828 0 0 0.1362865269184113 0 0 0 0 0 0 0 0 0 333.1557936146855 9.336182102560997 10.10523821413517 0 0 0.4523583948612213 2.530248835682869 0.6024636328220367 0.1286835968494415 0.29941326379776 0 0 0 0.2656004354357719 0 0.1177851408720016 22.58780565112829 2.314719147980213 0 0 0.25107541680336 0 0.125831663608551 0 5.248052932322025 4.779534876346588 109.8159512802958 1348.513535924256 15.91515028476715 3.85881382972002 0.2898157462477684 0 0 7.338952764868736 12.86959516257048 6.9180480055511 3.895538181066513 1.534306734800339 0 0 7.828200682997704 0.6178210973739624 0 262.7443118095398 88.20944906771183 20.62848626077175 7.131941795349121 0.7014365419745445 0.8173694834113121 40.19412358105183 0.4115173816680908 2.507734648883343 7.360389485955238 1.466707356274128 4.150678552687168 13.1386658847332 0.2291170582175255 0.7851726114749908 1.09753892570734 0.0992402508854866 0.2766526639461517 0 0 0 0 94.98836240172386 1.282679855823517 0 0 597.660334020853 0 2.359137535095215 4.163325145840645 0.750591367483139 0.1569489538669586 1.506755441427231 7.461622834205627 0.4591643437743187 13.07377052307129 7.491159558296204 0.5789728760719299 4.736764833331108 12.88114312291145 14.56562705338001 7.456460848450661 0 0 0 0 0 0 0 0 0 0 0 0 0 0 0 0 0 0 0 1.215344414114952 0.1449360847473145 0 0 0 3.666940584778786 0 0.240627646446228 0.7001463770866394 0 0 0 0 0 0 0 0 0 1.63054658472538 0 0 0 0 0 0 0 0 0.1065852791070938 0 0 0 0 5.192880481481552 0 0 0 0 0 0 0 0 0 13.87631615251303 0.3333153426647186 0 0 0 2.356712728738785 0.2271028906106949 3.21361069381237 0 0.5670364797115326 0.5812428295612335 0 1.110210075974464 0 0 0 0 0 0 0 0 12.14873874187469 3.15727511048317 1.678378269076347 99.18740793317556 11.82541208714247 144.5355563685298 17.52949564903975 1479.436364606023 41.40825021266937 3.511302679777145 8.768531270325184 0.3031416982412338 0 0.9673285409808159 0 12.01722858846188 0.2111586332321167 0 1.441627815365791 0.2528602778911591 0
4447.269815504551 0 1508.594122715294 2693.478823706508 2805.774495474994 891.9304694905877 8570.94728102535 670.8033698424697 1324.695156671107 2549.118235006928 2116.469943001866 31.93095210194588 1219.891830518842 2215.641343154013 12.16415802389383 2.5449603125453 0.4942739084362984 0 0 0 0.1507474035024643 0.1364301443099976 0.2287429571151733 0 0.4960407018661499 0 0.1298703551292419 0.4549587965011597 0.4195360466837883 0 1285.931451618671 49.79338232427835 15.46976971626282 0 0 0.796191394329071 6.13078074157238 0.8772980272769928 0.3257065266370773 0.8634696304798126 0.5449370667338371 0.3781803250312805 0.1365371942520142 2.061800174415112 0.1087433695793152 0.1063442900776863 114.4949209243059 4.401608973741531 0 0.5462869256734848 1.049365766346455 0.7918544709682465 0.3531145602464676 0.4475934952497482 12.03879344463348 13.89483077079058 22.82840916514397 985.5890549272299 28.32120732963085 11.5506663620472 2.489068105816841 5.602616518735886 0 45.51093653589487 31.60031827539206 25.63483841717243 13.55125945806503 4.356918849050999 0.610591247677803 0.5734488666057587 6.131383866071701 1.807272672653198 0 420.6911431849003 216.2297803461552 85.61636211723089 24.80791783332825 3.084548220038414 3.660021349787712 221.3096904084086 0.7364305704832077 13.57768252491951 14.55797125399113 3.090994864702225 11.24276391416788 32.54359644651413 3.293669134378433 1.648055620491505 4.069573394954205 0.2170800119638443 0.2450631260871887 0.1888071075081825 0 0.1491386592388153 0.3220125138759613 154.6052586138248 0 0 0.3554549962282181 618.1143062487245 1.592333629727364 3.53464113175869 4.302578404545784 0.9983943104743958 0.7276017069816589 9.24234002828598 7.260227650403976 2.837315887212753 164.8306379467249 27.408227622509 1.71879306435585 15.15999031066895 40.41814302653074 59.90848748385906 29.81374631822109 0.7278132140636444 0.5119172185659409 0 0 0 0 0 0 0 0 0.2650885283946991 0 0 0 0 0 0 0 0 3.8550149127841 1.363420575857162 0 0.5892879813909531 0 8.603463187813759 0 6.14537201821804 1.396081447601318 0.5576375126838684 0 0.4497288167476654 0 0 0.3023349046707153 0 0 1.994305774569511 3.08479093760252 0 0.2017318084836006 0 0.7893294095993042 0 0 0.1876544952392578 0 0.4862686693668365 2.005467131733894 0.8742305636405945 0 0 32.45329353958368 0.483317494392395 0 0.1103736311197281 0 0.1469767242670059 0 0.1282874792814255 0 0 72.49145025014877 1.323518261313438 0 0 0 15.29995182156563 1.966942697763443 19.84179958701134 0.7670292556285858 0.2924763858318329 3.127934403717518 0.3862923681735992 1.847088769078255 0 0 0 0 0 0.07780392467975616 0 0 49.15168241411448 19.67260386049747 7.082049816846848 274.5971247106791 67.07841002196074 957.4800767228007 228.7662108018994 2566.590833462775 134.0747962221503 13.05349764227867 108.614292666316 6.341253057122231 0.6667205989360809 10.21419547498226 1.665276728570461 12.82290421426296 0.9457646310329437 0.444977194070816 4.613673321902752 0.649056151509285 0.6400655210018158
1589.41909366101 1508.594122715294 0 55.95008401572704 865.9639169350266 36.94530636072159 257.1950630843639 1993.193235509098 790.0762841030955 67.40930297970772 3992.279902525246 9.276301577687263 277.659243106842 1173.262331135571 45.618279337883 30.01267237216234 13.9908843934536 1.310412205755711 0 7.103140823543072 1.188013717532158 0 0.5861116796731949 0.1520764082670212 11.69751330465078 0.3760210424661636 1.463391155004501 0.1351656019687653 0.5234596058726311 0.08474040776491165 6295.269328385592 220.3951151072979 49.52809949964285 3.835598833858967 0.849431037902832 19.07290557026863 6.514972001314163 2.417185962200165 0.6510254740715027 2.798846065998077 1.109442576766014 0.5332278460264206 12.58891177922487 5.497255206108093 2.646812461316586 2.14172638207674 116.8890562355518 19.40696090459824 3.002589784562588 19.86998879909515 13.17055136710405 0.8477254435420036 1.174565076828003 0.2040865868330002 13.43633835017681 10.63934448361397 9.987720601260662 1211.533887326717 21.09114547073841 12.67609237134457 169.8302890956402 44.24878560751677 6.756536260247231 193.3280344977975 31.21746040135622 28.63311215862632 21.41106809303164 41.3448960185051 67.6037375330925 11.49651030451059 3.918272480368614 5.183605581521988 0 310.2746430784464 259.4354676157236 90.35357660800219 70.00132387131453 9.586177289485931 886.3535475358367 1400.266366027296 154.8460280373693 1384.073439091444 21.2166116759181 3.228231437504292 12.46383313089609 34.24398262053728 35.7054970562458 2.159382700920105 3.792636878788471 0.0911954939365387 3.140921771526337 1.158009402453899 2.039834551513195 0.5123277753591537 1.53157464414835 35.92137990891933 0 0.3238146901130676 0.558854803442955 392.6696894168854 0.4552729874849319 0.2702646255493164 2.125784173607826 0.1917124837636948 0.4634236097335815 3.054714888334274 1.642466947436333 0.4629064351320267 2.318907931447029 7.960670903325081 0.5567235797643661 5.115461811423302 11.97092138230801 17.62711402028799 8.944602563977242 0.3059007674455643 0.157506600022316 0 0 0 0 0 0 0 0 0 0 0 0 0 0 0 0 0 3.65783366560936 0.4776114821434021 0 0.4420868009328842 0 9.383872523903847 0.1116582825779915 2.434425495564938 2.920309245586395 0.7472750842571259 0 0 0 0.4367175698280334 0.2086056917905807 0.8531285524368286 0 1.029540657997131 2.219556793570518 0 0 0 0.9128977656364441 0 0 0.1419321000576019 0 0.562482625246048 0.8290447592735291 0 1.201975703239441 1.492992162704468 17.68256478756666 0.4149957448244095 0.1393444240093231 0 0 0 0 0 0 0.1340285241603851 40.1624968573451 0.869628518819809 0 0 0 9.050086289644241 4.878068581223488 13.64374950528145 0.4649158269166946 0.6192124485969543 1.700897172093391 0.4010342955589294 1.498726636171341 0 0 0 0 0.3283681347966194 0 0 0 19.90934504568577 14.35332950949669 5.260071754455566 172.3577913045883 61.91810885816813 554.0785447210073 119.0455498546362 911.0069490969181 81.05959221720695 13.03741486370564 77.1949073523283 4.439875967800617 0.5022433027625084 7.915128685534 1.258210025727749 7.261137008666992 0.6648596525192261 0.4860592186450958 3.693722724914551 3.773352913558483 1.223091244697571
734.3142172545195 2693.478823706508 55.95008401572704 0 937.4248770177364 655.0359838753939 1389.696779176593 88.10112521052361 126.7675949931145 1968.26261408627 91.43466037511826 19.8747915327549 447.3142781853676 211.5943323671818 0 0.2725116610527039 0 0 0 0 0 0 0 0 0 0 0 0 0 0 59.54397208243608 0 1.864160299301147 0 0 0 0.4033527672290802 0 0 0 0 0 0 0 0 0 3.686016246676445 0 0 0 0 0 0 0 0.3312778398394585 0.4300642684102058 5.014961645007133 85.76528753340244 1.29825659096241 0.6123004406690598 0.1270031183958054 0 0 0.6088759303092957 1.400506876409054 1.421593680977821 0.6039351597428322 0.1066391915082932 0 0 1.784947693347931 0 0 20.63778257369995 11.40807029604912 3.466383583843708 1.194313496351242 0 0 1.256608992815018 0 0 1.443626582622528 0.1755830124020576 0.2438486441969872 1.195510253310204 0 0.122858352959156 0.2569039463996887 0 0 0 0 0 0 96.61197239160538 0 0 0 158.9609943032265 0 2.652173012495041 0.4477749615907669 0.1675540506839752 0.2537526190280914 2.24390421807766 2.069796487689018 0 11.22644862532616 6.200399130582809 1.112003833055496 5.549056738615036 12.00562630593777 11.95465481281281 4.465902715921402 0 0 0 0 0 0 0 0 0 0 0 0 0 0.5808721780776978 0 0 0 0 0 0.159682884812355 0 0 0 0 2.753043979406357 0 0 0 0 0 0 0 0 0.2237117737531662 0 0 0.408369392156601 0 0 0 0 0 0 0 0 0 0 0.288060337305069 0 0 0 5.017503403127193 0 0 0 0 0 0 0 0 0 12.03396528959274 0 0 0 0 1.29784868657589 0 4.160600066184998 0.4831839203834534 0 0.6386862993240356 0 0.756054624915123 0 0 0 0 0 0 0 0 10.42103093862534 2.317321807146072 1.045590654015541 34.42412657290697 3.61246582120657 28.64583549648523 7.68877811729908 564.3986462280154 4.023517072200775 0.4805249348282814 2.041431352496147 1.114365965127945 0 2.275806777179241 0.1678675264120102 3.950913980603218 0.1306132227182388 0 0.3836655914783478 0 0
290.5207078307867 2805.774495474994 865.9639169350266 937.4248770177364 0 67.07316220551729 8317.358250036836 226.2759002819657 4980.18884049356 754.4544778168201 1911.587564110756 10.76495899260044 775.0145719945431 1614.294254094362 5.65009855479002 0.3606465756893158 0.1484610885381699 0 0 0 0.3403176069259644 0 0 0 0 0.6168301552534103 0 0.3072949796915054 0.1433151215314865 0 130.6139953583479 6.589277669787407 6.199748799204826 0 0 0 1.451756358146667 0 0.1723629534244537 0 0.7265802025794983 0.2886096686124802 0 0.3028687462210655 0 0.1233888268470764 77.710942953825 4.336470812559128 0 0 0.4085158407688141 0.1006316170096397 0 0.8514630198478699 5.694606348872185 5.659089297056198 5.793051011860371 98.89692166447639 24.24082937091589 7.256188526749611 0.3372866213321686 1.127503752708435 0 43.95977400243282 14.18771037459373 14.60383569449186 8.19365505874157 5.152752123773098 0.1001988276839256 0 1.203259944915771 0.7679423540830612 0 160.9611642882228 112.6711567863822 71.72264466434717 29.22473287582397 3.017142616212368 0.5926842242479324 16.3794494792819 0.2100205793976784 0.3506167829036713 13.65311693400145 1.266764141619205 8.49666403979063 17.54518182575703 2.085329748690128 0.8385698869824409 2.55579599738121 0.09792161732912064 1.343699239194393 0.08156220614910126 0 0 0.9697767049074173 83.02557620406151 0 0 0.3075530529022217 28.5794907361269 1.551392942667007 4.917773723602295 3.793330565094948 1.520873844623566 0.4136580526828766 5.67366187274456 8.183209747076035 2.402619659900665 8.659411281347275 22.20843228697777 2.613704055547714 10.1731176301837 27.244818598032 39.66956451535225 29.0658134073019 0.1421163082122803 0.2807861045002937 0 0 0 0 0 0 0 0 0 0 0 0 0 0 0 0 0 2.928853124380112 0.4418360888957977 0 0 0 4.563834816217422 0 2.046733826398849 0 0.3054453134536743 0 0 0 0 0.1136370524764061 0 0 1.011606357991695 3.535628020763397 0 0.5419553965330124 0 0.4491484463214874 0 0 0 0 0 0.4041800051927567 0 0.9338723421096802 0.9832688570022583 20.27127110958099 0.2325332015752792 0.521763026714325 0 0 0 0 0 0 0 61.40192868560553 0.5447889566421509 0 0 0 12.62600488215685 2.255340158939362 11.33806540071964 1.264308243989944 0.8263141363859177 0.9514411315321922 0.5645396262407303 1.446884244680405 0 0 0 0 0 0 0 0 36.11464042961597 12.89487439393997 4.070502176880836 196.6603492647409 73.15690281242132 674.1354670748115 171.0120833292603 552.3424752801657 110.9881192296743 9.848447188735008 94.22896177321672 4.913960665464401 1.145391404628754 7.453559912741184 0.7022571489214897 6.239927060902119 0.7210741192102432 1.230756215751171 3.477384783327579 0.9224002510309219 0
196.8974274396896 891.9304694905877 36.94530636072159 655.0359838753939 67.07316220551729 0 175.1983809024096 9.4237190335989 28.12691403925419 634.4845873862505 40.13488278537989 74.75875370204449 148.9802731126547 147.9600522741675 0.6092482060194016 0.1922031342983246 0 0 0 0 0 0.7713685780763626 0 0 0 0 0 0 0 0 12.1224330663681 0.2519812285900116 51.71587759256363 0 0 0.1609957665205002 48.7916472107172 2.741402491927147 5.361085295677185 1.679859191179276 0 0 0 0 0.1529053151607513 0 0.9475947767496109 0 0 0 0 0.1495449841022491 0.554097980260849 0 0 0 159.8094548285007 42.84235952794552 2.77927953004837 0.1266131848096848 0 7.869275361299515 0 0 0.3938938602805138 0.3420920372009277 0.1012292802333832 0 0 0 102.7156322300434 37.29665160179138 2.371523469686508 4.283527843654156 1.867436036467552 0.7156277671456337 0.2841552495956421 0.1490938812494278 0 24.52184216678143 0 2.85489159822464 0.4736869931221008 0.9320048689842224 0 0.1591491103172302 0 0.3573838174343109 0.5266079902648926 1.237890541553497 0 0 0 0 0 301.9284904897213 23.56560145318508 1.470192924141884 13.14645358920097 314.6977081000805 0 7.97249136865139 0.7550463974475861 0.3848286271095276 0 1.525138899683952 11.2647548019886 0.4307043552398682 3.163598716259003 10.86669911444187 0.2547790110111237 3.798840463161469 11.44988100230694 12.39027417451143 5.515154838562012 0 0 0 0 0 0 0 0 0 0 0 0 0 0 0 0 0 0 0 0 0 0 0 0 5.460790142416954 0 0.9295758530497551 1.027374021708965 0.21992127597332 0 0 0 0 0 0.1436229348182678 0 0 0.7902688384056091 0 0 0 0.179737776517868 0 0 0 0 0 0.4593424797058105 0 0.108105406165123 0 3.936354830861092 0.1582133322954178 0 0 0 0 0 0 0 0 11.39442631602287 2.252060890197754 0 0 0.3636817634105682 2.994886696338654 0.5137286484241486 3.239243060350418 0.2357214838266373 0.758683979511261 0 0 0 0.1454875469207764 0 0 0 0 0 0 0 10.41775476932526 3.171385988593102 3.520133599638939 14.15573456138372 0.7091927975416183 5.661786735057831 2.533078514039516 173.1833105012774 3.599693812429905 0.3705936074256897 2.174073532223701 2.930003434419632 0.1090325564146042 1.577424414455891 1.164091348648071 7.680560991168022 0 0 0 0.4871117696166039 0
603.6836429238319 8570.94728102535 257.1950630843639 1389.696779176593 8317.358250036836 175.1983809024096 0 20.10816535353661 3420.523246780038 1836.085804387927 468.7508373633027 58.05251599103212 4022.547418884933 4246.732758700848 7.938525095582008 1.046533554792404 0.1516991257667542 0 0 0 0.1760106682777405 0 0 0.7617918252944946 0 0 0.1514920890331268 0.4009671807289124 0.3893034905195236 0.314157634973526 121.3238421007991 2.401766158640385 13.65676811337471 0 0.2441579550504684 0 1.61837150156498 0.4284979403018951 0 0.369786337018013 0.3997016549110413 0.1210092157125473 0 0.4492216259241104 0 0 67.70442866533995 3.472744703292847 0.103669561445713 0.09179786592721939 0.7456364408135414 0 0.1325109153985977 0.4926292151212692 4.960273802280426 6.354099743068218 4.710528925061226 134.0961786881089 21.41386362165213 6.900106444954872 0 1.433951258659363 0 26.00170323997736 15.43606325238943 13.74498929083347 8.16670997440815 3.134991876780987 0.2385633438825607 0 3.643455371260643 1.983681797981262 0 179.6180697232485 109.1950943768024 52.96113113313913 23.05192777514458 0.8042509257793427 0.2104234993457794 17.27276968210936 0.4803400710225105 4.379236184060574 8.951032668352127 1.284963615238667 5.159714162349701 17.10523024946451 0.9523912072181702 0.9051507338881493 2.459036082029343 0 0.07283803820610046 0 0 0 0.2092888355255127 317.8012087345123 0.3232155442237854 0 0.3586465865373611 71.68343913555145 4.854571506381035 7.990874692797661 246.0114306882024 12.71245528757572 0.5866673141717911 36.40281638503075 15.08448489010334 13.41628515720367 37.33662089705467 49.47059942781925 4.311381332576275 27.75226996839046 57.17842178046703 89.26031057536602 46.88818547874689 0.6101089417934418 0.3304232656955719 0.1332640200853348 0 0 0 0 0 0 0 0 0 0 0 0 0 0 0 0 7.775233700871468 1.226587668061256 0 0.538425624370575 0 10.42886842787266 0.5550192594528198 3.54540029168129 1.373031109571457 0 0 0.1301161348819733 0 0.5744253098964691 0.1445195525884628 0 0 5.416431277990341 5.628961220383644 0.9234132021665573 0.8084612339735031 0 0 0 0 0.641020804643631 0.09057365357875824 0.7178701981902122 2.309630163013935 1.1985222697258 0 0 42.84688118845224 4.477092400193214 2.617615826427937 0 0.2252433001995087 0 0 0 0 0 102.7603508085012 0.3740793466567993 0 0 0 22.62868697941303 2.50117252767086 16.90445575118065 2.548522315919399 3.556952320039272 7.040478304028511 4.086517572402954 7.407436117529869 0 0 0 0 0 0 0 0 86.35540466755629 22.29346597194672 6.377755224704742 202.6029163748026 63.22889105975628 623.4887801706791 171.3514426201582 845.0230688154697 97.45506947487593 10.72116573899984 90.05048491060734 8.687015101313591 1.795891277492046 16.62646944820881 1.334199137985706 21.86775273084641 3.974502377212048 0.4076590314507484 1.908767089247704 1.607542105019093 0
146.7696242555976 670.8033698424697 1993.193235509098 88.10112521052361 226.2759002819657 9.4237190335989 20.10816535353661 0 317.5732671171427 36.54090283811092 2395.838332869112 1.811277657747269 69.16271597146988 708.7318187281489 50.97326312214136 25.32910347729921 7.992163062095642 1.175740256905556 0 2.458283379673958 1.923253320157528 0 0.3777933493256569 0.2301464080810547 7.880116380751133 0.5669363439083099 1.351926870644093 0.1059088408946991 0.4983577355742455 0 926.8466398790479 550.5209901854396 82.78690873831511 1.245541155338287 0.4125161692500114 8.900540426373482 9.524010822176933 4.150214582681656 1.118854328989983 2.576018244028091 1.474164664745331 0.100294440984726 5.424311555922031 8.108370400965214 0.6518590599298477 1.269939459860325 188.6014429703355 10.65147755295038 0.5168581083416939 5.718029081821442 3.996753260493279 0.8988527655601501 0.5623042285442352 0.8944025263190269 6.290218032896519 7.323465839028358 5.692633584141731 168.7016604095697 20.26280832290649 13.28915779292583 78.06039074808359 21.13774271309376 3.460961192846298 251.1435799747705 18.54768414795399 19.32988013327122 11.62627450376749 14.32038884609938 17.38888651132584 3.729482471942902 2.246600836515427 3.980138167738914 0 178.4404191672802 204.7513848394156 146.6834701150656 176.2690763473511 13.24504581838846 292.0924969017506 2248.385870270431 184.6229463815689 773.8658363670111 12.8867185562849 2.363836854696274 8.003723755478859 19.0512744858861 14.18136965483427 1.263404794037342 2.750383652746677 0 2.26133269071579 0.5208254605531693 0.6434638798236847 0.734139658510685 1.483900710940361 21.59536911547184 0 0 0 21.67724440991879 0.1320626586675644 0 0.8368525356054306 0.2756339013576508 0.1370008885860443 1.105101734399796 0 0 0.8246750235557556 3.660137712955475 0.2890049815177917 2.928356915712357 2.51083667576313 6.22528164088726 5.693158343434334 0.3467258438467979 0.3246747255325317 0.1813324391841888 0 0 0 0 0 0 0 0 0 0 0 0 0 0 0 0 0.3756434917449951 0 0 0.5366424918174744 0 7.481527730822563 0.1590187549591064 3.249813392758369 2.569147393107414 0 0 0 0 0 0 0 0 0.2194166779518127 0.2969277501106262 0 0 0 0.8859590142965317 0 0 0 0 0 0.4301630258560181 0 0.1663461774587631 0.9800176620483398 8.53423036634922 0 0.5309349298477173 0 0 0 0 0 0 0 11.30865849554539 1.193566977977753 0 0 0 3.723896414041519 0 3.351878061890602 0.2383802235126495 0.3821817338466644 0.3970108330249786 0 0.5284302532672882 0.1109640896320343 0 0 0 0.3908215165138245 0 0.1582638174295425 0 5.846358627080917 11.77114954590797 3.705315053462982 375.9188392236829 76.16923026740551 856.2773035764694 223.30498983711 356.1144141405821 106.0774888768792 8.599976070225239 207.2057409211993 6.738882474601269 0.642344631254673 4.720642544329166 1.044479236006737 3.208210483193398 0.3953991681337357 1.494989931583405 3.434913530945778 3.389363259077072 0.2869375944137573
89.26281736046076 1324.695156671107 790.0762841030955 126.7675949931145 4980.18884049356 28.12691403925419 3420.523246780038 317.5732671171427 0 326.0369748622179 3364.108977481723 8.606784388422966 605.8014873415232 1993.227621778846 9.134011566638947 0.647900253534317 0.813108891248703 0.2762370407581329 0 0.5621965974569321 0 0 0 0 0 0 0 0.4186659306287766 0.2134056687355042 0.1477221995592117 38.48370201140642 4.515541613101959 13.1324133425951 0 0 0 3.921436429023743 1.339342147111893 0.523133248090744 0.217325747013092 0.6832523494958878 0.157223179936409 0 0.1097859367728233 0 0 43.78533075004816 0.7125601097941399 0 0 0.3403795287013054 0.1756429672241211 0 0.5275455564260483 1.567058973014355 2.002204991877079 1.902160830795765 23.53086254745722 9.279041573405266 2.367690294981003 0 2.730945110321045 0 7.921552054584026 3.433921128511429 4.007101573050022 3.791373923420906 1.183637291193008 0.3125499188899994 0.2160817384719849 4.347149565815926 1.53769539296627 0 53.09408840537071 31.29205162078142 28.69449883699417 13.21966071426868 1.010890081524849 0.2140529379248619 64.84653048217297 0 3.142198488116264 4.216957092285156 0.4694601371884346 1.622012384235859 2.770582765340805 0 0.3141410276293755 1.471118159592152 0 0.2396817207336426 0 0 0.1581358909606934 0.1596482396125793 147.2695524692535 0 0 0.4238753169775009 15.56033627688885 2.022000357508659 5.860215470194817 6.419294238090515 1.983487874269485 0.4988746345043182 6.538888916373253 14.93949806690216 3.47187428176403 6.233012840151787 35.17818108201027 2.755164235830307 16.57756797969341 46.71988995373249 70.41457952558994 36.22398562729359 0.1272763609886169 0 0.3614082634449005 0 0 0 0 0.1773180216550827 0.486319899559021 0 0 0 0 0 0 0 0 0 0 5.087061643600464 1.322790250182152 0 0 0.1957195848226547 10.71100993454456 0.6100024580955505 3.214419484138489 0.9099081456661224 0.2432982623577118 0 0 0 0 0 0 0 0.9986229240894318 3.558818928897381 0 0.6701749414205551 0 0.3280904144048691 0 0 0 0 0.1174155250191689 1.224263146519661 0 0 2.081091791391373 37.68484546989202 1.078302800655365 0.8597623556852341 0.5690703317523003 0 0 0 0 0 0 83.17088235914707 0.803952544927597 0 0 0 20.41567411273718 3.481365770101547 16.46702726185322 0.5805663466453552 0.960502415895462 4.622835613787174 1.814507707953453 2.565786235034466 0 0 0 0 0 0.126640111207962 0 0 64.05243298411369 15.48470371961594 7.114452868700027 173.9008921831846 36.06379705667496 274.9970401152968 92.40663044899702 203.3542262539268 48.59213371574879 3.689617767930031 78.04146816581488 4.826362550258636 1.472701117396355 9.624373488128185 1.299809724092484 16.3733766078949 2.055423811078072 0.2648381739854813 4.498841270804405 1.189026474952698 0.6640249043703079
703.751544624567 2549.118235006928 67.40930297970772 1968.26261408627 754.4544778168201 634.4845873862505 1836.085804387927 36.54090283811092 326.0369748622179 0 90.80033888667822 3291.979140669107 12842.5740198046 865.5775859877467 2.272649571299553 0.7080202847719193 0 0 0 0 0 0 0 0 0 0 0 0.2680394649505615 0 0 58.64214155822992 0.3970663547515869 26.01555876433849 0 0 0.5568470358848572 27.37114135921001 0 2.171275794506073 0 0.283067524433136 0 0 0.09449680894613266 0 0 20.32857207208872 0.9899968951940536 0 0 0.1537007391452789 0 0 0.4866515845060349 3.742691546678543 2.034049794077873 9.659917943179607 105.658484980464 5.380093708634377 1.909183472394943 0.1750791221857071 4.978115499019623 0 4.177570179104805 4.563032992184162 3.436142258346081 1.679872259497643 1.103896699845791 0.1144135147333145 0 43.83894290030003 4.073843017220497 0 76.40244609862566 43.14536179602146 15.52420681715012 5.520606584846973 0 0.1272224336862564 13.72828307002783 0.105266198515892 3.235581070184708 1.579273879528046 0.1668466180562973 2.416765570640564 5.610787317156792 0.08693734556436539 0 0.6985157355666161 0 0 0 0 0.116008035838604 0.1515963971614838 682.6625728309155 0 0 0 190.7353599220514 6.530972123146057 19.58606752753258 16.24085017293692 7.324674919247627 0.4703871160745621 12.83474175632 36.64949171245098 6.921624556183815 28.92721939086914 65.46416792273521 5.967182889580727 33.1811111420393 89.97162595391273 130.2093863785267 56.35808038711548 0.1172348856925964 0 0.363147109746933 0 0.8617919683456421 0 0 0 0 0 0 0.4563402831554413 0 0 0 0 0 0 0 8.737467870116234 1.268944531679153 0 0.9059054851531982 0 17.23988117277622 0 5.746061697602272 5.025714963674545 0 0.4373309016227722 0 0 0 0.4812535643577576 0 0 2.766054935753345 5.583153024315834 0.3916996270418167 0.465697281062603 0 0.7780433297157288 0 0 0 0 0 3.392386995255947 0.7426420152187347 0 0.5775270760059357 42.13643021136522 0.6679858863353729 1.277171760797501 0 0 0 0.1204217597842216 0.2372251898050308 0 0.6807999014854431 101.0261835902929 0.7503273487091064 0 0 0 24.31013648211956 1.264357283711433 24.17999251186848 0.998216837644577 1.387496799230576 3.339795246720314 2.020765453577042 2.320350401103497 0 0 0 0 0.1819414645433426 0 0 0 88.88540185987949 25.69103848934174 14.48231755197048 153.9804857596755 14.87666715681553 186.1073328480124 52.45317423343658 1182.454655505717 25.06365469843149 1.558677583932877 30.79935788363218 9.188904099166393 2.391996681690216 14.09143123030663 1.31396621465683 41.43890125304461 0.9092068374156952 0 8.81615299731493 0 1.054816126823425
306.6162099391222 2116.469943001866 3992.279902525246 91.43466037511826 1911.587564110756 40.13488278537989 468.7508373633027 2395.838332869112 3364.108977481723 90.80033888667822 0 80.14009059965611 825.0409273803234 3634.216105483472 69.6763883009553 27.19498194009066 8.705070048570633 0 0 0.2742009460926056 0.17732934653759 2.081251680850983 0.6511052548885345 0 9.669058509171009 1.244777470827103 0.5859649032354355 0.9839201271533966 3.198034569621086 0.1877751797437668 525.9803810045123 175.2047160044312 412.1259875297546 1.367746651172638 0 14.02180615067482 239.8694818019867 31.08130896091461 28.08087316155434 24.25691913068295 1.465910606086254 0 0.6131637394428253 6.69818963855505 1.087683662772179 0.2287677899003029 167.5411735475063 2.913699485361576 0.2745976448059082 0.3400318622589111 1.355194635689259 1.039498783648014 8.697578698396683 0.9113262891769409 4.929384842514992 4.832690045237541 5.20658865571022 146.1733385175467 20.26648904383183 9.755257815122604 4.555231720209122 58.14743168652058 0 52.43012350797653 15.8606855943799 13.29189949855208 10.30291010439396 5.560327559709549 1.265388451516628 1.404016777873039 139.2272990643978 17.11545333266258 0 134.8148708492517 107.0318679139018 96.41205926984549 62.57404828071594 13.16689801961184 67.67919400334358 1399.859109908342 0.873354010283947 162.1821955740452 10.05982042849064 0.9300646185874939 5.75159565359354 16.39785954356194 1.710197143256664 0.938188910484314 2.184200048446655 0.4643543884158134 1.257661484181881 0.4837232977151871 0.5019508227705956 0 1.392434105277061 370.1074471771717 1.969202324748039 0.8227845579385757 8.690378531813622 39.48941301554441 2.46664334833622 2.007151782512665 7.226343460381031 1.673756748437881 0.6361494809389114 5.826501175761223 8.030272960662842 4.319889456033707 9.831365913152695 21.45331712067127 4.169324353337288 17.5902906358242 38.91093930602074 74.88174699991941 43.56956452131271 0.5764105767011642 1.185710415244102 0 0 0 0 0.1586814224720001 0 0 0 0.755405530333519 0 0 0.293017715215683 0 0 0.1970698088407516 0.6893910020589828 0.3142578303813934 5.731416955590248 1.257884562015533 0.5534182190895081 0.8838329315185547 0 23.82220907509327 0.6560723930597305 12.30971767008305 3.714798301458359 0.7465198785066605 0 0 0 0 1.354607120156288 3.970089048147202 0 4.089452937245369 5.643498353660107 0.5331373140215874 1.493822120130062 0 0.5291219651699066 0.2668250501155853 0 0.1025475710630417 0 0.4428580403327942 1.846316054463387 0 1.396803423762321 3.082939222455025 55.12161825597286 1.202422931790352 1.163751050829887 0.1230804547667503 0 0.1111432611942291 0.168250173330307 0 0 0.2262498736381531 114.4003820568323 6.670145437121391 0 0 0 31.61300177872181 6.427529618144035 31.27103279531002 1.714784927666187 2.185122452676296 2.34702255576849 1.874326482415199 4.649138852953911 0.148457407951355 0 0 0 0.4611402302980423 0.1059707552194595 0.2179893404245377 0 88.26232851296663 48.85411490499973 20.90945617109537 602.6260705292225 104.8027536720037 737.2419571354985 257.2180477157235 504.7920617237687 115.3150873184204 11.1649072021246 303.4987967684865 18.41032626479864 3.532311297953129 23.48710846155882 0.9586239978671074 18.41359477490187 1.786447562277317 1.234113104641438 8.324109181761742 4.032823637127876 1.010880887508392
17.36008414626122 31.93095210194588 9.276301577687263 19.8747915327549 10.76495899260044 74.75875370204449 58.05251599103212 1.811277657747269 8.606784388422966 3291.979140669107 80.14009059965611 0 1729.454245746136 344.6763476878405 2.794468611478806 0.1190716475248337 0.1128561794757843 0 0 0 0 0 0 0 0 0 0 0 0.7627223134040833 0 1.848337307572365 0.4166596829891205 116.3510001599789 0 0 0 205.1517308205366 0 0 3.542645812034607 0 0 0 0 0 0 2.25424125790596 0 0 0 0 0 0 0.2878778576850891 0 0 4.142654180526733 4.40754459053278 0.2896378338336945 0 0 1.447319239377975 0 0.3912637829780579 0.1356608420610428 0.1843622326850891 0.08081976324319839 0.08618482947349548 0 0 153.8700354397297 3.878623321652412 0 3.310563527047634 1.420248530805111 2.176784671843052 0.5924537181854248 0.5493364334106445 0 22.09014840424061 0 0.8131557106971741 0.256654717028141 0 0 0.1389627605676651 0 0 0 0 0 0 0 0 0 1311.766766652465 0 0 0 36.79783098399639 0.5986167415976524 5.714960321784019 6.064703449606895 2.960252419114113 0.8526225239038467 5.411967761814594 14.06950871646404 3.112421862781048 11.85350072383881 28.47729188203812 3.953572481870651 20.1123360991478 47.63045122474432 83.81680639833212 35.87227231264114 0.1125666424632072 0.3838986158370972 0 0 0 0 0 0 0 0 0 0 0 0 0 0 0 0 0 3.016990356147289 0.2711580097675323 0 0 0.2963906824588776 8.336307421326637 0.301141694188118 2.295480594038963 0.4898277521133423 0.1700184047222137 0 0 0 0 0.156326487660408 0 0 1.458288885653019 3.473053142428398 0.6083800047636032 0.1072588190436363 0 0.2796355336904526 0 0 0 0 0.1422443389892578 1.353151120245457 0.440168485045433 0 0 29.61204019188881 0.3088219314813614 0.6559724062681198 0 0 0 0 0 0 0 64.46936512738466 0.7253702878952026 0 0 0.118332751095295 14.22584235668182 0.7546040490269661 8.047405645251274 0.6571687683463097 0.8797151893377304 2.247378282248974 0.6595028638839722 2.230128616094589 0 0 0 0 0.3182329833507538 0 0 0 84.78245038539171 17.13741934299469 3.181490041315556 24.14619319140911 1.309062317013741 12.64902266860008 4.908489651978016 140.9159591943026 2.329114139080048 0.5201934278011322 10.35135861486197 3.333567909896374 0.357203334569931 7.424475371837616 0.1042522117495537 12.78485554456711 1.393696211278439 0 1.54058213531971 0.3041338324546814 0.2315318584442139
125.8332374691963 1219.891830518842 277.659243106842 447.3142781853676 775.0145719945431 148.9802731126547 4022.547418884933 69.16271597146988 605.8014873415232 12842.5740198046 825.0409273803234 1729.454245746136 0 2534.192584425211 19.74032538384199 6.183457590639591 0.9041032493114471 0 0 0 0.280279129743576 0 0 0 0.8905164897441864 0.1651871055364609 0.3537106513977051 0.2723763138055801 0.6217652857303619 0 44.98424798995256 3.989362560212612 479.6942894309759 0 0 0.3887210190296173 397.094069480896 7.59154985845089 18.97814066708088 15.59310211241245 1.081933498382568 0.1692873686552048 0 1.939536795020103 0 0 45.61893458664417 1.340826772153378 0 0 1.033459663391113 0 2.17370867729187 0.7489245757460594 1.30672075599432 2.19080226868391 5.740433841943741 31.84152487665415 7.61414148658514 1.572590574622154 0 13.54108464717865 0 6.414681643247604 5.060595072805882 4.945312663912773 3.421936236321926 1.637430816888809 0.253899872303009 0 349.477631226182 10.37479604780674 0.2294589579105377 44.46311426907778 23.88679609447718 25.50380083918571 14.80166827142239 1.890726201236248 0.8236851096153259 122.3635931611061 0.292137935757637 6.563904285430908 3.048433244228363 0.07825543731451035 1.61284988373518 6.394714310765266 0.4591399431228638 0.1038208603858948 0.9813860952854156 0 0.5866623818874359 0.4810313284397125 0.2339202612638474 0 0.90206179022789 3420.562426269054 3.582331150770187 0 2.98176197707653 81.41109535843134 5.439383454620838 12.34971588850021 21.10821501165628 5.178137019276619 2.669044479727745 20.8698598742485 38.54730123281479 7.667953662574291 52.23760425299406 100.0783746540546 8.820839494466782 57.0502497702837 149.4196950495243 219.6968867778778 125.6960078701377 1.314039818942547 1.056404799222946 0.2313700914382935 0 0 0 0 0 0 0 0 0 0 0.1119847148656845 0 0 0 0 0 11.63536941260099 2.983933821320534 0.5046268105506897 0.8379356563091278 0 26.28842624276876 0.4819817543029785 12.90209294855595 1.786259695887566 0.5594567656517029 0 0.1432015150785446 0.1060651019215584 0.1811723113059998 1.191011384129524 0.1960217207670212 0 6.138646654784679 10.16430333256721 1.282678842544556 1.86178632825613 0 0.6520168781280518 0 0 0.3684890419244766 0 0.1518490612506866 3.561622217297554 1.215073227882385 0.1843444257974625 2.322249859571457 131.1844387426972 2.405623331665993 2.812594562768936 0.2504495084285736 0 0.2748898267745972 0.1137422174215317 0.3625432476401329 0 0 273.8950941488147 4.182674944400787 0 0.1624211519956589 0.1355628073215485 58.99362764507532 3.979464843869209 45.98801229894161 2.550521686673164 2.091590851545334 11.98872497677803 5.114681884646416 7.906426303088665 0.5382863134145737 0 0 0 0.2070069760084152 0.2360540702939034 0 0 260.9039011448622 75.25099025666714 14.62433132529259 222.1643079295754 52.09961835294962 236.7454206496477 96.53295517712831 416.1728324368596 49.98233711719513 2.947413139045238 87.77177302539349 18.33457931876183 2.448941498994827 30.25975877046585 3.85809376090765 48.51779353618622 3.802380658686161 0.5122956335544586 7.157871186733246 1.31111977994442 1.14148373901844
229.6005411297083 2215.641343154013 1173.262331135571 211.5943323671818 1614.294254094362 147.9600522741675 4246.732758700848 708.7318187281489 1993.227621778846 865.5775859877467 3634.216105483472 344.6763476878405 2534.192584425211 0 53.0264005959034 20.05256961286068 7.419679723680019 0.3879209160804749 0 0 0.6667306274175644 3.254803881049156 0 0 6.053893521428108 0.7474526911973953 0.6294687837362289 1.74786538630724 6.728015035390854 0 180.5299105718732 37.08584664016962 1200.469118863344 0.4544440805912018 0.2750998064875603 4.341566368937492 1325.303016111255 98.00424455106258 90.06471675634384 67.81034250557423 1.553367108106613 0.2900814116001129 0.2876994013786316 5.267219424247742 0.6471376866102219 0.3826484978199005 110.2543828040361 2.455848500132561 0.1550789475440979 0.6418229192495346 1.088402442634106 1.167397648096085 11.80008633434772 1.16013740748167 3.70001220703125 2.113458730280399 8.283857434988022 72.87870641797781 16.31376667320728 5.483196891844273 0.904349572956562 91.87962453067303 0.6948718130588531 28.38636641949415 9.105639196932316 8.98312521725893 7.200078547000885 4.573080658912659 1.129985637962818 0.4213987439870834 575.4930429309607 37.89305700361729 0.5185725390911102 88.54481335729361 60.80249605327845 59.89128229767084 28.60797851532698 9.578709237277508 37.9428384527564 528.8789598494768 1.094705656170845 132.9837968796492 6.05595225840807 1.141291476786137 3.783744342625141 10.1616780012846 1.379878848791122 1.862909503281116 2.617767326533794 0.3845131099224091 0.5752131938934326 0.2609035447239876 0.2143571078777313 0 2.541746474802494 2231.915871247649 5.923733726143837 1.817450776696205 27.98086053133011 85.43192153424025 7.560283802449703 6.934135764837265 23.03245241940022 4.855571672320366 6.531804114580154 19.98526307195425 31.00941841304302 8.680304385721684 28.57152409851551 89.4063087105751 14.48086681216955 53.47505965083838 131.5329210311174 242.3889848068357 156.291591592133 2.308011278510094 2.195546850562096 0.2837162762880325 1.307380735874176 0.2086740583181381 0.3102646917104721 0.4489827752113342 0.4563775211572647 0 0 0.6353819370269775 0 0 0 0 0.2318582087755203 1.131347075104713 1.229338601231575 0.1857088655233383 15.61874101310968 4.714125722646713 0 2.225888937711716 0 52.42068356275558 1.063757047057152 23.78139261901379 10.61902938783169 3.222186222672462 0 0 0.6176397204399109 0.2215481549501419 2.589253604412079 1.504600860178471 0 9.469355702400208 16.27968657761812 2.214980654418468 2.810971468687057 0 2.72515794634819 0 0.169983297586441 0.7993611097335815 0 0.6458225697278976 4.937428995966911 0.7119859457015991 1.714040890336037 4.166031703352928 159.393220923841 4.051690176129341 3.181954652070999 0.5611343458294868 0.544312983751297 0 0.1437346637248993 0.3499021753668785 0 0 322.4714911803603 13.21803177893162 0.293904647231102 0 0.1582460105419159 83.03848596662283 10.54797723889351 82.52189715951681 4.382695905864239 1.710462599992752 9.934143103659153 3.056958884000778 10.49653041362762 0.6466456353664398 0 0.129656195640564 0 0 0.09440664201974869 0.167604997754097 0 310.9546002447605 123.9071599766612 33.05830965936184 649.1712035611272 97.55132448673248 509.5857372805476 187.2231562286615 566.9215336069465 90.85947483778 8.06049021333456 224.4373751208186 24.34560067206621 5.279786184430122 46.8316280990839 4.273057080805302 48.95267315208912 8.19671406596899 0.8798214197158813 14.568379573524 3.810504443943501 1.366128072142601
