0 4501.62273516506 661.32149618119 1753.911994703114 752.7856242805719 111.5771948248148 1213.849573276937 9.232462026178837 60.70378501713276 754.7177101746202 166.9702724292874 89.6663748472929 341.5736253038049 87.14783169329166 7.951310597360134 0.6451546475291252 0.1266499608755112 0 0 0 0.6015527695417404 0 0.1821898221969604 0 0.3366960436105728 0.2614831551909447 0.2461256608366966 0 0 0 1082.492560893297 8.745789766311646 2.183360300958157 0 0.1066850796341896 0 2.778670564293861 1.097525350749493 1.545357003808022 0.4975604265928268 0 0.1170821338891983 0.1776949614286423 0 0 0.134012758731842 48.96026333421469 11.29460579901934 0 0 1.747198067605495 0.3776892125606537 0 0 5.723557785153389 4.729434959590435 278.0620175749063 2087.229348063469 35.00112898647785 33.48164489120245 0.2119530439376831 0.9950236827135086 0.1218860894441605 48.54663734138012 3.351000480353832 4.31536441296339 6.327936746180058 1.014008827507496 0.1605556160211563 0 7.990263156592846 3.203400075435638 0 391.3197990506887 78.53806104511023 47.56646893918514 14.03599847853184 1.733541890978813 0.3716738000512123 15.39282487332821 0.288324199616909 1.530911169946194 19.05850873142481 0.5674139857292175 5.697848469018936 11.98755192756653 2.648190833628178 0.8474081829190254 4.183367781341076 0 0.8449318930506706 0.1260401755571365 0.1063995659351349 0.7513396963477135 0.1104504689574242 88.81841224431992 6.030639469623566 2.862921714782715 1.884620115160942 1691.171764284372 0.839326798915863 0.5053927376866341 0 0 0.2002851814031601 10.65774241089821 0 1.765756890177727 3.80044025182724 1.662172719836235 0 5.956305027008057 4.535275667905807 4.384969100356102 0.8067528307437897 0 0 0 0 0 0 0 0 0 0 0 0 0 0 0 0 0 0 0 0.2655446827411652 0 0 0 0 1.871024295687675 0 0.9634223878383636 0.2613734900951385 0 0 0 0 0 0 0 0 0 0 0 0.3015799820423126 0 0 0 0.2543793320655823 0 0 0 0 0 0 0 0 0 0.1948535591363907 0.4794520139694214 0 0 0 0 0 0.1387027949094772 2.3882906883955 0 0 0 0 0 0 0 0.123799741268158 0.3949317932128906 0 0 0 0.1116881594061852 0 0.1072142422199249 0 0.782990500330925 0.1127661317586899 0 0 1.787798553705215 0 0.3265472054481506 114.1831169500947 25.35613875836134 134.6924653053284 8.703998863697052 2015.857219472528 12.88117430359125 1.741346284747124 26.53683909773827 3.47817924618721 0 0.4452579170465469 0.1308078616857529 5.410687834024429 0 0 0.1859195232391357 4.659229263663292 0
4501.62273516506 0 1748.678076766431 1001.992150507867 3013.720738500357 238.8867072314024 5956.62949205935 109.7073821797967 534.7746545150876 592.9990933761001 614.7610808759928 43.67361571639776 441.9699051231146 304.485259950161 41.95772998034954 1.816868081688881 0.1132441312074661 0.2286708503961563 0.1447883993387222 0 1.353485070168972 0 0.4943357706069946 0.1064908802509308 1.480681359767914 1.607763148844242 0.4345023185014725 0.8812358975410461 0.1343442052602768 0 4807.169253051281 50.03838202357292 11.90872006118298 0.3245602548122406 0 0 16.97114289551973 2.294249936938286 3.310096636414528 2.374341286718845 1.433872669935226 0.4541364759206772 0.4431769847869873 0 0 0.2517597302794456 183.1638647541404 27.38339491188526 0.155733585357666 0.3191176354885101 6.597710333764553 0 0.1540702879428864 0.3028008937835693 15.59514628350735 14.69144228845835 117.9382782056928 1777.736598372459 29.61580930650234 77.22420199215412 1.105422578752041 2.696143731474876 0.1046220883727074 284.8115992471576 9.067002832889557 11.69639886170626 17.73309573531151 5.881547883152962 1.238090500235558 1.3830860927701 34.76753862947226 0.8217448890209198 0 743.2765542343259 277.3253285735846 233.5845917463303 97.45489628612995 5.254634618759155 1.177474334836006 63.63454573601484 0.6805871278047562 3.760636508464813 47.41997048258781 1.761103481054306 15.54744226485491 28.27437775582075 10.89963778853416 2.627658322453499 13.90272121876478 0 0.5209248438477516 0.3754374161362648 1.054153516888618 2.549804292619228 1.084809213876724 85.20451664179564 2.916892737150192 0 0.9807039424777031 1221.373888760805 1.691469982266426 6.861877575516701 4.170892104506493 2.266665384173393 1.51332500576973 128.3917935788631 5.836373716592789 24.62235845625401 9.829841792583466 22.69391259551048 1.234100252389908 82.70501247048378 42.24026419222355 47.82229021936655 3.988424479961395 0.1545703411102295 0.1990157961845398 0 0 0 0 0.2383265942335129 0 0 0 0 0 0 0 0 0.8972709029912949 0 0.2925165295600891 0 1.413763329386711 0 0 0 0 20.22012144327164 0.9334420412778854 8.0719233751297 0.3590268194675446 0.558281347155571 0 0.8407679498195648 0.09373424202203751 0 0 0.7652878761291504 0 1.265962064266205 4.665249638259411 0.6456723213195801 0 0.1790896654129028 0.4043683707714081 0 0 0 0.4077835232019424 1.439099997282028 2.158146917819977 0 0 0.429664134979248 4.756633907556534 0.1711049973964691 0 0.1499231606721878 0.1383161991834641 0.2839925289154053 0 0 0.1096306070685387 0.5067198872566223 29.01387172937393 0 0 0 0 0.9560369551181793 0.2272482365369797 0.1531561464071274 2.625136166810989 1.042753666639328 1.818300023674965 0 0.1505886763334274 0.2535103261470795 0.2482263371348381 0 0.1289986222982407 0.8151327669620514 0.1028938069939613 0 0.1210168302059174 20.67129215598106 4.830921143293381 4.928025119006634 432.8868393823504 71.04520450532436 443.2616210430861 45.54924437403679 1359.379153586924 49.23448231816292 5.766284450888634 131.8757428154349 39.71163919568062 0.6812282651662827 13.99383033812046 0.975481390953064 53.93583069741726 1.042299851775169 0.2093306183815002 2.714491873979568 4.89684534072876 1.162570357322693
661.32149618119 1748.678076766431 0 21.74553989619017 697.345789000392 14.94693258404732 232.1718439459801 2724.361922636628 1697.650700353086 24.0137365013361 5194.075552307069 21.59404365718365 719.9373691007495 1523.399588279426 53.40958692133427 13.52720189094543 0.5940983295440674 0.6495064198970795 0 1.918465293943882 70.30843943357468 0 14.95850015431643 9.272711396217346 10.23418782651424 59.33006681501865 1.391933895647526 3.154308192431927 0.1918860524892807 0.4944417774677277 4114.36376722157 892.9639646485448 14.29672633856535 5.476956583559513 8.708125546574593 12.4199758246541 7.455169804394245 19.8091626316309 4.382117703557014 13.86434422433376 38.86791425198317 5.219290122389793 11.90227874368429 2.349878095090389 1.036033362150192 0.448909655213356 128.0379573851824 17.14323740452528 0.2396025136113167 6.677127443253994 40.77056726068258 0.5471859648823738 0.5283488482236862 1.035376995801926 4.877645298838615 5.371195070445538 38.82651255279779 764.5199979171157 11.69526995718479 28.44215898960829 10.46665029972792 13.72149424999952 23.04279147833586 290.2616193071008 3.594619251787663 7.516782887279987 16.2825784906745 15.40095221251249 15.85876225680113 19.25452817231417 6.796438202261925 1.330029845237732 0.09098347276449203 279.662520378828 155.3175237998366 179.7351454496384 117.3629810363054 17.29253447800875 30.31949938088655 1262.649690061808 9.89300973713398 172.0594810768962 16.68241227418184 0.4131592363119125 5.678643770515919 10.61802636831999 9.167533472180367 1.646107852458954 8.771613635122776 0.2374200969934464 8.491797260940075 3.189765349030495 44.0274204313755 47.39870206266642 2.859668381512165 26.26620864868164 0 0 1.04731623083353 244.0773763805628 0.6262699812650681 0.4900672733783722 1.41990327835083 0 1.399078965187073 19.56205952167511 0.5937771946191788 9.076713398098946 3.431286916136742 9.16945219039917 0.1740122437477112 29.25405621528625 21.95172993838787 20.0393041819334 2.265632584691048 0 0.108134500682354 0 0 0 0 0 0 0 0 0.4038532972335815 0 0.6231210231781006 0.1578369736671448 0.1011796221137047 0.1328877210617065 0 0.3762536123394966 0 0 0 0 0 0 4.146718516945839 0 2.799057379364967 0.8606968224048615 0.6318524926900864 0.4733346998691559 0 0.3225859850645065 0 0.4503093212842941 0 0.1433818787336349 0.297287791967392 0 0.245865598320961 1.863997966051102 0.2723556756973267 0.1603569835424423 0.4192475825548172 0 0 0 0.1076605468988419 0.8384664952754974 1.19924621284008 0 0.2543908655643463 2.260300874710083 0 0 0 0.4707027077674866 0 0 0 0.5362467765808105 1.082273237407207 9.394486650824547 0.3061941564083099 0.1120480746030807 0 1.134208217263222 0.1949027478694916 0 0.3311273753643036 1.684269815683365 1.378147333860397 1.110571816563606 0 0 0.07956652343273163 0 0.1225327327847481 0 0.1956145465373993 0.4271442964673042 0.6605450585484505 0.109546959400177 8.730671882629395 1.071652099490166 0.6212200075387955 255.4822077974677 58.93889275193214 239.587354362011 50.78526961058378 181.3431406244636 35.45363375544548 3.964145630598068 114.1478759869933 14.71052668988705 1.073311045765877 2.46358647197485 0.2272673398256302 14.92559644579887 0.3119896352291107 0 0.4516316056251526 5.803519852459431 0
1753.911994703114 1001.992150507867 21.74553989619017 0 82.56430693715811 481.1138887405396 3348.734015919268 0.9582692980766296 26.75278664380312 3468.837629839778 4.927763111889362 523.2845877557993 2101.133204095066 6.663159281015396 3.120442554354668 0 0 0 0 0 0.1120646148920059 0 0 0 0.4926849156618118 0.08439616113901138 0 0 0 0 104.0560213550925 2.550732597708702 0.8705406785011292 0 0 0 2.818045601248741 0.5332223474979401 0.4057455658912659 0.3049214482307434 0.2418167069554329 0 0 0.1001419946551323 0 0 26.52947557717562 6.91471903771162 0 0.5466311722993851 1.179090842604637 0 0 0 2.460405141115189 3.455936044454575 38.9188022762537 289.5241528898478 4.67942775785923 15.15145191550255 0 0.633842796087265 0.1328563541173935 40.96200304478407 2.294113494455814 4.552120320498943 4.906032033264637 1.25166729092598 0.1142145022749901 0.1119623780250549 6.805612340569496 0 0 166.7572354227304 58.67261508107185 32.39596788585186 8.842281721532345 0.4700190126895905 0 0.1170588955283165 0.1569823026657104 0.5855531692504883 9.349371261894703 0 3.237696796655655 5.450419940054417 2.905540145933628 0.3585846349596977 3.634480245411396 0 0 0.1110131666064262 0 0.09388087689876556 0 18.87255589663982 0 0 0 392.1241606622934 0 1.168769806623459 1.082808315753937 0 0.1924069374799728 29.58983390033245 0 0.9297194629907608 73.60883949697018 1.336112439632416 0 3.675547435879707 1.864756613969803 1.605321809649467 0 0 0 0 0 0 0 0 0 0 0 0 0 0 0 0 0 0 0 0 0 0 0 0 0 1.117312282323837 0 1.214970082044601 0.1249751076102257 0 0 0 0 0 0 0 0 0 0.4378940463066101 0 0 0 0 0 0 0 0 0 0 0 0 0 0.6423768401145935 0 0 0 0 0 0 0 0 0 0.7329778671264648 0 0 0 0 0 0 0 0.3864388763904572 0 0 0 0 0 0 0.09344296157360077 0 0.4214255437254906 0.09753800928592682 0 0 0.8578881025314331 0.3959466218948364 0.2690381109714508 71.11862082034349 11.76991310715675 78.63869315385818 5.345128245651722 829.3308855071664 8.096934385597706 1.732108786702156 8.457294657826424 2.393507644534111 0 0.432254821062088 0 4.78894516825676 0 0 0 16.9753899872303 0
752.7856242805719 3013.720738500357 697.345789000392 82.56430693715811 0 49.90914267301559 4985.204049155116 92.47296150028706 7332.913306593895 317.727954685688 552.8856236711144 55.68846043944359 1820.363901384175 1806.067908741534 56.99470605701208 3.822149246931076 0.1239145174622536 0.12781922519207 0.1021520718932152 0 0.9926935583353043 0 0.3004383146762848 0 0.7172838225960732 0.8517311438918114 0.2699230313301086 1.278718382120132 1.422018468379974 0.7272064983844757 658.730116955936 53.11866723746061 7.560945406556129 0 0 0.1786659359931946 17.79875170439482 1.639318883419037 2.618671849370003 1.569397747516632 0.3424090445041656 0.5039893090724945 0.5256635546684265 0.5739433020353317 0.1063225790858269 0 156.2882206216455 20.87066080421209 0.1230900064110756 0.4801115766167641 4.496179535984993 0.6766927614808083 0.6768331825733185 0.7473377585411072 3.172627463936806 4.597519628703594 14.24377082288265 205.7534456402063 13.19923406094313 33.74342614412308 0.437153123319149 2.506583333015442 0.4514988958835602 159.3135434612632 2.605069898068905 5.418249614536762 8.418104127049446 2.818695284426212 0.9499414786696434 0.1416878551244736 46.49083536863327 3.1131751537323 0 172.3844890594482 98.38560843467712 196.3968690186739 97.78828173130751 5.853842854499817 0.9211170896887779 19.08227571845055 1.577095426619053 2.051813259720802 13.60891932249069 1.200183108448982 7.842689409852028 13.09749317169189 5.50711128115654 1.292730376124382 7.43304105848074 0 1.198426678776741 0.6148597300052643 1.055706903338432 1.483453474938869 1.24736150354147 186.9071159362793 2.99369677901268 0 0.9455903768539429 83.66776756942272 0 9.538516193628311 9.590564638376236 4.070911198854446 5.062626838684082 173.6202326714993 8.561373889446259 43.97644823789597 27.98467452824116 62.63616617023945 0.9310343563556671 205.0671752691269 109.4865819513798 96.80600544065237 13.05784347653389 0.3117545545101166 0.4078166484832764 0 0 0 0 0.182515412569046 0 0 0.3058327734470367 0 0 0.3107692152261734 0 0.2849688231945038 0 0 0 0 4.294567495584488 0.4479670524597168 0 0.3333629667758942 0 28.6589545160532 1.617450058460236 21.71107120811939 2.329577088356018 0.9341436326503754 0 0 0.3100355565547943 0 0.2577823400497437 0.8486708402633667 0 4.997110337018967 1.711386606097221 1.450454920530319 0.5321608185768127 0 0 0.3329823017120361 0 0.2436612099409103 0 0.8664166182279587 4.724534541368484 1.834861785173416 0.597675621509552 0.3482915461063385 10.78459089994431 0.1976861655712128 1.509975865483284 0.2898366823792458 0.4525109827518463 0 0 0 0 0.6430956870317459 64.14439590275288 0.3852285891771317 0 0 0 1.012251019477844 0.9246761500835419 0.6519803404808044 8.920418664813042 2.948885291814804 5.734241299331188 2.563035622239113 1.072646528482437 1.660286068916321 0 0.09842840582132339 0.1139990538358688 0.5484780073165894 0 0 0.1318026930093765 75.94365487992764 5.54077884554863 3.785486936569214 511.3766236007214 74.58278897404671 327.5367185547948 52.64782152324915 194.4736352860928 49.9084432348609 6.618552051484585 163.9004248529673 66.70461045205593 1.615349151194096 19.46830563247204 0.3411906361579895 102.1564720720053 2.7885402739048 0 3.000457659363747 4.718369208276272 0.909717284142971
111.5771948248148 238.8867072314024 14.94693258404732 481.1138887405396 49.90914267301559 0 294.4361536204815 0 36.51178325712681 501.5969844162464 7.020012438297272 406.002504080534 416.6612952947617 28.12522360682487 0 0.1750651597976685 0 0 0 0 0 0.9989492297172546 0 0 0 0 0.1229660138487816 0 0 0 11.87014104425907 0.2709015011787415 4.213309898972511 0 0 0 23.81845903396606 0 8.314710155129433 0.1579673439264297 0 0 0 0 0.3177371621131897 0 0.2872073203325272 0.4524312615394592 0 0 0 12.78216046094894 0.3357583582401276 0 0 0.5597133785486221 100.4680378586054 62.25267259776592 3.457733437418938 0.3131700679659843 0 0 0 1.775832407176495 0 0 0.4393641948699951 0 0 0 104.1979096233845 234.676501005888 14.72366045415401 0.971687525510788 0.6337057650089264 2.250117152929306 0.4581856727600098 0 0 4.434386566281319 0 0 0.4873117804527283 2.21449601650238 0.1315919160842896 0.128568172454834 0 13.6295227855444 4.065166294574738 18.08697706460953 0 1.115823104977608 0 1.064278721809387 0.7989248037338257 355.4629462510347 272.9557721316814 75.7294756770134 18.41240036487579 670.3278566598892 0 0.5700439214706421 0.4314602911472321 0 0 1.116501927375793 0 0.4955928325653076 5.02820311486721 0 0 3.955627828836441 0.7298693954944611 0.1668054610490799 0.250923752784729 0.2417804598808289 0 0 0 0 0 0 0 0 0 0 0 0 0 0 0 0 0 0 0 0 0 0 0 0.3504172563552856 0 1.528409838676453 1.864410057663918 0 0 0 0 0 0 0 0 0.5784240961074829 0 0 0 0 0 0 0 0 0 0 0 0 0 0.5351307839155197 0.6324908435344696 0 0 0 0 0 0 0 0 0 1.653093039989471 0.4888308644294739 0 0 0 0 0 0 0 0 0 0.6142519116401672 0 0 0 0 0 0 0 0 0 0.6761764287948608 0.5293983221054077 3.65178570151329 12.90226967632771 0.6631047427654266 3.866185888648033 0.1891270279884338 187.603795543313 0.9238991588354111 0.9108625799417496 0.2465646862983704 1.412426874041557 0 1.142937794327736 0 2.320987045764923 0.7232722043991089 0 0 5.889222145080566 0
1213.849573276937 5956.62949205935 232.1718439459801 3348.734015919268 4985.204049155116 294.4361536204815 0 4.51009276509285 908.9593548253179 4624.952538602054 35.90363406389952 482.4491576999426 4385.46118029952 769.1014572009444 56.06526709347963 4.382751695811749 0.1544212847948074 0 0 0 0.4016577079892159 0.4023593068122864 0 0 0.0809541791677475 0.2203974574804306 0.1872445791959763 0.7163339555263519 0.4117805659770966 0 404.7471559941769 40.98116399347782 9.201548211276531 0 0 0.2372994422912598 23.79449401795864 1.501250371336937 7.323588125407696 3.569856435060501 0.556226372718811 0.661105640232563 0.7191934958100319 0.5713537335395813 0 0.1101163029670715 186.9761100038886 29.52620227634907 0.4106940552592278 0.6247400939464569 4.573675163090229 0.9121736288070679 0.1297462433576584 0.7334760725498199 8.54515927284956 9.036083467304707 45.90633296966553 385.3773132935166 18.68096935749054 49.57558308541775 0.5385779961943626 0.8153413161635399 0 253.3127748593688 6.528293296694756 12.28638809174299 13.57754851132631 4.381381340324879 0.7690032720565796 0.54939104616642 72.82686328142881 2.231171816587448 0 402.1735427454114 181.349860675633 236.1212208345532 117.5028801783919 7.464507296681404 0.6288116946816444 14.31067048758268 2.522949546575546 2.123358368873596 28.83761096000671 1.03866695612669 11.83820510655642 21.26968443393707 9.857823014259338 1.920997902750969 12.20537229627371 0.277305893599987 1.340063594281673 0.2744804695248604 1.053062804043293 0.6775660887360573 0.8140246644616127 499.7847154736519 5.770861551165581 0 2.39378484338522 188.0837900340557 0.6182814389467239 16.77666760981083 24.20093975961208 4.853535756468773 9.320244863629341 214.0684701353312 22.01309868693352 87.98090627789497 103.6848567575216 123.7341788858175 2.037177056074142 383.1660693287849 190.7637429386377 169.0700217187405 23.48678617179394 0.8288069367408752 0.553962916135788 0 0 0 0 0 0 0 0 0 0 0 0 0.1294623464345932 0.8062911480665207 0.3474043309688568 0 0 5.978948071599007 0.6879779100418091 0 0.3586458563804626 0 49.97100809216499 2.97618593275547 24.34087684750557 4.073227345943451 0.6315406411886215 0 0.6771143078804016 0 0.1558911800384521 0.2069372981786728 0 0 6.859624356031418 5.664593532681465 0.8715951591730118 0.8158862292766571 0.1040743291378021 0.5515206456184387 0.1644990593194962 0 0.267520397901535 0 2.210483849048615 10.5048965215683 2.238317027688026 0.3523394167423248 0 14.62878468632698 0.2230262011289597 2.643834605813026 0.3192656710743904 0.1027373671531677 0.1055098548531532 0 0.2758493423461914 0 0.6353663504123688 89.00849257409573 0.6397928446531296 0 0 0 1.183805376291275 0.1141031831502914 2.192129567265511 12.42931179702282 5.784328311681747 9.446297034621239 1.695848554372787 1.745902001857758 1.380736455321312 0 0.1419398188591003 0.1176989153027534 0.9766757637262344 0 0 0 99.41296917200089 9.871815353631973 12.38630683720112 684.9744728580117 73.40634746849537 429.7220759168267 58.41650529950857 763.1555716618896 55.66446050256491 9.874397836625576 158.6503499820828 98.76637589931488 2.074558533728123 23.33156429976225 2.316432297229767 180.0287875235081 2.208050727844238 0.6777501404285431 5.654547438025475 7.370098575949669 0
9.232462026178837 109.7073821797967 2724.361922636628 0.9582692980766296 92.47296150028706 0 4.51009276509285 0 386.791510887444 1.077716492116451 1566.415934808552 11.21628901362419 213.1000413671136 671.4180567711592 27.77198167145252 13.32881823182106 0.5813785865902901 0.5591908097267151 0.1560380160808563 5.58316633105278 117.4108640030026 0 27.92057849466801 6.854872934520245 7.33569547533989 57.08503413945436 0.3012769818305969 3.377191320061684 0.4398579597473145 0 1571.764334961772 3950.01264064014 5.851533517241478 12.39020700752735 11.27322787046432 17.11377160251141 1.159238949418068 9.907083660364151 1.274862200021744 5.755422711372375 51.19943834096193 2.834988296031952 32.39118292927742 2.526876524090767 2.403867214918137 5.141147375106812 59.51824508607388 5.010453596711159 0.2713926136493683 19.90206591784954 38.08603920042515 0.6852538585662842 0.2524503618478775 0.5106779485940933 1.053747713565826 0.8325769752264023 14.83029260486364 291.2647394686937 4.191399715840816 10.31429763138294 43.71171245723963 20.94752755761147 48.71759501844645 384.9824560061097 1.166683480143547 2.863072976469994 9.944626234471798 15.1422912478447 19.32339431345463 45.46843422949314 0.7997591495513916 0.227330282330513 0.2510971873998642 138.0889632999897 151.8717004731297 108.3114122673869 181.9084543809295 217.1914527192712 946.6301955059171 2636.919491097331 136.9494158476591 1520.423586830497 4.28755958378315 0.3016108050942421 1.479633584618568 3.030377946794033 15.94646701961756 0.4419038221240044 4.479256346821785 0.1165995597839355 4.895161420106888 2.129458583891392 41.97118695825338 28.31661055237055 3.784875012934208 0.68384850025177 0.2527797818183899 0 0.7456904500722885 5.404783517122269 0 0 0 0 0 0.3019933998584747 0 0 0 0 0 1.02938686311245 0.5301230102777481 0.1412922590970993 0.3425541520118713 0 0 0 0 0.1455839276313782 0 0 0 0 0 0.4860110953450203 0 0 0.1819892078638077 0 0.677020400762558 0 0.1253095269203186 0 0 0 0 0 0 0.2178592681884766 0 0.1593382656574249 0.3295375406742096 0.123285099864006 0 0.1692758947610855 0.2090152353048325 0 0 0 0 0 0.1343972980976105 0 0.2168967798352242 0 0 0.2329115569591522 0 0 0 0 0.5092172622680664 0 0 0 0 0 0.1673289090394974 0 0 0.0910627469420433 0 0 0.3186505660414696 0.9279090613126755 0.8352246135473251 0 0.1355780959129333 0 1.204111777245998 0 0 0 0 0 0 0 0 0.3690920174121857 0.1403493285179138 0 0 0.4453985169529915 0.2897663488984108 0.8519256711006165 0 0 0.2395281791687012 0.2646865546703339 82.2663968577981 15.15690551698208 112.3145910575986 17.88265691697598 19.24659845978022 10.62683222442865 1.450153611600399 48.66946470737457 2.199151106178761 1.158874563872814 0.2375868484377861 0 0.732225626707077 0 0 0 1.072349824011326 0
60.70378501713276 534.7746545150876 1697.650700353086 26.75278664380312 7332.913306593895 36.51178325712681 908.9593548253179 386.791510887444 0 273.3865536376834 2536.613488651812 79.40904880315065 3165.758296683431 2520.672818891704 68.5956439524889 12.36112915724516 1.093196101486683 0.6541256457567215 0 2.366689369082451 7.417454272508621 1.764445453882217 0 0.1655289381742477 5.973455011844635 15.09644594788551 0 1.644823759794235 0.7770456373691559 0 156.0761770159006 41.67798483371735 60.52923046052456 0.6425213813781738 0.484622448682785 2.218887686729431 41.38714323937893 18.30593032389879 16.70075529068708 30.37048394978046 10.9209905564785 1.004757039248943 2.519625373184681 2.337510488927364 0.1852039247751236 0.3645283207297325 139.3950940668583 7.387254886329174 0 1.101411312818527 22.19946067780256 2.543224737048149 1.777463667094707 2.140869557857513 2.216851748526096 2.246828362345695 5.57620819658041 47.20557165145874 5.0262316390872 16.76913970708847 0.576304204761982 2.715203553438187 1.124769389629364 82.73426397144794 1.321507126092911 3.13742458075285 7.223559655249119 3.315052874386311 3.019824020564556 4.604732595384121 27.34650139510632 3.812535479664803 0 70.92355196923018 37.46074179559946 154.162636987865 116.5293581113219 18.59546983987093 0.6694531589746475 89.90897098183632 1.122865781188011 2.608898177742958 6.58905241638422 0.6456760466098785 2.855619795620441 6.621553644537926 6.308514043688774 1.295880362391472 5.428410746157169 0 3.005851738154888 2.337667509913445 6.827367328107357 28.18102461844683 4.266972079873085 259.8243360370398 2.082846567034721 0 1.17567341029644 28.01001980900764 1.900169640779495 12.06840607523918 15.42860229313374 1.890661031007767 5.806356117129326 103.6570376753807 11.40375715494156 40.69261388480663 25.05148160457611 66.51596480607986 1.677186250686646 235.6133035570383 116.0177018195391 94.72449989616871 15.23382271826267 0.3904547691345215 0 0 0.1405301839113235 0 0 0 0 0 0 0 0 0.5532674863934517 0 0 0.1409978866577148 0.1371253132820129 0.128384068608284 0 4.887641832232475 0.367163360118866 0.1329253762960434 0 0 24.43251836299896 0.1329536139965057 11.54148881137371 2.85192434489727 0.8148360401391983 0 0.1659934222698212 0 0 0 0.2950750142335892 0.1819018721580505 5.310226485133171 5.615073055028915 0.7740653604269028 0.5583093464374542 0 0.9234506785869598 0.2782458961009979 0 0.6506082713603973 0.2578548789024353 1.30009038746357 4.776493847370148 2.347911983728409 0 0.2795133888721466 5.673542499542236 0.3654769957065582 3.188457071781158 0.1081182584166527 0.1014530882239342 0.2145479917526245 0.1443239599466324 0.3505441099405289 0 0.8961243331432343 55.37484931945801 0.1825859844684601 0 0 0 1.23108135163784 0.1497481614351273 0.4354676902294159 5.738108843564987 5.606281206011772 6.572296857833862 0.9208619594573975 0.841263085603714 0.7183637693524361 0 0 0 0 0.143272265791893 0 0.2147435545921326 65.63668969273567 4.615001045167446 5.391520790755749 565.9955705925822 60.53038030862808 295.8444368764758 65.29676832258701 121.5472816601396 39.81052078306675 6.658608213067055 230.7958696633577 58.72209480404854 1.362055622041225 13.96233431249857 1.45376119017601 93.9725883975625 1.842052452266216 0 2.893688678741455 14.21297483146191 0.3277756124734879
754.7177101746202 592.9990933761001 24.0137365013361 3468.837629839778 317.727954685688 501.5969844162464 4624.952538602054 1.077716492116451 273.3865536376834 0 13.73277301341295 2002.998516172171 7685.804795242846 65.67318027466536 5.78129205852747 1.188196554780006 0 0 0 0 0.4105339050292969 0 0 0 0.123368114233017 0.104725182056427 0 0 0 0.1741969436407089 43.56539630889893 2.740941241383553 6.77903351187706 0 0.1729476004838943 0 9.715896993875504 0.2860884517431259 0.8615037798881531 1.679213359951973 0 0 0 0 0 0 22.20076461881399 3.364399880170822 0 0.3973458036780357 2.066067785024643 0.33047915995121 0.2353334128856659 0 1.703128278255463 1.723602175712585 52.01818214356899 125.9469435587525 4.994876109063625 8.943974569439888 0 0 0 28.38769429177046 1.364975497126579 1.738437600433826 2.667259402573109 0.6110207736492157 0.09582065790891647 0.1099492236971855 73.3766655176878 5.530721396207809 0 90.63042801618576 38.40896102041006 29.69752433896065 8.58098129183054 1.276194550096989 0 0.8769202008843422 0.2692248150706291 0.577984631061554 4.455241434276104 0.1146069392561913 1.767327286303043 3.516766384243965 2.051807731389999 1.093812264502048 1.765840642154217 0.2510915398597717 0 0 0.1240850165486336 0.1411435902118683 0.1186951100826263 404.5402691215277 15.93572124838829 1.689067244529724 2.580425962805748 758.8894360810518 1.010694861412048 6.463610529899597 9.88051925599575 4.97496497631073 2.649254322052002 90.80823327600956 6.662370890378952 23.72826175391674 164.2784769386053 48.76990611851215 0 96.6334100663662 58.23936726152897 37.60287788510323 1.973933592438698 0 0.3223392367362976 0 0 0 0 0 0 0 0 0 0 0 0 0 0 0 0 0 0.9391549229621887 0 0 0 0 10.53781855106354 1.366085976362228 4.22685669362545 0.1322684735059738 0 0 0.2317420393228531 0 0 0 0 0 0.300573855638504 0.7402934581041336 0.3002980351448059 0 0 0 0 0 0 0 0.6386239528656006 2.793256923556328 1.694756120443344 0 0 2.025248229503632 0.2394653707742691 1.55278217792511 0.3728292062878609 0 0.1091752722859383 0 0 0 0 14.49196784198284 0 0 0 0 0.7728962153196335 0 0 2.176197335124016 0.7647436261177063 1.197444021701813 0.3401539027690887 0.3978185653686523 0.167095735669136 0 0 0 0 0 0 0 30.67066404223442 0.4530879557132721 1.578339427709579 450.3935878053308 7.65435153990984 68.05572878569365 3.689891651272774 1228.600402191281 4.928330451250076 3.596733249723911 14.09243869036436 41.71026501059532 0.2879404723644257 8.020946726202965 0 64.95566362142563 0.2144713848829269 0 0.5804734528064728 10.47452303767204 0
166.9702724292874 614.7610808759928 5194.075552307069 4.927763111889362 552.8856236711144 7.020012438297272 35.90363406389952 1566.415934808552 2536.613488651812 13.73277301341295 0 50.83410196006298 1917.495982505381 3832.625175982714 157.9817942976952 44.71613997220993 2.353466786444187 3.119505897164345 0.7192167118191719 2.682515576481819 81.35678288340569 3.30794183909893 13.29176290333271 9.091239348053932 63.00209600478411 153.474472001195 5.290660172700882 12.51129145920277 1.528348073363304 0.2565575316548347 1819.230582982302 995.4409221932292 307.3535795211792 3.23162430524826 9.009784482419491 35.19454351067543 128.2480057924986 145.6027181968093 51.50843454897404 153.7369006499648 91.04330856353045 12.04490245878696 8.935347780585289 5.466804139316082 0.3707470595836639 0.9926518574357033 308.1098367124796 24.82791719585657 0.35989148914814 2.902235575020313 122.9059934616089 13.05045749992132 4.698793478310108 4.834247343242168 5.418649286031723 6.661968588829041 26.69365437328815 383.2102633565664 14.84755782037973 40.81345679610968 5.735572509467602 44.42973686009645 26.60264151543379 393.9277256429195 5.23385189473629 9.723358280956745 25.91542764753103 22.27408969402313 20.77536285668612 20.5184598043561 27.6158643886447 3.612417086958885 0.5741130411624908 257.3438054323196 195.5831984579563 421.9513435214758 382.2260083854198 78.5432450324297 78.61106812953949 4334.372258938849 9.920361690223217 292.2538911402225 19.9223069101572 0.7734031528234482 10.08293128013611 17.92678337544203 13.4539388641715 1.01961400359869 14.45736579596996 0.4070489257574081 28.98571135848761 9.919242933392525 74.99202300608158 171.1486364379525 20.00818471610546 42.24483903497458 1.536936521530151 0 1.810723304748535 30.18002372980118 0.4634072184562683 1.666775941848755 1.892656445503235 0.3674269914627075 0.176669716835022 16.98510280996561 1.067708507180214 7.567906901240349 3.372729375958443 8.750580012798309 0 33.3216577321291 15.24004276096821 17.50437144190073 3.28345613181591 0 0 0 0.4918243288993835 0 0 0 0.1848196983337402 0 1.079991310834885 1.838652014732361 0 0.4040858447551727 1.215921372175217 0.1214661821722984 3.671981826424599 0.9413163214921951 0.6350879967212677 0.5565586984157562 0.5524633824825287 0 0 0 0 7.21719628572464 0.565544068813324 4.041125863790512 2.382305823266506 0.7878139466047287 2.139680147171021 0.9972346425056458 0.3978133052587509 0 0 1.354734867811203 0.3232369720935822 0.7844381630420685 1.843528963625431 0.1382772028446198 0 0.2802975624799728 0.6143842712044716 0.8152551054954529 0 0 0.1761677041649818 0 0.3712697327136993 0 0.1252337545156479 0.1241924166679382 2.003295719623566 0 0.3012991547584534 0.1928948611021042 0.09122577309608459 0.2031363695859909 0 0.09681062400341034 0.8148432075977325 3.165471822023392 21.36920807510614 0.3141391575336456 0.1369913518428802 0.6006458252668381 2.44112453609705 0.2111706584692001 0.4962283819913864 0.6050066649913788 1.522015184164047 0.3315069675445557 0.4694574773311615 0.7366504967212677 0.3330377787351608 0.8147024214267731 0 0.1126040890812874 0.3332364559173584 0.9443074986338615 0.7468817010521889 1.953836813569069 0.2446500211954117 11.99875302612782 6.235179170966148 3.006986446678638 599.5252626091242 118.3339887112379 587.0535209476948 125.0695135742426 128.3105049729347 81.67790976911783 9.673811949789524 320.1031282246113 19.93774849176407 1.91316069662571 5.915065713226795 0.872346356511116 7.115301296114922 0 0.2678634524345398 0.5677184760570526 15.86201104521751 0.4428263008594513
89.6663748472929 43.67361571639776 21.59404365718365 523.2845877557993 55.68846043944359 406.002504080534 482.4491576999426 11.21628901362419 79.40904880315065 2002.998516172171 50.83410196006298 0 2945.528764858842 221.0824500620365 16.20063422620296 11.42918883264065 0.5620418041944504 0 0 0 1.961823835968971 15.347685739398 0 0 5.667684629559517 7.060305804014206 0.1122783869504929 5.383711785078049 8.715120494365692 0.3175544142723083 28.11301336437464 1.411571204662323 28.86895130574703 0.2121908962726593 0 0.1577622443437576 148.3295175284147 6.164345651865005 109.6619856655598 62.75866948068142 3.639659479260445 4.417216822504997 1.414473600685596 2.588599428534508 0.588916540145874 0.1680978089570999 51.7050424143672 2.387604676187038 0 0.3177089989185333 12.87129437923431 20.20156928896904 8.130595050752163 9.48715178668499 1.464295119047165 2.296100400388241 16.72990851849318 37.52555850893259 2.872701592743397 10.62059427797794 0.1039103493094444 0.2016914039850235 0.4804812073707581 35.503867007792 0.2564974427223206 1.034285180270672 3.198491767048836 1.585181005299091 3.087089583277702 1.191977605223656 227.323103711009 54.35627923905849 1.349460944533348 67.98986838012934 40.51513215154409 56.35126550495625 27.0955239161849 6.773024454712868 0 22.67493405938148 2.065496027469635 0.5948808640241623 5.243135802447796 0.4517300128936768 1.247798286378384 3.220296181738377 0.9289404004812241 1.419177606701851 2.931815899908543 0.6742386072874069 13.47411795705557 9.593484975397587 5.5038061439991 34.70232467353344 11.06878532469273 2283.816046610475 135.4666034281254 6.760912775993347 6.96466851234436 192.5419470816851 2.010280266404152 12.61931049823761 14.10566428303719 5.060493841767311 12.00887250900269 166.1015210747719 7.201027363538742 67.98107999563217 43.891352429986 83.51458948850632 3.945137187838554 341.3574054688215 169.1288778632879 198.0915684551001 33.19635759294033 1.56017242372036 1.273238837718964 0.4636853635311127 0 0 0 0 0.149901419878006 0 0 0.187042623758316 0 0.4983465522527695 0.5676624774932861 1.020031929016113 1.621619679033756 2.033969759941101 3.719075620174408 1.0776676684618 7.456682801246643 0.2633768320083618 0.5155821591615677 0.7044682949781418 0 58.40693850815296 1.901285022497177 29.25131291151047 11.40939178317785 3.280007071793079 0.195038840174675 1.164897307753563 0.1152185574173927 0 0 2.719060555100441 0 3.439879238605499 5.2873914539814 1.151944324374199 0.1455039232969284 0 3.174375340342522 0.1750367730855942 0 0.662578672170639 0 2.998727530241013 10.4654178917408 2.660665154457092 1.001239106059074 0.3590196669101715 9.294953644275665 0 2.503757156431675 1.082813426852226 0.2147970795631409 0 0 0.2257047742605209 0.6972168833017349 1.283636912703514 128.7235704213381 3.08054156601429 0 0 0.226044699549675 1.977544158697128 0.2283326089382172 1.134226068854332 10.23269029706717 12.56580305099487 10.13939084112644 2.600997924804688 2.656517907977104 1.735579401254654 0.1370830088853836 0 0 0.3172420859336853 0.4149892181158066 0.8610938042402267 0 118.2818675786257 22.94592633843422 15.23477889597416 310.6772451028228 19.79670771211386 174.3482061997056 18.59076349437237 573.2473254650831 10.96165349334478 1.251423291862011 98.51974277943373 40.34912837296724 0.5468228757381439 38.21650233864784 0.8123385310173035 88.37880921363831 4.234393209218979 0.3232706487178802 5.575745761394501 5.956549152731895 0.8050034195184708
341.5736253038049 441.9699051231146 719.9373691007495 2101.133204095066 1820.363901384175 416.6612952947617 4385.46118029952 213.1000413671136 3165.758296683431 7685.804795242846 1917.495982505381 2945.528764858842 0 4545.231066510081 179.8494288995862 73.4032264649868 2.027821719646454 1.652580961585045 0.1349377036094666 1.400247536599636 17.21194215118885 21.5343729108572 3.963070794939995 2.428940549492836 26.56281743198633 44.53741233050823 4.095957174897194 9.822888724505901 18.81122606247663 1.116822093725204 199.0461406111717 55.91139026731253 818.5656996145844 1.227735236287117 0.6256968080997467 2.974392622709274 1417.873665288091 75.84458217769861 457.1623005121946 628.809818610549 29.35907352715731 16.31056250631809 3.915902011096478 7.305675871670246 0 1.282175920903683 391.4612509533763 22.16732812672853 0.4951310679316521 3.286846421658993 71.89514498412609 27.69991262257099 151.9273664206266 7.052407398819923 7.451848737895489 6.007563464343548 31.02338588237762 154.590148806572 18.13489436358213 42.54995936155319 4.407886698842049 20.01530996710062 2.190229959785938 196.1856124326587 4.704085238277912 8.892567969858646 18.73391387611628 11.02697663009167 9.998075477778912 3.246721483767033 476.3751426935196 75.7734530121088 1.734406843781471 206.88642385602 101.0974536240101 423.1435189694166 320.5835797786713 77.45846698433161 2.336403198540211 344.6203556135297 7.031162023544312 7.116039372980595 21.90547057986259 0.2449780330061913 10.52417198568583 13.87531945109367 10.14720498025417 1.823517441749573 12.76253479719162 1.096367537975311 35.40345402806997 8.259950160980225 36.56964019685984 127.5002442449331 23.11688432097435 3754.419627130032 89.77555463463068 12.39410983026028 10.14417593181133 235.5295956656337 2.456795185804367 26.48740158975124 31.37912169098854 11.24076220393181 19.94406233727932 332.264461427927 37.65975117683411 155.1395471841097 179.6906518936157 181.6083523929119 3.885109171271324 657.5487352460623 401.7201967686415 352.0244977474213 54.24635446071625 2.974219046533108 3.681905247271061 0.2948490381240845 1.694325193762779 0 0 0.4395643770694733 0.30861896276474 1.227112352848053 0.5187713503837585 1.28704272210598 0.3583439290523529 1.247200451791286 0.8902082890272141 3.428058288991451 1.439548596739769 4.01297851651907 3.405603274703026 1.558542668819427 14.87665849924088 1.520928710699081 0.1771882623434067 0.9736166149377823 0.1386151164770126 108.1260396540165 9.74489688873291 61.08613587170839 28.30159717798233 4.740372441709042 1.670532494783401 2.879729449748993 0.3127894997596741 0.14281165599823 0.1883365362882614 4.490985780954361 0 10.75289872288704 7.75542514026165 4.199734106659889 1.446369081735611 0 3.675532594323158 1.490683555603027 0.9770181477069855 1.193684190511703 0.5550588071346283 6.796058431267738 9.54260927438736 2.737029626965523 3.111051678657532 3.650645554065704 20.84364686906338 1.157540805637836 1.78947688639164 1.90963950753212 0.500121034681797 0.9247339516878128 0.1057122871279716 0 0.1838215887546539 3.674253441393375 272.0026343613863 5.513442575931549 0 0.239881843328476 0.9801382422447205 3.177392601966858 0.4082436412572861 2.766972616314888 21.44305277615786 17.47284696996212 10.72497451305389 6.123923555016518 2.240780346095562 2.031109005212784 0.5871178209781647 0 0 0.9916951656341553 0.4258753657341003 0.8577276840806007 0.4846312701702118 283.0800382345915 54.94992782175541 43.614089012146 1365.035065487027 195.028134316206 836.3832014352083 194.9982689097524 866.8727148100734 108.461488828063 14.06245166063309 656.3953823447227 137.1085904538631 2.887984126806259 48.63194012641907 4.918095715343952 234.8352337032557 4.594845809042454 1.673336490988731 10.00005482137203 37.87929762899876 2.424070492386818
