0 3440.388609863818 1309.971204340458 1739.791607864201 97.24779633432627 71.2854360640049 423.1865274012089 93.38644780963659 54.02234867215157 936.0281941741705 198.669122941792 5.25135438144207 66.65311051905155 131.0097893923521 0.7480541914701462 0.2217932343482971 0.2539576813578606 0.1120949387550354 0 0.09087163209915161 0 0 0 0 0 0 0 0 0.1992907822132111 0 856.5030793249607 3.907979413866997 0.5670553296804428 0.0834728330373764 0 0 0.4531623274087906 0 0 0 0 0 0 0.1882397010922432 0 0.1162561923265457 16.0246431902051 0.5665564984083176 0.08894222229719162 0 0 0 0 0 0.1026486605405807 0.3294505923986435 77.4939478635788 810.2999054268003 10.92975626140833 11.5382266715169 0.2892706096172333 0 0 10.39850427955389 1.420245833694935 0.1638713255524635 0.07833918929100037 0.08412465453147888 0.09543066471815109 0 2.945471994578838 4.234353765845299 0 75.8410484418273 57.06372160464525 12.26731942594051 4.70917522162199 0.2999158650636673 0.709035150706768 10.95770969241858 0.406870611011982 0.587134025990963 4.335991732776165 0.09113966673612595 0.2197563126683235 0.7208841815590858 0.5690473169088364 0 0 0.3920718133449554 0 0 0.1281446218490601 0.08091693371534348 0 13.02393272519112 9.271512627601624 0 0 798.8597983196378 0 0 0 0 0 0.8566820174455643 0 0.8772527277469635 7.698099389672279 0.1581702828407288 0 0.9538476020097733 2.152339458465576 0.6060934215784073 0 0 0 0 0 0 0 0 0 0 0 0 0 0 0 0 0 0 0 0 0 0 0 0 0 0 0.3176341652870178 0 0 0 0 0 0 0 0 0 0 0.5376014709472656 0.7599619626998901 0 0 0 0.290779709815979 0 0 0 0 0 0 0 0 0 0.3643591850996017 0 0 0 0 0 0 0 0 0 0.7037721872329712 0 0 0 0 0 0 0 0 0.4432000517845154 0 0 0 0 0.07164627313613892 0 0 0 0 0 0 0.5261592268943787 0 0.4253369271755219 14.7074925750494 4.350364670157433 35.33728656172752 4.707913488149643 405.5998726189137 37.37495594471693 0.6416154131293297 8.196691669523716 0.2565346211194992 0 0 0 0 0 0 0 0.7695495560765266 0
3440.388609863818 0 1830.846293337643 2244.460286609828 1833.574924014509 230.903570830822 1289.359276719391 428.0855900272727 777.2115632072091 416.4661331772804 920.4693005755544 10.12548517435789 272.1411415636539 524.6550982519984 8.624487943947315 1.657698877155781 0.4949799329042435 0 0.1056942194700241 0.4809746146202087 0.4593784436583519 0 0.08798793703317642 0.08945731818675995 0.220916360616684 0.09160692244768143 0.2203314676880836 0 0 0 2836.467908531427 50.20248887687922 0.7572763115167618 0.2454210296273232 0.09440489858388901 0.2769471108913422 2.298092149198055 0.08992785215377808 0.1760179772973061 0.1897427588701248 0.1501269638538361 0 0.1695123016834259 0.8003032803535461 0 1.030012987554073 149.5024827048182 4.579246379435062 0.519748866558075 0.2202575281262398 0.5813164785504341 0 0 0 2.61690790951252 2.134940937161446 25.24804952740669 665.4783680140972 22.28552168607712 47.70681468397379 1.142212323844433 0.4437263011932373 0.4722395017743111 108.6207325160503 4.92089381814003 1.351686850190163 1.241322945803404 1.447755128145218 0.4957960695028305 0.09202516824007034 3.611061848700047 10.80954536050558 0 170.0553880780935 190.42862893641 95.07380337268114 72.55897708237171 1.590421222150326 12.83670271188021 16.79124707728624 1.652804836630821 2.615736983716488 17.092847622931 0.5808525159955025 2.146699860692024 3.07160048186779 2.20731995254755 0.14413882791996 0.9780830517411232 0.0871528685092926 0.2886313572525978 0.7133160680532455 0.08995383232831955 0.1175270676612854 0 46.25815493613482 1.915798991918564 1.294070795178413 0.09564328193664551 1109.840520717204 0 0 1.100323870778084 0 0.3668893575668335 5.556042119860649 0.1533966213464737 8.878801427781582 6.007956311106682 1.410147666931152 2.257597044110298 8.555960394442081 6.897545255720615 2.37888565659523 4.0186737626791 0 0 0 0 0 0 0 0 0 0 0 0 0.3485177457332611 0 0 0 0 0 0 0.6284619718790054 0.2244072556495667 0 0 0 0 0.7268953919410706 0.3148942440748215 0 0 0 0 0 0.3979777246713638 0 0.1248990967869759 0 1.271687656641006 0.432404562830925 0 0 0 0 0 0 0 0 0.1158149018883705 0.6361434757709503 0 0 0 3.303839452564716 0.5554266721010208 1.088250987231731 0 0.173928938806057 0.08797157555818558 0.09879495203495026 0.09114932268857956 0.1616921275854111 0 4.646628759801388 0.3393827378749847 0 0 0.3704386875033379 2.507579401135445 1.449738502502441 2.622575998306274 0 1.175895750522614 1.309278249740601 1.303704962134361 0.7548309564590454 0.7768376618623734 0 0 0 0.1938181072473526 0 0 0 6.271248072385788 1.235813677310944 0.1527958512306213 146.7915111929178 28.30205149203539 278.3534414470196 28.68082963675261 592.0288041606545 100.7728570103645 3.916404962539673 70.07083181291819 7.2002964168787 1.426959656178951 4.526959121227264 0 7.585682511329651 1.163498103618622 0 2.85055910050869 5.409765437245369 1.052237957715988
1309.971204340458 1830.846293337643 0 464.3256507366896 596.910695053637 81.70519617944956 223.9967987909913 2364.97877664119 763.2701258957386 67.50642788410187 2714.054740823805 31.4328520745039 348.3581565022469 1343.903602704406 12.17062037438154 7.090907707810402 4.062118150293827 0.1141020283102989 0.2254543825984001 1.790735304355621 5.230597317218781 0.1098876893520355 17.02231286466122 8.503889918327332 19.48305694013834 1.673925876617432 10.43088780343533 0.6092256531119347 0.5313471555709839 1.486289665102959 3318.206113278866 865.1199142336845 74.69015073776245 13.28514602035284 15.45703689008951 40.63334076851606 19.91344500333071 5.080821916460991 7.972464852035046 3.642471812665462 5.136607013642788 0.9454686790704727 0.8234040960669518 2.048044070601463 4.176177218556404 8.227725714445114 107.9989389702678 2.957174703478813 0.5981376618146896 1.045653998851776 0.4930601418018341 0 0 0.5074517130851746 1.432527177035809 1.400796227157116 16.24672225117683 650.9420320764184 10.93593174219131 32.94671564549208 6.91185712069273 17.75352792441845 35.29105080664158 377.7747793346643 4.509813036769629 0.9273591265082359 0.5856757760047913 1.025514930486679 0.8895851001143456 2.112971387803555 16.87498150020838 28.65947794914246 0.278416134417057 127.9582631066442 193.8419309556484 71.80286959558725 128.1595708653331 89.99210009723902 1073.412926398218 1150.220240011811 13.75655161589384 84.14938899129629 11.06951798498631 0.2584109082818031 1.393184825778008 0.9281709715723991 1.156562492251396 0 0.6519237980246544 0 0.0864008441567421 0.3737844824790955 0.7772514075040817 0.1605830192565918 0.2726344466209412 43.69027129560709 5.654505304992199 0.6122010052204132 0.7501219734549522 478.4190168231726 0 0 0.6419287323951721 0 0.3818234205245972 1.261212483048439 0 4.661350101232529 1.306374534964561 0.3573482632637024 2.740983664989471 4.626430362462997 6.311045967042446 3.249419815838337 2.618644662201405 0.628903903067112 0 0 0.7460770383477211 0 0 0 0 0 0 0 0 1.5797408670187 0.6218677461147308 0.6557443141937256 0 1.544102661311626 0 0.4032052159309387 0.7427637279033661 0.1631755381822586 0 0 0 0 3.427852064371109 2.303988583385944 1.276014298200607 0.2468551248311996 0.1239489689469337 0 0.1050619781017303 0 0.1463325917720795 0.2047627419233322 0 0.8752352297306061 5.674256727099419 0 0 0 0.7690997570753098 0.4600336477160454 0 0 0.137332946062088 0 0 0 0 1.420876637101173 2.620736449956894 0.6441662907600403 0 0 0.1050299108028412 0 0.09681043773889542 0.1708327084779739 0 0 3.767502829432487 1.747656270861626 0 0 0.09709636121988297 2.884594768285751 1.802011974155903 1.163312621414661 0.2241951078176498 1.664809107780457 0.5318743586540222 0 0.8227365612983704 0 0 0.05935414507985115 0 0 0 0 0 6.813176870346069 2.560226008296013 1.983973674476147 106.704326570034 21.42186476290226 192.5962118506432 23.82207195460796 202.6363499686122 61.13336460292339 2.191452041268349 42.71162884682417 7.13092290610075 1.331365413963795 3.694514043629169 1.560339644551277 5.249198794364929 0.2293133735656738 0 2.680567234754562 2.27451578527689 0.2091177776455879
1739.791607864201 2244.460286609828 464.3256507366896 0 152.2985836192966 488.8451034724712 638.7163586467505 14.78188683092594 124.7252576798201 1111.445606708527 70.77168327569962 423.6739950701594 870.7769557908177 119.1708647087216 1.194616265594959 0 0.3505566120147705 0 0 0.1514496505260468 0 0 0.07837671786546707 0.09239098429679871 0 0 0.08514495193958282 0 0.1426981091499329 0 145.6253669634461 4.13886583596468 1.135108947753906 0.07372818887233734 0 0 1.464685425162315 0 0.2683823704719543 0 0.2079556584358215 0 0 0.1249606162309647 0 0 46.99335171282291 1.432307057082653 0.1303032338619232 0 0.1012030988931656 0.1206435263156891 0 0 0.6652803421020508 0.7443432882428169 12.58023869246244 271.2095056399703 10.40229803323746 19.38407669216394 0.191427618265152 0 0.1903394535183907 21.30712597817183 1.486170135438442 0.445429190993309 0.6687947139143944 1.041038654744625 0 0 65.54270543903112 1.658076785504818 0 83.90995424240828 63.89345694333315 36.30206646770239 10.41137488931417 0.3634827584028244 0.5444383472204208 7.305821426212788 0.2024453207850456 0.3131022527813911 8.310514576733112 0.2468794658780098 0.6776640862226486 0.9477073699235916 0.3023373931646347 0.4681359305977821 0.1476436331868172 0.1997395306825638 0.09103871881961823 0 0 0.09182611852884293 0 96.56780318170786 10.75562539696693 1.023648977279663 0.2232790067791939 505.9086498841643 0 0 0 0 0.1441362202167511 0.3372465223073959 0 2.379361495375633 4.24036405980587 0.178582489490509 0 2.283353164792061 1.121892273426056 0.1530721783638 0.295570969581604 0 0 0 0 0 0 0 0 0 0 0 0 0 0 0 0 0 0 0 0.3869005143642426 0 0 0 0 0 0 0 0.1959646195173264 0 0 0 0 0 0 0.1249053999781609 0 0.6307651400566101 0 0.2374853044748306 0 0 0 0 0 0 0 0 0 0 0.5779780149459839 0.6995067596435547 0.2808974385261536 0 0 0 0 0.09901206195354462 0 0 0 0 0.5604234933853149 0 0 0.121000811457634 0 0 0.7820750027894974 0 0.5342649817466736 0.6090754866600037 0 0 0 0 0.1032105907797813 0.1044181361794472 0 0 0 0 0 0.5740346312522888 0 0 45.30949583649635 9.766596883535385 91.05217233300209 7.250865012407303 640.778161123395 43.88283947110176 1.946458972990513 22.54163929820061 2.210437908768654 0.1696783602237701 0.3474011123180389 0 0.6856502294540405 0 0 0.281311571598053 0.3727840036153793 0
97.24779633432627 1833.574924014509 596.910695053637 152.2985836192966 0 21.73665297031403 3437.459046132863 628.4149831533432 2708.858854800463 910.9275479316711 1251.546886377037 43.59174070507288 1587.103180214763 123.9280604571104 23.328817486763 2.965788647532463 0.3669607639312744 0.5002892762422562 0 0.365219347178936 0.387660413980484 0.2422763258218765 0.2915299832820892 0.3786852061748505 0 0.5983853191137314 0.08076788485050201 0.4312293827533722 0 0.1882200986146927 288.3674802035093 50.57949147373438 1.16432798653841 0.3397735729813576 0.09038019180297852 0.1151567101478577 1.353182718157768 0.09590550512075424 0.4599915891885757 0.1228280067443848 0.260753333568573 0.1334964781999588 0.0947345495223999 1.382867887616158 0.2788822576403618 0.6106976047158241 225.3947149068117 3.396659776568413 0.9519642069935799 0.3027170076966286 0.3848961219191551 0.3715620040893555 0 0.7612138912081718 2.411836706101894 2.372722804546356 10.35430007427931 135.6026032716036 15.22048964351416 39.16474736481905 1.532602518796921 0.5611447393894196 0.08866497129201889 99.19934152066708 5.277151428163052 1.424015544354916 1.085356146097183 1.024453327059746 0.516078881919384 0.08185067027807236 7.871903896331787 19.03216864168644 0.1766978055238724 82.32634119689465 115.3511757105589 115.6928271353245 119.0142428055406 3.134238578379154 2.276302583515644 4.406156837940216 2.339580804109573 2.093615531921387 14.08987513929605 0.4585994780063629 2.779095098376274 3.185599256306887 2.216448582708836 0 0.8656816035509109 0.07600701600313187 0.09730793535709381 0.6646366864442825 0.3829161003232002 0.09094931185245514 0.4969037026166916 168.8828342184424 0.7124118804931641 0 0.1824113056063652 26.94061902165413 0.8629686385393143 4.061101377010345 4.056693449616432 0.1864874064922333 3.234360024333 24.15591128915548 0.2580380737781525 33.56550747156143 20.32170834392309 6.735333733260632 6.977908059954643 49.97589070349932 39.82044968008995 14.48113606125116 12.12011211365461 1.199176646769047 0.4177568629384041 0 0.8138872385025024 0.1138616949319839 0 0 0 0.1433254778385162 0 0 0 0.1584537178277969 0.3180939853191376 0 0 0.1114355623722076 0 0 3.742562279105186 1.559136867523193 0 0.2954308986663818 0 0.600002646446228 1.903918966650963 2.793430730700493 0.3242404907941818 0.1467763185501099 0 0 0 0 0 0.2415851652622223 0 2.915159910917282 6.123179003596306 0.1659106463193893 0.1975029408931732 0.1305892467498779 0 0.1681602299213409 0.2337315678596497 0 0.0654430016875267 0.6561073660850525 0.9828439056873322 0.169988676905632 0 0.6804059147834778 11.08709498494864 0.562407374382019 0.3262667804956436 0.1038879826664925 0.1460334062576294 0.1110341399908066 0.1145442351698875 0.2608519792556763 0 0 32.05570424348116 1.419557347893715 0 0.1488901227712631 0.07891879975795746 8.321861244738102 4.15968331694603 4.089080356061459 2.187932260334492 1.816190332174301 8.359932407736778 1.125344842672348 2.549979150295258 0.6164565235376358 0 0 0 0.1702079549431801 0.1120604649186134 0 0 28.92662847787142 13.57996481657028 4.05025914311409 334.1483181864023 40.51496114954352 404.5700141973794 51.36147376149893 304.0023461803794 107.2619044333696 5.481373324990273 119.7694285288453 18.31432454288006 2.852463647723198 14.69089657068253 1.191323891282082 33.49038849771023 1.464659005403519 0.3057426735758781 4.37635201215744 7.047018490731716 1.575438350439072
71.2854360640049 230.903570830822 81.70519617944956 488.8451034724712 21.73665297031403 0 110.4547998011112 3.630515322089195 25.76663535088301 1171.893231421709 9.789728760719299 158.211028829217 115.5904240012169 53.53962387889624 0.2369762808084488 0.5814409554004669 0.1296258568763733 0 0 0 0 9.071504697203636 0 0 0 0 0 0 0 0 52.57312360405922 0.1109349280595779 10.19657647609711 0 0 0 11.69548308104277 0 4.915314137935638 0.1969103813171387 0 0 0 0 0 0 0.5938449501991272 0 0 0 0 17.66093063354492 6.449250042438507 0 0 0 128.253265529871 50.41447597742081 0.6459982991218567 0.4105421528220177 0 2.298527747392654 0 0.1222331076860428 0 0.1648494452238083 0 0.1814553886651993 0.2814588844776154 0 67.49237567186356 228.4787949174643 16.0850727558136 2.607264816761017 1.214714184403419 0.1272956728935242 0.4541241228580475 0 0 16.74834595620632 0.2345413565635681 5.094408467411995 0 0 0 0.5762689113616943 0.1379363238811493 11.86056067049503 1.73980276286602 22.51164768636227 0 0 0.4179211258888245 0 0 233.9708765894175 157.0623025149107 47.54757240414619 10.51526197046041 673.5851716697216 0 0 0 0 0 0 0 0 1.895677655935287 0 0.2580891847610474 0 0 0 0 0 0 0 0 0 0 0 0 0 0 0 0 0 0 0 0 0.2497710585594177 0 0 0 0 0 0 0 0 0 0 0.1665290296077728 0 0 0 0 0 0 0 0 0 0 0 0 0 0 0 0 0 0 0 0 0 0 0 0 0 0 0 0 0 0 0 0 0 0 0 0 0 0 0 0 0 0 0.2091286480426788 0 0 0 0 0 0 0 0 0 0 0 0.7607080936431885 0 0 0.3368340879678726 0.4857866615056992 1.511650756001472 0.4521302878856659 433.9396553337574 0.6336723640561104 0 0.110200047492981 0 0 0 0 0 0 0 0 0 0
423.1865274012089 1289.359276719391 223.9967987909913 638.7163586467505 3437.459046132863 110.4547998011112 0 66.42769875377417 1739.644822873175 2296.644739434123 401.9159285128117 150.8839887082577 520.3110751658678 136.2494630590081 16.10950566083193 1.721932202577591 0.4835189431905746 0.2199579328298569 0 0.07845615595579147 0.9782852828502655 0 0.1738078817725182 0 0.1505502983927727 0.4052378237247467 0.4080649614334106 0.3117357939481735 0.1036590486764908 0 376.0920830816031 35.84779196977615 5.422557406127453 0.3526736199855804 0.1106817647814751 0.2840809151530266 0.8783013373613358 0 0.4336233958601952 0.2104910165071487 0.9300611093640327 0.08683010190725327 0.1222721636295319 0.6089886724948883 0.2254284918308258 0.1644708141684532 250.8694454580545 3.303330041468143 0.6661828830838203 0.585283637046814 1.061416670680046 0.4332631528377533 0.1331861466169357 0.08729429543018341 1.781928017735481 2.018633827567101 16.4209303483367 328.5059336349368 22.992382183671 64.99299006164074 1.099351480603218 0.2119797915220261 0.5549237132072449 100.2791796401143 5.987011298537254 1.885355241596699 1.565341524779797 1.939242415130138 1.112589754164219 0.1267464160919189 50.9114328250289 15.88515000790358 0 158.4237107783556 177.9142590537667 142.7116172984242 97.60949770361185 3.72336907684803 3.467274829745293 5.306938536465168 2.384835831820965 3.43360810726881 22.65387307107449 1.195810705423355 3.293733172118664 3.811511434614658 2.419454827904701 0.232969731092453 1.24926383793354 0.2909486442804337 0.6015727147459984 0.6818298846483231 0 0.4526022747159004 0.7063573226332664 184.55131547153 0.4996230527758598 0.3171589076519012 0.2169390022754669 129.2065819278359 0.2225138545036316 0.6362622976303101 3.263976246118546 0 2.976388797163963 17.13834290206432 0.9562952220439911 29.06870900839567 15.83708894997835 8.327247604727745 8.338665828108788 48.08999454975128 34.30493999272585 14.10983144491911 10.24300688505173 0.1880949735641479 0.179028645157814 0 0.2380440980195999 0 0 0 0 0.285374790430069 0 0 0 0 0 0 0 0 0 0 1.402732327580452 0.9652853459119797 0 0 0 0.3839570134878159 1.258652955293655 1.854709692299366 1.003252968192101 0.5606406182050705 0 0 0 0 0.1634540408849716 0.3865882754325867 0 5.221160933375359 6.954876139760017 0.09992291778326035 0.1798633933067322 0 0.3295204341411591 0.1391762346029282 0 0 0 0.402075782418251 1.1052001491189 0 0 0 6.739375323057175 0.4407688975334167 0.1823889911174774 0.4018601924180984 0 0.08675974607467651 0.3253048658370972 0.5178115516901016 0 0 24.30278209596872 1.275032132863998 0 0.1907991021871567 0 6.754387423396111 3.17781650274992 4.546190574765205 1.63439553976059 0.6106610894203186 3.909114144742489 0.9406377971172333 0.6661817878484726 0.09322847425937653 0.08960621803998947 0 0 0.3835494294762611 0 0 0 25.95671042054892 10.39419385790825 2.176231406629086 281.8039873316884 44.06427254155278 423.0439944118261 45.09635864943266 487.5828269794583 131.4750643745065 5.324137449264526 131.8971574082971 20.59308005124331 1.217490591108799 14.04751729220152 0.8632992058992386 27.57867527008057 1.762208499014378 0 6.614675492048264 3.406230427324772 1.898591637611389
93.38644780963659 428.0855900272727 2364.97877664119 14.78188683092594 628.4149831533432 3.630515322089195 66.42769875377417 0 1022.16321799159 28.13342566788197 1687.815319694579 34.50841931253672 454.2520143687725 1832.624027423561 34.68643217533827 18.5026521384716 8.28024273365736 0.8128915280103683 0.5099145546555519 2.563462324440479 14.4462109580636 0.1766873449087143 28.70761039108038 13.92925678193569 42.08764310926199 3.929901339113712 25.1274728178978 1.399414651095867 1.246213011443615 2.970221355557442 780.0351813733578 2497.1514351964 144.4963671639562 30.92566744238138 26.5955063700676 100.0109729543328 39.85816930234432 27.34173028171062 20.66674041002989 10.76038409769535 10.33585721999407 1.769982360303402 1.151793614029884 7.971305944025517 6.550055772066116 20.84682143479586 168.8031597808003 1.975252851843834 1.029046081006527 0.9951438754796982 0.6863802820444107 0.2416238412261009 0.8988767266273499 1.500905185937881 0.786687821149826 0.887253075838089 3.833418816328049 116.0098782032728 4.794078521430492 19.58319264650345 45.90081638842821 80.16163824498653 84.71382596343756 563.7799074053764 3.506925962865353 0.8658429384231567 0.5512578263878822 2.271401561796665 1.06996077299118 5.737998329102993 21.66614093631506 15.65407098829746 0.3302483484148979 48.99251526594162 107.9900163635612 97.94977141916752 725.6900593787432 1060.727604009211 597.0526342093945 1203.449688762426 193.1113068461418 429.9597984999418 6.738788343966007 0.3838313743472099 0.3804266601800919 1.01386384293437 0.9382470846176147 0 0.4290778338909149 0 0.1012324541807175 0.2372521832585335 1.240410849452019 0.4117209240794182 0.8406747877597809 15.97599399834871 1.49527969956398 0.4127182364463806 1.105035312473774 25.88504465669394 0 0 0.5596853941679001 0 0.4986429810523987 2.536466240882874 0 1.002986900508404 0.7882312834262848 0 0.3689886331558228 4.022301569581032 1.621419191360474 0.8428640216588974 1.351309075951576 0.9678867980837822 0 0.573914036154747 1.144911043345928 0 0 0 0.1708083599805832 0 0.2851897180080414 0.1118903383612633 0 0.9841635152697563 0.8012002781033516 0.8083380162715912 0.1115468516945839 0.9694002568721771 0.570701539516449 0.3954159915447235 0.5500313565135002 0.2200958132743835 0 0 0.4394334331154823 0.1868922114372253 0.7507710382342339 2.23530088365078 1.250647678971291 1.101720653474331 0.544303759932518 0 0 0.1262550503015518 0.5578587576746941 0.812030091881752 0 1.881747484207153 1.837930597364902 0 0.1399989873170853 0 1.859156370162964 0.6033401265740395 0 0 0 0 0.3765919804573059 0 0 0.5625523030757904 1.52453774958849 0.2404689192771912 0.4899794459342957 0 0 0 0.2175257727503777 0 0 0.4846003502607346 2.081695392727852 1.209598571062088 0 0.1680951565504074 0.3979188948869705 0.900127537548542 1.861195914447308 1.018472976982594 0.4707546830177307 0.1947910338640213 1.101066768169403 0 0 0.09677697718143463 0 0.09640075266361237 0 0.2902888655662537 0.09847371280193329 0 0 1.510331109166145 2.607297830283642 3.575713738799095 204.0644335001707 35.61309583485126 251.2343095839024 41.40996531397104 74.73740267008543 46.31076060980558 3.535060927271843 89.8142496868968 8.78083298355341 1.009874276816845 3.70870565623045 0.949764110147953 0.3801733553409576 0 0 2.554482333362103 5.373889528214931 1.413776703178883
54.02234867215157 777.2115632072091 763.2701258957386 124.7252576798201 2708.858854800463 25.76663535088301 1739.644822873175 1022.16321799159 0 1114.527567446232 2983.855875864625 601.045798972249 3624.702807486057 1207.090253435075 65.33232321590185 28.44405470788479 1.104690857231617 0.2210380658507347 0 0.2067108377814293 0.9349604174494743 0 0.1189471632242203 0.2714039385318756 1.419519014656544 0.7927065640687943 0.7137790471315384 0.4741227477788925 0.6748034656047821 0.1784950941801071 188.7204468101263 75.6897456496954 453.15432099998 0.412743054330349 0.6213456764817238 3.347281590104103 42.71132101118565 0 7.316903620958328 0.8538952320814133 1.061190746724606 0 0.0889970064163208 2.233352668583393 0.2466591224074364 0.7922157198190689 219.8992673307657 2.845592997968197 0.7911221757531166 0.1358672380447388 0.7999765649437904 0.3356534168124199 0.1356347799301147 0.782178208231926 1.968543738126755 1.146234460175037 4.113906249403954 63.73685697466135 5.284953273832798 25.48077264428139 1.748445510864258 20.24768514186144 0.949340783059597 99.95607253164053 2.727906860411167 0.8462491929531097 0.6968211904168129 1.479435637593269 0.2287655845284462 0 746.6837142854929 43.69099829345942 0.1201143115758896 46.34254602342844 70.06346999108791 102.7971599176526 176.4989900141954 21.13465386629105 53.63446739315987 283.1549590602517 3.493313640356064 8.734766915440559 8.471158273518085 0.2699025049805641 1.322052873671055 1.78275890648365 1.854916781187057 0.1020198315382004 0.4454913437366486 0.1883300393819809 0.269047275185585 0.937372662127018 0.3191244006156921 0.07961422204971313 1.180838637053967 431.3853895366192 9.621904887259007 0 1.801576785743237 13.37487801164389 0 0.6139017045497894 6.1857630610466 0 5.180755689740181 35.40104231983423 1.616200298070908 42.03217834234238 25.52912854403257 9.360881343483925 8.214320316910744 52.46522437036037 50.94641955196857 17.57105810940266 14.76627916842699 1.593190111219883 0.1431252956390381 0 0.4384042620658875 0 0 0 0 0 0 0 0 0.5305121243000031 0 0.1313164085149765 0 0 0 0 1.994330376386642 1.246753662824631 0.1423461437225342 0 0 0.7596401423215866 1.386916510760784 3.958642110228539 0.8926112204790115 0.2177195399999619 0 0 0 0 0.1155119240283966 0.2031619548797607 0 5.296740554273129 13.0537044107914 0 0.1005640625953674 0 0 0 0 0 0.5969923511147499 1.068370535969734 0.6779610961675644 0 0.4466460198163986 0.5543663501739502 10.82743711769581 1.425556316971779 0.7394767552614212 0 0.2652111500501633 0.06721208244562149 0.09861678630113602 0 0 0 35.67284882068634 1.678547814488411 0 0.1360283941030502 0 10.25705364346504 3.411603949964046 5.782373324036598 1.249365098774433 4.735158428549767 10.80685238540173 1.445968687534332 1.237069547176361 0.7975901141762733 0.2319121956825256 0 0 0.4697577506303787 0.08546663075685501 0 0 37.61434510350227 16.47431623190641 3.710034988820553 415.7737816795707 47.79552906751633 365.9481634646654 69.55864565819502 188.4304344058037 82.4865834414959 3.221351869404316 166.3070446252823 23.60072308033705 2.399183750152588 20.97057097405195 3.845733508467674 45.40597458183765 2.451664730906487 0.4151036813855171 6.10939372330904 11.47325243800879 0.2308700978755951
936.0281941741705 416.4661331772804 67.50642788410187 1111.445606708527 910.9275479316711 1171.893231421709 2296.644739434123 28.13342566788197 1114.527567446232 0 92.46114982664585 1876.656280353665 5969.674487359822 1233.601438269019 14.88397507369518 4.169643171131611 0.8591450527310371 0.1951254680752754 0 0.1215478330850601 0.8558287620544434 0.3417415469884872 0.07759997248649597 0 0.09899251908063889 0.4793482720851898 0 0.114319920539856 0.1086336746811867 0.09746371954679489 215.5914133712649 11.30976658314466 13.69518758356571 0.07973254472017288 0.1177836060523987 0.2094207033514977 22.58472490310669 0.1062619760632515 0.7558331936597824 0.1392415314912796 0 0 0.1805388927459717 0.09766516089439392 0 0.2748308181762695 168.64719645679 5.385212689638138 0.8894516825675964 0.1130243986845016 0.1819138675928116 1.001426726579666 0.632426455616951 0.2658840864896774 1.760229259729385 2.673662319779396 55.31950911134481 729.200965590775 32.66084402799606 61.36819061636925 0.4533366039395332 9.340227730572224 0.1458150893449783 51.01625479757786 5.306388340890408 1.771640695631504 1.370179951190948 1.325815506279469 0.580671101808548 0.3764260783791542 513.7260907664895 45.17864410579205 0.9119394570589066 225.8492376059294 163.5166213437915 97.47918029129505 57.51005938649178 3.559072896838188 1.857889719307423 321.0178591758013 1.431461848318577 8.642170123755932 19.71681043505669 0.7027567327022552 2.201175548136234 2.849391177296638 2.48506036400795 0.2796160131692886 0.7938642799854279 1.25385794788599 0.3155501484870911 0.5730703771114349 0.09608544409275055 0.2382770776748657 0 1397.431708917022 36.49494831264019 2.66281421482563 0.5056814402341843 767.6180436313152 0.1423939317464828 9.804365783929825 10.93807011842728 0 8.100289508700371 46.05100759863853 1.700081586837769 78.26486396789551 75.48185648024082 28.96860204637051 10.55442879348993 110.26901653409 95.55092649906874 28.26509167253971 14.61777086555958 0.1609401404857635 0 0 0.3688113689422607 0 0 0 0 0 0 0 0 0.7543128952383995 0 0 0 0 0 0 1.831842310726643 1.045685887336731 0 0 0 0.6822824031114578 2.589543759822845 0.8921259343624115 0.1544438153505325 0 0 0.1698592454195023 0 0.3914566934108734 0 1.131857022643089 0 6.904821686446667 8.737019553780556 0.7351131215691566 0 0 0 0 0 0 0.1133655533194542 1.152343839406967 1.055005013942719 0 0.3119353353977203 0.2797687351703644 11.02716185897589 0.473043367266655 0.3943254202604294 0.09627749770879745 0.4815929904580116 0 0.2071523293852806 0.3761504366993904 0 0.2399992644786835 39.2039198577404 0.7330033779144287 0 0 0.0949418768286705 9.618060879409313 4.797849826514721 5.087236501276493 0.4661775231361389 5.940109178423882 8.553407102823257 4.339260339736938 1.520840749144554 0.8373843729496002 0 0 0 0.08059649169445038 0 0 0 74.39256685227156 16.15367718040943 3.176962576806545 264.1523520350456 29.92436020821333 326.9543644338846 33.54611993581057 1930.942645311356 147.8910845816135 4.184881173074245 101.7816710919142 18.20109771192074 1.370290517807007 16.28286657482386 2.214276902377605 92.8007276058197 2.700647845864296 0 4.868519216775894 2.945512212812901 2.514550745487213
198.669122941792 920.4693005755544 2714.054740823805 70.77168327569962 1251.546886377037 9.789728760719299 401.9159285128117 1687.815319694579 2983.855875864625 92.46114982664585 0 138.1305315196514 1218.625609412789 3165.582744479179 165.5115330442786 77.86632695794106 5.322360448539257 0.6623141318559647 0 1.556900404393673 5.848852023482323 0.7049617320299149 5.993811652064323 3.13135851174593 17.10835085064173 2.659114271402359 8.967364870011806 1.156395800411701 1.32093270868063 1.278994023799896 741.6140133813024 724.307355850935 570.7366988286376 5.541917316615582 4.648291513323784 38.019018471241 171.4913940429688 9.385909199714661 35.88151244819164 4.479212693870068 4.461159154772758 0.6685051321983337 0.5509499981999397 5.210902951657772 2.394666410982609 3.829310640692711 457.9065179303288 5.455874726176262 0.9720369726419449 1.118213519454002 1.357923150062561 0.4683483839035034 0.8652826249599457 0.2087539955973625 2.116900764405727 2.502232097089291 8.053257159888744 138.5594255924225 11.86966992169619 51.17850708961487 3.714036583900452 82.66469648480415 16.99287065118551 358.5212147384882 4.6781100705266 2.349687859416008 1.717358872294426 1.602650076150894 0.6876584738492966 0.9195360243320465 197.8553301766515 64.90183947980404 0.3843089044094086 90.46882782876492 167.7142810970545 253.2054151594639 527.9244210496545 152.713546693325 522.8295544758439 616.3487355262041 28.01457326114178 63.06871958076954 18.52393241971731 0.2273472175002098 1.824138060212135 2.15240777656436 3.714796334505081 0.5885849967598915 0.7492095604538918 0.3941661641001701 0.4843541979789734 1.487238720059395 0.6452098712325096 0.3135390132665634 1.794692859053612 258.497031904757 29.25676970928907 0 5.763440124690533 33.7869208753109 0.1109444797039032 0.8787190020084381 0.743922233581543 0.3283016979694366 2.878809526562691 7.99453143030405 0 13.76477456837893 5.290891610085964 2.974498495459557 4.926500380039215 18.69586861133575 14.02827958017588 6.638234242796898 7.675283968448639 1.39291063696146 0 0.2050416171550751 0.2733061984181404 0 0 0.3247303068637848 0 0 0 0 0 0.6221580505371094 0.3191091269254684 0.7740813046693802 0.1118226200342178 1.06131537258625 0.2366750836372375 0.109370544552803 0.9521476328372955 0.7662615180015564 0 0 0 1.607776805758476 1.53638668358326 2.880071438848972 1.160415232181549 0.839129775762558 0.1156109943985939 0 0.3600464761257172 0.2809220105409622 1.044044032692909 1.499176383018494 0 3.672596529126167 9.221949197351933 0.1853803843259811 0 0 0.6563026160001755 0.6017685458064079 0 0 0.1806155815720558 0 0 0 0.131109207868576 0.6062319651246071 6.211466908454895 0.1511195600032806 0.4938667118549347 0.5924941301345825 0.1987450793385506 0.09008154273033142 0.0837896466255188 0.1692933589220047 0.172582745552063 0.1278462558984756 15.44135298579931 5.003328911960125 0.1931388080120087 0 0.2772772237658501 5.236463069915771 3.260422438383102 4.540931455790997 0.9712066501379013 2.054444462060928 4.754062384366989 2.393096417188644 2.444913744926453 0.5266291871666908 0 0 0 0.08913628756999969 0.1328714191913605 0 0 16.28002468496561 6.941216178238392 5.43313655257225 607.9319178462029 86.64404056966305 665.0261292159557 134.9081407636404 196.3302242904902 147.2326988577843 7.357507720589638 258.4115755483508 29.8596673682332 5.408736750483513 12.06107015162706 1.452009990811348 11.85244384407997 3.189675495028496 1.747386366128922 6.576394356787205 20.14539506286383 3.085345037281513
5.25135438144207 10.12548517435789 31.4328520745039 423.6739950701594 43.59174070507288 158.211028829217 150.8839887082577 34.50841931253672 601.045798972249 1876.656280353665 138.1305315196514 0 3855.33463806659 1054.594381310046 64.67197954654694 41.0186125561595 2.989190965890884 0.1870238184928894 0 0.1495083421468735 0.6166846081614494 0 0.08687205612659454 0 0 0 0.312797874212265 0 0.12221959233284 0.4160543978214264 18.24910227954388 18.80741228163242 119.0373725220561 0.5085491463541985 0.5007307454943657 0.6768647134304047 109.6842857375741 0 4.287755638360977 0.4066287726163864 0.4883516877889633 0 0.1299901306629181 3.610157839953899 0.1761095747351646 0.2952022328972816 98.46277138590813 0.109188124537468 0.1281792223453522 0.4050150737166405 0.3953726440668106 0.2744133621454239 0 0.3038566410541534 0.415044479072094 0.07323572784662247 0.3853502050042152 10.6708640307188 2.000267952680588 5.370604336261749 0.94504114985466 48.10316430777311 0.4556300789117813 34.04676646739244 0.822239063680172 0.3453681766986847 0.7014961168169975 0.2769583538174629 0.1248983442783356 0.2105877473950386 433.8832494691014 132.5447733178735 0 7.185466215014458 13.99275882542133 41.6892716512084 105.7955566570163 24.38549847900867 2.282684281468391 863.8146341219544 2.86345050483942 4.289014182984829 1.375770553946495 0 0.5520757734775543 0.4046570211648941 0.4602021276950836 0.08743241429328918 0.4976249858736992 0 0.384115919470787 0.2130078449845314 0 0.09989070147275925 0.5921614691615105 1896.12966568023 93.79149739444256 1.214665770530701 1.76596125215292 21.01615977287292 0.7629507184028625 0.5217729806900024 2.928199306130409 0.3520830571651459 3.265410527586937 22.82656516879797 0 38.74108308553696 15.89794787019491 7.079626843333244 7.508608624339104 48.64384278655052 33.49421706795692 17.91604667901993 12.47778777778149 0.8532312363386154 0.3634003251791 0 0 0 0 0 0 0 0 0 0 0.1157079935073853 0.1830146610736847 0.5299782156944275 0 0 0.1285659670829773 0 2.423197135329247 1.223176524043083 0 0 0 0.1629191488027573 0.8539598733186722 0.9805073663592339 1.169022232294083 0.1786200702190399 0 0 0 0.3361432701349258 0 0 0 2.316979125142097 10.17934773862362 0.5533511638641357 0 0 0 0.1986435055732727 0 0 0.1875715553760529 0.2855013012886047 0.4317977726459503 0.2475464791059494 0.1308720707893372 0.3552336096763611 8.577638395130634 1.292166411876678 0.3240057826042175 0.1407393962144852 0.2474148795008659 0 0 0.1209420412778854 0 0.1314307898283005 28.50459069758654 3.037382960319519 0 0 0 7.878737553954124 5.788715064525604 6.874497398734093 0.4657231122255325 2.52537989616394 7.845609948039055 1.172489881515503 2.609794169664383 0.1089374125003815 0 0 0 0 0 0 0 39.7003233730793 14.24761105328798 2.865158803761005 228.9575935453176 24.23748891055584 147.8619295954704 33.7659936696291 133.0313746258616 21.52846494317055 0.8873711451888084 84.61301020532846 18.2001099139452 0.9835759252309799 10.94551824778318 1.798867285251617 28.09072194993496 1.941794827580452 0 2.351467534899712 7.296491928398609 0.1157190278172493
66.65311051905155 272.1411415636539 348.3581565022469 870.7769557908177 1587.103180214763 115.5904240012169 520.3110751658678 454.2520143687725 3624.702807486057 5969.674487359822 1218.625609412789 3855.33463806659 0 1894.917009182274 107.7693441659212 60.31370747089386 4.648754216730595 0.3647486642003059 0 0.7482993602752686 2.081182971596718 0 0.3948012068867683 0.3931077644228935 1.543969511985779 0.5417990759015083 0.9457877725362778 1.693839035928249 0.1216728389263153 0 127.0659679248929 39.55114778131247 241.1575937792659 0.3685316890478134 0.2694747596979141 0.3437632918357849 76.53938926011324 2.036614321172237 2.188488334417343 2.824117913842201 1.005859062075615 0.2901245430111885 0 2.331298992037773 0.3242476209998131 0.6149557530879974 202.8131947889924 1.18438483029604 0.8625801727175713 0.6640503704547882 1.400262221693993 0.5114674791693687 0.1253959089517593 0.6459854394197464 1.039775900542736 1.131179697811604 4.286684617400169 54.33400055766106 6.442967757582664 17.01489552110434 1.58114243298769 38.35752195119858 0.4886369630694389 72.57110042870045 1.929991386830807 1.25877570360899 0.829212412238121 1.433883279561996 0.4302697405219078 0.1637460142374039 509.0793717354536 132.8525006771088 0.7382054254412651 31.93212080001831 50.11678933352232 94.39903006702662 187.0844363123178 28.47381607443094 6.544046066701412 215.385488666594 3.148480109870434 16.26728840917349 8.246807292103767 0 1.255813151597977 1.219513777643442 1.596328347921371 0 0.7498138248920441 0.2065088450908661 0.3523125052452087 1.511025249958038 0.2449098229408264 0.3488786965608597 0.955592080950737 2104.979394838214 76.76785209029913 1.580920830368996 1.337939687073231 29.02153806388378 0.7025159001350403 0.7753929495811462 9.12624803185463 0.5138212144374847 4.372650787234306 42.10649392753839 2.582358554005623 65.52558133751154 49.77685712277889 13.81398273259401 14.43271913379431 99.8907188847661 88.09566807746887 27.91875757277012 20.35375788807869 1.989790067076683 0.8003131300210953 0 0.8316194862127304 0 0 0.3248164057731628 0 0 0 0 0 0.6480042561888695 0 0.3298188149929047 0.2664689123630524 0.17863929271698 0.1872382909059525 0 7.049207046627998 2.424185782670975 0 0 0.1084298938512802 1.830111503601074 3.23209885507822 3.16258866339922 1.296875976026058 0.6908110231161118 0 0 0 0.5947565287351608 0.1070075184106827 0 0 6.081871844828129 13.44800763577223 0.6988764405250549 0 0.1633496731519699 0.1027200296521187 0 0.07723384350538254 0 0.1022196039557457 0.8655941039323807 2.004318743944168 0 0.1350527554750443 1.097272597253323 17.16548720002174 2.487873949110508 0.5904524251818657 0.6483757495880127 0.6771291270852089 0 0.2699387073516846 0.1183014065027237 0 0 63.00757598131895 3.369296975433826 0 0 0.1536095440387726 15.52645442634821 6.667074352502823 10.94185302406549 1.968471065163612 5.382448315620422 12.06768207252026 2.104547962546349 2.695668645203114 0.3963950276374817 0 0 0 0 0 0.09844674170017242 0 72.02365054190159 27.55154901742935 5.658477552235126 406.2410094290972 58.75269132107496 333.0732666701078 82.76573730260134 217.510469339788 72.20292955636978 5.79123505204916 169.3012212663889 31.89420375972986 4.951363928616047 22.17483631521463 4.060290634632111 45.77291198074818 3.625181078910828 0.2953200340270996 10.95619651675224 16.20936493575573 2.033290810883045
