0 2083.997166864574 65.91591786593199 2173.501144945621 192.1413010731339 67.21202805638313 183.3020541891456 89.56210477650166 32.66665267199278 1084.172299668193 247.8873011916876 129.8251746222377 137.1427231281996 45.40357995778322 4.551686607301235 2.494287870824337 0.2718456909060478 2.540747009217739 0.2847176417708397 2.585976392030716 1.774857111275196 0 0.978016696870327 0.09348291903734207 0 0.1133743226528168 0.3717159628868103 0.1150759905576706 0.685295045375824 0 347.9201467037201 1.727684043347836 5.551448829472065 0.5619422346353531 0.2590890452265739 0.3829025998711586 3.375768892467022 0.6733588427305222 0.2280478924512863 0.2919138222932816 0.895000159740448 0.6523669064044952 1.093945674598217 1.961649410426617 2.05686941742897 2.205582492053509 46.19969458132982 18.29590760171413 1.310097150504589 2.619046024978161 0.5091308727860451 0.5612794756889343 0 0.3825855702161789 11.30950690805912 21.92291067540646 410.4375420287251 1829.824846684933 31.79074809700251 21.91691904515028 4.746273331344128 0.4322690889239311 0.6438878774642944 44.56215703487396 19.67707690596581 16.25512970983982 3.195664383471012 5.557863540947437 2.653737373650074 1.238308250904083 6.257719777524471 18.52793580293655 0 388.8457869663835 386.8259623125196 130.2603291720152 64.52735486626625 2.711645469069481 4.506021723151207 20.51786118000746 6.365737557411194 8.916384495794773 32.05722816288471 0.8167452216148376 12.23261579871178 10.73602808266878 9.967285618185997 0.1016237139701843 1.078348629176617 0.3882529139518738 0.1034248024225235 0 0.4737907573580742 0.127794623374939 0.412320613861084 114.6573357731104 9.591881975531578 0 0.934745579957962 840.1422809138894 0 0 0.1517563760280609 0.1504155099391937 0 1.041001409292221 0.4089801609516144 0 2.850735977292061 0.4826730042695999 0.6325792223215103 3.153871074318886 3.494353324174881 0.8756602555513382 1.076960548758507 0 0.2584861516952515 0 0 0 0 0 0 0 0 0 0 0 0 0 0 0.1129040196537971 0.1649105995893478 0 0 0.1629100739955902 0 0 0 0.8463647961616516 0 0.1761324107646942 0 0 0 0 0 0 0.1558057516813278 0 0 0.4076241552829742 0 0 0 0 0.1176273673772812 0 0.1124620288610458 0 0.1355296820402145 0 0 0 0 0.1965956836938858 0 0 0 0 0 0.1662098318338394 0.1084038615226746 0 0 0 0.6673824489116669 0 0 0.123143382370472 0 0 0 0 0 0 0 0 0.1182597801089287 0 0.1037524491548538 0 0 0.2199579924345016 0 0 0 1.766560710966587 0.6022491455078125 0.1572403311729431 111.8412922993302 26.13719316571951 270.6218690350652 23.22008907049894 836.3163771852851 16.3893855586648 4.713937409222126 12.35891220718622 5.671023994684219 0.3830133005976677 0.9025098755955696 0 3.850828692317009 0 0.2693048715591431 0.5982105731964111 0 0.1764512211084366
2083.997166864574 0 1388.166634626687 1725.460809886456 2492.443978592753 202.2796589136124 4032.372706159949 875.1077515482903 2176.970646984875 2037.858571588993 2114.509905830026 156.1883992552757 630.5170739963651 896.3423404544592 51.71482553333044 21.79354687780142 1.350871808826923 3.103931337594986 0.9402191936969757 5.124013513326645 2.937007896602154 0 1.103332296013832 0.869494155049324 0.8861541301012039 2.627476766705513 1.420739039778709 1.08024437725544 1.316699922084808 0.2047700732946396 4043.150356560946 37.87091659009457 19.66144871711731 0.744489923119545 0.9372007101774216 1.965739995241165 4.687478937208652 1.622584603726864 0 1.1000806838274 2.153322219848633 1.118664622306824 1.712721206247807 3.259008251130581 2.139799661934376 5.494380682706833 280.9461082965136 24.74625193327665 2.377914145588875 4.917276054620743 0.587125726044178 0.2888461053371429 0 1.034531719982624 13.28486427664757 29.14386042207479 208.9422212466598 1684.461248710752 32.79899825155735 87.8716042265296 10.54551849514246 2.967514686286449 1.160872802138329 120.9099677428603 27.425582498312 27.08589643239975 5.256845600903034 7.603145562112331 4.021008208394051 2.785020709037781 10.85487008839846 2.295854903757572 0 394.4776500761509 579.8565605804324 451.3467440009117 269.9950391501188 19.11163887381554 22.08188511431217 152.0516462549567 12.08462816476822 41.12771287560463 44.07849141210318 1.119133420288563 21.33225899934769 17.72392515093088 19.74858307093382 0.2991522625088692 1.276508942246437 0.09226365387439728 0.1084260195493698 0.2650913745164871 1.3408148214221 0.4273405820131302 1.738139286637306 118.9187821373343 14.59445487707853 0 0 704.9184449836612 0.1518258154392242 0 0.2228633165359497 0.1850658357143402 0 2.815850794315338 0.5921344608068466 0.6246626973152161 7.627764590084553 3.348272353410721 0.7162098586559296 6.244484417140484 17.09505513310432 3.930947616696358 4.753032177686691 0.8576998859643936 0.152644544839859 0 0 0 0 0 0 0 0 0 0 0 0 0 0 0 0.1876598000526428 0 0.2792308032512665 0.7603947445750237 0 0 0 0.4904359132051468 0 1.471083149313927 0 0.17892025411129 0 0 0.1417400240898132 0.2729453146457672 0.3908074498176575 0 0 0 0.6289657354354858 0 0 0 0 0 0.1788648515939713 0 0 0.1945094764232635 0.2365750819444656 0 0.1221742480993271 0 0.477318212389946 0.2148291915655136 0 0.3091987520456314 0 0.1481896787881851 0 0 0 0 5.694354213774204 0.3459514975547791 0 0 0.0843760222196579 1.02468141913414 0.4300614446401596 0.09064109623432159 0 0 0.690189316868782 0.143609955906868 0.789649173617363 0 0.104826845228672 0.1021651923656464 0 0 0 0 0 4.50156793743372 1.248606294393539 0.3304135575890541 354.5553370639682 51.71955081820488 894.7619897574186 59.87596409022808 597.3510304614902 69.35889985412359 7.98558097332716 118.7162004932761 12.65075671672821 1.568723522126675 2.251632034778595 0 7.637928381562233 0.2191739529371262 0.1893157511949539 1.185951933264732 1.087066754698753 0.6677347272634506
65.91591786593199 1388.166634626687 0 11.14973479509354 2718.722559772432 1.767263725399971 54.33934147655964 3372.049455031753 404.7813637182117 13.21275235712528 2797.013563349843 1.974912047386169 27.00417809188366 284.4163307622075 12.79031322151423 15.23761074244976 1.555730685591698 2.041970163583755 0.5024735555052757 6.477412484586239 13.44868248701096 0.116682693362236 6.928777560591698 3.00324983894825 4.350206941366196 0.5960624143481255 3.696928977966309 1.317039914429188 0.6010173708200455 0.4711317420005798 4262.065219014883 446.2363214045763 11.75244174152613 7.511627681553364 5.236406765878201 2.943366281688213 3.051436126232147 1.395001150667667 0.2594282329082489 0.9638693258166313 10.88414530456066 0.8467801213264465 2.08873425424099 3.041221365332603 2.42483825981617 8.871194668114185 47.86520210653543 4.438240699470043 0.212216891348362 3.805395185947418 0.208686001598835 0 0 0.6221459358930588 3.431611232459545 4.720786742866039 45.6283341422677 897.2542269304395 5.425279714167118 11.89384466409683 49.69516269117594 11.65115232020617 5.32935032248497 411.059538424015 4.788922421634197 3.792580530047417 0.4916450530290604 1.587803333997726 3.00385057926178 13.05287031829357 5.920713283121586 0.1402082443237305 0 90.95599215477705 206.2885118201375 71.26121295243502 66.16082407534122 6.015004351735115 412.9462585151196 1406.013858430088 34.11317405849695 561.557606600225 8.942822158336639 0.1419158577919006 3.994441412389278 3.067229934036732 4.396410085260868 0 0.37730922549963 0.1007265895605087 0 0 1.029520608484745 0 0.5056292191147804 13.15322917699814 1.478290542960167 0 0.1297885626554489 48.65341562777758 0 0 0 0 0 0.2936211079359055 0.1841659396886826 0 0.4161741137504578 0 0 0.1280749887228012 1.186397388577461 0 0 0.1210718303918839 0.1297329217195511 0 0 0 0 0 0 0 0 0.2563072443008423 0 0 0 0 0 0 0.1459197252988815 0 0 0 0 0 0 0 0 0.126543253660202 0.08858919143676758 0 0 0 0 0 0 0.1026426926255226 0 0 0.300956204533577 0 0 0 0.4202833324670792 0 0 0 0 0 0 0 0 0 0 0 0 0 0 0.1280343383550644 0 0 0 0 1.035215847194195 0.2841401994228363 0 0 0 0 0 0 0 0.1471085548400879 0 0 0 0 0 0 0 0 0 0 0 0.4673917442560196 0.2722108066082001 0.1078916415572166 57.82405681908131 7.677491292357445 148.3714686557651 12.59296113997698 29.55380769819021 14.22604059427977 1.326849520206451 17.87693102657795 0.8035351559519768 0.347612127661705 0.6167775690555573 0 0.4397089183330536 0 0.3052254021167755 0 0.3497783839702606 0
2173.501144945621 1725.460809886456 11.14973479509354 0 139.0297906249762 362.1517694592476 574.0785815268755 6.339970044791698 134.9913033619523 2306.797375664115 14.92733378708363 1360.876270338893 1157.869210444391 224.6672388762236 5.371853329241276 2.192167662084103 0.4245405048131943 0.7247461080551147 0.2702517881989479 1.050026893615723 0.6093387380242348 0 0.09029477834701538 0.07970668375492096 0 0.1888126134872437 0 0.6871474608778954 0.7440155148506165 0 37.67556128650904 0.9452211484313011 6.106618292629719 0.1922926753759384 0.1147679165005684 0 0.4886964112520218 0.1042730435729027 0 0 0.1967181414365768 0 0.5008825436234474 0.7801154255867004 0.8796529769897461 0.9888881295919418 41.97836917638779 6.381356783211231 0.2390237003564835 1.833385109901428 0.1201693341135979 0 0 0 4.016675412654877 9.041395366191864 33.73695736378431 224.0499117448926 6.747541010379791 17.00352993607521 1.985911443829536 0.2122047245502472 0 18.49900518357754 11.7776216417551 6.012772180140018 1.53343477845192 2.327547073364258 1.355104357004166 0.4276636019349098 20.94499738514423 1.043453186750412 0 107.4685773998499 128.9826436191797 89.90240061283112 43.21296860277653 1.785237953066826 1.407542645931244 2.521091319620609 2.042394034564495 3.679087609052658 12.24978837370872 0.2321016192436218 3.917322985827923 4.651595331728458 5.767402850091457 0 0.338489405810833 0.388446033000946 0 0.1239258199930191 0.6305646076798439 0 0 110.2944226711988 54.25929287075996 0 0.141108438372612 220.5334037840366 0 0 0.2424755394458771 0.1983449012041092 0.9037991315126419 1.478530645370483 0 0.3787558674812317 5.630821853876114 0.5203505903482437 0 5.078870758414268 16.97352643311024 1.418024525046349 1.355262190103531 0 0 0 0.3463035225868225 0 0 0 0 0 0 0 0 0 0 0 0 0 0 0 0 0 0 0 0 0 0 0.404643177986145 0 0 0 0 0 0 0.4048561453819275 0 0 0.7539678812026978 0 0.1800719499588013 0 0 0 0 0.1755185797810555 0 0.1082778796553612 0 0 0 0 0 0.5764091014862061 0 0 0 0 0 0 0 0 0 2.512165427207947 0 0 0 0 0.3682968616485596 0 0.1642764359712601 0 0 0.2775003910064697 0 0.2199589461088181 0 0.1067364290356636 0 0 0.1103049069643021 0 0 0 4.023680061101913 0.3423188626766205 0.3247915655374527 63.24614990502596 13.1142205670476 170.0931479856372 12.37999688833952 1125.558012261987 9.356729134917259 1.891077421605587 16.45134237408638 3.710482507944107 0.434392087161541 0 0 5.253831967711449 0.9204843640327454 0 1.112108513712883 0.1686055809259415 0
192.1413010731339 2492.443978592753 2718.722559772432 139.0297906249762 0 15.67547923326492 1390.51823541522 1263.978933945298 3700.054716810584 353.7642574235797 2147.758416861296 20.36765517294407 278.1544830054045 1214.921448037028 28.96871584653854 15.75659470260143 0.4833116680383682 1.392126441001892 0 0.6060515195131302 0.875696063041687 0 0.2510459423065186 0.2209516540169716 1.269644267857075 1.000087074935436 0.4402341917157173 0.3625445142388344 1.415310584008694 0.2450637742877007 877.8234996125102 24.61418710649014 17.92268754541874 0.8015928715467453 0.8698528856039047 0.6171603202819824 1.324328355491161 0.5237572640180588 0 0.2837264537811279 0.6518053784966469 0.5750653073191643 0.2189449742436409 1.839642137289047 1.001371093094349 1.483030520379543 109.3098582699895 6.968407198786736 1.293130852282047 2.154405526816845 0.3423794060945511 0.08083254843950272 0.0966414213180542 0.3295869752764702 3.15871225297451 5.850664161145687 20.07857623696327 189.878953769803 7.264910273253918 29.86984860152006 3.653252594172955 1.048584699630737 0.5973326861858368 34.64598242938519 6.894004955887794 6.553752288222313 0.8750767335295677 1.296053133904934 1.515751071274281 1.334239602088928 7.80529673397541 2.991845242679119 0 76.09496117383242 137.3706352114677 159.0688153132796 113.9705995768309 9.472508661448956 15.84103652834892 115.3721132203937 6.868900582194328 30.86585309356451 8.127199180424213 0.4917191863059998 6.127843227237463 4.405444912612438 4.107472769916058 0 0.5936438366770744 0.2576976791024208 0.09543721377849579 0.1149365901947021 0.7486285045742989 0.0869753509759903 0.2197540476918221 103.4213792532682 3.940408460795879 0 0 30.41306473314762 0 0.1985252201557159 0.9799559712409973 0.654978021979332 0.3078621625900269 4.833870865404606 0.232628658413887 0.5482576638460159 8.228060878813267 3.215739235281944 1.767556548118591 7.774362727999687 15.5487152338028 4.575393423438072 6.254233092069626 0.391546756029129 0.5083528459072113 0 0 0 0 0.1474463790655136 0 0 0 0 0 0 0 0.2559917569160461 0 0 0 0 0 0.1382006704807281 0 0 0 1.541912794113159 0 0.4914997071027756 0.2787413001060486 0 0 0 0 0 0 0.1831839233636856 0 0.7614093869924545 2.55729828774929 0 0 0 0 0 0 0 0.1620620936155319 0 0 0 0 0 0.7320156991481781 0.6638249158859253 0 0 0.2307135164737701 0 0 0.206637904047966 0 0 8.607859842479229 0 0 0 0 0.6345020830631256 0 0.1860032975673676 0 0 0.1915740966796875 0 0.5131910443305969 0.1331414580345154 0 0 0 0.2815371826291084 0 0 0 6.120751604437828 2.63573169708252 1.505463093519211 216.3181545734406 23.50679741799831 335.6534837707877 29.68658212572336 102.4909805580974 33.94855765998363 1.064681813120842 63.29204773157835 13.44131502509117 2.06759862601757 1.202291548252106 0.9493165761232376 13.44368997216225 0.3078206777572632 0 0.7858704179525375 0.4210757613182068 0
67.21202805638313 202.2796589136124 1.767263725399971 362.1517694592476 15.67547923326492 0 63.14730875939131 0.4660248607397079 14.99626757204533 359.5367283076048 9.273676261305809 101.8904382437468 79.14882469177246 60.60803791880608 1.44577544182539 1.014254003763199 0 0 0 0 0 2.639552474021912 0.6272473335266113 0 0.3411737754940987 0.1431718468666077 0 0 0 0 6.796488240361214 0 86.66382670402527 0 0 0.2630063593387604 31.52460819482803 0.2754112184047699 8.893760576844215 0.2075318545103073 0 0 0 0.1224851608276367 0.1225361377000809 0.7775416225194931 5.260435290634632 0.3352352455258369 0 0 0.8422535955905914 21.45658366382122 2.563048779964447 0 0.1280345171689987 1.09897792339325 92.19834573566914 24.52319706976414 2.404282048344612 0.8714552596211433 1.811734765768051 1.608959421515465 0.336382269859314 0.4591392427682877 0.8522816225886345 0.2776492312550545 0.2342529371380806 0.08350135385990143 0 0 99.52952702343464 262.1330919265747 8.3927271515131 9.343111224472523 7.462354466319084 4.733492061495781 1.157364003360271 0.6684585586190224 0 24.23463297635317 0.3314091414213181 2.75719740986824 1.036769174039364 2.372094660997391 0.09639039635658264 0.8570032864809036 0 13.49279968440533 3.75581406056881 28.29927264153957 0.2168397307395935 1.600533857941628 0 0 0.529984250664711 311.6971503049135 143.2241372615099 30.33063925802708 25.59839549660683 392.6883190125227 0 0 0 0 0 0 0 0 0.7313253730535507 0 0 0.7366921454668045 0.6010086685419083 0.7743280678987503 0.6250784993171692 0.3054744601249695 0.2208553403615952 0 0.1527614891529083 0 0 0 0 0 0 0 0 0 0 0 0 0 0 0 0 0 0 0 0 0.6836361438035965 0 0.1496838629245758 0 0 0 0 0 0 0.1384649872779846 0 0 0 1.244147658348083 0 0 0 0.1805035769939423 0 0 0 0 0.4320297837257385 0 0 0 0 0.2297099977731705 0 0 0 0.2367000579833984 0.1766849607229233 0 0 0 0 0.7689550966024399 2.874600350856781 0 0 0.1952561289072037 0.5444190502166748 1.084581553936005 0.2932112887501717 0 0 0.2657918334007263 0 0 0 0 0 0 0 0 0 0 1.533382654190063 0.3769828975200653 0 30.85706321150064 1.028484776616096 17.37071719020605 2.374333783984184 197.8274849131703 0.8334735333919525 0 4.849543869495392 2.898439273238182 0 0.571078896522522 0.2454096674919128 0.1975313276052475 0 0 1.077937185764313 0 0
183.3020541891456 4032.372706159949 54.33934147655964 574.0785815268755 1390.51823541522 63.14730875939131 0 33.70591261982918 1538.93680446595 1616.690332949162 81.74104348570108 102.1194043010473 1453.064682893455 760.5241819545627 31.59092620760202 10.48029557615519 0.4439005702733994 1.243590675294399 0.2343774363398552 1.502242051064968 1.419649556279182 0 0.2768091708421707 0.3880608081817627 0 0.528983011841774 0.443135030567646 0.62027408182621 0.894208237528801 0.3589471727609634 142.1828121617436 0.9969372749328613 9.50995210558176 0.3341400101780891 0.1286153793334961 0.1470056176185608 1.408128090202808 0.242251068353653 0 0.1390518546104431 0.1105151996016502 0.3806227296590805 0.4902196452021599 1.501042559742928 0.6951896324753761 1.905391365289688 164.6855366080999 11.80144870281219 0.7192179784178734 1.809458836913109 0.3785576894879341 0 0.1011283993721008 0.5780632942914963 5.646153874695301 11.44526123255491 20.90387144684792 190.0701541751623 8.180307976901531 51.88193862140179 2.378899969160557 0.4468495696783066 0 55.24433790892363 11.50896066427231 10.71386267989874 1.641640484333038 3.510907180607319 1.445320926606655 1.056460365653038 9.258808210492134 4.307146608829498 0 116.0548624843359 215.2730114012957 236.9264718592167 144.2713047638535 6.062952242791653 2.786555588245392 17.02322126179934 3.783292278647423 7.359594076871872 18.22586787492037 0.09809688478708267 10.94810772687197 7.358159616589546 8.559848003089428 0.1953687369823456 0.2968565970659256 0.08998411148786545 0 0.1204824149608612 0.8136290460824966 0.3804531991481781 0.4323303028941154 269.8634078577161 13.09252635389566 0 0 20.39252455532551 0 0.8679942488670349 0.6106077283620834 1.469737470149994 0.1712232530117035 10.22920789569616 1.546132877469063 1.124911174178123 17.62445303797722 6.858415976166725 3.859758347272873 20.25086072832346 40.62462311983109 6.039715588092804 9.635149478912354 1.36699765920639 1.046238645911217 0 0.670842170715332 0 0 0.4220657348632812 0 0 0 0 0 0 0 0 0 0 0 0 0.7980248928070068 1.621842443943024 0 0 0 1.527540594339371 0 1.230778515338898 0 0 0 0 0 0.2336586862802505 0 0.3967455923557281 0 0.4543604701757431 4.14189749956131 0 0.5365918278694153 0 0 0 0.1893029883503914 0 0 0.1477748155593872 0 0 0.3875157982110977 0 1.328764200210571 0.6890124529600143 1.095220401883125 0 0 0.1189328953623772 0 0.1848884522914886 0 0.1218031272292137 16.33494871109724 1.107310652732849 0 0 0 2.201974123716354 1.918083503842354 1.101444482803345 0.4696083515882492 0.303040474653244 1.728925809264183 0 1.68569727241993 0 0 0 0 0 0 0 0 16.40961199998856 4.177107393741608 2.383005194365978 278.2828359752893 34.75027845799923 512.7665580362082 40.36516121774912 284.6903824359179 46.48426762223244 3.776382528245449 100.3644121214747 19.49432393163443 2.579868003726006 4.676198646426201 1.08874499797821 20.47879680991173 0.3883748650550842 0.1486235558986664 1.943419277667999 0.7674455344676971 0.2563723623752594
89.56210477650166 875.1077515482903 3372.049455031753 6.339970044791698 1263.978933945298 0.4660248607397079 33.70591261982918 0 1258.567018255591 9.170928202569485 1409.515907019377 2.284192763268948 37.84117216616869 394.597497664392 19.28029285371304 22.76831813156605 0.8098606765270233 5.962205573916435 0.7390801310539246 19.82027898728848 60.74607489258051 0.209779679775238 20.4494124725461 7.77826239168644 8.592221677303314 2.990048602223396 6.127183943986893 2.333404876291752 0.942534014582634 0.4087696075439453 2047.321628168225 696.2877341508865 11.31329008936882 30.06966155767441 16.88569168746471 12.43582976609468 4.55284259468317 3.172544486820698 0.2289199307560921 0.8095191866159439 29.106320284307 2.324526503682137 11.1366498991847 4.772634692490101 7.371790669858456 35.80597520619631 69.35666844248772 4.299496717751026 0.6399371102452278 9.644959941506386 0 0.1332915276288986 0.1272799521684647 2.045616745948792 2.355508327484131 3.754162423312664 16.56618277728558 324.0584987848997 4.275103569030762 18.96749556809664 211.2276233881712 26.46178518235683 19.22167598456144 682.8906962573528 5.337624847888947 2.363993026316166 0.9117331057786942 0.9404120966792107 6.477859400212765 41.42906814813614 4.241556644439697 0.5398429483175278 0 58.21894791722298 228.2061751633883 109.7541063725948 230.5551604628563 251.7603549510241 782.1698856428266 556.2804072350264 295.9465031698346 1240.028812110424 4.587614312767982 0.3485132530331612 2.886833563446999 2.816295713186264 5.312966875731945 0.1342110186815262 0.3609596267342567 0 0.1330559551715851 0.1124515011906624 3.145857326686382 0 0.3931876942515373 5.953401736915112 2.103497862815857 0 0 19.87075985223055 0 0 0.166863888502121 0 0.1382013559341431 0.7134963870048523 0 0 0 0 0 0.3114678114652634 0.4053078070282936 0.1871478855609894 0.3416212499141693 0 0 0 0 0 0 0 0 0 0 0.1621001809835434 0 0 0 0 0 0 0.341682493686676 0 0 0 0 0 0 0.2291213348507881 0 0 0 0 0 0 0 0 0 0 0 0 0.2915300130844116 0 0 0 0 0.4738226383924484 0.09255806356668472 0 0 0 0 0 0 0 0 0 0 0 0 0 0 0 0 0 0.9292382150888443 0.1940769702196121 0 0 0.2618831098079681 0 0.1239203661680222 0 0 0 0 0.1172646880149841 0.1376153081655502 0 0 0 0 0.1846807897090912 0 0 0 0 0 0.1133398711681366 76.52164813131094 17.95393364131451 168.1570771038532 12.10078396648169 26.51964588463306 16.14529760181904 0.9806211143732071 29.32384147495031 1.780601397156715 0.5850353538990021 0 0 0.9428063184022903 0 0.09078572690486908 0.3973243236541748 1.062687203288078 0
32.66665267199278 2176.970646984875 404.7813637182117 134.9913033619523 3700.054716810584 14.99626757204533 1538.93680446595 1258.567018255591 0 764.3892182409763 3599.157916195691 60.6491326764226 1253.548355937004 2828.889524377882 39.70430023223162 24.98841691017151 0.1557920426130295 0.4219263717532158 0.1104046627879143 1.150585249066353 1.46971483528614 0.2186085432767868 0.2275989204645157 0.1612737029790878 0.3646851629018784 0.4187299162149429 1.295281745493412 1.003754921257496 1.924121588468552 0 81.97195702791214 5.757842801511288 80.30424447357655 0.5329387187957764 0.4954849481582642 1.294107005000114 3.115942731499672 0.4685438275337219 0.2340032830834389 0.3649843484163284 0.3777295798063278 1.056951157748699 0.3460659682750702 1.7950823828578 0.5443607345223427 0.9663560688495636 127.1330881267786 5.623123697936535 0.8963417634367943 1.744252726435661 0.1263067573308945 0 0.375334769487381 0.7448603510856628 2.15545792132616 4.157842755317688 9.890606418251991 58.284289740026 5.436924509704113 23.75430828332901 4.799316793680191 0.7030023783445358 0.9202266037464142 21.62378443032503 5.25306199491024 3.562260203063488 0.2072733789682388 1.876154333353043 0.5881265103816986 0.7722302228212357 11.85744959115982 3.141841411590576 0 51.55323415249586 87.70942101627588 142.6859020963311 125.8886028975248 11.37216970324516 11.09100481122732 167.1274599581957 5.905285872519016 34.41210526973009 6.149719186127186 0.2947887629270554 3.517096325755119 3.216388635337353 3.594132855534554 0.1069188863039017 0.4066023156046867 0.1297376453876495 0 0.2883708626031876 0.557955838739872 0 1.294896848499775 239.5269721001387 7.464097067713737 0 0 7.306982733309269 0.1689531058073044 0 2.549574956297874 1.026056095957756 0.307293027639389 10.24028095602989 0.891258642077446 1.338035300374031 12.80241873115301 4.214550420641899 1.226836800575256 17.6098105981946 31.31316817551851 6.471108391880989 9.212362885475159 1.053351163864136 0.8964077532291412 0 0 0 0 0 0 0 0 0.1464100778102875 0 0 0.5754639506340027 0 0 0 0 0 0 0.4314400106668472 0 0 0 0.9053741842508316 0 1.833552315831184 0 0 0 0 0 0.9725904613733292 0.8837640434503555 0.5546746850013733 0 0.6498575508594513 1.605373829603195 0 0 0.1692693382501602 0 0 0 0 0 0.2700656354427338 0.1257074475288391 0 0 0 0.7425701767206192 0.2682318985462189 0.1726246029138565 0 0.1446631699800491 0 0 0 0 0.2646887898445129 19.33773003518581 0.3481447994709015 0 0 0 3.784861207008362 1.087812855839729 0.966431587934494 0.3238435685634613 0 1.96121683716774 0.2902770936489105 0.61038788408041 0 0 0 0 0.1361151784658432 0 0 0 14.38003811985254 3.250049337744713 2.630034908652306 303.9261159002781 25.28517679870129 367.2448873892426 38.44227535277605 119.3383390456438 44.3700203821063 1.747396342456341 80.66210654377937 27.45586157590151 2.399265743792057 5.569287940859795 0.503377266228199 24.71565034985542 0.5310085117816925 0 0.4955296367406845 1.890745349228382 0.4363176226615906
1084.172299668193 2037.858571588993 13.21275235712528 2306.797375664115 353.7642574235797 359.5367283076048 1616.690332949162 9.170928202569485 764.3892182409763 0 73.89021116495132 3146.211352482438 4413.269927293062 1397.449266262352 15.79766803979874 10.75761005282402 0.08464980870485306 0.9810978844761848 0.3749586939811707 0.9247703179717064 1.055126450955868 0 0.4590740948915482 0.4343157410621643 0.2950105965137482 0.9267373532056808 0.2315004989504814 0.7826722785830498 0 0.1426961421966553 40.09238938987255 1.928363889455795 24.82215814292431 0.2208743765950203 0 0.7598145455121994 1.139397993683815 0 0.2304147779941559 0.2357678562402725 0.1191627979278564 0.3216535076498985 0.1240750178694725 2.742085568606853 0.3889764547348022 0.8290509581565857 95.74631160497665 8.05940530449152 0.6554488018155098 1.455771908164024 0.1909745559096336 0.1127984672784805 0 0.1505279242992401 3.776786312460899 8.174091227352619 34.93569975346327 142.6310840621591 7.547636710107327 27.85487785190344 3.694717220962048 0 0.967368021607399 23.8048958927393 9.336137220263481 7.944919943809509 1.727508746087551 2.422336086630821 1.720914915204048 1.126932352781296 66.80980911850929 17.26968765258789 0 117.8119501024485 135.5244534909725 137.562293484807 73.89898785948753 6.777580723166466 2.960643664002419 8.927466414868832 3.631057754158974 9.876105032861233 13.74791360646486 0.2035317942500114 7.626245893537998 5.526797004044056 6.450194761157036 0.2389588356018066 0.4762025400996208 0.5747246295213699 0.08546566218137741 0 0.2210911437869072 0 0 978.9441046789289 79.95666037499905 0.329382985830307 0.1404565721750259 278.2297664582729 0 2.598630726337433 2.036492079496384 4.770040303468704 0.9592494517564774 20.69775500893593 0.3848726451396942 2.122260197997093 25.2428902387619 8.153854347765446 4.101968497037888 35.57258155941963 63.37281963974237 14.0448609739542 10.42271297425032 0.9711096435785294 0.9773120358586311 0 0.2483218163251877 0 0 0 0 0 0 0 0 0 0 0 0.4099079072475433 0 0 0 0.828080341219902 1.43518191576004 0 0 0 0.9550001472234726 0 1.214412569999695 0 0 0 0 0 0.5227342993021011 0.1614857763051987 0.1862821877002716 0 1.147610560059547 3.368852645158768 0 0.1606232970952988 0 0.265042245388031 0 0 0 0 0.5104278475046158 0 0 0.1019337177276611 0.187980517745018 1.228803515434265 0.1803877502679825 0 0 0 0.2473360970616341 0 0 0 0 24.82176430523396 1.191533267498016 0 0 0 2.64274512976408 0.7189266830682755 0.4025256931781769 0.3262166082859039 0.3112867325544357 2.47157447040081 0.12382722645998 1.764416500926018 0.7777192294597626 0 0 0 0.5872740745544434 0 0 0.3060801327228546 22.61960335075855 4.075654938817024 3.230963349342346 364.5607149228454 24.53053680807352 313.3143668845296 26.43632715940475 1186.255241535604 25.27525215595961 2.110553853213787 74.46828981488943 41.55401192605495 0.8338005468249321 8.807955846190453 0.5343221724033356 38.10604056715965 0.3768840134143829 0 3.246975630521774 0.3444435447454453 0.7116497755050659
247.8873011916876 2114.509905830026 2797.013563349843 14.92733378708363 2147.758416861296 9.273676261305809 81.74104348570108 1409.515907019377 3599.157916195691 73.89021116495132 0 79.63386239856482 1060.826687529683 5759.232946112752 36.82723464071751 58.09085082262754 1.018389239907265 1.0069540143013 0.2428794577717781 1.134841687977314 4.422643154859543 0.343629464507103 3.471209198236465 1.392397210001945 4.971479408442974 1.262255534529686 3.170443631708622 1.994297377765179 2.137586086988449 0.1709331870079041 1039.077173739672 26.84622557461262 1331.412125214934 1.979966312646866 5.03692102432251 12.45099313557148 51.92758942395449 7.247450120747089 0.6770859509706497 1.890349745750427 3.162737995386124 0.1571568101644516 0.4003328010439873 6.890531443059444 0.4682592004537582 2.598350614309311 95.89389411360025 4.294298984110355 0.5366899147629738 0.9998204931616783 0.1200494691729546 0 0 0.4732792228460312 1.41485520452261 3.216604329645634 20.25501804798841 214.5229610726237 3.178796574473381 20.58391734212637 21.79727680236101 13.86301250010729 4.808351382613182 37.85936746746302 4.22236455231905 3.759520195424557 0.3304715529084206 1.211523324251175 0.958693727850914 2.374808475375175 94.40226724743843 1.506901904940605 0.4817780256271362 55.10206068307161 112.4276533573866 117.3740739226341 138.0891222432256 20.82761886715889 86.08821826428175 874.7450545504689 28.86607645452023 303.5823136344552 3.83644513040781 0.3988467827439308 2.505408771336079 1.965066865086555 3.648577645421028 0.09533148258924484 0.2861517667770386 0 0.1130590885877609 0 0 0.3849430233240128 1.068606749176979 241.3524661809206 40.81134945899248 0 0.6354570984840393 51.53464794903994 0 0.2087983787059784 0.2067923247814178 0.9696664661169052 0 1.890638872981071 0 0 4.994138330221176 1.280200228095055 1.825503796339035 6.098712496459484 9.529058739542961 3.074740201234818 2.508498176932335 0.3431009352207184 0.2940171957015991 0 0.2471064627170563 0 0 0 0 0 0 0 0 0 0 0 0 0 0 0 0.3903024643659592 0.1145682781934738 0 0 0 0.4831796064972878 0 0.6113788187503815 0 0 0 0 0 0.1855038553476334 0.4354888051748276 0 0 0 0.6606874316930771 0 0.2215909957885742 0 0 0 0 0 0 0 0 0 0 0.2286559343338013 0.1788170635700226 0.3965425938367844 0 0 0 0 0.1658729612827301 0 0.2318634539842606 0 5.516592673957348 0 0 0 0 0.5254260748624802 0.9408174604177475 0.2770243436098099 0.5320156216621399 0 0.9967372715473175 0 0.5037904977798462 0 0 0 0 0 0 0 0 7.55329467356205 0.8453669846057892 1.264837183058262 169.3747307136655 18.28959652036428 222.115043848753 21.77997273206711 50.89974939823151 28.02146103978157 0.6691026836633682 52.82199243456125 6.817049607634544 1.893143430352211 1.650524266064167 0.559110976755619 4.404878184199333 0 0.1073489934206009 0.3501565456390381 2.116669781506062 0.360791951417923
129.8251746222377 156.1883992552757 1.974912047386169 1360.876270338893 20.36765517294407 101.8904382437468 102.1194043010473 2.284192763268948 60.6491326764226 3146.211352482438 79.63386239856482 0 4810.071734771132 1041.522331058979 17.54457721114159 28.34912089258432 0 0.1208170801401138 0 0.2063098549842834 1.358493447303772 0 0.5323235541582108 0 0.1780897825956345 0.4372289776802063 0.2777884006500244 0.3139261454343796 0.3156443685293198 0.3996567726135254 4.630318485200405 0.4070155024528503 178.3357185274363 0 0.3743058443069458 0.8005205094814301 14.33257669210434 0.3813237994909286 0.2543199956417084 0 0 1.019648492336273 0.2829903140664101 3.063675008714199 0.1797538101673126 0.7687583193182945 46.49797766655684 1.128715947270393 0 0.1128963232040405 0 0.2237410992383957 0 0 0.9856033101677895 2.632993437349796 5.684548661112785 26.75345838069916 2.138138860464096 8.830924920737743 4.408632889389992 0.7602524310350418 0.7548246383666992 6.253479465842247 1.881717085838318 1.618626192212105 0.265782542526722 0.3154712021350861 1.135057471692562 0.5055593401193619 204.8428982198238 6.773373872041702 0 24.91345227509737 36.34585407376289 42.82562348246574 35.18141660839319 8.828680299222469 1.226619452238083 69.08251088112593 2.018557190895081 9.936649009585381 2.636637941002846 0.3733228147029877 2.134164370596409 1.051144316792488 1.841325365006924 0 0.2137422412633896 0 0 0 0 0.6866789609193802 0.709783211350441 1555.257385015488 33.42337910830975 0 3.809829950332642 40.53948318213224 0.5249346494674683 0.6838909685611725 1.854423001408577 3.085656404495239 1.971837729215622 17.04255959391594 1.309893667697906 1.387714549899101 26.89901845157146 9.140045523643494 3.136688783764839 31.62079291790724 56.67973016947508 12.75810685008764 17.21792368590832 0.5118879377841949 0.5563019514083862 0 0.7148367166519165 0 0 0 0 0 0.2055743932723999 0.6172067523002625 0 0 0 0 0 0 0 0 0.2887703478336334 1.649948298931122 0 0 0 0.1607402414083481 0 2.864356823265553 0 0 0 0 0 0.4467233270406723 0.6535178422927856 0.190332368016243 0 0 3.258122086524963 0.1383602023124695 0 0 0 0 0 0.4301599562168121 0.1662433594465256 0 0.375281386077404 0 0.1433335244655609 0 2.311197057366371 0.5877532064914703 0.3519867807626724 0.1129714027047157 0 0 0.2973385751247406 0 0 0 24.82113913446665 0.9398811012506485 0 0 0 1.306777015328407 2.154710933566093 2.083713613450527 0.5174651592969894 0.8270208686590195 1.316010013222694 0.5892947912216187 1.537119165062904 0 0 0 0 0 0 0 0 27.47037819027901 4.634689256548882 3.425268024206161 222.7324702143669 9.47064583748579 161.1806923523545 20.99601638317108 257.1640986204147 18.41007603704929 0.2533016949892044 48.80214599519968 28.4707425236702 1.733375132083893 4.615367576479912 0.3859204947948456 40.83498771488667 1.105854392051697 0 3.754195839166641 0.9828563556075096 0
137.1427231281996 630.5170739963651 27.00417809188366 1157.869210444391 278.1544830054045 79.14882469177246 1453.064682893455 37.84117216616869 1253.548355937004 4413.269927293062 1060.826687529683 4810.071734771132 0 3338.231675498188 98.4819588214159 149.5405067130923 0.8744841814041138 1.64574771374464 0.4333807453513145 0.7770928591489792 5.488056801259518 3.171755641698837 3.184124924242496 1.013604000210762 2.881925784051418 2.830695942044258 3.014085829257965 3.136395148932934 2.177579924464226 1.09772039949894 27.62357226014137 3.061156682670116 2759.077712230384 1.121643990278244 1.13752144575119 5.339308440685272 176.3121550902724 3.363795295357704 36.5100919008255 2.642245203256607 2.345002554357052 2.347741067409515 0.3809587955474854 15.53780983388424 1.711724184453487 7.519889287650585 202.4975569993258 6.418924376368523 0.6120364516973495 2.84335894882679 0 3.907643780112267 36.87293599545956 1.099316790699959 2.70730110257864 5.291932627558708 14.69704989343882 58.24843360483646 6.682331226766109 45.42042934149504 16.97117046266794 7.643252804875374 4.008147977292538 18.4298147559166 5.212187305092812 5.495285511016846 1.419984593987465 3.019706472754478 2.58746276050806 1.843654498457909 1619.719880245626 58.08312763273716 0.1934935003519058 59.41381508111954 86.67548675835133 179.8727866783738 179.7741304710507 60.50057408958673 10.13395188003778 243.6595813408494 23.22180627286434 51.45200458168983 8.241970643401146 0.4869166016578674 3.819649942219257 4.554718099534512 5.143609769642353 1.355151504278183 0.6097866296768188 2.419219151139259 0.4566428810358047 0.5396225601434708 0.8188353851437569 0.5685846582055092 2.107363045215607 2632.822953395545 178.0496424287558 19.65443725883961 153.8424734696746 41.85851186513901 0.4200353026390076 3.32960407435894 4.904482454061508 11.14808367192745 2.434078194200993 33.71926176548004 3.301213890314102 4.73129203915596 67.41007947921753 20.18888131529093 9.264386653900146 81.6415913105011 154.2343745529652 32.19043727964163 42.64359375089407 4.649474576115608 2.514328561723232 0.5148896872997284 0.8943923264741898 0 0 0.2467663139104843 0 0 0 0.2325727939605713 0 0 0 0 0 0 0 0 1.552198708057404 5.484895721077919 0.3218852579593658 0.2986907809972763 0 8.140827648341656 0.1772870123386383 7.240120522677898 1.121629416942596 0.1413343399763107 0 0 0.3966193497180939 3.168394550681114 3.562368467450142 2.567375995218754 0 3.593371003866196 12.75572147220373 0.7088129222393036 0 0 0.2827503308653831 0.1480418890714645 1.947688296437263 0.6993424445390701 0.1127737686038017 0.524270310997963 0.9408784061670303 0.1776001900434494 0.4790571480989456 0.8540940955281258 8.089363686740398 2.140861123800278 0 0 0.122508592903614 0.1547845304012299 0.5184443444013596 0.2668850719928741 0 0.2366929948329926 92.20124972611666 7.460649520158768 0 0.2253492772579193 0.1653935611248016 9.52212181687355 2.862060382962227 5.350738070905209 0.5858770906925201 2.27067856490612 6.805259466171265 2.391107685863972 6.151673011481762 1.239043608307838 0.2948096394538879 0.1497337818145752 0 0.1851900666952133 0 0 0 75.12878299504519 20.39350987225771 13.1257040053606 629.5567815974355 67.43614577502012 534.4407993033528 93.93222714960575 396.794759079814 73.89244753867388 2.617136478424072 158.5165086090565 66.76559235155582 9.861629880964756 20.48514870554209 2.308947682380676 78.28516037762165 3.608577772974968 0.3800980299711227 9.493950679898262 5.108741044998169 2.039850533008575
45.40357995778322 896.3423404544592 284.4163307622075 224.6672388762236 1214.921448037028 60.60803791880608 760.5241819545627 394.597497664392 2828.889524377882 1397.449266262352 5759.232946112752 1041.522331058979 3338.231675498188 0 118.1282543316483 211.5674910694361 2.246087558567524 3.009109973907471 0.4673974066972733 2.44463162869215 9.123529851436615 0 6.521021053195 4.818171218037605 9.272402159869671 3.419861435890198 8.926637537777424 2.175550207495689 2.942975506186485 0.9766539037227631 118.0394932106137 5.824311442673206 2061.057892501354 3.27907507866621 8.101722031831741 28.15603215247393 254.6374435648322 10.74257817864418 6.883344687521458 6.380054086446762 5.89109393209219 2.170314237475395 0.2747721746563911 18.94835043698549 1.2914764508605 7.42248660326004 264.6341431364417 7.802862890064716 0.7046384364366531 2.8659787774086 0.1132842525839806 0.5000300258398056 0.8030291795730591 1.463524505496025 2.249382764101028 5.586789920926094 19.27011521905661 66.25291308015585 9.766767099499702 43.23373085260391 42.10491585731506 91.84453085809946 9.073961734771729 39.65899156779051 6.18873093277216 6.497694373130798 0.586369164288044 2.701619923114777 3.160190619528294 3.819588847458363 575.8749036341906 21.34905649721622 0 76.13655082881451 111.4128691032529 241.5207918286324 270.0616947412491 74.03574474155903 37.96091093868017 603.3001424074173 56.16855055093765 323.6531890034676 9.753168433904648 0 3.763112857937813 4.32563853263855 5.404886171221733 0.3083357065916061 0.6763001680374146 0 0.4013725444674492 0.1882631331682205 1.928308434784412 0.1564142107963562 0.9575320482254028 1447.062464818358 164.3522780686617 0.3934840112924576 11.39723059535027 39.72695745527744 0 0.4711468815803528 3.407012112438679 4.607511296868324 0.8311104103922844 31.19999700039625 2.47052426636219 3.634219735860825 34.95340843498707 10.22993613034487 8.201302610337734 51.40485449880362 95.08647851645947 34.32956569641829 29.67395605146885 2.288595832884312 1.580935060977936 0.1701554656028748 0.5809228494763374 0 0 0 0.2205101400613785 0 0.3239783644676208 0.138833224773407 0 0 0 0 0 0.3346052765846252 0.2756837904453278 0 1.414052844047546 3.031593434512615 0 0 0 5.726898267865181 0.2149069458246231 4.456828966736794 1.087103918194771 0.3862219527363777 0 0 0 2.185762360692024 1.447952389717102 0.7159674018621445 0 2.544416584074497 9.806414514780045 0.8810825347900391 0.2174077928066254 0 0.1611859202384949 0 0.08011452853679657 1.073366850614548 0.127163752913475 0.5042813792824745 0.8402766808867455 0.2545877397060394 0.1099027022719383 0.6031812727451324 6.894319847226143 1.5775545835495 0.1763565540313721 0.1896983981132507 0 0.2401965036988258 0 0 0 0 62.58980616927147 2.86814147233963 0 0 0 3.761369973421097 3.158662989735603 2.842675246298313 0 0.7138795107603073 5.119110330939293 1.049210399389267 3.084892690181732 0.2550925388932228 0.09214527904987335 0 0 0.4683066606521606 0 0 0 50.10779678821564 7.842714756727219 6.913732096552849 770.1269347369671 65.31483005732298 715.9796059504151 107.6173532754183 285.0475722923875 89.68072985112667 2.998800851404667 199.0515602901578 60.01662962138653 7.307089388370514 13.78469976782799 1.093412518501282 49.87279710173607 1.644022479653358 1.022510178387165 4.346724569797516 4.801265671849251 1.391239643096924
