0 3861.093786969781 698.6260612905025 817.1907088682055 305.771294772625 96.53418204188347 2298.777407824993 282.855710491538 88.5772740393877 1181.248175472021 611.6730379015207 78.48798514902592 231.9807113558054 185.0707184225321 2.299600549042225 0.4370817542076111 0 0.09573325514793396 0 0 0 0 0 0 0 0.3326602578163147 0 0.4979208335280418 0 0 322.1774029806256 1.500261843204498 2.591162830591202 0 0 0.1799840778112411 2.698189124464989 0.2470235973596573 0.8346146047115326 0.104939267039299 0 0 0 0.3752535879611969 0.2795622944831848 0.1245562881231308 17.96006251126528 8.21810545027256 0.1478837728500366 0.09373332560062408 1.135951474308968 0 0 0 9.71520421653986 4.839149981737137 165.5312778800726 1036.912923708558 21.00877684354782 72.16874960064888 0 0.2429738640785217 0 18.24029967188835 2.868779629468918 3.190088123083115 1.301669664680958 2.58462793380022 0.07255782186985016 0.2015110850334167 15.10555400699377 6.737714484333992 0.09867090731859207 195.9080128520727 18.04412234574556 12.44749712198973 5.73387797921896 2.274538643658161 14.09488684684038 124.3892976492643 0.1308833360671997 0.4244909286499023 10.10142683237791 0.5526237413287163 4.726263709366322 6.131237559020519 5.77830845862627 0 2.164061188697815 0.5047470480203629 1.090221375226974 0 0 0.6866708099842072 0.3539701551198959 152.862681016326 14.44554162025452 0.4997350126504898 1.738735161721706 1540.415670886636 0 0 0 1.011665463447571 0.4008700549602509 55.36715468764305 0 1.35329458117485 2.242667973041534 1.472918853163719 2.029074311256409 6.471570074558258 3.497469455003738 3.724074698984623 0.4250225126743317 0 0 0 0 0 0 0 0 0.1675339937210083 0 0 0 0 0 0 0 0.2208844870328903 0 0 2.424621120095253 0 0 0 0 0.978216290473938 0.3704372048377991 0 0.295782782137394 0 0 0 0 0 0 0 0 0.4112532138824463 1.032808691263199 0.1097132489085197 0 0.1146925687789917 0 0 0 0 0 0 0.2955387532711029 0 0 0 1.284332603216171 0 0 0 0 0.1446897089481354 0.2440178990364075 0 0 0 1.371713578701019 0 0 0 0.1367862969636917 0 0.1294872462749481 0.3808667659759521 0 0 0.3850759565830231 0 0 0 0 0.1327220648527145 0 0.6616262570023537 0.1134556531906128 0 0 1.800548985600471 0 0.3870557397603989 49.39360926300287 6.555707775056362 101.277799911797 10.65042251348495 752.6016035825014 32.9155178964138 3.393722414970398 7.287923969328403 0.2183405458927155 0 0.1229166388511658 0.23867267370224 0 0 0 0 0 0
3861.093786969781 0 532.8865064755082 193.603513456881 2889.930794671178 452.1769705638289 7264.050119064748 492.221168525517 1516.835385665298 222.2146205753088 2301.217836394906 29.2484272569418 944.737420335412 943.8309207856655 18.23463416099548 1.086202971637249 1.611882001161575 0.7410720065236092 0.1491088271141052 0 0.8255754411220551 0 0 0 0.2794360816478729 1.077765248715878 0.1689131408929825 0.7161835506558418 0.2743533104658127 0.1150333136320114 2080.865805640817 13.85885553061962 15.09807758033276 0.1621080785989761 0 0.5188411921262741 17.0343896895647 0.9015478491783142 3.587590783834457 0.964202918112278 0.6211632192134857 0.4909401386976242 0.3377280607819557 0.1571757346391678 0.1772762537002563 0.3019262105226517 135.4740177094936 36.36049228906631 2.299708284437656 1.719897530972958 5.801826551556587 0 0 0.3253148794174194 23.53491608798504 17.46018140763044 83.37624771893024 652.3857367038727 29.39823149889708 123.1539495810866 0.4669140875339508 0.2666499689221382 0.2200210094451904 22.33688048273325 13.63173244521022 13.01258328557014 6.190440863370895 8.682906039059162 1.261107251048088 0.6188973486423492 99.9175443649292 12.85228058695793 0.1085528433322906 211.2474062591791 37.50543662905693 69.32664711028337 50.83268223702908 3.904099740087986 12.2991990596056 138.0262722373009 0.7083858847618103 3.088083520531654 32.31772011518478 1.310768738389015 15.10936563462019 16.91730691492558 22.11299025267363 0 6.975856974720955 1.382207937538624 6.624368079006672 1.715050965547562 0.4176268875598907 1.899749889969826 0.5929933786392212 48.23691135644913 11.96790015697479 0 7.358626812696457 795.0609650313854 0.7291233837604523 2.301842555403709 15.19931808114052 0.3958187103271484 42.24427643418312 220.6746671795845 2.51423117518425 18.83086104691029 21.22135581076145 12.05665794014931 6.353117376565933 68.97982493042946 25.30610674619675 52.95200569927692 8.545361936092377 2.7760039716959 0.5260475873947144 0 0 0 0 0 0 0.1635562628507614 0 0 0 0 0.2086934596300125 0 0 0 0 0 52.01516619324684 6.733792543411255 0 0.2117500156164169 0.4338611364364624 21.74806690216064 1.564466089010239 2.909585751593113 2.156679503619671 0.5001928806304932 0 0 0.2965922057628632 2.037425667047501 0.3343917727470398 0 0 4.921802490949631 14.79670596122742 0 0.1759989112615585 0.104331374168396 0 0.1411435157060623 0 0 0.2850081324577332 0 0.1519195884466171 0 0 1.226195275783539 26.58862887322903 0.3405640721321106 1.362182587385178 0.2854733467102051 0.1865803003311157 1.172588288784027 0.595052495598793 0.8204573392868042 0 0.2164871990680695 44.98151119053364 0.6619134545326233 0 0.4512310102581978 0.9588519409298897 1.711239948868752 5.282638989388943 9.641750618815422 2.370722778141499 2.279705435037613 2.302683413028717 0.4535159766674042 0 0.1351008713245392 0 0 0 1.157213762402534 0.4468175321817398 0.2540318593382835 0 10.12325386703014 15.41211535036564 22.52130718529224 163.9459326416254 25.83077344298363 557.099659204483 48.76507818698883 918.4488737806678 103.9195548966527 11.16341969370842 48.16824576258659 20.34926084429026 1.739050507545471 34.88295624405146 2.575947791337967 5.121958523988724 0.7490880191326141 0.1489730924367905 1.436029314994812 1.021882832050323 0.277088850736618
698.6260612905025 532.8865064755082 0 3.444843992590904 174.7244162485003 139.6884876638651 198.6886666342616 2565.582789428532 204.2161368504167 28.41374233365059 2311.611300811172 3.797484412789345 73.67248000204563 219.1926477923989 23.70132803916931 8.679320968687534 3.038917005062103 4.259478956460953 3.888551712036133 12.95533671975136 59.17897018790245 0.2165034115314484 0.3803466632962227 0.3445902690291405 2.970450147986412 14.01212558150291 0 9.616353742778301 3.549118667840958 0 4440.495784081519 485.4714534133673 112.3934644684196 1.418116599321365 0.8874312192201614 15.43527603149414 200.9101517871022 5.213010862469673 41.35107207298279 2.409870967268944 38.10646058619022 4.775125004351139 4.856806710362434 11.14002299308777 7.223326049745083 28.02205204218626 86.96531970798969 24.65046935528517 5.62075974047184 22.30887648463249 4.06736196577549 0.1388037949800491 0.8001635670661926 9.625911079347134 17.82590159773827 10.29920584708452 61.20428109914064 1434.963896386325 13.39251168072224 99.82603296637535 15.46634290367365 19.0936623364687 35.57819081097841 643.3794682994485 9.487921208143234 8.813669472932816 7.732364803552628 15.54631713032722 15.66373379528522 96.31423999369144 607.564705953002 55.42180424928665 0 206.7975073829293 36.02344258874655 71.90335228294134 102.4207975268364 39.46102459728718 427.6412236094475 1605.509930118918 71.33569997549057 296.0777765214443 26.62441499531269 1.415264882147312 11.05878444761038 11.89372801780701 21.38599483668804 0 5.529185764491558 0.6637747958302498 4.897619314491749 2.040085315704346 3.845133662223816 5.062921792268753 2.304533623158932 97.63655970990658 147.0416760742664 0 147.9145220667124 479.7379279211164 5.46763764321804 1.00991690158844 38.33822667598724 1.867349863052368 113.473151743412 12.47519715130329 0 16.50587874650955 21.36542132496834 14.93214890360832 14.30078440904617 39.7006664276123 10.70770770311356 16.65247890353203 3.399882853031158 12.96971739828587 8.714916825294495 1.715410113334656 0.452925980091095 0 0 1.070447251200676 0 3.797718822956085 1.050673484802246 2.189231500029564 0.5469728112220764 3.848470985889435 0.1861760914325714 2.363073736429214 0.9307897314429283 0 0.8207515999674797 0 112.6763980090618 6.316648125648499 0 5.305796504020691 1.790707319974899 96.14102721214294 17.85173779726028 26.8408782184124 9.706181555986404 4.105851128697395 1.71797588467598 0 0.8195307999849319 18.35531398653984 7.318878799676895 4.736195355653763 0.2271541357040405 11.23118017613888 54.83799600601196 1.659050703048706 0.6019037365913391 1.357653945684433 1.403169929981232 4.250913470983505 0 0 0.5140999406576157 3.571106255054474 4.555499255657196 0 8.223167240619659 17.09073114395142 90.7499286532402 1.961875647306442 1.731352835893631 3.461273521184921 0.729477621614933 1.181762203574181 0.6081969738006592 1.413867183029652 0.3679924607276917 2.69644308835268 120.6788981258869 13.34512495994568 0 0.5890533849596977 0.5788070559501648 2.383759438991547 56.13768945634365 41.67386868596077 10.12144875526428 6.937641382217407 19.75161090493202 8.585371732711792 11.22939544916153 2.974468417465687 0.3318844139575958 0.1163746491074562 0 3.016873560845852 0.3590949773788452 0.1426843851804733 0 9.696189045906067 97.93785291910172 77.6237461566925 93.63420303910971 23.67966344207525 317.3151870518923 34.56641816347837 462.3997665420175 46.09654839336872 9.3797262981534 22.05678423494101 67.01366025954485 5.358292534947395 124.1074162870646 11.00270991027355 18.13748243451118 9.187644869089127 0.6194029450416565 7.790992707014084 0.4883545786142349 2.434356808662415
817.1907088682055 193.603513456881 3.444843992590904 0 42.59403852373362 156.6662794649601 426.0616843923926 0.4260764569044113 42.453667730093 1425.608641296625 1.497455149888992 87.82452690601349 470.4890435561538 35.58284404873848 0.1500601768493652 0 0 0 0 0 0.1427567899227142 0 0 0 0 0 0 0.0963318720459938 0 0 9.726433828473091 0 0 0 0 0 0 0 0 0 0 0 0 0 0 0 2.648636907339096 0.8614305034279823 0 0 0.2585779055953026 0 0 0 0.4542562440037727 0.4389149397611618 3.342904463410378 13.93043023347855 1.285383589565754 2.849583804607391 0 0 0 0 0.3004764690995216 0.4193058833479881 0.194539450109005 0.3272952362895012 0 0 0.2374262660741806 0 0 5.123853251338005 0.5615681260824203 1.3365164026618 0.459674209356308 0.1515327095985413 0 0.0960342139005661 0 0.1048601344227791 1.332554213702679 0 0.3325176760554314 0.4684009999036789 0.9870948269963264 0 0.3185728192329407 0 0 0 0 0 0 9.826204910874367 0 0 0 8.624666884541512 0 0 0 0 0.899081215262413 3.628012746572495 0 0.1837823837995529 0.8625977635383606 0.2117248475551605 0 3.916435688734055 0.4614145159721375 2.980582714080811 0 0 0 0 0 0 0 0 0 0 0 0 0 0 0 0 0 0 0 0 1.966640591621399 0.2993688583374023 0 0 0 0 0 0 0 0 0 0 0 0 0 0 0 0 0 0 0 0 0 0 0 0 0 0 0 0 0 0 0 0 0 0 0 0 0 0 0 0 0.193322017788887 0 0 0 0 0 0 0 0 0 0 0 0 0.2030075639486313 0 0 0 0 0 0 0 0.3039230108261108 0.9428668618202209 0.1853178888559341 4.960418500006199 0.4562861025333405 11.01305859535933 0.552756667137146 74.35139518231153 2.159984201192856 0.110570415854454 0.9139788448810577 0 0 1.789159625768661 0 0 0 0 0.2460375875234604 0 0
305.771294772625 2889.930794671178 174.7244162485003 42.59403852373362 0 30.58060246706009 3750.622321799397 89.5201660618186 4262.730961076915 365.2229687646031 450.6324122697115 22.35326685756445 656.1938188448548 543.5038833618164 23.15309008955956 2.891910642385483 0.7458975464105606 0.3148542940616608 0.09817855060100555 0.3418505862355232 0.2184386476874352 0 0 0.1122837066650391 0 0.6212133020162582 0 0.8832184374332428 0.1114852800965309 0 176.3429827988148 23.20031923055649 19.21413873136044 0.1484198868274689 0 0 23.81721815466881 0 1.352736726403236 0 0.5913060531020164 0.4392126798629761 0 0.4556391835212708 0 0.1907431930303574 115.6614408865571 12.18889698386192 0.2898074835538864 0.6339133307337761 2.242056883871555 0.1045625805854797 0 0.9224737882614136 7.662208124995232 9.192946583032608 23.97353778779507 88.19534757733345 22.05791494250298 45.80364222824574 0.2582508623600006 0.1325089037418365 0 16.90625680238008 5.383597455918789 7.357946746051311 3.160299606621265 2.820913501083851 0.09051566570997238 0.2103756442666054 163.8188128620386 19.47082203626633 0 49.29843513667583 15.56733269989491 46.15392991900444 48.58426120877266 9.705651067197323 0.7847271487116814 13.89379224181175 0.1162548586726189 0.7583880871534348 12.08010540157557 0.3515818640589714 7.2054303586483 8.070004470646381 8.642347976565361 0 2.737684547901154 0.8618813902139664 2.221492774784565 0.840391144156456 0 0.7806106731295586 0.5671572163701057 209.3026146441698 18.34202037751675 0 11.18933045864105 39.74292880296707 5.985943123698235 2.691747635602951 65.91024100780487 1.257030054926872 155.44640378654 43.51708327233791 4.999949291348457 67.61084750294685 80.91279877722263 28.89516739547253 39.09409801661968 226.1446575522423 75.97724884748459 189.3572322055697 31.37137757241726 6.334963351488113 6.177895158529282 1.740421682596207 0.1436600387096405 0 0 0 0 0.316273957490921 0 0 0 0 0 0 0.1298296451568604 0 0 0 125.3123489320278 11.6170357465744 0 0 1.069296211004257 52.4811986386776 2.002199530601501 11.86145085096359 2.802046708762646 0.3149621486663818 0.7008154988288879 0 0.1707285493612289 3.139418601989746 0.4669023305177689 0 0 9.364487126469612 35.32993229478598 0.2738017737865448 0 0 0 0 0.2759405970573425 0 0.255114383995533 2.180750370025635 4.452918402850628 0 0.2994117140769958 3.474600359797478 47.35478112101555 1.841900438070297 2.216931641101837 1.103482618927956 0 0 0.1545266509056091 0.3552301973104477 0.5336835980415344 0 92.25224760174751 2.859947204589844 0 0.9099601805210114 0.4219146370887756 4.328964337706566 11.69546709209681 13.93404506146908 5.587758615612984 9.202640786767006 17.96134415268898 2.219736486673355 3.701018109917641 0.8932109624147415 0.2892240881919861 0 0 0.8927455693483353 0.3810054063796997 0 0 32.52456006407738 32.64183288812637 31.83062233775854 264.4817202314734 24.46966713666916 482.418707318604 87.42193270474672 255.869341686368 106.0750278756022 8.785206876695156 109.0134464651346 28.34600993990898 0.9310564696788788 73.99690552055836 3.517973974347115 13.40570342540741 2.078862115740776 0 7.495643585920334 1.33942449092865 1.398105144500732
96.53418204188347 452.1769705638289 139.6884876638651 156.6662794649601 30.58060246706009 0 581.3194010332227 22.08173102140427 40.48872943222523 932.064353518188 28.99544291198254 267.219981148839 325.4627764448524 37.98840714991093 0.1198543980717659 0 0 0 0 0 0 0 0 0.251695305109024 0 0 0 0 0 0 105.9212874025106 0.1505349427461624 18.38640558719635 0 0 0 12.97718527913094 0 1.313402697443962 0 0.2365952432155609 0.1264998763799667 0 0.1147098243236542 0 0 1.621867939829826 0.4769237115979195 0 0 0.5526514202356339 2.102663666009903 0 0 0 0.09939964860677719 71.63800602406263 37.94475792348385 1.395619571208954 0.979948878288269 0 0 0 0 0 0 0 0.2108781337738037 0 0.3093273937702179 125.0134227126837 246.1516485065222 2.492359966039658 3.005473218858242 1.587028488516808 0.1159876957535744 0.5146034061908722 0.3545175716280937 0 7.027295790612698 0 0 0.1152758449316025 0.301432341337204 0.1986414641141891 0.6151676177978516 0.09759924560785294 4.350652381777763 1.428919360041618 1.675680637359619 0.4952720999717712 3.127622961997986 0 0.1159084588289261 0.2650847136974335 325.932605355978 223.3954733461142 6.152057722210884 4.788842380046844 780.2637514173985 0 0 2.405400387942791 0 0 11.9379948079586 0 0.4915350675582886 0.1321310102939606 2.499742984771729 0 3.484643310308456 2.63760170340538 4.293133467435837 0 0 0.3214044570922852 0 0.1871457248926163 0 0 0 0 0.1530373096466064 0 0 0 0 0 0 0 0.2836773246526718 0.50792396068573 0.3803744465112686 0.450901985168457 0 0 0.3512858599424362 0.4051429480314255 0 0.1238335222005844 0 1.101396389305592 0 0 0 0 0 0.4734568893909454 0 0 0 0 0 0 0 1.088407054543495 0 0 0 0 0.3763187229633331 0 0 0 0.2806418240070343 0 0 0 0 0 0 0 0 0 0 1.473133787512779 0 0 0 0 0 0 0 0 0 0 0 0 0 0 0 0 0 0 0 0 0.1624424457550049 1.417890757322311 0.2238116413354874 2.731666460633278 0 5.110679812729359 1.049505539238453 342.1083300858736 0.964981310069561 0.2137053087353706 0.1515957415103912 1.420661106705666 0 0.3147826939821243 0 0 0 0 0 0 0
2298.777407824993 7264.050119064748 198.6886666342616 426.0616843923926 3750.622321799397 581.3194010332227 0 85.24990545958281 2525.572021782398 1141.15509044379 426.4463818445802 18.84494432806969 2387.750851906836 3137.680889323354 34.02849740535021 5.297676853835583 1.287162989377975 0.5421518534421921 0.7875885292887688 0.1162298619747162 0.9881204217672348 0 0.1445828527212143 0.1057144179940224 0.1144535541534424 1.869543351233006 0.09524401277303696 1.433879964053631 1.817554764449596 0.131692111492157 245.9311249554157 35.02595230191946 19.7109527438879 0 0 0.1010724604129791 25.22599416971207 1.253691844642162 4.80482441931963 0.6335796490311623 1.69651360809803 0.5524834170937538 0.1970713883638382 1.38935649394989 0.4106650277972221 0.9573814496397972 207.1295769289136 37.30521270632744 1.712715111672878 1.144243381917477 6.594198822975159 0.4067875146865845 0.1854959279298782 1.473070941865444 22.59129057079554 22.36838329583406 70.99789657443762 303.7396245077252 48.17950174212456 103.5599636137486 0.168603241443634 0.6314832046627998 0.3890533223748207 25.06593956798315 17.45886407792568 15.72055238485336 7.503378510475159 7.447264887392521 0.2531091719865799 2.365239597856998 191.6858701854944 20.78557485342026 0.1989971771836281 155.910671338439 38.20022214949131 89.74906472116709 78.68778289854527 14.98669131845236 2.306532181799412 7.536814220249653 1.169529944658279 1.897825092077255 33.15978148579597 1.656763397157192 18.33856821060181 21.56142492219806 22.07716768234968 0 9.393642410635948 1.623922422528267 5.742007836699486 2.761186957359314 0.09688158333301544 3.272633202373981 1.907863087952137 298.4456238374114 27.06427001953125 0 18.21083530038595 120.905580855906 7.120262160897255 5.47515881061554 96.09340631961823 8.257607832551003 177.123475164175 49.48093955218792 8.124089762568474 82.87861773371696 119.5661581903696 37.90210309624672 40.55307000875473 304.6360415294766 114.2237364947796 237.2603079974651 34.94769685715437 9.209457844495773 4.132194176316261 1.502293229103088 0.8051183372735977 0 0 0 0.1732690185308456 0.5608719438314438 0 0 0 0.1758640706539154 0 0.1609300673007965 0 0 0.1533426940441132 0 167.121883481741 11.0594427883625 0 0.9562869220972061 0.3789495825767517 63.33879667520523 4.850369900465012 9.716101363301277 2.21666707098484 1.360033348202705 0 0 0.3744092509150505 8.598030090332031 2.987542569637299 2.366776689887047 0.2140882015228271 14.98728804290295 47.08162685483694 1.817279167473316 0.7037801668047905 0.2043101042509079 0 0.1057222336530685 0.2520435899496078 1.002665430307388 0.5462699830532074 2.806747250258923 8.43522622436285 0 1.45233878493309 3.309985533356667 68.25217531621456 4.76790489256382 0.7513530179858208 2.294037975370884 0.6038932204246521 0.5911657735705376 1.136909045279026 1.763848252594471 0.1576462388038635 0.3597522005438805 133.9559120386839 1.231072992086411 0 0.7804823890328407 1.414446033537388 6.265869751572609 13.87633188068867 17.69060590863228 13.58411249518394 15.80475802719593 24.89965557307005 6.902354523539543 7.141730189323425 3.316566377878189 0.09616462886333466 0.2254009172320366 0 2.223380476236343 0.540001668035984 0.2225197181105614 0 41.00887870043516 38.4017491787672 29.74105305969715 384.3904647752643 53.51992628723383 920.7795221358538 138.2146103307605 1038.274264290929 179.5655633732677 18.61255774646997 142.6178029552102 34.52564892172813 2.009072307497263 76.90523270517588 5.682425908744335 20.19976869225502 2.072271063923836 1.911058813333511 7.416581779718399 0.9915670230984688 0.3339875638484955
282.855710491538 492.221168525517 2565.582789428532 0.4260764569044113 89.5201660618186 22.08173102140427 85.24990545958281 0 272.8791013509035 4.352258451282978 2446.261534236372 9.259995222091675 436.1221300438046 550.7596480548382 83.89055395871401 33.14338380843401 9.097255736589432 14.44162863492966 3.172701045870781 23.08005398511887 151.6903011649847 0 0.1728427559137344 0.6922076940536499 6.824006728827953 48.64081810414791 0.549578070640564 19.86383867263794 6.206068329513073 0.1895000785589218 2149.248789049685 2844.44565294683 46.65098941326141 4.705563448369503 0.5376870483160019 51.09941381216049 29.05387926101685 3.071876063942909 5.165771283209324 0.4818789884448051 69.57650131732225 6.597480997443199 8.672521442174911 14.4580207914114 6.358303487300873 31.2242119461298 250.4734402894974 31.74766709655523 8.148978017270565 30.85308530926704 8.358226843178272 0.7483233213424683 0.6060322523117065 17.580691434443 15.14525361359119 12.37742240726948 52.19792917370796 547.7413354665041 26.12978881597519 111.2255449816585 39.0824478417635 30.61498308181763 94.49846813827753 643.9258884862065 9.861937507987022 10.958212018013 11.99503953009844 20.07929014414549 22.68868990987539 168.6757038682699 139.1257498934865 33.08364428579807 0 166.0932950153947 39.97831129282713 144.8867302983999 540.1693596988916 1164.533542253077 1274.939272865653 3496.672898873687 204.5631081238389 1425.598451979458 26.12598529458046 1.148612432181835 13.67322935163975 12.50284000486135 33.83973041921854 0.2922381833195686 7.307478867471218 0.9764692634344101 5.371019281446934 2.203435674309731 5.082533724606037 8.317830853164196 4.975586861371994 28.99384994804859 24.61803036928177 0 14.14188284426928 150.0277168303728 1.514752581715584 0 16.86724759638309 0 29.24179090559483 5.176827758550644 1.072859883308411 10.27846446633339 1.92721876502037 2.30625607073307 3.985315084457397 23.91944368183613 7.015453040599823 20.94133929908276 2.401968598365784 2.684370517730713 3.181799352169037 0 0 0.4853572845458984 0 0.3078943192958832 0.1315932273864746 0.08740411698818207 0.8836577981710434 3.994331389665604 0 0 0.9961577653884888 0 1.321494445204735 0 0.4959090948104858 0.2042315900325775 28.68880780041218 3.951436877250671 0 0.5792724192142487 0.5950855016708374 17.89945451915264 0 7.539920032024384 0.7347411215305328 0 1.806261494755745 1.336900666356087 0 3.115413278341293 0.3599251955747604 2.607788726687431 1.294434681534767 3.04553085565567 7.428280144929886 0 1.363233834505081 1.208335041999817 0 6.667593330144882 0 0 0 0 1.320887744426727 0 0 3.536714375019073 15.45594933629036 0 0.24848672747612 0.1480783075094223 0.1378208696842194 0.4980887919664383 0.4697602465748787 0.7756544873118401 0.1581267267465591 3.267816051840782 41.17270055413246 0 0 0.8432065695524216 1.24508261680603 0 4.066442549228668 9.764974921941757 1.394418060779572 3.100441247224808 5.272842928767204 1.312589406967163 1.757879137992859 0.3497670143842697 0.08617100119590759 0.259971022605896 0 0.991218164563179 0.3656719699501991 1.585979431867599 0 3.342699036002159 18.34950582683086 13.16870477795601 289.9962647035718 42.24768573045731 816.9021924063563 106.3855266496539 217.7131193578243 106.1941397115588 10.89215534180403 114.9222043827176 19.15839081257582 1.143562741577625 27.14706866443157 0.9309611618518829 2.240805119276047 0.165789008140564 0 3.277721047401428 2.385905012488365 1.847636282444
88.5772740393877 1516.835385665298 204.2161368504167 42.453667730093 4262.730961076915 40.48872943222523 2525.572021782398 272.8791013509035 0 255.4841973334551 1321.528707757592 29.14500793814659 1867.762095324695 1325.265158653259 21.79305453598499 3.717444516718388 0.4975987449288368 0 0.2846948802471161 0.1947413682937622 0.1117224618792534 0 0 0 0 0.5542385056614876 0 0 0.4453748464584351 0 88.30559619516134 13.16188693791628 2.941295176744461 0 0 0 8.437350988388062 0.2301165610551834 0.7067880854010582 0 0.2006648853421211 0.3647898286581039 0 0.4537455290555954 0 0.3271858617663383 74.93047223240137 4.954754337668419 0.09629309922456741 0 1.064079776406288 0.147659033536911 0 0.5249033868312836 2.173604920506477 2.781102046370506 11.52513720840216 36.78903948515654 11.23511234670877 17.2333914488554 0 0 0.1361141502857208 9.298306569457054 2.133700005710125 1.565483577549458 1.259322226047516 0.6816687434911728 0 0.2497517317533493 64.52958853542805 16.19672535359859 0 20.42179185897112 7.298496596515179 26.40382099896669 26.60443066805601 16.12775296717882 1.685977354645729 2.835780434310436 0.3728818595409393 0.6747855097055435 3.649488531053066 0.5037989690899849 2.294422268867493 3.228321425616741 3.170286133885384 0.09434141218662262 1.08324970304966 0.1524407714605331 1.103785946965218 0.2017288133502007 0 0.1608025431632996 0.6563170254230499 247.6540333330631 3.404707595705986 0 5.066481456160545 15.62258903682232 3.359215676784515 1.349395751953125 48.28102591633797 0.6398989260196686 108.8637103885412 26.49863429367542 1.779766842722893 51.22130456566811 59.75270810723305 22.7618735730648 20.06722033023834 195.2977766096592 59.96665903925896 183.3412227705121 23.28862714767456 2.417047455906868 2.107405796647072 0 0 0 0 0 0 0.2756827175617218 0.4071292281150818 0 0 0 0 0 0 0 0 0 85.23676687479019 4.926823392510414 0 0.4958484172821045 0.4850162267684937 22.52775347232819 0.3060886859893799 11.40539752691984 0.6253691911697388 0.5476996302604675 0 0 0.4995225369930267 2.700078010559082 0.6449709981679916 0 0 3.107135728001595 23.35030659288168 0.5124587193131447 0 0.7871454656124115 0 0 0.2017161399126053 0 0 2.062283977866173 5.204677812755108 0 0.298572450876236 0.4385662376880646 28.61769430339336 1.737656444311142 1.382087588310242 0.2506996095180511 0.2357437759637833 0.2913399338722229 0.482215017080307 0.6116089224815369 0.1118831932544708 0 64.35492451488972 0.8060493022203445 0 0 0.1074554845690727 1.280657947063446 2.214483514428139 9.15536667406559 6.223272860050201 6.718206986784935 11.20799876749516 1.306869491934776 1.92967963218689 0.6996256187558174 0.3340038061141968 0 0 0.530359223484993 0.2023299038410187 0.1229949742555618 0 29.74896451830864 21.24744421243668 9.699133187532425 376.256602615118 14.81385625898838 307.5676771178842 79.97069601714611 182.9250368997455 58.55927867442369 5.778844736516476 125.6460518017411 22.43470818549395 2.210683941841125 44.53932784497738 1.599296987056732 9.523708015680313 0.4720507860183716 0 1.745302990078926 1.113064244389534 0.3751006722450256
1181.248175472021 222.2146205753088 28.41374233365059 1425.608641296625 365.2229687646031 932.064353518188 1141.15509044379 4.352258451282978 255.4841973334551 0 21.32312870770693 1955.171055167913 6890.534434087574 135.9472639858723 2.436833322048187 0.5940079167485237 0.388386994600296 0 0 0 0.1015352606773376 0 0 0.3108327388763428 0.8420937061309814 0 0 0 0.1273389905691147 0 21.19405362010002 1.595568984746933 7.230493992567062 0 0 0.3240966498851776 6.517054602503777 0 0.6168598085641861 0.1563597470521927 0.2057060748338699 0.130535215139389 0 0 0.1271667629480362 0 17.89206989854574 4.160015225410461 0.3498350232839584 0.27240040153265 0.4380547851324081 0 0 0 2.585034258663654 1.790465235710144 17.58236885815859 51.03548426926136 4.477362371981144 10.63851649314165 0 0.3455003499984741 0.4357243478298187 2.564122304320335 1.711040116846561 1.377019412815571 0.283446729183197 0.5637217313051224 0.1354815065860748 0.105565220117569 99.40423635393381 10.91765904426575 0 18.81997315585613 3.016382798552513 4.445183962583542 4.485153280198574 1.816796235740185 0 1.253251858055592 0 0.115465983748436 3.16778976470232 0.1714829280972481 2.316463954746723 1.62097529321909 2.046785175800323 0 0.3704749420285225 0.1012713611125946 0.333064891397953 0.113295204937458 0 0 0 957.5242478251457 10.0606764703989 0 4.933371275663376 227.931648015976 5.39464695751667 6.019473612308502 32.07386954128742 3.270891383290291 70.061643242836 41.88642758131027 7.718594163656235 47.91965314745903 49.19237318634987 31.92360281944275 17.9824702590704 174.505068346858 66.23323655873537 158.6884711682796 20.17480969429016 4.597440212965012 1.586176082491875 0 0 0 0 0 0 0 0 0 0 0 0 0.3269024789333344 0 0 0 0 85.44264630973339 4.4799565076828 0 1.575841844081879 0 29.12019738554955 2.451755225658417 7.20429952442646 0.9368924051523209 0.1517399400472641 0 0 0 0.2947545051574707 0 0.488622784614563 0 1.708188414573669 18.01849755644798 2.216354221105576 0.525998592376709 0 0 0 0 0 0 0.9290828108787537 4.307142168283463 0.1724116206169128 0.7885142862796783 2.047632277011871 18.44619473814964 2.41878841817379 1.003079429268837 0.7705426216125488 0.1112962141633034 0.382975310087204 0 0.8101629167795181 0 0 63.27349928021431 1.461121201515198 0 0.1260424703359604 0.490667350590229 4.880079537630081 6.011703953146935 7.934637844562531 2.728063359856606 7.542653292417526 9.193584933876991 0 4.105312749743462 1.938677743077278 0 0 0 0 0.2199221849441528 0 0 31.10905501246452 13.27536381781101 8.126466900110245 49.75524087250233 4.014933504164219 74.12554601579905 12.2453518435359 1156.96898779273 13.76230835914612 1.622248657047749 19.55514815449715 24.77291952073574 0.3820840716362 37.98702239245176 1.593903332948685 15.63495081663132 0.4196840226650238 0 4.239743083715439 0 0
611.6730379015207 2301.217836394906 2311.611300811172 1.497455149888992 450.6324122697115 28.99544291198254 426.4463818445802 2446.261534236372 1321.528707757592 21.32312870770693 0 83.56212101876736 3729.488316729665 4444.780183777213 86.05465991795063 21.36374364048243 3.793137803673744 1.030056312680244 0.4058255329728127 0.886572539806366 2.856262445449829 0 0 0 5.426418229937553 5.283531747758389 0.1909072995185852 0.7232612669467926 0.9950383082032204 0.1115188151597977 951.8586427941918 130.2205073535442 55.82301914691925 0.1748636811971664 0 8.897957727313042 20.95470948517323 1.118568405508995 1.12670174241066 1.808703057467937 4.297246187925339 1.334247037768364 0.4749840497970581 6.209182858467102 0.6516203284263611 0.8994626924395561 225.1862854287028 17.53968697786331 1.48050145804882 2.625260002911091 2.473012559115887 0.2415227293968201 0 0.8712812513113022 11.59536682069302 9.938463054597378 26.91325175762177 182.9860140606761 23.36884549260139 56.80981028825045 1.51597286760807 0.1238195896148682 6.756503164768219 49.07897053658962 5.787426099181175 5.790691621601582 4.051977708935738 4.064926385879517 1.099701225757599 5.89851202070713 114.053321480751 18.97761808335781 0 71.57644604891539 17.76307522505522 89.1082888096571 115.0259816646576 78.67738225311041 106.5550481379032 316.9280054867268 1.252380296587944 7.842517770826817 14.49490604549646 0.6399365663528442 7.860769882798195 8.597253829240799 13.5342927351594 0 4.957305863499641 0.9043155089020729 3.097172245383263 0.5312457084655762 0.3286001682281494 1.526856929063797 0.7885123938322067 82.56698644161224 12.92040280252695 0 7.567924246191978 116.7932484522462 0.8145213723182678 0 27.26856550574303 0.3979747295379639 68.9477943778038 15.29891292750835 0.765584722161293 24.72083306312561 23.71484945714474 11.3122906088829 11.97347097098827 78.26250724494457 21.28409750759602 81.10677029192448 7.274216115474701 3.353208601474762 3.287031099200249 0 0 0 0 0 0 0 0.1983332633972168 0 0 0 0 0 0 0 0 0 57.81504052877426 2.969502419233322 0 0.1427813619375229 0.6361199244856834 23.4634690284729 0 4.0880326628685 0.284972295165062 0 0.3906351625919342 0.4398965537548065 0 0 1.770397737622261 0 0 2.413791462779045 16.40518699586391 0.1813357025384903 1.34210117161274 0 0 0.3769029676914215 0 0 0 1.39138787984848 1.842171058058739 0 0.1211842820048332 2.384127169847488 25.41090756654739 0.4746741950511932 0 0.4361239969730377 0.4202077090740204 0 0 0.2931702360510826 0 0.2245511710643768 51.57118228077888 5.674548774957657 0 0.2479288130998611 1.907479234039783 1.614477336406708 6.061185300350189 7.976841151714325 4.262401036918163 3.074519261717796 5.134765967726707 0.8822981715202332 0 0.968125194311142 0 0 0 1.463155090808868 0.1204395219683647 0 0 6.723279923200607 11.77963460981846 11.19056391716003 690.1987706422806 35.06257942318916 828.3995701372623 168.2060582414269 271.2787597849965 129.4882310181856 9.49729435890913 215.6807566285133 18.41849095374346 1.412937484681606 40.73593890666962 1.879977166652679 3.291903674602509 0.5269109010696411 0 0.9067573547363281 1.996749490499496 1.66799084842205
78.48798514902592 29.2484272569418 3.797484412789345 87.82452690601349 22.35326685756445 267.219981148839 18.84494432806969 9.259995222091675 29.14500793814659 1955.171055167913 83.56212101876736 0 852.8058859705925 66.35989221930504 7.766223512589931 3.31482794880867 1.301346585154533 0 0 0 0.1260044425725937 0 0 0 1.092194885015488 1.520354241132736 0 0.223722830414772 0 0 2.290676608681679 0.5028607398271561 7.836382508277893 0 0.3078870177268982 0.1442349255084991 16.07639312744141 0.3670507669448853 0.6921968758106232 0 0.1538811922073364 0 0 1.670790284872055 0 0 9.484969712793827 0 0 0 0.1860724985599518 0 0 0.53604456782341 0.0972769483923912 0.2915357425808907 1.278855606913567 1.489158242940903 0.4548242539167404 1.855152793228626 0.1653583645820618 0.5875748991966248 1.412295684218407 0.5660490393638611 0.07824522256851196 0.5100370422005653 0.07098082453012466 0.1431877464056015 0.6341025084257126 0 59.86199378967285 12.2063564658165 0 2.081024914979935 0.314786322414875 4.550114192068577 5.824961259961128 6.134016014635563 0 14.67439896613359 0.6489627659320831 0 0.9807681739330292 0.1749443560838699 0.1103110536932945 0 0.1021508574485779 0 0.2815153449773788 0.3761287927627563 0 0 0 0 0.2065206617116928 2168.823139622808 23.57009479403496 0 0.2182734161615372 56.5819521099329 2.857417985796928 1.918826654553413 25.7228080779314 3.445702448487282 46.06005378067493 20.55791215598583 4.337665185332298 32.98653937876225 45.0798221975565 16.28547455370426 17.55416367948055 130.2575221508741 43.51750385761261 151.5441909432411 12.48633801937103 1.056382685899734 0 0 0 0 0 0 0 0 0 0 0.1187344118952751 0 0 0 0 0 0 0 34.39451639354229 3.216972813010216 0 0 0.2409806996583939 11.2575773447752 0.3837599754333496 1.763663694262505 0 0 0 0 0 0 1.00084263086319 0.7122078537940979 0 1.262032985687256 8.77718323469162 0 0.2992563843727112 0.5859226584434509 0 0 0 0 0 0.5088349580764771 2.640362396836281 0 0.2099546045064926 0.223028838634491 14.93440583348274 0.9105834364891052 0.7020313888788223 0.1206291317939758 0 0 0 0.1054088175296783 0 0 36.87922045588493 4.657676696777344 0 0 0.1188335046172142 1.188552170991898 1.615135759115219 1.652865201234818 2.558002777397633 2.755206525325775 1.539133355021477 2.165331929922104 0.7353808581829071 0.2836734056472778 0 0 0 0 0 0 0 24.67616309225559 17.84231339395046 0.4576925337314606 203.7860348001122 3.902568146586418 51.4554034397006 16.85771752893925 325.4218601360917 6.66752590239048 0.4955901205539703 47.14161039888859 7.611334413290024 0.416720524430275 9.363297089934349 0.7608738392591476 1.143922537565231 0 0 0.2629556953907013 0.3093435764312744 1.119397953152657
231.9807113558054 944.737420335412 73.67248000204563 470.4890435561538 656.1938188448548 325.4627764448524 2387.750851906836 436.1221300438046 1867.762095324695 6890.534434087574 3729.488316729665 852.8058859705925 0 4457.716177083552 165.3436435610056 68.70821240544319 12.31862963736057 1.473414719104767 0.1365052461624146 1.143280908465385 8.550005972385406 2.9685138463974 0.2619673013687134 0.445131354033947 28.46921730041504 20.17723241448402 1.50699619948864 5.001620344817638 6.137444868683815 0.8124245405197144 63.39051259309053 21.60867514461279 367.8970979526639 0.1908318996429443 1.960936710238457 38.46110537648201 122.08385181427 17.53671081364155 5.278941005468369 6.491146631538868 8.061480782926083 1.732706643640995 0.9057314097881317 16.58772550523281 0.1445594877004623 1.761581525206566 206.5739963427186 8.93041667342186 1.35597275197506 2.743693970143795 2.517915576696396 1.975702837109566 1.517769858241081 4.206192463636398 3.548421040177345 5.978003658354282 14.25420943647623 47.25878096371889 16.77379185706377 37.63396544754505 0.6712669804692268 2.49219822883606 16.55305633693933 16.17643602192402 3.190736219286919 3.972664564847946 2.24377404153347 5.072350189089775 1.590119980275631 4.981612600386143 252.6259531825781 62.23798848688602 0 32.67651634663343 9.116253450512886 85.72668577730656 120.5300245955586 163.5620894506574 5.454072877764702 399.2042782753706 2.792791269719601 2.875589229166508 6.194217950105667 0.5519710183143616 5.638755962252617 4.033619657158852 9.404296047985554 0 1.776185549795628 0.7897374704480171 2.697508484125137 0.5602761656045914 0.3516119569540024 1.172990433871746 5.121296629309654 3563.904509149492 44.0862989500165 0 4.546111583709717 77.05454911291599 11.33747036755085 10.17891651391983 72.41601856052876 3.82677236199379 197.8898328393698 70.35157307982445 10.15915204584599 111.2667293548584 155.9674460142851 59.16689974069595 64.58753430843353 500.3008330911398 167.7124160975218 471.4757389351726 69.56485007703304 6.722965471446514 5.107472822070122 0.5036386698484421 0.4484218955039978 0 0 0 0 0.4243562817573547 0.1806997060775757 1.528287708759308 0.3859671205282211 0.2861543223261833 0.3799551427364349 0.2393182367086411 0 0.292250782251358 1.470989584922791 0 123.6006875634193 15.03137145936489 0 0.1818017363548279 0.1189960986375809 54.13719390332699 1.955821514129639 17.34804936498404 1.075014531612396 0.3601984232664108 0.7913789451122284 0.2729226350784302 0 4.412428930401802 1.23084419965744 1.066503867506981 0 3.703189998865128 23.61584402620792 0.8269731402397156 0.9767022877931595 0.1204282641410828 0.4842458218336105 1.02567682415247 0.2658333256840706 0.5889801383018494 0.3022592812776566 1.506361678242683 10.30270982533693 0 0.3609703481197357 2.973170235753059 55.81553357839584 4.300269976258278 1.181887716054916 1.329737171530724 0.4164118021726608 0.09054463356733322 0.1044209375977516 0.4460049271583557 0.1159353628754616 1.201059833168983 195.7213820740581 5.348362624645233 0 0.1252407431602478 0.712209053337574 4.866388708353043 7.106705322861671 12.81303109228611 6.274103693664074 9.056075736880302 16.74339414387941 5.412535652518272 1.54002445936203 1.256534285843372 0 0.1241962686181068 0 0.935712531208992 0.8842955827713013 0 0 104.4869447648525 56.922801181674 13.26488271355629 1888.326616413891 99.62979521602392 884.351691365242 312.5363760739565 643.5750541985035 150.3971696123481 10.31633788347244 616.9252340421081 34.73573882877827 2.931648001074791 51.52107588946819 5.62407324463129 18.01411145925522 2.435020603239536 0.8320156633853912 2.530279502272606 9.421612590551376 3.217333883047104
