0 2360.759712249041 298.9962021782994 1180.914980992675 243.5492864102125 88.96895045042038 2006.192747749388 63.42780539393425 20.37922119349241 947.6646023541689 152.6369674354792 61.84651448577642 149.6366164088249 22.59361446648836 1.514240406453609 0.4268673285841942 0.2795549333095551 0 0.3354094997048378 0.5239868015050888 0 0 0 0 0 0.165348082780838 0.09230101108551025 0.195424921810627 0 0.09744890034198761 1653.57922642678 9.115204803645611 1.192869894206524 0 0 0.3059242069721222 0 0.1117279827594757 0 0 0.6869591251015663 0.4627793580293655 0.2238586097955704 0.636766605079174 0.1090563982725143 0 50.7466337531805 12.75662383437157 0.3537758067250252 0.1440711617469788 0.9041682854294777 0.2635185420513153 0 0.09194893389940262 13.63284892588854 20.36242256313562 248.6274858340621 1510.941757284105 90.2829268053174 6.830847501754761 0.480509527027607 0.401840053498745 0 22.33912128210068 40.20109187811613 28.04611847549677 8.421709157526493 2.162913180887699 0 1.492239356040955 6.435575604438782 1.680640354752541 0 137.6896320208907 121.1472122073174 25.27517529577017 10.27135702967644 4.822528973221779 10.46099654585123 7.6157431229949 1.607853598892689 4.359017260372639 67.27470281720161 1.176944300532341 10.53669045120478 33.22090799361467 4.135327011346817 1.600377015769482 3.691478058695793 0.4725659713149071 0 0.2307293936610222 0.3522895872592926 0.2475351542234421 0.2138480097055435 42.08657152950764 1.367630004882812 0 0 1331.837966755033 0.1260757446289062 0 0.3271067291498184 0 0.4416743218898773 0.1349907070398331 0.3108797669410706 0.5084194913506508 1.36829274892807 0.1627190709114075 0.2926784157752991 2.648884952068329 2.151854917407036 0.9583084508776665 1.554312959313393 0 0 0 0 0 0 0 0 0 0 0 0 0 0 0 0 0 0.1529509723186493 0 0 0 0 0 0 0 0 0.2116780877113342 0.278204083442688 0 0 0 0 0 0 0.09040017426013947 0 0 0.591738224029541 0 0 0 0.1229687854647636 0 0 0 0.1465365290641785 0 0.2247705012559891 0 0 0.3234213590621948 1.172792986035347 0 0.1763329356908798 0.1202492415904999 0 0.2172386795282364 0 0 0 0 1.094772100448608 0 0 0 0 1.088276445865631 0.4478393942117691 1.183800637722015 0.1955984085798264 0 0.1939661204814911 0 0 0 0 0.2447108998894691 0.1769471913576126 0 0 0 0 0.7968695461750031 0 0.5079934000968933 149.8448036834598 39.08225832134485 360.0664758756757 26.10436586290598 1000.593606285751 115.9046865552664 8.499048553407192 30.2728573307395 1.724492691457272 0.3493772894144058 1.428271144628525 0.4363687336444855 1.147171273827553 0 0.1622194349765778 0.785828098654747 4.330279275774956 0.1923059374094009
2360.759712249041 0 717.9178515896201 294.581123329699 4847.547314934433 143.613869279623 10176.39909414202 584.0224059969187 1070.053937159479 501.3780091330409 1898.436989612877 35.65702622383833 385.7533668577671 254.7230164855719 13.8271287381649 7.45564329624176 0.6227419227361679 0.4092257246375084 0.128420889377594 0.1815002933144569 0.3972647860646248 0 0 0.2967958897352219 0.2597399950027466 1.063745051622391 0.2783416211605072 0.4482551887631416 0.6780930161476135 0.2342124357819557 1659.14157128334 75.23632945865393 5.437166176736355 0.1372474431991577 0.3387005478143692 0.4702798128128052 3.345744661986828 0.3590277656912804 0.1293661743402481 0 2.629756458103657 1.235901303589344 0.2374599426984787 0.7633043006062508 0.1700546443462372 0.5267480537295341 111.4190623015165 23.64797563105822 0.8910418674349785 1.355750180780888 1.501935333013535 0.4018689692020416 0.1169661954045296 0.5389740318059921 17.251075476408 21.26866591721773 164.1320637613535 1507.254475094378 74.50899095833302 19.02213934808969 1.453276917338371 0.7636672407388687 0.3032735735177994 57.89842971414328 45.61717155575752 34.60105780512094 12.92349550873041 3.516464091837406 0.3413361757993698 2.688870705664158 23.15895210951567 5.061546266078949 0 137.1993235647678 159.0082638114691 63.68445713073015 55.3895852714777 22.08254655450583 86.46500708162785 30.58353823423386 2.766874089837074 16.19818828254938 74.13004053384066 0.4315254986286163 14.04619148373604 40.66610089689493 9.739962622523308 1.973466292023659 5.22126991301775 0.8572420701384544 0.6765710860490799 0.4555833041667938 2.146561659872532 1.677882641553879 0.492831215262413 81.46953517198563 2.056405201554298 0 0.865568533539772 1041.426310159266 1.502284377813339 2.429886937141418 3.802353397011757 1.28417444229126 1.185578599572182 7.081785880029202 2.732982203364372 6.698854401707649 12.05484566837549 5.345465093851089 1.886800855398178 31.02662205696106 17.52113985270262 13.37016653269529 18.29097604006529 0 0 0 0 0 0 0.2994960844516754 0 0 0 0 0 0 0 0 0 0 0 0 10.30724927783012 0.1711211949586868 0 0 0 1.999152764678001 0.3220025300979614 0.3310629278421402 0.2474508211016655 0 0 0 0 0 0 0 0 0.6297414749860764 0.8995723128318787 0 0 0.1924813985824585 0 0 0.1026218608021736 0 0.2030543982982635 0.3958649039268494 3.777849182486534 0 0 0.4486213624477386 3.425141870975494 0.3919303491711617 0.1794491857290268 0.298577219247818 0.1004031971096992 0 0.1161330416798592 0 0 0 10.27656755596399 0.5834426879882812 0 0 0.5658514872193336 8.66814786195755 0 1.732751101255417 1.993890076875687 2.335478112101555 1.427910923957825 0 0 0.3346419036388397 0.09583205729722977 0.4290788248181343 0 0.3555062934756279 0.0960184633731842 0 0 6.599293768405914 2.638973668217659 0.174023799598217 327.2262969911098 77.45810946077108 531.4441519379616 37.04351084679365 1305.434066146612 91.80641145259142 10.3043093085289 77.22786022722721 9.189229920506477 0.7365167364478111 4.024226754903793 0.1672912538051605 12.43248926848173 0.5219950079917908 0 0.3669975847005844 75.46852581202984 0.1055206432938576
298.9962021782994 717.9178515896201 0 19.23705063760281 404.3511041626334 18.54239298403263 318.0026644319296 2875.092720136046 369.7877769544721 30.91583838313818 2942.926864005625 6.64312256872654 93.10182291269302 370.7107232660055 4.279783681035042 3.489720612764359 1.650768369436264 0.954497866332531 0 3.4709068313241 5.570153646171093 0 0.1465019285678864 0.8884956985712051 2.466867178678513 4.849536702036858 1.02665188908577 0.9571434184908867 0.5935698300600052 0 2517.72331827879 486.6970858648419 19.86478259414434 0 1.172597497701645 6.008104681968689 4.761667922139168 2.080044858157635 0.2311973348259926 0.4503828138113022 37.37132181227207 4.488491632044315 8.416276693344116 3.53460630774498 0 1.244426853954792 21.80664055049419 4.302291996777058 2.614477790892124 7.398586183786392 0.9789898321032524 0 0.08024303615093231 1.185048826038837 2.806335084140301 2.608947813510895 89.81170110404491 1981.136039696634 29.94964262843132 3.742237269878387 3.756656803190708 8.267920017242432 2.10684235394001 393.8565890938044 7.504233717918396 10.10205493867397 3.415083810687065 5.33135350048542 9.822865299880505 48.50786010175943 26.24237828701735 5.637030065059662 0 42.82593064755201 122.5139915645123 16.26211497932673 46.7235503718257 26.06603664159775 574.7622690349817 283.7890541031957 61.14458536356688 328.4765527099371 11.00349418818951 0.1298851817846298 4.050836846232414 5.910092554986477 7.176693096756935 0.4484495148062706 1.389478951692581 0.09344364702701569 0.2022369429469109 0.1056348532438278 11.32800713181496 2.415508925914764 1.319177061319351 11.77331232279539 1.374981269240379 0 1.247330665588379 324.2260034531355 0.3357279598712921 0 1.853252932429314 0 0.1087101772427559 0.8201660364866257 0 1.282835021615028 1.680100962519646 1.226850211620331 0.4652781039476395 6.105654872953892 5.096956461668015 3.529762759804726 4.452371157705784 0 0.260251373052597 0 0 0 0 0 0 0 0 0.2272615432739258 0 0 0 0.1992368102073669 0 0 0 0 2.757106147706509 0.6833591461181641 0 0 0 0.5424496531486511 0 1.349383659660816 0.4237561970949173 0.0770711675286293 0.1156865060329437 0 0.1208692565560341 0 0 0 0 0.5968960523605347 1.721271142363548 0 0.2760771512985229 0.1681376397609711 0 0.2466805130243301 0 0.2280078083276749 0 0 0.3861955776810646 0.2291253060102463 0 0 3.875827975571156 0 0.328039675951004 0 0 0 0 0.1677035242319107 0 0.6351302117109299 5.812176622450352 0.4840789139270782 0 0 0.5802059769630432 2.470692060887814 0 1.621385730803013 0.2608035206794739 0.3242320120334625 1.153020232915878 0.1043549254536629 0.4772234410047531 0 0 0 0 0.2773541361093521 0.148252859711647 0 0 2.475393265485764 2.009020179510117 0.6510041505098343 47.52446267753839 16.15009797364473 81.65406866371632 8.930369235575199 133.4552607983351 15.69203009456396 0.9384500607848167 12.61189543455839 3.525213122367859 0 1.334513492882252 0 2.353667512536049 0.7859011888504028 0 0 1.540889285504818 0.5445589423179626
1180.914980992675 294.581123329699 19.23705063760281 0 209.4827289953828 205.0313185602427 2014.470166146755 2.524938650429249 55.81686215847731 1862.269164115191 6.621332392096519 256.415696695447 1031.887644648552 44.02925904095173 1.17211689800024 0.9344103112816811 0.2640055119991302 0.1287565380334854 0 0.09784159809350967 0.1016619503498077 0 0 0 0.2887779474258423 0.1226928234100342 0 0 0.1443317979574203 0 117.7160371467471 3.295818783342838 0 0 0 0.2479024231433868 0 0 0 0 0.4035857617855072 0.2088102996349335 0 0.7183365300297737 0 0 10.14514865726233 2.482329308986664 0.1336724609136581 0.08879878371953964 0.2427681311964989 0 0 0 3.068845525383949 2.148346103727818 13.88468182832003 88.83281249552965 7.507649123668671 1.668518893420696 0 0 0 4.114393942058086 5.326592139899731 2.990703694522381 1.420117847621441 0.2173965945839882 0 0.1234837546944618 13.05367071926594 1.288911700248718 0 10.78610422462225 17.94272714853287 5.132811516523361 4.443224370479584 1.599713385105133 0.8167837485671043 0.5243715345859528 0.5864748358726501 0.6421560198068619 8.730160549283028 0.09243849664926529 2.656624175608158 5.146812230348587 0.3837249949574471 0 0.4157637357711792 0.09575265645980835 0 0.4053168222308159 0 0.1489381492137909 0 85.15475523471832 0.8489788174629211 0 0 199.2596201896667 0.5094891786575317 1.262981235980988 0.8996964544057846 0.1564517319202423 0.1453013271093369 4.097267083823681 0.2162481546401978 3.679790779948235 4.537809781730175 0.9706425219774246 0 9.127793550491333 4.535227701067924 4.774268567562103 3.756358161568642 0 0 0 0 0 0 0 0 0 0 0 0 0 0 0 0 0 0 0 2.95641765743494 0 0 0 0 0 0 0.2676049321889877 0 0 0 0 0 0 0 0 0 0 0.4157044142484665 0 0 0 0 0 0 0 0 0.7430080324411392 0.7889915406703949 0 0 0 1.049857370555401 0.4952960908412933 0 0 0 0 0 0 0 0 0.8627303838729858 0 0 0 0.1034386307001114 1.486693486571312 0 0 0.3772839233279228 0.8425981402397156 0 0 0 0 0 0 0 0 0 0 0 2.782987520098686 0 0 94.0137480571866 10.07499320060015 67.28063117712736 3.717342965304852 696.1314410790801 12.96328783035278 0.9200368896126747 10.31757935881615 2.206802994012833 0 0.4271352216601372 0.1841154843568802 6.797545820474625 0.2121468037366867 0 0 0.9342390969395638 0
243.5492864102125 4847.547314934433 404.3511041626334 209.4827289953828 0 7.637617990374565 2994.482434026897 330.57528539747 6464.874557070434 717.2847897484899 2325.344740837812 96.08467499911785 290.9438829571009 160.9589774385095 22.39278660714626 13.04511631280184 0.2712903991341591 0.479231096804142 0 0.6739502176642418 0.4905768260359764 0.1690903455018997 0 0.07750087231397629 0.1174556016921997 0.8676558136940002 0.1864715218544006 0.2652524337172508 1.208549313247204 0 208.1896314546466 85.26020818203688 2.414113432168961 0.1039771810173988 0.1013835817575455 0.7892246544361115 1.824376538395882 0.3051151931285858 0 0.4093489795923233 1.057897336781025 0.8790177255868912 0.5138595625758171 2.387316301465034 0 0.2774849385023117 83.70464377850294 11.03358493000269 0.6927937194705009 0.198044054210186 1.145984441041946 0.3805505186319351 0 0.2451796233654022 5.988307788968086 6.161201827228069 29.86200211942196 221.1402774080634 17.03010465204716 14.18369609117508 0.1182563453912735 0.5948135778307915 0 41.69574385881424 14.44734192639589 11.1089633256197 6.34347203373909 2.024153836071491 0.2837529629468918 1.355289027094841 21.05190917849541 4.290207669138908 0 40.73049586266279 47.07126969099045 42.56257951259613 63.68664098531008 39.75454706698656 21.55186372250319 7.168902017176151 1.509552575647831 3.483971133828163 27.92117004841566 0.4688731729984283 4.643679156899452 10.37383034825325 2.814267732203007 0.922559417784214 2.440628662705421 0.9044517353177071 0.6819620355963707 0.7322338372468948 1.202658720314503 0.7687253206968307 0.5522038340568542 160.2620735317469 1.973819889128208 0 0 48.26939905434847 1.627539396286011 3.204046584665775 10.99696634709835 1.930182993412018 3.428840734064579 18.43085537850857 1.54695400595665 21.16028794646263 31.3555071875453 13.14080707728863 6.719217717647552 70.39352732151747 44.7400610819459 30.01730864495039 44.3353158980608 0.1613477617502213 0.1758294403553009 0 0 0 0 0 0 0 0 0 0 0 0 0.1887053996324539 0 0 0.1006749868392944 0 21.01134782284498 0.1674665808677673 0 0 0 1.077631607651711 0.6822905838489532 0.8703570738434792 0 0.2352123856544495 0 0 0 0 0.1643919497728348 0 0 0.7507482767105103 3.645515792071819 0 0.634559154510498 0 0.1119860634207726 0.121735118329525 0 0 0 0.4251376241445541 4.80649533867836 0.6426238492131233 0 0 5.976466059684753 0.7091297134757042 0.3288674578070641 0.7262205332517624 0 0.3049478828907013 0 0 0 0 19.07883414626122 0.284069836139679 0.3521523773670197 0 0.1468452960252762 16.219537101686 0.1511727422475815 1.680049747228622 3.41287250071764 5.218512751162052 2.757341139018536 0.848395362496376 0.1347104460000992 0.1411253958940506 0.1299609839916229 0 0 0 0 0.2411328852176666 0 17.77973149716854 2.477230593562126 0.9406377971172333 275.5870325639844 53.36346110701561 291.9738962203264 34.3818453848362 182.9338064864278 43.471061617136 2.821776814758778 58.80839018523693 11.17269562184811 0.6337011158466339 12.08784390985966 0.2292098253965378 34.41635040938854 1.181612133979797 0 1.056374825537205 12.94505451619625 0.1133243292570114
88.96895045042038 143.613869279623 18.54239298403263 205.0313185602427 7.637617990374565 0 200.266680508852 0.6437726691365242 7.396478921175003 326.9710820615292 8.836522802710533 81.16132679581642 81.41516205668449 21.15734453499317 0 0 0 0 0 0 0 0 0 0 0 0 0 0 0 0 84.99536846578121 0.1146785467863083 12.74976931512356 0 0 0.5287557244300842 5.424519598484039 0.2930296361446381 0 0.143530011177063 0.1352737247943878 0 0 1.170159161090851 0 0 3.207389354705811 0.5391635596752167 0 0 0 2.401439607143402 3.265819758176804 0 0.1856585144996643 1.159564115107059 154.0239933654666 49.60900385677814 2.631867580115795 0.4899157583713531 0 3.710918128490448 0 1.344607055187225 2.638420760631561 1.147993765771389 0.2144905030727386 0 0 0.1224177330732346 88.04789155721664 82.8508437871933 8.503794059157372 5.176955871284008 4.851365268230438 0.6187284141778946 0 0.121492512524128 1.058677330613136 5.723923459649086 0.3774268627166748 6.547563120722771 5.05539333820343 2.182526186108589 0 2.587107129395008 0.3872530460357666 2.436028242111206 0.1277095824480057 3.015297055244446 0.09746938943862915 0 0 0 0 137.1167520731688 56.83964151144028 18.37571492791176 7.093352943658829 893.7839996218681 0 0 0 0 0 0 0 0.1849368661642075 0.4456888288259506 0 0 0.6564014256000519 1.064989432692528 1.095520630478859 0.3614673316478729 0.1315185725688934 0.1216355636715889 0 0 0 0 0 0 0 0 0 0 0 0 0 0 0.1635960638523102 0 0 0.09931928664445877 0 0 0 0 0 0 0.1240440383553505 0.7257279455661774 0 0 0 0 0 0 0 0 0 0.2244424670934677 0 0 0 0.9830703884363174 0 0 0 0 0 0 0 0 0.200663149356842 1.01228055357933 0 0 0 0 0 0 0 0 0 0.3531764447689056 0.3561771512031555 0 0 0 0.1755260974168777 0.3826580345630646 0.6588425636291504 0 0 0 0 0.1611030399799347 0 0 0 0 0 0 0 0 0.6243085861206055 0 0.4475527405738831 44.85658513754606 3.025172181427479 23.42088247835636 2.225853897631168 375.2157469540834 8.743045598268509 0.4275057017803192 2.664999410510063 0.2939166724681854 0.1319603621959686 0.5053465366363525 0.6035025268793106 0.3898756206035614 0 0.2161027789115906 0 0 0
2006.192747749388 10176.39909414202 318.0026644319296 2014.470166146755 2994.482434026897 200.266680508852 0 156.1642218232155 2780.627978101373 5369.82542168349 803.6557057723403 621.1291827186942 3739.396959155798 886.6461003273726 56.6992878690362 39.24443386495113 1.737041816115379 0.5388571694493294 0.1070474311709404 0.3338614851236343 0.7609661519527435 0 0 0.09791184961795807 0.3055486083030701 1.137203693389893 0.804320365190506 1.633746653795242 1.949324913322926 0.09611637145280838 445.9692736193538 150.32618676126 10.11534612625837 0.09121465682983398 0.1668675765395164 1.257044978439808 4.164294041693211 0.5257138088345528 0.3607496321201324 0.5376314595341682 1.82461915910244 3.432860724627972 0.6401975750923157 7.303052999079227 0.08698864281177521 0.4637704417109489 191.774570286274 30.03371360898018 1.312245450913906 1.176644362509251 3.493987791240215 0.3492139801383018 0 0.7948871627449989 12.64607617259026 16.48309048265219 86.46563540399075 558.6286773607135 49.76262129843235 31.04590557515621 2.414106443524361 1.260585710406303 0.1357649117708206 92.91440719366074 39.93207899481058 37.54397007077932 17.15991228073835 4.376897267997265 0.4353641048073769 2.803965240716934 37.57921237498522 5.979386381804943 0 116.9689070731401 131.6560880169272 99.27379427105188 124.4080616086721 87.61064264178276 35.6129215657711 21.27316135168076 4.286264546215534 11.20498049259186 75.20567281544209 1.53123489767313 17.09317216277122 39.90694239735603 9.62908648699522 2.170175999403 6.092894554138184 1.95493122190237 0.2872379198670387 2.638454101979733 2.756844006478786 2.86237721145153 1.107217147946358 765.4382037296891 5.184188961982727 0 1.468581028282642 250.4540908560157 5.524138100445271 12.71693286299706 25.68750532716513 7.551839135587215 9.353482969105244 53.66261161118746 7.583283595740795 52.16886302828789 83.54284550994635 34.34562605619431 14.24697722494602 195.5861424729228 119.0094525665045 91.35976707190275 99.65598770231009 0.7849975973367691 1.654118150472641 0.133854016661644 0 0 0 0 0 0 0.1030162647366524 0.1241874992847443 0 0.09544343501329422 0 0.1025910973548889 0 0 0 0 51.07854689657688 0.3287013918161392 0 0.07587330788373947 0 3.112532131373882 0 3.262909233570099 0 0 0 0 0 0.2883914113044739 0 0.1094179302453995 0 2.88587898761034 5.462134391069412 0.8822866380214691 0 0 0.5054955780506134 0 0.2773519679903984 0.1083576008677483 0 1.142229653894901 10.65712588280439 0.0931384488940239 0 0 18.66869815438986 4.769819870591164 0.4738852307200432 0.4675334915518761 0.2452604919672012 0.54356399923563 0.09400381147861481 0.354852981865406 0.1164913699030876 0 45.15689790248871 0.09611868113279343 0 0 0 32.64735134691 0.4777911677956581 7.477733477950096 5.849908523261547 10.31953211128712 5.699597656726837 1.536106243729591 0.368253767490387 0.8490519300103188 0.1036110073328018 0.112223319709301 0.1116336062550545 0.8513084203004837 0 0.1265306323766708 0.1016412302851677 41.62002950161695 3.771458394825459 1.923323698341846 693.2931062355638 144.3649622425437 748.7119603008032 84.00342629104853 1348.183881640434 122.1973662227392 9.383456118404865 157.018302321434 26.04279392212629 2.861142009496689 25.38793411105871 1.022202454507351 76.02135939151049 3.833962984383106 0.2331342324614525 3.352318316698074 11.95972564071417 1.134979747235775
63.42780539393425 584.0224059969187 2875.092720136046 2.524938650429249 330.57528539747 0.6437726691365242 156.1642218232155 0 266.7125412449241 10.08006931096315 1859.427819862962 12.34646623581648 189.374521560967 719.4917219057679 16.08543821424246 18.82496344298124 3.052731782197952 4.20191915333271 0.2564262524247169 10.59581200778484 18.7304889112711 0 3.902696512639523 1.717432603240013 13.49508559703827 19.48000759631395 5.45240243524313 3.128811210393906 0.8203296959400177 0.4842927828431129 1046.636484317482 1005.228156134486 76.94805262982845 0.5584268346428871 5.772224314510822 32.50885071605444 22.29600465297699 13.19430465996265 1.306374594569206 2.256337776780128 168.3294209241867 16.95863757282495 37.46828162670135 7.11442881077528 0.5112791731953621 3.009712807834148 41.23859626799822 7.64864457398653 5.06408429145813 30.44996177405119 3.249479182064533 0.3084319829940796 0 4.000840149819851 2.590771645307541 1.89171576499939 32.14136818796396 404.6329505220056 14.71569898724556 5.546488128602505 11.16055013239384 33.19988446682692 12.61058160662651 702.5444392189384 9.009701944887638 12.52842153608799 5.86756170541048 21.58157430589199 37.85012554377317 160.7772626876831 40.04642117023468 6.381125196814537 0 25.54952862113714 58.39814453572035 21.53136562556028 146.6725086793303 89.59959031641483 1613.157359354198 621.0838392153382 388.9646169319749 1692.282450139523 12.30723490566015 0.2127401158213615 5.837599314749241 4.856992624700069 18.07177589088678 0.6250123828649521 0.7503911927342415 0.3431893810629845 0.4775213301181793 0.8101825565099716 38.26005803048611 7.734434388577938 2.801351770758629 28.20801937580109 7.007048040628433 0.2284439206123352 0.6881176084280014 42.67302829772234 0.3937372863292694 0.1253915578126907 0.6108615547418594 0.7869856059551239 0.1365861445665359 0.6205762922763824 0.3269913494586945 1.214005097746849 1.128649041056633 0.1938283443450928 0 5.480366297066212 3.889903172850609 3.620569631457329 2.756504364311695 0.3035470768809319 0.1896427050232887 0 0 0 0 0 0 0 0.1384482830762863 0.6789426356554031 0 0.0887860581278801 0 0.08264925330877304 0 0 0 0 2.248804643750191 0 0 0 0.09371171891689301 0.08330695331096649 0 1.136577077209949 0.185847632586956 0.08797943592071533 0.3737078160047531 1.482270181179047 0 0 0 0.3074094206094742 0 0 0.5080165639519691 0 0 0.8085015416145325 0.1229345947504044 1.100783929228783 0 0.1730635017156601 0.1696976721286774 0.348594531416893 0.6292172521352768 0 0.118151567876339 0.2023217752575874 1.897893853485584 0 0 0 0.1938759535551071 0.1514273881912231 0 0.2272648364305496 0 0.2100914716720581 3.246061757206917 0 0.2308522164821625 0.5946424007415771 1.864040195941925 2.389775156974792 0.292245164513588 0.8268359303474426 0.4363277405500412 0.2066631466150284 1.120676182210445 0 0 0 0 0 0 0.2674800753593445 0.3308463096618652 0.2022706866264343 0 2.632425248622894 1.171804428100586 1.541449770331383 70.76175209879875 25.23272254317999 129.0461678057909 18.54555911570787 28.10804199427366 14.54109411686659 1.597434975206852 18.99826326221228 3.383972778916359 0.2157478556036949 2.630280077457428 0.4859651029109955 3.57256643474102 0 0.1176902130246162 0 2.316086076200008 0.3402079343795776
20.37922119349241 1070.053937159479 369.7877769544721 55.81686215847731 6464.874557070434 7.396478921175003 2780.627978101373 266.7125412449241 0 329.1873795613647 3868.263190291822 90.72938986122608 701.9992106929421 802.263622045517 35.253352843225 22.84935750812292 1.0540791451931 0.2587684169411659 0 0.08264372497797012 0.3484339490532875 0 0 0 0 0.4021640792489052 0.2621651589870453 0.1956330686807632 1.286228455603123 0.3548341020941734 78.52146754413843 93.12259159982204 1.591350257396698 0 0 0.1197290644049644 1.01166695356369 0 0 0.2076645717024803 0.4702858403325081 0.3616290986537933 0.2450641468167305 6.553846791386604 0.08471868932247162 0.1996146738529205 79.09903907030821 5.271874971687794 0.2886087596416473 0.3942817598581314 0.4379868879914284 0 0.2534842193126678 0.2175320312380791 0.9669523164629936 2.096587017178535 13.93469140678644 80.03360115736723 6.933667898178101 9.303443975746632 1.096970908343792 0.8602524325251579 0 48.39052610099316 6.062495246529579 4.859192356467247 1.4722740650177 0.5121894627809525 0.1028848364949226 1.113421261310577 15.90170220285654 3.046376004815102 0.2393825352191925 22.71616414189339 25.25228713452816 34.88423079252243 66.84989399462938 62.49174685776234 30.93581509590149 24.65664328634739 1.217483580112457 3.4256601780653 10.10939597338438 0.437527634203434 2.366830661892891 4.78212758898735 1.60450442135334 0.4742023348808289 0.943193793296814 1.034567922353745 0.2649765610694885 0.4439132958650589 0.8530199080705643 0.7740668132901192 0.5913889706134796 277.3001337051392 2.015811324119568 0 0.1282245665788651 12.89543153345585 1.793206118047237 3.96803392469883 9.141827180981636 3.996904261410236 1.706806488335133 26.69169653952122 2.061868540942669 20.49421968311071 35.6659721583128 10.20145712792873 5.777843341231346 81.75654087215662 47.77301067113876 41.7900340333581 37.38271147012711 0 0.3624623715877533 0 0 0 0 0 0 0 0 0 0 0.1526624113321304 0.257670134305954 0 0 0 0 0 16.96697732806206 0 0 0 0 0.6428713351488113 0 1.604465588927269 0 0 0 0 0 0.2081625387072563 0 0 0 0.760774090886116 4.305342122912407 0 0.2671582996845245 0 0 0.2225564420223236 0.09206730872392654 0.6356240138411522 0 0.4395297467708588 4.680376686155796 0 0 0 7.178718209266663 0.8120848834514618 0.2084004804491997 0.6995180994272232 0 0.2074609622359276 0 0.1686057448387146 0 0 17.65105025470257 0 0 0 0 15.42499126493931 0 2.09612438082695 1.282271668314934 5.592674434185028 2.168466433882713 1.035442516207695 0.1360400170087814 0.669335700571537 0 0 0 0.2773627415299416 0 0 0 17.73799924552441 2.057750567793846 0.9477463662624359 353.5641953274608 51.5500471368432 261.907228268683 41.36089576035738 107.0752277299762 31.3461958989501 1.643961928784847 70.22385790199041 10.04802417755127 1.079550199210644 9.876029044389725 0.525850921869278 30.95779459178448 1.968433767557144 0.3166107535362244 0.967714861035347 4.320369757711887 0.6155914217233658
947.6646023541689 501.3780091330409 30.91583838313818 1862.269164115191 717.2847897484899 326.9710820615292 5369.82542168349 10.08006931096315 329.1873795613647 0 40.34819261729717 701.3934845998883 5552.6878419891 249.8455211743712 7.408740051090717 5.063704624772072 0.4275453016161919 0 0 0.09969665855169296 0 0 0 0.08281359821557999 1.067601718008518 0.1948973536491394 0.191606417298317 0.8784403949975967 0 0 59.65445324033499 11.73978763073683 33.26208621263504 0.1046349927783012 0 3.071239620447159 22.2484318614006 1.830017730593681 1.060973972082138 0 0.4999755993485451 0.134036585688591 0 1.441665410995483 0 0.1031637713313103 22.53117618709803 2.328855037689209 0.2171778529882431 0.1097840741276741 0.1400946080684662 0.1341525316238403 0.2387358546257019 0 0.6530292481184006 1.584804505109787 36.19314761459827 65.36779630184174 3.899732984602451 1.958157785236835 0.2819553315639496 8.298237316310406 0.4497374594211578 7.151838302612305 3.132868647575378 2.92630647867918 1.380195342004299 0.1040402054786682 0 0.3325813710689545 243.6260812878609 19.50898429751396 0.243027538061142 12.18122983723879 13.44364901632071 9.575754448771477 11.50407335162163 8.033478401601315 3.025378957390785 2.338217206299305 0.7913996577262878 2.91759679466486 6.464748680591583 0.1718581467866898 1.657418355345726 4.075697213411331 0.4922634139657021 0.2411911562085152 0.1920288503170013 0.2019314467906952 0.1050194203853607 0.1464489698410034 0.6552320867776871 0 0 883.7758349403739 32.11167281866074 1.073531478643417 1.163197413086891 818.5896470546722 5.536083333194256 13.60502095520496 16.87029930949211 5.98041532933712 4.473108537495136 35.3422634974122 4.694775328040123 46.42572036385536 49.27636558562517 18.50845037400723 8.017750769853592 133.0476520210505 75.42164126038551 65.18601259589195 58.56572343409061 0.1693643629550934 0.146217867732048 0 0 0 0 0 0 0 0 0 0 0.2067521214485168 0 0 0 0 0 0 33.36972392350435 0.631581723690033 0 0 0 1.566164925694466 0.5551086813211441 1.552605226635933 0 0 0 0 0 0 0.2761526107788086 0 0 1.441724710166454 4.298031210899353 0.2465324997901917 0 0 1.001244366168976 0 0.1933650970458984 0.2339356988668442 0.1258255988359451 0.5060450434684753 8.955028094351292 0.3517006039619446 0.1627823859453201 0.1431469321250916 11.89841237664223 1.888921841979027 0.5700488910079002 0.7377582788467407 0 0.5648883581161499 0 0 0 0 23.63393013179302 0 0 0 0.09505102038383484 20.74468228965998 0.2037614732980728 2.923901677131653 3.113801069557667 12.56723602861166 2.699341639876366 0.6196164041757584 0.1582088321447372 1.415221929550171 0 0 0.09906939417123795 0 0 0.2198531329631805 0.1363040655851364 22.13660016655922 4.782981120049953 1.050270929932594 736.5531845614314 18.7841793820262 102.4109514802694 13.12998224794865 1251.887137316167 13.95126312971115 0.8709004744887352 24.81415212899446 13.44550377130508 0.2393044382333755 19.46727273613214 0.19162218272686 93.16599677503109 2.510912202298641 0 2.390527874231339 0.6612022817134857 0.3202063143253326
152.6369674354792 1898.436989612877 2942.926864005625 6.621332392096519 2325.344740837812 8.836522802710533 803.6557057723403 1859.427819862962 3868.263190291822 40.34819261729717 0 108.8405194431543 1121.709905482829 4361.310978725553 43.43540357798338 41.37763721495867 1.219079107046127 0.4891238436102867 0 1.051881156861782 3.629823811352253 0 1.377073861658573 0.786527618765831 14.85714708268642 14.07669752091169 4.04255349189043 1.82195832580328 0.8956844061613083 0.7254158854484558 497.2755874171853 214.4802504405379 229.6411314159632 0 2.611596807837486 58.45708990842104 54.348263412714 24.06216722726822 1.439929664134979 2.260920360684395 47.09102564305067 2.776694484055042 1.84883850812912 8.569112129509449 0.2174234539270401 0.633415013551712 86.48967791348696 6.997716583311558 0.8765439540147781 2.62987108528614 0.5394817292690277 0.5157297402620316 0 0.381834551692009 2.48397758603096 3.283145047724247 23.63417377322912 222.9270777404308 12.86517641693354 11.14959517866373 2.67697761952877 14.02378077805042 8.887433938682079 67.02266971766949 9.006007730960846 9.105149485170841 3.817932598292828 3.633338652551174 2.302959896624088 16.74991939216852 88.11744731664658 6.760998643934727 0 34.56738793104887 37.28101293742657 46.3287603110075 86.60136642307043 85.58624617755413 392.9107149317861 236.8397996798158 34.81686577945948 321.1391730085015 15.72768076509237 0.3835810944437981 4.378308169543743 9.226763762533665 4.289801135659218 0.2650327458977699 1.163915999233723 0.4777675792574883 0.1129668802022934 0.8037383258342743 6.249679572880268 2.123436100780964 0.6341156363487244 155.7239060848951 12.57667145133018 0 0.5059537440538406 49.14243257045746 0.3419455364346504 1.536862909793854 4.218537241220474 0.7345629781484604 1.207707352936268 8.073995307087898 1.228115320205688 7.156429886817932 12.77012966573238 4.248806163668633 2.214378677308559 28.98614275455475 20.6731812953949 14.86569367349148 14.41359180957079 0 0 0 0 0 0 0 0 0 0 0.5170686990022659 0 0 0 0 0 0 0 0 9.961569800972939 0 0 0 0 0.114833265542984 0 0.9137039110064507 0 0.1232609301805496 0.6290497779846191 0 0.160132884979248 0 0.1193369030952454 0 0 0.3817537426948547 1.931722968816757 0.2319549024105072 0 0.5527499318122864 0.08411755412817001 0.557547003030777 0.2710393369197845 0 0 1.219321712851524 2.182463191449642 0 0 0.1924101933836937 4.196821644902229 0.2082707434892654 0.151504173874855 0 0 0.254729688167572 0 0 0 0 10.29142629355192 0 0 0 0 7.142648562788963 0.2198510840535164 2.003102615475655 0.7299915105104446 1.330846756696701 1.14219157397747 0 0.1481675952672958 0 0.09388844668865204 0.1323371231555939 0 0.2193994224071503 0 0 0 6.83544884622097 1.54716382920742 0.4691341817378998 243.1065492555499 53.44570613652468 268.2633295953274 42.33232770115137 79.07103898376226 34.38549194484949 2.502669028937817 63.7099341750145 9.906452320516109 0.3043473809957504 8.966330789029598 0.1240121722221375 15.33981425315142 1.327869333326817 0 1.421552315354347 2.796108566224575 0.6527424305677414
61.84651448577642 35.65702622383833 6.64312256872654 256.415696695447 96.08467499911785 81.16132679581642 621.1291827186942 12.34646623581648 90.72938986122608 701.3934845998883 108.8405194431543 0 1108.025547355413 160.5969940647483 16.31459514051676 17.68528434634209 1.371637940406799 0.2374481186270714 0 0.2661740481853485 0.4655430465936661 0.4969040155410767 0 0.146490678191185 6.318100593984127 0.8846743628382683 0.7021996155381203 1.01396768540144 0.6912292093038559 0 6.796410985291004 11.36538860201836 85.7155673801899 0.1259571015834808 0.2969381511211395 26.40731515735388 111.7247526422143 34.81036505848169 18.86321543157101 1.692922733724117 7.302426017820835 2.059538066387177 0 6.121423736214638 0.1840606182813644 0.4176656231284142 16.51260626316071 0.5165685266256332 0.1103447377681732 0.3358032405376434 0 0.2478023245930672 5.015475288033485 0.4601201862096786 0.2213346511125565 0.1938123553991318 2.420020088553429 8.523999884724617 0.6771053448319435 1.920505106449127 3.306257709860802 11.30077946186066 1.084353625774384 8.255293846130371 1.2292225882411 0.3922643736004829 0.09177644550800323 0.4122705087065697 0.470549613237381 3.606682546436787 170.8224519491196 36.15067920833826 0.3235965818166733 1.813194341957569 1.792355343699455 6.225527249276638 21.88334781676531 27.73766679316759 6.636703491210938 10.45288550108671 3.243892632424831 14.49580793082714 1.14018839597702 0 0.5751707181334496 0.679919421672821 0.2626553326845169 0.5385943949222565 0.09664999693632126 0.3969822824001312 0 0 1.619072251021862 0.2106739282608032 0.2791318446397781 1690.95359441638 88.35363190621138 0.4237850606441498 5.192701771855354 40.06233202666044 1.341111108660698 2.359047785401344 6.270409435033798 1.912046894431114 2.627694316208363 16.80920755118132 0.5523123741149902 15.19716040045023 21.74824608117342 8.632273986935616 3.707266382873058 65.71259218454361 40.42754174768925 41.0278951972723 34.16294904798269 0 0.1080873087048531 0 0 0 0 0 0 0 0 0.1540220081806183 0 0.1263207942247391 0 0.3424903899431229 0 0.09749592840671539 0.2337621003389359 0 14.28650368750095 0 0 0 0.1000996232032776 1.990695089101791 0 2.28702037781477 1.192830860614777 0.296843558549881 0 0 0 0 0.1425726562738419 0.340160071849823 0 0.7627817913889885 4.116068556904793 0.1076362282037735 0.247827559709549 0 0.5919199287891388 0 0 0 0.09984419494867325 0.8202055841684341 4.049705043435097 0 0.08435823768377304 0.3749961405992508 4.920084424316883 1.047028854489326 0.6120412424206734 0.2385362386703491 0 0 0 0 0 0.1278340816497803 21.65583669394255 0.2694855853915215 0 0 0 12.47016322612762 0.08521103858947754 2.645906127989292 1.756580859422684 3.023301564157009 2.331714190542698 0.5449937507510185 0.5051481351256371 0.251347653567791 0.1186296045780182 0 0 0 0 0 0 25.09072667360306 3.906885787844658 1.968501321971416 163.6445185169578 13.69189182668924 92.01151486486197 20.7880344837904 290.9553116485476 6.047785811126232 0.7431657016277313 31.11760860681534 10.13574435561895 0.4122533723711967 10.35975497215986 0 18.82710913568735 0.9675657600164413 0.1531224697828293 0.969076581299305 0.4398262351751328 0
149.6366164088249 385.7533668577671 93.10182291269302 1031.887644648552 290.9438829571009 81.41516205668449 3739.396959155798 189.374521560967 701.9992106929421 5552.6878419891 1121.709905482829 1108.025547355413 0 3366.497146360576 97.90042980760336 93.95459111779928 5.29035709053278 0.3456637188792229 0.1085345968604088 0.750883437693119 0.744952067732811 0.3445138931274414 0.1449582874774933 0.4151440933346748 25.04156238585711 6.059292271733284 5.594943173229694 4.102101847529411 2.705022037029266 0.6203514784574509 70.72092516720295 106.5153135061264 415.1419359892607 0 1.629781231284142 171.4247751235962 235.2439584285021 112.9331571385264 37.19777377694845 5.535667568445206 31.15893556177616 5.227497339248657 1.676101744174957 18.2897767573595 0.2065435126423836 2.008250266313553 116.5756667405367 6.356087744235992 0.5465361922979355 1.345920048654079 1.537711903452873 0.2847083657979965 11.20560079813004 0.9006631150841713 1.769899375736713 2.964008629322052 14.75792036950588 74.52280636876822 7.219118729233742 11.79179337620735 7.455836363136768 73.60839211195707 5.250386267900467 51.27564126253128 6.72874677926302 8.82765120267868 2.880177810788155 2.573600940406322 0.2557143345475197 7.79354590177536 290.5077655091882 50.8751257583499 1.83912718296051 23.13620024174452 23.59014281630516 49.44871209561825 117.8450837880373 157.0005074813962 95.13735011219978 117.7414371818304 11.65373002737761 67.78708496689796 12.10705440491438 0.7499085515737534 3.445193111896515 6.37999414652586 5.014057733118534 0.1170118823647499 1.710948348045349 1.334887862205505 0.3668669834733009 0.5890624672174454 3.949791960418224 2.341617241501808 1.357331544160843 3628.780873939395 83.94655472040176 7.820819839835167 14.61050298810005 71.29627685248852 6.026984341442585 8.866598829627037 26.85387676954269 5.903164558112621 4.788301549851894 43.46387220174074 7.134721994400024 39.82829172164202 78.49309671670198 36.91732154786587 13.59287132322788 191.7799516692758 130.0909995138645 98.40558572113514 99.02453295886517 0.5512173771858215 0.1811479181051254 0 0.09224939346313477 0 0 0 0 0 0.1218137294054031 0.2150217592716217 0 0.4220058172941208 0 0.4306291788816452 0 0.1117832437157631 0 0.08975059539079666 43.47281324118376 1.052476450800896 0 0.1137009263038635 0 3.856012865900993 0.9384696930646896 4.864983104169369 1.069797679781914 0.3348200991749763 0.09931761026382446 0.2266494780778885 0.1835671812295914 0.2661964595317841 0.1996382251381874 0 0 1.967214792966843 7.326768539845943 0.1045911312103271 0.231950655579567 0.9137767851352692 0.4883352741599083 0.4954467415809631 0.1254810988903046 0.3793570175766945 0.09131719917058945 1.353265233337879 8.752406693994999 0.2274338006973267 0.2675788849592209 0.4015904515981674 23.15217556804419 1.761743433773518 0.2260170206427574 0.6454393491148949 0.1071497052907944 0.7656837701797485 0 0.1547699719667435 0 0.2448879331350327 66.18034809827805 1.603440478444099 0.3627197444438934 0 0.6492272168397903 25.57389353215694 0.7196751832962036 4.592414535582066 5.623797804117203 8.588308475911617 3.121508844196796 1.992754392325878 0.9709689244627953 0.5150108933448792 0.2395354881882668 0 0 0.3496547937393188 0.3393373191356659 0.2912453413009644 0 62.69904956221581 14.50658937543631 4.468930065631866 574.1697364673018 124.795924641192 416.6042906194925 91.12752019613981 451.5348582863808 54.89113411307335 3.736914716660976 143.0231240391731 23.74459803849459 2.494032621383667 33.18326203525066 1.656152613461018 66.49871534854174 4.063642829656601 0.8312849923968315 4.029130518436432 6.668804287910461 0.3404823765158653
