0 5032.104990743101 589.1698482111096 749.2920279353857 363.5802164748311 648.3965299874544 352.2822661995888 140.0538933575153 20.02771214395761 676.2744537070394 336.8977615758777 34.6862950026989 85.72926301509142 67.54039391875267 2.768110267817974 1.106401167809963 0.6283173710107803 0.1269630044698715 0 0.7809123545885086 0.5388379991054535 0 1.709348991513252 0.7045450583100319 3.093470208346844 0.3749839141964912 0.3332663625478745 0.0912744551897049 0.1243564635515213 0.1291021555662155 757.5833916142583 2.601347155869007 12.61869242787361 0.1471789926290512 0.5939523056149483 2.462072648108006 13.65887894481421 0.9661881327629089 0.2378847450017929 0.4662745520472527 1.973617866635323 0.1239797249436378 0.4893766865134239 0.2362236976623535 0 0.7656583786010742 21.82967980206013 1.593001432716846 0 0.213548332452774 1.836459666490555 0.1423868238925934 0 0 7.868003025650978 6.957303330302238 213.9547708109021 1136.478336594999 23.97790139168501 6.282792806625366 0.6143818944692612 1.148241981863976 1.231807105243206 1.237118735909462 6.959172919392586 1.574734926223755 1.61201074719429 1.702192172408104 1.179903157055378 2.755934245884418 5.814424857497215 0.9964340925216675 0 93.21969918161631 18.26259933412075 26.92476397752762 6.042840614914894 0.6024395599961281 0.4397160112857819 80.67081119120121 0.09528396278619766 7.215575188398361 6.964558616280556 0.3455005139112473 2.264951981604099 4.19079028069973 0.6069987043738365 0.1784443929791451 0.6700466498732567 0.3791592866182327 0.2135283797979355 0 1.199322186410427 0.08184538036584854 0.4464293718338013 20.73527874052525 0.341625951230526 0 0.3450788110494614 1851.088378474116 0 0 2.014380753040314 0.4842066168785095 0.7951294183731079 7.77914634346962 0 2.67952860891819 2.517014026641846 3.002085722982883 3.39943528175354 4.565787173807621 5.638507284224033 3.071626037359238 0.8216821104288101 0 0 0 0 0 0 0 0 0 0 0 0 0 0 0 0 0.131400540471077 0 0 0 0 0 0 0 0.2633427307009697 0 3.331225730478764 1.348299965262413 0.6430993527173996 0 0 0 0 0 0 0 0 0.09730355441570282 0 0 0 0 0.3612682074308395 0 0 0.07541325688362122 0 0 0 0 0 1.437010779976845 0 0 0 0 0 0 0 0 0 0.3784474804997444 0 0 0 0 0.8177627921104431 0 0.1835562288761139 0 0 0 0 0 0 0 0 0 0 0 0 0 0.5928534641861916 0.3803418278694153 0.479108951985836 87.01578564941883 6.95264433324337 52.31883951276541 9.125038392841816 2313.487810201943 5.189591586589813 3.540388196706772 7.776803210377693 0.2708519399166107 0 1.033766612410545 0 11.61298656463623 0 0 0.7890062183141708 0.9462553784251213 0
5032.104990743101 0 2284.462123297155 1141.688632898033 3749.90466144681 640.7439795807004 1607.689463622868 506.9806424304843 906.7385698407888 1246.771168351173 2119.434718206525 64.07937204092741 1381.511523209512 954.9761474058032 30.55277720093727 6.985603429377079 3.33148168027401 1.029400773346424 0 2.527362190186977 2.206211254000664 0 4.334842771291733 2.204133175313473 7.762309968471527 0.4554787799715996 1.946784131228924 0.6464971825480461 1.025938652455807 0.3137733638286591 2859.86401001364 19.03695110976696 65.31847384572029 1.071682706475258 3.645137794315815 6.1882558837533 51.02401409298182 4.453006997704506 4.1895632147789 2.207749359309673 2.883672334253788 1.409609541296959 1.199293620884418 1.990059994161129 0.1323736160993576 1.209805153310299 338.7909643277526 34.15767486393452 2.353361628949642 2.098568871617317 22.17375435680151 1.672142378985882 0.4793072640895844 1.235925368964672 93.33043893426657 119.1675338260829 105.2056031003594 871.4747841879725 31.37329079955816 147.1282338574529 2.069274753332138 5.183185197412968 3.539386905729771 16.89700628072023 104.5548713542521 36.42981739342213 22.62848043441772 22.39173379540443 5.970988489687443 8.654332995414734 31.34425864368677 4.451314203441143 0 688.1142089515924 245.9900485947728 429.545566663146 62.60991188138723 5.196544423699379 6.694839976727962 272.085737451911 2.304268427193165 26.63878247886896 139.1669369414449 9.460900865495205 51.00819780677557 67.66496888175607 8.798972278833389 1.553235776722431 13.16650716215372 0.9887705892324448 5.954008735716343 2.071141101419926 5.459353998303413 4.839093185961246 3.580908007919788 75.62583404034376 0.7311675846576691 0 0.2952077984809875 1087.71862731874 0.618522584438324 0.4077027142047882 17.9542453289032 1.862861350178719 2.862945884466171 36.6543583124876 4.678841069340706 34.03987947851419 15.78984118998051 17.43474301695824 0.9633417651057243 49.00313808768988 42.61197677999735 49.78420492261648 24.83640210330486 0.12531378865242 0 0 0 0 0 0 0 0 0 0 0 0 0 0.6889890134334564 0.2567597627639771 0 0 0 2.387079060077667 0.5008525252342224 0 0 0 11.14150558412075 0.5327101796865463 18.77120766043663 10.67755468189716 0.9673199653625488 0 0 0 0 0 0 0 0 0.8593158647418022 0 0 0 0 0.5487087965011597 0 0.4087382256984711 0.1025214418768883 0 0.8943320512771606 0 0 0 20.7344331368804 0 0 0 0.4280861392617226 0.1779314205050468 0.1067200228571892 0.1896216049790382 0 0.123349092900753 22.89021856337786 0.1436427086591721 0 0.1939264535903931 0.6500517204403877 6.149177722632885 0 3.230983406305313 0 0 0.202223926782608 0 0 0.1807288378477097 0.211650550365448 0.08953189104795456 0.07183097302913666 0.6037793010473251 0.3937528654932976 0 0 12.89639965444803 1.609870851039886 9.260148532688618 321.0486904457211 121.2211491242051 788.628640294075 88.77886270731688 1922.813289433718 47.56769222021103 30.4483470916748 70.10492323338985 8.524517081677914 1.199723824858665 4.254123404622078 1.06713855266571 33.66371982544661 0 3.021915003657341 4.734895013272762 4.970996655523777 0
589.1698482111096 2284.462123297155 0 3.521450720727444 794.4242057427764 40.97139788419008 23.43466094881296 2261.888261027634 22.36397132277489 1.329266630113125 1073.651340290904 5.745067946612835 47.59144597500563 152.860186368227 21.02228999882936 9.010342247784138 3.831169001758099 3.267180889844894 0.5513535067439079 22.51810116320848 14.72773329168558 0 40.76175609976053 14.23241796344519 28.06991374492645 3.081184387207031 5.960925348103046 0.2686695456504822 0.3686162382364273 1.185202747583389 5811.195281073451 885.4590115845203 47.66981104016304 12.39405039697886 19.56803952157497 42.74931874871254 18.61471939831972 8.296446248888969 0.9135693833231926 2.486009918153286 13.57307630777359 1.489813797175884 8.080803669989109 2.075814627110958 3.66750455647707 7.868758656084538 126.7033012732863 9.130113385617733 3.028546862304211 5.747981168329716 11.59464474767447 0.1695610135793686 0.1971005499362946 0.9429741352796555 33.84183799475431 32.78089402616024 56.66675844043493 976.2137404307723 18.52341199666262 41.39125913381577 27.02105958014727 21.7589688450098 47.57355091720819 124.8675008863211 25.66037631034851 11.27422737330198 7.984298095107079 12.36622519791126 29.54335823655128 54.49305303394794 9.622332416474819 1.892121911048889 0 295.4654009193182 199.0348702818155 137.3909871280193 87.78959941118956 10.9802033379674 243.467751853168 1540.097715817392 6.743449755012989 622.7188726887107 35.53273195773363 2.696936249732971 12.85496493428946 14.62188790366054 11.71923690289259 0.6361072659492493 2.726434201002121 0.2877788692712784 1.11692326515913 0.4866379126906395 22.6276368200779 3.560291118919849 2.343763202428818 6.86087790876627 0 0 0.1092312932014465 352.3285879194736 0 0 0.9720533639192581 0 0.6452565789222717 0.7047947272658348 0 4.523613937199116 0.7313734591007233 2.019668109714985 0 2.66506464779377 2.981032386422157 3.212205536663532 3.510666742920876 0 0.1162318140268326 0 0 0 0 0 0 0 0 0.2613218724727631 0 0 0 0 0 0 0.4288745373487473 0 0 0.1133098751306534 0 0 0 1.419669441878796 0.361630916595459 1.838648967444897 1.305005967617035 0 0 0 0 0 0 0 0 0 0.6448920220136642 0 0 0.3326913118362427 0.1921263784170151 0.4998708069324493 0 0 0.06944539397954941 0.5544684529304504 0 0 0 0 1.796252116560936 0 0.2689936757087708 0.08477045595645905 0 0.1896078586578369 0 0 0.148253858089447 0 1.933342635631561 0.1415183395147324 0 0 0.6927644610404968 1.233030796051025 0 0.9690296724438667 0 0 0 0 0 0 0 0 0 0.2945026531815529 0.1696092188358307 0 0 1.438723921775818 0.1243091374635696 3.574345901608467 120.8244291692972 43.4308583214879 253.9219247251749 46.1973407715559 262.4019132256508 16.20333603024483 8.68200471252203 36.83617369830608 2.651745997369289 0 1.436522170901299 0 0.3371043801307678 0 0 0.78646320104599 3.679498560726643 0
749.2920279353857 1141.688632898033 3.521450720727444 0 103.4450497329235 308.4988874718547 1045.579739786685 0.7547889798879623 87.83214878290892 2828.140205420554 6.781274527311325 241.3427472412586 738.9402129277587 7.536910116672516 0 0.142609640955925 0 0 0 0 0 0 0 0 0 0.1060817986726761 0.09262406080961227 0 0 0 21.22612106055021 0.3840069621801376 0.1027347669005394 0 0 0 0 0.093096524477005 0 0 0 0 0 0 0 0 3.017755463719368 0.4052335545420647 0 0 0.5999772921204567 0 0 0 3.169045239686966 1.452860035002232 13.42441502958536 57.53016980737448 2.29166366904974 1.083111211657524 0 0 0 0.1116777136921883 1.353825993835926 0.5522518828511238 0.2749833166599274 0.1725091859698296 0 0 1.242269039154053 0.4887393712997437 0 18.63828159123659 4.558718271553516 3.77067781239748 0.6723494231700897 0 0 0.1672633290290833 0 0 2.835054270923138 1.824137210845947 1.257610268890858 0.9169813320040703 0.1877243146300316 0 0.08750482648611069 0 0 0 0 0 0 36.50491982698441 0 0 0 168.3080647289753 0 0 4.315563708543777 1.482319295406342 0.4851325750350952 7.949887037277222 2.372106969356537 6.552383169531822 1.4721869379282 4.902250334620476 0.2478955686092377 11.14304602146149 7.654643014073372 8.768400907516479 0.9962626397609711 0 0 0 0 0 0 0 0 0 0 0 0 0 0 0 0 0 0 0 0 0 0 0 0 0 0 0.7794018983840942 0.4614640027284622 0 0 0 0 0 0 0 0 0.2356290072202682 0 0 0 0 0 0 0 0 0 0 1.451889514923096 0 0 0 1.856202498078346 0 0 0 0 0 0 0 0 0.5429603457450867 3.506427198648453 0 0 0 0 1.143150806427002 0 0 0 0 0 0 0 0 0 0 0 0 0 0 0 1.627278387546539 0.6169075965881348 0.6986649632453918 21.77910335361958 1.545677855610847 10.68854303658009 0.491970419883728 439.614965647459 0.5579398572444916 0.4043448269367218 1.495366707444191 4.811543792486191 0 2.561813950538635 0 14.07874834537506 0 0 0 0.3137136101722717 0
363.5802164748311 3749.90466144681 794.4242057427764 103.4450497329235 0 32.69662750512362 1956.872261583805 352.6431440040469 7182.09496884048 612.0368293523788 2857.007999993861 81.12729745358229 948.2072494104505 2624.320547685027 33.70316312462091 7.73000568151474 3.570583410561085 1.790821976959705 0.3203547075390816 1.069337598979473 1.931921668350697 0 1.771102957427502 1.765726387500763 3.891177468001842 2.013054713606834 0.9981443732976913 1.856407962739468 1.129145830869675 0.6402864009141922 259.7890740633011 11.55451475083828 47.8928073272109 0.8034428805112839 1.642931595444679 3.987357519567013 55.57629158347845 2.226432941854 4.883643284440041 1.760342955589294 1.305319093167782 1.387511067092419 1.118974849581718 1.660636216402054 0.4430437535047531 0.9040993750095367 330.2124352231622 23.85650015622377 1.97088797390461 0.9390257224440575 15.49331836402416 0.8227194994688034 0 1.135685935616493 45.51601319015026 69.07465250790119 16.10873459279537 142.6776627525687 17.16998743265867 105.3690503612161 1.233925171196461 3.869310170412064 2.970292843878269 15.40393085032701 60.54620408266783 22.62845567241311 16.72650753706694 18.43115963041782 2.409276485443115 3.794307075440884 54.36169557273388 7.765247993171215 0.10929836332798 297.0550121068954 133.0022514164448 297.9499643743038 81.93761770427227 3.144857548177242 9.131637550890446 100.0655012205243 1.192075975239277 13.50013433396816 70.95602471381426 5.848084308207035 31.73971502482891 40.04995784908533 5.747158274054527 0.7632054910063744 8.933342307806015 0.6607265993952751 6.817531026899815 1.697414092719555 1.933182947337627 4.898440219461918 4.181857451796532 146.5092664510012 0 0 3.348893947899342 52.9779421761632 1.711993411183357 0.9493998512625694 43.97523915022612 7.31518879532814 13.25987806171179 53.53432904183865 7.437464326620102 96.96763334423304 37.90597869455814 49.30778978019953 8.378881245851517 138.1339337825775 132.5076926872134 121.0046483129263 85.59801702201366 1.021213628351688 0 0 0.1799838840961456 0 0 0 0 0 0.111833781003952 0.1341911852359772 0 0.7749553322792053 0 0 0.3891094326972961 0 0 0 7.094175353646278 0.3175807148218155 0 0 0 32.40705842524767 8.946236878633499 50.44715667515993 19.57231283932924 1.573637127876282 0.4703835248947144 0.4200031235814095 0.3120162189006805 0 0 0 0 2.945533931255341 3.590216740965843 0.2045771330595016 0 0.147067591547966 1.077172011137009 0.39793860912323 0.5033118575811386 0 0.1597593873739243 0 0.6548199653625488 0 0 0 65.71654680371284 0 0.8954950273036957 0.1349808126688004 0 0 0 0.2482628300786018 0 0 73.73344697803259 0.7951855659484863 0 0.09436719864606857 0.1310080736875534 24.05108678340912 0 3.90322595089674 1.066266283392906 0 3.073801904916763 0 0.1386824995279312 0 0 0.09911429882049561 0.08200065046548843 0.2767657041549683 0.2954285517334938 0 0 37.32350613921881 2.615483507514 22.68142269551754 317.9759076759219 125.0191676206887 645.6190813854337 116.7698954045773 213.3638664335012 52.69764173030853 25.86063177883625 95.52276154607534 13.15187705308199 0.6376195698976517 13.51489632576704 1.262405708432198 22.00380832701921 0.8765950798988342 3.177636086940765 6.95728275924921 7.194412760436535 0
648.3965299874544 640.7439795807004 40.97139788419008 308.4988874718547 32.69662750512362 0 182.995142146945 4.6216089874506 15.73811071366072 535.1416197121143 12.68884979188442 138.6417254507542 96.65773241221905 11.38147269934416 0 0 0.115193597972393 0 0 0 0.1160524860024452 1.380989722907543 0 0.1828871071338654 0 0 0 0 0 0 31.16058059036732 0.1079586371779442 15.38603161275387 0 0.1425233334302902 0 29.8838207796216 0.3607406914234161 16.81375715136528 0.3720557242631912 0 0.1519754379987717 0 0 0 0 0.4789907336235046 0.1578020006418228 0 0.1144310981035233 0.3676227182149887 6.535491921007633 0.1325652152299881 0.4427342861890793 0.1123393997550011 0.09339910745620728 255.5625450462103 31.86263787001371 0.6084190309047699 0.4619548320770264 0 0.8168902769684792 0 0.1291787922382355 0.5969966128468513 0 0 0 0.3684169054031372 0.2974828481674194 136.3611057251692 113.7269637286663 2.047870606184006 1.661496467888355 0.5044664219021797 0.9253729432821274 0.511223778128624 0 0 9.498100660741329 0 1.814616560935974 0.3439641296863556 1.143998324871063 0.08195213228464127 0.2593913674354553 0.4672179520130157 3.004738733172417 2.969576962292194 6.477465659379959 1.844689160585403 1.87546443939209 0 0.4385430514812469 0.2674589902162552 287.4478867799044 31.10479962825775 2.510953947901726 16.40685641765594 272.5657339096069 0 0 0 0 0 0.7257996499538422 0 0 4.593436136841774 0 0 0.1707108318805695 2.065761253237724 3.035202257335186 0 0 0.165608748793602 0 0 0 0 0 0 0 0 0 0 0 0 0.1319990754127502 0 0.1775695383548737 0 0 0 0 0 0 0 0.6598354130983353 0.7707312107086182 0.8227893561124802 3.44214354455471 0.9328953921794891 0 0 0 0 0 0 0 0 0 0 0 0 1.695946350693703 0 0 0 0 0 0 0 0 0 0.2019654959440231 0 0 0.2084320336580276 0 0 0 0 0 0 1.615636423230171 1.086811155080795 0 0 0.1291920095682144 0 0 0 0 0 0 0 0 0 0 0 0 0 0 0 0 0 0.3132182359695435 1.382412806153297 35.15473603457212 0.4830191880464554 2.395419456064701 0.9817079082131386 263.9756975397468 1.918460756540298 0.08912570029497147 0.258584126830101 5.646569699048996 0 0.9773837924003601 0 13.21790790557861 0 0 0 0.100674994289875 0
352.2822661995888 1607.689463622868 23.43466094881296 1045.579739786685 1956.872261583805 182.995142146945 0 17.26285399496555 1553.51678995043 3701.667877264321 136.5874299556017 259.9280737489462 10536.5656118542 2938.707593686879 12.08461080491543 3.16734341531992 0.9454854354262352 0.1868076026439667 0.2539910674095154 0.308430552482605 1.036814108490944 0 1.428019754588604 0.6139638051390648 0.6801243126392365 0.7114323824644089 0.9111879467964172 0.3918665125966072 0.7415184825658798 0 57.81669256836176 5.991049155592918 15.47102201730013 0.4222273826599121 1.092810280621052 1.468126609921455 17.78247720748186 1.612634085118771 1.492387697100639 0.2147620245814323 0.124564491212368 0.3220770433545113 0.2217041701078415 0.5096233710646629 0.7561790645122528 0.1417249590158463 154.3852899521589 13.51652054488659 1.355680108070374 0.3939196094870567 7.857999093830585 0.3613455146551132 0 0.2252602428197861 34.81139480322599 40.26649887859821 19.86017415672541 119.5905857011676 6.766685403883457 61.84804773330688 0.108916386961937 3.875167042016983 0.8720250725746155 6.479443274438381 38.63094922155142 11.2262453995645 10.42917633801699 9.908188410103321 1.396772854030132 1.275941289961338 37.58447200804949 7.009224772453308 0.1064291521906853 232.1866969019175 80.46746216714382 172.3297201097012 24.78360125422478 1.589803539216518 0.5620908960700035 11.84124059230089 1.197718165814877 5.143605954945087 57.230532951653 2.998159997165203 18.95524429529905 22.98924968391657 3.387693554162979 0.5267853140830994 6.201841913163662 0.2918736264109612 3.57358031719923 0.3414030447602272 1.08069883286953 1.708882950246334 1.603799685835838 341.3494397178292 0 0 1.166731745004654 95.41559729725122 2.593253329396248 1.155844308435917 48.08758095651865 21.01910988986492 6.951031789183617 81.42956808954477 15.03550247848034 99.12027829140425 48.4285461306572 52.3352245092392 4.504882670938969 151.460751734674 128.1346858814359 134.9133187532425 49.74206580221653 0.1707853823900223 0 0 0 0 0 0 0 0 0 0 0 0 0.3811851143836975 0 0 0 0 0 3.451546996831894 0.8214133530855179 0 0 0 22.81845084577799 5.19485978782177 30.75754024833441 7.784090861678123 2.783041775226593 0 0.1194498538970947 0 0.1297977417707443 0 0 0 3.3695123270154 1.495180889964104 0.7753899693489075 0 0 0.3630847036838531 0 0 0.8037973046302795 0.1146414428949356 0 1.323685646057129 0 0 0 49.55736370384693 0 0.365635372698307 0.3214844167232513 0 0 0 0.1135148257017136 0.2034622132778168 0 49.80241866409779 0.3413490802049637 0 0 0.2930216267704964 9.89179865270853 0 6.701083153486252 1.203478373587132 1.158836670219898 0.5621999725699425 0.1597969532012939 0.2915633320808411 0.5441712364554405 0 0 0 0 0.1017307043075562 0 0 22.97305665165186 2.061608731746674 19.05646950751543 173.3446348384023 57.44831907004118 376.5365558341146 46.55996122211218 485.0911036506295 22.17927347123623 13.53751681745052 44.87869538366795 12.43396271765232 1.869489066302776 10.32250096648932 0 57.75039292871952 3.216998875141144 0 4.969421923160553 3.877126209437847 0
140.0538933575153 506.9806424304843 2261.888261027634 0.7547889798879623 352.6431440040469 4.6216089874506 17.26285399496555 0 57.4934306293726 2.154813654720783 853.1831378042698 11.40809163451195 227.8395530432463 484.5957444235682 34.58701525628567 14.11388368904591 6.958570688962936 12.50413617491722 0.9948547780513763 73.45292150229216 22.14250598102808 0 40.30824162811041 20.17169403284788 28.62311894446611 4.665473811328411 7.126012966036797 0.8672718554735184 0.3023960664868355 0.6620929017663002 2041.487576819956 1178.943157665431 80.30606454610825 19.28453905880451 20.93564087152481 49.25451812148094 33.40062475949526 8.16976011544466 1.64429347217083 2.672308005392551 20.13237977772951 2.78097577393055 32.44425382465124 12.11912642419338 4.523636773228645 35.27695900946856 244.8947200626135 13.36789238452911 4.008735336363316 28.51336486637592 13.63985856622458 0.3993138521909714 0.1340228170156479 1.027870081365108 20.87354950606823 24.43641681596637 17.94897884130478 249.0511628016829 9.143417656421661 62.39761090278625 115.1287195906043 27.23024316877127 60.18697053939104 266.0339095070958 25.60746075958014 13.21120657026768 8.391785349696875 17.82012788951397 54.7977631688118 107.8952303379774 19.28448018431664 4.078893102705479 0 212.6414476633072 225.4326905533671 242.8534477800131 209.9941584616899 122.8280814066529 694.8356628343463 2103.118071757257 148.3519308790565 1417.978528007865 38.53023057430983 2.407514750957489 14.87144865840673 17.82333010435104 31.4531594067812 0.4761086255311966 3.995333813130856 0.08625651895999908 2.652019038796425 0.3230361565947533 30.03503773361444 4.692861564457417 1.930318370461464 14.51053109019995 0.1015048921108246 0 0.1169405579566956 50.39102163165808 0 0 3.064884684979916 0.4537099003791809 0.9428286403417587 3.143893867731094 0 4.088462173938751 1.632501944899559 1.808475226163864 0.1306425034999847 7.281062237918377 6.575692161917686 7.789462350308895 3.927716434001923 0 0 0 0 0.2492246031761169 0 0 0 0 0 0 0 0 0.224509596824646 0 0.4925141632556915 0 0.5547749400138855 0 0.5105593353509903 0.518560454249382 0 0 0 1.904845401644707 0.1489703059196472 2.079934030771255 3.12343841791153 0.6741569936275482 0 0 0.1991384327411652 0 0 0 0 0 0.3566735833883286 0 0 0 0 0.4809952303767204 0 0 0 0 0.1340386718511581 0 0 0 2.904386013746262 0 0 0.1759955734014511 0 0.1229619234800339 0 0.09241630136966705 0 0.2486290112137794 5.335816919803619 0.8478156179189682 0 0.2105293124914169 2.060989812016487 0.6405508816242218 0 1.145696491003036 0.4316193461418152 0 0 0.1150433570146561 0 0 0.152316652238369 0 0 0.473201721906662 0 0 0.1629641801118851 1.959650821983814 0.1313138753175735 1.040748804807663 192.1989256888628 51.84228028729558 440.6153967566788 57.58628119528294 71.61969532072544 20.20130481570959 7.915706992149353 57.59655019640923 3.111699052155018 0.07852889597415924 1.727939575910568 0 1.280556112527847 0.492203027009964 0 0.7527838498353958 5.824144437909126 0.2812440693378448
20.02771214395761 906.7385698407888 22.36397132277489 87.83214878290892 7182.09496884048 15.73811071366072 1553.51678995043 57.4934306293726 0 938.4556142985821 2194.71796951443 110.0663085356355 1278.050063662231 3794.578168034554 15.56286558508873 3.685518182814121 1.074089415371418 0.3639464229345322 0.1472929269075394 0.5935296416282654 0.3527847826480865 0 2.685804314911366 0.3608688861131668 1.132150001823902 0.2133414149284363 0.1072217524051666 0.07529743015766144 0.106104239821434 0 16.96894067525864 4.883887588977814 23.28017176687717 0.2184465676546097 1.114618353545666 1.485283195972443 25.1868928745389 0.7406560108065605 2.671222299337387 0.5893679261207581 1.013622656464577 0.8095884025096893 0.2300804704427719 0.7235087528824806 0.2932153195142746 0.3360488042235374 110.9754020422697 3.915454842150211 0.5492340922355652 0.3691467419266701 4.685683146119118 0.09698943793773651 0 0.3582107871770859 7.750008761882782 12.60202056914568 3.293246611952782 17.49437381327152 4.185511104762554 23.92933090776205 0.8746337592601776 2.489974714815617 1.0638582482934 5.674152284860611 11.69359582290053 4.411648765206337 4.185304194688797 2.993918150663376 2.050600603222847 1.697404652833939 36.61802391707897 6.867775961756706 0 63.60904330015182 24.68115565180779 71.93166786432266 30.61442786455154 2.854833886027336 0.3149606361985207 19.15149305015802 0.2178104519844055 6.746260955929756 14.71953187137842 1.766029044985771 4.013809375464916 8.297324951738119 2.267629511654377 0 1.397354647517204 0.2794702798128128 1.406974323093891 0.2348498031497002 2.586561091244221 0.6260683014988899 0.9107238873839378 223.926641382277 0.395717665553093 0 1.12359844148159 4.287102185189724 1.266197457909584 0.8307951390743256 34.93409523367882 6.675245098769665 8.549446180462837 59.15083590894938 8.2005735039711 100.4202147647738 37.72793035209179 50.00872674584389 2.492129638791084 121.1467733904719 126.2891854643822 119.4809940904379 63.54297674447298 1.130186513066292 0.3505357205867767 0 0 0 0 0 0 0 0 0 0 0.1445921510457993 0.1217103451490402 0 0 0 0 0 3.913651913404465 1.588192582130432 0 0 0 20.69118794053793 5.752836287021637 35.4913667589426 10.44089451432228 1.254060357809067 0 0 0 0 0 0.3107657134532928 0 1.643712185323238 0.1723394840955734 0 0 0 0 0.1874406188726425 0 0 0 0 0.535372793674469 0 0 0 54.25460006296635 0 0.8494861125946045 0.4738104939460754 0 0.07666598260402679 0 0 0 0.2376132011413574 55.5125990062952 0.8344454988837242 0 0 0 12.02991013228893 0 3.454705581068993 0.6923615783452988 1.085600852966309 1.650580570101738 0 0 0.1283656656742096 0.2106879949569702 0 0 0 0 0 0 24.80014817416668 4.360240861773491 15.95309894531965 167.8704652488232 35.16903131455183 221.47221038118 42.42551477998495 78.66695485264063 17.538011752069 6.979534655809402 50.66533830761909 13.72687520086765 0.3814214169979095 9.279337249696255 0.1613795310258865 52.22271586209536 1.266376078128815 0.13550965487957 2.430334910750389 3.238726079463959 0
676.2744537070394 1246.771168351173 1.329266630113125 2828.140205420554 612.0368293523788 535.1416197121143 3701.667877264321 2.154813654720783 938.4556142985821 0 14.14264340698719 2930.346343293786 6875.084537312388 97.88882811367512 2.061353981494904 0 0.169446587562561 0 0 0 0 0 0 0 0 0.1135816872119904 0.2950568795204163 0 0 0 9.284131474792957 0.6164594143629074 43.34527291357517 0 0.117042176425457 0 70.83482833206654 1.68987438082695 6.590292364358902 0.8189358711242676 0.2032250016927719 0 0 0 0 0 21.13278322666883 1.512165173888206 0 0.1544408053159714 0.529168576002121 0.586701288819313 0 0.1130986362695694 8.203295826911926 4.764637462794781 63.10535510629416 48.86314494162798 2.238395690917969 7.465220488607883 0 0.402320921421051 0 0 4.20437366515398 1.530843183398247 0.8920895382761955 0.5948346257209778 0.09846203774213791 0.4963474422693253 275.0168553441763 11.91788648068905 0 46.92625889927149 8.93685469776392 18.67843448370695 1.727462328970432 0 0 15.00025004148483 0 0.4952417314052582 6.40745697170496 1.006899110972881 1.609830684959888 2.509157367050648 0.3771919310092926 0.4087786674499512 0.8191796764731407 0.2647145092487335 0.09028679132461548 0.146491751074791 0.2376165688037872 0 0 809.4579074680805 5.792081594467163 0 1.817080557346344 621.7652181088924 0.1546716392040253 0.2543653845787048 47.25052531063557 20.15942893922329 8.041312128305435 72.72962772846222 20.26211911439896 113.6389223337173 75.94863897562027 70.27740228176117 2.322119012475014 136.6556266844273 183.9793784990907 148.4597212970257 40.06450346112251 0.6311838626861572 0.1728389859199524 0 0 0 0 0 0 0 0 0.3888874053955078 0 0 0 0 0 0 0 0 6.986248984932899 1.200449630618095 0 0 0 18.33304214477539 7.871754229068756 25.14654541015625 10.84917385131121 3.833997040987015 0 0.3982404172420502 0 0 0 0 0 0.8858290612697601 2.883897423744202 0.2990471720695496 0 0 1.01424252986908 0 0 1.629828095436096 0 0.8274456858634949 0 0 0.9023014307022095 0 56.9294212013483 0 0.4733349978923798 0.5498900711536407 0 0 0 0 0 0.1435840278863907 40.52440358698368 0.7829297930002213 0 0 0.1787915080785751 10.68788789212704 0 0.6205509305000305 0.9930491894483566 0.6513514518737793 0.7672426998615265 0 0 0 0 0 0 0.08814255148172379 0 0 0 26.72435295581818 1.180662766098976 12.38731956481934 89.44344902783632 3.879943937063217 56.00602944940329 4.9774509370327 1264.046972118318 3.146304063498974 2.864079564809799 5.858815997838974 20.29528023302555 0 8.391247488558292 0.1326191574335098 172.99302521348 2.710258722305298 0 2.83021068572998 0 0
336.8977615758777 2119.434718206525 1073.651340290904 6.781274527311325 2857.007999993861 12.68884979188442 136.5874299556017 853.1831378042698 2194.71796951443 14.14264340698719 0 81.49490811675787 2401.884752653539 6476.128487922251 44.72157154232264 23.2953085899353 5.97496484965086 2.997033156454563 0.1099538654088974 7.606485232710838 7.355143703520298 0 17.16789387911558 8.108960866928101 40.33750185370445 4.803703747689724 11.37434540688992 1.440848000347614 1.21160501241684 1.226152822375298 441.6511102020741 22.33351910114288 448.7799044623971 2.443994306027889 10.78878763318062 24.92640948295593 270.0938301533461 16.41659568995237 5.176681593060493 5.80351810157299 15.29536408185959 1.217392541468143 1.463278479874134 2.622984901070595 1.341242507100105 2.344374127686024 240.0231145769358 12.24253652244806 2.298243008553982 2.695674158632755 17.364656470716 0.5087918341159821 1.220976956188679 1.935497477650642 21.08592323958874 28.22348458319902 10.88099957257509 104.0131647512317 9.159179270267487 54.64716924726963 3.149370677769184 16.35916083306074 14.68568379431963 22.00209174305201 22.90103358030319 10.84308263286948 8.309682764112949 14.12001483142376 20.39956814050674 33.83194225281477 81.50185522437096 14.69470181316137 0 159.8844385445118 84.13979532569647 193.693409435451 87.06564175337553 12.51863378286362 105.4311804547906 1542.100067600608 1.295757800340652 132.5914313346148 33.8839113637805 2.809067584574223 14.7574101537466 18.16677732393146 5.977946624159813 0.6126362532377243 5.276184372603893 0.7406060472130775 2.673456862568855 1.020493671298027 27.78087082505226 4.956878408789635 3.66973801702261 108.441015727818 0.5870775878429413 0 0 54.75711131840944 1.17657857388258 0.1119553595781326 11.1581816971302 1.118906363844872 2.236601524055004 13.22065696120262 2.642827473580837 32.44976458698511 6.215640902519226 9.306583650410175 1.750861778855324 47.27454639226198 40.80401705205441 50.7771123945713 26.95835537463427 0 0 0 0 0.168447807431221 0 0 0 0 0 0 0 0.7233453243970871 0.1415313333272934 0 0.7153546065092087 0.182146355509758 0 0 2.267442241311073 0 0 0 0 13.05045434087515 1.819861352443695 23.02170360088348 9.494113855063915 1.720189169049263 0.4224593639373779 0 0.2651636004447937 0 0 0 0 0.4596400856971741 0.8912675976753235 0 0 0.2397674173116684 0 0 0.1970527768135071 0 0.1584721878170967 0 0 0 0 0 24.59436075389385 0 0 0.2373750656843185 0 0.07556203007698059 0.124186597764492 0 0 0 29.0149348154664 0.9017866477370262 0.3714070022106171 0 0.5724435746669769 5.620929263532162 0 1.40134185552597 2.941110119223595 0 0.22410649061203 0 0 0.2436986863613129 0.2159803658723831 0 0 0.2775679528713226 0.2026785016059875 0 0 11.90410774201155 2.285565555095673 10.04121478646994 421.8249634727836 84.83476269245148 506.959082596004 97.00030954927206 118.8811693266034 34.67965021729469 14.4294248893857 112.486961401999 18.49059570580721 0.1569189354777336 7.573211640119553 0.1218070909380913 12.74205490201712 0.5378977954387665 0 1.74319864064455 14.60088142752647 0.2089716345071793
34.6862950026989 64.07937204092741 5.745067946612835 241.3427472412586 81.12729745358229 138.6417254507542 259.9280737489462 11.40809163451195 110.0663085356355 2930.346343293786 81.49490811675787 0 1204.4263882339 108.0039311870933 5.540016897022724 2.984641127288342 0.8259528130292892 0.3969315737485886 0.1408514082431793 0.1673612892627716 0.4050320982933044 0 0.715033583343029 0.7106923833489418 11.98870522528887 3.21746701002121 3.531942613422871 3.535491123795509 2.794648423790932 0.9359214007854462 3.250161565840244 0.6855532974004745 165.8519739285111 0 0.5649543106555939 1.15367491543293 638.6448319479823 14.96339527517557 3.108671925961971 17.70410904288292 2.706341668963432 0 0.2331421375274658 1.514906257390976 0.6502310633659363 1.899352192878723 25.40647305548191 1.273643992841244 0 0 1.077996112406254 0.4197418689727783 2.290393590927124 1.219104290008545 2.396371744573116 3.734963454306126 6.725265622138977 3.292853899300098 2.01450988650322 3.60510229319334 2.032467529177666 2.736295267939568 0.9183190315961838 1.13653177767992 3.262166500091553 0.3494220599532127 0.5806338787078857 1.739475406706333 2.551685236394405 3.969603590667248 350.1526942625642 62.12873478233814 0 24.05084952712059 4.991327010095119 16.52503195405006 6.923384502530098 1.949504733085632 0 28.19453562051058 0.2848788648843765 2.453946389257908 3.136893644928932 0.09126520901918411 1.049275472760201 2.052599646151066 0.9325756430625916 0 0.1946442797780037 0.1232663989067078 0.3699571341276169 0.129362627863884 2.846741378307343 0.1320561915636063 0 2691.898070186377 8.195080444216728 0.1936824917793274 1.416077047586441 85.03034505993128 0.8866738304495811 1.110773026943207 38.49907490611076 18.77263802289963 9.322387352585793 73.52547620236874 15.82070119678974 127.7667158618569 60.08978614211082 80.88053916394711 4.389790691435337 164.2014376446605 161.509527489543 199.1091808378696 49.43117402493954 0.6708216145634651 0.4243816882371902 0 0 0 0 0 0 0.3763951361179352 0 0 0 1.376670822501183 0.2678045630455017 0.1729423105716705 0 0.2186439484357834 0.4417871236801147 0.1558024734258652 4.934546634554863 2.334096923470497 0 0 0 29.93518394231796 3.483062207698822 36.71747568249702 20.12164704501629 3.86885467171669 0.1269763708114624 0 0 0 0 0 0 0.7131251990795135 1.879123330116272 0 0 0 0.5772374272346497 0 0.1827522367238998 0.7320249974727631 0.5236487835645676 0.6344770491123199 0.6388329267501831 0 0 0 50.06764028221369 0 0 0.2457809150218964 0 0.225609079003334 0 0.1080670282244682 0 0.4955958425998688 58.40205892920494 4.560677334666252 0.7338046729564667 0 0 14.82264431566 0 6.360782653093338 1.623271435499191 0.7252800762653351 1.824057213962078 0 0.6360912919044495 0.1165885627269745 0 0 0 0 0 0 0 51.82464955002069 5.052945345640182 21.48862843215466 117.8570237085223 12.59435778111219 71.68517827242613 15.48336064815521 293.0046051293612 4.201155431568623 2.388467490673065 32.38029194623232 14.7106316909194 0.4094257950782776 11.61125995218754 0.218203991651535 90.40918132662773 2.477721184492111 0 4.506471186876297 3.442843355238438 0
85.72926301509142 1381.511523209512 47.59144597500563 738.9402129277587 948.2072494104505 96.65773241221905 10536.5656118542 227.8395530432463 1278.050063662231 6875.084537312388 2401.884752653539 1204.4263882339 0 3424.974872119725 42.70658897608519 25.28203541040421 6.058933168649673 0.7893893420696259 0.5930167213082314 3.015419617295265 4.204820320010185 1.49757108092308 9.579144410789013 6.278429582715034 17.61325793713331 2.690288573503494 6.432687044143677 5.045791111886501 9.264141142368317 1.557167544960976 29.26261109858751 5.331925250589848 542.5509944930673 2.959374703466892 6.243647709488869 11.19880645722151 210.2684437260032 54.54806577414274 15.58535428345203 119.3492996990681 5.621868126094341 2.504379227757454 0.6619915887713432 3.853679120540619 1.909644827246666 5.825374998152256 190.9587054774165 4.474709771573544 1.121135205030441 2.12159551680088 8.345890574157238 2.461468517780304 86.98145447671413 0.8950759768486023 10.35240560770035 21.37809011340141 9.178955748677254 20.55700597167015 11.51060012727976 31.11135955154896 4.511551171541214 13.08473648875952 8.363744206726551 10.13443087786436 11.93570378422737 5.562857300043106 5.587572768330574 8.851074941456318 12.50363413989544 13.95223350077868 329.0928469672799 91.24062620103359 0.09886577725410461 90.02570538967848 35.10817320644855 99.79521188139915 74.26979878544807 12.42613468319178 0.6550723761320114 163.1077117025852 1.337839275598526 26.62469748407602 18.56343221664429 1.684243373572826 5.422176390886307 9.13284070417285 2.637092441320419 0.6632828712463379 1.716598056256771 0.5103826522827148 1.049851268529892 1.436713442206383 11.34623877704144 2.241345621645451 2.837608836591244 3140.622715719044 10.29585979133844 0.1677350997924805 2.515100635588169 53.12765561789274 3.410615280270576 2.318207256495953 100.1433861479163 23.04227991402149 24.49185599386692 155.0016642361879 29.72640255093575 204.1034058108926 83.11276036500931 140.8550141081214 12.39073614776134 297.9058757796884 323.0585153475404 324.9498099610209 129.0118882879615 1.021616525948048 0.2372710555791855 0.1199009194970131 0.2020185738801956 0 0 0 0 0 0 0.1226762011647224 0 0.8400623127818108 0.1711268573999405 1.102586656808853 1.11629992723465 1.350543811917305 0.3622675389051437 0.1603447794914246 11.20618115365505 3.234632201492786 0 0.5847885608673096 0 63.49849903583527 8.036623828113079 95.73736849427223 48.33145549893379 9.518607161939144 0 0.1223531290888786 0 0 0.238006517291069 0.8146400600671768 0 3.045044407248497 4.384356744587421 0.2332034558057785 0.3658384680747986 0.1466707289218903 1.932863384485245 0.1907313764095306 0 0.4222180545330048 0 0.9364240989089012 0.9881590083241463 0 0 0 116.6734396368265 0.2603639960289001 1.512972787022591 1.00928620994091 0 0 0 0 0 0.1529044806957245 144.9996019676328 10.38604980707169 0 0 0.9176712185144424 33.05811567604542 0.2559808492660522 9.824456170201302 3.693662546575069 3.268330089747906 2.508793473243713 0.7415407449007034 0.8381877094507217 0.9366440176963806 0.09006945043802261 0.2206503450870514 0 0.09497545659542084 0 0 0 100.4834914654493 9.639425098896027 63.91002706438303 527.8647351041436 93.80265308916569 419.3886226117611 112.6875293180346 297.3841895386577 37.51339581608772 16.65237122029066 133.4942287877202 30.53796096146107 1.939229384064674 30.16501128673553 1.146825015544891 114.3592161685228 7.127396613359451 0.1532794684171677 13.0123768299818 16.85041211545467 0.2681885361671448
