0 3088.578130125999 200.1422876790166 1346.176721297204 1160.794413231313 93.75239954888821 708.0346931889653 22.52583874762058 342.5572856143117 2973.583358570933 456.7286342531443 58.88224616646767 197.8826009482145 154.7504968345165 6.945502020418644 0.140393927693367 0.1193134263157845 0.5103983879089355 0 0 0.8520835936069489 0 0.4889820963144302 0.2325127124786377 1.10968428850174 0 0.1609644144773483 0.09524815529584885 0.5620605945587158 0.09800513088703156 564.2654299885035 5.59892562776804 5.854074738919735 0 0.3541013896465302 1.338792264461517 4.309217438101768 0.447143942117691 0.4939616918563843 0 0.5635848939418793 0.1708346754312515 0.3105850070714951 0.8623015284538269 0.1566233187913895 0.4496262073516846 34.7913326099515 0 0.4591792523860931 0.2657081633806229 0.09776740521192551 0 0 0.1690751612186432 6.3454779535532 7.389928326010704 568.2771526277065 1371.515534482896 26.77639907598495 88.41573637723923 0.1275940537452698 1.94426441937685 0.1504163146018982 10.64071213454008 2.615751817822456 0.1454475671052933 0.08516604453325272 0.2454310804605484 0.4634534567594528 1.264022156596184 18.34201902151108 2.106687225401402 0 368.4018224552274 20.05514106154442 90.87633245438337 18.18021876364946 1.624337092041969 0.940497562289238 6.610803298652172 0.84471345692873 2.993576690554619 11.50332574546337 0.1044597700238228 1.654439948499203 1.278384275734425 0.5123141705989838 0.3550049066543579 0.5279183015227318 0.1683939099311829 0.1447519212961197 0 0 0.3219985961914062 0 123.912954390049 10.26674474775791 0.7122899889945984 2.43693895637989 1420.805516511202 0 0.1839218288660049 0 0 0 0 0.4840573370456696 0 24.91473494470119 0.3796935975551605 0 0.9452382922172546 1.508434742689133 1.394266366958618 0.3681783974170685 0 0 0 0 0 0 0 0 0 0 0 0 0 0 0 0 0 0 0 0 0.3218428492546082 0 0 0 1.409034535288811 0 0 0.1442513912916183 0 0 0 0 0 0 0 0 0 0.4533253908157349 0 0 0 0 0 0 0 0 0 0 0 0 0 0.1533906757831573 0 0 0 0 0 0 0 0 0.1572661101818085 2.105599462985992 0 0 0 0 0 0 0 0 0 0.3252035677433014 0 0.1070470735430717 0 0 0 0 0 0 0 0 1.461774669587612 0.1970502138137817 0.1612117886543274 74.79910956323147 7.62101673334837 67.09069915860891 12.44002330303192 754.8173427581787 13.36713442206383 1.3446004986763 14.70945010334253 1.025413922965527 0 0.2476795613765717 0 0.1249426454305649 0 0 0 1.26333624124527 1.828503251075745
3088.578130125999 0 437.3822036460042 646.475245937705 6046.367880500853 85.15120020508766 4041.55574735254 41.1076281145215 1725.997642241418 1033.594156898558 1584.001007556915 10.46326248347759 270.1503199785948 416.2370975166559 20.34979723393917 1.754433408379555 0.9243972301483154 1.165755793452263 0.168226569890976 1.501368060708046 5.174169018864632 0 0.812291257083416 0.9291614890098572 2.623738959431648 2.225275382399559 2.310667097568512 0.6515221297740936 1.501773066818714 1.285794645547867 2528.627083286643 49.68037636578083 25.01901096850634 0.2838234305381775 0.617735892534256 2.393015146255493 4.200819477438927 0.4920943975448608 0.3186517134308815 0.5653199851512909 5.029840409755707 1.225967139005661 0.8191760927438736 2.365761108696461 0.3227193653583527 0.1279506832361221 111.0973581299186 1.888402566313744 0.8354789987206459 1.299857661128044 0.7168547287583351 0 0.3722281455993652 0.4552984312176704 13.62477565556765 21.39512792229652 278.2473629564047 2398.346019774675 20.50453502684832 142.4301669448614 0.4973414316773415 6.581976912915707 0.7594019845128059 108.8817717283964 6.583160698413849 1.539473161101341 1.004154093563557 0.3443907275795937 0.1228884682059288 2.730062924325466 25.05948593467474 0 0 555.7346670329571 70.04859282076359 261.673539057374 119.6742778867483 14.35111095756292 4.183632276952267 25.00530874729156 5.987885609269142 11.224714204669 23.06105777621269 0.9905435666441917 4.508240200579166 4.478460691869259 1.815549954771996 0.09261614084243774 2.316343016922474 0 1.09415103495121 0.3271944671869278 1.562352746725082 0.782164141535759 1.0479336977005 38.05543126165867 1.420890159904957 0 1.411246843636036 1168.241737060249 0 0.3523025214672089 0.1885103732347488 0 0 0.920419305562973 1.212417140603065 0 63.12274248152971 2.128858327865601 0.1313561499118805 5.161398440599442 3.588497847318649 8.795327335596085 1.516758754849434 0 0.196466788649559 0 0 0 0 0 0 0 0 0 0 0 0 0 0.1719686388969421 0 0 0 0.2197346538305283 0 0 0 0 0.8676577061414719 0 0.5825619697570801 0.3380374610424042 0 0 0 0 0 0 0 0 0 0 0.1049186289310455 0 0 0.4628101885318756 0 0 0 0 0 0 0 0 0 0.93852299451828 0 0 0 0 0 0.1066919639706612 0 0.1050141677260399 0 7.042426317930222 0 0 0 0 0 0 0 0 0.3275049775838852 0 0 0 0 0 0 0 0.1265882551670074 0 0 0 4.286063358187675 0.9834506511688232 0.7922213971614838 218.6930483579636 25.84805524349213 226.7897525727749 43.27625708281994 546.5132169723511 33.46470015496016 6.077849917113781 45.50879684090614 2.236313462257385 0.08883394300937653 0 0 7.49450059235096 0 0.1268442273139954 0.5901014804840088 3.869542114436626 0
200.1422876790166 437.3822036460042 0 2.158093571662903 1162.209453098476 0 81.16992834210396 1900.733416259289 577.9325785860419 5.247656419873238 3386.336365483701 6.781363099813461 98.33677891641855 480.5585422441363 36.13015655428171 19.6791103631258 11.08668836951256 9.168274134397507 8.196343638002872 33.27851781994104 131.0719335973263 0 67.76007077097893 25.93479873985052 47.73539016395807 27.85201006382704 28.40168792754412 7.827711030840874 5.8976144567132 2.780699968338013 4602.393762208521 476.161277808249 70.20395839214325 21.53374719619751 35.67665541917086 11.54026282578707 16.53306044638157 8.351211868226528 0.5175977200269699 7.608846105635166 137.1257435008883 10.24770414084196 37.27719011902809 32.95790530741215 10.60180196911097 27.1247114688158 134.1511238142848 11.05984891206026 9.152661450207233 43.53062239289284 1.65452428907156 0.5460534393787384 0 6.10690176486969 5.639723055064678 13.1337945535779 127.7172398641706 2193.709810249507 9.561420992016792 71.42041912674904 60.70752891153097 24.53691434115171 7.708216346800327 319.4361275285482 3.338152930140495 2.631215400993824 1.799398176372051 12.40125231444836 33.07464416325092 168.3199932575226 41.0842726752162 2.480702340602875 0 339.8094724193215 63.64307701587677 167.3205854669213 222.1896064952016 110.4131336137652 520.2293090298772 1192.003653235734 260.514229491353 625.2716894075274 11.61479564756155 0.7369850054383278 3.76584304869175 3.280853495001793 34.98552379757166 0 0.8077221587300301 0.1101741939783096 1.727319538593292 1.339844100177288 24.19005660712719 2.282868519425392 2.161015272140503 11.67537873983383 3.078750655055046 0 4.207926020026207 106.5747915059328 0 0.3196792900562286 0.1272529512643814 0 0.2972969710826874 0.2621256113052368 0.56912562251091 0 0.5735472068190575 1.846411906182766 0 1.911093719303608 2.40061116963625 9.829830929636955 1.211245104670525 0 0 0 0.12131217867136 0 0 0 0 0 0 1.037562400102615 0 0 0 0 0.6979416608810425 0 0.386836051940918 0 0.4025117009878159 0 0 0 0 1.910809710621834 0 1.106698423624039 0.6973447203636169 0 0.2172410786151886 0 0 0 0 0 0 0 0 0 0 0 0 0.3270561397075653 0 0 0 0 0 0 0 0 0.475930392742157 0 0 0 0 0 0 0 0 0.1558381170034409 9.793619610369205 0.5480585247278214 0 0 0 0 0 0 0 0 0 0 0 0 0 0 0 0 0 0 0.1047892048954964 4.740595631301403 1.128389567136765 1.837539173662663 139.5524936169386 28.2456224039197 312.8379457145929 77.90571079403162 83.48617028445005 33.26477205008268 4.199875600636005 50.73838574439287 2.763585485517979 0 1.037862315773964 0 3.93734073638916 0 0 0 4.341704234480858 0
1346.176721297204 646.475245937705 2.158093571662903 0 121.6812025979161 191.7602475434542 1191.178948096931 0.8441417217254639 53.81457617878914 2334.195037059486 1.767001383006573 1.752416729927063 362.9263895601034 6.835744470357895 4.508298441767693 0 0.2516308724880219 0 0.4087412357330322 0 0.4652459621429443 0 0.1065006628632545 0 0 0 0 0 0 0 48.5113852545619 5.903630442917347 4.022356107831001 0 0 0 0.2507577240467072 0 0 0.2660235166549683 0.09119471907615662 0 0 1.002710476517677 0.1438812762498856 0.2464908286929131 21.24646490812302 0.4865737780928612 0 0.4307907223701477 0 0 0 0 2.116984277963638 4.734523303806782 48.63305210322142 132.4129726439714 4.371942430734634 27.54573775082827 0 0.8388740196824074 0 13.61039285361767 1.709000058472157 0.3563650622963905 0.106764130294323 0.3368973433971405 0.161660447716713 0.3390840888023376 5.685233950614929 0 0 107.0306171923876 12.96442019939423 54.99101197719574 18.7505356669426 2.643782049417496 0.5136869996786118 0.580400362610817 0.6691486686468124 1.13013644516468 5.773694410920143 0.4127482548356056 1.505567736923695 1.153361648321152 1.074027694761753 0 0.1106389537453651 0 0 0 0.1350295543670654 0 0 22.25312206149101 0 0 0.6332289502024651 135.6159169375896 0 0 0 0 0 0.3819073438644409 0.604152500629425 0 17.22122007608414 1.169046863913536 0.1070882678031921 0.484675258398056 1.669389441609383 2.280772134661674 0 0 0 0 0 0 0 0 0 0 0 0 0 0 0 0 0 0 0 0 0.189473032951355 0 0 0 0 0 0 0.2284390032291412 0.4684171825647354 0 0 0 0 0 0 0 0 0 0 0 0 0 0 0 0 0 0 0 0 0 0 0 0.3706435859203339 0 0 0 0 0 0 0 0 0 1.330776244401932 0 0 0 0 0 0 0 0.5154051780700684 0 0 0 0 0 0 0 0 0 0 0 0 0.7722571343183517 0 0.1946753859519958 62.95516588538885 4.558591216802597 54.4408405572176 9.034457959234715 303.8088619187474 8.343805871903896 0.9150590375065804 12.50481413304806 0.6908084750175476 0 0 0 1.331884250044823 0 0 0 9.426212877035141 0
1160.794413231313 6046.367880500853 1162.209453098476 121.6812025979161 0 28.59119891375303 4603.665745340288 82.57004462182522 3423.11345924437 447.389557339251 2253.6272181198 12.94803027808666 205.9503239989281 288.2877329215407 38.64788118749857 2.841786608099937 2.048935070633888 0.2902908027172089 0.2182852700352669 0.7677898406982422 4.820345744490623 0.2048358172178268 1.812480516731739 1.332277812063694 1.51663289219141 3.961554944515228 1.563140541315079 1.424423046410084 5.139518693089485 1.581973403692245 863.8973214402795 114.6295072585344 40.3100358247757 0.4656897485256195 1.256043627858162 2.972053870558739 8.092571400105953 2.846741288900375 1.266940616071224 0.2466167211532593 7.086740158498287 1.336429700255394 2.026778198778629 5.496431112289429 1.083864063024521 1.664564982056618 305.6907466650009 4.663267306983471 1.198131449520588 2.661299228668213 3.196584410965443 0.1683572828769684 0 1.462691612541676 21.35071853548288 46.79435534775257 137.8808765411377 754.6644564568996 14.37289958447218 233.6405553147197 0.9271614328026772 5.62995920330286 0.2592171430587769 166.5472028851509 12.62636285275221 3.859453268349171 2.492043353617191 1.741357073187828 2.574891902506351 7.052117213606834 63.31136471778154 1.928705759346485 0 518.0543674454093 135.0543651208282 496.5523987188935 335.3904869258404 33.26851299405098 7.488195315003395 30.27104802429676 8.049141921103001 15.76352889835835 52.78359425067902 2.414046287536621 12.14115261286497 11.86124093085527 8.116939187049866 0.3723054602742195 6.934852473437786 0.09617646038532257 4.058586984872818 1.220444709062576 5.051304273307323 1.06437973678112 3.575257688760757 169.6417875736952 5.229294173419476 0 3.629870072007179 172.9766848012805 0.4936492145061493 0 0.1992282718420029 0.6140535622835159 0.7792869210243225 3.698267564177513 7.849312677979469 3.664467215538025 8.438122414052486 9.026781931519508 0.4016743302345276 27.53116080909967 19.73257886618376 43.83089190721512 7.049033626914024 0.2127405256032944 0 0 0 0 0 0 0 0 0 0 0 0 0 0 0 0 0.2110519558191299 0 0.4764393866062164 0.3375247716903687 0 0 0 8.022957392036915 0 2.352600641548634 0.9226265996694565 0.4895839989185333 0.2096236646175385 0 0 0 0.1854040175676346 0 0 0.8401426672935486 0.8142357096076012 0 0 0 0 0 0.1263024657964706 0 0 0 0.3499284982681274 0 0 0.1900100558996201 5.836803928017616 0 0 0 0 0 0 0.1117741391062737 0 0 40.01219412684441 0.6375427395105362 0 0 0.1483098864555359 0.4610375165939331 0.2118714898824692 0.1741934567689896 0.6461079269647598 0 1.887592315673828 0.7032413184642792 0.199839785695076 0 0 0 0 0.1469734460115433 0.2559943795204163 0 0.1520242989063263 29.71594972908497 3.177960753440857 4.305259957909584 611.0462881401181 91.00277519226074 644.1841277331114 171.8760526627302 434.6837548911572 93.84762489795685 15.10363447666168 114.7252919524908 12.06326994299889 0.724668025970459 1.806063622236252 0.3327934294939041 19.52373534440994 0.2928383648395538 0 0.5898976922035217 12.881700694561 0.2556414008140564
93.75239954888821 85.15120020508766 0 191.7602475434542 28.59119891375303 0 122.2683335468173 0.8056949377059937 35.5282868295908 780.860807955265 2.870144262909889 120.2956280857325 160.7229232788086 48.69707465171814 0.2153380066156387 0 0 0 0.1490657180547714 0 0 0.2415008097887039 0 0 0 0 0 0 0 0 2.017590999603271 0.8766680657863617 3.599120318889618 0 0 0 1.720846086740494 0 0.8488981127738953 0 0 0 0 0 0 0 3.370565064251423 0 0 0 0 1.689249947667122 0 0 0.1346472650766373 0.7081099301576614 200.3514650389552 41.55462747812271 0.6998601257801056 3.61946652084589 0 0.110536016523838 0 0.2629514634609222 0.383005678653717 0 0 0 0 0.1835562437772751 100.6935400664806 34.28712603449821 0.1578088402748108 20.78966245800257 1.175038918852806 8.041988804936409 0 0.7986498475074768 0 2.325180947780609 0 0.2230075299739838 2.858213901519775 0 0.1373899728059769 0.119453452527523 0 0.8418988585472107 0.587326779961586 2.798936203122139 0 0.5248698741197586 0 0 0 735.3231111764908 160.9085356891155 2.06760048866272 19.3979249894619 420.4844136238098 0.4491124749183655 0 0 0 0 0 1.700041949748993 0 1.854190036654472 0 0 1.53042708337307 1.471713706851006 0.1849053055047989 0 0 0 0 0 0 0 0 0 0 0 0 0 0 0 0 0 0 0 0 0 0 0 0 0 1.170432686805725 0 0.214057445526123 0.2353239506483078 0 0 0 0 0 0 0 0 0 0 0 0 0 0 0 0 0 0 0 0 0 0 0 0.3233733773231506 0 0 0 0 0 0 0 0 0 1.245929285883904 0.4731218218803406 0 0 0 0 0 0 0 0 0 0 0 0 0 0 0 0 0 0 0 0.9642005562782288 1.091043382883072 0 40.51077266037464 1.90538914501667 6.113673582673073 0.2005889117717743 190.6591224074364 0.4221615046262741 0 1.218650788068771 0.6745187044143677 0 0 0 1.113275617361069 0 0 0 1.792197316884995 0
708.0346931889653 4041.55574735254 81.16992834210396 1191.178948096931 4603.665745340288 122.2683335468173 0 12.01666114479303 3116.545174896717 3976.182017944753 234.30698197335 39.93762585520744 3242.735482543707 559.2541824728251 42.95417693257332 4.466336950659752 1.181650832295418 0.2606798186898232 0.2072644159197807 1.095726512372494 2.686643004417419 0.2035494595766068 0.9602887332439423 0.6355846598744392 1.759603291749954 1.932947613298893 0.9872536063194275 1.890753731131554 3.954298973083496 1.608736328780651 150.1364664435387 54.67662198841572 33.74801386147738 0.3963562995195389 0.2993485033512115 2.004290834069252 6.60543817281723 1.698912888765335 1.283956952393055 0.2972351312637329 5.199048481881618 1.764930672943592 0.771381713449955 4.253124363720417 0.3231061398983002 0.3562536910176277 253.9602710157633 3.478647530078888 1.03790719807148 2.328871965408325 2.572809599339962 0.1634082943201065 0 1.970498293638229 18.77677780389786 42.47437939047813 110.0862581878901 322.4906959012151 16.334736302495 188.8001831248403 1.400999285280704 4.744048826396465 0.1166975349187851 84.5021231174469 12.17876943200827 3.760355085134506 3.605115659534931 1.322446532547474 2.008315093815327 4.653481520712376 75.70606458932161 1.519343696534634 0 382.5602375566959 86.80296266824007 379.7260467857122 244.7885513901711 26.30563761293888 6.488324739038944 12.3715845644474 5.806309960782528 11.06737195700407 39.153495028615 2.558959200978279 10.69865679740906 11.25893666595221 9.266339160501957 0.7413725480437279 4.845058590173721 0.1271356493234634 2.6638587936759 2.46012444794178 2.915218971669674 1.066487930715084 2.100387297570705 427.0495072603226 7.687700353562832 0 2.225169040262699 163.8692263364792 1.426312267780304 1.131019920110703 8.949183523654938 7.23753659427166 1.087922364473343 15.72318092733622 17.05685717612505 7.48162530362606 92.16815269738436 32.27268378436565 0.1987950205802917 48.03040073812008 57.15691835433245 72.16378522664309 11.96964003890753 0 0.4729442596435547 0 0 0 0 0 0 0 0 0.3016716092824936 0 0 0.1161592975258827 0 0 0 0 0 1.001408465206623 0.3672615885734558 0 0 0 11.29902888089418 0.1128822565078735 5.141940981149673 2.972054481506348 0.2541939914226532 0.3707137107849121 0 0 0 0 0 0 0.1589871644973755 2.826850593090057 0 0 0 0 0 0 0 0 0.2689013779163361 1.670235633850098 0 0 0 6.903826519846916 0.1631660014390945 0 0 0.151251807808876 0 0 0 0 0 83.17397260665894 1.178368881344795 0 0.1796126216650009 0.09970968961715698 0.6124426499009132 0.5764473080635071 0.9520304799079895 2.139090642333031 3.098704978823662 2.041669741272926 1.085186153650284 1.498604714870453 0 0 0 0 0.08912374824285507 0 0 0 65.66100793331861 6.644730731844902 9.263696238398552 693.5085166245699 95.02058763056993 616.3176338672638 186.0670209378004 631.3558697998524 94.22493188083172 12.68479815870523 132.502167776227 15.540950499475 0.5527314469218254 5.494708143174648 0.495504304766655 46.97050419449806 0.4875063598155975 0 1.140374764800072 35.97302313148975 0.1659058928489685
22.52583874762058 41.1076281145215 1900.733416259289 0.8441417217254639 82.57004462182522 0.8056949377059937 12.01666114479303 0 434.4892810434103 3.408030204474926 3812.127699069679 2.126186400651932 38.80714006721973 402.0617738738656 34.52805764973164 19.42141069471836 7.705026030540466 6.502036303281784 6.384143024682999 23.71606421470642 118.8535245209932 0 53.043491743505 17.78074403107166 39.43045528978109 20.95076470822096 30.48417860269547 8.074033826589584 7.398106187582016 0.5171756595373154 230.8988808766007 1747.141079820693 143.420326679945 21.04319213330746 32.81740826368332 8.913080796599388 12.64730039983988 6.53741018474102 0.604081928730011 6.502405494451523 92.71279835700989 4.303257465362549 27.11217352747917 53.88477722555399 5.860982701182365 28.51478725671768 141.0497297644615 5.959018632769585 3.907225057482719 28.17591312527657 1.575240477919579 0.1435523927211761 0 2.891927719116211 4.05203241109848 9.111798524856567 17.65888260304928 201.1532285064459 1.70430126786232 54.20825889706612 53.22287009656429 21.7099820971489 6.686006084084511 124.5307678878307 2.995133735239506 1.073915414512157 0.9733409211039543 7.068360723555088 24.71675605326891 130.5392249077559 27.68893840909004 0.9940903037786484 0 90.40899746865034 48.55728494375944 158.0441449061036 431.8182360157371 462.1772769168019 2009.011658914387 2336.092523902655 897.9413290023804 1310.064725495875 9.362308315932751 0.1385673731565475 4.634130656719208 1.628857836127281 23.7414293885231 0 1.161429591476917 0 0.4528843387961388 1.438042916357517 23.96283239126205 1.083578333258629 1.42867611348629 7.019149467349052 0.2936162650585175 0 1.94157686829567 9.885868653655052 0 0 0 0 0 0.1526443362236023 0 0 0 0.4703035354614258 0 1.347271502017975 1.472857132554054 1.826764106750488 0.7477854192256927 0.1270510107278824 0 0 0 0 0 0 0 0 0 0.1632034629583359 0 0 0 0 0.3604281842708588 0 0.3332071751356125 0 0 0 0 0 0 0.9298326522111893 0 0.2265198826789856 0 0.6409649550914764 0.366460770368576 0 0 0 0 0 0 0 0 0 0 0 0 0.696801096200943 0 0 0 0 0.1770045012235641 0 0 0 0.9547875225543976 0 0 0 0.1265112459659576 0.09075535833835602 0 0 0 0 4.259967848658562 0 0 0 0 0 0 0 0.3226209878921509 0 0 0 0 0 0 0.1161501333117485 0 0 0 0 0 2.352938383817673 0.1725312918424606 0.9995444789528847 132.7935150414705 26.74247945845127 304.8176225051284 60.70541846007109 50.30371104925871 28.42623464018106 1.895649634301662 52.21131286770105 1.814283587038517 0 0.6315963566303253 0 2.218641981482506 0 0 0 4.5318947955966 0
342.5572856143117 1725.997642241418 577.9325785860419 53.81457617878914 3423.11345924437 35.5282868295908 3116.545174896717 434.4892810434103 0 926.6980318948627 4820.152494870126 306.6265723705292 2260.574846357107 4203.904685690999 42.62365151941776 12.33960574865341 1.554878108203411 0.1687663495540619 0.5074567645788193 4.8095488473773 15.34354923665524 0.2218811362981796 4.354600161314011 4.864449515938759 19.58195274323225 14.2982831671834 7.222784303128719 1.494559682905674 3.058752179145813 0.8034757599234581 197.2120497301221 80.18537878245115 543.9251259639859 1.620933100581169 4.568991363048553 18.26712141185999 52.04410468041897 7.806702360510826 1.6126813814044 3.385622531175613 15.31503027677536 2.062066525220871 2.48918367177248 8.772131830453873 0.8262511417269707 2.926010102033615 242.9466649889946 4.062212109565735 0.5554335117340088 1.837484180927277 1.514342457056046 0 0 1.084979698061943 12.93538458645344 22.29091234505177 48.56845065951347 211.53218986094 9.589949630200863 113.9997090324759 5.411266796290874 25.70999084413052 4.653808638453484 67.17017128318548 7.031246699392796 3.286247052252293 1.854566961526871 1.631059616804123 2.535530805587769 11.55713770538568 242.0130844712257 3.22505459189415 0 209.13408280164 69.35882715880871 260.5928458496928 260.4722991138697 42.8335672095418 14.04974166303873 145.5125795826316 9.735851660370827 25.23194537311792 26.94252125918865 1.551117971539497 9.837049931287766 7.571736827492714 7.112322092056274 0.6715351715683937 2.886577568948269 0.4884417578577995 0.9679146632552147 1.60128378868103 6.997061297297478 1.48535793274641 2.297473564743996 386.1649978011847 9.014914967119694 0.2025794088840485 7.825106739997864 57.23321346193552 1.357036672532558 0 0 0.9165463149547577 1.945425689220428 10.99638094753027 11.54447747766972 3.8066121712327 13.10670173168182 25.63248608261347 0.4050097912549973 40.06857538223267 46.03283314406872 84.4137626811862 10.59186984598637 0.2927740067243576 0 0 0 0 0 0 0 0 0 0.1516467183828354 0 0 0 0 0.5314458608627319 0.1765168756246567 0 0 0.9634138122200966 0.5000252723693848 0 0 0 13.44434316456318 0.2439446151256561 7.221231400966644 2.068202063441277 0 0 0 0.1627623736858368 0 0 0 0 0.4776993691921234 1.220036089420319 0 0 0 0.5313029289245605 0 0 0.1758176535367966 0 0.1486704051494598 2.278409212827682 0 0 0.2780961394309998 9.04557141661644 0.2362827360630035 0.1941009610891342 0 0 0 0 0.2691161334514618 0 0.1418626308441162 79.79352506995201 1.4483512789011 0 0 0 1.160273715853691 0 1.161320686340332 0.9390550181269646 2.921222060918808 1.622855708003044 0.1458664387464523 0.1466746628284454 0 0 0 0 0 0 0 0 56.26799940317869 9.677411124110222 10.88168071210384 582.4347890913486 63.26046630740166 630.9645004048944 152.600175127387 256.2020174488425 88.03270170092583 6.872075572609901 145.0253687947989 19.21222952753305 0.5801696479320526 4.870618753135204 0.3004171401262283 43.14155601710081 1.095184773206711 0 2.023933559656143 9.00860607624054 0.3414756804704666
2973.583358570933 1033.594156898558 5.247656419873238 2334.195037059486 447.389557339251 780.860807955265 3976.182017944753 3.408030204474926 926.6980318948627 0 17.91861935704947 1191.792012274265 8124.646624855697 1391.592952772975 6.426130421459675 0.3816258013248444 0.1750403642654419 0 0 0.1411812007427216 0 0 0 0 0 1.106269665062428 0 0.4171508997678757 0.6907032281160355 0.1747630834579468 59.18212752789259 8.576824098825455 31.00304204970598 0 0 0.3810109198093414 3.650345206260681 0.1836401671171188 0.974652960896492 0 0.3647264242172241 0.1330268979072571 0.2563925236463547 0.3501834198832512 0 0.1706995218992233 44.39971324801445 0.7188680619001389 0.1011968180537224 0.5712056457996368 0 1.421312540769577 0 0.6604358553886414 4.196649715304375 8.231819294393063 150.8182825893164 198.8671947047114 4.316837303340435 44.84803123027086 0.3147688657045364 0.349524974822998 0 17.19197638332844 1.872531771659851 0.1002530232071877 0.3146024495363235 0 0.1017415598034859 1.898250967264175 202.7332795187831 49.47568221390247 0.3786196410655975 151.5889625400305 17.18387652933598 87.86167974025011 26.59748549759388 2.61855660378933 1.22164473682642 9.738658785820007 1.346751675009727 2.148678936064243 8.267464630305767 0.100924089550972 2.04035796970129 2.544657662510872 1.813193425536156 1.727824740111828 1.067353814840317 3.256010085344315 0.4285302832722664 0.642297700047493 1.380665689706802 0 0.6062396466732025 1159.286768719554 203.0602444261312 8.347438186407089 17.04076807200909 903.0385092943907 1.685438990592957 7.000185668468475 9.320332273840904 26.80775655806065 1.343483179807663 13.03460665047169 26.63678707182407 6.333832085132599 96.78703820705414 61.41426136344671 1.296773910522461 81.20389918982983 38.83578128367662 52.8451459184289 7.257396414875984 0.4431000649929047 0.1553855389356613 0 0 0 0 0 0 0 0 0 0 0 0.1313999742269516 0 0 0.2299405038356781 0.1963310092687607 0 2.239521220326424 0.2249661684036255 0 0 0 5.948652595281601 0 2.226214811205864 1.378850594162941 0.1515745520591736 0 0 0 0.1664799153804779 0 0 0 1.554468706250191 2.567767523229122 0.1332885771989822 0 0 0 0 0.5615310519933701 0.1201150491833687 0 0.09956289082765579 4.091764017939568 0 0.1014892533421516 0 3.231517344713211 0.8486389964818954 0.2316572219133377 0 0 0 0 0 0.1349660754203796 0 42.18376760929823 1.193080425262451 0 0 0 0.3773547559976578 0.6935754418373108 0.6839911043643951 3.03945204615593 4.918909944593906 4.672008685767651 1.119566157460213 1.398163020610809 0 0 0 0 0 0 0 0 46.26179281622171 2.570802435278893 4.516115784645081 365.3465277925134 16.17900261282921 104.4615324661136 23.7496926933527 1382.303199224174 19.70851426571608 1.604649625718594 33.94554236531258 14.12758821994066 1.003616772592068 5.323757812380791 0.7078745067119598 40.85653200745583 1.250587105751038 0 2.08228562027216 93.74073861539364 0
456.7286342531443 1584.001007556915 3386.336365483701 1.767001383006573 2253.6272181198 2.870144262909889 234.30698197335 3812.127699069679 4820.152494870126 17.91861935704947 0 41.55627615004778 1039.652245230973 2747.564491763711 39.5011323466897 19.61632392555475 6.911159731447697 4.018328472971916 2.208688601851463 15.45520789176226 53.96512784808874 0.1952228397130966 37.39744896441698 22.79316930472851 65.21418347209692 43.12224427610636 27.70798835158348 1.441216483712196 2.275344103574753 3.472174920141697 431.2195728644729 309.2221452072263 629.0053760185838 6.897551476955414 28.15777635574341 61.56326031684875 137.2396704256535 30.10578846931458 6.118568807840347 13.2989562228322 58.12399132549763 2.46432064473629 6.523568518459797 12.45481511950493 2.62098915874958 10.69185791164637 171.9368780404329 6.567230276763439 3.046092286705971 9.059750616550446 1.848156489431858 0.2742270827293396 0 0.6282017752528191 7.701680347323418 14.12989342212677 47.65677578002214 298.9605729952455 5.302488833665848 78.71301653981209 13.58952518552542 110.6038674712181 15.91088028252125 59.43130784481764 4.752752773463726 1.726470902562141 1.460779123008251 3.227625750005245 5.736289158463478 41.14679762721062 284.5766462683678 10.40328699350357 0 170.5549870282412 49.10616820305586 189.148030333221 206.9725845605135 88.40973024815321 141.1230513975024 692.6672575175762 56.67007654905319 229.0838880762458 19.06203904002905 0.4962280541658401 4.446053318679333 3.667804904282093 6.539590209722519 0.3084991723299026 1.489254258573055 0.5901388451457024 1.338824704289436 0.4442849680781364 14.26970827579498 1.700102336704731 1.049349933862686 80.97368992865086 4.624389104545116 0.3833988308906555 8.894883818924427 80.26199358701706 0.4967101216316223 1.034741282463074 0 0 0.3537716716527939 2.072778478264809 5.590760476887226 1.270311549305916 3.052799865603447 6.018092967569828 0.3145559281110764 14.52522111684084 18.94101972877979 33.73884555697441 3.880208656191826 0.1030779257416725 0.1509915143251419 0 0 0 0 0 0 0 0.654369056224823 0.6442503333091736 0 0 0.3280744850635529 0 0.4758822619915009 0 1.019287526607513 0 0.7765806764364243 0 0 0 0 9.295401968061924 0.2834963202476501 2.954640939831734 1.896029338240623 0.5199699699878693 0.3247827589511871 0 0 0 0.2699655890464783 0 0 0 0.3570889532566071 0 0 0 1.170153141021729 0 0.1217918768525124 0 0 0 1.050568602979183 0 0 0 3.892540298402309 0.1296703517436981 0 0 0 0 0 0 0 0.1924955397844315 37.1884666159749 0.6226371377706528 0 0 0 0.2183096408843994 0.3001825511455536 0.199844166636467 0.281778983771801 1.490811631083488 0.6605035811662674 0.8452440649271011 0.1496990919113159 0 0 0 0 0.121248334646225 0 0 0 23.45725908130407 7.962138012051582 5.519292898476124 269.0940584689379 34.33599688112736 412.8209766745567 100.9749145284295 105.9321632161736 49.63634639978409 4.144870065152645 79.83999986201525 10.82801035046577 0.163571909070015 2.421654470264912 0.3098686188459396 15.4179210215807 0.1904415339231491 0 1.154413640499115 3.816978149116039 0.607234388589859
58.88224616646767 10.46326248347759 6.781363099813461 1.752416729927063 12.94803027808666 120.2956280857325 39.93762585520744 2.126186400651932 306.6265723705292 1191.792012274265 41.55627615004778 0 3862.256644099951 728.1938314437866 2.416481330990791 1.722615338861942 0.1760543584823608 0 0 0 0.3534803688526154 0 0.6200816631317139 0.306517630815506 0.4981594085693359 0.2240516841411591 0 0 0 0 2.906659215688705 1.379626289010048 12.86497268080711 0 0.5220423340797424 0.5593291670084 2.455218404531479 0 0 0.118556335568428 1.082486361265182 0.4502768814563751 0 0.6597731485962868 0 0 8.950385607779026 0 0 0 0.1174223348498344 0.4563940018415451 0 0 0.2619773745536804 0.2103547602891922 5.888273552060127 4.463123768568039 0 3.838949494063854 0 0.5393703356385231 0 1.343524932861328 0.2304086238145828 0.1154277473688126 0.1513651162385941 0 0.5156936049461365 1.066687241196632 173.8940491974354 1.285892233252525 0 9.525072023272514 1.658327914774418 6.672168463468552 6.515488982200623 2.900522001087666 0 3.710839971899986 0.2120413780212402 1.711206898093224 0.7094669789075851 0 0.2399416416883469 0 0.1042826920747757 0 0.2806069105863571 0.1848299354314804 0 0.1093876361846924 0.2764921188354492 0 0 956.6870778203011 18.64777418971062 0 1.836818680167198 58.15825912356377 0.9384175539016724 1.12733793258667 0.8404723256826401 0.6036501079797745 0.7354510575532913 11.99519415199757 17.08385127782822 3.582216277718544 11.72533883154392 26.45746405422688 0.6301407292485237 44.22891540825367 47.65694032609463 70.32703661173582 9.896432511508465 0.1624148339033127 0 0.2735574245452881 0 0 0 0 0 0 0 0 0 0 0 0 0 0 0 0 1.377481870353222 0.1809772253036499 0 0 0 10.7454292550683 0 3.425455197691917 1.748509585857391 0 0 0 0 0 0 0 0 0.823813334107399 1.136257447302341 0 0.134661003947258 0 0 0 0.1872291713953018 0.1979422867298126 0 0.1770674139261246 1.286181874573231 0.4657364785671234 0 0 6.334879040718079 0.8760500103235245 0.1742392033338547 0.2341928035020828 0 0 0 0.2240878492593765 0 0 61.03426076471806 0.3560829758644104 0 0 0 0.3487345427274704 0.1726843565702438 0.9160396158695221 1.184886783361435 1.79974140226841 0.6653038337826729 0.4930740892887115 0.7308108806610107 0 0 0 0 0 0 0 0 63.49552564322948 3.877247095108032 7.287957265973091 129.4901226609945 5.619576275348663 28.08416533470154 6.994507871568203 142.8358338922262 3.415183804929256 0.1581904143095016 15.07093739509583 10.9452286362648 1.209050163626671 3.205539636313915 0.6218669861555099 31.88317377865314 0.5042894929647446 0 0.6444514691829681 0 0
197.8826009482145 270.1503199785948 98.33677891641855 362.9263895601034 205.9503239989281 160.7229232788086 3242.735482543707 38.80714006721973 2260.574846357107 8124.646624855697 1039.652245230973 3862.256644099951 0 3651.639625996351 29.42881202697754 19.03431951254606 4.151605181396008 2.48059307038784 1.152972102165222 3.201984122395515 14.02823278307915 0 6.042199447751045 2.257538288831711 10.59064625203609 7.300035260617733 3.802856206893921 0.255054235458374 1.741142943501472 4.825158059597015 34.95313368737698 16.28094416111708 633.0980398952961 1.724238783121109 3.313261352479458 78.20751641690731 276.4746651053429 31.99338735640049 8.349868953227997 9.330632925033569 16.75912894308567 0.3945722207427025 0.3533839881420135 10.19095008075237 0.3624502867460251 12.98569659888744 116.4287650287151 2.319880574941635 0.3830987513065338 3.759960860013962 0.9003470912575722 0.5108148157596588 4.054799199104309 0.5425890311598778 4.59476663172245 7.486016400158405 23.1313191652298 51.46772368252277 3.94311635941267 31.58150387555361 7.429752513766289 82.27074739336967 5.599215731024742 14.64255496114492 2.777741573750973 0.5798118859529495 0.842240534722805 3.179715052247047 2.796208508312702 8.079471088945866 1220.942268699408 36.1994314789772 0 62.72079811245203 16.67620246112347 86.73701109737158 91.07160647958517 38.91044356673956 4.112742535769939 177.55108769238 2.127665668725967 39.88102625310421 9.281065411865711 0.6919956654310226 2.663414612412453 4.149360284209251 4.811586998403072 0.1165368631482124 1.157403878867626 0.2072981745004654 1.141463726758957 0 4.362696692347527 0.3139844089746475 1.193384721875191 2609.027387998998 47.30661192536354 0 20.45712645351887 90.34988975524902 1.485471896827221 1.493071347475052 0.987010583281517 1.347390726208687 1.554974406957626 17.83376631885767 22.31302028149366 8.130989223718643 56.00336744636297 62.52001724392176 1.465729802846909 83.17609687894583 126.3461099788547 197.8086781874299 26.93659162521362 0.518074557185173 0.1172233670949936 0 0 0 0 0 0 0.1488058567047119 0 0 0 0 0 0 0.446374773979187 0 0.307064950466156 0 3.153246134519577 0.7707074135541916 0 0 0 35.93861785531044 0 11.10735050588846 6.449359633028507 0.4190661907196045 0.1798308789730072 0 0 0 0.1372854709625244 0 0 1.336269125342369 3.943024255335331 0 0 0 1.054134488105774 0 0.2690432444214821 0.5200995355844498 0 0.8495274037122726 3.739833116531372 0 0 0 22.37431912124157 0.6629965901374817 0.815743200480938 0 0 0 0 0.2550480365753174 0 0 252.8825333639979 3.91767330467701 0 0 0 2.562428280711174 1.70679335296154 4.49915175139904 4.013961762189865 6.467847734689713 4.936398707330227 1.990215331315994 1.827485255897045 0 0 0 0 0 0 0 0.1178530976176262 174.3227038681507 33.32551330327988 23.91468369215727 436.0960851460695 48.43523634970188 309.9889986515045 86.42682912945747 283.7610396668315 45.78613239526749 6.865423016250134 78.66279887408018 35.50821928679943 0.4541729241609573 9.273401744663715 1.125437691807747 79.16020473837852 0.9656646698713303 0.1676288992166519 2.781687587499619 17.23408003151417 1.050279319286346
154.7504968345165 416.2370975166559 480.5585422441363 6.835744470357895 288.2877329215407 48.69707465171814 559.2541824728251 402.0617738738656 4203.904685690999 1391.592952772975 2747.564491763711 728.1938314437866 3651.639625996351 0 26.64992488920689 14.18496159464121 3.423276700079441 2.265515953302383 1.321716085076332 6.152384385466576 16.86835692822933 0 7.983696736395359 14.95853307843208 38.12091621756554 19.58626701682806 12.58424787223339 0.6755645275115967 0.9850370287895203 3.178478330373764 88.74215876311064 39.63220550119877 1735.192595995963 2.972988292574883 6.500852733850479 96.85666540265083 385.0210001990199 48.58454346656799 11.01438698172569 9.890983030200005 22.62369695305824 1.336689606308937 2.305233478546143 10.42926926910877 2.00938469171524 12.50431604683399 93.57755459845066 1.243577033281326 1.039915591478348 1.886575549840927 0.2737914994359016 0.3306888043880463 0 0.4200112372636795 3.253801330924034 6.392566598951817 20.57001946121454 74.13055476546288 1.580723538994789 36.08060527592897 11.48504348099232 224.7363277822733 13.97885963320732 17.92788859456778 2.205775424838066 0.4782726243138313 0.3322337418794632 2.866400994360447 2.653100028634071 13.91149611771107 668.2045663222671 16.57683926820755 0.1327308416366577 70.91645309329033 20.10801754146814 81.59962820261717 89.81433655321598 28.70227941870689 12.84159633517265 646.1437602490187 1.96492712199688 72.62893694639206 8.068537220358849 0.519811674952507 1.014051243662834 1.548850603401661 3.044478587806225 0.1087815091013908 2.003784686326981 0.3997334912419319 0.3875206112861633 0.9290092065930367 5.684976898133755 0.3664680197834969 0.8710902333259583 767.2131544500589 12.36698704957962 0 8.455776333808899 40.22289219498634 2.483641475439072 1.292283058166504 0.2518867254257202 2.067924648523331 2.023901104927063 11.46040906012058 15.35046245157719 5.109703630208969 14.01580588519573 39.88733980804682 2.599996820092201 57.16639903187752 69.77511817216873 121.1355837956071 17.82836907356977 0.1541933119297028 0 0 0 0 0 0.1225387752056122 0 0 0 0.28604656457901 0.2999694645404816 0.1519961506128311 0 0 0.2858151942491531 1.077877387404442 0.1849434375762939 0 1.340262390673161 0.8853133618831635 0 0 0 23.50770620256662 0 10.52173981815577 2.704630941152573 0 0 0.5282554775476456 0.4942329525947571 0 0 0.2501776814460754 0.2583224177360535 0 1.467724926769733 0 0.149919793009758 0 0.582075834274292 0 0.22140022367239 0 0 0.2180639803409576 2.326045028865337 0 0 0 11.68641084432602 0.1783089637756348 0.4802468568086624 0 0 0 0 0 0 0 133.9099864289165 1.526402801275253 0 0 0 1.437934935092926 0.7632168382406235 4.119549587368965 1.469816207885742 3.063896596431732 4.511545300483704 1.123456358909607 0.6973436996340752 0.1247050017118454 0 0 0 0 0 0 0 93.55687650293112 15.91842068731785 17.30836910009384 360.7936392724514 28.19700310379267 297.6110755503178 76.34472569823265 128.6686088517308 35.8880331069231 2.401862628757954 77.98107808083296 20.6923134624958 0.9119727462530136 8.379555560648441 1.213929116725922 48.56935459375381 0.2747563123703003 0 2.013706728816032 4.43697102367878 0.1288056522607803
