0 5704.432078048587 621.8962117433548 2188.804189905524 237.4101564958692 34.57019926607609 882.211039699614 143.200313128531 285.0665397644043 1961.028357729316 472.3920961469412 87.8993234038353 220.2766337692738 77.36486216634512 5.435686111450195 0.4724871292710304 0 0.1536704003810883 0 0 0 0 0.8198519647121429 0 0.5763597264885902 0 0 0 0 0 599.8055360093713 0.8637881875038147 1.353343114256859 0 0 0 0.2288610264658928 0 0.6317474022507668 0.4718660190701485 0.1170309856534004 0 0.1289123594760895 0.3586625978350639 0.1131606698036194 0.3559680134057999 13.52054614573717 1.440593339502811 0 0.154512882232666 0.09936948865652084 0 0 0.1061488017439842 1.129350662231445 1.553057968616486 174.3043171018362 873.9376798421144 12.67796344310045 12.95106929540634 0.1305119395256042 0 0 1.046523332595825 1.695985242724419 1.952933236956596 0.6326976418495178 0.399128258228302 0.1046961396932602 0.2418289184570312 3.578486531972885 1.525115132331848 0 299.8899812921882 138.0724933370948 37.0524840503931 2.537565231323242 0.3461711257696152 0.7130986377596855 6.944495163857937 0.5289192348718643 0.5782319009304047 7.898626260459423 0 1.273375116288662 1.033630944788456 1.651381067931652 0 0.2952638268470764 0.6513965129852295 0.126065656542778 0.3345266506075859 0 0 0.8123264461755753 21.01986885070801 0.8756477236747742 0 0.272342324256897 1575.511483989656 0 0.3918848633766174 0 0 0.3592659384012222 0.1585752815008163 0.9838968515396118 0 60.43714268505573 3.925301671028137 0.1905899345874786 1.722442105412483 3.878425799310207 0.974703773856163 0.2808857709169388 0 0 0 0 0 0 0 0 0 0 0 0 0 0 0 0 0 0 0 0 0 0 0 0 0 0 0.8280341327190399 0 0 0 0 0 0 0 0 0 0 0 0 0 0 0 0 0 0 0 0.3937038257718086 0.08859122544527054 0 0 0 0 0 0 0 0 0 0 0 0 0 0.9281019419431686 0 0 0 0 0 0 0 0 0 0 0 0 0 0 0 0 0 0 0 0 0.9394534975290298 0.1272586286067963 0.1687201857566833 55.27755182981491 13.28913709521294 106.2539587691426 38.39400999993086 338.6762940213084 12.32134114205837 5.516717068850994 8.373023383319378 1.087012887001038 0.1886259615421295 2.596197403967381 1.695538260042667 2.390487194061279 0.179292693734169 0.1364564895629883 0 0.139192208647728 0.2193077951669693
5704.432078048587 0 2244.123538158834 672.1464448645711 4274.468960508704 132.3227954953909 3814.011500030756 653.3305272459984 3687.773992352188 245.6566352546215 3259.228056907654 7.344589985907078 203.5080516189337 428.1965230926871 34.14483921974897 2.435216560959816 0.6367044597864151 0.7241406068205833 0.4527582004666328 0.5868945270776749 0.2744139730930328 0 0.1630450040102005 0 0.5627113059163094 0.1068663224577904 0.2372657805681229 0.3915224075317383 0.5114801079034805 0 2836.279471978545 3.006032913923264 5.317342981696129 0.2010205239057541 0.1342253983020782 0.0959518775343895 4.143580585718155 1.941418893635273 1.253540769219398 0 0.1647096872329712 0.1767072528600693 0 1.650944478809834 0 0.8634360730648041 124.1864839345217 6.598372891545296 0.4618601724505424 0.5702239796519279 1.258130572736263 0 0 0.2583979517221451 1.719628319144249 1.55362394452095 55.2948195785284 890.5277680978179 7.171256065368652 72.72025169432163 1.253608711063862 0.9236106052994728 0.08254877477884293 36.5651416182518 4.586150087416172 4.757694065570831 3.18683099001646 3.304873667657375 0.6228392422199249 1.060312114655972 6.694665782153606 1.302871808409691 0.1503186225891113 374.3978860005736 507.7911381050944 213.3478589430451 25.65912707895041 3.608705304563046 6.522078260779381 22.39137054234743 2.327111199498177 4.660404108464718 21.5651746019721 0.09140623360872269 5.464292921125889 4.383038692176342 5.727657072246075 0.2363433837890625 2.033186800777912 0.3222798481583595 0.4994789883494377 0.2233723923563957 0.2428572922945023 0.1053030788898468 0.6254604980349541 30.88509082049131 0.8922489210963249 0 0.9988051950931549 1108.095770657063 0 0 0.8995611220598221 0 0.9432933777570724 2.193432487547398 0.3984225988388062 0.8949567973613739 3.611755438148975 1.384615711867809 0.619505986571312 5.086221694946289 9.77091771364212 3.132181346416473 2.670909874141216 0 0 0 0 0 0 0 0 0 0 0 0 0 0 0 0 0 0 0 0 0.5381115078926086 0 0 0 0.1290254890918732 0.1473138481378555 1.477226600050926 0 0.0845593735575676 0 0 0 0 0 0 0 0 0.144767239689827 0 0 0 0 0 0.09054441004991531 0 0 0.7029966562986374 0.0880977064371109 0.9285921454429626 0 0 0.6548383235931396 0 0 0 0 0.1356396675109863 0 0.2063251435756683 0 0 3.758884064853191 0 0 0 0.1030061393976212 1.771945878863335 0.403551310300827 0.128106489777565 0 0.8739806264638901 0 0 0 0 0 0.09438174962997437 0 0.08831740170717239 0.0841827318072319 0 0 2.522839725017548 0.7783457785844803 0.7896546870470047 264.2254732102156 61.96844086796045 349.1879495605826 127.4361369907856 372.5665316805243 23.59365404397249 11.7708206102252 30.44848993420601 2.678383111953735 0.4997665658593178 5.929188184440136 4.909297972917557 2.915620386600494 0.454911470413208 0.8095097914338112 0.1132937222719193 1.697096467018127 0.5023673847317696
621.8962117433548 2244.123538158834 0 25.70859991759062 302.3416440561414 5.909239768981934 119.0357603207231 3448.280246429145 1268.565793216228 3.71445170789957 4773.297193065286 8.102631270885468 88.90505307912827 265.7287814691663 11.89229090511799 4.311873562633991 0.8883647248148918 1.219870828092098 0.3463940620422363 3.462792836129665 1.190949060022831 0 1.407666653394699 0.4405916631221771 0.518365353345871 0.5645738244056702 0 0 0.2155415862798691 0 5920.733585111797 595.5824187025428 8.01518177986145 0.3995579779148102 2.174164801836014 0.2921955734491348 2.994630105793476 3.836185999214649 0.3769707903265953 0.667664110660553 1.779379606246948 0.3993987739086151 0.9051894173026085 1.663741409778595 0 2.30682285130024 33.50794593244791 1.02746194601059 0.279019333422184 2.335184521973133 0.6843026801943779 0 0 1.177832879126072 0.4426532834768295 0.0823439285159111 18.92517890781164 899.7853926345706 1.562053747475147 13.61880057305098 9.796308599412441 2.066147908568382 0.8279726803302765 567.9554819911718 0.3056164681911469 1.044635035097599 0.4255696907639503 1.040801696479321 4.887545369565487 2.809342667460442 4.426494687795639 0.581617996096611 0 77.54061063379049 204.1823621988297 54.23410417884588 20.10520390421152 4.970699466764927 69.97253142297268 124.9343721270561 18.90174122899771 40.6661631539464 2.989779777824879 0 0.9632309749722481 0.6656949147582054 2.738717339932919 0 0.4821917191147804 0.08967603743076324 0 0.2013871297240257 0.7105022072792053 0 1.382129997014999 4.278780303895473 0.3340270519256592 0 0.3458325862884521 259.4674973711371 0 0 0 0 0 0.5826932787895203 0.2423386126756668 0 0.3347573280334473 0.4002907425165176 0.2777397558093071 1.133522003889084 1.086461395025253 0.3938137143850327 0.6384853571653366 0 0 0 0 0 0 0 0 0 0 0 0 0.107482522726059 0 0 0 0 0 0 0.1027992069721222 0 0 0 0 0.112348236143589 0 0.1069595813751221 0.202576257288456 0.3400100767612457 0 0 0 0 0 0 0 0 0.1282084733247757 0 0 0 0.1722941100597382 0 0 0 0 0 0 0 0 0 0.3757366836071014 0 0 0 0 0 0 0 0 0 1.198857121169567 0 0 0 0.0996563583612442 0.3502503037452698 0.1807568371295929 0 0 0 0.166905552148819 0 0 0 0 0 0 0 0.1208519861102104 0 0 0.4562781155109406 0.4847297593951225 0.1313074976205826 41.28789418935776 12.10239011794329 63.64085958153009 19.70205806195736 13.34575814008713 4.55824588984251 2.046671263873577 5.222118228673935 0.975116916000843 0 0.7101739943027496 1.042960785329342 0.4430594742298126 0.08988919854164124 0.167481504380703 0.1524290591478348 0.5003280639648438 0.1754361391067505
2188.804189905524 672.1464448645711 25.70859991759062 0 176.2264293804765 398.7672380357981 1731.636772789061 3.193643249571323 42.7042386084795 2503.407385647297 37.07853431999683 576.5135269761086 2100.204183056951 145.2702694609761 6.735433720052242 0.7735204100608826 0 0.1891503557562828 0 0 0 0 0 0 0 0 0 0.155710831284523 0 0.1120058000087738 74.01141637563705 0.332416445016861 0.3913983553647995 0.1306936591863632 0 0 0.2145989015698433 0.2388448864221573 0.1639146953821182 0.09877920150756836 0 0 0 0.6180744767189026 0.1139298155903816 0.277607262134552 23.64341396838427 1.370449662208557 0 0.1110352724790573 0.3147643730044365 0 0 0.0924655944108963 0.4795844405889511 0.5191991552710533 29.40354005992413 217.2203852683306 4.540696457028389 17.65524285286665 0.1081316843628883 0.1085719987750053 0 3.377350807189941 1.553590051829815 1.314686201512814 0.662467859685421 0.3728225901722908 0.125390037894249 0 11.57119946926832 0.7183310687541962 0 155.8156023919582 115.5013998672366 50.44841336458921 5.042677357792854 1.755458049476147 0.2101096585392952 2.475552283227444 0.5649260431528091 1.257720001041889 5.818045787513256 0 1.080387443304062 1.377304807305336 0.6805860251188278 0 0.3712147399783134 0.1873494982719421 0.09913252294063568 0.1114069074392319 0.6004423275589943 0 0 90.77378338575363 0 0 0 637.1631475165486 0 1.911331206560135 0.7468740046024323 0 0.8090471923351288 3.271403796970844 0.3999570906162262 0.6941410154104233 56.95534148812294 4.792389288544655 0.8077189922332764 4.034166842699051 7.562911808490753 2.138955354690552 1.561212435364723 0 0 0 0 0 0 0 0 0 0 0 0 0 0.08453203737735748 0 0 0 0 0 0.1949096173048019 0.1472740769386292 0 0 0 0 0 0.2571249455213547 0 0 0 0 0 0 0 0 0 0 0.1204565316438675 0 0 0 0 0 0 0 0 0.08269624412059784 0.3038320243358612 0 0 0 0.6666292548179626 0.2521041706204414 0 0 0 0 0 0 0 0 3.598014384508133 0 0 0 0 1.346291467547417 0.3263259083032608 0.1366135030984879 0 0.08757501095533371 0.3588674366474152 0 0 0 0 0.09307026118040085 0 0 0 0 0 3.582193106412888 0.3882662355899811 0.3035695552825928 76.14979426562786 11.8369757682085 107.7629337236285 36.51001939922571 423.8615855127573 10.23829431831837 3.800982065498829 7.162990882992744 1.400000087916851 0.2732197940349579 1.282641902565956 1.486181877553463 1.734108254313469 0.1275570094585419 0.1075253114104271 0 0.1455406248569489 0
237.4101564958692 4274.468960508704 302.3416440561414 176.2264293804765 0 23.94445784389973 1927.277696765959 49.9416184052825 3344.761068455875 158.7188277691603 625.4275218620896 6.899793162941933 168.8791676163673 181.398974455893 50.28489911556244 9.877705901861191 0.4244769066572189 0.109293669462204 0.1100814267992973 0.1727302521467209 0.4183646142482758 0 0 0.1551633030176163 0.5025538206100464 0.2522401362657547 0 0.3907376527786255 0.5311829745769501 0 193.9097092673182 3.888662025332451 3.636312238872051 0.2396006658673286 0.2910890281200409 0 2.067290164530277 1.170461766421795 1.695103496313095 0.6612289249897003 0.198883019387722 0.3164829164743423 0.1232698187232018 2.004994571208954 0.1271850019693375 0.6055193394422531 220.7859215736389 4.235442265868187 0.09574858844280243 0.2210345715284348 1.083290502429008 0 0 0.1444650888442993 0.7118683010339737 0.8353147953748703 14.10359489172697 113.6263122335076 2.697049409151077 60.27616437524557 0.4266483336687088 1.487603917717934 0 66.56759807467461 1.907914698123932 2.603507712483406 1.589998953044415 2.135731711983681 0.417219951748848 0.1284630447626114 11.62738312035799 1.142047122120857 0 103.6679477617145 234.167982801795 227.6524451002479 59.61890278756618 4.074614286422729 1.379939883947372 6.879350237548351 1.086580336093903 4.384749419987202 12.97324223816395 0 3.050095923244953 2.211189389228821 4.933704696595669 0.09065879136323929 1.789501897990704 0.5310076102614403 0.623065173625946 0.5659875422716141 0.6755024939775467 0.3124814033508301 0.6589404940605164 119.306579656899 2.192377991974354 0 1.246270425617695 36.46379429847002 0.8251701071858406 3.020728126168251 3.221224620938301 2.445044189691544 3.465747341513634 22.01942087709904 1.126850381493568 7.292767830193043 11.52495070546865 23.49301815778017 8.316639646887779 37.10089504718781 59.09253842383623 21.48765920102596 21.1019222214818 0.2156660407781601 0 0 0 0 0 0 0 0 0 0 0 0 0 0 0 0 0 0 1.267253741621971 4.039531648159027 0 0 0 1.607826858758926 0.4867384284734726 3.492647990584373 0.6644125953316689 0 0 0 0 0 0 0.9939843118190765 0 0.1560461223125458 1.8328972235322 0 0 0 0 0 0 0 0 1.958873011171818 1.844495333731174 0.5657921433448792 0 0 2.8081935942173 0.2169132381677628 0.5203241109848022 0 0 0 0 0 0 0 29.22055476158857 0 0 0 0.184114009141922 10.71285941451788 2.42118813097477 0.6778137981891632 0.5027184188365936 2.694869168102741 2.103427521884441 0 0 0 0.1111655235290527 0 0 0.08608853071928024 0.1004580855369568 0 0 19.69109006971121 3.824667811393738 3.120944991707802 406.8628512620926 53.41172609478235 350.7047519609332 105.9680664390326 105.6929622143507 36.93871062994003 4.515545323491096 40.24264269322157 7.84258895367384 0.4443688094615936 8.109816446900368 1.365438029170036 18.61431474983692 1.158978037536144 0.1714315637946129 0.8613829165697098 1.724970892071724 0.2126288115978241
34.57019926607609 132.3227954953909 5.909239768981934 398.7672380357981 23.94445784389973 0 300.2004291266203 0 7.734023913741112 899.527510792017 11.8762923926115 189.2698451727629 178.6076526641846 32.73806815594435 1.804568186402321 4.363263577222824 0.2069853693246841 0 0 0 0 1.735473036766052 0 0 0.1652869880199432 0 0 0 0 0 4.164639964699745 0 26.22513669729233 0 0 0 13.21039028465748 5.159703522920609 9.823857679963112 1.184331670403481 0 0 0 0.5273560136556625 0 0.3631384968757629 1.386804491281509 0 0 0 0 6.972738087177277 1.842716887593269 0 0 0.4767938554286957 282.324995175004 19.06731736660004 2.610732644796371 0.1331347227096558 0 10.96764077246189 0 0.7309408187866211 0 0 0 0 0 0 131.2094587385654 173.7030924111605 8.661844253540039 10.79100822657347 1.812149293720722 2.170948140323162 1.359350398182869 0.7832353860139847 0.1695957630872726 18.83466631174088 0.3922028243541718 15.11209543049335 0.2554666101932526 2.920038938522339 0 0.2964664846658707 0 3.99501445889473 1.969814106822014 9.824996501207352 0.2370264977216721 0.6410989165306091 0 0 0 432.0763017833233 231.2962452173233 12.9387534558773 42.66427470743656 692.8746112734079 0 0 0 0.3941829800605774 0.1808072179555893 0.2106814384460449 0 0.1428909450769424 10.60545398294926 0 0.1187309920787811 0.8459280282258987 0.3023219704627991 0.3246117383241653 0.9713869169354439 0 0 0 0 0 0 0 0 0 0 0 0.1403237730264664 0.1636847257614136 0 0 0.1789313554763794 0.7591066956520081 0.9718384444713593 0 0.1310858279466629 0 0.146671324968338 0 0.1489672213792801 0 0.1100969165563583 0.582901269197464 1.007065892219543 0.4762923121452332 0 0 0 0 0 0 0 0 0 0 0 0 0.7770196348428726 0 0 0 0 0 0 0 0 0 0.3492232710123062 0 0 0 0 0 0 0 0 0 0.6562564745545387 0.4268863499164581 0 0 0 0 0.1828200221061707 0.1391324698925018 0.287943959236145 0.1465117633342743 0 0 0 0 0 0 0 0 0 0 0 0.6936111152172089 0 1.29692230373621 4.543457254767418 0.1603356599807739 3.358422368764877 0.8341463878750801 310.4176132529974 3.103895962238312 0.5211135298013687 1.631233304738998 0 0 0.1163778677582741 0 0.8937651216983795 0 0 0 0 0
882.211039699614 3814.011500030756 119.0357603207231 1731.636772789061 1927.277696765959 300.2004291266203 0 50.54988311976194 2681.367250584066 2096.803053081036 268.4378794506192 45.73350610584021 2721.566857211292 1498.63065918535 124.316497117281 21.90348102897406 0.8235587105154991 1.920169845223427 0.6410298198461533 0.9799843654036522 1.245925359427929 0 0.3689046949148178 0.1270600110292435 1.358162440359592 2.420599237084389 1.033433809876442 1.291677892208099 1.313295602798462 0.3985616266727448 253.3119555339217 6.598435625433922 7.609454281628132 0.4108965694904327 1.000471070408821 0 5.828441269695759 3.396403796970844 2.890674658119678 2.229564234614372 0.2650666534900665 0.9324909597635269 0.340602234005928 4.543167285621166 0.610117644071579 2.211779236793518 467.1198633760214 12.60760241746902 0.9835797324776649 0.5967059135437012 3.698282547295094 0.2240188047289848 0 1.297478251159191 3.284338913857937 3.156578235328197 39.34307817369699 365.0918114632368 7.596774570643902 158.8021738752723 1.886273868381977 3.792651034891605 0 101.8527830243111 5.336608730256557 8.130161345005035 4.840085558593273 5.305983185768127 1.547533310949802 1.629194304347038 31.52764774858952 2.708258628845215 0 363.2753680497408 622.1349916979671 560.4544265121222 124.9279038235545 16.62361866235733 5.586599506437778 11.77251774817705 4.224800392985344 8.316441737115383 32.1579511910677 0.2717246189713478 10.8625620752573 8.066299930214882 10.30975399166346 0.5139222368597984 4.593871757388115 0.2936607897281647 1.322813212871552 1.016096033155918 2.263128027319908 0.1840256229043007 2.464798636734486 546.584133118391 5.985728271305561 0 2.166522219777107 304.1233012452722 2.322829052805901 10.82170088589191 9.373310372233391 3.346451312303543 14.64052235335112 73.20244736969471 6.082564756274223 19.58900306373835 56.21118907630444 76.56234940886497 20.12298436462879 118.6662035435438 202.9448411911726 68.32854590564966 64.28774879872799 0.6591820567846298 0.8027835488319397 0 0 0.08856935054063797 0 0 0 0 0 0 0 0.1000331342220306 0 0 0 0 0 0 2.543918296694756 10.91935970634222 0 0 0 7.22129599750042 0.2681742012500763 7.605243295431137 1.108660526573658 0.852603442966938 0 0 0 0 0.9469362050294876 0.7773997783660889 0 1.330800563097 4.811286494135857 0.2138207405805588 0 0 0 0.1170987188816071 0.4762426018714905 0.5619370341300964 0.09094757586717606 3.392296753823757 0.80533267557621 0.7599279284477234 0 0.1768653243780136 8.773933164775372 0.8122879341244698 0.7170043140649796 0.2250954434275627 0 0 0.2858067080378532 0.09398180991411209 0 0 99.64493623375893 0.2188005819916725 0 0 0.3301135450601578 28.67269602417946 7.204864628612995 4.366042412817478 7.069464199244976 3.399653159081936 3.116708688437939 1.752933457493782 0.3823312520980835 0 0.08366138488054276 0 0.1269311904907227 0.3178009688854218 0 0 0.1439543515443802 88.88470757752657 11.61632842570543 12.20311008393764 828.2525493502617 150.7189140766859 765.9404666498303 250.4644317552447 694.0130085498095 81.00366649031639 15.98688839375973 86.06269998848438 17.20484099537134 0.8922571763396263 21.91383893787861 6.151328086853027 64.65835505723953 1.237494580447674 0.527670606970787 4.644221030175686 3.096923232078552 0.727621003985405
143.200313128531 653.3305272459984 3448.280246429145 3.193643249571323 49.9416184052825 0 50.54988311976194 0 782.6701289787889 5.672746852040291 2784.91979406029 27.70730032771826 116.0062862485647 317.7470753788948 54.36279148608446 14.65392065793276 2.829780660569668 10.73028826713562 3.28432323038578 20.27362802624702 13.20646379143 0 19.53192710876465 4.971901535987854 6.369634613394737 2.882276952266693 3.250532075762749 1.807397827506065 0.8212557435035706 0 2398.268399007618 2503.691760890186 41.10518606752157 7.598938390612602 27.49305609613657 3.588132739067078 7.432441622018814 16.80111092329025 1.421661771833897 0.7229496538639069 7.74557888507843 4.710180297493935 2.108894228935242 5.620982445776463 5.351608917117119 7.97325973212719 177.2504832372069 4.054214499890804 1.574436090886593 7.562380567193031 1.836019650101662 0.3644639253616333 0 2.629353053867817 0.5280102714896202 0.9495004117488861 19.77388348430395 691.3468974232674 3.077105820178986 44.26311378926039 44.89985746145248 10.80697729438543 2.46897466480732 832.2575062289834 0.9572573974728584 2.206135272979736 1.413721464574337 6.406856633722782 20.71915648877621 20.23905175179243 17.61139304190874 1.559676989912987 0.1595579534769058 128.3263514265418 478.1044857129455 232.7512678876519 524.6931077092886 410.8737935721874 1223.555314920843 1263.266286365688 388.7116351723671 1070.310901664197 9.395956106483936 0.1025783643126488 2.900608725845814 2.676395051181316 6.496171526610851 0 1.039040945470333 0 0.411956362426281 0 6.569525651633739 0.3327195197343826 4.361633598804474 9.745955899357796 2.771331712603569 0 0.6649807989597321 122.8297603577375 0.1529890447854996 0.3685624003410339 0.4829318225383759 0.1347610205411911 0.3793353885412216 0.2879012525081635 0 0.155401811003685 0.4915698617696762 0.2128389030694962 0.6253034248948097 2.044042155146599 2.746672987937927 0.9452212676405907 1.741525128483772 0.3287099301815033 0 0 0 0 0 0 0 0.2308348566293716 0 0 0 0.1957481950521469 0 0.338236004114151 0 0 0 0 0 0.364781990647316 0 0.2221469134092331 0 0.5764947384595871 0.5899239033460617 1.34104823321104 1.574262797832489 0.8279710114002228 0 0 0.372715562582016 0 0 0 0 0 0.171241968870163 0 0.3443300127983093 0.3804031312465668 0 0.7111246287822723 0 0.1020423993468285 0 0.08294656127691269 0.1062541007995605 0 0.1745308637619019 0 1.337613612413406 0 0 0 0 0.09976562112569809 0.306607574224472 0 0 0.1607144325971603 3.752574078738689 0 0 0 0.2606016993522644 0.876180000603199 0.1824885159730911 0.9791845232248306 0.1957039907574654 0 0.2277621999382973 0 0 0 0 0 0.116675429046154 0.2886846512556076 0 0.1307102739810944 0 1.955530598759651 0.7337155193090439 2.111392788589001 228.6272358670831 35.38820047676563 258.2914982289076 71.83969599753618 37.71737521886826 19.10752473771572 3.914617195725441 29.9167101457715 2.252607814967632 0.700532078742981 1.891039192676544 0.6914838925004005 0 0.09953484684228897 0 0.4610935896635056 2.157466433942318 0.8240795433521271
285.0665397644043 3687.773992352188 1268.565793216228 42.7042386084795 3344.761068455875 7.734023913741112 2681.367250584066 782.6701289787889 0 125.9377765357494 4467.016403436661 23.5447379425168 1690.494908817112 2288.890683867037 39.52692449837923 9.561999849975109 0.3622770607471466 0.7169723212718964 0 1.111874103546143 0.1829316467046738 0 0.2547646760940552 0.1951059997081757 0.4316984266042709 0.4787880703806877 0.5880928039550781 0.4274345561861992 0.9768294841051102 0.118463434278965 175.6449413299561 3.36121167242527 11.27028128504753 0.5181815177202225 1.909841984510422 0.7237036377191544 10.31537368893623 1.509411223232746 1.048971146345139 0.1216265186667442 0.243353359401226 0 0 1.408343732357025 0.2046383172273636 0.5860684514045715 153.4591484367847 1.654382467269897 0 0.5824013948440552 0.09035912901163101 0 0 0.08161802589893341 0.2890778630971909 0.09635140001773834 8.798752568662167 70.22437456995249 1.649477750062943 26.65651958435774 0.4144141152501106 1.091465383768082 0 42.2494480907917 0.9526719972491264 0.6761601120233536 0.9624427706003189 0.5769653990864754 0.2245920449495316 0.4448028206825256 12.48324865847826 1.929855838418007 0 52.07628143578768 127.6997498124838 141.4050883203745 53.81119497865438 7.887819401919842 4.543033972382545 30.54366915673018 2.194191627204418 2.381940148770809 5.993521727621555 0 2.866824708878994 1.120407424867153 1.756500616669655 0.1217421591281891 0.2418534606695175 0 0.158599391579628 0.1341360956430435 0.6982648372650146 0.1248301118612289 0.09498044848442078 137.6572277992964 1.244118444621563 0 1.382016941905022 29.3570783212781 0.5656381919980049 5.16404877603054 2.853320837020874 1.298637330532074 3.319625034928322 19.78445626795292 2.305112034082413 6.708322837948799 12.15766275674105 14.8300384581089 4.331975370645523 35.24198529869318 52.32933726161718 20.25293115526438 15.56708923727274 0.2568781822919846 0.1722911447286606 0 0 0 0 0 0 0 0 0 0 0 0 0 0 0 0 0 0.3723864927887917 3.497475184500217 0 0 0 1.48333340883255 1.004651337862015 2.346356146037579 0.1570548564195633 0 0 0 0 0 0 0 0 0 1.28896202892065 0 0 0.1161285638809204 0 0.4268347471952438 0 0 0 0.3983212113380432 0.9721077978610992 0.2153946757316589 0 0.2797761559486389 2.401318535208702 0.2458212524652481 0.3342306017875671 0 0 0 0 0 0 0 26.22912656515837 0 0 0 0.1159298941493034 10.80852080136538 1.341432049870491 2.711812801659107 0.2523935064673424 1.707076869904995 0.1880519539117813 0.8106522262096405 0.2143612205982208 0 0 0 0 0.3064173310995102 0 0 0 29.17883031070232 3.135895490646362 4.055021077394485 286.4634416624904 27.54933451861143 242.5852051451802 67.66163146495819 55.9408832192421 24.61440932005644 1.652031928300858 40.9006567299366 4.127890065312386 0.8736759126186371 6.837068878114223 1.145599640905857 22.04583960771561 0.3056274056434631 0.153676301240921 1.391871973872185 1.10673813521862 0.7389201521873474
1961.028357729316 245.6566352546215 3.71445170789957 2503.407385647297 158.7188277691603 899.527510792017 2096.803053081036 5.672746852040291 125.9377765357494 0 37.07921635359526 3463.869242884219 6317.947410665452 925.4919147565961 15.70981448143721 4.041504256427288 0 0.1797382533550262 0 0 0 0.2053700685501099 0 0 0.115068107843399 0 0 0.1676478087902069 0.1378897577524185 0.1571156978607178 31.62843456119299 0.4338397532701492 10.01245624572039 0 0.2325280755758286 0.0963611975312233 6.048726409673691 2.829529874026775 0.6684059128165245 0 0.1384730339050293 0.1044889762997627 0 1.535974696278572 0 0.270888589322567 48.731649979949 0.6081830859184265 0.1159820407629013 0.1997101828455925 0.279120109975338 0.2089309841394424 0 0 0.5400420948863029 0.09321093559265137 48.78639055043459 140.2182517424226 3.297839052975178 14.30344991385937 0.2074339613318443 1.063628315925598 0 8.15146517008543 1.175066128373146 0.7375539019703865 0.2872779667377472 0.5395063534379005 0.1223439201712608 0.1172475218772888 115.1142979040742 3.449561484158039 0.2403657734394073 124.1468998640776 103.6587049886584 57.37825732678175 12.85443571209908 4.647910818457603 0.3675346076488495 18.28872227668762 0.8412583619356155 2.109529256820679 5.884828209877014 0 1.173466123640537 0.6244122236967087 0.8971857726573944 0 0.3053656443953514 0.3583397269248962 0.1313123852014542 0.4539276510477066 0.09557169675827026 0 0.3026891499757767 945.3203547745943 17.82526111602783 0 1.627659991383553 869.4749845787883 1.300240501761436 8.528596609830856 5.899494826793671 4.082774132490158 6.461108654737473 51.37988620251417 7.234765931963921 12.13529644906521 94.70575255155563 70.19566968083382 11.52728249877691 72.16386453807354 112.5303936973214 41.05280686169863 22.8454262688756 0.3588593304157257 0.2668346017599106 0 0 0 0 0 0 0 0 0 0 0 0 0 0 0 0 0 1.75493285804987 4.943237744271755 0 0 0 1.685091212391853 1.190664798021317 3.128472454845905 0 0.1699381619691849 0 0 0 0 0 0 0 1.508488789200783 1.313044659793377 0 0 0 0 0 0 0.1060017272830009 0 0.9737757965922356 1.932157129049301 1.163644671440125 0 0 5.157180294394493 0.2512081936001778 0 0.2380182296037674 0 0.227631002664566 0 0 0 0 34.32393291592598 0.5562507510185242 0 0.08807080984115601 0 11.00442729890347 2.379044823348522 1.071029096841812 0.9207557439804077 3.366255104541779 1.981321752071381 0.4676463976502419 0.4897426441311836 0 0 0 0 0 0 0 0 60.73087532073259 3.75890126824379 3.860301524400711 160.03277913481 12.74254709482193 152.9238214716315 49.62836652249098 1170.76485863328 11.6742359995842 3.941636636853218 17.82301883399487 5.807096779346466 0.137413889169693 12.36700970679522 2.193771935999393 56.21188604086637 0.620621532201767 0.1037983000278473 2.051328614354134 0.4409065246582031 0
472.3920961469412 3259.228056907654 4773.297193065286 37.07853431999683 625.4275218620896 11.8762923926115 268.4378794506192 2784.91979406029 4467.016403436661 37.07921635359526 0 214.4537063166499 2368.009508766234 5648.719366334379 114.0667368322611 61.59644240140915 9.708198875188828 5.570578932762146 3.843736074864864 14.24751598387957 19.32043636590242 0.4439783692359924 74.25327506661415 20.5182724148035 41.6116871535778 9.049554154276848 21.53062964230776 5.513558976352215 1.306056290864944 1.809955455362797 1755.564801551402 156.3485547378659 441.6168945357203 10.98069182038307 79.50198491662741 18.24381011724472 100.6248949989676 118.5866197869182 7.766612134873867 11.45343579351902 25.24355705827475 8.060938030481339 5.515888325870037 15.45713192224503 6.615709066390991 7.591772682964802 364.1396033167839 6.9424754306674 0.6137736216187477 5.936123535037041 6.202639006078243 0.7577750682830811 0.595923975110054 5.544314660131931 1.031107664108276 1.809210695326328 23.14483630657196 505.8441784903407 3.335256367921829 83.81278552860022 7.911298684775829 40.44342797994614 2.972302831709385 220.1819976717234 3.342247314751148 3.569407232105732 2.286540232598782 14.78377567231655 53.73421461135149 39.32426531612873 104.5194476246834 8.604485683143139 0 184.9699705094099 483.3591093420982 406.9604764953256 204.1747000515461 58.42976472526789 347.1224078908563 467.6293512731791 8.622759103775024 103.7086992636323 17.78581102192402 0.4256354570388794 4.60569753497839 4.254858806729317 10.8879171833396 0.2162292972207069 2.284303747117519 0.2350690960884094 1.195107392966747 1.999261945486069 25.24630261212587 2.187582567334175 10.09782471507788 85.17743533104658 23.79045934975147 0 3.512146428227425 153.8430504053831 0.4188030138611794 0.4980610832571983 1.011933505535126 0 2.094710394740105 6.036111518740654 0 2.041447453200817 2.040065795183182 3.149001032114029 4.341841116547585 12.02023267745972 21.41949819773436 14.23103960603476 15.53408624976873 0.811314545571804 1.239492006599903 0 0 0 0 0 0 0 0 0 0 1.365372642874718 0 0.6948646456003189 0 0.6223984062671661 0 0.1268835514783859 0.8385994359850883 2.713460169732571 0 0.2130351960659027 0.2369762659072876 3.408032342791557 0.703141376376152 4.833237275481224 4.149855375289917 2.065880239009857 0 0.291930228471756 0 0.1207407638430595 0 0.5266300067305565 0 0.5625026822090149 1.555808246135712 0 0 0.1850046068429947 1.74491323530674 1.669692978262901 0 0 0 0.6930514052510262 0.5944518372416496 0 0.3402996510267258 0.2263937592506409 5.194663159549236 0.9256865084171295 0 0 0 0 0 0 0 0.4852726608514786 21.52663624286652 0.7700571715831757 0 0 0.407068744301796 12.48987589031458 2.922694072127342 1.594211772084236 0.9651782512664795 2.41090415418148 1.753782711923122 0.3521358892321587 0.6847982332110405 0.1163568794727325 0 0 0 0.3602435812354088 0.1012658178806305 0 0.1291743963956833 11.0987401381135 6.816045366227627 8.517135985195637 466.6456511244178 70.97136898338795 490.2348091229796 138.1358877271414 75.3181548640132 41.72368463873863 6.543778508901596 59.80337228626013 8.534378200769424 1.337218903005123 7.217704370617867 3.24902767688036 8.878207743167877 1.164498910307884 0.7952738404273987 2.144336581230164 3.119866974651814 1.842607602477074
87.8993234038353 7.344589985907078 8.102631270885468 576.5135269761086 6.899793162941933 189.2698451727629 45.73350610584021 27.70730032771826 23.5447379425168 3463.869242884219 214.4537063166499 0 2420.503441646695 512.6146222054958 37.37484271079302 21.81148958951235 1.351086765527725 0 0.1353076696395874 0.6936996579170227 0.9796095788478851 0 1.158597320318222 0.3650679886341095 3.335364863276482 1.071486830711365 0.572419285774231 0.7583728283643723 0 0 3.157349273562431 1.310207985341549 60.67157279700041 0 0.4669160842895508 2.290137380361557 76.67142566293478 26.1131159812212 5.030522644519806 5.54393857717514 0.8015646860003471 0 0 8.38561924546957 0.5533032864332199 1.108365029096603 87.38751953840256 1.516786299645901 0 0.4342932403087616 0 0 0 0.1249035149812698 0.3913589045405388 0 9.547113329172134 16.3368244767189 0 12.71798361837864 1.305056639015675 14.67062219232321 0.1819557994604111 20.19216553121805 0.4750529378652573 0.202214777469635 0.2057533338665962 0.1763564497232437 0.5130690634250641 0 457.9087217822671 11.55159290879965 0 31.13604956865311 67.18708965182304 72.6645780056715 47.27846652269363 29.47026447206736 0.7130492776632309 105.3406381756067 3.13045097142458 14.04297160357237 3.367910131812096 0 0.4784850478172302 0.1081084012985229 0.8854533731937408 0.1977562606334686 0.2726299911737442 0.1856230199337006 0 0 0.5800056457519531 0 0 2077.244698815048 238.1065839529037 0.163629874587059 12.61200229823589 68.26981062442064 3.147662200033665 7.073999986052513 6.756226494908333 1.439895078539848 14.96635557711124 76.75835890322924 4.571031123399734 21.72490799427032 34.51555885374546 56.17968401312828 28.65675426274538 118.1474491432309 207.4129841849208 101.2382233440876 83.7226033359766 0.978007547557354 0.8121944516897202 0 0 0 0 0 0 0 0 0 0 0.1510887742042542 0.3254917562007904 0 0 0 0 0 7.747532039880753 12.70307981222868 0 0 0 5.181682400405407 0.4670732021331787 7.714871779084206 0.7259524315595627 0.4742151349782944 0 0 0 0.2432100772857666 0 0 0 3.215664520859718 4.661093167960644 0.5682366490364075 0.2396972328424454 0 0 0 0.1096526756882668 0.5300720259547234 0.1341400891542435 3.491306304931641 2.873818404972553 0 0 0.1584347188472748 7.313111782073975 1.038399435579777 0.2895299345254898 0 0 0 0 0 0 0 124.8810195401311 1.017711907625198 0 0 0 35.65804227441549 5.564415246248245 3.7845518887043 4.365199618041515 8.477152340114117 4.383050538599491 2.279354505240917 1.782109193503857 0.1870190650224686 0 0 0 0 0 0 0 129.0638766214252 18.55012281239033 13.57599031925201 180.5825906023383 12.33881317079067 133.1078677996993 34.80043956637383 215.0382014662027 10.95282371342182 0.1211417838931084 25.36255329102278 15.09534495323896 0.8391930758953094 27.46733846515417 1.199698977172375 67.92023284733295 3.147119104862213 0 5.203091934323311 1.214458167552948 0.7194012552499771
220.2766337692738 203.5080516189337 88.90505307912827 2100.204183056951 168.8791676163673 178.6076526641846 2721.566857211292 116.0062862485647 1690.494908817112 6317.947410665452 2368.009508766234 2420.503441646695 0 2610.74562189728 141.3764210194349 104.6885272562504 5.438902825117111 1.592853605747223 0.1292410492897034 1.233244061470032 1.50467748939991 0.8763384819030762 4.840252533555031 1.540827915072441 11.61902758479118 4.207851558923721 2.358740925788879 1.519736588001251 3.555397808551788 1.627285122871399 52.75846433639526 6.554444991052151 759.2618671804667 0.8069102168083191 5.418693386018276 26.05651696026325 287.8098701015115 221.8842457681894 259.8016092851758 82.34679371863604 4.579715363681316 2.104871802031994 0.3140831589698792 23.11501639336348 1.306648686528206 6.02003276348114 411.8361438065767 4.673859320580959 1.40393178910017 1.052947588264942 2.172737576067448 1.599836230278015 0 2.405543938279152 0.443402536213398 0.6045724302530289 17.88254974037409 82.71528868377209 4.069338299334049 52.51637188345194 1.812196783721447 182.1083967983723 0.1863547414541245 89.85076561570168 2.221092633903027 3.744246393442154 1.696485728025436 2.009558454155922 5.134659968316555 4.506228365004063 805.2334037274122 68.15309935063124 0.5420425236225128 106.0475812479854 216.825146690011 334.2429233938456 235.2586618810892 99.92051164805889 5.658703163266182 484.3472107574344 11.82729407399893 179.7905400767922 10.50851047039032 0 2.941240936517715 2.026936382055283 4.755540564656258 0.579654186964035 1.234437212347984 1.240875527262688 1.210162244737148 0.68604676425457 3.359658308327198 0.4086412936449051 2.258093178272247 1912.982306614518 96.22395646572113 0.9217918962240219 43.20019801706076 106.7850953564048 4.543118588626385 11.11356208473444 11.51399478316307 5.636187270283699 25.82771202921867 127.2488551288843 7.17708932608366 38.13467089831829 79.55974087864161 106.1350331380963 55.55276181548834 202.5825180858374 348.3823463842273 146.0110270157456 148.8145239949226 2.623054698109627 2.700065836310387 0.116544134914875 0.2846026867628098 0 0 0 0 0 0 0 0 1.113349497318268 0 0.1693024486303329 0.1420431137084961 0.2868515253067017 0.2855120003223419 0.2391878068447113 11.03255087137222 20.9034514054656 1.173674821853638 0 0.3994594812393188 16.27636350691319 2.618254862725735 26.01452039927244 6.357310488820076 1.563211560249329 0.1180732250213623 0 0 0.3318456932902336 1.394633643329144 1.212251052260399 0 5.152269467711449 12.61549708247185 0.1601670682430267 0 0.4328146874904633 0.5612887740135193 0.6984958648681641 0 0.8813129886984825 0.322953924536705 4.485237240791321 6.04573580622673 1.540021285414696 0.745822474360466 1.288356401026249 27.00108022987843 2.0595748052001 0.9900441467761993 0.2686848714947701 0 0 0.2837511003017426 0 0 0 229.4152690544724 10.13718916475773 0 0 0.520051509141922 80.72585599124432 16.65969028323889 7.736091159284115 6.36559059470892 11.86313907802105 9.470794774591923 3.060689903795719 3.292291864752769 0.2161109745502472 0 0.1024332046508789 0 0.3432167693972588 0 0 0 184.3298177346587 43.98467280715704 46.6862904727459 613.2112460210919 61.88639098405838 521.2244972661138 133.5912563428283 322.943361133337 53.82554354518652 5.564799912273884 97.65612369775772 27.80640478432178 1.90973749756813 43.2712904214859 4.804095253348351 95.78670307248831 7.258359678089619 1.302960298955441 9.283464521169662 3.048510394990444 1.584949374198914
77.36486216634512 428.1965230926871 265.7287814691663 145.2702694609761 181.398974455893 32.73806815594435 1498.63065918535 317.7470753788948 2288.890683867037 925.4919147565961 5648.719366334379 512.6146222054958 2610.74562189728 0 99.57604347914457 72.42198504507542 12.37588146328926 5.258781805634499 1.913923494517803 9.041797429323196 7.901616424322128 1.781338930130005 38.38146282732487 13.79214419424534 77.45542761683464 17.05764892697334 27.91132359206676 4.825684197247028 2.686189085245132 3.556670144200325 123.6048671901226 14.64311637729406 1981.10335020721 5.892917774617672 55.1659654006362 54.67391158640385 712.3959508165717 438.9714723974466 33.49078392237425 70.9045600220561 22.79701613634825 6.592119961977005 0.6447578817605972 19.94724553078413 5.505426615476608 4.979035869240761 284.8626070693135 2.13546746969223 1.026304513216019 3.019575536251068 3.702430486679077 0.4020615518093109 0.8517032265663147 4.338038466870785 0.2065622508525848 0.8582992851734161 9.605847261846066 71.5457476451993 2.505798064172268 34.56397932767868 5.205212950706482 203.5691830217838 1.076888144016266 89.20382831990719 0.9433222860097885 1.757695913314819 1.249865636229515 8.387434504926205 30.96290373057127 22.38691858947277 248.101840287447 34.80511339008808 0 61.32237511128187 186.4398333057761 243.7099228575826 163.3979172706604 77.90125969052315 25.85259439796209 1853.442985028028 6.997101783752441 125.460832580924 6.792709939181805 0.3541386127471924 1.844288885593414 0.9639786779880524 5.980835936963558 0.106007307767868 0.9242374375462532 0.2993807345628738 0.307055190205574 1.020388543605804 11.46049299836159 0.8671512827277184 4.969926409423351 599.4213996008039 57.6672949641943 0.7618874758481979 23.22947833687067 31.19449472427368 2.310833655297756 2.298701673746109 3.281452760100365 3.051893711090088 9.050289712846279 52.14691329747438 2.042062610387802 13.91519441455603 19.50415464490652 32.92461747676134 21.40399107336998 71.70014031231403 123.3051042705774 54.90998194366693 56.49415711313486 0.7047097980976105 1.330501206219196 0 0.5352458730340004 0 0 0 0 0.553731381893158 0 0 0 0.7679811716079712 0 0 0.2086294293403625 0.1849479675292969 0 0 3.430267624557018 7.727826222777367 0 0 0 10.11985305696726 1.162452682852745 13.00340167433023 4.035530596971512 1.256546691060066 0 0.4564163684844971 0 0 0.2068728655576706 0.5086629390716553 0 2.094205163419247 4.831055693328381 0.4255707710981369 0.3208553493022919 0 0.978506863117218 0.7978523671627045 0 0 0 2.127555854618549 2.526197023689747 0.7329974919557571 0.8940426260232925 0.1393138766288757 13.08037127554417 1.081537932157516 0.7744053900241852 0 0.242689311504364 0.1195186302065849 0.1125139519572258 0 0 0 95.3931887447834 3.277495414018631 0.4306712448596954 0 0 36.44596847146749 6.490332826972008 5.011565819382668 1.144608221948147 4.871196016669273 2.9704874381423 2.257585994899273 0.9008723869919777 0.19514200091362 0 0 0 0 0.1536311060190201 0.1841517388820648 0 62.95551513135433 20.65027312189341 19.22522725909948 416.2892912700772 42.4307996481657 364.6095662042499 92.11364510655403 89.78603802621365 35.69205800443888 2.494718991219997 62.01158039271832 16.3179849088192 0.5825295224785805 21.24548450112343 2.49585772305727 40.64123147726059 3.817860953509808 1.041828036308289 3.576895847916603 2.738357231020927 1.065691538155079
