0 3875.194976434112 489.3519952073693 1292.891035497189 159.8644876033068 282.8645176291466 622.2719068974257 107.0802166163921 66.09561146050692 1213.417902819812 247.7914367541671 69.80340520292521 66.29173042625189 165.031160466373 3.496445871889591 6.152984246611595 0.7734994813799858 0 0 0 0.1158074215054512 0.1090866401791573 0 0.1634186059236526 0.2065170034766197 0.2189906463027 0.1187013238668442 0.1012409850955009 0 0.8805107548832893 408.5516795739532 0.7950829491019249 18.98261316865683 0 0.1025251522660255 0.4635417610406876 5.453659974038601 0 0.7951545268297195 0.1172768175601959 0.5670995935797691 0.1822847127914429 0.07742992788553238 0.1767596453428268 0.1895698457956314 0.2966172397136688 49.86237508803606 3.344296433031559 0.3487527668476105 0.1131548807024956 0.4014130905270576 1.030945219099522 0 0.1913727670907974 1.035609073936939 2.440067566931248 226.8764800280333 875.8882996067405 25.56110861152411 32.00511600077152 0.2815332412719727 0.1267169266939163 0 3.14384038746357 6.576307408511639 8.014889344573021 2.909558534622192 0.9321124106645584 0 0 6.340143375098705 9.530097812414169 0 272.2042201459408 46.16860610246658 22.70570509880781 6.966979645192623 3.22798128426075 0.898389145731926 51.83784547448158 0.1749764084815979 1.337685719132423 37.77737257629633 0 2.835593953728676 5.633294217288494 0.8192727193236351 0 1.339021973311901 0.412330150604248 0 0 0 0 0.08204012364149094 88.12252856045961 3.085586547851562 0 0.2831539511680603 1680.525165915489 0.09972336888313293 3.972779594361782 0 0 0 1.712812185287476 1.53897625207901 1.332173421978951 45.43381480872631 4.078829914331436 0 11.29924421012402 20.32909958064556 8.242403037846088 4.929298654198647 0 0 0 0.1398900151252747 0 0 0 0 0 0 0 0 0 0 0 0 0 0 0 0.3045805692672729 0 0 0 0 0.956572599709034 0.1292048394680023 2.207722380757332 0 0.5369970351457596 0.2332939580082893 0 0 0 0 0.1089051812887192 0 0 1.425804108381271 0 0 0 0.2383149117231369 0 0 0 0.1775361523032188 0 0 0 0 0.08991384506225586 3.82208227366209 0 0 0 0 0 0 0 0 0 9.857362270355225 0.2090230137109756 0 0 0 2.012283101677895 2.895581215620041 1.810135260224342 0.1805328875780106 0 0 0 0.3149575889110565 0 0 0 0 0.08261973410844803 0 0 0 15.83218245953321 0.2936284244060516 1.050645262002945 283.8310244977474 13.10366053134203 140.0476328358054 15.26234049350023 2021.892624802887 13.56193416565657 5.363021284341812 18.49965320527554 21.78471716493368 0 0.288561038672924 0 24.67664840817451 0.2887434065341949 0.3406885340809822 0.2562998831272125 1.145122349262238 0.441935122013092
3875.194976434112 0 1147.063111007214 2739.653131753206 3067.2427097857 187.4345927983522 3493.479754686356 586.3388112783432 1675.231535553932 2097.225586734712 2453.435263104737 341.6982472613454 492.6897008195519 1339.286044605076 25.42586136609316 34.02021140605211 2.387423887848854 0.2127437591552734 0.2121575623750687 0.3569150120019913 0.7682279050350189 0.1535897850990295 2.188317187130451 0.845846064388752 1.793351642787457 3.760335274040699 2.651551999151707 1.404741086065769 1.106525346636772 0.2001016587018967 3061.90707360208 8.40217088162899 133.1300222575665 0.3336751535534859 3.04082128405571 1.673564501106739 31.63704486191273 0.5887114256620407 1.026511333882809 0.3481727242469788 4.737542137503624 4.756629727780819 0 2.120911307632923 0.7722511067986488 0.8762003257870674 199.9246751889586 11.132588095963 0.1394328325986862 0.6982486769556999 2.857102066278458 2.176334030926228 0.2998867556452751 0.6532991677522659 1.315850324928761 4.280729629099369 213.9375530257821 1969.696963176131 42.382334433496 82.26192653924227 0.6670843586325645 0.8755457177758217 0.2313479259610176 31.37048780918121 14.78294423595071 17.41455553472042 5.58798486739397 3.818884573876858 0.9609714299440384 1.367154374718666 28.01757924258709 6.741964429616928 0.4582055509090424 489.9276725426316 172.7937758043408 105.1273189634085 65.23598984628916 32.89712768793106 26.48576445132494 440.1272241771221 0.9121719747781754 24.95308403670788 87.17485276609659 0.5660413354635239 9.901376612484455 14.30457152426243 2.438971512019634 0.1121070235967636 2.608526773750782 1.473717600107193 1.551226012408733 1.243338063359261 1.043238505721092 1.832542426884174 1.364801213145256 163.4542098119855 1.005037844181061 0.1279904097318649 1.620003469288349 571.3085438832641 0.07693616300821304 1.962897010147572 2.679593369364738 0.6792635172605515 0.7679182589054108 2.246303617954254 1.147935017943382 1.32983011007309 172.8572249412537 6.045669667422771 0.7901679128408432 11.55781347304583 38.97292535752058 13.39886418730021 13.97283830493689 1.920889027416706 0 0 0 0 0 0 0 0 0.1068002879619598 0.5185171291232109 0 0.4593499451875687 0.3878044262528419 0.4908855259418488 0.2837391793727875 0.2977967262268066 0.6575544476509094 0.2926154881715775 0.5104200839996338 0.4434008523821831 0 0.3668022751808167 0.2224601954221725 4.255041092634201 1.129437848925591 7.322055898606777 0.8343139067292213 0.560823068022728 0.4133481234312057 0 0.1702069044113159 0.1939709484577179 0.5173478275537491 0.1688610911369324 0.1757231205701828 0 2.437820747494698 0 0.1089515686035156 0 0.3877694010734558 0 0 0 0 0 0.2666502743959427 0 0.628365196287632 0.895176574587822 8.943941295146942 0 0 0.08861502259969711 0 0 0 0.2041785269975662 0 0 26.22412315756083 1.050145924091339 0 0.1101052984595299 0.2093636766076088 3.547573179006577 3.645268201828003 3.703007288277149 0 0 0.921280175447464 0.0899587869644165 0.9015133455395699 0 0 0 0 0.4928620606660843 0 0.2234978377819061 0 21.58753996342421 2.776415221393108 4.51838768273592 408.4322550669312 57.04407346993685 493.4031824022532 78.69734554737806 2274.238093324006 56.4137486666441 15.25580112636089 104.3574956357479 28.38914031535387 1.640908040106297 4.683081954717636 0.4180540591478348 32.78964201360941 0.1204691156744957 0.6138446852564812 1.503893539309502 4.007664248347282 0.2481373324990273
489.3519952073693 1147.063111007214 0 58.40703808516264 252.0534379854798 1.136045470833778 284.1562789008021 2474.630545422435 433.2644836902618 124.9814970940351 2915.335203446448 203.5085540115833 291.94256644696 1238.203348152339 19.05552616715431 43.68184193223715 13.87023088335991 17.23847853392363 3.563421033322811 10.44668385386467 78.23007880151272 2.438547775149345 81.26114396750927 34.15956207364798 9.371586374938488 36.57643298059702 11.50716129690409 11.920035764575 0.548242948949337 0.8298436924815178 2910.376974388957 732.4073376357555 226.837689474225 35.79947919398546 69.99244204163551 10.14377523213625 59.40015365928411 2.734114930033684 17.78695855289698 2.952093712985516 160.6176816523075 149.17816016078 8.798971258103848 43.48634182661772 7.995820410549641 179.5921570137143 85.03545626997948 19.78321489691734 25.75799344480038 47.45059099048376 136.9502530619502 10.48284674435854 0.2482868880033493 28.53526196628809 0.3925408348441124 2.108134783804417 53.42912109941244 616.4887443855405 14.34875027835369 33.07377794384956 282.8735955581069 8.184479340910912 27.00182551890612 144.1334170997143 6.442215271294117 11.75178640335798 12.88261374086142 35.60528162866831 110.1467031985521 156.8044244125485 46.38504600524902 18.83712976425886 0.5236187800765038 188.705132253468 168.9046779945493 48.39564272761345 46.95143266767263 64.65772541612387 820.6480419933796 2085.44895914942 368.6603177115321 593.9125809147954 32.63980796933174 0 6.395467430353165 5.148041486740112 37.32009321451187 0.3493984490633011 21.00736383348703 7.703127816319466 12.73867902904749 10.3104332536459 35.21551461517811 40.86772938072681 49.23313330113888 35.98030842840672 4.266123957931995 0.8021573275327682 19.20949947088957 34.85855761915445 0 0.1453096121549606 0.218315877020359 0 0 0.1204453036189079 0 0 1.463895834982395 1.256783589720726 0.5233199894428253 1.964798338711262 7.220241159200668 3.384088106453419 5.627916730940342 2.217627644538879 1.74436079710722 0.4751292020082474 0.4599673077464104 0.1091796830296516 0.1216420754790306 0.1603281646966934 0.2608447596430779 0.1142723932862282 0.1585065275430679 1.433895364403725 0.2484105378389359 2.363751605153084 0.7866823151707649 2.778836593031883 0.8985909074544907 2.108817517757416 1.732412941753864 0.7165128737688065 0.3165778368711472 0.4785754904150963 0.107183463871479 2.324513033032417 1.853360496461391 6.809521310031414 6.239101812243462 14.78149741888046 5.037092849612236 3.599100179970264 0.8908415287733078 1.370499648153782 1.130235709249973 0.1048969700932503 2.404550343751907 1.530773967504501 1.029356122016907 0.112832210958004 3.493964895606041 0.1189863011240959 0.2961774468421936 1.92158717662096 3.221858732402325 6.341858640313148 0 0 0.09229284524917603 0.2331561520695686 0 0 2.569872416555882 2.536682918667793 6.074717931449413 0.4395835846662521 0 0.1020890325307846 0.6697561219334602 0.231000617146492 0.4793982356786728 0.7573152035474777 0.8200081810355186 1.371341332793236 14.21481589227915 4.894674681127071 0.6757474318146706 1.043361075222492 2.86248391866684 1.483821280300617 3.827079355716705 6.342518523335457 0.3690414875745773 0.1375768482685089 0.08291918784379959 0.4256067126989365 0.6612022966146469 0.4806108549237251 0 0 0.3268889635801315 1.797070413827896 1.051663972437382 0.6291422843933105 0.701311469078064 5.097560822963715 4.27222403883934 13.64305637776852 252.1583508774638 66.62489918619394 224.8881472349167 53.12965518981218 416.3361456990242 26.18134097009897 5.249961048364639 49.18843442946672 16.70624728500843 2.879113964736462 6.17269528657198 0.3160592913627625 9.772138722240925 1.097832731902599 0 2.91855476796627 7.061994433403015 0.9527958780527115
1292.891035497189 2739.653131753206 58.40703808516264 0 328.533034466207 259.4260775893927 1193.226310804486 3.388798967003822 113.8150607123971 1678.481678746641 110.3477736264467 94.86903217434883 567.6380843147635 59.57079371809959 1.826125979423523 1.901792652904987 0.3849845975637436 0.0985538586974144 0 0 0 0 0.1018364876508713 0 0 0.2524558752775192 0 0.1451420187950134 0 0 69.42792613059282 0 0.6539916843175888 0 0 0.2116010636091232 0.3653805404901505 0 0.1485943347215652 0.1567490249872208 0 0 0 0.2994093373417854 0 0 26.17075456678867 1.808402672410011 0 0 0 0 0 0 0.09837876260280609 0.4479045271873474 15.77161759138107 80.40715284645557 4.596224918961525 10.20691595226526 0.1588288992643356 0 0 3.532326236367226 2.170038834214211 1.460175670683384 1.048786364495754 0.2929364070296288 0 0 0.1822773367166519 0.7561074644327164 0 53.07845817506313 17.00599560141563 11.2338031232357 3.190246790647507 1.437059745192528 0 3.384649284183979 0.1025193184614182 0.08432669192552567 11.08213346451521 0.2543451860547066 1.388039954006672 0.9795693606138229 0.15743587911129 0 0.3615062013268471 0 0.168488547205925 0 0 0.4284126237034798 0 141.9850123673677 0 0 0 103.7951020598412 0 0.4965981245040894 0.8581083491444588 0 0.6405712068080902 0.1458117514848709 0.3270947635173798 0.3103138208389282 18.53874351084232 2.946265578269958 0.1104790270328522 3.15910117328167 21.18375392258167 4.267539195716381 3.634376779198647 0.2050406485795975 0 0 0 0 0 0 0 0 0 0 0 0 0 0 0 0 0 0 0.3214000687003136 0.6195586919784546 0 0 0 1.024964712560177 0 2.237845182418823 0.3429757952690125 0.4325656145811081 0 0 0 0 0 0 0 0.2971194982528687 0.5331373810768127 0 0 0 0.1354518830776215 0 0 0 0 0 0 0 0 0.2417122572660446 2.293992251157761 0 0 0 0 0 0 0 0 0 10.51766127347946 0.407469630241394 0 0 0 0.7013899609446526 0.9639836698770523 1.728103771805763 0 0 0.3213365077972412 0.2981204688549042 0 0 0 0 0 0 0 0 0 9.693896681070328 0.5467363893985748 0.5455221086740494 88.25917537510395 4.911992996931076 75.54131735861301 7.92986699193716 604.8978185877204 4.996732287108898 2.201967127621174 14.16663645207882 9.339650928974152 0 0.4833035320043564 0 9.775244295597076 0 0.2663524746894836 0 1.879752859473228 0.1674518138170242
159.8644876033068 3067.2427097857 252.0534379854798 328.533034466207 0 2.176973387598991 1746.839979447424 164.9607976973057 4222.187296584249 559.6617215052247 3381.938075058162 119.4544811993837 428.0928084179759 490.7951376214623 12.43279847502708 12.39457516372204 0.483265332877636 0 0.1031439676880836 0.3284658789634705 0.09689867496490479 0 0.3653494268655777 0 0.34571872651577 1.014015913009644 0.2133697271347046 0.1243018284440041 0.509344644844532 0 116.2003904357553 3.401476666331291 17.6734626814723 0.08632234483957291 0.2030492573976517 0 6.579609654843807 0.1181182041764259 0.09021412581205368 0.2414726167917252 0.2556873187422752 0.8786747679114342 0 0.5188896059989929 0.1122145354747772 0.2705048993229866 49.52046811580658 2.058664306998253 0.2828963398933411 0.1495110541582108 0.3150161728262901 0.3365230336785316 0 0.5524427741765976 0.2606630176305771 0.870597206056118 5.475400693714619 46.6549766510725 4.114702224731445 12.25249810516834 0.2062775418162346 0.1175333186984062 0 15.42926189303398 2.229697518050671 2.950221259146929 0.9274087324738503 0.3228619247674942 0.128913938999176 0.2014843374490738 3.984073631465435 0.4179641827940941 0 40.41648453474045 32.52366023510695 29.79223109781742 31.79731274396181 14.17780514806509 0.5430855825543404 25.10939616709948 0.7207861840724945 1.186097614467144 10.42032104730606 0.08980034291744232 1.480731666088104 2.331453748047352 0.6660194471478462 0 0.8910153582692146 0.4882928431034088 0.1088446974754333 0.5945749282836914 0 0.318513847887516 0.3422086909413338 43.68943586945534 0.5330799520015717 0.1497579663991928 0 4.380021587014198 0.08904658257961273 0.8737376183271408 0.6372601613402367 0 0.3127446621656418 1.16682493686676 0 0.4002661854028702 4.900272995233536 2.141547955572605 0.6873108744621277 4.646712124347687 13.36314745992422 5.829095333814621 4.802302300930023 0.1116451248526573 0.6575728207826614 0 0 0 0 0.1670262068510056 0 0 0 0 0 0 0.2280649021267891 0 0.2930424213409424 0 0 0.2823462188243866 0.6434550955891609 0.09818523377180099 0 0.4326833486557007 0.1468459516763687 1.706602096557617 0.09985333681106567 1.95349233597517 0.5142736062407494 0 0 0 0.1621666848659515 0 0.4731973260641098 0 0 0 0.7741785421967506 0 0.1624977290630341 0 0 0 0 0.1017023921012878 0 0 0.09324602782726288 0 0 0.3230760917067528 3.49022064357996 0.1708391010761261 0 0 0 0 0 0 0 0 11.99031817167997 0 0.1472656577825546 0 0 0.9524118155241013 0.7989874929189682 2.342965804040432 0.2404262199997902 0.1583706513047218 0.7173284143209457 0 0.1228943765163422 0 0 0 0 0 0 0 0 8.840486072003841 0.4137071147561073 1.58148430287838 136.7359692901373 18.07292956113815 121.1457855328918 28.0945949703455 246.0062859430909 17.13299400359392 3.045317985117435 33.92986379563808 8.141894914209843 0.3287466466426849 0.7576705291867256 0.2786596938967705 8.497486017644405 0.2546057254076004 0.429987445473671 1.159888386726379 2.067271038889885 0.2595095336437225
282.8645176291466 187.4345927983522 1.136045470833778 259.4260775893927 2.176973387598991 0 112.7665729671717 0.3784408271312714 3.546964734792709 617.9856652915478 0.2833470404148102 65.23852130770683 33.5769359767437 3.301553428173065 0 0.1101039722561836 0 0 0 0 0 0.2308584898710251 0 0 0 0 0 0 0 0 6.311705365777016 0 1.537066072225571 0 0 0 2.647550255060196 0 0.557746946811676 0 0 0 0 0 0 0 1.437654063105583 0 0 0 0 1.380617216229439 0.4630983471870422 0 0 0 23.33259430527687 25.91228625178337 0.700231671333313 0.1760033220052719 0 0 0 0.1885197907686234 0 0 0 0 0 0 13.94464068114758 51.2996820807457 3.071094900369644 2.855205722153187 0.3382288441061974 1.178389936685562 0.3771799653768539 0 0 1.485509961843491 0 0 0.8159486353397369 0.655889168381691 0.1540977507829666 0 0 0.8016220033168793 0 5.259505435824394 0 0 0 0 0 60.28731203079224 24.17314526438713 3.830350577831268 5.220681428909302 373.6531722843647 0 1.509142279624939 0 0 0 0.3151756525039673 0 0 10.91769593954086 1.634978652000427 0.4584847688674927 1.639387130737305 3.997114807367325 1.398135125637054 0.2435825020074844 0 0 0 0 0 0 0 0 0 0 0 0 0 0 0 0 0 0 0 0 0 0 0 0 0 0 0.6301614344120026 0 0 0 0 0 0 0 0 0 0 0 0 0 0 0 0 0 0 0 0 0 0 0 0 0.3315739333629608 0 0 0 0 0 0 0 0 0 0.5930101871490479 0 0 0 0 0.5484262108802795 0 0 0 0 0 0 0.938342422246933 0 0 0 0 0 0 0 0 5.123615205287933 0.3709398806095123 0 34.87809140980244 0 1.992514207959175 0.2795908153057098 111.4035645350814 0.4432285130023956 0 0 1.405177533626556 0 0 0 1.385791420936584 0 0 0 0 0
622.2719068974257 3493.479754686356 284.1562789008021 1193.226310804486 1746.839979447424 112.7665729671717 0 59.00905244797468 1810.586587913334 3422.494416229427 620.6406698077917 744.8949497267604 3404.607949569821 2041.915849156678 39.84947743266821 57.75265130400658 3.916550248861313 0.6245128884911537 0 0.9008659496903419 1.197248086333275 0.4022496491670609 0.3685791864991188 0.5855353623628616 1.534011468291283 2.903396509587765 0.600327305495739 1.63448540866375 1.795022137463093 0.8802289068698883 379.5703926384449 10.48162612318993 47.17294425517321 0.4846143051981926 1.231392659246922 1.279703296720982 15.19710163772106 0.3991556763648987 0.3552110344171524 0.5106210336089134 1.959563955664635 1.951473101973534 0 2.742717176675797 0.3307692930102348 1.430414453148842 213.753310546279 9.833757635205984 1.386862188577652 0.5454859957098961 1.741060987114906 2.335280157625675 0.1213854774832726 0.7095769047737122 1.008260324597359 3.304591897875071 32.62928035110235 215.6829792186618 18.16331835091114 62.9724408686161 1.262712091207504 0.906408965587616 0.3024538829922676 53.05202763527632 12.70546154305339 12.3993371874094 4.206452567130327 3.36717788875103 0.3799894824624062 0.8612006157636642 12.22023867070675 6.265335761010647 0.1044598668813705 199.5800085924566 140.7090400904417 118.2107199132442 117.845288105309 53.63415451347828 1.599415138363838 100.6946511119604 1.113219425082207 5.53747384250164 48.66487315297127 0 7.575391940772533 8.948842201381922 2.298288613557816 0.06693135946989059 2.573893770575523 0.5420719012618065 1.190151557326317 1.411559477448463 0.683487132191658 1.967553183436394 1.035006523132324 514.2902528420091 0.6348684579133987 0.4437083303928375 0.8384687826037407 53.16982661932707 0.5068356394767761 4.655492894351482 2.089225329458714 1.994686409831047 1.485268741846085 5.370904892683029 2.319296091794968 2.573729947209358 45.56070770323277 17.87361501157284 2.86328037828207 45.51807959377766 98.15114840120077 37.82810492068529 35.822942905128 4.036614783108234 1.288653343915939 0 0.5219211578369141 0 0 0.1154975593090057 0 0 0 0.1522255688905716 0.2519161403179169 0.3760327026247978 0.5008663684129715 0.6252912655472755 0.4216440916061401 0.6292575672268867 0.1859122961759567 0.9918971061706543 1.511509671807289 1.524618498980999 0 0.1629761755466461 0.7621052339673042 10.81513934582472 2.020017422735691 18.40165128558874 1.453567653894424 1.089659690856934 0.6120897457003593 0 1.083970233798027 0 2.179001331329346 0.1802884936332703 0.1967374384403229 0.6743510812520981 6.311055146157742 0 0.09835571795701981 0 0.1412783265113831 0 0 0 0 0.1202447712421417 0.5867632776498795 0 0 1.064114525914192 24.29620558023453 0.5971123352646828 0 0 0 0.1881438419222832 0 0.09711895138025284 0 0 92.82757261395454 1.484920762479305 0 0.2836040705442429 0.209785170853138 8.740951165556908 13.66203207522631 9.964638896286488 0.3454635292291641 0.446752518415451 2.573045566678047 0.7949657142162323 0.9194656386971474 0 0 0 0 0 0 0.112697459757328 0 76.02914594858885 7.936289913952351 11.43272562325001 619.255939565599 88.33617981523275 558.5402246080339 116.0764243789017 1400.250091679394 76.62217420339584 13.86929969489574 159.171071395278 44.47982298582792 3.326509155333042 8.78927294164896 1.574777759611607 40.24225384742022 0.6804492399096489 0.7530393600463867 4.786168746650219 9.055355884134769 0.6235840246081352
107.0802166163921 586.3388112783432 2474.630545422435 3.388798967003822 164.9607976973057 0.3784408271312714 59.00905244797468 0 443.5428467467427 24.8928269520402 1559.409562148154 126.6110711023211 209.5471514612436 875.0045037120581 21.05923247337341 71.41292361170053 13.14340969920158 4.410696133971214 0.6457315310835838 3.854188226163387 64.78162993490696 3.674015693366528 137.2851876318455 56.41624109447002 37.68416605889797 94.28956881165504 47.4652634114027 8.439307674765587 1.255621500313282 2.386078029870987 1665.307413443923 773.7776324227452 196.3758576437831 22.81792239844799 141.0239781215787 43.43505891412497 58.5734981149435 6.319722428917885 10.14599176496267 1.685662180185318 179.6829526349902 110.3663199469447 2.688264057040215 19.59010278433561 1.57521728426218 52.07629249244928 87.05576814711094 6.688375182449818 5.452451854944229 14.94279645383358 78.08902512490749 13.77665327489376 0.4645461663603783 18.74876564741135 0.482983261346817 1.14830394089222 17.53191742300987 216.0592132732272 7.862917125225067 20.84201605618 190.307070620358 13.69865001738071 38.28204575926065 195.7452502548695 4.174397833645344 6.104433421045542 4.806495390832424 16.15448999404907 34.29839220643044 100.2135208919644 41.55115800350904 10.78241490572691 0.4307820200920105 99.30724781006575 109.1858250126243 51.75554102659225 70.29950711876154 146.6998838335276 906.5344922840595 2054.604606576264 794.0721381753683 1298.184333868325 19.14329217374325 0.08958732336759567 4.194119065999985 3.719143606722355 10.09323288500309 0.3405529633164406 6.527008965611458 8.908285640180111 7.970511339604855 9.268733993172646 26.67539960891008 26.7131444439292 25.1909664273262 16.00808510184288 3.970284231007099 0.1330060660839081 13.75608373433352 5.686849825084209 0.167384997010231 0 0 0 0.1701631397008896 0 0 0 0.4933366328477859 0.7178167700767517 0.5764854252338409 1.078938446938992 4.357660971581936 2.302639454603195 2.936412073671818 1.699256487190723 1.183428891003132 0.2217845469713211 0.1108894795179367 0 0 0.4240609556436539 0.1288749575614929 0 0.1647354662418365 2.926546588540077 0 0.9885192960500717 0.1084830388426781 1.116949334740639 2.038680270314217 1.805546812713146 1.371746987104416 0.7689652666449547 0.4407641962170601 0.2456999495625496 0.1020019724965096 0.7829954028129578 0.4604035764932632 5.009683892130852 2.21734232455492 6.801642619073391 4.206824287772179 2.007961772382259 1.952503316104412 1.46227128058672 0.5733843147754669 0 1.165771566331387 0.5345147848129272 2.406059578061104 0.5722655057907104 1.983572863042355 0.1084150820970535 0.1874231696128845 0.7085405737161636 1.205891788005829 9.177808545529842 0 0 0.1389309763908386 0.09175795316696167 0 0 2.320022076368332 1.356668554246426 4.685123197734356 0 0 0.09695317596197128 0 0.1047255247831345 0.1843937113881111 0.5863827764987946 0.6179762482643127 1.690603397786617 8.492028668522835 3.718136988580227 0.8170464485883713 0.3112756609916687 2.069090969860554 1.038827538490295 3.558412976562977 3.026087015867233 0.1241883039474487 0.424506239593029 0.674548551440239 0.08841651678085327 0.6798383221030235 0 0 0 0 0.4017510116100311 0.4376775771379471 0.4150626957416534 0.5274540185928345 1.861223295331001 2.798389114439487 8.605514168739319 235.9064884707332 56.07755024731159 211.4469853565097 54.41504653543234 218.0347756147385 23.23027974367142 4.160023421049118 53.96400079131126 12.01696036756039 2.477267220616341 3.119857557117939 0.3847668543457985 4.536175578832626 0.1254637539386749 0.1291396915912628 1.132134526968002 4.135417141020298 1.071828939020634
66.09561146050692 1675.231535553932 433.2644836902618 113.8150607123971 4222.187296584249 3.546964734792709 1810.586587913334 443.5428467467427 0 472.7897909060121 4770.869250714779 382.9337537437677 1266.963957108557 1615.578679949045 19.55069173127413 40.45853929966688 2.613766394555569 0.3032689541578293 0.4760252013802528 0.5402320772409439 0.2754346802830696 0.1169275194406509 0.3078144192695618 0.4927497431635857 1.274622112512589 3.165985032916069 0.1413709372282028 1.027581796050072 0.5024773851037025 0.0958109050989151 90.19700551778078 6.331801690161228 80.58628557622433 0.2049924656748772 0.5173765569925308 0.5542605370283127 34.48745538294315 0.2474617213010788 0.3055629283189774 0.3624628931283951 1.375541590154171 0.5838452354073524 0 0.8596895560622215 0 0.2706330791115761 51.93794940412045 1.197409063577652 0.3039611279964447 0.2293777391314507 0.879406750202179 1.004205577075481 0.2321195155382156 0.1654746234416962 0.09434977173805237 0.8886115998029709 5.538281440734863 35.3899846598506 3.24716217815876 10.25115098059177 0.5042984411120415 0.546312503516674 0.1236603781580925 12.14967969805002 1.717292264103889 2.092723719775677 0.3165670782327652 0.3975282162427902 0.3373461663722992 0.7026470005512238 37.73506566882133 4.006652727723122 0 32.82376273721457 28.13524053990841 27.46519335359335 58.42268118262291 32.08214619010687 1.205731637775898 318.8098206743598 0.5028028711676598 4.460965305566788 7.659965500235558 0 1.311959989368916 1.585068888962269 0.67062658816576 0 0.4857359454035759 0.8357349783182144 1.439142599701881 0.764848493039608 0 0.1305368989706039 1.173791468143463 147.9506888911128 2.012993529438972 0 0.6869569942355156 1.740169234573841 0.1578969731926918 0.5233733057975769 1.02796895802021 0 1.436444483697414 2.421285010874271 0.5008044242858887 1.125721663236618 8.186556659638882 5.877203330397606 1.039293929934502 17.55213343352079 39.4116922467947 17.41099435091019 11.67751533538103 1.192348584532738 0.5958124399185181 0.1131873205304146 0 0.1091180741786957 0 0 0 0 0 0 0.1477213352918625 0.9949277117848396 0.1039946600794792 0 0.1931280344724655 0.3530730307102203 0.280838280916214 0 0.892566479742527 0.8305873349308968 0.2523425295948982 0.1228237599134445 0 7.65323081612587 0.8060303404927254 9.345144107937813 0.7435762286186218 0 0.3779285401105881 0.1755050718784332 0 0 0.3336094468832016 0.4981420338153839 0 0.2326139286160469 1.974918246269226 0 0 0 0 0.4078375548124313 0 0 0 0 0.4111552536487579 0.112395778298378 0 0.6810871362686157 10.70542720705271 0.1852029711008072 0.2144887298345566 0 0 0.1076561659574509 0 0 0 0 40.45726180076599 1.773399159312248 0 0 0 5.696299068629742 2.668146096169949 6.744582645595074 0.6950174793601036 0.6599706411361694 0.9961495772004128 0.1866598427295685 1.52615612000227 0 0 0 0 0 0 0.2210482060909271 0 27.29476346820593 3.505290701985359 5.037411659955978 248.2986829355359 29.05974175781012 154.5418084338307 44.79079031944275 182.244405515492 28.22959268093109 2.84446981549263 53.77048210799694 20.0183380395174 0.1917855441570282 4.581343561410904 0.6217312216758728 21.18627140671015 0.2210414707660675 0.1839014887809753 1.110779747366905 2.807537101209164 0.1525665372610092
1213.417902819812 2097.225586734712 124.9814970940351 1678.481678746641 559.6617215052247 617.9856652915478 3422.494416229427 24.8928269520402 472.7897909060121 0 155.2928280830383 1217.907715141773 4295.912802800536 361.0221641734242 32.68754132837057 49.35118078440428 2.435022465884686 0.9548382461071014 0.1176299899816513 0.4248107075691223 1.179790742695332 0.5870564728975296 0.3642662465572357 0.1275002062320709 0.599442295730114 3.258290082216263 0.9031251296401024 0.7205124124884605 1.841802135109901 1.166739724576473 148.8483609780669 4.461467526853085 15.18135955929756 0.1827752664685249 0 0.2920118719339371 10.8607909604907 0 2.154878340661526 0.685750350356102 0.6092923730611801 1.859362311661243 0 1.666175305843353 1.297682531177998 0.8193482384085655 170.9978305771947 4.970757961273193 0.9422113075852394 0.6454008221626282 1.350927613675594 1.642607226967812 0 1.289684720337391 0.6959512755274773 2.804972007870674 28.3636676222086 110.8318117782474 14.31381997466087 37.35251752287149 0.5267297774553299 1.865197226405144 0.3482742160558701 35.93320309370756 4.978523053228855 6.115237891674042 2.201800346374512 2.293695755302906 0.2920965626835823 0.354820191860199 29.58577245473862 18.21397388726473 0.1589949280023575 113.099965505302 69.36981270089746 82.90993358194828 112.842743165791 41.93262413144112 0.6850999146699905 28.62892895936966 0.8549713939428329 4.693465895950794 28.73478054255247 0.4979546666145325 3.172884166240692 5.292809002101421 1.661555863916874 0.09212565422058105 1.470066465437412 1.014205887913704 1.2571110278368 0.5888677015900612 0 0.8340319842100143 1.603925198316574 2232.018017277122 15.27233937382698 3.478269517421722 2.409832544624805 657.3512970358133 0.6677578315138817 14.39518854022026 11.28131335228682 8.328593820333481 3.735103748738766 22.72745388746262 12.7431582659483 8.812876619398594 174.7952633947134 64.71689601242542 8.357005037367344 136.9480893388391 348.9218313768506 135.3638586550951 82.6937231272459 6.291761063039303 1.574332177639008 0.4671003967523575 1.292461596429348 0 0 0.7140036523342133 0 0.6238936185836792 0.4294242709875107 0 0 0.5108580142259598 1.301893033087254 0.4335638582706451 0.5626280903816223 0.7269871085882187 0.8949973434209824 0.5601686537265778 2.970625929534435 4.11754696816206 0 1.799568846821785 1.498728051781654 23.65335002541542 6.895312994718552 32.3941957950592 2.235592179000378 1.156253546476364 0.3363118469715118 0.6220041289925575 0.1347118765115738 0 3.226555317640305 0.4057563841342926 0.3639348298311234 1.779948934912682 11.67508436739445 0 0.1711066961288452 0 0.4521277695894241 0 0 0 0 0.3932853862643242 0.6648648455739021 1.611227363348007 1.255388215184212 1.827865175902843 46.42314790189266 0.7244118452072144 0 0.09329072386026382 0 0 0.1103224530816078 0 0 0.6403099000453949 196.8139067962766 1.009436443448067 0 0.1001124680042267 0.250502422451973 22.95678474754095 17.16969361901283 21.62253884226084 1.665754392743111 1.55535701662302 2.753385916352272 1.305928312242031 3.139508426189423 0.08676948398351669 0 0 0 0.1904026716947556 0 0 0 278.25228651613 13.84196344763041 16.05197593569756 1039.494471751153 65.15462931245565 501.9421676546335 103.6597645133734 1955.027691625059 69.11836373060942 11.14616236835718 200.7282010316849 141.8880455344915 1.872357621788979 14.9738435074687 1.04208055138588 213.1458426937461 2.298775404691696 0.7476302832365036 5.211923584342003 9.5942367836833 0.7662575542926788
247.7914367541671 2453.435263104737 2915.335203446448 110.3477736264467 3381.938075058162 0.2833470404148102 620.6406698077917 1559.409562148154 4770.869250714779 155.2928280830383 0 336.5654366090894 617.9596784114838 3625.128439716995 21.58269598335028 58.38538024574518 5.339898653328419 0.6769182235002518 0 0.2241262719035149 1.694106325507164 1.363848134875298 2.756298556923866 3.725961036980152 14.06094394624233 8.770045675337315 4.271834470331669 3.551416359841824 0.8327397778630257 0 518.572085313499 64.21230986714363 283.3542589172721 0.662735603749752 5.561073303222656 17.23358953744173 74.12750637531281 3.583086520433426 1.925537385046482 2.629772856831551 13.16231346130371 5.827370420098305 0 1.857596717774868 0.5584261119365692 1.15011402964592 73.76587533950806 2.107093967497349 0.4179564863443375 0.6835401207208633 3.493394076824188 4.317406557500362 0.2546520158648491 1.464146696031094 0.5463333278894424 1.43164074793458 11.77526993304491 104.8222058713436 6.107497729361057 16.30742339044809 0.9283977225422859 3.106077641248703 1.840990304946899 23.45417311042547 1.732015639543533 2.418052535504103 1.594300821423531 1.003875568509102 1.390255257487297 1.942580841481686 40.76884529739618 7.032343931496143 0.08265860378742218 64.32367115467787 59.83177096396685 39.23322489112616 70.25046897679567 40.99654071778059 38.52602172642946 1744.204273574054 2.074260905385017 170.0313898399472 14.66256403923035 0.1271920949220657 1.505223751068115 1.723923575133085 0.4491406157612801 0.1655896678566933 0.774084709584713 2.16212286055088 1.731875881552696 4.972969681024551 0.7150419354438782 2.000308349728584 2.011551678180695 71.79408905655146 1.571376204490662 0 1.252516888082027 6.202894382178783 0.1138678342103958 0.6109165400266647 0.5610437393188477 0.2373928129673004 0.2279229909181595 0.8262185677886009 0 0 2.301319539546967 1.296446040272713 0.4943115264177322 4.708150133490562 11.42848577350378 9.042996890842915 6.613989152014256 0.7287724241614342 0.2286974787712097 0 0.09677590429782867 0 0 0 0 0 0.1000550389289856 0.3461688682436943 0.2766581326723099 0 0.4026498571038246 0 0.4085364863276482 0.4805445224046707 0.739920362830162 0.5237956941127777 0.2160768583416939 0.6221449002623558 0.1397271901369095 0.4460053667426109 0.3785229623317719 2.9003876298666 0.881952591240406 4.566849373281002 0.946098729968071 0.1373656839132309 0.3939237594604492 0.2390240281820297 0 0 0 0 0.5817068591713905 0 1.130508154630661 0 0 0.6841003596782684 0.3443367183208466 2.531007088720798 0 0 0 0.08146084100008011 0.1662538796663284 0 0.2385464161634445 0 7.394938290119171 0 0 0 0 0 0 0 0 0.119701199233532 11.69814246147871 0.7959133014082909 0 0.1775367707014084 0.5476494058966637 1.717233926057816 3.28900645673275 2.303710885345936 0 0 0.6656477227807045 0 0.2752841413021088 0 0 0 0.1205869168043137 0 0 0 0.1244962364435196 8.017547652125359 1.294172406196594 3.624120943248272 229.6694185063243 28.7142224162817 170.2955693006516 46.98116673529148 215.4566051885486 29.59347415715456 3.674679271876812 52.16997963935137 14.20226021111012 1.234600700438023 2.893183209002018 0.1084914356470108 8.122251093387604 0.3018054664134979 0.3450520038604736 0.6526521891355515 3.503970623016357 0.304642841219902
69.80340520292521 341.6982472613454 203.5085540115833 94.86903217434883 119.4544811993837 65.23852130770683 744.8949497267604 126.6110711023211 382.9337537437677 1217.907715141773 336.5654366090894 0 1973.34817301482 663.6127928569913 21.1343819051981 81.88381319493055 10.8343273177743 0.4828375354409218 0.5646267831325531 0.4488122761249542 0.4721487760543823 3.077193826436996 0.5505215600132942 0.9759915918111801 7.435723163187504 5.221763484179974 1.767399094998837 6.712347030639648 3.089732989668846 0.2414018362760544 32.78383405506611 4.527464739978313 38.6396808475256 0.2882640138268471 0.6768485307693481 1.63316198438406 183.7437643483281 4.755687080323696 12.55991746485233 6.287786439061165 3.944553203880787 4.755633294582367 0 3.731792137026787 0.2918416038155556 0.3901037648320198 43.84882660210133 1.34176267683506 0.4380348920822144 1.004283428192139 1.14039833843708 15.28307428956032 1.959419935941696 3.178876340389252 0.1407689899206161 0.3275929689407349 2.70974500477314 17.24801345169544 2.06653305888176 4.95316344499588 0.8985713049769402 6.244987979531288 0.09934154897928238 5.76577964425087 0.9049873352050781 1.273404575884342 0.2239763662219048 0.4669027477502823 0.314812071621418 0.7803668603301048 177.6596755981445 108.2721496894956 0.335484966635704 14.63627751171589 10.15682425349951 16.6166021078825 53.09419972449541 48.11593046784401 0.6823875829577446 127.5174550190568 0.6118731871247292 5.979821510612965 3.906031861901283 0 0.7379235476255417 0.7718526646494865 0.2766439616680145 0.4364059269428253 0.492970734834671 2.500766962766647 2.221955597400665 6.162505209445953 0.9829678535461426 0.7616571187973022 2.034733511507511 3546.048504136503 145.8506103307009 1.002074658870697 5.071117304265499 24.5288093611598 0.9106577709317207 5.142905876040459 5.671062342822552 4.888619661331177 5.151432283222675 16.35834827274084 3.812717437744141 5.835760310292244 38.50074940919876 33.05194719880819 4.631079323589802 68.95105922967196 205.9001794829965 103.2891626432538 94.38908715546131 10.5410511046648 2.155594639480114 0.6294240057468414 1.825432725250721 0 0 0.5912473425269127 0.2929295748472214 0 0.2510367333889008 0.1094317063689232 0.5281253457069397 2.212073475122452 0.7804494351148605 1.806065663695335 0.5911571979522705 2.11486828327179 0.2831674367189407 1.055583909153938 3.547128938138485 4.330839194357395 0.115193709731102 1.233358569443226 1.442768126726151 47.93283821642399 7.342865161597729 57.22209739685059 7.388347998261452 4.567016787827015 0.4819605648517609 0.1047880128026009 1.351330727338791 0 5.949478946626186 2.464871533215046 0.1433623433113098 1.744308710098267 18.27918443828821 0 0.2920093387365341 0.294394925236702 2.850563213229179 0 0 0 0 1.136180803179741 0.9957053065299988 0 2.260599389672279 4.972288005053997 65.49638751894236 0.4589479938149452 0.1103744655847549 0 0 0 0.3309687152504921 0 0 1.036257103085518 228.2108448445797 11.62378254532814 0 0 0.9780937284231186 23.22010428458452 32.10871475934982 44.43685042858124 2.34376572817564 1.577644884586334 6.80451163649559 1.652480892837048 4.115588888525963 0.1825976222753525 0 0 0 0.1508783996105194 0.1285023093223572 0.1064039096236229 0.2877750173211098 156.030507452786 24.70782689750195 36.85345077514648 401.3012434616685 22.06123244017363 162.639100573957 57.21997728943825 240.6590756475925 26.88670376688242 1.928476981818676 85.45180826634169 83.32172467559576 1.549435451626778 23.22208041697741 3.425923362374306 102.9249045923352 2.735655196011066 0 6.779597662389278 5.172798030078411 0.4050845354795456
