0 3254.811184182763 231.4602929055691 1483.38791769743 145.795925796032 63.58453416824341 2008.260872706771 86.860704831779 8.384498670697212 2107.099418222904 180.065957993269 90.24550487101078 154.6346532404423 64.98867731541395 0.3006330132484436 0.5214602500200272 0 0 0 0 0 0.2643588483333588 0 0 0 0.1105742827057838 0 0 0 0.1998022049665451 987.4174861609936 2.040493667125702 15.5569716244936 0.1038474813103676 0 0 18.03483998030424 0 4.840244978666306 0 0 0.3122023642063141 0 0.122669517993927 0 0 12.96481268107891 1.880639612674713 0 0 0.7658001780509949 3.771617591381073 0.2391274273395538 0.4386292099952698 1.111962020397186 4.340028628706932 405.9379603862762 1485.613136231899 110.5429835096002 5.409604392945766 0 0.8622564822435379 0 1.137636624276638 1.049496211111546 1.775108270347118 1.958219051361084 0 0 0 57.41806507110596 46.1241268068552 2.243296146392822 199.8454693183303 14.31724953651428 8.689996503293514 0.2414643466472626 0.3651372864842415 0.5650466084480286 55.35920396447182 0.2708312496542931 2.111592844128609 9.535879746079445 0.509109154343605 1.287414193153381 4.794197529554367 0.3523529246449471 0.5642329752445221 1.408458195626736 3.930502012372017 0.2748616486787796 0.3091596961021423 0.3120879232883453 0.1184549182653427 0.0844121053814888 235.6937754303217 75.29536044597626 0 9.151812538504601 876.9195077717304 2.798961639404297 0 4.972319364547729 0 3.047875761985779 20.56830605864525 1.772837787866592 0 2.593265682458878 6.837463438510895 0.3965367078781128 0.9001321494579315 4.40632563829422 4.264434218406677 0.4246484488248825 0 0 0 0 0 0 0 0.1305989325046539 0 0 0 0 0 0 0 0 0 0 0.1198601126670837 0 2.448246598243713 0 0 0 1.361620619893074 0 0.1433780789375305 0.1292400658130646 0 0 0 0 0 0 0 0 1.278097480535507 0 0 0 0 0.2250018864870071 0 0 0.9488339424133301 0 0 0.3091557323932648 0 0 0 1.634082332253456 0 0 0 0 0 0 0 0 0 1.914629191160202 0 0 0 0 0.6981608718633652 0 0.1295619606971741 0.5620499402284622 0.5527382493019104 0 0 0 0.1354751735925674 0.4406322240829468 0 0.2018761187791824 0.118398904800415 0 0 0 1.070708394050598 0 0.3885616958141327 58.91365868598223 4.323698438704014 77.09657756239176 38.08429434150457 845.106090798974 72.31442485004663 1.180443987250328 13.30344930291176 1.819652542471886 0.3881434798240662 0.7223695814609528 1.302250564098358 2.708937883377075 0.249368816614151 0 0 0 0
3254.811184182763 0 2266.389760658145 196.9610756188631 2150.482404962182 583.8857177868485 2445.059999160469 567.2140213772655 842.9482686296105 647.6749131754041 3898.443243682384 135.0741045176983 1418.945226721466 2516.165347151458 19.08439417928457 4.162502333521843 0.1480191349983215 0 0 0 0 0 0 0.0995156317949295 0.1188249215483665 0.49985671043396 0 0.9980944693088531 0.570238783955574 0 3473.582748688757 16.81744659692049 222.5947103276849 0 0 0.4126254171133041 5.020522087812424 0 0.5391055345535278 0 0.1232228353619576 0.8353559523820877 0 1.480563268065453 0.09467574208974838 0 162.1092616692185 6.38165757060051 0.3173348233103752 0 6.356615856289864 0.2408920228481293 0 1.867020837962627 6.083863168954849 21.62703597545624 286.3230055868626 1924.717999435961 116.8851293548942 55.71971685439348 0 2.781525567173958 0 20.48611517995596 7.17162773758173 10.54489413648844 11.98945428431034 4.761585041880608 0.2218749821186066 0.3698924332857132 9.298791021108627 6.32033709436655 0 489.8498302400112 96.44549207389355 134.7157441303134 27.38090794533491 2.185794301331043 1.557579055428505 1283.774115554988 0.1897523254156113 3.24968509376049 38.31333865225315 2.383616961538792 9.81326350569725 35.0024076923728 2.612619914114475 1.36518532037735 7.718792326748371 0.7412395253777504 4.228370279073715 1.934917457401752 1.053772389888763 0.4680314660072327 2.715111248195171 96.05251325666904 2.540997132658958 0 1.387440957129002 755.1432435438037 3.495200932025909 2.692990556359291 4.277762204408646 6.541646182537079 8.196546763181686 37.11467249691486 1.01971547305584 7.831892758607864 8.275522410869598 25.80431219935417 11.50580377876759 16.480972468853 25.61921066045761 41.34862942993641 10.50457724928856 0.8865739405155182 0.2882638573646545 0 0 0 0 0 0 0 0 0.1226251497864723 0 0 0.2461094409227371 0 0 0 0 0 3.780395835638046 5.467373758554459 0 0 0 3.291721552610397 1.915572002530098 6.640874475240707 0.5343928784132004 0.304837591946125 0 0 0 1.319014847278595 0 0 0 3.722189038991928 9.821754217147827 0 0 0 0 0.6331146359443665 0.09803709387779236 0.5272997617721558 0.1298896372318268 1.880092650651932 4.60981060564518 0 0.573549211025238 0.2604053914546967 14.95601640641689 0.4573655724525452 0.9197986871004105 0.4404314607381821 0.1899150758981705 0 0.1617295145988464 0 0 0 20.04332135617733 1.439797006547451 0 0 0 22.92346321046352 8.649956032633781 20.25641405582428 6.455086395144463 3.214764177799225 3.516062572598457 2.571494877338409 0.5212578326463699 0.1150914058089256 0.1167189255356789 0 0.2163297384977341 0.1084958463907242 0 0 0 5.172045722603798 0.8823166489601135 0.5202822089195251 458.5566891729832 61.47005145996809 423.8542542308569 167.5995309501886 1358.533495746553 184.5237818211317 10.78429261595011 132.6003627032042 10.59775646030903 1.272477567195892 15.05334778875113 8.811001755297184 4.74719512462616 2.178851947188377 0.4938101321458817 2.811985313892365 1.624957621097565 0
231.4602929055691 2266.389760658145 0 12.40260848402977 2146.791442587972 211.5991008877754 116.8776550143957 5323.27652284503 573.4023042917252 44.69659154117107 3572.751767665148 54.55263698101044 244.0084017887712 692.5075762867928 4.54532004147768 3.388382017612457 0.2235866710543633 0.1989479959011078 0 1.067194581031799 3.731585308909416 0 1.045394837856293 1.061743758618832 0.4005729258060455 1.619258612394333 0.2728692889213562 0.7377028167247772 0.7079851478338242 0 4545.007699295878 1544.281405121088 153.1497300565243 0.3566515892744064 3.512362688779831 12.10461796820164 37.94798366725445 5.960680469870567 4.849643349647522 1.04151625931263 3.463317528367043 7.143299825489521 0.9157429933547974 0.4315073490142822 0 0 44.97432017326355 1.859780624508858 0.1567813903093338 0.4337116479873657 12.51889849454165 0 0.1504585146903992 0.7822954729199409 2.217794857919216 6.140465684235096 66.62881229817867 878.0193657949567 28.88860863447189 20.27361372858286 14.65545539557934 30.234504789114 4.090480491518974 460.1840124055743 2.652651317417622 2.71209779381752 7.355749540030956 3.941181898117065 1.355045810341835 22.98677256703377 40.40643155574799 50.84669376909733 0 145.8159328699112 81.40037336945534 45.53512749820948 14.90020912885666 5.307779341936111 75.10144270956516 827.8131755143404 7.855200096964836 295.8218601197004 12.2312279343605 0.4784788489341736 2.229001082479954 7.879016265273094 0.7688052654266357 0.4543352946639061 3.71302555501461 0.1132322251796722 1.348225928843021 0.09755992144346237 15.12853184342384 2.533353507518768 2.129546739161015 126.6928774863482 20.8533048927784 0 8.702222645282745 73.77493122220039 5.143885910511017 0.5373573303222656 5.49776566028595 2.890907317399979 14.53658331930637 15.91678470373154 1.000450685620308 16.81759014725685 16.14874283969402 73.68610790371895 15.39123645424843 26.83729027211666 36.74749529361725 56.86291261017323 22.41156361997128 2.237098589539528 3.361281871795654 0 0.1410303115844727 0 0 0 0 0 0 0.3353699892759323 0 0.4020766764879227 0 0 0 0 0 0 16.86174330115318 7.177008897066116 0 0.5714186280965805 0 12.9729962721467 27.31940715014935 16.54393864423037 0.5731038823723793 0.5367042422294617 0 0 0.5090752243995667 2.554876655340195 0 0.318746879696846 0 8.718887031078339 34.28286346793175 0 0.1582908779382706 0 0.1413032710552216 0.1518850326538086 0.3518493473529816 1.808122575283051 0.2232654616236687 1.896882086992264 13.21035660803318 0 0.2118955254554749 0.6788318008184433 72.91958500444889 1.259190320968628 1.297299817204475 2.100743316113949 0.1083608120679855 0.523181825876236 0.5432741045951843 0.8723313584923744 0.1343201994895935 1.085807427763939 72.65830083191395 1.438755616545677 0.312812477350235 0.140227198600769 0.8818396776914597 84.34718790650368 24.94047378003597 64.39655728638172 12.80722892284393 12.78004311770201 21.51103407144547 2.58029317855835 5.031145632266998 1.057933628559113 0 0 0 0.2298391610383987 0.2013548016548157 0.1408302783966064 0 12.10148084163666 13.31720712780952 4.908144734799862 106.4499402716756 16.34141943603754 123.1242417395115 47.99903298914433 467.5930605605245 49.78814391046762 3.370541259646416 32.72543092817068 21.1224303394556 3.24930727481842 70.78897022455931 11.63560788333416 19.29301336407661 6.40511180460453 0 4.348152354359627 1.473845601081848 0
1483.38791769743 196.9610756188631 12.40260848402977 0 42.04768494516611 421.5169460326433 1745.265951037407 2.13089095801115 136.111210078001 1496.540198385715 13.99254664778709 78.14407700300217 1352.670863308012 74.99510721862316 1.504828974604607 0.167024165391922 0 0 0 0 0 0 0 0 0 0 0 0 0 0 59.24141600728035 0.4794090837240219 3.087209686636925 0 0 0 1.998643517494202 0 0 0 0 0 0 0 0 0 13.34846264123917 0.1156027838587761 0 0 0.4957989156246185 0.228990375995636 0 0 1.181319162249565 2.848503105342388 41.90872467309237 155.2145584076643 17.44546262919903 5.851622998714447 0.9831748008728027 0.1903062462806702 0 0.8841906115412712 0.470780722796917 0.7402651384472847 1.041117399930954 0.2612206339836121 0 0 67.17047150433064 0.3226608335971832 0 47.61165396124125 7.850340746343136 9.218205690383911 1.626382857561111 0.3259387612342834 0 14.07173022627831 0.1339728087186813 0.6593911275267601 3.957824997603893 0.09358219057321548 1.052693925797939 2.802223563194275 0.5789699777960777 0 0.6688724681735039 0.4553850218653679 0.5953723192214966 0 0 0.1940224021673203 0.112575925886631 251.8622208982706 0.4205135107040405 0 0 113.4074792712927 0.4505129456520081 2.290612012147903 3.572769850492477 2.804662197828293 3.633460432291031 40.37369029223919 1.51904134452343 2.667253792285919 11.42788679897785 15.51335127651691 11.19671243429184 16.49636101722717 25.1907729357481 31.02641151845455 3.468468710780144 0.2609376609325409 0.4275221228599548 0 0 0 0 0 0 0 0 0 0 0 0 0 0 0 0 0 3.690707266330719 1.964657798409462 0 0 0 0.9358315765857697 1.307592153549194 0 0 0 0 0 0 0 0 0 0 1.499170005321503 1.801600351929665 0 0 0 0 0 0 0.2969706058502197 0 1.745777785778046 1.12222121655941 0 0 0.7175794839859009 2.71054145693779 0 0 0 0.1155919805169106 0 0 0 0 0 7.426252543926239 0 0 0 0 7.401753798127174 1.360844939947128 0.5309868603944778 2.621470421552658 1.577285826206207 2.304945409297943 0 0 0 0 0 0 0 0 0 0 1.537161588668823 0 0.1784054785966873 48.14022950083017 5.886699020862579 49.99274335056543 16.81848464906216 408.6280846446753 22.06834064424038 0.5723407417535782 16.04019558429718 1.360217720270157 0.2398740947246552 4.552965134382248 1.482339903712273 1.895068645477295 0.3386150002479553 0 0.3586752414703369 0 0
145.795925796032 2150.482404962182 2146.791442587972 42.04768494516611 0 40.50961319357157 1211.119638934731 191.750702470541 4252.4402622208 715.5027477890253 3189.882588088512 90.00066992640495 2995.625856980681 6721.741221114993 37.82820440083742 13.03339417278767 0.4112471044063568 0 0 0.1172995194792747 0 0.3890426456928253 0.1014243215322495 0.2376712262630463 0.2688552439212799 0.334425151348114 0 2.096404016017914 0.3325284123420715 0 812.813470095396 19.69592811912298 104.5297083780169 0.2157554924488068 0 0.1648609191179276 2.046969503164291 0 0.1422485560178757 0.7475018054246902 0.1230895295739174 3.291739761829376 0 1.180625267326832 0.2994559854269028 0.1148941293358803 194.6824481412768 4.537010177969933 0.3176684156060219 0 6.929756790399551 0.4100283682346344 0.3333019614219666 4.46206184476614 3.753478609025478 17.51104908436537 68.04076450318098 417.1547059863806 42.05972634255886 64.30990023910999 0.2454431653022766 1.350938625633717 0 40.80218891054392 7.283182851970196 8.186665669083595 11.09413260966539 5.636502921581268 0 0.2248429581522942 20.15063156932592 7.474492758512497 0 277.2584165111184 111.6082501858473 227.7622684016824 59.45213788747787 7.064238846302032 0.3258290067315102 1419.959136836231 0.5069114565849304 0.7610848397016525 27.72141646593809 2.039234191179276 9.011530451476574 25.0747231990099 2.498130708932877 0.2453415915369987 9.299653746187687 1.066980361938477 4.770997412502766 1.466378629207611 0.5579204484820366 1.978440918028355 4.4945153221488 83.81628803908825 1.304216399788857 0 2.015276283025742 36.04477884620428 2.735238030552864 0.4613499790430069 7.739679962396622 5.168027237057686 12.9220684915781 17.94645425677299 2.126866012811661 17.68649807572365 13.12689317762852 55.64329671859741 25.92493565380573 37.91364181041718 41.03083801269531 68.92717887461185 26.18554019927979 1.748647123575211 1.634410589933395 0.1870740652084351 0 0 0 0 0 0 0 0 0 0.9955941438674927 0.7673467993736267 0 0.2000270187854767 0 0 0 12.81174266338348 2.175352767109871 0 0 0 7.493893429636955 8.752591207623482 10.9319840669632 0.502159908413887 0.1370358765125275 0 0 0 0 0.2718160152435303 0 0 9.3677738904953 20.47971493005753 0 0 0 0 0.6810014247894287 0.4302370846271515 2.724410265684128 0.1080276444554329 1.476099044084549 14.30199781060219 0.1043334007263184 0 0.4761810600757599 34.16861259192228 1.623373374342918 2.212937399744987 0.8165238127112389 0.2905393093824387 0.2744050100445747 0 0.3651250600814819 0.1268285661935806 0.6338305920362473 54.87923546135426 0.4834842532873154 0 0.1171310693025589 0.467439316213131 64.43464033305645 8.599788278341293 32.83975160121918 11.04012548178434 5.721053957939148 19.88565826416016 2.231141716241837 1.224622592329979 0.2181544303894043 0 0.2206582948565483 0.09712126851081848 0.2897176519036293 0 0 0.1686815470457077 18.12386637926102 12.42739519476891 1.147845275700092 450.9141974449158 104.5353717952967 392.681829072535 165.5863415598869 203.259861767292 147.2423312366009 12.80001056939363 110.4020845815539 13.33227346837521 2.144549019634724 37.55303058028221 8.655081212520599 10.9245984852314 5.412604697048664 4.069599829614162 4.182141974568367 2.656230926513672 0.3068225085735321
63.58453416824341 583.8857177868485 211.5991008877754 421.5169460326433 40.50961319357157 0 356.470856256783 27.09624744951725 4.499731883406639 944.7937032282352 37.70583237707615 272.5032178461552 273.8938776105642 12.96230597794056 2.078465074300766 1.369236618280411 0 0 0 0 0 1.708479151129723 0 0 0 0 0 0.1490997672080994 0 0 259.0639957040548 1.199571259319782 29.71313899755478 0 0 0 46.3677808791399 0 10.58063060045242 1.410194873809814 0 0 0 0.4115254431962967 0 0 2.042664609849453 0 0 0 0 28.48715922236443 0.4004054218530655 0.1722905784845352 0 1.495974153280258 461.3075990080833 77.44280818104744 15.8886750638485 0.2338411957025528 0.8519644141197205 7.089198440313339 0.2525061666965485 0.2255769222974777 0.2936476692557335 0 0.5207451209425926 0 0 0 190.7589688897133 207.0123146623373 4.748076722025871 34.07619732618332 1.450998812913895 1.89141771197319 0.5411827862262726 1.204363852739334 1.028028681874275 21.05642147362232 0.9924108982086182 14.56146924197674 1.276249572634697 2.913709923624992 0.9005585536360741 1.227131418883801 0 6.758509233593941 2.12101574242115 23.87431475520134 0.09109611064195633 3.385478675365448 0 0 0.8675786852836609 404.4988784641027 223.7340665757656 3.939171805977821 39.29221957921982 571.5361940413713 0 0 0 0 0 1.137517496943474 0 0 0.238335520029068 0.1631715893745422 0 0.2565740942955017 0.5390549749135971 2.922631531953812 0.3099474906921387 0 0.1592739373445511 0 0.18610018491745 0 0 0 0 0 0 0 0 0.3710414320230484 0 0.4664748013019562 0 0.1257214248180389 0 0 0.1545021533966064 0 0 0 0 0.667237251996994 0 0.44133360683918 0.4982209056615829 0.7418599426746368 0 0 0 0 0 0.3170062601566315 0 0 0 0 0 0.5909903049468994 0.2672056928277016 0 0 0 0 0 0 0 0 0 1.157965153455734 0 0 0.5437887832522392 0 0 0.2253886759281158 0 0 0 0.1821973919868469 1.397912740707397 0 0.1524742841720581 0.3865638673305511 0 0 0.5965999960899353 0.2405720502138138 0 0 0 0 0 0 0 0 0.1985530853271484 0 0 0 0.6286051869392395 0 1.557022288441658 12.75963625311852 1.396018631756306 8.215477913618088 3.03555528819561 305.043796107173 24.14650842547417 0.5404826551675797 5.535323590040207 0.1433887630701065 0 0.5952645689249039 0.1338883489370346 0 0.1406048387289047 0 0.2083813101053238 0.2350763827562332 0
2008.260872706771 2445.059999160469 116.8776550143957 1745.265951037407 1211.119638934731 356.470856256783 0 33.91225500404835 488.8533611893654 1865.858096577227 144.3275866284966 114.2076606601477 13226.63029637188 1311.409768424928 51.69448852539062 21.34280300140381 0.1004153043031693 0 0.1770514845848083 0 0 0.1464021354913712 0 0.2351431101560593 0 0.4140327647328377 0 1.716104283928871 0.7860896736383438 0 537.4199000447989 14.17883285880089 33.35273666679859 0.1648236215114594 0 0 6.868591971695423 0.8607714027166367 1.965320318937302 0.1580546051263809 0.2740680426359177 2.447049200534821 0 2.279645964503288 0.1760012060403824 0.1098005250096321 249.1724025085568 6.089005455374718 0.4565117359161377 0 7.553323984146118 0 0 2.739329531788826 7.259396828711033 24.07564389705658 183.1190966293216 751.4937182217836 91.17426484823227 72.97236827015877 0.2415409460663795 2.765434563159943 0 37.21325058490038 9.409075319766998 10.77492969483137 12.63693806529045 6.548170000314713 0.2082452848553658 0.5902880057692528 31.57833561301231 9.573555827140808 0.1052705496549606 455.2800210565329 130.1152921468019 242.2763155028224 60.48297037929296 11.17580971866846 2.547207050025463 166.3122822567821 0.4379794150590897 1.573265850543976 44.61989472806454 2.646676644682884 13.20780111849308 38.58015433698893 1.882562592625618 0.5651049837470055 8.84810721129179 1.288450591266155 6.182593539357185 2.468824468553066 0.862308993935585 1.604237347841263 6.362515777349472 570.4263677746058 3.365693882107735 0.2726768851280212 1.567229375243187 204.9433933570981 11.08725789189339 4.376079365611076 30.03900520503521 14.28665101528168 25.539874330163 39.86826409399509 6.453828185796738 35.3282191157341 61.81184263527393 122.0967088937759 69.98583702743053 91.42489609122276 133.6483788341284 179.812115713954 36.19698090851307 3.939969077706337 1.526636004447937 0 0.3023547530174255 0 0 0 0 0 0 0 0 0.9138028025627136 0 0 0 0 0 0 17.67195706069469 15.44726426899433 0 0.7355688214302063 0 8.976304531097412 7.498717986047268 10.49475349485874 0.6211474388837814 0.971585676074028 0 0.884674146771431 0 0.2701835036277771 0.190389946103096 0.6357579827308655 0 13.11696507036686 27.59826334565878 0 0 0 0 0.9416473507881165 0.7218784615397453 2.12971630692482 0.3534201011061668 1.15342903137207 19.5277613401413 0.5572415590286255 0 0.1590943187475204 50.76929788291454 2.222706899046898 2.850829690694809 0.6338838189840317 0.448555015027523 0 0.296721339225769 0.6215136498212814 0 0.1311332881450653 87.33537966012955 2.260987013578415 0 0 0.1859143376350403 97.28674294054508 21.561394110322 57.81889142096043 15.48114866763353 20.70122267305851 26.22011344134808 2.699355810880661 3.176365971565247 1.604238636791706 0.3404914140701294 0.1284245699644089 0.2236485034227371 0.7572242319583893 0 0 0 40.40050603449345 4.578092113137245 2.690198674798012 791.2478601410985 114.5859803929925 621.3548623248935 229.185356862843 795.6436022669077 242.1046821027994 12.0127642378211 256.5420560985804 24.86189438402653 5.89198736846447 51.22993815690279 13.16020850837231 19.73233437538147 5.275577738881111 1.229974314570427 7.887583449482918 4.067023977637291 0
86.860704831779 567.2140213772655 5323.27652284503 2.13089095801115 191.750702470541 27.09624744951725 33.91225500404835 0 6.633554220199585 17.11342871189117 1192.000642128289 256.3134413436055 816.0649607479572 640.277260646224 56.1727327555418 28.65535974502563 0.9001128301024437 1.375105276703835 0.0882159098982811 2.453891694545746 3.3868308365345 0 2.315533399581909 0.1318517774343491 1.829262793064117 0.9149170219898224 0 0.6770079433917999 0.7024730890989304 0.1240802109241486 3352.81732006371 2824.110643878579 1335.955449871719 0.4900746643543243 4.10630589723587 45.8978168964386 294.2385096549988 27.76378771662712 23.97728149592876 11.04151874780655 7.80937348306179 15.75315900146961 0.900683306157589 3.398167602717876 0 0 160.4931629374623 3.056277371942997 0.3578354567289352 0 12.09723230451345 0.4050751328468323 0 1.784510567784309 2.604771517217159 8.546388916671276 60.90711440145969 590.1056665405631 33.38447621464729 39.69858832657337 11.92666332423687 132.2410442978144 5.412011235952377 223.318720318377 3.068864621222019 3.773543655872345 8.156742453575134 6.189119659364223 1.051884710788727 31.29666627943516 182.4024072736502 164.4841147214174 0 218.9086619913578 135.1645561382174 176.9414081200957 114.5162731930614 56.03118953108788 293.5591967254877 2019.725350908935 7.221050202846527 825.4090439975262 16.84311336278915 1.209249623119831 4.355791285634041 13.65798477828503 1.748275689780712 0.7513013482093811 4.304576590657234 0 2.223134934902191 0.957610085606575 21.34843114763498 4.499846637248993 3.32482722401619 455.721899881959 60.84091140329838 0 28.64563416689634 36.72621462494135 20.24214041233063 1.111949801445007 26.96260143816471 2.118458658456802 53.72249561548233 34.29768534004688 4.981933817267418 55.45134973526001 41.34790809452534 99.10258708894253 60.13477765023708 91.00656539201736 88.14293694496155 184.8791198432446 75.69876784086227 6.958333775401115 6.436559036374092 0.1574586927890778 0.5327625274658203 0 0 0 0 0 0 1.96218279004097 1.089689433574677 0.6164805293083191 0 0.1329484283924103 0 0 0.8682506084442139 1.040452003479004 28.68844969570637 28.2951502352953 0 2.647880151867867 0.1669444143772125 38.87991523742676 32.83967812359333 46.0990341603756 2.008135326206684 1.488181531429291 0 0 0.4120098054409027 1.388160943984985 2.50433287024498 1.396912023425102 0.3346270024776459 32.34907639026642 78.54371707141399 0.7392620444297791 0.3199560940265656 0 0 0 1.195610538125038 8.757212579250336 1.116491064429283 8.980866312980652 56.8410402238369 0.4650698006153107 3.305546477437019 5.110575437545776 160.9430478066206 17.01495702564716 12.67517039179802 3.93865530192852 0.6306202113628387 0.3165411055088043 0.4742401391267776 2.43391802161932 0 0 212.2674381732941 7.82840895652771 0 0.179656907916069 0.4121540039777756 205.8354436606169 39.90764804184437 116.4621673077345 42.57409130781889 43.70390838384628 56.23403824865818 9.431792542338371 11.66579440236092 2.218869395554066 0.1050559729337692 0 0 0.7074560150504112 0.8842172622680664 0 0 80.18855294585228 35.84044928848743 22.12291537225246 377.15200984478 49.952685944736 299.4331267476082 115.4195282608271 137.3599963113666 87.25134065002203 5.319872543215752 122.625761307776 40.13294646143913 4.286532312631607 192.2749101743102 28.40565619617701 44.96526177227497 19.09169296175241 1.904468379914761 17.39095026999712 4.446493729948997 0.1886518448591232
8.384498670697212 842.9482686296105 573.4023042917252 136.111210078001 4252.4402622208 4.499731883406639 488.8533611893654 6.633554220199585 0 381.5556470006704 1651.24522036314 44.63778331875801 8670.590047061443 6111.906187623739 19.336191624403 6.397056497633457 0 0.1082975789904594 0 0.1005594804883003 0 0 0 0 0 0 0 0.336256742477417 0.2439020574092865 0 131.6692478880286 13.13933888822794 42.90562532842159 0 0 0 0.8178340569138527 0.4457719624042511 0.08928419649600983 0 0.1199928522109985 0.53032336384058 0 0.7865617275238037 0 0 68.73047309368849 1.251288957893848 0 0.09451746195554733 2.047401949763298 0 0.1690758317708969 0.7249959334731102 1.095515847206116 3.900331377983093 16.14053304493427 85.93338590860367 10.53586655110121 16.63951796293259 0.1311829686164856 0.3398799449205399 0.1116492077708244 25.0541844367981 1.090086787939072 1.176407262682915 2.410729788243771 0.8756505101919174 0 0.1278659254312515 11.19922855496407 6.887513026595116 0 75.4547820314765 42.21486259996891 82.95317561924458 23.57267807424068 3.537582263350487 0.4446614906191826 2594.421292722225 0 0.2214939072728157 5.30351734906435 0.3070901408791542 2.044993676245213 5.741404518485069 0.2819704189896584 0.1090670600533485 1.051883086562157 0.1810177639126778 1.317922204732895 0.3204487264156342 0.1234995648264885 0.7077879533171654 0.6626857370138168 53.55929447710514 1.237568587064743 0 0.5223730206489563 3.763947024941444 0.6983253508806229 1.672836303710938 13.49758173525333 0.3292891085147858 19.20092916488647 14.21380344033241 0.2568854689598083 13.33842913806438 14.50472937524319 31.9304084777832 17.16830508410931 28.59391586482525 30.44553449749947 47.44366371631622 12.78191143274307 0.275544136762619 0.6166262924671173 0 0 0 0 0 0 0 0 0 0 0.2916809618473053 0 0 0 0 0.2345068156719208 0 10.71788646280766 3.604029729962349 0 0 0 2.243030339479446 3.427747175097466 4.231682896614075 0 0 0 0.8174402415752411 0 0.9019707441329956 0.2472066730260849 0 0 4.818973571062088 14.64428699016571 0 0 0 0 0 1.269721880555153 1.993712365627289 0.09821832180023193 1.483740791678429 10.45856447517872 0 0 0 14.27186484634876 1.174361735582352 0.5136079788208008 0.2536156475543976 0.2250902429223061 0.1032135561108589 0 0 0 0 28.02367523312569 0.4373569339513779 0 0 0 35.37381653487682 4.92369233071804 15.92456655949354 8.971949130296707 8.960738703608513 8.674371376633644 1.850296318531036 3.20525723695755 0.2733646333217621 0.2148253619670868 0 0 0 0.1781938821077347 0 0 9.101218938827515 3.692057579755783 0.2210133969783783 188.5881950035691 29.96058528125286 138.6060629412532 55.06273211538792 44.91082457453012 50.57143098860979 3.08773922175169 67.16070535778999 8.513020858168602 0.3549163043498993 26.57673999667168 3.285708613693714 9.826861888170242 5.08270637691021 0 1.491613760590553 2.120942443609238 0
2107.099418222904 647.6749131754041 44.69659154117107 1496.540198385715 715.5027477890253 944.7937032282352 1865.858096577227 17.11342871189117 381.5556470006704 0 161.8191064149141 556.9303075224161 4955.261317536235 150.0637647509575 9.08325419574976 7.26165771484375 0.4706822484731674 0 0 0 0 0 0 0 0 0 0 0 0 0 85.38634617626667 1.81072635948658 85.48141833394766 0 0 0 32.28885217010975 0 2.567972123622894 0 0 0 0 0.4762994647026062 0 0 21.25262099504471 1.075448706746101 0 0 0.313672736287117 3.19143183529377 0 0.3246342241764069 0.6948159337043762 3.253882013261318 82.08197519928217 147.3644469156861 13.82925838977098 4.891995288431644 0 2.972083389759064 0 3.370356157422066 1.22331690788269 0.5061637908220291 0.3661017939448357 0.3777898475527763 0 0 669.2895547449589 47.44863452017307 0.6786123812198639 53.94496357440948 8.563258036971092 18.32966907322407 4.203281536698341 1.665126413106918 0.252679705619812 48.88286995142698 0.1340422779321671 3.520771846175194 4.414729446172714 1.699033409357071 0.8800138160586357 3.000754900276661 0.215813159942627 0.4036247134208679 0.5534557476639748 2.901155799627304 1.037008561193943 1.306944191455841 0 0 0.1804866194725037 1845.108985230327 59.50096994638443 0.3491738438606262 6.491753295063972 421.5807999372482 8.343035638332367 5.503881841897964 32.04088950157166 19.6364328712225 43.55817566812038 60.69808258116245 8.225776717066765 43.49839586019516 68.80518591403961 158.2532518655062 73.90610972046852 101.7944710254669 177.6889835894108 252.0971588343382 27.58013744652271 0.6897540539503098 0.9022120237350464 0 0 0 0 0.1742418259382248 0 0 0 0 0 0 0 0 0 0 0 0 23.35115897655487 7.711131244897842 0 0 0 4.09544537961483 5.891060039401054 8.313169911503792 0.3661725521087646 0 0 0 0 2.800920307636261 0 0.1603576689958572 0 12.17608824372292 30.58062155544758 0 0 0 0 0 0.3880578726530075 1.61829762160778 0.2199235260486603 3.098314762115479 14.91990613937378 0.3466957211494446 0.1085532978177071 0 23.03870706260204 2.839528769254684 0.8644314855337143 1.031100109219551 0.3115815669298172 0.3685095906257629 0 0.1143109127879143 0 0 48.28233653306961 1.076803356409073 0 0 0 69.10132063925266 13.40596622228622 23.82928992807865 14.91247211396694 12.53034813702106 17.51329474151134 5.356840029358864 2.574602752923965 0.4571100175380707 0.2721785008907318 0 0 0 0.2490072175860405 0 0 17.99186433851719 3.869438990950584 1.045711278915405 102.0045086666942 11.90939880907536 62.70528808236122 22.75872898101807 952.6771497353911 26.11006330698729 1.502720668911934 36.11390005797148 14.73440457880497 0.5327907204627991 45.62030291557312 6.465167492628098 24.75210604071617 3.215547636151314 0 0.7159059643745422 0 0
180.065957993269 3898.443243682384 3572.751767665148 13.99254664778709 3189.882588088512 37.70583237707615 144.3275866284966 1192.000642128289 1651.24522036314 161.8191064149141 0 694.2917170003057 2826.995862536132 3134.694473095238 72.81236703693867 30.83009851723909 1.071032077074051 0.3418271541595459 0 0.1894200444221497 0 0 0 0.2436207830905914 0.129718154668808 0.7427567765116692 0 1.04414439201355 0.1338040679693222 0 1369.993644461036 86.50029561668634 710.7978991493583 0 0 2.691229164600372 96.89232309162617 2.910593330860138 3.096112303435802 0.9473086595535278 0.9571726024150848 2.787459939718246 0 4.17101738601923 0 0.3221381902694702 155.4833875596523 2.554996132850647 0.3722196593880653 0 2.142508067190647 0.1579507440328598 0.1246905922889709 3.070032738149166 1.808713138103485 5.771544314920902 35.15482810139656 255.0694231316447 16.93342211842537 38.52677057683468 0.2442673221230507 18.48498898744583 1.402445062994957 81.14481967687607 3.472504183650017 4.665807612240314 4.470130756497383 2.079150430858135 0 0.8359445631504059 24.36165352165699 30.5640105754137 0.2686560451984406 153.1549489274621 95.32009437680244 166.6550754308701 71.1727882027626 17.50399618595839 12.30477346479893 3089.726646155119 0.2647165060043335 17.66888307034969 9.454936631023884 1.140204958617687 4.162680514156818 11.54079504311085 0.7559340372681618 0 4.389835558831692 0.1551379859447479 2.721504025161266 1.198694549500942 0.7241777181625366 0.7245491072535515 3.948464870452881 311.4211627542973 12.96570208668709 0 2.051960967481136 33.99127776175737 22.98817986249924 2.987355932593346 46.77059760689735 10.49503281712532 69.87344308197498 51.06279034912586 6.463201314210892 57.26498799026012 56.33710367977619 129.2959708869457 68.89034020900726 121.1092350035906 140.0681746006012 242.9014509022236 70.06522358953953 4.211424618959427 6.479103848338127 0 0 0 0 0 0 0 0 0 0 0.6298557817935944 0 0.6806706786155701 0 0 0 0 26.87444299459457 20.1136561781168 0 0 0 11.16464611887932 10.75985831022263 25.3729746863246 0 1.438825577497482 0 0.1848045587539673 0 1.018124863505363 1.146534115076065 0.1628955453634262 0 30.81227071583271 64.88909777998924 0.5272874385118484 0 0.175757959485054 0.1160087436437607 0.8565580546855927 0.7490619495511055 9.190274059772491 0.5997352004051208 5.745771318674088 36.27154652774334 0 0.8603729009628296 0.7215035259723663 78.64546164870262 4.397548660635948 4.729188703000546 2.409553401172161 0.9172713458538055 0.3881393447518349 0.2113626599311829 0.3294111788272858 0.3062417209148407 0.3079836964607239 116.9780129343271 3.356734395027161 0 0 0 147.0511070489883 26.26447385549545 68.91732735931873 43.43748295307159 29.13457138836384 33.18285971879959 3.662923529744148 7.139646276831627 1.69894751906395 0 0 0 0.384056881070137 0.2465027123689651 0 0.1393466293811798 47.93153214454651 15.66069540381432 3.665066495537758 504.9176387637854 69.32364577800035 311.022341735661 135.0908384770155 152.0076108723879 80.83504728227854 5.890448935329914 158.1366286724806 37.90993086993694 2.968350112438202 148.4665972590446 20.95921514928341 24.53961507976055 6.430885091423988 0.7967335805296898 18.121327444911 5.332433775067329 0
90.24550487101078 135.0741045176983 54.55263698101044 78.14407700300217 90.00066992640495 272.5032178461552 114.2076606601477 256.3134413436055 44.63778331875801 556.9303075224161 694.2917170003057 0 1362.68435703218 98.70816342532635 49.81261787563562 46.01862533390522 1.12654210627079 0 0 0 0 0 0 0 0 0 0.1682976931333542 0.4296264126896858 0 0 57.19839511811733 22.45869611948729 166.0518698319793 0 0 0 77.85359584540129 1.616798579692841 5.515649437904358 0.5239948034286499 0.6377880424261093 0.4170658886432648 0 5.370981700718403 0.2875830307602882 0 60.66150323301554 0.6368994489312172 0.1393987536430359 0 0.6217125803232193 0.2875035405158997 0 0.9197328835725784 0.1064807027578354 2.357814729213715 24.93774911761284 36.31873524934053 5.272350393235683 8.376501262187958 0.6801397278904915 14.13156091421843 0.9673242419958115 24.96586410701275 0.8605839684605598 0.9057791009545326 1.099457606673241 0.4058637395501137 0 1.49672257900238 169.1164765059948 29.33414144068956 0 49.45584107190371 34.83653929084539 78.20310747623444 38.30935201793909 11.82604925334454 30.77085484564304 551.2240307033062 0.9397694021463394 11.66807316243649 1.997756160795689 0.1410404145717621 1.692802980542183 3.114634707570076 0.455839216709137 0.08960893750190735 0.3921251744031906 0.6128808259963989 0.2849570736289024 0.3666414767503738 0.5866806656122208 0.1607266813516617 0.8999863043427467 1798.089161247015 55.83767655491829 0 3.664076395332813 101.5794684439898 12.61299888789654 9.907636091113091 26.73256395757198 6.651803493499756 35.55366159975529 28.2279698997736 8.439815044403076 31.30988581478596 40.60637205839157 90.32339023053646 55.63671357929707 74.75777395069599 113.1490546017885 210.6318380534649 31.18737401068211 2.086784228682518 0.1638727486133575 0 0 0 0 0 0 0.2469192892313004 0 0 0 0 0 0 0 0 0 0 22.75553879141808 7.80647137761116 0 0 0 4.919964715838432 3.216211296617985 5.934326842427254 0.1275987178087234 0.3359241485595703 0 0 0 0 0 0 0 8.470361605286598 15.38090480864048 0.1674613952636719 0 0 0 0 0.2074107974767685 1.014065995812416 0.2611296474933624 2.331541664898396 12.21493290364742 0.205367773771286 0 0 21.78240004181862 1.299357876181602 1.931815221905708 0 0.1077370569109917 0 0 0 0 0 74.67611376941204 1.360289707779884 0 0 0 41.56204202771187 5.319350987672806 17.42303873598576 10.67352801561356 7.302528485655785 13.34630154073238 1.238874271512032 2.834442988038063 0.6633816063404083 0 0 0 0.1072008833289146 0 0 0 34.29413931071758 7.992110937833786 1.147693887352943 274.1761816367507 23.2411255016923 135.5048609673977 60.17254270613194 155.7626698836684 34.54447124898434 1.448566623032093 125.9011316895485 7.206964328885078 0.6181435883045197 36.19365148991346 4.433006621897221 13.845842435956 3.038088172674179 0.2022406905889511 2.137145459651947 3.157547891139984 0.2021821439266205
154.6346532404423 1418.945226721466 244.0084017887712 1352.670863308012 2995.625856980681 273.8938776105642 13226.63029637188 816.0649607479572 8670.590047061443 4955.261317536235 2826.995862536132 1362.68435703218 0 3486.219655111432 341.7799076288939 222.7188740223646 4.213165961205959 0.2371134907007217 0.1801563054323196 0.4534729868173599 0 0.2911557555198669 0 0.4986373707652092 0.344735287129879 1.219513058662415 0 3.866217203438282 2.573955491185188 0.4641838520765305 302.9995296597481 84.36102210730314 764.1775223463774 0.09185543656349182 0 1.784521169960499 82.98675413429737 3.191619098186493 5.89351437240839 0.5520943775773048 1.178245544433594 7.086002968251705 0.4676676616072655 19.43142750859261 0 0.8638556003570557 482.4564951732755 5.410248853266239 0.7219670936465263 0 11.04726643115282 0.6936847716569901 0.2232513502240181 7.718408934772015 3.616004221141338 19.91404478996992 82.97531310468912 267.8663157150149 38.99579883366823 113.4055849760771 2.343001887202263 24.10038989037275 0 186.3579088822007 6.881938949227333 11.26474700123072 12.75364612042904 6.729083120822906 0.1151518300175667 1.358641386032104 118.8149285539985 29.99208281934261 0 380.6816885024309 263.3328984752297 657.1637426093221 271.8374507054687 71.4816378057003 151.7927758321166 2326.092254631221 1.575592912733555 19.69032916426659 27.3029367774725 2.834830291569233 10.19504207372665 34.00093794241548 2.974025227129459 0.4849759340286255 10.48385295271873 0.9789145588874817 6.273854501545429 3.729995504021645 1.017094425857067 2.684850826859474 10.00298822671175 3344.284179709852 13.05777323246002 0.2974564135074615 6.535773426294327 121.1018063724041 17.70628935098648 14.63902008533478 63.52729463577271 34.96076589822769 87.08471177518368 101.3873426169157 26.84890834987164 91.71358907222748 170.5856544226408 360.2231465578079 183.1898417174816 264.925777554512 462.5053803026676 664.0955981165171 108.5192307457328 6.50125253200531 6.056494176387787 0 0.3139499723911285 0 0 0 0 0 0 0.2214170694351196 0 0 0.3575283885002136 0.3084659725427628 0.1151568666100502 0 0.1282393485307693 0 54.93830682337284 28.54451324045658 0 0 0 14.56858383864164 10.45806457102299 20.73747923225164 0.7385329604148865 0.2390427067875862 0 0.9175576120615005 0.1366395354270935 1.166602626442909 0.1280562877655029 0.1544366478919983 0 21.98073174059391 51.09923247992992 0.2917079925537109 0 0 0 1.40802338719368 0.8834172785282135 5.823239587247372 1.20553857833147 7.07245945930481 47.30079762637615 0.5090152770280838 0 0 70.8345713019371 6.915451616048813 10.55219046026468 3.733328931033611 0.5539978891611099 0.6057082861661911 0.1338725239038467 1.420888543128967 0.2322628498077393 0.3417147696018219 257.9560045525432 1.604385331273079 0 0.2252076119184494 0.4690751880407333 173.1131799072027 28.67076325416565 70.62304098904133 35.98720332980156 33.10582388937473 40.10461173951626 5.949817433953285 8.551153346896172 2.738243922591209 0.8699028939008713 0.336785726249218 0 0.1650265455245972 0.2313699126243591 0 0 169.5173236727715 21.74320076406002 5.839088961482048 1032.167303457856 191.9289055243134 818.6697769612074 456.7350598052144 390.8401544317603 228.6168180629611 19.49283266812563 452.5393057912588 34.81401786208153 6.444742396473885 97.16043341904879 24.13200034946203 33.517155200243 9.346942529082298 0.8669753298163414 12.37831835448742 22.63624048233032 0.7115557193756104
