0 2604.417508304119 287.3430255502462 2145.946301490068 171.686272367835 101.8953102231026 864.2186477035284 176.862191811204 85.88172303140163 2328.2688934654 419.5106954574585 162.9408652037382 177.8773428499699 127.979729115963 2.035979650914669 1.472133971750736 0 0 0 0 0.3682051301002502 0 0 0 0 0 0 0 0 0 351.3622281402349 1.270645454525948 16.35837551951408 0 0 0 3.451851010322571 0.1418279409408569 0.3922833800315857 0 0 0 0 0 0 0 5.451571717858315 0.6623584181070328 0 0.1173951104283333 0.2230487465858459 0 0 0 0.9165325090289116 1.104335762560368 265.6960766240954 874.5597101151943 14.55748694390059 3.389611057937145 0 0 0 1.454133480787277 1.084344513714314 0.7654823362827301 0.8045817390084267 1.225576609373093 0.1776697635650635 0.3182889074087143 5.838057219982147 0.3136178255081177 0 183.4497553035617 13.39625315368176 7.431026518344879 3.438560053706169 0.1787322461605072 0 36.06196174025536 0.1490992307662964 0.2353096753358841 4.136138886213303 0 0.4185256585478783 0.1088462546467781 0.2423757836222649 0 0.3407745659351349 0 0.1296040117740631 0.2319278419017792 0.3776538670063019 0 0 72.54375767707825 1.87146869301796 0 1.048225164413452 394.1583047658205 0 0.3184868097305298 3.619855165481567 2.168061807751656 1.628004789352417 10.80589738488197 4.407316088676453 1.266299724578857 21.77382017672062 16.22999010980129 0 7.258585229516029 8.115883708000183 8.080939009785652 1.955646023154259 0.1608255654573441 0 0 0 0 0 0 0 0 0 0 0 0 0 0 0 0 0 0 0 0 0 0 0 0.9512481093406677 0 0.3592453002929688 0 0 0 0 0 0 0 0 0 0 0.5476672649383545 0 0 0 0 0 0 0 0 0 0.1299093514680862 0 0 0 0 0 0 0 0 0 0 0 0 0 3.651490673422813 0 0 0.2512965202331543 0 0.8944383859634399 0 0 0.1926129013299942 0 0 0 0 0 0 0 0 0 0 0 0 3.253804311156273 1.589209109544754 0.1965231001377106 19.62904141843319 2.179084725677967 21.27214795351028 4.688008852303028 665.6553394421935 2.783202596008778 0.4165760725736618 1.477134078741074 0.2119159251451492 0 0.6190941333770752 0.7879356443881989 1.083788901567459 0 0 0 0 0
2604.417508304119 0 1983.271226987243 1995.841607801616 6770.304210625589 223.493694677949 6817.709839396179 1401.972800299525 2192.32416138798 609.0894980058074 6120.451049149036 19.92795272171497 291.7743994295597 707.8180174678564 19.2008291631937 5.4520403444767 0.4261031299829483 1.033318117260933 0.1219823658466339 0 0.5941930264234543 0 0.7020928338170052 0.09843375533819199 0.4411259591579437 0.6718800216913223 0.18584243953228 0.4654475897550583 0.2879727780818939 0.1176465377211571 3477.480203621089 62.79515537619591 38.20537052303553 0.298444539308548 0.2399600595235825 1.010735660791397 8.223652496933937 1.564338192343712 2.856424793601036 1.015522852540016 0.5119012147188187 1.22154213488102 0 0.8723114207386971 0.3104820251464844 0 169.3102239668369 25.31689671427011 0.1750479638576508 1.094581887125969 12.37837443500757 0.1736890971660614 0 0.1469893455505371 4.577073134481907 17.38954517990351 249.503168605268 1319.033084370196 11.46025030314922 76.08780043572187 0.8206266015768051 1.010584264993668 0 160.7674240320921 24.03186108916998 30.98645584285259 20.22445084154606 13.59219048172235 1.458273440599442 1.506749480962753 7.6711310967803 0 0 748.8805068507791 179.2704391404986 176.0196014195681 41.09960988163948 2.028551697731018 0.3085274994373322 113.8837169632316 0.4540587663650513 5.498507663607597 90.75168290734291 0.1333114504814148 31.27872815728188 15.45205438882113 9.404106862843037 0.3751438409090042 14.10137506574392 0 3.030361242592335 3.871943272650242 2.358971789479256 0 3.358066074550152 51.11012706160545 1.802583158016205 0 0.6323153078556061 831.8597689568996 0.2900529801845551 0.12381761521101 0.2469718456268311 3.543112307786942 0 56.2953177690506 1.846666887402534 0.9571991264820099 46.90239115059376 9.005967989563942 0.4215855449438095 10.34759174287319 6.291777178645134 10.95278173685074 3.409780144691467 0 0 0 0 0 0 0 0 0 0 0 0 0 0 0 0 0 0 0 0.4969775676727295 0.7569828629493713 0 0 0 2.710161074995995 0 1.063297480344772 0.182893306016922 0 0 0 0 0 0 0 0 0 1.611230313777924 0 0 0.1268701255321503 0.1528788655996323 0 0.276841975748539 0 0.2330480813980103 1.425785645842552 0 0 0 0 2.071945518255234 0 0 0 0 0.1490377485752106 0.4012860655784607 0.1706478297710419 0.1420818567276001 0 4.366204634308815 0.3899043202400208 0 0.1698270887136459 0.2652390152215958 0 0.3661293983459473 0.7934476435184479 0 0 0.2025115340948105 0 0 0.1490355730056763 0 0 0 0.2547614052891731 0.4724875167012215 0.1434123665094376 0 4.367543116211891 2.291010737419128 1.029421374201775 228.0382119566202 45.65986194461584 472.7628671377897 59.20900544524193 1230.815272562206 20.74243532121181 8.089706651866436 25.32674529403448 4.356894269585609 0.3003202229738235 3.202106982469559 8.616829164326191 1.317450925707817 0.2957803606987 0.1277611702680588 0.4611906334757805 2.240878611803055 0.5487330555915833
287.3430255502462 1983.271226987243 0 18.49848864972591 862.7635807842016 23.65745323896408 119.7489573732018 5924.909575037658 516.2023086771369 8.45737736672163 6702.886511340737 2.489440307021141 95.39022929221392 726.4022598713636 45.37003766000271 32.97806201130152 7.380984961986542 5.122270002961159 2.560879364609718 17.11456748098135 62.25705939531326 0 21.54516144841909 8.414718754589558 1.362880073487759 2.364564999938011 0.3874248117208481 0.6053149253129959 0.4311742037534714 0 5448.18917889148 1328.531047560275 129.3993924185634 14.90999138355255 11.57665791362524 5.526087135076523 10.14858384430408 14.28447224199772 3.024022176861763 4.389859035611153 18.18572708964348 13.87165462225676 31.78163655847311 8.512760296463966 8.834799416363239 6.280052721500397 103.4962795898318 21.5929703861475 3.950160935521126 26.29755973815918 47.96986503899097 0.9366884604096413 0.1608961224555969 2.849355392158031 4.218397982418537 9.58611373603344 114.8635821864009 1592.603555634618 3.47348752617836 51.34921609610319 16.13890427350998 15.01312209665775 4.728936947882175 1280.566851526499 21.23715136945248 38.98525807261467 28.37424321472645 158.9771555960178 160.3971400409937 192.9879323616624 12.42646240442991 1.884434700012207 0 673.6844101622701 250.8598066940904 156.1298174709082 135.2479032948613 14.02897378057241 132.2334926128387 3209.595284767449 10.44696985930204 720.7899651154876 60.09660352766514 0.1622498035430908 24.18598238378763 10.21266029775143 60.39222718030214 0.4670319780707359 8.312276236712933 0 1.393820241093636 2.755384184420109 83.52507375925779 8.972504816949368 8.037150308489799 13.09014938771725 2.506566151976585 0 1.109867423772812 126.2310489416122 0 0 0 0 0 0.7429519295692444 0 0.7073280811309814 1.861107885837555 1.688530892133713 0 2.274995163083076 2.878042988479137 4.005704075098038 1.325997732579708 0 0 0 0 0 0 0.6131725609302521 0 0 0.1867288202047348 0.283203661441803 0 0 0 0 0.2115464061498642 0 0.1575042009353638 0 0.09241348505020142 0.09777688980102539 0 0 0 1.840812988579273 0.2360697984695435 1.659702599048615 0.82919542491436 0.9954836815595627 0.4661232382059097 0.6889407336711884 0.6496494859457016 0 0 0 0.413486510515213 0 0.6889337450265884 0 0 0.6879236400127411 0 1.273240551352501 0.2410754039883614 0 0 0.1208947226405144 1.126697726547718 0.1379394978284836 0 0 0.8632848411798477 0 0 0 0 0 0.2159757912158966 0.2336969673633575 0 2.541861779987812 5.087863177061081 0.2311485111713409 0 0.4499857127666473 0.7072133868932724 0 0 1.530769318342209 0 0 0 0 0 0.3765498250722885 0.2406342029571533 0 0 0.2189187556505203 0.4034761935472488 0.3592556565999985 0 2.586077302694321 3.332359030842781 1.334300234913826 144.134682841599 34.36288902163506 278.5990130230784 39.53422213345766 126.7203888222575 11.00024974346161 5.44378000497818 22.92279090732336 2.256226390600204 0.2261956259608269 2.101456753909588 5.986622758209705 0.7978630885481834 0.798322468996048 0 0.7966406643390656 1.643947094678879 0.3721130043268204
2145.946301490068 1995.841607801616 18.49848864972591 0 264.3363184630871 530.037754714489 1331.721977949142 8.85691199451685 355.8179859668016 2641.45314668119 26.27091493457556 536.9135830402374 1174.592070490122 163.6257367804646 1.347014918923378 0.3796304017305374 0 0 0 0 0.1114188358187675 0 0 0 0 0 0 0 0.1567453593015671 0 45.32820048183203 1.248811170458794 38.77839784324169 0 0 0 25.6124487221241 0.6789166331291199 3.442070841789246 1.290131285786629 0 0.1738651394844055 0.115447998046875 0 0.1170388385653496 0 28.49908734858036 4.216087840497494 0.5466268211603165 0 2.037136726081371 0 0 0.1338195502758026 0.286684051156044 3.405504159629345 120.2431690990925 295.8013281077147 9.222199246287346 9.661546401679516 0 5.995260462164879 0 9.714661568403244 5.894270084798336 5.526410780847073 2.575193390250206 0.9953609257936478 0 0 67.59892094135284 1.735117256641388 0 202.7823358923197 28.83089537918568 22.02508671581745 3.899390637874603 0.3222009986639023 0 4.666592419147491 0.1335019469261169 0.5676499158143997 17.02396357804537 0.2235817834734917 7.34026200324297 2.663088947534561 1.060300916433334 0 2.605616733431816 0 0 0.2294408529996872 0 0 0 133.5126692205667 4.369171798229218 0 6.979708030819893 585.313910767436 0.4051959961652756 0.9875792562961578 5.506523966789246 7.264090895652771 3.29219725728035 34.59133806824684 12.03687347471714 8.549264654517174 43.78725051879883 39.65229965746403 0.5324837565422058 40.73226742446423 33.16378681361675 47.70042464137077 20.13188141584396 0 0 0 0 0 0 0 0 0 0 0 0 0 0 0 0 0 0 0 1.658008441329002 0 0 0 0 10.94874593615532 0 7.058592945337296 1.089506298303604 0 0 0 0 0 0 0 0 2.105503499507904 0.6810282468795776 0.6757203936576843 0 0 0 0 0.4012562334537506 0.508750319480896 0 1.697706744074821 0.3948027491569519 0 0 0 9.462175041437149 0 0 0 0.5686838328838348 0 0 0 0 0 39.50418792665005 1.103155970573425 0 0 0 0.4193683266639709 0 0.6649405956268311 0.3445310890674591 0.3014732897281647 2.449009895324707 0.4871987998485565 0 0.7615203261375427 0 0 0 0 0 0 0 18.98247560858727 11.41542229056358 4.342913970351219 74.45744473487139 7.518630094826221 117.076367020607 16.03103860467672 1044.146253220737 5.654372148215771 1.48501193523407 4.944767013192177 3.777133569121361 0.541414201259613 5.182565920054913 2.624260246753693 7.169574856758118 0.7485911846160889 0.1191501095890999 0.5852870941162109 0.4480085074901581 0
171.686272367835 6770.304210625589 862.7635807842016 264.3363184630871 0 14.82001021504402 4628.565117567778 94.5944772362709 4767.819915674627 211.6315960735083 909.4091903567314 54.68420457839966 391.293796941638 280.0118186026812 42.50756869465113 0.9988784193992615 0.124903105199337 0.4261063188314438 0.4443948715925217 0.1259662508964539 0.4757121577858925 0 0 0.8055096641182899 0.4806143492460251 1.298286005854607 0.346093624830246 0.8601385504007339 0.9439069926738739 0.9151072725653648 269.6049250289798 109.3230112940073 16.88076710700989 0 0 0.123399056494236 14.05328533798456 1.105741329491138 1.748708382248878 0.1502660512924194 0.5734788477420807 0.8864805027842522 0 0.2468788102269173 0.3919053673744202 0.3368279933929443 244.0549878925085 18.80415588617325 0.6373958885669708 1.782760813832283 11.01607809215784 0.8834782093763351 0.4039301127195358 1.011210463941097 2.705981366336346 9.732222698628902 21.90742544084787 147.9362240433693 5.361555382609367 84.86226516216993 1.494543693959713 2.174030542373657 0 198.001197502017 18.97337168455124 21.77008602768183 17.75831769406796 13.82274828106165 0.9730318114161491 1.026772208511829 40.42901876568794 1.897210836410522 0 323.9127659499645 136.5376681834459 273.5281074047089 69.99894738942385 2.028011783957481 1.560155972838402 14.90749835968018 2.074423082172871 5.129658967256546 58.38039407134056 0.2787919491529465 24.20440771430731 10.38046663254499 7.936484448611736 0.2156664207577705 11.86801118403673 0 2.231739081442356 2.229441478848457 0.6536593735218048 2.147724889218807 2.267072029411793 23.79453757405281 2.152886420488358 0 2.937055662274361 20.10935920476913 0.3088235855102539 0.176271989941597 1.411752730607986 4.65286286175251 0 13.7853667140007 2.620593994855881 4.403331205248833 10.15051975846291 17.86553214490414 0.1911931782960892 16.18026529252529 19.4454408288002 28.2781266272068 11.68499812483788 0 0.266155332326889 0 0 0 0 0 0.2033531069755554 0 0 0 0 0 0 0 0 0 0 0 0.4290691167116165 0.2060971707105637 0 0 0 7.63477623462677 0.4202027320861816 7.990615978837013 0 0.1736921072006226 0 0.2188102453947067 0 0 0 0.2908467352390289 0 0.74831223487854 0.4719768315553665 0.8736419379711151 0 0 0 0 0.2234560921788216 0 0.2566543444991112 0.8906031101942062 0.4397352263331413 0 0.3756578266620636 0 6.615640506148338 0 0.4508828222751617 0 0 0 0.5267522931098938 0 0.1324805617332458 0.3947301208972931 31.00702930986881 0.8539414405822754 0 0 0.5053971484303474 1.231381937861443 0 1.343619555234909 1.090446650981903 1.384460687637329 0 0 0 0 0 0 0 0.620883397758007 0.1783334910869598 0 0 12.66710157692432 10.64313693344593 2.28942896425724 367.4601681381464 57.14581789076328 450.3650113269687 81.77678364515305 103.1371498778462 31.98082361370325 3.826623655855656 55.34212540090084 7.942782454192638 0.1031281650066376 4.206723652780056 5.610257178544998 3.82559709250927 0.2828862816095352 0 0.3205583393573761 2.717850506305695 0.1221577674150467
101.8953102231026 223.493694677949 23.65745323896408 530.037754714489 14.82001021504402 0 219.466011300683 8.280276075005531 37.68662415444851 805.2629982233047 18.92311736941338 423.318356320262 300.4716413766146 84.78075966238976 1.873113907873631 1.906559586524963 0.1643993258476257 0 0 0 0 0 0 0.1643491089344025 0 0 0 0 0 0 57.00443281233311 0 40.84240907430649 0 0 0 44.80542919039726 0.2260126173496246 6.487188413739204 0.200822651386261 0 0.1052567884325981 0 0.1915232986211777 0 0 1.960410594940186 0 0 0 0.5890461206436157 8.271625205874443 2.16119247674942 0 0 0.9141915291547775 407.4412017464638 122.6784122288227 16.24241614341736 0.3437688648700714 0 3.515761971473694 0 0.4546610563993454 0.08791286498308182 0 0.1003028452396393 0 0 0 178.2963891625404 177.4223002642393 18.4816412627697 16.98061919212341 1.629210859537125 0.7729849219322205 1.516615271568298 0.3643216043710709 0 29.95608034729958 0 10.86264391243458 0.3088510930538177 1.041514083743095 0 0.1013113558292389 0 11.87793427705765 3.673544049263 19.12543664872646 1.749848857522011 6.139190763235092 0 0 0 625.7595117837191 234.9134483784437 34.785688996315 42.41049706935883 797.9236756712198 0 0 0.5136982947587967 2.610025227069855 0 8.387653306126595 5.478102892637253 0.8213138580322266 15.94414657354355 16.43706676363945 0 7.848638519644737 10.05474500358105 8.792938634753227 0.7082671821117401 0 0 0 0 0 0 0 0 0 0 0 0 0 0 0 0 0 0 0 0 0 0 0 0 2.029316693544388 0 1.357422694563866 1.317715302109718 0.5318885892629623 0 0.1878665536642075 0 0 0 0 0 0 0.5080786794424057 0.2134856730699539 0 0 0 0.1939448863267899 0 0 0 0.5271456837654114 0 0 0 0 1.088228985667229 0.7088890671730042 0 0 0 0 0 0 0 0 3.149885386228561 2.681844681501389 0 0 0 0 0.2611503601074219 0.32699254155159 0.2115425914525986 0 0.3520731925964355 0 0 0.1417296677827835 0 0 0 0 0 0 0 4.852815195918083 2.385403886437416 1.977649465203285 5.500665932893753 2.995299309492111 5.016420193016529 0.4746307134628296 481.5554342865944 7.789644837379456 0 1.649100497364998 0.3051278740167618 0 0.533040776848793 0.1074397191405296 8.175806328654289 0 0 0.3325296640396118 0 0
864.2186477035284 6817.709839396179 119.7489573732018 1331.721977949142 4628.565117567778 219.466011300683 0 21.57914722710848 3350.205436244607 1193.301144704223 1103.815628416836 212.0874089449644 2591.196968279779 1979.267092563212 46.39365796744823 4.034288108348846 0.1421913355588913 0.2421660274267197 0.3549102619290352 0.3789399266242981 0.6515858471393585 0 0.3364319801330566 1.527325250208378 0.1302325576543808 0.7069250121712685 0 2.234499864280224 0.5619756728410721 0.1206387802958488 152.8619039282203 82.69571623206139 29.84183146804571 0.1414772570133209 0 0.1360034495592117 22.60980039834976 0.8633153140544891 3.460073664784431 0.9922126531600952 1.183093056082726 3.303315356373787 0.1770215481519699 0.8171549960970879 0.9660373851656914 0.5415769964456558 352.85353513062 39.05657102167606 0.2624698504805565 0.8579050749540329 22.76709988713264 1.46604885160923 0.1179401427507401 1.237726666033268 8.656758978962898 22.61525624990463 119.3976346552372 479.9505156427622 8.968268223106861 138.8542343527079 0.5562208816409111 4.38927998393774 0 224.0727966502309 44.19250306487083 52.76417393237352 37.81591832637787 23.70486050844193 1.337549850344658 0.5086595565080643 79.45511424541473 1.105634778738022 0 925.497076831758 252.8133804500103 346.9349745735526 71.42308071255684 1.131408974528313 1.877511143684387 8.460623279213905 1.340329706668854 8.682742811739445 138.0394919961691 0.8234568610787392 53.64938073605299 24.78398845344782 14.26119658350945 0.2137339785695076 18.59966138750315 0.1232668235898018 4.509489335119724 4.482807613909245 1.832399122416973 2.018297433853149 5.446438901126385 127.6090135574341 7.299655184149742 0 6.283977881073952 224.685070976615 0.6136828362941742 0 10.43647843599319 16.36631652712822 4.226049453020096 58.89774237573147 14.22101065516472 15.33542633056641 58.76343230903149 72.72742083668709 1.394533857703209 63.49848011136055 58.78345070779324 97.91465958952904 31.07672153413296 0.7206523269414902 0.3031726479530334 0 0 0 0 0 0 0 0 0.3988180458545685 0 0 0 0 0.2251093834638596 0 0 0 1.560910508036613 0.435828685760498 0 0 0 14.33039706945419 0.5866582840681076 12.95057129859924 0.614069014787674 0.3272481858730316 0 0.146742194890976 0 0 0 0 0 1.899736344814301 3.800553873181343 0.2970505058765411 0 0.3146973997354507 0 0 0 0 0 2.237091563642025 0.8289649486541748 0 0 0 15.74493652582169 0 1.06304520368576 0.2164532840251923 0 0.09686847776174545 0.5178319066762924 0.5601421073079109 0.557555302977562 0.1750266849994659 70.82164692878723 0.605619341135025 0 0 0.7276254892349243 2.334481045603752 0 2.268109321594238 0.917120099067688 1.548252195119858 1.009218439459801 0 1.3288604170084 0 0.3457156270742416 0 0 0.6148757040500641 0 0.1222816407680511 0.1758423447608948 40.11425203084946 23.15433713793755 9.809892162680626 549.2820180803537 80.34227651357651 901.8513175323606 127.8303665071726 1092.212844200432 47.56991241872311 12.38400299847126 67.73109040409327 11.31960509717464 1.006032258272171 10.58301434665918 12.20441626012325 9.274779036641121 0.8594581335783005 0.5285974591970444 2.042265474796295 2.863009214401245 0.4089329093694687
176.862191811204 1401.972800299525 5924.909575037658 8.85691199451685 94.5944772362709 8.280276075005531 21.57914722710848 0 379.4009349867702 6.801065981388092 2432.22244232893 7.312628030776978 382.6011440306902 2594.074469156563 44.58719497919083 17.53878506273031 2.755335465073586 1.914266228675842 0.9738924503326416 2.209134459495544 12.92121946811676 0 4.167066238820553 1.962749563157558 1.436821803450584 1.219313755631447 0 0.6388379335403442 0.5405481606721878 0 930.5386833250523 1548.10403675586 191.74656714499 3.623023316264153 1.845814853906631 1.360072135925293 13.30444222688675 9.358899831771851 3.112011909484863 2.879624277353287 5.557902544736862 1.852458588778973 5.707087367773056 12.68870994448662 4.370213642716408 9.859217070043087 126.3955750539899 11.65208564698696 1.067371197044849 4.212038494646549 12.48521687090397 0.2981419265270233 0 0.8408228084445 1.277963131666183 4.01593840867281 24.72520295530558 231.2851953133941 1.474854782223701 51.16730949282646 11.77527272701263 9.906829327344894 2.803003564476967 900.9456959813833 8.305292651057243 12.28869371861219 9.61470303684473 26.73738367110491 19.12192416191101 34.36427398771048 15.07204404473305 0 0.1091680824756622 234.130047865212 169.8858382478356 204.3020501807332 429.9502993822098 248.5954045727849 322.7490111142397 2154.888372503221 50.6423824429512 959.6922925710678 22.70685646682978 0.2963920310139656 10.09723450243473 4.042989209294319 17.18508494645357 0.4189844578504562 3.582873143255711 0 1.295056417584419 1.437603980302811 15.23451358824968 5.883906997740269 2.528375700116158 23.90015599131584 3.466086223721504 0 0 31.35513450205326 0 0 0.3556898832321167 0.2415989190340042 0 2.298395648598671 0.185621052980423 0.9517376273870468 1.51931557059288 0.9831923395395279 0 2.286105990409851 3.663406148552895 5.25708281993866 1.056773811578751 0 0 0 0 0 0 0 0 0 0 0 0 0.3005831241607666 0 0 0 0 0 0 0 0 0 0 0 2.174497067928314 0.3823642507195473 2.537853315472603 0 0 0 0.1329312324523926 0 0 0 0.1485591679811478 0 0 0 0 0 0.3801014125347137 0 0.1840410083532333 0 0 0 0.2464495003223419 0.2182797268033028 0 0 0 0.5750226378440857 0 0 0.1067797914147377 0 0 0.5190673321485519 0 0 0 4.450021490454674 0.3628087341785431 0.1643133163452148 0.1272735148668289 0 0 0 0 0 0 0 0 0 0.4431592971086502 0 0 0 0.1177790015935898 0.228938490152359 0 0.3413021564483643 2.020991012454033 1.940011814236641 1.934690833091736 192.3321729823947 28.18364997208118 204.782830901444 44.41725756973028 63.27668513357639 14.67092764377594 2.131232537329197 34.2906484529376 1.814766980707645 0.3185495436191559 1.124164834618568 3.291875898838043 0.177650660276413 0.1113910749554634 0.2239564210176468 0.1093862131237984 2.296504527330399 0.3851835876703262
85.88172303140163 2192.32416138798 516.2023086771369 355.8179859668016 4767.819915674627 37.68662415444851 3350.205436244607 379.4009349867702 0 589.7435081601143 5311.875343121588 248.1725582629442 2285.319673113525 2527.627499841154 79.92937782406807 14.98122661560774 0.3435898125171661 0.2504714801907539 0.5833776369690895 0.463362418115139 1.083862289786339 0 0 0.2437107861042023 0.3433145880699158 1.15550822019577 0.3344198167324066 0.5795485228300095 1.369890302419662 0 95.48578154295683 44.1588296815753 81.47745510190725 0 0 0 46.02285169064999 1.207433097064495 9.054368197917938 2.798350848257542 0.398767925798893 0.7829521372914314 0 0.9382497221231461 0.3827760145068169 0.683825671672821 248.0710446983576 9.757991276681423 0.5529754310846329 0.6736473441123962 8.843372084200382 0.1171600297093391 0.1841832399368286 1.99995868653059 0.7821007817983627 6.21048442274332 12.08834452927113 60.05421124398708 5.844417862594128 74.95764026045799 2.446877002716064 5.254753246903419 0 108.3656051233411 8.074153773486614 11.58618149161339 9.204177245497704 8.953313924372196 1.216092690825462 1.746242880821228 197.7277006804943 3.337491050362587 0 198.6412486359477 80.59974986314774 303.591263897717 124.2060907706618 7.763829171657562 0.995058000087738 26.92466935515404 1.40289007127285 7.726675510406494 28.00326362252235 0.2160965278744698 10.51013105362654 5.124082013964653 5.963292323052883 0.236188605427742 6.989348269999027 0.1314913034439087 2.633557662367821 2.088680826127529 0.4231154248118401 2.074852399528027 5.904615372419357 176.6137843877077 5.141902215778828 0 9.315275460481644 19.59733521938324 1.525080040097237 0.7701369225978851 19.66695463657379 24.91520653665066 3.864009857177734 99.21317052841187 21.06286227703094 33.71338103711605 113.2901190072298 125.0803502500057 6.449542641639709 154.7339388877153 152.7282432764769 239.665992975235 94.46957260370255 1.81405533850193 0.4296157658100128 0 0.138411819934845 0 0 0 0 0 0.226896807551384 0 0 0 0 0 0 0 0 0 3.436197504401207 0.9631431102752686 0 0 0 45.31965339183807 3.073519840836525 20.57053129374981 3.114235132932663 0 0.2167944610118866 0.3770560175180435 0 0.1844666302204132 0.1723263710737228 0.1884608417749405 0.1992938071489334 2.180198058485985 11.43295899033546 0 0.3550258278846741 0 0 0 0.1598112136125565 1.469324916601181 0 6.021751582622528 3.583643272519112 0 0 0 41.04985213279724 0.2961044311523438 0.6370713710784912 0.1604287922382355 0 0 0 0.3287061154842377 0 0.4683148115873337 188.5821961387992 4.385761439800262 0 0.5331929177045822 0 9.0955451130867 1.333920419216156 2.674923971295357 5.297494500875473 1.469489380717278 3.996603891253471 0 1.457150295376778 0.6414907276630402 0.1346113532781601 0 0 0.2974486798048019 0 0 0 125.485565662384 54.33797806501389 11.99329009652138 754.333797775209 103.2863519564271 434.7423778921366 131.2457708492875 120.0511976778507 59.02342577278614 2.564576990902424 118.0024039819837 14.55359104275703 1.783968821167946 25.53355352580547 12.44654939323664 22.50384013354778 2.316766001284122 0.3461609482765198 6.672582596540451 3.614414364099503 0.5748721957206726
2328.2688934654 609.0894980058074 8.45737736672163 2641.45314668119 211.6315960735083 805.2629982233047 1193.301144704223 6.801065981388092 589.7435081601143 0 22.43970276415348 3313.858103349805 9364.884351983666 669.5202693343163 6.9340650588274 1.83623032271862 0 0.2537029087543488 0.2734328359365463 0.5665925145149231 0 0 0 0.2456458359956741 0 0.1171730011701584 0 0.3318018168210983 0.1477960348129272 0 28.03421641141176 7.00825247168541 146.1521746665239 0 0.2119682133197784 0 99.61161534488201 1.898688346147537 7.719718545675278 0 0 0.149929091334343 0.1796916872262955 0.131405308842659 0 0 69.42644394934177 6.173666276037693 0 0.1434969007968903 2.073607601225376 0 0 0 1.721121266484261 6.906616128981113 164.0510721951723 238.0855849981308 4.80991093814373 17.64922679960728 0 16.37841796875 0.3291876912117004 18.21855020523071 8.295961923897266 7.874971449375153 5.846344001591206 4.53843342512846 0.3557134941220284 0.1793683618307114 277.4705744236708 7.121543765068054 0 262.1651066318154 38.10448674112558 51.35997495800257 9.213303923606873 0.3010508120059967 0.1136223077774048 13.48295973241329 0.1055570840835571 5.428631141781807 26.81572165340185 0.5239729210734367 9.673004031181335 4.801104083657265 2.314846187829971 0 2.624978743493557 0 0.9222212582826614 0.1414476782083511 0 0 0.1401947736740112 531.6320953369141 15.97559230029583 0 16.92938110232353 792.7193843126297 2.294572308659554 3.347528651356697 29.41378058493137 67.55600230395794 7.769325152039528 133.8449833542109 60.24283577501774 34.0465257614851 355.7825756520033 304.7343105971813 4.892807647585869 196.583145737648 386.0091680586338 421.2504669874907 65.33438736200333 0.7892748117446899 0.5966795831918716 0 0 0 0 0 0 0 0 0 0 0 0 0 0 0 0 0 5.585968434810638 0.9211309552192688 0 0 0 44.31777563691139 3.48536491394043 28.86835408210754 3.355887904763222 0 0 0 0 0 0.2823732793331146 0 0 3.094882935285568 8.094344705343246 0.9021350294351578 0 0 0 0 0.2715184986591339 0.7332880944013596 0 3.570810064673424 3.795215532183647 1.304929688572884 0 0 30.33642145991325 0.6761678904294968 2.945935606956482 1.17180772125721 0.1321915984153748 0.1587004065513611 0.3257639408111572 0.234465092420578 0 0 113.500097066164 4.620929971337318 0.6284570097923279 0.2113747298717499 0.2673341035842896 9.719213679432869 1.087260484695435 4.957338839769363 5.620221056044102 0.5465604737401009 2.386787787079811 0.5285426676273346 0.6295043677091599 0.8768769502639771 0 0 0 0.3307426571846008 0 0 0 118.9660242050886 38.02863630652428 17.83615157008171 212.6574016138911 15.20628090947866 192.3400189802051 26.89074292778969 1481.710198648274 12.1375359967351 2.411335967481136 22.90884855389595 6.807339929044247 0.8500471115112305 17.76560653746128 5.572752140462399 35.91396710276604 1.196335554122925 0 3.691250771284103 0 1.367779344320297
419.5106954574585 6120.451049149036 6702.886511340737 26.27091493457556 909.4091903567314 18.92311736941338 1103.815628416836 2432.22244232893 5311.875343121588 22.43970276415348 0 17.59843322634697 1458.32623167336 7304.197310939431 105.008422665298 47.68594321608543 2.199343949556351 1.279184721410275 1.315384536981583 1.631450869143009 6.84037858247757 0 5.066062860190868 2.557368993759155 1.562548369169235 1.485560894012451 0.6331897601485252 0.7332580983638763 0.3951946422457695 0.6496012061834335 1011.252323918045 400.7920502349734 316.8726113885641 2.239142268896103 3.4256362169981 6.032844439148903 58.12384496629238 22.57122565060854 3.460515409708023 4.819384530186653 10.62255902588367 1.564157664775848 1.033934436738491 5.986116454005241 1.17654213309288 1.473264336585999 229.3723018020391 12.18892921507359 0.4467697814106941 2.389443457126617 23.25457295030355 0.5633138567209244 0.1283219158649445 1.187267571687698 2.459238842129707 6.399458281695843 34.91627608984709 273.2903914451599 3.661315187811852 75.71448290348053 1.600924856960773 12.67744048684835 1.589562982320786 331.3889996632934 11.13784194737673 17.6804226860404 15.8545593470335 26.2442821636796 12.14622011780739 25.69553168863058 77.97867728024721 1.380237653851509 0 307.3464943990111 156.1942938938737 360.1359332799911 226.5625658407807 23.00408705323935 25.60847952961922 1352.49043559283 1.717180654406548 53.15817277133465 43.29889609664679 1.027745299041271 16.54183501750231 6.739597417414188 6.89447570592165 0.2011206224560738 7.686039716005325 0.1044184118509293 3.675502210855484 2.587069913744926 18.0261999219656 8.60954649746418 3.14503663033247 97.04541030526161 15.07266140729189 0 2.543920531868935 55.08116967976093 0 0 1.464242026209831 2.148589983582497 0 6.977643802762032 1.804070472717285 1.147592693567276 5.992798835039139 8.262076556682587 0.1786011606454849 10.61657540500164 13.15530566871166 24.17410829663277 12.02750863134861 0 0 0 0.5036976337432861 0 0 0 0 0 0 0.3167609572410583 0 0.6547298431396484 0 0 0 0 0 0 0.8320845663547516 0 0 0 0 6.34696289896965 0.7431931495666504 4.189711913466454 1.091636478900909 0.8604063987731934 0 0.1818165481090546 0 0 0 0 0 0 1.023991726338863 0 0 0.4881898760795593 0 0.3217553794384003 0 0 0 2.30008439719677 0.6284249424934387 0 0 0.3742510676383972 4.364797085523605 0.5817002058029175 0 0.3768783658742905 0 0 0 0.3207689672708511 0.1823106110095978 0.2312277108430862 24.07074755430222 0 0 0 0.3284413516521454 0 1.045910060405731 0.4044828414916992 0.3492315411567688 0.2774996757507324 0.2975561022758484 0 0.1674118340015411 0.3608101606369019 0 0 0 0.760450154542923 0 0.1296530067920685 0 9.860418796539307 13.50888977944851 3.113456293940544 487.7955779582262 67.73800531774759 412.0097834616899 109.8557024151087 113.6988782957196 42.1312350705266 4.203951969742775 77.6897816285491 10.21736197173595 0.2528516724705696 3.786443874239922 5.487042978405952 0.169507622718811 0.2421087026596069 0.4869940504431725 1.765253096818924 2.918222516775131 1.46067214012146
162.9408652037382 19.92795272171497 2.489440307021141 536.9135830402374 54.68420457839966 423.318356320262 212.0874089449644 7.312628030776978 248.1725582629442 3313.858103349805 17.59843322634697 0 3090.562706395984 238.990894690156 18.85076636075974 23.49612031877041 0.8817966133356094 0 0 0 0.476020485162735 0 0.3546143174171448 2.499929636716843 0.6634335517883301 0.8992460668087006 0 0 0.1690499633550644 0 2.520613625645638 0 156.8887655735016 0 0 0 163.1519994735718 24.62092152237892 18.46020735800266 19.92648881673813 3.380963146686554 1.178297564387321 0.2203321754932404 3.996816366910934 0 3.007106944918633 37.43171806633472 0.6122961640357971 0 0 3.127493657171726 0 0 0 0.1275700330734253 0.903965175151825 18.7424229234457 5.657579615712166 0.2895495891571045 4.548858746886253 0.6125518828630447 14.61754001677036 0.2305969297885895 2.414318010210991 0.5870746895670891 1.143501937389374 1.270707249641418 1.044450156390667 0.1823920607566833 1.647485747933388 183.3073382675648 3.506704539060593 0 32.31398975849152 10.93570949137211 27.88577787578106 15.37216073274612 5.823817744851112 0 20.7542419731617 0.3736891448497772 12.89114984869957 2.952541634440422 0.2168111354112625 0.3862512037158012 0.3397251814603806 0.303734079003334 0 0.7917225137352943 0 0.1169603243470192 0 0.8969497680664062 5.945157080888748 0.9465508162975311 1181.327995613217 18.05490744113922 0.680087149143219 8.647526651620865 105.3923358470201 1.589473605155945 1.258952379226685 12.51334182918072 27.35584634542465 1.873866975307465 99.8331772685051 25.44384816288948 22.42499352991581 93.58472567796707 108.1788335591555 4.230520039796829 105.149594604969 125.6932693719864 176.1233880221844 31.94009321928024 0.6663922816514969 0.1990903466939926 0 0 0 0 0 0 0 0 0 0 0.3358702063560486 0 0 0 0 0 0 1.858980536460876 0.1915372908115387 0 0 0 20.48846007883549 0.2255408614873886 12.50815919041634 3.582046762108803 3.248438253998756 0 0.4724764227867126 0 0 0.1645902544260025 0 0 2.189984917640686 5.495137542486191 0 0 0 0.6396790742874146 0 0.1683440655469894 0.5533575564622879 0 3.101977095007896 1.861200585961342 0.1837426722049713 0.599631130695343 0.2840654253959656 18.83360451459885 0 0.6348160430788994 0.1416419148445129 0.4740049988031387 0 0.3070040568709373 0 0 0.1215199157595634 90.12816622853279 4.025699496269226 0 0 0 2.82513527572155 0.2012010514736176 1.218256682157516 5.496840909123421 1.783400803804398 1.918121978640556 0.2576681673526764 0.8512490689754486 0.1770032197237015 0 0 0 0 0 0.2729133367538452 0 105.4730223864317 21.67056493461132 8.791482985019684 196.5555241107941 20.14716291427612 74.3871091529727 23.51691006869078 175.7089819610119 6.65343676507473 0.1533167064189911 29.96677151322365 5.510833941400051 0.9091360718011856 9.130949534475803 4.005556635558605 14.48469468951225 1.507250905036926 0.1179159283638 0.4978124648332596 1.506549715995789 0.5181539058685303
177.8773428499699 291.7743994295597 95.39022929221392 1174.592070490122 391.293796941638 300.4716413766146 2591.196968279779 382.6011440306902 2285.319673113525 9364.884351983666 1458.32623167336 3090.562706395984 0 3933.157413482666 124.5358754247427 63.77311553806067 1.665155172348022 0.1397375017404556 0.1723984479904175 1.330232262611389 1.586988806724548 0 0.4365081191062927 1.240756124258041 0.412170335650444 1.286287292838097 0 1.883257314562798 0 0.1299846470355988 40.39868749678135 17.56035717576742 385.4677334651351 0.3695025146007538 0 0.1828330606222153 156.1846208423376 45.0016124099493 16.72838965058327 23.69923649728298 10.50293257832527 2.082759708166122 0.7016746252775192 6.664426326751709 0.7217350527644157 0.7675538808107376 180.4322131574154 5.020102597773075 1.061274752020836 3.311544418334961 10.39969512820244 2.081634998321533 1.127418547868729 2.533262461423874 1.289788641035557 4.842326268553734 26.67346823215485 42.85525631159544 4.274379223585129 41.83988226950169 2.04897728562355 15.14807611703873 0 38.85541233420372 5.220167681574821 9.152671158313751 7.61571354418993 6.579975381493568 1.253401920199394 5.261700123548508 239.4338693767786 7.520690053701401 0 146.0691558942199 47.13412979990244 240.9011960029602 119.7970364764333 23.87193264067173 0.5051423013210297 43.32374012470245 1.663587361574173 9.223830096423626 14.62347313016653 0.2509504854679108 7.617175899446011 6.103860698640347 4.907316826283932 0.1027030721306801 3.542338743805885 0.1952940970659256 2.52095603197813 2.146376572549343 5.16930428147316 9.663812920451164 4.566498890519142 2046.662516102195 29.70254808664322 0 12.71767550706863 115.8132082223892 4.581576362252235 3.663507983088493 43.59355598688126 78.54547637701035 6.299567475914955 245.8470545262098 68.43179760873318 64.7695988714695 243.1887214779854 278.6738238483667 7.184309139847755 362.8083441108465 358.0740967988968 477.770474255085 134.7342541366816 0.6718035042285919 0.5039735436439514 0 0 0 0 0 0 0 0 0.2279936224222183 0 0.6567147076129913 0 0 0 0.3622883558273315 0 0 4.593126311898232 1.815299570560455 0 0 0 61.85853400826454 2.003947377204895 23.8460004478693 5.200735077261925 1.346018999814987 0.5788568407297134 0.2881413102149963 0 0 0.7576143741607666 0.4981110095977783 0 5.728809103369713 9.480233609676361 0.5159505009651184 0 0.7665454149246216 0 0.618322491645813 0.3412845283746719 0.6703933477401733 0 9.720115311443806 4.56770122051239 0.5384378284215927 1.120258033275604 1.556512862443924 47.50053685903549 1.042984992265701 1.964742183685303 0.9959030449390411 0 0 0.2863353937864304 0.1369467228651047 0 0.472190797328949 332.0053655803204 9.052094221115112 0.3924521803855896 1.398439273238182 1.032903328537941 9.043516054749489 0 4.65176722407341 6.569089964032173 3.52083495259285 5.71713499724865 0.7284928560256958 1.870260447263718 0.7132128924131393 0 0 0 0.3527333289384842 0.2640705406665802 0.770508885383606 0.4363366663455963 299.2502746582031 83.6920345723629 21.0477264970541 949.4327003881335 131.73919121176 391.5121870562434 157.2844397872686 261.6768404841423 51.9334871172905 2.934674583375454 169.9870252907276 22.07802440971136 0.7649508565664291 32.25595512241125 11.35565737634897 34.5745482891798 2.81977978348732 0.4703331589698792 7.754536539316177 8.547347158193588 2.759517550468445
