0 6217.969304695725 371.3106818571687 1437.32514398545 765.4290902465582 287.6715305745602 1018.169693998992 41.39667434990406 486.6371086463332 662.1932852044702 298.295340359211 235.0210346803069 284.7349863648415 81.62996442615986 6.409444972872734 4.376605935394764 0 0.1028175950050354 0 0.1608255356550217 0.2875701040029526 0.2192182987928391 0.2516393065452576 0.1273511946201324 1.354621171951294 0.1585186868906021 0.5575676262378693 0.2691237330436707 0.2313393801450729 0.3868962377309799 867.1944162249565 8.674868769943714 13.28713949024677 0 0.09580538421869278 1.932984210550785 22.02012715488672 1.703914538025856 2.544167004525661 1.970814570784569 0.5692537799477577 0.1065765097737312 0.8414081931114197 0.8159309029579163 0 0 29.92833092808723 2.319533914327621 0 0 0.7561730444431305 0 0 0 24.04146100580692 8.440412580966949 414.7486126795411 777.1753434464335 38.53370990604162 13.28551459312439 0.8203718662261963 2.115337528288364 0.1262320429086685 6.886947013437748 11.55341640114784 1.74194210767746 1.586144499480724 0.3185630142688751 0.6590438932180405 0.5371008887887001 43.02187394350767 13.82545457780361 0.781563937664032 304.622878305614 27.83894274383783 26.5297601595521 5.731881387531757 2.323407605290413 1.426924742758274 35.98707169294357 0.4934118315577507 5.736320324242115 27.74765707552433 0.1148467883467674 1.774517588317394 4.72621213644743 0.6096100360155106 0 0.8262277767062187 0.6775553971529007 0.4535702168941498 0 0.8625653609633446 0.1493698209524155 0 96.86951329559088 3.022761523723602 1.341071128845215 1.056823164224625 2000.378048807383 1.098841309547424 4.952113837003708 6.214450165629387 0.829652726650238 0.4670863151550293 6.981981620192528 2.044524937868118 5.292018428444862 78.26466780900955 14.9190758317709 0.7095563262701035 5.72720655798912 9.223487541079521 9.913272373378277 5.223136149346828 0 0 0 0 0 0 0 0 0 0 0 0 0 0 0.1127663478255272 0 0.3711520433425903 0 0 1.681662894785404 0.349506676197052 0 0 0 1.710860632359982 0 2.385290920734406 0.3530855178833008 0.1268405169248581 0 0 0 0 0 0 0 0.3406057953834534 0 0 0 0 0 0 0 0 0 0 1.331632539629936 0.2256274968385696 0 0 6.662811070680618 0 0 0 0 0 0 0 0 0 5.011644050478935 0.5762301683425903 0 0 0 0.3801321238279343 0.4625498801469803 2.010278895497322 0.3842046558856964 0.242876261472702 1.00122007727623 0 0 0 0 0 0 0 0 0 0 1.485228143632412 0.4022954851388931 0.3779483437538147 53.96118547022343 9.106115713715553 76.84152982383966 24.30989128351212 923.2825100049376 15.60410276800394 3.015641748905182 8.527396693825722 4.095901742577553 0.208577573299408 1.877147421240807 0 16.6396052390337 0.1335234045982361 0 0.1303113251924515 0.4216819703578949 0.3962546288967133
6217.969304695725 0 1482.689426898956 1317.14589818567 6288.820555195212 460.3922031223774 2559.448228545487 176.8116109445691 1601.72643237561 1074.171888366342 936.6299176290631 140.1565372943878 375.1812467202544 362.9395701512694 40.0948309674859 14.16598464548588 0.4034498929977417 0.6308246701955795 0.1029957830905914 1.72819309681654 0.7374748885631561 0 1.000702187418938 0.7271190509200096 4.748690873384476 1.201772123575211 3.167688496410847 0.7933935895562172 1.616289973258972 1.05450414866209 2705.232530519366 37.61891733855009 36.75348823517561 0.6975953653454781 1.767244391143322 3.818166710436344 49.33782031387091 2.736515559256077 5.757983043789864 3.852622777223587 3.462039604783058 0.5687978342175484 2.123489744961262 2.714184649288654 0.7677597105503082 1.786671221256256 162.2496612519026 22.41461659967899 0.9127985388040543 3.054053477942944 3.170516073703766 0.5832139849662781 0.09809139370918274 0.3225829303264618 73.68126908689737 20.70667238533497 230.4419703111053 800.7942225560546 52.41278693825006 65.60399542748928 4.24544508010149 6.453890047967434 0.5435905009508133 63.22402726858854 39.75728595256805 10.10756123811007 6.809744596481323 2.312013819813728 4.440342582762241 3.184206686913967 43.68888480216265 3.083461195230484 0 533.0703856572509 134.6079930588603 179.4877195134759 23.18783045560122 13.43099481612444 11.67865827679634 97.88301371783018 5.12419181317091 22.78565658628941 123.9843531325459 1.172523744404316 18.07374994456768 13.31898328661919 3.902790874242783 0.9492635428905487 4.986325368285179 0.1106001958250999 0.5387891456484795 0 4.991499297320843 0.6372817233204842 0.4663691967725754 97.7323011085391 1.033755213022232 0 1.172668032348156 1662.667309932411 0.9802540838718414 7.069824367761612 12.51407779753208 1.433157056570053 0.8471598029136658 13.09852364659309 3.897517055273056 10.37222157418728 593.1289649009705 27.73709088563919 1.618356853723526 12.53261816501617 18.74825133383274 17.44529337435961 15.08411477506161 0.6147905588150024 0 0 0 0 0 0 0 0 0 0 0 0 0 0 0 0 0 0 2.890021614730358 0.5492943525314331 0 0 0 5.096535220742226 1.247944936156273 5.901831299066544 0.8516936004161835 0 0 0 0 0 0 0 0 0.5114724040031433 0 0 0 0 0 0 0 0 0 0 0.1816991418600082 0.6326346099376678 0.2806573808193207 0 15.92917548120022 0 0 0.66951784491539 0.09051932394504547 0 0 0 0 0 10.09807292371988 0.5618872493505478 0 0.142165333032608 0.1443369537591934 0.8910805135965347 2.385273009538651 2.754213236272335 1.323650181293488 0 0.895755872130394 0 0 0 0 0 0 0.2643819078803062 0.1380399316549301 0 0 1.887531235814095 1.02067169547081 2.131368160247803 290.5907766446471 46.5151204764843 287.9227027222514 58.61672180145979 1217.92106038332 26.79258850961924 3.688036240637302 23.96609811484814 20.54736833274364 0.4192162156105042 2.792522072792053 0.3799365907907486 28.51427252590656 1.532311946153641 0 1.905297189950943 1.495483607053757 0.3452601730823517
371.3106818571687 1482.689426898956 0 12.72376372665167 1289.646091714501 11.32670558989048 120.8634833544493 3487.395994514227 1069.405765660107 46.20550371706486 3638.463870458305 47.23750101774931 218.8393990024924 516.6914025470614 68.52738235890865 40.02527680248022 4.830235190689564 14.36280778050423 1.256568320095539 48.01151119917631 24.80247084051371 0.3294636458158493 46.32710960507393 37.09625539928675 110.7994206547737 4.080076649785042 74.9580110013485 1.662254892289639 4.853770814836025 9.558109484612942 6810.306998752058 893.6306627616286 122.1261891275644 17.80446370691061 60.78893376141787 50.09774789214134 139.8593368157744 31.19740206748247 10.6945465952158 27.47980777174234 44.62966110557318 5.546098843216896 38.35580050200224 12.09932316839695 7.781297206878662 12.83347035944462 189.3189692944288 24.69683163613081 3.912148594856262 32.242769703269 14.9672688767314 0.1987749487161636 0.8005101382732391 1.903172314167023 52.60817592591047 17.45879130065441 103.6301599666476 1037.340152733028 31.06587529182434 55.66759778559208 77.88634286820889 78.40868033468723 36.64495800435543 425.7797586321831 32.54593392834067 15.41974464803934 9.310688436031342 27.34495702385902 82.48245105147362 126.475391484797 71.51999313384295 9.512311264872551 0 405.9477067515254 246.9040570855141 247.3372083902359 61.79314206540585 31.90979158878326 503.6342872157693 1281.2619221434 61.41362420469522 864.0451965853572 91.19741671532393 1.06700836122036 15.2239049449563 14.06108359247446 57.54779719561338 0.185419388115406 7.097246952354908 0.2145882770419121 1.514901474118233 1.192749537527561 100.7366745471954 2.582863956689835 1.057009093463421 49.05385108292103 4.932676166296005 0.08246764540672302 1.265797883272171 235.8290845155716 0.4569482505321503 1.979105532169342 4.430874735116959 0.2240594774484634 0.7940542250871658 9.056063890457153 1.33333282917738 1.917905166745186 9.639284275472164 9.366585552692413 2.61203870177269 8.749329760670662 12.742630623281 10.8667356222868 10.47158298641443 0 0 0 0 0 0 0 0 0 0 0.3102279603481293 0 0 0 0 0.1601581871509552 0.1542171984910965 0.531045526266098 0.6070698499679565 3.390846937894821 0 0 0 0 8.762214191257954 0.3433990478515625 6.512802958488464 0.9553781449794769 0.6411710605025291 0 0.1756251305341721 0 0 0 0 0 0 1.370869323611259 0 0 0 0.1441540420055389 0.2905078828334808 0 0 0 0 0.1514165848493576 0 0 0.2398494482040405 10.6642357930541 0.4406372010707855 0.2554522454738617 0.1347356885671616 0 0.2044314742088318 0 0 0 0 10.8362246081233 1.80279316008091 0 0.07976652681827545 0 0.2460433393716812 0.8691288679838181 3.845124259591103 0 0.8700435310602188 0.1427281200885773 0 0.1532631814479828 0 0 0 0 0.9178646430373192 0.168413981795311 0 0 2.560755304992199 2.062319219112396 2.479910396039486 275.4785529896617 45.78266310691833 285.6633275002241 57.24592848867178 121.7639041766524 19.87212657928467 5.917508937418461 45.36957264691591 9.708119973540306 0.2636960372328758 0.9249418303370476 0 11.22493785619736 0.6159665286540985 0 0.3346777111291885 1.780306309461594 1.158055990934372
1437.32514398545 1317.14589818567 12.72376372665167 0 219.4465213939548 212.6792034953833 907.3752836957574 0.5386980548501015 73.26797533780336 1679.919476911426 4.821557521820068 857.437885209918 1385.143166333437 24.39906847476959 4.251600876450539 1.940177835524082 0.2751313671469688 0 0 0.3780444413423538 0 0.2576670348644257 0.128455862402916 0 0 0 0.08672334998846054 0 0.395038053393364 0 93.94835962355137 2.236496821045876 0.5318989604711533 0 0.2045982480049133 0.1112217754125595 14.12947714328766 0.6913726106286049 0.6814827620983124 0.2227153033018112 0.456201434135437 0.1376892030239105 0 0.7049323469400406 0 0.2796853631734848 22.26137448847294 2.608140006661415 0 0.124397024512291 0.7715555429458618 0 0 0 15.85363232344389 3.757689125835896 58.80555580556393 107.8571591228247 10.61292806267738 10.69046460092068 0.4398511648178101 0.9690712094306946 0 5.902691066265106 7.310837365686893 2.625741645693779 1.224079541862011 0.07824785262346268 0.3013796657323837 0.1952687650918961 44.46448408067226 4.293535575270653 0 98.82249292731285 16.78241671621799 28.20143685489893 3.067868359386921 0.5498353242874146 0.2912639677524567 2.674314357340336 0.1074954196810722 1.634703263640404 17.63200510293245 0.1114649623632431 1.438656993210316 2.463134467601776 1.145643904805183 0 1.220146887004375 0 0.2505594715476036 0 0.5550530999898911 0.1570098996162415 0.5898139402270317 165.4214019477367 1.841335624456406 0 0.1546727269887924 414.2862918674946 0 5.813437923789024 11.71933047473431 0.3139522671699524 0.6355094313621521 9.248909503221512 4.013021044433117 5.383573278784752 217.3917341679335 15.84675893187523 0.6812866032123566 11.80196236073971 11.11890137195587 15.72867018729448 6.99892583489418 0 0 0 0 0 0 0 0 0 0 0 0 0 0 0 0 0 0 0.1945064663887024 0.489325076341629 0.1183067038655281 0 0 0 2.321982331573963 0 3.256460413336754 0.449196994304657 0.3428356945514679 0 0 0 0 0 0 0 0 0 0 0 0 0 0 0 0.1816120594739914 0 0.4605370312929153 0.2476707845926285 0 0.4028675258159637 0 4.99705645442009 0 0 0 0 0 0 0 0 0 3.85738068819046 0.8910952284932137 0 0 0 0 0.3821739256381989 2.070076256990433 0.6613214612007141 0 0 0 0 0 0 0 0 0 0 0 0 3.553307309746742 0.6127038449048996 0.8774136304855347 51.0821049362421 6.672009617090225 45.96741058677435 8.690650068223476 540.4883051663637 4.867739588022232 0.6963965594768524 5.373110376298428 6.084722958505154 0.219736821949482 1.345421887934208 0.1182929500937462 28.56997050344944 0 0.1162326484918594 0.1670977473258972 0.1810147762298584 0.5913132429122925
765.4290902465582 6288.820555195212 1289.646091714501 219.4465213939548 0 28.6706503033638 5884.469047613442 135.4488306194544 2387.831103481352 369.5411523208022 484.0697795301676 321.0894157141447 608.5516468212008 1058.17864125967 49.69365636259317 12.74909905344248 1.195910237729549 0.5794499590992928 0 0.9108140394091606 1.071256123483181 0.2027169615030289 1.451114326715469 1.219251796603203 5.177965499460697 1.036041215062141 5.73407357186079 0.7531241402029991 2.217412531375885 0.7287601679563522 349.0227513238788 30.78815715014935 18.27460274100304 0.600774735212326 2.040896557271481 2.887083381414413 32.36908965557814 2.174956262111664 3.821268849074841 2.511481121182442 1.728926442563534 0.765443280339241 1.436115272343159 3.036082543432713 0.4453016817569733 0.9328446239233017 138.4438789486885 15.35765434801579 1.48709873855114 1.077804036438465 2.783648274838924 0.1402986347675323 0.3098382502794266 0.9854164868593216 27.51726304739714 8.876533068716526 36.85669322311878 118.3707541003823 19.06984867155552 42.64535463601351 2.631908051669598 7.449408851563931 1.102527804672718 48.53064416348934 18.97916150838137 8.080506205558777 4.376264303922653 2.017898224294186 2.52438972890377 5.708787858486176 49.59763323515654 4.977275297045708 0 156.282528065145 64.55178986489773 129.9032843261957 30.24999295920134 12.91224684566259 15.83002337813377 75.62484187632799 2.935640826821327 29.81378878653049 56.36237309873104 0.419586069881916 9.131993383169174 8.08340747654438 4.166912660002708 0.09776224941015244 4.028169833123684 0.5569979771971703 1.226781025528908 0.8315612599253654 3.643315225839615 0.6305690407752991 0.9318931996822357 152.2433651834726 3.590859606862068 0 1.603114366531372 77.15637313574553 0.4505958259105682 5.847545892000198 11.75914715230465 3.084604501724243 2.968090876936913 16.47780196368694 5.868281215429306 13.41358431428671 30.96682001650333 39.64354021847248 2.952604174613953 22.9775955080986 30.40581773221493 31.30048257857561 21.83712465316057 0.2919267416000366 0 0 0 0 0 0 0 0 0.7458520531654358 0 0 0 0.09267690032720566 0 0 0 0 0 3.062307424843311 0.2169648259878159 0 0 0 7.247626669704914 0.7815541923046112 6.547583989799023 1.972474843263626 0.5603224784135818 0 0 0 0 0 0 0 0.525589793920517 1.222556747496128 0 0 0 0.3012504875659943 0 0 0 0 0.1226287931203842 0.1410241574048996 0.2456900924444199 0 0 18.80746014416218 0 0.2619430720806122 0 0 0 0 0 0 0 11.65613959729671 0 0 0.1191582381725311 0.1867843121290207 2.2827989757061 1.497573390603065 4.227607637643814 0.7383115738630295 0.5508631765842438 0.8535957485437393 0 0.2632782161235809 0.1067942827939987 0.267231822013855 0.1481173932552338 0 0.284143440425396 0.1605431288480759 0 0.3561374843120575 8.48771245777607 1.241220980882645 3.394886933267117 257.4635640308261 39.47308062016964 221.0326948985457 39.15507767349482 186.5413580238819 18.59742884337902 3.570212908089161 23.41104826331139 11.15470087528229 0.1261860430240631 3.406553663313389 0 26.12488524615765 1.010324954986572 0 1.536786943674088 2.075401246547699 0.4711349457502365
287.6715305745602 460.3922031223774 11.32670558989048 212.6792034953833 28.6706503033638 0 130.2815027236938 1.087732516229153 24.87967158854008 269.5231844186783 12.67786847054958 117.3586056232452 106.7415372431278 8.150576293468475 0.2499544396996498 0.09726934880018234 0 0 0 0 0 1.897845730185509 0 0 0.1355662941932678 0 0 0.1306630522012711 0.7227043509483337 0 50.0805684030056 0.461951807141304 4.486611440777779 0 0.09473642706871033 0.2159800380468369 29.49786652624607 1.164506196975708 12.91654719412327 2.261171959340572 0 0.2671405747532845 0 0.1415894478559494 0 0 1.304834067821503 0.2003484219312668 0 0 0 13.4935526996851 1.391942501068115 0.5206814706325531 2.055410988628864 0.2356653362512589 56.14146883040667 45.23494405299425 4.407593578100204 0.9218064844608307 5.143218696117401 7.202550336718559 0.4488987624645233 0.1451989114284515 0.2573725953698158 0.2174867689609528 0 0 0 0 104.9394453912973 369.946208268404 8.201517030596733 14.69300838559866 0.6455885767936707 2.961468569934368 0.4496195912361145 0.8997067362070084 0 2.221838876605034 1.10340528190136 3.076474666595459 2.108969159424305 2.063948258757591 0 1.662005089223385 0.105102926492691 10.71515974402428 4.442459873855114 22.40739929676056 0.2988559305667877 1.433009475469589 0.09802795946598053 0 0.108654148876667 162.1968699544668 31.68371826410294 25.94289082288742 17.41248786449432 242.0846804827452 0 3.07840621471405 3.936401963233948 1.344739720225334 0.7228905558586121 4.804768443107605 1.797469556331635 4.190723441541195 19.00143174827099 13.05486555397511 0.9938207119703293 3.326272547245026 7.050401292741299 5.936494842171669 1.807325929403305 0 0 0 0 0 0 0 0 0 0 0 0 0 0.1998083740472794 0 0 1.682670548558235 0.6014768481254578 0 0.4897895753383636 0 0 0 0 1.559076800942421 0.4362159371376038 3.159665822982788 2.570215046405792 1.518165960907936 0 0 0 0 0 0 0 0 0 0 0 0 0.2787274420261383 0 0 0 0 0 0 0 0 0 1.808349117636681 0 0 0 0 0 0 0 0 0 3.163790740072727 4.416217744350433 0 0 0 0.1056408733129501 0.8787716031074524 0.2080820351839066 0.1462534219026566 0 0.195671334862709 0 0 0.2534954845905304 0 0 0 0.2479167431592941 0.2100928723812103 0 0.2076303958892822 4.255535006523132 0.693335548043251 4.157218918204308 7.628204174339771 0.9873258173465729 3.773337513208389 0.9568153619766235 112.6825826913118 0.522759884595871 0.2752402722835541 1.405655473470688 4.130708992481232 0 1.226766645908356 0.1693864911794662 18.32690614461899 0 0 0.171483039855957 0 0
1018.169693998992 2559.448228545487 120.8634833544493 907.3752836957574 5884.469047613442 130.2815027236938 0 41.21947541832924 1835.203914299607 2557.078156419098 63.84471479058266 843.984009809792 5114.463179625571 527.6567749232054 56.72150740027428 10.75225588679314 0.3853211253881454 0.7991741821169853 0.1153323352336884 1.628323920071125 1.53712785243988 0 1.493652611970901 0.3948878198862076 2.915272481739521 1.669421799480915 1.247982084751129 0.5364939272403717 1.896769031882286 1.177216693758965 131.8945772945881 28.95855253189802 9.400823801755905 0.4092687591910362 2.481767594814301 1.668471693992615 35.01802626252174 1.871432296931744 5.20852568000555 2.492050506174564 1.419784285128117 1.00909785181284 1.473542019724846 3.377649612724781 0.3488902449607849 1.265016078948975 199.3902756422758 25.95922731608152 2.159244678914547 2.012195944786072 3.833827808499336 0.1178238540887833 0.2212062925100327 0.5154474601149559 55.85541482269764 16.58023232221603 71.90640519559383 143.9281265586615 29.72157309949398 65.12389899045229 3.048542216420174 6.276993997395039 0.6352255567908287 55.3287608474493 33.40735875070095 8.960493862628937 6.210786826908588 1.399229817092419 2.494548827409744 2.973874382674694 89.28593654930592 8.115526095032692 0 268.5904879570007 84.85555994510651 193.2601537555456 26.99504264444113 9.871585816144943 9.462478324770927 45.70931517332792 3.36182963103056 26.56364128738642 98.04979280382395 0.5694146677851677 14.07640857994556 13.30721361190081 3.949730344116688 0 4.913053929805756 0.5860090851783752 0.9410561919212341 0.3684771507978439 3.407502956688404 0.5673877075314522 0.7254330441355705 366.3252425044775 7.77270419895649 0 1.932679653167725 184.6456950306892 1.06955399364233 9.409237816929817 20.21108374744654 3.103348731994629 3.535141095519066 25.98179477453232 4.275217026472092 12.9158818796277 66.46127259731293 47.22426390647888 3.299146130681038 32.65606005489826 40.34005123376846 35.41864636540413 21.81843337416649 0 0 0 0 0 0 0 0 0 0 0.5096986293792725 0 0 0 0 0 0 0.1505949795246124 0 7.334726221859455 0.1874151676893234 0 0 0 8.395727701485157 0.5254175662994385 8.445052236318588 1.629976987838745 0.6489655524492264 0.2653248310089111 0 0 0.152585968375206 0 0 0 0.9380640834569931 0.7248929888010025 0 0 0 0 0.1872251182794571 0 0.4413071498274803 0 0 0.9346788227558136 0.5844301134347916 0 0 16.44695973396301 0.1479165852069855 0.247687503695488 0 0 0 0 0.125032514333725 0 0 16.74351251125336 0.2366487234830856 0.3528765141963959 0 0 1.797455757856369 1.715047493577003 7.336462140083313 0.1496471166610718 0.4723121523857117 1.209850110113621 0 0 0 0.123774342238903 0.1188059449195862 0 0.1932914778590202 0 0 0 6.017635032534599 2.195965677499771 1.91720762103796 442.2202828973532 45.27306577563286 335.1655123457313 47.73816077411175 624.4080865830183 20.27814059704542 3.75804940611124 39.33045160025358 21.63644893467426 0.4059294536709785 4.057852938771248 0 44.36854256689548 1.284828364849091 0 1.427998796105385 1.628555476665497 0.5829529762268066
41.39667434990406 176.8116109445691 3487.395994514227 0.5386980548501015 135.4488306194544 1.087732516229153 41.21947541832924 0 359.4301330968738 18.48427648097277 2831.966090634465 9.065160974860191 140.4795582219958 478.7036308124661 56.75418422371149 32.70871079713106 2.400640308856964 4.343422889709473 0 9.946975663304329 8.611408993601799 0 10.18776581436396 8.770841270685196 41.8702205196023 4.596728831529617 25.77167584002018 1.029982373118401 2.70226838439703 4.750957421958447 1294.830491371453 1629.923240102828 130.5526161640882 4.640821859240532 15.67137681692839 23.69913706183434 137.4938866943121 26.7626745402813 6.900130145251751 17.25354048609734 18.50405030697584 2.734574742615223 7.386554025113583 8.082480490207672 1.66522878408432 1.697217777371407 133.5930351912975 13.75606924295425 1.390758007764816 6.948782093822956 4.81774266064167 0.5106514692306519 0.230250746011734 1.026379652321339 18.6371496617794 4.525352358818054 23.15450255572796 178.5767806619406 12.87365414947271 30.06818545609713 19.56531602889299 31.53716956079006 8.918470524251461 233.5602934658527 13.81437589973211 6.51611752808094 3.005710266530514 10.33067341893911 14.38059983402491 27.33406897634268 43.7953557819128 5.874889358878136 0 115.6212339997292 82.55959965288639 137.8689554706216 59.74134480208158 55.98323587328196 1187.470590785146 1371.217555060983 81.47030326724052 1084.460498861969 40.90899588912725 0.2042510882019997 7.939270325005054 5.222359538078308 12.74331074208021 0.08426017314195633 2.586141884326935 0 0.6401346772909164 0.4409670531749725 25.15944158285856 1.809022963047028 1.145245656371117 15.08875937014818 1.586153335869312 0 1.738357089459896 25.66848853975534 0 0.1727841347455978 0.3958487659692764 0 0.5040765181183815 3.241821438074112 0.3787261247634888 0.5532377660274506 3.879840403795242 3.243985131382942 0 1.271503627300262 2.758134305477142 4.096564881503582 5.975222811102867 0 0 0 0 0 0 0 0 0 0.325821578502655 0 0 0 0 0 0 0.1990177780389786 0.2268033623695374 0 1.246255457401276 0.09144096076488495 0 0 0 2.909313857555389 0 1.550251126289368 0.5499993488192558 0.3519369810819626 0 0.1491017937660217 0 0 0 0 0 0.1237439885735512 0 0 0 0 0.2733268588781357 0.1132538318634033 0 0 0 0 0 0 0 0 4.167827963829041 0 0 0 0.106936864554882 0 0 0 0 0 3.841546505689621 2.36650313436985 0 0 0.1800089925527573 0.5654551535844803 0.1478001624345779 1.332490354776382 0 0 0 0 0 0 0 0 0 0.173732154071331 0 0 0 0.4076533168554306 0.7644091621041298 1.460664950311184 201.3865090534091 24.23333626240492 198.3361587896943 35.14091532677412 41.39391942322254 9.282835073769093 1.182930387556553 30.88211773335934 6.573974065482616 0.3270771354436874 1.777984946966171 0.151816114783287 1.586653515696526 0 0 0 1.408824518322945 0
486.6371086463332 1601.72643237561 1069.405765660107 73.26797533780336 2387.831103481352 24.87967158854008 1835.203914299607 359.4301330968738 0 551.7886015102267 913.4995923414826 499.053601577878 2783.541568398476 4764.27980953455 44.94631717354059 28.97700473666191 1.053591571748257 0.6761521846055984 0 1.616057671606541 1.723744533956051 0 0.9304630681872368 1.081611298024654 5.465182065963745 1.591397792100906 4.508232697844505 0.5487532839179039 1.559041127562523 0.7035189419984818 255.913696244359 26.919663451612 28.65118670463562 0.593629777431488 3.004258371889591 3.533241882920265 62.04758013039827 2.139734037220478 3.871340148150921 2.710455991327763 3.723890066146851 0.8669051676988602 2.179561004042625 7.054072387516499 0.150369793176651 0.9564850553870201 124.9164089635015 13.85467279702425 0.778239019215107 1.254135027527809 1.690808936953545 0.1140535846352577 0.1454082578420639 0.4562090337276459 23.14650458842516 8.414892606437206 26.70366938412189 92.6131766885519 14.42303125560284 33.00191644579172 3.146412916481495 6.015332244336605 0.570645809173584 39.7602316737175 13.67540370672941 4.830285586416721 2.367297627031803 1.364769585430622 3.516294665634632 4.188582219183445 101.8835684433579 9.4925307482481 0 125.0973263159394 49.19861230254173 116.5396288186312 35.03984838724136 15.5277915969491 14.24683348834515 176.7653622105718 2.449577085673809 26.18010398000479 42.46974673867226 0.4009889140725136 7.120802275836468 8.620962835848331 2.562027111649513 0 4.605548284947872 0.3838426619768143 0.5687527433037758 0.7606630697846413 6.019748687744141 0.6554103642702103 0.5507329553365707 402.2404174357653 3.621598973870277 0.3677778840065002 2.393375098705292 67.9314474016428 1.820404373109341 15.04969009757042 42.91811089962721 4.999604046344757 4.803592547774315 52.24885180592537 8.45264208316803 25.99265851080418 70.33769163489342 80.05450434237719 8.900956392288208 46.93303297460079 69.53269024938345 69.76474145799875 42.15676333010197 0 0 0 0 0.3008771240711212 0 0 0 0 0 0 0 0 0 0.279997318983078 0.3023843765258789 0 0 0 12.64123828709126 0.6931220591068268 0 0 0 15.89597947895527 0.1897448003292084 14.67454782128334 1.062034070491791 1.035245850682259 0 0 0 0 0 0 0 0.978034183382988 2.716755986213684 0.1986688226461411 0.2196798473596573 0 0 0 0 0.4932415783405304 0 0 0.6209061294794083 0.263425350189209 0.1928048431873322 0 32.35958327353001 0 0.4585633724927902 0.1988560855388641 0 0 0 0 0 0 29.84670252352953 2.048163264989853 0 0 0 1.803105428814888 3.275578618049622 12.85507617145777 1.30515792965889 0.5375947207212448 1.44742938131094 0.4606869518756866 0.6862003952264786 0 0 0 0 0.1796699836850166 0 0 0 16.88315399736166 4.610556840896606 4.202822744846344 316.9466525837779 33.01857943087816 211.3640180826187 46.56317315995693 178.2108901143074 17.55477556586266 2.479524224996567 42.81425175815821 24.73105968534946 0 4.954122975468636 0.1327343583106995 52.43654617667198 0.9624939262866974 0 2.231163755059242 2.487787529826164 0
662.1932852044702 1074.171888366342 46.20550371706486 1679.919476911426 369.5411523208022 269.5231844186783 2557.078156419098 18.48427648097277 551.7886015102267 0 61.29907342791557 2334.008255563676 9699.208602197468 274.1330936253071 15.88772337138653 6.13117827475071 0 0.2214845418930054 0 0 0 0.3084291815757751 0.1261823326349258 0 1.317536234855652 0.2218615561723709 0.1212418451905251 0.1555810123682022 0.7166787460446358 0.1467438787221909 40.8638368844986 4.23777362704277 10.57511340081692 0.16889688372612 0 1.598316736519337 105.7210299968719 0.6940687894821167 10.64892347157001 2.441661834716797 1.046969130635262 0.5304723232984543 0 1.273073509335518 0.186541959643364 0.3763388693332672 52.82357682287693 3.998715996742249 0.299454391002655 0.3839690536260605 1.117141246795654 0.7084534764289856 0.5456496626138687 0.1401357203722 18.14622039347887 3.812237530946732 110.0154160857201 60.21168864518404 16.54133135080338 15.61922307312489 0.5437557697296143 6.356544554233551 0 9.73665925860405 6.533340729773045 1.35359588265419 1.182789102196693 0.3513840138912201 0.5226500108838081 0.1175783276557922 438.1756751313806 31.71714866161346 0.4658969044685364 85.19443641602993 17.58991755545139 41.03584124147892 9.908551022410393 3.209468476474285 1.271732956171036 21.01357780396938 0.5007400214672089 5.642579831182957 24.55437474697828 0.2241134867072105 2.962683595716953 2.273903720080853 0.3246722742915154 0.4080932661890984 1.398727133870125 0.766079843044281 0.2040916159749031 0.2455283924937248 0.6774192154407501 0.156238779425621 0 987.3159114569426 13.49190001189709 1.306854605674744 9.538362421095371 763.5769641399384 2.288465321063995 22.93589815497398 37.32851835340261 8.418207854032516 6.636011511087418 61.74405796825886 12.72269515693188 27.58955561369658 212.3250915110111 86.19934621453285 8.214333735406399 53.3344644010067 68.51418490707874 67.1660218089819 27.12108565866947 0 0.8002385273575783 0 0 0 0 0 0 0 0 0 0 0.5882865786552429 0 0.1511536091566086 0 0.4291783273220062 0.3602628111839294 0.2577623724937439 10.86724273860455 0.2456459552049637 0 0 0 16.87565004825592 0.2562541291117668 12.52342467755079 3.251064330339432 1.208873435854912 0.3740462213754654 0 0 0 0 0 0 1.357696771621704 1.129478752613068 0 0.2441311031579971 0 0 0 0.6181256771087646 0.4932381808757782 0 0.1971429586410522 1.571529537439346 0.7862638831138611 0 0 29.62019101530313 0.393031507730484 0.814990721642971 0.4688001722097397 0.1903519332408905 0 0 0 0 0 22.61312051862478 4.468054473400116 0 0 0 1.600208513438702 1.38330540060997 9.540804103016853 3.348583310842514 0.6135752946138382 1.720494851469994 0 0.2292102426290512 0 0 0 0 0.2113573327660561 0 0.1383555829524994 0 16.70561087876558 3.25044684112072 4.006976321339607 203.5964223146439 14.40570323914289 104.581888653338 21.74687878787518 899.6851178258657 6.574871920049191 1.030646674335003 23.34220650792122 32.58522360771894 0 9.546658650040627 0.5913701802492142 93.4533938318491 2.497099786996841 0.9694851338863373 4.006739154458046 0.5984712690114975 0
298.295340359211 936.6299176290631 3638.463870458305 4.821557521820068 484.0697795301676 12.67786847054958 63.84471479058266 2831.966090634465 913.4995923414826 61.29907342791557 0 77.16799362748861 1149.733146965504 4641.499577403069 65.18129109591246 45.17471452057362 3.778756074607372 3.56464384496212 0.1262005120515823 4.833576776087284 3.703626051545143 0.3017262741923332 2.551167860627174 2.849312007427216 29.60607543587685 1.70320088416338 15.90833135694265 2.781061314046383 5.389506854116917 3.201294645667076 780.7142575383186 227.7600321993232 868.5151343941689 1.017196662724018 7.639976933598518 28.18006925284863 598.6126155555248 46.43181892484426 19.11550863087177 38.08433782309294 17.08380082994699 5.431520871818066 4.214899353682995 9.778600946068764 1.47609880566597 0.7439125776290894 147.374570839107 14.73275747150183 1.696712762117386 6.745114497840405 7.432004854083061 0 2.02969666570425 2.498850993812084 22.28569349646568 6.774230726063251 29.19078217446804 145.6816797628999 13.19425964355469 30.79061064124107 4.202629521489143 23.77760973572731 3.474658317863941 76.59874688833952 15.34500087052584 5.189801409840584 4.430024743080139 11.95020186156034 14.85401995480061 16.081203982234 226.3115451931953 18.20992999523878 0 118.5086273998022 63.07765448093414 134.9736061692238 57.45894594490528 29.37920575588942 262.7162624746561 1308.362866051495 6.570727244019508 99.8809263035655 43.6374629214406 0.3360434025526047 7.031073331832886 7.103659838438034 7.825878567993641 0.1343553364276886 3.060197487473488 0 0.5740935876965523 0.3899513632059097 22.04633630812168 1.559129744768143 1.53184836357832 100.2891395613551 5.986248634755611 0 1.786386914551258 53.11818409711123 0.2527919858694077 2.351466506719589 6.805262841284275 1.673550993204117 1.373137213289738 9.840618632733822 1.978658586740494 6.510150015354156 14.70361138135195 14.91394044458866 1.520105972886086 11.64846539497375 15.46684955060482 17.53949696570635 13.34439551830292 0 0.1678730249404907 0 0 0 0 0 0 0 0 0.1616491675376892 0 0.2205123454332352 0 0.199506089091301 0.1690363138914108 0.1293253749608994 0.8270532637834549 0 2.800916939973831 0.3183745741844177 0 0 0 5.643356904387474 0.8279971331357956 7.420456200838089 2.52409203350544 0.8790539652109146 0.2808312773704529 0 0 0.3343592286109924 0 0 0 0.4621126353740692 1.104529649019241 0 0 0.4456583857536316 0.3528234213590622 0.2695994675159454 0 0 0 0 0 0 0.3380867838859558 0.2164267152547836 13.80851835757494 0 0.1228434890508652 0.1488859951496124 0.133492723107338 0 0 0 0 0 17.49538619071245 4.624691635370255 0 0 0 1.530635021626949 1.132171668112278 5.547996953129768 0.6642105281352997 0.1041208803653717 0 0 0.2366618365049362 0 0 0 0 0.5828725099563599 0.1517917513847351 0 0 3.42461234331131 2.147698029875755 3.34591381251812 271.578164100647 30.98213092982769 217.5154266729951 44.03971298784018 109.0987447574735 16.34022640436888 2.254126787185669 44.16262695938349 9.69938238710165 0.8943361416459084 3.601682163774967 0.2470646351575851 13.84175005555153 1.138976365327835 0.1397678852081299 1.850773110985756 3.332984030246735 0.7195487469434738
235.0210346803069 140.1565372943878 47.23750101774931 857.437885209918 321.0894157141447 117.3586056232452 843.984009809792 9.065160974860191 499.053601577878 2334.008255563676 77.16799362748861 0 3339.280524417758 133.9594054892659 18.24495021253824 10.99509569257498 0.5548831969499588 1.348741553723812 0 0.4997873157262802 0.9433596655726433 2.00471219420433 0 0.1216399222612381 1.211049020290375 0.5216526687145233 1.595069587230682 2.612276583909988 3.653646014630795 1.054396495223045 16.49777978658676 6.141996212303638 28.88396303355694 0 0.1503719389438629 3.240746796131134 519.8672472983599 9.702482804656029 29.52507258951664 17.23014163225889 2.642461806535721 1.465459130704403 0.5546805486083031 1.67740723490715 0.1229015216231346 0.3536074012517929 47.27711403369904 4.267194077372551 0.2144640684127808 0.5460413098335266 0.777886800467968 5.791662618517876 12.90458044409752 2.43720044195652 8.888748981058598 2.723998203873634 24.83164294809103 19.09907230734825 7.655700653791428 9.784890949726105 0.7416131347417831 7.46087720990181 0 9.351530261337757 4.823876887559891 2.155629269778728 1.172749891877174 1.097714185714722 1.446448564529419 1.886903136968613 1158.410656027496 78.88062357902527 0.2020651251077652 51.84798063337803 9.737895272672176 32.06403318792582 17.75325240939856 9.574949234724045 0.3305567651987076 27.60057624429464 0.5315786600112915 9.877549715340137 17.39912390708923 0 2.285916335880756 2.122628144919872 1.5560217872262 0.6410743445158005 0.6264330446720123 0.4194250851869583 0.2386161163449287 0.2520297393202782 2.584352813661098 0.3605189621448517 0.9964169263839722 2095.349614113569 76.76652862131596 0.7271992713212967 18.06940391659737 94.97466064989567 1.639348447322845 19.9688740670681 39.12785114347935 4.766809478402138 5.803128212690353 67.91723281145096 11.29127226769924 24.89441076666117 89.23194897174835 89.79685420542955 12.6806218624115 59.35636831820011 86.08467815816402 98.87315033376217 50.27735473960638 0.223895788192749 0.6001359224319458 0 0 0 0 0.2601805627346039 0 0 0 0.5414436459541321 0 0.3142519593238831 0.4049331992864609 0.8528855443000793 0 2.470180854201317 1.587757125496864 0.6236501485109329 13.25856106728315 1.684743836522102 0 0.6789562702178955 0 26.45148054510355 0.5185649842023849 29.18207485973835 8.149453736841679 8.117568209767342 0.2647384405136108 0.5030691027641296 0 0 0 0 0 2.263889089226723 4.050003588199615 0 0.1642030775547028 0 1.367983430624008 0.4927123486995697 0.2145590335130692 0.8011528998613358 0 0.1929396390914917 1.763365715742111 0.3216156959533691 0 0 43.49725114554167 0.3218266665935516 0.4647533893585205 0.4718853980302811 0 0 0 0 0 0.2483657151460648 37.14027651399374 8.257915675640106 0 0 0 1.626661367714405 1.601315319538116 16.21979156136513 2.235118299722672 0.8921078965067863 2.001749128103256 0.3442805707454681 0.3488017171621323 0 0 0 0 0.2427215501666069 0.2121355980634689 0 0 23.43851092457771 9.746964782476425 9.485231034457684 259.5680583715439 11.57801143825054 121.9663977399468 23.06024388223886 447.3611773476005 5.98120990395546 3.133325025439262 42.9010283946991 28.67562754452229 1.388998188078403 13.42288999259472 0.3476888760924339 80.23510186374187 2.810928851366043 2.922279238700867 5.926185697317123 0.756381556391716 0
284.7349863648415 375.1812467202544 218.8393990024924 1385.143166333437 608.5516468212008 106.7415372431278 5114.463179625571 140.4795582219958 2783.541568398476 9699.208602197468 1149.733146965504 3339.280524417758 0 2645.983054712415 105.9263391718268 108.0463102087379 4.205158464610577 2.445212416350842 0 2.098387382924557 2.206906318664551 0.6870254278182983 1.60420174151659 1.319317050278187 15.61701438575983 2.868569776415825 7.618093870580196 1.643413156270981 4.372725792229176 1.687678121030331 70.18400891125202 31.32421300560236 709.4380695968866 0.3814780116081238 1.893351294100285 5.459369502961636 594.8047906681895 17.89638771861792 28.05994110554457 20.98841736465693 12.01618743687868 3.336287006735802 3.838628701865673 17.66226588189602 0.3124819323420525 1.071064934134483 165.2542321681976 10.11676335334778 1.506315007805824 3.447339475154877 5.023302666842937 1.090224303305149 5.638575360178947 1.22718833386898 18.41479441523552 5.621767908334732 39.67632648348808 53.39895758032799 12.97379742562771 23.07938259094954 2.476556845009327 8.756494931876659 1.011124104261398 33.36392325162888 11.6492358148098 4.299028597772121 2.193890646100044 7.548578649759293 8.709827207028866 11.04109272360802 1150.791536644101 84.31837616860867 1.356216281652451 93.12830897420645 24.28237120062113 118.7158791199327 85.28472390025854 53.74679604172707 5.563619248569012 329.076831959188 1.782342918217182 14.20218748599291 33.9200948998332 0.2879860401153564 6.667418569326401 5.641145698726177 4.845063872635365 0.7566889971494675 3.552785836160183 0.6851865276694298 0.8667964935302734 0.9726792946457863 14.34783548861742 2.323957771062851 0.4206397011876106 2781.150768451393 30.0212387740612 0.4960345774888992 5.047794543206692 112.0204376131296 4.376480020582676 24.57831740379333 65.37004155665636 9.747414842247963 15.03398368507624 125.3368387594819 17.18072478473186 59.62025203555822 225.9409963190556 184.1464721858501 24.01412037014961 131.3597277700901 196.5214984044433 197.593699298799 104.5485088899732 0.9146612882614136 0.2794091254472733 0 0 0 0 0 0 0 0 0 0 0.4199948310852051 0.372815728187561 0.308004766702652 0.1596138328313828 1.014599740505219 1.009492129087448 0.5343939065933228 35.05875314027071 3.312893010675907 0 0 0 45.42766927927732 1.155310019850731 43.58444140851498 4.839393027126789 2.63205935806036 0 0.164414569735527 0 0 0.2960415482521057 0 0.3841186761856079 4.621213860809803 6.735045678913593 0.255327120423317 0.4267500042915344 0 0 0.4373924285173416 0.3749988526105881 1.62621895968914 0.2493502721190453 0.8099779337644577 5.491776779294014 2.597381010651588 0.6251858174800873 0.2173530906438828 94.68285183608532 0.4227963387966156 1.201217547059059 1.805536843836308 0.1038037613034248 0 0 0.2100743800401688 0 0.1871283203363419 105.343402966857 13.20602276176214 0 0 0.1427940726280212 7.3986691609025 6.906895980238914 34.59042135626078 2.550572223961353 1.202286705374718 3.970196574926376 0.3501071035861969 1.173967748880386 0.2666515707969666 0 0 0 0 0 0.1782539784908295 0 41.76094906777143 15.43841356039047 12.1508606672287 579.7264419645071 38.775634303689 307.2734147310257 79.07530220597982 406.279955945909 19.00197357684374 4.963514752686024 105.6173170059919 48.48288509249687 0.2592125833034515 22.49242598563433 0.5318091362714767 118.6318334564567 4.324927568435669 0.1625770330429077 9.715078562498093 4.580373346805573 0
