0 4538.326421484351 112.8480697572231 1647.45746178925 594.8585177063942 47.0711520165205 1579.048293806612 3.372216328978539 39.59423609822989 407.0280200839043 75.80415417253971 169.3740441650152 279.5411841422319 114.8232191205025 2.327328816056252 0.4703399986028671 0.1233110204339027 0 0 0 0.1248517408967018 0 0 0 0 0 0 0 0.2008656412363052 0 266.7350099980831 1.116267532110214 12.6049557030201 0 0 0 7.874011225998402 0 0.1714174598455429 0 0 0 0 0 0 0.1513531506061554 18.08986580371857 1.355307549238205 0 0 0.6401997059583664 0 0 0 1.691654860973358 9.755061790347099 268.4747527763247 1064.186623483896 27.08540717512369 16.48108150064945 0 0 0 1.326893270015717 7.042068064212799 2.914604425430298 0.764570027589798 0.3127781003713608 0 0 19.00640487670898 0 0 167.9288284480572 14.06392908841372 20.63428746163845 0.6290478408336639 0 0.1402131617069244 2.367121070623398 0 0 29.01124623417854 0.3408071398735046 3.385966330766678 4.12792194634676 0.293365940451622 0 1.324629664421082 0 0.8585152551531792 0.5326691046357155 0.3853973001241684 0.1192708760499954 0 52.73852480947971 2.65435129404068 0 0 844.321979701519 0.4926345273852348 0 0.3476473689079285 0.1166672259569168 0 0.4835774749517441 2.291020050644875 0.8519880771636963 0 0.5786594450473785 0.3379120230674744 0.7978934347629547 2.190301418304443 5.124520093202591 1.963499054312706 0.2027394771575928 0 0 0 0 0 0 0 0 0 0 0 0 0 0 0 0 0 0 0 0 0 0 0 0.5134727656841278 0 0.6723075956106186 0 0 0 0 0 0 0 0 0 0 0 0 0 0 0 0.1608707308769226 0 0 0 0 0 0 0 0 1.206935852766037 0 0 0.1389575004577637 0 0 0 0 0 0 1.980402134358883 0 0 0 0 0 0 0 0 0 0.3145202547311783 0 0 0 0 0.2226981073617935 0 0.1488787829875946 0 0 0 2.040158405900002 0 0 49.69256491959095 10.56928048282862 65.9284361153841 3.179120302200317 671.3370732367039 62.33158317953348 2.168995842337608 9.945522077381611 0.7136330306529999 0 0 0 0.856058195233345 0 0 0.2856462299823761 0.2833745554089546 0
4538.326421484351 0 403.6140485703945 586.1994220614433 3497.396145194769 319.3249882310629 2577.045217037201 82.91648109257221 2679.519581601024 397.1991418749094 3961.214088082314 116.3309393674135 1695.64784681797 1525.565985441208 20.82309852540493 4.144193798303604 0.5477057546377182 0 0.199584037065506 0 0 0 0 0.1317182034254074 0.8417972475290298 0.3192819654941559 0.4299644082784653 1.029926717281342 0.1757300198078156 0.2441068440675735 2723.8620858863 4.167082399129868 114.8917915001512 0 0 0.4397393763065338 66.22691324353218 0.3109636604785919 0.6032366007566452 0.6930082589387894 1.385887444019318 1.067817628383636 0 0.1911669820547104 0.1527426391839981 0.1134552359580994 140.8056663274765 10.54445341229439 0.3579479157924652 0.1266406774520874 5.728307217359543 0.3806901797652245 0.1650812327861786 1.312148608267307 6.480439946055412 30.95503545552492 164.6652823612094 867.3907219395041 27.56823938339949 47.71724673360586 0.1599473357200623 0.7217335626482964 0 7.98394812643528 25.33253140002489 9.208322048187256 5.008322201669216 2.690792053937912 0.7283835560083389 1.342933170497417 95.65034300088882 1.273904219269753 0 298.2438415437937 39.50602820515633 38.21118645370007 6.443639740347862 1.105467587709427 0.2976980358362198 16.7941951751709 0.2986401319503784 7.326451025903225 69.33896084874868 1.972347535192966 7.385482013225555 12.87550774216652 3.084149785339832 0.4113727882504463 7.138888277113438 0.1383144855499268 7.167058043181896 3.803394638001919 2.644259743392467 1.657348044216633 1.232022225856781 44.80343878269196 0.6374730467796326 0 1.644563809037209 1951.949702009559 0.6852386891841888 0.1596411913633347 0.5427917838096619 1.025963976979256 0.3818676173686981 1.965473704040051 5.169057279825211 1.238448172807693 3.172679372131824 7.795058280229568 1.166650533676147 8.252750515937805 10.23633827269077 24.46929384768009 13.43699835985899 0.4703997075557709 0 0 0 0 0 0 0 0 0 0 0 0 0 0 0.4366014748811722 0 0 0 0.9955957978963852 1.045497551560402 0 0.6924521178007126 0 6.540072962641716 0.3792641758918762 2.02749440073967 0.6513461098074913 0.432233989238739 0 0 0 0 0 0 0 0.2550375163555145 0.3205113783478737 0 0 0 0.1355571001768112 0.8067956194281578 0 0 0 0 0.2579867616295815 0 0 0 3.866317838430405 0 0.1056381389498711 0 0 0 0 0 0 0 12.41997770220041 0.4473160356283188 0 0.1380425542593002 0.1108275204896927 2.033345952630043 0.5884953290224075 1.182301163673401 0.3720856532454491 0 0.1586408317089081 0.2602964341640472 0 0 0.1222730055451393 0 0 0.1886913478374481 0 0 0 10.86974242329597 2.568798124790192 2.347983196377754 135.0287109836936 52.0630452260375 336.4437465518713 26.36730962991714 554.012991964817 122.9449275285006 5.825315706431866 57.0370801538229 3.643022552132607 0.1819676756858826 0.8774489611387253 0 3.954112939536572 0.6873390078544617 0 1.049830436706543 3.55290949344635 0.2721434235572815
112.8480697572231 403.6140485703945 0 1.191843301057816 192.6340203136206 3.66206319630146 36.51409351080656 1194.899804063141 258.4193403422832 2.239709421992302 2198.044084668159 20.48264706134796 383.8787404224277 600.8834017366171 89.68026468902826 36.19641745835543 5.444333292543888 3.301101595163345 0.3050827533006668 11.07773358374834 11.21157643198967 1.232049226760864 0.6065835207700729 0.1612105071544647 4.696459166705608 2.549992322921753 0.6640523970127106 16.55612985044718 1.672100149095058 0.9738816916942596 6682.895493723452 340.7949136719108 165.6204162910581 0 0.4889652281999588 4.567617945373058 112.3103321492672 4.641227275133133 6.007784724235535 7.432457804679871 27.00854897499084 20.77477788180113 5.556276425719261 3.579658716917038 3.883830420672894 12.32236144691706 180.6014273911715 20.8517668992281 1.643592961132526 11.44770964980125 35.23780503869057 0.817587248980999 1.335402302443981 12.3032745718956 4.604309946298599 23.29081645607948 265.5516129657626 3757.377556532621 34.8680192604661 65.69290566444397 47.65700688958168 11.40420567989349 5.442767053842545 1156.041466705501 22.12148670107126 15.43971701711416 15.11642957478762 61.85794341564178 45.37978348135948 92.3544790148735 131.6262356340885 2.996535249054432 0.3053736388683319 525.78770326823 444.7990151494741 78.60180396586657 33.13897134363651 7.894389145076275 89.14189208298922 519.999431617558 73.80366440862417 487.9597756788135 72.10294529050589 1.754254214465618 12.53713033348322 15.39066170156002 39.72526231408119 0.6647900715470314 12.50736223906279 0.1465122848749161 10.6082369685173 4.131954707205296 55.74005053192377 14.38379321992397 3.349509976804256 29.92949716746807 1.621457025408745 0.2013657242059708 2.111934125423431 672.2236680835485 0.3526874557137489 0.8543545305728912 0.3072420656681061 1.569646641612053 0.4523651003837585 1.878644183278084 5.471250221133232 1.025485351681709 1.587258726358414 5.623691558837891 0.2547156810760498 7.728525720536709 8.484616249799728 29.21277215331793 13.34029673039913 1.215138211846352 0.1762549579143524 0 0 0 0 0 0 0 0 1.210535958409309 0 0.1159724444150925 0.6193919777870178 0 0.2885989248752594 0 0.4368067979812622 0.1206524297595024 1.68038360029459 1.282515615224838 0 0 0 8.127972021698952 0.4296188652515411 4.490003421902657 0.5810533985495567 2.101960234344006 0.2912325263023376 0.6863681077957153 0 0 0 0.260572075843811 0.350340723991394 0 2.632803469896317 0 0 0.147120475769043 0.2228039875626564 4.089555129408836 0 0 0 0.3118564486503601 0 0 0.3189452886581421 0.6297433972358704 4.70040562748909 0.3624802455306053 0 0.3160857260227203 0 0 0.3681727051734924 0 0 1.221975043416023 19.76809779554605 0.2455105930566788 0.1840450614690781 0.4404862970113754 1.091201275587082 4.991389214992523 1.781975850462914 0.8866178542375565 0.2850169539451599 0 0 0 0 0.4377677738666534 0.3889821618795395 0.2934608161449432 0 0.6527070701122284 0.1166493892669678 1.065474852919579 0.184249684214592 13.01623209565878 3.496456012129784 6.021152757108212 159.7258188277483 65.62190769612789 292.8520387783647 41.14272753149271 84.75883518159389 66.69788573682308 5.987011037766933 74.14896476268768 9.160922579467297 0.2510493695735931 2.774513281881809 0.4142305254936218 4.75299097597599 0.1516045778989792 0 2.449344500899315 4.32198891043663 0.2801773250102997
1647.45746178925 586.1994220614433 1.191843301057816 0 20.22222456336021 404.8830393701792 2035.124029584229 1.435163959860802 18.36102110147476 1873.235002920032 0.3841994404792786 1457.998784452677 1699.154559291899 107.0560515522957 0.5326991826295853 0 0.6050215661525726 0 0 0 0.1535360813140869 0 0 0 0.2457449734210968 0 0 0 0 0 31.06679178774357 0.5603424906730652 0 0 0 0 3.719705283641815 0 0 0 0 0 0 0 0.142577737569809 0 27.35997350513935 1.219790801405907 0 0 0.6372544839978218 0 0 0 1.435335583984852 4.487390443682671 32.52864104509354 124.1428289115429 5.856309831142426 6.989805147051811 0 0 0 0 5.516689941287041 2.310793548822403 0.8117469549179077 0.1945540755987167 0 0 11.19951249659061 0 0 49.83063241094351 5.89846459031105 6.297149911522865 0.1995832771062851 0.1389575600624084 0 0 0 0 14.32873694598675 0 2.46411919593811 4.056205980479717 0.4371850043535233 0 2.326414130628109 0 0.7293162569403648 0.1490754038095474 0 0.1685466319322586 0.4181079864501953 20.0883986800909 0 0 0 143.6396216899157 0 0 0 0.1966423690319061 0 0 0.9273078441619873 0.2806971669197083 0 0.6932024955749512 0 1.637382447719574 0 2.042205721139908 0.5475558489561081 0 0 0 0 0 0 0 0 0 0 0 0 0 0 0 0 0 0 0 0 0 0 0 0 0.1826272904872894 0 0 0 0 0 0 0 0 0 0 0 0 0 0 0 0 0 0 0.2260060012340546 0 0 0 0 0 0 0 0 0 0 0 0 0 0 0 0 0 2.211415812373161 0 0 0 0 0.2358078509569168 0 0 0 0.201213151216507 0 0 0 0 0 0 0 0 0 0 0 0.5803888887166977 0 0.270340234041214 27.77620524913073 11.31430412828922 71.2069528400898 5.263313010334969 219.4332471638918 30.60206525027752 1.259093165397644 13.59103322029114 0 0 0.7028670608997345 0 0 0 0 0 9.021941334009171 0.578549861907959
594.8585177063942 3497.396145194769 192.6340203136206 20.22222456336021 0 14.66926953196526 1959.450088620186 27.55673660337925 10190.69654922187 187.4852999001741 2024.19968020916 17.52372102439404 1941.944956883788 2316.594883561134 10.89722820371389 0.910844162106514 0.1424614787101746 0.123012363910675 0 0 0.1882456839084625 0 0 0 0 0.1170369908213615 0 0.1712277233600616 0.332779586315155 0 470.6794162616134 3.188662827014923 12.32525918632746 0 0 0 9.742942549288273 0 0.1834766417741776 0 0 0 0.2494390830397606 0 0 0.1254499554634094 121.5230589583516 9.676643751561642 0.1243548840284348 0.3463699817657471 2.650386691093445 0 0 0.3249681442975998 5.083829507231712 19.62421247363091 50.79862204939127 273.5033133625984 12.44329109042883 40.03143297880888 0.1381508857011795 0.2599187195301056 0 2.419115036725998 16.03253524750471 5.549160964787006 2.26465331017971 1.98706766217947 0.3418717086315155 0.2768382728099823 18.43614402413368 0.2317548394203186 0 140.2243177071214 27.01764613389969 22.610365845263 4.100212469696999 1.254873596131802 0 3.985157296061516 0 1.938978470861912 45.66845872998238 1.472029864788055 7.214463852345943 8.827956862747669 1.518607541918755 0.468816302716732 7.839678041636944 0.1877330094575882 5.684293963015079 2.83452882617712 0.5686921551823616 1.748210988938808 0.6207690164446831 30.1399510204792 0 0 0.10608821362257 213.2068666219711 0 0 0.3809614181518555 0 0 0.7962174266576767 0.4281282275915146 0.384038507938385 0.6990071833133698 2.742354556918144 0 3.319209352135658 4.699416235089302 7.002503618597984 2.998156324028969 0 0 0 0 0 0 0 0 0 0 0 0 0 0 0 0 0 0 0 0.376720167696476 0.294332355260849 0 0 0 0.9130743145942688 0 0.1998917758464813 0 0 0 0 0 0 0 0 0 0 0.2102114856243134 0 0 0 0 0 0.1734212636947632 0 0 0 0 0 0 0 0.2443465888500214 0 0 0 0 0 0 0 0 0 2.768384769558907 0 0 0 0.3342089653015137 0.7708456814289093 0 0 0 0 0 0 0 0 0 0.1700117141008377 0 0 0 0 0 2.298058703541756 0 0.184267595410347 118.1077191159129 50.08970538526773 252.524670124054 26.6049484834075 164.2503459379077 67.32684719562531 6.219346202909946 50.14437501877546 1.783487096428871 0.4016988426446915 0.2291968315839767 0 0 0.2092473953962326 0 1.644834324717522 1.719841241836548 0.3210101723670959
47.0711520165205 319.3249882310629 3.66206319630146 404.8830393701792 14.66926953196526 0 388.7100490257144 1.882740139961243 23.51541551947594 457.0446254611015 7.691799864172935 204.487303763628 308.5617668628693 37.27231124043465 0.724185049533844 0 0 0 0 0 0 0 0 0 0 0.1845131814479828 0 0.2224175184965134 0 0 2.953337162733078 0 24.1385543346405 0 0 0 18.55515809357166 0 0.5246454477310181 0 0 0 0 0 0 0.132040336728096 0.7684889584779739 0 0 0 0 2.464446172118187 0 0 0.203423410654068 0.261540025472641 293.6215926706791 92.07479030638933 0 0 0 0.6590513288974762 0 0 0.9196668267250061 0.1287107765674591 0 0 0 0 629.7778194993734 17.5790681540966 2.785778611898422 5.074607595801353 0.2077035158872604 0 0 0.2052581608295441 0 2.540116816759109 0 0.4668854027986526 0 0.6912244558334351 0.2223858386278152 0 0 5.237913355231285 0.6625606715679169 4.504005894064903 0 2.096662774682045 0 0 0 638.5073035806417 198.9913742542267 9.964182436466217 14.2245135307312 332.4099706113338 0 0 0 0.5076824873685837 0.1169644072651863 1.568623483181 0.2320108711719513 0.2209692299365997 0 1.414023190736771 0 0.880832239985466 0.7878887951374054 0.7963614463806152 0 0 0 0 0 0 0 0 0 0 0 0 0 0 0 0 0 0.1326198428869247 0.647502139210701 0 0 0 0 0 0 0.1578080505132675 0 0 0 0 0 0 0 0 0 0 0 0 0 0 0 0 0 0 0 0 0 0 0 0 0 0 0 0 0 0 0 0 0 0 0 0 0.5085958987474442 0 0 0 0 0.4341859817504883 0 0 0 0.7607098817825317 0 0 0 0 0 0 0 0 0 0 0 1.194569885730743 0 0.5352564305067062 44.25959111750126 1.99480527639389 2.479031533002853 0.176373302936554 288.6896616667509 2.065366551280022 0 0.4340768754482269 2.590299636125565 0 0.6334999352693558 0 3.008038878440857 0 0 0 0 0
1579.048293806612 2577.045217037201 36.51409351080656 2035.124029584229 1959.450088620186 388.7100490257144 0 11.21822516620159 525.0017605572939 3549.62669057399 69.09747098386288 685.2702027708292 3460.591227322817 149.6456065103412 52.88227017223835 3.41998927295208 0.8261360675096512 0.3163281381130219 0 0.157691165804863 0.7102129012346268 0 0 0.1606046706438065 0 0.7091344594955444 0 1.257953003048897 0.6206956207752228 0 389.6010093316436 12.13073283433914 19.40317166596651 0.1304872781038284 0 0 10.7375735938549 1.144192934036255 1.558224648237228 0.1224162206053734 0.5844868719577789 1.100054770708084 0.2970581650733948 0.1994408443570137 0.1689075976610184 0.3175183311104774 434.772270180285 20.65530193597078 0.4017477780580521 0.3505054116249084 12.10218933224678 0.2811464965343475 0.1542163193225861 1.378660418093204 12.0709016919136 63.07684673368931 182.3590537905693 678.598485969007 42.90978436917067 114.1625502407551 0.6643407195806503 2.894680708646774 0 17.45152724534273 53.5703796967864 20.6354745477438 8.69954638928175 6.729623630642891 1.700805433094501 1.885018363595009 48.40046742558479 0.5278215855360031 0 469.5882509946823 67.30347055196762 91.54492145031691 25.73401869088411 2.791634313762188 1.360375642776489 20.27677725255489 0.301268182694912 16.53020533919334 133.7904049828649 4.640176676213741 20.69710564613342 31.62921591103077 3.214909754693508 0.5727201700210571 20.22850273549557 0.3285456150770187 18.46300957351923 5.932160124182701 4.101588398218155 2.266850478947163 3.132711537182331 586.4808566272259 0 0 0.6961871087551117 386.3612201586366 3.188711643218994 2.767786681652069 9.014658033847809 10.30874542891979 2.204532504081726 20.36701087653637 51.13439975678921 11.84280820190907 25.61931100487709 58.21632744371891 6.068954408168793 102.4292026609182 98.97494214773178 202.5443880856037 84.69355954229832 2.14514485001564 0 0 1.013728141784668 0 0 0 0 0 0 0 0 0 0 0 0 0 0 0 7.623508118093014 2.620290920138359 0 1.338877558708191 0 23.67414596676826 0.4581851065158844 7.920604139566422 0.3495109081268311 0.3109001144766808 0 0 0 0 0 0 0 2.265752576291561 1.796297803521156 0 0 0.1632915735244751 0.4179459065198898 0.3058391213417053 0.1238820254802704 0 0 0.4912815988063812 2.755868062376976 0 0 0.6416264772415161 18.89724732935429 0.7571502774953842 1.112849995493889 0.2291556894779205 0 0 0 0 0 0 76.87748938798904 0 0 0 0.200594499707222 12.57096143066883 1.364122033119202 0 1.56330195069313 1.282868921756744 1.45848260819912 0.2350142151117325 0.9489985853433609 0.1545558273792267 0.2599533051252365 0.1434445530176163 0 0.6788704618811607 0.1431242674589157 0 0 82.45524671673775 4.715304762125015 3.728398248553276 757.0758204832673 150.831708393991 1055.433924667537 137.8968253061175 1068.966750524938 336.6314176097512 15.34060949087143 382.3045419380069 10.84487724304199 1.358111269772053 4.322958573698997 1.039430752396584 25.83679814636707 0.2843600511550903 0 12.97527538239956 13.24950754642487 1.421130359172821
3.372216328978539 82.91648109257221 1194.899804063141 1.435163959860802 27.55673660337925 1.882740139961243 11.21822516620159 0 1061.901989400387 2.720742225646973 3644.319282375276 13.64202971756458 367.1860438361764 723.1956097781658 184.5413009598851 79.76564856618643 9.113588660955429 21.7715992256999 1.585116118192673 60.62256839126348 69.90636572241783 5.403405874967575 2.967353992164135 2.807723328471184 13.4696387052536 8.798745214939117 6.284344933927059 43.75169532746077 4.836583979427814 1.092982992529869 1507.265554495156 1328.675434529781 223.9949291720986 2.280412726104259 4.032654777169228 23.14116953313351 211.7466203048825 14.56982357800007 15.16270137578249 18.52817006409168 137.8838659226894 48.42482186108828 18.8577878177166 10.91438513994217 6.125042900443077 95.93856723606586 378.5506263673306 26.70458651334047 6.578028805553913 37.6775000244379 98.54871579259634 4.026590019464493 5.621887646615505 31.45753025263548 5.55738428235054 26.80373412370682 104.0343815684319 711.4312479794025 13.03807394206524 87.42519229650497 229.7186299115419 30.73559018224478 26.09019638597965 240.5730805844069 27.15599210560322 35.75090076774359 32.8670901581645 118.5955968648195 109.5180580988526 304.6962702721357 160.950098335743 11.26520238816738 0.5902423709630966 361.3862297236919 191.0763555690646 135.0611357688904 119.4273303151131 126.9082693606615 1601.50867588073 3887.076768748462 400.0925579145551 2282.723556473851 56.44101499766111 2.262395203113556 13.72672585397959 24.76751741021872 89.45489268749952 1.22951777279377 21.54999610036612 0 26.66993384808302 9.961131155490875 193.2883370146155 44.24045650660992 11.7674387767911 23.21848092973232 1.476775020360947 0.4770073592662811 5.973722547292709 97.87759356200695 0.7503477483987808 0.5469395145773888 0.1638184636831284 0.872577041387558 0.2560405433177948 0.932884469628334 1.811645582318306 1.136344119906425 2.999896332621574 7.501597233116627 1.026752419769764 10.1486819460988 9.419243454933167 31.59623667597771 18.485671043396 1.070574752986431 1.166442602872849 0.156688317656517 0 0 0 0.175841212272644 0.315269410610199 0 0.5974539369344711 1.795939654111862 0 0.4453639909625053 0.6294307112693787 0.7307596653699875 2.246429331600666 1.460355080664158 1.608039267361164 0.2627974674105644 0.8584465458989143 0.8069954961538315 0.2361266314983368 0.2510656118392944 0.1316141486167908 11.21653757244349 0.1127395704388618 7.965033531188965 7.082002103328705 3.840784795582294 1.959009081125259 3.197092562913895 0.2387411966919899 0 0.2524717152118683 0 0 0.6416799128055573 1.194654315710068 0 0 0.2307971864938736 1.658322885632515 14.30271888524294 0 0 0 0.2267128974199295 0.4752959758043289 0 0.2862037718296051 0.1290692239999771 6.480048850178719 0.4372169375419617 0 0.4427614659070969 0.1138502657413483 0 0.5725565105676651 0.297788679599762 0.6933041140437126 2.001944810152054 18.33779598772526 2.143360704183578 0.4191315174102783 0.6806760281324387 2.874881207942963 4.085165925323963 2.434081599116325 1.897318959236145 0.1461807936429977 0.6054150313138962 0.3234139382839203 0.3355765044689178 0 0.8705058991909027 0 0.2058469504117966 0 1.431771129369736 0.962815597653389 1.515555411577225 0.2388956248760223 7.845056347548962 1.576681166887283 12.11280939728022 327.9771491065621 112.1114899069071 533.5475612953305 78.04410934448242 80.45271171629429 93.13974417001009 8.83756785094738 130.5227649956942 13.14699322730303 1.611789524555206 4.135083809494972 1.02051354944706 3.362428486347198 2.195506624877453 0 8.05137200653553 10.57710761576891 0
39.59423609822989 2679.519581601024 258.4193403422832 18.36102110147476 10190.69654922187 23.51541551947594 525.0017605572939 1061.901989400387 0 195.9106090962887 4373.510219983757 25.89381855726242 2853.617774643004 1754.631758317351 53.65933588892221 6.985943160951138 0.5567092597484589 0.4959465712308884 0 0 0.3085151761770248 0 0.1578961759805679 0 0 0.09567954391241074 0.1144788935780525 0.4593144506216049 0.2721727564930916 0.09670113027095795 279.6890657395124 17.29910107702017 21.7185211032629 0 0.228639230132103 0 26.97102724015713 0.1856029480695724 0.3952460438013077 0.1162688285112381 1.224231854081154 1.259858600795269 0.2013406753540039 0.4850629717111588 0 0.07820332050323486 319.0132329910994 9.790621802210808 0.337030827999115 0.2528500184416771 5.494958274066448 0.1432109624147415 0.3031065165996552 0.9594046324491501 3.404962450265884 24.20613370090723 60.57171040028334 203.5498512610793 16.95680552721024 59.8254020139575 0.500954195857048 2.203308925032616 0.4608339071273804 22.60859283804893 23.9017256051302 8.748510338366032 4.298187367618084 2.493346102535725 0.7343436181545258 2.305658623576164 41.7397201359272 0.1770677119493484 0 195.9403007999063 37.97417920082808 56.18760088086128 29.41074977070093 3.10424131155014 2.333226159214973 33.83328642696142 0.1222066655755043 31.70081406831741 45.48623035848141 2.06114000082016 7.648391045629978 13.95668208599091 2.286798015236855 0.2520355880260468 8.122865654528141 0.2225568294525146 6.73015134781599 2.625845938920975 2.988355793058872 1.71806488931179 0.7471109926700592 165.535646378994 1.192099966108799 0.2330184727907181 0.3370500504970551 54.4704744592309 0.7455531507730484 0.5998501479625702 1.000002101063728 3.492181435227394 1.83102659881115 7.359865084290504 16.71068352460861 2.601041719317436 6.068678736686707 25.57943326234818 3.02489310503006 45.76528503745794 36.02853497862816 86.26603382825851 38.04761932790279 0 0.3289408683776855 0 0 0 0 0 0 0 0 0 0 0 0.42247274518013 0 0.4522086679935455 0 0 0 1.877816513180733 2.264033570885658 0 0.2613524794578552 0 10.11064716428518 0.3017821609973907 2.5333057269454 0.9534431546926498 0 0 0 0 0 0.1307803690433502 0 0 1.579823911190033 1.688780665397644 0 0 0 0 0 0.3616378009319305 0.3219492435455322 0 0 0.9160760939121246 0 0 0 11.35537204146385 0.2610698342323303 0.3329271376132965 0 0.1217187345027924 0 0 0 0 0.2048228085041046 37.30009586364031 0 0 0 0 11.64661015570164 0.6518435925245285 0.2003772109746933 0.148544654250145 0.2549155354499817 0.7355989068746567 0.2024741917848587 0.1934162825345993 0 1.401267766952515 0.151758000254631 0 0.1102809384465218 0 0 0 30.30271220207214 2.97298139333725 2.775007694959641 503.7966984584928 81.23450557887554 640.4968299344182 90.13277626782656 353.9338616132736 184.3001666888595 8.681095153093338 291.2038867920637 11.70912352204323 1.767282947897911 2.433828696608543 1.675207585096359 10.81410127878189 2.092626988887787 0.6978048086166382 8.50558315217495 10.47322914749384 1.48781430721283
407.0280200839043 397.1991418749094 2.239709421992302 1873.235002920032 187.4852999001741 457.0446254611015 3549.62669057399 2.720742225646973 195.9106090962887 0 18.29361705482006 4018.902124911547 7102.58870048821 813.5814414024353 2.350702680647373 0.6300835162401199 0 0 0 0 0.2100563943386078 0 0.1740210950374603 0 0 0 0 0 0 0 14.86728464066982 0.6860378384590149 29.97720777988434 0 0 0 59.27019688487053 0 0.1555809378623962 0 0 0 0 0 0 0 25.1904459297657 0.1678977012634277 0 0.4812736809253693 0.5254241302609444 0 0 0 2.146084010601044 4.286837942898273 124.6340096220374 119.4785919487476 2.754548013210297 7.89829770475626 0 0 0 0.598596915602684 2.930270686745644 1.281582750380039 0.9444328844547272 0 0 0 473.1462577730417 1.826620936393738 0 41.04716608673334 5.269504621624947 6.677144728600979 1.330774798989296 0 0 1.18779644370079 0 1.271198391914368 8.938736744225025 0 0.76649259775877 1.232479467988014 0.3907307684421539 0 0.4237723872065544 0 0.4932194203138351 0 0.3241598904132843 0.5586604475975037 0 746.5690351575613 2.481320887804031 0 0 848.3157912790775 1.149745352566242 4.948525562882423 5.38119500875473 11.32911305129528 0.8494786322116852 14.33258999884129 41.29508291184902 3.493333399295807 18.34785498678684 30.25440244376659 2.903497830033302 54.72944357991219 47.7317820340395 88.7260505259037 31.04487830400467 0.4932674765586853 0.2492700964212418 0 0 0 0 0 0 0 0 0 0 0 0 0 0 0 0 0 1.232389569282532 1.876163706183434 0 0 0 7.864874050021172 0 1.409532308578491 0 0 0 0 0 0 1.412940740585327 0 0 0.2162177115678787 2.304765060544014 0 0 0 0 0 0 0.1284842938184738 0 0 0.6949497759342194 0 0 0 8.779959261417389 0 0 0.1989215165376663 0 0 0 0 0 0.2916496992111206 25.84278103709221 0 0 0 0 9.203116089105606 0.5457810163497925 0.426633358001709 0.5204635709524155 0.9460813701152802 0.4335626885294914 0.4741025567054749 0.4777091294527054 0 0 0 0 0 0 0 0 40.0620704293251 2.509825572371483 1.373415514826775 436.5043936520815 12.2009174823761 76.70167642831802 7.672698065638542 1452.852048367262 31.32931584864855 1.149434149265289 39.06446141004562 3.843372479081154 0.1237962022423744 2.0219437032938 0 17.48945106565952 0.1599356234073639 0 0.7935537248849869 3.964521586894989 0
75.80415417253971 3961.214088082314 2198.044084668159 0.3841994404792786 2024.19968020916 7.691799864172935 69.09747098386288 3644.319282375276 4373.510219983757 18.29361705482006 0 82.59547337889671 2509.975518241525 5112.357314430177 184.9447452351451 76.31866425275803 8.73389483243227 2.081977710127831 0.9868173003196716 3.873501092195511 20.53742522746325 5.68281814455986 1.244022637605667 1.183672249317169 19.47034141421318 12.56945464015007 10.98219421505928 15.31087830662727 4.988214999437332 1.445538394153118 1039.562911681831 174.7467307597399 2808.993883565068 0.7129267752170563 2.848867520689964 28.06417134404182 1071.491074696183 54.21972681581974 51.97362425923347 45.42884355783463 78.23975574970245 36.64805711060762 3.030618742108345 8.532721281051636 1.998216532170773 19.08049419522285 234.5674012377858 9.565468706190586 0.9803522527217865 4.61443417519331 74.20171450823545 5.590820804238319 17.16992270946503 14.8100076764822 2.117930099368095 11.99845065176487 43.46189195662737 231.739115037024 8.575122661888599 50.07261058688164 12.84400614351034 353.5032495856285 11.60189723968506 43.60007024556398 12.83624108880758 9.348707400262356 14.18854989111423 28.01705785095692 19.00343302637339 93.12817028909922 698.2062063589692 23.96700601279736 1.379724562168121 159.8480956852436 52.39541070908308 80.53982853889465 44.95726496726274 16.95922099798918 216.6891926378012 2433.226484596729 6.927636355161667 291.3773716911674 21.10225536674261 1.148424349725246 4.460157163441181 12.71289283037186 10.99755756556988 0.643138088285923 13.62895996123552 1.400022692978382 21.9044408723712 4.436172537505627 105.1864527836442 44.20495451241732 13.30948813259602 97.67570020258427 2.717872679233551 1.14430283010006 20.76356460154057 119.3610403090715 2.011789716780186 0.666970431804657 2.910164371132851 3.748164266347885 1.201685756444931 2.287064358592033 6.749688848853111 3.521972358226776 5.132410913705826 17.29867926239967 4.762882590293884 25.92538857460022 32.59262798726559 85.97924870252609 40.79591073095798 2.344262361526489 0 0 0 0 0 0 0.2112098783254623 0 0.886285737156868 1.585037857294083 0.3181121796369553 0.9843272045254707 0.1923085600137711 1.600814148783684 1.246452480554581 0.1284397840499878 2.431958064436913 0.7155916839838028 3.244419053196907 5.483051955699921 0 0.8464054316282272 0.4745377600193024 29.11664931476116 3.483484350144863 15.9620556011796 10.48696465045214 7.469359628856182 4.115562632679939 1.537688910961151 0.1848927587270737 0 0.2314047515392303 0.3512579649686813 0 0.8954082652926445 5.123289719223976 0.1750338226556778 0.8038108944892883 0.1439228355884552 1.70017471909523 10.90837603062391 0 0.3964954614639282 0 1.11267277598381 1.054891183972359 0 0.7664723098278046 0.7755975872278214 20.68171539902687 0.2990787029266357 0.9606990963220596 0 0.5317850261926651 0 0.1898438036441803 0.1440242826938629 0.1512824147939682 1.533432379364967 64.61579038202763 3.849186569452286 1.323355704545975 0.2727726101875305 1.100059226155281 8.723637044429779 9.513713195919991 2.329133421182632 1.57557812333107 0.6924214139580727 1.672066986560822 0 0.8910552561283112 0 0.4018325060606003 0 0 0.6671587824821472 0.5610556453466415 0.8957249671220779 0 34.73986688256264 11.11943788826466 23.92815336585045 409.15422347188 75.79354000091553 446.6585213765502 77.74050457030535 107.8748499080539 76.49984365701675 5.37329837679863 169.6478388607502 18.23159528523684 1.945862486958504 12.01508941501379 2.257762014865875 4.699604272842407 3.524842463433743 0 10.00225473195314 16.2905018478632 1.029114663600922
169.3740441650152 116.3309393674135 20.48264706134796 1457.998784452677 17.52372102439404 204.487303763628 685.2702027708292 13.64202971756458 25.89381855726242 4018.902124911547 82.59547337889671 0 2804.563891813159 275.7478981018066 5.298578165471554 1.573290079832077 0 0 0 0 0 0 0 0 0 0 0 0 0 0 15.24802312254906 0.32787024974823 25.85475723445415 0 0 0 93.97238302230835 0 0.7947870492935181 0 0.1891184449195862 0 0 0 0 0 12.94083245098591 0 0 0.434878408908844 0.1202070489525795 0 0 0.1849702894687653 0 1.078961476683617 16.13174045830965 20.46336795389652 1.558347806334496 2.328239098191261 0 0 0 0.872881680727005 0.9477108716964722 0 0.4246799945831299 0 0.106598474085331 0 355.4737377613783 0.2478927373886108 0 14.56638906896114 2.273832708597183 2.55780141055584 0.9905717968940735 0.1333064436912537 0 5.80447544157505 0 1.208134531974792 2.331028029322624 0.3275753781199455 0.1261448115110397 0.1080624684691429 0.376034677028656 0 0.3540914058685303 0 0.1325097382068634 0 0.4494176506996155 0.1492471545934677 0.2606058418750763 1111.70967797935 0.1419951468706131 0 0 84.85240675508976 4.464873068034649 2.843083582818508 4.646133296191692 15.07382640987635 3.930365182459354 19.56539011746645 32.15155108273029 7.857349380850792 16.45283605903387 44.50117656588554 5.525150656700134 99.73568515479565 81.85123170912266 198.4980852156878 69.62044737488031 1.659879013895988 0 0 0 0 0 0 0.2732107043266296 0 0 0 0 0 0 0 0 0 0 0 7.368466950953007 4.822499766945839 0 0 0 22.38318724930286 0 3.959575533866882 1.167331099510193 0 0 0.2223644703626633 0 0 0 0 0 1.200912863016129 2.095068857073784 0 0.157730758190155 0 0 0 0 0.1775444447994232 0 0.9507345333695412 1.789942897856236 0 0 0 18.55750717222691 0 0.2583385780453682 0.1730003505945206 0 0 0 0 0 0 62.31810428202152 0.4159042537212372 0 0 0 14.05703519284725 0.4851734638214111 1.086572259664536 2.671148128807545 0.666352890431881 0.730469636619091 0.3755047023296356 0.6450688019394875 0 0 0 0 0 0 0 0 67.46221059560776 2.79674120247364 3.112736433744431 91.16761913895607 3.573587946593761 39.15656153857708 5.653644293546677 299.951645731926 11.77935445308685 0.4397016763687134 31.87154258787632 5.691165998578072 1.183200269937515 4.222943380475044 0.8231036812067032 14.86166198551655 1.419423282146454 0 0.4693809300661087 4.33502271771431 0
279.5411841422319 1695.64784681797 383.8787404224277 1699.154559291899 1941.944956883788 308.5617668628693 3460.591227322817 367.1860438361764 2853.617774643004 7102.58870048821 2509.975518241525 2804.563891813159 0 2566.173948436975 133.2435743659735 26.9317284822464 1.736640930175781 0 0.1677537560462952 0.1617908328771591 0.4306395500898361 1.252559944987297 0 0.2361573874950409 1.064461067318916 0.8714724183082581 0 2.134752810001373 0.5991761237382889 0 251.5523706525564 41.51189173012972 289.334432169795 0 0.3382923305034637 1.089633926749229 399.8935158848763 1.126163616776466 33.04490251839161 4.014643460512161 3.413037277758121 3.31695145368576 0 0.8196690529584885 0.1510767936706543 2.894512176513672 356.0380637422204 7.526159711182117 0.4893918186426163 0 10.1789558827877 0.7390571981668472 12.50705835223198 1.261448800563812 5.509102821350098 25.91209513694048 68.84348721802235 202.3277554661036 16.35695145279169 69.28209662437439 2.612444266676903 5.82885205000639 1.83280323445797 43.49429199844599 24.13284054398537 9.193216398358345 4.021898433566093 4.256242856383324 2.428719773888588 5.491980694234371 1649.297097526491 53.72679358720779 0.3506158292293549 188.5459167286754 46.97156178951263 91.42454485595226 48.39129047840834 7.800751313567162 3.649125799536705 173.1385752931237 1.489758044481277 64.20351836830378 47.87350819259882 1.269560389220715 8.543385125696659 15.44530979543924 2.645377621054649 1.566139280796051 6.401194125413895 0.753567285835743 8.758114106953144 4.877474218606949 7.039094299077988 4.803842142224312 3.721314065158367 2881.477091163397 41.86009661853313 3.009693592786789 73.92014248669147 180.4838876053691 10.72263333201408 8.480027601122856 8.710976548492908 34.10146497935057 9.127368956804276 46.17821928858757 92.33752722293139 20.18729004263878 68.68162932991982 176.4430431500077 15.57092618197203 250.5304259881377 248.8330680802464 653.9510311931372 308.0739180296659 2.623429492115974 0.9106761813163757 0.1589857786893845 0 0 0 0 0 0 0 0.3213240504264832 0 0.4243339896202087 0.346216231584549 0.3841030448675156 0.2742493897676468 0 0.1774496287107468 0 20.72909035533667 20.51837949454784 0 0 1.597077816724777 118.7590714171529 2.613091766834259 44.51641296595335 2.742548309266567 1.761338233947754 0.2250915169715881 0 0 0.3495742082595825 0.5920456051826477 1.622448101639748 0 4.652105405926704 11.42040537297726 0.4158168360590935 0 0 1.628395348787308 0.8051107674837112 0.871552512049675 1.171884268522263 0 0.4826515391469002 6.9125055372715 0 0 0.3159343600273132 91.43918492645025 2.115656316280365 2.30049255490303 0.830958366394043 0.4843355044722557 0 0 0 0 0.423588752746582 435.7107243388891 3.899077817797661 0.4138970673084259 0 0.1972263604402542 58.26809430122375 13.49364963918924 7.064386561512947 4.753254376351833 5.330273285508156 5.020673900842667 0.6306634843349457 1.231956407427788 0.5619883835315704 0 0 0 0.3663330674171448 0.08718226850032806 0.1519317179918289 0 268.0073072463274 49.31600648164749 30.86280916631222 815.6561681106687 131.5667043998837 742.3644179329276 142.9753398001194 726.2966175228357 183.5736722797155 15.28398713469505 362.6071942746639 28.65144193172455 3.904423728585243 26.17634999752045 6.275883600115776 47.30626621842384 6.091199561953545 0 18.54214581102133 22.46990118175745 2.498852208256721
114.8232191205025 1525.565985441208 600.8834017366171 107.0560515522957 2316.594883561134 37.27231124043465 149.6456065103412 723.1956097781658 1754.631758317351 813.5814414024353 5112.357314430177 275.7478981018066 2566.173948436975 0 56.17707359790802 12.8632996827364 1.718621477484703 0.5222033336758614 1.20367431640625 0.4976610094308853 0.9449362307786942 1.408348098397255 0 0 2.099279031157494 3.64678455889225 0.6460509300231934 1.616622015833855 3.124207586050034 0.5719937086105347 360.980740211904 17.78557410091162 1589.18878030777 0.3603919148445129 0.1496795117855072 1.244793623685837 1050.599162779748 8.433804705739021 20.75841101258993 9.708101168274879 5.09581047296524 4.017564631998539 1.07563978433609 1.395875811576843 0.4603639543056488 4.207429647445679 136.028141528368 3.342129923403263 0.1210121810436249 0.5007215663790703 4.946331515908241 1.136928915977478 6.965311199426651 1.719947546720505 1.772483624517918 7.732197687029839 26.15702465176582 102.2030856087804 6.407320328056812 25.51462957262993 5.740920573472977 82.74107559025288 1.966850593686104 19.84956365823746 7.860632598400116 4.604744978249073 1.915978111326694 3.253376521170139 0.8617846518754959 4.725862756371498 886.3546841517091 12.30845157802105 0.9505177438259125 83.42580464482307 20.79737681150436 34.63418474793434 14.88124216347933 2.143817968666553 4.040837958455086 90.53613140434027 1.207028537988663 30.58814887702465 15.88209941238165 0.6458225026726723 2.581428475677967 5.192281104624271 1.613003738224506 0 4.150128327310085 0.6076773330569267 3.386516556143761 2.251907840371132 4.838071294128895 4.459385268390179 4.76181997358799 276.2814063727856 1.195103392004967 1.524587720632553 7.341709792613983 87.91207771748304 3.632173724472523 1.341608352959156 0.9948568344116211 4.235586315393448 2.57725428044796 9.013018697500229 13.46925966441631 6.120747268199921 11.00767137110233 26.61173258721828 3.202538266777992 60.49682742357254 42.84501621127129 124.0577759444714 56.42870367318392 0.7565045356750488 1.200225919485092 0.3284790813922882 0.2931605577468872 0 0 0.1738884150981903 0 0 0 0.3925377577543259 0 0.1271180808544159 0 0.4489344134926796 0.3494285494089127 0.391987219452858 0.7061803042888641 0 3.326613135635853 3.215282499790192 0 0 0.4150130450725555 26.7479096353054 0.5524848401546478 6.463219828903675 4.794292822480202 3.719242878258228 0.2725300192832947 0 0.12093835324049 0 0 0.375074028968811 0 0.9299593716859818 5.473813444375992 0 0 0 0.7923315316438675 1.410895019769669 0 0 0.4048445075750351 0.1250515580177307 1.197340101003647 0 0 0.1915318816900253 19.05791556835175 0.609626293182373 1.031836599111557 0.9191919267177582 0 0 0 0.5299646854400635 0 0.3594303727149963 55.45029009878635 2.54838715493679 0 0 0.1194259524345398 8.80191308259964 4.42592815309763 2.881824508309364 1.076040610671043 1.018588662147522 2.923404455184937 0 0.1280659437179565 0.3851124048233032 0 0 0 0.1600106060504913 0.1451292037963867 0 0.326378345489502 41.13893233239651 6.260414615273476 9.010355427861214 289.9809284955263 36.44577692449093 272.8497411683202 55.17139320075512 156.9551161602139 73.66443753987551 3.178405866026878 138.1648540869355 12.04015645384789 1.252719521522522 8.012950628995895 0.9562201946973801 12.99615557491779 0.4415056109428406 0 5.706436142325401 5.825416028499603 0.2013404369354248
