0 2937.467580407858 365.3370368108153 1629.725570961833 423.6066601425409 49.40383486449718 849.69127368927 24.4344510063529 156.2816055119038 2653.861141353846 289.9886447936296 212.5364366173744 394.453151576221 189.0044510215521 2.3395851328969 0.9000606313347816 0.8637455403804779 0 0 0 0 0.6418933123350143 0 0 0 0.1843805760145187 0.1111087799072266 0.1281487196683884 0.2198916301131248 0 699.4682047963142 1.291658081114292 19.9505538418889 0 0 0 23.01540279388428 0.2248071730136871 2.601378530263901 0.2334646731615067 0.09742079675197601 0 0 0.4140669107437134 0.13995760679245 0.1653116792440414 19.83429073542356 0.42413379997015 0 0 0 2.820741683244705 0.3394691348075867 0 6.145878776907921 5.03203946352005 432.5545677468181 1628.543419994414 18.91927315294743 5.925457365810871 0 0.4410708844661713 0 11.46330033242702 1.292215786874294 0 0.09983018040657043 0.4772825092077255 0.2050530016422272 0.1679859906435013 22.40809537470341 13.35193073749542 0.9885858148336411 202.0553602576256 106.0341182500124 26.50677316635847 13.76346122473478 1.045458503067493 0.5813399702310562 32.98167604953051 0.2168725952506065 0.7730943337082863 0.7021952867507935 0.7029227763414383 0.1859784126281738 1.20699454843998 0.1089647486805916 0.8224001973867416 0.6771922260522842 1.173190042376518 0 0.6029251366853714 0 0 0.3177281320095062 213.1309782490134 27.6129744797945 3.152727574110031 4.0945103764534 378.3741042166948 0 0 0 0 0 16.43339291214943 0 0 7.703273773193359 0 0 0.2656409740447998 0.1397724002599716 1.291604354977608 0.8556023687124252 0.1220601499080658 0 0 1.027142524719238 0 0 0 0 0 0 0 0 0 0 0 0 0 0 0 0 0 0 0 0 0.5623503923416138 0 0.4540138989686966 0.3328249379992485 0 0 0 0 0 0 0 0 0 0 0 0 0 0 0 0 0 0 0 0 0 0 0 0.5561415255069733 0 0 0 0 0 0 0 0 0 2.907725289463997 0 0 0 0 0 0 0.256896436214447 0 0 0 0 0 0 0 0 0 0 0 0 0 0.7605585157871246 0 0.1050422638654709 139.9989326000214 2.877355203032494 76.52911690622568 9.424360282719135 283.1753056496382 21.13796643912792 0.861294724047184 15.20779459178448 4.146593749523163 0 0.3641588687896729 0 1.336036205291748 0 0 0 0.1293100714683533 0.3042547702789307
2937.467580407858 0 652.0456332117319 1065.079622127116 2705.775135703385 308.2713681161404 4563.146837115288 190.8812474310398 4689.629816234112 1127.712266631424 3447.149673104286 20.62733824551105 939.5424996912479 2260.616598725319 41.73772756010294 3.298160053789616 1.744922026991844 0.2337467148900032 0.1176559776067734 0 0.2061889171600342 0 0.1095563992857933 0.1158380135893822 0 0.7131169438362122 0 0.6777391731739044 0.6493121087551117 0 2224.592955730855 25.62704860419035 116.0648564621806 0 0.5154137164354324 0.2322226911783218 90.96868074685335 0.9182632863521576 7.221244022250175 1.061659976840019 0.5427239313721657 1.384560480713844 0.108696423470974 1.311319209635258 0.09841635823249817 0.4641335606575012 220.8070177212358 3.169255547225475 0.8581656441092491 0.4407475665211678 0.2008225321769714 0.4346691593527794 0.4426517188549042 0 50.94314955174923 38.56118723750114 58.3452807366848 1640.251040153205 50.15363346785307 57.28292195498943 0.3839527443051338 4.583839520812035 0 223.7140943706036 7.005934849381447 0.8592846319079399 1.203135073184967 1.401781767606735 0.708966076374054 0.6549986228346825 32.80189993977547 0.6484700739383698 0.1430356204509735 571.0687127262354 436.8430023267865 324.4480418637395 225.3950860574841 11.56500034034252 6.342182576656342 217.7633166536689 2.702431857585907 4.685106672346592 8.48386774212122 1.856458701193333 2.018813110888004 5.091402679681778 1.57599738240242 0 0.3158254399895668 0 0.5720321238040924 0.5259800627827644 0.1296729743480682 0.6437908560037613 0.4279218390583992 132.6594416499138 2.394882552325726 0 4.449025370180607 451.9773290678859 0 0 0.4472508430480957 0 0.179885596036911 99.16442906856537 1.90217125415802 0 11.97736714780331 1.54991152882576 0.4311642944812775 4.182092517614365 4.585724949836731 3.721986070275307 1.982706040143967 0.1428980976343155 0 0 0 0 0 0 0 0 0 0 0 0 0 0.2403407543897629 0 0 0.1310974508523941 0 0.1709326803684235 0 0 0.3871681094169617 0 1.360489100217819 0.3522262871265411 3.1573256701231 0.8535677939653397 0 0 0 0 0 0 0 0 0 0.1210873275995255 0 0 0 0.1353936940431595 0 0 0 0 0 0 0 0 0.7512678503990173 3.500254385173321 0 0 0 0 0 0 0 0 0 5.707028575241566 0 0 0 0.3206950575113297 0.3859321475028992 0 0.6564191430807114 0.1378531008958817 0 0 0.1594306081533432 0.1519785821437836 0 0 0 0 0.0988212451338768 0 0 0 4.470814317464828 0.2554774582386017 1.080004028975964 383.666649453342 29.60846541076899 609.3552281707525 65.48517256975174 682.0160648524761 136.2377434372902 6.110864005982876 148.8963876143098 22.44763614237309 0.2106127291917801 0.5478263348340988 0 2.474486857652664 0.2285908460617065 0.1151619330048561 0.7403489053249359 8.335063800215721 1.179138004779816
365.3370368108153 652.0456332117319 0 4.687419980764389 214.3966193273664 87.48951737582684 62.63800146430731 1137.986584119499 404.44693056494 34.58161118626595 3244.90560631454 10.84602888673544 303.8231381848454 1059.987294450402 80.98176207393408 89.70514838397503 66.10384920239449 19.87609343975782 9.35714141279459 40.04003953933716 19.54631024599075 0.4941606372594833 75.64976137876511 49.34741517156363 17.0466186851263 3.535641521215439 7.972517348825932 4.321801759302616 2.710142344236374 1.002637311816216 4591.497588202357 436.5811197683215 301.2065435051918 19.50048917531967 50.8500352203846 44.57380917668343 190.9380607977509 16.15427133440971 30.88691835850477 22.63378116488457 14.21177138388157 5.396232478320599 28.07163858413696 19.13519234955311 11.62129892408848 21.73016928136349 97.84282656759024 36.21766342967749 20.96304123103619 56.6053175330162 8.092086590826511 0.6082145571708679 11.37523897737265 1.35095602273941 12.14004246145487 11.45752324908972 16.43550630658865 2013.207590647042 15.9370569139719 15.3459999859333 60.44665222615004 22.23036605864763 10.93801365792751 1221.208185330033 2.715870894491673 21.67809081822634 2.652574315667152 131.6361188814044 139.5202076882124 57.33392383158207 31.46338374912739 2.814511060714722 0 224.2840630561113 529.0679563209414 116.3654876425862 156.4400275051594 42.40450508147478 846.6071104481816 3267.947797931731 345.0657816454768 1044.933970049024 6.41728013753891 1.156050555408001 3.449620768427849 2.629743225872517 75.22613064944744 0.3929323330521584 1.372986987233162 1.448726192116737 2.176008053123951 2.448231413960457 7.963266618549824 5.210241794586182 1.596927188336849 24.52883546054363 5.833174832165241 0 10.16018708050251 144.9762205034494 0 0 0 0.4047002792358398 0 0.5044306218624115 0.1530455499887466 0.4135817885398865 0 0 0.1372068673372269 0.9538806080818176 1.840946301817894 1.970314167439938 0.9169007241725922 0.8127526715397835 0 0 0 0 0 0 0 0 0 0.1392023265361786 0 0.8113468214869499 0 0.1136160865426064 0 0.5067364200949669 0.9623169302940369 0.4763107448816299 0 0.1941602379083633 0 0.3830990493297577 0.6878347769379616 0.8501952216029167 0.7560238242149353 2.205645389854908 1.440908268094063 3.424164161086082 0.2506279051303864 0.15665303170681 0.2674104571342468 0 0 0 0 0.2745247781276703 0.1570663303136826 0 0 0.1177017316222191 2.524145565927029 0.3822723627090454 0 0 0 0 0 0 0 0.5450039207935333 2.054839745163918 0 0 0 0 0.3619592934846878 0 0.1284517347812653 0.4598642140626907 0.3205732703208923 4.403522066771984 0.5591100454330444 0.1486231535673141 0.197075143456459 0.9733109027147293 0.1835615634918213 0 0.7393963262438774 0.5431988313794136 0 0 0 0 0.08235971629619598 0 0 0 0.4869243949651718 0.3167632892727852 0 0.2189619541168213 0.7661685198545456 1.084675185382366 4.474480770528316 171.1305483654141 25.24656189978123 236.6413726583123 55.16485707461834 194.176369048655 36.71262320876122 3.989903695881367 52.11590720713139 8.301793679594994 0 0.8584438562393188 0.2777752876281738 1.469023197889328 0.1276037096977234 0 0.645671159029007 5.173384308815002 1.029413610696793
1629.725570961833 1065.079622127116 4.687419980764389 0 111.307869374752 50.31432074308395 1027.737925834954 0.388043075799942 74.68762837350368 714.9239216297865 7.568031460046768 568.1061517745256 1772.350431233644 237.347274184227 2.301881544291973 0.1895028650760651 0.1465270817279816 0.1211010739207268 0 0 0 0 0 0 0.1064829304814339 0 0 0 0 0 59.45440982282162 2.072389014065266 2.762040004134178 0 0 0 7.678481623530388 0 0.4863081723451614 0 0 0 0 0 0 0 15.06566231697798 0.1224908605217934 0 0 0 0.592026948928833 0 0 4.485478766262531 2.683098077774048 5.881793938577175 133.829193636775 3.981193847954273 5.76949942111969 0 0.1476738899946213 0 12.53684788942337 0.4217804968357086 0.1111328676342964 0 0.2284025251865387 0.2199708521366119 0 33.3760619610548 0 0 48.15228965878487 31.97623517364264 22.06133704632521 13.24989009648561 1.298531413078308 0 0.5184990763664246 0.2137818932533264 0.2657344937324524 0.7134039849042892 0.2190753072500229 0.1177042052149773 0.2010253667831421 0 0 0 0 0.1048972681164742 0 0 0 0 145.6956360340118 0.4182773679494858 0 1.533081531524658 25.9833871871233 0 0 0 0 0 16.79680061340332 0 0 4.536195039749146 0.2095991522073746 0 1.982347548007965 3.098010569810867 1.688792496919632 1.681837752461433 0 0 0 0 0 0 0 0 0 0 0 0 0 0 0 0 0 0 0 0.2083102166652679 0.3554515838623047 0 0 0 0.3045057058334351 0.1802958548069 0.9855136573314667 0.1658743917942047 0 0 0 0 0 0 0 0 0 0 0 0 0 0 0 0 0 0 0 0.3010382652282715 0 0 0 0.185039609670639 0 0 0 0 0 0 0 0 0.2147855162620544 2.249298259615898 0 0 0 0.2747527062892914 0.6092098504304886 0 0 0 0 0.2798886597156525 0 0 0 0 0 0 0 0 0 0 1.594503000378609 0 0.14876888692379 53.17130127549171 1.948718473315239 45.82282741367817 3.912211641669273 132.533640243113 10.52879682183266 0.4070092663168907 11.99141215533018 2.493641346693039 0 0.5580525100231171 0 2.254520505666733 0.3480198085308075 0 0 0 0
423.6066601425409 2705.775135703385 214.3966193273664 111.307869374752 0 17.10953950881958 1076.208742044866 15.31108919531107 5878.168221406639 196.4301260411739 1181.090491980314 8.552633546292782 630.8277192562819 1258.299779824913 28.55977994948626 1.263702727854252 1.291575349867344 0 0 0 0 0 0.1147779673337936 0.1219582259654999 0.2884326875209808 0.9348762482404709 0 0.7532632425427437 0.1999476104974747 0.09566870331764221 490.6439676806331 16.06797690689564 10.75418996065855 0.1252688020467758 0 0.3200486600399017 11.69629845023155 0.6141708120703697 2.24446377903223 0.100528359413147 0.2588099837303162 0.2657460868358612 0.1140946075320244 0.6094329953193665 0 0.1173772141337395 127.7119624689221 1.079917915165424 0.1597730368375778 0.2893287241458893 0 0 0 0 18.63818237930536 17.30828538537025 10.87007433921099 226.2329198271036 17.93789751827717 25.61117105931044 0.7300611287355423 0.5512190535664558 0 106.2675598934293 2.174179963767529 0.9680828973650932 0.4381748959422112 0.5774103179574013 0.1206961125135422 0.1168664321303368 13.53752975910902 0.820341020822525 0 169.0305635780096 143.4715947061777 160.6949265375733 135.6642348021269 6.083068020641804 0.7636900469660759 21.84438887983561 1.37629571557045 3.730625696480274 3.814700968563557 1.552653148770332 0.6687881574034691 3.40863922983408 0.2941478341817856 0 0.4101483672857285 0 1.095136389136314 0.2477826550602913 0 0 0.5917558073997498 32.33099372684956 0.3894273787736893 0 1.519563734531403 46.80770439654589 0 0.2634397447109222 0 0 0 1.935959756374359 0 0 0.9595499485731125 0 0.3459900915622711 1.160779565572739 2.936438724398613 1.758336514234543 0.6442815065383911 0.4144643545150757 0 0 0 0 0 0 0 0 0 0 0 0 0 0 0 0 0 0.08633072674274445 0 0 0 0 0 0.3955149054527283 0 1.894347175955772 0 0.1191070675849915 0 0 0 0 0 0 0 0 0 0 0 0 0.120314747095108 0 0 0 0 0 0 0 0 0.6693917810916901 0.4711452424526215 0 0 0 0 0 0 0 0 0.1977298110723495 2.937077417969704 0.1287692487239838 0 0 0 0.5458115637302399 0 0.4134309589862823 0 0 0 0.2003936767578125 0 0 0 0 0 0 0 0 0 1.030199974775314 0.1537835896015167 1.13867424428463 227.0057424679399 20.92746486514807 357.8275731056929 45.4008209630847 118.1895719319582 74.26588777452707 3.281048499047756 109.0900846347213 14.66081639379263 0 0.425197035074234 0.4702924489974976 1.860673621296883 0.1725104451179504 0 0.8646780699491501 5.435581341385841 0
49.40383486449718 308.2713681161404 87.48951737582684 50.31432074308395 17.10953950881958 0 42.85810841619968 0.3542934656143188 6.805963605642319 135.4049165546894 8.871880650520325 19.40906183421612 37.04783068597317 8.907609164714813 0 0.4928114116191864 0 0 0 0 0 12.52191337943077 0 0 0 0 0 0 0.2287086099386215 0 55.19396336376667 0 0.577270045876503 0 0 0 16.37138069421053 0 5.344864502549171 0 0.4325667321681976 0.3724642097949982 0 0 0 0 0.5595270842313766 0.161122664809227 0 0 0.683169886469841 31.102399751544 1.345263764262199 0.3968427181243896 0.5527164041996002 1.342042699456215 410.7395602762699 114.1207016855478 2.14119416475296 0.3234254121780396 0 0 0 0.2144428938627243 0 0 0.6465246975421906 0.4693461656570435 0.2041631489992142 0 65.27104687690735 197.6667037308216 19.45757947862148 9.671843431890011 2.800548613071442 2.207704618573189 1.029012992978096 0 0 1.846248060464859 0 0 0 1.606015384197235 0 0.5602762848138809 0.7928334474563599 15.67824275791645 6.906125798821449 10.01010608673096 4.748410135507584 5.739038437604904 0 1.149473533034325 4.209285378456116 447.7283515632153 339.5839496254921 34.28977629542351 27.61540651321411 573.7290404736996 0.1240595653653145 0 0 0 0 2.258494436740875 1.00095009803772 0 0 0.3999494910240173 0 1.443433970212936 2.849855557084084 0.7750355005264282 0.1364470571279526 0.1360455602407455 0 0 0 0 0 0 0 0 0 0 0 0 0 0.1829971075057983 0 0 0 0 0 0 0 0 0 0.393025279045105 0 0.2398415356874466 0.1399746984243393 0 0 0 0 0 0 0 0 0 0 0 0 0 0 0 0 0 0 0 0 0 0 0 0.2489815205335617 0 0 0 0 0 0 0 0 0 1.470199704170227 0.4885735213756561 0 0 0 0 0 0 0 0.163105383515358 0 0 0 0 0 0 0 0 0 0.4227962642908096 0 0 0.1826094686985016 1.177242368459702 27.82502110302448 0.2421126365661621 5.894644394516945 0.373760849237442 274.1450062096119 1.517169117927551 0.2003539651632309 0.733380138874054 1.487191647291183 0 1.029663905501366 0 1.363411486148834 0 0 0 0 0
849.69127368927 4563.146837115288 62.63800146430731 1027.737925834954 1076.208742044866 42.85810841619968 0 9.887415356934071 862.5364405289292 2081.900514893234 75.71177492290735 97.49692182987928 2517.814934134483 555.0054315179586 32.37034413963556 2.896334774792194 0.6491580158472061 0.2710498422384262 0 0 0 0 0.1041242927312851 0.1864732950925827 0.1565862149000168 0.450965628027916 0 1.66264820098877 1.587659195065498 0.286029577255249 245.0079942122102 14.2298681885004 15.13289967179298 0.1261720806360245 0.1063869595527649 0.1634290367364883 49.11403135210276 0.9748103767633438 4.861882172524929 0.5664738565683365 0.7289188057184219 0.6414847671985626 0 0.9408590048551559 0 0.1753128170967102 137.0373312979937 1.029518306255341 0.3060751035809517 0.09439754486083984 0.1017827540636063 0.5339007079601288 0.2273209095001221 0.1897331923246384 18.12042508274317 17.70198372006416 11.31836835294962 269.7393997237086 19.55120998620987 18.89240409433842 0.1338021606206894 2.066785648465157 0 95.59877409785986 2.787531785666943 0.7142707705497742 0.4009371772408485 0 0.2859086990356445 0 72.95977634191513 1.442626371979713 0 173.7906181737781 153.7760077193379 149.0541536584496 152.2046160548925 11.59997469931841 1.45023550838232 22.67583052814007 1.374409519135952 4.693265646696091 3.329325221478939 1.999980889260769 0.5730683878064156 2.379262261092663 0.3021572753787041 0 0.2217481657862663 0 0.2993606626987457 0.1631679385900497 0.8705898821353912 1.202881962060928 0.6344595775008202 397.1141028702259 8.974725648760796 0 5.524017736315727 40.34708962589502 0 1.075358405709267 22.50425271689892 18.98851974308491 1.160102799534798 22.02120929956436 5.559854447841644 7.519577413797379 31.28125581145287 15.82498006522655 0 113.212775349617 39.57455007731915 23.92969902604818 5.545180931687355 0.2686650678515434 1.009613439440727 0 0 0 0 0 0 0 0 0 0 0 0 0 0 0 0 0 1.287600100040436 0.6957918256521225 0 0 0 4.873982429504395 0.5161583572626114 8.282464720308781 0.5809134840965271 0.1785959452390671 0 0 0 0 0 0 0 0.3040535449981689 3.545433647930622 0 0 0 0.3605137318372726 0.1412159502506256 0.2520196586847305 0.1018842905759811 0.08933534473180771 0.3305921405553818 0.1258751749992371 0 0 0.2491122186183929 9.028308764100075 0 0 0 0 0 0 0 0 0 22.49019557237625 0 0 0.1439756006002426 0.1335360258817673 1.601207181811333 0 1.779323548078537 1.265750713646412 2.390341497957706 1.381590358912945 0.1975243836641312 1.242060638964176 0 0 0 0 0 0.1060620844364166 0 0.194699302315712 16.48891291022301 0.1690502166748047 1.173716574907303 314.6157385110855 21.11954099684954 392.3664486631751 57.05597769469023 197.2666175216436 69.95806643366814 3.143722042441368 141.2614390105009 32.34007005393505 0.1107059344649315 8.367304161190987 1.079390533268452 14.42803063988686 1.132469832897186 0.3383088782429695 2.333626911044121 6.467716552317142 2.545166090130806
24.4344510063529 190.8812474310398 1137.986584119499 0.388043075799942 15.31108919531107 0.3542934656143188 9.887415356934071 0 49.05092725157738 2.329166419804096 870.2767012640834 4.889779895544052 105.4617086276412 658.5091951042414 67.11092236638069 65.70374128222466 60.01600105315447 42.86846729367971 25.276676222682 36.84541863203049 19.01029217243195 0 65.38269924372435 46.36300037801266 13.89849794656038 4.01552078127861 9.923100247979164 5.15054152905941 1.913400620222092 0.3727345913648605 927.8746431767941 767.9781261309981 204.8524852991104 26.27809110283852 52.92550905048847 35.79043624550104 136.5847019255161 18.12907018512487 25.33352396637201 18.65015396475792 16.00871052592993 4.748205177485943 34.14329176396132 35.40606568008661 29.06194234639406 49.95668552070856 84.43346118181944 37.64313476532698 29.75269781798124 69.31844238191843 7.305714219808578 0.807553842663765 11.54077577590942 2.963496044278145 5.193341709673405 5.149072498083115 1.682112142443657 303.9056205749512 3.719062149524689 8.241157583892345 110.2930768206716 36.3497179672122 17.63189266622066 572.2889165282249 0.9612401351332664 22.37076066434383 2.177782230079174 135.9453651234508 141.9202494397759 51.27208209782839 15.15798911452293 2.633477702736855 0.3981106728315353 59.87555303424597 200.1120418161154 83.52630197256804 223.8653582185507 177.3156743720174 2459.728649958968 5372.747443236411 1062.093416951597 2407.286791108549 4.354007251560688 0.5395503342151642 2.980256713926792 1.975544504821301 91.181023016572 0 1.407265432178974 1.470505952835083 2.901487842202187 2.953153498470783 6.807461723685265 4.973923824727535 1.499234169721603 2.880095034837723 5.023673675954342 0 11.11301929503679 14.19380646944046 0 0 0 0 0 0 0 0.3246844112873077 0 0 0 0.2890097796916962 0.7231253981590271 1.87611585855484 1.954725220799446 0.5775451809167862 0.1590875685214996 0 0 0 0 0 0 0 0 0.1244779527187347 0 0.5507247969508171 0 0.2145316675305367 0.2116613388061523 1.031490258872509 0.4807142242789268 0.290892630815506 0 0 0 0 1.006777927279472 0.9875208288431168 0 1.215999811887741 1.45185811817646 0.709000751376152 0 0.294095903635025 0 0 0 0.2695134282112122 0 0 0.2233826667070389 0.2512732446193695 0.1475763022899628 0 1.614712662994862 0.1674125641584396 0 0 0 0 0 0 0 0.4239498823881149 1.168910011649132 0 0 0 0.1197996437549591 0.3277139514684677 0 0.128277525305748 0.6101719811558723 0.2937037646770477 0.849310502409935 1.174861624836922 0.2930076271295547 0.4391419738531113 0.3439018875360489 0.152892604470253 0 0.9796565473079681 0.1526215076446533 0.2768782377243042 0 0 0 0.1386770009994507 0 0 0.3294239342212677 0.1437678337097168 0.2045326679944992 0 0 0.6625537499785423 1.300244972109795 2.798233136534691 127.8061116337776 16.516083098948 175.8519849479198 46.00529520213604 17.46872512996197 19.3650833889842 3.255474284291267 53.49037602543831 5.526292376220226 0 0.5064756125211716 0.6610281318426132 1.028574034571648 0 0 2.327542059123516 3.875649057328701 0.6332574635744095
156.2816055119038 4689.629816234112 404.44693056494 74.68762837350368 5878.168221406639 6.805963605642319 862.5364405289292 49.05092725157738 0 564.6286241486669 2180.388716295362 64.99294920265675 2473.284429945052 2829.359378114343 78.46498641371727 6.123842298984528 0.4468042552471161 0.3250089213252068 0 0.1439318209886551 0 0.1240435168147087 0.305592380464077 0.09677717089653015 0.8037370964884758 1.927190519869328 0.2665718495845795 2.311855792999268 2.570272520184517 0.3347582444548607 408.4779115840793 45.74841051548719 43.92291581630707 0 0.1237353757023811 0.8480245023965836 89.22302302718163 2.020093366503716 9.961606055498123 2.014851450920105 0.9119717180728912 1.371842622756958 0 1.143360495567322 0.4443684816360474 0.2533621415495872 288.2095871716738 2.196066252887249 0.3702881559729576 0 1.202617332339287 0.5785792171955109 0.983229286968708 1.947590321302414 29.28976888209581 25.73020833730698 13.39664585888386 220.4971834346652 27.57706715166569 33.28195013850927 0.9506451487541199 4.107994869351387 0.1344265788793564 219.9454686492682 5.269397214055061 0.8416060209274292 0.2732705101370811 0.533027283847332 0.6074183955788612 0.8836005032062531 111.9341157823801 2.146015867590904 0.6498028188943863 211.133603900671 234.6470546349883 299.3225687891245 363.7768984511495 25.18824473023415 3.822274044156075 112.4562159478664 1.428182289004326 6.734075859189034 7.297076061367989 1.782694324851036 1.026123963296413 4.583948455750942 1.227849282324314 0 0.3932289928197861 0 0.6060276478528976 0.3011520653963089 0.3065064772963524 1.218895241618156 1.991288602352142 300.9851007163525 8.221891283988953 0 17.59357561916113 24.5630968734622 0 0.2969213724136353 0.6946604251861572 0 0.6600057333707809 6.751370310783386 3.97540171444416 0.2540731430053711 2.968298271298409 6.99441097676754 0.6414851695299149 17.84835109114647 18.44207754731178 25.36523649841547 11.02776744961739 0.3000468462705612 0.1290885359048843 0.1551194041967392 0.2239544093608856 0 0 0 0 0 0 0 0 0.1501126140356064 0.2506291270256042 0 0 0 0 0 0.7347586452960968 1.803839489817619 0 0.745053231716156 0.2138298451900482 7.33795128017664 0 8.163532227277756 1.085726603865623 0.5064649134874344 0.1707902848720551 0 0 0 0 0.1592240184545517 0 0.209317609667778 1.003812089562416 0 0 0 0.1784576326608658 0.3707388937473297 0 0.1163855642080307 0 0 0.1558683812618256 0 0 0.1862194985151291 10.33615836501122 0.4145943000912666 0.2166896909475327 0 0 0 0 0 0 0 35.67645664513111 0.2268515676259995 0 0.1610525250434875 0 2.439610749483109 0 2.126290947198868 0 0.9545897394418716 1.708227008581161 0 0.7864245623350143 0 0 0 0 0.104347251355648 0 0 0 16.34262293577194 0.8213917762041092 2.903705514967442 639.8428649455309 45.79654287546873 869.8107869178057 141.9161407351494 204.550826959312 148.6507209166884 8.07207103073597 303.4212149679661 50.07330989837646 0.4757586121559143 4.208857044577599 1.363755524158478 16.63582797348499 0.9741769433021545 0 2.910242006182671 18.23260674625635 2.683903709053993
2653.861141353846 1127.712266631424 34.58161118626595 714.9239216297865 196.4301260411739 135.4049165546894 2081.900514893234 2.329166419804096 564.6286241486669 0 19.22163118422031 1326.709232270718 8613.895179852843 813.4599108099937 10.00436036288738 2.734080359339714 0.4518377482891083 0 0 0 0 0 0 0 0.2017324268817902 0 0 0.1250832229852676 0.3952612280845642 0 39.81407307833433 1.872391164302826 14.86811916530132 0 0 0 53.2974022179842 0.2717012166976929 3.887912854552269 0 0 0.4969126880168915 0 0.3884111642837524 0.1159052848815918 0 16.79131387174129 0 0.1021633893251419 0 0 0.3323680311441422 0.6594332903623581 0 1.486259028315544 2.03791169822216 12.20737551152706 123.6507270261645 3.555869668722153 2.166859939694405 0.1187310442328453 3.377809718251228 0.1158952564001083 10.20034676045179 0.3956696689128876 0.100625067949295 0.5090696066617966 0 0 0.1814755350351334 144.3667981624603 1.854011803865433 0 42.03770267963409 29.07323817163706 19.83965729176998 22.37100657820702 6.439240008592606 0 5.7103321403265 0.2932102680206299 0.8991070762276649 0.9410251453518867 0.1048655658960342 0.2814390361309052 0.4419427216053009 0.1827594786882401 0 0 0 0 0 0.5075813680887222 0.1757331788539886 0 992.3148902654648 8.978460162878036 0.5642542243003845 11.07883191108704 35.89284551143646 1.558232061564922 3.077488124370575 6.111173093318939 16.34922954440117 2.930905930697918 58.35271143913269 14.43773889541626 0.8984265327453613 44.45132951438427 136.0300164222717 5.001589834690094 194.280079305172 318.9076979234815 227.5560476928949 26.70245632529259 2.883364140987396 0.1430510133504868 0 0 0 0 0 0 0 0 0 0 0 0 0 0 0 0.1680732071399689 0 5.441745042800903 1.628883928060532 0 0 0.4868460297584534 15.91740744560957 0.6085823327302933 21.94012340158224 3.11039087921381 0.3596075028181076 0 0 0 0 0.1349819898605347 0 0 0.7573983147740364 4.662433095276356 0 0.1041162237524986 0 0 0 0.221642330288887 0.120454229414463 0 0 1.110841333866119 0 0 0 31.69268015027046 0.6853794008493423 0.09475956857204437 0.09178609400987625 0 0 0 0 0 0 86.53430341929197 0 0 0 0 7.883999317884445 0 2.808697625994682 2.485124781727791 2.959652967751026 1.942836001515388 0.8010426908731461 3.306055083870888 0 0 0 0 0 0 0 0 59.90107730031013 1.897319808602333 4.65232127904892 321.0121328309178 2.858350113034248 61.29240021854639 11.42597048729658 381.7698477581143 8.472124844789505 0.3911244422197342 25.31944507360458 54.91332995891571 0.4094941392540932 11.7869758605957 0.8692590072751045 45.87713576853275 1.669914856553078 0 4.411659389734268 1.137423664331436 0.547119677066803
289.9886447936296 3447.149673104286 3244.90560631454 7.568031460046768 1181.090491980314 8.871880650520325 75.71177492290735 870.2767012640834 2180.388716295362 19.22163118422031 0 17.13386106491089 1668.358440347016 4985.711517214775 34.9217121899128 12.0962521135807 4.003430217504501 7.252428121864796 3.985118463635445 2.982500784099102 0.7960616648197174 0.3565704822540283 5.480221569538116 1.113036639988422 1.861503526568413 0.7887342199683189 0.7070226743817329 0.5506048202514648 0.3105433881282806 0.5968359857797623 1192.173397675157 72.4384386613965 438.9867907017469 3.767931193113327 4.887937486171722 7.411318011581898 307.1733436435461 6.714454025030136 18.97192931175232 1.339177966117859 1.600726798176765 0.512925885617733 1.087503418326378 4.714486330747604 7.264330208301544 0.9670148119330406 77.88929316401482 1.722972117364407 1.853959068655968 2.891097716987133 1.289213180541992 0.0923057347536087 0.4691945165395737 0 7.125133454799652 5.878843285143375 4.222723431885242 226.0116526037455 3.691709294915199 8.956642873585224 10.41568039357662 27.15321980416775 1.639086827635765 153.6501344814897 1.719063967466354 0.6895206645131111 0.3127540647983551 3.552957534790039 6.288337133824825 4.00398027151823 46.20804496109486 1.917109742760658 0 78.72030628472567 125.3265183120966 91.67479829490185 156.5927049815655 26.71777528524399 206.0595687329769 2015.110242515802 3.389370694756508 30.14738190174103 2.611536055803299 0.204550713300705 0.2230041772127151 1.030439659953117 3.207726866006851 0 0 0 0 0.1427843868732452 1.204804673790932 0.101403571665287 0.5459798276424408 21.3587498664856 1.635765761137009 0 8.958936080336571 43.98297018557787 0 0 0.3553365468978882 0 0 2.144365295767784 0 0 0 0.5568018555641174 0 1.823643207550049 2.094689697027206 3.532429397106171 0.8456914722919464 0.2816897928714752 0.1367484480142593 0 0 0 0 0 0 0 0 0 0 0.1674993336200714 0 0 0 0 0.1736438870429993 0 0.3115549981594086 0 0 0 0 1.843952104449272 0.348095715045929 2.052475973963737 0.7097663208842278 0.2523727416992188 0 0 0 0 0.3034276068210602 0 0 0 0.1401302516460419 0 0 0 0.3538716286420822 0 0.1080945134162903 0 0 0 0 0 0.541891872882843 0 0.861575111746788 0 0 0 0 0 0 0 0 0 4.015068784356117 0.3153000473976135 0 0 0 0.3022069931030273 0 0.3729930520057678 0 0 0 0.1890599429607391 0.242805689573288 0 0 0 0 0 0 0 0 0 1.218630850315094 0.8771943151950836 115.3261417448521 8.183078676462173 192.4568597227335 31.10135297477245 33.29611924290657 28.01878744363785 1.809242874383926 54.03229294717312 5.45393306016922 0 0.9226806461811066 0.4863003939390182 2.032190605998039 0.4493741691112518 0 1.323540285229683 2.304296389222145 0.825875461101532
212.5364366173744 20.62733824551105 10.84602888673544 568.1061517745256 8.552633546292782 19.40906183421612 97.49692182987928 4.889779895544052 64.99294920265675 1326.709232270718 17.13386106491089 0 2963.169062450528 156.5630271434784 10.16817311197519 5.096404574811459 0.8931899517774582 0.1291334182024002 0 0 0 0 0 0 0 0 0 0.1447724401950836 0 0 4.639495849609375 1.868835255503654 19.55117948353291 0 0 0 172.158198274672 1.997993737459183 12.06988596916199 0.2026601135730743 0.2845730483531952 0.3141956925392151 0 0.8974678963422775 0 0 21.22447737306356 0 0.1214947924017906 0.1445313692092896 0.186668872833252 0 0.137174129486084 0 0.9985935762524605 1.374128483235836 0.4362163245677948 18.06293489038944 0.5032711699604988 2.31227184087038 0 2.51187926530838 0 9.022940568625927 0 0.1154265552759171 0 0 0 0 254.9716705530882 6.58229561150074 0 8.519252054393291 8.747177556157112 16.56714501231909 27.55205576866865 4.900971844792366 0.238475389778614 3.629806876182556 0 1.186293467879295 0.1144184991717339 0.3489125370979309 0 0 0 0 0.1107786446809769 0 0 0 0.1464052200317383 0 0.2600252628326416 925.4028467088938 7.892068728804588 0 22.74969452619553 4.982014268636703 0.3053708299994469 1.75864839553833 0.6059015244245529 0.635201096534729 1.989733472466469 9.042895168066025 4.83140704035759 0.8433414399623871 4.467998176813126 15.56147737801075 2.390036419034004 46.83596657216549 61.6032398045063 70.03344383835793 24.19598673284054 2.10614238679409 0 0 0.2461270317435265 0 0 0 0 0 0 0 0 0.1563998609781265 0 0 0 0 0 0 2.696325324475765 0.4410742372274399 0 0 0.264502614736557 20.301549308002 0.1640721261501312 25.12792164087296 5.373382180929184 0.5459974408149719 0 0 0.1035061329603195 0 0 0 0 0.237857773900032 3.752218432724476 0 0 0 0 0 0.2461692467331886 0.1577142626047134 0 0 2.791337445378304 0 0 0 35.00174899399281 0.3117535412311554 0 0 0 0 0 0 0 0 71.31143376231194 0.1565341353416443 0 0 0 6.579396948218346 0 2.630318060517311 0.8572882860898972 1.401310354471207 2.270071424543858 0.8591921180486679 1.92295315861702 0.2804109454154968 0 0 0 0 0 0 0 34.02094052731991 2.161447405815125 5.566704869270325 151.3581348583102 3.412939742207527 79.95221053808928 14.00048996508121 55.24906168878078 7.12985648214817 0.7393500208854675 47.6186899766326 42.48312242329121 0.1226354986429214 10.80816880613565 0.7827020585536957 33.49806635081768 2.722447603940964 0 4.445963159203529 1.25903183221817 0
394.453151576221 939.5424996912479 303.8231381848454 1772.350431233644 630.8277192562819 37.04783068597317 2517.814934134483 105.4617086276412 2473.284429945052 8613.895179852843 1668.358440347016 2963.169062450528 0 2425.735378563404 91.71203101426363 35.88422770053148 3.988891616463661 0.2446966469287872 0.132566511631012 0 0.3029172122478485 0 0.7005706876516342 0.3910427391529083 0.8674304485321045 0.9338710606098175 0.1847995668649673 1.122394122183323 2.867820456624031 0 168.2631214484572 30.85709140449762 399.457643777132 0.139001727104187 0 5.294186659157276 730.6270598471165 31.99862860143185 78.54381792247295 9.918379321694374 0.2488572150468826 1.257881209254265 0.1592679768800735 4.504507556557655 0.5767722725868225 1.030019789934158 185.5466285273433 1.279528222978115 0.1432025283575058 0.1210741847753525 0.443879172205925 0.7566839009523392 8.022399038076401 1.453587256371975 14.38588822633028 14.57401695847511 5.016207002103329 115.5314113721251 13.18200889974833 20.89678090810776 2.55403408408165 115.8077048510313 0.3531189560890198 129.5699777528644 2.751510448753834 0.8327483087778091 0.5545390024781227 0.4380229935050011 0.1209479123353958 0.4133496880531311 1100.533071115613 16.88425222039223 0 92.61161714792252 120.2022963762283 184.1022414639592 342.7425325512886 63.9875153824687 10.06745087355375 256.5962500944734 0.6489603668451309 18.07728993147612 4.647483840584755 0.7286738827824593 1.118641741573811 3.056720308959484 1.343928888440132 0.1260822713375092 0.9289951920509338 0 0.7121181786060333 1.220916911959648 1.338935673236847 0.4422130435705185 2.35631800442934 2514.291775047779 28.96839727461338 0 63.68239839375019 18.70497100800276 2.529100462794304 0.6091462969779968 2.218630164861679 1.405966147780418 2.086683958768845 79.44725735485554 9.829651564359665 2.009476438164711 12.04274591803551 26.67945124208927 2.085180059075356 48.89352202415466 99.4740569293499 107.6534790694714 48.56320004165173 4.28235737234354 0.5212211310863495 0 0.3938320577144623 0 0 0 0 0 0 0 0 0.1642569005489349 0 0 0 0 0.2308299243450165 0 4.218027666211128 3.253707736730576 0 0.5831599235534668 0.4650499820709229 31.06097941100597 2.277466386556625 51.78017510473728 10.32852593064308 1.088386252522469 0.2208966165781021 0 0 0 0 0.8215462416410446 0 1.325540736317635 8.486023098230362 0 0.2074894458055496 0 1.638349488377571 0 0.09477057307958603 0.1210455819964409 0 0.1516201943159103 1.091424122452736 0 0.3246678709983826 0.5535898506641388 68.2813013792038 1.565238177776337 0.5107516050338745 0 0 0.1683152914047241 0 0 0 0.1656150221824646 174.1533946171403 2.385093882679939 0.2097246497869492 0.1203579977154732 0 13.97028771042824 0 7.848203763365746 1.682298146188259 3.096189543604851 3.241064198315144 0.9602453708648682 2.038733199238777 0 0.102482371032238 0 0 0.259588435292244 0 0 0.3450773954391479 71.89068853855133 11.71742035448551 18.85134635865688 541.2420820519328 41.12014481425285 505.168060451746 132.5026932731271 193.81200940907 89.21721088141203 4.351301722228527 239.8088898211718 84.12558288127184 0.7586651891469955 12.83663054555655 1.191364198923111 51.31732039153576 2.414360135793686 0 8.377532735466957 21.64483899623156 2.083170771598816
189.0044510215521 2260.616598725319 1059.987294450402 237.347274184227 1258.299779824913 8.907609164714813 555.0054315179586 658.5091951042414 2829.359378114343 813.4599108099937 4985.711517214775 156.5630271434784 2425.735378563404 0 50.65137813985348 12.8876301497221 1.586825735867023 0 0 0 0.1735688894987106 0 0.7823567688465118 0.6080914437770844 0.4861010983586311 0.9440735951066017 0.7509214580059052 0.5997361242771149 1.712156727910042 0.3944806754589081 403.8581327050924 29.94926034659147 858.1248927935958 0 0 1.069314792752266 1017.938215896487 3.276950567960739 24.62109151482582 2.435529507696629 0.2596795037388802 0.6886092275381088 0 2.133615933358669 0 0.3480144962668419 111.0981234461069 0.3481741175055504 0.3487416654825211 0.1474750936031342 0.131558433175087 0.5004417523741722 1.312023758888245 0.5062821209430695 10.99719992280006 9.60486838966608 5.208584859967232 119.0603527873755 9.344051219522953 11.89053223282099 0.09693395346403122 33.94677951186895 0.3325054943561554 99.77375023812056 1.163385614752769 0.2664406970143318 0.5721878707408905 0.8003417178988457 0.2529070898890495 0.8193876370787621 169.1956697031856 1.104948282241821 0 67.32041622698307 94.3622008934617 112.9488636180758 183.8807558268309 30.38776084035635 23.45981134474277 371.0488462746143 0.4408727288246155 6.303104929625988 1.734639316797256 1.151018418371677 0.5324630960822105 1.904699489474297 0.6030638068914413 0 0.5271050706505775 0 0.1054903790354729 0.2940624728798866 0.3475534915924072 0.325251042842865 0.8083144575357437 379.6829201579094 9.382310271263123 0 15.57919222861528 21.54061554372311 0.1189704313874245 0 0.6204597502946854 0 0.4091791659593582 19.38619750738144 2.017808586359024 0.1616379767656326 3.158239603042603 8.108284786343575 0.1759355366230011 14.58968847990036 20.88685453683138 24.13507241755724 10.82011480629444 1.45873761177063 0 0 0 0 0 0 0 0 0 0 0 0 0 0 0.2714061439037323 0 0.3914687633514404 0 1.822936490178108 0.1859464347362518 0 0 0 8.237492009997368 1.413669288158417 11.15435498952866 1.965578101575375 0 0 0 0 0 0 0 0 0 0.4594785124063492 0 0 0 0 0 0 0 0 0.3240695595741272 0.2131184488534927 0 0 0.2385583817958832 12.95882686972618 0.1184232980012894 0 0 0 0 0 0.1439616233110428 0 0 32.56766958534718 0.5744211077690125 0 0 0 2.228485181927681 0 0.5153196901082993 0.3553354442119598 1.523476250469685 0.6990810930728912 0.1729540675878525 1.187723062932491 0 0 0 0 0 0 0 0 15.71224300563335 1.205499619245529 3.617141418159008 259.8564260154963 17.36206132173538 315.3403568789363 63.99317985773087 68.89804682135582 48.63810303807259 2.986298397183418 122.0202726125717 30.88928794115782 0.07484828680753708 5.16123354434967 0.6327951103448868 14.48063559830189 0.761627733707428 0 6.433069929480553 7.689165443181992 0.6276370882987976
