0 4240.443888038397 291.1628276109695 1210.437649734318 370.6011581346393 203.3989706411958 1538.433506697416 126.9434876590967 298.2626484930515 1906.298235476017 89.7392118498683 466.2870903909206 1075.542911812663 156.3756154477596 1.604953050613403 0 0 0 0.144357904791832 0 0 0.6004944294691086 0 0 0 0 0 0 0 0 1193.679401054978 5.507625564932823 4.212305411696434 0 0 0 6.927146285772324 0 1.710772722959518 0 0 0 0 0 0 0 6.92010173201561 0.882987305521965 0.38868547976017 0 0.6734837219119072 1.577046096324921 0 0 4.483600817620754 7.153957091271877 136.6581686213613 1253.7701696679 41.41059747338295 5.208612397313118 0.1146162375807762 2.755008220672607 0 18.50040712207556 2.449916534125805 1.323780596256256 1.52335986495018 0.228958435356617 0 0.8644854947924614 58.4483173340559 19.36804127693176 0.8746568709611893 80.63270542025566 14.76788049936295 3.833805963397026 1.626642122864723 0.3420026302337646 0.1404706984758377 2.103268526494503 1.045536510646343 1.075304925441742 1.963387727737427 2.171049155294895 0.3415501117706299 1.610061183571815 0.9442095756530762 1.574409976601601 0.4908920675516129 2.304804295301437 0.1569736301898956 0.5086750239133835 0.1213009059429169 0 0.1725969165563583 313.2859372794628 6.243877336382866 0.7008374780416489 4.39101080596447 665.2408618927002 1.141625642776489 0 4.02773779630661 0 1.475444197654724 13.31753250211477 0.4666269421577454 5.379975944757462 76.81651671230793 1.003974080085754 2.074402272701263 5.093877345323563 4.697222903370857 4.524056479334831 0.2112216502428055 1.258960768580437 0.7270794808864594 0.3461723625659943 0 0 0 0 0 0 0 0 0 0 0 0 0 0.2489519566297531 0 0 6.389207005500793 0.2538673877716064 0 0 0 4.045330345630646 0 4.802956789731979 2.270790189504623 0 0 0 0 0 0.6397788822650909 0 0 1.034600257873535 3.414641857147217 0 0 0 0 0 0 0.6483708620071411 0 0 1.267877578735352 0 0 0 4.82511579990387 1.313540101051331 0.940080463886261 0 0 0 0 0 0 0 5.903638035058975 7.199728012084961 0 0 0 2.732381284236908 0 0.5279190540313721 0.9895921945571899 1.14396870136261 1.465242683887482 0 0.645209789276123 0 0 0 0 0.1004661545157433 0 0 0 6.832896858453751 4.751203835010529 8.700222611427307 28.51561018824577 2.091728940606117 55.57004182040691 9.853550456464291 821.3375378847122 20.06659542769194 2.540522433817387 3.393035128712654 3.845350712537766 0 5.712778002023697 0.262246236205101 0.471818596124649 0 0 1.083200693130493 0.2041440308094025 0
4240.443888038397 0 1242.64012479037 352.9478125274181 2080.546621002257 330.8053599596024 1246.216177120805 739.098761536181 519.2684721127152 132.3638257086277 564.0624386444688 4.524346530437469 200.2554332464933 214.2578693032265 20.29590942710638 0.2216833680868149 0.1477755159139633 0.3618345856666565 0 0 1.109733931720257 0 0.2138683497905731 0 0.2021575719118118 0 0 0.1355974525213242 0.9788480848073959 0 4523.954573102295 46.12651234865189 31.36293862760067 0 0.1499483734369278 0.5395402312278748 63.11512167751789 16.59983320534229 27.18507727980614 4.699028581380844 0 0.1648916751146317 0.4825304001569748 0.5710330307483673 0 0.1213752776384354 116.9773649424314 2.959148190915585 0.7353768348693848 1.207405813038349 6.557557001709938 1.359119154512882 0.1460546851158142 0.3030402362346649 20.09819050133228 39.48782097548246 67.96211750805378 1102.117053210735 17.24821193516254 53.18224555253983 0.6809292361140251 10.17214748263359 1.456234492361546 140.0360191240907 15.58146817982197 8.978652827441692 7.733424939215183 1.922630272805691 0.465793639421463 1.997224703431129 83.09234116226435 132.4290072470903 0.2798123061656952 194.2851993516088 74.36528939753771 59.04555601626635 11.84153678268194 1.998160250484943 4.695050247013569 44.6241265013814 3.226641021668911 16.70187345147133 12.02498555928469 5.972121246159077 2.921176828444004 9.763473063707352 1.824508100748062 0.3545643240213394 6.071609623730183 0.3099705725908279 1.450848132371902 1.438416585326195 0.9391354396939278 0.5331292673945427 0.7061364203691483 52.22104092687368 20.11077661812305 0 22.51202900707722 664.8074817210436 14.13097539544106 1.849812984466553 76.87338395416737 2.846712708473206 9.63324362039566 154.6205602735281 4.667686641216278 136.7398118600249 36.52175997197628 14.4713152050972 39.34024582803249 156.9766094982624 45.86880011856556 63.49899607896805 30.59678806364536 4.721732534468174 5.698287561535835 0.5818124413490295 0 0 0 0.4083812236785889 0 0 0 0 0 0 0 0 0 0 0.3503243029117584 0 61.89765405654907 1.030681118369102 0 0 0.6107808947563171 51.39762963354588 1.691309958696365 43.63951967656612 15.79964780807495 1.181505888700485 0.139287069439888 0 0 0 0.8555729389190674 0 0 13.14918737113476 34.06460379809141 1.325280338525772 0.8313901573419571 0 0.1428658068180084 0.1460424661636353 1.260580807924271 1.499469861388206 0.644392304122448 2.582958206534386 12.92854845523834 0 0 0 44.12101271748543 12.43851435184479 7.390144392848015 1.29583340883255 0.7257428765296936 1.100185662508011 0 0.5390431880950928 0.1933808177709579 0.2907012104988098 68.70363858342171 47.71545004844666 0 0 0.4069340974092484 20.70454078912735 11.53253191709518 21.13149961829185 14.96813444793224 20.02042686194181 21.4195542037487 1.72363218665123 4.659631833434105 3.076744869351387 0.2575304210186005 0 0 0.2710742503404617 1.603509902954102 0 0 64.10968326032162 113.7160141021013 78.92078655958176 363.2295588254929 60.35533514618874 565.8138720318675 118.687260992825 1389.907245673239 103.7236964330077 32.22342529892921 73.22039324790239 48.67050923407078 2.593747094273567 52.58951614052057 5.158246442675591 16.3505165874958 6.338900253176689 5.347679518163204 9.239005416631699 15.77070028334856 0.7308014631271362
291.1628276109695 1242.64012479037 0 10.11820936948061 548.1966659352183 10.52413656562567 466.0338858738542 3176.379602745175 1212.828797720373 3.557280093431473 2023.431639231741 0 84.65738863497972 428.561074718833 35.31532623618841 7.301823638379574 0.677352137863636 0.3530880361795425 0 1.629359602928162 45.92524551600218 0.1445467621088028 3.571826756000519 3.33075125515461 0.84674271941185 1.989941015839577 1.285257995128632 1.266437850892544 0.1194677874445915 0 6520.866604290903 265.7192652896047 30.40235266089439 0.2859865874052048 3.394565962255001 1.258319549262524 50.00389187037945 7.453038699924946 15.68046993017197 2.074485823512077 38.42705275863409 7.549997948110104 5.084154188632965 2.119633898139 0 0 116.7701462879777 7.003570944070816 0.665152445435524 2.342005327343941 14.13817334920168 0.8213069140911102 0 1.029557079076767 17.14485032111406 36.76645309478045 33.33552557975054 929.0746508911252 4.930672153830528 50.38901183009148 1.222833968698978 4.329801008105278 0.881411001086235 275.1046853736043 13.57447461783886 8.928979024291039 10.50680356472731 7.400071077048779 8.314084380865097 90.34361601620913 71.97933036088943 70.98671734333038 0 161.6877587661147 82.40620282292366 74.72520170360804 27.2161902114749 5.151214301586151 506.2211634740233 1063.694948516786 39.7403706908226 533.2302527055144 12.62646588683128 3.884204462170601 4.600289881229401 11.28671228140593 10.68475602567196 0.6525663360953331 7.049563974142075 0.956333115696907 1.530454725027084 1.411983489990234 13.38595530390739 4.177835315465927 0.5522719621658325 14.63687625527382 8.849429652094841 0 9.433658570051193 57.32965572178364 2.913645386695862 2.252305075526237 35.98646409809589 1.63549131155014 4.560408055782318 92.41799557209015 0.5017518848180771 85.37315458804369 13.45409896969795 6.612217918038368 27.4787510484457 98.89714789390564 22.54399766027927 42.1454409211874 22.89370933175087 2.357242777943611 3.099909946322441 0 0 0 0 0 0 0 0 0 0 0.1367113292217255 0.4085679203271866 0 0 0 0.4219834506511688 0 22.15688039362431 1.140300184488297 0 0 0 25.79578699171543 0.740967720746994 21.3744031637907 7.635281831026077 0.5963953882455826 0 0 0 0 0 0 0 5.952208682894707 14.68323600292206 1.118225395679474 0 0.3182363510131836 0.1304997950792313 0.4122237265110016 0.3597046136856079 0.3379457890987396 0.1052613854408264 0.7948254346847534 6.417195573449135 0 0 0 22.09352472424507 6.318334579467773 3.43155112862587 0.5026524066925049 0.4470216780900955 0.1524937301874161 0 0.6275579780340195 0 0.1318015456199646 48.52048429846764 29.86634911596775 0 0 0.6766270101070404 7.767515048384666 0.8029297292232513 9.668530866503716 5.827294677495956 8.770955055952072 13.59430173039436 0.44722780585289 2.680126860737801 1.326236799359322 0.1096869930624962 0 0 0.1897441446781158 1.137195512652397 0.4177334755659103 0 44.58399274945259 72.738670617342 46.63208171725273 280.1364328041673 60.38296706974506 434.5690067857504 94.67170558124781 168.6041248962283 80.44439379870892 30.3612702563405 69.01088909059763 24.97137090563774 1.157235741615295 22.02698881924152 1.047442674636841 5.515453681349754 2.582204341888428 0.7970617264509201 5.115883059799671 3.860212154686451 0
1210.437649734318 352.9478125274181 10.11820936948061 0 101.9233870506287 248.9395419508219 1825.064714133739 1.552550777792931 284.7311132624745 1292.684316515923 1.512439727783203 384.006402797997 1788.769437134266 145.2197104096413 0.1366551220417023 0 0 0 0 0 0 0 0 0 0 0 0 0 0 0 89.71736408770084 1.536540493369102 0 0 0 0 0.7968931794166565 0 0 0 0.1013404354453087 0 0 0 0 0 3.618382312357426 0 0 0 0.09269696474075317 0 0 0 2.199439913034439 3.15495290607214 9.791395671665668 91.55044627189636 0.9857491552829742 2.549849666655064 0 0.1100053042173386 0 6.229854010045528 0.81474469602108 0.5004428327083588 0.7428042739629745 0 0 0.2897827178239822 2.196258872747421 2.30405992269516 0 13.72630994766951 4.716463685035706 2.424118898808956 0.4735214859247208 0 0.1296930909156799 0.5566696003079414 0 0.09336301684379578 0.4037505835294724 0.6349328011274338 0.2108681797981262 0.2809884026646614 0.1588008403778076 0 0.4663652032613754 0 0 0 0 0 0 13.99052054435015 0 0 0 80.25130184739828 0 0.755604088306427 0.9893011450767517 0 0 2.216715097427368 0.540303111076355 2.896143525838852 65.57705800235271 2.639712035655975 0.4131317138671875 4.32549986243248 2.87776917219162 0.7887369692325592 0.4751210510730743 0 0 0 0 0 0 0 0 0 0 0 0 0 0 0 0 0 0 0 1.167955160140991 0 0 0 0 0.9555969834327698 0 0.7541003823280334 0.1290492713451385 0 0 0 0 0 0 0 0 0 0 0 0 0 0 0 0 0 0 0 0 0 0 0 0 0 0 0 0 0 0 0 0 0 2.698900043964386 0.7895511984825134 0 0 0 0 0 1.141544580459595 0 0 0 0 0 0.3444481194019318 0 0 0 0 0 0 0 2.659322589635849 0 3.166107475757599 13.79301220923662 2.657074935734272 30.11008901149035 4.089484520256519 199.2071170955896 4.417727842926979 1.430264391005039 1.614554673433304 1.390598401427269 0.07810358703136444 0.5603527873754501 0 0.5040453672409058 0 0 0 43.80208575725555 0
370.6011581346393 2080.546621002257 548.1966659352183 101.9233870506287 0 98.15313681960106 1837.834349952638 122.4831378385425 4200.170845016837 122.5070282593369 791.8809485211968 0.6548312902450562 670.4164852648973 493.8581010699272 12.55627651512623 0 0 0 0 0.2002380937337875 0.7672025859355927 0 0 0.1394507139921188 0.230498269200325 0.5090503096580505 0 0 0.4338415712118149 0 545.8600375503302 15.96805042028427 6.372804671525955 0 0 0.9095302522182465 55.76229307800531 4.274719677865505 13.22528832405806 0.9712880253791809 0.3883726596832275 0.180020660161972 0 0 0 0 76.88041355460882 1.876869581639767 0 0 2.14499943703413 0.4975519627332687 0 0.7283014059066772 5.974319405853748 13.31593842804432 13.70212284475565 117.070823147893 3.710271954536438 26.98732072860003 0.2632727697491646 0.4823836535215378 1.168555825948715 42.5733709409833 4.079208627343178 2.889625377953053 3.037760339677334 0.6998596861958504 0 0.1985185444355011 78.52716156840324 106.86025865376 0 52.52633438259363 22.09471767395735 31.20512147247791 9.413180701434612 0.8203442916274071 0.5000407993793488 10.13462162017822 1.061183504760265 2.741770021617413 2.42136237770319 2.888892106711864 0.9412017539143562 3.551735535264015 0.9000203609466553 0.2520569264888763 1.781502857804298 0.7165818139910698 0.7975815087556839 1.021547369658947 0.4307817071676254 0.4062218517065048 0.629981130361557 148.1525513008237 11.85001237690449 0 16.46216915547848 57.25373227894306 14.03197199851274 8.286802738904953 78.04492069780827 10.6419739574194 10.25429160892963 246.2395106032491 4.345806136727333 248.097828656435 49.31492157280445 31.69304737448692 65.78074129670858 316.0424004197121 102.0374032631516 156.4330551549792 49.04780727624893 5.719150826334953 8.006005257368088 0 0.4108855724334717 0 0 0 0 0 0.2102745026350021 0.1054743602871895 0 0 0.3893832266330719 0.3275170922279358 0 0 0 0 60.06762358546257 3.760791689157486 0 0 0 45.72601853311062 1.008740693330765 18.69128592312336 9.157758429646492 1.470429092645645 0 0 0 0.3678658306598663 1.480505555868149 0 0 9.250379502773285 28.60887555032969 1.289922043681145 0.3151712417602539 0.3466775417327881 0 0.4011538922786713 0.2368535846471786 1.042629882693291 0.1138579025864601 2.58044670522213 12.92298464477062 0 0.1699867397546768 0 30.72217084467411 4.90369439125061 8.448272481560707 2.05497319996357 0.3403482139110565 0.3904117345809937 0.4195921421051025 0.9092100709676743 0 0 126.3145220950246 39.32967929542065 0 0 0.2325494736433029 22.16710418462753 4.893520429730415 10.36261922121048 9.776852294802666 15.47760807722807 23.64105362445116 1.450246304273605 7.533647477626801 1.595827728509903 0 0 0.09838690608739853 0.216206818819046 0 0.2974213361740112 0 143.8758698254824 150.1106194108725 79.9872442483902 279.2535634785891 59.76357048004866 331.4069971814752 100.1149446740746 249.8226318582892 64.0338204652071 20.85396108776331 76.6548924818635 58.74139142036438 2.26206723600626 54.47902719676495 5.150656171143055 16.05423347651958 9.240987360477448 2.542430356144905 9.463161058723927 5.867851488292217 0.4452565461397171
203.3989706411958 330.8053599596024 10.52413656562567 248.9395419508219 98.15313681960106 0 567.1434219032526 6.28266604244709 313.6971084848046 811.5260085314512 8.894513539969921 466.470920085907 724.7516725733876 147.8602000921965 0 0 0 0 0 0 0 3.518962427973747 0 0 0 0 0 0 0 0 33.47071480751038 0.5385137647390366 13.33106996119022 0 0 0 25.04282654821873 0.1521428227424622 1.732506662607193 0 0 0 0 0 0 0 0.1387932747602463 0.1533377468585968 0 0 0.3552991598844528 19.25425936281681 0.9261911511421204 0 0 1.14955397695303 141.7161290347576 187.2101098746061 13.67593933641911 0.6669694185256958 0 1.44055050611496 0 0.579644501209259 0 0 0.2602171450853348 0 0 0 223.7669384032488 94.24651423096657 14.97934480011463 2.202305197715759 0.4259783029556274 0.2235035821795464 0 0.3240229785442352 0 11.72620379924774 0 0.2602613568305969 0.1971637159585953 4.420948803424835 0 0.4018941521644592 0 13.74441258609295 5.408524103462696 33.40312683582306 0.6909443587064743 2.737678363919258 0 0 0 643.5206852257252 81.7414545416832 12.68580134212971 5.134314611554146 873.6396057605743 0 0 0.1343791484832764 0 0 0.1451970040798187 0 0.2345212250947952 7.213052444159985 1.856958970427513 0 4.132206037640572 0 0.4239316880702972 0.1803953796625137 0 0 0 0 0 0 0 0 0 0 0 0 0 0.3247691690921783 0 0 0 0 0 0 0 0 0 0 0 0 0 0 0 0 0 0 0 0 0 0 0 0 0 0 0 0 0 0 0 0 0 0 0 0 0 0 0 0 0 0 0 0 0 0 0.2387073785066605 2.115503549575806 0 0 0 0 0 0 0 0 0 0.3834972381591797 0 0 0 0 0 0.3678869903087616 0.218025729060173 0 0 0 1.219011440873146 0.1698018908500671 0.3452350646257401 3.902799725532532 3.2304777354002 6.618992187082767 0.5497398748993874 321.9010427594185 6.404050394892693 0.8457648456096649 0 0 0 0 1.559528231620789 0 0 0 0 10.11170633137226 0
1538.433506697416 1246.216177120805 466.0338858738542 1825.064714133739 1837.834349952638 567.1434219032526 0 18.77354574203491 797.3291974067688 1649.766765482724 291.7684269249439 12.898288667202 807.7676724642515 399.2417102903128 8.068039692938328 0.5556556433439255 0.264247864484787 0 0 0 0.3969071060419083 0 0 0 0 0 0 0 0.3176961243152618 0 310.187538176775 10.53065627068281 2.108864285051823 0 0 0 23.99027622491121 1.71221436560154 5.455415457487106 0.2598473727703094 0.538913406431675 0.1292485147714615 0.3113696575164795 0.1257076859474182 0 0 38.50441416352987 1.789895251393318 0 0.1184866204857826 2.696492671966553 0.2992431223392487 0 0 6.795082345604897 10.27764316648245 22.52730054408312 245.3294277489185 4.636046275496483 16.04618709534407 0.1622219532728195 1.031261518597603 0.5423840135335922 41.68919267505407 4.000731766223907 2.072712510824203 3.444037795066833 1.464454248547554 0.2418374344706535 0.5991793945431709 42.62213714420795 48.21064905822277 0.3779421448707581 59.82478341460228 25.34272024780512 17.59739469736814 5.214138843119144 0.5314954519271851 0.4021821096539497 3.877353347837925 0.4283301904797554 0.7343694344162941 3.488089077174664 1.920228220522404 0.8129185736179352 3.135957434773445 0.3704161420464516 0.2332831397652626 1.54104320704937 0 0.6141845434904099 0.3656330183148384 0.3848463147878647 0.2519903630018234 0.2433498278260231 431.839029699564 3.206066712737083 0 7.189514815807343 273.5262766182423 7.70663096010685 4.438733801245689 37.5431906580925 7.119182273745537 4.106922522187233 143.5823622718453 3.207057923078537 141.1828941851854 56.21558745205402 40.75914466381073 38.48846577107906 237.4665357843041 96.80096011608839 124.6763636022806 24.64119713008404 1.796418242156506 2.948513485491276 0.3930636942386627 0 0 0 0 0 0 0 0 0 0 0 0 0 0 0 0 18.93192148208618 0.6485362201929092 0 0 0 26.68474549055099 0.7323259115219116 12.30196473002434 4.276117399334908 0.3001600205898285 0 0 0 0.2926686108112335 0.1334685683250427 0 0 4.527527540922165 14.40315327048302 0.5362994968891144 0 0 0 0 0.5046843290328979 1.753929361701012 0.2227438762784004 0.4115038067102432 8.01710456609726 0 0 0.1543818712234497 19.19128891825676 3.144486844539642 3.39365442097187 2.482283860445023 0 0.3854690045118332 0 0.3390883654356003 0 0 77.94814148545265 13.6974608451128 0.1830492913722992 0.5243666768074036 1.092017829418182 9.044334918260574 2.435089290142059 4.420455306768417 5.722557216882706 6.615560591220856 10.47653356194496 1.233139492571354 3.467736050486565 1.717741407454014 0 0.109765499830246 0 0.3680180460214615 0.4478898793458939 0 0 121.2191569805145 70.16649736464024 36.59539878368378 142.8671241253614 23.70854446291924 199.8876371309161 44.35413773357868 908.3804061859846 38.757154494524 8.649993479251862 36.14344890415668 19.69605624675751 0.5527503415942192 26.31845963001251 1.171565786004066 4.102043814957142 0.9529886543750763 0.2225607186555862 2.232419073581696 15.45800859481096 0.4365832805633545
126.9434876590967 739.098761536181 3176.379602745175 1.552550777792931 122.4831378385425 6.28266604244709 18.77354574203491 0 1275.766795471311 0.8496382161974907 1939.483191654086 0.7400825619697571 196.4819427877665 2062.713387429714 88.78309103101492 16.84774628281593 1.534660115838051 0.4377049654722214 0 2.319905042648315 64.11075270920992 0 8.33985860645771 7.175102069973946 6.132194936275482 5.935180902481079 0.6163969486951828 1.218293093144894 0.1450103521347046 0 3585.583199188113 1019.902230188251 91.87179947644472 0.5474102348089218 11.81234459578991 5.179328203201294 113.3502693474293 19.81084091216326 8.830827161669731 1.260399669408798 51.37910588085651 5.49244686216116 3.116388037800789 1.801384925842285 0.3423901796340942 0.1608868986368179 292.4120043218136 2.947554923593998 0.2833808213472366 1.192007698118687 10.3420502319932 0.9201185926795006 0.0875769630074501 0.3289692476391792 12.96301618218422 25.02252827584743 17.82026003301144 227.5644859299064 6.110606044530869 66.25711432099342 0.9869176000356674 13.40338207781315 4.546785339713097 238.0345991924405 9.111158289015293 4.688849821686745 7.948306165635586 5.812698222696781 5.221695899963379 83.4280793145299 142.1669904068112 98.00882798433304 0.2785327583551407 98.98160894960165 76.00354114919901 155.1616615876555 89.92981251329184 29.41285742074251 178.0891578644514 1003.630388781428 120.5348560288548 1181.337919034064 4.585504308342934 5.635459743440151 3.574008345603943 9.165820635855198 4.824803151190281 0.4084081128239632 4.72208933532238 0.6369764059782028 1.594454184174538 1.815035842359066 14.83394813537598 3.970048859715462 0.8276227861642838 31.68535748124123 11.57055465877056 0.2221406698226929 8.882828027009964 16.23505757749081 6.592037364840508 1.914998188614845 34.13651561737061 4.019748657941818 3.835900872945786 76.60236946493387 1.283441588282585 70.64392453432083 9.322993144392967 5.080620378255844 21.87397375702858 76.81860221922398 23.68816046416759 45.7880499958992 22.99387308210135 8.785956054925919 2.795968592166901 0.2319624722003937 0 0 0 0 0 0 0.1365758776664734 0 0 0 0.2259580343961716 0 0.1339688897132874 0 0.7226802557706833 0 16.6719626635313 0.7757331430912018 0 0 0 32.0758533924818 1.084025904536247 7.003225833177567 2.622093737125397 0.6651938036084175 0.3310550600290298 0 0 1.109949812293053 0.9701454937458038 0 0 3.056766822934151 11.6617863997817 0 0.3747442960739136 0 0.4889595210552216 0 0.1009576618671417 0 0 0 3.855130732059479 0 0 0.2269628643989563 9.963971644639969 4.24092011153698 3.664760798215866 0.1968435272574425 0.2431150376796722 0 0 0.1004061847925186 0.2464828044176102 0.3720869421958923 51.33779330551624 25.70184378325939 0 0 0.5231414660811424 4.975914567708969 0.7190085053443909 3.627531036734581 4.405278712511063 5.886135637760162 9.906138569116592 1.170042723417282 4.734847918152809 0.8205485641956329 0.1045137643814087 0.3274069130420685 0 0.09866448491811752 0.2695410847663879 0.2647185772657394 0 57.60162679851055 79.00697338581085 42.81705823540688 729.4654400423169 99.08935575187206 831.3776117414236 229.4501889646053 124.8878595679998 116.6450133398175 40.28690571337938 197.9448980614543 33.59675617516041 1.575417339801788 26.36807014793158 2.429721623659134 3.288537234067917 1.37881326675415 0.8278534263372421 4.957978762686253 8.08568450063467 0.1746479123830795
298.2626484930515 519.2684721127152 1212.828797720373 284.7311132624745 4200.170845016837 313.6971084848046 797.3291974067688 1275.766795471311 0 561.8376638516784 3500.383974969387 15.64601571857929 900.5728277862072 1117.871779948473 26.66642743349075 3.496554486453533 0.2143216952681541 0.1177435889840126 0 0 0.4634989053010941 0 0 0 0 0.1492166072130203 0 0.2037549614906311 0.435792475938797 0 103.8265568912029 12.06959974765778 7.586802966892719 0 0 0 97.52404233068228 5.034909322857857 17.00769522041082 0.7520467787981033 0 0.3071400076150894 0.2319990992546082 0.2483032420277596 0 0.2515853643417358 77.78351686894894 0.5059979781508446 0.1074698492884636 0.1359396874904633 1.389510676264763 0.5767442733049393 0 0 2.245460502803326 6.477362982928753 11.46144314110279 51.12664189189672 3.919245503842831 17.81042003631592 0.6335783824324608 3.374511390924454 0.2664750665426254 31.67167210578918 2.677727855741978 1.559598430991173 2.458613663911819 0.3229666650295258 0.3650974556803703 0.7913981378078461 253.2791871726513 233.3867813795805 0.1459623277187347 29.45012974739075 12.02638757228851 39.91043257713318 15.50131334364414 1.829713523387909 0.1243935972452164 11.61136240512133 1.018273636698723 3.775361575186253 2.897196285426617 1.756673879921436 0.2250646203756332 2.036735199391842 0.6767281517386436 0.4609091579914093 2.215951465070248 0.6554924175143242 0.1135671585798264 0.3366901874542236 0.1188143342733383 0.2778598517179489 0.2704638093709946 972.1805524379015 21.97179850190878 0 17.69323322176933 142.8481502011418 18.68849793076515 18.34784629195929 150.002486333251 20.92229979485273 19.89965561032295 625.3006828799844 21.34399213641882 601.6990902498364 150.4775199890137 114.1161537989974 164.4173724278808 954.8196133822203 379.5811409205198 567.6402355134487 131.9213104471564 10.69304106384516 10.74056568741798 0.8162038177251816 0 0 0 0.1794639676809311 0.6246994137763977 0.3849655091762543 0 0.1603236347436905 0.1232607290148735 0 0.5594420731067657 0 0.1363991349935532 0 0 0 89.56164743006229 6.638414785265923 0 0 0 93.73276991397142 0 27.65300630033016 6.086461372673512 1.559438526630402 0.1445810198783875 0 0 0.6960609257221222 1.236401259899139 0 0 14.78632102161646 47.00659743696451 3.579120576381683 1.917871579527855 1.142191976308823 0 0 0.227237269282341 3.447699010372162 0.5891136974096298 2.646118089556694 19.23261947184801 2.750931516289711 0 0 49.24441651254892 13.74393391609192 11.1580096334219 3.831996232271194 0.5097765848040581 0.6544002518057823 0.107774518430233 1.038776010274887 0 0.9193238765001297 408.370991781354 67.28955219686031 0.288728803396225 0.8189617097377777 1.991340719163418 43.84333455562592 6.234436079859734 15.94237218797207 19.271065749228 28.26420196890831 26.4886267632246 3.423093035817146 10.46537128090858 4.749359093606472 0 0.4097947180271149 0 1.785225905478001 1.172955095767975 0.9340443164110184 0.1761537492275238 496.9939939975739 346.2364397719502 146.304796770215 486.9165879264474 47.65835127234459 326.5885043591261 118.7710635587573 479.8616680428386 49.67031615227461 15.61174111813307 129.1668946519494 73.5277111902833 2.388599269092083 87.52914787828922 8.375363044440746 26.44339622557163 8.670832581818104 0.5892887860536575 16.02689772844315 9.068347863852978 0.3036880195140839
1906.298235476017 132.3638257086277 3.557280093431473 1292.684316515923 122.5070282593369 811.5260085314512 1649.766765482724 0.8496382161974907 561.8376638516784 0 2.916680097579956 1592.526123419404 5298.190719343722 342.781069278717 0.5028324276208878 0 0 0 0 0 0 0 0.1950022727251053 0 0 0 0 0 0 0 56.60560791939497 1.024339839816093 2.478087186813354 0 0 0 17.32075767219067 1.265871226787567 0 0 0 0 0 0 0 0.1113313063979149 1.333902701735497 0.3311848714947701 0 0 0.1277570873498917 0 0 0 1.074804283678532 1.074923254549503 15.93472378700972 83.65195675194263 3.801068067550659 1.250125057995319 0 0.1937384605407715 0 4.053010366857052 0.5364525616168976 0.3798582032322884 0.1921640634536743 0 0 0.4032601416110992 54.15203100442886 0.9370759129524231 0 12.26007081568241 2.032048389315605 2.449425391852856 0 0 0 0 0.2127364575862885 0 0.3968994840979576 0.4473205134272575 0.1142872199416161 0.437890037894249 0.1039855554699898 0 0.1959052607417107 0 0 0.205784298479557 0.1159897819161415 0 0 194.4415362328291 0.3978632092475891 0 0 266.9067176803946 0 1.667149886488914 1.493428096175194 0.5442815274000168 0 13.05189445614815 0.8734425902366638 10.15409209579229 23.670315772295 11.204406067729 1.804051145911217 31.71326500177383 17.91882537305355 22.00598420202732 0.9837679117918015 0 0 0 0 0 0 0 0 0 0 0 0 0 0 0 0 0 0 0 0.8248481750488281 0 0 0 0 0.8376501798629761 0 1.549020156264305 0 0.1165280938148499 0 0 0 0 0 0 0 0 0 0 0.182237908244133 0 0 0 0 0 0 0 0 0 0 0 0.4497651606798172 0 0 0.4851665198802948 0 0 0 0 0 0 9.004398182034492 0 0 0 0 0.4192565977573395 0 0 0.7414104342460632 0.814434289932251 0 0 0 0 0 0 0 0 0 0 0 17.61661553382874 4.232078790664673 0.6002760231494904 7.40880524367094 0.4476560354232788 16.45498384535313 1.747364908456802 499.8271358385682 3.398979723453522 1.879439055919647 0.9762033075094223 0 0.1197332814335823 0.8329778015613556 0.2277780622243881 0.6768745183944702 0 0 0.5813683867454529 87.39628667384386 0
89.7392118498683 564.0624386444688 2023.431639231741 1.512439727783203 791.8809485211968 8.894513539969921 291.7684269249439 1939.483191654086 3500.383974969387 2.916680097579956 0 9.185768261551857 744.0370099693537 4020.206546619534 122.875565931201 35.50201202183962 0.4484676793217659 0.4205736666917801 0.1379153281450272 0.1744681149721146 2.887391701340675 0 0 0.4704157263040543 4.564329251646996 4.681200794875622 1.318456992506981 2.643782816827297 0.6396911963820457 0.09927605837583542 1637.439505256712 317.5771355703473 999.9039420410991 0 0.5647818818688393 8.141597643494606 545.3947972431779 117.5577545911074 15.30633421242237 2.915086723864079 11.03619923442602 1.050488211214542 0.1184966862201691 0.870968222618103 0 0.1576450765132904 311.9277748018503 4.470855407416821 0.2787465453147888 0.2623013556003571 6.980291247367859 1.774821735918522 0.2463747709989548 0.7273419499397278 9.823816351592541 24.27097476273775 12.50525276362896 154.1380096152425 5.151965260505676 70.33965959399939 0.8367386907339096 65.60979893058538 0.6514027565717697 176.1730229854584 7.546746090054512 5.393833488225937 6.483708098530769 2.01253017783165 2.217286512255669 12.32337208092213 412.7671618238091 190.8262959271669 0.4618864879012108 87.49783471226692 60.74225188046694 189.4306862428784 107.0924846976995 14.24873957037926 64.30505276471376 231.5922202244401 1.93639899790287 68.10656244307756 6.482650734484196 5.701316423714161 2.708350896835327 8.733540788292885 1.105376020073891 0.1336624622344971 5.746809847652912 0.5172368213534355 0.9356248900294304 1.284586854279041 2.53074523806572 1.268673844635487 0.8285077884793282 155.7537165433168 14.28024376928806 0 15.5737906396389 18.40220077335835 7.192323133349419 3.74551522731781 42.02352854609489 3.854442179203033 6.325280070304871 131.5626634433866 3.272951275110245 136.872253485024 20.56585060060024 16.51457893848419 38.50808058679104 177.5689161717892 67.16794088482857 115.4219745397568 42.47273559123278 2.820669531822205 5.570911914110184 0 0 0 0 0 0 0 0.7700945138931274 0 0 0 0.1471691429615021 0.5773108303546906 0.1409463882446289 0.3346384465694427 0.3248116821050644 0 35.76808943599463 1.407974183559418 0 0 0 40.43427132070065 0.2726784348487854 14.50032702088356 6.224622189998627 0.4402160570025444 0.5123588442802429 0 0.4798031151294708 0 0.2754784226417542 0 0 5.901949256658554 15.71640147268772 0.3964613080024719 0.1370304971933365 0 0 0 0.3167625963687897 1.02137216925621 0 2.279852777719498 6.151328459382057 0 0.2579617202281952 0 21.97327063977718 6.196270972490311 1.895988792181015 1.506687149405479 0.780104398727417 0.1556517630815506 0.1194858327507973 0.5743663311004639 0.1374498456716537 0.6990804225206375 118.5338080152869 44.18795974552631 0 1.847806423902512 0.8680139482021332 20.71236449480057 1.060737103223801 7.775035008788109 3.507822759449482 7.271277375519276 11.52253113687038 1.343771830201149 3.001736424863338 0.5200024098157883 0.3218270242214203 0.1039115190505981 0 0 0.5895928591489792 0 0.1357698887586594 148.5331724584103 150.0089460015297 63.73348823189735 1064.158034898341 129.5892925933003 879.4041251018643 291.0103056132793 143.6066386923194 124.5779441818595 54.7682418897748 271.9773197621107 50.01823749393225 3.613823637366295 32.1590128839016 5.748121120035648 5.457627266645432 0.5130856484174728 2.245506584644318 5.705551534891129 10.72509776800871 0.2855598330497742
466.2870903909206 4.524346530437469 0 384.006402797997 0.6548312902450562 466.470920085907 12.898288667202 0.7400825619697571 15.64601571857929 1592.526123419404 9.185768261551857 0 1432.30943159759 50.91099413484335 2.640709862112999 0.4803458899259567 0 0 0 0 0 0 0 0 0 0 0 0 0 0 4.737408071756363 0.2254733592271805 11.95667953789234 0 0 0 210.0063977837563 23.41997098177671 0 0 0 0 0 0 0 0.4693971574306488 3.163111917674541 0.1172117739915848 0 0 0 0 0 0 0.1212812066078186 0.1184085309505463 6.892137281596661 16.6666160300374 1.405706822872162 0.1224877387285233 0 4.307310819625854 0 1.202844642102718 0.08030427992343903 0.1914645656943321 0 0 0 0 192.2719778120518 12.10690881311893 0 1.870196990668774 0.561355784535408 1.276862651109695 1.816629208624363 0.6503549218177795 0.137643501162529 2.449933141469955 0 0 0.2964179068803787 0 0 0 0 0 0 0 0 0 0 0 0 801.4734939709306 5.010379403829575 0.8358868360519409 0.8539915382862091 155.6374570131302 0.9409555792808533 2.940921023488045 5.443559035658836 0.870389923453331 0.223477765917778 36.21633817255497 2.211190715432167 30.82611305266619 8.640511482954025 10.84487655758858 10.17321863770485 69.83379893004894 46.33164970576763 54.79436703026295 11.65039655566216 0 0.6045476198196411 0 0 0 0 0 0.3416647017002106 0 0.1646361202001572 0 0 0 0 0 0 0 0 0 1.447651982307434 0.2575708031654358 0 0 0 4.674140051007271 0 1.731777548789978 0.3792128562927246 0 0 0 0 0 0 0 0 0.1338081955909729 0.9851100295782089 0 0 0 0 0 0 0 0 0 0.3990048468112946 0.328908234834671 0 0 1.507096841931343 0 0 0 0 0 0 0 0 0 40.56895895302296 1.874921500682831 0 0 0 2.508853778243065 0 0 0 0.1481896042823792 1.287943251430988 0 0 0.1678611040115356 0 0 0 0 0 0 0 64.30512583255768 28.25609323382378 6.618455901741982 18.20735027641058 1.192359328269958 8.162352189421654 2.728157699108124 318.2087560892105 1.59895795583725 0.2559230402112007 3.867364101111889 1.141710758209229 0 1.309560894966125 0.3914561495184898 1.481796965003014 0 0 0 14.20324236154556 0
1075.542911812663 200.2554332464933 84.65738863497972 1788.769437134266 670.4164852648973 724.7516725733876 807.7676724642515 196.4819427877665 900.5728277862072 5298.190719343722 744.0370099693537 1432.30943159759 0 1500.94286789 44.14537541568279 11.55055840313435 0.2402354031801224 0 0 0 0.6730073913931847 0.1760790795087814 0 0 0.2561344504356384 2.082215502858162 0.2564548850059509 2.546483039855957 0 0 59.62237240374088 4.480303801596165 302.1524997875094 0 0 0.3805778920650482 564.6364038586617 40.01347248256207 2.996296942234039 1.363171815872192 1.69152207672596 0.7454447895288467 0.1302276998758316 0.2338355705142021 0 0 80.37331928312778 0.4111938625574112 0.1793465167284012 0.3334434628486633 1.145093165338039 0.473228707909584 0 0.1435639262199402 1.598648674786091 3.046172171831131 12.72875439375639 45.55868887901306 4.432875201106071 13.78131183236837 0.1328817903995514 17.47918912768364 0 24.36667323112488 1.01008976995945 1.053516179323196 1.738595075905323 0.4643965288996696 0.490945003926754 2.285689599812031 1064.369345709682 117.4375903010368 0 18.42296768724918 11.581886023283 48.01008203625679 32.04685235023499 5.370338201522827 0.2079395726323128 117.2096583247185 0.2351118624210358 3.191829562187195 0.7770678997039795 2.168268568813801 0.2682471126317978 1.24813923984766 0.3661230430006981 0 0.8493174910545349 0.1101953387260437 0.3812556937336922 0.5330194011330605 0.8258457183837891 0 0.3710038289427757 3575.457079075277 18.76664350926876 0.5867117047309875 6.010761260986328 266.4626224860549 1.663157090544701 8.188159391283989 38.32401077449322 10.7887354940176 5.741851583123207 239.0945583060384 7.715239271521568 237.4613284468651 69.18578296899796 73.48403164744377 78.44754305481911 447.0768543481827 225.2611904144287 315.7654788941145 74.60643315315247 2.443836733698845 3.601328343153 0.2197691351175308 0 0 0 0 0.5346778929233551 0 0.1549471914768219 0.34945148229599 0 0 0.3366096019744873 0 0 0 0.4048788249492645 0 21.88861414790154 0.9705043882131577 0 0 0 34.1265519708395 0.1886293441057205 2.657415091991425 0.5188529565930367 0 0 0 0 0.5708683729171753 0.1247422695159912 0.1955382078886032 0 1.991194628179073 8.869654849171638 0.3445050716400146 0 1.544883757829666 0.5971716642379761 0.1883324980735779 0 0.2742717862129211 0 0.4404018148779869 1.336353957653046 0.5625865012407303 0 0 14.49043220281601 4.547849267721176 1.242939442396164 0.6729291006922722 0 0.1738809645175934 0 0.4095325171947479 0 0.5281018912792206 287.407264098525 23.79266628623009 0.26681849360466 0.5883730053901672 1.149812906980515 23.80233718454838 1.227873086929321 0.611106812953949 3.368636332452297 6.482718124985695 8.390787072479725 0.4971264451742172 2.194401681423187 0.280735045671463 0 0 0 0.7128528207540512 1.025518879294395 0 0 415.2283877879381 203.8231632709503 49.7978523671627 385.481709420681 41.71372031420469 212.7971001341939 88.50618784874678 759.0403108075261 25.0332987010479 9.580049879848957 97.75248270481825 19.58348598331213 0.4734327793121338 20.39315854012966 2.06329195946455 10.70337481796741 0.9624603167176247 0.3534727692604065 3.693979933857918 27.16729820519686 0.9339988827705383
156.3756154477596 214.2578693032265 428.561074718833 145.2197104096413 493.8581010699272 147.8602000921965 399.2417102903128 2062.713387429714 1117.871779948473 342.781069278717 4020.206546619534 50.91099413484335 1500.94286789 0 69.70935844630003 26.21895953267813 1.115531049668789 0.1543183922767639 0.1118403077125549 1.250778757035732 3.507602885365486 0.3092027306556702 0 0.2204732149839401 0.1683460623025894 2.970287777483463 0.8498554676771164 2.373405680060387 0.3944816589355469 0.8276016712188721 193.8946591839194 13.65241776406765 1091.27195815742 0 0 6.024544477462769 2075.824688225985 460.7050914242864 15.36810518801212 4.066272974014282 5.07104068249464 1.288957856595516 0.4664820060133934 1.079929679632187 0 0 148.9234593734145 0.6207626387476921 0.3098936975002289 0.3948708772659302 1.268973849713802 1.462054841220379 1.05630749464035 1.698447376489639 1.210117094218731 6.568221218883991 7.311389923095703 51.00627887994051 2.947692379355431 23.93189306557178 0.426178015768528 195.3166767060757 0.9274087101221085 53.01764896512032 1.533072054386139 1.442840479314327 2.54821153730154 1.023265548050404 0.8161931186914444 2.121222250163555 795.5185950398445 176.4000517427921 0.1603389084339142 30.74456525593996 18.96820393949747 93.0232952684164 59.87094084918499 10.58773804455996 0.8742131665349007 146.5008705481887 1.074460178613663 11.52880991995335 1.261262215673923 2.052799098193645 0.3273283764719963 2.556520126760006 0.2567388117313385 0.1258133053779602 1.859561435878277 0 0.4611145406961441 0.6616437956690788 0.9372545555233955 0.6663900092244148 0.4868293404579163 1025.208134017885 25.53288245201111 0 13.30589990317822 80.37040017545223 4.553280755877495 7.871237590909004 49.42643865197897 8.213882841169834 6.80665135383606 226.6082565709949 8.761566117405891 212.1230527460575 52.68221142888069 53.36574140191078 85.5546158477664 396.0112259611487 178.4589712768793 261.9433034583926 73.1731816381216 3.625257648527622 4.439850024878979 0 0 0 0 0.1938299238681793 0.5589173585176468 0 0.7510806918144226 0.2507286965847015 0.1498050838708878 0 0 0.501691922545433 0 0 0.3858727812767029 0 26.67131190001965 1.610416024923325 0 0.2205242067575455 0 41.19080955535173 1.757286950945854 7.943789571523666 4.13424114137888 0.3858099430799484 0 0 0 0 0.4125212728977203 0 0 2.954576954245567 11.60583350807428 0.2478572353720665 0.6381434947252274 0.1623493283987045 0.7554002031683922 0.1610404551029205 0.3484225049614906 0 0.158245712518692 1.806767508387566 5.025216966867447 0.3851980865001678 0 0 18.58766063302755 3.511374473571777 1.279126077890396 0.9852273166179657 0.1103610545396805 0 0 0.2835378050804138 0 0 243.1744904965162 25.59207665920258 0 0.4207228720188141 0.3970587104558945 20.50877213478088 1.066083073616028 2.660843595862389 4.657227046787739 5.668776392936707 9.195585310459137 2.643502950668335 4.137117221951485 1.198690414428711 0 0.3531191349029541 0 0.1936624348163605 0.1918382942676544 0.3923719227313995 0 330.7374752908945 224.0635768771172 53.64942809939384 786.2410800457001 60.73758682608604 448.5367785766721 176.9748077765107 275.4114300757647 51.03986850380898 18.43356724083424 191.6773432195187 26.42692072689533 1.429712899029255 23.50259783118963 1.886942818760872 9.85649237036705 3.760612666606903 1.48068830370903 6.540356196463108 11.10854745656252 1.961488157510757
