0 2099.915637485683 394.8529641851783 1491.017890304327 37.67561496794224 247.635228395462 1838.497083969414 331.8460583388805 71.54274190217257 1179.532898128033 354.9488220438361 99.47801625728607 200.2248755916953 645.9626199752092 6.287408396601677 3.354942329227924 0.9972214326262474 0.8108052387833595 0 0.1060842201113701 5.042017109692097 0 2.149371847510338 1.833019338548183 10.262715741992 1.360231034457684 4.479650422930717 0.4594811350107193 0.3013887032866478 0.3322598338127136 849.1950642764568 51.53900577127934 26.75129956752062 0.8813680708408356 2.062656469643116 3.805693790316582 13.84843358397484 14.54648295789957 3.05703292787075 2.604471623897552 10.21069275587797 4.420875795185566 0.3337663263082504 0.8608126640319824 0.1476751118898392 0.3485213816165924 20.12385514378548 6.393470831215382 0.6946994438767433 0.7650525718927383 0.5087837055325508 2.642449781298637 0.7201688885688782 0.4415049850940704 1.002392329275608 1.306420408189297 147.6727238148451 651.2235108092427 3.600837558507919 24.49008552730083 0.4757737442851067 2.959476366639137 0 12.11810129135847 2.303026169538498 2.017494663596153 1.997074089944363 1.077790446579456 1.928671509027481 5.939155161380768 22.20993845164776 10.62969525158405 0.8756468594074249 212.0410680100322 72.19119452685118 14.73727180063725 6.468338996171951 1.245913177728653 38.39185490459204 173.9517107158899 6.844867885112762 45.79865954816341 7.506970971822739 0 2.423246145248413 2.102600522339344 1.412823811173439 3.57822972536087 0.747436411678791 3.378594875335693 0.2418494150042534 0.5815337747335434 8.080541662871838 2.764164224267006 0 391.616777330637 13.14286538958549 2.927284210920334 5.665867149829865 1419.339259311557 0 0 2.10183447599411 1.572736725211143 0.8135839253664017 2.25134950876236 3.348246812820435 0.8852288424968719 3.801768556237221 4.450060099363327 0.1706632822751999 6.644654467701912 5.758090317249298 3.895435079932213 4.672433339059353 0.3274390399456024 0 0 0 0 0 0 0 0 0 0 0 0 0 0 0 0 0.14124695956707 0 0.6461056023836136 0.3183493912220001 0 0 0 1.678966790437698 0.3488176316022873 0.9467745572328568 1.332167208194733 0.1973027735948563 0 0 0 0 0 0.1716374754905701 0 0 0.3204282522201538 0 0 0 0.336056113243103 0.2616317942738533 0 0 0 0 0.2016394138336182 0 0 0 1.4581109136343 0 0 0 0 0 0 0 0.1927517503499985 0 3.476896733045578 0.3077879250049591 0 0 0.2135162800550461 0.4648893177509308 0.4701860249042511 0.3933219313621521 0.487334355711937 0 0.3581346273422241 0 0 0 0 0 0 0 0 0 0 2.532113887369633 0.8337099850177765 0.9221671521663666 125.6559101194143 17.19088067114353 51.8653722256422 11.6885327398777 934.352609500289 17.79731215536594 0.6180924847722054 13.76538702100515 0.8013861924409866 0.07928535342216492 1.024834878742695 0 5.192684054374695 0 0 0.1670099496841431 4.855379402637482 0.6771474778652191
2099.915637485683 0 2268.807849735022 322.5257938653231 2843.132255010307 216.1777378618717 5377.656230129302 1335.936681590974 1411.339240565896 363.4421886429191 2878.276563480496 59.20671961456537 619.3860861584544 1965.655342981219 27.02945964038372 13.15202251076698 2.667605832219124 0.934305913746357 0.6847898960113525 0.5026475787162781 4.872440539300442 0 3.326827526092529 1.355205066502094 8.021951474249363 5.395318634808064 3.004548743367195 3.424816690385342 1.969341740012169 0.7778084650635719 1331.62463452667 71.32150249183178 34.63091636821628 0.5962127819657326 1.232029594480991 3.409785889089108 17.60179816931486 16.72319984436035 1.283451221883297 5.223011702299118 7.973189428448677 6.541167438030243 1.145966105163097 1.664120189845562 0.1197177991271019 0.7004215717315674 229.6346457153559 47.09329999983311 2.659369714558125 2.258387289941311 4.834076546132565 0.3112126737833023 0 1.310187935829163 12.76009631156921 14.27170494943857 148.9975538402796 1078.966091156006 9.117166943848133 144.7816983833909 3.629114866256714 7.148681238293648 0.14177605509758 125.077921949327 19.26928124576807 13.39015098661184 11.27101064473391 14.97118014842272 4.050799310207367 9.273377224802971 3.476804219186306 3.498053647577763 0.1124653294682503 584.9923598393798 477.2245781719685 167.1851433590055 38.86798465996981 2.827997781336308 34.84754582494497 137.8090034164488 8.346949242055416 42.69906562566757 42.67228268831968 0.6510237157344818 25.68494398891926 23.38044175133109 14.71728165447712 0.3038314282894135 6.914669591933489 0.0883643701672554 3.316301122307777 1.49771698564291 7.207212679088116 3.427827976644039 2.72803521156311 72.89868331700563 1.30073755979538 0 0.4026229009032249 1055.583540163934 0.1852990686893463 1.483213603496552 2.591612577438354 0.5168417096138 3.886876046657562 6.982279889285564 3.153069838881493 2.080725088715553 7.05340076982975 6.854800343513489 1.221202865242958 18.2875916659832 16.53214154392481 18.66703672707081 21.51802933961153 0.7491111308336258 0.258574903011322 0.2460045367479324 0 0 0 0 0.1772689670324326 0 0 0 0 0 0 0.1262682229280472 0.1096220538020134 0.1456571966409683 0.3213618993759155 0 2.086556613445282 1.304343909025192 0 0 0 8.688195236027241 0.4005985632538795 7.120030589401722 4.135443158447742 1.583688989281654 0 0.2096812278032303 0 0 0.2091213166713715 0.1911751627922058 0.2612856030464172 0.4725886583328247 1.046710908412933 0 0 0.6035811901092529 0.8805301487445831 0.5873415470123291 0 0 0 0 0 0.2136587500572205 0 0 13.00481851398945 0 0.1849362254142761 0 0.07381200045347214 0 0.1137610450387001 0.09462208300828934 0.1363983750343323 0.09660273045301437 17.57338981330395 1.160463899374008 0.1470480412244797 0.1601372063159943 0.190143458545208 1.670750558376312 0.8095905631780624 2.191253706812859 0.2870584204792976 0.5691980421543121 0.3545193374156952 0.1311405897140503 0 0.0881003737449646 0.1693395227193832 0.35683923214674 0 0.2013349086046219 0.5484385043382645 0.2477406114339828 0.08595943450927734 12.24447997659445 3.478752285242081 3.331614337861538 550.5111855044961 103.7659083157778 635.4918437004089 99.01453756541014 507.3529027551413 133.8509874492884 7.941764853894711 166.9770293459296 13.85472865402699 0.6877980083227158 2.186189450323582 0.09240140020847321 11.10646820068359 0.8234304785728455 0 1.351346358656883 15.58955872803926 0.1547840982675552
394.8529641851783 2268.807849735022 0 6.780366666615009 850.8126701414585 10.02098861336708 309.2059351578355 2283.168323509395 585.8867515400052 48.81283357739449 3163.36285122484 13.00519604980946 271.1576522737741 1729.718723200262 10.23901654779911 5.415214717388153 0.1888971999287605 0.8526880443096161 0.1209240034222603 1.608122512698174 34.01677729189396 0.09095187485218048 6.195470795035362 2.37050287425518 6.493729695677757 3.383609816431999 6.471031621098518 1.38957542181015 0.1247766092419624 0.7340837121009827 3204.378437161446 733.821466602385 23.29900154471397 3.79309967905283 5.146055348217487 3.795769467949867 3.723122373223305 8.01365277916193 0.3952646106481552 2.015224888920784 12.01532283425331 2.090695723891258 3.116029001772404 1.415915809571743 0.5759265944361687 1.080129146575928 46.70867381989956 4.595935195684433 1.429988197982311 1.210354566574097 0.6930046081542969 0.1035776659846306 0 0.5583603382110596 1.496669784188271 1.765191160142422 27.21561589837074 447.5892687886953 1.361522115767002 23.22302306443453 6.545829698443413 3.913730263710022 0.5056483745574951 135.8624086752534 2.248089089989662 2.105918392539024 1.634266391396523 2.02548511326313 6.596536353230476 20.43260230869055 1.738090857863426 0 0 83.82041023671627 82.82160297036171 28.61742437630892 14.98252273350954 3.308391742408276 285.133675724268 435.696102835238 74.04763429611921 245.585524763912 5.756233774125576 0.07185537368059158 3.236446678638458 3.303797237575054 3.775581017136574 0 1.260528489947319 0 0.6114982292056084 0.1095368787646294 8.937916293740273 1.835136294364929 0.3384393379092216 8.802860930562019 0 0 0 213.5649502053857 0 0.6104476302862167 0.30244180560112 0.4818906635046005 1.828973308205605 1.977808132767677 0 1.258389264345169 1.838039010763168 2.888582020998001 0.2865602225065231 5.881254695355892 4.909275874495506 4.719156667590141 7.831967614591122 0 0 0 0 0 0 0 0 0 0 0 0 0 0 0 0.2561078369617462 0 0 0 0.1883425563573837 0.2260139435529709 0 0 0 1.573293834924698 0 1.837522074580193 0.9319488704204559 0 0 0.6173606067895889 0 0 0 0 0 0 1.235089540481567 0 0 0 0 0.5019995421171188 0 0 0 0 0 0 0.3516865372657776 0 1.512587353587151 0 0.1409574002027512 0 0 0 0 0 0 0.6459071040153503 6.712058991193771 0 0 0 0.1703118830919266 0.1556807011365891 0.3154732137918472 0.4360967352986336 0 0.4892564713954926 0 0 0 0 0 0 0 0.2948560118675232 0.09928914159536362 0 0.1630556434392929 3.438551254570484 0.3030156046152115 0.5571384876966476 85.13167177885771 11.60225103795528 94.68444617092609 16.98282052576542 38.13527014106512 17.79258947074413 1.271996699273586 29.5615144893527 1.345330484211445 0.4621016383171082 0.6956378519535065 0 1.651489347219467 0 0 0 3.600077673792839 0
1491.017890304327 322.5257938653231 6.780366666615009 0 11.20333903282881 119.7337397485971 1102.937393680215 3.697301454842091 61.24467731267214 771.6146126389503 9.09866888076067 71.31127376109362 150.0320613011718 17.13699008524418 0.4237901866436005 0.1801663190126419 0.5507772490382195 0 0 0.1293375343084335 0.1456874758005142 0 0 0.1059435829520226 0.2785562872886658 0.6458711326122284 0.1080301702022552 0.1227754801511765 0 0.08528580516576767 99.46295911818743 1.707603462040424 2.956332057714462 0 0 0.3476164042949677 4.959204755723476 1.056455686688423 0.3031812608242035 0.5620216727256775 0.3883443251252174 0.322615846991539 0.1179849207401276 0 0.317610889673233 0.1830690652132034 25.66463801264763 5.426581338047981 0.3723369985818863 0.2370614483952522 0.8246224746108055 0 0 0.08724401891231537 1.941407963633537 2.10109630972147 63.00862994790077 226.724359460175 3.006948351860046 22.8098181411624 0 0.1612319052219391 0 7.528890892863274 2.600577346980572 1.602197125554085 1.060643300414085 1.311343722045422 0.1178965643048286 0.4846165552735329 4.860476285219193 0 0 150.1745889410377 73.12082675099373 12.99586806446314 0.8759790360927582 0.1328313499689102 0.5713776499032974 2.330329313874245 0.8140245825052261 1.953790567815304 7.414338700473309 0.1849050000309944 3.097233057022095 2.534187324345112 1.676958419382572 0 0.8916064202785492 0 0.618942603468895 0.1262969821691513 0.275823138654232 0 0.2540821507573128 75.93421193957329 0 0.2256214171648026 0 675.7275909483433 1.610302090644836 0 0.3835883736610413 0 1.835739746689796 2.780387535691261 0.4331878423690796 1.248757541179657 2.498325511813164 2.705545485019684 0.3010952174663544 6.103837087750435 4.401416197419167 7.390371546149254 6.867353305220604 0 0 0 0 0 0 0 0 0 0 0 0 0 0 0 0 0 0 0 0.9268297851085663 0 0 0 0 3.611586332321167 0 3.438636593520641 0.2427614778280258 0 0 0 0 0 0 0 0 0 0.7322820425033569 0 0 0 0 0 0 0 0 0 0.2335552126169205 0 0.4661918878555298 0 3.589543968439102 0 0 0 0 0 0 0.1774215847253799 0 0 2.847140625119209 0 0 0 0.1870942115783691 0.1820298582315445 0 0.5079417526721954 0 0.5985205620527267 0 0 0 0 0 0 0 0 0 0 0 3.249376021325588 0 1.01828008890152 82.50143428146839 10.8963510170579 82.54505616426468 9.925791189074516 196.4729895964265 23.00740459561348 0.7943123802542686 19.2034574970603 2.555901125073433 0 0.8548158034682274 0 0.9209693074226379 0 0 0.3558910191059113 0.6847084984183311 0
37.67561496794224 2843.132255010307 850.8126701414585 11.20333903282881 0 7.306632190942764 2159.109410241246 155.0646043717861 3127.422976821661 299.081862308085 2033.836146585643 48.04989148676395 174.3404260128736 204.1336106583476 19.75355015322566 8.767260409891605 0.8440342172980309 0.2220030874013901 0 0.5593592971563339 1.006423622369766 0 0.1687706932425499 0.5467426627874374 1.013307794928551 1.738669686019421 0.09819664061069489 1.691456198692322 1.213278211653233 0.2179130688309669 136.4133723899722 32.90149141103029 13.73621605336666 0.1904066279530525 0.2391932085156441 0 8.217468664050102 2.677040733397007 0.7470846921205521 0.998870275914669 1.245416156947613 0.8934178352355957 0.2730250880122185 0.9680487215518951 0.1610044836997986 0.6019140556454659 91.88421601057053 7.886365078389645 0.2798116654157639 0.08252298831939697 1.882403567433357 0.1141194999217987 0 0.5379902869462967 1.363817743957043 2.432298056781292 8.552664928138256 99.04033727943897 1.272959962487221 36.96801299601793 0.1753468289971352 3.875356435775757 0 51.80022465437651 3.656632900238037 2.682947859168053 1.64674361795187 3.27434990555048 0.7856834605336189 0.9971933811903 3.235251098871231 0 0 67.49913977831602 94.02361030131578 73.75119313597679 27.82131512463093 2.032024726271629 0.4905450344085693 11.03946335613728 1.109780497848988 5.967056058347225 7.382638536393642 0.080062635242939 4.327426940202713 5.006248250603676 3.419080145657063 0 1.617353893816471 0 0.3536749184131622 0.1030566617846489 1.894657857716084 0.4128405675292015 0.1172675043344498 23.88312944769859 0.2421425580978394 0 0 13.72592156380415 0.8739214837551117 1.267706498503685 2.256399154663086 0 3.96580758690834 8.723024740815163 1.053218871355057 2.21753616631031 5.606267511844635 11.47951988875866 1.122196555137634 17.3080138862133 15.64951944351196 18.04388171434402 17.38132128119469 0.1228076592087746 0.1908777058124542 0 0 0 0 0 0 0 0 0.1959493905305862 0 0 0 0 0.2183726876974106 0 0 0 1.752072736620903 1.137956321239471 0 0 0 5.490160740911961 0.7574263066053391 1.470478311181068 0.5202019959688187 0 0 0.1108781024813652 0 0 0 0 0 0 2.942816570401192 0 0.1321385353803635 0 0 0 0 0 0.09070172160863876 0.220610722899437 0 0 0 0.9622843563556671 11.62124973535538 0 0 0 0 0 0 0 0 0.09759258478879929 15.33241728693247 0 0 0.1330578923225403 0 0.8170163631439209 0.4264136552810669 1.345226794481277 0.4823614209890366 0.5054032802581787 1.100216031074524 0 0 0 0 0 0.1142508611083031 0 0.1155947297811508 0 0 14.01170866936445 1.047654941678047 1.550759069621563 188.7032200470567 31.47308821976185 195.0554889217019 38.14585081487894 26.41346755623817 32.41766072064638 3.065897986292839 66.57493092864752 4.883443973958492 0.1468057632446289 3.080083847045898 0 8.136745870113373 0 0 2.786853782832623 3.604111544787884 0.4659742712974548
247.635228395462 216.1777378618717 10.02098861336708 119.7337397485971 7.306632190942764 0 278.466000340879 3.950745902955532 15.55861718952656 605.1282652616501 1.986690163612366 235.2128293961287 200.9637049585581 21.2993097230792 0.5624634921550751 0.2578046396374702 0 0.1703140437602997 0 0 0.09290464222431183 31.15157699584961 0 0 0.5916334241628647 0 0 1.874079197645187 0.184712141752243 0 59.59135869145393 0.1619078367948532 28.28251765668392 0 0 0 134.612560287118 7.186621680855751 51.76384918391705 4.89386610686779 1.646387115120888 0.7565601319074631 0.1517310291528702 0 0 0.965856745839119 0.7953535839915276 0.6611638069152832 0.369919627904892 0.1712158471345901 0.5785841643810272 47.89853437244892 7.898957937955856 1.920644730329514 0 1.139813281595707 176.9392844513059 72.5008455067873 6.878763228654861 3.18815852701664 1.194410383701324 4.288249209523201 0 0.3153354674577713 0.1024446412920952 0.3737691342830658 0 0 0 0.3779356479644775 386.3341163396835 202.760454878211 22.24793301522732 26.22109368443489 8.820854686200619 0.6973709464073181 0 0 0 8.025200046598911 0 7.592185705900192 0.4623238071799278 3.325990170240402 0.2345906645059586 0.6799911558628082 0 38.20954087376595 11.55812166631222 35.6419450044632 7.025900825858116 10.27652902901173 0.4766927063465118 0 5.742201581597328 872.9779540747404 271.6061056852341 75.84165300428867 96.3017793148756 909.9152203649282 0 0 0 0 0.6636393964290619 0.4699378907680511 1.143597543239594 0 0.7389400601387024 1.169791787862778 0.6213557571172714 2.290063202381134 1.906753271818161 3.410811588168144 0.7058700621128082 0 0 0 0 0 0 0 0 0.1495500802993774 0 0 0 0.1386154890060425 0 0.2167353183031082 0.1585292816162109 1.449305191636086 0.4652577638626099 0.808138832449913 0.1472522020339966 0 0 0.2207393199205399 0.2979560047388077 0.7177046686410904 0 0.9382491260766983 1.858757421374321 1.185549318790436 0 0 0 0 0 0 0 0 0 0 0 0 1.774941831827164 0 0 0 0 0 0 0 0 0 0 0 0 0 0.2072373181581497 0 0 0 0 0 1.941914677619934 4.908724635839462 0 0 0.1689548343420029 0 0 0 0 0 0.1447985917329788 0 0 0 0.1681753844022751 0 0 0.164554238319397 0 0 0 1.179958164691925 0.9804723411798477 2.232192546129227 15.99333430081606 1.306464307010174 5.457995384931564 1.59625232219696 343.4526333138347 3.523960784077644 0 1.391514763236046 0.9433454871177673 0.9959072917699814 0 0 3.465953767299652 0 0 0.3554028868675232 1.298225149512291 0
1838.497083969414 5377.656230129302 309.2059351578355 1102.937393680215 2159.109410241246 278.466000340879 0 69.40737321227789 2109.735088303685 2380.885996855795 755.2644131556153 175.0394853502512 5551.194901317358 999.648564118892 78.5380137860775 46.60210180282593 3.004986517131329 1.031306564807892 0.2984108999371529 0.7293475642800331 5.465615674853325 0.1789037883281708 1.204058200120926 0.976154662668705 5.644024290144444 6.03082113713026 2.107628144323826 3.984718710184097 4.258956268429756 0.7289000749588013 460.4888013750315 64.02562083303928 59.79463338851929 0.7900728210806847 1.087450914084911 1.258528523147106 36.12050497531891 15.07569555938244 1.67484400421381 6.276263870298862 7.66855201125145 9.847240909934044 0.3589848577976227 2.71560075879097 0.1762491762638092 0.8414740115404129 368.6828932315111 50.02977974712849 3.681998997926712 3.07115314155817 5.258343137800694 0.3036997765302658 0.2565898597240448 2.771669059991837 8.40351328253746 14.40766799449921 88.17597704380751 626.5768528133631 8.114778876304626 178.0650402158499 6.40771073102951 10.31528576463461 0.5878725498914719 158.2476021721959 18.94336427748203 12.153918646276 11.60927201062441 15.02517396211624 5.174696184694767 5.900250099599361 18.28394850343466 3.636293455958366 0.2646104693412781 458.4874685555696 460.6642334014177 241.9601256400347 94.13788530230522 5.970604337751865 5.219261489808559 59.30912639945745 7.531280852854252 31.07198540121317 38.40280414372683 0.457056388258934 24.24393618106842 24.47220073640347 16.68728491663933 0.2206546142697334 6.820315405726433 0.1938988417387009 4.167447812855244 1.845431290566921 10.5048359259963 2.741447485983372 2.942284353077412 574.9890977814794 1.332110047340393 0 0.9726839065551758 468.9996078535914 3.801152870059013 3.016292065382004 23.05754583328962 7.463804572820663 33.43269605189562 50.8382907435298 17.3200788795948 18.07197982817888 62.9330468326807 71.55944254994392 11.78882926702499 154.5522368177772 163.5787192061543 152.8705698475242 154.4495030939579 1.725266061723232 0 0.3993566930294037 0.189259871840477 0.1645620167255402 0 0 0 0 0 1.54215032607317 0 0.3809787184000015 0.463399738073349 0 0.2219207137823105 0.440082885324955 1.048513635993004 0 15.88203552365303 3.851063534617424 0 0.2427417039871216 0 53.61144898831844 2.536479331552982 17.73014725744724 5.711249135434628 0.3762327954173088 0.2806789353489876 0.3933128342032433 0 0 0 0 0 1.286384634673595 8.219697885215282 0 0.1562374979257584 0.2936066091060638 0.5016359016299248 1.218399971723557 0.2184186428785324 0.6440767198801041 0 0.3058594092726707 1.242903485894203 0.157760426402092 0 1.134592145681381 65.08248258382082 0.6953263059258461 0.3443685248494148 0.1307112723588943 0.3921855837106705 0.1128005757927895 0 0.1044546887278557 0.1241675540804863 0.1128254011273384 132.3129896745086 1.174647092819214 0 0 0.1453990936279297 8.127751275897026 2.933453619480133 12.77446682006121 2.661024026572704 5.136162891983986 4.128658935427666 0.1413055062294006 0.6931473016738892 0.2491585835814476 0 0 0.1638026535511017 0.3893724009394646 0.3213311582803726 0 0 128.6953521892428 7.769166491925716 9.481745310127735 866.7724612429738 151.8006355687976 859.0806282907724 152.7318858057261 362.2012104541063 159.9216257333755 13.28021465241909 298.4943037107587 32.24302251636982 1.344203867018223 13.72534490376711 0.6743445545434952 63.6863802075386 3.566561810672283 0.1623361110687256 9.394495286047459 19.40208487212658 0.8211518600583076
331.8460583388805 1335.936681590974 2283.168323509395 3.697301454842091 155.0646043717861 3.950745902955532 69.40737321227789 0 67.88359333574772 7.104318462312222 3015.826466213912 3.200802229344845 113.7284157276154 939.4274999052286 14.04647547751665 7.769374012947083 0.9981492459774017 0.8151810616254807 0 2.334517136216164 50.94043101370335 0 15.46740627288818 4.517501756548882 7.300336807966232 4.323524050414562 6.997669212520123 1.564685396850109 0.3185641169548035 0.154528871178627 2613.028434738517 713.3364223390818 27.2307627722621 6.36502131819725 9.620785012841225 2.934615954756737 3.700026370584965 5.404238574206829 0.3936573788523674 0.4657275527715683 6.066112138330936 3.30953835695982 4.854752399027348 2.021322011947632 0.9934276416897774 1.14269483089447 67.27265912294388 8.723487794399261 0.6946470737457275 2.245552241802216 1.356347031891346 0 0 0.1986469253897667 1.313926994800568 2.726655222475529 18.9022062420845 306.6300638541579 1.138458594679832 32.47589052468538 8.522743329405785 5.448284812271595 0.6811512261629105 128.1891206130385 3.132101014256477 2.493283793330193 1.729822143912315 3.522475935518742 5.568034946918488 30.48686002939939 0 0 0 94.54480122029781 112.0991594865918 59.07804401218891 29.2986264526844 22.8878463357687 1232.94780189544 891.475410990417 261.7231023311615 871.4416466802359 6.376784183084965 0.06605963408946991 3.324065156280994 4.31964423507452 3.390416838228703 0.0750989094376564 0.873781830072403 0 0.9211291745305061 0.179839663207531 9.651228718459606 1.294084653258324 0.4093236029148102 3.007803305983543 0 0 0 157.4028333723545 0 0 0 0 0.1378964930772781 0.7209006696939468 0 0.6786439716815948 0.1550087928771973 0.3553014993667603 0 1.441941663622856 0.9806541800498962 1.982210144400597 1.878915943205357 0 0 0 0 0 0 0 0 0 0 0 0.4056548774242401 0 0 0 0 0 0 0 0 0 0 0 0 0.3749830275774002 0 0.8857978135347366 0.4375976845622063 0 0 0 0 0 0 0 0 0.07776234298944473 0 0 0 0 0 0 0 0 0 0 0 0 0.07300741970539093 0.1561748683452606 0.3310062289237976 0 0 0 0 0.1022137552499771 0.09300936758518219 0 0 0 0.7890525907278061 0 0 0.1899185031652451 0.4291199147701263 0 0.167322114109993 0.6095453500747681 0 0 0 0 0 0.112503208220005 0 0 0 0 0.4663719534873962 0.1058482006192207 0 0.6641295999288559 0.4948878362774849 0.5910722464323044 93.3957766070962 20.49952679872513 129.5709191784263 23.17981654405594 23.74919217079878 20.27849016338587 1.570720538496971 31.80153131484985 2.573024153709412 0 0.5443922951817513 0 0 0 0 0.6661637201905251 2.790560342371464 0.09933499246835709
71.54274190217257 1411.339240565896 585.8867515400052 61.24467731267214 3127.422976821661 15.55861718952656 2109.735088303685 67.88359333574772 0 432.7692301645875 2689.403190720826 107.8910474404693 939.865875184536 378.5453640967607 80.08444022387266 47.65068861097097 1.029970169067383 0.115709014236927 0 0 1.689619109034538 0.2332943081855774 0.3155323937535286 0.2066021934151649 1.972448945045471 1.689974918961525 2.022174082696438 3.833270482718945 2.882054768502712 0.2445032000541687 112.4806926585734 59.68115308135748 40.13336408883333 0.2747664526104927 0.4784894809126854 0.5464858263731003 24.72656539827585 5.740101248025894 1.051181457936764 2.369250059127808 2.386772193014622 3.206950299441814 0 1.900987803936005 0.2359288930892944 0.4376819133758545 196.6753048375249 11.03811548650265 1.446283079683781 0.513515368103981 2.016575828194618 0.1907635033130646 0.1195190250873566 1.047652877867222 1.641162842512131 2.857799470424652 11.87106897681952 96.13471952825785 1.688867799937725 59.37869617342949 2.09702530503273 5.895694866776466 0.2866270542144775 77.51519268006086 4.127533674240112 2.636699363589287 2.465603448450565 2.894850358366966 1.739088967442513 1.799082837998867 7.512592852115631 3.585091128945351 0 74.76038165390491 132.2405200377107 139.8940020576119 94.83698909729719 5.652212612330914 3.330317057669163 31.58197916299105 1.736740678548813 11.93694867193699 9.143568515777588 0.2870196923613548 6.360502749681473 4.647171013057232 4.137850947678089 0.09835758805274963 2.5720324665308 0 0.7917473837733269 0.557293139398098 3.906757198274136 1.481681004166603 0.8095698356628418 136.1385754793882 0 0 0 19.68081227689981 2.862866327166557 2.745447412133217 11.00029947608709 1.747437328100204 15.99085520207882 31.96022798866034 8.291479215025902 10.3271960914135 30.91893898695707 32.20399037003517 4.403100416064262 79.04775304347277 89.72951418161392 79.71274775266647 82.28625183552504 0.5081758350133896 0 0 0 0 0 0 0 0 0 0 0 0 0.3150320053100586 0.2291964292526245 0.2251812070608139 0 0.1838127970695496 0.1135528832674026 11.14363123476505 2.667836375534534 0 0 0 31.84111758321524 2.909723356366158 10.74009247869253 2.865524128079414 0.4216465502977371 0 0.1504310965538025 0.2088912427425385 0 0 0.4341446757316589 0 0.4295649379491806 4.466905690729618 0 0 0.1855718046426773 0 0.160685732960701 0 0 0 0.4551063179969788 0.3612497895956039 0 0 0 40.11910013854504 0.4567744433879852 1.292100429534912 0.2606940567493439 0 0 0.09743517637252808 0 0 0 72.77732884138823 0 0 0 0.1028292775154114 2.26093390583992 1.386119872331619 7.515514373779297 1.814954936504364 4.331107579171658 1.404199190437794 0.7257882431149483 0 0.3040503859519958 0 0 0.0842813104391098 0.1356282830238342 0.1200414448976517 0.0967676118016243 0 59.83536506444216 5.415944755077362 3.220448046922684 519.1062796041369 71.42027028650045 357.8210670873523 91.20487409085035 67.54334434121847 56.61320915818214 5.528875902295113 179.2031883075833 20.59289442002773 0.8009730875492096 11.48892733454704 0.1884492933750153 43.9216293990612 0.9179048091173172 0.4460086226463318 4.68967492133379 10.57064650207758 0.7718690633773804
1179.532898128033 363.4421886429191 48.81283357739449 771.6146126389503 299.081862308085 605.1282652616501 2380.885996855795 7.104318462312222 432.7692301645875 0 66.3447977155447 1610.671072766185 6130.269347958267 246.4145333021879 13.39811493456364 10.10436587035656 0.6340065598487854 0.7633508592844009 0.09213825315237045 0.1346059888601303 0.2774839699268341 0.2752139270305634 0.6537250131368637 0.2944206595420837 3.514202982187271 0.8326833620667458 0.6307353973388672 6.108231171965599 0.581147700548172 0 81.76250249147415 8.249646224081516 88.60787685960531 0.6082606464624405 0.1466939449310303 0.1550494879484177 41.15099758654833 4.36780046671629 0.9525555968284607 4.694386512041092 3.564953669905663 8.193116948008537 0 0.9251925349235535 0 0.4536037296056747 53.92438687384129 7.205668218433857 1.38388703763485 0 0.6649636402726173 0.8570832014083862 0.3353425562381744 0.08571117371320724 1.449120543897152 2.158148191869259 77.13747358322144 234.3969287648797 2.804308384656906 31.71162338554859 0.7641354724764824 5.080969654023647 0 17.79643098264933 3.564735859632492 2.421792700886726 2.541334860026836 2.120214253664017 1.810408927500248 1.718434192240238 84.67953634262085 15.59275916218758 0.6934304088354111 163.203641295433 86.58941057324409 31.66975303739309 11.4650452286005 0.9209975600242615 1.027069941163063 30.35372864454985 4.051696412265301 15.54716143012047 8.027532577514648 0.2899603173136711 3.966937847435474 3.977286398410797 3.073245659470558 0.1956657320261002 1.332293502986431 0.5388142913579941 0.3832084387540817 0.1595446020364761 1.937856316566467 0.7744813412427902 1.434774070978165 1512.99475671351 9.218243956565857 0.8304548859596252 1.322316497564316 804.8115654140711 5.230942517518997 3.77006122469902 17.6650058105588 7.326017498970032 24.93791817873716 58.74129854887724 25.20885917544365 23.37931235134602 65.49247857928276 82.06785503029823 8.377782106399536 165.3586258217692 163.6702198982239 165.468428209424 122.7207626700401 0.2108107805252075 0.406815379858017 0 0 0 0 0 0 0 0 0 0 0 0.641906201839447 0 0.2516853213310242 0.2838816940784454 0 0 21.60687711089849 2.829141885042191 0 0 0 33.61906889826059 2.652490526437759 10.80446767061949 3.071436196565628 0.436463862657547 0.5724287629127502 0.2341274917125702 0 0 0.1304091066122055 0 0 1.018357530236244 4.655226707458496 0 0.5748787522315979 0 0.6616225242614746 0 0.3055155128240585 0 0.08729594945907593 0 0.4245392382144928 0.4681269526481628 0 0.368575394153595 53.60799206793308 0.8075862228870392 0.3260582834482193 0 0.4364718198776245 0 0 0 0 0 88.74723862111568 0 0 0 0.1382491737604141 6.929120987653732 1.869597598910332 6.028526812791824 3.278087049722672 5.017020866274834 4.240587405860424 0.1287220567464828 0 0.3110306262969971 0 0 0 0.1017811968922615 0 0 0 110.2640492767096 6.040906995534897 6.660787954926491 218.6621707826853 22.50819902867079 131.9143432155252 27.91367287188768 584.14791136235 32.77488578110933 1.559584870934486 69.5939052477479 19.96793841570616 1.778324961662292 15.98511729389429 1.269069038331509 87.72772939503193 3.66470642387867 0.5425735712051392 4.077065974473953 1.857854306697845 0
354.9488220438361 2878.276563480496 3163.36285122484 9.09866888076067 2033.836146585643 1.986690163612366 755.2644131556153 3015.826466213912 2689.403190720826 66.3447977155447 0 31.03272626549006 967.8339516744018 4562.941410697997 59.26247694343328 39.99147172272205 2.0442149117589 1.275550290942192 0.2391446083784103 0.7850172519683838 12.35497967153788 0 8.889123626053333 10.64504125714302 19.83534707129002 11.84765482693911 16.51248236745596 2.482105031609535 1.443885460495949 1.470979899168015 1200.613148402423 268.8864293321967 43.53870462626219 1.038666158914566 5.056850165128708 8.597524158656597 11.3824286237359 20.10570555925369 0.4687926545739174 2.937635362148285 27.87494886666536 11.44826380163431 0.4026884883642197 1.58366409689188 0.410101979970932 0.4880088493227959 188.2645951658487 15.87491147220135 1.29907213896513 1.532787710428238 3.107716433703899 0.2092941179871559 0 1.049460642039776 2.26344433426857 3.502602018415928 17.70904313027859 275.9888448789716 1.33251878619194 73.85453100502491 2.328193679451942 7.086356952786446 0.2437801361083984 147.3128533139825 5.282359682023525 3.663987770676613 4.577257983386517 3.578171238303185 4.18241061270237 14.87504875659943 1.202065996825695 0.2493866682052612 0 135.1019952818751 213.0804886668921 144.3391250409186 97.38014684617519 8.582627266645432 1176.258804902434 481.3819190561771 58.95188938081264 230.0187619403005 11.87466341257095 0.07372831553220749 8.523429490625858 8.059007257223129 8.729197412729263 0 1.737399511039257 0.2375068813562393 1.677363634109497 0.4042420610785484 19.78830663859844 5.872910775244236 0.7911024987697601 11.24863778054714 0.5448068976402283 0 0.1255310773849487 89.95363788306713 0.4028374254703522 0 1.531779870390892 0.5504410266876221 2.393701389431953 3.456261992454529 0.9630080610513687 1.394861362874508 5.022994250059128 5.471661567687988 1.02153192460537 8.050561979413033 8.632063508033752 10.52255120873451 9.455278858542442 0.4347763657569885 0 0 0.106061689555645 0 0 0 0 0 0 0 0 0 0.2079072892665863 0 0 0.08653994649648666 0 0.3292140662670135 2.290890224277973 0 0 0 0 5.401028349995613 0.28914725035429 1.828465767204762 1.491844929754734 0.255782850086689 0 0.2144806161522865 0 0 0 0 0.155574694275856 0.259820967912674 0.5691345930099487 0 0 0.166743665933609 0.3799747005105019 0.314444862306118 0 0 0 0 0 0 0 0.1176893636584282 3.101539894938469 0 0 0.08391278237104416 0 0 0 0.1897201016545296 0.1095253452658653 0 9.418128341436386 0.3549015372991562 0 0 0.2191540449857712 1.354598522186279 0.8281357288360596 0.197792574763298 0.209802120923996 0.3931506276130676 0.3408962488174438 0 0 0 0 0 0.09510371088981628 0 0.210301011800766 0 0.1703509092330933 5.373752593994141 0.8780207484960556 2.641394436359406 290.4495505169034 54.73496925085783 318.0833943113685 64.7165964692831 38.89306648075581 49.72454233467579 3.1696742400527 100.6210810691118 10.73394377529621 0 1.893578991293907 0 7.25021980702877 0 0 1.671946488320827 7.341079890727997 0
99.47801625728607 59.20671961456537 13.00519604980946 71.31127376109362 48.04989148676395 235.2128293961287 175.0394853502512 3.200802229344845 107.8910474404693 1610.671072766185 31.03272626549006 0 2129.676994584501 156.4217685461044 30.12557029724121 30.49467282742262 0.8558139503002167 1.913819670677185 0 1.266129702329636 4.388395741581917 5.15262508392334 2.221837446093559 1.538298949599266 5.797816753387451 4.839083403348923 2.410102091729641 34.74439370632172 3.714314073324203 0.3411041647195816 3.622944638133049 3.688758179545403 84.61423073709011 0.9092178642749786 1.092990174889565 0.1693527102470398 227.2330429852009 14.14397279918194 9.140807524323463 26.5973514392972 26.17032377421856 27.70875737071037 1.773732781410217 9.183332547545433 0 2.359614878892899 38.41214061528444 1.428313575685024 2.97338904440403 4.616853609681129 1.264891028404236 0 0.6895811557769775 10.56531848013401 0.18001389503479 0.6697433739900589 7.739133358001709 7.78323657810688 0.2471859306097031 6.617909885942936 7.874778017401695 5.037914954125881 1.377905339002609 10.40477341413498 0.1393497735261917 0.237645722925663 0.6656509190797806 1.612658947706223 4.544352635741234 5.827994540333748 107.9360637962818 74.18465042114258 2.168347835540771 14.4967026039958 17.00167196989059 21.02539582550526 26.86742061376572 4.395815581083298 0 48.42938419431448 29.58805394917727 38.48519411683083 1.563187301158905 0 0.4579460993409157 0.5474234968423843 2.035702392458916 0 0 0.3659209311008453 1.354914963245392 0.390305295586586 10.38142573833466 9.340596586465836 2.545760959386826 2705.126717492938 149.8795847594738 0.3538898229598999 3.418701618909836 78.92013999819756 3.749761745333672 3.19182775914669 12.85728914290667 6.732091993093491 19.1901014521718 40.51721348613501 11.76617014408112 14.4233930259943 43.06691174954176 55.11838534474373 5.924120724201202 126.6737267002463 139.156917154789 160.3988922163844 165.5054312348366 2.059498563408852 0.8758490383625031 0.2086706906557083 0.1334957331418991 0 0 0 0 0.3678872883319855 0.3799291253089905 0.293160617351532 0 0.3158577382564545 0.7292182445526123 0.1592081338167191 0.1738468408584595 2.829392448067665 2.726194858551025 0.9164496064186096 18.49019990861416 1.854086227715015 0 0.2152066230773926 0.625500962138176 94.36196813732386 7.897282317280769 32.97835926711559 8.753038972616196 4.003498181700706 0 1.481364294886589 0 0.3016908466815948 0.3197754621505737 0.1548757404088974 0.4967925548553467 1.666067779064178 4.214709803462029 0 0 0.6294084787368774 2.26099506020546 2.227109625935555 0.1087561100721359 0 0 0 2.981907270848751 0.6018795967102051 0.4257400333881378 1.23282316327095 82.94342431426048 1.344012893736362 0.2241575717926025 0.6258530840277672 0 0 0.2217611223459244 0 0 0.5963985323905945 192.1117601171136 6.827292203903198 0 0 0.7849328368902206 8.450858294963837 4.551625594496727 13.44433632493019 4.477948762476444 5.691552191972733 5.698693946003914 0.9781413376331329 0.2283158451318741 0.1323786377906799 0 0 0 0.2872631847858429 0.08367012441158295 0 0 175.8231390267611 34.84559769928455 22.78425380587578 212.6265306770802 24.05555275082588 108.1853208392859 30.17961841076612 76.98832534998655 13.09579008817673 0.1599153131246567 74.90382309257984 28.13267709314823 1.520431309938431 15.88642042130232 2.032910391688347 56.34352611750364 5.834539532661438 0.1471918523311615 10.76377903670073 3.258382074534893 0.4203552156686783
200.2248755916953 619.3860861584544 271.1576522737741 150.0320613011718 174.3404260128736 200.9637049585581 5551.194901317358 113.7284157276154 939.865875184536 6130.269347958267 967.8339516744018 2129.676994584501 0 2281.631331838667 225.8844596371055 173.639407813549 7.005157634615898 3.129475742578506 0.9486091807484627 2.749189458787441 28.83608237653971 7.980866238474846 19.7051240503788 14.18385037779808 39.58882075548172 13.44480668008327 29.27132116258144 56.67733404040337 8.272312313318253 8.860768899321556 151.1283805146813 53.45394972711802 457.0128202810884 2.064149133861065 11.79596361517906 12.57820448279381 214.8244204521179 120.3113185688853 22.33190972357988 93.5105816423893 100.0530365556479 51.0011023581028 6.787701740860939 30.02253118157387 1.386393308639526 7.293774500489235 299.6531757712364 11.13128878176212 3.336263388395309 7.574105642735958 6.144801028072834 0.7238806039094925 2.410340242087841 10.14861135184765 1.718636378645897 2.435941882431507 21.79464858025312 79.55941938608885 2.519522152841091 72.12062799930573 38.02335168421268 38.79999550431967 3.084118366241455 81.69426120817661 4.270758584141731 4.308806918561459 4.587201222777367 8.547515265643597 13.01623904705048 66.75519022345543 336.7099339291453 133.7350317984819 0 89.49521490186453 131.0627491995692 180.3105733916163 181.3323921784759 23.49054945260286 25.79951624572277 273.5597895681858 112.4444109350443 152.0820482224226 8.412772312760353 0 7.25134152919054 7.829443722963333 10.14940866827965 0 3.013147197663784 0.1603594571352005 2.748699903488159 1.19286298006773 66.48280802369118 25.5830163359642 7.05695629119873 3545.463030979037 190.502995967865 3.370411455631256 16.1331012994051 100.6999193578959 4.296547427773476 6.082550644874573 32.77824408560991 8.363009870052338 48.81474191695452 73.69249688833952 27.38635076582432 29.82343392074108 102.0610313117504 111.2620564997196 16.50180058181286 233.4841378331184 277.7656779065728 248.4116945639253 305.4864740222692 4.16178473085165 0.657459981739521 0 1.456097036600113 0.1597371250391006 0 0 0 0 0 1.666753366589546 0.2289109975099564 0.7433920279145241 0.5691456347703934 2.207541540265083 0.2732200920581818 1.195408873260021 3.250670075416565 0 34.75663255900145 5.146361246705055 0.2173062115907669 0.181229293346405 0.890031561255455 156.0928483903408 13.90267734229565 64.49522406607866 25.42332843691111 4.99825494736433 0.8839777857065201 0.1391474455595016 0 0.3685782700777054 0 0.8458337932825089 0 2.945136100053787 15.54009912163019 1.03800106048584 0 0.5797641277313232 4.123636141419411 4.175748348236084 0.3157792538404465 0.6814623028039932 0.3221551477909088 0.5405508428812027 4.985649652779102 0.2978478074073792 1.12266181409359 3.634729251265526 136.599846303463 2.622628681361675 0.7552212029695511 0.2921920120716095 0 0.4001552239060402 0 0.327087290585041 0 0.9009898006916046 412.180958725512 11.57692638039589 0.4552509188652039 0.119459293782711 2.771101206541061 16.66429635882378 9.185443192720413 28.51054594665766 5.689788810908794 11.43032211065292 12.94571476429701 0.9886053055524826 0.6249741017818451 0.5433460175991058 0.2587530016899109 0 0 0.810461699962616 0.737021692097187 0.1646134108304977 0 321.1867652609944 62.19572167098522 52.96210175007582 848.1333808079362 135.4207897484303 487.7585674524307 180.9118455350399 159.9562066271901 88.20076297968626 5.846096768975258 341.4342491105199 67.51738023012877 6.143711417913437 36.25970365107059 2.282196715474129 95.68523818254471 5.416951648890972 0 14.84506989270449 22.27226845920086 0.7390265986323357
