0 3150.344890773296 691.8474638611078 1341.955599933863 998.4266501143575 55.33100183308125 1105.138408310711 110.2054226249456 215.3156989514828 733.7131689339876 906.7166143730283 163.6629910320044 548.5045656338334 596.2917829453945 1.268253110349178 0.6631737798452377 0.1289110630750656 0 0 0 0 0.1105708479881287 0.1181127727031708 0.1283579170703888 0.1165310367941856 0 0 0.1968958973884583 0 0.1266510337591171 414.7385011166334 0.1296482086181641 4.865941360592842 0.09442663937807083 0 0.2448716536164284 3.870836213231087 0 0 0 1.166906103491783 1.097803503274918 0 0.3591359108686447 0 0 15.09955033659935 3.1665950268507 0.4960684031248093 0.1113673597574234 0.5731904432177544 0.7305426448583603 0 0 2.096420511603355 2.794982351362705 329.6835888773203 949.6191367208958 43.15386344492435 2.05218567699194 0.4003207683563232 1.541448697447777 0 4.93042379617691 3.488458283245564 2.201418213546276 1.456451624631882 0.3420654460787773 0.3320854753255844 0.8200930804014206 18.52983222901821 0.8865552097558975 0.1787733286619186 166.7800069898367 21.35788459330797 11.23835763335228 1.567208580672741 0.6890557780861855 0 14.6808062940836 0.1274584233760834 1.86950646340847 6.594988442957401 0.1066575050354004 2.488502226769924 1.651497609913349 0.4850387051701546 0 0.3826783448457718 0.1469341665506363 0.09387145191431046 0 0.3390191942453384 0.4381405338644981 0.2982079088687897 69.54467357695103 0.899347111582756 0 3.107516169548035 913.3124899864197 0 1.33237013220787 0 0.6782868206501007 1.498416110873222 9.325996845960617 4.399163872003555 8.683567732572556 3.267875730991364 11.33646531403065 2.743645176291466 14.95562437176704 10.70200499892235 3.909561723470688 1.482602469623089 0 0 0 0 0 0 0 0 0 0 0 0 0 0 0 0 0 0 0 0 0 0 0 0 0.1377787888050079 0 0.830354243516922 0 0 0 0 0 0 0.161518782377243 0 0 0 0 0 0 0 0 0.1831565648317337 0 0 0 0.9243640303611755 0.881999246776104 0 0 0 1.061626583337784 0 0 0 0 0 0 0 0 0 0.9086718857288361 0 0 0 0 0 0.2818645834922791 0.6002112030982971 0 0 0.3498905003070831 0.1229996755719185 0 0 0 0 0 0.1062845289707184 0 0 0 0.896514043211937 0.3225083351135254 0.5062592327594757 23.28427866846323 3.574611462652683 56.52979768067598 10.40711086988449 716.2895474806428 12.6133236438036 3.708862215280533 3.777025401592255 1.7817722260952 0.1043350398540497 2.062721244990826 2.362842984497547 10.70201663672924 0.7509478032588959 0.1096896603703499 0.3889831155538559 0 0
3150.344890773296 0 2131.877464719117 311.1023174375296 6627.582852825522 320.7555201202631 4055.360716953874 215.8471218794584 691.137001298368 182.2046772390604 1419.465133138001 51.22290223836899 386.1558506339788 711.7808389812708 3.728505581617355 1.203500770032406 1.041506506502628 0.7020533531904221 0 0.3870502486824989 0 0 0 0 0.1044919490814209 0.308762863278389 0.2223360240459442 0 0.1235797852277756 0.1026935502886772 2627.05726133287 4.08296574652195 2.87512993067503 0.1774995476007462 0 0.4825932458043098 1.528740309178829 0.4161954969167709 0.1427613645792007 0 3.087742328643799 1.243903517723083 0 0.7363846153020859 0 0.1104019805788994 50.49402106553316 15.0976784080267 1.77323816716671 1.080790273845196 2.780069530010223 0.2118475735187531 0 0.115002453327179 3.490794464945793 7.196086317300797 156.0828858688474 1041.810677602887 28.40908126533031 9.769646175205708 0.1523426324129105 1.168350532650948 0 19.74164459854364 8.751630552113056 7.957231409847736 3.263695791363716 0.948330856859684 1.776870146393776 3.109174743294716 3.136068508028984 0.09568319469690323 0 261.6838951185346 83.79589577764273 39.42039234191179 6.801548860967159 2.041899129748344 0.2067436277866364 17.98459390550852 0 1.905866295099258 21.27327606827021 0.6071053519845009 5.207733750343323 5.819395713508129 4.143641509115696 0 1.548672862350941 0 0.7266597747802734 0.2589754313230515 2.137922465801239 0.51884625852108 0.3840286433696747 84.43888472020626 0.4315066486597061 0 0.4361077398061752 1488.447456791997 0.2615025565028191 8.257536634802818 0 2.749997168779373 1.035428896546364 33.20626381039619 8.206226676702499 11.80586077272892 17.1730755418539 26.62097519636154 0.5325509905815125 27.87647707760334 24.53107342123985 6.519386306405067 2.056490674614906 0 0 0 0 0 0 0.1123173907399178 0 0 0.2481185346841812 0 0 0.2156035602092743 0.1393637359142303 0 0 0 0 0 0.2952534407377243 0 0 0 0 0.4473180919885635 0 0.8060548901557922 0.09569523483514786 0 0.1965489685535431 0 0 0 0 0 0 0 0.209968589246273 0 0 0 0 0.4859938621520996 0 0 0.1190043687820435 0.1127738803625107 1.15279620885849 0 0.1312417536973953 0.122530460357666 0.6562324911355972 0 0 0.1163969039916992 0.2730659544467926 0.4230328351259232 0 0 0 0.2224197387695312 1.441875152289867 0 0 0.1179160699248314 0 0.4458871781826019 0.1185035333037376 0 1.537636294960976 0 0 0.6000197529792786 0 0.1177031248807907 0 0.1035841703414917 0 0.2344607040286064 0 0 0.1309460699558258 8.109260588884354 0.1337957382202148 0.6583041101694107 58.90230516344309 11.08340550214052 179.002686008811 31.29136282205582 967.7879790142179 21.17412360757589 8.146272331476212 12.97194926440716 2.349532693624496 0.569274790585041 6.233732938766479 6.888970613479614 22.59798115491867 0.1449622362852097 0.4240362495183945 0.2639641761779785 0 0
691.8474638611078 2131.877464719117 0 11.17527231574059 792.1266247704625 38.50743129849434 324.8641016408801 2024.480120167136 571.5411458313465 50.88211485743523 2905.146452814341 20.79279835522175 97.70744279772043 424.626802906394 10.07532817870378 5.815480872988701 0.8666187450289726 2.156679175794125 0.1997662782669067 9.434657834470272 8.602505743503571 0 0.1258489936590195 0.5412598252296448 0 3.828522607684135 0.7462970763444901 1.418124280869961 0.2816312462091446 0 4772.993573777378 637.2251025289297 17.45991038531065 1.318428181111813 0 3.625953420996666 5.726139254868031 1.314429335296154 0 0.1986226290464401 39.52370987087488 8.140926897525787 13.93872452527285 1.090757608413696 0.7322859987616539 1.675497561693192 61.57857612520456 15.26687648147345 1.922582931816578 12.60504533350468 6.936997406184673 0.8551914617419243 0 0.9332617446780205 4.456687979400158 6.005457878112793 85.81954405456781 1252.20505733788 18.53711824119091 10.06455006450415 1.879735246300697 5.885032631456852 1.15400031208992 171.8491353541613 8.607669055461884 7.127135701477528 5.045180670917034 7.219837442040443 48.5149117782712 115.3198136389256 3.166784688830376 0.1502533555030823 0.2080508023500443 244.298905454576 173.8935122266412 56.74483039230108 13.69279105216265 12.24297869950533 19.58980225026608 298.643611304462 1.437439918518066 146.837170124054 17.2558621019125 0.2719127088785172 5.745896048843861 4.62343242764473 18.20698858052492 0.09034444391727448 1.87870741635561 0.1142038330435753 1.012112133204937 0.6360660642385483 26.44188622385263 9.286549761891365 1.919735714793205 24.49499877542257 0.7159456014633179 0 0 414.7367339134216 0.09298849850893021 0.4058430194854736 0 0.1959371268749237 0 11.02392734587193 0.5194111615419388 5.104984864592552 2.371418789029121 4.74739433825016 0.4994400888681412 9.923890426754951 6.719551429152489 3.371798813343048 1.990127474069595 0 0 0 0 0 0 0.1081219390034676 0 0.3970488309860229 0.1632708311080933 0.9894842952489853 0 0 0.9225578010082245 0.1723310947418213 0.3080555647611618 0.1448978036642075 0.1820311099290848 0 0.1026441305875778 0 0 0 0 0.4360310584306717 0 1.20195684581995 0.158112034201622 0.15947325527668 1.457522682845592 0.8075570166110992 0.3591914102435112 0 0.2517059892416 0.09566272050142288 0 0.2755609154701233 0.6281026154756546 0 0 0.1739307045936584 0.2277013510465622 2.848948448896408 0 0.2613577321171761 0 0 0.1750682443380356 0 0.1467817276716232 0 1.629723697900772 0 0 0.2102153599262238 0.2213970050215721 0 0.4373016953468323 0 0 1.100358739495277 1.834648109972477 0 0 0 0.7047626227140427 1.249179288744926 0.3231552392244339 0.468499481678009 0.08557969331741333 0 0 0.1452315300703049 0 0.2902542352676392 0 0 0.1241332441568375 0.2921989411115646 0 0 0.1377903521060944 3.641635924577713 1.626384913921356 0.8259052038192749 61.56493502855301 12.61162909865379 173.6109537258744 45.5312943905592 322.2708692252636 17.22965303063393 8.266998194158077 15.93057937920094 3.458572410047054 0.6344805881381035 5.785307645797729 4.443011216819286 6.348123252391815 1.138816550374031 0.4953664541244507 1.126401379704475 0.1927279084920883 0
1341.955599933863 311.1023174375296 11.17527231574059 0 581.9532876461744 411.0341050177813 2117.912826694548 0.3287441730499268 324.4605303108692 3724.547851920128 13.04323586076498 1248.777191713452 3304.174131721258 43.47735767066479 0.8296462744474411 0 0 0 0 0 0.1283575445413589 0 0 0 0.1068190112709999 0.1267003268003464 0 0 0 0 77.49526062607765 0.09540647268295288 0.367789015173912 0.1363520175218582 0 0.08386395126581192 0.3072524443268776 0.1196091845631599 0 0 0 0 0 0.1310768872499466 0 0 9.89788244664669 4.272515594959259 0.146906852722168 0 0.7853002995252609 0.3289174437522888 0 0 0.7469360083341599 1.181193962693214 31.77338991314173 184.2582249864936 7.656126722693443 1.97573383897543 0.2097227722406387 0.1166371554136276 0 4.727401599287987 1.934083253145218 1.655431471765041 1.064251095056534 0.2973276898264885 0.1087514609098434 0.3000488206744194 52.80125761032104 0.1445739269256592 0 60.21482622623444 15.21467438340187 7.734695330262184 0.3806774169206619 0 0 0 0 0.2084280773997307 5.295140899717808 0.1263452917337418 2.166879072785378 1.168343439698219 0.773890882730484 0.1417809128761292 0.3523122444748878 0 0.09948954731225967 0.09639644622802734 0 0 0 74.32255636155605 0 0 0.1337639540433884 250.1287917494774 0.5780963748693466 5.624056726694107 1.522363066673279 1.838722079992294 0.2623368501663208 19.21581876277924 4.423788130283356 6.007909178733826 8.005884826183319 12.72308047115803 1.653163239359856 17.04890272021294 18.57241761684418 7.086734682321548 2.331771895289421 0 0 0 0 0 0 0 0 0 0 0 0 0 0 0 0 0 0 0 1.339668959379196 0 0 0 0 0.2462561279535294 0 0.7048271149396896 0 0 0 0 0 0 0 0 0 0.171401247382164 0 0 0 0 0 0 0 0.3721204102039337 0 0 0.591474711894989 0 0 0 1.053567081689835 0 0 0 0.1249872744083405 0 0 0 0 0 0.7999289482831955 0 0 0 0 0.4574741572141647 0 0.2331662625074387 0 0 0 0.1714839935302734 0 0 0 0 0 0.1004668846726418 0 0 0 4.713522300124168 0 0 11.83034268766642 2.962457567453384 44.81148831546307 5.860293231904507 148.2778773978353 3.387890480458736 3.340002596378326 1.467290811240673 0.1485258042812347 0.1046508252620697 6.421577334403992 1.223769813776016 6.505305886268616 0.2771042287349701 0 0.8437357395887375 0.3090786784887314 0
998.4266501143575 6627.582852825522 792.1266247704625 581.9532876461744 0 338.4566441625357 3959.744951479137 17.64670763164759 3795.588447354734 2259.120891757309 828.989436455071 495.5201779827476 2471.928149089217 874.7948212623596 39.04964470118284 4.535061292350292 2.180461354553699 2.642704464495182 0.1413858681917191 2.109380558133125 0.5169847682118416 0.2528907656669617 0 0.1396962255239487 0.5556482449173927 0.4363191723823547 0.5279952883720398 1.02126283198595 0.1454825550317764 0 517.8490336462855 5.477896898984909 2.561421990394592 0.1343203485012054 0 0.743215948343277 3.356802746653557 1.315820343792439 0.5143721327185631 0.1717510968446732 1.111799143254757 1.030202522873878 0.3092275038361549 1.144203670322895 0.1143158227205276 0.6829578727483749 254.4064962267876 50.7198090031743 6.332707948982716 2.865881860256195 11.61453785002232 1.808782413601875 0.1869894564151764 0.2409321814775467 9.618444010615349 17.04333775490522 63.68763816356659 515.7890128269792 21.00434575229883 45.31556198000908 0.4791137352585793 1.952988766133785 0 81.5152622833848 38.94450821727514 27.85169654339552 13.4319940879941 3.288347542285919 0.3744274005293846 1.255522683262825 11.15286560356617 0.6022369414567947 0.1789757162332535 382.447522342205 350.5801009982824 268.5673189237714 48.02874635159969 3.860966749489307 0.1252174079418182 3.510709889233112 0.7329414114356041 5.014608450233936 62.04368826746941 0.4849519729614258 21.64845222979784 21.13769925385714 17.99953908473253 0.4713541194796562 4.56990360468626 0.401452325284481 1.807288713753223 0.9567071348428726 1.364427521824837 2.226821936666965 0.8756132200360298 262.36863681674 0 0 0.9138196930289268 161.2647744193673 1.735651649534702 20.44946381449699 6.888539046049118 9.691750794649124 3.569098964333534 112.6470903158188 19.20091745257378 56.02864207327366 57.3130975663662 89.47519454360008 12.36753362417221 168.7190630659461 106.6326206922531 61.03986510634422 25.47106839716434 0 0.9654126390814781 0 0.148263156414032 0 0 0 0 0 0 0 0 0 0.1383846700191498 0 0 0 0 0 2.542605333030224 0.5527001768350601 0 0 0 3.109833210706711 0.1141586005687714 3.552091456949711 0.1140532791614532 0.3306737840175629 0 0 0 0.5309943109750748 0.3638984709978104 0.272275984287262 0 0.5549564957618713 3.323079437017441 0.2125529050827026 0.120697982609272 0 0 0.1120418459177017 0 0.1402141600847244 0.1280776262283325 2.829904198646545 2.553760409355164 0.3856116235256195 0 0.1010385230183601 8.166918620467186 1.414964810013771 0 0.7242493480443954 0.8969466909766197 0.140608161687851 0.2271250337362289 0 0 0.6010350733995438 19.64855036884546 0.1427196711301804 0 0 0.1015911027789116 9.376488380134106 0.4566925466060638 0 3.857197813689709 0.2364285439252853 0.9210361242294312 3.281880177557468 1.104385629296303 0.3249678164720535 0.5396858006715775 0.3250898271799088 0 1.299115628004074 0.2444725781679153 0.1042979508638382 0 35.5466178804636 4.091116450726986 1.81938623636961 227.4347870647907 51.28222615271807 745.5387401729822 228.3298459947109 364.431576102972 69.63459975272417 26.45655062049627 74.70325598120689 10.63671246170998 1.311365328729153 40.51950710266829 24.9842811524868 29.99698579311371 5.614792563021183 2.405391328036785 6.788324847817421 0.1746942400932312 0.2354086935520172
55.33100183308125 320.7555201202631 38.50743129849434 411.0341050177813 338.4566441625357 0 680.7069819569588 4.095997989177704 135.6395758986473 1323.32195828855 57.65291704237461 280.9172569513321 327.0956790149212 93.34597589075565 1.124063819646835 2.837148234248161 0.5565724819898605 0 0 0 0 8.624431267380714 0 0 0 0.3542335629463196 0 0 0 0 6.767393425107002 0 33.87396292388439 0 0 0.7686156183481216 46.44256657361984 0.9529969096183777 2.656794130802155 0 0.7971173673868179 0.4443850368261337 0.3276855945587158 0.1856385618448257 0 0 3.923409789800644 0 0 0.1260415315628052 0.3625916242599487 32.3288384526968 1.133194953203201 0 0 1.864866130053997 364.7018073052168 19.29245220124722 9.025346100330353 0.3217989727854729 0 12.95682343840599 0 0.6753251850605011 0 0 0 0 0 0 200.6477387920022 201.8999674618244 14.87659828364849 5.146919906139374 1.216367945075035 1.869573496282101 1.923905581235886 0.3924198150634766 0 15.11691914498806 0 8.386272862553596 0.732813261449337 3.004766836762428 0 0.939709410071373 0.2092619687318802 6.727686241269112 6.835459977388382 20.49250474572182 0.6146141886711121 0.5847883075475693 0 0.1289541721343994 0.4161135405302048 323.8551136702299 41.87433867156506 26.86093732714653 36.96425920724869 729.8707828968763 0 2.598612815141678 0.4070559293031693 0 0 5.17166493833065 0 1.044814735651016 2.263756573200226 2.645967826247215 0.3142780661582947 10.0761803984642 3.330815680325031 5.877295628190041 1.70491486787796 0 0 0 0 0 0 0 0 0 0 0 0 0 0 0 0 0.1871402561664581 0 0 0 0 0 0 0 0 0 0.7678737491369247 0.4295431226491928 0.2861625254154205 0 0 0 0 0 0.1274271160364151 0 1.513885617256165 0 0 0 0 0 0 0.4738146215677261 0 0.1461745649576187 0 0 0 0 0.1286180764436722 0.5697359293699265 0 0 0 0 0 0 0 0 0 0.8713499903678894 0 0 0 0 0.3356305062770844 0.1480760425329208 0 0 0 0 0 0 0 0 0 0 0.2723650932312012 0.1171435937285423 0 0 0.7125372439622879 0.1075332760810852 0.6364852488040924 5.254112273454666 0.4237669855356216 7.436721250414848 3.962344564497471 502.7535741254687 4.527451634407043 0.1805352866649628 3.73546738922596 0.7661176919937134 0 1.480674155056477 0.9985160529613495 2.394004344940186 0.5475970134139061 0 0.5915456414222717 0 0
1105.138408310711 4055.360716953874 324.8641016408801 2117.912826694548 3959.744951479137 680.7069819569588 0 5.570101514458656 1077.168263681233 2959.275911308825 555.6508269757032 431.1156555861235 2771.170829042792 110.2141427621245 11.74326498806477 2.169340133666992 0.7688644155859947 0.9182726219296455 0 1.008786380290985 0.3962065652012825 0 0 0.1147300451993942 0.1063386648893356 0.6235711500048637 0.2200634777545929 0 0 0 232.7306956201792 1.892307862639427 2.17663212865591 0 0 0.1072094589471817 1.543070204555988 1.10594991594553 0.2212192863225937 0.1117265149950981 0.4229842275381088 0.2470268681645393 0 0.1251196712255478 0.4500578865408897 0 96.3649718016386 25.7952101752162 2.181334123015404 1.288015335798264 7.550015598535538 0.59658432751894 0 0.142436295747757 4.059828668832779 6.292085736989975 59.63117788732052 398.9818930774927 15.18096722662449 15.84170067310333 0.1354841887950897 0.7680566608905792 0.1023445725440979 42.73419242352247 17.92185024917126 12.5034324452281 4.775888688862324 1.812876664102077 0.4285649731755257 1.396715730428696 8.423283115029335 1.749751403927803 0 254.4871194735169 152.7979975566268 89.81186348944902 13.91403476148844 1.234880477190018 0 1.595520474016666 0.1415364891290665 0.503593347966671 31.06471937149763 0.7022984027862549 11.4080059081316 8.959584586322308 7.446564614772797 0 2.174744643270969 0.5174472704529762 1.199504114687443 0.7604986876249313 0.1016065776348114 0.9194887205958366 0.4596926420927048 256.2999689355493 0.4275062680244446 0 0.640666663646698 157.7201528996229 1.069457605481148 14.62638393044472 4.938881725072861 2.105256944894791 3.013750046491623 82.15326349437237 10.47015091776848 31.92560365796089 29.88183625042439 63.60018445551395 3.500785291194916 76.63223980367184 67.9616347849369 26.5486706495285 9.762554436922073 0.125471368432045 0.560807466506958 0 0.1807381212711334 0 0 0 0 0 0 0 0 0 0 0 0 0 0 0 0.6900307089090347 0.1585225164890289 0.1590605080127716 0 0 1.04191505163908 0.2186644971370697 3.17290960252285 0.1228333860635757 0 0.2443296611309052 0 0 0 0.1690029799938202 0 0 1.017217993736267 0.3313645645976067 0.1302966773509979 0 0 0 0.113430991768837 0 0.1109785810112953 0 2.704060964286327 2.381137132644653 0.5571871399879456 0 0 4.614660657942295 2.04073990881443 0 0.7268402501940727 0.4413151144981384 0 0 0 0 0.1633421331644058 7.83056003600359 0 0 0 0 3.226374194025993 0.3364203199744225 1.638455763459206 3.158405646681786 0 0.2544953599572182 0.7463209629058838 0 0.1096469014883041 0 0 0 0.09386638551950455 0 0.1063810661435127 0 18.03362159430981 1.750595286488533 0.9547202885150909 93.70281100273132 21.10969803482294 317.3495546728373 70.45949096232653 332.7683455646038 29.1123136356473 12.06696630269289 26.44173150509596 3.542672626674175 0.555132195353508 18.89943063259125 9.794266372919083 25.81012280285358 1.720677211880684 0.2496336326003075 2.267258808016777 0 0.8688685297966003
110.2054226249456 215.8471218794584 2024.480120167136 0.3287441730499268 17.64670763164759 4.095997989177704 5.570101514458656 0 22.5273287370801 3.265767857432365 2399.641354486346 2.412748381495476 21.77126424759626 160.4551082253456 72.4929718747735 40.96797852963209 2.792146809399128 4.112483166158199 0.6853765919804573 31.30460814386606 13.3330265507102 0 0.6017801016569138 1.70865486562252 1.637123137712479 18.65395165979862 2.712945386767387 3.292868956923485 0 0 2240.831586875021 3562.39936324954 77.77237429469824 3.961473494768143 0.1977653354406357 12.94849453121424 7.229534029960632 5.347759820520878 0.6042496711015701 0 127.8027998209 25.00953894853592 23.14050340652466 10.26749459654093 2.176342204213142 4.014897137880325 230.9900380596519 25.93391352146864 5.377231784164906 14.98425582051277 15.60777162015438 2.130857408046722 0 0.3447776511311531 5.286239631474018 7.350506223738194 52.61373589932919 741.5190617665648 11.93363443017006 28.1562352925539 19.49124696850777 34.67785055190325 6.034203663468361 587.1251541152596 17.12240670621395 11.83602774888277 5.350722670555115 13.17237061262131 68.75576631724834 222.9515106007457 4.247930601239204 0.6774513870477676 0 290.7263119891286 461.8250890001655 273.9462669789791 266.6953595280647 261.7166600301862 441.329342097044 2290.246455661952 20.64049136638641 1616.477662272751 30.57813867926598 0.2067877575755119 10.98481082171202 6.587402701377869 28.82803008705378 0.2122354656457901 1.742842771112919 0.5826040208339691 2.642503954470158 0.5961827486753464 50.12286207824945 20.47058698534966 3.257177948951721 6.21531979739666 0 0 0.1239950209856033 95.44796391576529 0 0 0 0 0 0.1811600178480148 0 0 1.983092695474625 0.9744844287633896 0.232267826795578 2.597567737102509 1.266210854053497 0.9951873868703842 0.3488379567861557 0 0.1162896752357483 0 0.1227159276604652 0 0 0 0 0 1.290197566151619 4.122699126601219 0.6139712780714035 0 2.506778255105019 0.3661278337240219 1.433529987931252 0 0.5941567122936249 0.1506496518850327 0 0 0 0 0 0.5630075633525848 0 2.218857422471046 0.1544058918952942 0 2.534421183168888 1.324840471148491 0 0 0.456515297293663 0.113771878182888 0 0 0.334616020321846 0 0 0.9502650499343872 0.306089460849762 6.110075801610947 0 0 0 0.08433753252029419 0.1950842589139938 0.3913425207138062 0 0 1.91528744995594 0 0 0 0.2806430608034134 0 0 0 0 1.130029335618019 1.967592269182205 0.2329254448413849 0 0.1078389286994934 1.307754799723625 0.152337446808815 0.4048062413930893 0.5317174196243286 0 0.1714302003383636 0 0.2022364437580109 0.1988558620214462 0 0 0.1167582049965858 0 0.5529331043362617 0.3425053432583809 0.6550669819116592 0 1.353686720132828 0.7182590961456299 1.948799923062325 132.0498920977116 28.97351127117872 396.0394914075732 124.1646118015051 80.40323191136122 28.49981807917356 8.054854996502399 62.48209879547358 2.728316314518452 0.2104108035564423 6.33899063616991 7.039887815713882 1.926253274083138 0.2888213098049164 0.3228271752595901 0.4728290066123009 1.18192233145237 0.3194272816181183
215.3156989514828 691.137001298368 571.5411458313465 324.4605303108692 3795.588447354734 135.6395758986473 1077.168263681233 22.5273287370801 0 1987.014270663261 3380.238710552454 571.4198521524668 5964.650869823992 1351.918835572898 37.50614432990551 10.06872034817934 0.9901269599795341 0.7603303045034409 0.1495177894830704 0.3777925968170166 0.3685683384537697 0 0.1260826736688614 0 0.2491823509335518 0.1403630524873734 0 0.5111974701285362 0.1002137511968613 0 114.9783069640398 1.623174376785755 1.33522079885006 0 0 0 3.063638851046562 0.9749924838542938 0.4318024516105652 0 0.9256211221218109 0.886325791478157 0.0961226299405098 1.880137853324413 0 0.7930138558149338 149.7855137884617 12.0662994235754 1.624072082340717 1.624992176890373 3.018803998827934 0.2950012311339378 0 0.2045633122324944 3.95636759698391 6.238522842526436 25.99699756503105 147.0685178861022 8.324314825236797 19.1539294719696 0.2727983295917511 0.7523749172687531 0 25.29900650680065 9.030007801949978 7.647927112877369 3.100604057312012 1.535053417086601 0.6872109174728394 0.8711205944418907 13.60631469637156 0.1137668639421463 0 135.2477768659592 116.6508799940348 132.4294374361634 45.39348518103361 5.493186958134174 0 2.958868019282818 0.3165345266461372 1.224666245281696 12.64557149261236 0.1329758614301682 5.086347229778767 4.006783731281757 3.228968098759651 0.4074802249670029 0.8865125551819801 0.1027260944247246 1.36539626121521 0.3456458896398544 0.5413855835795403 0.5848003029823303 0.5149382650852203 629.9550793468952 0.1474345326423645 0 0 54.9046723395586 6.413448609411716 16.5940770059824 14.37972077727318 16.32991236448288 20.02552835643291 289.8746426254511 31.53673595190048 120.0470513403416 120.6863904595375 140.4962764009833 48.0513553917408 519.9378725960851 316.2737703174353 222.9633424505591 78.82114849239588 0.4250901937484741 1.169188693165779 0.2372255772352219 0 0.1806587874889374 0 0 0 0 0.1380474269390106 0 0 0 0 0 0.2648887038230896 0 0 0 6.91263172775507 0.1444937288761139 0 0 0 5.538085088133812 0.1947939246892929 13.62992338091135 0 0.2628791928291321 0.4397192746400833 0.2121711224317551 0 0.567849263548851 0.279242068529129 0.3024498522281647 0.1728109121322632 3.568815916776657 11.35790173709393 0.3632947951555252 0.431717187166214 0 0 0.4525758326053619 0.2209024578332901 1.532949566841125 0.2391615658998489 9.500966735184193 12.18934316933155 1.264933839440346 0.3455977439880371 0 26.25846165418625 2.670948803424835 2.141472816467285 2.150605611503124 0.8865951001644135 1.050969123840332 0.1260682493448257 0.2125977277755737 0.1389200389385223 0.6014126241207123 50.32956273108721 0.2848176658153534 0 0.2772296741604805 0 36.02248690277338 0.9935369491577148 6.47905820608139 13.99641338735819 3.963918969035149 5.670695558190346 3.571933269500732 1.507011085748672 0 0.3131987452507019 0 0 0.7052233591675758 0 0 0 98.41801684349775 12.04510248452425 4.138296447694302 177.9344377741218 18.82063706964254 356.347483932972 137.6032119318843 151.6845615506172 39.02969418466091 8.574118062853813 91.49560444056988 31.62119304388762 3.102297969162464 117.425096899271 24.47614432871342 59.32841692864895 8.849525302648544 0.3303743302822113 16.75533132255077 1.368133768439293 0.1638719290494919
733.7131689339876 182.2046772390604 50.88211485743523 3724.547851920128 2259.120891757309 1323.32195828855 2959.275911308825 3.265767857432365 1987.014270663261 0 162.7445568740368 4865.126275204122 7446.063831411302 387.2562432065606 1.790032267570496 0.3036864697933197 0.2518363744020462 0.1251727938652039 0 0.2006563097238541 0 0 0 0 0 0 0 0 0 0 63.33060356229544 0.1396171152591705 3.313772447407246 0 0 0 5.374305889010429 1.204316437244415 0.1625620722770691 0 0.2820507884025574 0 0 0 0 0 24.19382499158382 4.675641149282455 0.1568658500909805 0.2130832821130753 0.7808735072612762 0.6856869012117386 0 0 1.600845694541931 2.156130969524384 61.92266080528498 218.4275497570634 8.418053053319454 3.290123365819454 0 2.288371995091438 0 10.34142524003983 3.267960906028748 1.688386015594006 0.6690820157527924 0.1170423701405525 0.4207919761538506 0.3678043708205223 271.9575590640306 1.63193978369236 0 90.8278646543622 27.89814139157534 14.13113801926374 1.601115979254246 0 0.3630107864737511 5.142005406320095 0 1.501184470951557 7.477249883115292 0 2.10942717641592 2.381079345941544 1.295776322484016 0.2489043697714806 0 0.457633450627327 0.2226327434182167 0 0 0.2287783026695251 0.09642566740512848 740.5641472190619 4.143270611763 0.1885374486446381 2.510814800858498 391.5688650757074 5.298710450530052 52.39464929699898 20.65783359110355 24.71954855322838 16.36147555708885 311.2551491707563 69.17429006099701 126.0532150417566 120.4314185976982 258.6521154344082 19.67934516072273 400.2464619278908 240.9031969755888 115.6503009870648 31.72529707103968 0 0.1425022333860397 0 0 0 0 0 0 0 0 0 0 0 0 0 0 0 0 0 7.096413649618626 0.1772905290126801 0 0 0 0.4081237316131592 0 2.229758158326149 0 0 0 0.1286119371652603 0 0 0 0 0 2.971821069717407 4.592474386096001 1.364069119095802 0.2281142920255661 0 0 0 0 0.8379484415054321 0.2028828263282776 3.739386886358261 5.763891562819481 3.589680470526218 0 0 7.566024214029312 0.9574543386697769 0.6759568154811859 0.5991828888654709 0.7802847400307655 0.122250147163868 0.2898029983043671 0 0 0.1400855779647827 16.79241156578064 0 0 0.1918887943029404 0.1528308689594269 15.57599344849586 0.287929356098175 1.789255425333977 8.989742383360863 1.15161606669426 3.097676143050194 1.563289314508438 0.1565442234277725 0.1266179829835892 0 0 0 0.2374992743134499 0.09530500322580338 0 0 106.0983644872904 2.212296530604362 1.023757591843605 33.38029254972935 4.5694550126791 93.52871429175138 19.38286436349154 470.1154065206647 10.09303318709135 2.681365989148617 10.67916674166918 12.04237876832485 1.178528532385826 47.38672039657831 6.845971576869488 79.43554089963436 8.143052667379379 0.5032074153423309 5.211796373128891 0.1015928238630295 0
906.7166143730283 1419.465133138001 2905.146452814341 13.04323586076498 828.989436455071 57.65291704237461 555.6508269757032 2399.641354486346 3380.238710552454 162.7445568740368 0 148.8458182364702 1201.415423862636 5093.864361576736 255.8272021412849 148.9026524797082 9.71345466375351 13.6231244802475 1.343837074935436 17.1537274941802 16.78674375265837 0.5625076815485954 0.8385762274265289 2.435244917869568 5.34746652841568 49.86476027965546 7.534680970013142 10.66501024365425 0.9452158361673355 0.708232082426548 2347.360932573676 1034.083643481135 744.4838977381587 4.193576641380787 0.2474332973361015 33.79692977666855 197.5246066153049 18.05518840253353 0.8967973366379738 0.9038917720317841 341.1088347285986 217.8975523784757 23.19784931093454 43.36266568303108 0.7425062954425812 4.592667825520039 667.4793036282063 61.38121280819178 13.80319778621197 23.30807515233755 46.2423627153039 9.260647468268871 0.8108076155185699 6.268992282450199 9.661483600735664 17.9657067656517 95.45579573512077 990.6955630928278 24.40515729784966 82.42461062222719 5.313897259533405 163.9400178715587 4.44342203438282 319.0497876405716 41.24083806574345 32.80095698684454 16.42738401144743 29.55380348116159 116.0635261014104 267.6717382371426 77.99072986841202 5.330010265111923 0 555.8340805768967 725.6129995882511 745.4613585844636 353.280826240778 128.9187149181962 50.69243406504393 879.0069897472858 3.246768072247505 318.8823677524924 73.69581624120474 1.018469251692295 29.4391698166728 22.60453297197819 36.72607457637787 0.8554593846201897 7.026891902089119 0.8738961890339851 8.926987625658512 8.653415247797966 145.8234156668186 109.6293863356113 21.16958428919315 308.8454962819815 1.672034934163094 0 3.419627197086811 343.3133448436856 0.6477039903402328 5.315953955054283 2.516907259821892 2.921522155404091 2.400088205933571 63.40279471874237 6.128674000501633 28.52908094227314 33.41362500935793 31.01054953038692 14.5959011092782 117.4853421598673 76.25440730154514 56.49875372648239 37.81101907789707 0.6809153109788895 2.639304272830486 0.1764579862356186 0.1118239536881447 0 0 0.7342385500669479 0 0 3.57664380967617 13.23341901600361 0 0.2366004288196564 6.667710840702057 1.91482962667942 5.780697464942932 0.464632973074913 4.809979677200317 0.2291161417961121 1.653179466724396 0.9912125766277313 0.1543439924716949 0 0 6.35589388012886 0.2192047461867332 20.63317381590605 1.444405615329742 1.09305813908577 10.82014098763466 1.617714323103428 0.6894102171063423 0.8927377462387085 1.358663558959961 2.488141380250454 2.179230883717537 2.462350070476532 6.385026723146439 0.7178671360015869 0.9141571745276451 1.639096185564995 1.234831377863884 19.93010810762644 0.3905389606952667 0.4221005588769913 0.2490832880139351 4.516694866120815 2.547324948012829 0.3518249988555908 1.553733125329018 0.452293373644352 38.9186175763607 1.456612832844257 0.747833251953125 0.7102331593632698 1.090010024607182 0.3838855251669884 2.037559486925602 0.1433639824390411 0.3482079356908798 3.834221258759499 54.82345800846815 1.359556376934052 0.507213294506073 0.2114411443471909 2.352075695991516 24.50738143920898 4.016934633255005 4.200946599245071 2.543430298566818 1.654336743056774 1.762842729687691 2.502370744943619 2.153973184525967 0.5275860652327538 0.1328773498535156 0.1387761831283569 0 1.122094817459583 0.243204340338707 0.6681797951459885 0.811538852751255 26.36857189238071 27.83827859163284 7.906587779521942 548.8777981325984 98.84312975406647 1236.798491761088 506.6629297286272 428.0616110265255 115.5654225498438 29.85727395862341 329.6852420046926 21.21886584162712 3.600070469081402 58.86834520846605 34.03051187843084 24.34907180070877 7.342413641512394 2.793030440807343 12.26288924366236 11.13956268131733 0.6023497357964516
163.6629910320044 51.22290223836899 20.79279835522175 1248.777191713452 495.5201779827476 280.9172569513321 431.1156555861235 2.412748381495476 571.4198521524668 4865.126275204122 148.8458182364702 0 3100.318774938583 295.4296285808086 22.73028244078159 17.871546395123 1.244764551520348 0.4527534395456314 0 0.6052128672599792 1.055141314864159 2.000315755605698 0 0 0.1398389786481857 0.523500844836235 1.060722470283508 2.291543334722519 1.572919905185699 0.1313556283712387 32.52563015371561 0 68.57160308212042 0 0 0.1617210209369659 136.1478902474046 0.5196182280778885 0.3423677459359169 0 16.62962474673986 56.72155128419399 0.1478304862976074 3.296250641345978 0 0.6030168011784554 47.66461016982794 3.473766960203648 0.7573122531175613 1.058122403919697 2.053410388529301 12.82726001739502 0.6568967700004578 5.837083086371422 0.9715985506772995 2.208656154572964 24.60830663889647 70.38047436624765 2.652665920555592 5.846248924732208 0 39.06840136647224 0 6.81504961848259 2.442204743623734 1.726262077689171 0.7644162774085999 1.27194856852293 3.539213970303535 14.15779741108418 222.4364887550473 16.92865964770317 0 50.28618656098843 27.83316843211651 36.91303104162216 16.87377887964249 7.908865347504616 0 72.87030453979969 0.3646199703216553 2.544560171663761 4.337319955229759 0 0.7367415800690651 0.8499470502138138 1.152896627783775 0.5507405996322632 1.271023310720921 0 1.755964905023575 4.232712477445602 19.08041949570179 20.2986464202404 13.3711549192667 2872.188568681479 11.50994631648064 0 2.685508668422699 83.09926480054855 4.237525805830956 5.283890321850777 8.359693884849548 8.22463022172451 12.93706606328487 140.6726576387882 18.28532932698727 56.29903383553028 76.31715686619282 63.80427435040474 40.56936061382294 345.9225983992219 240.1706231832504 200.6047514379025 97.35562787204981 1.060537204146385 3.963391520082951 0 0.1525934636592865 0 0 0 0 0 0.7753810659050941 0.9389044493436813 0 0.1903869807720184 0.7802434116601944 0.3414266109466553 0.320054829120636 0 0.9687152802944183 0.2931130230426788 9.016460634768009 1.778790071606636 0.2968863248825073 0 0 9.732159078121185 0.5923916548490524 21.6073744148016 1.832485735416412 1.823697149753571 0.2364041954278946 0 0.5592357218265533 0.3679144084453583 2.3901626765728 0.9834817424416542 0.8570351749658585 3.48287270963192 11.77471692115068 0.9640801697969437 1.378311924636364 0 0.2813849151134491 2.299866020679474 0.2348207086324692 1.027092859148979 0.4900014773011208 11.06459127366543 9.183284066617489 0.8529585152864456 0.3168654441833496 0 48.2525899708271 4.909241549670696 1.623283356428146 0.9986411482095718 1.426048070192337 0.436991311609745 1.777048602700233 0 1.068738177418709 2.26977302134037 93.19897244870663 2.468088075518608 0 0 0.173955962061882 39.54052492976189 3.614009082317352 7.527691140770912 10.60402294993401 8.147257551550865 3.604045934975147 5.900032468140125 0.9909573718905449 1.099278204143047 0 0 0 0.9529227688908577 0.1318748444318771 0.8498319014906883 0 108.2388077378273 34.49997237324715 11.62846488505602 116.7269240617752 8.610848061740398 151.5271207243204 63.33003340661526 204.6707566529512 16.97925729304552 1.611846648156643 73.60729140788317 27.9034828543663 1.974711388349533 98.17595193535089 13.74462196230888 31.04057563096285 11.17764356732368 0.490491695702076 20.91192173212767 1.65178869664669 0
548.5045656338334 386.1558506339788 97.70744279772043 3304.174131721258 2471.928149089217 327.0956790149212 2771.170829042792 21.77126424759626 5964.650869823992 7446.063831411302 1201.415423862636 3100.318774938583 0 809.3164920732379 89.08456312865019 46.32230151444674 2.079381495714188 1.875807002186775 0 1.740741208195686 1.693298667669296 0.4552107304334641 0.1580979973077774 0 0 6.080275595188141 0.8147541433572769 2.691619291901588 1.104579851031303 0.4899085089564323 154.5123527124524 4.409857749938965 156.9884004220366 0 0 0.328103631734848 159.3392345532775 12.34062197804451 0.3368951603770256 0 30.82696327567101 49.54779592901468 0.6416303366422653 10.54934873431921 0 0.9096603840589523 197.4313043579459 11.11193127930164 3.050424605607986 2.284404143691063 6.78339546918869 3.21390289068222 0.3787958920001984 5.768723413348198 3.22559579461813 3.719303861260414 39.29374815523624 224.0877905040979 10.29239566624165 18.09216603636742 0.3886350765824318 38.40104641765356 0 23.70273508131504 11.19938197731972 6.968977123498917 2.280923016369343 2.985659375786781 10.41885583847761 22.41812871396542 329.0911506786942 8.325785562396049 0.5586513131856918 147.6825088337064 91.88196545094252 186.59181240201 79.09237119555473 28.96467234194279 0.689837172627449 122.0089440122247 0.2899655401706696 5.139498673379421 13.77956293523312 0 5.461011230945587 5.039485566318035 5.612783633172512 0.1616106033325195 1.456248201429844 0 3.513437494635582 1.146937757730484 19.76026577502489 16.50353328883648 6.568538248538971 3391.129145413637 5.47027812898159 0 2.227305576205254 180.6721007674932 12.21138957887888 26.88113708794117 21.32293062657118 27.26292650401592 19.07740890234709 350.8533484041691 50.36988331377506 141.3762713074684 180.4825225174427 181.6287401467562 68.12354999780655 747.2113126441836 555.2014104351401 358.9145344719291 192.0742326155305 1.971476182341576 7.86846274882555 0.1573329865932465 0.7424688711762428 0.115075521171093 0 0.6716906279325485 0 0.951637864112854 0.8723646402359009 1.451388046145439 0 0 0.4678313732147217 0.1695403754711151 0.5910274684429169 0 0.8997772336006165 0.5728670358657837 14.76710806787014 1.759280078113079 0.3929097652435303 0 0 14.65730025619268 1.321838214993477 41.2218694165349 0.1622931510210037 0.547965943813324 1.947121560573578 0.5552548766136169 0.2603360116481781 3.298142328858376 4.390324555337429 2.319237098097801 0.6521874070167542 10.39381768554449 22.81067183613777 2.981344670057297 2.497184790670872 0.3714235126972198 0.5837945342063904 1.96728390455246 1.574027314782143 0.4981832951307297 1.243094570934772 20.29367478191853 26.39825420081615 2.370999231934547 1.760396867990494 0.6007507741451263 90.13320195674896 6.652197629213333 3.611058630049229 3.644399143755436 1.344680279493332 1.406154371798038 1.341329619288445 0.4202056080102921 0.4237149134278297 1.957825638353825 222.9986166208982 1.677365362644196 0 0.1873870491981506 0.4255707934498787 88.72480483353138 9.131416037678719 9.055813983082771 24.77656079083681 12.25050631910563 9.143997304141521 8.705402992665768 5.691805996000767 1.543017320334911 0.1794760376214981 0 0 0.7051913440227509 0.2775091528892517 0.7696160674095154 0.7876650393009186 224.4595964103937 70.40549845993519 18.55405502766371 307.8064543828368 25.63548821955919 441.6419839859009 209.8688035532832 360.210804335773 42.56851917505264 8.59679414331913 188.5760707557201 48.00244537740946 6.820082329213619 189.0899527668953 33.65491591393948 69.41770409792662 29.81562927365303 0.9510528147220612 34.18252264708281 4.045475743710995 0.3073828220367432
