0 3199.84437328577 802.5503560230136 784.5127608925104 295.8602250218391 52.89463670551777 1243.100225329399 251.1651379615068 29.49422459304333 1736.803832173347 897.6161304414272 61.78633478283882 395.2161430492997 277.2531099393964 2.340346693992615 1.78398635238409 0 0 0 0.1364206075668335 0 0 0 0 0.2726440131664276 0.2604064270853996 0 0.2470640242099762 0.1253263801336288 0 421.2719888910651 1.481351219117641 4.621951684355736 0 0.3872742503881454 0.2781612575054169 1.324258908629417 0 0 0.3153523057699203 0.1294443011283875 0.1211218684911728 0 0.983806386590004 0 0 22.66565312445164 5.937565848231316 0.245202362537384 0.1317093074321747 2.087252542376518 0 0 0 3.597312048077583 5.771456077694893 200.723480604589 1191.581083990633 35.77222250401974 14.33252175152302 0.1315049380064011 1.179012969136238 0.1329428106546402 2.515213385224342 6.375272363424301 1.451769217848778 2.197877384722233 0 0 0.8023796007037163 30.04987262189388 0.9499825984239578 0 162.077217489481 13.38170675188303 22.59500902146101 15.86026708781719 2.422839745879173 54.16845143586397 377.0118468552828 0 15.23159167915583 11.75528261810541 0.09471700340509415 4.050784669816494 6.799676150083542 3.453300081193447 0 0.941602535545826 0.3298265784978867 0.1846581399440765 0.1457910686731339 1.194817118346691 0.2183779031038284 0.122692659497261 26.78935408592224 0.3693513572216034 0 0.3719078898429871 423.5215622782707 0 0 1.332391828298569 0 1.561403259634972 4.716983139514923 0.3149129152297974 5.685841389000416 81.11062557995319 3.096908211708069 0.7507205158472061 3.648854777216911 3.109026193618774 9.888854488730431 1.445487648248672 0 0 0 0 0 0 0 0 0 0 0 0 0 0 0 0 0 0 0 0.2740692496299744 0.6946727931499481 0 0 0 1.394398719072342 0 0 0.5019876956939697 0 0.3799078464508057 0 0 0 0 0 0 0 0.1501355022192001 0 0 0.116908073425293 0 0 0 0 0 0 0 0 0 0 0 0 0 0 0 0 0 0 0 0 4.544148325920105 0 0 0 0 0.7197461426258087 0 0 0.6166095733642578 0 0 0 0 0 0 0.1477065831422806 0 0 0 0 0 1.324200108647346 0.2576314806938171 0 10.49123633652925 4.638681806623936 58.71264153718948 9.022751525044441 331.2876436337829 38.49291941523552 2.204021610319614 3.408162780106068 0.5644679889082909 0 0 0.545675203204155 0.5054713487625122 0.1236422955989838 0.1044162809848785 0 0.4747480154037476 0
3199.84437328577 0 433.1387355700135 249.0897643268108 524.4574897959828 1015.939745351672 1081.249935567379 150.4257631823421 402.9177529141307 161.65920663625 1818.738088831306 9.187113776803017 241.0683462843299 2217.860018074512 19.85729699581861 7.89596701413393 0.5686783418059349 0.2373237013816833 0.1171458065509796 0 0.1403635889291763 0 0 0.1290382146835327 0.5531042367219925 0.2632474973797798 0.3790013343095779 0.1459763050079346 0.1114672943949699 0.4368965625762939 1749.70536891371 11.90049506723881 9.223679706454277 0 0 0.5310297459363937 10.54141575098038 0 0 0.1746776551008224 0.6120445728302002 0.6783019751310349 0 2.180851086974144 0 0.1043000891804695 218.6093214899302 40.43604779988527 0.9683253243565559 0.7552471607923508 17.49038887023926 0 0 0.2285546883940697 28.22867497801781 48.37315207719803 41.3671999424696 1040.040995843709 127.1463873833418 117.4431489408016 0.3308034613728523 1.346223577857018 0.1459371894598007 29.42610569298267 52.00407100468874 11.61310356855392 18.64847375452518 2.264382526278496 0.5732209011912346 0.6004592403769493 22.9276165664196 6.108380615711212 0 721.9796757921576 104.1120794191957 250.2846012562513 197.7626180574298 7.875622227787971 30.41552264988422 489.0971291512251 0.2644816637039185 15.39093213528395 70.55155500024557 0.3031294122338295 34.92004299163818 54.74025008827448 23.16338796913624 0 6.935411736369133 0.1238195598125458 1.550216272473335 0.0913853645324707 1.834260910749435 1.032196722924709 1.52200935781002 123.6439039707184 0.2161462903022766 0 0 999.6065625175834 1.280113309621811 2.297400787472725 10.76131153106689 4.861907929182053 15.06629054248333 51.21813388168812 21.52765771746635 40.76227995753288 44.63208681344986 29.91496258974075 29.0129127651453 112.0168250501156 57.55979852378368 105.5958863645792 19.02005163580179 0.4453000128269196 0.8962073773145676 0 0 0 0 0 0 0 0 0.1196266040205956 0 0 0 0 0.104520671069622 0 0 0 3.059692680835724 3.814453437924385 0 0 0 9.842529520392418 0 1.637536197900772 0.6067730188369751 0 0 0 0 0 0 0 0 0.4576133787631989 0 0 0.1097891256213188 0.6541271209716797 0 0.3051608428359032 0 0.07085777819156647 0.2450053989887238 0.3562798798084259 1.19254395365715 0 0 0 5.365704447031021 0 0 0 0.09862419217824936 0.1394204348325729 0.09179838001728058 0 0 0.2429902777075768 42.25653607398272 3.129621595144272 0.4191348552703857 0.6498274356126785 0.1814123243093491 6.722707182168961 0 1.528517574071884 1.467370048165321 0 0.5488217175006866 0 0.6748847365379333 0.1286660879850388 0 0 0 1.317749977111816 0.420224666595459 0 0 31.09034124016762 1.629770070314407 0.2058722823858261 70.87294808030128 31.96436606347561 731.2874471545219 92.21482578665018 823.7178348228335 166.7217765748501 7.690154574811459 20.01935909688473 8.427043862640858 0.3966799080371857 7.439775876700878 0.3101113215088844 25.17361250519753 0.790135532617569 0 1.157627031207085 0.1624960750341415 0
802.5503560230136 433.1387355700135 0 19.07421632111073 88.34920337796211 588.9714056998491 30.05410027503967 1093.695655956864 31.65466628223658 10.64162813872099 4924.288783118129 0.1198979541659355 8.272942572832108 688.6035777181387 8.710638888180256 6.007929287850857 0.1608020514249802 0.5798079147934914 1.070162355899811 0.8640193417668343 3.083297237753868 0 0.6695861369371414 0.4661569446325302 0.9068559408187866 2.496241450309753 0.1861632466316223 0.6316929683089256 0 0.1178836151957512 4513.280438102782 154.81755438447 8.62727989256382 0.1549981236457825 1.953950822353363 3.739680409431458 1.351546585559845 0 0.1755901873111725 0.8890510201454163 12.17293582856655 2.733872473239899 1.733970612287521 0.6118501499295235 1.596569031476974 0.509562075138092 59.25487650930882 14.32012549042702 1.296262696385384 7.88239847868681 7.377178907394409 0 0 0.5555352568626404 8.9726502597332 10.52163154631853 12.16230019181967 1040.216863371432 33.05027484893799 29.49987127631903 13.98249283432961 9.856154784560204 3.290589094161987 68.38362373411655 12.92589232325554 4.3116215467453 6.961225993931293 6.060657478868961 11.66682994365692 38.07960716634989 3.598551332950592 0.6742213517427444 0 289.5522734299302 88.31235448271036 81.2145779505372 59.58061857521534 5.615777432918549 107.0018531307578 1281.349098265171 34.61813106387854 205.6896970719099 26.25286050885916 0 8.254354983568192 13.56788671761751 13.70906557142735 0 2.506833136081696 0 1.074509307742119 0.1099327430129051 29.77204079180956 3.483046717941761 0.2233444079756737 9.941129878163338 0 0 0 580.1760805696249 0.1500999480485916 0 1.554106757044792 0.1374847590923309 1.85912249982357 8.465437933802605 0.9152524471282959 4.59226281940937 4.447507098317146 6.347770035266876 4.7629534304142 11.22530579566956 9.681690484285355 16.06642167270184 1.045639798045158 0 0 0 0.1709088236093521 0 0 0 0 0 0 0.1139342710375786 0 0 0.2583320140838623 0 0.3091359883546829 0 0.1783375442028046 0 0 0.6220318078994751 0 0 0 1.829367846250534 0 0 0 0 0 0 0 0.3219032287597656 0 0 0 1.290414586663246 0.2710118293762207 0 0.1119381189346313 0 0 0.2099959328770638 0 0 0 0 0.5969446897506714 0 0 0 0.8520273268222809 0 0 0 0.1450776904821396 0 0.1116829663515091 0.2382403686642647 0.1217134669423103 0 6.451004549860954 0.2649982273578644 0 0.1225893422961235 0 1.135134100914001 0 0 0.2982322871685028 0 0 0 0.4015893340110779 0.1219776645302773 0 0 0 0.145635575056076 0.1473288983106613 0 0 2.69584521651268 0.6894355267286301 0.1730135679244995 24.50962373614311 11.65455822646618 170.9507916942239 23.71789406239986 441.7836779281497 33.63059314340353 2.153063654899597 7.853331312537193 2.158127151429653 0 1.054092414677143 0 7.132297158241272 0 0 1.190229579806328 0.7782996892929077 0
784.5127608925104 249.0897643268108 19.07421632111073 0 97.33776384592056 181.2967275232077 995.0359291806817 1.283881962299347 142.8995605558157 1514.072819888592 12.96567218005657 368.6207953840494 2008.853292807937 78.7512443959713 0.1305435597896576 0.5225080847740173 0 0 0 0 0 0 0 0 0 0 0 0 0 0 41.61559768021107 0.1085488498210907 0 0 0 0 1.291707754135132 0 0 0 0 0 0 0 0 0 7.416402235627174 2.316568270325661 0.1470796018838882 0 0.4079673290252686 0 0 0 2.30333212018013 1.181784547865391 10.20918302237988 227.2971358820796 10.22746726125479 5.24191128462553 0 0 0 0.4758358299732208 2.220145493745804 0.07761374115943909 1.281313128769398 0.09450275450944901 0 0 219.4127881377935 1.356761991977692 0 53.26440981030464 3.704721786081791 4.923503018915653 4.194763824343681 0.2793601006269455 0.1682739406824112 6.385187283158302 0 0.09619484096765518 2.95502345263958 0 1.724614650011063 2.426791824400425 0.8897548988461494 0 0.8851439729332924 0 0.1312048733234406 0 0.2282262146472931 0.1197877675294876 0 63.7917437851429 3.234152436256409 0 0 225.2325516939163 0 0.4146434962749481 1.276152938604355 0 2.878898710012436 7.42829442024231 3.617665573954582 1.948815792798996 24.7842335999012 6.91732394695282 0.9211748689413071 9.015036821365356 6.931993156671524 15.86035557091236 0.2224532812833786 0.1661269515752792 0 0 0 0 0 0 0 0 0 0 0 0 0 0 0 0 0 0 0.2167815417051315 0 0 0 0 0.4465896934270859 0 0.4254951477050781 0 0 0 0 0 0 0 0 0 0.939913272857666 0 0 0 0.6017389446496964 0 0 0 0 0 0 0 0 0 0 0 0 0 0 0 0 0 0 0 0 4.894078180193901 0.6018838882446289 0 0 0 0.3237001597881317 0 0 0.226951465010643 0 0 0 0.147797167301178 0 0 0.5233210921287537 0 0.1008775308728218 0 0 0 2.588267460465431 0.8501122146844864 0 1.99231018871069 0.9270308315753937 23.36678447574377 3.045130923390388 120.887960344553 12.04466918110847 0.6477426290512085 0.9626394808292389 0.244166761636734 0 0 0 3.142661198973656 0 0 0.5148386359214783 0 0
295.8602250218391 524.4574897959828 88.34920337796211 97.33776384592056 0 80.62306542694569 575.8387570679188 10.76539228856564 2582.088136829436 308.3633823543787 1251.355605892837 38.57961395382881 590.4241101667285 2277.749591723084 27.23648303002119 14.46951715648174 0.1744979023933411 0.1113403141498566 0 0 0 0 0 0 0.2936462461948395 0.6523412689566612 0.1191485151648521 0.5105479508638382 0 0.2603783458471298 121.6382034644485 20.11765521764755 13.08750614523888 0 0.2093627899885178 0.373542845249176 22.59919816255569 0 0 0 0 0.5674482434988022 0 1.596350736916065 0.2395602166652679 0 155.8993019610643 17.02611899375916 0.5238674506545067 0.3165223002433777 8.795959174633026 0 0 0.1395248919725418 14.51032061874866 23.42063815891743 10.72992111742496 119.2644917592406 55.95036029070616 52.25029287487268 0 1.430332079529762 0 33.52791304886341 21.59779903292656 5.620593398809433 8.197911225259304 1.531082101166248 0 0.4164988100528717 76.51916928589344 16.59576372802258 0 197.5601334869862 40.08029045164585 197.5344147607684 222.9310977086425 9.602485276758671 0.1635694950819016 16.48958557099104 0.3855168372392654 2.155912093818188 25.02372296899557 0 14.48188150674105 26.44462455809116 8.829726450145245 0.3574434220790863 3.017300017178059 0 1.836012609302998 0.3992961421608925 0.4129718393087387 0.6282773315906525 1.085844114422798 254.788777962327 0.8443733155727386 0 0 44.90845267474651 2.125870659947395 2.910507962107658 37.07797466218472 5.12631618976593 46.06294618546963 137.0204537510872 15.49159002304077 114.8231257945299 56.70730313658714 48.79887574911118 61.2746554017067 282.9244126603007 132.4776941984892 321.446008130908 36.48031969368458 0.5105474144220352 0.7545723766088486 0 0.1999819278717041 0 0 0 0 0 0 0 0 0 0 0 0 0 0 0 7.567665591835976 12.48608365654945 0 0 0 27.77550174295902 0 0.7272525578737259 0.1546256095170975 0 0 0 0 0 0 0 0 4.050779096782207 2.306052595376968 0 0.14760522544384 0.1984411180019379 0 0.1223559603095055 0 0 0 0 1.464799463748932 0 0 0 14.69495180249214 0 0.2088799476623535 0 0.1317128390073776 0.1124204099178314 0 0.1128943264484406 0 0.1760002076625824 115.67799025774 12.05977185070515 0.6389847844839096 0.6570056527853012 0.1770544052124023 12.58782556653023 2.033328652381897 6.596984952688217 5.633073195815086 2.343116424977779 2.441717937588692 0.3668280690908432 0.3377952128648758 0 0.155713364481926 1.981469586491585 0 1.015193291008472 0 0 0 75.69933135807514 10.89281104505062 0.1731067597866058 104.817571260035 43.08256373554468 498.5679528191686 88.80922421813011 185.9908679425716 93.64989898353815 4.983158200979233 37.76915844529867 10.81931432336569 0.6604390442371368 13.61948024481535 3.698534943163395 20.76769751310349 0.8760247305035591 0.2483066767454147 1.89315614849329 0.8506392538547516 0
52.89463670551777 1015.939745351672 588.9714056998491 181.2967275232077 80.62306542694569 0 410.2761652469635 33.23254247009754 61.62317031621933 731.1951807886362 203.3657025098801 224.4207890182734 499.2175155580044 106.8872417062521 0.4626627638936043 0.4071790352463722 0 0 0 0 0 2.387595430016518 0 0 0 0 0 0 0 0 320.556988582015 0.5183505862951279 6.740934938192368 0 0 0.1279670894145966 15.6796540915966 0 9.365340352058411 0 0 0 0 0.1063192561268806 0 0 3.874438121914864 0.6408849507570267 0 0 0.5861231684684753 13.74815008789301 0.4469509869813919 0 0.9851279631257057 4.187287889420986 305.9474423825741 440.1462594270706 17.07346025854349 1.937183983623981 0 0.3176631182432175 0 0.4093915820121765 1.254368484020233 0.3012732192873955 0.7273209989070892 0 0 0.1363596618175507 274.5498021245003 124.7963399589062 23.98422780632973 23.94043175131083 0.8918813914060593 3.967201307415962 4.318761117756367 0.4704324454069138 0.5093446969985962 90.78785729408264 0.1124828532338142 1.038686513900757 1.729638196527958 1.061214298009872 0.1194175556302071 1.930940069258213 0.1151108220219612 25.94342505931854 8.631332375109196 38.37808886170387 0.7859435901045799 1.080184176564217 0 0.1306218653917313 0.2990181297063828 641.4874815195799 31.6281121969223 36.65554730594158 9.398612201213837 869.5788642838597 0 0 0 0 0.4462341815233231 3.260798826813698 0.1781983226537704 1.438880249857903 11.46296416223049 0 1.340943962335587 2.072373412549496 0.6531401872634888 1.695916131138802 0 0 0 0 0 0 0 0 0 0 0 0 0 0 0 0 0 0 0 0 0 0.1673129945993423 0 0 0 0.2218220680952072 0 0 0 0 0 0 0 0 0 0 0.1524611711502075 0 0 0 0.1334321200847626 0 0 0 0 0 0 0 0 0 0 0 0 0 0 0 0.1991137713193893 0 0.1160913780331612 0 0 0 1.394266039133072 0.3296510279178619 0 0 0 0.1338485777378082 0 0 0 0 0 0 0 0 0.2128094285726547 0 0 0 0 0 0 0.6243117302656174 0 0.4099857211112976 3.687362432479858 1.044792182743549 11.93437507003546 2.814647480845451 343.6704588457942 6.733678720891476 1.341134026646614 0.6931624561548233 0.3394412845373154 0.2224720865488052 0 0 1.088914781808853 0 0 0 0 0
1243.100225329399 1081.249935567379 30.05410027503967 995.0359291806817 575.8387570679188 410.2761652469635 0 0.877261571586132 968.0944399237633 1620.893258571625 46.2305858656764 148.1305474638939 4647.353404134512 981.7344849929214 26.47063061594963 15.78543683886528 0.1552094966173172 0.4764019250869751 0 0 0.2238414436578751 0 0.273536778986454 0 0.9046164825558662 0.9683671742677689 0.1532565802335739 0.5000806674361229 0.693604901432991 0.2476579621434212 178.6473277285695 14.32176162302494 7.109335027635098 0 0.4691704362630844 0.966955155134201 27.06842779368162 0 0 1.439895957708359 0.1476386040449142 1.642424196004868 0.2192961424589157 2.528340011835098 0 0 216.6406103819609 34.66089887917042 0.7467135488986969 0.6353150010108948 18.39992155879736 0 0 0.3549056649208069 26.08936937898397 49.86423151940107 30.94794921576977 525.6825016885996 103.8723795041442 101.9520381838083 0.428717240691185 2.44480536878109 0 33.6533181220293 40.98671133071184 10.81675403565168 19.95592469722033 3.163217671215534 0.3784135803580284 1.436332054436207 68.35337387025356 11.81622414290905 0 492.9341101869941 75.78395006805658 245.0665131956339 225.3380295410752 16.21193797886372 0.4004559218883514 9.17089319229126 0.3808248192071915 4.669302895665169 59.1536645591259 0.7489875853061676 28.28059007972479 53.68554550409317 18.81909853219986 0.1259238719940186 8.613547466695309 0.1582898050546646 1.327292986214161 0.6375206708908081 3.078519888222218 2.095731697976589 1.031220570206642 770.8689280748367 0 0 0 277.4164431989193 2.950557574629784 3.942602023482323 41.01230032742023 8.722969621419907 47.14816646277905 183.2691727802157 79.59213872253895 145.9374822825193 140.0120309889317 137.8235989511013 68.84167002141476 446.9248058199883 272.9577744007111 451.5451076477766 45.58182512223721 0.2379404455423355 0.6603459268808365 0 0.1868345141410828 0 0 0 0 0 0 0.6543392986059189 0.6730209589004517 0 0 0 0 0 0.2163212895393372 0 7.930697314441204 19.11782687902451 0 0 0 32.13043031096458 0 0.358112096786499 1.431994453072548 0 0 0.1686736941337585 0.1336218416690826 0.4453847110271454 0 0 0 2.067207403481007 2.971948370337486 0 0.9316599667072296 1.325234949588776 0 0.4495688453316689 0 0 0.265675961971283 0 4.897072300314903 0.166796937584877 0 0 17.32820601761341 0 0.2367710769176483 0.1753220558166504 0.3309227377176285 0.370801717042923 0.8725370317697525 0 0 0.280011773109436 137.2335605323315 7.872534230351448 0.804154559969902 0.3244601190090179 0.2057171314954758 15.87773981690407 0.2432543784379959 2.874186098575592 1.244410879909992 5.197186551988125 2.830840222537518 0.7200094759464264 1.413020275533199 0.3833884820342064 0.9542685598134995 1.157952979207039 1.17936135828495 1.79983077943325 0.2835471779108047 0 0 137.8701253831387 8.841618314385414 0.6203973591327667 111.9059532508254 44.92250218242407 723.3663299232721 116.2805381938815 682.821289665997 166.98369166255 8.92159678786993 39.46186100691557 21.77392071485519 0.3366537764668465 12.85766869038343 5.350081011652946 48.26932860165834 0.8652999848127365 0.5132171511650085 3.510316014289856 0.3693802803754807 0.6059004813432693
251.1651379615068 150.4257631823421 1093.695655956864 1.283881962299347 10.76539228856564 33.23254247009754 0.877261571586132 0 38.37326294183731 3.913919597864151 1791.358186274767 2.227547407150269 19.24004714936018 809.5903299897909 48.64174053072929 33.18688680231571 9.436854653060436 27.87254778295755 3.040657393634319 29.22527168691158 77.05940746515989 0 10.69632017612457 5.367422349750996 24.69348931312561 53.00490943342447 7.196143172681332 3.803046315908432 1.750803083181381 0.6392432451248169 2021.557269640267 514.8636060357094 19.00091886520386 6.466675646603107 31.85543677210808 56.21162880212069 6.897592335939407 0.6555712223052979 0.113737978041172 7.752403691411018 183.9314964190125 28.63575531542301 41.64682447165251 13.28804165869951 21.73776312172413 15.8953006118536 231.6143802553415 41.29710856825113 16.60503652691841 103.7819924652576 53.35595766454935 0.1680473238229752 0.2705724537372589 5.620463609695435 13.66602281481028 27.91621621698141 9.804757013916969 288.7716872394085 43.3230569511652 74.66672310978174 424.1768124252558 168.0931852608919 48.65966626256704 280.771285995841 22.37342546135187 12.40463922917843 37.03470745682716 99.4880864918232 199.2317625805736 635.6956865787506 11.14438329637051 4.084179908037186 0 231.1862784996629 81.72782368212938 345.8048527613282 646.7165918648243 183.2723723128438 276.8875495642424 1153.313686527312 1320.55154813081 3382.318416878581 31.44141747057438 0 18.33523973077536 38.10089659690857 132.0424311235547 0 5.603574924170971 0.4371516183018684 6.545650899410248 2.657733544707298 454.9119243994355 48.78489938378334 5.629916936159134 27.15308284759521 0 0 0 159.3646495342255 0 0 3.532588124275208 1.454195961356163 7.993194669485092 26.8763567507267 1.390331208705902 21.77645449340343 5.311432883143425 8.564411908388138 9.601622506976128 42.37450349330902 26.85462546348572 60.97302928566933 7.608184441924095 0 0 0 0 0 0 0.1217323467135429 0 0 0.2186720222234726 1.706486657261848 0 0.1202008649706841 0.8652357310056686 0.3256966173648834 1.840884141623974 0 1.933383449912071 0 2.073088452219963 1.407890230417252 0 0 0 7.249221563339233 0.1129515394568443 1.962975189089775 1.16711950302124 0.1626287847757339 3.037201546132565 0.4743575230240822 0.529463067650795 0 0.3446928188204765 0 0.6391897350549698 1.283732756972313 2.334633611142635 0 1.320774398744106 1.451701261103153 0 2.612105637788773 0 0 0 0 0.4377592504024506 0.1573482900857925 0 0 5.623717620968819 0 0 0.2640338465571404 0.2744180560112 0.7459399476647377 1.515591129660606 0 0.4329809993505478 0.7438840344548225 30.2541665583849 2.050891160964966 0.1305054128170013 1.986402027308941 1.489934079349041 1.851522661745548 0 1.40673815459013 0.7532167732715607 1.402068495750427 0.632876992225647 0 0.1538377702236176 1.328752040863037 0.504064679145813 0 0 1.75209204107523 1.13324860483408 0.8963058888912201 0.5452633574604988 11.9198075979948 0.9393348544836044 0 130.2422998324037 60.18488702178001 682.8916290327907 109.5481310263276 121.0940189883113 83.83036311715841 3.711088046431541 38.54676169902086 8.659005470573902 0.8287437409162521 6.427354171872139 0.3070027083158493 4.156544923782349 0.2633979022502899 0.3135398626327515 1.667965188622475 1.774975046515465 1.031220801174641
29.49422459304333 402.9177529141307 31.65466628223658 142.8995605558157 2582.088136829436 61.62317031621933 968.0944399237633 38.37326294183731 0 390.4017268121243 2599.403612777591 77.11568260192871 928.1587293148041 1938.162715002894 62.34732539951801 45.5242840051651 1.512176014482975 0 0 0.4693435579538345 0 0.1127529442310333 0.1196661442518234 0.1698902994394302 2.961737617850304 1.91514641046524 0.6272581964731216 1.046242073178291 0.8104109317064285 0.3353210538625717 41.99633142352104 28.95469129830599 14.31581763923168 0.1350968033075333 0.3145153671503067 1.452739030122757 31.22637264430523 3.243732206523418 0.2326894849538803 3.921786837279797 0.8481196165084839 0.9233062788844109 0 11.44462335854769 0.1219983696937561 0.4237155988812447 169.1852858066559 11.06860440224409 0.4009100198745728 0.7468326166272163 6.858615197241306 0.2339913621544838 0 0.4804113656282425 10.62267574667931 23.90631718933582 12.23774518817663 41.56442447006702 31.16769006103277 37.52923309057951 0.4158684015274048 6.365313902497292 0.7267480343580246 47.05980480462313 12.78868444263935 4.915209643542767 5.893798850476742 1.597722515463829 0.6552658155560493 2.285252533853054 110.1118496507406 32.42364181578159 0.1854988783597946 97.17974990606308 15.66451447457075 220.4556438997388 293.1380213573575 55.74700760096312 0.4226388931274414 16.50253137946129 0.7538974285125732 15.13152139633894 13.3523762524128 0.4741887301206589 11.4372723698616 19.9913969412446 7.614692874252796 0.1471768170595169 4.854887455701828 0 1.144679635763168 0 3.929915979504585 4.030590668320656 1.72699898481369 714.4679673910141 2.640333116054535 0.3729941695928574 0.4806792214512825 30.91883280128241 3.594856813549995 4.303115949034691 61.63087244331837 9.220935165882111 75.02570717036724 271.4768754988909 40.18871948122978 261.2570632994175 123.2250678688288 100.1203687041998 125.8789798617363 581.2608192712069 315.3337819129229 712.2419468015432 84.4577572196722 0.7004836350679398 2.048908680677414 0 0.1656309515237808 0 0 0 0.7766618132591248 0 0 0.2865392565727234 0 0 0.2793887555599213 0 0 0 0.9869655817747116 0 17.84750390052795 25.07378602027893 0 0 0 64.1589812785387 0 3.546378567814827 1.28890860080719 0 0 0 0.1167693063616753 0 0.1701332181692123 0 0 3.763142317533493 6.700453251600266 0 0.7639042437076569 3.260483339428902 0 0 0.4047486633062363 0.3894805014133453 0.793214738368988 0 1.093140542507172 0.8257737457752228 0 0 29.71132899820805 0.2010263502597809 1.147978663444519 1.29359969496727 0.3327923268079758 0.1140977889299393 0.4156540632247925 0 0.2846761345863342 0.6526676788926125 267.9469444900751 25.80770736932755 3.775621637701988 2.149472206830978 0.7209370285272598 36.38415102660656 0.9732182621955872 6.435667723417282 5.123371176421642 1.472331091761589 5.295058310031891 0 2.27055311948061 0.8789228200912476 1.271311745047569 5.470616370439529 0.8906354010105133 4.330819152295589 0.8251701146364212 0.2537513971328735 0 202.8997285813093 22.53917194902897 2.519428074359894 335.2548196017742 60.79722940921783 622.9874945804477 152.7916673719883 267.6033421084285 104.6627849265933 8.754408925771713 121.8898928612471 29.12494208663702 2.333704188466072 25.56937695294619 4.907017789781094 47.74731756746769 1.262246415019035 1.212321937084198 4.976219847798347 3.238212838768959 0.1578971445560455
1736.803832173347 161.65920663625 10.64162813872099 1514.072819888592 308.3633823543787 731.1951807886362 1620.893258571625 3.913919597864151 390.4017268121243 0 39.02456147968769 532.2899659574032 10740.20094710588 159.2367821186781 1.645600996911526 1.935326464474201 0.3155919760465622 0 0 0 0 0 0 0 0 0 0 0 0 0 59.9772761464119 0.6272357255220413 9.296317398548126 0 0 0 94.41010139137506 0 0.479707807302475 0.6180217266082764 0 0 0 0.6732331216335297 0 0 14.51709443330765 2.612921670079231 0 0 1.419250577688217 0 0 0 1.746484063565731 4.147495247423649 33.21699880063534 379.1434627175331 16.51088538765907 9.237151876091957 0.1088564991950989 0 0 1.152185916900635 4.627192378044128 0.9465303272008896 1.67730125784874 0 0 0.1763574331998825 2513.842057973146 7.239693090319633 0 105.3608912751079 4.392286889255047 11.51616512238979 8.68679915368557 2.550646990537643 0 1.035898461937904 0 0.9509045779705048 8.66408547013998 0 2.754440739750862 3.724014163017273 0.8725062608718872 0 0.2915352210402489 0 0.2482144460082054 0 0 0.4357345998287201 0 961.306035682559 21.59810620546341 0 0 456.8408694118261 1.123527660965919 4.257591247558594 29.86037503182888 49.13744017481804 11.14228250086308 99.39506036043167 88.80266898870468 38.47233591973782 116.7204736918211 120.3639141172171 22.71320761740208 172.3638601303101 266.2221750319004 573.8337361514568 7.688371241092682 0 0.3198583573102951 0 0 0 0 0 0.2316841185092926 0 0 0 0 0 0 0 0 0 0 0 2.934092432260513 4.806593105196953 0 0 0 15.78352561593056 0 0 0 0 0 0 0 0 0 0 0 0 0.513432651758194 0 0 0.7373914569616318 0 0 0 0 0 0 0.2290716618299484 0 0 0 2.382381737232208 0.3830067813396454 0.3580017387866974 0 0 0 0 0 0 0.3016170561313629 175.0267122834921 6.58097243309021 0 1.668408170342445 0.3516069501638412 3.034293875098228 0 0 0.4003757983446121 0.6948869228363037 0.7042432129383087 0 0.2321315109729767 0 0 1.361682638525963 0.7767667174339294 1.582116797566414 0.1797361969947815 0 0 71.4092458486557 4.405418217182159 0.3296949863433838 15.91571998596191 2.112595081329346 52.6366782784462 8.173320487141609 537.2949942275882 20.77549342811108 1.083589784801006 6.018097430467606 4.06856207549572 0 3.024347446858883 0.1008696854114532 75.23881822824478 0.3061710298061371 0 0.5978360027074814 0.2890547513961792 0
897.6161304414272 1818.738088831306 4924.288783118129 12.96567218005657 1251.355605892837 203.3657025098801 46.2305858656764 1791.358186274767 2599.403612777591 39.02456147968769 0 16.70032654702663 367.7477893605828 5157.367616906762 124.7463011220098 98.5996890515089 2.480009406805038 1.063102021813393 0 3.050972059369087 2.909861221909523 0 0.4492909759283066 2.177566267549992 33.63781534135342 31.21089562028646 6.052316278219223 2.397666022181511 1.461451917886734 0.6602102592587471 1039.41879529506 152.8245928883553 47.9623521566391 0.4219085797667503 11.39874367415905 43.88838092982769 26.12215204536915 3.253337293863297 1.184977255761623 25.23177147656679 22.65699401497841 6.123190261423588 0.5690366923809052 31.75740827620029 1.05098307877779 1.02791903167963 342.237794265151 25.94961865991354 1.697971999645233 3.523460619151592 24.18361566215754 0.4268154799938202 0.1909416317939758 0.4078234359622002 18.02682394534349 34.77532757818699 16.42025938630104 221.1481126248837 56.14999109506607 93.02633519470692 1.657775342464447 97.74795840680599 15.23337146639824 146.0695787221193 29.49613270908594 9.893051698803902 15.06308584660292 8.89617644995451 6.934214383363724 38.98664547502995 55.30641603469849 22.87150165438652 0.7730299383401871 257.6643255129457 59.23089917004108 486.7528011277318 658.3060014694929 141.9175329431891 40.08819732069969 1227.544573582709 8.485416650772095 649.8454238623381 34.8086082264781 0 21.77720668911934 35.24391637742519 22.55893616378307 0.2063285857439041 8.774244084954262 0.1114551350474358 3.856908544898033 0.7951974347233772 39.58884543180466 15.55699822306633 3.011625289916992 203.0990727245808 0 0 0 176.3575879186392 1.506109312176704 1.478730365633965 25.81511731445789 7.009370163083076 33.62225061655045 123.0830204188824 16.8067322075367 119.142627030611 42.58562333881855 38.04094015061855 51.90451942384243 271.777579843998 124.4628827720881 316.843207128346 39.371093288064 0.2161969244480133 1.332016035914421 0 0 0 0 0 0 0 0.1466826349496841 0.3207450658082962 0 0 0.4728773683309555 0 0.7766274511814117 0 0 0 3.995194047689438 12.54112231731415 0 0 0 30.91901539266109 0.2450139224529266 1.233832605183125 0.1560730040073395 0.1186766102910042 0.5112807899713516 0 0 0 0 0.107000857591629 0 2.682842254638672 3.148710608482361 0.2866478562355042 0.1301261633634567 1.564897775650024 0.2868569493293762 0.4849457591772079 0 0 0.5506764799356461 0.5601511299610138 1.425528675317764 0 0 0 16.97429871559143 0.1773800700902939 0.4206804931163788 0 0.5185866504907608 0.5630851835012436 0.5846712440252304 0.2707675397396088 0 1.173560336232185 112.9319740980864 8.800541788339615 0.4237571358680725 1.862256407737732 0.501236267387867 15.52405847609043 0.6931295990943909 4.245495468378067 2.602567508816719 4.401589393615723 3.417897298932076 0 0.973867729306221 0.351362556219101 0.3362522050738335 1.967902690172195 0.239856481552124 1.124752640724182 0.4940491169691086 0.3868644684553146 0 67.37173876166344 5.369804605841637 2.25999890267849 373.9739867150784 106.8726213425398 897.2004703432322 189.2901879549026 379.5733649432659 158.2444622889161 13.13794428855181 141.343432366848 25.88700660318136 0.8318116813898087 16.82902368158102 2.131055071949959 8.433673053979874 0.4704654216766357 1.087690062820911 4.529895007610321 4.357927843928337 1.895251765847206
61.78633478283882 9.187113776803017 0.1198979541659355 368.6207953840494 38.57961395382881 224.4207890182734 148.1305474638939 2.227547407150269 77.11568260192871 532.2899659574032 16.70032654702663 0 885.6367502361536 20.34108628332615 15.91524932533503 20.30969659984112 0.8488025516271591 0.1610977053642273 0 0 1.153696358203888 0 0 0 3.206873834133148 2.66350232064724 0.9141537249088287 0.3235503137111664 1.047731637954712 0.1341416984796524 2.61361363530159 0.6260800808668137 9.7024045586586 0 0.1777702569961548 1.808707624673843 28.84855496883392 4.231317803263664 1.014569729566574 9.203195989131927 0 0.6599020212888718 0.2072536945343018 10.0744686871767 0.1400867402553558 0.2203907817602158 29.43021691590548 0.9668356850743294 0 0 1.229073189198971 0 0 0.1819835603237152 1.100782454013824 2.190606765449047 5.520412012934685 34.21507726609707 4.27514722943306 2.825616359710693 1.149870350956917 4.095995649695396 0.2696641683578491 1.235394701361656 1.340975277125835 0.5684717372059822 0.6934908181428909 0.471712552011013 0.1457768976688385 1.386905819177628 117.7997515648603 34.49966022372246 0 16.6808622777462 1.667732417583466 22.41532655805349 20.88783340901136 15.58081191778183 0 3.859092354774475 1.888368666172028 1.817956760525703 1.721429333090782 0 1.378759063780308 0.8117710500955582 0.1876134723424911 0 0.2024502083659172 0 0.1387058794498444 0 1.250388726592064 2.826797187328339 0.8451044112443924 1287.586008504033 1.249129056930542 0 0 64.99185159802437 2.661833554506302 2.836525037884712 10.08079116046429 1.738379776477814 11.38343159854412 50.0341357588768 19.0586414784193 47.91557922959328 23.32257235050201 23.38730664551258 19.51562802493572 102.9707881063223 74.23986421525478 148.5142892301083 15.77498489618301 0.2877807766199112 0.9908746629953384 0 0 0.1511515825986862 0 0 0 0 0 0.1331946104764938 0 0 0 0 0 0 0.4495543837547302 0.1269717514514923 2.044357985258102 2.6586554646492 0 0 0 19.27113406360149 0.2094168215990067 1.857158169150352 2.111508026719093 0 0 0 0 0 0 0 0 2.685368597507477 1.174007371068001 0.3057637214660645 0 0.4091952592134476 0 0.1340672522783279 0 0 0 0 0.1912874430418015 0 0 0.3014348447322845 10.59547218680382 0 0.5916919708251953 0 0 0.1822185665369034 0 0.1286904066801071 0 0 84.63304358720779 11.85730488598347 0.8437345027923584 0.7996555715799332 0.2712193131446838 7.084872111678123 0.2597619295120239 2.271859049797058 0.9199721664190292 0.977387860417366 0.1499686241149902 0.171174556016922 0.8723733350634575 0.1352643817663193 0.2362015098333359 2.082778006792068 0.3752506524324417 0.8086379021406174 0.2909300029277802 0 0 66.03610660135746 12.02262376248837 2.940364763140678 71.56537492573261 10.48796632885933 80.83374126255512 21.93368724733591 131.3098619952798 15.04036089777946 0.6751890629529953 35.93145566433668 6.79763413220644 0.1577543467283249 9.781337924301624 0.8749160170555115 16.42931851744652 0 0 1.977722764015198 1.136938497424126 0.4340834319591522
395.2161430492997 241.0683462843299 8.272942572832108 2008.853292807937 590.4241101667285 499.2175155580044 4647.353404134512 19.24004714936018 928.1587293148041 10740.20094710588 367.7477893605828 885.6367502361536 0 2870.720428235829 147.5957251265645 192.4346655234694 8.875381611287594 2.463901162147522 0.5105404108762741 1.412884011864662 1.755600064992905 0.8535669595003128 0.3180784210562706 0.6942922472953796 36.48931866139174 29.49211373925209 7.041306480765343 0.4201825112104416 7.753101341426373 1.89671117067337 21.33116940408945 20.55753840506077 510.8433147594333 0.3117686212062836 5.672243475914001 33.38290193676949 228.6396306306124 57.11325871944427 3.66975049674511 64.54375227540731 6.782150380313396 8.208121091127396 0.7212669849395752 71.46402172744274 1.586742326617241 2.37995033711195 227.060385517776 9.110355392098427 0.5607933849096298 3.858929052948952 21.11091335862875 1.068867862224579 0.4256787002086639 1.23042131960392 7.840384259819984 18.25862976908684 27.62170799076557 118.3476385250688 22.68650759011507 34.92351634055376 6.356763057410717 55.45103961229324 6.931540012359619 29.33837181329727 14.98466658592224 4.405517727136612 9.347906276583672 7.046465046703815 6.342589981853962 23.50003927201033 300.3344572484493 75.39588443934917 0.6224409490823746 86.38217912614346 8.790058486163616 234.0821818262339 283.9989515841007 179.4208597242832 1.755451574921608 722.5152073428035 8.880560830235481 78.23198851943016 13.19583832472563 0.4027425199747086 10.85299054533243 19.30984272062778 10.901766076684 0.3087044656276703 6.435968361794949 0 3.356439605355263 0.2628253474831581 23.41734933853149 20.26062749326229 6.124280005693436 5070.529746666551 8.338906042277813 0 1.537001937627792 222.9437478482723 7.693930849432945 5.043639659881592 81.74135281145573 21.54874783754349 112.0509459972382 326.7135462015867 66.62845243513584 272.9241527616978 238.342515617609 163.1043538451195 149.8135001808405 741.2692991346121 521.2474631294608 953.8177106976509 143.4208947718143 2.810784354805946 2.176461905241013 0.140788733959198 0.4230277091264725 0.1438444554805756 0 0.2244399785995483 0.4020773768424988 0 0 0.9470934271812439 0 0 0.3585803806781769 0 0.7409278899431229 0 0.3861074894666672 0.1464787423610687 17.98549158126116 37.03615257889032 0 0 0 104.4771712273359 1.233311548829079 10.15389557182789 3.909003347158432 0.4699359685182571 0.6925879269838333 0 0.4740739762783051 0.2199913710355759 0.8372060656547546 1.375717088580132 0 3.237197160720825 8.716476052999496 0.9572542607784271 0.1320893168449402 7.987288370728493 0.2640070244669914 1.145040854811668 0.2682173550128937 1.225984618067741 0.2436685264110565 0.5307972729206085 1.731129303574562 0.9152742475271225 0.1227555349469185 1.099019721150398 51.12276351451874 0 0.3022718727588654 0.4586333483457565 0.3995426446199417 0.697097159922123 1.469923004508018 0.9283512160181999 0.1552134603261948 0.9421840533614159 465.3592414259911 84.67499122023582 4.794744029641151 5.826747581362724 1.796139098703861 44.05598843097687 3.444951578974724 12.0524805188179 8.330337323248386 2.970075190067291 9.003801636397839 0.7396655529737473 3.453414887189865 0.8004689514636993 3.493939936161041 11.40207979083061 3.715125203132629 7.132416568696499 0.1264575868844986 0.3079262971878052 0.4919392466545105 462.2847058326006 74.82117314636707 11.50264593958855 571.3475309312344 111.1042286157608 703.0742723196745 205.3281956985593 664.8193083330989 116.9470540359616 11.34814754128456 270.8253893628716 26.58296690136194 4.67431428283453 34.1619720980525 6.05241896957159 43.44272936880589 5.666873008012772 2.245650164783001 10.003269135952 9.523605272173882 1.282095685601234
