0 3368.189368575811 279.0173646211624 744.9244147390127 437.0371341630816 114.2770256698132 1315.121958203614 63.51880372315645 453.8217035382986 1582.511134319007 610.3635955154896 187.8938154131174 831.9820150136948 323.3722620978951 2.393205486238003 1.523128390312195 0.4198624268174171 0.2561992257833481 0 0 1.724043682217598 0.6667607426643372 0.5866843014955521 0 0 0.7484228014945984 0.1271367967128754 0.3732051700353622 0 0 856.4760209470987 3.75499339401722 12.64365471899509 0.1298186480998993 0.1149834915995598 0 11.27842202037573 0 0.8019461333751678 0.9948824942111969 2.170934930443764 0.1582108438014984 0.3262619525194168 0.5710395872592926 0.2312979102134705 0.415893942117691 52.50961756706238 3.70585710555315 0.7418531775474548 0.6199210733175278 0.4931414499878883 0.3289837688207626 0 0 29.97560930252075 7.571233853697777 637.3713667243719 1819.144673079252 84.62713670730591 52.55703730136156 0.1464489698410034 1.568507015705109 0 18.04181467741728 4.795399568974972 1.93104250729084 1.503370963037014 0.8278683796525002 1.521966069936752 3.937893494963646 25.93461041152477 2.685971170663834 0.3672972321510315 589.5477753356099 122.9229624271393 45.52344498038292 14.26892593502998 1.917478650808334 1.733717516064644 34.56452258676291 2.406652882695198 7.336646214127541 38.64424764364958 0.5344215035438538 1.99925184994936 3.464392632246017 1.295012213289738 0.391899362206459 0.8291729912161827 0.3778593987226486 0.108587235212326 0 1.207223296165466 0.1234064027667046 0.6915923953056335 105.1519815921783 4.614340156316757 0 1.067802965641022 1655.058243498206 0.4263226911425591 0 0 0 0 0.5979300439357758 0 1.204244948923588 25.07873651385307 0.5713896080851555 0.1226491332054138 4.602135725319386 3.538908794522285 2.24677611887455 3.325633861124516 0 0 0 0.1496368944644928 0 0 0 0 0 0.4341542720794678 0 0 0 0 0 0 0 0 0 0.1707039028406143 0 0 0 0 1.180865481495857 0 0.5195367783308029 0.3929673954844475 0.4966079592704773 0 0 0 0 0 0 0 0 0.1469036787748337 0 0 0 0 0 0 0 0 0 0 0 0 0 0.8344277739524841 0.3178211748600006 0 0 0 0 0 0 0 0 2.929096311330795 0 0 0 0.1490016728639603 0.5155926942825317 0 0 0 0 0 0 0 0 0 0 0.1159965023398399 0 0.102339893579483 0 0 1.526128873229027 0.1647696644067764 0.6733279600739479 90.99034344404936 10.94994603842497 151.9456370770931 10.29630821943283 998.8462445139885 73.05967616289854 1.988014586269855 10.54045411199331 0.3558528274297714 0 0.9694633036851883 0 0.6272012740373611 0 0 0 0.2266854494810104 0
3368.189368575811 0 1150.41915281117 450.6717265769839 4816.354797370732 106.3714343905449 4752.980215199292 140.8031715899706 2276.818987652659 279.7153955772519 1473.406837552786 15.56487982720137 520.3970259577036 742.5926233977079 6.032709993422031 3.920899845659733 1.263561807572842 0.2077562287449837 0.2222586050629616 0.4028423056006432 2.006642155349255 0 0.7969509959220886 0.1017872989177704 0.6143299490213394 1.12427644431591 0.2275672778487206 1.273801304399967 0 0.1130382269620895 1968.641888543963 24.38579785078764 24.97516202181578 0.7886018753051758 0.6293485313653946 0.1955796703696251 19.04287618398666 2.000879481434822 3.932226493954659 3.459272809326649 7.371947973966599 2.120903089642525 0.1426452845335007 1.671396434307098 0.4976884126663208 1.111531108617783 179.7052449733019 16.99677450209856 1.468847155570984 0.7037003636360168 1.705985218286514 0.2728715315461159 0 0.750862754881382 65.58354342728853 26.36399096250534 124.3598144650459 1327.951697669923 56.0731938034296 75.38129171729088 1.393323853611946 3.121406838297844 0 119.2267347276211 24.39637620747089 9.594007447361946 4.854581415653229 3.035661816596985 2.549958266317844 8.44056411087513 25.42427642643452 0.7042819708585739 0 737.5174680873752 309.9019248709083 175.6515038609505 97.99110812693834 4.804676704108715 3.535490043461323 62.30266009271145 4.014104455709457 13.51084995269775 97.48575648665428 2.581648923456669 7.263060927391052 16.67821364849806 6.206852070987225 0.1939988657832146 2.375309981405735 0.6812561750411987 0.5924633294343948 0.3858714178204536 2.540943376719952 0.9810949712991714 0.9588954299688339 93.74621146917343 8.425182171165943 0 1.365962229669094 389.1905449479818 0.6394741535186768 0.5048797130584717 1.369228102266788 0.7598351463675499 0.1643399000167847 16.54159121215343 0.2728375196456909 15.57396408170462 25.72716134041548 10.57591032236814 2.527382478117943 55.38823787868023 18.85176257789135 34.66112027317286 31.26318547874689 0.4346872195601463 0.1666021347045898 0 0 0 0 0 0 0 0 0 0 0.1210923418402672 0 0 0 0.1089992001652718 0 0 0.3315694332122803 0 0 0 0 5.154629424214363 0.2077940627932549 8.344635374844074 1.306108519434929 0.1464435905218124 0 0 0 0 0.479387491941452 0 0 1.05184930562973 2.907145224511623 0.2376672774553299 0 0 0 0 0 0 0 0.4584890305995941 0.9769783318042755 0 0 0 6.316120564937592 0.6108196526765823 0.3516609072685242 0.3304645419120789 0 0 0 0.150060623884201 0 0.1417692899703979 31.35634347051382 0 0 0.1125245243310928 0.1320355236530304 1.94298443198204 0 0.5030665248632431 1.010702610015869 3.716063775122166 1.000446438789368 0 0 0.291543573141098 0.1867755949497223 0.1315048038959503 0 0.5228058397769928 0.09340204298496246 0 0 12.62056282162666 4.04472641646862 5.550154350697994 428.6990537121892 45.59483177214861 579.8383403271437 45.3259294256568 623.4708380401134 102.9232545122504 8.085982777178288 41.65300463140011 7.790822133421898 0.3088541775941849 5.538859076797962 0.4397274851799011 3.402420118451118 0.9410509765148163 0 0.7075487598776817 1.591143742203712 0.2971854209899902
279.0173646211624 1150.41915281117 0 6.410872399806976 1163.724697142839 0.6064339503645897 140.4393700361252 2014.401297584176 1541.332420378923 2.944695048034191 3551.111630178988 0.9036237075924873 145.2405620142817 527.211137548089 7.095830164849758 5.879374846816063 0.3943431228399277 1.030495867133141 0.1276601254940033 0.9473432153463364 13.61492601782084 0 1.645030543208122 0.9981676936149597 0.4272214472293854 2.6511040776968 0.3883557394146919 1.286152996122837 0.1308950334787369 0.1065443456172943 6307.647758454084 383.472173564136 23.27401258796453 3.461251385509968 0.9977617934346199 0.5040512084960938 10.32938034832478 0.6855867356061935 1.560657240450382 0.5203688591718674 25.94636572152376 3.065503135323524 4.302822574973106 2.204173132777214 3.963751815259457 2.023223087191582 43.20346472412348 2.45270549505949 1.210586905479431 7.103737771511078 1.723470434546471 1.080133274197578 0 0.795002281665802 10.80049697309732 4.285692550241947 35.18433351814747 1033.091071940958 14.16631381958723 19.22169926762581 16.8193826302886 3.558288335800171 0.8870868012309074 97.58581288158894 3.949760168790817 3.180260993540287 1.143816910684109 6.319696746766567 15.06719238311052 37.12202039361 5.348348557949066 0.3889829218387604 0 166.1342382803559 96.0297534391284 39.89477518200874 47.37892121076584 10.2888076081872 173.5081799924374 539.1835609674454 40.31378622353077 147.6466613858938 19.00082387775183 0.3100080639123917 2.466862753033638 2.744734808802605 5.877857111394405 0 1.061493620276451 0.2520636916160583 0.7214577421545982 1.132906995713711 11.79960159212351 2.220332100987434 0.1739150434732437 11.887839615345 1.553954727947712 0 0.3484206050634384 325.6067562028766 0.1582764834165573 0 0 0 0 0.7322851568460464 0 0.743977352976799 0.3051285892724991 0.5637532323598862 0.2479124367237091 1.363479144871235 0.5721840187907219 1.521914429962635 1.476854808628559 0 0 0 0 0 0 0 0 0 0 0.3397457301616669 0 0 0 0.1996504962444305 0 0 0 0 0 0 0 0 0 0.5808566361665726 0 0.8404569178819656 0.09677357971668243 0 0 0.2785743474960327 0 0 0 0 0 0 0.1839949041604996 0 0 0 0 0.3689191788434982 0 0 0 0 0 0 0 0 0.268672838807106 0 0 0 0 0 0.3121315538883209 0.09284248948097229 0.11727374792099 0.5085514336824417 2.410900413990021 0 0 0 0.2619097083806992 0 0 0 0.2070710957050323 0 0.07929015904664993 0 0 0 0 0 0 0.09310039132833481 0 0.2655070722103119 0 0.8855239376425743 0.340025782585144 0.7175284624099731 60.41320636868477 11.69187323004007 131.313509196043 14.01210974901915 65.29923251271248 22.78555975109339 1.360363192856312 11.9697617739439 0.533354714512825 0 0.2094482630491257 0 0 0 0 0 0 0
744.9244147390127 450.6717265769839 6.410872399806976 0 18.76215760409832 165.1482462435961 1080.673454754055 0.353314533829689 57.7568503767252 840.8843950629234 2.166339732706547 523.8822015076876 3008.105875059962 103.3168226107955 0.488231286406517 0 0.1341869831085205 0.2193600833415985 0 0 0 0 0 0 0 0 0 0 0.09784229844808578 0 60.81447948515415 0.6993373930454254 1.350180268287659 0 0 0 0.9046025723218918 0 0.1930985897779465 0.1081646159291267 0.1301724314689636 0 0.1366728246212006 0 0 0 16.56317096948624 2.862803943455219 0 0.1503368020057678 0.3310586735606194 0 0 0 6.501927576959133 2.201504155993462 17.32842803746462 126.7897535860538 8.906069666147232 7.981990128755569 0 0.337434783577919 0 7.942035458981991 2.742435030639172 0.7654595822095871 0.2508875504136086 0.3181964829564095 0.1852430701255798 0.09669273346662521 2.690240249037743 0 0 92.09429997205734 36.45793118327856 15.14200676977634 8.249495223164558 0 0 0.2150759175419807 0.1534247100353241 0.4978954941034317 10.5731987580657 0.09613995254039764 0.3167901858687401 1.532030075788498 0.2327943295240402 0 0.4683774411678314 0 0 0 0.1573511809110641 0.1423593461513519 0 18.25800237059593 0.6384922862052917 0 0 44.22369208931923 0 0.5721447467803955 0.3823429793119431 0.5077652335166931 0.9272706657648087 2.396692737936974 0.2056271582841873 1.247555702924728 9.474666237831116 0.9049637019634247 1.001144826412201 10.67357148230076 4.460784666240215 4.304762057960033 3.269409038126469 0 0 0 0 0 0 0 0 0 0 0 0 0 0 0 0 0 0 0 0 0 0 0 0 0 0.08962764590978622 0.512297123670578 0 0 0 0 0 0 0 0 0 0.4664797186851501 0.4853487610816956 0 0 0 0 0 0 0 0 0 0 0 0 0 0.220583587884903 0 0 0 0 0 0.1378943473100662 0 0 0 4.389621123671532 0 0 0 0 0.1837017238140106 0 0 0.3759126663208008 0.2619450688362122 0 0 0 0 0.09888378530740738 0 0 0.1233512386679649 0 0 0 1.567324846982956 0.3587632179260254 0.8575369864702225 36.7359280064702 2.775167487561703 49.05815971642733 3.662446238100529 292.0812517479062 10.07848517596722 0.6158524006605148 4.279305577278137 0.9242456555366516 0 0.3028148263692856 0 0 0 0 0 0 0
437.0371341630816 4816.354797370732 1163.724697142839 18.76215760409832 0 19.36446739733219 3324.89280872792 464.6626147478819 8958.484604775906 141.2766612917185 1259.580866955221 18.74563252180815 780.5845138505101 931.7629603520036 16.63805936276913 7.806975990533829 0.8469865992665291 0.895439401268959 0.1152164861559868 0.3099108636379242 2.869536817073822 0.1037767827510834 0 0.2103413790464401 1.20723444968462 1.395590618252754 0.3373717740178108 1.139917448163033 0.3984725549817085 0 646.8555411174893 31.94484111666679 59.29423198103905 0.9665568172931671 0.3146816939115524 0.3619419112801552 33.01645440608263 1.41653711348772 4.838935017585754 5.451898597180843 8.152898229658604 1.583698779344559 0.9498801827430725 1.945939280092716 0.1602134555578232 0.7108699530363083 201.7825980111957 16.79434833675623 1.960025623440742 2.233195781707764 2.029104687273502 0.3390111550688744 0.2658816128969193 1.429593123495579 47.92002464085817 21.82890132814646 40.88504343479872 420.0811911597848 27.53646558523178 58.98224622756243 5.851022839546204 6.705175824463367 0 131.5974069163203 23.27471941709518 6.483528390526772 4.888992860913277 3.489675752818584 3.622269794344902 12.80096902698278 53.05005500465631 2.900498777627945 0 345.9138559252024 184.5985427573323 189.1690017431974 146.2455102577806 13.5726281106472 4.365908056497574 122.2886520847678 8.000472895801067 26.43149331957102 75.70386282354593 2.242503821849823 7.31574023514986 14.74288172274828 6.015183679759502 0.379640594124794 2.984886445105076 0.5886847227811813 0.8057191893458366 0.550406314432621 2.581535913050175 3.899434939026833 1.281508639454842 289.9347496330738 6.418236814439297 0 3.06884104013443 40.4523791372776 2.413888208568096 1.257565341889858 5.328603729605675 1.444884344935417 2.160605162382126 51.59919712692499 2.546054750680923 60.12628919631243 26.78669255971909 38.5015324652195 8.643780320882797 218.0202280655503 79.38890159130096 104.2246237173676 107.7317062467337 0.4282167926430702 0.8159378916025162 0 0 0 0 0 0 0 0 0 0 0.1442549675703049 0 0 0 0 0 0 5.905871041119099 0.2578220963478088 0 0 0 14.13529189676046 0.2065199613571167 11.62953300774097 1.680621579289436 1.749562606215477 0 0 0 0.3242938965559006 0 0 0 2.161478795111179 3.842415526509285 0 0 0 0.3644662797451019 0.1491304188966751 0 0 0.09885835647583008 0.5969375371932983 2.827959954738617 0 0 0 17.78760112822056 1.027024328708649 1.898314893245697 0.3170672133564949 0 0 0.3275915086269379 0 0 0.2536107078194618 104.6060882806778 0.2389186546206474 0 0.2503267973661423 0 7.553057782351971 0.373359814286232 0.7246794700622559 3.535949818789959 8.727259755134583 1.863747209310532 0.883757621049881 0.4778771698474884 0.5183518528938293 0 0.2337211742997169 0 0.6843656525015831 0 0 0 58.1373602449894 11.75463192909956 15.59726633131504 491.0134022384882 55.45336060971022 720.8020688667893 76.25438769161701 154.1307046711445 112.5398388653994 12.95661060512066 81.92750964313745 14.62950703501701 0.2975302040576935 16.74553424119949 1.90718312561512 4.090791448950768 3.088835641741753 0 1.742769286036491 3.409320197999477 0
114.2770256698132 106.3714343905449 0.6064339503645897 165.1482462435961 19.36446739733219 0 219.7444838434458 0.7786161154508591 26.41674095392227 612.7587220966816 10.81472072005272 219.6719941645861 352.0654281154275 72.59284212440252 0.5174124091863632 0.1309642344713211 0 0 0 0 0 4.680486246943474 0 0 0 0 0 0 0 0 11.37841983139515 0 25.60615335404873 0 0 0 35.46193286776543 0.1985540390014648 11.92942191660404 0.434153288602829 0.2247666418552399 0 0 0 0 0 1.107734620571136 0.1430950462818146 0 0 0 18.31584312021732 0.8576730489730835 0 0.1753045171499252 0.3226222693920135 126.8577878624201 23.91599722206593 0.9555488675832748 0.1879879981279373 0 5.246742740273476 0 0.7119683772325516 0 0 0 0 0 0 277.9473686814308 133.1320342719555 12.88267050683498 5.502050556242466 0.6288347840309143 1.030645504593849 0.3454012274742126 0 0 17.53533020615578 0 3.57813948392868 0.8103022947907448 0.8930729329586029 0 0.09406900405883789 0 15.27739633619785 4.533305004239082 12.49042031168938 0.3715067505836487 0.2804847061634064 0.1709367632865906 0 0 275.1428904980421 151.5384794473648 16.62048515677452 42.7233871370554 480.2173295021057 0 0 0 0 0 0.7551563382148743 0 1.063792407512665 2.348707303404808 0.5706762373447418 0 3.135166808962822 0.3010732531547546 1.571132302284241 0.6581390500068665 0 0 0 0 0 0 0 0 0 0 0 0 0.1572830229997635 0 0.1936779171228409 0 0.2359524071216583 0.1692997217178345 0 0 0 0.1405587792396545 0 0 0 0 0 0.397800549864769 0.1570453345775604 0 0 0 0 0 0 0 0 0 0 0 0 0.8734476566314697 0 0 0 0 0 0 0 0 0 0 0 0 0 0 0 0 0 0 0 0.8400016129016876 0.798259437084198 0 0 0 0 0 0 0 0 0 0 0 0 0 0 0 0 0 0 0 0.2051641941070557 0 0.3768031001091003 1.395579814910889 0.3722887560725212 3.939065337181091 0.4928571283817291 89.24590303003788 0.9340716600418091 0.9433177709579468 0.6383274048566818 0.1792401820421219 0 0 0 0 0 0 0 0 0
1315.121958203614 4752.980215199292 140.4393700361252 1080.673454754055 3324.89280872792 219.7444838434458 0 14.24901975691319 2544.898898594081 1752.244090989232 125.5055280253291 122.2975149974227 2141.899739153683 609.720264531672 10.03280419111252 4.447555989027023 1.266708299517632 0.378912091255188 0.2111638635396957 0 1.32927418500185 0 0 0.525496706366539 1.448123134672642 1.047875970602036 0.5191734507679939 1.190809391438961 0.262540228664875 0.1450320929288864 492.8587755188346 13.28681102395058 42.47881257534027 0.3022536933422089 0 0.296981155872345 29.92289254814386 2.346352986991405 4.271454036235809 5.061189405620098 2.962162427604198 0.5708416029810905 0.4131543040275574 1.175946325063705 0 0.8521124720573425 205.1090912371874 19.59329780936241 1.476013280451298 0.6164551377296448 1.084684103727341 0.4439532905817032 0.1039182394742966 1.393938057124615 67.11655763536692 30.00862191617489 88.39868666231632 724.6417347341776 45.67446251958609 76.57862477749586 2.987835600972176 4.004454985260963 0.7968728840351105 110.1249571442604 24.73171580582857 8.803565256297588 6.426203817129135 2.258263066411018 2.164784654974937 3.778411872684956 52.98502219468355 2.593660719692707 0 571.1097123995423 268.5898155868053 195.4514752849936 116.121315151453 7.540405638515949 2.050337716937065 23.01893021166325 2.664114572107792 8.955755509436131 104.584333345294 1.631743758916855 8.335394538938999 16.33743362873793 6.58106691390276 0.6664022728800774 2.372505009174347 0.5381263941526413 0.4991610869765282 0.2479167878627777 1.323864363133907 0.9105061367154121 0.7339213192462921 529.5592244938016 8.719824202358723 0 1.532025754451752 99.85415132343769 3.90306531637907 2.732712775468826 14.09365924447775 9.970330931246281 3.339595273137093 92.49835472553968 3.79240919649601 92.74952885508537 45.52467999607325 68.47745707631111 12.95367275178432 319.4546018093824 106.0648511052132 145.0282735228539 136.3334621563554 0.8917512968182564 0.6767352074384689 0 0 0 0 0 0 0 0 0 0 0.1609032452106476 0.3107313513755798 0 0 0 0 0 3.986106850206852 1.607498094439507 0 0 0 10.90490773320198 0.1827310174703598 18.32362272590399 1.993129119277 0.5079978257417679 0 0 0 0 0 0 0 4.090622343122959 9.28247182071209 0.3908698856830597 0 0 0.1721373647451401 0 0.6861715987324715 1.531451001763344 0.304988831281662 1.156148806214333 6.290237493813038 0 0 0.2091720253229141 27.49222891032696 2.989119604229927 1.272729575634003 0.8120268881320953 0 0 0 0.1294569969177246 0 0.8905009627342224 136.9046018943191 0.2297341227531433 0 0 0.106682725250721 15.22232983261347 1.927579827606678 3.527421653270721 7.482566595077515 14.89238198846579 3.358573772013187 2.012114860117435 0.5461512356996536 0.1375226825475693 0 0.1026857867836952 0.1118628680706024 0.4102221876382828 0 0 0 77.56259404867887 16.41334692388773 20.54536230117083 528.9796022921801 57.76498291641474 667.1063163504004 67.8455146625638 825.0373940616846 120.1150716543198 9.21400848031044 62.98665174841881 19.76463720202446 0.2148266434669495 22.32346674054861 0.5794652104377747 10.35204791277647 3.122431680560112 0.1469331830739975 5.747433595359325 1.023289285600185 0.1802155077457428
63.51880372315645 140.8031715899706 2014.401297584176 0.353314533829689 464.6626147478819 0.7786161154508591 14.24901975691319 0 977.4499990716577 0.1451006084680557 2714.079385176301 0 52.21092636138201 326.4275173917413 9.14131523668766 8.839797548949718 4.477761447429657 3.841788783669472 3.022322446107864 3.62856762111187 32.90752827376127 0.5102771520614624 8.529944896697998 1.193908631801605 0.4707222580909729 4.870896928012371 0.2438471019268036 4.472458109259605 1.110922709107399 0 1858.953977838159 858.0491598248482 37.78478118777275 13.73711703717709 4.999476358294487 1.871576800942421 17.71970865130424 3.279178962111473 1.35413733124733 1.347556613385677 60.46347986161709 8.990879707038403 11.42912594228983 7.799462750554085 10.10692262649536 23.56076950579882 41.1858377456665 3.243028186261654 2.043588936328888 19.2298447266221 4.253158405423164 0.5431878864765167 0 3.865259759128094 8.493572786450386 2.756272815167904 15.76916953921318 264.0532084032893 5.620018750429153 12.32834680378437 61.04569987952709 11.22586584091187 5.002151936292648 195.0956969112158 4.832405164837837 5.107472576200962 0.7867133989930153 14.19820952415466 29.37107819318771 85.7104103192687 11.06968227028847 0.9858785271644592 0 87.49011757224798 69.73021095246077 43.91907312721014 123.8453321382403 169.0374149531126 811.3350781947374 2228.628910943866 177.9732002913952 1068.837344393134 15.04154304414988 0.2077248394489288 2.416146852076054 2.596726939082146 18.82631899416447 0.216248944401741 0.8717080950737 0.1607613861560822 1.984769381582737 1.751960843801498 24.71153518557549 7.460723951458931 1.567297860980034 9.389060452580452 3.640735939145088 0 0.1240734830498695 27.91989279538393 0 0 0 0 0 0.7625958621501923 0 0.1880422383546829 0.2402467429637909 0.3509675264358521 0.1673303842544556 2.102833457291126 0.41951784491539 1.297805033624172 2.765812590718269 0 0 0 0 0 0 0 0.1462574452161789 0 0 0 0 0 0 0.1530370265245438 0 0 0 0 0 0 0 0 0 0.2514104247093201 0.1321907788515091 2.76549656689167 0.1396521329879761 0 0 0.179103672504425 0 0 0 0 0 0 0.1205301582813263 0 0 0 0 0.1638635545969009 0 0 0 0 0 0 0 0 0.2681601271033287 0 0 0 0 0 0 0.4045039340853691 0.3964778780937195 0.7103125005960464 4.492280572652817 0 0 0.4613773077726364 1.36808155477047 0.138702392578125 0 0 0.2868108600378036 0.1878147274255753 0 0.1106718182563782 0 0.516105055809021 0 0.1606324464082718 0 0.288464218378067 0 0.1431564390659332 0 1.349945932626724 0 2.12175540626049 51.27596667408943 12.65683153271675 125.0464389175177 13.00398517400026 10.2241637930274 14.65672643482685 1.615356616675854 13.42001046985388 0.8711995333433151 0 0.57436503469944 0 0 0 0 0 0.4605243355035782 0
453.8217035382986 2276.818987652659 1541.332420378923 57.7568503767252 8958.484604775906 26.41674095392227 2544.898898594081 977.4499990716577 0 210.4978431984782 2691.24932038784 64.56766965985298 3776.438594192266 2851.044726282358 20.0880750566721 13.27296586334705 1.630315519869328 0.8587339147925377 0 0.6290980130434036 6.511038728058338 0.1565123200416565 2.184665665030479 0 0.7196154668927193 1.068628765642643 0.1462884545326233 0.728714644908905 0.3222283273935318 0.1088240891695023 405.9416034147143 25.27795155346394 189.7740007266402 1.81851689517498 0.662042647600174 0.5700457394123077 84.89790657162666 2.973273672163486 7.343334689736366 4.497166134417057 18.64124703407288 5.976438589394093 3.262588076293468 4.474574558436871 1.730569139122963 0.9902487322688103 140.8580987602472 9.053733885288239 2.345220394432545 4.416766822338104 1.938920147716999 0.9534675106406212 0.2393373847007751 0.6980940848588943 24.92319309711456 13.01231618970633 19.07996150106192 201.4436308145523 10.6814004778862 27.94805861264467 10.27644365280867 7.258454091846943 0.4556649029254913 76.38315744698048 11.43091192096472 5.88844308257103 3.311289720237255 4.971233837306499 9.577196881175041 26.66223152726889 104.6741988062859 6.465183176100254 0.1239770948886871 168.6871717646718 90.20385327935219 122.8402719721198 103.9505043551326 18.24094449728727 6.719399429857731 152.5123714506626 18.29950204491615 49.83251745253801 43.75789874792099 1.862480744719505 3.982837162911892 7.643364772200584 5.89133608341217 0.5348576828837395 1.621579967439175 0.4205792248249054 1.727951161563396 0.8404398858547211 11.84422441571951 4.243699342012405 1.317203052341938 464.2144041806459 15.57931409776211 0 1.243365459144115 53.8296494781971 2.686565078794956 2.138813093304634 5.17559215426445 2.650989875197411 2.79177913069725 65.21803319454193 5.121731676161289 67.51359365135431 25.97183754295111 39.79860918223858 10.29863454401493 232.5054536089301 87.237987190485 121.7320768684149 119.0774297118187 0.2950622290372849 0.2923704534769058 0.1237958893179893 0 0 0 0 0 0 0 0 0 0.5330637693405151 0.2503620386123657 0 0 0 0.1436775326728821 0 5.642374217510223 0.4319286793470383 0 0 0 11.00622359663248 0 11.36591218411922 0.3960276767611504 0.235014796257019 0 0.1627726256847382 0 0 0 0.1279903203248978 0 1.738142780959606 7.979562848806381 0.08030489832162857 0 0 0 0.1025241911411285 0.3442320227622986 1.16593424975872 0 0.6464888975024223 3.316720895469189 0 0.3527566939592361 0.4456171989440918 16.2029959782958 2.5082713291049 1.486069656908512 1.404988430440426 0 0.1574300825595856 0 0.3475501909852028 0.1527082324028015 0.5803114771842957 120.9118020310998 0 0 0 1.162560530006886 13.59668537974358 1.197513043880463 2.665378779172897 6.946956947445869 10.14240414649248 3.665750876069069 1.301540613174438 0.4628751501441002 0.3235137909650803 0 0.1294369548559189 0 0.0914485827088356 0.398059293627739 0 0 71.40876058489084 13.68371894955635 15.72074423730373 348.9730297997594 42.60982752591372 540.3695672824979 61.73024271428585 126.010599590838 83.9492329955101 11.02960183471441 73.97218868136406 14.86492173373699 0.4358334988355637 19.53410801291466 0.799836054444313 5.713004879653454 1.211689092218876 0.08918018639087677 3.596493780612946 2.545221790671349 0
1582.511134319007 279.7153955772519 2.944695048034191 840.8843950629234 141.2766612917185 612.7587220966816 1752.244090989232 0.1451006084680557 210.4978431984782 0 2.76477687805891 2531.175309769809 7272.542912356555 256.3296200186014 1.059492915868759 0.184145450592041 0.1681343019008636 0 0 0 0.1256852000951767 0 0 0 0 0 0 0 0 0 38.45424382388592 0 4.378616616129875 0 0 0 5.461600765585899 0 0.3208834156394005 0.1639891266822815 0.1764111965894699 0 0 0 0 0 17.62655470520258 0.9754532650113106 0 0 0.1339669674634933 0 0 0 7.179192535579205 2.321543455123901 41.30258467048407 154.2273532226682 7.085642963647842 7.095948718488216 0 0.3775696307420731 0 4.782137759029865 2.255606979131699 0 0.4012373760342598 0.208769790828228 0 0 20.84877350926399 0.3737953305244446 0 93.19709296524525 32.82212676852942 13.82342518866062 3.484966218471527 0 0 4.145904734730721 0.1345815807580948 0.4228978827595711 8.349007062613964 0 0.789421558380127 1.182646006345749 0.2711312174797058 0 0.1031525284051895 0 0 0 0.1992426663637161 0 0.8483307361602783 101.4029755443335 0.1603362411260605 0 0 199.7178852707148 0.147681713104248 0.3429759368300438 1.624573737382889 2.465450644493103 0 9.147661231458187 0.8798707872629166 10.38965965807438 5.829835936427116 6.240455627441406 0.4055948778986931 34.60035916417837 11.87974018603563 19.73635737597942 7.624985694885254 0.1793067008256912 0 0 0 0 0 0 0 0 0 0 0 0 0 0 0 0 0 0 0 0.1881104707717896 0 0 0 0.1697216928005219 0 0.6115685105323792 0.176958441734314 0 0 0 0 0 0 0 0 0 0 0 0 0 0 0 0.1938551813364029 0 0 0 0.2517085000872612 0 0 0.1336734592914581 0.4993822127580643 0 0 0.1130823567509651 0 0 0 0 0 0 7.386392742395401 0 0 0 0 0.4715662449598312 0 0 0.1693429350852966 0 0 0 0 0 0 0 0 0 0 0 0 4.557744204998016 0.7288817316293716 0.489880695939064 41.54920325428247 3.47296392172575 31.35380703210831 2.008311234414577 1070.710580788553 8.318877995014191 0.1190858036279678 1.561711080372334 1.767151199281216 0 1.173762165009975 0 1.56076680123806 0 0 0.2361790239810944 0 0
610.3635955154896 1473.406837552786 3551.111630178988 2.166339732706547 1259.580866955221 10.81472072005272 125.5055280253291 2714.079385176301 2691.24932038784 2.76477687805891 0 36.50750734657049 721.543844230473 2917.968161910772 47.94404599815607 47.32990511506796 4.402283750474453 3.922850638628006 2.069249778985977 4.583099208772182 79.78110935539007 1.050604149699211 16.06258103251457 2.207244768738747 3.25125140696764 15.97850558906794 1.339674517512321 6.438962295651436 1.796243652701378 0.1459409594535828 1780.989574253559 409.5195670202374 1117.368779808283 20.07908818125725 8.655506297945976 8.979617491364479 454.2043173089623 37.37586306780577 48.32893887907267 15.85911459475756 133.6035628691316 54.97986288368702 10.87535280734301 10.85095714777708 10.41313049197197 5.776596739888191 204.3436181917787 14.39468328654766 3.932306818664074 20.94103921204805 7.156010836362839 6.238489799201488 0.2401746660470963 4.312375120818615 37.97553329914808 16.04379953444004 31.99440249055624 522.8017338886857 19.268993511796 43.92111283540726 47.99920354783535 146.786187723279 4.126598879694939 178.7457276210189 17.22816684097052 7.687473267316818 6.63652466237545 20.41382275521755 45.62930875271559 192.9109345525503 256.2354566827416 6.466628685593605 0 271.0307667627931 161.7761300131679 192.9999912753701 180.8953455835581 59.51121991872787 241.2562881857157 1473.03040741384 77.68907374888659 497.6614660173655 54.34553925693035 2.010774627327919 6.257028438150883 11.63423969596624 16.60697443783283 0.6813722997903824 1.861773639917374 0.2685181051492691 1.752339221537113 3.724697396159172 84.37501915544271 30.62905734032393 5.236396580934525 322.5964910909534 37.13834288716316 0 4.777062959969044 105.5423416271806 0.6977538615465164 0.3455678075551987 1.389008179306984 0.5070756524801254 0.6280175745487213 14.34269915521145 0.5317431837320328 17.36084878444672 6.512139953672886 9.461195804178715 2.328670330345631 58.1861338019371 28.37376930564642 46.58479837328196 41.7268330976367 0.6574306488037109 0.533044308423996 0 0 0 0 0 0.3170249164104462 0 0.4458400309085846 0.4133370816707611 0 0.412564218044281 0.4462352991104126 0.2354264259338379 0.3291659355163574 0 0 0 1.650595344603062 0.5526208728551865 0 0 0 11.07533079385757 0.2376080229878426 10.20665768533945 2.070115216076374 0.8977432623505592 1.475566476583481 0.8230608701705933 0 0 0.2586560696363449 0 0 0.9212080761790276 3.611932523548603 0 0 0 0.1740528047084808 1.426863670349121 0.1445913165807724 1.306375898420811 0 0.7368525266647339 0 0.1687491089105606 0 0 10.5309576317668 0.5742633938789368 0.6237876415252686 0.1280790567398071 0.08768989145755768 0.1081717684864998 0.8798851743340492 0.263241708278656 0.6826633512973785 2.423775091767311 60.0951162725687 2.09447506070137 0 0 2.884005881845951 5.721576035022736 0.2508983910083771 1.667667299509048 2.275787815451622 4.419795379042625 1.035751335322857 0.4897254630923271 0 0 0 0.4766583889722824 0.2107064351439476 0.2116942852735519 0.1023587062954903 0.3690182864665985 0.1461140215396881 30.526685513556 7.837830856442451 13.42132430523634 303.7853078618646 65.51250014454126 617.3979074731469 86.79154074937105 83.67858960479498 85.7414558827877 12.27058228105307 82.05324842780828 9.228157162666321 0 5.343732170760632 1.007262483239174 3.147023893892765 0.8414205312728882 0.3757115453481674 2.025973968207836 4.326462611556053 1.229048222303391
187.8938154131174 15.56487982720137 0.9036237075924873 523.8822015076876 18.74563252180815 219.6719941645861 122.2975149974227 0 64.56766965985298 2531.175309769809 36.50750734657049 0 2200.437817722559 219.2707972750068 3.470838367938995 2.576372936367989 0.2306396067142487 0.1957705616950989 0 0 1.154637813568115 0.8645532131195068 0 0 0 2.109014853835106 0 1.479399159550667 0 0 10.09948951750994 0.8465784341096878 55.53266581892967 0 0.1755524724721909 0 45.92230585217476 1.833019345998764 4.107398003339767 2.344818294048309 2.811156451702118 8.814777940511703 0.6085984706878662 0.6463018357753754 0 0 10.60425564646721 0.9317969307303429 0.2615301609039307 0.648649126291275 0.2565847709774971 3.01257050037384 1.007611870765686 1.537561595439911 3.134253822267056 1.09649508446455 12.47512470185757 43.74429912865162 1.891430392861366 4.168888591229916 2.071561321616173 8.549441009759903 0 3.027025580406189 1.292921602725983 0.6350579634308815 0 0.2047557830810547 3.366366356611252 2.796231120824814 77.91256189346313 4.110994711518288 0 35.57030020654202 12.28499116003513 9.005159825086594 5.469741351902485 0.8602392822504044 0.4642727673053741 39.71961527317762 0.5710621476173401 1.455948911607265 5.028178863227367 0.1332365125417709 0.4212103337049484 0.8788813576102257 0.4059158712625504 0 0.1039719954133034 0.1422765254974365 0 0 2.95269763469696 0.6278913617134094 2.319408714771271 1144.790251590312 2.998891174793243 0 0.2200266718864441 72.3833454400301 1.659200794994831 3.659147039055824 5.791829265654087 1.258961006999016 1.253792650997639 47.36273503303528 3.581111736595631 49.38984268158674 17.35301945358515 32.70409329235554 4.237997755408287 162.9767783358693 55.76522523909807 81.12870168685913 65.58184321224689 0 0.4397836476564407 0 0.1467153429985046 0 0 0 0.54444819688797 0 0 0 0 0 0 0.157644972205162 0.4646791219711304 0.2938388288021088 0.7585165202617645 0 2.736007437109947 0.8140658438205719 0.4327121675014496 0 0 5.607005938887596 0.309661328792572 4.743357643485069 0.7454869449138641 0.3072496652603149 0 0.5033738613128662 0 0 0.1282195597887039 0 0 1.365120135247707 2.602491475641727 0 0 0 0.2995941638946533 1.424330860376358 0 0.6166249141097069 0 0.1140730604529381 2.046497568488121 0 0 0 5.127695351839066 0.5882232785224915 0.7593178898096085 1.030280411243439 0 0 0 0 0 0.1996840536594391 57.0407746732235 0.1609982848167419 0 0 0 5.945113301277161 0.756728321313858 0.6135075688362122 3.756904304027557 5.620365492999554 0.5892778486013412 0.5007600411772728 0 0 0 0 0 0 0 0 0 43.9171629846096 4.171334557235241 10.01705630123615 44.53380949050188 2.308055125176907 41.04569298774004 3.976866193115711 506.7699349746108 8.023965783417225 1.124116845428944 8.090267613530159 8.907613903284073 0 13.14072918146849 0.2876075506210327 2.294356867671013 0.1336012929677963 0 1.414459802210331 0 0
831.9820150136948 520.3970259577036 145.2405620142817 3008.105875059962 780.5845138505101 352.0654281154275 2141.899739153683 52.21092636138201 3776.438594192266 7272.542912356555 721.543844230473 2200.437817722559 0 3412.28982514143 23.35663128644228 19.83420744538307 2.147339671850204 1.391674898564816 0.3402946889400482 0.9297049343585968 9.640722364187241 3.806694433093071 2.511219188570976 1.320379987359047 1.718304663896561 9.382100075483322 0.6998664811253548 1.429154992103577 2.055429831147194 0 121.1785741597414 9.916453428566456 484.4949987307191 1.887721911072731 1.016899555921555 0.8534898459911346 240.5710710808635 7.812619142234325 134.4483488723636 25.18395199626684 21.50911449640989 12.54987187683582 0.4847661033272743 3.609253793954849 1.503144517540932 1.381383746862411 96.01653814315796 7.07266416400671 2.290175437927246 3.207255728542805 0.9392344579100609 10.66591743379831 22.22134305536747 4.19206290692091 16.40362817049026 8.51951602846384 35.06136758625507 173.6991896182299 14.61528773605824 24.45818711817265 8.773706525564194 55.07581383734941 0.2238079756498337 42.35211194306612 6.147373877465725 3.183122143149376 2.327126413583755 4.098371684551239 7.968589074909687 35.53335561603308 443.5864172130823 84.79818408191204 0.1451285183429718 160.2544051706791 59.40698553621769 79.76125995069742 57.11882081627846 15.48521594703197 5.308079525828362 232.1854377835989 16.7309410199523 76.41855508089066 28.90928588807583 0.6704732328653336 2.211110636591911 5.649988755583763 4.896175242960453 0.8309667557477951 1.266456127166748 0.5855538696050644 0.3711104094982147 2.516506388783455 20.93498104065657 7.714051321148872 13.17257894575596 3210.85970030725 61.06147642433643 1.845077157020569 77.01977334916592 124.4153049588203 3.683547221124172 5.163944527506828 15.31188943237066 6.217807844281197 5.327930875122547 140.0297153070569 8.641846798360348 151.6779255270958 69.41774110496044 107.8137551993132 18.7982242256403 515.4943905100226 182.9608603417873 273.3466536030173 259.0375833138824 1.541257165372372 2.294429138302803 0 0.4357430040836334 0 0 0 0.2550930976867676 0.2594340741634369 0 1.375326097011566 0 1.905320376157761 0.5883550494909286 1.710755124688148 2.133356869220734 0.2696621417999268 0.8440025299787521 0.1321980208158493 10.64498429745436 1.681224152445793 0 0.4724973440170288 0 34.13334222137928 1.573911532759666 37.36039473861456 10.33513630926609 5.023105680942535 1.976241320371628 0.3179750591516495 0 0.2349872589111328 0.8334851115942001 1.124668344855309 0 5.884320750832558 15.53524322062731 0.4903955161571503 0.1329352408647537 0 3.397261455655098 0.9414132684469223 1.400441698729992 1.567182533442974 0.1281351298093796 2.152685858309269 8.080353274941444 0.2824113070964813 0.5815440490841866 0.1442042291164398 38.25863981992006 3.352306202054024 1.644329808652401 1.547617420554161 0.197151854634285 0.1135692223906517 0.1716043949127197 0.1602161228656769 0.1296643316745758 1.185247495770454 289.4572420790792 5.107521042227745 0 0 0.2697910517454147 26.15824382007122 2.72867625951767 3.132407650351524 11.33181174844503 24.7335794493556 6.148895740509033 4.180284343659878 1.224588289856911 0.1228308901190758 0 0 0 0.4438913017511368 0 0 0 175.5361149907112 42.71623330563307 63.41187457740307 285.0813881009817 32.62246464192867 371.1714688912034 47.34005201607943 765.2620285302401 53.97965796291828 9.624239191412926 69.52175325900316 36.89257203787565 1.179657816886902 41.45431157946587 0.5544479638338089 15.22027240693569 2.759684950113297 0 8.037435196340084 1.394864454865456 0.685477077960968
323.3722620978951 742.5926233977079 527.211137548089 103.3168226107955 931.7629603520036 72.59284212440252 609.720264531672 326.4275173917413 2851.044726282358 256.3296200186014 2917.968161910772 219.2707972750068 3412.28982514143 0 38.56281025707722 37.131512388587 2.07833956182003 2.480793632566929 1.638217344880104 3.062756732106209 38.23739842325449 2.961843237280846 3.80273649096489 2.249837070703506 9.622386634349823 22.19101117551327 0 4.594087935984135 1.664464503526688 0 282.4119530245662 42.23994720727205 2684.155037969351 4.738275498151779 4.683201536536217 15.71261927485466 1133.480511456728 48.07289510220289 107.9470690861344 23.40709716826677 74.93414907157421 52.15255243331194 4.875977784395218 9.147301040589809 2.937439158558846 1.640122875571251 131.6209638416767 8.203709453344345 2.992727532982826 12.00146201252937 3.328695483505726 8.621489807963371 0.1459672302007675 5.99754523485899 20.24706488102674 8.911667518317699 17.9553224593401 151.1592812985182 9.614221945405006 25.34129810333252 27.86772319674492 222.0519746765494 2.602902293205261 74.27911411970854 7.75565829873085 4.005331173539162 2.561542466282845 10.5474953725934 24.34502471983433 123.2364245355129 555.825029566884 13.13667315244675 0 148.0350390076637 70.61464332044125 118.1484309062362 87.86425088346004 28.67736925929785 17.09027742594481 816.323082074523 27.05264726281166 125.8761936947703 31.70680653303862 2.28867743909359 4.226492278277874 5.420262686908245 6.648311115801334 0.9693647250533104 2.093142345547676 0.2749672681093216 1.507079131901264 7.607585281133652 73.10873091220856 29.52479563653469 28.00449611246586 1655.635185569525 55.89122749865055 0 7.261762730777264 48.57118775695562 5.454101391136646 3.1023800522089 6.220784991979599 3.079217538237572 3.41762787848711 71.16828796267509 6.534957259893417 79.28241258859634 25.71008759737015 46.28992130607367 10.74299722909927 267.1529676094651 96.40774098783731 158.0304277315736 156.9474550634623 0.7372216582298279 1.7271988093853 0 0.1846085786819458 0 0 0 0 0.3291458636522293 0.687796950340271 3.381359428167343 0 0.2579349279403687 1.13478522002697 0 3.471191510558128 0 2.365760877728462 0 7.452670603990555 0.8193984180688858 0 0 0 20.2566896751523 1.341912090778351 24.94687298685312 6.41300842165947 2.437996327877045 3.1706213504076 1.087705880403519 0 0.485125720500946 0.1962079256772995 0 0 3.241156920790672 7.726432614028454 0.2686356008052826 0 0.4092651903629303 1.006796270608902 4.034889280796051 0.2416307181119919 0.640954315662384 0.1634801030158997 1.744555346667767 5.303365349769592 0.168241560459137 0.1969366520643234 0.277783215045929 29.06075692176819 1.950543932616711 1.187152519822121 1.465883381664753 0.1813739910721779 0 0 0.1240689530968666 0 1.791634067893028 169.5865252092481 4.248802036046982 0 0.4362778961658478 1.276374697685242 15.12602423131466 2.173038765788078 1.783475056290627 7.140741489827633 9.940167754888535 3.23101083189249 2.149059891700745 0.4517349153757095 0.2506889998912811 0.1213760077953339 1.052764892578125 0 0 0.4389510527253151 0.2573260366916656 0.4173768907785416 97.41620553284883 17.72584889829159 26.90905620157719 384.8402233794332 56.33597196638584 545.1179376840591 66.26947693526745 166.2088448554277 73.6084111109376 10.17870657891035 88.37190224975348 23.7103918120265 0.5267919301986694 19.8748095780611 0.5586080849170685 5.944244861602783 1.819837912917137 0.5503634214401245 3.673622816801071 1.981932386755943 0.8520998358726501
