0 4114.337884478271 1065.854851931334 613.5983922630548 476.6669681966305 303.1023352146149 763.9473252370954 310.6030899956822 154.4756721928716 2179.193496972322 427.4226232469082 57.95508417487144 372.6868462413549 122.0378448367119 2.248947747051716 0.6902173981070518 0.6168141812086105 0 0 0 0.2983147501945496 0.2719563543796539 0.1134814471006393 0 0.3586350679397583 0 0 0 0 0 395.0116521120071 15.1518587321043 10.49521715193987 0 0 0.5041893422603607 68.8049214631319 1.280967459082603 2.615556478500366 0.4624660387635231 0 0.1608395129442215 0 0.5525129586458206 0 0 58.04076582938433 4.431916601955891 0.3188816905021667 0 1.175945520401001 0.4514558613300323 0.406924694776535 0.1661443561315536 8.95906937122345 5.94023809581995 510.3367605507374 1400.650914676487 44.40044825524092 20.46919248998165 0.2660375833511353 0.9535461813211441 0.2672362178564072 23.73387625813484 14.72439197450876 3.035309314727783 3.118466719985008 0.8040970042347908 0.3532272130250931 0.3755300864577293 37.40705940127373 27.45124298334122 3.808614507317543 239.3029107749462 21.87719237804413 30.82142479717731 22.9920045286417 3.106104411184788 1.329830288887024 30.32642946392298 0.5664154291152954 6.132744863629341 39.83478855341673 0.6463644355535507 3.40889972448349 8.908581532537937 1.155171491205692 0.8179859220981598 1.498500965535641 0.6801891103386879 0.613492026925087 0 0.09930350631475449 0 0 194.1028645038605 4.998019248247147 3.825986281037331 2.410470306873322 1683.02936309576 0.5250763893127441 0.9817738234996796 0.7570498585700989 0 0.7010161876678467 0.9247821122407913 0 0.9767607152462006 6.459678292274475 3.606955170631409 0.1288688182830811 4.746898844838142 4.966090261936188 4.878155082464218 0.7912000268697739 0 0.1800911128520966 0 0 0 0 0 0 0 0 0 0 0 0 0 0 0.3149690479040146 0 0 0.4842845797538757 0 0 0 0 5.954454459249973 0 2.362383008003235 1.111904926598072 0.3248494863510132 0 0 0 0 0 0.3599888980388641 0 1.221617847681046 1.82511405646801 0 0 0 0 0 0.1184495091438293 0 0.1216357201337814 0 0.1986390650272369 0 0 0 0.8629232943058014 0 0 0 0 0 0 0 0 0 1.54895044863224 0.2287933081388474 0 0 0 0 0 0.6437867283821106 0.2146782428026199 0 0.9568678140640259 0 0.2710157632827759 0 0 0 0 0.09060732275247574 0.1448857635259628 0 0 2.574069678783417 0.2380214259028435 0.9064559638500214 36.53728626668453 6.323380634188652 108.1305086836219 19.09241620451212 1671.189449168742 45.97053722292185 1.233403012156487 13.11698219925165 2.103611096739769 0.1203157678246498 3.42587061226368 0.1836587637662888 5.103460043668747 0 0 0.3011923432350159 0.210843101143837 0
4114.337884478271 0 552.2057222053409 200.9818613380194 2058.669929005206 575.995236068964 4048.055379517376 394.5637090355158 1338.724602587521 1179.894971713424 2091.872128777206 111.8850256055593 1625.827525816858 684.9303962662816 4.106989949941635 2.865740731358528 0.6417315304279327 1.025512173771858 0 0.5856380462646484 0.41334418207407 0.2652588486671448 0.5404159873723984 0 0.5561580657958984 0.741122767329216 0.1243087276816368 0 0.4615895599126816 0 1378.559724144638 46.57865221053362 23.60461769253016 0 0.1154430136084557 0.977629229426384 125.0402930825949 1.797489285469055 1.200055532157421 1.836520873010159 0.1450727581977844 0.4058535844087601 0.8373498469591141 1.147835835814476 0.09314864128828049 0.2492067590355873 201.4418640062213 21.46681249886751 1.580972656607628 0.304428294301033 4.126477114856243 0.425382137298584 0 0.1767823249101639 26.52989964187145 17.91158735007048 275.5355033278465 1272.170911297202 75.88656366616488 55.76514764130116 2.86100210994482 1.821188449859619 0.1220568269491196 186.6417547240853 47.86985578387976 12.01379396766424 13.74175964295864 1.851416543126106 0.3182833790779114 2.255840957164764 39.95221021771431 1.842040620744228 0 443.5551757887006 109.760367013514 154.3797123581171 167.0255740061402 7.834165051579475 1.546042114496231 28.74464998394251 3.970239453017712 7.660879045724869 104.9475651159883 2.643873743712902 12.42032789438963 34.01833422482014 5.369974330067635 0.09768624603748322 3.230968594551086 0.1388636827468872 2.045206911861897 0.4204617440700531 1.524989567697048 0.4188066124916077 0.3506198897957802 229.173017911613 1.330031052231789 0.149765208363533 0.427997924387455 580.06653021276 0 2.149158000946045 4.169427871704102 1.018589496612549 1.373198166489601 6.430924564599991 1.962275385856628 6.494476959109306 9.975939691066742 17.87402218580246 0.4936389625072479 27.52328678965569 28.55106171965599 41.62234591692686 10.39435757696629 0.3308417797088623 0.126998096704483 0.6252396702766418 0 0 0 0 0 0 0 0 0 0 0 0 0 0 0 0 6.1897102445364 0.7335346341133118 0 0 0 17.17689727991819 0.356636255979538 7.826834239065647 2.866996519267559 0.4391648024320602 0.54669189453125 0 0 0 0 0 0 2.163388550281525 4.507830500602722 0 0.197050929069519 0 0.5118748918175697 0 0.2369342744350433 1.058572933077812 0 2.692885383963585 0.5935685634613037 0 0 0.6533651351928711 6.721378892660141 0 0.8115704506635666 0.5403242409229279 0 0 0 0.2547791004180908 0 0 20.40222711116076 0 0 0 0 0.555671289563179 0 0 2.419119998812675 0.8806993961334229 2.728071600198746 1.35294109582901 0 0.1237480714917183 0 0 0 0.08522254228591919 0 0 0 21.1724201887846 1.215784907341003 5.065118417143822 128.7700614109635 34.67916236072779 557.7017282918096 105.5156033858657 1889.51735971868 94.13517241179943 5.200677312910557 77.60217256844044 4.749999195337296 0.6390497386455536 3.596145689487457 1.136688128113747 6.731831893324852 2.015095643699169 0.3200416564941406 1.515032947063446 1.308181211352348 0
1065.854851931334 552.2057222053409 0 6.533863097429276 361.8943371474743 6.638477325439453 59.61969251930714 2968.858029313385 701.4128404259682 10.9574061781168 3082.870634891093 7.414479218423367 238.7953742742538 408.2398804873228 15.3967486768961 9.924038827419281 7.21824012696743 5.485388904809952 0.4160775393247604 31.68931913375854 22.41828759014606 0.2177923172712326 3.541132584214211 1.275640547275543 13.22184312343597 1.323570288717747 0.672472819685936 2.205688036978245 1.68773227930069 0.3463162928819656 5852.302982166409 291.6057854667306 40.07767997682095 1.714139118790627 11.91342286765575 25.302918843925 132.4502563029528 47.98918182402849 25.75088518857956 21.41903430223465 1.82183775305748 4.039696097373962 5.283590883016586 4.299455612897873 0.9296958595514297 1.863663628697395 90.67659737914801 6.663029186427593 6.039346612989902 11.98407265543938 12.83847150951624 1.090953439474106 0.5780205875635147 1.713391736149788 5.212485067546368 3.116281360387802 97.38425322622061 984.1657622903585 19.88279585540295 20.28554512560368 32.9209333434701 32.9674212038517 19.50888689607382 431.7484227120876 9.552918203175068 6.812233835458755 14.87034697085619 14.5738984271884 32.44061467796564 61.51817911863327 28.16552720963955 13.97287721186876 0 132.2799245417118 67.80984587222338 80.65305807441473 103.9798668920994 21.5634468048811 197.8018766418099 659.7190188392997 43.21818657964468 992.3019472137094 23.00625652819872 0.616052120923996 4.788302354514599 10.66625660657883 11.41314577311277 0.07716447114944458 2.163840360939503 0.1344662010669708 6.772183671593666 2.075650699436665 33.24244605004787 17.09678906947374 8.491000041365623 13.68767082691193 4.132626429200172 2.862604677677155 8.364196099340916 450.4097874611616 0.1244254782795906 0 0 0.26492840051651 0.1817660331726074 0 0.1756449639797211 0.441825270652771 1.169562160968781 0 0 3.26851262152195 4.939594984054565 4.830225139856339 2.813531383872032 2.216183349490166 0.3022598698735237 0 0 0 0 0 0 0 0 0 0 3.065467901527882 0 0.957472912967205 0 2.210938565433025 0 0.3814462721347809 0.764122262597084 0.1868995875120163 0 0.659329816699028 0 17.81505101174116 5.768355496227741 12.2897112518549 26.53126573562622 16.59572374820709 0.129373162984848 0.3876597508788109 0 0.1235449016094208 0.1982908695936203 0.2606683075428009 0 0.5637145042419434 2.810434475541115 0 0 0.5183778703212738 5.854908682405949 0.1479461938142776 0 0.3883336782455444 0 0.6775945425033569 0.468506708741188 0 0.1602561622858047 0.645769476890564 4.441739499568939 0.4913278520107269 0.2606401145458221 0.5150139480829239 0.2927135974168777 0 0 0 0 0.4134353175759315 12.45243811607361 5.058746084570885 0 0 2.822722785174847 0.236543782055378 0.6370806396007538 1.284572333097458 2.164738588035107 0.2109926044940948 1.16225890815258 0.5313684940338135 1.872171089053154 0.1102214604616165 0 0 0 0 0.1537218689918518 0.5022666454315186 0.475699707865715 3.950880080461502 8.019639283418655 17.72851525247097 109.9115929678082 31.00323068350554 189.5279135257006 58.89017732441425 163.1399064585567 27.35995834320784 1.943916745483875 55.89340391755104 13.15436413139105 1.291817918419838 9.818607456982136 1.103696539998055 6.304184682667255 2.68879035115242 0 4.219973064959049 1.694674827158451 0
613.5983922630548 200.9818613380194 6.533863097429276 0 32.44026577472687 196.327435567975 102.5411128103733 0.1178904622793198 18.11700943112373 599.2032988518476 5.421781614422798 128.8964151591063 723.1563649773598 38.8564470410347 0.1589409708976746 0.285429835319519 0 0 0 0 0 0 0 0 0 0 0 0 0 0 9.250392243266106 0.381779670715332 0 0 0 0 1.793181896209717 0 0.4615072906017303 0 0 0 0 0.2127366811037064 0 0 9.367206536233425 1.304641671478748 0 0 0 0 0 0 2.163027882575989 1.176404044032097 15.3565640822053 47.41577848792076 3.603750109672546 1.627404257655144 0 0 0 9.348553895950317 2.061848819255829 0.3143115192651749 0.4685493186116219 0.1627496778964996 0.17071133852005 0 3.786879315972328 0 0 22.08837525546551 2.325631707906723 5.50915540009737 7.575385898351669 0 0 0 0.1681490987539291 0 6.986256465315819 0 0.4530489593744278 1.281395502388477 0 0 0.1012201756238937 0 0 0 0 0 0 116.6753307431936 0 0 0 62.31258927285671 0 0 0.4735351204872131 0.4777050912380219 0.4274168610572815 0.3275884985923767 1.385062456130981 0.9822494685649872 5.274864464998245 4.732874602079391 0 4.083982333540916 4.297320514917374 10.68695779144764 1.981207862496376 0 0 0 0 0 0 0 0 0 0 0 0 0 0 0 0 0 0 0 0.351471871137619 0 0 0 0 2.149122193455696 0.5563101768493652 0.8341504335403442 0.1145871132612228 0 0 0 0 0 0 0 0 0 0.6788687705993652 0 0 0 0 0 0 0 0 0 0 0 0 0 0.5801158547401428 0 0 0 0 0.2420544177293777 0 0 0 0 1.59298849105835 0 0 0 0 0 0 0 1.347651571035385 0 0 0 0.2374377101659775 0 0 0 0 0 0 0 0 5.355386257171631 0 0 7.880159273743629 0.9203211069107056 23.32678604125977 3.451625056564808 310.2046938836575 4.425117753446102 0.1121828034520149 3.17642430961132 0 0 0.5080852955579758 0 1.362666249275208 0.4434089362621307 0 0 0 0
476.6669681966305 2058.669929005206 361.8943371474743 32.44026577472687 0 21.88404920697212 3148.058951966465 162.4872117936611 5293.806192204356 332.2669417411089 1446.213745139539 206.4637702554464 2080.861957088113 980.5971773192286 5.666376687586308 3.510870791971684 1.238453008234501 0 0.2206486612558365 0.2302959710359573 1.053293570876122 0 0.1300108879804611 0 0.1262129694223404 0.1930042505264282 0 1.028687983751297 0.7730562686920166 0.4941994100809097 326.4341638088226 24.29440054297447 10.07895277440548 0 0.1082613691687584 0.1216516941785812 80.61621425300837 1.546764232218266 0.7451572865247726 0.1153578162193298 0.4206803292036057 0.3331916332244873 0 1.409567609429359 0 0.1039269268512726 141.13746175915 8.956956461071968 0.4072610065340996 0.1043028756976128 1.379938401281834 0 0.3251299485564232 0.1373409032821655 8.632722400128841 6.933850139379501 53.53448485583067 153.6392579078674 16.16966952383518 26.97129144519567 1.094296798110008 0.720075398683548 0 71.20453729480505 20.84784071147442 6.793143413960934 8.672215066850185 1.625697828829288 0.1798921674489975 0.6668238118290901 42.41066335886717 2.815323531627655 0 118.8630649149418 41.16997794061899 114.5362406745553 132.6001145094633 5.351701088249683 1.652870707213879 10.53383592516184 1.79799073189497 3.44178681075573 37.75201998651028 1.265051923692226 7.261149041354656 18.04009091109037 2.574058793485165 0.1918381154537201 2.824647456407547 0.0812707394361496 0.9480857402086258 0.6571618244051933 0.1103265061974525 0.2226506099104881 0.8231945931911469 170.713580109179 2.620848000049591 0 0.2486410215497017 27.0034489184618 2.368466481566429 4.221438571810722 5.313230141997337 0.7947853803634644 5.860915303230286 16.0670759677887 5.437277436256409 12.25157023966312 14.24008034169674 27.82401719689369 4.57997190952301 69.66031504422426 65.68433904647827 98.71580497920513 23.19739544391632 0.8514110445976257 0.5608675703406334 0 0 0 0 0 0 0 0 0 0 0.1656162440776825 0.2331546247005463 0 0 0 0 0 13.417131729424 1.674202173948288 0 0 0 51.53241343796253 3.547535181045532 20.46315409243107 6.92237413674593 0.6252268850803375 0 0.173225075006485 0 0 0 0.09185057133436203 0 6.840293079614639 6.66200852394104 0.2307347357273102 0 0 0.6729881763458252 0.1132818683981895 0.4937818869948387 1.494367823004723 0.08349150419235229 2.203455105423927 1.573550865054131 0 0 0 15.11915835738182 0.4899540841579437 1.273690968751907 0.4609858617186546 0 0 0 0 0 0 65.77613109350204 0 0 0 0 2.338343009352684 0.342939019203186 2.099710047245026 6.184369191527367 2.508767984807491 7.537468612194061 1.3647331148386 1.807354986667633 0.1964758485555649 0 0 0 0 0 0 0 61.56246647238731 4.110977321863174 11.19073189795017 196.6214071139693 34.44738433510065 434.4171846210957 136.780432254076 294.138424500823 58.37532717734575 2.615515246987343 111.6847213357687 3.49615167081356 0.2305254191160202 15.0870708078146 3.324079304933548 22.15401412546635 1.918584570288658 0.6102922782301903 2.988693758845329 4.283043712377548 0
303.1023352146149 575.995236068964 6.638477325439453 196.327435567975 21.88404920697212 0 106.1084489524364 3.65686859190464 14.65873099863529 615.7451349496841 12.43592703342438 162.4165616035461 250.9862189292908 23.66713763773441 0.1220223158597946 0.1057082936167717 0 0 0 0 0 0.7126436084508896 0 0 0 0 0 0 0 0 24.23783949017525 0.1623956561088562 15.02631291747093 0 0 0 120.1001928895712 0.6699307262897491 9.578888729214668 0 0 0 0 0 0 0 0.7785879075527191 0 0 0 0 4.405525051057339 0.3577288538217545 0 0 0.7562349587678909 57.64689941704273 52.11114081740379 0.785071074962616 0.1550720185041428 0 2.422328412532806 0 0.8231498003005981 0.1702550798654556 0.2378702759742737 0 0 0 0 177.2101877182722 86.60467740893364 9.72053162753582 5.273458763957024 0 1.177705116569996 0.1221858486533165 0 0 5.008216336369514 0 0.5306196212768555 0.5872645080089569 2.6673693805933 0 0.1998809948563576 0 4.95502357929945 1.101720348000526 5.754761300981045 1.115389615297318 0.9069638103246689 0 0 0 317.9617745131254 39.36382375657558 3.599490821361542 13.83003881573677 474.0421328991652 0 0 0 0 0 0 1.850143790245056 0 1.142931818962097 0.707724928855896 0 0.4052301645278931 3.411276310682297 0.5365055352449417 0.4093465954065323 0 0 0 0 0 0 0 0 0 0 0 0 0 0 0 0 0.6989863514900208 0 0 0 0 0 0 0 0.8998740762472153 0 0 0.2127057164907455 0.3457358330488205 0 0 0 0 0 0 0 0 0 0 0 0 1.342022433876991 0 0 0 0 0 0.1668908596038818 0 0 0 1.361603230237961 0 0 0 0 0 0 0 0 0 0.3312467038631439 0 0 0 0 0 0 0 0.2100523710250854 0 0 0 0 0 0 0 0 0 0 0 0 0.198149785399437 0 0.2150148153305054 2.915231570601463 1.162940591573715 4.10501915961504 0.2821418642997742 111.8862262666225 2.668790586292744 0.5119516253471375 0.6735886484384537 0 0.1648817211389542 0.1344626098871231 0 0 0 0 0 0.1907107979059219 0
763.9473252370954 4048.055379517376 59.61969251930714 102.5411128103733 3148.058951966465 106.1084489524364 0 7.379557870328426 1037.579094953835 1648.313870362937 65.78399995714426 649.8867123425007 7362.407274074852 1199.599376142025 3.092296540737152 2.086270719766617 0.6079647839069366 0.1317476779222488 0 1.053932696580887 0.1476981341838837 0 0 0 0 0.4181500375270844 0.2953625023365021 0.1668014973402023 0.4070115312933922 0.2355692759156227 224.5927024930716 28.36445280909538 1.827893681824207 0 0.1219767406582832 0.6234825700521469 33.75482238084078 0.3935975357890129 0.4572013318538666 0.2903766632080078 0.4487373605370522 0.2382439076900482 0.1347867399454117 0.7824007868766785 0 0 146.3260949403048 11.62391668558121 1.198970377445221 0.4737333804368973 2.60385812073946 0 0.09987229108810425 0 14.41665872186422 12.71156860142946 103.0491682216525 302.598331131041 31.04725249111652 38.32378510385752 1.501221977174282 0.3782727718353271 0 125.53870908916 33.25965838879347 10.27190275490284 9.121568821370602 1.32636097073555 0.6725266054272652 1.383656069636345 26.60180419683456 0.9432751536369324 0 202.6922676414251 69.04751612246037 116.616499915719 119.0900683701038 5.02874468266964 1.735050447285175 4.427721723914146 3.797574490308762 5.372364096343517 62.66330207139254 1.784742869436741 10.53946698457003 24.43450218439102 2.181429490447044 0.08778654783964157 4.441837273538113 0.2704726830124855 1.026565246284008 0.1069253087043762 0.8259463086724281 0.1165511459112167 0.4673415496945381 255.9064785242081 2.843992367386818 0 0.2620415687561035 69.34381353110075 2.921986222267151 3.930513322353363 2.943717822432518 3.132404893636703 5.665768817067146 15.37138515710831 6.072206892073154 12.40521225333214 10.38856740295887 36.95153963565826 3.876685589551926 74.77497798204422 68.35024797916412 101.8441946431994 26.77265666425228 0.7607517465949059 0.5859698206186295 0 0 0 0 0.1661231815814972 0 0 0.2274595648050308 0 0 0.5227088779211044 0 0 0 0 0 0 6.776402309536934 0 0 0 0 39.97285498678684 1.858130767941475 17.50689540058374 2.64725548774004 2.052617467939854 0.3098608404397964 0.4439923614263535 0 0 0 0 0 3.702187396585941 5.275400534272194 0 0.1071414351463318 0 0 0 0.2816085815429688 0.6977356523275375 0 3.619951397180557 2.551988050341606 0 0 0 14.12115587294102 1.962738767266273 1.2004105001688 1.294097989797592 0 0.4894750714302063 0 0 0 0 61.42828080058098 0.1704491376876831 0 0.1689177602529526 0.1745696514844894 2.504365801811218 0.5549188852310181 2.125097870826721 6.809208907186985 1.391258612275124 4.211279585957527 0.989629715681076 1.478927917778492 0.278396300971508 0 0 0 0 0 0 0 59.50257322192192 4.122424244880676 8.124438673257828 131.8371074944735 27.63596270978451 476.9053853154182 116.2140607759356 636.3867127373815 66.68748966604471 3.533595681190491 72.7237750813365 6.307025417685509 0.7521320879459381 13.20631772279739 1.949850521981716 18.97492031753063 2.735238894820213 0 2.01865117251873 1.929948344826698 0.1618828177452087
310.6030899956822 394.5637090355158 2968.858029313385 0.1178904622793198 162.4872117936611 3.65686859190464 7.379557870328426 0 257.6008311808109 2.429142735898495 1452.503083825111 3.798503994941711 140.7793281674385 735.6304364949465 16.73226032406092 12.327591560781 7.617947340011597 12.56151878833771 1.5544743090868 46.10683853179216 22.17571978271008 0 6.071759805083275 0.5610613077878952 22.81498781591654 2.215780213475227 1.307625830173492 2.12101922929287 0.3929632753133774 0.1170298010110855 1628.417615287006 1749.106028266251 117.2291401699185 3.010184466838837 18.32482597976923 42.22944498062134 207.6552376225591 71.6122422888875 29.73022355884314 24.49069414287806 2.188296809792519 7.346632845699787 7.148132987320423 19.40548662096262 4.95777790248394 11.87239525467157 165.1678920909762 7.226117096841335 12.11638548970222 20.48793172091246 12.58253943175077 0.3269518092274666 0.5266915559768677 1.865545496344566 4.579054944217205 4.323608726263046 55.29517783969641 254.2911042943597 12.54525554925203 28.43995549529791 100.2911459058523 65.88036459684372 57.77810349315405 347.8191160112619 14.89249091595411 8.897127233445644 15.04470454901457 10.53048358857632 39.04191513359547 77.77813143283129 35.85869459062815 13.66530728340149 0.4645466953516006 132.8298625051975 77.78696709126234 145.5327804684639 335.4110530540347 80.77267812937498 617.3067115470767 1807.105033323169 304.5372569933534 2749.015929326415 31.74164917320013 1.2371681407094 5.617959231138229 13.22812230139971 17.01559673249722 0 2.879804447293282 0 8.080516681075096 2.475653447210789 38.79454135894775 16.21892455220222 9.772991076111794 17.52277205884457 4.620009154081345 2.301480352878571 8.763851299881935 47.56110417097807 0.6092580556869507 0 0 0 0.5446541234850883 0.2984873652458191 0.1439665108919144 0.2694372832775116 0.2255165725946426 0.7190026640892029 0 1.556322395801544 1.280173406004906 4.903090849518776 1.852789238095284 1.778420515358448 0.8946511670947075 0.1933517307043076 0.1547689288854599 0 0 0 0 0 0 0.4133601635694504 0 3.961804568767548 0.2669824659824371 0.2980832606554031 0 1.386621221899986 0.7776231467723846 0.1647887378931046 1.57197830080986 0.5084139257669449 0 0.5258571356534958 0 18.05797472596169 3.60297591984272 10.91725070029497 23.17661866545677 12.10101523995399 0 0 0.203497588634491 0 0.2769137322902679 0 0.1302284151315689 0.6206851750612259 2.620946832001209 0 0 0.7745447754859924 5.091762565076351 0.4551191926002502 0.1359392106533051 0.1267325431108475 0 1.03416246175766 0.1487689316272736 0 0.5170923918485641 0.4678425341844559 4.792552813887596 0.712278701364994 0.1321656256914139 0.2543569207191467 0 0 0 0 0 0.2823917120695114 14.69942037016153 6.637073025107384 0.1531054675579071 0.4950496703386307 2.611415818333626 0 0 0.7324696481227875 1.494868710637093 0 2.774118676781654 0.2188925445079803 1.488616712391376 0 0 0 0 0.2033316642045975 0.6039019972085953 0.2673858776688576 0.320062480866909 3.843911647796631 6.992779172956944 17.36849253624678 145.6343596056104 44.59760268777609 358.884325645864 94.06994232535362 121.828338868916 38.36376839131117 2.310101270675659 87.45225240290165 15.87577518820763 0.6123759597539902 8.105868473649025 0.6168550997972488 6.023269236087799 0.5286694690585136 0 4.799619644880295 4.222422115504742 0
154.4756721928716 1338.724602587521 701.4128404259682 18.11700943112373 5293.806192204356 14.65873099863529 1037.579094953835 257.6008311808109 0 158.8303607627749 1047.146237507463 189.3478050231934 3853.297552675009 2542.582046687603 7.783714771270752 4.472456857562065 1.451032847166061 0 0 0.4054823815822601 0.5427893847227097 0 0.1079314798116684 0.1178388521075249 0.7684642672538757 1.001080796122551 0.3765446692705154 0.7757142707705498 0.4709229618310928 0 183.5366452336311 16.56585145741701 20.95104721188545 0 0.1248483583331108 0.4360445886850357 219.3598200157285 0.5009739845991135 1.907351575791836 0.6884908676147461 1.294250190258026 0.256356880068779 0 2.182607151567936 0 0 142.3451649919152 4.689914114773273 1.082740753889084 0 2.678395368158817 0.1580141633749008 0.3440845012664795 0.1500005722045898 5.890609860420227 5.733311682939529 38.13554126024246 84.0237951874733 10.88012391328812 19.6838743686676 1.331731177866459 1.101920299232006 0.2416719496250153 47.98257026821375 14.47863605618477 4.652363181114197 4.94791454076767 1.362713970243931 0.2087788134813309 0.9647748619318008 105.5895460024476 1.412883296608925 0 90.44840393215418 24.87028569728136 110.7327424064279 128.2067189514637 13.59113597869873 0.7524016499519348 20.28809770941734 1.932897433638573 3.853566393256187 26.5793387517333 1.259569779038429 5.609276115894318 12.24222780764103 2.847695782780647 0 2.354470811784267 0 0.5552311018109322 0 0.9313933253288269 0.5718247070908546 1.204492293298244 210.3944751471281 6.630373299121857 0 0.1126161441206932 11.33388274908066 5.212558880448341 1.164357155561447 4.530762061476707 0.4227958172559738 5.632616996765137 12.30373561382294 8.580808043479919 13.81585858762264 13.92314364016056 37.3142349421978 5.900437071919441 69.82126042246819 63.11754697561264 104.0480332002044 30.34329994767904 0.5750609338283539 0.2881207168102264 0 0 0 0 0 0 0 0 0 0 0.6145865470170975 0 0.5306749567389488 0 0 0 0 14.11654530465603 2.17165718972683 0 0 0 55.57296969741583 1.9096684679389 28.93224442750216 7.56615025550127 3.828196965157986 0.3429999053478241 0.161951407790184 0 0 0.1473049521446228 0 0 4.033946394920349 6.93039309233427 0.160766988992691 0 0 0 0 0.4662204831838608 0.9454212039709091 0.1806964576244354 2.873119011521339 1.847274988889694 0 0 0 19.21434377133846 2.109912276268005 2.107150629162788 1.397369645535946 0.3408732265233994 0 0 0 0 0.120392270386219 75.99667366594076 0.4572973698377609 0 0 0.1436901390552521 2.622286334633827 0 1.820262759923935 8.234046295285225 1.287370592355728 6.946482181549072 1.106733232736588 1.767642393708229 0.234517477452755 0 0 0 0 0 0 0 66.71026189625263 4.648276165127754 9.19131100922823 308.2525530681014 40.14657264202833 426.3418116346002 145.0308019369841 250.9655893072486 49.17507999390364 2.775808617472649 165.9307593554258 9.638396024703979 0.1096234545111656 22.28555904328823 1.732083417475224 19.39328972995281 3.612887367606163 0 2.383612453937531 3.343272000551224 0
2179.193496972322 1179.894971713424 10.9574061781168 599.2032988518476 332.2669417411089 615.7451349496841 1648.313870362937 2.429142735898495 158.8303607627749 0 9.654903538525105 1083.816036507487 6663.611253090203 153.5111027061939 0.4570087864995003 0 0.1932048350572586 0 0 0.1283503025770187 0 0 0.1142160817980766 0 0 0 0 0.1694699674844742 0 0 43.07794410735369 5.67309982329607 1.697562903165817 0 0 0 98.32109481841326 0 0.5935343280434608 0.5813684165477753 0 0 0 0.4055690169334412 0 0.188688799738884 70.94978304952383 5.932448379695415 0.1416571289300919 0.2324157655239105 0.3409580886363983 0.4409306645393372 0 0 8.670478947460651 4.545482113957405 97.56644017249346 228.8401720151305 20.94160416722298 12.75642090290785 0.2710001319646835 0.1202526912093163 0 44.15023104846478 12.95714754611254 2.218553267419338 3.27979352325201 0.6704503148794174 0.2024644315242767 0 195.1452832520008 3.794967621564865 0.2836272418498993 133.8487251549959 22.3898775652051 40.43815862387419 43.26248207688332 1.38563771545887 0.1151010766625404 1.323241882026196 0.5647401884198189 1.712349146604538 32.48614300787449 1.000928573310375 2.735950231552124 8.576288059353828 1.248915456235409 0.1831362545490265 1.74673467874527 0 0.1235396191477776 0.148359090089798 0 0 0.4479122161865234 908.5278521329165 9.049560949206352 0 2.333943501114845 395.18754991889 3.718131989240646 10.74172818660736 8.173492953181267 4.524309083819389 7.924379780888557 35.82164101302624 30.16992223262787 29.30711029469967 31.421565964818 125.6977486163378 5.841991662979126 123.2294747531414 117.1741442233324 190.1816461086273 30.50435872375965 0.7871139198541641 0.7928411066532135 0 0 0 0 0 0 0 0 0 0 0.8813616037368774 0 0.2289155423641205 0 0 0 0 17.78052026033401 1.147782623767853 0.3319240808486938 0 0 45.30622443556786 1.613298147916794 15.75019177794456 2.75611686706543 3.631639435887337 0.5640966296195984 0 0 0 0 0 0 4.613087490200996 10.9795243293047 0 0 0 0.485906794667244 0.4502168893814087 0.266032949090004 1.015508830547333 0 2.279166325926781 2.15863860398531 0 0 0 12.75116108357906 1.580565541982651 2.84057891368866 1.973851971328259 0.3300307095050812 0.1913788914680481 0 0 0 0 57.50242730975151 0.7818621098995209 0 0 0 2.462465465068817 0 1.279256492853165 10.47718991339207 3.437667280435562 8.562301531434059 2.373010188341141 0.5433347970247269 0.5752843171358109 0 0 0 0 0 0 0 101.9707160741091 3.148092433810234 4.367005065083504 68.64615209400654 10.11289796233177 215.5829961746931 34.73996878415346 1419.021929182112 33.2249718606472 1.203316986560822 43.03505907952785 6.587648928165436 0.2841180562973022 14.25111982226372 0.8745112270116806 29.51870547235012 3.609288573265076 0 3.44787922501564 1.479947403073311 0
427.4226232469082 2091.872128777206 3082.870634891093 5.421781614422798 1446.213745139539 12.43592703342438 65.78399995714426 1452.503083825111 1047.146237507463 9.654903538525105 0 31.35439448803663 1977.784318007529 3366.810753650963 40.41828471422195 26.23885748535395 4.241444505751133 2.47735557705164 0.3893406689167023 3.491911202669144 2.424154713749886 0.1708021908998489 1.128538578748703 0.6290912926197052 21.80072664469481 4.694582343101501 0.8207461759448051 2.400346040725708 4.016565404832363 0.7109171077609062 1134.044054441154 532.8455309867859 401.05976652354 0.1278202682733536 4.472450710833073 27.97968911379576 909.1361571624875 81.5034046843648 22.16768011450768 27.89009307324886 2.921016938984394 5.095569044351578 0.2419523969292641 10.08518566191196 0.1809795796871185 1.254216894507408 363.3398759737611 13.81945639848709 2.223726391792297 0.6616273894906044 6.079158931970596 1.629027053713799 0.2431432753801346 1.433506533503532 11.27289091795683 11.45793295651674 81.142309486866 230.7907334193587 28.63073490560055 68.23305203020573 4.666829600930214 84.5373936444521 4.807787351310253 151.0336661562324 29.72891616821289 11.43223666399717 11.36631481349468 4.240065656602383 1.632798798382282 3.062685057520866 178.1133753806353 9.39434115588665 0 212.3463879674673 79.19040317833424 327.2894851341844 487.4838724881411 73.25082148611546 119.4251194000244 1110.937943466008 7.45723170787096 199.8869626373053 60.4410087838769 1.600692383944988 11.88533460348845 27.81388586014509 4.244528293609619 0.4700418934226036 6.763548865914345 0.1841731518507004 3.310721777379513 1.016150124371052 6.341412387788296 7.026758678257465 7.114253491163254 91.47250218689442 13.71091121435165 3.662688180804253 4.984748288989067 50.91178867965937 2.659896224737167 1.320586353540421 1.306992620229721 2.843255668878555 5.919527858495712 6.739156201481819 2.882732167840004 3.965211436152458 6.89761308580637 8.827949240803719 3.205061942338943 28.64585880935192 24.32114115357399 46.51318800449371 13.16009660065174 1.012056596577168 0.5809139758348465 0 0 0 0 0 0 0 0.6084213852882385 0.2874188721179962 0 0.7099507451057434 0.2220707386732101 0.2203997224569321 0 0.2434320449829102 0 0 6.663557380437851 0 0 0 0 43.48088616877794 6.617875963449478 22.70645882934332 17.82581858336926 6.516374170780182 0.1585905849933624 0.4941872656345367 0 0 0.2231901735067368 0 0 2.813289232552052 5.924528583884239 0 0 0.3803822994232178 0.977285161614418 0.4739353060722351 0 0.6612197607755661 0.2999485433101654 2.570710033178329 0.7457883059978485 0 0.2676062881946564 0.1378683149814606 11.75300166010857 1.283558912575245 1.348215326666832 0.7605153471231461 0.2078644633293152 0 0.1552963107824326 0.1615559607744217 0 0.4265564754605293 51.25285511463881 1.692874327301979 0.1448422819375992 0 0.6296411156654358 2.174034014344215 1.072785556316376 2.410662293434143 4.360867507755756 0.3865746557712555 3.647982969880104 0 1.121105924248695 0.3859532177448273 0 0.1103861629962921 0 0.1076413318514824 0.1647574752569199 0 0.2611502110958099 28.83102796971798 8.083026692271233 20.61681316047907 452.1845352202654 86.07097901403904 822.31379904598 291.4986508414149 324.6216699630022 95.75211551040411 9.147880166769028 321.1153865084052 12.63796684145927 0.4603710025548935 14.6065483763814 3.446780487895012 17.20817886292934 2.120848469436169 1.942798763513565 2.996395573019981 8.185891233384609 0.8985407948493958
57.95508417487144 111.8850256055593 7.414479218423367 128.8964151591063 206.4637702554464 162.4165616035461 649.8867123425007 3.798503994941711 189.3478050231934 1083.816036507487 31.35439448803663 0 1391.787850499153 97.6844424456358 3.270019933581352 1.912561401724815 0 0.1603671163320541 0 0 0 0 0 0 0 0 0 2.420873954892159 1.188498735427856 0 3.093569420278072 2.209329441189766 24.48944352567196 0 0 0 329.9075397178531 0.701513260602951 5.768625378608704 0.7076245844364166 0 0.458768755197525 0 0.4152562320232391 0 0.5987293720245361 11.98252829909325 0 0.1190675497055054 0 0.3922931104898453 0.1566700041294098 0 0 0 0.2062770947813988 3.528047010302544 8.971744865179062 2.059683382511139 1.049660950899124 0.5191374719142914 0.1668244600296021 0 3.373240083456039 0.577528178691864 0.09452272951602936 0.2221423387527466 0 0 0 252.1146667301655 16.13639122247696 0.2654731869697571 9.75918560475111 1.039303667843342 10.70231253653765 8.726654849946499 5.10826501250267 0.1770292967557907 12.12966608256102 0.5658622682094574 1.706158496439457 1.085314847528934 0.1321192532777786 0.4378046095371246 0.5117787048220634 0.1181593835353851 0 0.1458846479654312 0 0.103013277053833 0.3440082669258118 0.3265767097473145 0.6897610425949097 0.1460838466882706 1749.3786560148 62.03595019876957 0 3.127524346113205 70.22141279280186 5.320495128631592 2.166201829910278 2.531955152750015 1.182643175125122 5.690291881561279 19.55304770171642 11.2200542986393 13.05178290605545 17.74174617230892 44.62234649062157 5.336331233382225 80.43449684977531 58.41746190190315 137.8993716388941 38.31479611992836 0.5213381722569466 0.2992578893899918 0.1134931594133377 0 0.3866018354892731 0 0 0.1626427322626114 0 0 0 0 0.5350450873374939 0 0 0 0.1352801322937012 0 0 13.6936312392354 1.310253068804741 0 0 0 73.66147322952747 6.321955382823944 29.02346807718277 10.37937385588884 5.139946028590202 0.524119034409523 0.5175301730632782 0 0 0 0.2036281228065491 0 4.213146224617958 7.933089256286621 0.1586993336677551 0 0 0.8590693920850754 0 1.161603063344955 0.6883592680096626 0.7413204163312912 1.972753971815109 1.83741207420826 0.6833374500274658 0 0 24.90074335038662 2.018415838479996 2.480367667973042 1.117729917168617 0.1204931512475014 0.1447826474905014 0.1679204851388931 0 0 0 86.24391244351864 3.011403143405914 0 0 0 2.139952823519707 0.2950787246227264 0.8484416455030441 7.808871388435364 2.014579728245735 8.206883877515793 1.169303089380264 0.5657722726464272 0 0 0 0 0.2137212976813316 0 0 0 84.47038974612951 9.286469921469688 17.9266157746315 62.16089306771755 5.708438865840435 41.04319360852242 10.65484666824341 147.2709856331348 8.008446522057056 0.1296396106481552 31.01020622253418 11.82849527895451 0 17.24159493297338 1.058349370956421 22.28175203502178 4.946773573756218 0.6616715490818024 4.529849454760551 1.472889274358749 0.2429501861333847
372.6868462413549 1625.827525816858 238.7953742742538 723.1563649773598 2080.861957088113 250.9862189292908 7362.407274074852 140.7793281674385 3853.297552675009 6663.611253090203 1977.784318007529 1391.787850499153 0 2479.307948805392 27.78797806054354 13.91999230533838 2.355610378086567 0.308961383998394 0.5420564413070679 0.2856977730989456 1.428675219416618 0 0.5216564834117889 0.1205436661839485 0.5105951279401779 3.125563740730286 0.5977578982710838 1.659501537680626 1.548317655920982 0.4667200073599815 113.878848195076 7.996955439448357 42.95477142930031 0.1219895109534264 0 0.8193157762289047 211.5895252525806 2.5316988453269 5.485167428851128 2.425681158900261 1.675725914537907 1.454031720757484 0 4.713326819241047 0 1.000154912471771 165.9427310675383 6.297349520027637 1.559830948710442 0.1215468943119049 3.304283514618874 0.4253406599164009 0.3020497113466263 2.252192571759224 6.564095385372639 3.733606301248074 41.91379423439503 92.05935170501471 16.81660159677267 23.22358076274395 0.8747194856405258 3.467872299253941 0.1511223465204239 44.11046657711267 15.02719411253929 4.203482262790203 4.709913209080696 1.867613695561886 0.9813451990485191 1.175850808620453 207.7161892727017 14.93704107403755 0 91.89369247108698 23.26570152491331 132.1487194150686 135.5062732845545 27.50049831718206 0.7210064008831978 24.92577387392521 2.138617984950542 3.015812389552593 23.13414221256971 1.075467310845852 5.231780745089054 11.93708218634129 1.981218568980694 0.08219413459300995 2.029416337609291 0.5777951329946518 1.935257971286774 0.5312332957983017 1.301494091749191 0.7324954494833946 2.484004512429237 3281.735020183027 27.06933689117432 0.732214480638504 2.212525174021721 109.8713412508368 9.173851080238819 15.73146311938763 14.92723797261715 3.930804193019867 21.74310928583145 45.95400463044643 27.59551414847374 49.41850471496582 55.68594148755074 108.6576879024506 14.88996228575706 247.8420604839921 231.0074097439647 391.622231066227 107.5110024288297 2.723147012293339 2.147447109222412 0.3198418617248535 0 0 0 0.1342502534389496 0 0 0 0 0 0.4790213704109192 0.3766023516654968 0.347221702337265 0 0.136835440993309 0 0 44.20180141925812 3.423304572701454 0 0.0798044353723526 0 186.8533578589559 11.15098668634892 76.18490406125784 20.19350529462099 9.739123523235321 0.8550694733858109 1.867028385400772 0 0 0 0.130352795124054 0 16.4866920337081 21.16809619218111 0.7772038131952286 0 0 0 0 0.8404688537120819 3.495316661894321 0.3576081991195679 9.048544615507126 4.635740116238594 0.7200589179992676 0 0 63.55573853850365 5.233497560024261 5.577464319765568 3.360156111419201 0.9376050233840942 0.1241058483719826 0 0 0 0.5107291340827942 296.5163834169507 4.267976984381676 0 0 0.1779321134090424 8.757932364940643 2.058397397398949 4.877555921673775 25.14088348299265 6.754375025629997 21.45306744426489 3.935843795537949 5.092464782297611 1.73051992058754 0 0 0 0.09252967685461044 0.1648006439208984 0 0.2097216695547104 247.2446343004704 21.81716927886009 31.59314895421267 417.0023787841201 60.66887280344963 417.2730537503958 164.7260230854154 488.5984702780843 54.26030235737562 5.670520715415478 248.3061054721475 25.62216731905937 2.518227249383926 48.50763010978699 6.345224045217037 64.04050223529339 9.803708434104919 1.562583282589912 11.9493551030755 6.787297323346138 0.2426618039608002
