0 1735.202258914709 761.4829038530588 1292.498521320522 384.6581149250269 153.9565928429365 1988.081349998713 24.96260695159435 266.9920195490122 1270.505228720605 369.9710516110063 50.66176660358906 548.6789988204837 275.1365512683988 1.372109398245811 0 0.105551615357399 0 0 0 0 0 0.1439323276281357 0 0 0.21717269718647 0 0 0 0 998.3080710917711 5.091169625520706 4.40214791893959 0 0 0 3.073621273040771 0.5180793553590775 2.56335985660553 0.4086770415306091 0 0 0.09980005025863647 0.131329819560051 0 0.0984020009636879 18.6552954390645 6.974233202636242 0 0 0 0 0 0 9.333688713610172 23.76686113327742 190.2724425718188 1820.655938208103 4.51542716473341 20.78128875792027 0.946833610534668 0.3588874042034149 0 31.01881566643715 16.6732355505228 9.191291853785515 3.714037284255028 0.8140904307365417 0 0.3454295098781586 9.971149638295174 11.9716587215662 0 119.8770446330309 73.82014460116625 28.15561746805906 4.470332689583302 0.5384166091680527 0 26.83176811039448 0 0.6039206981658936 43.0485572963953 3.599010892212391 14.24678047001362 24.76118973642588 2.674862638115883 0.4774666726589203 2.733654133975506 0.2669424712657928 0.2142433673143387 0.8667856901884079 0.1085868924856186 0.4155131801962852 0 138.1358117908239 11.4357562661171 1.853995352983475 1.874098807573318 900.5771399587393 0 0 0.1640017181634903 0 0 96.565564468503 0 4.294748067855835 1.166881620883942 4.717198774218559 0 4.473043322563171 0.8596294522285461 4.291690364480019 1.208505257964134 0 0 0 0 0 0 0 0 0 0 0 0 0 0 0 0 0 0.1882009208202362 0 0 0 0 0 0 0.1459895521402359 0 0 0.3783386051654816 0 0 0 0 0.3604254722595215 0 0 0 0.2241134494543076 0.5119227170944214 0 0 0 0 0 0 0 0 0 0 0 0 0 0.3364289700984955 0 0 0 0 0.1168337985873222 0.1254549324512482 0.1301622241735458 0 0 0.9911868274211884 0 0 0 0.9934746325016022 1.283908486366272 0.5273688286542892 0 0.4934593737125397 0 0 0 0 1.464446395635605 0 0 0 0.106367252767086 0.1639382094144821 0 0.5475180149078369 1.642295315861702 0 0.2386626303195953 31.85044763982296 7.373286597430706 88.69650194048882 7.370329186320305 692.6394518017769 48.43665529042482 5.989886350929737 2.814538478851318 4.815598145127296 2.561325490474701 0.1284846812486649 0 0.843188613653183 0 0 0 0 0
1735.202258914709 0 798.5833931565285 197.6209066808224 5095.641008526087 99.16536771506071 7308.276762127876 48.59716954082251 2406.035640157759 252.0710991173983 536.8428269848228 10.65559636056423 521.1577987745404 478.0446247905493 11.20283887535334 0.5628163143992424 0.6421925723552704 0.1107768639922142 0 0 0 0 0 0.2073121517896652 0.3748312592506409 0 0 0.1115709543228149 0.1241946518421173 0 2373.877571620047 28.06590016186237 6.725768133997917 0.2430080026388168 0.555309846997261 0 2.711553260684013 0.9107729494571686 1.134270891547203 0 0 0.2245441079139709 0.1371169686317444 0.5470468178391457 0 0.9094568490982056 144.1959647238255 21.42597705125809 0.1291896551847458 0.1980854570865631 0.9985843673348427 1.255145102739334 0.5602940320968628 0 11.58020403236151 31.29367079585791 53.99399881064892 795.0322269052267 2.042020663619041 42.50084395706654 1.838558129966259 0.120324395596981 0.5361418128013611 104.5486476942897 23.35066240280867 23.18936117738485 8.739043653011322 2.854786530137062 0.2173367887735367 0.1531966179609299 6.497665889561176 2.805252000689507 0 126.3357658088207 169.272465005517 95.3056491240859 57.66098410636187 5.002773500978947 0.6123686730861664 33.87052796036005 1.011198312044144 2.279149122536182 68.12160801142454 4.388399533927441 37.43256745487452 45.42283594608307 9.981764100492001 0.8750908821821213 7.612939178943634 0.1084956452250481 1.372597225010395 1.106668271124363 0.4261553958058357 0.2401236146688461 0.1956283077597618 88.59261949360371 0.3748971521854401 0.8689871728420258 0 1005.927851766348 0 0.7442764639854431 3.021174088120461 0.1861937344074249 0 74.40557277202606 0 18.59139774739742 2.477740496397018 10.40284192562103 0.1712691485881805 23.81791259348392 12.19609825313091 11.89644508063793 5.773603275418282 0.1492759138345718 0.5539654493331909 0 0 0 0 0 0 0 0 0 0 0 0 0 0 0 0 0 0.2379040569067001 0 0 0 0 0.7347433865070343 0 4.13756588101387 0.8509215861558914 0.2070229649543762 0 0 0 0 0 0 0 1.349228248000145 2.514896884560585 0.1392538100481033 0 0.1336413472890854 0 0 0.4821862876415253 0.2067579925060272 0 0 0.7853195071220398 0 0 0 3.749655932188034 0 1.12236276268959 0.1476139426231384 0 0.2721380144357681 0.1340183019638062 0 0 0 4.601579889655113 0 0 0.08233015239238739 1.151239797472954 14.7590561658144 1.436946213245392 5.363393411040306 0 0.8188485205173492 0.5278701782226562 0 0 0.7974742501974106 0 0 0 0.7299227267503738 0.5521892309188843 0 0 6.607836693525314 0.9178306758403778 1.086439624428749 57.37917757034302 18.3424673601985 259.3301665633917 22.39937602728605 301.7329325303435 38.2667573466897 9.937446840107441 18.57668489217758 2.719313994050026 4.761157043278217 2.343312591314316 0 13.3187862932682 0 0 0.4485975727438927 0.4139517918229103 0.2976944148540497
761.4829038530588 798.5833931565285 0 26.66096820682287 1125.77848020196 21.87454390525818 322.2678323313594 1982.094189099967 2540.729296013713 3.655391342937946 7335.607259131968 3.213801443576813 217.5540672466159 1988.131130948663 21.74167786538601 19.12386511266232 5.889229096472263 0.1370252519845963 1.0645542293787 1.952358618378639 4.950386255979538 0 11.67116735875607 1.960086390376091 0.3522248864173889 0.9471966624259949 0 0.435206338763237 0 0 3631.743713766336 317.0987391024828 10.66397644579411 8.074217647314072 11.27574041485786 0.5439686179161072 1.095013245940208 1.13654999434948 0.1505013406276703 0.2855952829122543 2.624867483973503 0.7224245816469193 2.448787577450275 5.804663576185703 3.232541210949421 20.2831048220396 86.32250379770994 13.61145029962063 0 2.54363839328289 2.346106097102165 0.5620737373828888 1.898118928074837 0 8.63312491029501 21.42071157693863 34.22142765671015 1056.447890371084 2.765189968049526 28.11798668652773 77.5609098598361 8.433832578361034 2.039519503712654 452.8322122395039 14.59841749817133 11.67416610568762 7.036257587373257 3.032131254673004 7.445492379367352 27.54886759072542 2.760162062942982 2.970056936144829 0 108.2051820680499 171.1937483847141 79.58782725781202 85.77521985769272 20.46118039637804 20.37626494467258 1368.99369777739 31.9961893260479 172.4023345932364 46.59273497015238 1.684840232133865 22.99183171987534 25.80759458243847 5.832632750272751 0.4775026589632034 5.632180407643318 0 1.91309105604887 1.572049990296364 14.02293433994055 6.260260760784149 0.8315048962831497 14.45545606315136 0.5943250209093094 9.592208623886108 1.150627419352531 361.126500248909 0 0 1.096042558550835 0.2751120328903198 0 8.466040149331093 0 7.674768954515457 0.7668389678001404 2.532057583332062 0.1554042249917984 9.886388495564461 7.7296292334795 5.121239051222801 1.05265374481678 0.126490131020546 0.8986962139606476 0 0.4002532213926315 0 0 0.4200945496559143 0 0 0 0 0 0.4511147737503052 0.265722781419754 0.4745396226644516 0 1.592105567455292 0.4308837652206421 2.627273634076118 0 0.1849446445703506 0.4822547733783722 0.4020537734031677 0 3.198952600359917 0 2.87346687912941 7.59012196958065 3.445929475128651 0 0.1683995872735977 0.3763718605041504 0 0.5188472419977188 0 0.3374391198158264 0 3.458279117941856 0.096183180809021 0 0.3578028082847595 1.477663695812225 0.4921673089265823 0.1076453030109406 0.1268022656440735 0.09258471429347992 0 0 0 1.164594292640686 0.1561750620603561 3.057301193475723 0.3309978246688843 0.1879733353853226 0.1692727506160736 0.7746308445930481 0.6014352589845657 0.5977398902177811 0 0.7227478474378586 0.2665709555149078 1.518913179636002 0.195436492562294 0 0 0.1439720392227173 6.073468640446663 1.228805989027023 0.5037007033824921 0.3200604915618896 0.6182655692100525 0.4688820838928223 0 0.2132515907287598 0.3676240742206573 0.1350695043802261 0 0 0.5370892956852913 0 0.1715712696313858 0 2.67731836438179 1.44063201546669 2.920112609863281 100.4672521278262 31.35497818887234 157.3929971456528 23.13894613087177 103.2312217652798 18.79433703422546 5.202878937125206 23.13726514577866 6.81507208943367 3.602213770151138 6.307565547525883 0 0.745162308216095 0 0 0.673657163977623 1.107871860265732 1.016576260328293
1292.498521320522 197.6209066808224 26.66096820682287 0 17.86572501808405 726.5422648787498 1488.611529111862 0.9570682048797607 170.7258195877075 2389.544377587736 5.393999360501766 192.9608675092459 3168.261035114527 42.35251998156309 2.403961144387722 0.7287890166044235 0.1219322606921196 0 0 0 0 0 0 0 0 0 0 0 0 0.1090986505150795 207.5887011289597 4.899881064891815 0.3245173394680023 0 0 0 0.1500872522592545 0 0 0 0 0.1492367833852768 0 0.6002390533685684 0 0.3024683892726898 32.08777491003275 7.801626272499561 0.1551694571971893 0.1343978196382523 0.3070725947618484 0 0.3692536652088165 0 5.663866072893143 13.58383627980947 33.99320954084396 271.2677888795733 0.3798789978027344 13.12657683342695 0 0.6746079325675964 0 24.34271313995123 9.836221449077129 8.667374037206173 4.47024742513895 1.276278272271156 0.1276947110891342 0.2202204093337059 0.91865573823452 0.8029549717903137 0 57.31647853553295 62.21510244905949 27.14688085019588 9.341636039316654 1.696575239300728 0.4129891991615295 1.05445358902216 0.682204470038414 0.2489438354969025 25.23048191517591 0.9663931205868721 14.09908076375723 19.48998327553272 2.673314288258553 0.5463423803448677 3.616560034453869 0 0.2862286567687988 0.1248051598668098 0.2727969735860825 0 0 224.7813603430986 1.193705022335052 0 0.4558605253696442 372.3994696587324 0 0 4.281160652637482 0.1387349516153336 0.9130533784627914 97.39725533127785 2.292268753051758 18.53035147488117 6.088040411472321 13.05929081141949 0.9152541756629944 31.31182040274143 15.79742319881916 15.70461651682854 2.838523134589195 0.4357353448867798 0 0 0 0 0 0 0 0 0 0 0 0 0 0 0 0 0 0 0.2112476527690887 0.3326567709445953 0 0 0 0.5736053436994553 0 0 0 0 0 0 0 0 0.1461930423974991 0 0 0.1565185487270355 0.4452906847000122 0 0 0 0 0 0 0 0 0 0 0 0 0 3.160695374011993 0 0 0 0 0.3560263514518738 1.041528776288033 0 0 1.32686448097229 1.979047477245331 0 0 0.3030501902103424 0.2814613282680511 3.444610595703125 0.9910076111555099 0.6163302958011627 0.7897259891033173 0 0.7127739191055298 0 0 0.3103471696376801 0 0 0 0.1350270509719849 0.9622186124324799 0 0 14.09818716347218 0.4236537218093872 0 28.18172524869442 6.362894639372826 79.0159662142396 8.226949132978916 409.5697285458446 16.38926921784878 3.603671580553055 6.490735478699207 1.476406320929527 2.963646478950977 1.535230740904808 0 6.490448355674744 0 0 0.1374236792325974 0 0
384.6581149250269 5095.641008526087 1125.77848020196 17.86572501808405 0 29.45182250440121 991.5413464084268 23.1258327960968 4399.196712128818 337.6501409113407 707.6916693150997 176.3374215066433 431.6616869270802 303.7407676801085 46.31537192314863 4.536481551826 0.4927366822957993 0.141257032752037 0.3600660115480423 0.08200240880250931 0 0 0 0 0.472918689250946 0.1254794150590897 0 0 0 0 461.9810878932476 49.52522899210453 39.21742218732834 0 0 0 13.10807749629021 0.193498820066452 0.899440735578537 0.855597585439682 0 0.3851490914821625 0.1208906844258308 1.178542926907539 0.4725668132305145 0.6928227096796036 271.7628467455506 19.69212119281292 0.5792998746037483 0.4544509649276733 0.9353836849331856 0 0 0 7.231043510138988 20.60171507298946 21.06136155873537 139.7090162485838 2.341269627213478 59.4264699742198 0.5937153249979019 2.687043160200119 0 137.3227602317929 19.38842612504959 17.53319957107306 8.582547076046467 2.610850445926189 1.364712096750736 0 37.46412178874016 30.63148060441017 0 80.22519126534462 109.2565079927444 147.9957149326801 189.2950499430299 13.74424837529659 0.5383871346712112 28.07404378056526 1.765451371669769 3.009012185037136 51.70981331914663 1.888901777565479 35.57058731466532 30.99860785156488 9.923644505441189 1.386435218155384 8.659553304314613 0 1.585679933428764 0.8750047981739044 0.4552201777696609 0.1068316921591759 0.1163419559597969 296.9592972546816 0.2034880816936493 0.1583835780620575 0 73.57787652313709 0.1769677996635437 3.753474205732346 33.73149241507053 6.858197346329689 4.078890681266785 280.8635684847832 9.366946175694466 232.4676945433021 48.10142458975315 127.5545340329409 3.348097026348114 328.724677182734 166.45149666816 185.9799740314484 68.56574484705925 2.564526423811913 0.1444188058376312 0 0.3355065286159515 0 0 0.1449384093284607 0 0.2849892526865005 0 0 0 0 0 0 0 0 0.3046354055404663 0 4.466907098889351 6.715833842754364 0 0 0.1453178524971008 23.20683582127094 0 28.47466339170933 4.281145989894867 0.398981399834156 0 0 0 0.1206556484103203 0.8940080851316452 0.1614583730697632 0 11.23089623451233 22.86808098107576 1.150478839874268 0 0 0 0 0.7116976231336594 1.590641498565674 0.4752588272094727 0 2.161213584244251 0.8588887900114059 0.152441531419754 0 53.15222863852978 1.170873045921326 5.47974555939436 1.719698846340179 0.5492738634347916 0.5993639826774597 0.2904888242483139 0 0.222428947687149 0 69.66763949394226 2.973214253783226 0 0 0.2853240743279457 151.6380015015602 10.878916233778 28.38712790608406 9.429718464612961 5.826198264956474 16.32104840874672 2.461068451404572 3.12728562951088 4.140550203621387 0.3550560921430588 0.2271797880530357 0 0.9659595414996147 0.1211106926202774 0 0.2089522331953049 107.4458227306604 24.02242006361485 9.30176243185997 185.8490003272891 41.8352275043726 525.944121517241 89.895527780056 119.1870691254735 32.42247188836336 11.91968432068825 86.77299466729164 27.27755991369486 5.635842688381672 29.43427545577288 0.925386443734169 66.09057262539864 0.7017206847667694 0 3.052716284990311 1.276721820235252 0.3771287277340889
153.9565928429365 99.16536771506071 21.87454390525818 726.5422648787498 29.45182250440121 0 323.3004651516676 0.6272317320108414 83.73714055120945 1078.069929197431 8.504493668675423 207.8590797930956 402.0757578611374 45.03564782440662 0.9528824388980865 1.160134635865688 0.1289614140987396 0 0 0 0 0.1326597779989243 0 0 1.959323048591614 0 0 0.487635925412178 0 0 49.16496120393276 0.1502901762723923 46.93674832582474 0 0 0 44.54767887294292 5.47336633503437 26.66301675885916 2.400896191596985 0 0 0 0 0.3760198652744293 0 0.8493791222572327 0.3492287695407867 0 0 0 0.3687225878238678 0.35875403881073 0.3182540982961655 0.3970315158367157 0.9471157491207123 519.8847520947456 183.2404667884111 0 1.294641360640526 0.2429049909114838 5.186901301145554 0 0.6240029335021973 0.1340144574642181 0.1233875080943108 0.1610623002052307 0 0 0 117.5008629858494 173.5959699302912 0 2.517060533165932 2.506270185112953 1.874651253223419 1.317567333579063 0.5717999339103699 0 15.06893968582153 0 1.577234908938408 1.176309712231159 0 1.001739300787449 1.631925784051418 0 0.7226156145334244 0.07784643024206161 0.3679046630859375 0 0 0 0 0 195.7418380826712 178.0966190099716 50.29594078660011 16.51515810191631 366.2011867910624 0 0 1.569851726293564 0 0 9.470581531524658 0 1.207911133766174 0.6597285270690918 0.6270005255937576 0 2.751171126961708 2.030142843723297 0.9945680499076843 0.2699869275093079 0.2623196542263031 0.2073290199041367 0 0 0 0 0 0 0 0 0 0 0 0 0 0 0 0 0 0.1555411815643311 0.2829743623733521 0 0 0 0.1680213212966919 0 0.3741979598999023 0.8586563915014267 0 0 0 0 0.1274805068969727 0 0 0 0 0.8907885849475861 0 0 0 0.3168186545372009 0 0 0 0 0 0 0 0 0 0 0.937001645565033 0 0 0 0 0 0 1.456134915351868 0 1.031024485826492 0.4478448331356049 0 0 0 0.2614971101284027 0 0 0 0 0 0 0.2119959741830826 0.2294459789991379 0 0 0 0 0 0 0 0.7382459789514542 0.761550098657608 0.4565009698271751 9.21584677696228 0.4622496664524078 6.557564847171307 1.112150676548481 336.1023841202259 5.476361833512783 0.116971492767334 0.6052032485604286 0.7290646731853485 1.781534619629383 0.1455247551202774 0 0.8275309801101685 0 0 0 0 0
1988.081349998713 7308.276762127876 322.2678323313594 1488.611529111862 991.5413464084268 323.3004651516676 0 16.94500697404146 914.4942723661661 2242.535725176334 107.6291560605168 281.1734131649137 5144.388210900128 248.1469853818417 53.7963617220521 8.702834382653236 1.580914154648781 0 0.1009678393602371 0.2322043925523758 0.2756275236606598 0 0 0 0.1308609843254089 0 0 0 0.1527837663888931 0 785.1130555644631 58.81368245184422 35.605089366436 0 0.1237106770277023 0.3867524266242981 11.76427468657494 0.121009849011898 1.167812436819077 0.1877138167619705 0 0.1096967086195946 0.2642843574285507 2.660086572170258 0.6382960230112076 1.531208798289299 430.2236634865403 50.49886164814234 0.8344757258892059 1.389695078134537 4.012033887207508 0.1855233162641525 0 0.2685487121343613 22.15879731625319 56.28177642077208 61.48863884806633 464.4128827601671 4.164272986352444 112.125482223928 1.190824463963509 2.915424086153507 0.2596308290958405 244.2148252949119 47.48508403450251 46.18084617704153 20.65369123220444 5.673506706953049 2.390549354255199 0.856376938521862 40.82546055316925 41.9934770911932 0 216.4268117770553 289.7264155745506 262.8915054351091 247.5598778873682 20.63341602683067 0.3914026618003845 22.70499673485756 2.324018254876137 4.713818788528442 129.7834544405341 6.552290685474873 80.72926891595125 93.1139198243618 23.08256420493126 2.043924883008003 19.1772173717618 0.1287914663553238 3.433391697704792 3.15528728812933 0.6364837735891342 0.6500007808208466 1.017401941120625 771.671990647912 0.3937792778015137 0.6708857864141464 0.2563198804855347 206.1481487825513 0.8602788373827934 3.863553360104561 51.12221275269985 14.69017557799816 14.19738906621933 434.8519447520375 13.43744403123856 339.1076887995005 61.88497450947762 207.8300036787987 3.201477095484734 462.7374233081937 229.6883818954229 261.5791855454445 74.58307433128357 1.679867513477802 1.174231469631195 0 0.4002992808818817 0 0 0 0 1.117387652397156 0.1121094152331352 0 0 0 0 0 0 0 0.1944684237241745 0.6872403174638748 3.042944610118866 6.469214215874672 0 0 0.2788104116916656 33.27414529025555 0 29.88262024521828 8.286324173212051 0.9347232729196548 0 1.715555787086487 0.2301444858312607 0 1.479189157485962 0.3819006234407425 0 15.88860550522804 37.13953375071287 1.988415338099003 1.006228446960449 0 0 0 0.1191607490181923 2.576822996139526 0 0 2.816056191921234 1.30804069340229 0.5402920246124268 0.4138029366731644 64.73056223988533 0.5570292472839355 8.518736615777016 1.82040499150753 0.3399202525615692 0.6742783337831497 1.125318594276905 0.1168162450194359 1.080582745373249 0.7593998312950134 73.210378870368 1.540451571345329 0 0.6044159904122353 0.8854965716600418 182.1880538761616 9.132476270198822 42.85019110143185 9.366226091980934 9.373569346964359 15.42218123376369 2.697955705225468 4.828167989850044 4.318040087819099 0.2139809280633926 0 0 1.614570736885071 1.023726835846901 0 0.4628412425518036 155.0778646022081 31.45535783469677 10.91194424033165 258.4737723097205 62.8193201944232 785.9925678670406 105.2811380401254 441.1380151435733 54.58047223836184 20.95133684575558 105.8129391074181 33.03889694809914 8.43862609565258 42.48213706165552 1.446103632450104 110.537886351347 1.290890961885452 0 7.655219286680222 0.9724394157528877 0.4818630069494247
24.96260695159435 48.59716954082251 1982.094189099967 0.9570682048797607 23.1258327960968 0.6272317320108414 16.94500697404146 0 165.2578977644444 0.4781573712825775 2066.736036725342 0.3076741695404053 105.3633729368448 837.030163295567 46.71548487991095 43.05346176028252 11.25359456241131 3.471375361084938 1.284801974892616 8.996598482131958 20.93407732248306 0.4209905564785004 45.39140221476555 7.454818442463875 2.182710632681847 6.221813812851906 1.011455088853836 0.7442478090524673 0.9087924435734749 0.3277420550584793 1556.261407069862 1713.493807971478 49.85561939328909 38.98034901916981 52.86172705888748 2.349481120705605 3.813357904553413 3.927356392145157 0.4252965003252029 0.110458642244339 11.20172414183617 3.649408221244812 6.000684142112732 28.0047719925642 17.69353202730417 121.1891577988863 154.4826301261783 12.53133463859558 2.82558485865593 15.18553481996059 13.73293159902096 2.754001252353191 6.952360674738884 1.501658350229263 2.970264226198196 8.276471868157387 10.70091405510902 191.8772773519158 1.390541724860668 27.17821302264929 363.8665702342987 32.02185809612274 9.204882562160492 921.9517843946815 10.04822809249163 10.16325430572033 11.37452740222216 20.5670902878046 31.97155424207449 131.3364157378674 3.262180611491203 2.696775071322918 0.1783455461263657 58.23152615129948 115.8917513862252 97.03807375580072 496.6277562826872 395.4560811817646 387.280658364296 4488.944797210395 355.5343378037214 1546.668747887015 23.78998375684023 1.640587158501148 14.45520889014006 14.34615325927734 28.02146339416504 0.3475650697946548 3.371052481234074 0.1644787043333054 6.849697686731815 5.048398613929749 48.46378506720066 20.42311011254787 7.157277256250381 6.152597695589066 0.5473888516426086 27.33370961248875 6.158553197979927 38.41412139683962 0 0 0 0 0.7436593174934387 1.128996551036835 0 1.18558032810688 0 1.076440244913101 0 0.5790512710809708 0.8258334547281265 2.936731353402138 2.069953247904778 2.435978971421719 1.469708800315857 0.5095515847206116 2.73618957400322 0 0 0 0 0 0 0.2996460199356079 0.4303220510482788 1.195948824286461 0.6321369558572769 3.592349052429199 0 3.100370019674301 2.891024142503738 3.635930627584457 0 0.1732616126537323 0 0 0 0.7417037934064865 0 2.16856087744236 15.76306372880936 6.008188188076019 0.2005602270364761 0.4860401302576065 0 0.7345568537712097 0.2707463204860687 0.3843226134777069 0 1.605665564537048 2.423237964510918 0.4017287492752075 0 0.9595437347888947 4.729982390999794 0.775786280632019 0 0 0 0.3946317732334137 0.5936126708984375 0 0.4714419543743134 0 2.987568095326424 0 0 0.09864522516727448 0.3976789638400078 0.733911320567131 0.5455232933163643 0.1573973596096039 0.3817121684551239 0.1591172367334366 2.086913093924522 1.278822734951973 0 1.250152930617332 1.629713952541351 1.951217889785767 0 0.5650055706501007 0 0 0 0.5740456581115723 0.3547967672348022 1.457647643983364 0 0.319539487361908 0 1.794071719050407 0.4192964136600494 1.107670769095421 0 1.214801147580147 2.207724273204803 2.819710493087769 204.6450011581182 48.63189932703972 281.3914426714182 50.54575686901808 25.62190799415112 11.30267637968063 3.046817071735859 47.89346459507942 13.93805661052465 6.393713049590588 5.011699013411999 0.3282966986298561 0 0 0 0 4.003115750849247 1.136346086859703
266.9920195490122 2406.035640157759 2540.729296013713 170.7258195877075 4399.196712128818 83.73714055120945 914.4942723661661 165.2578977644444 0 419.1784443706274 4634.200619727373 105.7986752837896 2589.722138084471 1360.848506212234 99.85746896266937 40.06285003572702 0.7654056921601295 0.3207475692033768 0 0.4398254901170731 0.225073404610157 0.9224949479103088 0 0 0.6172888725996017 0 0 0.1562399119138718 0.1472020000219345 0 325.2729017734528 69.0721685513854 34.25164479017258 0.1650476008653641 0.2001161426305771 0 12.30125334113836 0.4883339256048203 1.254335790872574 1.109457328915596 0.2955659627914429 0.7017182186245918 0.09603006392717361 5.914553254842758 0.1110913977026939 1.798810392618179 319.6566103026271 14.26044143736362 0.7637669295072556 0.4503944516181946 1.518775746226311 0.5950988382101059 0.2519726157188416 0 6.576447896659374 12.81275011599064 27.96836066246033 109.0589172467589 3.116037093102932 50.54650329053402 1.456790551543236 3.506176121532917 0 117.026841044426 13.73741035163403 11.63578529655933 5.156845256686211 2.463261641561985 0.3649790585041046 0.6035730987787247 24.70630668103695 35.99968659877777 0 65.45498763024807 82.36987838149071 173.3117194548249 319.9175562039018 41.41125982254744 4.24503755569458 35.05978344380856 3.267015896737576 3.038268990814686 36.52852588146925 1.362154833972454 21.17345827072859 25.45340292155743 7.058943897485733 0.5015640929341316 6.148788742721081 0 1.246572412550449 1.412460714578629 2.188476800918579 0.5900940299034119 0.6917478963732719 726.1089717075229 0.1343583911657333 0.2687762379646301 0.1888498067855835 151.1482549384236 0.8844137638807297 2.360077947378159 42.66894283890724 10.93797759711742 14.67242161929607 372.2791047841311 6.28034645318985 325.3941551595926 67.41167360544205 185.2528204768896 8.400749549269676 481.828689172864 252.0711057037115 268.99174515903 77.37184971570969 1.373495399951935 0.6280623003840446 0 0.3357880711555481 0 0 0.6539818942546844 0 0.1536132246255875 0.1947021633386612 0 0 0 0.1905912756919861 0 0 0 0 0.5643032789230347 5.082330301403999 4.555741831660271 0 0 0 22.92248904705048 0 30.77037337422371 4.8831492587924 0.739144928753376 0 0 0 0.4441920965909958 0.3238267004489899 0 0 10.80580847710371 28.58785649389029 1.618046447634697 0.2633823901414871 0.1220221593976021 0 0 1.759235739707947 3.00051262229681 0.7154283300042152 0.8603526800870895 4.789357885718346 0.2238506674766541 1.307269394397736 0.1778354495763779 59.54789739102125 0.1963917911052704 6.755024418234825 1.496598407626152 0.8343545943498611 1.147815346717834 1.091819152235985 0.2370932623744011 0 0.515893280506134 76.86444739997387 1.794964969158173 0 0 0.2272093743085861 166.1841194778681 10.77157896757126 42.264558121562 7.995421350002289 4.449733018875122 14.77498542517424 3.948508620262146 2.64919426292181 2.931612253189087 0.4738849774003029 0 0 0.6935532987117767 0.4346863329410553 0.1643519997596741 0 175.0880610346794 23.64911191165447 9.246636718511581 482.8183927163482 64.13706989586353 648.980830848217 151.6518476381898 194.2662964910269 42.00085364282131 11.77263250201941 192.2800583690405 42.34211421012878 7.996087685227394 34.59625253081322 2.124318726360798 60.38095819950104 0.7058214247226715 0.242189958691597 6.727769292891026 4.769611410796642 0.6696479618549347
1270.505228720605 252.0710991173983 3.655391342937946 2389.544377587736 337.6501409113407 1078.069929197431 2242.535725176334 0.4781573712825775 419.1784443706274 0 9.322071239352226 1536.714817151427 7045.809955216944 73.96357663720846 5.067599579691887 2.014087378978729 0.4788348078727722 0 0 0 0 0 0.1707738935947418 0 0.4407366737723351 0 0 0 0.1394935101270676 0 145.5129242241383 5.171795681118965 25.69749566912651 0.1699997931718826 0 0 11.70540387928486 0 2.372957319021225 0.2148545831441879 0 0 0 0.150438591837883 0.1710532307624817 0.1650319695472717 52.19348601251841 7.30978424847126 0.4896514415740967 0.1713483333587646 1.141547411680222 0 0 0 4.578433565795422 12.52953120321035 76.21947419643402 275.5169753953815 0.5736436992883682 17.69968148320913 0.6799981892108917 1.955304741859436 0 29.05854146182537 11.83356906473637 6.882421441376209 3.443482935428619 0.7231979444622993 0.09991768002510071 0 39.8833419829607 28.40715004503727 0 55.31515526026487 60.63230054825544 35.74036993086338 15.83719256520271 1.716041445732117 0.16343092918396 9.187227219343185 0 0.4932969957590103 29.84306572377682 1.469863474369049 16.82067693024874 19.44578107446432 3.526274502277374 0.404138594865799 3.215042047202587 0 0.5369245633482933 0.4480240568518639 0.1071111708879471 0.9496288448572159 0 1204.390390142798 3.554714322090149 0 0 776.5540763288736 0.6497564762830734 6.270871579647064 38.10933890938759 15.74008022248745 6.372939646244049 336.8648395389318 23.83995693922043 265.071143515408 65.94921995699406 232.0044663846493 2.771876126527786 371.4357751607895 164.3645730465651 193.0665333122015 44.02911148965359 1.038904279470444 0 0 0 0 0 0 0 0.8931616544723511 0 0 0.7250629663467407 0 0 0 0 0 0 0 3.118327111005783 2.121030032634735 0.2074500769376755 0.1447691768407822 0.528120756149292 17.56189918518066 0 24.85560786724091 3.854408547282219 0 0 0 0 0.3246209025382996 0.5393330305814743 0.2254480570554733 0 7.481027469038963 22.82036086171865 0.4634509831666946 0.3933765888214111 0.2752252221107483 0 0 0.2645380944013596 2.709215477108955 0 0.29540154337883 4.080053672194481 1.428761839866638 0 0 38.72926793992519 0 3.103603720664978 1.13604998588562 0.4436750784516335 0.4243348836898804 1.304678976535797 0 0 0.494225025177002 31.16008213162422 2.948514014482498 0 0 0.5437626838684082 110.26726308465 6.982780233025551 25.8215202242136 5.971075341105461 7.660045638680458 13.07712253928185 0.4975505471229553 1.869514986872673 2.079246781766415 0 0 0 0.4841759130358696 0.2434650659561157 0 0 129.3876619786024 8.567818388342857 3.822998955845833 60.43932845443487 9.299585670232773 106.0039084032178 10.81221224367619 692.7107016518712 18.70915564149618 4.616733230650425 15.28083633631468 29.27751343697309 4.615560874342918 29.34330652654171 1.105551332235336 126.4777887910604 1.478937655687332 0 1.133873447775841 0 0
369.9710516110063 536.8428269848228 7335.607259131968 5.393999360501766 707.6916693150997 8.504493668675423 107.6291560605168 2066.736036725342 4634.200619727373 9.322071239352226 0 15.14210064709187 723.5186451300979 4072.3921289891 124.6838612258434 58.44275500625372 3.678289569914341 0 0.6114059090614319 0.7323907166719437 4.46249121427536 4.170094855129719 9.698807701468468 4.74042335152626 4.416298657655716 2.908772200345993 0 0 0.8435549736022949 0.5281112641096115 1442.661552488804 302.5507719442248 53.46244069933891 4.370020978152752 19.46994911134243 0.7849392294883728 14.1935553252697 10.07506351172924 0.5521516725420952 1.029010117053986 4.644932433962822 0.637245312333107 0 15.0453125834465 1.734577417373657 3.566251896321774 426.2420306354761 24.52764544636011 0.8419986143708229 1.248794466257095 3.310668416321278 1.720049932599068 1.323582842946053 0.2869780883193016 8.144719116389751 21.33044338971376 20.19461815804243 237.844159334898 1.819672085344791 73.31611050665379 21.67985687404871 7.112028203904629 2.179669097065926 284.336942769587 21.31052198261023 17.39307689666748 11.4314101561904 3.497762739658356 4.26517640799284 16.75121008604765 19.45706570148468 19.517941147089 0 111.8404919281602 177.5808532163501 250.389088138938 468.1639825925231 65.31232535839081 3.245747305452824 1326.607652567327 7.869875729084015 52.55555468052626 56.17318443953991 2.482999302446842 39.05166978389025 35.43115312978625 10.08978136628866 0.974252961575985 11.27989348769188 0 3.968666449189186 0.882700577378273 7.645176701247692 4.47343322634697 1.196991682052612 84.02834913134575 4.761794880032539 8.223526746034622 2.632979527115822 129.8055737763643 0 0.1231108158826828 2.877456322312355 1.299117460846901 0 32.21638657152653 0.6807515025138855 29.80993344634771 2.066817760467529 9.095999643206596 0.3504027426242828 25.1912642121315 17.57471199333668 22.6046511977911 13.87521892786026 0 0.1884520202875137 0.4766161143779755 2.101648971438408 0 0 0 0 0.2978896796703339 0 0 0.3920280933380127 0.9385006576776505 0 1.015425324440002 0.2084232270717621 1.124880790710449 2.493484392762184 2.079091995954514 2.389376252889633 1.268340915441513 0 0 0 4.737841352820396 0 8.395779237151146 7.780895672738552 2.606120489537716 0 0.1648031771183014 0 0.5396021455526352 0 0.4228482842445374 0 2.632797181606293 4.437025062739849 0 0 0.1928701400756836 2.512309730052948 0.2347636818885803 0.4132705330848694 0.2856014668941498 0 0 0 0 0 0.303520143032074 10.26344971358776 0 0.3819896876811981 0.5928150415420532 0.2272164076566696 1.117083497345448 0.5182557851076126 0.1010736972093582 0.2043821737170219 0.8387742787599564 14.42745333909988 1.542112857103348 0 0.4265562295913696 1.048425823450089 24.99027681350708 3.373249292373657 7.550672814249992 1.941429384052753 1.062588781118393 2.333198338747025 1.860745042562485 0.7762562334537506 0.6917229369282722 0.09708204120397568 0 0 0.9132507219910622 0.106356255710125 0 0.3385672122240067 17.86939667165279 9.911215364933014 4.109233319759369 392.244880490005 62.93114093691111 761.957875944674 154.1760603561997 80.04678281396627 50.69254714995623 14.34315070509911 174.289371073246 15.10990931838751 10.21333182603121 7.66071717441082 0.7540182918310165 5.114347234368324 0.4102697521448135 0 1.833934582769871 3.327817052602768 0.5063036605715752
50.66176660358906 10.65559636056423 3.213801443576813 192.9608675092459 176.3374215066433 207.8590797930956 281.1734131649137 0.3076741695404053 105.7986752837896 1536.714817151427 15.14210064709187 0 867.4741978645325 135.4384264349937 20.03507566452026 19.01305805146694 0.5833883583545685 0.6662026047706604 0 0 0.6322264075279236 9.044213399291039 0 1.056980133056641 25.35476930439472 0.5872362852096558 0 1.044969767332077 0.4029054939746857 0 20.12075740098953 10.75190177559853 78.75859101116657 0 2.113072961568832 2.658203035593033 136.4148996472359 13.27408537268639 19.75156760215759 6.563407093286514 0.2485704272985458 0 0 5.075774624943733 0 0.8653743118047714 47.15384455770254 1.070603288710117 0 0 0 9.606294125318527 7.209616675972939 2.580004334449768 1.420159362256527 4.446810819208622 26.52035729587078 35.8627997636795 0.282828152179718 3.291499629616737 1.203732073307037 1.890334695577621 0.2981202006340027 26.12796421349049 1.869461588561535 3.459474839270115 2.118311487138271 0.573314294219017 0.1125424951314926 2.276338949799538 630.0668193548918 73.2298559397459 0.3814423382282257 16.38886521756649 24.23498347401619 23.39288441091776 59.01190895587206 16.02917429059744 0 30.5511239618063 3.133154809474945 0 8.35340479016304 0.4566184356808662 4.192499577999115 4.517019420862198 1.364594362676144 0.8530173301696777 0.723322406411171 0 0.8224935084581375 0.1335114240646362 0 2.565926983952522 0.578193187713623 1859.143593966961 114.1607596278191 59.04752933979034 15.61691677570343 199.3309621959925 0 1.723891198635101 14.32133139669895 2.155452564358711 3.052997216582298 135.1252986043692 2.780836790800095 99.98388016223907 18.61254295706749 55.43534071743488 2.315755069255829 131.9302014410496 68.18797378242016 91.87992441654205 23.96898981928825 0.5946933925151825 0.6610990911722183 0 0 0 0 0 0 0 0 0.3455706834793091 0 0 0.2343973815441132 0 0 0 0.305262416601181 0 1.665803194046021 1.304315224289894 0 0 0 11.15737959742546 0 12.25054858624935 4.47424441576004 1.348031029105186 0 0 0 0.8126501441001892 0.8698950707912445 0.4432104676961899 0 4.571246296167374 5.379221454262733 0 1.175294399261475 0 0.3211627602577209 0.3456459939479828 0 0.8190850466489792 0 0 0.6549399644136429 0.2083903849124908 0 0 16.39915619790554 0 2.565075546503067 0 0.1759830862283707 0.2047077417373657 0.7970307618379593 0 0 0.1264885365962982 20.25647613406181 2.576838701963425 0 0 0.2641201391816139 52.50856164097786 2.596173658967018 11.37359255552292 1.672617182135582 2.821724951267242 5.390215739607811 1.227496266365051 0.308830127120018 0.9062087014317513 0.1953107863664627 0 0 0 0 0 0 77.59100235998631 14.37148420512676 6.920496493577957 148.2482158243656 5.712052062153816 124.7148273587227 24.19314160943031 199.9339628741145 9.204231463372707 1.309990495443344 31.96957907825708 6.99122579395771 1.285706929862499 9.781413249671459 0.2808589786291122 21.00827270746231 0.2692284286022186 0.3420396894216537 1.278472632169724 0.3893142640590668 0
548.6789988204837 521.1577987745404 217.5540672466159 3168.261035114527 431.6616869270802 402.0757578611374 5144.388210900128 105.3633729368448 2589.722138084471 7045.809955216944 723.5186451300979 867.4741978645325 0 5538.787313677371 143.2785584628582 99.22640811651945 6.863345101475716 0 0.5242208987474442 0 3.900467738509178 26.11412867903709 2.900933533906937 8.558148294687271 129.5861000865698 1.012633100152016 1.963025331497192 4.161985665559769 3.629108011722565 0 168.8157282918692 45.30642237514257 992.0095727518201 0.9991725385189056 7.860548555850983 15.60166963934898 424.5676091313362 150.3287697434425 121.0447053611279 170.428056076169 9.49375194311142 3.264790818095207 0.2961543798446655 31.29522455483675 0.2631159722805023 2.132267221808434 288.4911774173379 10.63454183936119 0.431728258728981 0.7117693945765495 1.201126448810101 10.08381539583206 28.08914777636528 14.50684170424938 4.988044410943985 15.55169262737036 53.97481894493103 146.2185011655092 1.149608314037323 40.70251214504242 7.659401550889015 29.80310218036175 8.063515335321426 128.2520371302962 13.87040493637323 12.93850941956043 7.5076949223876 2.65725988894701 0.8425303474068642 9.303821235895157 830.7308081835508 170.6918174177408 0.1125871911644936 73.97707690298557 95.49298457056284 147.4287743195891 394.953537940979 130.6845167130232 3.581249058246613 236.2173725143075 12.5078564286232 13.13351107388735 39.46823735535145 1.093525558710098 21.00180073082447 28.18861586600542 8.010711051523685 1.013538062572479 5.933399356901646 0.1929645538330078 1.95833382755518 1.366024486720562 4.731264844536781 16.65775720030069 4.083870872855186 4541.012015908957 63.89918418228626 9.92404904961586 11.15702972561121 359.4586196541786 1.196416839957237 3.991077825427055 57.35702399909496 10.81152977049351 7.466325312852859 440.0390165448189 10.50256338715553 336.8299019932747 63.6332878023386 172.0898450165987 7.57839660346508 511.3208213597536 296.036814764142 332.6898217573762 126.0366599559784 5.090610198676586 2.347738198935986 0.1848342567682266 1.454335168004036 0 0 0.3325348198413849 0 0.1845563799142838 0.3110062181949615 0.2973402738571167 0.1439060866832733 1.336206704378128 0.4638308733701706 1.170681923627853 1.708015903830528 0.3216686248779297 1.6799306422472 0.5674242228269577 4.421931266784668 6.797684207558632 0.1303534060716629 0.5264313668012619 0.8021375983953476 40.11798316240311 0 50.17044395208359 27.50910161435604 7.079602554440498 0 0 0.4433314651250839 2.8195641040802 0.9456343501806259 2.56392365694046 0 12.69312886148691 34.78464087098837 2.232840448617935 1.984983325004578 0 2.890707269310951 1.683725818991661 0.6022402793169022 3.664037093520164 0 0 4.708295851945877 0.2327023297548294 3.496105715632439 0.292363703250885 91.15849286317825 2.814186587929726 5.617080219089985 2.181282877922058 1.326486773788929 1.327824085950851 2.602981619536877 0 0.299080602824688 1.003886304795742 118.7187859863043 11.44574068486691 0 0.2455731630325317 3.165232248604298 233.8273463100195 13.45917245745659 49.3464064002037 7.940801873803139 8.820892170071602 19.57895419001579 4.875982195138931 3.325936704874039 4.177518904209137 0 0.1755644083023071 0 2.518330223858356 0.3935428336262703 0 0.3224854320287704 231.48036660254 54.68560913205147 31.41439841687679 638.3053406700492 70.56985758990049 608.1138881146908 144.9126111492515 453.542935281992 49.73176122456789 10.31587991863489 232.3596480339766 38.65426052361727 24.61805590987206 42.50434701889753 2.82282730191946 64.5910474434495 0.2951496839523315 0 6.345842882990837 9.206237152218819 1.421638116240501
