0 1356.974845662713 280.66963326931 2097.961516097188 421.429903075099 79.9583892673254 191.1842914074659 142.5178307592869 139.4699029251933 2848.141124419868 404.4942331910133 108.4063070416451 92.21455036848783 66.12743400037289 3.201118342578411 2.303457483649254 0 0 0 0.1765473335981369 1.651216506958008 0 0.2412157207727432 0.1887454837560654 0 0.2463493049144745 0 0 0 0 331.6638474166393 8.811230719089508 15.67002091556787 0.1405257731676102 0.2557166814804077 0 7.874879196286201 0 0.1801468133926392 0.7596298456192017 0 0.7164805680513382 0.8787419199943542 0.7941929847002029 0 0.4416951388120651 11.60172165185213 1.807125635445118 0 0.6877708286046982 1.17271825671196 0.1681303530931473 0 0 1.409151151776314 1.53347397595644 317.0029640346766 1206.359201803803 91.73554690927267 11.89460256695747 0 1.56719708442688 0 5.496553674340248 2.575777888298035 1.987841993570328 0.8526808023452759 0.7140214964747429 0.1399222761392593 1.770322576165199 23.53105148673058 0 0 276.3363925144076 92.66754697263241 14.14913669973612 8.648635819554329 4.008254542946815 0.4097267836332321 27.20052260160446 0.6312936395406723 0.6382744610309601 7.896220490336418 0 4.581230856478214 4.01280752569437 2.307656899094582 0 0 0 0.1362116038799286 0.1482387036085129 1.211016252636909 0.1291962265968323 0.1595130860805511 44.87520404160023 1.254084706306458 0.4218366146087646 0 973.1917196661234 0 7.455781891942024 6.39739890396595 6.154933407902718 0.2749379873275757 18.82290302217007 4.330117449164391 7.785198867321014 14.91429163515568 26.8408263027668 0.1855552196502686 18.42173011600971 13.31648120284081 13.21949297189713 3.525342360138893 0 0.40738745033741 0 0 0 0 0 0 0 0 0 0 0 0 0 0 0 0.1747448742389679 0 1.436059057712555 0.8063375949859619 0 0 0 4.891505852341652 0 4.310404703021049 0.2956871092319489 0 0.2271558493375778 0 0 0 0 0 0 0.1664465963840485 0.9885665327310562 0 0 0 0 0.4785350263118744 0 0.484863668680191 0.08208787441253662 0.5775243937969208 1.364274322986603 0.9606452137231827 0 0 1.887168437242508 0 0.2735800743103027 0 0 0 0 0 0 0 5.749192014336586 0.5892887115478516 0 0 0 0 0 0.2739296853542328 1.499621540307999 0.3789024353027344 2.251635119318962 0.4832964539527893 0.3875850737094879 0 0 0 0 0 0 0 0 9.930878266692162 0.267133891582489 0.9489932656288147 186.1345614343882 6.368841871619225 47.98147436231375 9.445476584136486 972.7358405888081 2.491856902837753 1.142095357179642 9.216919250786304 5.095094718039036 0.2202970236539841 5.195628866553307 0.8140013664960861 23.64287489652634 0 0 0 0.7844270616769791 0
1356.974845662713 0 1276.566313013434 1390.354043126106 5791.408199861646 113.4049576818943 3926.470107167959 472.5780980288982 6561.979420639575 1278.192176818848 3822.640051238239 44.26489251852036 342.0129592344165 771.5245574116707 13.79271578043699 6.064410105347633 0.3258665502071381 0 0.1023014262318611 0.3057543039321899 3.484600566327572 0 1.345931977033615 0.4744172096252441 0.2028818726539612 0.2984402775764465 0.1121124029159546 0.1798357665538788 0.2169526368379593 0.134254515171051 1779.359469123185 39.19561739265919 26.79892525076866 0.4017617255449295 0 0.2493013739585876 19.84516214579344 2.783432573080063 0.3235805481672287 0.8542598783969879 2.413364499807358 1.05107744038105 1.156487315893173 2.193048536777496 0.6312403976917267 0.1852519512176514 67.81803142279387 9.989844359457493 0.1506740897893906 1.830339908599854 2.372453786432743 0.2646918445825577 0.1469602435827255 0.4365730732679367 5.95810092240572 4.458396323025227 110.675937846303 658.2652802988887 38.65780489891768 43.10545732825994 1.043812140822411 6.455149725079536 0.2122404128313065 57.15946405380964 8.502706982195377 11.50002387166023 1.735222101211548 2.599120832979679 2.650059022009373 3.040812149643898 17.12483495473862 1.18281851708889 0 338.5876595377922 195.5048501417041 89.6553416326642 37.36702560633421 16.77599991858006 2.586737722158432 64.74267957359552 1.166673094034195 7.402189493179321 15.21225427091122 0.4271956458687782 20.21208419650793 13.48587007820606 11.25711930543184 0 1.251970574259758 0.2919541597366333 1.008379124104977 0.58408522605896 2.306124463677406 0.3779876679182053 0.8298423662781715 43.3203130364418 7.640183091163635 0 0.608052670955658 741.3119479417801 0 10.03991743922234 5.547590091824532 8.985497713088989 1.493093326687813 48.6620758920908 9.839888736605644 19.06184655427933 27.16104176640511 40.50442646443844 3.275309532880783 56.30735404789448 46.41406135261059 40.03063929080963 13.28125405311584 0.4616648107767105 0.6924899071455002 0 0 0.2512243092060089 0 0 0 0 0 0 0 0 0 0 0 0 0 0 0.2055268883705139 0 0 0 0 19.25814661383629 0.3778126239776611 11.27090480923653 2.355282634496689 0 0 0 0.1653579473495483 0 0 0.4221767038106918 0 0.3457819521427155 3.017613105475903 0 0 0 0.2902840375900269 0.5343284755945206 0 0.2914188802242279 0 0.2452013492584229 2.298832446336746 0.2776724100112915 0.2125071287155151 0.855587899684906 13.6621905118227 1.778227269649506 1.009672999382019 0.3580829501152039 0.2180173695087433 0.1646222174167633 0 0 0.1143281832337379 0.3248096257448196 28.70952923595905 1.063225030899048 0 0.1222649812698364 0.2458061575889587 2.392414480447769 0 3.298501014709473 1.041640639305115 2.359393775463104 7.430375799536705 5.555949434638023 1.587742336094379 0.1144769415259361 0.2287056893110275 0 0.1107966676354408 0.4785365015268326 0.2011836469173431 0.1461713314056396 0 18.95115004479885 3.245384722948074 2.414637789130211 195.5368906185031 32.92996206134558 226.61243724823 38.85119314491749 699.1787583827972 13.97413250803947 4.879111416637897 24.71867876499891 11.79366733133793 1.400163516402245 12.26226975023746 1.30946584045887 24.56226176023483 0.6765981018543243 0 2.076870426535606 1.601467967033386 0
280.66963326931 1276.566313013434 0 3.661390013992786 1173.259402051568 2.502094730734825 18.79364713281393 1734.35442814976 115.1656387746334 6.280648522078991 2169.544523246586 0 8.739222623407841 83.73518458753824 7.987999677658081 5.996983237564564 1.17465429008007 10.22575728595257 0.3858701288700104 46.75051635503769 97.00426198542118 0 6.500448793172836 4.75992476940155 0.1282278895378113 0.8724267184734344 0.2588196694850922 0.2211678177118301 0 0 8471.5381706357 882.0195228084922 8.210945799946785 5.338617518544197 1.055813401937485 0.9705073237419128 0.8905074745416641 0.6557153612375259 0.442104384303093 0.5305319279432297 15.76134063303471 16.34601482748985 75.1795646250248 9.075634405016899 7.063603892922401 2.653648123145103 45.31717571616173 6.701058685779572 4.038710653781891 39.00408661365509 4.415545620024204 0.7667536437511444 0 2.21225780248642 3.479690864682198 1.741785511374474 81.36474987864494 1239.153286203742 32.1366353854537 28.93310895562172 14.49386249482632 3.472504585981369 1.845742017030716 131.8008480370045 2.679627418518066 23.07933984696865 9.931811526417732 25.69031073898077 130.6337720677257 49.00097690522671 0.1886101216077805 0 0.1084602400660515 255.5331403911114 184.9601488187909 65.88908135145903 34.07633078098297 26.03632916510105 71.0924766138196 748.9336793646216 73.35832869261503 398.0279154554009 8.824457265436649 0.5257829651236534 12.8505973815918 9.985826693475246 78.36753598600626 0 1.30740313231945 0.2398637905716896 0.8489087745547295 0.8177907317876816 63.56000857055187 3.696136720478535 3.890586957335472 0 0.5159567147493362 0 0 332.932226806879 0 0 0 0.1609683483839035 0 0.7489297091960907 0.2443621903657913 0.5749889612197876 1.570067524909973 0.6646856367588043 0 1.686977997422218 1.54845067858696 0.3135261833667755 0 0.163907065987587 0 0 0 0 0 0 0 0 0.3149464428424835 0 0 0 0 0 0 0.4886640906333923 0 0 0 0 0 0 0 1.718010470271111 0.4836128354072571 0.8170351088047028 0.2376229166984558 0 0.8670065850019455 0.6378860175609589 0.3552508950233459 0 0 0 0 0 0 0 0.5517620444297791 0.1812798678874969 0.3009175658226013 4.408156022429466 0.2694501280784607 0 0.1307774484157562 0 0.298365592956543 0 0.1694135069847107 0.2268879115581512 0 0 0 0.09617637097835541 0 0.1556084007024765 0 0 0 0.8576303124427795 0.6173992305994034 0 0 0.1735797673463821 0.4259618818759918 0 0 0 0 0 0 0 0 0 0 0.1227967664599419 0 0.5066467598080635 0 0 0 0.4332907944917679 0.1234751343727112 0.5703709572553635 54.11734348535538 22.20444171130657 106.7549351379275 18.37257692217827 53.80673571676016 5.189016409218311 2.235503166913986 11.66993077844381 0.6557783558964729 0.4423225149512291 1.865803331136703 0.1414724737405777 0.9396084845066071 0 0 0.6916542649269104 0.2774650156497955 0.5404496788978577
2097.961516097188 1390.354043126106 3.661390013992786 0 43.0959240347147 266.8131114840508 705.2347148954868 0.3753713592886925 251.5022270530462 5300.926213741302 8.466425620019436 390.6406825482845 1598.928884193301 442.723108895123 2.370009213685989 0.195454865694046 0 0 0.1547516137361526 0 0 0 0 0 0.2709391415119171 0 0.1136281341314316 0 0 0.142068162560463 60.00066384673119 3.331101015210152 20.36368928849697 0 0 0.2105356007814407 10.01569095999002 0.5814338326454163 0.1405906826257706 0.4726268276572227 0 0.1843246817588806 0 0.2156047224998474 0 0.1845432668924332 24.07208482921124 5.981606148183346 0 0 2.200789988040924 0 0 0 4.36797409504652 3.379118554294109 78.09504887461662 305.2654451653361 26.83144987374544 17.40015494078398 0.6398920938372612 2.489479959011078 0.1907474994659424 8.006321489810944 4.232177652418613 4.73032246530056 2.321875557303429 1.281183399260044 0 0 146.3421018272638 3.133649840950966 0 223.1936353966594 121.5825893953443 20.78054554760456 1.677121892571449 0.5321065038442612 0 8.604512609541416 0 0.4634346812963486 13.59907326847315 0.3229309543967247 12.83817782998085 7.777248375117779 6.184413753449917 0 2.209342069923878 0.1524412333965302 0.2755276188254356 0.2605288624763489 0.1440109014511108 0.634308397769928 0 96.41788269579411 26.90684872865677 0 0 417.719195663929 0.8433821797370911 17.80268463492393 11.03814074397087 13.50828556716442 0.6683394908905029 51.9481440782547 19.2287664860487 26.64462403953075 41.51561695337296 61.23658284544945 1.850460588932037 64.83743278682232 61.92811812460423 50.8617295473814 16.16925810277462 0.3516778647899628 0.4437001645565033 0 0 0 0 0 0 0 0.1516760438680649 0 0 0 0 0 0 0 0.2435091584920883 0 1.100061163306236 0 0.3375224471092224 0 0 11.08048012852669 0 9.727453783154488 0.726849228143692 0 0 0 0 0 0 0.5136447548866272 0 1.016524031758308 2.736945137381554 0.3163288235664368 0.3007832169532776 0 0 0 0.2668522894382477 0 0.2804208323359489 0.3480679988861084 2.856726557016373 0.2837571203708649 0 0.5772505402565002 9.702587604522705 0.6148909479379654 0.6524716168642044 0.2889695167541504 0 0.3953876495361328 0 0 0 0 21.88602668046951 0 0 0 0 1.204844981431961 0 1.557775318622589 1.873549118638039 4.208362340927124 5.336005210876465 2.065674051642418 0.8981779962778091 0 0 0.139001876115799 0 0.3859428912401199 0 0 0 26.90619190037251 0.7312900722026825 3.305735602974892 88.90112248808146 14.51314847171307 96.4944884032011 12.80744161456823 802.3165813088417 3.295601382851601 2.065663360059261 7.661516308784485 12.74194690585136 0.8509429320693016 11.96304063498974 2.119487464427948 31.16958229243755 1.485026448965073 0 2.262494683265686 0.4046192467212677 0.2890973091125488
421.429903075099 5791.408199861646 1173.259402051568 43.0959240347147 0 15.39121086895466 450.5859262347221 129.4981766492128 2697.849761448801 158.2003344669938 3228.812494181097 81.36147254705429 156.7722411602736 376.666706956923 13.4063156619668 3.697639212012291 0.2507815659046173 0 0 0 0.9353245496749878 0 0 0.2599822878837585 0 0.4429601430892944 0.1284280866384506 0 0 0.2454587146639824 588.8653192743659 70.06182013452053 27.30732947587967 0 0 0 17.39443564414978 0.65740717202425 2.110928684473038 0.8571174889802933 0 1.391036659479141 0.5197227001190186 3.512194111943245 0.2630555033683777 0 105.472492814064 11.5113563016057 0 2.046319156885147 4.409952059388161 0.1371405869722366 0.1955694109201431 0 5.82058422267437 6.953035369515419 35.45859753340483 258.6743408814073 17.44894563406706 55.33471380919218 1.981743015348911 8.406083829700947 0 106.5702487975359 7.365546196699142 9.451378650963306 3.608328424394131 2.169029802083969 2.304407477378845 1.636245340108871 44.62659730017185 0.9168690890073776 0.1380545943975449 230.3420720621943 203.7593353167176 142.7811951562762 48.74889770895243 7.506411343812943 1.827303647994995 30.98092748969793 2.409589216113091 7.308550804853439 14.12327240407467 0.2924956232309341 21.39487698674202 13.30103187263012 9.675179056823254 0 3.193131171166897 0.2345801219344139 1.974514417350292 1.092384323477745 1.18442552536726 0.5787058249115944 0.7216395437717438 49.15693698823452 4.765287578105927 0 0.7753171473741531 128.9222841784358 0.8366444706916809 2.412242442369461 3.076615273952484 6.898058965802193 0.2978784739971161 33.15210552513599 5.139972701668739 19.2168015986681 21.23762400448322 29.09254619479179 3.665847331285477 52.96246774494648 40.26877894997597 38.08048272132874 19.77065360546112 1.280484944581985 0.5302519202232361 0 0.1803507506847382 0 0 0 0 0 0 0 0 0 0 0 0 0.346345454454422 0 0 0.6039728224277496 0 0 0 0 15.93802143633366 0 18.47392053902149 0.5780123174190521 0 0.2646248042583466 0 0 0 0.6797812134027481 0.7161230891942978 0 2.423379108309746 3.286957696080208 0.1847075372934341 0 0 0 0.4814804643392563 0.5955324172973633 0.8776490688323975 0 0.6965186595916748 2.598523452877998 0 0.7526311427354813 0.474682092666626 20.57062017917633 2.412898242473602 0.1623231172561646 0.434309184551239 0.1001478135585785 0 0 0 0 0 27.44723971188068 0.3762718737125397 0 0 0 4.455065667629242 1.023112893104553 2.141094952821732 2.572096049785614 3.899232745170593 8.252078279852867 4.786029309034348 1.461501389741898 0 0 0 0 0.8380732834339142 0.1120064929127693 0 0 19.69912812113762 5.138734430074692 5.667418941855431 168.2798383980989 40.21391031891108 241.1430096998811 39.81699487566948 142.6845899298787 17.25333229452372 4.409658171236515 23.57475478202105 11.88529467582703 0.5564041063189507 15.5669257491827 3.265824481844902 10.39169362187386 2.316682711243629 0 0.9966349899768829 1.111711859703064 0
79.9583892673254 113.4049576818943 2.502094730734825 266.8131114840508 15.39121086895466 0 33.85943455994129 4.153980672359467 21.56867595016956 1439.327642217278 18.78085921704769 223.0161996334791 114.6144058704376 58.47267144918442 2.161146268248558 1.536293148994446 0.1295970529317856 0 0 0.2146632969379425 0 0.3594592660665512 0 0 0 0 0 0.2247401773929596 0 0 0.1520976424217224 0 117.6219356060028 0 0 0 210.4778375923634 7.27502167224884 10.46663892269135 1.125442817807198 0 0 0 0.1597095131874084 0 0 2.864548020064831 0 0 0 1.182435154914856 70.49984037876129 0.2194114476442337 0.368777722120285 0 1.151142805814743 286.915947958827 55.77338948845863 23.46042820811272 0.8100615739822388 0.260924220085144 24.49562342464924 0 1.290619015693665 0 0.5356050506234169 0.4518131911754608 1.50598318874836 1.344648391008377 0 278.4150593727827 421.9755267351866 20.13699573278427 14.08130922913551 2.186374090611935 1.943917036056519 0.9852994382381439 0.4334133416414261 0 9.871909916400909 0.4590446054935455 1.49412938952446 1.336472764611244 2.868446156382561 0.1213328316807747 0.7812496200203896 0.3485884070396423 18.48746436834335 9.366377651691437 49.62868541479111 2.249115332961082 10.03201928734779 0.1691175252199173 0 0.4359936565160751 208.7203666716814 135.3614329397678 34.2932049036026 30.68523201346397 382.1498467177153 0 0.3746731281280518 1.113682985305786 0.9582019746303558 0 8.086571872234344 2.793352574110031 1.892165213823318 3.64489720761776 4.123379752039909 0 7.811845004558563 4.869543507695198 10.01248659193516 1.407569363713264 1.335332870483398 0.3828031420707703 0 0 0 0 0.2547806203365326 0 0 0 0 0 0 0 0.1340640485286713 0.3901844322681427 0 0 0 0 0 0 0 0 7.239101380109787 0 6.532785549759865 1.786763817071915 0.26926189661026 0 0 0 0 0 0 0 0.1548266112804413 0.9608081132173538 0 0.2510256767272949 0.1900596767663956 1.857603400945663 0 0 0 0 0.9527881741523743 0.4945855438709259 0 0.1946253031492233 0 5.666820555925369 0 0.5658965110778809 0.5273030400276184 0 0 0 0 0.1861801743507385 0 7.056013613939285 6.597263246774673 0 0 0.4169815480709076 0 0 1.673610150814056 1.021552324295044 1.133280634880066 0.6723808795213699 1.279315590858459 0.198907196521759 0 0.2218011319637299 0 0 0.1899539232254028 0.1495810300111771 0 0 2.270252972841263 9.829064100980759 7.365541398525238 12.59530276060104 1.973653644323349 8.401755198836327 3.74833295494318 203.1664234548807 2.028618767857552 1.018806919455528 2.017209127545357 3.663512080907822 0.7976820766925812 3.673280403017998 1.195156648755074 3.271031081676483 0.5147551298141479 0 0 0.1497637331485748 0
191.1842914074659 3926.470107167959 18.79364713281393 705.2347148954868 450.5859262347221 33.85943455994129 0 9.41693152487278 1358.06033731997 754.0520287081599 36.56695395708084 131.0600200146437 1865.72614222765 2124.948212750256 21.93413988500834 2.096185117959976 1.619179703295231 0.1300002485513687 0.2934491485357285 0.690096490085125 0.4411333650350571 0 0.3564775437116623 0 1.032651171088219 0.2857503443956375 0 0 0 0.4101464375853539 272.0214119032025 62.96938964724541 32.70214825123549 0.154351145029068 0 0.9313123524188995 27.12041485309601 2.875433564186096 2.344933047890663 1.856978096067905 0 0.8233138173818588 0.5396531820297241 1.643942430615425 0.4395408928394318 0.7278826758265495 198.0984802991152 27.98162996768951 1.325128674507141 0.3694974333047867 5.375859431922436 0.9639323651790619 0 1.332221299409866 12.18887183815241 11.14026536792517 72.10206416249275 480.6033305972815 44.85149990767241 121.1869418099523 2.793351791799068 11.62117654085159 0.4886640608310699 175.2017123997211 17.16201327741146 27.27144759893417 10.86144754290581 6.203474327921867 3.294913418591022 0.2958356291055679 49.79171124845743 2.29174630343914 0 594.8192903921008 448.2374368235469 281.6591448932886 64.79028251767159 7.014301165938377 2.287020154297352 22.04805901646614 3.860894255340099 13.95500052720308 33.91986372321844 0.4439741522073746 51.50674761086702 33.04064571112394 25.77855472266674 0.459557443857193 5.275311700999737 0.4675113558769226 2.045244887471199 1.064788900315762 1.783551752567291 1.003825694322586 1.273550420999527 78.58476427197456 14.93713579326868 0 1.346949361264706 98.35853772610426 1.568933807313442 10.65528143942356 13.28671909868717 7.98091684281826 0.7968541085720062 68.29398168623447 19.00348724424839 31.43817089498043 44.43909639120102 58.77787213027477 4.705577000975609 87.79982475936413 79.30033604800701 75.01504442095757 24.26943122595549 0.7613943964242935 1.502383887767792 0 0 0 0 0 0 0 0 0.176353320479393 0 0 0 0 0 0 0 0 0.5734845548868179 0.2015161067247391 0 0 0.7738964557647705 30.61888905614614 0 23.08410432934761 2.050331450998783 0 0 0 0 0.1617055833339691 0.5405576527118683 0.4250346720218658 0 1.933137938380241 3.57997952401638 0.1412550806999207 0 0 0.1496620625257492 0.1712962687015533 0 0 0 1.565463453531265 2.754209250211716 0.2454342246055603 0.1818460375070572 0.6089177429676056 24.96111579239368 0.6572389900684357 0.7280469983816147 0.7009580433368683 0.1488117575645447 0.5984537228941917 0 0.2481192797422409 0.09668799489736557 0 43.02161905169487 1.025071263313293 0 0.432380348443985 0 3.351716488599777 0.6290125846862793 4.182336509227753 4.754871055483818 3.526622474193573 9.330744229257107 5.33786153793335 1.689304128289223 0.3873157799243927 0.3398202955722809 0 0 2.083862073719501 0.8464565798640251 0.1155546084046364 0 26.77992680668831 6.268009707331657 8.667974025011063 364.6528139263391 83.5750220194459 590.5278131514788 86.47368804365396 333.3000973686576 35.83664303272963 7.312415242195129 55.41902190446854 18.69643684476614 0.6331522762775421 25.72425070405006 4.03033347427845 35.11873540282249 0.9053186029195786 0 4.293927565217018 1.141295835375786 0.1325455904006958
142.5178307592869 472.5780980288982 1734.35442814976 0.3753713592886925 129.4981766492128 4.153980672359467 9.41693152487278 0 246.2304543554783 4.753355123102665 1924.365916863084 0.7868849784135818 17.175188601017 238.3195823654532 34.89374279975891 20.18476451188326 5.159581258893013 22.66743618249893 0.5932665318250656 100.7194418907166 218.896610789001 0 17.57661758363247 12.89689782261848 1.262144461274147 1.052392274141312 4.586487799882889 0.8492486774921417 0.7312049865722656 0.4619024097919464 1501.385588668287 1750.365044414997 39.59053847938776 20.76254524290562 5.45658466219902 0.6754894107580185 8.043462835252285 3.321010172367096 0.1845323145389557 1.174578912556171 33.55020895600319 26.61696682870388 141.5309372991323 18.78081232309341 20.03366772085428 7.445708453655243 105.3926124498248 12.00327630341053 7.227135181427002 91.42274132370949 5.692631602287292 0.6460545063018799 0 3.933936148881912 5.895062349736691 2.941969364881516 30.85770106315613 364.4562536105514 12.41970264911652 54.43556556850672 51.85061543434858 8.565816730260849 1.248549297451973 453.299528837204 5.950107768177986 35.24286364763975 15.43934721499681 40.0094802826643 199.5798385366797 95.07249222695827 0.1209803149104118 0.339648962020874 0.7155592441558838 212.4160869792104 211.278758995235 185.3632321879268 169.2889936938882 433.7566365450621 1119.822329163551 4940.54177544266 207.89814889431 1161.139187596738 9.543348141014576 0.485057033598423 15.58922235667706 12.42692087590694 161.1186927556992 0.2767790779471397 2.762349531054497 0.2538693696260452 1.6690868511796 1.242042794823647 100.456414334476 3.719195626676083 4.846864029765129 1.985097959637642 0 0 0 115.8320125937462 0.9160013198852539 0.6125496476888657 0.362112283706665 0.6051486283540726 0 1.394362643361092 0.9747454971075058 0.6230765879154205 1.109241902828217 1.606454432010651 0 1.595201328396797 0.4739930629730225 0.2724829316139221 1.281946636736393 0.1883524507284164 0 0 0 0.4629185199737549 0 0.7431506812572479 0 0 0.2061245292425156 0 0 0 0 0 0 0 0.4136649370193481 0 0 0 0.1217285692691803 0 0 0.6906316876411438 0 1.434485614299774 0.1554654836654663 0.3808866739273071 1.452067703008652 0.8913149237632751 0.3445202112197876 0 0 0 1.444698169827461 0.3745030164718628 0.419550746679306 0 0 0.5415176749229431 0.4864406436681747 5.432399988174438 0 0 0.08899163454771042 0 0 0 1.45631992816925 0.4420623332262039 1.097916722297668 0 0 0 0 0.154000535607338 0 0 0 0.5078877210617065 1.210907578468323 0 0 0 1.67011533677578 0 0 0.7381500601768494 0 0.3260818272829056 0 0.4769439697265625 0 0 0 0 0 0.6647045463323593 0.1201271936297417 0.3450868129730225 0 1.982678979635239 0.4828641712665558 1.203532963991165 136.7887784913182 51.93188143521547 232.6592070907354 44.9780101403594 49.94325240701437 14.41242269426584 3.307049639523029 31.40343954414129 1.155559957027435 1.221258610486984 1.512259542942047 0.5171002075076103 0.7446701675653458 0 0 0.413916140794754 0.8541525453329086 0
139.4699029251933 6561.979420639575 115.1656387746334 251.5022270530462 2697.849761448801 21.56867595016956 1358.06033731997 246.2304543554783 0 510.9718614518642 4123.585387274623 208.3224152252078 1914.532035022974 2295.150857001543 63.11047289520502 17.30024275928736 1.469216056168079 0.1135096251964569 0.5184518918395042 2.348607875406742 8.423277355730534 0 2.673581466078758 2.210885539650917 1.396705240011215 1.478583581745625 0.4982109218835831 0.7995847761631012 0.4453318640589714 0.1188795566558838 291.3092908859253 172.9601460844278 161.988570317626 0.4644757360219955 0 0.7493884861469269 178.5299557298422 4.130788296461105 2.192363776266575 2.914781726896763 1.735640577971935 4.251508131623268 4.449057221412659 8.230567038059235 1.734673425555229 0.8217265158891678 310.4587671235204 22.7684583440423 1.861218959093094 6.26668793708086 7.950626254081726 0.8929478526115417 0.4298305064439774 1.602735698223114 11.26007691025734 9.894602201879025 39.67354901880026 317.4547362029552 24.98991373926401 161.8441835194826 5.074569292366505 16.64214991033077 0.1797189712524414 405.7662968337536 12.72702319175005 22.43556451052427 8.422061361372471 6.077791519463062 10.01642500609159 6.381219960749149 114.9471521601081 13.22568605095148 0.8689722418785095 492.7559673041105 401.1431957110763 505.3472977355123 238.2229606583714 51.47498046606779 12.5225188434124 133.779252551496 7.166337393224239 25.05197159200907 23.19543284922838 0.7669664099812508 36.6077468842268 27.14356961846352 25.25076446682215 0.8476170152425766 4.828973293304443 0.4283301010727882 2.606457576155663 2.435713462531567 6.453005261719227 1.581715181469917 1.751071132719517 219.9306447654963 15.95931324362755 0 2.742312654852867 54.07122542709112 1.732889696955681 27.31558784842491 22.75719723105431 19.78303009271622 4.967672064900398 173.3007139340043 30.55090367794037 89.70330545306206 98.00975170731544 143.2469180226326 9.448432087898254 254.0076277405024 201.6289486140013 210.1177307367325 76.80837093293667 2.231895454227924 4.976647570729256 0 0.1592282950878143 0 0.1425215005874634 0 0 0 0 0 0 0.2805974185466766 0 0 0 0 0.766150563955307 0 4.100928366184235 0.4090842455625534 0.3389438986778259 0 0 105.3536501005292 0 66.69850993901491 6.095832645893097 0.1933482885360718 0.2823403626680374 0.195747122168541 0 0.4803687483072281 1.32890510559082 1.571702972054482 0 5.28759928047657 21.78154566138983 1.107486493885517 0.2172499597072601 0 0.3534455001354218 0.8255857676267624 0 0.5076109170913696 0.5121137052774429 3.215918958187103 11.87334953993559 0.2335937470197678 1.425056204199791 0.7818704396486282 81.27678617835045 7.073746517300606 2.737031921744347 1.185805901885033 0.3304998651146889 0 0 0.1085208728909492 0.3828430026769638 0.4793749749660492 143.0089048743248 1.724669829010963 0.220937043428421 0.3038206845521927 0.7199427485466003 16.42226466536522 1.695377841591835 15.08366915583611 14.73263904452324 14.16654351353645 39.61112431436777 23.95082733035088 3.235237136483192 1.363253049552441 0.1712118983268738 0.5223367437720299 0.1043962985277176 1.728624396026134 0.1111733838915825 0.1126260980963707 0 79.36150215566158 28.16554856300354 25.329884365201 618.9976793304086 118.2201765924692 760.191381148994 166.7146931812167 141.2945746183395 63.8088518679142 12.77289745211601 128.1751321330667 50.02848768234253 5.873061396181583 86.08667877316475 10.44816416501999 38.25827026367188 4.485787630081177 0.2217063158750534 13.94277910143137 4.058685943484306 1.53825543820858
2848.141124419868 1278.192176818848 6.280648522078991 5300.926213741302 158.2003344669938 1439.327642217278 754.0520287081599 4.753355123102665 510.9718614518642 0 41.50011086463928 3951.022011853755 7570.366445831954 896.5755964815617 7.642687954008579 0.4970845282077789 0.7859380468726158 0 0 0 0.3049915730953217 0 0 0.1044872552156448 0.7666320353746414 0.1059223487973213 0.2862907201051712 0 0.6610008031129837 0.2180942669510841 95.20024409145117 14.6127021163702 174.6408786177635 0.1996439099311829 0 0 245.1769332960248 4.874668814241886 3.344867289066315 3.668925873935223 0.3071070611476898 0.6898508965969086 0.2343586534261703 2.422760158777237 0.1685174703598022 0.3966528475284576 106.8119225725532 19.50437163561583 0.1681608855724335 0 4.222953706979752 0.1666969656944275 0 0.1354009956121445 10.99155995249748 10.15625885128975 260.0450453311205 628.5965419709682 82.75936486572027 69.44234975427389 1.442548334598541 17.64660622179508 0 47.22987880557775 16.49188935011625 16.96224032342434 6.912342086434364 2.94451517611742 2.062168426811695 0 4266.457522138953 13.36191307753325 0.3218734860420227 585.8314929530025 326.855401724577 107.3952095359564 19.36507449299097 2.798659928143024 1.054721459746361 45.6114085316658 1.865261368453503 10.39528488367796 29.00853458791971 0.4245806336402893 38.38529509305954 23.31431929022074 17.19896218925714 0.2673446834087372 3.22644580155611 0.2634769678115845 1.596767529845238 0.7399243861436844 0.387929379940033 0.5977549403905869 0.5382165312767029 767.8207666426897 317.382194519043 0 2.53344438970089 1462.000073380768 2.293040126562119 136.7839928269386 88.97154949605465 79.24318961799145 9.567586570978165 417.0951505899429 157.2297883927822 204.7979834526777 293.8802670091391 461.5270803421736 17.8073061555624 560.2077250927687 475.9855365455151 477.3352365791798 99.08656936883926 2.435799211263657 4.467424362897873 0 0.1863829046487808 0 0.5514158010482788 0 0 0 0 0 0 0 0.3399845361709595 0 0 0 0.2116328775882721 0 9.524049147963524 1.292050838470459 0 1.557019948959351 0 109.3114432543516 1.44545590877533 84.64345297962427 7.093431711196899 0.3909703195095062 0.5162320733070374 0.6889132857322693 0.2123111486434937 0.5391236394643784 0.4491110593080521 0.8801230192184448 0.1809676289558411 12.72353371232748 25.62472197413445 1.821770712733269 1.639477610588074 0 0 0 0.2922621816396713 0.8739401698112488 1.285292692482471 6.714284673333168 23.32147012650967 0.5861438810825348 3.529225632548332 4.058867514133453 106.1955901831388 9.708560615777969 3.470658555626869 5.347025103867054 0.4664872586727142 1.185811676084995 0.3253416568040848 0.1595660746097565 0.4256002604961395 0 145.9674649834633 2.778564691543579 0 0.2278682962059975 0.2092129439115524 14.52026230096817 0.3195145130157471 9.735126122832298 24.83409143984318 21.01179553568363 54.18025533854961 28.25720916688442 5.908768326044083 4.715711124241352 0.1273455619812012 0.1167515069246292 0.3121146559715271 2.000465609133244 0.549952819943428 0.3929362744092941 0 224.8664445728064 24.61641100049019 29.95846672356129 362.9315735250711 56.54171849787235 352.2074487432837 49.80246146768332 2648.748610533774 17.97157127410173 5.354864999651909 37.77420603483915 96.27286458015442 2.273900121450424 116.8522039279342 11.3679613173008 266.1176656931639 8.85148386657238 0 27.61341273784637 0.1678094118833542 0
404.4942331910133 3822.640051238239 2169.544523246586 8.466425620019436 3228.812494181097 18.78085921704769 36.56695395708084 1924.365916863084 4123.585387274623 41.50011086463928 0 39.50047908723354 787.180912643671 3599.285516045988 105.3092500269413 65.31679503619671 3.907724618911743 3.363827034831047 0.142578661441803 25.39987371861935 150.1071055084467 0 32.91209381818771 18.59511460363865 3.416033141314983 4.393902823328972 5.919814229011536 1.834253206849098 0.7864067405462265 0.2824125364422798 1293.027022063732 850.7272758260369 481.9272999763489 8.554820418357849 10.78910136222839 5.33802205324173 297.1597598046064 29.63932833820581 2.05630986392498 5.667864173650742 41.3198925703764 33.64445267617702 58.08275693655014 40.71194562315941 8.588648058474064 2.669800847768784 335.014231979847 18.10418052971363 2.747141286730766 39.19161787629128 25.89043904840946 4.240316122770309 0.2137883305549622 8.948818653821945 8.304396331310272 8.082718074321747 45.10513336956501 465.4723608121276 23.12555156648159 147.7767699956894 9.872660398483276 53.7939573302865 1.778946630656719 578.4966780170798 11.06851291656494 19.9054984152317 13.8319960013032 18.83195745199919 89.28419813513756 93.07903142273426 8.088956758379936 16.45506715774536 0.1242314055562019 445.5234209522605 430.2101500481367 527.7983409240842 345.9770519137383 166.3176446706057 175.2650796696544 2283.667411908507 22.30579739063978 96.41960509121418 20.76176487654448 0.5674750506877899 36.02539923787117 21.32989691197872 54.93926199525595 0.1633947491645813 3.369062721729279 0.1091315299272537 4.242935381829739 2.874502047896385 89.25857365876436 4.609094373881817 3.535866655409336 53.9387024641037 0.3944568783044815 0 0.3952017724514008 175.5316049680114 0.9320408850908279 3.93772280216217 3.978537678718567 1.740322798490524 0.1843139976263046 18.82017681002617 3.338851407170296 10.97440919280052 14.84953546524048 16.86787889897823 1.29824797809124 32.56552562117577 24.24459862709045 29.15701872110367 19.45964004099369 0.9025753289461136 1.350464016199112 0 0.2854961752891541 0 0 0.4233904480934143 0 0 0.2517902851104736 0 0 0 0.5328682065010071 0 0.3128443956375122 0.7366207242012024 2.239126652479172 0 1.122535169124603 0.6650019884109497 0 0 0 30.36146369576454 0 22.15554982423782 5.018441684544086 0.9061287939548492 1.415120407938957 1.11693862080574 0.4500682651996613 0.1692473441362381 0.4297944605350494 1.008164271712303 0.1619060188531876 1.559576615691185 4.953163683414459 0.2398597076535225 0 0 1.853819251060486 7.557899847626686 0 0.7976273000240326 0.2864942252635956 0.4953039586544037 1.551658064126968 0 1.764612331986427 2.005636110901833 18.7525389790535 0.4866130203008652 0.631531611084938 0.7418861091136932 0.3316019847989082 0.2417341470718384 0.5056318119168282 0.3671596050262451 0.1319742202758789 2.840604573488235 34.75711636245251 0.8184384703636169 0 0 1.659361153841019 5.072963893413544 0.7680866122245789 6.788629591464996 1.678230479359627 3.110925421118736 11.12827424705029 4.062860459089279 0.8218429684638977 0.6241139993071556 0.08801130950450897 0.1120728328824043 0 2.616485081613064 0.2401076033711433 0.1225191131234169 0 11.27933606505394 8.553090155124664 14.37468406558037 574.2888109833002 137.6056392639875 708.4588770344853 178.4750840514898 147.4974527731538 51.64699113368988 10.88439790159464 131.2959831804037 19.12697445601225 0.956269383430481 18.83227130025625 3.783471539616585 9.845779895782471 1.323930904269218 0.1520111858844757 2.786934196949005 8.847118109464645 2.74105079472065
108.4063070416451 44.26489251852036 0 390.6406825482845 81.36147254705429 223.0161996334791 131.0600200146437 0.7868849784135818 208.3224152252078 3951.022011853755 39.50047908723354 0 917.6640176698565 231.0255182087421 6.22164998203516 6.744322493672371 0.3049342334270477 0 0 0.9588071256875992 0.7967631220817566 0 0 0 0.2018157094717026 0 0 0.1577175408601761 0 0 1.733531177043915 1.866182327270508 24.71841350197792 0 0 0 199.732993081212 1.654959246516228 0.1549300402402878 0.6222856491804123 0.1941787451505661 1.608899161219597 0 1.767380058765411 0.2441324889659882 0 10.31557564437389 0.4023963510990143 0.135202556848526 0 0.8234249502420425 0.6298477202653885 0 4.129140198230743 0.3724787160754204 0.1056097075343132 26.33194351196289 16.08684957027435 4.927207440137863 6.877690538764 0.4124157428741455 6.784793436527252 0.7448867559432983 10.78768891096115 0.1325017064809799 0.4959543943405151 0.3336598798632622 0.2427775710821152 0.9951196908950806 0.6100055947899818 258.0767399966717 19.79747308790684 0 19.32550454139709 15.97322567552328 16.3181186914444 13.72185868769884 9.621268227696419 0 6.47163000702858 1.042327523231506 0 0 0 0.6425550654530525 0.7878964319825172 1.191549494862556 0.2391524165868759 0.2438821122050285 0 0 0.1953424066305161 0 0.1248689591884613 0.3559006452560425 1972.65546426177 13.63493722677231 0 0.4788282215595245 204.7469675540924 0.3004413247108459 16.29921741783619 18.0177381336689 14.19883129000664 1.644734591245651 127.6681994646788 31.29217600822449 68.13452410697937 84.034811809659 122.366725102067 5.956935733556747 203.5149957537651 166.4722191393375 193.3126757591963 46.05147874355316 0.8795023262500763 1.796555250883102 0 0 0 0 0.2411985397338867 0 0 0 0 0 0 0 0 0 0 0.1945920884609222 0 2.689394891262054 0.3659085333347321 0 0 0 43.63560513406992 0 29.2208446264267 2.542834803462029 0.6965593248605728 0 0 0 0.4189340770244598 0.5156270563602448 0 0 3.668816894292831 8.717539429664612 0 0.2002184689044952 0 0.2694244086742401 0 0.2589075565338135 1.164596438407898 0.1749749332666397 2.592791110277176 5.206455588340759 0 0 0.4337508380413055 44.80953720211983 2.031492456793785 0.9787535965442657 1.313913017511368 0 0 0 0.2313667237758636 0 0 88.80412954092026 0.6886986941099167 0 0 0 3.606986686587334 0 3.937799170613289 6.794066205620766 9.979895904660225 21.0040772780776 12.98142562061548 4.839884534478188 1.181517094373703 0 0 0 0.1191304177045822 0 0 0 90.77986477315426 21.48780272901058 9.716646552085876 72.72989312559366 4.712056770920753 44.48896260559559 15.8058024123311 321.9911316037178 3.131545633077621 0.2956818342208862 17.06360676139593 23.44661532342434 1.235875010490417 44.00441861897707 4.717124529182911 31.2059490531683 4.675882652401924 0.7064763605594635 8.535967126488686 0.6893723458051682 0.4417496025562286
92.21455036848783 342.0129592344165 8.739222623407841 1598.928884193301 156.7722411602736 114.6144058704376 1865.72614222765 17.175188601017 1914.532035022974 7570.366445831954 787.180912643671 917.6640176698565 0 2380.097364678979 42.64561631530523 26.81956761330366 0.1958176791667938 0.2772640287876129 0.1432203948497772 1.138956636190414 6.42580658197403 0 1.715821780264378 0 0.2118334621191025 0.9984720796346664 0.1319472044706345 0.1496094167232513 0 0.1102883890271187 40.72736524045467 24.08006571978331 139.8296221196651 0.1952279806137085 0.4181520342826843 0 217.6266940683126 5.636890269815922 1.431822806596756 1.155185714364052 3.956135883927345 3.074220888316631 2.941055566072464 15.22366909682751 0.43239825963974 1.106514900922775 134.1078211590648 6.325249202549458 0.1399772614240646 1.575699768960476 3.436369702219963 0.6205669194459915 0 1.11808193475008 2.769809186458588 4.651595808565617 32.92795666307211 84.48799865692854 8.455094903707504 52.70877131819725 2.058386325836182 13.88298127055168 0.549492210149765 100.0255972892046 5.40328510850668 6.396634191274643 3.33786179125309 1.702299773693085 3.596932142972946 4.563397780060768 212.0524092465639 20.84795340895653 0 145.5382357090712 107.9783756434917 173.6124537214637 101.5427975133061 44.95616327226162 3.882098451256752 55.63943059742451 3.018466532230377 5.599378682672977 7.055108301341534 0 11.58205164968967 9.628050111234188 9.07385341078043 0 1.575332529842854 0 0.475751630961895 0.9892029538750648 5.306382447481155 2.015752665698528 1.036083623766899 2128.21125857532 52.27951413393021 0 2.451760292053223 146.1051081269979 2.147161968052387 36.18219096958637 39.703219383955 36.3154426664114 6.302452936768532 331.3387483805418 76.5139951556921 192.3746534436941 227.6209323108196 276.0400900989771 25.99088814854622 541.7648928314447 491.2559292763472 457.7896861284971 145.5665455907583 4.823810949921608 4.808153286576271 0.2908715009689331 0 0 0 0 0 0 0.4669680595397949 0 0 0 0 0 0 0.4003245532512665 0.1225919872522354 0.1270420849323273 4.41317030787468 1.362678594887257 0 0 0 125.2375046089292 0 93.29747159779072 2.957085371017456 0 0.1791922599077225 0.1284752935171127 0 0.7537374794483185 2.015454724431038 1.495511248707771 0 8.976495772600174 33.67516031116247 2.784325771033764 1.067648462951183 0 0.4617271274328232 0.990721583366394 0.2812170088291168 2.580774366855621 0.4265907481312752 2.873050689697266 14.48341581225395 0.1997798234224319 1.283788919448853 1.741783306002617 119.2935098037124 5.61779198050499 3.090948633849621 4.350889891386032 0 0.123486302793026 0.2789201140403748 0 0 0 271.3227354511619 3.339790210127831 0.1416167169809341 0 0.2001196295022964 22.09402257204056 1.366452902555466 16.9945824444294 16.9309704080224 26.53735329210758 60.96831291168928 31.98971784114838 8.985968440771103 3.949724905192852 0.2820055782794952 0 0.1578483730554581 0.3519220426678658 0.1300343871116638 0.3028734251856804 0 210.6141514182091 45.20752795040607 30.6392672881484 314.829992339015 52.1789757758379 324.5679591447115 93.2417776286602 315.9205031171441 28.33560242503881 6.664622537791729 73.54386840760708 69.30387426912785 5.065834537148476 115.0679547041655 16.07244716584682 67.9402414560318 9.068238615989685 1.536755427718163 17.35812885314226 2.263394102454185 0.452830582857132
