0 2164.980641379952 592.8999717831612 488.6578255295753 411.2621273249388 41.03260630369186 1581.35207734257 2.065812230110168 119.3705237954855 1215.335356473923 95.19196996837854 382.3147688359022 533.7495963796973 66.65759967267513 0 0 0.1597562581300735 0 0 0.1939157098531723 0 0 0 0.1028020083904266 0 0 0 0 0 0 363.9580274522305 1.042361110448837 3.590437054634094 0 0 0 1.95296622812748 0 0.6687213182449341 0.09632598608732224 0 0.4322603344917297 0 0 0.2098552137613297 0.2057220935821533 5.327009573578835 1.747412420809269 0 0 0.3037602454423904 0.7977717667818069 0 0.3842684179544449 3.667025998234749 12.48848852515221 285.8854083269835 1380.293711438775 51.46290193498135 10.78464850783348 0 0 0 8.872685097157955 5.824154801666737 4.313743196427822 2.907601580023766 0.2989181131124496 0.5017570108175278 0 5.87400820851326 10.55527597665787 0 99.11563262343407 211.2670400887728 1.02137403190136 0.5236489027738571 0.2275623828172684 0.1214151158928871 2.360498413443565 0.3271013796329498 1.126161396503448 6.064644314348698 1.017413415014744 6.135090209543705 6.63607481867075 0.92771016061306 0 2.966332420706749 0 1.390349313616753 0.1653781086206436 0 0 0.3555601984262466 21.80567792057991 2.09389066696167 0.8237369656562805 0 1026.14283940196 1.179656386375427 1.508998245000839 4.231506049633026 0.7295129895210266 0 3.951133579015732 1.73046088218689 10.91658636927605 7.055898100137711 3.055236339569092 1.046570658683777 13.20367883145809 8.749573081731796 11.20694635808468 1.207011163234711 0.3137915730476379 0 0.4021109044551849 0 0 0 0 0 2.148115605115891 0.6350405216217041 0 0 2.505240350961685 0 0.7050885558128357 0 0.5258153080940247 0 0.3665032684803009 1.078784942626953 0.2401641756296158 0 1.701822310686111 0.8729337751865387 3.757424667477608 1.19833642244339 2.574213296175003 6.086049422621727 1.369358986616135 0 0 0 1.820588350296021 0.5630229711532593 0.430572122335434 0 0.5607820153236389 0.5366037487983704 0.6022698283195496 0 0 1.328989416360855 0 0.3417918980121613 0 0.09144145250320435 1.031464815139771 6.71140068769455 0 1.937695890665054 3.545586884021759 2.974954143166542 4.810007095336914 0 0.304501973092556 0 0 0 0 0 0 7.549623802304268 0 0 0 0 0 0.718638688325882 4.779176414012909 1.201523721218109 3.346949934959412 0.4930121898651123 0 0.9765018820762634 0 0 0 0 2.379237197339535 0.4540771842002869 0 0 0 0.8138357400894165 3.39418363571167 298.0715451836586 21.85611972212791 85.6100799292326 3.203797280788422 1029.989450596273 8.793477445840836 5.182172648608685 17.02483312785625 7.854861468076706 2.671187326312065 5.864583104848862 0 17.37393409013748 0 0 1.324053972959518 0 0.3566482067108154
2164.980641379952 0 1917.200828917325 186.6516360491514 4150.813221886754 153.4961635917425 4765.707447819412 12.73559959232807 1815.667574875057 313.1378168389201 1393.385561548173 147.5684667080641 975.0684516951442 252.0142455250025 0.8968374878168106 0.1666093021631241 0.1323216110467911 0 0.1060265749692917 0 0 0 0 0 0.1297064274549484 0.149944394826889 0 1.668764069676399 0 0 705.9974048063159 10.31513187289238 5.35743473470211 0.1223861128091812 0 0.153281569480896 1.109935432672501 0 0.2491525262594223 0 0 0.4839928150177002 0 0 0 0 49.71694266796112 10.43086243420839 0 0.1080653220415115 3.373530261218548 0 0 0.1555654853582382 14.60851080715656 28.67059098929167 91.26076932996511 2511.276545055211 46.07131247222424 45.6258756518364 0.4499299600720406 0.6321512758731842 0.4865572899580002 74.6174888163805 20.14054144173861 14.60225863009691 13.00282745808363 2.994568429887295 1.265933811664581 0.5889640152454376 4.193746760487556 0.3604731559753418 0 171.6981693282723 605.6059291437268 20.64341054856777 33.7824075371027 2.725170120596886 1.574927531182766 22.45646669715643 0.2170667946338654 3.828642264008522 18.44080150127411 2.113198637962341 20.72751384228468 22.93668346107006 8.298845700919628 0.08466186374425888 6.001442201435566 0.1170032024383545 3.302049048244953 1.056115947663784 0.7209364175796509 0.2657221555709839 2.958805233240128 51.12684597074986 0.1810102462768555 0 0 1207.887931346893 1.095558822154999 1.121936678886414 5.521809458732605 0.586909219622612 0 9.253398522734642 0.6704206615686417 6.789681047201157 16.33949252963066 3.670582175254822 0.289975494146347 25.20524114370346 12.4446472376585 23.40923301875591 2.434103831648827 0.2150315940380096 0.3755013048648834 0 0.1913227140903473 0 0 0 0 2.433441683650017 0 0 0 0.7728744745254517 0 0 0 0 0.6939083337783813 0 1.032537490129471 0.2257640510797501 0 1.443455100059509 0.2198976129293442 2.788385204970837 0.5487321615219116 2.000778213143349 1.98495888710022 1.315392434597015 0.1596230417490005 0 0.3168187513947487 0 1.023326516151428 0.4077077209949493 0 1.814606696367264 0 0 0 0.2842418849468231 0 0 0.1440281122922897 0.3465196490287781 0.1007958129048347 2.936404004693031 4.84890353679657 0 0 1.207895189523697 1.759824261069298 0.7788570523262024 0.2506995275616646 0.764498233795166 1.198979809880257 0 0.5372132807970047 0.3509216606616974 0.1660494804382324 0.4839220643043518 4.326919734477997 0 0 0 0.2981896102428436 1.538549810647964 0.5035482197999954 5.677666187286377 4.074335470795631 1.339434444904327 2.886096447706223 0 0.6452527046203613 0.5184632539749146 0.3045056164264679 0 0 0.861502967774868 0.1055324003100395 0 0 2.727930933237076 3.822658538818359 4.359404250979424 375.0114773139358 52.17819502204657 330.7479141056538 31.47954118251801 1346.571078456938 14.48004431277514 13.51068393141031 62.48231542855501 15.37861070781946 2.314195722341537 9.975852385163307 0 14.50746740400791 0.9112417697906494 0.6100455224514008 1.165316075086594 2.202756136655807 2.060143992304802
592.8999717831612 1917.200828917325 0 31.04059299826622 1185.635847650468 17.43340498209 428.926616795361 2024.663987480104 1571.131654389203 35.39024047553539 8145.583933308721 98.25246568024158 214.4769744426012 376.3654048591852 0.8279619142413139 2.407045036554337 1.404064059257507 0.5545664578676224 0 3.347883641719818 0.4438584446907043 0 1.18560054898262 0.145118921995163 2.580364406108856 0 0.378343254327774 0.1872789859771729 0 0 3131.078908883035 133.0466517359018 42.94420395791531 0.5017179697751999 1.873259283602238 1.330132514238358 2.527546584606171 0.1953819245100021 0.1863947957754135 0.5417821407318115 1.470570243895054 0.9216068834066391 3.252214163541794 2.495089590549469 0.3101761043071747 0.991887241601944 22.68391901999712 7.807127989828587 0.7516489624977112 3.695636957883835 1.385164856910706 0 0.1358608156442642 0.4921800494194031 5.190445296466351 10.35023788362741 43.51639346033335 2168.059225440025 20.21397942304611 21.24723498523235 28.08779847621918 15.84219337999821 12.766815289855 861.3123826682568 9.841438740491867 6.525148116052151 5.785818673670292 5.348755188286304 22.23987814038992 14.8882185742259 15.98376566171646 0 0 92.93498200923204 766.3294853717089 9.404971867799759 50.61076857894659 12.65832199156284 59.41129463911057 2218.296713650227 14.47559334337711 195.5021707564592 8.813897810876369 0.8997875228524208 8.204479724168777 10.5404386818409 21.08229457587004 0 3.068938232958317 0.1444827765226364 1.365521423518658 0.1227837726473808 11.02796839922667 0.9608185440301895 2.229302518069744 96.69619904458523 4.925130009651184 0 0.5743902325630188 396.6213110089302 0 0.7378238439559937 0 0 0 4.879091158509254 0.7803826928138733 5.122069031000137 3.418958723545074 0.9998056590557098 1.172927469015121 10.55276404321194 8.454101353883743 13.24713262915611 1.948651432991028 0 0.5915060937404633 0 0 0 0 0 0 0.5736844539642334 0 0 0 1.672086283564568 0 0 0 0 0.6850388050079346 0 0 0 0 0.720595121383667 0.887909471988678 3.153372168540955 1.331908702850342 1.157925665378571 3.986479565501213 2.744187414646149 0 0 0 0.8044557422399521 0.7022203207015991 2.017641067504883 0 1.455386698246002 0.1205070987343788 0 0.3112806677818298 0 1.224275395274162 0 0 1.709879904985428 0.1324000209569931 0.7543847560882568 7.948668241500854 0 0.6055561304092407 0.9846823215484619 4.889735817909241 2.250716686248779 0 0.9963411241769791 0.1095213070511818 0.2740422412753105 0 0.5044225752353668 0 0.66866534948349 1.98750627040863 0.4079140424728394 0 0 0 1.78174951672554 2.219011068344116 3.135442644357681 1.806303948163986 3.50693142414093 3.344534784555435 0.40361687541008 0.2237807214260101 0.3886042833328247 0 0 0 0.3468107357621193 0 0 0 5.444391056895256 1.781742006540298 4.176621347665787 87.51185900717974 20.98941542953253 101.2203241810203 11.28268931061029 170.3329615592957 4.13764413446188 4.158858180046082 15.4771396741271 6.453382074832916 1.606507383286953 7.67992277443409 0 8.759809345006943 0 0 1.400574386119843 0.9538876116275787 0.5085780620574951
488.6578255295753 186.6516360491514 31.04059299826622 0 8.889819458127022 98.98662273585796 815.7822225093842 0 49.58551117777824 748.5994660407305 0.4732476323843002 977.2290513068438 2118.710698872805 203.0084036886692 0 0 0 0 0 0 0 0 0 0 0 0 0 0 0 0 59.75171312689781 0.3665337264537811 0 0 0 0 0 0 0 0 0 0 0 0 0 0 0.5871775299310684 0.2984416037797928 0 0 0 0 0 0 0.5648332685232162 1.288747429847717 20.748260602355 71.46545670926571 4.185952574014664 1.380284234881401 0 0 0 2.113823145627975 1.25415300577879 0.1189822629094124 0.2708906307816505 0 0 0 0 0 0 8.59113897383213 20.44116795063019 1.00446905195713 0 0 0 0 0 0 0.2359744235873222 0 0.7706973925232887 0.9594795554876328 0.3385859429836273 0 0.1633622944355011 0 0.2982726097106934 0 0 0 0 6.207864210009575 0 0 0 267.0730468332767 0 0 1.151874542236328 0 0 0.4470555782318115 0 0.5962901562452316 0.5781569182872772 1.056773662567139 0.5339522957801819 1.733546257019043 3.017405852675438 0.7605043351650238 0 0 0 0 0 0 0 0 0 0 0 0 0 0.5195505023002625 0 0 0 0.2682622671127319 0 0 0 0 0 0 0 0 0 0 0.4427644014358521 0 0 0 0 0 0 0 0 0 0 0 0 0.1489712297916412 0 0 0 0 0 0 0 0 0.2169021219015121 0.2844005227088928 0 0.34330153465271 0 0 0 0 0 0 0 0 0.5389744937419891 0 0 0 0 0.9095219373703003 0.1532214432954788 0 1.354777857661247 0.2087835073471069 0.2808378934860229 0 0 0 0 0 0 0 0 0 0 0.6786250174045563 0.8267373740673065 0.2344356179237366 24.63470558822155 1.228039592504501 12.40672456473112 0.3687648624181747 400.369664311409 1.25949102640152 1.0274448543787 2.443259432911873 1.150265425443649 0 0.4710484445095062 0 3.226017594337463 0 0 0 0 0
411.2621273249388 4150.813221886754 1185.635847650468 8.889819458127022 0 10.98866945505142 4909.129686377943 115.0296541079879 4902.383121773601 22.55795669555664 1971.536855116487 1.701999858021736 123.8456504419446 174.991651289165 1.77943692356348 0.4640911221504211 0.1157328709959984 0 0 0.2611399590969086 0.1960994154214859 0 0 0 0.223728746175766 0.2540554329752922 0 1.575948782265186 0.1459339708089828 0 289.6127588003874 15.71528814733028 3.298120021820068 0 0 0.2194104194641113 0.7602539360523224 0 0.1801521331071854 0.09691387414932251 0 1.039177969098091 0 0.297924816608429 0.1602669358253479 0 80.05536980181932 11.74695488810539 0 0.7632111310958862 5.302095964550972 0.371297299861908 0 0.6682731881737709 6.850880436599255 21.54151535779238 25.36285196244717 385.5099550336599 17.29770957678556 52.90654724091291 0.2912539541721344 1.059926874935627 0 91.94219999015331 17.81031661480665 12.34133659303188 15.11032360047102 1.741027317941189 1.047601118683815 0.6391339525580406 1.122460976243019 0.3664313554763794 0.1154084131121635 93.43071571737528 452.3718158379197 44.52540248632431 55.8199175670743 5.273221373558044 4.893346950411797 17.97153252363205 0.9791845977306366 4.051517695188522 19.86483300477266 1.124394826591015 20.85489767789841 21.22976046800613 8.450797840952873 0 4.864558413624763 0.7551886737346649 5.658413767814636 0.8117216005921364 0.4908437132835388 1.753227531909943 3.351497210562229 65.59350959956646 2.085937485098839 0 0 213.6544165462255 0.8266242742538452 2.078740499913692 3.922182902693748 2.675460964441299 0.6310249119997025 9.495886594057083 3.301157087087631 13.33217485249043 6.499600186944008 6.028971627354622 1.306746989488602 37.98287707567215 28.76616217195988 39.49327563494444 5.776088833808899 0.5556213706731796 2.353879615664482 0 0 0 0 0 0 1.119829133152962 0 0 0.6706959009170532 2.160423189401627 0 0.7359837889671326 0 1.939537689089775 2.02276699244976 0.4933678507804871 0.2753559648990631 0 0 0.4271476566791534 1.522591233253479 4.436746776103973 0.3467693030834198 2.694052278995514 4.817724585533142 2.432438939809799 0.4113635271787643 1.181308597326279 0 0.8859458416700363 2.052408933639526 1.268580563366413 0.2423934936523438 2.607618033885956 0.8686280697584152 0.2552700936794281 0 0 0.405351385474205 0.4614509046077728 0.5143808349967003 0.7133689522743225 0.8696620762348175 6.103898420929909 9.704124823212624 0 2.259735345840454 3.599619150161743 4.37810979783535 3.930531531572342 0.275798499584198 1.29033188521862 0.2639778554439545 0 0 0.3258905708789825 0.2821132689714432 0.79819555580616 10.95011603832245 0 0.1335417926311493 0 1.464414827525616 1.281679451465607 2.803674146533012 5.668222025036812 9.584788598120213 8.272734969854355 0.626367598772049 0 1.133185535669327 0.4873357117176056 0.8640416711568832 0 0 0.3075141608715057 0.168224036693573 0.1868295073509216 0 14.68170844018459 4.448133215308189 5.455916747450829 525.8985905647278 71.48343012481928 422.6366575658321 65.50610041618347 251.4364385455847 20.93213895708323 10.89202746748924 103.8655297160149 16.45610380172729 3.570950150489807 17.37715938687325 1.453148156404495 31.05626010894775 1.090804249048233 0.2375690937042236 4.431904554367065 3.588309317827225 1.888843089342117
41.03260630369186 153.4961635917425 17.43340498209 98.98662273585796 10.98866945505142 0 278.2544718980789 0 74.69908408075571 439.2270688340068 3.251335620880127 401.4263896495104 390.3253620117903 119.9707738161087 0 0 0 0 0 0 0 0 0 0 0 0 0 0.8900325894355774 0 0 26.2319161593914 0 26.60001060366631 0 0 0 24.86682203412056 0.9644179344177246 0.8881384134292603 0 0 0.5337129235267639 0 0 0 0 0.5140276551246643 0 0 0.8306782841682434 0 27.54387570917606 0.2827202975749969 0 0.3675064742565155 2.05294081568718 42.04651446640491 59.03627057373524 1.960502445697784 0.7636117339134216 0 4.819135457277298 0 0.3642891496419907 0.2495325058698654 0.1383117139339447 0.2722006142139435 0.621155858039856 0 0 68.07770575582981 65.47090899944305 7.655347406864166 2.892943680286407 8.49203434586525 0.102368451654911 0.1565104722976685 0 0 14.54703864455223 0 0.5646029710769653 0.2398417443037033 1.041435331106186 0.8901949524879456 2.6351198554039 0 6.596144944429398 11.98964159190655 11.96429507434368 8.577719286084175 21.45351054519415 0 0 15.47951085865498 43.05983997881413 19.37536948919296 7.782448410987854 2.764464676380157 232.9338705390692 0 1.624351143836975 1.675853192806244 0.4437202513217926 0 2.649590939283371 1.53914749622345 1.517156779766083 2.845275238156319 0.8836316168308258 0.4847154915332794 4.127948254346848 2.988965585827827 2.578759089112282 0 0 0.7231445908546448 0 0 0 0 0 0.385999321937561 0.4765918999910355 0 0 0 0 0 0 0 0.5392530560493469 0 0 0 0 0 0 0 1.139947965741158 0 0.3888061791658401 3.265233397483826 2.106908693909645 0 0 0 0.7023278474807739 0 0.1480300277471542 0 0.4612646400928497 0 0 0 0 0 0 0 0 0 0 0.5531513094902039 0 0.1433726102113724 0.6274617910385132 0 1.673404812812805 0.1034672260284424 0 0 0.1174800023436546 0 0 0 0 0 1.413645178079605 0 0 0 0 0 0 0 0.3567165434360504 0 0 0 0.2214560955762863 0 0 0 0 0.1963139027357101 0 0 0.4861350059509277 0.9411572813987732 0 28.950280174613 1.684991672635078 5.402303226292133 0.6135579347610474 61.35294006764889 1.20919069647789 0.2138752639293671 0.5168034285306931 2.217730641365051 0 2.166115388274193 0 7.879532337188721 0 0 0.807435929775238 0 0
1581.35207734257 4765.707447819412 428.926616795361 815.7822225093842 4909.129686377943 278.2544718980789 0 8.705472193658352 1617.97382774204 1052.745868802071 412.062605433166 75.19234539568424 1163.486860908568 149.9332348108292 3.570132039487362 0.09028018265962601 0.797225184738636 0.2979976534843445 0.1089028939604759 0.2963531911373138 0.1750135868787766 0 0 0 0 0.3086249530315399 0.3725482970476151 0.9616810083389282 0.8335236832499504 0.1526530832052231 486.464574739337 14.04946301132441 1.886941626667976 0.1736209541559219 0.2125405520200729 0.2213341444730759 2.067539982497692 0.1343979686498642 0 0 0.5512752905488014 1.904984839260578 0.1160917356610298 0.358343817293644 0 0.35996013879776 101.7047177925706 18.09068418294191 0.2450769394636154 0 7.16268514841795 0.383024126291275 0.1198032200336456 3.658498667180538 10.59156671911478 31.05169078707695 48.30540689826012 428.5317590534687 28.07729637622833 72.36953766644001 0.2260127365589142 1.310329668223858 0.1560990810394287 96.24954433739185 24.72418422996998 14.32729328423738 16.91692844033241 3.667814292013645 0.8070472851395607 1.567769661545753 1.41208079457283 0.97256138920784 0.2776151895523071 125.490959264338 524.4113157913089 58.34246046096087 68.39348661899567 6.409592308104038 2.154673784971237 8.849339418113232 0.2390280365943909 4.517826534807682 23.14645542949438 1.474923141300678 30.04274802654982 28.47187505662441 10.50960350036621 0 7.921790905296803 0.6116922423243523 7.006510317325592 1.025222472846508 0.2910386100411415 2.038366638123989 8.908447608351707 576.2022424638271 2.161108754575253 0 0.5200656801462173 477.6923035681248 12.81496866047382 9.140706166625023 71.69116300344467 24.65766407549381 4.106949120759964 69.54279568791389 15.17330114543438 63.32368588447571 67.28584733605385 32.22452414035797 7.508013278245926 209.1130033880472 136.8860244899988 181.8165210336447 23.94312104582787 0.8196336925029755 7.641205966472626 0 0.7160171419382095 0 0 0 0 3.693473368883133 0.4868380576372147 0.514254093170166 0.1991459876298904 5.799884825944901 0.1064470708370209 3.925931915640831 0 3.181991681456566 3.091781705617905 0.510494589805603 13.07032443583012 1.000732854008675 0.5167945623397827 3.414377957582474 5.638350918889046 20.6702024936676 8.499824687838554 11.65792925655842 22.21103869378567 8.719003170728683 0.4651927649974823 0 0.2607478424906731 2.725666433572769 4.759123861789703 3.865470826625824 0.3861861228942871 12.6307815015316 1.713796302676201 0.7948901206254959 0.4366553872823715 0 1.015798360109329 1.618456944823265 1.314145654439926 0.889976978302002 0.5523097440600395 20.50959135591984 39.70789782702923 1.280748888850212 7.424839541316032 10.78690353035927 13.40594765543938 13.36201405525208 2.814976654946804 4.222304157912731 1.556204475462437 1.555299714207649 0.7604929208755493 2.006727240979671 0.3310054540634155 0.8913890719413757 38.41832928359509 0.8841187059879303 0.4924067258834839 0 1.003025308251381 3.22063472867012 17.04281958937645 16.9995174407959 26.7031887024641 20.68329966068268 7.913326263427734 1.543862000107765 5.923246145248413 2.764443129301071 0.2341273501515388 0.0835772231221199 0 0.9254507645964622 1.916113674640656 0.5751992464065552 0.2717799842357635 50.56935095787048 18.22654965519905 25.45879124104977 964.7931990474463 111.2558502033353 565.9108275473118 86.79239185154438 1483.867938734591 24.13771928846836 13.05874177068472 161.9722014144063 71.61368516087532 6.15547887980938 53.04421289265156 2.439828351140022 138.1949790120125 4.499334916472435 2.059233024716377 11.0838767439127 11.34425958991051 3.147572383284569
2.065812230110168 12.73559959232807 2024.663987480104 0 115.0296541079879 0 8.705472193658352 0 176.6022642329335 7.40804548561573 2168.226774767041 66.99998399615288 50.2881426140666 130.9390493929386 46.41420517116785 21.62372021377087 20.87022816389799 8.400715574622154 2.906627774238586 39.69072160124779 9.482629299163818 0.6226010620594025 2.216177076101303 0.7482201009988785 13.73625691235065 1.079822778701782 1.608991131186485 1.427481487393379 0.5076873898506165 0.1022228896617889 1231.328647039831 1466.469875231385 62.10392637550831 5.943246483802795 14.2833216637373 26.40884478390217 17.04595676064491 4.055621817708015 1.304297648370266 0.7483004182577133 5.877249665558338 8.11718462407589 25.58918680250645 111.6375131681561 8.620367705821991 34.04015623033047 286.8773494064808 31.76095628738403 3.574832640588284 34.67044073343277 14.02019819617271 0.8130767345428467 0 1.470837205648422 8.464711599051952 17.2618165910244 11.173683360219 162.563345991075 11.2309202849865 134.0708923861384 366.1229212582111 63.05962304770947 88.26007886230946 1441.564267084002 15.3246056213975 15.81283604353666 17.30241440981627 24.61000426858664 129.1944528147578 113.8689522221684 63.61708551645279 12.5932407155633 0.1368013918399811 119.3250894844532 848.9321524649858 293.5497631430626 1763.78073990345 1071.074975706637 604.2194586843252 1330.675624772906 504.527136862278 1282.613034322858 26.66930306702852 0.6842862442135811 28.86269247531891 17.92552082240582 142.0284240692854 0.1405856609344482 6.744054988026619 0.3260416239500046 6.94082647562027 0.378355510532856 58.05765622109175 3.907190516591072 9.392263188958168 275.3124766796827 30.3696918040514 0 2.256576009094715 9.849067114293575 1.70456075668335 4.249932289123535 9.554157495498657 1.416655540466309 1.474089443683624 17.15116944909096 5.60649710893631 16.66063883900642 7.778987541794777 2.982255935668945 4.680560529232025 53.22341895103455 43.41059696674347 64.4087515771389 5.500565320253372 0.4979310035705566 2.738098531961441 0 0.9496496319770813 0 0 0 0 3.440919168293476 0 0 0 5.102275177836418 0 2.446346417069435 0.5098996758460999 3.380871176719666 0 0 5.990128368139267 2.100682318210602 0 3.942476749420166 1.213060781359673 11.23583023250103 5.004094392061234 6.536991521716118 14.31661860644817 11.31137119233608 0 0.2861042022705078 0.3558008596301079 1.104941591620445 2.932759195566177 2.232121080160141 0 6.637318722903728 2.96367110311985 0.5950563549995422 0.3351181149482727 0.1717400252819061 0.1865420639514923 0.5434577167034149 0 0.6553005874156952 0 8.808919697999954 23.7711718082428 0.7090985774993896 9.118206113576889 13.08466000854969 13.14301416277885 7.135744422674179 3.025663442909718 1.888547658920288 1.052908733487129 0.7990769669413567 0.7519375383853912 2.720039822161198 0 0.6383759677410126 31.96369570493698 1.937486231327057 0 0 0.5064600110054016 3.352317988872528 10.61597776412964 13.31533575057983 15.29327289760113 10.49087911844254 3.030161127448082 2.4463250041008 4.247037291526794 3.299871519207954 0 0.1096973717212677 0 0.5885354653000832 1.1577328145504 0.292524516582489 0 26.28353513777256 15.28324055671692 22.98200109601021 316.0219845324755 61.44757813960314 519.5173095986247 69.03344244509935 42.18479334563017 13.80780426412821 7.516983546316624 83.29758147895336 31.7586207613349 5.677531972527504 37.78078294545412 0.7444640547037125 24.0248818397522 1.951862141489983 1.149378478527069 10.14681369811296 3.580242320895195 1.678555116057396
119.3705237954855 1815.667574875057 1571.131654389203 49.58551117777824 4902.383121773601 74.69908408075571 1617.97382774204 176.6022642329335 0 118.368897549808 4447.298525817692 89.69723757356405 1510.479354225099 871.3956707641482 20.97114001959562 5.358417227864265 2.937639974057674 0.2251060158014297 0.2407979592680931 0.2306372597813606 1.156449809670448 0.2053128033876419 0.2348755374550819 0 2.188720017671585 0.8182255029678345 0.1461839824914932 2.991118937730789 1.402881570160389 0 213.9997383132577 13.81963878124952 32.90142225474119 0 0.5605181828141212 3.865869536995888 3.772438086569309 0.7215321660041809 0.9807689338922501 1.935522191226482 10.14773947000504 5.784492574632168 0.1354990005493164 7.037873707711697 0 0.4593757838010788 164.9621963426471 10.6569964364171 0.2456127032637596 0 11.62300860136747 1.081436276435852 0 2.487176135182381 6.326190263032913 19.53486569970846 15.73360201716423 188.7160026729107 16.27117206901312 69.84912720322609 1.849810674786568 12.40054937452078 0.9634896889328957 66.7516163289547 14.79360538721085 13.90160468220711 14.53107104450464 6.203956194221973 5.136074237525463 6.674008771777153 18.99400684982538 2.689840778708458 1.268019899725914 76.41989498585463 306.0292214080691 93.40989132970572 117.1312649697065 58.4330540522933 6.006043709814548 302.2231573089957 0.5528180003166199 5.596325248479843 16.49364861100912 0.793302521109581 21.40604338794947 20.54754911363125 11.16673431545496 0.1465467512607574 7.92326695472002 0.46473578363657 9.317991934716702 2.346779204905033 8.266925245523453 4.782569132745266 10.33530148118734 743.1068447381258 6.422226831316948 1.336768388748169 0.4138506948947906 130.612863458693 16.17000740766525 6.367976978421211 31.01556573808193 8.864036872982979 1.698373079299927 83.20429983735085 22.36765041947365 73.04706797003746 42.52140726149082 33.3548738360405 12.43900193274021 220.3117213398218 154.3600301891565 240.7445423901081 21.14409929513931 2.54618513584137 3.349514380097389 0.1367675513029099 0 0 0 0.2853707075119019 0 7.489658907055855 0 0 0.5260540843009949 6.019092902541161 0 3.906071901321411 0.4155869483947754 3.163328051567078 2.494842261075974 0.1617875695228577 14.17378059029579 2.265611708164215 0.339872807264328 3.194660931825638 4.138959139585495 18.41335478425026 6.747501567006111 10.52592409402132 22.54051569849253 9.725024312734604 0.1799528002738953 0.4626428037881851 0.3074685335159302 1.830366834998131 8.271372139453888 3.545255675911903 0 16.37761582434177 5.376562401652336 3.09097957611084 0.3248013854026794 0 1.141296252608299 1.607600353658199 2.566009409725666 0.882187619805336 0 19.95812199264765 47.26559925079346 0.7237930297851562 9.213682219386101 14.21419210731983 16.67797213792801 14.62227281928062 4.328705012798309 6.664357237517834 1.365881182253361 1.560923166573048 0.5002994984388351 1.575925245881081 0.2458765357732773 3.021357424557209 38.73996141552925 1.913803145289421 0.232840970158577 0 1.418881617486477 9.370397418737411 12.65853098034859 19.55426771193743 32.33831196278334 21.19015851616859 6.934100642800331 3.839018493890762 2.674882113933563 2.814161784946918 1.878853306174278 0 0 1.369112499058247 2.302742674946785 0.4320061430335045 0.1385597735643387 70.28220967948437 23.32180820405483 26.14188413321972 1652.310381047428 141.4387790188193 748.9973412752151 186.4117134138942 559.8890326023102 21.30381594598293 10.80405274033546 375.7963110730052 81.92680936306715 9.00825984030962 72.02514886111021 5.479112066328526 107.2327986061573 7.279623448848724 6.12614306807518 10.52493298053741 22.56932283192873 8.126763671636581
1215.335356473923 313.1378168389201 35.39024047553539 748.5994660407305 22.55795669555664 439.2270688340068 1052.745868802071 7.40804548561573 118.368897549808 0 4.051276102662086 2562.048137843609 5316.450753495097 846.9025841802359 2.027620516717434 0.3163774907588959 0 0 0 0 0 0 0 0 0 0 0 0 0 0 76.86099526286125 4.385055065155029 54.72873693704605 0 0 0.2538399696350098 2.870394915342331 0 0 0 0 0 0 0.2639636546373367 0 0 5.229185841977596 0.4323873519897461 0 0 0.2847218960523605 0 0 0.2667286694049835 0.6938663870096207 0.9185094833374023 61.67012843489647 109.8570722192526 3.850156225264072 1.720008753240108 0 5.034683495759964 0 3.217819005250931 1.001135796308517 0.3282758668065071 0.846188522875309 0.4562318027019501 0.9490293264389038 0 33.35956890881062 0.5046060830354691 0 11.59961842000484 30.45163226127625 2.369791530072689 4.236127555370331 4.951051354408264 0 12.2670224532485 0 2.210206493735313 0.7608390226960182 0 0.9116963297128677 1.362385973334312 0.8137109130620956 0 0.1041999980807304 0 0.5026559010148048 0 0.5943415015935898 0.172319307923317 0.6337419897317886 725.3521578907967 5.239899784326553 0 0 953.0665536522865 0.3126265853643417 5.57372011244297 12.86975744366646 6.541656896471977 0.682571142911911 16.05900487303734 7.076257944107056 14.90465578436852 16.91515880823135 6.813484072685242 1.858506754040718 38.79470771551132 29.23054979741573 45.7286824285984 5.327423393726349 0.8183857798576355 0.3601670265197754 0 0 0 0 0 0 0.4133744537830353 0 0 0 0 0 0 0 0 0 0.1309227794408798 2.458665668964386 0 0 0 0.144039049744606 0.8568019568920135 1.021647930145264 1.217439450323582 1.309326156973839 0.5850867033004761 0 0 0 0 1.304413571953773 0.2740910947322845 0 1.829185217618942 0 0.1053662523627281 0 0 0 0 0 0 0.1146565303206444 7.239017352461815 13.39406146109104 0 0.8730954825878143 1.183273524045944 2.445234358310699 5.175146043300629 0.4834146052598953 0.848271407186985 0 0.3556777164340019 0.191348671913147 0.2773497700691223 0 0.1755145490169525 6.316838443279266 0 0 0 0.1483342349529266 1.583145245909691 0 2.998630046844482 6.580883488059044 4.09948293864727 0.7571691274642944 0.6923700869083405 0.3782345950603485 0.6079621016979218 0 0 0 0 0.349304586648941 0 0 16.82543882727623 1.450476467609406 1.936250284314156 151.8738858029246 5.225852191448212 32.93663951009512 6.962170571088791 889.4231541082263 1.333862647414207 0.2136493772268295 20.34159433841705 11.81933115422726 0.3868575096130371 14.08376059681177 0.3094093501567841 24.51575173437595 1.070649564266205 0.6199062615633011 1.661765068769455 0.3748173117637634 0.1980929523706436
95.19196996837854 1393.385561548173 8145.583933308721 0.4732476323843002 1971.536855116487 3.251335620880127 412.062605433166 2168.226774767041 4447.298525817692 4.051276102662086 0 148.830075122416 1881.16296402365 2049.274496793747 54.05779988318682 34.62645774334669 11.47439754754305 1.68155961483717 0.2567690759897232 4.991143777966499 4.140926226973534 0.3541930913925171 2.598502151668072 2.405950471758842 28.95622742176056 2.403240136802197 1.437175653874874 7.208540834486485 1.390861511230469 0.3356636315584183 872.5829605087638 102.6203244701028 42.69667935371399 1.766143396496773 7.330181255936623 49.64248691499233 14.21217624843121 10.23430449515581 1.998157575726509 3.537045530974865 43.16642803698778 7.220012731850147 2.552276402711868 28.24330970644951 0.7738444209098816 1.137446478009224 346.9996647387743 23.33540787547827 1.314882643520832 1.611281618475914 33.99906499683857 0.899732381105423 0.09240339696407318 3.732285708189011 11.36586158722639 27.20945578813553 27.81291654706001 452.6592639684677 29.13621234148741 154.3483943641186 27.95641116052866 161.5359456539154 45.49720861017704 275.3767544329166 25.01476935297251 26.18758188933134 33.31626339256763 32.00574789941311 53.07146030664444 72.59183920919895 55.60965748131275 9.622816294431686 1.045464523136616 151.7382541373372 675.5057254135609 227.7382359579206 343.8704361915588 209.2366003021598 28.11106784641743 846.1836300417781 5.718971386551857 48.479447491467 30.25929171591997 1.939889155328274 38.05051285028458 33.91281326115131 30.88286294043064 0.1125687509775162 12.46452691406012 1.357450447976589 12.3179916664958 2.71229400485754 56.19700593501329 11.55385152250528 19.69367182254791 161.9352722540498 22.77638830244541 0 1.300464235246181 112.6726908385754 0.4298428297042847 0.6923849880695343 6.744593292474747 0 1.322442710399628 8.239357173442841 0.9136039912700653 6.06913660466671 5.035640031099319 3.486809581518173 2.518522977828979 21.44963179528713 20.09083342552185 34.43983815610409 6.353635713458061 0.9936019480228424 1.952649652957916 0 0 0 0 0 0 0.2377164661884308 0 0 0 1.496693812310696 0.3512875437736511 0.9249249845743179 0 0.3765088021755219 2.451223835349083 0 1.310589820146561 0 0 0.4581042528152466 0.2710600197315216 4.937079697847366 0.6751870214939117 3.27124659717083 4.080330274999142 2.386749632656574 1.058037757873535 0 0 1.333264820277691 1.934455618262291 0.2599722594022751 0.2601813450455666 3.637501105666161 0.8758212625980377 0.4275446832180023 0 0.4363650381565094 0.303977906703949 2.4091871753335 0.5155819058418274 0.2573096454143524 0.2025394216179848 4.166053161025047 7.122929759323597 0 1.953066736459732 2.84537959843874 5.751877427101135 3.282581180334091 0.722095862030983 0.7461757957935333 0.3189732506871223 0 0 1.0816385820508 0.1512140482664108 1.164222076535225 13.12086056172848 1.147661954164505 0.2998577207326889 0 0.9074990302324295 2.878555849194527 4.30471758544445 6.528847187757492 4.126949429512024 7.509323880076408 1.37966114282608 0.3597109466791153 0.7440858036279678 0.4756372049450874 1.00225955247879 0 0 0.5618078112602234 1.058148913085461 0 0 12.92815107107162 8.652299299836159 8.121828831732273 1178.108367979527 207.3509326577187 1096.31077516824 245.1969529092312 143.2018138542771 38.02804438769817 15.32175287604332 373.4000717177987 27.84340940415859 3.17685978859663 13.38492960482836 1.55608057975769 13.92672298848629 0.3899062275886536 0.6773457527160645 1.535330235958099 29.58421511203051 7.242362149059772
382.3147688359022 147.5684667080641 98.25246568024158 977.2290513068438 1.701999858021736 401.4263896495104 75.19234539568424 66.99998399615288 89.69723757356405 2562.048137843609 148.830075122416 0 3468.118706911802 651.335913464427 9.488170109689236 7.229787170886993 1.688789010047913 0.2419467717409134 0 0.1418452858924866 0 0 0.139849841594696 0 0.4318070262670517 0.147435799241066 0.1249186769127846 1.960964918136597 0.1727385073900223 0 102.3518567234278 27.09872563183308 143.4251382350922 0 0 2.719578295946121 30.36076545715332 30.71714906394482 0.2085108757019043 1.145051091909409 4.750768095254898 4.406236350536346 0 3.597321927547455 0 0.5819330811500549 28.04087577015162 1.101371429860592 0 0 2.172021768987179 1.081513553857803 3.055214166641235 0.2950962334871292 0.7389877736568451 2.87872514128685 18.61949545145035 54.13247077167034 3.418798640370369 6.906429104506969 1.837975889444351 57.26281045377254 0.3311696350574493 18.22054021060467 2.294195525348186 1.152453690767288 2.582075655460358 1.644611492753029 0.754925437271595 1.139008335769176 263.9287312626839 29.868388697505 0 19.0990569293499 62.42890656739473 13.23891264945269 27.09070966392756 39.85682452470064 9.685338988900185 146.8358604758978 2.613704174757004 17.07892532646656 2.553771518170834 0.334316074848175 2.370775312185287 3.155786745250225 1.624378055334091 0.5972121730446815 0.9172641634941101 0.1279500722885132 0.5868510529398918 0.4211248159408569 2.052466422319412 0.3860300779342651 2.150104373693466 3911.949745193124 153.6517195105553 10.98705440759659 17.03908154368401 257.1060862392187 6.528477892279625 4.362046122550964 15.38577091693878 5.605360820889473 2.805145666003227 36.01787523925304 12.91377626359463 29.39846177399158 12.96693253517151 10.44792300462723 4.750123918056488 101.683744981885 77.60723055899143 149.20171007514 19.54022574424744 0.5972092598676682 2.061189889907837 0 0 0 0 0 0 0.3989564478397369 0 0 0 1.37017734348774 0 0.1575112789869308 0 0.7765938490629196 0.596546471118927 0 6.443053901195526 0.7471937984228134 0 0.4199983030557632 0.2373205423355103 9.61842967569828 1.387263044714928 5.694891467690468 5.219521388411522 2.653845742344856 0 0 0.2823963165283203 0.6600959748029709 1.272368729114532 1.909519761800766 0 10.98658657073975 3.419321328401566 0 0 0 0 0 0.3501112014055252 0.7178555876016617 0.3450290262699127 11.20675708353519 32.01055379211903 0.7388932704925537 3.934635959565639 3.05707736313343 10.36418485641479 6.92962047457695 2.556765928864479 3.016059376299381 1.309300772845745 0.7022695094347 0 0.578724667429924 0 0.5807046294212341 17.15052844583988 1.799647331237793 0 0 0.6264583021402359 8.140641987323761 5.03898786008358 11.33208428323269 22.08869250118732 18.24895684421062 3.191169023513794 0.9843436628580093 1.529132634401321 2.420137852430344 0.9520093277096748 0 0 0.2473198994994164 0 0.3937974870204926 0 49.08973205089569 12.37923736870289 5.179634094238281 355.2353633120656 19.23355188965797 132.0895130783319 24.76639121770859 607.0824180245399 4.203477241098881 2.10318685323 73.31978502869606 36.97484460473061 1.526914715766907 47.75880243629217 0.4475174844264984 35.48246142268181 3.892773821949959 2.244124531745911 9.919598564505577 4.016426503658295 1.770380705595016
533.7495963796973 975.0684516951442 214.4769744426012 2118.710698872805 123.8456504419446 390.3253620117903 1163.486860908568 50.2881426140666 1510.479354225099 5316.450753495097 1881.16296402365 3468.118706911802 0 1320.191179662943 41.10210937261581 25.11790648847818 9.765517920255661 0.3173425793647766 1.199282258749008 0.9251231253147125 1.680034786462784 0.8821787983179092 0.156908318400383 0.1327194720506668 4.456454433500767 1.54898838698864 0.5988258868455887 5.475281044840813 11.25625170022249 1.67405578494072 105.5226192474365 22.87601870298386 548.4267362579703 0.1910924017429352 0.1394443064928055 6.401279360055923 51.47795028984547 12.98256820440292 11.24152359366417 97.9461859613657 13.15122796595097 7.174163103103638 0 26.9362046122551 1.500649735331535 1.315561532974243 121.9710094481707 4.155057817697525 0.2635482922196388 0.3673406839370728 9.124112114310265 2.295019581913948 17.98003476858139 5.246068470180035 2.093647994101048 5.046551212668419 27.31721291691065 86.81529808789492 9.005933716893196 33.14285902678967 13.61966593563557 276.6075361967087 0.7473541796207428 29.78656081110239 4.529564261436462 5.608177691698074 6.537978172302246 5.938470795750618 4.409278057515621 6.834009319543839 280.8545896410942 106.800708308816 0.4430795684456825 30.89391586184502 102.4235270544887 71.55788861960173 118.6444641277194 139.3193880543113 31.12472882121801 194.5932625904679 10.28289896249771 35.09147763252258 4.432184733450413 0.4137756824493408 6.205777637660503 6.130792900919914 5.361177206039429 0 3.593069165945053 0.3343432322144508 7.24827367067337 1.857331819832325 8.12997704744339 3.927280105650425 16.90457095950842 4186.733439654112 197.0037425905466 11.5538666844368 28.40958304703236 302.9439757317305 14.00004453957081 12.28692308068275 40.00153689086437 33.24235840141773 6.330162465572357 90.60197396576405 29.4433366805315 85.98683246970177 64.90097722411156 72.30112400650978 12.41319823265076 254.8517488539219 214.3226246610284 284.2761460989714 34.28774878382683 2.235082022845745 5.251841768622398 0.3098783046007156 0.467816174030304 0.26798015832901 0 0.2274590581655502 0 4.675351202487946 0.5461755096912384 0 1.326380968093872 8.594921216368675 0.5161389112472534 2.763792522251606 0 3.402766935527325 1.722962141036987 0.3611766993999481 19.61233192682266 0.5940105617046356 0.6519702225923538 1.667651921510696 3.573911651968956 27.52479159086943 4.561463564634323 12.95626905560493 25.84434523433447 12.27317138016224 0.7786564081907272 0.1425635367631912 0.1729992926120758 4.726292565464973 7.353202164173126 5.061418190598488 0 25.113256752491 5.177084103226662 1.251794032752514 0.2753185629844666 0.2444354593753815 0.81350177526474 1.431346915662289 2.532936505973339 1.937006220221519 1.522210471332073 25.78020191937685 58.82946765422821 2.06201259791851 10.61651410162449 16.79818807542324 28.03175537288189 23.29276922345161 6.500547163188457 6.492186509072781 1.823250569403172 1.723600387573242 0 1.446096993982792 0.3160809129476547 0.5961634665727615 58.91923595964909 10.83497186005116 0 0 1.465361520648003 9.933359280228615 30.53495155274868 38.8668570369482 50.27505765855312 34.07264891266823 7.400930941104889 3.776390716433525 6.012245319783688 4.123574607074261 1.278264909982681 0 0 0.2362445816397667 1.641774512827396 0.2049571722745895 0 115.5957347601652 33.58573094010353 36.76448705792427 1267.143522039056 109.8681554719806 434.7090593650937 122.8839936107397 1256.655494600534 14.35514354705811 5.573035508394241 291.6239682361484 89.77176122367382 10.44411742687225 95.00879070907831 2.427807986736298 129.5842413157225 5.047180652618408 3.957891225814819 12.87896472215652 21.45608656853437 3.032130248844624
