0 6131.645179897547 911.9872736856341 1238.77146910876 679.5428558811545 243.562056183815 556.9317025393248 189.8808856457472 53.04684091359377 1340.561547391117 398.7378194779158 168.7528073787689 165.7383084893227 55.64934819936752 2.132984407246113 0.2789833545684814 0.2686028927564621 0 0 0.6701605767011642 1.480703115463257 0 0 0 1.36322820931673 0.8772090449929237 0.1509844213724136 0 0 0.1323113739490509 427.0418184623122 7.230652667582035 17.2178286164999 0.3454025983810425 0 3.043459914624691 1.623109616339207 2.908161230385303 0 0.4318069666624069 0.1112088114023209 0.3906948938965797 0 0.3834586963057518 0.1323670297861099 0.5339614003896713 22.94620277732611 2.784545764327049 1.055110953748226 0.8032858744263649 1.566057592630386 0 0 0 1.893907867372036 11.75791937112808 311.0677535608411 556.8751560673118 39.78210844099522 6.453191123902798 0.9402075186371803 3.557896837592125 0.1462437510490417 8.54048865288496 4.524392850697041 3.793932639062405 0.7001232653856277 1.208155684173107 3.278839915990829 6.620377816259861 3.0307537317276 0 0 147.2182501852512 36.86183937638998 9.345996551215649 4.227932639420033 1.860633336007595 2.08913616091013 132.9637454897165 0.4447770416736603 17.83302254229784 10.54038519412279 0.6698822528123856 4.060330785810947 2.737708002328873 2.372313566505909 0 0.203320600092411 0 0.1384966373443604 0 3.507779203355312 0.2713372111320496 0.1636190712451935 51.92117075622082 0 0 0 1214.666253365576 0.1482276022434235 1.53753650188446 2.635121703147888 2.152640074491501 0 17.65161927044392 3.874593198299408 3.368578374385834 35.26701191067696 7.461144998669624 0.1573628336191177 10.37065881490707 4.446943625807762 6.744056910276413 0.8056154251098633 0 0 0 0 0 0 0 0 0 0 0 0 0 0 0 0 0 0 0 0.1068016216158867 0.2902002930641174 0 0 0 0.8645620122551918 0 0.8603122532367706 0.387400209903717 0 0 0 0 0 0 0 0 0 0 0 0 0 0 0 0 0 0 0.91822749376297 0 0 0 0 1.275627255439758 0 0 0 0 0 0 0 0 0 3.031657829880714 0 0 0 0 0.3695951402187347 0 0 0.2070781886577606 0 0.193959966301918 0 0 0 0 0 0 0 0 0 0 2.559639662504196 0 0 57.41888210177422 10.20011303573847 81.518354780972 10.65322058647871 1075.046669766307 21.60220428556204 0.3699160441756248 7.700241900980473 0 0 0.09573910385370255 0 15.68708977103233 0.5652283430099487 0 0 0 0
6131.645179897547 0 1818.517775505781 343.8047576844692 3559.704582586884 184.4655258134007 3906.862868689001 499.6993607506156 836.9227719604969 584.4476459845901 1055.320331998169 33.76535530388355 1194.258099287748 522.7708284556866 8.795450769364834 2.507211744785309 0.9736094549298286 0.9223332479596138 0 1.892186626791954 2.579639330506325 0 0.1929286271333694 0.2244774028658867 3.593376979231834 4.850149296224117 1.268540821969509 0.9098673164844513 0 0 2258.765187166631 62.127709813416 53.96593116223812 0.1514505594968796 0 8.094020821154118 9.118076734244823 6.552712075412273 0.336899109184742 0.1915484219789505 1.116282232105732 2.342282436788082 0.7892743200063705 0.2972694113850594 0.2436359897255898 0.8811026886105537 209.0390629917383 36.05507711321115 2.331643223762512 0.9699724465608597 8.385018646717072 0.1386433243751526 0 0.4020887464284897 11.5932149887085 63.71082732081413 345.9333319887519 1189.38257881254 54.46946097165346 67.29020171612501 4.483785420656204 10.70715482532978 1.746655389666557 31.34479103237391 49.30241674929857 27.51895366609097 7.630074143409729 10.16968606412411 10.54350610822439 18.38717143237591 20.43698924779892 4.345507204532623 0 629.3645034506917 188.8429263532162 83.68624527752399 21.46458594501019 4.989118225872517 10.36157195270061 340.3789965733886 1.840088240802288 58.09472562372684 80.09421511739492 2.099638268351555 38.21021890640259 25.58573035150766 18.4196912124753 0 6.339979372918606 0 0.2302737683057785 0 15.17358858138323 1.968493729829788 1.533101797103882 102.227412045002 0 0 0.137000560760498 1050.080924205482 0.7798427641391754 7.747114673256874 10.30592100322247 3.64099058508873 0.8498597741127014 37.27926336973906 3.529925584793091 11.59130169451237 32.63076321780682 13.22518974542618 1.2336785197258 54.97915588319302 26.18587847054005 50.24965506792068 16.77892446517944 0 0.2006895393133163 0 0 0 0 0 0 0 0 0 0 0 0 0 0 0 0.1630009561777115 0 1.636496722698212 0 0 0 0 13.42677921056747 1.647012963891029 6.825320079922676 0.6355652958154678 0.2098542749881744 0 0 0 0 0 0 0 0 0.1438971906900406 0 0.4795634746551514 0.2313943058252335 0 0 0 0.6856451034545898 0.132767915725708 0.8070110529661179 0.2587357461452484 0 0 0 15.06779117882252 0.6820206940174103 0 0 0 0.3167551159858704 0 0 0 0 32.46735182404518 0.3397842049598694 0 0 0.3173401355743408 3.661515280604362 0.526924192905426 3.285533055663109 1.804129898548126 0.5644635111093521 1.619723051786423 0 0.1580526083707809 0 0.2020785883069038 0.2707163617014885 0 0.3052026033401489 0 0 0 10.37143443524837 3.597369834780693 2.818883776664734 398.9664148688316 49.09280809015036 765.2577146813273 102.1631100699306 1153.990934900939 102.8543725386262 3.345835849642754 65.99731544405222 7.553440004587173 0.1323830634355545 2.23171528428793 2.635879307985306 30.99550838768482 0 0 1.244888253509998 1.385914668440819 0.8532974570989609
911.9872736856341 1818.517775505781 0 1.817798689007759 697.6545683220029 1.712488695979118 62.31879737973213 1605.836829133332 343.4237893372774 1.290725760161877 1772.415433593094 6.856225878000259 59.08489732444286 412.4115191400051 15.06931181997061 3.114077791571617 1.68905870616436 1.758763179183006 0.2191935852169991 3.111232437193394 7.20929578691721 0.2816931903362274 0.282714731991291 0.229224905371666 7.414818428456783 4.108035922050476 1.300206251442432 0.2759571522474289 0.2468857169151306 0 4113.697559066117 816.1931532993913 70.17864686250687 0.4619219303131104 0 14.66769434511662 3.905306033790112 19.01560769230127 0.3733250424265862 1.817529506981373 1.942272953689098 2.877277210354805 3.442456722259521 2.038998298346996 0.2791422605514526 4.574152112007141 92.82539892196655 14.48246464133263 2.690457284450531 9.795336328446865 11.73131075501442 0.9018920809030533 0 0.7372489720582962 5.246227011084557 24.9889348372817 180.8652954250574 1306.508583933115 26.07932018488646 30.18712013214827 13.88883187621832 14.68139199912548 4.137768849730492 97.04329162091017 18.53863417357206 8.858058795332909 5.26017414778471 19.45789767801762 33.62625646591187 42.16082576662302 3.361947104334831 2.381723284721375 0 298.1468005627394 121.8968571200967 53.34135424345732 20.3862286657095 9.258411511778831 45.10576862841845 881.2398429363966 17.21170394122601 216.3979266136885 30.36801836639643 0.926257997751236 12.99812089651823 11.28368471562862 20.71030700951815 0 2.647870369255543 0.1282720416784286 0.9581753760576248 0.591247633099556 26.40809784829617 4.273804992437363 0.9685795158147812 10.5795334726572 0.826139897108078 0 0 252.5991458743811 0.1931911706924438 0 0.3204290568828583 0.2431060373783112 0 0 0 0.8656148463487625 0.6306434869766235 0.7794885635375977 0 2.521344855427742 2.207574218511581 3.343014761805534 1.591730214655399 0 0 0 0 0 0 0 0 0 0 0.1804697811603546 0 0 0 0 0 0.1316953897476196 0 0.1068266928195953 0 0 0 0.5458418726921082 0 2.578980788588524 0 2.00501349568367 0.1420209556818008 0 0 0 0 0 0 0 0.324365109205246 0 0.1667858213186264 0 0 0 0 0.3823841065168381 0 0 0 0 0 0 0 0.2095832079648972 2.38895508646965 0 0 0 0 0.186076819896698 0 0 0 0.1518416702747345 5.883761368691921 0 0 0 0 0.2789229676127434 0 0 0 0 0 0 0 0 0.114201508462429 0 0 0.3155288174748421 0.1935935169458389 0 0 0.9323149770498276 0.5216079354286194 1.416752964258194 130.4232412874699 23.59836466610432 230.3783511742949 43.7185055911541 159.7136867344379 30.8251681625843 1.653306558728218 19.85878304392099 0.1143114864826202 0 0.9331406205892563 0.5586186945438385 0.3539584875106812 0 0.1374915391206741 0.5419420599937439 1.221976220607758 0.1655540764331818
1238.77146910876 343.8047576844692 1.817798689007759 0 9.948583781719208 404.2226088196039 268.850463539362 0.8214748650789261 22.65726067870855 2425.46560408175 1.206069633364677 1222.056431993842 1299.919067457318 20.82074674963951 0.1946597695350647 0 0 0 0 0 0 0 0 0 0 0 0 0 0 0 10.58052694797516 0.2291024997830391 1.223912842571735 0 0 0.4425776302814484 0.1543622761964798 0.1257677674293518 0 0 0 0.1757227629423141 0.1202566102147102 0.2409528717398643 0 0 15.53367689996958 3.821321442723274 0 0.160441517829895 0.5617830753326416 0 0 0.1940428763628006 0.5278793573379517 6.368536494672298 35.96297688037157 85.75483891367912 4.580781221389771 5.000191770493984 0 0.1331508308649063 0 4.694024160504341 5.568216718733311 2.678108885884285 0 0.2243020087480545 0.4493238627910614 0 5.131999373435974 0 0 63.97229523211718 14.81610103696585 5.605015017092228 1.201377913355827 0.1247774288058281 0 0.2183962985873222 0.3331620544195175 0.9691383764147758 8.944692172110081 0.3523702993988991 3.695991516113281 1.770832002162933 0.9927045330405235 0.1799358427524567 0.4608738794922829 0 0 0 0 0.2217721194028854 0.2722530364990234 87.50465884804726 0 0 0 143.8077409565449 0 0.8127866834402084 3.532616376876831 1.307064205408096 0.4694947302341461 12.80345717072487 2.559676975011826 2.53586845099926 22.19682665169239 2.406169548630714 0.173390731215477 14.69003413617611 7.309602662920952 9.887088790535927 2.467520773410797 0 0 0 0 0 0 0 0 0 0 0 0 0 0 0 0 0 0 0 0 0 0 0 0 0.8254274725914001 0 0.9712537825107574 0 0 0 0 0 0 0 0 0 0 0 0 0 0 0 0 0 0 0 0 0 0 0 0.199872612953186 1.201305627822876 0 0 0 0 0 0 0 0 0 3.057108730077744 0 0 0 0 0.1371668726205826 0 0.4584476947784424 0.1712619215250015 0 0.1986007243394852 0 0 0 0 0 0 0 0 0 0 1.95868618786335 0 0 45.407724365592 4.517286524176598 76.05958141386509 8.334466844797134 620.555479452014 10.61779586225748 0 6.301063485443592 0.6951617002487183 0 0.4438210129737854 0.2260904610157013 11.90643733739853 0.9669748544692993 0 0 0 0
679.5428558811545 3559.704582586884 697.6545683220029 9.948583781719208 0 2.847666025161743 3079.411708928645 204.3178063333035 4478.201797328889 163.5795822143555 1313.014662891626 30.7447729036212 1152.473261535168 2696.230805918574 15.87319849431515 0.7506072595715523 0.4338152632117271 0.1108373776078224 0 0.1013993844389915 0.4317299723625183 0 0.09437353909015656 0.2333480194211006 0.488652840256691 3.231378354132175 0.1607230752706528 1.870512403547764 0.3999571949243546 0.329266369342804 142.7352319061756 53.14197772741318 26.9288057461381 0 0 3.165934875607491 18.596874371171 1.355727672576904 0.4775246828794479 0.4028117135167122 2.02893053740263 2.308368869125843 0 0.3511389493942261 0.09507070481777191 0.3080942705273628 229.6958258077502 28.23570462316275 1.928573220968246 1.003254421055317 8.083577863872051 0.8170850872993469 0 0.7793336063623428 6.766784101724625 33.53127717226744 59.67322104424238 246.7264630272985 14.98328955471516 79.0139139816165 0.2981421574950218 4.607685208320618 0.1217273622751236 42.47956630587578 39.01301918923855 21.3270054012537 6.13334558904171 6.265809901058674 3.038126215338707 3.645314402878284 54.41316299140453 5.253786817193031 0 292.9633522182703 146.9656518250704 132.0044225752354 30.03148969262838 3.36721970140934 1.229489251971245 25.43628525733948 0.5329722017049789 14.70916727930307 56.25858847051859 2.089012160897255 36.00587433576584 20.02799721062183 14.10766001790762 0 7.50896493345499 0 0.9076535776257515 0.7889205887913704 4.761282354593277 1.67686340212822 1.118660256266594 104.243694677949 1.026072099804878 0 0 41.33521494269371 1.180170625448227 8.270459488034248 20.19460132718086 14.76002149283886 1.965365968644619 73.80146318674088 9.387442201375961 41.69707669317722 61.94915905594826 47.82185614109039 4.35744621604681 173.0280743688345 102.9282369762659 160.9790069311857 59.71379555016756 0.3984793424606323 0.5038657784461975 0 0 0 0 0 0 0 0 0 0 0.4921510219573975 0 0.5931774973869324 0 0 0 0 4.973455555737019 1.288732200860977 0 0.7315248250961304 0 34.0692430511117 4.112572446465492 19.12890389561653 3.270517691969872 0.3800936639308929 0 0 0 0 0 0 0 2.259069517254829 2.219616606831551 0 0.2108444422483444 0 0 0 0.6413228362798691 0.1859477758407593 0 0.979997307062149 0.2315126806497574 0.5201237201690674 0 1.490876495838165 39.5362770408392 0.4598146378993988 0.2280767410993576 0.1576456725597382 0 0 0 0 0 0 129.5794824361801 0.4652112424373627 0 0 0 7.292566359043121 0 11.4268167167902 2.736430406570435 0 2.232305862009525 0.603418380022049 0 0 0 0 0 0.1225782930850983 0 0 0 52.17825394123793 7.575299054384232 7.488073363900185 328.7444116324186 61.43584768474102 692.1654891893268 153.4920640662313 154.1898641958833 102.5296118929982 7.104247458279133 68.49102170020342 5.108998194336891 0.5751858949661255 7.782363906502724 3.032494470477104 28.13224944472313 2.398622199892998 0.1216534227132797 2.415855534374714 2.416927814483643 0
243.562056183815 184.4655258134007 1.712488695979118 404.2226088196039 2.847666025161743 0 108.5605157613754 0 2.106124296784401 840.2244474440813 1.091832518577576 293.756659835577 159.6653798520565 18.09663304686546 0 0 0 0 0 0 0 0 0 0 0 0 0 0 0 0 3.509752243757248 0 4.611024975776672 0 0 0 12.65518824756145 0 2.165942043066025 0 0 0 0 0 0 0 0.6191365718841553 0 0 0 0 1.298210978507996 0.2092485874891281 0 0 0.1453467905521393 244.0277046114206 35.94996529817581 5.185020565986633 0.1393600404262543 0.1403301805257797 0.3291176036000252 0 0.7700589746236801 0.3841118514537811 0.1226493492722511 0.1047185733914375 0 0 0 86.41155891120434 44.05861878395081 0.1932870149612427 4.227618992328644 3.744815200567245 0.5349182188510895 0.1585558354854584 0 0 1.66267928481102 0 0 1.456795260310173 0 0.2518711090087891 0.1125356703996658 0 0.9502266496419907 1.481495171785355 0.8051538914442062 0 0 0 0 0 404.0983560681343 16.7001838684082 3.27748566865921 9.007003128528595 484.6668937951326 0 0.8819358348846436 4.552902400493622 0.8701394200325012 0 2.522850915789604 0 0.6005012840032578 9.372686624526978 1.889158010482788 0 4.321268245577812 4.284875720739365 0.6522225439548492 0.2141832858324051 0 0 0 0 0 0 0 0 0 0 0 0 0 0 0 0 0 0 0 0.7162391245365143 0 0 0 0 0.1722542345523834 0 0 0 0.3730096071958542 0 0 0 0 0 0 0 0 0 0 0 0 0.435219943523407 0 0 0 0 0 0 0 0 0 0.2876499891281128 0 0 0 0 0 0 0 0 0 1.290032505989075 0 0 0 0 0.2240031808614731 0 0 0 0 0.1649869978427887 0 0 0 0 0 0 0 0 0 0 1.621882930397987 0.2184065133333206 0 3.141884177923203 0 5.216307312250137 0.1487176865339279 353.1214747130871 1.712961763143539 0 0.6171891987323761 0.1309730410575867 0 0 0 3.200550615787506 0 0 0 0 0
556.9317025393248 3906.862868689001 62.31879737973213 268.850463539362 3079.411708928645 108.5605157613754 0 18.69133153557777 2131.374092772603 1806.837646849453 82.00860058516264 89.29008527845144 7218.28907995671 1705.958370253444 9.049847140908241 0.7232771888375282 0.2593999132514 0 0 0.386847659945488 0.1457890272140503 0.4175469577312469 0 0 0.2152578830718994 2.401675723493099 0.1890189945697784 1.565166123211384 0.1642056703567505 0.3189212158322334 56.13931971788406 17.87127903103828 55.20137097686529 0 0 0.1269892454147339 16.82433176040649 0.6648373529314995 0.1422574073076248 0.09213002026081085 1.078437954187393 1.624132320284843 0 0.5219975113868713 0 0.5366216748952866 175.4744689539075 25.17885050177574 0.6365595906972885 0.6216992363333702 5.81722541898489 0 0 0.842024028301239 3.394581288099289 33.83017843216658 90.99851534515619 261.6514889374375 18.73360338807106 56.95590306818485 0.8230153024196625 6.788166411221027 0 21.70643850415945 29.44043513387442 20.03589605540037 3.967507809400558 4.389045268297195 2.360001102089882 1.636800788342953 61.81070167571306 6.704918682575226 0 307.4766340255737 105.5342519953847 76.28167302906513 19.94772652536631 1.360200315713882 0.5203076750040054 18.8309174478054 1.403187900781631 9.741441302001476 50.88649506121874 1.394389353692532 26.82773038744926 16.80419348180294 11.10751212388277 0 4.180647730827332 0.1665197610855103 0.3026058748364449 0 3.013593003153801 0.9307801648974419 1.020735323429108 278.9772160500288 1.935756146907806 0 1.524996757507324 114.5879160091281 0.3311377018690109 14.90820834040642 47.30825313925743 15.71879422664642 4.542077764868736 100.3891878202558 16.19612146914005 45.49225099384785 91.42552436888218 53.12643779814243 6.410218432545662 299.7278710380197 123.8115112930536 182.4102829620242 78.05170852690935 0.7753631919622421 0.1228293851017952 0 0 0 0 0 0 0 0 0 0 0 0 0.3511130213737488 0 0.5968588590621948 0 0 3.538774505257607 0.6120595633983612 0 0.557677149772644 0.5486479997634888 36.3662469163537 5.767870500683784 23.49539924412966 3.213803991675377 0.394189715385437 0 0 0 0 0 0 0 0.9806484431028366 4.298550754785538 0 0 0 0 0 0.3781916201114655 0.4045308828353882 0 0.3468871787190437 1.08165018260479 0 0 0 45.63259680569172 0 0.1839146316051483 0 0.107054203748703 0 0 0 0 0 150.1200526580215 2.618217766284943 0 0.1475527137517929 0 5.441284686326981 0.7235836386680603 9.076696008443832 3.188223034143448 2.819646775722504 4.215855449438095 0.7819885760545731 0 0.2197238653898239 0.1393326818943024 0.1220156475901604 0 0.114206925034523 0 0 0 76.91587215662003 6.719299972057343 13.23290760815144 351.2120766118169 42.14069331437349 600.2760428413749 114.5446167737246 570.5752317607403 96.78288896381855 3.143665969371796 73.04168218374252 4.728546157479286 1.389481797814369 11.76977068930864 2.858928062021732 44.89252057671547 4.092816390097141 1.70912492275238 2.27748130261898 1.835443891584873 0
189.8808856457472 499.6993607506156 1605.836829133332 0.8214748650789261 204.3178063333035 0 18.69133153557777 0 542.3187357485294 1.212251126766205 3693.23802486062 11.29214322566986 116.2071864306927 636.8954826593399 15.37116348743439 2.587871633470058 1.139105878770351 1.696462094783783 0.5425292477011681 5.005876302719116 11.00588840246201 0 0.4831199049949646 0.5500789284706116 5.707450620830059 3.999969765543938 1.225874975323677 0.1424462497234344 0 0.1357191056013107 1515.796658195555 3419.98555444926 70.67411838471889 0.8581889718770981 0 13.11940342187881 8.515769980847836 13.6362474039197 0.2999359592795372 1.799554705619812 2.280177012085915 1.605540484189987 6.525297686457634 3.071298137307167 1.417060472071171 10.59269910305738 165.6685506030917 22.4182298257947 1.635291263461113 11.7951991930604 9.181594163179398 0.9851731061935425 0 0.3044955283403397 6.672646179795265 31.37889172136784 127.3481116890907 931.7791751623154 21.23960196226835 58.96562811732292 47.25197627395391 11.57029704004526 2.795536957681179 384.658289834857 31.93979085981846 17.54896528273821 11.24759655445814 26.3937562033534 45.93693368136883 48.1042517721653 2.693053111433983 0.626457616686821 0 405.2406137809157 270.4911440089345 109.3687410205603 55.83212821930647 62.29552333056927 705.6609719768167 1384.719113893807 123.7810895889997 1030.744319044054 46.83150857686996 1.892567336559296 23.91130815446377 16.17863436043262 34.06990860402584 0 4.414968594908714 0.6388873159885406 0.1516447812318802 0.2383236065506935 37.31932458281517 4.707990631461143 0.3802611753344536 5.9039067029953 1.210475355386734 0 0 83.42368868738413 0 0 0 0 0 1.984887927770615 0 0.3640727698802948 0.9595906436443329 0 0 0.8694493621587753 3.059370458126068 4.514850743114948 2.028933018445969 0 0 0 0 0 0 0 0 0 0 0.1828971803188324 0 0 0 0 0 0 0 0 0.1206926852464676 0 0 0 0 1.812513932585716 0.2795191705226898 1.482612162828445 0 0.1298660486936569 0 0 0 0 0 0 0 0 0.332273542881012 0 0 0.1957381963729858 0 0.1508017778396606 0 0 0 0 0 0 0 0 1.661957278847694 0 0 0.09429311007261276 0 0 0 0.12285066395998 0 0 5.243658028542995 0.3037998974323273 0 0 0 0.3008243143558502 0 0 0 0 0 0 0 0 0 0 0 0 0 0 0 1.468090951442719 1.033280961215496 1.29262812435627 151.8025234490633 25.34810338169336 373.0405195653439 58.08372319489717 99.59912431240082 41.99069160223007 2.72265087813139 32.97310235351324 0 0.4548764452338219 1.377598948776722 0.5841151848435402 0.1325482726097107 0.2835357412695885 0 0.1332543790340424 0.9395895302295685 0.2018875926733017
53.04684091359377 836.9227719604969 343.4237893372774 22.65726067870855 4478.201797328889 2.106124296784401 2131.374092772603 542.3187357485294 0 161.6548351421952 1961.857602141798 30.79176636040211 1066.331094302237 3600.309000894427 9.796773634850979 0.302534893155098 0.07934668660163879 0.1043850556015968 0.1130481213331223 0 0 0 0.1781829297542572 0 0.1396977752447128 0.7259735018014908 0.283639207482338 0.236979104578495 0.1390583366155624 0 30.27664368599653 17.66621790826321 12.34877301007509 0 0 0.4531746208667755 6.483639985322952 0.2299688756465912 0 0.1536403596401215 0.2504602000117302 0.5770499259233475 0.2520966306328773 0.256223089993 0 0.2373325675725937 81.28024969995022 9.697714157402515 0 0.208821527659893 3.312096960842609 0.3302791714668274 0 0.1187582761049271 1.951418854296207 7.908649802207947 15.08827938884497 61.98278483003378 5.149967439472675 27.59336940199137 0.5006014704704285 1.881768390536308 0.2515233382582664 17.32824595272541 8.250502951443195 6.330056056380272 2.291456378996372 2.396856062114239 0.44828050583601 1.96269503235817 15.47162540256977 1.222667038440704 0 96.96687015891075 50.45482789725065 50.71419686824083 16.19556995481253 1.803154073655605 0.2227509766817093 8.934682875871658 0 5.250229723751545 15.47913090884686 0.3250764757394791 10.79414470493793 5.634672932326794 4.346844479441643 0.08877661824226379 0.8816042020916939 0 0.1653999537229538 0.1605526059865952 1.897872909903526 0.6872512772679329 0.9118308871984482 83.50138939917088 0 0 0 5.683475777506828 0.7476927191019058 6.117317974567413 13.47073773294687 5.663477584719658 0.8111205324530602 34.76099234074354 2.564153924584389 24.10455101728439 24.31481386721134 22.06725616753101 2.056260973215103 99.17927636951208 50.71074733883142 87.5047057941556 27.65840776264668 0.1105554923415184 0 0 0 0 0 0 0 0 0 0 0 0 0 0 0 0 0 0 2.726935356855392 0.4642166644334793 0 0 0 13.87003058940172 1.63239423930645 6.467404887080193 0.6967260614037514 0 0 0 0 0.2244968265295029 0 0 0 0.1496325433254242 2.076721087098122 0 0 0 0 0 0 0 0 0.2440161854028702 0.1722654849290848 0.7694701552391052 0 0.3158675730228424 16.71377694606781 0 0 0 0 0.1977795958518982 0 0 0 0 57.59132362902164 0.3517971932888031 0 0 0 3.943367257714272 0 8.577763184905052 1.817027300596237 0.5045643299818039 1.652939602732658 0.6072318702936172 0 0 0 0 0 0 0 0 0 33.06830635666847 4.781363785266876 4.453460328280926 154.4132957682014 19.70977927744389 260.7354194298387 54.51909650117159 60.54658578336239 36.10902437567711 1.497636325657368 28.42843796312809 3.756494730710983 0.3360764384269714 4.971782676875591 1.293666131794453 11.49648436903954 1.451600626111031 0 1.184374779462814 0.6594013124704361 0.1523794382810593
1340.561547391117 584.4476459845901 1.290725760161877 2425.46560408175 163.5795822143555 840.2244474440813 1806.837646849453 1.212251126766205 161.6548351421952 0 2.086311638355255 3620.933213427663 11884.23720166087 156.0516164600849 0.1635527312755585 0 0 0 0 0 0 0 0 0 0 0 0 0.1364793926477432 0 0 6.570339106023312 0.3815188184380531 13.36058815568686 0 0 0.5020995140075684 6.546809121966362 0.5119413435459137 0.3890067487955093 0 0.1229107901453972 0 0 0 0 0 17.79560179263353 2.719342902302742 0 0 0.4084168672561646 0 0 0 1.257408894598484 7.283069372177124 66.17568115890026 68.18284363299608 5.719871208071709 5.1128990650177 0.128482922911644 0.506127268075943 0 1.778943829238415 5.665445260703564 2.546629771590233 0.584023505449295 0.2446644455194473 0 0.2452513426542282 122.0585348904133 0.3687978386878967 0 60.85849744826555 13.6453640460968 5.842865869402885 0.4593405872583389 0.1951707750558853 0.1363688558340073 3.069176539778709 0.09951679408550262 0.5862312838435173 8.003624051809311 0.2093606516718864 3.94373145699501 2.288961388170719 0.8410569950938225 0 0.2806533873081207 0.6390520334243774 0 0 0 0.1240410134196281 0 1015.988525852561 5.519086599349976 0 0.7718636095523834 683.4771071821451 0.9521826952695847 40.33552004396915 43.45616687834263 32.87017607688904 1.970756784081459 82.16138643026352 38.99888654053211 45.24283042550087 136.5238357186317 54.23117546737194 3.331840336322784 227.8454392403364 345.6960628032684 145.7204866483808 21.6085446625948 0 0.2034511268138885 0 0 0 0 0 0 0 0 0 0 0 0 0 0 0 0 0 1.896130919456482 0.2001260966062546 0 0.2065722495317459 0 4.000586852431297 0.4255771189928055 4.55764701962471 0.2168138325214386 0 0 0 0 0 0 0 0 0.4335815161466599 1.168951332569122 0.13331638276577 0 0.2022487372159958 0 0 0 0.1373286694288254 0 0.4161092042922974 0 0 0 0 8.373361364006996 0 0.1651477962732315 0 0 0.1887683123350143 0 0 0.2521416246891022 0 44.86541649699211 0.3527446687221527 0 0 0 1.277084320783615 0 3.072929739952087 2.538540914654732 0.5736779570579529 3.575674042105675 0.1436053514480591 0 0.2086421400308609 0 0 0 0.1803252249956131 0 0 0 108.204705491662 4.491446614265442 1.377374544739723 75.79392366856337 5.170342862606049 70.90216632187366 10.75605051219463 1277.130731776357 13.07736936211586 0.851211778819561 9.096294105052948 13.74559912085533 0 2.387606650590897 0.3394401073455811 108.5893929451704 0.7394915968179703 0 0.6392395496368408 0 0
398.7378194779158 1055.320331998169 1772.415433593094 1.206069633364677 1313.014662891626 1.091832518577576 82.00860058516264 3693.23802486062 1961.857602141798 2.086311638355255 0 163.7089947760105 1174.484517335892 3779.22339707613 33.27811800688505 4.346472464501858 1.96056404709816 0.939470961689949 0 1.519959457218647 5.635977864265442 0.1548171490430832 0 0.9578228741884232 17.40526660531759 5.907285712659359 1.575702488422394 1.322322823107243 0.1914555877447128 0 305.1279911547899 210.2802786380053 310.9757874533534 0.525682806968689 0.6903322339057922 49.15241651982069 48.34083469957113 53.35360816121101 1.612296432256699 4.284303851425648 1.776051007211208 5.091309018433094 3.151828035712242 0.7879632413387299 0.09420467913150787 1.46637599170208 219.0279875472188 19.43812023848295 2.306416891515255 3.959633208811283 8.365129910409451 0.3403774201869965 0 0.4165832549333572 2.848057121038437 15.401322491467 47.71899848431349 235.8765571564436 10.09550701081753 60.51977182179689 5.913146711885929 19.92687211930752 3.635564677417278 77.42152687907219 19.13477360457182 11.26632022112608 7.038370832800865 13.59474088996649 20.50020246207714 35.79053217917681 23.36430422961712 2.884634405374527 0 202.3372166007757 133.1062362715602 135.8734173998237 53.15338990092278 16.7980218231678 35.80894083529711 554.9862498268485 3.038971833884716 91.17582440376282 27.52567192912102 0.9570779949426651 14.62327790260315 7.365821316838264 15.69876278191805 0 3.261255480349064 0.264299750328064 0.4426960796117783 0.2910841926932335 28.86263692378998 8.760710664093494 1.896163672208786 46.07447308301926 3.315056994557381 0 0.1932048350572586 55.91063555330038 0.230181023478508 0.4200986623764038 2.361664414405823 0.4881356805562973 0.7282333225011826 7.499478481709957 0 5.589287936687469 8.577676087617874 4.020191639661789 1.541069835424423 17.85365340858698 10.38967128098011 25.16489451378584 10.4138790294528 0 0 0 0 0.1174954026937485 0 0 0 0 0 0 0 0 0 0 0 0 0 0 0.1276159733533859 0.3085507750511169 0 0 0 8.947596691548824 0.4925694018602371 5.36487003415823 0.3917368873953819 0 0 0.1079727709293365 0 0 0 0 0.2706790566444397 0 0.1353869438171387 0 0.1238352060317993 0.1320838630199432 0.1334323436021805 0.3615009933710098 0 0 0 0.4234433770179749 0 0 0 0.1220627203583717 7.685374312102795 0 0 0 0 0.1722471415996552 0 0.0900452584028244 0 0 29.54014732688665 0.3007377982139587 0 0.3506960570812225 0.458334669470787 0.6883837878704071 0 2.124386489391327 0.2288688123226166 0.1260877996683121 1.202509827911854 0.1432508081197739 0 0 0.1226815581321716 0 0 0.235576868057251 0 0 0 6.060622662305832 2.884738460183144 3.495697356760502 317.7263145595789 47.39077227562666 506.6248696967959 108.3197037950158 117.6575606316328 61.62905207276344 3.103683196008205 71.05611602216959 3.291994243860245 0.4203483313322067 2.78750504553318 1.554988086223602 3.233924448490143 0 0.7205243483185768 0.6717255562543869 1.730771869421005 0.266570121049881
168.7528073787689 33.76535530388355 6.856225878000259 1222.056431993842 30.7447729036212 293.756659835577 89.29008527845144 11.29214322566986 30.79176636040211 3620.933213427663 163.7089947760105 0 1654.721666693687 281.1467089653015 7.709502033889294 1.113456413149834 0 0.3178073167800903 0 0.182927280664444 0.8668265789747238 0.4174579381942749 0 0 1.427556574344635 1.444647014141083 0 0 0 0 0.7807748466730118 1.772238150238991 37.43941940367222 0 0 2.777121052145958 35.47828809916973 4.941311322152615 0.1953934133052826 0.7900592535734177 0 0.7520500421524048 0 0 0 0 22.88034286350012 2.306952401995659 0.188678577542305 0.1184353902935982 0.354504831135273 1.472275972366333 0 0.8998466283082962 0.2623771727085114 0.1117691397666931 10.89582194387913 6.367089346051216 0.5332650542259216 3.991056926548481 0.6752216964960098 2.092806488275528 0.9750704765319824 4.775246649980545 0.8595650270581245 0.9129039496183395 1.208531029522419 1.959991797804832 4.238875865936279 7.876469314098358 133.2676417678595 41.84054039418697 0 21.12409310787916 5.499709405004978 14.11165063083172 5.290301568806171 2.047033704817295 0 7.150690004229546 0 6.664777278900146 3.09675607085228 0 0.8202443718910217 0 1.737978234887123 0 0.2407858669757843 0.2278033941984177 0 0 4.888355426490307 0.8352342247962952 0.2433697134256363 3723.111934646964 65.24208471179008 0 1.208512708544731 126.2459199279547 2.048233419656754 14.0345231294632 31.67041763663292 23.48155342042446 5.287732526659966 108.4682843089104 18.85382217168808 58.37016151845455 80.97114349901676 56.69720348715782 8.420245222747326 357.0664979219437 202.4933358430862 316.4367566406727 81.88621650636196 0.6493217200040817 0 0.2816986441612244 0 0 0 0 0 0 0 0 0 0.3150390982627869 0 0 0 0 0 0 5.697739385068417 0.9916414320468903 0 0 0 40.63300031423569 3.093778878450394 14.62706297636032 2.024926424026489 0.3300311863422394 0.4345568418502808 0 0 0 0 0 0 1.341187819838524 2.950606517493725 0 0 0 0.4643801152706146 0 0 0.6812107861042023 0.3920039013028145 1.236605018377304 1.724227100610733 0.2868001461029053 0.1491992473602295 0 44.34932874888182 0.9278688579797745 0.7885017991065979 1.103820100426674 0.395640917122364 0 0 0 0 0 199.9932078868151 3.401657983660698 0 0.2273618429899216 0 10.1344528645277 1.173137858510017 10.24473208189011 3.403498627245426 0.6586191058158875 2.736845172941685 1.263196289539337 0.7555265948176384 0.1883727163076401 0 0 0 0.3183481693267822 0 0 0 253.5730995088816 34.89239752292633 8.650794766843319 104.9822256267071 5.339678272604942 68.60399720072746 16.5997559428215 350.4741771221161 14.20333687961102 0.5501298606395721 18.86185256391764 13.02895721793175 0 7.959672547876835 0.6118985190987587 66.55540566146374 2.165916949510574 0.249146431684494 1.584569200873375 0 0
165.7383084893227 1194.258099287748 59.08489732444286 1299.919067457318 1152.473261535168 159.6653798520565 7218.28907995671 116.2071864306927 1066.331094302237 11884.23720166087 1174.484517335892 1654.721666693687 0 3686.602494195104 51.3801958411932 8.531561784446239 2.309919886291027 0.9030148386955261 0 1.754584632813931 10.70164301991463 0.7314308881759644 0 0.3507002890110016 10.87467180937529 8.8929463326931 1.439938001334667 4.787309914827347 0.6820201277732849 0.3398551344871521 14.3909337669611 20.4957305341959 806.9070483371615 0.1660103499889374 0 59.66459234803915 703.6039281561971 61.70656260848045 4.472360864281654 7.159206628799438 3.377596154808998 3.630720905959606 1.891520150005817 2.383831225335598 0.1188941895961761 1.44343426078558 230.2949662283063 9.718435846269131 2.791454836726189 4.226275503635406 13.48239492624998 2.737250000238419 1.518003344535828 1.814168989658356 1.638518795371056 10.97787283360958 33.12528250366449 64.92419399321079 8.725418001413345 46.95250003039837 6.952592670917511 36.48125642538071 3.287174664437771 56.45120848715305 10.17416255921125 11.14087617397308 9.638451777398586 22.00875549763441 26.24468921124935 45.72701623290777 626.3434773385525 54.07113003730774 0 143.1408432275057 80.83014404028654 137.5011067837477 57.27688334882259 25.17743734270334 3.033073306083679 117.9741409271955 1.465120814740658 79.10429957509041 19.52027487009764 0.4256134703755379 12.09816697239876 6.25112559646368 15.76343373209238 0.1322846263647079 2.640742801129818 0.2876608222723007 0.715706579387188 1.369589552283287 30.66619666665792 8.614312902092934 2.5385926887393 4068.375568933785 78.3058445751667 1.342474371194839 0.6811066642403603 89.3151830881834 5.530555337667465 46.5495492964983 101.3456572517753 59.47632592916489 11.12396125495434 335.8877899497747 48.31936261057854 194.2257666736841 259.6073973923922 184.5350630730391 19.9020414724946 908.3734553307295 524.8365073651075 794.6191435158253 250.2886154651642 1.557554878294468 0.9926533848047256 0 0 0 0 0.2718234956264496 0 0 0 0.4291144758462906 0 0 0 0 0.1176284030079842 0.1068717613816261 0.8242860585451126 0 14.9193861335516 4.19903764128685 0 0.3417957425117493 0 115.7511220276356 10.51537777483463 50.76705741882324 8.664671137928963 1.091546066105366 1.432437092065811 0.1645893752574921 0 0 0 0.6298425197601318 0 6.069092310965061 11.1326135545969 0.7541689947247505 0 0.2959397733211517 0.8211249709129333 0.4275657832622528 0.2960982322692871 0.9292943626642227 0 3.228762961924076 3.030453853309155 0.5912283062934875 0.2332661002874374 0.3151569217443466 126.9160831794143 1.133474335074425 1.197313711047173 0.6801652461290359 0 0 0 0.26407790184021 0 0.12796750664711 599.3869645521045 9.380378037691116 0.5600195676088333 0.2106477171182632 0.177192822098732 25.06551505625248 2.107154443860054 32.57649636268616 11.09215374290943 5.67754365503788 8.132588692009449 2.586997523903847 0.2965568602085114 1.23008231818676 0 0 0 0.4092832058668137 1.306255578994751 0 0.1257633864879608 545.3367433398962 67.41292519122362 42.29531568288803 603.9915912076831 79.71003517508507 562.6089758276939 173.2997574582696 454.3575757965446 95.54883240163326 3.675775364041328 143.4363884478807 20.63209933042526 1.305282384157181 22.73138459026814 4.949712164700031 145.2069981396198 7.230194009840488 0 4.53081439435482 4.230880632996559 0.9506673216819763
55.64934819936752 522.7708284556866 412.4115191400051 20.82074674963951 2696.230805918574 18.09663304686546 1705.958370253444 636.8954826593399 3600.309000894427 156.0516164600849 3779.22339707613 281.1467089653015 3686.602494195104 0 63.75753625482321 10.71271716058254 4.575392924249172 2.163315266370773 0.8117159381508827 3.570648111402988 13.53453806042671 1.835799813270569 0.3739609271287918 0.2953451946377754 39.13013216853142 18.30769012123346 4.41465936601162 3.400960825383663 1.634095132350922 0.1190986260771751 47.90532572567463 58.10903087258339 1932.609486684203 0 0.2615313231945038 187.5075415819883 699.9769316911697 200.9447808116674 14.06532137095928 14.12014017999172 5.769263163208961 12.96204572170973 5.177010521292686 3.92793470621109 0.1930486708879471 1.001972869038582 330.8930021375418 21.44872061908245 5.234811812639236 5.891444742679596 25.68601617962122 2.656020276248455 0.6420812606811523 1.25184541195631 2.219535678625107 12.79012627154589 39.61214409023523 140.9132111445069 15.45074284076691 80.29286017268896 8.287853673100471 72.91977218538523 6.426829464733601 82.28837534785271 18.58875487744808 17.28999303281307 12.2648766413331 35.71014080196619 49.83905567228794 78.50279677659273 317.1148342564702 49.64324556291103 0 243.9359695985913 147.3041103482246 215.052442856133 87.49223726242781 31.64356802403927 6.566809922456741 356.6201879009604 2.736846260726452 115.3259371817112 30.37020237743855 0.6535737439990044 17.49235799908638 12.06294702738523 26.61167638003826 0 4.747656241059303 0.5913391783833504 1.927664652466774 1.472740672528744 63.509771078825 17.35617332160473 7.431352272629738 785.9529351443052 40.64732195436954 0 0.6695677042007446 15.07230227440596 2.350517801940441 11.52522404491901 34.4255893304944 12.83925570547581 5.164032869040966 109.5930484384298 8.200151726603508 58.33996769040823 78.37049921602011 69.34328480064869 11.908099219203 302.5354732424021 160.7238041609526 312.9078264907002 128.9197753667831 1.392191722989082 0.9410055577754974 0 0.1783418953418732 0 0 0 0 0.2349923253059387 0 0.1629804670810699 0.2362399250268936 0.5148689597845078 0.3184787034988403 0.1536034494638443 0.1406107097864151 0.5548499226570129 0 0.3572171628475189 6.882700823247433 1.409075081348419 0 0.9355987459421158 0 89.67657306045294 9.840580135583878 44.13967119902372 11.6785284280777 2.451843544840813 0.242540031671524 0 0 0.2236936837434769 0 0 0.1581845134496689 2.015299901366234 7.720111653208733 0.2314471304416656 0.1314404159784317 0.5863020420074463 0.3606605157256126 2.185047671198845 0.2452029287815094 0.1686955839395523 0 1.002519644796848 0.9125814884901047 0 0 0.664801687002182 88.70875395834446 0.3112272173166275 0.3101639449596405 0 0 0.3746373653411865 0.1741830110549927 0.6999064087867737 0.117418110370636 0 278.6994996592402 9.246816039085388 0 0 0 11.4563170298934 3.317675590515137 24.29242312908173 4.981205776333809 1.639148533344269 5.985554791986942 0.9973540902137756 0.1319205909967422 0.3635969310998917 0 0 0.08962573111057281 0 0.1863687187433243 0 0.3149840235710144 142.6918815821409 41.44915243238211 32.37195517867804 863.6758248209953 104.2418216541409 868.6508153676987 227.8479466214776 273.3931510671973 125.793112821877 6.428325213491917 196.4062040150166 20.94217525422573 1.480474956333637 22.74305206537247 4.660041846334934 45.27099449932575 2.90930462628603 0.2524118274450302 2.391600653529167 6.619441762566566 0.5185420960187912
