0 3877.43967885524 607.493499442935 1961.538342252374 302.6197218298912 166.0501261949539 782.9587182924151 34.12804501503706 80.89297237247229 1182.285930067301 95.95017472654581 41.94899432361126 133.890504181385 200.0834708064795 0.8222705945372581 0.1162310242652893 0.1239563003182411 0 0 0 0 0 0.2237946540117264 0 0 0.2044830471277237 0 0.4332143664360046 0 0 1404.321359343827 0.584084764122963 9.373071447014809 0 0.3080634623765945 0 0.5564509779214859 0.2967959344387054 0 0 0.2350316792726517 0.4000936895608902 0 0.1276542842388153 0.1107701361179352 0 13.20972885936499 1.478955566883087 0 0 0 1.232798844575882 0 0 1.861492648720741 9.093496650457382 401.1735313311219 1585.992383249104 6.260522320866585 39.07627223432064 0.1240779161453247 0 0 5.431047290563583 7.237138532102108 0.854360319674015 1.088837847113609 0.1035496592521667 0 0.7619095742702484 1.248779892921448 41.6276348978281 0 173.2689766660333 101.4813868254423 27.48956948518753 2.06180814653635 0.6644382402300835 0.3145845979452133 100.4668680801988 0 3.952778875827789 12.01106473058462 0.1471688896417618 1.686071433126926 3.269058249890804 0.1495324671268463 0.4165700078010559 0.3265776783227921 2.776558846235275 0.1615877151489258 0.1242639943957329 0.4214374870061874 0 0.1959645599126816 423.6324459835887 43.61978802084923 13.6565819978714 0.2900215685367584 1029.838673971593 0 0.4094561338424683 3.357680588960648 2.791594207286835 0.4904665946960449 6.136420279741287 0.6611062586307526 11.42934939265251 183.8658027946949 17.73247361183167 3.217399880290031 13.92887348681688 12.97362799942493 7.98211207985878 0.2406620979309082 0 0 0 0 0 0 0 0 0 0.151108592748642 0.09311161190271378 0 0 0 0 0 0 0 0 0 0 0 0 0 0 0 0 0.2325904667377472 0 0 0 0 0 0 0 0 0 0.4947516322135925 0 0 0 0 0 0 0 0 0 0.1469064503908157 0 0.4622158408164978 0 0 0.2345616817474365 0 0.09321551769971848 0.1208186745643616 0.09249905496835709 0 0 0 0 0.8885854631662369 0 0 0 0 0.2276266068220139 0 0 0.1258099973201752 0.1461119651794434 0.4718695878982544 0 0.1967695504426956 0 0 0 0 0.1110846772789955 0 0 0 6.483362883329391 0.9391889572143555 0.5410177260637283 97.50057132542133 6.273772768676281 64.05504037439823 12.03183215856552 539.4896517544985 18.62891252338886 0.9693448320031166 8.521222017705441 0.7193773239850998 0.1056403145194054 1.62495169043541 0 1.313672721385956 0.9829698204994202 0 0 0.2988231256604195 0
3877.43967885524 0 802.0990426316857 1890.367281667888 2817.114881530404 159.5807905495167 7771.431808918715 73.8673585280776 1542.897962808609 1529.991709411144 396.3597643449903 161.1766638830304 834.7329839617014 1978.187446884811 7.016843438148499 2.91574165225029 0.3047699630260468 0 0.4082766771316528 0.4495582580566406 0.2211617231369019 0 0.5408779382705688 0 0.4112779498100281 0.8296715021133423 0.1461451500654221 0.4021707624197006 0.2480697929859161 0 2263.760432243347 20.33964555710554 24.41607086360455 0 0.5944423973560333 0.115568183362484 1.43556872010231 0 0 1.072651892900467 1.366701371967793 0.9629617631435394 0.2936380133032799 1.660168468952179 0.2209442108869553 0.5151135995984077 134.3886042684317 9.012188114225864 0 0.2109039649367332 1.281077273190022 0 0.1194953396916389 0.4632533192634583 10.3053515702486 50.28333770483732 124.8226112499833 1445.58998259902 8.722290605306625 136.2645812034607 0.6127102077007294 2.251463532447815 0 63.91707234829664 48.27985680103302 10.83365752547979 7.580400198698044 2.222258068621159 0.6315546035766602 3.865653358399868 0.8369219899177551 17.71588391065598 0 297.0479501411319 284.8223863244057 156.2976171150804 29.15937508642673 1.308673471212387 0.7245760858058929 315.2923345640302 0.8000953122973442 8.34379480779171 55.04955529421568 0.2305284738540649 11.85207378864288 18.53539045900106 3.617070622742176 0.09528794884681702 2.242077864706516 0.2476445585489273 1.36496190726757 0 1.404088996350765 0.1098628640174866 1.371326074004173 253.694960154593 21.65895717591047 0 0.1172519102692604 491.1545190662146 0.1982777863740921 1.918475359678268 3.854536667466164 2.262639492750168 1.882323890924454 38.53708116710186 0.6422542482614517 39.42138773202896 373.5127269774675 41.06330488622189 12.29139079153538 45.83293849229813 50.54563840478659 31.72149828821421 7.758264571428299 0.9865953624248505 0.1781161278486252 0 0 0 0 0 0 0 0 0 0 0 0 0.5980313867330551 0 0 0.1991038918495178 0 4.278926029801369 0.8754341304302216 0 0 0.2090180814266205 5.253365233540535 0 2.163565963506699 2.15529341250658 0.08268133550882339 0.3383989036083221 0.1667522937059402 0 0 0.623589038848877 0 0 0.2388778179883957 1.403926193714142 0 0 0 0 0.3968688175082207 0.3473033234477043 0 0.1056809797883034 0 1.030077680945396 0.3725087344646454 0.1953680217266083 0.800726979970932 3.508086860179901 0.4756360501050949 0 0.4375459849834442 0.302080862224102 0.6768588870763779 0 0 0.1177935004234314 0.4137183427810669 15.91078474372625 1.137505054473877 0 0 0.118141196668148 3.49009907245636 0.9200124740600586 1.440979138016701 2.576059892773628 4.913066171109676 2.012025877833366 0.1823524087667465 1.285380356013775 0.2298299968242645 0.2258720397949219 0.1497422754764557 0 0.1245472580194473 0 0.1242693811655045 0 15.90527781844139 10.70643530786037 5.966819778084755 570.7518126219511 60.53619147837162 518.4603982642293 116.6126807183027 383.7596148625016 44.29969248175621 8.405157849192619 85.78498142957687 13.09043645858765 0.5623015463352203 7.912039995193481 1.593976601958275 0.5928573906421661 0.952180378139019 0 2.166657596826553 3.919575780630112 0.8578116893768311
607.493499442935 802.0990426316857 0 26.92995678633451 495.4779054298997 125.1197507828474 195.4077631607652 4349.251121506095 824.1811189875007 47.66417764872313 5102.223498523235 73.82498468458652 440.4210490956903 3376.053600907326 15.89874539524317 13.22737991809845 3.016055665910244 1.498628333210945 0.599390484392643 3.680349670350552 35.00511314719915 0 21.60946374386549 14.12096316367388 13.80737964808941 31.12032368034124 3.350116670131683 10.91890005022287 0.6679195612668991 0.5171856731176376 4739.641794621944 801.5672358945012 282.3249289691448 3.390932232141495 68.30126016587019 26.89507992565632 5.434821233153343 14.59774958342314 1.926491245627403 14.39760735630989 94.12623747438192 15.81499254703522 24.55222171545029 1.662642806768417 4.317235916852951 1.501428000628948 89.12152916938066 5.658259555697441 0.9849874079227448 12.88081197440624 3.374847486615181 1.696674183011055 1.395884342491627 7.600757755339146 5.050635173916817 26.68344812095165 39.56447090953588 1423.911339759827 6.007610358297825 97.85949186980724 50.60954678803682 71.2208690866828 6.628397613763809 357.7014689818025 28.4739001467824 7.773848839104176 6.352465473115444 26.57135713845491 43.14025608450174 183.9969800934196 10.24279396981001 18.87726015597582 0.1423200517892838 190.7737812027335 351.3743106275797 158.5162597373128 50.70218536257744 6.689256519079208 167.8879376500845 3422.5574009642 57.19240299612284 708.1367800086737 30.48730751872063 0 7.120938837528229 10.97280061990023 10.94540172815323 0.394343413412571 1.279390744864941 0.5441659912467003 1.16290333122015 1.484387315809727 80.84904234856367 18.27575901150703 5.647431336343288 129.316634349525 19.23516045510769 0.1598470509052277 4.932591803371906 133.9663814306259 0 1.634160220623016 2.378795444965363 0.8485589921474457 0.8386663347482681 11.80243822932243 1.24932274222374 24.32809188216925 19.34111036360264 23.55434879660606 7.947066724300385 23.13554345071316 22.68110666424036 15.18966220319271 1.703010618686676 0.9599202498793602 0.2251539081335068 0 0.5031410455703735 0.4851574376225471 0 1.016883037984371 0.1331871449947357 0 0.8949901610612869 0.9217293187975883 0.2263069301843643 0 0.1139539629220963 0.6163502931594849 0.3011936321854591 0 0.4664775505661964 0.2436130568385124 0.3191098719835281 0.810404360294342 0 0.4231235831975937 0.9384047985076904 2.433034218847752 0.1550972163677216 1.303682647645473 3.892643243074417 2.066049039363861 0.3630800396203995 0.8004192113876343 0.2510639801621437 0.2660321891307831 0.6927120462059975 1.224667847156525 0.5419563427567482 0.854693591594696 2.864707037806511 0 0.2901224195957184 1.408055514097214 0.8423484414815903 3.285848818719387 0 0 0.306716725230217 0.1199299246072769 0.6889466941356659 0 1.534408695995808 0.8925860524177551 5.72816064953804 0.7767517939209938 0 0 0.1949442774057388 0.3498162999749184 0.2698352634906769 0 0.2709710150957108 1.909484572708607 4.988300517201424 0.4631112366914749 0 0.3059392273426056 1.679686471819878 0.7517664134502411 0.6736981421709061 2.134246222674847 1.088270433247089 0.3255656957626343 1.093910627067089 0 0.3927706331014633 0.8905233442783356 0.1014454960823059 0.09643673896789551 0 0.2097329199314117 0 0 0.1548635065555573 8.446665614843369 6.670141533017159 3.546353228390217 169.3994417414069 31.09036971628666 223.4144093990326 44.56789249926805 367.8890923410654 20.75405565649271 6.264253973960876 33.17384960502386 2.949884578585625 0.8985323086380959 4.063677191734314 0.1552708894014359 4.683167442679405 0.8079671710729599 0 0.7382400035858154 1.988990463316441 0.345471978187561
1961.538342252374 1890.367281667888 26.92995678633451 0 30.83401360362768 350.6876750290394 678.5545977577567 0.893134593963623 65.98776030540466 1328.895882517099 2.956534273922443 101.2470765262842 343.768582098186 24.32552182674408 0.601633220911026 0.2191777974367142 0.1824720650911331 0 0 0 0 0 0.1794208586215973 0 0 0 0 0 0 0 330.1236458271742 0 1.61604081094265 0 0 0 0.214481957256794 0 0 0 0 0.1395585238933563 0.1161352396011353 0 0 0 17.80491066724062 0.8192442357540131 0 0 0.1852608472108841 0 0 0 2.017033003270626 10.63774581253529 73.06583879143 458.6359421089292 3.980128116905689 27.83432801812887 0.7666175365447998 0 0 1.963343411684036 9.037405654788017 2.333183489739895 1.472461387515068 0.9523472338914871 0 0 1.497566178441048 2.22239089012146 0 85.55229084193707 60.88418412208557 18.54458810389042 2.589643821120262 0 0.1031187921762466 2.875563144683838 0 0.6684244573116302 10.2985457777977 0.08705122023820877 2.826200075447559 3.664189077913761 0.738940067589283 0 0.8957604169845581 0 0.2246229276061058 0 0.1732452511787415 0 0 366.9974955022335 4.865695223212242 0 0 388.6841256767511 0 0.472032830119133 2.12504617869854 0.9772142320871353 0.1825079023838043 5.946696788072586 2.026065170764923 7.407905757427216 106.8866724073887 14.30792962014675 7.449091985821724 12.61499288678169 17.42586350440979 6.17700132727623 0.1845172941684723 0 0 0 0 0 0 0 0 0 0 0 0 0 0 0 0 0 0 0 0.1797666996717453 0 0 0.4089543521404266 0 0 0 0 0 0 0 0 0 0 0 0 0 0 0 0 0 0 0 0 0 0 0 0 0 0 0 0 0 0 0 0.1022381708025932 0 0 0 0 0 0 0.2076549530029297 0 0 0 0 0 0 0 0 0.1698381304740906 0 0 0 0 0.1094399020075798 0 0 0 0 0 0 4.647675737738609 0.5868001580238342 0.8568691611289978 95.92281141132116 9.207058496773243 97.5216668099165 17.50786889344454 252.6495076566935 15.94585584104061 2.516164481639862 14.15659752488136 1.514721065759659 0.1090649887919426 0.4839837849140167 0 2.09726557135582 0 0 0 0.2428881451487541 0
302.6197218298912 2817.114881530404 495.4779054298997 30.83401360362768 0 5.884031906723976 2640.287643045187 11.78944284468889 4167.842155389488 328.1109773889184 1008.45361173898 577.7718247696757 1425.911913223565 2387.039177194238 22.54308500885963 9.697771325707436 0.3777134865522385 0.111280120909214 0 1.075088903307915 0.7314489930868149 0 0.1231167986989021 0 0 1.032274939119816 0 0.8046354651451111 0 0 329.9687337577343 43.45081382244825 11.9254140034318 0 0 0.1393935233354568 1.307484418153763 0.6192597597837448 0 0.4814276248216629 1.477419532835484 0.7473417147994041 0 1.269553363323212 0.1365066468715668 0.3936830833554268 159.7606248781085 7.357246212661266 0.1640610843896866 0.2834595292806625 0.8759466111660004 0.4174404889345169 0 0.2764855027198792 8.626467570662498 36.0030717626214 12.9789804443717 294.0332748070359 3.541465304791927 103.2052288427949 1.398438490927219 1.750408425927162 0 129.4723688066006 38.23059941828251 9.949209719896317 5.835327848792076 4.836577638983727 2.107410036027431 0.795544259250164 6.369104899466038 65.7809237241745 0 110.0957090333104 186.6630620956421 172.163543201983 90.44697726517916 6.210497386753559 0.8196922391653061 96.16696988046169 1.27532421797514 3.5221201851964 36.58624574542046 0.1964735761284828 10.94557927548885 12.89159773290157 4.062074027955532 0.3255890756845474 1.907780885696411 0.2886275425553322 1.804679691791534 0.7909231930971146 1.330166101455688 1.240773312747478 1.977573052048683 208.3972438275814 55.08510395884514 0 0.9670054763555527 11.73243868350983 1.314293168485165 0.2790362536907196 20.47210317105055 4.598910763859749 6.943472608923912 61.65886831283569 1.686045080423355 128.9710232168436 61.74941311776638 107.0993315428495 57.45517466217279 107.413548104465 108.8042234107852 66.96989592164755 16.06943897902966 3.327453941106796 3.075242273509502 0 0 0 0 0 0 0.2576090693473816 0.4750624299049377 0.1392754018306732 0.1714973002672195 0 0.26924729347229 0 0 0 0.2539324462413788 0.690268337726593 3.467348590493202 2.87241031229496 0 0.7419276833534241 0 10.15594473481178 0.3375519812107086 5.426977835595608 2.63776096701622 1.072166182100773 0 0.1753590106964111 0 0 1.312911793589592 0 0 3.160994097590446 11.28221540153027 1.102249339222908 0 0.1831846386194229 0.2852110862731934 0.9117528572678566 0.07950178533792496 0.3556931465864182 0.5649813860654831 1.628184020519257 6.116557292640209 0.3098192512989044 1.718941539525986 0.276122123003006 14.4442203938961 0.9032740443944931 1.041232958436012 0.8742678388953209 0.2013921365141869 0.7763190492987633 0.410659022629261 0.1118471547961235 0.3017841130495071 0 56.81442774832249 2.867450654506683 0 0.2400165051221848 0.4151411801576614 12.70093098282814 0.4169712364673615 8.413332313299179 10.36387441307306 8.154444262385368 6.27391654998064 1.550609968602657 3.968582041561604 1.194762639701366 0.5967245474457741 0 0 0.5694626271724701 0 0 0.1571584492921829 37.60958261787891 43.46970381587744 17.41236683726311 667.3130652159452 111.5260229855776 484.9770966544747 143.9163872152567 78.78339058160782 21.59372850507498 8.806319676339626 108.0287056714296 19.9292673766613 3.136423796415329 31.34309646487236 2.413448251783848 5.603904694318771 2.780921205878258 0 6.130671098828316 6.839288286864758 2.542255401611328
166.0501261949539 159.5807905495167 125.1197507828474 350.6876750290394 5.884031906723976 0 119.3938802182674 4.85397857427597 12.38686142861843 438.4678719118237 10.70014192163944 108.3171330541372 110.6015284955502 17.77061349153519 0.1354921907186508 0 0 0 0 0 0.4750358462333679 0.359089732170105 0 0 0 0 0 0 0 0 250.4542685300112 0.8906702548265457 5.755792513489723 0 0 0 3.813424080610275 0 0 0 0 0 0 0 0 0 2.745993509888649 0.7992176935076714 0 0 0 9.798925787210464 0.8964924812316895 0 0.364001177251339 2.159753918647766 579.0971531197429 365.1167997941375 0.9643110856413841 6.119936667382717 0 1.191634833812714 0 0.1478601098060608 0.4685573577880859 0.4425344541668892 0.3928656056523323 0.4835144877433777 0 0 13.74404910206795 244.9282183647156 5.442381531000137 32.07060698419809 14.49134178459644 2.772507727146149 0.2876295745372772 0 0.2766157984733582 8.843862697482109 0 2.211595833301544 2.263153716921806 2.220204651355743 0.4058897569775581 1.761226132512093 0 1.558279499411583 1.871472120285034 12.14526730775833 0 0 0.2105087041854858 0 0 82.15817438066006 52.95747566223145 16.6545218527317 0.9389033317565918 880.4805562198162 0 0 0 0 0 1.054948925971985 0 0 32.50389102101326 1.837208285927773 0.156302884221077 0.7104091197252274 1.539787143468857 0.8745915442705154 0 0.3661285936832428 0.4376810193061829 0 0 0 0 0 0 0 0 0 0 0 0 0 0 0 0 0 0 0 0 0 0 0.3384765088558197 0 0 0.3577171564102173 0.3891067206859589 0 0 0 0 0 0 0 0 0.17289038002491 0 0 0 0 0.2228318303823471 0 0 0 0 0 0 0 0 0 0 0 0 0 0 0 0 0 0 0.5720274448394775 2.487104117870331 0 0.2071103453636169 0 0 0 0 0 0 0 0 0.171122133731842 0 0 0 0 0 0 0 0 0 0.3321250379085541 1.372572243213654 25.98495382070541 1.214683413505554 13.85290418565273 3.482790052890778 266.0605434179306 2.957211256027222 0 2.124986097216606 0.1733685433864594 0 0 0 0 0 0 0 0 0
782.9587182924151 7771.431808918715 195.4077631607652 678.5545977577567 2640.287643045187 119.3938802182674 0 8.334031820297241 477.0180619955063 1958.634701535106 161.6041948646307 718.4814905077219 4514.935257002711 1747.066949367523 27.82282915711403 11.29344411939383 0.4715213030576706 0.6557747274637222 0 0.5034403204917908 1.068908840417862 0 0.1139127388596535 0.2941846251487732 0.1427876204252243 1.091924875974655 0 0.7059006243944168 0.339794784784317 0 485.2022990509868 31.51415357738733 12.46045468002558 0 0.6427373290061951 0.6529871076345444 0.9901257008314133 0 0 0.3473629206418991 1.570051714777946 2.706338979303837 0.7928399294614792 1.666787900030613 0.3825862929224968 1.15334502607584 209.2854984179139 11.68044248968363 0.1904208064079285 0.8530988395214081 1.030498430132866 0.5577796027064323 0 2.181544274091721 15.11347499489784 64.52767902612686 55.21158412843943 662.3948000743985 8.075326465070248 152.258177228272 0.9064048826694489 3.948823034763336 0.6311336606740952 91.10503506660461 64.80081462860107 15.14946386218071 10.69041188061237 4.939599327743053 2.706066317856312 2.375838547945023 16.52665727585554 41.80417928099632 0 246.0792407691479 268.8018358796835 216.4920989871025 81.27122601866722 6.522508651018143 0.5166822671890259 29.43374255299568 0.737133800983429 7.924417540431023 71.44275794923306 1.336486160755157 19.39138838648796 23.9578446149826 6.826360501348972 0.1868451908230782 4.31920300424099 1.187856562435627 1.571494720876217 1.269657284021378 1.776231907308102 0.8751017153263092 3.380105689167976 628.8503436073661 55.08795691281557 0 0.422551192343235 75.30654686689377 1.685995846986771 0.6327979564666748 17.42330348491669 8.254973992705345 13.21238298714161 73.01380044221878 5.561942674219608 143.7099252194166 100.4024414941669 149.2521665468812 55.21676905453205 132.8917957246304 140.9206641688943 73.74191675335169 26.13423183560371 0.8142169564962387 1.31139400601387 0 0 0 0 0 0.3518389463424683 0 0 0.3212981522083282 0 0.6184599995613098 0.3433009684085846 0.268673837184906 0 0.2452937215566635 0 0 6.402728781104088 2.472066715359688 0 0 0 18.87321719527245 0.3864982724189758 6.259496718645096 2.13502062857151 0.2304377555847168 0.7957755029201508 0.2436707466840744 0 0 2.052017711102962 0 0 3.379897117614746 12.41127858310938 0.5551364421844482 0 0.4887894690036774 0 0.2206887006759644 0.3369812294840813 0 0.1783178076148033 1.929157622158527 5.486597284674644 0.2967121005058289 0.6176969930529594 0.1657981127500534 18.04862287640572 1.528737545013428 1.181866303086281 3.340549007058144 1.00420543551445 0.690911129117012 0.1652208119630814 0.1060626208782196 0 0 59.15840643644333 4.305369481444359 0.1475056707859039 0.2553437650203705 0.7503403425216675 11.0149901509285 4.09686852991581 13.6772820353508 8.379279814660549 9.679393649101257 6.24086020886898 1.636584870517254 3.120116725564003 1.290832832455635 0.5271965265274048 0.1623643040657043 0 0.5733205378055573 0.1180679649114609 0.1248016878962517 0.3917796611785889 50.45369671285152 51.80033824592829 18.52596791088581 1052.372373707592 163.7947419136763 787.6826556175947 206.4609733074903 342.9952234253287 48.8920419216156 17.60598477721214 172.5560444667935 17.61322327703238 2.838192239403725 26.67423272877932 3.193347781896591 9.519736602902412 4.887844726443291 0.4513594508171082 8.503754273056984 8.846840314567089 2.240691222250462
34.12804501503706 73.8673585280776 4349.251121506095 0.893134593963623 11.78944284468889 4.85397857427597 8.334031820297241 0 45.70927085727453 2.050749868154526 2627.347852602601 7.503832399845123 139.0908803939819 898.9488061666489 59.8208898678422 45.05043835192919 3.417712561786175 1.81853674352169 0.74098140001297 4.305217176675797 32.30584698170424 0.6466961950063705 20.06454782932997 19.14600263535976 23.72490905970335 50.52814798057079 2.316559821367264 13.18051932007074 1.221338465809822 0.4593878090381622 1640.248962454498 1782.690285712481 191.8888000249863 1.5624610632658 98.67892204225063 47.20594039559364 12.75188320875168 30.64245312660933 3.651242889463902 18.23032131791115 148.2398350760341 24.92856896668673 19.04189859330654 4.417978912591934 4.129543699324131 2.272039651870728 228.3011832535267 8.776551432907581 1.936830580234528 5.638083167374134 4.015214703977108 0.9534580260515213 1.221079371869564 6.411848627030849 4.556848555803299 23.92384851723909 10.34141506999731 439.5491328909993 3.267589218914509 92.11903653293848 63.87306817620993 106.987011924386 6.567860051989555 686.8031636327505 23.39016126841307 9.811451777815819 5.093432791531086 21.43320074677467 32.89582540839911 188.7527636364102 50.2730640694499 130.8442447632551 0.2594665884971619 115.1977249830961 285.2393449991941 293.6513887569308 302.707987934351 74.53706869482994 458.5719103515148 1561.644977405667 75.47121429443359 1360.113457292318 32.98071420937777 0.300242081284523 7.985703617334366 9.880137272179127 7.725545175373554 0.2171261832118034 1.259186163544655 0.2575516402721405 2.665609128773212 0.7572974935173988 77.48087569326162 25.05984251201153 7.786092795431614 152.361028008163 133.2746145129204 0 5.741664566099644 20.01157434284687 0 0 7.064046889543533 0.3657312095165253 1.000434786081314 33.72898687422276 0.3777551651000977 49.23009033501148 24.91708686947823 38.13132877647877 17.5310835391283 53.17656400799751 38.79788741469383 34.98873452097178 8.447266697883606 2.462253145873547 1.546114906668663 0 0.1452451050281525 0.3974044620990753 0 0.9933943748474121 0 0.4593161344528198 1.358422242105007 1.697578117251396 0.3773319572210312 0.128066211938858 0.3749297931790352 0.3382736295461655 0.614285945892334 0.3123507350683212 0.6183797866106033 0.3284367844462395 3.806072697043419 1.950238466262817 0.1684955954551697 0.6769704595208168 1.008789643645287 7.618435002863407 0.5892589390277863 1.90989151597023 5.71453583240509 3.102422408759594 1.453109174966812 1.208851717412472 1.034433610737324 0 0.2660934329032898 0.9997814148664474 1.41840760409832 1.741763025522232 10.30922696739435 0 0.4845746010541916 1.176507763564587 0.2523529008030891 3.487335428595543 0 0 0.4828226938843727 1.823490113019943 3.079309865832329 0 0.7736259773373604 0.8119189813733101 7.191691264510155 0.8726562410593033 1.151557087898254 1.00682457536459 0.329450935125351 0.1081197038292885 0.2867200523614883 0 0.107574038207531 1.891473263502121 15.51598448306322 2.057456098496914 0 0.5543143302202225 2.458451069891453 3.279804274439812 0.585106149315834 4.592306822538376 6.296271607279778 5.698259264230728 3.708512268960476 0 3.194752559065819 0.9760721623897552 0 0 0 1.125469490885735 0 0.2589502036571503 0.2374828830361366 10.24970036745071 21.62427793443203 6.916009061038494 768.2588473558426 72.68793375045061 470.6501217857003 124.8611144796014 30.3157945945859 17.294966109097 6.359444491565228 175.4269647523761 24.43439866602421 0.5711946785449982 22.13547825813293 1.387371145188808 2.30246339738369 2.360797561705112 0 2.374708317220211 9.947340428829193 1.882446303963661
80.89297237247229 1542.897962808609 824.1811189875007 65.98776030540466 4167.842155389488 12.38686142861843 477.0180619955063 45.70927085727453 0 668.2716889455914 2036.695684961975 869.1247868612409 2322.742340937257 2265.769443586469 73.69208173453808 42.78977484256029 0.9113648235797882 0.5787973701953888 0.117840938270092 1.26563161611557 0.4834423959255219 0 0 0.3015205562114716 0.6195389628410339 1.186287671327591 0 1.160506427288055 0.137537807226181 0 147.2642829045653 38.61913211643696 10.74381655454636 0.1176328882575035 0.6518305838108063 0.723779484629631 2.498585388064384 0.8331499174237251 0.1810248196125031 0.5652492269873619 3.88026437163353 2.249153085052967 0.09344132244586945 3.118869744241238 0.1930899024009705 1.070575512945652 221.9371366128325 8.215666271746159 0.540595069527626 1.242440596222878 2.068715564906597 0.2674481123685837 0 1.897869005799294 6.410311698913574 26.24139829725027 7.989248856902122 197.0313103422523 1.447353303432465 91.90991693735123 1.72741411626339 2.288599908351898 0.2567563503980637 130.451025173068 32.41956916451454 8.344106212258339 7.634068503975868 5.431115821003914 0.5509639531373978 3.238954961299896 11.84084186702967 92.76753932237625 0 90.27951592952013 172.8124112635851 256.214223369956 219.9484938457608 13.33832123875618 1.026755884289742 48.37743049860001 1.916991822421551 8.083091460168362 32.13066871464252 0.6174671575427055 10.04967105388641 13.65473984181881 6.653797589242458 0.4850994274020195 3.025844447314739 0.4227808937430382 3.593796752393246 0.9726155772805214 4.895706698298454 0.8940699398517609 4.396422035992146 615.4922025054693 104.0098846703768 0 0.4586248025298119 12.66280641406775 0.4080463647842407 0.3985913246870041 22.15876843035221 7.004346206784248 15.96583206951618 111.9283228367567 3.131154447793961 204.9176020249724 97.09438540041447 147.6432199925184 81.73624186217785 203.3447794690728 213.4672868177295 124.824778854847 21.98404656350613 2.79918097704649 2.543259494006634 0 0.1354469805955887 0.2002934813499451 0 0 0.2220785915851593 0.3512600362300873 0.1369793862104416 0.1286941170692444 0 0 0.1383990794420242 0.1864369064569473 0 0 0.1971800625324249 0.202560767531395 8.840043261647224 7.020464450120926 0 0.2080152034759521 0 13.26437163352966 0.4104564487934113 3.549657568335533 1.109190747141838 0.7815678715705872 0.1344979554414749 0.1381049454212189 0 0 1.757882922887802 0.145464763045311 0.2276255041360855 2.713593244552612 15.71713694930077 0.3979573100805283 0.5688732042908669 0.30832639336586 0.1790026426315308 0.4453688114881516 0.3814448490738869 0.7656462639570236 0.5279043540358543 2.149207346141338 8.892005443572998 0.3651879727840424 1.189660221338272 0.1532182246446609 11.47627647966146 2.616947263479233 0.3310016691684723 2.088523842394352 0.135288417339325 0.3103441148996353 0.2578879594802856 0.1241203472018242 0.2175173163414001 0.164306104183197 59.27450018376112 2.244428232312202 0 0.8477986082434654 1.271937474608421 12.46578320115805 1.391027852892876 11.92923309653997 9.870451509952545 10.65872329473495 9.530483745038509 1.960357323288918 5.137847371399403 1.185293860733509 0.09740610420703888 0.3583769947290421 0 0.09167617559432983 0 0.1042878553271294 0.1511356979608536 73.85440871119499 63.55991313606501 16.64765267074108 855.7328314483166 154.4576864764094 538.7255106419325 179.8746748939157 47.97364783287048 21.95665828883648 11.96680168062449 188.3610997349024 24.23755474388599 2.152615636587143 29.19082196801901 2.637602463364601 7.92617304623127 4.585045143961906 0 10.14551244676113 14.11627598851919 2.884191788733006
1182.285930067301 1529.991709411144 47.66417764872313 1328.895882517099 328.1109773889184 438.4678719118237 1958.634701535106 2.050749868154526 668.2716889455914 0 80.06045830249786 869.9137403070927 4713.946899816394 186.9989188760519 3.610462166368961 2.530802711844444 0.1009899228811264 0.3919339030981064 0 0 0 0 0 0 0 0.1712465733289719 0.1313391625881195 0 0.1136044263839722 0.1135948225855827 316.9102068692446 0.3694621622562408 20.6087651848793 0 0 0.3939066231250763 3.314718335866928 0 0 0.4562240839004517 0.1932456344366074 1.206820040941238 0 0.4356854259967804 0 0 41.4993477165699 3.330244682729244 0 0 0.2418659329414368 1.188906461000443 0.6953253746032715 0 4.720822170376778 14.47910658270121 66.21000545471907 493.0159818083048 2.831112504005432 37.02245128154755 0 1.628464631736279 0 7.427210174500942 13.83999911695719 3.968485690653324 2.23296981304884 0.1316396743059158 0.266500249505043 0.1967549324035645 30.96917112916708 62.80700228363276 0 96.85638254135847 77.33787476271391 37.93815510720015 10.78040553629398 1.308022290468216 0.1453408747911453 12.89228390902281 2.199677817523479 6.276752755045891 16.428053855896 0.1377192586660385 3.169508673250675 5.649643152952194 1.254412211477757 0 0.5717722401022911 0.6125598847866058 0.4830715954303741 0 0 0.5944942682981491 0.1844089925289154 2803.67404551059 60.11352924257517 2.979095816612244 1.781613022089005 466.3533308953047 3.229868292808533 23.1250873953104 68.64071403443813 58.97828035056591 6.170733712613583 97.5788239389658 35.75583846867085 157.5405281931162 202.8033064305782 220.0366659015417 45.8624706864357 172.3115978166461 192.1408886238933 92.23648094385862 14.73794780671597 3.056908294558525 1.785451740026474 0 0 0 0 0 0 0 0 0 0 0 0 0 0 0 0 0 6.489176169037819 2.019681483507156 0 0 0 15.81046079099178 0 4.797209054231644 3.497984856367111 0.3046888709068298 0 0 0 0 2.044368654489517 0 0 2.955590456724167 10.09854637086391 0.5215270519256592 0.1878017634153366 0 0.3233529329299927 0 0.1128415465354919 0.2089836001396179 0 2.275204375386238 10.67666304856539 0 0.6852295994758606 0 14.39726242423058 0.3568660318851471 0.6584734171628952 0.8554347604513168 0 0.2414831966161728 0 0.131551519036293 0 0 40.9992618560791 1.30823141336441 0 0.2437249720096588 0.2271279990673065 7.192690089344978 1.377306967973709 11.90983766317368 9.194708712399006 9.487049035727978 7.977103337645531 3.780920326709747 2.043424904346466 0.7200401052832603 0.4405891746282578 0 0.2906995415687561 0.135066881775856 0 0 0 68.22222073376179 36.40878702700138 18.49819038808346 380.7581508681178 25.74805016070604 193.4909127578139 41.77480618655682 633.9563641473651 16.82347173988819 5.626373186707497 55.36708463728428 17.29853059351444 0.6763224005699158 25.41739601641893 0.5036466121673584 31.54829417169094 3.189819552004337 0 9.611827418208122 0.8532021939754486 1.071768492460251
95.95017472654581 396.3597643449903 5102.223498523235 2.956534273922443 1008.45361173898 10.70014192163944 161.6041948646307 2627.347852602601 2036.695684961975 80.06045830249786 0 177.7969161421061 2090.756184160709 6670.082260742784 64.96846103668213 46.15758626908064 1.940282613039017 0.9048400446772575 0.2934621870517731 2.244743056595325 1.790666528046131 0.1523614972829819 0.5114543288946152 1.495937556028366 0.9160801917314529 3.051309540867805 0 2.099356293678284 0 0 541.323372349143 302.9291756376624 199.8654183596373 0.1432594805955887 2.370348185300827 2.084751680493355 8.723169922828674 1.718314081430435 0.2634223103523254 0.3885441198945045 12.0415940284729 4.025379434227943 1.662850677967072 3.548323661088943 0.3490509688854218 0.7320463061332703 181.7063064649701 5.070115499198437 1.145406380295753 1.24133238941431 1.218846991658211 0.3000819683074951 0.1215539872646332 1.587794259190559 2.340008810162544 13.32381195574999 7.815934635698795 181.6524454131722 1.673989176750183 58.71181906014681 3.48344100266695 5.627852194011211 0.5851268321275711 121.5609376505017 16.73746035248041 5.048735484480858 4.047882027924061 3.137499518692493 2.022258415818214 15.61488661170006 77.91813667118549 344.2428100481629 0 66.0006839632988 138.8327147960663 199.7376096919179 186.5080639347434 16.43097338825464 113.6034889966249 1033.901947967708 3.96828631311655 75.81953956931829 20.10612870752811 0.3289379850029945 6.042850993573666 7.212557382881641 3.176790460944176 0.2997238710522652 1.453092716634274 0.5131933242082596 0.7525129765272141 1.473942756652832 8.613982915878296 4.518245875835419 6.403187453746796 1251.912241004407 326.4676108136773 0 0.9484352469444275 10.6203791052103 2.621144577860832 1.323847949504852 35.97382548451424 9.288408920168877 23.78761184215546 221.6386355385184 2.160422056913376 351.1601407453418 122.5861560031772 208.649564653635 109.4786162227392 367.037442445755 323.5965508371592 292.9147380590439 27.62173694372177 5.174702920019627 4.449924908578396 0 0 0 0 0.1297315210103989 0 0.3227739930152893 0 0.5181927531957626 0.3961724638938904 0 0.1549106985330582 0.7097044438123703 0 0 0.5451533496379852 0 22.62602198123932 6.705803290009499 0 0.259242981672287 0 15.06718575209379 1.142169207334518 11.7950132638216 3.962070532143116 1.687152877449989 0.6809073463082314 0.2329113706946373 0.2790905460715294 0.1559663712978363 2.066193297505379 0 0 8.448414832353592 23.81597470492125 0.9336988776922226 0.593867152929306 0.5963346660137177 0 0.6374680995941162 0.4560554102063179 0.6098547428846359 0.4972638264298439 5.32624714076519 17.15514183044434 0.338334321975708 0 0.7657341957092285 18.25778511166573 2.310040920972824 1.581615544855595 4.128794856369495 0.5044588297605515 0.9508009627461433 0 0 0.2352882996201515 0.3392076045274734 76.38007663190365 5.478710606694221 0 0.1924393326044083 0.6569238752126694 17.05492515861988 3.028429344296455 17.17823271453381 16.69577221572399 22.66130784153938 20.40717612951994 4.30643068253994 6.287815496325493 1.952424958348274 0.1013467535376549 0.1246657148003578 0 0.3531245589256287 0.4357817769050598 0.2384902387857437 0 128.1449002176523 119.6703484654427 12.78399322926998 1177.475401125848 101.5460479333997 440.8922319561243 158.0030752941966 36.38759184628725 20.44280508160591 8.803463652729988 279.1384518668056 54.80071126669645 1.516739018261433 67.27037189155817 4.787130817770958 14.92306771874428 10.39198783785105 0.2262394279241562 15.44440415501595 15.21341506391764 1.746416673064232
41.94899432361126 161.1766638830304 73.82498468458652 101.2470765262842 577.7718247696757 108.3171330541372 718.4814905077219 7.503832399845123 869.1247868612409 869.9137403070927 177.7969161421061 0 2546.258194893599 206.0808218717575 14.83321813493967 13.24187761545181 0.3772589117288589 0 0.1245298236608505 0.1259799748659134 0.6205098628997803 2.71189683675766 0 0 0 0 0 4.389902964234352 0.1976023465394974 0 9.18999882042408 1.773762315511703 74.76568298041821 0 0.1557489633560181 0.1775661110877991 8.6775873452425 0.3816648125648499 0 0.1478560864925385 4.646287947893143 4.334267184138298 1.235147714614868 2.882625117897987 0 0.4639251753687859 20.38217756152153 0.7701616659760475 0 0 0.1697824150323868 0.9248816221952438 0 3.075385615229607 0.6284347996115685 1.67305414378643 4.563290663063526 19.45156180858612 0.2533777728676796 5.702916473150253 2.559236034750938 0.8126308470964432 0 4.791149534285069 1.304954506456852 0.5863898247480392 0.4005737081170082 0.898033618927002 0.6965975165367126 5.244799554347992 72.60687692463398 103.3034844696522 0.5187606811523438 7.626269765198231 12.10118896514177 20.80232840776443 14.32908043265343 3.689208567142487 2.793710291385651 83.22401664406061 22.5827074944973 12.22144101560116 2.04043298214674 0 0.5937632620334625 0.4558184668421745 1.527415089309216 0.1068512052297592 0.3310811072587967 0 0.1337946206331253 0.6029476672410965 6.799223095178604 1.310390159487724 1.313711196184158 3046.994757890701 146.6427991688251 0 2.242210492491722 42.58603376150131 1.912878423929214 2.814299687743187 34.40342995524406 13.77978871762753 18.40074978768826 186.514343008399 7.667944222688675 299.518121227622 151.9669818282127 275.6569060087204 90.80548912286758 333.782995313406 348.7164324522018 214.7386034056544 24.47087222337723 2.98170380294323 1.51508679240942 0 0.1568100601434708 0 0 0 0.2675752937793732 0 0 0 0 0.5941534042358398 0.586333841085434 0 0.1539491564035416 0 0 0 11.27531687170267 6.158715918660164 0 0 0 14.95666891336441 0.3035320341587067 7.953911758959293 3.919896304607391 0.1411546170711517 0 0 0 0.2600728571414948 1.580090679228306 0 0 4.396536841988564 17.05191510170698 1.300583139061928 0 0.818980947136879 0.186235710978508 0.5070701092481613 0.6620074957609177 0.5145417451858521 0.2491477504372597 2.379437081515789 13.3456717133522 0 0.8146953582763672 0 15.71160481870174 1.405883103609085 1.798722714185715 2.112358629703522 0.9080881178379059 1.078841477632523 0 0 0 0 49.24171902239323 1.187459766864777 0.3284189403057098 0.2700843513011932 1.293501287698746 13.75460463762283 0.904193714261055 13.46818080544472 13.3993608802557 16.0660070925951 14.54441238194704 1.467054396867752 3.962832264602184 1.432586520910263 0 0 0 0 0 0 0.1565179079771042 118.5876012742519 66.89553667604923 11.62840062379837 169.8873111829162 14.84739886969328 60.63164914399385 18.52515944838524 84.41478170454502 4.215847998857498 2.454504646360874 52.88219997286797 24.37069956958294 1.403106234967709 40.30712591856718 2.562681958079338 12.07266541570425 4.340373776853085 0 15.78407961130142 5.546547383069992 0.1838504374027252
133.890504181385 834.7329839617014 440.4210490956903 343.768582098186 1425.911913223565 110.6015284955502 4514.935257002711 139.0908803939819 2322.742340937257 4713.946899816394 2090.756184160709 2546.258194893599 0 4054.022877670825 103.1124667674303 96.15157985687256 3.408904701471329 1.105854392051697 0.4478943571448326 2.670159853994846 2.395486034452915 0 0.9602218121290207 0.9909681230783463 0.7110003158450127 4.407636262476444 0.1381012797355652 6.315762728452682 0.2967701405286789 0.1220428422093391 106.7669501155615 15.16793015599251 313.5481218770146 0 5.159619934856892 2.47961088269949 9.465568915009499 2.13566093146801 0.5864630043506622 1.597133308649063 39.08038683980703 13.33239314705133 4.041518956422806 7.347812630236149 0.8591485917568207 0.9945694282650948 191.6322239264846 5.520426422357559 0.5541521310806274 2.078880161046982 4.211153171956539 2.538721799850464 0 7.408107876777649 2.992549754679203 17.6670333519578 12.60882008075714 136.9454956948757 2.343645989894867 56.73583968728781 3.402641288936138 10.434225872159 0.2060086876153946 69.15412138402462 21.67056428641081 7.082055911421776 4.82165814191103 8.528758473694324 10.07874773442745 39.81675620377064 156.3335069641471 108.9696854278445 0 63.32761399447918 105.2198910415173 196.1292084679008 188.1181062534451 20.88114985823631 6.018665224313736 915.3367974758148 26.06619440764189 38.17259337753057 18.5107429549098 0.8307165950536728 8.667783506214619 8.93340726941824 4.736639350652695 1.000785902142525 2.344086937606335 0.6928919404745102 3.049487307667732 1.055116146802902 20.59155385196209 11.08389815688133 4.867643900215626 5445.740467973053 184.870753929019 0.214484691619873 3.112740844488144 38.39001154154539 1.350838802754879 1.204461485147476 31.6249040812254 15.04781118035316 20.00914343446493 162.329712241888 10.58901163935661 315.9856494069099 161.3115398734808 224.6901912093163 121.0672092586756 361.2034180760384 397.8561997190118 250.2569119632244 24.53168492764235 3.230824649333954 1.774693541228771 0 0.1896306574344635 0 0 0.6307342275977135 0.4330683499574661 0 0.2835323661565781 0.6566198468208313 0 0 0.2078198492527008 0.1666128039360046 0.251721516251564 0 0.3290498852729797 0 12.1298394203186 6.219842046499252 0 0 0 11.49280580878258 0.7011282742023468 5.543991543352604 2.877259895205498 1.143388971686363 0.7880111783742905 0.6429446041584015 0.1507076770067215 0 0.7092692404985428 0.3546404838562012 0.2770313397049904 3.543907232582569 13.91514886915684 0.2309533283114433 0.5453032702207565 1.351490169763565 0 1.353876553475857 0.09539063274860382 0.4025367125868797 0.217713862657547 1.342834562063217 5.797809243202209 0 0.7903949990868568 0.2386534959077835 11.35368618369102 1.483289703726768 0.9492190554738045 1.83307708054781 0.4321268051862717 0.4418670311570168 0.2968974709510803 0 0.1356871426105499 0.3014213740825653 50.39778666198254 2.628488644957542 0.4874165207147598 1.02310936152935 0.2682400792837143 10.97392375767231 1.161185294389725 8.12041562795639 9.481643445789814 8.73516508936882 10.61285934597254 3.280716300010681 4.04537982493639 1.253758944571018 0 0 0.2013569474220276 0.7703192234039307 0.1301408112049103 0 0.380168229341507 192.1215359419584 98.27826277911663 9.922250375151634 811.1766217797995 164.5385007113218 464.2932344079018 166.9945829287171 118.7544462829828 19.70597013086081 12.94395725429058 229.3082219436765 22.65169608592987 1.14274300634861 24.78300374746323 1.133136481046677 13.71760457009077 2.567471265792847 0 5.082032188773155 21.30546997487545 2.036025732755661
