0 1480.950536392629 1054.151430778205 2232.677195779979 192.7276026457548 47.00834362208843 575.8352444320917 74.14189928770065 36.68907419592142 2084.260574996471 463.0209314897656 75.3653479963541 144.9906717687845 45.45780304074287 3.837633803486824 4.941989667713642 0.8089171797037125 0.1743739396333694 0 0 0.256371408700943 0 0 0.1643717885017395 0.1647352576255798 0.110229954123497 0 0 0 0 658.1452990621328 27.35672583431005 19.96395124495029 0 0 1.230021193623543 17.18483486026525 3.134873121976852 1.496627241373062 0.9692853689193726 0.2654295265674591 0 0 0.5650334656238556 0 0.190519392490387 15.51487166434526 2.134698212146759 0 0 0.6719045713543892 0.3719625920057297 0.2529480755329132 0 4.486890688538551 4.596304349601269 332.5179997310042 1446.086671806872 29.42956069111824 9.206582449376583 0.1154117062687874 1.979251950979233 0.1608659327030182 2.87156105786562 5.076216802000999 1.139738753437996 0.8444105982780457 0.881200760602951 0 0.7875734642148018 10.75660468637943 19.88422113656998 0.672595888376236 437.299899764359 97.06426637619734 22.5355431959033 3.703861616551876 2.459343537688255 0.1066606268286705 69.20708929002285 0.3576923608779907 3.591575123369694 10.69622503966093 0 3.394899964332581 3.297227755188942 1.219889238476753 0.395932175219059 0.6196772381663322 0.119039922952652 0.1512774378061295 0 1.135765053331852 0 0.2266489639878273 39.76937288045883 4.586659803986549 3.205172896385193 0 1276.986914008856 0.6441707015037537 0.2745609283447266 1.035273879766464 0 0 4.305533051490784 0 4.65124848484993 176.4396449252963 1.670042112469673 0 2.788544863462448 3.24660450220108 3.03155443072319 0.3869485557079315 0.1278636753559113 0.5962512120604515 0 0 0 0 0 0 0 0 0.1471968442201614 0 0 0 0 0 0 0 0 3.510459214448929 0 0 0.1045752465724945 0.4711652100086212 2.647820621728897 0.3441313803195953 0.463942214846611 0.4410820156335831 0 0 0 0 0.1209049895405769 0.4291456341743469 0 0 0 1.836641654372215 0 0 0 0 0 0.135329857468605 0 0 0 0 0 0.3857090622186661 0.2772330343723297 0.9024782478809357 0 0 0.2000923901796341 0 0 0 0 0 0 2.009185537695885 0.1607460975646973 0 0 0 0.1464040130376816 1.504353284835815 1.8854139149189 0.1227241009473801 0.2275807112455368 0.1820493638515472 0.3344569802284241 0 0 0.1460430473089218 0 0 0 0 0 0 0 1.250473916530609 0.9630457907915115 156.1197239160538 19.31231364607811 99.93960978090763 26.89591334015131 767.4691189005971 42.56661054491997 2.153962969779968 10.68304520100355 3.731339678168297 0.1138487160205841 1.350876972079277 0.6835277676582336 10.76614746451378 0 0 0.1915588229894638 0.681300163269043 0
1480.950536392629 0 3099.275906413794 1263.643565319479 2630.045497827232 146.1956364959478 5370.555953763425 88.57117711007595 596.9017089009285 994.2884715795517 890.683288641274 16.45721206068993 201.2586080431938 132.6530832797289 16.42209745943546 9.624102108180523 1.151963159441948 0 0.1266664117574692 0.6209700480103493 0.3996808454394341 0.1384539306163788 0 0.1162530407309532 0.5200777649879456 1.506040841341019 0.2128998339176178 1.02424693107605 1.434876583516598 0 939.824151404202 50.61369092017412 43.41455244272947 0.2957495748996735 0 2.908033110201359 23.69309768825769 2.990717962384224 2.722507655620575 1.898634813725948 0.3688787966966629 0.6695309728384018 0 2.056485518813133 0 1.608369342982769 87.69536454230547 9.166118837893009 1.075378723442554 0 1.018921256065369 0.1986832916736603 0 0.817189909517765 4.208821147680283 12.9552386701107 92.86754541099072 639.4867091923952 29.19271006435156 29.55197442322969 1.236088417470455 4.541547663509846 0 31.29528003931046 16.50212938338518 6.50592215359211 5.109810136258602 2.852620780467987 0.991421215236187 0.6188841462135315 21.23629080504179 2.025769531726837 0 375.838690072298 177.1479317098856 122.5740708857775 21.79129929840565 7.699154168367386 0.1440809965133667 70.7463177293539 0.8416042625904083 4.72476739436388 22.77503256499767 0.1676318570971489 12.02625887095928 16.73308404535055 3.044832497835159 0.2097496539354324 3.037060774862766 0.6532770618796349 0.3986157029867172 0.8123370483517647 1.855936072766781 0.4118916764855385 0.7931105494499207 96.18923109769821 2.732753068208694 0.2005884349346161 0 615.2902274951339 0.5081367045640945 0.2350446432828903 4.756840974092484 1.102079719305038 1.751913577318192 20.72273242473602 2.409092336893082 23.4110606610775 293.877528950572 12.46451744437218 2.318686783313751 28.41629110276699 23.37460172176361 19.35497802495956 6.430471792817116 0.1818746328353882 0 0 0 0 0 0 0 0 0 0.1915787011384964 0 0.2359181046485901 0 0 0 0.1417225897312164 0 0 4.806767001748085 3.790285147726536 0 0.3332635760307312 0 12.82986597716808 0.249748706817627 3.532782986760139 1.942509092390537 0 0 0.3585083931684494 0.1535065174102783 0 0.2344812750816345 0.6922372877597809 0 1.810947686433792 2.350744739174843 0 0 0.1571598052978516 0.3201480358839035 0.4482167288661003 0.6212146505713463 0.324681892991066 0.0999801903963089 1.052351132035255 0.5014114677906036 0 1.257973499596119 1.15579079836607 4.957813546061516 0.1610445976257324 1.108703792095184 0.7664638087153435 0.08895774185657501 0.1133722588419914 0 0.09729704260826111 0 0.1063121631741524 21.51826260983944 0 0 0 0.108500599861145 4.104576706886292 2.786829821765423 4.137514844536781 2.947426155209541 2.314067721366882 1.310371518135071 1.340497642755508 0 0.09482212364673615 0.0818316712975502 0 0 0.217369019985199 0.4452416598796844 0 0 14.67113803327084 2.938204526901245 6.097518421709538 441.841106787324 67.15638830512762 345.0616161376238 69.14816830307245 981.2184506580234 91.53648206591606 6.470443338155746 37.56906579434872 10.49079039692879 0.3070707395672798 4.210893392562866 1.552895285189152 19.8629170358181 0.3085866868495941 0.1116621494293213 2.796526283025742 1.144465982913971 0
1054.151430778205 3099.275906413794 0 231.5932594239712 983.5057887658477 42.40248784422874 896.4690916463733 950.8552416563034 574.1927569806576 139.2954764291644 3818.286912433803 18.25944589078426 273.3482807055116 473.1451337262988 29.509910851717 27.98079655319452 2.290087595582008 0.5678378492593765 0 0.3769176155328751 0.4131712466478348 0.5161260664463043 0.1385266780853271 0.2721305266022682 1.601530268788338 2.48109957575798 0.9075147360563278 0.6338645219802856 1.698033347725868 0.2616603225469589 5400.314499460161 834.2453812807798 164.0368274301291 0.1544788032770157 0 14.08264146000147 97.820591814816 11.57782404869795 8.146207571029663 4.250880002975464 2.875515505671501 1.268042780458927 0.120804563164711 4.916420668363571 0.4706313088536263 0.6688385754823685 84.45884620398283 6.515178315341473 0.2240556553006172 0.3721764460206032 2.626174561679363 0.7584212720394135 0.8474257439374924 0.3751273453235626 3.300830669701099 10.60474121570587 136.0104935318232 2014.92495071888 22.49480490386486 23.18484997749329 3.664259411394596 14.15501797199249 1.630136609077454 135.9606694877148 12.74967228621244 5.241250514984131 4.418850906193256 2.170265823602676 1.772989466786385 2.203995242714882 69.8562718629837 6.585863597691059 0.2868356704711914 442.9041912257671 311.4037073478103 111.6303613781929 30.77790769934654 14.92977458238602 5.013494223356247 574.9082101583481 1.739521235227585 54.9657758846879 19.89314659684896 0.2182751595973969 5.957098349928856 11.06180402636528 3.058004975318909 0.3817814737558365 1.853552393615246 0.1221898719668388 0.544183224439621 0.3309696465730667 3.453010216355324 2.111150979995728 2.288535512983799 125.0376450940967 4.41142763197422 0.6402673274278641 0.9189962297677994 614.2994337975979 0.3003039360046387 2.195128560066223 9.78411328792572 1.879878163337708 6.154477193951607 31.18491651117802 1.676723390817642 31.0181055366993 44.69938538968563 10.38257451355457 2.546618267893791 40.47234697639942 38.23449912667274 39.25857171416283 10.23144242167473 0.2644198387861252 0 0 0 0 0 0.1182534694671631 0.283610463142395 0.159256637096405 0.1859634518623352 0.295745000243187 0 0.1469367742538452 0.4075158387422562 0 0.2469784468412399 0.1288741379976273 0.2706196904182434 0.235487587749958 15.71095848083496 5.289434596896172 0 1.076280996203423 0.1122744530439377 20.48510707169771 0.2633344829082489 6.606573924422264 2.031516142189503 1.865983858704567 0 0 0 0.1542315185070038 0.4209022745490074 0.4628478661179543 0 1.978835105895996 4.605963781476021 0 0 0.1265852600336075 0.1804857552051544 0 0.3154545426368713 0 0 1.792980089783669 1.776186406612396 0 0.7856456711888313 1.754386901855469 11.46077866852283 0.3788711130619049 0.3421933203935623 0.5303758382797241 0 0 0.09706015139818192 0 0 0.4650686979293823 47.37397663295269 1.119195580482483 0 0 0.1149877607822418 5.804246574640274 8.93394061923027 9.993762448430061 5.469469599425793 0.6499274671077728 2.773217558860779 2.309820890426636 0.3902710378170013 0 0 0 0 0.5858792439103127 0.09746256470680237 0.1201742812991142 0 27.80058696866035 7.021435603499413 8.725644670426846 433.135997466743 60.97112999856472 296.1020522043109 74.55598965287209 459.5841086655855 82.06948351114988 4.539567902684212 56.49057503044605 18.20818862318993 1.017544411122799 12.43141340464354 2.217875801026821 33.21998406946659 0.1768376082181931 1.043168358504772 1.596997141838074 2.633222877979279 0.7073756158351898
2232.677195779979 1263.643565319479 231.5932594239712 0 154.0040535926819 248.9188851565123 782.2398906499147 3.984436921775341 62.45251097530127 1142.997069485486 22.91484003514051 177.3019101917744 826.3061866015196 11.91441240161657 1.663068778812885 0.4581947699189186 0.1298712342977524 0 0 0 0 0 0 0 0.1361661702394485 0.2987455800175667 0 0 0 0 102.1679724082351 1.700730443000793 1.100252449512482 0 0 0 0.8780171573162079 0 0.2027435302734375 0 0.152446374297142 0 0 0.4763650745153427 0 0.09679780155420303 17.06333791464567 2.524561144411564 0 0 0.2814658209681511 0.1878889054059982 0 0 1.145317301154137 3.510247275233269 51.38025125861168 257.6607984155416 10.24910558015108 9.027465052902699 0.6854206398129463 0.6635281443595886 0 4.124079346656799 4.617891982197762 1.653116591274738 1.229724958539009 0.4940155446529388 0.1043587028980255 0 1.138220876455307 0.2478420734405518 0 159.9745933339 62.3042418807745 26.3951512798667 2.092769779264927 0.5833359882235527 0.4070934355258942 1.923500239849091 0.3189951181411743 0.9854217171669006 7.044108062982559 0 3.084292739629745 5.050807967782021 1.466092169284821 0.2532997131347656 1.087959133088589 0 0.3397386819124222 0 0 0 0.1298973858356476 53.51972451806068 0 0 0 369.0537123903632 0 0 1.60664327442646 0.3275259137153625 0.5850925147533417 8.170830845832825 0.5656029582023621 5.855824053287506 82.54594558477402 3.892284542322159 1.486296892166138 6.423696100711823 15.32465296983719 3.597183108329773 1.011840581893921 0 0 0 0 0 0 0 0 0 0 0 0 0 0 0 0 0 0 0 1.315910577774048 0.9396872222423553 0 0 0 1.815694525837898 0 0.1498891413211823 0 0 0 0 0 0 0 0 0 0.7247236967086792 0.9655059278011322 0.1906107217073441 0 0 0 0 0 0 0 0 0 0 0 1.113087758421898 0.6352338045835495 0 0 0.1166098490357399 0.08906599879264832 0 0 0 0 0 6.230335369706154 0.4108309745788574 0 0 0.1713719069957733 0.5866284370422363 0.22895248234272 0.3737606853246689 0.9679568409919739 0.2095758616924286 0 0.3015156388282776 0 0 0 0 0 0.1075439304113388 0 0 0 1.738587751984596 0.2823850512504578 0.9111339300870895 116.7605123370886 15.0590538084507 86.02042142301798 17.40815165638924 634.825688034296 24.94756077229977 0.9247947633266449 6.708317972719669 1.853367015719414 0.09773631393909454 0.9499549567699432 0.4593367949128151 3.964126452803612 0.2339887619018555 0.1655546873807907 0 0.166389524936676 0
192.7276026457548 2630.045497827232 983.5057887658477 154.0040535926819 0 34.75306014716625 4821.120759829879 42.80012042820454 5453.439601577818 578.4769824370742 1230.823251225054 42.59929794073105 897.6374015435576 327.207890406251 37.53443436324596 27.97896163910627 1.224476546049118 0.3473832607269287 0 0.9665282070636749 0.7772780805826187 0.1199445575475693 0.2264982759952545 0.4838713407516479 0.2155098170042038 2.724805794656277 0.4318438619375229 1.127135202288628 1.738636158406734 0.3625936731696129 106.0789961516857 58.58040446043015 37.37976000458002 0 0.1274071484804153 0.9423811882734299 19.41977731883526 1.31231777369976 1.136586055159569 0.3811954110860825 0.1105969846248627 1.261653386056423 0.1169860064983368 2.634400621056557 0.1481802016496658 0.3862860202789307 116.6688196659088 5.153759770095348 0.7248502299189568 0.56490708142519 1.442777693271637 0.1430800557136536 0 0.583974801003933 3.224546268582344 7.900808997452259 13.47525221854448 106.1516576558352 15.61834996938705 22.531603038311 1.928993083536625 4.543951772153378 0 32.00175545364618 8.677818581461906 3.703150421380997 3.563518695533276 2.541237540543079 1.280202195048332 0.4927075654268265 44.88383655995131 3.481247089803219 0 113.3610512837768 80.5790663138032 115.5681601241231 40.42059767991304 19.5071899369359 0.487379252910614 25.23138839751482 0.8475766032934189 9.532782569527626 10.32486494630575 0.1435577422380447 5.702275551855564 7.735471144318581 1.663759350776672 0.3179556131362915 2.814349517226219 0.2410095259547234 1.915489479899406 0.7908015996217728 2.360834665596485 0.7325189113616943 1.851771466434002 379.0842269510031 2.309458702802658 0 0 40.01265565305948 1.29843932390213 3.228815168142319 22.92915987968445 6.229474768042564 15.86186614632607 84.85197447240353 2.954201608896255 78.2472081258893 73.47007936984301 36.18206892907619 6.233762800693512 102.0306428819895 87.28040359169245 72.44659361988306 16.08623593300581 1.066156819462776 0.3028696775436401 0 0.4056612253189087 0 0 0 0 0 0 0.1054383963346481 0 0.09301751852035522 0.1898699849843979 0.1508155763149261 0 0.2576183378696442 0.2297194451093674 0 28.4859179854393 7.668710269033909 0 0.3700711131095886 0.259653203189373 30.05271793156862 0.5926639810204506 6.978179529309273 1.687708474695683 0.3527025133371353 0.1469755619764328 0.1589771956205368 0 0.2832004204392433 2.35224249958992 1.247319877147675 0 4.561639249324799 7.318001762032509 0 0 0 0.225618302822113 0.1073872521519661 0.5704188942909241 0.9749556928873062 0 0.155947357416153 2.40525695681572 0 0.2804743647575378 1.096605136990547 15.04625143110752 1.453069865703583 1.195150837302208 0.9010671675205231 0.09419756382703781 0 0 0 0 0 85.51295146346092 0.4252580106258392 0 0 0.3609703108668327 7.866698503494263 5.501310631632805 14.99012354016304 9.416027791798115 6.85829945653677 4.149596527218819 4.484561547636986 0.6796874105930328 0.1235915571451187 0.2127733081579208 0 0 0.2160774543881416 0 0 0 65.53775514662266 6.861300081014633 7.116774365305901 629.7378844991326 74.68662509322166 350.2636144161224 108.2940470725298 238.6801043748856 107.672787450254 9.313722275197506 78.84963761270046 19.25791010260582 0.5475012809038162 18.93784705549479 2.406604334712029 44.813626550138 1.479863300919533 0.100772388279438 2.751554757356644 2.168906986713409 0
47.00834362208843 146.1956364959478 42.40248784422874 248.9188851565123 34.75306014716625 0 172.1901074498892 5.025455251336098 53.02576907724142 541.4756464511156 14.5207831710577 159.1592805683613 298.0732222720981 36.8136224001646 0 0 0 0 0 0 0 1.706726402044296 0 0 0 0.422242134809494 0 0 0.2763900458812714 0 27.22993510216475 0.5824218094348907 17.91013883054256 1.047526001930237 0 2.24645060300827 27.2644265294075 0.5132686197757721 6.071492239832878 0.5991747975349426 0 0 0 0 0 0.4537403285503387 1.466112978756428 0.3278618305921555 0 0 0 15.99387520551682 3.80000638961792 0.6951023936271667 0 0.933804951608181 164.5192084759474 136.1602109596133 3.714754842221737 2.222791157662868 1.364664018154144 4.702932268381119 1.190549552440643 0.355335459113121 0.1856322735548019 0.09988454729318619 0.1135533452033997 0.2719774544239044 0 0.4306054189801216 141.8904712945223 283.3817851990461 8.582029402256012 39.37422537058592 9.518966555595398 2.143387027084827 0.4023537188768387 0.1392816007137299 0 8.839527115225792 0.5929216146469116 20.3478921353817 1.020176202058792 4.991700187325478 0.2048764526844025 0.6760292798280716 0 20.69781904667616 0.7614308148622513 11.77184469997883 0.337002694606781 1.675857439637184 0.1911722719669342 0 0.3944228440523148 359.8989654928446 139.3564048111439 48.9282410889864 13.50331465899944 302.2645587623119 0 0 0 0 0 1.746287629008293 0 0.3873413354158401 24.781598508358 0.5292367339134216 0 1.22420360147953 0.6237225085496902 0.6853604167699814 0 0.2443083226680756 0 0 0 0 0 0 0 0 0 0 0 0 0 0 0 0 0.2860230207443237 0 0.2184516340494156 0.4702295064926147 0 0 0 2.434511333703995 0.4150364696979523 0.1783076524734497 1.927472099661827 0 0 0 0 0 0 0 0 0 0 0 0 0 1.182780921459198 0 0 0 0 0 0 0 0.5870185047388077 1.106167703866959 0.1983025670051575 0 0 0 0 0 0 0.1448203325271606 0 0 2.26917552947998 0.4504551589488983 0 0 0 0 0.7780950367450714 0.7288898825645447 0 0 0 0 0 0 0 0 0.1933089047670364 0 0 0 0 0.5124762654304504 0.8453205078840256 1.748575016856194 12.81821245700121 1.79368082433939 10.62326119095087 2.949422672390938 113.4218566566706 4.563622489571571 0.3194943070411682 0.6403582841157913 0.2153227925300598 0.1939202398061752 0.6847374588251114 0.1141098961234093 0.3811030983924866 0 0 0 0 0
575.8352444320917 5370.555953763425 896.4690916463733 782.2398906499147 4821.120759829879 172.1901074498892 0 47.44262637197971 1053.343744434416 2230.740740932524 697.7613096013665 161.4575489759445 1505.867169961333 1056.334275633097 49.69351356476545 37.77489794790745 1.932923160493374 0.1374429017305374 0.3068138509988785 1.794852167367935 1.264124624431133 0.142284169793129 0 0.5030548647046089 0.4173692986369133 2.038384094834328 0.4963716268539429 1.174944907426834 3.961147740483284 0.3742579519748688 182.9877659454942 67.03229633718729 58.22100353986025 0.3911691904067993 0.1132852360606194 3.292219042778015 24.97445709258318 2.313940197229385 2.793073713779449 0.1171939373016357 0.9313656017184258 1.332004368305206 0.5056983754038811 4.006982423365116 0.2676523700356483 0.2060370445251465 175.3406352177262 15.96013551205397 1.489513747394085 0.7927093952894211 2.45834244042635 1.194939076900482 0 2.259653717279434 4.772580355405807 24.83944666385651 62.00026872009039 322.8382063508034 36.90418699383736 49.01611305773258 0.9623659327626228 3.386320196092129 0.862904891371727 55.00800353288651 19.91472297161818 11.6135188639164 7.439031288027763 3.240815289318562 1.118442423641682 0.7502131760120392 57.7767593935132 3.556222707033157 0 321.4738213941455 196.3787390142679 209.0386873558164 57.31593197584152 22.33259542286396 0.2411132231354713 36.24986419081688 0.7600295543670654 10.64891301840544 28.01179050654173 0.4672570005059242 15.31243762373924 21.34179722517729 5.294140465557575 0.7305919229984283 6.695848286151886 0.7841948717832565 2.215279802680016 1.005215331912041 3.895226806402206 1.077087536454201 3.781322114169598 856.8104958534241 1.266272723674774 0 0.2692399621009827 198.032824896276 2.587323904037476 4.315268352627754 32.11250019073486 6.537307381629944 16.85703957825899 123.6289924234152 8.536698065698147 121.3734620809555 178.6812499761581 59.06837028264999 11.7620941773057 142.9676810801029 133.6740398854017 103.7697153612971 29.60205631703138 1.632845722138882 0.9038285687565804 0 0.6743517965078354 0 0 0 0 0.1662629395723343 0 0.4121448248624802 0 0.1196479573845863 0 0 0 0.2597163617610931 0.2302853018045425 0 29.91424123197794 13.65799203515053 0 1.234087526798248 0.5616943165659904 39.68050941079855 0.5227078646421432 14.34753699600697 2.8190598487854 0.3343163579702377 0.6811766773462296 0 0 0.5048702955245972 1.153713807463646 0.4779869019985199 0 5.265677995979786 7.326610185205936 0.1295976638793945 0.1214388981461525 0 0.3850784301757812 0.3492710515856743 0.4017994552850723 1.816349640488625 0.2960387170314789 0.7800738960504532 4.212457627058029 0.9868636727333069 1.508693873882294 2.673207439482212 17.80952527374029 0.7548576220870018 1.001178160309792 1.878947488963604 0.1826006695628166 0.2332829236984253 0 0.3913710489869118 0.1122268587350845 0.303896963596344 124.0276738330722 0.3705283254384995 0.1101023256778717 0.1136328428983688 0.1195949986577034 10.42145921289921 9.452802062034607 19.81459168344736 7.809786692261696 5.584445178508759 5.272486440837383 4.313736990094185 0.4731503278017044 1.170862384140491 0.4482379853725433 0 0 1.219792179763317 0.425777405500412 0 0.4170562922954559 95.37347815185785 11.81088387221098 12.49020091444254 938.2872515767813 151.763956990093 585.215690292418 157.2992771044374 892.2286204919219 195.4701061695814 15.40670650452375 103.1001437082887 30.70814191550016 1.599905975162983 23.39255752414465 5.492040641605854 66.97776212543249 1.49409693479538 1.120677642524242 3.90205242484808 1.891510866582394 0.3582274243235588
74.14189928770065 88.57117711007595 950.8552416563034 3.984436921775341 42.80012042820454 5.025455251336098 47.44262637197971 0 601.8970103934407 15.09536489099264 1467.755516149104 20.15538515895605 338.2059222608805 586.5398008823395 170.2782305851579 210.2771545648575 14.59772474318743 1.421565130352974 0.8414953500032425 4.116056486964226 13.90034721791744 1.3907400816679 0.4918957948684692 0.4913726970553398 16.03732787817717 21.25951714813709 4.753014430403709 6.090264312922955 5.393816366791725 0 1002.396878652275 2184.698491953313 417.1188547387719 1.475368648767471 1.410805307328701 113.4590222910047 214.0980173796415 66.5020516961813 17.39675904810429 19.53235673159361 17.7305187061429 9.297180615365505 2.269919164478779 40.33989979326725 0 6.872928708791733 340.5390684381127 16.70486504584551 4.439560323953629 4.875413693487644 10.11587944626808 0.9595990106463432 0.6812858581542969 5.492732226848602 5.448431521654129 14.49932757019997 39.59364033490419 383.4597776830196 27.44753932207823 58.2192809060216 29.57727912068367 63.54402250796556 5.275585874915123 271.1837652623653 17.0055003836751 8.208552330732346 19.82510956376791 17.56430251896381 15.54090679436922 33.60498545318842 114.693990021944 20.85507103800774 0 272.4241299405694 290.95380718261 386.3545034378767 459.7236979305744 242.1552370265126 617.1082580685616 3129.880214683712 99.10558182746172 1781.003290720284 22.78547692298889 0.7778056561946869 13.69707515835762 17.95672538131475 11.38036624342203 0.4976972192525864 4.835584804415703 0.635477714240551 3.759842500090599 1.802370980381966 29.96961111575365 9.516483977437019 7.0586913600564 128.0443969964981 10.3728109896183 0.4295789301395416 4.482116624712944 63.76956045627594 1.301093846559525 2.649403989315033 9.961765870451927 2.744361117482185 9.069530606269836 34.53718882799149 0 36.71089759469032 24.43157512694597 7.411723464727402 2.535258874297142 45.68515563011169 38.3183511942625 55.28818050026894 17.23417317867279 1.502640560269356 0.5814265608787537 0.5860267132520676 0.2647729367017746 0 0 0.1360160708427429 0.1920318603515625 0.1185245141386986 0.1471769660711288 1.060598582029343 0 0.3245860934257507 0 0.145783007144928 0.2665556147694588 0.3135557472705841 0.7261564433574677 0 26.9659803211689 9.260466694831848 0.3196933716535568 1.365209713578224 0.4892431125044823 43.58900391310453 0.2845199033617973 24.32231664657593 8.586830176413059 0.7984222620725632 1.424145177006721 0.2262797802686691 0.3933505043387413 0.1360681653022766 4.197946980595589 1.943294271826744 0.3589178323745728 3.28436341881752 8.439382433891296 0.1678859889507294 0 0 0.35280492156744 2.585163675248623 0.460178479552269 1.273717761039734 0.2420146241784096 1.072957336902618 2.856483817100525 0.2929206192493439 3.224913381040096 5.675743035972118 22.65660686790943 1.981975704431534 1.355427339673042 1.83166766166687 0.3471931889653206 0.6499767303466797 0.1143440827727318 0.4743674248456955 0 1.246213756501675 68.83805973827839 3.987719148397446 0 0.142039030790329 0.6367262452840805 8.741325452923775 6.293892920017242 27.57733193039894 9.696698009967804 4.371543474495411 3.128601133823395 1.271596759557724 1.570154398679733 0.7374151200056076 0.4570177793502808 0 0 0.5577927753329277 0.8319961056113243 0.107426680624485 0.4210883527994156 42.33981181681156 12.9834201708436 15.38545969873667 1294.617195896804 165.9081122204661 793.7236880138516 241.0641506239772 256.444556646049 232.1141283884645 21.44067844748497 220.6389709413052 23.39945647865534 0.5659943968057632 22.92304921150208 5.159349635243416 42.80152724683285 1.383926972746849 0.5570837706327438 1.473270818591118 7.120200991630554 0.3233474567532539
36.68907419592142 596.9017089009285 574.1927569806576 62.45251097530127 5453.439601577818 53.02576907724142 1053.343744434416 601.8970103934407 0 389.5921621546149 7360.677455715835 19.94469641894102 446.4947661906481 814.2934668064117 46.34715706110001 42.71782428771257 2.362972475588322 0.2305943593382835 0 1.560119658708572 0.9897266924381256 0 0.1068607419729233 0.5518747866153717 0.1024536862969398 1.988107703626156 0 0.4229644685983658 2.172932043671608 0.2560121715068817 28.65143436193466 39.92408731579781 23.43484619259834 0 0.1095293983817101 2.76501752436161 11.57006203383207 0.8437437862157822 0.7354634180665016 0.9640110433101654 0.8151045814156532 1.15465185791254 0.1218155920505524 3.387943476438522 0.1060240864753723 1.631896711885929 100.0664890035987 2.47919524461031 0.8284860998392105 0.2545402571558952 1.023503132164478 0.4221331849694252 0.3038215339183807 1.432759642601013 2.5556281208992 5.013553395867348 8.985436141490936 38.68900085240602 6.732619591057301 15.19283625483513 1.051703691482544 2.954159818589687 0.1878238767385483 20.10966612398624 5.127538584172726 2.263577938079834 2.320842884480953 0.9945409819483757 0.5177309364080429 1.04578622430563 26.62620402872562 2.612163811922073 0.1415010243654251 55.90708883851767 53.79366231709719 97.86014489084482 45.63228525966406 26.99599684029818 1.049832351505756 71.62513247877359 0.7946043089032173 7.225976280868053 4.634039722383022 0 4.622534833848476 6.173798844218254 1.416871927678585 0.2269863113760948 2.331654638051987 0.1188448518514633 0.7740733474493027 0.7441178783774376 1.613330416381359 0.6532575264573097 1.872647672891617 573.2236669585109 1.443245053291321 0 0 31.14406267553568 0.8314158692955971 1.576670348644257 11.79144882410765 4.77584570646286 14.61057433485985 76.54272021353245 2.051536127924919 66.91283783316612 60.94607481360435 33.54485929012299 6.355092778801918 82.65175838768482 68.68652461469173 61.41181108355522 9.518125273287296 0.3665601164102554 0.3717644363641739 0 0.1767487823963165 0 0 0 0.148790255188942 0 0 0 0 0 0 0 0 0 0 0 16.4261717274785 6.638055376708508 0 0.1174070686101913 0 17.81082493066788 0.5262505188584328 6.864919401705265 0.9100871235132217 0.5080741420388222 0 0 0 0 0.1134811043739319 0.1981172561645508 0 2.458067812025547 4.165363848209381 0.1465869247913361 0 0 0.1980705857276917 0.3821738511323929 0.2298339754343033 0.3339965343475342 0.3404738828539848 0.7527552247047424 3.382485173642635 0 0.6813656091690063 1.261783175170422 12.39556075632572 0.384852796792984 0.4929613247513771 0.8226309716701508 0.4543142542243004 0.1130422726273537 0 0 0 0.1586040258407593 70.08192689716816 0.4590391218662262 0 0 0.1107060238718987 5.382591754198074 3.095682561397552 9.223008468747139 4.656791903078556 4.458935938775539 2.013328365981579 0.745837539434433 0.1241303309798241 0.142032191157341 0 0 0 0.1039426699280739 0.08254503458738327 0.126924455165863 0 64.02130921930075 4.416873097419739 5.270028233528137 605.1313468441367 67.76998644322157 269.3274895176291 99.20137841999531 169.4825390055776 88.06394885480404 7.626816719770432 91.42546850442886 20.2183663547039 0.145948052406311 12.48384717106819 3.168402820825577 40.00139077007771 0.8322463035583496 0.1357801705598831 1.303291201591492 1.70820215344429 0.1208731681108475
2084.260574996471 994.2884715795517 139.2954764291644 1142.997069485486 578.4769824370742 541.4756464511156 2230.740740932524 15.09536489099264 389.5921621546149 0 80.2593554481864 850.0158224850893 5290.540587805212 308.4465296268463 8.282666347920895 7.448525242507458 1.844219237565994 0 0 0.1503085792064667 0.1119998469948769 0 0 0 0.2755952179431915 0.1240173503756523 0 0 0.245197020471096 0 84.70131215453148 11.20374194532633 28.71638764441013 0 0 0.2924739718437195 27.43778299540281 0.4673829674720764 3.456407308578491 0.2643350511789322 0.3414071351289749 0 0 0.9074043482542038 0 0 43.05283687263727 3.740816555917263 0.464934915304184 0 0.9302333667874336 1.849511757493019 0.1882794201374054 0.4917822033166885 2.179584234952927 8.049864180386066 111.4456847310066 240.6573584899306 14.73119133710861 15.0332103073597 0.2386894822120667 0.6138450801372528 0.461302250623703 10.56889878213406 8.687302514910698 2.083631433546543 2.035745680332184 1.136887177824974 0.3216004371643066 0.3417095318436623 114.4719114899635 12.57034602761269 1.033831208944321 188.5800905302167 81.56770203262568 48.56801702082157 8.93362320959568 4.214868694543839 0 13.76026140153408 0.3147668913006783 3.303637303411961 12.0647209212184 0.558432936668396 5.020222939550877 6.462409302592278 0.8957167789340019 1.420951306819916 1.103685140609741 0.9046683311462402 0 0.7875137180089951 0.569654256105423 0.1304287910461426 0.1249740719795227 859.5092015042901 12.94919911026955 2.981264501810074 1.557934008538723 846.5957199782133 1.301115453243256 1.546654522418976 12.76194009184837 5.018721178174019 9.965601429343224 93.95886369049549 2.780936971306801 70.12887038290501 214.1050942093134 30.1748940050602 4.590161643922329 96.11663607507944 71.65061164647341 80.25975889712572 9.585821717977524 0.1104221567511559 0 0 0 0 0 0 0 0 0 0 0 0 0 0 0 0 0 0 14.84834022819996 3.239102609455585 0 0.1495849788188934 0.1125703528523445 10.47293274104595 0 4.782416753470898 0.8057705163955688 0 0 0 0.1941259354352951 0 0.2627524733543396 0.9212798327207565 0 3.750868573784828 4.462306447327137 0.443693608045578 0 0 0 0.3430019840598106 0 0.1302594244480133 0.08404230326414108 0.2306955307722092 0.5546474233269691 0 0.6023144274950027 2.295369446277618 7.453778028488159 1.096367955207825 0.8675661906599998 0.6212930604815483 0 0.1863899827003479 0.2140237390995026 0 0 0.1360181719064713 43.68078030645847 0 0 0 0 1.947066754102707 2.565692439675331 5.424367018043995 3.943250395357609 4.66892172396183 1.920253679156303 0.9686514735221863 0 0.4330386072397232 0 0.1072904467582703 0 0.1698267459869385 0 0 0 48.35316480696201 3.905504085123539 2.152434058487415 478.0370290204883 29.39053445309401 186.1964993104339 40.88034881651402 1266.830202303827 56.23848997056484 2.253545828163624 36.04826419055462 22.82393667846918 0.1535465866327286 15.88823983073235 0.9280392974615097 47.89904062449932 0 0 1.389740377664566 0.940559133887291 0
463.0209314897656 890.683288641274 3818.286912433803 22.91484003514051 1230.823251225054 14.5207831710577 697.7613096013665 1467.755516149104 7360.677455715835 80.2593554481864 0 105.2306139916182 2536.974435701966 4964.69409711659 92.78777778893709 94.80969926714897 8.568043746054173 1.103235386312008 0 1.780832804739475 1.284216865897179 0.8605760782957077 0 0.8689557909965515 3.12531466782093 5.658031947910786 1.723019301891327 3.282033182680607 5.682914182543755 0.9067913591861725 779.8333723321557 548.8986098915339 498.3242109641433 0 0 22.88110638409853 181.50054333359 14.90530231595039 6.226562239229679 6.186887703835964 4.587445914745331 2.130156464874744 0.0868774875998497 12.76879797130823 0.141087993979454 3.46215732395649 187.6284158155322 6.748717240989208 1.867427162826061 0.1559691578149796 2.13505919277668 1.284519597887993 1.358811557292938 4.150778613984585 4.008790962398052 11.95443883538246 19.6118935868144 192.074823088944 20.01233517378569 29.2157559171319 2.085826545953751 27.75309615582228 2.234415754675865 37.68653362244368 11.61767096072435 5.534088596701622 6.156010925769806 5.255256481468678 2.78536518663168 3.236865781247616 160.7949577346444 16.90999105572701 0.1348677426576614 150.3994909822941 108.1686717271805 165.5857026129961 78.72146900743246 44.76702930778265 15.70271950960159 326.2395424619317 3.341676250100136 57.32192577421665 13.03845144808292 0.9485877305269241 8.658963866531849 10.46641881763935 3.146719500422478 0.5899783819913864 2.842984311282635 0.843235470354557 1.637534916400909 1.016004115343094 5.863974958658218 2.205880172550678 5.236422546207905 382.7783172875643 4.162121474742889 0.6279896199703217 1.345890879631042 112.0318297743797 1.377975389361382 4.692921504378319 26.34101137518883 4.493299141526222 16.34643729031086 89.75161350518465 4.474605664610863 72.42587865889072 76.04702550172806 30.65231934189796 8.305571898818016 108.9179434999824 93.23609977960587 91.9295195415616 22.31892196834087 1.174283646047115 0.3067623227834702 0.2477462291717529 0.6120290234684944 0.158747598528862 0 0.1251551508903503 0 0.4728425741195679 1.002706125378609 0.2472504377365112 0 0.764444887638092 0.160147413611412 0.1249310672283173 0 0.9528025984764099 0.2814504131674767 0.1147710904479027 26.70076169073582 11.38480316102505 0.1256700605154037 0.7159612327814102 0.57005325704813 41.59056650102139 0.6399119943380356 14.84626566618681 7.290728144347668 2.227463252842426 0.1367743313312531 0.6536245048046112 0 0.4228584766387939 2.356086395680904 1.879256993532181 0 6.065532341599464 11.11419054120779 0 0 0.1418796479701996 1.733340665698051 0.6380423456430435 0.2568628117442131 1.987404972314835 0.9267614111304283 0.3991117179393768 2.780536942183971 0.2050484716892242 2.635672263801098 4.840570069849491 22.9678181707859 0.8815865963697433 1.194644570350647 1.156125433743 0.2384333461523056 0 0.1197096854448318 0.2432398051023483 0 0.4867371618747711 111.6125618815422 1.405216634273529 0.1383139491081238 0 0.2003045976161957 8.324086487293243 8.40322495251894 24.37183246016502 12.75346855819225 6.745631255209446 5.788067303597927 1.938372500240803 1.049642264842987 0.7487915009260178 0.4033974632620811 0.2019152045249939 0.253397211432457 0.4918114319443703 0.1220253929495811 0.127396747469902 0 90.89837111532688 9.974367536604404 12.04643263667822 1175.49066182971 124.6451980620623 491.797439172864 163.5850032791495 249.7257125079632 160.7205405533314 11.88184406608343 175.7940698638558 34.53954438865185 1.342220857739449 31.24262134730816 4.318500407040119 63.25419010221958 1.529055178165436 0.3772530108690262 7.434550613164902 4.54599267989397 0.1963940858840942
75.3653479963541 16.45721206068993 18.25944589078426 177.3019101917744 42.59929794073105 159.1592805683613 161.4575489759445 20.15538515895605 19.94469641894102 850.0158224850893 105.2306139916182 0 3468.068826377392 105.4656217843294 11.75050497055054 9.254330992698669 0.6212644875049591 0 0 0 0 0 0 0 0.5838745310902596 0.5334828346967697 0.2754480838775635 0.3859382569789886 0.4449381232261658 0 3.769737333059311 4.096245624125004 40.07510212063789 0 0 1.584965378046036 47.06372639536858 2.580318674445152 6.69923834502697 0.6981428861618042 0.1924604624509811 0 0 1.803786374628544 0 0 11.46190544962883 0.7051639333367348 0 0 0.3528918847441673 0.7285241782665253 2.178139358758926 0.8500128462910652 0 1.199593037366867 7.609284393489361 9.762448668479919 1.801453717052937 0.9212187007069588 1.520049370825291 1.252574801445007 0 0.8493273928761482 0.8685019165277481 0.1914820671081543 0.4336047247052193 0.3500984907150269 0.1104905232787132 0.4396971166133881 114.9380001276731 18.35982699692249 1.450640499591827 11.59921453893185 5.629729725420475 9.414601854979992 5.135889165103436 3.553452730178833 0 29.11731521785259 0 5.192429214715958 0.8973113596439362 0.411466509103775 0.4282495379447937 0.08136957138776779 0.2932688072323799 0.6213736087083817 0.1052050590515137 0.5026199221611023 0 0.142237976193428 0.1066481843590736 0.09847987443208694 0.3689858019351959 1524.226185649633 11.87616916000843 1.80043888092041 2.129847705364227 70.56453743577003 0.5303390622138977 0.8768418282270432 9.319871634244919 1.860936313867569 9.00603412091732 52.22129729390144 1.910051390528679 39.84468546509743 40.31941555440426 16.62753599882126 3.316798359155655 59.82736606895924 44.95474094152451 55.32866680622101 9.719315722584724 0.1022974029183388 0 0 0 0 0 0 0 0.6277986466884613 0 0 0 0 0 0 0 0 0.6398923695087433 0 12.37059940397739 3.317463964223862 0 0.1260689049959183 0 15.40530570596457 0.1789410561323166 6.203171297907829 1.709344059228897 0.3576514422893524 0.1896824836730957 0 0 0 0.3616158068180084 0 0 2.627714261412621 5.201799221336842 0 0 0 0.3149295449256897 0 0 0.1850078701972961 0 0.3229689002037048 1.102952778339386 0 0.7640313357114792 0.6113919317722321 7.545487642288208 0.6270395517349243 0.7060832679271698 0.643689326941967 0.1457588225603104 0 0 0 0 0.1551639288663864 48.32639893889427 0.3154590129852295 0 0 0 4.042761936783791 3.186902612447739 5.974645361304283 2.457676447927952 2.121257774531841 2.361216053366661 1.209768205881119 0.3025697469711304 0.1033722162246704 0 0 0 0.1441027373075485 0 0 0 51.04034662246704 5.116054028272629 4.341327682137489 140.0441134721041 7.914364032447338 38.72377164661884 15.74627248197794 188.1510197967291 11.55520891398191 1.44230967015028 24.49364878982306 8.683214500546455 0 9.272993102669716 1.799165084958076 19.39973871409893 0.1651182174682617 0 0.5787988007068634 0 0
