0 2442.679362118244 948.0613838806748 781.8135804980993 138.6252726614475 142.0816384702921 1062.449515037239 17.69749940186739 22.30111800134182 2732.874567292631 39.76399233192205 277.6768095493317 142.5559020638466 16.88881075382233 2.682457812130451 0.6643801406025887 0 0.1694570928812027 0 0 0 0 0 0 0.1246786341071129 0 0 0.09473644196987152 0 0.3763726055622101 244.7612866982818 0.7187764197587967 4.356960147619247 0 0 0.2616609036922455 1.602519959211349 0.1640890538692474 0 0 0 0 0 0 0 0 77.47663469612598 3.357849627733231 0.1297547966241837 0 0.9550730884075165 0 0 0 4.828390203416348 5.770359948277473 392.5602910742164 954.8567136600614 85.68026700615883 94.04787104576826 0.2160995528101921 0.8587941974401474 0.5209904983639717 10.05547101795673 4.549014560878277 1.944467008113861 0.7724841311573982 1.777965746819973 0.4918330460786819 0.7676407620310783 2.488078124821186 10.4975138604641 0 200.2885511219501 43.68168810009956 12.57578301429749 1.284486539661884 0.6162391901016235 1.02695219963789 25.70637349039316 0.2681456878781319 1.959116384387016 28.85465802252293 0.2041646167635918 4.452886685729027 2.958107344806194 1.15392193198204 0.08400575071573257 1.437733121216297 0.5127820000052452 0.2088378071784973 0.1001029685139656 0.120974138379097 0 0 48.30584394931793 2.558051392436028 0 0.6798340827226639 1684.191173106432 0 0 3.400496631860733 0.6478728502988815 5.212441593408585 11.12304611504078 0 4.839649170637131 79.06748126447201 7.570340797305107 1.779246360063553 5.635885208845139 7.573290169239044 5.732625111937523 1.032407537102699 0.8663333058357239 0.1455787718296051 0 0.2415241152048111 0 0 0 0 0 0 0 0 0 0 0 0 2.138125240802765 0 0 0 0.4045565873384476 0 0 0 0.2630402743816376 0 0.8597618192434311 0.9491055607795715 0.3260324597358704 0 0 0 0 0 1.175110101699829 0 0.6042651236057281 0.9130211472511292 0 0 0 0 0 0 0 0 0.1583858132362366 0 0 0 0 0.3364092111587524 0.6819028854370117 0 0.1179043874144554 0 0.1692196428775787 0 0 0 0 0.1939820796251297 0.1589452177286148 0 0 0 0.5729639977216721 0.5730564594268799 1.182771652936935 0.393689826130867 0.4479573369026184 0 0 0 0 0 0.08255095779895782 0 0 0 0 0 0.9832231998443604 1.929675042629242 2.310475535690784 84.79324162006378 12.02191048115492 107.5652695074677 32.43707703799009 1010.024565257132 44.08876243233681 4.979645863175392 32.5992733836174 8.762055143713951 0.6477924734354019 3.312925107777119 1.020479053258896 20.09754943847656 0 0 1.109602436423302 0 0.1248611807823181
2442.679362118244 0 3565.267094813287 1723.49362077564 5140.727307513356 325.4939920455217 5051.282252848148 164.0322353392839 1674.599679946899 973.0859583467245 787.2887144088745 69.79391840845346 448.7618557885289 392.4718449041247 32.23252207785845 4.455277413129807 0.3977483361959457 0.4516013786196709 0 0.4574752300977707 0.8559726029634476 0 0 0.1100134700536728 1.215985596179962 0.8092237412929535 0.7285633981227875 0.171419769525528 0.1226059272885323 0 1939.150002792478 18.30737029016018 26.35754358768463 0 0.5000598132610321 0.7774666026234627 7.001899622380733 0.8083200231194496 1.063245043158531 0.4814629629254341 1.537318155169487 0.9679825901985168 0 1.095945574343204 0.09795757383108139 0.6970899105072021 268.3052619174123 7.248141013085842 0.8478640541434288 0.2414674609899521 5.169681258499622 0.1561291664838791 0 0 7.372048832476139 10.88901839405298 233.1154815033078 1251.139195069671 88.98190616071224 210.0212050750852 0.794533297419548 3.215795196592808 0.6681401282548904 80.9497052282095 7.290901746600866 6.508507065474987 3.097874455153942 3.29192228615284 0.9136817306280136 2.451521143317223 35.26987187564373 11.85620609670877 0 307.1323762685061 118.9685483723879 83.41136599332094 19.66536390036345 2.6360232681036 6.689444072544575 357.6667212098837 2.097449295222759 7.879949077963829 60.24260114878416 0.8622457012534142 8.350336268544197 9.374831043183804 2.745021902024746 0.3211544156074524 4.436685733497143 0.1499573215842247 1.042550221085548 1.198742061853409 2.427715577185154 0.4289146214723587 0.5555837601423264 208.3891205117106 50.7189824283123 0 2.722083516418934 2118.356813788414 1.837342627346516 0.2349245846271515 15.28332956880331 5.590365946292877 34.53303217887878 91.07936746627092 4.270504981279373 47.4688820913434 178.5946803838015 42.69520478695631 31.30237227678299 110.2254565283656 104.1318387240171 62.59532564133406 24.56632354110479 2.386194631457329 2.020302936434746 0.5872544050216675 0.1380172371864319 0 0 0.113594725728035 0 0 0 0 0.3316934108734131 0 0 0 0.1265800446271896 0 0 0 2.946139134466648 6.950830146670341 0 0 0 5.197776451706886 0 3.203116521239281 3.891395978629589 0.2553752660751343 0 0 0 0.118583932518959 0.1365567892789841 0.3685566484928131 0 3.301546677947044 15.56826654076576 0.1222518384456635 0 0.1778249591588974 0.6570829153060913 0.09870526194572449 0.4051845073699951 0 0 1.136200696229935 1.841949462890625 0 0 0.5673882365226746 8.726586230099201 4.39555299282074 1.156655475497246 0.6412700265645981 0.3310798555612564 0.1009165868163109 0.3789388239383698 0 0 2.242210328578949 10.08677530288696 0.6308395266532898 0 0.1247036159038544 0.5722126439213753 15.0877133756876 2.323999375104904 4.373941980302334 2.504448384046555 3.309335201978683 9.378631599247456 4.681902125477791 0.6328050345182419 0.2017481699585915 0.2622090503573418 0 0 0.09691405296325684 0.0847943052649498 0 0.1066658645868301 40.3880088031292 21.71351316571236 8.998275555670261 288.4473961368203 34.78194738924503 344.8001500740647 72.31463634222746 1195.181589230895 79.38196155428886 14.08652005344629 94.37919838726521 54.46460559219122 2.372367829084396 25.14918929338455 10.69864308834076 95.27186653017998 5.348319880664349 1.571279734373093 18.8514394313097 5.141775697469711 3.86630180478096
948.0613838806748 3565.267094813287 0 20.50545933842659 753.9627836942673 11.98693193495274 403.7257904186845 3123.10429494828 518.4905249103904 29.02143674343824 2412.361858807504 15.45777345448732 163.8455445021391 296.5205262377858 49.87124704569578 27.97356063127518 2.615137204527855 2.586085356771946 1.3528648391366 5.539636552333832 19.69717025756836 0.8767210468649864 1.340060174465179 2.233952671289444 24.01847322285175 5.147502869367599 10.06332112103701 4.333668187260628 0.3971599489450455 0.5383310168981552 5431.982047580183 752.5515005961061 55.08077742159367 5.377703338861465 21.00589232891798 31.62181767821312 24.41729806363583 15.87815742194653 5.676371365785599 7.078120343387127 58.32162844389677 26.29699258506298 3.249095790088177 6.106792770326138 6.685995042324066 4.449654817581177 226.6927582323551 5.64318174123764 1.162250570952892 10.76499041169882 5.781615123152733 1.586974769830704 0.1491127759218216 2.859036952257156 4.663968406617641 8.354457326233387 126.6633100360632 1385.742177419364 54.5887213498354 152.218089222908 26.02544047683477 58.17740852385759 28.93578241765499 578.1961214691401 7.126627378165722 5.70923725515604 1.612989254295826 3.253538735210896 11.24598100036383 109.2402532845736 50.68518294394016 11.97109244763851 0 247.6947377324104 185.7908890545368 98.99339634180069 61.8732795342803 22.50448862463236 359.9066166877747 2142.681219704449 48.10190242528915 404.7079537957907 36.94878162443638 0.6017592400312424 7.081781305372715 7.392808727920055 6.978738248348236 0.1865699291229248 3.281106777489185 0 3.710057236254215 4.42316684871912 86.16574110090733 12.67730466276407 10.14352665096521 84.44913879036903 58.95294117927551 0 12.54689379036427 265.5326994732022 0 0 5.253955960273743 4.838786512613297 10.87795428931713 24.76108242571354 1.441438511013985 11.41385070234537 15.45126281678677 16.82570600509644 8.412431851029396 33.54498761147261 31.00496284663677 27.61692850291729 9.597400657832623 2.043795257806778 0.1953432410955429 0.1186655834317207 0.1479580849409103 0 0 0.2445602491497993 0.3023097291588783 0 0 1.592692159116268 0 0 0 0 0.6904549151659012 0 0.1120951101183891 0 1.014808297157288 2.545921601355076 0.7749530076980591 0 0 5.303146995604038 0 3.237799510359764 1.776338338851929 0.2674016579985619 0.9721517711877823 0.1477569192647934 0.6922618597745895 0.4102713391184807 0.5589131861925125 1.142794229090214 0.1799709349870682 0 3.817922569811344 0 0.3533017337322235 1.365861855447292 0 1.285363331437111 0.1148133799433708 0.8226180374622345 0 0.1214022636413574 0 0 0 0.2366686388850212 6.632337518036366 0 0 0 0.09708438068628311 0 0.5993903577327728 0.1893555968999863 0.3836138844490051 3.671731129288673 7.063380226492882 0.3438288122415543 0 0.6480615809559822 2.55785221606493 9.01614760607481 1.326372563838959 3.349852360785007 1.583535969257355 1.206544399261475 2.589239001274109 0.121393546462059 0.7154784947633743 0.4348779618740082 0.06794095039367676 0 0 0.08041978627443314 0.4447097033262253 0.1275820732116699 0.3722478747367859 13.74419783055782 12.3151059448719 7.737044639885426 217.2030531018972 40.50510640442371 257.2309558987617 63.25928547233343 290.7114493995905 57.53942350298166 7.729291714727879 80.72260320931673 23.34505009651184 0.8936033770442009 10.80405448377132 3.556739076972008 25.97948382049799 1.790011242032051 0.09965937584638596 6.171198949217796 3.445092707872391 3.49206767231226
781.8135804980993 1723.49362077564 20.50545933842659 0 148.4129483252764 218.5065524578094 1939.372395217419 3.3282186165452 27.54499403387308 2361.023426175117 1.20867820084095 780.8251254111528 630.1610098704696 15.15800535678864 2.842704497277737 0.1363187432289124 0.3237956166267395 0 0 0 0.2269742786884308 0 0 0 0 0 0 0 0 0 53.42776712030172 1.022942155599594 0.5897279158234596 0 0.143504723906517 0 2.22242759168148 0 0 0.1648111343383789 0.1386081278324127 0.1157623007893562 0 0 0 0 29.57564717531204 1.182829551398754 0 0 0.2857751473784447 0 0 0 0.505052424967289 1.151076890528202 15.7663307711482 51.06091696768999 5.426335543394089 24.09211124479771 0.2239016965031624 0.4560177624225616 0 14.16397885233164 1.4212936013937 0.7261814698576927 0.3274327963590622 0.1923113390803337 0 0 3.862617865204811 4.24165752530098 0 29.17257588356733 11.77795521914959 8.343583270907402 0.9339346885681152 0 0.1834323555231094 1.125992976129055 0.1488179415464401 0.6533838510513306 4.797261156141758 0.1635723114013672 1.46912520378828 1.736856229603291 0.3612423837184906 0 0.3530836328864098 0 0.09269407391548157 0.08421460539102554 0.1106594279408455 0.1374893337488174 0.1170058101415634 84.35085786879063 3.828415617346764 0 0 116.5617506727576 0 0 2.198837369680405 0.7655402421951294 3.008641004562378 33.76639091223478 0 6.625552803277969 62.05680620670319 7.573935329914093 4.586205363273621 17.99998588114977 13.22586043179035 11.18207415938377 4.191118821501732 0 0 0 0 0 0 0 0 0 0 0 0 0 0 0 0 0 0 0.4154151678085327 0.3484972417354584 0 0 0 0 0.6128642559051514 0 0.4318664222955704 0.1763413846492767 0 0 0 0 0 0 0 0 0.5835298448801041 1.956080928444862 0 0 0 0 0 0 0 0 0 1.054223984479904 0 0 0 0.5004838407039642 0 0.2563307583332062 0 0 0.1873331367969513 0 0 0 0.1295184791088104 1.182353556156158 0 0 0.09430033713579178 0 2.237509593367577 0.6062423586845398 0.3479419052600861 1.237112194299698 1.480023831129074 0.2194055169820786 0 0 0 0 0 0 0 0 0 0 4.966991692781448 2.31343986093998 0.8875163942575455 41.46374773979187 3.460130035877228 44.61908286064863 6.995099544525146 345.9958766326308 9.705160893499851 0.8164864480495453 18.12627516686916 6.975103288888931 0.4119340628385544 2.567742481827736 0.6671419963240623 13.30367165803909 1.041913211345673 0.3486241400241852 1.628224462270737 0.2059428989887238 0.358173668384552
138.6252726614475 5140.727307513356 753.9627836942673 148.4129483252764 0 32.10053735971451 5044.40993180126 374.2384713664651 6107.217896081507 700.5016845986247 1587.94485361129 65.64475778490305 1347.76523181051 401.7926607578993 54.96189308166504 7.552536867558956 1.884357735514641 0.9183444529771805 0.128344252705574 0.7656950876116753 0.334286205470562 0.09792608767747879 0.2967482209205627 0.6242010444402695 0.8448125794529915 0.4293999001383781 0.1972862929105759 0.1061306893825531 0.0978538990020752 0 161.2789624333382 22.63463344424963 29.38496227562428 0.1427886933088303 0.1337146162986755 0.2412926331162453 7.932228974997997 0.7121592164039612 0.2499924227595329 0.5114856660366058 0.9267138540744781 0.4021424278616905 0 1.334330983459949 0.1179272755980492 0.4106588810682297 205.4469507560134 2.88302605599165 0.6317711845040321 0.9790762215852737 2.291804820299149 0 0 0.7350757122039795 2.019322700798512 3.507966093719006 14.42785296589136 62.57425684481859 10.41056124866009 74.01907774806023 0.8949689269065857 1.406306907534599 0.2418161779642105 49.88171062618494 3.887776382267475 1.60487475246191 0.9551180824637413 1.555977247655392 0.5563869327306747 1.326292879879475 35.73330219089985 17.44749189913273 0 52.08552077412605 39.97216686606407 78.99623344093561 35.0791490226984 6.086240157485008 6.257031694054604 369.2047741189599 0.8840354755520821 2.90142896771431 17.49693781137466 0.3505568653345108 2.817848898470402 3.027275159955025 1.736090406775475 0 2.282822787761688 0 0.9114133715629578 0.190037876367569 0.6112127304077148 0 0.2796562910079956 387.0913746953011 40.21307791769505 0 3.82342978566885 31.39488313347101 1.488811030983925 1.279946267604828 17.18546438217163 7.354210570454597 42.08189399540424 79.43711294978857 7.182346314191818 80.63428849726915 82.66634857654572 67.91289933025837 49.11625926941633 158.3208371475339 161.6244654580951 96.64242903888226 32.78073108196259 1.25971432775259 0.8607884123921394 0.4717128574848175 0.6663213670253754 0 0 0 0 0 0 0 0.2776754125952721 0.3882110118865967 0.3541479110717773 0.1619701236486435 0 0 0.1781654059886932 0.303884744644165 3.577289998531342 7.558967232704163 0 0.3979855477809906 0 5.131612308323383 0.2253073155879974 5.125805199146271 2.008248493075371 0.7142847329378128 0.2026172280311584 0.1287048906087875 0 0.4057916700839996 0.7063137069344521 0.9826460927724838 0 1.818501979112625 14.28609293699265 0 0 0.1133446469902992 0.5883281230926514 0.302160382270813 0 0.107972539961338 0 0.6935980468988419 1.700725242495537 0 0 1.194263212382793 11.05671742558479 2.47961437702179 0.4615568518638611 0.284824475646019 0 0 0.1542207896709442 0 0 0.5187991261482239 15.17496052384377 0.693367138504982 0 0 0.2958656549453735 17.68722739815712 4.395490579307079 4.086124025285244 3.528436928987503 4.185446031391621 10.27048925310373 2.974863864481449 2.127838157117367 0.8289883658289909 0 0 0 0 0 0 0 73.09014935046434 22.81966020166874 7.78465511649847 252.975837867707 20.55208692699671 233.5162782594562 51.63236013799906 325.0843408480287 39.17464739084244 4.562319412827492 69.99050765484571 43.19514836370945 2.204099498689175 19.64359769225121 11.1663785353303 99.01461265981197 5.705608919262886 0.38914904743433 12.52861674129963 4.303043030202389 5.459144629538059
142.0816384702921 325.4939920455217 11.98693193495274 218.5065524578094 32.10053735971451 0 251.6035760417581 2.416386172175407 22.90803838521242 745.2618395909667 7.245565950870514 295.7169459015131 124.894395686686 18.19553256034851 2.296210624277592 1.897458165884018 0.3706524968147278 0 0 0 0 0.6755719035863876 0 0.1549565494060516 0.2539997696876526 0 0 0 0 0 12.18841323256493 3.754710771143436 65.96331539750099 0 0 1.105405524373055 47.64123795926571 8.094246730208397 7.292523965239525 1.83322961628437 0.89751897752285 0 0 1.265046447515488 0 0 7.510317742824554 0 0 0 0.1149459257721901 2.395462363958359 0 0 0.1214422062039375 0.7463566809892654 66.89272160828114 27.74666307866573 1.375963687896729 2.687379121780396 2.638692662119865 37.42731902003288 0 1.096228457987309 0.1016868129372597 0.4414748102426529 0 0.08356668800115585 0 0.2267667800188065 72.81205902993679 244.1793143600225 5.912099480628967 5.542716212570667 2.155103847384453 1.524226225912571 1.310336738824844 1.789240166544914 0.7922815680503845 34.41725534200668 0.1421350538730621 40.01393067836761 1.554342612624168 1.993675455451012 0.2308489307761192 0.5002211704850197 0 1.99958810210228 1.617495507001877 6.486117772758007 0.387358620762825 1.036702051758766 0.2804547399282455 0 0 173.8341473191977 123.9694052636623 15.17250609397888 4.592590928077698 243.1107045263052 0 0 0 0 0 0.8028084635734558 0 0 6.905442088842392 0.5661370754241943 0 0.7032504081726074 0.3779529631137848 0.3524474203586578 0.5571865439414978 0.1086474061012268 0.1528245061635971 0.1304677724838257 0.35273277759552 0 0 0 0 0 0 0 0 0 0 0 0 0 0 0 0 0 0 0 0 1.316017627716064 0 0.5686140209436417 0.9900812059640884 0.4252886548638344 0 0 0 0 0 0 0 0 0.6805943846702576 0 0 0 0 0 0 0 0 0 0 0 0 0 0.2031858861446381 0 0 0 0 0 0 0 0 0 0.1760443598031998 1.073871850967407 0 0 0 0 0.1244505345821381 0 0 0 0.604790985584259 0 0 0 0 0 0 0 0 0 0 1.380871117115021 0.8439555615186691 1.053952544927597 22.38519480079412 2.393409997224808 10.62025178968906 2.915388680994511 155.0239508971572 2.392286457121372 0.2536052465438843 5.07331708073616 2.261927112936974 0 0.9338333606719971 0.1212708577513695 1.15827351808548 0 0 0.7557472586631775 0.5115215629339218 0
1062.449515037239 5051.282252848148 403.7257904186845 1939.372395217419 5044.40993180126 251.6035760417581 0 69.3526508435607 3675.059988960624 3669.103778220713 299.3719807416201 405.722014926374 4942.754511512816 1499.478549227118 81.74461334943771 23.14383888244629 2.229675605893135 0.7720488756895065 0.101922020316124 0.4182060360908508 1.458094015717506 0.4067237377166748 0 0.1169710904359818 1.243152007460594 1.300455592572689 1.555369906127453 0.6203440874814987 0.18075792491436 0.1639070808887482 421.1491466909647 30.40561004728079 9.191347368061543 0.3000203147530556 0.2278518006205559 0.720221720635891 27.67165368795395 1.191861867904663 1.30798677355051 0.3619057461619377 1.421313866972923 2.099161483347416 0.5442802160978317 5.572854101657867 0.820673368871212 0.7699006944894791 421.747815027833 9.355229295790195 1.337145783007145 1.305729188024998 6.27261583507061 0 0.1161392107605934 0.8125645890831947 9.853566139936447 13.31665506213903 68.70658853650093 308.3422147706151 42.89406352490187 213.9317258000374 2.83311814814806 1.442525200545788 1.477408573031425 104.9747439995408 10.60957127809525 7.357591517269611 1.888031274080276 5.20054816454649 0.7301745712757111 4.331481344997883 58.55950673669577 23.36550951749086 0.08635250478982925 220.7833852916956 126.69291472435 145.5225136727095 58.72204339504242 14.06817858666182 7.765942610800266 30.6686769425869 2.506729632616043 9.758585020899773 60.16973178088665 1.796054117381573 11.56683740764856 11.61066547781229 4.938847161829472 0.1728903576731682 4.779380813241005 0.4241636544466019 0.8169895336031914 1.820577375590801 3.79863640666008 0.1384365111589432 1.3291380032897 772.5026656538248 67.34564616531134 0.1654700040817261 5.558447524905205 244.701291359961 2.61619371175766 1.168469548225403 37.69656585156918 18.8591542840004 95.55276383459568 155.820002540946 13.21897245943546 130.6778955459595 319.6846277564764 133.245474383235 82.24050776660442 285.312651462853 285.8613452762365 157.9933399483562 63.25159309059381 3.466712929308414 2.368556261062622 0.564572736620903 0.7011189013719559 0.1192535609006882 0 0 0 0.211163192987442 0 0.2734750509262085 0 0 0.6044384092092514 0.2331305742263794 0.3338738977909088 1.957452863454819 0.1135902181267738 0 8.655270330607891 17.51106138527393 0 0.14472596347332 0.5259133577346802 9.540103487670422 0.2322470992803574 8.794386483728886 6.092844389379025 0.4415708929300308 0 0.5606287270784378 0 0.6134065613150597 0.8792533278465271 0.1324358135461807 0 7.773134842514992 29.17043619602919 0.1348665654659271 0.4773147702217102 0.6915634721517563 0.4873373210430145 0.4663701727986336 0.3861215487122536 0.5790349617600441 0 1.607291854918003 3.043723322451115 0 1.155989676713943 1.741659797728062 22.9990154132247 2.828947246074677 1.657869547605515 0.517637774348259 0 0.3888168185949326 0.1395419090986252 0 0.09365338832139969 1.046497568488121 20.65228024125099 0.7129427492618561 0 0 0.1626799553632736 30.99274758249521 4.874564722180367 7.885341480374336 5.622798219323158 4.729437634348869 20.91730963438749 4.358723059296608 2.272684656083584 0.5988056883215904 0.09242651611566544 0 0 0.106511302292347 0.09163267910480499 0.2555293142795563 0 136.1179647371173 39.17150764167309 17.89764889329672 540.0917555242777 57.25256685167551 520.5158371962607 113.0739652737975 1401.723466455936 91.93374481797218 12.64665465056896 164.5234475806355 97.64962536841631 4.062063425779343 56.44267350435257 15.66063679009676 204.004879809916 11.4073733612895 0.6020933464169502 19.16357132047415 9.486203335225582 11.26120785623789
17.69749940186739 164.0322353392839 3123.10429494828 3.3282186165452 374.2384713664651 2.416386172175407 69.3526508435607 0 578.8338107317686 9.783403538167477 2182.619054861367 16.79531348496675 144.0056242123246 353.9497484564781 128.4827391952276 48.48814165592194 5.422059610486031 5.571032650768757 2.673733033239841 15.78036617487669 65.06066951900721 0.6026939898729324 6.449637949466705 6.336615175008774 45.05879195779562 16.07167023420334 28.88793104141951 8.411790914833546 0.7286771833896637 0.1713779121637344 1294.966251887381 1235.964504793286 63.44822382926941 22.43195629864931 58.76009282469749 72.26631303876638 39.0741698294878 29.08310699462891 11.27803669124842 11.29031625390053 123.5324682369828 47.45110193639994 6.66928619146347 11.69275562465191 20.87755861133337 16.49739091843367 368.1954028829932 4.77585481852293 5.257221475243568 13.52851309627295 5.26063571870327 2.492331027984619 0.3361207544803619 4.837859138846397 3.069673143327236 4.496545322239399 29.81524901837111 227.954401858151 18.01200406998396 116.984688654542 96.45111183077097 111.4021822139621 91.28772192448378 189.5327323898673 5.089173376560211 3.135412581264973 1.536262735724449 3.900762625038624 14.27140010148287 254.8937252014875 33.50237919390202 13.62093645334244 0.206904262304306 123.5757011920214 118.6771768927574 171.0498003214598 115.679982252419 242.2775961235166 1224.125885628164 2731.606828808784 450.659039132297 2198.409765310585 24.99963442236185 0 5.178324811160564 5.61388324201107 8.183709032833576 0 1.852086715400219 0.7100610285997391 4.097070075571537 6.122097723186016 176.6613067686558 17.06708623468876 14.6446480229497 109.8057008907199 40.07871882617474 0 16.36197897046804 13.43345311284065 0 0.6363043934106827 2.044935077428818 0.8105670809745789 11.50321930646896 16.70856637507677 1.554413467645645 11.7985876724124 5.628455996513367 8.380483329296112 8.430108934640884 22.68407543748617 18.49479708075523 20.63006947189569 6.434081837534904 0.5006969645619392 0.6129473149776459 0.2198150381445885 0 0 0 0 0.4033917784690857 0 0.1278418898582458 2.226655028760433 0 0 0.2618531808257103 0 1.353774107992649 0.1489085108041763 0.9170048087835312 0 0.8123516440391541 1.356377616524696 0 0.4733872637152672 0 5.30752507597208 0 2.29066676646471 3.29488991945982 0.2389267683029175 0.406952977180481 0.5662386268377304 0.9239144623279572 0.5808779746294022 0 0.2219629734754562 0 1.569755524396896 6.348121576011181 0 1.163663938641548 3.307849138975143 0.1954719573259354 1.916340842843056 0 0 0.6059629693627357 0.4880434274673462 0.6352146118879318 0 0.1654144674539566 0.4734447449445724 4.662709355354309 0.3188561648130417 0.2490968555212021 0.1378070116043091 0 0.1200952678918839 1.049777887761593 0 0.2803233787417412 3.336948193609715 2.54959087818861 0.4075743481516838 0.1272410750389099 0.2065320611000061 3.400807216763496 5.085273019969463 0.8975769281387329 1.543152324855328 0.8944375365972519 0.9788813292980194 4.142960473895073 0.3269043117761612 1.561628088355064 0.3082142621278763 0 0 0 0.2636719271540642 0.6343851089477539 0 0.1449832916259766 17.74430286884308 11.38977003842592 7.57726439088583 377.1949708089232 48.63278673961759 397.3261951059103 80.246542096138 144.514131218195 54.6917152479291 6.613559074699879 122.2621853351593 21.40208035707474 2.433407381176949 11.16221164166927 3.471201106905937 17.92879736423492 1.832119703292847 0.6692922115325928 7.522792898118496 8.953279487788677 6.695751368999481
22.30111800134182 1674.599679946899 518.4905249103904 27.54499403387308 6107.217896081507 22.90803838521242 3675.059988960624 578.8338107317686 0 308.1983157023787 4243.84672357142 280.9494530037045 4674.618821650743 2052.354983456433 107.8837323114276 38.95348499715328 4.624939545989037 1.197813801467419 0 0.5409422740340233 0.3763819560408592 0 0 0.1367351412773132 2.192472189664841 1.700084298849106 0.8025548160076141 1.161794520914555 0.7964017242193222 0.2370480373501778 45.81054603308439 35.53318860381842 264.7382972985506 0 0.4520336389541626 1.248138204216957 298.263571806252 1.806702643632889 0.5833386704325676 0.6871221885085106 3.225122474133968 3.17482452839613 0.1407509595155716 6.64429134875536 0.6019121259450912 1.010695166885853 207.6967635005713 1.142911911010742 1.642918296158314 0.6596989184617996 1.79677502065897 0 0 0.3089800775051117 2.58265245705843 2.618170894682407 8.689731664955616 22.66875872015953 9.925265051424503 48.09157131612301 1.985882990062237 3.581290997564793 1.348237983882427 39.91215512156487 1.918514184653759 2.159302286803722 0.7990016788244247 0.9008625522255898 0.6530939415097237 5.156334839761257 128.9548793882132 14.39928022772074 0 38.44964312016964 31.89226674288511 112.9374558031559 73.47179002314806 20.65875699371099 5.061613254249096 335.8836969360709 2.95469930768013 7.155501037836075 15.09169781208038 0.3325648531317711 1.913314141333103 2.78402341902256 1.51729428768158 0 1.178959473967552 0.1599966213107109 0.7788611054420471 0.377840593457222 5.389909535646439 1.812873460352421 1.104595690965652 588.5207822322845 43.02453330159187 0.2874098420143127 5.432976774871349 21.71249361336231 0.9915174096822739 2.618376702070236 16.99119703471661 7.353606358170509 38.86963228881359 69.59171012789011 7.217560619115829 56.19345562905073 60.44818629324436 53.48872896283865 31.60659375041723 144.8661758974195 148.728825494647 91.54653981328011 24.21484530717134 1.941288702189922 0.3200300261378288 0 0.4462738260626793 0 0 0 0 0 0 0.1104708760976791 0 0.4853057563304901 0 0.5435364246368408 0 0 0 0 2.732808500528336 6.073215782642365 0 0.2635296881198883 0 4.676545850932598 0 2.80870196223259 0.9040653631091118 1.088935151696205 0 0.1199024021625519 0 0.1630183756351471 0.2989855781197548 0.1715761870145798 0 3.451698608696461 9.258361376821995 0.1137304902076721 0.2703996226191521 0.2394526824355125 0.1336662769317627 0.3081790506839752 1.196436673402786 0.7130912840366364 0 2.196465075016022 3.162666246294975 0 0 0.1378654539585114 8.728700257837772 2.018122360110283 0.9578975141048431 0.5707526654005051 0 0.07651111483573914 0 0.2601370364427567 0 1.228458665311337 9.226909205317497 1.220243364572525 0 0.09025739133358002 0.4030126929283142 11.90092679858208 2.592480219900608 2.435484401881695 1.533535964787006 4.682346418499947 6.582296259701252 2.451624296605587 0.6929161995649338 0.2753199189901352 0.3699053972959518 0 0 0 0.2404808774590492 0 0 77.48741976171732 19.17151888459921 8.092806704342365 432.7389151453972 24.01532083004713 317.1986046880484 92.86262552440166 275.1455367580056 50.28876418620348 4.472295723855495 110.0895229876041 44.25876002758741 0.8355072438716888 16.74913921952248 6.559490695595741 78.64958555996418 4.97362869232893 0.1150479316711426 11.49323096871376 10.63045995682478 8.933153539896011
2732.874567292631 973.0859583467245 29.02143674343824 2361.023426175117 700.5016845986247 745.2618395909667 3669.103778220713 9.783403538167477 308.1983157023787 0 32.23372414708138 2770.446234434843 3520.182495802641 265.8627087920904 14.26276799291372 4.867543257772923 0.3579580187797546 0.2594696059823036 0.1160986423492432 0.1274087280035019 0.5769550502300262 0 0 0 0.2513700053095818 0 0.6334425956010818 0.3244424164295197 0 0 48.0445361956954 3.289427116513252 51.23270710557699 0 0 0 99.33588988333941 1.712690651416779 0.9360752105712891 0 0.4616931527853012 0.580449178814888 0 1.425346605479717 0.1296578496694565 0 56.23725663870573 1.169313803315163 0.2730075418949127 0.628847636282444 1.049794897437096 0.3002623468637466 0 0.1274992525577545 1.168368011713028 0.8542049154639244 102.8214943706989 82.04911248385906 15.06151000410318 32.33421911299229 1.125658728182316 6.707972593605518 0.28196881711483 9.147906459867954 1.120550408959389 0.9180362522602081 0.5303470939397812 0.2825491800904274 0.5531447678804398 1.022265397012234 166.509095788002 34.28260785341263 1.327901288866997 47.63101540505886 16.8307933434844 16.4974609464407 8.961030200123787 3.324073389172554 0.6774703562259674 10.4738448113203 0.4654158428311348 9.141285173594952 8.294716641306877 0.1988221108913422 1.282556407153606 1.403642378747463 0.7835578173398972 0.2782726287841797 0.4356074333190918 0.7145247906446457 0.1074948608875275 1.081181615591049 1.239180542528629 0 0.1972081214189529 1369.763981245458 37.48226476460695 0.8087915182113647 3.219225578010082 1296.631898134947 1.825002275407314 0.492750808596611 24.19138162583113 10.97411534190178 31.9497622102499 93.39874641597271 6.256964489817619 55.11971102654934 129.6137541607022 75.1274442076683 34.10793253779411 150.2374416068196 139.822739765048 87.51851493865252 18.76705325394869 0.6790767759084702 0.625678226351738 0 0 0 0 0 0 0.7257843017578125 0 0 0.7087781429290771 0.3887610733509064 1.108500629663467 0 0 0 0 0 3.973443038761616 4.63567242026329 0 0 0.2972921282052994 1.136048026382923 0.1699776947498322 1.907959140837193 1.838108025491238 0.8951831758022308 0.1275379955768585 0.1387790888547897 0 0.1529212594032288 0.6461197584867477 0 0 2.717783503234386 16.76658357679844 0 0.1577194929122925 0 0.2303282767534256 0 0 0.2525031864643097 0 1.736752837896347 2.096040159463882 0 0 0 4.823666371405125 2.19583323597908 0.280748263001442 0.1875137835741043 0 0.09295617789030075 0 0 0 0.6118099838495255 4.944137014448643 0 0 0 0 7.69114150851965 1.917069539427757 2.437238201498985 3.383694633841515 2.377486519515514 9.50953534245491 1.552757561206818 1.648929096758366 0.1933242157101631 0 0 0 0 0 0 0 54.65902668982744 7.833884820342064 4.474103674292564 264.7824598699808 10.63451391458511 85.24708021432161 19.3950000628829 2192.575391851366 14.38338003307581 2.659636221826077 38.28636209666729 68.85595533251762 1.203551098704338 18.16861800849438 6.28413487225771 160.3454189673066 4.206952556967735 0 12.36019389331341 2.948336832225323 0.5152793377637863
39.76399233192205 787.2887144088745 2412.361858807504 1.20867820084095 1587.94485361129 7.245565950870514 299.3719807416201 2182.619054861367 4243.84672357142 32.23372414708138 0 163.6720184385777 1833.967496410012 2926.0139843449 101.0680370256305 49.12376025319099 4.730876803398132 1.066707380115986 0.3055061176419258 1.594168812036514 3.492373906075954 0.1654861718416214 0.8890410661697388 0.6981372088193893 15.10252421349287 2.324494637548923 6.760938286781311 1.045049272477627 0.3520471304655075 0.1982744634151459 412.2885438129306 179.927730627358 425.5982052460313 0.4099495559930801 9.315611600875854 22.52831676602364 149.5313135609031 13.86754133552313 5.288910485804081 5.564059026539326 31.38916514068842 20.16891800612211 1.372533939778805 8.727515734732151 0.7026189416646957 0.8288432359695435 221.0400130525231 1.913105063140392 1.080065548419952 1.835184752941132 1.954732537269592 0.2187553644180298 0.2235062718391418 0.8501086309552193 2.145988434553146 3.230195797979832 15.72617513686419 102.1990738138556 11.72754827141762 68.73438346385956 3.597643733024597 54.19710798561573 10.06151121109724 68.02256308495998 2.600205488502979 1.577696211636066 0.7728119045495987 1.592158071696758 2.70005714148283 29.43406903743744 108.8292065113783 13.28867170959711 0.7092281579971313 59.14852024614811 53.76621709018946 122.1936018615961 84.11171726882458 35.52809120714664 256.3298574239016 1927.510179199278 8.785316951572895 162.9515395015478 14.82012424618006 0.3038599863648415 3.71780651062727 2.4404351785779 1.920393481850624 0.151696041226387 1.429379053413868 0.3663060665130615 0.632429838180542 0.7800468057394028 26.92842406779528 9.338182985782623 6.0994593501091 173.4767412319779 36.07836895436049 0 10.28269898146391 17.11859019845724 0.1327911764383316 0.4217643439769745 4.714399740099907 2.354565247893333 9.05751870572567 18.87279254198074 1.498241692781448 14.49132691323757 8.443424642086029 6.210095778107643 10.33070935308933 37.64904365688562 38.42737907916307 28.70660826563835 12.76841183006763 0 0.09553399682044983 0.655680775642395 0.5516609698534012 0 0 0.1391113698482513 0 0 0 0.5728010684251785 0 0.5735207200050354 0 0 0.5370670408010483 0 0 0 1.163094446063042 0.8533233106136322 0 0 0 1.904065571725368 0 1.148757450282574 0.4579492285847664 0 0.2749153971672058 0.6284683793783188 0.4277773648500443 0.0875304713845253 0.3450056314468384 0 0 1.99950984120369 6.497324958443642 0.4012783765792847 1.670007690787315 1.802137419581413 0.118212565779686 0.9663946852087975 0 0 0.3148101642727852 0.3366678357124329 0.2751962542533875 0 0 0 4.016295216977596 0.2277425900101662 0.2171214818954468 0.5809960588812828 0 0.2088815122842789 0 0.1407624334096909 0.2604942321777344 2.711630687117577 2.975805647671223 0.3428879529237747 0 0.5956418067216873 1.294978633522987 4.995535902678967 0.4989596083760262 1.044237866997719 0.9556955993175507 3.032243192195892 3.364890694618225 1.068830668926239 1.201539278030396 0.2291686236858368 0 0 0 0 0.2822502180933952 0 0.2233974635601044 20.84906223416328 6.974897421896458 3.57776615023613 354.7619182616472 19.44150799512863 280.5447507947683 67.42646932601929 117.4334748238325 38.19002130627632 5.454772919416428 94.60187660157681 15.29105263203382 0.3962738811969757 9.47912460565567 2.500818029046059 17.08311828970909 0.9845362901687622 0.1164121851325035 4.736308567225933 8.54913317412138 6.714163757860661
277.6768095493317 69.79391840845346 15.45777345448732 780.8251254111528 65.64475778490305 295.7169459015131 405.722014926374 16.79531348496675 280.9494530037045 2770.446234434843 163.6720184385777 0 2176.697749137878 439.3060005009174 26.65774022787809 29.7125234156847 2.144222997128963 0.4315107464790344 0 0.4348843917250633 0.4165603369474411 0.2319204360246658 0 0.1199366003274918 0.3928782716393471 0.2990044057369232 0.2558023631572723 0 0.1953429579734802 0 4.95966362953186 3.257892072200775 138.38489754498 0 0.3867200613021851 1.399908497929573 144.7117821648717 4.049110144376755 0.1899516731500626 0.7661770060658455 1.97973321378231 1.425539113581181 0 4.85428137332201 0 0.1000670939683914 41.43158120661974 0.3571486324071884 0.3454614132642746 0.8996928185224533 1.314216859638691 0.1461107283830643 0 0 0.301448293030262 0.8064741939306259 9.678738825023174 5.476869307458401 2.285413049161434 6.5376862809062 0.4149096459150314 13.95253476500511 0.4518440067768097 6.21094611287117 0.354182742536068 0.3507891595363617 0.5144233182072639 0.1367788314819336 0.194527342915535 3.40667811781168 214.8175748735666 27.71702943742275 0.1642296612262726 5.353891894221306 4.147910393774509 19.74604555219412 15.49826376885176 12.63386265188456 0.8002285957336426 223.2157136648893 0.8181976899504662 18.38748999685049 2.513429723680019 0.2193118557333946 0.3304009884595871 0.09627058357000351 0.2838608473539352 0.5576149821281433 0.1543881148099899 0.1701574623584747 0.1171514689922333 0.2833066135644913 1.585701435804367 0.2709561288356781 0.2685198783874512 2483.391676604748 77.88721306622028 0.180569127202034 5.588238798081875 134.7183530777693 0.736707866191864 0.9741249829530716 8.03626511991024 4.408077359199524 21.32254873216152 44.80772501975298 6.370287492871284 34.75441998243332 42.28631348907948 40.21163514256477 20.86918185651302 96.37151930481195 94.59466019272804 64.11757291853428 13.98250663280487 0.2448344826698303 0.482823982834816 0 0 0 0 0 0 0 0 0 0 0 0 0.2270695567131042 0.373398631811142 0 0 0 3.303128741681576 5.253747865557671 0 0 0 2.033005863428116 0 0.4223049432039261 0.5473935008049011 0 0 0 0 0.1540259122848511 0.123170979321003 0.3932939171791077 0 1.32081900537014 4.824778959155083 0 0.2199884951114655 0 0 0 0 0 0.09684409201145172 0.3312013149261475 0.4318804740905762 0 0 0.1243957877159119 3.628879114985466 0.2804968655109406 0.2374283522367477 0.146623358130455 0 0.1135990396142006 0 0 0.139244556427002 0.5716668218374252 4.699319824576378 0.5828742533922195 0 0 0 6.681373596191406 0.7940647155046463 0.740758590400219 2.447195410728455 3.574042871594429 3.475062191486359 1.233132392168045 0.8203152418136597 0 0 0 0 0.1829379498958588 0 0 0 61.59870098531246 4.765221998095512 1.894232757389545 197.1102040857077 7.339432023465633 71.15157270431519 23.57865142822266 782.3786796182394 7.956491388380527 0.9035577550530434 34.31957741826773 23.57646273821592 0.1731099337339401 8.095156371593475 2.876247264444828 55.19178099930286 2.745300248265266 0 5.73655204474926 4.950898349285126 2.704030491411686
