0 1025.011092267931 292.4932064265013 1430.73474817723 157.2083960846066 33.24529379606247 1021.242826983333 66.7913466244936 101.4263598322868 3674.968393146992 181.7349445745349 391.376716285944 491.8246878162026 130.8843995183706 0.5816899985074997 0 0 0 0 0.08713441342115402 0 0 0 0 0 0 0 0 0 0 281.7412454783916 0.1884444802999496 9.510774545371532 0 0 0 4.95187746733427 1.339261308312416 0.2150533869862556 0.20779187977314 0 0.09722382575273514 0 0 0 0 17.18742651492357 1.88527350127697 0 0 0.2892798855900764 0.5463009029626846 0.1117539629340172 0 2.30573258548975 4.063888177275658 392.7825947776437 872.1527205556631 14.61616091430187 14.24188519269228 0 0.3623749986290932 0.09440597891807556 0.4942219331860542 4.909616112709045 1.00309993326664 1.110673949122429 1.414567962288857 0.2788744196295738 0 35.25127468258142 6.490568280220032 1.139008268713951 164.7749130278826 20.59231995791197 9.526395209133625 3.759522825479507 0.2452280297875404 0.62596195936203 67.56592012196779 0 3.367613703012466 14.27913253754377 0.8667540550231934 2.464257918298244 2.730225086212158 0.883450523018837 0.6807165816426277 1.570191830396652 0.8017646968364716 0 0.4937852174043655 0 0 0.09073283523321152 250.8016624003649 19.13809202611446 4.630010306835175 0 929.0044568479061 0 0.3149734437465668 0 0 0 27.08951379358768 0.410245269536972 0.8557192459702492 0.427176371216774 2.052467510104179 0 2.229916214942932 1.91288848221302 2.131056509912014 0.7471433281898499 0 0 0 0 0 0 0.4672379195690155 0 0 0 0 0 0 0 0 0 0 0 0 0.3434391021728516 0 0 0 0 0.2741174399852753 0 0.2480628043413162 0.1157157868146896 0 0 0 0 0 0 0 0 0 0.2019028216600418 0 0 0 0 0 0 0 0 0.4042665362358093 0.7594425678253174 0 0 0 0.881205178797245 0 0 0 0.2081924825906754 0 0 0 0 0 2.688655942678452 0 0 0 0 0.710106261074543 0 0.1176067739725113 0 0.4128594547510147 0 0.1420586556196213 0 0.07588204741477966 0 0 0 0 0 0 0 0.2246751338243484 0.9748489186167717 0 60.13807888329029 8.305120751261711 35.92126002162695 4.016494125127792 539.3408887311816 14.80694857984781 0.9334859997034073 3.08231059461832 0.4125503897666931 0.1885323524475098 0 0 0.3043275773525238 0 0 0 0 0
1025.011092267931 0 1147.770312897861 132.2250221520662 1211.1440436095 18.47701628506184 3149.611735217273 352.9955182373524 1162.49736546725 447.0565167143941 1222.796099364758 15.76443162560463 407.3769633769989 603.6063874810934 10.35099847614765 1.578886233270168 0.2617974579334259 0 0.09094341844320297 0.1767757311463356 0 0 0 0 0.2535897567868233 0 0 0 0.1212107911705971 0 1463.99081479013 15.78398907929659 31.4089687243104 0 0 0.7937013134360313 9.954033344984055 1.066596388816833 0.5968239605426788 0.3289367780089378 0 0.7547142505645752 0 0.7852549254894257 0 0.2870076596736908 94.44457691907883 11.9580139964819 0.2210041061043739 0.1758072376251221 1.125532783567905 0.4098521992564201 0.09458833932876587 0.2058276608586311 3.862439140677452 8.408474560827017 37.33802800625563 984.0284991487861 6.857817485928535 29.44883438944817 0.582546591758728 1.037522912025452 0 40.3480341732502 9.64638103172183 4.201659087091684 3.5415153875947 4.673344366252422 0.2721986696124077 0.4004092290997505 8.871500335633755 0.3317302390933037 0 176.8508957251906 84.26124922186136 81.19915983080864 48.60819002985954 4.012453556060791 1.554527707397938 256.1772615537047 0.2068506181240082 10.5164326056838 30.76446074992418 2.014664970338345 4.879303075373173 7.15968120098114 5.409387990832329 0.2728650495409966 2.756988152861595 0.1054075211286545 0.9502002522349358 0.5820552855730057 0 0.2345644310116768 0.5273319184780121 9.437802724540234 0.5999525040388107 0 0.08043184131383896 411.1324306204915 0 0 0 0 0 91.31653674691916 0.1439644247293472 1.327346384525299 0.1905903965234756 0.6073931306600571 0.2977923005819321 1.987552382051945 0.7044428437948227 1.909982390701771 0.9697297513484955 0 0.2371329218149185 0 0.1062540411949158 0 0 0 0 0 0 0 0 0 0 0 0.1898760497570038 0 0 0 0 1.482992328703403 0 0 0 0.2508121207356453 0 0.6256613880395889 0 0.251045286655426 0 0 0 0 0 0.08673126995563507 0 0 0 0 0.1785434857010841 0.1063040047883987 0 0 0.06756728142499924 0 0 0 0.6062678098678589 0.2131995558738708 0 0.1060391068458557 0.2879061698913574 0.2125133275985718 0 0 0 0.2446431070566177 0 0.1709559708833694 0 0 2.332272216677666 0 0 0 0.0954170748591423 0.7198678478598595 0.356260672211647 0 0.3315792232751846 0.2158119529485703 0.9198675751686096 0.138377770781517 0 0 0 0 0 0.2008805572986603 0 0 0 0.9357988759875298 0 0 74.0665730535984 27.58355449140072 144.4966864697635 16.31271960586309 486.6281575933099 32.33202207833529 3.698187582194805 14.08878893405199 1.213984258472919 0.4437447711825371 2.050290681421757 0.2768532335758209 0.5109147801995277 0 0 0 0.593695342540741 0.277963250875473
292.4932064265013 1147.770312897861 0 4.861516505479813 458.2561802491546 0.589651882648468 510.2386314570904 847.6489058509469 826.4787573963404 14.71726502478123 4056.63306979835 11.24118279665709 196.7628634646535 978.794645473361 8.797941125929356 4.856922313570976 2.960152983665466 1.645085960626602 0.296904481947422 2.79617390781641 0.2576814442873001 0 0.3850603923201561 0 0.1384522467851639 0.1326223462820053 0 0 0 0 2294.592817023396 73.10810480266809 146.1079086884856 2.396394081413746 0.4815855100750923 2.567936390638351 49.23619525879622 4.979482799768448 0.3365580886602402 0.6959162652492523 0.2272741794586182 0.3677133694291115 2.280535280704498 7.05545299500227 1.07429838180542 3.116494938731194 40.35881141573191 3.060294389724731 0.82314532995224 3.759063132107258 1.447653211653233 0 0 0.1346668899059296 1.486752539873123 2.906537193804979 10.71503581851721 883.3483947589993 1.489627406001091 12.49212241917849 7.558361507952213 8.583981528878212 0.5804451480507851 50.48519589006901 3.691658206284046 1.606457587331533 1.960203535854816 2.777931444346905 1.80124132335186 1.296928226947784 26.1502448990941 0.4035470858216286 0 67.58825574815273 60.76258287578821 29.47633276134729 36.19401375949383 10.52981544286013 47.00696688145399 1445.927107602358 29.17007567733526 249.7429559156299 10.79493346810341 0.3935579359531403 2.143883518874645 2.616993337869644 3.527974925935268 0.08079994469881058 1.638186313211918 0.06842111051082611 0.6383325681090355 0.2720388323068619 1.1613979190588 0 0.3075048625469208 7.628995686769485 0.3833577260375023 0 0.1528921574354172 107.9019213542342 0.2391214221715927 0.1267137080430984 0 0 0 1.96703876554966 0 1.304706066846848 0 0.6196303889155388 0 2.219547510147095 1.907989665865898 2.755602180957794 2.076326452195644 0 0.102931797504425 0 0.1034304052591324 0 0 0 0 0 0 0 0 0 0 0 0 0 0 0 0 0.3838814944028854 0 0 0.101291760802269 0.9755429029464722 0 1.946560546755791 0.258371002972126 0.408884771168232 0 0 0 0 0 0 0 0 0 0 0 0 0 0 0 0 0 0.2001165598630905 0.5473031401634216 0 0 0.1036509945988655 0.4658237472176552 0 0 0 0.1139160841703415 0.0842367559671402 0 0.1039523333311081 0 0 2.640817806124687 0 0 0 0.2840947359800339 0.9035133570432663 0.1469912379980087 0.5033193156123161 0.4758818969130516 0.2540072798728943 0.1314769089221954 0 0 0.09544286876916885 0 0.09517428278923035 0 0.09180199354887009 0 0 0 1.961107343435287 0.1161960139870644 0.09256283938884735 31.94671577960253 11.87683985382318 51.07236857712269 9.229960948228836 137.1784664317966 12.12667980790138 1.723282195627689 13.55675518512726 0.8043988198041916 0.7219530567526817 1.241750866174698 0 0.9425702840089798 0.6253733485937119 0 0.5914071500301361 0.6528027355670929 0
1430.73474817723 132.2250221520662 4.861516505479813 0 6.34139221906662 203.161760404706 440.6086625233293 1.511462889611721 26.81914258003235 884.7086625695229 2.104967467486858 1472.540645390749 1292.373019620776 68.06389363110065 1.447517827153206 0.3067465871572495 0 0 0 0 0 0 0 0 0 0.1471551209688187 0 0 0 0 80.15572748333216 0.8331239074468613 2.043429307639599 0 0 0 2.862992912530899 0 0 0 0 0 0 0.5107108354568481 0 0 31.06233979016542 3.326240547001362 0 0 0.4329492300748825 0 0 0 2.148867093026638 4.590093091130257 34.8826084882021 309.9026609584689 2.829438269138336 13.23102823644876 0.2709469348192215 0.1057406365871429 0 5.849998980760574 4.689351268112659 1.510493710637093 1.909370362758636 1.308056719601154 0.2357952371239662 0 13.91519002616405 0.2379146963357925 0 96.08974339067936 22.14672583341599 19.75646705925465 4.737339943647385 0.2688785195350647 0.3876193985342979 0.9408061876893044 0.3142261579632759 0.1664174869656563 18.20073536038399 0.800833523273468 2.002004362642765 4.571070700883865 1.513683721423149 0 0.9979394227266312 0 0.1914329901337624 0.1998263001441956 0.1633786112070084 0 0.1987930238246918 88.29006499052048 1.125350117683411 0.3325150012969971 0 428.603748999536 0.4614050984382629 0 0 0 0.1785473823547363 13.58988851308823 0.6914242506027222 1.644733361899853 0 2.128831148147583 0.4671137630939484 4.889719754457474 3.555009514093399 2.974186144769192 1.000898458063602 0 0 0 0 0 0 0 0 0 0 0 0 0 0 0 0 0 0 0 0.1909037679433823 0 0 0 0 0.7166407406330109 0 1.576582483947277 0 0 0 0 0 0.5814740061759949 0 0 0 0.2040023803710938 0 0 0 0 0 0 0 0 0 0.3292717039585114 1.119129478931427 0 0 0 0.9123903512954712 0 0.1766538769006729 0 0 0.08018854260444641 0 0.1699581146240234 0 0 1.138534374535084 0 0 0 0.1341326236724854 0.2773044183850288 0.1993615329265594 0.387943834066391 0.9708907008171082 0.2123233824968338 0 0.649626299738884 0 0 0 0 0 0.08539362251758575 0 0 0 2.289254531264305 0 0 63.23349180072546 9.163665376603603 52.95962791144848 5.011586986482143 490.7608091384172 12.34161306172609 2.134163290262222 3.188228651881218 0 0 0.1426372081041336 0 0 0 0 0 8.365136414766312 0
157.2083960846066 1211.1440436095 458.2561802491546 6.34139221906662 0 0.1849097162485123 1667.954704768956 154.3894521147013 3553.968471176922 62.80263410508633 1072.74945589155 8.76053100079298 209.6832916513085 422.7046434655786 34.86776889115572 3.872279860079288 0.1722882017493248 0.141483262181282 0 0.09115488082170486 0.1169996783137321 0 0.07576852291822433 0 0.6876091584563255 0.3161472976207733 0 0.1138985455036163 0.276614747941494 0.100957490503788 318.1048348322511 41.63744124770164 8.714925371110439 0.1733062490820885 0 1.017053119838238 7.124935887753963 1.035168915987015 0.9093439504504204 0.595478393137455 0 0.5055268332362175 0 0.8786440566182137 0.2448572516441345 0.5008784830570221 156.5777188763022 6.600406989455223 0.4777359515428543 0.5522988587617874 1.789133012294769 0.3970492035150528 0 0.7045684680342674 2.461711697280407 5.057097505778074 4.413904838263988 145.9615344405174 4.815536580979824 31.75716901570559 0.6664984524250031 2.464972764253616 0 63.87065180391073 4.395954664796591 2.459350440651178 3.952411241829395 5.92363628000021 0.1532794609665871 0.2230765298008919 7.950150869786739 0.308906689286232 0 67.37839309126139 73.61750493943691 109.8566978946328 141.4624356776476 8.745358683168888 1.270238533616066 61.58679050207138 0.673525758087635 2.964246053248644 14.21262044087052 0.879273746162653 3.70517872646451 4.929115626960993 3.849884789437056 0.412159152328968 2.453394804149866 0.1358979791402817 1.284182891249657 0.5357012525200844 0.4096579477190971 1.128734365105629 1.4056730940938 25.43578077852726 0.1034752056002617 0 1.063650511205196 17.61962153017521 1.760917097330093 0.4801271706819534 0.119009830057621 0 0.3002275824546814 5.057744458317757 0.1976062059402466 2.788954883813858 1.468791738152504 6.783634498715401 1.573052950203419 13.82651932537556 10.98351623862982 15.69442419707775 5.498565122485161 0.2674568891525269 0.09214735776185989 0 0 0 0 0 0 0 0 0 0 0.09774021059274673 0 0 0 0 0 0 2.0384371727705 1.42206571996212 0.2741141021251678 0 0 3.6838648468256 0.2188743203878403 5.174065507948399 0.4669990986585617 0.3294887840747833 0 0 0.07789040356874466 0 0 0 0 1.298526719212532 0.258791871368885 0.1121671125292778 0.1268449127674103 0 0 0 0.06823434680700302 0.1980598419904709 0.2470806986093521 0.6694356054067612 1.312537372112274 0 0 0.1061760410666466 2.699118204414845 0.5190306901931763 0 0 0 0 0.09880591183900833 0.06706326454877853 0 0 10.8341761380434 0 0 0 0 2.419130325317383 0 1.173405140638351 2.496993169188499 1.432468444108963 1.301352605223656 0.7103896141052246 0.1592226624488831 0.2199610620737076 0 0.08539398014545441 0 0.1952150613069534 0 0.1044700294733047 0 7.929187923669815 0.2594921812415123 0.3767005130648613 117.9572122693062 40.80875034630299 230.9617228247225 44.10092222690582 24.68745335936546 59.18964345008135 4.659169681370258 51.12228461354971 2.216230221092701 0.7514680176973343 4.974114261567593 0.4616805836558342 4.526908800005913 0.1341677904129028 0 0 1.448200643062592 0.9566249921917915
33.24529379606247 18.47701628506184 0.589651882648468 203.161760404706 0.1849097162485123 0 59.12586757540703 0 10.63090665638447 492.9445890933275 1.456180825829506 137.1873561292887 151.9461988806725 17.79260955005884 0 0.6265965700149536 0 0 0 0 0 3.589243784546852 0 0 0 0 0 0 0 0 0 0.3204407244920731 10.19007147848606 0 0 0.1964137107133865 29.97546707093716 3.794528946280479 2.885406792163849 0 0 0 0 0 0.4420026242733002 0 1.110002286732197 0 0 0 0.2505737841129303 32.03965732455254 0.874264657497406 1.730103015899658 0 0.8874825984239578 436.033637791872 56.12212127447128 2.152634620666504 0 0 4.641141787171364 0 0.1969868391752243 0 0.712654709815979 0.3579919636249542 0 0 0 154.0389940589666 83.62144383788109 7.319366306066513 1.269706510007381 0.2245227321982384 0.2009464651346207 1.138103060424328 0 0 2.837352991104126 0.1433013677597046 2.54862879216671 0 7.430381044745445 0 2.775407314300537 0 14.32955597341061 11.07889676094055 26.89293357729912 2.805236116051674 2.438556045293808 0 0 0.8116477727890015 539.3029492795467 82.9941349029541 46.69515314698219 7.272632732987404 935.6456741839647 0 0 0.3558831810951233 0 0.6218432188034058 3.082293212413788 0.3294170498847961 0 0 0.7917349636554718 0 2.258359372615814 1.268622845411301 0.8326406329870224 0 0 0 0 0 0 0.3986580669879913 0.4532243460416794 0 0 1.323643386363983 0 0.8508812785148621 1.483200892806053 2.695570781826973 1.451638728380203 0.570644736289978 2.394680008292198 1.63033989071846 2.27087327837944 0 0.1897045969963074 0.3738634288311005 0.4897922873497009 0.3620251268148422 0.9123993813991547 1.205214977264404 3.099396221339703 2.43063285946846 1.328446194529533 0 0 0.1484489142894745 0 0 0.4210315346717834 0 0 0 0.2454658001661301 0 0 0.6927470415830612 0.9577475190162659 0 0 0 0.3903174698352814 0 0 0 0 1.282700955867767 0 0.2493240088224411 0 0 0.288777232170105 0.1779982447624207 0.172070100903511 0 0.3502591550350189 0.8086503744125366 1.210787773132324 0 0 0 0.4968743771314621 2.249523118138313 1.065008342266083 0 0 0 0.1962905824184418 0 0.2727208063006401 0 0 0 0.161295086145401 0 0 0.6302809119224548 0.8006956279277802 1.011410519480705 0.6809069812297821 13.79574244469404 0.8008428812026978 2.676358573138714 0.3058695867657661 304.5887598693371 5.391890287399292 1.826753064990044 0.7126211076974869 68.60187678039074 8.749221175909042 5.814789243042469 1.300869017839432 1.835937976837158 1.720622509717941 0.3837089538574219 0.8328998684883118 0 0.3493814766407013
1021.242826983333 3149.611735217273 510.2386314570904 440.6086625233293 1667.954704768956 59.12586757540703 0 139.3423383831978 2316.267626874149 1523.629602327943 841.6902168318629 120.600384965539 840.324247315526 1062.133933410048 123.5322542190552 16.28314477205276 1.729653798043728 0.8096009790897369 0.1405854374170303 0.3557130992412567 0.462682418525219 0 0.1821614280343056 0.1093653663992882 1.546760372817516 0.726446308195591 0.0714559406042099 0.485328197479248 0.5063195377588272 0 860.0299222320318 98.30843003094196 17.75052212923765 0 0.1401102840900421 1.131750799715519 13.49011224508286 3.933868624269962 4.971705429255962 1.742092825472355 0.4116497039794922 2.503114588558674 0.4363504573702812 2.118389323353767 0.949989065527916 1.303190864622593 640.6385418474674 42.36147157847881 1.319931693375111 0.9102364256978035 6.992538876831532 1.657813966274261 0 0.7968059927225113 13.29079955071211 27.052162155509 28.98919640481472 904.3137408420444 20.01059924811125 130.0663321837783 6.405034765601158 5.263235405087471 0.7400638908147812 246.2614669650793 32.30295594036579 14.25614645704627 16.72904290258884 25.78754861652851 2.313666291534901 1.24976658821106 37.21599996834993 1.219750307500362 0 413.8140107393265 322.3903257027268 460.57729472965 459.2850007638335 30.46785797923803 5.714816249907017 102.7172340527177 4.689299218356609 13.02048105373979 90.84968238696456 6.058935709297657 16.5954571813345 26.97261710837483 18.142009742558 1.411633841693401 10.51262614130974 0.2309469729661942 6.384102381765842 2.707862541079521 2.106033094227314 2.190885074436665 4.811174765229225 262.932204850018 2.468691155314445 0.09768003225326538 1.722667679190636 157.5353961437941 7.789472565054893 8.060316115617752 1.590722382068634 0.4197598993778229 6.82704945653677 35.40433039516211 7.416535720229149 28.88495295494795 7.766669943928719 44.54988955706358 4.766557402908802 99.30793169140816 82.51802864670753 80.85923708975315 33.74614918977022 0.386820025742054 0.5079716295003891 0.08409908413887024 0 0 0 0 0 0 0 0 0.4924222901463509 0.0825844407081604 0 0 0 0 0 0 11.27510257810354 5.861890196800232 0 0.3779878169298172 0 17.03924375027418 1.089590542018414 25.22164981812239 2.805769398808479 1.816895611584187 0.1303452700376511 0.333575040102005 0 2.45250791311264 0 0.4370167329907417 0 4.701133668422699 4.31505724042654 2.482229016721249 0 0 0 0 0.1513176336884499 0.4768521711230278 0.4609024226665497 3.429403319954872 18.79868415743113 0 0.212727352976799 0.7676693350076675 23.92966049909592 1.004921168088913 0.7650600969791412 0.6508665904402733 1.014805756509304 0.6822906732559204 0.3587062060832977 0.8244251906871796 0.1687322333455086 0 57.19708906114101 0.6607749313116074 0 0.09939202666282654 0.5308290049433708 15.90397078543901 5.043794438242912 8.675260812044144 11.72215867042542 11.95533350110054 10.85650054365396 2.206603780388832 1.442081168293953 2.418886385858059 0.09052571654319763 0.2385088950395584 0 0.7036023512482643 0.3124452233314514 0.2964954227209091 0.2071016728878021 51.19826754927635 3.207336686551571 3.242012187838554 512.9516847282648 163.6768413521349 952.0762341171503 155.6424407660961 297.5561567097902 226.927555155009 20.43839704245329 210.2111816629767 11.86342819035053 2.749124944210052 20.41473115235567 1.00831139087677 27.87748089432716 3.948181554675102 0.3579931110143661 2.025500863790512 6.101647824048996 4.120546832680702
66.7913466244936 352.9955182373524 847.6489058509469 1.511462889611721 154.3894521147013 0 139.3423383831978 0 501.3471185043454 3.932500973343849 1605.803978987038 4.571805946528912 158.1663903668523 479.1928552389145 67.56251334398985 37.97212506085634 12.0276765525341 20.87702403217554 3.240005761384964 31.6950086504221 1.916223749518394 0.08302900195121765 3.935503765940666 0 2.441753193736076 0 0.5998067408800125 1.147275939583778 0.2274142801761627 0.1129761785268784 2061.43967859447 887.6635644063354 133.3292112052441 18.15899326652288 1.5628307685256 3.762872874736786 52.81101821362972 5.173194378614426 1.341082900762558 0.7576520889997482 1.229526795446873 3.48175036162138 17.78139600902796 25.78653819859028 15.89843751490116 21.85009521245956 129.5582875311375 12.76774583011866 4.607954047620296 40.08549378067255 1.764192335307598 0.6400220915675163 0.1149590164422989 1.694669030606747 1.056421719491482 2.945705927908421 3.878514468669891 420.4968584179878 1.482771568000317 22.72489853948355 173.0903889536858 54.17219902575016 7.577819779515266 879.7307886630297 3.035787723958492 2.099036648869514 2.700634025037289 13.65249702334404 23.59105037897825 23.44162990897894 20.9104772284627 0.6590747311711311 0 67.6152635961771 127.4438203498721 91.82302922010422 333.4953965172172 96.93561939150095 782.9911846145988 1294.830166228116 474.2605731338263 2106.507188014686 11.14454928785563 0.7046042308211327 1.971058137714863 3.641825199127197 24.07297136634588 0.1358587443828583 1.28181267529726 0.2713420391082764 1.055602006614208 1.013665080070496 5.72712492197752 1.077625252306461 2.321097262203693 8.6898113489151 0.6340816020965576 0 0.2541299611330032 17.77360992878675 0.7318723946809769 0 0 0 0 1.045392587780952 0.1041632294654846 0.4052671417593956 0 0 0 1.483126550912857 0.5418044552206993 0.9503234252333641 2.071408368647099 0.3073765709996223 0.1452350616455078 0 0.2933369576931 0 0 0 0 0.1685191094875336 0 0.2660340666770935 0.3550345599651337 0.1227582916617393 0 0.3629323542118073 0 0.2478735446929932 0 0 0 0.4631473198533058 0 0 0.2929651960730553 0.7844527438282967 0.09498945623636246 2.658463701605797 1.580960556864738 0.1199407353997231 0.3273776173591614 0.6706488281488419 0 0 0.1053722128272057 0 0.1289752870798111 0.1399450749158859 0 0 0 0.6829028278589249 0.3144420385360718 1.752456285059452 0 0 0 0 0.6334146857261658 0 0 0.1200904697179794 1.396756514906883 0 0 0 0.09159010648727417 0.1094862967729568 0 0 0 0.196366623044014 2.619665615260601 0.0902048796415329 0 0 0.7877637818455696 0.3273762091994286 0.6135777533054352 0.9932286739349365 1.129937589168549 1.170538738369942 0.7360767126083374 0 0 0 0.08076201379299164 0 0 0.1854820773005486 0.1570861041545868 0.2437557503581047 0 0.8210271894931793 0.7017114087939262 1.505632624030113 101.5739753469825 36.29509764909744 166.6044986993074 44.44903456419706 22.55668986588717 30.8307876214385 3.94026205688715 45.46802827715874 3.401557326316833 0 0.7325335368514061 0 1.103066980838776 0 0 0.4283439517021179 6.148973405361176 1.343477576971054
101.4263598322868 1162.49736546725 826.4787573963404 26.81914258003235 3553.968471176922 10.63090665638447 2316.267626874149 501.3471185043454 0 307.5085230618715 3978.271739892662 57.94866574555635 1213.214986778796 1716.687615521252 82.15442016720772 21.24389437586069 0.7538030222058296 0.3771020174026489 0 0.7199133560061455 0.1133526936173439 0 0 0 1.41471603512764 0.6558405682444572 0.240730419754982 0.5031833723187447 0 0 268.3259753510356 56.43759690970182 44.67559943348169 0 0 1.316676199436188 24.32123757153749 3.926828473806381 3.155397363007069 0.4445811808109283 0.58832848072052 2.313362017273903 0 2.845847509801388 0.5701680183410645 1.00984513014555 232.8407008647919 8.62387578189373 0.6812394335865974 0.6150515750050545 2.287303328514099 1.546630293130875 0 0.5667423903942108 1.523520588874817 4.737368803471327 9.286159157752991 122.6451421305537 7.42147021740675 32.51686488837004 2.527803711593151 4.510167725384235 0.582464262843132 62.01076742261648 4.040851127356291 1.984518986195326 1.590764302760363 5.170383587479591 0.5650145597755909 0.3348560482263565 51.4800326153636 1.808778867125511 0 71.04934420436621 69.47372605651617 128.2804905846715 227.9677537307143 26.36137966811657 6.146816909313202 613.1121856868267 3.629794336855412 21.46282359212637 14.02619874477386 0.7934220805764198 3.837106004357338 5.21084476262331 3.987317644059658 0.2628984227776527 1.975732274353504 0.07566646486520767 0.8739801496267319 1.203531555831432 0.5843291580677032 0.9750588536262512 1.326795041561127 265.0218441337347 0.7490503638982773 0 1.323686242103577 22.98971582204103 10.80984547734261 6.124141067266464 1.226284474134445 0.8970556408166885 4.371079862117767 35.0543732047081 5.578758209943771 32.34145083278418 9.051565825939178 35.15827643871307 10.04060640186071 101.6736043021083 84.7857373431325 94.63581393659115 35.76150014251471 0.2431595623493195 0.2501269280910492 0.2303865402936935 0.1487348973751068 0 0 0 0 0.5559592247009277 0.0847996398806572 0 0.3436176329851151 0.205602765083313 0 0 0 0 0 0 11.89999844133854 9.527323670685291 0 0.103731133043766 0 11.75679560005665 1.906898766756058 35.78680647164583 1.242802754044533 1.168911717832088 0 0 0 1.624519631266594 0.5131834894418716 0 0.2880768179893494 3.869533821940422 5.616175048053265 1.284106329083443 0 0 0 0.5212143510580063 0.2906551957130432 0.8768241107463837 0.5611651241779327 6.803684018552303 21.56992452591658 0.8263280689716339 0 0.3444908559322357 32.15750643610954 0.3586150705814362 0.7836996167898178 0.8573583289980888 0.9295843243598938 1.059237703680992 0.5021368116140366 0.7336424067616463 0 0 55.44393583387136 0.8191626146435738 0 0.2077219486236572 0.2309083938598633 20.55647338926792 8.418192185461521 6.693466454744339 10.57477542757988 19.02590504288673 7.046885527670383 2.599920585751534 1.026687875390053 3.723721586167812 0.2254696041345596 0.5537160634994507 0 0.7334527224302292 0 0 0 55.16014122962952 2.562543891370296 2.422285065054893 348.6286612153053 61.23972633481026 397.2548120841384 104.36194036901 74.70299800485373 109.3430901318789 11.31183315813541 190.9346024245024 7.978358872234821 3.183110259473324 20.67183192819357 0.8931505531072617 29.45712123066187 3.292060807347298 0 2.777490571141243 6.146535031497478 1.780448168516159
3674.968393146992 447.0565167143941 14.71726502478123 884.7086625695229 62.80263410508633 492.9445890933275 1523.629602327943 3.932500973343849 307.5085230618715 0 6.585811100900173 2279.058120362461 6649.096485376358 278.797040976584 8.855007231235504 2.179905727505684 0.1040350869297981 0.3215718418359756 0 0 0.1404491662979126 0 0 0.1978549063205719 0.1229445710778236 0 0.06915874034166336 0 0 0 120.1092406064272 2.887244813144207 8.368682697415352 0 0 0.3020214512944221 16.32789661735296 1.905304186046124 1.822838917374611 0.2269716113805771 0.2235433235764503 0.5134222358465195 0.1021652296185493 0.4411901831626892 0 0 90.84424515068531 9.948800638318062 0 0 2.69332517683506 2.643077716231346 0 0 4.215202540159225 11.91734183579683 63.04977018386126 526.504751265049 9.154103770852089 32.7278320863843 0.4366699829697609 0.4227006658911705 0 18.7867978811264 11.75242283195257 4.549776770174503 3.686887584626675 7.18144479393959 0.4098367616534233 0.07920368015766144 77.27768699079752 0.1832021772861481 0 202.2333525568247 63.99330585449934 68.72732395678759 29.66968008875847 2.151176176965237 1.003189541399479 10.46178299933672 0 1.948705777525902 40.04677440971136 2.447608835995197 6.095254741609097 7.662191413342953 5.336842000484467 0.5033963993191719 3.368934020400047 1.906075298786163 0.6680069044232368 0.9577350094914436 0.1126759797334671 0.4771213755011559 0.2241116836667061 613.0057731121778 10.39757297933102 4.004456281661987 0 692.273057051003 11.33932819217443 14.24324434995651 16.7088775485754 108.8390031754971 7.207772210240364 52.4425545707345 9.904277816414833 36.99354629218578 18.47533791512251 64.84198418259621 9.486492827534676 104.479188516736 78.00616919994354 78.42909528315067 15.00289778411388 0.1486143916845322 0.2209043055772781 0 0 0 0 0 0 0.2494533210992813 0 0 0 0 0.5314123630523682 0.3009658753871918 0.1871766448020935 0.4141634106636047 0 0 14.55499529838562 8.398265227675438 0 0 0.2731261253356934 7.340848110616207 1.032149866223335 16.48415644466877 1.554900847375393 0.2657155096530914 0 0 0.2863631248474121 1.042401738464832 0 0.7272114828228951 0 4.230655550956726 5.0638178139925 0.4547923877835274 0.4867267608642578 0 0 0 0.1344579756259918 0 0 3.149767719209194 13.00245185941458 2.109630048274994 0 0.1509011536836624 16.2230504527688 0.2154068499803543 1.19555277377367 0.2692569047212601 0 0.5897409245371819 0.4042849764227867 0.4492108002305031 0 0.2225493192672729 30.37133484333754 0.1998570561408997 0 0 0 11.21582627296448 0.8051169961690903 3.487469911575317 7.440330669283867 12.85145781934261 7.636672236025333 3.57091312110424 0.665932685136795 1.680807821452618 0 0 0 1.693702548742294 0 0 0 51.97498521208763 1.827577471733093 1.429797746241093 467.5267517566681 37.65108628571033 187.4410086721182 20.28303403407335 1151.994840614498 41.31160795688629 9.463128246366978 21.11886301636696 7.170863263309002 0.7804376035928726 18.99146018177271 0.8434756621718407 62.42729721963406 4.797879822552204 1.794559836387634 3.210692286491394 4.34765912592411 1.555272199213505
181.7349445745349 1222.796099364758 4056.63306979835 2.104967467486858 1072.74945589155 1.456180825829506 841.6902168318629 1605.803978987038 3978.271739892662 6.585811100900173 0 12.25755527615547 697.8741917386651 4007.590934120119 19.79189481586218 3.777494303882122 0 0.1204851344227791 0 0.1261997073888779 0 0 0.1110144779086113 0 0 0 0 0 0 0 984.9146072342992 149.2196480259299 201.6866744235158 0.1172672733664513 0 2.78315769135952 41.2561908736825 4.948556609451771 0.4763574227690697 0.2593255117535591 0.1999582946300507 0.5155236124992371 0 0.8892646133899689 0.1152259856462479 0.3441802188754082 67.77187198400497 2.889583684504032 0.304699532687664 0 0.3525135666131973 0 0 0.1345420926809311 1.185693047940731 3.141185715794563 4.155799329280853 192.3699076548219 2.048974350094795 10.98838184028864 1.396949738264084 3.471718169748783 0 54.36364718526602 2.067748181521893 1.103691019117832 1.292062811553478 1.369240745902061 0.3711805120110512 0.1214131861925125 35.52831097692251 0.09332405030727386 0 46.10845908522606 52.31265793740749 52.21807955205441 78.87449986487627 7.952947609126568 23.93248200416565 1954.915746547282 0.714763768017292 91.44348255544901 6.914600193500519 0.8009840399026871 0.8294926136732101 2.572799541056156 1.209547735750675 0.3290161490440369 1.315094895660877 0 0.1311979219317436 0.1750555112957954 0.2406194657087326 0.4234512522816658 0.2003795951604843 12.2445832118392 0.1175072863698006 0 0.4608233273029327 27.0104114189744 0.5392955839633942 0 0 0 0 1.469601646065712 0 0.8012542277574539 0.5025184601545334 0.8047682195901871 0.2848988771438599 4.9175925552845 2.992212429642677 3.641643948853016 1.236395381391048 0 0.1064292266964912 0 0 0 0 0 0 0 0 0 0 0 0 0 0 0 0 0 0.4118978828191757 0.6325278133153915 0 0 0 1.689190126955509 0.3112849593162537 1.868799909949303 0.08899591118097305 0 0 0 0 0 0 0 0 0 0 0 0.2856737375259399 0 0 0 0 0 0 0.09463503211736679 0.7827853485941887 0 0 0 0.5320030897855759 0 0.1527013927698135 0 0 0.09905198961496353 0 0.1918112859129906 0 0.4522567987442017 2.617514498531818 0 0 0.1357576847076416 0.1332241892814636 0.5251698046922684 0.5668700337409973 0.9942781776189804 0.653097927570343 0.4395411312580109 0.3829533010721207 0.5183033347129822 0 0.1121241375803947 0 0 0 0.06982081383466721 0 0 0 2.477324709296227 0.2791064977645874 0 50.69556076824665 12.84347073733807 90.30730549991131 17.80602915585041 19.79577084630728 19.81175888329744 0.8555705919861794 27.20422723144293 0.3233414143323898 0 1.089039318263531 0.1609180122613907 0.2341370135545731 0 0 0.8642702400684357 1.008750423789024 0.506033644080162
391.376716285944 15.76443162560463 11.24118279665709 1472.540645390749 8.76053100079298 137.1873561292887 120.600384965539 4.571805946528912 57.94866574555635 2279.058120362461 12.25755527615547 0 4341.436276324093 191.3897775933146 20.40103154629469 14.07064800709486 0.7045293971896172 0 0 0.1069425642490387 0 0 0 0 0.2934941127896309 0 0 0.4876042306423187 0 0 18.3721012249589 8.729998655617237 62.61684929579496 0 0 0.5283499658107758 142.8592170253396 17.77839009463787 4.288518249988556 0 0.9923107326030731 0 0.08772420138120651 1.771824210882187 0 0 72.21149796247482 2.561252728104591 0 0.1269159317016602 0.2825787365436554 0.1237788572907448 0.1839080601930618 0.134450227022171 0.8459517657756805 3.351076193153858 13.64477053284645 87.10828201472759 2.220949731767178 11.99991413205862 1.081439130008221 10.11749053001404 0.1087916865944862 13.92637485265732 3.127451531589031 1.96716395765543 1.360944181680679 2.147057689726353 0.3501259163022041 0 238.471740886569 5.778357580304146 0 51.12294668704271 24.12447579205036 34.82520385086536 41.14741706103086 16.07007979601622 4.028079137206078 54.38641110062599 1.501061514019966 9.578838050365448 10.08273668587208 0.4345976114273071 1.458793379366398 2.698157921433449 1.930965788662434 0 0.9703512266278267 0 0.4714422971010208 0 0 0 0.1158284023404121 1065.079820647836 4.03254471719265 0 0.6694892644882202 152.5807108655572 9.243986733257771 6.286619961261749 2.1373001486063 0 3.947070628404617 37.24744131416082 6.76651668548584 28.05930329859257 7.881250634789467 44.05918858200312 7.458032950758934 98.70456982403994 80.18574315309525 91.7178368344903 31.67018672078848 0.1360625922679901 0.2447977289557457 0 0 0 0 0 0 0.1510002315044403 0.3962521553039551 0 0 0.7150038778781891 0 0 0 0 0 0 10.10897383093834 5.552024878561497 0 0 0 12.86281208693981 1.667254284024239 25.18939954787493 0.6090173870325089 0.3700164407491684 0 0 0 0 0.588140606880188 0 0 3.772419564425945 4.788376830518246 0.4474874809384346 0 0 0 0 0.07839199900627136 0.3580898344516754 0 4.305558741092682 13.78814212232828 0.6630728244781494 0 0 23.48273096978664 0.8667900711297989 1.389953568577766 0.1146683096885681 0.4090524762868881 0.09047148376703262 0.255610778927803 0.3170457482337952 0.2046772539615631 0.1314309239387512 59.72219771891832 0.2222360223531723 0 0 0.2711378633975983 13.09505042433739 5.813386678695679 6.142976403236389 8.043046079576015 17.40183571726084 7.453621111810207 3.599251270294189 0.4240352958440781 1.522271148860455 0 0 0 1.34433238953352 0.3722478449344635 0 0 68.64137510955334 1.815384835004807 2.078159600496292 253.4616307988763 16.59489973634481 140.4928520619869 28.36345986276865 397.7400404810905 30.56723834574223 1.217385798692703 78.20282707363367 5.588768005371094 1.695935629308224 19.64890486001968 1.988609045743942 20.45452754199505 4.915377639234066 0 1.819533124566078 1.867408968508244 1.304215930402279
491.8246878162026 407.3769633769989 196.7628634646535 1292.373019620776 209.6832916513085 151.9461988806725 840.324247315526 158.1663903668523 1213.214986778796 6649.096485376358 697.8741917386651 4341.436276324093 0 7461.31687477231 188.4114981666207 89.20637955516577 5.452901430428028 0.558496929705143 0.5976942852139473 1.756583444774151 0.5145017206668854 0.1413202583789825 0.4905782416462898 0.1343976706266403 1.630412869155407 2.045413911342621 0.1954297125339508 1.021305218338966 0.803015872836113 0 153.927114777267 75.52432034164667 1143.329241171479 1.781906150281429 0.4109891504049301 4.416464775800705 338.7534491419792 110.0180503353477 11.69819340109825 2.175500884652138 0.51150231808424 2.955641619861126 1.445692986249924 23.02011699974537 1.043957464396954 1.405763700604439 376.2863751351833 19.23637139052153 2.570726297795773 2.593503095209599 3.292809247970581 1.326210580766201 0.1408239305019379 1.044142104685307 4.433442898094654 10.94585856422782 27.73615761846304 189.4351465255022 13.42332452535629 54.44756098091602 9.581710189580917 62.60568226128817 0.9587685689330101 96.93916667997837 10.08755742758512 5.061338499188423 6.626239143311977 11.0023691393435 1.582431979477406 2.519362598657608 558.3293224051595 10.31575354933739 0 137.013173699379 95.72691429406404 199.6498340368271 422.1439095288515 110.7800358608365 79.64379224926233 1851.067197211087 12.88684575259686 334.8596317693591 33.87423074990511 1.130670078098774 5.364707544445992 10.5247967839241 9.800170511007309 0.4321615919470787 5.559147737920284 0.0998663604259491 2.563980750739574 3.115412600338459 1.402447372674942 1.308834366500378 4.726047269999981 2939.109020538628 9.839234866201878 0 3.862101674079895 155.9087233245373 30.64722230285406 18.39115509390831 22.76721701025963 1.088238701224327 13.73132634162903 132.2544959932566 19.16244193911552 113.3715855255723 42.91004087775946 159.7389611899853 34.9096767604351 378.4464312270284 320.3193682655692 335.1392032429576 121.6773859634995 1.8560606315732 1.070912882685661 0 0.8930935263633728 0.1849666386842728 0 0.2937677353620529 0 0.3563579320907593 0.3296270072460175 0 0.1469971090555191 1.09360459446907 0.2576211765408516 0.3109237030148506 0.1697516292333603 0.6859733462333679 0 0 39.35698489844799 22.86689901351929 0 0.5417264550924301 0 47.31452588737011 5.415826790034771 104.8529772087932 2.630213938653469 1.289465919137001 0 0.2873232513666153 0.1576707661151886 4.318616896867752 1.314619712531567 0.3186654224991798 0.1259311139583588 11.72269175946712 12.20355083793402 3.245006017386913 0.7406506165862083 0.1225866600871086 0.458061158657074 0.5835232883691788 0.755371630191803 2.402048401534557 0.8214051127433777 13.71039928495884 59.81555405259132 1.405890434980392 0.1165496110916138 1.355454131960869 77.54712416231632 3.093762919306755 3.81171690672636 2.195819996297359 1.531002812087536 4.111277095973492 1.068381063640118 1.147212654352188 0.1016051322221756 0.4756371229887009 246.8157211095095 0.4082296043634415 0 0 0 51.05649801343679 18.13709270954132 21.75793585926294 30.80786703526974 45.57578802853823 36.79827240109444 7.04017435759306 7.296927556395531 11.73471309244633 0.3439405262470245 0.07961892336606979 0.1255919933319092 2.32979454100132 0.8277693465352058 0.1162575930356979 0.1383435279130936 235.8742436394095 8.795648917555809 8.319092884659767 851.4465185031295 144.296801827848 671.3908933289349 199.0254762098193 440.4898162335157 187.2824582457542 19.50441469997168 372.8520637080073 21.35811015218496 7.675430275499821 68.23513006418943 4.764319881796837 75.11126954108477 12.64465543627739 0 4.392350256443024 27.7993456274271 11.54849178344011
