0 4726.790114611387 687.951449945569 971.3021550923586 794.2333431839943 69.72538807988167 1169.618356600404 103.93631516397 35.19226837158203 2789.825200647116 60.66752012073994 333.8925435990095 499.0710245668888 91.51415461301804 1.502956181764603 0.7093666940927505 0.1133667901158333 0.1841458976268768 0 0 0.5426376163959503 0 0 0 0 0.1282539814710617 0 0 0 0 1278.822204753757 30.23766826838255 11.44393375515938 0 0 0.1224037036299706 5.176020339131355 0.2657735347747803 0.7037026882171631 0 0.47409388422966 0 0 0 0 0.5527678281068802 34.68796565383673 1.272936686873436 0 0.4074637368321419 1.019373953342438 0.5102216154336929 0 0 3.694357797503471 9.959412463009357 451.8425922319293 774.8784126117826 78.55586831271648 13.18350660800934 5.209715977311134 12.20282379537821 0.2229686826467514 10.05259039998055 6.023939408361912 3.984181880950928 2.660717703402042 2.546293780207634 0.8138213232159615 2.034368738532066 22.11362490057945 10.88528351485729 0.3261873871088028 234.0982103794813 23.24673277139664 5.789759069681168 2.555949032306671 0.2991481125354767 41.12017299234867 72.1592630892992 0.8205842524766922 144.9368048757315 20.70437546819448 0.8301057741045952 0.3468655347824097 9.536569125950336 0.3259191736578941 0.3302862644195557 0.956490658223629 0.877384215593338 0.251647837460041 0 0.2170305848121643 0.1322804838418961 0.7058019936084747 452.5148681253195 33.62560440599918 2.764325857162476 1.862248986959457 2326.117394700646 0 0 0 0 0 4.477545022964478 0 0 33.14225451648235 0 0 2.061505734920502 1.216821491718292 1.162348031997681 0.2484991550445557 0.413705587387085 0 0 0 0 0 0 0 0 0 0 0 0 0 0 0 0 0 0 0 0 0 0 0 1.638203486800194 0 0.6253038644790649 0 0.1745601892471313 0 0 0 0 0 0 0 0 0 0 0 0 0 0 0.1116717830300331 0 0 0 0 0 0 0 0.3170364946126938 0 0.2763891816139221 0 0.193242534995079 0 0.09994956851005554 0 0 0 0.5050643980503082 0 0 0 0 0 0 0 0 0 0 0 0 0 0.4414910674095154 0.1113389506936073 0 0.1642919033765793 0 0 0 0.2313771694898605 0.815551683306694 0.8068083524703979 35.93157602846622 6.664795182645321 46.19725275784731 15.38470075279474 1157.312036179006 37.30327923595905 5.299462608993053 5.324243493378162 0.9960358142852783 0 0.5575623959302902 0.166267141699791 0 0 0 0 0 0
4726.790114611387 0 1902.525957912207 917.516106121242 2680.211851119995 33.61799372732639 4759.862598881125 1030.760365836322 1214.994388177991 661.1527569517493 1159.854860201478 102.1097584962845 3130.562691070139 1758.521086543798 7.220507718622684 6.030052036046982 1.397778496146202 0 0.1313273012638092 0 3.592269569635391 0.5381223559379578 2.193216428160667 0.3353495597839355 0.3122126087546349 0.443067230284214 0.1322277188301086 0.8347068056464195 0.5008839815855026 0 2218.143371708691 197.9808871150017 50.28235711157322 0.5284917950630188 3.135123647749424 1.738755270838737 17.82483426481485 4.202862188220024 1.418138176202774 0.1723483204841614 3.413030453026295 0.264705054461956 1.125308230519295 1.068688347935677 0.4972284808754921 7.636945933103561 224.0769161805511 32.51338316500187 1.525186285376549 2.472214736044407 13.92548088729382 2.711195588111877 0.1538864970207214 0.3955463320016861 28.01475591212511 79.14292149245739 203.4748649224639 603.2538568526506 103.9172224402428 40.51755484193563 36.03767238557339 48.24543698132038 1.156069338321686 112.7170808911324 48.74331615865231 41.36419793963432 35.09170780330896 44.9967335909605 11.12390760332346 24.72580450028181 11.09662899374962 1.176431313157082 0 562.4767446517944 230.5916051343083 98.92946580797434 62.29371690005064 6.296325892210007 360.1516453325748 533.6333176568151 27.43635692447424 719.6343182697892 111.1906922608614 7.925032831728458 5.459347672760487 94.71582324057817 7.441956773400307 0.9632998108863831 14.70979781448841 2.399995543062687 1.680110357701778 1.447791948914528 2.861150778830051 1.33112034201622 2.04812428355217 49.9065328091383 2.081911340355873 0 4.082430854439735 788.4459205493331 0 0 0.42461958527565 0.7175921946763992 0 57.21847841143608 0 2.893984258174896 19.37131887674332 2.248337864875793 0 13.8079634308815 12.34538502991199 6.921166151762009 1.88896569609642 0 0.6666872501373291 0.1236418932676315 0 0 0 0 0 0 0 0 0 0 0 0 0 0 0 0 0 0 0 0 0 2.331668309867382 0 1.441503658890724 0.8890013545751572 0 0 0 0 0 0.7525594234466553 1.082469493150711 0 0 1.805040769279003 0 0 0 0.2355299890041351 0 0.3699407204985619 0.1117836385965347 0.2025104835629463 0.5127260684967041 0.5484023690223694 0 0 0.3013797998428345 0.4674561470746994 0 0.1679336279630661 0.4473328217864037 0.7424928620457649 0.5626147389411926 0.5017905533313751 0.4294166043400764 0 0 11.19381557404995 0.1684503853321075 0 0.09510761499404907 0.1271781772375107 0.9133700877428055 0.2589788138866425 0 0.1730617433786392 0 0.4170745760202408 0 0 0.225896030664444 0.2541630268096924 1.792025431990623 0.1489934623241425 4.186781741678715 0.52425367385149 0 0 3.540634274482727 2.102233171463013 3.921518370509148 125.9087016358972 72.3072921782732 369.1382905319333 62.2892991155386 648.7064719945192 96.46778202801943 22.89675197005272 23.71848527342081 3.978233173489571 2.399302236735821 4.871458932757378 0.725768968462944 7.488253176212311 0.3898253738880157 0.2048225253820419 0.6892069578170776 2.399308755993843 0.6084253191947937
687.951449945569 1902.525957912207 0 19.03502313792706 971.0300680547953 0 156.7137583866715 3905.133272886276 310.6173810362816 9.713677316904068 2148.446783512831 100.3081382513046 541.5096952021122 1872.319710373878 10.21896039694548 10.28411180526018 1.878070488572121 1.30186502635479 0.6836187839508057 0.3844610676169395 16.70295998454094 0.4834674596786499 3.127601563930511 0.6958311647176743 1.156114518642426 1.308093890547752 0.1044566407799721 0.8874082639813423 1.313391923904419 0.1092943698167801 3129.938895173371 1554.878109410405 83.1828306466341 3.614680677652359 6.955017231404781 1.036942064762115 36.7613822594285 3.917404159903526 5.622771337628365 1.480127155780792 14.65455988049507 2.5937529951334 6.724952928721905 5.590119644999504 3.976916626095772 45.21837445348501 84.19578890502453 16.57064680755138 1.292455464601517 9.646653652191162 24.65401910245419 2.339854896068573 0.9928924739360809 0.3680920526385307 7.451762951910496 14.99197701364756 92.00291661918163 622.0250556841493 30.15538147091866 16.43172688782215 185.1665190309286 106.259758874774 4.976959332823753 200.2651694193482 8.860498324036598 21.41553698480129 25.1571279168129 135.3021811172366 39.95017105340958 109.074050091207 16.02531406283379 1.100413516163826 0.8946274518966675 213.4181361943483 104.6627189442515 23.00903334468603 31.17301805317402 13.84773355722427 2132.029684960842 1454.204633079469 135.6427230685949 2700.335514649749 24.53155317157507 2.188911713659763 2.541757345199585 19.93517468124628 27.29378439486027 0.1204763129353523 4.961868539452553 2.929174154996872 5.343228846788406 5.490038156509399 18.39708839356899 4.564692623913288 2.625663213431835 2.863224685192108 4.104671105742455 0 5.57386702299118 171.2987246513367 0 0.5240418314933777 0 0 0 0.1814184039831161 0 0.9623937010765076 0.5463572144508362 0 0 1.347989991307259 0.4577826708555222 0.41791732609272 0.6982170790433884 0 0 0 0 0 0 0 0 0 0 0 0 0 0 0.7149949669837952 0 0.8570624738931656 0 0.583535224199295 0 0 0 0.3713378012180328 0.6286053657531738 1.662818819284439 0 0.4909174889326096 1.947804421186447 0 0.2434234321117401 0 0 0 0.2358245253562927 1.45596581697464 0 0.406261146068573 0.5807454884052277 0 0.1269045174121857 0 2.411331757903099 0.1348958760499954 0 0 0 0 0 0 0.3202114105224609 0.8081516474485397 1.217201888561249 0.5133100748062134 0 0 0.8264732733368874 0.107723243534565 0.3719803914427757 0.7763341516256332 0 0.1466163843870163 2.759585782885551 1.542299315333366 0 0.3222423493862152 0.2338180989027023 0 1.125706121325493 0.3376181721687317 0 0 0 0 0 0.3003855124115944 0 0.5241143107414246 0 1.500780150294304 0.4190212711691856 0 0 0.5037422329187393 2.817091874778271 5.516612723469734 175.6099342852831 45.70708794146776 160.8316858708858 31.92619366198778 50.68020740896463 36.40898577868938 4.959577791392803 25.10121765732765 5.077527463436127 1.869811981916428 2.018572546541691 0.2511199489235878 0 0.1277131140232086 0.1981923133134842 0.5733794122934341 4.070874348282814 0.6532642692327499
971.3021550923586 917.516106121242 19.03502313792706 0 92.66931135952473 81.0063499212265 1444.683466166258 1.205109477043152 20.04355289041996 3117.74802365154 9.779083147644997 373.7744326144457 3104.925370499492 1.459245003759861 0.4780232906341553 0 0.1196480989456177 0 0 0.1433244198560715 0 0 0 0 0 0 0 0 0 0 47.0452990680933 0.5572673380374908 0.2603526413440704 0 0 0 0 0 0 0 0 0 0 0.1308116465806961 0 0 20.886922955513 2.810911037027836 0.2244265675544739 0.2170887887477875 0.1261405199766159 0 0 0 3.506755255162716 9.389843851327896 45.77194108068943 70.27643184363842 18.50655996054411 6.152116864919662 0.1158512309193611 0 0 4.411906167864799 3.70532163977623 2.975835397839546 2.780810706317425 1.188661403954029 0 0 0 0 0 75.95343985408545 18.57142904400826 6.10693484544754 1.687868967652321 0.1735305637121201 0 0.09943308681249619 0 0.8809729367494583 13.95503186434507 0.5460215210914612 0.301093302667141 9.189037151634693 0.2870719879865646 0.1195912808179855 1.197223886847496 0 0.1148594245314598 0 0 0 0 63.20017622411251 0 0.1314008831977844 0 178.6905877292156 0 0 0 0 0 8.661378428339958 0 1.475769028067589 37.26037734746933 0.720346987247467 0 4.431294918060303 2.01944862306118 1.161419913172722 0.194498211145401 0 0 0 0 0 0 0 0 0 0 0 0 0 0 0 0 0 0 0 0 0 0 0 0 0.2249525338411331 0 0 0 0 0 0 0 0 0 0 0 0 0 0 0 0 0 0 0 0 0 0 0 0 0 0 0 0 0.1324664056301117 0 0 0 0 0 0 0 0.4147949069738388 0 0 0 0 0 0 0 0 0 0 0 0 0 0.1196186617016792 0.6455696523189545 0 0 0 0 0 0.3751782178878784 0 0 2.684631057083607 4.133189909160137 31.15794114768505 7.629747554659843 271.6425638496876 14.03212966769934 2.350482873618603 0.3219486027956009 0.2447647154331207 0.09831241518259048 0 0 0.8855222165584564 0 0 0 0 0
794.2333431839943 2680.211851119995 971.0300680547953 92.66931135952473 0 7.212572857737541 2669.219453886151 505.9616252630949 5148.433552533388 232.4161643981934 2358.13430775702 22.92143778502941 1671.83190228045 2152.401343710721 7.740188412368298 1.628534346818924 1.65180030465126 0 0.103468120098114 0 0.3642844706773758 0 0.4100935012102127 0.1222938448190689 0 0.2744206786155701 0 1.017384015023708 1.980115666985512 0.1877038925886154 257.9608725681901 65.37958644330502 5.299973160028458 0.2574577927589417 0 0.09843748062849045 5.440728783607483 0 0.5429353266954422 0.3533456921577454 0.09674014896154404 0.6569162085652351 0 0.8522939905524254 0.4747344553470612 0.1023240238428116 178.8545769304037 30.39152074605227 2.018191672861576 0.216528907418251 4.55999456346035 0.2964678406715393 0.1333784162998199 1.098293229937553 14.19605504721403 43.09044637531042 45.38260761648417 129.5691386163235 43.62293709814548 29.45129252970219 0.4842171967029572 3.763049378991127 0 77.28085581213236 32.2108608931303 23.71245753020048 27.52143865078688 9.284583285450935 0.5303125157952309 0 4.230959892272949 1.338712960481644 0 211.6355028450489 121.2813617214561 62.99252945929766 76.36061149835587 1.280876472592354 14.20675006508827 31.90648287534714 0.3750747591257095 22.72067898511887 57.17713657766581 4.119296558201313 3.468282863497734 62.74119570851326 2.550465688109398 1.122328400611877 12.24746792763472 1.361678041517735 1.712241820991039 1.005469620227814 0 0.5679680705070496 2.151980169117451 131.8730173110962 0 0 0.1715380996465683 39.60906217992306 0.8250956535339355 0.2477820813655853 1.380100786685944 8.705212280154228 0.950117751955986 86.99777369201183 1.98444926738739 45.44666120409966 68.57281155884266 19.96344558894634 1.736585155129433 165.9659329950809 112.658393830061 73.07177449762821 22.27393677830696 0.1917741447687149 0.3337739109992981 0 0 0 0 0 0 0.3197163343429565 0 0 0 0 0 0 0 0 0 0 0 0.3080597221851349 0 0 0 30.17599412798882 0.6567662358283997 9.843408986926079 5.071108266711235 0 0.3848090171813965 0 0 0 1.132395386695862 0 0 4.384400799870491 13.01524545252323 0 0 0 0 0 0.1002517268061638 0.5644984841346741 0.5908521413803101 1.69371035695076 2.147744446992874 0 0.2413603663444519 0.6700512170791626 10.03022885322571 0 0.3900090306997299 0.3934414684772491 1.201939471065998 0.4840286523103714 0 0.3577677682042122 0.1107484251260757 0 98.70621088147163 0 0 0.2145436257123947 0.7332087904214859 0.6151043921709061 1.368525594472885 1.841327339410782 1.72307388484478 0 0.9155295044183731 0 0.7935495376586914 0 0.2003495246171951 1.091545417904854 0.1471651792526245 2.423078164458275 0.285618282854557 0.3681024610996246 0 44.11146040260792 13.0245009958744 12.30682250857353 182.3844375312328 64.38960535824299 433.151637993753 76.61375443637371 178.3675939515233 96.9548929259181 16.88262936472893 36.79825358092785 13.24579169601202 3.382891982793808 39.11762191355228 1.876198872923851 24.34378631412983 1.529969274997711 0.4050523415207863 2.855246916413307 2.739086091518402 0.435624361038208
69.72538807988167 33.61799372732639 0 81.0063499212265 7.212572857737541 0 99.40811800956726 0.3438789248466492 9.968947932124138 523.7432878911495 0.5828329920768738 178.2138168215752 195.1617744863033 33.0073734074831 0.3152888566255569 0.4234126955270767 0 0 0 0 0 0.9633130729198456 0 0 0 0 0 0 0 0.1472059786319733 3.557041943073273 0.200255960226059 19.43293143808842 0 0 0 17.20562262833118 0 1.825657278299332 0.2260518819093704 0 0.172874927520752 0 0 0 0 0.2733267396688461 0 0 0 0 4.588959604501724 0.1864975392818451 0 0 0 160.919997125864 10.50045098364353 2.012585237622261 0.2738403379917145 0 1.341166347265244 0 0 0.2105579823255539 0 0.09649322181940079 0 0 0 136.7328715026379 203.6047952622175 5.508292749524117 0 0.5895659923553467 0 0 0 0.4300768971443176 6.193444073200226 0 0.9486386626958847 0.1612289100885391 1.342933565378189 0 0.4907991886138916 0 4.82519518584013 0.4313495308160782 9.01138424128294 0 0 0 0 0.1677355617284775 356.6073371469975 239.0350357592106 22.68435242772102 8.148534074425697 918.6233205497265 0 0 0 0 0 0 0 0 2.72239576280117 0 0 0.9499328434467316 0.1699227690696716 1.623705685138702 0 0 0 0 0 0 0 0 0 0 0 0 0 0 0 0 0 0 0 0 0 0 0 0 0 0.6156678199768066 0 0.2965687215328217 0.4739903956651688 0 0 0 0 0 0 0 0 0 0.4246534705162048 0 0 0 0 0 0 0 0 0 0 0 0 0 0 0 0 0 0 0 0 0 0 0 0.1450821906328201 1.290657997131348 0 0 0 0 0.3443744778633118 0.4505874216556549 0 0 0 0 0 0 0 0.1408899575471878 0 0 0 0 0 0 4.392378315329552 5.868628740310669 0.7946895360946655 0 1.161218374967575 0 88.62775734066963 2.163177497684956 0 0 0.24677474796772 0 1.045656830072403 0 0 0 0 0 0 0
1169.618356600404 4759.862598881125 156.7137583866715 1444.683466166258 2669.219453886151 99.40811800956726 0 143.5339963361621 1024.6456566751 3272.208346448839 341.8245057016611 119.5557788163424 4470.494523525238 1213.082266263664 11.20727398991585 4.709193050861359 0.8730707913637161 0.2511007338762283 0 0 0 0 0.5755132585763931 0 0 0.8110616877675056 0.09704907238483429 1.599745869636536 1.444966465234756 0.4333503246307373 252.4244950264692 44.83383201062679 12.46624272316694 0.489226296544075 0 0.5926063060760498 5.437789976596832 0.7109026908874512 0 0 1.334581092000008 1.43893925100565 0 0.5831300839781761 0.1090433970093727 0.3657007291913033 274.6097296997905 34.11352507770061 1.729910060763359 0.42727892100811 7.353573277592659 0 0 0.4117513597011566 23.28667503595352 71.01223461329937 119.8047656863928 234.605819888413 82.73343110829592 38.63658133149147 0.2709966450929642 3.88323237746954 0 84.44150757044554 44.09652110189199 38.48911394923925 40.14115165919065 15.76235564053059 0 0.3859695941209793 18.26166719198227 3.592144593596458 0 383.9093208312988 192.8953599259257 79.98799835890532 93.63815732300282 4.124579705297947 9.655377835035324 24.94996596872807 0.6352193281054497 10.7913922816515 93.36164598166943 7.620512560009956 5.025031581521034 97.13176010549068 3.528112135827541 1.591232903301716 15.4931668266654 2.128717832267284 2.877420522272587 1.02769223600626 0.6642694771289825 0.3948490768671036 2.855712279677391 780.6566289514303 0.7108801752328873 0 0.5252252221107483 219.4021621644497 0.8395535051822662 7.396184474229813 2.893973842263222 11.41861909627914 2.226142108440399 260.0734628885984 9.797870248556137 140.7789269313216 228.932182431221 54.85044865310192 2.69121615588665 418.9663155451417 272.6276083514094 197.0289652422071 55.26507350802422 2.979620821774006 0.4880450814962387 0.1176131963729858 0.43016217648983 0 0 0 0 0 0 0 0 0 0 0 0 0 0.4768358170986176 0 1.092116236686707 0.1915283203125 0 0 0 71.58608005940914 0.2284254431724548 23.69348076730967 10.32452301681042 0 0 0 0.1467829793691635 0 1.671092867851257 0.3060926795005798 0 7.176580771803856 34.32781933993101 0.1239809393882751 0.3444852903485298 0 0.1315655559301376 0 1.316481374204159 0.1074734106659889 0.9180310443043709 7.274163477122784 4.728668317198753 0.1691741645336151 2.241739615797997 0.8237558007240295 14.63079686462879 0.1505138874053955 2.071252137422562 2.709897242486477 1.862991243600845 1.771190077066422 0.3598535507917404 0.8433730751276016 0.1569843888282776 0 223.4660587981343 0.3700525462627411 0 0.4169733598828316 0.1561166793107986 3.003977686166763 7.582998305559158 4.031547456979752 10.82659298181534 2.255800992250443 7.512533664703369 1.009610310196877 1.10470849275589 0 0.4796158969402313 1.006910167634487 0.3617019131779671 2.959761470556259 0.2042654678225517 0 0.3511156141757965 116.650589287281 27.50041621923447 30.64996492862701 289.3613040447235 83.965038433671 589.6110074967146 104.2955148369074 798.8283137381077 136.0039205849171 26.68723328411579 75.59976955503225 16.22095948457718 5.842363320291042 77.44880954921246 10.78149715065956 55.09948323667049 6.724839441478252 0.6240937486290932 4.259287521243095 3.612045541405678 1.584760189056396
103.93631516397 1030.760365836322 3905.133272886276 1.205109477043152 505.9616252630949 0.3438789248466492 143.5339963361621 0 494.1116589531302 3.254686616361141 2631.524149402976 113.0631835311651 903.4448896944523 3481.63638240099 8.960548914968967 4.80025901645422 0.157332107424736 0.1757931709289551 0.1523024588823318 0 3.992096036672592 0.1934648454189301 1.24673156440258 0 0.4003381431102753 0.4901064038276672 0.2528658881783485 0.260544940829277 0 0 484.3457987904549 1148.759674102068 33.02421335875988 0.7723557651042938 3.433702498674393 0.9629117399454117 10.67830224335194 1.211116671562195 1.252881288528442 0 4.547898404300213 0.603047214448452 1.563153453171253 6.567220911383629 0.6433493793010712 11.49749325960875 114.4154622703791 6.756354846060276 0.8204200267791748 1.116225078701973 6.586806833744049 1.171555280685425 0.460461899638176 0.9156427755951881 2.468950718641281 10.68815141171217 11.3372912555933 39.61191058158875 8.079608395695686 10.86287060379982 148.0493073314428 54.99686026573181 4.446142613887787 46.41386569291353 5.758640393614769 7.044236317276955 9.131305292248726 22.05267407745123 7.194004364311695 25.07076747715473 10.58232288062572 0 0 38.38838656246662 30.6688210517168 19.60467365384102 44.04591588675976 32.46398916840553 1795.364680722356 1025.07332918793 363.604283683002 3654.479806467891 13.04977561533451 0.600734643638134 0.4343473091721535 14.63024943321943 4.705957122147083 0.3116821795701981 3.023865148425102 0.1774326860904694 0.3116861507296562 1.115742564201355 4.824121043086052 3.137094922363758 0.7966817691922188 1.526471450924873 0.5662095844745636 0 0.9271134734153748 26.032820135355 0 0 0.1516176611185074 0.2766314148902893 0 1.861769065260887 0 0.6943946182727814 2.776217952370644 1.079472422599792 0 6.551123350858688 3.252653688192368 3.264878898859024 2.272551134228706 0.1453897207975388 0 0 0 0 0 0 0 0 0 0 0 0 0 0 0 0 0 0 0 0 0 0 0 2.612972818315029 0 2.119729936122894 2.291430845856667 0 0.2621594071388245 0 0 0 0 0 0.3918822407722473 0 0.2078870087862015 0 0 0 0 0 0 0 0.1135142222046852 0 0.3417442440986633 0 0 0.5034744441509247 1.557841002941132 0 0 0.1037754938006401 0.2427309080958366 0.1085342541337013 0 0.6601350679993629 0 0 4.976603120565414 0 0 0 0 0 0.4486450850963593 0 0.185680940747261 0 0.7337437272071838 0 0.6879476606845856 0 0 0 0 0.8227552771568298 0 0 0 1.307594463229179 2.214828431606293 7.281062886118889 104.5414708852768 20.96745704114437 209.5201852470636 29.97543179988861 39.91335773468018 31.98978856950998 1.995372347533703 29.66054299473763 2.02097412198782 0.6521960571408272 3.403578333556652 1.464672744274139 1.021688729524612 0.5647882223129272 0 0 1.9397963732481 0
35.19226837158203 1214.994388177991 310.6173810362816 20.04355289041996 5148.433552533388 9.968947932124138 1024.6456566751 494.1116589531302 0 130.2573754191399 4216.580377146602 41.33388334512711 1116.334665760398 1348.076133288443 11.3338508605957 3.790213443338871 1.653316050767899 0.3620676398277283 0 0.1919110417366028 0 0.1954277455806732 0 0 0.4287635609507561 1.336663484573364 0.1307132840156555 0.7146290168166161 0.4987755119800568 0.2885375171899796 83.64480280131102 29.44926572591066 10.61975629627705 0 0 0 6.49739234149456 0 0.8875622600317001 0.1568869948387146 0.7318152710795403 1.14146064966917 0 0.146710604429245 0.1226089894771576 0.1351554840803146 136.6340376734734 12.88126515597105 0.8654237687587738 0.6048330441117287 5.129138179123402 0.2552309334278107 0 1.763425529003143 4.405978545546532 19.3993416428566 15.91126520186663 35.87281708419323 19.90170247852802 14.88240002840757 0.2729381024837494 3.567657083272934 0.1263984888792038 26.16619933396578 11.90871600061655 9.992129988968372 15.11253601312637 6.105937227606773 0 0 12.2242274582386 1.294985502958298 0 65.71439532190561 45.59451300650835 28.63224269449711 45.76384311914444 2.66361391544342 5.350605934858322 84.9737466275692 0.1581564694643021 13.40440536290407 21.82455482333899 1.302014663815498 1.498369738459587 29.60206986218691 2.36934157460928 0.4507614597678185 4.918358691036701 0.7052158862352371 1.184414595365524 1.679196275770664 0.2891055047512054 1.071635544300079 2.179146192967892 229.364160835743 0.3788421303033829 0 0.3164264559745789 18.4652401432395 2.075174868106842 3.369801208376884 1.579459130764008 8.058710604906082 1.954034820199013 137.7307704985142 6.306911423802376 74.36098396778107 70.50076723098755 28.13008457422256 1.950814425945282 240.6107265353203 145.7229381725192 106.0377358645201 35.53369592130184 1.051886640489101 0.33104607462883 0.43944051861763 0 0.1163739562034607 0 0.2190455943346024 0 0 0 0 0 0 0 0 0 0 0 0 0.4888529032468796 0.2175395339727402 0 0 0 44.20776852220297 0.499644473195076 13.53123844414949 3.257877767086029 0 0 0 0 0 0 1.244791507720947 0 5.377343460917473 20.78606176376343 0 0.3150932490825653 0 0 0 0.09042748808860779 0.7344875037670135 0.4446224272251129 7.684737496078014 4.647330984473228 0.1450542062520981 2.115078210830688 1.917737662792206 15.43186525255442 0.3387166261672974 0.8437808677554131 2.19456609338522 0.8155952468514442 0 0.09639406949281693 0.3464810326695442 0 0 139.8011290058494 0 0 0.4513250440359116 0.2468461096286774 1.868361011147499 2.632958099246025 4.593841210007668 4.229163438081741 0.2630127668380737 3.750090762972832 1.562461823225021 0.6120316684246063 0.1786075234413147 0.1221663057804108 0.3305785953998566 0.1108930483460426 1.570395931601524 0.407797783613205 0 0.1059250310063362 67.03606130182743 13.88026365637779 19.50122231245041 218.8534227013588 48.9802335575223 352.5411516875029 65.64629486203194 129.2822707220912 91.02035453170538 7.200029253959656 58.03653240948915 10.92810908704996 4.064312443137169 58.52069552987814 3.47520911693573 35.15920872986317 5.502254799008369 0.5680471658706665 2.750700682401657 6.067837983369827 0.3340576589107513
2789.825200647116 661.1527569517493 9.713677316904068 3117.74802365154 232.4161643981934 523.7432878911495 3272.208346448839 3.254686616361141 130.2573754191399 0 8.007771611213684 1128.629088953137 7554.742670834064 57.47327107936144 1.700650215148926 0.9823926016688347 0.3779537826776505 0 0.09563571214675903 0 0 0 0 0 0 0 0 0.1886264383792877 0 0 84.26674065738916 2.229712605476379 1.064866662025452 0.1250854134559631 0 0 3.231842860579491 0 0.6762529760599136 0 0.2967130541801453 0.1125335022807121 0 0.1221333295106888 0 0 52.80364009737968 5.970241226255894 0 0 0.7021304070949554 1.344434976577759 0 0 7.768994428217411 21.97714911401272 118.2004799842834 145.925439812243 44.70282831043005 12.11371269077063 0.1611627489328384 1.07053117454052 0 13.53042669594288 12.78849951922894 9.453429132699966 8.9699352607131 2.793054915964603 0 0 19.58376213908195 3.677805334329605 0 169.2288158535957 40.07292261719704 15.39306095987558 9.302733667194843 0.9553260654211044 0.8303492665290833 5.660854041576385 0.1445665955543518 1.028059385716915 26.82078632712364 2.200983755290508 0.8495526239275932 22.88353579491377 0.3932162001729012 0.4147831872105598 2.023880638182163 0.4588600620627403 0.122176319360733 0.5853639543056488 0 0 0 942.3781159967184 2.262982279062271 0.3692278116941452 0.2878691554069519 768.5245134681463 0.5429151207208633 8.430253624916077 1.787895739078522 34.65060862898827 0.2149796783924103 84.85256265103817 5.217227667570114 41.395945712924 82.31594382226467 25.09756752848625 0.368578165769577 98.63292975723743 172.4243301451206 54.02704879641533 9.29153510928154 0.257703423500061 0.1195497363805771 0 0 0 0 0 0 0 0 0 0 0 0 0 0.2437653839588165 0 0 0 0 0 0 0 0 13.91259443759918 0.2011420875787735 2.5821463316679 0.7646027505397797 0 0 0.4936786741018295 0 0 0 0 0 1.753003038465977 4.562929220497608 0 0 0 0 0 0.353980153799057 0.19302137196064 0.3950367122888565 2.206596620380878 2.933075621724129 0.2117349356412888 0 0 3.524831876158714 0 0.2018861472606659 0.750041276216507 0.7396053150296211 0.405352309346199 0 0.1619864106178284 0 0 37.86991190165281 0 0 0 0 0.2507019937038422 0.1747356355190277 0 2.139032900333405 0 1.005094364285469 0 0.5650132596492767 0 0 0.5427969619631767 0 1.339533276855946 0.4604646936058998 0 0 28.44982039928436 7.42288663983345 6.250454515218735 42.56966383010149 15.56512758135796 87.0949098020792 15.88093791902065 1462.062082499266 30.85782685875893 5.723009176552296 9.708913691341877 3.230242714285851 0.9677394405007362 14.41147545725107 1.096260845661163 18.95499967038631 0.8717859983444214 0 0.8743944615125656 0.327942818403244 0
60.66752012073994 1159.854860201478 2148.446783512831 9.779083147644997 2358.13430775702 0.5828329920768738 341.8245057016611 2631.524149402976 4216.580377146602 8.007771611213684 0 143.1042289286852 1888.209459617734 7819.531910181046 5.394450306892395 0.8624837249517441 0.6387363523244858 0 0 0 0 0 0.2728561609983444 0 0 0.1944718807935715 0 0.7401088327169418 0.289440244436264 0 146.5925814807415 134.2992104887962 16.1127797961235 0.1590174734592438 0 0.1559520959854126 7.641827866435051 0.1943008154630661 1.451063930988312 0 0.1938337087631226 0.4951584786176682 0 0 0.1897254139184952 0.1330804526805878 86.97647356987 7.17133516818285 0.1705309748649597 0 1.804333090782166 0 0 0.1400902420282364 3.106911428272724 9.522305637598038 9.207272604107857 28.23594705015421 9.072702020406723 8.073799923062325 0.6416980028152466 7.735239773988724 0 26.58635677397251 6.447190843522549 6.603626094758511 7.951240248978138 2.911369904875755 0.4122517853975296 0.1171637997031212 6.605867832899094 0.5732301473617554 0 49.2424825578928 26.89911406487226 19.78834659606218 30.87436477839947 1.879210591316223 234.81952701509 676.0269556492567 0.2313788086175919 176.772854745388 13.79148001968861 0.5324127525091171 0.4211215451359749 15.52924984693527 0.2280368953943253 0.1642603278160095 3.14210607111454 0.1446683257818222 0.6938085183501244 0.6526856496930122 0 0.3038395345211029 0.2404992133378983 7.627648174762726 0 0 0.3052820861339569 8.800890073180199 0 1.391519725322723 0 0 0.1799588650465012 8.687478616833687 0 3.634846374392509 5.256659209728241 1.660136222839355 1.032316744327545 11.3432645201683 13.94189427793026 6.046676933765411 5.673045888543129 0 0.5341024994850159 0 0.7970815300941467 0 0 0 0 0 0 0 0 0 0 0 0 0 0 0 0 0 0 0 0 2.848843723535538 0 1.448569789528847 0.3870874494314194 0 0 0 0 0 0 0 0 0.9641976058483124 0.841964066028595 0 0 0 0 0 0 0.6032567322254181 0 0.7151752710342407 0 0 0 1.877348452806473 1.012985274195671 0 0 0.688137024641037 0 0 0.1101984456181526 0 0 0 12.02538065612316 0 0 0 0.0931759774684906 1.251715183258057 0.1983617395162582 0 0.6022767126560211 0 0.8181484937667847 0 0 0 0 0.1079480201005936 0.1213662549853325 0.8397216573357582 0.2261076793074608 0 0 2.864021420478821 1.017754331231117 2.948146730661392 89.69710195064545 18.8947930932045 175.1959534138441 24.69838057458401 42.43603621423244 34.84249473363161 3.402731291949749 25.04834649711847 3.875515937805176 1.633628778159618 4.75276567786932 0.2898794412612915 2.378004670143127 0.1920517981052399 0 0 0.514404833316803 0.1990503817796707
333.8925435990095 102.1097584962845 100.3081382513046 373.7744326144457 22.92143778502941 178.2138168215752 119.5557788163424 113.0631835311651 41.33388334512711 1128.629088953137 143.1042289286852 0 1919.944664299488 354.459057405591 13.05849501490593 11.59205528348684 0.7806325703859329 0.1683713048696518 0 0.3539770543575287 0.5004440397024155 1.553594082593918 0 1.010364666581154 0 0.2611884772777557 0 0.2374902740120888 0 0 13.08580812066793 6.611800774931908 62.43594814836979 0.1365508586168289 0 0.3238567411899567 36.03620129078627 6.446686789393425 2.102855086326599 1.876690909266472 0.1874800473451614 0 0 0.3522940427064896 0 0 72.75988082587719 2.028429515659809 0.1529195606708527 0 0.8302626088261604 4.591412723064423 0.9580715596675873 0.6170382872223854 1.445081658661366 6.83500549942255 22.14997050911188 16.77454501390457 8.823306016623974 6.100187808275223 0.6179422736167908 31.58646579086781 0 11.03584565967321 4.029219694435596 5.264810912311077 4.262961030006409 1.541546680033207 0.1144533753395081 0.3537818193435669 184.39820574224 46.49330312013626 0.1310558915138245 38.46609903126955 15.68424687534571 16.68704681843519 19.43179778754711 7.415164314210415 63.04535102844238 131.7636670321226 0 50.37052748352289 13.36818142235279 0.8437949195504189 0.2382800579071045 7.954804122447968 0.1532137542963028 0.1291317492723465 0.5847569480538368 0.7396909296512604 0.7539329305291176 0.9465622156858444 0 0.1330906003713608 2.510207176208496 1844.4187707901 75.69284048676491 0.4813707023859024 20.55923317372799 196.1996070146561 3.444463953375816 3.237442299723625 0.9856749996542931 5.632653534412384 0.7645802050828934 119.0388426482677 2.76904883980751 62.95038147270679 57.29697105288506 17.36067907512188 2.864187985658646 182.8589247912169 129.6992407441139 142.7363526076078 46.86481221020222 2.829555161297321 1.396400913596153 0.2634529620409012 0.4879334717988968 0 0 0 0 0 0 0 0 0 0 0 0 0.2499585598707199 0.2673709690570831 0.288139134645462 1.68495050817728 0.741454154253006 0 0 0 125.501415938139 1.078061118721962 42.16480921953917 18.54698212444782 1.03708690404892 0 0.3345835953950882 0.1530489772558212 0.1498157680034637 1.0015499740839 1.76640459895134 0 7.263997733592987 41.70388471335173 0.148321345448494 0.2708796486258507 0 1.056427270174026 0 0.3536434397101402 0.8522145301103592 2.417785629630089 12.02719657868147 5.529978528618813 1.908686399459839 0.2944994568824768 0.714571475982666 35.09291280806065 0.3497287780046463 1.87827755510807 4.324878513813019 2.068775691092014 0.4185469076037407 0.1098344698548317 1.519160151481628 0 0.1483861953020096 269.8983709961176 1.169258147478104 0 0.2458006739616394 0.2344067543745041 4.104253247380257 5.161998674273491 3.128099024295807 11.21052245050669 1.125128522515297 4.494394674897194 2.973368391394615 2.616468667984009 1.526659287512302 0 0.103308878839016 0 2.703280329704285 0.2561413198709488 0 0 88.46618582308292 60.71532483398914 83.55521894991398 226.6479756310582 15.06826145201921 187.0814613625407 36.1804872751236 392.7607895880938 31.61967964470387 1.575937628746033 68.18443038314581 31.80041662603617 3.153307497501373 93.77433304488659 5.427184820175171 34.95926911383867 8.267335243523121 0.2715037167072296 6.177296578884125 6.057575434446335 0.3844938278198242
499.0710245668888 3130.562691070139 541.5096952021122 3104.925370499492 1671.83190228045 195.1617744863033 4470.494523525238 903.4448896944523 1116.334665760398 7554.742670834064 1888.209459617734 1919.944664299488 0 2034.215947948396 59.26491220295429 47.13545979559422 3.416436061263084 0.6546197980642319 0.1566825658082962 0.4847328513860703 1.744261711835861 4.301672294735909 0.5181941986083984 0.2983660474419594 0.72142443805933 4.524184823036194 0.7364191263914108 5.005273945629597 4.983345024287701 1.000481583178043 85.29952193796635 25.14280712604523 707.2366900071502 0.7726615071296692 0.3242363929748535 1.996725514531136 410.7579236105084 22.72760698199272 35.91194456070662 43.20140899717808 2.068564660847187 5.654592551290989 0 2.224744230508804 0.6297846883535385 0.8334632068872452 363.6949821710587 17.56968370079994 1.320914328098297 0.9907980710268021 7.896449945867062 15.79894281178713 7.654268383979797 3.792387917637825 10.06146542727947 33.83998319506645 50.56834752112627 56.41317940503359 34.60331352055073 28.65805155783892 1.765928998589516 115.5843126177788 1.289977461099625 68.91108950972557 20.63239315152168 18.51324500143528 22.20405000448227 11.2015417739749 0.2236234396696091 1.284560412168503 340.6384989023209 96.05809645354748 0.4852418601512909 142.3858942240477 80.91933105885983 75.54661680012941 163.4954432025552 37.69356276094913 178.3725928291678 385.596891567111 0.6197372376918793 170.8778055235744 40.88334196805954 2.670039921998978 2.103820659220219 47.87490253895521 4.1659901663661 1.424003884196281 11.06646878272295 5.449344217777252 3.97520998865366 5.551921531558037 1.877316400408745 3.287301443517208 11.7129674628377 3725.462535910308 148.8148858621716 10.36191140115261 62.71053074300289 203.6148197948933 3.191090650856495 5.063950523734093 5.801040649414062 14.99780884385109 4.175700254738331 286.0808961391449 14.53898927569389 167.8551363497972 201.6602232158184 61.51334767043591 4.353852272033691 490.2511858642101 374.0343926846981 278.6175521314144 95.77962407469749 5.971025861799717 4.683378115296364 0.5501024425029755 2.153270021080971 0 0 0.1212959885597229 0 0 0 0 0 0 0.4707385450601578 1.148968003690243 0.1885767728090286 1.047525584697723 0.3796863555908203 0 2.665044568479061 1.534579113125801 0 1.286298379302025 0.4132428020238876 154.2422515675426 2.369611367583275 64.1538420766592 37.16070110350847 2.89131224155426 0.1660592555999756 0.4019315615296364 0.3490719795227051 2.708233177661896 4.455247029662132 5.246285244822502 0 13.80907008051872 57.13013321906328 0.3629101142287254 1.118127882480621 0 6.61440247297287 0.3105282932519913 1.573214769363403 0.7251662090420723 1.702980697154999 16.21890316158533 17.32257700711489 0.9510792046785355 6.190458625555038 3.13141818344593 51.72811016440392 1.331640690565109 3.415734030306339 6.765658430755138 5.67389764636755 1.451988562941551 0.55902498960495 2.371032103896141 0.1827007532119751 0 499.6667908355594 14.11846588551998 0 0 1.028535179793835 12.13262345641851 18.36923860013485 20.64928352832794 19.42156908661127 4.542539149522781 11.20837233960629 2.733806759119034 1.473361790180206 1.755182087421417 0.1128309443593025 0.1233780384063721 0.3231297582387924 2.711355499923229 0.5888448730111122 0 0 238.2593796253204 136.9204424917698 193.827023729682 807.9423341527581 137.5113035812974 885.8445612415671 200.5719403922558 703.3640190884471 195.8299965709448 16.43069183826447 248.1410342231393 56.99763984978199 20.81454734504223 149.6303092241287 18.39109380543232 86.69802294671535 12.21762134879827 0.8569214344024658 6.028675824403763 25.61798372864723 5.060217082500458
91.51415461301804 1758.521086543798 1872.319710373878 1.459245003759861 2152.401343710721 33.0073734074831 1213.082266263664 3481.63638240099 1348.076133288443 57.47327107936144 7819.531910181046 354.459057405591 2034.215947948396 0 53.51431414484978 40.01661230623722 3.738914735615253 0.3227826729416847 0 0.3053148835897446 2.88620962202549 6.277914091944695 1.004699662327766 0.2470242083072662 0.6686787903308868 2.104463882744312 0.6777100414037704 2.679263964295387 1.790731839835644 0.3437546640634537 98.25590056926012 25.50350052118301 776.9987678229809 1.307607993483543 1.121784508228302 4.857834503054619 325.0585854053497 27.31616154313087 62.21066847443581 16.04630886018276 1.983535550534725 3.387296617031097 0 2.79616691172123 0.5539436861872673 0.7919674590229988 296.3639267832041 15.37294367700815 0.5713486969470978 0.8047469258308411 5.537184804677963 17.90648938715458 2.065959841012955 3.070411689579487 5.359823442995548 26.25435739010572 26.00079903751612 32.05939175188541 25.82676073908806 26.61703708022833 2.348356947302818 212.8347401022911 0.5895177721977234 51.8966169655323 14.69554767012596 11.03300826996565 17.89371583610773 6.773962870240211 0.832105740904808 0.697111614048481 397.4776065945625 39.84322179853916 0.1653262078762054 85.02619954198599 61.9957567602396 65.22091410309076 138.1937626227736 35.16687589883804 429.1665072143078 2852.340738877654 1.074264213442802 593.8619032353163 28.62505881488323 0.7130025327205658 1.093246638774872 33.84057687968016 2.702476419508457 1.266986899077892 7.73150809109211 2.627605080604553 3.373863220214844 3.186630249023438 2.006970204412937 4.290122389793396 13.09196999669075 849.9603594839573 69.70498575270176 2.092737406492233 363.8315355628729 43.31736896187067 1.328336708247662 2.440535426139832 0.9042868912220001 4.627662554383278 2.252880275249481 54.20351195335388 2.675525918602943 32.03542241454124 28.75810310989618 9.432975575327873 1.23585256934166 100.6290393918753 75.21770759671926 82.68016663193703 27.70250077545643 2.957316420972347 2.25949501991272 0.1757328063249588 1.438538521528244 0 0 0.228626012802124 0 0 0.1537031680345535 0 0 0.285947173833847 2.149363726377487 0 0.1871499717235565 0.5045009255409241 0.7517344951629639 0.2694337368011475 1.072892464697361 1.139941975474358 0 1.303847521543503 0 83.72973416000605 1.887970983982086 32.37047751992941 23.52406752109528 1.916716605424881 0 0 0 0.580381378531456 4.885232880711555 2.649467960000038 0 3.878816708922386 25.49327194690704 0.3484139442443848 0.4393811374902725 0 3.206481724977493 0.1680951416492462 0.3557984158396721 0.4249288886785507 0.1933656334877014 7.829988963901997 5.605207890272141 0.1783481687307358 1.971293464303017 2.926244184374809 18.19889526814222 0.2519315779209137 2.348726935684681 2.865196742117405 1.769348882138729 0.9531187415122986 0.2448846995830536 1.107686229050159 0.1015772297978401 0 191.0221549794078 6.463700830936432 0 0 0.7891673445701599 5.386828996241093 9.342356264591217 5.511874496936798 4.991916410624981 0.5069849342107773 6.918404631316662 1.508448526263237 1.069742411375046 0.7802294716238976 0.1066901385784149 0.1894859001040459 0.2096453011035919 2.246483355760574 0.4548857882618904 0 0.1610117405653 60.82375144958496 69.73514746129513 91.63771139085293 584.9148494154215 93.24713088572025 669.0026061609387 146.0408327430487 250.5498358160257 142.9540221914649 9.752346433699131 179.3759780824184 39.12075311690569 10.7378261834383 63.90845640003681 5.271553389728069 19.04112632572651 7.374577693641186 0.5851707011461258 3.467095285654068 16.20669390261173 0.6059234142303467
