0 2634.464374162257 755.4258181974292 609.4880914017558 917.7195703238249 275.901226401329 765.5733767524362 93.00235488265753 105.5555282607675 2562.85115121305 354.7859892994165 10.88464550673962 419.3986968323588 130.7890551909804 5.085690125823021 0.1715828478336334 0.5645480677485466 0 0 0 0 0 0 0 0.07916613668203354 0.8194444179534912 0 0 0 0 506.2279998511076 1.439896076917648 27.09926206618547 0 0 0 23.99289762973785 0.1408073157072067 0 0.1324170678853989 0 0 0.1292324364185333 0 0 0.1198452711105347 32.52765122056007 4.048976451158524 0 0.2532012164592743 1.556919768452644 0.4548618942499161 0 0.1497631222009659 1.24214082211256 2.258214995265007 306.2948646396399 1114.161491833627 53.51544445753098 35.4701294451952 0.5414960384368896 0.6160774827003479 0 2.865754753351212 2.160535350441933 3.157101713120937 0.708076536655426 0.6252639591693878 0.3993386700749397 0.5921284258365631 8.289911866188049 13.17954536527395 0.1145498231053352 162.9833150729537 39.05254290997982 23.36129400879145 1.095057941973209 0.2539733648300171 0.8170740082859993 40.77218427509069 0 1.006085932254791 3.789202086627483 0.1986766904592514 3.871037639677525 0.9540359452366829 3.86269448697567 0.1761748790740967 0.6573178544640541 0.2300227507948875 0.4141785055398941 0 0.2341367229819298 0.1826854199171066 0 109.9331398308277 5.809097766876221 0.428497850894928 0 1009.220340900123 2.971694499254227 9.162256270647049 4.2039874792099 2.393304198980331 1.786167785525322 7.236023008823395 38.60022222995758 8.280447974801064 32.13102753460407 76.80075742304325 3.80592092871666 35.23205415904522 35.51545464992523 28.39376796782017 6.590499207377434 0.3881855309009552 0 0 0.2799083590507507 0 0 0.208267018198967 0 0 0 0 0 0 0 0 0 0 1.244747787714005 0 1.989181742072105 0.6155655086040497 0 0 0 3.537605106830597 0 1.458389118313789 0.7460541725158691 1.646394908428192 0 0 0 0 0 0 0 1.457032158970833 2.868758857250214 1.311068832874298 0 0 0.1797045171260834 0.1156041026115417 0 0.2573627829551697 0 0 2.139780551195145 0 0.5930366516113281 0 0 0.2972828149795532 0.783253476023674 0 0 0 0 0.09720877557992935 0 0 7.000975325703621 0.4398840367794037 0 0 0 0 0 1.167492508888245 0.7045268714427948 1.514466241002083 4.032155364751816 0.2810383141040802 0 0 0 0 0 0 0 0.8248062133789062 0 5.913249626755714 1.121173560619354 0.6235225200653076 638.3963802158833 12.96404622495174 134.4380939826369 11.90675990283489 1275.916313439608 4.821849122643471 1.649097047746181 13.62857827544212 44.75705952942371 0.8903482556343079 7.44595593214035 1.768300443887711 130.4414762556553 1.588254317641258 0.2435591518878937 4.088112741708755 1.453085497021675 0
2634.464374162257 0 1162.227350838482 137.9588838145137 3983.182685554028 441.9339399188757 2348.250741004944 217.5430915728211 433.4743701592088 1492.833650529385 738.1111505553126 28.49938042461872 711.5244665071368 306.3850984945893 10.49709381908178 0.8187924027442932 0.09896200150251389 0.1955025047063828 0.1753580123186111 0 0 0.2244580835103989 0 0.1997702121734619 0.8705471232533455 0 0.1201132014393806 0.1463374644517899 0.2138329744338989 0 1276.637652993202 6.421727895736694 29.88364073634148 0 0.3831975385546684 1.163165524601936 36.85393773019314 0.3256402313709259 0.139189139008522 0.2446737885475159 0.3937368094921112 0.4021723195910454 0.1712554544210434 0.1384371817111969 0 0 72.86581867933273 6.52599523216486 0 0 2.301417917013168 0.4616856276988983 0.6808520257472992 0.2443087249994278 0.9608361646533012 2.642108149826527 112.7271152883768 1018.971138067544 40.44835090637207 55.11668776720762 0.1554662138223648 2.543572872877121 0 12.67417357861996 1.83784606307745 3.972438253462315 1.783133611083031 0.9265923276543617 0.2074902057647705 0.2682172209024429 10.58782218396664 15.9837514013052 0 165.2487850487232 63.87336121499538 64.34381268918514 8.261344633996487 0.1634708940982819 8.299171477556229 83.32521268725395 0 3.564687989652157 4.910972476005554 0 5.579283840954304 1.041721656918526 3.93194218724966 0 1.89515433460474 0 0.480234295129776 0 0.1189297512173653 1.07033683359623 0 46.08099007606506 2.447620779275894 0.2927587926387787 0 805.8833930119872 0.8276048898696899 1.538156270980835 1.281065419316292 0.4433801174163818 1.187843218445778 3.619676783680916 5.911639869213104 2.904175400733948 13.88672138750553 19.9409901201725 1.524038463830948 16.71148259937763 18.40016940236092 18.99089507758617 8.023404493927956 0.6378488540649414 1.277032598853111 0.4998062551021576 0.1912315636873245 0 0 0 0 0 0 0 0 0.257669985294342 0 0 0 0.1082464605569839 0.1619422733783722 0 0.1820283085107803 2.42166993021965 0.5748724937438965 0 0 2.830566972494125 0 3.220917344093323 0.3788364827632904 0 0 0 0 0 0.7891577333211899 0.853452205657959 0.130386620759964 1.967997521162033 11.10044987499714 1.621306598186493 1.405487313866615 0 0.1924304813146591 0 0 0.2823901176452637 0.09865266084671021 0 7.05748188495636 0 0.16325643658638 0.1625139564275742 3.077908635139465 0.1855107843875885 0.9115408658981323 0.2070777416229248 0 0 0 0 0 0 12.94639052450657 1.828664675354958 0 0 0 1.534801781177521 1.745507955551147 3.40749204158783 4.816287234425545 11.72230932116508 4.416568830609322 0.3245587348937988 0.3443584591150284 0.5459535717964172 0 0 0 0 0.1136102825403214 0 0 4.172306925058365 6.429111629724503 9.818780153989792 177.061747007072 17.52110171318054 189.3518598899245 22.41534420102835 1166.386140577495 10.34691020846367 2.49360253661871 11.8780335187912 19.59101457893848 1.237329199910164 15.62318106740713 0 29.05581679940224 0 0 3.265496701002121 3.025236845016479 0
755.4258181974292 1162.227350838482 0 7.221500597894192 545.7344979420304 58.6216786801815 87.2362250611186 1898.293355576694 249.6439699828625 90.59710798412561 1246.100413039327 20.92809768021107 163.7664008438587 652.7063483148813 30.13727323710918 14.96756564825773 1.169177889823914 0.8091225773096085 0.405158519744873 12.81481868773699 195.2852390483022 3.638638690114021 44.09276889264584 17.88106342405081 199.3356319889426 105.77949424088 15.31498557329178 31.58265548199415 2.151764117181301 0.8883141577243805 6780.34027775377 336.5920655429363 93.35864722728729 11.352912068367 99.71627923101187 180.3358892649412 90.22079296410084 47.36565423756838 2.899775579571724 18.2038157954812 114.4129905849695 51.26322419196367 6.292787380516529 3.880517274141312 2.390226989984512 1.330695308744907 85.19965842366219 9.394872158765793 0.8953142464160919 1.480010695755482 118.2746518999338 4.654461309313774 1.440731287002563 6.956425897777081 1.428118541836739 5.156813651323318 96.88961077481508 2959.376620702446 31.89050485193729 59.79618166387081 4.38367135822773 22.39389655739069 105.9394255802035 62.28116197884083 5.846853494644165 9.910571426153183 34.91491743922234 25.16457770764828 10.49594996124506 147.8357687443495 25.93308598548174 17.96073367446661 2.433352462947369 166.1863536983728 154.8623862564564 104.5582907870412 26.46467576920986 6.573037095367908 1149.623628087342 702.7578573301435 7.384330153465271 871.5051033571362 5.109786063432693 0.08006785064935684 6.319132514297962 14.80590716004372 11.1826243698597 0.1823465526103973 6.330907620489597 2.670143768191338 6.13751582056284 6.730845771729946 109.9615204483271 55.88889603316784 14.89518086612225 22.64094128459692 9.455044165253639 0 3.561237275600433 482.0913609787822 1.163245290517807 0 0 0.2983662486076355 0 3.730507433414459 1.715486660599709 5.158923923969269 9.789220660924911 7.41179832816124 2.065731048583984 17.64518666267395 14.73214264214039 9.538591593503952 7.823034703731537 2.916638180613518 0.7002797275781631 0.4450502991676331 0.1120187267661095 1.748796254396439 0.1324459463357925 2.908170819282532 1.792060278356075 0.3823406547307968 6.144015043973923 5.878656566143036 0.1512654572725296 0.6362148523330688 1.713234066963196 0.6008704602718353 6.79106593132019 2.819687254726887 9.336216136813164 0.285076804459095 0.1034431979060173 0 0.1219569444656372 0.2455644086003304 0.2951724529266357 3.514920443296432 0 6.031005129218102 2.232229210436344 0.8534796461462975 9.047056414186954 1.470700822770596 5.161699309945107 0 0.5067785829305649 2.914635136723518 8.762942455708981 1.425970524549484 3.191614374518394 0.4396203979849815 1.870904125273228 1.532581366598606 2.058547347784042 8.685066878795624 0 0 0 0 1.626865684986115 0 0.2416680529713631 1.381751842796803 1.846577808260918 0 1.383151084184647 0 0.2066008597612381 1.408926442265511 2.045537650585175 1.542977966368198 1.969056889414787 7.984066620469093 16.3666867762804 3.809487447142601 0.4905340820550919 1.339888170361519 4.044354021549225 0.4087992608547211 1.57048562169075 0.9027594774961472 3.64351786673069 5.993719354271889 3.112296730279922 0 0.115774005651474 0.8868845552206039 0 0 0.1895473897457123 0.8202441483736038 1.127154089510441 2.478815861046314 0.6263802200555801 3.680865801870823 3.25871005654335 9.101723432540894 126.7002788484097 36.2682720720768 172.2089921757579 25.91296602785587 176.7461322769523 9.668531097471714 4.02603305876255 9.614374570548534 15.12930029630661 2.913125582039356 15.61536227166653 2.865067310631275 11.71784242987633 0.3598068654537201 0 1.933761775493622 1.265795402228832 1.731761693954468
609.4880914017558 137.9588838145137 7.221500597894192 0 19.09699901938438 245.8436954319477 77.99784312397242 0.4060546457767487 30.81919842213392 1269.875153109431 7.998052358627319 6.80826935172081 601.2733204364777 16.39000174403191 0.9216277897357941 0 0 0 0 0 0 0 0 0 0 0 0 0 0 0 29.15579994022846 0 0.5927592217922211 0 0 0 0 0 0 0 0 0 0 0 0 0 8.310381010174751 0.5751803070306778 0 0 0 0 0 0 0.09741128981113434 0.08358730375766754 9.363516233861446 51.18001993000507 3.014397263526917 4.869820289313793 0 0 0 1.231298342347145 0.09842353314161301 0.4903626143932343 0.124412827193737 0 0 0 0.5489559769630432 0 0 15.89591012150049 3.372476533055305 4.385188423097134 0.7558905780315399 0 0 1.577832370996475 0 0 0.6693020686507225 0 0.3760955855250359 0 0.2149646729230881 0 0.1837147623300552 0.2318501472473145 0 0 0 0 0 22.39433972537518 0 0 0 46.12724301218987 0 0 0.2977991700172424 0.3083441853523254 0.398887038230896 0.4855673611164093 2.911478966474533 1.093259751796722 1.395679742097855 4.711562484502792 0 2.031166449189186 4.216109320521355 3.810730874538422 0.2067444622516632 0 0.3878419399261475 0 0 0 0 0 0 0 0 0 0 0 0 0 0 0 0 0 0 0.1789225339889526 0 0 0 0.522815465927124 0 0 0 0 0 0 0 0 0 0 0 0 0.2381715774536133 0 0 0 0 0 0 0 0 0 0 0 0 0 0 0 0.2080472260713577 0 0 0 0.106440857052803 0 0 0 1.409911662340164 0 0 0 0 1.153806328773499 0 0 0.3044746518135071 0 0.6612972617149353 0 0 0 0 0 0 0 0 0 0 2.215554997324944 0 0.3495531380176544 27.19447313249111 1.253599874675274 23.15131236612797 1.740253657102585 161.2345304936171 0.3470374047756195 0.1852461695671082 2.074743315577507 3.076704651117325 0 0 0 5.432890892028809 0 0 0 0 0
917.7195703238249 3983.182685554028 545.7344979420304 19.09699901938438 0 35.91050307452679 1449.864432938397 70.59330482780933 3435.753198496997 477.4007708132267 1715.800227567554 216.3895799219608 1396.079258389771 2362.962336659431 55.36925859004259 5.490589983761311 0.3819728419184685 0.1801966577768326 0.1391134709119797 0 0.6000239998102188 0 0 0 0 0.6394750773906708 0 0.4489269629120827 0.8323845714330673 0 641.0952430963516 15.66432492434978 29.88224598765373 0 0 0 30.87506701052189 0.16547891497612 0 0 0.2407598495483398 0.3856763541698456 0 0.516354963183403 0 0 152.6287103518844 8.459758475422859 0.1169510260224342 0.9856188744306564 4.070191852748394 0.117297925055027 0 0 1.065146058797836 4.084809541702271 51.48777610808611 456.9177022501826 32.66618374735117 86.2256992906332 0.1749885231256485 0 0.1298880279064178 35.65348890423775 4.667905546724796 6.501631341874599 2.130417637526989 1.8338588103652 0.6403945237398148 0.1579463183879852 10.75767236948013 43.07840318977833 0 150.5934346914291 88.33421422541142 164.2144322916865 20.73090152442455 2.203485891222954 1.387927323579788 156.9915821924806 0.2626290321350098 0.5715544670820236 5.690484650433064 0.3105098009109497 8.373819068074226 1.779049813747406 5.512009792029858 0 2.608073890209198 0 1.486221015453339 0.1326614022254944 0.604811891913414 1.163464732468128 0.7308570817112923 89.42575301229954 7.652501046657562 0 0.138947457075119 189.2037760838866 4.231074243783951 2.097687393426895 1.520241409540176 4.171483084559441 5.818561524152756 24.93572105467319 22.72155943512917 19.27266691625118 36.88003265857697 51.33861263841391 6.188177406787872 57.34224443137646 70.69789664447308 66.44053548574448 29.47318026423454 1.796661384403706 1.708175748586655 0.8112648725509644 0.4309957772493362 0 0 0 0 0.1219519227743149 0 0 0 0 0 0 0 0.5486985817551613 0.2752790600061417 0 1.972276285290718 7.015481501817703 0 0 0 7.072838708758354 0 7.54266981780529 2.370869502425194 0.6231011003255844 0.3506321310997009 0 0 0 1.485728353261948 0.8047102838754654 0 2.991172343492508 22.25685369968414 0.6964191272854805 0.7825572192668915 0 0.5490143746137619 0 0 0.4083816409111023 0.1400692164897919 0.5322233438491821 11.1593856215477 0 1.015299111604691 0 7.518405109643936 0.6336023658514023 2.362332448363304 2.153541304171085 0.2737959772348404 0.09736908227205276 0.5783092528581619 0.5189381092786789 0 0 49.41372269392014 1.251092791557312 0.1613469868898392 0 0 1.06934255361557 4.785379379987717 7.090031608939171 14.10726919770241 34.42823378741741 11.93433862924576 0.2644824385643005 0.7066166996955872 1.515823535621166 0 0 0 0.1574722826480865 0.1156975030899048 0.1094431355595589 0 18.37483562529087 9.333187580108643 16.22039865702391 282.0416150614619 55.57745000720024 336.5554108247161 63.95087707042694 205.9195063635707 33.50755689293146 10.17051019519567 47.9577459692955 39.47574286162853 0.5508988201618195 36.84564569592476 3.458754509687424 57.36605757474899 0.8806621730327606 0.4794254899024963 3.090322405099869 1.376083299517632 0
275.901226401329 441.9339399188757 58.6216786801815 245.8436954319477 35.91050307452679 0 134.0024879127741 5.263628244400024 27.00471284985542 1176.170334622264 16.39285037666559 142.5917771011591 347.7847354263067 31.35713961720467 0.4490183144807816 0.4945116192102432 0 0 0 0 0 4.592926532030106 0 0 0 0 0 0 0 0 80.21034906804562 0.155072882771492 16.64782312512398 0 0 0 66.87020076811314 0.3645283877849579 0.4318478852510452 0 0 0 0 0 0 0.528290718793869 8.023514598608017 0.1810562610626221 0 0 0.9338884353637695 25.50130827724934 1.163464829325676 0 0.120352067053318 0.9709634482860565 90.42585522681475 127.6128461137414 6.101428404450417 4.760471135377884 0.5777683556079865 3.023081377148628 0 0.8016857653856277 0.3654689863324165 0.6949930638074875 0.1018116548657417 0.3698458075523376 0.1246654018759727 0.2438214272260666 163.4037563055754 176.4034817218781 29.51017013192177 21.84078992903233 5.033314071595669 3.878014326095581 0 0.1195024773478508 0 13.4482260197401 0 3.163683086633682 1.313106156885624 0.959336057305336 0.933328703045845 0.7609579935669899 0.1085398867726326 11.57048274576664 3.079100959002972 21.1089833676815 0.8783250749111176 1.894707955420017 0.2128225117921829 0 0.2148410528898239 215.8961408287287 106.9826047420502 52.47115252912045 5.860995501279831 450.3161800950766 0.3998432457447052 2.636565625667572 0.4520786553621292 0.3771857917308807 0 3.199767276644707 10.943569034338 3.838073164224625 7.280676037073135 19.51277035474777 0.7831706702709198 10.71440830826759 16.96869400143623 11.07009494304657 0 0 0.4732904583215714 0 0 0 0 0 0 0 0 0 0 0 0 0 0 0 0 0 0 0.3611786365509033 0 0 0 0 0 0.1527197659015656 0.1263164877891541 0.2921766042709351 0.2244084477424622 0 0 0 0 0 0 0 0 0 0 0 0 0 0 0 0 0 0.2304141372442245 0 0 0 0.4583956003189087 0 0 0 0 0 0 0.1091101914644241 0 0.1156371831893921 1.235760048031807 0.4779911190271378 0 0 0 0 0 0 0 0.5777110755443573 0.5869585424661636 0 0.2180223762989044 0 0 0 0 0 0 0 0 5.706163674592972 0.2329529821872711 0.3414629399776459 30.23637422919273 2.844181023538113 24.51298351585865 2.619637116789818 383.637084454298 0.5754063278436661 4.565870754420757 2.260008171200752 12.3960183262825 0 0.5435031354427338 0 23.54008741676807 0 0 0.1996068060398102 0.127049908041954 0
765.5733767524362 2348.250741004944 87.2362250611186 77.99784312397242 1449.864432938397 134.0024879127741 0 13.91923727840185 796.9803223907948 684.6223775371909 291.716459594667 314.499651864171 1799.639905042946 421.7367151007056 56.40246905386448 3.615854881703854 0 0 0 0.1452852785587311 0.4505308866500854 0 0 0 0.2524644210934639 0.893113799393177 0 0.6852757707238197 0.1545233130455017 0 181.0744607076049 9.287116929888725 3.625255286693573 0.2112999111413956 0 0.3083632588386536 3.970257751643658 0.1060007885098457 0 0 0.2121457010507584 0.3878908753395081 0.3731649070978165 0.269464299082756 0 0.5047291964292526 163.6793858334422 10.09444998204708 0.465176597237587 0.476048469543457 3.191043578088284 0 0 0.5631215646862984 2.775166772305965 5.103672467172146 79.56416933238506 559.0474068671465 44.80961364507675 97.20156975835562 0.265277087688446 0 0 31.92389944940805 4.870602734386921 6.341637119650841 2.659644290804863 1.685162246227264 0.5035309717059135 0.1258609145879745 5.122037962079048 9.292252957820892 0.2487336471676826 196.6631592437625 105.0114612579346 175.3211618065834 19.6481119543314 1.158735245466232 0.6102999746799469 38.13316190987825 0.3198205828666687 1.379756301641464 5.409523621201515 0.4263364151120186 9.25370879471302 2.214124992489815 6.07610958814621 0 1.616206549108028 0.3979392945766449 0.9470533430576324 0.77761110663414 0.3175430595874786 0.7751579657196999 0.9504802897572517 196.4162434190512 2.118065670132637 0 0 161.4602385163307 1.202076926827431 2.91668501496315 1.74687634408474 3.921934843063354 3.878731235861778 9.59406553208828 22.8656557649374 9.81473346054554 24.20412988960743 55.87339074909687 5.815589860081673 45.19954916834831 50.09555259346962 47.88000150024891 14.53497219085693 1.907018959522247 1.999526694417 0 0.7995143532752991 0 0 0 0 0 0 0 0.5689177066087723 0 0 0 0 0 0.1548697501420975 0 1.050687968730927 5.08926260471344 0 0.7473230957984924 0 3.509603410959244 0 3.185113117098808 1.109562426805496 0 0 0 0 0 1.827982425689697 0.7948214188218117 0 1.431795984506607 12.18147593736649 0.7921396717429161 0 0 0.2519709244370461 0 0.258696436882019 0.6770365834236145 0 0.4622576087713242 4.58571968972683 0 0.7910920530557632 2.227953284978867 4.662968337535858 0.2148527950048447 1.052130505442619 0.7248864024877548 0.2348427399992943 0.4189901947975159 0.2434730604290962 0.2243904024362564 0 0 33.48076273500919 0.5397025942802429 0 0 0 0 4.704296082258224 0.6596018970012665 5.000909253954887 11.61808788776398 2.839025929570198 0.6230332106351852 0.5701528340578079 0.465540885925293 0 0 0 0.2380256950855255 0.09533742815256119 0.1056108474731445 0 20.43216627836227 5.886301130056381 7.748354583978653 287.7729900628328 51.58071786165237 400.8225213512778 59.01921996474266 383.5542034059763 33.77347454428673 8.554096430540085 27.67794887721539 21.10371642559767 0.3035970330238342 14.07568792253733 1.157128542661667 36.8517993837595 0.3366560637950897 0 3.088524118065834 8.1079982817173 0
93.00235488265753 217.5430915728211 1898.293355576694 0.4060546457767487 70.59330482780933 5.263628244400024 13.91923727840185 0 100.277683340013 6.864613279700279 3746.964398115873 5.149586051702499 340.5806997865438 1645.836555615067 153.4688007310033 53.13929615914822 0.853777140378952 1.526136852800846 0.145924299955368 2.339883223176003 19.91232123225927 1.982632160186768 3.724639266729355 2.763146370649338 76.53338336199522 15.262854591012 5.969368666410446 12.09828071296215 2.854826256632805 0.280988335609436 994.5338667929173 1920.048459611833 326.8728528916836 1.730279311537743 9.393389634788036 47.87802527844906 250.4356563463807 47.68040641397238 3.207275666296482 21.12589099258184 18.24940811097622 12.12093780189753 0.8303060829639435 5.466923020780087 0.3856481164693832 0.7585442364215851 228.2070270627737 7.619541548192501 1.184153661131859 1.795612417161465 17.70353516191244 8.263255149126053 1.428734749555588 1.435745477676392 1.28081402182579 3.034762971103191 50.16451218724251 655.5377579703927 28.89646643400192 92.98353976756334 11.87019988894463 26.12709683924913 10.18697021901608 451.9901486411691 3.267096020281315 5.209152474999428 6.644786737859249 4.112405382096767 2.561557151377201 15.92812065035105 33.3488929271698 24.71878790855408 1.175774060189724 190.0322679877281 208.4046485647559 397.8444772958755 407.7666382044554 164.0100641027093 617.758552737534 1419.213987387717 18.30028566718102 337.4575806260109 4.376703254878521 0.6762508302927017 6.182358413934708 3.877223379909992 6.846387311816216 0.1451782435178757 4.835360042750835 1.862113624811172 2.333844162523746 1.060104437172413 12.7324999794364 8.228656500577927 5.618632942438126 23.59759543091059 9.728228628635406 0 2.155826948583126 64.2488282173872 0.7358939647674561 2.268376782536507 1.615575738251209 0 0.4689638614654541 1.255158588290215 1.216104924678802 2.418875008821487 2.871520727872849 5.982912346720695 0 9.017588153481483 5.092306479811668 7.123013556003571 3.530160665512085 0.8749070763587952 1.824708223342896 0 0.2111090868711472 0.6497183367609978 0 1.363932587206364 0.5347456634044647 0.1509651243686676 1.872625894844532 1.566309563815594 0 0.1774324476718903 0.7969316840171814 0.4948561936616898 2.54668065905571 0.3920484781265259 4.817786201834679 0.1255911588668823 1.891640916466713 0 0 0.1441819816827774 0 1.63464879244566 0.122620016336441 2.391689695417881 1.008368320763111 0.2359946444630623 1.818092010915279 0.4967025518417358 0.8640096113085747 0 0 0.6104086264967918 2.78683777153492 0.2103372812271118 6.090618565678596 0.8190909177064896 0.2945267558097839 0.1201142966747284 0.8920504972338676 1.472815997898579 0 0.1663977354764938 0 0.3782973885536194 1.820863604545593 0 0.4970020949840546 1.340442478656769 0.6209753751754761 0 0.6993110179901123 0.08583056181669235 0.2089058756828308 0.2268998101353645 0.8345801010727882 0.7820346876978874 0.5992037057876587 1.683987587690353 12.38403218239546 0.8328655958175659 0.497554749250412 0.3287610560655594 0.3489537686109543 0.4531882107257843 0.7332457900047302 0.3887296989560127 3.310879021883011 6.571254476904869 2.156112372875214 0 0.2545850574970245 0.9147578626871109 0 0 0.1102817356586456 0.1319846212863922 0.2660435438156128 0.5683434680104256 0 3.051767706871033 3.30128637701273 3.1808140873909 253.9693391472101 60.98050086945295 402.0846049040556 72.98075737059116 58.14765232801437 31.22888551652431 10.22090234607458 41.2650239393115 9.826791793107986 0.6561181768774986 6.168051861226559 0 4.656224682927132 0.4365941882133484 0.3087196350097656 0.3789188861846924 1.616428136825562 0.2150572091341019
105.5555282607675 433.4743701592088 249.6439699828625 30.81919842213392 3435.753198496997 27.00471284985542 796.9803223907948 100.277683340013 0 503.6212545484304 1803.384544976056 474.5515580773354 1531.936098277569 2176.461827412248 107.4181415513158 15.43519330769777 0.4096861407160759 0.5949305146932602 0.1240179911255836 0 0.7215566337108612 0 0.1190665736794472 0 0.487449623644352 0.3340320587158203 0.4568592011928558 3.497957013547421 0.7961076125502586 0 113.2796002924442 20.25153769552708 30.03257484734058 0 0.8730905801057816 0 24.33800165355206 0.3500009775161743 0 0.4674226492643356 0.1183393523097038 0.3748022317886353 0.2206166237592697 0.4232222437858582 0.2558345794677734 0.1236018240451813 189.8515604585409 5.621803507208824 0.2458597123622894 0.9417557194828987 2.36182751506567 0 0 0.7885429337620735 1.00451285392046 4.600700788199902 34.86996362358332 211.8984344154596 27.32299271970987 69.94302068650723 0.1157019957900047 1.325290754437447 0.234978087246418 53.69334428757429 3.146410435438156 4.935995884239674 2.048059493303299 0.4053812250494957 0.4931163415312767 0.4140040054917336 17.43970879912376 64.39729902148247 0 128.0435068234801 76.63363547623158 230.80867061764 36.98645278811455 2.846751652657986 0.8680356293916702 241.8050507828593 0.2032597213983536 1.658768087625504 4.117554843425751 1.062911845743656 5.765240110456944 1.906234286725521 5.805344678461552 0 2.136945955455303 0.1982226371765137 0.5049898400902748 0.5398717522621155 0.2652464509010315 0.5866369977593422 0.5706801787018776 223.1358075588942 4.514176934957504 0 0 38.07233263552189 9.501878768205643 7.077872261404991 4.065553426742554 8.775594756007195 8.155606523156166 35.55674055218697 45.41260924935341 24.38518783450127 58.1559684574604 114.084270298481 13.91976419091225 107.5621632635593 110.7304076701403 132.2802556008101 47.52306896448135 3.417423263192177 7.678351849317551 0.1298085451126099 0.276212066411972 0 0 1.085939049720764 0 0.2355455011129379 0 0 0 0 0 0 0.1327356398105621 0.462552547454834 0.3347929865121841 0 4.21876522898674 11.20635108649731 0 0 0 17.5997537150979 0.5621615648269653 14.48793917894363 5.465977534651756 0.3230515420436859 0.3270161300897598 0 0.8168488740921021 0.3189546465873718 5.473402827978134 2.390646025538445 0 12.49703641235828 46.68692564964294 5.830372519791126 2.909070298075676 0 0 0.5417141616344452 0 1.02429561316967 0.09389643371105194 2.33808995783329 25.83798685669899 0 1.627179592847824 3.441021740436554 11.58252350986004 0.4014387577772141 8.915171310305595 2.57841083407402 0.280199259519577 1.004256427288055 0 0.3335254415869713 0.105425626039505 0 88.35058016330004 4.51116806268692 0 0 0.1616750955581665 2.53272533416748 6.127166017889977 8.966026663780212 20.54821575433016 53.02807714790106 23.87747896462679 1.566273584961891 2.822909608483315 2.895517066121101 0.4824827015399933 0 0 0.1279000341892242 0.09692704677581787 0 0.09641514718532562 34.7278084307909 19.93081876635551 27.48280020803213 469.9464850798249 57.58469224721193 505.7851429730654 101.6885805204511 185.9477525874972 61.30330441892147 13.7673204690218 79.52381184697151 60.58571138232946 1.421898134052753 62.30273405462503 5.720335073769093 78.47029779851437 3.821566194295883 1.349153459072113 8.482328668236732 4.948877111077309 0.8822824358940125
2562.85115121305 1492.833650529385 90.59710798412561 1269.875153109431 477.4007708132267 1176.170334622264 684.6223775371909 6.864613279700279 503.6212545484304 0 139.797902725637 441.0461748242378 4102.006464630365 270.8746610805392 30.71618341654539 2.755465425550938 0.1554291695356369 0.4823528081178665 0.1219605803489685 0.5691790580749512 0.3896628767251968 0.3264062851667404 0 0 0.1074199303984642 0 0 0.3663141876459122 0.6223232597112656 0 226.8595565930009 3.614560969173908 7.536400884389877 0 0 0 16.74980659782887 0 0.3058181405067444 0 0 0.5147063285112381 0.521610289812088 0.3116003721952438 0 0 98.05777543783188 5.173674486577511 0 0.2408436313271523 2.645083896815777 3.201638869941235 0.1329010426998138 0 0.7282484918832779 2.324950344860554 68.25116946548223 349.9037481024861 34.0814233571291 54.89269854128361 0.1198122054338455 3.710674554109573 0 15.50369639694691 2.254982009530067 5.23661819845438 1.595363460481167 0.9637079313397408 0.2006687968969345 0.2404973804950714 55.51621969044209 66.8834335654974 6.208947204053402 123.0301810652018 52.14803066849709 100.0416399613023 12.13943754136562 0.7651179507374763 0.3597914353013039 34.07875687628984 0.3026053011417389 2.86987042427063 3.46081667393446 0.744208075106144 6.656503409147263 1.574649557471275 4.831931240856647 2.343061789870262 1.675784610211849 2.251950517296791 0.3127342388033867 0.5101524293422699 0.1517189741134644 0.3665197938680649 0.1447382122278214 451.3804177492857 35.97557443380356 20.58365941047668 3.386248022317886 366.1658031642437 12.26319028437138 13.05278491973877 9.513034760951996 14.77917331457138 14.09918436408043 50.72967959940434 140.5222461372614 46.7326937019825 118.9696280062199 214.394158706069 13.54307571053505 178.3740296661854 227.0199566334486 199.8633438795805 44.9862957149744 3.571235865354538 2.253107361495495 0 0.121764175593853 0 0 0 0 0 0 0 0.09640730172395706 0 0 0 0 0.2663366198539734 0.5445824265480042 0 5.269794121384621 20.51705671846867 0 0 0 14.22107790410519 0 10.3475114107132 2.6319629997015 0 0 0 0 0 1.373906791210175 2.107545502483845 0 8.899171501398087 45.48552928864956 2.703990250825882 0.8820842057466507 0 0.1630401164293289 0 0 0.3124576210975647 0 1.928991183638573 16.75523518025875 0 0.5616164803504944 1.145474374294281 9.590424984693527 0.2888234257698059 7.561844795942307 1.025001153349876 0 0.6038462594151497 0.4663962721824646 0 0 0.2121822983026505 65.90477328002453 0.9858372807502747 0 0 0 1.274313509464264 2.584790766239166 5.312938421964645 26.75348611921072 46.24339199066162 19.5335498675704 2.209712341427803 3.648345038294792 1.819186680018902 0 0 0 0.123535230755806 0.1261555254459381 0 0.1346232742071152 62.18111136555672 11.87109304964542 22.41015118360519 351.2279400080442 31.02835208922625 267.2571946084499 39.08322048187256 1187.598736405373 21.33341693133116 4.712274707853794 29.39589007198811 152.3648385331035 1.263898596167564 60.81202574074268 4.119043335318565 259.2297256886959 3.791847079992294 0.3103048205375671 8.945339098572731 2.073276981711388 0.1866790503263474
354.7859892994165 738.1111505553126 1246.100413039327 7.998052358627319 1715.800227567554 16.39285037666559 291.716459594667 3746.964398115873 1803.384544976056 139.797902725637 0 157.9779962003231 1791.477924071252 6504.334731832147 346.8858405947685 108.9710002169013 2.387556686997414 1.955651685595512 0.1711942553520203 1.051600083708763 2.468706332147121 0.5375705733895302 0.4220004230737686 0.52452152967453 9.08078832924366 1.63328230381012 0.8853495791554451 3.105656199157238 2.549373373389244 0.1471491903066635 878.4959166496992 549.0897740796208 468.0609586685896 0.3532866388559341 1.335488334298134 4.054518632590771 391.1904953047633 11.65401944518089 0.7178007215261459 3.770011089742184 2.836847044527531 4.682204149663448 0.9382051676511765 6.347370564937592 0.2851329743862152 0.8041980639100075 420.1263876631856 10.2480625808239 1.982633262872696 1.993789806962013 8.250025615096092 0.2883315086364746 1.091142773628235 1.675079897046089 1.307316362857819 7.553402915596962 50.86976461112499 563.1193904578686 42.70694176852703 136.7328579798341 0.588311105966568 24.77560341358185 0.3457856774330139 156.420950524509 4.299692369997501 10.10765361785889 5.121805712580681 3.244386970996857 1.980347961187363 1.328245669603348 71.48156882822514 76.18969700485468 0.3692102581262589 211.0566076338291 159.8481496870518 609.3591380119324 134.4093608483672 35.78895881026983 15.80407998710871 1505.992978744209 0.5953948795795441 4.709925554692745 8.349321737885475 1.170561574399471 10.43263641744852 3.501805014908314 10.67731445282698 0 5.063448593020439 0.7222912386059761 1.202101595699787 1.93514695763588 2.128590628504753 2.206151239573956 1.889703407883644 158.7785814851522 12.72347535192966 0 1.638631910085678 123.8316734582186 8.307766929268837 0.778975784778595 0.9404868334531784 5.703700885176659 6.726563438773155 17.97187621891499 14.09618121385574 19.35174149274826 33.95288529992104 55.58910173177719 8.000744819641113 81.89674261212349 66.2718830704689 91.43833234906197 38.67946670949459 3.309841096401215 3.109032958745956 0 0.6932770013809204 0.1696861982345581 0 0 0 0 0.4763616323471069 0.1410700678825378 0.1194989606738091 0 0 0 0.7857796773314476 0.1740734428167343 0.3363718688488007 0 4.558170557022095 9.646073460578918 0 1.39511775970459 0 15.95942451059818 0.3713837563991547 9.853214792907238 3.024397045373917 0.1401762515306473 0.2407613322138786 0.194836363196373 0.1422672420740128 0 3.576026529073715 0.9264413937926292 0.2624782025814056 9.826238170266151 31.16769035160542 1.42686915397644 0.7777663320302963 0.2306690514087677 0.5307238548994064 0.3063577562570572 0.1076324433088303 0.4352322518825531 0 1.155142113566399 9.373584613204002 0 0.1312221735715866 3.059197515249252 10.21618861705065 1.506971061229706 5.933096960186958 1.311579838395119 0.1346167176961899 0.2404438853263855 0.3002899214625359 0.6102229505777359 0.2816410660743713 0.2010206878185272 80.1833069473505 1.774892836809158 0.8775977343320847 0 0 0.9966726899147034 5.159537971019745 4.269303716719151 13.07631312310696 37.90255334973335 14.97422902286053 0.7393423914909363 3.585372745990753 1.020242154598236 0 0 0 0.5596113726496696 0.5984836369752884 0.523423358798027 0 17.74360731244087 22.34739674627781 21.31743732839823 937.984309092164 153.3825998157263 906.9659186676145 231.7081336602569 157.3759407028556 118.0980551764369 27.37418551743031 180.6908572688699 50.60982740670443 1.525462977588177 51.42827691137791 6.451044455170631 53.16818957030773 2.573224008083344 0.7051005512475967 7.3757683634758 8.336457148194313 1.313711404800415
10.88464550673962 28.49938042461872 20.92809768021107 6.80826935172081 216.3895799219608 142.5917771011591 314.499651864171 5.149586051702499 474.5515580773354 441.0461748242378 157.9779962003231 0 3468.361234664917 282.2764286249876 7.473758891224861 4.574909739196301 0.4376885741949081 0 0 0 0 0 0 0 0 0 0 0 0.2742341160774231 0 2.450747922062874 0.2925646603107452 13.64984537661076 0 0 0 107.1558478176594 0.2312169671058655 0 0 0 0 0 0.1759848445653915 0 0.2233797758817673 8.907058984041214 0.2509389743208885 0 0.4592927694320679 0 0.6503628492355347 0 0 0 0.5392048582434654 2.012695737183094 3.02679143846035 0.9660467654466629 0.9827684611082077 0.3553584814071655 0.4663751721382141 0 1.52218995988369 0 0 0 0 0 0 34.94946700334549 65.58121304214001 0 2.677516169846058 1.352769091725349 7.518779657781124 1.872624769806862 1.442981995642185 0 32.33952654153109 0 2.459876641631126 0.2324266731739044 0 0 0 0 0 0 0 0 0 0 0.3726346492767334 0.1370930671691895 1555.161031290889 20.29341974854469 0 0.6690590977668762 41.50197385251522 21.47095930576324 14.0185232013464 7.676067337393761 13.44360367953777 18.40812438726425 53.55328907072544 90.97906006872654 52.64048470556736 106.3002981543541 218.9622126668692 27.37009742856026 186.7190301567316 215.1151807755232 254.1147446483374 57.29517428576946 5.773347035050392 4.879513919353485 0.3266998529434204 0 0 0 0 0 0 0 0 0 0.6257829070091248 0 0.5723469257354736 0 0 0.5746529847383499 0 10.27172075212002 16.54795210063457 0.6048780083656311 0 0 13.55349576473236 0 12.30317853391171 3.287300333380699 0.2382598519325256 0 0 0.366195410490036 1.94042432308197 0.7421047538518906 1.372357696294785 0 16.04520833492279 49.06779474020004 3.597284317016602 3.312348023056984 0 0.5565444231033325 0 0.7369497865438461 0.6676433682441711 0.158401295542717 0.6409679800271988 21.71507554501295 0 0.892413467168808 3.335518300533295 10.41227748990059 0.8205621838569641 8.484563671052456 1.194730579853058 0.1424881368875504 0.407086618244648 0 0 0 0 91.56162445247173 2.326598793268204 0 0 0 2.905728951096535 2.320361375808716 8.287462711334229 24.57146449387074 59.74137300252914 27.81444922089577 1.896519273519516 3.342372685670853 4.763664826750755 0 0 0 0.1835513859987259 0.2192657440900803 0 0 77.3182345032692 9.500930085778236 21.90939551591873 85.14898605644703 4.573382064700127 24.69056258350611 6.842999719083309 107.3264548331499 1.555943697690964 0.434722900390625 16.67852096259594 120.0959970206022 0.4179853647947311 71.34332171082497 6.893288671970367 170.7668436169624 5.525789886713028 0.4457160085439682 12.99906258285046 0.8711228966712952 1.157563507556915
419.3986968323588 711.5244665071368 163.7664008438587 601.2733204364777 1396.079258389771 347.7847354263067 1799.639905042946 340.5806997865438 1531.936098277569 4102.006464630365 1791.477924071252 3468.361234664917 0 2740.863985650241 224.7408928722143 117.5318177491426 5.172313719987869 1.487797804176807 0.7040365040302277 1.232344090938568 1.240120969712734 1.610388725996017 0 0.188128650188446 0.6584165990352631 0.7395249381661415 0.123046986758709 2.14527540653944 0.8092776238918304 0 91.4994088858366 11.86785881966352 461.5766663178802 0.2831282317638397 0 1.44295646995306 161.9034288078547 2.424874477088451 2.951557964086533 1.324395447969437 1.210599228739738 1.777687415480614 0.380785658955574 9.406310446560383 0.2430939227342606 1.16580718755722 261.7084431648254 5.67951600253582 1.48158111423254 0.9283947348594666 4.340870842337608 0.9583506733179092 3.984407022595406 0.5959977209568024 1.093561574816704 5.350932084023952 37.62757355719805 225.6648833602667 28.23606982082129 81.41678193956614 4.460552871227264 8.718492671847343 1.348211824893951 50.1698527187109 3.010645069181919 4.784584082663059 2.749657839536667 2.958004176616669 1.176704436540604 0.758053794503212 411.8187296018004 211.8556258678436 0.8811512440443039 115.5665907338262 63.60610221326351 290.7317671105266 56.22151206433773 28.72791624814272 2.331896655261517 1370.276478245854 1.072459876537323 40.15912745147943 4.05300597846508 1.410514280200005 7.121206529438496 1.576308876276016 5.72764191031456 0.1571434885263443 2.679748862981796 1.253544270992279 0.7855477705597878 1.065877847373486 1.874967664480209 2.329741470515728 2.166291676461697 5900.715034745634 89.13155277073383 6.328306868672371 19.09916052222252 125.9065623059869 30.50786030292511 21.64234060049057 18.44579933583736 28.31380109488964 47.28742547333241 118.5907158330083 184.9099021181464 125.1184906959534 258.1574509739876 469.6600633263588 54.81483283638954 479.7266202419996 641.796604052186 631.70739556849 176.869186013937 7.808907732367516 8.306934267282486 0 3.603923961520195 0 0 0 0.1592096537351608 1.762761354446411 0.1193699613213539 0.109033115208149 0 0.4858937412500381 0 0.3957443088293076 0 0.3954477161169052 0.8453404381871223 0 17.00864000618458 43.01587331295013 0 0 0.1824855953454971 42.98145043104887 0.1709961146116257 27.20789781212807 3.869341358542442 2.43879072368145 0.277055911719799 0.1835586726665497 0.1303178071975708 0.445254772901535 4.086658611893654 4.128320768475533 0 25.37879076600075 87.4317535161972 5.168942324817181 4.332291461527348 0 1.370971366763115 1.209870241582394 0.6249213367700577 2.760720402002335 0.5650058165192604 2.053632691502571 41.00330483913422 0.338891327381134 2.599193513393402 2.97804468870163 25.13950490951538 2.296487987041473 13.30279875546694 3.670783035457134 0.4269940555095673 1.389186635613441 0.2358749285340309 0.3960729315876961 0 0 344.3329230099916 10.33787281811237 0 0.1493760049343109 0 7.530076578259468 12.81410655379295 11.44021992385387 51.91217187047005 106.4127522930503 47.75335687398911 3.737271308898926 10.42768135666847 6.476029768586159 0.209294468164444 0 0 0.4903484582901001 0.1501895487308502 0.3137665763497353 0 209.3675998300314 58.84404246509075 64.45219694823027 801.2724133580923 129.0056926682591 610.812134064734 183.8397433385253 432.0877056121826 90.63871459662914 22.41990841180086 202.6149846464396 159.8086824864149 3.305298015475273 139.4891134649515 14.51679858565331 235.6025350987911 9.1670161485672 0.6109579652547836 19.35451965034008 10.93288953602314 2.264047622680664
