0 1723.734510652721 1852.65447165817 2207.778098456562 109.4989227354527 192.1133121550083 2687.802782915533 338.4815025478601 29.41031468659639 1954.282015137374 366.0382541269064 6.223801180720329 42.01656959950924 36.32546612620354 3.484141610562801 1.617137163877487 0.1242162063717842 0.1177607849240303 0 0.7125256508588791 0.5041631758213043 0 0.2767363786697388 0 0.4062967300415039 0.6315990537405014 0 0.1166471615433693 0 0.3238787055015564 1000.096266336739 90.66908565163612 5.568420961499214 0.7061921805143356 0.6108526885509491 0.5472317487001419 1.924247354269028 0.8129068166017532 0.2672268003225327 0.3694801181554794 1.611924722790718 0.9680067077279091 0 1.397304013371468 0.7516949027776718 0.2117445766925812 68.69963851571083 32.23585919290781 0 0.7504714578390121 4.300570078194141 0.137198805809021 0 0 8.759490057826042 17.43426543474197 477.5927589461207 1975.995604209602 64.39755331724882 27.0432014465332 1.042103864252567 3.015670254826546 0.3705063015222549 53.92605677247047 19.75402720272541 9.352342553436756 9.776147104799747 3.862135469913483 4.556476466357708 4.083149015903473 1.879353150725365 0.3002103120088577 0.1333820223808289 303.7111657112837 217.1900819763541 37.64962863922119 7.038051255047321 2.876058325171471 5.356587216258049 164.2126852124929 0.1575515419244766 40.10533361881971 68.68597315251827 0.6477881595492363 26.99443298578262 20.59244999289513 11.60243586450815 0.3405123800039291 3.3216368034482 0.1449962258338928 0.6690607890486717 0.3070097863674164 1.874463751912117 0.6425700336694717 0.2537908554077148 14.35314989089966 0.5435359179973602 0 0.2683162689208984 1213.222209900618 0 0 0 0 0 0.4831063896417618 0 0 0 0 0 0.4513779431581497 0.6535561829805374 0.3644298017024994 0 0 0 0.4579870998859406 0 0 0 0 0.1243956461548805 0 0 0 0 0 0 0 0 0 0 0 0 0.2116586714982986 0 0 0 0.4579737484455109 0 0.3251573741436005 0.3352835178375244 0 0 0 0 0 0 0 0 0 0 0 0 0 0 0.1128582805395126 0 0 0 0 0 0 0 0 0.3140629678964615 0.3225127756595612 0 0 0.1419591009616852 0.3039482682943344 0.1474378407001495 0.2034934759140015 0 0 1.618373386561871 0 0 0 0.1343566626310349 0 0 0 0 0 0 0 0 0 0 0.1538053900003433 0 0.4784899279475212 0 0 0 0.1701745390892029 0.5846793353557587 0.5803791731595993 49.96022715419531 38.32189065217972 268.5932363346219 74.65273139625788 618.1162992864847 62.27981249988079 14.59906432777643 12.28803717344999 2.304614469408989 0 0.7016924768686295 0.8556858152151108 0 0.5250473320484161 0 0 0 0
1723.734510652721 0 2444.563250459731 743.0705867558718 2246.601166382432 109.2005367726088 7731.573029436171 537.2001965865493 1921.49855273962 111.8428677096963 1907.739141017199 11.18911582231522 898.1026845946908 742.1363573670387 19.59283081442118 4.123042158782482 0.5424154251813889 0.2845829278230667 0.1352977901697159 0.2717561274766922 0 0 0.1283809095621109 0.1446643769741058 0.1788522750139236 0.279569998383522 0.1530375927686691 0.2573634088039398 0 0 1561.347208119929 35.99240277707577 5.003740161657333 0 0 0.1092784255743027 0.8983364924788475 0.8890486359596252 0.1669916808605194 0.1182625442743301 0.4476532489061356 0.7005899026989937 0.2673754394054413 1.739567153155804 0 0.3471115157008171 129.3661844432354 29.44107439368963 1.283774621784687 0.4827163442969322 2.496466770768166 0 0 0 4.833791598677635 13.14084734767675 146.5619490072131 576.7656844779849 22.99383873492479 20.37093372642994 0.128294438123703 1.280363008379936 0 80.08552312850952 12.09771361202002 9.361466571688652 7.791682675480843 4.126213662326336 1.509263686835766 1.006461091339588 0.7978155016899109 0.4765447080135345 0 112.557172767818 111.3041623458266 43.18360202014446 36.98484839498997 12.13083879649639 1.940750576555729 112.6048744246364 1.333234019577503 7.934523724019527 38.53928347676992 0.8409680277109146 18.55154523253441 14.03168492019176 12.19294060021639 0.1029544100165367 4.280848376452923 0 1.28436903655529 0.4423572942614555 0.5748375132679939 0.5175995528697968 0.5144098252058029 19.4458367601037 0.3415314257144928 0 0.6079330667853355 513.2754821181297 0.2297424972057343 0 0.7767103910446167 1.011587470769882 1.048231579363346 10.46947307884693 0 6.899038806557655 2.664706662297249 1.064241290092468 2.515530109405518 7.244614109396935 12.89343114942312 10.68017390370369 9.378743767738342 0 0 0 0 0 0 0 0 0 0 0 0 0 0 0 0 0 0.1386158615350723 0 0.1908843070268631 0.5388827919960022 0 0 0 1.461154922842979 0.3040667176246643 2.041171208024025 0.4839690774679184 0.1919495016336441 0.3433812856674194 0 0 0.7917042672634125 0.9729543328285217 0.5306861400604248 0 0 1.216343522071838 0 0 0 0 0.1236260384321213 0 0 0 0.1176907643675804 0 0 0 0.1704332828521729 6.556241303682327 0 0 0.104500338435173 0.1138370335102081 0 0 0.1200256124138832 0.1933473646640778 0 6.035322345793247 0.2316687554121017 0 0.2409383654594421 0 1.339748084545135 0 0 0.2554367482662201 0.9132232964038849 0 0 0 0 0 0 0 0.3484401926398277 0 0 0 4.981333166360855 0 0.9800160825252533 132.1070730164647 32.34546954184771 394.5130520388484 99.62916287779808 322.7057550922036 47.73607306182384 11.46821739524603 42.81897795200348 4.36797358840704 0.4539703279733658 3.756801791489124 0.7048210427165031 9.697412818670273 0 0.4365265667438507 1.402716144919395 2.399611130356789 0
1852.65447165817 2444.563250459731 0 75.2801228761673 1361.886309608817 10.32986658811569 800.8901939615607 4284.899610936642 1368.580114252865 34.30862578749657 5366.452697120607 18.58436188101768 727.7736983820796 699.1373624354601 21.753686837852 17.87839952111244 4.432604387402534 5.062512710690498 0.4143221378326416 25.45407608151436 11.41678835451603 0 16.55130548775196 2.14206475019455 2.279071845114231 6.163539439439774 0.8973847627639771 0.4843371212482452 0.1596255302429199 0 3453.981738045812 465.5632048249245 24.42387983947992 8.805816732347012 9.672775641083717 13.40946959704161 10.13432087749243 11.60431045293808 5.528546385467052 7.869842261075974 18.45830149203539 15.41769100725651 4.722963601350784 4.177167497575283 6.716448470950127 4.872232615947723 81.98539996147156 18.84675565361977 8.118099704384804 11.76206235587597 19.61229235678911 0.4391689151525497 0 0.3022212535142899 0.5133438184857368 3.373632252216339 110.9237475022674 586.8021846339107 15.7965354770422 6.154568307101727 22.11081281304359 21.98573412001133 6.527375862002373 400.6468445956707 4.256125867366791 7.383408144116402 7.392156831920147 20.48885191231966 56.11423975229263 72.49550104886293 8.218144275248051 5.195917457342148 0 54.85955999046564 46.54397129267454 21.75834185630083 26.61866564303637 20.60444959998131 103.4489087462425 1874.541526675224 9.814912721514702 677.7700792625546 12.73316761106253 0 10.34153778105974 5.369672052562237 20.08117861300707 0.2215160131454468 1.537975713610649 0 4.77624935656786 0.5703626722097397 20.39156021922827 6.397180169820786 6.170714870095253 10.11593699455261 9.336303368210793 0 2.975596904754639 696.7405156046152 0 0 0.1654910892248154 0 0.3498716801404953 0.6371305882930756 0 0 1.307830065488815 0 0.6717552095651627 2.534731410443783 2.852074161171913 1.933305472135544 3.260787218809128 0.271567702293396 0.3595904111862183 0.2561933398246765 0 0 0 0.1263549625873566 0.155363067984581 0 0 0.5913820490241051 0 0.2162130326032639 0.09845872223377228 0 0.1056032180786133 0.2176958918571472 0.8595377057790756 0 0 0 0 0 0 2.529423251748085 0.6052634119987488 4.077696025371552 1.378377050161362 0.6636655256152153 0.4931337386369705 0.277613639831543 0.1933978945016861 0.3347702175378799 0.2395047694444656 0.2102150022983551 0.4429718106985092 0 0.5293786376714706 0 0.2160124927759171 2.734061405062675 0 1.23494478315115 0 0 0 0 0 0 0.6563444137573242 0.4942199438810349 5.824181355535984 0.3982059359550476 0 0 0 0.3448453545570374 0.8612072914838791 0.100666232407093 0 1.716666638851166 4.22277706861496 1.338989749550819 0.1230571195483208 0.4773628413677216 0.559226781129837 0.7724066227674484 0.2204665392637253 0.6977023333311081 0.2378760278224945 0.5411472320556641 0.1701615005731583 0.3077683746814728 0.3199344575405121 0 0 0 0 0.5289605110883713 0 0 0 1.096963405609131 1.288994811475277 3.046091087162495 128.5383702740073 27.18831861764193 217.3480714559555 65.89347206801176 76.68206379562616 23.85250972211361 4.363062918186188 37.86924704909325 5.313377067446709 0.4520725011825562 5.652737982571125 0.2274236455559731 1.928459197282791 0.6039003133773804 0 0.2333979159593582 2.633301369845867 0.1720376759767532
2207.778098456562 743.0705867558718 75.2801228761673 0 42.86120952665806 677.0288777649403 888.4829257726669 4.370707631111145 20.92147736251354 1716.18120187521 27.87550166249275 105.4568184316158 930.4824269115925 19.31305555999279 2.981856897473335 0.1597630530595779 0.6411887630820274 0.1191491559147835 0.1559238880872726 0 0 0 0.1291471719741821 0 0 0 0 0 0 0 166.3863960653543 6.236960738897324 0.2162047028541565 0 0 0 0.47693732380867 0 0.1400424689054489 0 0.1289472281932831 0.335943728685379 0 0 0 0.2905856147408485 46.95799632370472 15.69682618230581 0 0.3496374487876892 1.145387969911098 0 0 0 2.678443118929863 4.442840039730072 50.09152016788721 147.1902467757463 8.83952097594738 12.16833760589361 0 0.3152926564216614 0 31.96809140592813 4.775051489472389 3.311087474226952 4.069766014814377 1.845570735633373 0.6002369374036789 0 0.6859135925769806 0.1553041934967041 0 48.94817327708006 58.54324263334274 13.8913339227438 7.081365443766117 1.265311658382416 0.8790128529071808 1.496313706040382 0.3619819283485413 0.4235962480306625 23.60359005630016 0.5504741072654724 8.752168551087379 7.433055706322193 5.904229804873466 0.146884024143219 1.37533126026392 0.2234123945236206 0.1318274885416031 0.1938507705926895 0.151170089840889 0.1543861329555511 0 39.36060418188572 0.4449225962162018 0 0 199.041178509593 0 0 1.829231232404709 0.2567908763885498 0 3.526123017072678 0 3.836297065019608 2.683831810951233 0.7017213404178619 0.9951204359531403 6.186378359794617 4.030643776059151 5.953600019216537 8.080326855182648 0 0.5233168005943298 0 0 0 0 0 0 0 0.3637597262859344 0 0 0 0 0 0 0 0 0 0 0.933143138885498 0 0 0 0.2664198279380798 0 0.943766862154007 0 0 0 0 0 0 0 0 0 0 0 0 0 0 0 0 0 0.6340130567550659 0 0 0 0 0 0 0.7687573283910751 0 0 0 0 0 0 0 0 0 4.02263068407774 0 0 0 0.2958953380584717 1.182199507951736 0 0.6609167456626892 0 0 0 0 0 0 0 0 0 0.1275245845317841 0 0 0 1.209126204252243 0 0.1569162011146545 53.29958489537239 12.89025636017323 169.2897224649787 32.06255923956633 246.0061526447535 15.75097631663084 3.356695182621479 15.12848402559757 3.800935938954353 0.1427127867937088 2.118785887956619 0.6920340806245804 3.186706960201263 0 0 0 0.5352789461612701 0
109.4989227354527 2246.601166382432 1361.886309608817 42.86120952665806 0 1.405830204486847 2829.244049534202 32.94112636893988 7644.712791100144 53.78437910974026 1261.901590354741 4.257738649845123 868.6328796446323 1013.752212710679 19.7222406566143 2.729107037186623 0.889827124774456 0.1082540601491928 0 0 0 0 0 0.1831315606832504 0.1532792001962662 0.1743148267269135 0.1650332808494568 1.486386314034462 0.08711330592632294 0 182.6779335737228 17.83944128453732 1.727681256830692 0 0 0 0.531926229596138 0 0.4416960775852203 0.1220237836241722 0.6820250600576401 0.9290250837802887 0 1.17763178050518 0 0.2899530827999115 95.83958128094673 14.71359280496836 0.4437687695026398 0.4577973261475563 1.366269692778587 0 0 0 1.543742969632149 5.655146382749081 22.87571622431278 68.766990467906 4.922663614153862 9.957088328897953 0.1801599562168121 0.4711025133728981 0.09239431470632553 39.50415490567684 4.850569702684879 3.358081892132759 5.04014203697443 1.550882682204247 0.360940046608448 0.1284512430429459 0.5828925371170044 0.1870202571153641 0 26.71906417608261 31.39130127429962 29.14093450456858 34.54581893235445 7.98300314694643 0.2880034297704697 8.589329928159714 0.4018870443105698 1.624412320554256 13.19741901755333 0.7641263753175735 7.747429028153419 7.831735007464886 6.013449907302856 0 1.901855476200581 0.1167543083429337 0.3810518234968185 0.1234576180577278 0.4005273431539536 0.6603155955672264 0.3946885913610458 37.78916066884995 0.1137787401676178 0 0 20.49719680100679 0 0.2110693752765656 1.658343151211739 0.6758975386619568 1.008253306150436 9.709840431809425 0 10.04495652765036 8.276849135756493 7.703770264983177 6.549868226051331 20.94799701869488 28.81822390854359 27.09995204210281 14.22137553989887 0.5612082183361053 0 0 0 0 0 0 0 0 0 0 0 0 0 0 0 0 0 0.2216638475656509 2.648556217551231 0.5816814303398132 0 0 0 1.720628440380096 0.9962368607521057 2.440030962228775 0 0 0 0 0 0 0 0 0 0.5893558263778687 3.152865797281265 0.1460592299699783 0 0 0 0 0 0 0 0 0.5184791386127472 0 0 0.673954963684082 15.44394227862358 0 0.234002947807312 0.7972293496131897 0.175016850233078 0 0 0.1070700883865356 0 0 19.43489866703749 0 0 0 0 1.421510100364685 0 3.618579491972923 0 0.8493495956063271 1.87028905749321 1.611643433570862 0.1840412318706512 0 0 0 0 0.1808582842350006 0 0 0 8.0972019135952 0.3347395062446594 0.9065573364496231 111.6229053363204 32.67110357433558 254.3235707134008 95.86379903554916 132.8917316347361 35.61019659042358 9.024645738303661 39.76135416328907 8.438346177339554 0 4.095098666846752 1.304787777364254 9.625885084271431 0.1381943225860596 0 0.4103984832763672 1.042231723666191 0
192.1133121550083 109.2005367726088 10.32986658811569 677.0288777649403 1.405830204486847 0 253.5711725950241 0.7503274083137512 2.178350761532784 933.4849720001221 1.155186355113983 221.9402526319027 142.1442145854235 5.962874069809914 0.1069590821862221 0 0 0 0 0 0 0 0 0 0 0 0 0 0 0 32.422726303339 0.7150432020425797 8.571255683898926 0 0 0 10.10500875115395 0 5.523605167865753 0 0 0 0 0 0 0 4.101742535829544 2.36691676825285 0 0 0 0.5338916331529617 0 0 0.9368182569742203 1.824745886027813 166.9515533298254 68.87109516561031 3.195808678865433 0.9739610254764557 0 0.9990001916885376 0 2.168180450797081 0.3603029251098633 0.5090218782424927 1.047354720532894 0.5022070556879044 0 0 71.01691369712353 13.43948265910149 3.248720601201057 15.28559379279613 16.3259252011776 6.146298587322235 0 0.5473328828811646 0 2.693913392722607 1.293925285339355 3.614868476986885 6.899062089622021 1.298350661993027 1.664184838533401 1.578578501939774 1.242828652262688 2.126993305981159 0.6926737129688263 1.355028703808784 0.1680398732423782 0.1315485388040543 0 0 0 193.0368180274963 6.750541344285011 0 9.312286287546158 562.4203778654337 0 0.2471343874931335 0 0 0 0.213955283164978 0 0 0 0 0 0 0 0.1556434482336044 0 0 0 0 0 0 0 0 0 0 0 0 0 0 0 0 0 0 0 0 0 0 0 0 0 0 0 0.1893468052148819 0 0 0 0 0 0 0 0 0 0 0.1632450670003891 0 0 0 0 0 0 0 0 0 0 0 0 0 0.4501875638961792 0 0 0 0 0 0 0 0.3123239278793335 0 0.2467921525239944 0.3959819376468658 0 0 0 0 0 0 0 0 0 0 0 0 0 0 0 0 0 0 0 0.1316700428724289 0.8609253168106079 0.162886306643486 3.427853912115097 3.870537593960762 18.87534941732883 5.199024923145771 297.2920379042625 8.989307522773743 2.041077211499214 2.312589704990387 0.4053175151348114 0 0 0 0 0.6980561017990112 0 0 0 0
2687.802782915533 7731.573029436171 800.8901939615607 888.4829257726669 2829.244049534202 253.5711725950241 0 32.38250214606524 1903.671201601624 1638.271816320717 671.4605012312531 60.83511137962341 6565.960452653468 1200.72051744163 78.22934659570456 13.69217468798161 3.006684817373753 0.1213592514395714 0.1238092556595802 0.7521827220916748 1.668351233005524 0 0.2563056647777557 0 0.3059373199939728 1.815972208976746 0.1514718383550644 2.972346588969231 0.5838616788387299 0.3058389648795128 940.0443061813712 69.45473191142082 4.42059863358736 0 0.2607567012310028 0.5775304287672043 4.234110713005066 0.4761044979095459 0.3745867758989334 1.111063554883003 2.004694364964962 3.940174825489521 0.3773533031344414 2.880151100456715 0.6129286140203476 0.8281073272228241 464.0245312154293 99.117262378335 3.569881536066532 2.238007880747318 9.469630390405655 0 0.141545444726944 0 15.85707179456949 41.28638200461864 174.7955292314291 550.8054370358586 37.22790191322565 64.20011012256145 1.095246821641922 1.853571593761444 0 201.9824644848704 35.04150733351707 21.74382884055376 28.63984906673431 8.927484646439552 2.53716553747654 1.433416686952114 4.744208306074142 3.317180797457695 0.1352789700031281 216.1531331166625 237.6040638163686 143.403443351388 134.088277220726 36.95886918902397 1.721229791641235 22.71675789356232 2.854757681488991 13.02628448605537 104.2275673449039 2.081846863031387 57.09117259085178 43.02351374924183 45.32686349004507 0.5511164665222168 10.68833915889263 1.276590369641781 3.186251938343048 3.033235497772694 1.181791193783283 2.30335958302021 3.556346639990807 314.1257203295827 0.9711329489946365 0 1.474572509527206 275.7681356817484 3.909012332558632 2.827573083341122 13.41330347955227 9.272318482398987 18.82645566761494 101.8622814416885 0 66.76406843215227 53.61561587452888 26.23788632452488 36.58939935266972 138.8638376444578 234.4217657446861 170.2720304504037 152.0501709133387 4.470844492316246 3.657539427280426 0.9203828275203705 1.047097116708755 0 0 0.301077589392662 0 0 0 0 0 0 0 0 0 0.3426105529069901 0.159021332859993 0 12.81527328491211 4.984623499214649 0 0 0 14.71064883470535 2.830436199903488 27.76337584108114 1.922786772251129 1.762578681111336 0 0 0.7980396151542664 3.674100860953331 2.199210166931152 1.56451290845871 0 5.325084298849106 17.78486207127571 3.927747711539268 1.605960965156555 0.2483018189668655 0 0.1388803124427795 0.2218089252710342 0.7198010087013245 0 1.992114529013634 1.64509405195713 0 2.353230372071266 2.53004951775074 97.43255339562893 5.408983215689659 3.589546352624893 0.1692069917917252 0.5839888751506805 0 0.2698090970516205 0.8079529255628586 1.375052869319916 1.063911825418472 141.6106418073177 1.388299837708473 0 0.3279685527086258 0.8868524506688118 26.11593025922775 5.432664945721626 8.964277967810631 4.217858463525772 10.28759913146496 13.3462116420269 7.596651211380959 5.770820841193199 3.264587730169296 0 0.2446440830826759 0.3762282133102417 1.227535679936409 1.812925457954407 0.1502934545278549 0.8596099019050598 60.78566715121269 7.124707087874413 6.790633223950863 564.9043496847153 184.4570190757513 1320.010587655008 418.8955901190639 1071.473069436848 187.5467421784997 54.43383298069239 178.0931426584721 45.87600462883711 3.252986900508404 34.99371647834778 5.968867711722851 71.37593993544579 2.928942576050758 0 7.580683976411819 5.6723572909832 1.076475709676743
338.4815025478601 537.2001965865493 4284.899610936642 4.370707631111145 32.94112636893988 0.7503274083137512 32.38250214606524 0 118.4172187969089 3.907291725277901 2104.795055307448 29.90127193182707 260.2737464085221 223.8768893554807 29.56729950755835 29.20884808152914 8.002488896250725 15.4850834980607 3.540209144353867 79.86607830226421 22.0725517347455 0 35.54135236889124 3.931185707449913 6.714866459369659 19.10067842900753 1.179650396108627 3.083141475915909 0.7124852389097214 0.1243585497140884 855.6401435211301 2730.55506349355 55.5872183740139 26.75341960787773 22.39726852625608 32.3970328271389 19.80976483225822 32.8126103207469 11.00337577611208 20.77415726333857 35.52144788205624 20.97207545489073 11.04330763965845 9.120870426297188 18.01204844564199 29.94139303267002 94.14940951019526 18.99680218845606 8.142356358468533 25.36443954706192 46.19186691194773 2.662317603826523 0.1710162311792374 1.123245276510715 1.849904105067253 4.092207536101341 34.63244730979204 138.4535121694207 7.476172372698784 5.011388905346394 191.7570855766535 94.71678511798382 24.69441413879395 580.9598021358252 4.464848503470421 9.015863366425037 8.829652443528175 32.68246387690306 101.5759682878852 153.3021362349391 46.11133843660355 10.96500147879124 0.1945474594831467 22.23319113254547 36.05341979116201 23.97848780453205 58.11975006014109 177.9112212583423 1230.158286705613 2682.894683934748 231.9046046435833 3889.171521104872 11.36136587709188 0.1231671497225761 11.81817322224379 3.99456112831831 41.82967830449343 0.1102233603596687 2.914143070578575 0 3.609930962324142 1.670206338167191 39.84311036020517 13.07890753448009 9.194657072424889 12.32435157895088 11.82868812978268 0 3.056258529424667 48.11783596873283 0.1058023124933243 0 0 0 0.1837413161993027 0 0 0.3833199590444565 0 0.2215072214603424 0.3972065448760986 0.2171308994293213 1.279108941555023 2.25409497320652 3.817748948931694 0.6848366111516953 1.086997792124748 0.1106836572289467 0 0 0 0.1568846702575684 0.1137763485312462 0 0 2.673884086310863 0.2297644466161728 0 0.3879582136869431 0.1445038467645645 0.3320717811584473 0.1208237782120705 0.5679513812065125 0 0.5978613495826721 0.5759846270084381 0 0 0 3.517432153224945 0.8971451818943024 4.972822606563568 3.557549066841602 2.917121812701225 1.377523548901081 1.044119492173195 1.73430335521698 0.8180194646120071 0 0 1.320258989930153 0 1.104112103581429 0 0.8809403851628304 5.371926710009575 0.2808360606431961 2.862520456314087 0 0 0 0 0 0 2.090726554393768 0.6361175402998924 5.179393008351326 0.4931135475635529 0 0 0.3552979528903961 0.1240378022193909 0.3389055132865906 0.5031559467315674 0 2.544044241309166 9.665728986263275 1.711160600185394 0 0.482820063829422 1.721611775457859 1.739345490932465 0.5705074220895767 0.7822298482060432 0 0.6201573610305786 0.7400769293308258 0.430230513215065 0.133351743221283 0 0 0 0 0.744671031832695 0 0.1172612980008125 0.2886695340275764 1.589647904038429 3.009013794362545 10.8059823140502 173.7277024462819 35.5534020960331 245.5717077180743 59.03496431559324 51.13394802063704 17.13461796939373 4.882106617093086 42.25620387494564 8.002741023898125 0.4858979880809784 5.84924179315567 0.6912315413355827 1.164541631937027 0.5667477771639824 0 0.3121621608734131 3.669694304466248 0.1244149953126907
29.41031468659639 1921.49855273962 1368.580114252865 20.92147736251354 7644.712791100144 2.178350761532784 1903.671201601624 118.4172187969089 0 145.4363890141249 1747.642384029925 15.55358357727528 1786.33576952666 1608.059312023222 30.15778364241123 6.43600807338953 0.2886692881584167 0 0 0 0 0 0.1615870893001556 0 0.194976732134819 1.177624188363552 0.1655269414186478 0.1572572290897369 0 0 76.85297831147909 13.33587136864662 4.925787284970284 0 0 0 2.647646054625511 0.1468686908483505 0.460110679268837 0.4024233222007751 0.5819914042949677 0.6013488993048668 0 1.67475338280201 0.3215035498142242 0.6808601468801498 123.86222153157 11.34867509454489 0.4617758989334106 0.5744972676038742 1.511058688163757 0 0 0 1.585879169404507 4.200529590249062 10.75816711783409 27.22162444144487 4.230342529714108 11.69260776787996 0.1246310696005821 0.6965253427624702 0.4550908505916595 26.07688296586275 3.884385384619236 2.361441664397717 2.3774244338274 1.21125603467226 0.2018371522426605 0.6013645306229591 2.298049539327621 1.328794538974762 0.19174425303936 15.12306101620197 18.51197566092014 30.8599516376853 45.73212067037821 16.7629866823554 0.6841026917099953 12.24822121858597 0.2336426973342896 2.372018799185753 7.410852007567883 0.8589679747819901 5.492813982069492 4.394480042159557 4.955880619585514 0.0965416207909584 1.83549240231514 0 0.233089417219162 0.2251830920577049 0.5140727832913399 0.7955239787697792 0.4747407138347626 76.12897326052189 0.2258631587028503 0 0.5369500368833542 6.858395516872406 0 1.022794127464294 3.461953312158585 0.9629214406013489 2.729725897312164 19.91730220615864 0 17.09219926595688 8.748327627778053 8.261299669742584 6.680588811635971 28.3652408272028 38.06280346214771 33.57014279067516 24.54828944802284 1.770310744643211 1.179246157407761 0 0.4057318866252899 0 0 0 0 0 0 0 0 0 0 0 0 0 0 0 4.44653557240963 2.714784726500511 0 0 0 3.134980857372284 0 5.587679915130138 0.6224198639392853 0.4278410673141479 0 0 0.2727788984775543 0.5885318517684937 0.3163019418716431 0.5301448106765747 0 0.6131426095962524 4.719987288117409 0 0 0 0 0.5585876703262329 0 0 0 0.6978443562984467 0.7664633691310883 0 0 0 12.64781136065722 2.432424247264862 0.8355724811553955 0.377192884683609 0.2269694358110428 0.3366973102092743 0 0.2639074847102165 0.1843197494745255 0.1927872002124786 31.31422211229801 0 0 0 0.1101947948336601 9.208290681242943 0 0.6712522655725479 0.5445376634597778 0.2889247834682465 6.981322541832924 1.076527714729309 0.641998678445816 0.2339153438806534 0 0 0 0.228157564997673 0 0.2749084532260895 0 12.82983174920082 1.72442564368248 0.8444259315729141 168.154813632369 32.13108015060425 302.449656508863 113.6605360656977 129.590880818665 44.55237141996622 11.92340400069952 72.59862407296896 7.270503625273705 1.216991573572159 8.669960893690586 1.42974241822958 11.01148986816406 1.215031415224075 0.3384425938129425 2.328369125723839 0.9303170964121819 0.4022960662841797
1954.282015137374 111.8428677096963 34.30862578749657 1716.18120187521 53.78437910974026 933.4849720001221 1638.271816320717 3.907291725277901 145.4363890141249 0 31.75507088005543 1785.999163746834 7288.204691931605 267.1956860125065 6.026447355747223 1.047402396798134 0.4570287019014359 0 0 0.1229708567261696 0.2756348550319672 0 0 0 0 0.1357787847518921 0 0 0 0 86.98839281499386 2.753332659602165 3.466420143842697 0 0 0 0.2501078844070435 0.6919791623950005 0.9420886188745499 0.1599533557891846 0 0.1131956502795219 0 0.3542042523622513 0 0 36.59449056535959 14.52899311482906 0 0 0.6606796011328697 0 0 0 2.005763806402683 5.537022173404694 63.66575963050127 150.7400271520019 7.853519909083843 9.378650516271591 0.1738323718309402 0.2605163753032684 0 19.34229562431574 6.033943057060242 3.155462719500065 4.738409750163555 0.7828592658042908 0.3889643922448158 0.1064528599381447 107.1556465476751 3.581467151641846 0 50.39801508933306 53.38508117944002 20.08022617548704 4.166008941829205 3.314120717346668 0.2125785648822784 1.274060264229774 0.3102535307407379 0.7120198607444763 19.474116332829 0.1206651106476784 8.964752972126007 6.328392125666142 6.273128360509872 0.1131014004349709 1.429698191583157 0.1358113884925842 0.2450245097279549 0.1491987407207489 0 0.359528124332428 0.1449965834617615 1181.081390827894 11.13347680866718 0 1.509803146123886 791.2643558532 0.8606187403202057 1.911516681313515 5.961506828665733 8.14827723801136 10.10438670217991 64.99116893112659 0.645958423614502 44.98620954155922 33.11039477586746 13.04268591105938 18.07747730612755 103.8888236284256 105.3839269429445 104.4577765762806 51.98081606626511 0.3480375558137894 1.832150593400002 0.4349900782108307 0 0 0 0 0 0 0 0 0 0 0.1272592842578888 0 0 0 0 0 16.86860184371471 0.986568421125412 0 0 0 4.960754156112671 1.141991496086121 13.3640975356102 0.1948584020137787 0 0 0 0 0 0 0 0 0.6211825013160706 6.42074516415596 1.033687472343445 0.8728964328765869 0 0 0 0 0 0.3718055486679077 0 2.431943878531456 0 0 0 34.94855490326881 5.083076328039169 0.4320499300956726 0 0 0.60172039270401 0.9200870990753174 0.902793787419796 0.3667045459151268 0.7892667651176453 46.21870232373476 0 0 0 0 19.37536904215813 0.2457364052534103 3.794829487800598 1.10711470246315 1.626055747270584 6.586369641125202 1.166240394115448 1.574228778481483 0.2565174102783203 0 0 0 0.134527400135994 0 0.1245172619819641 0.2933932542800903 24.81720599532127 3.210569635033607 3.404021181166172 113.1056366935372 14.78561142832041 148.2652914971113 35.59414917975664 1893.565340682864 24.32199389487505 5.272268489003181 18.61429037898779 12.18593838810921 0.3646096140146255 18.31966303288937 2.020569816231728 43.1570607572794 1.902277275919914 0.4151357114315033 0.9768343716859818 0.7483141422271729 0.9588448405265808
366.0382541269064 1907.739141017199 5366.452697120607 27.87550166249275 1261.901590354741 1.155186355113983 671.4605012312531 2104.795055307448 1747.642384029925 31.75507088005543 0 143.6600562483072 3141.815926656127 3275.535830438137 34.41738700866699 12.24439291656017 0.3702210262417793 0.1323145478963852 0 0 0.5674949586391449 0 0.1369291841983795 0 0 0.7255796194076538 0 0.2668274343013763 0 0 468.9487371966243 148.3481125757098 147.1968435198069 0 0.3359074890613556 0.7028573155403137 27.62036094069481 2.036942690610886 0.8836489170789719 2.268947422504425 1.897600501775742 1.247965291142464 0 2.270424954593182 0.1192917302250862 0.1063703671097755 130.5388129726052 12.64425983279943 0.8239987343549728 0.4106983840465546 4.817462794482708 0 0 0 1.209270060062408 6.500334106385708 23.95542933791876 88.23180953413248 5.980272211134434 8.755482390522957 0.5572251230478287 1.770909309387207 0 54.07106840610504 4.556159108877182 3.144045293331146 3.978030480444431 2.374190747737885 4.508381821215153 3.841712318360806 89.77784223854542 2.891611278057098 0 25.32431793957949 33.74146644771099 39.52157673984766 54.33064012974501 28.57733584195375 52.25795616954565 121.9698939025402 0.2900013625621796 28.76508129388094 14.09675548970699 0.3033163249492645 6.751253515481949 4.530764639377594 6.666038192808628 0.1216291710734367 1.783710233867168 0.1704064756631851 0.7300472036004066 0.4419178068637848 1.609295584261417 1.56677507609129 0.6618316024541855 34.51828008890152 6.503362908959389 0 0.6658188104629517 42.24889802187681 0.7769748568534851 0 0.3276595324277878 0 0.5283751338720322 6.33119224011898 0.4026698768138885 2.786232620477676 2.166928201913834 1.720703899860382 4.238545179367065 4.49175252020359 14.54245518147945 9.425659194588661 10.14906609803438 0.9460084289312363 1.258402571082115 0 1.556967467069626 0 0 0 0 0 0 0 0 0 0 0 0 0 0.2434106022119522 0 1.905862703919411 0.1670032292604446 0 1.455385215580463 0 2.126115694642067 0.9016208648681641 5.536433666944504 0.375267431139946 0 0 0 0.23525170981884 0.2613745182752609 0.5084083378314972 0.4954164624214172 0 0 0.5698297172784805 0.4367790520191193 1.155281960964203 0.176100417971611 0.09563939273357391 0.2999376803636551 0 0 0 0.1398264914751053 0.4935993850231171 0 0 0.3919337019324303 14.02314561605453 0.382369726896286 0 0.491554319858551 0 0.265998438000679 0 0 0 0 12.06080352514982 0.3284261375665665 0 0 0 1.302332118153572 0.1304018050432205 1.362768888473511 0.4855849668383598 0 2.047738164663315 0 0.6523071229457855 0 0 0 0 0 0 0 0.1176741421222687 5.148184403777122 0.9008636325597763 2.285935394465923 157.9914600774646 24.73376449942589 299.651977866888 107.5655616372824 89.15869972109795 36.18929222226143 6.567230463027954 57.3157074674964 9.489313177764416 1.313221551477909 3.051943473517895 1.089120753109455 6.405598670244217 0.5151391327381134 0 0 3.184552565217018 0.2173578590154648
6.223801180720329 11.18911582231522 18.58436188101768 105.4568184316158 4.257738649845123 221.9402526319027 60.83511137962341 29.90127193182707 15.55358357727528 1785.999163746834 143.6600562483072 0 1109.71637134999 217.7702419757843 24.89087887108326 16.69393856823444 3.676707409322262 0.1751458197832108 0 0.1204779446125031 0 3.318036183714867 0 0 0 0.5859221965074539 0 0.3710950016975403 0 0.1173731461167336 8.225610226392746 7.697668433189392 140.4148650094867 0 0 0.4847617298364639 160.7633974999189 0.6111654341220856 23.84451821446419 4.651133596897125 1.134379521012306 0.4004923775792122 0 4.324160069227219 0 0.8659333884716034 47.25453685224056 3.067423358559608 0.1635204702615738 0.4965774714946747 4.5955461114645 1.960481747984886 10.43606431782246 0 1.371630951762199 2.096500441431999 12.5062600299716 10.78094580024481 1.594238542020321 1.98775489628315 2.114680297672749 9.697675362229347 0 20.50822209566832 1.740466214716434 1.44294711202383 0.7803300842642784 1.00057615339756 1.528206743299961 3.320720374584198 455.6265870630741 61.60960139334202 0.8820104226469994 9.5249168202281 10.38208336383104 9.800300143659115 14.04621013998985 31.69172928482294 0.2397493571043015 102.503240890801 5.210039675235748 24.93769752979279 5.950459539890289 0.1613175570964813 3.0218346118927 0.7592199146747589 1.772599324584007 0.7664673775434494 1.500671833753586 1.366522923111916 0.2433840185403824 0.3163540959358215 2.950431823730469 0.5910885035991669 1.409540414810181 3228.415320314467 121.6541251391172 2.827899545431137 62.99215057492256 100.3724928349257 2.783416330814362 1.427326112985611 8.595239758491516 4.616435065865517 11.26817029714584 91.11063015460968 1.222323283553123 73.09895561635494 37.45511420071125 25.39490416646004 22.81084259599447 150.3355740830302 234.8695897385478 214.0233545526862 137.2758630812168 4.90373507142067 6.610049732029438 0.3258781731128693 0.712611198425293 0 0 0 0 0 0.2942679822444916 0.1665273606777191 0 0.11684899777174 0 0 0.145838126540184 0 0 0.1059559658169746 17.59242613613605 6.529247187077999 0 0.1906046867370605 0.4508179724216461 36.97023905068636 5.512497194111347 54.36046077311039 7.058612354099751 0.8038681820034981 1.801438212394714 0.1735109835863113 0 5.197204634547234 1.812898837029934 1.292586892843246 0 4.977817833423615 20.06763637810946 1.472966015338898 1.596959635615349 0.1519445329904556 0.3941258192062378 0.3251697272062302 0.3446921706199646 1.170790478587151 0.687060222029686 0.7254896610975266 3.466161452233791 0 1.514483079314232 3.958291858434677 99.74742238968611 9.74860941618681 0.5207133591175079 0.875764861702919 1.361963175237179 1.657928809523582 0.739876963198185 2.964747101068497 1.381222732365131 1.632585883140564 163.384233430028 6.02929562330246 0 0.2963286191225052 0.2478068843483925 26.48997740447521 2.539101786911488 16.46482679247856 1.663591295480728 18.12892169505358 11.88290958106518 8.500863365828991 5.192454405128956 1.439177148044109 0 0 0 0.8976837918162346 0 0.3382441028952599 0.4227657467126846 73.0932007804513 16.9030013307929 23.05697839707136 228.1531364247203 14.29836171120405 153.3309520110488 53.41558583080769 533.738782979548 12.14423961192369 3.049639992415905 69.18873879313469 46.11557089537382 2.867583446204662 64.29878874868155 3.092913553118706 63.90176516026258 4.167413108050823 0.1741495728492737 11.4674950838089 1.883324697613716 1.088107898831367
42.01656959950924 898.1026845946908 727.7736983820796 930.4824269115925 868.6328796446323 142.1442145854235 6565.960452653468 260.2737464085221 1786.33576952666 7288.204691931605 3141.815926656127 1109.71637134999 0 2238.918523535132 124.3436049073935 46.904690541327 5.632578134536743 0 0 0.6421528235077858 1.606158919632435 0.5795622617006302 0.5851485878229141 0.1482312679290771 0.9322033822536469 1.673806607723236 0.5771505460143089 1.59208944439888 1.11773905903101 0.1832581907510757 58.93527556955814 23.33872170001268 496.4631541594863 0 0.2423537373542786 2.579617947340012 199.1412779390812 4.492160797119141 16.40832881629467 30.44774607568979 2.672251343727112 3.123262405395508 0.1045549288392067 7.373207487165928 0.1323221623897552 0.1457254588603973 217.1710260510445 17.2411225810647 1.418154627084732 0.742508590221405 8.725546956062317 2.266842618584633 4.334925144910812 1.789426326751709 2.069212362170219 8.503829039633274 16.92323102802038 35.39290032535791 5.393509715795517 14.2515480145812 2.390893906354904 6.873023189604282 0 54.37997837364674 6.268779337406158 3.453505605459213 5.619665168225765 3.783270172774792 6.198429733514786 6.596528835594654 675.4828183427453 41.33238646388054 0.7347819060087204 25.14967134594917 29.36060194671154 64.55904745310545 86.1934472322464 109.106101244688 4.919659525156021 393.0650082528591 5.895247593522072 30.76868511736393 13.27672780305147 1.182373635470867 8.951027438044548 7.024857975542545 7.753305546939373 0.3999784588813782 3.795477114617825 1.28247594833374 1.575176641345024 2.526389673352242 4.269941434264183 2.454943761229515 1.38991017639637 2512.608966164291 81.70723243057728 0.3557955324649811 26.10522421449423 90.63762086629868 3.093201875686646 5.212379068136215 20.26181867718697 11.49455578625202 28.76106883585453 166.7565305456519 1.568721622228622 117.1362501457334 92.42047537863255 52.37873423099518 54.16783879697323 237.4180215969682 417.6088291034102 291.8807260021567 218.6976524144411 8.714047722518444 9.213169544935226 0.713265672326088 0.3599089831113815 0.1607619225978851 0 0.5905094146728516 0 0.4443934857845306 0.4346832036972046 0.1335712969303131 0 0.6701527833938599 0.7310533970594406 0 0 0 0.5794486328959465 0 24.84788974374533 16.03785708546638 0 0.1853822767734528 0.3568866848945618 33.9628149420023 5.507085852324963 52.0189448222518 3.901608899235725 0.7234917730093002 0.4318035393953323 0 0.5802514106035233 5.386817365884781 3.026086241006851 2.715699590742588 0.7639273703098297 6.360106527805328 33.25565999001265 2.338878758251667 1.783508822321892 0.5129850134253502 0.1507759541273117 0.4700993150472641 0 1.137965440750122 0.1534994393587112 1.508774653077126 7.034038603305817 0 2.861474983394146 4.224979482591152 140.2422073632479 12.25358553975821 2.281426295638084 1.527526080608368 1.283882535994053 1.972282141447067 1.051772326231003 3.331707648932934 1.146862052381039 2.903919950127602 276.9200155586004 4.787190273404121 0 0.2915565893054008 1.276713095605373 46.33730071783066 3.061749771237373 19.48817870020866 7.810298591852188 12.17953665554523 14.6162084415555 8.257859468460083 8.509455412626266 2.25981355458498 0 0 0 0.5295461714267731 0.3594014942646027 0.8034511804580688 0.5669198781251907 131.9248185604811 25.12521411478519 23.20854967832565 540.2683697417378 69.2687785550952 574.459488414228 261.2348167151213 472.632799513638 73.38458681851625 25.41396892815828 173.213585473597 54.81861202418804 4.402442380785942 74.17812506109476 9.125062011182308 104.0425211489201 4.387089677155018 0 10.37828493118286 10.56558282673359 0.5626667886972427
