0 4370.832289107144 592.0410031378269 402.8186336010695 669.3972984626889 27.35725870728493 465.1883277446032 58.25213104486465 255.4300091043115 438.5294660180807 621.2353627085686 18.45453085005283 249.7460962533951 533.5760198533535 0.7710010558366776 0.711817279458046 0 0 0 0 0.1527531296014786 0 0 0.4889509379863739 0 0.1026050448417664 0 0.2801855206489563 0 0 252.8728047609329 0.7694678008556366 1.580187723040581 0 0 0.1762278228998184 0.1614392995834351 0.433579295873642 0 0 0.6840662434697151 0.3795122653245926 0 0.1474772989749908 0 0 18.70619640499353 4.3697439879179 0.1266923546791077 0.8070704340934753 0 0.2846202850341797 0.3408934772014618 0.1689880043268204 0.3516960591077805 2.475347228348255 452.4695541337132 840.1866794601083 38.18261785805225 5.166880175471306 0.1167765334248543 0 0 2.403317518532276 3.21278090775013 4.280442453920841 1.036492072045803 0.3893652781844139 0.5249291509389877 0.9953613579273224 4.260134562849998 1.565818637609482 0.3966523110866547 127.3914426937699 8.57262409478426 5.949120864272118 3.396269679069519 0 0.3811392784118652 13.87157625705004 0.2934320569038391 4.173847481608391 9.642665378749371 0 3.965522952377796 3.818463489413261 1.734942048788071 0.8210706859827042 1.259450063109398 0 0.3707210794091225 0.1223217695951462 0.7134589105844498 1.821709893643856 0 21.89185270667076 2.37115141749382 0 0.5600820332765579 1263.435600601137 0 0 0 0 0 6.369602590799332 0 0.1491542011499405 9.455634132027626 0.5614902973175049 0.3021830320358276 0.8092724978923798 1.425791770219803 1.682623371481895 1.311531111598015 0 0 0 0 0 0 0 0 0 0 0 0 0 0 0 0.1015973389148712 0 0 0 0 0 0 1.039025366306305 0 2.966850616037846 0 0.9599823504686356 0 0 0 0 0 0 0 0 0 0 0 0 0 0 0 0 0 0 0 0 1.189111292362213 0 0 0 1.609734997153282 0 0 0 0 0 0 0 0 0.2704201936721802 2.226595550775528 0 0 0 0 0 0.5474029630422592 2.273582696914673 0 0 0 0 0 0 0 0 0 0 0 0 0 0 0 0 21.42318406701088 2.879277020692825 67.02570395171642 16.46451723575592 351.1164179220796 35.43659770488739 0.9411025494337082 5.129848398268223 0.3710849285125732 0.3209155648946762 0 0.7419675588607788 1.709864735603333 0 0 0 0 0
4370.832289107144 0 1074.18666934222 206.4844700545073 4289.977599158883 56.86382520198822 2727.21349529922 223.0228916928172 1785.014325097203 285.3755879402161 814.0454374700785 26.17585380375385 695.3890347406268 939.1266363188624 2.361187726259232 0.4571586400270462 0.759523831307888 2.360845632851124 0.2757003158330917 0.4434275180101395 1.707842722535133 0.1538591086864471 0.1611578911542892 1.11343777179718 0.5932786166667938 2.702729791402817 0.1347077190876007 1.517896376550198 0.4996484518051147 0 2799.237903699279 20.02222613245249 15.83660659193993 0 0 0 4.367732062935829 0 0.2829756662249565 0.6897147595882416 2.583142846822739 2.138961270451546 0.3839878141880035 0.7775460630655289 0 0.09911777824163437 173.5590951293707 72.59848364442587 6.108734138309956 3.692361928522587 4.53387176990509 0.1149934828281403 0.1504450887441635 1.098322160542011 3.721389278769493 20.79273298382759 272.8825564980507 1007.468548469245 53.17095647007227 37.71780819445848 0.6277210935950279 1.295091733336449 0.6499934792518616 30.49224292486906 23.50773433595896 36.79726673662663 10.95159461349249 1.700862489640713 1.866379216313362 2.210268169641495 15.57441803812981 0.3983773291110992 0 424.8699913173914 145.7564273700118 123.7097427099943 21.04781436175108 1.086076073348522 7.652889177203178 85.56569757312536 0.9569259285926819 15.56438659876585 79.76758183538914 0.1630328148603439 41.15058517456055 38.22443423420191 18.07997334003448 0.09968061745166779 10.36817332357168 0.1171035766601562 5.403368055820465 1.134242840111256 1.423992589116096 8.535816632211208 5.500663846731186 4.124030739068985 0 0 0 1650.641996219754 0 0.6800097823143005 0 0.2119579911231995 0 68.56978005170822 0 5.936064600944519 23.96761903166771 6.94342003762722 1.213087975978851 14.48425593972206 8.732347548007965 8.795739561319351 16.09297409653664 0.3088895082473755 0 0 0 0 0 0 0 0 0 0 0 0 0 0 0 0 0 0 2.439853012561798 0.4259025454521179 0 0.2879307568073273 0 6.376711830496788 0 6.390107020735741 2.743211820721626 1.420426875352859 0.2828087359666824 0.2035762220621109 0 0 0.8777405023574829 0 0 0 1.476783573627472 0 0 0 0 0 0 0 0 0.7525360584259033 0.8590550422668457 0 0 0.375368058681488 16.4469535946846 0 0 0 0 0 0.1517964899539948 0.1323147863149643 0.2962839007377625 0.2698757946491241 20.05528652667999 1.617874711751938 0 0 0.1231401115655899 1.003614619374275 1.427823543548584 7.139494091272354 0.2738712131977081 0.2506320476531982 0.4049989283084869 0 0 0.3339361622929573 0 0.2037541270256042 0 0.2276506647467613 0 0 0 3.974604696035385 1.612498790025711 2.105030179023743 154.3414000943303 29.75623541325331 612.0806886479259 93.21633151173592 446.2023174539208 132.2718267217278 6.315577074885368 58.00793181359768 3.325870670378208 0.4952441081404686 6.28244523704052 0.4569706246256828 5.128633350133896 0.7792463228106499 0.1324855834245682 3.598802089691162 2.29361230134964 0.3213393092155457
592.0410031378269 1074.18666934222 0 2.411768265068531 384.2432107701898 0 115.3813389092684 1982.984579794109 1676.97865664959 1.352063998579979 5296.387973517179 0.1726859211921692 264.0113187134266 1549.692732490599 15.37142861634493 5.464759491384029 2.873812094330788 6.6893075928092 0.8393348753452301 12.30075207352638 48.88075116276741 0.306718111038208 0.9154849350452423 7.640345439314842 0.1282298415899277 7.727003395557404 0.4843625649809837 3.129391960799694 0.6564733237028122 0 4202.702633455396 306.3128300383687 8.866661235690117 0.4222379326820374 0.1419605016708374 1.010335512459278 2.247768618166447 1.020032688975334 1.222452186048031 1.024144850671291 55.6693371757865 27.49059136211872 14.44623986631632 7.850810952484608 4.197750225663185 25.05785150080919 162.3721260726452 45.97813947498798 8.331980049610138 37.63876516371965 5.141397602856159 0.1186685040593147 0.5150206834077835 10.48402778059244 1.882467977702618 11.17219866812229 158.3688680231571 847.7150766998529 32.4685674905777 28.01731185615063 95.29283608496189 3.340908452868462 0.8306880220770836 418.2492182403803 13.34720079600811 22.52586475759745 6.616998389363289 18.52029866725206 138.9562151134014 231.9884413257241 2.074673071503639 0 0.1326664835214615 274.5607564374804 178.934405952692 121.2127511054277 81.84831783175468 34.47756876796484 277.2143567278981 1095.141178123653 307.2416769042611 714.6619741544127 49.2140831053257 0.2150068432092667 22.61004026979208 22.96491168439388 118.9456368461251 0.2362478002905846 6.415973015129566 0 3.851841904222965 1.235267631709576 59.83917348831892 22.32266295701265 10.32840885221958 0.7131118625402451 0 0 0 395.9113434255123 0 0 0 0 0 1.664619788527489 0 0.825720801949501 0.1714591085910797 0 0.1647637933492661 1.992722973227501 0.3560390919446945 1.080814301967621 2.443612083792686 0.6001415252685547 0 0 0 0 0 0 0 0 0.1425158679485321 0.2637055814266205 0.3817214071750641 0 0 0 0.2374188303947449 0 0.2227612137794495 0.1553724557161331 0.3823452293872833 0 0 0.3412508070468903 0 2.30088759958744 0.68565334379673 1.329275831580162 1.563531920313835 0.449513241648674 0.501656137406826 0.7291523665189743 0.1218986511230469 0 0 0.1683459579944611 0.3318300545215607 0 0.2738910019397736 0 0 0.3479962199926376 0.1805524230003357 2.078721508383751 0 0 0 0 0 0 0 0 4.907810516655445 0 0.8496794402599335 0 0 0.3904640078544617 0.162417009472847 0 0 1.448735229671001 3.261185437440872 0 0 0 2.539669550955296 1.25824511051178 0 1.589611887931824 0 0 0 0 0 0.1899895668029785 0 0 0.2057995647192001 0.8097307085990906 0.4690325260162354 0.134386733174324 0.1393960267305374 0.4091735333204269 0.5620557516813278 1.981479808688164 107.2523626834154 21.71848639845848 364.8671380355954 57.47567694634199 75.90848087519407 67.43021025508642 4.387569047510624 39.28532796353102 1.791322715580463 0 2.37467260658741 0.6906058341264725 1.45094907283783 0 0.1193559989333153 0.4077275320887566 4.972753308713436 0.1341226100921631
402.8186336010695 206.4844700545073 2.411768265068531 0 41.01383550465107 322.9062232226133 1380.56376157701 0 354.8754776269197 2271.585562899709 2.997935466468334 66.37076403200626 1626.35080896318 89.52631462365389 0.1914061158895493 0 0.4216927886009216 0.4144963100552559 0 0 0.3035127520561218 0 0 0 0 0 0 0 0 0 54.25476897507906 0.09653417766094208 0.4661004096269608 0 0 0 0.4715235531330109 0 0 0 0 0 0 0 0 0.1163385584950447 31.74261866509914 19.12271925061941 0.6535188853740692 1.570705190300941 0.9951665475964546 0 0 0.2159251421689987 2.326971627771854 7.174828693270683 70.25620952993631 112.4134030342102 13.33201631903648 9.490083061158657 0.1262818276882172 0.6573557406663895 0 3.715807840228081 5.75548791885376 7.278253681957722 2.540484808385372 0.2963548749685287 0.4726315438747406 0.5077001452445984 2.043726682662964 0 0 112.5326657369733 31.8800099119544 21.76196126639843 1.824114069342613 0.1168518289923668 0.124055378139019 0.9699133709073067 0.1149061098694801 0 27.08078222721815 0.1172471567988396 8.381315045058727 10.41823429614305 6.921104028820992 0.1144798249006271 2.311961814761162 0 0.8378329053521156 0.2538639456033707 0.3346107453107834 0.7321519628167152 0 33.84222511947155 0 0 0 168.8824727386236 0.4534885585308075 0 1.507147312164307 0 0 35.98823487758636 0 2.521754547953606 31.66194693744183 4.068346485495567 0.5486325025558472 10.83154325187206 4.795914173126221 7.383185610175133 5.211117267608643 0.468790203332901 0 0 0 0 0 0 0 0 0 0 0 0 0 0 0 0 0 0 0 0 0 0 0 3.42313751578331 0 2.397775933146477 0.2964266538619995 0 0 0 0 0 0 0 0 0 0.1804254204034805 0 0 0 0 0 0 0 0 0 0 0 0 0 1.853674083948135 0 0 0 0 0 0 0 0 0.1815036982297897 6.958514988422394 0 0 0 0.2623279094696045 0.1803106069564819 0 1.215921819210052 0 0 0 0 0 0 0 0 0 0.2960092127323151 0.1212785318493843 0 0 2.082429632544518 0 0.2427431344985962 32.19115220755339 7.993008859455585 146.847898028791 19.19920844584703 1159.036649547517 32.39330723881721 0.9047362059354782 4.626362018287182 0.1327686011791229 0.134682834148407 1.845008075237274 0.56549172103405 2.077061414718628 0 0 0.1828652322292328 0.3472960591316223 0
669.3972984626889 4289.977599158883 384.2432107701898 41.01383550465107 0 0.8320724070072174 847.3650024086237 21.19030159711838 4186.892763204873 198.0853946506977 524.8818854764104 4.771315574645996 488.326748535037 1893.112256735563 2.4460194632411 1.311698608100414 2.065656803548336 2.25835332274437 0.8014872223138809 0.9290982782840729 1.761098861694336 0 0.277357429265976 0 0.1147924363613129 3.557594537734985 0.124239444732666 2.468380331993103 0.3324669897556305 0 271.3323243111372 11.3127254396677 14.44948256015778 0 0 0.2004979401826859 6.344222486019135 0 0.4802397638559341 0.1734339743852615 1.639421612024307 3.359318017959595 0.1132411733269691 0.6502237766981125 0 0.1231342777609825 196.7697886452079 53.23752779513597 5.853922583162785 4.332091324031353 3.206605836749077 0.2113724946975708 0 1.39768324047327 1.206099480390549 10.20263363420963 54.31940231472254 149.9301025867462 10.19952420145273 32.83349669724703 0.5201684609055519 0.5957657992839813 0 31.47212139517069 10.44151043146849 19.59340997040272 5.838191650807858 1.351999327540398 1.154739290475845 1.536266967654228 19.81934878230095 3.392115145921707 0 156.0438462868333 94.57253521680832 115.5984813049436 28.81277016550303 1.42462482303381 0.1473534107208252 13.24456088989973 0.7413677871227264 1.721804708242416 33.18347880989313 0.2171545326709747 24.5289209485054 18.56821373850107 13.90670860558748 0.1081831827759743 6.984869793057442 0 4.265595681965351 1.198463454842567 2.472157746553421 9.418845094740391 3.028915449976921 20.43212340772152 0 0 0 88.94810072332621 0.6627181768417358 0.2874699234962463 0.680751621723175 1.016227662563324 0.5312541425228119 30.72111397981644 0 11.61114966869354 7.858219608664513 13.81077887117863 3.602667346596718 49.651237860322 20.56712800264359 28.73684705793858 56.80820505321026 0.726674772799015 0.6737489998340607 0 0.7472198009490967 0 0 0 0 0 0 0 0 0 0 0.8220974206924438 0.09957217425107956 0 0.1762526482343674 0 8.879366755485535 0 0 0 0 32.54272851347923 2.349240958690643 18.75640785694122 4.815302595496178 1.671275854110718 0.1325226426124573 0.2760521173477173 0 0 0 0 0 1.238252937793732 0.9678704291582108 0.5818926393985748 0.2428914606571198 0 0 0.1614905893802643 0 0.3581459820270538 0.1220514476299286 0 1.852380305528641 0 0 1.385456323623657 34.86863462626934 1.773736000061035 0.3113528192043304 0 0 0 0.5772961005568504 0 0 0.60338194668293 59.47230063378811 0 0 0 0 6.955183550715446 6.005747944116592 18.63820880651474 3.86122652888298 2.340723678469658 1.046974509954453 0 0 0.09618861973285675 0.4343883395195007 0 0 0.1113283857703209 0.1107125803828239 0.1674405187368393 0.4513287246227264 9.591707170009613 3.501322373747826 7.259475886821747 235.3160914555192 27.67971166968346 562.5786990001798 92.64111085236073 153.6336067244411 96.5327500924468 4.651723630726337 85.78324283659458 9.162160657346249 0.349077507853508 11.78543044626713 1.223206907510757 12.72264643013477 1.498055264353752 0.2697673216462135 1.209437042474747 4.90954052656889 0.3707718849182129
27.35725870728493 56.86382520198822 0 322.9062232226133 0.8320724070072174 0 80.21428471803665 0 20.01676867902279 486.118714928627 1.268259078264236 96.43764469027519 152.5148889422417 25.19842293858528 0 0 0 0 0 0 0 2.686262041330338 0 0 0 0 0 0 0 0 0 0 10.31240427494049 0 0 0 6.954445481300354 0 1.046741962432861 0 0 0 0 0 0 0 0 0 0 0 0.2990100979804993 29.44797545671463 6.16703037917614 1.103394195437431 0 0.1414901316165924 492.4540326446295 3.802156552672386 1.770240157842636 0.2855892777442932 0 0 0 0.1508477330207825 0 0.1565013527870178 0.4885359108448029 0 0 0 127.4898669272661 107.6408175528049 6.180077195167542 2.324246883392334 0 0 0 0 0 2.535578966140747 0 0 0.2048646360635757 3.360535576939583 0.3247833549976349 1.682736575603485 0.1416447758674622 13.91708780825138 5.562999933958054 23.5260818451643 1.404443129897118 3.916092336177826 0 0 0 221.6830134987831 71.05219613015652 14.77647671103477 6.763998746871948 776.2456396222115 0 0 0 0 0 1.130265206098557 0 0 0.8936292082071304 0 0 1.301883816719055 1.503740012645721 0.5253569483757019 1.325360745191574 0 0 0 0 0 0 0.3006633520126343 0 0 0 0 0 0 0 0 0 0 0.7139320522546768 0 0 0 0 0 0 0.2462746649980545 0 0 0.7328879237174988 0.5206286311149597 0 0 0 0 0 0 0 0 0 0 0 0 0 0 0 0 0 0.5539407730102539 0 0 0 0 0 0 0 0 0 0 0 0 0 0 1.482920855283737 0 0 0 0.3599971532821655 0 0 0 0 0 0 0 0 0 0 0 0 0.382151335477829 0 0 0 0.4879156053066254 0 0.2270857989788055 8.117032989859581 0.4995768070220947 2.199806377291679 0.1191248968243599 294.0840598195791 1.69034543633461 0.7122694253921509 0.8415660858154297 0 0 0 0 0 0 0.2584119141101837 0 0 0
465.1883277446032 2727.21349529922 115.3813389092684 1380.56376157701 847.3650024086237 80.21428471803665 0 1.673714578151703 793.2720750123262 2396.773003518581 20.49019350111485 174.0844255983829 6584.3056659922 448.723375402391 2.861825838685036 0.6934253945946693 1.492824107408524 2.459118291735649 0.3229088485240936 0.8134669065475464 1.168418452143669 0 0 0.2125517576932907 0 2.629610389471054 0.1661244928836823 2.980679199099541 0.8147231340408325 0.5728444382548332 148.1580672636628 4.313444301486015 15.11232180893421 0 0 0.1235585808753967 7.674077361822128 0 0.8353343307971954 0 0.9280660450458527 3.510615199804306 0 0.1919299513101578 0.09664872288703918 0 189.8296542838216 67.38700678944588 4.253378719091415 3.861386738717556 4.474311336874962 0 0.6130360066890717 2.681160144507885 1.652651771903038 14.62526345998049 94.45650267601013 201.609492816031 24.92362478375435 45.41453528404236 0.612407885491848 2.179690077900887 0 26.61554475128651 17.95059403032064 29.05852454155684 7.752949215471745 1.850546173751354 2.082427278161049 3.386368826031685 35.51482890546322 1.10174472630024 0.1892588883638382 261.8157762363553 131.1079902276397 134.3162128999829 26.39915505051613 0.9171909391880035 0.4148279279470444 5.879752047359943 1.351331353187561 5.478092089295387 61.80333345383406 0 32.88209041953087 30.9112753123045 21.68573272228241 0.1002185642719269 9.197723686695099 0 7.689544960856438 2.015063710510731 3.867744840681553 6.3849156498909 6.496835969388485 163.7937268465757 0.1805128753185272 0 0 92.24847266077995 1.04952235519886 3.507844775915146 4.457370594143867 0.9832510650157928 0 56.49342469871044 3.002447843551636 25.94624285399914 35.21960189938545 39.82189266383648 5.340384960174561 102.0819284319878 64.90732029080391 64.48834110796452 69.4648778885603 1.950769066810608 0.3884935304522514 0 0 0 0 0 0 0 0 0 0 0 0 0.2856520116329193 0 1.286679074168205 0 0 4.213073551654816 0 0 0.5721659660339355 0 35.36664132773876 2.601707011461258 28.15754015743732 4.403350263834 0.488331213593483 0 0 0 0.1627223193645477 0.63516765832901 0 0 3.108906045556068 2.2226532548666 0.4939872622489929 0 0 0 0 0.8766379654407501 0 0 0.3352051377296448 1.501908540725708 0.9974183440208435 0 3.099359452724457 43.69070200622082 4.002944424748421 0.4963085055351257 0.2886234223842621 0.253542073071003 0 0 0.1151754409074783 0.11821199208498 1.033837899565697 96.32736578583717 0 0 0 0.6273201406002045 8.080070614814758 3.369754642248154 19.67231288552284 2.066559493541718 1.993511512875557 0.8481448218226433 1.803232178092003 0.1680214256048203 2.030392125248909 0 0 0 0 0.2655270993709564 0 0 29.24511237442493 3.569858714938164 8.247943162918091 219.9925005212426 40.4119495600462 583.0581579953432 101.4737904295325 651.5660497248173 129.1028407365084 3.390877336263657 69.46225868165493 17.102917984128 0.6742241084575653 14.95362267643213 1.216534651815891 18.61235097050667 3.438764959573746 0.3067559450864792 1.841097079217434 4.878262303769588 0.2702768743038177
58.25213104486465 223.0228916928172 1982.984579794109 0 21.19030159711838 0 1.673714578151703 0 43.62486129254103 0.1031112149357796 1995.160118862987 0 38.08704040199518 281.9213584065437 16.39944164454937 11.42837154865265 9.3004110455513 49.70997725427151 7.560555770993233 67.16703602671623 199.2815624475479 0.468732163310051 3.109490022063255 13.43595486879349 0.6255975663661957 16.20942591130733 0.2552108615636826 7.687896363437176 0.6938922181725502 0.12696772813797 1114.124957099557 765.1563101857901 11.72702273726463 1.310254707932472 0 0.6604106575250626 0.7288442850112915 0.5776005536317825 1.197893097996712 1.271984122693539 135.0500653758645 80.571418389678 78.55446577072144 105.3253928944468 40.11940886825323 230.6009784042835 210.7128538638353 58.26577609777451 24.22497396916151 189.8305188789964 6.071903221309185 0.9037722051143646 0.5643229559063911 24.96590012311935 1.551662065088749 6.133922316133976 67.72580853104591 266.5336719825864 14.64477136731148 34.29178088903427 623.3151870444417 6.667051889002323 3.40036890655756 555.2033778652549 9.659561507403851 25.17020547389984 5.891628608107567 45.98960876464844 568.5421480536461 767.7747639045119 1.735583931207657 0.9524397253990173 0 189.1505794674158 262.0233110636473 185.1002202704549 707.961053557694 1100.356043189764 2322.584558688104 1541.1641074121 2553.37457292527 2570.759237244725 34.97080289572477 0 22.03264913707972 14.99911203235388 448.5882091149688 0.1044621989130974 3.276846654713154 0.09811653941869736 4.053032442927361 1.665244296193123 199.6491127982736 50.49297501891851 33.69539333879948 0.9242877513170242 0 0 0 68.23832391947508 0 0 0 0 0 0 0 0 0 0.2453390955924988 0 0.2230803817510605 0 0.5541322231292725 1.150382921099663 0.2092801481485367 0 0 0 0 0 0 0 0 0 0.1519447565078735 0.2817657589912415 0.8003750741481781 0 0 0.2523496150970459 0.4701356440782547 0.2790313512086868 0 0 0 0 0 0 1.332336232066154 0 2.648690074682236 2.311613239347935 0.9802297055721283 0.5431410819292068 1.229129813611507 0.3068782985210419 0 0 0.2514115571975708 0.9276854619383812 0 0.3648388385772705 0.1945055723190308 0.1979256570339203 0 0.1803849637508392 3.337758876383305 0 0 0 0 0 0 0 0.5552271008491516 2.038008749485016 0 0 0 0 0 0.1440612822771072 0.2828640788793564 0 7.359399177134037 2.291377112269402 0 0.1517112106084824 0.3206234574317932 4.605098284780979 0.2426634877920151 0.3817983269691467 0.4112704694271088 0 0.7184385061264038 0 0 0 0.1655453443527222 0 0 0 0.4242566302418709 0.4117625653743744 0.1129092276096344 1.096471399068832 0.1482734084129333 1.048169404268265 2.368126407265663 106.998368114233 21.86104020476341 360.7278936877847 54.66534682363272 46.72990782558918 43.47352329641581 2.434585921466351 36.77677328884602 2.145485810935497 0 0.9253322184085846 0.239461824297905 0.8164024353027344 0.1059822514653206 0 0.344734899699688 3.484056308865547 1.026634067296982
255.4300091043115 1785.014325097203 1676.97865664959 354.8754776269197 4186.892763204873 20.01676867902279 793.2720750123262 43.62486129254103 0 722.7898008674383 1401.279969386756 28.08124423027039 2049.726094596088 2272.827192366123 10.62889466434717 1.720645315945148 3.749379180371761 3.488515101373196 0 1.165946736931801 3.150582611560822 0 0.2275418937206268 0.7153226435184479 0.8713403940200806 5.74650888890028 0 4.90832931548357 1.400044947862625 0 171.9632146134973 12.52473398298025 50.57462941110134 0 0 0 18.60987627506256 0.2067015618085861 0.5098682194948196 0.3804254233837128 3.97773402184248 4.643045529723167 0.7975153475999832 0.5913831293582916 0.2433336228132248 1.101402074098587 270.7402013614774 46.27198251336813 6.836118601262569 3.277176901698112 3.610160306096077 0 0.3490337133407593 2.553078353404999 2.127658531069756 7.513599738478661 48.74878364801407 100.3280676454306 11.65210998803377 43.282859608531 1.765655286610126 2.602589786052704 0 34.12909813970327 6.731363601982594 17.95531352609396 5.428865522146225 1.735509619116783 4.825667418539524 5.781439036130905 54.4366827532649 4.863008096814156 0 150.7716542780399 90.88042731583118 163.1251098290086 63.48542687296867 2.816990926861763 1.881064057350159 42.09677413851023 2.854172371327877 24.39575981348753 34.45647589862347 0.280823677778244 18.45029835402966 15.5854954496026 16.80067541450262 0 3.850335754454136 0.1216675639152527 6.828722655773163 1.763798281550407 5.861995048820972 10.22076749801636 4.49272620677948 134.670586258173 0.8223570585250854 0 1.05413843691349 51.74006390571594 4.863293766975403 5.142868518829346 13.49969030916691 1.734582185745239 1.431310012936592 110.2442683577538 3.229523807764053 63.16288067400455 29.87315745651722 70.37448112666607 16.94189245998859 246.2094220668077 138.7691252678633 124.019342944026 199.2946680039167 2.572691798210144 0.8241503238677979 0 0.8968213498592377 0 0 0 0 0 0.1231602281332016 0 0 0.1378091722726822 0.5309846252202988 0.262144148349762 0 0.2964132726192474 0 0 21.37839950621128 2.737178325653076 0 0.6193661689758301 0 95.70900781452656 5.139764711260796 56.8971958309412 21.93358601629734 0.9401904791593552 0.3346561118960381 0.7265930846333504 0.3095159828662872 0 0.3300283849239349 0 0.1342146694660187 1.954958900809288 6.089872822165489 0.9293027296662331 0 0.1735649704933167 0 0.8198545053601265 0 0.8443782925605774 0.3251349553465843 2.148059219121933 7.749475568532944 0 3.994146764278412 1.674294948577881 152.0217526853085 6.372961163520813 0.443955734372139 1.519078083336353 0.4207603707909584 0 0.4064049124717712 0.2684450894594193 0 0.4526562243700027 211.241614356637 0 0 0 1.061652354896069 24.41904713213444 11.01759321987629 40.26907779276371 4.592951133847237 11.21979267895222 5.053623959422112 1.024418547749519 0.4352363795042038 1.395598508417606 0.1136969849467278 0 0 0.09856410324573517 0 0.8968725204467773 0.7878594398498535 46.04451729357243 10.34162917733192 22.30312265455723 514.7644978016615 42.59710440784693 723.5077980458736 151.3011932447553 364.321597635746 132.9621107503772 4.809537135064602 205.5167874097824 29.46441688388586 1.071459606289864 35.66679383069277 1.705969855189323 56.61224003136158 5.90076257288456 0.1134482100605965 6.55695629119873 11.38512468338013 1.424302324652672
438.5294660180807 285.3755879402161 1.352063998579979 2271.585562899709 198.0853946506977 486.118714928627 2396.773003518581 0.1031112149357796 722.7898008674383 0 2.506852820515633 1719.936434417963 10088.73563030362 319.0004161596298 0.4483385682106018 0 0.1205886974930763 0.3773797750473022 0 0 0 0 0 0 0 0 0 0.6218841224908829 0 0 29.74081597477198 0 0.2112070024013519 0 0 0 0 0 0.2298524081707001 0 0.1914296895265579 0.4641854166984558 0.1465694606304169 0 0 0 24.90794824808836 10.67677434533834 0.711917869746685 0.2824952453374863 0.9605854675173759 0 0 0 0.4974218159914017 3.27681365609169 108.0852755606174 49.68904942274094 9.442455016076565 5.885160058736801 0 0 0 2.277001358568668 3.440817140042782 4.545287922024727 1.149928987026215 0.3572898134589195 0.3096323907375336 0.4554014801979065 34.62721088528633 0 0 60.46103908121586 20.61851318180561 15.42892523109913 3.026641480624676 0.2681117951869965 0.1112915650010109 1.752603605389595 0 1.443829864263535 12.85515311360359 0 5.295796662569046 5.878563411533833 2.127192996442318 0 1.504295408725739 0 0.4532039389014244 0.6980991289019585 0.1256236582994461 0.9980801418423653 0.4074471592903137 498.0708294808865 0 0 0.3045975565910339 579.524846047163 3.791376531124115 12.89525082707405 5.987525254487991 2.365534141659737 0 86.62378136813641 1.000289037823677 38.3599124699831 29.25131514668465 42.06377731263638 5.014630228281021 137.0201202183962 100.5722783356905 94.25854517519474 48.73762081563473 0.2810571044683456 0.1637048572301865 0 0 0 0 0 0 0 0 0 0 0.2754974961280823 0.169165313243866 0 0 0 0 0.2031735330820084 5.016013279557228 0 0 0.3599399924278259 0 17.10383236408234 0.4686939716339111 6.289578124880791 2.788366571068764 0.1567222476005554 0.224915087223053 0 0 0 0 1.755153298377991 0 0 1.952703416347504 0.3258159607648849 0 0 0 0 0 0.7796167731285095 0.08614814281463623 0.8415030241012573 2.879783660173416 0 0 0.1894320845603943 21.74218185245991 0 0.4596148431301117 0.1496065706014633 0.686287634074688 0.2034571915864944 0 0 0 0.342386856675148 71.22964197397232 0 0 0 0 3.515399634838104 0 0.8947196304798126 0.4477894902229309 0.6989894360303879 0.5059582591056824 1.052214056253433 0 0.1851208359003067 0 0 0 0.18339504301548 0 0 0.1232447773218155 25.21885286271572 0.3842632472515106 1.663459420204163 80.5719348564744 3.11933621019125 92.56991297006607 12.87546569108963 2169.175732806325 21.91288740932941 0.2834055721759796 6.126542992889881 5.54190382361412 0 4.609716713428497 0.4494606852531433 29.11339838802814 0.1574379950761795 0 2.360073745250702 0.832756981253624 0
621.2353627085686 814.0454374700785 5296.387973517179 2.997935466468334 524.8818854764104 1.268259078264236 20.49019350111485 1995.160118862987 1401.279969386756 2.506852820515633 0 11.58154937624931 1143.956735521555 3664.390365183353 68.59869143366814 33.36396807432175 10.56174685806036 7.010987736284733 1.332418903708458 3.618785947561264 19.19192712754011 0.3005664348602295 1.423343598842621 6.292550027370453 3.116849362850189 38.21065432578325 2.103349663317204 14.52644887566566 2.21832712739706 0.2972891330718994 1038.709766343236 78.70551484078169 309.9304222986102 0 0 32.91369650512934 169.6715050935745 17.1730258539319 32.39690719544888 24.59476257860661 69.4748894572258 81.52092800289392 2.657222807407379 6.700858131051064 0.8211586028337479 2.842120721936226 486.227065384388 65.3658272176981 12.86174531280994 11.10889387130737 6.869135722517967 0.4467875957489014 0.7340394407510757 10.07805774360895 2.035703241825104 15.27669695019722 89.47781579196453 323.436999283731 16.75140389800072 58.94611176848412 14.68014805018902 19.22819754481316 0.1572204381227493 70.71663718670607 17.37846457213163 28.04688173532486 6.735320888459682 8.897341758012772 36.7752828374505 105.180520452559 80.86811868846416 9.771820291876793 0.4251829236745834 253.6500075533986 160.9222477972507 301.8056781217456 185.8997396454215 18.76505255699158 203.7543341517448 748.7422180250287 32.57878006249666 729.3177853450179 53.99486503005028 0 29.46353418380022 24.19403272867203 45.48733138293028 0 6.529103882610798 0 9.952446080744267 4.575421065092087 60.46389365941286 51.84964638948441 27.67759735137224 27.19621442258358 0.5211544036865234 0 1.029173761606216 173.3196172863245 1.164462625980377 1.817855775356293 1.064236715435982 0 0 12.24924895167351 0.2380577176809311 10.03057210147381 5.06663504242897 10.01135490834713 4.526132255792618 34.06812971830368 13.92372259497643 21.13803046941757 49.65445883572102 0.437897264957428 0.8242748081684113 0 0.455971747636795 0 0 0 0 0 0.2464557886123657 0.2707950249314308 0 0.7171727418899536 0.2792237997055054 0 0.3617832139134407 0.8328325599431992 1.088065072894096 0.4732697457075119 5.108181998133659 0 0 1.384983241558075 0 43.80984576046467 4.952512755990028 25.79604461789131 21.33351384103298 2.692714527249336 1.166856296360493 1.255268834531307 0.2737014591693878 0.1478402018547058 0 1.07893243432045 1.757158741354942 1.765820741653442 3.88258621096611 0.1437225937843323 0 0.4446056187152863 0.4651558399200439 3.908125475049019 0.5862538516521454 0 0 1.796072095632553 4.302350163459778 0 1.128247916698456 1.539534628391266 63.06719225645065 1.991355150938034 0.4781154841184616 0.1212522983551025 0.261712335050106 0 0.5339685082435608 0 0.827530100941658 3.236630693078041 79.23431426286697 3.181201308965683 0 0 3.8842688575387 4.431508868932724 3.779828488826752 29.04720318317413 2.471546769142151 2.716770306229591 1.094784274697304 0.9223836958408356 0.1375202536582947 0.6029692590236664 0.1379390954971313 0 0.1311955153942108 0 0.6438714861869812 0.1200723797082901 0.7665742188692093 9.099536061286926 10.44484283030033 17.4555152207613 648.7524221688509 63.24656140804291 997.4764890745282 182.5354410782456 218.0036211237311 129.7253256514668 5.473530851304531 225.5935724154115 17.9525394141674 0.7077255323529243 14.821732185781 2.765380814671516 20.14314152300358 5.115780919790268 0 2.828740790486336 22.06649010628462 1.452510073781013
18.45453085005283 26.17585380375385 0.1726859211921692 66.37076403200626 4.771315574645996 96.43764469027519 174.0844255983829 0 28.08124423027039 1719.936434417963 11.58154937624931 0 2362.197861164808 56.4160164296627 3.621549516916275 1.641534201800823 0.443797841668129 0.1771146655082703 0.1928213089704514 0 1.184644639492035 0 0 0 0 0.6330620497465134 0 0.1416653990745544 0.4697778224945068 0 0.7076590061187744 0 1.858710005879402 0 0 0 5.168005958199501 1.138580441474915 1.602229714393616 1.619038969278336 0.6479799598455429 3.664842754602432 0 0.7279199063777924 0 0 14.42531732469797 1.630582742393017 0.1355136185884476 0.2697117626667023 0 0 0 0.194692850112915 0 0.433849573135376 6.662928596138954 0.7360387444496155 0.3398787379264832 2.164334841072559 0 0.2881997227668762 0 0 0.2990130558609962 0.3441612794995308 0 0.6162992566823959 0.2937561273574829 1.886378213763237 18.95890852808952 7.079871967434883 0 3.167675755918026 0.9088141396641731 6.189876243472099 3.444413110613823 0.5518321245908737 0 1.817855060100555 0.1917606443166733 3.860174790024757 0.3750702068209648 0 0.1280186623334885 0.4425149038434029 0.5206782966852188 0 0.2103213667869568 0.2730200290679932 0.2718018740415573 0 1.464360058307648 0.4968604445457458 2.533911928534508 1210.734364435077 0.8615431189537048 0 0.3729505240917206 51.33767941594124 3.30274024605751 7.823415726423264 4.028958141803741 1.983451917767525 0.1878079175949097 90.92255082726479 1.189894318580627 54.42875753343105 25.690842628479 53.99791505932808 10.3439339697361 169.5110691636801 100.4994198828936 141.9428209662437 119.4398379772902 1.26370595395565 0.2746351212263107 0 0.2174165099859238 0 0 0 0 0 0 0 0 0.1333430409431458 0 0.1265712082386017 0 0.4167137295007706 0 0 17.11430634558201 0.1912467628717422 0 0 0 65.13187067210674 0.5774744153022766 28.06474488973618 10.18697294592857 0.8463723808526993 0 0.1972122490406036 0 0.5190893113613129 0 0.4371212422847748 0 1.616147451102734 5.055852741003036 0.2692721262574196 0 0.1860044747591019 0.2644653022289276 0.5556169301271439 0.4176886677742004 0.4459947943687439 0.4046362563967705 3.213880285620689 4.91096693277359 0 0.5285592079162598 0 71.94998280704021 2.167804449796677 0.6451174765825272 0.6334529668092728 0.7623878866434097 0 0 0.1184038370847702 0.1539017409086227 2.235411152243614 194.1587128937244 1.275026708841324 0 0 0 11.40010906755924 2.460357323288918 11.36138506233692 6.798033744096756 1.787025205790997 3.99668038636446 0.8111190646886826 0 0.9502248018980026 0 0 0 0 0 0 0.147388219833374 47.94006590545177 9.382665127515793 10.25038774311543 69.97293643653393 5.39568692445755 37.02071397006512 7.546216413378716 419.3396921902895 2.891194373369217 0.439733199775219 13.06392238289118 12.23985536396503 0.3311949968338013 15.98504747450352 1.099084466695786 20.01417592167854 2.567556887865067 0.5177686810493469 2.909673944115639 1.012337118387222 0.1225980222225189
249.7460962533951 695.3890347406268 264.0113187134266 1626.35080896318 488.326748535037 152.5148889422417 6584.3056659922 38.08704040199518 2049.726094596088 10088.73563030362 1143.956735521555 2362.197861164808 0 4196.182066455483 49.69187027961016 20.79094696044922 7.377987399697304 4.468408584594727 0.6000193431973457 2.241789877414703 9.836019232869148 3.054805785417557 1.074499696493149 2.255508735775948 0.220893032848835 10.08688022196293 0.6921900510787964 7.260229028761387 3.603685542941093 0.7757320255041122 65.90144652873278 3.305706478655338 281.8511305004358 0.3281756341457367 0.1330077797174454 3.248474583029747 146.8823803961277 10.73475280404091 50.86576820909977 18.04488884657621 23.05660077184439 37.4610593020916 1.164047524333 2.626100830733776 1.440501928329468 1.276820674538612 274.6139447689056 21.71100246906281 8.212301969528198 5.735505148768425 2.233564376831055 1.963108345866203 10.06843554973602 7.111307568848133 0.1219225004315376 5.666041329503059 32.10876098275185 39.20386286824942 7.257196441292763 27.57716807723045 4.03177610039711 6.348566189408302 0.3306529521942139 7.333396799862385 4.356775522232056 9.577330447733402 2.917033955454826 6.087066352367401 17.42566061764956 47.01606383919716 632.6053249314427 47.7114350348711 0 77.0824463814497 39.9450835287571 142.5691726356745 98.80437781661749 8.588535763323307 0.9763689339160919 86.34336618334055 6.993749737739563 110.2488553002477 14.73814012855291 0.1540249735116959 9.450370639562607 8.696063563227654 20.74165864288807 0 2.124585874378681 0.3341499418020248 5.138400137424469 2.950754754245281 21.24905897676945 23.09487772732973 13.32919215410948 3076.283355742693 3.843219682574272 0 1.693402618169785 116.8514843210578 9.880882367491722 18.4906619489193 27.06619630753994 4.657019928097725 2.497094586491585 300.6103079319 6.792020335793495 172.1408564895391 111.346087411046 209.8178483396769 32.47228170931339 616.6033578515053 431.8499417901039 422.9560822546482 496.1187123507261 5.511904075741768 2.410941869020462 0.7442295104265213 1.081515908241272 0 0 0 0.1612680554389954 0.776373416185379 0.2197064012289047 0 0.3972511291503906 1.45306807756424 1.059571802616119 1.448282539844513 0.1991862058639526 1.163404226303101 0.7418365925550461 0.4862799495458603 55.18074391782284 2.353880181908607 0 2.648417845368385 1.269917666912079 256.3273417428136 6.944208920001984 152.5351215824485 36.92898811399937 4.504554472863674 0.7895296663045883 2.090918533504009 0 0.8156423717737198 0.261814296245575 0.4279516637325287 1.063824757933617 7.163904964923859 18.3859551101923 6.612884238362312 1.564394071698189 0.1663004159927368 1.966619342565536 1.375421538949013 0.356370709836483 1.918255850672722 0.6662115976214409 6.175784051418304 20.39634023606777 0.301500529050827 1.869764983654022 3.2495296895504 310.7665843069553 10.06182996928692 4.232817396521568 1.435303017497063 0.9058023244142532 0 1.401952251791954 0.2670794948935509 0.1657989770174026 3.66678436845541 876.2965825945139 10.60294084250927 0 0 1.535861313343048 48.65066537261009 18.41033254563808 81.10539025068283 13.17950779944658 17.90731373429298 7.476078599691391 5.40362186729908 2.097736530005932 2.624409005045891 0 0 0 0.2925383299589157 0.7867042347788811 0.3462558835744858 1.590775027871132 217.430935099721 66.41693200170994 46.35974310338497 747.5936741679907 64.61840315908194 613.3251164481044 131.212176002562 1089.579759933054 87.67667343467474 5.537790901958942 258.7052742987871 48.28505742549896 3.248570755124092 72.75173908472061 6.552943781018257 109.5022825449705 16.33334641158581 1.354658871889114 10.69878250360489 24.89811601489782 1.259891778230667
