0 4415.577218823135 432.6426218003035 2392.09651863575 447.840872593224 212.2074009627104 1012.511122003198 25.67712698876858 66.38212802261114 880.7494216561317 203.1629729121923 15.00258262455463 156.3602773174644 18.26617453247309 1.225865192711353 0 0.1315358132123947 0 0 0 0.1256494075059891 0 0 0.2234918028116226 0.6257694661617279 0 0.122485913336277 0 0 0 1016.196379974484 3.282492637634277 5.370190300047398 0 0 1.168241754174232 2.005870878696442 0.9546697437763214 1.613904401659966 0.9018401652574539 0.4674995914101601 0 0 1.261006496846676 0 1.696355052292347 16.43830182403326 1.827657945454121 0 0.1105990186333656 0.10582534968853 0 0 0 2.300864189863205 0.547873392701149 73.5390846580267 901.6845097839832 7.199850454926491 20.33752588182688 8.367020271718502 7.639442406594753 0.2474753856658936 16.3938085436821 3.574413157999516 0.5433832854032516 1.858318246901035 0.3954798355698586 0.2661697044968605 0.2064386308193207 1.151160389184952 4.330278351902962 0.1057853698730469 124.5180071219802 46.93390517681837 22.61544137448072 8.253718733787537 1.781278163194656 1.448967508971691 18.38749831914902 2.622019991278648 17.92509309202433 8.179627776145935 0 2.963228181004524 2.245049856603146 1.72664100676775 0 0.3552069887518883 0 0 0 0 0.1222403049468994 0.1043773368000984 18.61097866296768 1.253894686698914 0 0.5369585156440735 1464.512584023178 0 0 3.803558610379696 0.7829249948263168 1.241533696651459 7.240548133850098 1.125861696898937 5.695029959082603 2.619464911520481 5.451080456376076 2.110034391283989 12.77485918998718 7.310952164232731 3.403040342032909 3.599463157355785 0 0 0 0 0 0 0 0 0 0 0 0 0 0 0 0 0 0 0 1.920483008027077 0.8621716275811195 0 0.2799888551235199 0 2.621133558452129 1.138375997543335 6.268648140132427 1.926036946475506 1.119523733854294 0 0 0 0.2578377425670624 0 0 0 0.9892256855964661 1.820109516382217 0 0 0 0.4998603016138077 0 0 0 0 0 0 0 0 0.1283068656921387 6.152407430112362 0.4225355088710785 0 0 0 0 0 0 0 0 3.486054688692093 2.607060015201569 0 0 0 4.215426437556744 0 2.348224252462387 0 1.167213082313538 0 0.525034487247467 0 0 0 0 0 0 0 0 0 2.55320056527853 0.1735254526138306 2.663732476532459 144.8230720460415 7.686679489910603 87.79071810096502 4.274861447513103 757.807754650712 49.703837685287 3.148205175995827 19.24847310781479 4.553916752338409 0.3603504300117493 0.6515860483050346 0.3566318526864052 4.523923292756081 0.1187269911170006 2.121888875961304 3.9741525426507 0.5121801346540451 0.4847424924373627
4415.577218823135 0 1210.802613042295 1101.855723790824 4312.052276700735 158.5232959836721 1931.863116040826 251.9238127246499 217.7378900051117 822.6451172381639 3077.619358696043 76.15733176469803 942.7403017953038 235.1911026909947 15.21274048089981 3.868282660841942 0.6032353639602661 0.4277928173542023 0.2925741374492645 0.4103879779577255 1.049236826598644 0 0.2379543855786324 0.7054192796349525 0.9832342192530632 0.603602260351181 0.5806507468223572 0 0.2085106521844864 0.7254797220230103 2952.913751296699 28.68627190589905 13.14189053326845 0 0.7041358202695847 1.235846281051636 3.60496474057436 2.901565499603748 0.8303797170519829 2.11078579723835 0.9692657738924026 0.6549650728702545 0.3403511941432953 2.682660311460495 0.3265790492296219 2.216073155403137 86.58415149152279 7.171475596725941 1.019316680729389 1.301248073577881 1.035268306732178 0 0.2075605094432831 0 4.263349838554859 2.202164493501186 10.43746873736382 550.0311680734158 7.426626868546009 34.44455630332232 7.223240375518799 6.058115497231483 1.878978572785854 76.97968994826078 9.481125347316265 2.583656691014767 3.674897931516171 1.589570991694927 2.070371523499489 1.227094657719135 4.07109909504652 11.58965634554625 0 129.8732258901 113.3677524253726 97.94411142915487 61.17737337946892 6.848512232303619 6.897829577326775 97.28873378038406 5.16490177065134 14.57019232958555 20.35926146805286 0.1876152381300926 8.432794280350208 6.195063196122646 7.08709978312254 0.1029859706759453 0.6570956185460091 0 0 0.2303943485021591 1.666511759161949 0.9221321493387222 0.5196705535054207 56.98244657367468 1.015712566673756 0 0.7728702127933502 1347.886171653867 0.3079962432384491 0.6704763174057007 5.59119126200676 1.833001650869846 4.884576752781868 31.83576706796885 2.283399641513824 23.55192846059799 9.817907683551311 15.41242399811745 9.265544272959232 53.18088265508413 30.46818877011538 24.41489335149527 18.87718531489372 0.4487590789794922 0.2951655983924866 0 0 0 0 0 0 0 0 0 0 0.1359688192605972 0 0.1576959043741226 0.1772555559873581 0 0.1917067468166351 0.1485925763845444 10.42345095425844 1.744437150657177 0 0.9882245808839798 0 7.789568647742271 0.7444227188825607 15.3379113227129 4.457944832742214 1.069511920213699 0 0 0 0.3421092629432678 0.1334991008043289 0 0 0.1099631041288376 0.3938252478837967 0.280890017747879 0 0 0.2000172734260559 0 0 0 0 0 0.972465917468071 0 0 1.339356854557991 17.58261800557375 1.333760388195515 0 0 0.1171109899878502 0.1050655469298363 0 0 0 0.1401642858982086 25.63904298841953 1.43723975867033 0 0 0.1111917123198509 7.536057658493519 1.920372553169727 4.89104987680912 0.5985263139009476 1.02788071334362 1.105510711669922 0.3673536777496338 1.96959912776947 0 0 0 0 0.09329394996166229 0 0 0 10.83934469521046 2.068627916276455 6.405234530568123 265.6767921671271 30.0701779872179 326.7589466795325 21.499766536057 536.876848615706 77.78809732198715 5.018415316939354 74.20403853058815 10.18843907862902 0.09984385967254639 3.280786924064159 0.8292499929666519 6.087001100182533 0.2414159253239632 0.08910243213176727 1.405886307358742 2.117732889950275 1.025373086333275
432.6426218003035 1210.802613042295 0 59.36727770417929 416.2295179516077 26.14286926388741 187.8965646326542 1774.681523881853 148.2339339405298 110.3970450237393 3002.992923408747 6.741454854607582 28.80166297405958 109.9753859862685 47.97726058959961 17.42093483358622 4.013209581375122 1.122947841882706 1.106287851929665 5.424093306064606 9.164868801832199 0 3.062352865934372 4.944511778652668 7.110069446265697 2.878922536969185 6.393120318651199 0.8222460523247719 1.402189441025257 1.415383346378803 3640.059556677938 629.9429000020027 52.81712384521961 1.220972441136837 8.295986741781235 7.774743601679802 9.815166085958481 11.97380796819925 2.884062923491001 5.56861724704504 10.50140852481127 3.744188003242016 8.605244234204292 5.132945373654366 1.788855023682117 14.28882602602243 106.4491435065866 8.641955196857452 6.325422376394272 15.13426423817873 2.835220254957676 0.728522464632988 0.2757331132888794 1.453022561967373 3.07126972079277 1.142496153712273 6.340797364711761 474.4104219228029 2.913040228188038 29.09293780475855 106.9477764368057 26.26349976658821 26.19266680628061 600.384084276855 8.113318160176277 3.458642229437828 4.486831843852997 6.073111914098263 13.66882381588221 22.9809412509203 14.18165646493435 37.05589061975479 0 99.71294387429953 307.5587359368801 102.9849582314491 158.9158475697041 49.78096719831228 561.5981302261353 1790.040649808943 106.9926717802882 507.4316970258951 17.56246946752071 0.1377742141485214 6.894039742648602 2.681907832622528 23.89773073792458 0 0.8086696639657021 0.4783535301685333 0.2938675582408905 1.238749943673611 7.232610426843166 2.833103947341442 2.161598868668079 27.83816239982843 4.911068089306355 1.11974024772644 0.240305669605732 350.5515160262585 0.2298813089728355 0.4101415574550629 6.986033141613007 1.121983781456947 6.026465468108654 27.04834762960672 2.460048243403435 25.27876208722591 7.744495250284672 13.76540353894234 8.727946497499943 45.14641886204481 23.52066716551781 31.66249339282513 22.43540086597204 1.041545115411282 0.7036886215209961 0.1005337685346603 0 0 0 0 0 0 0.3184237480163574 0 0 0.09636785089969635 0.1153132095932961 0.1017127111554146 0.2110545635223389 0.09749819338321686 0 0.2143362835049629 12.51061633974314 4.00666968524456 0 0.7164306193590164 0 13.66860911250114 3.047884121537209 22.8708456531167 8.116124451160431 2.550305858254433 0.3337104767560959 0 0 0.2671078741550446 0.5320623144507408 0.1073498129844666 0 0.6315303817391396 4.249315813183784 0.3866717219352722 0.1727591902017593 0 1.019093126058578 0 0 0 0 0 1.866292089223862 0 0 1.02106124907732 33.98754891008139 3.361324444413185 0.1013885214924812 0 0.1218522936105728 0.09028518944978714 0.09824036061763763 0 0 0 35.03030605614185 2.173234932124615 0 0 0.09917988628149033 14.37737677246332 2.086375445127487 12.34843065589666 0.5775425732135773 2.586925581097603 1.740247987210751 1.287474319338799 0.9677863344550133 0.08933316171169281 0 0 0 0 0.2940029501914978 0 0.09248728305101395 9.291734881699085 1.286187879741192 12.19049464911222 365.8492153957486 37.50070332735777 310.4769280999899 36.7724451944232 191.3975069969893 58.32410417497158 2.406341776251793 105.7427519410849 14.61322030425072 0.7821718007326126 2.62980505079031 1.1125233694911 8.486434899270535 0.97747852653265 0 0.5110369697213173 4.634894251823425 1.519812546670437
2392.09651863575 1101.855723790824 59.36727770417929 0 455.980331376195 603.5613532662392 940.2458259612322 1.328029617667198 459.0511354729533 2021.536968961358 5.645268209278584 110.1386461928487 1138.168095432222 77.74574184417725 0.4900546744465828 0.4195654094219208 0.2873034626245499 0 0.2956859767436981 0 0 0 0 0 0 0.3803485333919525 0 0 0.1006879284977913 0 155.1316656768322 3.525703214108944 0.7119230702519417 0 0 0.447201281785965 0.4987810775637627 1.144179217517376 0 0 0 0.114215150475502 0 0 0.2102802842855453 0.185117244720459 21.95812146365643 1.285496212542057 0 0 0 0 0 0 0.3933438509702682 0.07628495991230011 6.190931878983974 65.0983030796051 1.515750363469124 5.725276477634907 0.4239369258284569 0.9949679374694824 0 10.64270731806755 1.176999136805534 1.001725003123283 1.79437729716301 0.5058317705988884 0.1077746897935867 0 0.4259894490242004 1.407620787620544 0 25.92318737506866 21.54085737466812 18.4953460842371 8.168969258666039 0.7451917380094528 0.5227617546916008 0.9876583144068718 0.3138707876205444 2.000003971159458 5.321702904999256 0.122764840722084 2.049343973398209 1.285854555666447 0.9599414989352226 0 0.0959799736738205 0 0 0 0.3144508004188538 0 0 51.60624425858259 0.3352919816970825 0 0 267.417972445488 0 0 3.40978629142046 0.4471472203731537 0.8413574248552322 11.33621373027563 0.4376613646745682 9.340590350329876 4.055410049855709 8.394645348191261 2.131655313074589 18.24157044291496 14.08846817165613 7.172833606600761 3.849138393998146 0.3392633721232414 0.3069088459014893 0 0 0 0 0 0 0 0 0 0 0 0 0 0 0 0 0 1.450287953019142 0.5865075141191483 0 0 0 1.334545314311981 0.356635220348835 3.711034022271633 0.5507666319608688 0.3416866511106491 0 0 0 0 0 0.5838854312896729 0 0.4359647333621979 0.9595039784908295 0 0 0 0 0 0 0 0 0 0 0 0 0.2878487706184387 5.661589615046978 0.2659613192081451 0.1065281629562378 0 0 0 0 0 0 0 5.468428164720535 0.1385401487350464 0 0 0.1337087601423264 1.73233013600111 0.7298215627670288 0.4391239732503891 0 0.4363871887326241 0.3044399321079254 0.5549763590097427 0.4584804996848106 0.4333387166261673 0 0 0 0 0 0 0 3.823014363646507 0.2635537758469582 0.8255094364285469 105.9839913919568 6.563761353492737 78.48010963201523 3.729303948581219 872.3035523146391 20.57688076794147 1.205602988600731 17.81371850520372 4.665355257689953 0 0.8416148573160172 0.2996256947517395 4.860514730215073 0 0.09771433472633362 0.3050958886742592 0.4142126068472862 0
447.840872593224 4312.052276700735 416.2295179516077 455.980331376195 0 31.78602927178144 4478.451136603951 219.2683542519808 3517.531337246299 967.7414692863822 3725.388473756611 151.9654779359698 990.9529633298516 1596.176187977195 23.39111914485693 2.358483575284481 0.7836288437247276 0.5306495726108551 0 0.2860932350158691 0.6829371899366379 0 0 0.2424442321062088 0.9218819439411163 1.352949529886246 0.3591002151370049 0.4486187845468521 0.2210589721798897 0.2653895169496536 469.4323289617896 25.34142603725195 11.14561351388693 0 0.1232344433665276 0.8885102644562721 2.374991394579411 1.050430633127689 0.9066316112875938 1.060180701315403 0.2053356841206551 0.3795847147703171 0.3528773188591003 1.372636057436466 0.6298828274011612 1.916297756135464 101.4232228919864 8.069703534245491 0.7380296513438225 0.4149302393198013 0.8962597101926804 0.1652139872312546 0 0.6425287202000618 2.363530226051807 0.6466808840632439 2.124864660203457 59.44745104759932 3.942875973880291 26.34777415543795 3.189624510705471 4.325555622577667 0.6988860815763474 65.49515162408352 9.053655087947845 2.430328160524368 4.077771782875061 0.9264690950512886 0.9867105707526207 0.5525069460272789 5.144348070025444 10.95531085133553 0.1092563569545746 60.80921673774719 71.10444905608892 102.2740479260683 76.04339707642794 4.368526890873909 2.929261833429337 34.66428422927856 2.695842504501343 9.408839873969555 20.96698124706745 0 9.262673988938332 4.071835227310658 7.110536135733128 0.1788338646292686 0.748845249414444 0 0.3245193958282471 0.105592392385006 0.6260668039321899 0.3155462592840195 0.3881877735257149 176.698476433754 1.805161088705063 0.1568503230810165 0.216972678899765 74.27495469152927 0.6661183536052704 1.532932139933109 12.17740051448345 2.726439163088799 12.24315631389618 68.17084410041571 4.180177316069603 52.53280448168516 26.56989102810621 37.1628103852272 20.29592282325029 126.2587131932378 67.2889421582222 51.8269966095686 31.88472529500723 0.4038370549678802 0.5851022526621819 0 0.3322795629501343 0 0 0 0 0 0 0 0.1387187093496323 0 0 0 0 0 0 0 16.24455189704895 3.662917487323284 0 0.34825399518013 0 10.62577161937952 1.334673680365086 15.73717464506626 3.212344445288181 0.313857764005661 0.1018714681267738 0 0 0.2197646871209145 0.2958795577287674 0 0 0.7717522531747818 2.102308064699173 0 0 0 0.2268409058451653 0 0 0 0 0 1.334224380552769 0 0 0.944151796400547 28.6054574996233 3.514673143625259 0.1222242414951324 0 0 0.08706260472536087 0 0 0 0 46.11020404100418 0.6459245458245277 0 0 0 14.5841166228056 1.677293241024017 7.562114283442497 1.385815039277077 2.632618241012096 1.688524171710014 1.815730333328247 2.525437489151955 0 0 0 0 0.0712561160326004 0 0 0 30.08670619875193 3.779397018253803 6.975583873689175 220.4919999167323 38.21053162962198 311.9665931984782 24.84535780549049 182.9766405895352 63.47891696542501 3.480260007083416 58.36117678880692 14.16900996118784 1.001484602689743 2.177251264452934 0.5758349969983101 17.54402010142803 0.4026766866445541 0 0.5236810147762299 2.223704501986504 0.284667119383812
212.2074009627104 158.5232959836721 26.14286926388741 603.5613532662392 31.78602927178144 0 63.59588888287544 2.40898023545742 27.2967504709959 526.6820871010423 11.24728535115719 113.3734486550093 111.8828779011965 40.45045959949493 0.1676381975412369 0 0 0 0 0 0.175586923956871 0.7249427884817123 0 0 0 0 0 0 0 0 73.72968420386314 0.1248101890087128 20.08918122947216 0 0 0.4610713869333267 13.71987404674292 2.270811796188354 1.987270101904869 0 0 0 0 0.331905260682106 0 0 1.689840294420719 0.2215533629059792 0 0 0 0.3584526479244232 0 0 0 0 139.8942649811506 26.98721214383841 0.281984344124794 1.292700611054897 0.4034783244132996 4.49601474404335 0 1.512664087116718 0.2655205801129341 0 0 0 0.1382097899913788 0 41.63970890641212 38.29802687466145 1.778481289744377 5.420845098793507 3.700329475104809 1.539875462651253 0.7728221714496613 0.2272616028785706 0 8.444367617368698 0 2.829471215605736 0.1171271130442619 0.1569168418645859 0.09762950986623764 0.1705011874437332 0.2295715287327766 0.3297994434833527 0.3338681161403656 1.878164425492287 0 0 0 0 0 143.1442537754774 20.52929884195328 1.532649755477905 2.77512326836586 462.9440928399563 0 0 0.2552221715450287 0 0 0.854778528213501 0.1613369435071945 1.830223850905895 0.1657577455043793 0.5317401513457298 0.3266827464103699 2.17057915776968 0.5976258665323257 0.9625070989131927 0.5103358179330826 0 0 0 0 0 0 0 0 0 0 0 0 0 0.6271238327026367 0 0.1604969203472137 0 0 0 0 0 0 0 0 0.09323544055223465 0 0.1389667093753815 0 0 0 0 0 0 0 0 0 0 0 0 0 0 0 0 0 0 0 0 0 0 0 0 0 0 0 0 0 0 0 0 0 0 0 0 0 0 0 0 0 0.2288154363632202 0 0.1041003838181496 0 0 0 0 0 0 0 0 0 0 0 0.09481671452522278 0 0 12.8792589455843 0.6184414252638817 5.300644658505917 0.3073851317167282 202.1064395979047 2.198455259203911 0 0.8703664988279343 1.094567678868771 0 0 0 1.490918278694153 0 0 0.2560630738735199 0 0
1012.511122003198 1931.863116040826 187.8965646326542 940.2458259612322 4478.451136603951 63.59588888287544 0 13.4111795052886 1642.954744212329 1297.220352426171 123.7583166956902 187.8080399259925 1908.296141915023 490.9474144950509 15.92477300018072 1.772632166743279 0.5383609086275101 0.09979727119207382 0.5096493884921074 1.192571260035038 0.590767115354538 0 0.1170726418495178 0.2297670915722847 0.4060401916503906 0.8781145438551903 0.9467405453324318 0.3697356656193733 0.1055943742394447 0.20187908411026 471.6880989447236 45.10868482291698 6.129540257155895 0 0 1.379751421511173 0.7509957104921341 1.034840561449528 0.2291215807199478 0.9240558668971062 0.8231466189026833 0.4859898388385773 0.220526397228241 2.312806650996208 0.442528136074543 1.644718214869499 126.2289007976651 10.09995271265507 0.9134476482868195 0.8532845750451088 1.649204887449741 0.2404135391116142 0 0.1301378607749939 6.435657232999802 1.538446962833405 4.658712886273861 110.853355884552 8.495578922331333 37.90030114352703 4.958913587033749 6.955678626894951 0.237397126853466 98.81001229584217 12.92917800694704 3.839989945292473 9.222445789724588 1.960113108158112 1.097518742084503 0.873011626303196 2.050548531115055 7.582474112510681 0 103.2381212264299 117.5210579186678 140.5597396418452 81.90211648494005 4.406322374939919 3.406726501882076 11.26723323017359 2.449323244392872 11.32008892297745 31.66092835366726 0.2618413046002388 13.63115624338388 6.453231621533632 8.473236747086048 0.07764602452516556 0.9340997636318207 0 0.296470545232296 0 0.6122239530086517 0.892382800579071 0.4381076246500015 83.37983990460634 0.4242259860038757 0.1495510786771774 0 86.75917960703373 0 1.803587168455124 12.40547577291727 2.966129936277866 9.808022655546665 48.81400493532419 2.481274083256721 36.05126500874758 19.85662204027176 29.17205413430929 15.54321909695864 92.52913007885218 55.544493496418 33.94676975160837 21.62899675965309 1.205677904188633 0.6232409626245499 0.1051001399755478 0 0 0 0 0 0 0.212678387761116 0 0 0.1060648560523987 0 0.1754197180271149 0 0 0 0 10.82182410359383 2.83269527554512 0 0.1277080476284027 0.0912012904882431 9.166121691465378 0.5831697061657906 15.68823184818029 3.771214090287685 1.051068380475044 0.08845570683479309 0 0 0.7993253618478775 0 0.1847594082355499 0 0.2178261876106262 3.363066986203194 0 0.08846908807754517 0 0.1485786586999893 0 0 0.1011501476168633 0 0.7560189068317413 0.4313332587480545 0 0 0.3835282400250435 19.87085162848234 4.351401790976524 0 0.3098126798868179 0 0 0 0.0972808450460434 0 0 36.0874008461833 0.7475686371326447 0 0 0 9.824096024036407 2.21026361733675 8.160684905946255 0.4608574137091637 1.095913529396057 3.188742741942406 2.769748650491238 1.205700539052486 0 0 0 0 0.1181548312306404 0.09595606476068497 0.1340208649635315 0 19.34067768603563 2.180240325629711 5.712242133915424 296.2051837518811 44.8957904279232 451.1840961277485 27.2467754483223 317.2074086666107 96.26351599395275 4.589882209897041 78.02042272686958 12.80452840775251 0.1202186942100525 2.060306377708912 0.7882153168320656 13.24581836163998 0 0 0.4291265904903412 4.430654428899288 1.365039065480232
25.67712698876858 251.9238127246499 1774.681523881853 1.328029617667198 219.2683542519808 2.40898023545742 13.4111795052886 0 276.8273032605648 12.37764472514391 2073.06915255636 15.9801901653409 78.37642474472523 249.2195154055953 97.78185331076384 26.56392090022564 5.620018184185028 2.742594011127949 0.7839849963784218 8.087082765996456 22.33686693012714 0.3120513707399368 5.86356920003891 9.592483729124069 13.61268992722034 6.382895961403847 13.70344249159098 1.351817108690739 0.2355048060417175 2.897074557840824 310.4191663712263 707.7771625220776 38.09975880384445 5.607121422886848 15.34111869335175 15.28393050283194 8.518832057714462 12.19735334813595 5.995855048298836 9.197774276137352 22.85068795830011 9.679939188063145 15.74544545263052 8.549622394144535 2.699954479932785 24.05006773024797 190.7425753474236 13.81455863267183 9.579216428101063 28.46283659338951 4.202305972576141 3.207359097898006 0.224373571574688 1.857906721532345 2.032606527209282 1.002623103559017 1.054492972791195 40.73447680473328 3.503600209951401 28.91145945340395 280.5684047564864 29.4715474024415 60.09444386512041 225.7886317968369 5.727528862655163 3.502009399235249 6.42308397218585 11.93871559202671 23.53530407696962 46.78533279895782 10.7056081444025 20.21494017541409 0 62.67435354739428 128.112911939621 152.7012193873525 368.367862649262 94.97187381237745 1279.965303279459 2989.213950626552 317.4922958388925 1978.969362661242 18.54051897674799 0.1978839486837387 7.145930029451847 4.820488430559635 43.69995750486851 0.4445883110165596 1.234634190797806 0.6193254292011261 0.4879652708768845 1.322109788656235 17.57432891428471 4.373874612152576 4.606496140360832 36.26988819241524 3.037819884717464 0 0.4365479350090027 16.72588060051203 0.09540244191884995 0.9743265807628632 2.105166703462601 1.449053719639778 8.071488812565804 22.80926369875669 0.7908352762460709 15.60064294189215 5.070624753832817 8.658792167901993 4.183643728494644 36.94838481396437 16.44654718786478 21.20123289525509 13.82194231450558 0.3625532388687134 0.3902656137943268 0.1294812709093094 0.2127683386206627 0 0 0 0 0 0.1489503532648087 0.259859174489975 0 0.1300004869699478 0.2390637844800949 0.1151381954550743 0.1092818453907967 0.1647440642118454 0.2377553358674049 0.5504654794931412 7.368359245359898 1.828937619924545 0.1024532541632652 0.3627787381410599 0.4889836236834526 9.624228335916996 1.552140228450298 11.599349565804 5.44297593832016 2.604381494224072 0.4083104878664017 0 0.3093690127134323 0 0.1108499839901924 0 0 0.7772666811943054 2.541277967393398 0 0 0.1064501404762268 0.6589080840349197 0.4279395341873169 0 0 0 0 1.320897296071053 0 0 0.5616787150502205 17.6523891761899 1.581329651176929 0.180987685918808 0.5401111990213394 0 0.1917514503002167 0.3734144940972328 0.1403058171272278 0.09683007746934891 0 22.47916713356972 2.711671754717827 0.4313506186008453 0.2085942700505257 0.3227093145251274 6.892888508737087 1.445096679031849 4.197145067155361 0.1805401518940926 2.146113179624081 2.10633684694767 1.46244789659977 0.983086034655571 0.2541651129722595 0 0 0 0.3758247867226601 0.1179266571998596 0.1275201290845871 0 5.598267301917076 1.667992256581783 7.579471133649349 556.1314718425274 54.35452016443014 494.3961310386658 62.8235988765955 145.5631525367498 72.94761934876442 2.522612310945988 162.8633564189076 17.7174471616745 0.9514664635062218 3.567196629941463 0.7330040484666824 5.424833036959171 0 0 1.479618541896343 8.056014284491539 1.948962368071079
66.38212802261114 217.7378900051117 148.2339339405298 459.0511354729533 3517.531337246299 27.2967504709959 1642.954744212329 276.8273032605648 0 1644.523381024599 2689.715003594756 277.227710261941 2613.564411751926 4966.03228815645 26.97875121980906 3.674025222659111 0.5044538974761963 0.3349518924951553 0 0.566845215857029 1.045501381158829 0.303337462246418 0 0.159716933965683 0.3564926236867905 1.313924759626389 0 0 0.2214845046401024 0.5192226991057396 83.84811821579933 14.18166017532349 11.68598649650812 0 0.1688471734523773 0.3161867186427116 2.391769140958786 1.075362302362919 0.6100499406456947 0.1487532779574394 0.1054009348154068 0.4934312999248505 0.2374110296368599 2.212778151035309 0.5285260900855064 1.268481843173504 102.975810021162 5.898787915706635 0.7272892519831657 0.5742912217974663 0.9826740697026253 0.2064602896571159 0 0.3004943430423737 2.562998250126839 0.6528303995728493 1.920189529657364 20.31055607646704 2.232140772044659 19.9164675027132 2.267440393567085 4.696851052343845 0.6037269309163094 33.2908695936203 4.7383798584342 1.672875508666039 3.836788956075907 1.371109053492546 0.5980535373091698 0.2132513523101807 5.938923574984074 20.33868737518787 0.1129157468676567 45.43734138458967 46.54441538453102 85.1637335345149 86.15337222069502 6.877840802073479 2.603983409702778 21.62872567772865 2.528849549591541 10.99479506909847 17.13244101405144 0 7.557919278740883 3.81028538942337 5.532315738499165 0.1507550179958344 0.9342657774686813 0 0.119770459830761 0.0958833321928978 0.6581559032201767 0.2212924286723137 0.9508552327752113 406.6180939376354 2.106335289776325 0 0.08869931846857071 14.45219930261374 0.5360733196139336 3.717078238725662 24.487598747015 7.703574746847153 20.74057238548994 133.6810549199581 6.900012940168381 93.53137560933828 49.81644470244646 75.84932401776314 35.46981152892113 223.016916051507 130.8194093704224 102.1113796010613 50.17936058342457 0.8275291994214058 1.431463040411472 0 0.09316885471343994 0 0 0.09210068732500076 0 0 0.1192055270075798 0 0.1027899533510208 0.1253809481859207 0 0 0.3056914508342743 0.1087621375918388 0.3773711323738098 0.1145400106906891 21.52940732985735 6.175438143312931 0 0 0.179543174803257 20.8386432826519 2.006083935499191 27.79042658209801 9.526175446808338 0.8616010770201683 0.135361835360527 0.2361532002687454 0 0.5582281425595284 0.2450094744563103 0.2083264589309692 0 0.6367973834276199 5.565592564642429 0.1724534928798676 0 0.0749366283416748 0.4460355490446091 0.1775812953710556 0 0 0 0.8396078571677208 2.147253319621086 0 0.1835511028766632 0.175231471657753 45.52784848213196 5.847999408841133 0.100321851670742 0.3631666451692581 0.09853138774633408 0 0.09835077077150345 0.2063174694776535 0 0.2621999606490135 84.44872704893351 1.58580169826746 0 0 0 21.0831505432725 2.494074285030365 9.81456395983696 1.266652710735798 2.921754039824009 3.688709706068039 3.238542430102825 4.459310695528984 0.09698156267404556 0 0 0 0 0 0 0 60.05440506339073 5.442265436053276 11.26069217175245 303.6809006854892 33.6671945899725 307.4235667735338 22.34618277847767 170.2868095189333 55.21010430902243 2.944610424339771 78.28021467477083 20.79079364985228 0.5224481821060181 4.012627199292183 0.7500535920262337 28.03759571909904 0.5880979374051094 0 2.850039079785347 4.062109582126141 1.67335332930088
880.7494216561317 822.6451172381639 110.3970450237393 2021.536968961358 967.7414692863822 526.6820871010423 1297.220352426171 12.37764472514391 1644.523381024599 0 171.2473125085235 1895.603676013649 6171.645494505763 694.4939889460802 5.145783200860023 1.135000437498093 0.5338568985462189 0 0.3322293758392334 0 0.1938537210226059 0 0.129030853509903 0 0.1542084366083145 0 0 0.3524019420146942 0 0.3508395403623581 246.0144085809588 8.674837335944176 12.83120114356279 0 0 1.016344092786312 3.137455821037292 2.381758883595467 0.5989132300019264 0.3057594150304794 0 0 0.1026664972305298 0.7057127878069878 0 1.152453809976578 41.06392984837294 3.387175850570202 0.1225829347968102 0.09320474416017532 0.8156666606664658 0.1015361249446869 0 0.1882583796977997 2.430471040308475 0.3034397661685944 21.81624813377857 82.95913239568472 1.594283163547516 10.24074170738459 2.379803664982319 4.333157181739807 0.09415122121572495 20.26435517519712 2.058639369904995 0.9873786941170692 2.130320943892002 0.3878975212574005 0 0.6356647610664368 5.439701788127422 19.02018669247627 0 38.02428654581308 37.43761453032494 33.11719037592411 18.93400176614523 2.444921068847179 0.8770588263869286 15.28536576032639 1.051639586687088 7.482116043567657 10.07693750411272 0.2198795527219772 3.180539101362228 1.654947504401207 2.029484115540981 0.2325957417488098 0.3844623640179634 0 0 0.4900674819946289 0.4052056446671486 0 0.188873752951622 711.0428502932191 2.964568898081779 0 0.1348923593759537 457.4846756160259 0.136258065700531 4.604724548757076 31.10704484581947 5.992708340287209 18.70827801525593 107.4123302847147 13.62972083687782 82.6471661105752 49.31946869939566 97.88078510016203 27.24946980923414 187.9776468873024 126.7906525433064 72.91260527074337 33.76034604012966 0.7564262896776199 0.8881485313177109 0 0 0 0 0 0 0 0 0 0.2884293422102928 0.1843933314085007 0 0.1334540396928787 0.1648547798395157 0 0 0 21.15304905176163 8.342266425490379 0 0.4321405589580536 0.2081090956926346 16.51283215731382 1.617782339453697 28.0891131311655 6.846077747642994 0.7554749175906181 0 0 0.2095108330249786 0.5335883423686028 0 0.280540406703949 0 0.4885161966085434 9.312741741538048 0 0.1509348750114441 0 0.1467423290014267 0.2468194961547852 0 0.3468065559864044 0 0 4.054399907588959 1.109201490879059 0.1892940402030945 1.014256104826927 41.85408839583397 5.130959704518318 0 0 0.1134234964847565 0.4323659390211105 0.1034907847642899 0 0 0.1007592678070068 54.35407075285912 1.697033107280731 0 0 0 20.62755804508924 3.671381369233131 13.70860670506954 1.683788008987904 3.344765648245811 4.763798534870148 4.225393943488598 1.94543894380331 0 0.1302035450935364 0 0 0 0 0 0 53.54004091024399 3.890251971781254 9.153324201703072 405.9082955494523 14.28494799882174 173.5254435911775 11.6565854549408 1265.27416831255 47.28229582309723 2.086607553064823 63.93494734913111 19.06846388429403 1.65314245223999 2.891345165669918 0.8604955896735191 66.43949121981859 1.505788795650005 0 3.699151247739792 1.525652997195721 0.4829914569854736
203.1629729121923 3077.619358696043 3002.992923408747 5.645268209278584 3725.388473756611 11.24728535115719 123.7583166956902 2073.06915255636 2689.715003594756 171.2473125085235 0 410.4446336850524 1819.587992966175 4133.544335722923 58.03798827528954 15.10687188059092 2.133858747780323 0.9694359973073006 0.7240644916892052 1.655625402927399 3.156214788556099 0.5545293986797333 1.843514323234558 3.083050034940243 3.856433413922787 3.037561133503914 6.805846162140369 0.4429241046309471 0.8946512416005135 1.561580419540405 525.4437587410212 67.14418592303991 55.5454419106245 0.1396341919898987 5.302845068275928 7.039634808897972 8.21677028387785 14.52624749392271 3.349855817854404 3.811659932136536 4.221838250756264 1.417585879564285 1.287066914141178 1.761321105062962 1.332370519638062 3.437030367553234 125.8910242989659 9.217780709266663 3.237936310470104 3.001512385904789 2.873057998716831 0 0.265747644007206 0 3.122878380119801 0.9694043174386024 0.6022497266530991 44.48665840923786 2.683340229094028 22.47279032319784 20.16085943579674 7.853012308478355 11.66682888567448 67.68552239239216 7.964905433356762 2.738389998674393 5.164848081767559 4.668147921562195 5.365243539214134 5.279293745756149 19.97821949422359 37.4946773648262 0 47.21726287901402 60.47223200649023 112.9557950496674 154.5036938861012 17.78354225307703 33.23632480949163 406.3488041833043 10.75147239863873 72.48019810020924 15.2874686345458 0.2961997240781784 6.916673041880131 3.223159141838551 10.38134215772152 0.1683620288968086 1.035750098526478 0.7044482454657555 0.2885540798306465 0.231388583779335 4.260481812059879 1.384354420006275 1.076510369777679 211.0560989677906 9.809809453785419 0 1.371207840740681 74.35963260382414 0.497314527630806 1.569074429571629 13.28989647328854 3.088361904025078 16.51357452571392 72.78074011206627 3.329191714525223 54.86842807382345 26.19678200036287 40.59215722233057 20.88231786340475 134.3684388324618 74.10129451006651 63.85548534989357 42.35575682669878 0.9892257377505302 1.166027702391148 0 0.2371745705604553 0 0 0.2206556499004364 0.1445461362600327 0.2028181999921799 0 0.4278262853622437 0 0 0.1807557493448257 0.09019409865140915 0 0 0 0.1099405586719513 20.62872503697872 4.974824719130993 0 0.9409030228853226 0 18.53715642541647 0.4214066863059998 24.58881200104952 8.247246742248535 1.166167087852955 0.4355700761079788 0 0.09938934445381165 0.4725078791379929 0.2240540534257889 0.4809253960847855 0 0 3.884863957762718 0 0 0.1100833937525749 0.6288025379180908 0.1757141798734665 0.1563078612089157 0 0 0.2458984553813934 1.785273164510727 0 0 0.6069081872701645 40.41165309399366 4.368570558726788 0.2256084233522415 0.440943069756031 0.0758037269115448 0 0.1073048636317253 0.09778345376253128 0 0 62.1664137840271 3.690467037260532 0.3324735537171364 0 0.11579579859972 17.3759932294488 2.024449035525322 9.323833823204041 1.169778630137444 2.736797451972961 1.323793008923531 3.101977206766605 2.878849230706692 0.4653280228376389 0 0 0 0 0 0 0 35.87811119109392 6.042558096349239 11.07140635699034 389.0002042278647 54.95155460387468 355.5594338029623 39.03574488312006 146.3956333249807 63.46083579957485 4.845046363770962 119.910688444972 16.6104726344347 1.824003614485264 3.188236393034458 0.6201148629188538 15.42048667371273 0.9322428852319717 0 0.9288671612739563 4.241018742322922 1.008725881576538
15.00258262455463 76.15733176469803 6.741454854607582 110.1386461928487 151.9654779359698 113.3734486550093 187.8080399259925 15.9801901653409 277.227710261941 1895.603676013649 410.4446336850524 0 3350.45619417727 735.9080901518464 9.752252951264381 4.197605527937412 1.108212172985077 0.2553826048970222 0 0.6265004202723503 0.8315721750259399 0 0.5019310712814331 1.160213857889175 0.8740052059292793 2.190609805285931 1.479259349405766 0.1843724846839905 0 1.369435742497444 5.313059523701668 8.099967733025551 31.96886849403381 0.5189583152532578 1.391858242452145 2.794002406299114 22.39633320271969 8.386989712715149 5.028306998312473 3.072513803839684 2.218751221895218 0.2885037213563919 0.1275523602962494 0.7204176634550095 0.1671402305364609 0.1590341180562973 13.18760027736425 1.64155101031065 0.794654555618763 2.037410914897919 0.3394997864961624 0 0.7454430907964706 0 0 0 0.3887142091989517 2.34497382491827 0.6053138747811317 0.6766065806150436 5.762094065546989 2.735681489109993 3.559602648019791 8.619876980781555 0.3493079841136932 0.5532757192850113 0.4344104826450348 1.396487772464752 1.836718551814556 1.133032932877541 22.12989437580109 52.79063507914543 0.1684192568063736 2.916709005832672 5.217709928750992 8.28382683545351 14.5434829518199 3.635437354445457 2.290617473423481 162.2881856039166 0.9474678561091423 6.681826591491699 0.9505524709820747 0 0.4043141081929207 0.07240607589483261 2.758120581507683 0.1152851358056068 0.0985192283987999 0.1950644850730896 0 0.2224061861634254 0.9853553026914597 1.328832715749741 0.2566463351249695 1917.582032456994 66.60077557712793 0 1.551252618432045 27.67069687694311 0.2672769129276276 0.9411600008606911 12.55719085782766 3.916364379227161 10.02396015822887 68.64880152791739 4.956753373146057 56.9735968336463 32.27005899697542 53.1287127956748 20.48127984255552 150.8610137850046 79.32941335439682 75.38016828149557 30.05656851828098 1.38452934473753 0.5389116257429123 0 0.3639127835631371 0 0 0 0 0 0 0.1881699413061142 0.3235579654574394 0 0 0 0 0 0.4172547459602356 0.2776640132069588 12.64872652292252 3.106111779808998 0 0 0 13.02102330327034 0.2882988005876541 13.43472465127707 3.308061055839062 0.8166336864233017 0.2008851319551468 0 0 0.3485187143087387 0.1914896667003632 0 0 0.2453093081712723 1.699532471597195 0 0 0 0.1174611374735832 0.5213441848754883 0.08580788224935532 0 0 0 0.5052271634340286 0 0 0 25.67513857781887 2.833317585289478 0.0744912251830101 0.481051117181778 0.2006304487586021 0 0 0.2388245686888695 0 0 57.97947944700718 0.8944897279143333 0 0 0 9.397785119712353 0.9694935455918312 7.054017297923565 0.3509444743394852 1.508939385414124 2.628068372607231 1.958818465471268 3.125294230878353 0 0.09556189179420471 0 0 0 0 0 0.09693789482116699 59.72526114434004 5.411356322467327 6.135661900043488 102.7231025323272 5.812820315361023 38.876719199121 5.151708789169788 211.6336218565702 6.002396501600742 0.2174470648169518 18.66176169365644 9.904317989945412 0.2650266215205193 1.948951341211796 0.2096254378557205 17.85241371393204 0.1822361871600151 0 0.9627435505390167 0.6020888611674309 0.433232769370079
156.3602773174644 942.7403017953038 28.80166297405958 1138.168095432222 990.9529633298516 111.8828779011965 1908.296141915023 78.37642474472523 2613.564411751926 6171.645494505763 1819.587992966175 3350.45619417727 0 3936.429366841912 30.66541197896004 9.741509035229683 2.960296034812927 0.5732397884130478 0 0.8022406548261642 1.645689055323601 0.1665837615728378 1.429100900888443 1.476557612419128 3.119134552776814 1.480415225028992 3.96300782263279 0.8473270013928413 0.816133588552475 0.5617659762501717 43.66168402135372 18.02957426011562 74.33714833855629 0.5505963116884232 3.007432647049427 5.878650024533272 13.19158171117306 14.82644737511873 4.833900950849056 4.07055226713419 3.236075282096863 0.8485540747642517 0.5139277130365372 2.708074226975441 0.3812768459320068 1.567966215312481 53.04151789098978 2.455102413892746 3.579262234270573 2.812125042080879 0.8892666697502136 0.3882035315036774 0 0.2864138782024384 0.4186691716313362 0.2610739469528198 1.564607888460159 15.12342984974384 2.31895549595356 9.895211346447468 9.159224703907967 6.648945838212967 8.546298056840897 23.89454504847527 1.723080903291702 1.599382936954498 2.949352115392685 2.780556850135326 3.826888456940651 2.998586788773537 139.6631234511733 60.55735476315022 0 19.65331975370646 18.44160766154528 39.15131334960461 58.46475175023079 11.3275413736701 8.347929567098618 318.1671869978309 4.479396693408489 22.93349985778332 4.466677144169807 0 2.315605089068413 1.513916067779064 6.911466538906097 0 0 0.1565822064876556 0.1224218532443047 0.7092459127306938 2.445461787283421 1.196367405354977 0.8625416904687881 3182.203118026257 51.43331824988127 0.5170829892158508 0.8003497719764709 33.45048702508211 1.535868354141712 5.534805692732334 30.92157170921564 7.93445847928524 29.03882672637701 163.147952273488 12.07747036963701 131.2604340538383 73.31450252979994 118.8329334706068 51.57960563153028 330.6500659137964 193.7123621925712 122.8825395330787 67.75224366039038 0.8253043219447136 0.8875528797507286 0 0.6239594966173172 0 0 0 0 0 0.127991646528244 0.9374353587627411 0 0.1091623082756996 0 0 0.3108009845018387 0.1534154862165451 0.171012207865715 0.1006775051355362 27.20739331096411 7.994368851184845 0 0.3379345908761024 0.2213278785347939 27.95040741562843 1.659985214471817 25.31956052780151 10.63092880696058 0.8991737365722656 0.2281212210655212 0 0 0.5044105350971222 0.7228332534432411 0 0 1.284713834524155 4.930739112198353 0.1103672236204147 0 0.3303460627794266 0.5517114624381065 0.280319482088089 0.3271573260426521 0.199955090880394 0 0 1.473126940429211 0.665061891078949 0 1.305596254765987 51.72808184474707 6.854517623782158 0 0.4902044758200645 0 0.3147082105278969 0.2664322257041931 0.07705827802419662 0.0776740238070488 0 135.4556997567415 1.535124756395817 0 0 0 26.45840957015753 2.720474906265736 7.594623930752277 1.571219012141228 3.156390257179737 3.919207289814949 4.650443695485592 4.202198639512062 0.1839141324162483 0 0 0 0.07431657612323761 0 0 0 135.7933861538768 9.676134757697582 12.41611365973949 247.4031565114856 26.54427195340395 157.3731959164143 19.55204916000366 237.8968739286065 26.77111998200417 1.377350226044655 61.56157524138689 17.75996832549572 1.267254278063774 4.804916761815548 0.6375255733728409 32.09252500534058 1.683037966489792 0 1.697847127914429 3.258741870522499 0.8371898829936981
