0 2114.663690581918 373.1775968596339 755.1449695825577 740.2565522938967 57.75186967849731 2730.914321012795 1.226901650428772 70.39729426801205 2721.919404536486 22.46557788550854 37.52399860322475 85.51700346171856 3.935366377234459 0.4218625724315643 0 0 0 0 0 0 0 0 0 0 0 0 0 0 0 214.3780184686184 0 0 0 0 0 1.154738187789917 0 0 0 0 0 0 0 0 0 5.246711269021034 0.4655240103602409 0 0 0 0.3363749384880066 0 0 4.154578514397144 5.962350696325302 195.0181379616261 1064.404834114015 13.21094372868538 5.038130536675453 0 0 0 59.39009869098663 1.373961232602596 0.9114918410778046 0.9301230236887932 0.463513657450676 0 0 0 5.874246045947075 0.3528947830200195 172.8223119750619 47.0471028983593 6.760169290006161 1.132123470306396 0.1503211706876755 0 0.1146893724799156 0 0 10.54984844475985 0.5253435522317886 0.3411260694265366 2.574789203703403 0 0.3621255159378052 0.5994431599974632 0.08387986570596695 0.09237508475780487 0 0 0 0 91.94544360041618 13.59460771083832 0 1.330740213394165 503.7501943707466 0 0 0.2460357844829559 0 0 41.5718570202589 1.766373008489609 0.6154411435127258 0.2829560339450836 1.598322063684464 0 0.7832596004009247 1.785164102911949 1.04587796330452 0.6188082695007324 0 0 0 0 0 0 0 0 0 0 0 0 0 0 0 0 0 0 0 0 0 0 0 0 0.1333978325128555 0 0 0 0 0 0 0 0 0 0 0 0 0 0 0 0 0 0 0 0 0 0 0 0 0 0 0.3437580466270447 0 0 0 0.08520115911960602 0 0 0 0 0 0.6045985668897629 0 0 0 0 0 0 0 0 0 0 0 0 0 0 0 0 0 0 0 0 0.6612874418497086 0 0.5942316651344299 2.118611119687557 3.754705719649792 55.60876759886742 7.604082390666008 1118.862664349377 31.67147509008646 2.152918264269829 1.015102103352547 1.169052258133888 0.07875888794660568 1.017318680882454 0.257372573018074 0 0.09166086465120316 0 0 0 0
2114.663690581918 0 1773.556155309081 238.7746094316244 2324.997286692262 201.4504504352808 3496.857255354524 35.66992035508156 671.3473618403077 263.1135789453983 250.3661668002605 7.163559138774872 303.2485135793686 239.9664365202188 5.524471044540405 0.6777118667960167 0.2241889461874962 0 0 0 0 0 0 0 0.08983173966407776 0.1140500977635384 0 0.09336830675601959 0.3332525044679642 0.09130825847387314 2261.936194010079 12.5212871581316 2.307258084416389 0 0 0 3.364432722330093 0 0.8581191897392273 0.1625776141881943 0 0 0 0 0 0.1181582659482956 61.47678837925196 4.222996987402439 0.4377704262733459 0 1.506279543042183 0.1434609889984131 0 0 20.49543381482363 23.6596717685461 125.4396590217948 1524.761725030839 44.67874589562416 76.60630425065756 0 0.2126699760556221 0 226.0641741380095 13.45499102771282 9.286917135119438 8.876803748309612 4.371786192059517 0.1251592487096786 0 33.48839372396469 10.61271494626999 0 570.257950335741 197.6380294412374 74.14480680972338 48.54433157294989 1.480977579951286 0.6635473966598511 1.910670131444931 0 0.6196631640195847 46.2672409042716 2.784925229847431 4.817728266119957 22.68336547911167 0.689118929207325 0.3709177151322365 2.017072238028049 0.09891195595264435 3.182688362896442 0.2290914505720139 0 0.08307038992643356 0 98.62477181851864 0.891159862279892 0 2.330263435840607 1010.631058096886 3.378977060317993 0.508539617061615 6.176214918494225 1.329664587974548 11.93974429368973 100.6058505773544 1.505221381783485 31.1841394752264 9.749128460884094 32.76851056516171 3.052957385778427 120.0088526159525 51.58743301033974 66.92500299215317 53.62712898850441 0 0 0 0 0 0 0 0 0 0 0 0 0 0 0 0 0 0 0 3.012782588601112 0 0 0 0 18.52220076322556 1.969862803816795 2.134366169571877 1.245096161961555 0 0 0 0 0.1835082769393921 0.4335038661956787 0 0 3.096506789326668 1.937306568026543 0.270647257566452 0 0 0 0 0.3668643534183502 0.1930660158395767 0 0.4976450800895691 1.609095603227615 0 0 0.4829128980636597 15.25539180636406 0 1.298784829676151 0.2385007441043854 0.3283174261450768 0.4095867276191711 0 0.1017956286668777 0.102709025144577 0 28.61432445049286 0 0 0 0 9.19631864130497 0.948602020740509 7.359395936131477 0 3.293965324759483 1.352927297353745 0.172945961356163 0 0.1354484558105469 0 0 0 0.4446417316794395 0.2430025190114975 0 0 17.26989812403917 2.626538813114166 3.182819068431854 52.57165915518999 23.89216443151236 652.5989973321557 78.85329928994179 1129.116984046996 114.2449021562934 13.79441224038601 25.07064352929592 7.985813297331333 0.3254159986972809 31.58463595807552 2.113337770104408 22.8563095331192 2.587317004799843 0.8036544993519783 0.8892780542373657 0 0
373.1775968596339 1773.556155309081 0 28.33969976007938 925.651181012392 13.77124696969986 127.0559545233846 777.9398569241166 262.1691831797361 15.93831114470959 1197.785694822669 41.78406912088394 113.5393306612968 439.0303180068731 32.67790297418833 22.92115599662066 3.88961485773325 5.137260377407074 0.1076504737138748 12.8672583475709 5.382168985903263 0.3131706714630127 0.4198517799377441 0 5.810882329940796 0.1999507620930672 1.21683793514967 1.700355008244514 0.7110741510987282 0 5424.29888562113 344.147293433547 68.39810127019882 0.5202910453081131 11.74103885143995 13.09661573171616 28.40876458585262 3.297432631254196 6.028760522603989 1.893272012472153 0.8214572668075562 1.505105517804623 9.472171008586884 2.309686124324799 0.5169728100299835 0.7979675605893135 57.88981758803129 5.277882061898708 3.262252561748028 13.56906244903803 21.49309360235929 0.0982387438416481 0.1661578267812729 2.156215332448483 16.66024281084538 18.3245717510581 46.84876352548599 1334.352954931557 13.97394954413176 41.42951607704163 9.214171856641769 9.813019327819347 15.86569470912218 788.2382654100657 12.97469285130501 10.54899344593287 12.8632238432765 26.23591620475054 17.56008289754391 17.96905716508627 276.2624242976308 38.22435623407364 0 278.2192568853498 291.8031094074249 70.42739886045456 63.15807121992111 7.10252945125103 64.09900960326195 558.2101878300309 0.5508939921855927 182.797908693552 37.76910701394081 4.442948333919048 4.222123838961124 19.12728586792946 21.00249000638723 0.222485326230526 7.454015336930752 0.4500539973378181 11.44656346738338 2.386721685528755 39.35432419925928 6.797935910522938 1.230135358870029 113.2996039539576 12.50384028255939 0 17.22287909686565 419.1465947180986 1.923809260129929 3.537960812449455 16.31336461007595 0.2085065990686417 32.87856759130955 52.61558289825916 5.541611284017563 65.15649288892746 29.470748513937 50.12518419325352 13.36759373545647 224.4544755071402 150.5104073882103 197.055214703083 187.9649530649185 0.7676211595535278 0 0 0.2978169918060303 0.1625375002622604 0 0 0 0.07294957339763641 0.1331263333559036 0.9930799752473831 0 0.1101104393601418 0 0.08571039885282516 0 0.3421578481793404 0.09903554618358612 0 8.748140513896942 1.718204438686371 0 0 0 68.08697356283665 20.03962796926498 19.12418612837791 5.090272814035416 1.524315319955349 0 0.9960387200117111 0 1.890037029981613 0 0.7939434051513672 0.4288662001490593 6.236333101987839 3.743475496768951 1.061825633049011 0.1799668222665787 0.3652797639369965 0.3742894306778908 1.525984428822994 0.3042664900422096 0.3002814278006554 0 2.19281904399395 3.671888947486877 0.9172975271940231 0 0.4061291813850403 61.18934942036867 1.068070083856583 1.478208474814892 0.7573588788509369 0.8551291450858116 0.6560481935739517 0 1.352315634489059 0.2007163986563683 0.6097257733345032 105.5327307507396 1.63247711956501 0 0.5483832061290741 0.9379103183746338 35.29421053826809 3.334341585636139 18.03994503617287 0.09314857423305511 6.8796376734972 1.880766808986664 1.070500373840332 0.130820706486702 1.432441376149654 0.3470252901315689 0 0 0.1643849462270737 0.1027166247367859 0.1267565935850143 0.4105271399021149 49.78807687759399 13.78750561177731 19.86485008150339 137.7440123781562 34.83723222464323 297.3056766092777 61.04860381036997 264.7555111274123 77.30724706500769 13.9319808781147 40.71359039098024 15.33734703809023 2.965529315173626 65.54098106920719 3.593418963253498 56.51072078943253 7.770534060895443 0.4875669106841087 4.085109636187553 1.493038073182106 0
755.1449695825577 238.7746094316244 28.33969976007938 0 61.37677466869354 230.7763362973928 492.1948134750128 0 141.212041079998 368.3105264008045 0.3605536222457886 54.44837301969528 240.8747023940086 3.212705850601196 0 0 0 0 0 0 0 0 0 0 0 0 0 0.112155482172966 0 0 90.62302216887474 0 0 0 0 0 0 0 0 0 0 0 0 0 0 0 1.223908804357052 0 0 0 0 0 0 0 0.3072194010019302 1.078120015561581 20.4104136005044 184.1605933308601 1.784413069486618 2.137816019356251 0 0 0 14.70872014760971 0 0.2168051600456238 0.2310174331068993 0 0 0 0 0.6983331739902496 0 33.10383930802345 8.79032589495182 1.929785594344139 1.16999788582325 0 0 0.1384426057338715 0 0 0.3867421746253967 0 0.238794818520546 0.2968400344252586 0 0 0.1019428372383118 0 0.09113503247499466 0 0 0 0 73.72749401628971 0 0 0 509.5178250521421 0 0 0.7287598848342896 0 1.312616869807243 15.97688490152359 0 0.6789061725139618 0.5039373785257339 1.035220071673393 0 4.682128146290779 1.584939390420914 1.888959914445877 1.980620816349983 0 0 0 0 0 0 0 0 0 0 0 0 0 0 0 0 0 0 0 0.1576300710439682 0 0 0 0 0.1908105909824371 0 0 0 0 0 0 0 0 0 0 0 0.1793158054351807 0 0 0 0 0 0 0 0 0 0 0 0 0 0 0 0 0 0 0 0 0 0 0 0 0 0 0 0 0 1.361083149909973 0 0 0 0 0 0 0 0 0 0 0 0 0 0 0 0.9483740329742432 0 0 0.4402250051498413 0.467796579003334 11.48925214260817 1.865003414452076 577.7999255806208 6.926977001130581 0.7141621261835098 0.2339299917221069 1.214964598417282 0.1260146349668503 0.1267825216054916 0 0 0 0.1504172682762146 0 0 0
740.2565522938967 2324.997286692262 925.651181012392 61.37677466869354 0 10.3850079625845 1191.58774176985 122.3590417578816 3038.196386031806 127.476149097085 1142.060376152396 7.528946191072464 1245.170253910124 1626.582593820989 5.108994916081429 0.6618257462978363 0 0 0 0 0.4491451606154442 0 0 0 0.3112647533416748 0.3377289995551109 0 0.3391584008932114 0 0.1684897392988205 877.9617691412568 36.11880651116371 1.094804532825947 0 0 1.041540250182152 1.643701538443565 0 0 0.4949906468391418 0 0 0 0.3403622955083847 0 0 65.23014306277037 4.166215732693672 0.849091112613678 0 1.270469039678574 0.26447793841362 0 0.4242749139666557 16.17588387429714 19.13381319493055 22.80036146938801 259.3980666026473 16.72741985321045 64.56272869557142 0 0.5058282613754272 0 177.0768689364195 10.06200998276472 7.576250128448009 9.124202989041805 3.634092420339584 0 0.1825313568115234 31.69115804135799 16.9135055243969 0.1782475411891937 235.2130128219724 133.1578642129898 63.15816394239664 67.34606974571943 0.3934464007616043 0 0.5828431621193886 0 0.4363260269165039 34.62288637459278 2.720539703965187 2.947780728340149 19.09570554643869 1.030043952167034 0.1939126551151276 3.236539490520954 0.6895263865590096 2.233642101287842 0.2648048177361488 0 0 0.3508832901716232 125.5623783618212 0 0 3.233458861708641 130.4359362497926 2.533285543322563 0.8235391080379486 13.4516244083643 0 34.59398539364338 50.16264349222183 5.239174023270607 44.23110640048981 21.77145266532898 46.32834608852863 8.639636278152466 169.0607635825872 92.72361826896667 122.1133574843407 105.2508491352201 0.6024268269538879 0 0 0 0 0 0 0 0 0 0 0 0 0 0 0 0 0 0 4.684770733118057 1.032304152846336 0 0 0 26.57998076081276 7.656654208898544 8.323879718780518 1.310413971543312 0 0 0 0 0 0 0 0 6.269116565585136 2.383257865905762 0.2294125854969025 0.1653979271650314 0 0 0 0 0.3717549294233322 0 2.020099312067032 0.662575751543045 0 0.1531611979007721 0.1659763008356094 22.95764183998108 0 1.179131872951984 0.72686717659235 0.1124301180243492 0.4333605170249939 0 0 0 0.3753844797611237 48.31336896121502 0.6306650042533875 0 0 0 18.34109157323837 1.601917803287506 9.608402028679848 0.6932068318128586 1.770458921790123 1.219926491379738 0.1847653537988663 0.1793946623802185 0.6697002500295639 0 0 0 0.4168218374252319 0 0 0 46.97368478775024 3.597466573119164 2.960474699735641 98.01007581502199 22.37705305963755 565.0655680596828 79.05631419271231 139.4291931763291 91.016617000103 9.896920144557953 30.88767367601395 8.964959748089314 1.093368247151375 42.84438480436802 1.528318911790848 31.87842358648777 3.498862601816654 0.3204055353999138 2.157867729663849 0 0
57.75186967849731 201.4504504352808 13.77124696969986 230.7763362973928 10.3850079625845 0 227.7722404897213 0 47.56180575489998 710.0049715638161 1.574998795986176 45.66797699034214 138.3342214673758 8.612054549157619 0 0 0 0 0 0 0 6.771724909543991 0 0 0 0 0 0 0 0 58.49057602882385 0 2.205793440341949 0 0 0 5.095346629619598 0 0 0 0 0 0 0.1541091799736023 0 0 1.094845458865166 0 0.3419483602046967 0 0 53.98495671153069 60.57554540038109 0.2003429681062698 0.4047282412648201 0.7469197735190392 391.4333317428827 245.4163116067648 1.062072359025478 0.6125657483935356 0 0 0 12.39379394054413 0.1517253369092941 0 0.0927833616733551 0 0.5432398021221161 0 47.80244851112366 592.3182149231434 8.355930596590042 18.53797237575054 6.169158607721329 0.9535661488771439 0 0 0 2.102842062711716 0 0 1.087382316589355 0.6018902808427811 0 2.257205717265606 0.3197279572486877 15.84075325727463 20.62125696241856 67.72629183530807 2.648820474743843 15.48929923772812 0.3092092871665955 0 0.7599847018718719 240.8923253118992 507.3873483538628 73.30032001435757 50.32509106397629 347.7589893639088 0 0 0 0 0 5.988261938095093 0 0 0.5746309757232666 0.5248077362775803 0 0 0.8520960211753845 2.120297968387604 0.498153418302536 0 0 0 0 0 0 0 0 0.267566978931427 0 0 0 0 0 0 0 2.783656686544418 0.2787969708442688 0.4446360766887665 0 0 0 0 0.3455322980880737 4.317534014582634 1.666180849075317 1.397799432277679 4.279307395219803 0 0 0 0 0 0 0 0 0 0 0 0 0 1.807452544569969 0.2468174248933792 0 0 0.1421988755464554 0 0 0 0 0 1.753525257110596 0 0 0 0.2604385912418365 0 0 0.446563720703125 0.1751140803098679 0 10.41627797484398 5.611834406852722 0 0 0.6871053278446198 0.5718611776828766 0.301782488822937 0.3471677303314209 0 0 0 0 0 0.151976153254509 0 0 0 0.2098600417375565 0.3326184004545212 0 0 10.44176936149597 7.805690139532089 6.125557273626328 1.000051364302635 0.8813356459140778 5.138973385095596 0.7771546840667725 501.331639200449 5.033246621489525 0.5055573582649231 0.2869249880313873 0 0 0 0.1463891118764877 0 0 0 0 0 0
2730.914321012795 3496.857255354524 127.0559545233846 492.1948134750128 1191.58774176985 227.7722404897213 0 44.30870839953423 2946.937574371696 2098.047127008438 497.5606969818473 368.5013468265533 1930.074724525213 1552.557020515203 17.03303290903568 3.365515932440758 0.1487770974636078 0 0 0 0.6242852807044983 0 0 0.1017486155033112 0 0.3755621686577797 0.1550391316413879 0.6006765440106392 0.3035075962543488 0.09641258418560028 728.2516115754843 41.63918524235487 0.5337095633149147 0.1007407531142235 0 0 2.83592364937067 0.1827986091375351 0 0 0 0 0 0.1393527835607529 0 0.136284351348877 139.2239599153399 8.995129227638245 0.6667091548442841 0 1.43505572527647 0 0 0.8745002299547195 30.44976446777582 33.41907609254122 79.96967406570911 548.59580411762 50.71522106230259 143.1650406494737 0 0.1959054470062256 0 410.968789383769 21.39931834489107 15.09886857122183 17.75736285746098 5.854022666811943 0 0 7.690049305558205 17.65523765981197 0 579.2535287812352 262.1661469340324 121.7696604207158 114.7959649339318 1.387030214071274 1.086138859391212 0.9373557716608047 0 0.6803948804736137 66.98429334908724 5.605556823313236 7.643559485673904 36.08025442063808 1.29716931283474 0.8804177418351173 5.963313266634941 0.4103659763932228 3.547572270035744 0.5165646821260452 0 0.1636060327291489 0.3978882804512978 820.3311741948128 1.007927179336548 0 2.025325208902359 276.8905484229326 1.333340972661972 3.915432199835777 19.68905639648438 0.4444525241851807 38.47956569492817 72.37824913859367 13.8377778083086 75.00181496143341 36.69607882201672 103.9705391824245 10.82519471645355 283.8595928922296 124.9854640066624 123.4259661436081 87.87773656845093 0 0 0 0 0 0 0 0 0 0 0 0 0 0 0 0 0 0 0 7.89090421795845 0.307275265455246 0 0 0 19.53440207242966 2.910336405038834 3.15431322157383 0.9736539721488953 0 0 0 0 0 0 0 0 5.330458112061024 2.230382069945335 0.7333652973175049 0.4058908075094223 0 0 0.2384957373142242 0.1340104192495346 1.18010288476944 0.07479899376630783 1.869419775903225 1.462997555732727 0 0 0 22.20036512613297 0.1798658221960068 1.521747723221779 0.3007019907236099 0.3416184037923813 0.3580223545432091 0 0.07987423986196518 0 0.130440965294838 38.02582393586636 0.3361488729715347 0 0 0 9.9267468303442 2.217210218310356 5.445858120918274 1.042862489819527 5.175934568047523 1.533792302012444 1.075766459107399 0 0.4989580139517784 0 0 0.1646331697702408 0.1100016310811043 0.3782305866479874 0 0 62.00842908024788 3.433354631066322 4.161002323031425 221.4625907316804 53.01595045626163 1319.981384344399 202.8629823178053 890.8399295508862 232.2446266785264 23.6232720836997 94.92034609615803 18.56513024866581 0.8195431977510452 40.42961862683296 2.549759559333324 32.21950744837523 3.951629474759102 1.994725525379181 0.5792151689529419 0.1279132068157196 0
1.226901650428772 35.66992035508156 777.9398569241166 0 122.3590417578816 0 44.30870839953423 0 152.2173285484314 0 2426.464825108647 8.806558832526207 149.3576205670834 1020.60281380266 63.40875368565321 35.96138958632946 11.47665539383888 24.61429166793823 1.076683565974236 37.34716595709324 7.122401535511017 0 0.8127809762954712 0 10.16060300171375 0.2012948393821716 2.09010611474514 2.428691223263741 0.2447133436799049 0 1151.773914672434 2098.204101189971 132.5918460786343 3.010314270853996 17.71496100723743 26.87755949795246 17.25414405763149 5.192947372794151 12.64301039278507 5.546410657465458 2.323350101709366 2.842593878507614 16.15842945873737 20.7721745595336 0.1799892783164978 3.681510120630264 124.2358360886574 5.638611830770969 7.366168506443501 24.45125232636929 21.45806812494993 0.5499033033847809 1.633293926715851 4.066614605486393 9.128732368350029 9.847752310335636 9.737517930567265 186.2020906582475 9.290328994393349 63.05489737540483 72.31236919760704 39.14471119642258 30.29314996302128 1672.169316038489 6.102647550404072 7.849964514374733 14.06082927435637 37.18751192837954 30.67046272754669 25.54217229783535 75.66078455746174 36.402464017272 0.222212627530098 123.923974595964 263.6300627812743 114.1567670106888 1040.267982855439 407.8295415863395 94.12317236512899 1082.987440362573 33.26128095388412 1206.347120709717 23.15092691779137 1.385508045554161 3.048179261386395 11.64421650022268 34.91558615863323 0.5955163687467575 4.633537344634533 0.8903924524784088 17.84416335076094 1.589049145579338 51.53591507673264 8.896026276051998 2.521881595253944 68.96565070748329 16.70209634304047 0 16.94291731715202 8.615665882825851 1.333556972444057 0 5.023887172341347 0 6.1746536642313 11.50781723856926 1.601338893175125 18.71701355278492 7.089609414339066 8.699274376034737 1.461603909730911 50.29109391570091 40.26715588569641 51.43018014729023 39.50569308549166 0 0 0 0 0 0 0.1511074602603912 0 0 0 0.8939386755228043 0 0.355864942073822 0 0.09178023040294647 0.2521195113658905 0.5947377234697342 0.3324648439884186 0 2.854134455323219 0.2198852598667145 0 0.6741932332515717 0 40.00299251079559 6.137321047484875 9.814011231064796 2.506632789969444 0.2111504450440407 0 0.4963578134775162 0 0 0 0 1.288075059652328 2.425147652626038 2.782763570547104 0.2424330711364746 1.106414377689362 0.1247651651501656 0.2691907286643982 1.573121011257172 0.1357972919940948 0.4549681469798088 0 0.8841082602739334 0.7699658498167992 0 0 1.486861243844032 25.64179933071136 1.432466179132462 0.1589300930500031 0.1277768909931183 0.3435608595609665 0.7130494266748428 0 0.9005674496293068 0.3140319138765335 0.7245477139949799 45.69723796844482 0.350738063454628 0 0.6130278557538986 1.421203389763832 13.22759032249451 1.753079012036324 9.073367923498154 0.6454887092113495 2.417345687747002 2.517226830124855 0 0.1680285781621933 0.9741445183753967 0 0 0 0.5818955898284912 0.641706258058548 0 0 14.33172278106213 5.498163588345051 8.836838647723198 208.2586701661348 38.63822522759438 521.0691865906119 100.5178011283278 21.03874073922634 62.67855696380138 9.571184396743774 68.19813387840986 13.0294169858098 1.551440216600895 34.48973888158798 1.415258064866066 19.28691178560257 2.596797488629818 1.145152024924755 0.9317194372415543 0.5557039529085159 0
70.39729426801205 671.3473618403077 262.1691831797361 141.212041079998 3038.196386031806 47.56180575489998 2946.937574371696 152.2173285484314 0 667.7833356559277 1645.465470463037 31.71362809836864 3508.815539136529 2336.596207499504 33.56976451724768 6.929321333765984 0.1472440659999847 0 0 0 0.1059680134057999 0 0 0 0 0 0 0 0.1399896591901779 0 82.02819807827473 24.30293438583612 0.7327662259340286 0 0 0.09732139110565186 3.206360042095184 0.2343087643384933 0.6490671262145042 0.1259137988090515 0.3206841647624969 0.3700432479381561 0 0.2459467723965645 0 0 81.3242312669754 1.930769324302673 0.2444061562418938 0 0.7791163921356201 0.3904971927404404 0 0.770458996295929 8.245370224118233 9.096391789615154 10.61287770420313 44.05208272486925 18.60813923180103 55.78909932076931 0 0 0 89.58769985288382 7.168385744094849 3.984215021133423 6.826256819069386 2.065838396549225 0 0 16.3659255951643 28.09905771911144 0 149.6663886606693 38.2786356434226 55.75724326819181 62.34350673854351 3.929756179451942 0 0.4251979887485504 0 0.1306327879428864 16.52680651843548 2.063281014561653 1.819411732256413 9.094376817345619 0.8290367051959038 0.1136176958680153 1.714249357581139 0.2930437624454498 1.676480799913406 0.5781226605176926 0.1190959289669991 0 0.2221213281154633 463.9191828072071 1.703125894069672 0.1523437649011612 3.536858171224594 38.66548961400986 2.376270964741707 3.028483286499977 19.87906777858734 0.355946347117424 40.17414210736752 56.72421662509441 8.125933438539505 61.11883044987917 31.2459638863802 73.96645069122314 10.10526868700981 244.8783180713654 123.5121835023165 138.3992021977901 103.5528348386288 0.259213000535965 0 0 0 0 0 0 0 0 0 0 0 0 0 0 0 0 0 0 8.685421407222748 2.067418724298477 0 0 0 29.64208883047104 2.977376282215118 7.304602921009064 1.351980224251747 0 0 0 0 0.728690892457962 0 0 0 3.424846708774567 2.380401715636253 0.4020217508077621 0.1436292082071304 0.4453468322753906 0 0.197783574461937 0.1633419692516327 0.1542385071516037 0 1.029552266001701 1.47454035282135 0.1894416660070419 0.1465764343738556 0 19.20064459741116 0.5352727174758911 1.319541960954666 0.1976191624999046 0.6386089324951172 0.594814695417881 0 0.342940017580986 0 0 38.0317842066288 0.9282061010599136 0 0 0 12.38983301818371 0.7866958230733871 5.523412764072418 1.090189442038536 6.077205747365952 3.279721856117249 0 0.2966746091842651 0.1393972188234329 0 0 0 0.3360608592629433 0 0 0 66.12727935612202 2.974719256162643 5.181409701704979 415.3488209098577 25.57953875511885 798.8049445971847 188.8137569501996 185.8499711826444 163.3474319949746 16.44698794931173 150.0511163920164 16.78314146399498 2.026979699730873 45.9767946228385 2.620511628687382 31.09433221071959 3.17791922390461 1.351147204637527 2.199032351374626 0.917825773358345 0
2721.919404536486 263.1135789453983 15.93831114470959 368.3105264008045 127.476149097085 710.0049715638161 2098.047127008438 0 667.7833356559277 0 6.403501711785793 152.2240617275238 2588.552118182182 33.8235532194376 1.548881202936172 0.5769526138901711 0 0 0 0 0 0 0 0 0 0.138834148645401 0 0 0 0 106.1518187522888 0.2665325775742531 0 0 0 0 7.455864980816841 0 0 0 0 0 0 0 0 0 6.333798207342625 0.3968776166439056 0 0 0 0 0.7527776956558228 0 2.067439861595631 4.346833072602749 135.2756299823523 240.6144608259201 5.739574238657951 7.442122280597687 0 0.5926999449729919 0 42.4737142175436 1.958783261477947 1.099305629730225 1.127198874950409 0.4786852821707726 0 0 21.01946103572845 37.7350872606039 0.8339760899543762 92.86857283860445 24.35806789249182 7.496229507029057 3.180231586098671 0.2642184123396873 0 0 0 0 5.218956410884857 0.1442086547613144 0.7804038822650909 3.657650664448738 0.203954391181469 0.3084608316421509 0.4082064107060432 0.5883604288101196 0.09579672664403915 0.1779071837663651 0 0 0 1484.593326449394 4.835923850536346 0 2.148146867752075 1069.408804476261 2.369253918528557 6.67032465338707 20.32329060137272 0.9553498029708862 48.79978795349598 178.9623327031732 12.81771498918533 72.25990250706673 48.24027787148952 139.6552538275719 9.021390572190285 311.4839395210147 137.5560055673122 153.9917330741882 74.18138191103935 0 0 0.1524906605482101 0 0 0 0 0 0 0 0 0 0 0 0 0 0 0.1106045246124268 0 8.983802191913128 0 0 0 0 16.33151090145111 1.825414374470711 2.374719083309174 0 0.1827919185161591 0 0 0 0 0 0 0 3.338399402797222 3.338679738342762 0.167820006608963 0.4358533322811127 0 0 0.1867667436599731 0.5263543576002121 0.3351763486862183 0 1.583229295909405 1.666289009153843 0 0 0.1282595843076706 12.92150203883648 0.2030173242092133 1.651199534535408 0.1425585746765137 0.1013747677206993 0 0 0.09406423568725586 0 0 35.68989039957523 0.6601396203041077 0 0 0.2854451537132263 10.00711154937744 1.891000047326088 1.871670946478844 0 3.016464121639729 2.039286933839321 1.137356370687485 0 0.2412209808826447 0 0 0 0 0 0 0 85.73211990296841 3.037351816892624 4.271893873810768 28.11757747083902 2.822347387671471 83.50904503464699 15.94532915949821 1502.339906297624 23.87081083655357 2.447357267141342 5.094069369137287 2.914152704179287 1.009932801127434 25.5993415415287 0.7916405126452446 21.34351858496666 3.307397156953812 0.1242785826325417 1.295394062995911 0 0
22.46557788550854 250.3661668002605 1197.785694822669 0.3605536222457886 1142.060376152396 1.574998795986176 497.5606969818473 2426.464825108647 1645.465470463037 6.403501711785793 0 42.44713422656059 2026.786828279495 3055.73244804889 148.67032751441 68.43142541497946 6.35284261405468 2.322099462151527 0.2002159580588341 5.690144054591656 2.869039572775364 0.1046188175678253 0 0 7.760988861322403 1.312444344162941 1.482414200901985 2.070226527750492 1.352966032922268 0 1296.868446424603 1037.609262630343 92.86967717111111 1.318241707980633 8.828400418162346 48.3956795707345 63.57261651754379 15.57976450026035 15.60802513360977 8.088824048638344 0.7713857963681221 1.98991221934557 3.497751817107201 6.553635969758034 0.7847513556480408 0.8131087720394135 294.084634706378 11.44858886301517 1.81809788197279 6.039413683116436 11.68225620687008 1.082550004124641 0.6141162812709808 2.781620815396309 29.55333170294762 41.1050266996026 18.25783420354128 266.2257437035441 40.96115557104349 167.0360342040658 4.51085352152586 48.24925266206264 15.08168192207813 726.0691647902131 25.91752229630947 22.25585915148258 26.43447732925415 19.58966901898384 7.968176476657391 11.48333097249269 269.3190798461437 119.6078600585461 0 339.0084909722209 293.672733604908 288.5843396112323 413.6625306531787 80.12625985592604 17.18491337448359 78.692088983953 1.143086597323418 88.38512991368771 63.56607046723366 8.19580315053463 9.350955069065094 43.17405085265636 11.2566466704011 0.7474043890833855 10.9152722582221 1.228889279067516 12.9150847569108 2.923719845712185 27.70571286231279 7.309538677334785 2.253605276346207 419.2538584768772 25.45495939254761 0 18.10737846791744 29.16758935153484 2.83117114007473 2.768687874078751 17.92631664872169 0 38.20772241055965 43.52086368203163 5.439566195011139 62.12831734120846 26.18601781129837 52.14247614145279 14.28950846195221 235.364742025733 176.7794127762318 218.2463943734765 212.0821115225554 0.1693732887506485 0.3450569808483124 0.1430287510156631 0.5926278680562973 0 0 0 0 0 0 0.1953878849744797 0 0.3497284278273582 0 0.1269994825124741 0 0.225243829190731 0.3528631329536438 0.4087489098310471 8.432231992483139 2.842388167977333 0 0 0 102.0566258877516 19.76134772598743 20.03108853846788 8.468217521905899 0.4324555769562721 0.1748094260692596 0.1256871074438095 0.3615989238023758 1.074440978467464 0 0.2488528788089752 0 14.78098470717669 6.267037995159626 0.6126328706741333 1.234061010181904 0 1.246113888919353 0.1825126558542252 1.385132320225239 0.5446703061461449 0.1043227985501289 3.667475633323193 2.350151903927326 0.2499947100877762 0 1.977250754833221 94.94451862573624 1.437391594052315 1.785929843783379 0.7156732380390167 0.5668026879429817 0.7814203575253487 0 1.712153188884258 0.4253316819667816 1.032268598675728 140.6314739137888 2.552458092570305 0 0.1985996514558792 0.1871232837438583 48.50315666943789 3.643970653414726 28.77807807922363 2.451684132218361 7.839658327400684 1.988307565450668 0.4202790260314941 0.1458962708711624 1.595149159431458 0 0 0 0.7950390577316284 0.8943420350551605 0 0 63.57408821582794 30.37859436124563 35.91141504049301 494.6481789648533 107.0855520069599 1637.421970061958 388.5124074444175 98.35825937986374 259.5264795571566 37.76793773472309 213.1528976783156 44.75755299627781 2.269568145275116 109.2250848636031 9.342869207262993 68.59363139420748 11.71143738180399 2.674774870276451 3.269559040665627 2.52211170643568 0
37.52399860322475 7.163559138774872 41.78406912088394 54.44837301969528 7.528946191072464 45.66797699034214 368.5013468265533 8.806558832526207 31.71362809836864 152.2240617275238 42.44713422656059 0 2105.352728277445 124.1384168863297 19.0438644066453 17.96648260205984 0.7146449461579323 0 0 0 0 0 0 0 0.1620541363954544 0 0 0 0 0 5.396777659654617 0 110.3217104971409 0 0 3.797095894813538 145.4140183031559 4.245458796620369 4.55400225520134 0.854699894785881 0 0 0.3865994811058044 2.25684455037117 0 0 17.97391195595264 0.1522653996944427 0 0.4916514754295349 0.1205075159668922 0.1911464482545853 4.489668726921082 0 0 1.554048284888268 9.02540098130703 12.87814402580261 1.692550703883171 3.409642569720745 0.6673200726509094 5.923589572310448 0 14.68852706253529 0.4333143159747124 0.09890440851449966 0.07978302240371704 0 0 0.2049241811037064 232.7119240164757 188.9251685738564 0.7555142641067505 17.10613403469324 2.264602929353714 13.33976193517447 9.205050505697727 3.239768788218498 0.1199080497026443 34.97720628976822 0.5152038037776947 3.947325438261032 1.581703677773476 0.211171455681324 0.2454269006848335 0.5237714052200317 0 0.5381487160921097 1.137016825377941 2.702232666313648 0.6625318452715874 0.8699958324432373 0.7622371912002563 0 0.3937112390995026 687.5045701414347 18.76900318264961 0.1662753969430923 28.038071423769 44.86840933561325 2.02367028594017 1.216372594237328 5.515193939208984 0 18.02460810542107 40.51017716526985 1.454767033457756 25.21150153875351 8.362561404705048 20.76865981519222 4.267837435007095 91.79326945543289 69.26419784128666 107.9927019774914 109.4332110583782 0 0 0.2517430484294891 0.6383005827665329 0 0 0 0 0 0.3486143350601196 0 0 0.4290668070316315 0 0.1268377602100372 0 0.2025941461324692 0 0 3.998075351119041 1.492332324385643 0 0.9732065498828888 0 65.39466104656458 8.954326063394547 11.3465112298727 5.321930639445782 1.578610554337502 0 0 0 0.9987691640853882 0 0.3556302338838577 0 6.3128702044487 2.496279790997505 0.6378307566046715 0.1911273002624512 0 0.444260910153389 0 0.2860382944345474 0.2880537211894989 0 1.171467706561089 0.6850027590990067 0 0 0 41.46125461161137 0.3741955161094666 1.626527070999146 0.5528837740421295 0 0.09857213497161865 0 0.2379624396562576 0 0 75.99258230626583 5.765153601765633 0 0 0 18.14483733475208 3.378688350319862 13.76198554039001 0.4595985859632492 4.022118434309959 1.639765754342079 0.3211578726768494 0.1844352185726166 0.6843301877379417 0 0 0 0 0 0 0 35.0348044782877 14.03566485643387 18.27219507098198 165.9738514646888 11.51594426482916 84.47023671865463 23.02827250212431 56.66904029995203 11.03970277309418 1.283677041530609 30.62000574916601 7.651207849383354 0.7965439856052399 42.95609041303396 2.079563789069653 30.74229750037193 6.254279650747776 0.1771753579378128 2.910381756722927 0 0
85.51700346171856 303.2485135793686 113.5393306612968 240.8747023940086 1245.170253910124 138.3342214673758 1930.074724525213 149.3576205670834 3508.815539136529 2588.552118182182 2026.786828279495 2105.352728277445 0 1447.660709053278 95.52885696291924 47.97151492536068 5.950854651629925 0 0 0 1.408676989376545 0.2470328360795975 0 0 3.634430229663849 0.2945887595415115 1.154527440667152 1.146734230220318 0.6118467599153519 0 70.22964527457952 11.08747789263725 493.3481339141726 0 0 29.84515960514545 231.3794566243887 11.80480507016182 18.12699227035046 6.646392539143562 1.250348716974258 0.8921577781438828 0 4.69581376761198 0 0.2823145389556885 127.5437201634049 1.610217049717903 0.259807825088501 0.280927911400795 1.412505567073822 0.4390233159065247 40.81075568497181 2.299291327595711 8.931288287043571 10.16661430895329 20.32942283898592 39.63866877555847 18.79171811044216 55.47540413588285 2.085978329181671 32.57665941119194 1.556079566478729 80.47317034751177 5.744889080524445 4.664934679865837 5.845279403030872 2.164339877665043 0.5371894538402557 1.014925062656403 426.8076067864895 387.5342975854874 0.2987226247787476 134.1142152771354 37.18522132188082 80.0622776299715 87.04193770885468 12.70915777236223 0.4581388831138611 44.6592720001936 1.343052953481674 23.61598825454712 14.38477272540331 1.627078749239445 1.799471028149128 8.237918086349964 0.8087766170501709 0.5531477630138397 3.218414232134819 3.266311421990395 3.097679316997528 2.596123158931732 2.937470592558384 0.9346998706459999 2.546699732542038 4699.729764893651 42.56937479972839 4.703980758786201 41.55323398113251 107.0985409095883 7.106909856200218 8.870622515678406 41.33173587173223 0.6182354986667633 99.30755606293678 142.3912831544876 11.17847789824009 164.6279900372028 84.36827227473259 161.0267460942268 29.94794702529907 651.6423801332712 460.8414494395256 593.9820648282766 471.1140800192952 1.334804385900497 0.1980955302715302 0 0.9054005891084671 0 0 0 0 0.1728303134441376 0 0.3734915852546692 0 0.3344101309776306 0 0.1133282259106636 0 3.121584303677082 0.4037229418754578 0 19.39086215943098 2.456866413354874 0 0.4638235419988632 0.2417698055505753 188.324274122715 27.81852183490992 38.39390923082829 18.41106534749269 2.170191675424576 0 0 0 1.303634226322174 0.6651020646095276 0.4662079662084579 0 20.65726942569017 7.64620204269886 0.9908719286322594 1.544457107782364 0.3001085519790649 1.121839210391045 0 1.017224535346031 1.673186093568802 0.4194614887237549 7.634619124233723 6.525565594434738 1.59158630669117 0.2213288545608521 3.440852537751198 151.0183118581772 3.042815148830414 4.370490856468678 2.864600338041782 1.14808164536953 1.031120732426643 0 0.2659476548433304 0 0 352.2438765540719 9.162128537893295 0 0 0 81.01538114249706 7.380812108516693 38.52785946428776 4.299126490950584 18.38567262887955 3.867724299430847 1.346330732107162 1.153409972786903 1.533126622438431 0.2318538576364517 0 0 0.1645387560129166 0.2592871934175491 0 0 245.5920512974262 58.30734643340111 55.66154436022043 903.7773122489452 62.73732601851225 783.5173760652542 267.7571113705635 173.7141164392233 169.6182546615601 20.60744841396809 297.5421292409301 42.57394564151764 3.731531076133251 166.3384201005101 7.766487181186676 91.63342866301537 17.20723457634449 1.647129505872726 12.23099061101675 4.256844237446785 0
3.935366377234459 239.9664365202188 439.0303180068731 3.212705850601196 1626.582593820989 8.612054549157619 1552.557020515203 1020.60281380266 2336.596207499504 33.8235532194376 3055.73244804889 124.1384168863297 1447.660709053278 0 152.6649274453521 76.18298841267824 10.01058519631624 0.2630782425403595 0 0.4942234009504318 0.9587422609329224 1.061991691589355 0 0 15.97752347588539 0.6791965961456299 0.7483676671981812 3.152617357671261 2.619836613535881 0.2657834440469742 96.20493265986443 47.92391677945852 880.8220420405269 0.9608136862516403 2.251198753714561 89.7208895534277 620.4699581861496 46.52485775947571 48.13797241449356 22.13215678930283 1.827642664313316 1.25383560359478 0.701204925775528 9.340502098202705 0 2.053703837096691 221.2082232758403 2.929338291287422 0.7542427405714989 1.15793064981699 4.496172197163105 3.948767513036728 29.20276761054993 3.368796646595001 12.82302141934633 13.79859319329262 8.549475185573101 38.34480139613152 25.13899127393961 87.13679980486631 4.944249518215656 233.804690271616 5.79919208586216 130.288983695209 9.289643034338951 7.597703605890274 10.37345693260431 5.508696205914021 1.652761064469814 4.427559249103069 706.8707087486982 244.6643643826246 0.7824345380067825 168.3951244801283 64.73751790076494 159.9592717662454 168.5863228738308 29.0115522518754 5.597398862242699 169.4508317112923 2.845367923378944 11.57203360646963 22.45331713557243 2.359469555318356 2.645327374339104 16.07748795300722 2.381338834762573 0.536944791674614 6.092603035271168 2.421702511608601 6.510413154959679 4.466439954936504 14.04923357069492 5.518227010965347 3.59216021746397 898.0227392017841 66.98604473471642 1.613966017961502 67.76729901134968 6.501699216663837 2.880786582827568 5.132735446095467 7.293627083301544 0.2516216933727264 26.85400845110416 40.03011287748814 6.692305997014046 46.39890551567078 20.4916273355484 35.90089178085327 7.917759604752064 167.3623072877526 163.5391549766064 218.6461823284626 221.2028152272105 1.274543702602386 0 0.2551762461662292 0.5578696355223656 0 0 0.2257498204708099 0 0 0.2870302200317383 0.1639054268598557 0.1515750288963318 1.967665567994118 0 0.2551487535238266 0 4.051061667501926 1.325671970844269 0.1453151553869247 9.634353011846542 4.159397557377815 0 1.887101873755455 0.234467476606369 190.5403337031603 26.50817175209522 38.32575372606516 23.17637330293655 2.191731944680214 0.221585676074028 0 0.3205207288265228 1.245871111750603 0.5377269983291626 0.6288018971681595 0 11.23268641531467 7.555393069982529 1.003003485500813 0.6883367672562599 0 2.677131824195385 0.529013991355896 1.194786578416824 1.201682880520821 0.2816173657774925 3.176127277314663 4.7019077911973 0.3478180915117264 1.077528357505798 3.850889608263969 117.9753978699446 3.83155383169651 1.933269657194614 1.2796950340271 0.4339480325579643 0.9148799031972885 0.2171494662761688 0.8707371577620506 0.5439973771572113 1.168799415230751 225.3712191209197 10.20202985405922 0 0.2869436144828796 0.6953641027212143 53.45334908366203 11.00864610075951 32.95811723917723 2.699007421731949 16.58705278486013 4.856583490967751 1.141087710857391 0.8952104449272156 0.6388157606124878 0 0 0 0.39515570551157 0 0 0 82.31131872534752 50.69336923956871 54.64181558787823 1326.530378751457 88.01857978105545 1381.876374483109 419.6201383918524 129.0722325742245 244.8692159280181 28.89760138094425 391.1147579103708 38.8879519701004 2.811174027621746 123.0394647195935 6.747053176164627 76.62820516526699 11.02791228890419 1.991959877312183 10.99199601262808 2.999507986009121 0
