0 2980.610302679241 520.9817365929484 1699.175374411047 454.4109888002276 61.70048967003822 597.6067346036434 96.2044499963522 63.73754582554102 278.7304516509175 228.7119004875422 3.367574289441109 29.09850661456585 124.9986718297005 1.03840034455061 0.1402299106121063 0.5261002704501152 0.111344687640667 0 0 0 0.1911529004573822 0.1400534510612488 0 0.07355482876300812 0 0 0 0 0 686.2976982817054 9.635187983512878 10.51542385667562 0 0 0 3.762450285255909 0 0 0 0 0 0 0.2125389352440834 0 0 26.47175298631191 5.34025964140892 0.09719317406415939 0 1.12674281001091 0.2758183181285858 0 0 0.1173341050744057 0.7229452654719353 349.7998586520553 488.5055720806122 66.51147821545601 20.94191505759954 0.1114336848258972 0 0 1.130363896489143 1.249566815793514 1.368608094751835 2.176718011498451 1.751731850206852 0 0 4.304441943764687 0.4088824093341827 0.7950984984636307 117.0160183981061 20.23741241544485 4.040572322905064 1.171048082411289 0.8136749789118767 0.2354260310530663 54.06734834611416 0 3.173095531761646 10.04159449785948 0 1.344829604029655 4.014586687088013 0.4795454815030098 0.0882786363363266 0.6041043549776077 0 0.1434894055128098 0.09320034086704254 0.1304715424776077 0 0 42.0606388002634 0.3518292605876923 0.7304099798202515 0 1086.817354239523 0 0 0 0 0 14.69630119204521 0 0 1.389545485377312 0.2498076558113098 0.2549888491630554 0.745262399315834 0.4709526896476746 0 0.2202785760164261 0 0 0 0 0 0 0 0 0 0 0 0 0 0 0 0 0 0 0 0 0 0 0 0 0.3224883899092674 0 0 0 0 0 0 0 0 0 0 0 0 0 0 0 0 0 0 0 0 0.08391214162111282 0 0 0 0 0 0 0 0 0 0 0 0 0 0 0.08671492338180542 0.3915232717990875 0 0 0 0 0 0 0 0 0 0 0 0 0 0 0 0 0 0 0 0 0.3266671523451805 0.1249454319477081 0.3358268141746521 67.70319965481758 9.4741290807724 46.94119431078434 17.21704295277596 879.4809884727001 15.08719202131033 1.781455181539059 10.37303941696882 0.9724994301795959 0.09321688860654831 0 0 0.3381866216659546 0.1270344257354736 0 0 0.4160124734044075 0.2348084598779678
2980.610302679241 0 2002.942645318806 1165.881999708712 3584.497781381011 333.4926033169031 3542.713006578386 564.5876854360104 1062.907646872103 971.1781229227781 2378.044143147767 19.65360935777426 429.8035616502166 860.8016660436988 33.50970204919577 4.83055429905653 1.115750379860401 0.393537275493145 0.08917875587940216 0.3666389361023903 0.5971613973379135 0.5959410667419434 0.5149901509284973 0.6061421111226082 0 1.21307710558176 0.3470525145530701 0.7273213267326355 0.5575409010052681 0.1068326383829117 2551.787790730596 111.1841823682189 17.26000944525003 0.2772671729326248 0.07519906014204025 0.6020888611674309 8.339679636061192 0.5438841804862022 0.2395100593566895 0.1159623488783836 0.2602302059531212 0.3473578542470932 0.2785668596625328 2.311890661716461 0.3237441554665565 0.5226818397641182 224.2833196222782 28.96948640793562 1.631903357803822 0.1117701008915901 8.278282880783081 1.731034517288208 0 0.335626557469368 0.9879144951701164 3.067352250218391 233.7448560222983 605.4751779064536 80.94053948670626 126.6852899119258 0.9918959960341454 0.6483596861362457 0.1076749712228775 34.23248663544655 6.233711242675781 8.267057828605175 14.02182591333985 8.901343360543251 0.4259012565016747 0.3240700215101242 5.396826379001141 0.7810221463441849 0 256.7803932353854 186.5645603463054 51.67136839777231 30.88053403794765 5.192606277763844 2.700168609619141 147.0417059063911 1.827323094010353 8.172995701432228 44.18369494378567 1.125320285558701 6.592330448329449 15.53178150206804 2.734953112900257 0.8501805141568184 3.003397986292839 0 0.3398922979831696 0.3711685314774513 0.936437152326107 0.9124322980642319 1.111193910241127 126.7110484987497 0.4525202959775925 0 0.4549223706126213 824.6213851571083 0.3404728323221207 0 1.249525099992752 0.945813775062561 0 62.03798989951611 4.010184898972511 0.2767849713563919 5.180816739797592 7.373866572976112 0.9697636812925339 5.042258508503437 11.33344016969204 8.522181242704391 5.608260244131088 0.6254358887672424 0 0 0 0 0 0 0 0 0 0 0 0 0 0 0 0 0 0 0.1369173973798752 0.2718504816293716 0.1333941072225571 0 0 2.585418075323105 0 0.4855218604207039 0 0 0 0 0.07836034148931503 0 0 0.1285885274410248 0 0 0.9617675542831421 0 0 0 0 0.1017471924424171 0 0 0 0 0.09707463532686234 0 0.4768111556768417 0.2131908982992172 2.096604391932487 0 0 0 0 0 0 0 0.07903938740491867 0 10.98862627893686 0.1149249076843262 0 0.1778176873922348 0.2287257611751556 1.846051581203938 0.7845141887664795 2.735705852508545 0.1167449504137039 0.2716394066810608 0 0.2894915342330933 0.2963980734348297 0 0 0 0 0 0 0 0 11.05946850776672 0.6506393402814865 2.045088171958923 320.0909522920847 60.31412333250046 370.7595453709364 104.34189273417 1856.978066854179 87.15717367082834 7.0136783644557 64.71935650706291 5.464902140200138 0.5265674963593483 1.600532703101635 0.2549816966056824 8.664813280105591 0.1691806614398956 2.909186743199825 0 2.1510294303298 0.2037265300750732
520.9817365929484 2002.942645318806 0 55.77747678756714 1093.090870343149 19.85686523467302 338.7345886677504 2809.706322021782 275.7900916710496 37.95743253827095 3623.940744683146 12.33519794791937 125.9468069523573 768.8872369602323 35.27294145524502 22.13718993216753 8.373851336538792 0.3520902097225189 0.2691194713115692 0.2422070875763893 3.362261772155762 0.3169414550065994 2.773925200104713 3.002015262842178 2.084790833294392 3.827178113162518 0.1958350315690041 0 0.4630235359072685 0.1657258719205856 4159.581396147609 2190.108215004206 70.45464190840721 0.7391185536980629 2.734199360013008 10.67964543402195 30.43394459038973 5.812314234673977 1.678752884268761 1.015860073268414 3.144623748958111 0.6714257821440697 0.6317850425839424 5.476054273545742 0.7750402987003326 1.588964954018593 141.7119816467166 16.21284157782793 2.207826636731625 0.1207553967833519 9.988798193633556 1.260425321757793 0 0.2554034739732742 1.707127586007118 1.930453591048717 182.8302481919527 1103.648823410273 60.30454796552658 85.69765012711287 16.44200277328491 7.751389287412167 2.38826796412468 331.2272114902735 4.326461426913738 6.504883959889412 10.13224571943283 9.768825851380825 0.7697962820529938 6.077108599245548 14.13886202871799 2.168660335242748 0 217.8845626264811 231.1764939874411 40.62025456875563 417.3246589526534 183.1072336509824 111.5884857550263 1067.645706564188 19.54414666444063 220.0452926978469 26.63085240870714 0.7205881774425507 4.141255751252174 12.72645045816898 2.251839227974415 0.2047758772969246 2.954520791769028 0.4564523473381996 0.2722821310162544 0.6239125356078148 5.332553155720234 1.100044310092926 0.5820034742355347 22.09195373952389 0.9876135960221291 0.1081519275903702 1.124824538826942 488.6454023197293 0.1004742011427879 0.5450155287981033 0 0.4154970943927765 0 1.622439324855804 0.5874846577644348 0.2045966386795044 0.780504584312439 1.914789035916328 0.9049443900585175 2.625140778720379 3.867460556328297 4.089785158634186 3.678574651479721 0.1543863564729691 0.541987270116806 0 0 0 0 0 0.1313555091619492 0.6985526531934738 0 0 0 0 0 0.1069287359714508 0 0.3118327707052231 0.1079022213816643 0.1852846741676331 0 0.551603652536869 0 0 0.3996512740850449 3.270526349544525 0 1.177100405097008 0.2902095317840576 0 0 0 0 0 0 0 0 0 1.047019228339195 0 0.1363295465707779 0 0 0 0 0 0 0.1930566132068634 0 0 0.5335874706506729 0.2804514393210411 3.222238019108772 0 0.1745589822530746 0.1063742935657501 0 0 0 0.09349358081817627 0.0959722101688385 0.1747023910284042 8.748108133673668 1.612113513052464 0 0 0 3.187284350395203 1.609627336263657 3.351056456565857 0 0.252207063138485 0.2893911898136139 0 0.2419073954224586 0.09099935740232468 0 0 0 0 0 0 0 1.338054962456226 2.240783400833607 3.443907089531422 201.540899336338 37.68688239902258 236.1123635545373 64.64174655079842 366.713261179626 47.7121409624815 5.362676553428173 50.91764890402555 7.476543597877026 0.4077004045248032 1.168561071157455 0.2042050361633301 0.1540539115667343 0.1498584747314453 0 1.010243698954582 1.596414864063263 0.4505198821425438
1699.175374411047 1165.881999708712 55.77747678756714 0 446.7300504297018 365.2096641659737 2039.333055563271 1.555594637989998 78.93809242546558 2013.411575637758 25.74931006878614 13.50124561786652 502.9418926239014 46.75821512937546 3.030497528612614 0.4435223340988159 0 0.2205257192254066 0 0.2555354163050652 0 0 0.1864653378725052 0 0 0 0 0 0.1743019819259644 0 71.81018167734146 4.948250785470009 1.004805997014046 0 0 0.08321139216423035 0.7223678529262543 0 0.3058266341686249 0 0 0 0 0.09976369142532349 0.09163371473550797 0.08810719847679138 48.05421036481857 5.825646318495274 0.5811580494046211 0 2.505438819527626 0.1677782833576202 0.3290868401527405 0 0 0.5476897656917572 50.11984469741583 78.46261669695377 15.29978294670582 23.9311420544982 0 0 0 3.773855529725552 1.378004781901836 1.663431465625763 2.957897812128067 1.617427803575993 0.09971713274717331 0 0.7784225940704346 0.4168727248907089 0 53.94181582331657 32.34600158780813 8.543891206383705 3.850117668509483 0.1268875449895859 0.3090999945998192 3.279150143265724 0.4765152335166931 0.2381789684295654 9.057082943618298 0.2028127759695053 1.763719372451305 3.871380262076855 0.6495466604828835 0.3505351692438126 0.400189533829689 0.128309428691864 0.1068438664078712 0 0 0 0 121.6048007458448 1.242449834942818 0.2779843211174011 0.6377464532852173 200.5818840190768 0 0 0 0 0 23.61703260242939 0.678202748298645 0.5860189497470856 1.301689952611923 3.996880412101746 0 3.10006494820118 6.025337919592857 2.235948085784912 0.427899956703186 0 0 0 0 0 0 0 0 0 0 0 0 0 0 0 0 0 0 0 0 0.3740185350179672 0 0 0 0 0 0 0 0 0.1415152102708817 0 0 0 0 0 0 0 0 0 0 0 0 0 0 0 0 0 0 0 0 0 0.564865730702877 0.1357631981372833 0.2352461665868759 0 0 0 0 0 0 0 1.999759435653687 0.1092858463525772 0 0 0 0.4859061539173126 0.5518664121627808 0.49236661195755 0 0 0.4315084666013718 0.2612957954406738 0 0 0 0 0 0.09735894948244095 0 0 0 3.775447219610214 0 0.3068112730979919 74.33583664894104 10.83433957397938 60.58402825891972 13.90269816666842 968.4943658336997 13.33853627741337 1.251250177621841 7.944503858685493 0.1960608214139938 0 0.1314543336629868 0.2895576059818268 2.469293057918549 0 0 0 0.2904151529073715 0
454.4109888002276 3584.497781381011 1093.090870343149 446.7300504297018 0 40.75532642751932 4087.343694783747 237.9128651320934 2502.474763922393 527.5513079836965 1726.705144099891 31.90356177836657 178.3309175223112 335.1268144994974 25.36548084765673 4.841630667448044 1.392153143882751 0.7305816859006882 0.1294095665216446 0.1015772670507431 0.3295694664120674 0 0 0.07457955181598663 0 0.5856689363718033 0 0.7888053804636002 0.5676429942250252 0 395.17102291435 55.70539604127407 4.874958917498589 0.2248896062374115 0.3073986619710922 0.4812439158558846 3.337497867643833 0.4002370089292526 0 0 0.1002931147813797 0.4523479640483856 0 0.2971315011382103 0.1716186627745628 0.4984206408262253 107.7656483948231 9.49178422242403 0.7539307847619057 0 3.232080169022083 1.377518981695175 0 0 0.3138579130172729 1.431317873299122 36.13830508291721 111.2661418095231 13.79876735061407 52.24282376468182 0.7021506577730179 0.2786244601011276 0 20.33630133420229 1.586147457361221 2.331024713814259 4.626281559467316 3.478895008563995 0.3838558867573738 0.5634077712893486 8.203406751155853 0.2573458701372147 0.2841198742389679 60.8176354020834 58.0419582799077 27.5610709041357 25.0527106821537 5.403496876358986 1.779111638665199 19.61712384223938 1.172436103224754 2.484817855060101 14.59702467173338 0.2056700214743614 2.079068079590797 5.510294824838638 0.8171610236167908 0 0.6904804036021233 0.1976207345724106 0.09818217158317566 0.207517147064209 0.09847965836524963 0.314819797873497 0.4559140354394913 69.54383198171854 0 0 0.4386121481657028 78.20889781415462 0 0.8974302411079407 0.2213798612356186 0.7218858897686005 0.298653244972229 9.186004161834717 3.427566766738892 1.382487162947655 4.894001394510269 10.73661822080612 0.6781828999519348 11.76004302501678 21.35811634361744 13.44850273430347 7.109000608325005 0 0 0 0 0 0 0 0.13885797560215 0.463848352432251 0 0 0 0 0 0 0 0 0.5036149621009827 0 0.2222112715244293 1.418517380952835 0 0 0 2.44167186319828 0.1658724099397659 1.277409628033638 0.1264293044805527 0 0 0 0 0.2081553786993027 0 0 0 0 0.2748822867870331 0 0 0 0 0.1651106923818588 0 0 0 0.442839540541172 0.1686467677354813 0.5433283150196075 0 1.041668891906738 4.298348605632782 0 0 0 0.09490755945444107 0 0 0 0 0.2494421601295471 16.83033992350101 0 0 0.1512163579463959 0 3.015845008194447 0.8225449770689011 4.047530710697174 0 0.2946417033672333 0.4448557421565056 0.3279239535331726 0.419191837310791 0 0 0 0 0 0 0 0 16.52012760937214 2.20825007557869 2.006187438964844 176.3548767790198 35.27658031880856 197.4333866238594 59.47440312057734 396.1567801460624 46.54314022511244 3.299021400511265 35.92616289108992 7.629867121577263 0 3.627932876348495 0.3034828528761864 10.45067735016346 0 1.087714433670044 0.3213456273078918 1.780114702880383 0
61.70048967003822 333.4926033169031 19.85686523467302 365.2096641659737 40.75532642751932 0 142.4018068090081 2.838342875242233 6.940120786428452 180.9104103893042 7.125475123524666 20.54342043399811 28.47526755183935 13.28529720008373 0 0 0 0 0 0 0 0.4208462983369827 0 0 0 0 0 0 0 0 9.979129463434219 0.7149295881390572 10.33586771786213 0 0 0 16.90773612260818 0.947561040520668 0.4062808007001877 0 0 0 0 0 0 0 0.423322394490242 0.1913618221879005 0 0 0 7.713776469230652 0.2683163285255432 0 0 0.1473647654056549 114.2215114608407 7.054842635989189 2.549104809761047 0.6468990743160248 0 1.72813805937767 0 0 0 0.1060539931058884 0.3872558251023293 0 0 0 52.248315513134 76.03068381547928 6.793510422110558 2.412819772958755 0.5258777588605881 0.1747745871543884 0 0 0 3.923822358250618 0 0.6975969076156616 0 0.6908486932516098 0.1017173156142235 0.08805137127637863 0 2.91691429913044 0.1520126014947891 8.155002668499947 0 2.000271052122116 0 0 0 188.0801020562649 50.33962568640709 0.9740956127643585 7.831537455320358 554.9078629314899 0 0 0 0 0 3.080710455775261 0.8928548097610474 0.2855671048164368 0.4529776722192764 0.9637666940689087 0.1616117805242538 0.6512359380722046 0.4849079251289368 0.3640576004981995 0.1561975032091141 0 0 0 0 0 0 0 0 0 0 0 0 0 0 0 0 0 0 0 0.1601955741643906 0.1483439803123474 0 0 0 0.1423535794019699 0 0.1509149074554443 0.1504770666360855 0 0 0 0 0 0 0 0 0 0.5418926477432251 0 0 0.1406915187835693 0.3481391966342926 0 0 0 0 0 0 0 0 0 0.2445556670427322 0 0 0 0 0 0 0 0.1445460915565491 0 1.073850274085999 0 0 0 0.1774284690618515 0.1805756390094757 0.3473548591136932 0.3127476274967194 0 0 0 0 0 0 0 0 0 0 0 0 0 2.270981073379517 0 0.5932652205228806 7.679770857095718 0 0.3866169154644012 0.6829836145043373 180.7132914885879 0.264244019985199 0.2023747116327286 0 0 0 0 0 0 0 0 0 0 0
597.6067346036434 3542.713006578386 338.7345886677504 2039.333055563271 4087.343694783747 142.4018068090081 0 26.25954911112785 1857.687122009695 4782.014245092869 362.2918614596128 374.3833548724651 4271.158768601716 1415.39249753207 68.4034788236022 10.98786146193743 5.234672576189041 0.2267434671521187 0.1506101042032242 0.705646887421608 0.8981559351086617 1.495442792773247 0.7174543589353561 1.315366737544537 0.2615699917078018 2.8487568795681 0.8368074521422386 0 1.996127933263779 0.6892864927649498 253.784340724349 82.40857075154781 17.14017754048109 0.1572836190462112 0.2748717218637466 0.8894930109381676 7.408274456858635 0.5644298046827316 0.1427079886198044 0 0.1524393111467361 1.53613255918026 0.4407550022006035 2.409926287829876 0.4201188907027245 0.770833745598793 266.1682829260826 23.0111687630415 2.895844526588917 0.3377097174525261 7.783733300864697 1.328076168894768 0 0.7831810116767883 1.305282562971115 3.330965213477612 70.92197599261999 209.2742170020938 35.03438963741064 114.2145560830832 1.817019127309322 0.7045735195279121 0 30.87321102619171 5.689593926072121 8.541702285408974 12.15216621011496 6.938699699938297 0.3787412866950035 0.6579659059643745 13.78491766005754 1.324547030031681 0.1714293956756592 150.2635061964393 138.6144920215011 75.05334736406803 56.05518807470798 11.37805399298668 2.579999409615993 30.37873383611441 2.491890326142311 9.475077100098133 31.95249979943037 0.302374541759491 5.067644730210304 15.03865091502666 2.303097061812878 0.5788094624876976 2.357160404324532 0 0.7569482177495956 0.9395307600498199 1.74854127317667 1.2277827039361 2.493180699646473 390.0460749864578 1.005749478936195 0 0.9611020237207413 104.0601861476898 0.8418933227658272 3.417171090841293 3.029770419001579 2.335374176502228 0.7460416555404663 13.22447590529919 18.65174124389887 9.070043280720711 37.13822361081839 53.92520149797201 8.290744110941887 44.05788453668356 98.04074196517467 65.55436972528696 36.3702966272831 1.110406883060932 1.1507174000144 0.2475888654589653 0.1184896007180214 0 0 0.7893772050738335 0 0.07662626355886459 0 0 0 0 0.113656722009182 0 0 0 0.3613636195659637 0.1710186451673508 5.570555649697781 6.059577189385891 0.1154588609933853 0.3487063050270081 1.016484573483467 16.00189735740423 0.8058982938528061 7.088019639253616 0.7370050325989723 0 0.1782670319080353 0.1664276719093323 0 0.2375925183296204 0.129920095205307 0.3614339232444763 0 0.7254185378551483 7.076069518923759 0.2876311391592026 0.1221329644322395 0 0 0 0 0 0 0.1314085572957993 1.553497210144997 0.3840215355157852 0.3630426377058029 0 17.86018617451191 1.263785615563393 0.1069576740264893 0 0 0.09166371822357178 0.4064377844333649 0.09154418855905533 0.09711384028196335 0.2939186692237854 89.61112066358328 1.019367471337318 0 0 0.5698747709393501 14.6005716919899 3.60350413620472 10.11949948966503 0.4585433974862099 1.065513432025909 2.516876488924026 0.09851226955652237 1.457064688205719 0 0 0 0 0.08223580569028854 0.3771093264222145 0 0 85.75608602911234 6.943722411990166 10.64406310766935 461.2807578369975 84.8470560759306 504.1793538033962 159.0433240681887 1091.885278329253 122.2255889251828 10.07816199958324 119.6631837040186 18.80311065912247 0.9665947929024696 9.079413324594498 0.871169239282608 36.77418575435877 0.1688745617866516 1.450833141803741 5.337480962276459 6.23576308786869 0.959109365940094
96.2044499963522 564.5876854360104 2809.706322021782 1.555594637989998 237.9128651320934 2.838342875242233 26.25954911112785 0 316.0082132741809 3.571461848914623 2773.362203516066 19.04453108459711 176.3724723085761 1093.249821014702 100.7751807570457 70.42183958739042 23.8461604565382 1.073789514601231 0.5472425073385239 6.255636408925056 18.07737900316715 0.5452950596809387 12.33003180474043 18.23640193045139 6.401913225650787 9.307266987860203 1.583495914936066 1.290432423353195 1.330298356711864 0 697.8871531262994 1428.046447619796 119.3270047828555 1.806852363049984 16.38574323058128 41.99120999127626 63.9866761341691 14.12252587080002 6.424558572471142 4.386951625347137 10.12553548812866 3.651824973523617 4.324549362063408 58.25360479950905 4.655652940273285 16.1042043492198 165.6447577923536 14.76026826351881 2.842483669519424 1.427701450884342 29.06609303504229 1.60063161700964 0.138457253575325 1.798924691975117 0.0912054106593132 1.886615373194218 34.09442311525345 224.6225426420569 16.85840199887753 55.29713694751263 132.5204214155674 22.17110988497734 11.50153950601816 120.4339876323938 1.678257957100868 5.284200415015221 15.03634348511696 20.19190117716789 6.844686649739742 27.62824215739965 26.9914565384388 9.235333077609539 0 87.79269686341286 115.751527287066 62.34603762626648 176.663386747241 265.9159681871533 893.3441192060709 3597.748008564115 330.8973452299833 2892.565259769559 13.06148761510849 0.4956145361065865 2.854109786450863 8.973457276821136 2.239108376204967 0.1731316670775414 1.936487071216106 0.4645318612456322 0.3303608894348145 0.3905234336853027 37.02057640254498 2.132496327161789 1.530325271189213 35.2620190680027 2.110758274793625 0.1607682853937149 4.386020198464394 60.2381142154336 0 0.4909719452261925 0.2744095921516418 0 0 0.472630575299263 1.236103177070618 0.2024647146463394 0.9898059517145157 2.005799829959869 0.7304931432008743 3.215084820985794 4.588289231061935 5.321857266128063 4.247557550668716 0.8321705535054207 0.4236135631799698 0.2444581389427185 0.1039350777864456 0 0 0 0.08509013056755066 1.042132899165154 0.1359371095895767 0.5975714921951294 0.1272184252738953 0.5002910643815994 0.4826423525810242 0.4553778916597366 0.1368283778429031 0.2445334196090698 0.5064903348684311 0.4359827786684036 0.2615563273429871 0.7585351914167404 0 1.17601340264082 1.066772416234016 4.354767918586731 0.359987735748291 2.153989069163799 1.435867346823215 0.617627814412117 0.136714369058609 0.145290195941925 0 0.2715059667825699 0 0.7498102560639381 0.1091235354542732 0 1.60901490598917 0.2872574329376221 0.2612770572304726 0 0.5529032945632935 0.2620410695672035 0 0 0 0.21956767141819 0 0 0.3381340503692627 1.190770141780376 5.181191079318523 0 0.1015356108546257 0.09069252759218216 0 0.1125402376055717 0 0 0.2151712030172348 0.2621636912226677 13.84335605055094 2.06692998111248 0 0 0.104775533080101 3.33806461840868 2.344005160033703 7.158747866749763 0.2615009322762489 0.1076094135642052 0.2047429531812668 0.1338134706020355 0.125776395201683 0.2159864753484726 0 0 0 0 0.5829251632094383 0 0 4.688930742442608 3.002205401659012 5.852941505610943 278.2520646899939 49.01033836603165 340.5704515427351 98.82943860441446 126.8034950122237 53.12244166433811 4.423589825630188 96.12235439568758 11.18850236386061 0.2695452719926834 4.250865340232849 0.2286541163921356 1.605173513293266 0.1320171356201172 0 1.090940460562706 4.015523374080658 0.5827827453613281
63.73754582554102 1062.907646872103 275.7900916710496 78.93809242546558 2502.474763922393 6.940120786428452 1857.687122009695 316.0082132741809 0 686.1242782622576 2651.434735059738 157.0773565322161 1129.655134923756 1349.159842573106 64.04469422996044 19.95850303024054 7.84577277302742 0.146347388625145 0 0.4440743178129196 1.397254966199398 0.7338717132806778 0.9553708359599113 1.266857974231243 0.1177683472633362 1.538091316819191 0.7851694375276566 0.1634504497051239 0.6522025913000107 0.3475189208984375 104.1239093095064 55.19912862032652 29.69684606790543 0.3122738897800446 0 0.3900297060608864 13.74332067370415 1.024430692195892 0.1339203119277954 0.171116441488266 0.4276205599308014 0.6833000779151917 0 5.080587722361088 0.894474558532238 0.6793574243783951 128.7126918211579 5.158636048436165 0.8019216805696487 0.1219800114631653 3.349190153181553 0.3864739015698433 0.4834304600954056 0.1438994854688644 0.2310316637158394 0.9147820025682449 19.24742489308119 44.93601567298174 8.508359506726265 32.50169225782156 1.122998103499413 1.86862151324749 0.9277006164193153 13.12064769119024 0.7192573025822639 1.340170927345753 2.682024694979191 1.848271809518337 0.1893047392368317 0.7432369738817215 18.91885700076818 0.8747267201542854 0.1795405000448227 34.90401757508516 33.61482371389866 38.24490298330784 44.49217060208321 21.60621032863855 2.086673654615879 50.88744282722473 1.308870866894722 14.08952885866165 4.969454444944859 0.5185032933950424 1.090533219277859 3.756936080753803 0.9868983030319214 0.3524118289351463 0.5571198761463165 0 0 0.4986666515469551 0.2678356841206551 1.864391438663006 1.320755258202553 341.5526183918118 1.049271300435066 0 1.111989751458168 24.66104480624199 0.1531451642513275 2.539576649665833 2.5815259963274 2.231016002595425 0.5522757321596146 10.72048146277666 19.10011947900057 6.552028819918633 31.99720820039511 51.93193461745977 8.681328885257244 45.40386086702347 91.1667262762785 61.58275722712278 38.48701820522547 0.9853213354945183 1.770497553050518 0 0 0 0 0 0 0.102382630109787 0 0 0 0 0.1633446365594864 0 0 0 0 0 4.751834988594055 5.028628215193748 0 0 0.4671415537595749 17.92292093485594 0.3655933737754822 5.17925713211298 1.042640142142773 0.1472779661417007 0 0 0.1279057115316391 0.3427998423576355 0.142488107085228 0.1942533403635025 0 0.7009572684764862 5.278993211686611 0.08318910747766495 0.3287296295166016 0 0.3180764019489288 0 0 0.2107102274894714 0 0.110832504928112 1.267505742609501 1.235652148723602 0.1845129728317261 0.1532305479049683 19.10506467521191 0.7744005769491196 0 0 0.1153422296047211 0 0.4486153721809387 0 0.2028616070747375 0.5145308971405029 96.25676733255386 1.249683693051338 0 0 0.1008087694644928 13.133221372962 5.934875965118408 10.94046581536531 0.6622314751148224 0.6463622078299522 3.12455939501524 1.074291907250881 0.9748988747596741 0 0 0 0 0 0 0 0 91.2646441757679 8.547085240483284 11.46880234032869 339.7195241749287 67.01013292372227 308.283833399415 127.6863866373897 264.6134021729231 76.44264599680901 4.639417074620724 101.5141462683678 14.16791592538357 0.9806553572416306 9.379601418972015 0.9210723787546158 39.74164198338985 0.6622837036848068 2.222349941730499 2.116799339652061 5.767196647822857 0.4960424304008484
278.7304516509175 971.1781229227781 37.95743253827095 2013.411575637758 527.5513079836965 180.9104103893042 4782.014245092869 3.571461848914623 686.1242782622576 0 162.2857666835189 1126.383676588535 4376.816590160131 708.4099108055234 7.353955797851086 1.190999038517475 0.6130267381668091 0 0 0 0 0 0 0.3278374671936035 0 0.1990527957677841 0 0 0 0 20.86084178835154 4.179871097207069 16.39469911158085 0 0 0.1698345988988876 14.46424974501133 0 0 0 0 0.1641935259103775 0 0.1549756675958633 0 0.1065591797232628 43.84029224514961 2.931932166218758 0.1148839667439461 0 1.239243395626545 0.2213425487279892 0 0 0.1532423347234726 0.1620637848973274 26.71674654632807 27.37088583409786 7.53569120913744 14.17951958626509 0 0.3725925534963608 0 1.493047140538692 0.5483255907893181 0.841831661760807 0.9659277945756912 0.9891548007726669 0 0.2014880180358887 38.92946504801512 5.146616831421852 1.044447869062424 25.23415067791939 19.58711881190538 6.840249724686146 5.032488614320755 2.542252488434315 0.2292073667049408 11.25673480331898 0.5409585386514664 1.953118786215782 4.946408532559872 0.4306929111480713 1.021725215017796 1.931508161127567 0.2343272566795349 0.2798013314604759 0 0.5130234658718109 0.2784788012504578 0.1699569821357727 0.09530047327280045 0 0 978.9912986457348 7.347723424434662 0.8116220533847809 0.7609788477420807 329.2404057830572 1.99662322551012 8.030182540416718 8.543837577104568 13.22993887960911 1.992668770253658 77.21845653653145 46.81168666481972 15.38562402129173 71.71136571466923 125.7428037151694 12.01604818552732 91.53702646493912 169.7755113691092 126.1195683777332 51.74604712426662 1.283725760877132 0.1175131499767303 0.3128728270530701 0.8167566210031509 0 0 0 0 0 0 0 0 0 0 0 0 0.2689462304115295 0 0 6.220758222043514 7.138542249798775 0 0.4275638163089752 0.8108075484633446 21.31047523766756 0.9298552274703979 7.097204387187958 0.8608244881033897 0 0 0 0 0.1031382530927658 0.4851381704211235 0.2164733335375786 0 2.87928181886673 8.239680267870426 0.2747249901294708 0.1234092935919762 0 1.136723443865776 0 0 0 0 0.1097082644701004 2.850248888134956 0.2392404824495316 0.1574476808309555 0.7284221202135086 19.58420449495316 1.620314992964268 0.1088241040706635 0.1279468983411789 0 0.0974678173661232 0.1351277977228165 0 0 0 131.4999567493796 1.317068994045258 0 0 0.1498405486345291 18.05531536787748 3.535301312804222 8.467358268797398 0.4205881357192993 2.082370392978191 3.786260187625885 2.814716808497906 2.905342370271683 0 1.203917622566223 0 0 0 0 0 0 176.4817434549332 7.004233099520206 7.679353930056095 257.8576068878174 11.49802082031965 86.44229230284691 18.13998733460903 941.3893297463655 16.40711330622435 0.4563080370426178 25.2903216779232 12.44477099180222 0.09316248446702957 10.07193112373352 1.45524650812149 91.28126612305641 0.1845458298921585 6.394242763519287 8.74231344461441 1.303398534655571 0
228.7119004875422 2378.044143147767 3623.940744683146 25.74931006878614 1726.705144099891 7.125475123524666 362.2918614596128 2773.362203516066 2651.434735059738 162.2857666835189 0 56.95029375702143 741.8859493732452 2733.876731753349 73.52010228484869 30.82384653389454 8.788310781121254 0.5938813015818596 0.3359128534793854 0.1775200217962265 1.456822082400322 0.3454585820436478 1.41477208584547 2.22070686519146 0.2489703223109245 2.440212287008762 0.5085777044296265 0.4634252041578293 0.5413600653409958 0 658.6496613323689 466.1272264420986 185.7574949041009 0.2647149935364723 1.649811863899231 5.001042261719704 77.62419233471155 5.866910271346569 2.961598746478558 0.4469724297523499 2.271782748401165 1.246366024017334 0.1382824629545212 8.772373102605343 0.6792791858315468 0.4090721756219864 137.5353471785784 8.101912587881088 2.597794629633427 0 7.435437709093094 0.2330985441803932 0.1342351585626602 0.4643409252166748 0.4447024762630463 1.21882801502943 40.84826990962029 153.097033277154 16.50387381762266 50.68743253499269 3.087547086179256 5.101712502539158 1.667737700045109 40.13364785164595 1.971900068223476 2.602740921080112 5.920403927564621 4.169752664864063 0.4225495606660843 2.249974489212036 43.02319640666246 5.31251734495163 0.3661125302314758 75.66791016608477 72.66017436981201 46.85564018040895 64.73702026158571 32.10301325470209 141.5901416242123 1159.72153762728 5.786193780601025 99.30390229821205 11.98216147720814 0 2.214766435325146 7.193838432431221 1.112421542406082 0.3936628699302673 1.618416406214237 0.1380776762962341 0.2418177574872971 0.4183082804083824 2.386161983013153 0.811734639108181 0.9719537049531937 115.7739116474986 3.614219769835472 0 1.296096779406071 89.46521968394518 0.2197931632399559 1.195461481809616 2.483777210116386 0.4210930466651917 0.2779444232583046 4.28861328959465 5.00813589990139 0.8089352548122406 9.635115414857864 17.47976268827915 1.52070327848196 18.83424691110849 26.27797458320856 24.89502390474081 14.47356110811234 0.8403621837496758 0.3945875987410545 0.1294062435626984 0.1226018369197845 0 0 0 0 0.4051841869950294 0 0.2619933784008026 1.014338374137878 0 0.3808209598064423 0.1127501577138901 0 0 0 0.3445312529802322 0.9823638275265694 1.988912768661976 0 0.7422211021184921 0.1837911531329155 7.303314238786697 0.8831145614385605 1.65004313737154 0.3597327470779419 0.1402634382247925 0.1605299711227417 0 0 0.5146875157952309 0.5955461859703064 0.1058292835950851 0 0.7601953446865082 1.588698029518127 0 0.1999370157718658 0 0.2287349998950958 0 0 0 0.07774746417999268 0 0.7675487399101257 0 0.4229225218296051 0.5945597514510155 6.765717878937721 0.7397405654191971 0 0 0 0 0 0 0.1425097286701202 0.6354331150650978 33.44883311539888 1.284635856747627 0 0 0.09176842123270035 5.13606645911932 2.626045301556587 4.360250443220139 0 0.6825643330812454 1.2491095662117 0.3673843443393707 0 0.1221210360527039 0 0 0 0 0 0 0 26.07757137715816 4.586088709533215 5.984652601182461 294.3521015048027 45.71834927797318 314.2698764130473 118.0541940331459 255.4870725795627 62.08641518652439 5.706827014684677 100.7612001076341 15.29418999701738 0.181825578212738 5.092333376407623 0.3985265716910362 13.53609634935856 0 1.913080394268036 0.8934492543339729 5.132387027144432 1.185458183288574
3.367574289441109 19.65360935777426 12.33519794791937 13.50124561786652 31.90356177836657 20.54342043399811 374.3833548724651 19.04453108459711 157.0773565322161 1126.383676588535 56.95029375702143 0 2746.550165884197 591.229933232069 13.56114948540926 10.59158201515675 4.721211291849613 0 0 0 0.1674421727657318 0 0.4845140874385834 0 0 0.1330697238445282 0 0 0 0 4.226653933525085 4.184311725199223 78.11423687636852 0 0 0.5057078152894974 246.3211912587285 13.50855049490929 5.114603266119957 0 0 0 0 1.997065395116806 0 0 24.52549662441015 0.6659475564956665 0 0 0.7415265589952469 0.1979233920574188 0.1173454597592354 0 0 0.09901515394449234 3.820412032306194 6.160332649946213 2.409516982734203 2.845221951603889 0.369077205657959 1.945708617568016 0 3.531048826873302 0.1000376865267754 0.2845494970679283 0.3787098526954651 0.4482731223106384 0 0 267.3323681354523 19.08035337924957 0 4.138245202600956 5.673831783235073 3.619465313851833 8.137184157967567 5.383858136832714 0.4815820679068565 52.06142892688513 0.2451525777578354 8.672589957714081 0.2569289058446884 0 0.191428504884243 0.7181627303361893 0 0 0 0.3391659259796143 0 0 0.3894997537136078 0 0.2602417469024658 1458.852045372128 63.55935257673264 0 8.983558744192123 17.01552100479603 0.6050453409552574 5.828850001096725 1.655624970793724 2.534671857953072 1.79504669457674 10.60059510171413 14.21638798713684 6.385862499475479 24.24144916236401 46.04944233596325 11.23316116631031 40.02520357817411 86.7261309325695 94.11629781126976 55.27075607329607 0.4106582701206207 0.5828897729516029 0.2342224940657616 0.1254030168056488 0 0 0 0 0 0 0 0 0 0.1155333817005157 0.139702782034874 0.1471208035945892 0.147661492228508 0.1355122774839401 0 3.856093093752861 7.120129890739918 0 0.5307167768478394 0 37.66459853202105 1.299252726137638 9.495358377695084 1.462325267493725 0 0 0 0 0.3792406916618347 0 0.1111892983317375 0 1.11971278488636 5.725899070501328 0 0.2287570238113403 0 0 0 0 0 0 0.07376176863908768 1.744844160974026 0 0.3493711948394775 0.9947589337825775 29.72599606961012 1.945520579814911 0 0.1346292942762375 0.09185019880533218 0 0 0 0.1882836222648621 0.3528470620512962 125.7378872260451 5.887287281453609 0 0 0 24.48514325916767 7.927399829030037 18.32484049350023 0.8919796794652939 1.405286841094494 1.636688634753227 0.5100722908973694 1.75449875742197 0.1261643767356873 0 0 0 0.08873912692070007 0 0.1262220442295074 0 93.09759870916605 16.91891894489527 23.54117458313704 149.3615903258324 6.55469323694706 74.4019929766655 20.327755600214 201.2196298912168 15.52235841751099 1.152299106121063 49.10370472073555 10.69263749569654 0.2507745325565338 13.1434121876955 1.752642378211021 30.9767832159996 0.3960988149046898 0.1735541969537735 2.661038920283318 1.883884832262993 0.1695478707551956
29.09850661456585 429.8035616502166 125.9468069523573 502.9418926239014 178.3309175223112 28.47526755183935 4271.158768601716 176.3724723085761 1129.655134923756 4376.816590160131 741.8859493732452 2746.550165884197 0 2070.449041083455 64.74259704351425 34.29357077926397 15.94877161830664 0.338005855679512 0 0.3349237889051437 0.569391280412674 8.755770847201347 0.2857937216758728 0.7440276741981506 6.831425197422504 2.447550468146801 0.5052297562360764 0.6115554124116898 4.593444764614105 0.1849983930587769 43.52175002545118 29.94106026738882 449.6542704924941 1.268395476043224 0.4937799945473671 15.38436526060104 663.6021632552147 134.2385986372828 91.04373217374086 60.39565778523684 2.038886323571205 1.630115151405334 0 9.27313718944788 0.9932863488793373 3.225783534348011 91.30568580329418 3.333243802189827 0.6192472949624062 0 3.918760851025581 5.308756157755852 59.45546217262745 0.2937757521867752 0.6113334894180298 0.4043473079800606 11.52654583007097 24.06144807487726 6.241734504699707 14.45866507291794 13.38071017712355 15.66499924659729 4.142924964427948 9.299336649477482 0.546958215534687 1.219694554805756 0.8095761463046074 1.654485963284969 0.3436986953020096 1.728012129664421 1260.075390100479 96.43014249205589 1.134376645088196 15.83949296921492 17.93213341385126 19.2226929590106 33.24262533336878 26.33499022573233 3.960646644234657 278.3396715521812 1.714563466608524 56.72680850327015 2.41920505464077 0.1643864512443542 0.7975249439477921 1.365230545401573 0.6212636977434158 0.6037828400731087 0.6282839924097061 1.075193747878075 0.4608170539140701 1.682938769459724 1.125464998185635 1.356661826372147 1.605919815599918 2544.137685135007 188.6159593313932 21.10937713086605 246.6347769200802 33.52251090854406 0.7333557903766632 6.021589078009129 6.181806229054928 3.66558963060379 0.6990395113825798 13.63121371716261 22.97880942374468 13.17872606217861 41.90067728608847 83.54489437490702 14.9925330132246 63.93291512876749 142.7453898563981 120.8383718952537 88.59341824799776 2.77348655462265 2.181212604045868 1.056593731045723 0.09645994752645493 0 0 0.7582670971751213 0 2.304431095719337 0.3273206204175949 0.1553910821676254 1.142758205533028 0.3928443193435669 0.1612811833620071 0.680292084813118 0 1.047873638570309 0.8338092118501663 0.1226690486073494 8.673611454665661 11.13224305212498 0.5408366024494171 2.089832291007042 1.466236621141434 50.36408559978008 3.296480499207973 18.40577502548695 4.670177035033703 0.5994197204709053 0 0.8087221756577492 0 0.9766342341899872 0.8681197911500931 0.1273151040077209 0 4.711019277572632 10.1445252597332 0.2906175926327705 0.7007085382938385 0.169285461306572 0.7629110962152481 0 0 0 0 0.2282740399241447 2.620911300182343 0 1.122880771756172 3.209600999951363 47.12665721029043 4.027136236429214 0.7714250534772873 0 0.1191039010882378 0 0.3143694847822189 0 0 0.2746994122862816 211.2845251783729 13.87220897525549 0 0 0 37.13973043113947 15.5486991032958 27.9583365470171 1.058781862258911 2.831101156771183 6.359110109508038 2.458034351468086 3.001139171421528 0.1178144440054893 0 0 0 0 0 0 0 156.2715009897947 39.61486265808344 42.67557655274868 329.9975487738848 50.38245413452387 218.4443861544132 85.37959026545286 224.2207295149565 53.95733299106359 4.385808847844601 110.0029631331563 19.77565910667181 0.8923983052372932 23.54403758794069 2.430042326450348 47.48202299326658 2.067441321909428 1.17398726940155 3.293219074606895 3.735627442598343 1.300092414021492
