0 5918.889083109796 372.8163109272718 1252.335115984082 770.7766927406192 371.7584032714367 905.622863188386 13.93362809717655 118.5992047712207 2557.939159378409 69.54575083404779 117.5830083340406 389.1540836915374 105.5891847163439 3.094169177114964 1.860144034028053 0.4766836017370224 0 0.1198680400848389 0 0 0 0 0.1178490072488785 0.1305001080036163 0.1178785562515259 0 0 0.7052623853087425 0.120039090514183 295.2621075883508 4.110847145318985 0.931069403886795 0 0 0.122829407453537 7.109048642218113 1.063640370965004 0.427655965089798 0 0.4509010091423988 0.6238391995429993 0 0 0 0 13.81037044525146 4.875926114618778 0 0 1.058165401220322 0.176738977432251 0.2204242348670959 0 10.52338241040707 19.24727329611778 447.9021809697151 942.4251702353358 25.07876864075661 5.968294262886047 0 0.3195987939834595 0 0.9447953552007675 9.91191366314888 3.782717749476433 1.248674184083939 0.6844322383403778 0.1010418757796288 0.3797473609447479 17.03415976464748 0.153275802731514 0 303.0420862212777 30.55702615529299 25.07952534407377 3.101461388170719 0.5572666078805923 0.356837272644043 18.09648203104734 0 0.1546048372983932 22.98657543212175 0.4680327922105789 7.2462287992239 10.19133511930704 0.9846203550696373 0.9383312836289406 2.208614096045494 0.1081729829311371 0.5506813228130341 0.2272680103778839 0 0.3038869947195053 0 146.8995929211378 0 0 1.416637405753136 1384.273707687855 0 0 0.6086429357528687 0.2134314179420471 0 4.850572317838669 2.620223820209503 4.160973995923996 7.374293208122253 7.626721978187561 0.6771914660930634 1.945311486721039 15.37795823812485 12.98475240170956 1.569532111287117 0.951605886220932 0.3368837237358093 0 0 0 0 0 0 0 0 0 0 0 0 0 0 0 0 0 0 0 0 0 0 2.182873621582985 0 1.405623257160187 2.198899298906326 0.5828636884689331 0 0 0 0 0 0 0 0 0.7148739099502563 0 0 0 0 0 0 0 0 0 0.676949143409729 0 0 0 0.3805639445781708 0 0 0 0 0 0 0 0 0 6.987112194299698 0.6557168364524841 0 0 0 2.173288926482201 0.9510094523429871 1.317937314510345 0.9194166958332062 0 1.003426402807236 0 0.2463808506727219 0 0 0 0 0.7729477137327194 0 0 0 4.118113815784454 0.7084928452968597 5.233853310346603 181.3291651085019 18.90467081218958 171.4993399605155 50.02485696226358 1827.93114734441 5.484850846230984 4.301688022911549 11.43380971252918 3.118261478841305 0.1179167926311493 2.171971261501312 1.040234558284283 7.746420502662659 0.2885772287845612 0.2825365960597992 0.8755091428756714 0.6325060725212097 0
5918.889083109796 0 1706.000341668725 1124.037375852466 4603.556034043431 394.385951474309 2280.756707847118 57.58374314755201 453.5955959111452 945.2537120208144 442.9548453241587 62.11146289855242 243.2175797075033 293.6317435875535 45.01634612679482 7.131299965083599 0.1413861811161041 0 0 0.6248089671134949 2.125312626361847 0 0.7159771397709846 0.2391784638166428 0.3165131285786629 1.435558050870895 0.6979825720191002 1.403721779584885 1.718946889042854 0.1075661331415176 2659.718069471419 17.63116526603699 5.589593194425106 0.1706924736499786 0 0.6063935309648514 13.79323133081198 4.006187990307808 4.559253692626953 1.485675230622292 0.9697588458657265 0.1033286452293396 0 0.6958977282047272 0.1973197609186172 0.1074648648500443 173.7665012851357 35.4053595289588 0.4880881756544113 0.6877756789326668 11.82178091257811 0.6201223656535149 0 1.089422270655632 44.24125356972218 64.15621218085289 414.7650402411819 1738.836930185556 19.98425470292568 46.3579528555274 0.6988682225346565 2.411980673670769 0 31.80334147810936 58.86466153711081 25.3573999106884 5.55783573538065 5.69039312005043 1.091848120093346 3.241976529359818 19.96342207491398 3.333303511142731 0.09145525842905045 1005.559240050614 329.5455253720284 326.3801761567593 46.32823828607798 2.530761763453484 7.784357726573944 107.2920622900128 0.7615454271435738 7.823482945561409 137.2448438704014 1.25721850246191 43.39127397537231 50.15710254013538 6.999601535499096 2.579454764723778 19.02181384712458 1.050804793834686 3.569368854165077 1.899906121194363 2.620127350091934 1.332542344927788 0.908000759780407 90.96719477325678 0.3642680644989014 0 0.1616513729095459 1130.304082483053 0 0.220831885933876 0.3088188171386719 0.8661637455224991 0.6164522916078568 4.36451131105423 0 0.9198293089866638 2.603158980607986 4.433325827121735 0.2801803052425385 2.161123350262642 10.19637573510408 11.10302612185478 1.502029478549957 0.2657271921634674 1.698075354099274 0.1027879863977432 0 0.1464698016643524 0 0 0 0 0 0 0 0.4371970295906067 0 0 0.1922279447317123 0 0.6518537402153015 0 0 0 0 0 0 5.925121396780014 0 4.09238888323307 3.106210321187973 1.186112359166145 0.3028334379196167 0 0 0 0 0.1225856468081474 0 0 2.762024715542793 0 0 0 0 0 0 0 0 0 0.6112305521965027 0 0 0 0.8693057894706726 0.2956916093826294 0 0.1282593905925751 0.4197794497013092 0.144452378153801 0 0.1805887967348099 0 0.3950015008449554 8.077949017286301 0.2248023748397827 0 0 0 3.128626838326454 0.2948996126651764 1.682186752557755 0.1417633891105652 0 2.227447107434273 0 0 0.09413247555494308 0 0.3117014244198799 0.1855500489473343 1.471624940633774 0 0 0 2.72974681854248 1.541936174035072 3.430781960487366 585.1875026151538 80.03997398167849 927.1624851077795 243.6028254106641 967.2971306964755 31.18084811419249 14.34396482259035 93.93814077973366 6.32394502311945 2.205923907458782 4.883330456912518 2.806880757212639 3.367929264903069 0.2333490401506424 0.8112527281045914 1.200624048709869 5.100066252052784 0
372.8163109272718 1706.000341668725 0 3.448444232344627 1059.86477393657 10.14023844152689 194.3877180367708 687.1729732677341 1252.751716226339 12.17667593806982 2334.718326807022 4.604165010154247 410.0162317380309 2304.151776216924 33.12682671844959 35.25763673335314 1.418440312147141 7.598012141883373 1.752419494092464 56.06888797134161 79.64682394266129 0.1425589770078659 27.11033467948437 8.621109455823898 19.41351871192455 11.39015910029411 5.763380631804466 0.8541679978370667 0.9005891233682632 0.5620257183909416 4106.713648915291 602.2912854626775 21.245724581182 8.309328302741051 21.04393447935581 19.22454900294542 11.79080347716808 7.428146950900555 0.7724267244338989 1.056945100426674 34.32161780446768 1.495113126933575 17.0010656490922 5.284985706210136 11.58328339457512 0.9675910919904709 65.08998867124319 16.1334985345602 2.685240626335144 18.2289597466588 6.318079173564911 0.5167505741119385 0 0.3278816118836403 15.14375980943441 18.6146949082613 204.9970356449485 2087.15234580636 12.22655543684959 14.61902553588152 9.661655195057392 12.89999071508646 9.577660426497459 101.865924872458 21.87156128138304 10.6181600317359 3.858795188367367 32.23704020678997 61.3498146161437 198.9313004985452 4.449025526642799 0.1520242094993591 0 429.0200669169426 234.6309312060475 163.4751123562455 78.36892369389534 52.27653577178717 730.5579287335277 1662.20292250067 142.4692117571831 601.341866388917 44.41255753487349 0.7463696524500847 15.50420271605253 19.46096080541611 38.27598309516907 2.247554503381252 7.966390483081341 0.5796698927879333 1.885813504457474 2.869400419294834 120.0682042911649 11.63678056001663 2.179483629763126 4.51277706772089 0 0 0.2412316873669624 352.099105887115 0 0 0 0 0 0.2190197855234146 0 0.1887317448854446 0 1.321267575025558 0 0.972135990858078 1.094418004155159 2.365100592374802 0.3463418632745743 0 0 0 0 0 0 0 0 0 0 0 0 0 0 0.09285985678434372 0 0 0 0 0 0 0 0 0 0.2210996896028519 0 0 1.170733235776424 0.3941701054573059 0 0 0.1157691851258278 0 0 0 0 0 0.46319380402565 0 0 0.4508602321147919 0.3051529824733734 0.3349979966878891 0.2001496180891991 0 0.1860870271921158 0 0 0 0 0 0 0 0 0 0 0 0.4296368584036827 0.1293587684631348 0 0.396682471036911 1.422772690653801 0.4981642961502075 0 0 0 0.174712672829628 0.2471036016941071 0.7862311005592346 0 0 0.1434314846992493 0 0 0 0 0.3579707369208336 0 0.3454652950167656 0.1165652200579643 0 0.1135458275675774 1.096551313996315 0.1899144649505615 1.091140851378441 103.3949326872826 36.49273459613323 268.5109742954373 78.22222197055817 186.1223131716251 9.277328714728355 6.27155140042305 30.89358727633953 3.264088042080402 1.2969004586339 1.97033578902483 0.8123493120074272 0 0.314925879240036 0.3709757775068283 0.9221512079238892 2.571147039532661 0
1252.335115984082 1124.037375852466 3.448444232344627 0 74.52586338669062 219.0206334739923 1050.813112296164 0.4235808029770851 28.80083138495684 4346.893802277744 1.164471499621868 721.1906307786703 879.92708542943 18.68689431995153 3.71232658624649 0.9041453003883362 0 0 0 0 0 0 0.1483300477266312 0 0.09710646420717239 0 0 0 0.5518980324268341 0 26.15112495422363 0 1.327050298452377 0 0 0 6.949315272271633 0.1161252558231354 1.340963527560234 0.7790091186761856 0 0 0 0 0 0 11.04707830399275 1.358145497739315 0 0 0.7618636414408684 0 0 0.1350817680358887 2.442637376487255 4.383556731045246 58.43205998837948 82.38559691607952 4.118414171040058 2.988495476543903 0 0 0 1.312945567071438 2.532294861972332 1.092019222676754 0.3529158383607864 0.3842136561870575 0 0.1779420524835587 33.83368149399757 1.980798244476318 0 66.27480308711529 12.52495540678501 24.04991457611322 2.973785035312176 0.4621302038431168 0 1.164095111191273 0 0.9304651021957397 6.761466793715954 0.1272166967391968 2.489441201090813 2.280503526329994 0.6544517651200294 0 1.455563336610794 0.2473868280649185 0.4567198902368546 0 0 0.1540474742650986 0.4188224077224731 220.4896024316549 0 0 0 190.1486530452967 0 0 0.2178365588188171 0.205084353685379 0.299522876739502 11.14637392759323 1.593342214822769 6.221438184380531 3.460373386740685 6.481348872184753 0.7131645977497101 6.840687111020088 16.75140611827374 21.52861522138119 4.53979080915451 0.7250880002975464 0.2196440845727921 0 0 0 0 0 0 0 0 0 0 0.3825889825820923 0 0 0 0 0 0 0 0 0 0 0 8.152517765760422 0 3.963563829660416 1.097151055932045 0 0 0 0 0 0 0 0 0.654166042804718 4.902526959776878 0 0 0 0 0 0 0 0 0.9810580611228943 1.854748517274857 0 0 0 1.674487888813019 0 0 0 0 0 0 0 0 0 12.04642590880394 0 0 0.1615010946989059 0 4.131093934178352 0 1.553271681070328 1.31399542093277 0.5571720600128174 2.699562221765518 0.3096457719802856 0.4062840193510056 0 0 0 0 0 0 0 0 2.942836686968803 1.199988588690758 1.030765578150749 81.0763401016593 6.965929038822651 84.64756349474192 14.73344782739878 560.9747982993722 1.500004425644875 0.5194175243377686 10.0227432101965 7.159198403358459 0 8.97150094807148 0.1777487248182297 5.9174515157938 0.1501587331295013 0 4.360710024833679 0.3647893667221069 0
770.7766927406192 4603.556034043431 1059.86477393657 74.52586338669062 0 66.75157506763935 2778.691188506782 175.7509260475636 6875.766295783222 908.6282502412796 2716.388977907598 158.6556103155017 575.1789790838957 613.3304911255836 107.1045918315649 37.43225768208504 0.5363356843590736 0.2049252539873123 0.2743726968765259 0.4076314121484756 0.1355679333209991 0 0.3876305222511292 0.1178217008709908 1.053558647632599 1.554488964378834 0.3734272867441177 2.425802357494831 4.966270491480827 0.7918900698423386 253.3226637989283 25.28240371495485 6.647269919514656 0 0.1030672267079353 0.257800281047821 27.28727480024099 3.654359474778175 3.67646611481905 1.433585859835148 0.5628651976585388 0.6582863479852676 0 1.624908812344074 0 1.266572564840317 246.8718037977815 34.74659802764654 0.4352355301380157 0.6454285830259323 17.2876348271966 1.131790041923523 0 1.253110386431217 20.9932372123003 35.06979375332594 105.2180903255939 360.1963699311018 5.894554689526558 50.7688762024045 0.7182676196098328 2.428368613123894 0 50.77704505622387 38.46838710457087 20.46239692717791 7.655134841799736 6.425986602902412 1.744136169552803 1.302195876836777 64.90019589662552 3.892064720392227 0 499.8160518929362 291.7615564540029 510.6729830279946 122.6791815087199 7.003503978252411 2.656030252575874 21.02317240089178 0.3962039053440094 3.377024263143539 96.02637318521738 0.5494593232870102 36.01927698403597 38.51479843258858 8.029681287705898 4.194427579641342 20.07331984490156 1.351992666721344 8.098125442862511 3.554814741015434 1.26971635222435 3.426606468856335 3.638410359621048 111.564352273941 1.659444868564606 0 3.699360832571983 95.23599091172218 1.456349611282349 2.295229002833366 2.882249116897583 2.991924375295639 0.7710246741771698 27.6334352940321 6.210524871945381 6.905755713582039 13.49213208258152 27.4247821867466 2.004925072193146 16.95920248329639 44.57297287881374 47.48629434406757 12.07865528762341 3.334386497735977 2.008590802550316 0 0 0.2480394691228867 0 0.2052427381277084 0 0 0 0 0 0.5261745899915695 0 0.8842541947960854 0.2255043983459473 0.8442221879959106 0.3336223065853119 0 0.2780983448028564 0.4263684004545212 0 0 0 12.95071515440941 0 10.73767359554768 6.256015062332153 2.72024192661047 0 0 0 0 0 0.2385352700948715 0 0.390360563993454 4.698060780763626 0.1982530504465103 0 0 0 0 0.1436207592487335 0 0.1012065410614014 1.481418877840042 0.5549678206443787 0 0 0 4.098294913768768 0 0.5745809972286224 0 0 0 0 0.1628250926733017 0 0.4940500259399414 39.88178007304668 1.425503253936768 0 0 0 14.25821270048618 0.6443425714969635 4.682368874549866 4.070875525474548 3.198398232460022 4.502829983830452 0.6535081267356873 0 0 0 0.118649497628212 0 0.2317432016134262 0.1166190356016159 0 0 13.44336728751659 8.347151458263397 6.888878956437111 562.6856499910355 117.8573030903935 723.9007829576731 245.9039368033409 180.4408911913633 33.95627573877573 15.0861341804266 123.9362613111734 23.37891845405102 1.484945222735405 15.60671292990446 4.206567585468292 14.12839299440384 1.584483593702316 0.2276621907949448 3.379281260073185 8.778722070157528 0.4339709579944611
371.7584032714367 394.385951474309 10.14023844152689 219.0206334739923 66.75157506763935 0 176.6171218305826 0.2887339293956757 15.44485574960709 773.7973591089249 2.961677551269531 190.0761091113091 243.4891510903835 29.56214328110218 1.526149317622185 2.604792982339859 0.1252380013465881 0 0 0.1340524703264236 0 1.373505368828773 0.09393522143363953 0 0.4066534340381622 0.2198943048715591 0 0.2890433073043823 0.507856160402298 0.1211896389722824 33.45482940971851 1.372467786073685 8.722671076655388 0 0 0 72.70589938759804 0.9750185236334801 15.27191564440727 0.9197477400302887 0 0 0.1239207237958908 0.9491364061832428 0 2.088068664073944 2.583213850855827 0.3603164851665497 0 0.2091169953346252 0.184281662106514 18.91484433412552 0.5360282957553864 0 1.196587145328522 1.471617810428143 208.2917361706495 92.96450154483318 7.772039651870728 0.1907672137022018 1.444081947207451 4.831505864858627 0.7068139463663101 0.3279077857732773 1.042253375053406 0.9380042850971222 0.4529732316732407 0.3385283946990967 0.09426262229681015 0 332.1272639036179 139.7186748981476 2.571185007691383 34.38807122409344 2.835785739123821 3.988373599946499 2.273782044649124 1.083451315760612 0 5.149391770362854 0 0.406979963183403 2.621460750699043 0.3818398714065552 0.39690001308918 1.346623122692108 0 5.780450910329819 0 15.15793316066265 0 1.490995720028877 0 0.1280959993600845 0.3972746282815933 260.5000056922436 33.51349614560604 5.687862068414688 31.58742687106133 384.408573538065 0.2462240159511566 1.674635410308838 0 0.24102583527565 0 5.34323088824749 0.7167884409427643 1.701139450073242 4.931939512491226 7.700162634253502 0.7394450306892395 3.578013494610786 14.23079271614552 12.77588614821434 1.632838070392609 0.5656642466783524 0.7547851651906967 0 0.4069547951221466 0 0 0 0 0.2538587152957916 0 0.4000836312770844 0.3241283744573593 0.3799589350819588 0 1.407250978052616 0 1.405823700129986 0.836018905043602 0.3086307495832443 0.1438882052898407 0 0 0 0 3.772596135735512 0 2.581186585128307 5.695007763803005 3.377101801335812 0 0 0 0 0 0.3022421002388 0 0.2108730971813202 0.6634742915630341 0 0 0 0.6447844952344894 0 0 0 0 0.2028766572475433 0 0 0 0 0.6314871907234192 0 0 0.3003901243209839 0 0 0 0 0 0 10.51239335536957 7.612126171588898 0 0 0.2125464081764221 4.282346129417419 0 1.854264467954636 0.5146451592445374 1.076137602329254 2.024471879005432 0 0 0.2373731732368469 0 0 0 0 0 0 0 3.047011166810989 2.741093397140503 4.550138309597969 102.2905502915382 6.396549411118031 22.49307532608509 9.342344976961613 661.799932718277 0.1758271157741547 0.8760095536708832 4.222619727253914 11.08885200321674 0 7.38897080719471 0 7.928484037518501 0.6363571882247925 0 3.397188305854797 0.2550148665904999 0
905.622863188386 2280.756707847118 194.3877180367708 1050.813112296164 2778.691188506782 176.6171218305826 0 91.58564461767673 3030.509929195046 3325.558650679886 575.4352188408375 464.2356260195374 7866.053993463516 1734.064996115863 109.9803032502532 64.13415266573429 0.1163698211312294 0.3159740269184113 0.238584578037262 0.1397640556097031 0.7811791300773621 0 0.2409842014312744 0.576466977596283 1.237415514886379 2.267161883413792 0.9409015998244286 1.979778252542019 4.252702750265598 0.5015750005841255 50.72190935909748 15.88046039640903 8.610855408012867 0.1601098924875259 0 0.4982945173978806 35.74320889264345 3.566277176141739 4.143289804458618 1.641085609793663 0.896955706179142 0.1208396479487419 0.1051733493804932 4.208312012255192 0 0.1578174233436584 229.1753054484725 23.71558835357428 0.836219035089016 0.1840086132287979 12.13033311069012 1.033072479069233 0 1.598588973283768 15.60460156202316 27.54297592490911 88.5636121109128 204.0905836522579 5.932886630296707 38.4396478831768 0.1025043502449989 3.862079001963139 0.4022631645202637 33.76008833944798 30.79577124863863 15.97901964187622 6.080950997769833 5.31065246462822 1.055319160223007 2.130230642855167 107.8046476393938 12.30289061367512 0 402.4705833792686 178.4139435812831 480.5480835586786 137.331844188273 18.05056995898485 1.306545980274677 12.88415171205997 0.2512272074818611 1.853743590414524 67.315345749259 0.8917266577482224 27.44644617289305 25.5484199821949 7.017615623772144 1.58279500156641 16.91816028952599 0.5342869386076927 6.816413916647434 2.378296308219433 3.019965581595898 4.490751288831234 2.11144407838583 472.6577899456024 0.2602463662624359 0 1.40551719814539 69.03542791306973 2.220123499631882 8.010206997394562 2.869022145867348 15.86836794018745 3.20857647061348 65.04113420844078 18.46694956719875 27.92389898002148 36.7859665453434 73.47663728892803 4.262314900755882 47.66748018562794 133.8886832892895 131.2355434000492 33.68588164448738 6.483718767762184 2.760210365056992 0 0.2848764955997467 0 0 0 0 0 0 0 0 2.319311901926994 0 0.8754141330718994 0.5574622452259064 0.604127824306488 0 0.1233812943100929 0.3200907185673714 0.2752662003040314 0 0 0 39.74222321808338 0.7317256927490234 18.19312518835068 10.50158803910017 3.927160128951073 0 0 0 0 0 1.190092697739601 0 0.6390502154827118 7.709899038076401 0.533681184053421 0 0 0.3796744644641876 0.2270219177007675 0 0.7579163014888763 0.1659847050905228 1.689485624432564 3.708045572042465 0.7128655612468719 0 0 6.029314458370209 0 1.139577955007553 0 0 0.4076352939009666 0 0 0 0.3388056606054306 107.2377412319183 2.188820511102676 0 0 0.1471266597509384 43.1432900428772 3.722880363464355 12.55980370938778 8.647916615009308 2.391868442296982 11.40206611156464 2.759351566433907 1.982477962970734 0 0.2184258848428726 0.1310096383094788 0 0.4892715066671371 0 0 0 35.91299007833004 17.73081476986408 10.59707384556532 630.4440481290221 105.2984205931425 721.7527553737164 247.2572848647833 274.7684776633978 36.61869708448648 15.04511521756649 156.6348829194903 41.57889626175165 1.625282235443592 33.45430217683315 3.248759880661964 36.52866645157337 2.59862257540226 0.416103407740593 7.39990870654583 7.717608794569969 0.4649631679058075
13.93362809717655 57.58374314755201 687.1729732677341 0.4235808029770851 175.7509260475636 0.2887339293956757 91.58564461767673 0 553.2814612090588 3.169143050909042 3934.036525562406 3.480280496180058 322.6652062907815 2429.595260515809 39.09257908910513 52.77000914514065 0.7575281485915184 5.30990406870842 1.765281252563 53.29915232211351 71.22738568484783 0.2920257449150085 27.8573552146554 6.549256011843681 30.99795536696911 9.990027211606503 10.28940827399492 0.9340125918388367 1.132282465696335 1.372825771570206 511.4822519421577 883.2654091417789 37.69936498254538 9.257628425955772 19.45791505277157 21.59424816817045 15.03415318578482 10.67925945669413 0.5340226367115974 1.650567308068275 28.25933084636927 2.097003929316998 9.226252786815166 5.835904739797115 8.055051736533642 1.877444550395012 57.2826767116785 7.186354987323284 1.857549048960209 20.27693152427673 6.291679963469505 0.5359851345419884 0 0.2358587607741356 3.084053754806519 3.910900093615055 37.02090933173895 280.4739286154509 0.9766413867473602 7.379287518560886 12.50405689328909 12.42544278502464 12.075887106359 80.07100847363472 5.581630602478981 5.689433060586452 1.209549598395824 21.75896108150482 39.40091194212437 149.5948680788279 1.1543994769454 0 0 114.2857042551041 135.5197576358914 160.1442660018802 129.4500172659755 244.4267651811242 1834.79814029485 4470.471019566059 138.7992379665375 934.2974330559373 16.86178641021252 0 5.48227297514677 4.928992167115211 27.05676024407148 0.5127002000808716 1.820356845855713 0.1059152707457542 1.286760732531548 1.118809573352337 94.1992479711771 12.4226284250617 2.440783150494099 2.801026314496994 0 0 0.1657614260911942 12.42034113407135 0 0 0 0.3235419988632202 0.1958916485309601 0.2887924611568451 0 0.1721287071704865 0 1.199675589799881 0 0 1.545929685235023 0.3162336498498917 0.1939779072999954 0.3863026201725006 0.2054071873426437 0 0 0 0 0 0 0 0 0.1541037559509277 0 0 0 0 0 0.1947615593671799 0 0 0 0 0 0 0 0.4015035629272461 0 0.2606048583984375 0.3893787413835526 0.1212515532970428 0 0 0 0 0 0 0 0 0 0 0.2686961591243744 0.3084344863891602 0 0.1680050194263458 0 0 0 0 0 0 0 0 0 0 0 0 0 0.1177107989788055 0.1452924609184265 0 0 0.1734496206045151 0.7203125059604645 0 0 0 0.6133289784193039 0 0.1665143966674805 0.1698998957872391 0 0 0 0.2724562287330627 0 0.1048965975642204 0 0 0 0 0 0 0 0 0.1422620266675949 0.2345697283744812 75.09592719376087 23.259287558496 145.8373659700155 38.73799885809422 16.90687883645296 4.379249289631844 1.184605211019516 29.11857944726944 1.095558851957321 0.2269406542181969 1.461439616978168 0.4658265560865402 0 0 0 0.2103715687990189 2.084265485405922 0
118.5992047712207 453.5955959111452 1252.751716226339 28.80083138495684 6875.766295783222 15.44485574960709 3030.509929195046 553.2814612090588 0 228.8716126084328 5358.374615833163 77.90852348506451 357.8190706670284 1453.918207831681 83.10367815196514 56.03259943425655 0 0 0.1429500430822372 0.2119392305612564 1.20060471445322 0 0.4888060465455055 0.1232994347810745 2.168219536542892 1.900591179728508 0.6258271038532257 1.566906899213791 2.950056493282318 0.1103287413716316 66.77675236016512 28.58098382502794 41.34197113662958 0 0.3780631050467491 0.2918379902839661 20.79258502274752 1.737987630069256 0.2592488303780556 0.5972103476524353 2.601413488388062 0.7150140255689621 0.1720812618732452 2.514522917568684 0 0.1436224430799484 150.3047493323684 13.14848892390728 0.2559672147035599 0.1132259517908096 6.471419185400009 0.9097026512026787 0 0.7473986074328423 5.333165653049946 11.27802477031946 32.53487998247147 103.9826478585601 1.591795869171619 19.22591086477041 0.1096712127327919 3.459046110510826 0.1223483681678772 27.69021863490343 9.804911240935326 8.851205505430698 3.201374731957912 4.186671815812588 1.464586786925793 2.216277614235878 62.06866242736578 5.765757367014885 0 179.704349450767 122.5045535266399 343.7331692576408 120.1498491689563 18.77351172268391 2.635774813592434 47.35710624605417 0.6151395291090012 1.479711085557938 27.11780340224504 0.7977912873029709 7.633885249495506 10.26870484650135 2.713393092155457 0.7976800873875618 8.052839815616608 0.657870389521122 2.443843953311443 2.153169296681881 2.258207626640797 3.022314980626106 1.928601861000061 105.367164298892 0 0 0.3874566555023193 18.56322523206472 0.9937856197357178 3.388840287923813 1.309832632541656 4.840671852231026 0.9213318973779678 29.58846691250801 8.989805474877357 12.78906632959843 11.4161511361599 33.29192988574505 1.686828389763832 19.43794043362141 62.83428673446178 46.60380603373051 15.58651159703732 1.779766634106636 2.293861791491508 0.3482667505741119 0.561962679028511 0 0 0 0 0.4435440301895142 0 0 0 0 0 0 0.1796094179153442 0.3822131901979446 0 0 0.2602115571498871 0.4879632592201233 0 0 0 25.34208165109158 0.1468886137008667 8.905921891331673 4.784955158829689 1.99891708791256 0.2597628831863403 0 0 0.4999171197414398 0 0.4232455193996429 0 0.9760049879550934 4.973995164036751 0 0 0 0 0 0 0 0.155403733253479 0.5271419286727905 1.053558021783829 0 0 0 3.490240901708603 0.30272376537323 0.1555518507957458 0.7783301621675491 0.1927352845668793 0 0.2081382423639297 0.107787512242794 0 0.180179551243782 48.24298742413521 2.292454242706299 0 0.1347762942314148 0 18.7743776589632 1.064455807209015 6.188372433185577 5.010611146688461 2.005742505192757 5.375592797994614 0.287368506193161 0.7221811413764954 0.4226865172386169 0.1131782010197639 0 0 0.210485614836216 0 0 0 17.68518714606762 9.664937168359756 7.377305194735527 353.039329893887 50.54816430807114 408.5507759451866 131.9042216166854 71.04198852926493 21.25600773841143 7.5987414047122 101.1904563754797 20.07771603763103 0.9376638904213905 14.05416218191385 3.131705142557621 19.2254645973444 0.8473457098007202 0.253340557217598 3.387945681810379 3.222060404717922 0
2557.939159378409 945.2537120208144 12.17667593806982 4346.893802277744 908.6282502412796 773.7973591089249 3325.558650679886 3.169143050909042 228.8716126084328 0 7.784045815467834 2383.429661527276 8814.036385439336 218.0690957829356 12.351587690413 7.404958292841911 0 0 0 0 0 0 0 0 0.5348619222640991 0.4175384938716888 0 0.3291054964065552 0.9695061147212982 0 16.31965569406748 2.761690840125084 29.28194008767605 0 0 0 85.77655138075352 0.3402988836169243 3.588743194937706 0.4530734121799469 0.1153253689408302 0 0 0.1279142051935196 0 0 30.63056956976652 3.52720183134079 0 0.115253247320652 1.277762018144131 0.4366457015275955 0 0 3.443604506552219 5.455604277551174 66.22554816305637 120.1301050260663 3.85868164151907 3.812469266355038 0 4.494111239910126 0 3.379277244210243 5.801290892064571 1.363289803266525 0.4482917860150337 0.7475909292697906 0.2600583583116531 0 415.4848340004683 28.901047706604 0 115.711998693645 27.77088485658169 52.76071380823851 10.40403106063604 2.129324391484261 0.4073704928159714 16.30898612737656 0.264319896697998 0.8257793188095093 14.45446375012398 0.1297749578952789 4.437135338783264 4.213868133723736 0.670502133667469 0.2387260645627975 2.392732083797455 0.7121477350592613 1.160036467015743 0.3111221790313721 0.3610067367553711 0.1682465970516205 0.1838313192129135 1408.735898420215 8.411590874195099 0 7.012934997677803 232.2006820142269 5.314014032483101 14.9533216804266 4.519279286265373 19.08093221485615 2.833976447582245 71.82574245333672 21.96398739516735 31.32581979036331 39.58738099038601 74.21358975768089 4.003174185752869 50.12461178004742 166.1826265752316 138.2636006623507 32.27522806823254 5.361328735947609 6.234221875667572 0.1882521510124207 0 0 0 0 0 0.5818384885787964 0 0 0 0.328867644071579 0 0.5219046473503113 0 0.1980899572372437 0 0 0.7085634171962738 0.8054835200309753 0 0 0 57.1901403516531 1.336991667747498 26.68457518517971 12.6014644280076 9.584051132202148 0.4771830886602402 0 0 0 0 1.027637168765068 0 1.807591557502747 12.83141082525253 0.2227458357810974 0 0 0 0 0.8728862106800079 0.7565078884363174 0.2222879379987717 2.23813807964325 3.306393831968307 0 0.2148467153310776 0 4.565776944160461 0 1.793385192751884 0.7313908785581589 0.3672810196876526 0 0 0 0 0.4259365797042847 92.42914293706417 6.027340918779373 0 0 0 47.84955985844135 3.843134313821793 19.3881172388792 15.28221885859966 4.110738575458527 14.42322587966919 3.382682606577873 1.447260066866875 0.8828553557395935 0 0 0 0.9759682863950729 0 0 0 30.01874223351479 16.3280706256628 14.05265532433987 389.6882824525237 18.07885269075632 163.9959012642503 40.14167723804712 785.236880980432 9.501923456788063 6.422641932964325 33.52449561655521 55.10415233671665 0.6193140968680382 35.67131300270557 3.816998474299908 63.43240536749363 3.951746866106987 0.8682043701410294 15.10853631794453 0.7857774421572685 0
69.54575083404779 442.9548453241587 2334.718326807022 1.164471499621868 2716.388977907598 2.961677551269531 575.4352188408375 3934.036525562406 5358.374615833163 7.784045815467834 0 5.036169245839119 359.0328320935369 3052.552575625479 47.83068969845772 45.51674025505781 0.7278077751398087 1.267960540950298 0 5.810764908790588 13.66530457139015 0.1539995521306992 6.079293668270111 1.030287384986877 24.87873573601246 7.375822827219963 6.990545846521854 1.597331248223782 1.339646801352501 0.9643745124340057 155.3897797912359 194.5911297053099 129.3396730050445 0.7015340477228165 5.091286294162273 11.746790766716 20.64877749234438 11.70958894491196 0.7947216331958771 2.482928216457367 16.27464079111814 1.449893675744534 1.208002805709839 4.268295951187611 0.3733243495225906 1.035374328494072 73.25693132728338 6.548140853643417 0.4948771446943283 2.861854769289494 4.199282750487328 0 0 0.1150985062122345 4.062909334897995 4.037024863064289 28.43491722643375 118.0511176586151 1.409797213971615 10.1845785304904 0.7057649344205856 12.41132533550262 2.240654565393925 28.88310774415731 5.891802206635475 3.80678241699934 0.8122439831495285 2.752255447208881 2.948987662792206 21.04676798731089 4.895508699119091 0.7168336510658264 0 109.267328850925 94.51334916055202 189.4541544765234 100.3382623195648 37.65980654209852 428.301856726408 754.5944601297379 16.53329317271709 50.79672183841467 16.50954880565405 0 7.093157835304737 5.647075571119785 3.90097101777792 0.2287018597126007 2.419330798089504 0.5399708896875381 1.565591678023338 1.349140159785748 18.2579897120595 7.135520659387112 1.438903361558914 3.238330021500587 0 0 0.4078128635883331 22.51238919794559 0 0.9591086506843567 0 0 0 0.4423288404941559 0 0.3367670923471451 0 0 0 0.3863149285316467 3.644916266202927 1.503799498081207 0.2049938887357712 0 0.6901485472917557 0 0 0 0 0 0 0 0 0.1403603702783585 0 0 0 0 0 0 0 0 0 0 0 0 0 1.526579082012177 0 1.300893813371658 0.2551262974739075 0.2469348609447479 0.456404447555542 0 0 0 0.2218301743268967 0 0 0 0 0 0 0.7319444417953491 0 0.1398702263832092 0 0 0 0 0 0 0 0 0.6956828236579895 0 0.1576659232378006 0.1592814326286316 0 0 0 0 0 0.1423248499631882 3.511140242218971 0 0 0 0.136414110660553 1.62851582467556 0 0 0 0 0.6461014151573181 0 0 0.1707463711500168 0.1189742386341095 0 0 0.3195328861474991 0 0 0 0.207717165350914 0 0.563525602221489 124.8143508508801 29.85404577106237 188.9832053110003 57.90907344967127 26.87493573874235 8.494918532669544 4.449117384850979 39.18015679717064 1.342147134244442 0.3502538278698921 0.8997451663017273 0.4161200746893883 0.8792067170143127 0 0.1303721070289612 0.686178982257843 2.819045320153236 0
117.5830083340406 62.11146289855242 4.604165010154247 721.1906307786703 158.6556103155017 190.0761091113091 464.2356260195374 3.480280496180058 77.90852348506451 2383.429661527276 5.036169245839119 0 2421.828187003732 130.8514702394605 14.45857497304678 25.18075857311487 0.2062102556228638 0.502744272351265 0.1360523104667664 0.4117858707904816 0.5584099739789963 0 0 0 5.240678548812866 1.341851413249969 0.2709728330373764 0.1564318239688873 0.8259867876768112 0.1718847900629044 0.4250254109501839 0.3667809367179871 34.54247395694256 0.3057623207569122 0 0 68.94958315044641 0.5881936922669411 0.945787250995636 1.445740237832069 1.88232447206974 0.4356952905654907 0 3.06891880184412 0.1512366682291031 1.04746749997139 14.32219444215298 0.4485210850834846 0.7212512195110321 0.2979557514190674 0.7328852787613869 0 0 0.1655502170324326 0.8327779024839401 0.7532985657453537 8.943238891661167 8.090769559144974 1.734472826123238 0.7139823511242867 2.462240025401115 10.87356016784906 0.1528518348932266 1.377075865864754 0.2662327811121941 0 0.1232425570487976 0.1140893250703812 0.3532411754131317 0.5182541757822037 225.3013042062521 9.296841502189636 0 17.22683673352003 6.155508324503899 33.07801276445389 13.38298283517361 5.466659761965275 0 17.23509785532951 0.383203536272049 4.508733212947845 1.323417767882347 0 0.8063219264149666 0.5760294795036316 0.8579616546630859 0.1394222229719162 0.5680261254310608 0 0.749545730650425 0 0.9631902277469635 0.9123742654919624 0.1842758655548096 1411.501249715686 24.03121881186962 0 0.7517725825309753 58.84706933796406 1.270885974168777 7.305906414985657 0.9843850284814835 8.994728073477745 0.1966807544231415 45.1918752938509 12.39693197607994 17.94042393565178 17.52503179013729 38.8163248449564 3.081644415855408 25.80357454717159 93.44201458990574 86.64614440500736 19.88955752551556 1.467944905161858 2.503841891884804 0.3476417660713196 0.1518461555242538 0 0 0 0 0 0.2133371978998184 0 0 0.6625906229019165 0 0.1715314239263535 0 0.3320834934711456 0 0 0.6878300309181213 0 0 0 0 25.63997788727283 0.8028169572353363 10.6910353153944 3.702488347887993 1.398766487836838 0 0 0 0 0 0 0 1.445884317159653 5.328575059771538 0.592874139547348 0 0 0 0 0.1936098039150238 0.6034877896308899 0 0.6314953118562698 1.022402167320251 0.311088353395462 0 0 4.569220930337906 0.1816890388727188 2.493727564811707 0.1590076684951782 0 0 0 0 0 0.139098048210144 42.84431333839893 1.69462938606739 0 0 0 22.65504939854145 0.709255576133728 7.31204517185688 4.315910890698433 1.284799471497536 5.824937403202057 0.9477322995662689 0.6298511028289795 0.7836168631911278 0 0 0 0.1405771821737289 0 0 0 25.88890685141087 8.024732291698456 5.65739107131958 116.8185151740909 13.32208794355392 67.28269482403994 22.57127089053392 121.1462973058224 4.253247879445553 1.308688402175903 29.56668321043253 17.92575164139271 0 16.89186255633831 1.439455360174179 27.58251272141933 2.70094595849514 0 7.870476990938187 2.096650362014771 0
389.1540836915374 243.2175797075033 410.0162317380309 879.92708542943 575.1789790838957 243.4891510903835 7866.053993463516 322.6652062907815 357.8190706670284 8814.036385439336 359.0328320935369 2421.828187003732 0 2596.156601242721 210.7272857055068 330.0161036550999 5.320061840116978 1.399287909269333 1.074168935418129 6.549082860350609 6.575683049857616 1.992051601409912 1.51595962792635 0.3646222725510597 32.63066846877337 8.924254156649113 9.963523849844933 13.54157298803329 15.73774822801352 2.310909360647202 33.70837665349245 15.90559751540422 203.2052949890494 3.093425929546356 0.5911367163062096 2.004010051488876 103.683169528842 17.31792219728231 4.157537929713726 15.87469735741615 18.26401712745428 5.163842067122459 1.269731909036636 42.33683259040117 2.436995252966881 32.94044192880392 235.5422059595585 10.88684037327766 4.853978455066681 4.328865222632885 10.43007581681013 6.459030367434025 5.506245136260986 2.066029362380505 7.36300165951252 13.34485207498074 40.73320540785789 70.60356672108173 4.86102157086134 14.72053565829992 33.9057788848877 107.2176422104239 5.86176460981369 37.00380305200815 11.84349767118692 7.897964365780354 1.883290782570839 7.71814177185297 4.199712827801704 9.605713166296482 351.9718479067087 92.48922498524189 0 194.2056944444776 120.0171833559871 517.7486039996147 292.9854243174195 114.7670038193464 3.103393562138081 134.1040043756366 15.84828861057758 70.63937433063984 23.79046246409416 1.086156234145164 11.99793347716331 12.28634385019541 7.483243502676487 2.785032346844673 9.375459484755993 1.237892366945744 7.984449587762356 4.821479476988316 19.58568974584341 12.65239863842726 5.345209009945393 3767.689627319574 50.72572809457779 2.056594580411911 2.716731026768684 135.753308519721 5.850239351391792 13.58095453679562 7.243320688605309 20.20436842739582 7.025199681520462 106.9428308159113 26.96503286063671 50.69716189801693 57.99453040957451 106.6830802857876 13.10393492877483 73.84646955132484 267.3068042248487 213.510335162282 59.45486973971128 9.83304750919342 8.447757937014103 0.5972092300653458 2.645821653306484 0 0.2859893515706062 0.1652746945619583 0.2100516706705093 0.18253493309021 0.4747568666934967 0.549517035484314 0.4192515984177589 1.587157726287842 1.088916629552841 1.417274497449398 1.295582838356495 2.416079491376877 0.9058233574032784 0.2699181735515594 2.973560646176338 2.061158314347267 0 0 0.1237798780202866 79.99150032550097 1.078350506722927 40.81769944727421 27.13390588760376 13.22732219845057 1.09526951611042 0.4577220678329468 0.2567459121346474 0 1.105246901512146 1.532249465584755 0.1563832610845566 4.587213233113289 19.26107273995876 0.8773674368858337 0 0.7776496410369873 0.9872939810156822 0 0.3744325190782547 1.161372065544128 0.1952310055494308 7.005169354379177 10.63944740593433 0.4345739483833313 0 0 12.63201698660851 0.7256773710250854 2.792992956936359 0.8876741081476212 0.4258605390787125 0.6384740620851517 0 0.1372977942228317 0.2276072651147842 0.1629820764064789 236.7015104368329 13.63507167249918 0 0.161705806851387 1.152960069477558 83.22621536254883 5.261321723461151 35.33274646103382 17.86951580643654 9.774009987711906 34.58146630972624 3.011975444853306 4.233477085828781 0.7329928278923035 0 0 0 0.1204077452421188 0.133634015917778 0 0 95.22145988047123 50.80542448163033 37.87470397353172 800.6937506869435 148.837922513485 752.1925447881222 273.3254641741514 404.6799033880234 41.19497419893742 12.4932494610548 298.8678591176867 62.63112291693687 1.360788628458977 67.911845266819 7.12111147493124 66.7428971529007 8.921193823218346 0.6830365359783173 17.58298878371716 20.47203023731709 0.2750937342643738
