0 4579.120473489165 436.3194183632731 510.8328558504581 382.5911700576544 201.1253114789724 954.650482699275 76.84067266434431 162.3561542183161 1171.626244112849 634.3086691498756 78.50758258998394 257.0223870947957 153.1182133182883 4.225570596754551 0.2331743538379669 0.1114864647388458 0.2989328950643539 0 0 0 0.1680296063423157 0 0 0 0 0 0 0.1247820034623146 0 116.8374204784632 1.037677317857742 6.834331944584846 0 0 0.2877251207828522 0.4417148530483246 0 0.1615280210971832 0 0.529019683599472 0.1296107172966003 0.1042571663856506 0.1404555588960648 0.2253246754407883 0 29.55910375714302 3.543563142418861 0 0 0.6335911899805069 0 0 0 3.725029215216637 3.902745671570301 161.9695115461946 470.2025831565261 5.617066778242588 18.02604731172323 0.3543223738670349 1.025866702198982 0.3447566628456116 0.7930196970701218 3.317819036543369 0.4661286547780037 0.4800557121634483 0.2212462052702904 0.6762694716453552 0.1029778346419334 45.23107042908669 3.918861120939255 0 74.25601068139076 11.1225569024682 12.26071814447641 0.6046414971351624 0.9097127616405487 0.1238218620419502 5.978088818490505 0.1190185621380806 0.7409483343362808 9.603134073317051 0.2219539731740952 0.6574882045388222 2.273736737668514 0.6203031986951828 0 0.1021882519125938 0 0 0 0.6929473653435707 0 0 306.5878132581711 12.09892016649246 0.2463217228651047 0.933009073138237 1279.032083824277 0 0.3280335664749146 0.3468910604715347 0.2485441416501999 0.9692794680595398 4.897464618086815 0 1.757356435060501 11.29816544055939 1.075612187385559 1.128160297870636 2.095269590616226 5.37589456140995 6.728077247738838 2.734894752502441 0 0.3277027010917664 0 0 0 0 0 0 0 0 0 0 0 0 0 0 0 0 0 0 0 0 0 0 1.170701839029789 0 1.471600815653801 0.6115812659263611 0 0 0 0 0 0 0 0 0 0 0 0 0 0 0 0 0 0 0 0 0 0 0 0.2526549398899078 0 0 0 0 0 0 0 0 0 5.089465297758579 0 0 0 0 0 0 1.191912889480591 0 0.2575574219226837 0 0 0 0 0 0 0 0 0 0 0 2.40501181781292 0 0.2125556319952011 40.32460256665945 4.108677729964256 38.53954741358757 11.34300193935633 1157.118018500507 12.04832147061825 0.6428457945585251 3.961841180920601 4.126855581998825 0 0.1018916890025139 0 0 0 0 0 16.12522831559181 0
4579.120473489165 0 1772.699963957071 1826.656488269567 3137.524856351316 569.921309158206 7602.661884114146 322.6584800705314 2319.758001901209 1389.368124499917 3344.907374717295 78.91017431020737 1050.985837213695 1047.56982126087 49.02544043958187 4.2113436460495 1.29656707495451 0.3260424733161926 0.1152040958404541 0 0.363055095076561 0.3939532041549683 0.1019797921180725 0 0.6187041401863098 0.1389460414648056 0 0.6055814623832703 1.462484754621983 0 1903.418804787099 5.614411190152168 9.36655642837286 0 0 0 3.909080080688 1.023139387369156 0.7762187123298645 0.4495998993515968 1.958187334239483 0 0.5260376632213593 0.2670348063111305 0 0.3715114742517471 270.1798289492726 33.85550928860903 0.7611595839262009 0.3764702081680298 2.082494571805 0.393680214881897 0 0 16.35009019821882 21.46254996210337 178.7231290489435 1117.265766330063 11.24933318793774 136.9821315184236 1.019977197051048 1.44895800948143 0.1847497224807739 23.74423415213823 23.72131002694368 6.777953639626503 5.744680911302567 0.4465904235839844 1.317479722201824 2.178577527403831 10.77815882861614 1.296107769012451 0 302.7809654921293 116.6922570317984 193.8246952742338 26.20045670866966 1.68378022313118 0.5269142836332321 11.58912341296673 0.5730550810694695 0.7601808533072472 67.94368840754032 2.536918342113495 7.531220361590385 24.5427308306098 4.555593617260456 0.3571399599313736 3.63809185475111 0.1501097083091736 0.6071403324604034 0 0.7337561771273613 0.7873756885528564 0.8649007380008698 125.4792525023222 1.045414969325066 0 1.791668742895126 1247.631941005588 0 0.5043453574180603 1.400288224220276 0.1770204603672028 0.2070734053850174 138.1710756868124 0.1759349852800369 6.572985023260117 96.78564724326134 0.968689039349556 1.834296226501465 14.50323089957237 10.68664385378361 15.9341850951314 2.958800464868546 0 0 0 0 0 0 0.1248656362295151 0 0 0 0 0 0 0 0 0 0 0 0 0 0.1687650233507156 0 0 0 6.726406097412109 1.447394967079163 1.779752627015114 0.5134855210781097 0 0 0 0 0 0 0 0 0.5569117069244385 0.6840119361877441 0 0 0 0 0 0 0 0 0 0 0 0 0 0.845822349190712 0 0 0.13604636490345 0.1174230426549911 0 0.1046779528260231 0 0 0 22.48534624278545 0 0 0 0 0.4291125237941742 0.3059831857681274 3.181221649050713 0.7812526822090149 0 0.4331188797950745 0.1224039867520332 0 0 0.1437315493822098 0 0 0.09210323542356491 0 0 0 13.17452233284712 2.854464218020439 0.6475944221019745 296.8561192378402 35.84324013441801 415.3418867811561 82.48570947349072 2613.371790342033 84.17074121534824 9.717614948749542 91.52567822486162 4.116183280944824 0 2.476726859807968 0 0.3909518271684647 0 0.1196888312697411 0.3267483413219452 55.49786694347858 0.4320133328437805
436.3194183632731 1772.699963957071 0 5.215388551354408 682.5499566942453 12.20653164386749 161.9792041778564 3865.901826612651 536.8093650639057 27.93314965814352 3928.452219247818 5.578530862927437 55.84901517629623 331.6160420626402 62.36720610409975 11.29093654453754 14.59585130214691 18.41065271943808 1.095021799206734 8.964078366756439 29.45533790439367 0.9494265392422676 0.9078339114785194 0 5.246092699468136 6.102021314203739 1.22294619679451 5.488686434924603 1.044747643172741 0.09475765377283096 6314.575902633369 526.5190220028162 135.2586592286825 14.41116014122963 2.642211310565472 6.778766721487045 4.991336099803448 3.629472605884075 0.476203441619873 0.5735876709222794 30.09978754073381 8.064499378204346 56.89581522345543 4.213925540447235 3.155615478754044 14.62956385314465 230.682651117444 31.71377474814653 13.84519485384226 36.08881098031998 8.165666796267033 1.083144798874855 0.1906164139509201 3.876947402954102 14.71103878319263 18.08369673043489 156.0176315382123 1466.330670960248 8.252476207911968 126.3673642575741 19.27143091708422 26.19698645919561 44.32333654910326 613.4598176404834 21.07910297811031 6.614375725388527 10.13712678849697 1.82902880012989 107.7324618846178 142.5794570893049 11.06009151786566 1.312922082841396 0 319.5743586719036 191.7738219052553 224.1450895965099 77.68659033626318 21.87237174808979 199.8327185437083 537.4793331027031 17.19481029361486 194.5669156089425 53.91345394402742 2.318255931138992 5.696624167263508 18.75997649878263 28.36144457757473 0.305369146168232 4.380785010755062 0.3643639832735062 0.9438288435339928 0.5799476653337479 18.70400338619947 5.177252881228924 6.602245546877384 9.626216500997543 0 0 0 289.1800143495202 0 0 0.1575072556734085 0 0 0.6784529685974121 0.2540534734725952 1.681769222021103 0.371913880109787 0.7693463712930679 0.3920356780290604 1.407729677855968 1.363320648670197 3.43550281226635 0.574698194861412 0 0 0 0 0 0 0 0 0 0 0 0 0 0 0 0 0 0 0 0 0 0 0 0 1.430280610918999 0.4942695945501328 0.6359832435846329 0.5753579437732697 0.2725021243095398 0 0.3727561831474304 0 0 0 0 0 0 1.280758589506149 0 0 0.2981173694133759 0 0.3866320103406906 0.09860298782587051 0 0 0.2560885846614838 0 0 0 0 0.122551865875721 0 0.5168139934539795 0 0 0.237311489880085 0.1370128393173218 0.1261165738105774 0 0 4.997688710689545 0 0 0.1031166985630989 0.1685948222875595 0.180521547794342 0.936057984828949 0.7634431123733521 0 0 0 0 0 0 0.3047282248735428 0 0 0.2344034463167191 0 0 0 1.499017402529716 0.141459733247757 1.051142781972885 183.6493209451437 38.1518998965621 339.7395915947855 68.92470780014992 397.2259012982249 59.96379473060369 8.779571123421192 66.04680675268173 0.7147955745458603 0.1944815665483475 0.4553715139627457 0.151857778429985 0.4971750974655151 0 0.2778340503573418 0.9258286952972412 6.753208182752132 1.185675665736198
510.8328558504581 1826.656488269567 5.215388551354408 0 100.0793033391237 167.2092722952366 2438.614582911134 1.636425271630287 102.2179129272699 3196.976336166263 15.15876743197441 406.8195756226778 1672.490913063288 478.9080963134766 1.13847191631794 0.1728417426347733 0 0 0 0 0 0 0 0 0 0 0 0 0 0 2.097179532051086 0 3.170134902000427 0 0 0 0.2041423618793488 0 0 0 0.2448360025882721 0 0 0 0 0 4.6602433770895 0.6250996217131615 0 0 0.1575623005628586 0 0 0.1644781231880188 0.6273882389068604 0.2354091629385948 8.437277190387249 25.53216199576855 0.4937599152326584 4.638509765267372 0 0 0.2552112340927124 1.015180245041847 0.2529837191104889 0 0.2118025869131088 0 0.1249408051371574 0 0.1181295067071915 0 0 5.750468701124191 0.8233195841312408 2.999703139066696 0.1998357176780701 0 0 7.504983156919479 0.1241052821278572 0.1189367324113846 1.728549152612686 0 0 0.760219469666481 0 0 0 0 0 0 0 0 0 38.54850901663303 0 0 0 125.0580433905125 0.2741392776370049 0.1663069278001785 0.3203986585140228 0 0 42.04135812819004 0 2.987022295594215 70.88576389849186 1.171116769313812 0.214065819978714 6.171157196164131 4.672812193632126 3.627957373857498 2.030981823801994 0 0 0 0 0 0 0 0 0 0 0 0 0 0 0 0 0 0 0 0 0 0 0 0 1.189246475696564 0 0.7675174027681351 0 0 0 0 0 0 0 0 0 0 0 0 0 0 0 0 0 0 0 0 0 0 0 0 0.3049789369106293 0 0 0 0 0 0 0 0 0 5.351069718599319 0 0 0 0 0.7556058168411255 0 0.212723508477211 0 0 0 0 0 0 0 0 0 0 0 0 0 4.39970101416111 0.422378733754158 0.4696033447980881 16.22451443970203 1.072865664958954 10.43012440949678 1.889803662896156 239.8191445320845 2.301308915019035 0.2270376980304718 3.321686968207359 0.4217785447835922 0 0 0 0.1717806905508041 0 0 0 49.96585847437382 0
382.5911700576544 3137.524856351316 682.5499566942453 100.0793033391237 0 22.37946318089962 4903.799143597484 147.5490985140204 6825.82994607836 818.403136305511 2974.926774851978 85.69736950099468 316.3596585094929 768.5741271525621 19.0670729726553 2.358985126018524 0.55171799659729 0.7554197311401367 0.1419957727193832 0 0.2364077866077423 0 0 0 0.1403438299894333 1.217779636383057 0.3010237067937851 0.1427476853132248 0.1435830295085907 0.08705520629882812 165.9892160370946 3.355298392474651 4.578017592430115 0.3606268316507339 0 0 0.8177197501063347 0.2802981436252594 1.013857737183571 0.2143284976482391 0.3275674507021904 0.4486451297998428 0 0.4654893204569817 0 0.1178470030426979 116.7904137447476 10.12636451423168 0.2944630980491638 0.1346334218978882 1.174900032579899 0 0 0.9479822367429733 3.782336957752705 7.632815204560757 26.50379678606987 142.3524330630898 1.834817975759506 41.74225230515003 0.4448180422186852 0.4584579765796661 0.2976555600762367 14.83090078830719 9.055406898260117 2.221195615828037 2.332312487065792 0.8439550399780273 0.6796644032001495 0.7161758989095688 7.796109735965729 4.370750069618225 0 69.52339293062687 41.23896476626396 79.5314861536026 17.35984167456627 1.368106432259083 0.6012381017208099 6.615859389305115 0.1082828119397163 0.2250879406929016 18.89383009821177 0.4761966094374657 3.226533837616444 7.980524726212025 2.193243570625782 0.2242971658706665 0.9728842824697495 0 0.1365159600973129 0 0 0.1926965266466141 0.4058154374361038 99.37186336517334 1.07977169752121 0 0.2653800696134567 57.68100561201572 0 0.1659694463014603 1.479026719927788 0.5693888664245605 0.3096606731414795 4.784804597496986 0 8.826273947954178 3.07903054356575 1.717151269316673 2.47849141061306 24.46057775616646 22.65412003546953 21.79131356626749 8.322633318603039 0.1241084933280945 0 0 0.1914082914590836 0 0 0.2208841443061829 0 0 0 0 0 0 0.1937472820281982 0 0 0 0 0 0.6265276372432709 0.2056504040956497 0 0 0 8.959957391023636 0.7161828875541687 2.430742919445038 1.116902247071266 0.4243198037147522 0 0 0 0 0 0 0 0 0.7699530944228172 0 0 0 0 0 0 0 0 0 0 0 0.6899159252643585 0.320648580789566 0.5640660673379898 0 0 0 0 0 0 0.1121598407626152 0 0.4861455038189888 36.36494265496731 0 0.1079014390707016 0 0 0.1459361463785172 1.350480511784554 1.213819265365601 0.1438217163085938 0.1598734706640244 0.2371983751654625 0 0 0 0 0 0 0 0 0 0 21.79960799962282 3.637080475687981 4.818921431899071 183.583784841001 30.62305995821953 199.6632647067308 42.0286830291152 316.0134403705597 49.25864835828543 4.562366910278797 59.95934145897627 3.03720311820507 0.1295498907566071 1.727821081876755 0 1.420815855264664 0.3654033690690994 0 0.3546174466609955 4.617011800408363 0.5944324135780334
201.1253114789724 569.921309158206 12.20653164386749 167.2092722952366 22.37946318089962 0 192.5788531601429 1.829955130815506 24.17542313039303 707.7110361605883 16.03449402749538 85.45480453968048 189.4060120657086 70.43758946657181 0.6066310703754425 0.3253719955682755 0.1298890262842178 0.202077329158783 0 0 0.180747464299202 0.6722442209720612 0 0 0.1182820424437523 0.5072130784392357 0 0 0 0 0.9314226508140564 0 8.032786279916763 0.1524436622858047 0 0.7241200506687164 3.730607591569424 0.3910550698637962 3.499301396310329 0 0 0.3237361311912537 0.09193398803472519 0.1847189962863922 0 0 2.097716093063354 0.1065340712666512 0 0 0.1200883388519287 3.691465772688389 1.788339838385582 0 0.3564285039901733 0.9379585534334183 63.15103302896023 21.82985478639603 0.8989769816398621 1.270416021347046 0.1220078989863396 3.386433616280556 0 0.248932808637619 0 0.1505310237407684 0.2197016030550003 0 0.1115317046642303 0.1071178317070007 265.7879540473223 113.6581843644381 6.560767404735088 0.9373518526554108 0.1563878357410431 0.5156139433383942 0 0 0 7.424330189824104 0 0.9189818948507309 0.9584396481513977 1.144918620586395 0 0.4588333368301392 0 2.834804996848106 0.5911655873060226 4.063811928033829 0 0 0 0 0 514.2658807933331 113.0423559993505 6.564240425825119 14.8727919459343 675.3678379654884 0 0 0 0 0 2.294340774416924 0 0.4874107539653778 1.571042120456696 0 0.1602274179458618 1.200507909059525 0.5511835217475891 2.166123621165752 0 0.1315707862377167 0 0 0.1471526622772217 0 0 0 0 0 0 0 0 0 0 0 0 0.1231578961014748 0 0.1550367325544357 0.1212262958288193 0.4492990374565125 0 0.4038006663322449 0 1.283548042178154 0 1.994936123490334 1.217259421944618 0.2428886964917183 0 0 0 0.2358480393886566 0 0 0 0 0.3370409905910492 0 0.1816220730543137 0 0.2573371306061745 0 0 0 0 0 0 0 0.227937325835228 0 0.3326436281204224 0 0 0 0 0 0 0 0 0 5.391285195946693 1.489932119846344 0 0 0 0.3444582223892212 0.3433499485254288 0.5371078550815582 0 0 0 0 0 0 0 0 0 0 0 0 0 0.1416996270418167 0.794244609773159 1.105428621172905 14.92258610576391 1.452584229409695 4.874795906245708 0.9726201817393303 95.38437721133232 2.092052608728409 0.1213388592004776 2.499464049935341 1.1908895149827 0 0.637375220656395 0 0 0 0 0 2.366061992943287 0
954.650482699275 7602.661884114146 161.9792041778564 2438.614582911134 4903.799143597484 192.5788531601429 0 10.26813248544931 3428.083801262081 3224.959318578243 288.2625958621502 423.0814993828535 6519.143858879805 2869.190177001059 53.08420065790415 5.728483095765114 0.9740946888923645 0.2908737063407898 0 0 0.5210658311843872 0.1351695209741592 0 0 0.4202981293201447 1.544641479849815 0.6063781753182411 0.7292431443929672 2.170193135738373 0.1329504549503326 125.7672878354788 7.078563138842583 4.657986082136631 0.4069958478212357 0 0.1191255748271942 2.050043664872646 0.582634411752224 1.567731074988842 0.1157213523983955 0.9718343690037727 1.043007731437683 0.5295549780130386 1.034794799983501 0.2938738837838173 0.2401191666722298 272.2085709571838 26.16897860169411 0.3765243515372276 0.7360382080078125 1.939461790025234 0 0 0.7442613840103149 16.81734861433506 19.49123580008745 75.39797802269459 254.6793166548014 7.101438634097576 105.6897265985608 0.502515085041523 2.213773347437382 0.8236174732446671 25.03481893986464 18.28519909083843 5.603911980986595 4.938284933567047 1.429730139672756 1.016559854149818 1.729419656097889 19.7319757193327 1.441121026873589 0 177.0027893260121 92.84228752553463 201.7667972370982 34.58364052325487 2.504625424742699 0.1187720075249672 6.694584116339684 0.2182478532195091 0.98187056183815 50.63535263389349 2.443692311644554 4.929717749357224 21.02588281780481 4.016105309128761 1.068799518048763 2.880389183759689 0.6299098655581474 0.2107895836234093 0.1617002487182617 1.250796929001808 0.602912612259388 0.8182293176651001 323.3233318403363 1.366310305893421 0 0.9404397308826447 135.3325461447239 0.3928763046860695 1.832375526428223 2.698377147316933 1.928656607866287 0.8527781814336777 33.06184658408165 2.292665347456932 17.69089555740356 17.98569898307323 5.915874063968658 2.966567739844322 58.48560314625502 45.62672509253025 56.0723672285676 16.56521375477314 0 0.4253953769803047 0 0 0 0 0 0 0 0 0 0 0 0.1429051160812378 0.4007493853569031 0 0 0 0 0.6408070102334023 0.256225973367691 0 0.8159537613391876 0.1592265218496323 18.90657401829958 2.680530324578285 13.31931583583355 4.657084114849567 0 0 0 0 0 0 0.3793342411518097 0 0 1.390831001102924 0 0.4858342111110687 0 0 0 0 0 0 0.6098693609237671 0.125254899263382 0 0 0.5177711397409439 4.509522154927254 0.1425284892320633 0 0 0 0 0 0 0 0.3388672322034836 83.8094220533967 0 0 0 0 0.8238042593002319 2.783120334148407 4.949717685580254 0.1906542330980301 1.151036866009235 0.5943882763385773 0 0.3421434015035629 0 0 0 0 0.1351645737886429 0 0 0 54.00957621634007 9.71305413544178 5.39691162109375 439.6326313838363 57.3950512483716 495.1561006009579 101.5001733750105 1139.918200060725 113.2296846657991 11.5089972615242 157.7200427278876 8.678055666387081 0 3.17121647298336 0 3.378564924001694 0.1280456185340881 0 0.376407116651535 276.3115242943168 0.8815389573574066
76.84067266434431 322.6584800705314 3865.901826612651 1.636425271630287 147.5490985140204 1.829955130815506 10.26813248544931 0 227.3906287774444 6.201441116631031 4297.930327132344 6.001731425523758 39.58617863059044 301.1466999426484 144.7482385411859 57.45518647134304 17.36885026842356 20.30032674968243 1.851120382547379 17.2454446926713 132.7989045679569 1.87829564511776 3.786019936203957 0.7007320299744606 31.39331752806902 34.31191980093718 4.902405142784119 12.33610235154629 1.927947521209717 0.2037167549133301 793.8826866820455 1959.43640936166 207.4459888339043 44.70297111570835 17.04239317774773 77.06233850866556 31.82677280902863 12.86224632710218 1.791194997727871 1.803601056337357 124.1228864789009 21.48757047951221 93.07503183931112 18.9965506196022 9.961016751825809 27.5183299779892 377.329981148243 24.45909421890974 11.24809142947197 40.97345771640539 16.80086694657803 1.602446898818016 0.3805718719959259 8.438380986452103 10.54826019704342 15.0640188716352 51.38561449944973 284.9201517552137 2.9727828130126 83.69963522255421 61.28589484095573 148.6574576273561 253.0090826526284 542.2264229282737 13.23711658269167 5.959671318531036 15.03780143707991 3.606594204902649 169.227593652904 341.1359476000071 9.606687374413013 2.512964151799679 0 150.470333494246 180.6951677501202 297.2481823191047 521.9276803508401 340.1514694914222 1282.685144811869 1423.989823445678 45.8953068703413 729.5484026148915 41.29842804372311 1.007304310798645 5.344446256756783 14.08134083077312 35.58146423846483 0.5430667102336884 6.946118734776974 0.5126868486404419 1.895646631717682 1.432946629822254 49.16741787642241 11.70496688038111 11.58180627971888 5.786154180765152 0.3457081764936447 0 0.8611452430486679 28.53453703969717 0 0 0 0 0.1475463658571243 0 0 0.1213216483592987 0.1604952216148376 0 0.6734895259141922 1.111657857894897 0.6805096566677094 1.35314816981554 0.9264694452285767 0 0 0 0 0 0 0 0 0 0 0.6093764156103134 0 0.1016668528318405 0 0 0.2481700479984283 0 0.5047935247421265 0 0.1153522133827209 0 0 0 0 1.718346893787384 0.2470727860927582 0.2646890357136726 0.4594517052173615 0 0 0.3107008561491966 0 0 0 0.1998941749334335 0.1216080412268639 0.1372578591108322 0 0 0 0.4824744090437889 0 1.04516788572073 0 0 0 0 0 0 0 0.1288371533155441 0.9930390119552612 0 0 0 0 0.1130552887916565 0 0 0 0.3520054072141647 6.270334407687187 0 0.1407200545072556 0.1015847325325012 0.1104722693562508 0 0 1.051376163959503 0 0.2132313400506973 0 0.4221488833427429 0.2349750995635986 0.1660489141941071 0 0 0 0.09217344969511032 0.7855479121208191 0.3702896982431412 0 1.90141998231411 1.11028429120779 1.444745786488056 342.244624145329 47.24186394363642 602.8827839680016 107.4857434853911 150.8436296582222 68.16278969496489 11.05114707350731 157.8637964501977 3.622569762170315 0.3576591610908508 0.5246635153889656 0 0 0.08784087747335434 0 0.2514424026012421 14.68810050934553 4.021127671003342
162.3561542183161 2319.758001901209 536.8093650639057 102.2179129272699 6825.82994607836 24.17542313039303 3428.083801262081 227.3906287774444 0 725.5115905851126 3073.572155192494 498.479826875031 2021.899898700416 2889.414870396256 73.36695055663586 15.30445379018784 5.320382624864578 0.9906017780303955 0 0.4247769564390182 3.405479945242405 0.2375063598155975 0.3442702889442444 0 5.419366732239723 2.488658033311367 1.588539995253086 1.86460568010807 1.903394289314747 0.3769522309303284 82.46148762106895 16.14905190467834 41.8222609385848 0.6922599747776985 0.6087020933628082 5.963929384946823 7.285774394869804 4.35883229970932 2.018668830394745 1.549400955438614 9.186856061220169 1.76939732581377 2.212349534034729 0.8459722027182579 0.5571043789386749 0.696782223880291 224.1106779202819 9.086652643978596 0.4781011939048767 1.525640465319157 3.874014876782894 0.6788332760334015 0 3.077246904373169 4.347509652376175 8.67792272567749 22.03855497390032 82.0726668164134 2.84900901466608 38.38305915147066 1.094750948250294 8.704806730151176 6.520285546779633 18.44188892096281 8.989939793944359 2.152133233845234 4.314850702881813 0.5506122261285782 5.061855018138885 11.77110026031733 66.10451979190111 6.710901573300362 0 60.52657078951597 39.74703907966614 118.1759775057435 33.4203035980463 2.864397771656513 0.1024483144283295 41.93996681272984 0.2482308447360992 3.361603118479252 18.46053088456392 1.751586861908436 2.292840793728828 7.959085941314697 3.502153947949409 0.2672109007835388 2.716693885624409 0.1154550015926361 0.091904416680336 0.4408584907650948 5.399838112294674 2.126987420022488 1.631323397159576 430.3848225027323 3.284992888569832 0 2.83628423511982 35.76853640377522 1.649363175034523 3.811128452420235 8.196858815848827 1.523428037762642 4.691583387553692 20.74908701330423 0.9838508516550064 48.30248522013426 15.39240453392267 15.98897819966078 8.483781427145004 121.4846014603972 109.9686596319079 122.2360450550914 41.02660055458546 0.9165904819965363 0.4049762338399887 0 0 0 0 0 0.1466131210327148 0 0 0 0 0.2039952129125595 0 0.1114059463143349 0.1189313530921936 0 0 0.2863327264785767 2.199507817625999 1.028120681643486 0 0.3786886632442474 0 48.95781158655882 2.634750932455063 25.27310313284397 4.908450298011303 0.4221006333827972 0 0.1488269418478012 0 0 0.6892668455839157 0.1474958956241608 0 0.1653564870357513 4.992378413677216 0 0 0 0 0 0 0 0 0 0 0 0.5165047347545624 3.049126043915749 11.75169987976551 0.4701819121837616 0 0 0 0.09053903818130493 0.5503359436988831 0 0 0.5926816910505295 223.3556772097945 0.8660728633403778 0 0 0 1.717502310872078 6.198287673294544 13.52532562613487 0.1956203579902649 3.132672689855099 1.737799875438213 0.1668480187654495 0.3569914251565933 0 0 0 0 0 0 0.2296515703201294 0 122.5875623896718 15.4820808917284 17.76629482209682 848.3792117759585 79.20691598206758 485.6981915980577 121.0440943166614 316.0905974209309 92.74046976864338 16.27475053071976 273.2207103669643 12.15691200643778 0 8.928461201488972 2.325534217059612 6.567900575697422 0.9326394498348236 0.1354528963565826 0.8350019529461861 30.48729263246059 1.259570091962814
1171.626244112849 1389.368124499917 27.93314965814352 3196.976336166263 818.403136305511 707.7110361605883 3224.959318578243 6.201441116631031 725.5115905851126 0 97.31283186376095 2516.807505093515 8075.243756368756 1013.194338031113 9.845071941614151 1.458394512534142 0.4793032929301262 0 0 0 0 0 0 0 0.1157804578542709 0.1782092899084091 0 0.3212401419878006 0 0.1243477612733841 9.70113468170166 0.8963633030653 11.89900077134371 0 0.1152443662285805 0 0.6830532625317574 0.6209082156419754 0.267286092042923 0.1853592246770859 0.6256912797689438 0.295212022960186 0 0.1554375886917114 0 0.2130864709615707 53.1683462113142 5.440693415701389 0.1803091466426849 0.1568501740694046 0 0 0 0.1211005970835686 0.6633493602275848 3.039856053888798 30.32651450484991 69.15740875899792 0.9924692362546921 14.29416685551405 0.1313443928956985 2.201988577842712 0.2238824218511581 2.576457105576992 3.623699568212032 0.618336446583271 1.849651500582695 0.2326652556657791 0.2807951048016548 0.5720305442810059 102.3025959581137 10.42987734079361 0 27.52944097667933 10.82394191622734 25.40286022424698 3.791808567941189 0.5001271367073059 0 15.42322842776775 0 0.5218109339475632 7.711423926055431 0.1976623460650444 0.5343870371580124 3.132191888988018 0.6953893229365349 0.1171987280249596 0.5892910063266754 0.3354582190513611 0 0.1485742777585983 0.1197511330246925 0 0.1636903882026672 1288.575925514102 4.662739634513855 0 0.4207594394683838 530.4408668875694 3.72033915668726 5.059829264879227 13.61750093102455 2.231164693832397 4.024505123496056 71.65577447414398 1.615671142935753 54.1581305116415 26.34281803667545 19.56379377841949 11.64540955424309 139.4932874143124 100.5465898960829 140.6072712615132 32.03037261217833 1.292260654270649 0.1754637658596039 0 0.4907892942428589 0 0 0 0 0 0 0 0 0 0 0 0.214543804526329 0 0 0 1.332240477204323 1.150634333491325 0 0 0 32.34311455488205 0.4933384954929352 15.30707763135433 4.077682830393314 0 0 0 0 0 0.1066245660185814 0.2893909215927124 0 0 3.399659812450409 0 0.09795580059289932 0 0 0 0 0 0 0 0.7259638831019402 0 0 0.6746747940778732 7.189477384090424 0.1107505783438683 0 0 0 0 0.6187357753515244 0 0 0.5392389670014381 127.7577603906393 1.489735156297684 0 0 0 1.965034916996956 3.226218417286873 6.915110036730766 1.111770212650299 0.5066016316413879 0.9254640340805054 0.1926580965518951 0.6760343313217163 0 0 0 0 0 0 0 0 85.70753584802151 8.78711049258709 7.201678283512592 292.8283754810691 16.27114354074001 108.2635690569878 21.24890177696943 1596.906044401228 27.91927290707827 1.871238112449646 73.50689228624105 10.82816886156797 0 4.82077506929636 0.7378430962562561 13.23688572645187 0 0 0.6399453431367874 27.08820880949497 0
634.3086691498756 3344.907374717295 3928.452219247818 15.15876743197441 2974.926774851978 16.03449402749538 288.2625958621502 4297.930327132344 3073.572155192494 97.31283186376095 0 110.0772834122181 757.3835498318076 1901.264729589224 200.1390404626727 58.66676118969917 15.48781859129667 5.856125831604004 1.035277217626572 2.286114066839218 54.54276564717293 1.162686713039875 3.894084013998508 1.145128704607487 58.09075944125652 31.47568206489086 9.15580028295517 11.95580963045359 4.431996062397957 2.525780394673347 812.9517403393984 233.145946547389 448.6211376041174 15.07896886765957 9.586666606366634 88.324651658535 51.77164363116026 32.2310575991869 1.560879066586494 6.043220341205597 111.5758383497596 17.25453139841557 23.07453180104494 11.6395080909133 4.515806302428246 7.144575767219067 568.0452614054084 32.43927422910929 8.080640159547329 12.45058973133564 24.70800721645355 1.471011660993099 0.698876328766346 7.58889102190733 12.49228251725435 25.59431754052639 74.09672304987907 407.6730253919959 7.204413719475269 128.4451984912157 5.898341223597527 109.0576239675283 120.1360957697034 119.0986050665379 25.05885101854801 8.013162344694138 14.86663878709078 4.437414012849331 66.78330207616091 161.8019604682922 76.01922475546598 6.597159683704376 0 213.2645350620151 163.7888035178185 382.240813292563 121.6421427428722 15.50121083110571 18.44275430589914 290.8622613996267 1.647320680320263 28.78017585724592 55.58146685361862 2.422660268843174 6.29677776247263 24.87320754304528 15.13030374795198 1.707618698477745 9.597834818065166 1.085538521409035 2.469690009951591 1.776888743042946 38.92967420071363 13.07338061183691 8.755714863538742 98.93288095295429 2.431002542376518 0 0.574308380484581 133.947168327868 1.662570543587208 0.9510534256696701 1.82411078363657 0.3491887748241425 2.573954105377197 5.905493073165417 0.9709787964820862 10.4604844301939 2.9335657954216 4.628947347402573 1.850083261728287 27.5580263286829 26.78674150258303 34.3060899078846 17.90970548987389 0.1629427224397659 0.670121818780899 0 0 0 0 0 0 0 0 0.1303655952215195 0 0 0 0.1592973321676254 0 0.1183441504836082 0.5853724554181099 0 0.5833189412951469 0.257332980632782 0.223751038312912 0.0945553258061409 0 23.58918176591396 1.322977975010872 11.043716147542 3.339546173810959 0.6940883323550224 0 0.4177926629781723 0 0 0 0 0 0.2788912355899811 1.849170565605164 0 0 0.6483495235443115 0.4251040294766426 0.7568186372518539 0 0 0.0933106392621994 0 0 0 0.4698426648974419 1.24450695514679 5.982185803353786 0 0 0 0 0.1070846170186996 0.114552840590477 0.2469870671629906 0.1288772970438004 0.6820589080452919 78.25134366005659 1.184051781892776 0 0.1034501492977142 0.4976963922381401 0.1472363024950027 1.967384450137615 7.378665328025818 0.4691008925437927 0.5736137256026268 1.38505607843399 0 0.2446523681282997 0 0 0 0 0.3166572824120522 0.3524629026651382 0 0 38.93000595271587 9.426856644451618 9.810992754995823 1268.504577048123 127.8594140186906 1123.470232758671 251.8806652873755 553.774550922215 179.7935111373663 24.71211213618517 433.1819882839918 8.694503255188465 0.3155703097581863 5.160690955817699 0.7575789391994476 3.505991727113724 0.6189345717430115 0 1.36184798181057 39.44331067055464 2.964722149074078
78.50758258998394 78.91017431020737 5.578530862927437 406.8195756226778 85.69736950099468 85.45480453968048 423.0814993828535 6.001731425523758 498.479826875031 2516.807505093515 110.0772834122181 0 5721.472074493766 481.1046980917454 10.51991023868322 4.920805692672729 0.7476411163806915 1.196008324623108 0 0.1827629059553146 0.3454155176877975 0 0.1037361919879913 0.20073302090168 6.408458739519119 1.697347305715084 1.588544107973576 3.358011893928051 0.7206313908100128 0 5.397619336843491 0.3987023234367371 13.94279725849628 0.2202337980270386 0.1266340464353561 2.886555604636669 6.041104771196842 4.897105053067207 0.1437041014432907 3.137141324579716 11.63985657691956 1.640857808291912 1.12099714577198 0.8381433188915253 0 0 20.28322288393974 0.3372272551059723 0.6268007084727287 0.9195685982704163 1.646411247551441 0.5621172785758972 0 0.3306508213281631 0.3360470309853554 0.7816449329257011 3.676949344575405 8.087386846542358 0 2.386865891516209 0.1180923506617546 5.002294838428497 0.9471476152539253 0.6319223791360855 0.310600683093071 0.09135732054710388 0.5631567239761353 0.2207027673721313 1.657942332327366 4.008452154695988 147.352506943047 13.21305599808693 0.144265204668045 4.592095494270325 1.511137291789055 10.68662340193987 2.773489110171795 0.5703005194664001 0.1618026345968246 13.33048818260431 0 8.032345056533813 1.957694739103317 0 0.3358244970440865 0.9414813667535782 0.6821585595607758 0.1011672019958496 0.3677767813205719 0.1478251665830612 0.2843502759933472 0 3.215831585228443 2.527260467410088 0.2995120286941528 1611.747122436762 4.310045450925827 0 0.2196532040834427 80.87399111688137 0.8585123717784882 1.111888259649277 4.753147646784782 1.353881061077118 4.531347952783108 13.12838308513165 1.310956850647926 31.77855580300093 11.87727100402117 10.58730117231607 6.916150286793709 80.01439858973026 62.28122503310442 110.6993038654327 33.11447959393263 0.8320714682340622 0.4327055737376213 0 0 0 0 0 0 0 0 0 0 0 0 0.1809200346469879 0 0.4409592747688293 0.5016340017318726 0 1.693629324436188 1.988805413246155 0 0.1470783054828644 0 41.41576604545116 0.5211384892463684 14.31248500943184 3.465304687619209 0.2985945343971252 0 0 0 0 1.432392761111259 0 0.2690766304731369 0.9899799078702927 3.045239858329296 0 0 0 0.1160717755556107 0 0 0 0 0 0.9517137855291367 0.1642002761363983 0.1774648129940033 1.209275290369987 7.428947024047375 0.3040793091058731 0 0 0 0 0.1176468431949615 0 0 0.987117275595665 145.2264962494373 1.989224031567574 0 0 0.1205378174781799 1.584577843546867 2.672449022531509 7.196948692202568 0.6963335573673248 0.8772828280925751 1.297412447631359 0.6520900279283524 0.2505120038986206 0 0 0 0 0 0 0 0 91.58154191821814 12.79684688150883 11.80888395011425 236.3795647025108 12.31911908090115 70.48982375860214 19.89776765555143 159.5961745157838 10.25984338670969 0.7565673440694809 51.95871114730835 6.900400020182133 0.127247154712677 4.888390526175499 0.5688477382063866 5.023178324103355 0.08901775628328323 0 0.4061687141656876 7.183057196438313 0.2801361978054047
257.0223870947957 1050.985837213695 55.84901517629623 1672.490913063288 316.3596585094929 189.4060120657086 6519.143858879805 39.58617863059044 2021.899898700416 8075.243756368756 757.3835498318076 5721.472074493766 0 4337.715758107603 94.81494491547346 41.75709928572178 17.78912887722254 3.189389184117317 0.4830019176006317 2.080910697579384 8.804728388786316 1.23417928814888 2.187738701701164 0.7535350322723389 71.47606788575649 29.0988255366683 10.83952038735151 12.89767447859049 8.896742604672909 2.108080722391605 20.70562553405762 3.811280630528927 531.5847604945302 1.605253018438816 2.511261753737926 52.64309810847044 207.6933535337448 105.8058284297585 4.287661865353584 52.32070361822844 91.16733485460281 15.8703136742115 3.958105459809303 6.052857950329781 0.6580934971570969 1.509437307715416 178.4247122183442 8.556938983500004 2.751217275857925 3.944295719265938 15.97886813431978 1.812586724758148 18.67318475246429 2.267196275293827 2.143901184201241 7.123058013617992 17.39583145827055 43.90092359483242 2.641730345785618 18.33380665630102 7.799024805426598 143.7984414249659 20.60938837379217 11.73294665664434 5.348910108208656 2.716367214918137 6.103239521384239 0.9593686386942863 14.75865113735199 41.84917978942394 871.5273600593209 113.5651633813977 0.8452163934707642 37.86552937328815 16.80811847746372 82.0730442032218 22.75338500738144 6.038161471486092 6.328589044511318 248.4761559814215 1.737951144576073 151.7886409759521 15.36359173059464 0.4284160286188126 1.747128821909428 5.345743127167225 5.693297773599625 0.2820964306592941 5.624751016497612 1.561452947556973 1.093968465924263 0.4103090241551399 24.60226707905531 12.52739652991295 4.975103482604027 4009.187717758119 23.43877795338631 1.498303793370724 5.109860025346279 137.4123198240995 3.169187992811203 5.543312236666679 19.90231520682573 26.59175285696983 7.053501032292843 70.91953877359629 8.776119470596313 92.93916962295771 95.76880344748497 51.8336261883378 13.14430666714907 329.3865280374885 203.7409655153751 266.748373284936 75.23490769416094 4.30462834239006 2.616335295140743 0.2586915791034698 0.9912768378853798 0.2404538914561272 0 0.4646472483873367 0.2571872770786285 0.1494235545396805 0.5852058529853821 0.3164765238761902 0 1.321787327528 0.4107114672660828 1.139484964311123 0.7099943906068802 4.029233112931252 3.082092687487602 1.234520882368088 7.14580025523901 5.052586436271667 0.2612842321395874 2.340723171830177 0.8079055175185204 118.7593461722136 9.478130504488945 66.13118120282888 27.41627737879753 3.308035962283611 0.8099581003189087 0.4468435198068619 0.2762987315654755 0 1.992131359875202 2.296423099935055 0.1971221119165421 0.5046634674072266 15.41713259369135 0.3487773239612579 0 0.8617304116487503 5.108648031949997 1.672323524951935 0.1022538915276527 0 0 0.3209473937749863 0.7948054224252701 0.6511105000972748 2.412509843707085 7.371865883469582 26.47023772448301 0.7892927080392838 1.365851975977421 0 0 0.2629324495792389 0.1393929719924927 0.135614737868309 0.1573994606733322 2.492680244147778 519.6510008722544 9.578914739191532 0.4452970921993256 0.2871914058923721 0.127735510468483 4.764587454497814 19.74287947267294 32.57620021700859 5.444328956305981 2.490580759942532 3.424520343542099 2.796443551778793 1.906955748796463 0 0 0 0 0 0.3540410995483398 0 0 286.1897280365229 61.93752624839544 67.5920339897275 1384.423203803599 116.8291700966656 506.3080527186394 159.7139855101705 469.7377310991287 71.88132432848215 15.98254894465208 365.3284930363297 33.101108931005 2.100919961929321 25.23758997768164 2.343445472419262 15.23533837497234 3.936757124960423 0.4817815274000168 4.950293369591236 59.06509248167276 3.753773793578148
153.1182133182883 1047.56982126087 331.6160420626402 478.9080963134766 768.5741271525621 70.43758946657181 2869.190177001059 301.1466999426484 2889.414870396256 1013.194338031113 1901.264729589224 481.1046980917454 4337.715758107603 0 114.6438312008977 44.5154440626502 14.02467596530914 3.643296554684639 0.619669109582901 0.9947620406746864 12.73455882072449 0.670526497066021 1.684526585042477 0.6492001041769981 55.34352431446314 23.90146231651306 9.886247746646404 15.30251551419497 3.4942906498909 3.287622198462486 82.51321817934513 20.73454433679581 996.8510942831635 2.887464262545109 5.121054328978062 48.11311808973551 89.50809400528669 62.85111893713474 1.688393890857697 17.75888699293137 86.53405400365591 13.11784140765667 6.370757699012756 4.43943190574646 0.669434167444706 2.347883388400078 248.3856221139431 10.18021979928017 2.377314656972885 4.828576318919659 16.97808726131916 1.048995845019817 1.262035712599754 4.986921511590481 5.748956054449081 9.621750675141811 21.99533180147409 60.1279409006238 1.675821498036385 28.57299628853798 3.595218293368816 215.4405550733209 26.95663293451071 16.03662399947643 7.283306188881397 3.84217644482851 8.531341508030891 2.210199758410454 23.75094685703516 58.41870453208685 249.3801859468222 37.27576613426208 0.6882628723978996 50.92670188844204 35.75826763361692 131.1705002710223 40.07964747399092 6.254133895039558 4.994635693728924 632.4991083070636 1.818515248596668 82.82986211776733 15.14691455662251 1.017548702657223 1.971205845475197 9.446977436542511 8.519196674227715 1.094949640333652 8.632763035595417 1.149897679686546 1.180136904120445 0.7311732023954391 23.8228408023715 8.322539456188679 4.458745762705803 1118.537219025195 10.99541607499123 0.1429705768823624 1.250123731791973 66.90652564167976 1.811668135225773 1.732717216014862 12.13908606022596 2.713512495160103 4.526441335678101 29.5304629355669 2.719889640808105 55.74878606945276 21.4323625266552 18.11759211868048 13.77991060912609 158.9214704707265 133.2718914300203 181.1878651753068 51.93174466490746 1.065246522426605 1.842054657638073 0.1246327832341194 0.3280129134654999 0 0 0 0 0 0.4248248487710953 0.7106273174285889 0 0 0.3027883321046829 0.1774477958679199 0.3005964159965515 1.050686672329903 2.828012645244598 0.2015552222728729 3.549724750220776 1.925027646124363 0.1869324296712875 0.6825688555836678 0.4621758386492729 72.15184815973043 5.087262764573097 33.23035101592541 10.18785537779331 0.1369468420743942 0.3446891456842422 0.8209673911333084 0 0.3087559044361115 0.9306075796484947 0.5644276961684227 0.1666464507579803 0.4459816068410873 3.533777810633183 0.1809276342391968 0 0.1362332999706268 1.433025419712067 0.2390569299459457 0.3881674706935883 0.3444801867008209 0 0.1723333895206451 0.4415958151221275 0 3.340124398469925 3.894368894398212 18.39158692955971 0.5683352053165436 0.1755478233098984 0 0.110853411257267 0.33385369181633 0.2425554394721985 0 0.1493533849716187 0.7089079767465591 315.3867863938212 3.026177681982517 0 0.265606626868248 0.2246377542614937 2.998271822929382 8.114108920097351 19.89485086500645 0.4634984657168388 1.88158642500639 2.998850114643574 0.3857835531234741 1.547537751495838 0.3357498347759247 0 0 0 0 0.2138694003224373 0.4558746069669724 0.1259738653898239 165.1836624443531 32.9550161883235 38.78088157624006 1444.287011608481 104.9600174352527 653.187623731792 184.6846362650394 312.7580884918571 99.21696059405804 16.85325053334236 405.1872122362256 23.1040695309639 0.3565837740898132 13.26086225360632 1.929655715823174 11.38533526659012 1.789372153580189 0 5.496496774256229 45.6491035670042 3.796443939208984
