0 2923.70804079622 310.2944882214069 1635.021173998713 345.5535755828023 112.2941161990166 1225.500060558319 0.4745281785726547 83.39935708045959 1756.304425448179 42.10715754330158 103.9145222455263 256.7738251015544 27.52592904865742 1.354877129197121 0.1594656705856323 0 0 0 0 0 0 0 0 0 0.1574389785528183 0 0 0 0 1363.507083594799 4.564148455858231 3.920086279511452 0.2869987487792969 0.1104565039277077 0 4.070547640323639 0.2546738386154175 0.5630237013101578 0 0 0 0 0 0 0 8.408856071531773 0.7154815047979355 0 0 0 0.2281069159507751 0 0 15.59497907757759 20.49143096059561 296.6897780373693 788.6130313128233 104.826230019331 28.41951315850019 0 0.8028286397457123 0 14.5451321080327 6.633600242435932 0.2980403006076813 0.2180801928043365 0.3316445201635361 0.308713287115097 0 15.17828021943569 0.8839891999959946 0 181.0275600254536 11.0406179279089 13.6913807913661 1.706869341433048 0.5637084990739822 0 3.52756167948246 0.1290610432624817 1.770598694682121 27.45476049929857 0 1.832316435873508 0.4076711162924767 0.2742297053337097 0.4261522889137268 0.2505774423480034 0.166522741317749 0.2152579426765442 0 0 0 0 130.7353624403477 8.799203455448151 0 0.7472769618034363 817.6017452925444 0 0.7534841299057007 1.039572715759277 1.649345248937607 0 2.98181988298893 1.078823894262314 0.5017477869987488 9.572789937257767 2.418703675270081 0 2.638467162847519 5.773266270756721 3.955974981188774 0.5845333337783813 0 0 0 0 0 0 0 0 0 0 0 0 0 0 0 0 0 0 0 0 0 0 0 0 0.9043344259262085 2.254415452480316 0.6460241675376892 0.7486843466758728 0 0 0 0 0 0.1908736228942871 0 0 0 0.2565261125564575 0 0 0 1.318085908889771 0 0 0 0 0.8171035945415497 0 0 0 0 0 0 0 0 0 0 0 0 0 0 6.052462875843048 0 0 0 0 0 0 0 0.7554362416267395 0 0 0 0 0 0 0 0 0 0 0 0 5.553498268127441 1.659767031669617 1.059318870306015 108.7909544929862 3.711835891008377 48.02661125361919 28.91756753623486 879.4832547083497 23.2792499884963 2.842674344778061 3.975568294525146 2.32885205745697 0.1490245014429092 2.269261762499809 1.391606330871582 15.57435005903244 0.601631224155426 1.652297616004944 0 0 0
2923.70804079622 0 604.5640998780727 331.1336565464735 5885.397246420383 323.6499879509211 3831.776520483196 2.652321256697178 4465.756578415632 749.4809224456549 313.9956048876047 123.8080522269011 918.6195685490966 691.3618369549513 12.1336587741971 1.281916372478008 0.5094804018735886 0.1369248330593109 0 0 0.9087376594543457 0 0 0 0.139618307352066 0.4318012893199921 0 0 0.1372666358947754 0 4527.660198993981 48.70563339442015 3.895790442824364 0 0 0 4.753164902329445 0 1.412703976035118 0 0.5236041396856308 0 0 0.2796154394745827 0 0 82.71513191610575 3.581391081213951 0.276954710483551 0.9035920351743698 0.391611747443676 0 0 0.4490507245063782 51.22509699314833 87.03162063658237 179.9708868786693 881.5768046751618 167.8745820522308 113.2818134948611 0 1.184477426111698 0 96.60009483993053 33.02686143666506 6.741589725017548 0.903970018029213 1.111036375164986 0.4280934780836105 0 5.986477866768837 0.9771482050418854 0 353.0644239857793 54.37170723825693 109.510126709938 13.6491389721632 2.936404407024384 0.8278015032410622 2.212643407285213 0.5070943981409073 0.9948285892605782 86.82383238524199 1.82283616065979 9.039225928485394 6.244349770247936 2.169612199068069 0 0.3764088302850723 0 0 0 0 0 0 162.0249974131584 1.547325752675533 0 0.3347337394952774 1241.923539623618 0 0.4298445880413055 1.297067046165466 0.4470035135746002 0 5.927733853459358 1.719972789287567 0.6118274629116058 7.509163185954094 5.231321111321449 0.9815369844436646 5.523096993565559 6.914217010140419 4.731952577829361 0.7555383145809174 0 0 0 0 0 0 0 0 0 0 0 0 0.4615955650806427 0 0 0 0 0 0 0 0 0 0 0 1.341247528791428 1.720687121152878 3.50869756937027 1.019367039203644 0.4317091107368469 0 0 0 0 0 0.8828344345092773 0 0 0.147036001086235 0 0 0 0.7374652028083801 0 0.2078748345375061 0.320328414440155 0 0 3.453359931707382 0 0 0 0 0 0 0 0 0 0 0 0 0 4.038526371121407 0.1611361354589462 0 0 0 0.3195117115974426 0 1.668376803398132 0.6627043634653091 0 0 0.5114243626594543 0 0 0 0 0 0 0 0 0 5.320596858859062 2.433907270431519 3.551949247717857 244.6283291205764 15.09492699801922 378.2385129109025 140.6833374202251 1569.962528653443 136.1157081499696 10.62996722012758 56.13701435923576 10.89823070168495 2.308610200881958 0.9254524558782578 1.197019040584564 13.63350710272789 0.4285905361175537 0.7130758762359619 0.6678646802902222 0.7147093415260315 0
310.2944882214069 604.5640998780727 0 4.139367587864399 1545.639677911997 5.550608992576599 89.42290925234556 1704.90332737565 1924.742079727352 10.28772826492786 4153.610811233521 6.333356261253357 85.87078958749771 493.5736560896039 15.5047420784831 18.74222809076309 3.157072514295578 4.741305626928806 0.1800181716680527 3.520154289901257 0.6101387739181519 0 1.523826405405998 0.1418052911758423 0 0.5897240191698074 0 1.484274692833424 0 0.1453789621591568 5962.754619136453 668.6256186291575 22.44333215802908 0.8172892481088638 2.091920763254166 0 22.62536473572254 0 0.6181682050228119 0 2.662565626204014 3.187587343156338 9.078722134232521 2.013125345110893 1.256199069321156 6.58170922100544 66.94644550234079 10.95716614276171 6.412942230701447 20.74553756415844 4.231250882148743 0 0 1.9948635622859 12.39540883153677 20.66881586611271 21.27094589918852 312.3559266477823 31.57428493350744 34.880336381495 6.100959852337837 21.64127013832331 8.11619509011507 247.5146352574229 12.27300446480513 9.643750801682472 1.775272369384766 34.69234071671963 22.93037962168455 14.12604101747274 5.659170225262642 0.6501214206218719 0 73.89993413537741 34.07549695670605 46.56144620478153 29.35900038480759 49.34180523455143 82.62286949157715 627.6600530818105 40.60228734463453 203.571485683322 27.16181749850512 0.8070949018001556 5.447834528982639 2.175626039505005 31.67895311117172 0 0.2458486929535866 0 0.2122515141963959 0 2.834681756794453 0.6537045389413834 0.7329505532979965 7.166777700185776 0.9305057674646378 0 0 167.7829710170627 0 0 0 0 0 0.5938454046845436 0 0 0.2270861715078354 0.1695373505353928 0 0.5106403678655624 1.018045783042908 0.8498016595840454 0 0 0 0 0 0 0 0.3091880977153778 0 0 0 0 0 0 0 0 0 0 0 0 0 0 0 0 0 1.462099462747574 0 0 1.710318267345428 0 0 0 0 0 0 0 0 0 0 0 0 0 0.3765977621078491 0 0.3116874694824219 0 0 0 0 0 0 0 0.3727687895298004 0 0 0 0 0 0.1494828313589096 0 0 0 2.005352705717087 0 0 0 0 1.419613361358643 0 0 0 0.5927202701568604 0 0 0 0.1273391097784042 0 0 0 0.1050202921032906 0 0 0 1.082448869943619 0.7113878577947617 0.4718804210424423 120.8405138924718 9.090266890823841 223.8440481796861 78.35736229270697 136.5986442938447 39.84447675198317 3.576969370245934 43.84233096241951 0.8583961874246597 0.1275654882192612 0.8622458279132843 0.6241833120584488 2.413820654153824 0.3164437711238861 0 0.1511836349964142 0.4733320623636246 0
1635.021173998713 331.1336565464735 4.139367587864399 0 59.40241280198097 407.1057562381029 1924.073852308095 0 207.0062666535378 3486.03703956306 2.488340735435486 676.9264221191406 2218.955321058631 56.10718937218189 0.4917975664138794 1.023523047566414 0 0 0 0 0 0 0 0 0 0.4323293268680573 0 0 0.2636138871312141 0 82.71270914375782 2.862280681729317 1.417991757392883 0 0 0 1.035183280706406 0.3113360404968262 0.3932451158761978 0 0 0 0 0 0 0 5.778313219547272 0.5560674369335175 0 0 0 0 0 0 3.813300535082817 3.828171007335186 17.14125602692366 63.29414930939674 14.04631399363279 7.314346373081207 0 0.134566143155098 0 10.03773874044418 2.340014845132828 0.2484335675835609 0.1263083517551422 0.1015448942780495 0 0 10.948352009058 0 0 20.97935995459557 2.922621577978134 3.236646458506584 0.9819291830062866 0.7707065790891647 0 0.9688641428947449 0 0 5.052184365689754 0.1191399917006493 0.2749226540327072 0.3123790845274925 0 0 0 0 0 0 0 0 0 179.8891529142857 2.807361111044884 0 0.6070361137390137 183.9908797889948 0.6942331194877625 0 0 0 0 8.433316603302956 0.7617957592010498 0.4346718192100525 10.23543733358383 3.627725601196289 0.3480013012886047 8.268149152398109 9.854856163263321 7.360057890415192 0 0 0 0 0 0 0 0 0 0 0 0 0 0 0 0 0 0 0 0 0 0 0 0 0 0.570798933506012 1.497915029525757 1.549310922622681 0 0 0 0 0 0 0 0 0 0.5558642148971558 0.3401887714862823 0 0 0 0.4669477343559265 0 0 0.4076122641563416 0 0 0.3719974756240845 0 0 0 2.299700558185577 0 0 0 0 0 0 0 0 0 6.48858255147934 0 0 0 0 0 0 0 1.336232244968414 0.8081701993942261 0 0 0 0 0 0 0 0 0 0 0 3.971088573336601 0.3811348378658295 3.392970710992813 56.42302615940571 1.708515897393227 26.14767479896545 9.338486798107624 328.1854695379734 9.659345537424088 0.9032158851623535 6.138651430606842 3.328758269548416 0.5346246361732483 2.273583322763443 0.9365066885948181 6.123308658599854 0 0 0 0.6475164294242859 0.3902420997619629
345.5535755828023 5885.397246420383 1545.639677911997 59.40241280198097 0 32.68684473633766 1781.139475539327 17.34014190733433 9319.949967518449 427.3671610355377 888.3267668411136 89.41973885893822 291.6695440635085 857.9804965481162 17.08160378038883 3.199712850153446 0.1496541947126389 0.1265451461076736 0.1193124502897263 0.4315881952643394 0.8674990832805634 0 0 0 0 1.660712793469429 0 1.695827104151249 2.056356355547905 0.1275884062051773 2178.77176169306 61.31866686046124 8.048604249954224 0 0.2388340383768082 0 7.935943149030209 1.123119324445724 3.876826971769333 0.1967616677284241 0 1.222561731934547 0.5122056901454926 0.3806946575641632 0 0 132.0762750282884 3.623389393091202 0 0.2064232379198074 1.618184216320515 0 0 1.440550833940506 34.3230862095952 60.17723562568426 32.38173677772284 290.7323199659586 77.51493535190821 79.47392861545086 0.7382911443710327 3.232738524675369 0.4214002639055252 125.8322165086865 22.3247192800045 7.52068604528904 0.4244204312562943 1.824114143848419 1.112267874181271 0.497859887778759 15.38418360054493 3.509150996804237 0 142.5177086442709 49.63523575663567 87.22270424664021 20.63896920531988 12.66397154331207 1.098797306418419 7.522919565439224 1.18363580852747 2.324623882770538 56.39995563030243 1.101354658603668 10.40507202595472 6.486164577305317 3.070662818849087 0.1025598794221878 0.6397647336125374 0 0.3632537722587585 0.1378544270992279 1.086586728692055 0.6501966416835785 0.5959158390760422 96.75918653607368 5.239368170499802 0 0.3552051484584808 121.232719682157 1.691876769065857 1.48727223277092 0 0 0 13.75590196251869 2.404433190822601 0 4.985681787133217 8.96853706240654 0 16.08951726555824 13.98608057200909 7.56837409734726 1.457621365785599 0 0 0 1.003939867019653 0 0 0 0 0 0 0 0 0 0 0 0 0 0 0.219344362616539 0 0 0 0 0 3.386684730648994 3.685498148202896 2.429345592856407 6.804416656494141 1.401019632816315 0 0 0 0 0 0 0 0.605438306927681 1.958267837762833 0 0 0 1.050479754805565 0 0 0 0 1.700061738491058 0.451067179441452 1.429463654756546 0 0 5.140781983733177 0 0 0 0 0 0 0 0 0.1801858246326447 19.442258015275 0 0 0 0 2.31366690993309 2.294290781021118 3.574393510818481 0.9064802974462509 0.5815904140472412 0 0 0 0 0 0 0 0.146474689245224 0 0 0 17.2467256039381 5.014672100543976 9.737616658210754 324.4519206881523 32.13329334557056 501.159222252667 189.3877858892083 449.0246201008558 164.9101735204458 11.40936095267534 106.0425848737359 6.018315508961678 0.5947392880916595 3.268347054719925 2.533190965652466 14.72401320934296 0 0 2.112157717347145 1.463951200246811 0.4479036331176758
112.2941161990166 323.6499879509211 5.550608992576599 407.1057562381029 32.68684473633766 0 272.3999055325985 0.8678076863288879 46.77734722942114 511.3108056634665 14.72085089981556 230.3561785519123 242.3149180859327 43.75330559164286 0 0.1898611634969711 0 0 0 0 0 0.2746151089668274 0 0 0 0 0 0 0 0 109.522398352623 2.279556542634964 27.99248273670673 0 0 0 64.97209008038044 0.5809934139251709 27.22682309150696 0.1512017101049423 0 0 0 0 0 0 0.6324283480644226 0 0 0 0 4.026200890541077 0 0 0.2661579251289368 1.182669445872307 273.6323701739311 95.95294061303139 15.56707233935595 1.69441481679678 0 3.176767393946648 0 1.057288467884064 0.5137449651956558 0.1564750671386719 0.2280842512845993 0 0.125306099653244 0 219.4282562583685 177.9016411006451 13.59210175275803 15.80051551759243 0.5614855140447617 1.427705027163029 0.14622563123703 0.1393103748559952 0 26.84405881166458 0 11.68413518369198 2.223423637449741 3.456425920128822 0 3.039352424442768 0 14.20730867236853 5.225956782698631 8.084798395633698 0.4082874357700348 1.826661363244057 0 0 0 401.5290353894234 161.7391952425241 12.67098978161812 27.54888299107552 685.0328704714775 0 0 0 0.3654353320598602 0 1.792936474084854 1.339345097541809 0 2.394387185573578 1.106192946434021 0 0 0.200187623500824 0.6304898262023926 0.3339945375919342 0 0 0 0 0 0 0.1691586375236511 0 0.483284056186676 0 0 0 0 0 0.4882240146398544 0 1.526463836431503 4.877193331718445 0 0.433992326259613 0 0 0 0 0.3274476528167725 0.2667233347892761 1.055396765470505 3.076838865876198 2.636598587036133 0 0 0 0 0 0 0 0 0 0 0 0 3.296600386500359 0 0 0 0 0 0 0 0 0 0.5098021626472473 0 0 0 0 0 0 0 0 0 1.813639357686043 8.313998535275459 0 0 0 0 0 0 0 0 0 0 0 0 0 0 0 0 0 0 0 1.388721346855164 2.110944375395775 4.016594544053078 13.57974773645401 0.2963424623012543 4.79523291438818 3.049789823591709 283.700418099761 5.521442703902721 1.348823085427284 0.8774938136339188 3.978751063346863 0 0 0 1.474736273288727 0 0 0.4824088215827942 0 0
1225.500060558319 3831.776520483196 89.42290925234556 1924.073852308095 1781.139475539327 272.3999055325985 0 4.455397307872772 3463.504076875746 2373.551630795002 108.8632723167539 384.9175179898739 3206.57018494606 468.9785352796316 32.40482500195503 8.018046632409096 0.8511139824986458 0 0 0.591540515422821 1.786263957619667 0 0.4650535136461258 0.1443872898817062 0 2.640067711472511 0.1982320249080658 2.502509228885174 2.112109467387199 0 1136.545708023012 76.96313099563122 11.39100705087185 0.2120214998722076 0.2567654028534889 0 23.45620976388454 1.494894906878471 2.54585936665535 0.601844921708107 0.6966640651226044 1.962834618985653 0.2252847850322723 0.2648341953754425 0 0 208.9513399973512 7.919740214943886 0.7483038902282715 0.3627356961369514 1.630924120545387 0.7308371365070343 0 1.419874683022499 75.16175232082605 128.0775364041328 72.49919982999563 454.2677876055241 161.1916762515903 164.9394185394049 0.2744036018848419 6.754395432770252 0.250512957572937 198.7105021327734 49.1939507946372 12.36580112576485 1.176277630031109 3.104070693254471 1.383886396884918 2.312368102371693 35.4626582711935 4.257848352193832 0.1301911324262619 305.743547052145 88.38231231272221 156.6245895475149 35.08596482872963 29.22814084589481 0.5399184226989746 13.38087821006775 0.9352050125598907 3.111898824572563 127.5809350907803 1.140332959592342 17.55077487230301 10.18658341467381 4.41442959010601 0 1.738464452326298 0.1407924741506577 0.6367052644491196 1.126953169703484 1.832304716110229 0.2602307796478271 2.837490782141685 406.4955286830664 5.995550915598869 0 1.446762070059776 276.7022779360414 2.717686116695404 2.317826583981514 1.393010497093201 2.650854602456093 0.1629188656806946 30.67397433519363 7.613902449607849 8.124419182538986 20.89192946255207 34.72825886309147 0 38.62866175174713 49.11137156188488 28.82860347628593 1.345003008842468 0 0 0 0 0 0.5490406155586243 0 0 0 0 0 0 0 0 0 0 0 0.6541217565536499 0 0.2494242191314697 0 0 0 0 11.71013350784779 6.177393704652786 8.523429974913597 6.210318624973297 2.583417445421219 0 0 0 0 0 1.437786281108856 0 1.630762785673141 3.149286687374115 0 0 0.1841672658920288 1.126025766134262 0.2834933698177338 0.1898866295814514 0.8254449069499969 0 1.589913934469223 1.139870643615723 0.7862018942832947 0 0 9.258826449513435 0 2.044702082872391 0.8328899890184402 0 0 0 0 0 0 49.98726440966129 0.8183860778808594 0 0 0 4.156268700957298 2.853353962302208 6.129673689603806 4.958405494689941 1.502348661422729 0.9883154034614563 0 0 0 0.4014827907085419 0 0 0 0 0 0 37.59975455701351 14.00235626101494 20.19764192402363 573.2215437889099 54.48655209690332 898.2035021185875 333.8343850076199 1484.241724535823 307.0665899068117 24.20865843445063 193.7664211168885 13.25069133937359 1.856885984539986 11.04217590391636 2.48499758541584 59.41080312430859 1.638110518455505 0.3738766014575958 1.925275459885597 3.190120041370392 0
0.4745281785726547 2.652321256697178 1704.90332737565 0 17.34014190733433 0.8678076863288879 4.455397307872772 0 964.0223711580038 0.7880669236183167 3071.46742323041 8.030208393931389 82.84879928082228 444.9253682270646 25.72117295116186 25.88970687240362 18.32688795775175 24.68097145110369 2.217447400093079 11.56448416411877 0.890294998884201 0.1598170697689056 2.175831124186516 0 0 0.5493811368942261 0 2.205877609550953 0.7916277050971985 0.1152123883366585 2018.750832185149 3124.136858262122 27.6183875054121 3.933524638414383 4.602756321430206 0.6750233322381973 23.6709960103035 0.8820735961198807 0.9770232290029526 0.455980584025383 4.337820038199425 7.367128469049931 29.37581907212734 28.00488492101431 11.36530213057995 19.87851282954216 108.5173113644123 23.7678547501564 28.7366736009717 79.75195962190628 7.901037804782391 0 0 2.619132436811924 12.027647793293 21.2398614063859 6.362528555095196 203.6907156556845 21.36028628796339 28.86781832575798 48.8745358735323 26.43881593644619 15.01948634535074 941.7132225185633 9.569152474403381 20.78536733239889 4.060522995889187 59.61926596611738 59.1302031353116 28.25075820088387 5.4680135846138 0 0 60.71973710507154 64.71113193780184 59.75743308663368 73.55955182760954 82.38956624269485 656.98034478724 1355.612122312188 755.188608944416 1135.372424073517 26.31342922896147 0.4389130175113678 7.975432448089123 2.104505367577076 86.70692011713982 0 0.3377181738615036 0 0.7684171125292778 0 6.635982893407345 0.7074676305055618 1.175121948122978 6.279446259140968 0.1679159253835678 0 0 1.455844163894653 0 0 0 0 0 0.9189412891864777 0 0.9573434591293335 0.3843419551849365 1.652566730976105 0 1.051278576254845 1.489796534180641 0.929101824760437 0.5294377654790878 0 0 0 0 0 0 0 0 0 0 0 0 0 0 0 0 0 0.1935772001743317 0 0 0 0 0 0 0.8015447109937668 0.5393818318843842 1.518352627754211 0.458780437707901 0.4602599292993546 0 0 0.3412890732288361 0 0 0 0 0 0 0 0 0 0 0.382061168551445 0 0 0 1.469038099050522 0 0 0 0 0 0.178082063794136 0 0 0 0 0 0 0 0.5944379568099976 2.048098087310791 0 0 0 0 0 0 0 0 0 0.5276081562042236 0 0 0.1471829861402512 0 0 0 0 0 0 0 0.6800326406955719 1.468134433031082 3.182506889104843 159.8176475539804 11.09935326129198 336.212361164391 85.44655677676201 53.36503252387047 42.88191170990467 6.657194867730141 52.72420760244131 0.4734250754117966 0.3496371507644653 2.391942448914051 0 1.053079009056091 0 0 0 1.828695863485336 0.3269709050655365
83.39935708045959 4465.756578415632 1924.742079727352 207.0062666535378 9319.949967518449 46.77734722942114 3463.504076875746 964.0223711580038 0 864.0838156193495 6134.368816152215 356.1831986606121 3071.556142255664 2765.723631851375 49.5719034075737 28.17732329666615 1.287417225539684 0.9654485210776329 0.3473905026912689 0.9813237711787224 2.217620305716991 0 2.778852418065071 0.2393684685230255 0.5941942483186722 4.558048725128174 1.091097891330719 6.190182194113731 2.409392736852169 0.2416030988097191 778.2399700209498 58.05499389767647 123.2486125230789 1.47952327132225 5.746103093028069 0 81.75544440746307 0.8336556106805801 2.148908004164696 1.03715430945158 2.414560876786709 2.573229297995567 1.340786628425121 3.455657787621021 0.5615262389183044 2.322018928825855 197.6470672190189 5.693815819919109 0.6896472126245499 4.022388264536858 3.420581355690956 0.2114775329828262 0 2.712880380451679 27.20972887426615 45.21349526196718 23.35898880660534 132.369531609118 60.9568690508604 49.61286398768425 4.046618916094303 38.12692755460739 6.845172464847565 155.6293399631977 22.58070205152035 8.261641040444374 2.565912932157516 14.39169654250145 8.022445924580097 9.114202886819839 57.45279182493687 5.403470531105995 0 93.94375901669264 44.14300592243671 87.95748071372509 75.83354838937521 105.0103047117591 0.5209239050745964 81.05814926326275 0.8234453573822975 11.33622009307146 43.3808284252882 0.2691710367798805 8.736992850899696 5.637095101177692 6.801580809056759 0 2.128002047538757 0.2013189643621445 0.2263508811593056 0.6419271379709244 3.037774167954922 0.7799688130617142 2.84750609099865 338.0356431007385 7.08785567432642 0 1.585030049085617 39.59214416146278 10.04958936572075 5.78159636259079 3.631775349378586 0.8632420301437378 0.4184761345386505 35.52924813330173 4.452840089797974 2.702721774578094 20.11488081514835 35.04898968338966 0.211464449763298 39.48854415118694 56.15827944874763 39.75583143532276 3.375273168087006 0 0.1278424561023712 0 0 0 0 0.6004495024681091 0 0 0 0 0 1.140817046165466 0 0 0 1.934112012386322 0 0.3021811544895172 0 0 0 0 0 14.12825000286102 6.638973772525787 9.952183127403259 10.47532542049885 3.55185529589653 0 0 0 0 0 0.9931555986404419 0 1.838885009288788 3.158845067024231 0 0 0 0.3405412435531616 0 0 1.60268846154213 0 2.792979687452316 2.391319617629051 0.7565611153841019 0 0.3193826377391815 7.97143130004406 0 0.8534446656703949 0 0 0 0.3429393172264099 0 0 0.5893678069114685 59.59840390086174 0 0 0 0 4.81064473092556 1.75054669380188 7.233827471733093 8.815467774868011 2.260563105344772 0.6939483880996704 0.5055020898580551 0.715131014585495 0.1303433477878571 0 0 0 0.1029788255691528 0 0 0 43.12042938172817 16.52908270061016 33.23697872459888 674.1251864731312 60.66579832136631 809.5141382366419 311.2834307849407 436.2023306638002 200.7385979071259 11.88638592511415 239.237108103931 15.00134139508009 0.837841123342514 14.34063050150871 3.173789709806442 53.98698106408119 0.6205381453037262 0.8251534104347229 4.30119688808918 5.981642745435238 0.1724260598421097
1756.304425448179 749.4809224456549 10.28772826492786 3486.03703956306 427.3671610355377 511.3108056634665 2373.551630795002 0.7880669236183167 864.0838156193495 0 10.36449924111366 3030.576973944902 6383.892098449171 320.1163546517491 2.063807494938374 0.4167297780513763 0.1294893175363541 0 0 0 0 0.4613407850265503 0 0 0 0.2962565571069717 0 0.1744247376918793 0 0 94.33200950175524 3.08615654706955 81.78533692657948 0 0 0 56.10621665418148 0 0.6652254462242126 0 0 0.162009596824646 0 0 0 0 18.84181495755911 0.4283102601766586 0 0 0.4183796942234039 1.156482845544815 0 0.3910915553569794 5.177465096116066 10.5576521679759 61.79247093945742 78.86706707626581 24.65218565613031 10.36855898797512 0 3.366577953100204 0 10.70612782239914 4.394871085882187 0.467408649623394 0 0.2695059254765511 0.5098587572574615 0.1311333179473877 73.13003692030907 16.96447494626045 5.766195923089981 38.13507478684187 3.870156452059746 7.897466823458672 2.324890673160553 3.224398717284203 0 57.11117298901081 0 1.118890523910522 11.04786382615566 0.336806058883667 1.111542493104935 0.2010779678821564 0.2718564122915268 3.702393218874931 0.8382273241877556 1.127165675163269 0 0.1839164346456528 0 0 0 1055.270769059658 26.50855205953121 8.337678194046021 1.576191037893295 558.9762655943632 5.875554084777832 4.375767946243286 9.700131714344025 6.133768677711487 0 59.91110706329346 11.3881104439497 2.963357791304588 31.66198064386845 48.06179539859295 0 51.08047464489937 71.34476073086262 52.64160414040089 2.272285968065262 0.206920251250267 0 0 0 0 0 0 0 0 0 0 0 0.9127713441848755 0 1.166221976280212 0 1.427553534507751 0.5183954238891602 1.432892024517059 0 0 0 0.9273353219032288 0 11.76891462504864 7.787089392542839 10.08502291142941 11.2304844558239 2.876964032649994 0 0 0 0 0 0 0 1.54291832447052 5.152303233742714 0 0 0 0 0 0.3413065671920776 1.965624183416367 0.2013541460037231 2.519146621227264 1.238278418779373 0 0.4146020710468292 2.066397488117218 11.28814035654068 0.7751575112342834 2.305040508508682 1.035598263144493 0.4974851161241531 0.427099883556366 0.1213494837284088 0 0 0 48.4367980659008 0 0 0 0.146430104970932 5.06455186009407 2.327709674835205 9.785584017634392 5.405699968338013 1.317333221435547 1.212274163961411 0 0 0 0 0 0 0 0 0 0 57.75914442539215 10.60711373388767 26.54340301454067 372.1153137087822 5.78238682448864 98.89205827564001 28.21456434577703 858.1135042905807 31.68893241137266 1.519637018442154 37.27051405608654 32.08915859460831 0 17.75430808961391 4.263052597641945 123.8342617452145 3.728465870022774 0 5.251113772392273 0 0
42.10715754330158 313.9956048876047 4153.610811233521 2.488340735435486 888.3267668411136 14.72085089981556 108.8632723167539 3071.46742323041 6134.368816152215 10.36449924111366 0 180.3399001955986 1509.166792221367 5621.836843445897 71.17601897567511 87.44931380450726 3.198181070387363 16.17273354530334 2.527013137936592 25.20967535674572 7.370258115231991 0 26.23535776138306 3.161887943744659 4.265242919325829 1.653841614723206 7.286224231123924 6.678913839161396 0.5094787403941154 0.8639833703637123 2107.042225047946 402.6767916753888 1763.531827308238 31.5727104395628 64.50872674584389 2.830934904515743 739.0870479941368 14.27722257375717 9.376886665821075 0.7943325862288475 15.99809361994267 13.6251695305109 40.79401922225952 10.13340838998556 19.84512895345688 31.92107979953289 178.0365825518966 19.83524276316166 12.04350394010544 59.68557737022638 31.18658661097288 0.1033016964793205 0.1101840063929558 4.671756833791733 19.84002866595984 36.98688673973083 11.75934268534184 185.0175733044744 34.65442781150341 59.56854512542486 75.4917039424181 627.7561141327024 121.49508048594 241.3891604095697 16.49926536530256 30.73303200304508 6.741902999579906 153.2045791819692 132.7058878317475 109.5517292916775 110.2406876981258 7.718354314565659 0 84.52430014312267 54.30213978886604 101.2064333856106 104.1542861536145 202.7371600717306 29.28207812458277 1176.552869051695 17.65683296322823 256.0677921026945 35.01500165462494 0.1281573921442032 11.97987282276154 5.157383874058723 93.24438991397619 0 1.524431630969048 0 1.501118361949921 0.7303957268595695 31.66031830757856 0.4558437541127205 3.095239892601967 133.0442748218775 7.796726748347282 0 1.572993338108063 25.68893943727016 6.867306649684906 1.324372529983521 0 0.3113444149494171 0 13.30848328024149 2.555264800786972 3.206657275557518 4.418071389198303 9.1149642765522 1.09382951259613 15.5507335960865 16.97205093502998 9.74754723906517 3.341761529445648 0.7467446327209473 0.2659052312374115 0 0 0 0 0 0 0.2752033174037933 0 0 0 0.8826457858085632 0 0.3164238929748535 0.3006562888622284 0.7768677473068237 1.393635958433151 0 0 0 0 0.2810188233852386 0 12.42163918912411 6.017061308026314 7.656208053231239 8.905490681529045 3.719637334346771 0 0.3553412705659866 0 0 0 1.068885922431946 0.1511108130216599 0 1.420315936207771 0.3833703100681305 0 0 1.045883119106293 0.1337819546461105 0.6218249946832657 0.9875716120004654 0 4.090501978993416 2.335579752922058 0 0 0 10.25922648608685 0.179536297917366 0.840768963098526 0.6819872558116913 0 0 0 0.3261514008045197 0.2055249661207199 1.051938518881798 30.57982666790485 0.4630777984857559 0 0.142098680138588 0.1182036772370338 2.64841502904892 0.6543214172124863 4.760166868567467 4.567966848611832 0.5815186202526093 0.7496272921562195 0.2962136566638947 0 0.7987193912267685 0 0 0 0.08311491459608078 0.1531634777784348 0 0 15.47343051433563 16.18660119175911 21.23558869957924 498.6975289583206 40.91680052876472 632.5185890048742 236.1674013584852 151.2623158320785 91.03002392500639 7.403286270797253 149.0292807668447 11.35730542987585 0.9722424894571304 8.443863317370415 2.477138713002205 18.39699785411358 1.82836702466011 0.5977866649627686 4.885284423828125 4.800330348312855 1.097818560898304
103.9145222455263 123.8080522269011 6.333356261253357 676.9264221191406 89.41973885893822 230.3561785519123 384.9175179898739 8.030208393931389 356.1831986606121 3030.576973944902 180.3399001955986 0 2766.997944399714 427.5703917816281 19.11391770094633 24.63023322075605 1.566668801009655 0.9153139591217041 0 0.7050482034683228 1.752904385328293 0.38027623295784 5.920551002025604 0.4435328543186188 10.62680751085281 0.3346213102340698 21.04996484518051 2.673022255301476 0.7724616676568985 1.850358903408051 30.78875736147165 4.604495882987976 234.1757640689611 4.658610463142395 14.45910319685936 9.222237437963486 543.4941172227263 3.332023315131664 8.548613183200359 0.3598081469535828 3.233541183173656 0.9371203184127808 0.6689488291740417 3.040136344730854 0.515228271484375 0.6179375648498535 32.82982643693686 0.4250698462128639 0.1205052956938744 1.394872739911079 5.056644260883331 5.516918003559113 0.1807529926300049 0 2.596147008240223 6.375304594635963 11.01038405299187 20.45573517680168 13.03530145436525 8.383464075624943 2.388035863637924 66.18726395815611 17.62470543384552 16.60610046982765 1.63844857364893 1.387523107230663 0.549736812710762 5.645425036549568 3.604160197079182 10.72864701598883 460.9857788532972 37.59307910501957 5.771162629127502 17.42884640395641 4.237603798508644 12.8656508103013 24.17299030721188 60.90531403571367 0.3559978455305099 267.3511357903481 0.4375274404883385 24.87466672807932 5.926624529063702 1.434540309011936 0.8038074299693108 1.144117966294289 0.8202989175915718 11.10114246606827 3.160259559750557 5.310600519180298 0.8024741634726524 0.8254965171217918 4.086017712950706 0.3820461928844452 0.6032675355672836 2555.971356645226 218.1072481423616 52.62923911213875 9.967764280736446 76.9828863888979 3.458485215902328 3.529447764158249 4.998758569359779 2.332496300339699 1.321166396141052 49.33779010176659 9.321674063801765 7.095847681164742 19.24347646534443 39.00884957611561 0.8775663822889328 45.59071807563305 68.2879930883646 57.40957781672478 4.330212533473969 0.301358550786972 0.4316346049308777 0 0 0 0 0 0 0 0 0 0 1.13068225979805 0 0 0.8925610780715942 3.673020586371422 2.160190552473068 3.289229288697243 0.1633011996746063 0 0 0.9634552597999573 0 24.52895402908325 9.95624090731144 17.28681963682175 13.78517828881741 4.7056675106287 0 0.2040891349315643 0 0 0 0.7344472855329514 0 0.6603039354085922 3.657801434397697 0 0 0.2220735549926758 2.21855653822422 0.3632462322711945 1.547031804919243 1.815918296575546 0.2112401723861694 5.25704999268055 7.877973228693008 1.381847813725471 0 1.257223933935165 11.48304767906666 0.5470693707466125 1.867978185415268 2.814753010869026 0 0.1632817685604095 0 0 0 0.3162972033023834 70.89014503359795 4.360161915421486 0.2380243092775345 0 0 2.49462154507637 2.365987062454224 11.08581654727459 6.028012491762638 4.846674352884293 1.048855796456337 0 0.6464182734489441 0 0.9778371378779411 0 0 0 0 0 0.1777281165122986 60.2102270424366 26.65691033005714 37.14859037101269 380.6819549277425 15.58363739401102 203.3338806182146 80.56312838941813 361.7237958684564 37.1439675539732 1.807051621377468 123.5436054989696 22.49123015999794 0.3342355787754059 19.27241600304842 4.974062405526638 82.87336291372776 7.560782015323639 4.816088199615479 8.060231372714043 5.966042563319206 0.8959733545780182
256.7738251015544 918.6195685490966 85.87078958749771 2218.955321058631 291.6695440635085 242.3149180859327 3206.57018494606 82.84879928082228 3071.556142255664 6383.892098449171 1509.166792221367 2766.997944399714 0 2497.084289342165 90.92242865264416 86.39486531168222 2.799594908952713 0.9907913208007812 1.087808132171631 1.879550725221634 4.932765774428844 0.5850922763347626 8.627382144331932 1.54856663197279 10.13749925047159 4.404771246016026 13.77992342412472 10.91276876628399 4.379048354923725 2.458410933613777 155.8612467199564 28.14202652871609 460.8601886257529 6.833537437021732 22.90601629018784 4.933259040117264 428.4138704687357 7.314277894794941 4.673163801431656 3.165828034281731 6.599557273089886 3.815043270587921 1.411010555922985 7.725751094520092 4.901610903441906 1.816701777279377 173.4207121282816 4.194677077233791 1.826775223016739 2.328472301363945 7.960500568151474 0.6529135182499886 0.1990252733230591 2.735094338655472 16.64367952942848 35.61015299707651 21.36670060455799 74.2719471976161 47.9981057420373 39.88061406463385 5.666751936078072 97.56618998944759 21.78303241729736 112.8714147508144 15.0346392467618 7.910948321223259 1.690455876290798 16.71725759655237 9.229988165199757 19.18183381855488 389.5888590887189 23.6751392185688 0 64.51435448974371 28.24149783700705 86.96271396428347 130.0875092446804 242.7192611321807 2.588799335062504 287.0405339747667 2.034964755177498 38.05027695000172 33.9782350808382 0.6980560943484306 7.936202190816402 3.328958742320538 6.486811347305775 1.099955908954144 1.276826284825802 0.9772208631038666 0.9812863171100616 2.302841350436211 6.520931273698807 1.478666469454765 4.354688249528408 3298.575501516461 75.72324576228857 1.85366877913475 1.893546983599663 105.5377673283219 13.59061707556248 7.05679988861084 5.089437872171402 9.96114718914032 1.241685062646866 98.04640290141106 14.30132635682821 14.58275863528252 57.29475326836109 92.98634722828865 2.1394222676754 120.0058273226023 156.8837393075228 95.10491307079792 7.245124071836472 2.138978481292725 0.9159369096159935 0 0.8387980461120605 0 0 0 0 0.7150124907493591 0 0 0 0.5951001346111298 0 1.242536664009094 1.135512113571167 4.654064744710922 1.265056371688843 2.475701734423637 0.7830866873264313 0 0 1.259514421224594 0 32.6491160094738 20.55416764318943 29.64375308156013 16.12864264845848 6.171763971447945 0 0 0 0 0.1402422934770584 2.938693583011627 0.8959379196166992 3.556892484426498 6.73409778624773 0.9208277612924576 0.3940832912921906 0 3.509254157543182 0.7537420243024826 1.854103907942772 1.056490853428841 0 8.77311997115612 13.18266490101814 2.224285751581192 0.268889993429184 3.639822632074356 30.17239093780518 0.5070256590843201 1.844430953264236 1.065007910132408 0 0 0.7592935860157013 0 0 0 186.2864950969815 5.324192374944687 0 0 0.3028275668621063 7.7670708745718 3.206065788865089 28.93585841357708 10.96275694668293 3.251643359661102 6.344840124249458 0.1601479202508926 0.9635253697633743 0.3884416520595551 0 0 0 0 0 0 0.2757906317710876 131.3116984218359 66.64659014344215 80.163723513484 870.2091277018189 90.8553556278348 702.5847637951374 358.0162186920643 684.183579467237 202.9603913649917 14.01572563499212 341.6695823818445 33.76003467291594 1.749074354767799 35.65269662439823 7.043212234973907 133.4450472891331 10.79496538639069 5.324245601892471 6.344844833016396 13.95439723134041 2.092372328042984
27.52592904865742 691.3618369549513 493.5736560896039 56.10718937218189 857.9804965481162 43.75330559164286 468.9785352796316 444.9253682270646 2765.723631851375 320.1163546517491 5621.836843445897 427.5703917816281 2497.084289342165 0 90.94268330186605 92.41351874917746 3.886624582111835 5.422714896500111 1.473379701375961 9.170698665082455 6.034912936389446 0 26.19828710705042 5.166719011962414 13.47650638222694 4.140457518398762 14.01219668984413 8.00861981511116 4.484647706151009 2.157748937606812 361.3754296451807 54.6882641017437 3423.662015624344 29.13156071305275 61.31761362403631 7.195620261132717 2146.386708907783 26.2077519595623 9.72563336789608 1.419351048767567 10.32201699912548 7.087297260761261 12.41699609905481 10.08911872655153 8.218749836087227 14.14694027602673 200.0934359803796 7.920740693807602 2.162500493228436 15.72660006582737 19.78289768099785 0 0.2281764969229698 4.847911484539509 20.80229459702969 33.78362042456865 12.17726428061724 82.82821954041719 41.36548857390881 45.21506007760763 27.92442674189806 1112.190202400088 97.91247327625751 159.7807825058699 14.68380378931761 16.90436419099569 4.499385476112366 67.47586518526077 51.56420378386974 80.07094649970531 298.0992105975747 13.7648538351059 0 61.21572620421648 45.31917438656092 102.4678203612566 132.5956379696727 264.494200989604 2.887885369360447 1124.001174636185 3.942480228841305 202.4377822950482 34.66125639528036 0.5813987478613853 10.26622065901756 4.512968316674232 29.22018080949783 0 1.827651850879192 0.708174541592598 1.066469468176365 0.5791668966412544 26.26826646178961 1.441889844834805 4.780622646212578 708.9874053001404 14.82561435550451 0 2.555723175406456 26.76972877234221 7.113389641046524 3.351452261209488 3.445135742425919 0.3142929375171661 0 44.13850972056389 5.954386472702026 6.316413775086403 20.10711248219013 27.46598535776138 0 43.7852780520916 57.78614288568497 36.56017205119133 4.619255945086479 1.773661285638809 0.2150416076183319 0.5121293663978577 0 0 0 0.1687279492616653 0 0 0 0 0 0.3825806975364685 0 0 0.4434927701950073 0.6989938020706177 0.2089267820119858 0.6770789623260498 0.1803858578205109 0 0 0.1760285496711731 0 21.21074212342501 8.249140650033951 14.1130223274231 16.23477800190449 6.063184097409248 0 0.1484330892562866 0 0 0.3081220090389252 0.8592050075531006 0.1993339061737061 0.893954336643219 2.692014217376709 0 0 0 1.343547850847244 0.3999860137701035 0.3264799863100052 3.035074591636658 0 3.82739819586277 6.12598492205143 0 0.4800221621990204 1.371843844652176 15.53122527897358 0 0.8195627331733704 4.404733747243881 0 0 0 0 0 0 76.87255140393972 2.980882421135902 0 0 0 6.813287407159805 1.703085854649544 10.08651298284531 8.023778811097145 2.005747377872467 2.086485847830772 0.2569695189595222 0.9010408520698547 0.6732270419597626 0.2870145738124847 0 0 0.8407928198575974 0 0 0 49.32369196414948 26.88002493977547 36.44727919995785 909.4668311774731 84.9937364757061 921.2383680567145 391.676150329411 358.5793219953775 187.5317892953753 13.1744479238987 342.6685541272163 23.16997362673283 1.151680529117584 20.88386318832636 6.643294885754585 49.13889931887388 3.311796814203262 0 5.902703359723091 13.3590452671051 2.868407756090164
1.354877129197121 12.1336587741971 15.5047420784831 0.4917975664138794 17.08160378038883 0 32.40482500195503 25.72117295116186 49.5719034075737 2.063807494938374 71.17601897567511 19.11391770094633 90.92242865264416 90.94268330186605 0 3460.447014838457 347.5395861789584 5.221982002258301 11.81316830217838 0 0 0 0.09304043650627136 0 5.087952114641666 0.3001745641231537 0.630605161190033 0.3619892820715904 0 0.09307187795639038 33.56092151999474 49.87489503622055 30.37223629653454 0.712529718875885 0.09325404465198517 14.0616867095232 130.6164880990982 57.59858755022287 67.14809800684452 33.88609104603529 0.1360900104045868 0.2312228977680206 0.414013534784317 557.0398061126471 139.2338868156075 27.56528563052416 1783.248211078346 26.76965990662575 11.36013153195381 12.3080951794982 0.6526521146297455 0 1.183517962694168 0.125494658946991 18.10053364932537 15.70656628906727 1.229552268981934 14.22361310571432 11.75130244344473 372.054444514215 26.43902493268251 200.0779928863049 0.4418561160564423 72.0715249851346 10.1232036948204 7.748829893767834 1.365659482777119 10.04805415868759 3.675054341554642 0.1224540919065475 20.37891670316458 0.5082475394010544 0 263.9188672453165 42.63313380628824 2557.797214731574 1248.713123597205 1454.355506040156 51.24658250063658 47.56256134063005 105.4249883517623 70.03996683657169 62.35606383532286 0 10.47434654831886 1.544440597295761 18.87486181408167 0.1456188410520554 0.7524625062942505 0.1401231586933136 0.7630026489496231 0 0.8336916491389275 0.1277025043964386 0.1407483071088791 3.347281932830811 2.422979131340981 0 4.507980793714523 0.1351415067911148 0 0.3615316450595856 0 0 0 0.2452116906642914 0 0 0.1334967315196991 0 0 0.2993913590908051 0 0.3535366207361221 0 0 0 0 0.2756213545799255 0 0 0 0 0 0 0 0 0.2269579023122787 0 0 0 0.1708890050649643 0 0.1976441591978073 0 0 0 0 0 0.8622612655162811 0.3967587873339653 0.344084843993187 1.149464979767799 0 0 0 0 0 0 0 0 0 0 0 0 0 0 0 0 0 0 0 0 0 0 0 0.1259342879056931 0 0 0 0 0 0 0 0 0 0.7773955315351486 0 0 0 0 0 0 0.3912131786346436 0 0 0 0 0 0 0 0 0 0 0 0 0 0.6864325255155563 1.479866534471512 1.021946802735329 12.69854861497879 8.494714081287384 924.8528517857194 51.46913402527571 4.038321614265442 6.890683606266975 2.236726507544518 5.906453266739845 0.715727724134922 0.2242902517318726 0.2855872511863708 0.7974559962749481 0 0.5203350186347961 0 0 0 0
