0 4925.579318366945 780.1560697928071 622.7355510890484 105.1935366168618 268.7502261549234 484.1737431064248 142.5584385842085 66.12443975359201 837.2040235325694 712.7936698868871 24.24322385340929 114.3971179798245 402.2853913679719 1.558099515736103 0.5124939605593681 0.143847331404686 0 0 0.8588106334209442 0.2506460100412369 0 0 0 0 0.913016751408577 0 0.2346282005310059 0.1936865895986557 0 681.0520675256848 97.04962188750505 47.93214638531208 0.5545574873685837 0.1315461695194244 0.110167384147644 39.11123289912939 0.4340486451983452 0.221956193447113 0.481292836368084 4.21716047078371 0.9799365177750587 0.2719059884548187 0.2782424092292786 0 1.094073116779327 11.33948488533497 0.5937159359455109 0.27033831179142 0 0.2092673853039742 1.066023170948029 0 0.3170679211616516 0.9240733683109283 1.013566300272942 159.4051259458065 337.2391946539283 35.0107821598649 10.43006247282028 3.291786834597588 11.34968336671591 0.5483378544449806 9.963750027120113 0.3420507535338402 0.3118771016597748 0.1719076484441757 0.8144526928663254 2.236285261809826 9.426486231386662 47.29499092698097 8.070663914084435 0 33.88246854394674 8.67256773263216 2.725988149642944 1.45631019026041 0 25.7971777766943 333.4611680060625 1.245813742280006 55.91343385726213 2.95854663848877 0 0.178725354373455 0.4482094496488571 0.8534306138753891 0.8010268956422806 0 0.3637941405177116 0 0.2125022560358047 5.132503047585487 0.3206748366355896 0 131.016887485981 4.027553215622902 1.302269771695137 0.92588010430336 1134.167252928019 0 0.87548828125 0.2220350503921509 0 0.6309017539024353 8.39558319747448 0 1.11163866519928 1.778592064976692 1.261569410562515 0.8375700712203979 1.561372652649879 2.423111215233803 1.447203531861305 1.091400295495987 0 0 0 0 0 0 0 0 0 0 0 0 0 0 0 0 0 0 0 0 0 0 0 0 1.207969665527344 0.6046329438686371 1.041590265929699 1.719050869345665 0.2896252274513245 0.5196853876113892 0 0 0 0 0 0 0 2.411991193890572 0 0 0 0 0.2795922756195068 0 0 0 0 0 0 0 0 3.280479848384857 0 0 0 0 0 0 0 0 0 5.32556040585041 0 0 0 0 1.129140555858612 0 1.990801848471165 1.598300635814667 0 0 0 0 0 0 0 0 0 0 0 0 0.7575522214174271 0 2.787279509007931 30.10108136385679 2.759573400020599 21.2516066133976 4.488609313964844 597.3346316590905 9.099668025970459 1.624118819832802 10.2544174939394 0.7221084088087082 0 0.8650360330939293 0 2.156949132680893 0.7306562066078186 0 0.1705120503902435 0.1343291401863098 0
4925.579318366945 0 1490.540301777422 129.5480297803879 870.9973755180836 664.0199285000563 922.8125183582306 267.4246933236718 714.34119617939 565.8889534175396 2932.229514695704 231.1956677734852 1418.611722201109 2218.630558773875 15.90761930495501 1.028406567871571 0.119092658162117 0 0 1.023706085979939 0.2513717710971832 0 0 0 0 0.3650725781917572 0.5670987963676453 0.1025018915534019 0.4448559582233429 0 2210.724805310369 178.2189258933067 107.5124624222517 0 0 1.066554218530655 57.8735550865531 1.755498379468918 0.7432347163558006 0.3916095420718193 3.944977402687073 1.250316195189953 0.6836681142449379 0.9961001873016357 0 2.42802470177412 135.9448419362307 12.20379459112883 1.044387593865395 0.4363138005137444 2.636300727725029 0.4077289402484894 0 0.1313144266605377 13.83765337616205 10.13892711699009 269.4296866059303 608.5800567418337 137.9375939145684 114.3641339540482 4.221145525574684 10.17176695168018 1.877864748239517 126.0770077630877 10.40646214783192 5.980223625898361 4.814094237983227 3.701603278517723 1.537900857627392 8.692337892949581 34.88858161866665 6.443256698548794 0.1380982398986816 219.4265478774905 74.60465700924397 42.69522392749786 11.23249594867229 2.470554366707802 39.06710438430309 764.3737425431609 2.612447999417782 58.09192335605621 55.06192223727703 0.2147846966981888 2.822205558419228 9.273102909326553 1.239911451935768 0.1121236085891724 0.08003382384777069 0.1149632781744003 0.09170839190483093 0 6.467454977333546 0.8427576869726181 1.16545931994915 102.9480097591877 0.2309893667697906 0.348536342382431 0.6849419623613358 1738.419190876186 2.129980564117432 0.1637347787618637 1.035261511802673 1.125113263726234 2.841816708445549 25.21429175883532 0.8112806081771851 10.40941175818443 9.549469813704491 24.22173948585987 2.26010337471962 11.6542314440012 8.880133092403412 14.69745479524136 4.681900903582573 0 0 0 0 0 0 0 0 0 0 0 0 0.232484444975853 0 0 0.1233071610331535 0 0 0 0.5001344084739685 0.9325656890869141 0 0.3241899907588959 0.579882800579071 6.902023278176785 0.9275024011731148 5.600227318704128 1.95096755027771 0.3469295650720596 0 0 0 0 0 0 0 5.622082501649857 6.870180748403072 0 0.1599473804235458 0 0 0.2858432829380035 0 0.3205594718456268 0.1044156104326248 0.4759764671325684 0.7308054864406586 0.5177175402641296 0.3337585031986237 0.6215581446886063 11.12112214416265 0 0.9056250005960464 0 0 0 0 0 0 0.687102422118187 17.50689046829939 2.480898857116699 0 0 0 5.181232020258904 4.678594514727592 4.296941682696342 0.6320277452468872 0.4453077465295792 0 0.6426625847816467 0 0.2428135350346565 0 0 0 0 0.09659517556428909 0 0 1.44359615445137 1.668562024831772 4.125582568347454 282.1223400309682 30.37214675545692 266.7144211679697 32.72667677327991 1156.935070261359 87.3362632766366 10.22971452027559 52.84489466995001 11.3446292579174 0.2323088645935059 4.67337192595005 0 6.128558903932571 0.1282329559326172 0.1466876566410065 1.106166787445545 3.070107787847519 0.3536831140518188
780.1560697928071 1490.540301777422 0 14.39718846976757 194.9621619284153 33.8651787340641 169.7077659368515 2728.386934660375 383.8532426282763 26.91401372849941 3083.153913266957 37.93950092047453 234.5156953707337 1801.605320908129 8.518997959792614 1.076294809579849 0.09523418545722961 0.523940309882164 0 7.680922135710716 10.64735476672649 0 0.3930330276489258 0.2560875415802002 0.2211761474609375 3.888178095221519 0 2.456798933446407 0.1328759640455246 0.1884623616933823 4062.70013448596 167.169913366437 152.1597661525011 2.540097072720528 0.5216190665960312 1.964386083185673 76.99361808598042 3.629618003964424 0.9542806819081306 0.6571236625313759 24.54479382932186 4.004706650972366 2.077561475336552 1.82973125576973 0.1362435519695282 4.181363992393017 41.16357666999102 2.823183923959732 0.5822419822216034 1.843658544123173 1.108395643532276 0 0 0.5929875075817108 3.389728061854839 1.889145366847515 60.82738266140223 235.941800378263 27.67099689692259 28.21758510917425 17.46077873557806 43.37768659740686 14.33933532238007 237.8995169252157 1.505375884473324 2.643948473036289 1.576951704919338 6.684695079922676 13.80178424715996 69.93536897748709 23.26363843679428 2.097207136452198 0 53.94105891883373 29.70889470726252 16.79236275702715 14.47366674244404 1.025512680411339 522.8423653766513 2904.796641744673 6.358545951545238 548.9065818414092 9.469459779560566 0.09960950165987015 1.034553520381451 1.38854818791151 6.411886408925056 0 0 0.4607211500406265 0.2457504868507385 0.1193007528781891 34.42895139753819 7.225564651191235 1.087594985961914 17.41365404427052 1.625879362225533 0.1155823320150375 1.205927670001984 502.1582360267639 0 0 0.215338721871376 0.2742058038711548 0 0.8111166805028915 0 0.8584832102060318 0.9335616081953049 6.427705734968185 0.4394668936729431 2.601095363497734 2.965080171823502 4.53424260020256 0 0.2704727053642273 0 0 0 0 0 0 0 0 0 0 0 0 0 0 0 0 0 0.1187224537134171 1.023987993597984 0 0 0 0 2.213153071701527 0 2.975688211619854 1.016549609601498 0.216562308371067 0 0.2437620311975479 0 0 0 0 0 0.2594683468341827 1.622508101165295 0 0 0 0 0.7651569396257401 0 0 0 0 0.8407637923955917 0 0 0.5188281461596489 2.046718075871468 0 0 0 0 0 0.1538061946630478 0 0 0.3320229947566986 5.61346647143364 4.018841117620468 0 0 0 0.1830200552940369 2.23440009355545 3.72783188521862 0.3849441111087799 0.5561582148075104 0 1.03390645980835 0 0 0 0 0 0 0 0 0 0.2660138309001923 0 2.030533015727997 69.88698947429657 7.783332712948322 69.934420324862 12.51394484192133 139.537815079093 18.3478072732687 2.428908884525299 24.80888945609331 1.49511344730854 0 0 0.1727653592824936 1.578018546104431 0 0 0.24699367582798 1.314072415232658 0.1862481534481049
622.7355510890484 129.5480297803879 14.39718846976757 0 4.588929384946823 359.2175846546888 246.6264387816191 0.9593796283006668 79.60798922181129 593.0897484049201 24.10034775733948 41.9122331365943 175.4742157757282 205.5067229866982 0.2308536320924759 0 0 0 0 0 0 0 0 0 0 0 0 0 0 0 60.76116974651814 0 0.1800897270441055 0 0 0 2.443101137876511 0.3560942411422729 0 0 0 0 0 0 0 0.09406456351280212 3.13076913356781 0.3505192324519157 0 0 0 0.1276738345623016 0 0.1322066634893417 0.6910628452897072 0.3966256082057953 25.54914039373398 60.28866843134165 6.308234885334969 4.656209252774715 0 1.458509534597397 0 2.398087173700333 0.2598442882299423 0.1718434914946556 0.08640216290950775 0 0 0 4.080195173621178 0.5323536992073059 0 9.478207632899284 1.593420244753361 1.300085477530956 0 0.1430831998586655 0 1.445884317159653 0 0.1940900832414627 1.402483187615871 0 0.1522924304008484 0.5003618523478508 0 0 0.0969056710600853 0 0 0 0.1127327680587769 0.2592454254627228 0 41.85196393728256 0 0.7463087439537048 0 331.6971537470818 0 3.415664672851562 0.4136135578155518 0.8712083697319031 1.101278483867645 2.11715304851532 0 3.410698711872101 3.2418222874403 7.967639148235321 0.8505666553974152 5.747250840067863 1.490511506795883 3.508863538503647 0.5056208968162537 0 0 0 0 0 0 0 0 0 0 0 0 0 0 0 0 0 0 0 0.3553536534309387 0 0 0 0 0.6636171936988831 0 0.6634122431278229 0.1170202866196632 0 0 0 0 0 0 0 0 0.4809886068105698 1.9635950922966 0 0 0 0 0 0 0.2490562051534653 0 0 1.474240869283676 0 0 0 1.979815751314163 0 0 0 0 0 0 0 0 0 3.616782069206238 0.3343904614448547 0 0 0 0.7240795493125916 1.200903922319412 1.741055697202682 0 0 0 0 0 0 0 0 0 0 0 0 0 1.953634202480316 0 1.267761766910553 38.6051772236824 0.6495624184608459 6.704125121235847 0.9694582521915436 351.2320247218013 2.646965593099594 0.1075968220829964 2.060204029083252 0 0 3.348940931260586 0 3.804134845733643 0.3123938143253326 0 0.1829649209976196 0 0
105.1935366168618 870.9973755180836 194.9621619284153 4.588929384946823 0 8.119630843400955 822.980930544436 59.47177682816982 1440.677553743124 157.7950877547264 1355.181609466672 129.0573375225067 1531.138174504042 1300.028161071241 8.96355763822794 0.3301505818963051 0.1336114853620529 0 0 0.2003613486886024 0.7591316476464272 0 0 0 0.4653148129582405 0.430447056889534 0 0.2143716514110565 0.1236359924077988 0 94.12902449071407 66.14183049649 6.700732372701168 0 0 0.143843486905098 12.93700365722179 0.7519851177930832 0 0 0 0.3817769736051559 0.1035061553120613 0.5659076422452927 0.2799385860562325 0.5841662138700485 85.26297540962696 4.968612000346184 0 0 1.325940921902657 0.1054447963833809 0 0.1690902709960938 5.71424363553524 2.82434968650341 25.30868555605412 71.03506150096655 23.60888163745403 40.68065775185823 1.483264826238155 2.176704123616219 0.3487042784690857 53.74322587251663 3.888786181807518 2.414286486804485 1.581660278141499 1.579921647906303 0.2999191284179688 0.8822542205452919 11.43751189112663 3.230600714683533 0 55.71841945499182 32.96148134022951 19.85482679307461 9.730635590851307 1.472060270607471 2.871626876294613 28.55840998142958 0.6386779546737671 7.500052601099014 19.88584600389004 0 0.9785512685775757 3.258540771901608 0.6046032086014748 0 0.1486097872257233 0 0 0 0.6748708561062813 0.08835481107234955 0 16.12768241763115 0.1268549561500549 0 0.44218909740448 28.85748620331287 0.489737257361412 0 1.083728134632111 1.449210703372955 2.625025734305382 13.03848143666983 1.647252604365349 4.895649462938309 8.544151425361633 21.20074458420277 3.818316534161568 11.66060267388821 9.388606056571007 13.90733091533184 3.219706401228905 0.3995414972305298 0.1432776004076004 0 0 0 0 0 0 0 0 0 0 0 0.1383475363254547 0 0.1158448234200478 0 0 0 0.525418221950531 0.3691176772117615 0 0.1976966708898544 0 5.06757552921772 0.315463125705719 4.774438187479973 1.437287144362926 0.1849028766155243 0 0 0.4975074827671051 0 0 0 0 2.375623196363449 4.266921013593674 0 0 0 0 0.2049921602010727 0 0 0 0 0.4580484926700592 0 0.3515734523534775 0.192010834813118 8.151175193488598 0.5428676009178162 0.3063532710075378 0.3182259351015091 0.2885748445987701 0.1873930692672729 0 0.1040123552083969 0 0.116273544728756 16.76849262416363 0.2871635258197784 0 0 0 2.422798901796341 2.909602865576744 3.653589330613613 2.654645040631294 1.944497406482697 0.6685796678066254 0.2721880078315735 0 0 0 0 0 0 0 0 0 4.214679509401321 1.862199805676937 1.455769397318363 162.5240710377693 20.55788866430521 167.8973780795932 20.92061918973923 115.5822102651 45.60025592148304 3.844840660691261 56.03934815526009 5.768076807260513 0.7694741114974022 5.523307122290134 0.9896564483642578 5.967600837349892 0 0.4902316033840179 1.232335612177849 1.873567819595337 0.4724610149860382
268.7502261549234 664.0199285000563 33.8651787340641 359.2175846546888 8.119630843400955 0 191.8422724455595 2.266775786876678 8.35119217634201 643.8882964551449 23.62201860547066 39.54869247972965 69.0842892229557 31.94572776556015 0.4391664862632751 0.464864194393158 0 0 0 0 0.1694881319999695 6.768576242029667 0 0 0 0 0 0.1308203935623169 0.4187253713607788 0 54.69104501605034 0 22.5903348326683 0 0 0.4115147441625595 100.7611366212368 1.82654233276844 6.088161125779152 0.1607101559638977 0 0.5104517638683319 0 0 0 0.1706615388393402 1.577633306384087 0.1322650164365768 0.1399985700845718 0 0.1166924610733986 28.66710715740919 2.704363256692886 4.723590068519115 0 0.6280317306518555 64.79769612848759 92.89377781003714 2.91475585848093 0.7902476191520691 1.116380617022514 10.78009405732155 0 0.4450449720025063 0 0 0 0.4135104417800903 0.1759425103664398 0 215.5195028185844 56.55447536706924 4.831435292959213 1.338530905544758 0.8300550058484077 1.106320485472679 0.2657371535897255 0.1548221707344055 4.39345383644104 23.03450718522072 0 16.21640422195196 0.1216685250401497 2.622869864106178 0 0.8560274392366409 0 9.299036584794521 2.284792080521584 9.742479845881462 1.06473745405674 4.413851261138916 0.3566411137580872 0.2216906398534775 0.8726349323987961 132.1925862133503 69.84379453957081 18.84264321625233 25.95610362291336 472.4194003939629 0 0 0.8551200032234192 0 0 1.665434092283249 0 0.2268115133047104 0.5803950428962708 0 0 0 0.3383668959140778 0.1757887899875641 0 0 0 0 0 0 0 0 0 0 0 0 0 0.1810758113861084 0 0 0 0 0 0 0 0 0 0 0 0.1756064891815186 0.1406058967113495 0 0.8062466979026794 0 0 0 0 0 0 0 0 0 0 0 0 0 0 0 0 0 0.45924311876297 0 0 0 0 0 0.5086797475814819 0 0 0 0 0 0 0 0 0 0 0 0 0 0 0 0 0 0 0 0 0 0 0 0 0 0 0 0 0 0 0.720558762550354 0 0.1155343055725098 10.50450457632542 4.141056872904301 2.772705964744091 1.685573697090149 46.95516750216484 0.2658489942550659 0.7450142353773117 4.241986587643623 0.1132858172059059 0 0.5455120205879211 0 1.137215942144394 0 0 0 0 0
484.1737431064248 922.8125183582306 169.7077659368515 246.6264387816191 822.980930544436 191.8422724455595 0 12.18662352114916 633.5875275656581 1384.062256120145 578.5701863914728 714.8212484270334 2193.261460214853 1745.7561705634 13.20462462306023 0.5027775168418884 0 0 0.3200941383838654 0 0.7297581136226654 0 0 0.1285039633512497 0.114454485476017 0.2286672368645668 0 0.1619939059019089 0 0 178.6158806085587 59.66565656661987 10.12827046960592 0.1587926894426346 0 0.4701145589351654 34.93073300272226 3.537331327795982 0.2413074821233749 0.2285824343562126 0.1928117275238037 0.4701599180698395 0.3239331692457199 1.57332231849432 0.1014757752418518 0.7640159577131271 122.7546585872769 8.875836968421936 0 0.1288803815841675 1.076669372618198 0.4471560269594193 0.1102720201015472 0 10.45641755312681 8.753804907202721 70.6585591211915 167.5949989259243 58.61399142444134 72.55304776877165 2.536731325089931 3.797284357249737 0.3586531206965446 79.48789969831705 7.97528263926506 4.698977656662464 2.709292069077492 2.441149562597275 0.3081068694591522 1.28620795160532 21.15004622191191 8.541164368391037 0 114.4254214242101 54.04211723804474 32.44142105430365 12.58566453307867 2.430986687541008 2.093095846474171 43.48372206091881 0.9127580523490906 7.181570552289486 38.33192967623472 0.3770072385668755 2.004595451056957 6.82331770658493 0.858252078294754 0 0.5100733637809753 0 0.1027391031384468 0 0.5119898170232773 0.1158914789557457 0 104.8590033203363 0.7270194888114929 0 0 134.9814666956663 0.7930286228656769 4.12187933921814 2.596072971820831 6.407113328576088 4.550675138831139 33.36802798509598 2.181691437959671 17.3079692274332 22.91376546025276 66.77656410634518 8.194640375673771 41.35297155380249 33.64740071445704 34.00433075428009 11.64412019401789 0.2561296075582504 0 0 0 0 0 0 0 0 0 0 0 0 0.3453139960765839 0 0 0 0 0 2.63738464564085 2.031073063611984 0 0.5731274336576462 0 14.24796360731125 1.341594696044922 15.54346772283316 3.022387221455574 0.2903633117675781 0.22759710252285 0 0 0 0 0.6727536916732788 0 9.014139547944069 12.70049893110991 0.5311100482940674 0 0 0.09764884412288666 0.1187940761446953 0.2408072352409363 0.5956640392541885 0.2060759216547012 0.4067699611186981 2.008854329586029 0 0.5040293410420418 1.269482254981995 27.18737290799618 0.6062861979007721 3.014309301972389 0.4169760271906853 0.3125080168247223 0 0 0 0 0.7377762869000435 47.03012282401323 0.4491582810878754 0 0 0 9.936596244573593 2.728304989635944 7.94927766174078 6.893975242972374 4.144035175442696 1.623111754655838 0.4349012970924377 0 0.2901777923107147 0 0 0 0.1308517754077911 0 0.238314151763916 0 11.59006387740374 2.38981319963932 6.492559857666492 274.2352436482906 24.828458070755 260.9114487022161 31.85285955667496 409.5867172852159 72.98840242624283 8.512827038764954 66.22140467911959 11.06564272940159 0.5775639191269875 12.06514418125153 0.1848728656768799 10.37459587305784 0.7254349738359451 0 2.818650290369987 2.600998185575008 0.3390556871891022
142.5584385842085 267.4246933236718 2728.386934660375 0.9593796283006668 59.47177682816982 2.266775786876678 12.18662352114916 0 93.76566332578659 5.589807435870171 685.590164706111 17.2450120896101 165.5846045091748 1202.538893066347 21.21542998403311 2.467196442186832 0.4167448058724403 0 0 11.59209541231394 6.717289693653584 0 0.3839322030544281 0 0.2194814831018448 2.88356876373291 0 1.958381846547127 0.3357335478067398 0 1490.091737851501 509.655494146049 284.9677592813969 4.451261453330517 0.8459227234125137 1.606215313076973 111.9368547275662 4.980318665504456 0.7698039710521698 0.5688741207122803 21.6513073220849 4.414303854107857 3.535114869475365 2.569755829870701 0.4839415550231934 9.236090108752251 115.6608335971832 5.645870126783848 0.5215077251195908 1.273245885968208 2.214177310466766 0 0 0 2.079791113734245 2.495024740695953 32.21564577519894 133.3082763254642 21.90940269082785 36.81422386318445 27.03290090709925 32.41509242355824 16.91288743168116 300.2823692709208 3.806072689592838 2.169688254594803 1.402649104595184 4.498893104493618 12.37288653850555 61.23325646668673 40.84775695204735 3.233697474002838 0 55.4818652048707 49.61552809923887 38.09467892348766 70.9490684196353 50.73092706501484 578.6628721654415 1551.367449685931 41.35218155384064 944.984294436872 13.34497526288033 0 0.7288785129785538 2.407953105866909 6.511158749461174 0 0.2919408604502678 0 0.121678851544857 0 29.99186831712723 5.487936213612556 0.4647103548049927 23.19499823451042 0.4614229798316956 0 0.6267404109239578 89.53848741203547 0 0 0.4795588254928589 0 0.4803167283535004 3.266612038016319 0 2.888462662696838 2.71248285472393 2.816712141036987 0.1638070195913315 2.308172583580017 1.425212122499943 3.707212775945663 2.333578437566757 0 0 0 0 0 0 0 0 0 0 0 0 0.1080042123794556 0.8824149444699287 0 0.3924005478620529 0 0.5383584052324295 0 0.136828824877739 0.1599317491054535 0 0 0 2.093442469835281 0.6553762406110764 0.7580898255109787 0.6948743835091591 0.2517092972993851 0 0 0 0 0 0 0 1.316748559474945 1.842414334416389 0 0 0 0 0.1695688515901566 0 0 0 0 0.3437382876873016 0 0 0 1.608307465910912 0 0 0 0.1487159132957458 0 0 0 0 0 9.317170664668083 0.2944143190979958 0 0 0 0.4195530712604523 0.6218306720256805 0.5973326787352562 1.942769609391689 0.1486382782459259 0.6892597079277039 0 0 0 0 0 0 0 0 0 0.1302188187837601 0.8351150453090668 2.652475714683533 0.8026315942406654 318.3360738307238 20.80164012312889 240.9130446091294 27.94013555347919 116.1308639794588 35.15172023326159 4.082555502653122 98.01322300732136 3.749953709542751 0.2738197445869446 0.9606416821479797 0 2.002563640475273 0 0 1.682315453886986 1.116426557302475 0.4162529110908508
66.12443975359201 714.34119617939 383.8532426282763 79.60798922181129 1440.677553743124 8.35119217634201 633.5875275656581 93.76566332578659 0 325.6176361143589 3473.949649550021 607.765079729259 1546.189907088876 2392.497605234385 24.44176925718784 2.260267078876495 0 0.3777617737650871 0.09996025264263153 0.9459673762321472 0.688016414642334 0 0.244623988866806 0 0.3242824226617813 1.253260612487793 0 0 0 0.2976468354463577 142.328804448247 68.71237902343273 15.64971811324358 1.158323608338833 0 0 79.57647596299648 3.335971392691135 0.6230533868074417 0.4492429196834564 1.002897851169109 0.1334035247564316 0.1015796363353729 0.7471396028995514 0.3654399365186691 1.939290463924408 171.9805712997913 10.08860230445862 0.6635105982422829 0.5201043263077736 1.383820533752441 0 0 0 7.487439043819904 5.450960695743561 31.94176439940929 89.44565635919571 39.4430838227272 68.09551590681076 3.548949800431728 3.628762066364288 1.192209415137768 81.62053710222244 5.942573145031929 4.253040246665478 2.624878644943237 2.017721198499203 0.7085837945342064 4.103205636143684 63.19291201978922 11.65666703134775 0 88.86376290768385 53.39647087454796 54.7519893348217 24.93984223902225 1.961227864027023 5.780588634312153 171.4235142618418 1.239175699651241 9.233684338629246 33.13871572911739 0.08418483287096024 2.15433094650507 5.359422229230404 2.03630181401968 0.6334608197212219 0.3006847277283669 0 0 0 2.648110836744308 0.3329466581344604 0 118.8316909223795 0.2573106586933136 0 0.4358117580413818 30.03534400463104 3.580463610589504 3.533894300460815 8.259552925825119 15.2720448076725 12.69908295571804 69.5139492675662 8.151664048433304 48.77253404259682 64.07801030576229 153.5449987053871 19.39167129248381 100.0037258416414 81.35526099801064 92.65742221474648 26.11781488358974 0.2064920216798782 0.145373597741127 0 0.4855112209916115 0 0 0 0 0 0.1428362876176834 0 0 0 0 0 0 0.1549031585454941 0 0 7.187356978654861 1.919052511453629 0.5296605825424194 1.200912043452263 0.1606364995241165 32.63651165366173 1.883340448141098 27.82083106786013 8.208110995590687 0.7764963656663895 0.5258387327194214 0 0 0.5040795803070068 0.3126980662345886 0.4766276925802231 0 17.72194851189852 33.13814881443977 0.5135884582996368 0.114862821996212 0 0 0.6015586405992508 0.7202320322394371 2.09451986849308 0 0.7907415926456451 3.746188849210739 0 1.341908738017082 1.650126829743385 55.65328588336706 2.663074411451817 2.972302138805389 1.516426578164101 0.7028504610061646 0.5008270144462585 0 0.2291036546230316 0 0.451885461807251 118.2352660149336 0.9567456394433975 0 0 0.1438224464654922 19.34117951989174 9.128943435847759 20.77149312198162 15.75041262805462 7.898460619151592 2.492391549050808 2.474885612726212 0.1316335052251816 0.9219239056110382 0 0.1922943890094757 0 0.09515152871608734 0.09465938061475754 0 0 28.53230722248554 8.165676817297935 7.04623644053936 543.5234053730965 50.04879810661077 444.4481887444854 56.99508951604366 282.5175586342812 85.64955478161573 9.192859843373299 162.7515820264816 22.95534101873636 2.703512981534004 26.37840342521667 0.645279698073864 28.69534938037395 1.236561968922615 1.29178711771965 4.942703425884247 3.391143254935741 0.3195353299379349
837.2040235325694 565.8889534175396 26.91401372849941 593.0897484049201 157.7950877547264 643.8882964551449 1384.062256120145 5.589807435870171 325.6176361143589 0 43.23342349380255 527.5104645639658 5398.870940171182 1164.468742504716 2.448210030794144 0.1155002862215042 0 0 0 0 0 0.1856223940849304 0 0 0.3085978925228119 0.2617663443088531 0.4973300695419312 0.3209205865859985 0 0 116.1250482276082 5.537400953471661 82.89303811639547 0.1051250249147415 0 1.355816602706909 407.9914080947638 5.523902267217636 0 0.2805702686309814 0.396032303571701 0 0 0.4002242684364319 0 0.2355157509446144 29.52354748547077 1.690946124494076 0 0 0.1274747997522354 0.2644564285874367 0 0 2.826289989054203 1.598961807787418 86.11238241940737 144.6358875185251 33.28312515467405 22.85914489626884 1.412379562854767 32.64797440171242 0.1838828474283218 15.20070920139551 2.233760647475719 1.177391022443771 0.8662532493472099 0.9276444986462593 0.2735646814107895 0.6853272691369057 1406.823043897748 39.01728068292141 0 48.03864747285843 12.93630377203226 6.027701459825039 1.580315113067627 0 0.7371254563331604 23.81989728659391 0.1119919344782829 8.84136888384819 9.524438060820103 0.08413694798946381 0.7305175587534904 1.470581293106079 0.2399309575557709 0 0.1280228346586227 0 0 0 0.8921688497066498 0 0 500.133347183466 0.7304263561964035 0.4896845817565918 1.670406207442284 673.8641042709351 4.177650950849056 6.675897024571896 12.02598643302917 26.81780153512955 14.2998763769865 85.20778024196625 12.19242163002491 50.29056273400784 70.4427904188633 157.4449347555637 20.44735145568848 108.4812711924314 98.77695694565773 95.69958813488483 22.78668852895498 1.18624709546566 0 0.5145838856697083 0.2761399447917938 0 0 0.8321717381477356 0 0 0.6794544458389282 0 0 0 0 0.1212386190891266 0 0 0 0 7.560436964035034 2.255613252520561 0.3728424310684204 2.629559978842735 0 50.61537529528141 3.25346077978611 36.54819378256798 10.40933230519295 0.9674608707427979 0.4006195366382599 0 0 0 0 0.3764976263046265 0.6777699589729309 18.83207447826862 26.61384620517492 0.3049348294734955 0 0.9734541922807693 0.08362647891044617 0 1.07876618206501 3.823528684675694 0.1873560398817062 0.2566896975040436 6.718591146171093 0.123683899641037 0.4910331666469574 3.211277365684509 59.68982161581516 2.198985278606415 2.566629305481911 0.9529279619455338 0 0.130332350730896 0 0.2479050606489182 0 0.4206478595733643 104.0992089509964 3.408497840166092 0 0 0.4604690670967102 22.84202362596989 15.03100560605526 24.30600419640541 18.21132355928421 14.11440509557724 2.487583637237549 3.766192242503166 0 0.9879665821790695 0.2962332665920258 0 0 0.7123301476240158 0 0 0 37.79050275683403 5.240813717246056 17.75101825594902 685.8276802524924 9.181352011859417 64.02448467165232 8.308229699730873 996.4872770607471 19.53563798218966 3.211300745606422 25.61053266376257 24.56333706527948 0.7595734000205994 31.41877402365208 0.5481831133365631 65.42001265287399 2.911541000008583 0.4028722643852234 8.604202076792717 0.1374621689319611 0.8109125792980194
712.7936698868871 2932.229514695704 3083.153913266957 24.10034775733948 1355.181609466672 23.62201860547066 578.5701863914728 685.590164706111 3473.949649550021 43.23342349380255 0 322.3616036176682 2769.216080881655 9378.896388165653 22.02521602809429 3.899261578917503 0.423623763024807 0.1270648092031479 0 2.176849164068699 3.872833847999573 0 0 1.528619430959225 0.2783553898334503 4.552594125270844 0.1571751236915588 0.463905543088913 0.136152595281601 0.9533364474773407 1055.06189288944 131.0604302808642 388.0596734881401 0.5146310552954674 0 3.409065522253513 155.8989587649703 2.868625327944756 1.105125799775124 0.7965613454580307 10.11916197091341 4.292415633797646 0.8808988705277443 1.678225748240948 0.2729827612638474 1.440282069146633 139.9342561513186 8.151896104216576 0.5436158627271652 1.297840744256973 2.540894903242588 0.328997015953064 0 0 5.299944706261158 5.181641727685928 34.8644910082221 118.1453664749861 29.60807918012142 56.27358145266771 3.693382114171982 7.624957673251629 1.15644633024931 76.86804830282927 4.191381394863129 4.863551892340183 1.669779695570469 5.989934474229813 12.41526184231043 31.2103533372283 62.84002175182104 4.074738569557667 0 69.63290301710367 57.32354534417391 45.99158738553524 29.62628017365932 4.100189156830311 136.7366954982281 1295.268480762839 1.613954477012157 100.6151330247521 22.97123601287603 0 2.22011299431324 3.115571066737175 5.912712201476097 0 0.6675218120217323 0 0 0.2422668486833572 16.46012257784605 3.490631714463234 0.8207388669252396 38.31794487684965 2.155897296965122 0 0.4187034964561462 218.4619016423821 0.9885990172624588 0.2858419716358185 1.37795951962471 3.016818135976791 3.031905591487885 12.72686448693275 0.6741496920585632 6.679622568190098 7.852592840790749 17.39040811359882 2.437753334641457 13.41189525276423 8.411187246441841 13.11468689143658 4.319190368056297 0.4605109766125679 0 0 0 0 0 0 0 0.3526469469070435 0.1096252202987671 0 0 0 0 0 0.1806708872318268 0.3231023699045181 0 0 0.3308903276920319 0.4082907140254974 0 0.501006007194519 0 5.314453631639481 0.2317331284284592 4.087622232735157 1.635764479637146 0.6492238417267799 0.118578664958477 0 0 0 0 0 0.1340056508779526 2.588445901870728 2.387169651687145 0 0 0.1611155420541763 0 0.4312899261713028 0 0.1388608068227768 0 0.2385360151529312 0 0 0.1456385105848312 0.5514696836471558 11.08490250259638 0 0.7586089074611664 0 0.1032359302043915 0.09401112794876099 0 0 0.1599150896072388 0.1366942971944809 22.44302379339933 0.7837163954973221 0 0 0 2.997924253344536 1.042884141206741 1.456414639949799 4.663401424884796 0.8372010812163353 0.5503378510475159 0 0 0.2164329513907433 0 0 0 0.1660837531089783 0 0 0 4.457966208457947 3.077855601906776 1.43426102399826 465.6247012391686 32.06385592371225 310.4830299839377 43.0989181920886 218.1766227483749 56.87132331728935 8.0500398427248 147.7998324111104 8.298321217298508 0.1233448907732964 6.669117331504822 0.3546433448791504 4.318492323160172 0.3119949996471405 0 3.113442212343216 3.656871862709522 0.1757248342037201
24.24322385340929 231.1956677734852 37.93950092047453 41.9122331365943 129.0573375225067 39.54869247972965 714.8212484270334 17.2450120896101 607.765079729259 527.5104645639658 322.3616036176682 0 3622.768124960363 731.9569589495659 1.545886971056461 0.1424615532159805 0 0 0 0 0 0 0 0 0 0 0 0 0 0 17.29929154366255 2.522352427244186 10.66243350505829 0.1251296997070312 0 0 108.8863227814436 0.1393885314464569 0.1034222543239594 0 0 0 0 0.3535251915454865 0 0.4868602380156517 12.01526040583849 0.6368247643113136 0 0.09234047681093216 0.7635497078299522 0.1583566963672638 0 0 0.262263149023056 0.248860239982605 6.476683519780636 14.16172284632921 4.337072566151619 5.235824793577194 0.2679055705666542 1.202826932072639 0 4.883374191820621 0.3647352829575539 0 0.08267569541931152 0.4621957018971443 0 0.9156351536512375 159.999529287219 10.86290897428989 0 7.65968057513237 4.990157477557659 3.280347310006618 2.527529343962669 0.2284828051924706 0 47.7482353001833 0.1198488026857376 1.756098203361034 1.492103934288025 0 0.1183984726667404 0.2199545353651047 0.3484040945768356 0 0 0 0 0 1.720647543668747 0 0 389.0721312761307 0 0 0 94.89295470714569 3.495767876505852 2.341719344258308 8.420361161231995 14.79467351734638 10.32501175999641 69.78040757775307 9.124673664569855 39.22362522035837 61.50712710618973 117.7213255167007 11.42688472568989 88.53197291493416 92.88945558667183 91.25484466552734 13.05909357964993 0.3962827920913696 0 0 0 0 0 0 0.3459194898605347 0.282840758562088 0.6214385032653809 0 0 1.084288835525513 0.6807115077972412 0 0.9552341103553772 0 0 0 3.003327280282974 1.338170349597931 0 0.2240634858608246 0 19.35834132134914 0.494404599070549 8.700708970427513 1.850499540567398 0.7893458306789398 0.6902998089790344 0 0 0.5974279940128326 0 0 0 11.43925628811121 15.95095448940992 0.2824180722236633 0 0.1742558628320694 0 0 0 2.284003391861916 0.5555631220340729 0.3650801181793213 2.348034545779228 0.7581488788127899 0 2.201481342315674 26.1117141097784 1.371722236275673 1.612097755074501 0.2626560479402542 0.5691821351647377 0.2231805771589279 0 0.4346522092819214 0 0.4971145689487457 74.04315910488367 0.5109123438596725 0 0 0 9.713294088840485 2.33223856985569 8.873988315463066 9.377750031650066 6.101000547409058 0.5990019142627716 1.617171972990036 0.1683138608932495 0 0 0 0 0 0 0 0 35.61958107352257 3.298066914081573 4.61288944631815 202.9838735163212 3.593595199286938 36.46887823939323 4.719021074473858 143.0414330884814 5.299785532057285 0.9431696236133575 24.20110404491425 8.923463091254234 0.6035324931144714 15.78650736808777 0.6508865356445312 37.06493978202343 1.322083465754986 0.1639604568481445 2.80206087231636 0.1389206647872925 0
114.3971179798245 1418.611722201109 234.5156953707337 175.4742157757282 1531.138174504042 69.0842892229557 2193.261460214853 165.5846045091748 1546.189907088876 5398.870940171182 2769.216080881655 3622.768124960363 0 7245.590897269547 34.70636048167944 6.896341741085052 0.909518301486969 0.4160408675670624 0.3032312616705894 0.1182469576597214 1.574261613190174 0 0 0 0.1665269136428833 1.06416679173708 0.2051550596952438 1.219504445791245 0.8546376526355743 1.117734774947166 64.93151389807463 23.10203038901091 392.7414358705282 0.6598076522350311 0.2589515447616577 2.656393326818943 147.6318504437804 6.902325734496117 2.3553282096982 0 8.866333238780499 2.582683630287647 0.6163143217563629 2.936194218695164 0 2.574699364602566 126.3997786715627 5.733266718685627 1.377199433743954 0.3311454132199287 1.087588123977184 0.1395531743764877 0.2843050211668015 0.4528120756149292 4.33555393666029 3.539766900241375 23.44323331862688 47.55351618677378 19.08637563884258 41.5467601120472 2.743514627218246 3.648593083024025 1.231970980763435 33.80025614053011 4.089062049984932 2.655253648757935 1.751951910555363 9.921130612492561 9.883151978254318 19.86399744451046 670.086646951735 7.397699080407619 0.1545034497976303 50.37369172275066 38.39778127521276 52.04698122292757 28.5408868715167 3.799210846424103 2.804827444255352 899.1420375183225 1.144132450222969 13.33376057446003 14.28231789171696 0.2546416968107224 1.62182755023241 3.362092465162277 7.463681399822235 0 0.2166305482387543 0.4785269945859909 0.8148438856005669 0 15.86197827011347 2.942754648625851 0.9834659993648529 2534.023200020194 0.7652987316250801 0 0.3799841701984406 222.7385299503803 10.35237287729979 14.43163673579693 23.88615508377552 52.16828183829784 34.44715882837772 200.4022457674146 27.07681737840176 124.0179427862167 183.2529803663492 344.7993093654513 54.4367243424058 291.1980455443263 279.0106922909617 302.1423758640885 68.30731678009033 1.78356396406889 0.5798278599977493 0 0.2003464698791504 0 0 0 0 0.5239697694778442 0.332950085401535 0.3177836239337921 0 0 0.7494985014200211 0.1926634013652802 0.3726562112569809 0 0.1156813576817513 0 15.3771610930562 6.895020604133606 0.6746467649936676 3.130196750164032 0.5086654424667358 66.09351509064436 2.686822816729546 28.20179785043001 6.59459500014782 0.8538338765501976 1.189603954553604 0 0 0.3724316358566284 0.7361701130867004 0.1699546277523041 0.1404320448637009 24.10285566002131 32.89273801445961 0.8991538062691689 0.5890306830406189 0.8860846906900406 0.1939064562320709 0.2090869098901749 0 3.240295402705669 0.6347642317414284 1.236943498253822 6.804642789065838 0.7398761510848999 1.298495218157768 3.157043240964413 76.69274450838566 1.759110689163208 5.362307295203209 1.792577765882015 1.40862001478672 0.7313947603106499 0.2113619446754456 0.5586773902177811 0.6935905665159225 1.228134214878082 299.6307157203555 3.522368013858795 0 0.2762539908289909 0.1700623482465744 37.16344299912453 14.69412431865931 19.41766154021025 23.0881717428565 12.58337937295437 5.105275839567184 3.561875872313976 0.4928304255008698 1.252852730453014 0.4414377510547638 0.2154621034860611 0 0.1046644002199173 0 0 0 114.8631948381662 15.65836770832539 10.51885308325291 691.7090226411819 54.2333907559514 297.5264338850975 65.48877054452896 398.0470145717263 60.09008522331715 11.39899043738842 243.4036832228303 25.51617904752493 2.426530689001083 42.19160044938326 2.768889762461185 64.41640397906303 5.393540747463703 0.5523953437805176 7.336608804762363 6.359624154865742 2.025017596781254
402.2853913679719 2218.630558773875 1801.605320908129 205.5067229866982 1300.028161071241 31.94572776556015 1745.7561705634 1202.538893066347 2392.497605234385 1164.468742504716 9378.896388165653 731.9569589495659 7245.590897269547 0 69.88561020791531 16.73134934157133 0.8378844261169434 3.082458905875683 0 1.856187276542187 2.944195806980133 0 0.1595946103334427 0.9616150856018066 3.076421298086643 11.42926608771086 2.807665526866913 4.754092514514923 1.479862868785858 0.7670967057347298 343.5076168626547 22.90537007153034 314.9892521798611 1.087173067033291 0.6598516032099724 24.499127574265 800.1480688005686 38.81222679466009 5.168408073484898 4.157080546021461 35.25226368010044 13.55144841223955 2.580812394618988 6.587971404194832 0.6756255403161049 4.234633632004261 213.7941302210093 17.74043755233288 1.230507336556911 3.338996507227421 3.173863053321838 0 0 0.9627985954284668 5.25445756316185 6.253937155008316 30.91957640647888 80.00232038646936 28.66245609521866 64.62025663256645 7.232286162674427 14.23031548410654 2.32196793705225 59.28719236701727 4.625487104058266 7.936596482992172 5.672667317092419 20.28736694157124 36.09526269882917 71.1637517362833 267.4942914694548 12.95549702644348 0 87.89927542954683 73.13739392161369 112.0004002228379 64.15900948643684 8.774737842381001 4.927335537970066 1083.799018852413 2.045697778463364 18.53173972666264 20.74997994303703 1.133548438549042 4.661258205771446 3.853406026959419 15.02831248939037 0 0.9224774539470673 0.5446818172931671 0.1303015947341919 0.2742809653282166 63.94690610468388 14.71413630247116 5.092648684978485 630.2282875999808 3.251417681574821 0 1.555493578314781 149.3533777594566 11.20913176238537 7.678706556558609 19.79850447177887 33.6304257363081 26.32982538640499 157.5860219448805 15.97844742238522 99.47462808340788 151.1557029634714 272.4272201657295 42.3687069863081 224.7240872457623 210.4704060852528 253.7604985684156 51.73209790885448 0.5108860433101654 0 0.1523512154817581 0 0 0 0 0 0 2.062834389507771 0.399028480052948 0 0 0.8696839809417725 0 1.294707454741001 0.1010850444436073 0 0.2461312711238861 12.63109643012285 4.338880755007267 0 1.926778808236122 0 49.62115337699652 3.429850906133652 33.63319834321737 7.965438306331635 1.609560966491699 1.403101876378059 0.5858485102653503 0.1274284273386002 0 0 0.3723615780472755 0.3417038470506668 28.76289885491133 32.27735474705696 0.7812521904706955 0.5029347538948059 0.5361552685499191 0.09116906672716141 1.1598891466856 0.7456332519650459 3.827396340668201 0.08792480081319809 0.9437462389469147 8.412759393453598 0.3671324849128723 0.9693706333637238 3.440239556133747 73.11092361807823 4.062920063734055 4.297591485083103 2.115480907261372 0.9782735332846642 0.4428075477480888 0 0.5064559206366539 0 1.793060854077339 250.3533021882176 3.812018215656281 0 0.7475354373455048 0.1287350058555603 31.8380743637681 12.80937364697456 27.44217581301928 26.73919167369604 15.40885096043348 3.436503693461418 4.64309461414814 0.1283385902643204 1.993154168128967 0.1402470767498016 0 0 0.2486144825816154 0 0.3344468772411346 0 93.60937805473804 18.0528324842453 14.74423702061176 1195.218791946769 100.6950046271086 579.6862818524241 123.7775295898318 396.2889114320278 89.66660595685244 18.55614120513201 439.5240985527635 34.1320917531848 5.147244855761528 42.68390274047852 3.204120472073555 56.01241252571344 1.740140825510025 0.9539357423782349 8.053475849330425 11.45758507400751 1.313674241304398
