0 4916.625117540359 262.0020878314972 1099.830715171993 118.3387739732862 123.4133708178997 739.4776854366064 82.96477093547583 94.51187397539616 1415.612619236112 123.2449375167489 27.39788468182087 360.170250736177 174.9869582131505 12.08933493494987 7.786244660615921 0.7569131329655647 0.2501104027032852 0 0.4220192804932594 0.4862508699297905 0 0.1155986115336418 0 0.8305613696575165 0.6876326203346252 0.3455306217074394 0.1137656196951866 0 0 109.0876570269465 2.862749323248863 17.54371566325426 0 0.4377021640539169 2.358161501586437 20.72257676720619 2.357870072126389 1.035646207630634 0.7927961796522141 2.460352025926113 0.3283233866095543 0.330795019865036 0.3824525848031044 0 0 49.99239061027765 3.502240717411041 0.1070509180426598 0.2234803587198257 1.46592628210783 0.1545064747333527 0 0 4.55841276049614 2.159860715270042 329.7546659260988 420.6544491052628 3.520933829247952 12.27973990142345 0.3441850543022156 2.75954107940197 0.6790216863155365 6.932310916483402 7.556743048131466 5.263056993484497 1.491587944328785 1.462662167847157 0.8837726339697838 3.672368966042995 14.51162824034691 2.433549240231514 0 217.4931205511093 33.71547175943851 74.16832990944386 22.9548819065094 4.037366405129433 0.1076384335756302 11.7989866733551 0.1027219966053963 2.480325125157833 21.44763435423374 0.2714002281427383 3.054835096001625 4.492495805025101 2.148130789399147 0.1928326115012169 0.5978398695588112 0.1019422709941864 0.131071999669075 0.2276565507054329 2.117493271827698 0.620120532810688 0 166.8452870100737 2.460297226905823 0 2.545964457094669 1062.940565660596 0.6640874519944191 0.1435949057340622 1.403123423457146 2.44690890610218 0.7417197078466415 4.876338183879852 0.8763397037982941 3.26764440536499 17.63351240754128 15.07680108398199 0.8839774131774902 7.727549359202385 9.819465205073357 28.64236880838871 13.86701108515263 0.4195904731750488 0 0 0 0 0 0 0 0 0 0.16854527592659 0 0 0 0 0 0 0 0 0.5237290114164352 0.481058657169342 0 0 0 9.683152556419373 0 2.380301967263222 0.8430234715342522 0 0.1572904139757156 0 0 0 0 0 0 0.455930307507515 1.619301848113537 0 0 0 0 0 0.1501764208078384 0 0.09346284717321396 0.4834214672446251 0.2930232882499695 0 0 0 3.049918577075005 0 0 0.1823417395353317 0 0 0 0 0 0 15.3801537156105 0.1361820995807648 0 0 0 0.4217426329851151 0 0 0.2857252582907677 1.778998337686062 0.9376277178525925 0.3303001374006271 0.157183513045311 0 0 0 0 0 0 0 0 7.922837138175964 2.539187341928482 3.402362123131752 64.47000221908092 17.22060852497816 172.2363776043057 37.05203563719988 854.1693989485502 24.64266882836819 13.0139829069376 14.63521537184715 8.007441639900208 0.2953142672777176 4.888320274651051 4.210966572165489 15.45416704565287 0.9965806901454926 0.09740728884935379 0.4160692244768143 0.8646539002656937 0
4916.625117540359 0 2115.785750053823 544.1059206202626 3804.98821618408 226.5433955192566 5564.502026706934 1315.755668364465 1824.912473164499 493.0589489415288 1735.371983878314 42.71487419307232 2713.835542939603 2115.304181136191 63.19542719423771 45.23510443419218 2.154615215957165 0.4733211770653725 0 2.613135382533073 4.935050003230572 0 1.297680608928204 1.191169589757919 3.688818268477917 2.447796776890755 0.9241864457726479 0.6686247810721397 0.09321841597557068 0 3232.410071395338 13.34632354229689 112.5703451633453 1.154858805239201 2.24512841552496 7.178886443376541 97.04037468880415 11.3421880081296 5.913431286811829 3.480192430317402 7.294522970914841 1.639097288250923 0.5310124680399895 3.6720170378685 0.2694908529520035 0.4967393949627876 200.6301376074553 10.41152199357748 1.002838850021362 0.9479768723249435 3.404230624437332 0.9791696295142174 0 0.6424566581845284 9.106918767094612 7.009283512830734 239.4175335839391 1186.924482986331 9.983873285353184 44.02379839122295 0.6281661242246628 9.678854748606682 0.4551070779561996 51.08753879368305 16.67533233761787 15.94915293902159 5.690139621496201 8.484742388129234 6.327685862779617 13.49292615056038 48.71968499571085 10.41187720745802 0 410.9361423179507 166.6184315681458 285.8249077945948 122.4685666561127 17.59058541804552 2.4985636100173 68.0269955098629 0.2087767273187637 4.868015103042126 51.53592760115862 0.6007559970021248 11.57656548172235 14.53124029934406 7.806274525821209 0.4241570979356766 1.500761777162552 0.9977922588586807 0.5152179300785065 1.965303115546703 7.979361236095428 1.77613091468811 0.4733121395111084 154.9883751422167 6.861350141465664 0 6.579022921621799 1201.962856121361 2.696626842021942 3.388483539223671 3.738099925220013 3.019742220640182 3.322877421975136 69.69261077791452 5.818506382405758 1.48494927585125 23.18886940926313 33.54205406457186 1.765461049973965 22.8618765771389 32.41430579125881 88.11648716032505 45.16168709099293 0.5376901105046272 0.257220447063446 0 0 0 0 0 0 0 0 0.1358663439750671 0 0 0 0 0 0 0 0 3.67467675358057 1.294794388115406 0 0 0 45.6396601870656 0 11.75174051523209 9.396069370210171 2.191581107676029 0.09990207105875015 0 0 0 0 0.3088885694742203 0 1.372246496379375 3.371416911482811 0 0 0.301816001534462 0.1655568331480026 0.1570052951574326 0.6832202672958374 0 0.1069813519716263 1.476685352623463 2.15345598757267 0 0 0 9.742044299840927 0 0.5047537162899971 0.4118529409170151 0 0.1805924028158188 0.124119371175766 0 0 0 71.76945206522942 0.6798234581947327 0 0.1321199089288712 0 3.23422122746706 0 0 2.368136622011662 3.09283734112978 3.379750117659569 0.896404892206192 0.5755479112267494 0.1765740066766739 0 0 0 0 0.1233264654874802 0 0 29.35438843071461 11.18199138343334 9.603371188044548 212.3220441192389 40.38213551789522 492.3694412633777 120.5028183609247 965.623491756618 59.43957537412643 12.55709797143936 76.12091443687677 9.978120155632496 1.358372136950493 12.18458456546068 11.13716535270214 21.33842169493437 1.799367181956768 0.3902589231729507 5.575693845748901 9.138140738010406 0.4178546071052551
262.0020878314972 2115.785750053823 0 6.699093483388424 2319.067307010293 5.023024514317513 395.8387617394328 5800.24632499367 1228.827007390559 72.4975103661418 2784.522110790014 7.116728112101555 532.2627774551511 941.9364965185523 54.72691229730844 62.40507803857327 11.6247898042202 20.18209946900606 3.067945450544357 77.17761489003897 66.14634075015783 0 19.03075652569532 5.351703643798828 8.590072266757488 7.456592500209808 3.103259846568108 2.561467759311199 0.1156466528773308 0.1324947327375412 4991.777607373893 595.4247640073299 117.2261775359511 20.4613249823451 18.6834714114666 15.26508069038391 106.8986888453364 24.04549299180508 5.856667503714561 7.582127876579762 31.60463217645884 13.9785752594471 48.70600923150778 6.673818558454514 8.38802620023489 20.04139827936888 130.7706134691834 5.561770707368851 7.039353303611279 49.97058908641338 7.951897718012333 0.2843790948390961 0.3617223352193832 4.955087020993233 2.462998256087303 3.504599884152412 99.26281417161226 1090.511925332248 4.745324470102787 15.75113121420145 46.17231191694736 42.77330524474382 13.2842131704092 1034.983993329108 6.894464053213596 4.280077330768108 2.657731108367443 15.06919805705547 121.3166750520468 255.6667420342565 42.83306181430817 11.05939826369286 0 166.7294173613191 111.1163022965193 125.9290437996387 140.4535748437047 17.1905572116375 216.3461040779948 1874.303257875144 24.45837298035622 684.4414564296603 18.56639210879803 0.1199693828821182 4.263984128832817 5.149820618331432 30.20307530462742 0.2385479658842087 0.8453034982085228 0.384345680475235 0.7584587186574936 2.531116217374802 73.86273326724768 8.178511448204517 4.539966344833374 35.71925277262926 5.222118705511093 0 6.262258440256119 288.8433975726366 1.461185194551945 0.2826329171657562 2.129432395100594 0.2672101259231567 0.1255486905574799 0 1.438510552048683 0 5.481853365898132 6.285560794174671 1.269160285592079 5.437484957277775 10.91982961446047 29.44839696586132 20.94540581852198 0.3652992844581604 0 0 0 0 0 0 0 0 0 0 0 0 0 0 0 0.1500944942235947 0.2288250178098679 0 1.427321128547192 0.8913600295782089 0 0 0 29.17421319335699 0 6.909742780029774 9.979269661009312 0.8286523595452309 0 0.3199705630540848 0.2266810238361359 0.1281403005123138 0 0 0 0.2853942811489105 2.661596439778805 0 0 0.3716237097978592 0.1419752687215805 1.347242683172226 0.2316318601369858 0 0 0.1996908187866211 0.8361776694655418 0 0 0 5.773124173283577 0.337904155254364 0 0 0 0 0 0 0 0 38.96257758140564 1.151552230119705 0 0 0.4076310992240906 0.4209606051445007 0 0.1308749914169312 1.267730467021465 0.8986660689115524 1.604403667151928 0.2202000319957733 0.3452529013156891 0 0 0 0 0 0.2184718102216721 0 0.108769603073597 19.08421698212624 5.163560196757317 8.62830264121294 181.0652478262782 32.14352044463158 242.760075584054 78.89014621824026 87.07664442062378 20.69503763318062 4.277857571840286 56.18766062706709 4.097808949649334 0.3353208228945732 7.108744852244854 3.149017669260502 8.081581071019173 0.7466780096292496 0.1207020208239555 1.700748980045319 1.840076923370361 0
1099.830715171993 544.1059206202626 6.699093483388424 0 15.42533888667822 281.793677136302 394.2204748615623 1.807719767093658 177.188806116581 2078.246634677052 8.542114198207855 89.64335216581821 1723.649603977799 151.1261943355203 2.979971930384636 0.5087945833802223 0 0 0 0 0.09357279539108276 0 0 0 0 0.2297933474183083 0 0.2638052552938461 0 0 20.32403047382832 0.523257203400135 0 0 0 0 1.419493392109871 0.1990044564008713 0 0 0 0 0 0.2580245807766914 0 0 31.88750174641609 2.446889668703079 0.257464237511158 0 0.2663463056087494 0.5177677944302559 0 0 1.633623741567135 2.178847767412663 36.08785562217236 95.47752750664949 2.136836692690849 10.94299525022507 0.101536400616169 0.2273123562335968 0 6.658033974468708 3.69125509262085 2.658086538314819 1.248344339430332 1.759968057274818 0.4331207722425461 0.3138272315263748 1.269607603549957 0 0 84.98260329663754 35.70418336987495 59.5277743563056 10.38510626554489 0.489262081682682 0 0.5614567473530769 0 0.2302229255437851 12.39748273044825 0.1374915093183517 2.441919751465321 3.065649643540382 1.596194289624691 0 0.5168314799666405 0 0.1788334846496582 0.3493412584066391 0.3766931369900703 0.3372585698962212 0.1365449726581573 125.4340021237731 0 0 0.2569127678871155 108.4836679548025 1.671765744686127 0.9544998407363892 0.5371843129396439 0.09138432145118713 0.9460231959819794 0.7532929182052612 1.574887543916702 0.1552726775407791 5.926299303770065 9.122940227389336 0 3.062562316656113 6.574552208185196 13.0928909778595 6.801275923848152 0 0 0 0 0 0 0 0 0 0 0 0 0 0 0 0 0 0 0 1.021674424409866 0 0 0 0 4.386481747031212 0.7816398143768311 0.3645069897174835 0.6874089986085892 0 0 0 0 0 0 0 0 0 0 0 0 0 0 0 0 0.2318329215049744 0 0 1.235795393586159 0 0 0 0.8052282184362411 0 0 0 0 0 0 0 0 0 7.235755696892738 0 0 0 0 0 0.1336622983217239 0 0 0.5554767400026321 0.727109469473362 0 0 0.151352271437645 0 0 0 0 0 0 0 0.7474633902311325 0.521047830581665 1.065630614757538 33.0843286216259 5.754087403416634 93.04038416594267 16.57329828292131 413.5174275189638 8.661295525729656 1.976178176701069 5.8862075060606 4.534737288951874 0.1407860815525055 3.128221951425076 1.017116703093052 4.797027379274368 0.1620863825082779 0 3.593085110187531 0.362141340970993 0
118.3387739732862 3804.98821618408 2319.067307010293 15.42533888667822 0 1.990716949105263 3053.697158120573 500.4692133069038 6126.826229758561 324.5521324723959 381.5242978408933 43.16940081119537 1336.889577895403 1049.628245122731 21.37029257416725 8.125762239098549 0.2247165963053703 0.09762298315763474 0 0 1.055336318910122 0 0 0 0.2267844155430794 0.2334194928407669 0 0 0.1619282960891724 0 170.944610349834 9.354958675801754 5.252175964415073 0 0.1112012192606926 0.8894892409443855 10.82988844811916 0.3413298353552818 0.6413533836603165 0.5357509776949883 0.2446162179112434 0.1886390596628189 0.3171918615698814 0.7311518415808678 0 0 87.4760075584054 1.683694712817669 0.1931923553347588 0.1967083439230919 0.7484024986624718 0 0 0.3365461751818657 1.551590964198112 3.011870190501213 25.39046780765057 125.8491756096482 2.953509666025639 16.26830683648586 0.2584782540798187 0.9968271851539612 0 32.19068481773138 7.304093018174171 6.61633412539959 1.706579014658928 2.304116733372211 0.8517360016703606 1.506270840764046 9.099767856299877 0.7504389062523842 0 74.19965027272701 52.15531308203936 110.220903351903 67.40376695990562 3.596341796219349 0.3247002065181732 2.594178065657616 0.1661820858716965 0.8296323269605637 12.92353572696447 0.3441148027777672 3.614191494882107 4.02186506986618 2.134780898690224 0 0.8117482885718346 0.1743482947349548 0.1034820154309273 0.9510494247078896 0.9215037599205971 0.8303999006748199 0.3672604784369469 46.27454451471567 0.6227561384439468 0 0.6370305493474007 31.64995478093624 0.9456546232104301 1.014894902706146 1.39153203368187 0.2235643565654755 1.668513223528862 0.8807792067527771 2.033871211111546 1.257945276796818 1.278427168726921 7.065118536353111 0.2731557190418243 6.252761229872704 8.086289696395397 23.56051951646805 11.66000701487064 0 0 0 0 0 0 0 0 0 0 0 0 0 0 0 0 0 0 0 0.3574359714984894 0.2732912376523018 0 0 0 10.7356676235795 0 3.195470832288265 1.399833008646965 0.3288095146417618 0 0 0 0 0 0 0 0.5389180779457092 1.685873053967953 0 0 0.2028355598449707 0 0.108851432800293 0 0.1290064603090286 0 0.6853206977248192 0.634696751832962 0 0 0 3.175033494830132 0.4856698215007782 0 0.4467130675911903 0 0.1056374758481979 0 0 0 0 17.24625132977962 0 0.2713147699832916 0 0 1.125130608677864 0 0 0.7945489212870598 0.8239037096500397 0.3220333978533745 0.3303323835134506 0.1198056936264038 0 0.08458466827869415 0 0 0 0 0 0 6.96269715577364 0.8065695539116859 2.776751160621643 83.40027766674757 17.46567060798407 164.9583368524909 47.13590099662542 82.96745774149895 25.23157544434071 3.275601871311665 19.01161404699087 2.062589272856712 0.1932482346892357 4.116846568882465 1.589567460119724 4.669694051146507 0.6207340583205223 0 2.213604316115379 3.002216979861259 0
123.4133708178997 226.5433955192566 5.023024514317513 281.793677136302 1.990716949105263 0 69.94869395345449 0.5993400439620018 6.504919551312923 346.8412737548351 5.519235000014305 55.72261863946915 126.2625724822283 14.6796173453331 0.6095808818936348 0.2821786850690842 0 0 0 0 0 0.7627257704734802 0 0 0 0 0 0 0 0 6.313897237181664 0 10.22606481611729 0 0 0.4316376000642776 39.35323608666658 0.4056502729654312 7.249459825456142 0.5178935527801514 0 0 0 0 0 0 2.072172850370407 0.3047955259680748 0 0.1758097261190414 0 2.223779961466789 0.8127291947603226 0 0 0 255.424651183188 12.9557513743639 0 0 0 1.049838453531265 0 0 0 0.4063991159200668 0 0 0.1194025650620461 0 99.87971889972687 30.62241981178522 1.686758071184158 10.67214704304934 2.364636138081551 2.228078380227089 1.60381955653429 0 0 2.460826978087425 0 0.1946248859167099 0.6716171577572823 0.4297908991575241 0.4829995408654213 0.09078413248062134 0.1440248042345047 0.3708147555589676 0.2613547071814537 2.609223857522011 0 0.3160642087459564 0 0 0.2022552043199539 336.2188626378775 31.81435932219028 4.888137981295586 27.52019459009171 1038.274788722396 0.1994066089391708 0 0.2901666462421417 1.599655985832214 0.1564954668283463 1.820683747529984 1.444252133369446 0 2.011494249105453 2.504585415124893 0 3.26819334924221 11.82272857427597 10.05100422352552 3.022713825106621 0.4741066694259644 0 0 0 0 0 0 0 0 0.4360751211643219 0 0 0.1662576049566269 0 0 0 0 0.1665254533290863 0 0 0 0 0 0 2.622167944908142 0 0.7980023920536041 0.9044909924268723 0.4602386504411697 0 0 0 0 0 0 0 0 0 0 0 0 0.2047576904296875 0 0 0 0 0 0.1517284065485001 0 0 0 0 0 0 0 0 0 0 0 0 0 0.9123241230845451 0.7934205532073975 0 0 0 0 0 0 0.5152634978294373 0.1234766244888306 1.030547082424164 0 0 0 0 0 0 0 0 0 0 0.720547080039978 1.304817587137222 1.221791833639145 6.439645484089851 1.354005359113216 9.50221823900938 1.637818969786167 304.6625253260136 4.745073601603508 0.2046539783477783 2.018061816692352 0.7485067248344421 0 0.2675252556800842 0.363225445151329 2.485878109931946 0 0 0 0 0
739.4776854366064 5564.502026706934 395.8387617394328 394.2204748615623 3053.697158120573 69.94869395345449 0 106.4790141582489 1956.630995236337 1442.552312456071 176.0554013475776 74.57429133355618 5414.156006291509 1705.154672764242 53.16278253495693 12.24013362079859 0.978772908449173 0.3388941735029221 0 0.2454447597265244 0.6062319129705429 0 0.111991211771965 0.1459038704633713 0.2723928987979889 1.070587858557701 0 0.7181292474269867 0.6621188074350357 0 361.7579702883959 21.05027578026056 4.27290628105402 0 0.4460034146904945 0.287630207836628 6.810871191322803 0.3239153921604156 0.5688721984624863 0.7343339249491692 0.8652829378843307 0.5272110924124718 0.3631649538874626 0.7407270595431328 0 0 302.9126993715763 16.86404496431351 0.4618685841560364 0.8016422614455223 3.201694473624229 0.7361199259757996 0 0.1612663790583611 13.77250717580318 12.24066469818354 122.0130647569895 569.4487086236477 10.5114833638072 81.72294659912586 0.6257029846310616 1.433614999055862 0 92.72233274579048 33.17397452890873 26.18324992060661 8.626720182597637 9.030869409441948 4.424832925200462 2.044841915369034 5.270017527043819 1.834208160638809 0.08811146765947342 404.5973637700081 232.3619246482849 485.7534997016191 165.8662223368883 8.201190285384655 1.947045907378197 7.88124006986618 0.6747496277093887 3.564553670585155 73.07156126946211 1.054086118936539 16.74635955691338 23.27183403074741 11.88639760017395 0.8618383556604385 1.864459082484245 1.611406870186329 1.125679716467857 2.429719425737858 2.869438499212265 1.605256624519825 0.9185544699430466 159.6243524774909 1.178364604711533 0 0.6674119681119919 131.3411764651537 2.604004271328449 0.5240007638931274 2.366387225687504 0.5462135374546051 2.201114937663078 3.394187018275261 3.623084530234337 2.615678437054157 14.77553373575211 23.15530860424042 1.478626057505608 21.18983756005764 21.96602132916451 59.28659585863352 23.6110778003931 0 0 0 0 0 0 0 0 0 0 0 0 0 0 0.1837996542453766 0 0 0 0 3.120128944516182 1.193504460155964 0 0 0 23.73172507435083 0 5.623198911547661 2.62762638926506 0 0 0 0 0 0 0 0 0.7450820505619049 1.942738071084023 0 0 0 0.254629373550415 0 0.1855844706296921 0 0.2119369357824326 1.171288996934891 1.176123470067978 0.1258785873651505 0 0 2.362982228398323 0 0.1759817600250244 0.4764862880110741 0.08131052553653717 0.1315717399120331 0 0 0 0 40.58191558718681 0.5399189889431 0 0 0 1.204654797911644 0 0.07733853161334991 0.9550631493330002 1.388546757400036 0.6185452789068222 0.4187021404504776 0.7169725745916367 0 0.1424582451581955 0 0 0.1097953170537949 0 0 0 18.73145715147257 0.5174516290426254 4.576388582587242 274.8442308753729 60.84410616755486 677.4313070997596 152.2520306557417 555.4502322077751 89.205795802176 17.23118526488543 62.67934688925743 5.701457045972347 0.4440245553851128 9.647118531167507 11.8694751933217 13.72405354678631 0.3644491508603096 0.6907203197479248 1.586314395070076 1.392545036971569 0
82.96477093547583 1315.755668364465 5800.24632499367 1.807719767093658 500.4692133069038 0.5993400439620018 106.4790141582489 0 750.7565537467599 14.00672311335802 752.6410335451365 2.117065653204918 584.6791781559587 1438.623401865363 26.42446068674326 31.78897500038147 5.04985685646534 9.467168129980564 0.7118304371833801 36.7034096121788 27.46598134189844 0 8.616091012954712 2.739591181278229 7.177938669919968 1.851989954710007 1.132288187742233 1.046406954526901 0.1703658103942871 0 1417.554275117815 1393.199005812407 107.3535458669066 11.33127910643816 12.92641457170248 20.11901371181011 51.03679464012384 13.63562079519033 3.549599044024944 3.965288333594799 14.07655864208937 5.643892362713814 18.73418071866035 7.39925679564476 6.645133957266808 22.82707453519106 79.36353895068169 3.403558075428009 4.254474878311157 20.94385316967964 2.827656790614128 0.1369304060935974 0.157438337802887 2.17062846571207 1.466414235532284 2.179717727005482 62.04406050592661 421.6018411666155 2.152342706918716 10.87216728180647 74.62864366173744 27.4411133825779 17.79018181562424 599.488431699574 5.209595441818237 4.513840563595295 1.422655038535595 6.118437886238098 41.54189318418503 92.98014706373215 18.009506046772 2.391443572938442 0.3809730708599091 118.1825097799301 87.39052671939135 93.84295653551817 181.4694415554404 53.23780850321054 601.2681649029255 597.9048943817616 160.6508581638336 842.2386005446315 14.4443971440196 0.09095042943954468 3.511537559330463 4.102332532405853 10.35726115107536 0.1077990680932999 0.6534453481435776 0.186345174908638 0 0.8832470253109932 27.46064126491547 2.762768745422363 1.088500551879406 14.64112868160009 3.224321246147156 0 2.183718293905258 99.50709546357393 0.7543804347515106 0 0.1709914803504944 0 0.2249306887388229 0 0.2974958717823029 0 1.252080738544464 1.647038385272026 0 2.567994877696037 4.414495974779129 12.94851776957512 7.677201621234417 0.1078444942831993 0 0 0 0 0 0 0 0 0 0 0 0 0 0 0 0 0 0 0 0.2666677087545395 0 0 0 9.754003554582596 0 2.117626711726189 4.093550965189934 0.7286351174116135 0.2687282860279083 0.2451310455799103 0 0 0 0.1996498554944992 0 0.5059899613261223 0.645321786403656 0 0 0.3795157894492149 0 0.1717286705970764 0 0 0 0.3428025171160698 0 0 0 0 2.79288911819458 0 0 0 0 0 0 0 0 0.1905686408281326 13.04319302737713 1.453335136175156 0 0 0.5679512470960617 0.5134428590536118 0 0 0.542045846581459 0.09885814040899277 0 0.3852449804544449 0.1134484112262726 0 0 0 0 0 0 0 0 5.718300268054008 1.292590960860252 4.079027399420738 86.2620821595192 16.564000479877 166.3191049024463 49.90417370945215 57.24916767328978 17.05097870528698 3.909396290779114 25.71765903383493 2.667330175638199 0 3.699737630784512 2.69206714630127 3.56867028772831 0.1418122798204422 0 0.5132180452346802 1.18973283469677 0
94.51187397539616 1824.912473164499 1228.827007390559 177.188806116581 6126.826229758561 6.504919551312923 1956.630995236337 750.7565537467599 0 407.1075712144375 2462.860922023654 103.7973976135254 2270.283181108534 1545.743221446872 19.9003137126565 14.39580062776804 0.6760434806346893 0 0 0.7845370769500732 0.8755738213658333 0 0 0.3111499547958374 0 0.5491631180047989 0 0.1209343299269676 0 0 45.31222485750914 4.240933567285538 19.83216505497694 0 0.164830356836319 2.22808675467968 17.75878913700581 1.394603557884693 0.8971528634428978 0.3519641384482384 1.180600620806217 0.2361787185072899 0 0.9721483960747719 0 0 73.98331294208765 1.588197074830532 0 0.114771381020546 0.1273010671138763 0.2398521527647972 0 0.1294416934251785 1.121604457497597 2.542268037796021 8.355573877692223 47.84062825888395 1.807204313576221 10.19678573310375 0 1.688361845910549 0.1273908913135529 17.90519223362207 2.790939636528492 2.762527011334896 1.080720506608486 1.426119819283485 0.4784612134099007 2.491230353713036 13.59700880199671 2.175868272781372 0 27.52031680196524 23.2251123264432 68.61943383514881 52.34372673928738 5.219242945313454 0 13.43465538322926 0.2333959192037582 1.077665038406849 6.625926434993744 0 1.899119384586811 1.969048731029034 0.8001299276947975 0 0.1022545695304871 0 0.167522132396698 0.3711964413523674 1.367152333259583 0.476626068353653 0.2547408416867256 70.13786741346121 2.345721885561943 0 2.188513249158859 13.3227104768157 2.468348763883114 0.7070243805646896 2.383296892046928 0.1685211211442947 2.109804734587669 1.039607226848602 2.903575792908669 0.826662465929985 3.731511577963829 11.44503045082092 0.5782876312732697 16.19859001785517 20.51673451066017 59.90452086925507 23.93165815621614 0 0 0 0 0 0 0 0 0 0 0 0 0 0 0 0 0 0 0 1.898584738373756 0.161822184920311 0 0 0 26.66799763590097 0 5.866232722997665 4.582333542406559 0 0 0 0 0 0 0 0 0.5580940395593643 1.796079702675343 0 0 0 0 0 0.1648477166891098 0 0.1014715358614922 0.8658768981695175 1.649520017206669 0 0 0 6.55863793194294 0.5290356129407883 0.08344550430774689 0.2627923935651779 0 0 0 0 0 0 42.33171999454498 0.228953942656517 0 0 0 1.468094572424889 0 0 1.968998849391937 0.9982632994651794 2.088264934718609 1.221420273184776 0.147969663143158 0.1636501550674438 0 0 0 0.3018847703933716 0 0 0 20.65532521158457 3.963830873370171 5.296232476830482 92.15487083792686 14.10475040227175 136.8314311802387 43.82356993108988 57.65480118244886 17.23458137363195 1.696065545082092 28.80680923163891 4.947100527584553 0 8.794968090951443 1.277442947030067 9.385032288730145 0.1605039238929749 0.3829652369022369 1.084462568163872 2.362944059073925 0
1415.612619236112 493.0589489415288 72.4975103661418 2078.246634677052 324.5521324723959 346.8412737548351 1442.552312456071 14.00672311335802 407.1075712144375 0 63.23532393574715 1142.071711853147 7763.585252545774 223.3132584989071 21.79547246545553 9.771574430167675 0 0.1943222284317017 0 0 0 0 0 0 0 0.09677711874246597 0.1251522451639175 0.2104476094245911 0.1851098239421844 0 44.51559770852327 4.688105657696724 13.88059110194445 0 0 0 16.42962741851807 0.8149112537503242 1.172184884548187 1.824423283338547 0 0.4427714198827744 0.3132922947406769 0.8039769306778908 0 0 126.6034702062607 3.778525561094284 0.1389653831720352 0.1637105643749237 0.3418884351849556 0 0 0 4.993268169462681 1.952201277017593 41.10195712000132 124.4867480546236 3.614139035344124 25.531827673316 0 0.4890401065349579 0.1506961286067963 28.70714849978685 6.72139634937048 4.929005399346352 1.197688333690166 2.305724382400513 0.9064191803336143 2.346903949975967 188.0794250369072 5.379276752471924 0 118.8267105147243 59.64331762492657 144.6146121025085 66.39009831100702 2.970513954758644 0.4161035865545273 3.705569185316563 0.09491970390081406 1.536424770951271 24.97585461288691 0 3.847218848764896 6.04293030500412 3.491147257387638 0.1044361442327499 0.4902301654219627 0.1259203255176544 0.4464651942253113 0.2537511363625526 0.9666257947683334 0.2481523230671883 0.1526752412319183 760.7284516096115 9.500942379236221 0 4.060106791555882 232.8275068923831 13.07860824465752 6.296041652560234 17.79349671304226 14.45477330684662 14.41893503069878 13.41928546130657 24.39966203272343 5.303981140255928 67.12427753210068 111.8690077662468 3.707217425107956 93.2023598253727 123.8859395384789 313.8760086447001 97.10191647708416 0.3364596962928772 0 0 0 0 0 0 0 0 0 0 0 0 0 0 0 0.5901642441749573 0 0 10.38681104779243 2.893416732549667 0 0 0 106.1568532139063 0.3128736019134521 20.26346290111542 26.57781825214624 1.784662514925003 0 0 0 0 0 0.1868600100278854 0.2849559187889099 4.654907718300819 8.415563732385635 0.1170220598578453 0 0 0.5325472354888916 0 0.09803364425897598 0.3177894055843353 0.3787795677781105 0.7570726498961449 7.439553268253803 0.3575334399938583 0.401174783706665 0 28.13946060836315 0.9180352687835693 0.5860138311982155 0.8738750517368317 0.3927498385310173 0.1246938332915306 0 0 0 0 123.5918319523335 3.371956199407578 0.4258042275905609 0 0 4.138543769717216 0 0 5.041862450540066 6.498367890715599 10.66803112626076 0.9787763655185699 0.8592743724584579 0.6135144382715225 0 0 0 0.2526103183627129 0 0 0 75.68733349442482 8.589421793818474 18.0971310660243 219.2887134552002 18.74713517725468 330.6253062561154 72.08001022785902 892.3109891563654 61.06233055889606 6.401867419481277 84.98492323607206 34.84520092606544 0.2317063510417938 34.63620729744434 7.859105117619038 77.47150157392025 0.5706623196601868 0.7331274449825287 9.179960414767265 1.150746747851372 0.3202337324619293
123.2449375167489 1735.371983878314 2784.522110790014 8.542114198207855 381.5242978408933 5.519235000014305 176.0554013475776 752.6410335451365 2462.860922023654 63.23532393574715 0 12.13640010356903 2585.533586092293 5878.532479949296 52.74564472585917 47.01124600321054 5.655725583434105 1.488053262233734 0.2495801374316216 6.46295041590929 16.7989846393466 0.8119379281997681 4.662810534238815 1.942471347749233 15.10217835754156 11.19548270106316 1.599685177206993 3.910357259213924 0.434484601020813 0.2519647032022476 524.8693929165602 159.4913553595543 1055.976965256035 3.84179450571537 11.78003709763288 64.86505562067032 318.410100504756 56.76601885259151 13.9068340882659 17.07382056862116 18.32131945341825 4.27238617092371 3.251607075333595 2.757796287536621 0.4569246470928192 2.167175829410553 133.115546695888 4.422483563423157 0.8165402263402939 2.174176812171936 1.035118393599987 0.1650147885084152 0 2.354898735880852 3.322062999010086 2.578684933483601 31.94353380799294 224.0991016700864 3.142309799790382 19.02250289916992 2.27361211925745 124.7815806567669 3.559057220816612 76.84736963361502 6.201150551438332 5.167871743440628 1.758667096495628 5.358864888548851 7.314226113259792 28.90058345347643 89.58967974036932 9.930612206459045 0 92.44577111303806 62.44511661678553 130.5475470349193 99.24516430497169 17.19094257801771 6.576265290379524 137.5583169832826 0.2973169162869453 26.95100715756416 13.25302744656801 0.5278808996081352 4.110605090856552 4.213903106749058 3.714817456901073 0.09778935462236404 0.6634188517928123 0.08738518506288528 0.2882703170180321 2.029749974608421 16.13449633866549 3.875646404922009 0.8414291888475418 63.75282815098763 8.30990169942379 0 8.995843999087811 60.043661236763 2.213436000049114 0.4706077575683594 1.848291322588921 0 1.226811423897743 0 2.915327116847038 0.7067507356405258 7.525725588202477 14.55945815145969 0.3660625964403152 13.33362770825624 13.79788658767939 56.45692788809538 32.73440101742744 0 0.361725926399231 0 0 0 0 0 0 0 0 0 0 0 0 0 0 0.1944911032915115 0 0 2.368645876646042 1.059524297714233 0 0 0 35.0563940256834 0 11.501200735569 7.028560139238834 2.278468228876591 0.4876371324062347 0.1231531798839569 0 0 0 0 0 0.6484328806400299 2.073418661952019 0 0 0.157742977142334 0 0.3926392197608948 0 0 0.1859099566936493 0.7798417881131172 1.105515785515308 0 0 0 6.661698907613754 0.1608915627002716 0.2312176898121834 0.3758223950862885 0 0 0 0 0 0.8463352769613266 46.9292524009943 1.613972529768944 0 0.154245600104332 0.3779486790299416 1.327406078577042 0 0.3801709115505219 1.476903676986694 0.99664456397295 2.883229732513428 0.3170975744724274 0.1197068318724632 0 0.1001741588115692 0 0 0.2684044539928436 0 0 0 21.07180596143007 7.978938207030296 12.15258981287479 169.8425854817033 20.54833646863699 234.6253933385015 77.8637460321188 87.81705126166344 31.12836425751448 4.454668931663036 57.22145344316959 8.226111248135567 0.309271514415741 12.12398110330105 3.727887034416199 12.34426156431437 1.002419203519821 0.2909478917717934 2.065452545881271 1.286264598369598 0.1603801250457764
27.39788468182087 42.71487419307232 7.116728112101555 89.64335216581821 43.16940081119537 55.72261863946915 74.57429133355618 2.117065653204918 103.7973976135254 1142.071711853147 12.13640010356903 0 1730.399556383491 11.24706354737282 10.42529974132776 9.821824438869953 0 0 0 0 0 0 0 0 0.2016459405422211 0 0 0 0 0 2.93653617054224 1.223723337054253 16.88193808495998 0 0 0 80.35393680632114 0.1208276897668839 1.42782099545002 0.180423766374588 0 0 0 0.9526108950376511 0 0 18.45080224424601 0.3158267885446548 0 0 0 0 0 0.2676433026790619 0.1414959579706192 0.3417287766933441 1.758582711219788 4.396364018321037 0.8323074579238892 0.3872851729393005 0.2403636276721954 0 0 3.128709681332111 0.5008330270648003 0 0 0.3539224714040756 0 0.2001483142375946 201.3529334366322 3.14568005502224 0 3.120078906416893 2.350596778094769 13.50145717710257 11.84016798436642 4.614859454333782 0.1986683905124664 0.2966973781585693 0 0.2217497080564499 0.7977153286337852 0 0.2884558290243149 0.3525495454668999 0 0 0 0 0 0 0.341716080904007 0 0 969.943278029561 5.588389694690704 0 2.911260187625885 18.22647029161453 5.13784471154213 2.967359319329262 7.387353643774986 6.057931944727898 5.274166166782379 2.594978854060173 10.88387623429298 4.150208309292793 32.08446080982685 54.43029397726059 2.067403078079224 42.64600852131844 58.02301117032766 171.1088038161397 46.28645510226488 0.1368368864059448 0 0 0 0 0 0 0 0 0 0 0 0 0 0 0 0 0 0 4.649772465229034 1.955754861235619 0 0 0 44.75321538746357 0 8.38115269690752 7.704441085457802 0.7757661789655685 0 0 0 0 0.1566892266273499 0 0 1.946440450847149 4.495515443384647 0 0 0 0 0 0.1237249448895454 0.3131171241402626 0.09079306572675705 0.619291789829731 2.357296325266361 0 0 0.2299501150846481 4.840074345469475 0.6305992901325226 0.1519680917263031 0.3082891404628754 0.08842400461435318 0 0 0 0 0 62.50389803946018 0.6038736999034882 0 0 0 1.373271279036999 0 0 2.659395828843117 2.556568540632725 3.741301655769348 1.812501847743988 0.8715962320566177 0.8541965931653976 0.08889856189489365 0 0 0.2827064990997314 0 0 0 55.80305409431458 2.349770247936249 3.496233321726322 47.37090872228146 2.975259892642498 34.62186296284199 14.4532622396946 99.19349978119135 5.21731348335743 0 18.79746229201555 6.834183752536774 0.3471186459064484 11.67101392894983 2.059239186346531 17.39255677163601 1.367860898375511 0 4.265564851462841 0 0
360.170250736177 2713.835542939603 532.2627774551511 1723.649603977799 1336.889577895403 126.2625724822283 5414.156006291509 584.6791781559587 2270.283181108534 7763.585252545774 2585.533586092293 1730.399556383491 0 1808.722054056823 164.6941665485501 158.6804677248001 4.534995421767235 0.3072746843099594 0 0.135572537779808 2.668435826897621 0.2250846475362778 0.6091697961091995 0 1.358393922448158 2.709312155842781 0.5821530967950821 1.065057560801506 2.047994665801525 0.1305522471666336 106.3855887576938 9.640241496264935 921.4544309675694 0 0.3709740191698074 5.34926001727581 410.3832035958767 12.66727326065302 9.444602973759174 4.065160781145096 3.003457367420197 1.640250764787197 0.4026290327310562 12.68112260103226 0.2649483159184456 0.3359357714653015 363.6272840797901 6.759203836321831 0.2350307926535606 0.4527081698179245 2.888186037540436 0.5661890208721161 0.7066403329372406 0.8196721225976944 3.718752413988113 5.422449693083763 34.56779181957245 126.6548542380333 4.355016656219959 38.91861065477133 0.6257320642471313 5.537183865904808 0.1775510311126709 78.28964999318123 10.90607856214046 9.484533414244652 2.729581117630005 3.723967395722866 1.101854756474495 9.347121737897396 952.7337624654174 12.98707556724548 0 107.251414000988 96.10497311502695 264.7709923908114 253.3552267849445 63.24630732089281 10.29885444045067 14.28804162889719 1.654209323227406 1.285022266209126 23.38300681859255 0.4774018004536629 6.404984660446644 8.757044531404972 4.347782745957375 0.08605921268463135 0.5212491229176521 1.684568293392658 0.5228390246629715 1.424071483314037 6.469083026051521 1.657229758799076 0.3590443432331085 3197.472404450178 16.06785152107477 0 16.5821680650115 54.42992331087589 22.5268197953701 12.0884959474206 33.17953706532717 19.0091821923852 24.5633060336113 14.27253170311451 41.14477130770683 14.287547275424 106.125176653266 211.7913564816117 13.18447126448154 200.8306218162179 237.3278949484229 714.5049231499434 254.1386847421527 0.67151889950037 0.261960580945015 0.1250132471323013 0 0 0 0 0 0 0 0 0 0 0.1744049340486526 0 0.6852999925613403 0.2068824768066406 0 0 21.84741523861885 11.52212435007095 0 0 0 248.4396714121103 0.1779862642288208 49.56593593209982 38.87661273777485 3.855637945234776 0.1741321682929993 0 0 0 0.8848655894398689 0 0 7.057099096477032 21.01464606821537 0.7465027496218681 0 0 0.3599417507648468 0.3816798776388168 0.7361481860280037 1.131842531263828 0.5054320618510246 5.3365683183074 18.79696705192327 0.1081902757287025 0 0 36.43666964769363 2.178497642278671 1.783686123788357 3.065171591937542 0.2964048981666565 0.2360333725810051 0.1298654079437256 0.1240615621209145 0 0.1782635897397995 390.7016886547208 16.17833378911018 0.2620059251785278 0.1517016887664795 0.5977415293455124 11.29847814142704 0.7969259768724442 0.4139261394739151 9.480900458991528 16.72337288409472 17.00885483622551 6.442981071770191 3.668686129152775 1.275345362722874 0.4058582633733749 0 0 0.7731908857822418 0.09123567491769791 0 0 252.780938796699 27.62184450775385 33.61307087540627 463.5782314687967 57.04901102185249 562.569001339376 233.838846616447 371.1858412623405 77.72540539503098 11.696274779737 202.5764385163784 29.15858956426382 1.620789177715778 59.9049691259861 14.60755018889904 89.74458911269903 5.294611513614655 1.748369634151459 14.20080302655697 2.48382642865181 0
174.9869582131505 2115.304181136191 941.9364965185523 151.1261943355203 1049.628245122731 14.6796173453331 1705.154672764242 1438.623401865363 1545.743221446872 223.3132584989071 5878.532479949296 11.24706354737282 1808.722054056823 0 68.75111256539822 73.95344986766577 4.436596892774105 0.294766902923584 0 2.316907748579979 6.327148720622063 0 1.668333321809769 1.103449687361717 6.592296682298183 9.468506053090096 0.4111050665378571 2.335440531373024 0.4483175873756409 0 119.3571819812059 10.05326502025127 1331.959475874901 0.7396577149629593 3.2306764498353 25.78034862875938 1024.350355163217 70.23522521555424 28.80598841607571 13.10738757997751 11.22211799770594 5.360020153224468 0.3794231563806534 4.682674258947372 0.4359832108020782 0.7648022472858429 156.7610378190875 2.382804416120052 0.3265499919652939 1.183146327733994 1.823518544435501 0.2620767205953598 0 1.054513476788998 1.845369808375835 1.251027129590511 17.11446509510279 82.93898347020149 1.824614472687244 13.03715788573027 2.19509719312191 164.0186329185963 0.3625552356243134 41.29452878236771 3.291793175041676 2.892579682171345 1.242598585784435 1.26281002163887 2.97945274412632 12.81239508837461 238.8944298475981 14.50484329462051 0.2726284563541412 53.59514008462429 41.71773363649845 104.0271115377545 111.1642738580704 28.28270386904478 4.986643731594086 90.73473761975765 0.2525939047336578 2.089502722024918 7.320606388151646 0.1981337666511536 3.015785850584507 2.933283813297749 2.286857917904854 0 0.4958919063210487 0 0.4499960243701935 0.462285615503788 9.481482230126858 4.376560784876347 0.2979593575000763 242.7492255866528 11.25804856419563 0.2150372117757797 17.97809109091759 30.97909792512655 4.670115478336811 1.967882394790649 5.040247343480587 3.240088418126106 3.440813846886158 2.511448502540588 5.956067636609077 2.185876816511154 12.14958073943853 34.13338292390108 2.301904529333115 30.19641973823309 38.15525566786528 136.5804004818201 61.06066701561213 0.6529657691717148 0 0 0 0 0 0 0 0 0 0 0 0 0 0 0 0 0 0 3.679002679884434 2.104563683271408 0 0 0 74.25505486130714 0 14.49408188462257 14.61149102449417 2.280357889831066 0.4109758287668228 0.185566782951355 0 0 1.095810890197754 0 0.1705711781978607 1.621731996536255 4.913687147200108 0.09326793998479843 0 0 0.4936203509569168 1.164213299751282 0.236640065908432 0.1033666878938675 0.08841698616743088 1.722401730716228 2.86130129545927 0.3168135210871696 0 0.1950051188468933 15.59110943973064 0.7175656110048294 0.3262043669819832 1.049459762871265 0.22243782132864 0 0.1520290821790695 0 0 0.4270384013652802 103.3726285472512 3.277311742305756 0 0 0.5303840041160583 2.845791935920715 0.2134203463792801 0.2197632193565369 2.052585378289223 2.870458103716373 3.976911790668964 1.739563956856728 0.3690150156617165 0.1812945976853371 0 0.1875812411308289 0 0 0.1404171139001846 0 0 50.80683230608702 10.54809165000916 12.79716707020998 256.383441478014 18.92078433185816 264.838274911046 103.0324880555272 117.5941750779748 26.83660956472158 2.674362115561962 106.9600709974766 13.53770215809345 0.2717665433883667 20.45976355671883 3.419558875262737 21.95147558301687 1.176625445485115 0.6919030696153641 4.694093182682991 2.085869655013084 0
