0 3580.279266871512 1657.893122419715 1307.096294760704 2406.754950888455 151.115123167634 1467.444120287895 127.3329373449087 1136.671934120357 973.6358224228024 845.2934683039784 61.60024236142635 78.40466703474522 86.59567535668612 2.755317784845829 0.5372189283370972 0 0 0 0 0 0.406751736998558 0 0 0 0 0 0 0 0 290.9148375019431 0.1359405815601349 11.76895166933537 0 0 0 2.138049528002739 0.2626930251717567 0.2599447965621948 0 0 0 0 0 0 0 7.376049041748047 0.4282699078321457 0.151600569486618 0 0 3.635440081357956 1.626930952072144 0 1.336347721517086 0.9613660573959351 453.5482828691602 1018.049392171204 25.61660511046648 10.73179106414318 0.5357673913240433 1.20573453605175 0 0.520673505961895 1.205955803394318 0.4029317274689674 0.1605131402611732 0.1010625436902046 0 0 75.06949490308762 35.66610124707222 0 84.98850584030151 10.35923352092505 8.189654588699341 2.369258724153042 0 0 6.94509319961071 0 1.548853695392609 3.268296033143997 0 0.9728478789329529 0.07775093615055084 0.09198802709579468 0 0.3014852702617645 1.375258639454842 0 0 0 0 0 265.1468191370368 14.99324378371239 1.85321781039238 5.731435619294643 1359.33333016932 0 0 0.2829276025295258 0.2685052156448364 0 0.7612978518009186 0.6790697574615479 0.337800145149231 17.83409124612808 3.012483090162277 0 2.460871271789074 5.383227944374084 0 0.772163100540638 0 0 0 0 0 0 0 0 0 0 0 0 0 0 0 0 0 0 0 0 0 0 0 0 0.2771529257297516 0.1520163118839264 0.1972495689988136 0.222533792257309 0 0 0 0 0 0 0 0 0 0 0 0 0 0 0 0 0 0 0 0 0 0 0 0.1761444807052612 0 0 0 0 0 0 0 0 0 1.660392194986343 0.3036382794380188 0 0 0 0 0 0 0 0.108272023499012 0 0 0 0 0 0 0 0 0 0 0 0.3937618136405945 0 0 11.05132264643908 1.037149704992771 15.03791432827711 1.349150791764259 1932.473401159048 11.90535386651754 0.1497156172990799 2.527974389493465 0.1115968599915504 0 0 0 0.2018761187791824 0 0 0 0 0
3580.279266871512 0 377.0881821662188 811.8735523670912 4152.193880684674 91.25656774640083 3203.203457787633 36.08473641425371 1613.183511160314 324.639478623867 535.4141231775284 17.52750835567713 16.46084690093994 54.05003822594881 7.341582298278809 1.233730338513851 0.09053727984428406 0 0 0 0.1366102546453476 0 0 0 0 0.1248891428112984 0 0 0 0 1495.640690550208 0.5756071656942368 4.835663869976997 0 0 0.1397923827171326 0 0 0 0 0 0 0 0.1501815170049667 0 0 35.26015749573708 2.90718998759985 0 0 0.2912984415888786 0 0 0 5.148104801774025 4.118160992860794 83.1438088491559 704.4817824959755 36.66820470243692 37.76226156204939 0.1506126523017883 0.2982518076896667 0 0.8801751956343651 3.876709200441837 1.166055046021938 0.8867790140211582 0.2586948573589325 0.162080392241478 0 0 0.1281715482473373 0 242.3462798595428 43.22404825687408 52.73046553134918 3.518323309719563 0.1556661427021027 0.1683699041604996 3.869379967451096 0 0.2472749799489975 10.60111486166716 0 2.924755841493607 3.191876620054245 1.478600047528744 0 0.3322596102952957 0 0.09535209089517593 0.1161177381873131 0 0.09619364142417908 0 30.4419858455658 2.933926343917847 0 0 836.4098549634218 0.5355986356735229 0 0 0 0 2.544638872146606 0 1.051204457879066 3.291609734296799 6.211643278598785 0 3.213805094361305 6.606721445918083 3.009648650884628 1.175951108336449 0.1162653341889381 0 0 0 0 0 0 0 0 0 0 0 0 0 0 0 0 0 0 0.2753312289714813 0 0 0 0 0 0 0 0 0 0 0 0 0 0 0 0 0 0 0 0 0 0 0 0 0 0 0 0 0 0 0.151286244392395 0.3305344581604004 0 0 0.1636067926883698 0 0 0 0 0 0 0.6043664067983627 0 0 0 0 0 0 0 0.8999077826738358 0 0 0 0 0 0 0 0 0 0 0 0 1.918673545122147 0.5063391327857971 0 30.51980291306973 5.224016606807709 106.2703596875072 12.84642521291971 437.0124644264579 45.8055323138833 1.654707580804825 20.5212379693985 0.1400930136442184 0 0 0 1.717058002948761 0 0 0 0 0
1657.893122419715 377.0881821662188 0 43.38069218397141 952.3250689581037 1.806466817855835 107.5446930527687 2539.463400259614 1352.654489792883 13.81129761785269 2955.776907242835 4.770087972283363 21.53201703727245 377.2545696869493 22.96862497925758 6.990644231438637 0.6029369458556175 0 0 1.123495697975159 0.8155058994889259 0 0 0 0.1827618926763535 0.264078676700592 0 0.1070155054330826 0 0 6546.643957406282 1013.436100959778 72.29357048869133 0 0 1.11571591347456 2.108088240027428 0.9595686718821526 0.1015487983822823 0.1377953290939331 0 0.1544783115386963 0.2296700030565262 0.6416075080633163 0 0 53.85500517487526 5.786955453455448 0.2287390530109406 1.003030732274055 0.8206532299518585 0.1087480708956718 0 0 8.02085854113102 6.956793360412121 132.2413944751024 3158.331776820123 50.75179757922888 61.701401039958 1.280255138874054 3.974191688001156 1.227077282965183 352.6326810643077 4.549497708678246 3.837362185120583 1.781076908111572 0.7011439651250839 1.166912347078323 0.9175117462873459 1.479439303278923 3.773804031312466 0 410.15517475456 257.7195505201817 94.44086892902851 13.70380366593599 3.706845879554749 155.4796836674213 375.6204917728901 3.338787436485291 48.38452097028494 17.49703228473663 0 4.796831898391247 4.551453191787004 2.363848976790905 0 1.072413794696331 0 0 0.240338422358036 1.029655180871487 0.7185928821563721 0 14.38950906693935 2.919838383793831 0 0.1143390461802483 1632.30780158937 0 0 0 0 0 2.186084851622581 0.1692111045122147 0.6785406470298767 2.053421795368195 5.087327554821968 0.3124754279851913 5.783144116401672 9.865970231592655 2.716393515467644 3.229993291199207 0.08891810476779938 0 0 0 0 0 0 0 0 0 0 0 0 0 0 0 0 0 0 0 0.2764436304569244 0 0 0 0.1051741912961006 0 1.001181185245514 0.2878525406122208 0 0 0 0 0 0 0 0 0.2696931958198547 0.399843692779541 0 0 0 0 0 0 0 0 0 0 0 0 0 0.5739813223481178 0 0 0 0 0 0 0 0 0 3.132216691970825 0 0 0 0 0 0 0 0.4265487790107727 0 0 0.1130353659391403 0 0 0 0 0 0 0 0 0 5.472421810030937 0.2682914435863495 0.6273314952850342 65.38889363408089 9.968239262700081 127.4988891631365 15.53898525238037 193.9966815263033 51.3114775121212 0.832179568707943 28.89976879954338 1.389408588409424 0 0 0 0.9863819777965546 0 0 0.8354057669639587 0.202766165137291 0
1307.096294760704 811.8735523670912 43.38069218397141 0 1487.592324838042 126.1381743252277 1587.473491683602 0 211.9781370460987 1095.963455602527 17.31277538836002 27.26844851672649 138.0525884032249 18.22765734791756 1.092843793332577 0 0 0 0 0 0 0 0 0 0 0 0 0 0 0 36.90197658538818 0 0 0 0 0 0 0 0 0 0 0 0 0 0 0 6.363335408270359 0.5150487944483757 0 0 0 0 0 0 1.397178716957569 0.863498330116272 27.56718620657921 170.5726132392883 11.14244642108679 5.708665259182453 0 0 0 0 0.7455400824546814 0.4529077708721161 0 0 0.09923523664474487 0 0.09738685190677643 0 0 56.8949880450964 6.117433823645115 10.32250859588385 0.5817343145608902 0 0.07642459124326706 0 0 0 1.636792279779911 0 0.2001152709126472 0.7057456076145172 0.4733033701777458 0 0 0 0 0 0 0 0 19.84543573856354 0 0 0 196.0781604796648 0 0 0 0 0 0.3765113055706024 0.8463107943534851 0.4140456020832062 17.94440564513206 2.996934160590172 0 1.720974057912827 2.846504867076874 0.8894069194793701 0.3785067945718765 0 0 0 0 0 0 0 0 0 0 0 0 0 0 0 0 0 0 0 0 0 0 0 0 0 0 0.1817302852869034 0 0 0 0 0 0 0 0 0 0 0 0 0 0 0 0 0 0 0 0 0 0 0 0 0 0 0 0 0 0 0 0 0 0 0.161103293299675 0 0 0 0 0 0 0 0 0 0 0 0 0 0 0 0 0 0 0 0 1.253207206726074 0 0 6.779123313724995 0.09504078328609467 23.13870041072369 1.639045432209969 369.5456528589129 10.89911438524723 0.2911740690469742 3.980312682688236 0 0 0.08258672803640366 0 0 0 0 0 0 0
2406.754950888455 4152.193880684674 952.3250689581037 1487.592324838042 0 61.71829488873482 3166.470323063433 56.23948972672224 1296.160616502166 1205.869477547705 791.7814824879169 237.3531350493431 101.0115077719092 87.19040658324957 30.66179011017084 6.207772240042686 0.1499096006155014 0 0 0 0 0 0 0 0 0 0 0 0.1523764282464981 0 293.8531658500433 0.8509387373924255 2.546513617038727 0 0 0.09833661466836929 0.2383279502391815 0.6437177062034607 0 0 0.254149429500103 0.1098886132240295 0 0.1027933582663536 0 0 85.75282514095306 4.122133508324623 0.09556560963392258 0 0.3768365979194641 0 0.3904320299625397 0 10.02303215116262 10.69275414198637 84.53931204229593 544.3069195300341 50.93989785760641 68.92690792679787 0.1681013107299805 0.2810149341821671 0 4.842995792627335 6.368129923939705 3.577143646776676 1.877539984881878 0.7059931010007858 0.09578082710504532 0 1.965364351868629 6.545485600829124 0 324.6225361078978 63.50901608914137 124.6943934336305 16.38539559394121 0.179685652256012 0.1021174937486649 5.821262262761593 0 1.048886150121689 19.88952812552452 0 7.263312347233295 4.61709700524807 2.167038761079311 0 0.5154180750250816 0 0.1918620020151138 0 0 0.09551392495632172 0 205.2309792339802 10.98516571521759 0 1.096274599432945 227.9752582535148 2.069945782423019 0 0.5717662572860718 0.6228885650634766 2.080047026276588 13.9027412161231 6.039226442575455 4.275285080075264 21.45188846439123 28.80047965049744 1.882466271519661 30.15163328498602 52.03484573215246 14.83450243622065 12.56151299923658 0.2893956154584885 0 0 0 0 0 0 0 0 0.1380259692668915 0 0 0 0 0 0 0 0 0 0.5344545990228653 0.8282253295183182 0 0 0.1298367530107498 1.29321413487196 0 2.494386717677116 0.5578242689371109 0 0 0 0 0 0 0 0 0.7747842967510223 0.9391206428408623 0.1416663378477097 0 0 0 0 0 0.1281208097934723 0 1.244710803031921 2.308505654335022 0 0 0 1.840907409787178 0 0.2128935605287552 0.2187021747231483 0 0 0 0 0 0 11.31766277551651 0 0 0 0 2.791856318712234 0.308241218328476 0.9153096452355385 2.445411086082458 4.091689839959145 2.636269383132458 0.1143836081027985 0 0 0 0 0 0 0 0 0 18.04006046056747 1.481325447559357 0.4216085523366928 132.8739316239953 14.84379860013723 271.4382496774197 39.47535336017609 370.0990731269121 98.27323366701603 3.4368596971035 67.84323814511299 2.574460551142693 0 2.378747217357159 0.2443456202745438 2.84651780128479 0.1818495839834213 0.3062361478805542 0.4594034850597382 0.5619513094425201 0
151.115123167634 91.25656774640083 1.806466817855835 126.1381743252277 61.71829488873482 0 165.3014159053564 0.6934584975242615 37.46922136843204 445.2984607070684 5.292057409882545 161.6406111866236 216.2504696398973 42.64121706783772 1.410357341170311 1.62973989546299 0.1973902136087418 0 0 0.1243726164102554 0 2.128149315714836 0 0 0 0 0 0 0 0 0 0 43.52264585345984 0 0 0.4982207417488098 13.11765766143799 2.98233363032341 5.981457844376564 0.2362084090709686 0 0 0 0.3290052562952042 0 0.3873490691184998 0.6949470192193985 0 0 0 0.09653598070144653 49.9050458073616 9.098863020539284 0.4289493709802628 0 0 262.402497664094 65.99993150681257 6.469962850213051 3.15211321413517 4.594787165522575 3.280451036989689 1.033247739076614 0 0 0 0 0 0 0 329.2064986526966 152.3800894320011 5.666550070047379 1.715865969657898 0.1111545786261559 1.551665797829628 0.2783104777336121 0 0.8132035732269287 8.803858451545238 2.411112770438194 3.069675981998444 0 0.1738175451755524 0 0 0 1.100552678108215 0.40265291929245 4.780932173132896 0.1783547252416611 1.045788899064064 0 0.238691471517086 1.505815118551254 591.4421470314264 74.70663291215897 36.89929239451885 32.24313163757324 272.8813697099686 0 0 0 0 0 0.9622066020965576 1.975253462791443 0.3248408138751984 1.049856260418892 4.774163812398911 0 0.8338652849197388 2.7356918156147 0.8958207070827484 0.2274287343025208 0 0 0 0 0 0 0 0 0 0 0 0 0 0 0 0 0 0 0 0 0 0 0 0 0 0 0 0 0 0 0 0 0 0 0 0 0 0 0 0 0.3392045497894287 0 0 0 0 0 0 0 0 0 0 0 0 0 0 0 0 0 0 0 0 0.3913259655237198 0 0 0 0 0 0 0 0 0 0 0 0 0 0 0 0 0 0 0 0 0 0 0 3.894409194588661 1.401130877435207 3.053436242043972 0.8780538886785507 225.7186805158854 0.9572762250900269 0 3.96261402964592 0 0 0 0 0 0 0 0 0.1261221766471863 0
1467.444120287895 3203.203457787633 107.5446930527687 1587.473491683602 3166.470323063433 165.3014159053564 0 9.245081067085266 3649.714665919542 4576.935797780752 798.0846530050039 1163.830069988966 4252.402066387236 946.3699273318052 43.87386601418257 9.738392658531666 0.6207364648580551 0 0 0.120255209505558 0.1431525051593781 0.8744610249996185 0 0 0 0.2408332377672195 0 0.563733197748661 0.1159011870622635 0 114.8333792686462 0.9052110835909843 4.912340611219406 0 0 0.3063278198242188 0.9407758265733719 0 0.2867243066430092 0 0.2551569268107414 0 0 0 0 0 104.2865458503366 4.521036855876446 0.2479090988636017 0.1340323239564896 0.6353890970349312 0 1.39088200032711 0 10.01657843589783 8.900780290365219 95.3336708471179 497.419447414577 55.62723094969988 80.60762669146061 0.5498798191547394 1.350882023572922 0.07290768623352051 6.705602049827576 5.389432713389397 3.346661627292633 1.703907661139965 0.6398761942982674 0.2749564275145531 0.09854758530855179 18.86841135472059 21.71699950098991 0 333.3670946583152 57.43670139461756 129.2002160996199 26.36762500554323 0.3751547932624817 0.547541618347168 9.769278220832348 0.2698875367641449 0.5368731543421745 23.04032731801271 0.1323240697383881 6.450687743723392 5.272627897560596 1.81058494001627 0 0.5271517038345337 0 0.0928962230682373 0 0.1122414618730545 0.2018669247627258 0 815.5088897049427 28.50989930331707 0.915652871131897 4.058046117424965 252.3441644608974 4.214732363820076 0.4093722701072693 2.672515332698822 2.184249594807625 3.912093326449394 33.26747289299965 11.50853908061981 14.45622749626637 68.33706668019295 82.99165811389685 5.683173686265945 89.80269128084183 178.4650439918041 50.57005792111158 30.58272323012352 0.4383814632892609 0 0 0.1321644932031631 0 0 0 0 0 0 0 0 0 0 0 0 0 0 0 5.388043336570263 2.029239699244499 0 0.1369361728429794 0 2.590292781591415 0.2851683795452118 5.973315082490444 0.2589044272899628 0 0 0.2839723527431488 0 0 0.3807083666324615 0 0 2.839546024799347 3.714675486087799 0 0 0 0 0 0 0.1347074508666992 0.2424911111593246 0.7942173406481743 1.475503951311111 0 0 0.3410166501998901 2.761523641645908 0.5214881300926208 0.3436606526374817 0.2662089616060257 0 0 0.09999896585941315 0.1044564992189407 0 0 33.94128855317831 0.2342211008071899 0 0 0 2.926270596683025 1.627087637782097 0.562729075551033 3.271797172725201 4.334189407527447 4.528967097401619 0.2821666896343231 0 0 0 0 0 0 0 0 0 73.91206603497267 4.308760270476341 0.8422848582267761 189.9632087498903 22.99620768427849 313.0104855969548 46.96030097454786 637.7658881247044 123.4201970472932 5.865318901836872 87.64104491472244 5.326295383274555 0 3.251623302698135 0.1100134775042534 4.871235899627209 0.1460317820310593 0 2.2820865213871 0.3543459326028824 0
127.3329373449087 36.08473641425371 2539.463400259614 0 56.23948972672224 0.6934584975242615 9.245081067085266 0 120.3950353711843 2.538299851119518 1407.022007778287 0.1969762817025185 66.14225049316883 772.0281714349985 152.1042238473892 134.6408175975084 23.84494321793318 7.281645268201828 3.763571724295616 34.21380254626274 24.59451241791248 0 0 0 8.326528809964657 1.8838901668787 0.1234776005148888 0.7171162292361259 0.5521990284323692 0.1354156583547592 3074.817840397358 2984.937275588512 345.227255307138 3.823684617877007 3.870276063680649 59.1844270452857 6.903717905282974 6.877624973654747 1.26129736751318 0.8890333771705627 1.757052779197693 0.7055291905999184 4.100529283285141 69.35326831787825 1.326442748308182 12.9888254776597 238.8348011821508 22.46448128670454 17.20017295330763 25.63983904570341 10.00216384232044 0.5121127218008041 2.206145644187927 0.46932452917099 12.84549651294947 11.1411227285862 87.6761731132865 1662.15623704344 53.75909993797541 111.7160827890038 128.7860109731555 33.01259364187717 24.34352827072144 642.8372287452221 9.402281254529953 6.240249119699001 6.444980628788471 14.10119159519672 39.38827565312386 16.18874182552099 1.267340205609798 9.376083485782146 0 632.9771212860942 535.5240983143449 383.6875260919333 543.7979876920581 381.9991703704 748.2864433676004 638.8260064274073 298.8144156187773 224.279461145401 32.69590703397989 0.1038410738110542 9.933301471173763 7.382874231785536 38.88923460990191 0 1.758949257433414 0 1.207749284803867 0.5955739542841911 23.51656499505043 14.66205710917711 0.4857471585273743 11.354916036129 10.29561139643192 0 2.91042397916317 120.541517816484 1.266227960586548 0.5776607394218445 0.3782935440540314 0 0 4.238922245800495 0.2958869934082031 0.8222189992666245 3.09451662003994 6.93975043296814 0.3299154043197632 10.57360780984163 17.46937180310488 5.712640218436718 3.732916377484798 0.1476677507162094 0 0 0.1133646667003632 0 0 0 0 0 0 0 0 0 0 0 0 0 0.3328234255313873 0 0 0.2364921569824219 0 0.1482156366109848 0 0.6532293185591698 0.2098854184150696 1.776577688753605 1.07419253885746 0.1086725369095802 0 0 0 0 0 0.2192260026931763 0 0.2780673876404762 0.230014830827713 0 0 0 0.1577473357319832 0 0 0 0 0.4248078018426895 0.6523649096488953 0 0 0.363347053527832 1.14102628827095 0 0.1239772886037827 0.1431288421154022 0 0 0 0.1708745062351227 0 0 7.012382388114929 0.5551979839801788 0 0 0 1.124260246753693 0.1291875541210175 0.7895136401057243 0.5888656750321388 1.665961749851704 0.8788343369960785 0 0.1146518215537071 0.09262272715568542 0 0 0 0.1617500931024551 0 0 0 9.364676363766193 1.710345290601254 0.1944965347647667 283.3783277198672 36.02827677130699 491.7947308272123 87.08861756324768 86.68782953172922 121.6616915538907 8.244609877467155 151.4869979470968 5.76200058311224 0 1.366125129163265 0.2336385026574135 1.669406205415726 0.1641504466533661 0 0.1165949329733849 1.408422142267227 0
1136.671934120357 1613.183511160314 1352.654489792883 211.9781370460987 1296.160616502166 37.46922136843204 3649.714665919542 120.3950353711843 0 1662.85728815943 1284.093820333481 1372.179849565029 1254.465744405985 2556.196920350194 100.9742210805416 33.60856938362122 1.722620368003845 0 0 0.1291772127151489 0.2160064950585365 0 0 0 0.1515263766050339 1.170297160744667 0.144107848405838 0.1534473299980164 0.1740817278623581 0 369.7123824954033 4.310999505221844 59.53540034592152 0 0 0.4316624253988266 3.674008190631866 0.7200783938169479 0.2668870240449905 0.1243586763739586 0 0.6549849808216095 0 0.1105405613780022 0 0 191.4695608690381 6.518130600452423 0.2126460298895836 0 0.9137236997485161 0 4.4967055991292 0.1507721543312073 12.44387911260128 10.2798306196928 76.12557071447372 454.2317887693644 46.90099880844355 86.26173853874207 0.6189852207899094 2.584221020340919 0 9.153621047735214 6.757500655949116 5.027785323560238 2.803755767643452 0.5932561084628105 1.196154817938805 0.09880529344081879 12.63117155432701 62.8828931748867 0 344.1374279782176 67.64660330116749 192.1136097982526 53.29179732501507 1.110010899603367 1.165895104408264 98.29606127738953 1.017844259738922 11.59078051149845 23.16049189120531 0.1023441627621651 8.385332562029362 6.579192623496056 3.275703996419907 0 0.6410878151655197 0.1851324141025543 0 0 0.1856958791613579 0.3502392545342445 0.4111694470047951 992.292588531971 48.19094723463058 0.4704096913337708 2.473579727113247 149.2425278350711 8.377084851264954 0.5932176113128662 6.052793338894844 4.039596810936928 6.531885117292404 84.66382513940334 24.89226477593184 24.31323480606079 119.2467708364129 183.4853447526693 8.675796426832676 182.0240161195397 382.6064054295421 114.1796177476645 60.80987614393234 0.4318246841430664 0.2272938936948776 0.1427121013402939 0.2309548035264015 0 0 0 0 0 0 0 0 0.3038325309753418 0 0 0 0 0 0 9.846210338175297 3.414705634117126 0 0.451641708612442 0 7.228216782212257 0.1678256094455719 10.78208985924721 1.219916850328445 0 0 0 0 0 0 0 0 2.883551418781281 7.335831247270107 0.1381102651357651 0 0 0 0 0 0.3759932518005371 0.149674192070961 1.476594313979149 7.240543223917484 0 0 0 11.14639263600111 0.8163277581334114 0.4481668770313263 0.2738853618502617 0 0 0 0.1073805540800095 0 0 68.29063261300325 4.261910632252693 0 0 0 6.323096945881844 1.155503809452057 1.0833909958601 7.332873962819576 9.824987657368183 10.31817872822285 0.8435022383928299 0.2560287043452263 0.7604041695594788 0 0 0 0 0 0 0 152.2074253261089 10.86023670434952 1.201228186488152 505.7019869089127 47.48532176762819 501.264907002449 104.7641021832824 273.5303291901946 154.6090100631118 12.33889780193567 239.7167120650411 8.61387026309967 0.1937438994646072 12.63077329844236 0.2735274732112885 20.26058180630207 1.981014840304852 0.1215775236487389 2.492616213858128 1.266833677887917 0
973.6358224228024 324.639478623867 13.81129761785269 1095.963455602527 1205.869477547705 445.2984607070684 4576.935797780752 2.538299851119518 1662.85728815943 0 35.88236477226019 497.9034448564053 3043.298407018185 365.4577571451664 7.539579935371876 2.744091168045998 0.1582280099391937 0 0 0 0 0.1552000194787979 0 0 0.228007011115551 0 0.08602255582809448 0 0 0 41.77890998125076 0.1335620582103729 0.8078775703907013 0 0 0 0.8450681492686272 0 0 0 0 0 0 0.1355085521936417 0 0 23.08749473839998 1.3155507594347 0.1136583015322685 0 0 0 0.160759761929512 0 5.342418245971203 3.294338345527649 150.2772287130356 470.4793821275234 32.18718404322863 25.02928225696087 0 0.134161114692688 0 0.6203261613845825 1.41658490896225 1.236915804445744 0.5184856280684471 0.1889859586954117 0 0 15.59768426418304 17.05853262543678 0 166.4564477354288 16.88438414782286 37.57035651803017 3.344302281737328 0 0 1.084175303578377 0 0 6.745294183492661 0 0.9526888579130173 2.275041997432709 0.7950149774551392 0.09799065440893173 0.3353565558791161 0 0 0 0 0 0 740.8088642209768 18.00984279811382 0.2422077506780624 5.203231811523438 896.3809457495809 2.245325177907944 0 6.029529929161072 1.924095183610916 1.05887758731842 31.38905458152294 14.20824427902699 8.136686697602272 120.0501876473427 92.8676583468914 4.051380038261414 62.48328646272421 146.9631401374936 40.32826825231314 20.17825646698475 0.6343717277050018 0 0 0 0 0 0 0 0 0 0 0 0.1690769046545029 0 0 0 0 0 0 4.641925796866417 0.8435354083776474 0 0 0 1.039722472429276 0.2012958526611328 2.100824490189552 0.2935311272740364 0 0 0 0 0 0 0 0 1.03677299618721 1.580975890159607 0.2058793604373932 0 0 0 0 0 0 0 0.6872203052043915 0.5934934169054031 0 0.185809463262558 0 1.924186632037163 0 0.1327825486660004 0.09005069732666016 0 0.1167412847280502 0 0 0 0 21.45219588279724 0.5886918902397156 0 0 0 1.339558199048042 0.2075213640928268 1.448387265205383 2.448841206729412 2.413093976676464 2.472151294350624 0.1796923726797104 0 0.1828738749027252 0 0 0 0 0 0 0 59.91141681373119 2.827528864145279 0 73.48063659667969 3.173780091106892 97.79942809790373 11.2674053311348 1467.520108290017 37.90292939543724 0.937538355588913 34.11837718635798 0.5148134529590607 0 2.718688480556011 0.1005520820617676 3.568733409047127 0 0 1.039627775549889 0 0
845.2934683039784 535.4141231775284 2955.776907242835 17.31277538836002 791.7814824879169 5.292057409882545 798.0846530050039 1407.022007778287 1284.093820333481 35.88236477226019 0 16.75806216150522 388.22105024755 3750.361823692918 454.7790272310376 203.1307671368122 18.88742280751467 1.433635048568249 0.7466192990541458 7.343729630112648 9.932216681540012 1.283689916133881 0.2583949789404869 0.2255978062748909 21.2221499979496 1.933097541332245 0 1.456765219569206 2.429550759494305 0.4355968981981277 1954.730800107121 408.2288186326623 908.7015376985073 0.5591385960578918 0.8166035339236259 126.3950538113713 43.2955180183053 33.16657408326864 3.465546309947968 3.08629148453474 2.647893562912941 1.033960856497288 1.02531436830759 4.44814383238554 0.9429303184151649 2.187656931579113 605.8778553903103 19.93524844944477 1.50766022503376 4.221639841794968 14.05610114336014 0.8387996107339859 4.671350687742233 1.593072094023228 30.00558117032051 30.98446466401219 96.99016410112381 1219.603152967989 89.21565339714289 252.8194756507874 40.65428419411182 192.1297517195344 12.23374332487583 111.8726133331656 23.55624257028103 17.12537190690637 10.488326638937 10.89211323112249 22.31052279472351 10.51541720330715 5.764320120215416 41.52573227882385 0 728.7546468004584 301.3613145761192 669.3022016808391 276.5299678146839 12.85890767723322 44.12992641329765 1200.223565705121 24.04250042140484 627.3832437694073 61.35958188027143 0.5219351127743721 25.06345362961292 23.00912385806441 16.2893115952611 0.1757770925760269 4.964446596801281 0.6019016951322556 1.178128838539124 1.064418293535709 21.15292658656836 22.8640168979764 0.9299914017319679 113.4611469432712 28.97970277816057 0 17.03407111763954 195.0447284430265 3.142071127891541 0.1429198384284973 3.039237909018993 1.272882431745529 4.80648398399353 35.7562502399087 8.231467217206955 11.4813435152173 48.72845911979675 71.91061729192734 5.483298227190971 67.19687651842833 144.1491041854024 42.93120417743921 32.86086142063141 0.5781624317169189 0.1232924237847328 0 0 0 0 0 0 0.1046043112874031 0 0.4258534088730812 0 0 0.2950728386640549 0 0.1124925315380096 0 0.299255758523941 0 6.125757202506065 3.269541092216969 0 0 0.142794743180275 4.242000564932823 0.4284336119890213 11.76760029047728 1.206528425216675 0.3130242526531219 0 0 0 0 0 0 0 1.570067830383778 3.54377531260252 0.2566057443618774 0 0 0.2439582645893097 0.584316298365593 0 0.4634540677070618 0 0.990655854344368 2.495894379913807 0.124996542930603 0.1400691121816635 0 5.212404422461987 0.7825294435024261 0.3243660628795624 0.8394198417663574 0.2567457556724548 0.1402638107538223 0.2821718901395798 0.1861366033554077 0 0.2300445213913918 41.48477400094271 3.462593801319599 0 0 0.1508636027574539 6.39965844899416 1.15958671271801 1.466761067509651 3.716501757502556 4.714663475751877 5.632704213261604 0.2907261252403259 0.5609642863273621 0.1216579079627991 0 0 0 0.2188167497515678 0 0.2040255814790726 0.09277872741222382 54.83599831163883 7.780619755387306 3.84000951051712 994.1536049172282 165.9092985764146 1144.486379772425 295.8645639419556 228.0539446696639 332.7156948298216 34.17224816977978 477.7731213793159 14.25226472318172 0 6.710596024990082 0.8462431505322456 9.806886240839958 0.7823263555765152 0 3.234731175005436 4.605985455214977 0.245926171541214
61.60024236142635 17.52750835567713 4.770087972283363 27.26844851672649 237.3531350493431 161.6406111866236 1163.830069988966 0.1969762817025185 1372.179849565029 497.9034448564053 16.75806216150522 0 1854.78538197279 527.1819203048944 3.693922184407711 2.513626486063004 0.2860920056700706 0 0 0 0 0 0 0 0 0 0 0 0 0 1.248949989676476 0 1.406289532780647 0 0 0.2993332594633102 0.5969409793615341 0.4811607599258423 0 0 0 0 0 0 0 0 12.30695290863514 0 0 0 0 0 7.884024530649185 0 0.9406575262546539 0.4518137201666832 16.30233699083328 21.79095530509949 2.59109503030777 2.684518754482269 0.305237665772438 0 0 0.09545435011386871 0.2374905943870544 0.2070320472121239 0.323688380420208 0 0 0 10.29457419365644 72.09204924851656 0.2913183122873306 17.50249522924423 1.984751924872398 7.352252319455147 2.913720227777958 0 0 0.9511696323752403 0.3463528007268906 1.661760479211807 0.2243791967630386 0 0.4846643805503845 0 0 0 0 0.2797229290008545 0 0 0.143640547990799 0 0 1518.795366600156 36.66608427464962 1.23176209628582 3.00091752409935 84.16961862146854 8.986173897981644 0.5658033341169357 7.432558581233025 3.23463848233223 3.134815961122513 80.53818783909082 35.95121008902788 21.09715169668198 115.8984802514315 187.7841068655252 5.52427351474762 151.6526998057961 343.6412685066462 113.679728128016 47.21435692161322 0.3748546540737152 0 0 0 0 0 0 0 0 0 0 0 0 0 0 0 0 0 0 3.742181733250618 3.31944777816534 0 0 0.3841467201709747 3.13282535225153 0.5474312901496887 7.791363589465618 0.9020309448242188 0 0 0 0.4567780196666718 0 0 0 0 3.321884505450726 5.853637419641018 0.5612056702375412 0 0 0 0 0.1241782158613205 0 0 2.618400551378727 4.434526897966862 0 0 0 4.393777772784233 1.384553298354149 0.3634420782327652 0.972584143280983 0 0 0.2204835414886475 0 0 0 51.43039156496525 0.7873261272907257 0 0 0 5.406314328312874 0.7178533673286438 1.931547805666924 7.224890314042568 7.466851092875004 4.433124460279942 0.9235882461071014 0.1018218919634819 0 0 0 0 0 0 0 0 171.5506555214524 10.17885909974575 1.430232085287571 83.82519356161356 1.737437173724174 30.10554552078247 6.559581391513348 190.9933078885078 10.82607056200504 0 23.57254163175821 3.696820199489594 0 7.488899692893028 0.4751494601368904 13.4790133535862 0.4054435789585114 0 0.9607389271259308 0.1284179389476776 0
78.40466703474522 16.46084690093994 21.53201703727245 138.0525884032249 101.0115077719092 216.2504696398973 4252.402066387236 66.14225049316883 1254.465744405985 3043.298407018185 388.22105024755 1854.78538197279 0 1932.821280010045 46.62602211534977 30.67171485722065 3.17981481552124 0 0 0.517010860145092 0.3421291708946228 0.2102065682411194 0 0 3.32179244607687 0.6400561183691025 0.2011732310056686 0.2357779517769814 0.3561119586229324 0.1004975512623787 7.06186855584383 0.919469341635704 151.0592294186354 0 0.3806678950786591 30.17936237156391 9.653751961886883 22.88368989527225 3.586417384445667 2.527798734605312 0.2314311265945435 0 0 2.050754867494106 0 0.6066663935780525 48.29505358636379 0.2539290338754654 0.5464286506175995 0.2360445410013199 1.010745249688625 0.6489598006010056 80.01567873358727 0.3110536262392998 2.365286566317081 1.368493117392063 23.78946919739246 33.58724370598793 6.212714776396751 7.5563033670187 27.6042457818985 115.9117629006505 4.906117342412472 0.5778220146894455 1.493111476302147 1.586728483438492 0.760374128818512 0.4747353568673134 1.353151187300682 0.4079525619745255 365.3503986895084 251.1323564052582 0.1248029544949532 35.79194002598524 5.211310930550098 32.84697932004929 18.04159624874592 2.624285452067852 4.174871742725372 38.05983705073595 18.5534536242485 216.0731540024281 2.808930493891239 0 0.7386332824826241 1.012636005878448 0.8876514136791229 0 0.999372124671936 0.7343524098396301 0.3934511616826057 0.6068150997161865 1.066779009997845 1.587169989943504 0.8790902495384216 4233.107204027474 145.9520823359489 6.210405632853508 71.75103496015072 132.6308960616589 11.08798708766699 4.038237810134888 6.883925087749958 3.062221795320511 5.489113725721836 98.15738450735807 54.05288105458021 25.64991694688797 161.2880446463823 245.2815791219473 13.04283822327852 221.9526667073369 590.427151620388 153.7150118425488 95.81483229249716 1.654989078640938 0.1344280540943146 0 0.5980682298541069 0 0 0 0 0.1290355920791626 0.1604159325361252 0 0 0 0 0 0 0 0.1695564240217209 0 9.952166631817818 4.338314101099968 0 0.1357247978448868 0 7.647902742028236 0.5291736945509911 17.67405623197556 1.886129260063171 0 0 0 0 0 0 0 0 4.302470155060291 6.530395798385143 0.9438053369522095 0 0.1389587074518204 0.110642671585083 0 0 0.2033562064170837 0.4431515410542488 2.214711777865887 7.018514603376389 0.1016364470124245 0.09154681116342545 0.3695759475231171 9.085487462580204 0.5120020657777786 1.561368808150291 0.6602862402796745 0 0 0 0 0 0 126.4905919507146 4.473833173513412 0 0.177995428442955 0 10.49968428164721 1.603227250277996 1.772666916251183 6.407853357493877 9.749519400298595 11.09350275248289 0.2395194917917252 0.2523265182971954 0.3247318267822266 0 0 0 0 0 0 0 360.7342762649059 26.91191981732845 5.169566787779331 327.369015365839 25.65285918861628 125.6139003783464 37.17373374849558 286.9060108587146 31.6377008408308 4.054714389145374 108.8506002277136 9.279144883155823 0.2683130130171776 12.04228910803795 0.4562860503792763 11.67720718681812 1.967330440878868 0 3.175157219171524 1.272942684590816 0
86.59567535668612 54.05003822594881 377.2545696869493 18.22765734791756 87.19040658324957 42.64121706783772 946.3699273318052 772.0281714349985 2556.196920350194 365.4577571451664 3750.361823692918 527.1819203048944 1932.821280010045 0 211.6485011130571 111.6800180673599 14.18614509701729 0.8067394718527794 0.3654254376888275 1.890905015170574 3.0087765827775 0.561396598815918 0 0 21.29377809166908 0.885874442756176 0 1.130700759589672 0.7723195105791092 0 103.4303361326456 6.042505532503128 502.9251108244061 0.5878629237413406 0.6921193301677704 91.04966732114553 53.58269413560629 35.69681727141142 3.462786093354225 2.344415798783302 0.7813273817300797 0 0.3390039056539536 4.924875877797604 0.1501975804567337 1.830810897052288 229.5200970247388 4.075721055269241 0.6392494216561317 0.4874893724918365 6.767140902578831 2.102106973528862 20.69689606130123 0.6324697509407997 8.176523655653 5.165430881083012 24.41653589904308 129.8374997749925 18.35672035068274 50.1619084328413 38.34584137797356 238.7111475542188 7.164293959736824 6.571040779352188 3.984462358057499 3.57486516982317 2.899976439774036 5.135791063308716 7.531092144548893 3.559530198574066 46.26506675034761 193.3570506647229 0.1316943615674973 124.274963773787 39.01163284480572 175.5249067991972 88.6474888548255 4.793428674340248 5.402853950858116 1469.736644804478 22.74971331655979 1032.248113937676 12.87266326695681 0.6851970553398132 4.884642265737057 3.285051219165325 5.130554623901844 0 1.564183004200459 0.1816428601741791 0.6817879006266594 0.09536108374595642 6.638408109545708 8.39016404747963 0 1108.450953088701 56.24222959578037 1.937873959541321 6.574573300778866 53.60125766694546 9.856725357472897 0.6131529211997986 7.013917021453381 3.556178107857704 5.239836007356644 96.78987806290388 34.81904430687428 34.91551759839058 157.4449238926172 239.3535481020808 12.7113953307271 221.8032084032893 559.1402231231332 163.4132659509778 100.1947105899453 1.634251594543457 0 0 0.447850339114666 0 0 0.1207244172692299 0.1252958029508591 0.4165541976690292 0.1339293271303177 0 0 0.105276808142662 0.5448559522628784 0 0 0 0.5441679209470749 0 10.69601933658123 3.776727855205536 0 0 0.1930387765169144 12.59027729928493 1.067030347883701 18.27265789359808 2.028411202132702 0.08848670870065689 0 0 0 0 0.4811239838600159 0 0 3.978469729423523 13.63744254410267 0.3816760033369064 0 0 0.09276114404201508 0.2178747802972794 0 0.6626173704862595 0 3.479972772300243 9.372340686619282 0 0.2065505236387253 0 8.407418079674244 1.281632035970688 1.517612777650356 1.49198030680418 0 0 0.3726894184947014 0.3644568771123886 0 0 126.5468108654022 3.458772785961628 0 0 0.4441376179456711 12.14145267009735 2.129638120532036 4.350565426051617 11.0317704603076 11.53998249024153 13.92269786447287 0.1635958403348923 0.1889426037669182 0.564273789525032 0 0 0 0 0 0.1769175082445145 0 294.7061606049538 20.64319650828838 4.98773418366909 1040.377300411463 73.15281263738871 500.3539137393236 134.4757169783115 202.7949228957295 105.9370101541281 11.00878216326237 333.0640341863036 14.88521362096071 0 14.44585666805506 1.076714485883713 14.76207158714533 1.896731294691563 0 5.755221113562584 3.058520212769508 0
2.755317784845829 7.341582298278809 22.96862497925758 1.092843793332577 30.66179011017084 1.410357341170311 43.87386601418257 152.1042238473892 100.9742210805416 7.539579935371876 454.7790272310376 3.693922184407711 46.62602211534977 211.6485011130571 0 1616.124278463423 759.3798612430692 7.197776094079018 19.19149078428745 8.782229997217655 4.086558796465397 0.2081886827945709 9.735606379806995 1.718329474329948 99.59042354673147 0 4.685588717460632 0.4801467657089233 1.178409948945045 0 30.09438094496727 24.47738632559776 125.0820645540953 98.88051146268845 57.94999144971371 96.00096750259399 111.0842135995626 156.3430721387267 48.69751667231321 30.30767066776752 0.2951476275920868 0.750538244843483 0.793442040681839 447.1055710911751 41.1976827159524 119.7847338020802 562.3366909697652 17.40128606557846 21.91289789229631 17.80177112668753 3.661503173410892 0.2864753380417824 3.437621459364891 0 0.7368345856666565 0.3167283460497856 1.376792185008526 30.96513318270445 1.825728394091129 129.0872877687216 77.61845261603594 120.4594935104251 100.1038234308362 7.789447300136089 0.5524072870612144 2.621678568422794 0.8529552668333054 8.200926534831524 15.85222908854485 3.168136529624462 19.64848133176565 15.58241955190897 0 34.08379980921745 11.97257104516029 1362.563097558916 487.7276687994599 377.7123408839107 117.9524696692824 442.1670795828104 76.11893294006586 316.5217965021729 2.653265751898289 0 1.485318474471569 0.5951217636466026 24.90377759188414 0 0.1064191609621048 0 0.3840397447347641 0.6160303950309753 6.138722501695156 3.411109730601311 0.1159895211458206 16.01165527850389 27.91456323862076 0 36.47091314196587 1.339072354137897 0.7280962020158768 0 0.9636520594358444 0 0.1758172810077667 2.161866955459118 0 0.6551978811621666 2.229689389467239 2.610035054385662 2.850493043661118 5.164014399051666 7.739933021366596 5.920839123427868 6.604004763066769 1.035028249025345 0.7520757019519806 0 0.2804355397820473 0 0 0 0 0.4426736980676651 0 0 0 1.515331149101257 0.1671831905841827 1.42386107891798 0 0.1234136298298836 0.1195032298564911 1.294024139642715 0.7252253144979477 1.588440373539925 0 0 1.329352311789989 12.44932212680578 7.198771141469479 25.86886424571276 15.07152681797743 2.764503844082355 0 0.1078297197818756 0 0 1.415061116218567 0.1156061887741089 0 0.7155290618538857 3.108088083565235 0.274502657353878 0 0 8.408321708440781 0 0 0 0.08531145751476288 0.8265995755791664 1.461804553866386 0 0.4976252540946007 1.225698746740818 8.572249718010426 0 0.4695310592651367 0.282566525042057 0 0 0.2286877259612083 0.1540278047323227 0 0.1919816434383392 14.80854817479849 2.875977203249931 0 0 0 3.296823568642139 1.232093401253223 3.536502681672573 1.261268436908722 1.013839483261108 3.591068342328072 0.2191776484251022 0.2768974006175995 0.109132818877697 0 0 0 0 0 0 0 2.891972117125988 6.795108497142792 13.00255613029003 54.46538155525923 10.64359947293997 218.5951731652021 25.78954667598009 14.11469514667988 5.31198325753212 0.9959176331758499 14.85509975254536 7.901465028524399 0.7742156609892845 4.887136355042458 0.3919518366456032 3.123778074979782 0.4667210951447487 0 3.900466606020927 0 0.2780646681785583
