0 4583.669437021017 288.320267893374 1403.478940159082 322.9700509980321 185.7574738264084 1841.89456384629 47.85310599207878 28.28270292282104 2433.841737881303 92.35859869420528 44.46646223962307 167.4086004048586 53.50234212726355 6.587209425866604 0.4087025374174118 0.1073489338159561 0 0 0 0 0 0 0 0 0 0 0 0.1165040507912636 0 571.6066341921687 2.374408528208733 8.5527129098773 0 0 0.3280775099992752 19.38670533895493 0.1306162476539612 1.656499549746513 0 0 0.1915345191955566 0 0.2682068049907684 0 0.1225551143288612 7.05377721041441 0.3960190638899803 0.1104454845190048 0 0.1052949950098991 0 0 0 13.87885225564241 12.7644564807415 210.3402281329036 1344.826594755054 74.17664086073637 10.54584529995918 0 5.127921260893345 0.3407028168439865 4.113294377923012 2.526525288820267 0.1022531390190125 0 0.2461345717310905 0.4409555122256279 0.1022617369890213 104.3829264044762 4.785135447978973 0 103.9859558269382 40.36062943935394 29.20937290787697 6.669980302453041 0.2439759597182274 3.397332906723022 47.29918393492699 0 13.04853689670563 7.490625664591789 1.45611122995615 0.2903554886579514 2.831882625818253 0 0.8763432279229164 0.3283651396632195 0 0 0 0 0.1413305699825287 0.2601465582847595 842.1006424278021 254.9339944571257 0 3.996436357498169 559.607981801033 0 0 0 0 0 29.38935713469982 0 1.956169098615646 146.1087639778852 0.704626202583313 0.1513338834047318 7.022433876991272 3.609613820910454 7.386681094765663 0.1452013850212097 0 0.4771778881549835 0 0 0 0 0 0 0 0 0 0 0 0 0 0 0 0 0 0 0.408664882183075 0 0 0 1.600193537771702 0.9410757422447205 0.2113036662340164 0.7269212603569031 0.2706187069416046 0 0 0 0 0 0 0 0 0.7038796544075012 0 0 0 0 0 0 0 0 0 0 0 0 0 0.4790731966495514 0 0 0 0 0 0 0 0 0 6.983783408999443 0 0 0 0 0 1.343246161937714 1.720247745513916 0 0 0.4720458984375 0.3601857721805573 0 0 0 0 0 0 0 0 0 3.82181903719902 0.9344503432512283 0.4723341464996338 27.42436761409044 5.165938638150692 54.91183181107044 6.598823241889477 1286.60120498389 30.79315882921219 4.186680644750595 2.260099411010742 1.01641434431076 0 2.713153406977654 0 0 0 0 0 0 0
4583.669437021017 0 1741.819098129869 674.4379694014788 2027.838910810649 201.4395828098059 6826.849593557417 315.0313157364726 797.982642903924 572.3166985809803 974.7315238416195 8.456186845898628 772.9646604806185 1256.517650157213 60.73626684397459 3.015062645077705 0.5851881429553032 0.1271992474794388 0 0.2898752391338348 0.2859606444835663 0 0 0 0.5775210782885551 0.1925299465656281 0.417418859899044 0.2043065950274467 0.2690381035208702 0 2395.434900343418 16.96512839943171 38.18851043283939 0 0.2669881358742714 2.292778342962265 20.72292442619801 0.6786046847701073 1.442939788103104 1.011176392436028 0 0.6041401252150536 0 1.206166051328182 0 0.3371112570166588 113.3836759403348 7.73857831209898 0.2275746539235115 0 0.993754580616951 0.138059988617897 0.1119543239474297 0.8699202015995979 82.80042358487844 78.22967208921909 116.8781764060259 1846.532539591193 128.7513014227152 141.0518690943718 0.2194595783948898 39.55537424236536 1.306481026113033 60.76778391748667 16.13153313845396 4.157430410385132 1.144512005150318 0.8603879883885384 1.162848919630051 0.8101287186145782 61.70561151951551 13.35247672349215 0 393.540495082736 163.7208332717419 229.4590595662594 75.83957844227552 5.703017629683018 26.38274721801281 331.2220927402377 0.5914166644215584 93.45034868270159 74.47745872288942 12.38987512886524 2.969424948096275 21.94461141526699 1.322356224060059 0.7500746622681618 2.06634796410799 0.1146197840571404 0.2217169106006622 0.1071449443697929 0.2233647257089615 0.4484681859612465 0.2299894392490387 112.5829761177301 6.60421808809042 0 1.601854100823402 721.0348661243916 0.4190331995487213 0 1.715993762016296 0 0 625.042484909296 0.3329603374004364 3.856139287352562 144.8404622673988 2.316441416740417 0 16.41555580496788 13.39444478601217 14.20123555511236 3.930293574929237 1.007356867194176 0 0 0 0.3075321316719055 0 0 0 0 0.2173643410205841 0 0 0 0 0 0 0 0 0 2.334584511816502 0.1210603788495064 0 0 0 12.15252423286438 0 2.407327562570572 2.080969378352165 0 0 0.1000758484005928 0 0 0.1390333771705627 0 0 1.095128238201141 2.676945626735687 0 0 0 0 0 0.105934239923954 0 0 0 0.1698320508003235 0 0 0 1.392456486821175 0.1886016130447388 0 0.1065318956971169 0 0 0 0.1040367558598518 0 0 25.03871409595013 0.4059881567955017 0 0 0.102774478495121 0.5847385376691818 1.469903945922852 0 1.809395998716354 0 3.411939233541489 0 0 0.1379419714212418 0.161888599395752 0 0.1085469424724579 0 0.1080113053321838 0 0 12.02590769529343 3.99762587249279 5.463325619697571 193.8039338886738 56.38469421118498 685.472978554666 70.24130240827799 1102.06307579577 93.92572855949402 18.07183042913675 25.51840244978666 3.702692255377769 0.307612344622612 8.219667702913284 1.225099369883537 0.9206097722053528 0.6137814223766327 0.1034929826855659 0.6834955960512161 2.31152032315731 0
288.320267893374 1741.819098129869 0 5.765742242336273 293.2820100411773 1.296749070286751 128.3782283589244 3919.938579156995 206.4920708611608 7.183520637452602 4053.373332023621 4.973102085292339 449.3173896595836 796.1913230121136 66.75874871760607 20.06804556399584 4.75956804305315 2.182682931423187 0.7525977492332458 2.19661133736372 2.571073092520237 0.3117791563272476 1.658364541828632 0 8.30750197917223 0.6213446408510208 2.409354202449322 0.2774147167801857 1.378637067973614 0.2960910573601723 3830.011456377804 431.7265099212527 164.8770729675889 5.101236842572689 5.576527111232281 13.57332135736942 81.75974909216166 9.736474581062794 13.68732991814613 10.39736437052488 1.278866693377495 2.549494497478008 1.353241480886936 9.855416983366013 4.373687840998173 13.4282326772809 88.0514934360981 12.99225854873657 4.118796035647392 11.40394204109907 2.687054544687271 0.2565224468708038 2.949984192848206 2.20893456786871 39.68922357261181 37.10514544695616 47.6626787558198 1697.010602168739 62.78972416371107 91.85699527710676 62.3961024209857 481.7313308119774 16.09628586471081 253.5136325061321 9.023627512156963 6.808102630078793 3.733791582286358 15.54966222494841 22.47065511345863 13.47182486951351 119.7734756171703 50.11512065678835 0.8586930334568024 208.5326520577073 244.0136664584279 186.3206640854478 152.4155454188585 10.43279145658016 1078.119345754385 1735.55740467459 308.0775994360447 2781.693227700889 35.31553420424461 7.714046336710453 4.686721213161945 12.53289177268744 21.16588769853115 0.943181075155735 2.406449124217033 0.2041168957948685 1.5853321403265 0.5128257423639297 3.293793223798275 1.680592007935047 2.56220905482769 31.91996595263481 25.65132710337639 2.452845022082329 14.70051606744528 345.1027301624417 0.7833896428346634 0 0.6477620601654053 0 0.3076136410236359 5.653041265904903 0 5.781677171587944 7.936359584331512 0.313519723713398 0 19.84878475219011 15.80695833265781 21.92888797074556 10.6539676040411 6.412403307855129 1.560517460107803 0 0.9746509790420532 0 0.1463690996170044 1.712412476539612 0 0.8939001560211182 1.386557474732399 0 0.3049398064613342 0.1922567933797836 0 0.2114043235778809 0 0.3265767842531204 0.1434672474861145 0 3.864820010960102 3.808499574661255 0 0 0.7219794988632202 41.77816678583622 2.262492716312408 11.83686122298241 14.11838894337416 1.632848024368286 0.1732570379972458 0.1376204490661621 0.189857229590416 1.129869103431702 1.331311196088791 0.1200633570551872 1.743515491485596 3.559389442205429 16.52485501021147 0 0.3157404661178589 0.1991607397794724 0.1183437556028366 1.178293272852898 0 0.3600963354110718 0.7368523478507996 1.275819480419159 1.339096248149872 0 1.218617260456085 0.4228627905249596 3.460312396287918 0.4059087336063385 0.9484743550419807 0.6560991108417511 0 0 0.2212000489234924 0 0 0.5354242026805878 65.20014290511608 17.53352835774422 0 0 0.5478372797369957 3.053358972072601 2.379235312342644 4.396287709474564 1.047733977437019 1.501048870384693 11.34214931726456 3.264475882053375 2.009573072195053 0.1765531748533249 0 0 0 0 0.09980584681034088 0 0 23.21909010410309 21.63395007699728 29.17585857212543 88.07920588552952 42.65945085883141 361.019489467144 54.42869731783867 83.00741928070784 40.49304709583521 7.571121901273727 24.31754378974438 32.68285262584686 2.88258084654808 46.1946562603116 2.461151607334614 10.00720006227493 2.202379070222378 0.1518677622079849 10.24711276590824 1.212389931082726 0
1403.478940159082 674.4379694014788 5.765742242336273 0 13.43419271707535 382.9881988465786 642.7634367793798 0.9802405536174774 17.34746252000332 1293.467718735337 0.3220142275094986 68.50409984588623 674.6557467579842 1.890772365033627 3.585645586252213 0.2109948396682739 0.159110888838768 0.3227414190769196 0 0 0 0 0 0 0 0 0 0 0 0 86.35435566306114 0.1427883505821228 0 0 0 0 0 0 0 0 0 0 0 0.1168660745024681 0 0 6.413998186588287 0.6048667281866074 0 0 0 0 0 0.1198023110628128 6.955516912043095 9.075400002300739 14.24271300435066 186.8660826310515 12.77311128377914 12.0617264509201 0.1840864270925522 0 0.1005369201302528 3.098204553127289 1.492771603167057 0.857176311314106 0.1014866754412651 0 0 0 5.857766300439835 0 0 37.59313657879829 18.12389972805977 20.06562657654285 6.231320813298225 0 0 0 0 0.1866756975650787 6.558318696916103 0.9834401980042458 0.1992323473095894 2.080699428915977 0 0 0.2054283246397972 0 0 0 0 0.3643903806805611 0 272.4768900126219 7.025010824203491 0 0 76.44406723976135 0 2.096235990524292 0.5272953510284424 0 0.198349729180336 6.865812078118324 1.872052133083344 1.357102304697037 15.7352696210146 1.597781658172607 0 13.27296708524227 6.953374207019806 9.093236237764359 0.5971963107585907 0.4640293717384338 0 0 0 0 0 0 0 0 0 0 0 0 0 0 0.1100834533572197 0 0 0 0 0 0 0 0 1.373048141598701 0 0.2141405940055847 0 0 0 0 0 0 0 0 0 0 0 0 0 0 0 0 0 0 0 0 0 0 0 0 0.3992756903171539 0 0 0 0 0 0 0 0 0 11.13942129909992 0.1133403554558754 0 0 0 0 0 0.8813254237174988 0 0 1.23270858079195 0 0 0 0 0 0 0 0 0 0 2.100263327360153 0.8521250337362289 0.1541886925697327 25.81232015043497 7.907478146255016 57.95771017670631 3.898329205811024 562.5193357765675 6.661247685551643 1.475890547037125 3.449121043086052 0.1545089930295944 0 0.615832507610321 0 3.481413155794144 0 0 0 0.1577203273773193 0
322.9700509980321 2027.838910810649 293.2820100411773 13.43419271707535 0 6.425533100962639 1745.922692105174 10.22399486601353 4277.419113278389 73.46130210161209 642.7693482935429 9.66310191899538 1147.135690815747 3664.727772369981 49.36467922478914 5.39003462344408 0.4650971964001656 0.1217508316040039 0 0.2248783335089684 0.2848173528909683 0 0 0.1967070624232292 0.357155054807663 0.6134902313351631 0 0.6426092982292175 0.149402067065239 0 205.0064541399479 18.31428996473551 9.136065617203712 0 0 0.1143635511398315 6.037986069917679 0 0.5984848067164421 0.1214208081364632 0.1206386238336563 0.4891219735145569 0 0.4643669873476028 0 0.1944287493824959 113.5537528172135 5.383364140987396 0 0 0.6176682785153389 0 0.09550675749778748 1.105989821255207 41.26790767908096 44.6836233958602 20.11662089824677 209.5599490255117 38.07211453467607 82.99937923252583 0.08804064244031906 3.681378573179245 0.1152258217334747 38.13549108803272 10.14654925465584 4.167889915406704 1.205894537270069 1.028398729860783 0.4338579028844833 0.2165176570415497 24.73355104774237 11.98196902871132 0 128.3893273323774 63.00876012444496 133.0056006684899 68.85681086033583 2.952051162719727 0.5180583894252777 63.21573299914598 0.09976016730070114 7.04028494656086 50.86358141154051 6.079338125884533 2.45288098603487 12.76419998705387 0.416965015232563 0.2951038479804993 2.008218988776207 0.3258080184459686 1.290477447211742 0.3513058796525002 0.07665318995714188 0.2730701789259911 0.6163118332624435 28.54357162117958 3.780752450227737 0 1.432426944375038 21.80456997454166 0.407943993806839 1.552931189537048 2.402752488851547 0 1.222448416054249 25.15313762426376 0.3226025998592377 12.61612910032272 12.57296632230282 4.548337325453758 3.211210548877716 48.34157095849514 37.88367789983749 48.61378160864115 10.53500912338495 4.303971394896507 0.1231650710105896 0 0 0 0 0.7301269993185997 0 0.1380204409360886 0.1221358105540276 0 0 0 0 0.1406228542327881 0 0 0 0 4.278971910476685 3.978024125099182 0.5409753322601318 0 0 39.51586814969778 0.3889679908752441 4.798753827810287 3.912216432392597 0 0 0 0.227500781416893 0 0.1168798431754112 0 0 3.176630675792694 10.59560827165842 0 0 0 0 0 0 0.3778371810913086 0 0.4180819988250732 0.2619548738002777 0 0 0.2977280914783478 8.549782052636147 1.859761163592339 0.4026519656181335 0 0 0 0 0 0 0 78.81631598621607 3.233500421047211 0 0 0.1046311557292938 1.677918031811714 1.517597556114197 2.846749752759933 1.30281338095665 3.589776359498501 8.02986878156662 0.3780563771724701 3.081680685281754 0 0 0 0 0 0 0 0 18.69310932606459 20.47855627536774 14.12656167894602 214.3775285854936 71.86367128044367 633.8726138100028 87.08486523479223 77.4932623654604 66.71887969225645 14.50596924871206 36.40503780543804 18.13767768442631 0.3742704391479492 23.05341443419456 1.578128322958946 8.317816317081451 1.61053803563118 0.6309355497360229 3.278307721018791 1.208609357476234 0
185.7574738264084 201.4395828098059 1.296749070286751 382.9881988465786 6.425533100962639 0 283.0312594920397 0 5.367452636361122 847.1680637449026 0.502124235033989 74.93632847070694 87.81725227832794 2.772076159715652 0.1649075150489807 0 0 0 0 0 0 0 0 0 0 0 0 0 0 0 6.191974371671677 0 1.849499240517616 0 0 0 15.11198377609253 0 1.427687421441078 0 0 0 0 0 0 0 0.6948797851800919 0 0 0 0 0 0 0 0.1765080392360687 0 59.16333584487438 98.92288210988045 0.4689227342605591 0.1261890232563019 0 0 0 0 0.1049829125404358 0 0 0 0 0 76.88000988960266 4.201269313693047 0 2.058681935071945 0.1048827543854713 0.1450995653867722 0 0 0 1.01386958360672 0 0 0 0 0.1305587589740753 0.1569836884737015 0 0.5102242827415466 0 0 0 0 0 0 0 256.7017171829939 104.7809002101421 0 5.355808481574059 1038.736282810569 0 1.683095216751099 0 0 0 4.643278673291206 0 0.63534015417099 7.137894555926323 0.5066713094711304 0 4.088279336690903 3.395823210477829 3.193047069013119 0.1425220668315887 0 0 0 0 0 0 0 0 0 0 0 0 0 0 0 0 0 0 0 0 0 0 0 0 0.3437453210353851 0 0 0 0 0 0 0 0 0 0 0 0 0 0 0 0 0 0 0 0 0 0 0 0 0 0 0 0 0 0 0 0 0 0 0 0 0.8167765736579895 0 0 0 0 0 0 0 0 0 0 0 0 0 0 0 0 0 0 0 0 0.8685586452484131 0 0.216834157705307 12.13180901110172 0 1.414540313184261 0.2670310288667679 235.5577798485756 0 0.7142804265022278 0 0 0 0 0 0 0 0 0 0 0
1841.89456384629 6826.849593557417 128.3782283589244 642.7634367793798 1745.922692105174 283.0312594920397 0 8.705607995390892 348.5646961927414 3276.36846601218 89.85771874338388 177.9955373257399 4983.204976446927 914.8839667439461 91.7723595276475 8.458391197025776 0.7543452829122543 0.4672508090734482 0.2305391803383827 0.1138289570808411 0.7952934801578522 0 0.11662407964468 0.2427281066775322 0 0.4540470615029335 0.1454692929983139 0.7224929109215736 0.3661854863166809 0.476095974445343 379.8997971117496 26.57553272694349 2.643525123596191 0 0 0 6.731004551053047 0 1.595109134912491 0.1321411430835724 0.986431822180748 2.512605138123035 0 1.571007512509823 0.1319969296455383 0.9923765957355499 215.3265663161874 11.28868675976992 0.1027609184384346 0 1.219106905162334 0.2300756573677063 0 1.374848671257496 86.48682602494955 100.4825523793697 53.52420727908611 681.6975646913052 99.82191064208746 179.8791137933731 0.759812243282795 3.539380334317684 0.1072943732142448 73.57856431603432 23.87196718156338 6.871695749461651 2.220418930053711 1.389642514288425 1.239869877696037 1.142015092074871 42.79919020831585 40.92272327840328 0 322.0931845903397 142.953428208828 285.3595968931913 127.4161610305309 9.189473815262318 0.5487232282757759 12.99536561220884 1.68513461202383 5.899109937250614 99.30911548435688 16.07811883091927 6.467366367578506 32.43672156333923 0.5374244228005409 0.8796008825302124 4.227756470441818 0.1416212171316147 1.532124929130077 0.4492549523711205 0.8002162352204323 0.8871379345655441 2.801382645964622 511.008263528347 22.70140431821346 0 3.178867116570473 73.7056098356843 3.627487242221832 8.365697652101517 2.774781450629234 0 3.218412660062313 149.8032247573137 8.09062534570694 61.13106726109982 106.5651848167181 32.04874290525913 7.741906926035881 291.8263998925686 173.3916262686253 249.0828310325742 41.39086034148932 16.83729016035795 5.226326510310173 0.7634115964174271 0 0 0 0.9562144204974174 0 1.039125308394432 1.01796031743288 0 0.1874242126941681 0 0 0 0 0 0 0 16.86769316345453 16.26141194999218 0 0 0 109.835954554379 0.2304159104824066 14.58815332502127 6.187868244946003 0.455939918756485 0.6909898519515991 0 0.1149854063987732 0.2456095516681671 2.251223966479301 0.2477135509252548 0.2333751171827316 4.658427372574806 33.36280139535666 0 0 0 0 0.9265993982553482 0 1.947832301259041 0.1116672828793526 0 5.283470541238785 0 0 0 34.127790607512 4.681616574525833 3.206367120146751 0.6173988804221153 0 0.150910958647728 0.1398509293794632 0.1369591355323792 0 0.8434465676546097 317.9334162175655 6.80808462202549 0 0 0.3076895475387573 8.405219085514545 5.810950621962547 5.102366879582405 9.429839611053467 9.87367707490921 25.62883899360895 6.287028402090073 11.64910227060318 0.4378249496221542 0.1952599585056305 0 0 0.3531402498483658 0 0 0 122.431901037693 55.17011326551437 58.14245815575123 475.6815818920732 156.3361765965819 1193.64709123224 173.7603440582752 532.0953572764993 134.7641064673662 33.3575227856636 86.86269015818834 46.90758576989174 1.443624198436737 105.314453497529 7.102513156831264 28.34363752603531 9.761862799525261 0 19.1960516422987 5.170065827667713 0
47.85310599207878 315.0313157364726 3919.938579156995 0.9802405536174774 10.22399486601353 0 8.705607995390892 0 6.349160023033619 0.2952130287885666 741.9523015767336 1.677024379372597 78.2376412153244 163.2834823951125 43.81488080322742 7.812679320573807 1.444601774215698 0.7652089893817902 0.5886201411485672 0.9305933713912964 0.9846909865736961 0 0.6986435875296593 0 5.035303890705109 0.08186951279640198 1.42223759740591 0.3401496559381485 0.4136798232793808 0 1014.469720758498 1478.460819028318 87.25031843781471 2.954068101942539 2.392812974750996 8.047395884990692 30.34265191853046 6.58222359418869 4.614871352910995 5.573845259845257 0.6728867143392563 1.28020291030407 0.9530613720417023 3.219271041452885 2.092789374291897 3.167831912636757 65.38823548704386 4.897907540202141 1.142337761819363 5.737590111792088 2.761498689651489 0 0.9824438244104385 0.784886471927166 15.9792172908783 18.49789190292358 16.98185437917709 300.8587033823133 25.41312459111214 49.7530864328146 63.02041420340538 372.3812608122826 9.187503032386303 162.066486954689 2.360278829932213 2.474279701709747 1.466929912567139 6.462115913629532 9.921994037926197 7.599352307617664 32.54449608922005 6.323894776403904 0 91.52592191845179 67.99445191025734 111.30820928514 91.35737271606922 5.962099455296993 908.9461705163121 1453.202115491033 494.0910766199231 3326.011159561574 22.27379371225834 2.588096529245377 1.903275661170483 5.365947537124157 7.698073454201221 0.1751334518194199 0.970263697206974 0.2829235196113586 1.086351402103901 0.1937252432107925 2.024087771773338 0.2193930372595787 1.805043622851372 7.505021452903748 3.532538317143917 0.5526087582111359 4.104576498270035 46.56382722407579 0.3474734425544739 0 0 0 0 1.58381974697113 0.4945704638957977 1.271140873432159 0.4022336155176163 0 0 3.345336087048054 0 1.453495606780052 1.260406970977783 0.6344916820526123 1.542589128017426 0.1785264611244202 0.1896202862262726 0 0 0.3763337433338165 0 0 0 0 0 0 0 0 0 0.1738704144954681 0 0 0.2110525518655777 0.539838433265686 0 0 0 2.621530964970589 0 0.3393535912036896 2.153225183486938 0.1181487888097763 0 0 0 0 0 0 0 0 1.303657323122025 0 0 0.3928706645965576 0.1060320660471916 0.6707309484481812 0.1466908901929855 0 0 0 0 0 0 0 1.130958557128906 0 0 0 0 0 0 0 0 0 4.818686112761497 1.262292876839638 0 0.08742276579141617 0.2299982011318207 0.375689834356308 0.1572425961494446 0 0 0.7468520998954773 0.1212572678923607 0.703701063990593 0.1209637522697449 0 0 0 0 0.1011857241392136 0.09017837047576904 0 0.1450409889221191 1.928086325526237 1.100115180015564 4.803554773330688 41.49486023187637 22.01085851341486 242.3002109378576 27.25501093268394 17.70550364255905 21.35137909650803 4.824883878231049 13.28347407281399 3.409694500267506 0.472596287727356 5.607885338366032 0.1073738485574722 4.438574492931366 1.181408047676086 0 0 0.2393823266029358 0
28.28270292282104 797.982642903924 206.4920708611608 17.34746252000332 4277.419113278389 5.367452636361122 348.5646961927414 6.349160023033619 0 157.3953010439873 1493.125705197453 18.25107222795486 2305.565310314298 6769.644493252039 35.37274026125669 5.750205814838409 0.2267794162034988 0.2345404475927353 0 0 1.207412235438824 0 0.1130851730704308 0.2608132064342499 0.2590821906924248 0 0 0.1294900178909302 0 0.1646811217069626 66.85741042345762 21.81582568585873 5.220758117735386 0 0.1178383752703667 0.4753414392471313 4.392074771225452 0.2541118636727333 1.310414716601372 0.855324350297451 0.2003682255744934 0.6437165811657906 0 1.281025990843773 0 0.7014508321881294 68.22470874339342 1.464809946715832 0.2089382186532021 0 0.8342446461319923 0.2285843789577484 0.1713155061006546 0.4559397175908089 16.13053426146507 13.58054378628731 7.137394867837429 51.05926924198866 12.26842537522316 36.19100988656282 0 5.87219263613224 0 30.18475419282913 4.30626866966486 1.983299091458321 0.8583949655294418 0.5488406494259834 0.4896785020828247 0.8028928264975548 34.00689479708672 31.94654765725136 0 45.26152197271585 18.47834242135286 60.25108992308378 49.3921837285161 5.84913707524538 0.3451127111911774 59.44193512946367 0.4878969192504883 8.169272594153881 19.00565813481808 2.523623675107956 1.149806395173073 4.733922570943832 0.2586241289973259 0.1901858747005463 1.402343288064003 0.1460064351558685 0.3782719299197197 0.381740540266037 0.3785776719450951 0.2201933115720749 1.30784747004509 94.66415265202522 12.13840088248253 0 3.474040195345879 6.034577593207359 1.463604941964149 1.792839452624321 2.568418473005295 0.9862045645713806 2.980042964220047 59.79906938970089 1.231730610132217 37.78757102787495 47.428082883358 12.81825363636017 3.155268259346485 145.755936704576 79.82313559949398 128.8607651293278 18.86039566993713 8.502661541104317 1.338971570134163 0 0 0.2023580968379974 0 0.5394519567489624 0 0 1.012168854475021 0 0 0.1688423156738281 0.136928379535675 0 0 0.1380323022603989 0 0 11.65449500083923 9.630856469273567 0 0 0 74.17294348031282 1.909143179655075 16.23559980094433 5.659452699124813 1.109816610813141 0.4543011784553528 0.174281120300293 0.1856588274240494 0.2144678980112076 0.5206174254417419 0.2306918278336525 0 3.933606430888176 20.4321109727025 0.1048426553606987 1.181250795722008 0.3229938447475433 0 0 1.115339882671833 1.456698775291443 0 0 1.214211992919445 0 0 0.2168550193309784 10.26859463751316 0.4330597966909409 3.148332200944424 0.1549331843852997 0 0 0.2311089187860489 0 0 0.4024041742086411 158.727399379015 5.687808334827423 0 0 0.09992204606533051 8.755982808768749 1.325905807316303 2.283634841442108 3.640529185533524 4.360285773873329 15.8922418281436 2.592320337891579 4.984527491033077 0.2046834677457809 0 0 0 0.2019341960549355 0 0 0 53.95719677209854 32.13702449202538 29.45241284370422 186.6624773815274 50.79268224537373 387.5311689153314 79.95909354835749 44.72298915684223 41.04151552915573 9.808227024972439 52.28455498814583 31.8029463738203 1.38680100440979 70.5006630346179 5.084358423948288 14.34198287129402 7.208330370485783 0.1528273820877075 16.52930976450443 1.040271207690239 0
2433.841737881303 572.3166985809803 7.183520637452602 1293.467718735337 73.46130210161209 847.1680637449026 3276.36846601218 0.2952130287885666 157.3953010439873 0 1.669364809989929 765.8452100232244 5222.535037994385 8.410588316619396 8.059372112154961 0.9408992156386375 0.1264929920434952 0 0 0 0.3533795773983002 0 0 0 0.1330214440822601 0 0 0 0 0 73.49547097831964 5.594308577477932 0.981668695807457 0 0 0 16.51005063951015 0 0.9798701778054237 0 0 0 0 0.5723032802343369 0 0.1552986800670624 9.623956374824047 0.3096817806363106 0 0 0 0 0 0 6.157136470079422 6.819749861955643 15.05962066352367 186.8621838241816 12.11192967742682 9.84502174705267 0 0.9754630029201508 0 6.078532993793488 1.397043310105801 0.08805167675018311 0 0.4362129047513008 0 0 113.264756783843 16.29016891121864 0 39.17427638173103 14.74073249101639 19.16011146456003 8.628007411956787 1.528478294610977 0 0.7357754185795784 0.1072611138224602 0.3331151902675629 6.597896210849285 0.8818691149353981 0.07727859169244766 2.261538296937943 0.2761226147413254 0 0 0 0 0 0.1073869168758392 0 0.1022478118538857 1857.688054233789 26.68318629264832 0.1620208024978638 0.5246016532182693 158.2846753671765 0.2799930274486542 16.64961569011211 8.566427767276764 14.68619495630264 2.118637233972549 147.1335808634758 26.64062371850014 59.46280386298895 141.2940279245377 77.31834983080626 6.271777734160423 336.6773147806525 280.9476691186428 315.4111175015569 22.63497830182314 6.937960721552372 0.1839242726564407 0 0.1091441735625267 0 0 0.1945682168006897 0 0 0.7685595080256462 0.1208280473947525 0 0 0 0 0 0 1.045572817325592 0 9.046153105795383 3.60569816827774 0.215588852763176 0 0 62.32749260216951 0 12.46760995686054 5.667733654379845 0.2729794681072235 0.3117781654000282 0.4536033868789673 0.1702256947755814 0.3740737736225128 0.5901589766144753 0.1277765333652496 0 4.894499644637108 15.04126438498497 1.501966655254364 0.7752819657325745 0.3318802416324615 0 0.3163295984268188 0 0.5637986436486244 0.08769336342811584 0 2.326729409396648 0.9313171803951263 0.1033068597316742 0 6.773648783564568 0.6860537528991699 1.659694314002991 0.3435297608375549 0 0 0.1147248074412346 0 0 0.1827728748321533 216.4162702932954 4.057473257184029 0 0.37355637550354 0 5.139139384031296 3.410892173647881 3.610743165016174 4.910562589764595 4.897191591560841 17.21872950345278 2.374795474112034 1.755777321755886 0 2.609646558761597 0.4195975363254547 0 0 0 0 0 140.8800139725208 20.15175151824951 18.19179828464985 75.97294218093157 9.03897600620985 69.38287077099085 13.80969479680061 741.9080621302128 13.57009909301996 1.901319153606892 18.43543946743011 23.51414211839437 2.67258482426405 41.6897569745779 4.810985796153545 40.72068746387959 6.634147115051746 0 11.03376277536154 0 0
92.35859869420528 974.7315238416195 4053.373332023621 0.3220142275094986 642.7693482935429 0.502124235033989 89.85771874338388 741.9523015767336 1493.125705197453 1.669364809989929 0 5.919551521539688 2108.936489634216 6561.745388247073 73.25531481951475 12.39199600368738 1.161964878439903 0.2128367051482201 0 0.7700280174612999 0.8955531492829323 0 0.2945351600646973 0.1870312467217445 3.269073128700256 0.773987665772438 1.051956743001938 0.4927911758422852 0.5358507037162781 0 635.5706772431731 180.8763689622283 201.7083579599857 0.1190195828676224 2.333515532314777 6.280964054167271 145.7921985387802 3.985697962343693 4.06368599832058 4.329902932047844 0.3737546429038048 1.636443413794041 0.2015523836016655 2.015610076487064 0.4898778051137924 1.878878727555275 142.1750675588846 8.067375645041466 0.5537747368216515 0.1224871948361397 1.596467941999435 0.1324700564146042 0.9425642788410187 1.72146425396204 37.56515651196241 41.02391418069601 22.27505142241716 250.546203315258 39.65236287564039 84.1844497025013 1.13368508964777 192.6768960729241 6.496742412447929 69.35199778527021 11.36537681519985 5.356414929032326 1.027695961296558 4.796660095453262 3.043277956545353 3.005081370472908 228.4276221320033 5.899678431451321 0.09620264172554016 122.7462020292878 70.22735979408026 157.9819648042321 125.9784698411822 11.28667100518942 220.6414086148143 2590.965674951673 5.379988022148609 545.4231720492244 44.60304367542267 4.723717056214809 4.809804424643517 14.52162307500839 1.370769694447517 0.6633586212992668 2.91444355994463 0.3016292899847031 0.8170294985175133 0.5642765834927559 1.124135248363018 0.3086591735482216 1.560816414654255 8.67680236697197 4.57996242493391 0 3.481040976941586 35.82587713748217 0 0 0.1914535313844681 0 0 2.684471450746059 0 4.444654308259487 2.977202363312244 0.9958987087011337 0 10.78155577927828 6.038791231811047 9.534301720559597 4.678083688020706 1.610453307628632 0.4756971895694733 0 0 0 0 0 0 0 0.3823583871126175 0 0 0 0 0 0 0 0 0 1.132088027894497 1.390797279775143 0 0 0 12.57991544902325 0 2.151373475790024 0.4524796828627586 0.08860364556312561 0.5961268544197083 0.1529814004898071 0 0 0.1932536363601685 0 0 0.5422303229570389 1.222172975540161 0 0 0 0 0.5271626934409142 0 0 0.4420112818479538 0 0.1528554111719131 0 0 0.2432603985071182 2.253149747848511 0 1.095606863498688 0 0 0 0 0.1057139337062836 0 0.1240100488066673 19.75317591428757 2.396178290247917 0 0.08044075220823288 0 1.782135546207428 0 0.8405205905437469 0.4717994928359985 0.5635681301355362 2.066186621785164 0 1.420112587511539 0.1684882640838623 0 0 0 0.08849355578422546 0 0 0 7.033113658428192 6.147652626037598 6.87514366954565 156.7470240741968 75.22030430287123 588.9656023830175 97.30046175420284 50.35556980967522 55.09976506978273 14.78255864232779 34.73525448143482 2.588368058204651 0.8157258257269859 9.348036624491215 0.6812665686011314 3.333607137203217 0.4235545545816422 0.9708265662193298 2.10071063041687 0.8884330913424492 0
44.46646223962307 8.456186845898628 4.973102085292339 68.50409984588623 9.66310191899538 74.93632847070694 177.9955373257399 1.677024379372597 18.25107222795486 765.8452100232244 5.919551521539688 0 969.2599273771048 5.431740984320641 9.351870641112328 5.117482259869576 0.2573608532547951 0.2114866822957993 0 0 0 0 0 0 1.372880265116692 0.1113547161221504 0.7521029114723206 0.101274847984314 0 0 3.252062991261482 3.475906200706959 6.641483530402184 0 0.9592299461364746 1.801646903157234 34.28641211986542 0.8703588768839836 5.157031573355198 7.521354682743549 0.1851065754890442 0 0 1.706599667668343 0 1.021966218948364 6.548740342259407 1.14926078915596 0 0 0.7490619868040085 0 1.152298212051392 0.09621267020702362 0.796075664460659 0.647417351603508 1.219369471073151 4.667282700538635 0.5640520453453064 1.517910838127136 0.5469992607831955 1.61975434422493 0 5.108344227075577 0.08702652901411057 0.08402836322784424 0.2271729037165642 0.5073923766613007 0.7212761417031288 0.607892781496048 195.1843007653952 19.17744134366512 0 3.347581520676613 2.964261472225189 5.924158193171024 13.4738629385829 4.496144130825996 0.3936849609017372 2.354585587978363 0.7739662751555443 0.2782318145036697 0.8591043949127197 0 0.1070936620235443 0.4398460388183594 0 0.1504958122968674 0.1980146020650864 0 0.2379012927412987 0 0.5732435584068298 0.542683482170105 0.1543758660554886 1429.79862472415 7.536231532692909 0.8041731417179108 2.182818487286568 15.13801711797714 0.3570860922336578 3.856561124324799 2.669311046600342 0.8652256280183792 1.55981619656086 65.06685372442007 16.58844524621964 32.91261901706457 50.57946801930666 36.56921742856503 1.868534624576569 176.2282442077994 133.8234124779701 184.9678388908505 18.36719373613596 2.306388564407825 0.1076212227344513 0 0.2528913989663124 0 0 0.2474002540111542 0 0 0.3171596303582191 0.1290108859539032 0 0 0.2860892489552498 0 0 0 0 0 8.821578219532967 5.151209197938442 0 0 0 55.98948276042938 0 3.205555602908134 1.547047264873981 0.4500400796532631 0 0 0 0 0.2987206876277924 0.09915930032730103 0 0.9705184176564217 9.220282442867756 0 0 0.2519793212413788 0.1474801301956177 0 0 0.6157287731766701 0 0.3308466076850891 0.4757538735866547 0 0 0 8.18005158752203 0.2799078971147537 0 0 0 0 0 0 0 0.3190153390169144 187.58687107265 1.537021517753601 0 0.3031389713287354 0.9534625485539436 4.332745090126991 0.9840827733278275 1.421174943447113 1.2945786267519 4.109456405043602 6.798479996621609 1.449587978422642 1.297401778399944 0.1054309532046318 0 0 0 0 0 0 0 138.3057771548629 29.84366858005524 12.50766068696976 37.84264973551035 8.251236379146576 50.52105379849672 14.40622788667679 39.91306086629629 3.673452064394951 1.375315211713314 18.2539304420352 7.3874791264534 0.9346183836460114 20.21605788171291 1.685836382210255 7.655791565775871 1.48399705439806 0.6067162156105042 5.465447805821896 1.604744553565979 0
167.4086004048586 772.9646604806185 449.3173896595836 674.6557467579842 1147.135690815747 87.81725227832794 4983.204976446927 78.2376412153244 2305.565310314298 5222.535037994385 2108.936489634216 969.2599273771048 0 1587.445935055614 165.403768338263 58.89673537015915 5.094851776957512 0.2904329895973206 0 1.136679790914059 1.258749671280384 0 0.6983096525073051 0.1062060445547104 14.81473740935326 1.784482151269913 2.867917492985725 0.6200935393571854 0.8729789927601814 0.3500909730792046 162.500194080174 111.5565345361829 97.61385974287987 1.698613062500954 4.087320856750011 35.12317346036434 163.7277532815933 18.19667987525463 44.55708905309439 45.42471043765545 1.123239405453205 2.552190028131008 0.1134557500481606 21.85183982551098 1.031705655157566 11.15926459431648 169.1940998882055 9.111674383282661 1.357602901756763 0.7356956675648689 5.246031612157822 0.6922236084938049 6.859093360602856 2.949310176074505 22.75610243529081 28.38480196893215 14.40981741994619 105.0113393366337 27.37131814658642 59.51982571929693 4.528099954128265 41.12899418920279 15.01806049048901 134.2437933832407 6.83859933167696 7.95507675409317 3.158640824258327 6.688394650816917 8.705168336629868 4.11549586802721 714.255010381341 71.22676232457161 0 82.92087100446224 56.24291606247425 135.9805299118161 236.3300020173192 68.93167193233967 14.24957944452763 176.2623413428664 6.986087463796139 66.59934529662132 29.96693813055754 4.006523996591568 3.776366479694843 13.51454309374094 3.087834648787975 0.6839460134506226 5.232312172651291 1.13414940237999 2.215988129377365 1.49204932898283 2.195945724844933 2.757201381027699 5.346808418631554 3270.10964012146 40.18843995779753 2.395668290555477 27.75629441440105 35.07222674787045 5.219243846833706 11.83420903980732 9.938423216342926 2.413078218698502 5.88392961025238 240.3066490218043 24.38871110230684 123.0918512791395 209.9249923229218 104.7082941606641 16.0761788636446 652.2411033958197 503.9639390781522 627.5026000365615 81.67757820338011 21.0638737604022 4.874045714735985 0 0.7727919593453407 0 0 1.005299754440784 0.2979617714881897 0.3354619964957237 1.32445765286684 0.2197740375995636 0.265075147151947 0.384136937558651 0.471963495016098 0 0.2610422447323799 0.5054797977209091 0 0 36.77764285355806 20.81425982713699 0 0.3035100698471069 0.1477571874856949 244.1520814523101 0.5738298892974854 28.78667367994785 15.28991016745567 1.511750236153603 0.5954480022192001 0.8555837124586105 0.4426078051328659 2.119459815323353 2.839454784989357 2.330588288605213 0 11.31235549598932 51.92148404568434 0.1285697519779205 1.236714147031307 0.6056931242346764 0.2442589104175568 0.7924633249640465 0.553430587053299 3.873242348432541 0.2045490145683289 1.097353801131248 6.937940813601017 0 1.279499493539333 0.3557158038020134 38.20726607739925 3.020696729421616 4.398609958589077 1.566300481557846 0.1115554124116898 0.2906016111373901 0.6174754276871681 0.1003315597772598 0 1.341079257428646 882.9945175945759 15.26606520265341 0 0 1.741095922887325 17.54901853948832 6.594257988035679 7.359827972948551 13.80687362700701 13.83906104415655 38.09603552520275 11.43429432064295 5.68305292725563 0.3898894786834717 0.3547253012657166 0 0.3909557014703751 0.7284485995769501 0 0 0 505.6959035098553 152.6709423437715 79.91771038621664 419.4852905720472 180.7978198453784 832.7538144290447 225.5260127335787 121.9805383235216 98.64613475650549 23.11475238204002 165.7133633494377 57.18360310047865 5.209003947675228 142.9869341775775 8.38553174585104 44.02052725106478 12.94281791895628 4.92945185303688 19.36148028820753 6.113456562161446 0.5195789188146591
53.50234212726355 1256.517650157213 796.1913230121136 1.890772365033627 3664.727772369981 2.772076159715652 914.8839667439461 163.2834823951125 6769.644493252039 8.410588316619396 6561.745388247073 5.431740984320641 1587.445935055614 0 88.6356400474906 33.2354708686471 3.621765859425068 0.6956918239593506 0.4423737451434135 0.547647625207901 1.148495361208916 0.6753265559673309 0.5301851108670235 0.2459984794259071 24.51964630931616 1.271770887076855 3.256196744740009 0.6810070276260376 1.210989214479923 0.08361528813838959 178.3914876952767 79.21571622043848 242.4760652333498 1.908584974706173 3.53343440592289 180.7264209017158 358.4842607602477 111.8815231472254 67.17034982144833 147.0889537408948 1.679711803793907 2.748024001717567 0.1264208108186722 14.83614864945412 2.35058031976223 7.230928279459476 99.58011014759541 4.275099121034145 1.534023858606815 1.081541135907173 5.424156501889229 1.526412971317768 6.914804749190807 2.055973269045353 17.36212043464184 19.06252523511648 8.462977297604084 90.53367092460394 22.50141635537148 37.6938469260931 4.621744252741337 103.9438390135765 16.83656311780214 73.46034373342991 5.636913284659386 4.406211718916893 2.130860403180122 6.914047941565514 7.512971967458725 6.588961228728294 203.2910728529096 30.3984560072422 0.2327528297901154 59.94682534784079 41.28853057324886 82.97044471651316 121.9981217235327 32.26043239235878 35.60558868199587 682.5926401764154 6.917637541890144 175.2777569070458 22.67171344161034 3.003447160124779 2.655474536120892 9.3442397788167 3.137734241783619 0.5891199186444283 2.356019020080566 0.5467782840132713 0.6526858285069466 1.125416055321693 2.168887913227081 3.053521797060966 4.814557082951069 113.8299018889666 15.21728032827377 0.91551773250103 16.35346432030201 10.39769947528839 0.1351055800914764 0.8770575970411301 2.069731295108795 0 0.6765551194548607 40.46697167307138 1.854513719677925 22.83102741837502 31.45658468455076 10.647267177701 2.521668717265129 93.17711915820837 53.48732682317495 86.54092134535313 19.95110397040844 8.538665801286697 0.88028334826231 0.3712478876113892 0.7979860827326775 0 0 0.5033564269542694 0 0 0.2607831507921219 0.357849583029747 0 0 0.5139290988445282 0 0 0.2644427493214607 0 0 8.121581740677357 3.959394440054893 0 0.1770815700292587 0 55.3611311763525 0.5776888877153397 8.412107616662979 8.247917704284191 1.020324572920799 0 0.3136210888624191 0.1247253715991974 0.8999796137213707 1.016404844820499 0.1331355422735214 0.1259733140468597 6.253736644983292 19.94753982871771 0.103192001581192 0 0 0.2402731403708458 0.2176562994718552 0 0.3844806402921677 0.1045114547014236 0.254942774772644 2.82261098921299 0 0.2460199967026711 0 8.66317904740572 0.9917974397540092 0.8749769255518913 0.2863794788718224 0.1073943823575974 0 0.5814982876181602 0 0 0.1432768553495407 146.5812569782138 4.448014870285988 0 0.1016920357942581 0.6287003606557846 6.428753435611725 3.106494680047035 1.291431441903114 2.742637358605862 3.160314209759235 14.46817380189896 1.826889663934708 2.916141018271446 0.09554850310087204 0.1462349444627762 0 0 0.2846512049436569 0 0.1940412819385529 0 54.48248935490847 33.98352485150099 19.23567529767752 191.6410288587213 86.9542305059731 509.5300711914897 119.8497254624963 40.49801634997129 54.68479339033365 16.5998631939292 79.35972777754068 19.36885569989681 0.2883190289139748 34.71698542684317 4.200538970530033 10.36576007306576 1.444630041718483 0 7.424546450376511 3.160778157413006 0
