0 4847.106836102903 791.3697031885386 1878.209656789899 384.8019730746746 295.187283411622 764.081294208765 597.6219291910529 56.80937982350588 1621.27788348496 1127.151777908206 4.210114628076553 163.9181814417243 227.5132567286491 2.665271386504173 0.3159754946827888 0 0 0 0.1335793137550354 0.7049839571118355 0 0 0 1.324806809425354 0.09359386563301086 0 0 0 0 479.3361091390252 40.40252617001534 36.40832407772541 0 0 5.36730432510376 52.6698632389307 6.398304462432861 14.27650681138039 2.616499692201614 0 0.2830670028924942 0 0.5878516957163811 0 0.2609152123332024 14.35997318476439 4.939936473965645 0.09392069280147552 0.4717374891042709 3.808269500732422 0 0 0 2.058884918689728 1.400862045586109 278.6929967328906 1599.743280179799 27.13879190385342 9.660077758133411 9.324879124760628 59.85966531187296 1.019612669944763 4.214222520589828 5.488928884267807 1.627837993204594 3.890300206840038 4.806471474468708 1.247853972017765 0.8731623515486717 40.76980795711279 15.20453118532896 0.3474130928516388 243.0026237890124 8.74085957556963 8.466010838747025 8.902701109647751 1.749997615814209 2.760917216539383 253.8246384933591 3.18715638667345 58.23050113767385 12.16534743458033 0 2.002296537160873 5.909669153392315 0.816346786916256 0.6052049472928047 1.505620777606964 0 1.018738850951195 0.1937563493847847 0.5725020319223404 0.119319885969162 0 80.41294546425343 16.3056588768959 0 12.80187108367682 677.2510614469647 8.483623951673508 4.119216322898865 0.7942462563514709 0 0 4.011829644441605 5.730637609958649 11.25773274898529 0.2169064879417419 10.36514014005661 3.810437709093094 17.55191688239574 5.987811028957367 5.01051190495491 3.141954123973846 1.036757081747055 0.4413104951381683 0 0.6179121434688568 0 0 0 0 1.103613659739494 0 0 0 1.737762928009033 1.064978420734406 0 2.292945206165314 1.482982575893402 0.2300831452012062 0 2.524458527565002 0 0 8.966451555490494 4.387756824493408 34.19551953673363 14.16060177981853 26.52351640164852 26.93161395192146 10.84617524594069 0.4829680919647217 0 0 0 0.5447232723236084 2.582667768001556 0 3.359893292188644 4.435243651270866 0.5950580239295959 0 0 1.780983716249466 0.1312481611967087 0.3130257427692413 0.4210074543952942 0 3.30707598477602 13.01650911569595 0 0 4.861185848712921 4.502227604389191 1.569620013237 1.002615630626678 0.5911674052476883 0.5569013655185699 0.1508399546146393 0.2325399816036224 0 0 0 6.404040321707726 2.604206562042236 0 0 0 1.188616514205933 2.59775498509407 2.242111802101135 13.90922740101814 10.77226561307907 11.023243278265 5.289376586675644 0.8723268210887909 1.122298806905746 0 0 0 0 0 0 0.09994911402463913 0.7957813143730164 11.6604133695364 24.5557287633419 217.1891851425171 8.990566365420818 61.32896728813648 24.07789827883244 734.2617041021585 17.34728087484837 0.23343276232481 3.206573113799095 15.20236144959927 0.3297190964221954 14.62604906409979 7.533168666064739 14.12887811660767 0 0.2239368185400963 1.757796838879585 0 0
4847.106836102903 0 1392.774056196213 1998.553608559072 1727.945738598704 509.8980390653014 1621.241445563734 772.3661724030972 332.6016998514533 1074.359701886773 1911.68478217721 4.015497148036957 445.4456718638539 905.3433141857386 21.96919398009777 1.785776570439339 0.615877129137516 0.09256520122289658 0 0.1227211877703667 0.8317247629165649 0 0 0 0.3773825168609619 0.6233520358800888 0.3061514347791672 0.2027033045887947 0 0.1539417952299118 2140.433854959905 43.66468986868858 107.5299001559615 0.14227294921875 0 2.677508175373077 102.7984624505043 4.789370328187943 24.16162548959255 3.413559190928936 0.391740471124649 0.8003639429807663 0.2786082327365875 1.591399900615215 0.1029147505760193 0.2005515992641449 115.6908011808991 25.52456769347191 1.842460915446281 1.461902216076851 13.09598459303379 0 0.300196498632431 0.1252552717924118 5.879564695060253 5.14965944737196 97.75316237658262 1056.242059007287 40.74715484678745 44.22598454356194 16.88749448955059 133.4613633602858 0.2721961438655853 46.30313571542501 23.45388797670603 11.28356459736824 18.04818820208311 20.31043595820665 1.786141350865364 2.690492153167725 60.2623677700758 21.05319707095623 0 397.2978069186211 90.84797988831997 103.5277341082692 61.98452590405941 5.073315359652042 1.94541984796524 394.0216382965446 4.523710124194622 100.6235712170601 35.8445718511939 0.5130738615989685 6.171759217977524 24.11108805984259 8.07075023651123 0.3695218488574028 7.444108195602894 0.09446863830089569 2.559147387742996 0.5706841349601746 0.6916305124759674 0.9386415332555771 0.1230063214898109 12.68162225186825 8.656202048063278 0 17.43208819627762 490.6416407078505 12.86247596144676 8.127729535102844 1.75692130625248 0.6927058324217796 1.848726004362106 14.33156488090754 1.841025471687317 29.93885837495327 8.83027845621109 38.00560355186462 15.07739546895027 33.20598860085011 13.70100584626198 4.542795032262802 6.297824174165726 1.617026850581169 2.312833711504936 0 0 0 0 0 0 0.4676026105880737 0.3569981157779694 0 0.2705112397670746 2.091326311230659 2.316108167171478 0 0 1.358742885291576 0.4608001708984375 0 18.87842667102814 0.3477650582790375 0 7.55441603064537 4.038581937551498 68.7096544355154 27.83564680069685 70.22133953869343 37.36649475991726 19.88090486824512 0.8071355223655701 0.2909355163574219 0 0 2.009290754795074 0.7060667276382446 0 13.359664067626 6.364270225167274 1.676847487688065 0 0 4.088049173355103 0 0.3190709352493286 0.8156713843345642 0 2.487736687064171 33.90609662979841 0 2.323544025421143 3.827011168003082 18.40362466871738 11.51653969287872 5.34293856471777 0.5008818507194519 1.29257657378912 0.8099283501505852 0.08632150292396545 0.5626945048570633 0.08777080476284027 0.3921068608760834 20.77843607962132 7.779102116823196 0 0 0.5586688593029976 0 6.371115505695343 3.254572600126266 20.72285170853138 25.26826584339142 19.94009806215763 13.37483754754066 3.635834246873856 2.284412078559399 0 0 0.1858105659484863 0.7829399704933167 0.2686730027198792 0.2940417155623436 0 4.250239759683609 21.29330207407475 45.20326471328735 132.5363397300243 36.72019453346729 285.2605836167932 54.1584552899003 755.1363740116358 36.64088141918182 4.131237588822842 24.47208737581968 20.92288526892662 2.212896816432476 36.31437794864178 12.25913120061159 9.271767854690552 0.8837400674819946 0.4068280905485153 1.33214858174324 0.8310558870434761 0
791.3697031885386 1392.774056196213 0 23.57491908967495 1595.543098896742 38.34630842506886 279.9168621301651 1908.999925665557 632.9689858406782 61.21782256662846 2651.588175825775 1.385708004236221 125.8535912260413 735.4754558354616 13.20557803660631 2.240084931254387 0.8293087035417557 0.5228791013360023 0 0.9620225876569748 3.775191865861416 0 0 0 0.8458591178059578 0.3569710105657578 0 0.2792628258466721 0 0 2253.106320738792 118.3786156997085 124.6637615561485 0 0 2.018826827406883 195.5794684663415 8.096150875091553 41.5743028819561 2.954529322683811 2.178625024855137 2.677774615585804 2.484833218157291 1.480823837220669 0 0.08522774279117584 56.2584902793169 7.415754951536655 0.5560925975441933 4.642513088881969 7.288308933377266 0 0.5930306911468506 0.08788269013166428 0.6084214970469475 1.051601596176624 20.69356802105904 212.4681117609143 9.081651896238327 14.2952332124114 50.88177276402712 164.2700138688087 1.00277653336525 41.80940639227629 5.066981509327888 5.974927984178066 5.822892032563686 17.28440928459167 16.71040014922619 19.40941017121077 104.6668953225017 42.52008400857449 0 110.8759515210986 37.28571340441704 43.89944505691528 44.62042260169983 6.243862830102444 18.13273506611586 1257.716085404158 18.75329279154539 266.808180898428 9.500836722552776 0 1.031978279352188 6.565661385655403 6.193238742649555 0 1.542327150702477 0.1113853603601456 1.426759913563728 0.4198265448212624 6.21150153875351 1.193802401423454 0.8835956007242203 6.461605876684189 26.78968967497349 0 31.15591685473919 101.9385833218694 26.12217015028 4.7104671895504 0.4353188574314117 0 4.58328515291214 18.73501138389111 0.1778336763381958 31.69749662280083 11.24877938628197 34.79072108864784 15.89529357850552 27.4227205067873 6.888352602720261 6.905201986432076 17.30078859627247 5.995906576514244 2.098770141601562 0.2328360974788666 0.799562394618988 0 0 0 0 0.9012455940246582 0.2516289055347443 0 0 6.640403524041176 4.725781470537186 0 0 0.5329289734363556 0.8556614816188812 0.128136545419693 22.50216045975685 0.2112209051847458 0 8.864431381225586 12.14060540497303 108.6157003343105 58.48156562447548 94.71352018415928 74.51067187637091 30.92861959338188 0.6172586679458618 0.9434180110692978 0 0 1.446808815002441 0.523865133523941 0 18.93296226859093 9.539091005921364 1.950877025723457 0.7891600131988525 0.1179032623767853 6.153652191162109 0 0 2.580990895628929 0 6.895961225032806 68.10111174732447 0 2.061176538467407 5.930500060319901 21.56438142061234 23.32539412379265 6.354639649391174 1.724757559597492 1.178114630281925 1.73070427775383 0.1421955972909927 0.286071315407753 0.1094571724534035 0 30.9036151021719 9.451443016529083 0 0.2989627718925476 0.08756278455257416 0 3.542252987623215 1.681403458118439 38.13982636481524 57.4219004958868 23.00794942677021 17.56370201706886 5.410095080733299 3.621739245951176 0 0 0 0.2548472955822945 0.8693593218922615 0.1141668707132339 0 2.161512404680252 36.12019398808479 76.0117019712925 82.1108149215579 21.15635395795107 128.9810188487172 25.63434354960918 53.70175014436245 16.06165271252394 0.9585456177592278 24.73130428045988 18.97678606212139 5.128835931420326 68.50416606664658 13.86779745668173 8.180570125579834 1.433418810367584 0.6802468448877335 6.532330453395844 0.3598683178424835 0
1878.209656789899 1998.553608559072 23.57491908967495 0 366.5988294258714 584.2062232494354 273.2464627325535 2.814247980713844 142.1571946814656 601.4262315258384 11.06121978163719 4.853220403194427 485.5124157071114 76.11692397296429 0.2186714559793472 0 0 0 0 0 0 0 0 0 0 0 0 0 0 0 221.2072476148605 0 1.246281504631042 0 0 0 9.104723736643791 0 1.31260746717453 0.315292626619339 0 0 0 0.09551248699426651 0.1133384332060814 0 9.848096109926701 3.408407263457775 0.2898524478077888 0.133902981877327 1.399257183074951 0 0 0 1.688258722424507 2.32399932295084 52.7953589707613 324.4393284767866 14.10026831924915 3.552070178091526 0 0.1439749598503113 0.103903241455555 0.5663920044898987 3.7364232391119 1.562955662608147 3.726463943719864 2.516241244971752 0.1926252022385597 0 4.906434193253517 0 0 117.4078861996531 8.032531201839447 7.075926624238491 3.178100354969501 0.3470491021871567 0 0.7769004330039024 0.1994895562529564 0.4126916974782944 5.870850928127766 0 0.5466816052794456 3.592831566929817 1.003328926861286 0 1.170988395810127 0.1131092682480812 0.323313869535923 0.1172967627644539 0.2051308155059814 0.09961529821157455 0 15.83783747255802 0 0 0.3922769129276276 260.8594627529383 3.622994676232338 4.284109808504581 1.702759742736816 0.9818821549415588 2.118437767028809 5.657109394669533 3.394746541976929 9.615236431360245 3.967188656330109 14.38435587286949 3.082774043083191 22.5683408677578 9.223488256335258 6.771084427833557 3.753355249762535 0 0.8996941447257996 0 0 0 0 0 0 0 0 0 0 0.4237969517707825 0 0 0 0.4028394818305969 0 0 0.8201698064804077 0 0 0 0 12.53405141830444 4.342407077550888 6.552129805088043 1.911122709512711 0.460845872759819 0 0 0 0 0 0 0 0.2958028614521027 0.9967747926712036 0 0 0 0 0 0 0.387839287519455 0 0.9164158999919891 3.404322117567062 0 0 0 3.173978686332703 0.957017719745636 0.4022668600082397 0 0.2346085458993912 0 0 0 0 0.2031657248735428 1.296464085578918 2.212303280830383 0 0 0 0 0 0 2.592145308852196 1.909210860729218 1.254983693361282 2.02754133939743 1.073910996317863 0.3504803329706192 0 0 0 0.08347629010677338 0 0 0 0.9253049492835999 0.6973322033882141 3.483141720294952 57.5029893592 3.082312881946564 36.28806404769421 11.18649986386299 597.4145429432392 6.36987342685461 0.346746489405632 1.793279960751534 5.065645113587379 0 2.781206108629704 1.255906350910664 5.877085968852043 0 0.1101831942796707 0 0 0
384.8019730746746 1727.945738598704 1595.543098896742 366.5988294258714 0 13.97865717113018 2457.632299944758 171.9783931076527 2900.130002692342 277.4469350725412 2428.46801418066 11.16143405437469 882.174701243639 2933.009605295956 31.45858097076416 1.596588924527168 0.3626203462481499 0.2205645069479942 0 0 0.4162695035338402 0 0.1084074676036835 0.6525678634643555 1.378855362534523 0.4521955028176308 0.474480040371418 0.3212363868951797 0 0.1117533817887306 271.6622075587511 12.34044481813908 46.44655867666006 0 0.1931274980306625 0.4889108836650848 48.90188462287188 2.076040096580982 10.26382216066122 0.8317271247506142 0.3870465308427811 0.5142722800374031 0 1.800221875309944 0.1451937407255173 0.4847205132246017 116.9326530247927 16.39971089363098 0.9913432374596596 0.2342619299888611 5.693758606910706 0 0.7573738098144531 0 2.395317927002907 3.741646870970726 22.14968441426754 59.1346425190568 13.46603620797396 27.57308313250542 3.107474446296692 26.85393159836531 1.399738736450672 32.01747222989798 12.35126082599163 5.566230818629265 10.62292557954788 10.44513221085072 0.3142182603478432 0.4271281734108925 31.09114162623882 18.9509512335062 0 155.6959785819054 42.02608327567577 86.07236274331808 69.70590247958899 6.373999439179897 0.3586417883634567 41.25030513107777 1.95761102437973 13.83443872630596 15.84698117524385 0 3.715857781469822 13.54573102295399 3.648895002901554 0 3.549369037151337 0 1.911157973110676 0.3521209731698036 0.1306440085172653 1.099316760897636 0.7751859799027443 9.496363684535027 4.856879279017448 0 11.03993777185678 12.69869069010019 18.66523744165897 3.558320552110672 4.475712507963181 0.1663875877857208 2.514591082930565 26.98493844270706 0.6123519241809845 46.3827698379755 10.22319413721561 47.00612790882587 32.08379457890987 68.53358973562717 17.30790932476521 15.02256289124489 16.71460600942373 1.868312075734138 1.498772889375687 0 0.8464068472385406 0 0 0.3513374924659729 0 0.2476746588945389 0 0 0 1.892598509788513 0.9436003863811493 0 0 0.3256188482046127 0.1296998411417007 0 22.05689826607704 1.734501495957375 0.302331954240799 3.119891241192818 1.455748215317726 92.03003481030464 24.46315017342567 50.70634984970093 26.31777195632458 5.028361320495605 0.3596147000789642 0 0 0.4352085292339325 0.1733119040727615 0.2117574065923691 0 13.09633402526379 6.852208659052849 2.216114468872547 0 0 2.01282561570406 0 0 0.8878428339958191 0.1171804517507553 6.52534906566143 47.98627360165119 0 0.6125659346580505 3.399170882999897 18.37201918661594 23.01271556317806 4.403326481580734 1.563039302825928 1.55365077406168 0.2558633983135223 0.560885563492775 0.5031393989920616 0 0.1424625813961029 65.38380008935928 8.074666813015938 0 0 0.3035001382231712 0.4281130731105804 2.162408530712128 0 23.38312029838562 33.57534000277519 29.33620882034302 19.21855147182941 5.426895633339882 2.096785306930542 0 0 0 0.8653404042124748 0.1545319557189941 0 0.5140144228935242 3.458872124552727 24.21152119338512 60.54830607771873 186.4681203961372 50.22554801404476 280.938268430531 62.73406078666449 90.19102071225643 41.50274100899696 2.983348615467548 43.42037837207317 13.41825692355633 5.021825432777405 30.0942829400301 12.35228089988232 7.092030093073845 0.3040555864572525 1.213357090950012 1.909963481128216 0.6661906540393829 0
295.187283411622 509.8980390653014 38.34630842506886 584.2062232494354 13.97865717113018 0 151.5288136601448 19.9988951086998 15.32814185321331 747.0552171245217 47.22375310957432 78.29227384924889 251.7452828735113 46.91660457849503 0 0 0 0 0 0 0 0.4023269563913345 0 0 0 0 0 0 0 0 40.32875606417656 0 11.21366336941719 0 0 0 35.70537661015987 0.3379562497138977 1.063366279006004 0 0 0 0 0 0 0 0.8842817321419716 0.2108925879001617 0 0 0.09226672351360321 2.116380497813225 2.146336331963539 0.4735455513000488 0 0.1586372256278992 695.5893550738692 40.64866466075182 0.5127443075180054 0.2685549482703209 0 0.4071525782346725 0 0 0 0 0.1482051163911819 0.1450662612915039 0 0 103.303244933486 43.51078435778618 6.70735339820385 7.986588045954704 0.8797006607055664 0.4302696287631989 0.2250920012593269 0 0 7.992391616106033 0.1245320439338684 0 0.2221416980028152 1.429969221353531 0 1.458075776696205 0 9.035931557416916 0.7982429563999176 2.523138850927353 0 0 0 0 0 362.7427294552326 79.98542945086956 14.51217114925385 10.070990011096 887.7321351915598 0 4.371297597885132 1.004462718963623 0.7558541893959045 0 0.4993865936994553 5.660618752241135 3.18821108341217 3.268023282289505 6.766475975513458 0.2867052853107452 7.225998967885971 7.599283158779144 4.066171824932098 0 0 0 0 0.1489122807979584 0 0 0 0 0.3485150039196014 0 0 0 0 0 0 0 0.3763975203037262 0.9860745370388031 0 0 0 0 0 0 0.6663236916065216 0 0.2769458889961243 0 0.2095212638378143 0 0 0 0 0 0 0 0 0 0 0 0 0 0 0 0 0 0 0.2857220768928528 0 0 0 0 0 0 0 0 0 0 0 0 0 0.4754145741462708 0.3438727259635925 0 0 0 0 0 0 0 0 0 0 0 0 0 0 0 0 0 0 0 0.3472613394260406 0 0 5.211617030203342 0 1.701850041747093 1.121636658906937 226.690953053534 1.740875497460365 0 0 3.214884698390961 0 0.1812709718942642 0.2222498580813408 4.007644057273865 0 0 0 0 0
764.081294208765 1621.241445563734 279.9168621301651 273.2464627325535 2457.632299944758 151.5288136601448 0 46.89790517836809 1279.426050581038 1533.670788139105 389.6392468437552 51.21393072605133 2246.710118129849 1286.48289039731 34.16092748194933 2.619921572506428 0.5232315883040428 0.5076356083154678 0 0.1104969456791878 0.1127686053514481 0 0.1105227172374725 0.1267528831958771 0.8485653251409531 0.6888570785522461 0 0.3019406646490097 0.1673696637153625 0.4796297922730446 457.6208511814475 8.726566448807716 75.88948901742697 0 0 1.57853426784277 103.8498279377818 2.147719219326973 12.87461570650339 1.270782761275768 0.1814004927873611 0.9623361229896545 0 1.761107467114925 0 0.6528729870915413 151.4668942168355 23.48718965798616 1.177860662341118 1.927246801555157 10.5684425085783 0 0 0 3.804978758096695 5.375104106962681 79.50249928236008 287.347848020494 40.20174719393253 43.11568105220795 1.416208177804947 44.12013625353575 1.253320619463921 37.7408764436841 24.70936754345894 10.60910101979971 20.10893458127975 21.26835033297539 1.170024015009403 0.8052244111895561 88.51725982874632 21.62545271217823 0 380.4621661305428 74.24417628347874 106.5255617499352 68.13904321938753 8.249889604747295 0.1449859738349915 11.12289377301931 1.498806364834309 17.71568123996258 36.71676485985518 0.367456816136837 6.135308265686035 21.75434662401676 6.884184688329697 0.1667075231671333 6.048847988247871 0 3.860843352973461 0.2835451662540436 0.2803348824381828 1.267027452588081 0.7388692125678062 87.52068518102169 7.469177760183811 0 14.71603771299124 77.79934810847044 45.93386723101139 12.99400174617767 6.667584702372551 1.317904822528362 8.158453151583672 60.64029877632856 9.94350565969944 119.5735342651606 33.07381485402584 100.2809293568134 87.88355582952499 217.0168948769569 75.41996601223946 51.53974148631096 43.60136635601521 4.198488898575306 2.240972436964512 0.1455498486757278 0 0.2633242011070251 0 0 0.1635440438985825 0.2676771730184555 0 0 0 4.370002046227455 1.25420044362545 0.1762898713350296 0 0.7614327594637871 1.014555186033249 0 56.47079910337925 3.193632915616035 0.5869233012199402 5.946674048900604 3.775803059339523 148.6838751584291 32.93877409398556 79.02723008394241 33.84655505418777 13.8763722255826 0 0.9983846247196198 0 0.2224606573581696 2.749881893396378 0 0.140140488743782 22.74196420609951 10.31791759282351 4.638414807617664 0.4919231534004211 0.1845109313726425 1.642760545015335 0 0.4642202258110046 2.260534316301346 0 12.12001076340675 86.47861775010824 0 0.7649097889661789 4.013673722743988 37.66250850260258 33.24929076433182 9.338319346308708 1.938550233840942 2.829519204795361 0.5061150267720222 1.169866912066936 0.6839432865381241 0 0 106.3906839936972 12.81751371920109 0.2348308116197586 0.6498680412769318 0.7253753170371056 0.7419483661651611 6.240169420838356 3.006154209375381 47.22126535326242 45.73277030140162 43.49276529252529 32.81763412058353 6.538477912545204 2.57520916312933 0.4125805199146271 0 0 0.3176603764295578 0.3687965050339699 0.09233108162879944 0 19.52319175004959 38.62828592956066 86.42358250170946 232.6774838417768 51.29243542253971 397.7013524249196 78.36412485688925 339.0964122489095 55.57623562216759 2.385826125741005 57.1815822198987 25.39496696740389 6.14361360669136 57.73427566885948 15.99477533251047 29.0530289709568 1.169870004057884 1.978324487805367 5.525420390069485 0.2836989462375641 0.1300226598978043
597.6219291910529 772.3661724030972 1908.999925665557 2.814247980713844 171.9783931076527 19.9988951086998 46.89790517836809 0 317.4106161817908 6.377114355564117 1516.181778408587 1.870661661028862 334.5173769369721 1454.665488250554 58.20124313235283 9.5240807980299 4.038150824606419 0.5307153314352036 0 4.237497605383396 19.86930641531944 0 0.3323713093996048 0.6217100694775581 2.332936681807041 1.043890923261642 0.4333063513040543 0.2183160483837128 0.1698399931192398 0.2547381892800331 2287.212439060211 1309.897205375135 72.13814640790224 0.2387106269598007 2.137457951903343 3.410043224692345 31.70490439981222 0.6075914278626442 5.394733771681786 2.028311870992184 5.974463261663914 10.94773797690868 19.08460946381092 13.2035444304347 0 2.313303872942924 186.8810445144773 27.08302360773087 4.469709098339081 38.10458872467279 15.94775901734829 0 0.2416131198406219 0.9599480777978897 4.291464574635029 3.632390141487122 39.09389995783567 237.4018039181828 21.86683627963066 43.05399572849274 340.0105335488915 58.50958201289177 5.080433860421181 187.8475529402494 12.65507391840219 27.83025690168142 16.61145428568125 42.3876925483346 51.14843036234379 72.10262013971806 21.27629359811544 25.57060977816582 0.2663026750087738 256.4827587455511 118.9951758533716 153.3502967357635 238.6879797205329 118.3785349428654 324.8834613412619 2071.305125527084 505.7664436101913 2672.427273705602 22.03343217819929 0.170416347682476 7.853388123214245 17.0654788389802 36.56487110257149 0 3.604385145008564 0.1256775707006454 5.058186955749989 0.6014836058020592 9.59185216575861 4.167928121984005 3.909684278070927 6.596913039684296 4.822656281292439 0 4.056391030550003 68.40459673851728 15.90800137072802 1.240038275718689 1.212845832109451 0 1.805079162120819 13.90968027710915 0 25.42527562379837 7.598263308405876 21.43748170137405 21.43055100739002 35.29071448743343 9.695303574204445 11.8222927749157 13.81482891738415 3.349689289927483 1.415032118558884 0 0.203564465045929 0.2316817939281464 0 0.3506250083446503 0 0.2919053211808205 0 0.5216054618358612 0 1.717293225228786 0.7537809312343597 0.09590498358011246 0.2072855830192566 0.7828199788928032 0.3709516897797585 0 18.35336093604565 0.9471278637647629 0.1310975253582001 2.494002789258957 1.138461768627167 65.14841921627522 11.34819796681404 29.52871735394001 16.59141217172146 3.605186991393566 0.2154830247163773 0.4203158766031265 0 0 1.738108277320862 0.4864230677485466 0 9.383286520838737 4.339484296739101 1.33381287753582 0 0.1847717314958572 1.130414254963398 0.3821903765201569 0 0.3307556211948395 0 4.084457919001579 23.2062694132328 0 0.6721709966659546 1.194037176668644 16.85495908558369 10.67883071303368 2.498371049761772 0.6402802318334579 0.7505236864089966 0.1280710250139236 0.3704684600234032 0.7339755296707153 0.5042731463909149 0.521504208445549 42.33321861922741 5.332524031400681 0.24309141933918 0.2789973989129066 1.433302767574787 1.61182464659214 2.473571866750717 1.111482053995132 11.13311719894409 15.60732874274254 13.22389970719814 10.87282985448837 3.032838404178619 0.5419684275984764 0 0 0 0.7887069657444954 0.1012088432908058 0.2382210493087769 0.1292738318443298 5.025158450007439 18.87029364705086 39.04544714093208 302.1183622181416 77.12700049579144 486.8607845529914 98.84989143908024 124.7026175186038 58.71280536055565 2.218643203377724 111.8029240965843 7.68888421356678 1.061649560928345 21.21297493577003 12.40998291969299 2.184375837445259 1.157870575785637 0.1071683838963509 3.604811914265156 1.370603002607822 0.4673666507005692
56.80937982350588 332.6016998514533 632.9689858406782 142.1571946814656 2900.130002692342 15.32814185321331 1279.426050581038 317.4106161817908 0 438.4376419335604 2055.077960647643 46.66945244371891 951.6276708543301 3336.758468732238 34.39171240478754 7.607948772609234 0.4870639815926552 0.4816357865929604 0.2334541901946068 0 0.1214351803064346 0 0.2504317313432693 0.5388484597206116 1.145719319581985 0.9783886447548866 0.131459966301918 0.3634986951947212 0.1287562549114227 0 96.10055206716061 8.972444511950016 54.01298280805349 0 0.1386997252702713 1.65490198880434 67.61732137203217 1.750778809189796 11.60982269048691 1.916731379926205 0.4140516370534897 0.6765810176730156 0 5.067046068608761 0.1298842877149582 1.264067813754082 120.6951216235757 7.746233865618706 0.8578747510910034 0 4.150121964514256 0 0.4164526164531708 0.456535741686821 2.326632924377918 2.9027339220047 22.89651635289192 45.31595826148987 10.35502278804779 24.76966432482004 2.855458348989487 27.72420224547386 0.5850037932395935 22.87637108564377 8.688141077756882 4.755901351571083 7.660005487501621 8.141153395175934 1.344350300729275 0.8612336218357086 47.15679267048836 53.93310154974461 0 114.5719256177545 32.98876883089542 78.39366569370031 87.31071083247662 17.70120515674353 0.2387132868170738 15.51312089711428 1.376394420862198 7.918054580688477 11.91458790749311 0.1566731706261635 2.051350295543671 8.902326449751854 2.395834416151047 0 2.820856615900993 0 2.199827522039413 0.3338448256254196 0.5909041687846184 0.6226615831255913 0.5269802585244179 92.80037914216518 3.937325373291969 0 7.473569788038731 6.354743652045727 70.72135397791862 13.83038330078125 8.539492025971413 2.572932168841362 14.4779142588377 95.26054115593433 8.786782771348953 178.0902792960405 50.5017247647047 125.7123598903418 126.7269069701433 318.6356774047017 95.94027377665043 98.96839265525341 71.22185406088829 6.115393087267876 4.286951079964638 0.2621910870075226 0.5924231857061386 0 0 0 0 0.4630729183554649 0 0 0.371455579996109 2.633642718195915 1.84463369846344 0 0 0.7648018673062325 0.181100606918335 0 89.54397620260715 2.713515073060989 1.045963525772095 4.087611019611359 3.361221119761467 252.2433904707432 52.29562002420425 80.86734261363745 39.44242809712887 15.79876960068941 0.3889132738113403 0.2904400229454041 0 0 2.120657846331596 1.039820663630962 0 30.18883115798235 15.41909371316433 5.455420397222042 0.2210391759872437 0 1.8467757999897 0 0.3469578176736832 4.499971657991409 0.1804738193750381 16.65712890774012 113.5519755408168 0 1.022492647171021 3.540269076824188 60.68335901200771 55.76667255163193 11.42013931274414 1.741237156093121 3.806383669376373 0.7380025088787079 1.190889939665794 0.4817664325237274 0 0.4214188307523727 174.7618564516306 14.07270900905132 0.1645120680332184 0.5733231529593468 0.09140728414058685 4.625896319746971 6.048157095909119 3.011740699410439 56.30151400715113 74.17302051186562 51.94930275529623 44.75817401707172 11.2640530616045 5.720185577869415 0 0.1341846883296967 0.09900494664907455 0.2121270000934601 0.2018155828118324 0.1030042842030525 0 25.81722757220268 54.41454303264618 127.3733076006174 354.7011801972985 69.58516532182693 365.7307729721069 98.18944039195776 146.0682453215122 55.45799887180328 3.748242311179638 140.9499415755272 26.18625133484602 6.445120446383953 66.38419134914875 20.85034086555243 20.01233559846878 2.771587163209915 2.236216776072979 8.32615902274847 1.037130206823349 0.3070116639137268
1621.27788348496 1074.359701886773 61.21782256662846 601.4262315258384 277.4469350725412 747.0552171245217 1533.670788139105 6.377114355564117 438.4376419335604 0 24.08402862399817 858.3744883239269 8511.141887679696 382.8534877374768 3.536587364971638 0.1240207254886627 0.09902675449848175 0.1354928314685822 0 0 0 0 0 0 0 0 0.1888402104377747 0.1887976080179214 0.3351097106933594 0 283.234636284411 0.8850159794092178 74.49926255643368 0 0 4.219563901424408 109.8436158448458 4.517629623413086 19.11323448270559 1.225676447153091 0 0.1087855026125908 0 0.1364689320325851 0 0 33.82125193625689 7.96915914863348 0.2590254321694374 0.3340273350477219 3.735918037593365 0.2810832262039185 0 0.119940496981144 2.255986325442791 2.745788224041462 97.53240965306759 275.6346484571695 21.02050058543682 13.28200063854456 1.737632490694523 50.03426349908113 0 5.267974063754082 7.750065363943577 3.259167954325676 6.694157354533672 5.761457398533821 0.610408790409565 0 89.41327455639839 29.13478194177151 0 215.8880556374788 19.30895882844925 20.22525798529387 8.8386165574193 0.7346165180206299 0 8.456856980919838 0.3157447874546051 18.61684459447861 14.2130075097084 0 2.49784866720438 9.850822538137436 2.382786191999912 0 3.167620912194252 0 0.9052397087216377 0 0 0.1011741384863853 0.4789808988571167 220.4809899926186 16.23361337184906 0 14.70785543322563 478.5734814405441 70.48488448560238 108.9336825311184 31.68378411233425 16.79960691928864 13.38822391629219 114.1270856261253 57.3339252024889 194.43427310884 79.99513307213783 288.514456063509 143.6191945821047 536.2398098558187 211.4809929281473 161.9548515826464 54.30766689777374 3.21567802131176 2.541298002004623 0 0.7103838920593262 0 0 0.2110500931739807 0 1.16664445400238 0 0 0 5.567576676607132 2.851062297821045 0 0 0.7152675166726112 0 0.6052795052528381 65.76600629091263 2.001858919858932 0 16.48556518554688 13.85419487953186 188.9073984771967 79.0343854278326 108.4482651054859 58.94043357670307 24.03413593769073 1.522084057331085 1.339052975177765 0.6669854521751404 0 0.5235958099365234 0.1099481359124184 0 27.38291542232037 16.99949404597282 5.033783346414566 1.187443614006042 0 5.672103971242905 0 0 2.386661723256111 0.1868356466293335 12.87230590730906 112.6077586561441 0 3.087995588779449 9.85157898068428 53.65128257870674 53.05797469615936 8.65597565472126 3.142930470407009 2.106372743844986 2.633533120155334 0.169462114572525 0.2595362141728401 0 1.609493374824524 111.2916500866413 17.4504949003458 0 0 0 4.752575412392616 7.86389547586441 8.655365824699402 55.25978245586157 65.58063389360905 59.21800731122494 47.45346234738827 8.128983333706856 5.948032960295677 0 0 0 0.3817126005887985 0.3073742017149925 0 1.273413300514221 35.58155003190041 65.21745426952839 107.2309530675411 216.6340724304318 12.9458262398839 103.6260076984763 28.96176840364933 1275.481874354184 20.16539937257767 7.340534038841724 9.912089131772518 55.6520016938448 3.651795640587807 69.56853228062391 18.35812130570412 99.54166495800018 2.313523396849632 2.172866500914097 12.14119067788124 0 0
1127.151777908206 1911.68478217721 2651.588175825775 11.06121978163719 2428.46801418066 47.22375310957432 389.6392468437552 1516.181778408587 2055.077960647643 24.08402862399817 0 23.34006969630718 2130.043685980141 4564.603929542005 142.8947456553578 25.8824995085597 3.987806580960751 1.039521463215351 0 1.777247369289398 3.937593787908554 0 1.332667924463749 0.2984470650553703 9.658464945852757 2.976307421922684 0.813548281788826 0.8414797633886337 0.8499123901128769 0.8611399605870247 1352.898157060146 270.7429254427552 202.6529062688351 0.9976433590054512 1.737201824784279 17.90959752351046 125.8370890319347 5.528086759150028 16.57946731895208 3.812182851135731 3.948953971266747 2.72720093280077 0.1441014856100082 23.34994970262051 0.08849906921386719 1.956434711813927 340.7461909279227 29.4643117338419 2.962368331849575 3.854292631149292 20.56589142978191 0.2468064650893211 0.1392057985067368 0.5299639403820038 6.282526262104511 5.770168595016003 61.95716071128845 193.1611227914691 35.20414181053638 76.13100661337376 10.30657541751862 30.94844597578049 11.9031962454319 98.72778789699078 20.04067712277174 12.95912389457226 21.40226240456104 33.60975866764784 5.797906190156937 10.33311499655247 54.44159574061632 67.63898260146379 0.1266578435897827 338.5716669559479 111.2578802853823 261.8195834234357 352.8510339856148 112.469031304121 3.781797364354134 428.4790572449565 5.153099291026592 50.80966768413782 31.95958036184311 0.6489032134413719 6.220581874251366 30.15204793587327 9.922381885349751 0.1770352348685265 9.894006364047527 0.109041802585125 4.468305304646492 1.516795642673969 6.740877404808998 3.695917584002018 3.577827610075474 71.47350269556046 8.937774270772934 0 8.381636269390583 66.54816932231188 57.95107944309711 11.0663136318326 8.915493726730347 0.9277141094207764 14.55852496623993 74.41328560560942 2.184692189097404 132.4159565642476 29.47402197122574 85.86878909170628 92.40966662764549 204.9423456937075 56.49537517130375 73.62147551774979 57.80042277276516 6.880936667323112 3.608603328466415 0 1.149530798196793 0 0 0.1398653239011765 0 0.7333440855145454 0 0.759460836648941 0.5963194519281387 3.532691672444344 1.270060449838638 0.3160837888717651 0 1.802428603172302 0.6054724305868149 0.1267505884170532 64.1942917406559 2.437790066003799 0.7335883304476738 3.098802767693996 2.525770477950573 213.4944445565343 38.16297113150358 63.13882171362638 28.95786476880312 14.15658275783062 0.2895012050867081 0.4719130396842957 0 0.2085705101490021 1.817253589630127 1.012974619865417 0.12774458527565 24.09163868427277 13.9735945686698 4.311395943164825 1.417990505695343 0.3777682334184647 0.6365907192230225 0.6678493544459343 0 1.17589670419693 0.1071536689996719 9.096654005348682 78.92774648964405 0 1.161374792456627 5.111622288823128 49.04294607043266 42.03297819197178 6.265527471899986 1.481308564543724 1.400809220969677 1.251243509352207 0.3618261888623238 0.4208337366580963 0.6032533273100853 0.8076518476009369 186.4688589125872 15.89484999328852 0.224385067820549 0.5437059849500656 0.7481245845556259 2.815833210945129 1.800891160964966 1.674163445830345 38.34888643026352 63.48305014520884 41.62781412899494 28.94119273126125 11.90753035247326 3.993483379483223 0.621405266225338 0.8065994083881378 0.1157302483916283 1.39602292329073 0.2431266009807587 0.09603908658027649 0 23.22739362716675 64.45738380402327 110.7400192096829 709.2449693605304 190.2228869125247 915.3911351040006 258.4643425270915 323.3379144221544 145.5822008252144 5.584223546087742 315.1790859624743 26.3688846975565 3.79572519659996 60.42288774996996 24.96982967108488 9.726793766021729 3.338902086019516 2.004159264266491 6.917762763798237 4.032726734876633 0.6507425904273987
4.210114628076553 4.015497148036957 1.385708004236221 4.853220403194427 11.16143405437469 78.29227384924889 51.21393072605133 1.870661661028862 46.66945244371891 858.3744883239269 23.34006969630718 0 1524.224973171949 89.83927930891514 2.3034523203969 1.198627613484859 0 0 0 0 0 0 0 0 0.3593982607126236 0 0 0.1393604576587677 0 0 1.048946991562843 0 18.51872780919075 0 0.2281640022993088 0 96.4660941362381 0.7598223090171814 0.6106000393629074 0 0 0.1171238198876381 0 1.391669027507305 0 0 4.705040723085403 0.3585071489214897 0 0 0 0 0.5301160216331482 0 0.09827588498592377 0 3.681518584489822 1.884188197553158 0.4914608597755432 0.4578950703144073 0 0.3280807435512543 0.2013983577489853 0 0.1772565171122551 0.1013411581516266 0.1860864460468292 0.5617468357086182 0.5496676191687584 0.1491750478744507 80.52178020775318 10.76358409225941 0 3.92934362590313 0.366204246878624 2.30347915738821 3.250590987503529 2.551116079092026 0 2.731287747621536 0.1266795843839645 0.1834976822137833 0.2172818779945374 0 0 0.6858883798122406 0.3380912989377975 0 0 0 0 0 0.4871851205825806 0 0 690.1403712928295 12.91734552383423 0 3.717034667730331 15.56119892001152 6.054180845618248 6.807481825351715 3.732144936919212 2.251133367419243 5.323014602065086 29.09868068993092 5.381323024630547 53.73497095704079 17.48046384751797 39.70375655591488 32.46745237708092 164.1476104855537 62.41126088798046 73.59858772158623 26.25113806128502 0.6153873354196548 0.4830766320228577 0 0.1671840250492096 0 0 0 0 0 0 0 0 0 0 0 0 0 0 0 6.756101712584496 0.5762551575899124 0 0 0.563635528087616 17.89212749898434 2.676280975341797 3.046596050262451 3.410413354635239 0.4853291809558868 0 0.1861831992864609 0 0 0 0 0 2.547578036785126 1.059801533818245 0 0 0.1514724642038345 0.3820837438106537 0 0.1904622465372086 0 0 1.83528508991003 9.377289175987244 0 1.389664888381958 0 6.515850991010666 4.618544727563858 2.258353114128113 0.1616166979074478 0 0 0 0 0 0 46.38221387565136 4.637223660945892 0 0 0 0.1821800619363785 0 0.5490879416465759 4.052352286875248 5.277014955878258 5.382500357925892 3.811665415763855 2.074028357863426 0.2647174373269081 0 0.1574990451335907 0 0 0 0 0 17.48612326383591 5.367768004536629 7.376761838793755 28.51461596041918 1.041635319590569 18.90491722524166 6.800086557865143 135.6918520852923 2.206085182726383 0.14919513463974 14.42035206407309 1.579589128494263 0.8386393934488297 4.722723580896854 1.207669503986835 13.41981989145279 0.349392831325531 0 0.1406739801168442 0 0
