0 4501.319586701691 311.4236833527684 1912.701570503414 260.0218609943986 236.2557682543993 569.0607443451881 12.26946129649878 41.52819050848484 1880.540068924427 73.76383458077908 265.8893164992332 312.880429238081 30.98070077598095 3.178364232182503 0.8281669467687607 0.2643930315971375 0.3318242430686951 0 0 0.1198589950799942 0.7185719609260559 0 0 0 0.3174850046634674 0 0.127025380730629 0.1324864029884338 0 930.0297928005457 2.75257346779108 3.766222074627876 0 0 0 3.029572293162346 0.9434243515133858 1.240149259567261 0 0.3388147503137589 0 0 0.5295827984809875 0.1240412220358849 0 34.18669224530458 0.9250367432832718 0.4332627281546593 0 0.4209306016564369 2.681032344698906 0 0 6.163690447807312 6.959976226091385 78.59374439716339 651.7658693194389 51.67797749489546 47.28843382745981 0.09219140559434891 0.5684930682182312 0 0.6230019778013229 2.533315554261208 1.007728539407253 0.4413565620779991 0.1896049082279205 0.1053769960999489 0 5.838480293750763 7.827262073755264 0.1330940723419189 281.4697838798165 59.44470319896936 24.01410632580519 2.152726396918297 0.9080828055739403 0.9452338814735413 5.025001898407936 0 0.9970909431576729 16.85071144253016 0.5992459133267403 0.8917822316288948 1.286275491118431 0 0.2409466505050659 0.1151720955967903 1.600849613547325 0.5264930948615074 0.4806782454252243 0 0.1109112501144409 1.089443206787109 229.9202911630273 14.13218048214912 0 3.135935306549072 2024.044625297189 0 1.002281546592712 0 0 0 1.735384121537209 2.78707467019558 2.023553490638733 96.54342256486416 4.349089175462723 0 1.883839637041092 0.3406421914696693 2.485816299915314 0.2517002820968628 0 0 0 0 0 0 0 0 0 0 0 0 0 0 0 0 0 0 0 0 0 0 0 0 0.3053256273269653 0 0 0.6006880402565002 0 0 0 0 0 0 0 0 0 0 0 0 0 0 0 0 0 0 0 0 0 0 0 0 0 0 0 0 0 0 0 0 0 2.964166879653931 0 0 0 0 0 0 0 0 0 0 0 0 0 0 0 0 0 0 0 0 4.71260692179203 0 0.1270837485790253 65.6080200523138 7.304207064211369 106.5814605802298 6.256009787321091 1344.139517337084 20.42261575907469 0.7333502322435379 8.026704370975494 2.064966782927513 0.09240599721670151 0 0.3460012674331665 8.236157178878784 0 0 0 0 0
4501.319586701691 0 2794.925809629261 3062.971002615988 4978.509181886911 258.6255779117346 4442.419525556266 117.7038724720478 1642.028020523489 1414.6191637218 1952.827432610095 45.38188727945089 315.8221588134766 384.2386019900441 46.77894094586372 6.278111934661865 2.231808714568615 3.537549123167992 0.660707451403141 1.515121132135391 2.763091690838337 0 0.6240461319684982 0.4029996320605278 0.1332045644521713 2.077371582388878 0.2463344261050224 0.3221329152584076 1.376117698848248 0.1617389768362045 6023.224618792534 34.01394575834274 4.902467578649521 0.3229692429304123 0.5218862965703011 0.289805494248867 3.303549855947495 0.9868572354316711 0.4183709099888802 0 0.9345657303929329 0.2712231129407883 0 1.932683922350407 0.3830274641513824 0.8545500859618187 302.968873038888 3.831489808857441 2.59267134219408 0.6005705595016479 2.057651311159134 0.7401544079184532 0.4966981559991837 0.255369558930397 21.46677803993225 25.67640767991543 147.7119252681732 964.7278668358922 90.82197884470224 293.0615465566516 4.773545153439045 2.923028632998466 1.184941932559013 28.08898425847292 12.72693392634392 2.52007320523262 3.047918811440468 1.368044711649418 0.2516167461872101 1.230338200926781 2.702766545116901 2.367141723632812 0.7233215570449829 812.0663309022784 232.791719160974 257.9330185577273 43.77601666003466 7.858819760382175 20.76745422929525 17.54071614891291 1.300276011228561 14.38071399182081 79.43999520689249 1.02105912566185 3.443153634667397 4.84311567991972 0.6340505704283714 0.6438868492841721 0.7145638167858124 0 2.013445951044559 0.2358671650290489 1.148050136864185 0.8115159347653389 1.266171634197235 83.23901051282883 0.9083229526877403 0 0.8138072788715363 1641.387059561908 0 0.3020443320274353 0.3465606570243835 0.6910473108291626 0 0.2686150372028351 0.1706601083278656 0 156.2892061769962 1.712550580501556 0 3.063720494508743 4.770675502717495 2.715184092521667 0.3247686177492142 0 0 0 0 0 0 0 0 0 0 0 0 0 0 0 0 0 0 0 0 0 0 0 0 1.241142928600311 0.1473164260387421 0.2248510718345642 0.3448911532759666 0 0 0 0 0 0 0 0 0 0 0 0 0 0 0 0 0 0 0 0 0 0 0 0 0 0 0.1256020814180374 0 0 0 0 0 0 2.204151600599289 0 0 0 0.1667277216911316 0 0 0 0 0 0 0 0 0.1494105160236359 0 0 0 0 0 0 0 3.116894021630287 0.1461421102285385 1.065739020705223 241.7056516334414 30.90669550746679 605.0849515274167 35.10954739898443 1312.447736389935 138.1193581074476 7.617859818041325 108.7274223491549 6.576098449528217 0.5282335728406906 0.7089348286390305 0.2082669883966446 1.439455404877663 0 0 0.6960415914654732 0.5389520078897476 0.399570107460022
311.4236833527684 2794.925809629261 0 22.16950312256813 987.3402642086148 4.902850568294525 78.57956114411354 2705.00903532654 1510.8872705549 13.2879324555397 3756.842327870429 9.835166528820992 182.1247360259295 446.0525440648198 67.55963476747274 41.50403729081154 21.62549336254597 20.50649302452803 5.363162025809288 65.11863127350807 169.7065670117736 0.1199879869818687 17.30687593668699 11.96534102410078 3.594673477113247 25.51624977588654 2.491032771766186 4.735264375805855 0.9382316395640373 0.4347730204463005 7633.977072663605 953.7056142017245 25.40681535005569 37.02963755279779 15.86054517328739 7.739322178065777 17.83796852082014 6.219467043876648 1.083134353160858 1.191388510167599 24.1612459346652 5.347809672355652 18.27644970268011 65.02523449063301 8.026218228042126 64.8226268440485 206.7958983778954 5.285433530807495 15.84618446975946 19.29627615213394 5.285820350050926 0.3871886879205704 0.3952329233288765 2.684630423784256 9.788122735917568 14.65715488046408 117.3057628497481 971.1300160735846 44.94611775130033 167.3887390270829 414.6320739760995 35.49126236885786 33.92402963340282 291.0638802796602 5.157918207347393 3.155709803104401 2.506639964878559 5.580131985247135 10.03521370142698 35.22988057136536 12.29042561352253 0.3714040517807007 0 509.0384590998292 227.6888606846333 220.6332474648952 108.2432299479842 98.88017458468676 535.9366451054811 498.5934018865228 258.8430502489209 1123.962450601161 35.72230454534292 0.5303480327129364 2.818571947515011 3.872614473104477 3.958728320896626 0 1.201228439807892 0 1.763219684362411 0.1158209219574928 16.99045357853174 4.745857752859592 3.657164976000786 4.489052392542362 0.4213340133428574 0 1.034562841057777 474.9126385971904 0 0 0 0 0 0.1920892000198364 0.6289491653442383 0.5064294785261154 2.294980257749557 2.40829661488533 0 0.642409048974514 0.9988214746117592 0.8473803848028183 0.2940472960472107 0 0 0 0 0 0 0 0 0 0 0 0 0 0 0 0 0 0 0 0 0 0 0 0 1.046982884407043 0.44040846824646 0.4117462262511253 0.9932431578636169 0.2647609114646912 0 0 0 0 0 0 0.2126923352479935 0 0 0 0.182422861456871 0 0.4164446592330933 0 0 0 0 0 0 0 0 0 0 0 0.3013986051082611 0 0.07751305401325226 0 0 0 0 0.1712533831596375 3.515225633978844 0 0 0 0 0 0 0 0 0 0 0 0 0.1085973903536797 0 0 0 0 0.2609386742115021 0.519955039024353 0.1725406795740128 1.20601911842823 0.3858720809221268 0.5847848132252693 159.4319411218166 35.5914803892374 318.4856472685933 38.48000162094831 156.1345721632242 59.0289805829525 6.842215970158577 66.59252692013979 2.963298350572586 0.7880286872386932 0.687399186193943 0 0.7468130737543106 0 0.1755455732345581 0.8917781338095665 3.790712513029575 1.19031323492527
1912.701570503414 3062.971002615988 22.16950312256813 0 486.2186482325196 499.529617369175 2670.806905463338 0.9593445286154747 161.3875024542212 3410.322977490723 7.326178073883057 1839.821335583925 2256.228959545493 113.2405231148005 13.89120145887136 2.790955871343613 0.2657030820846558 1.791253112256527 0 0 0.142051562666893 0 0 0 0.3793999850749969 0.4081357643008232 0 0.497708834707737 0.4065790623426437 0 187.5507979616523 3.068469129502773 5.471770748496056 0.3304293528199196 0 0 1.120660021901131 1.062768250703812 1.340038672089577 0 0 0 0 0.3946124762296677 0.1221092566847801 0 102.9022750854492 0.4157437682151794 0.7796698361635208 0.1026730239391327 0.1922976225614548 3.269085139036179 0 0.1046190112829208 4.382081404328346 4.973939061164856 31.13553772121668 152.7979210838675 22.72717633843422 66.93675426393747 0.4316054806113243 0.8578126356005669 0.1789266318082809 4.839135982096195 3.313346289098263 0.7205714732408524 1.46024102717638 0.461328387260437 0 0.1219564154744148 5.343977212905884 6.093091309070587 1.189191520214081 159.1197817698121 49.36105618625879 54.71213442832232 11.44996710121632 3.347891926765442 0.5656343698501587 2.551012977957726 0.1445078104734421 1.726047120988369 21.02634277194738 0.2215094789862633 1.026627480983734 0.8710931465029716 0.2293107584118843 0.3661053627729416 0.112658903002739 0.7110605984926224 0.3029388934373856 0.2726193964481354 0.2132020145654678 0.1910568848252296 0.5765085741877556 321.6630026549101 4.312456473708153 0.6786257028579712 1.226054489612579 983.2433832585812 0.1274598389863968 0 0.3725787699222565 0.3556388318538666 0 2.132952570915222 1.208582699298859 0.5886712670326233 124.0098371505737 5.910414919257164 0 2.656456336379051 5.635468155145645 3.782572671771049 0 0 0 0 0 0 0 0 0 0 0 0 0 0 0 0 0 0 0 0 0.282918244600296 0 0 0 0 1.012498408555984 0 0.38066565990448 0 0 0 0 0 0 0 0 0 0 0.3883609473705292 0 0 0 0 0 0 0 0 0 0 0 0 0 0.7441392540931702 0 0 0 0 0 0 0 0 0 4.513713464140892 0 0 0 0 0.3860044181346893 0 0.2988135814666748 0 0 0 0 0 0 0 0 0 0 0 0 0 4.103065863251686 0 0.6904420256614685 146.1827653944492 7.362552843987942 163.9832888916135 13.00708041340113 1491.39413946867 46.47918089479208 1.430535010993481 43.53943178802729 5.67748636007309 0 0.3967532217502594 0.1592497825622559 10.20061779022217 0 0 0 0.8058752566576004 0
260.0218609943986 4978.509181886911 987.3402642086148 486.2186482325196 0 27.03072275221348 5785.479215368629 79.41328886151314 12025.93589730561 588.1922464817762 1352.443748228252 49.30352971702814 1208.082740157843 1296.632365718484 94.08627884089947 32.06886696815491 2.685755535960197 7.771037831902504 0.1132213920354843 1.208537571132183 1.927835986018181 0.1480711400508881 0.675772950053215 0.3509018421173096 0.5140298157930374 1.275823250412941 1.011406354606152 1.326308660209179 0.6607346087694168 0.09225162863731384 923.8492890745401 45.07391908019781 8.052247270941734 0.2084242701530457 0 0.4725252762436867 4.569587059319019 2.233296349644661 0.2303897589445114 0.1277294456958771 0.4817402884364128 0.4110431596636772 0 3.197314463555813 0.8015514835715294 0.6593362763524055 296.334096364677 2.210567601025105 1.775618627667427 0.3689089268445969 1.456505507230759 0.3116306439042091 0 0.278267003595829 9.298670157790184 10.65488860756159 38.47929824143648 161.6390052437782 31.22549687325954 203.1041191369295 6.042590022087097 3.775592662394047 0.2470482513308525 34.57671584188938 7.599996201694012 1.538057096302509 1.769123427569866 0.8385243564844131 0 0.2191641479730606 6.844511114060879 0.2540726065635681 0.110338032245636 284.3108388781548 106.073930054903 234.3171102851629 80.29579889029264 23.04755286872387 12.422398917377 10.50818538665771 2.846614062786102 16.94217442721128 39.97545517981052 1.234547913074493 1.713512897491455 2.559109598398209 0.3206582888960838 0 0.789123460650444 0.116235725581646 2.537334702908993 0.08976286649703979 1.137196324765682 1.305753998458385 1.006239272654057 110.339844994247 0.301510363817215 0 0.4817864894866943 86.63577911257744 0 0.4539473056793213 0.2882895469665527 0.3966398239135742 0 6.180173814296722 2.937431946396828 1.46725395321846 20.19453500211239 7.386548012495041 0 7.361268788576126 16.74699016660452 6.024469554424286 0.9893600195646286 0.3242735713720322 0 0 0 0 0 0 0 0 0 0 0 0 0 0 0 0 0 0 0.1171373799443245 0 0 0.7022247314453125 0 4.663454011082649 0 2.890758492052555 0.8142885640263557 0.1205623522400856 0.3020006120204926 0 0 0 0 0 0 0.1163411065936089 0 0 0 0 0.1715548187494278 0 0 0 0 0 0.1342674046754837 0 0 0 1.194948107004166 0 0 0.119629442691803 0 0 0 0 0 0 8.568728342652321 0.1336220800876617 0 0 0 0 0 0.253655694425106 0 0 0.1989375203847885 0 0 0 0 0 0 0 0 0 0 7.887501396238804 0.6042342782020569 0.9354830533266068 257.0530656427145 30.29803727567196 407.2075708135962 44.07008603215218 388.0905086696148 114.8008236214519 4.355211801826954 112.8047058731318 6.713761664927006 0.7664416879415512 0.919938787817955 0.5822103470563889 4.193463444709778 0 0 1.045881107449532 1.062358610332012 0.1602234244346619
236.2557682543993 258.6255779117346 4.902850568294525 499.529617369175 27.03072275221348 0 65.71692715585232 0.7701874524354935 32.67009311169386 1040.934803038836 8.073356658220291 317.9720384329557 191.6905588433146 42.4050866663456 0.4398883357644081 0.1947570294141769 0 0 0 0 0 0.2631997466087341 0 0 0 0 0 0 0.2032395154237747 0 49.56908157467842 0 8.157643333077431 0 0 0 12.69079591333866 0.5236022472381592 0.4602356106042862 0 0 0 0 0.8560462594032288 0 0 2.331955119967461 0 0 0 0.563663512468338 11.44474691152573 1.483975410461426 0 0.332067534327507 0.3477853238582611 40.06255348771811 24.53665591031313 2.489455968141556 1.574260830879211 0 0 0 0 0.1167833209037781 0 0 0 0 0 19.34931711852551 14.973214417696 1.076206713914871 6.322535961866379 0.6359876394271851 1.255865007638931 0.1679003238677979 0.1134898662567139 0 3.258599370718002 0 1.749934256076813 0 0 0.1567181646823883 0.1069256439805031 0 1.006985194981098 1.085342049598694 5.239397451281548 0.3784606456756592 2.162014588713646 0 0 0.1667168289422989 325.164119169116 21.60599038004875 6.177723109722137 10.46887329220772 547.5397099554539 0 0 0.8655318319797516 0.9547408819198608 0 5.164434209465981 2.423039048910141 2.402831763029099 11.77514553070068 6.885047778487206 0 4.313389107584953 4.538362070918083 3.591828435659409 0 0 0 0 0.328130841255188 0 0 0 0 0 0 0 0 0 0 0 0 0 0 0 0 0 0 0 0 0 0 0.7037949711084366 0 0 0 0 0 0 0 0 0 0 0 0 0 0 0 0 0 0 0 0 0 0 0 0 0 0 0 0 0 0 0 0 0 0 2.669021561741829 0 0 0 0 0 0 0 0 0 0.1744658946990967 0 0 0 0 0 0 0 0 0 0 3.934783950448036 0.2248601764440536 0 89.93279746174812 2.091879531741142 3.204950712621212 0.542785719037056 573.4601495116949 0.1459119915962219 0.1214816123247147 1.046376220881939 8.007091969251633 0.3928048312664032 0 0 11.4450144469738 0 0 0 0 0
569.0607443451881 4442.419525556266 78.57956114411354 2670.806905463338 5785.479215368629 65.71692715585232 0 5.640042170882225 2740.60278839618 2849.851039245725 40.51676478981972 240.1076584532857 4888.307396285236 827.0918547362089 86.8237022459507 31.38487915694714 1.924844704568386 6.797336012125015 0.3442641869187355 0.6473560258746147 1.502718538045883 0 0.2078679800033569 0.8125754296779633 0.1299066096544266 1.217875853180885 0.195292130112648 0.8712896853685379 1.056696705520153 0 196.7642234936357 17.24390376359224 6.595623105764389 0.1100881993770599 0.209699884057045 0 3.990254059433937 0.6272262707352638 0.2185049951076508 0.1205839291214943 0.6396699473261833 0.4536931589245796 0.3587672263383865 2.980786256492138 0.2735110744833946 1.023124605417252 266.531275101006 1.623484544456005 2.243515700101852 0.5400249660015106 1.391878210008144 0.417578861117363 0.1853854954242706 0.1370500326156616 9.249842673540115 12.40719509124756 35.7970203012228 150.7375467345119 32.48274843394756 171.5581567659974 2.607205450534821 4.884603716433048 0.2926590219140053 27.02739674597979 5.106151476502419 1.428405649960041 2.001471355557442 1.307762585580349 0 0.701283723115921 3.971323907375336 0.3062552213668823 0 281.8533543646336 96.06567111611366 192.3733974397182 65.48763832449913 22.94849424064159 1.399359606206417 5.708099111914635 1.691161699593067 7.563211098313332 36.47202741354704 0.3980767279863358 2.556364431977272 2.324812777340412 0.3869600892066956 0.3172149881720543 0.6870060190558434 0.1932940036058426 1.044096782803535 0 0.4464622810482979 0.3582066893577576 1.422624260187149 177.4964926093817 0.8009651899337769 0 0.3282378017902374 105.347003236413 0.4190283268690109 0.7963948845863342 28.05950680375099 4.941691935062408 0 35.02351233363152 4.528216451406479 8.070721119642258 190.1034297943115 14.11330725252628 0.3904194533824921 6.129732489585876 23.83459039032459 13.47578921169043 1.346951074898243 0.1997362822294235 0 0 0 0 0 0 0 0 0 0 0 0 0 0 0 0 0.874997541308403 0.307138979434967 0.7112618237733841 0.1569629609584808 0 0 0 4.027951627969742 0.3425140082836151 2.704803973436356 2.313230700790882 0.5903339982032776 0 0 0 0 0 0 0 0.3300487846136093 0.4435666799545288 0 0 0.2133931368589401 0.6140358448028564 0 0 0 0 0.1568491160869598 0.4442747980356216 0 0 0 1.51427161693573 0 0 0 0 0 0 0.1078464016318321 0 0 13.633828535676 0 0 0 0 1.379890888929367 0 0.2790830135345459 0.5502104535698891 0.8125830516219139 0.8026595711708069 0 0.7081003934144974 0 0 0 0 0 0 0 0.2571596503257751 11.191226541996 0.8909873962402344 2.853792369365692 232.7820855528116 27.7784282118082 382.7085732594132 44.31150201708078 493.1392114534974 101.616433262825 9.282327696681023 119.4412689656019 7.053407408297062 0.4753814488649368 0.9519981741905212 0.2276669442653656 8.089789301156998 0.1581214219331741 0.8140144348144531 1.506420776247978 0.6121206730604172 0.1145347505807877
12.26946129649878 117.7038724720478 2705.00903532654 0.9593445286154747 79.41328886151314 0.7701874524354935 5.640042170882225 0 870.9409328848124 4.455199636518955 4443.900115266442 7.867483407258987 320.1901032552123 1001.732033833861 70.33883246034384 52.92751963436604 5.467615783214569 11.65867468714714 1.202500939369202 15.10638231039047 70.95654328167439 0.4035195708274841 3.329045116901398 3.767876677215099 4.52142870426178 22.52721040695906 3.585583955049515 2.960301272571087 1.5084433183074 0 651.016941845417 1732.966895051301 53.99652296304703 9.626216061413288 7.271549798548222 4.942374229431152 24.07161695510149 4.735491178929806 1.006864711642265 2.029185429215431 14.45476035028696 4.031509429216385 4.597505956888199 16.52269542217255 2.020369939506054 8.653162971138954 157.1688724160194 0.4232559204101562 3.834770061075687 5.616645015776157 2.331465989351273 0.09370514005422592 0.3190013319253922 1.120963759720325 2.969073243439198 5.225573152303696 23.45492070168257 170.9602120220661 11.90087383240461 91.13140270859003 248.4035606980324 21.54892567545176 13.41069415211678 283.9262138903141 2.013560771942139 0.9844562709331512 1.009675875306129 2.449152275919914 3.922476880252361 10.65713962167501 11.72376602888107 0.5381099581718445 0 161.1719254329801 113.2279141321778 159.1035992130637 143.0615770369768 217.7552992850542 1440.31632502377 1018.370375290513 291.620809994638 1468.17041683197 16.02685554325581 0.1086792498826981 0.8007078245282173 0.760663278400898 0.7986403927206993 0 0.3028716295957565 0 1.654539935290813 0 8.879185900092125 3.893637083470821 1.095087088644505 7.539189115166664 1.086075961589813 0 2.091572433710098 16.29160819202662 0.4655243828892708 0 0 0.1683824509382248 0 0.3289138972759247 0 0.1894071400165558 0.8914952427148819 1.890857681632042 0 1.384520560503006 3.752162106335163 4.197372332215309 0.6359483599662781 0 0 0 0.1602202206850052 0 0 0 0 0 0 0 0 0 0 0 0 0 0.1304556280374527 0 0.08986544609069824 0 0 0 0 1.0922711789608 0 1.324983760714531 0.7736411243677139 0.5006543397903442 0.848859965801239 0 0 0 0 0 0 0 0 0 0 0 0.7035225629806519 0.1333092600107193 0 0 0 0 0 0 0 0 0.3135038912296295 0 0 0 0 0.2506679221987724 0.1941051185131073 0 0 0.3554368913173676 4.252099260687828 0 0 0 0.1580280810594559 0 0 0.1686845570802689 0 0 0 0 0.2788208201527596 0.2624267637729645 0 0 0 0 0 0 0 1.59718120098114 0.4180885702371597 1.22554736584425 156.9830851629376 19.73838423192501 205.7947087474167 25.03272125869989 79.52986991405487 38.22847401350737 3.686382368206978 71.73466102778912 1.60685932636261 0.6522432342171669 0.8423665314912796 0.3228045403957367 0.4299474209547043 0.3090014755725861 0 1.235831871628761 0.8380906879901886 0.2039875984191895
41.52819050848484 1642.028020523489 1510.8872705549 161.3875024542212 12025.93589730561 32.67009311169386 2740.60278839618 870.9409328848124 0 371.0665583312511 3005.741565801203 143.1530886292458 4298.003608502448 5456.823637492955 123.974551178515 67.55107187479734 2.503400027751923 9.253371462225914 0.07298199832439423 0.4555548503994942 3.782911077141762 0 0.2974336370825768 0.4062127470970154 0.736356295645237 1.889825373888016 0.2944527193903923 0.6962626427412033 0.8618253916501999 0.1242702156305313 223.7316860109568 57.61118422448635 89.63257586956024 0.4135592803359032 0.3207504153251648 1.507413171231747 54.5936237052083 2.783140800893307 0.4608044624328613 0.2581595256924629 1.91935708373785 0.6415533050894737 0.2339978814125061 6.561175711452961 0.7094919458031654 0.499918669462204 267.2443948239088 1.220169745385647 1.028170756995678 0.5418384894728661 1.537513948976994 0.5344668254256248 0 0.4099164083600044 8.674043290317059 6.88171610981226 18.7440550327301 81.81566412746906 14.23402104526758 116.6243324875832 5.480864062905312 8.75131593644619 1.300598382949829 34.72868739068508 3.315985985100269 1.383559823036194 1.52755992859602 0.6039611846208572 0 1.061835207045078 15.76069995760918 1.043517380952835 0.8290156126022339 145.3829133361578 70.22574166953564 203.9657218009233 104.3758474737406 50.81593779474497 13.23400134593248 49.29956996440887 3.401655644178391 29.63086731731892 20.95345471799374 0.4927170649170876 1.448129951953888 1.250421423465014 0.691256009042263 0 0.5419632792472839 0 1.130134180188179 0.1117111518979073 0.8531990498304367 0.3113516122102737 0.7205703034996986 175.853987403214 2.043044164776802 0 0.8685035705566406 24.58336439728737 0.3911489993333817 0.7682524174451828 1.764349311590195 1.371999368071556 0 6.174132868647575 4.27848456799984 2.988365739583969 16.77139528095722 15.50406028330326 0.3223448991775513 11.56729739159346 36.50973899662495 21.27446982264519 2.004621058702469 0 0.105550616979599 0 0 0 0 0 0 0 0 0.6329453587532043 0 2.315280422568321 0 0 0 0.6092543005943298 0 0 0 0.4570337533950806 0 0 0 10.17704449594021 0.7190541177988052 7.854990787804127 4.838708847761154 0.7670960128307343 0 0 0 0 0 0 0 0.3701415657997131 0.1416999399662018 0 0 0 2.141977965831757 0 0 0 0 0 0.1507463753223419 0 0 0 1.952481240034103 0 0 0 0 0 0 0 0 0 22.25742870569229 0 0 0 0.1179916337132454 1.127426825463772 0 0.39555823802948 0 0 0.1310698688030243 0 0 0 0 0 0 0 0 0 0 15.96636291593313 2.122295767068863 5.409896686673164 266.6117032840848 33.67225402593613 318.9244442954659 56.27656934410334 250.5930242910981 99.50472022593021 5.759394705295563 139.4474907293916 13.26502767205238 1.808417998254299 1.338756680488586 1.105941936373711 15.45273177325726 0 0 1.452451065182686 1.255296446382999 0.357952281832695
1880.540068924427 1414.6191637218 13.2879324555397 3410.322977490723 588.1922464817762 1040.934803038836 2849.851039245725 4.455199636518955 371.0665583312511 0 19.36046646535397 4446.623438179493 5833.871461093426 432.980520889163 18.24557355046272 6.078230299055576 0.2613223046064377 2.096518397331238 0 0 0.7256815135478973 0.4320098161697388 0 0 0 0 0 0.2732394486665726 0 0 56.47224838286638 1.741819679737091 15.44600507616997 0 0 0.4528416693210602 22.98082883656025 4.598410412669182 1.06636406481266 0 0.3294927477836609 0 0 0.7253366112709045 0.1283727288246155 0 81.72441554069519 0.3793379589915276 0.1426729708909988 0 0.3969658762216568 2.032728835940361 0.3954248130321503 0.08659105747938156 3.783469773828983 4.888803049921989 28.19630329310894 91.5798350200057 13.29805582761765 42.29165425896645 0.1613675653934479 10.57849662005901 0.3585540801286697 2.641218461096287 1.620532557368279 0.813387468457222 0.6889145523309708 0.2007875964045525 0 0 29.76627603173256 8.54396378993988 0.4472309052944183 107.5457561090589 28.48306915163994 39.73330369591713 11.16934155672789 5.20712149143219 0.1593108475208282 9.80384411662817 0 4.152881510555744 13.51198846101761 0.104184627532959 0 0.9551487565040588 0.1044958084821701 0.1665980666875839 0.1003181934356689 1.908118575811386 0.3011820837855339 1.041811466217041 0 0.09856098145246506 0.0894508883357048 833.9478125870228 15.58200886845589 0 4.965827137231827 464.0670516267419 0.1592175960540771 2.302092403173447 7.159702524542809 6.584730446338654 0.1876476407051086 34.81838665902615 12.27377878129482 11.55998411774635 192.7456848323345 93.65236704051495 0 56.30353254079819 52.15070508420467 53.8506592810154 1.487855926156044 0.3633376806974411 0.3218483775854111 0 0.3275752067565918 0 0 0 0 0 0 0 0 0.2521393299102783 0 0 0 0 0.5841136574745178 0 1.4390739351511 0 0 0 0 11.69849064946175 0.4362791776657104 7.692508295178413 4.975083515048027 0.3156080096960068 0 0 0 0 0 0 0 0.5144355446100235 1.607676848769188 0.2587887942790985 0 0 0.9092003107070923 0 0 0 0 0.271893247961998 0.39289490878582 0.1859894394874573 0 0 2.813971281051636 0 0 0 0 0 0 0 0 0 30.6897978335619 0 0 0 0 0.8793386965990067 0 0.7130311876535416 0.1243702322244644 0.1334430426359177 0.2680146843194962 0.2458219975233078 0.2528776153922081 0 0 0 0 0 0 0.2078379392623901 0 25.83915475010872 1.516601175069809 3.774532705545425 381.0670274719596 13.6916813403368 168.8705473914742 17.78507541120052 1336.385078817606 54.67658510059118 5.311934858560562 110.1655187383294 19.94066779315472 0 1.621802747249603 0.2041520327329636 57.53637696802616 0.2002911865711212 0 2.347747445106506 0 0.1391034871339798
73.76383458077908 1952.827432610095 3756.842327870429 7.326178073883057 1352.443748228252 8.073356658220291 40.51676478981972 4443.900115266442 3005.741565801203 19.36046646535397 0 62.83128291368484 1064.537900216877 3131.187708579004 238.8207447752357 237.6280041709542 8.129174537956715 22.92426134645939 0.2310208827257156 6.45599365234375 26.34302565455437 1.902704358100891 1.214713260531425 0.6788673847913742 9.5150455981493 19.725511521101 6.868757024407387 6.469673193991184 2.537023767828941 0.6690801680088043 676.8074174374342 593.869201913476 1240.184935510159 3.174609713256359 1.569910079240799 12.71610350161791 278.9442399665713 27.04614751040936 8.547920107841492 4.360453054308891 13.27906700968742 6.918583080172539 0.6379997134208679 29.80076736956835 0.8927875086665154 3.512287519872189 457.8954710662365 2.301090382039547 2.065513998270035 1.804005496203899 4.110144458711147 2.633616827428341 2.530646026134491 3.069078907370567 7.741540193557739 10.50449329614639 33.7802080065012 195.0746059194207 21.20113221555948 163.9851843193173 50.40802068263292 115.0688794702291 7.691363081336021 99.93399165570736 4.963616371154785 1.689085520803928 2.728127084672451 0.6567380428314209 0.8135301470756531 7.301796860992908 150.2704494670033 6.881564542651176 0 250.5234713628888 129.0070823058486 273.5122289955616 187.1952880695462 163.8397386148572 1237.248070470989 2317.043042086065 40.75923780351877 554.816981703043 30.21652623265982 0.8532490134239197 3.194928333163261 1.819017976522446 1.62913166731596 0.4298488274216652 0.6747750118374825 0.1969756186008453 1.961765609681606 0.3459954112768173 6.90901430696249 2.85461288690567 2.606169536709785 132.1886015236378 19.78667073696852 0 16.63653014600277 38.8037796318531 0.4411095529794693 2.638225957751274 4.048030763864517 3.166733980178833 0.4055027812719345 15.26357336342335 2.420815259218216 5.13863730430603 14.0789739638567 30.27111232280731 0.9403948783874512 28.88156066834927 86.11323739588261 45.8887695223093 4.374221444129944 0 0 0 0 0 0 0 0 0 0 0 0 1.334221243858337 0 0.3910541236400604 0 0.328796461224556 1.633086696267128 0 0.8886420205235481 0.3998052626848221 0.4482357203960419 0 0 23.66561341285706 0.8589660599827766 16.95870202034712 9.680526159703732 2.592545755207539 0 0.2390867471694946 0 0 0 0.3429580926895142 0.2221709787845612 0 0.5715281665325165 0 0.1283884048461914 0 6.270277611911297 0 0 0.2389773726463318 0 0 0 0.5440061688423157 0 0 7.868057146668434 0.2043789923191071 0 0 0 0 0 0 0.0925859734416008 0 78.67236450314522 1.532876968383789 0 0 0 2.41750256717205 0.7245023250579834 3.170150421559811 0.3964916244149208 0.114127978682518 1.353123836219311 0 0.1348488032817841 0.143696203827858 0 0 0 0 0 0 0.4124360978603363 33.9413980692625 8.594084233045578 12.90827377140522 580.7140062898397 80.40928921848536 529.9460595101118 108.8410305678844 289.6213991269469 153.696192510426 17.61365556716919 270.7414608597755 20.05803645402193 0.2099326029419899 4.271147556602955 0.8748738914728165 19.42667685449123 0.431920975446701 0.2188211530447006 5.34316848218441 7.96636289358139 1.573665887117386
265.8893164992332 45.38188727945089 9.835166528820992 1839.821335583925 49.30352971702814 317.9720384329557 240.1076584532857 7.867483407258987 143.1530886292458 4446.623438179493 62.83128291368484 0 4328.778211370111 504.4252993836999 35.69740795344114 18.75300362706184 1.495506338775158 4.980051264166832 0 0 0.3584265634417534 1.489245697855949 0 0.2684043347835541 1.516285166144371 0.1880301833152771 0.2755981683731079 0.123255655169487 1.874008998274803 0 15.76115994900465 5.359613120555878 242.0929573178291 0.1279287338256836 0 1.41872076690197 853.7372659444809 47.89025834202766 0.8021578043699265 0.3265792727470398 0.6847487241029739 0 0 1.806254126131535 0.1077681034803391 0.09894970059394836 79.00009538978338 0.2199328765273094 0 0.1110635101795197 0.1162030622363091 6.181831583380699 5.261667564511299 0.6361327543854713 2.480435438454151 1.604243405163288 5.390426464378834 20.02768551558256 5.017166890203953 19.99821324646473 0.4304499924182892 119.7786523103714 0 3.54888129234314 0.7361594960093498 0.08051719516515732 0.3432352021336555 0 0 0 658.7735179662704 24.60230483114719 0.2797240018844604 40.20827515423298 12.8827603161335 32.18711764365435 20.17525660246611 9.477244295179844 1.123417586088181 125.8608807772398 3.658583335578442 26.91624473035336 4.389248691499233 0.499401643872261 0.3314120545983315 0.2382995635271072 0.08446057885885239 0.6436323001980782 0.3378011658787727 0.963776059448719 0.1840207576751709 0.7063827067613602 0 0.1726806163787842 0.4015467017889023 2774.402081534266 491.3473390936852 12.60449008643627 39.74837386608124 78.4972071647644 0.5817051455378532 3.387410074472427 8.542035773396492 14.40820103883743 0.9341251850128174 56.31038089096546 25.69984959065914 18.79204641282558 70.06584073603153 124.1159307509661 1.947012223303318 72.86845208704472 175.7149187102914 119.0218186974525 10.87639397382736 0.557181254029274 0.3637807816267014 0 0.139020174741745 0 0 0 0 0 0 0.7704752087593079 0.3497565090656281 1.188678205013275 0.7399712800979614 0.3976462483406067 0 0.6720107346773148 1.370219469070435 0.5972616672515869 2.812736347317696 1.253932058811188 0 0 0 37.47414360940456 0.7777139991521835 20.2826499864459 17.18907403945923 2.095132052898407 0 0 1.112426996231079 0 0 0 0 0.2713406533002853 1.60679005086422 0 0.144929900765419 0 4.75926473736763 0.1540719121694565 0 0 0 0 0.4439040571451187 0 0 0 13.0662897080183 0.1439575850963593 0.1076518669724464 0 0 0 0 0 0 0 91.79690954089165 0.6716835200786591 0 0 0.1820177733898163 3.211792662739754 0 0.5769330710172653 0.1010424420237541 0.4073319882154465 0.3544404879212379 0.2917391657829285 0.2748449146747589 0 0 0 0 0 0 0 0 92.98415559530258 13.51454837620258 14.20990086346865 371.729129306972 10.48484763503075 158.5743445158005 20.86420720070601 602.3398403823376 48.09983929991722 2.536446429789066 172.7232260331511 32.52772817760706 0.7334335595369339 4.898632250726223 0.261346310377121 95.08969751000404 0.5500039234757423 0 1.347511053085327 0.1736533790826797 0.6893705129623413
312.880429238081 315.8221588134766 182.1247360259295 2256.228959545493 1208.082740157843 191.6905588433146 4888.307396285236 320.1901032552123 4298.003608502448 5833.871461093426 1064.537900216877 4328.778211370111 0 2798.256136789918 199.3169546127319 165.1081726104021 5.285184256732464 17.51188012212515 0.2955964505672455 1.288396440446377 5.332949005067348 5.890869006514549 0.8303815200924873 0.6317123174667358 6.029574945569038 4.644943840801716 1.847124427556992 1.211060643196106 9.928844578564167 0.5508683174848557 92.38561154901981 52.24079602956772 1260.960144214332 1.871535249054432 0.8761821314692497 5.598150245845318 1952.170840740204 535.2886715531349 179.9483861476183 36.53675937652588 3.274381421506405 0.9895595759153366 0.1751750707626343 18.2712155431509 0.5357887968420982 2.867544166743755 350.6450077220798 1.370065025985241 1.316077440977097 0.2415214106440544 1.837691307067871 18.92533197999001 249.4330272227526 1.529357872903347 5.656650744378567 11.5033208951354 17.71555460244417 67.28638761490583 16.11581309884787 109.2202723398805 11.73997952789068 295.0177543386817 3.370183080434799 35.32909321784973 4.20959609746933 1.519550673663616 1.48047336935997 0.5933628901839256 0.2282134741544724 1.97146999835968 539.5798466801643 82.98661096394062 2.089590206742287 129.8600368499756 61.2837824895978 177.3598111197352 127.0099872127175 95.50487127900124 21.36128218472004 614.646276794374 14.12516058236361 200.0276454910636 20.95402986556292 1.324944503605366 2.235780462622643 1.787294961512089 0.5202194377779961 1.930902011692524 0.6689437553286552 5.575167216360569 0.7442920282483101 1.073601692914963 1.238316856324673 1.964806206524372 2.680790595710278 3680.01581069082 138.2481996566057 49.73787263780832 257.9901504814625 64.50797948241234 0.4974973648786545 4.616295635700226 9.735885940492153 11.60632547736168 0.933544933795929 68.83784866333008 25.98553261160851 20.08014077693224 215.3964686244726 142.2161854431033 1.847392611205578 134.5895966514945 357.1803025752306 180.7910749837756 23.6990067884326 2.007040992379189 1.025199234485626 0 0.2586536705493927 0 0 0.8974743485450745 0 1.702582478523254 0.1464282274246216 1.606722056865692 0 2.631285823881626 0.5598709881305695 1.422600954771042 0 3.441735178232193 2.020391404628754 0.8767355531454086 2.787564896047115 2.192658632993698 0 0 0 82.39685472100973 1.137214064598083 58.62482611089945 39.62420789152384 6.010795466601849 0 0 0.2607900202274323 0 0.1487263292074203 0.5454618781805038 0.1904204785823822 0.5544321164488792 4.35300201177597 0.3051131293177605 0.7413358688354492 0 13.50212206691504 0 0.2559489607810974 0 0 0.2402599304914474 0.7728114128112793 0 0.210773840546608 0 21.32801806926727 1.108711533248425 0 0 0 0 0.1400272697210312 0 0 0.1898529380559921 264.2810171470046 5.788460344076157 0 0 0 6.61551122367382 0 4.79283706843853 0.4326773881912231 1.11955951154232 2.881152987480164 0.1017961278557777 2.198747083544731 0 0.1554833948612213 0 0 0 0 0.2276824712753296 0 173.789276920259 42.28406275808811 47.56659560650587 687.1419866383076 76.74364130198956 496.919353723526 110.4170850142837 602.6045634225011 160.6391608938575 14.13851558417082 276.2404378652573 53.91178639233112 1.455702342092991 11.72205080091953 0.7311399579048157 101.4081701114774 2.62600089609623 0.2863034754991531 4.50052135437727 9.402595639228821 1.497209660708904
30.98070077598095 384.2386019900441 446.0525440648198 113.2405231148005 1296.632365718484 42.4050866663456 827.0918547362089 1001.732033833861 5456.823637492955 432.980520889163 3131.187708579004 504.4252993836999 2798.256136789918 0 121.7473610043526 112.6642370149493 2.334644727408886 14.65034781396389 0.2237300202250481 0.7377773970365524 3.243777737021446 2.927754461765289 0.3175140023231506 0.7390724346041679 6.162895053625107 3.248725041747093 2.150843173265457 2.204528011381626 2.536619395017624 0.5311227738857269 154.1005551964045 61.43954219669104 1816.404866985977 0.826602078974247 0.9280169978737831 8.640380993485451 966.0231321677566 79.85770203918219 8.893034279346466 1.575082272291183 3.054062701761723 1.521087571978569 0.08932255208492279 12.22606213390827 0.2096861898899078 1.322670847177505 234.4826113656163 0.5977697744965553 0.5643064379692078 0.4978944212198257 1.199754185974598 2.132899701595306 2.61226812005043 1.053216546773911 2.318373158574104 6.87784081697464 12.69735935330391 59.19865503162146 9.329868488013744 75.36286115646362 9.071031346917152 495.479421004653 0.8368044421076775 34.85538616776466 3.257560595870018 0.7148832157254219 1.210449777543545 0.3400429412722588 0.07418959587812424 1.933964438736439 282.7069867923856 9.836153879761696 0.1674648076295853 93.89352010935545 49.41799667477608 147.5974733456969 95.0649025067687 66.92633648216724 24.38201642036438 1435.707632996142 5.239800281822681 91.64031512290239 12.0668143555522 0.5256634652614594 0.9745840802788734 2.521353118121624 0.1289492845535278 0 0.4379791989922523 0.3080835118889809 1.043457180261612 0.1949785798788071 2.123077057301998 0.7370766848325729 1.292956814169884 780.4049340039492 49.13941299915314 2.94224801659584 26.18785522133112 19.02220425009727 0.2765608280897141 1.895792260766029 5.95623916387558 4.557985946536064 0.2440523058176041 31.94843686372042 14.3222823292017 7.618440270423889 32.50678497552872 57.07179330289364 1.629757523536682 44.35377471894026 133.8764794841409 85.75222542136908 7.713612928986549 0.6147182881832123 0 0 0 0.7056158781051636 0 0 0 0 0.3270336389541626 0 0 1.127312138676643 0 0 0.8050095736980438 0.7024605274200439 1.707917213439941 0 1.015191525220871 0.4293143376708031 0 0 0.2468027621507645 27.63917818665504 1.606583759188652 25.03095539659262 13.07704336941242 3.296915575861931 1.029545545578003 0.2738375887274742 0 0 0 0.4582515358924866 0 0.2842121869325638 2.176591157913208 0 0 0 5.282282039523125 0.1294416636228561 0 0.4233887791633606 0 0 0.4324195832014084 0 0.5693832039833069 0 7.463408127427101 0.3253610134124756 0 0 0 0 0 0 0 0 88.74626857042313 2.936562061309814 0 0 0.1377037316560745 3.542433299124241 0 0.6747130006551743 0.4183634668588638 0.889063835144043 0.6484756916761398 0 0.2677271664142609 0 0 0 0 0 0 0 0.1508360207080841 66.34754726290703 4.149103581905365 17.05687277764082 400.0163966491818 35.69137520343065 279.0961521118879 63.64157131314278 226.3229853734374 86.41592641174793 6.646714992821217 162.6676501333714 27.68689861148596 0.5545969605445862 1.979211866855621 0.3677268624305725 44.28797956556082 0.5887787342071533 0 4.569865241646767 3.540937960147858 1.891281887888908
