0 5621.872407600284 1003.087795838714 1133.918694853783 1198.028802409768 275.573219820857 747.7961792349815 69.7653334736824 30.09326287358999 979.107775747776 673.146111831069 31.61252196133137 142.3707199841738 13.52164229750633 0.663177952170372 0 0 0.3149870485067368 0 0.3226704150438309 0.6370318979024887 0.8281883895397186 0.2381230294704437 0.2214294821023941 0 0 0 0 0 0 288.2748468369246 1.916135862469673 3.882196754217148 0 0 0 4.089855045080185 0.7376985549926758 1.247536838054657 0.6007383912801743 0 0 0 0 0 0 29.84829545766115 3.472810499370098 0 0.109914243221283 0.5412237197160721 0.8050065636634827 0 0.8883700221776962 2.74037542194128 8.880601860582829 168.1177105754614 1140.928150445223 18.89757771790028 10.1365460306406 0 0.7250349968671799 0 3.597687020897865 3.180872529745102 2.755232416093349 1.788649097084999 0.1734831780195236 0.1440328508615494 0.1238055825233459 35.04741823673248 31.85455982387066 0.2005632668733597 138.3011523485184 24.45931278914213 12.57102013379335 2.856249965727329 0.4666799306869507 0.7530028969049454 23.7366886138916 0.2542808875441551 0.5704433470964432 11.04522020369768 0.4615409225225449 3.115978166460991 3.25202988833189 0.9513737112283707 1.069952040910721 0.7372403219342232 0.4783353209495544 0.3690614998340607 0.9080559611320496 0.4392819106578827 0 0.2295234352350235 130.2702465802431 20.21087726950645 1.437199324369431 2.025166541337967 543.1102592349052 0 0 0 0 0 0.30340576171875 0 0.6152444183826447 1.435651212930679 1.90395849943161 0 0.7949156612157822 0 0.5628976225852966 0 0 0 0 0 0 0 0 0 0 0 0 0 0 0 0 0 0.2382454425096512 0 0 0 0 0 0 0 0 0 0.182521790266037 1.057195886969566 0.1591703146696091 0 0 0 0 0 0 0 0 0 0 0 0 0 0 0 0 0 0 0 0 0 0 0.149607852101326 0 0 0 0 0 0 0 0 0 0.2870499193668365 0 0 0 0 0 0 0 0 0 0 0 0 0 0 0 0 0 0 0 0 0.3066708743572235 0.2345934361219406 0.4478020071983337 33.79806673526764 4.123108573257923 87.99452768266201 24.82864389568567 949.5560566186905 16.16274417936802 0.603878453373909 1.596987456083298 0.3699018061161041 0 0 0 0.9313945770263672 0 0 0 0.2251127511262894 0
5621.872407600284 0 687.3765261992812 116.676665276289 2343.426671788096 259.2813535034657 1229.251080691814 56.53235097974539 1215.002040401101 205.4904887750745 1866.998278595507 3.932556807994843 440.8453903645277 166.441564373672 10.32120770215988 0.2731998264789581 1.05673199146986 0 0.1299668699502945 0.4642849341034889 0.3585836142301559 0 0.6744714081287384 0 1.035605281591415 0.466522604227066 0 0 0.1909237504005432 0 1939.21108751744 38.69674826413393 7.230914205312729 0 0.4605853259563446 0 7.561035707592964 1.072249956429005 0.4755416512489319 1.279661074280739 0.131485179066658 0.1715195029973984 0 0.5780550539493561 0.9507891982793808 0.72088423371315 259.3973676860332 29.91406270116568 0.4524472653865814 0.5741563439369202 3.421735592186451 0 0.1581672877073288 0.6472773626446724 12.63547813892365 33.883405148983 224.714079618454 1299.60704395175 35.79069849103689 72.90473098307848 0.1143033802509308 0 0 53.03040365874767 23.18278357386589 12.46974623203278 8.438171707093716 2.783121533691883 0.4934581220149994 0.591090016067028 1.182576410472393 0.653478816151619 0.1709465682506561 641.6722277328372 309.9784487038851 165.6886401101947 82.87337583303452 2.590576194226742 3.826215609908104 30.74986407160759 1.243435762822628 7.529717110097408 53.02789109200239 1.669301971793175 18.41595590114594 21.9969137981534 3.941091828048229 0.4869464784860611 3.810147613286972 0 2.068911492824554 0.7389541193842888 0.5978469103574753 0.7827299535274506 0.8290821686387062 57.71263851225376 0 0 0.1801111102104187 888.2404103428125 0 0 0 0 1.017898291349411 8.342166885733604 0 5.170747250318527 4.357685223221779 2.525897547602654 0.3635755777359009 5.773723587393761 6.604263186454773 11.34866437315941 1.636713653802872 0 0.2999131083488464 0 0 0 0 0 0 0 0 0 0 0 0 0 0.127155989408493 0 0.1640832275152206 0 0 1.960982799530029 0 0 0 2.465250253677368 1.021962836384773 4.184964746236801 0.4593829661607742 0.3558787703514099 0 0 0.1348243355751038 0 0.632342129945755 0.5119354724884033 0 0 0.2936901152133942 0 0 0 0 0 0 0 0 0 0 0 0.3100703358650208 0.837856650352478 0.138981431722641 0.7885951995849609 0.862704336643219 0 0 0 0 0 0 0 10.98772435635328 0 0 0 0 0 0 0.8280600309371948 0 0 0 0.3673283159732819 0 0.2605991661548615 0 0 0 0 0 0 0 1.925166577100754 0.5605696439743042 5.699137479066849 132.6359570324421 31.79183776676655 403.7998984754086 90.23423244804144 621.8782509043813 67.77488725632429 9.117930129170418 11.10264998674393 2.896318346261978 0.1937711983919144 0 0.1179604157805443 0.2636391520500183 0 0.14224873483181 0 0.4508022889494896 0
1003.087795838714 687.3765261992812 0 7.382493987679482 476.299583747983 4.718339920043945 40.22128024697304 891.9635235220194 266.3796279281378 5.543437995016575 2822.615247547626 1.966304779052734 28.19523987919092 101.9758910238743 53.56973715126514 29.18469202518463 9.407856032252312 6.825080908834934 1.170221135020256 24.2519084662199 48.1244113817811 0 32.65768352150917 9.455491282045841 1.539391927421093 11.63845017552376 9.246261328458786 2.444275893270969 0.4965294599533081 0.5905325040221214 9859.318711005151 465.9023127406836 86.06807698309422 11.87794900685549 30.75285379588604 0.9316436797380447 8.773937180638313 1.778938084840775 1.124989032745361 2.740670241415501 19.5268938690424 3.945010952651501 3.899368196725845 13.54409443587065 18.34823402017355 17.71088276803493 148.1319337561727 18.2460797727108 2.620476976037025 20.81337543576956 2.563880018889904 0.1035757064819336 0.2646457701921463 3.084534265100956 6.82694449275732 14.45595692098141 155.8040439933538 1954.86666636914 20.95276685059071 43.71414793282747 40.12209514528513 18.32084587216377 9.491857692599297 308.4970250725746 9.511283077299595 6.658875167369843 4.299566075205803 11.43796762079 20.12638609856367 57.44123128056526 0.8242150992155075 3.176135316491127 0 311.6693073064089 205.111741617322 119.2790955901146 103.4850258380175 45.9613748267293 433.3707848340273 2939.720532551408 54.15989198535681 482.5698932185769 19.2732547968626 0.1884525790810585 7.946347109973431 11.34485746175051 28.80259896069765 0 2.504023626446724 0 1.495347082614899 0.772013783454895 34.25913319736719 3.350975945591927 2.715070687234402 0.3371414244174957 0 0 0 1501.991245418787 0 0 0 0 0.2956815361976624 1.949894577264786 0 1.566012144088745 0.8319898843765259 2.12213397026062 0.6073994040489197 0.5698322653770447 2.767847642302513 3.166473835706711 0.5499209016561508 1.189272344112396 0.7255032360553741 0.1301641017198563 0.4845055341720581 0.3669785484671593 0 0.1386227458715439 0 0 0 0 0 0.2509383037686348 0.2372051477432251 0.1489487439393997 0.4304962307214737 0.7227892428636551 0.1360566169023514 0 0.1758261620998383 0 0.178091824054718 0.3905331939458847 0.140631377696991 0.2659197151660919 0.9579487144947052 2.151247285306454 2.417875841259956 0.8100940436124802 0 1.258074194192886 0.1434521377086639 0 0.4717992097139359 1.110927358269691 0 0 1.0711779743433 0 0 0.1386106163263321 0.9391150772571564 1.224091164767742 0 0 0 0 0 0 0.2785340249538422 0.5965771302580833 0.8371910154819489 0 0 0.1107595786452293 0 0 0.2488477751612663 0 0.1271307319402695 0.2366379722952843 3.650860190391541 0 0.1239877268671989 0 0.9095098450779915 0 0.2700137197971344 0 0.565914511680603 0 0 0.3306201696395874 0.6138846874237061 0.1265537291765213 0.09657113254070282 0 0.1075632274150848 0.07894595712423325 0 0 0 0 1.179365068674088 1.074489802122116 168.8748187273741 43.49515254050493 269.8972958698869 87.82510014623404 292.0079115480185 32.45816053450108 5.474867552518845 34.50165338814259 1.745172373950481 0.3995996862649918 0.29389788210392 0 2.363383039832115 0 0 0.7625100910663605 4.228501252830029 0
1133.918694853783 116.676665276289 7.382493987679482 0 127.4988310337067 429.823186442256 1624.859686940908 0.2503853440284729 144.2843689322472 2143.489645257592 4.266642346978188 479.0921071469784 2761.942829221487 196.0468952730298 0 0 0 0 0 0 0 0 0 0 0 0 0 0 0 0 11.19477489590645 0 0.4606748074293137 0 0 0 1.705475896596909 0 0 0 0 0 0 0.3515162169933319 0 0 7.277063772082329 2.338401660323143 0 0 0.1358858495950699 0.1395733952522278 0 0 0.7179058790206909 2.121375724673271 28.96012210100889 136.7959231063724 2.086662866175175 3.992325663566589 0 0.413377583026886 0 0.3185856640338898 1.397206425666809 0.6127789691090584 0.6295751705765724 0 0 0 3.402472972869873 0 0 37.98705863952637 6.501642838120461 3.398664459586143 0.8650521337985992 0.1370616406202316 0 0.8171320557594299 0 0 3.116738341748714 0 1.126835912466049 1.484955601394176 0.1194207444787025 0 0.2304122075438499 0 0 0 0.1717067211866379 0 0 133.6327515244484 0 0 0 125.8527656197548 0 0 0 0 0 3.340931728482246 1.126051291823387 1.621642127633095 12.67058852314949 3.582234188914299 0 1.336809411644936 2.513207584619522 2.67355515062809 0.6131553053855896 0 0 0 0 0 0 0 0 0 0 0 0 0.2658260762691498 0 0 0 0 0 0 0 0 0 0 0 0.2015998661518097 0.3276238441467285 0 0.1466265469789505 0 0 0 0 0 0 0 0 0 0 0 0 0 0 0 0 0 0 0 0 0 0 0 0.2462237775325775 0 0 0 0 0 0 0 0 0 1.085292220115662 0 0 0 0 0 0 0 0.5749574899673462 0 0 0 0 0 0 0 0 0 0 0 0 1.001355439424515 0 0.6918152719736099 10.47511920332909 1.04513318836689 21.11748777329922 5.483921118080616 370.5531963706017 2.866005137562752 0 0 0 0 0 0 0 0 0 0 0 0
1198.028802409768 2343.426671788096 476.299583747983 127.4988310337067 0 12.00478081405163 1649.87416767329 35.93986409157515 7255.905851982534 110.3164778649807 2606.269341222942 16.52768418192863 605.6282017454505 315.0003443211317 29.42068008333445 5.584425926208496 0.2306703329086304 0.8926338255405426 0 0.7479868158698082 1.167537927627563 0 0.6907956451177597 0.1370275765657425 0.8394427895545959 0.9766187742352486 0.3110295310616493 1.139118447899818 0.375343918800354 0 694.5209857150912 104.2244913429022 34.22192832827568 0.1238173246383667 0.435995951294899 2.615573301911354 46.87100147455931 2.987198799848557 0.7467401325702667 0.7728287056088448 0.1148038282990456 0.4406324177980423 0.1600090712308884 2.27519004046917 1.949239581823349 0.1446710526943207 475.9284090772271 30.96903335303068 0.8333913758397102 3.814980313181877 3.454546265304089 0 0 0.8592504784464836 14.72801730036736 33.31388571113348 114.8681986704469 482.5017806440592 30.88000428676605 103.9627741724253 0.1959368288516998 3.154193386435509 0 86.06683196127415 23.21875152736902 14.83859860897064 10.61851345747709 6.070613645017147 3.046477548778057 1.582115933299065 43.06705150008202 15.59722432494164 0.614179790019989 629.0342953652143 325.2677436470985 283.2838652059436 163.0246192365885 9.400373384356499 1.744691491127014 30.89680871367455 2.890079006552696 6.571782030165195 44.32552183419466 0.9007019028067589 17.15421273559332 21.68317826092243 6.429211020469666 1.318035572767258 5.797606691718102 0.141567200422287 3.235845327377319 0.8855995088815689 0.8280318975448608 1.454600773751736 2.560713171958923 106.0118511915207 0 0 0 150.9942874014378 5.163109108805656 2.618929386138916 9.133676379919052 1.275612652301788 10.50756394863129 177.6013770848513 10.18337339162827 105.3817396312952 79.30460907518864 66.04829703271389 17.17651574313641 143.4043093770742 111.2227392196655 183.1752205193043 67.03917749226093 2.364270180463791 2.837580755352974 0.622284471988678 1.941981375217438 0 0 0 0 0 0 0 0.4670918583869934 0 0 0.2196435630321503 0 0 0 0.1322138160467148 6.302129715681076 1.690320581197739 0 0 0 78.76870062947273 43.32580845057964 41.23795995116234 7.854536294937134 3.781116716563702 0 0 0 0.676214873790741 0.869705855846405 1.500924080610275 0 1.793965846300125 10.08637788146734 0 0 0 2.163835465908051 0 0.207340806722641 0.6436208486557007 0.1536578387022018 1.61780196428299 6.392508909106255 0 0 1.463224232196808 14.03046409785748 2.191921174526215 0.9446493089199066 0 0.1541430652141571 0 0 0 0.4484930112957954 0.3270714581012726 136.1220289245248 1.179711937904358 0 0 0.3449869900941849 2.000034227967262 0 4.910294532775879 3.496635466814041 1.640594780445099 1.094615399837494 0.8456487059593201 1.790606051683426 0.5048897266387939 0 0.1054225787520409 0 0 0.1013597920536995 0 0 47.66660510003567 10.30688998103142 28.26455862820148 229.598251901567 87.7285480722785 717.2702411040664 243.5578454136848 159.657450132072 101.8516587913036 19.9122352451086 62.11291449517012 9.697903342545033 0.2212616801261902 12.69814606755972 2.826013892889023 22.74624402821064 1.619532734155655 0 1.802622199058533 5.796994715929031 0
275.573219820857 259.2813535034657 4.718339920043945 429.823186442256 12.00478081405163 0 190.6725868731737 1.518953323364258 11.00755448639393 728.2693890482187 6.329854741692543 121.8963232338428 185.5287073850632 20.75250296294689 0.8251503705978394 0.2413678616285324 0 0 0 0 0 3.164458498358727 0 0 0 0 0 0 0.4748351871967316 0 3.081916108727455 0.5940753817558289 20.51787292957306 0 0 0.2425212860107422 29.50460462272167 1.957463249564171 13.76736658811569 0.6877832561731339 0 0 0 0 0 0.1121612265706062 7.237193673849106 0.4613400995731354 0 0 0.6757380068302155 20.61514799296856 0.4372045695781708 12.62660545110703 0.865539163351059 2.26640660315752 245.7106027305126 68.58600831031799 2.463837593793869 0.3137087672948837 0 2.001718431711197 0 0.6473984867334366 0.2426815554499626 0 0.4208246469497681 0 0 0 243.0961381793022 423.8571650832891 5.964091584086418 16.45345720648766 1.318971320986748 0.9087627604603767 2.350047335028648 0.3804890960454941 0.326202929019928 4.940105646848679 0 0 0.1982521712779999 6.971177607774734 0.2665657848119736 0.8707431703805923 0 16.35068000853062 3.377194598317146 10.91233979165554 1.491904497146606 16.70100468397141 0 0 5.430765330791473 370.8615143597126 196.2401556372643 15.34016172587872 20.43100427091122 626.127866178751 0 0 0 0 0 0.4273805171251297 0 1.326316952705383 0 0 0 0.1975816786289215 0 0.2437345832586288 0.8523714393377304 0.1286245882511139 0.9873182475566864 0 0.1802157312631607 0 0 0 0 0 0 0.3917357325553894 0 0.3939765691757202 0 0.331942543387413 0 0 0 0.3119127154350281 0 0 0 0.1581213921308517 0 1.661174044013023 0.5270638763904572 2.564067363739014 5.04292605817318 1.7790157943964 0 0 0 0 0 0.715427502989769 0 0 0.4805524349212646 0 0 0 1.736333474516869 0 0 0 0 0 0 0 0.1753509193658829 0.5708041936159134 0.1524841636419296 0 0 0 0 0 0 0 0 0 0.7701538950204849 2.407872468233109 0 0 0.1778913736343384 0 0.1659490615129471 0 0 0 0 0 1.679810881614685 0 0.1151350066065788 0 0 0 0.1123603209853172 0 0.2661453485488892 0.3942413777112961 2.212942406535149 2.231407657265663 5.7687122002244 0.8862233906984329 5.519839905202389 1.599248558282852 111.6292956322432 0.6443221569061279 0.6156011074781418 0.7246371656656265 0.970312163233757 0 0.3815543651580811 0 0 0 0 0 0 0
747.7961792349815 1229.251080691814 40.22128024697304 1624.859686940908 1649.87416767329 190.6725868731737 0 11.46189890801907 1756.125473886728 1998.053657382727 263.8214420154691 34.8293548822403 5552.368773251772 2248.171996317804 18.81035304814577 1.350134193897247 0.2409607172012329 0.7060802280902863 0 0.5164418816566467 0.8099487721920013 0 0.311577707529068 0.2942204773426056 0 0.3212588429450989 0 0.1094512268900871 0.2237407863140106 0 190.6559559255838 30.08967375010252 22.30530699342489 0 0 0.611861526966095 25.10891619324684 0.9964232593774796 1.24023026227951 1.426754355430603 0.316898450255394 0.6180982738733292 0.1506161689758301 0.9687101989984512 0.4614841938018799 0.3217553645372391 306.8588757961988 23.44503246247768 1.064223244786263 1.124887578189373 2.788114368915558 0 0 0.701703205704689 10.16729781031609 22.06006176769733 133.2482363581657 581.0182037129998 25.99600532650948 73.50144857168198 0.3838661313056946 3.218139782547951 0 41.29516571760178 16.6087012887001 10.49278397858143 4.604304246604443 1.810784205794334 0.5220355987548828 1.199521474540234 24.71473885327578 14.78046545386314 0 527.5890001803637 238.6884877756238 159.1104800105095 75.40900158137083 6.924057394266129 1.367669716477394 11.198391020298 1.430897742509842 5.805640578269958 40.14682049304247 0.2779855132102966 13.17959298193455 17.87650845199823 4.624012880027294 0.09360036998987198 3.970355838537216 0.3097779154777527 1.785399921238422 0.8106960654258728 1.241465881466866 0.7127344533801079 1.218384459614754 438.2174470424652 0 0 0 138.0280759930611 1.998796798288822 2.529639601707458 7.253611624240875 1.14769634604454 9.051073491573334 145.3221725076437 9.701279476284981 83.6367629468441 59.08919537067413 66.01301229000092 12.44954743981361 105.7815972715616 109.49015635252 145.4581533819437 38.59864667057991 0.2813517898321152 0.2496743202209473 0 0.2683185338973999 0 0 0 0 0 0 0 0 0.1917078495025635 0 0 0 0 0 0 2.298664659261703 0.4497501254081726 0 0.1403142362833023 0 36.00508318841457 16.65449979901314 27.4896877259016 6.807378366589546 1.503463476896286 0 0.1212211772799492 0 0 1.023771062493324 0.3318332433700562 0.1434385776519775 2.269501030445099 7.781164735555649 0 0 0 1.20490038394928 0.2825139760971069 0 0 0 0.7230292856693268 2.417618244886398 0.3360633552074432 0 1.406028389930725 6.952006429433823 0.4949849247932434 0 1.1163529753685 0 0 0 0 0 0 91.22803261876106 0.9362654387950897 0 0.2348442077636719 0 1.117004483938217 0 1.211919784545898 3.130025207996368 1.601968213915825 2.465032085776329 0 2.450125172734261 0.640000581741333 0 0 0 0 0 0 0 52.33509041368961 4.628214329481125 16.62928204238415 163.5215330049396 37.43424506485462 428.1109012365341 114.0589428693056 362.2881940901279 70.30284533649683 16.18480836600065 29.75614812970161 6.721453875303268 0.2518794536590576 10.96497400850058 0.4353081360459328 25.5536162853241 0.5306561589241028 0 4.925308346748352 1.79625141620636 0
69.7653334736824 56.53235097974539 891.9635235220194 0.2503853440284729 35.93986409157515 1.518953323364258 11.46189890801907 0 280.8838476091623 0.3369868099689484 3987.641425997019 1.552502423524857 28.78791601210833 219.61488032341 95.64690112322569 40.76739133894444 23.0836995318532 46.05777086317539 2.945706352591515 129.7254015505314 109.6074255108833 0 54.4251536950469 19.68527230620384 8.492219477891922 8.794727243483067 9.309901043772697 1.600650779902935 0.9607611447572708 0.6489118784666061 737.177587389946 1479.175192669034 71.63273258507252 57.67978163808584 39.83772601932287 4.710131034255028 7.314641557633877 4.725095331668854 1.796939983963966 7.278118968009949 39.63714797049761 13.0042483061552 29.5028510466218 38.47100849449635 82.0530741661787 111.7801370024681 365.4354724362493 32.26360247284174 15.40131522715092 136.921787776053 3.384830042719841 1.155283562839031 1.029646672308445 10.02986298501492 5.294532835483551 11.91356778144836 51.74020016938448 269.3402004912496 12.625015206635 61.27009110897779 286.811005346477 25.31579279154539 33.69761608541012 472.9243146926165 9.229032956063747 13.57937455922365 4.163296610116959 38.25068142265081 76.55035454034805 135.9323432296515 3.069322466850281 1.142750024795532 0.252420648932457 298.2803700342774 299.1340172886848 261.3935031071305 327.2926943525672 262.3243010863662 1067.348093889654 3686.308883845806 780.7904528081417 2621.428620673716 20.64754031598568 0.2053754329681396 12.95774905383587 9.207587167620659 131.7861321270466 0 2.392690502107143 0.1696861088275909 4.21035186201334 3.017985224723816 58.23128620535135 12.28716995567083 10.37810033559799 0.165312871336937 0 0 0.2741486430168152 72.91969133913517 0 0 0 0 0 3.790524899959564 0 2.220616489648819 0 0 0 0.4177068173885345 1.479742005467415 1.419634655117989 0.6350225210189819 0.4338037222623825 0.406813770532608 0 0.6736020147800446 0.176316037774086 0 0 0 0 0.1425700783729553 0.2523062825202942 0 0 0 0 0.8062955811619759 0.4443104043602943 0.3054986596107483 0 0 0 0.1812704056501389 0.5122970789670944 0 2.058690443634987 0.7217686921358109 1.486265070736408 2.406743310391903 1.890318393707275 0.6936208754777908 0.8360012471675873 0 0 0.8012763857841492 0.1277132481336594 0.1401471644639969 0 0 0 0.1610127538442612 0.2850023955106735 0.3088940158486366 1.598361052572727 0 0 0 0.09395112097263336 0.3955100774765015 0 0.1758544445037842 0.1250292062759399 1.455082297325134 0 0 0 0.1166081577539444 0.1325573027133942 0.1562750935554504 0.2563907280564308 0.3943957164883614 2.35762395709753 2.478873938322067 0.1485564559698105 0 0 1.550344027578831 0 0.569151759147644 0.2107528299093246 0 0 0.2890675365924835 0 0 0.7654652893543243 0 0 0 0.07450119405984879 0 0.2838534712791443 0 0.832589328289032 1.795590996742249 1.266803048551083 276.2049493566155 58.23421707004309 571.8546515330672 169.5960906818509 37.00171403586864 45.81293568760157 10.07433290779591 51.97807398438454 2.39851202070713 0.8674015551805496 1.641080722212791 0.1294323951005936 2.73718672990799 0.1286878138780594 0 1.041746750473976 3.235140159726143 1.35610343515873
30.09326287358999 1215.002040401101 266.3796279281378 144.2843689322472 7255.905851982534 11.00755448639393 1756.125473886728 280.8838476091623 0 268.2971549928188 2790.270576938987 25.03877352178097 869.8148565813899 1753.005789265037 54.5748797878623 12.51747483760118 0.9931399524211884 0.5016926229000092 0.3107878565788269 1.985821887850761 2.956647641956806 0 2.190430976450443 0.7309506088495255 0.1272672563791275 0.1307555139064789 0.613385334610939 0.5999254211783409 0.9113793820142746 0.1178002059459686 61.37440951913595 46.93998802453279 65.97251498699188 1.328722424805164 1.652316831052303 1.309378892183304 75.23755711317062 4.443221926689148 1.566965118050575 3.594471260905266 1.903875440359116 1.466712474822998 0.3145156726241112 5.0811547935009 1.990985810756683 0.6550280302762985 384.4961444213986 17.19611421227455 0.9168301299214363 4.19883855432272 1.682835184037685 0.1735209971666336 1.049773216247559 0.6575334519147873 9.94060030579567 17.41430377960205 52.81238379329443 117.6196387559175 27.47953069955111 62.81802778691053 0.8938332125544548 3.842491701245308 0 41.04004121571779 13.12706455588341 8.73625198751688 6.070347338914871 7.075510255992413 3.101664118468761 7.176078408956528 58.7352080643177 17.1709385663271 0 302.5175551250577 142.6397489532828 200.8950725272298 140.836641214788 24.02822292596102 3.109052605926991 44.77421420067549 4.340829513967037 9.305913761258125 18.653719201684 0.8228990212082863 9.555499166250229 14.7777282372117 9.499519899487495 0.3169297426939011 3.814831748604774 0.1223702058196068 3.305562794208527 0.7182795479893684 4.936349093914032 1.51902136951685 2.159438960254192 249.0510864853859 0 0 0.5806846618652344 5.468881040811539 10.86244713515043 4.723799630999565 11.27401393651962 3.014627248048782 17.99668130278587 262.5935138911009 17.08309572935104 147.9746682345867 104.6459084451199 101.0478463470936 19.96083070337772 172.6786540448666 151.7853296101093 265.1595340073109 70.15763430297375 4.249189235270023 5.571745783090591 0 1.931963294744492 0 0 0 0 0 0 0 0 0.1709473729133606 0 0.2619401216506958 0.1231369078159332 0 0 0 0.7563011199235916 1.84244254976511 0 1.989304229617119 0 95.53324964642525 33.72820167243481 49.05866898596287 12.94432045519352 3.490032494068146 0.2925504446029663 0.4086850136518478 0 0 3.937953680753708 0.2036758661270142 0 4.981290861964226 11.59925995022058 0 0 0 0.9828773736953735 0 0.3083745539188385 0.8608998954296112 0 2.339695677161217 10.29326146841049 1.937741994857788 3.158113047480583 4.74774569272995 24.76199618726969 3.1481793820858 3.080375865101814 0.636056661605835 0.1520697623491287 0.1893953233957291 0 0.1208169609308243 0 0.1118109747767448 164.3602650910616 2.913964837789536 0 0 0.2700145542621613 1.12416473031044 0 0.3855157196521759 5.365012109279633 2.241334035992622 4.943533629179001 0.8694823533296585 1.915750831365585 1.365812718868256 0 0 0 0 0.3433206155896187 0 0 74.47084261476994 13.0674734711647 30.24775646626949 330.3251878656447 75.10791985690594 776.0592411980033 341.4091766774654 129.5394024252892 102.0597820729017 33.32974068075418 105.5685289204121 15.43936497718096 0.6529014408588409 21.5020310357213 2.868149369955063 31.70227213203907 3.059974879026413 1.666781663894653 2.948770225048065 6.557151593267918 0.2623473107814789
979.107775747776 205.4904887750745 5.543437995016575 2143.489645257592 110.3164778649807 728.2693890482187 1998.053657382727 0.3369868099689484 268.2971549928188 0 6.20431150496006 1389.448513627052 13402.77799373865 514.0138674452901 0.4768207222223282 0.6982211172580719 0 0 0 0 0 0 0 0 0 0 0 0 0 0 19.7259197384119 0.2457784861326218 20.35624150931835 0 0 0 32.19345246255398 0 0.2445095032453537 1.267645061016083 0 0 0 0 0 0 7.367141962051392 2.064021915197372 0.1661736816167831 0 0 0 0 0 1.156001582741737 2.39608521014452 32.77215253561735 127.0770222246647 3.115484222769737 3.732270054519176 0 2.356117308139801 0 0.6848055124282837 0.9641701132059097 0.1055134311318398 0.2234706208109856 0 0 0 46.64675518870354 6.53080815076828 0 34.72124364227057 10.29942197352648 6.571535430848598 1.440696939826012 0.2278442829847336 0 3.135860726237297 0 1.211148977279663 4.513012655079365 0.1186109259724617 0.7679728418588638 1.969697318971157 0 0 0.5043670609593391 0 0.136813297867775 0.4168650358915329 0 0.1249289140105247 0.1536707431077957 601.3159500956535 0.6309669017791748 0 0 187.4962310791016 2.133193135261536 2.031275123357773 1.763830155134201 4.819141834974289 2.277405813336372 52.85313948988914 9.307469457387924 30.81757575273514 38.79785440862179 42.30135214328766 2.167025804519653 294.2940403968096 157.7763445526361 409.5854544192553 2.599827617406845 0.1898525655269623 0.1479998975992203 0 0.328199028968811 0 0 0 0 0 0 0 0 0 0 0 0 0 0 0 0 0 0 0 0 4.544591471552849 0.3353705108165741 1.279037624597549 0 0 0 0 0 0 0 0 0 0 0.1411861926317215 0 0 0 0 0 0 0 0 0.5908218622207642 0.4464324116706848 0 0 0.2991368174552917 0.8884671926498413 0 0.180812269449234 0 0.1913286745548248 0 0 0 0 0 10.32742813229561 0 0 0 0 0.7794504910707474 0 0 0.1408709287643433 0.5358809232711792 0 0.2910618782043457 0.1661537140607834 0 0.1165124997496605 0 0 0.1889772415161133 0 0 0 28.30657681822777 0.4228789806365967 0.9788718968629837 22.33780542761087 1.786212712526321 24.70829308778048 3.290674038231373 447.3274029940367 3.527787193655968 3.925122484564781 1.417183995246887 0.8645082116127014 0 0.7564339339733124 0.1251413226127625 15.36597628891468 0 0 0.8922256231307983 0.1417365223169327 0
673.146111831069 1866.998278595507 2822.615247547626 4.266642346978188 2606.269341222942 6.329854741692543 263.8214420154691 3987.641425997019 2790.270576938987 6.20431150496006 0 36.24956369400024 1537.812447287142 4713.989121600986 106.9661516621709 35.3818389326334 6.823503784835339 5.381003506481647 1.043602861464024 12.88460063189268 23.56654265522957 0.1887435764074326 21.6986728310585 9.27213828265667 1.926812097430229 15.17514605075121 12.36621470749378 1.452944040298462 1.470840230584145 1.859749108552933 1348.728473313153 141.0400562882423 446.272755369544 7.094956159591675 31.83162118494511 1.672196850180626 133.1772451996803 8.193143509328365 10.23984309285879 11.45249184221029 14.39340925961733 5.390934132039547 3.577263437211514 19.75324867665768 14.26099816709757 10.35581156611443 518.5840443149209 26.11134478449821 1.865941412746906 17.33761595189571 4.080378331243992 0.2129433155059814 0.7533133029937744 3.315153859555721 8.467802599072456 23.8859301134944 100.5343933179975 434.3889823108912 31.58544778823853 89.5737818852067 11.17412803322077 11.73390671610832 2.197028070688248 117.5069023817778 14.77366179227829 16.0726428553462 6.555079340934753 12.85945475846529 16.18389266729355 38.83829390257597 53.27704146504402 16.63043200969696 0.144980251789093 458.4983490854502 292.0193021520972 332.5413936898112 256.9548460394144 67.09431742876768 183.1918979659677 1220.758151672781 14.6315096244216 45.03953243046999 28.43669716268778 1.845508828759193 13.04258814454079 18.92255731672049 20.77603630721569 0.09345169365406036 4.076683968305588 0.2176520377397537 3.611711211502552 1.23271156847477 33.38522242754698 5.279096446931362 4.061436697840691 47.62159559875727 3.498649537563324 0 0 255.1841329932213 0.1125841289758682 0 1.504315450787544 0 5.124381199479103 18.79921443760395 0.6183913201093674 14.52239571511745 9.65292589366436 5.951794251799583 3.866820886731148 15.12609209120274 16.88107208907604 27.6050808429718 14.6384357213974 2.24681368470192 2.087557181715965 0 1.14354045689106 0 0 0.3965983539819717 0 0 0 0.3402887284755707 0 1.212135478854179 0.1725800335407257 0.1474963426589966 0.5962117165327072 0.8540396392345428 0.2485571950674057 0.2511241808533669 0.5146041512489319 0.6793833076953888 0 1.171378210186958 0.2835754752159119 24.30718582868576 13.57902626693249 24.3884629458189 7.422658935189247 2.02878700196743 0.6215014532208443 0.2963123843073845 0.3551878780126572 0.1433211863040924 2.142531096935272 1.164746269583702 0.2794521152973175 1.232529267668724 3.041118010878563 0 0.1514648199081421 0 1.86802239716053 0.8674914538860321 0 0 0 0.5524936765432358 1.482858076691628 0 1.390589639544487 4.025508597493172 8.545751795172691 0.5280788540840149 1.208038225769997 0.2983712553977966 0.1261634677648544 0.1422513574361801 0.1081527844071388 0 0.4424526542425156 0.6234471946954727 36.50456091761589 0.8173874467611313 0 0 0.5128624364733696 0.2414212375879288 0 2.308792591094971 1.380777567625046 0.658746138215065 0.3172709941864014 0.4789144545793533 0.635980635881424 0.4751148894429207 0 0 0 0 0.236140750348568 0 0 7.413823276758194 5.021959975361824 14.83395183831453 407.2757586240768 104.6169298738241 904.0604305267334 367.3896899074316 153.5138078704476 113.4914491996169 24.31508464366198 127.996499761939 6.591767214238644 0.398748479783535 6.724655710160732 2.327696949243546 5.244681879878044 0.2841152399778366 0 1.817997634410858 9.455982334911823 0.9705648124217987
31.61252196133137 3.932556807994843 1.966304779052734 479.0921071469784 16.52768418192863 121.8963232338428 34.8293548822403 1.552502423524857 25.03877352178097 1389.448513627052 36.24956369400024 0 2465.915720522404 95.81933517754078 6.88324747979641 5.866268038749695 0.6975729912519455 0.2352920919656754 0 0.2877847254276276 0.9034757316112518 0.3850552141666412 0.2834327220916748 0 0 0.6490319073200226 1.473443984985352 0.6054452657699585 0.8101600706577301 0.3241739124059677 0 2.737958386540413 90.94088524580002 0.5215485095977783 0.9599112421274185 0.2275970876216888 236.0190782546997 10.17318508028984 7.846046268939972 8.408594653010368 0.369513213634491 0.6955461204051971 0 4.766708001494408 0.4234044551849365 0.3995140492916107 12.37147253006697 0 0 0 0.9588556215167046 0.5667988359928131 0.1943155825138092 2.184761069715023 0 0.8630119860172272 5.128979556262493 8.637405812740326 0.5303675904870033 0.7307590320706367 0.1963111460208893 24.51804552972317 0.3899078816175461 2.179132729768753 0.275156244635582 0.08480669558048248 0.09431051462888718 0.1900401562452316 0.5163633227348328 0.7089154571294785 151.9790931195021 85.01876698434353 0 13.68278617411852 4.255741909146309 9.035286732017994 9.987736478447914 6.899999663233757 0.5408260524272919 47.0665058195591 0.4906268119812012 8.52139338850975 0.3778890669345856 0.2500953674316406 0.4707807376980782 0.3613173365592957 0.4022717177867889 1.050556778907776 0.493729293346405 0.7275536805391312 0.1505522280931473 1.016850203275681 1.509554281830788 0.7524849027395248 0.82394739985466 2035.27896527946 27.94472976028919 0 0 29.66966958343983 5.803470656275749 5.923459470272064 6.102187260985374 4.790529623627663 13.69103035330772 165.6572171002626 14.58614410459995 93.27516955137253 58.85603855550289 66.68190312385559 12.91104057431221 116.1505276560783 113.2538553476334 203.2078659981489 47.71926110982895 2.193632334470749 1.195140108466148 0 0.6952201426029205 0 0 0 0 0 0 0 0 0 0 0.3364353477954865 0 0.77726149559021 0.4934896379709244 0 3.56646803021431 2.054241746664047 0.2281842678785324 0.5349266827106476 0 67.81863915920258 18.12520207464695 31.06523580849171 6.573396056890488 0.692402109503746 0 0 0 0 0.6430705338716507 0.7042951732873917 0 4.859259128570557 9.173339307308197 0.3839068412780762 0 0 0.9095598310232162 0 0.4793253242969513 0.5217363238334656 0 3.875066064298153 5.63108979165554 0 0.6041790693998337 2.216975167393684 12.55547991394997 1.903292506933212 1.475633129477501 0.3735314458608627 0 0.3573532104492188 0 0 0 0.1590891182422638 138.8741761744022 1.48161569237709 0 0 0.1279886811971664 3.276700079441071 0 0.3440901339054108 3.765771642327309 2.275244504213333 1.911280527710915 1.959693908691406 2.403228484094143 1.481646172702312 0 0.1715127527713776 0 0.3071900904178619 0 0 0 69.36106362938881 9.281175896525383 27.99283373355865 37.7917305752635 4.765499532222748 29.23887242376804 11.47613125294447 47.70695613324642 1.503811545670033 5.272342473268509 10.54494263231754 8.013412073254585 0.5196771621704102 14.25397328287363 1.145648404955864 22.39805097877979 0.7918131351470947 0 0.9526762813329697 0.4836973696947098 0
142.3707199841738 440.8453903645277 28.19523987919092 2761.942829221487 605.6282017454505 185.5287073850632 5552.368773251772 28.78791601210833 869.8148565813899 13402.77799373865 1537.812447287142 2465.915720522404 0 3619.837013751268 46.29453332722187 22.33463468402624 5.119274131953716 0.9703196138143539 0.3308639824390411 3.669726245105267 8.262037716805935 0.5559428483247757 6.545808687806129 3.003700338304043 0.8528691977262497 5.797609478235245 3.218296393752098 3.197009615600109 2.955406367778778 3.677086666226387 5.868797734379768 10.81638834625483 662.6247234269977 1.330682381987572 9.085337087512016 8.001465752720833 391.8006412833929 26.4621287882328 21.17164808511734 37.90935787558556 7.479712970554829 4.598295509815216 0.4122435301542282 10.92319087684155 4.71825498342514 4.502030953764915 124.0858427882195 3.558528952300549 1.359496168792248 1.752939835190773 1.393262691795826 1.087394028902054 1.9297254383564 5.984053567051888 1.704843878746033 5.811604343354702 20.76039954274893 35.05310216546059 7.752832934260368 16.55723080039024 2.663211591541767 45.78721179068089 0.9468161761760712 27.41148643940687 2.419708542525768 3.596460327506065 1.125796124339104 5.635799132287502 3.280755273997784 12.07518683373928 306.505927786231 81.68715895712376 0.2666977196931839 83.24748012423515 41.03480765223503 72.95288453996181 69.08089523017406 37.29476676881313 4.599048599600792 187.8848347365856 3.090575210750103 25.58039303869009 4.94312945753336 0.2628676071763039 2.657845929265022 3.573626764118671 5.433631256222725 1.752462714910507 0.9892294183373451 0 1.434610635042191 1.474455989897251 14.15661843121052 2.306435853242874 2.010339513421059 3505.813825547695 15.93951526284218 0 0.2568020522594452 33.70112705230713 14.09960276633501 11.20911003649235 17.11530441045761 10.83527037501335 32.87045700848103 396.8560104519129 40.02288009226322 228.1134440749884 252.7667828500271 182.9518273174763 30.05346883833408 318.6320907324553 300.0592081993818 456.4073261469603 117.7664701491594 3.480479940772057 7.107281625270844 0 1.823796615004539 0 0 0.685341477394104 0 0 0 0.455904558300972 0 0.6582442969083786 0.3023218810558319 0.6717244759202003 0 2.134160578250885 0.4735700339078903 0.1474056988954544 7.486467316746712 3.37821364402771 0.2743605673313141 3.226867139339447 0 128.8883954137564 48.61018306016922 63.16847774386406 15.47033394128084 5.328986823558807 0.3136400282382965 0.1417875736951828 0.376019299030304 0.1106362119317055 2.232847094535828 1.35116907954216 0 7.724247097969055 15.5509649515152 1.400001287460327 0.8201716393232346 0 2.056955233216286 0.5200616419315338 0 2.278631716966629 0.2398787513375282 3.980223894119263 9.280381813645363 0 1.017572537064552 6.382742747664452 41.29022316634655 3.444016426801682 1.414427489042282 1.517699755728245 0.2072624713182449 0.7347362190485001 0 0 0 0.1876109093427658 338.5010162591934 1.481335297226906 0 0.1442753523588181 0.4706327617168427 2.925498485565186 0 3.765221461653709 8.951044343411922 3.791810855269432 5.182685926556587 1.530334666371346 3.397055998444557 1.721066132187843 0 0 0 0.1951535791158676 0.1094545423984528 0 0 171.5127029269934 18.95172968506813 57.54397337138653 212.1920027211308 51.8019003123045 283.819181099534 134.5105608850718 143.7069781124592 32.64929156750441 12.98664676398039 65.75284530222416 16.52563339471817 1.016548380255699 28.67999361455441 3.270694561302662 53.19398659467697 2.058700889348984 1.050838023424149 2.506454437971115 5.76563373208046 0
