0 5101.442540243268 782.9024369046092 1686.255354717374 881.3836517035961 128.7551931887865 1032.048112720251 120.1707481145859 219.8249005973339 1073.678302451968 464.0974517986178 222.2616082280874 147.0836841464043 47.33073733747005 1.139682270586491 0.4917954728007317 0.1654458343982697 0 0 0.1706614047288895 0.3517368733882904 0.2975932657718658 0.3304446041584015 0 0 0.1198303997516632 0 0.266858384013176 0 0 1192.748780325055 4.067025601863861 6.624852538108826 0 0 0 17.98231084644794 0 0.9873725324869156 0 0.4697499424219131 0 0 0 0 0 6.710329785943031 1.06253644824028 0 0.4515443742275238 0.3452620506286621 1.046900793910027 0 0 2.546663999557495 2.296759724617004 126.343276552856 978.7612185999751 55.3956985771656 7.201032750308514 0.6034584045410156 2.430194601416588 0 4.802175723016262 1.426734663546085 1.666411556303501 1.60430633276701 0.5278267115354538 0 1.778987750411034 72.25518178939819 74.64581274986267 0.9263658821582794 77.53901486098766 14.7218880802393 2.238374285399914 1.355512522161007 0.2980685532093048 9.074425727128983 60.01955710351467 0.8463298976421356 8.13730289041996 6.241525575518608 0.1175497025251389 0.8986403197050095 1.298778392374516 0.3022343963384628 1.780984655022621 0.5005423575639725 3.165882334113121 1.203262023627758 0.1500900387763977 0.4611144661903381 0 0.4263354986906052 182.2376724481583 65.65188606083393 0 4.283977687358856 1031.221983104944 0 0 0 0 0 14.65820264816284 0 0.1600165814161301 7.072764098644257 0.4812004864215851 0 0 0.5606209337711334 0.9574556201696396 0.8670968264341354 0 0 0 0 0 0 0 0 0 0 0 0 0 0 0 0 0 0 0 0 0 0 0 0 0.2704572081565857 0 0.1315994262695312 0 0 0 0 0 0 0 0 0 0 0 0 0 0 0 0 0 0 0 0.1777057945728302 0 0 0 0.7467876672744751 0.9784224629402161 0 0 0 0 0 0 0 0 0 0.5999738126993179 0 0 0 0 0 0.3055756688117981 0.1954726278781891 0 0 0 0 0 0 0 0 0 0 0 0 0 1.265320062637329 0.7497691065073013 0.1469366252422333 8.389737822115421 6.597947210073471 39.42073656618595 9.262004554271698 576.4604395627975 3.119793899357319 0.230284720659256 3.330164588987827 0 0.1377337425947189 0 0 1.451461046934128 0 0 0 0.1814125180244446 0
5101.442540243268 0 946.1013080179691 119.1474775522947 3150.038164645433 342.1484363824129 1984.261439800262 198.79205532372 1924.35233335197 427.9487716406584 1318.24146091193 42.77948926389217 910.0847597420216 1586.59653891623 10.64414131641388 1.648880481719971 0.6988658085465431 0.4145874083042145 0 0.6635090932250023 1.041672945022583 0 0.5942550227046013 0.08717667311429977 0 0.6690257862210274 0 0.7941879555583 0 0 4344.292573496699 145.6294459328055 23.71838212013245 0.1122521236538887 0.7149631530046463 0 6.244636699557304 0 1.597544953227043 0 1.022221475839615 0.6166673898696899 1.148954257369041 0.235135018825531 0 0 109.9453263729811 24.78120474517345 0.3176358118653297 0.7554196268320084 8.919390104711056 0.1058575659990311 0 0.6741883307695389 33.11335740983486 33.80051009356976 294.8021760880947 1571.506836347282 110.2814484909177 69.26245437562466 1.165108993649483 0.8686641454696655 0 181.4634206071496 19.65709561109543 33.45026387274265 20.12118197977543 8.306820705533028 1.637126222252846 3.136952392756939 11.98805925250053 1.047615826129913 0 496.9761239215732 198.372490644455 52.45048771053553 9.94987790286541 1.334509789943695 5.866346389055252 63.30791781097651 0.3970690816640854 8.149927996098995 95.76372473686934 1.222318321466446 25.65244325995445 23.39660048484802 8.101901911199093 0.20540402084589 3.839676983654499 0.10404884070158 4.033856391906738 0.8653661906719208 4.307404600083828 2.960440769791603 2.430769562721252 221.3018733561039 1.529086127877235 0.09758321940898895 0.1845481842756271 2320.874886780977 0.3014650344848633 0.293495237827301 2.149239793419838 1.331578031182289 0 38.81305968761444 0.4844481199979782 21.91662287712097 18.57112023234367 7.217373013496399 0 43.79627078771591 34.65091295540333 28.54082490503788 30.042699187994 0.2830848693847656 0 0 0 0 0 0 0 0 0 0 0 0 0 0 0 0 0 0 0.379039853811264 0 0 0 0 3.558197781443596 0 0.9197102785110474 0.3769297897815704 0 0 0 0 0 0 0.3254422545433044 0 0 0.3712911903858185 0 0 0 0.1859247386455536 0 0 0 0.1090060770511627 0.2416762709617615 0.2493435889482498 0 0.3684805780649185 0.2133371829986572 5.418934240937233 0 0.1866954267024994 0.4404373466968536 0.1266333907842636 0 0 0 0.1390247195959091 0 16.26789246499538 0 0 0.1351055800914764 0 2.437116488814354 3.529477268457413 2.876645803451538 1.643967360258102 0.2187874615192413 0 0 0 0.1074705198407173 0 0.2144690528512001 0 0.09750983864068985 0.2567791044712067 0 0 14.16880385577679 1.517299294471741 3.786248117685318 163.6495566889644 58.52715692669153 654.8246397450566 158.2522740066051 945.1691644191742 33.64363907277584 9.739622786641121 37.2123891338706 3.014473490417004 0.8541256263852119 2.708375483751297 0.8958857208490372 10.94495230913162 0.9806146770715714 0.4659301564097404 2.355237349867821 0.6758030280470848 0
782.9024369046092 946.1013080179691 0 3.881395131349564 556.0010126084089 44.86788493394852 37.23952257633209 1468.194805502892 139.8418128341436 4.924817517399788 3132.857360698283 1.059151902794838 39.80441933125257 708.2668428495526 13.250379383564 5.035545766353607 2.98853774368763 1.366628810763359 0 7.183020487427711 32.67535647749901 0 12.92648263275623 3.676315434277058 0 1.565012246370316 1.164090365171432 0 0 0.1183653548359871 6449.208690725267 1121.602619275451 39.50378461182117 3.003923922777176 12.7615709155798 1.315069019794464 4.657694347202778 0.5780201107263565 1.888683453202248 0.1200042814016342 20.07593442499638 1.875326350331306 9.96019259095192 1.450870260596275 0.3634731024503708 0.7764556258916855 90.72983562201262 27.87072075903416 3.371866881847382 8.817898705601692 8.513383641839027 0 0 0.2542080134153366 20.61008387804031 19.00054268538952 167.6357168778777 1161.114935405552 50.75112162530422 48.98989371955395 7.213365383446217 13.49337364733219 1.19209012389183 498.9390794336796 15.21326174587011 26.08908724784851 15.64128197729588 8.449941098690033 19.72254294902086 92.48851086199284 6.351333007216454 0.4706311523914337 0 339.3215477392077 272.7237126380205 50.00794690102339 21.00462067127228 4.745664395391941 70.87822757661343 724.2123838737607 3.379480808973312 248.9041060507298 73.55538281053305 0.532767578959465 17.17083280533552 14.3289190530777 19.84321945160627 0.2382605001330376 4.063329495489597 0 4.278374850749969 1.144797116518021 24.68244400620461 3.734518013894558 0.8505590930581093 3.855655238032341 0.6633192300796509 0 1.588428542017937 535.8621360212564 0 0 0 0 0 1.861077636480331 0 0.1840288043022156 0 0 0 0.267429381608963 1.347558841109276 1.299406409263611 1.483031883835793 0 0 0 0 0 0 0.2302882969379425 0 0 0 0 0 0 0 0 0.1308167725801468 0 0 0 0 0 0 0 0 1.053514152765274 0 0.3201166093349457 0.6412310227751732 0 0 0 0 0 0 0 0 0 0 0 0 0 0.2462218254804611 0.3831407576799393 0.1466049253940582 0 0.2306946888566017 0 0 0 0 0.09544188529253006 0.3671115934848785 0 0.1536215990781784 0 0 0 0.2536290064454079 0 0 0 0.1403234899044037 0 0 0 0 0 1.967822819948196 1.220562428236008 0.2766625285148621 0 0 0 0 0 0 0 0 0.232924684882164 0 0 0 1.129379600286484 0.3453938364982605 1.838266648352146 67.92339348047972 34.61673986166716 373.9153500273824 79.33654423803091 94.48029667139053 18.37643631547689 6.080041691660881 19.76205309480429 0.7572671473026276 0.1501722931861877 0.9959926679730415 0.8179623857140541 0.5721455812454224 0 0.4271150305867195 0.4763675630092621 1.676600851118565 0
1686.255354717374 119.1474775522947 3.881395131349564 0 60.65604692697525 482.9488755762577 2324.899905800819 0.3662231266498566 66.02736605703831 1284.142679572105 3.671369895339012 107.0625948309898 368.3353607356548 9.145104333758354 0.1426127552986145 0 0 0 0 0 0 0 0 0 0 0 0 0 0 0 89.62887836992741 1.873812779784203 0 0 0 0 0 0 0 0 0 0.4653061032295227 0 0 0 0 1.749656870961189 0.2327818647027016 0 0 0 0 0 0.1577583253383636 0.9597749188542366 0.6048333495855331 20.68342888355255 126.5804864093661 8.572520785033703 1.849732398986816 0 0.4298948645591736 0 0.8843169510364532 0.4469571635127068 0.9677821174263954 0.3373689949512482 0 0 0 2.067256763577461 0.6090968549251556 0.434637039899826 19.63527066260576 2.558337047696114 0.4676089584827423 0 0.1447078287601471 0 0.3221080601215363 0 0 2.208586245775223 0 0.6706438660621643 0.7115304172039032 0 0 0.1045728623867035 0 0 0 0 0 0.2878721356391907 178.0009041428566 0.5685240179300308 0 0 569.6333911716938 0 0 0.3607504665851593 0.2715394794940948 0 21.65448090434074 0.1842361688613892 6.67285281419754 37.65197198092937 1.442749962210655 0 17.54609622061253 8.96144700050354 11.76372428238392 6.083502054214478 0.1787199229001999 0 0 0 0 0 0 0 0 0 0 0 0 0 0 0 0 0 0 0 0 0 0 0 1.20755623281002 0 0 0.2586438357830048 0 0 0 0 0 0.357455849647522 0 0 0 0 0 0 0 0 0 0.3083289265632629 0 0 0 1.995331853628159 0 0 0 1.274008482694626 0 0 0 0 0 0 0 0 0 1.136497110128403 0 0 0 0 0.171897679567337 0.1981871426105499 0.2238156050443649 0 0 0 0 0 0 0 0 0 0 0 0 0 3.23883555829525 0.1206049770116806 0.188925102353096 15.46375705301762 1.55544613301754 12.50988140702248 1.410118736326694 494.9305091649294 0.7990433275699615 0.1366788595914841 1.608972385525703 0 0 0.3998830169439316 0 8.406380176544189 0 0 0 0 0
881.3836517035961 3150.038164645433 556.0010126084089 60.65604692697525 0 70.56291575729847 806.661107622087 59.81808494031429 7456.598858013749 332.6677912473679 1496.504613898695 20.92219266295433 760.4630945771933 2982.117322176695 11.29603097587824 0.8639837503433228 0.6410857439041138 0.1982650458812714 0 0.7507804483175278 1.300190158188343 0 0.3067531809210777 0.6302183195948601 0.4243512749671936 0.8630068153142929 0.6523764654994011 0.2788553386926651 0.3500173911452293 0.2521962225437164 505.7784778103232 123.2261845767498 19.82527108490467 0 0.1365049034357071 0 15.72662374377251 0 0.2634727656841278 0.232746034860611 0.8846608623862267 1.019087418913841 0.7524252980947495 0.7045612335205078 0.1541087031364441 0 126.1896320953965 26.31548894941807 1.647880874574184 0.491619735956192 11.51710782200098 0.09524855017662048 0 1.158300757408142 21.55768974125385 26.62483376264572 111.01965174824 310.0829843729734 50.397066809237 67.94859866797924 0.9189265593886375 2.756070896983147 0.1241829842329025 184.0094409063458 18.42144453525543 32.12277179211378 22.31247492879629 9.394750483334064 1.804259933531284 1.649026423692703 23.21743475645781 0.3357662558555603 0 284.9407924637198 183.3987323120236 65.39130736887455 23.79360897839069 1.992845594882965 0.6796928346157074 31.40762948989868 0.525347575545311 3.164754770696163 73.95950856804848 1.942594759166241 23.9708036929369 20.98591340333223 8.217998132109642 0.2941731736063957 5.786721624433994 0 5.708222523331642 1.864410541951656 3.897751159965992 2.369831837713718 1.345328032970428 236.4434927254915 0.3462467938661575 0 0.1510260701179504 109.7395486086607 1.436293959617615 1.252959728240967 4.773341476917267 2.739029124379158 0.2332273423671722 65.85389852523804 1.990890666842461 43.74223533272743 19.31096707284451 13.77589590847492 3.583482846617699 83.88689965009689 73.9875375777483 73.23523288965225 88.63959029316902 0 0.4821994602680206 0 0 0.2752977311611176 0 0.3358479738235474 0 0.1835127770900726 0 0 0 0 0 0 0 0 0 0 0.2072344124317169 0 0 0.169714942574501 0 8.783779725432396 0 9.327832490205765 0.9965727478265762 0 0 0 0 0 0.3387520313262939 0.5456164479255676 0 0.7351348102092743 0.6197648346424103 0.2447865903377533 0 0 0 0 0.4556269720196724 0.5045159757137299 0 0 2.776650205254555 0 2.821418583393097 1.812715485692024 24.69034376740456 0 0.2895004153251648 0.7831461653113365 0.1274522542953491 0.1022327169775963 0.2930139303207397 0.2323103621602058 0 0 42.90644430369139 1.280404776334763 0 0 0 9.427764192223549 20.70569272339344 7.186049595475197 3.944201722741127 3.124878004193306 0.6247097551822662 0 0 0.155084490776062 0.106115311384201 0.09948029369115829 0 0.4030234962701797 0.5412121191620827 0 0 42.50193291902542 10.97953376173973 13.26624068617821 283.9345108568668 93.47334519773722 677.1707759127021 214.6655352115631 243.2246219962835 47.78168646246195 13.95986010879278 68.25543353706598 7.833677791059017 2.149964436888695 10.46100082248449 2.727781742811203 30.58396507799625 0.3090850114822388 0.5792058408260345 1.753147393465042 2.1898403018713 1.80699411034584
128.7551931887865 342.1484363824129 44.86788493394852 482.9488755762577 70.56291575729847 0 568.1893321573734 4.202884078025818 29.2001920491457 420.910129353404 1.894437685608864 119.087110042572 97.86407294869423 16.58765695989132 0.5659987330436707 0.5589260309934616 0 0 0 0 0 1.376355692744255 0 0 0 0 0 0 0 0 61.63501539826393 0.6031755208969116 17.29553453624249 0 0 0 91.79691381752491 0 9.665679141879082 0 0 0 0 0 0 0 2.196437239646912 0.2526727914810181 0 0 0 7.083092391490936 0.2890357971191406 0.2021355926990509 0 0.7243013679981232 112.2104790955782 99.20167933404446 13.74800452589989 1.770591139793396 0.3688247799873352 2.623091369867325 0 1.163078710436821 0 0.1119516640901566 0.1323703080415726 0 0.237334206700325 0 309.0093162059784 464.2355067580938 8.945507377386093 5.844277709722519 1.411569491028786 0.3740169405937195 0.1202570050954819 0.9789534211158752 0.3041687905788422 5.347899615764618 0.3733225166797638 3.490407362580299 1.423359706997871 1.150516510009766 0.1501521915197372 0.172796219587326 0 7.199768453836441 3.106266438961029 13.71688517928123 2.55888144671917 3.909750282764435 0 0 1.62113156914711 257.4430074840784 182.6981469541788 2.193080306053162 21.64833842217922 482.8099284470081 0 0 0 0 0 5.145658239722252 0 0 4.617051646113396 0 0 0.2527495920658112 0.2425580024719238 0.3313460648059845 1.924958020448685 0 0 0 0 0 0 0 0 0 0 0 0 0 0 0 0 0 0 0 0 0 0.186379998922348 0 0 1.122642129659653 0 0 0.3975770324468613 0 0 0 0 0 0.2131657600402832 0 0.1578087359666824 0 0.3219215869903564 0 0 0 0 0.3024087250232697 0 0 0.2245604991912842 0 0 0 0.4635569155216217 0.1548299640417099 1.228267982602119 0 0.2126418352127075 0 0 0 0 0 0 0.3355452716350555 2.469274207949638 1.429730445146561 0 0 0 0 1.475348398089409 0.5420567691326141 0 0 0 0 0 0 0 0 0 0.1931251734495163 0.2397119551897049 0 0.237651601433754 0 2.772982463240623 2.167227104306221 2.214180931448936 0.1877308189868927 3.915527194738388 2.640694245696068 322.3754923194647 25.22526982426643 0.1371060162782669 0.658474326133728 0 0 0 0 0 0 0 0.2626311182975769 0 0
1032.048112720251 1984.261439800262 37.23952257633209 2324.899905800819 806.661107622087 568.1893321573734 0 152.4254087358713 1287.433696113527 4853.04710996151 203.969517827034 721.063239812851 13355.18975143135 2296.843844473362 47.86254240572453 11.24633764475584 1.608469866216183 0.1164582520723343 0 0.106986477971077 0.9535514563322067 0 0.2290710136294365 0.1163925305008888 0 1.412982948124409 0.2820404469966888 1.074331492185593 0.5315046757459641 0.3985416889190674 415.8158219382167 72.22526324540377 18.92171666026115 0.1011205911636353 0 0.2219085097312927 20.55516310036182 0.108947642147541 1.6759999319911 0.273890919983387 1.376288384199142 2.453986451029778 0.1495597213506699 0.6973617672920227 0 0.2831853628158569 157.8225048705935 19.95564083009958 1.919463708996773 0.5727726519107819 9.419796548783779 0.8442822247743607 0 1.280006788671017 17.39551904052496 22.38618186116219 109.1633888632059 373.51357832551 60.03468572348356 57.61838998645544 0.8698078170418739 3.62302103638649 0 111.0580888167024 13.5379219725728 24.56811480224133 16.20235082507133 6.940285615622997 0.8524957746267319 2.474856868386269 45.56964711099863 6.593548998236656 0.2860981673002243 223.4178984090686 113.3563863560557 83.00032679736614 30.5577312707901 6.786395959556103 0.2739077061414719 14.36450590193272 0.3784011900424957 4.339166700839996 57.84455569833517 1.707440294325352 17.48215366154909 16.1678438782692 6.468536987900734 0.1212975457310677 4.052742332220078 0 4.794304974377155 1.031045444309711 5.27868464589119 1.638903379440308 2.224130243062973 1910.084676653147 6.186091989278793 0 0.6094238311052322 359.1725083589554 8.929820910096169 19.74169370532036 236.394166611135 24.66593253612518 1.575814798474312 259.011131465435 21.01899683475494 217.3410317599773 140.3821953833103 74.15031576156616 7.972735360264778 401.6656140685081 311.7749082148075 327.3113880082965 299.7152841314673 0.3089011013507843 0 0.3199253082275391 0.113037146627903 0 0 0.5263798832893372 0 0 0 0 0 0 0 0 0 0 0 0 2.410595417022705 0.493703693151474 0.1725284606218338 0.1470168977975845 0 32.64514488726854 0 18.6644829288125 2.284178614616394 0.175947904586792 1.280341848731041 0.1650286763906479 0.4663781374692917 0 1.13318844139576 0 0.496441513299942 3.697370909154415 3.064205303788185 2.868715591728687 1.03148926794529 0 0 0.3813970386981964 1.247578337788582 1.501056954264641 0.2464958652853966 5.010728813707829 6.263741433620453 0 6.746345639228821 3.641435123980045 68.5951002985239 0 0.6974778696894646 2.27952966094017 1.004758030176163 0.6712575256824493 0.9599979966878891 0.1115865111351013 0 0.3933393657207489 127.1619455367327 0.2487759590148926 0 0.219529777765274 0.582543171942234 21.18077948689461 51.8559356033802 19.92051284015179 13.94678654521704 3.355028674006462 2.510582558810711 0.1236161515116692 0.1844532787799835 3.379893779754639 0.2118750885128975 0 0 0.7328649908304214 0.395760141313076 0 0.2545691728591919 166.9792239516973 21.71000157296658 28.12110257148743 582.4657426327467 113.9503706246614 622.7967184782028 261.1906712502241 962.319132745266 48.48735069483519 12.54115646332502 176.0904797762632 15.04979281127453 1.871198609471321 39.40523382276297 4.714257031679153 138.8767649978399 2.635790891945362 0.6960955113172531 5.667162001132965 7.250185675919056 1.467838495969772
120.1707481145859 198.79205532372 1468.194805502892 0.3662231266498566 59.81808494031429 4.202884078025818 152.4254087358713 0 95.87323927134275 4.940374255180359 4789.487823657691 5.545425564050674 254.9558636844158 1585.062208123505 72.12843035161495 20.14622800052166 10.64333491027355 15.36854250729084 0.6014899611473083 41.28386263549328 115.2180032506585 0 36.85100463032722 8.198194801807404 0.7444448471069336 3.233192607760429 3.636416621506214 1.209927186369896 0.178628534078598 0.1214587464928627 818.5501343458891 1540.248948775232 58.09020323306322 13.4407442510128 32.41922573000193 2.890923097729683 17.17623201757669 6.434096738696098 5.36283103376627 1.642978295683861 51.75501414388418 6.264661639928818 44.67334588617086 14.14135260879993 6.45178284496069 22.8245924115181 226.1868171319366 37.47822131961584 15.0262559056282 39.99171731621027 10.95933304727077 0.719791367650032 0 0.3960891589522362 17.19688215106726 14.782047778368 42.27257153391838 126.193732149899 26.63550937920809 77.21209382265806 167.3850066065788 31.57398249208927 3.834399580955505 996.9166450500488 11.14243242889643 25.89267169684172 14.18563938885927 15.10251449048519 48.91057030856609 245.7154358550906 16.94332250952721 1.30275060236454 0 210.3871510997415 367.6272161006927 198.3740145415068 284.6685184016824 267.2777760177851 878.8835550323129 3362.346214033663 271.0239343419671 1751.482269689441 54.05859969556332 0.4549806192517281 21.47023297101259 14.46897833049297 46.47368340939283 0 4.782273702323437 0.1370160281658173 6.388226144015789 1.654175490140915 62.20781669765711 5.077656053006649 0.9491422176361084 5.053793251514435 0.916222095489502 0 5.81203930079937 59.02052083611488 0 0 0 0 0 0.7322178035974503 0 0.4009749591350555 0 0 0 0.281594842672348 0 0.7652225941419601 0.9845427274703979 0 0.1454881429672241 0 0 0.4021541774272919 0 0 0 0 0 0 0 0 0 0 0.173719733953476 0.1809505075216293 0.2040660828351974 0 0 0 0.150821715593338 0 0.4290819764137268 2.007496148347855 0.4776946753263474 1.171910159289837 1.631127029657364 1.094387881457806 0 0 0 0 0 0 0 0 0.1326465606689453 0 0 0 0.2794093787670135 0.14543417096138 0 0 0 0 0 0 0.4703334271907806 0.2064517512917519 0.6480784267187119 0 0 0.09111981093883514 0 0 0.1403331160545349 0.7902518436312675 0 0.1122442483901978 2.008720621466637 0.1269524246454239 0 0.3084359914064407 0.1120463907718658 0 0.6260280609130859 0.7624830156564713 0.1081300377845764 0 0 0 0 0 0 0.1153218671679497 0.257781445980072 0.5458197221159935 0.3578757792711258 0.3169987350702286 0 0 1.079980760812759 0.8223110437393188 161.632704615593 48.46015816181898 550.102037884295 139.2860693857074 26.48456456512213 22.48564682900906 5.192336030304432 63.9798653870821 1.696737989783287 0.7990705594420433 1.009957946836948 0.8888665661215782 0 0 0.3972223252058029 2.148941919207573 2.815070547163486 0.5016963928937912
219.8249005973339 1924.35233335197 139.8418128341436 66.02736605703831 7456.598858013749 29.2001920491457 1287.433696113527 95.87323927134275 0 516.4497098624706 934.0943911001086 54.02789328992367 2100.165525138378 5774.096382416785 21.0112692117691 1.524748541414738 1.107322007417679 0 0.175564169883728 0.2716934233903885 0.8787834420800209 0.374579519033432 0.1963661760091782 0 0 0.8984329774975777 0.3569959476590157 0.3501495718955994 0.2014687061309814 0 149.4917405992746 55.69328962266445 33.51624973118305 0.1535592079162598 0.11195919662714 0.3381890207529068 38.77227202057838 0.1414051800966263 2.600684359669685 0.1764005869626999 0.4520110189914703 2.167453572154045 0.3546765595674515 0.2541811615228653 0.1325396150350571 0.1411096900701523 132.9203139692545 18.58073006570339 1.434696570038795 0.2750343531370163 7.871805727481842 0.4132900238037109 0 2.284311801195145 19.06782949715853 19.19242134690285 76.070282548666 125.2890093922615 51.05744542181492 52.85398837924004 0.755143903195858 5.463362097740173 0 120.0883405357599 11.52499763667583 23.81859155744314 14.92955484986305 7.6343634724617 0.5915061086416245 1.583480298519135 48.97551460564137 5.564383342862129 0 195.9046022742987 116.1416034698486 69.89944966882467 23.33349384367466 3.757144562900066 0.5157568529248238 31.22871162742376 0.4477884024381638 2.678274869918823 53.29486126452684 0.6305545344948769 18.73715288192034 14.74257962405682 6.072915107011795 0 2.576105706393719 0.1076781079173088 3.712546624243259 1.26652542501688 3.57625325769186 2.279320791363716 1.048491157591343 499.6762131601572 1.953593760728836 0 0.7093954533338547 17.35486416518688 1.927159979939461 1.876224473118782 11.5832002311945 3.486939556896687 1.895963370800018 146.595441095531 4.922263294458389 130.6943617239594 47.2770407050848 37.35496664047241 6.142381936311722 259.0178526341915 191.3373709246516 241.3699238076806 235.2326481118798 0.5939420908689499 0.6977862864732742 0.1628191471099854 0 0 0 0 0 0 0 0 0 0 0 0 0 0 0 0 0.4188474714756012 0 0 0 0 44.23476213216782 0 20.50834390521049 3.95701190829277 0 0.8706177920103073 0.2958440482616425 0.6494686305522919 0 0.8296122997999191 0.525967001914978 0.3096888363361359 3.889076173305511 2.366020642220974 0.8339286893606186 0.873807929456234 0 0 0 0.4231220185756683 1.275319397449493 0.0908871665596962 3.603469625115395 5.548923477530479 0.3321618437767029 6.089938372373581 2.577995419502258 62.21093483269215 0 1.453806787729263 2.004230380058289 0.4605730772018433 0.2388739585876465 1.610910817980766 0.2241802141070366 0.1235835999250412 0.3003005385398865 118.7302339971066 0.6542954742908478 0 0 0.1862498670816422 23.39862616360188 51.15390435606241 19.94371020793915 8.444998905062675 4.112579584121704 1.147367835044861 0.2514636218547821 0.11070267111063 2.58715383708477 0 0.1654846221208572 0 0.2115586698055267 0.6181651055812836 0 0 99.58357625454664 22.57965913414955 32.7883392572403 508.296677082777 87.30504665523767 716.2483303919435 277.8061682656407 111.7258709669113 49.20088912546635 15.26524139195681 152.5006286948919 14.62069331854582 0.3459295630455017 33.3618515431881 3.14443614333868 77.36660688370466 2.30122971534729 0.2175002098083496 7.084792837500572 4.07729209959507 1.654527544975281
1073.678302451968 427.9487716406584 4.924817517399788 1284.142679572105 332.6677912473679 420.910129353404 4853.04710996151 4.940374255180359 516.4497098624706 0 11.44723521173 2340.371794700623 5878.775694951415 181.7305254042149 5.008522659540176 0.8132875561714172 0 0 0 0 0 0 0 0 0 0 0 0.10060004144907 0 0 29.36409887671471 0.7092267572879791 1.982914447784424 0 0 0 16.96581129729748 0 0.3865197598934174 0 0 0.3097077012062073 0 0.2658112868666649 0 0 8.61876342445612 0.1375797688961029 0.1495557427406311 0.2738200724124908 0.2318228408694267 0.4785377830266953 0 0 0.9761640802025795 2.19630478322506 12.60258701443672 49.50892117619514 3.205180533230305 2.837154999375343 0 0.4388263374567032 0 3.490010261535645 0.4468449354171753 0.3707373738288879 0.3497527465224266 0.08989395946264267 0 0.642039567232132 41.39343725144863 9.559746965765953 0.4399442970752716 11.41692705452442 2.915822006762028 4.425358355045319 2.340693719685078 0.3947295397520065 0 3.106023222208023 0 0 1.46571010351181 0 0.1519724130630493 0.1842767372727394 0 0 0.3718389421701431 0.2790225148200989 0.1084502041339874 0.266651950776577 0.2285670787096024 0 0.2732838094234467 1356.995630413294 17.72012932598591 0 0.3632300794124603 420.3696366399527 0 2.146912664175034 5.199381530284882 4.50207245349884 0.321060448884964 102.3749751150608 14.25132121145725 64.78692803531885 105.3626137673855 48.16312064230442 2.123835548758507 123.3919735103846 252.248355075717 208.3466118574142 86.32216733694077 0 0 0 0 0 0 0 0 0 0 0 0 0 0 0 0 0 0 0 0.1438044756650925 0.1250306516885757 0 0.5922279953956604 0 7.50118725001812 0 2.913323640823364 0 0 0 0 0 0 0 0 0 0.7313688397407532 1.056917086243629 0.6560885310173035 0 0 0 0 0.1273224949836731 0.182513490319252 0.2980958893895149 1.604990035295486 2.825013771653175 0 1.360604599118233 0 13.61159773170948 0 0.2952083945274353 1.143655240535736 0 0.1555469185113907 0.5376057028770447 0.6872335150837898 0 0.4715425223112106 22.12800781428814 0 0 0 0 8.786028653383255 5.18135729432106 4.625380277633667 3.584525674581528 1.9817104190588 0.1168702468276024 0 0 0.3057412207126617 0 0 0 0.4062402620911598 0.2518404573202133 0 0 65.74297675490379 6.366791322827339 4.633967936038971 76.29186633974314 8.785162955522537 30.71717314422131 13.48790976405144 393.6493669599295 1.682332560420036 1.667534120380878 16.47615398466587 6.30541704595089 0 8.906579688191414 0 43.06550839543343 0 0 0.512858510017395 1.130636170506477 0
464.0974517986178 1318.24146091193 3132.857360698283 3.671369895339012 1496.504613898695 1.894437685608864 203.969517827034 4789.487823657691 934.0943911001086 11.44723521173 0 36.64375233650208 1299.401404798031 10023.54524980485 190.9478789716959 63.87670256197453 8.512397482991219 1.242694109678268 0.4132668673992157 1.923896223306656 13.14416024833918 0.2913772314786911 5.92064356058836 4.79020032286644 0.7988127917051315 3.561732575297356 1.641476482152939 2.050453960895538 1.9401960298419 0.2277632206678391 1164.297426059842 299.9290274307132 643.0514753758907 1.202763378620148 10.12026347219944 5.898600392043591 239.339890152216 7.551266133785248 13.01388712972403 3.659461639821529 64.77178798615932 18.75119522958994 7.115470625460148 7.450966998934746 0.1381693780422211 0.4586251229047775 440.8825279474258 49.86726789921522 3.315975897014141 5.184049859642982 24.70059034228325 1.159034729003906 0 3.374439060688019 28.71658478677273 29.83565285056829 92.12979070842266 202.1943617463112 58.10126186162233 147.834921143949 2.43858876824379 10.56141825020313 1.163325309753418 387.2119806855917 22.24504643678665 48.07278528064489 31.98973258584738 18.06362137198448 16.61066576093435 115.1705891340971 152.0709955990314 11.69740641117096 0 338.0231425389647 361.2508232444525 347.1190305501223 196.8239245116711 58.08502878248692 124.8770073354244 610.8699820935726 4.590979963541031 28.11708633601665 105.5144597515464 1.396735519170761 43.95267152041197 25.36418058723211 24.48052038997412 0.1244680061936378 7.971514739096165 0.4074044451117516 12.55987022072077 2.372351236641407 83.35187744349241 16.09869676828384 3.301722995936871 62.76542162895203 3.994002893567085 0 13.93975053727627 89.46242193132639 0.2021748125553131 0 1.087507158517838 0.4590448439121246 0 18.2025815397501 0.1386973261833191 18.04804942011833 4.046798780560493 2.613567918539047 1.748537853360176 28.20734070241451 24.63388343155384 37.44843770563602 41.36990644037724 0.2607366740703583 0.5352723672986031 0 0.1211270913481712 0 0 0.2651029527187347 0 0 0 0 0 0 0 0 0 0.1697406768798828 0.1605581343173981 0 0 0.1880595684051514 0 0 0 17.01526099443436 0.1395625621080399 5.822279825806618 2.636885777115822 0 0 0.5157446265220642 0 0 1.059928804636002 0.1382668763399124 0 0.8817118257284164 0.9216724932193756 0 0.4503570199012756 0 0 0.1467087119817734 0 0.4612599611282349 0.461735837161541 1.104188710451126 2.097772553563118 0 0.7907503917813301 4.003859370946884 20.76519703865051 0.2719241753220558 0.8285219073295593 0 0.5170909911394119 0.498324804008007 0.3260280638933182 0 0.1290475577116013 0.1783145368099213 26.51624596863985 1.151662826538086 0 0.2580457031726837 0.2893509864807129 4.57061879336834 12.61420849710703 6.54138819873333 1.855325639247894 0.347434014081955 0.2687298357486725 0 0 1.45464138686657 0 0.3989983573555946 0 0.476574219763279 0.4211662858724594 0 0 15.56578424572945 10.74533659219742 12.19243365526199 620.2128168791533 152.4571777135134 1136.332859121263 397.5492866709828 97.22889883816242 58.57574786245823 18.32468017190695 224.7365457266569 9.704981528222561 1.612087614834309 10.39746999740601 1.945417232811451 7.840640783309937 0.5987993478775024 1.01270966231823 5.387992799282074 11.8840391933918 3.627041429281235
222.2616082280874 42.77948926389217 1.059151902794838 107.0625948309898 20.92219266295433 119.087110042572 721.063239812851 5.545425564050674 54.02789328992367 2340.371794700623 36.64375233650208 0 991.249084636569 179.4622329175472 9.208317808806896 4.603945106267929 0.3884112387895584 0 0 0 0 0.2170753628015518 0 0 0 0 0 0 0 0 12.69660420715809 3.396186023950577 28.73596113920212 0 0 0 35.41578268259764 0 1.53721809387207 0 1.622714221477509 2.497265502810478 0.5587478280067444 0.2203461825847626 0 1.029371321201324 15.04539561271667 0.2771025896072388 0.5964303612709045 0.2423010766506195 0.4528446197509766 0.199861004948616 0.8155192136764526 0 0.2208092957735062 0.1058176085352898 7.90671245008707 13.2319118231535 2.224504217505455 1.791730023920536 2.489826336503029 3.042628422379494 0 8.740886859595776 0.2516793981194496 0.6559639126062393 0.4953969642519951 0 1.055011197924614 2.087073132395744 99.58217670023441 34.41238963603973 0 13.47468142956495 3.099740996956825 7.683713808655739 3.260763831436634 1.108679875731468 0 28.59132674336433 0.4844528436660767 4.11152621358633 2.763851448893547 0 0.5993566811084747 0.5384945943951607 0.2635806798934937 0 0 0 0.2041857838630676 0 2.831175357103348 0.846371054649353 0 2596.212953016162 64.90890541672707 0.2553645968437195 6.79102323949337 75.74287414550781 1.806850031018257 2.141888111829758 4.855913802981377 0.9649994671344757 1.646252647042274 85.08629687130451 2.869597047567368 75.84635932743549 17.00115106999874 28.61380086839199 2.65864822268486 154.2813802137971 136.6217309832573 219.9311661124229 197.2683534920216 0.1217679083347321 0.7415932267904282 0 0 0 0 0 0 0 0 0 0 0 0 0.3434557318687439 0 0.4662187099456787 0 0 0 0.7331114411354065 0.4931005388498306 0.4166117608547211 0 39.25833377242088 0 17.54034520685673 3.652875378727913 0.6347306370735168 0.1533549875020981 0 0 0.1845662593841553 0.9204508066177368 0.1630759984254837 1.363861307501793 1.337775856256485 3.268340401351452 1.307306185364723 0 0 0.195180669426918 0.2705424129962921 1.275850512087345 1.444709628820419 0.2590419352054596 2.785038277506828 4.627569034695625 1.056556448340416 2.233372390270233 4.928995653986931 60.7820545360446 0 1.310758084058762 1.577897496521473 0.876120999455452 0.4884050190448761 0.5597824156284332 0 0 0.196771651506424 93.81254514306784 1.971482545137405 0 0 0 20.60089045017958 33.61276766657829 21.61492629349232 6.496525086462498 3.329807534813881 0.305209793150425 0 0.2635394185781479 1.958857238292694 0 0 0 0.3336297050118446 0.1461606919765472 0 0 96.35283933579922 30.83644205331802 28.85853374004364 167.6884281560779 6.706096209585667 51.50782898068428 27.69055016338825 57.59377839416265 3.899118773639202 2.123371176421642 46.26231490075588 6.121910721063614 0 24.89012369513512 1.7440150603652 31.44589447975159 0.406539112329483 0 1.411650002002716 2.1435187458992 0
147.0836841464043 910.0847597420216 39.80441933125257 368.3353607356548 760.4630945771933 97.86407294869423 13355.18975143135 254.9558636844158 2100.165525138378 5878.775694951415 1299.401404798031 991.249084636569 0 4821.582506999373 101.9245867431164 31.75457372516394 2.649815954267979 0 0 0.6054935231804848 1.407685339450836 1.295031934976578 0.2177024185657501 0.5053844526410103 0.1127029210329056 1.117189057171345 0 1.513585835695267 0.6130202859640121 0 38.70579636096954 9.626441136002541 531.8637553751469 0 0.1320001631975174 6.314205214381218 943.2110221013427 47.76185616850853 85.0986136496067 1.059906654059887 14.02825697511435 20.61436776816845 1.873057588934898 5.711524523794651 0 1.690064817667007 157.1241925209761 10.65304300934076 2.199851080775261 1.326078832149506 6.3820436373353 3.016648046672344 0.6325776129961014 5.47058367729187 7.515619993209839 8.416100062429905 30.28102847933769 52.15384808182716 36.85919865965843 33.02472233772278 8.3317881077528 83.08697658777237 0 38.1899616792798 4.230668663978577 12.88043832778931 6.661121226847172 4.558755300939083 3.925723493099213 22.34904029220343 297.127356864512 89.78054141998291 0.1529936939477921 75.19088859856129 55.39583352208138 110.4389349147677 45.12215659767389 13.92665129899979 0 201.4543628096581 2.386670559644699 29.83535812050104 17.94204291701317 0.3873287588357925 10.27666006982327 5.740253955125809 3.872299633920193 0.3407400399446487 1.483111053705215 0.7591869831085205 3.510602235794067 0.3757468909025192 18.76730737835169 6.023233853280544 4.326215170323849 4097.447698861361 81.50017401576042 0.5984205603599548 14.17582505941391 60.79178710281849 8.613458275794983 1.324061453342438 15.87213519215584 4.630596026778221 3.223610192537308 189.9849486649036 3.288542568683624 173.3273948505521 80.56829964369535 58.8868321403861 9.876823052763939 344.0758128538728 309.2446875274181 367.9983207285404 485.8925241157413 3.199820682406425 1.274508208036423 0.2063032239675522 0.56917504966259 1.532707870006561 0 1.412254527211189 0 0.2211513370275497 0 0 0 0 0 0 0 0.254588782787323 0.1630156636238098 0 0.8729226589202881 0.1768363416194916 0.1684100776910782 0.6712777316570282 0 97.82407854497433 0.7814524173736572 44.80606518685818 11.17601916193962 2.513881847262383 0 0.182638943195343 0.5271457731723785 0.1952112317085266 1.640258505940437 0.3707005977630615 0.7450601607561111 6.902570128440857 6.416765108704567 1.504756577312946 0.8951530307531357 0.2095013111829758 1.502563074231148 0.5165077447891235 0.96953035145998 2.389519259333611 0.7963409498333931 5.683902256190777 11.67390760034323 0.1891211271286011 18.97356037050486 11.29648634791374 126.5100859925151 0 2.620561666786671 4.303343594074249 1.575025707483292 0.5299680233001709 0.9665102735161781 0.2809063047170639 0 0.4508659392595291 276.6414591446519 3.624795451760292 0 0 1.139558546245098 53.54304135590792 107.5882153511047 48.82947214692831 14.35266526788473 4.663261525332928 2.576851144433022 0.2253774106502533 0.7777496799826622 3.699115879833698 0.5301320850849152 0 0 0.7675757706165314 0.7645812332630157 0.1794203817844391 0 250.1292262524366 83.08620006591082 83.13156813383102 947.109306357801 108.8003234043717 507.4010281935334 291.9708067551255 156.2228891551495 37.97918275743723 13.94187189638615 322.4853932708502 30.63486064970493 1.772317185997963 56.26855203509331 3.585091136395931 66.97464425861835 2.331411346793175 1.240640960633755 7.04331947863102 9.542958930134773 2.635152250528336
47.33073733747005 1586.59653891623 708.2668428495526 9.145104333758354 2982.117322176695 16.58765695989132 2296.843844473362 1585.062208123505 5774.096382416785 181.7305254042149 10023.54524980485 179.4622329175472 4821.582506999373 0 150.6479623019695 46.18820838630199 2.777775451540947 0.7849129140377045 0 0.5729360729455948 2.93761833012104 0.5317705273628235 0.1918537095189095 0.1760072708129883 0.4137002527713776 2.043541394174099 0.4164432212710381 2.194039545953274 0.298553928732872 0 188.5366253405809 15.03567852079868 788.0155443698168 0 0.2437481284141541 9.359081536531448 716.6703958809376 64.42002440989017 52.82850389927626 1.503877572715282 27.15124160796404 18.8882931470871 1.734031312167645 3.582940846681595 0 0.9986200928688049 252.5745885595679 13.54502220451832 2.501245081424713 1.888688549399376 6.896526411175728 0 0 3.805520281195641 10.56192864477634 9.589060612022877 47.01964247226715 67.44661208242178 47.25055369734764 53.7674625441432 5.910521656274796 74.25809179246426 0.1505563259124756 78.40037021785975 6.756542131304741 16.78243769705296 10.36385582387447 7.939149156212807 5.117537640035152 35.22478966414928 343.5613415688276 53.09742943942547 0 123.8682995438576 99.1579695045948 190.4882005229592 74.81501654535532 20.44537930190563 1.179827511310577 419.0002498328686 0.7911970838904381 30.71700050681829 34.31056446582079 1.637706428766251 14.22807066142559 8.316938228905201 8.164820045232773 0.3836756348609924 2.836316950619221 0 4.688143074512482 1.149009563028812 54.76686204969883 13.32733691483736 2.20963279157877 595.4875590801239 40.21932815015316 0 22.26064141094685 24.28034770488739 4.288796424865723 0.4539805054664612 5.583393901586533 2.464081838726997 1.852557346224785 70.24486558139324 0.1682112812995911 66.86540211737156 18.60570567846298 19.5317350924015 3.41214382648468 142.9467191547155 111.5333973765373 172.8498479276896 189.8930690437555 1.759470835328102 0.421432226896286 0.4902365058660507 0 0.1551557183265686 0 0.3973640501499176 0 0.7856719493865967 0 0 0 0 0 0 0 0.4474334865808487 0 0 0.3514964431524277 0.2129866033792496 0.1674273312091827 0 0 50.7299774736166 0 25.18707901984453 6.750528916716576 0.6561264842748642 0.3833160400390625 0.1370953768491745 0.823940634727478 0 1.414452508091927 0.919533982872963 0.6606748998165131 4.467901661992073 4.392795324325562 0.715122327208519 0.6210576891899109 0.2913604378700256 0.519499734044075 0.4442882537841797 1.132155902683735 0.74557164311409 0.3372076973319054 1.858257353305817 6.17453783005476 0 11.22570539265871 8.152759104967117 67.73853105306625 0 2.079989708960056 0.6912889033555984 0.5142458751797676 0.1081672534346581 0.7781344056129456 0.2701932787895203 0 0.2129681408405304 127.6089911907911 0.3033153116703033 0.3846565186977386 0 0.8759516626596451 26.1737419962883 42.05690062046051 30.59171038866043 9.416783973574638 1.777481198310852 1.818698816001415 0 0.6338986903429031 2.253897942602634 0.1277975589036942 0 0 0.2497901096940041 0.327931210398674 0 0 84.44670364260674 32.87628625333309 41.63163860887289 1021.079499796033 121.2155906781554 766.3942888379097 388.5275209769607 135.7185463160276 55.94579339772463 13.13611205667257 381.25022662431 22.22909265756607 0.5969220250844955 32.53820633888245 2.302130952477455 30.47994330525398 0.4302651137113571 1.036388158798218 5.883095696568489 13.59973049908876 1.681426018476486
