0 4419.633606858552 19.31841412186623 1775.974196270108 1375.986197538674 56.63455550372601 3016.821039497852 38.92620668560266 184.4877282455564 883.3783859312534 81.62689968943596 33.68652933835983 64.84356969594955 107.8800436705351 0.8214069008827209 0.2605561912059784 0.2660388275980949 0.1371823400259018 0 0.1103454008698463 0.1518501788377762 0 0 0 0 0.1082461252808571 0 0 0 0 623.7182129994035 2.541669242084026 0.7289418876171112 0 0 0.1144448593258858 0 0.09541487693786621 0 0 0 0 0.1218379437923431 0 0 0.2726728543639183 24.89839258790016 1.971574999392033 0.1196426302194595 0.1570698469877243 0 0 0 0.3661762326955795 6.104276046156883 18.3439573943615 218.7091470435262 1261.441057659686 30.24295645952225 8.502084493637085 0.8328266963362694 0.144999623298645 0 10.99549996107817 5.163713224232197 0.6236170008778572 1.157070994377136 0.4659425392746925 0.1186826974153519 0.4591110646724701 1.38388641923666 0 0 210.5756033733487 19.80610213428736 6.416379049420357 1.291498087346554 0.8736018091440201 0 2.810865096747875 0.2668970674276352 1.251519471406937 14.66429886221886 1.247633658349514 0.493196964263916 8.85500244051218 0.3370189815759659 0 0.8567655235528946 0.1521629691123962 0 0 0 0 0 70.48162862658501 6.300695061683655 0 0 1071.18914911896 0 0.3954517841339111 0.8156706690788269 0 0 2.58804389834404 0 1.65689355134964 2.041023522615433 1.875795066356659 0.3044022917747498 2.010215938091278 5.750222027301788 2.330019742250443 0.4089832007884979 0 0 0 0 0 0 0 0 0 0 0 0 0 0 0 0 0 0 0 0 0 0 0 0 0 0 0.1415865123271942 0 0 0 0 0 0 0 0 0 0 0 0 0 0 0 0 0 0 0 0 0 0 0 0 0.2184784263372421 0.169670432806015 0 0 0 0 0 0 0 0 1.968887820839882 0 0 0 0 0 0 0 0 0.2404364198446274 0 0 0 0 0 0 0 0 0 0 0 3.502810567617416 0 0.8203469514846802 284.4242778867483 9.221186690032482 171.0361898168921 35.48351493477821 451.6578346565366 24.51134811341763 2.054608456790447 15.80368228256702 0.6655622720718384 0 0 0 7.04153698682785 0 0 0.4797089099884033 0.7005146145820618 0
4419.633606858552 0 222.0987019836903 737.1340156495571 5684.919971518219 63.34275130927563 5119.54159475863 71.5887905806303 1426.312593974173 144.6890255883336 144.2401035577059 3.409954406321049 245.6861506327987 218.3448799327016 25.88370200991631 5.451143272221088 0.8748811781406403 0.1542666107416153 0.1267248690128326 0.2002162784337997 0.5371036380529404 0 0.3153117895126343 0 0 0.3008541464805603 0.2042288258671761 1.068345263600349 1.40990586578846 0 6200.72124543041 28.35009418427944 6.879269614815712 0 0 0 1.303425550460815 1.427154071629047 0.4560703188180923 0.8577995300292969 0 1.251158952713013 0.6841966211795807 0.126811295747757 0.1001061201095581 0.6466035693883896 132.46263872087 6.167817451059818 0.8876946866512299 0.2523544952273369 1.443049751222134 0 0 1.012069277465343 20.59052271395922 45.6818378791213 263.0731048062444 2279.153648398817 63.51909399777651 32.08217594772577 1.323415949940681 0.3053973615169525 0.2055456712841988 112.1072550415993 15.39992044866085 2.641620129346848 5.136046014726162 1.043260298669338 0.6277316138148308 0.9317725002765656 2.425198927521706 0.2061077654361725 0 484.5662839189172 148.2447793781757 66.78466116636992 31.39044565707445 7.715141780674458 1.705755613744259 15.3272830247879 0.406987227499485 3.703135706484318 39.35426469147205 3.734788857400417 1.900476448237896 22.13437408208847 1.313098505139351 0.3900028020143509 4.046015881001949 0.2569879144430161 0.7423302829265594 0 0.5879104360938072 0.1357265710830688 1.077036313712597 16.80385512113571 0.9971102923154831 0 0.2528602182865143 751.8986288532615 0.1186639815568924 0.764768123626709 0.8643493056297302 0.5160667598247528 0.4257590174674988 4.774526193737984 0 2.982857838273048 3.183811396360397 1.915830299258232 0.7714666724205017 5.185465812683105 6.213143244385719 9.075899437069893 4.497692577540874 0 0 0 0.415752500295639 0 0 0 0 0 0.2273996025323868 0 0 0 0 0 0 0 0.1846259087324142 0 0.1820716559886932 0 0 0 0 3.533797070384026 0.7778007984161377 1.351788088679314 0.4445603787899017 0 0 0 0 0 0 0 0 0 0 0 0 0 0.1660254001617432 0 0 0 0 0.1655304729938507 0.1146452352404594 0 0 0 3.894737631082535 0 0 0 0 0 0 0 0 0 8.256143629550934 0 0 0 0 0.4117745012044907 0 0 0.5916634500026703 0.2385003417730331 0 0 0 0 0.1328436434268951 0 0 0.5227917209267616 0 0 0 3.635954856872559 0.4024489521980286 1.043144635856152 531.8328607454896 43.6684533059597 547.4892754331231 134.3479405269027 336.7345786690712 70.64835194498301 12.24058950692415 94.84162198007107 6.053243435919285 0.18246740847826 0.120362900197506 0.1051739379763603 6.604871198534966 0 0 0.2428604364395142 5.708677247166634 0.504606306552887
19.31841412186623 222.0987019836903 0 1.212807521224022 795.8856608197093 0.1446589976549149 50.69891877472401 2009.750376217067 626.8145287111402 2.014356926083565 2594.574732653797 4.421183377504349 152.6631708964705 1474.473536357284 13.35758014023304 19.93981083482504 24.68947964906693 17.54644423723221 0.1430254727602005 11.17314871400595 70.95566432923079 0.2192106246948242 4.358866140246391 3.311336226761341 13.29437929391861 2.83065177500248 1.715210661292076 1.04434822499752 2.29177813231945 0 2245.240372411907 684.4076016396284 29.74380819499493 3.554687052965164 17.63774602115154 32.30022186785936 10.60361767560244 14.13115233927965 2.631271131336689 10.33299246430397 9.010470665991306 1.414939731359482 51.87802430987358 7.09111001342535 0.6526388600468636 19.91271807253361 44.32958810776472 12.66610026359558 12.74888075888157 58.82023021578789 3.26764377951622 0.1456562429666519 5.605155825614929 3.354282096028328 3.909696854650974 11.77250692993402 94.00735126435757 1372.625731684268 21.75691798329353 7.106943607330322 233.4719097465277 93.39984345436096 35.92585497349501 650.0356855913997 2.232914812862873 3.209091827273369 4.021658793091774 18.59976337850094 41.07099162042141 123.169907912612 7.586260288953781 0 0 173.594361320138 129.5680158287287 20.27778542786837 24.33728091418743 21.11096405237913 657.753900013864 1982.243259683251 93.96145597845316 757.9844709634781 10.37026052176952 0.4561809003353119 1.707551755011082 6.644396170973778 36.85967336595058 0.1603253036737442 1.365417927503586 0.1342269331216812 2.186111852526665 1.05498418211937 13.00622575730085 4.119053669273853 2.52933382242918 3.692107677459717 0 0 2.799866288900375 16.10285140573978 0 0 0 0 0 0.4912442564964294 0 0 0 0.139889732003212 0 1.951233237981796 0.6240686029195786 0.2614197432994843 0.1440667510032654 0 0 0 0 0 0 0 0 0 0 0 0 0 0 0 0 0 0 0 0 0 0 0.2049088627099991 0 0.7647102326154709 0 1.530146166682243 0 0.3513500392436981 0 0.2655895724892616 0 0 0 0 0.4026256650686264 0 0 0 0 0 0.1558612883090973 0.2568852826952934 0 0 0 0 0 0 0.1461239904165268 0 0.5011571198701859 0 0 0 0.1353237330913544 0 0 0.2687676101922989 0.4396193772554398 0.4570756107568741 2.321030728518963 0.3899759650230408 0 0.3188426196575165 0.6229844391345978 0 0 0 0 0 0 0 0 0.6218153387308121 0.1661223620176315 0 0 0 0.3616858720779419 0 0 0.4988944977521896 1.215483024716377 0.5398181825876236 150.826296672225 25.018584869802 161.8710762634873 42.06776233017445 48.07097710669041 17.223622828722 3.028356343507767 24.34780037403107 1.039145119488239 0 0 0 0 0 0 0.5112476944923401 3.872602447867393 0.1638861745595932
1775.974196270108 737.1340156495571 1.212807521224022 0 249.3694011718035 385.9881521165371 1145.41060911119 0.1041300520300865 60.43659548461437 2554.03506089747 0.3764827772974968 193.1425068676472 703.5767337977886 40.34500356018543 1.380354702472687 0 0 0 0 0 0.1361973583698273 0 0 0 0 0 0 0 0 0 105.96560510993 1.09772253036499 0.09739594161510468 0 0 0 0 0 0 0 0 0 0 0.1440793722867966 0 0 8.713516972959042 0.2652303129434586 0 0 0.297672227025032 0 0 0.1109898239374161 1.496367812156677 2.023212134838104 18.27604679763317 86.37083470076323 4.765879392623901 2.254673942923546 0 0.1224551126360893 0 0.9445494413375854 0.3580220565199852 0.1094183176755905 0.2315071076154709 0 0 0 0 0 0 35.70166110247374 8.283149063587189 5.226031266152859 2.289731323719025 0.1205967366695404 0 1.517787016928196 0 0.3285032510757446 2.564401432871819 0.3459949791431427 0.1039631068706512 1.934676259756088 0 0 0.1044586673378944 0 0.1261145919561386 0 0 0 0 6.902124121785164 0 0 0 117.1032938286662 0 0.1631776690483093 0 0 0 1.701551035046577 0 0.180077001452446 0 0.5483813583850861 0 1.417788922786713 0.7978455275297165 0.5953380763530731 0.7150321304798126 0 0 0 0 0 0 0 0 0 0 0 0 0 0 0 0 0 0 0 0 0 0 0 0 0.1395647674798965 0 0 0 0 0 0 0 0 0 0 0 0 0 0 0 0 0 0 0 0 0 0 0 0 0 0 0 0 0 0 0 0 0 0 0 0 0.27572862803936 0 0 0 0 0 0 0 0 0 0 0 0 0 0 0 0 0 0 0 0 0.7247299998998642 0 0 63.85328644514084 3.205673284828663 43.04290600866079 10.15366397053003 105.9562263861299 4.683492906391621 1.186793148517609 9.247265160083771 0.4149452596902847 0 0 0 0.2143264710903168 0 0 0 0 0
1375.986197538674 5684.919971518219 795.8856608197093 249.3694011718035 0 54.72553282976151 2187.917583160102 66.41813072562218 4115.301677159965 477.3792371526361 142.7708466351032 20.16256507486105 863.9859846457839 755.5709945559502 52.83118063211441 39.53379379957914 1.326741442084312 1.168721407651901 0.7359601557254791 0.1403380930423737 2.117205485701561 0 0.1207953095436096 0.2263066545128822 0.2405597716569901 1.732221812009811 0.251483716070652 2.046020224690437 3.035630777478218 0.4183439388871193 1038.405050747097 73.06646618247032 17.15606833249331 0.1166127398610115 0.4518113434314728 1.179007351398468 4.057409331202507 0.3463350608944893 1.26591332256794 0.255851686000824 0 0.7320622503757477 1.282936111092567 2.223371922969818 0 0.5693034678697586 215.844680160284 8.913762345910072 1.029864117503166 1.219758525490761 1.929362811148167 0.4888612776994705 0.242424763739109 4.495105303823948 22.75384970754385 42.03240785747766 136.3878598064184 686.0825166925788 51.88225312530994 40.6662877574563 2.127905808389187 5.005716025829315 0.931130051612854 194.8154191076756 15.28917991369963 5.127443984150887 4.800756804645061 1.907678365707397 1.219513066112995 1.874136753380299 11.4731380045414 0.7413416281342506 0 377.4656646773219 189.4134497493505 137.4848391711712 102.133082896471 17.03106997907162 8.500468410551548 74.25812181830406 1.808398485183716 15.89470790326595 43.24796494096518 2.064260102808475 3.469397678971291 23.71064034849405 2.127543374896049 0.1134169474244118 4.158165223896503 0 1.288936033844948 0.1090207919478416 0.4540190398693085 0.4492850005626678 2.067286066710949 57.42296682298183 0.4266313314437866 0 0.9924004599452019 135.9187372028828 0 2.635435700416565 0.9298662543296814 0.6244136244058609 0.1438422501087189 27.67897139489651 1.017406180500984 9.993575640022755 13.43000108003616 13.73389503359795 4.134318739175797 40.96452005207539 32.58782982826233 43.62716887146235 24.32095037400723 0.4335733354091644 0.6405996382236481 0 0 0 0 0 0.2391721159219742 0 0 0 0 0 0.2056902796030045 0 0 0 0.2018575072288513 0 2.907820515334606 0.4289745017886162 0 1.275520086288452 0 10.92517917603254 0.2787849903106689 7.439944937825203 0.6674366071820259 0 0 0 0 0 0.485376700758934 0 0 0 2.765077784657478 0 0.149603396654129 0 0 0 0 0 0 0 0.9342733398079872 0 0 1.331247985363007 11.25925925374031 0.4474263563752174 0 0 0 0 0 0 0 0 42.3230998814106 0.3161823600530624 0 0 0 1.615992531180382 0 0 0.488403394818306 1.224734984338284 0.801816537976265 0 0 0.3145643919706345 0 0 0 0 0 0 0 20.3240507543087 3.437310300767422 5.284419000148773 770.2827328667045 95.17424594610929 631.4160602539778 222.8589114993811 253.9563657566905 93.81180761009455 14.78170049935579 192.933450743556 8.905988492071629 0 5.191635072231293 1.347188971936703 23.63487064838409 0.4354307651519775 0 2.918416023254395 7.086739093065262 0.1032428741455078
56.63455550372601 63.34275130927563 0.1446589976549149 385.9881521165371 54.72553282976151 0 508.471421957016 0 14.90714028477669 1633.202020958066 2.155837059020996 183.5596532076597 84.74399566650391 40.69291288405657 0 0.4191069751977921 0 0 0 0 0 3.638393610715866 0 0 0 0 0 0 0 0 14.21401405334473 0 17.02737332880497 0 0 0 7.725217685103416 0 1.069294601678848 0 0 0 0 0 0 0 1.552444487810135 0 0 0.3053483366966248 0 3.728400990366936 0 0.51398004591465 0.8068864345550537 3.863644361495972 43.554134555161 56.82103314250708 3.3139987885952 0.3375234305858612 0 4.201938584446907 0 3.028384760022163 0.1203235313296318 0.1496356427669525 0.1877762973308563 0 0 0 63.87055693566799 95.57778638601303 2.233276382088661 14.46176479011774 1.629503399133682 1.476419299840927 0.3870963156223297 0 0 14.9403240531683 0 1.391182139515877 1.269459947943687 0.8563625067472458 0.1487885713577271 0.6437512189149857 0 1.310386165976524 1.192482888698578 3.122845947742462 0.4056588560342789 2.542038083076477 0 0 2.333346396684647 480.1495418548584 185.0874402076006 2.617011487483978 7.423929005861282 262.3623379766941 0 0.3383338451385498 0 0 0 1.256977200508118 0 0.5237099677324295 0.5434356927871704 0.1778099983930588 0 0.7605232894420624 0.3179115355014801 0.9875340908765793 0.8473938405513763 0 0 0 0 0 0 0 0 0 0 0 0 0 0 0 0 0 0 0 0 0 0 0 0 0 0 0.1672925651073456 0.5570637583732605 0.3245728313922882 0 0 0 0 0 0 0 0 0.1376200616359711 0 0 0 0 0 0 0 0 0 0 0 0 0 0 0 0 0 0 0 0 0 0 0.1539323478937149 0.4516935050487518 0.7845125198364258 0 0 0 0 0 0 0 0.3391643464565277 0 0 0 0 0 0 0 0.2545571327209473 0 0 0 0.2745628654956818 0 0 16.1587079167366 1.061090677976608 14.19680177420378 2.29017511755228 70.67542208731174 2.576280385255814 0.6699090451002121 1.476291865110397 0 0 0 0 0.5325549244880676 0.152843713760376 0 0 0.1231515854597092 0
3016.821039497852 5119.54159475863 50.69891877472401 1145.41060911119 2187.917583160102 508.471421957016 0 27.42915447056293 2944.21235743165 3133.367620706558 59.01927744597197 238.1034579500556 2966.194717720151 1677.921919085085 52.61304032802582 40.13694687187672 2.954986743628979 1.085976146161556 0.6316335573792458 0.5018614381551743 0.5597622692584991 0.1103367283940315 0.4277309626340866 0.589678630232811 0 1.129030004143715 0.3517820239067078 2.334227912127972 3.021173514425755 0.2770459055900574 407.8382267355919 54.81331203877926 28.74946112930775 0.1060653552412987 0.4439967125654221 0.8473715931177139 6.882879361510277 0.6236399263143539 0.4769303649663925 0.9501203075051308 0.2801590785384178 1.541950903832912 0.7265392392873764 2.855971053242683 0.1063140481710434 1.022423096001148 240.5967485830188 7.517263561487198 0.6394878625869751 0.8358149453997612 2.247075445950031 0.5234987214207649 1.081881783902645 5.828564383089542 23.43846125155687 53.78150601685047 155.3023215383291 577.3028970211744 65.90136341005564 45.29839959740639 2.132602334022522 1.4383315294981 0.5515455454587936 142.9902003109455 17.47952587902546 4.373554818332195 5.418663464486599 1.864948913455009 1.084474809467793 1.461855456233025 21.09012892097235 1.485110819339752 0 425.1759110018611 158.2380392402411 127.5063432604074 94.30656804144382 19.00622222572565 0.7389036864042282 50.89198388159275 0.6758560389280319 6.590708903968334 50.99695867300034 4.267858736217022 2.486906200647354 24.8143944516778 2.239501267671585 0.4415443390607834 5.322243630886078 0.4860556796193123 2.006002806127071 0.1280719488859177 1.223764903843403 0.9053488820791245 3.201142430305481 209.8714027479291 0.3590562045574188 0 1.500363558530807 354.1565639600158 0 3.539168506860733 2.189021527767181 2.505777202546597 2.532944113016129 49.31430901587009 6.307370766997337 25.03219899535179 32.50724047422409 32.65792440623045 8.027728155255318 96.41193290054798 90.81612239778042 112.527398057282 54.83837142586708 0.1277233064174652 0.9850836992263794 0 0 0 0 0 0.2883149087429047 0 0 0 0 0 0 0 0.3747463077306747 0 0 0 2.759517431259155 0.5072277784347534 0 0.3975678682327271 0.6326317638158798 25.40667554736137 3.517724178731441 12.90033413469791 2.594710431993008 1.465406805276871 0 0 0 0 0.09608650207519531 0 0 0.7363205626606941 3.407269448041916 0 0.1303101480007172 0 0.1241929084062576 0.422650158405304 0 0.5751782059669495 0 0.5701379179954529 1.407838359475136 0.5360375940799713 0 0.2214049249887466 26.21340366452932 1.01819234341383 0 0 0 0 0 0 0 0 101.4430376142263 0.5004053264856339 0 0 0.101838156580925 3.747591964900494 0 2.612336367368698 0.5267646461725235 3.011435024440289 0.5720593631267548 0.536955714225769 1.34415677189827 0 0.08485217392444611 0 0 0.2750580534338951 0 0 0 56.6999247521162 6.195935048162937 6.707455784082413 1133.907740011811 115.6709892600775 831.6266636922956 278.7495499178767 705.9160368591547 117.7453990280628 16.02937869727612 255.4467504397035 16.23824329674244 0.319601982831955 7.955462463200092 1.784520201385021 50.47508709132671 1.14482145011425 0.09882039576768875 3.243153028190136 7.520589604973793 0
38.92620668560266 71.5887905806303 2009.750376217067 0.1041300520300865 66.41813072562218 0 27.42915447056293 0 556.3299674242735 0.3443204462528229 3028.479304216802 3.718617349863052 140.068612486124 1934.425469316542 22.75695092976093 38.48248393833637 11.45072332769632 23.25779892504215 0.3270305991172791 10.28155745565891 72.66256042569876 0 4.140709057450294 1.630366697907448 10.18612588942051 1.489033728837967 0.6780689805746078 1.020284533500671 1.944181069731712 0 421.5629751682281 2185.691509634256 29.45081575959921 2.073751285672188 17.95641107857227 27.48043863475323 11.59844148159027 31.7023269534111 3.844774819910526 8.105620682239532 6.830396994948387 1.862816900014877 46.84731030464172 22.22640839219093 0.8577708303928375 40.91287527233362 74.05868454277515 6.894276052713394 8.428186006844044 48.09097543358803 1.096444740891457 0.4958318322896957 3.388282969594002 3.910061486065388 4.112435147166252 6.934758476912975 33.72203397750854 260.0114368796349 13.39752320945263 11.19833184033632 547.3073692917824 235.2649429515004 48.79319368302822 452.481218598783 3.285925410687923 2.208126045763493 2.357773125171661 9.754778958857059 34.70087339729071 98.42085684090853 1.874152995646 0 0 109.4642543718219 106.9577391296625 47.54146706312895 83.42983841150999 421.4821966215968 1108.582849241793 1332.301402062178 627.3555402606726 1422.649118408561 9.063748814165592 0.2496397420763969 1.038000978529453 3.072590112686157 26.7316337749362 0 1.395087860524654 0 1.077588297426701 0.1733832210302353 8.030875094234943 2.025378704071045 1.029531598091125 0.414915069937706 0 0 1.60560205578804 11.19349738955498 0 0 0 0 0 0 0.9310330748558044 0.2423797696828842 0 0 0.3065657019615173 0.6167088747024536 0.6454854309558868 0 0.3883302360773087 0.2546885907649994 0.22344970703125 0 0 0 0 0 0 0 0 0.1342470496892929 0 0 0 0.1740587949752808 0 0 0.1743152141571045 0 0 0 0 0.4686331152915955 0 0.146873414516449 0 0.4569884687662125 1.436304926872253 0.5878050923347473 0 0.2144671976566315 0.1457279473543167 0 0 0 0 0 0.3001848161220551 0 0 0 0.3141785264015198 0.3721380978822708 0 0 0 0 0 0 0 0 0 0 0 0 0 0 0 0.3651785403490067 0 0.261078804731369 0.8623827621340752 0 0 0.3275474607944489 0 0 0 0.4110554158687592 0 0 0 0 0 0.3550430089235306 0 0 0 0 0.3072419464588165 0 0 0.207086905837059 0.3506319671869278 1.122946307063103 176.5473666638136 25.17638084292412 181.2449101731181 70.06765957921743 23.20979127287865 20.46685233712196 2.893339850008488 46.80428179353476 1.261667102575302 0 0 0 0 0 0 0 4.248959325253963 0
184.4877282455564 1426.312593974173 626.8145287111402 60.43659548461437 4115.301677159965 14.90714028477669 2944.21235743165 556.3299674242735 0 237.3248543664813 1768.191407129169 41.23180642724037 1302.130278281868 2331.076584450901 29.25757236778736 46.2118154540658 1.695742346346378 1.112454384565353 0.9718133732676506 0 1.566787056624889 0 0 0.1665427684783936 0 1.357359431684017 0 1.630358003079891 0.5380343571305275 0.1000776961445808 340.9312926605344 48.74923531711102 17.6386526748538 0 0.1319487690925598 1.58895717561245 3.466043278574944 0.2780779600143433 0.6742066964507103 1.549489319324493 0.875336155295372 0.3810912147164345 0.3612300008535385 2.640078671276569 0.4956512451171875 0.9589024260640144 95.09759303182364 3.189608313143253 1.232781983911991 0.9353964924812317 0.5141822993755341 0.1055426299571991 0.2209253534674644 1.785612590610981 6.975886210799217 14.74538799375296 47.98002945631742 259.6739863231778 18.67347767204046 10.30475728213787 0.5198855772614479 8.417912684381008 1.06159869581461 109.3743756040931 3.880747571587563 1.172840982675552 1.005996040999889 0.79369056224823 1.604919381439686 2.911869384348392 9.823359481990337 0 0 133.9187079295516 78.16522856801748 63.89180444926023 73.04297631233931 15.70215386897326 4.101890079677105 67.73081899434328 0.5154038891196251 11.08929739892483 14.36688757687807 1.188446126878262 1.125648446381092 7.055278651416302 1.100943118333817 0 1.47735321521759 0 0.2360895574092865 0.2654928117990494 1.070305347442627 1.359839923679829 1.806586384773254 74.73413717746735 1.330495119094849 0 0.5942777097225189 28.50752914696932 0.2905118316411972 1.768950700759888 0.3891569077968597 1.981827691197395 2.712631016969681 29.60463013499975 1.374599426984787 11.34362164884806 12.81238859146833 15.59821772575378 5.442052997648716 48.09072903543711 37.29618941247463 50.6202382594347 27.65882498770952 0.6421247720718384 0.8742144703865051 0 0 0 0 0 0 0 0 0 0 0 0 0 0 0 0 0 1.563437640666962 0.1900148540735245 0 0 0 10.86367337405682 0.1576605588197708 3.799711421132088 1.679647035896778 0 0 0 0 0 0.1907190531492233 0 0 0.2216151878237724 1.783502161502838 0 0 0 0.1417325586080551 0 0.09627939015626907 0 0 0.467164970934391 0.9682909101247787 0.1691548228263855 0 0 8.521131165325642 1.13393821567297 0.2463156878948212 0 0 0 0 0 0 0 46.82934258878231 0.5090764611959457 0 0 0 2.567024134099483 0 0 1.189369916915894 1.50532803684473 0.4396712332963943 0.2596746832132339 0.1639023572206497 0 0 0 0 0 0 0 0 21.29713531583548 3.604903824627399 3.522061564028263 414.6183759719133 35.43597657233477 294.562761887908 120.7880307137966 74.04050684720278 37.33405648171902 5.449838355183601 102.6900055333972 9.197853088378906 0 5.04178736358881 1.873069308698177 19.37703402340412 0 0 1.324220657348633 3.942255362868309 0
883.3783859312534 144.6890255883336 2.014356926083565 2554.03506089747 477.3792371526361 1633.202020958066 3133.367620706558 0.3443204462528229 237.3248543664813 0 2.797364294528961 1489.678946532309 7204.192140877247 1107.121023602784 4.000112421810627 2.724687471985817 0 0 0.7188704311847687 0 0.1938656866550446 0 0.6677538752555847 0 1.232673525810242 0.3184446096420288 0 0.262461893260479 0.5820160210132599 0 17.55279698967934 1.190181702375412 63.56267911195755 0 0 0 18.93039673566818 0 0.7037706524133682 0 0 0 0 0.3702167570590973 0 0 13.52323314547539 0.7321574538946152 0 0 0.5364618897438049 0 0.1420329064130783 0.6228823214769363 1.845005556941032 1.607140369713306 32.71892066299915 34.84404063969851 2.173054076731205 1.756240509450436 0 0.8230557441711426 0 4.517779752612114 0.8366050496697426 0 0.3259983509778976 0 0 0 98.64230255782604 4.47066667675972 0 21.24803178757429 4.593655057251453 7.240067638456821 7.592634633183479 1.068116813898087 0 91.10136263072491 0 0.1275388300418854 1.461982123553753 0 0 1.062393590807915 0 0 0.2532641887664795 0 0 0 0.1630645841360092 0.2836722433567047 0.2930983752012253 882.1537055894732 8.980599105358124 0 0.9828353524208069 630.785436168313 2.291925922036171 6.390888422727585 0.8435585647821426 2.301840305328369 3.869850724935532 74.21720095723867 16.72847896814346 36.17514538764954 54.20634663105011 70.10334272682667 9.908393695950508 146.5334056988358 133.7909602373838 149.5013956874609 58.86728326231241 0.8788478225469589 1.151473194360733 0.1387487053871155 0 0 0 0 0.4371660351753235 0 0 0 0 0 0 0 0 0 0.5604926347732544 0 3.850201845169067 0.495647132396698 0 0 0 23.3332756459713 0 14.81617702543736 0.9543729051947594 0.8835735023021698 0 0 0 0 0.7649658024311066 0.2278021425008774 0 0.6814259588718414 3.163441069424152 0 0 0 0.3557081520557404 0 0 0 0 0.1931999176740646 2.264765560626984 1.469206571578979 0 0.7090247869491577 23.86255066841841 0.7299973219633102 0.1965124756097794 0 0 0 0 0.5642548203468323 0 0 98.50506395101547 0 0 0 0 4.556590482592583 0 0 2.011478096246719 3.035674765706062 1.55394783616066 0.4499467760324478 1.40888836234808 0 0 0.09107057005167007 0 0 0 0 0 91.40426155179739 4.284877061843872 8.727388598024845 288.4930421039462 9.210779339075089 59.69273572415113 16.41300552338362 855.3518451973796 7.861643053591251 0.5355521067976952 37.00436491519213 19.86702401190996 0.2895963490009308 9.266416184604168 1.685293309390545 83.08313938975334 1.729686245322227 0.142377570271492 2.213679492473602 0.1928625851869583 0.2861463502049446
81.62689968943596 144.2401035577059 2594.574732653797 0.3764827772974968 142.7708466351032 2.155837059020996 59.01927744597197 3028.479304216802 1768.191407129169 2.797364294528961 0 24.23315681517124 376.3111097887158 4761.145297020674 92.51612719893456 229.5672629773617 31.739985704422 6.452189669013023 4.166889682412148 1.640244282782078 56.67382112890482 0.2247614115476608 9.1371700912714 5.812234401702881 21.63502214103937 13.58651459217072 7.518742576241493 3.581582278013229 5.44348356127739 0.3060991764068604 582.6960093602538 300.3456115350127 1053.51590411365 2.133774988353252 19.61141550540924 39.22101140022278 351.6671550348401 89.31420058012009 38.7504106387496 27.06754117459059 23.48358224332333 3.753475777804852 6.581724442541599 18.32624644041061 4.623354814946651 2.484994381666183 190.0802183002234 10.91102383285761 6.541025221347809 16.21549410372972 5.932598315179348 0.1715202480554581 7.146072529256344 5.381347306072712 4.598970517516136 17.70903491228819 59.90866131335497 399.9224719181657 26.32836104929447 22.5262052193284 15.88192291557789 537.8939399570227 26.27324173599482 263.4464800059795 6.237856782972813 2.556127712130547 4.149897404015064 11.18757003545761 28.38104717433453 116.4226491004229 82.84638459980488 6.637845620512962 0 174.4438446760178 151.9876946508884 129.044604383409 241.4016411155462 90.29299695789814 586.0487397685647 1673.370443195105 4.05852086097002 303.0753234326839 20.29093244671822 0.7915870249271393 1.613244742155075 8.735857792198658 16.69970674812794 0 2.432350896298885 0 2.312734916806221 0.2474331930279732 22.04969970881939 5.586087062954903 3.995748430490494 28.12318944185972 3.806449450552464 0 33.14893667399883 18.40981212258339 0 0.1094672083854675 0 0.1571145951747894 1.082164995372295 6.7145756483078 0.8722527325153351 2.139391407370567 4.818587973713875 2.92744442820549 2.285689368844032 11.47194508463144 14.77884133160114 22.11073906719685 17.02153920382261 3.225885845720768 2.21382500231266 0.2448150664567947 1.317716434597969 0 0 0 0 0 0 0.4625402241945267 0 0.6823942363262177 0.2606713771820068 0 0.1394446790218353 0 0.6336578875780106 0 1.201667450368404 0.7914386242628098 0 3.144861727952957 0.5324057340621948 22.12048825621605 5.787712872028351 22.00461124628782 8.876357793807983 5.237797483801842 0.1513457298278809 0 0.6269194632768631 0 1.297958314418793 0 0 0.2752891704440117 2.616573743522167 0 0 0 1.110542327165604 0 0 0 0 0.1423858404159546 0.4065977185964584 0 0.3513846099376678 0.7215845435857773 12.23327600955963 0.3328426033258438 0 0.3709758520126343 0 0 0.1381163448095322 0.3525640815496445 0 0.5143850594758987 51.35840415209532 6.133812949061394 0 0 0.1235436797142029 1.740049928426743 0.4046666026115417 0.7341126352548599 1.648621581494808 0.7719058096408844 1.433173447847366 0 1.721249490976334 0 0 0 0 0.1231922656297684 0.7430266439914703 0 0 10.22111265361309 13.25784429162741 27.46222104877234 757.7824859023094 93.55631826072931 513.5052550211549 220.8033222854137 71.13503336161375 55.41986007243395 8.302654705941677 163.42797537148 20.88483367860317 0 6.766672275960445 2.243792735040188 3.438834108412266 1.831359893083572 0.1665618270635605 2.471150606870651 10.63924096524715 2.145021118223667
33.68652933835983 3.409954406321049 4.421183377504349 193.1425068676472 20.16256507486105 183.5596532076597 238.1034579500556 3.718617349863052 41.23180642724037 1489.678946532309 24.23315681517124 0 1007.416810058057 482.9181871041656 7.783281967043877 15.63077500462532 1.046171180903912 0.1197985112667084 0.6255687922239304 0.2824616432189941 0 0 0 0 0.268609493970871 0.9905818998813629 0.2070966884493828 0.4088912755250931 0.2613302320241928 0 2.601509630680084 2.100353591144085 106.8067135512829 0.1392654627561569 0 0 70.52547661960125 4.57891783118248 8.26007142663002 1.162149883806705 0.3307799100875854 0 0 1.104510352015495 0.1280673444271088 0.2524785324931145 11.04373910278082 0 0.2008648663759232 0 0.115344800055027 0.1932788044214249 0.8347125351428986 0.3241451382637024 0.7341989055275917 0.0899999737739563 2.50192903727293 6.47941230982542 0.689843475818634 0.943875640630722 0.6235957741737366 3.31316089630127 0 4.830123744904995 0.09946049004793167 0.1081521734595299 0 0.3624963313341141 0.1886332482099533 1.57367966324091 223.0598072558641 3.994349770247936 0 9.023745410144329 5.370284460484982 4.975874342024326 12.42036106437445 4.926286175847054 0 154.8514391109347 0 0.3358036279678345 0.5241240262985229 0 0 0.5054526850581169 0.2770348787307739 0 0.09862438589334488 0 0 0 0.4570356011390686 0.4439900517463684 0.1680700331926346 2057.068791016936 16.06241801381111 0 6.981175370514393 37.42610108852386 0.7093197926878929 4.671142444014549 1.602591559290886 5.482827723026276 5.137740790843964 65.86773789674044 8.643790818750858 39.38155252486467 32.76980894058943 43.12507198750973 14.98530950397253 127.4642098173499 100.0461513847113 175.7351378574967 86.58926755189896 1.459358207881451 3.237925879657269 0 1.571035861968994 0 0 0 0 0.1996375620365143 0 0 0 0 0 0 0.1153391748666763 0 0.3110369443893433 0 5.168150939047337 1.077245354652405 0 1.321791291236877 0 49.50406008213758 2.120687961578369 24.95311088114977 2.481752991676331 0.9906302243471146 0 0 0 0 0 0 0 0.647075280547142 5.228620067238808 0 0 0 0.4076852351427078 0.2655049264431 0 0 0 0.8657819479703903 1.793740756809711 0.4552351981401443 0.2081474363803864 1.043018132448196 43.60386350005865 2.256739713251591 0 0 0 0 0 0 0 0 182.2008988857269 0.7085758522152901 0 0 0 9.266862571239471 0.6572429835796356 0.4154070541262627 4.045859977602959 6.94912201911211 0.6014619693160057 0.4497819095849991 2.095609471201897 0 0 0 0 0 0.1400215327739716 0 0 101.1770467236638 16.53148539364338 12.73986278474331 117.0284212008119 8.139832578599453 49.19529589265585 18.32816619426012 134.7562565952539 4.318583264946938 0.2434973642230034 25.18178153038025 18.81600164622068 0 12.80230502039194 2.828617960214615 42.22161781042814 2.060010567307472 0.1111962124705315 4.215633824467659 0.617216520011425 0
64.84356969594955 245.6861506327987 152.6631708964705 703.5767337977886 863.9859846457839 84.74399566650391 2966.194717720151 140.068612486124 1302.130278281868 7204.192140877247 376.3111097887158 1007.416810058057 0 3996.004583671689 45.25521259754896 109.4851103425026 3.727051064372063 1.998366214334965 1.882847495377064 0.439639076590538 1.645511277019978 1.692151561379433 0 0.6643375307321548 4.8531583994627 4.45853553712368 0.8532682955265045 3.492061853408813 3.393984653055668 0 82.80963750183582 39.20073486119509 150.6823122799397 1.117380209267139 0.7610468566417694 1.988695353269577 103.2156220823526 26.71016980707645 20.62266536056995 5.385559499263763 1.166022188961506 1.160649441182613 1.344067707657814 9.049015074968338 1.833284921944141 0.8095936998724937 94.19024246186018 1.707330264151096 0.9190358221530914 0.3699791878461838 1.569637134671211 0.7527072429656982 5.520562723278999 2.946859829127789 3.857750788331032 9.081715025007725 28.60044024139643 100.8897764012218 12.73225267976522 9.776673130691051 2.495230436325073 24.45889099687338 1.379744835197926 77.08556171506643 3.960370190441608 0.2132911160588264 1.476871825754642 1.578631497919559 1.392891958355904 7.762889005243778 112.703906878829 22.95119389891624 0.2872807234525681 80.07744271308184 54.76686401665211 69.72840952128172 115.7815676853061 31.60409726947546 1.978444397449493 154.6331952139735 0.4773598164319992 13.89301604032516 7.281503595411777 0.5739780217409134 1.520398057997227 5.140372671186924 2.025138914585114 0.5555761158466339 0.6942666172981262 0.388443723320961 0.3175535798072815 0.1468456536531448 2.559469304978848 1.452281922101974 2.200110778212547 1572.021252699196 24.98745933175087 0.9933907240629196 8.131209991872311 32.73862098902464 1.698789186775684 5.924080595374107 4.151102587580681 3.513869941234589 6.886567167937756 104.9505781754851 14.26620212197304 55.63849023729563 65.2939079105854 72.99030756950378 24.11087216436863 203.341779731214 191.2399607077241 252.136162750423 137.3934844136238 3.255245089530945 3.530917763710022 0.614272452890873 1.472497783601284 0 0 0 0 0 0 0 0 0.4421562403440475 0 0 0 0.1720193922519684 0.809616357088089 0 9.627107128500938 2.837342023849487 0 2.605368375778198 0.3701625317335129 79.10561219602823 4.334153071045876 42.66573929786682 10.1326105967164 2.657701477408409 0.1436652541160583 0 0 0.8912183046340942 0.3046445995569229 1.021181792020798 0 2.041371777653694 7.716638810932636 0 0.4880326688289642 0 1.601577177643776 0.3660110756754875 0 0.5377168133854866 0.07890158146619797 1.905251331627369 2.269312389194965 0.9833852797746658 0 3.311715871095657 68.62612549215555 3.08291594684124 0.07793010771274567 0 0 0 0.1469462364912033 0 0 0.1894172430038452 286.5971725061536 6.871617168188095 0 0.1023239642381668 0 14.86267494410276 0.593467652797699 2.009674102067947 3.982112899422646 4.270277932286263 3.959515944123268 0.7454570457339287 1.780575007200241 0.5301522463560104 0.142839252948761 0 0 0 0 0 0 154.8841012567282 36.0550719872117 44.72657983005047 535.4313037246466 65.80787564069033 297.5471426174045 142.0309488475323 133.4085647761822 48.67127148807049 5.478918172419071 135.5436710417271 36.22485031187534 3.79869619011879 18.18483356386423 4.037076897919178 85.00076849013567 2.313596248626709 0.6125347316265106 4.905224725604057 8.087007090449333 0.6367626935243607
107.8800436705351 218.3448799327016 1474.473536357284 40.34500356018543 755.5709945559502 40.69291288405657 1677.921919085085 1934.425469316542 2331.076584450901 1107.121023602784 4761.145297020674 482.9181871041656 3996.004583671689 0 121.8159575015306 304.5943593084812 27.24582840502262 6.089417412877083 7.055678136646748 0.8165394067764282 14.28171723335981 0.4195564091205597 3.055251449346542 1.036370888352394 22.18133565783501 8.689891792833805 4.203476436436176 7.383488453924656 4.56989448517561 0.551309734582901 545.8945745006204 113.6288663372397 1864.2360958606 0.73506910353899 5.454701393842697 20.60891070216894 839.6303052306175 107.6006076410413 95.76689579337835 31.51610441505909 11.77613645046949 4.947600714862347 3.46353816986084 21.84575746208429 4.805649258196354 1.559631340205669 226.3563416972756 8.148770205676556 5.82267139852047 7.883641503751278 10.22348636388779 0.8605670630931854 5.003997899591923 7.868737235665321 10.59659244120121 27.68438427895308 89.27004837244749 523.7326154336333 34.8608002141118 31.14334833621979 9.732128769159317 252.6830910369754 6.156693965196609 200.2649191319942 9.525177419185638 3.49188769608736 3.59670702368021 9.964215457439423 11.70637989044189 54.07623118162155 451.9575492814183 12.71764379739761 0 244.2069425731897 160.4166574254632 176.905994951725 285.9718796759844 110.1270096674562 20.3240702226758 929.1670520380139 1.974985271692276 65.06490932404995 24.3460116237402 2.041152700781822 2.643845535814762 11.73516277223825 11.36883711069822 0 4.440653137862682 0 1.433042660355568 0.5548435375094414 9.749654702842236 7.269449174404144 2.622900001704693 1222.133406639099 7.145297065377235 0 43.10414801537991 41.86565343290567 1.93414244055748 6.537886381149292 2.196777269244194 3.777763351798058 7.821378067135811 94.51894930750132 9.798701658844948 49.19492398947477 60.27009689062834 49.93952575325966 29.11645244807005 180.651938252151 143.4354663342237 255.1155689284205 140.8158013671637 4.205866947770119 5.858465515077114 0.5504302680492401 0.8773104026913643 0 0 0.2997554540634155 0.1628686338663101 0 0 0.353453129529953 0 2.579831719398499 0.2120992094278336 0.643238753080368 0.9151583015918732 0.1688467413187027 1.449196808040142 0 8.972411699593067 2.083588227629662 0 4.512139916419983 0.288068562746048 98.71233988553286 9.097085505723953 71.13213416934013 15.90052953362465 7.191325932741165 0.3831190466880798 0.147880420088768 0 0.3041753172874451 0.4453471153974533 1.209118522703648 0 0.7755184173583984 12.86628936976194 0.2385747656226158 0.2103120386600494 0 3.037958517670631 0.7836645767092705 0 0.3590162396430969 0 2.036018498241901 2.841392822563648 1.137994468212128 0.1276425868272781 2.978636384010315 78.0256956294179 3.877570696175098 0.3972653299570084 0.09432258456945419 0 0.3458309471607208 0 0 0 0.2622239589691162 318.1062430888414 5.367086142301559 0.1162068769335747 0.2122350484132767 0.1443163156509399 13.24335274845362 0.3487195819616318 4.220878154039383 4.885022513568401 6.620287768542767 3.728620976209641 0.8554487675428391 4.953498095273972 0.580791711807251 0 0 0 0 0 0 0.3173954039812088 126.7479069083929 39.29818702489138 52.92371706664562 1240.231067351997 142.8944526314735 725.9717918336391 333.5849127694964 161.3340080976486 107.8106471076608 11.72915977984667 303.911854557693 57.15351616591215 3.976754374802113 27.79009030014277 5.95678748190403 75.7454784065485 3.211007170379162 0.6875257939100266 11.4402280151844 18.12691054493189 1.455184862017632
