0 4550.491322956979 362.6166488230228 1129.563822835684 602.4018060341477 183.3949965387583 476.4338170066476 74.32696522027254 133.5602587163448 1278.500023052096 186.6650668904185 270.2695722281933 147.8779992461205 160.0720716863871 6.895576104521751 1.654788851737976 0.1654326617717743 0 0 0.1704626381397247 0 0 0.6679291874170303 0.2402412742376328 5.97594528645277 0.6573920547962189 2.839442938566208 0 0 0 62.07522167265415 6.574434638023376 38.81029880046844 0 0.8082939386367798 1.557381525635719 130.2482515871525 5.00255012512207 23.30988311767578 2.40177820622921 1.027460008859634 1.022929325699806 0.1566121578216553 0 0.1534986346960068 0 37.45308335870504 2.506048038601875 0 0.3126111328601837 0.9575393497943878 0 0 0 4.557008273899555 16.7235456854105 535.5709504336119 1380.486343935132 42.95283813774586 40.71167735755444 2.21800509095192 7.764404937624931 0.8320855349302292 2.551781684160233 3.849227599799633 1.762432247400284 0.6922849863767624 1.528478115797043 3.050990059971809 3.393164128065109 94.45108959078789 35.03264385461807 1.395400077104568 382.5335480868816 28.87178551405668 54.78929794579744 3.205076910555363 1.030986458063126 0 41.29546023160219 1.303551092743874 6.02245007455349 6.448881357908249 7.266726858913898 1.199188709259033 8.455642655491829 1.649490274488926 0.9380172491073608 1.184577792882919 0.545371413230896 0.7481701374053955 0.3725321143865585 4.250129669904709 0 0.7768219411373138 279.797733232379 43.60639563202858 0.88042351603508 12.65524128079414 2516.538018345833 2.655503436923027 4.153908729553223 2.098626106977463 5.657394975423813 0.7651457786560059 13.67776349186897 4.125596225261688 9.670860677957535 17.13895240426064 23.18482245504856 3.530740827322006 35.523766502738 11.59399764239788 28.20645116269588 22.26056218147278 1.84356278181076 0.2984762787818909 0 0.6879463791847229 0 0 0 0 0 0.1756002604961395 0 0 0 0 0.4749409854412079 0 0.3140458762645721 0.6031485944986343 0 2.075615972280502 0 0 2.323045670986176 0 65.68419410288334 1.627194911241531 55.0074912160635 34.19087496399879 1.538170754909515 0 0 0 0.1868239343166351 0 0 0 0 2.723400354385376 0 0 0.3799985349178314 0.4467778950929642 0.198421835899353 0 0 0 1.243730783462524 7.203897789120674 0 0 0 30.37115401029587 0.6162087321281433 0 0 0 0 0 0 0 0.5230141282081604 53.4680854678154 2.157699465751648 0 0 0 5.894826680421829 0.3791232705116272 4.11372184753418 6.176695883274078 3.381965160369873 1.859303146600723 2.34912121295929 1.933091014623642 0.5278607606887817 0.2557725012302399 0 0 0 0 0 0 14.51213194429874 19.05257074534893 61.13860411942005 332.1395644247532 26.97120025008917 90.64148288220167 5.942611366510391 1846.912471845746 110.4364671334624 0 23.59664195775986 10.18324479460716 0.6143708229064941 19.24925488233566 2.914811797440052 46.33009502291679 1.522163584828377 0.7253431081771851 3.509303033351898 1.349992677569389 0
4550.491322956979 0 1012.90898104012 1043.594668827951 7027.415478393435 251.9335845559835 4738.011728316545 552.4505506083369 3028.876431405544 670.4588035270572 1618.943876393139 222.8612788021564 1068.949576638639 2109.383143596351 74.3414670675993 10.19235441088676 0.1682599931955338 2.284801580011845 0 3.076142147183418 4.833531320095062 0.5770379900932312 7.195665165781975 4.664469063282013 30.9087640196085 2.812105126678944 24.24098715931177 1.54271137714386 1.106265090405941 0 1649.317052558064 115.9110378473997 59.41623264551163 2.180332899093628 10.56657467782497 9.435401126742363 100.3813215494156 23.53066825866699 12.5078108087182 6.525232717394829 6.927254073321819 1.238819882273674 3.50837005674839 0 0.2596663385629654 1.063744850456715 209.7267022058368 10.90560257434845 0.7543211206793785 3.895049892365932 8.950604356825352 0 0.1681166440248489 0 15.97582997381687 52.67872057110071 504.1263949796557 2680.792329125106 62.2569073215127 139.6645723879337 5.092856287956238 15.63157414644957 6.81440781056881 82.59895972162485 32.34050314873457 9.689551003277302 5.933167323470116 6.138951905071735 21.57728141546249 36.07685224711895 47.72196963429451 6.605146050453186 0 776.8684629350901 157.9515666291118 366.0054195597768 31.95487191528082 7.527169786393642 1.582439802587032 346.9238390922546 4.869757726788521 13.59189554303885 24.32861670106649 14.26812424510717 9.898381792008877 38.45245107263327 7.165107235312462 1.299320437014103 5.091642588376999 0.2371463403105736 0.7058438286185265 0.5754402875900269 13.98814316093922 1.884149126708508 0.746853694319725 145.442923694849 8.448914557695389 0.2730352580547333 1.190097063779831 1455.933374196291 3.360019460320473 3.601169794797897 3.073068201541901 1.868083745241165 0 16.43779373168945 3.519374221563339 16.6849413216114 17.103704854846 10.19781325757504 2.120707511901855 41.3707686662674 10.86809431016445 27.62956248223782 14.92884096503258 0.9558312594890594 0.5753914266824722 0 0.1714343279600143 0 0 0 0.2133448421955109 0.4397456645965576 0 0.5590829104185104 0 0.2040590792894363 0.2145621925592422 0 0.4475155174732208 0.1732959002256393 0.9337150454521179 0 2.013490676879883 0 0 1.031949162483215 0.2931696474552155 21.29814675450325 4.674616917967796 25.9605273604393 20.91793023049831 2.028974257409573 1.330694139003754 0 0 0 0 1.073124900460243 0 0 1.875090420246124 0 0 0.2531398832798004 0.4079884141683578 0 0 0 0 2.287166625261307 3.751245573163033 0 0.6988220810890198 0.8242994546890259 14.7234304100275 0.8825145810842514 0 0.7181114852428436 0.2840343415737152 0.2181617692112923 0 0 0 0.2330164909362793 39.9561443477869 1.820860877633095 0 0.1100809052586555 0.1411407440900803 3.208904415369034 0 1.335398882627487 3.345735341310501 1.41476383805275 0.8602707833051682 2.579889416694641 1.353369429707527 0.109578400850296 0 0 0 0.3975724279880524 0.3216632604598999 0 0 12.41135175526142 10.06202238798141 23.44822507351637 457.9694443568587 55.47936279326677 470.2609584257007 58.17814961075783 1583.359232135117 152.7359970659018 12.03529440611601 123.6344015225768 4.646306127309799 0.2809894531965256 9.004350960254669 1.530993565917015 36.01502329111099 1.23318949341774 1.817061543464661 3.293204218149185 7.770360544323921 0
362.6166488230228 1012.90898104012 0 6.600044131278992 778.1976112723351 1.442713886499405 102.3598584756255 3932.283406257629 1256.745034515858 3.168852761387825 5430.992461934686 2.616220861673355 129.755266264081 1346.323660895228 29.20084179192781 5.897862687706947 1.251167893409729 3.61681917309761 0.1075048893690109 10.47252374142408 34.29702778160572 0.939555361866951 43.91198700666428 23.91774967312813 118.0788545161486 4.01487123966217 88.04661898314953 1.259470269083977 0.502647340297699 0 4391.207196287811 1388.656375780702 154.9900228008628 3.267342880368233 45.13141436874866 38.41528941690922 144.0854873433709 67.67403863370419 16.74946489930153 18.88059743493795 50.09863418340683 3.32190765440464 24.08718883991241 1.379473671317101 1.038771957159042 4.167210385203362 69.38912859559059 3.948087200522423 1.066187597811222 17.97933154553175 33.20524255186319 0.8210673928260803 0.495739072561264 0.3119184002280235 5.950367175042629 16.43434363603592 239.9408186301589 2977.641673959792 28.59419867396355 55.52129804342985 57.0561832562089 130.0865464732051 28.47975316643715 674.8846799358726 11.6145391985774 17.5925223454833 10.93869668990374 57.28437113761902 120.8873770833015 208.9803582429886 8.791022837162018 6.566781803965569 0 414.6340612992644 154.0111710429192 171.1877968758345 17.65241947770119 10.75061371922493 51.29762824624777 977.518488638103 50.22986637800932 183.7228457182646 9.597317218780518 6.463455006480217 4.771860361099243 17.19073568284512 33.19008017331362 0.107757605612278 1.458347104489803 0.2957678735256195 2.376114517450333 1.441026747226715 101.2773524075747 8.165026605129242 4.72900079190731 9.960263535380363 1.914210066199303 0 1.937531754374504 218.4814388006926 0.6057087182998657 0 0.3323861360549927 0 0 0.3070156276226044 0.2188717424869537 0 2.687349557876587 1.574305653572083 0 2.224148735404015 0.5601227581501007 1.628623455762863 1.248871520161629 0.6003517657518387 0.1408904790878296 0 0 0.1925952285528183 0 0.1981585025787354 0.1309671103954315 0.1520281285047531 0.9717337042093277 0.944196805357933 0 0.1683096140623093 0 0.3544639423489571 1.831936754286289 0.688104122877121 5.115026250481606 0.9365720748901367 0.6389212012290955 0 0 0.4028519988059998 0.3685189038515091 6.83246186375618 0.423012301325798 0.7662564516067505 5.14449243247509 0.9667791873216629 1.286039590835571 0.9640284180641174 0.8707606196403503 0.1778881847858429 0 0.4832515716552734 0.1621801555156708 0 0.2638810649514198 0 0 3.288377329707146 0.7449387237429619 0.9129690527915955 0 0 0 0 0.2558563947677612 0 0.4529180228710175 0.2318282797932625 1.520261347293854 0 0 0 0 0 2.245655000209808 0.1131169572472572 0 1.526499360799789 1.877693578600883 0.5200040340423584 0 0.4955657422542572 4.8525425568223 0 0 0 0.4647207856178284 0.3212445974349976 0.842542290687561 0 0.1427597254514694 0.3260127604007721 0 0 0 0.1079991310834885 0.8092790693044662 1.619907453656197 0.6749943196773529 1.209997922182083 1.781997308135033 8.534858889877796 100.5328457280993 32.25914443284273 151.1033386960626 22.21019978821278 59.09236926585436 55.06750448048115 1.513225734233856 35.79088445752859 1.596704863011837 0.1807940453290939 1.807324126362801 0.5331117063760757 2.096672564744949 0 0 0.4313470721244812 1.149856969714165 0
1129.563822835684 1043.594668827951 6.600044131278992 0 106.8586235716939 212.5474247336388 1215.548999927938 1.969531580805779 151.1696627289057 3143.12762992084 1.769822709262371 740.3623034954071 609.2736777663231 69.52508759498596 10.31428031623363 0.756186842918396 0.5219603106379509 0.1338408142328262 0 0 0 0 0 0 0.2778828293085098 0 0.2992825210094452 0.249152660369873 0 0.1311590522527695 14.75633819401264 2.092248260974884 7.802913054823875 0 0 0 37.26212130486965 0.2473437711596489 1.798800960183144 3.078217834234238 0 0 0 0.1170671731233597 0 0 27.95837983489037 2.152895331382751 0.2073786854743958 0 0.1010658293962479 0 0 0 2.769143164157867 12.98648967593908 76.87246572971344 169.0806537866592 10.4445273578167 24.33133221417665 0 0.1296007335186005 0 7.778570920228958 6.438537448644638 1.478737413883209 0.4452925100922585 0.09152259677648544 0.1295977979898453 0 31.65936401486397 2.817097038030624 0 137.8007960096002 20.2775392010808 50.43565825372934 3.041135534644127 0.8706543296575546 0 0.3398075103759766 0.4364964962005615 0.2771502137184143 6.56505423784256 3.757496327161789 1.533719122409821 7.597093440592289 0.4940922632813454 0.1132521405816078 0.7729270830750465 0 0.1043803468346596 0 0 0.2288948446512222 0 240.0253624469042 7.421193927526474 0 1.669843554496765 235.2530951648951 2.227779984474182 4.425168335437775 4.40788759291172 4.479075402021408 0.7906541228294373 26.08847026526928 7.923264756798744 12.57146416604519 6.330962255597115 20.95609225332737 3.540805608034134 64.06909845769405 10.88112884759903 38.74986352026463 18.84602564573288 1.167938560247421 0.1823218464851379 0 0 0 0 0 0 0.5554216802120209 0 0 0 0 0 0.3309980630874634 0.2535512447357178 0 0.1912180185317993 0 4.734048932790756 0 0 0.5773464739322662 0.3977058827877045 42.80276007950306 4.732468530535698 46.2786550372839 17.9893219769001 0.532509982585907 0 0 0 0 0 0.9600299298763275 0 1.096834182739258 3.405293807387352 0 0 0 0 0 0.3398191928863525 0 0 2.75433886051178 4.733103349804878 0 0 2.256706684827805 31.86248940229416 0.8981390297412872 0 0 0 0 0 0 0 0 48.71129769086838 1.002621203660965 0 0 0 2.917654633522034 1.30824339389801 2.507916986942291 7.452852070331573 7.309270784258842 5.15784415602684 0.8264453411102295 1.264709651470184 0 0 0 0 0 0 0 0.3641921877861023 18.9766002446413 7.239586561918259 29.92367923259735 162.0627325549722 19.57629295438528 87.47004989534616 6.964314714074135 819.3633803650737 27.98533387482166 0.7872881218791008 28.65140601992607 8.627737157046795 1.554441422224045 16.01244486868382 3.263832435011864 39.27391274273396 0.7271179258823395 0 7.027265653014183 0.4103408455848694 0
602.4018060341477 7027.415478393435 778.1976112723351 106.8586235716939 0 7.944713100790977 3701.900444366038 101.0794964507222 7435.111340604722 255.0534880310297 1341.312524937093 103.3681049793959 825.1466033607721 1630.913784652948 146.2951707094908 15.77561439573765 0.7087903842329979 0.3898887112736702 0.1587063372135162 0.1221153885126114 1.699509546160698 0.09147430211305618 0.6351203769445419 1.694384261965752 12.63893860578537 1.211721777915955 5.325507760047913 1.191817030310631 1.616848766803741 0.2597771435976028 195.7788293883204 37.5437978208065 59.5080236941576 0.1431786417961121 0.6937140226364136 4.089413464069366 108.4387108534575 10.1879211217165 24.24601927399635 3.966398760676384 1.988671764731407 1.138897106051445 0.290876716375351 1.472911030054092 0.7877876609563828 1.709469057619572 331.5494093075395 11.15479826927185 1.023903414607048 1.363746099174023 2.010380983352661 0.1564815938472748 0.4185255765914917 0 11.08155762404203 36.72084908187389 98.85370624810457 373.7032034471631 31.44414374232292 111.1135405227542 1.123869776725769 3.479210063815117 1.597722575068474 93.87710952013731 26.93572047352791 7.721863687038422 4.020416662096977 3.765008799731731 1.432546272873878 3.591623373329639 62.17580077052116 9.904791459441185 0.1676770895719528 284.1657874807715 129.1282190680504 571.9678190425038 68.91722647100687 10.41248511523008 0.725698284804821 151.1053653508425 2.670033164322376 4.137938506901264 21.89890433847904 11.00995397567749 9.58291845023632 34.00014080107212 4.834000907838345 0.7772403433918953 3.050556167960167 0.2660419642925262 0.103723369538784 0.1064764857292175 2.678760051727295 0.9850066602230072 1.5086275562644 120.8946707993746 2.131025850772858 0 2.423704549670219 84.64205455780029 8.361236855387688 7.797895610332489 6.266410961747169 3.369804501533508 0.9828066825866699 46.43333168327808 2.836295932531357 14.94228672981262 17.03186982870102 36.74954029917717 5.651616126298904 110.1493779420853 23.8832588493824 73.97495704889297 43.09043975174427 0.576908603310585 0.3881308734416962 0 0.8669490218162537 0 0 0 0.1973347812891006 0.6123904585838318 0.3764943480491638 0 0 0.8414047360420227 1.0183926820755 0.4950827062129974 0 0.16581991314888 1.743293508887291 0 10.60109451413155 1.106051340699196 0 3.084579676389694 0.4644532948732376 124.0252359062433 12.88451018929482 95.74038071930408 59.52063716948032 2.681423619389534 0 0 0 0 0 0.848671942949295 0.5517557859420776 2.504449814558029 8.86377614736557 0 0 0 0.2173658758401871 0.2484119087457657 0.6343253999948502 1.037767469882965 0.09715349227190018 1.606231682002544 7.469097703695297 1.095684826374054 1.306269466876984 2.609817519783974 71.80550988018513 3.101171597838402 0.6370040774345398 0 0.1311134397983551 0 0.1918677389621735 0.123224064707756 0 0 142.4867386817932 1.717663690447807 0 0 0 7.011892482638359 0.7739497572183609 7.407434299588203 8.374699138104916 14.20721058547497 6.270179554820061 6.515370383858681 0.8221916258335114 0.08889999240636826 0 0 0 0.2509253025054932 0.09686646610498428 0.2052305191755295 0.283942699432373 47.99714539945126 34.29334565997124 99.52977468073368 950.7366335839033 85.71640680730343 754.1008124947548 163.0354116782546 368.37026925385 109.1152559742332 9.49333156645298 386.346637122333 22.17687101662159 1.156594559550285 26.48390030860901 5.876040048897266 54.84850433468819 5.812861800193787 1.859841093420982 6.934166744351387 21.28124195337296 1.651674225926399
183.3949965387583 251.9335845559835 1.442713886499405 212.5474247336388 7.944713100790977 0 184.1947994977236 1.038862466812134 19.86905138194561 501.236424729228 2.34141081571579 143.960852175951 236.5849685668945 42.15547239780426 3.907478407025337 1.995792970061302 0 0 0 0 0 0.2676969170570374 0 0 0 0.1945455372333527 0 0 0 0 0.2541927993297577 0.2278818786144257 17.14279405772686 0 0 0 135.1202687621117 0.2220795005559921 49.41507835686207 2.508595123887062 0 0.1543400436639786 0 0.2914758920669556 0 0 3.044924661517143 0 0 0 0.2898148894309998 1.136188060045242 2.301393985748291 0 0 0.9009922742843628 346.7781944721937 40.32980105280876 1.777451291680336 2.850720658898354 1.888711601495743 1.849498599767685 0 0.7108420431613922 0.7049602717161179 0.2053617089986801 0 0.1249829456210136 1.112830638885498 0 465.3360667675734 275.1271701753139 22.36532898247242 17.94497430324554 1.774184137582779 3.468612939119339 2.158047094941139 0.238232210278511 0 2.364433884620667 0.9738336205482483 1.467440515756607 0 1.210582941770554 0.3183384984731674 1.116773322224617 0.1874269545078278 17.86921985447407 2.604597762227058 5.796463996171951 0.3875392228364944 2.473473772406578 0 0 0 358.9057373553514 232.5358840972185 10.29421639442444 88.43344517052174 499.1755485534668 0 3.488463163375854 0.2859461307525635 1.914350569248199 0 5.533072650432587 2.431533634662628 6.296419009566307 9.332377701997757 7.232953771948814 0.7823448181152344 12.11727814376354 3.655581682920456 5.262176662683487 2.063700392842293 0.4392151534557343 0.7989394068717957 0 0 0 0 0 0 0.2040858864784241 0 0 0.7173755615949631 0.3260108828544617 0 0.2839816510677338 0 0.8553074896335602 1.404003128409386 0.370408833026886 0.2492146790027618 0.1638775318861008 0 0.5012761056423187 0.5079845786094666 8.679257690906525 1.863733246922493 6.352911740541458 13.47149407863617 3.056714981794357 0 0 0 0 0.188160315155983 0 0 0 0.5572131872177124 0 0 0 3.951078191399574 0 0 0 0 1.566270843148232 0 0 0.8598873615264893 0.2169101387262344 5.036970406770706 0.1901319324970245 0 0 0 0.1452814489603043 0 0 0 0 8.309856668114662 3.087000712752342 0 0 0 0 0 0 0 0.812534973025322 0 0.6907355189323425 0 0 0.4307770431041718 0 0 0.3104714155197144 0 0 0 1.813697800040245 4.562518715858459 14.048807695508 95.11446070671082 4.916938915848732 8.667597763240337 1.604348286986351 355.8832808881998 3.949712797999382 2.195415988564491 12.22992894053459 0.780623733997345 0.2884360253810883 3.407002776861191 0.2999315708875656 21.47155609726906 0 0 0.510791078209877 0.3274551331996918 0
476.4338170066476 4738.011728316545 102.3598584756255 1215.548999927938 3701.900444366038 184.1947994977236 0 8.671325877308846 2872.556375697255 2504.078060939908 43.40070506185293 666.7430050820112 10697.48964339495 1497.502081103623 148.9238777160645 14.14080016314983 0 1.096009209752083 0.1309726387262344 0.5695298165082932 1.543542698025703 0 0.7999883890151978 0.9594436138868332 5.99742066860199 0.9469392225146294 2.319649696350098 0 1.274142578244209 0.3493675291538239 117.9559309259057 24.74375849962234 48.98744639754295 0.231626845896244 0.3245294988155365 2.257178068161011 99.92779622972012 6.70629108697176 20.02732542157173 4.649986743927002 1.158355236053467 1.882517650723457 0.18210668861866 1.442449934780598 0.7141064256429672 0.6569158583879471 361.3353980854154 13.0926084369421 1.831625759601593 0.5733895301818848 2.438727252185345 0 0.5017731338739395 0.361481785774231 17.86912750452757 47.86956840753555 151.706951238215 361.6550185084343 47.10165787488222 134.9832189306617 2.407909736037254 4.746806398034096 0.4284689202904701 91.89499633014202 31.41907653957605 10.71394849568605 5.099952504038811 0.8583864644169807 0.6972654461860657 2.106312721967697 124.808656796813 10.19472721219063 0 410.0223287418485 132.5450289621949 570.6712315380573 67.87270935624838 10.47330126911402 0.4303196221590042 66.19710613042116 1.13611938804388 2.324800401926041 31.79113142192364 15.05849850177765 10.53996125608683 44.26908441632986 6.188876092433929 0.7120833992958069 3.554128088057041 0.4351850152015686 0.9189186692237854 0.267586812376976 1.94825341552496 1.97761170566082 1.769717298448086 469.2242387533188 7.533382520079613 0 7.244961351156235 149.1429573744535 14.68082702159882 11.34918622672558 13.3149581104517 4.584547966718674 2.67932602763176 74.7346708625555 11.70076233148575 48.1505833864212 25.770133882761 63.99745510518551 8.026214092969894 216.8423851579428 47.64089089632034 151.0502939224243 78.57807113230228 4.152954667806625 1.424318760633469 0 1.663154304027557 0 0 0.2208904474973679 0 0.8232161104679108 0 0 0 0.9832800030708313 0 1.158126592636108 0 1.196043938398361 0.8575403392314911 0 18.38088901340961 0.4072549045085907 0 6.341888025403023 0.3688164949417114 192.8227812498808 25.80928207933903 136.3268269747496 78.25340131670237 1.88731674849987 0 0.9808183312416077 0.1888703256845474 0 1.245578199625015 0.8575271964073181 0 4.317879036068916 10.20313732326031 0.185409277677536 0 0 0.755494236946106 0 0.6765717267990112 0.237037181854248 0 6.088338315486908 19.74824567139149 0.2766449749469757 1.759122401475906 5.416923671960831 98.49001951515675 3.466972932219505 1.308634161949158 0.186638131737709 0.09901555627584457 0.09667249768972397 0 0.1059773787856102 0.1641350388526917 0 213.0610315129161 1.197907745838165 0 0 0 15.60964861512184 2.987340360879898 10.12152907252312 20.53215099871159 16.48419398069382 9.730690836906433 4.031023651361465 1.813727989792824 0 0.1194138377904892 0 0 0.573051393032074 0.276898667216301 0 0 77.29479621350765 35.85505133867264 135.8846978247166 1100.884027078748 87.55954716354609 824.1528371647 161.2559274286032 1267.257095746696 138.8018792271614 13.04214986413717 400.4350626915693 39.76421538740396 3.946651078760624 40.6644142717123 4.059567213058472 101.8110884875059 4.964922413229942 1.537091322243214 12.07209856808186 11.48288223147392 1.013639450073242
74.32696522027254 552.4505506083369 3932.283406257629 1.969531580805779 101.0794964507222 1.038862466812134 8.671325877308846 0 78.98659620434046 0.2023568451404572 1719.862016767263 0 17.78425869345665 240.4862807244062 35.43461159616709 4.620489180088043 0.774356484413147 3.102231591939926 0.8241971284151077 14.12456648051739 62.03014545142651 0 26.41549638658762 17.16723933815956 120.3800575062633 8.182817801833153 68.88571007549763 2.747214026749134 0.4642073512077332 0.2803284823894501 697.1851516887546 2597.080504238605 438.0360932871699 6.719042390584946 19.07636365294456 37.63262290507555 202.4456012174487 109.6699008345604 20.09736244380474 19.1077392026782 85.86424146592617 3.322340600192547 31.14928790926933 0.8779154121875763 1.270587578415871 4.197044387459755 85.98449498414993 3.574827298521996 0.2487121000885963 6.626738011837006 18.18809632211924 1.01209257543087 0 1.742922350764275 2.445438995957375 6.614649966359138 42.92133811861277 368.6232865229249 8.711147055029869 27.38286535441875 153.0278635472059 369.0783738791943 35.31904289126396 599.9501737952232 5.739642709493637 10.01098594814539 5.427950732409954 38.21590280532837 78.32119730114937 215.3838713467121 0.2132956236600876 3.849737092852592 0 112.5046299919486 106.7213260233402 188.5345189496875 141.9321138709784 349.7714121416211 1524.956384330988 3412.293914571404 296.6970728859305 1536.195645309985 4.638218857347965 1.690992832183838 2.285407818853855 5.713928431272507 22.50720033794641 1.538229376077652 0.7536845728754997 0 2.778616271913052 0.8223873972892761 97.34118394553661 4.538420401513577 3.720173686742783 3.691082432866096 3.35518616437912 0 0 23.77707855403423 0 0 0 0 0 0 0 0 0 0 0 0.2842223048210144 0 0.3246052861213684 0.9152172207832336 0 0 0 0 0 0 0 0 0.5711905658245087 1.731326803565025 1.550823330879211 0 0.1403864175081253 0.5925715565681458 0.6592713594436646 0.9559686034917831 0.4240802526473999 6.85449843108654 0.3838363736867905 0 0 0.2981938719749451 0.3469429761171341 0 1.451359212398529 0.1308237910270691 0.5922313183546066 1.633423179388046 1.745322376489639 1.189201146364212 0.5523170977830887 0 0 0 0 0.1401157826185226 0 0 0 0.2501457333564758 1.377300336956978 0.9502186626195908 1.813665613532066 0 0 0.094366155564785 0 0.8288799226284027 0 0 1.141202330589294 0 0 0 0.1325259059667587 0 0 0.6421268135309219 0 0.371310830116272 2.891151264309883 0.5956031531095505 0.5217811465263367 0 0.5140924006700516 3.370063811540604 0 0 0.2160323560237885 0.2399122565984726 0.9814503192901611 0 0 0 1.220533207058907 0.1261667758226395 0 0 0.3114358261227608 1.54188771545887 1.282247066497803 1.44918118417263 0 1.407385155558586 0.8171493411064148 101.357452981174 47.38215381652117 160.0511460751295 24.25956185162067 26.52968673408031 17.33863162994385 0.3673093467950821 43.07886529713869 2.397049397230148 0 1.148550525307655 0.196267381310463 0.8729439377784729 0 0 0 0.8905022293329239 0.2095564007759094
133.5602587163448 3028.876431405544 1256.745034515858 151.1696627289057 7435.111340604722 19.86905138194561 2872.556375697255 78.98659620434046 0 360.7172823548317 1428.113850228488 105.6086674183607 3915.934901922941 3847.684683926404 101.4288612008095 19.77007778733969 0.3140046298503876 0.1465966999530792 0 0.5620424300432205 0.6778934597969055 0 0.8179710209369659 0.5302556157112122 14.3338752835989 0.6482550799846649 1.686446949839592 0.132583886384964 0.3990398496389389 0.1817508935928345 60.5206720456481 10.98891800642014 92.81261496245861 0 1.119303971529007 4.413357183337212 127.775356143713 10.24365126341581 8.665338382124901 4.467831492424011 1.229260504245758 0.1461693197488785 0 0.2497515827417374 0.1450987011194229 0.784936398267746 110.1015053465962 1.986689627170563 0.1186041235923767 0 0.2265199720859528 0 0 0 2.428581200540066 10.85749810189009 21.95701810717583 84.02524184435606 6.083012729883194 21.88219438493252 1.421284064650536 6.182928040623665 1.054643675684929 24.45013649761677 5.069869481027126 1.85442541539669 0.6887894868850708 0.9283487573266029 2.658295154571533 3.067487463355064 39.8035741597414 7.833636313676834 0 53.60379749536514 31.39898687601089 174.3333559110761 51.19675359129906 17.38944748044014 1.097446732223034 219.5430290400982 1.074417933821678 1.732440754771233 4.789993070065975 4.263858757913113 1.053696490824223 4.958422109484673 2.078782208263874 0 0.2107437402009964 0 0.6716562509536743 0 1.808555990457535 0.6247838735580444 0.4530257061123848 207.8834468573332 0 0 1.864207923412323 19.29845695197582 6.843255952000618 11.48542016744614 10.64839541912079 3.409629359841347 1.69474121928215 43.44675686955452 5.828496724367142 28.9265451580286 17.22958654165268 34.00816324353218 2.738943830132484 103.3968825489283 19.76640944182873 86.92426365613937 47.38521021604538 0.6003188192844391 0.6061893403530121 0 0 0 0 0 0 0.3870911598205566 0.3315278887748718 0 0 0 0.1972627192735672 0 0.975400984287262 0.4899763464927673 0.7961031645536423 0 9.347449883818626 0 0 0.9347330331802368 0.2517520189285278 103.3992359042168 8.861802846193314 61.87271419167519 38.41080594062805 3.264390796422958 0 0 0.3591987788677216 0 0 0.2571623027324677 0 1.767195776104927 6.346913933753967 0 0 0 0.7793232202529907 0.6132581233978271 0.8646837472915649 0.8623734712600708 0.1792432367801666 1.874896436929703 10.10239695012569 0.3231483399868011 1.10475754737854 4.646671637892723 58.07640950381756 1.320187047123909 0 0.4600618183612823 0 0 0 0 0 0 109.6765339523554 1.591512024402618 0 0 0 6.879316076636314 0.3646687865257263 2.497214168310165 10.03105172514915 4.046363413333893 2.549338907003403 5.16443458199501 0.1527807712554932 0 0 0 0 0 0 0 0 46.2548021376133 18.0126933157444 73.35700224339962 669.0851366370916 34.18522650748491 318.7140020653605 87.27708552777767 122.0418835431337 27.59010829031467 6.181694373488426 248.0857163146138 19.93490198254585 0.6204622238874435 22.48821926116943 4.54407887160778 47.0738969296217 3.133347541093826 0 5.980963125824928 11.40527211129665 0
1278.500023052096 670.4588035270572 3.168852761387825 3143.12762992084 255.0534880310297 501.236424729228 2504.078060939908 0.2023568451404572 360.7172823548317 0 0.6126387715339661 3676.095660030842 6375.28372246027 155.3322829902172 11.54289888590574 0.5895660221576691 0 0.1512629836797714 0 0.1614550799131393 0 0 0 0 0.4531416296958923 0.1375797986984253 0.1396308541297913 0 0 0 6.236212104558945 0.8785479068756104 44.15215112268925 0 0 0 152.5333081632853 2.783633142709732 36.48475576937199 1.278608441352844 0 0 0 0.1307210326194763 0 0 19.47754621505737 1.432065360248089 0 0 0.1933495700359344 0.3714223206043243 0.3038949966430664 0 1.613972671329975 6.493697725236416 39.22559599578381 54.28526815026999 5.845565520226955 13.49057052284479 0.1314072906970978 4.655339881777763 0.5494894981384277 2.99412927031517 3.332642838358879 0.9944984912872314 0.190483421087265 0 0 0.3747214823961258 201.5129196494818 28.65711146593094 1.592164367437363 54.25337755680084 11.26911466568708 37.84863329678774 2.329298883676529 0.1448977738618851 0 5.715132586658001 0.7114575654268265 0.2767123878002167 2.614296697080135 5.385725446045399 0.841914489865303 4.266159273684025 0.1619506776332855 1.461485765874386 0.7516583204269409 0.1692837178707123 0 0 0 0.5750180184841156 0.1753337979316711 585.5747922956944 169.3531366735697 0 14.88809089362621 213.595587015152 14.60496096313 29.16774655878544 291.1023722440004 31.74143502116203 2.145184442400932 305.6788350343704 31.93490402400494 44.8291620016098 161.0605832487345 65.26040251553059 8.218357712030411 211.8817730844021 38.8913695961237 112.2523816674948 45.82624326646328 1.958658069372177 0.7794232368469238 0 0 0 0 0 0 0.1232409328222275 0 0.391233503818512 0 0.4686485826969147 0 1.027544617652893 0 1.709986567497253 0 0.92584528028965 13.91934947669506 1.336446404457092 0 2.296298205852509 0 147.8460484147072 16.23525881767273 111.967743486166 62.22356207668781 2.82732081413269 0 0.5505768656730652 0 0 0.4197258651256561 0.6392604261636734 0 3.656586676836014 12.08524607121944 0.1479441225528717 0.6427902579307556 0 0.5860486328601837 0 1.259029015898705 2.342469364404678 0.4478134959936142 4.865968681871891 16.5367221608758 0 1.740596830844879 2.698299780488014 76.51726017892361 5.883549526333809 1.031583100557327 0.6429131254553795 0 0.1217735484242439 0 0 0 0 109.0141751021147 5.688057571649551 0 0 0 11.60429933667183 0.6041630506515503 11.41492162644863 21.49329739809036 13.19870637357235 6.695643536746502 8.176698490977287 2.653699189424515 0.1691916435956955 0.1335848569869995 0 0 0 0 0 0 46.2842780649662 28.00651986896992 87.87299294769764 281.982070825994 13.25807328522205 71.49425005167723 12.18883707374334 1104.392737455666 13.79941867291927 5.126869067549706 55.91662694513798 41.09481647610664 3.249930009245872 37.61529596894979 8.102146580815315 146.1822901964188 2.977195262908936 2.621972054243088 9.308075174689293 1.381221830844879 0.280643492937088
186.6650668904185 1618.943876393139 5430.992461934686 1.769822709262371 1341.312524937093 2.34141081571579 43.40070506185293 1719.862016767263 1428.113850228488 0.6126387715339661 0 0.1445867270231247 226.6715202927589 3462.286122202873 105.6263238638639 22.05736858397722 0.7370104044675827 2.565625354647636 0.492761641740799 7.82405012845993 19.37600070238113 0.5951973795890808 14.65765182673931 17.5582122951746 189.5010227188468 12.78345562517643 54.22476182878017 2.744129240512848 0.3161608129739761 0.3978556990623474 470.1306086033583 415.5544173121452 450.0945956557989 0.1581432819366455 16.01137353479862 96.39691272377968 526.7485581859946 224.2440644651651 58.52320210635662 59.51379871368408 37.59418800473213 0.9860372245311737 7.320440366864204 1.507872305810452 1.107881411910057 0.9795523136854172 168.427477478981 6.108544200658798 0.6381893157958984 1.822770603001118 11.22047565877438 1.831900611519814 0.9548452496528625 0.1269615888595581 3.173071019351482 16.51457707583904 59.62901784479618 350.4329503327608 15.49708277732134 57.21136675029993 37.66898040473461 300.4774157851934 52.42169238626957 136.5605310127139 11.78589890897274 4.968306615948677 5.833911843597889 15.15897569805384 23.21813386678696 78.03381726145744 31.07023440301418 4.388134002685547 0 171.2631129547954 100.1297636181116 344.7197533100843 83.2480459138751 61.35478115081787 145.9518550336361 4409.565780945122 42.53535063564777 339.4270882159472 8.176731809973717 5.500707790255547 6.371474638581276 17.88524957746267 9.435389146208763 0.1399026811122894 2.717480443418026 0.1781052500009537 1.535599157214165 0 47.45230349898338 2.910126939415932 1.959591679275036 7.23483182489872 0.1825417131185532 0 0.1999483108520508 49.62353298068047 0 0.4438635110855103 0 0 0 0.4565493166446686 0 0.2314537316560745 0.6116085648536682 0 0 3.16770102083683 0.6142653971910477 0.6535803526639938 1.473708763718605 0.204798623919487 1.082708537578583 0 0 0.2181895077228546 0 0.1875476539134979 0 0.5265843123197556 4.315206676721573 2.168215647339821 0 0.7208663374185562 1.595436304807663 0.5099056661128998 2.448753461241722 0.9054262191057205 10.58659200370312 0.6369979828596115 0 0 0 0.1992169767618179 0.18642358481884 5.510047674179077 0.4605353325605392 2.400100961327553 8.515276283025742 1.80456180870533 5.229306042194366 0.4356449991464615 0.4193102419376373 0 0.262860894203186 0 0 0.2478247433900833 0.849299818277359 0 0.1900639235973358 1.055858284235001 2.733039602637291 0.522038534283638 0 0 0 0.8801722526550293 0 0 0.4858605116605759 0 1.442390456795692 0.3022503256797791 0 0 0.1122410669922829 0.1730035692453384 0 0 0.2796418070793152 1.340107768774033 1.474838078022003 0.7220463752746582 0 0.424456000328064 0.7544152289628983 0.5342134833335876 0.3274717926979065 0 0 0.4513434618711472 0 0.6437745690345764 0.1941113471984863 0.3071893453598022 0 0 0 0 0 0.6307458728551865 0.1966417133808136 3.429923534393311 1.874172002077103 8.291539385914803 287.6612017452717 46.99194241315126 349.6277499645948 74.27204859256744 75.75383394211531 42.56191089004278 5.50230947881937 122.612633548677 2.761031299829483 0.5263709723949432 0.9437146186828613 0.5321841835975647 0 0 0.1782104223966599 0 4.324716344475746 0
270.2695722281933 222.8612788021564 2.616220861673355 740.3623034954071 103.3681049793959 143.960852175951 666.7430050820112 0 105.6086674183607 3676.095660030842 0.1445867270231247 0 4983.420370236039 51.24769146740437 1.05634380877018 0.5131640881299973 0.2400348037481308 0 0 0 0 0 0 0 0.7335873991250992 0 0 0 0 0 0 1.027270436286926 0 0 0 0 6.700029373168945 0.5145333558320999 4.728984206914902 0.8967951536178589 0 0 0 0 0 0 2.849974259734154 0.1354564875364304 0 0 0 0 0 0 0.254664808511734 0.1240231022238731 1.440112680196762 0.8084079772233963 0 0.8055737093091011 0 0 0 0.6634731888771057 0 0 0 0 0 0.1720663905143738 46.23784604668617 0 0 1.711495064198971 0.3506960719823837 2.847960025072098 0.6837774664163589 0.6680080145597458 0 0 0 0 0 0 0.1800969839096069 0 0 0 0 0 0 0 0 0 0 771.5770031511784 2.877328127622604 0 0.7802267521619797 10.97611185908318 7.055372059345245 9.322415769100189 6.144763544201851 5.010722503066063 0.9949289262294769 46.87340588867664 4.076869800686836 20.51749163866043 10.23592283576727 27.45644509792328 4.431753993034363 98.64558990299702 15.20866422355175 54.11580263078213 22.57870051264763 0 0 0 0.4445192813873291 0 0 0 0 0 0 0 0 0 0 0 0 0 0 0 6.029348030686378 0.2379258573055267 0 1.766908675432205 0 35.03767743706703 2.259950369596481 26.1630911976099 17.49003922939301 0.5684196799993515 0 0 0 0 0 0.388282835483551 0 0 5.436745017766953 0 0 0 0 0 0.5613353848457336 0.3582069277763367 0.2992804348468781 3.04338963329792 5.431108862161636 0 0.6800710707902908 0.2489892989397049 36.69045186042786 0.1774826794862747 0 0 0 0 0 0.5072950124740601 0 0 44.55870731174946 1.461558163166046 0 0 0 2.950448215007782 0 2.814642697572708 4.168786227703094 3.177174389362335 1.539197877049446 1.694728538393974 0 0.2872333526611328 0 0 0 0 0.2255593836307526 0 0 31.52790902554989 4.726277649402618 19.84394964575768 64.97465746104717 2.143749311566353 14.97580417245626 2.881542086601257 266.4338588565588 0.3690539598464966 0 10.14593750238419 9.818839460611343 0.3284031450748444 12.00021865218878 2.700116157531738 43.6783779412508 2.074954807758331 2.288365840911865 5.079868644475937 0.7029310762882233 0
147.8779992461205 1068.949576638639 129.755266264081 609.2736777663231 825.1466033607721 236.5849685668945 10697.48964339495 17.78425869345665 3915.934901922941 6375.28372246027 226.6715202927589 4983.420370236039 0 3007.359991788864 118.3028019294143 32.01577325165272 1.617796465754509 0 0.2689481973648071 0.6629556268453598 0.8679385185241699 1.426711916923523 0.4356373995542526 1.29424275457859 14.59355476498604 0.3184749633073807 2.594168126583099 0 0.5322574526071548 0 11.87448598444462 9.364307835698128 312.4268265366554 0 0 3.66586472094059 344.6506356298923 17.76735167205334 22.29900923371315 16.19768565893173 0.4538318812847137 0.9564316123723984 0 2.707701697945595 0.2008127868175507 1.588183417916298 84.90365432947874 0.8265994712710381 0.3088953495025635 0.4309512972831726 0.1339373588562012 5.281789839267731 2.619697540998459 0.1921059638261795 1.615850187838078 4.377404041588306 9.67122520506382 33.7910144329071 2.697380870580673 12.97193294018507 1.832854613661766 3.426470056176186 1.580961480736732 23.73073732852936 2.215083941817284 0.6692489385604858 0.3643757626414299 0.6068633794784546 0.6280284970998764 3.189466834068298 429.089759349823 28.64299784600735 0.9574645608663559 32.09559570252895 16.82380555570126 135.6063143461943 52.48754302412271 33.84856580197811 0.7629805058240891 119.677596360445 0.7514002919197083 2.075884699821472 2.927443258464336 2.165091380476952 0.8440030962228775 2.989741809666157 0.7008569166064262 2.890612825751305 1.298423551023006 4.700522139668465 0.3696400076150894 1.728764742612839 1.368936702609062 0.7394366860389709 0.3098970055580139 4389.367316484451 20.39613890647888 0 4.377716168761253 30.46163338422775 15.82829324901104 18.8233227878809 27.47615353763103 11.41897702217102 7.509910896420479 150.1406616270542 18.30460418760777 80.09482020139694 37.47194513678551 112.4920769929886 13.60910521447659 337.8067127615213 75.11471427977085 242.6178508400917 111.3239860981703 3.9350406229496 3.163730815052986 0 0.7419897317886353 0 0 0 0 3.340192750096321 0 0.2195814996957779 0.1328428983688354 2.255897283554077 0 1.661429703235626 0.2614410817623138 2.476842492818832 1.851043432950974 0 24.2316911816597 0.7422068268060684 0 8.01234857738018 4.910064786672592 177.0048431903124 16.15231394767761 113.6908019334078 80.10579413175583 8.872559010982513 0.5622827857732773 0.2030495405197144 0 0.620507538318634 0.427145853638649 1.946668475866318 0 1.131581008434296 11.35105316340923 0.562363862991333 0 0.6353280544281006 2.48447859287262 0.4088277518749237 1.06693135201931 2.278812929987907 0 6.830841928720474 20.09286618232727 0.6360570788383484 1.357269197702408 3.161616593599319 119.354559853673 4.054583072662354 1.6106136739254 0.6648759320378304 0 0 0.2414349317550659 0.1411058753728867 0 0.2232935279607773 300.2426668256521 6.836269661784172 0 0 0 20.10188007354736 0.8719064146280289 11.48184482753277 16.31786265224218 17.51471790671349 9.340015679597855 6.823572173714638 2.581229254603386 0.1598284989595413 0 0 0 0 0 0 0 157.8151134699583 42.65352441370487 136.078205421567 658.2654317393899 34.91335691511631 243.3843456879258 72.24786318093538 349.599827773869 15.45716620981693 7.674680322408676 204.871414616704 37.3841268196702 1.880983784794807 39.40535488724709 7.638141721487045 147.8914705812931 3.660130456089973 1.896881937980652 12.45495775341988 10.77555364370346 0.2440553605556488
