0 3728.462362520397 140.7617024704814 929.4228184223175 703.8088395223022 840.5782929211855 302.1895880550146 33.03819783776999 141.5783428549767 1947.860536150634 263.9430927783251 98.03493998944759 203.0597861632705 242.0686501860619 6.404802687466145 0.4731699228286743 0.5189473107457161 0.139752060174942 0 0.1012538820505142 0.4799832925200462 0 0.1112228780984879 0 0.1121060624718666 0.383034810423851 0.1317128688097 0.2126915082335472 0.1724814176559448 0 803.3823477327824 2.024160012602806 0 0 0.1655781865119934 0 0.2185416221618652 0.246661439538002 1.271615415811539 0.1304041892290115 0 0.09861459583044052 0.3003241792321205 0 0 0 272.6626885160804 61.79437413066626 0.5147233009338379 0.6861658468842506 3.069614306092262 0 0 0.1165088787674904 29.54452645778656 32.45605457574129 279.4247309714556 1359.101075768471 54.31569637358189 119.6483686417341 0 0 0 2.812497444450855 21.53628191351891 17.7097344994545 6.552850380539894 7.639449946582317 0.9415853768587112 0.5806946307420731 1.777680724859238 0.202184647321701 0 724.5548738911748 51.89216016232967 93.40671728551388 4.272875487804413 0.1617072075605392 0 4.648601986467838 0 0.15992371737957 212.4595296904445 0.5189025551080704 12.5478028357029 19.25321980565786 32.56744732707739 0 9.402596302330494 0.1580177247524261 2.082700580358505 0.2265569716691971 0.2504348382353783 0.3639626652002335 0.6278872340917587 213.5176718980074 33.69985219836235 0 0 1045.850960835814 0 0 2.142360210418701 0 0 6.398461997509003 0 0 1.818167567253113 8.008691549301147 0.2740069925785065 7.227373450994492 2.027805089950562 2.35361559689045 2.475128680467606 0 0 0 0 0 0 0 0 0 0 0 0 0 0 0 0.1715440005064011 0 0 0 0 0 0 0 0 1.15800915658474 0.3001912832260132 0.598693773150444 0 0 0 0 0 0 0 0 0 0 0 0 0 0 0 0 0 0 0.1125683262944221 0 0 0 0 0 1.465529188513756 0 0 0 0 0 0 0 0 0 2.151225194334984 0 0 0 0.1657364070415497 0 0 0.38321653008461 0 0 0 0 0 0 0 0 0 0 0 0 0 4.232139393687248 0.4875128865242004 0.1776763051748276 106.0667887255549 32.49737894535065 675.5849585160613 105.005639128387 1889.631462715566 92.17708653211594 14.75552105903625 23.47813135385513 1.322680547833443 0.1322895288467407 0.8957095295190811 0.8710024133324623 0 0.1352306008338928 0.3322156593203545 0.1381211429834366 0.7227127552032471 0
3728.462362520397 0 381.0674080774188 808.5810327902436 3867.648722968996 1261.764161773026 1282.956840842962 139.1271920651197 736.6705560535192 597.2513172626495 825.5450380071998 7.21611413359642 432.5405506938696 661.3599904701114 31.70143163204193 1.984718814492226 1.092718340456486 1.205669701099396 0 1.651652052998543 0.6382939517498016 0 0.2102513015270233 0 0 0.665765255689621 0.2775452956557274 1.182207077741623 1.001939818263054 0 2915.251115880907 7.581018000841141 1.025820828974247 0.1211622133851051 0 0.1058897972106934 0.2855351716279984 0.09603559225797653 0.2325189262628555 0.4368585199117661 0.3405692577362061 1.186175473034382 0.8970080465078354 0.7063829153776169 0 0 616.7746616303921 96.94312915205956 1.094133011996746 2.82308803498745 3.015461839735508 0 0.1282666325569153 1.589240983128548 26.34036995470524 32.81581466645002 70.12196991592646 969.7513297274709 40.33986319601536 216.8053907230496 0.5859924927353859 0 0 20.58051822334528 23.87751755863428 22.20372548699379 7.365799993276596 12.13445139676332 2.601369351148605 1.238117359578609 2.75127999484539 2.117788508534431 0 508.7799081653357 138.394289508462 324.7606578618288 37.99753698706627 1.324667200446129 1.541212894022465 9.213059365749359 0.5360316336154938 1.583792224526405 263.3977404683828 0.09599781781435013 19.30336920171976 23.39603052288294 58.71691211313009 0.09741656482219696 16.44102033227682 0.11196069419384 5.516417644917965 1.296344764530659 0.4571135714650154 0.7948234006762505 3.409817717969418 288.1067616194487 3.397449269890785 0 0.1074287295341492 868.1001902297139 0 0 3.145165771245956 0.449030339717865 0.4478930234909058 36.60895781219006 1.229586839675903 0.6846657991409302 1.998265087604523 11.01425808668137 1.640129387378693 11.6973831653595 4.673180416226387 7.082417443394661 4.622449651360512 0 0 0 0 0 0 0 0 0 0.3754075467586517 0.1678333431482315 0 0 0.2454447001218796 0 0 0 0.3727699220180511 0 0 0 0 0 0 0.8740073889493942 0 2.079643711447716 0 0 0 0 0 0 0 0 0 0 1.49289858341217 0 0 0 0 0.2933003306388855 0 0 0 0.1391136944293976 0 0.7066504955291748 0 0 1.525631949305534 0 0 0 0 0 0 0 0 0 2.950280725955963 0.1287000626325607 0 0 0.3700520247220993 1.343615651130676 0 0 0.1370383501052856 0.1883449554443359 0 0.13933464884758 0 0 0 0 0 0.1037101894617081 0.1317179650068283 0 0 9.921400085091591 0.6834587752819061 0.2077071219682693 315.8035170063376 80.13517598807812 1343.515433914959 273.5965633094311 1524.555986948311 111.20660033077 17.92926565557718 83.61567718535662 2.319923900067806 0.2614905387163162 1.54179523140192 1.763554707169533 8.779400110244751 0.6670658141374588 0 0.1141152009367943 1.990986734628677 0.5648386478424072
140.7617024704814 381.0674080774188 0 11.29024431109428 1142.566841043532 18.19492480158806 219.0909793823957 1782.052661828697 641.6773031502962 33.57998462021351 3895.228359766304 7.368222251534462 225.0236186087132 785.0639234632254 18.95818861573935 6.704295359551907 6.11623253673315 8.087952561676502 0.7733406573534012 73.42062686383724 50.22830461710691 0 0.1570709049701691 0.1658923029899597 0 2.100948825478554 0 0.4977149814367294 0.4511928558349609 0 5270.338677212596 739.4415414333344 31.65373114496469 1.165009200572968 0 0.4669271856546402 39.11192481964827 0.8041127473115921 6.488229960203171 0.1434761583805084 6.742091573774815 2.244075149297714 25.50748644769192 7.221993364393711 1.439215674996376 15.2546322196722 118.1110811978579 18.39687093347311 2.124685123562813 18.50917399674654 4.256878137588501 0 0.1583174169063568 0.7540061324834824 4.209090754389763 3.639187350869179 19.00312758982182 577.8092121109366 4.06502029299736 50.43506453931332 53.15649934113026 9.961953431367874 1.861038438975811 571.8382721543312 2.31186980754137 4.286923564970493 1.753073498606682 10.19288924336433 24.09053171426058 78.81103696674109 26.19770807772875 3.747645854949951 0 209.9929771050811 313.6477383896708 181.3819560036063 93.91505840420723 43.37774401158094 294.0487641096115 898.2516448125243 44.2454052567482 193.2650243267417 50.27827417105436 0.1075022220611572 2.803227797150612 3.296233378350735 20.75409749895334 0 2.491681560873985 0 1.396579243242741 0 6.673685312271118 1.250058963894844 1.429920479655266 10.85074450075626 2.293359413743019 0.1494591236114502 2.754238039255142 75.45858287811279 0 0.2983392179012299 0 0 0.7729162871837616 1.029372692108154 0 1.159442245960236 2.626096397638321 1.539543956518173 1.882289290428162 10.3388792052865 2.231013044714928 7.817744508385658 6.864637598395348 0.2637304589152336 0 0 0 0.2746797800064087 0 0 0 0 0.2646670937538147 0.1891694217920303 0 0 0 0 0.5932386964559555 0 0.1985204964876175 0 0.1955052316188812 0.1753159165382385 0 0 0 7.214604012668133 0 8.062617316842079 1.159738466143608 0.8882382810115814 0 0 0 0 0.1381319016218185 0 0 0 0.7618115395307541 0 0 0.1772898584604263 0.4793900549411774 0.4449200928211212 0.1209021583199501 0 0 0 0.1505548059940338 0 0 0 5.093109577894211 0 0 0 0 0 0 0 0 0.381358727812767 11.66211352497339 0.7787317037582397 0 0 0.4619995206594467 3.617030665278435 0 0.6258371770381927 0.1313121169805527 0.4353298842906952 0 0.1935101300477982 0 0.1228272169828415 0 0 0 0 0 0 0 3.768447265028954 6.759452894330025 6.400717750191689 35.49359691143036 13.44502256810665 128.7715744152665 20.60979495197535 49.68628092110157 10.96972073614597 3.159554824233055 7.158836431801319 1.626968741416931 0.9055410325527191 3.286855831742287 0 0.1238617971539497 0.1077100858092308 0 0.4505589604377747 0 0
929.4228184223175 808.5810327902436 11.29024431109428 0 79.59141362458467 456.0633028894663 818.0440409183502 2.220601111650467 179.7957480251789 4303.740182355046 6.648374170064926 239.4203138649464 828.1259613633156 222.0325484126806 8.802132539451122 1.182392656803131 0.1101052090525627 0.4981028735637665 0 0 0 0 0 0 0 0.1808570772409439 0 0 0.4802375286817551 0 48.05758609622717 5.232785105705261 0.1767904311418533 0 0 0 0.666580855846405 0 0 0 0 0 0 0 0 0 96.30876229703426 15.40320632606745 0.1948658674955368 0.4761481061577797 0.5319979190826416 0 0.1703419834375381 0 4.085271261632442 5.907360583543777 6.805768877267838 48.29408548772335 4.396103009581566 31.11107740551233 0 0 0 5.774004340171814 2.195098794996738 3.58799109607935 1.069370619952679 2.132112115621567 0.2354421243071556 0.1575169712305069 5.487783282995224 0 0.2445085644721985 52.6234832033515 16.94593077898026 43.67023475468159 6.801347836852074 0.1526912450790405 0 0.1185244098305702 0 0 42.06026217341423 0.100097693502903 2.356449894607067 3.099907629191875 7.217029683291912 0 2.026789486408234 0.4727485775947571 0.5691239908337593 0.09866862744092941 0 0.3585402965545654 0.1007391959428787 144.4153038859367 2.17954033613205 0 0 62.22040923684835 0.2117238789796829 1.852259397506714 0 0 0 7.81518679857254 2.447974443435669 0.5588445663452148 2.031268835067749 8.76903623342514 0.6513363718986511 19.84960533678532 7.319291621446609 12.11558106541634 5.388979345560074 0 0 0 0 0 0 0 0 0 0 0 0 0 0 0 0 0 0 0 0.2465758621692657 0 0 0 0 1.700400546193123 0 1.1661122366786 0.8812829852104187 0 0 0 0 0.1594080477952957 0 0 0 0 0.1896322518587112 0 0 0 0 0 0 0 0 0 0 0 0 0 1.751782894134521 0 0 0 0 0 0 0 0 0 7.305001586675644 0.3697976171970367 0 0 0 1.028524935245514 0 0 0 0 0 0 0 0 0 0 0 0 0 0 0 16.86695997416973 0.7675475478172302 0.4381365180015564 88.60005781054497 16.78096666932106 258.6312160566449 48.80228821188211 432.1832071468234 23.14465436339378 2.468954958021641 15.38357230275869 0.2851781845092773 0.1986240148544312 0.627519890666008 0 1.657819971442223 0 0 0.6762359142303467 1.297216907143593 0
703.8088395223022 3867.648722968996 1142.566841043532 79.59141362458467 0 86.84179292619228 1875.660169817507 56.8628553673625 2338.343223690987 491.9583145081997 867.9032193422318 8.617169171571732 728.3340217769146 1617.678419433534 38.7737288698554 1.547563828527927 0.6856347620487213 0.6689147129654884 0.1525126695632935 0.9723158627748489 0.1147628650069237 0 0 0 0 0.510193258523941 0 1.165745787322521 0.206757053732872 0 946.3658151254058 20.74592540413141 0.8171915709972382 0 0 0 0.3999552130699158 0.3170096874237061 0.1736973226070404 0 0 1.072196148335934 0.09929776191711426 0.2324080765247345 0 0.1180519536137581 295.5023794099689 39.48389296978712 1.371446773409843 0.9841324388980865 1.753152564167976 0.09506956487894058 0 0.3487836569547653 7.991678841412067 10.581861294806 9.27717050909996 142.4224431812763 11.05564143508673 82.01992475986481 0.2033447027206421 0 0 37.9925130829215 7.881014242768288 8.79647134244442 5.528876528143883 5.59720004349947 1.5179672986269 0 1.399216055870056 0.4733139276504517 0 132.3092195466161 66.37283105403185 168.2952398583293 39.93063694238663 2.908758364617825 0.3801426887512207 4.703864373266697 0.2210392728447914 0.4824707433581352 83.85445267707109 0.1862725839018822 8.244291178882122 7.789922341704369 20.81008452922106 0 6.126045502722263 0.1064934954047203 2.670073546469212 0.7032623216509819 0 1.054942443966866 0.5592427849769592 43.05408073961735 0 0 0 108.0760990008712 0 0.1355109363794327 0 0 0 14.30064712464809 0 0.7234936058521271 0.7310194373130798 8.1816136687994 0.3374946713447571 13.95229431986809 6.814125046133995 8.072166278958321 3.719247475266457 0 0 0 0 0 0 0 0 0 0 0 0 0 0 0 0 0 0 0 0.4081520438194275 0 0 0 0 1.077895298600197 0.7933487296104431 0.4680645763874054 0 0 0 0 0 0 0 0 0 0 0 0 0 0 0 0.3819191157817841 0 0.1740391105413437 0 0 0 0 0 0 0.7983037382364273 0.1559835821390152 0 0 0 0 0 0 0 0 5.037421822547913 0.1687730848789215 0 0 0 0.6981788277626038 0 0 0 0 0 0 0 0 0 0 0 0 0 0 0 7.651470169425011 0.4401894211769104 0.1590287387371063 200.660493478179 49.1371391043067 626.6922329440713 135.614235907793 198.2931660935283 51.24134390056133 7.963172137737274 46.24626267701387 1.488409355282784 0 0.7897368967533112 0.3800887763500214 0 0.6423136740922928 0 0.1532105505466461 1.513162896037102 0.3847506642341614
840.5782929211855 1261.764161773026 18.19492480158806 456.0633028894663 86.84179292619228 0 140.346520729363 8.190789334475994 17.98101612925529 893.4286913275719 45.19043684005737 59.99940057098866 115.7857790589333 36.48320063948631 0.1200183928012848 0 0 0.4414333701133728 0 0 0 0 0 0 0 0 0 0 0 0 33.36089971661568 0.4559186697006226 3.753528356552124 0 0 0 8.669734492897987 0 0.3141887187957764 0 0 0 0 0 0 0 24.76350776851177 4.65676424652338 0 0.2543470561504364 0 0 0 0 3.559872172772884 2.336610279977322 161.9411535784602 78.45645970851183 9.959330648183823 14.37936959415674 0 0.2837240993976593 0 0.1935436874628067 2.155262596905231 1.109058186411858 0.4432608485221863 0.9591574817895889 0 0.1911326199769974 38.59666043519974 29.70321080088615 1.438967704772949 59.38916549831629 3.283776640892029 9.239763416349888 0.2244882434606552 0 0 3.238361746072769 0 0.108367383480072 20.30654545128345 0.5377138257026672 0.6021418571472168 2.501106224954128 3.687373906373978 0 1.44038600474596 0 0.2506849840283394 0 0 0.09457652270793915 0 678.8285329192877 478.2494486123323 0 5.148591548204422 497.3675001561642 0 0 0 0 0 3.411683529615402 1.572481989860535 0 0 0 0 0.1990689486265182 0.5921953916549683 1.142727971076965 0.2239342778921127 0.1599164009094238 0 0 0 0 0 0 0 0 0 0 0 0 0 0 0 0 0 0 0 0 0 0 0 1.2686817497015 0 0 0 0 0 0 0 0 0 0 0 0 0 0 0 0 0 0 0 0 0 0 0 0 0 0 0 0 0 0 0 0 0 0.1948916465044022 0 0 0.2252591997385025 0 0 0 0 0 0 0 0 0 0 0 0 0 0 0 0 0 0 0 0 0.795227438211441 1.867707461118698 0.4036071598529816 10.93746097385883 2.669781304895878 72.11579161882401 10.51983965188265 475.969929240644 9.332314670085907 2.348171524703503 3.086162395775318 0 0.1355353146791458 0.2846872359514236 0 0 0 0 0 0.291299507021904 0
302.1895880550146 1282.956840842962 219.0909793823957 818.0440409183502 1875.660169817507 140.346520729363 0 15.14163071662188 1064.865539140999 3046.964462324977 331.906380571425 51.35788628458977 5119.008064925671 1317.573054134846 56.45883473008871 3.544091075658798 0.9302869066596031 0.5529063045978546 0 1.38930406421423 0.3112805187702179 0.4708794355392456 0 0 0.1196751520037651 0.8806409686803818 0 1.147807374596596 0.6703926473855972 0 278.5528256744146 26.86284967511892 0.5479705929756165 0.123604990541935 0 0.1081675812602043 1.396833658218384 0 0.1175873205065727 0.147076353430748 0.1321129202842712 1.934944331645966 0.4775230064988136 0.2497979253530502 0 0 407.7527282685041 39.53124661743641 0.7152081951498985 1.041541501879692 2.295815870165825 0 0.1266272813081741 1.728726923465729 9.190628185868263 10.97427406162024 5.449627362191677 80.77109674364328 12.26740603148937 94.81968186050653 0.1184196919202805 0.4414929896593094 0.1041831001639366 52.28654710948467 9.423321418464184 9.189928106963634 5.446929067373276 6.460448704659939 1.922320991754532 0.8045570105314255 6.032878488302231 3.950904309749603 0 113.2130111902952 76.4589930921793 217.6773636937141 53.83996649086475 1.698914811015129 0.647601380944252 2.523847132921219 0.5856188982725143 1.280279725790024 102.9136623963714 0.1152196079492569 7.224146485328674 10.0204133912921 24.85385855287313 0 6.847809083759785 0 4.262818396091461 0.5748027339577675 0.3719544857740402 1.1622294485569 2.137715540826321 211.9079485535622 0 0 1.11116635799408 41.58677315711975 0.5240846872329712 4.5405433177948 1.090071827173233 2.979744538664818 0.9933119118213654 34.74839079380035 3.412414789199829 3.101728588342667 7.842265874147415 17.70338772237301 2.094138845801353 54.82328507304192 22.59231114387512 42.3158006966114 18.3029031381011 0 0 0 0 0 0 0 0 0 0 0 0 0.3333988189697266 0 0 0 0 0 0 1.76678129285574 0.2036471962928772 0 0 0 6.262451320886612 0 5.222983449697495 0 0 0 0.3150053322315216 0 0 0 0 0 0 1.240520775318146 0 0 0 0 0.6258247494697571 0 0 0 0.5711141601204872 0.1206911653280258 0.7084609866142273 0 0 6.625439763069153 0.1412820667028427 0 0 0 0 0 0 0 0 14.75224795937538 0 0 0 0.1303323805332184 2.701566487550735 0 0 0.4840627536177635 0.6230902448296547 0.8365166187286377 0 0.1629004031419754 0 0 0 0 0 0 0 0 37.67443940043449 3.839760527014732 5.515649989247322 270.3070146143436 62.12078032642603 830.768532037735 186.3857798576355 316.8910051435232 69.32186310738325 10.19064949452877 71.93874571472406 1.445951536297798 0.3006799817085266 1.61947937309742 0.9528163820505142 5.179195001721382 0 0 0.8892592787742615 2.997031703591347 0.4578584432601929
33.03819783776999 139.1271920651197 1782.052661828697 2.220601111650467 56.8628553673625 8.190789334475994 15.14163071662188 0 602.9885267093778 4.116688758134842 2608.921898439527 1.75923165678978 82.14956159889698 653.4505318775773 49.58816730976105 8.319941096007824 6.137884311378002 9.989583224058151 0.9303082674741745 88.31721626222134 79.18149662017822 0 0.3149204254150391 0 0 2.006422325968742 0.1491627395153046 0.7824216485023499 1.067645415663719 0 1771.036294385791 985.3497762680054 39.53641171753407 2.752226702868938 0 0.1782482415437698 16.63852151483297 1.153727024793625 2.730984337627888 2.52096713334322 12.65261520445347 5.442320391535759 26.57111253589392 8.640774920582771 2.287149414420128 16.26195178925991 206.4585534483194 19.77526893466711 1.764608353376389 19.86350718140602 4.582206681370735 0 0 1.166697680950165 3.456534795463085 3.525609940290451 5.956325180828571 159.0348163545132 3.890239916741848 58.91278493404388 84.95616054534912 15.95435316860676 4.995753556489944 301.6440215706825 3.75173931568861 2.948541805148125 2.875857979059219 12.07284265011549 32.91162250936031 118.8724638447165 11.7853170260787 6.081349641084671 0.1826605051755905 105.456301741302 141.9555237442255 170.395220682025 159.2407190352678 294.2908079996705 783.9490875601768 2732.386545181274 89.54483006894588 563.3293620795012 47.44392914324999 0 2.943064913153648 4.274500854313374 23.32210702449083 0.09896218031644821 2.258676640689373 0.1168944016098976 1.413801431655884 0.5813770666718483 8.899718590080738 2.901341058313847 2.234401889145374 5.38613460958004 3.663460373878479 0.7047300338745117 4.650624111294746 16.38449801504612 0 0 0 0 0.1491861343383789 0.461573988199234 0 0.2988623380661011 0.1774308681488037 2.752556920051575 0.3859008550643921 5.445020064711571 1.467661440372467 5.302889987826347 6.968423932790756 0.146445170044899 0 0 0 0 0 0 0 0 0 0 0 0 0.6935411393642426 0 0.1931448429822922 0 0.2484898567199707 0.1400948762893677 0 0.3411407172679901 0 0 0.9472488760948181 4.969427660107613 0.2762978672981262 5.450962409377098 0.2067971080541611 0.1535054296255112 0 0 0.6697125434875488 0 0 0 0 0.1233228072524071 0.6642966419458389 0 0 0 0.1881828159093857 0.1963522583246231 0 0 0 0 0 0 0 0 3.413733996450901 0 0.2356464713811874 0 0 0 0 0 0 0 8.497915685176849 0.3284493833780289 0 0 0 0.9937067627906799 0 0.5536102652549744 0.34714575111866 0 0 1.125815287232399 0 0 0 0 0 0 0.1349761486053467 0 0 2.793712854385376 2.67375248670578 4.238556712865829 124.0985956043005 23.23244945704937 304.8185679093003 56.91488263010979 49.33138238638639 21.31223620474339 1.97229728102684 24.73499570041895 3.545416191220284 0.1448182165622711 4.556249789893627 0 0 0 0 1.411326587200165 1.040686741471291 0
141.5783428549767 736.6705560535192 641.6773031502962 179.7957480251789 2338.343223690987 17.98101612925529 1064.865539140999 602.9885267093778 0 1412.808412715793 2694.671866722405 55.72688436508179 1388.28929758817 2284.389350764453 83.77294565737247 9.158365070819855 1.955492727458477 0.924993485212326 0 6.786924831569195 7.022426329553127 0 0.3121875375509262 0.7110169306397438 0 0.8072922304272652 0.3574090525507927 0.7681339234113693 1.037293061614037 0 435.5939983725548 53.07882843911648 42.45092928409576 0.1133399978280067 0 0 19.71269553154707 0 1.018709614872932 0.5659178346395493 1.633888423442841 1.302069455385208 1.197060123085976 0.4560131430625916 0.150319367647171 0 317.2944986522198 20.73675584048033 0.5233907923102379 1.773886911571026 3.294712670147419 0.2316251546144485 0 1.715371303260326 3.553193025290966 5.910047791898251 6.448824413120747 75.27423707395792 6.069041967391968 53.83619192242622 0.4611495286226273 0.7041703909635544 0.1038244143128395 93.60540273785591 3.277070268988609 5.309377878904343 2.732881836593151 3.524464689195156 3.992618046700954 9.216972015798092 16.92225226759911 15.108164742589 0 69.27373657375574 61.74999785423279 153.7259487435222 69.31409532576799 4.817347444593906 1.44274065643549 16.13293858617544 0.7042177021503448 2.066597037017345 40.27916878461838 0.0894329696893692 2.793723709881306 4.784605011343956 13.62363133579493 0 5.15473036468029 0 2.909486792981625 0 1.686504013836384 1.782477393746376 2.763630822300911 135.3634058237076 7.062114208936691 0 2.272511437535286 21.93209254741669 0.6494762599468231 0.4630300998687744 2.419305503368378 4.06585818529129 3.787461087107658 33.42701384425163 0.6752929538488388 10.10906165838242 12.23090469837189 39.74128046631813 6.472023829817772 170.9865378588438 46.80368235707283 90.47932222485542 60.8909625262022 0.6808968484401703 0 0 0.1931924521923065 0 0 0 0 0 0 0 0 0 0.4635327756404877 0.466838002204895 0 0 0 0 2.415796965360641 0.9688647389411926 0 0 0 31.34203184396029 0.2432699948549271 22.43957103788853 1.002160936594009 0.1440380811691284 0 0 0 0.4261932820081711 0.1666615009307861 0 0 0.3400835320353508 2.821118712425232 0 0.3127413392066956 0 0.3444125354290009 1.065270148217678 0 0.1046620905399323 0 0.4006769508123398 1.938286401331425 0.3099591732025146 0 0 27.14077100902796 0.5780362784862518 0.1301428228616714 0 0 0.1905841678380966 0 0 0 0 63.97822919487953 3.114109918475151 0 0 0.8417540341615677 14.25560396909714 0 1.810620740056038 0.9515973106026649 0.2609286308288574 1.657950878143311 1.393256738781929 0.1827507466077805 0 0 0 0 0 0 0 0.1573139727115631 81.72190050780773 17.35027581453323 16.43543563783169 302.0516723170877 49.06804845482111 582.4889163002372 133.1158067286015 147.26751216501 50.67544516921043 4.076572671532631 75.19171719253063 9.697059787809849 0.2794833183288574 11.26288013905287 2.384982086718082 5.197584599256516 2.161950245499611 0 0 3.137740783393383 0
1947.860536150634 597.2513172626495 33.57998462021351 4303.740182355046 491.9583145081997 893.4286913275719 3046.964462324977 4.116688758134842 1412.808412715793 0 27.52020467817783 663.3078013509512 6343.430477201939 537.9483992606401 30.21382620185614 2.144431903958321 0.1833377331495285 0.1368191838264465 0 2.195574462413788 0 0 0 0 0 0.1423120051622391 0.1093464195728302 0.3106165528297424 1.383330792188644 0 55.40836318582296 14.781149700284 0.4756469279527664 0 0 0 3.11591525375843 0 0.3599108457565308 0.1746625453233719 0.6445366144180298 0.6687024831771851 0.4401790499687195 0.2844450771808624 0.2884987592697144 0 176.4543923065066 13.52085709571838 0.2158467322587967 0.8612955510616302 1.618098996579647 0.4064183235168457 0.2027033120393753 0.2895335182547569 4.808506041765213 4.823875583708286 13.68703755736351 50.19311814010143 8.561753436923027 30.46795266121626 0.1262293606996536 0.2035352736711502 0 32.71482792496681 4.212770685553551 3.280748024582863 0.3044801726937294 3.084594294428825 0.5837511569261551 1.0432024076581 67.31306606531143 3.559841066598892 0 53.42812034487724 21.01559203118086 68.35090200603008 20.12979599833488 0.8551386743783951 0.5616003200411797 1.678078331053257 0 0.1466252654790878 39.74338267743587 0 2.530704595148563 3.639441214501858 7.625548884272575 0 2.310964368283749 0 2.104879774153233 0.3965554535388947 0.1917363852262497 0.2977007701992989 1.097711369395256 1554.94179713726 1.01434850692749 0 0.4992828965187073 157.4650447964668 1.109294548630714 3.689245790243149 12.43355414271355 8.098168015480042 1.454907059669495 88.21098648011684 9.187552958726883 13.7483494579792 29.2488376647234 117.0317738950253 3.554892346262932 205.1750359833241 95.40225832164288 121.5175637602806 32.2342766225338 0 0 0 0 0 0 0 0 0 0 0 0 0 0 0 0 0 0 0 2.260435491800308 1.291831851005554 0 0 0 8.400935053825378 0.2295061200857162 5.528577774763107 0.7984221875667572 0.8326367139816284 0 0 0.3381591439247131 0 0 0 0 0 0.2934823036193848 0 0 0 0 0 0 0 0 0 0.5941360145807266 0 0 0 13.47366896271706 0 0.3363275229930878 0 0.353531539440155 0 0 0 0 0 36.9216203391552 0.6846648454666138 0 0 0 10.73607069253922 0 3.586856782436371 0.9321285262703896 0.605084240436554 0.6978349238634109 0 0 0.1860848963260651 0 0 0 0.1731138378381729 0 0 0 129.8440656363964 5.65669609606266 3.16515739262104 207.8371267393231 33.55914170295 385.811438433826 86.89762576669455 873.0351165384054 34.27033969014883 3.981021508574486 41.43895795941353 6.339877024292946 0.1065828055143356 3.690554291009903 0.8572112396359444 8.953981176018715 0.2981008291244507 0 0.1561035811901093 3.643316894769669 0.5029622316360474
263.9430927783251 825.5450380071998 3895.228359766304 6.648374170064926 867.9032193422318 45.19043684005737 331.906380571425 2608.921898439527 2694.671866722405 27.52020467817783 0 78.67088498175144 925.5338174626231 2931.347510822117 142.5365423709154 42.02194468677044 9.807007119059563 3.036722980439663 0.1216139420866966 26.27786526829004 70.11987524479628 0.1951872110366821 0.2939896881580353 0.7419577538967133 0.4381771385669708 12.65207675099373 0.4658189713954926 5.502611115574837 2.433579862117767 0.8376692533493042 2295.786324888468 612.6687185764313 442.9510842189193 0.2530238553881645 0.6798777878284454 2.382653638720512 203.4032285660505 2.820309050381184 7.019826292991638 2.95195360481739 23.97687721997499 8.252673782408237 7.447298288345337 9.107799254357815 0.7449221611022949 2.558272495865822 404.6667626053095 35.56455671787262 1.468042761087418 7.651849158108234 12.92867504060268 0.6584613621234894 0 1.416729979217052 6.394064627587795 7.600585021078587 10.01168154925108 233.2349538579583 8.549988150596619 104.0630685687065 9.589869119226933 30.90884967148304 2.574992164969444 210.2968247756362 6.609118893742561 7.566275879740715 4.674772061407566 15.39837472885847 24.46680338680744 70.50508436560631 166.586573690176 58.43288938701153 0.496700793504715 173.5005544275045 187.6690799817443 298.5224782899022 137.5071376934648 28.67513384670019 221.8555302023888 237.4540308639407 5.743257977068424 22.78884910047054 79.34976282715797 0.2697649598121643 4.498265400528908 7.549772083759308 25.32105841487646 0.5646005868911743 7.350837402045727 0.34627865254879 7.329788975417614 1.403015837073326 14.50763372331858 8.21240247040987 4.895146377384663 221.0420392453671 65.82022348046303 1.155395105481148 13.89156353473663 80.74876342713833 1.926098890602589 2.007215037941933 2.695447869598866 0.3863375782966614 5.644413724541664 26.35703164339066 0.1464838534593582 9.791133865714073 13.67674198746681 20.85775426030159 8.441210009157658 181.0333326980472 37.51310792565346 96.88863653689623 117.0436704009771 2.218680635094643 0.1107885465025902 0.1820299625396729 0 0 0.6430633813142776 0 0.2825410068035126 0.5528801679611206 0 1.168120115995407 0 0 0.7666147500276566 0.803942859172821 1.13325409591198 0.9838924407958984 0.5978153869509697 0.389272004365921 3.17145124822855 1.896346345543861 0 0.3101299405097961 0.3924400806427002 63.4077357724309 3.111348167061806 52.76143353432417 12.69051004201174 4.153482913970947 0.3237229287624359 0.8299666792154312 0.1628085672855377 0.7307514250278473 0 0 0 1.361731231212616 7.110560864210129 0 0 0 0.6316967308521271 2.767115235328674 0 0 0 0.6343881711363792 3.633429117500782 0.1185762137174606 1.183694958686829 0 62.87987857311964 1.624333523213863 0.2526633813977242 0 0.1535343378782272 0 0.107791505753994 0.2968951761722565 0 1.027185618877411 143.1325865015388 8.451127216219902 0 0.149532288312912 2.321158669888973 24.67673088610172 0.463638499379158 4.963194474577904 1.64350775629282 1.42512433975935 2.007961772382259 0.6337425038218498 0.3230095952749252 0.09772530198097229 0 0 0 0 0.2936348021030426 0 0 84.3817303404212 43.41191379725933 45.33170099556446 304.9004241377115 68.12889928370714 564.0990939736366 135.17335242033 134.5865026116371 45.25337066501379 6.453911446034908 75.60117795318365 21.44973739981651 0.9592987298965454 15.72423243522644 1.893551789224148 8.676445066928864 2.481160722672939 0.1446206867694855 2.695714101195335 6.066697582602501 0
98.03493998944759 7.21611413359642 7.368222251534462 239.4203138649464 8.617169171571732 59.99940057098866 51.35788628458977 1.75923165678978 55.72688436508179 663.3078013509512 78.67088498175144 0 1016.007442608476 113.4284156560898 2.47787818312645 2.639052420854568 1.425864964723587 0 0 0.9848448932170868 1.870621830224991 0 0 0 0 1.375669568777084 0 1.509420126676559 0.9295050501823425 0 9.618551760911942 2.614387854933739 25.18027821183205 0 0 0 16.27886754274368 0 0.7253284752368927 0 1.156196251511574 0.7071987390518188 0 0.5204854756593704 0 0 9.110080122947693 0.2118638306856155 0 0.3694426715373993 2.239937216043472 1.11318601667881 0 0 0.2394889742136002 0.1778715848922729 0.6069941222667694 2.725310638546944 0 0.3391222357749939 0 0.31585493683815 0.6205243766307831 2.775292679667473 0 0 0 0.5318811982870102 0.2150507271289825 5.743132382631302 42.27564413845539 21.29628732800484 0 1.717075146734715 1.127945773303509 2.261597961187363 1.180638641119003 0.517465278506279 0 9.568255215883255 0.1846621781587601 0.1148735135793686 0.4521156772971153 0 0 0 1.310944519937038 0 0.1377271264791489 0 0.2252083569765091 0 0.4857333302497864 0.2099553048610687 0.1410167515277863 1217.266615509987 38.11372464895248 0.699401468038559 4.209350347518921 34.39752447605133 1.421060137450695 0.8723927438259125 6.892134264111519 5.785462439060211 1.85048134624958 27.04483704268932 4.349090278148651 8.295964300632477 12.04301382601261 54.34969148039818 7.409540191292763 174.24671857059 53.06504206359386 100.5952293872833 52.1601026058197 0.5612579062581062 0 0.10590760409832 0 0 0 0 0 0 0 0 0 0 0.1177458018064499 0 0.2166873067617416 0 1.063556581735611 0 2.013710036873817 0.5787721574306488 0 0.3942911326885223 0 20.46930773556232 1.256712675094604 12.38216015696526 1.41020131111145 1.892127051949501 0 0.194656029343605 0 0 0 0 0.1865271329879761 0.5935690402984619 2.440358944237232 0 0.1197617501020432 0 0 0 0 0.2351599037647247 0 1.192144654691219 1.260246604681015 0 0 0 19.12637700140476 0.3259778916835785 0.4661653712391853 0 0 0 0 0 0 0 43.90777699649334 1.245403975248337 0 0 0.1851753890514374 8.586436346173286 0 3.25952722132206 0.7532754093408585 0.4882204830646515 0.482667051255703 0.3176154717803001 0 0 0 0 0.1665865927934647 0 0.1466572433710098 0 0 91.19731546938419 12.43698567152023 7.340592548251152 20.60504645109177 1.831359073519707 14.99555857479572 3.170449919998646 64.41380472481251 0.298920676112175 0.2651620805263519 2.176455825567245 9.858882397413254 0 5.133919894695282 0.2497928142547607 7.38183905184269 1.256040439009666 0 1.16286488622427 0 0
203.0597861632705 432.5405506938696 225.0236186087132 828.1259613633156 728.3340217769146 115.7857790589333 5119.008064925671 82.14956159889698 1388.28929758817 6343.430477201939 925.5338174626231 1016.007442608476 0 1500.195298090577 70.2749557942152 32.02782846987247 8.506567105650902 1.356751456856728 0.4764749854803085 10.07659033685923 17.7414770424366 0.1802604347467422 0 2.885919511318207 0.5624837130308151 16.10482563078403 0 6.118204563856125 1.27163490653038 1.886819794774055 135.6124395430088 35.47642229497433 255.6239270195365 0.1552201509475708 0.1777213364839554 1.908868744969368 62.22983352839947 0.83180832862854 9.861801326274872 3.69721294939518 11.10542870312929 2.34533280134201 1.550763599574566 4.853824734687805 0.2670746743679047 0.5605771541595459 108.7058675661683 4.253081262111664 0.4703842848539352 1.682450525462627 4.35665637254715 1.853548586368561 0.1924318969249725 1.732065163552761 1.017534643411636 1.372880481183529 4.189012013375759 25.37008841335773 2.112499788403511 17.02414693683386 1.135701850056648 3.65455573797226 1.110997304320335 40.93724638223648 1.571661867201328 1.765601508319378 1.092562563717365 5.322997257113457 7.678484082221985 16.8052462041378 458.5145407617092 125.1927496641874 0.9508984982967377 20.81576979160309 20.48256260156631 56.99139167368412 34.32952957600355 9.64496910572052 3.832649074494839 93.9599344432354 1.399084575474262 4.722320638597012 11.02628302574158 0.08874295651912689 0.6227791830897331 1.23547089099884 7.240190900862217 0.4223881959915161 1.455868780612946 0.7657675594091415 1.24095243960619 0.3144552409648895 5.949871137738228 8.297314807772636 1.597934976220131 4722.348204597831 163.3380921036005 1.952909588813782 16.41232948005199 68.8631731569767 6.721852362155914 11.95613031834364 15.84634388238192 14.069988027215 14.46808196604252 122.6871414929628 15.70950901508331 54.22175160050392 69.08772271871567 254.0770095586777 33.36838199198246 823.5210123211145 314.4496572315693 521.0872773528099 364.1815973445773 4.687906868755817 0.4870329648256302 0 0.3424346223473549 0 0 0 0.2209468185901642 0.9241732954978943 0.3729077130556107 0 0.1706023216247559 0.879985973238945 1.511545926332474 0 1.326703920960426 1.066935434937477 1.395308896899223 0 13.37157983332872 4.559719510376453 0 1.141604989767075 0 124.386994227767 4.480797573924065 85.742730230093 13.60995788872242 4.602571547031403 0.5538040548563004 0.3555072844028473 0.620304062962532 0.5731071978807449 0.7540108263492584 0.266537070274353 0.3097735345363617 2.610596470534801 18.2031634002924 0.3849943950772285 0.1346615552902222 0.1866789013147354 1.136567398905754 0.73877814412117 0 1.719680532813072 0 1.436334803700447 8.192066013813019 1.699819803237915 0.3486719727516174 0.1188589781522751 123.2348496392369 2.239526353776455 0.9152603894472122 0.1164127513766289 0 0 0.4227812886238098 0.1187853217124939 0 0 408.0705819353461 13.31698031723499 0.2446245849132538 0.2488601878285408 1.405319035053253 51.04529943317175 0.7033053040504456 11.21709380298853 6.017671540379524 4.697844967246056 4.286396712064743 2.544130764901638 1.771858215332031 0 0 0.1858411878347397 0 0.1455635726451874 0.2934378311038017 0.15540412068367 0 583.7288242578506 102.9070733487606 76.87151157855988 164.5823064297438 24.63684100657701 181.0644734278321 50.25537331402302 176.681968703866 14.88599748164415 1.909288242459297 40.88933343440294 32.20709404349327 4.393390834331512 35.69737531244755 4.419918403029442 37.90456020832062 7.684253267943859 1.098649077117443 9.157080471515656 2.583566784858704 0.3555561006069183
242.0686501860619 661.3599904701114 785.0639234632254 222.0325484126806 1617.678419433534 36.48320063948631 1317.573054134846 653.4505318775773 2284.389350764453 537.9483992606401 2931.347510822117 113.4284156560898 1500.195298090577 0 118.2232007831335 42.43035294860601 16.7125543281436 3.060707807540894 0 26.56798984110355 56.45837184786797 2.012926384806633 2.029444590210915 2.009927317500114 0 30.24129835516214 0 15.65084409713745 7.484291806817055 3.012329757213593 507.0520087108016 85.03640782833099 1098.539302885532 0.8020620346069336 0 7.880437031388283 687.2217209339142 20.93766842782497 39.20077316462994 159.361799120903 26.52572053670883 7.894994214177132 3.279182977974415 12.48787710815668 0.7032463699579239 3.075983881950378 196.2424993291497 11.19224717468023 2.563158221542835 6.752995803952217 12.8162335306406 0.7787726074457169 0.3360728025436401 2.721916005015373 1.786402255296707 1.87696847319603 5.937715716660023 70.51605050265789 2.812584415078163 33.95769386738539 5.393625609576702 124.8750050142407 4.089257910847664 86.7415895909071 1.606849379837513 3.057780027389526 3.101464532315731 12.05995897203684 22.7513824403286 55.12408104538918 338.907740868628 117.3026956468821 1.008243650197983 47.50615897029638 49.60858010500669 113.7457717657089 64.85772828757763 17.78646307438612 24.86352246254683 219.3107304796576 4.030242793262005 20.25472536683083 23.83166289329529 0 1.768048040568829 3.7572016492486 14.1090329810977 0.4707629233598709 4.685589261353016 1.588184863328934 3.491091303527355 1.906162835657597 14.94066463410854 9.957605741918087 2.150110378861427 729.7399915158749 145.1637819856405 1.481865331530571 16.15051533281803 49.45991761982441 2.679802872240543 4.110386662185192 7.169408492743969 3.983180925250053 11.72688726335764 61.48197937011719 1.831350341439247 23.64271456003189 24.8902428150177 81.0448839366436 18.22799880802631 387.6266830042005 127.2880121171474 249.9657344967127 224.2464069575071 4.69580551981926 0 0.1263706982135773 0 0 0 0.3148981034755707 0.2696670889854431 0.3937544077634811 0.4834601879119873 0.5424424111843109 0.4303863048553467 1.910539135336876 1.508751034736633 0.3316064774990082 2.066388100385666 0.6499570161104202 2.719727456569672 0.2006802558898926 7.484582737088203 3.767907917499542 0 0.6916390359401703 0.3381064310669899 117.3232448846102 4.754668071866035 86.37860199809074 21.53021447360516 5.417217075824738 1.740180641412735 0 0 1.607383474707603 0.4758527651429176 0.3654476404190063 0.3626906275749207 4.296485714614391 13.79582604765892 0.1172168627381325 0 0.1543970108032227 2.919898554682732 2.069725207984447 0 0.4907141402363777 0 1.166557297110558 5.110429979860783 1.912945427000523 0.5221087336540222 0 107.9756753444672 2.850242182612419 0.3614183738827705 0 0 0 0.262246698141098 0.2713877707719803 0 0.1656940281391144 234.9577496349812 13.06251569837332 0 0.1224792897701263 1.090551301836967 44.36044140905142 1.504267692565918 7.024716094136238 3.992299221456051 2.831370867788792 3.676715917885303 2.372340716421604 1.54775795340538 0.2297186404466629 0.1358645409345627 0 0 0.09398636221885681 0.7994187474250793 0.1184099093079567 0.9077416062355042 219.9115653932095 75.69461502879858 80.97215940058231 271.6709891930223 47.70231007784605 362.5626655220985 92.57976136356592 89.65545362234116 28.39299029111862 3.816130414605141 64.8703757673502 28.89646819978952 4.443070344626904 31.63331866264343 4.392855919897556 14.6792082414031 5.064705811440945 1.010053962469101 6.336872346699238 3.682692155241966 0.1731036901473999
