0 5360.000348590314 476.8899904862046 801.655247181654 576.2512190341949 891.0422834604979 1287.943334534764 16.00045907497406 31.92044937610626 103.2424851506948 174.9223685413599 16.91655412316322 8.457010462880135 15.90135956555605 3.810934610664845 1.204327084124088 1.474933162331581 0.1130947694182396 0 0.4565329700708389 0.1110970675945282 0 0 0 0 0.6623565107584 0.1124022603034973 0 0.0921982079744339 0 500.4735492691398 0 0.1268639713525772 0.1083125397562981 0.08858004212379456 0.1286027282476425 0.5071794092655182 0.133220300078392 0 0 0.0902925580739975 0 0 0.3683061003684998 0 0.1946918964385986 44.84207252413034 20.7169798091054 0.2221837639808655 0.3539144769310951 6.789900086820126 0.5874213576316833 0 0.09683488309383392 30.15141913294792 15.55655516684055 380.9542978927493 664.6739935129881 205.1420667394996 152.5631264001131 0.09969564527273178 0.5339292585849762 0 2.676045149564743 21.6289768666029 2.082461416721344 3.073265254497528 0.8555740043520927 0.2414365783333778 0 4.996163576841354 12.05152350664139 0.7300446331501007 456.4342559427023 27.42569493502378 42.63765715807676 4.62247608602047 0.8400000631809235 3.787584751844406 12.97299804538488 0.2470799311995506 2.748603224754333 122.754029341042 4.354838095605373 20.94611433148384 17.22680326551199 4.78139304369688 1.836253717541695 9.374037005007267 0.6769455149769783 1.608219593763351 0.3447373807430267 0 0.2478356137871742 0.2372046187520027 212.3484188318253 2.487385749816895 0.1100238934159279 0.6450437307357788 1890.854778848588 0 2.505853414535522 1.643694579601288 0 0 0 0 0 4.84273499250412 6.38214123249054 0.5089481472969055 4.164506018161774 14.00055740773678 5.485771700739861 0 0 0.1871850490570068 0 0 0 0 0 0.1087516620755196 0 0 0 0 0 0 0 0 0 0 0 0 0 0 0 0 0.8460429012775421 0 0 0 0 0 0 0 0 0 0 0 0 0 0 0 0 0 0.1566596627235413 0.09069806337356567 0.3469097912311554 0.2827856242656708 0 0 0 0 0 0 0 0 0 0 0.1950953677296638 0 0 0 0 2.646245896816254 0 0 0.4288531243801117 0.1685822159051895 0 0 0 0 0 0 0 0 1.573807515203953 0 0.6860938221216202 0 2.080578662455082 0.5729469954967499 0 0 3.356550097465515 0.3104797899723053 0.6706729531288147 90.62883108854294 3.213814593851566 163.029605358839 29.79882434010506 632.2242903038859 46.97797998040915 1.920490622520447 21.36466976255178 1.057389222085476 0.2774885594844818 1.397042848169804 0 15.12511682510376 0 0 0.1370841860771179 0.832676500082016 0.680111825466156
5360.000348590314 0 2053.521913573146 534.125866830349 6497.133640736341 893.584683611989 3084.612742185593 236.8857629597187 1431.014203846455 657.814722597599 2063.853310100734 8.446051634848118 235.7643109112978 296.9440586343408 47.74307212978601 22.9407758936286 4.863375551998615 2.817356683313847 0.6247968003153801 5.669469833374023 5.234705492854118 0.7861566096544266 0 0.09271150827407837 0.4827597066760063 1.307051323354244 0.09835532307624817 0.6782200634479523 1.318017348647118 0.2957513630390167 3128.176821514964 3.218736238777637 4.067483700811863 0.326365552842617 0.101612277328968 0.9076404944062233 2.153802633285522 1.168432846665382 0.3447847813367844 0.5570873320102692 3.504146933555603 1.403271704912186 1.462120711803436 3.387173742055893 0.3423044607043266 5.329544268548489 468.0158032998443 89.25200890004635 4.660187095403671 3.003939479589462 43.23157696425915 2.310297742486 0.4543416872620583 0.6054051592946053 53.26015696674585 42.5213156118989 218.8952355980873 613.5422099456191 155.892992772162 358.2139966338873 6.270715691149235 0.9465849921107292 0.3722477853298187 71.81105752289295 64.24890673160553 12.63365074247122 17.20159060508013 3.637512736022472 1.984370216727257 1.722453713417053 8.811452426016331 5.799982704222202 0.2958389967679977 629.9542145580053 187.1927890330553 321.8949365541339 135.3384806215763 17.03470031917095 41.58479854464531 97.47693727165461 2.639795742928982 25.39459846168756 359.0540653318167 12.59414586424828 89.18083986639977 58.07497983425856 24.08056305348873 7.379284791648388 34.05717524141073 4.289843581616879 6.881104916334152 2.036545924842358 0.4445832222700119 1.258702583611012 3.290844939649105 169.6966843008995 1.248913109302521 0.1789323315024376 0.8293474912643433 1327.919046662748 1.062167644500732 0.8856228590011597 0.2269769608974457 0.6504854559898376 3.461347311735153 0.389127641916275 2.329376101493835 2.988328158855438 5.257553517818451 2.323103591799736 2.064644694328308 9.945448726415634 14.89159947633743 17.15263304114342 3.112202808260918 1.060318097472191 0 0 0 0 0 0 0 0 0 0 0 0.1052011623978615 0 0 0 0 0.2752669155597687 0 1.390942588448524 0 0 0 0 3.311279237270355 0 2.670999594032764 0.1201710253953934 0.4135712683200836 0 0.1992245465517044 0 0 0 0 0 0.1168094947934151 1.083655565977097 0.6357656046748161 0.1368314921855927 0.1407783776521683 0.5965082794427872 0.2282941937446594 0.2170635610818863 0 0.2006307765841484 0 0 0 0 0 0.4256915152072906 0.3485003113746643 0.684564970433712 0.1838224977254868 0.320494219660759 1.308536142110825 0.0918511375784874 0.09948361665010452 0.425570160150528 0.3200969696044922 14.29476238042116 0 0 2.317406557500362 0.7462466657161713 0 0 0 0.2153819054365158 1.418192610144615 0 0 0 4.760469608008862 0.2796934843063354 1.768456049263477 0.3851891458034515 7.107709281146526 0.7478992789983749 0 0 4.158492162823677 1.127035677433014 3.023811966180801 648.9026340544224 25.32151332497597 1175.907802678645 124.497056633234 503.1753717437387 157.6899703592062 11.70908473432064 184.7154746577144 15.9427532106638 1.805863715708256 7.448418475687504 0.8056433573365211 4.032628566026688 0.2182599902153015 0 0.6536500304937363 6.489982895553112 1.386109091341496
476.8899904862046 2053.521913573146 0 14.94291900843382 1191.481588423252 19.90234668552876 205.6879676282406 2422.179937236011 495.4706354364753 13.17335247248411 4570.883749231696 23.46976051479578 60.67520048469305 191.5542989969254 69.61858481168747 67.12985124439001 42.69144140928984 67.18568424880505 15.96087069809437 285.1910200864077 203.4275474026799 1.68204053491354 7.617781661450863 6.993683122098446 10.08876120299101 21.67141027003527 3.228173606097698 3.493989333510399 1.544153168797493 0.7691835537552834 6240.481411375105 1046.214761629701 43.7710885182023 42.6307679489255 12.18714501708746 30.36834141612053 56.67196341603994 25.78025217354298 7.807184711098671 7.943926803767681 72.04933540523052 9.129430271685123 52.76641394942999 29.38395221531391 26.27369818836451 366.4995464608073 349.8467473834753 88.30077526718378 24.29266934841871 91.26523540914059 37.16676685214043 2.977859191596508 0.8612663596868515 5.871831439435482 36.10115765035152 32.58568910509348 191.6094579845667 1033.700234815478 101.1288382858038 331.5385822355747 658.2906087562442 42.14872533082962 13.16575333476067 846.8119291737676 51.10624961555004 12.18905267119408 14.77436322718859 8.928446680307388 38.83854360878468 80.67345028370619 228.8525267615914 23.30845576524734 0.3659359887242317 644.2724911049008 297.1022929251194 365.7580275312066 238.3425367921591 96.33957506716251 1761.306801207364 837.6843674257398 221.2453840970993 1270.50895357877 253.060433126986 9.360130503773689 68.65937123447657 48.47560288012028 38.87111898511648 4.523562557995319 30.88308100402355 4.633547283709049 6.365550354123116 1.418295413255692 13.21149973571301 5.27295970916748 4.067655153572559 67.46452933549881 54.50650534778833 0 28.89657232165337 514.5692044720054 0.785027801990509 0.6684744954109192 0.8725874722003937 0 4.320821829140186 2.291817277669907 0 0.1573039293289185 0.9366749227046967 1.686239719390869 3.189094938337803 8.186331182718277 13.27124311029911 51.28699262440205 19.36524350196123 2.804723367094994 1.27442429214716 0.1210621371865273 0.2405606061220169 0 0 0 0.3075791746377945 0 0 0 0.09920279681682587 0 0.127900019288063 0 0.6587044671177864 0 0.5260123014450073 0.1223482638597488 3.634200751781464 4.361471265554428 0 0 0 35.27890356630087 0.6625978350639343 32.35303436219692 4.727889500558376 0.1664978265762329 0.3892708420753479 0.9059535264968872 0 0 0.4070802927017212 0 0 0.5091700777411461 6.539989039301872 0.2624062299728394 0.3857705295085907 0.09036505967378616 1.84622859954834 0.1516963988542557 0 0.7685738652944565 0.3973843678832054 0 0 0 0.1677932441234589 0 3.652584224939346 2.561012610793114 1.223058611154556 0.2073929309844971 0.8596881628036499 0.8152870982885361 0.2396237999200821 0.5135059356689453 0 0.09159304946660995 104.8431503847241 3.083332344889641 0 2.963370569050312 0.9089761674404144 0 0 0 2.714597761631012 3.278635919094086 3.527497053146362 0.1144284307956696 1.348874345421791 5.552981458604336 0.2416879385709763 2.026824817061424 0.575123518705368 6.168469697237015 1.226393736898899 0 0 7.814285598695278 10.58814758807421 29.55757354199886 282.121988683939 19.34512811154127 641.8623172789812 96.20793552696705 41.65584373474121 83.18981615453959 11.77570243924856 103.8373534083366 25.44702336192131 3.633349172770977 18.74800302088261 2.174347974359989 2.424970984458923 5.05986699461937 1.882472351193428 4.045241922140121 10.26891762018204 1.737388864159584
801.655247181654 534.125866830349 14.94291900843382 0 245.3145042359829 780.4351203292608 1421.194603249431 0.6949185132980347 19.43477162718773 2437.627083033323 1.51412533223629 267.4457378685474 212.1437705755234 91.17284485697746 1.407673493027687 0.1847583651542664 0 0 0 0.2596034705638885 0.2158407866954803 0 0 0 0 0 0 0 0.1045857220888138 0 5.43971262127161 0 0 0 0 0 0 0 0 0 0 0.2324387431144714 0 0 0 0 9.49335153400898 2.559920400381088 0.1234276294708252 0 0.6479504406452179 0 0 0 3.379632890224457 1.64879247546196 11.93518683314323 19.24272640049458 10.25356639921665 16.28419007360935 0 0 0 0.8233018219470978 3.434667088091373 0.7142889350652695 0.5085782408714294 0 0 0 7.087066531181335 3.013326287269592 0 34.43440864235163 3.079177767038345 5.513676807284355 2.123274624347687 0 0 0.4668399393558502 0 0.1365582793951035 16.3818768337369 0.7370800971984863 4.519110754132271 2.214756391942501 0.9278585687279701 0.1151698157191277 1.971324667334557 0 0.656798429787159 0 0 0.08522193878889084 0 432.0428569614887 1.247797131538391 0 0.1478332579135895 63.71725045144558 0 0.6648248434066772 0.3657218813896179 0 0 1.761709183454514 0.2866796851158142 0 4.093461006879807 2.889785259962082 0.2429952621459961 2.360663890838623 11.0601568967104 4.238670736551285 0 0 0 0 0 0 0 0 0.256431519985199 0 0 0 0 0 0 0 0 0 0 0 0.4020273834466934 0 0 0 0 0.2315738648176193 0 0 0 0 0 0 0 0 0 0 0 0 0.9224340319633484 0 0.1569547653198242 0 0 0 0 0 0 0 0 0 0 0 0 0 0 0.1330187618732452 0 0 0 0 0 0 3.23919415473938 0 0 0 0 0 0 0 0 0 0 0 0 0.2313518598675728 0 0 0 0.2849704846739769 0.2336133420467377 0 0 4.241412445902824 0 0 22.59043303132057 0.2718423306941986 32.92842702567577 4.073726408183575 208.6553344279528 5.694688707590103 0.2801253199577332 3.733946233987808 0.2408084869384766 0.2227638959884644 0.2795123308897018 0.1160631254315376 0.726875364780426 0 0 0.3701829016208649 0 0
576.2512190341949 6497.133640736341 1191.481588423252 245.3145042359829 0 79.66865092515945 4820.847672179341 102.8151466995478 9564.509663037956 584.7519402205944 2959.073825702071 22.29589161276817 843.5257593095303 561.9311678037047 57.9368052482605 33.40835963189602 5.374307706952095 3.721425108611584 0.7109868675470352 9.565988302230835 10.01878430694342 0.258625864982605 0.102374255657196 0.1022750437259674 0.0975930318236351 1.194239988923073 0.409228652715683 0.2234731465578079 1.487164750695229 0.2521022260189056 287.186402104795 3.272173099219799 2.862865909934044 0.994418665766716 0.1220790222287178 0.9379981830716133 2.266260348260403 1.36745223402977 1.193853616714478 0.1785133928060532 3.852867014706135 1.180112607777119 2.593253158032894 2.600045800209045 0.3318953067064285 9.961308114230633 374.460567496717 42.58204896003008 3.079541429877281 3.751263320446014 20.55444617569447 1.831503100693226 0.260795533657074 0.6569593548774719 14.73084881901741 16.25224830955267 28.7743628770113 66.89542184770107 23.93629105389118 143.8329034671187 16.25942335277796 0.5668699517846107 0.3614821135997772 62.55492456257343 25.19189264625311 5.452864073216915 10.05740506201982 2.856137156486511 2.576659545302391 3.352138556540012 15.87251777201891 3.809067264199257 0.6442656815052032 145.897001683712 113.6495066210628 268.3829324170947 179.8131873011589 19.09920620173216 33.1078961417079 38.81462930887938 5.569357559084892 35.23531177639961 116.0020647197962 6.249045670032501 40.77981148660183 25.24268432706594 11.62430603057146 2.761943742632866 19.04885639250278 1.998998329043388 3.682232946157455 1.154834270477295 0.9090280830860138 1.558601230382919 2.422017030417919 111.8993498980999 1.587907984852791 0 2.251056730747223 53.13699570298195 0.545142650604248 0.6671940088272095 0.673240140080452 0.5633050203323364 3.545371159911156 1.320736095309258 0 1.426268123090267 4.515417531132698 4.151153668761253 4.284989550709724 14.53766438364983 33.43888894468546 32.10001361370087 9.105558723211288 0.3616759479045868 0.7996190935373306 0 0 0 0 0 0 0 0 0 0 0 0 0 0 0 0.1296061426401138 0.1195308268070221 2.965404868125916 2.728375017642975 0 0 0 12.32896643131971 0 4.532344192266464 1.704443767666817 0 0 0 0 0.1222456768155098 0.3331116139888763 0 0 0.1978601962327957 1.71979982405901 0.4588039517402649 0 0.2287071943283081 0.2948379218578339 0 0 0 0 0.6655054688453674 0.6440229862928391 0 0 0 0.2115139812231064 0.5973919704556465 0.7957988083362579 0.2208051458001137 0.210203230381012 0.6069090366363525 0 0 0 0 49.40076360106468 0.4662535488605499 0 1.27845686674118 0.2312211990356445 0 0 0 0.310955822467804 0.9204180911183357 1.290996454656124 0.1786520928144455 0.3706820532679558 1.038145951926708 0.1790520921349525 1.155772008001804 0 2.990148238837719 0.2724038660526276 0 0 10.66522207856178 2.385444946587086 3.976654201745987 423.0226857960224 27.61183306574821 749.9854425787926 108.5906419157982 59.53042440861464 105.5338696911931 11.90508480370045 137.6057016476989 19.09800687432289 1.3012670353055 7.722344473004341 0 0 1.274677753448486 0 1.816856160759926 10.41430142521858 1.369359374046326
891.0422834604979 893.584683611989 19.90234668552876 780.4351203292608 79.66865092515945 0 1016.206314176321 0 8.161487892270088 833.9907034337521 13.6227048188448 211.728692471981 77.50091916322708 50.20195496082306 0 0 0 0 0 0 0 2.384076818823814 0 0 0 0 0 0 0 0 6.262888669967651 0 1.520125940442085 0 0 0 3.702671527862549 0.2387612462043762 0 0 0 0 0 0 0.1708863973617554 0.1206407248973846 0.8256973028182983 1.084994897246361 0.6103229522705078 0 1.370842173695564 8.259779304265976 0 0 1.130286872386932 1.370360672473907 114.5925314426422 51.62708687782288 11.89582915604115 5.346969947218895 0.3592447936534882 1.143093474209309 0 0.1402852833271027 0 0.1092365756630898 0.1689473837614059 1.816900849342346 1.14351612329483 0 56.85296556353569 548.0393238067627 14.55542382597923 23.75979544222355 1.099151536822319 1.279630623757839 0.3460911810398102 0.1306193023920059 0.1732189953327179 1.938608676195145 0 1.24849371612072 4.58184726536274 3.632019326090813 0.2411798760294914 0.6769983097910881 1.139241918921471 22.32554529607296 3.230937957763672 11.96488560736179 2.858300969004631 1.689380556344986 0 0.2467722594738007 1.276351422071457 522.3097046464682 90.83209103345871 12.88977661728859 3.884145945310593 348.7746476233006 0 0 0 0 0.1510072201490402 0 0 0 0.8590297102928162 0.6085306406021118 0 0.1453388184309006 0.153663769364357 0.8372018933296204 0 0 0 0 0 0 0 0 0 0 0 0 0 0 0 0 0 0 0 0.2071914225816727 0 0 0 0 0 0.5996886044740677 0 1.512874692678452 0.4472090005874634 0.5687102079391479 0 0 0 0 0 0 0 0 0 0 0 0 0 0 0 0 0 0 0 0 0 0 0 0 0 0 0 0 0 0 0 0 0.6056751608848572 0 0 0 0 0 0 0 0 0 0 0 0 0.1667782366275787 0 0.1322461068630219 0 0.386861577630043 0 0 0 0.269897073507309 0.1437604576349258 0 4.592470161616802 0.4517421573400497 9.638102062046528 1.538614615797997 77.08806899189949 2.446185886859894 0.3068292438983917 3.353422939777374 1.017202168703079 0.2597469389438629 0.5757384598255157 0 0 0 0 0.130387619137764 0 0
1287.943334534764 3084.612742185593 205.6879676282406 1421.194603249431 4820.847672179341 1016.206314176321 0 39.11980971693993 3270.440416537225 4618.336785659194 323.2276206463575 97.83934357017279 3071.933852016926 1050.684656970203 100.5701127722859 71.54878094792366 5.789307631552219 3.888922616839409 1.016819790005684 11.45926408469677 8.213027581572533 0.4865614771842957 0.4154249578714371 0.6863372623920441 0.2823953405022621 2.564322479069233 0.4694584533572197 1.313055425882339 2.807113870978355 0.467418909072876 106.5719928368926 4.342916034162045 6.204365469515324 1.93368286639452 0.5836104154586792 2.166049346327782 5.951232798397541 0.4904435276985168 1.363523602485657 0.5661748945713043 4.353732764720917 0.9106696918606758 2.112582206726074 5.969912186264992 0.79389838129282 11.92945156246424 587.62072943151 53.81857202202082 2.798307001590729 4.848460458219051 34.02202910929918 2.741647928953171 0.3756312504410744 1.682873673737049 21.59733324497938 24.04947676509619 55.34978744387627 99.86348638683558 53.05484233051538 199.8109608367085 18.31672316789627 2.358141839504242 0.4263512119650841 76.17371524870396 36.89016378670931 8.074211858212948 11.74035831540823 3.095479153096676 2.527433350682259 3.891178354620934 38.4945225417614 3.116447806358337 0.5268921107053757 238.9213313162327 145.2931363135576 375.4735537990928 256.478748857975 36.11081372946501 50.37049040198326 67.04290572553873 6.213245682418346 53.33233227580786 198.9059830531478 8.168041318655014 50.18613671511412 35.89351680874825 17.27699456363916 4.308728039264679 26.26388113200665 3.126332461833954 5.082611337304115 2.327254518866539 0.987808994948864 1.09450439363718 3.885528393089771 717.065385594964 6.595745593309402 0 3.118927389383316 137.0315629914403 0.751149870455265 2.013924092054367 3.976564422249794 0.8113564252853394 8.626378208398819 10.90813212096691 4.253180921077728 6.109208911657333 16.43920284509659 25.1809336990118 11.9580637216568 95.49925873428583 130.2839015573263 116.2791419923306 30.83406326174736 1.358265027403831 2.540912538766861 0 0.1464705467224121 0 0 0 0 0 0 0.355634942650795 0 0 0 0 0 0 0.5161243230104446 0 10.10899314284325 2.024893641471863 0 0 0 27.35254376381636 0.6432698369026184 12.93352329730988 2.400371819734573 0 0 0 0 0 0 0 0 1.545693807303905 8.567775338888168 0.3028925955295563 0 0.6714851260185242 0.2184912264347076 0 0 0.5813109427690506 0.3582359701395035 0.3407734334468842 1.899670235812664 0 0 0 0.7949950695037842 1.685842514038086 1.497129783034325 0.4511382579803467 0.2237419933080673 0.4199667945504189 0.546417348086834 0.4096381962299347 0 0 155.5598096400499 2.182469129562378 0.2814686000347137 1.821130774915218 0.2768239602446556 1.220487356185913 0 0 0.739620603621006 3.849960088729858 6.689744189381599 1.533980086445808 0.1154461055994034 1.837241604924202 0.7258430868387222 0.9966884180903435 0.4169413894414902 4.052322514355183 0.3883922919631004 0 0 52.87981190532446 11.90833653509617 11.40838332474232 830.1430256143212 57.77866538614035 1240.971583724022 209.5779454708099 492.4790895059705 179.7922143489122 18.49396152794361 280.1433267071843 40.60032264143229 2.815606184303761 25.59359323978424 1.175696179270744 4.559870719909668 2.124100387096405 0 5.560352325439453 16.30476059019566 3.823531612753868
16.00045907497406 236.8857629597187 2422.179937236011 0.6949185132980347 102.8151466995478 0 39.11980971693993 0 547.8532986715436 3.007068917155266 1877.654206767678 4.750280223786831 29.40971095114946 123.0207215324044 44.09703151881695 55.67096479982138 17.79597268253565 23.60502820461988 3.524377301335335 98.91070780158043 105.5832252576947 1.069383978843689 4.940295279026031 7.803560450673103 9.569037325680256 18.09781823307276 2.508792743086815 4.31279730796814 0.4473281055688858 0.2503863573074341 776.5913128852844 646.5676120370626 73.87580276280642 14.04367394000292 8.559244640171528 30.62640338391066 38.85155590623617 21.56556867808104 8.729693718254566 4.953571036458015 48.09787566959858 5.895654499530792 19.38226774334908 21.78385137021542 7.052067905664444 118.1403253152966 123.7805534154177 18.78362876921892 13.78284158557653 35.80869384109974 12.05245867371559 1.063657380640507 0.1195692121982574 3.574618473649025 4.249932698905468 4.638363935053349 14.66778434813023 83.36776293814182 7.835831314325333 47.63366548717022 333.9437964111567 36.14491480588913 15.94428614526987 573.7782583460212 5.212100088596344 2.183259442448616 2.231789626181126 3.523852214217186 17.22980780899525 49.37425362318754 50.80378789454699 7.528370939195156 0.1048628017306328 78.64092691987753 81.42033660411835 117.1524373367429 332.9100145846605 411.0354988723993 3750.933199577034 1642.511785686016 300.6909066811204 1251.454811349511 31.4164744913578 1.270904541015625 10.77110181003809 6.576869167387486 13.77030326426029 0.6080921515822411 5.732537016272545 0.7583821415901184 1.369958207011223 0.7808113098144531 9.195498384535313 5.392287835478783 0.7289385944604874 21.31117920577526 13.16868265718222 0 10.34704228490591 20.11729030311108 0.5664876699447632 0 0.6732824146747589 0 3.087214544415474 2.01322129368782 0 0 0.5130067467689514 0.3202206492424011 2.067545801401138 3.012390524148941 9.62629659473896 17.02633257210255 4.025558218359947 0.6348071843385696 0.5352423340082169 0 0 0 0 0 0 0 0 0 0 0 0 0 0.1901162713766098 0 0.2148512750864029 0 2.205471158027649 0 0 0 0 14.09775231033564 0 7.909478716552258 2.400581017136574 0.1651640385389328 0 0 0 0 0.1345629692077637 0.508656919002533 0 1.33705198764801 2.126817584037781 0 0 0 0.7978545129299164 0.2463229596614838 0 0 0 0 0.1436228603124619 0 0 0 1.592501416802406 0.6891471445560455 0 0 0.09544208645820618 0.4750799089670181 0.1012913882732391 0.09840820729732513 0 0 29.17732336372137 2.846298038959503 0 0.2041618600487709 0.4642118737101555 0 0 0 0.9614318162202835 1.475254200398922 0.7567522078752518 0.9172214940190315 0.3057723641395569 0.2731936126947403 0 0.4525761902332306 0 1.020437158644199 0.4006634205579758 0 0 2.47613736987114 5.242339067161083 7.501979075372219 145.3378154858947 10.95915200561285 244.644303932786 46.8275304287672 8.504817955195904 22.49214521050453 4.935740478336811 60.92119066417217 10.43533891439438 0.6547137945890427 7.64898781478405 0.4188305288553238 0.1008481681346893 3.020736381411552 0.2395914047956467 2.134780019521713 4.609034545719624 0.8569154143333435
31.92044937610626 1431.014203846455 495.4706354364753 19.43477162718773 9564.509663037956 8.161487892270088 3270.440416537225 547.8532986715436 0 666.6979937255383 4176.959334030747 79.60138343274593 3225.683804787695 5316.750938691199 40.05208771675825 44.85336756706238 2.038898438215256 0.9508440047502518 0.1116477102041245 2.983835496008396 3.346792988479137 0.1001143530011177 0 0 0.09227623790502548 0.5095696598291397 0.3867402002215385 0.38532654941082 0.7558911293745041 0 40.4048577696085 1.012575149536133 51.35835712403059 0.1142219007015228 0.2725208476185799 3.52399405837059 10.727663628757 0.2343350574374199 0.1042686179280281 0.5618303567171097 1.774764157831669 0.1955964714288712 0.6172879114747047 1.145760379731655 0.09321781247854233 1.98349966853857 88.55944827198982 4.378143601119518 0.8731555417180061 1.546055108308792 2.915574826300144 0.5665999129414558 0.09813534468412399 0.3577092587947845 1.846293240785599 1.402326188981533 2.811084531247616 10.156608261168 1.417454242706299 21.92149890959263 6.140217371284962 1.458745494484901 1.090025417506695 24.88946978002787 2.262144766747952 1.040365681052208 1.174542367458344 0.7043449878692627 1.183751113712788 1.888493150472641 24.55139769613743 8.183416672050953 0.1098063364624977 20.81165514886379 17.73853377252817 69.32355799525976 68.75006354600191 14.1916274279356 39.412402972579 73.38191241770983 1.122980006039143 23.84994495660067 13.0693468824029 1.126345604658127 5.038711756467819 3.989228658378124 1.878710441291332 0.5979776456952095 1.216971501708031 0.8293106332421303 0.6233464032411575 0.3221736550331116 0.4939102083444595 0.4252728372812271 0.5148201733827591 273.4391776323318 4.193765640258789 0 1.005458869040012 4.750258274376392 1.077611967921257 1.4702318161726 0.5222688019275665 0.4738094657659531 9.061792328953743 4.876367226243019 1.003632783889771 6.213267341256142 15.72745618224144 10.69438347220421 13.72986975312233 57.53133473545313 91.34571505337954 95.16330963373184 25.79978680610657 2.305117450654507 2.394938811659813 0 0.1603052765130997 0 0 0 0 0 0 0 0 0 0.179687112569809 0 0 0 0.2106940746307373 0 13.00491701811552 1.984112739562988 0 0 0 30.80934746563435 0.1172830760478973 8.069106355309486 2.599854417145252 0 0 0 0 0 0.4043333530426025 0 0 0.1366949528455734 6.842466115951538 0 0.1066236793994904 0 0.1396841108798981 0 0.1237734481692314 0.1522792726755142 0 0.6763626858592033 0.8067664504051208 0 0 0.1602498143911362 2.050065189599991 1.882574409246445 0 0 0 0.1005714982748032 0 0.3197041153907776 0 0 134.7550021409988 3.804964706301689 0 0.1204826310276985 0 0.4082184135913849 0.3185950815677643 0 0.2501435503363609 4.089632429182529 5.084358260035515 1.632316797971725 0.7278200387954712 0 0 0.1485387235879898 0.2597471252083778 0.1893813014030457 0 0 0 32.16649875789881 10.13756465911865 9.604277685284615 250.2496409863234 10.08664467185736 209.4771657958627 58.6534468382597 9.85422644764185 28.07637843489647 3.752663835883141 97.12073148041964 23.37097979336977 0.4448248147964478 22.48819378763437 0 1.407882109284401 2.216898798942566 0 4.535694070160389 8.088078163564205 1.9193334877491
103.2424851506948 657.814722597599 13.17335247248411 2437.627083033323 584.7519402205944 833.9907034337521 4618.336785659194 3.007068917155266 666.6979937255383 0 63.40451093763113 2578.439916491508 4371.26907749474 1594.149949848652 5.500460237264633 4.659663520753384 0.5767043083906174 0.08336761593818665 0 0.6569734066724777 0.3190772086381912 0 0 0.09122556447982788 0 0 0 0 0 0 2.697248309850693 0 13.69311468303204 0 0 0.1165604367852211 13.99364231526852 0.1759226620197296 0.145068347454071 0.2656693756580353 0.2316899374127388 0 0.4059127569198608 0.5936672389507294 0 0.1223232075572014 13.74674548953772 1.009190611541271 0 0.1279285550117493 0 0.3310857564210892 0 0 2.363739132881165 0.4712786972522736 11.72843347489834 9.094130471348763 2.797751598060131 6.779082596302032 0.9835192412137985 0.3488894104957581 0.4625653177499771 3.229336187243462 0.8980085626244545 0.3199950382113457 0.1082025170326233 0.1357545107603073 0 0.1788700073957443 267.0024696588516 25.32668867707253 0.4465159773826599 14.21675531566143 1.889919936656952 10.00608261674643 8.224613316357136 2.037857621908188 3.739226289093494 6.922017782926559 0.3603058531880379 2.007213540375233 3.62744065374136 0.4599500149488449 0.6492185890674591 1.182606734335423 1.083910837769508 0.3669453859329224 1.241520889103413 0.3631822168827057 0.2408758550882339 0.4446798264980316 0 0 0.595675602555275 2636.997037000954 13.16840988397598 0.471623569726944 0 377.7470410019159 1.690286658704281 11.72371020913124 1.742844730615616 3.634525761008263 10.28837344050407 12.74734272062778 6.68756677210331 9.575886070728302 30.56411226093769 51.42776447534561 10.0409439727664 102.6732386350632 150.9815465435386 114.0884881317616 16.14310790598392 1.108106479048729 0 0 0.2311908453702927 0 0 0 0 0 0 0 0 0 0 0 0 0 0 0 9.44894365221262 0.8302546590566635 0 0 0 10.47098627686501 0 0.8230936825275421 0.4894778728485107 0 0 0 0 0.3631473481655121 0 0 0 0.3740125522017479 5.26405468583107 0 0.1127032339572906 0 0 0 0.473954051733017 0.3745399415493011 0 1.020311191678047 1.010333225131035 0 0 0 0 1.110938109457493 0.3102284073829651 0 0 0.1039707437157631 0.5320174694061279 0 0 0.2332132905721664 103.9730048030615 1.436162739992142 0 0 0 1.649046167731285 0 0 0.6832204610109329 1.944752715528011 2.06495164334774 0.5999956727027893 0.7018093168735504 0 0 0 0 0.4160504192113876 0 0 0 63.95408809930086 4.850004717707634 3.692939430475235 64.59761442244053 1.586178928613663 38.36767762154341 9.858412504196167 238.8767115026712 10.6432401239872 0.3346126452088356 18.77425179630518 7.13562536239624 0 14.02136512100697 0.6216574311256409 7.455193072557449 3.638769149780273 0 2.89500093460083 0.2380882352590561 0
174.9223685413599 2063.853310100734 4570.883749231696 1.51412533223629 2959.073825702071 13.6227048188448 323.2276206463575 1877.654206767678 4176.959334030747 63.40451093763113 0 146.0558918565512 858.3097485899925 3648.128982283175 152.4817236065865 207.8910047784448 16.41797427088022 8.083248786628246 1.490254059433937 22.84549699723721 27.46594187617302 0.6871822997927666 0.6172810792922974 1.430211454629898 4.214893653988838 10.53055835515261 1.108051463961601 4.612709194421768 3.953471481800079 0.8109850361943245 513.5679846033454 27.10903111100197 463.7650456801057 4.86358467489481 1.363896936178207 24.82963012158871 129.4050428271294 12.77776195853949 6.405804164707661 1.951126202940941 16.49102748930454 4.959841899573803 7.163433730602264 10.42281732708216 2.406809255480766 28.25535197556019 345.2505900934339 30.21555370092392 7.064369551837444 13.45965491235256 20.06436973810196 2.432810373604298 0.7884025350213051 4.651434682309628 7.322449952363968 11.4862967133522 22.3001212477684 75.24079844355583 14.87078987807035 112.1603649109602 56.34646941721439 21.44007655233145 6.327366776764393 142.8366900607944 15.87002976983786 4.471239112317562 6.27697516232729 2.691427104175091 8.67519424110651 16.91668990254402 116.3764519244432 21.90763626247644 0.3681242093443871 126.1545345634222 98.07421956211329 288.1515851542354 264.7173329293728 63.5262673869729 864.0538729801774 1455.534649163485 14.67338080704212 240.6148355305195 65.24575889110565 2.48028652369976 18.68248883634806 14.94581133127213 13.24166619777679 3.060448430478573 12.54250083118677 1.501436911523342 3.03235936164856 1.578656166791916 5.951376602053642 4.010830499231815 2.174049086868763 199.4917936250567 19.90502543747425 0.1176516264677048 10.66891994327307 49.40238472819328 2.741730280220509 1.147014170885086 3.52727347612381 0.1332236379384995 10.71130055934191 8.727871716022491 1.169330231845379 5.478464126586914 14.32144516706467 4.52200622856617 15.90581652522087 59.94889284670353 74.65402164310217 124.5797136723995 36.45080021768808 2.144883647561073 2.571138694882393 0 0.1304246932268143 0 0 0 0 0 0.2935477793216705 0.3159347027540207 0 0 0.7530909478664398 0.09998565167188644 0.2624499946832657 0 0.4252253323793411 0.0956222340464592 12.94367527961731 2.207505717873573 0 0 0 45.81792093068361 2.232206284999847 20.43847658485174 3.194174215197563 0.2368378490209579 0 0 0 0 0 0 0 2.273221895098686 13.65089555829763 0.08851107954978943 0.1844989359378815 0.2746623307466507 1.973165318369865 0 0 0.439082033932209 0.1456791311502457 2.438372433185577 0.8008661568164825 0 0 0 6.689224675297737 2.457346469163895 0.6115266978740692 1.575375378131866 0.08559918403625488 0.6737234517931938 0.1193763464689255 0.09800734370946884 0.2001194953918457 0 147.6698023453355 4.759886331856251 0 1.070925995707512 0.3431118428707123 0.8734135553240776 0.7481182068586349 0 1.409286990761757 3.907753854990005 5.098451495170593 1.664782218635082 1.779675707221031 2.228165239095688 0.1047690287232399 1.035091258585453 0.09423653781414032 3.102583192288876 0.08694959431886673 0 0 25.53058182448149 15.90154148638248 18.88491290807724 843.522189669311 35.29623252153397 725.5184980630875 189.1714160591364 25.76366115361452 90.48224829882383 18.17824362963438 309.5390379503369 53.78108093887568 1.303163439035416 36.86555258184671 1.00400073081255 0.4427401274442673 5.259343557059765 0.4638147056102753 10.90003582090139 27.21847217530012 4.035451427102089
16.91655412316322 8.446051634848118 23.46976051479578 267.4457378685474 22.29589161276817 211.728692471981 97.83934357017279 4.750280223786831 79.60138343274593 2578.439916491508 146.0558918565512 0 2427.003244772553 1583.385625302792 21.88215060532093 41.43101321905851 3.919316731393337 0.2983792722225189 0.115333192050457 2.626387275755405 1.687846355140209 0.1437053084373474 0 0.1323582082986832 0.1686046719551086 0.7412265539169312 0.7416988685727119 0.7166657745838165 0.6566893756389618 0.1729617565870285 3.916074402630329 0.5474395528435707 159.346386872232 0.9347151964902878 0.1344105899333954 10.87680708616972 179.4789619371295 10.86599736660719 21.15746706724167 0.5292870551347733 1.363392204046249 0.1680997163057327 0.4519300535321236 3.418440498411655 0.5392314419150352 6.820527747273445 27.90599071234465 2.144830450415611 0.4100528657436371 0.8300229907035828 0.8671636804938316 1.198286518454552 0.5791180729866028 0.5799442157149315 0.1246318966150284 0.8573643937706947 1.514970250427723 1.422489494085312 0.7977367341518402 4.858530670404434 15.45297788083553 12.37620793282986 1.038604415953159 8.710343763232231 0.4612104371190071 0.3131439834833145 0.4238755330443382 0.227748304605484 1.122290246188641 2.333899646997452 238.0168641731143 47.62577931582928 0 4.749180935323238 3.236101873219013 23.05374798178673 21.67961242794991 5.492016077041626 2.18239513784647 92.18807055801153 4.265641361474991 27.61881567537785 2.284141451120377 0 1.548017919063568 1.30961699783802 0.2274773120880127 0.477898858487606 0.744231641292572 0.3107056021690369 0.1050534844398499 0.2855124771595001 0.4786787256598473 0.3086472451686859 0.4092612862586975 3415.353623226285 53.40715871751308 0 14.49927294254303 30.67141358554363 6.883751191198826 5.347242422401905 4.877360559999943 2.491578325629234 23.38207402825356 24.63913448899984 2.828098468482494 18.65213000774384 31.42931469529867 25.736881069839 31.11992518603802 147.0336948037148 184.1885398551822 218.1077133864164 64.338633030653 4.295289196074009 2.39380320161581 0 0.3649187684059143 0 0 0 0.7619992345571518 0 0.0925564169883728 0 0 0 0.2330664172768593 0 0.1579325348138809 0 0.4057638943195343 0.4306343197822571 24.4434028416872 2.810446679592133 0 0 0.2326500564813614 47.19497983157635 0 19.53274422883987 3.685955695807934 0.5246728956699371 0 0 0 0 0.1128362864255905 0 0 1.047185629606247 16.53981906175613 0 0.0885341688990593 0.175568476319313 1.113737910985947 0 1.448906302452087 1.503230363130569 0.3845822364091873 0.800347700715065 2.961000978946686 0 0 0 1.995058715343475 4.278301723301411 0.6540973782539368 0.5672615841031075 0.8319796472787857 0 0 0.1307592988014221 0 0 265.063299447298 9.806283563375473 0.2601177617907524 0 0.2121964395046234 1.427711479365826 0.209710493683815 0 2.147222295403481 7.341691613197327 11.49296759068966 1.486865840852261 0.9020051434636116 0.1197867169976234 0 0 0 0 0.1124429851770401 0 0 86.94188393652439 33.00042642652988 18.18506088852882 286.4196810945868 6.436926670372486 110.2556448504329 37.28818827867508 23.40037401020527 15.62863609194756 4.019979700446129 94.17195311188698 36.54986587911844 2.67282597720623 47.13717207312584 1.408754326403141 4.556490637362003 4.595097087323666 0 10.40974911302328 8.274913974106312 1.316143363714218
8.457010462880135 235.7643109112978 60.67520048469305 212.1437705755234 843.5257593095303 77.50091916322708 3071.933852016926 29.40971095114946 3225.683804787695 4371.26907749474 858.3097485899925 2427.003244772553 0 4462.765394769609 57.26229935884476 93.10891558974981 16.51861947774887 2.418285891413689 1.870121985673904 9.789175614714622 6.919830091297626 1.304442077875137 0.8869680762290955 0.2428574413061142 6.721506126224995 6.419106394052505 3.53991736471653 7.01074131578207 2.9599334821105 0.7528030425310135 14.00078576058149 1.321759715676308 1382.604470208287 6.726844750344753 1.035780623555183 66.78134527057409 2604.245717659593 137.3935006335378 94.66645389795303 5.702993512153625 6.939389519393444 3.028581365942955 1.537639640271664 15.28604135662317 5.53082088381052 58.47565544396639 77.5709955394268 4.655576147139072 2.620630756020546 5.699679844081402 4.644055850803852 0.9389864504337311 2.422309875488281 3.580209866166115 0.6008443906903267 3.825660452246666 3.10182611644268 6.965389579534531 2.758969940245152 13.59347689896822 72.2903178408742 115.545481055975 10.98312802612782 25.96913908421993 2.840907230973244 0.9452642351388931 1.272359393537045 0.4728646725416183 2.270731523633003 4.715759858489037 461.6759746000171 146.4469939023256 0.9064139425754547 15.89309532940388 16.04229456931353 63.13578074425459 69.39353270083666 20.24876439571381 25.88124216347933 523.9904452264309 14.02521347999573 183.5496808663011 7.523206308484077 0.6849470734596252 2.716557219624519 3.315361082553864 2.198497913777828 0.8138221576809883 2.685243882238865 1.566049255430698 1.14913035929203 0.3372480347752571 1.638893850147724 2.152405515313148 2.044838383793831 3143.110653236508 113.5246474146843 1.112295627593994 103.292825050652 11.93234054744244 5.468153044581413 7.752517327666283 5.379443243145943 1.000195771455765 23.67827990651131 13.99095998704433 3.24634750187397 14.37042175233364 36.60543483495712 28.59882974624634 35.17220348119736 153.8860019221902 214.162388138473 244.2760330811143 74.22298594564199 5.496757842600346 7.222278222441673 0.1150383800268173 1.01055970788002 0 0 0 0.5626935660839081 0 0 0.2758930325508118 0 0.4213313609361649 0 0.3993046209216118 0.6161463260650635 0.5993013828992844 0.9538743495941162 1.434360608458519 17.78447642922401 6.821876116096973 0 0 0 88.34155725687742 0.2721911072731018 45.88114693760872 12.36964001506567 3.095181405544281 0 0.2081621587276459 0.6452343761920929 0 0.9434656053781509 0.7940054684877396 0 4.4873286485672 17.44988514482975 0.6371959745883942 0 0.1349496096372604 6.759436726570129 0.425021730363369 0.1161392256617546 1.022366523742676 0.4216119796037674 3.33613657951355 2.351693570613861 0.4629857093095779 0.7382773756980896 0 8.905350267887115 9.112658865749836 2.080075554549694 1.020627498626709 0 0.1545060276985168 0 0.1098525375127792 0 0 378.9273050650954 20.71386297792196 0.2312307059764862 0.2631095945835114 0.4144378304481506 1.834358274936676 0.3196593075990677 0 3.967683404684067 9.856391914188862 11.13410500437021 2.918867409229279 3.417932197451591 0.3768220394849777 0 0.1218156740069389 0.1037260070443153 0.2040738761425018 0.1217257753014565 0 0 95.74130046367645 60.27699957787991 51.48551578819752 533.7133050188422 27.11424067616463 268.0738459825516 90.0256718993187 26.83105406910181 28.38243571668863 10.46552942693233 189.055841229856 55.17775628715754 3.425111427903175 57.51190207898617 2.569217391312122 3.58661276102066 10.39094964414835 0.3333553373813629 14.58484331518412 16.95489738881588 2.683267138898373
