0 5280.64043815434 442.9313713312149 1439.543933272362 764.8271396681666 167.8673068434 724.3968542739749 16.24899065494537 193.3566448241472 1472.95718882978 276.6028061807156 175.2340237647295 785.0397488251328 193.7446601316333 0.818313293159008 1.262447878718376 0 0 0 0.1157856583595276 0.1296103745698929 0.3477558046579361 0.1326869130134583 0 0.8765515089035034 0.1264773160219193 0 0.1245322898030281 0 0 485.0418147370219 2.806526988744736 15.65418954193592 0 0.2190545499324799 0.2272986471652985 22.11998013406992 0.90667924284935 1.431549042463303 1.424932405352592 0 0.2204522043466568 0 0.4622820168733597 0 0.1322675198316574 18.55332536995411 1.833227016031742 0 0.134325236082077 0.680921882390976 2.711491331458092 0 0.2956157773733139 2.788028910756111 16.20152863115072 186.9613318368793 1257.381222099066 58.37843810766935 7.209974624216557 6.421345412731171 15.74344593286514 0 9.306574322283268 5.397157251834869 2.624900974333286 0.4279693067073822 0.8684594035148621 0.3869483545422554 0.6222013384103775 34.65615171939135 15.76623074710369 1.148730129003525 159.6860137060285 15.73375054448843 14.198870703578 5.443941749632359 1.022731006145477 0.7700230106711388 41.77122473716736 0.3409903049468994 13.70150461047888 15.24743334949017 0.3503039181232452 2.147713705897331 4.748176172375679 0.5554270222783089 1.07422186434269 0.1111546382308006 1.376711592078209 0.2564824670553207 0 1.135780341923237 0.4118922054767609 0 181.0418459028006 11.88368074595928 0.4102568626403809 5.118823081254959 1783.473839856684 1.758332639932632 1.154381319880486 7.405725985765457 0 0.184475302696228 35.77107326686382 0.4641968309879303 17.98553711175919 107.0904112458229 36.36319173872471 0.2023736983537674 77.31597133725882 36.21145552396774 31.30619817972183 4.231169059872627 0 1.229116052389145 0 0.1515389382839203 0 0 0 0 0 0 0 0 0 0 0 0 0 0 0 1.137435674667358 0 0 0 0 5.253883212804794 0.4020386934280396 2.237980797886848 1.629863902926445 0 0 0 0 0 0.4485112428665161 0 0 0.8602491617202759 1.774883218109608 0 0 0 0 0 0 0.1064310669898987 0.1149930208921432 0 0.6893964633345604 0 0 0.2817320674657822 4.15861602127552 0.8246558904647827 0.1443607956171036 1.106572329998016 0 0 0 0 0.1167867109179497 0.2090790420770645 6.772566199302673 2.393911600112915 0 0 0 0.8184926360845566 0 0 0.8982420563697815 0.1690985858440399 1.155160441994667 0.6510086059570312 1.043321758508682 0 0 0 0 0 0 0 0 10.95059256255627 3.746925890445709 1.92079821228981 329.5849446356297 5.08871304243803 100.518945723772 7.78292465955019 1813.183462552726 45.88690809905529 3.542740389704704 11.98557920753956 4.247001476585865 0 7.677145056426525 0.5084169059991837 11.07644899189472 0.208613246679306 0 4.781231731176376 0.1705154031515121 0
5280.64043815434 0 1241.042208634317 257.8690285384655 3853.665715612471 352.2540718019009 4832.33253800869 54.6018378585577 3361.480741336942 889.4939178675413 1560.828328549862 241.7831466197968 3030.070428401232 980.8092160597444 10.89336811751127 7.843845024704933 1.107755973935127 0.2833925858139992 0.08748557418584824 1.054124929010868 0.5645793080329895 0 0.315496951341629 0.69455486536026 1.149496495723724 0.155934140086174 0.1668003350496292 1.384424388408661 0.1076458916068077 0 3169.454251632094 43.24632413685322 54.6084124147892 0 0 1.581899240612984 37.08298232406378 4.235902793705463 1.885404035449028 2.430473268032074 0.3616030216217041 1.992352768778801 0.108044758439064 1.588136956095695 0.1079585924744606 0.5493840724229813 190.6632557958364 10.57683040201664 1.367049776017666 0.6747469007968903 5.354157418012619 0.289867952466011 0 0.8529476001858711 14.28848078101873 69.00418392568827 91.5792493224144 1183.233947388828 92.13895050436258 63.23148024827242 1.154189862310886 8.967581078410149 0.466900423169136 140.0293024331331 26.34034286439419 20.08456105738878 5.464190162718296 7.176652580499649 6.825203567743301 4.271104462444782 78.1537920832634 0.8809732347726822 0 408.8059877678752 98.66351988166571 188.3262440934777 69.44673479348421 7.197083681821823 3.000634372234344 183.9240415766835 2.766771622002125 22.85682468861341 74.18249837309122 1.307520851492882 13.7907854989171 26.85117177665234 5.746641382575035 0 1.827365450561047 0.1393366754055023 0.9916820377111435 0.2461887300014496 4.571088001132011 0.1866656541824341 1.150025404989719 231.5216124802828 1.818136125802994 0 2.070746921002865 1445.350743226707 6.990876615047455 5.651165083050728 25.29686139523983 1.318416595458984 2.727223187685013 118.1532635986805 7.217752665281296 79.59718154370785 35.92807632684708 88.24494077265263 4.949540108442307 258.6143487989902 126.8967369794846 133.0027483999729 21.63903836905956 1.027566999197006 0.8102997541427612 0 0 0.3315546214580536 0 0 0 0 0 0 0 0 0 0 0 0 0 0 4.284611061215401 0.3399363160133362 0 0.1763638854026794 0 16.03866566717625 0.6886000037193298 6.592501789331436 1.970132455229759 0.6606517285108566 0.2337610721588135 0.4854933843016624 0 0 0.3932611644268036 0 0 6.61451194435358 12.64023245871067 0.3123447448015213 0.1756061017513275 0.2827180027961731 0.1799278557300568 0.1387234181165695 0.8235986605286598 1.121147319674492 0.2489069700241089 0.4414042085409164 6.378664717078209 0 0.3926602005958557 0.5633655041456223 11.95800311863422 0 1.843662932515144 2.09590632468462 0.1118289902806282 0.1366909295320511 0 0 0 0.3061326071619987 38.06748432666063 1.758799627423286 0 0.1005454510450363 0.1028074994683266 5.574888199567795 0.2972806096076965 0 7.355577476322651 11.26260409504175 12.57964644581079 4.112412512302399 1.956140846014023 1.779734775424004 0.1602392792701721 0 0 0 0 0 0 59.35723885893822 11.22803059220314 6.993275627493858 497.2287889122963 31.39101083576679 697.6755773499608 64.11065480858088 2193.263260707259 139.3501625061035 11.04890172183514 89.12367409467697 10.94235643744469 2.114549674093723 21.23622854799032 0.7559514194726944 18.05312740802765 0.8065019547939301 0.1284285187721252 4.416418164968491 1.39060015976429 1.179993957281113
442.9313713312149 1241.042208634317 0 1.6778334826231 246.9510489106178 2.969100289046764 13.66359893977642 1222.26639252156 752.7379932850599 4.431432962417603 3561.104121461511 2.182843081653118 164.6699934899807 884.952840693295 25.76406668871641 54.82884608209133 3.041903004050255 2.444907434284687 0.1366036683320999 21.27229024469852 20.42814619094133 0.2905276566743851 8.375364668667316 4.576587833464146 3.223760910332203 4.39200846850872 2.326964735984802 2.450109452009201 0.2939194142818451 0.2525726556777954 5872.525650240481 718.5829113721848 61.16306336969137 5.552234813570976 10.43666908144951 8.418983682990074 12.83586390316486 3.488039471209049 0.9720623195171356 2.31439920514822 1.586785957217216 3.282403059303761 9.310709297657013 11.49680227041245 2.571330517530441 7.282201670110226 178.1447890922427 10.02631174772978 1.920174159109592 5.346068926155567 8.986293740570545 0.5832133814692497 0 2.070593446493149 6.314424328505993 39.40601745992899 52.0632387176156 1308.902517788112 60.1766953766346 45.9336751550436 42.08526241779327 15.02276388555765 22.7983311638236 266.7192166149616 16.9395377188921 15.70224941521883 10.34203530102968 22.90171176195145 88.88181706517935 75.83043816685677 22.60317348688841 0 0 311.6253529340029 148.1246314048767 182.420925848186 156.2069586664438 44.83700763434172 207.174805290997 1791.062320493162 57.33696607500315 748.6213828921318 46.3276763483882 1.14473557472229 11.05944320559502 18.02588422596455 13.98443960398436 0 2.17828206717968 0.137362539768219 0.9168878942728043 0.7319422960281372 79.30724646151066 8.055292144417763 2.242984510958195 15.14494104683399 0.9058512598276138 0 0.5819208920001984 255.150471791625 0 0.3376254141330719 0.6238493621349335 0 0.520788699388504 5.464364737272263 0 5.171080246567726 0.3718380630016327 3.213675543665886 0 17.04951640963554 10.89118959009647 10.64322974532843 2.620133176445961 0.2813882678747177 0.3951306045055389 0 0 0 0 0.3109938055276871 0 0 0 0 0 0 0 0 0 0.1331100910902023 0 0 0.1923415064811707 0 0 0 0 3.519017934799194 0 1.201887145638466 1.030635222792625 0 0 0.110707551240921 0 0 0.223200723528862 0 0 0.5789376497268677 2.031268626451492 0 0 0 0 0.1397291123867035 0 0 0.1153495311737061 0 1.106127962470055 0 0.1534776091575623 0.2111659049987793 1.375755801796913 0 0 0.2405168116092682 0 0 0.1444642245769501 0.117664247751236 0.09883904457092285 0.608674444258213 4.724836133420467 0 0.1736531108617783 0.1919771283864975 0.1988271176815033 0.6299916356801987 0.1725954562425613 0.4819756746292114 0.9121792167425156 1.142458967864513 1.30501551926136 0.2605262994766235 0.5183834582567215 0.09746225923299789 0 0 0 0.103298008441925 0.09755323082208633 0.0974743515253067 0 5.301584586501122 3.490513443946838 1.922560878098011 231.3088633567095 25.88188998401165 387.5272205770016 53.2355208620429 238.1631076931953 78.48716644197702 6.980557627975941 72.95469547063112 3.132273524999619 0.3399773091077805 4.271012224256992 0.1449556648731232 1.12388601899147 0.2376362830400467 0 0.7941964566707611 2.897228971123695 0.4543412327766418
1439.543933272362 257.8690285384655 1.6778334826231 0 16.92022553086281 474.7936251461506 315.8052410036325 0.1415858119726181 40.36672820150852 1541.077211752534 0.6370407938957214 498.3520281165838 1636.188956871629 105.3474136739969 0 0 0 0 0 0 0 0 0 0 0 0 0 0 0 0 14.63232542574406 0.3133751153945923 0 0 0 0 3.786925449967384 0.4243835508823395 0 0 0 0 0 0 0 0 0.7077644243836403 0 0 0 0.1115507334470749 0 0 0 0.3553567081689835 2.154552489519119 5.202508851885796 40.62680813670158 3.955349534749985 1.2204395160079 0.3680221736431122 0 0 0.9402244836091995 0.2861549481749535 0.4812769740819931 0.2228238135576248 0 0 0.1485083848237991 10.24507765471935 0 0 12.83287741243839 1.178389817476273 2.223272658884525 0 0 0 0.3718565702438354 0 0.1429620683193207 1.042950056493282 0 0.3692138642072678 0.7343977093696594 0 0 0 0 0 0 0.1191069334745407 0 0 37.15333636850119 0 0 0 166.9719408005476 0.3298695087432861 0.5782122611999512 1.996139422059059 0 0 8.847902849316597 0.8190492540597916 6.658912867307663 129.5607758462429 8.915747120976448 0.1541267037391663 24.62341640889645 7.651736900210381 11.00662694871426 0.2923390567302704 0 0 0 0 0 0 0 0 0 0 0 0 0 0 0 0 0 0 0 0.878825306892395 0 0 0 0 0.1306475251913071 0 0 0.1701393574476242 0 0 0.1042482703924179 0 0 0 0 0 0.6018379479646683 0.1814944446086884 0 0 0 0 0 0 0 0 0 0.2162684053182602 0 0 0 0 0 0 0 0 0.1125881373882294 0 0 0 0 2.190692037343979 0 0 0 0 0 0 0 0.9131899923086166 0.2979902029037476 0.6246935129165649 0 0.2387304455041885 0 0 0 0 0 0.2770013213157654 0 0 6.063647329807281 0.8075219988822937 0.4807883650064468 15.65056281536818 0 11.15171385556459 0.4914548099040985 367.9377324208617 4.584010623395443 0.2779941707849503 1.881772547960281 0.1843276917934418 0 1.140658974647522 0 0.7526303827762604 0 0 0.2726584076881409 0 0
764.8271396681666 3853.665715612471 246.9510489106178 16.92022553086281 0 39.03222374618053 2026.917513288558 56.93798836320639 12032.16823275387 282.5234731659293 1743.035617299378 109.2571188360453 567.406038440764 1274.633500292897 10.45825313031673 7.600157760083675 0.5662012025713921 0.6095866337418556 0 0.7511380836367607 0.5110847949981689 0 0.8879150301218033 0 0.7267730385065079 0.3441062122583389 0 1.381328746676445 0.9404466450214386 0 602.1485630199313 39.95015703886747 41.04241687059402 0 0.6954395547509193 1.038420423865318 27.65388264507055 2.14961988478899 1.87504268437624 1.132468983530998 0.5555678606033325 1.155096545815468 0.1285733431577682 0.554674006998539 0.6259994134306908 0.6729752123355865 188.2176502346992 10.16404858231544 1.064954616129398 0.5723569542169571 7.099496506154537 0.09772515296936035 0 1.205983564257622 8.076072834432125 42.90056715905666 23.00792064517736 284.6046482920647 41.67583507299423 51.10957457870245 1.033451773226261 5.809265784919262 1.015487477183342 106.4499307125807 20.78261072188616 14.57243263721466 6.041837103664875 6.311435215175152 4.476709231734276 2.056911960244179 78.38656643033028 1.615519613027573 0 212.6734638959169 72.0297490209341 192.0866578444839 88.74402410537004 8.981275580823421 4.595100946724415 121.7090678587556 2.626629345118999 12.26182923465967 46.83727858960629 1.386351197957993 13.149742372334 23.64584597945213 4.918318256735802 0 2.090413250029087 0 0.7462938204407692 0.1098647639155388 4.396365590393543 0.1225456446409225 1.742601551115513 172.0917400941253 2.021701723337173 0 0.4121886789798737 158.6932036429644 4.796340599656105 2.808530122041702 14.65153783559799 1.826499685645103 1.548514440655708 72.04287856817245 1.88485461473465 62.70187377929688 3.990068301558495 41.9769271761179 2.32476581633091 229.5342560559511 108.8479058593512 115.7570674419403 21.24072712659836 0.3898930996656418 0.4680689126253128 0 0 0 0 0 0 0 0 0 0 0 0 0 0 0 0 0 2.840245768427849 0.7484294772148132 0 0 0 14.76158531010151 0.3452515304088593 6.901303201913834 2.290565952658653 0.1336742788553238 0.4919132739305496 0 0 0 0.3867854028940201 0 0 8.428986392915249 11.38554308563471 0.1862197071313858 0.2025933861732483 0 0 0.1185751408338547 1.345001213252544 0.9915868565440178 0 1.300839014351368 1.453197956085205 0 0 0 13.46912691742182 0.9478130638599396 1.149634391069412 2.197264075279236 0.1341535896062851 0.5412944629788399 0 0 0.09943379461765289 0.2385893613100052 47.32615397125483 0.4486716985702515 0 0 0.1271691024303436 4.021149203181267 0.4021513760089874 0.1206717267632484 7.722746066749096 10.00064750760794 8.961865797638893 1.612301766872406 1.650046810507774 0.63121397793293 0.1636067628860474 0 0 0.2227497920393944 0 0.1101785451173782 0 64.18203205615282 10.51601898670197 4.003617137670517 336.6153995841742 35.60667709261179 538.9279832914472 71.28075823932886 449.1821132823825 99.90420208126307 10.73038815706968 93.06852000206709 13.16342568397522 1.297552607953548 18.34363228827715 1.573302716016769 11.62734718620777 2.320013850927353 0.1726409494876862 4.413118615746498 2.191563323140144 0.6849840879440308
167.8673068434 352.2540718019009 2.969100289046764 474.7936251461506 39.03222374618053 0 210.1026895791292 0 95.85348392277956 776.8745114058256 5.91849784553051 178.2112742066383 477.2521241605282 104.0586007237434 0.2375305742025375 0.6592577993869781 0 0 0 0 0 1.893701381981373 0 0 0.1330716609954834 0 0 0 0 0 5.278487265110016 0 14.18129613995552 0 0 0.2086483091115952 25.65542770922184 0 2.627743884921074 0.191418781876564 0 0 0 0 0 0 0.8916609361767769 0.2597641944885254 0 0 0.1433244496583939 18.49634408950806 0 1.003117188811302 0 0.9589783027768135 35.90627440810204 34.29874732345343 2.613504886627197 0 0 2.357799053192139 0 0 0.1147361174225807 0 0 0.1931266933679581 0.1281961351633072 0 174.2382790595293 139.1480101794004 7.506675750017166 1.709997251629829 0.4234413430094719 0.3635940998792648 0.3801720067858696 0 0 6.123534023761749 0 1.701746091246605 0.7840831577777863 6.350627325475216 0 2.101306483149529 0.2688380479812622 11.01820041239262 5.26977576315403 11.67045672982931 0.7525311261415482 0.8382485061883926 0.1098324581980705 0 0 366.5157347917557 30.8854157179594 14.57359710335732 10.38243268430233 363.5380768924952 0.5601459741592407 0.8857625126838684 0.191435843706131 0 0 1.689280331134796 0 1.869571790099144 30.86107484996319 2.377488031983376 0 5.4599784091115 2.28636009991169 4.352696508169174 0.4304137974977493 1.267253518104553 0.1789858788251877 0 0.1621950268745422 0 0 0.1132714226841927 0 0 0 0 0 0 0 0 0 0 0 0 0.2543202042579651 0 0 0 0 5.511218726634979 0.4892375916242599 2.959615126252174 4.696976646780968 0.4251053333282471 0 0 0.2230958044528961 0 0 0.3398588299751282 0 0.1418445408344269 0.6827156096696854 0 0 0 0.2540087997913361 0 0 0 0 0 0.2709143757820129 0 0.3357058167457581 0.421197772026062 0.2182301133871078 0 0 0 0.1464357972145081 0 0 0 0 0 4.752688944339752 5.422412723302841 0 0 0 0.2351983189582825 0.1528203338384628 0 0.2407731264829636 0.3240876197814941 0.5950576514005661 0 0.3740798383951187 0 0.3304992914199829 0 0 0 0.3233990967273712 0 0 2.853916794061661 7.233873218297958 7.865927144885063 15.57625385373831 0 5.61719162017107 0.3432412296533585 69.07195109128952 2.70622780919075 1.194309890270233 0.4319233298301697 1.092026859521866 0 1.033768802881241 0 0 0 0 0.4004870131611824 0 0.3490471243858337
724.3968542739749 4832.33253800869 13.66359893977642 315.8052410036325 2026.917513288558 210.1026895791292 0 2.179553329944611 2474.974202938378 1247.921123303473 9.172711744904518 423.162393219769 7710.182070404291 375.2908533141017 6.089056022465229 2.432007133960724 1.158419631421566 0.383076585829258 0 0.3595254868268967 0 0.1165951937437057 0 0 0 0.2698695957660675 0.3007281124591827 1.130060434341431 0.114596426486969 0 134.0548373162746 20.63666891306639 24.17203401774168 0 0 0 21.8560082167387 0.6408441290259361 0.3740020841360092 0 0 0.5515427365899086 0 0.2973470985889435 0 0.254168763756752 120.6818862333894 5.538935020565987 0.6071136891841888 0.8747848942875862 4.575807571411133 0 0 0.6615418121218681 6.04775320738554 30.43250078707933 23.49913294613361 161.9455078393221 29.34585611522198 33.70898884534836 1.07300216704607 2.764405757188797 0.09082282334566116 83.35701293498278 16.45293647050858 10.80593228340149 6.009383261203766 3.96166330575943 2.879875838756561 0.5297977700829506 58.81262449175119 1.322750121355057 0 149.1524541154504 52.26271460950375 117.9814143553376 45.95877807587385 5.885010302066803 1.913313813507557 12.9341279193759 0.6783837750554085 7.528256624937057 35.77014587819576 0.9370383322238922 9.16275268048048 16.7781780809164 3.489968337118626 0 1.411776624619961 0 0.4980602189898491 0.2526556476950645 2.144013091921806 0.2036474049091339 0.3941672593355179 259.8437605202198 2.907076358795166 0 0.5777517110109329 157.414862588048 3.728328913450241 3.291124597191811 22.00746715813875 0 1.488556146621704 114.7100114673376 5.333051964640617 92.17259852588177 12.07321354746819 81.07364086806774 3.414688885211945 299.1683444082737 123.9142636358738 146.5256507098675 22.63470088690519 0.7984397560358047 1.04540378600359 0 0.1202888488769531 0 0 0 0 0 0 0.1700290888547897 0 0 0 0 0 0 0 0 4.044435262680054 0.7280525714159012 0 0 0 12.62148752808571 0 7.180217497050762 2.739624366164207 0.1747758239507675 0 0 0.1282323896884918 0 0 0.3947191089391708 0 4.101653903722763 9.584558852016926 0.1438167840242386 0.1666264086961746 0.3587702214717865 0 0.127386286854744 0.4810089394450188 0.6198216825723648 0 0.9207447171211243 3.569342359900475 0 0.1811384260654449 0 12.939288161695 0.4691713899374008 1.472900912165642 1.40133298933506 0 0.3670058250427246 0 0.2803716063499451 0 0 38.0372803285718 0 0 0 0.1408494561910629 4.227897375822067 0 0 6.969025269150734 9.169597424566746 11.23061926662922 2.38984115421772 1.702986225485802 1.12123566120863 0 0 0 0 0.1757562458515167 0 0 77.29368705302477 9.869402170181274 5.204959601163864 240.7413456737995 21.93464232236147 368.5060745105147 40.63140790909529 925.6117354258895 66.96600342541933 7.258286386728287 46.93782509118319 8.180028468370438 0.6875677108764648 17.46797957271338 0.4484231472015381 14.88736799359322 1.855764798820019 0.2635461390018463 4.258204720914364 1.076603502035141 1.051019549369812
16.24899065494537 54.6018378585577 1222.26639252156 0.1415858119726181 56.93798836320639 0 2.179553329944611 0 508.8660898804665 0 1681.557259857655 1.608398199081421 64.0650027692318 499.5330698788166 20.28473684191704 54.5909516736865 2.332819566130638 4.793669670820236 0 64.38865825533867 56.67874556779861 0 14.31908766925335 5.616233102977276 4.741892121732235 3.211084671318531 1.881019152700901 0.9833969399333 0.332577109336853 0.1187224686145782 858.6158233508468 984.093117415905 35.92924137413502 10.72558730840683 18.04506512731314 10.4834223985672 4.734115600585938 3.589798085391521 0.4199857264757156 1.295157223939896 2.811211094260216 5.206381574273109 18.90650700032711 28.93817251175642 2.427202858030796 12.87569472193718 132.825192078948 10.7229188606143 2.722869202494621 13.6615093126893 13.14442141354084 1.540379591286182 0.1437705457210541 1.364856541156769 3.654130637645721 15.37330868840218 13.73003515601158 199.7064553499222 16.23106671869755 23.36181782186031 195.8781653791666 20.49696455150843 39.54342221468687 233.5209849774837 7.110457852482796 12.57604287564754 12.53764271736145 47.99636955559254 199.768624342978 160.9563050270081 5.424862138926983 0 0 104.2516108006239 66.66171940416098 122.6636366322637 242.8114471510053 297.5520376563072 2047.851462766528 1621.074108198285 504.9050003290176 2878.906042665243 17.74776254594326 0.7530492544174194 5.736937135457993 7.517789147794247 33.26514250785112 0 0.6021945253014565 0.3162909150123596 0.5309168919920921 1.027043841779232 157.3620647490025 8.195515371859074 4.018638603389263 7.308529168367386 0.4933404996991158 0 0 13.33626110106707 0 0.4111289381980896 0.3461400866508484 0 0 0.8450450599193573 0 0.4811657071113586 0 0 0.1408254057168961 3.007627844810486 2.435337960720062 2.30343334376812 2.006093770265579 0.1912790089845657 0.4159238860011101 0 0 0 0 0.1454681158065796 0 0 0 0 0 0 0 0 0 0.1324282884597778 0 0 0 0 0.1504054665565491 0 0 0.5353924110531807 0.2101971507072449 0.8808811157941818 1.292412117123604 0.1307393759489059 0.1301189363002777 0.4661210253834724 0 0 0 0 0 0.1982424855232239 0.4667256325483322 0 0 0.4805779606103897 0 0.5476895496249199 0 0.1862348467111588 0.1042435839772224 0 0 0 0 0 0.5241502970457077 0 0 0 0 0 0 0.1422220021486282 0.1146118193864822 1.391022562980652 3.244477301836014 0 0 0 0.4366253316402435 0.1671072244644165 0 0 0 0.8182583153247833 0.1908980756998062 0 0 0 0 0.1254812628030777 0 0.1297218203544617 0.1242894679307938 0.1209394782781601 0.221120148897171 0.7809514701366425 0.96637362241745 0.5845178663730621 180.6834488287568 18.78239344805479 269.6926600113511 38.91191149502993 66.5279760286212 33.91152954101562 4.293522499501705 45.54811143130064 1.739158160984516 0.368133582174778 1.509282693266869 0 0.4942761957645416 0 0 0.9585363119840622 1.031245313584805 0
193.3566448241472 3361.480741336942 752.7379932850599 40.36672820150852 12032.16823275387 95.85348392277956 2474.974202938378 508.8660898804665 0 597.0723700672388 3099.741653546691 264.1181393414736 2316.210164003074 864.1024050563574 20.02502163499594 30.52677874267101 2.078063517808914 1.491330832242966 0 2.311202928423882 4.112788625061512 0 1.605221778154373 1.501406505703926 2.382151775062084 1.026841074228287 1.177049666643143 2.051405318081379 0.4512307345867157 0.09804031997919083 187.5698603242636 30.17967338114977 66.73869600147009 0 0.9319054931402206 3.230211488902569 60.16806076467037 3.7319206148386 1.652055874466896 2.826631285250187 2.034028723835945 1.927883751690388 1.123875923454762 4.71929943561554 0.2018041610717773 0.5930769592523575 189.6670615896583 6.706600569188595 0.5014491751790047 2.057612091302872 4.966260716319084 0.4017399922013283 0 1.156289555132389 4.841207206249237 24.71579579263926 16.07286244630814 109.3559654057026 23.74900357425213 41.22163911163807 3.187729395925999 10.14018054306507 2.089957728981972 106.7398520931602 11.56695476919413 10.37408239394426 4.61646119505167 6.624296002089977 12.46979208290577 9.7186573818326 127.7070081532001 3.783863112330437 0 117.6861829161644 38.90349685400724 161.5157802775502 133.3770239725709 17.19811742007732 2.771372981369495 139.9806919395924 3.979091964662075 43.50846357643604 23.00839801877737 1.628098234534264 8.273935899138451 12.8355020955205 4.756565153598785 0.3330276980996132 0.9526673927903175 0 1.232567988336086 0.2438348904252052 24.39168167859316 3.556666173040867 2.504969008266926 516.8735392540693 2.835355050861835 0 0.9375168085098267 61.0640321969986 8.267449215054512 7.590445399284363 38.68922084569931 0.840580090880394 2.993199005723 190.6342792958021 4.760720163583755 156.7033912017941 10.86905254423618 119.6482217758894 8.368259146809578 565.1361440196633 251.1428376659751 279.0397856682539 54.64105428755283 1.339849606156349 1.331588879227638 0.2146927863359451 0.4466469883918762 0 0 0 0 0 0 0 0.4147720634937286 0 0 0 0 0 0 0 7.89071062207222 0.4448782950639725 0 0 0 33.97088185697794 0.514530137181282 17.17797215282917 3.879007637500763 0.4329206869006157 0 0 0.1481678932905197 0 0 0.7936144918203354 0 13.17045933753252 26.10726273059845 0.599210113286972 0.5284896641969681 0.5926186889410019 0 0.5879318118095398 0.9196977987885475 1.518854275345802 0.2187174633145332 3.589820265769958 11.68618878722191 0.3658468723297119 0.1936421096324921 0.5983762517571449 24.69186991453171 0.3142946735024452 3.439071826636791 3.691356606781483 0.8114262670278549 1.236824363470078 0 0.6987378001213074 0.113147497177124 1.081009902060032 84.70440022647381 0.6076881885528564 0 0 0.5099820196628571 10.86202825605869 0 0.9770872741937637 15.99836222827435 21.21185417473316 20.6698539480567 6.221838891506195 4.759867966175079 2.090431407094002 0.1429038494825363 0 0 0.213867574930191 0.2821874842047691 0.343079686164856 0 165.7200197950006 25.46031345427036 8.071944549679756 593.4508338496089 34.11789169162512 539.9816393628716 85.41564969718456 400.7717600688338 93.19108635187149 8.851640842854977 149.330078266561 21.31507273763418 2.696462117135525 37.90652540326118 2.503187701106071 24.53830274939537 4.628884598612785 0 11.72936734557152 4.60455422103405 1.605221644043922
1472.95718882978 889.4939178675413 4.431432962417603 1541.077211752534 282.5234731659293 776.8745114058256 1247.921123303473 0 597.0723700672388 0 5.084902629256248 1111.183577999473 5069.141661971807 366.923152320087 0.3154341578483582 0.7755459398031235 0 0 0 0 0 0 0 0 0.9449660181999207 0.415127158164978 0 0.5537186861038208 0.6673913598060608 0 14.42407185584307 1.919890210032463 33.77510465681553 0 0 0.6467525362968445 73.30974525213242 1.569676995277405 0.4025601446628571 1.828401729464531 0 0 0 0.27739217877388 0 0 4.284904517233372 0 0 0 0 0 0 0 0.6011560410261154 2.349529504776001 32.54839336872101 50.11170201003551 4.700857885181904 1.3380411490798 0.5903116017580032 2.202462002635002 0 5.620208218693733 0.2272467762231827 0.2305823042988777 0.1056960076093674 0.1015258356928825 0.1896527856588364 0 209.4965562522411 4.577515304088593 0 15.32354193180799 1.566383346915245 3.32265393435955 1.674965143203735 0.1193062737584114 0 15.40624925494194 0.1993227154016495 2.305225446820259 1.571094825863838 0 0.1284611523151398 0.6733570024371147 0.2796360552310944 0 0 0 0 0 0.4763263761997223 0 0 622.4778906404972 2.166192501783371 0 2.695418298244476 800.7695532888174 7.24624215066433 9.674232259392738 179.0461177676916 66.28005118668079 2.864613726735115 211.9765945374966 15.52339792251587 104.7026768624783 142.2544638812542 123.4986176341772 4.58083787560463 444.4275232478976 178.3146052509546 220.014869377017 20.57441462576389 0.1448323577642441 0.9808048754930496 0.3271155506372452 0 0 0 0 0.3638112545013428 0 0 0.2054690420627594 0 0 0 0 0 0.1306901127099991 0 0 4.829700544476509 0.1787101775407791 0 0 0 13.68826445937157 0.1425511837005615 4.02602781355381 2.724735856056213 0 0 0 0 0.265502393245697 0 0.4210969209671021 0 6.591846540570259 12.73886421322823 0.4314683079719543 0 0.1503432542085648 0 0 0 0.3780452683568001 0.4243768975138664 2.452413156628609 7.378019317984581 0.6763299256563187 0.2077223062515259 0 15.98534166812897 0.9570393860340118 3.217300660908222 2.029928229749203 0.2496322095394135 0.1322143077850342 0 0.5480116754770279 0 1.00416487455368 33.81300961971283 0 0 0.2593252062797546 0 4.812464028596878 0 0 11.88417471945286 8.705794014036655 13.43642723560333 3.237866505980492 2.769251361489296 1.212908856570721 0 0 0 0.1928980797529221 0.1496472209692001 0 0.2037909924983978 129.7312874794006 13.50154620409012 4.437621295452118 51.608293838799 1.52220231294632 23.15525230765343 2.291907645761967 1417.323793068528 4.85320321470499 0.5770588740706444 3.149408340454102 15.57422356307507 0.4212280809879303 22.47308366000652 1.28526209294796 21.56333567202091 0.534643143415451 0 11.33421337604523 0.2605694532394409 0.2093582302331924
276.6028061807156 1560.828328549862 3561.104121461511 0.6370407938957214 1743.035617299378 5.91849784553051 9.172711744904518 1681.557259857655 3099.741653546691 5.084902629256248 0 8.695017158985138 355.9915171340108 1752.333195745945 19.42245533317327 38.68860802799463 1.32260649651289 2.118925921618938 0 5.853917092084885 9.918712958693504 0 6.022692464292049 2.808102332055569 15.52138410508633 5.971046417951584 3.057668149471283 3.272075243294239 0.6632543131709099 0.1221763715147972 550.5081943273544 88.16301050037146 134.976076066494 2.95872651040554 6.743847087025642 16.51651191711426 32.63447706401348 16.53135411441326 2.134769231081009 8.214184552431107 4.811599224805832 5.481964081525803 3.166020579636097 11.62434903532267 0.1579524278640747 2.614789262413979 175.1181013733149 5.784319065511227 1.466220885515213 0.5487795025110245 6.048103339970112 0.4588664025068283 0 1.690971940755844 4.551830381155014 20.48216190189123 14.14451038092375 170.0483540743589 21.06397391110659 28.29393578320742 17.24843757599592 6.668579488992691 6.076175928115845 101.236095353961 10.30854834616184 10.26534990221262 5.372232407331467 8.888959594070911 31.18825826048851 25.31110808998346 31.1389434337616 1.845692962408066 0 114.6525397077203 44.43479888141155 135.7243612632155 137.4080859422684 31.59652016311884 196.0307179540396 1239.617022164166 26.15519869327545 282.6188442781568 21.52183093130589 0.3955176845192909 5.386526256799698 9.367559246718884 7.337080225348473 0 0.6730962842702866 0 0.6307572796940804 0.4608019664883614 47.77505854517221 7.866076618432999 1.837086066603661 31.57600653171539 0.9925742745399475 0 0.4051609337329865 71.97343858331442 0.2190810143947601 0.9540513157844543 0.67755526304245 0 0 11.74971771240234 0.293149471282959 5.243592604994774 0.4270568490028381 4.02493816614151 1.091067165136337 22.74488021433353 14.54796546697617 17.40107642114162 2.0835927054286 0.1841907501220703 1.284990541636944 0 0 0 0 0 0 0 0 0.161134660243988 0 0 0.1447336673736572 0 0 0.1322195678949356 0.3529507666826248 0 0.2939055562019348 0 0 0 0 2.8961101770401 0 0.3256990760564804 0.8077306970953941 0 0 0.3321800976991653 0 0 0.1143737733364105 0.2965102195739746 0 1.42857800424099 1.803401276469231 0 0 0 0.2525990456342697 0.2072902768850327 0.2952153086662292 0.4032719880342484 0.07765670120716095 0.1357516944408417 1.370968654751778 0 0.6705300956964493 0 4.163818344473839 0.178235337138176 0.2699723020195961 0.7099753767251968 0.1255479156970978 0 0 0 0.1105666384100914 0.3911726996302605 9.85304881632328 0 0.1918109208345413 0 0.1082873269915581 0.4106364995241165 0 0 0.6314851641654968 0.2556000277400017 0.8636237382888794 0.5959387272596359 0 0 0 0 0 0.09807804971933365 0 0 0 11.07866422832012 3.9255161434412 2.10377924144268 367.4126067087054 20.06750544160604 395.6044272705913 59.63050507009029 158.8036975935102 61.64662706851959 8.078397385776043 112.8540763705969 1.07124887406826 0.4150519892573357 3.768077693879604 0.4904463291168213 0.7504563331604004 0.3246495425701141 0.1565428376197815 1.257713466882706 3.20811764895916 0.8000523746013641
175.2340237647295 241.7831466197968 2.182843081653118 498.3520281165838 109.2571188360453 178.2112742066383 423.162393219769 1.608398199081421 264.1181393414736 1111.183577999473 8.695017158985138 0 2296.453204140067 137.4706586450338 1.620785668492317 3.322277195751667 0 0.1832091808319092 0 0.850585550069809 0.1696373522281647 0 0.1613368391990662 0 5.289789721369743 0.3743224591016769 0 2.117210119962692 0.4491523653268814 0 4.645273104310036 1.462772816419601 23.56827288866043 0 0 1.901471301913261 100.8956625312567 9.797438025474548 0.826427161693573 13.55456708371639 1.10410962998867 1.9100261926651 0.495058536529541 1.106028154492378 0 0.1597625911235809 10.65092253684998 0 0 0.2839729189872742 1.584816537797451 0.1526704728603363 0 0.7212828695774078 0.8465881794691086 1.15488938242197 4.256169810891151 13.00953429937363 2.825117483735085 1.79630983620882 0.7313838005065918 1.338632836937904 0 3.705706745386124 0.751508466899395 0.5109303444623947 0.4310643970966339 0.8296354115009308 0.7784177213907242 2.498821303248405 136.1398719549179 11.38605101406574 0 9.088464759290218 0.9903086498379707 5.176001511514187 4.598308719694614 1.923564925789833 0.1883956044912338 10.76984229683876 2.95042610168457 0.9099565297365189 2.542542807757854 0 0 0.312788188457489 0.803722009062767 0.3514033854007721 0 0.869825541973114 0 0 7.499055400490761 3.570941522717476 0 746.2067197561264 2.176077499985695 0 0.433073028922081 54.07328359782696 1.870358809828758 1.000984162092209 6.070815667510033 0 1.487684041261673 34.51941332221031 1.140290722250938 27.84177407622337 20.42438718676567 20.11661075055599 2.590507224202156 113.7325236350298 61.44606813788414 82.37534437328577 15.08343479037285 0.2755536586046219 0.4888263046741486 0 0 0 0 0.1313982158899307 0 0 0 0 0 0 0.3142399191856384 0 0 0 0.5048380643129349 0 2.733238250017166 0 0 0 0 17.25171519815922 0.34392249584198 5.261910438537598 2.870164550840855 0 0.1790578812360764 0.1592930257320404 0 0 0.3795292973518372 0.5394421070814133 0 3.722409501671791 6.236612133681774 0 0.235613688826561 0 0 0 0.2154652997851372 0.9823047071695328 0 0.8545956313610077 0.763881579041481 0 0.4827009588479996 1.194422215223312 7.556798011064529 0.83330437541008 0.7081853896379471 1.419267669320107 0 0 0.1006367579102516 0 0 0.3473781496286392 36.20527863502502 0.4573500752449036 0 0 0.3576484620571136 2.263069987297058 0 0 6.638716131448746 6.368350431323051 5.428423248231411 1.0076524913311 0.3884742259979248 0.4002625644207001 0 0 0 0 0 0 0 51.0079637169838 10.22498559951782 4.006063781678677 58.77089809626341 1.854375407099724 39.77822244912386 3.25165419280529 255.4213604480028 4.627413704991341 0.4349976629018784 10.08636958897114 7.765323385596275 0 9.59917601197958 0.6759244874119759 5.220527186989784 0 0.2717595398426056 1.836264133453369 0.7357279658317566 0.2794989943504333
785.0397488251328 3030.070428401232 164.6699934899807 1636.188956871629 567.406038440764 477.2521241605282 7710.182070404291 64.0650027692318 2316.210164003074 5069.141661971807 355.9915171340108 2296.453204140067 0 1348.829159773886 32.49944626539946 76.79932400584221 2.681635543704033 4.733051955699921 0.2564863488078117 2.849731899797916 7.161771953105927 0.7718136012554169 5.556392177939415 3.860513769090176 26.56136231124401 6.694431014358997 2.978384926915169 16.05212908238173 1.207310751080513 0 73.72679219394922 22.94154459238052 445.5438334867358 0.7739655077457428 5.349199384450912 39.13915741443634 608.87988396734 124.3789579123259 25.10986249148846 140.2348897531629 15.26875370740891 15.65867025405169 2.348797276616096 31.36196450889111 0.4683014750480652 9.134649023413658 178.8129081651568 3.613896816968918 3.201352976262569 3.127002187073231 8.007014356553555 0.8304156959056854 0 2.964035183191299 2.753458850085735 14.99845181405544 15.18036483228207 78.37496598809958 16.10178066045046 22.02012421190739 12.94104916602373 41.47867551445961 3.983067408204079 75.97455018758774 6.617916040122509 7.405822731554508 5.445280879735947 6.53294875472784 17.1294554322958 23.86384989321232 317.8236607462168 44.36800733208656 0.1701778024435043 79.17235781252384 25.18024358153343 120.6558709591627 123.2449285164475 29.89449514448643 5.925425246357918 156.8652922809124 27.20771069824696 34.93661440163851 14.11572183668613 0.335506796836853 5.062086038291454 7.439279973506927 4.456559561192989 0 0.7996796369552612 0 1.132014647126198 1.580325916409492 65.36596366018057 17.54531640559435 4.284115046262741 4689.029771998525 9.968194916844368 0 3.520747527480125 150.7390225231647 10.20659267902374 13.76999039947987 46.31104581058025 1.173251420259476 3.465587362647057 246.5918773710728 8.941510945558548 193.633182220161 60.54291965067387 149.5042587667704 15.2258727774024 795.5412495136261 409.0546950474381 464.0233998969197 111.6996866837144 3.562787614762783 4.250615611672401 0.5333141833543777 0.8592955768108368 0.1211358830332756 0.2721233814954758 0.1262335032224655 0.4191020131111145 0 0.4042049497365952 0.4075597375631332 0 0 0.305431917309761 0.1285843998193741 0 0.9196663647890091 0.1610780656337738 0 10.08746745437384 1.540113098919392 0 0 0 85.01139102131128 1.528939306735992 27.78522335737944 15.73899906128645 1.612050786614418 0.2253166809678078 1.325218871235847 0.1770795285701752 0.9210709035396576 0.855064257979393 3.138244181871414 0.5269206017255783 26.15695381909609 42.49702862650156 0.9195443093776703 0.7879276797175407 0.2985617816448212 0.7618889361619949 1.031789407134056 1.609525807201862 1.797598481178284 0.7994126528501511 3.973442673683167 16.58074971288443 0.1752270609140396 5.696295149624348 0.4515265971422195 55.25272783637047 2.071434795856476 2.962747402489185 5.197238676249981 0.2759045958518982 1.608319744467735 0.8314061164855957 0.3022570908069611 0 1.98767501860857 258.3639422804117 8.104876570403576 0.1691385805606842 0 0 17.62169895321131 2.615094646811485 1.670575775206089 24.18844290822744 28.88123136758804 43.28408388793468 9.801429070532322 8.841143704950809 2.776779741048813 0.2870320230722427 0 0 0 0.2678036093711853 0.2116392850875854 0 398.0817437469959 73.65058296918869 35.81810931116343 646.4644543379545 40.20565655827522 443.4054345414042 91.76465035229921 873.8939107656479 74.24990683048964 8.28155080974102 166.9996382668614 31.69220004975796 1.267250522971153 60.52612461149693 3.600343652069569 41.27530899643898 6.378539457917213 0.4955192506313324 19.75361900776625 6.034263864159584 3.564806118607521
