0 3898.23395806551 1315.463391192257 1351.272495672107 1238.226118832827 87.44224704802036 820.7724985778332 114.5429143086076 76.50399698317051 2981.548901818693 685.841881878674 323.5156861841679 694.8529559150338 94.95479935407639 0 0 0 0 0 0 0.1408756971359253 0 0 0 0.1044427827000618 0.4827206209301949 0 0 0.1875397861003876 0 727.3484730273485 17.77676737308502 0.7163596078753471 0 0 0 13.47863112390041 0.234838679432869 2.913262486457825 0.1987370252609253 0 0 0 1.19375342130661 0 0.2889773175120354 24.82739738374949 1.028044193983078 0 0 0.484950102865696 0 0 0 12.1190999224782 8.038077674806118 252.9674439355731 1428.35819222033 18.8269242271781 19.87704002857208 0.1230925172567368 0 1.040953889489174 53.96390783786774 7.57706093788147 0.6377849355340004 0.5032864436507225 1.218020461499691 0.384907066822052 0.3321511298418045 19.91617403924465 28.19630270451307 1.039931520819664 420.9371036142111 126.0658720731735 22.85574563592672 6.786802999675274 0.1161393448710442 0.766105055809021 20.31241938471794 0.1013111174106598 0.6452382653951645 25.55482445657253 0.2284948155283928 1.682745613157749 4.208222582936287 0.1340399384498596 0 0.1812694519758224 0.258994996547699 0 0.2216866463422775 0.5659403875470161 0.5408774763345718 0 221.6977539211512 63.1168999671936 4.865376770496368 3.382518246769905 1656.959446065128 1.369275242090225 0 6.846663653850555 1.955820918083191 0 78.00864918529987 0 3.750055462121964 99.18828582763672 0 0 8.224341496825218 8.563299760222435 8.642204746603966 4.65911865234375 0 0.363972544670105 0 0 0 0 0 0 0 0 0 0 0 0 0 0 0.1817622780799866 0 0 3.677847385406494 0 0 0 0 3.293503001332283 0 1.769987523555756 0.3098984360694885 0.2484797090291977 0 0 1.252080678939819 0 0 0 0 1.27082633972168 2.564003467559814 0 0 0 0 0.2708799540996552 0 0 0 0.3353739976882935 1.245114386081696 0 0 0 8.356426998972893 1.643740773200989 0 0 0 0 0 0 0 0 2.773672178387642 0 0 0 0 2.147100836038589 0 2.591624617576599 2.109920829534531 4.11718861758709 1.626871734857559 0.8475654125213623 0 0 0 0 0 0 0 0 0 2.701972007751465 1.620100498199463 1.943223476409912 116.0274092629552 11.33993668109179 189.4141800329089 18.47730519622564 709.5937635600567 30.21723056584597 1.972171775996685 82.0663803294301 5.777807474136353 0.1057871580123901 2.916771471500397 0 30.18381264805794 1.62656831741333 0 2.319249153137207 1.486722201108932 0.2411995381116867
3898.23395806551 0 1388.088882930577 371.3814236298203 1851.630038760602 70.31832776963711 3667.868604794145 112.7532970756292 969.8663188964128 649.7791450843215 580.8799237310886 79.90488474071026 1095.018446840346 1168.479296326637 3.241869516670704 0 0.4838463813066483 0 0 0.2602173984050751 1.26201693713665 0 0 0 0.2457626461982727 1.072885259985924 0.1060085296630859 0.1604124903678894 0.6823026388883591 0 1647.667219400406 99.554527528584 4.056808307766914 0.2483900189399719 0 0.3646121770143509 5.85598224401474 0.512550488114357 1.351050391793251 0.1141635701060295 0.2138384431600571 0.2495573088526726 0.400867372751236 1.000687904655933 0.1175932586193085 0.725766122341156 111.0046250671148 5.019572049379349 0.4503442347049713 0.1148187145590782 0.5875050500035286 0.1458939015865326 0 0.1877332180738449 29.13481580466032 14.41395086795092 27.67943520098925 1328.350664623082 20.40804553776979 39.59070336818695 0.4613698720932007 0.5603721737861633 0.2598065584897995 309.9536104425788 19.46979945152998 3.147957034409046 3.069137014448643 1.025005981326103 0.8575618490576744 0.4511145278811455 9.842656865715981 37.68605564534664 0 703.7204540520906 391.3628511428833 123.2845768332481 65.76380258053541 1.865390248596668 0.3998149782419205 17.71798781305552 0 1.691090025007725 74.59410262107849 0.4081131219863892 5.262880973517895 14.71696603298187 1.7701171413064 0 0.8106916770339012 0 0.3331175968050957 0.2590152993798256 0.5889769047498703 0.8291093930602074 0.6655156314373016 111.2755423262715 9.538363069295883 0 1.369158864021301 1327.949397541583 5.750935539603233 1.260078698396683 18.12118083238602 14.07643006742001 2.618749886751175 778.0015487670898 1.39717835187912 22.68758045136929 91.91178973019123 6.334259375929832 0.1705948710441589 43.10630432516336 30.85249062627554 52.3832633048296 13.14819826185703 0 0.5878925174474716 0 0 0 0 0 0 0 0 0 0 0 0 0 0 0 0 0 23.51280026137829 6.370200544595718 0 0 0 13.06029511243105 0.7071892023086548 11.14371248334646 0.3685866519808769 0.2767935395240784 0 0 0 0.6261084675788879 0 0.7599769830703735 0.345775306224823 1.553558826446533 3.511619433760643 0.254711240530014 0 0 0 0 0 0.8479466736316681 0.1293922811746597 2.748599246144295 11.03910517692566 0.6905152797698975 0.3133286237716675 0 9.096294984221458 0.9817480742931366 2.680847361683846 0.1902410686016083 0.1793642044067383 0 0 0 0 0 26.4853852391243 3.042229473590851 0 0 0.2427362650632858 13.16517329216003 3.959785282611847 6.786699697375298 10.64330978691578 17.01268115639687 6.613527983427048 0.7263379096984863 0.08736919611692429 0 0 0 0 0 0 0 0 6.814245343208313 7.356810510158539 5.757716774940491 292.769428871572 40.98116030544043 721.1649115607142 56.72033143788576 328.5978816747665 48.52877636253834 4.933734722435474 205.5402892753482 33.84737574309111 1.275223255157471 18.41881431639194 3.626620560884476 92.96751637756824 0.9044648110866547 0.4151103496551514 6.041791565716267 6.064861983060837 0.1089717820286751
1315.463391192257 1388.088882930577 0 11.58745262026787 735.6874055638909 13.31600350141525 222.511901833117 1488.361670322716 367.763581007719 22.27865413576365 4081.874577313662 197.3217091187835 770.5491596907377 1885.593830220401 6.724171683192253 4.789115838706493 2.361192964017391 2.976275317370892 0 4.101322889328003 52.4686798080802 0 0.1132975667715073 0.3424124419689178 3.854748196899891 9.629234880208969 0.5831752046942711 1.809809662401676 0.9559019654989243 0.2463565617799759 4191.464949965477 403.850817926228 18.09831535071135 3.551106981933117 1.067050509154797 6.697636887431145 32.37020573019981 5.821634031832218 11.04647392779589 1.324918031692505 6.260256737470627 2.084871612489223 9.621542975306511 12.80141235142946 3.510548338294029 60.04767640680075 105.4573790878057 13.58151286095381 3.239821076393127 16.14466381072998 25.05930376797915 0.5495632663369179 0.3892295733094215 0.09680815041065216 13.58645407855511 8.337278857827187 17.67009171098471 1917.075987525284 13.25257935374975 29.95930466800928 47.60255832225084 3.419779285788536 39.33582551777363 768.0832368507981 12.61817406862974 28.08838358521461 24.39995697885752 49.58188536018133 59.75860888510942 38.55572082102299 44.74794011563063 95.00494368374348 0 446.3735228031874 263.4488106146455 99.43625741451979 117.2241726443172 8.405549801886082 142.4551348313689 764.4562853425741 15.36907775700092 130.7180969491601 43.02751429378986 0.1897483319044113 10.32155339419842 18.404387190938 27.95166533440351 0 5.508373558521271 0.2251762896776199 1.99723681807518 1.79349122941494 17.72464170306921 6.443849436938763 0.3251379206776619 134.122557528317 26.43274819850922 0 9.313506104052067 788.0790254473686 6.131603449583054 3.644343197345734 14.98076859116554 5.443222999572754 3.016705214977264 29.36592555046082 0 16.99910362064838 35.53158916532993 6.882935225963593 1.418927848339081 31.17310427129269 29.78805412352085 46.95047648251057 14.70040611922741 0 0 0 0 0 0 0 0 0.1669033467769623 0 0 0 0 0.2163315415382385 0 0.1144674494862556 0 0.1108881756663322 0.130887970328331 22.9334220290184 3.026386395096779 0 0 0 13.94063244760036 1.575687795877457 14.5115042924881 1.804026514291763 0.1834741979837418 0.5461962074041367 0 0.1057632118463516 0 0.9477348923683167 0.2246529087424278 0.4624456316232681 3.884582877159119 2.826005056500435 0 0 0 0 0.3931027352809906 0 0.2692639827728271 0 2.839810013771057 9.092496126890182 0 0 0.6081940531730652 17.85358808934689 0 2.936253607273102 0.1194307059049606 0 0.119630791246891 0.6698886081576347 0.2818583250045776 0 0.1598871499300003 42.24109208583832 3.363029181957245 0 0 0.1965874657034874 19.86913967132568 3.164167180657387 8.948078796267509 14.90530404448509 15.42533931136131 6.464103907346725 4.836572408676147 0 0 0 0.1051838025450706 0 0 0 0 0 11.812808573246 7.627084583044052 10.96897846460342 252.2932977080345 38.03162041306496 447.9163191989064 56.41732116043568 79.38206181675196 27.07549541443586 2.83521856367588 107.4252553507686 27.17361644655466 2.154976777732372 15.98998399823904 1.552346795797348 114.822436645627 3.01843598484993 0.0864599198102951 1.630864143371582 6.338066957890987 0.3995654359459877
1351.272495672107 371.3814236298203 11.58745262026787 0 60.13692075759172 405.8391512185335 522.4803191721439 0.7876891195774078 82.98556633293629 2234.638346232474 4.49990663677454 343.0690699368715 2167.662663951516 55.88177061825991 0.1840875446796417 0 0 0 0 0 0 0 0 0 0 0 0 0 0 0 24.05494429171085 0.9763331115245819 0 0 0 0 0.4207102432847023 0 0 0 0 0 0 0 0 0 10.67330077290535 0.4466463997960091 0 0 0 0 0 0 3.846073336899281 2.37514553964138 11.82851934432983 172.6004861295223 1.23296070843935 6.333441965281963 0 0 0 29.9357238560915 2.008706830441952 0.5250425487756729 0.1226644292473793 0 0.08232944458723068 0 0.1045603826642036 1.277344584465027 0 106.000356324017 46.08753215521574 8.189096868038177 2.978631108999252 0.3589301407337189 0.1036894023418427 0.218795008957386 0.1528990417718887 0 9.565423496067524 0 0.7174052968621254 2.053558975458145 0.30886609852314 0 0 0 0 0 0 0 0 30.99461525678635 0 0 0.1937776952981949 201.9632984250784 1.383853107690811 0 0 1.717399418354034 0.2706264555454254 36.09910336136818 0 1.288492143154144 18.87392190098763 0.9126451015472412 0 2.064904719591141 2.168830990791321 1.457492634654045 0 0 0 0 0 0 0 0 0 0 0 0 0 0 0 0 0 0 0 0 1.04496967792511 0.2939753532409668 0 0 0 1.093885064125061 0 1.383513778448105 0 0 0 0 0 0 0 0 0 0 0 0 0 0 0 0 0 0 0 0 0 0 0 0 0 0 0 0 0 0 0 0 0 0 0.8765297085046768 0 0 0 0 0 0 0 0 0 0.7793685793876648 0.5295717716217041 0 1.0082927942276 0 0 0 0 0 0 0 0 1.190067648887634 1.680437952280045 33.37437158077955 4.157767228782177 77.65740747004747 7.71081817895174 506.326290436089 6.823997534811497 0.3615480065345764 25.30328869819641 1.172351844608784 0.085088811814785 0.5910560935735703 0 5.442819744348526 0.1826790273189545 0 0.6920892000198364 0.7413571327924728 0.1838689148426056
1238.226118832827 1851.630038760602 735.6874055638909 60.13692075759172 0 5.542709648609161 2497.294203594327 106.6300048455596 2942.864980593324 135.5423937737942 471.691218726337 113.6508756652474 1747.409544765949 3312.757682181895 1.237313888967037 0.117657296359539 0.102541372179985 0 0 0.1415040045976639 0.3024956285953522 0 0 0 0 0.1358155459165573 0 0.4984205439686775 0.2957743853330612 0 353.0804309844971 30.45525418967009 0.6369238197803497 0 0 0 2.493566393852234 0.358150452375412 0.216841496527195 0 0 0 0 0.4569126218557358 0 0.2034019455313683 44.50220539420843 2.964537799358368 0 0.1948303133249283 0 0 0 0.2680595368146896 7.972979314625263 5.6235411465168 3.239801697432995 102.6971664428711 5.521089643239975 14.52384586632252 0.1553364098072052 0.0931030735373497 0.280334360897541 107.7270297333598 7.02260173112154 1.039052039384842 1.277741476893425 0.5611953362822533 0.1058930307626724 0.3060412332415581 6.564509980380535 9.668076053261757 0 122.8040494173765 100.8214070573449 56.395547054708 39.02665483206511 0.7666920498013496 0.08637397736310959 1.64429147541523 0.08285427093505859 0.2850937098264694 22.05543018132448 0.1968483105301857 2.258226335048676 5.213344924151897 1.286601461470127 0.1378151923418045 0.5780268907546997 0 0.3466081321239471 0 0.2152510136365891 0 0.368327759206295 91.76899022608995 6.416174039244652 0 0.7403296902775764 68.74098122119904 4.725101783871651 0.5642150491476059 15.45919413864613 5.96415938436985 5.333308935165405 18.14339128136635 0 17.874122351408 28.91735072433949 5.873793169856071 1.605819940567017 24.64938168227673 25.66301926970482 29.13296367228031 10.2730471342802 1.202945798635483 0.1967260837554932 0 0 0 0 0 0 0 0 0 0 0 0 0 0 0 0.1198220103979111 0 14.32424519956112 2.59463232755661 0 0 0 6.781082309782505 0 9.689309872686863 0 0 0 0 0 0.7788008451461792 0 0 0 1.734253823757172 6.202869832515717 0.2991089820861816 0.3835341930389404 0 0 0 0 0.5033291280269623 0 0 8.60102678835392 0 0 0.5600681900978088 10.50182904303074 0.2535653114318848 0.3148542940616608 0.3836518153548241 0.2363274395465851 0 0 0 0 0.4614030122756958 17.55476477742195 0.8112092018127441 0 0 0.08373165130615234 6.878048107028008 0.9546021223068237 4.954465419054031 7.825226336717606 11.07441526651382 2.893190383911133 0.8191935122013092 0.4529367983341217 0 0 0 0 0 0 0 0 7.365645751357079 2.951150208711624 3.875104174017906 129.7267852947116 22.90566766262054 253.0456413775682 21.9014348834753 54.88237553089857 13.63152982294559 2.319324508309364 50.19489113986492 12.36642506718636 2.014604598283768 11.19106817245483 1.702786311507225 49.02687618136406 0 0.4090065062046051 3.553055606782436 2.611583136022091 0
87.44224704802036 70.31832776963711 13.31600350141525 405.8391512185335 5.542709648609161 0 30.76248019933701 0.7090254426002502 6.378536388278008 834.2298036962748 2.747808828949928 359.649775698781 303.2599101811647 15.29300257563591 0 1.46985337138176 0 0 0 0 0 1.235577151179314 0 0 0 0 0 0.1809961944818497 0 0 0 0 16.52914425730705 0 0 0 41.57670143246651 1.639486700296402 26.52794621884823 2.172287464141846 0 0 0 1.372574582695961 0 3.54528246819973 2.995589718222618 0.1839331984519958 0.4352256655693054 0.4021757245063782 0 4.866773948073387 3.148598536849022 0 0.571057140827179 0.1316538900136948 77.4523820579052 35.77367936074734 0.3365729153156281 0 0 0.9165298342704773 0 2.659721583127975 0.6688456162810326 0.5710130929946899 0.1023532897233963 0 0 0 170.7148098349571 243.6095818281174 24.57176339626312 4.989083603024483 2.340128108859062 2.483206778764725 4.151709966361523 0.6770903021097183 0 1.744020774960518 0 0 0.1936630755662918 0 0 0 0.4641995429992676 8.381912589073181 1.184376880526543 3.988181576132774 0.1655391603708267 0 0 0 0 623.1221171021461 536.3132030814886 63.78573462367058 42.54828853905201 356.2398398816586 0 0 0 0 0 2.300013184547424 0 0.4433617889881134 5.541027843952179 1.448371171951294 0 0.6072351634502411 1.937769770622253 1.108062416315079 0 0.1438963115215302 0.3672384768724442 0 0 0 0 0 0 0 0 0 0 0.58006701618433 0 0 0 0.4914078563451767 0 0.1577761769294739 0 0 0 0 0 1.303744450211525 0 1.17026524245739 2.143212035298347 0.8271757215261459 0 0 0 0 0 0.2725872695446014 0 0 0 0 0 0 1.316114813089371 0 0 0 0 0 0 0 0.4134572148323059 0.5548842400312424 0.7665651887655258 0 0.1601701080799103 0 0 0 0 0 0 0 0 3.079492777585983 0 0 0 0 0.5529944747686386 1.423059016466141 0 2.350512683391571 0.3961404711008072 0 0 0 0 0 0 0 0 0 0 0 0 0.9159004241228104 47.02752184867859 3.700663760304451 7.878336861729622 2.155048549175262 121.4976742863655 0.9027162417769432 0 9.166684433817863 2.011858940124512 0.3464970886707306 0.558076336979866 0 8.398538708686829 1.186670899391174 0 0.2007689476013184 1.278805822134018 0
820.7724985778332 3667.868604794145 222.511901833117 522.4803191721439 2497.294203594327 30.76248019933701 0 8.711653627455235 1559.486038058996 763.3399033546448 64.99665149301291 3.860601887106895 1762.552912965417 617.4285200610757 1.616829060018063 0.4647286757826805 0.1036014929413795 0 0 0.1208574250340462 0.10968067497015 0 0 0 0.1140228509902954 0.1502894908189774 0.09076564013957977 0.2212222591042519 0.927284449338913 0.2348071336746216 161.6792843788862 34.41496171057224 1.467501826584339 0 0 0.2406755462288857 2.713271200656891 0.106968566775322 0.228240393102169 0.1242524385452271 0.1600061804056168 0.3477985560894012 0 0.2441655471920967 0 0.3801712244749069 82.61591108888388 4.226062215864658 0.2296768575906754 0.1145232915878296 0.4353513866662979 0.1989737376570702 0 0 15.4743078649044 8.922309949994087 4.824639834463596 253.6614593863487 10.06925087422132 23.72259864956141 0.730694517493248 0.198701798915863 0.1725155264139175 180.6434241309762 12.67626980692148 1.767603248357773 2.169495195150375 0.1310089081525803 0 0.2307598292827606 16.56701576709747 47.38679322600365 0 246.3467000499368 192.1274653971195 91.84596402198076 49.49614904820919 1.660581849515438 0.1191601529717445 1.544464290142059 0.09609342366456985 0.708152063190937 42.28675466775894 0.2104952335357666 4.758067078888416 8.593152120709419 1.286320134997368 0 0.7386561557650566 0.1364441812038422 0.4806104674935341 0.1337454617023468 0 0.4800957515835762 0.3292496651411057 199.8434814214706 16.7673003450036 0 2.64749713987112 85.40199019759893 10.32425546646118 5.360371813178062 45.56193047761917 19.81267529726028 11.43153516948223 106.552553601563 1.617229178547859 37.5506259277463 73.71162793040276 14.91077743470669 2.032994508743286 73.85676971822977 61.27633419632912 87.39229492843151 24.40409730374813 0 0 0 0 0 0 0 0 0 0 0 0 0 0 0 0 0 0.1414720267057419 0 28.93457001447678 5.187827035784721 0 0 0 20.9664702937007 0.2245354950428009 16.73680703341961 0.2176426276564598 0 0 0 0 1.161408200860023 0 0 0 5.094330787658691 8.350269675254822 0.2436534315347672 0.9119201898574829 0 0 0 0 2.061859115958214 0.1063493341207504 2.515318512916565 10.153574436903 0 0.2074073702096939 0.7139409780502319 18.72615602612495 8.925710320472717 1.763490304350853 0.4319966807961464 0 0.6564041972160339 0 0.1340904086828232 0 0 37.99911063909531 2.648061834275723 0 0 0 18.65950372815132 5.555773288011551 17.9252412840724 20.08692026138306 28.74528527259827 14.66681944578886 3.524758264422417 0.8594748377799988 0.3212331980466843 0 0 0 0 0 0 0 20.24433152377605 6.592984110116959 12.66779620945454 206.5075869709253 34.2570503205061 451.2724467590451 39.0946507230401 190.6177301630378 27.76654785871506 3.738750465214252 115.4171716794372 30.88471259176731 5.364918999373913 31.24798113107681 4.044279009103775 153.8462977856398 3.47351436316967 0.8142583072185516 10.61420159041882 3.555881284177303 0
114.5429143086076 112.7532970756292 1488.361670322716 0.7876891195774078 106.6300048455596 0.7090254426002502 8.711653627455235 0 108.3976158797741 1.305221647024155 4906.320176400244 73.24492014944553 338.3931094482541 1426.352818198502 5.442425176501274 4.610893912613392 1.83618401736021 4.947123602032661 0.2659898102283478 8.096072629094124 86.58756801486015 0.263864666223526 0.6088359653949738 0.7587293460965157 10.67659245431423 15.66061099618673 1.133857607841492 0.9919417798519135 0.4274658039212227 0.2674116492271423 838.8478962257504 1871.863752022386 24.0731602460146 7.303984805941582 0.7145064175128937 22.31216428428888 38.41518288105726 16.60110341012478 17.53940532356501 2.201798141002655 11.80079232901335 1.778701543807983 13.12494479864836 24.11151074618101 3.845007315278053 105.635871425271 86.37235840409994 10.43933027982712 4.545395344495773 24.55154751241207 35.0535072311759 0.8775118365883827 0.3601559922099113 0.5761612355709076 7.003430791199207 4.094929352402687 3.937328800559044 226.7001786231995 4.209796763956547 18.75886823236942 150.0657177567482 15.32209781557322 62.31747995316982 327.420743599534 8.104496903717518 19.85046314448118 28.86665000021458 40.32242085784674 64.34374234080315 52.74845062941313 34.50962992757559 7.385325193405151 0.131096363067627 133.687429793179 135.1100207865238 85.74973872303963 383.7530065849423 140.0664830878377 826.5074526742101 1414.625669404864 187.8475239723921 1130.706485703588 24.54150009900331 0.3046586737036705 8.750525638461113 15.55241794884205 22.73964101076126 0 7.593312405049801 0.3020036816596985 4.873512215912342 2.841066963970661 22.56206946820021 14.93180015683174 1.78294325619936 36.50145401060581 12.89970924705267 0 16.44007748365402 90.70145012438297 2.93068790435791 0 3.301834434270859 1.52889347076416 2.692707002162933 1.826173976063728 0 4.762132316827774 4.075243771076202 0 0 5.826325580477715 2.936835169792175 3.06113563477993 2.781898230314255 0.1132493689656258 0.3102829158306122 0 0 0 0 0.3336516320705414 0 0 0 0.1637149602174759 0.1151291355490685 0 0 0 0.1703716516494751 0.2459360659122467 0.8659399300813675 0 5.321271300315857 0.9595219492912292 0 0 0 1.639258988201618 0.1222148537635803 1.957993417978287 0 0.2490400969982147 0.1126791387796402 0.4167421609163284 0.2454039603471756 0 0 0 0 0 0 0 0 0 0.236878864467144 1.418233066797256 0 0 0 1.542893767356873 2.837792754173279 0 0.1191554442048073 0 4.353141784667969 0 0 0 0 0.6219929978251457 0.650628574192524 0.2555626481771469 0 0.2185517698526382 4.383712351322174 0.5814482569694519 0.2281887754797935 0.09620041400194168 0.7788712903857231 3.796657867729664 1.501579403877258 3.628864258527756 1.440876424312592 2.148991256952286 1.267879605293274 0 0 0.3718266189098358 0 0 0 0.3767804279923439 0 0 0 0.9993105530738831 2.595835447311401 3.19624038040638 149.2855826169252 24.01922614127398 290.6953797712922 36.31715115904808 26.19175764173269 12.37004903703928 1.325381867587566 63.39567027240992 8.85290739685297 0.3951792195439339 6.102846205234528 0 6.27241188287735 0 0 0.2894644662737846 3.423018515110016 0
76.50399698317051 969.8663188964128 367.763581007719 82.98556633293629 2942.864980593324 6.378536388278008 1559.486038058996 108.3976158797741 0 69.88966932147741 593.8723647594452 32.93119043111801 2157.733752049506 3068.618296384811 1.3296774700284 0 0.1237766891717911 0 0.1443145275115967 0 0.341631606221199 0 0 0 0 0.2883458063006401 0 0 0.6518325060606003 0.1922350525856018 39.91466356813908 11.0725990831852 0.7081144899129868 0 0 0.1331093311309814 1.789232693612576 0 0.09841843694448471 0.2116344571113586 0 0.4406545460224152 0 0.09810280799865723 0 0.1170425713062286 34.58062905818224 2.700632274150848 0 0 0.454233817756176 0 0 0.1423323154449463 1.86116100102663 2.256869375705719 0.6756609529256821 21.40205475687981 2.052115619182587 6.073437988758087 0 0.1067975908517838 0.2037226259708405 35.04274155199528 3.18967629224062 0.7481476664543152 0.2927936166524887 0.1351685523986816 0 0.2431482896208763 6.236348256468773 9.557189270853996 0 41.00405113399029 36.97522818297148 32.28635942935944 25.11592040210962 0.750852108001709 0.1887238994240761 0.3228411376476288 0 0.1050140410661697 10.80057692527771 0.1003436669707298 2.157161556184292 1.887053899466991 0.6691500023007393 0 0.487915925681591 0 0.0817084014415741 0.2171778157353401 0.3081000223755836 0 0.2845632880926132 107.4517642185092 7.835350632667542 0 0.8432998135685921 11.99575569480658 4.994110599160194 1.016455352306366 17.73001162707806 8.514179766178131 3.973994895815849 16.28890458494425 0.5990149900317192 12.85838054120541 18.78635512292385 7.288936987519264 0.4387310147285461 24.57136107981205 25.0969717502594 36.99408685415983 12.28466190397739 0 0.4392034411430359 0 0.4397992789745331 0 0 0 0 0 0 0 0 0 0 0 0 0 0 0 10.35155400633812 3.269964888691902 0 0 0 4.876342266798019 0 6.659030765295029 0 0 0 0 0 0.1444827616214752 1.654529929161072 0 0 2.137964084744453 1.938351362943649 0.2100620716810226 0.2392355650663376 0.1659761965274811 0 0 0.09145284444093704 0 0 2.847174286842346 7.264913305640221 0.2633645236492157 0 0 4.768933027982712 2.506637334823608 0.1970986425876617 0 0.508013591170311 0 0.133307084441185 0 0 0 13.6177554577589 0 0 0 0 6.748294994235039 0.3237013816833496 5.943715140223503 5.352300956845284 6.562959969043732 4.024037554860115 1.683106288313866 0.2092528939247131 0.189243882894516 0 0 0 0 0.1023598164319992 0 0 4.893124431371689 2.519690439105034 5.14864382147789 108.2501644864678 14.26762741804123 158.654701769352 21.47870214283466 44.07213021069765 8.296309508383274 1.229690611362457 44.030058555305 19.51874544471502 0.6894334703683853 11.08939710259438 1.424817651510239 38.47940476983786 0.676928699016571 0 1.516791701316833 2.759997829794884 0
2981.548901818693 649.7791450843215 22.27865413576365 2234.638346232474 135.5423937737942 834.2298036962748 763.3399033546448 1.305221647024155 69.88966932147741 0 4.773957759141922 1488.389829039574 8427.37820482254 65.16042924672365 0.8256431967020035 0.1727413833141327 0.1468114107847214 0 0 0.1536322087049484 0.4010635763406754 0 0 0.2310729250311852 0 0.2820079326629639 0.3026709109544754 0.7793506681919098 0.5065505728125572 0 52.01432587951422 6.496617369353771 2.721655458211899 0 0 0 8.278442531824112 0.1135616227984428 1.079967848956585 0 0 0.1698522567749023 0 0.0985802486538887 0 0 30.3421181961894 1.931797653436661 0 0.09450161457061768 0.1154974922537804 0 0 0 10.92284521460533 6.760626755654812 35.27291401475668 378.376892387867 9.875177823007107 18.20602262765169 0.10784512758255 0 0 71.127451851964 8.032815136015415 1.497377537190914 0.5283065289258957 0.09520222246646881 0.1303848922252655 0 31.71895464509726 15.80195936560631 1.544201150536537 276.6727604344487 138.7807439491153 38.95193292200565 13.71224768459797 0.4740524739027023 0.1831627264618874 0.6335041224956512 0.1257847249507904 0.247649148106575 27.72616082429886 0 2.158721037209034 5.550591535866261 0.5787064880132675 0 0.4511146545410156 0.4381391555070877 0 0.3889645934104919 0.1029608622193336 0 0.09624956548213959 479.893005669117 16.70162090659142 0 0.9340510666370392 802.1661438643932 8.37971843034029 4.246326133608818 33.80651603639126 12.63520461320877 4.805815935134888 49.65714065730572 1.690263494849205 28.3268718123436 56.7450875043869 10.73515145480633 0.2942359447479248 49.45204125344753 48.31365372240543 74.78696592152119 11.1270554214716 0.3687055110931396 0 0.3690751791000366 0 0 0 0 0 0 0 0.6307348608970642 0 0 0 0 0 0 0 0 11.30035045742989 2.049100115895271 0 0 0 5.760331645607948 0 6.221176400780678 0.7642635703086853 0 0 0.187520906329155 0 0.2180535793304443 0.8725313544273376 0 0 1.932167991995811 3.330997914075851 0.1344099342823029 0 0 0 0 0 1.379876866936684 0 0.5806913524866104 8.150601923465729 1.520975291728973 0 0.4893834292888641 4.835537046194077 0.7697435021400452 1.096197068691254 0.2555433213710785 0 0 0 0 0 0 15.82740615308285 0.241105780005455 0 0.1048576235771179 0 7.736966297030449 2.061771035194397 5.174099087715149 7.777770072221756 15.68334786593914 7.559408783912659 1.279821470379829 0.3858120143413544 0.2913779318332672 0 0 0 0 0 0 0 9.301089122891426 3.300629168748856 3.737697958946228 242.4501022621989 18.5432548224926 240.5204493552446 31.11028180271387 1876.882260918617 19.45959805697203 2.877295628190041 75.13203046470881 19.29711043089628 1.047539234161377 15.77813349664211 1.816057652235031 98.76691342890263 0.4868365526199341 0.8536626696586609 1.749308884143829 2.327594771981239 0
685.841881878674 580.8799237310886 4081.874577313662 4.49990663677454 471.691218726337 2.747808828949928 64.99665149301291 4906.320176400244 593.8723647594452 4.773957759141922 0 573.0094437301159 2647.961390562356 5128.707037180662 18.78685059398413 13.19951145350933 1.783569529652596 1.776456296443939 0 0.7889600396156311 59.95721271634102 0 0.5225921273231506 0.2369718253612518 11.62441080063581 25.14135601371527 1.008097991347313 3.446377150714397 1.704957261681557 0.9608024731278419 855.7748602777719 703.5771598145366 365.8339306637645 2.037338003516197 2.664025224745274 21.37226045876741 403.6119422093034 32.0872540846467 99.78411892056465 4.415402621030807 13.36282131820917 4.490922756493092 2.280402310192585 8.124426975846291 2.113194301724434 9.28962641954422 221.2225354611874 10.78268267959356 2.27519079297781 5.342497527599335 45.00420536100864 2.820187352597713 0 1.471421867609024 13.74106239527464 6.394202388823032 5.16001583635807 207.6272149085999 9.10886362940073 44.76344539225101 5.996573194861412 5.508523590862751 31.24267078191042 297.384909555316 16.27020243555307 19.11125799268484 36.73130750656128 35.82550976425409 26.58612205833197 36.23622833192348 296.955905854702 21.19524071365595 0.6051520705223083 216.1680713295937 233.0363673195243 217.0100639462471 278.2766713127494 17.7367205992341 99.6315289363265 409.942438326776 1.200612939894199 17.57958555221558 48.89464275538921 0.9223424196243286 10.18699298799038 23.28123073652387 9.090676158666611 0.3678354248404503 10.12805044651031 1.546590305864811 10.48199983686209 10.97848837822676 29.810113504529 30.88979549705982 5.069314986467361 82.5773004963994 71.37339566648006 0.2080525159835815 99.70554129034281 124.5318099632859 0 0.7075722813606262 4.159392789006233 2.646511554718018 0.4207631051540375 5.717093884944916 0 4.435494884848595 8.336724624037743 6.340500593185425 0.1270335614681244 6.905195936560631 7.979897499084473 13.98809891939163 3.765648260712624 0.1085028871893883 0 0 0 0 0 0 0.5059710741043091 0.2957598865032196 0 0.3668228983879089 0 0.6270191222429276 0 0 0.8748242557048798 0.6146653071045876 0.3217921406030655 0 3.515627682209015 0.2202212959527969 0 0 0.4594367444515228 5.677781097590923 0.1324178874492645 3.570803977549076 0.7533616423606873 0.3343551009893417 0.3862139731645584 0 0 0.4944171607494354 0.2308522164821625 0.1325204074382782 1.234040722250938 0.1122431829571724 0.1629571318626404 0 0.137990266084671 0.5382266640663147 0.9952848330140114 2.188022911548615 0 0 0 0 4.197504207491875 0 0.8359993100166321 0.5402289628982544 5.566722184419632 1.917001217603683 0.8981323912739754 0 0 0.08699804544448853 0.1059374287724495 0 0 0.3752129524946213 10.61952269077301 1.069478571414948 0.4268920496106148 0.6615965962409973 0.5073277205228806 2.949551701545715 0 3.344512052834034 4.613053798675537 1.796976491808891 0.2993047535419464 0.5076134204864502 0 0.9377288520336151 0 0.3195885121822357 0.1776174902915955 0.1896109059453011 0.2434020638465881 0 0 1.256766974925995 1.406070560216904 4.043073959648609 421.4208053871989 69.55473615974188 700.4069788679481 98.67711737006903 68.07458187639713 28.93614067882299 4.913042664527893 163.8274808600545 25.63711854815483 1.3652383685112 4.51339016109705 0.1921818554401398 13.40945370495319 0 0.08501854538917542 1.972062431275845 9.748502947390079 0.911690965294838
323.5156861841679 79.90488474071026 197.3217091187835 343.0690699368715 113.6508756652474 359.649775698781 3.860601887106895 73.24492014944553 32.93119043111801 1488.389829039574 573.0094437301159 0 1013.681775026023 516.4700140058994 4.008970968425274 3.221728183329105 0.1412684172391891 0 0 0.1538259238004684 1.83178336918354 0 0 0 0.4344004839658737 0.7634955123066902 0 0 0.1435264647006989 0 6.862383522093296 3.608164273202419 22.05665354430676 0 0 0.1617552936077118 66.22982615977526 0.2282221913337708 13.93931473046541 0.08834412693977356 0 0.1366171687841415 0.1447635591030121 0.7872316911816597 0.201121099293232 0.3898268043994904 46.57043847441673 1.04750020056963 0 0.09960069507360458 1.069762319326401 0 0.4243190288543701 0.1201995760202408 1.334616854786873 1.470592595636845 7.127521857619286 11.62964329123497 2.239552669227123 6.228740654885769 0.3385195583105087 0 0.7111755907535553 17.36235047876835 1.793914541602135 1.661308810114861 2.303339444100857 1.601809859275818 1.493994921445847 1.916444890201092 296.4192084893584 52.34888235479593 1.7343590259552 22.62262069433928 18.68590516597033 30.7273605838418 47.02230703830719 2.69789645075798 0.3965479582548141 33.05875060707331 0 0.1776718273758888 7.292131461203098 0.1600761562585831 1.638589136302471 2.525817483663559 0.7112512663006783 0 1.156583964824677 0.3749228939414024 0.09160503000020981 0.1306336969137192 1.126588270068169 0.5543035566806793 0.113432765007019 2452.276303745806 270.6201997920871 0.401724100112915 40.87660308927298 247.1574217677116 13.94252227246761 4.623039036989212 47.57443930208683 23.26043231785297 6.0285564661026 38.3540977537632 2.569084167480469 52.64934329688549 60.62759056687355 13.52701056003571 1.078925967216492 76.82972157001495 73.25746309757233 149.6377744078636 24.01254700124264 0.1622723340988159 0 0 0 0.1334525942802429 0 0 0 0 0 0 0 0 0 0 0 0 0 0 29.91536422073841 5.5932472422719 0 0 0 9.806568846106529 0 7.216277293860912 0.4950973391532898 0.1755646765232086 0 0 0 0 0.1529076099395752 0 0 2.326284870505333 4.526135757565498 0.1208232268691063 0 0 0 0.3027644753456116 0.4664572477340698 0.8429971039295197 0 2.592219650745392 15.71324840188026 0.5050461888313293 0.1833563446998596 0 12.47064991295338 5.243603751063347 1.493036806583405 0.3852704465389252 0 0.3510866761207581 0 0.2239009514451027 0 0 36.15572886168957 1.016221791505814 0 0 0 17.36962130665779 0.4759769290685654 8.050786226987839 14.74516443163157 19.33546197414398 6.579809680581093 4.178798943758011 0.4961457252502441 0.3130318522453308 0 0 0 0 0 0 0 25.54121780395508 5.518951639533043 6.605070665478706 240.6265546604991 14.29345986247063 146.8839236497879 27.41301567852497 712.0110090896487 6.830975875258446 1.965684682130814 65.43587549775839 18.49395667761564 1.078037083148956 19.93204659968615 3.988976001739502 110.6600998938084 2.032811373472214 0 4.315961554646492 3.849207803606987 0.3173162639141083
694.8529559150338 1095.018446840346 770.5491596907377 2167.662663951516 1747.409544765949 303.2599101811647 1762.552912965417 338.3931094482541 2157.733752049506 8427.37820482254 2647.961390562356 1013.681775026023 0 5154.65402790159 14.55739679932594 7.313625603914261 0.2723358422517776 0.8325014263391495 0.1218878850340843 0.2894290387630463 5.298622161149979 0.6238691285252571 0 0 1.368566527962685 1.340228863060474 0.6084596663713455 0.9364199265837669 2.422839872539043 0.6151705756783485 52.04093912243843 25.37572222203016 114.6099618896842 0.3842733129858971 0.2821645885705948 1.1291598752141 69.63294126838446 0.6287890002131462 14.55049903690815 0.8233868405222893 0.9157953634858131 0.912401020526886 0.3478961586952209 2.383528545498848 0.3316130787134171 2.042829528450966 257.152687497437 8.16237385571003 0.4805710837244987 0.9843147620558739 8.221453629434109 0.7473101317882538 0.2504546046257019 0.5401753708720207 9.689998887479305 11.21249911934137 11.38714377582073 67.775310754776 9.862355776131153 42.57029049098492 1.008294850587845 0.7932416275143623 3.215461909770966 116.1278928518295 12.14605683088303 5.869763150811195 9.383911892771721 7.59578250348568 4.299678646028042 3.967259719967842 281.3476215153933 92.52505476772785 0.1568557173013687 152.5509440004826 141.1893226206303 197.1090813353658 243.0074542760849 12.57007911801338 0.5321427434682846 96.00193912535906 0.3194677457213402 2.346828758716583 51.41482762992382 0.9984607473015785 7.819750905036926 14.45261793956161 4.930592946708202 0.2661600634455681 4.728230193257332 0.2556988522410393 1.17288251966238 0.753143198788166 5.405568361282349 3.060148574411869 2.321129061281681 3551.477956585586 199.5742004737258 0.8433663696050644 34.37530211359262 218.106433480978 25.2578689083457 13.52593439817429 137.5412106066942 60.15036053955555 22.71938433498144 145.6683116853237 5.898447722196579 144.4888190329075 270.3383211642504 48.18925872445107 4.011949241161346 247.2980455756187 212.5536668002605 346.6311584413052 65.83357702195644 1.973474770784378 0.7950819581747055 0 0 0 0 0 0 0 0.2887045443058014 0 0 0 0 0.1235475987195969 0 0.1004027873277664 0.2886214181780815 0 75.86581662297249 13.90848070383072 0 0 0 36.10740576684475 0.6385728716850281 27.58417171984911 0.6032103523612022 0.6084641516208649 0 0 0.1208645477890968 0.6351068466901779 0 0 0 12.15924037992954 20.71071350574493 0.4283696264028549 0.9983412027359009 0 0.4281687140464783 0 0.1268566697835922 2.131790682673454 0.1157503724098206 5.932587683200836 45.29634433984756 2.239739716053009 0 0.516689844429493 35.3933447599411 7.306043386459351 3.318956434726715 0.816353514790535 0.4981387034058571 0.6450904309749603 0.430810958147049 0.4722129851579666 0.9821289926767349 0 93.49872718751431 5.860090643167496 0 0.3247839212417603 0.1778128445148468 40.29149596393108 4.571234382688999 20.32139560580254 41.62306971848011 65.03286512196064 20.95137052983046 7.714091435074806 3.419827222824097 1.761580497026443 0 0 0 0.09833639860153198 0.2192151546478271 0.2260996252298355 0 74.54093936085701 15.72036696970463 16.58800898492336 968.1546656787395 108.0570545569062 850.5928639024496 131.4883805066347 1061.852383568883 47.46203251183033 8.260061465203762 257.1388821154833 79.2726037427783 5.939919695258141 65.00659808516502 13.43921072781086 379.4711594134569 3.459302619099617 0.8382938355207443 10.05712950229645 15.08754007518291 0.5452233701944351
94.95479935407639 1168.479296326637 1885.593830220401 55.88177061825991 3312.757682181895 15.29300257563591 617.4285200610757 1426.352818198502 3068.618296384811 65.16042924672365 5128.707037180662 516.4700140058994 5154.65402790159 0 7.14701783657074 7.492738403379917 0.6484401449561119 1.329830184578896 0.1142203956842422 0.3793830275535583 21.09184589236975 0 0 0.1659412235021591 5.633185036480427 9.492827244102955 0.314969077706337 0.9197020083665848 0.7938215434551239 0.4329823181033134 96.12599972635508 55.30728042125702 1012.533420182765 0.2406155094504356 0.577149972319603 5.790808692574501 1152.889281623065 21.25347840040922 150.9910584390163 3.409323431551456 7.060581341385841 3.224390909075737 0.9190097972750664 4.373928911983967 0.302960678935051 2.854814253747463 127.3927243873477 4.55393174290657 0.763531468808651 2.371814601123333 20.59411995112896 2.707817405462265 0.08392501622438431 1.584247753024101 4.46506330370903 5.52873533219099 3.324902079999447 40.80048220604658 5.354323886334896 20.51395778357983 1.556812860071659 2.313137225806713 8.537971273064613 73.94977258145809 5.297157734632492 8.390531271696091 17.69594313949347 15.74541360139847 10.0597200319171 12.43495206534863 536.9204552173615 25.71671266853809 0.1662429720163345 77.06172430515289 75.19487676769495 101.6577553525567 148.6317786872387 14.84052321314812 6.982784517109394 262.7993325740099 0.6743969917297363 2.590881332755089 20.20014112442732 0.669299028813839 3.529830440878868 10.30317614600062 4.521396674215794 0.339607335627079 6.383599817752838 0.6563028991222382 4.701952382922173 4.544727317988873 15.60150807350874 17.98392941057682 5.581745691597462 344.5997784510255 110.7571779936552 0.5273272916674614 132.961414180696 27.64839229732752 8.059315234422684 1.205751776695251 18.09850597381592 6.654589220881462 3.290686577558517 13.37351736426353 0.3601754307746887 17.7179209291935 23.37977308034897 4.03345251083374 0.1931394934654236 25.63312421739101 22.68282547593117 42.92885062098503 9.838633149862289 0.5484460145235062 0.1556971669197083 0 0 0 0 0 0 0 0 0.2416435480117798 0 0 0 0 0.3037857115268707 0.449204683303833 0.2433148771524429 0 10.45796020328999 3.813980087637901 0 0 0 8.878466539084911 0 7.30708247423172 0.881108283996582 0.2163691967725754 0 0 0 0 0 0.2095509916543961 0.2330200672149658 0.488330140709877 2.701322667300701 0 0 0 0.1051114499568939 0.9033002108335495 0 0.2894219160079956 0.09736423194408417 0.5268097370862961 6.345004662871361 0.2824876308441162 0 0.5655285939574242 6.272085100412369 1.801156371831894 0.1481585502624512 0.2839035093784332 0 0.1170150563120842 0 0 0 0 14.8685729727149 1.205409705638885 0.6125125885009766 0 0 6.365869089961052 0.8481365740299225 7.19251748919487 8.240844622254372 11.95220282673836 4.510950185358524 0.8848169147968292 0.3140136003494263 0 0 0 0.128544420003891 0.1088626310229301 0 0 0.4184117615222931 6.297538980841637 3.398665428161621 5.374497197568417 370.4913457036018 37.79074944555759 401.6983538940549 65.40816773474216 65.72016497701406 14.85545322299004 2.592777401208878 118.4782877489924 22.29610138386488 1.480563677847385 13.37962784618139 1.278057664632797 46.99704375118017 1.696949437260628 0 0.2987907528877258 8.354628406465054 0.3933887481689453
