0 3734.809612117708 125.1812098324299 4074.838291093707 710.3832794874907 51.76076209545135 248.0442839860916 27.17954141646624 85.42254589498043 1859.432516552508 183.4044749438763 28.80977685749531 158.2507571578026 164.8510520607233 2.228668496012688 0.4289064854383469 0.1653769016265869 0 0 0 0.3522666841745377 0 0 0 0.9214497730135918 0.1267828643321991 0 0 0 0 396.6106650307775 0.7122846245765686 4.19160307943821 0 0.4539947658777237 0.1326545029878616 8.660183593630791 0 0.4078603535890579 0 0.1298451721668243 0.2402790561318398 0 0.2226046472787857 0.1045309454202652 0.184724822640419 67.53555270284414 10.93273416161537 0.238287054002285 0.1235458925366402 1.118960738182068 0.4171349257230759 0 0 9.867554761469364 10.13292805105448 262.0246050283313 919.8877628222108 38.77043829858303 61.1626835539937 0.90680231153965 2.055009886622429 0.2651413083076477 1.24056451022625 10.70022117346525 8.519258499145508 2.414161570370197 1.472508400678635 0.5948495790362358 1.017859175801277 22.17826557159424 3.28856372833252 0 168.1508909091353 82.26459877938032 24.22908767312765 2.007812738418579 2.649083241820335 11.35763923078775 213.4148778021336 0.5845845490694046 15.04231444001198 54.14416754990816 0.7110972553491592 3.744298279285431 8.972754843533039 0.7599543854594231 0.1485868692398071 0.3558382019400597 0 0.09361590445041656 0.1166591495275497 0.7950152158737183 0.1232635453343391 0 93.28520351648331 1.054450392723083 0.1035824567079544 0.9326135665178299 1218.287857756019 0 0 0 0 0 0.7075744867324829 0 0 0.265336811542511 0 0 1.354458808898926 1.342427402734756 0.3687807619571686 0.5544400215148926 0 0 0 0 0 0 0 0 0 0 0 0 0 0 0 0 0 0 0 0 0 0 0 0 0.7948716878890991 0 0.1722653657197952 0.1519632786512375 0 0 0 0 0 0 0 0 0 0 0 0 0 0 0 0 0 0 0 0 0 0 0 0.8854211941361427 0 0 0 0 0 0 0 0 0 0 0 0 0 0 0 0 0.1633301228284836 0 0 0 0 0 0 0 0 0 0 0 0 0 0 0 0.4608466029167175 36.64777705073357 4.574582561850548 152.7180967926979 7.467978768050671 969.4956902638078 110.3293195664883 2.063058629631996 8.647888526320457 0.1631653010845184 0 0 0 0 0 0 0.7644841074943542 0 0
3734.809612117708 0 417.2503039240837 1751.182332478464 3645.241872407496 116.3790018111467 830.7113740295172 453.1211064383388 2880.289362564683 193.9781874939799 1747.348353609443 6.806387722492218 916.8740846738219 1672.16980407387 15.29546818882227 2.827239125967026 2.290446609258652 0 0 0.1383298337459564 2.606924071907997 0 0 0.5634128525853157 3.175914563238621 1.682367354631424 0 0 0.2441738098859787 0 3491.620499126613 7.423142738640308 12.18804001808167 0 0.3667811751365662 1.534720025956631 9.877864606678486 0.6878251060843468 0.1258834600448608 0 4.370572403073311 0.3506293892860413 0.3403452038764954 1.382208488881588 0.1417794078588486 0.1114629060029984 208.2633625566959 36.6701837182045 0.2718484997749329 0.3151959031820297 4.831607691943645 0 0 0.1177739500999451 23.60570529103279 30.42774860560894 102.2367249503732 837.9011983275414 45.96626296639442 123.4214372783899 3.565139248967171 8.359136767685413 1.33931827545166 14.33239226788282 33.64463149756193 22.28724806755781 12.59283345937729 7.743637159466743 3.72234945744276 9.933970734477043 0.3461121022701263 0.1338380128145218 0 264.7883883789182 123.1529275104403 74.50457585602999 19.25560009479523 5.440837927162647 88.72997023910284 745.4192885681987 0.9945899844169617 119.4687487483025 164.3008992001414 1.797503523528576 10.74416739493608 17.3173691034317 2.528250850737095 0.1375630348920822 1.3757369145751 0 1.129907749593258 0.1417683959007263 5.016720607876778 0.3545101135969162 0.1921829730272293 6.573497295379639 0 0 0 1462.37258746475 0 0 0 0 0 0.9692229628562927 0 0.4049740135669708 0 0 0 5.702462285757065 1.266643323004246 4.885084435343742 0.344956137239933 0 0 0 0 0 0 0 0 0 0 0 0 0 0 0 0 0 0 0 0 0 0 0 0 1.181145712733269 0 1.219800591468811 0 0.1735765933990479 0 0 0 0 0 0 0 0 0 0 0 0 0 0 0 0 0.09121716022491455 0 0 0 0 0.1413775533437729 3.433628082275391 0 0 0 0 0 0 0 0 0 1.237322181463242 0 0 0 0.2851238027215004 0.1866530328989029 0 0.7802364900708199 0 0 0 0 0 0 0.2290994077920914 0 0 0 0 0 0 1.341379821300507 1.018099799752235 1.010527238249779 80.71474872529507 16.98103749752045 642.2811721935868 54.31384383887053 1156.004000328481 153.9635178297758 6.596558183431625 61.00065220147371 0.6004237532615662 0 0 0.4205894619226456 3.15230730175972 0 0 3.287675112485886 0.9272478446364403 0
125.1812098324299 417.2503039240837 0 16.69217049330473 849.4732172936201 0.6673888266086578 55.46832241117954 1732.347398713231 1476.443691588938 4.079961121082306 3200.957091040909 2.153451561927795 372.9453774243593 918.9668929800391 12.08320480585098 5.222365736961365 2.542793489992619 0.4950398504734039 0.4311706721782684 4.420023262500763 58.38570377975702 0 1.280470371246338 7.002554573118687 12.9991640150547 7.91901259124279 0.1298220753669739 0 0 0 3262.739458814263 614.1515628471971 26.63242891430855 0.9528063833713531 2.301141448318958 9.116815581917763 9.230857186019421 2.35685845464468 0.141484260559082 0.8694120272994041 21.97403755038977 1.527994476258755 16.7373049557209 2.401533722877502 3.866657704114914 16.33432911336422 94.45705188065767 11.68384952098131 1.972981840372086 7.817026674747467 17.8096180036664 0 0 0.1038681715726852 8.66289883852005 9.296961612999439 63.11333999782801 900.1843789368868 28.01197233051062 70.03501629829407 178.5445481464267 52.46307265013456 16.12718892097473 785.4048836603761 11.90210673958063 16.16852140426636 25.34808515757322 67.15511061996222 93.12245569378138 91.18886109441519 0.4171988070011139 0 0 199.9796001315117 104.2921486869454 37.56309133768082 38.71887554973364 8.608281902968884 492.3527232259512 1852.533138394356 112.2398326098919 915.167902611196 54.37953218072653 0.2040426880121231 3.845866896212101 7.738323837518692 19.38035822659731 0 0.8743705451488495 0 1.646393299102783 0.2866423726081848 36.15519503504038 4.213814616203308 0.4715334102511406 0.4970098286867142 0 0 0 294.7851902991533 0 0 0 0 0 0.1901268512010574 0 0 0 0.25931715965271 0 0 0.1355495452880859 0 0 0 0 0 0 0 0 0 0 0 0 0 0 0 0 0 0 0 0 0 0 0 0 0 0 0.2964706569910049 0 0 0.1012502536177635 0 0 0 0 0 0 0 0 0 0 0 0 0.1310622841119766 0.1609760075807571 0 0 0 0 0 0 0 0 0 0.3008600622415543 0 0 0 0 0 0 0 0 0.1165831238031387 0.3272958174347878 0 0 0 0.4086058661341667 0 0 0.2367916330695152 0 0 0 0 0 0 0 0 0 0 0.335933044552803 0.1473218947649002 0 0 0 0.3138901591300964 62.87175465375185 8.082256257534027 184.8913181573153 26.71372061222792 88.25459123402834 49.00658334046602 2.399285487830639 22.74903163313866 0.2028255313634872 0 0 0 0 0 0 0.2554564476013184 1.497272334992886 1.291119433939457
4074.838291093707 1751.182332478464 16.69217049330473 0 669.8644161298871 517.2727683484554 632.2811271473765 0.5702536404132843 206.978264324367 1694.501982428133 6.112135916948318 90.01794943213463 263.4039617776871 55.67245226353407 4.409643352031708 0.2338112443685532 0.1336775422096252 0.08769461512565613 0 0 0.09335584193468094 0 0 0 0.118124894797802 0 0 0 0 0 101.6284925192595 0.806449368596077 0.1074935048818588 0 0 0 0 0 0 0 0 0 0.2527367621660233 0 0 0 100.8508154004812 17.13098112493753 0.8461352288722992 0 1.389870069921017 0 0 0 7.852564238011837 14.18333701789379 49.30090374499559 156.207748785615 23.1586696729064 49.00933050364256 0.2416483163833618 0.1430991590023041 0 2.689308509230614 18.08965458720922 11.23263614624739 6.273507550358772 1.878064952790737 0.8263480737805367 0.1712210476398468 0 0 0 97.62401635199785 48.20775589346886 27.95909699052572 6.73958282917738 1.438887536525726 0.365684300661087 5.842024467885494 0 0.3186452463269234 86.93652679771185 1.152059391140938 4.662542447447777 8.33917424082756 1.002036117017269 0 0.5201688781380653 0 0.2023743614554405 0 0 0 0 26.78821668028831 0 0 0 377.272400662303 0 0 0 0 0 0.3474226891994476 0.4594723284244537 0.2223038077354431 9.768186256289482 1.275406748056412 0 8.024819105863571 3.958343029022217 14.35450690984726 2.044717043638229 0 0 0 0 0 0 0 0 0 0 0 0 0 0 0 0 0 0 0 0 0 0 0 0 3.73236121237278 0 0.864795982837677 0 0 0 0 0 0 0 0 0 0.2464675158262253 0 0 0 0 0 0 0 0 0 0 0 0 0 0 0.6080266833305359 0 0 0 0 0 0 0 0 0 3.068517938256264 0 0 0 0 0.5382956266403198 0 1.996990248560905 0 0 0 0 0 0 0 0.1111649125814438 0 0 0 0 0 0.4938177168369293 0 0.5561397075653076 96.63054286688566 4.860900193452835 480.8193800002337 39.27505996823311 1204.972142972052 89.6556825786829 5.473417721688747 31.89575755596161 0.5170464813709259 0 0 1.305146560072899 11.33944225311279 0 0 0 0 0
710.3832794874907 3645.241872407496 849.4732172936201 669.8644161298871 0 29.61044916510582 523.1337919533253 123.6647890508175 7328.770897082984 778.348990380764 1992.298215381801 21.43254937231541 849.6281572878361 2683.076477855444 37.12912228703499 3.750958882272243 1.09124656021595 0 0 0.1776469647884369 0.339600145816803 0 0.2338600754737854 0 0.1183808892965317 0 0.2083036750555038 0.2548721134662628 0.1950876414775848 0 729.0559725686908 6.859625250101089 4.023529902100563 0 0.1181866079568863 0.2824378907680511 3.741935595870018 0.1131214648485184 0 0 0.1249452605843544 0.2561456561088562 0.1196167171001434 0.8078382313251495 0 0.2773182168602943 248.7579597607255 24.99247804284096 0.4052881523966789 0.3420326560735703 4.249934419989586 0.1197948604822159 0 0.6506599336862564 11.48844090849161 13.7630198225379 35.84719050675631 179.7549309879541 23.12224957346916 91.86827736347914 0.6956672146916389 0.6469965130090714 0.1102405786514282 37.71909726411104 20.37702002376318 15.37710756063461 7.349053137004375 4.302463077008724 2.282346807420254 1.269635416567326 2.429392918944359 1.564611524343491 0 129.7747145816684 74.40730001777411 89.89876602590084 52.97592157870531 6.897076867520809 18.44225123524666 282.294156499207 0.5260941088199615 11.63572543859482 103.8011632040143 2.057986199855804 10.13954114168882 13.37791795283556 1.42916963994503 0 1.301248356699944 0.1810601353645325 1.015608854591846 0 0.1153239011764526 0.6240484565496445 0.3165505081415176 44.04835389554501 0 0 0 130.7140557169914 0 1.809237718582153 0 0 2.721667051315308 2.826432153582573 0.5225125551223755 0.4373517334461212 1.578606367111206 3.208098351955414 0 10.65304118394852 5.141817525029182 22.46389628946781 3.289159551262856 0 0 0 0 0 0 0 0 0 0 0 0 0 0 0 0 0 0 0 0.3340718746185303 0 0 0 0 11.26984210312366 0.5329285115003586 5.408400893211365 2.068714246153831 0 0 0 0 0 0 0 0 0 0.3871099948883057 0 0 0 0 0 0 0 0 0 0 0 0 0.4410640001296997 12.29440997540951 0.189045637845993 0 0 0 0 0 0 0 0 10.04121220111847 0 0 0 0 3.692092373967171 1.455436021089554 9.179563254117966 0 0 0 0 0.2430557757616043 0 0.09976263344287872 0 0 0 0 0 0 1.787463515996933 1.532963424921036 3.335729226469994 217.3079352080822 19.14887864887714 720.2967387139797 94.51884265244007 404.9590773209929 120.0111197531223 10.00547587126493 146.464116461575 1.878263920545578 0.4365832805633545 1.105018898844719 0 6.009670108556747 0.1680879890918732 0 2.225525468587875 1.581341415643692 0
51.76076209545135 116.3790018111467 0.6673888266086578 517.2727683484554 29.61044916510582 0 209.7615989744663 0 35.56938529014587 1488.383644104004 1.572241857647896 326.2878817021847 487.728953525424 40.59969283640385 1.748490825295448 0.9736515283584595 0.1620003879070282 0 0 0 0 0.2704123854637146 0 0 0 0 0 0 0 0 0.2350444495677948 0 23.8860754519701 0.3336507678031921 0 0.8849388659000397 114.604311555624 2.05042353272438 15.7399437725544 0 0 0 0.3654632568359375 0 0.534912645816803 0.1472617834806442 0 0 0 0 0 3.976630330085754 0 0 0 1.017902448773384 59.27220019698143 15.36775612831116 0.9415678381919861 0 0.8164094835519791 2.355126351118088 0 0 0.1299988925457001 0 0.3171522617340088 0 0 0 467.6959288418293 134.2103686183691 7.434288322925568 0.4357988834381104 0.8565840721130371 0.2096635401248932 0 0.7073411345481873 0 8.614359453320503 0.6652026772499084 0.9377334713935852 0.7119315564632416 1.132013201713562 0 0.3907866477966309 0 11.66479751467705 3.069302827119827 5.995186746120453 0.4524911344051361 4.516053974628448 0 0 0.7729476988315582 779.647706463933 45.54922398924828 0.6620036363601685 16.37830723822117 685.8320436030626 0 0 0 0 0 0.5926483422517776 0 0 0.3997103124856949 0 0 1.232361435890198 0 0 0.3190910518169403 0 0.6060491502285004 0 0 0 0 0 0 0 0 0 0 0 0 0 0 0.6241968125104904 0.1596114039421082 0.3447589576244354 0 0 0 0 0 2.214783236384392 0 2.817796170711517 3.219096332788467 0.5000074505805969 0 0 0 0 0 0 0 0 0.2632534801959991 0 0 0 0.5740070939064026 0 0 0 0.2686970233917236 0 0 0 0 0.335032045841217 1.573342800140381 0 0 0 0 0 0 0.3073299527168274 0 0 5.241010844707489 1.778512105345726 0 0 0 0 0 2.108953699469566 0 0 0 0 0 0 0 0 0 0.155857264995575 0 0 0 2.001587092876434 6.611932888627052 7.02580526471138 4.582766607403755 0.4209047481417656 2.136178836226463 0.4160260260105133 121.0294237732887 0.5406723916530609 0.392492949962616 0.972044974565506 0 0 0.5793757736682892 0 0 0 0 0 0 0.3707816302776337
248.0442839860916 830.7113740295172 55.46832241117954 632.2811271473765 523.1337919533253 209.7615989744663 0 7.988115660846233 812.9712010920048 2549.934815742075 47.46237085014582 231.5677667036653 1804.547302998602 1248.913971930742 37.36840287595987 5.758120641112328 1.119166739284992 0 0 0 0.2656572014093399 0 0 0 0 0.2059618681669235 0 0 0 0 121.357734143734 4.350278675556183 1.587318301200867 0 0 0 3.146574139595032 0 0 0 0.2318389266729355 0.3756420016288757 0 0.9810180962085724 0.1549600809812546 0.3016674593091011 268.6903793215752 26.50952153652906 1.381142489612103 0.2667167484760284 3.655133403837681 0 0 0.826819159090519 16.38405510783195 21.25993286073208 39.34943547099829 131.3313617631793 23.2233058437705 99.25472211837769 0.1300236135721207 0.1429074704647064 0.1392621695995331 28.45944768190384 22.8414895310998 19.36846529692411 9.186573855578899 3.610804818570614 1.429323174059391 0.1287008672952652 1.482297480106354 1.466123282909393 0 127.0856277644634 81.51441095769405 87.61694773286581 52.71064160764217 10.83653561025858 1.003252372145653 9.12081291526556 1.134740300476551 2.266303807497025 120.1637270674109 1.124493844807148 10.77636762708426 17.57384642958641 3.033825747668743 0 1.924464583396912 0 0.6773956939578056 0.4232491254806519 0.7152783274650574 1.195401206612587 0.6107095181941986 122.3224989622831 1.140057444572449 0.08748743683099747 0 100.746308773756 0 0.3224964439868927 0.161085769534111 1.405588805675507 2.28530278801918 5.852510288357735 4.171045184135437 3.109124481678009 6.623426526784897 7.4732596129179 0 41.34831273555756 24.1046554595232 64.01654523611069 17.15674242377281 0.2873491942882538 0.4518249034881592 0 0 0 0 0 0 0 0 0 0 0 0 0 0 0 0 0 0.2332638949155807 0.1321433484554291 0 0 0 23.32160652428865 1.692582532763481 18.30602626502514 3.752455994486809 0.1568461805582047 0 0 0 0 0 0 0 0.1000225767493248 0 0.1273122429847717 0 0 0 0 0 0.5478840470314026 0 0 0 0 0 0.4059634208679199 36.9794320166111 0 0 0 0.1305411159992218 0 0 0 0 0 43.6049662604928 0 0 0 0 3.71802169084549 3.774813637137413 31.25047017633915 0 0 0 0 0 0 0 0 0 0 0 0 0 6.837384551763535 1.297977790236473 8.976091504096985 342.090927913785 26.06185119599104 953.7183531522751 132.3993789181113 869.3368528336287 162.3903792500496 13.69936352968216 227.7607141286135 4.470136843621731 0 0.6383827179670334 0.1959313899278641 6.601593822240829 0.7322738915681839 0 2.941067785024643 1.794926136732101 0.5974069237709045
27.17954141646624 453.1211064383388 1732.347398713231 0.5702536404132843 123.6647890508175 0 7.988115660846233 0 950.7542586177588 0.5950204506516457 2091.782854445279 1.44779360294342 253.5010492354631 788.6111867949367 45.61968736350536 18.17247512191534 10.27745602279902 1.494442954659462 0 6.628844164311886 137.5889478251338 0 1.143647983670235 21.85528747737408 50.71744053810835 24.86084861308336 0.1654991656541824 0.6336888447403908 0 0 1224.305857144296 962.7331548333168 23.65675404667854 3.39172950387001 6.840889289975166 36.07883626967669 9.460008069872856 18.70062124729156 0.8645230233669281 3.633685663342476 64.66570915281773 8.832678213715553 25.55521623790264 5.633542746305466 6.257708102464676 22.07606652379036 131.2101593390107 8.06313768774271 1.558943584561348 10.52816621214151 32.3204190582037 0 0 0.820661649107933 3.324178591370583 3.821847938001156 18.16273104399443 179.9274933710694 8.208177953958511 40.30934201180935 503.769645832479 134.0249108672142 47.90987209230661 160.9297243952751 6.798846267163754 18.51570295542479 42.52500901371241 94.16011530160904 123.1995113417506 192.9278345555067 1.616124361753464 0.3960633873939514 0 69.17915264517069 39.82483121007681 62.49766684323549 78.24206677079201 253.4641991779208 1638.823440596461 2732.745656184852 476.3586953431368 4147.793100051582 31.02704820781946 0.7107025533914566 2.640564754605293 4.413517199456692 19.6068294942379 0.2160213738679886 0.1154161766171455 0 1.900088332593441 0 83.50367753952742 5.164118476212025 1.37772249430418 0.1686598360538483 0 0 0 62.87209410220385 0 0 0 0 0 0 0 0 0 0 0 0 0 0.1466935276985168 0 0 0 0 0 0 0 0 0 0 0 0.2704980224370956 0 0 0 0 0 0 0.2009013146162033 0 0 0 0 0 0 1.691947139799595 0 0.2891121655702591 0.3401738405227661 0.2431244701147079 0.1782122403383255 0 0 0 0 0 0 0 0 0 0 0.2643821239471436 0.1204679980874062 0.820449985563755 0 0 0 0 0 0 0 0 0.875738337635994 0 0 0 0 0 0 0 0 0.772700697183609 0.9862293154001236 0 0 0.586103081703186 1.349636040627956 0 0 0 0 0 0 0 0 0 0 0 0 0.3571172654628754 0.2361129522323608 0.1229780539870262 0 0 0 0.3246702551841736 176.1200342029333 13.40122762322426 350.1970061287284 62.70651554316282 53.64747676998377 31.65712034702301 1.795176044106483 87.27446218580008 0.3113864362239838 0 0 0 0 0.2949858233332634 0 0.3785445243120193 1.445174932479858 3.367837354540825
85.42254589498043 2880.289362564683 1476.443691588938 206.978264324367 7328.770897082984 35.56938529014587 812.9712010920048 950.7542586177588 0 606.807753585279 3869.265683740377 54.23016159236431 659.4434397667646 1514.420358791947 66.25542657077312 12.91683392226696 3.972828909754753 0.1360620856285095 0 0.1824348121881485 0.4441945403814316 0 0 0 0.4395172446966171 0.3902819007635117 0 0.1380743533372879 0 0 252.6031105220318 5.497865445911884 8.559810236096382 0 0.1817430704832077 0.1806593090295792 6.73728446662426 0 0 0.1314355880022049 2.222484149038792 0.9205160513520241 0 0.5356678068637848 0 0.2033245265483856 261.5621973350644 16.81588717550039 0.1095881834626198 0.3772692158818245 2.607725314795971 0 0 0.2233614474534988 6.3412816375494 11.44311130046844 22.30881211161613 101.4742192700505 17.59307940304279 81.973478525877 0.2872151061892509 1.418928027153015 0.07578603178262711 42.77804312855005 13.55544630438089 12.32740090042353 6.411877982318401 3.202864795923233 1.443275861442089 1.119342498481274 1.794956922531128 3.668736547231674 0 97.77208096534014 58.2458915039897 96.8539581745863 100.3010577559471 23.50381235033274 3.750111609697342 151.5895751714706 0.8717551007866859 4.026907965540886 74.28830385953188 1.973089203238487 4.445536643266678 7.291273824870586 2.47341413795948 0 1.330419041216373 0.2622670829296112 0.9260875210165977 0.2214062362909317 1.382523581385612 1.08149079978466 0.8828760161995888 121.5655157715082 0 0 0 36.4205217063427 0.7382364869117737 4.143405079841614 0 0.2549731135368347 0.3818779438734055 10.54675228893757 2.987577557563782 3.979576900601387 7.6399055570364 12.19549624621868 1.891249090433121 58.10638099908829 22.29626259207726 84.93911783397198 20.24571313709021 0.6913405358791351 0 0 0 0 0 0 0 0 0 0 0 0.1853926032781601 0 0 0 0 0 0 0.7589812278747559 0 0 0.9636932462453842 0 47.83654298633337 1.405241653323174 34.89338531345129 9.253210425376892 1.946650922298431 0 0 0 0 0 0 0 0.1167590990662575 1.434535831212997 0 0 0 0 0.1733721494674683 0 0 0 0 0 0 0.1388755887746811 2.794709950685501 62.6824071854353 0.384914368391037 0.1149800643324852 0 0.1215306222438812 0 0 0 0 0 51.86771331727505 0.6136695444583893 0.5372774004936218 0 0 7.412763603031635 7.55761045217514 34.28698579221964 0 0 0.7904438152909279 0 0.2982120513916016 0 0 0 0 0 0 0 0 16.71693484485149 5.613992869853973 11.24668943881989 582.7005935236812 28.26473578810692 741.5740893855691 138.4679597467184 298.8174952939153 112.0937071070075 10.36878751963377 302.0907293632627 5.861880980432034 0 3.881380073726177 0.5143684297800064 12.33306805789471 0 0 8.971756786108017 3.790626809000969 0.9458364844322205
1859.432516552508 193.9781874939799 4.079961121082306 1694.501982428133 778.348990380764 1488.383644104004 2549.934815742075 0.5950204506516457 606.807753585279 0 5.704623959958553 1578.441932275891 13415.97726246715 760.8831893205643 17.09074211120605 1.944013267755508 0 0 0 0 0.1110286489129066 0 0 0 0 0.1199342086911201 0 0.4944829493761063 0 0 28.8969337567687 0.6038680821657181 5.147852331399918 0 0 0 87.86541095376015 0 0.1515859216451645 0.4444660246372223 0.9010683745145798 0.3069208785891533 0.1583077162504196 0.2357337102293968 0 0.1322783827781677 123.2324618697166 14.22806087136269 0.6137171909213066 0.1289793401956558 1.245729714632034 0 0 0 6.324904084205627 11.85237213224173 47.21171206235886 110.3848244324327 15.87360063195229 45.0302300080657 0 0 0 6.098148882389069 14.45146257430315 9.618162728846073 3.59682259708643 2.455459006130695 0.8451654016971588 0.1043226271867752 11.95234587788582 3.059387147426605 0 74.79134932905436 37.13655437529087 40.39853056520224 22.62165282666683 3.601406961679459 0.1320240050554276 0.6500514969229698 0.1162355616688728 0.2818298637866974 62.47995587438345 0.8243423849344254 4.916210100054741 5.513965129852295 1.011099614202976 0.262160949409008 0.2875316441059113 0.1646649986505508 0.4599388688802719 0 0.4424110054969788 1.148725517094135 0.1207709014415741 341.1764438152313 0 0 0.2360843345522881 819.869562715292 0 24.24825292825699 2.02051192522049 1.159627795219421 2.4350446164608 23.1917632818222 12.93362346291542 5.695003792643547 14.29826925694942 49.08293847739697 0 107.8550423234701 49.73964513838291 159.5790835469961 26.11884123086929 0.5637785792350769 0 0 0 0 0 0 0 0 0 0 0 0 0 0 0 0 0 0 0.6549656689167023 0.8196358680725098 0 0.2647309899330139 0 33.67774279415607 0.512684166431427 12.49436216801405 0.8403201997280121 1.0241858959198 0 0 0 0 0 0 0 0.2888370752334595 0.3351205289363861 0 0 0 0 0 0 0 0 1.545395620167255 0 0 0 0.318135678768158 30.54147863388062 0 0 0 0 0 0 0 0 0 51.05305801331997 0 0 0 0.2775630205869675 4.911641180515289 6.113915726542473 28.57778573036194 0.1225833743810654 0 0.1461727917194366 0 0 0 0 0.2405307367444038 0 0 0 0 0 26.57814560830593 1.167862519621849 4.154906779527664 546.2860913425684 12.84587602317333 556.9809011146426 94.31448079645634 2043.473298847675 121.8008553907275 7.501615345478058 190.8824792802334 1.156615152955055 0.1657124757766724 0.9973295927047729 0.2206790596246719 130.7792928516865 1.017182499170303 0 1.581099987030029 2.121364369988441 0.5456134676933289
183.4044749438763 1747.348353609443 3200.957091040909 6.112135916948318 1992.298215381801 1.572241857647896 47.46237085014582 2091.782854445279 3869.265683740377 5.704623959958553 0 0 1369.523715808988 4227.564409792423 25.91685409843922 12.4882505312562 1.201142504811287 0.2630289047956467 0 0.9450868293642998 1.070719204843044 0 0 0.4742410331964493 6.134368278086185 1.705076679587364 0 0.2406078577041626 0 0 817.3353654444218 53.86116211116314 19.41213090717793 0 1.300766430795193 4.491861179471016 47.79494519531727 2.578699298202991 0.9871566370129585 0.8028533086180687 7.624772511422634 2.129823304712772 0.5659445077180862 1.10422120988369 0.2126081734895706 0.8218876719474792 111.9381153583527 8.577196054160595 0.388461597263813 1.00236651301384 4.508994050323963 0 0 0 4.384657867252827 5.703609876334667 18.76753330230713 147.2020038738847 8.948597364127636 41.12960482388735 3.149397537112236 4.835242345929146 1.799116902053356 39.73264891654253 7.393591940402985 7.780910767614841 6.783226281404495 6.01298613101244 2.179939858615398 15.12489068508148 4.519915133714676 0.7627349644899368 0.1304666996002197 69.17076475173235 44.56928658485413 49.15084404498339 47.58505748212337 21.8757336512208 150.1593518406153 928.5511147975922 1.393486477434635 37.12584418803453 41.30124222487211 0.8155167698860168 3.277593962848186 5.939194031059742 0.8937424197793007 0.09711143374443054 0.2180541232228279 0 0.9961790889501572 0 6.089022427797318 0.6941505074501038 0 1.86700738966465 0 0 0 81.37680269777775 0 0 0 0 0 0 0 0 0.1589398682117462 0 0 0.5934568345546722 0.2669768631458282 3.623344585299492 2.141817711293697 0 0 0 0 0 0 0 0 0 0 0.124911330640316 0 0 0 0 0 0 0 0 0 0 0 0 0.1778591126203537 1.565037257969379 0.1097903326153755 2.601276859641075 0.4063912853598595 0 0 0 0 0 0 0 0 0 0 0 0 0.1276903450489044 0 0 0 0 0 0 0 0 0 0 3.995297148823738 0 0 0 0 0 0.1606579571962357 0 0 0 2.7564527541399 0 0 0 0.2482208386063576 0.737514540553093 0.1173881739377975 0.871849037706852 0 0.1323511302471161 0 0 0 0 0 0 0 0.433713972568512 0 0.1241897270083427 0 0.1246018186211586 0.2502553090453148 1.260386303067207 118.6570287868381 8.998999647796154 252.3275860026479 35.51957035809755 75.98798960447311 37.78124766051769 1.553332939743996 66.58502477407455 1.371291935443878 0 0.4233015328645706 0 1.478765606880188 0 0 0.7947323620319366 1.457388937473297 1.35213029384613
28.80977685749531 6.806387722492218 2.153451561927795 90.01794943213463 21.43254937231541 326.2878817021847 231.5677667036653 1.44779360294342 54.23016159236431 1578.441932275891 0 0 3345.494338557124 205.6486179679632 7.035258203744888 6.088898196816444 0.8670066595077515 0 0 0.3686852157115936 0.2045950442552567 0 0 0 0.4654690325260162 0 0 0 0 0 2.825082674622536 0 24.05630932748318 0 0 0 472.3288490474224 0.8299089372158051 1.402868553996086 0.523248553276062 0.6313760429620743 0.4727481305599213 0 0.9953946024179459 0 0 25.88942594081163 0.6335246339440346 0 0 0.9615502208471298 0 0 0.6176933348178864 0.8447675853967667 0.6323846131563187 3.021163761615753 5.807903937995434 0.6905085146427155 6.491018779575825 1.206955790519714 2.497841507196426 0.1397959142923355 1.976814940571785 0.84873116761446 0.5935196653008461 1.728225916624069 0.8964953124523163 0.4288048446178436 0.6655615717172623 122.9169928207994 36.10781073570251 0 5.305967129766941 4.244945243000984 10.75466130673885 7.457572802901268 4.918812334537506 0 18.6490296125412 0.3755201697349548 1.443647474050522 5.237889416515827 0.1527929604053497 0.4750271588563919 0.461514338850975 0.1062641516327858 0 0.2296016290783882 0 0 0.67316984385252 0.4782000780105591 0 0.1446699500083923 1279.114668607712 0.3022927641868591 2.194821119308472 4.785114288330078 59.64283905923367 2.307111099362373 7.221574619412422 1.04984875023365 0.158280685544014 1.373350635170937 32.91988237202168 4.34555672109127 10.99101622402668 14.64867128431797 18.71813969314098 1.011786371469498 169.4821008369327 75.4955627322197 344.5136908814311 70.47320015728474 1.055833868682384 0.3677090853452682 0.1873494982719421 0 0 0 0 0 0 0 0 0 0 0.1660734415054321 0.4360027313232422 0 0 0 0 4.435018606483936 1.104654498398304 0 1.788828864693642 0 166.0613699182868 4.189916595816612 82.05159957706928 23.55596659332514 2.201406911015511 0 0 0.1181653663516045 0 0.4655362218618393 0.3630627393722534 0.1955349445343018 0.6937165856361389 3.468917898833752 0.1058823019266129 0 0.1967618763446808 0.3195388615131378 0 0 0.2876227349042892 0 0.6638346016407013 0.7754644900560379 0 0.1390522867441177 1.509822353720665 156.2281411215663 0.344391405582428 0.2652212679386139 0.09666827321052551 0.08516345173120499 0 0 0 0 0.1776568591594696 218.8849877268076 2.581819161772728 0 0 0 22.42169327288866 19.81232108920813 98.8965604826808 1.008499898016453 0.2568986043334007 1.652171775698662 0.2855789065361023 0.7283982038497925 0 0 0.2893103882670403 0 0 0 0 0.2142819166183472 61.44453701376915 16.95363476872444 47.18976646661758 168.8421601057053 5.761397108435631 94.55961595475674 23.94801888614893 187.0202448442578 14.05937959253788 2.048613980412483 62.48641487210989 12.47921434789896 0 7.186760999262333 0 54.37776259332895 0.8407809138298035 0 2.21421580016613 1.285137265920639 0.2723318338394165
158.2507571578026 916.8740846738219 372.9453774243593 263.4039617776871 849.6281572878361 487.728953525424 1804.547302998602 253.5010492354631 659.4434397667646 13415.97726246715 1369.523715808988 3345.494338557124 0 2358.392473302782 194.3384865298867 113.2100872173905 26.34027926623821 0.3222474902868271 0 2.406480722129345 6.026462934911251 0 0 0.7293990179896355 16.37425202131271 6.136181697249413 0 0.4474542140960693 0.3186346292495728 0 169.7607045024633 4.315178945660591 391.3613054379821 0 2.077800750732422 5.427407972514629 280.1274722069502 7.870645865797997 11.21770739555359 1.458212122321129 21.87067517638206 7.005021534860134 1.180358417332172 7.635441720485687 0.2584781646728516 3.030702650547028 373.6419849768281 17.18794368952513 0.7419991344213486 1.18691735714674 17.54885156452656 0.6995203197002411 4.128360748291016 1.058305621147156 5.850011087954044 12.46508103609085 19.98918045312166 75.08694803714752 15.12978168576956 85.48596441745758 7.525330051779747 27.02308604866266 3.691241323947906 82.22219909727573 11.15043156594038 17.42236141115427 26.22887749969959 29.27289750427008 14.47862438857555 56.79309401661158 217.8764054626226 86.01360395550728 0 82.61932926625013 66.65824741125107 166.0353657379746 233.4413298070431 201.2411635220051 3.637654557824135 706.295828923583 3.33984212577343 28.20219085365534 61.93416808545589 2.808437511324883 7.917417846620083 14.94583792239428 4.017996266484261 0.1217344701290131 1.582894384860992 0.1344062238931656 2.039009042084217 0.43289565294981 22.39206184446812 4.724018812179565 1.259338989853859 2960.660350039601 7.551729187369347 0.7840215563774109 19.64385087043047 129.2290482372046 5.956246070563793 19.06914129853249 8.605896070599556 30.80659666657448 6.569402992725372 79.67735724151134 15.90641932189465 15.15179142355919 64.48946034908295 90.9667349755764 6.164885610342026 446.1400024741888 224.8189358860254 825.3055085390806 227.0552804470062 3.643263980746269 2.656410306692123 0.1592028141021729 0.6936852037906647 0 0 0 0 0.1479404866695404 0 0 0 0 0.6364649087190628 0.899772085249424 0.8658286333084106 0.135521188378334 0 0 8.660451114177704 5.325132325291634 0 8.501989081501961 0 471.4205664694309 18.2603110447526 295.218605838716 85.11117774993181 11.2166125997901 0.2168511003255844 0.1804842352867126 0.5116523951292038 0.2168165296316147 1.929370805621147 0.2898860275745392 0 2.073018260300159 9.149192936718464 0.5664930865168571 0 0.7774561792612076 0.8684842735528946 0.3681901544332504 0 0.707205668091774 0 3.233984768390656 1.775541342794895 0.1613316535949707 1.670382842421532 15.0407684892416 625.5652993246913 1.07627347111702 0.4324397891759872 0.5790161490440369 0.1028948724269867 0.3665620982646942 0.1276116520166397 0.1578544676303864 0 0.58519247174263 634.2015624716878 8.135385140776634 0.2983422875404358 0.1412893533706665 0.2963302880525589 74.29037529230118 81.29077538102865 431.0391422659159 2.870289951562881 1.195783294737339 2.88538733869791 0.9405395686626434 1.229178793728352 0.1102474108338356 0 0.1579568833112717 0 0 0.1582157909870148 0 0.6950322091579437 146.8801576420665 57.88840682804585 173.8043222650886 2177.021298095584 84.72709523886442 1104.605292223394 293.0432338938117 506.3874679207802 153.6431009322405 25.70086894929409 1045.406141415238 50.15091225504875 1.329797431826591 37.92262668907642 2.189456932246685 134.353511698544 5.580683872103691 1.409365296363831 55.84071604907513 34.33699588477612 9.413035050034523
164.8510520607233 1672.16980407387 918.9668929800391 55.67245226353407 2683.076477855444 40.59969283640385 1248.913971930742 788.6111867949367 1514.420358791947 760.8831893205643 4227.564409792423 205.6486179679632 2358.392473302782 0 88.10141586512327 55.29018602520227 15.13630402088165 0 0 1.331453308463097 5.525882013142109 0 0 1.096793316304684 16.8452910259366 4.122627973556519 0 0.6246608570218086 0 0 277.9561587646604 3.774228826165199 633.4579186886549 0.7622649967670441 1.892395220696926 4.702277816832066 1077.422232821584 12.67779445648193 9.90935429930687 2.282795116305351 27.29236109554768 5.874925941228867 0.8273453041911125 6.704293198883533 0.2237584590911865 2.862807385623455 198.3394919410348 9.369001835584641 0.6825518757104874 1.390885874629021 14.39286177605391 0.4040324985980988 0.4157882481813431 1.236099034547806 4.378956399857998 8.123698778450489 15.05345426499844 75.88998718559742 9.855104371905327 50.55736499279737 7.704905234277248 32.44153121858835 1.65393653512001 44.75042545050383 8.22233734279871 12.58686324954033 16.47284182161093 21.34373378753662 8.976343020796776 43.85302860289812 195.5273011401296 28.95148493349552 0.1514018476009369 69.90920053422451 48.14013290405273 94.48369880020618 110.5499652028084 87.82872688025236 4.06199998408556 1261.761767663062 1.938624270260334 22.86253261566162 41.45221458375454 1.360431954264641 3.988731905817986 7.548611618578434 1.604707390069962 0 0.7508736029267311 0 1.094510622322559 0 19.51153000444174 2.631565324962139 0.8687344416975975 232.5093005746603 1.585049480199814 0.3974109664559364 0.9648641794919968 45.35428595542908 0.6641770675778389 0 0 0 0.8979132175445557 13.41268447041512 1.871466845273972 1.550815209746361 10.93309861421585 10.59872078895569 1.848177090287209 86.24420022964478 41.63283645361662 139.7636754661798 37.54368964582682 0.5118784159421921 0.4762409850955009 0 0 0 0 0 0 0 0 0.5193581879138947 0 0.1094949543476105 0 0.6402994245290756 0.1758609712123871 0.157880887389183 0 0.1231708526611328 3.235521055757999 0.8694794625043869 0 4.95891822129488 0.1591942757368088 122.1632260233164 5.050129674375057 79.2339183986187 28.31412618607283 5.331125490367413 0.148562103509903 0 0 0 0.323988288640976 0.1311066001653671 0 0.9053503945469856 2.206769108772278 0 0 0.155234768986702 1.185941815376282 0.2334603071212769 0.4546433985233307 0.2254682630300522 0 0.3349834680557251 0.2053358852863312 0 0.5503449440002441 2.727327421307564 138.2986558377743 0.5239831060171127 0.407509446144104 0 0 0.09360183775424957 0 0 0.1232106238603592 0 137.5765775442123 2.208230912685394 0 0 0 17.35475972294807 17.32632594555616 113.6375249996781 0.1933905184268951 0.677273690700531 1.501745894551277 0.6411280333995819 0.4208053052425385 0 0 0 0 0 0 0 0.2016485929489136 20.91233799606562 16.48327554017305 52.25724751502275 881.5294324085116 33.50222439318895 563.7096047177911 132.6290299370885 175.0689720213413 73.03344193100929 13.69565442204475 397.3282765299082 18.13427592068911 0.4494029581546783 11.59219700098038 0.1624913513660431 32.41466785222292 0.7984417155385017 0 20.19840130209923 10.72989679127932 5.232335716485977
2.228668496012688 15.29546818882227 12.08320480585098 4.409643352031708 37.12912228703499 1.748490825295448 37.36840287595987 45.61968736350536 66.25542657077312 17.09074211120605 25.91685409843922 7.035258203744888 194.3384865298867 88.10141586512327 0 2195.328197032213 639.327540576458 7.707711935043335 149.8986242264509 144.8471065312624 8.009522542357445 0 0.2510181963443756 0.7562701851129532 6.955896325409412 2.998821839690208 0 4.521592304110527 0 0 12.47075318545103 10.43019422888756 54.13423895090818 22.01864363253117 0.2534092590212822 14.11050505191088 102.3040797188878 48.65857866406441 27.57692286372185 15.02623708546162 5.731028974056244 4.648675195872784 9.53303924202919 2016.087076812983 183.4426731020212 179.0789887160063 359.055771663785 23.34529513120651 38.81118975579739 35.88331391662359 11.26884312927723 0.3073251694440842 0 0.6921060085296631 0.6465450376272202 1.147925369441509 3.610538706183434 7.366872102022171 1.596181251108646 528.5213907957077 126.0745000392199 84.02984521538019 9.954086259007454 8.499822698533535 2.536787889897823 14.27481668442488 6.612273223698139 41.07482629269361 68.88560517132282 17.93252126127481 32.05646240711212 7.219858720898628 0 342.2201388552785 9.465621836483479 1293.098143473268 778.5053452625871 2413.185821376741 35.44004901498556 139.0147742927074 285.7878045663238 136.748538069427 18.02983821183443 0 9.800661854445934 1.546042367815971 64.47526159882545 0 0.4895519763231277 0.3133607059717178 5.697146892547607 0.9767767190933228 9.058587953448296 2.198563024401665 1.350799895823002 19.744255438447 11.47372102737427 0.4067153781652451 8.167184464633465 1.489928968250751 0 0 0 0 0 0 0 0 0 0 0 0.1670387983322144 0 0.8996431156992912 0.6971462517976761 0 0.1504212915897369 0 0.3193288147449493 0 0 0 0 0 0 0 0 0.1240347474813461 0 0 0 0.5627072900533676 0 0 0 0 0 0.8650599122047424 0.1994760781526566 3.989987939596176 0.579682394862175 5.157844439148903 7.263106800615788 1.53022925555706 0 0 0 0 0 0 0 0 0 0 0 0 0.4001823961734772 0.1180466935038567 0 0 0 0 0 0 0 0.7856316864490509 3.018999397754669 0 0 0 0 0 0 0.1877565979957581 0 0 2.391463592648506 0.4170695096254349 0 0.3754507005214691 0.2178223729133606 0.1265978366136551 0.7329851090908051 2.39285697042942 0 0 0 0 0 0.194974347949028 0 0 0 0 0 0 0 0.2592154145240784 3.635755777359009 7.172703251242638 14.20020437985659 8.004595465958118 164.3410182744265 17.52282149344683 3.402358703315258 1.674587853252888 0 3.878443732857704 0.4221503734588623 0 0.1195733994245529 0 0.8581873178482056 0.1563859581947327 0 0.117602102458477 0.4738075435161591 0
