0 2883.595198199153 489.5569241791964 2080.237453073263 688.2036642730236 125.3265616446733 1865.926702775061 52.43138417601585 170.9857736453414 3528.78604657948 302.0117835924029 414.6358566507697 594.4026861414313 194.423061683774 0.7343814820051193 0 0 0 0 0 0.727198600769043 0.4776211678981781 0 0 0.1460690796375275 0.1624702364206314 0.3936138227581978 0 0.1533787399530411 0 773.4677158072591 16.21321611851454 14.55213303864002 0 0.5032162070274353 1.15624663233757 2.32475907355547 1.125937789678574 1.493590958416462 0.2287357002496719 0.6790442764759064 0.9109176993370056 0 0.3298527449369431 0 0 29.44965767115355 2.140467345714569 0 0.1171122938394547 0 2.354577094316483 0 0 1.40958297252655 3.826158106327057 321.2340527251363 1379.662565387785 21.47460877895355 37.93623401969671 0.2436592131853104 0.5307966023683548 0 1.953312940895557 2.490862987935543 1.012357249855995 0.637755386531353 0 0 0.1003963723778725 13.99174362421036 25.61085000634193 0 251.8108000680804 28.61861468106508 23.78332218527794 1.701012633740902 0 1.103861287236214 50.9545703753829 0.1195264160633087 7.205212190747261 6.999632745981216 0.9512024223804474 0.5517291575670242 2.576419770717621 0.7734770849347115 1.448352247476578 1.824688032269478 1.56564137339592 0 1.023391023278236 0.1658620089292526 0.2247497588396072 0.4947839677333832 119.0314332842827 1.597625657916069 0 2.207757964730263 928.2875968962908 0 1.596528649330139 3.124757990241051 0 0.1364792138338089 26.57719531655312 0.6760796159505844 2.272000819444656 36.65360082685947 4.069158494472504 0 9.054634034633636 7.695466190576553 9.402703769505024 1.168601721525192 0 0 0 0 0 0 0 0 0 0 0 0.1688094884157181 0 0 0 0 0 0 0 0 0 0 0 0 0.9417919218540192 0 0.5779827535152435 0.136411726474762 0 0 0 0 0 0 0 0 0 0 0 0 0 0.4588549733161926 0 0 0 0.09818587452173233 0 0 0 0 0.2677346765995026 1.280297920107841 0 0 0 0 0 0 0 0 0 2.652208998799324 0.8992168307304382 0 0 0.1983959823846817 1.275675535202026 0 0.4022005870938301 0.9391480833292007 0.6899827122688293 0 0 0 0 0 0 0 0 0 0 0 2.58079132437706 0.3708055466413498 0.724745124578476 135.2109282165766 5.061364136636257 69.95438473671675 7.901426292955875 980.3251506760716 41.9354864731431 8.282004497945309 8.190307460725307 0.9029862880706787 1.064842343330383 1.575526148080826 0.3537229597568512 6.099813982844353 0.1130281612277031 0 0 1.405638784170151 0
2883.595198199153 0 1737.92427212745 436.065916582942 4703.393545508385 36.06503622233868 2632.584024913609 508.5061396211386 3853.164974212646 164.6528304070234 1434.20703573525 467.8313651829958 1750.535350881517 2343.126390442252 15.70467506349087 2.471295893192291 0.5842560976743698 0.3520304933190346 0.228790171444416 0.165014386177063 0.09045281261205673 0 1.976289592683315 1.109148979187012 0.9454612284898758 2.042048439383507 1.813496544957161 1.357117116451263 0 0 1305.908739864826 109.9221352338791 51.76518657803535 0 2.069643244147301 0.3807409256696701 9.145728811621666 2.985734835267067 3.407662071287632 2.062388896942139 0.6456708610057831 0.6459920108318329 0.1272337287664413 0.5157200247049332 0.1067279651761055 0.5951377898454666 292.4330978095531 11.25897897779942 1.485235057771206 0.8948209658265114 1.919909060001373 0 0.2414326667785645 0.7707140892744064 9.610385850071907 34.28277014195919 159.6310968995094 654.9096614941955 23.11403261870146 137.3716860413551 1.085996709764004 7.013640604913235 0.1080812141299248 35.29419475793839 24.97584244608879 8.121237941086292 5.859075292944908 1.99213919043541 0.6547941565513611 2.097054123878479 22.38003941625357 6.766701057553291 0.4853353500366211 414.6052713096142 153.5644156113267 142.1318054646254 32.42614745348692 1.23976331949234 16.36567577719688 223.3910766169429 0.3656906485557556 14.66965220868587 37.75968162715435 5.246388338506222 2.17844695597887 20.41086477041245 3.499693505465984 0.0979243665933609 1.149907924234867 0 0.5625348091125488 0.1209231615066528 0.7478176131844521 0.7797728106379509 0.1489372700452805 153.6213777214289 5.588249549269676 1.04456040263176 5.425982072949409 580.4669426232576 2.506798326969147 6.450403183698654 27.17373852431774 5.049029394984245 4.741923280060291 107.1367279738188 12.13098447024822 19.41808991879225 60.62947773933411 40.82096552848816 0.4094576090574265 129.6282228529453 89.02366767078638 98.28165608644485 30.0576790869236 0.605265349149704 0.3328942060470581 0 0 0 0 0 0 0 0 0 0 0 0 0.1387327611446381 0 0 0.148056373000145 0 6.281624346971512 1.267309822142124 0 0 0 16.28458521515131 0 5.846148587763309 0.8406554087996483 0.1919045001268387 0 0 0 0 0.1860817223787308 0.2942648530006409 0 7.397547587752342 2.787525504827499 0.6499256640672684 0.7287800908088684 0 0.1984305381774902 0 0 1.637856423854828 0.1716823726892471 3.312882892787457 0.9087261855602264 0 0 0.1722896993160248 22.34896194934845 0 2.919954612851143 1.058245271444321 0.3403191491961479 0.3163789883255959 0 0 0 0 56.12807695567608 1.544719561934471 0 0 0.419115275144577 11.28548437356949 3.15278484672308 13.974211409688 9.463511690497398 8.421443164348602 1.134982526302338 0.6839890629053116 1.441743761301041 0.8930177167057991 0 0 0 0.1068776398897171 0 0 0 32.36688458919525 5.450625956058502 4.288991048932076 372.6411958932877 23.14783038944006 633.7591268420219 113.8357499465346 357.5192289724946 115.3094866648316 33.36868355423212 234.9604548737407 12.59605661779642 1.344971418380737 28.5390060544014 3.99270486086607 66.78347419202328 3.928100228309631 0 4.196858316659927 4.94265703856945 0.8923683762550354
489.5569241791964 1737.92427212745 0 41.3293127939105 364.2601447626948 1.416727021336555 69.64677758514881 3183.777909182012 1798.507781684399 0.6770321726799011 4875.749230504036 232.479473926127 714.321912035346 1699.752962194383 11.50911065191031 2.465036697685719 1.620658844709396 0.1220134645700455 0 2.530338481068611 12.04972112178802 1.426797494292259 15.67776513844728 11.9241670742631 13.53715017437935 16.10303243249655 24.96957687288523 7.588864371180534 0.9592062383890152 0.9853506237268448 5082.910615429282 766.0441211014986 130.0890790596604 0.5608266294002533 19.4053251221776 12.52022828906775 29.16499314457178 16.97463241219521 8.614595733582973 11.28323172032833 13.27959456294775 1.402481928467751 0.8163326978683472 3.307147271931171 0.6498722285032272 1.895774245262146 53.58640808612108 1.772068828344345 0.8300706222653389 0.1147217005491257 0.9652014672756195 0.4792142361402512 0.9064253121614456 1.63808973133564 2.624312348663807 6.537424810230732 134.9221422225237 1073.456756278872 12.30082349479198 30.45430490374565 13.36544995009899 23.58525299280882 3.532617963850498 202.2505735680461 3.801817998290062 1.85356217622757 0.720550574362278 1.02350977063179 6.324878789484501 20.7374260649085 18.20176491141319 6.702671959996223 0 166.4771037399769 81.45640405267477 36.46868573874235 11.50823348760605 2.464122429490089 161.3955092430115 1096.707654736936 7.098958224058151 132.5012829825282 7.825434103608131 1.907496221363544 0.9735695421695709 3.848708979785442 2.119616292417049 0.344991609454155 0.1144575476646423 0.112358994781971 0.3373024463653564 0.510922834277153 9.015306890010834 1.604259364306927 0.1650406569242477 37.65563137084246 0.3908652663230896 0.3181024044752121 3.334580264985561 296.861451677978 0 0 1.125186115503311 0.1869212538003922 0.2171503752470016 1.979738608002663 0.2078783214092255 1.000657618045807 1.983992606401443 0.3988942354917526 0.6175413727760315 6.801873713731766 4.230713032186031 2.655678555369377 5.757725358009338 0.4614334926009178 0.4890636801719666 0.1595634520053864 0 0 0 0.1581012457609177 0 0 0.4215519577264786 0.4477380961179733 0 0.1369022727012634 0 0.203536719083786 0.5354243665933609 0.3533895164728165 0.5683505684137344 0 0 0 0 0 0.2647170126438141 3.435383081436157 0.4788583517074585 1.780775174498558 1.310646779835224 0.3012836128473282 0.3005999326705933 0 0 0 0 0.3000569641590118 0 0.1240357160568237 0.1287174820899963 0 0 0 0.7601768672466278 0.3174381107091904 0 0.1406267881393433 0 0 0 0 0.579040065407753 0.3505105972290039 3.123828403651714 0.248727485537529 0 0 0 0 0 0 0 0.1280466765165329 7.871190220117569 0.8635020107030869 0 0 0 1.435252510011196 0.8003172874450684 2.971562534570694 0.6443715691566467 0 0.2035323977470398 0 0.1152732744812965 0 0 0 0 0 0 0 0 1.14181187748909 2.519484609365463 2.621767550706863 49.44966477900743 8.166873916983604 102.7456640228629 20.64068070799112 22.82370334118605 23.58640322089195 9.400023087859154 21.98929259926081 1.823869168758392 0.4826276898384094 3.592397294938564 0.3138221576809883 3.958184793591499 0.226503923535347 0 0.1944972574710846 2.781662553548813 0.3095456659793854
2080.237453073263 436.065916582942 41.3293127939105 0 248.369792163372 253.0557473599911 1809.980884552002 0.1852319985628128 191.6190524995327 3417.302548617125 35.56138271093369 1425.751760683954 3047.814606435597 120.2133983373642 1.59661690145731 0.3075176477432251 0 0 0.5036905705928802 0 0 0 0 0.102094754576683 0 0 0.1087834388017654 0.1501391679048538 0 0 88.78929364681244 0.5994058400392532 1.883484393358231 0 0 0.1163758859038353 0.8962375521659851 0.1250873357057571 0.1935698390007019 0.3933476805686951 0 0.1293821334838867 0 0 0 0.1174201667308807 34.53891202062368 1.473120175302029 0.6915294528007507 0.1323572099208832 0.3656235113739967 0.4436425864696503 0 0 2.620870523154736 7.407348111271858 60.28867249935865 179.1076119616628 6.364743053913116 29.81967791169882 0 0 0 2.647826984524727 4.090542979538441 1.306073226034641 0.6553480327129364 0.9750695005059242 0.0860714390873909 0.09936531633138657 3.107218891382217 1.358642101287842 0 102.4478322714567 26.20596043765545 21.53336157649755 1.472963526844978 0.120232105255127 0 2.30074667930603 0 0.6197171285748482 6.668512165546417 1.782953321933746 0.4551700279116631 3.114656016230583 0.5050242617726326 0 0.2187982201576233 0.1545805037021637 0.312534511089325 0 0 0.2034676447510719 0.1510011404752731 97.25527776777744 0 0 0 303.4906320720911 0.4460189342498779 6.909229651093483 12.55685895681381 0.6703522205352783 1.459975749254227 95.14738313853741 6.266131639480591 5.643782258033752 47.96213537454605 29.58736445009708 0 51.9620177000761 32.93250598013401 30.63816313445568 5.725954249501228 0.2770856916904449 0.4985727369785309 0 0 0 0 0 0 0 0 0 0 0 0 0 0 0 0 0 0.804565504193306 0.3086346387863159 0 0 0 2.817869678139687 0 1.001709029078484 0 0 0.1934341639280319 0 0.1217240989208221 0 0.356934130191803 0 0 1.134828388690948 0.6214106529951096 0 0 0.1832820177078247 0 0 0 0.6259069442749023 0 0 0 0.2823647260665894 0 0 4.883596017956734 0 0.6341105699539185 0.4113311469554901 0 0 0 0 0 0 14.43692842125893 0.7532294988632202 0 0 0.2655001878738403 2.027905896306038 0.4424940794706345 2.884480163455009 0.2463544905185699 2.29041263461113 1.065742462873459 0.1522250473499298 0.3997210264205933 0 0 0 0 0 0 0 0 14.17389215528965 1.301081344485283 0 182.2652349323034 9.954040043056011 74.95625828951597 10.47385840117931 766.1112704873085 22.82548112422228 4.871735781431198 18.59025324136019 8.048148185014725 0 5.880072802305222 0.7534316629171371 33.35287396609783 0.7628374695777893 0 0.7842409312725067 0 0
688.2036642730236 4703.393545508385 364.2601447626948 248.369792163372 0 3.355555161833763 1564.518225207925 36.62122014164925 6082.470710732043 57.13265073299408 615.6105482652783 63.94697821885347 431.797016069293 957.5341039970517 7.683792240917683 0.2924889177083969 0.8776862844824791 0.4268931895494461 0 0 0 0 0.115933284163475 0 0 0 0.3057810217142105 0.1287325322628021 0 0 187.0385048314929 6.260883644223213 5.690568491816521 0 0.149529829621315 0 0.4261856228113174 0.2003848701715469 0.3287683129310608 0.1358635574579239 0 0 0.134217768907547 0.3046002760529518 0 0 110.7258647307754 2.032513298094273 0.2312625646591187 0.5874653160572052 0.1229366585612297 0.1743264943361282 0 0 2.556976675987244 9.303104616701603 26.40632534772158 116.4545426219702 4.698956109583378 40.42711971700191 0.301114909350872 0.4327072352170944 0 11.0665058195591 6.483242072165012 1.787153922021389 1.560112498700619 0.3657957911491394 0.2991362139582634 0.1167629435658455 9.172643527388573 2.361793622374535 0 80.89676304906607 37.99958988279104 44.19044607877731 17.573141887784 0.5756331086158752 0.8628878742456436 9.509458519518375 0.1368389278650284 0.4935953393578529 9.292422458529472 1.580163717269897 0.3388775438070297 6.393537014722824 0.8652673214673996 0 0.4314591512084007 0 0.1690406948328018 0.1691092550754547 0.3986210972070694 0.1137231439352036 0.117472730576992 64.24249483644962 0 0.5554150938987732 0.4634879231452942 92.04672164469957 1.035456746816635 2.481501638889313 19.84176558256149 2.186414539813995 1.622678250074387 48.08252095431089 8.057173416018486 12.96772463619709 35.77113685011864 27.73160171508789 0 69.32170531153679 53.70800583064556 50.36849234998226 22.36414289474487 0 0 0 0 0 0 0.3577256798744202 0 0 0 0.3059502840042114 0 0 0 0 0 0 0 0 0.9708466678857803 0 0 0 0 9.924392640590668 0 4.442062839865685 0 0 0 0 0 0 0 0 0 2.187550321221352 0.7236829698085785 0 0 0.4652434289455414 0 0 0 1.686196520924568 0 0.9877014011144638 0.5365543961524963 0 0.1544861942529678 0 11.32777082920074 0 1.623499289155006 0.181714192032814 0 0 0 0 0 0 33.04283172637224 0.4487978667020798 0 0 0 3.494392201304436 2.294311046600342 5.541783526539803 2.545432448387146 1.482193648815155 1.087797164916992 0 0 0.4569256156682968 0 0 0 0 0 0 0 20.74543587863445 4.24627423286438 1.200740203261375 143.0550375431776 11.76486486196518 234.8026001378894 52.92543430626392 62.12163635343313 42.71474010497332 12.89776627719402 107.120202280581 3.117622420191765 0.7337315678596497 12.13560941815376 2.28628396242857 24.08874210715294 1.653080224990845 0.5464567542076111 1.271202683448792 1.709649413824081 0
125.3265616446733 36.06503622233868 1.416727021336555 253.0557473599911 3.355555161833763 0 128.0540458261967 0 24.34808620810509 625.515831515193 0.6678778082132339 277.4575608819723 170.239555567503 47.85506883263588 0 0.1493000686168671 0 0 0 0 0 4.306365147233009 0 0 0 0 0 0 0 0 3.732427269220352 0 27.11095699667931 0 0 0 8.2621680945158 0 7.205264583230019 0.5664706379175186 0 0 0 0 0 0 1.028894573450089 0 0 0 0.3639330565929413 26.22202897071838 0.5301065295934677 0.4786702245473862 0 0 281.5427338331938 90.17745247483253 2.060240916907787 1.096969723701477 0 6.060117766261101 0 0.1266578286886215 0.1555186957120895 0 0.5477043837308884 0 0 0 99.36398217082024 215.9997655451298 1.631390169262886 2.739759929478168 0.4043826311826706 1.249327138066292 0 0 0 8.917374521493912 0 0 0.1304455548524857 0 0 0.19632288813591 0 12.76017451286316 7.319033443927765 15.52289655804634 2.152062200009823 7.713900908827782 0 0 1.79832436144352 410.8271519094706 36.08248759806156 15.88574585318565 41.27704335749149 632.849866554141 0 0 0 0 0 2.567917466163635 0 0 1.374747857451439 1.710097000002861 0 2.068020895123482 0.801633894443512 0.9819569736719131 0.5509387850761414 0 0 0 0 0 0 0 0 0 0 0 0.2959132790565491 0 0 0.1391085684299469 0 0.6048563867807388 0.479498565196991 0 0 0 0 0 0 0.6085305213928223 0 0.1766207665205002 0.2913679778575897 0.9333330094814301 0 0 0 0 0 0 0 0 0 0 0 0 0.74383544921875 0 0 0 0 0 0 0 0 0 0 0 0 0 0 0 0 0 0 0 0.4974393993616104 2.352600008249283 0 0 0 0 0 0.4104013741016388 0 0 0 0 0 0 0.1042501553893089 0.1935096830129623 0 0 0 0 0 0.1606952250003815 0.5167058408260345 0 13.31134830415249 1.685527116060257 3.454630233347416 0.2831880375742912 298.2330437600613 4.580034852027893 0.3160032853484154 0.6221074163913727 3.752498090267181 0 0 0 2.069022983312607 0 0 0 0.2780630588531494 0
1865.926702775061 2632.584024913609 69.64677758514881 1809.980884552002 1564.518225207925 128.0540458261967 0 2.369072824716568 2412.065790779889 1493.456938400865 23.84003559499979 509.4136561006308 3820.106003075838 3144.951560311019 16.75306969881058 1.8987075984478 0.7781517207622528 0.2331290245056152 0 0.1290638595819473 0.3630504682660103 0 0.3582612350583076 0 0 0.7690988183021545 0.5984240770339966 0.4370760917663574 0.3687552511692047 0 210.5470385402441 9.139126390218735 12.01096709817648 0 0.1343351304531097 0.0874411016702652 2.487888857722282 0.3069622814655304 0.7085803002119064 0.3534500151872635 0 0.221657820045948 0.1723791360855103 0.1427123695611954 0 0.1239767149090767 319.7669832631946 13.26110781729221 1.268645226955414 0.9004420787096024 1.315353713929653 0.5680476576089859 0 0.4634677916765213 11.2570977434516 38.9979062974453 77.37818097323179 318.5774182230234 16.62702990323305 134.8849276080728 0.2336420789361 2.398855865001678 0.269881047308445 32.0055278763175 26.25664725154638 10.6716370806098 6.595026239752769 2.52506547421217 0.4906769394874573 0.5338736176490784 34.4728737026453 7.878472611308098 0 325.2732466906309 129.0808241069317 143.2026311084628 36.09486892074347 0.4748784303665161 0.4722276777029037 15.27016019821167 0.2946349307894707 0.730029933154583 38.29381225258112 5.020267084240913 2.405404627323151 21.87803307920694 4.054171025753021 0.2645797282457352 1.587940901517868 0 0 0.2776989713311195 1.056111805140972 1.391930043697357 1.157277353107929 359.1346558406949 6.95031413435936 0 1.711413159966469 207.3702638149261 3.106286846101284 25.50109314918518 99.00066351145506 14.23874291777611 14.95580654591322 183.2575594708323 38.0484960526228 55.74900075048208 186.2464228123426 132.3139205574989 2.323440462350845 370.4421823248267 289.4957038164139 241.5181505978107 78.52606175839901 0.7466021329164505 0.9807182997465134 0 0 0 0 0 0 0 0.7484753131866455 0 0 0.1780538260936737 0 0.1958450376987457 0.4380246698856354 0 0 0 11.28595507889986 2.565132930874825 0 0 0.1632141023874283 34.8480968400836 0 17.61353594809771 0.2873526215553284 0.3362091779708862 0.3847580254077911 0 0 0 0 0.1381293088197708 0 12.30577611923218 11.21756759285927 0.4614284038543701 0.7372267246246338 0.1810290962457657 0.1743008345365524 0 0.584001712501049 1.990608789026737 0.1164470538496971 1.834870599210262 4.345794916152954 0.1316619664430618 0 0 54.3368591889739 2.421104729175568 5.298120304942131 2.388929530978203 0.5209041982889175 0.652881495654583 0 0 0 0.2759678810834885 127.0095774531364 0.6456871032714844 0.2266078889369965 0 0 22.66168572753668 11.77985659986734 33.58187246322632 17.04868513345718 13.35052472352982 10.15266485512257 2.521404981613159 1.167341962456703 0.6483676731586456 0 0 0 0 0 0.2060115486383438 0 114.9786896035075 10.8822962641716 9.860347062349319 510.8482634872198 44.83891817182302 698.0539600104094 137.6655697152019 682.9532305523753 129.042071685195 44.96864265203476 291.4527508765459 20.09981781989336 2.774067960679531 42.89670202881098 8.103868372738361 158.866527736187 8.640126161277294 0 6.65464399009943 3.479083836078644 0.7863154262304306
52.43138417601585 508.5061396211386 3183.777909182012 0.1852319985628128 36.62122014164925 0 2.369072824716568 0 110.9833931773901 0.4988284856081009 4581.171328030527 38.45008727163076 105.8522298261523 358.6289645433426 37.61481383442879 10.38418038189411 1.720842838287354 0 0 3.625366277992725 28.70121188461781 0 24.31125088781118 13.55698285251856 21.62859567254782 22.89193814992905 29.74481704086065 10.27656106650829 1.116248935461044 0.134502574801445 1821.284535966814 1966.023806385696 97.90051698684692 1.320860177278519 29.34983697533607 35.77204760164022 33.71680772304535 63.99227279424667 4.40347021073103 29.82226697355509 13.69244670122862 1.293981462717056 0.5035390555858612 6.737815119326115 0.6581835448741913 4.162174567580223 261.9072933495045 6.417216010391712 1.472806021571159 0.6049582660198212 1.880032666027546 0 0.668849840760231 0.6198564022779465 3.590961575508118 13.56118068099022 96.51358254998922 536.8471283763647 10.90451997518539 77.81155779957771 54.10267026722431 95.84796810895205 9.282343149185181 500.3878917917609 11.09938450157642 4.207329951226711 2.033418074250221 0.9658705145120621 7.189716711640358 16.42129199951887 6.607963085174561 1.783607974648476 0 270.6946651488543 239.0735117197037 159.9557598754764 422.9222535714507 140.0871692076325 1078.12440238148 3139.724889926612 45.53828053921461 1042.42504362762 20.98406371474266 2.541428789496422 1.272798739373684 7.846454985439777 1.775505281984806 0 0.6266717314720154 0.1227113977074623 0.2316001728177071 0.1004301533102989 9.635061465203762 1.294950760900974 0.1428919732570648 6.902285292744637 0.5647395700216293 0.4566405415534973 2.637703970074654 88.98115416616201 0 0 0 0 0 0.8181577175855637 0 0 0 0.4513127207756042 0 0.3497668206691742 0.1512916088104248 0.1482621282339096 0.5614027082920074 0.1437578648328781 0.4047791361808777 0 0 0.1874548047780991 0 0 0 0 0.1796588450670242 0.3628262281417847 0 0.2050407528877258 0 0.1871972233057022 0.2466305792331696 0.1432142555713654 0.3795336335897446 0 0 0 0 0 0 2.228284798562527 0 1.578160241246223 1.40606415271759 0.1146827414631844 0.3761419653892517 0 0 0 0 0.6009610742330551 0 0.3502457588911057 0 0.2400397807359695 0 0 0.2992587983608246 0.1953525841236115 0 0 0 0 0 0 1.894709795713425 0.4624722450971603 2.661026105284691 0 0 0 0 0 0 0 0 0 3.132276982069016 0.6289410889148712 0 0 0 0.2632661610841751 0.249590091407299 1.427471540868282 0.1077169477939606 0 0.2960550487041473 0 0 0 0 0 0 0 0 0 0 0.1423165202140808 1.504388861358166 1.859653301537037 55.18083762377501 8.113034382462502 368.6448191106319 49.84914711862803 32.25751042366028 43.03910686075687 11.87019425630569 61.23624314367771 2.240942731499672 0.1398971676826477 1.498446337878704 0.2110357955098152 1.168111577630043 0 0.1275569051504135 0.2996862307190895 1.898647114634514 0.2106703817844391
170.9857736453414 3853.164974212646 1798.507781684399 191.6190524995327 6082.470710732043 24.34808620810509 2412.065790779889 110.9833931773901 0 390.1141433417797 2073.002228811383 159.2808779105544 1542.766632452607 2351.046335615218 29.62267061322927 1.539513252675533 1.037661895155907 0 0 0.2024053484201431 0.2443211525678635 0 0 0.1102336645126343 0.08838237076997757 0.1659219115972519 0 0.6871243417263031 0.4126394242048264 0 115.9908832162619 6.318397402763367 34.18186920881271 0 0 0 4.48380484431982 2.153799548745155 1.911898657679558 0.7883777618408203 0.2049030959606171 0.2777252942323685 0.2613827884197235 0.1703878045082092 0 0 186.721734508872 1.64387483894825 0.8003286197781563 0 0.5789263844490051 0 0 0 1.731955975294113 10.35539592802525 13.83631561696529 55.55790244042873 3.40316940844059 35.07397645711899 0 1.785506226122379 0.1773566007614136 12.40928494930267 4.945103853940964 1.796813726425171 1.552483566105366 0.7774859815835953 0 0 16.65836241841316 5.623507723212242 0 64.43264448642731 40.85851737111807 62.92365121096373 29.71039108932018 0.9326645657420158 0.1229708269238472 23.86644618213177 0.2985913753509521 0 9.667082652449608 1.459247000515461 0.989299476146698 5.565981961786747 0.8930062279105186 0 0 0 0.3092711120843887 0 0.1471391618251801 0.5605123862624168 0.4024227038025856 260.9396810531616 4.506052583456039 0.1934083551168442 2.430984854698181 33.83768471330404 2.501467779278755 14.01127118617296 52.82024532556534 4.826757073402405 8.659002870321274 118.8879445642233 19.94935002923012 30.81813855469227 103.0010020881891 65.81311421096325 1.588627710938454 230.3406635969877 159.3572877645493 160.9864127114415 51.98940970748663 0.1530892848968506 0.7832013815641403 0.369026780128479 0 0 0 0 0 0 0 0 0.3107129633426666 0 0 0 0 0 0 0 9.695584118366241 1.56811098754406 0 0 0 24.50449691712856 0 8.478916645050049 0.2744394913315773 0.1128663867712021 0 0 0.230595588684082 0 0.7072086930274963 0 0 7.573527194559574 4.11734676361084 1.248322978615761 0.1646250933408737 0 0.2945969104766846 0 0.272058866918087 1.043379500508308 0.1686552315950394 3.357456490397453 4.123175784945488 0 0 0.1846174895763397 30.43901640921831 1.32005999982357 1.88899764418602 0.1092944517731667 0.5145652443170547 0.3128148019313812 0.4293048977851868 0 0 0 89.25329668819904 1.610357567667961 0.3059220016002655 0 0 18.66433502733707 5.524047002196312 19.17976421117783 9.08360406011343 5.953157603740692 5.11874221265316 1.985869914293289 1.261223696172237 0.1584435999393463 0 0 0 0 0 0 0 78.93866035342216 12.18872071802616 4.245757602155209 515.5220114290714 25.53691142052412 409.4391244649887 110.1184256449342 126.120123885572 56.47320779412985 20.1949211359024 252.4917834475636 15.70428361743689 2.267870053648949 31.34460946917534 4.159219197928905 92.25243290513754 6.842453137040138 0.479242742061615 4.900492817163467 8.843162700533867 0.2728011310100555
3528.78604657948 164.6528304070234 0.6770321726799011 3417.302548617125 57.13265073299408 625.515831515193 1493.456938400865 0.4988284856081009 390.1141433417797 0 1.433677725493908 3148.015044182539 7268.042011529207 420.6306975930929 5.435804031789303 0.9988291710615158 0.5711803287267685 0.1101046204566956 0.1405562311410904 0.1091085821390152 0 0 0.1559251248836517 0 0 0.162414014339447 0.1086781919002533 0 0 0 40.47815157473087 0.6523941159248352 7.139689117670059 0 0 0 0.7877631634473801 0 0.1590277850627899 0.1144017279148102 0 0.3200452923774719 0 0 0 0 41.75776337832212 1.632429137825966 0.4258992373943329 0.1147163584828377 0.1081486195325851 0 0 0 1.409857384860516 6.934559628367424 103.2129712924361 161.9059021398425 7.261712111532688 39.23254598677158 0 1.70838263630867 0 3.992460325360298 4.113948941230774 1.657206684350967 1.267825439572334 0.9775970429182053 0 0.4964669644832611 27.7281568646431 4.951609626412392 0 103.071037389338 22.0102703794837 20.15760079026222 4.951074056327343 0.7194214165210724 0 1.432445764541626 0.1747486293315887 1.375333808362484 7.448480702936649 1.407938800752163 0.6370658203959465 3.210750110447407 0.5249896869063377 0.1007180586457253 0.3707861304283142 0 0.2651049792766571 0.2277884483337402 0.1096392124891281 0 0.1261439919471741 440.5035028606653 9.730737090110779 0 5.391823455691338 787.2332613766193 0.7531000822782516 11.44974891841412 39.81693861633539 3.741470858454704 7.567316144704819 148.6299510747194 32.30095463991165 22.4499209150672 73.75985230505466 79.91598750650883 1.777123257517815 159.8650334477425 153.9541682898998 116.2637905031443 19.87202808260918 0.1512701064348221 0 0 0 0 0.2240090817213058 0 0 0 0 0 0 0 0 0 0 0 0 0 6.673870041966438 0.2839857339859009 0 0 0 6.508180797100067 0 2.900556415319443 0 0 0 0 0 0 0 0 0 2.124217510223389 3.126559592783451 0 0 0 0 0 0 0.5949559509754181 0 0.7620491534471512 0.573879174888134 0.8220550417900085 0 0 12.41499564051628 0 1.271053418517113 0.4957078695297241 0 0 0 0 0 0 45.55054251849651 0.4504992961883545 0 0 0 6.822607100009918 2.177280396223068 4.763230621814728 2.411002799868584 3.199389010667801 1.307938173413277 1.142686054110527 0.1965462267398834 0 0 0 0 0 0 0 0 118.3604299426079 7.629431918263435 1.740492343902588 445.7411634773016 23.08258094638586 91.0379264652729 17.99001482874155 1595.907397516072 24.13828632235527 8.24357783049345 54.95206338912249 15.96483144164085 0.8571762293577194 11.55907496809959 0.984809011220932 60.8759448081255 1.430156901478767 0 1.730790227651596 2.190753996372223 0.3716945648193359
302.0117835924029 1434.20703573525 4875.749230504036 35.56138271093369 615.6105482652783 0.6678778082132339 23.84003559499979 4581.171328030527 2073.002228811383 1.433677725493908 0 143.9771073013544 1150.128410950303 2895.131128162146 99.73580995947123 8.275519356131554 2.932757765054703 0.2322895154356956 0 0 0.3593332767486572 0.4327722191810608 0.4152630642056465 1.198148526251316 0.6711454838514328 0.6001405045390129 0.9690791368484497 0.9862468838691711 0.679465264081955 0 1179.893544897437 245.5164813101292 172.65530782938 0.1152266263961792 1.05647049844265 1.688760109245777 37.03783727437258 10.81333557516336 8.013706848025322 8.212440840899944 0.2286268919706345 0.7579462379217148 0.08234898746013641 3.384092099964619 0 0.1412211805582047 480.3795506954193 7.813776232302189 0.5859831720590591 0.3965331390500069 0.5689220726490021 0.622056633234024 0.6742891818284988 0.2519076317548752 8.075489856302738 27.40984096378088 58.24883911013603 326.4679617136717 11.46299912780523 93.78568582236767 1.245775163173676 20.90712277591228 0.1035309433937073 65.9221492856741 17.71315980702639 5.760427817702293 3.679094068706036 1.796935245394707 1.177969224750996 3.294575102627277 15.94832886755466 7.212262541055679 0 228.5774137601256 177.6144324690104 214.8055268377066 121.3146023824811 15.49079471826553 426.8288714513183 491.7673028036952 1.637473255395889 30.43254916369915 20.13758035749197 3.876687049865723 1.909637458622456 17.77502788603306 2.264253206551075 0.1658957153558731 1.033947363495827 0.2443302199244499 0.3344739302992821 0.4115763530135155 2.241372883319855 0.4894860684871674 0.1572984755039215 46.00066621601582 4.480198711156845 0.2072049081325531 3.115359455347061 123.3332451209426 0 0.8526603132486343 4.021412268280983 0 0.9140942543745041 16.62747514992952 1.144071817398071 5.043306112289429 11.50168216228485 7.429780706763268 0 24.10210227966309 20.68897287547588 21.78836856037378 9.117812320590019 0 0 0 0 0 0 0 0 0 0 0 0 0 0 0.1175728067755699 0 0.2030988037586212 0 0 2.011287741363049 0.3790879845619202 0 0 0 7.224566139280796 0 3.261624984443188 0.5413865298032761 0.1677153706550598 0 0 0 0 0 0 0 1.268842339515686 1.701487302780151 0 0 0 0.1331308931112289 0 0 0.5586275309324265 0 0.3515655398368835 0.4752114862203598 0 0.2822932004928589 0 9.925444267690182 0 1.396816477179527 0.3216492235660553 0 0.08101275563240051 0 0 0 0 22.52641715109348 0.351164698600769 0 0 0 3.925672546029091 0.9018043130636215 5.095432914793491 2.975710369646549 3.07076171040535 1.244693860411644 0 0.3580653518438339 0 0 0.2138966917991638 0 0.08723581582307816 0 0 0 9.162630930542946 2.98149435967207 1.455889739096165 567.7003004327416 39.5277212113142 806.3339079022408 193.4144738316536 102.7871670424938 105.6332910805941 38.55690955370665 387.1318688839674 10.0730407834053 1.518397331237793 11.9043482914567 3.319195352494717 9.741550117731094 0.1622095257043839 0.1130529716610909 2.218600258231163 14.80223390460014 0.9464691579341888
414.6358566507697 467.8313651829958 232.479473926127 1425.751760683954 63.94697821885347 277.4575608819723 509.4136561006308 38.45008727163076 159.2808779105544 3148.015044182539 143.9771073013544 0 2748.438472673297 519.4437645375729 108.9641185253859 17.01727221906185 10.44178438186646 0 0 1.647147342562675 0.7332364171743393 2.314123257994652 0 1.026901513338089 1.141503721475601 1.45434695482254 0.4898286908864975 1.841848284006119 4.336429223418236 0 70.41514080762863 3.71300932019949 210.0660872459412 0.1965842097997665 0.6763410568237305 0.3754210621118546 85.25323724001646 3.107630908489227 30.73871590197086 5.773189753293991 2.333266422152519 1.020506903529167 0.7761043906211853 3.865852154791355 0.6110994219779968 0.4046576321125031 174.8908132240176 1.686394609510899 0 0 0.3749738335609436 7.52786710858345 20.82041656970978 2.98025244474411 2.470383390784264 7.23077467083931 22.54948823153973 41.24343959987164 4.346684344112873 24.44209216535091 1.446803107857704 17.52379955351353 0.1416376978158951 9.878940537571907 3.738558068871498 1.879640385508537 1.971251986920834 2.009165622293949 3.615489766001701 2.162579536437988 424.4409555345774 195.5555447489023 0.8865368515253067 67.24440518021584 35.97600818425417 74.2911583930254 46.29797506332397 4.692329525947571 0.1967116072773933 72.96591874212027 1.496107444167137 5.210482776165009 7.149954184889793 1.708648234605789 0.6288337707519531 6.249506361782551 1.086081229150295 0.8611990064382553 2.14878611266613 3.262037508189678 0.8438113033771515 3.048722818493843 3.953108996152878 0.4030709266662598 2.319072678685188 3500.905811108649 155.8148714900017 63.20750284194946 161.1639081686735 93.66825963556767 2.844697296619415 15.39499160647392 66.82861828804016 5.600653633475304 12.56780205667019 149.3251829147339 37.9197413623333 40.64477939158678 123.2883979007602 104.4217585772276 1.508287027478218 314.4442154690623 287.0990609377623 277.7377528473735 111.9832464158535 3.824021957814693 3.116100445389748 0 0.252596914768219 0 0 0 0 0.2028804123401642 0.63261878490448 0 0.5672962963581085 0.9376296699047089 0.2740366160869598 0.6058738380670547 0 0.9948038905858994 0.5253574252128601 0.7841428965330124 8.723810993134975 5.162803515791893 0 0 0.3911450952291489 76.35873243957758 0.7187924534082413 30.36488841474056 4.968652695417404 1.34349362552166 0 0 0.1449084132909775 0.1364636272192001 0.5218676030635834 0.3717421591281891 0 18.36060923337936 12.66053279489279 0.1011093780398369 0.1747710704803467 0.2565514445304871 2.081981368362904 0.6471239179372787 0.3577481955289841 1.990513905882835 0.2966756075620651 3.745683372020721 5.930753394961357 0.5625765025615692 1.726895734667778 2.087341815233231 85.32519496232271 2.318746581673622 5.650306440889835 4.042644560337067 0.2563962712883949 0.3332204595208168 0.143761545419693 0.4028815031051636 0 0 287.2661091536283 23.33519180119038 0.4351609647274017 0.4185047596693039 0.4403624013066292 34.36796705424786 14.24384968727827 59.85178612172604 18.10199358314276 18.55201372504234 10.31532552838326 2.206546507775784 6.514782346785069 1.704221993684769 0 0 0 0.3916868269443512 0.3328185379505157 0 0.6726700663566589 202.4361793994904 45.32504926621914 22.8642565086484 1010.526180647314 74.98458053171635 381.1687090247869 140.4329903125763 650.8228644579649 53.43759571760893 28.74095460772514 364.4372206404805 36.61261667311192 2.238342016935349 47.53303262591362 8.865477338433266 112.2653953433037 10.12847664952278 0.614454984664917 9.620180070400238 38.34316512197256 2.803021848201752
594.4026861414313 1750.535350881517 714.321912035346 3047.814606435597 431.797016069293 170.239555567503 3820.106003075838 105.8522298261523 1542.766632452607 7268.042011529207 1150.128410950303 2748.438472673297 0 4004.410376898944 115.5099182650447 16.49407192319632 8.049922712147236 0.5139888972043991 0 0.7743833363056183 1.114477217197418 3.358549706637859 0.3584867417812347 0.950453981757164 0.4989460110664368 2.951509818434715 4.464793838560581 4.11995691806078 11.57375980913639 0.1343347877264023 175.7094381824136 8.231759905815125 908.341247215867 0.1595370024442673 0.2368936985731125 0.8983442783355713 76.53710953146219 5.58131018280983 83.16112310439348 346.2687960267067 2.23316915333271 0.7272818982601166 0 8.222168289124966 0.5345327705144882 3.672287940979004 250.3314253911376 2.511998750269413 0.6673969700932503 0.2199303209781647 2.403310380876064 7.78614330291748 163.7954270094633 3.434277206659317 3.341656737029552 13.62149521708488 32.74559243768454 86.62961333245039 8.226066067814827 52.99202135205269 1.814123600721359 34.08819409459829 0.4661698490381241 14.43240889161825 11.03917818516493 4.257772833108902 4.154032193124294 2.560801602900028 2.120239332318306 2.418230101466179 460.1240509524941 154.8325200378895 0.4858318269252777 111.9391924515367 57.66685305535793 101.8090832903981 56.31820521503687 6.394668355584145 1.208030797541142 191.2895274460316 3.242230921983719 4.658626817166805 11.62420843541622 3.380009353160858 1.181069396436214 12.81746108829975 2.738541580736637 1.908866204321384 2.758701883256435 1.494315281510353 1.157267674803734 2.586377821862698 1.900302335619926 2.267795793712139 1.753057107329369 2750.566733054817 110.2175491452217 22.40097822248936 77.71862336248159 111.284017585218 4.222785048186779 25.34105096012354 141.4937576577067 13.14879810810089 18.23497711867094 326.318274743855 67.90900749713182 67.98598328977823 233.0361736565828 202.3206138014793 5.373029768466949 505.2245384007692 482.3621639236808 389.9215098768473 136.9675871655345 3.264846436679363 2.631862550973892 0.1428660750389099 0.3364731967449188 0.1587786376476288 0.1277279853820801 0.3079148083925247 0 0.3862237930297852 0 0.547936350107193 0 1.010154686868191 0.1615494042634964 0.1724908202886581 0.3050169944763184 1.004034101963043 1.841749787330627 0.3673593997955322 15.68142723292112 3.473786659538746 0.1437696665525436 0.4228084683418274 0.7105195224285126 73.13264092057943 1.142726168036461 31.28219260275364 6.666505008935928 1.509705446660519 0 0.2289101928472519 0.246851310133934 0 0.9374840706586838 2.05298276245594 0 12.94905514270067 14.28113808482885 1.244254469871521 0 1.19320259988308 1.386664107441902 0.2433026731014252 0.3543313294649124 2.248285353183746 0.4398866072297096 3.042304217815399 5.998771741986275 0.6070915758609772 2.579791679978371 1.080238983035088 89.34851140528917 2.392538845539093 4.344134703278542 2.681871883571148 0.1285114735364914 0.4040786996483803 0.3791436553001404 0 0 0 290.7043015435338 22.30517213046551 0 0.6338163316249847 0 43.1066063195467 17.24289555847645 55.48588725179434 16.83238752186298 21.19578303396702 12.85518573224545 3.229684039950371 5.75534288585186 0.7237042337656021 0 0 0 0.1945677846670151 0 0 0.2781602144241333 274.9631280526519 39.69068984687328 30.00137127935886 801.3351297527552 109.3379217535257 500.1404903158545 179.8918909728527 570.6462225243449 80.953573577106 41.50488086044788 397.0444345623255 39.62074177712202 3.64862684160471 47.41388075053692 7.392002813518047 183.7697984427214 9.497431062161922 0.1604865789413452 8.44746819883585 42.39800564944744 3.757157579064369
