0 5853.231647357345 1559.865719154477 2239.480747669935 1565.007135130465 57.64748072624207 1566.420880436897 183.057286798954 596.3412312492728 1429.116752065718 1122.73737257719 231.3609050363302 1436.26891349256 228.1955231279135 2.268633753061295 0.1375812143087387 0 0 0 0 0 0 0.1127283275127411 0 0 0 0.1544238030910492 0 0.3696128576993942 0 998.2551056668162 5.602288201451302 11.02683258056641 0 0 0 1.908156961202621 0 0.1773739457130432 0.1157980635762215 0 0 0 0 0 0 180.8233902603388 10.41466633975506 0.1734411418437958 0 0.3111060559749603 0.3282563015818596 0 0.2095755264163017 22.49648557603359 13.529700756073 443.6789385005832 1070.166452854872 28.9244707301259 235.7225069925189 0 0 0 53.92899787425995 9.494875736534595 6.188541285693645 0.8005026206374168 1.502549812197685 0.09065438061952591 0 19.43766829371452 0.568425178527832 0 141.3191542327404 21.32360772043467 17.63666996359825 0.3822012543678284 0.2675981670618057 0.1280514895915985 65.92550088465214 0 1.416556298732758 98.70774721354246 0.1811297386884689 6.681394848972559 4.728572905063629 1.925757370889187 0.1729124039411545 1.110407017171383 1.254335835576057 0.315514899790287 0.09200556576251984 0.1369503885507584 0 0.2150160670280457 126.6142602413893 0.4691135883331299 0 0 676.3930925726891 0 0.4721756875514984 0 0 0 1.24095019698143 0 0 0.8746157884597778 2.025752127170563 0 1.786379367113113 0.1838334649801254 2.284457698464394 1.331539541482925 0 0 0 0 0 0 0 0 0 0 0 0 0 0 0 0 0 0 0 0 0 0 0 0 0 0 0 0.1760915964841843 0 0 0 0 0 0 0 0 0 0 0 0 0 0 0 0 0 0 0 0 0 0 0 0.2474936544895172 0.09829804301261902 0 0 0 0 0 0 0 0 0.4133926630020142 0 0 0 0 0 0 0 0 0 0 0 0 0 0 0 0 0.08701907098293304 0 0 0 0.6282213777303696 0 0 35.6953397244215 32.49686666950583 190.7557291015983 11.69596334546804 1308.86729028821 65.83982476592064 1.259255595505238 5.930699206888676 1.056134343147278 0.1029887720942497 0.3707184791564941 0.257641077041626 1.855408310890198 0 0 0.1188597679138184 0 0
5853.231647357345 0 665.802281036973 682.0096310824156 1938.998013220727 170.0033122748137 2594.91990660131 20.61322712153196 2507.295899011195 1115.973517231643 1159.540002137423 23.99251058697701 1600.062770217657 306.8405419439077 7.873711012303829 0.5432292148470879 0.111373096704483 0 0 0 0 0 0 0 0.1419733315706253 0.5596707761287689 0.2446630895137787 0.1213274225592613 0.3787016272544861 0 2192.253506578505 9.962930098176003 2.726273909211159 0 0 0.1757595390081406 1.297342963516712 0 0.2083828523755074 0.2200969681143761 0.08237552642822266 0 0 0 0 0 445.861091658473 12.53629774600267 0.2483659684658051 0 0.4259189888834953 0 0 0 21.12309688329697 13.94823041558266 57.79003065079451 746.6463287770748 10.7428542226553 210.9260833486915 0 0 0 84.2724544852972 8.936695467680693 6.667334012687206 0.6511124819517136 2.474305830895901 0.3774698451161385 0 6.477008461952209 1.253474563360214 0 114.6481106355786 88.53747432678938 90.86706301569939 5.413218155503273 0.9305017367005348 0 8.659783288836479 0.1536213010549545 0.3123971372842789 108.9553179964423 0.612095795571804 7.285574320703745 5.469016153365374 2.509430348873138 0.1499691605567932 0.5399916619062424 0 0 0.4634110927581787 0 0 0.6359919086098671 39.11696392297745 1.476059928536415 0 0 507.0594923198223 0 0 0 0.8430215120315552 0 3.008091107010841 0 1.131024330854416 0 4.078760251402855 0 7.719381034374237 1.410109639167786 5.502512395381927 1.146419286727905 0 0 0 0 0 0 0 0 0 0 0 0 0 0 0 0 0 0 0 0 0 0 0 0 0.729899138212204 0 0.3238997757434845 0.5188076496124268 0 0 0 0 0 0 0 0 0 0.609170138835907 0 0 0 0 0.1275542974472046 0 0 0 0 0.7874125838279724 0 0 0 0.315572589635849 0 0 0 0 0 0 0 0 0 1.671534687280655 0 0 0 0 0 0 0 0 0.4035220146179199 0.7580068707466125 0 0 0 0 0 0 0 0 0 0 0.839747428894043 0.8585202395915985 1.799127906560898 218.6250602677464 52.77652880549431 462.2072052434087 26.65110784024 1111.801699593663 44.71549854427576 2.43468714505434 35.39627125114202 2.668769955635071 0 0.2597772479057312 0.4970608055591583 0 0 0 0.2069005519151688 0 0
1559.865719154477 665.802281036973 0 1.323156923055649 517.5425471514463 12.78833302855492 24.78738078474998 662.4303987696767 1708.469363942742 25.11342422664165 3179.515784665942 25.6665573194623 622.0194971710443 1474.755801983178 13.91058457642794 7.380977213382721 1.527778178453445 0 0 0 1.46277941763401 0.3446849435567856 0.09981090575456619 0.2591982111334801 10.10355655103922 3.278970845043659 3.005519650876522 2.458520635962486 2.783194422721863 0.8644306808710098 5013.044416069984 387.4823073372245 86.01132923364639 0 1.109641410410404 7.253799848258495 9.198378376662731 4.93420023471117 0.769904300570488 9.890042543411255 6.248444855213165 1.60713018476963 0.1012052521109581 1.169760696589947 0 0 237.4072693735361 9.687525078654289 0 0 2.436379380524158 0 0.1887404695153236 1.173381254076958 15.71014388650656 10.58200369030237 45.03074900060892 1167.17063228786 8.815734341740608 193.1058709174395 0.5053128078579903 5.213535085320473 1.141671814024448 405.422507584095 8.124506518244743 4.950865112245083 1.331590533256531 2.781191654503345 0.6734228581190109 1.933581814169884 7.418953105807304 1.250743463635445 0.1031285226345062 118.7059288024902 88.23923327028751 66.56521066278219 10.42711957544088 4.624621339142323 6.616209857165813 890.5539403781295 0.8396991863846779 93.39938993752003 72.95692557096481 0.5458050966262817 6.714850626885891 5.437847577035427 1.19763408601284 0 0.9533873200416565 0 0.6501181349158287 0.2336374521255493 1.652921326458454 1.139038801193237 0.6989616379141808 19.82472924143076 0 0 0.8938998579978943 402.9722190499306 0 0 0 0 0 1.892768606543541 0 0.4565228223800659 1.481263384222984 0.3532806038856506 0 1.598475828766823 0.4168213754892349 3.810180068016052 0.2623395770788193 0 0 0 0 0 0 0 0 0 0 0 0 0 0 0 0 0 0.1214211657643318 0 0 0 0 0 0 0 0 1.040447786450386 0 0 0 0 0.1307446956634521 0 0 0 0 0 0.1616537719964981 0 0 0.1265075355768204 0 0 0 0 0 0.3047923147678375 0 0 0 0 0.6072462499141693 0.1348973363637924 0 0 0 0.09680287539958954 0 0 0 0 1.271925933659077 0 0 0 0.2394575178623199 0 0 0.1290502101182938 0 0.2960524559020996 0.1942782700061798 0 0 0 0 0 0 0 0 0.09010086208581924 0 0.364645928144455 0 0.3779880702495575 64.10227087885141 36.66616804897785 178.8762482367456 11.96014672517776 355.4857828170061 31.94392567873001 0.5826579630374908 19.11251018941402 0.5040290653705597 0 0.5643428564071655 0 0 0.1854201853275299 0 0.2648089230060577 0.401633694767952 0
2239.480747669935 682.0096310824156 1.323156923055649 0 14.49602933228016 292.023915886879 798.9317666366696 0.1055138558149338 42.7022543027997 2110.291701570153 1.868003226816654 358.4909797459841 2307.666080862284 12.02239842712879 1.673992201685905 0 0 0 0 0 0 0 0 0 0 0 0 0 0 0 14.84302470088005 0.6599084734916687 0 0 0 0 2.919259265065193 0 0 0 0 0 0 0 0 0 86.11660417914391 2.462066352367401 0.2756197527050972 0.1616429090499878 0 0.3011108934879303 0 0 4.016563177108765 2.085090756416321 8.740361221134663 42.0252395644784 2.051676698029041 33.72653432935476 0.1468090564012527 0 0 3.826713055372238 1.410711243748665 1.826108172535896 0 0.3002266436815262 0 0 30.5648434907198 3.865769177675247 0.1623746007680893 19.37482089549303 13.00950607657433 12.62144537270069 0.8648116588592529 0 0 0.1120402738451958 0 1.232981324195862 16.83718172460794 0 1.822082310914993 1.171765021979809 0.6666881591081619 0.1986824721097946 0 0.8906126171350479 0 0.6489901915192604 0 0 0 173.7147259712219 1.292248606681824 0.8912425190210342 0 115.1038392931223 0 0.6755659580230713 0 0 0 1.087099552154541 0 0.5296677350997925 0.3739871978759766 1.154498353600502 0 3.573495104908943 0.4142817556858063 4.070410653948784 1.140530377626419 0 0 0 0 0 0 0 0 0 0 0 0 0 0 0 0 0 0 0 0 0 0 0 0 0.7150073647499084 0 0 0.2866564393043518 0 0 0 0 0 0 0 0 0 0 0 0 0 0 0 0 0 0 0.3872734308242798 0 0 0 0 0 0 0 0.1771920025348663 0 0 0 0 0 0 1.276945322751999 0 0 0 0 0 0 0 0 0 0 0 0 0 0 0 0 0 0 0 0 1.224523663520813 0 0 50.21910944581032 7.413937643170357 93.65328131616116 4.182000860571861 530.0323479920626 6.981148831546307 0.6072124317288399 8.613521009683609 0.7267177253961563 0.4979502558708191 1.819364532828331 0 1.201351404190063 0.393659234046936 0 0 0 0
1565.007135130465 1938.998013220727 517.5425471514463 14.49602933228016 0 20.9686856418848 432.9291495084763 29.11860800534487 2008.762449286878 129.6918402463198 1225.93389865011 7.959497071802616 651.1972958371043 491.3310177400708 9.028102278709412 0.7056662812829018 0 0 0 0.1209544241428375 0.1382607966661453 0 0 0 0 0.09762833267450333 0 0.2710083574056625 0.532247357070446 0 375.0130441561341 5.988265380263329 1.089468449354172 0 0.09491942077875137 0 2.237527519464493 0.1508451104164124 0 0 0.1120181307196617 0 0 0.1273605674505234 0 0 173.9618856757879 5.629360906779766 0.9868763387203217 0 0.1102958619594574 0 0 0.1961567774415016 7.135369166731834 4.707758046686649 10.03494571149349 107.198098897934 1.566812060773373 59.30159735679626 0 0.3189996480941772 0 23.29777438938618 3.416957058012486 3.415465623140335 0.2844727709889412 1.199703924357891 0.1264235973358154 0 2.613553509116173 0.1989447921514511 0 33.41165789216757 35.01371028274298 51.08579957485199 6.606698930263519 1.28150363266468 0 1.350929707288742 0 0.508640892803669 27.24316191673279 0.3729582652449608 2.560842774808407 2.257539421319962 1.594002656638622 0 0.3849645778536797 0 0.1176826059818268 0 0.2315827161073685 0.3728947639465332 0.4536789506673813 44.72512356936932 0 0 0.689252495765686 58.91261288523674 0 1.02800053358078 0 0 0 6.334025949239731 0 0.5668922960758209 0.8881887048482895 2.222507730126381 0 17.49510413408279 5.177627444267273 7.807655766606331 1.341364741325378 0 0 0 0 0 0 0 0 0 0 0 0 0 0 0 0 0 0 0 0 0 0 0 0 0.4730327129364014 0 1.870494201779366 0 0 0 0 0 0 0 0 0 0.4160400032997131 1.332075290381908 0.1803493648767471 0 0 0 0 0 0 0 0 0 0 0 0 0 0.3802621066570282 0.2482402920722961 0 0 0 0 0 0 0 6.570587128400803 0 0 0 0 0.6959622949361801 0 0.6348631978034973 0.8053746521472931 0 0.6229828000068665 0.1625041216611862 0 0 0 0 0 0 0 0 0 1.884279519319534 0 0.625504344701767 143.6487719938159 29.66134641319513 195.6480447724462 17.30348111689091 189.5135102048516 19.48013301938772 1.664582975208759 21.31253741681576 1.124447241425514 0 1.73408442735672 0.5116993188858032 2.699699282646179 0 0 0.4909172654151917 0.1751714497804642 0
57.64748072624207 170.0033122748137 12.78833302855492 292.023915886879 20.9686856418848 0 126.1252965033054 0.8255077600479126 58.37525910139084 837.8736577481031 15.70140014588833 198.3926801085472 468.2095147222281 45.37278354167938 0.1097458377480507 0 0 0 0 0 0 2.348870843648911 0 0 0 0 0 0 0 0 48.84385502338409 0.9495516419410706 9.554861411452293 0 0 0 11.87009800970554 0 1.444725811481476 0 0 0 0 0 0 0 4.105767473578453 0.3824901804327965 0 0 0 16.92725428193808 2.496436089277267 0 0.9022942408919334 0.8385943993926048 89.2123538851738 209.6709343791008 1.986420378088951 16.3318028524518 0 0.8788523077964783 0 15.25452482700348 0.2855923473834991 0.5936745405197144 0 0 0 0 77.61638137698174 59.4212345033884 12.50935618579388 8.452589899301529 1.311036571860313 0.2717237770557404 0 0 0 6.299766838550568 0 1.082494273781776 3.500155799090862 0.4116993546485901 0.2726726830005646 0.4069442674517632 0.296552985906601 6.013791359961033 2.609308950603008 16.43870460987091 1.710144713521004 11.33059575408697 0 0.1728772073984146 1.918154589831829 422.9253221452236 13.5914667993784 7.905914962291718 8.916398033499718 336.6436395347118 0 0 0 0 0 2.156022146344185 0 0.6586364209651947 0.7790800929069519 1.927929639816284 0 4.272482246160507 1.38949179649353 3.038230001926422 2.296943306922913 0 0 0 0 0 0 0 0 0 0 0 0 0.1763438284397125 0 0 0 0 0 0 0 0 0 0 0 0.2878506481647491 0 0 0.4335030913352966 0.1774829030036926 0 0 0 0 0 0 0 0 0.161470502614975 0 0 0 0.146740198135376 0 0 0 0 0 0 0 0 0.5371988415718079 0.742418646812439 0 0 0 0.09962981939315796 0 0 0 0.2103040963411331 0 1.174909010529518 0 0 0 0 0.4555417001247406 0.3184748291969299 0 0 0.1283369511365891 0 0 0 0 0 0 0 0 0 0.1741094440221786 0 0.3498115837574005 0 0.8694472163915634 39.90250532329082 1.767376482486725 8.264590561389923 0.1985996663570404 476.317212626338 3.179052278399467 0 0.1708757132291794 1.075410187244415 0 0 0 3.990293622016907 0.405494749546051 0 0 0 0
1566.420880436897 2594.91990660131 24.78738078474998 798.9317666366696 432.9291495084763 126.1252965033054 0 2.595165155827999 1807.44040774554 2812.047443598509 65.92874296754599 232.4513839632273 5456.249353408813 314.7496099621058 20.83147719502449 1.71768356859684 0 0 0 0 0.1561639755964279 0 0 0 0 0.1968974471092224 0.1232300326228142 0 0.1419191360473633 0 52.51560604572296 5.848096609115601 1.584442615509033 0 0 0 5.17094960808754 0 0 0 0.1349407583475113 0.09735637158155441 0 0.1318255662918091 0 0 301.7783596217632 7.507514081895351 1.387445636093616 0.1014166548848152 0.3925308212637901 0.3973926305770874 0 0.1789735406637192 10.27321977168322 8.029826708137989 16.57711146771908 107.6061514988542 3.356851018965244 84.01555615663528 0 1.418195158243179 0 22.15361478179693 5.233629360795021 4.212840680032969 0.7433001548051834 1.023945353925228 0.1965705826878548 0.0988072082400322 18.7135201394558 2.401399925351143 0.3690413534641266 49.9012547954917 48.3950547426939 76.44713500142097 9.4612817466259 2.831007286906242 0 1.948655880987644 0 1.186964571475983 32.8100870847702 0 4.494834378361702 4.271894454956055 1.755074888467789 0.4223453104496002 0.3128709122538567 0.3821964263916016 0 0.2521407008171082 0.5301867723464966 0 0.8319719061255455 280.573121085763 0.5480047464370728 0.613932728767395 1.673750996589661 75.01907269656658 0.3440424501895905 4.972020283341408 2.51370570063591 1.386375814676285 0.6070967316627502 19.25985279679298 4.90314693748951 4.07213631272316 10.85763667523861 20.83249151706696 0 38.5768663957715 13.34129148721695 39.08035452663898 7.246060878038406 0.5855935215950012 0.1626975685358047 0 0 0 0 0 0 0 0 0 0 0 0 0 0 0 0 0 0.9331741482019424 0 0 0 0 5.532026052474976 0.6600403785705566 5.721824780106544 1.369020476937294 0 0 0 0 0 0 0 0 0.7313221842050552 4.13244142383337 0 0 0 0 0 0 0 0 1.162083759903908 0.4849943295121193 0 0.2786138653755188 0 3.047580182552338 0.159018263220787 0.8543016016483307 0.400757372379303 0 0 0 0 0 0 21.49200145900249 0 0 0 0 0.8275360465049744 0.3618580102920532 0 0.4790254533290863 0.8630486503243446 2.666120365262032 0 0.1218480244278908 0.5633883774280548 0 0 0 0 0 0 0 14.16833624243736 0.843233585357666 4.308618023991585 329.1641061007977 52.90273755043745 361.5437855049968 30.63174599409103 562.0756263956428 35.71661680191755 1.829485855996609 47.89091974496841 7.532180070877075 0 9.820250935852528 0.7495833486318588 16.03654535114765 1.33932714164257 0.3571873307228088 1.634307220578194 1.07899209856987 0
183.057286798954 20.61322712153196 662.4303987696767 0.1055138558149338 29.11860800534487 0.8255077600479126 2.595165155827999 0 262.170261785388 9.91346575319767 1951.58584587276 18.17132945358753 365.5738719552755 1196.093346767128 55.69766638427973 14.73274028301239 2.147691883146763 0 0 4.182761624455452 12.21556393802166 0.2029230147600174 0.135808140039444 2.253769740462303 21.08692547678947 8.891128167510033 4.890408366918564 3.115595199167728 2.983297608792782 1.620043002068996 1450.433012530208 2903.838533349335 153.7979080229998 0.4872679561376572 1.596844471991062 16.74181760847569 6.194254748523235 14.48129365593195 2.337985470890999 12.2276875525713 9.692765556275845 3.212402120232582 0.3224742114543915 32.79135692864656 0.09785047173500061 0.5965610444545746 305.0492382571101 8.101194113492966 1.590556502342224 0.483233280479908 6.409318938851357 0 0 1.521427921950817 9.72418874502182 7.369040533900261 27.19522862881422 431.7881218641996 3.907366491854191 114.4408323690295 22.57581064850092 26.3129335641861 2.121962063014507 805.6654693558812 5.351731408387423 4.123362403362989 1.546926453709602 6.101682104170322 10.6612461656332 12.34663339704275 15.7446516007185 0.321676954627037 0 93.98337335884571 192.952652066946 179.2780428752303 254.2099758163095 296.0480748564005 376.4577905833721 2326.819128848612 71.4899111315608 783.3589786887169 42.57596575468779 0.4214021265506744 4.491827573627234 4.091859873384237 2.090153880417347 0.07239541411399841 0.5459060966968536 0 0.7203807830810547 0 7.288722939789295 2.805791810154915 1.889673113822937 18.41905626654625 0 0 0.1452131271362305 51.0933106392622 0 0.2484761327505112 0 0 0 1.610004976391792 0 0.9725669324398041 0.3829383701086044 0.5593682676553726 0 1.579918518662453 0.8092906475067139 2.370814517140388 0.7111227810382843 0 0 0 0 0 0 0 0 0 0 0.4000707864761353 0 0 0 0 0.1819370537996292 0 0.1745840013027191 0 0 0 0 0 0 0.1819875538349152 0.447644978761673 0.8431608229875565 1.235908262431622 0 0 0.1426619738340378 0.163738951086998 0 0 0 0.2014616727828979 0.6444458365440369 0.1969898343086243 0 0 0.2592277526855469 0 0 0 0 0 0.2271118313074112 0 0 0 0 0 0 0 0 0 0.2360055521130562 0 0 0 0 2.337332889437675 0 0 0 0.2195665463805199 0 0 0 0 0 0.2708506286144257 0 0 0.09770245850086212 0 0 0 0 0 0 0.09706517308950424 0.9147837162017822 0.1340589672327042 0.5760171860456467 152.671569660306 47.18952036648989 263.4666960909963 27.79661527276039 85.01211274415255 33.83746566623449 2.313937894999981 38.67914272099733 0.6088050901889801 0.1211591064929962 1.853064700961113 0 0.2750851511955261 0 0 0.2237700968980789 1.154901921749115 0
596.3412312492728 2507.295899011195 1708.469363942742 42.7022543027997 2008.762449286878 58.37525910139084 1807.44040774554 262.170261785388 0 683.1973582655191 3621.217820949852 162.0641226246953 3038.450204871595 1452.103877574205 71.75981985777617 11.10241826623678 0.6722103655338287 0 0 0 0.4458636417984962 0 0 0.2129185944795609 0.2035778388381004 1.122492171823978 0.1257475763559341 0.8885871693491936 0.2293050140142441 0 369.6680336743593 34.10219037532806 11.08722034841776 0 0 0 20.0299354866147 0.1181030720472336 2.011089272797108 0.1801709830760956 1.059907369315624 0.7589596211910248 0 1.308473289012909 0 0 455.3539509624243 10.25710821151733 2.575519502162933 0 1.399016186594963 0.2443580850958824 0 1.448314785957336 13.17151649296284 10.88768802583218 29.33990652859211 183.2326749041677 4.208179205656052 125.3395318984985 0 1.555823817849159 0 81.02614041417837 7.865076780319214 7.603112652897835 0.7161979302763939 4.72682498395443 1.388044491410255 0.2453487366437912 49.18483980000019 6.650059208273888 0.100179634988308 82.85358168184757 94.67312832921743 178.3427157253027 38.59732279926538 10.79578138887882 0.5864894241094589 11.93549279868603 0.166045755147934 4.259654462337494 50.83102702349424 0.5605515837669373 7.668107993900776 5.187566712498665 4.295070052146912 0 1.114059001207352 0.1689505279064178 0.4542963057756424 0 0.7328571379184723 0.4064500480890274 4.07214017957449 439.8486532494426 5.092034839093685 0 3.024496480822563 55.02050253003836 0 6.168405801057816 1.370326697826385 0.1832942366600037 0.4029123783111572 55.96337082982063 4.034342229366302 15.1661362349987 15.2573929131031 59.13159653544426 0 117.7849786728621 53.50738295912743 100.6786311268806 24.81754057109356 0.688345842063427 1.415802657604218 0.6291670501232147 0 0 0 0 0 0 0 0 0 0 0.5537896156311035 0 0 0 0 0 0.1159231513738632 0 0 0 0 21.98879288136959 0 30.73247745633125 4.792873799800873 0.4172877371311188 0 0.2219831198453903 0 0 1.742527723312378 0.7936080098152161 0 2.32148839533329 10.88431357592344 0.4204369485378265 0 0 0 0.3236973434686661 0.1609033793210983 0.2713990211486816 0.08933832496404648 2.915239490568638 0.3189710974693298 0 0 0 5.565041288733482 0.3265028595924377 0.9542475342750549 0.1640100628137589 0 0.1462004333734512 0.198038786649704 0 0 0 70.07276438176632 0.3505765497684479 0 0 0.2688531428575516 6.749180972576141 0.4481828510761261 1.196225643157959 0.2885868549346924 2.321001499891281 5.841937929391861 1.07599151134491 0.3675741255283356 0.167894572019577 0 0 0 0 0 0 0 44.94444113969803 7.290148913860321 12.17653931677341 705.7489056363702 120.0076906979084 638.2719525098801 85.14671030640602 500.6058588624001 92.10363275557756 7.37958750128746 140.1233459860086 16.73530416190624 0.3190184086561203 17.55810073018074 3.722813867032528 28.13306161761284 1.103728026151657 0.533365786075592 3.401638031005859 3.096970483660698 0.3531061410903931
1429.116752065718 1115.973517231643 25.11342422664165 2110.291701570153 129.6918402463198 837.8736577481031 2812.047443598509 9.91346575319767 683.1973582655191 0 251.0645368471742 1696.399961844087 6018.024095855653 196.3953679800034 6.443283028900623 1.113633617758751 0.2598427534103394 0 0 0 0 0.3233461678028107 0 0 0 0 0 0 0 0 31.86649357527494 1.01248100399971 1.302417382597923 0 0 0 7.213591635227203 0 0 0 0 0 0 0 0 0 139.6989321932197 1.718249194324017 0 0 0.5842848345637321 2.422548294067383 0.171027198433876 0.5191584527492523 6.036306068301201 3.67620512843132 44.73839870095253 93.9383383244276 2.832827411592007 42.00543543696404 0 2.476525902748108 0 3.906945660710335 1.930015899240971 1.176481060683727 0.3167664781212807 1.00231022387743 0 0 219.5951395183802 26.41830435395241 2.507023841142654 26.54310393333435 14.90248803049326 20.80470361560583 3.332260929048061 1.06550870090723 0 2.435140445828438 0 0.4309928715229034 26.68494382500648 0.09186039865016937 1.502273596823215 0.7371840924024582 0.7567331567406654 0.1713826209306717 1.064737908542156 1.330335289239883 0.08689150959253311 2.650864243507385 0 0 0 1335.984593972564 16.58853287994862 0.3246033191680908 1.768859446048737 726.6471637710929 0.1720924973487854 3.242291212081909 1.858846053481102 0 0 54.51358650624752 4.469776153564453 15.49104285240173 7.838546812534332 53.61335372924805 0 103.6043831855059 28.73585444688797 91.33976843953133 10.79289243370295 1.490597799420357 0.7645429670810699 0.8467127084732056 0.6746844053268433 0 0 0 0 0 0 0 0 0 0 0 0 0 0.4924987554550171 0 0.5501901060342789 0 0 0 0 12.27175539731979 0.1805172711610794 8.241054430603981 1.715880244970322 0 0 0 0 0 0 0.3403687179088593 0 5.336475774645805 9.581709384918213 0.5476462543010712 0 0.2605037987232208 0 0 0 0.5476577281951904 0 2.614254727959633 1.858663514256477 0 0 0.6976864337921143 2.683238506317139 0.1811690479516983 0 0 0 0 0 0 0 0.5267202854156494 31.1866804510355 0 0 0 0 4.571525827050209 0.6588506698608398 2.761915177106857 1.80544850230217 2.554871395230293 9.338830813765526 0 1.813606739044189 0.1573192328214645 0.1223264411091805 0 0 0 0.2463781982660294 0 0 26.79318885505199 0.8471662551164627 6.174759164452553 479.7010358273983 11.22874377667904 164.6928428187966 11.26987037807703 2445.820534326136 21.0653912127018 1.974539488554001 26.51211094111204 14.56954339146614 0 18.02421586215496 1.700697809457779 35.2660249620676 3.200931563973427 0 1.377414762973785 0.8489475101232529 0
1122.73737257719 1159.540002137423 3179.515784665942 1.868003226816654 1225.93389865011 15.70140014588833 65.92874296754599 1951.58584587276 3621.217820949852 251.0645368471742 0 189.7421608120203 1920.107053570449 3506.122986026108 105.956804856658 28.59280014783144 2.128392249345779 0.2228369265794754 0 0 0.135730043053627 0.6958927661180496 0.1237146854400635 0.3659611418843269 2.935861170291901 2.862596362829208 1.404837287962437 1.960463955998421 2.432335175573826 0.517271101474762 1854.758753195405 559.2394508421421 150.5044877976179 0 0.1006245985627174 2.657236725091934 55.89219281077385 3.107798494398594 0.7980932071805 5.821014404296875 3.624679021537304 2.273138865828514 0.1245187819004059 5.349745936691761 0 0.2108684778213501 358.1532816365361 11.00039176642895 4.677265778183937 0.4903987646102905 1.819089390337467 0.589106947183609 0.512633815407753 1.182966157793999 8.044972486793995 9.496026359498501 23.85098031908274 303.6298654600978 4.410306200385094 113.8396549522877 0.3480036929249763 1.004092052578926 0 200.4870192334056 6.830835182219744 5.029775340110064 1.00043960660696 2.434062704443932 1.750613547861576 0.1187799349427223 53.60450974106789 2.28511893004179 0.1477769315242767 80.82397613674402 105.1061861142516 210.0466251969337 75.31711946427822 26.48836246132851 33.04635880887508 649.6839854046702 1.713061027228832 11.59675381332636 40.79004593193531 0.7598270177841187 7.600024081766605 4.449334550648928 3.932519659399986 0.1279983073472977 0.68353171646595 0 1.33491788059473 0.3248317539691925 1.133018903434277 1.350692719221115 2.613367080688477 152.4265302047133 3.388589978218079 0 0 114.6583171933889 0 0 0 0 0 9.296627283096313 0.7112550884485245 1.680145189166069 1.939664006233215 4.024885714054108 0 20.13273196667433 11.25437364727259 16.34102798253298 7.161611281335354 0 0 0 0 0 0 0 0 0 0 0 0 0 0 0 0 0 0 0 0 0 0 0 0 4.040580347180367 0 4.8981998488307 0.8997934982180595 0 0 0 0 0 0 0 0 1.266542285680771 1.896984353661537 0.09636241942644119 0 0 0 0 0 0 0 0 0.1795534640550613 0 0 0 1.79366546869278 0 0.2580555975437164 0 0 0 0 0 0 0 13.39335664361715 0.6425404101610184 0 0 0 1.282921388745308 0 0 0.4244918525218964 0.3756096363067627 0.7014991044998169 0 0 0.5328206419944763 0 0 0 0 0 0.1344212144613266 0 5.853148996829987 1.530434131622314 2.231464818120003 448.3757989555597 94.91775458306074 418.3910684287548 60.35394925624132 183.8256976827979 74.00251424312592 4.087070889770985 117.6824260726571 0.9799656569957733 0.5852001160383224 4.089681014418602 0 3.496620118618011 0.230250209569931 0 0.4291979968547821 3.008100613951683 0
231.3609050363302 23.99251058697701 25.6665573194623 358.4909797459841 7.959497071802616 198.3926801085472 232.4513839632273 18.17132945358753 162.0641226246953 1696.399961844087 189.7421608120203 0 1744.596284717321 317.6748858988285 21.37113473564386 14.41197030991316 1.33926347643137 0 0 0 0 0 0 0 0.4521120339632034 0.4683924838900566 0 0.2219762057065964 0.7047761529684067 0 8.487424708902836 1.79581792652607 34.48168484866619 0 0 0.3640807867050171 63.27960507571697 4.753527820110321 6.8830885887146 0.940382108092308 0.3647850006818771 0.5643882751464844 0 2.845397673547268 0 0 52.95226993411779 0.8466152846813202 0.3831057101488113 0 0.1329452395439148 0 0.2212368994951248 0.09218286722898483 1.735963061451912 0.7565467804670334 7.993001043796539 11.38772740215063 0.4273198992013931 12.60636704415083 0.4029453098773956 7.294340431690216 0 4.249726995825768 0.4461342468857765 0.780327595770359 0.08836670219898224 0.09292496740818024 0 0 233.5691936314106 13.55310562252998 0.2963093519210815 7.300187565386295 7.928494721651077 20.24665770679712 9.034916326403618 4.636729031801224 0 18.50383464246988 1.379237920045853 3.463390007615089 4.785083070397377 0.09530197829008102 0.391145758330822 0.7054823487997055 0.5975732877850533 0 0 0.3603354096412659 0 0 0.7033066749572754 0.4383278489112854 0.1671192348003387 1241.921348005533 4.837897583842278 0 1.261706918478012 53.23949357867241 0.8175821900367737 5.099575459957123 0.9896944016218185 0 0 42.92843540757895 3.310436576604843 8.838170439004898 11.33361817896366 31.85897697508335 0.1718889325857162 85.59610132873058 26.65624412894249 88.78917990624905 13.1124065965414 1.40157724916935 0 0 0.1378645300865173 0 0 0 0 0 0 0 0 0 0 0 0 0 0 0 0.1632191836833954 0 0 0 0 10.10623003542423 0.409417450428009 8.683808945119381 1.513300128281116 0 0 0 0 0 0 0.2468511462211609 0 2.482796967029572 7.315373308956623 0.2077342048287392 0 0 0 0 0 0.342604324221611 0 1.642997294664383 0.3844431936740875 0 0 0 2.496292591094971 0.4785312861204147 1.971609376370907 0 0 0.2577059417963028 0 0 0 0 34.70269432663918 0.954748272895813 0 0 0 2.76815165579319 0 1.310880586504936 1.995622955262661 3.451193377375603 5.185132771730423 0 0.3443933352828026 0.3114927336573601 0 0 0 0 0 0 0 33.96955768018961 5.97677706182003 4.809464789927006 195.6005620509386 9.486094579100609 89.2800256088376 13.83874689042568 435.1051019430161 12.65215523540974 0.3084797710180283 46.93321025371552 8.405612081289291 0 15.91873679310083 1.055424831807613 17.62308487296104 0.6826982349157333 0 2.021302238106728 0.5480992347002029 0
1436.26891349256 1600.062770217657 622.0194971710443 2307.666080862284 651.1972958371043 468.2095147222281 5456.249353408813 365.5738719552755 3038.450204871595 6018.024095855653 1920.107053570449 1744.596284717321 0 3357.822764441371 272.3104972392321 111.5113643407822 10.99689345806837 0 0 0 0.725548043847084 0.9534420669078827 0 0 4.136911250650883 4.921772934496403 1.523972772061825 6.668820582330227 3.674550630152225 0.2805438488721848 216.5452902838588 38.75654563307762 801.6702987551689 0 0 2.892381146550179 700.0577463954687 38.88857220113277 6.631169766187668 14.36156941950321 3.327280014753342 2.741292610764503 0.2844485938549042 19.61151531338692 0.4645698443055153 0.966031551361084 482.0204138681293 13.76518933475018 2.542606540024281 0.3544211164116859 2.186855994164944 1.023493893444538 3.198504701256752 4.666389934718609 10.83703778684139 12.16498168557882 33.11530382931232 143.3442038744688 5.882764674723148 121.1734209731221 2.416487157344818 76.79626780003309 0 66.94562422484159 8.88725158572197 7.712960220873356 1.628775365650654 6.62782184779644 2.456339925527573 0.5214335024356842 413.0426723361015 63.98827883601189 0.4161071330308914 80.01944932341576 78.65889319032431 308.1307486444712 114.2912093400955 58.23361042141914 1.076744005084038 153.6536822393537 14.32380343973637 16.23025998473167 48.65465589612722 1.191631056368351 9.911773435771465 6.399282075464725 6.283797204494476 0.4468349292874336 1.724389940500259 1.040788874030113 1.247703768312931 1.509121134877205 1.174765065312386 1.498654253780842 6.473256319761276 5482.227852828801 21.44205503165722 0.4082449972629547 4.613387554883957 203.126796528697 0.3641165494918823 7.140390843153 3.8763447701931 0.2444592863321304 1.030604898929596 151.9733849540353 8.96762016415596 42.54059974849224 51.16698521375656 165.5100638568401 0.504209965467453 364.3648214116693 158.5737414211035 304.5887660756707 69.39727858453989 4.422047279775143 2.072135880589485 0 0.2695209085941315 0 0 0 0 0 0 0 0 0 0 0 0.4718538820743561 0 0 0.2543241381645203 2.489204734563828 0.2498437017202377 0 0 0 66.21284991502762 0.1322100609540939 79.31497269123793 11.99353988468647 0.4523279666900635 0 0.2744474709033966 0 0 0.3584102839231491 0.1220231950283051 0 9.230032466351986 30.69542916119099 1.176558136940002 0.3148922622203827 0 0 0.2134178876876831 0.1875513643026352 1.181233763694763 0 5.615123689174652 1.576932311058044 0 0 0.7360846102237701 20.2512574121356 0.463708184659481 3.963119424879551 1.078747853636742 0.2802092730998993 0.4865672290325165 0.1216041296720505 0.109322115778923 0 0 211.9875540435314 4.109110713005066 0 0.203529417514801 0.4710431918501854 11.98838246613741 2.049597173929214 4.906859189271927 4.088954381644726 11.75132663547993 20.21809604763985 1.087094306945801 0.7373090088367462 0.7685842216014862 0 0 0 0 0.2040703594684601 0 0 140.8416547477245 34.3722350075841 37.80280829966068 1356.679376542568 173.111479640007 793.0275059863925 145.4292956292629 1342.709209777415 162.7664171904325 7.855630792677402 333.6922489777207 40.45329456031322 2.233421631157398 46.75124813616276 7.487382732331753 79.718799225986 5.465416833758354 0.1648862361907959 7.228957369923592 6.510891072452068 0.5393725633621216
228.1955231279135 306.8405419439077 1474.755801983178 12.02239842712879 491.3310177400708 45.37278354167938 314.7496099621058 1196.093346767128 1452.103877574205 196.3953679800034 3506.122986026108 317.6748858988285 3357.822764441371 0 205.0219634920359 92.8343910574913 9.397344298660755 0 0 0.1499838978052139 0.6582322716712952 3.079274266958237 0 0 7.221567191183567 3.077384144067764 3.007846809923649 4.770657978951931 8.734969280660152 3.215382784605026 341.2928011491895 77.5938466489315 779.5807395726442 0 0.1153905466198921 9.960795804858208 673.2068043425679 32.64140072464943 6.19104178994894 17.26047671586275 6.232811845839024 4.356598734855652 0 16.2484553232789 0 0.555583730340004 291.1936333179474 6.947136908769608 2.569712810218334 0.7298075780272484 3.708198942244053 2.941272005438805 3.534150823950768 6.186291895806789 4.000734850764275 4.803378582000732 17.57305655628443 112.9105524420738 3.37018783390522 72.51525593549013 2.801923051476479 27.15342096984386 0.1292314529418945 78.41869283467531 3.299547143280506 3.621689006686211 1.469198830425739 3.988435886800289 1.154145494103432 0.9673699662089348 356.6701306253672 30.43225318193436 0 52.61956658959389 61.25536602735519 244.2552501186728 98.2600596472621 49.24609616398811 4.152094252407551 162.109953597188 7.975743986666203 10.44474262744188 21.78399210423231 0.3648130223155022 4.439073272049427 5.443635065108538 4.368588775396347 0.07752646505832672 1.128978908061981 0.3138428628444672 0.7050589993596077 0.4151045456528664 1.711886331439018 1.757636815309525 4.908076427876949 814.5699667185545 7.888238579034805 0.2390406727790833 2.04709804058075 49.45169578492641 0.5398275256156921 0.9131379723548889 0.82344850897789 0 0 54.19285500049591 2.945658847689629 14.40534171462059 13.94865335524082 45.94970358908176 0.1587702035903931 109.507553704083 52.48343818634748 90.65231554210186 23.5483111590147 1.25662000477314 0.353010930120945 0 0 0 0 0 0 0 0 0 0 0 0 0 0 0.1861063688993454 0 0 0.2663163244724274 0 0 0 0 26.0793204382062 0.3544672876596451 27.55543110519648 3.73211282491684 0 0 0.5740861296653748 0 0 0.6955520734190941 0 0 4.522304214537144 13.55737651884556 0.1152630746364594 0 0.1375855952501297 0 0.7912911549210548 0.340938925743103 0.7288003265857697 0 1.224857792258263 0.8501166850328445 0 0.1323553770780563 0.1533875316381454 6.932125374674797 0.8803956806659698 0.9369878396391869 0.1974154859781265 0.1513949930667877 0.22590621560812 0 0 0 0 73.12241251021624 3.128274157643318 0 0 0.7843551635742188 4.98412024974823 1.463232219219208 0.3958111554384232 1.026031881570816 2.477960593998432 5.585800744593143 0.2282756268978119 0.2636560201644897 0.33635164052248 0 0 0 0 0 0 0.1074535548686981 43.59407176822424 12.84659948945045 17.59602366387844 859.4670779556036 112.5198887810111 473.5093814581633 96.12681153416634 270.8944643214345 120.5141691192985 4.465979866683483 247.2485628798604 18.4070360660553 0.3987361639738083 16.06081804633141 0.7695089131593704 22.27451927959919 2.070453934371471 0 3.654688388109207 4.925920255482197 0
2.268633753061295 7.873711012303829 13.91058457642794 1.673992201685905 9.028102278709412 0.1097458377480507 20.83147719502449 55.69766638427973 71.75981985777617 6.443283028900623 105.956804856658 21.37113473564386 272.3104972392321 205.0219634920359 0 1130.744204886258 1011.488453522325 1.616214774549007 13.37872333824635 11.92160172015429 7.472619332373142 0 0.1052302792668343 0.7879213392734528 23.33707704395056 8.86199539154768 5.262497641146183 5.262508198618889 8.255099087953568 3.337952733039856 21.13423007726669 43.96215316653252 96.29460129141808 1.78666216135025 0.404656857252121 80.25549640506506 178.3175037205219 100.3068918660283 82.51462825387716 91.89986477047205 8.806759856641293 2.896476149559021 2.504059083759785 994.9413115531206 31.83442547917366 5.809445559978485 505.5968758389354 10.26199690997601 13.32157544791698 3.392689555883408 15.8932162374258 0.3216251358389854 1.975853092968464 3.650814279913902 0.2153841555118561 1.279967911541462 2.432973571121693 8.910608522593975 0.9904271364212036 97.83363638818264 36.27722004801035 196.2703396603465 0.6743090897798538 18.15894891321659 0.5341988205909729 1.429315105080605 1.682647407054901 16.62227462232113 213.2072072923183 27.72795249521732 50.48833144456148 20.79864227026701 0.1185460090637207 168.2389618977904 10.05679367482662 524.35057041049 407.8996396660805 923.7560288906097 33.50761500746012 452.1760731264949 127.0842075273395 419.1299094110727 5.487015757709742 0.1585101187229156 1.221951812505722 1.44613142311573 118.8494938910007 0.1793514341115952 0 0 0.4447502717375755 0 22.87967951595783 2.429118894040585 0.7115680053830147 14.04843932390213 7.377019986510277 0 34.45405717939138 0.379594199359417 0 0 0 0 0 1.354207545518875 0.1274884045124054 0.2482805699110031 0 0.5016463398933411 0 5.281178921461105 2.032616257667542 4.4403016269207 2.747786484658718 1.264699570834637 0.9151780903339386 0.1836817711591721 0 0 0 0 0 0 0 0.4577597603201866 0 0 0.1125100702047348 0.2454951107501984 0.1309070140123367 0.1757008284330368 0.6400419101119041 0 0.1371288597583771 0 0 0 0 7.448577105998993 0.568273589015007 14.42112402617931 8.129011273384094 1.50116465985775 0 0 0.1611227542161942 0.1555895507335663 0.8237755745649338 0.5210509672760963 0.1174020022153854 0.6416583657264709 3.930766738951206 0.299813374876976 0.1489574909210205 0.2937358617782593 0.5009802505373955 0.2480198964476585 0 0 0 0.6670004054903984 0.08705931901931763 0 0.16700579226017 0.1243119761347771 2.916160173714161 0 0.1707927584648132 0.08240074664354324 0.08624570816755295 0.118767075240612 0 0 0 0 8.278468564152718 4.347640611231327 0 0 0.2826191186904907 0.3984946236014366 2.153471559286118 1.744124487042427 0.2734732404351234 0.5761940628290176 1.275738835334778 0.1261416226625443 0 0 0 0 0 0 0 0 0 0.7418123334646225 5.637490771710873 7.190220728516579 94.24306208640337 26.86917573213577 828.2009955309331 85.03079928457737 5.135009005665779 45.81388273835182 3.361355014145374 137.5820097699761 7.677562370896339 0.1091691702604294 6.923148728907108 1.381434589624405 2.91263821721077 0.8453664183616638 0 0.5430339649319649 1.602118909358978 0
