0 2785.684211574495 30.07986447960138 535.7227017134428 889.7852503657341 65.2516828328371 1005.837289631367 14.3305562287569 92.48462079465389 678.9878323674202 183.2893715053797 180.4813303053379 335.6111588031054 112.9891568347812 0.7616273984313011 0.1311628520488739 0 0 0 0.1280878186225891 0.3730084076523781 0 0 0 0 0.3531353175640106 0 0 0 0 300.7657623663545 0.9832975715398788 5.448896363377571 0 0 0 3.307492338120937 0 0 0 0.1636203080415726 0.1582182496786118 0.6686007976531982 0.2836626470088959 0.3426690548658371 0 5.821289554238319 0.120056726038456 0.1259426325559616 0.7310536131262779 0 0.985386848449707 0 0 1.195441767573357 1.249740056693554 424.8054576292634 950.8621289208531 16.74072027951479 0.7897292524576187 0.3714490532875061 1.056373775005341 0 0.2917779535055161 0.1083509922027588 0 0.2907146811485291 0 0.5371199771761894 0.1311674118041992 12.29246111214161 8.256808221340179 0.2216732650995255 48.5070047006011 20.4624090641737 5.283776134252548 0.4151682555675507 0 0.1481711715459824 16.58544759452343 0.5910784006118774 0.1927661597728729 3.558559514582157 0 0.1349169611930847 0.5519542321562767 0 0.7625616788864136 0 0.2029765993356705 0 0 0 0 0 214.1721544712782 4.537207961082458 2.204983159899712 0 1333.328440502286 0 0 0.5001408755779266 0.4901014119386673 2.110716760158539 3.002750478684902 0.3500631749629974 2.110544368624687 2.872185915708542 6.190896958112717 0 5.036239594221115 9.405140161514282 4.425677016377449 1.986132711172104 0 0 0 0 0 0 0 0 0 0 0 0 0 0 0.3824379444122314 0 0 0 0 5.431939676403999 0 0 0 0 0 0 0.8836929500102997 0.7676551192998886 0 0 0.5054741501808167 0 0 0 0 0 0.1159695833921432 0.750910609960556 0 0 0 0 0 0 0 0 0 0 0 0 0 0.9341622740030289 1.408128768205643 0 0 0 0 0 0 0 0 0.6217068284749985 0 0 0 0 0 0 0 0.1505645364522934 1.897792220115662 1.794448375701904 0.2279178351163864 0 0 0 0 0 0 0 0 0 2.734618574380875 1.228827595710754 0.2069979608058929 129.5891601890326 2.651239462196827 20.24687428772449 4.428113453090191 1244.025751903653 13.05445942282677 1.473567113280296 7.783114716410637 2.85540859401226 0.5497928261756897 0.7051504999399185 0.2126263231039047 2.54456701874733 0 0 0 0.5510865598917007 0.346839427947998
2785.684211574495 0 754.4978325143456 752.2412425875664 6180.922567114234 396.7253715842962 2811.205152027309 187.5417439267039 2536.42434258759 804.1239663958549 2268.270754024386 38.92019386589527 1930.665997363627 881.4049035012722 14.9822286516428 0.6913289427757263 0 0.3234816193580627 0.2348793894052505 3.432974822819233 8.783250004053116 0 0.1761280447244644 0 0 0.8303804099559784 0.8097134381532669 1.666550740599632 0 0 4729.218993343413 8.422645397484303 3.157153770327568 0.1448834091424942 0 0 0.9587012678384781 0.8158241510391235 0 0.1305524259805679 3.196773648262024 0.5244120359420776 3.618793316185474 1.193872630596161 0.6111773401498795 0.1510678678750992 62.64314980059862 6.146215617656708 0.1069341227412224 2.546544998884201 0.7531406581401825 0 0 0.332155853509903 23.64844611287117 14.12724426388741 328.2029512152076 1834.605801641941 48.98895917832851 18.42191778868437 1.716109678149223 0.6734429895877838 0 12.96697029471397 7.151982292532921 2.032896526157856 2.624671027064323 1.553860306739807 3.156100176274776 6.441845387220383 2.936830267310143 8.89497484266758 0 210.8938755914569 107.4643170014024 78.52558990567923 4.964887194335461 1.666276589035988 2.0231953561306 91.26811730861664 7.112622171640396 5.260205507278442 33.35203019529581 0.2278104051947594 4.551920652389526 7.594796605408192 3.744248978793621 0.1419614255428314 1.548398964107037 0 0.5096476227045059 0 1.804379105567932 0.3686078935861588 0 230.1448637992144 1.047673389315605 0.7708287388086319 0.1292047798633575 2389.680702522397 6.903400287032127 0.2989110946655273 3.851322993636131 2.031145021319389 7.288031741976738 12.95161332190037 1.555686354637146 21.20452010631561 12.44197829067707 43.37132459878922 0.5594783127307892 25.61467100679874 83.22746033966541 35.24477903544903 12.53676061332226 0 0 0 0 0 0 0 0 0 0 0.1686114966869354 0 0 0.137759268283844 0.1987137198448181 0.6043294370174408 0 0.2957206070423126 0 12.57198396325111 1.420583561062813 0 0 0 3.471342012286186 0 4.322320751845837 0.9061953350901604 0.5446022152900696 0.3167854249477386 0 0 0 0.2415591329336166 0 0.1655296087265015 2.319094568490982 7.091901838779449 0.2021184712648392 0.6310873925685883 0 0 0.1651740968227386 0 0.2107152044773102 0 0 4.234449967741966 0 0.4687987864017487 0 12.51885761320591 1.224571600556374 1.745143502950668 0.5172933340072632 0 0 0 0 0 0 17.59041433036327 0 0 0 0.5525051802396774 6.259596824645996 0.5320632010698318 1.273118212819099 1.093938946723938 6.904680639505386 8.662130981683731 0.3114297986030579 1.316568553447723 0.6931624263525009 0 0 0 0.6442045271396637 0 0 0 19.80548058450222 5.439444720745087 2.728941351175308 449.6004591435194 23.56681703031063 324.7086997702718 59.96481785923243 1755.139911197126 101.79182061553 8.712526604533195 90.58874835819006 11.35279221087694 2.469607591629028 11.35509333014488 2.219320565462112 6.824614405632019 0 0 1.496310651302338 2.034785583615303 0.6040014177560806
30.07986447960138 754.4978325143456 0 0 330.6372906714678 1.787199884653091 40.94703444838524 3981.07068619132 161.4253563284874 4.646278157830238 4129.414551541209 0.3607085794210434 30.44268424808979 291.1901524960995 58.69256208091974 2.795025125145912 2.910247936844826 17.84796994924545 16.95874872803688 146.1270633637905 314.5721543133259 0.1585119366645813 5.263581216335297 9.581207260489464 26.01657561957836 10.74212285876274 16.40447595715523 12.21254697442055 1.514435619115829 0.5780437141656876 8011.78755018115 1416.988505460322 33.75320842862129 2.984026357531548 6.20863451808691 17.94900466501713 2.769244030117989 4.71728803217411 1.271005362272263 5.232814341783524 93.51935778558254 9.233131691813469 150.1481218487024 32.11463678628206 14.05144146084785 30.54940856993198 124.8854894340038 14.89101257175207 6.104784309864044 68.86423956602812 13.42034391313791 0.1447214335203171 0.1333630681037903 4.501087442040443 10.50677262246609 5.538118027150631 96.73862601071596 1808.864928327501 13.96061012148857 11.19116943329573 85.10944378376007 26.94397339224815 5.348269358277321 698.5921268463135 2.541363030672073 14.73926909267902 7.605069532990456 26.51663149893284 83.27312504500151 242.3619749546051 3.898910418152809 4.797715060412884 0 101.8233476281166 167.1304448023438 100.0664603635669 44.57018473744392 34.40678459405899 187.1008079946041 1197.442450664937 474.0518132299185 435.8068084046245 20.16045630723238 0.4242189824581146 2.868285544216633 5.845877543091774 38.27076949179173 0.4177954792976379 3.584935680031776 0.1176511570811272 3.200959414243698 1.330299593508244 37.48567843437195 4.366299673914909 1.222622290253639 23.7810335084796 3.286985442042351 0.1344486773014069 0.8584122359752655 394.1685957685113 0 0 0.9454342722892761 0 1.25959575176239 0.3315665572881699 0.2947198450565338 1.551912307739258 0.5134417414665222 0.4139233827590942 0 3.308349400758743 6.115552008152008 2.683920726180077 2.572812736034393 0.3974491506814957 0.1353046745061874 0 0.566959373652935 0.1849469691514969 0 0.5546869337558746 0.3538853973150253 0 0.1994600743055344 1.210303924977779 0 0 0.2369301468133926 0 2.430413313210011 0.3653180748224258 1.928840488195419 0.2867287993431091 4.397985696792603 0.6305048167705536 0.1288717836141586 0 0 0.4136466532945633 0.1151586547493935 0.91432785987854 0.7238400280475616 0.7534257471561432 0.7038305401802063 0.8088730648159981 1.744279772043228 0 0 0.4005220830440521 0 0.1792367249727249 0.7778486758470535 0 0.5498471409082413 0 1.253791347146034 3.871549442410469 0 0 0.2498732432723045 0.1539241671562195 0.3023832142353058 0 0 0 3.747939318418503 0 0 0.2755139991641045 0.330818697810173 0 0.735010027885437 0.5589658319950104 0.472944438457489 1.367716953158379 5.477955564856529 0.1439212709665298 0.2668104469776154 0.3517045974731445 2.364840798079967 1.043274030089378 0 0 0.223950058221817 0.1045783534646034 1.112960420548916 0.1061918064951897 0 0.8689182251691818 0.1436234712600708 0.8119366765022278 0 0.7808578833937645 0.6413138061761856 0 0 4.507035076618195 1.971744060516357 2.130992539227009 185.6320408061147 26.86235993355513 244.875166669488 59.83588072657585 61.85938637703657 35.27690616995096 8.07895366102457 61.17047279328108 8.911182001233101 0.6304025575518608 4.974224902689457 0.4906567633152008 1.693022757768631 0.925052136182785 0.2954453825950623 0.2336100935935974 3.91889713704586 2.068740606307983
535.7227017134428 752.2412425875664 0 0 87.91848994791508 233.9248660355806 1168.996147125959 0.1312013268470764 26.11145257949829 1797.006842657924 1.277009382843971 11.5840378254652 1552.330584868789 60.4022930264473 1.062158226966858 0 0.2711063325405121 0 0 0 0 0 0 0 0 0 0 0 0 0 14.79248186945915 0 0 0 0 0 0 0 0 0 0 0 0 0 0 0 3.145772486925125 0.385839119553566 0 0.1574543714523315 0 0.2062452882528305 0 0 0.406726062297821 0.7761461585760117 22.11695640534163 52.01159805804491 3.346362859010696 0 0 0 0 0 0.410376064479351 0.4448197484016418 0 0 0 0 0.7640466690063477 3.471416220068932 0 7.536666564643383 2.156872153282166 4.189610607922077 0.1294072717428207 0 0 0.4954460710287094 0 0 0.7945867031812668 0 0.1083616316318512 0.3627548962831497 0.6453204154968262 0 0 0.220442607998848 0 0 0 0 0 101.7117563784122 0.5860540419816971 0 0 127.4648996293545 0.9015954732894897 0 1.613629624247551 1.102584943175316 1.515822380781174 4.973567262291908 0.1844182908535004 3.902252867817879 10.91971656680107 12.27129496634007 0.2591476738452911 8.0998814702034 21.93608404695988 6.088937401771545 4.08707295358181 0.4596022963523865 0.670471727848053 0 0 0 0 0 0 0 0 0 0 0 0 0 0 0 0 0 6.62852680683136 0.7787262499332428 0 0 0 0.2889029085636139 0 0.2618745565414429 0 0 0 0 0 0 0 0 0 0.6755943596363068 1.169451475143433 0 0 0 0 0.1717870682477951 0 0 0 0 0.4809569269418716 0 0 0 2.401776641607285 1.091060072183609 0.2433512508869171 0 0 0 0 0 0 0 4.393041014671326 0 0 0 0 1.278395086526871 0 0.8094227313995361 0.3076347559690475 4.661555409431458 0.829228013753891 0.9107858836650848 0 0 0 0 0 0 0 0 0 4.425652384757996 0 0.4181365370750427 78.89431323111057 1.64030884206295 15.20940051227808 3.029464021325111 476.9926294088364 2.29190793633461 0.6186542063951492 4.922278121113777 0.515291154384613 0 2.306070730090141 0.4371469467878342 5.723004624247551 0 0 0 0.5817715525627136 0
889.7852503657341 6180.922567114234 330.6372906714678 87.91848994791508 0 59.15752191841602 1335.699583545327 26.8290817886591 8487.908444195986 568.4976780563593 417.4650721102953 60.68102899193764 1510.969121187925 1376.634160876274 39.15981855243444 0.5463938266038895 0 0 0.3410361483693123 0.3966232240200043 2.079028554260731 0 0.2681775689125061 0 0.4603438675403595 0 0 0.6385744661092758 0.4069139659404755 0.1026664674282074 825.6860617846251 5.843787886202335 2.705252170562744 0 0.176488846540451 0.3776432871818542 1.097577922046185 0.4592069089412689 0 0.2283289730548859 1.204145357012749 0.8404839932918549 0.9216784685850143 0.5149415731430054 0 0.5663223564624786 155.2583180814981 12.23214237391949 0.1281751096248627 1.195165276527405 0.2800650745630264 0.1402117908000946 0 0 21.81659761816263 24.28177460283041 151.3215837031603 637.972654633224 36.23570613563061 25.94742364436388 0.4014468714594841 2.157833576202393 0 26.22252740710974 8.045928649604321 2.441339313983917 3.13728079199791 1.123684927821159 1.46040166169405 1.762848570942879 1.792314127087593 11.3968043923378 0.2493467926979065 202.3122399076819 134.8071523681283 142.8321196138859 9.990604676306248 0.634743332862854 0.2971007525920868 7.933778829872608 1.107803955674171 2.537940308451653 45.31659044325352 1.351396404206753 4.826295703649521 15.3667369261384 2.278598263859749 0.6314185559749603 3.008706003427505 0.3317607790231705 0.6411925554275513 0.2871907949447632 0.4312062561511993 0.4964457079768181 0.1365930885076523 360.2174503281713 1.957062035799026 0 0.1056442260742188 433.2480102404952 6.521534040570259 1.710650935769081 10.48032830655575 2.287702322006226 21.34031757712364 33.75421147048473 6.330118373036385 38.61433076858521 35.55723723769188 79.54716439545155 4.104969203472137 47.81842513382435 153.0596002191305 68.37697422504425 26.34909927845001 0.2637865245342255 0 0 0.2382154762744904 0 0 0 0 0 0 0 0 0 0.3675222098827362 0.2102814018726349 0.5037515163421631 0 0 0 33.07641565799713 7.820787161588669 0 0 0 6.072160243988037 0 8.119767650961876 0 1.139735519886017 0.2781567871570587 0.2627118229866028 0 0 0 0.6806097626686096 0 7.524129495024681 13.87295934557915 0.5706599205732346 1.477867186069489 0 0 0 0.1336434185504913 0.311185747385025 0 1.470947623252869 11.35360510647297 0 0 0 34.18800275027752 4.077317848801613 0.8671268224716187 0.2887356877326965 0.1172826439142227 0 0 0.1424558013677597 0 0 24.48921105265617 0.9161927253007889 0 0 0 18.45305460691452 1.132229566574097 5.031208425760269 3.311742909252644 16.92864698171616 8.616203829646111 4.05408787727356 1.368047505617142 0.546549066901207 0 0 0 1.952849604189396 0.1383205652236938 0 0 41.30927309393883 8.840514585375786 4.801222875714302 592.8258821368217 53.21322972327471 536.203608199954 143.520703971386 585.4776447936893 98.04158553481102 25.13725822418928 141.6602443605661 26.90927956998348 2.122167691588402 27.44662627577782 2.478497684001923 24.0730614066124 1.86580616235733 5.776868961751461 5.484818324446678 4.414097875356674 3.270419463515282
65.2516828328371 396.7253715842962 1.787199884653091 233.9248660355806 59.15752191841602 0 230.2779758572578 0 25.34997087717056 377.7202492505312 9.930301353335381 204.5246699750423 254.6971262991428 36.56303550302982 3.350091181695461 0.9432606995105743 0 0 0 0 0.4542989134788513 1.129111051559448 0 0 0 0 0 0 0 0 3.502866089344025 0.509131908416748 28.77090498805046 0 0 0.74339759349823 21.30327177047729 0.4862533807754517 0.4104896485805511 0 0 0 0 0.4491978883743286 0 0 2.332388013601303 0 0 0 0 12.78390300273895 0 0 0 0.77340267598629 181.3534857854247 23.9767889380455 0.7530049234628677 0.27192472666502 2.200058028101921 5.940966010093689 0 0.2161194980144501 0 0 0 0 0 0 112.7705755680799 320.3218571692705 18.34026928246021 2.096048429608345 2.542236566543579 2.589311227202415 1.737385638058186 1.096815623342991 0.1427714228630066 14.38151614367962 0 5.751337215304375 0.1117879152297974 1.337742298841476 0 0.08279972523450851 0 22.95754089951515 5.751082375645638 7.494556203484535 0.1665083765983582 4.492426916956902 0 0 0 226.7045982331038 122.7240917682648 71.4347358494997 9.414031594991684 392.3075560629368 0.2313554137945175 0.1728487610816956 0 0 0 0.7764295339584351 0 0.234669104218483 0 1.15264618396759 0 0.2214256972074509 1.403150737285614 1.004024505615234 0 0.2422647923231125 0.2616865932941437 0 0 0 0 0 0 0 0 0 0 0 0 0 0 0 0 0 1.572542041540146 0 0 0 0 0.3928690403699875 0 0.7274810373783112 1.029701828956604 1.048621311783791 0 0 0 0 0 0.1411085873842239 0 0 0.6301953196525574 0 0 0 0 0 0 0 0 0 0.165011465549469 0 0 0 0 0.335338294506073 0 0 0 0 0 0 0 0 1.378469079732895 0.6522675156593323 0 0 0 0 0 0 0.190799817442894 0.56986403465271 0.1694125831127167 0 0 0 0.5430960655212402 0 0 0 0 0 0 0.5898460149765015 4.38426947593689 1.604007244110107 26.36992294341326 0.6125766709446907 8.105756707489491 1.380675509572029 173.7124475538731 1.831982478499413 0.8571807071566582 3.540984310209751 1.35134369134903 0 0.171419620513916 0 0.4882653951644897 0 0 0 0 0
1005.837289631367 2811.205152027309 40.94703444838524 1168.996147125959 1335.699583545327 230.2779758572578 0 2.636223025619984 1268.907645866275 2384.513697065413 53.07585678994656 57.26401163637638 9823.740570560098 2248.598042272031 28.64123426377773 0.6723291575908661 0.1971267759799957 0.1897053122520447 0 0.69242163002491 2.46179386228323 0 0.2927587032318115 0.1263501197099686 0.1763349026441574 0.1872361749410629 0 0.3492948859930038 0 0 233.4887129664421 3.282143451273441 2.288183823227882 0 0 0.6389502435922623 0.6521708965301514 0.145767942070961 0 0.2709240615367889 3.492241993546486 1.239050917327404 1.920769810676575 0 0 0.2935820519924164 107.096755258739 7.892495483160019 0 0.965361475944519 1.302819706499577 0 0 0.4949993491172791 18.66192915290594 13.91049490869045 140.9768100753427 396.3816152513027 26.71656081825495 18.65537421405315 0.4502870440483093 0 0 19.09927374124527 8.954548493027687 2.627127453684807 2.451427057385445 0.8183998316526413 1.959939487278461 2.935951083898544 2.571431845426559 15.56734008342028 0 159.1303886845708 94.45695780217648 108.5952046513557 7.303407453000546 1.533240631222725 0 2.999374777078629 1.460550062358379 2.428361892700195 31.74251006543636 1.718695245683193 3.331936068832874 9.708004675805569 2.3789903819561 0.7459376975893974 1.296677812933922 0.2349941730499268 0.4794347882270813 0.8526822999119759 1.636341959238052 0.606981486082077 0 488.937691166997 3.660036765038967 0.1154197454452515 0.3355114161968231 278.3202365040779 8.076795443892479 1.354639604687691 12.45789325237274 6.122204512357712 28.4003087580204 53.29671297967434 6.841450333595276 40.04711173474789 50.4017244130373 92.51702301204205 3.541903391480446 63.56616598367691 189.638169541955 77.22498407959938 39.12759029865265 0 0.4530658572912216 0 0 0 0.7934085726737976 0 0 0 0 0 0 0 0 0 0 0 0.1216630488634109 0 45.13585186004639 9.150787189602852 0 0 0 6.588644623756409 0.2047531455755234 11.70909809321165 1.334619879722595 1.333316028118134 0.3910334408283234 0.2579031884670258 0 0 0 0 0 5.829006031155586 13.31394004821777 1.238417945802212 0.6016130149364471 0 0 0.4868152141571045 0.237217053771019 0 0.2833380922675133 1.091141737997532 10.24032262712717 0.2111493796110153 0.4373233020305634 0 24.73799784481525 5.952680543065071 2.560543894767761 0.661142572760582 0 0.1198912635445595 0 0 0.133342832326889 0 25.07496617734432 0.4649262130260468 0 0 0.1022078320384026 13.37097123265266 0.3205617070198059 6.523373186588287 4.125781029462814 20.80444963276386 15.07687701284885 2.258233189582825 1.044048979878426 0 0.1344118416309357 0.2802161276340485 0 0.7192738950252533 0 0 0 34.73137663304806 8.011091738939285 3.859672680497169 580.056803047657 32.8984637632966 444.287539832294 101.1071952134371 928.6486896201968 80.82118165493011 14.9018727466464 190.8733088821173 22.73986566066742 1.587695941329002 21.61521038413048 3.533599838614464 31.26901532709599 2.23322781920433 0.121271163225174 6.738200038671494 3.173614114522934 1.64411573112011
14.3305562287569 187.5417439267039 3981.07068619132 0.1312013268470764 26.8290817886591 0 2.636223025619984 0 215.639514029026 0.6232471093535423 3116.711003243923 0.6273698806762695 19.5552005469799 314.8801703453064 56.95089399069548 2.501746118068695 2.257998175919056 24.12795139849186 21.81121784448624 186.1174131631851 497.7798481360078 0.1528227180242538 16.85712018609047 12.38220574706793 78.8307151645422 28.29300127178431 35.69212563335896 13.26925099641085 1.528667114675045 2.838311105966568 2470.367354370654 1243.641701482236 77.85027576982975 3.554707989096642 11.83549244701862 61.55284485220909 5.851477079093456 15.80758588016033 2.187226012349129 8.461416125297546 172.1916942596436 15.83923444151878 131.5962747335434 99.57525875419378 18.87141193449497 27.75676058232784 138.6879601255059 16.12272878736258 9.278269715607166 60.40594869107008 9.954402610659599 1.522290594875813 0.2762150466442108 3.136762611567974 11.77377334237099 8.556869596242905 60.98989029973745 365.8670610561967 10.75213940441608 16.25416625291109 179.4264282658696 126.218416467309 14.5497121065855 350.0267623513937 6.121923081576824 10.31160382926464 9.410262696444988 21.52183728665113 84.75269340723753 243.3828271925449 6.873047798871994 4.60751910507679 0.3991502821445465 87.33455095440149 124.468608930707 134.4566471427679 70.35294516384602 177.2576359137893 915.1305087357759 4985.450093507767 1203.056820884347 2509.975961320102 17.43441835790873 0.5321646928787231 3.916430838406086 6.043394349515438 30.50817263871431 0.1165749803185463 3.49969070404768 0 3.080892652273178 1.304186776280403 46.6360335573554 8.84739150851965 1.977729961276054 11.78983751684427 10.17032549530268 0.326073631644249 2.561995729804039 66.01532338559628 0 0 0 0 0.6722328662872314 0 0 0.984261155128479 0.3657398223876953 0.7420016527175903 0 0 2.771682351827621 0.5402499586343765 3.549222648143768 0.3529230803251266 0.1411549299955368 0.1216869801282883 0.2482275664806366 0.134668156504631 0.1276139914989471 0.8047209680080414 0.6107195913791656 0 0.5624970644712448 3.0514235496521 0 0.1033590510487556 0.378183126449585 0.5747309476137161 2.909454874694347 0.9192100986838341 4.773778609931469 0.4830010309815407 1.155951380729675 0 0.1020505651831627 0 0 0.6338749155402184 0.4072587043046951 2.096301324665546 2.402333498001099 1.230828188359737 2.254933595657349 0.8888920024037361 0.6338094174861908 0 0.288440614938736 0.583700492978096 0 0.5164858102798462 0.8236389458179474 0 0.9440937340259552 0.1543584913015366 1.203198060393333 5.815836533904076 0 0 0.1270915418863297 0 0.3999826610088348 0 0 0 1.688841670751572 0 0 0.10737194865942 0.1572712510824203 0.2786155045032501 0.5511181056499481 0.152541384100914 0.2962218225002289 4.608174070715904 4.958975344896317 1.512289986014366 0.227106899023056 0 1.791682459414005 0.1264934837818146 0 0 0 0.6960029006004333 0.1390067636966705 0 0.2253024205565453 0.5017039850354195 0.1625648885965347 0 0 1.097119711339474 0.3847744315862656 0.244163304567337 0.1742404997348785 1.855660021305084 1.497268423438072 2.618537910282612 159.1019565016031 29.26824003458023 284.5274532735348 56.75553634762764 33.92933293431997 28.04114440083504 9.186353534460068 70.88327886909246 4.712226442992687 0.7599623203277588 2.608130693435669 0.5239267572760582 0.1707570552825928 0 0.127088874578476 0.7179279923439026 4.06843925267458 3.131239250302315
92.48462079465389 2536.42434258759 161.4253563284874 26.11145257949829 8487.908444195986 25.34997087717056 1268.907645866275 215.639514029026 0 324.3113771080971 3331.212808042765 36.5763129144907 2577.754276409745 2808.039767883718 50.06170507520437 0.9209857136011124 0.2025817632675171 0 0.1501267552375793 1.300484701991081 4.844556629657745 0 0 0.1773754954338074 0.1673650592565536 1.301791504025459 0.170339047908783 1.362827315926552 0.3848397731781006 0 209.755551353097 7.699335478246212 13.67859670519829 0.150319829583168 0.6455873250961304 0.1817468106746674 2.712611854076385 0 0.1310847699642181 0.2462703883647919 4.364316791296005 0.8685644865036011 1.826745092868805 0.2375695109367371 0 0.1326316297054291 150.7255285978317 4.871694788336754 0.3133984208106995 1.422848060727119 1.96240472048521 0 0 0 12.27558439970016 9.614127069711685 47.96785568445921 135.997441843152 18.31126544624567 20.63489306718111 0.3492547571659088 0.9918312281370163 0 22.06300365924835 4.655250400304794 1.187552087008953 2.518927372992039 0.8353920206427574 4.00675643235445 6.792673110961914 10.55808959901333 20.16292949020863 0.5569252371788025 84.77429185807705 56.76214743405581 129.4487022012472 15.73954014480114 1.490525871515274 0.2989844530820847 96.87402471899986 1.649760968983173 1.787709876894951 22.09518720209599 1.204979375004768 2.819246798753738 8.032720558345318 3.046639405190945 0.7738090604543686 1.978902123868465 0 0.8952670991420746 1.664592936635017 2.895935267210007 0.6719250082969666 0.6774696260690689 548.8891694769263 3.493061624467373 0 0.3020548522472382 92.01753340661526 9.722912862896919 3.518366575241089 14.08911536633968 1.891736835241318 26.66008347272873 47.83509837090969 7.786884173750877 45.03247062861919 38.00356417894363 99.61978703737259 1.969457402825356 66.32347041368484 221.4301718175411 97.29416356980801 36.74476437270641 1.315286532044411 0 0 0 0 0.688030481338501 0 0 0 0 0 0 0 0 0 0 0.4260108768939972 0 0 44.11828902363777 3.282580226659775 0 0 0 7.831145435571671 0.8682493567466736 10.49725866317749 1.596050173044205 0.9096072912216187 0 0 0.1495614647865295 0 0.2713709771633148 0 0 4.451039843261242 18.04697443544865 1.2766472697258 1.442229628562927 0 0 0 0 0.9827583432197571 0.2676039561629295 1.090118691325188 12.66062079370022 0 0 1.297979235649109 37.64989510178566 3.913900256156921 1.213176056742668 0.1297153234481812 0.5423846989870071 0.178857296705246 0 0 0 0.8242764621973038 35.40816670656204 1.018946021795273 0 0 0.5976628065109253 19.88314887881279 1.250942170619965 7.169010043144226 5.054580301046371 21.1765670478344 12.4668547809124 5.817293047904968 2.668442532420158 0.8648447394371033 0 0.2860472202301025 0 0.8725517317652702 0 0 0 56.67837275564671 8.78000482916832 4.237220332026482 646.6807430461049 54.41613585501909 494.254155382514 138.6357592195272 200.5432717129588 66.08163742721081 16.16369312256575 256.8677085861564 32.38292756676674 4.843620240688324 29.98746402561665 3.050163179636002 20.08065435290337 1.048137053847313 1.59236054122448 11.15225596725941 8.305802851915359 1.766926825046539
678.9878323674202 804.1239663958549 4.646278157830238 1797.006842657924 568.4976780563593 377.7202492505312 2384.513697065413 0.6232471093535423 324.3113771080971 0 17.82971951365471 816.8907290548086 6180.58584946394 140.4302577376366 6.703153878450394 0.6930910795927048 0 0 0 0 0.654825896024704 0.2635981142520905 0 0 0 0 0 0 0.7050876170396805 0 25.39313017576933 0.7600080668926239 17.93875333666801 0 0 0.3861335813999176 10.91285218298435 0 0.5736644715070724 0.1699874401092529 0 0.5994915515184402 0.1722573339939117 0.3066880404949188 0 0.5587700009346008 21.47274476289749 0.9613953977823257 0 0.6301176398992538 0.3544771075248718 2.766211569309235 0 0 4.428573362529278 2.213167704641819 168.2730003371835 144.849475055933 9.474100239574909 3.862881779670715 0.6607805341482162 1.845616891980171 0 3.628007605671883 1.074453726410866 0.5134767293930054 0.1265441477298737 0.5208070129156113 0.1968978047370911 0.5215574949979782 49.24009263515472 75.29379671066999 4.383761122822762 29.85196641087532 15.87292959541082 20.4771706610918 2.391358464956284 0.1272933334112167 0 4.659475237131119 0 2.473538428544998 5.556652411818504 0.9552330076694489 0.9213165938854218 0.8190305009484291 0.8725128918886185 4.494052693247795 1.195205174386501 2.04778927564621 0.1624056845903397 0.7549401372671127 1.288901939988136 0.2395342290401459 0 1318.328312337399 32.0596662312746 15.97559893131256 0.7281705439090729 891.1339989453554 15.94273042678833 3.283861294388771 19.25351384282112 7.215127319097519 34.35631921887398 80.26227323710918 17.44542579352856 79.85819372534752 86.57353945076466 190.4417202621698 1.724077805876732 100.0136744230986 301.1959441155195 133.2432053387165 50.02413834631443 2.702492490410805 0.5394715070724487 0 2.517923831939697 0 0 0 0.1898680925369263 0 0 0 0 0 0.64784175157547 0.4890492558479309 0 0.2010953426361084 0 0 63.0262398570776 7.19320522248745 0 0 0 15.52133975923061 1.262568354606628 21.72968384623528 4.103560715913773 1.437171548604965 0 0 0 0 0 0 0 11.49559806287289 20.78486032783985 0.543033093214035 1.542434483766556 0 0 0 0 0 0 1.732907697558403 18.7879411354661 0 0 0 44.20306929945946 11.05821424722672 2.292761608958244 0.8231963664293289 0 0.54710853099823 0 0 0 0 38.8196759223938 1.100632190704346 0 0 0 21.53495945036411 2.438171207904816 6.121312603354454 7.748217679560184 33.49843607842922 19.09147927165031 8.477786391973495 3.556895285844803 0.4901053011417389 0 0 0 0.211305558681488 0 0.2577252984046936 0 51.37546022236347 14.79163648188114 9.210722625255585 909.782073803246 8.696871608495712 104.6942783296108 21.72472244501114 1608.861858382821 20.29340419918299 1.944149792194366 57.1791734546423 48.24284877628088 2.376116514205933 50.05923948436975 5.000086799263954 74.10574463009834 2.242124289274216 0.1452861577272415 11.04081965982914 0.5221695899963379 0
183.2893715053797 2268.270754024386 4129.414551541209 1.277009382843971 417.4650721102953 9.930301353335381 53.07585678994656 3116.711003243923 3331.212808042765 17.82971951365471 0 5.54629185795784 395.4561856612563 3858.991818606853 62.36037933081388 2.530189916491508 0.389991968870163 3.436951264739037 0 11.30432325601578 114.5256087854505 0 6.172214671969414 8.010306715965271 15.6342529207468 28.41015343368053 15.0798704624176 10.35066782683134 1.623930439352989 3.432028323411942 1689.994961470366 175.6204513385892 75.23795441538095 0 1.357012391090393 19.1287833750248 6.334714293479919 10.34233166277409 0.1886991113424301 1.894678734242916 121.3302022367716 16.62969368696213 23.66275196522474 1.694227464497089 0.2963842824101448 1.262797191739082 192.6861691996455 11.1184449121356 3.849494606256485 18.15390710532665 7.516745738685131 0.5889954715967178 0 3.302224546670914 18.58309569209814 14.92961324006319 107.7174094095826 626.2031529992819 24.00828049331903 25.27005805820227 10.41702124476433 37.71391709148884 2.36038863658905 67.75305236876011 7.779713243246078 5.185192093253136 5.364280305802822 9.242549888789654 39.40734142065048 78.7203701287508 10.22340254485607 11.6845513433218 0.1716732531785965 150.5319055393338 136.6809858828783 167.2201549783349 31.63085612654686 6.245205499231815 46.03632214665413 1813.69983946532 18.08206576108932 118.2330823913217 34.8065969273448 1.163433134555817 6.039768315851688 11.22028075158596 12.09988307952881 0.6353891119360924 3.024083167314529 0.1406449377536774 1.373775601387024 0.6651399880647659 33.81364293396473 8.99385678768158 1.315671354532242 142.0778563171625 14.39571423083544 0 0.5846479386091232 307.99870955199 3.975480958819389 0.5979952216148376 3.343478485941887 1.209598660469055 5.342789322137833 11.83693312108517 0.9872518628835678 15.19554263353348 8.097401723265648 20.68367481231689 0.1310313194990158 15.62828686833382 44.60417358577251 25.84137806296349 12.79954117536545 0.4011198580265045 0.2049309015274048 0 0 0.1958083510398865 0 0.4099944978952408 0.4756971597671509 0 0.938261404633522 1.549297586083412 0 0 0.7739980518817902 0 1.156381398439407 0.2501589804887772 2.366635620594025 0 12.98196846246719 2.086492747068405 0 0 0 2.550615265965462 0 8.735908105969429 0.3229151219129562 0.2156855762004852 2.248447731137276 2.012396723031998 1.11126534640789 0.2002171277999878 0 0 0.5667160004377365 2.924054339528084 3.685956239700317 0.6814378499984741 1.732034169137478 0 0.2023515403270721 5.290373533964157 0 0 0.467201367020607 0.3296063467860222 2.289746135473251 0 0 0 17.80749249458313 3.719246909022331 0.3690422922372818 0.5451966375112534 0 0.1500286608934402 0.511117085814476 0.3876965418457985 0.4725304543972015 3.318642765283585 12.15857265889645 1.356901854276657 0 0 2.236698172986507 5.856860995292664 0 1.398008495569229 2.526011690497398 6.140889078378677 3.919174745678902 1.60845074057579 0.5586348176002502 0.1776826232671738 0.1449926495552063 0.2063904404640198 0 1.350152157247066 0 0 0.3367032110691071 19.75429372489452 6.010749116539955 0.9684933722019196 470.8431650176644 48.68449451774359 582.4140994176269 129.7999335601926 150.8644359558821 81.33217062056065 17.0739203915 204.3352801203728 22.21333804726601 1.25119537115097 13.82120280712843 0.7536510974168777 3.702986717224121 1.850664108991623 0.4047923237085342 3.583991646766663 6.924506828188896 0.6957913935184479
180.4813303053379 38.92019386589527 0.3607085794210434 11.5840378254652 60.68102899193764 204.5246699750423 57.26401163637638 0.6273698806762695 36.5763129144907 816.8907290548086 5.54629185795784 0 1049.244541943073 83.50302668660879 44.63635408133268 4.351561799645424 2.062741197645664 0.9559928625822067 0.1844813525676727 0.9482354819774628 4.013293638825417 1.13995099067688 0 0.6277439147233963 0.2269821017980576 4.611401207745075 0 5.161060445010662 3.538346573710442 0.62480628490448 6.807651355862617 4.867839276790619 120.288594275713 0 0 1.361968532204628 235.2018121927977 1.506193295121193 0.9717830419540405 1.133442670106888 15.69822285324335 9.056602790951729 6.194231882691383 3.796003252267838 0.6123516857624054 0.4235919117927551 55.00088669359684 1.655585840344429 0.2612787783145905 4.455539584159851 2.02968879789114 1.186872377991676 0 0.8335510939359665 2.74578458070755 1.655379861593246 43.50981483608484 21.02536343038082 3.063061214983463 4.046426475048065 0.3609031736850739 20.75822159647942 0 6.305071286857128 0.6707720384001732 0.4509891867637634 0.1217240244150162 1.210011549293995 8.524805709719658 15.23816886544228 304.0696542710066 77.0794824808836 0.5929900258779526 12.6821273714304 11.92029862850904 48.53700636327267 16.24891441315413 4.282635003328323 0.4471203833818436 12.45966104418039 0.560495525598526 14.4411568492651 3.048585020005703 0 0.3011243641376495 1.815731585025787 2.08216181397438 0.1559366583824158 1.102958507835865 0.5444511771202087 0.3563785254955292 0.3921834975481033 10.0994992852211 6.723324224352837 4.258927375078201 2385.261592522264 190.5009679049253 1.496396660804749 25.48680602014065 315.4353576600552 6.074563026428223 1.667450457811356 7.250577136874199 3.111991852521896 12.68081401288509 34.24380061030388 6.703893065452576 24.60653735697269 25.93186241388321 53.08800201117992 1.724694386124611 41.78051200509071 128.1881192028522 67.53320556879044 33.65074713528156 1.162819966673851 0.2965802997350693 0 0.1175865009427071 0 0 0.1317021399736404 1.025326490402222 0 0.160003736615181 0.736300453543663 0 0 0.1240581721067429 0 0 0.1570788323879242 0.2923604995012283 0.136908158659935 25.19371643662453 3.195389844477177 0 0 0 8.992634303867817 0 17.11209988594055 0.127045065164566 0.9566264525055885 0.3111634701490402 0.301027849316597 0.2149795740842819 0 0 0 0 6.633361473679543 14.18371537327766 0.5362130105495453 0.4456545859575272 0.3049636781215668 0 1.221140772104263 0.09625549614429474 0.1659706681966782 0.1251722127199173 0.2305430024862289 9.719963550567627 0 0 0 28.20006321370602 3.864748626947403 1.132817268371582 0.285135880112648 0.4959625527262688 0 0.1247549876570702 0.3772388845682144 0 1.240287736058235 35.91036878526211 1.528671696782112 0 0 0.4732379615306854 14.66109067201614 1.116069182753563 7.621072620153427 2.368676096200943 9.800213143229485 7.902785114943981 2.019925147294998 1.622289106249809 0.2113968580961227 0 0 0 0.349350780248642 0 0 0.168026402592659 46.43742328882217 14.65786620974541 5.360411182045937 369.4490250572562 19.67266132682562 132.7601376250386 33.31165771186352 399.6426376849413 14.88186317682266 3.568683184683323 122.2724342420697 22.21689502894878 3.709998801350594 13.35397370904684 3.375890046358109 15.22820806503296 2.49907261133194 0.2611366510391235 3.790186852216721 8.303280249238014 1.373166292905807
335.6111588031054 1930.665997363627 30.44268424808979 1552.330584868789 1510.969121187925 254.6971262991428 9823.740570560098 19.5552005469799 2577.754276409745 6180.58584946394 395.4561856612563 1049.244541943073 0 4011.641163751483 157.8796462640166 8.770334005355835 2.642929792404175 3.764776900410652 0.3028996586799622 7.106937512755394 32.18508388102055 1.032497018575668 0 2.014027297496796 0.8290309756994247 17.67983530461788 2.250041946768761 9.94851890206337 5.554460063576698 1.599044322967529 87.63026438653469 17.16905455291271 848.6191574931145 0.1848228871822357 0.2002294957637787 16.57475316524506 345.9395115077496 4.313799664378166 0.687756359577179 2.188260689377785 81.89430736005306 38.29363837838173 29.16690150648355 6.573053970932961 1.187833592295647 0.5095689594745636 292.2779209166765 13.32862459868193 1.908902958035469 18.17560864984989 7.183635890483856 1.144035831093788 0.3197680711746216 3.504543870687485 13.42121180891991 18.20222997665405 98.72863575071096 145.9005985930562 22.79171542078257 27.88908485323191 3.329166576266289 46.88146860897541 0 21.55506782233715 8.055542811751366 6.076425403356552 5.668063223361969 10.66221424937248 29.65497866272926 57.08620649576187 540.7079054564238 113.0365688055754 1.766855731606483 110.226713962853 74.30007788538933 216.1262141987681 61.17367866635323 11.27720984816551 1.175472751259804 72.2897099852562 4.633514955639839 20.73014394938946 24.4840787127614 1.465264953672886 5.704394124448299 11.19276057928801 17.40059866756201 1.432464554905891 3.820553116500378 0.6730595231056213 1.106508493423462 0.413913682103157 31.67836512625217 18.07518085092306 5.453322023153305 4254.522766724229 180.6280242428184 1.262129008769989 8.603381246328354 392.9294510558248 14.68202151358128 5.551312983036041 27.86776016652584 9.814587965607643 57.57333295047283 78.47027933597565 19.40488094091415 112.5340216010809 96.84836633503437 232.9231837540865 9.663917481899261 133.1908300220966 445.0512060075998 181.0367705225945 91.48407037556171 0.8754550069570541 1.195603221654892 0 1.205483049154282 0.1763674914836884 0 0.8033683151006699 0 0 0.7325835376977921 2.013569101691246 0 0.5613852143287659 0.7992942035198212 0 1.520818531513214 0.7495326548814774 2.197875529527664 0.4783459156751633 77.87925741076469 16.87273010611534 0 0.3671460449695587 0 16.40316747128963 0.7997027337551117 30.0546875 3.668371558189392 1.872994557023048 1.126326814293861 1.398953512310982 1.676746428012848 0.4598891586065292 0.1447397172451019 0.4500595927238464 0 8.709039285778999 32.89008908718824 1.365589432418346 0.9775860607624054 0.8739491701126099 1.133591637015343 3.873394876718521 0.1480903923511505 1.610539793968201 0.7662047520279884 1.327475443482399 24.55207435786724 0 0 1.005839109420776 64.54967428743839 11.8442840129137 1.321738854050636 1.094466090202332 0.4595259428024292 0.5711391568183899 1.218350186944008 0.3051116615533829 0.3283509761095047 1.487371906638145 102.039074331522 1.423443511128426 0 0 2.311447843909264 33.44859762489796 0.5554772615432739 7.232026755809784 10.73128370940685 50.33425218611956 28.57084633409977 9.998520329594612 8.148119896650314 0.8534121289849281 0.2627646625041962 0 0 2.103730589151382 0.2756699323654175 0 0 143.6733604669571 40.34932239353657 13.93156842887402 1328.234650842845 117.0525005459785 710.6621245667338 211.0471669211984 813.7167156785727 75.83388827741146 28.50662801414728 420.3744983747602 75.33129595965147 8.302242569625378 51.76851546019316 6.865248993039131 53.5134409815073 4.426415354013443 1.723569914698601 11.46820022165775 20.47684942185879 6.772962875664234
