0 4123.057156942785 811.154321745038 903.7954439669847 1319.815998673439 70.1022615134716 313.2248399630189 212.1415000110865 158.0912852585316 438.0773188397288 1301.161886557937 20.12278518080711 187.0326020866632 545.961238026619 0.4776532575488091 0.9169138222932816 0.1109941229224205 0 0 0.1356033682823181 0 0.1382730603218079 0 0 0.9425285756587982 0 0 0.3206393122673035 0 0 1117.386325009167 0.9806128144264221 23.68306038528681 0 0 0.1364660412073135 37.35709063708782 0.123088575899601 2.340828984975815 0.6354163065552711 0.1968408226966858 0 0 0 0 0.257068082690239 4.560599632561207 0.2547565028071404 0 0.1248245164752007 0.1518751531839371 1.680779114365578 0.4632213711738586 0.2060696184635162 1.799147233366966 3.523348689079285 305.7001653909683 837.0005020350218 37.15306130051613 5.49447563290596 0 0.2679795324802399 0 6.306013599038124 1.348267130553722 0.7749696373939514 0.2233803048729897 0.3482805788516998 0.2296754121780396 0.134293258190155 23.85629803687334 85.27894194424152 2.18687741458416 23.57299216836691 26.57542839646339 4.727235682308674 2.227080270648003 0.3782432749867439 0 157.6262318491936 0 2.4367770627141 2.718190595507622 1.413865953683853 0.561607725918293 0.8900669664144516 0.1064849942922592 2.252945855259895 0.6533468961715698 1.75530843436718 0 0 0.1176738888025284 0.1572921872138977 0.3851669281721115 209.0818847715855 14.89132887125015 0 1.734694749116898 994.9967796579003 0.8920117914676666 2.241300910711288 2.899256281554699 2.907565459609032 1.25447753071785 24.18088232725859 1.619851797819138 6.03664369136095 18.95804537832737 24.28267635405064 0.9384789168834686 38.10758414119482 28.71341866254807 33.8760092407465 4.109815999865532 0 0.5762733221054077 0 0 0 0 0 0 0 0 0 0.3769368231296539 0 0 0.2546540498733521 0 0.5652427524328232 0.3750802278518677 0.1888759732246399 1.009419672191143 0.09940608590841293 0 0 0 12.95862396806479 0 6.945418946444988 2.13986425101757 0.2267568409442902 0 0 0 0 0 0 0 1.401835650205612 2.7460016310215 0.2320278435945511 0 0 0.5840973258018494 0 0 0 0 0 0.3610415980219841 0.3689251840114594 0 0 0 0.1314696669578552 0.4722061306238174 0 0 0 0 0 0 0 29.91262900829315 0 0 0 0 0.1576294898986816 0.148373931646347 0 0.2590561136603355 3.039439141750336 1.546142511069775 0 0.5382018834352493 0 0 0 0 0 0 0 0 43.4716974645853 2.182454526424408 5.798913449048996 317.9553982615471 10.48247440159321 23.11265005171299 4.956609532237053 671.0017552301288 17.01689169555902 0.9095873534679413 18.8031432107091 11.1877264380455 1.036349296569824 2.709932237863541 0.236208476126194 15.18641981482506 0.7533386945724487 0.1563721746206284 0.2033491432666779 0.1939503997564316 0
4123.057156942785 0 1616.662209048867 710.3650727644563 4506.808043703437 178.1321348771453 2484.982475735247 268.9887429475784 1301.050161100924 610.1454091742635 2668.111811064184 277.3332052156329 1047.044857092202 946.5018531084061 6.014270395040512 0.8220403641462326 1.315305769443512 0.1448818445205688 0 0.607400082051754 0.1318505704402924 0.2725650668144226 0 0 0.378016859292984 0.1165418326854706 0.1733839958906174 0.2384241372346878 0 0.1076700538396835 3647.421316377819 32.02318972349167 20.60506285727024 0.2208158671855927 0.1498907208442688 0.1021711006760597 43.64871887117624 0.7821602821350098 1.433100715279579 0.5636341571807861 0.3130390197038651 0.2941092550754547 0 0.5512917786836624 0.1169826462864876 0.8221513107419014 101.8125163838267 10.69464980065823 0.7671533524990082 0.4272682666778564 1.787079714238644 0.1249564364552498 0 0.569342777132988 14.71778684109449 34.11372738331556 326.1255083829165 1638.749849081039 140.4820291996002 83.15201354771852 1.195637375116348 2.816900208592415 0.4812792465090752 149.0793716609478 14.21470241248608 5.860873103141785 3.079635635018349 2.790090918540955 0.5184254944324493 0.1031261682510376 34.07758875191212 10.69658903032541 0 230.2648408263922 255.3677327856421 107.6703569665551 44.94146123528481 4.443333826959133 1.591445595026016 125.1086456701159 1.458178296685219 5.541482232511044 32.1155107319355 1.930770069360733 13.0754749327898 8.242909446358681 5.441131621599197 0.2101027891039848 0.6438614130020142 0 0.1320283114910126 0 0.107428103685379 0.6080631762742996 0.8563047721982002 136.0650709569454 1.772988274693489 0 1.751249477267265 1253.648903481662 0.6760001182556152 0.4462880194187164 2.155967317521572 0 1.571225427091122 26.47220177948475 0.3299888223409653 6.890433363616467 8.5827726572752 16.94961361587048 0.7592874616384506 27.28416608273983 21.35751836001873 35.58789353072643 4.436688974499702 0.3987882137298584 0 0 0 0 0 0 0 0.0975775420665741 0 0 0 0.2132500410079956 0 0 0.09942750632762909 0.6102524250745773 0.1342956125736237 0.1472638249397278 0.5143476724624634 0.1212679892778397 0 0.09103637933731079 0 37.03703977912664 1.297726988792419 13.93452640622854 4.798439390957355 2.124317511916161 0 0 0 0 0 0.3154292106628418 0 3.919459231197834 4.718183726072311 0 0 0 0.1303296834230423 0.128641203045845 0.0778660774230957 0 0 0 0.3913683518767357 0 0.4443703219294548 0.2980421483516693 2.296610713005066 0.3919099494814873 0.4546407014131546 0.2044395506381989 0 0 0.5235126614570618 0 0 0.4175642728805542 58.99416033923626 0 0 0 0 0.4500492587685585 0.5237438678741455 0.7263118028640747 3.695557095110416 4.977967873215675 3.908780246973038 0.5081780552864075 1.66399821639061 0.2201412916183472 0 0.1412726193666458 0 0.1089312583208084 0 0 0 26.50146850943565 8.085181780159473 18.35098829120398 300.4021626710892 40.12728378921747 387.3407570049167 63.50255105644464 1132.711670070887 142.0346259996295 6.856864623725414 118.7720321118832 14.14846200495958 0.7598843574523926 6.781393989920616 1.319146052002907 10.60879745334387 2.136482402682304 0 4.165305182337761 2.005978867411613 0
811.154321745038 1616.662209048867 0 80.22011940181255 776.7865671664476 0.1429348737001419 101.9579092934728 1642.428008660674 183.895938359201 5.76481182128191 4418.268807969987 5.900977976620197 104.7344075143337 552.2070250362158 14.04731487482786 25.66676440089941 1.193111531436443 2.21528697013855 0 3.878663875162601 34.41412399709225 5.454610168933868 0 0.4148455783724785 68.35190170258284 10.26023735851049 14.00002187490463 4.37838726490736 1.430285513401031 0.2070373147726059 3938.713163912296 808.6821943968534 65.03647293150425 5.139254912734032 6.755784973502159 21.7133080214262 88.38090213388205 18.96666334569454 16.19532458484173 11.6945473253727 25.36334080249071 18.73495612293482 4.319464281201363 7.523246236145496 1.359850823879242 18.10480181127787 46.58669070154428 2.13784908503294 2.244225949048996 8.107005834579468 2.57026045024395 5.829499147832394 0 9.238194584846497 3.192005321383476 5.522265464067459 85.74908182770014 1410.649561367929 33.14720867574215 24.13291665166616 12.92641054838896 33.52500017732382 50.0323314294219 309.240821428597 1.237019702792168 1.913572870194912 2.105957344174385 4.916132315993309 10.81630282849073 24.87788516283035 43.10343398153782 17.73224911093712 0.1962319314479828 63.42029647529125 116.5875679031014 54.0640147998929 57.04150875657797 12.70572821050882 215.6778381988406 1586.489997841418 27.74876084923744 702.9763543009758 3.793355382978916 0.5606474280357361 3.079099744558334 3.439037479460239 3.41777104139328 0 0.1180003359913826 0 0.6603300198912621 0 66.7716067507863 42.30619464069605 9.129981115460396 26.93218729645014 1.906696058809757 0.3641197681427002 3.539729736745358 264.7274797409773 0 0 0.4026926457881927 0 1.014224708080292 3.859982892870903 0.5170908570289612 0 1.225387901067734 1.626010648906231 0 5.447604015469551 2.44065049290657 8.993979766964912 2.197409451007843 0.367411732673645 0.7783050537109375 0 0.5086020827293396 0.3831454962491989 0 0.5096178650856018 0 0 0.6650258302688599 1.727310180664062 0 0.09183330088853836 0.3049229085445404 0.1126886531710625 0 0.2894379198551178 0.4348692297935486 0.08162681758403778 0.1085939556360245 0.4857324063777924 0.1099216043949127 0.1977131962776184 0.9143933206796646 10.58048109710217 0.3810200244188309 4.195865169167519 4.543836399912834 1.293981224298477 0.3993751183152199 0.2486653700470924 0.4753163307905197 0 0 0 0.5114494115114212 0 2.554668068885803 0 0.3391111642122269 0.6074261069297791 1.092521503567696 4.320158407092094 0 0.1251136213541031 0 0 0 0 0.1454268544912338 0.2492073550820351 0.4367306530475616 0 0.6642151474952698 0 0 0 0 0.1039007008075714 0 0.37228062748909 21.7165690138936 0.1361849159002304 0.1641378849744797 0 0.3808168470859528 0.5312730669975281 0 0 0.8310173749923706 0.6481339782476425 2.471993379294872 0 0.4471502602100372 0.100936084985733 0 0 0 0 0 0 0 4.82241003215313 4.622358173131943 17.16168885678053 127.8801872804761 28.58105827122927 134.5824550166726 32.18882337212563 83.00093572586775 34.32262717932463 2.167682826519012 72.57883568108082 5.314793132245541 0.4885828047990799 3.089389353990555 0 2.482715606689453 0.3236376419663429 0.1222949400544167 2.741463519632816 2.011143274605274 0.1220522001385689
903.7954439669847 710.3650727644563 80.22011940181255 0 208.1683574318886 545.7381666749716 970.7366774007678 1.354804448783398 135.541094481945 2213.862427994609 28.07513054460287 1089.341599717736 1542.189865767956 145.4686366245151 0.5567056909203529 0.198191411793232 0 0 0.1461636424064636 0 0.09163310378789902 0 0 0 0 0 0 0.1008057743310928 0 0 136.5689865276217 3.468014910817146 2.125821955502033 0 0 0 1.717496953904629 0.09095213562250137 0.2229130491614342 0.2273386493325233 0 0 0 0.2680858969688416 0 0.1239798441529274 26.12662637233734 2.703833021223545 0 0.1036517769098282 0.3297150284051895 0 0 0 4.166730038821697 10.00890477001667 127.7297536805272 470.3500605821609 54.01638611406088 23.05569861084223 0.3149031475186348 0.1637742668390274 0.1417544633150101 23.47472915798426 3.740413650870323 1.998144447803497 0.6610897332429886 0.5566191375255585 0 0 6.044115081429482 2.153084471821785 0 65.11482768505812 64.98925118893385 23.63496321439743 5.036884151399136 0.1281158626079559 0.2394872531294823 2.478047072887421 0.3951007872819901 0.7416061162948608 8.841645009815693 0.6435957401990891 4.25834247469902 2.601276353001595 1.404620580375195 0.2374229282140732 0.1177215054631233 0 0.1094220504164696 0 0.2053984105587006 0.3940307796001434 0 119.7388210445642 0 0 0 383.0084893628955 0 0 0.668849304318428 0.3090988546609879 0 8.118896476924419 1.278646156191826 3.802801832556725 6.024562999606133 4.363024681806564 0 8.377193249762058 3.407816201448441 10.47278763353825 2.055965453386307 0 0 0 0 0 0 0 0 0 0 0 0 0 0 0 0 0.51438969373703 0 0.2025820314884186 0.2407537996768951 0 0 0 0 4.999912232160568 0 1.420069873332977 0.6278492659330368 0.0970868319272995 0 0 0 0 0 0.1240757927298546 0 0 0.153508648276329 0 0 0 0 0 0.09944625198841095 0 0 0 0.8485316708683968 0 0 0 0.6233446896076202 0 0 0 0 0 0 0 0 0 11.62121101468801 0.9992723762989044 0 0 0 0 0 0 0 0.4024966061115265 0.7773890346288681 0.3174058198928833 0.09703102707862854 0 0 0 0 0 0 0 0 12.2433001101017 0.7678505778312683 4.019793078303337 73.90676368772984 12.19083228707314 89.46706721931696 15.47535745799541 805.6379784867167 40.97811295092106 1.704611271619797 26.59715849906206 0.4677863046526909 0 1.249538190662861 0.112517923116684 3.236787274479866 0.2492945790290833 0.6905760765075684 2.149584159255028 0.3109976947307587 0
1319.815998673439 4506.808043703437 776.7865671664476 208.1683574318886 0 7.80156010389328 2051.897120095789 88.27062693983316 3826.05998069793 311.4359028637409 2322.417061582208 130.0237053334713 281.085341155529 609.7737462520599 11.55753749608994 2.877071768045425 1.144910752773285 0.4582818150520325 0 0.2132797837257385 0 0.1038620322942734 0 0 0.3735105395317078 0.7331094741821289 0.3789835199713707 0.1792206764221191 0 0 468.7487527430058 33.20010444521904 14.08671502023935 0 0 0 31.98618613183498 1.084955982863903 2.326974898576736 0.8992964178323746 0.1857669055461884 0.09702890366315842 0 1.627405509352684 0 0.4188215658068657 81.17384500056505 6.762212410569191 0.2937523573637009 0.5339163467288017 0.5310273170471191 0.1880321651697159 0.179944708943367 0.1865720450878143 7.291517548263073 15.07869907468557 62.01422687619925 383.3975782617927 41.70308246463537 54.17902088910341 0.3162286356091499 2.947813682258129 0.2775375917553902 127.6541773602366 6.958774007856846 4.030706599354744 1.674849264323711 1.640966281294823 0.3352413699030876 0.216064989566803 37.02618354558945 13.20881110429764 0 91.06315146386623 127.3899636343122 78.89111988246441 64.5011749714613 4.092698141932487 0.9031189978122711 40.66139554977417 0.2219202145934105 3.34250033646822 14.45658337324858 1.064350254833698 8.035345122218132 6.825640954077244 2.19800178706646 0 0.4045715257525444 0 0.4774125069379807 0.1192292124032974 0.7525405138731003 0.6051006764173508 1.896652415394783 182.5138052925467 0.5762268304824829 0 1.019145391881466 89.58044869452715 1.222054399549961 1.090270265936852 2.82978855073452 2.295406773686409 2.986427962779999 37.24691189080477 2.735623896121979 8.76022220402956 20.10625643283129 20.97333410382271 0.5796854048967361 53.27056100964546 41.57269248366356 52.71106520295143 10.68178671598434 1.280260279774666 0.330384761095047 0 0.1182466447353363 0 0 0 0 0.3519662767648697 0 0.1323055624961853 0 0.1291371881961823 0.1216644868254662 1.099198058247566 0.1193117052316666 1.076826855540276 0.597351998090744 0.115751676261425 2.932063043117523 0.2705548778176308 0 0 0.6835417151451111 59.89664928615093 0.7043009251356125 18.07569990307093 3.813827395439148 0.9052155762910843 0 0 0 0 0 0.1191900297999382 0 2.833449929952621 8.44065273553133 0 0 0.2548737823963165 0.666785329580307 0 0 0.3415534496307373 0.1119250357151031 0.3889488875865936 2.529181763529778 0.2133701592683792 1.105565369129181 0.1820253729820251 3.18602728843689 0.4444154798984528 1.109468959271908 0 0 0.4028296321630478 0.14847232401371 0 0 0 116.4002933874726 0.7629117369651794 0 0 0 1.549183458089828 0 0 5.00790224224329 7.671005129814148 9.429344616830349 1.485679715871811 2.01188288629055 0.1446794867515564 0 0 0 0 0 0 0 60.63346745073795 12.68351639807224 29.23465394973755 257.4022927582264 36.49646828323603 233.646037094295 65.26696310192347 327.2231769040227 89.08136186003685 4.75689435750246 120.2405250966549 14.16847755014896 0.7210226655006409 11.20713318139315 0.7855927050113678 22.19694678485394 1.796526916325092 0.3023914992809296 7.295531891286373 2.000486701726913 0
70.1022615134716 178.1321348771453 0.1429348737001419 545.7381666749716 7.80156010389328 0 227.1299259364605 0 4.826869644224644 740.3857876956463 3.156126439571381 24.98407682776451 45.99716807901859 8.133659273386002 0 0.2076971530914307 0 0 0 0 0 0.2441762536764145 0 0 0 0 0 0 0 0 8.219520628452301 0 6.124576702713966 0 0 0 15.10109762847424 0.2054043263196945 3.753122746944427 0.5063488185405731 0 0 0 0.226708248257637 0 0 2.144741535186768 0 0 0 0 7.689212188124657 0 0 0.1276903003454208 2.007211163640022 74.204768627882 50.88358476758003 1.717788636684418 1.237982682883739 0.6637364849448204 1.880783766508102 0 2.474928677082062 0.2871515452861786 0 0.3382686674594879 0.5096396207809448 0 0 63.12716060876846 503.9028360545635 24.53709845244884 3.138018950819969 3.652151510119438 0.7074986845254898 0.3468661904335022 0 0 5.202662244439125 0 1.090302392840385 0.4119990542531013 13.06915409862995 0 0.950208991765976 0 26.20210637152195 5.587784439325333 22.09339673817158 0.6589695513248444 2.580709338188171 0.1424997597932816 0 0 290.0003822445869 21.75190010666847 2.75327430665493 10.64021022617817 398.0049249231815 0.1074991002678871 1.09124481678009 0 0.2007557302713394 0 2.717051103711128 0.7141680419445038 1.58979007601738 4.695075273513794 5.281500890851021 0.539139911532402 5.433616951107979 4.20156916975975 8.288029938936234 0.5279293358325958 0 0 0 0 0 0 0 0 0 0 0 0 0 0 0 0 0 0 0 0 0 0 0 0 1.909200742840767 0 0.2909013032913208 0.3616616427898407 0.1139469593763351 0 0 0 0 0 0.3711911141872406 0 0 0 0 0 0 0 0.1806216537952423 0 0 0 0 0.2093118727207184 0 0 0 0.1543980687856674 0 0 0 0 0 0 0 0 0 6.101276203989983 2.265236377716064 0 0 0 0 0 0 0.169131800532341 0 0.3646801263093948 0.3327431976795197 0 0 0.3666666746139526 0 0 0 0.129507303237915 0 0 10.7307767868042 0 2.341587230563164 34.08006272464991 3.459815561771393 4.717708706855774 1.61751201748848 137.4702571630478 1.735781237483025 0.4578436613082886 0.6452556401491165 0.7951327562332153 0 0.5583308935165405 0 2.377732455730438 0 0 0.308829128742218 0 0
313.2248399630189 2484.982475735247 101.9579092934728 970.7366774007678 2051.897120095789 227.1299259364605 0 5.945537939667702 4873.940276570618 2728.273781381547 318.2024571150541 1445.33132789284 3639.918126627803 2459.016904994845 11.80836071819067 4.410907477140427 1.097826682031155 0.1157802417874336 0.09705635905265808 0.1026634946465492 0.3223458006978035 0.129447728395462 0.1891514211893082 0 0.6726067066192627 0.6165631711483002 0 0.907383494079113 0 0 173.8621104285121 35.52485729008913 20.86435734480619 0 0.2340634912252426 0.09157011657953262 47.42889834940434 4.066445633769035 3.807451419532299 3.353200607001781 0.6514761969447136 0.5189690813422203 0.09965208172798157 1.747362866997719 0.2303784936666489 0.715041920542717 131.4099658429623 9.298746109008789 1.180180564522743 0.3266850039362907 1.905032500624657 1.262607008218765 0 0.2349551320075989 10.12998899817467 23.93968892842531 114.5126985907555 515.8358656987548 70.58459767699242 79.85277883708477 0.7864821776747704 6.863084383308887 0.1947992891073227 168.456764601171 13.49164323508739 6.499202072620392 2.396103128790855 3.406372800469398 0.4162380620837212 0.1134097576141357 79.04054174572229 37.63540603220463 0.1352356225252151 155.0280025601387 184.5396915376186 127.0255390927196 76.9074667468667 6.517475068569183 0.5353500470519066 10.955042950809 1.636649519205093 3.898752100765705 21.64078245311975 1.796542130410671 13.81089325994253 11.25772625207901 5.244768410921097 0.1849986687302589 1.032858535647392 0.2450989931821823 0.6446353271603584 0.1063075661659241 0.8652146607637405 1.577026754617691 2.347055099904537 776.0081150606275 1.258234798908234 0 2.73185620456934 123.0445877462626 1.763702653348446 3.746785134077072 13.71870373189449 5.835531651973724 10.21015197783709 111.4529812261462 8.767686977982521 40.34055541455746 57.1103684976697 67.26207349449396 5.693405367434025 169.684250690043 116.3434841483831 180.0879141464829 24.61398071050644 3.311030261218548 1.830840975046158 0 0.2453514114022255 0.1303847581148148 0 0.2267948538064957 0 1.497317485511303 0 0 0.3221835047006607 0.4427902102470398 0.552690327167511 0.6050189882516861 0 1.242425441741943 0.2595170736312866 0.618609681725502 7.036134406924248 1.622843779623508 0.7694131061434746 0.6318288594484329 0.1171269565820694 129.8024167120457 3.14538662135601 53.79049302637577 11.7382150888443 2.270687438547611 0 0 0 0 0.4190150797367096 2.492116339504719 0.1197718977928162 6.218124903738499 19.87441369146109 0 0.4682887643575668 0 1.091222397983074 0.5154343470931053 0.4258581697940826 1.002397075295448 0.1700519099831581 0.3620524927973747 5.941519342362881 0 3.976080253720284 2.275307804346085 7.561319053173065 0.7520149052143097 2.149382568895817 0.9201441183686256 0.0816551148891449 0 0.4892991781234741 0.1292991191148758 0 0 332.5802581980824 1.51958641409874 0 0 0 1.419937685132027 2.310340106487274 2.367425188422203 20.62407080084085 20.57375892996788 22.56853279471397 3.397214710712433 2.989534668624401 0.2416638135910034 0 0 0 0.09978296607732773 0 0 0.173937514424324 204.2407092303038 40.45419697463512 80.61675082892179 503.1684287041426 70.97428159415722 421.6930708140135 101.5802814364433 1088.593861244619 155.1260641440749 7.514156438410282 210.6958623155951 27.30150808393955 1.997513316571712 23.86750092357397 2.838553212583065 51.7723091095686 6.706320658326149 0.5987927243113518 16.76697181910276 5.029560528695583 0.3310086652636528
212.1415000110865 268.9887429475784 1642.428008660674 1.354804448783398 88.27062693983316 0 5.945537939667702 0 64.59463404119015 0.8813028261065483 2947.836435757577 0.6614821255207062 34.34114822745323 178.4226817041636 29.3805076777935 31.23403709381819 5.085817918181419 6.049703665077686 0.4146518334746361 15.09219075739384 112.3748228177428 3.632326453924179 0.3107851520180702 1.64341889321804 72.28829502314329 24.80749963223934 13.70988442748785 10.81956746429205 2.316703945398331 0.3961766436696053 886.8261119350791 830.8013464584947 24.84328580647707 20.24484036117792 19.03633215278387 33.11426822841167 45.19391027092934 18.93045594543219 16.09173798561096 9.276576064527035 45.90359414368868 27.62859124690294 17.90705176442862 16.60112982988358 7.481060989201069 108.6242091581225 122.5683300048113 7.880490370094776 7.070450983941555 41.05162338167429 4.749351650476456 3.340191669762135 0.3527552634477615 15.38978705555201 5.23007445782423 8.425473615527153 50.60437048226595 426.2677995637059 32.98120315372944 52.17016100883484 155.5841125398874 33.74455716460943 139.1075531467795 329.3805693984032 5.274304449558258 5.150647416710854 13.16324891895056 34.76033183187246 51.16634026169777 80.54286861419678 9.813057169318199 5.059995584189892 0.134421318769455 88.56450017541647 184.3410680741072 135.786040045321 260.6848326027393 211.0421936810017 2390.213627465069 1576.978733278811 658.0380546152592 3738.361196927726 9.891778774559498 0.6118328273296356 4.960715316236019 6.786757901310921 28.06403701007366 0.1193543523550034 0.8913808166980743 0.5028177350759506 1.088079735636711 0.6559394896030426 104.4468807950616 49.92901016771793 10.91744985431433 4.362193278968334 1.578149378299713 0.3424324691295624 2.388783514499664 43.28525763005018 0 0 0 0 0.1152560487389565 0.2960599958896637 0 0 0.3591096103191376 0.1554079949855804 0 0.7674803286790848 0.2502264678478241 0.6503380835056305 0.5987119078636169 0 0.1225135773420334 0 0 0.3963109403848648 0 2.285446725785732 0.12100800126791 0.1034369021654129 0.2747319936752319 1.990334786474705 0.449944481253624 0.1873533129692078 0.3893801495432854 0.6752695068717003 0.7791904360055923 0.5521358624100685 0.8935627862811089 0.4498385041952133 0.2232162654399872 0.1101048812270164 0.1656845808029175 0.1427388191223145 0.09280749410390854 2.476911813020706 0.5997249111533165 1.966970965266228 4.467262737452984 1.426831744611263 0.3815863505005836 0.6836922764778137 0.6543508023023605 0 0.1313571482896805 1.421153105795383 1.658067964017391 0.6502881348133087 1.572029292583466 0.2197389006614685 0.2665854692459106 0.2098125070333481 1.160338506102562 9.426372997462749 0.08086985349655151 0 0.1149456575512886 0 0.6575497388839722 0 0.1001704558730125 0.1108703762292862 0.3157498389482498 0.1084159985184669 0.3726605772972107 0 0.1088052466511726 0.4600619971752167 0.09586124122142792 0.3267276808619499 0.2377211675047874 2.388842508196831 2.647474877536297 0.7130069434642792 0.1763428896665573 0 0.8650356978178024 0 0 0 0.4581887423992157 1.143552109599113 0.7728886306285858 0 0.3231271728873253 0 0.1134325712919235 0.09835553914308548 0 0.3667366802692413 0 0.1149432063102722 0.143155962228775 1.676553577184677 2.383107833564281 6.667909912765026 193.2655354887247 51.1543610394001 293.7187389656901 67.36863801628351 84.82806910574436 60.03238897025585 3.026185929775238 119.3286596164107 5.013964042067528 0.3416488021612167 2.139278084039688 1.141253620386124 0.7039714753627777 0.48199113458395 0 4.452583722770214 2.6491829007864 0.2808034718036652
158.0912852585316 1301.050161100924 183.895938359201 135.541094481945 3826.05998069793 4.826869644224644 4873.940276570618 64.59463404119015 0 414.0027269721031 2166.83657900244 387.4480312019587 1576.628536976874 1707.338986314833 25.94551138579845 13.65852284431458 1.760641232132912 0 0.3311301320791245 0 1.266345500946045 0.4957005232572556 0 0 3.52531510591507 0.7170699834823608 0.6926081627607346 0.338101863861084 0.2929047793149948 0.336760401725769 74.5111092031002 19.34081283211708 70.24263583868742 0.2923485264182091 0.7127446681261063 0.514931857585907 124.9377418607473 3.027200400829315 7.427616663277149 2.570807479321957 0.5436403751373291 2.677714698016644 0.2649420648813248 5.657233595848083 0.1004414856433868 1.314004249870777 140.3716994449496 4.860778078436852 0.4332191944122314 0.1347280442714691 2.269087426364422 0.7825326174497604 0 1.681990280747414 4.449971213936806 15.81001432985067 39.3309271261096 140.0710263624787 32.29514057934284 60.15593664348125 0.8308174088597298 6.48408754914999 1.132338859140873 110.2455492541194 6.868052966892719 3.375328570604324 2.467829748988152 1.407251998782158 0.3129712864756584 0.972604475915432 158.9405786022544 53.46048065274954 0 78.14984227716923 100.826627522707 145.4778581038117 133.8628155067563 12.04125358909369 4.416105508804321 38.24937226623297 1.658677443861961 9.937845773994923 12.41180505603552 1.000353008508682 7.034516178071499 4.584153063595295 3.600870333611965 0.1815522313117981 0.3286411166191101 0 0.9638853520154953 1.234675265848637 2.229075700044632 3.236558750271797 3.228699162602425 692.8570806309581 0.9577260911464691 0 1.244818046689034 13.83233000338078 3.368354320526123 2.342789694666862 15.95982430130243 3.395347148180008 12.98855938017368 124.0026501491666 6.35619643330574 39.41969615221024 55.99758329242468 74.76416036486626 4.881758168339729 182.5252785235643 138.8651116713881 192.0107632279396 30.17495144158602 4.872204340994358 2.179808810353279 0.4565214961767197 1.023251950740814 0 0 0 0.1324170231819153 0.6795034185051918 0.2448175922036171 0.4411649703979492 0.1986618340015411 1.093794412910938 0.2447060197591782 0.1022844985127449 0 1.136344589293003 0.9035773426294327 0.4044650793075562 6.406811036169529 2.206287205219269 0 0.4224994629621506 1.434605985879898 169.01299713552 1.520096264779568 47.61550933122635 13.6606537848711 3.488400936126709 0 0 0.1610991060733795 0 0.253635436296463 1.609607227146626 0.2888257503509521 9.510393977165222 27.1641823425889 0.4003340005874634 0.8661836236715317 0 0.5806296467781067 0 0.1763968020677567 0.7051664143800735 0.1443739682435989 1.467417679727077 5.910948619246483 0 1.520521268248558 1.144181951880455 8.48923759162426 3.202942587435246 2.912350475788116 1.30482205748558 0 0.3092718124389648 0.1078161224722862 0 0 0.3766499608755112 413.3966464027762 0.4343610405921936 0 0 0.3549526929855347 2.440587818622589 2.227825149893761 1.731726922094822 20.54841880500317 19.22163561731577 27.43725051730871 4.754268497228622 6.535688787698746 0.4194088280200958 0 0 0 0.1083974242210388 0 0.1527343988418579 0 211.8793683648109 46.43428726494312 94.2622138261795 819.1775969266891 79.82205617427826 462.5880074054003 136.2243303507566 418.312049023807 156.7466992214322 7.259106285870075 377.434604331851 41.32551164925098 2.346017107367516 22.92824750393629 1.695017673075199 59.48843251913786 5.969966664910316 0.4886772036552429 17.02032836526632 10.29757556319237 1.06733638048172
438.0773188397288 610.1454091742635 5.76481182128191 2213.862427994609 311.4359028637409 740.3857876956463 2728.273781381547 0.8813028261065483 414.0027269721031 0 12.11713493615389 3086.771374136209 4726.968716874719 602.8757861107588 0.8857741355895996 0 0.3225409835577011 0 0 0 0 0 0 0 0 0 0 0 0 0 40.47790244966745 1.544686272740364 13.2577637732029 0 0 0 47.52963560074568 1.188217207789421 1.390809267759323 2.309496879577637 0 0.124669224023819 0 0.1741091459989548 0 0.1189051121473312 13.65759973973036 1.2536506280303 0 0 0.1458035707473755 1.25682258605957 0 1.025473117828369 1.952953942120075 3.58398225158453 69.57355088740587 191.2165988311172 19.05380580574274 9.461957946419716 0 1.391242437064648 0 11.40829065442085 1.616539292037487 0.5597259551286697 0.7536083459854126 0.1938019320368767 0 0 83.67649909853935 36.81158354878426 0.6412441730499268 27.7105171084404 21.53287675976753 17.42878243327141 3.443326883018017 0.6860871016979218 0.2366789057850838 4.081851035356522 0 0.2979990392923355 5.380745604634285 0.398681528866291 1.691158950328827 1.037440769374371 0.7720860689878464 0.3958830386400223 0 0 0.1208114326000214 0.9127534627914429 0 0 0 859.5709787458181 2.504145562648773 0 0.9492222666740417 345.9651792943478 0.2067778408527374 0.6856424510478973 2.63085512816906 3.207737058401108 5.558130472898483 56.94779947400093 8.226659908890724 13.46508537977934 38.1650602221489 40.13316912949085 2.4320033416152 81.42443668842316 64.80676048994064 96.12479315698147 9.846213310956955 0.7855886518955231 0.3732011020183563 0 1.021514222025871 0 0 0 0 0 0 0 0 0.1999836713075638 0 1.081307277083397 0 0.742651991546154 0.1204417273402214 0 1.072237223386765 0.575030043721199 0 0 0 67.29702661186457 1.155253067612648 25.28895132243633 6.722242683172226 1.783982440829277 0 0 0 0 0 0.2484255135059357 0 5.125100687146187 5.829190984368324 0 0 0 0 0 0 0 0 0.8888295441865921 1.471801117062569 0 0.8418158292770386 1.12229585647583 4.351389646530151 1.212497763335705 1.06228905916214 0.3829565942287445 0 0.2184420526027679 0 0 0 0.1472038775682449 132.4182539880276 0.7305619120597839 0 0 0 1.522992670536041 0 0.7519187927246094 11.10498704016209 8.585688389837742 5.586162269115448 2.652089074254036 2.253682069480419 0 0 0 0 0 0 0 0 103.9888020157814 14.2405336946249 33.20705854892731 187.7907603234053 8.998016178607941 61.53154367208481 11.68939637392759 1165.555903345346 21.56703624874353 0.6522042378783226 22.27938266843557 14.64052537083626 1.521797314286232 16.06916911900043 0.5216379538178444 34.70538723468781 1.96160976588726 0 6.02741014957428 0 0.5624888390302658
1301.161886557937 2668.111811064184 4418.268807969987 28.07513054460287 2322.417061582208 3.156126439571381 318.2024571150541 2947.836435757577 2166.83657900244 12.11713493615389 0 63.70274592936039 1696.940554387867 3294.660744689405 43.80014100670815 45.77004171907902 3.206171378493309 1.199500054121017 0.1084598675370216 0.5422366634011269 8.582084745168686 9.341549918055534 0 0.2610682249069214 49.37936524301767 11.41509318351746 6.270702302455902 2.146417647600174 4.173954531550407 0.5104250311851501 1035.586081027985 182.5853500068188 569.8281338214874 0.9980497285723686 2.128077507019043 15.94218853116035 428.6673802509904 27.9205185547471 23.71261917054653 9.089909508824348 13.13579228520393 21.96380042284727 0.8339855819940567 13.83795888721943 0.1215353608131409 5.187050879001617 170.148814022541 5.803510889410973 0.7693241983652115 1.427243463695049 1.623162068426609 9.691155672073364 1.075865812599659 11.62740004062653 6.032640874385834 14.32481390982866 76.72983736544847 520.1520548164845 43.81692162156105 74.54691442102194 1.876245945692062 31.90000776946545 11.99919823557138 186.5435627996922 6.085464552044868 4.003327876329422 2.09324886649847 3.326023548841476 2.017835915088654 7.091323181986809 142.6231742724776 21.70062786340714 0 114.244701191783 151.9843381419778 190.7025066763163 162.7503032535315 28.31845800578594 356.9894188717008 849.2515204399824 10.76722665131092 270.5762413814664 15.90791018307209 0.8661317005753517 6.158279895782471 4.447617575526237 2.491126596927643 0 0.2029403299093246 0 1.305031329393387 0.1198683381080627 17.63923133909702 25.53918786346912 14.40915727615356 155.8080183714628 1.267308071255684 0.183696985244751 2.621582314372063 119.6035018116236 0.2156431972980499 0 0.5067814588546753 0 2.11233527213335 15.43822390586138 0.306303858757019 5.680471144616604 4.258293427526951 8.186533942818642 0.2350292205810547 14.23341923952103 12.8669590651989 19.3501251488924 3.734184540808201 1.112306818366051 0.3188960626721382 0 0.2786468267440796 0.1322164833545685 0 0.3993562087416649 0 0.122809998691082 0 1.213815756142139 0 0.2607266381382942 0 0.1807676553726196 1.089925207197666 0.1076083034276962 0.4102674797177315 0.203722819685936 0.7919022664427757 0 0.1255973428487778 0.4303105026483536 0 26.47075679153204 0.7505392283201218 8.825353287160397 3.784946613013744 1.327208392322063 0.1462151706218719 0 0.268707811832428 0 0.2633529305458069 0.8731184154748917 0.2184643745422363 0.692203551530838 4.36697918176651 0 0.2095055282115936 0.3535173535346985 1.189700938761234 2.125106737017632 0 0 0 0.241151288151741 0.7545600682497025 0 0.5200789272785187 0 0.8198697119951248 0.5362572446465492 0.7773611396551132 0.462317168712616 0.1753993034362793 0.1470707952976227 0.09347149729728699 0 0 0.153950959444046 50.99323642998934 0 0 0 0.3305078744888306 0 0 0 2.398375824093819 2.776076704263687 2.976566314697266 0.6744825169444084 0.6055185720324516 0.2536873519420624 0 0 0 0.1013895720243454 0 0 0.1499605923891068 24.26603327691555 6.553820610046387 18.117580473423 720.7309883013368 66.48771263659 539.5466282591224 130.5285736694932 289.7843154519796 124.1933396309614 6.227317444980145 386.5850829929113 11.95123045146465 0.3860431462526321 6.622842967510223 1.084066532552242 6.463929191231728 2.214680783450603 0.09557458013296127 7.746192708611488 10.1276388168335 0.2232358902692795
20.12278518080711 277.3332052156329 5.900977976620197 1089.341599717736 130.0237053334713 24.98407682776451 1445.33132789284 0.6614821255207062 387.4480312019587 3086.771374136209 63.70274592936039 0 1996.540257394314 245.2886198759079 2.357820563018322 4.13250695168972 0 0 0 0 0 14.04780389368534 0 0 2.129943013191223 2.154637843370438 0.1821060627698898 0.6736481487751007 3.657403171062469 0 6.807160504162312 0.1110513731837273 58.87112078815699 0 0 0.288883775472641 293.7560462877154 20.3812041580677 10.24398498237133 10.27134484052658 0.1817663758993149 0.5322701334953308 0 1.656833902001381 0 0.5498678237199783 7.754371665418148 0 0 0.1771136522293091 0.1447791457176208 9.508735582232475 2.581683829426765 6.470759376883507 0.2755170166492462 0.5336136519908905 3.332572683691978 11.30284448713064 1.169693067669868 0.9640513509511948 1.054177612066269 9.121402680873871 0.1266318112611771 1.082636669278145 0.3736614659428596 0 0.2242338210344315 0 0 0 240.6329531818628 40.75493493676186 0.3667150586843491 2.322211734950542 2.795620940625668 6.827594421803951 3.592792548239231 1.193773686885834 0 33.47454255074263 0.2981427907943726 12.71048432588577 0.6017862036824226 0.6135512590408325 0.4767953976988792 0.4220655187964439 0 0 0 0 0 0 0.9265380352735519 1.798895046114922 0.6328815519809723 1462.974240839481 5.597228974103928 1.699129700660706 0.5669655650854111 16.38110738992691 1.503229752182961 0.7110973298549652 3.427447058260441 1.915762230753899 4.232809536159039 46.39238917827606 3.510793253779411 10.45514156669378 21.67819858342409 24.07399171590805 2.83013878762722 68.11755447089672 42.75387120246887 75.1620017811656 10.9360069334507 1.974467903375626 0.3939366564154625 0.1734645664691925 0 0 0 0 0 0.3347159177064896 0 0 0.2991963922977448 0 0.3534771502017975 0.594505600631237 0 0.841989554464817 0.4702252596616745 0 3.779614955186844 0.5151105597615242 0 0.5898207575082779 0.2301811352372169 65.11834759265184 0.4597384929656982 15.57520376890898 5.896026618778706 0.4811165854334831 0 0 0.2008787170052528 0 0 0.4793489053845406 0 3.428651206195354 7.869481429457664 0 0.1860550940036774 0 1.080662198364735 0.2097740173339844 0.1670151352882385 0.2457246035337448 0 0.9194524139165878 2.247392177581787 0 0.5869389474391937 0.6668652519583702 1.468290224671364 0.4224441945552826 1.266138955950737 0.4360058307647705 0 0.228483259677887 0 0.1099466755986214 0 0 149.0436385050416 0.8218062520027161 0 0 0.2715796828269958 0 0.2517665028572083 0.4489436000585556 8.959395125508308 7.761900290846825 7.464908756315708 1.029481559991837 2.003264755010605 0.1063116639852524 0 0 0 0 0 0 0.1559629142284393 92.03526613116264 17.98616400361061 32.87278440594673 145.6879088878632 7.38225319236517 29.8340717703104 10.81452060490847 86.80555298924446 7.581106446683407 0 49.33745098114014 11.91981936246157 0.1077554747462273 8.794356860220432 0.4064178764820099 21.83772557973862 1.924845173954964 0 6.658996656537056 0.5113886594772339 0.1597960889339447
187.0326020866632 1047.044857092202 104.7344075143337 1542.189865767956 281.085341155529 45.99716807901859 3639.918126627803 34.34114822745323 1576.628536976874 4726.968716874719 1696.940554387867 1996.540257394314 0 2462.988463439047 17.04520004987717 25.83413851261139 1.42720652371645 0.1448412835597992 0 0 0.7113891839981079 14.07914896309376 0 0 6.984995141625404 4.691301383078098 2.672286294400692 1.214254349470139 4.403692424297333 0.1670482009649277 37.7040269523859 4.871679119765759 201.1812294125557 0.3144068270921707 0.2914510816335678 2.606437921524048 700.3990013226867 124.7395870536566 36.06203334033489 45.78136415779591 1.714719578623772 5.033978790044785 0.2892484217882156 11.40631961077452 0.4937698245048523 1.353777907788754 48.7520362958312 1.257549896836281 0.8055931478738785 0.323864758014679 1.252706453204155 8.229606933891773 10.4360136538744 8.190889962017536 0.6609142869710922 1.675856806337833 11.09735688567162 47.32240656018257 7.656240098178387 15.57529228180647 0.8092743456363678 18.60197704285383 1.004516385495663 18.11802686005831 0.9962111264467239 1.277847968041897 0.5931041911244392 0.467049665749073 0.7286313325166702 0.61347796022892 637.5425643399358 86.53355222195387 0.7418992295861244 14.66228783875704 18.52634654194117 40.96798640489578 33.13111961632967 11.21333214640617 1.470807492733002 149.3656480535865 1.483255371451378 23.24681658297777 1.942129515111446 0.5362818688154221 1.124652773141861 1.174365632236004 0.7488598525524139 0.3040949925780296 0.1463750600814819 0.1060240268707275 0.5102438032627106 0.1934682428836823 1.976231686770916 6.598408721387386 6.125309675931931 4026.213246352971 7.129740729928017 2.341151773929596 0.7393819913268089 26.87840663641691 2.055899538099766 1.389265328645706 13.07852495461702 2.977155014872551 8.273838937282562 99.75052574276924 7.07401268184185 31.84579842537642 51.02174419164658 56.97309090197086 3.581497959792614 153.1553580164909 100.9652273133397 183.8352904990315 25.28107808530331 3.064523831009865 1.281812340021133 0.2061327397823334 0.6361797526478767 0 0 0.1046627536416054 0 0.2699481397867203 0.4157380983233452 0.2227367609739304 0.4284967184066772 0.3830747827887535 0.3820570707321167 1.114069141447544 0.2009065449237823 1.520741149783134 0.8262746632099152 0.8285032138228416 6.03056438267231 1.451563015580177 0.2336489856243134 0.3514549061655998 0.1441699713468552 141.209502927959 0.6485243439674377 29.90666742622852 16.0967957675457 3.541573539376259 0.1526570320129395 0 0 0 0.8026441633701324 2.590025961399078 0.2009722739458084 6.971039794385433 17.50502585619688 0.4231251180171967 0 0 2.803334288299084 0.7434360459446907 0.3391026556491852 1.321608573198318 0 0.1299592107534409 3.675946936011314 0.3107544779777527 1.501636505126953 0.3924528509378433 7.267468221485615 0.7098850682377815 2.172155745327473 0.245579682290554 0.1864607781171799 0.1065822243690491 0.1236512437462807 0 0 0.321225494146347 399.0255776643753 1.668775409460068 0 0 0.1337998509407043 1.345330327749252 0.9385894387960434 0.6267068386077881 12.241256095469 21.95246230065823 18.09039490669966 2.411982752382755 4.453750289976597 0.1747628152370453 0.3612850531935692 0 0 0 0.4332992881536484 0 0.1882970035076141 229.3422896787524 53.64349181205034 76.60680020600557 656.4095983356237 39.65792447328568 179.8762635588646 61.53454159200191 243.6179696694016 47.8503692522645 1.724821753799915 231.8624425753951 27.40287785977125 2.065671995282173 24.56070528179407 0.7416767552495003 31.84015019237995 4.035966657102108 0.2846933603286743 10.32802613824606 4.796034678816795 0.4668133109807968
