0 5645.572874844074 642.7256245315075 2442.841787323356 1002.639329448342 70.0063412040472 891.3735339343548 66.91477182507515 235.1652623564005 2577.021130904555 306.1514252051711 782.802227601409 1244.865434981883 323.0802678391337 0 0.3026099801063538 0.1289677321910858 0 0 0 0 0.9613834023475647 0.3242764174938202 0.1599275916814804 0.2215751558542252 0.128798633813858 0.3140641897916794 0.4860927313566208 0.1562401205301285 0.3030397295951843 409.9139312058687 10.70108534395695 7.389732293784618 0 0 0 13.81874697655439 0.4160586893558502 2.917992576956749 1.016824096441269 0.2161027193069458 0 0.8382648527622223 0.1842191964387894 0 0.1500196009874344 29.94070825725794 2.121717721223831 0.5403707027435303 1.396740809082985 0.4121803268790245 4.626991659402847 0.3892268389463425 0 17.20716226100922 14.62827377766371 302.7930749133229 1970.788611546159 116.3350198119879 56.72332011908293 0.1703072786331177 2.382505886256695 0 49.32078126072884 4.467154577374458 4.718563683331013 1.704129867255688 0.4312985092401505 0 0.1250551491975784 67.46337430179119 50.56943190097809 2.207066580653191 394.9300464764237 373.8579740598798 88.22233828902245 16.8603108599782 2.204482942819595 1.178128018975258 26.73135008662939 0.1717914491891861 2.131200060248375 21.01015941798687 0.2958994805812836 3.249762274324894 6.312739141285419 1.021012552082539 2.777353003621101 2.592864155769348 5.487281978130341 1.115591771900654 0.4466066807508469 0.1457747519016266 0.3235526829957962 0.2818478047847748 583.8216053247452 22.344945281744 6.396600469946861 1.67480530589819 1935.839156970382 0 0 1.707539945840836 0.1476117074489594 0.7689849734306335 2.405683964490891 0 3.769567564129829 8.265346184372902 0.6679305583238602 0 2.382386058568954 2.083597153425217 3.132301390171051 2.400304824113846 0 0.1531889587640762 0 0 0 0 0 0 0.2201245278120041 0 0 0 0 0 0 0 0.1553939133882523 0 0.1900192648172379 0 0 0 0 0 3.192442670464516 0.3862504661083221 2.561982452869415 2.853049889206886 0.2734766900539398 0 0.1649044454097748 0 0 0.1514651477336884 0 0 0 0.7970578819513321 0.38459113240242 0.187995046377182 0.1562860608100891 0 0 0 0 0 0 0 0 0.2709422707557678 0 0.6457540541887283 0 0 0.109240397810936 0.173288881778717 0 0 0 0 0 3.324548810720444 1.251420423388481 0 0 0 0 0 0 0 0.5245778560638428 0.7210161685943604 0.1832697987556458 0.09581314772367477 0.4959689676761627 0 0 0 0 0 0 0 3.21014766395092 0.3433331549167633 1.57228872179985 174.8069450929761 14.12182430177927 194.790358684957 82.13204903155565 1277.457431048155 51.98929530382156 2.153054006397724 27.00139771401882 1.202174939215183 0.772003710269928 1.058488674461842 0.8856807947158813 0 0 0 0 0.7848237901926041 0.6838640868663788
5645.572874844074 0 1168.216519214213 807.807722106576 3396.147566489875 724.4994667470455 4575.503131575882 345.8138843849301 1473.36528403312 868.0296497344971 1519.565723866224 17.82478339970112 1914.756994105875 1498.918939068913 4.320674948394299 0.519095666706562 0.4103547856211662 0 0 0.7472486644983292 0.287079244852066 0 0 0.1123841181397438 0.4845744669437408 1.309283241629601 0.7900515794754028 0.583691269159317 1.072070643305779 0.2439942881464958 3103.03311111033 101.5130567625165 23.52432443201542 0.1413614153862 0 0.3610114604234695 17.44376814365387 0 6.003702931106091 2.483249761164188 0.7880638390779495 1.177864946424961 1.090054899454117 0.2013328075408936 0.1292203366756439 0.3026987910270691 171.5658199489117 8.842242389917374 0.3517252653837204 2.923597618937492 2.175694599747658 0.348857581615448 0.4958035424351692 0.594522163271904 25.75728576630354 34.96249521523714 81.0338004976511 1129.021883420646 75.91462884843349 108.8323896899819 0 5.608933545649052 0 299.6307493969798 11.27342547476292 14.22507454454899 6.832713395357132 1.034625887870789 1.697996705770493 0.9459112510085106 33.04302153736353 5.589733123779297 0.1213759332895279 394.0216652452946 652.984883710742 311.6949437186122 113.4553055167198 3.977051101624966 4.457375049591064 235.152173012495 1.098075285553932 5.00350184738636 26.15513538569212 1.041086383163929 10.09680586308241 24.18600244820118 2.319348007440567 1.713229365646839 8.325041428208351 0.2977133244276047 3.755735695362091 1.808399192988873 0.9856025949120522 1.965726926922798 0.563054084777832 336.3942309468985 3.380548663437366 0 3.514787197113037 1916.822154641151 1.236666679382324 0 3.594305157661438 1.49698331952095 6.077462077140808 45.85410071909428 2.132879123091698 46.75224266946316 33.83856499195099 16.76219211518764 2.057614624500275 41.31260584294796 27.47005042433739 38.06819500029087 13.22866220772266 0.2413616478443146 0.478672131896019 0 0 0 0 0 0 0 0 0 0 0 0 0 0 0 0 0 6.324258267879486 0 0 0 0 4.358960807323456 2.23520827293396 11.11027136445045 3.412679851055145 0 0.9093727394938469 0 0.1474995315074921 0.2403715997934341 0 0 0 0.7589026242494583 3.801358669996262 0.4223358929157257 0 0.3666752576828003 0 0.2356108278036118 0 0 0 0 1.05970273911953 0 0.1096036061644554 0 10.21895588934422 1.144042253494263 0 0.1464171856641769 0.3913553357124329 0.5407531559467316 0.2796180546283722 0.8436891883611679 0 0 29.58536371588707 0.1390611529350281 0 0.1670469790697098 0.2684354707598686 0.6162213534116745 0.1390442997217178 0 1.349312588572502 3.691131420433521 3.192090407013893 2.299479082226753 2.739905416965485 0.9661973640322685 0.242551252245903 0.146498903632164 0 0.5553243607282639 0.2640356570482254 0 0 24.08442836999893 6.18634982407093 3.705065816640854 320.1882947012782 64.48908217996359 502.5318736284971 162.161598816514 1695.428069904447 75.72511328011751 7.550671450793743 51.49975653737783 1.328550972044468 1.088625431060791 3.937275290489197 0.4253196269273758 4.77257028222084 0.1418130695819855 0 1.06425666809082 3.735830768942833 1.34982867538929
642.7256245315075 1168.216519214213 0 4.858605295419693 1391.535311132669 50.88680201768875 455.2270168066025 2674.817510567605 3141.994678154588 19.73968215286732 4130.882966779172 13.66602476686239 864.2107858136296 2970.136784911156 13.10065710544586 4.589663155376911 0.816194660961628 0.3372229859232903 0 0.4030512496829033 0.2698203474283218 0.1389596611261368 0 0 4.305918946862221 2.896719455718994 1.981244876980782 2.671251468360424 2.18721641600132 1.478459559381008 3939.806456178427 516.8420844078064 162.4851651415229 0 0.2522624433040619 2.887270413339138 99.6779548227787 1.644188717007637 11.79672005027533 8.701410226523876 2.468907535076141 6.029251016676426 2.693985372781754 2.013471722602844 0 0.775010958313942 118.2478379607201 4.411618441343307 0.9394441917538643 2.564842350780964 7.660876631736755 1.489987105131149 0.8019095808267593 0.9111622720956802 13.17268669605255 19.93085960298777 54.75533643364906 1258.620433971286 38.66377908736467 74.9087338373065 0.7256300747394562 12.61010560393333 0.2384601980447769 523.9755744859576 8.350125536322594 8.544430457055569 3.573119610548019 0.8296663612127304 5.506882332265377 4.88527624309063 152.3008543476462 19.58591971546412 0.2886210680007935 229.5324446186423 545.2310513928533 199.1381317600608 106.7697507590055 11.72398982197046 14.52384997159243 2226.611157864332 1.362399458885193 45.29314867407084 13.92957177013159 0.8925669267773628 7.239613346755505 13.30703530460596 2.943334825336933 0.8560219705104828 6.376761831343174 0.1315785795450211 3.534143939614296 2.131543397903442 6.589193359017372 8.567716687917709 3.866615131497383 170.0770973265171 23.74402759969234 0 7.756660334765911 658.8452302068472 2.39566944539547 1.339446574449539 21.31232018768787 1.229838073253632 11.43416619300842 69.80829125642776 0.4509316980838776 70.66095654666424 14.53187488019466 4.737491756677628 0.3599328398704529 38.7165724337101 31.64187110960484 47.15753947198391 30.33827951550484 0.6773643642663956 0.6263989806175232 0.1397756785154343 0 0 0 0.1380204409360886 0 0 0 0.5513481125235558 0 0 0 0 0 0 0 0 13.74094861745834 1.919072359800339 0 0.1191311925649643 0 27.0484444797039 2.053775891661644 24.32325304299593 6.523592755198479 0.3258406296372414 0 0 0.3479170799255371 0 0.3126689791679382 0.9253102988004684 0.7143926620483398 4.762009926140308 23.93208394944668 0.3070302307605743 0.9893978238105774 0 0 0 0.1200949549674988 0.8848052322864532 0.9855028837919235 1.266311526298523 4.945287570357323 0 0.1893222779035568 0 38.28579748421907 2.274284318089485 1.696775406599045 0.5067819654941559 0.6251432374119759 0.3250283449888229 0.222640186548233 0.5476263761520386 0 0.1866200864315033 111.922900415957 0 0 0 0.1320143342018127 5.570706248283386 1.710092395544052 4.031564846634865 1.828472897410393 9.45831423997879 12.50476488471031 11.55043467134237 5.306181982159615 1.443413801491261 0 0 0 0.7593374252319336 0.1051103174686432 0.1429997235536575 0.2129682302474976 102.9399064332247 16.89155937731266 9.80983854085207 176.9110788926482 61.16781879961491 251.0155198127031 95.85638631880283 409.1602463200688 32.58574946224689 6.701725147664547 36.94603099673986 4.58184427767992 4.308488219976425 19.39577933400869 8.756041675806046 4.56858029961586 0.3971506655216217 0 4.112040907144547 3.591673567891121 1.194725006818771
2442.841787323356 807.807722106576 4.858605295419693 0 83.80702566355467 267.2192144542933 1281.960766322911 3.471450880169868 137.9077196866274 1390.065797775984 3.029324993491173 334.1278919130564 2709.712666302919 217.9630928337574 0.2775821834802628 0.1288947016000748 0 0 0 0 0 0 0 0 0 0 0 0 0 0 30.40640841424465 1.131571739912033 2.905630946159363 0 0 0 2.240263789892197 0 2.336022466421127 0 0 0 0.1800456792116165 0 0 0 4.992639735341072 0.1269895136356354 0.1572184860706329 0 0 0.4408232271671295 0 0.1453114151954651 1.547643914818764 1.928655594587326 7.458910077810287 49.51852413266897 5.448055535554886 3.742019310593605 0 0 0 7.085283048450947 0.8379314988851547 0.1209461539983749 0.164535790681839 0 0 0 40.85346001386642 1.260837078094482 0 24.53917223960161 23.46796980500221 9.565660029649734 0.9638402163982391 0 0 1.688751801848412 0 0 1.207053810358047 0 0.5394488722085953 0 0 0.3201510906219482 1.080975510179996 0 0.271282434463501 0 0 0.1318657547235489 0 69.31972640752792 0.6208326816558838 0 0 138.1955112665892 0 0 2.166665136814117 0.4540003091096878 0.9118967056274414 2.945911049842834 0 4.356265872716904 22.62541221082211 0.5547598302364349 0 4.653356924653053 6.62923689186573 4.926635891199112 0.2889813184738159 0.1529353260993958 0 0 0 0 0 0 0 0 0 0 0 0 0 0 0 0 0 0 0.8285305500030518 0 0 0 0 0 0 0 0 0 0 0 0 0 0 0 0 0.6610299944877625 0.1393624842166901 0 0 0 0 0 0 0 0 0 0 0 0 0 1.165147840976715 0.4228852242231369 0 0 0 0 0 0 0 0 1.078594237565994 0 0 0 0 0.1576133966445923 0 0 0.1674324125051498 0.6070671081542969 0.975216269493103 0 0.1952598690986633 0.1311329305171967 0 0 0 0 0 0.1996604353189468 0 1.561746865510941 0.5954449772834778 0 15.66419372707605 1.642332911491394 22.45186606794596 8.928892485797405 183.6852117478848 1.373421356081963 0.1550230979919434 2.376523971557617 0 0 0.1982881724834442 0 0 0 0 0.507826030254364 0.2800427973270416 0
1002.639329448342 3396.147566489875 1391.535311132669 83.80702566355467 0 75.92669036984444 1404.260504424572 43.27151964604855 5955.408639252186 231.7842488214374 661.5976787954569 20.63086621463299 665.7891397327185 3574.382904455066 5.109547235071659 0.5947956889867783 0.2864181697368622 0.1949190050363541 0 0.1820338219404221 0.214838981628418 0.1657007485628128 0.1335476040840149 0 0.1808913797140121 0.5826132148504257 0.3271545544266701 0.6447071358561516 0.6993108913302422 0.1259851008653641 807.1765296906233 109.3728232160211 8.655685372650623 0 0 0.09982260316610336 21.41055862605572 0.1314739435911179 1.822910495102406 0.9745282679796219 0.1310075521469116 0.2286832928657532 0.3622980713844299 0.3245003819465637 0 0 118.6838821843266 5.025574810802937 0.6114138066768646 0.9992968142032623 1.645651936531067 0.5461083948612213 0.4017332196235657 1.042802967131138 10.26912570744753 17.17662213742733 14.87395011633635 150.5251911729574 16.85276865214109 64.5324687436223 0.1863255500793457 1.133160226047039 0.1064184829592705 173.5898952782154 7.178534485399723 7.97510576993227 2.69752448797226 0.6861480325460434 0.5051468089222908 0.6546837463974953 58.94854729622602 9.887496069073677 0 114.9826950058341 209.8521205708385 170.4600985050201 103.1922999247909 2.194917112588882 1.451043039560318 38.42165403813124 0.6127663999795914 2.095967955887318 11.92979890108109 0.6989010199904442 8.272976785898209 11.28577214479446 1.513256952166557 0.6091321930289268 4.16444231569767 0 1.588288061320782 0.4989992082118988 0 0.3847664147615433 0.9237784296274185 326.2988474518061 9.019709423184395 0 1.931426778435707 145.9185581281781 4.601039320230484 0.7338783740997314 20.63092991709709 1.043659672141075 15.02232743799686 133.760747089982 3.886539995670319 139.6042496263981 38.50136801600456 22.51046824455261 3.211175605654716 116.94509216398 76.45348308980465 121.8212579786777 41.90478474646807 1.590478718280792 0.9593072086572647 0 0 0 0 0.2520733773708344 0 0 0.1639040857553482 0 0 0.9857046604156494 0.3249053955078125 0.1909400224685669 0 0 0 0 17.65616365522146 4.886913225054741 0 0 0 34.95989926159382 0 15.9416218996048 9.447572939097881 0 0 0.1525973230600357 0 0.6488721966743469 0.4663451761007309 0.8329102396965027 0 6.423378385603428 28.49271134287119 0.9228536933660507 0.4607933163642883 0 0 0 0.2843197882175446 0.7764318883419037 0.777901716530323 0.7560995668172836 4.190815903246403 0 0.4778574705123901 0 34.17007975280285 6.663687944412231 2.483075797557831 2.195362016558647 1.130807414650917 0.3661167025566101 0 0.2326109930872917 0 0 113.6022998690605 0 0 0 0 3.929833799600601 0.1571536809206009 0.1730245798826218 6.870948821306229 8.814106002449989 22.45905645191669 15.06426249444485 13.40077096223831 2.262242868542671 0 0 0 0.5381180420517921 0.3741049468517303 0.5847911089658737 0.1128222420811653 94.48512634634972 14.44366805255413 13.08615166693926 200.0398113355041 54.9797418192029 293.6316081285477 101.7638492435217 186.5670672282577 33.44247152656317 7.37841822206974 38.28885485231876 11.93404452502728 0.7975867092609406 37.68229235708714 7.80045060813427 1.436023578047752 1.995456486940384 0.4350069314241409 2.857089757919312 2.543662145733833 0.649676188826561
70.0063412040472 724.4994667470455 50.88680201768875 267.2192144542933 75.92669036984444 0 348.1559454202652 3.906936436891556 78.81220386922359 983.3031790554523 13.05677442252636 390.8841549158096 568.5938069522381 127.2827050834894 0.1686345636844635 0 0 0 0.2098561078310013 0 0 6.302417457103729 0 0 0 0 0 0 0 0.1306948810815811 44.63929019868374 0.6361494362354279 7.590636387467384 0 0 0 14.25226664543152 0 3.057845950126648 1.061635792255402 0 0 0 0.2975707203149796 0 0 2.067025870084763 0.1469723135232925 0 0.3172736465930939 0.3233193159103394 32.66705076396465 6.322243735194206 0 0 0.9733196049928665 57.97258433699608 58.63882440328598 1.009591847658157 1.495916292071342 0 1.292041778564453 0 4.23533833026886 0 0 0.1008820533752441 0 1.266524314880371 0 113.7933567613363 568.2679785639048 22.32318682968616 6.737906754016876 7.052725672721863 1.760095931589603 0.4675683677196503 0.1466589421033859 0 2.920904442667961 0 0.4783243834972382 0.4686986058950424 2.58010433614254 0 0 0.5098879337310791 16.570944622159 2.86149850487709 40.70827041566372 0.4658194035291672 3.39090596139431 0 0 0.8583792150020599 432.6345584392548 159.541247472167 50.57953821122646 5.774233430624008 505.3978157788515 0.1248496547341347 0 0 0 0.1357927620410919 0.599390059709549 0 0 3.416585609316826 0.2052178680896759 0.3263108432292938 0.4284398853778839 0.2525765299797058 0.8896600306034088 0.1525036245584488 0.6466992944478989 0.6529602855443954 0 0.1382298469543457 0 0 0 0 0 0 0 0 0.4404188171029091 0 0 0 0.1907877773046494 0 0 1.990320071578026 0 0 0.1515094488859177 0 2.596134573221207 3.51826835423708 8.110287673771381 3.94189465045929 0.1625297367572784 0 0 0 0 1.736861437559128 0 0 0 2.024756081402302 0 0 0.1649210751056671 0 0 0 0 0.1227631643414497 0 0 0 0.4702517688274384 0.1765359789133072 7.820937588810921 0.5372311472892761 0.2060586512088776 0 0 0 0 0 0 0 2.431424155831337 13.41548331081867 0 0 0 0.9119858741760254 0.9927627146244049 0.8216576427221298 0.6511639952659607 0 1.20631019026041 0.5033241957426071 1.050668433308601 0.442308321595192 0 0 0 0 0 0 0.2613516747951508 3.279250532388687 6.806553155183792 5.610662326216698 5.535636305809021 0.6773351430892944 7.737775176763535 1.284804649651051 175.2796526253223 3.241989552974701 0 1.301894992589951 4.265452578663826 0 3.917444832623005 1.634715124964714 0.9032856822013855 0 0 1.485738262534142 0.2019487768411636 0
891.3735339343548 4575.503131575882 455.2270168066025 1281.960766322911 1404.260504424572 348.1559454202652 0 80.66108959168196 478.1094403117895 2047.134907975793 106.4458196237683 232.8638954162598 6878.907993033528 1805.55957403034 3.693635739386082 0.9521089047193527 0.1196908354759216 0 0 0.1738197505474091 0.5015553832054138 0 0 0 0.5145368948578835 0.1092149689793587 0.2556859105825424 0.6083015203475952 0.4107185304164886 0 262.608497351408 68.99111048877239 13.47943729907274 0.1902259290218353 0 0 31.5914214104414 0.2487680837512016 5.910233162343502 5.447316370904446 0 0.5117702186107635 0.3582268059253693 0.5564949810504913 0 1.21213361620903 87.50402707606554 2.081622593104839 0.3731729537248611 0.6274752169847488 1.026902057230473 0.4458929002285004 2.271551579236984 1.108011163771152 5.376470759510994 11.90178383141756 12.53365989029408 110.1164980977774 10.56003162264824 42.51962066441774 0 2.448590904474258 0 122.9378493726254 6.028041318058968 4.718814574182034 1.541705437004566 0.1452727019786835 0.3817362040281296 0.4204143285751343 143.1586887538433 12.81520329415798 0 76.37497624754906 157.4923904687166 124.1665577217937 78.70201519876719 4.45895890891552 0.1967906281352043 34.30008243024349 0.5327302515506744 0.7048009186983109 7.949994243681431 0.100522056221962 4.691386088728905 8.342466361820698 1.518745303153992 0.5194058567285538 2.837583437561989 0 1.957577161490917 0.556848406791687 0.09240499883890152 0.1414693146944046 0.7215994596481323 772.8252572864294 5.628850251436234 0 2.956902757287025 165.4449221789837 3.821315929293633 0.7638468146324158 28.36987590789795 3.696171805262566 13.42488576471806 174.682039886713 6.14660769701004 166.9333569407463 48.02533777058125 27.07847729325294 5.256347209215164 148.004513643682 98.68448114395142 163.7904075980186 32.269935593009 0.6040779203176498 1.855967015028 0 0 0 0 0 0 0 0 0 0 0 0 0 0 0 0 0 21.87339688837528 2.482270538806915 0 0 0 34.6376201659441 1.588122859597206 9.961660251021385 5.30245615541935 0 0 0 0.1232700943946838 0 0.5729666352272034 0 0 5.659376047551632 26.74967417865992 0.3909370601177216 1.227111518383026 0 0 0.2485387027263641 0.5701057091355324 0.2577192634344101 0.1621197462081909 1.293913945555687 3.902995824813843 0 0.1601738333702087 0 21.21815995872021 8.162864997982979 1.183276176452637 0.460628017783165 0.4057513698935509 0.743392288684845 0.3150738924741745 1.163323014974594 0.1216184496879578 0.3015188872814178 88.49967557191849 1.087816119194031 0 0 0.2119782567024231 4.140375033020973 0.1332364827394485 0.1090453490614891 7.846412599086761 12.01589705049992 24.44860891997814 13.5983666703105 9.897198677062988 1.473094910383224 0 0 0 0.6119040846824646 0 0 0.1240336000919342 88.45684158802032 17.41934624314308 9.30023305118084 144.974178634584 38.04675974696875 208.4463619589806 72.08782479166985 292.8975820764899 23.70208415389061 3.276591099798679 30.06090567260981 9.352706849575043 1.124619491398335 25.12552829831839 3.689166121184826 1.23612654209137 1.042706459760666 0.5655738413333893 1.216632470488548 1.718939334154129 0.8580507189035416
66.91477182507515 345.8138843849301 2674.817510567605 3.471450880169868 43.27151964604855 3.906936436891556 80.66108959168196 0 318.7667281329632 5.975068882107735 2182.967286914587 8.79569973051548 982.1628744974732 4953.401848606765 24.57523766905069 14.94349686056376 3.63692718744278 0.7765801399946213 3.36445739865303 20.6241422072053 19.46068266034126 0 0.348964512348175 0.9978606551885605 4.851663410663605 2.490075945854187 2.586752787232399 4.299307897686958 2.623116977512836 0.6580531150102615 2265.619221553206 2118.82998894155 197.730698697269 6.730194896459579 4.017350882291794 5.610866785049438 114.3414812162519 8.837066307663918 11.46825347840786 8.327604785561562 24.95408006757498 17.99864237010479 28.11284773796797 8.032503940165043 2.910106882452965 4.789671689271927 103.9798193201423 2.363040238618851 1.53285850584507 15.41859836131334 30.25417316704988 4.026156552135944 1.011292397975922 2.894923813641071 3.88763952255249 8.757685646414757 12.26078287512064 250.9814916029572 9.723777748644352 37.31351681798697 4.636073410511017 111.5162984207273 5.071420818567276 475.2777499035001 3.990391455590725 4.583940044045448 11.01284826546907 9.639295272529125 31.22304970771074 96.14975509792566 88.46653825044632 9.560290522873402 0.3917967677116394 79.75338228791952 171.1229954436421 133.5218502432108 299.1643502414227 317.494585737586 785.2605672180653 3858.596558943391 29.73323626071215 1158.463605009019 7.144082508981228 1.493985705077648 3.665902487933636 9.240957833826542 7.87074352055788 0.4775225892663002 8.488448619842529 0.2982672303915024 8.306975424289703 3.371974229812622 61.73532056808472 19.93074195832014 8.592145644128323 85.29384291917086 5.903995484113693 0 4.007585018873215 171.2754872590303 0 0 2.863544121384621 0.3376761376857758 2.232397466897964 16.1031723767519 0 16.3857216835022 1.717182695865631 1.495071232318878 1.31274625658989 13.73744234442711 10.0598239004612 16.49795436859131 9.883535668253899 0.1216498017311096 0.6659187972545624 0 0 0.1537912040948868 0 0 0.1176869720220566 0.2800244688987732 0.2122904658317566 0 0 0.1298170983791351 0 0 0 0.1667052954435349 0 0 4.14629865437746 3.002538859844208 0 0 0 5.744726106524467 0.6050601899623871 5.895983576774597 2.525157198309898 0 0.4013237655162811 0.5028613805770874 0.1143807843327522 0 0.8634832352399826 0 0 0.6231410205364227 6.388621181249619 0.3449248075485229 0.4961073994636536 0.1822059601545334 0 1.167452946305275 0 0.64719557762146 0.3550093173980713 0 0 0 0.4621474146842957 0.1055794805288315 10.8503098487854 1.13458751142025 0.345382958650589 0.1266413778066635 0.2916858643293381 0 0.2212938070297241 0 0 0.6293833702802658 25.02924989163876 0.6869816780090332 0 0 1.268555223941803 1.191545009613037 0.3540579527616501 1.007583975791931 0.716228149831295 2.017017930746078 4.94231952726841 2.041328869760036 0.514289379119873 0.5395534634590149 0 0.2313925176858902 0 0.09953564405441284 0.4194890707731247 0.597076840698719 0.4826264008879662 14.17472448945045 6.743335038423538 3.284147039055824 152.6929253041744 44.50843201577663 192.3796884119511 72.97203321009874 65.75558608025312 17.34708344191313 2.632266938686371 40.04531521350145 5.879259958863258 0.7521190196275711 7.983943097293377 1.280669003725052 0.2587704658508301 0.7535345554351807 0 2.017468824982643 1.532463505864143 0.8422161191701889
235.1652623564005 1473.36528403312 3141.994678154588 137.9077196866274 5955.408639252186 78.81220386922359 478.1094403117895 318.7667281329632 0 286.1050962507725 3250.736634515226 24.29162545502186 497.77472679317 2507.633807778358 5.874045945703983 0.9934063628315926 0.1401028037071228 0 0.1209545955061913 0 0.5602166056632996 0 0 0.1153087392449379 0.1103854179382324 1.395946137607098 0.5195599570870399 0.4622309431433678 0.2739662081003189 0.117155522108078 240.6883035600185 69.21982255578041 12.06361245363951 0.3383936882019043 0 0.4168475568294525 22.93084052950144 0 3.39414568990469 0.4233102425932884 0 0 0.9783728867769241 0.2387465536594391 0.1643807291984558 0.2597518563270569 83.54244814068079 1.939794510602951 0 0.1175337061285973 0.9268018081784248 0.6808887720108032 0.2221836894750595 0.2590854912996292 3.565972931683064 4.833174139261246 6.729949161410332 37.69920372962952 5.210871107876301 25.35413049906492 0 1.125238105654716 0 79.65817955136299 2.487451985478401 2.903577007353306 0.8885768875479698 0 0.2351537942886353 0.5581272393465042 91.90452489256859 19.02681709825993 0 38.29407072812319 74.61373963952065 87.17578558623791 77.59809126704931 4.085986115038395 0.4448662921786308 24.4150542318821 0.3965057730674744 0.7499798461794853 2.628661312162876 0.4124422147870064 2.480869524180889 6.132661521434784 0.6793832182884216 0.5638986751437187 2.026142843067646 0 1.351509444415569 0.3776809424161911 0.3975414782762527 0 1.323518440127373 735.5632021650672 14.90768121182919 0 2.066176846623421 60.22990501672029 11.20145353674889 0.6217741221189499 49.11905388534069 8.147561565041542 21.57019145786762 283.5310279577971 8.709139704704285 272.7136762738228 60.67096655070782 49.4105698466301 11.30627083778381 221.6484906375408 185.1706486791372 236.8395380973816 62.12478187680244 1.939245730638504 3.464476130902767 0 0.3816692531108856 0 0 0.2200445234775543 0 0 0.168375626206398 0 0 0.1602292358875275 0.2733325511217117 0.4801634550094604 0 0 0 0 36.18383527547121 5.20133350789547 0 0 0 59.57327198982239 0.8304438143968582 29.16932629048824 9.777566693723202 0.7226433008909225 0.8151378780603409 1.341814815998077 0.2578353434801102 0.4062777161598206 1.525847360491753 0.2516500055789948 0 9.492184922099113 51.00806272774935 0.5675619095563889 0.316425122320652 0.2734642028808594 0.1474644839763641 0.2679731249809265 0.3972516655921936 0 1.117063455283642 1.499654471874237 10.01200529932976 0 0.2370353639125824 0 58.69468694925308 12.03656125068665 2.726073578000069 2.660837061703205 0.7160271108150482 1.847171351313591 0 1.821559563279152 0 0.4305892586708069 201.3456646353006 0 0 0 0.1404446214437485 6.120178729295731 0.4939114600419998 3.082846403121948 14.13121330738068 35.38994301110506 44.10908814519644 23.05222770571709 17.64913454651833 5.075206249952316 0 0 0 0.5899170264601707 0.1778870075941086 0 0 147.9229175150394 28.96897257864475 20.66588142514229 161.4652833640575 35.57715927809477 166.7457609474659 64.86329332739115 98.47726360708475 19.08427444845438 3.666285984218121 42.33505733311176 19.25015076994896 3.886066600680351 59.79400969296694 12.05047605931759 6.660398676991463 1.481013350188732 0.8754476308822632 1.703097723424435 1.732981950044632 0.7347076237201691
2577.021130904555 868.0296497344971 19.73968215286732 1390.065797775984 231.7842488214374 983.3031790554523 2047.134907975793 5.975068882107735 286.1050962507725 0 12.08473652601242 1716.724363192916 10150.37818138301 473.7022370174527 1.968024283647537 0 0.1664866656064987 0 0 0 0 0.163011759519577 0 0 0.3679942041635513 0 0 0.3078024387359619 0.1632318645715714 0 43.65780280530453 2.794606000185013 14.33198045939207 0 0 0 74.262103125453 0 9.986131936311722 5.462116427719593 0.5346341580152512 0.2854405045509338 0 0 0 0 10.52872859686613 0.2818796709179878 0 0.902968168258667 0 0.680352509021759 1.30406491458416 0 1.773461028933525 1.640875242650509 11.15552813559771 55.13678640127182 5.838282249867916 5.084368817508221 0 0.8652535825967789 0 16.7470740005374 0.7093701288104057 0.5835312381386757 0.1229768171906471 0 0 0.2363456934690475 430.262002043426 5.517463773488998 0 27.9735815897584 35.43901721388102 18.14827007055283 6.485797308385372 0.3170925751328468 0 6.594446040689945 0 0.1021984741091728 2.051714852452278 0.1179832294583321 0.2286945581436157 0.6309364810585976 0.5525539368391037 0 0.1363053917884827 0 0 1.530667766928673 0.2504052221775055 0 1.025669097900391 595.3227923065424 0.4183456003665924 0 4.162982121109962 336.1002995222807 0.5869456231594086 0.405137836933136 2.617001846432686 0.1711619198322296 5.307532116770744 36.07395920157433 1.774236023426056 35.64994245767593 64.70072655379772 6.712086632847786 0.6159324645996094 33.75415498018265 30.18480263650417 38.94179940223694 5.0590660572052 0.4589595943689346 0.4454439729452133 0 0 0 0 0 0 0 0 0 0 0 0 0 0.2253018468618393 0 0 0 1.682329699397087 0.264371782541275 0 0 0 4.621891528367996 0 3.305422008037567 1.912850514054298 0 0 0.229798898100853 0 0 0 0 0 1.270373791456223 4.739286005496979 0 0 0 0 0 0 0 0 0.8293948769569397 0 0 0 0 4.024365305900574 1.548830211162567 0.2510565221309662 0.4954964816570282 0 0 0 0.1508520394563675 0 0 15.26988677680492 0 0 0 0.1556807309389114 0.2195287942886353 0 0 0.1806098073720932 0.6230126470327377 1.605045437812805 0.1895493566989899 2.608883567154408 0.4292841702699661 0 0 0 0.3088664263486862 0 0 0 11.31782111525536 0.7409844845533371 1.48242475092411 39.72057553380728 4.776144593954086 36.00063952803612 11.63340605795383 534.0547958910465 5.731549084186554 0.6683585569262505 6.120162904262543 1.504624545574188 0 4.670643605291843 0.2304257750511169 0 0 0 0.4251986294984818 0.521051362156868 0.1658662706613541
306.1514252051711 1519.565723866224 4130.882966779172 3.029324993491173 661.5976787954569 13.05677442252636 106.4458196237683 2182.967286914587 3250.736634515226 12.08473652601242 0 22.18470945954323 1595.88900757581 8127.712192319334 17.81497835367918 3.173710785806179 0.1756428778171539 0.2653000056743622 0 0.1544757634401321 0.1366160064935684 1.236957252025604 0 0 4.850582726299763 2.469370186328888 1.559784233570099 1.087085545063019 1.561470583081245 0.3352813720703125 1811.66156052798 291.5482761487365 129.7589314132929 0 0.1388554275035858 2.869247607886791 132.2987450808287 0.1304374933242798 14.81323609501123 10.29384912550449 0.2573189660906792 3.196039617061615 1.406415812671185 1.583216995000839 0 0.4524829536676407 130.7313876599073 2.333024591207504 0.7179442197084427 1.335211999714375 4.031172171235085 1.484178423881531 2.36113452911377 1.462123662233353 4.333762265741825 12.56403007358313 10.37778000533581 132.8096029609442 7.89994353055954 48.08897454291582 1.064550340175629 4.175740703940392 0.2546614706516266 157.7729872018099 4.237699046730995 5.105243034660816 2.783542677760124 1.231924787163734 0.7457352578639984 0.8250065669417381 168.5516685247421 33.05566105246544 0 69.51407137513161 132.2191751599312 156.5508760213852 140.5972266495228 11.96116046607494 82.42239487171173 173.4625685364008 1.818260528147221 3.738321997225285 6.688200801610947 0.8292662352323532 3.483189351856709 11.4048167988658 2.074452504515648 0.3822772726416588 3.102932065725327 0 2.196149617433548 0.9499975293874741 1.121029317378998 3.106663383543491 4.078404024243355 373.8059136271477 16.13934509456158 0 2.673260614275932 140.9475185871124 3.314917713403702 0.246971994638443 16.98251500725746 2.295790612697601 12.57512427866459 88.05010843276978 2.077323794364929 119.2552100270987 20.59657542407513 16.9943450987339 2.159345611929893 78.63752067089081 72.13270626962185 105.8496827483177 37.03611287474632 0.7466016560792923 0.7993756383657455 0 0 0 0 0 0 0 0 0 0 0 0.169229581952095 0 0 0 0.1278054565191269 0 14.71648073196411 1.160073012113571 0 0.1283682435750961 0.2561000883579254 40.40390536189079 3.246898964047432 20.97265754640102 7.988534510135651 0.7915874421596527 0 0.4936285018920898 0 0 0.5997702479362488 0 0 4.314941488206387 29.1062720194459 0.8378669545054436 0.5214303284883499 0 0 0.4388980567455292 0.2679172456264496 0.8671535551548004 0.5980106070637703 0 6.200830489397049 0 0.1148154810070992 0.1177205368876457 46.56510955095291 4.631404191255569 1.029342040419579 1.170231632888317 0.6553010866045952 0.1117648556828499 0.1064525991678238 0.1994515210390091 0 1.178612574934959 129.2523211166263 0.8139714151620865 0 0.1467408388853073 0.2560353055596352 6.605590671300888 0.1054463908076286 1.444058731198311 8.567629873752594 15.1183202713728 21.05254965275526 11.79341992735863 11.6282307729125 2.176447242498398 0 0 0 0.9656001850962639 0.1299123018980026 0 0.1658282428979874 92.96882151067257 27.64423254132271 7.77409565448761 258.6108901798725 68.08568830788136 280.6169967055321 100.9090609923005 128.7463873624802 26.50938867032528 6.315372571349144 67.89045181125402 14.64580179750919 0.5863993316888809 27.91364323347807 4.805846706032753 2.124394327402115 1.304692521691322 0.2470394223928452 1.890239462256432 4.621296398341656 1.545583352446556
782.802227601409 17.82478339970112 13.66602476686239 334.1278919130564 20.63086621463299 390.8841549158096 232.8638954162598 8.79569973051548 24.29162545502186 1716.724363192916 22.18470945954323 0 702.2303480431437 37.88394387066364 1.668055102229118 1.671898730099201 0.132891446352005 0.3773893117904663 0 0 0 0.3209094703197479 0 0.1969847232103348 0.336958110332489 0 0.1112439632415771 0.2005742788314819 1.59819457679987 0.3390194773674011 11.73034898936749 2.243135154247284 9.302935808897018 0.3831404149532318 0 0 147.7913929373026 0.882205605506897 34.15360070765018 4.789491191506386 0 1.675443917512894 1.038978114724159 0.5549566894769669 0 0.643379420042038 10.79747677594423 0 0.1067724078893661 0.1585223823785782 0.322724461555481 1.298750311136246 1.780475169420242 0.8560273051261902 0.3099588751792908 0.4165950119495392 1.92904731631279 11.16102781891823 2.096933901309967 1.043450355529785 0 1.357870608568192 0 14.48183121532202 0.4672000408172607 0.8647907078266144 0.1855722069740295 0 0.3407881557941437 0.3866016268730164 149.1992690712214 9.838562086224556 0 8.911782406270504 11.43414603173733 9.220836915075779 8.140115901827812 2.370748177170753 0 7.168637692928314 0.1653932631015778 0.6157230734825134 0.9945831000804901 0.1338887214660645 0 0.3278795704245567 0.5822516679763794 0.7222342640161514 0.1453741788864136 0 0.5460207760334015 0.8102565109729767 0.2208359688520432 0.6026961207389832 0.6188520789146423 1311.446830868721 6.995746403932571 0.804423987865448 6.61916708946228 110.7907399386168 0.3439892381429672 0.1652777791023254 6.282736256718636 2.436081275343895 8.340828016400337 46.00356160104275 1.954114735126495 53.24752672016621 43.44653844833374 9.704931646585464 1.623844429850578 43.06008645892143 44.92486789822578 83.09798015654087 14.20227520167828 0.3050540238618851 0.2136589288711548 0 0 0 0 0 0 0 0 0 0 0 0.1329745650291443 0.1991082429885864 0 0 0 0 5.767804369330406 0.266997367143631 0 0 0 16.34033651649952 0.2288933247327805 6.69834890961647 3.21955169737339 0.4909707009792328 0.2300313264131546 0.1694696098566055 0 0.1940764039754868 0.1737364381551743 0 0 2.515517204999924 9.327036023139954 0.1160290315747261 0.256893515586853 0 0.1531216353178024 0 0 0.4040014147758484 0.2941504120826721 0 1.807912267744541 0 0 0 9.897200554609299 4.197599053382874 0 0.7511310875415802 0 0 0.1155277639627457 0.2633293271064758 0 0 51.71748189628124 0.2358564436435699 0 0 0 2.223106548190117 0 0 2.689010851085186 4.64959592372179 6.995726004242897 5.623393014073372 4.402019403874874 0.5028766691684723 0 0 0 0 0 0 0 43.96613277494907 11.08251601457596 3.911107793450356 36.13458815962076 3.798690907657146 32.98226758092642 10.12675755470991 188.0160742402077 2.326636359095573 0 13.67038626223803 4.570928543806076 0.2138846814632416 11.38124686479568 2.210769690573215 0.792931854724884 0.1308193057775497 0 0.8073300123214722 0.1506446152925491 0
1244.865434981883 1914.756994105875 864.2107858136296 2709.712666302919 665.7891397327185 568.5938069522381 6878.907993033528 982.1628744974732 497.77472679317 10150.37818138301 1595.88900757581 702.2303480431437 0 2974.620298929513 43.10705161839724 20.32769495248795 4.601330876350403 0.7009929716587067 0.5937832891941071 0.2002023011445999 0.4247829616069794 6.923897102475166 0 0.3613633513450623 10.00355269759893 2.62636973708868 3.062963403761387 3.396717667579651 6.755799561738968 0.5325930863618851 269.8103712946177 132.4763789400458 268.2802441865206 1.368500202894211 0.7009490728378296 6.760245606303215 203.0580935180187 6.549249291419983 151.0768381655216 90.40627355128527 1.73678071051836 9.7286666482687 3.666914843022823 12.87909138947725 1.921926438808441 8.422538593411446 192.2672362327576 4.606620319187641 2.016103133559227 4.210946843028069 7.649633713066578 13.62270805984735 22.44437199085951 3.670703805983067 9.40024084597826 12.74796701967716 17.37204918265343 87.48598010838032 13.17768802493811 58.6067176014185 2.952789396047592 8.025555312633514 0 172.8757456839085 5.310635432600975 5.946817688643932 4.044006690382957 1.842913925647736 3.493678823113441 3.093295462429523 316.0088702589273 82.52956837415695 0.3896308839321136 92.73853427171707 165.1757252588868 200.8067623823881 222.246733866632 40.90191791951656 2.607080794870853 1074.631643898785 7.622206777334213 7.867331758141518 9.75322038680315 0.8754128068685532 4.488306984305382 13.28130627423525 3.72800862044096 0.6103342622518539 4.639702677726746 0.921377956867218 5.45993909239769 6.220999978482723 3.652102112770081 10.72143339365721 12.32471837103367 4170.626750193536 41.18531714379787 1.49626749753952 41.31136149168015 242.4110520854592 10.21208410710096 2.560581058263779 49.13586901128292 10.05456009507179 30.56078900396824 324.6191481649876 13.63935172557831 298.0115819945931 243.7534898519516 53.24125158786774 8.220830127596855 259.2540493458509 208.7292372882366 299.1965149194002 72.01906095445156 2.961217068135738 2.448867045342922 0.3394015580415726 0.2935738041996956 0.2418710589408875 0 0.1492109745740891 0.1192784756422043 0.2008988857269287 0 0.1631548702716827 0.1862752884626389 0.9824569374322891 1.758488416671753 0.312330424785614 0.6253488808870316 0.9004772752523422 0.1231135129928589 0 39.53035990148783 5.109321340918541 0 0.799398846924305 0.1287533193826675 74.28625187277794 3.293823763728142 37.03758628666401 15.2771895006299 1.115113392472267 0.7359742075204849 1.88169027864933 0 0.6523773819208145 0.7897597178816795 0.3338489234447479 0 19.61812710016966 54.96379522234201 1.919310420751572 1.511347271502018 0.5210936218500137 0.3966420069336891 1.03280770778656 0.5102058425545692 0.4534426108002663 1.101080656051636 1.411297827959061 8.114726699888706 0 1.647068455815315 0.2913233116269112 61.64630986750126 11.45947651565075 3.386763855814934 3.917228758335114 1.841719530522823 1.160457834601402 0 1.158814907073975 0.2651650309562683 0.2877537608146667 261.0761721581221 1.459068290889263 0 0.1456594467163086 2.00752741843462 6.938604846596718 3.800907842814922 1.282229274511337 16.72045364975929 27.61747086048126 50.74736312031746 31.02688754349947 24.27479862421751 6.626952707767487 0 0 0 0.4865714088082314 1.087131343781948 0.4283813387155533 0.6898712664842606 250.2241797298193 43.10807420313358 21.34784402698278 431.9607231467962 115.6900712698698 396.6801531761885 156.0696498304605 397.2182346135378 39.27422779798508 7.256398104131222 125.0330936908722 25.27062008529902 5.193728126585484 56.8391947299242 10.40542473644018 2.502483546733856 1.658432886004448 0.537038616836071 3.923923373222351 8.550478018820286 3.882814034819603
