0 3051.751884452999 751.775797739625 1323.158125378191 513.2659530267119 19.96676418185234 474.0550720021129 72.40417781472206 445.5736375004053 2405.739857338369 800.5298144817352 520.4483121186495 563.1695487499237 531.0393283367157 8.163385435938835 2.528354085981846 0.2754372358322144 0.3042953163385391 0 0 1.100056350231171 0.2195812612771988 0 0 1.49223118275404 0.4071782752871513 0.2759092897176743 0.5309572964906693 0 0 295.960447832942 9.052869528532028 41.13280260562897 0 0.1285971254110336 1.317959278821945 132.2182003036141 0.7137884944677353 3.147024407982826 1.349854573607445 0.8934776932001114 0.7095236703753471 0.5371953770518303 0.9689388051629066 0.1381743848323822 0 32.96271336078644 1.27514760196209 0.1553986221551895 0.2911601364612579 2.15201623737812 3.537073314189911 0 0.1092440336942673 6.93716561794281 11.25473174452782 198.2651043236256 1058.80117944628 54.86313202232122 18.87670038640499 0.1165701299905777 0 0 3.137463122606277 5.826839730143547 1.437650002539158 2.970112413167953 0.750717006623745 0.1279573142528534 6.967528261244297 141.8934461027384 34.17262095212936 1.368286684155464 321.3811651840806 26.31195528060198 19.13576005399227 3.982974737882614 2.455494098365307 0.4997899830341339 170.1999677196145 0.1409033685922623 11.09154267609119 5.778628140687943 3.272723115980625 2.21235441416502 6.269927017390728 1.098010785877705 3.580890238285065 1.091434568166733 3.087824404239655 0.6779407635331154 0 2.316614881157875 0.1784487366676331 0.1285778880119324 185.4398934394121 20.50019851326942 0.7816277742385864 2.038300752639771 1408.073657527566 0 0 0 0 0 25.34116096794605 0 0.5313027501106262 240.9520896971226 4.375987440347672 0 1.128093108534813 1.5212661921978 0.1862539947032928 0 0 0 0 0 0 0 0 0 0 0 0 0.7050753831863403 0.4922666549682617 0 0 0 0 0 0 0 0 0 0 0 1.334592938423157 0 0 1.041554242372513 0.5298943668603897 0 0 0 0 0 0.5275268703699112 0 0 0 0 0 0 0 0.1221885681152344 0 0 0 0 0 0.5344199538230896 0 0 0 0 0 0 0 0 0 0 0 0.176920086145401 0.2926566898822784 0.6181549429893494 0 0 0 1.183914303779602 0.2100233137607574 0 0.645316481590271 0 0 0 0 0 0 0 0 0 0 0 0 0.8365489542484283 0 1.376790225505829 42.00861240923405 4.581445835530758 85.42407985031605 13.09541566669941 1059.762897454202 33.83662576973438 1.21458388864994 9.741004906594753 2.848984733223915 0 0.77479088306427 0 2.260345369577408 0 0 0.2536164820194244 5.014443427324295 0
3051.751884452999 0 398.1084981560707 1690.431075572968 1766.79126881063 44.1479769796133 2501.349161438644 38.64197859168053 2279.921188652515 522.814381942153 627.2943845242262 43.8258404135704 4112.556535750628 5519.514496900141 47.2546162456274 4.306852154433727 0 0 0 0.1351859718561172 0.9990114271640778 0 0.1472147107124329 0.09522013366222382 2.124144174158573 2.711304023861885 0.4305768683552742 2.210523292422295 1.68261256814003 0.5477847158908844 1458.880527995527 25.63556114584208 53.09614878892899 0 0 0.4159920364618301 483.9628939852118 1.45179808139801 1.220805503427982 1.353316694498062 2.525954067707062 1.336399227380753 0.1956048607826233 1.182554081082344 0 0.2080013528466225 306.5788665041327 18.86305691301823 0.4535859227180481 0.9543037116527557 6.840363129973412 0 0 0.8797837197780609 27.95304794609547 51.28164795041084 184.1720083430409 738.4573759138584 84.55958810448647 102.9506006613374 0.7152969092130661 0.8967449218034744 0.7534411251544952 17.04463259875774 37.5493900552392 10.85133022814989 16.47963809221983 4.931006632745266 1.646933056414127 3.446991473436356 180.1892890110612 7.614204376935959 0 736.2726463451982 164.8590455576777 147.8339160755277 16.10841992497444 3.891751669347286 0.3872565776109695 221.7198003903031 0.4498149901628494 6.213992059230804 51.58501856029034 2.606434501707554 14.71621152758598 44.76169981062412 4.965630546212196 0 6.687922708690166 0 5.381137892603874 0.6523100659251213 3.091909296810627 1.851336911320686 1.124591320753098 17.19735240936279 0 0 0 1392.286258034408 0.3128899931907654 0.4624530971050262 1.299403101205826 2.701785892248154 0.413217157125473 65.06129524111748 1.290962547063828 7.105447426438332 143.9568394422531 9.160677403211594 0 15.61312837898731 9.087705790996552 7.989458337426186 5.244757756590843 0 0.3397689461708069 0 0 0 0 0 0 0 0 0 0.1898325830698013 0 0 0.9833282232284546 0 0 0 0 0 0.2557805180549622 0 0 0 8.413365826010704 0 11.6546539068222 2.156578257679939 0.7451663538813591 0 0 0 0 0 0.6681987643241882 0 2.284109681844711 2.563987791538239 0.4119017124176025 0 0 0.3896592855453491 0 0 0.2608486711978912 0 0.1440027952194214 3.989943489432335 0 0.168807327747345 0 3.077189683914185 0 0.1501290947198868 0.6332471668720245 0 0 0 0 0 0 11.74772356450558 0 0 0 0 16.63987921178341 16.01389557123184 7.978373363614082 2.776684656739235 2.829985529184341 0.4244906604290009 0 0 1.129726976156235 0.2729645073413849 0 0 0.1100897416472435 0.1163120418787003 0 0 3.867524802684784 5.881558895111084 1.916742533445358 250.5774744749069 48.42377376556396 843.8116106912494 113.2946227267385 391.61989171803 163.0727558583021 10.19828249514103 59.48826265335083 25.15662185847759 0.4825647249817848 10.50295255333185 0.5772574841976166 22.82183675467968 0 1.422229617834091 4.605653077363968 5.250886142253876 0
751.775797739625 398.1084981560707 0 24.98692497611046 373.3968773558736 2.98436963558197 15.69407874345779 529.7011397704482 216.4815377444029 7.589688241481781 2317.920250013471 8.103972107172012 335.4605279192328 2599.475272223353 33.44193544983864 14.06384686380625 0.6198363825678825 2.433771297335625 0 3.076843678951263 16.71630811691284 0 3.701757624745369 8.426368802785873 19.0469976067543 6.613581508398056 4.809007927775383 0.5647414773702621 0.500848799943924 0.5394232571125031 6390.068512447178 583.6376761719584 87.02310535311699 1.325066670775414 4.507458955049515 19.53499943763018 182.4631155878305 7.395582601428032 1.09260581433773 6.851666279137135 76.27628936618567 4.52609646320343 3.752019621431828 4.337259247899055 0 1.028524249792099 104.7501065582037 5.874634809792042 0.8708819299936295 4.12539304792881 17.56591538339853 0.1345203965902328 0.6266878992319107 0.6349963694810867 7.572175681591034 13.33052349835634 106.132024012506 821.0564932972193 30.58000501990318 31.69040536880493 6.693070143461227 7.410141587257385 7.145476847887039 84.46344264596701 8.292661242187023 2.567954048514366 5.705075554549694 7.892924383282661 9.544543445110321 150.2223603874445 64.78930904716253 0.840268686413765 0 313.2160228639841 124.9327621459961 58.76267874985933 22.7409383431077 9.658918887376785 38.90743964910507 1269.677243508399 5.296410724520683 450.7025049552321 12.96824665367603 0.348829559981823 3.994762741029263 11.06157823652029 5.657014310359955 0 1.269950024783611 0 2.044006392359734 0.1207321286201477 60.37635911256075 12.82774590700865 0.1279414147138596 2.872499331831932 0.305846095085144 0 0 1334.276852056384 0 0 0 0 0 0 0 0 1.265110194683075 0 0 0 0 0 0 0 0 0 0.5324627161026001 0 0 0 0 0 0.1979700177907944 0.7047293484210968 0 0 0 0 0 0.1297756135463715 0.3048325479030609 0 0 0 0 0 0 0 0 0 0.1338672041893005 0.1145472079515457 0 0 0 0 0 0 0.18922258913517 0 0 0 0 0 0 1.681906767189503 0 0 0 0 0 0 0 0.3022016286849976 0 0 0 0 0 0.1165859699249268 0 0 0 0.3051614016294479 0 0 0 0.4730386435985565 0.5363600999116898 0 0 0 0 0 0 0 0 0 0 0 0 0.170477882027626 0 0 0.2495686113834381 0 0 0 51.96814632415771 16.11318047344685 191.5101848617196 33.04757754504681 131.4259118959308 37.72589894384146 2.125246226787567 22.49917221814394 2.134670481085777 0.2896534204483032 0.3584230989217758 0.2338749021291733 0.2855065762996674 0 0 0.9136379808187485 1.491726949810982 0.690492570400238
1323.158125378191 1690.431075572968 24.98692497611046 0 336.3112418577075 144.0831816792488 1106.251349724829 2.353631749749184 270.8730771094561 1714.08399721235 161.9653716012836 456.8856000751257 1269.867359988391 18.64736430346966 8.50339787453413 0.1582986265420914 0 0 0 0 0 0 0 0.2702585160732269 0 0.5853329598903656 0 0.2779784053564072 0.1659331619739532 0 78.70018883794546 0.5849893093109131 0 0 0 0 4.329477459192276 0.47853684425354 0.222088098526001 0.4964295923709869 0 0.331758514046669 0 0 0 0 93.43887388706207 5.291469104588032 0.4136449098587036 0.3192608058452606 0.2878883183002472 0 0 0 12.05200643837452 21.38138660043478 110.3449222818017 408.3691515699029 50.58222579210997 41.43473257869482 0 0 0 4.482103392481804 14.05925735831261 1.84939331561327 4.489284828305244 1.063514523208141 0 0.6511130258440971 300.1765322312713 0 0 355.2794394120574 46.94514284282923 42.72641020268202 2.649257525801659 0.5821871608495712 0 0.5200035870075226 0.2683951482176781 0.3950125351548195 16.49419685453176 0.9007428959012032 5.312237411737442 17.07231330126524 1.025440394878387 0.2924922406673431 0.9178695678710938 0 1.036870256066322 0.1550706624984741 0.1732538491487503 0 0.4643013328313828 3.593517869710922 0 0 0.6515023112297058 796.3844317048788 0 0 0 0 0 42.73978617787361 0 0.2077264338731766 57.19202771782875 0 0 2.138378947973251 0.680182009935379 1.893028557300568 0 0 0 0 0 0 0 0 0 0 0 0 0 0 0 0 0 0 0 0 0 0 0 0 0 0 1.16596519947052 0.898036390542984 0.7207487523555756 0 0 0 0 0 0 0.6592473387718201 0 0 0 0 0 0 0 0 0 0 0.1072000190615654 0 0 0 0 0 0 0 0 0.4913968145847321 0 0 0 0 0 0 0.5249829292297363 0 0 0 0 1.116828799247742 0 0 0 0 0.6870989799499512 0 0 0 0 0 0 0.1261338740587234 0 0 0 0 0 0.2796030044555664 60.19475454092026 12.01148819923401 272.3143823966384 26.22202987223864 766.6545558124781 68.76634011417627 4.663772784173489 11.93630028516054 4.385783553123474 0.8223598599433899 0.9383388757705688 0.4096204042434692 0.6127071976661682 0 0.2062269896268845 1.20884645730257 17.54514706134796 0
513.2659530267119 1766.79126881063 373.3968773558736 336.3112418577075 0 22.92808051407337 2050.813765600324 1.35257588326931 5631.321636557579 230.531197629869 341.7907860279083 12.63677825778723 1991.928208261728 4816.70981644839 72.0415321663022 4.544226936995983 0.7875959426164627 0.9773829281330109 0.1368380486965179 0 0.3962625935673714 0 0 0.1323812454938889 0 3.417789481580257 0.4621883630752563 3.297415852546692 2.476271346211433 0.547953225672245 278.8386875241995 25.60022515803576 10.771768912673 0 0 0.128917008638382 123.9023808762431 1.341442853212357 1.430262260138988 2.011071771383286 1.160603508353233 2.40035018324852 0 1.189685463905334 0 0.1395568549633026 369.2623349577188 20.90489932894707 1.386080145835876 0.2629082202911377 6.475722387433052 0.1703863143920898 0.281579852104187 2.006992042064667 21.70519359409809 41.62455433607101 57.96920826286077 135.0137822777033 44.87821187824011 85.21026798337698 1.031144127249718 1.841025084257126 0 20.861731544137 28.92303108423948 13.77728223055601 19.12227808684111 6.242086671292782 1.016038350760937 1.552050545811653 41.54327030479908 17.01002006232738 0.1524604260921478 328.2565283924341 99.96692835539579 152.5340482518077 27.39770146459341 7.69285324960947 0 40.93777567148209 0.6492484137415886 2.647821933031082 36.43201542645693 1.222474098205566 15.75715363770723 44.36517126113176 6.486713327467442 0.2365851476788521 7.849809162318707 0 7.568108476698399 1.330492973327637 1.473289482295513 0.4433121234178543 3.150828942656517 110.9087733924389 2.741523623466492 0 0 103.8540817350149 1.372205466032028 3.080834448337555 6.554217621684074 8.79769928753376 0.9527066349983215 102.3689738288522 6.320913419127464 49.23579268157482 106.1968344002962 63.44018802046776 1.614209204912186 120.9290972799063 89.32047687470913 64.7344626635313 32.32809978723526 2.775030806660652 0 0 1.067899286746979 0 0 0.2149067372083664 0 0.4549704790115356 0 0 0.9376150667667389 0.2661305665969849 0 1.066643118858337 1.328078985214233 0.9803705960512161 0 0 0.3196220695972443 4.242204606533051 0.5785133242607117 0.3862505257129669 0 30.45481649041176 1.599087029695511 44.43782910704613 9.587104178965092 4.875030353665352 0 1.382636070251465 0 0 0 2.59327557682991 0 9.045745626091957 7.46594250202179 1.882294818758965 0.2089117467403412 0 0 0.1158047318458557 0.8675202429294586 2.88654337823391 0.2923881411552429 7.351163119077682 10.09349320828915 0.9575632512569427 1.532300338149071 2.045653253793716 16.80546489357948 0.6741933822631836 2.717631310224533 0.893823117017746 0.1396011263132095 0.5543622523546219 0 0.2020636349916458 0 0.4421308487653732 41.81206786632538 0 0 0 0 116.6598970293999 57.83812686800957 54.59334552288055 11.22579835355282 11.35201650857925 4.666592612862587 1.35669732093811 0.2994992733001709 1.641928866505623 0.5313873812556267 0.2147617638111115 0 0 0.3051979690790176 0 0 24.1549187451601 15.09937772154808 12.91328825056553 484.1905375272036 91.26686656475067 885.687387637794 181.9284565597773 197.8120660334826 159.6635976359248 20.15569506585598 122.5533014908433 101.4341920390725 2.690584130585194 49.28825877606869 5.336010597646236 182.6542013585567 7.128587171435356 2.249133102595806 7.861207410693169 5.546030327677727 3.62800320982933
19.96676418185234 44.1479769796133 2.98436963558197 144.0831816792488 22.92808051407337 0 161.2547146528959 0 66.91028310358524 906.7842943221331 1.548536062240601 744.5654227882624 598.60628926754 10.41965162754059 0.3892822563648224 0.385463684797287 0 0 0 0 0 0.3807699531316757 0 0 0 0 0 0 0 0.2020295411348343 0.1436969339847565 0 2.525066837668419 0 0 0 27.19861033558846 0.1757118999958038 9.182181015610695 0.3586824238300323 0 0 0 0 0 0.6951742768287659 1.494607865810394 0 0 0 0 7.410666704177856 1.984965801239014 0 0 0.2250407040119171 35.94316431879997 19.7213568687439 4.591735288500786 0 0 0 0 0 0 0 0 0 0 0 169.331109508872 195.7105754613876 14.88439059257507 1.596793755888939 0 0.1065092459321022 0 0 0 0.531286358833313 0 0 0.1270075589418411 3.36590650677681 0 1.456396400928497 0 22.92290031909943 7.22941181063652 17.49975998699665 0.7009832710027695 1.326857253909111 0.2056620270013809 0 0 160.1942960321903 123.8248054087162 25.07306759059429 9.057173833250999 204.0688813775778 0 0 0 0 0 5.236083820462227 0 0 25.02708844840527 1.166260600090027 0 0 0 0 0 0 0 0 0.182609498500824 0 0 0 0 0.1978272348642349 0 0 0 0.1336541026830673 0 0.4301772266626358 0 0.3491333276033401 0.2271213233470917 0 0 0 0.2302387952804565 0 0 0 0 0.9419811218976974 1.588512077927589 0.4547396898269653 0 0 0 0 0 0.4191367477178574 0 0.2400365918874741 0 0 0 0 1.431693226099014 0 0 0 0 0 0 0 0.4553277492523193 0 0 0 0 0 0 0 0 0 0 0 0.7579469829797745 10.42102539539337 0 0 0 0 0.44652259349823 0.3822616338729858 0.3961251676082611 0.4724777936935425 0.2940795719623566 0 0 0 0 0.3617522120475769 0 0 0.243201956152916 0 0.2985888719558716 0.5561568439006805 1.502283424139023 2.803601115942001 4.48187879472971 0.2826419919729233 2.319523751735687 0.5952233374118805 176.2510715126991 4.018126040697098 0.8442228734493256 0.4857455790042877 0.4770601987838745 0.2156785279512405 0.2262508273124695 0 0.6196433305740356 0 0 0.6732993125915527 0.9718746542930603 0.1822385638952255
474.0550720021129 2501.349161438644 15.69407874345779 1106.251349724829 2050.813765600324 161.2547146528959 0 1.387290544807911 434.66338942945 2011.574123121798 16.95186801999807 154.1127911880612 4871.044083878398 166.3287184238434 59.54253778606653 3.438951045274734 0.1239780336618423 0 0 0 0 0 0 0.4047573208808899 0.3646707162261009 2.307049989700317 0.1589905619621277 2.963277138769627 4.454679891467094 0.248831681907177 131.3007194548845 9.715663343667984 6.177948169410229 0.1217922419309616 0 0 20.44464916735888 0.4301037341356277 3.063316769897938 1.876603350043297 0.8931251168251038 2.344343207776546 0.2141986340284348 1.099935092031956 0 0.2974968999624252 365.8872147798538 17.83033072948456 0.4421375840902328 0.5664367452263832 6.050182648003101 0.5198761075735092 0 2.900723740458488 26.08986762166023 41.80203247070312 94.27672401815653 236.79636143893 63.60917162895203 91.98911908268929 0.7837757468223572 0.2694836258888245 0 15.80393939465284 35.11139007657766 10.7751684859395 17.5220915004611 4.895283348858356 0.6942450553178787 0.9798521921038628 130.359913893044 27.03084602952003 0 466.6824304759502 111.197106719017 155.2413904815912 16.1387593075633 4.227812550961971 0 2.225689582526684 0.2637979239225388 3.507630370557308 50.66292321681976 1.29387354850769 17.37147849053144 43.06250339001417 5.139552980661392 0 6.052496068179607 0.1593694388866425 8.261692404747009 0.4935376718640327 1.17656309902668 2.03140739351511 2.598566524684429 213.4295714199543 0.9351104497909546 0 1.774718567728996 238.3663182854652 3.923504516482353 9.774643003940582 68.72793714702129 13.8183056563139 0.1625444442033768 129.5953053459525 10.9708309173584 64.21855333447456 195.7076373398304 101.5074879974127 3.206982761621475 202.0522001385689 135.852319970727 98.91387532651424 38.36128671467304 1.704936146736145 1.571212112903595 0 2.907023727893829 0 0 0 0 0.1879785656929016 0 0 0 0.7721885442733765 0.2343913018703461 1.349605605006218 0.6318204998970032 0.8949210047721863 0.5725473016500473 0 1.289806723594666 6.229998797178268 0 2.499929010868073 0 33.84380681812763 0.6256861686706543 61.61788690090179 14.57092575728893 5.771796405315399 0 0 0 0 0.9398634433746338 1.635062098503113 0 12.26545687764883 10.7335225045681 0.4801391735672951 0.1266674250364304 0 0.237392246723175 0 0.3676486909389496 3.836581073701382 0.3971116095781326 13.84083845466375 21.66590372473001 0.2920820713043213 1.343369245529175 5.144388407468796 22.83184164762497 1.111919403076172 7.026200972497463 2.839812248945236 1.277600079774857 0.1349517107009888 0.4413657337427139 0.4174407124519348 0 0.6394113898277283 45.55961851775646 2.395290315151215 0 0 0.1174127981066704 129.3374129235744 54.14428682625294 59.76556415855885 35.61759586632252 17.43737553060055 8.422263696789742 6.697261840105057 0 2.299518063664436 0.5870707556605339 0 0 0.6453493684530258 0.7608101814985275 0.5555235743522644 0 45.7555029541254 16.14383514225483 17.90661184489727 617.9981213212013 88.23059722781181 1116.455718666315 169.9020849168301 648.4401792734861 200.6169732511044 18.19687118381262 148.4295371025801 151.3826538473368 2.742041431367397 74.08850388973951 6.518950819969177 244.4550144523382 6.001819297671318 2.672537699341774 15.73590455949306 14.6085842102766 0
72.40417781472206 38.64197859168053 529.7011397704482 2.353631749749184 1.35257588326931 0 1.387290544807911 0 14.10064320266247 0.6999138444662094 1523.655852213502 2.968934036791325 100.6870834976435 1337.874306105077 85.2820428237319 32.53594202548265 0.9547491148114204 6.163543775677681 1.825183674693108 12.58288738131523 62.7955599874258 0 22.92460119724274 31.51022452116013 89.19604653865099 17.77088887244463 24.36702950298786 2.467567838728428 0.3285999447107315 3.980323746800423 1263.255925185978 2102.625684313476 73.85008356720209 3.48211295902729 23.6117594987154 67.69216978549957 90.19302158802748 31.90734599530697 0.8022768646478653 10.6976353302598 238.0803437381983 12.15593433380127 10.36417461186647 11.21225918829441 0.5378071218729019 4.518164440989494 239.1456636190414 12.15216939151287 1.500782541930676 8.101043663918972 19.94919146597385 0 0 0.5748251006007195 8.692202463746071 17.12417199462652 42.13803341984749 207.3264926448464 20.58681166172028 45.56488855928183 28.08725665509701 35.30033054947853 52.80838260054588 473.9655908569694 11.42151337116957 4.560981750488281 7.419708974659443 6.752597354352474 14.70102080702782 349.0614421442151 38.27315916121006 0.2307855486869812 0 283.2901014387608 226.6104200556874 163.762563817203 244.3225825279951 184.9507763385773 674.7861232087016 2631.34561752528 145.8454144969583 4696.471465878189 16.08238863199949 0.7002775967121124 5.775017887353897 16.59300213307142 6.523909159004688 0 1.563628956675529 0 4.596512287855148 0.2647091895341873 145.498954333365 23.77624706923962 0.7652074694633484 0.8111094534397125 0.190531924366951 0 0 93.83382555097342 0 0 0 0 0 0 0 0 1.353517681360245 0 0 0 0 0 0 0 0 0 0 0 0 0 0 0 0 0.3186611086130142 0 0.1387097835540771 0 0 0.8094803094863892 0 0.9032445698976517 0 0 0 0 0 0 0 0 0 0.7670717611908913 0.1280928105115891 0 0 0 0 0 0 0 0 0.5978366732597351 0 0 0 0 1.754729077219963 0 0 0.08906060457229614 0 0 0 0 0 0 0 0 0.09113424271345139 0 0 0 0 0 1.161850973963737 0.2414811551570892 0 0 0.2992487102746964 0.8160676956176758 0 0 0 0 0 0 0 0 0 0 0.198432594537735 0 0 0 0 0 0 1.61767566204071 2.072268232703209 106.56248742342 34.37598700076342 377.2283114120364 55.24399356544018 16.35724205523729 36.11072210967541 6.357912659645081 38.81020084768534 1.720649108290672 0.2268467545509338 0.1694655120372772 0.3003401905298233 1.014805197715759 0 0.1773049235343933 2.134718880057335 4.610403895378113 3.224048033356667
445.5736375004053 2279.921188652515 216.4815377444029 270.8730771094561 5631.321636557579 66.91028310358524 434.66338942945 14.10064320266247 0 334.4489833414555 196.9674899727106 9.15803574770689 1707.85137103498 2661.97556951642 101.4632285311818 16.64361458271742 0.3415562063455582 0.235412061214447 0 0.6011045277118683 0.6896551996469498 0 0.2904821634292603 0.6602574288845062 0.2398713678121567 2.782705619931221 0.885130301117897 5.176327362656593 3.717416167259216 0.4906395077705383 236.5590022951365 30.29955142736435 18.19715368002653 0 0 0.1745272576808929 112.6394191086292 0.4978227391839027 2.142524562776089 1.408269822597504 1.537075035274029 4.587479308247566 0.3221079111099243 3.803989909589291 0 0.1053767949342728 386.3580114766955 16.87388999015093 1.200103461742401 1.188625819981098 4.775886327028275 0.773527979850769 0 3.607367813587189 15.12410309910774 27.24555798619986 38.25047039240599 107.6261906027794 37.67310184985399 76.31166605651379 0.4843774661421776 2.06712731719017 0.4450341165065765 30.06422623246908 23.58063638955355 8.631791405379772 13.29838111996651 5.066264562308788 1.843547090888023 2.33776967972517 45.71027293801308 34.04374469071627 0.2146653234958649 275.1916043013334 95.32901342213154 167.9298959076405 36.53997257351875 15.71109756082296 0.3305819779634476 38.10726251453161 0.2844382077455521 1.51252893358469 29.16810561716557 0.8388287052512169 12.71887320280075 27.12391393631697 4.958968415856361 0.1510607153177261 5.741235367953777 0 9.905530288815498 1.334063105285168 2.156651087105274 1.811170004308224 4.474196128547192 353.5047330856323 1.614068627357483 0 0 99.62677235901356 2.466768562793732 4.20510721206665 17.46320156753063 11.84224830567837 1.152785688638687 165.2893611043692 13.24077376723289 83.40722155570984 190.1673607975245 113.1766143739223 1.516542717814445 260.7296562641859 163.26236371696 131.7189944386482 66.01829260587692 7.019924104213715 1.295835882425308 0.2470778822898865 0 0 0 0 0 0 0 0 0.6847956702113152 0 0 2.585227400064468 0.1707958728075027 0.1660016030073166 0.3452126979827881 0 0.9127393960952759 4.176022663712502 0 0.5191956162452698 0.7545773983001709 51.81719829142094 2.609209790825844 71.67412620782852 13.88050259649754 6.347456008195877 0.8471164107322693 0.2448592931032181 0 0 0.8561513423919678 5.344755053520203 0 16.21282422542572 15.80697248876095 1.065829142928123 0.8854492902755737 0 0.5903453230857849 0.246796540915966 1.829507425427437 3.840759769082069 0.3204758316278458 18.45108361542225 23.81307204067707 0.3868091404438019 1.536254078149796 4.483378455042839 27.90641352534294 0.5688078999519348 6.627897754311562 1.87941350787878 0.4429143667221069 0.5864381194114685 0.3118079304695129 0.3036092966794968 0.3333434760570526 0.4355387687683105 65.58387468755245 3.788119792938232 0 0.1466188132762909 0 158.9037555903196 60.06311042606831 89.84569357335567 29.09412723779678 14.77245910465717 7.369495332241058 2.743904650211334 0.3261701166629791 2.686859630048275 0.3389642834663391 0 0 0.2950423806905746 0.4966286644339561 0 0.1994005739688873 57.15996252000332 24.15470935404301 17.93497662246227 798.8247710168362 111.5426043123007 972.378695808351 178.0086280405521 356.7736706733704 148.3416971117258 20.24850355088711 217.7632689699531 179.7990740686655 4.59694592654705 82.10733591020107 5.513024806976318 264.1701852381229 7.308118656277657 2.62567475438118 13.71200609952211 10.95714305341244 3.663700982928276
2405.739857338369 522.814381942153 7.589688241481781 1714.08399721235 230.531197629869 906.7842943221331 2011.574123121798 0.6999138444662094 334.4489833414555 0 60.80466914176941 2331.556039020419 9008.729055173695 33.26440740376711 11.86643411964178 0.5527258962392807 0 0 0.3376133143901825 0 0 0 0 0 0 0 0 0 0.4351034164428711 0 68.6140433549881 1.791501954197884 8.427850663661957 0 0 0 162.2991129308939 0 2.326825425028801 0.6936443746089935 0 0.5018799006938934 0 0.2985491305589676 0 0.1136801838874817 99.84676914662123 3.718585334718227 0 0.2663773447275162 1.254578091204166 0.713528648018837 0 0.190961018204689 14.95746878534555 24.39732923358679 161.7983319088817 498.3082971870899 63.17429701983929 40.94287686049938 0 0.7027930319309235 0 2.050259985029697 14.09056539088488 4.030999705195427 4.689430609345436 0.7975666150450706 0.2462389692664146 0.1635519564151764 2142.799476154149 4.539086550474167 0.1773814111948013 434.8806425854564 48.62619679421186 50.17752488702536 2.030123315751553 1.213401138782501 0 0.9433892965316772 0.1290719658136368 0.7457375973463058 18.18393106758595 1.044059030711651 8.262936614453793 17.5687794983387 1.66319964826107 0.5988326072692871 1.559616282582283 0.2679759413003922 1.272421754896641 0.2726994454860687 0.144496887922287 0.1273680329322815 0.3337226957082748 99.1556910276413 9.396113872528076 0.2505783140659332 0.2433832287788391 1533.73147252202 0 4.21514581143856 0.9742087721824646 12.93959826231003 0.2308238446712494 76.66258560121059 5.504017233848572 6.709297984838486 126.6921671926975 15.54925002157688 0 27.96170522272587 11.0956406891346 16.91329461336136 8.169601485133171 0 0 0 0.3513521254062653 0 0 0 0 0 0 0 0 0 0 0 0 0 0.7153100371360779 0 0 0 0 0.5626893639564514 0 5.322676986455917 0.3208016157150269 8.80706013739109 0.9583077728748322 0.7772486358880997 0 0 0 0 0 0 0 2.564171373844147 2.272686243057251 0 0 0 0 0 0.2624919712543488 0.8879199177026749 0 2.372531935572624 2.181462109088898 0 0 0.5255663990974426 1.283472388982773 0 0.8296598345041275 0.605533741414547 0 0 0 0 0 0 6.41108800470829 1.204883098602295 0 0 0 8.449129834771156 3.65773905813694 5.365860939025879 4.01013208925724 2.717571645975113 0.3426274955272675 0.217342272400856 0 0 0 0 0 0.1060687378048897 0 0 0 9.225439891219139 1.321101903915405 3.502873301506042 149.0246846526861 10.69596769660711 328.2027841135859 28.42097544670105 2097.082726411521 96.24641414731741 2.921556904911995 20.80055643618107 30.69564090669155 0.1398869007825851 10.20855677872896 0.8553068786859512 32.86485359072685 0.2305744886398315 0.1423434615135193 2.556272521615028 111.1019301563501 0
800.5298144817352 627.2943845242262 2317.920250013471 161.9653716012836 341.7907860279083 1.548536062240601 16.95186801999807 1523.655852213502 196.9674899727106 60.80466914176941 0 6.856473445892334 494.7802102193236 2205.085028000176 208.6465684622526 81.56035344302654 5.155322350561619 6.189961090683937 0 2.300616756081581 6.64659146219492 0 2.919404551386833 2.255372181534767 48.69629638642073 14.38578186929226 7.976685881614685 5.154907748103142 4.747999429702759 2.099597528576851 1711.486975029111 352.5817624107003 194.3247051313519 0.7221733927726746 5.623104512691498 24.91801850497723 223.5336286127567 34.59792891889811 10.28008038550615 25.78429483622313 60.72836464643478 11.53495217114687 2.246433965861797 26.85853687673807 0 3.892084904015064 547.278806515038 18.45612253248692 1.891284577548504 8.235702335834503 35.69880076497793 0 0 2.64596900343895 15.23980459570885 28.69315778464079 83.28588759154081 340.4076034426689 42.79050130397081 100.6770370602608 1.232028491795063 6.965846478939056 10.01846678555012 124.4718876481056 26.06160909682512 8.854878589510918 16.24073516577482 9.251959592103958 5.894504606723785 104.8919385299087 61.3406335785985 3.369227916002274 0 447.2720461189747 229.7568918466568 270.5492051839828 95.79131675511599 52.51665309071541 66.77697153389454 873.6137080639601 4.051266595721245 182.6677398458123 32.52364288270473 0.6268367245793343 14.74043090641499 30.9683406278491 7.946484111249447 0 7.142100803554058 0 11.61193687468767 0.6759119778871536 79.80444783717394 24.7111681625247 1.993265442550182 13.92722873389721 1.823480248451233 0 0.5406990051269531 296.3029167428613 0.240563690662384 0 0 0.5226694941520691 0 4.506645455956459 0.2981118857860565 3.327067971229553 7.357807315886021 3.280018150806427 0 8.885928586125374 2.785816818475723 1.444081753492355 0 0 0 0 0.9143472909927368 0 0 0 0 0 0 0.2767021059989929 0 0.3239652514457703 0 0.1609183847904205 1.207147695124149 0.3710898607969284 1.939426496624947 0.7736030519008636 0 0 0 0 0 1.472492337226868 0 2.317337214946747 0.1558400541543961 0.5565284714102745 0.1528559476137161 0.476686492562294 0 0 0 0.548204243183136 0 1.642412006855011 0.3724317252635956 0 0 1.509988307952881 0 1.583518996834755 0.361315555870533 0 0.09076184034347534 1.251279830932617 1.400744050741196 0 0 0 0.9758431911468506 0 0 0.8429031372070312 0.3014410138130188 0 0.2610220909118652 0.1144008636474609 0 1.017242252826691 1.788463681936264 0.9337681531906128 0 0 0.1572787761688232 3.616407960653305 0.5926712155342102 2.761631786823273 2.232174724340439 0.6943624019622803 1.394538521766663 0 0 0.655371367931366 0 0 0 0 0.791505366563797 0 0 0.2626387178897858 0.4674697816371918 0.2859119027853012 533.6117228195071 62.35271150618792 1049.227594301105 141.5316655114293 97.68659656494856 132.9755243733525 9.224624276161194 209.0950045511127 15.54051101952791 0.8953962326049805 6.235055178403854 0.8861783966422081 13.06052894890308 0 1.394588053226471 4.217675283551216 11.75658032298088 6.148197561502457
520.4483121186495 43.8258404135704 8.103972107172012 456.8856000751257 12.63677825778723 744.5654227882624 154.1127911880612 2.968934036791325 9.15803574770689 2331.556039020419 6.856473445892334 0 1139.644471138716 43.74026351422071 78.83106146007776 53.96141658723354 4.443773113191128 1.442415744066238 0 0.317595511674881 0.2047242820262909 3.167027115821838 0 0 2.157252207398415 0.9899793565273285 1.700191035866737 5.327920690178871 3.222135007381439 0.1409554481506348 6.911257743835449 1.58491312712431 30.03424888849258 1.018942311406136 0 1.076097711920738 584.9291748926044 2.229758232831955 36.67259331047535 5.717957079410553 3.630801022052765 2.334013290703297 0.2998106777667999 10.60500034689903 1.991848111152649 2.8944141715765 85.05527900159359 1.490987986326218 0.4325146153569221 2.636995181441307 9.954631432890892 8.394722282886505 4.332518517971039 8.100857049226761 1.079369641840458 2.034943729639053 16.12696122378111 22.33723028004169 5.828863479197025 8.518883265554905 0.4044478014111519 0.2860391736030579 0.3724720478057861 4.00597383081913 1.673172526061535 0.9178862720727921 1.528956897556782 0.7668841481208801 3.53504803776741 4.207189954817295 654.5292269438505 24.72831660509109 1.38310381770134 39.71494774520397 14.11674557626247 29.09855775535107 16.9803536310792 13.96122932434082 0 11.23600151389837 1.172282479703426 0.4736888781189919 1.237808607518673 0.7487795948982239 1.03642626106739 1.918825499713421 1.095079503953457 2.311564289033413 1.567702285945415 2.327942848205566 10.38565246760845 1.620880343019962 5.07279060035944 5.372454568743706 1.732953011989594 1492.702372789383 65.49193930625916 2.057525187730789 2.817466557025909 454.0558702200651 0.1039181873202324 0.6827545017004013 4.807735666632652 4.497526884078979 0.5522751957178116 51.35244587063789 2.123195320367813 34.27716878056526 66.65584821999073 31.04394869506359 0 82.0603047311306 53.85513825714588 46.69590872526169 23.68733942508698 0.9511925280094147 0.9500779807567596 0 0.1619462072849274 0 0.1595722287893295 0 0.8287423253059387 0.5402158796787262 0 0.9574125707149506 0.1668403148651123 0.1251967549324036 0.4349394291639328 0.3201020210981369 0.8821171522140503 2.453333407640457 2.115125298500061 0.3222609460353851 0.6210983842611313 1.211018115282059 0.5730504989624023 0.6317620277404785 0.1677967011928558 13.30689030885696 0.1499806046485901 14.29293419420719 5.835444062948227 2.296948105096817 0 0 0 0 0 1.348198682069778 0 3.873143151402473 3.112357050180435 0 0 0 3.609800696372986 0.4707000255584717 0 0.4317185580730438 0 1.416489370167255 2.293547973036766 0 0.2772328555583954 0.2146806716918945 5.480479419231415 0 1.605835795402527 0.8356488719582558 0 0.1045214310288429 0.5352106690406799 0 0 1.774674564599991 15.36818870902061 5.307270988821983 0 0 1.388681620359421 31.71865271031857 6.242363840341568 13.27995689213276 5.586647406220436 2.12773759663105 4.174316108226776 1.213532671332359 0 0.3638972193002701 0 0 0 0 0.2359133362770081 0 0.3927890658378601 22.490428134799 4.709724247455597 3.958642780780792 377.1890692710876 21.34656147658825 261.9238467589021 50.65819904208183 1094.375247851014 33.24714638292789 2.782414704561234 149.7085880339146 29.77521944046021 0.3331543058156967 10.13854144513607 0.7933132350444794 41.33935049176216 1.34642818570137 0 4.102532938122749 12.50114335119724 2.331151008605957
563.1695487499237 4112.556535750628 335.4605279192328 1269.867359988391 1991.928208261728 598.60628926754 4871.044083878398 100.6870834976435 1707.85137103498 9008.729055173695 494.7802102193236 1139.644471138716 0 231.4159508347511 325.1268824860454 113.1521286740899 7.559841863811016 2.15604966878891 0.2458724528551102 1.21429218351841 3.362558044493198 1.095864206552505 0.6023672372102737 1.429563373327255 9.345584578812122 8.446273416280746 2.873080283403397 14.06658395379782 9.833769910037518 1.748185873031616 116.3926047086716 27.75416512042284 38.86648896336555 0.3912784159183502 1.028809577226639 1.974579393863678 166.194055236876 4.99522852152586 19.68529877066612 12.78393272310495 14.33934687077999 7.979333557188511 1.564846649765968 28.76292526721954 0.1510707437992096 1.425382010638714 529.2458235919476 19.54603558778763 2.625093527138233 5.381485022604465 17.30466561764479 1.872552812099457 0.3336107134819031 14.65824040025473 11.99063575267792 18.56013202667236 50.12194779515266 104.6434015333652 43.93956059217453 78.89179877191782 1.214916579425335 0.5809991210699081 2.399910673499107 39.98404675722122 16.5275648906827 8.216608099639416 13.92614297568798 7.674125760793686 3.417262338101864 27.00221583992243 349.0496676713228 39.72004541754723 0.1944326311349869 253.2744405642152 95.59984329342842 221.9474534988403 98.14030885696411 73.15920986235142 0.6983579099178314 15.99157685041428 4.223321869969368 9.554443888366222 27.57944264262915 1.836719922721386 10.41826592385769 25.48233861476183 6.850992888212204 0.9191399365663528 7.989446952939034 2.079646185040474 14.62463518232107 2.721756815910339 20.97455149143934 9.467085875570774 5.981309726834297 2497.634333968163 19.41290603578091 2.658707097172737 3.475552260875702 414.6715220287442 2.319504544138908 6.034895300865173 29.02650021016598 27.03676883876324 0.6473356932401657 314.0329070389271 17.77114899456501 142.1969576328993 369.3314307779074 207.2446921467781 4.214180991053581 416.2257313281298 303.0746016949415 225.5716942548752 102.34297940135 4.321901813149452 1.456866919994354 0 0.6267907023429871 0 0 0 0 0.7038072198629379 0.1473269611597061 1.116910099983215 0.4668840318918228 0.2222493588924408 0.4315266013145447 0.6595331430435181 0.5928798615932465 0.3838678449392319 1.352659836411476 0.3335316479206085 1.719901666045189 6.618354588747025 0.1661257594823837 1.30719305574894 0 55.90887428820133 3.026618972420692 69.69428758323193 13.96853172034025 11.18504894524813 0.2105228006839752 0.2687455713748932 0.305918350815773 0 1.12321138381958 4.648611947894096 0.256682887673378 22.78512297570705 20.07840465009212 0.8113582730293274 0.4237388372421265 0.4048310518264771 0.8520618826150894 1.51565283536911 1.621171087026596 3.460954770445824 0.1123776212334633 18.3893605619669 23.05036827921867 1.948671534657478 1.982622683048248 1.736408270895481 23.00992964208126 0 6.181585349142551 4.162546277046204 0.2729769498109818 0.8457838594913483 0.2606358528137207 0.5272552669048309 0.5742991268634796 1.658168852329254 66.7321443259716 4.093845352530479 0 0 0.5032445192337036 219.8639693409204 71.55288948118687 98.92934095859528 31.60819142311811 18.73787087202072 17.42016592621803 4.22740675508976 0.5560631304979324 2.274968661367893 0.4644408449530602 0 0 0.3812682330608368 0.2962334379553795 0.3754320740699768 0.467143714427948 108.2093837559223 20.13202936947346 21.21358197927475 1314.115710645914 190.3261424452066 1264.608280144632 318.4684145450592 1836.982324495912 198.5846414715052 28.15194824337959 412.947349473834 229.0487127527595 4.267488859593868 94.48949620872736 9.181436114013195 357.3683521151543 9.928477615118027 2.677478387951851 23.5880419164896 28.44265028834343 8.838322371244431
