0 3460.539882741868 74.19290371239185 2244.554799497128 100.2140315175056 302.9908183962107 889.2572833672166 11.8164137005806 91.14100613445044 1974.768995001912 108.8046042025089 46.13218156993389 98.14863392710686 150.8684669062495 4.21140593290329 8.091432847082615 0 0 0.2334989309310913 0.6905740797519684 1.831354439258575 0 0 0.2261262983083725 0 0.1398001611232758 0 0.1110902428627014 0.3279509767889977 0 581.8494631648064 1.226505108177662 12.07284308969975 0 0 0 9.901843905448914 0.7996991872787476 0 0 3.152249917387962 0.6341066807508469 0 0.1659046411514282 0 0 10.33348909020424 3.447878889739513 0 0 0.7206823155283928 0 0.9340390861034393 0 3.429189346730709 5.458948582410812 102.3669857233763 1362.977976307273 28.46097757667303 7.899516187608242 0 0.4436120390892029 0.3796202689409256 5.796305619180202 5.086309380829334 0.3799563944339752 0.3516134992241859 1.652665421366692 0.6426649987697601 3.537799023091793 31.9317988306284 30.47143146395683 1.471373796463013 246.4177946299314 149.0037393942475 18.8573078289628 7.034592606127262 1.365723989903927 3.737366735935211 14.90535873919725 1.584642574191093 3.94588316231966 21.58298023790121 0.4507136344909668 1.461438298225403 2.010172389447689 0.9183249473571777 1.708418324589729 0.6480055600404739 0.4771555215120316 0 0.1994583457708359 1.14815865457058 0.1184288635849953 0.126866340637207 268.7333071380854 201.616206496954 1.088537514209747 0 1104.802539877594 0.3210805058479309 0 0.5325652956962585 0 0.5380632877349854 51.15625104308128 2.37249793112278 2.147457122802734 20.13824900984764 7.707980811595917 2.461240038275719 11.13877634704113 9.739059880375862 12.86702071130276 6.754685841500759 0.2904838621616364 0.709025576710701 0 0 0 0 0 0 0 0 0 0 0 0 0 0 0 0 0 0 0 0 0 0 1.155306473374367 0 1.782275289297104 0.8474730253219604 0 0 0 0 0 0 0.1455239057540894 0 0 0.9225381165742874 0 0 0 0 0 0 0 0 0.1033979281783104 0.239900067448616 0 0 0 1.921162411570549 0 0 0 0 0 0 0 0.1751859784126282 0 16.99477891623974 0.9064756035804749 0 0 0 2.040332540869713 0 0 0.5164382457733154 0 0 0.1442586779594421 0 0 0 0.1305975466966629 0 0 0 0 0 6.74595057964325 0 1.008330196142197 230.2064368501306 4.821556344628334 60.61468765884638 29.20829836279154 877.102516271174 49.25645316392183 2.735734492540359 9.202976979315281 1.641929000616074 0 1.323852144181728 0.2841091454029083 2.176696181297302 0 0 1.437645971775055 0.2395543903112411 0
3460.539882741868 0 1524.418097272515 407.0300066545606 2720.262259669602 471.8876876235008 1623.600964702666 146.2489090710878 6841.081024631858 438.0018788278103 2568.985786557198 16.00225073099136 1569.725102171302 4092.417129307985 48.04473508149385 69.08484321087599 2.032981567084789 1.67538982629776 2.756597809493542 1.896363370120525 12.67313110083342 0 0.9620548412203789 0.4356912225484848 2.696559220552444 4.353492505848408 0.2989805787801743 1.243208177387714 0.7956026494503021 0.07494346797466278 3678.131311044097 19.84683391451836 167.8422527760267 0.373042106628418 1.290482074022293 1.616983570158482 81.60103869438171 8.77139076590538 1.776413574814796 1.448259718716145 16.90387023240328 4.245595209300518 1.369476974010468 1.604420736432076 0.2291956171393394 0.2911773845553398 153.3309417143464 35.64860593527555 1.847124509513378 2.755220763385296 9.369871415197849 0.4150945544242859 0.6170559972524643 0.4369886070489883 32.17522197961807 51.0548318400979 71.55178122222424 1614.168875358999 39.53625401109457 67.01389870792627 0.4872762486338615 12.78947605192661 0.637875609099865 128.6165389344096 42.95310538262129 6.970565050840378 3.75041039288044 5.977859109640121 6.155144020915031 22.15386015921831 79.00126250833273 9.950623944401741 0 693.0005619376898 718.0821074768901 309.104420825839 110.6933276206255 6.822435259819031 23.62814885377884 161.072146743536 9.708219140768051 26.70409611612558 163.3414855673909 6.412524186074734 20.6482550278306 20.11176433414221 11.48647300899029 0.2146454378962517 3.407619073987007 0.97950629144907 1.545769110321999 1.561860837042332 6.216011293232441 3.915310688316822 1.473962247371674 147.2950063049793 4.181968122720718 0.5029906630516052 0.1891346573829651 1143.788330338895 1.556436963379383 0.2254641652107239 2.000354051589966 0.860260859131813 2.382350377738476 64.34644038975239 5.312319234013557 0.7954761385917664 19.73171649873257 21.53372149169445 10.21215668320656 31.36046040058136 26.55743461847305 45.98278271406889 32.11709181964397 0.673483245074749 0.7475011795759201 0 0 0 0 0 0 0 0 0.1127689778804779 0 0.1262558251619339 0.15699303150177 0 0 0 0 0 2.054131984710693 1.097112625837326 0 0.1049017682671547 0 15.31595908105373 0 9.417461559176445 1.983467847108841 0.1372166574001312 0 0.2594259679317474 0 0 0.4168702512979507 0.1583090722560883 0 2.994598180055618 1.078343294560909 0 0 0 0.1623848974704742 0.6907159686088562 0 0.3521692156791687 0.09985718131065369 0 1.10608184337616 0 0 0.8524918109178543 11.6467916816473 0 1.282759293913841 0.07936331629753113 0 0 0 0.1389517188072205 0 0.2923983484506607 75.36836761236191 1.384874895215034 0 0 0.1185622289776802 10.44930198788643 0.5609106123447418 0.7496456354856491 0.6283272430300713 0.1276570111513138 3.434222534298897 0.9162525311112404 1.466963976621628 0 0.1586818546056747 0.267669789493084 0 0 0 0 0 40.22280909121037 5.416089937090874 6.821550585329533 369.6275665983558 64.22803334891796 888.9860143214464 292.8799394518137 1422.07553627342 200.9774071574211 34.48697698116302 171.7318154275417 12.01605872809887 0 9.481033839285374 2.887784093618393 3.919663958251476 0.8729121088981628 0.5174406170845032 5.535468451678753 5.900044173002243 0.4368762820959091
74.19290371239185 1524.418097272515 0 3.994491040706635 1496.423296742141 1.684874437749386 52.12357385456562 1559.746682994068 317.161719635129 3.542694270610809 4201.567658051848 3.92742283642292 152.3822845444083 868.0316155254841 46.67060018330812 122.941475763917 6.037916772067547 7.358319260179996 8.677636221051216 13.77745499461889 70.27233982086182 0 2.613807633519173 3.165174916386604 2.874418042600155 12.18100391328335 0.7704873383045197 1.063277766108513 0.2167001068592072 0 5112.601864494383 392.1728551760316 139.6432824730873 1.896595627069473 2.02507808059454 4.166861146688461 86.41881668567657 24.31350798904896 2.272203430533409 5.449170231819153 51.18245584517717 12.69360537827015 5.955547742545605 6.471887238323689 4.262691020965576 4.284670896828175 66.36739501357079 17.69512152671814 3.593305744230747 16.1447105333209 26.73452425003052 1.033805578947067 0.927946925163269 0.7156900241971016 7.098806127905846 14.31553391367197 16.07138213515282 1345.793212421238 10.92503336817026 19.16048243641853 8.795617550611496 36.22558452188969 3.35855171084404 1115.123035646975 14.77585532516241 7.140492647886276 3.888365224003792 17.32267592847347 27.13381684571505 134.7883123978972 49.12973923236132 3.923237547278404 0 206.7303799390793 360.0127703770995 143.3580777943134 130.909475684166 46.1546687707305 824.9860694780946 971.7892140969634 100.606969371438 327.2073254883289 45.318658195436 2.698805689811707 7.321318686008453 6.35733437538147 22.52769481390715 0 1.231857992708683 0.2274514958262444 1.423177368938923 1.264295697212219 36.29694127291441 5.935332715511322 3.244020782411098 22.51201263070107 0.08655807375907898 0.4908621907234192 0.6249862909317017 159.5545465499163 0.1773389279842377 0 0.2475366964936256 0 1.161547347903252 0.5880622267723083 0 0.5021332800388336 0.1872420012950897 1.117841050028801 1.23876117169857 2.96432226896286 1.754453167319298 7.810330986976624 4.060503914952278 0.8100756630301476 0.1964676082134247 0 0.2925935313105583 0 0 0 0 0 0 0 0 0 0 0 0.7083459943532944 0 0 0 0.553223192691803 0.7481341063976288 0 0.5191882103681564 0 4.493241362273693 0.2093245834112167 3.841232739388943 1.406713269650936 0.2889833450317383 0.1760195195674896 0.2125276625156403 0 0 1.018310189247131 0 0 0.5478782653808594 0.6262939423322678 0 0 0 0 0.1000962629914284 0 0 0 0 0.7972334027290344 0 0 0.2319295778870583 0.679746225476265 0 0 0 0 0 0 0.4935419261455536 0 1.043972656130791 20.71265940368176 0.4523371160030365 0 0 0.1544619202613831 1.840894415974617 0.6252746134996414 0 1.238921448588371 1.022931709885597 0.2037950456142426 0.3346306085586548 0 0 0 0 0 0.1125064641237259 0.1834521889686584 0 0 3.863248497247696 3.300820574164391 5.769768252968788 127.8002084866166 26.44557551294565 231.6255824640393 97.26694221049547 115.5655803903937 45.7068370655179 13.13278935849667 65.62445791810751 3.597672268748283 0.3261178135871887 4.607664205133915 0.9927933514118195 0.8356780111789703 0 0 4.836947545409203 5.404910773038864 0.7824171185493469
2244.554799497128 407.0300066545606 3.994491040706635 0 122.7724115550518 680.6902359127998 686.2076107263565 0 107.5729589611292 4203.504618525505 3.603985965251923 420.1202200353146 1353.527867242694 204.6636936813593 1.872003614902496 0.3000860065221786 0 0 0 0 0 0 0 0 0 0 0 0 0 0 90.02940479665995 0.6090360581874847 0 0 0 0 0.8082785606384277 0.1567247211933136 0.2784330546855927 0 0 0 0 0 0 0 14.99036107212305 2.85124596953392 0.2227443754673004 0 0.1392589062452316 0 0 0 3.077265091240406 5.122955590486526 10.00525852292776 172.5987597554922 4.411764889955521 8.070332504808903 0 0 0 8.048392087221146 4.103995122015476 0.6676569208502769 0.2724719867110252 0.2150026708841324 0 0 1.739028558135033 0 0 82.36003687232733 70.90258455276489 25.14031940698624 2.645649418234825 0.1687396764755249 0.09120433032512665 0 0.4455257058143616 0.2577619254589081 14.56827011704445 0.6509551554918289 1.525479279458523 1.089109592139721 0.5729736313223839 0 0.3368440344929695 0 0 0 0 0 0 61.65935690701008 0 0 0 167.8697191625834 0.2015075087547302 0.8319659829139709 0.3899678885936737 0 0 24.50403982400894 0.8038358688354492 1.312515795230865 9.403473705053329 7.023915246129036 1.766953408718109 17.25587470829487 10.46232068538666 12.03655733168125 6.27088075876236 0.4331989586353302 0 0 0 0 0 0 0 0 0 0 0 0 0 0 0 0 0 0 0.1843149363994598 0 0 0 0 2.168286859989166 0 0.7295063585042953 0 0 0 0 0 0 0 0 0 0.3168357312679291 0 0 0 0 0 0 0 0 0 0 0 0 0 0.1425545513629913 0.4762419462203979 0 0 0 0 0 0 0 0 0 12.0211683139205 0 0 0 0 4.163825199007988 0 0 0 0.4924313575029373 0.09420283138751984 0 0.2274447679519653 0 0 0 0 0 0 0 0 11.9588276296854 0.8057791590690613 0.7285169661045074 89.63443664461374 2.93100494146347 93.3133481964469 32.14006123691797 538.661564335227 27.75605598092079 4.878325909376144 18.32085348665714 0.7518685758113861 0.282733678817749 1.099762231111526 0.5347947552800179 0 0 0 0.9304078817367554 0.3170225322246552 0
100.2140315175056 2720.262259669602 1496.423296742141 122.7724115550518 0 15.02501372992992 597.9509810805321 31.40985713899136 8508.631638109684 143.408611997962 834.8111337572336 5.228244289755821 248.4627518206835 1706.50737825036 36.34068933874369 28.09416725486517 1.59062372893095 1.504574239253998 0.4556150138378143 2.351260609924793 7.349706679582596 0 0.1716634333133698 0.2430031895637512 0.3295917212963104 1.074012495577335 0 0.9122349917888641 0.2942361235618591 0 381.8234756663442 43.92928697913885 11.73479966819286 0.1532037854194641 0.123563140630722 0.3887409567832947 6.730862446129322 0.6651465147733688 0 0.1235766261816025 4.550335288047791 2.164909116923809 1.083770096302032 1.370567336678505 1.679006509482861 0.8149824291467667 153.3774623647332 18.67923108488321 0.8357326984405518 3.58351357281208 6.810022935271263 0.1865338683128357 0 0.6482895165681839 10.57823561877012 23.33543270081282 8.100373007357121 196.0233631506562 6.402822822332382 32.30742067843676 1.494686454534531 0.6368366926908493 0.1580428034067154 121.086871355772 20.64793110638857 7.418306224048138 2.6489327698946 5.426252298057079 6.577617414295673 23.93540815263987 4.430712163448334 2.572467982769012 0.2188582569360733 165.5091027393937 282.9755162894726 213.4141225591302 137.592116907239 9.788127869367599 15.28209362924099 11.75260313600302 10.10613861680031 16.43220837414265 62.93626610934734 2.492390930652618 11.26603108644485 11.37977659702301 11.72665265202522 0.2697299867868423 3.138555400073528 0.3127155974507332 1.405313186347485 1.130017541348934 4.721464902162552 1.508397616446018 1.866023346781731 70.61390668153763 0 0.20502869784832 0.5283827185630798 20.35094811022282 0.1583939045667648 0.247206911444664 0.7806445360183716 0 1.090207934379578 21.67993338406086 0 0.8436620831489563 3.93450865149498 1.905503168702126 3.506215393543243 8.953238248825073 6.489768669009209 18.34121608734131 13.74692350625992 0.258552074432373 0.2521777153015137 0 0 0 0 0 0 0 0 0 0 0 0 0 0.1295697093009949 0 0 0 0.8357673436403275 0 0 0.133288562297821 0 3.376113429665565 0 2.179213166236877 2.094531998038292 0 0 0 0 0 0 0 0 1.658093124628067 0.6289633810520172 0 0 0 0 0.1460613608360291 0.0869782492518425 0 0 0 0 0 0 0 2.099400460720062 0.1229385882616043 0.5064349174499512 0 0 0 0 0.218564547598362 0 0 29.81614276766777 0 0.1556405872106552 0 0.1662934720516205 2.922896906733513 0 0.5403889715671539 0.1020664349198341 0.1137996912002563 1.017361715435982 0 0.1282501369714737 0 0 0 0 0 0 0 0 14.83320581912994 2.16503618657589 1.102329671382904 371.5892713963985 51.5154717117548 702.8220166489482 227.0737626925111 179.6579635292292 79.67720497399569 29.61550751328468 185.4171904176474 2.723254412412643 1.355862475931644 1.446086876094341 0.9739003777503967 1.610824048519135 0.1268717050552368 0.7429090440273285 7.64268733561039 4.363273106515408 0
302.9908183962107 471.8876876235008 1.684874437749386 680.6902359127998 15.02501372992992 0 285.2601727843285 0.4615032970905304 12.07815212011337 982.2439951002598 8.366268083453178 124.6019795238972 188.0243937373161 36.75525677204132 0.1454523354768753 0.1707386076450348 0 0 0 0 0 3.219628438353539 0 0 0 0.1271248012781143 0 0 0 0 16.63970494270325 0.1590121984481812 6.686494842171669 0 0 0 6.972020879387856 0 3.50943398475647 0 0.1475496143102646 0.2073303461074829 0 0 0 0 0.3295657336711884 0.2494504153728485 0 0 0 12.25585781037807 7.740652665495872 0 0.2480838745832443 1.26141682267189 121.5505324602127 173.9749777913094 2.396183088421822 0.1367491781711578 0 1.938777565956116 0 0.1786597222089767 0.194098487496376 0 0.1828567534685135 0 0 0 212.3934614211321 502.5916930735111 27.4619173258543 8.106079556047916 3.848447561264038 0.4216548949480057 0 0 0 5.695354610681534 0 0 0.6611299961805344 2.966489508748055 0.2255711704492569 3.14740177989006 0 21.26764519512653 4.804435953497887 12.37831418216228 0 0.3536469638347626 0 0 0 745.7855551242828 259.6241216659546 31.23000700771809 4.128330752253532 382.3021892309189 0 0 0.2260204404592514 0 0 22.2647167891264 1.739344716072083 0 4.742531448602676 2.889088109135628 0.1800581365823746 4.970935523509979 1.296882927417755 6.047586679458618 3.418756619095802 0 0.2438412755727768 0 1.176939487457275 0 0 0 0 0 0 0 0 0.4329272508621216 0.481996089220047 0.3869173973798752 0 2.057906225323677 0.3336948156356812 0 0.1620034128427505 0 0.2861102223396301 0.5158161371946335 0.6982502043247223 3.583242565393448 0.1837493181228638 6.478601679205894 10.45326741039753 0.558756485581398 0 0 0.3534221053123474 0 0 0.4630284905433655 0 0 0.4815311878919601 0 0.2762943506240845 0 5.165980905294418 0 0 0 0 0 0 0 0.784625768661499 0.9465745836496353 0.5840891599655151 0.1488001644611359 0 0 0 0.1656090021133423 0 0 0.3496691286563873 0.3239078223705292 6.738154955208302 24.52766343951225 0 0 0.1439722180366516 0.1591539978981018 0.9172802567481995 0 1.061590790748596 0 0.1719910651445389 0 1.846906706690788 0 0 0 0 0 0 0 0 2.240540981292725 1.363076463341713 7.390113964676857 8.258611232042313 0.2147535532712936 2.098272003233433 1.24850045889616 106.5148034393787 2.962250038981438 2.851744547486305 0.1345715075731277 6.927025124430656 0.5076798945665359 0.7341625839471817 0.1770001202821732 3.310602068901062 0 0 1.769329026341438 0 0
889.2572833672166 1623.600964702666 52.12357385456562 686.2076107263565 597.9509810805321 285.2601727843285 0 8.183139778673649 2034.667083181441 1688.103455543518 126.0479242056608 5.279092669487 3997.41272457689 5349.861489057541 45.1295857205987 37.01856292784214 0.7031373307108879 1.434144735336304 0.3513255715370178 1.375203728675842 6.906896948814392 0 0 0.3449649959802628 0.5679953098297119 1.362570844590664 0 0.6230520382523537 1.108906999230385 0 259.4865506291389 24.29204324632883 1.449451565742493 0.3112699612975121 0.1310183852910995 0 2.503918409347534 0 0.5008469372987747 0.1274393796920776 6.637219525873661 3.446759313344955 1.535139970481396 0.7723362147808075 0.5258416533470154 0.4719278141856194 221.6157531067729 30.64898294210434 0.6661809980869293 3.866287298500538 11.22209104895592 0.6392863839864731 0.1357133835554123 0.1311475038528442 19.56389991939068 38.58158779889345 20.78144405037165 390.2903854772449 18.33704645186663 69.92302079498768 0.8636073246598244 0.650927409529686 0.6980278939008713 139.6859410107136 34.68433999270201 8.268620982766151 6.08992774784565 7.224436402320862 5.373250424861908 22.94586279243231 9.430360279977322 2.931901603937149 0 363.3713203519583 447.0983133390546 344.1245422065258 169.476170539856 11.60923051089048 13.18560121953487 2.204361990094185 9.367390796542168 10.93294041603804 112.4403643459082 6.320764660835266 18.76800391077995 17.4597038179636 13.39582306146622 0.5354898422956467 3.396740153431892 0.2677405774593353 3.103210859000683 1.573831051588058 5.963655941188335 2.405232898890972 2.108569674193859 502.979878924787 1.341781556606293 0 0.4703320860862732 108.654058881104 1.787981748580933 1.447396777570248 4.632455460727215 5.242073848843575 4.823011055588722 48.89451770484447 7.489022254943848 4.848859906196594 28.15400245785713 28.90856994688511 13.92590979486704 69.52114559710026 40.48769741505384 83.94681406766176 48.14690633118153 1.931919485330582 0.3941876888275146 0 0.4812380373477936 0 0.1105541214346886 0 0 0 0 0.3053571581840515 0 0 0 0 0.115120567381382 0 0 0 4.996856547892094 2.173289641737938 0.1212537512183189 0 0 18.98568277806044 1.929772913455963 7.534460484981537 0.7474922835826874 0 0 0 0.1499701291322708 0 0 0 0 1.335744768381119 4.32870128005743 0.1106386855244637 0.2410773783922195 0 0 0 0 0.4337340593338013 0 0.5423435568809509 0.6176366358995438 0 0.3861239552497864 0.1387339681386948 7.853596307337284 0.1759660840034485 0 0.1449269950389862 0.1624403446912766 0 0 0 0 0 115.5496888533235 0.5869279503822327 0 0 0 10.93081767857075 0.5621986240148544 0 1.743235856294632 1.300803430378437 1.754433333873749 0.72909215092659 1.728020444512367 0 0 0 0 0.09490615129470825 0 0 0 57.10609809309244 9.756431892514229 5.523582272231579 623.7882003337145 86.38750883936882 1129.704844884574 377.9435355812311 967.1024886965752 177.2183585166931 47.87557406723499 309.8007435277104 9.236517831683159 0.1112099811434746 9.732646197080612 3.433509565889835 4.201737210154533 3.07886666059494 0 11.66791951656342 8.150589659810066 1.491443917155266
11.8164137005806 146.2489090710878 1559.746682994068 0 31.40985713899136 0.4615032970905304 8.183139778673649 0 60.35985737293959 0.5776362717151642 966.6500548645854 0.3875997066497803 45.55932955443859 226.0298379734159 22.4422335550189 50.80416506528854 12.46553564816713 30.43307635933161 7.362913496792316 36.93468922376633 96.23933493345976 0 1.935788676142693 2.322450816631317 1.427812337875366 6.650343149900436 0.3597716465592384 0.5599367618560791 0.144643247127533 0 1116.795103229582 1402.155017793179 44.72134079039097 3.809952214360237 0.9306589812040329 3.446030482649803 25.88965819776058 13.28697826713324 3.732797116041183 1.55266809463501 44.72677553445101 14.97520742565393 16.71067524701357 23.29291117936373 19.72432248294353 21.22685728222132 51.37353948503733 18.41672551631927 8.988960884511471 49.95806711167097 41.23270066082478 1.244503796100616 0 1.831195272505283 4.244072519242764 5.75246075540781 6.896163448691368 415.6999174579978 2.796064861118793 13.74828197062016 72.25925931334496 25.45587782561779 2.66851606965065 480.3082991242409 9.72858239710331 11.32237457484007 4.413801081478596 42.29377696663141 51.0591546446085 236.0835251808167 22.95856320858002 3.632731035351753 0.2089491337537766 80.74097787588835 217.6165701597929 106.2280020043254 124.363938704133 406.9423942565918 2439.212016113102 985.6174249947071 468.4722362086177 650.2254003882408 22.48165635764599 0.7677014544606209 6.959184974431992 3.957382209599018 59.79499915242195 0.1152915433049202 1.118264943361282 0 2.933342270553112 1.131675615906715 43.30516815185547 7.429305486381054 8.288452379405499 24.3779384791851 0 0 0 10.11678550392389 0.1034601181745529 0 0.5624822825193405 0 0.5230987668037415 0.1704624593257904 0.1413332372903824 0 1.929969906806946 1.369578942656517 1.002487033605576 2.697649478912354 0.2306952178478241 3.322186693549156 6.523046553134918 0.5283858776092529 0 0 0 0 0 0 0 0 0 0.1520277261734009 0 0 0 0 0 0 0 0 0 0.5923768281936646 0 0.4235065877437592 0 3.721996322274208 0 2.83631531894207 2.04292893409729 0.3622305691242218 0 0 0 0 0 0.1789965182542801 0 0.1960212588310242 0.1778550148010254 0 0 0 0 0.5049681067466736 0 0 0 0 0 0 0 0.3050604164600372 0.8038801550865173 0 0.3969282358884811 0 0 0 0 0.2769561260938644 0.4682777971029282 0.6647705584764481 9.80519787967205 0 0 0.1880378127098083 0.1814462840557098 1.72425688803196 0 0.6055709719657898 0 0 0.163843110203743 0.1369100511074066 0.1998101621866226 0 0 0 0 0.1634561121463776 0.3756383806467056 0.1387790441513062 0 4.543460533022881 0.7067157626152039 1.97291262447834 111.6066673621535 14.13999687880278 165.3998899832368 52.36464069783688 31.89029417186975 19.65195542573929 5.875597208738327 38.80779661983252 3.461825355887413 0.7355955839157104 2.360483080148697 0.7259597629308701 0.4397751092910767 1.578190326690674 0 2.437347285449505 2.553328521549702 0
91.14100613445044 6841.081024631858 317.161719635129 107.5729589611292 8508.631638109684 12.07815212011337 2034.667083181441 60.35985737293959 0 164.7421577349305 1388.701641812921 4.94922000169754 555.809218890965 3331.622541025281 41.35889986157417 60.06882797926664 1.977546289563179 3.051055438816547 2.343514882028103 4.972658202052116 10.52813588827848 0 0.31551593542099 0.7868799567222595 0.2630403190851212 2.179446689784527 0.1482779085636139 0.951168529689312 0.2894065678119659 0 165.4700043350458 48.18106009811163 10.73065359890461 0.2501276880502701 0 0 6.743744060397148 0.2616312801837921 0.5411597341299057 0.4546368569135666 8.735363073647022 3.256243631243706 1.836499266326427 1.727472767233849 1.928931854665279 2.046581864356995 157.5020629167557 14.41031946986914 1.359204813838005 6.605655908584595 15.00895731151104 0.6762466430664062 0 0.7956407368183136 6.298958748579025 17.23575963079929 5.818361595273018 117.5440685078502 4.212525591254234 27.62058577686548 1.363811984658241 0.7365056872367859 0.3893404006958008 121.8277471587062 15.16300454735756 7.462582163512707 3.971484057605267 9.227662488818169 11.52189824730158 45.66366205364466 13.75044618546963 4.487343668937683 0 113.6669939383864 270.2933359146118 219.7555688098073 206.1486029028893 22.59015773236752 29.96294519305229 5.775471359491348 25.21875081211329 32.29555909335613 46.80770084261894 2.418547749519348 9.265104435384274 11.1538509875536 11.22472305595875 0.1238719522953033 3.008410200476646 0.1168496534228325 2.557643942534924 1.328605763614178 9.381146922707558 2.75277116894722 3.150283075869083 140.5781724601984 0.1133934929966927 0 0 10.51545146107674 0.1659880727529526 0.9453850835561752 1.534862712025642 0.6389225125312805 1.261921942234039 8.247525528073311 1.068108931183815 1.755380004644394 6.750758320093155 9.661591947078705 4.459888771176338 19.95593073964119 12.32060553133488 29.2898822426796 18.99992098659277 0.1445068418979645 0 0.2997129857540131 0.1440872997045517 0 0 0.1418541669845581 0 0 0 0 0 0 0 0 0.2359286397695541 0 0 0 2.116043590009212 0.6336221098899841 0 0 0 12.10807093977928 0 2.798618629574776 0.6658036038279533 0 0 0 0 0 0.4543900862336159 0.1260839402675629 0 0 0.4903133660554886 0 0 0 0 0 0.1592001914978027 0 0.1012825071811676 0 0.08978429436683655 0.4761728644371033 0 0 6.594369560480118 0.1212103962898254 0.5685162544250488 0.3973144292831421 0 0 0 0 0 0.1425588577985764 42.683315359056 0.6833997368812561 0.6790242791175842 0 0 8.343809098005295 0.9368860423564911 0.2358493208885193 0.6532473564147949 0.9451036229729652 0.5383651852607727 1.06539061665535 2.305795401334763 0 0 0 0 0.1239289194345474 0.186969131231308 0 0 26.34437394142151 4.846699059009552 1.649661771953106 456.8638996034861 54.41250862181187 665.3588681146502 232.4039594009519 132.2761585861444 62.46326955407858 25.73834326863289 182.5165328532457 4.251255705952644 0 8.548782527446747 2.474499210715294 1.641839638352394 0.2961411774158478 0 6.647505834698677 7.052259795367718 0.5898353606462479
1974.768995001912 438.0018788278103 3.542694270610809 4203.504618525505 143.408611997962 982.2439951002598 1688.103455543518 0.5776362717151642 164.7421577349305 0 19.49934858083725 2131.802576377988 7218.590239435434 369.8983027338982 3.261998489499092 6.400984562933445 0.1275018304586411 0.1171692982316017 0.1768364310264587 0.1369354724884033 0.7373756319284439 0 0 0 0 0 0.09897976368665695 0.2491301298141479 0 0 22.63175892084837 0.7895318567752838 3.561609297990799 0 0 0 61.40553483366966 1.033683657646179 3.072946593165398 0 0.2214112132787704 0 0.1636835187673569 0.2237577140331268 0 0 9.513357222080231 0.8609781488776207 0 0.1203125864267349 0.3936299607157707 0.1849948912858963 0.5460999608039856 0 1.072076953947544 0.616617850959301 14.67690250277519 86.43527626246214 1.601661950349808 1.834150165319443 0 1.146843314170837 1.379165530204773 6.660169206559658 1.19473148137331 0 0.2223695516586304 0.7950097396969795 0.4394635185599327 1.841973200440407 244.0104346424341 4.205314487218857 0 20.46323402971029 24.98489166051149 11.03544184565544 12.13722921907902 1.340510532259941 0.7586857229471207 2.331099152565002 0.7695036977529526 1.478469625115395 4.446173578500748 0.09990435093641281 1.164259858429432 0.7276785299181938 0.5576733723282814 0 0.2100941687822342 0.3629424571990967 0.1272324025630951 0 0.5205841064453125 0 0.2465284690260887 1290.688453942537 39.0137257874012 0 0.4833779036998749 397.1274847686291 1.529616184532642 15.72713104635477 25.74256389588118 24.67069880664349 4.652358703315258 144.8090441972017 35.575998082757 18.91913202404976 84.77741007506847 122.7207542210817 20.97998416423798 176.467283308506 110.8207524865866 205.1139110177755 91.6668184697628 0.9147053807973862 1.093859136104584 0.2591926977038383 0.1448936760425568 0 0 0 0 0 0 0 0.6776910424232483 0 0 0 0.1240475997328758 0 0.2374387234449387 0 8.515217676758766 3.286967545747757 0 0 0.7154474258422852 32.28687321394682 0 7.545786395668983 1.294246926903725 0.3588497936725616 0 0 0 0 0 0.6376288384199142 0 1.320955008268356 2.212910152971745 0 0 0.1845458745956421 0.3886385858058929 0 0.2041605114936829 0.4172227531671524 0.08264970034360886 2.165314137935638 3.944557830691338 0 0 0 14.92152075469494 0.8486245721578598 0.6017250642180443 0.3100230395793915 0 0 0.2695582509040833 0 0.1572241932153702 0 175.6603734046221 0 0 0.1843994408845901 0 16.74490369856358 0.1440546661615372 2.463651195168495 2.898997724056244 4.409841753542423 4.035145133733749 0.4308168441057205 1.387373596429825 0 0 0 0 0 0 0 0 179.2011985778809 5.550686717033386 5.909326478838921 310.5161427333951 2.859205387532711 39.38101327419281 18.7684014365077 748.7927181646228 10.38826884329319 2.348235942423344 16.33987268060446 8.434497363865376 0.142630010843277 9.669603317975998 2.90470976382494 24.70885787904263 2.488025695085526 1.722033023834229 2.869353100657463 0 0
108.8046042025089 2568.985786557198 4201.567658051848 3.603985965251923 834.8111337572336 8.366268083453178 126.0479242056608 966.6500548645854 1388.701641812921 19.49934858083725 0 11.73017781972885 1108.121070817113 4528.893674530089 69.54511310905218 156.6495126709342 4.442292205989361 3.694201022386551 10.82941474020481 6.770661652088165 52.3069200143218 0 1.729885146021843 3.43623873591423 9.633578464388847 11.24193263798952 0.7747034430503845 2.936312288045883 0.8779717981815338 0.1855188608169556 753.2995174452662 137.9910691007972 711.6654505431652 2.247561685740948 1.117524325847626 9.491088196635246 265.308391533792 74.83425013720989 9.222121529281139 13.02500611543655 41.73054904490709 11.65944464504719 3.691502846777439 4.812818050384521 1.146305672824383 0.7886778116226196 77.27507431060076 8.079977303743362 1.14200646430254 5.156015962362289 16.99557000398636 0.4270445704460144 1.444000244140625 0.8252016752958298 4.329066507518291 8.995623931288719 6.089911125600338 190.344530634582 4.365338861942291 15.06465242058039 10.04589483141899 186.6242701560259 5.856789842247963 132.6976569965482 7.548130862414837 3.763357259333134 1.955706737935543 9.769328691065311 14.16253727674484 86.53518415987492 188.5502386689186 17.95487214624882 0.2251953929662704 86.97165808826685 187.6039045006037 140.9778281226754 145.2013524621725 44.10984878987074 268.7037832662463 738.4106440246105 38.25243347883224 197.2601300403476 25.33290418237448 1.36177609115839 5.401136144995689 4.354025706648827 9.912271730601788 0.1147390678524971 1.342822887003422 0.127811998128891 2.236687995493412 2.159323081374168 31.12071416527033 6.939517766237259 2.388213127851486 100.9504403024912 6.071619257330894 0.09496461600065231 2.079712212085724 31.35804048925638 1.244447961449623 0 1.318528577685356 0 0.4568262994289398 6.150441244244576 0.5701036155223846 2.113245718181133 3.640351489186287 4.635664626955986 4.442081391811371 12.58762721717358 9.029966339468956 27.83529512584209 21.51950649917126 1.337793245911598 1.10158970952034 0 0 0 0 0 0 0 0 0.3300193250179291 0 0.1511321216821671 0 0 0 0 0 0 1.501223281025887 0.9052461683750153 0 0.4517169892787933 0 18.11911638081074 0.5787599682807922 8.223831966519356 3.118608757853508 0.1794561445713043 0.1652960032224655 0.1785328984260559 0 0 0.4701787382364273 0 0 0.2399306297302246 1.04297436773777 0 0.1906731575727463 0.120421513915062 0.4725344032049179 0.3236636221408844 0 0 0.1019246503710747 0.3848650753498077 0.2382894530892372 0 0.3096754550933838 0.3395612239837646 3.96378181874752 0 0.4990191012620926 0.3141532838344574 0 0 0 0 0.2923909425735474 0.2886047661304474 56.4279620796442 0.403279721736908 0 0 0 6.445779278874397 0.5642430782318115 0 2.199576064944267 0.8519115746021271 1.545732125639915 0 0.7192768007516861 0.1398001462221146 0 0 0 0 0 0 0.2123187035322189 16.35558846592903 4.60361060500145 7.983570650219917 298.7297979518771 36.33034412562847 330.0977879837155 142.1956953331828 65.67898768931627 34.1016619130969 12.23928055167198 106.8043135255575 13.30479438602924 0 8.339944869279861 1.581769712269306 4.77419488132 2.59909126162529 0.3452492356300354 6.490159526467323 4.460664615035057 0.964703381061554
46.13218156993389 16.00225073099136 3.92742283642292 420.1202200353146 5.228244289755821 124.6019795238972 5.279092669487 0.3875997066497803 4.94922000169754 2131.802576377988 11.73017781972885 0 2370.970007874072 41.96031381189823 3.952692292630672 6.262913584709167 0.1630783379077911 0 0.3993669599294662 0 0.5886729955673218 0 0 0 1.01393648982048 0.1834778785705566 0.14213627576828 0 0.197662279009819 0 2.324334375560284 0.8682719171047211 10.59408794343472 0.1419742107391357 0.2567743957042694 0.9628104567527771 44.08732306212187 0 7.169675230979919 0 0.1243484765291214 0 0 0.2288924008607864 0 0 5.020007476210594 0.1237268447875977 0 0 0.3515309691429138 0 1.423837304115295 0.283322773873806 0.5878010839223862 0.08908577263355255 2.723912507295609 3.823521159589291 0.3493119478225708 0.687801368534565 0 0 0.7110333889722824 2.738293349742889 0.08385609835386276 0 0.3362540006637573 0.1098025664687157 0.4110788032412529 0.2594279944896698 234.1332560628653 5.156319037079811 0 1.689233489334583 4.974547415971756 7.446970291435719 7.881494075059891 0.7186875939369202 0 0.435764491558075 0.1473809033632278 0.2945813536643982 0.7238603457808495 0 0.08254317939281464 0 0.1575166434049606 0 0.0998726561665535 0 0.2356358617544174 0.2117036730051041 0 0.456125795841217 0.1097089871764183 1062.879139766097 0 1.16753363609314 0 31.32346411049366 0.76299187541008 2.091327674686909 4.007829591631889 0.4640867114067078 3.526327431201935 14.24049128592014 1.80430856347084 6.560305871069431 10.93208083510399 21.83972841501236 9.316214866936207 49.47465561330318 27.62668959796429 68.81447087228298 35.6447978913784 1.990041822195053 1.556256733834743 0 0 0 0 0 0 0 0 0 0 0 0.1224409639835358 0 0 0 0 0 3.709215179085732 0.3752682656049728 0 0 0 15.66926605254412 0 8.161683201789856 0.663928747177124 0 0 0 0 0 0.158552497625351 0.4065694138407707 0 1.470155335962772 2.734750404953957 0 0.1313629448413849 0 0.1708581298589706 0 0.1106249094009399 0 0 0.6259393692016602 0.5485419780015945 0.118970163166523 0.1156883090734482 0.1776575148105621 8.876877158880234 0 0.7011415809392929 0.1629428416490555 0 0 0 0 0 0 89.28502834588289 0.358423262834549 0 0.1628721654415131 0 8.934845112264156 1.007101491093636 0 0.9296854138374329 0.6809430718421936 1.239716298878193 0.1369014084339142 0.3935328349471092 0 0 0 0 0 0 0 0 66.00158081948757 6.378209665417671 7.153644531965256 38.86144313216209 1.720057673752308 22.56336235255003 8.865358203649521 19.65783927589655 1.833093114197254 0.7512976303696632 16.61443964391947 5.826474986970425 0.2078358083963394 9.721415914595127 0.5619001165032387 7.209410771727562 0.6863821148872375 0.9683558940887451 2.547468133270741 0.4966820180416107 0
98.14863392710686 1569.725102171302 152.3822845444083 1353.527867242694 248.4627518206835 188.0243937373161 3997.41272457689 45.55932955443859 555.809218890965 7218.590239435434 1108.121070817113 2370.970007874072 0 2864.026932545006 89.35702113807201 187.5969588011503 5.942230060696602 1.117050871253014 8.798604503273964 3.90483009070158 12.46750485152006 0.2060979157686234 0.8919707909226418 1.539533205330372 7.472978666424751 7.550112158060074 1.896578721702099 3.074454940855503 1.507014811038971 0 33.02357946336269 16.69779593497515 354.9225768297911 0.6892467588186264 1.081620074808598 44.41398726403713 230.9982763230801 28.66223092377186 59.37428736686707 11.9479513168335 20.43809264153242 5.091695956885815 0.7166860029101372 3.411589406430721 0.4949553683400154 0.7707476392388344 94.07971956580877 6.142828039824963 1.603664256632328 2.527519561350346 13.21738492697477 1.284163944423199 4.666639074683189 1.511734262108803 3.185101427137852 7.425753317773342 3.630590215325356 40.75782661139965 2.271048285067081 12.16563401371241 1.769632175564766 9.000846065580845 6.967502258718014 45.80435015261173 7.230440460145473 6.116235718131065 2.391699761152267 6.71008525788784 6.569993868470192 36.44936645776033 599.0626137182117 40.4586855918169 0.1309669464826584 63.30745426565409 117.1315493136644 158.8422774598002 182.0333932712674 14.12967424094677 19.27781926840544 18.2666577398777 13.80924224853516 23.07885309308767 15.91622458398342 2.40419090539217 3.791010938584805 7.413292869925499 8.462964728474617 0.3465140238404274 2.711136229336262 0.4908731207251549 2.543226845562458 2.131401389837265 14.30945803970098 4.253137901425362 4.633340694010258 3123.681455917656 7.192579612135887 0.7402700334787369 4.378069929778576 65.54058438539505 3.361935943365097 3.917545348405838 16.94127926975489 2.705968081951141 12.47303967922926 50.72584416717291 13.0909458771348 23.97946064174175 49.29009218513966 103.0947134494781 49.04549749940634 201.0936799198389 137.5504744872451 297.793111346662 233.8649266287684 6.913551025092602 4.898326598107815 0.1241636425256729 1.675698012113571 0 0 0 0.1757138073444366 0 0.2272865176200867 0 0 0 0 0 0.1363517940044403 0.6557272374629974 0 0.5096792578697205 15.45096861571074 11.27798522263765 0.1230051815509796 0.7490304186940193 0.3285286277532578 114.6990494802594 3.096423789858818 48.60556410998106 13.12660871446133 1.098596021533012 0 0 0 0.1704289466142654 1.695446491241455 3.627873785793781 0 5.431705936789513 21.75463918596506 0 0.1407392174005508 0.6090139895677567 1.610629886388779 0.4512630105018616 0.2797662913799286 0.8109610006213188 0 2.351970665156841 3.018631160259247 0.1709451824426651 0.8126427829265594 1.181261882185936 45.57234112918377 0.3160677701234818 5.137074835598469 1.633886843919754 0 0.1109943687915802 0.1509504020214081 0 0 0.4170876145362854 562.4398084953427 4.976787269115448 0 0.1769585311412811 0.4774743318557739 51.66220179200172 6.477674141526222 11.3317902982235 3.496990121901035 6.836991623044014 15.25403419882059 3.645829297602177 7.463465549051762 0.7164845839142799 0 0.1604394763708115 0 0 0.2726504504680634 0.3044396340847015 0.1528381407260895 300.4848734363914 54.20356185734272 45.3505295664072 460.887189373374 75.76139330863953 394.15839766711 199.6969826221466 103.0686289146543 39.17837616801262 26.87616071850061 184.0378108024597 27.277781650424 4.169707641005516 39.8684242144227 12.86412680894136 33.71952942013741 7.894906610250473 0.3333703428506851 25.49625089019537 10.52037997543812 1.117824643850327
