0 3322.778462991118 391.802045866847 1121.88010212779 1723.620355121791 220.9974135011435 1690.443508014083 2.900111123919487 200.723546244204 606.0303574576974 218.1937005370855 44.40308416634798 158.4192740693688 67.3419890627265 0.9737614095211029 0.1413549333810806 0 0 0.1436021775007248 0 0 0.6452659964561462 0 0 0 0 0 0 0 0.1004318594932556 107.7316757291555 2.526909254491329 2.242175221443176 0 0 0 3.768177032470703 0.3135697245597839 6.026933267712593 0 0.09676729142665863 0 0 1.401566050946712 0 0.5047611594200134 17.44848790764809 0 0.2675026655197144 0.16427843272686 0.1230830475687981 2.486608311533928 0 0 2.45374470949173 3.407987087965012 385.9819583147764 677.5709868818521 24.43260395526886 6.488380007445812 0.7765996679663658 1.897159799933434 0.1897241175174713 0.8591110706329346 0.1598656624555588 0.5245503783226013 0 0.242197260260582 0 0.3462499976158142 25.1637324243784 32.84921628236771 4.799158126115799 184.6424271464348 75.78418785333633 29.42514525353909 2.931358262896538 0.1536964327096939 0.3773282170295715 38.95919732749462 0.540296733379364 1.017402276396751 2.703156277537346 0.3255327194929123 0 1.117970988154411 0.5967923998832703 5.491766914725304 1.917340740561485 2.334698468446732 0 0 0.1538915932178497 0 0 112.3743781000376 10.21996521949768 11.77567735314369 4.291331246495247 1261.982779942453 0 2.009041845798492 0 0 0 9.653966695070267 0.221658781170845 0 13.4923090338707 6.12716868519783 0 10.43740995228291 2.633348569273949 9.100939445197582 0.4797376096248627 0.4357746541500092 0.2683415114879608 0 0 0 0 0 0 0 0 0 0 0 0 0 0 0 0 0 0 0 0 0 0 2.70213383436203 0 0 0 0 0 0 0 0 0 0 0 0.1723351329565048 0.9832505285739899 0 0 0 0 0 0 0 0 0 0 0 0 0 0.2355439811944962 0 0 0 0.1722237467765808 0 0 0 0 0 2.803745165467262 0 0 0 0 0 0 0 0 0 0.3052296936511993 0 0 0 0 0 0 0 0.1760329455137253 0 0 3.235622048377991 0.2247942537069321 1.050668194890022 201.8909684494138 5.633926689624786 42.93462324887514 13.89713933318853 832.5911554545164 5.740632891654968 0.7315180748701096 6.485309720039368 0 0 0 0 1.236331045627594 0 0 0.3417526185512543 49.60997089743614 0
3322.778462991118 0 536.0838780626655 294.3125994056463 6136.238690443337 320.1052527427673 5489.567064106464 10.67516742646694 1010.486001804471 224.963913269341 547.659528337419 2.186711892485619 399.3670042157173 148.2247927859426 17.6642687395215 1.071654334664345 0.9675044566392899 0.2728849202394485 0 0.3278563022613525 0.54777492582798 0 0 0.1168069764971733 0.2176627665758133 0.4665442407131195 0 0.5623572319746017 0 0.13116455078125 3180.759770929813 6.493321821093559 0.2501131892204285 0 0.111965224146843 0.1944541782140732 1.588300220668316 1.831856280565262 2.575309216976166 0.2072173282504082 0 0.6940557062625885 0.2301362007856369 1.150636732578278 0.2566677033901215 2.132899843156338 127.2677704393864 1.414252027869225 0.9935846850275993 1.315602764487267 4.443926692008972 0.3130022138357162 0 0.3010943755507469 10.62898728251457 20.5009296759963 269.5594454109669 1458.419059626758 33.34795946627855 63.6052123606205 1.166856750845909 0.2091630771756172 0 10.86911965161562 3.968340076506138 2.081904627382755 2.561689212918282 2.845576919615269 0.115163266658783 0.9677377268671989 2.418879121541977 2.451816216111183 0 519.3905277475715 243.9675198718905 218.3746519759297 16.67815543711185 0.504841074347496 0.8330134004354477 58.01513778418303 1.029687076807022 2.672438867390156 19.96013532578945 2.042052045464516 1.346974559128284 10.98786076903343 0.4737424999475479 0.6099140644073486 1.698673389852047 1.35902826488018 1.022281050682068 0.203181117773056 0.5591128990054131 0.2176287323236465 0.5022388398647308 20.56863582134247 0.682349294424057 0 0 1337.93773137778 0 0 0 0 0 34.14619348943233 1.08469557762146 0.3229400515556335 30.85140140354633 2.743291899561882 1.231113702058792 6.439079776406288 7.375887900590897 11.52686834335327 2.363947257399559 0.1470252871513367 0 0 0 0 0 0 0 0.6030018627643585 0 0.2385092526674271 0 0 0 0 0 0 0 0 0.1563108563423157 0 0 0 0 2.568246856331825 0.1458988338708878 2.454814553260803 0.4233097061514854 0 0 0 0 0 0 0 0 0 1.681442886590958 0 0 0 0 0 0 0 0 0 0 0 0 0 0.7299455851316452 0 0 0.1162281483411789 0.358624555170536 0.5629673898220062 0.2328580468893051 0.11675775796175 0.1121891289949417 0 3.249207466840744 1.036714375019073 0 0 0 0.7435838580131531 0 0.7600934207439423 0.1142278164625168 0.6046404838562012 1.745738565921783 0 0 0.3717679157853127 0 0 0 0.4805653914809227 0.2144864127039909 0.1418765187263489 0 1.701757371425629 0.7234827876091003 1.318138673901558 426.235024958849 35.92522820085287 259.5752690955997 54.95496445894241 635.4101963788271 31.77828159183264 1.445855937898159 45.86038619279861 3.684720441699028 0.658984512090683 3.385270141065121 0.4129582792520523 2.9063740670681 0 0 0.8208163678646088 135.9016318321228 0.3302949070930481
391.802045866847 536.0838780626655 0 2.248719722032547 3648.784707702696 77.93328502774239 178.3321782574058 1925.941533491015 1793.398708477616 44.16123041510582 5891.400605127215 1.878824010491371 279.2619910091162 495.2547884136438 4.499255903065205 6.943686187267303 1.500594429671764 0.9603271484375 0.2107417955994606 1.347693204879761 7.47041305154562 0 0.2021261900663376 0.7807144597172737 1.707422710955143 0.44105114787817 0.3790924325585365 0 0 0.1216688454151154 6505.422948919237 923.7960636988282 1.885002322494984 0.204612523317337 0 5.740650683641434 6.115205802023411 2.150397650897503 1.730655804276466 0.9764872863888741 7.772932358086109 0.2753962576389313 0.6034561991691589 1.268270559608936 0.3650885000824928 3.218781724572182 14.32744242250919 0.1912647038698196 0.1387086510658264 1.514621220529079 0.2744766473770142 0.1357660889625549 0 0 0.4319698363542557 1.344376243650913 83.20437180250883 1695.126966498792 6.291294664144516 11.00626678019762 24.52717708051205 7.590519420802593 0.7733266949653625 143.5494763180614 0.2883700281381607 0.11227747797966 0 0.3440990447998047 3.276318073272705 7.850957058370113 5.416217088699341 0.2871722131967545 0 103.0665210187435 89.92138636112213 36.27638650685549 9.33633729070425 9.128916084766388 25.37048954516649 1280.746192358434 15.70941557735205 168.835086107254 2.209873892366886 0.2468879222869873 0 1.349267914891243 0.6011080220341682 0 0.273667499423027 0.3940465450286865 0 0 2.005195215344429 0.1020069047808647 0.5567151382565498 10.05173501372337 0.5185578614473343 0 1.399105489253998 423.9391094893217 0 0 0 0 0 0.5885482430458069 0 0 0.4003344774246216 1.457035765051842 0 4.408491209149361 1.501931369304657 7.889305204153061 2.485968589782715 0.1042215302586555 0 0 0 0 0 0 0 0.105600968003273 0 0 0 0 0 0 0 0 0.2897765636444092 0 0.1848518997430801 0.5599406361579895 0 0 0 2.070204943418503 0 1.630324825644493 1.825801193714142 0.2611686140298843 0 0 0.1349390149116516 0 0 0 0 0 0 0 0 0 0 0 0 0 0 0 0 0 0 0 1.243931591510773 0 0 0 0 0.1215880215167999 0 0 0 0 3.611859276890755 0 0 0 0.1401888579130173 1.184663556516171 0 0.4900183975696564 0 0 0.2309766262769699 0 0 0 0 0.2875458598136902 0 0 0 0 0 2.608370214700699 0.4138975739479065 1.142781093716621 62.02235423773527 7.58324172347784 31.0054195150733 10.39076465368271 208.930881626904 4.971105217933655 0.6594683974981308 8.317082166671753 3.961487546563148 0 1.310332663357258 0.1646179854869843 3.006040632724762 0 0 0.2589060664176941 22.88201247900724 0
1121.88010212779 294.3125994056463 2.248719722032547 0 69.52075903862715 399.377063497901 2277.100348971784 0.7342844307422638 354.3053630292416 1640.23338201642 8.587199106812477 14.76573637127876 386.4824107438326 14.98568110913038 4.198969841003418 0.8748989254236221 0.173075407743454 0.7029926776885986 0 0 0 0 0 0 0 0 0.1187481358647346 0 0 0 22.79473714530468 0.4746562838554382 0 0 0 0 0 0 0 0.343946635723114 0 0.2835263758897781 0.1733220666646957 0 0 0.3983943164348602 34.27105686068535 0.1427019834518433 0.3730795085430145 0.1893872618675232 0.4885687232017517 0.4046517014503479 0 0.5988267064094543 2.346120029687881 2.785960786044598 38.53968938440084 168.7193966060877 5.873199135065079 14.60613799840212 0.1353600919246674 0 0 0.8592060580849648 0.9829595685005188 0.3675201237201691 0.7348359227180481 0.6789969503879547 0 0.1042994633316994 0.2992216348648071 0.2276463359594345 0.282564103603363 95.43173145502806 41.8430500254035 42.99702505767345 4.743772633373737 0.1507688015699387 0.1251595020294189 1.845209628343582 0.1616258174180984 0 4.199401438236237 0.2742410525679588 0 2.33670000731945 0 0.145369365811348 0.5781486853957176 0.2338629961013794 0.1101351603865623 0 0.237503856420517 0 0 111.0048391819 0 0 0 270.3178123682737 0.4489322155714035 0 0 0.2507911622524261 0 9.211647063493729 3.726472944021225 0 2.856932133436203 6.679204508662224 0.3210556209087372 17.78933328390121 9.719651699066162 25.64803975820541 4.874087631702423 0 0.5730015635490417 0 0 0 0 0 0 0 0 0 0 0 0 0 0 0 0 0 0.1970590204000473 0.711671769618988 0 0 0 1.088089555501938 0.4093606472015381 0.3236158490180969 0.7396902740001678 0 0 0 0 0 0.2591592073440552 0 0 0 0.6916552782058716 0 0 0 0 0 0 0 0 0 0.2649605870246887 0 0 0 2.347846686840057 0 0 0.1792501956224442 0.08370508998632431 0 0.1257101446390152 0 0 0 6.704322576522827 0.6925917863845825 0 0.1483649015426636 0 0.2024752199649811 0 0.2980964779853821 0 0.6858690977096558 0 0 0.3116361200809479 0.1532637774944305 0 0 0 0 0 0 0 3.964944526553154 0 0 148.315412171185 6.501831859350204 71.1649891808629 12.1927692964673 289.1416976898909 10.08777549862862 0.1525213271379471 14.93453139811754 3.801109239459038 0 2.638750366866589 0.1372680068016052 5.734610974788666 0 0 0.6507565379142761 5.852384865283966 0.2697995901107788
1723.620355121791 6136.238690443337 3648.784707702696 69.52075903862715 0 139.4594382494688 4526.786541230977 15.27987200021744 4032.56125049293 319.9748283028603 709.7961732596159 2.571745947003365 140.0375445336103 148.9847739264369 25.05056627094746 2.209905326366425 0.6053142622113228 0.403631329536438 0.2857535481452942 0.1219862326979637 0.3954881206154823 0 0 0 0 0.1991448104381561 0.306865282356739 0.6801755353808403 0 0.1310457587242126 591.4265535548329 14.54949537664652 0.2496054992079735 0 0 0.382563941180706 0.6810157373547554 0.9881170839071274 0.1555305123329163 0.3663874268531799 0.2058577984571457 0.8020981028676033 0 0.7958603352308273 0.1228693351149559 1.720777757465839 132.0674592480063 0.965728759765625 1.459677644073963 0.6998157873749733 3.534389980137348 0.5256689935922623 0 0.3884004727005959 5.21063593775034 10.0334469974041 89.45190335810184 525.7118484079838 13.75892848521471 57.19047888368368 1.648447513580322 0.4732475578784943 0 21.43287365138531 3.016971215605736 3.202659428119659 2.318283095955849 3.597400061786175 0.5269665569067001 0.1180361732840538 1.781825020909309 0.2488724738359451 0 273.8718905448914 171.7714202851057 202.656971052289 25.39897918701172 1.517657592892647 0.2356204986572266 10.09076780825853 1.170813404023647 1.54255485534668 17.23643781244755 1.612799860537052 0.8982635363936424 8.036104694008827 0.5518329367041588 0.2541163861751556 2.654390417039394 1.604818172752857 0.7253571376204491 0 0.4592219963669777 0.1405797749757767 0.710861898958683 17.11577360332012 0.7858560532331467 0 1.87615755200386 177.2963132187724 0 0.2080040127038956 0.5022386312484741 0 0 6.12402406334877 0.4765383899211884 0 0.8121160864830017 2.849485144019127 0 15.19394032657146 5.781511455774307 19.09296119213104 3.253064006567001 0.1804367005825043 0.4813602864742279 0 0 0 0 0 0 0 0 0 0 0 0 0 0 0 0.2363876774907112 0 0 0 0 0.4488932639360428 0 4.133429303765297 0 0.3902947604656219 1.149558141827583 0 0 0 0 0 0 0 0 0 0.545685887336731 0 0.1068770289421082 0.1541204452514648 0 0 0 0 0.2113299071788788 0 0 0 0 0.5529836118221283 2.786779120564461 1.177869200706482 0 0.2445974349975586 0.2520344033837318 0.2471922263503075 0 0.2346189320087433 0.149930939078331 0 9.448518171906471 1.365528881549835 0 0 0.1014088615775108 2.883889377117157 0 0.5476629734039307 0.7330262362957001 0.6718456745147705 0.3295000195503235 0.356717586517334 0 0.342002347111702 0.2275073528289795 0 0 0.6564989313483238 0 0 0 1.116643130779266 1.299298971891403 1.686260372400284 302.0425769910216 35.27179782092571 227.7560020387173 46.804059676826 232.0349389761686 26.79532089829445 1.016878023743629 38.79112631082535 2.679955288767815 0.4898316711187363 1.515134483575821 0.8255158215761185 8.797459959983826 0 0 1.224211484193802 138.7289910539985 0.1184758767485619
220.9974135011435 320.1052527427673 77.93328502774239 399.377063497901 139.4594382494688 0 387.1704664826393 0 43.96226048469543 1594.720984384418 36.97863583266735 354.3867700994015 289.6454484537244 30.22636516392231 0.5287830829620361 1.019515998661518 0.4329846650362015 1.096699327230453 0 0.4261354506015778 0.3746562004089355 2.165936291217804 0 0 0.355474591255188 0 0 0 0 0 1.96921418607235 0.75668865442276 11.37584127485752 0 0 0.947167694568634 35.63832421600819 1.630510076880455 24.49392132461071 1.899998277425766 0 0 0 0.4425622820854187 0 1.699457183480263 0.8913717418909073 0.1935036182403564 0.4112260937690735 0.7766235768795013 0.2609517276287079 26.55379603803158 0.7271095514297485 0 1.10910364985466 4.753145255148411 551.3899708464742 168.5536950677633 7.626504629850388 1.266692876815796 1.724987894296646 9.044638305902481 0.7500927001237869 0.1306745260953903 0 0.788788691163063 0 0.2144744098186493 0.1957713663578033 0.6737724095582962 203.2317588627338 302.5463418066502 53.02221463620663 7.54363277554512 2.692735344171524 3.640151917934418 0.5445957630872726 1.852870777249336 0 38.18641598522663 0.4020135104656219 5.122627556324005 0.2202706634998322 11.18697878718376 0 0.2681203782558441 0.5360227674245834 45.73287251591682 12.48964959383011 28.20022681355476 0.2977824807167053 0.9002664983272552 0.2216944992542267 0 0.791556641459465 135.5928515344858 92.20245894789696 194.0037089288235 25.15188556909561 424.8716032505035 0 0 0.7501586079597473 0.8133562803268433 0 1.342848554253578 0.5347678661346436 0.539680540561676 4.193106323480606 5.974646210670471 0 3.726210981607437 3.225182011723518 13.81204880774021 0 0.3841735124588013 0.682383120059967 0 0 0 0 0 0 0 0 0 0 0 0 0 0 1.543514505028725 0 0.4696039110422134 0 0 0.2338239997625351 0.5785305500030518 0 1.809586256742477 0 0.290811151266098 6.619796067476273 0.3115669339895248 0 0 0 0 0 1.161107063293457 0 0 0.1937817335128784 0 0 0 1.685527354478836 0 0 0 0 0 0 0 0 0 0 0 0 0 0 0.2812699675559998 0 0 0 0 3.882763370871544 1.509082287549973 0 0.1668882668018341 0 1.224681749939919 0.3285962045192719 0 0 0 0.1433620452880859 0 0.7670672237873077 0.1544219851493835 0.2678833901882172 0 0 0.3951371908187866 0 0 0 1.434675320982933 1.960694253444672 2.158193737268448 18.25979545712471 2.178212746977806 7.321623913943768 2.816714778542519 523.784273058176 8.544740498065948 2.231204763054848 2.733493685722351 6.228375777602196 0 0.3027480840682983 0 7.158207148313522 0 0 0.5082971453666687 9.877003461122513 0
1690.443508014083 5489.567064106464 178.3321782574058 2277.100348971784 4526.786541230977 387.1704664826393 0 17.61083979159594 2030.544113531709 1341.855115830898 130.6442578807473 17.26875118911266 2194.914142988622 319.9624886140227 76.55927836894989 7.809919469058514 0.6344338953495026 1.526266597211361 0.1286571323871613 0.769450344145298 0.7462633326649666 0 0 0 0.2584400773048401 0.9033047184348106 0 1.540056109428406 0.4681224301457405 0.106319434940815 512.0510189980268 32.84734966605902 1.060398779809475 0.1109998002648354 0.1054118126630783 0.4893264099955559 3.360650673508644 1.529856286942959 6.754452019929886 2.237479068338871 0.7474582865834236 1.033739142119884 0.4883926659822464 3.100254632532597 0.7295880168676376 3.745340652763844 415.787265509367 3.100406982004642 2.353612452745438 1.933990739285946 8.556851223111153 2.653359308838844 0 2.020519010722637 12.71698649227619 29.67633207887411 162.2399344444275 872.2793638855219 35.30601035803556 148.980065651238 3.37360030412674 1.579135775566101 0.1348755657672882 53.11088025569916 6.577052503824234 8.32467657327652 4.780471757054329 6.297572568058968 1.649797089397907 2.332107841968536 3.84714961796999 1.723778516054153 0.1064405888319016 648.3746854066849 352.6056512445211 546.4736981466413 79.65063074976206 5.983238406479359 1.321642994880676 22.28152613341808 3.509691320359707 4.782632067799568 43.15586391091347 5.906587868928909 3.425443440675735 21.6918568611145 0.551517516374588 1.041223146021366 7.892383195459843 1.960776098072529 2.824209347367287 0.1423483490943909 0.4986778125166893 1.25516764819622 3.403373397886753 180.6630878895521 0.7301719859242439 0.3090683817863464 2.736495837569237 398.6095778048038 0 0 0.9289234578609467 1.108948230743408 0 10.75753779709339 9.663742199540138 3.994927138090134 10.6855296343565 25.11171969771385 0.6729100048542023 61.47505937516689 49.22909253835678 214.2159317433834 10.1174638569355 1.069595351815224 0.9088163673877716 0 0 0 0 0.1074376329779625 0 0 0 0.1265407651662827 0 0 0 0 0.28970006108284 0 0.4585284292697906 0 1.447785392403603 0.5797994434833527 0 1.229269057512283 0 11.74691945314407 0.396303728222847 5.563816845417023 5.009525902569294 0 0 0.2039544582366943 0.1580213755369186 0 0 0 0 0.3181175887584686 3.081673964858055 0 0.1714304536581039 0.180133193731308 0 0.2094326913356781 0.1699702739715576 0 0.295452356338501 0.1653302609920502 0 0 0 0.1938826590776443 15.48860287666321 0.4843210279941559 0.1266685128211975 0.1914603337645531 0.4666683152318001 0.1785804033279419 0.594481036067009 0.2594407945871353 0.3555263057351112 0.1516557186841965 39.50402471423149 0.5159549117088318 0.2531809210777283 0.1107298880815506 0.7202765345573425 11.70113660395145 0.5792374387383461 2.935305595397949 1.983264937996864 2.533736735582352 3.691134810447693 1.898878008127213 1.635151520371437 0.6475214883685112 0.9947819262742996 0.4465209394693375 0.1128092482686043 0.9286574125289917 0.8148455247282982 0.6895763278007507 0.2806064486503601 19.09133419394493 5.092117190361023 7.053147569298744 1063.94158373028 127.7502007335424 707.3745033219457 134.2109895125031 545.6151081472635 91.41738456487656 6.413181580603123 149.795279763639 22.19721534848213 1.502488821744919 7.780696518719196 1.40859991312027 25.67887301743031 0 0 3.79838178306818 75.9110436886549 0.3170631378889084
2.900111123919487 10.67516742646694 1925.941533491015 0.7342844307422638 15.27987200021744 0 17.61083979159594 0 33.16220518946648 3.049053952097893 4173.841548778117 0.8042810559272766 68.29558910429478 141.2782292217016 33.79397895932198 57.42311777174473 7.022643581032753 5.706438302993774 1.665882982313633 10.27657893300056 58.43046279996634 0 1.845351234078407 4.320457309484482 12.20510528981686 5.356427520513535 3.816129446029663 1.497049190104008 0.8483257740736008 0.6601108014583588 1462.215530745685 5384.291400626302 2.571111783385277 1.769114151597023 0.3436326682567596 25.89550504088402 25.77914351969957 14.66070342063904 12.13171262294054 5.454444892704487 47.13657846301794 4.792459256947041 8.327422983944416 42.42169844359159 1.256418660283089 32.46286361664534 66.25040463358164 0.3860653564333916 1.663762897253036 12.63838694244623 1.401317767798901 1.303165964782238 0 1.141597457230091 0.8803416714072227 2.11548525840044 21.0981200709939 303.6546578481793 1.289004653692245 16.6328911781311 300.2924813777208 48.4752010256052 7.52172689139843 294.3554820492864 0.5407752767205238 1.121436610817909 0.9038896113634109 1.492877393960953 15.1459596529603 82.12677082419395 7.426514007151127 1.175162464380264 0 71.4574893116951 117.4137785807252 110.0054687559605 216.4081196784973 796.6325286105275 731.4773166924715 1021.263585552573 408.8227136060596 2231.389772720635 2.522008329629898 0.3578469157218933 0.5803289189934731 2.079257689416409 6.383662037551403 0.3907284513115883 0.1383644789457321 1.521825522184372 0.7164921388030052 0.5897072851657867 28.58662351965904 2.01696265488863 2.124195650219917 2.487291544675827 2.243090078234673 0.4680884480476379 3.029506355524063 4.579044371843338 0 0 0 0 0 0 0 0 0.9504798650741577 0 0 0 0 1.334856420755386 0 0 0.1543204784393311 0 0 0 0 0 0 0.6048681288957596 0.2090698629617691 0.1578987389802933 0 0 0.182575985789299 0 0.5966571420431137 0.8469678312540054 0.2450357303023338 0.2436983287334442 0 0 0.204847127199173 0.5660596936941147 0.1712522953748703 1.271423310041428 0 0.3190146386623383 2.544283181428909 0.7491632848978043 0.6537450402975082 0.3244928568601608 0.3772838860750198 0 0 0.5611360520124435 0 0 0.5233689844608307 0 0.2534603625535965 0.5693631321191788 0.4023948758840561 0.6394361555576324 0 0 0 0 0 0 0 0 0 0 0 0 0 0 0.1540494412183762 0.1296598613262177 0 0.6785962730646133 1.764763981103897 0.554648220539093 0 0 0.2204758897423744 0.1127856448292732 0 0 0.5068501234054565 0 0 0.2713813781738281 0.1593548506498337 0.1269282251596451 0 0 0 0.1975350677967072 0.1454591453075409 0.5249712616205215 0.1911277770996094 0.3982696831226349 0 1.262854501605034 121.425693012774 20.99141701310873 131.9343143031001 31.29588911682367 11.41016228497028 8.224815174937248 1.02312520891428 25.91925397515297 3.661265075206757 0.1170700117945671 1.756936930119991 0.8072374314069748 0 0 0 0.3920488208532333 3.467621028423309 0.4618145078420639
200.723546244204 1010.486001804471 1793.398708477616 354.3053630292416 4032.56125049293 43.96226048469543 2030.544113531709 33.16220518946648 0 697.4794512093067 3244.117642529309 6.993035227060318 1183.010309249163 1180.128132738173 34.85650248080492 8.70339497178793 0.7920388653874397 0.1028102040290833 0.1714652478694916 0.6915082484483719 0.2248591855168343 0.1058065816760063 0 0.2100661396980286 0 0.128913626074791 0 0.3126938492059708 0 0 357.0739481896162 27.66958148032427 0.2728967666625977 0 0 0 0.4231112897396088 0 0.7862082272768021 0.3469472229480743 0.2192063257098198 1.202829733490944 0.3615041002631187 1.535748481750488 0.1100808456540108 1.433419451117516 131.5748545825481 0.8875317201018333 0.2443081736564636 0.7228834182024002 1.957698278129101 0.5068337842822075 0 0 3.156446449458599 8.080573096871376 41.48142692446709 250.8639602512121 8.015362694859505 32.98688942939043 1.071495935320854 0.09046518802642822 0 29.76065956056118 2.065781623125076 1.945493213832378 0.8868949934840202 1.371260412037373 0.1299266815185547 0.6042738482356071 11.08723956346512 0.3518894910812378 0.2174322903156281 160.1882370039821 93.26807163655758 156.800051227212 52.06055892258883 7.94780720025301 0 27.37223391979933 0.7268721386790276 0.917702853679657 9.916672974824905 1.605925068259239 0.9002422839403152 5.821878060698509 0.09861553460359573 0.5360068678855896 2.013012044131756 0.7865452989935875 1.434211149811745 0 0.07478595525026321 0.1386607438325882 0.9497309997677803 67.49067370593548 1.100577741861343 0.1557840406894684 0.3873521685600281 60.17445928603411 0 0.4307614266872406 0.6996584683656693 0 0 7.68625819683075 2.980174839496613 2.667368680238724 6.378129824995995 13.9587791711092 0.9314343333244324 37.14029280096292 21.97601024806499 65.98693338036537 6.292927771806717 0.6095677018165588 0.5047822892665863 0 0 0 0 0 0 0 0 0 0 0 0 0 0.1645905077457428 0.09819784015417099 0 0 0.52121901512146 0 0 0.344112291932106 0 6.830369390547276 0 1.645780980587006 0 0 0 0 0 0 0.3830407857894897 0 0 0.8037712574005127 1.498588711023331 0 0 0 0 0 0 0 0 0 0.1665728539228439 0 0 0 6.182376340031624 1.065319642424583 0 0.2441835030913353 0.1366639882326126 0.4089791551232338 0.142341136932373 0.1936822980642319 0 0.2766213268041611 17.85900519788265 1.239556521177292 0 0 0.2740507572889328 5.230759054422379 0 2.629747167229652 1.193447798490524 2.197344169020653 1.934622049331665 1.237174868583679 0.4078209102153778 0.3372866734862328 0 0 0 0.4342916905879974 0.267237201333046 0 0 5.655895531177521 0.2715292572975159 1.78350704908371 469.1017663702369 27.12956368178129 259.0347451791167 51.71855138242245 70.58098659664392 36.18161574751139 0.9762913212180138 56.11027869582176 9.19125697016716 1.006008341908455 4.266316518187523 0.1230302304029465 8.600819885730743 1.426989048719406 0.1956779360771179 0.8178875744342804 17.32540594786406 0.6144251525402069
606.0303574576974 224.963913269341 44.16123041510582 1640.23338201642 319.9748283028603 1594.720984384418 1341.855115830898 3.049053952097893 697.4794512093067 0 134.508955322206 683.8316030502319 2323.629353068769 206.9242301881313 13.35708649456501 9.931654557585716 0.4451736211776733 0.2945490181446075 0 0 0.2764658182859421 0.5618153214454651 0 0 0 0 0.2439118325710297 0.5642381682991982 0.3773356676101685 0 25.57588823139668 4.110214062035084 4.80690224468708 0 0 0.7825295329093933 15.47314634919167 1.053134307265282 10.27324111759663 2.426915347576141 0 0.559769794344902 0 2.319883339107037 0 0.2144100517034531 42.95375207066536 0 0 0.6415562033653259 0.6167804598808289 4.425659611821175 0 0 1.082062527537346 2.456753715872765 57.36376444995403 82.43125259131193 3.734360367059708 9.612719684839249 1.382059901952744 3.370769679546356 0.1768620163202286 6.583738461136818 0.3465795516967773 0.2163257673382759 0.4294915497303009 0.79157555103302 0.66860730946064 0.5838337689638138 112.5902464389801 30.34273011982441 4.483470320701599 49.5821979790926 24.74164055287838 37.34969411045313 14.46865748614073 4.224921829998493 0.1378594785928726 11.50634215772152 0.851919412612915 1.616479516029358 2.755104653537273 0.9647703394293785 0.2640895321965218 1.810263678431511 0.1278666704893112 5.162788391113281 2.853742480278015 2.898379750549793 0 0 0.1007859110832214 0.5472226738929749 0.1458334624767303 2556.611972659826 43.42374891042709 15.42116606235504 4.746523380279541 891.993827983737 1.763710364699364 1.450121521949768 3.086404114961624 5.373245716094971 1.789294928312302 53.10517063736916 25.41486662626266 18.21641670167446 52.67684043943882 155.467682570219 12.73979252576828 345.0117447674274 228.3787224143744 618.9835717827082 55.46948806941509 3.419837117195129 3.810462087392807 0 0.8822219967842102 0 0 0 0 0 0 0 0 0 0.2373752593994141 0 0.2191081494092941 0.4167990982532501 0 0 4.642749398946762 1.51138000190258 0 0 0 55.34121812880039 0 16.87339840084314 5.736806705594063 0 0 0 0.4715124368667603 0 1.01040443778038 0 0 4.390690565109253 19.3152778595686 0 0 0 0.2878204882144928 0.3012733161449432 0 0 0.1089231222867966 0 3.134741380810738 0 0 0.439448282122612 42.42192722856998 5.325254082679749 1.131080746650696 1.381891660392284 0 1.309512868523598 0.4675404205918312 0.1183267757296562 0.2026152461767197 0 156.8280814141035 10.91476234793663 0.1358137428760529 0 0.1825975030660629 50.0684998780489 1.049628138542175 10.82271534204483 4.570066571235657 15.84836253523827 12.76680166274309 3.021987348794937 4.449438020586967 0 0 0 0 0 0 0 0 113.0497865974903 15.9840866625309 10.69063252210617 414.0215633288026 20.49811962246895 106.3868226483464 21.56834410130978 761.7049542888999 11.76530511677265 0.977365180850029 31.79569765925407 64.68168566375971 0.6595259308815002 36.47330030053854 1.959242284297943 110.047412827611 1.460042074322701 0.1377820521593094 9.87397289276123 5.984178766608238 0.3551702797412872
218.1937005370855 547.659528337419 5891.400605127215 8.587199106812477 709.7961732596159 36.97863583266735 130.6442578807473 4173.841548778117 3244.117642529309 134.508955322206 0 16.75464148819447 2640.826521843672 2997.838528074324 48.07414785027504 25.25950664281845 1.339972823858261 0.4999420419335365 0 0.2737376093864441 1.862259544432163 0 0 0.4216489791870117 0.5908597186207771 0.1099487170577049 0.3571993187069893 0.2788537070155144 0 0 1764.324042230844 716.0195729359984 5.660319089889526 0.2075875774025917 0.1518377512693405 4.173467755317688 8.698936015367508 2.430977180600166 5.783251516520977 1.752044461667538 2.11823932081461 0.6099222972989082 0.3582525700330734 6.830827556550503 0.1017418056726456 1.620188049972057 118.9711757227778 0.725395493209362 0.8701748251914978 1.024290457367897 2.23457782715559 0.3153578639030457 0 1.054883763194084 3.605610691010952 5.849211104214191 70.94887039810419 681.3775625899434 8.156283967196941 35.4312826320529 3.759948164224625 3.186301738023758 2.04072804749012 80.61165947467089 1.525734230875969 2.50297274440527 0.879947118461132 0.7439778745174408 0.4992933496832848 1.685898937284946 52.60811750590801 1.571677073836327 0 179.9189314544201 159.27268525213 200.6966071426868 77.55782602727413 14.69991035759449 7.548196598887444 949.4142547994852 2.764295995235443 47.30464819818735 8.471816852688789 1.172666735947132 0.8727333769202232 4.443214021623135 0.5330604314804077 0.1360243409872055 1.47397331148386 0.6510510295629501 0.8415325805544853 0 1.793012522161007 0.7183152586221695 0.4806245714426041 115.461771696806 6.713240310549736 0 0 130.6394544541836 0 0.1219052970409393 0 1.764543488621712 0 9.119408264756203 1.665331795811653 2.612428486347198 8.975142762064934 16.75148755311966 1.060459569096565 71.42016349732876 38.81297837197781 99.37448246777058 11.63784210383892 0.6848779916763306 1.171782657504082 0 0 0 0 0 0 0.416972354054451 0 0 0 0 0 0 0 0 0.273699164390564 0 0.3689327090978622 2.216875821352005 0 0 0 20.21389475464821 1.373767077922821 4.604182168841362 1.431628942489624 0 0 0.1563862860202789 0 0.4534854888916016 0 0 0 1.702204436063766 4.930143803358078 0 0.1525065451860428 0.108850821852684 0 0.2882128581404686 0 0.347436249256134 0 1.403537571430206 0.9069719612598419 0 0 0 13.32904559373856 1.855745822191238 0.2945983111858368 0.2719546109437943 0 0.1182714030146599 0.1122537925839424 0 0 0.1197276413440704 27.28042678534985 1.019608706235886 0 0.231320396065712 0.1582093387842178 13.69285348057747 0.4248456656932831 2.692909970879555 4.031907320022583 1.331839010119438 2.147369161248207 2.032792776823044 1.010508224368095 0.7253773808479309 0 0.1039568409323692 0 0.2387057766318321 0.1227679923176765 0 0 7.759328752756119 6.198958039283752 0.9181587100028992 263.4246733859181 35.06769405305386 181.1672342866659 39.87654005736113 87.34993717819452 26.13125292956829 0.841699555516243 46.37551448494196 33.86427995562553 0.1674607843160629 10.34462960064411 0.3921864330768585 23.59988814592361 0.9200620651245117 0.2265950590372086 2.548752948641777 15.73661404103041 0.5148349553346634
44.40308416634798 2.186711892485619 1.878824010491371 14.76573637127876 2.571745947003365 354.3867700994015 17.26875118911266 0.8042810559272766 6.993035227060318 683.8316030502319 16.75464148819447 0 622.9013529568911 31.68014860153198 16.05244892090559 22.14032953977585 2.028677999973297 0.4375699907541275 0 0.4539262056350708 0.2364248782396317 2.816171333193779 0 0.3020318597555161 0.5090190917253494 0 0.1161564216017723 0.2920100837945938 0 0.1654127985239029 2.795900478959084 0.2374283820390701 22.23615357279778 0 0 5.136242166161537 44.18950328230858 4.935184173285961 44.04314873367548 2.614675953984261 0.4957413822412491 0.5183164030313492 0.8555355966091156 5.525777965784073 0.2984902709722519 1.507625170052052 11.34357613325119 0 0.4176327139139175 0.528703898191452 0.3543011173605919 1.285354882478714 4.534928381443024 0.3704347908496857 0.3143088221549988 0.2495255693793297 4.770222440361977 6.773640044033527 0.1774914860725403 2.14156898856163 4.573957480490208 9.74199166893959 1.087000265717506 1.441601604223251 0.2234815359115601 0.1014948189258575 0 0.7847554311156273 0.7606588751077652 1.978940770030022 309.2301032394171 78.6155232489109 1.109384894371033 4.700418509542942 2.064815200865269 7.984416991472244 9.769037246704102 6.593991741538048 0 37.26886419951916 0.3180237412452698 5.842988967895508 0.1066827327013016 1.391241252422333 0.09911852329969406 0.3537308797240257 0 1.567507356405258 0.8716033101081848 1.213403642177582 0.3873847723007202 0 0.3213297873735428 0.7092417627573013 1.460065081715584 2542.512835085392 169.3527384698391 18.891711384058 75.12572048604488 114.46560972929 0 0.5155331641435623 1.541069537401199 3.030440017580986 1.32813672721386 23.55425462126732 3.665954142808914 8.181203812360764 12.94216303527355 28.18141008913517 7.691667750477791 145.4463094323874 117.5528908222914 372.1602710336447 51.16989117860794 5.069005370140076 10.42690300196409 0 0 0 0 0 0 0.2124907076358795 0 0 0 0 0 0 0 0.4663521349430084 0 0 4.653971180319786 5.155872017145157 0 0.7742134183645248 0 103.4149438142776 0.4602566659450531 21.19153402745724 10.06331443786621 0.7314974591135979 0.1478437036275864 0 0.1626425087451935 0 0.4809025824069977 0.1973840147256851 0 6.351580917835236 20.67071479558945 0.2669300138950348 0 0 1.475719943642616 0 0.1140918061137199 0.3477030992507935 0.1756174266338348 2.655610382556915 3.17230562120676 0 0 2.28573314845562 47.49977695941925 2.245658352971077 3.274249903857708 1.303455606102943 0 0 0 0 0.2458645030856133 0 149.6041243970394 30.25280579924583 0 0 0.1443047225475311 66.12250712513924 0.8002484440803528 21.8354659974575 7.828161180019379 12.31733682751656 15.30425372719765 6.044272512197495 6.430848091840744 0.4118901938199997 0 0 0 0.4112085402011871 0.1078087016940117 0 0.4509502053260803 49.17285366356373 30.59291312098503 22.26554735004902 300.3661011978984 31.07450731098652 58.40737241506577 17.2527803555131 117.3438301831484 4.426607236266136 0.4700572341680527 30.92655542492867 87.55751563608646 1.06792201846838 49.25529100745916 1.60586179792881 56.35340221226215 3.128912627696991 0.6532946228981018 12.11499275267124 2.32476495206356 0
158.4192740693688 399.3670042157173 279.2619910091162 386.4824107438326 140.0375445336103 289.6454484537244 2194.914142988622 68.29558910429478 1183.010309249163 2323.629353068769 2640.826521843672 622.9013529568911 0 2878.114398799837 191.7986645251513 201.0176529437304 8.121471710503101 1.986785173416138 1.237571097910404 1.94142459332943 3.824230760335922 0.9921168833971024 0 1.024740248918533 2.579631239175797 1.740244522690773 0.7460803687572479 2.826072156429291 1.427648305892944 0 226.933279119432 29.08518147468567 829.0883167237043 0.3819438219070435 0.4129558950662613 22.64563766121864 317.092287324369 20.17746610194445 75.6982285156846 47.66040945053101 5.981387048959732 5.29155982285738 1.443454071879387 42.61535774171352 0.7175928354263306 7.233715862035751 270.2541445419192 0.8218321800231934 1.33303339779377 3.185290180146694 4.449285596609116 5.641093373298645 1.885719358921051 3.313949175179005 3.062996536493301 8.430040776729584 42.23910391330719 190.9595456570387 13.89864786714315 51.71827118843794 18.42886592447758 30.5463118776679 9.849415302276611 41.00359217077494 1.820928834378719 3.044780999422073 2.416895560920238 4.083245299756527 3.971280544996262 11.10823251307011 334.8564245998859 97.19435782730579 1.555753886699677 166.8131185770035 102.310634329915 265.5065113529563 228.3653837516904 99.08238064497709 0.7817783057689667 1483.210918530822 2.318054206669331 20.55015955865383 9.876596674323082 2.168991476297379 0.8793954253196716 8.468589566648006 2.518870897591114 1.194419831037521 2.905485093593597 2.866795606911182 4.387124039232731 0.8911432772874832 5.467117644846439 3.178570963442326 12.20047356188297 2025.18917760998 72.74656802415848 5.662364073097706 42.84676356613636 133.7247753590345 4.16656618565321 2.549878045916557 5.099188134074211 4.646676570177078 4.642049416899681 82.02336147427559 21.24263435602188 20.37714833021164 53.68714335560799 132.745581805706 26.89001494646072 477.6861884668469 306.7655994147062 805.8241719678044 116.5608510226011 7.794004380702972 12.40962570905685 0.1290853321552277 2.20060558617115 0 0 0.2011405378580093 0.1098543480038643 1.880511566996574 0 0.3116863816976547 0.1335968971252441 0.1812659353017807 0.1357436329126358 0 0.1482886523008347 0.3477966636419296 1.142726540565491 0 12.90926340222359 6.205730751156807 0 1.159680917859077 0 169.1451000198722 1.486555337905884 44.65060904622078 18.58120553940535 2.168280243873596 0.1853928118944168 0.3152780756354332 0.8527777418494225 0.918718546628952 1.994595974683762 0.7399226725101471 0.1254561841487885 15.85031653940678 46.23759793490171 0 1.624023720622063 0.4359203279018402 0.9293757826089859 1.003487475216389 0.2846686989068985 1.074913173913956 0.3730571568012238 2.628154888749123 9.182165637612343 0 0 2.707458227872849 98.21321557462215 10.20017959177494 4.730030961334705 3.134330406785011 0.2486803084611893 0.9743437319993973 1.349932454526424 0.2623529881238937 0.2181534618139267 0.8586329221725464 326.7370244413614 38.27126216888428 0 0.2370921224355698 2.556448914110661 119.4373927563429 4.540458738803864 42.85528387129307 17.21519708633423 30.74221517890692 29.45138347148895 9.401529550552368 13.91667725145817 2.678928732872009 0.129544124007225 0.254814974963665 0 1.719577893614769 0.1867747604846954 0.1779727637767792 0.1342353224754333 109.9933601468801 46.16173495352268 39.91103655099869 1644.685222685337 238.6659171804786 668.297747425735 183.3951035439968 192.8223439455032 87.60014036297798 8.489137843251228 333.2647797167301 176.2011463791132 4.540105909109116 88.28123599290848 7.752104982733727 162.9451599121094 2.623467296361923 0.4824028015136719 24.15313838422298 28.43206056207418 3.536574982106686
