0 3629.974406130612 134.4860044121742 1826.617006868124 190.0586201101542 144.4494976252317 460.7534476071596 60.74046552926302 92.93322557210922 420.4966595768929 220.9582883492112 67.44119468331337 111.3257139846683 56.07830212265253 0.2702054381370544 1.342112675309181 0.1098830178380013 0.1374520361423492 0 0 0 0 0 0 0.1540569365024567 0.1958882808685303 0.1323046237230301 0 0 0.2148991674184799 1232.692052438855 0 9.789010390639305 0 0 0.1351131945848465 2.451317057013512 0.2634370252490044 0.43360935151577 0.7296862825751305 0 0 0 0.111037977039814 0.0963103324174881 0 36.89325158298016 0.547567643225193 0 0 0 0.8391310423612595 0.8006079792976379 0 2.27045064419508 4.339246846735477 184.0874367952347 1347.809611596167 16.6250429674983 24.0960782840848 0.3103253319859505 0.3420397937297821 0.1289299726486206 12.86789418756962 1.778598353266716 1.06898657977581 0.168678916990757 0.2934020981192589 0 0.1419622749090195 25.38497917354107 6.092445343732834 0.4026165008544922 422.7498266622424 91.21647580713034 61.46238800138235 2.585517510771751 0.2852047979831696 0.260294497013092 6.421185024082661 0 0.5851495414972305 13.07350464165211 0.179980456829071 0.1951005086302757 2.266779154539108 0.09783031791448593 0.1907347738742828 0.2856902778148651 0.8108486533164978 0 0 0 0 0 175.0352146029472 5.479136109352112 0.6516448259353638 0.4609269201755524 1206.017496690154 0 0.1542239934206009 1.874214425683022 0.3137817680835724 0 35.93787097930908 0.6558858752250671 3.184087932109833 46.86551120877266 5.328220322728157 0.6105686500668526 10.13193292170763 1.969269871711731 1.00730311870575 0.7498133555054665 0 0.1580829173326492 0 0 0 0 0 0 0 0 0 0 0 0 0 0 0.1000391989946365 0 0 0 0 0 0 0 0.3714332953095436 0 0.2616379708051682 0.6137056201696396 0.1220615953207016 0 0 0 0 0 0 0 0 0 0 0 0 0.1407398730516434 0 0 0 0 0 0.2486289739608765 0 0 0 1.418799810111523 0 0 0 0 0 0 0 0 0 1.878889970481396 0 0 0 0 0 0 0 0.1181878224015236 0.1568359881639481 0.2362054139375687 0 0 0 0 0 0 0 0 0 0 3.139954902231693 0.1777385771274567 0.3397956043481827 42.99261599779129 3.796817436814308 44.05594743788242 9.675471976399422 728.9884985610843 5.646136678755283 7.703159146010876 2.343907542526722 1.238711580634117 0.613609254360199 2.127415031194687 0.5202407687902451 0 0.4077271372079849 0.1500220000743866 0 3.820658311247826 0
3629.974406130612 0 2185.124609582126 921.203944221139 2561.020605385303 592.4221488833427 1857.068297743797 890.2294946834445 2270.154204934835 1519.924572438002 2805.61448803544 114.1348222121596 269.2133226841688 697.513096421957 23.24884387850761 17.34518592059612 0.6583807915449142 0.431144043803215 0.09557876735925674 0.7081421986222267 0.9114655926823616 0.09867434203624725 0.7001270800828934 0.2169187515974045 10.96010970324278 1.001977920532227 0.7063936442136765 1.281658329069614 2.034192010760307 0 4558.541492305696 0.5698191225528717 24.99917456507683 0 0.3965597748756409 6.565655916929245 13.79076778143644 6.8471884354949 6.410366781055927 12.3980443701148 2.02571114897728 0.4383834227919579 0.3078902810811996 1.195274643599987 0.1999023631215096 0.8895417004823685 516.0106280967593 10.88270673155785 0.1593216508626938 0.5934752076864243 1.625540927052498 0.173205241560936 3.446878582239151 0.7273964583873749 17.53202643990517 62.31420899182558 90.99341935664415 1035.862296499312 33.56887254863977 167.5734183043242 2.15521552413702 2.029593102633953 1.645661525428295 189.1428928300738 21.18079059571028 7.436683066189289 2.747548148036003 1.275563575327396 0.2003111317753792 0.8362312614917755 10.49569537490606 4.82248567044735 0 1131.299053870142 485.5849958062172 485.1385620236397 111.770018838346 3.786617107689381 6.833020731806755 98.46762331575155 1.598565317690372 10.16586554795504 193.6359964758158 1.114355877041817 2.887542054057121 27.32500678300858 3.484105534851551 0 0.5814959779381752 0.3460544422268867 0.9181240126490593 0 0.4099151045084 1.067974351346493 0.5304666087031364 399.8562495410442 0.6141579300165176 0.1408497989177704 0.2613984495401382 1657.840690568089 0 0.1755694448947906 3.539239890873432 1.740361735224724 0.296085000038147 116.2611263245344 2.893492624163628 17.61381274461746 44.88093908131123 32.82925292104483 1.680547572672367 58.06490129977465 32.33090506494045 11.54783452302217 11.430434435606 0.7277777567505836 1.152749054133892 0 0 0 0 0 0 0.1580089032649994 0 0.1338163912296295 0 0.1063508465886116 0 0.138966366648674 0.3148504868149757 0 0 0.2770115584135056 0.4807966127991676 0.1370663493871689 0 0.422402635216713 0 2.446227394044399 0.2190691009163857 4.149043783545494 1.464941211044788 1.44200199842453 0 0 0.12195985019207 0 0.1186989843845367 0 0.1171371564269066 0.33452457934618 1.120933622121811 0 0 0.1327762454748154 0.337124764919281 0 0.1782767772674561 0.430871270596981 0.1526028737425804 0.4381103664636612 0.6559412777423859 0 0 0.9824016839265823 6.901074059307575 0.1052275598049164 0.2189311385154724 0.1831120848655701 0.1170830503106117 0 0 0 0 0 26.88264279812574 0.4837222248315811 0 0 0 1.84882827103138 0.5903086215257645 1.674349963665009 0.8594942912459373 0.1408011615276337 0.5488357692956924 0.7306929230690002 0.6039006635546684 0.2388734892010689 0 0.09337396174669266 0 0 0.08569403737783432 0.120574064552784 0 25.49548332393169 3.605406582355499 5.491773292422295 208.1493303924799 35.7416178882122 879.208482503891 69.00629715621471 1253.168349437416 41.2319522947073 20.7427970841527 54.337546646595 7.494739562273026 1.313583187758923 8.799039788544178 2.14317537099123 7.631455406546593 0.9507785215973854 0.7286188006401062 0.2542511895298958 7.407164230942726 0
134.4860044121742 2185.124609582126 0 4.542887546122074 972.5101990550756 6.278544530272484 109.4100791588426 3591.964931562543 1098.334810860455 15.15024888515472 2407.058397710323 45.5358581840992 132.0530214756727 450.2695189118385 33.67206350713968 48.79785920679569 5.494482114911079 10.37250101566315 3.006936937570572 26.16551547497511 65.72305332869291 1.36184461414814 48.48002335429192 29.99497636407614 242.5735544487834 31.40559139102697 44.38983000814915 14.35138626396656 8.127633675932884 0.301949642598629 3103.986801445484 173.6098066270351 81.58430702984333 12.40102735906839 132.1172531545162 225.3069158568978 44.89774690568447 57.93495783209801 31.66953975707293 69.02782534062862 321.0262782499194 33.64464916288853 26.04498343914747 56.34068299084902 8.475398704409599 56.63837425410748 117.2724915519357 2.783518359065056 4.807774789631367 24.20837912708521 2.561209045350552 1.165775835514069 8.203240573406219 7.016591392457485 2.305636689066887 7.758843094110489 10.7672223970294 300.7647574916482 6.59093914180994 35.7452944368124 450.6669390648603 73.76272567361593 186.7590158507228 348.841420777142 2.502092488110065 3.024523988366127 0.6587984040379524 9.831111840903759 27.1939230337739 208.5160742178559 14.81663496792316 13.81205397099257 0 236.6783192828298 193.6114508807659 145.0900781825185 215.6917645856738 190.3493368923664 1400.067840091884 1100.771014370024 764.0429923087358 2383.453558079898 27.83268385380507 0.1038944125175476 0.5215942710638046 4.353527657687664 14.42767777293921 0.3838446885347366 0 0.2530263215303421 0.1692107766866684 0.4673701822757721 57.54026395827532 4.945405185222626 1.653194211423397 46.74960651248693 2.191306687891483 0.7717407643795013 2.800298884510994 163.9488148614764 0 0.1746465116739273 0.1636228263378143 0 0.1664496958255768 6.099546790122986 0 1.855983197689056 1.983604341745377 4.098393350839615 1.705224126577377 12.40331616252661 7.538092434406281 7.222366817295551 13.70347367227077 1.777943022549152 1.186183728277683 0.274636521935463 0.1534233242273331 0.1364635676145554 0 0.7149612307548523 0.1432337760925293 0.2651003673672676 0 3.430439010262489 0.1305826157331467 2.759494453668594 1.057883344590664 4.765161871910095 0.6130591332912445 2.578601472079754 2.432844415307045 0.9944512769579887 0.1143821179866791 0.1528396457433701 0.1341863870620728 1.082659631967545 1.701781906187534 5.444784536957741 0.8680504858493805 18.61878099292517 12.95071827620268 7.566086068749428 0.9379504844546318 0.907242938876152 0.4127791970968246 0 0.3269824981689453 2.086249507963657 0.3254748284816742 0.1716840267181396 2.965142734348774 0 0.265092059969902 0.4696543216705322 4.655013039708138 2.092209629714489 0 0.2046500593423843 0 0.1116520613431931 0.1233826577663422 0 0.5956594422459602 5.089188970625401 11.83096013963223 0 0 0.2185134440660477 0 0.4259609282016754 1.199196107685566 0 0.2289839833974838 1.937213972210884 23.16405428946018 2.253259815275669 0.2495897114276886 0.5573698580265045 0.1428093761205673 5.061287060379982 0.795470803976059 4.575650699436665 0.5230026841163635 0.2120564728975296 0.5949274823069572 0.6200398132205009 0.8273308575153351 0.3873617872595787 0 0 0 0 0.1531705558300018 0 0.5297493487596512 12.29097464680672 12.07785832136869 15.00004315376282 224.9940278977156 51.44653639942408 329.8284000679851 79.26719016581774 83.50600648671389 14.69354160875082 5.993798904120922 58.44476824253798 9.192910075187683 0.791483461856842 7.037197448313236 1.510128982365131 1.042575374245644 0.5299768298864365 0.1751969456672668 1.931658193469048 7.790884092450142 0
1826.617006868124 921.203944221139 4.542887546122074 0 427.3739560842514 582.2460926324129 2052.385988406837 1.763456642627716 265.9703805297613 2049.344136968255 1.63839465379715 280.103484377265 898.0451668649912 75.10049419105053 0.6273160427808762 0.2520321756601334 0 0 0 0.10220105946064 0 0 0 0.4261528551578522 0 0 0 0 0 0 146.247170984745 0 0 0 0 0.1049748659133911 0 0 0 0 0.09241213649511337 0 0 0 0 0 39.41432525962591 0.6886969208717346 0 0 0 0 0 0 1.831744566559792 5.0580884963274 43.4644283875823 335.0723881721497 6.63856104016304 18.80772667378187 0 0.09811160713434219 0 11.6365452259779 0.7554572373628616 0.3799192234873772 0 0.4083444103598595 0 0 0.5736038833856583 0 0 234.4396637752652 53.35832226276398 53.64571260660887 4.48450917750597 0 0.1010215282440186 0.1119604855775833 0.1207301691174507 0 16.17644122987986 0.1016092225909233 0.6093302145600319 2.56677220761776 0.1156018972396851 0 0.1119756177067757 0 0 0 0.09377129375934601 0 0.1391528695821762 160.6915364414454 0.1189320012927055 0 0 593.9591831415892 0 0 1.301872059702873 0.6230165958404541 0.1698085963726044 44.9910873323679 0.437682256102562 4.99215429276228 262.5514283776283 10.65603406727314 0.6574061810970306 15.92128147184849 8.285192579030991 2.608721122145653 1.37766595184803 0 0.1872979402542114 0 0 0 0 0 0 0 0 0 0 0 0 0 0 0 0 0 0 0 0 0 0 0.3034660220146179 0 0.1695320457220078 0 0 0 0 0 0 0 0 0 0 0.236945629119873 0 0 0 0 0 0 0 0 0.3523208349943161 0 0 0 0 0.2779334336519241 0 0.1125678643584251 0 0 0 0 0 0 0 2.679936230182648 0 0 0 0 0.5403926074504852 0 0.2484163194894791 0.4198704808950424 0 0.6860523968935013 0 0.3617858439683914 0 0 0 0 0 0 0 0 4.49915774166584 0 0 31.96051979064941 3.765422895550728 66.40080197900534 8.081954292953014 755.2724109813571 7.289472930133343 3.830426573753357 1.890439361333847 1.758935257792473 0 0.9136469885706902 0.224295474588871 2.769654482603073 0.1530623883008957 0 0 0 0
190.0586201101542 2561.020605385303 972.5101990550756 427.3739560842514 0 45.04452112317085 2386.659104302526 125.8772604912519 8642.259417273104 1149.75615452975 545.2709986045957 215.8580764606595 810.8834291025996 1232.269801914692 40.17239525169134 28.80930944532156 0.2257453501224518 0.4810192659497261 0 0.09564206749200821 0.6703935042023659 0 0.2429593652486801 0.08659321814775467 0 0.6009981483221054 0.2565214857459068 0.09155423939228058 0.6153764873743057 0 417.7244769111276 1.565261848270893 7.319557346403599 0.1804893091320992 0.2102279737591743 0.176520511507988 0.4708973169326782 0.09977738559246063 0 0.41132852435112 0.3528291136026382 0.1203933209180832 0.1230149194598198 1.315432235598564 0.2106248065829277 0 398.9375952780247 10.91989418119192 0.7272943705320358 0.370747871696949 1.986587285995483 0 0.6108260750770569 0.271478645503521 9.608501516282558 29.07865968346596 15.14233089238405 144.3906556069851 18.24596209824085 91.31137585639954 0.4243053123354912 0.1635242402553558 0 128.4180203378201 12.16577064990997 6.224403597414494 1.389394409954548 2.305188864469528 0.4909698218107224 0.5170193612575531 2.933509409427643 0.5693114250898361 0 367.5736675262451 202.3108890727162 270.1776413992047 171.1129303872585 6.477270349860191 0.8503030836582184 6.166012316942215 0.4678302407264709 1.624108158051968 109.6967205777764 0.4822495430707932 3.190735265612602 18.59282840788364 3.671414487063885 0.1287502199411392 0.4598723351955414 0 0.3125585094094276 0.4787822961807251 0.7806696891784668 0.9349224045872688 0.3081816285848618 271.8068888634443 0 0 0.1074225679039955 66.74756732583046 0.1751643419265747 1.555299893021584 5.681427031755447 3.841362074017525 0.5555235147476196 114.6865485310555 4.103635050356388 30.13414076715708 58.05253057181835 56.58672687411308 5.966720528900623 129.2975504100323 66.79124014079571 33.1718761920929 33.31012210249901 0.9210821613669395 0.9237005561590195 0 0.55180923640728 0 0 0 0 0 0 0 0 0 0.3224610388278961 0 0 0 0 0 0.4155936613678932 0.5820972993969917 0 0.14894038438797 0.1609970480203629 6.284698560833931 0.4254687577486038 6.767808862030506 2.295749589800835 0.1689096242189407 0 0.194693312048912 0.2181100100278854 0.4148929491639137 0.1337554603815079 0.1582289785146713 0 0.7850883901119232 4.341911762952805 0 0 0 0 0.1202643439173698 0.07593949139118195 0 0 0.1567728072404861 0.2407961189746857 0 0.3269170224666595 0.5324821472167969 19.24244167655706 0.156628206372261 0 0 0 0 0 0 0 0 65.82306269556284 0.2928432747721672 0 0 0 9.549010500311852 1.326417341828346 4.95333157479763 2.158234983682632 2.121677964925766 3.345146290957928 1.531076893210411 0.8195171430706978 0 0 0 0.1721706539392471 0 0 0 0 71.45927251875401 9.316730342805386 6.504075691103935 213.1203580200672 39.96827123314142 858.4921904206276 92.57519489526749 275.7737809643149 51.91921433061361 16.31978482753038 104.4073828682303 11.69229431450367 0.8435088694095612 11.561957038939 2.461484231054783 5.801669031381607 1.703925795853138 0.4538194388151169 1.298668146133423 6.73989126086235 0.1119358390569687
144.4494976252317 592.4221488833427 6.278544530272484 582.2460926324129 45.04452112317085 0 175.7369618713856 5.130311295390129 22.04383146762848 366.812954172492 13.71173775196075 141.4023970663548 124.8109433799982 24.43106624484062 0.462559312582016 0.6200892627239227 0 0 0 0 0 0.2963014543056488 0 0 0.2514626085758209 0 0 0 0.1839882433414459 0 13.65870972722769 0 32.57771058380604 0 0 0.4708665162324905 12.08878529071808 0 2.719771146774292 0.1599169969558716 0 0 0 0 0 0.2275882959365845 2.278918124735355 0 0 0 0 8.622647389769554 1.35248127579689 0.3857910335063934 0 1.916593283414841 185.2282381504774 16.14377970993519 2.268229365348816 0.2622548639774323 0.2008983939886093 3.321532040834427 0 0 0.1463183760643005 0 0 0 0.1558312773704529 0 129.1431286334991 136.7552791684866 8.152157559990883 6.390987306833267 2.432869598269463 1.82768140733242 0.5737665742635727 0.8428169190883636 0 9.045107424259186 1.335747629404068 2.529238134622574 0.08311540633440018 1.996115460991859 0 0 0 4.7759078592062 0.2666136920452118 11.07733680307865 0.2830435633659363 0.4207044541835785 0 0 0 292.3909246772528 61.41273388266563 23.50378566980362 5.486494928598404 668.1673859655857 0 0 0 0 0 3.990720331668854 0 0.1832637339830399 16.0389748364687 0.35252945125103 0 2.469417408108711 1.050101011991501 0.1401110291481018 0.3467043936252594 0 0 0 0 0 0 0 0 0 0 0 0 0 0 0 0 0.2435575723648071 0.1992047727108002 0 0 0 0 0.1800441741943359 0 0.1530438810586929 0.2272564023733139 0 0 0 0 0 0 0 0 0 0 0 0 0 0 0 0.2468852996826172 0 0.2111918181180954 0 0 0 0.4225492998957634 0 0 0 0.6197375059127808 0 0 0 0 0 0 0 0 0.1443608850240707 0.7236386016011238 0.3650188744068146 0 0 0 0 0 0 0 0 0 0 0 0 0 0 0 0 0 0 0 0.6973628550767899 0.6476595103740692 0.8563754260540009 3.210248783230782 0.4816087484359741 1.767239518463612 0.7074986547231674 84.12286399304867 0.5318761467933655 0.435288742184639 0.8982927054166794 0 0 0 0 0 0 0 0 0 0
460.7534476071596 1857.068297743797 109.4100791588426 2052.385988406837 2386.659104302526 175.7369618713856 0 9.243464507162571 1764.45917429775 3442.218369863927 46.82505793869495 600.863530293107 3921.937802657485 1408.709324449301 13.1958764269948 15.50335724651814 0.1913518756628036 0.1162250116467476 0.1300796121358871 0 0 0 0 0.1230096220970154 0 0 0.107968308031559 0.2374482154846191 0.1525779664516449 0.1275256872177124 182.3776757195592 0.2268129587173462 3.945913702249527 0 0 0 0 0.10950568318367 0 0.3976208493113518 0.1248048394918442 0.1419823914766312 0 0.7685471549630165 0 0 176.7365787029266 4.677876845002174 0.5186120122671127 0.1750886142253876 1.247638054192066 0.16658915579319 0 0 7.90623477101326 16.83001261949539 17.32617559283972 144.690510481596 11.82305952906609 60.6201139986515 0.09819817543029785 0.1379804611206055 0 54.87086591869593 8.093085028231144 3.919941753149033 1.345305554568768 0.8943838700652122 0.4146076515316963 0.4804721996188164 2.805800125002861 1.0118767619133 0 258.6540970131755 107.0668742358685 159.2774015218019 77.42200575768948 2.328059606254101 0.2628412544727325 1.881974913179874 0.1764363646507263 1.641746841371059 60.95465087890625 0.5006930530071259 0.8888649716973305 9.847646988928318 1.302136354148388 0 0.2885178998112679 0 0.7686483114957809 0 0.3862031996250153 0.3307823836803436 0.24638931453228 468.6878889799118 0 0 0.2171090096235275 106.7685095742345 0 2.29151276499033 7.526595063507557 8.816012263298035 1.077977061271667 166.3099861517549 6.067928716540337 40.24327896535397 187.6490366458893 72.36285424977541 7.367462731897831 141.6711687892675 76.8083578646183 31.65826790034771 38.8366924226284 0.6134094223380089 2.1877471357584 0 0.1521404832601547 0 0 0.09044265002012253 0 0 0 0 0 0 0 0.3702437877655029 0 0 0 0 0.6303821206092834 0 0 0.1576039642095566 0 4.489653505384922 0.4877496957778931 7.02717662602663 2.463006652891636 0.1143131777644157 0.4986523985862732 0.1657695025205612 0 0.1150821819901466 0.6696446016430855 0.2968367636203766 0 2.414227113127708 5.051339991390705 0 0.1565005928277969 0 0 0 0.2201355025172234 0 0 0.9346942231059074 0.7793359756469727 0 0.1975814551115036 0.2697329819202423 16.23749317228794 0.5348003208637238 0.1249414011836052 0.1913519874215126 0 0 0.1413710564374924 0 0 0.1132743656635284 72.51642917841673 0 0 0 0 9.873918265104294 1.346149265766144 3.421196848154068 1.778346449136734 0.5461712628602982 1.454256854951382 0.3299126997590065 1.583544090390205 0 0 0 0 0 0 0 0 77.92453066259623 9.956896081566811 6.413576602935791 105.7718604430556 20.23441353440285 394.1659452021122 43.8641866594553 283.6433942466974 27.0973449125886 9.814925231039524 49.56175875663757 7.793240785598755 0.8499025851488113 8.838768310844898 2.156616389751434 6.454986900091171 1.663204565644264 0.4571716487407684 2.094180814921856 0.9788096323609352 0
60.74046552926302 890.2294946834445 3591.964931562543 1.763456642627716 125.8772604912519 5.130311295390129 9.243464507162571 0 300.6052799746394 5.981284946203232 1145.29003533721 119.4242876619101 359.0578385964036 840.1146529987454 87.67867358028889 128.3701516762376 5.989801555871964 2.029732398688793 0.5350696295499802 9.282543621957302 16.59104109555483 2.635697513818741 13.46991357207298 8.312237955629826 177.4435359463096 15.85096506029367 19.29628797620535 23.51044230908155 21.05154027044773 0.5084766447544098 765.8067760020494 421.7059720009565 102.3068729788065 3.743981465697289 50.77827484160662 165.8479940965772 65.07529694586992 75.87200173735619 48.50997676700354 101.9801033735275 91.15768463909626 10.17095225304365 3.464291512966156 24.76683256030083 3.474121168255806 16.00878248363733 270.7972823157907 3.820665910840034 1.011543333530426 3.135272115468979 1.490196324884892 1.891753062605858 17.66598913818598 4.93310272693634 3.573464773595333 10.61582134664059 7.852779693901539 81.28707210719585 8.085890509188175 38.31764575839043 244.0737618207932 54.7110993117094 113.3105268478394 226.6061704978347 3.961815342307091 3.056953281164169 1.317611321806908 2.093300096690655 4.094633311033249 36.86375556141138 25.2998883202672 17.30272395908833 0.5853053033351898 155.7686652839184 138.3539939001203 184.2008251398802 276.3741458654404 186.1301146373153 849.2388674914837 2497.158728405833 497.3668555319309 2485.636651471257 38.96998460590839 0.2820462286472321 1.566698484122753 4.900861226022243 3.766904763877392 0.3894358947873116 0.5999104380607605 0.9864399433135986 0.1983913704752922 0.1176986247301102 11.90598737448454 1.587562307715416 0.2327279150485992 80.2196888923645 3.034561797976494 0.9938181787729263 2.200405761599541 30.89937651157379 0.3049509227275848 0 0.9135067760944366 0.501669853925705 0.4896083623170853 10.05184994637966 0.3076932579278946 4.528751969337463 5.647013828158379 4.570027261972427 2.429453492164612 19.30018453299999 11.06605324149132 11.74652842432261 16.83117824792862 1.628490403294563 1.008033163845539 0.5379408597946167 0.3448509871959686 0.2166542559862137 0.1176723763346672 0.1247605681419373 0.8833916783332825 0.7382169961929321 0.3109996765851974 1.237541332840919 0.4032949134707451 2.807161115109921 0.425686851143837 4.536842711269855 0.9543330669403076 1.450734369456768 0.7064060270786285 0.5850051641464233 0 0.5499546676874161 0.4455171898007393 0.4543184340000153 0.6910904720425606 8.073912374675274 0.8780224993824959 18.18014708161354 10.57808790355921 7.173059873282909 0.4918110519647598 0.1551642417907715 0.1361846625804901 0.1446413993835449 0.2457113862037659 1.442278459668159 0.3282155394554138 0.4530305862426758 3.013216897845268 0 0.1025953143835068 0 4.039669953286648 1.894603073596954 0.1198196336627007 0 0 0.3221317753195763 0.3790282532572746 0 0.3506143391132355 4.428658232092857 17.88940671086311 0.1451495885848999 0 0.2796936631202698 0 0.2557923197746277 0.2629795521497726 0.1398302167654037 0.2439504712820053 1.561299011111259 34.05986015498638 2.495723560452461 0 0.2702275440096855 0 3.804909586906433 1.341354563832283 4.523680090904236 1.011008016765118 0.2757672816514969 0.5807367861270905 0.6625900790095329 0.4933735132217407 0.2513460218906403 0 0 0 0.09605299681425095 0 0.1657587736845016 0 19.56800971925259 14.70902655273676 17.90817052870989 297.2598029226065 36.35265992581844 497.4123805165291 86.2105628028512 129.6586456224322 28.57981448620558 6.480093717575073 123.0074370056391 7.846859529614449 1.157771907746792 8.420746318995953 1.216516025364399 1.903810158371925 0.2855229079723358 0.2215536832809448 3.030659347772598 3.900097630918026 0.5718746185302734
92.93322557210922 2270.154204934835 1098.334810860455 265.9703805297613 8642.259417273104 22.04383146762848 1764.45917429775 300.6052799746394 0 631.4198985397816 1635.40192206949 249.9103672653437 1411.864839121699 2481.271235689521 77.17931487411261 83.38310176879168 0.2833480685949326 0.8300925344228745 0.1598886400461197 0.4401022046804428 0.2656171023845673 0 0.1412685364484787 0.1142420172691345 0.4827498495578766 0.5795964449644089 0.3748250901699066 0.5110858678817749 0.1348540633916855 0.2428123354911804 218.9951595887542 2.089221261441708 15.85697303712368 0.1269604116678238 0 0.6027556955814362 1.794425174593925 0.7523400783538818 0 2.122945979237556 0.5597856864333153 0.1517577022314072 0.7612735778093338 2.38082580268383 0 0.9043809846043587 342.5206914097071 6.591593451797962 0.4327079951763153 0.7102014049887657 2.708032965660095 0.1279795169830322 0.5552654638886452 0.6856940314173698 5.924701318144798 19.35587555915117 13.94666812568903 59.22220439463854 18.03376991301775 50.47149197757244 0.6469273269176483 0.7720571681857109 0 100.8608284518123 8.077895067632198 5.342712454497814 2.329599484801292 1.363948814570904 0.3698993921279907 0.8515935242176056 12.86879348754883 2.764199554920197 0 202.1325677409768 97.35975308716297 202.4204435572028 277.5742589011788 19.61386294662952 1.04509986191988 11.01064374297857 1.093062691390514 3.937796585261822 70.73809371143579 0.3431856632232666 1.487983502447605 10.1642687395215 1.732089035212994 0 0.4325774908065796 0 0.6458195820450783 0.4692228883504868 0.837143175303936 0.7472224906086922 0.1230158731341362 531.7864825874567 0 0 0 34.90061008930206 0.3166192173957825 2.443520255386829 10.80984779447317 10.09211023151875 1.030216336250305 217.0484082326293 8.885476432740688 58.12790728360415 93.52664361149073 103.1374671235681 9.261921033263206 226.2876714840531 131.075128480792 55.01816571503878 68.22527761757374 2.410759106278419 0.5539308413863182 0.4751311540603638 0.2121932357549667 0 0 0 0 0 0 0 0 0 0 0.8546428978443146 0 0 0 0 0.5881050750613213 0.8372100293636322 0 0.8781461119651794 0.2937884926795959 11.40794704854488 0.6266114264726639 12.37396731227636 2.39326324313879 0.9690935611724854 0 0.1562138646841049 0 0 0.2618020549416542 0.4896669387817383 0 2.096558429300785 11.32559050619602 0 0 0 0 0 0.2993650808930397 0.5170299261808395 0 1.068795092403889 0.1997789517045021 0 0.3215185701847076 0.7140292823314667 33.85383470356464 1.1943084821105 0.1522952169179916 0.5789879113435745 0.1225874051451683 0 0.124238520860672 0 0 0.371455043554306 116.7942997589707 0.3776065111160278 0 0 0.1029694825410843 16.98878879845142 2.659625723958015 7.344154886901379 5.263813734054565 0.8309112042188644 6.086842104792595 2.742894768714905 1.181785173714161 0.3101496398448944 0 0 0 0.07049132883548737 0 0 0 136.2595307976007 17.36380779743195 14.91263534873724 365.877856053412 43.22783396393061 822.1906449198723 128.7229360640049 237.0227142646909 61.68400408327579 9.913627572357655 188.8647624775767 18.03115528821945 3.094531513750553 17.30453106015921 3.013568297028542 10.43498212844133 1.494519978761673 0.5421031266450882 3.670788675546646 3.533802457153797 1.11067970097065
420.4966595768929 1519.924572438002 15.15024888515472 2049.344136968255 1149.75615452975 366.812954172492 3442.218369863927 5.981284946203232 631.4198985397816 0 17.51718690991402 2768.291714191437 3696.881556384265 479.7501295059919 3.011417575180531 3.331753179430962 0 0.2871246412396431 0 0 0 0 0 0 0.7261638045310974 0 0 0 0.9876898527145386 0 25.46629075706005 0 14.05162447690964 0 0 0.4560798108577728 0 0.2854257524013519 0.4431838393211365 0.5727566480636597 0.1321686208248138 0 0 0.2083952575922012 0 0 38.04358333349228 0.8211054429411888 0 0 0 0 0 0 2.026793837547302 3.839442245662212 53.11255187541246 97.8359442576766 3.630599051713943 8.513926059007645 0.2829658091068268 0 0 3.76133506000042 1.636025056242943 0.3375273421406746 0 0.249666690826416 0 0 18.91932571679354 3.225854843854904 0 89.44828518480062 21.46803352236748 23.45873819291592 7.585668325424194 0.2686953842639923 0 2.157813236117363 0 0.143907755613327 12.29871381819248 0 0.08313059061765671 1.649618968367577 0.09831754863262177 0 0 0 0.135615736246109 0 0 0 0 959.1805770993233 0 0 0 645.6071710288525 0.329732671380043 4.371302016079426 20.05227926373482 12.91737076640129 0.9714464694261551 302.0042047053576 12.54627859592438 77.10883378237486 720.6367638558149 191.2759645134211 7.545919850468636 284.5420519635081 163.7387518212199 65.65463549643755 41.9467289596796 1.475334972143173 0.8895815685391426 0 0.1591338515281677 0 0 0 0 0.1189714968204498 0 0 0 0.4058153927326202 0 0 0 0 0 0 1.244946822524071 0.1775459200143814 0 0.3037984222173691 0 3.896592877805233 0.1973078846931458 3.042196668684483 1.584052458405495 0 0 0 0 0.3818967640399933 0.4988695159554482 0.3803775459527969 0 2.370281130075455 6.982251510024071 0 0 0 0 0 0.1382654905319214 0 0 0.9126560539007187 0.9300064668059349 0 0 1.188685446977615 16.41651075333357 0.5749029219150543 0 0.3476084992289543 0.1297257840633392 0 0.2913812175393105 0 0 0 67.28651946783066 0.2552837133407593 0 0 0 7.682773806154728 0.467857837677002 1.881155163049698 3.472847923636436 2.286742299795151 4.990498088300228 2.475403428077698 1.095864072442055 0 0 0 0 0 0 0 0 141.0685470253229 6.692442752420902 4.705971531569958 69.08947842568159 2.137862361967564 85.16226363927126 8.119322180747986 465.2177553474903 4.511430166661739 3.534580573439598 13.21714942157269 20.32139950990677 1.319555886089802 9.424070902168751 1.365127831697464 19.86553494632244 1.544905871152878 0 1.524079963564873 2.054553508758545 0.1265020072460175
220.9582883492112 2805.61448803544 2407.058397710323 1.63839465379715 545.2709986045957 13.71173775196075 46.82505793869495 1145.29003533721 1635.40192206949 17.51718690991402 0 365.351729169488 1738.317102067173 5012.731073558331 59.08424132317305 75.02637746930122 1.700453832745552 0.1002853140234947 0.1036601066589355 0.4777655526995659 0.5919386148452759 4.850001290440559 0.1111645996570587 0.4777671694755554 39.30910012125969 7.831649117171764 3.707328140735626 9.623864978551865 14.5433745905757 0.7222262173891068 589.4666087254882 9.825244002044201 372.4973199293017 0.124089777469635 1.476260125637054 48.08379233628511 100.9020335748792 48.99001576006413 50.70922397077084 83.22168342769146 9.03826267272234 2.671322464942932 0.7886996120214462 5.633422844111919 0.3386553078889847 1.60740751773119 201.4882187917829 3.260904982686043 0.2376532033085823 0.2895286828279495 0.9575953409075737 1.589541718363762 26.41529095172882 6.136127114295959 4.48109232634306 11.34327928721905 8.478665933012962 84.55708683282137 9.519214488565922 35.14344971626997 13.24030968546867 10.40520321577787 9.136936284601688 90.27698048204184 4.635275028645992 2.736861474812031 0.963775061070919 0.7728236541152 0.460640124976635 1.069813117384911 60.86461158841848 21.02415201067924 0.3368185311555862 156.7133806794882 99.44462358206511 163.7372625097632 159.2994053736329 14.86069820076227 48.789252191782 574.351334027946 6.707992479205132 79.81912580877542 41.05558326840401 0 0.7744399681687355 6.450154893100262 1.752653233706951 0.3570069223642349 0.1414528787136078 0.5785590708255768 0.1550612151622772 0.2884457111358643 2.332997649908066 0.2455504164099693 0.2426430210471153 174.2530000880361 5.41308206319809 1.197212994098663 4.064900830388069 62.07486210763454 0.09530074894428253 0.3482131808996201 0.8763930201530457 1.576599717140198 0.4143210053443909 14.58721183985472 0.4477653950452805 6.708885043859482 11.18358494341373 10.15683864057064 3.369191907346249 30.96714495122433 19.54445022344589 14.66066735982895 23.34856598079205 1.605927005410194 0.9312252700328827 0.2333174496889114 0 0 0 0 0.2279632985591888 0.1382219195365906 0.3672052025794983 0.9154337197542191 0.3230147659778595 1.218750163912773 0.1305277049541473 2.233748637139797 0.2907730489969254 1.588542357087135 1.89720243960619 0.5711366385221481 0.1408749222755432 0.3368769586086273 0 1.075515925884247 1.905298724770546 9.451949901878834 0.5219212174415588 14.73694501072168 8.87719365209341 5.35560667514801 0.1938633173704147 0.1877370625734329 0.2161131203174591 0.2916260212659836 0 0.581561952829361 0 1.081853091716766 5.349558651447296 0 0 0 1.998800463974476 0.2969256043434143 0.6479027196764946 0 0 0 0 0 0.8267875164747238 3.004661530256271 20.09647730737925 0.3230277225375175 0 0.1768436878919601 0 0 0 0 0.3695286214351654 0.7916586101055145 45.596833743155 2.616178050637245 0 0.1137822270393372 0 4.802955083549023 0.9005546346306801 4.485570959746838 0.9997950568795204 0.7938863039016724 1.869950421154499 0.9945304840803146 1.272042512893677 0 0 0 0 0 0 0 0 33.93398687243462 20.25798752903938 14.96182533353567 248.5944255962968 33.48309344053268 398.6896066665649 66.97617091238499 163.1798425614834 25.21753182262182 5.939114548265934 96.42556546628475 14.87134774029255 0.4396233409643173 8.450784407556057 1.363537415862083 3.589437462389469 0.402039110660553 0.1036339849233627 0.5056091547012329 2.262394458055496 0
67.44119468331337 114.1348222121596 45.5358581840992 280.103484377265 215.8580764606595 141.4023970663548 600.863530293107 119.4242876619101 249.9103672653437 2768.291714191437 365.351729169488 0 1527.986204609275 317.2978676110506 11.11735528707504 11.18553983420134 0.4860856533050537 0 0 0.2739876508712769 0 0.8918428719043732 0 0 3.959779113531113 0.4659496694803238 0 2.649216160178185 3.344612628221512 0.3273065686225891 10.87993217259645 0.3902164995670319 52.68462077528238 0 0.301239937543869 5.283298298716545 27.85323491692543 2.701609864830971 12.10886216908693 12.36817116290331 0 0.1341574192047119 0 0.8364613056182861 0.1720321178436279 0.5073836147785187 44.5642456561327 0.6267176568508148 0.2708538174629211 0 0.5069585144519806 2.616721257567406 22.96686393022537 0.7533901482820511 1.279671922326088 3.675996154546738 11.82743022590876 20.56692384928465 1.231220237910748 5.140015326440334 1.309592336416245 2.358815476298332 2.333952188491821 4.239871844649315 0.7881446033716202 0.09477419406175613 0.230627529323101 0.4625223204493523 0.5002329349517822 0 166.1361732855439 35.67793168127537 1.059055328369141 43.63898909091949 12.71304604411125 24.85242246091366 13.12214338034391 3.573218390345573 4.440758004784584 11.09585405141115 1.536564320325851 5.908814109861851 9.446985773742199 0.1606922596693039 0 1.264362573623657 0 0.3508166074752808 0 1.431445255875587 0 0 0 0.4125556200742722 0 2976.84165070951 49.12790398299694 10.2194446772337 24.91603964567184 96.80733621120453 1.025614187121391 2.999482050538063 12.21863096952438 6.487668320536613 1.102075941860676 134.0995729118586 7.79197983443737 43.13555905967951 200.0438448563218 101.0308726876974 14.69424231350422 203.5923482626677 118.4956396371126 61.90359232574701 73.33532091230154 1.707930907607079 1.955297119915485 0 0.5557115450501442 0 0 0 0 0.1479705423116684 0 0 0 0.3494514524936676 0.4674203097820282 0.7285705506801605 0.2163319438695908 0.5502707958221436 0.7879776507616043 0.1040126159787178 1.049830555915833 0.6642372086644173 0 0.3870185017585754 0.2045850902795792 12.58044918626547 0.1461280882358551 13.68158413469791 4.609663166105747 1.278026945888996 0.1567107439041138 0 0 0 0.1403306275606155 0.419640377163887 0 3.783687427639961 7.989469289779663 0 0 0 0.668120801448822 0 0.4363506883382797 0.2578408718109131 0.1028821691870689 0.5363800674676895 0.3863021284341812 0 0.2100300192832947 3.752066627144814 41.41972725093365 1.21424824744463 0.1773720532655716 0.4377844333648682 0 0 0.209755152463913 0 0 0 133.1106656342745 2.468565613031387 0 0 0 15.49326924979687 1.235100835561752 5.677324280142784 4.299540422856808 2.159502401947975 5.31000479310751 2.997033752501011 1.682941302657127 0 0 0 0 0 0 0 0 184.472641825676 33.02730737626553 17.26879239082336 88.21000929921865 6.818155311048031 115.7128362208605 16.78950616717339 172.5403546541929 7.560200393199921 2.877470210194588 41.23384492099285 13.28728053718805 2.400727666914463 16.05836918950081 3.197759062051773 9.255050212144852 1.969712719321251 0 2.170191623270512 0.5530464202165604 0
111.3257139846683 269.2133226841688 132.0530214756727 898.0451668649912 810.8834291025996 124.8109433799982 3921.937802657485 359.0578385964036 1411.864839121699 3696.881556384265 1738.317102067173 1527.986204609275 0 1982.383594445884 37.01713477820158 63.99743460118771 2.522486418485641 0.2180082947015762 0.1021402329206467 0.9771735295653343 0.138140931725502 3.181670635938644 0.2825050950050354 1.030299842357635 13.83272057771683 2.575759954750538 2.243796408176422 5.964070871472359 11.98368176817894 0.2744777798652649 56.22124796360731 1.281929075717926 312.938143119216 0.6764767318964005 0.7540556788444519 33.74652370810509 161.9992278218269 37.39014521986246 78.74268082529306 90.72405429929495 2.0631093531847 1.401712626218796 0.1658464670181274 5.273139998316765 0.1753587424755096 1.555499136447906 107.8040177747607 1.8795066177845 0.1376139968633652 0 0.9084927961230278 3.90818627178669 67.02911485731602 2.363099664449692 2.177807852625847 4.367927990853786 10.49075692892075 32.35563757270575 6.51481793820858 11.96526288986206 8.47288379073143 27.7806025147438 4.446395933628082 20.57895552366972 1.459997192025185 1.65178506821394 1.089349195361137 1.474230632185936 0.1172552853822708 1.481935739517212 409.8027371540666 104.228337392211 1.401659965515137 77.70645689219236 27.1062571182847 54.49137351661921 70.85004152357578 11.68333788216114 9.268741488456726 31.63483399152756 9.037743292748928 33.44697555154562 20.76524140685797 0.2521849572658539 0.5264886766672134 3.594761125743389 0.5903143063187599 0.5583941340446472 0 2.425078123807907 0 0 0.2081936150789261 0.2608827948570251 0.3651957511901855 3940.139268405735 121.9139923080802 7.684728026390076 41.3220082372427 93.75155434757471 0.845438614487648 5.467526391148567 23.05947885662317 18.59059901535511 1.95140016824007 197.2011683285236 15.66715164482594 69.01710778474808 442.4665533304214 156.7497517392039 17.98371867090464 321.2414056956768 206.3622502461076 94.8034583479166 138.5404179096222 3.689865700900555 4.431156381964684 0.8823689818382263 0.8182599246501923 0 0 0.3406088352203369 0 0.7139591574668884 0 0 0 1.663054257631302 0.2632325887680054 1.33465538918972 0.5345876216888428 1.992187604308128 0.1202311888337135 1.374752268195152 1.024971798062325 1.951247975230217 0 2.655925892293453 0.9260696172714233 33.98677588999271 0.9320008307695389 31.67857254296541 13.48166497796774 3.518418468534946 0.8527823239564896 0.3001945018768311 0.3639834821224213 0.2841445207595825 0.8099655956029892 1.380419336259365 0 3.394182287156582 16.8930933251977 0.1837960779666901 0.1424446403980255 0 3.759902112185955 0.6115835607051849 0.1112681925296783 0.1672912240028381 0.267542190849781 1.011994786560535 0.7590046226978302 0.1601983457803726 0.553948312997818 3.861375622451305 85.5822419822216 0.4847098961472511 0.6233664825558662 0.5590848028659821 0 0 0.6785193458199501 0.1174372956156731 0 0.7430591359734535 289.1463003382087 8.065068244934082 0 0 0 31.59564948827028 4.823545776307583 21.32051537185907 5.733597882091999 3.973358161747456 9.796467855572701 5.256903745234013 2.182723812758923 0 0 0 0 0.09187154471874237 0 0.1354309171438217 0.1946315318346024 299.0836325138807 88.91972058266401 47.00320183485746 214.2219090983272 17.91733842343092 250.1702881380916 48.15548165887594 212.1499897316098 17.30664556473494 3.831477150321007 92.31736174225807 30.62966269999743 1.693800702691078 28.38484024256468 4.59315712749958 10.58404848724604 2.701049499213696 0.4784900546073914 4.076261676847935 2.724653705954552 0.2182557135820389
