0 2568.932172439992 1098.101183533669 799.0601337850094 603.0100888088346 40.99134275317192 516.5521617904305 233.4384217113256 123.3867446035147 976.1407969743013 648.5913769230247 154.2624866366386 330.380404189229 94.50773052871227 0.545882374048233 0.3062994927167892 0.1179342269897461 0 0 0 0 0 0 0 0 0 0 0.2420739382505417 0 0 492.5940676853061 5.284307673573494 20.20697975158691 0 0 0 14.5403226017952 0 1.085303001105785 1.978152096271515 0 0 0 0 0 0 1.082184560596943 0.7989866882562637 0 0 0.1839276403188705 1.053021997213364 0 0 0 0.3311748579144478 155.2347672954202 1019.88161277771 15.54047337919474 1.130884006619453 0 4.326123923063278 0 1.733851864933968 0.3386934697628021 0.1638705730438232 0.2034222036600113 0 0 0 68.296272367239 57.72334130108356 1.329234093427658 27.22444496303797 4.795402318239212 2.429879032075405 0.4414931386709213 0.5467732548713684 0.2266717851161957 18.43225462734699 0.3706540167331696 3.97688352316618 0.537882573902607 1.385930463671684 0.1259493082761765 0.2466885074973106 0.2375152856111526 4.646897971630096 0.4142230451107025 4.351120427250862 0 0.8003975600004196 0 0 0.1784637570381165 179.8074396252632 27.76192989945412 0.3211618661880493 0.8281395435333252 1005.693141877651 0 0 0 0 0 1.244229644536972 0 0 22.60913069546223 1.607599422335625 0.945514440536499 4.554630756378174 1.663582742214203 2.754489481449127 2.866177350282669 0 0 0 0 0 0 0 0 0 0 0 0 0 0 0 0 0 0.1747308224439621 0 0 0 0 0 0 1.626757815480232 0 1.138212755322456 0.3791855275630951 0 0 0 0 0.9963336586952209 0 0.1890772134065628 0 0.2288081049919128 0.1441191285848618 0 0 0 0.1910194754600525 0 0 0 0 0 0 0 0 0 2.45718252658844 0.2765209078788757 0 0 0 0 0 0 0 0 6.469025641679764 0 0 0 0 0.2060399204492569 1.522473186254501 1.19936703145504 0.3523702919483185 0 0.7122527360916138 0.2557375133037567 0.3592641055583954 0 0 0 0 0 0 0 0 0.4065899252891541 0.5799273699522018 1.862144932150841 17.8117268383503 1.90872510522604 8.629679709672928 4.133070819079876 387.5808103978634 10.59101502597332 0.8251331895589828 6.86160085350275 0.9735473394393921 0 0 0.4623577073216438 0.2437578141689301 0 0 0.1108164340257645 0 0
2568.932172439992 0 687.3211659044027 338.1591216549277 2563.58820938319 53.34675952792168 4829.182118996978 328.021332912147 2088.539617180824 563.4371883347631 1471.143170021474 84.80429697036743 943.7273617461324 140.0671528205276 8.312210813164711 0.1614637523889542 0 0 0 0 0 0 0 0 0 0 0 0.1631379872560501 0.4885130822658539 0 2974.344592742622 18.9191161096096 6.563893407583237 0 0 0.1122903674840927 4.040880210697651 0.2152388989925385 0.9544098451733589 0.782379537820816 0.261231392621994 0.496356263756752 0 0.2575937211513519 0 0.1559612601995468 19.5712770819664 3.803981304168701 0.3739101961255074 0.126063659787178 0.3905146196484566 0 0.1197471097111702 0.4799205213785172 0.9992868825793266 6.763399735093117 98.42524856328964 425.8127838522196 37.9064424932003 17.5224471911788 0.3561077117919922 0.9460366815328598 0 38.05621425807476 5.592264339327812 2.323767215013504 1.11216089874506 0.5509848222136497 0 0 17.57736372947693 0.2460325211286545 0 170.4953541308641 148.5676496401429 51.02256531268358 3.314367435872555 0.1480890214443207 0 9.20089939981699 1.500546738505363 3.77923358976841 6.272041700780392 0.7935905605554581 3.772250838577747 2.440392628312111 4.389108642935753 0.2991582304239273 0.56369998306036 0.1366003155708313 0.402996227145195 0.7608534246683121 0.1345898807048798 0.3411386162042618 0.6029522195458412 56.72002650797367 0 0 0 737.9195025786757 0.1351731419563293 0 0.908190906047821 0.2270137518644333 0 5.057097509503365 0.2043378800153732 4.781244426965714 29.34126658737659 3.986733660101891 0.502611517906189 14.41428174078465 13.8914580643177 17.18106389045715 10.47612398862839 0.1680416613817215 0.9167196154594421 0 0 0 0 0 0 0 0 0 0 0 0 0 0 0 0 0 0.2388408109545708 1.215637221932411 0 0 0 7.128385454416275 0 3.773813381791115 1.043168038129807 0.258819580078125 0 0 0 0 0 0 0 0 0.5392241328954697 0 0 0 0 0 0 0 0.1089263185858727 0.2371598333120346 0.2087227627635002 0 0 0 9.95581978559494 0 0.3812587410211563 0.07819993793964386 0 0.2261175587773323 0.2231702357530594 0.151012122631073 0 0.2744967639446259 30.39201366901398 0 0 0.1511311531066895 0 3.853433609008789 4.731340065598488 2.585617572069168 0.2495967447757721 2.214392900466919 1.402706153690815 0.9359558820724487 0.2856953963637352 0.1511664092540741 0.1085591837763786 0 0 0.1116370037198067 0 0 0 9.838253110647202 6.227898858487606 4.688675075769424 183.0498341396451 37.61611284315586 156.4109533950686 66.34549712389708 334.5691433101892 29.58702106028795 13.85407841205597 38.3958787471056 6.874135695397854 1.441330619156361 6.436744041740894 6.539901092648506 0.9810805320739746 0 0 1.198506012558937 2.011236310005188 0.6551271080970764
1098.101183533669 687.3211659044027 0 15.81255180388689 687.9642949476838 2.393494606018066 212.5048837661743 2053.005085542798 1580.927027218044 20.14058162271976 3751.367215454578 4.818947315216064 34.70177614688873 74.62387148290873 10.04584412276745 9.61087554693222 0.7437113970518112 0.1891941577196121 0.1562908142805099 2.337632060050964 1.473820328712463 0 3.828063927590847 0.7069017291069031 3.957430228590965 0.1552443355321884 2.629772402346134 0.9046909213066101 0 0 6279.932452991605 1203.935755573213 33.63466040790081 0.2777414321899414 6.897384092211723 1.942680552601814 19.66961891204119 8.203171581029892 12.51781871914864 11.26623037457466 1.375858813524246 5.745625048875809 0.933919757604599 4.19519430398941 1.252365618944168 1.078588530421257 23.57299638539553 2.909446343779564 0.2890058308839798 0.6781499832868576 2.137420818209648 0 1.384394124150276 1.603107139468193 0.3161374628543854 3.488539949059486 72.6855405792594 586.0170830711722 23.1975094974041 11.49680506438017 12.52014711499214 15.60173642635345 5.22302183508873 219.3016335591674 1.594838500022888 1.196106120944023 2.967054709792137 4.546960711479187 15.94344682991505 16.43720354139805 6.749551244080067 2.667219504714012 0.2614983394742012 105.4125203192234 103.268345631659 37.59244426339865 9.5608224645257 4.474369630217552 123.6983611136675 351.3019294887781 32.03943084925413 596.0814291164279 2.83820316195488 0.2236466333270073 2.137170478701591 2.424488730728626 4.086402617394924 0.3574146628379822 0.1197638213634491 0 1.15547601133585 0 13.25806188583374 0.6056844294071198 2.447710335254669 2.222203627228737 0.6862730383872986 0 0.2565175890922546 402.6405795812607 0 0 0 0 0 0 0 0 0 0.533643439412117 0.3457299172878265 1.210019901394844 0 2.942306473851204 3.489602729678154 1.025389969348907 0.4837613105773926 0 0.2913485318422318 0.1963362246751785 0 0 0 0.6746221780776978 0.2239266782999039 0.4506367146968842 0.2243983894586563 0.3140475302934647 0.1983030885457993 0.3212356865406036 0 0.2959092557430267 0 0 0.3224900662899017 0 0 0.8251459449529648 0.2213674634695053 3.049964651465416 0.7976665794849396 2.812433645129204 4.985195524990559 0.7341982126235962 0.3089383542537689 0.1671895086765289 0 0 0.6245645582675934 2.174124002456665 0.1696487218141556 0 1.55120624601841 0.1880914270877838 0 0 1.943202331662178 0.4972484558820724 0.2309152781963348 0 0.1066983863711357 0.09952419251203537 0 0 1.331488385796547 0.3666287511587143 5.581591933965683 0 0.6643060073256493 0.4701826944947243 0.08291412144899368 0 0 0 0 0.3681217283010483 3.072715327143669 0.9709774851799011 0 0.3353370726108551 0 1.27069978415966 1.98475082218647 1.538577541708946 0.9512953013181686 0.6756851747632027 1.425432473421097 0.126545637845993 0.6746350675821304 0 0.1017127111554146 0 0 0.1965813860297203 0 0 0 2.261846885085106 2.671118676662445 3.961402922868729 110.6048563867807 24.00001070648432 105.9956375211477 29.82932066172361 97.17167035490274 13.70161167532206 8.887432143092155 21.57839944958687 7.802396938204765 0.9657199010252953 5.216735482215881 4.649874195456505 0.4543227106332779 0.3441212028264999 0.1278107166290283 1.194655448198318 1.820005789399147 0.6524568200111389
799.0601337850094 338.1591216549277 15.81255180388689 0 85.59570574760437 165.4310025274754 746.5779349729419 1.582965359091759 38.55327431857586 1496.307053729892 12.20760042965412 969.6160757392645 2219.207941628993 696.2906740382314 4.427349656820297 0.1926453113555908 0 0.1284682005643845 0 0 0 0 0 0 0 0 0 0 0 0.1313879489898682 243.6988987550139 7.164335057139397 27.07556313276291 0 0.6317614614963531 0 19.51256123185158 0.2348695546388626 1.592997416853905 0.4936662614345551 0 0.240633562207222 0.1429565846920013 0.2175728976726532 0 0 8.674032025039196 1.719241254031658 0 0 0.3844604566693306 0.1925437152385712 0 0.4449588656425476 0 4.368966810405254 41.84424652904272 120.2635696455836 17.47234584391117 13.22097837179899 0 1.207344219088554 0 13.06777475774288 2.648984625935555 1.218216389417648 0 0.2104949131608009 0 0.1464553773403168 71.78219123184681 0.2406807541847229 0 79.36604306846857 65.3510806709528 27.37397987395525 2.585419118404388 0 0.1735468357801437 20.48005691170692 0.6838868856430054 5.055477321147919 4.398497357964516 0 2.074573628604412 1.76860772818327 0.7684503644704819 0.3652876764535904 0 0.18730728328228 0 0 0 0.2036105394363403 0.2238475829362869 253.0693034082651 0.7077603936195374 0 0 210.5099718868732 0.6507232785224915 0.3389295339584351 0.2679285109043121 0.8780684173107147 0.1779054403305054 11.09655566513538 0 12.64190238714218 55.34195290505886 5.739719226956367 2.703505739569664 32.57368856668472 31.29599544405937 35.90163098275661 23.1882455945015 0.3343157172203064 0.8224519416689873 0 0 0 0 0 0 0 0 0 0 0 0 0 0 0 0 0 0 2.489923059940338 0 0 0 15.16800266504288 0 5.812765270471573 0.3655393794178963 0 0 0 0 1.009936213493347 0.5697680562734604 0 0 0.3247644603252411 0.6515892595052719 0 0.2601304352283478 0 0 0 0 0 0 0.3604904264211655 1.391640663146973 0 0 0 10.75575187802315 1.027150973677635 0.9263461530208588 0.6735495775938034 0 0.1239025518298149 0.2607197165489197 0 0.1932837069034576 0.4564792662858963 65.38191601634026 0.401244580745697 0.1539307981729507 0 0 4.223083138465881 6.585845619440079 6.987901583313942 0.167000874876976 3.044374823570251 1.89385537058115 1.585931703448296 0.2619959115982056 0 0 0 0 0 0.1123106405138969 0 0 25.09631200134754 16.40786342322826 10.67351621389389 105.525986507535 20.67211640626192 84.7800177782774 32.43079159408808 295.9697175323963 14.7148649841547 6.707668155431747 24.85768422484398 9.159498706459999 0.9637353047728539 6.547294870018959 4.245427526533604 1.314382433891296 0.9392653405666351 0.5049053877592087 0.5329456329345703 0.8141964823007584 0.7524372488260269
603.0100888088346 2563.58820938319 687.9642949476838 85.59570574760437 0 12.84594267606735 2021.220378339291 140.8453297168016 4253.844698928297 79.49406696856022 891.3061515912414 8.199284918606281 2026.322703540325 177.5034841969609 28.44175105541945 0.5070546492934227 0.3372844755649567 0.1132503151893616 0 0 0 0 0.1380989849567413 0 0.1376993656158447 0.4281347095966339 0.2952986359596252 0.6586147844791412 0.1748476028442383 0 894.1782613098621 52.14210446178913 7.445267915725708 0 0 0 5.699776992201805 0.1893054097890854 0.5156619250774384 0.794152244925499 0 2.258381456136703 0 0.8027245178818703 0 0.5951757282018661 51.61358671635389 6.39355281740427 0.8617164194583893 0 1.463680155575275 0 0.1484662443399429 0.2662563472986221 1.299005188047886 14.38238953799009 50.34705173969269 136.5998283624649 37.56487599015236 38.36062739044428 0.5286677926778793 1.238169811666012 0.5444111377000809 95.71010176837444 9.115791082382202 6.599640980362892 1.279737323522568 1.401886790990829 1.528494469821453 0.5426932722330093 10.95981495827436 0.9189248234033585 0.1833435744047165 146.6589578986168 214.2576926276088 113.5976203754544 11.8729440420866 0.9579961970448494 0.4153501987457275 3.895389415323734 1.48678407818079 6.544250585138798 10.80305495858192 1.176225356757641 6.248940117657185 6.657793365418911 7.816706046462059 0.513517715036869 0.3584178909659386 0.2361525371670723 0.745169423520565 0.8133537173271179 0.4179618135094643 0.2330100610852242 2.389846034348011 56.30241014063358 0.1180586591362953 0 0.2135355621576309 84.52858789265156 0 0 0.4872083067893982 1.366311654448509 1.247955292463303 11.55408561229706 0.3012414872646332 13.08359889686108 7.355919733643532 10.9577232003212 5.479721754789352 42.16901805996895 46.94581359624863 50.17197388410568 39.51145866513252 0.8943237513303757 1.672671034932137 0 0 0.2720228731632233 0 0 0 0.416531890630722 0 0 0 0 0 0 0 0 0.1826990991830826 0 0.5324978828430176 6.739959016442299 0 0 0 24.76437019556761 0 12.82231526076794 2.066733010113239 0.2374840676784515 0 0.5694266259670258 0 0.1935373991727829 2.220666646957397 0 0 0.8995425850152969 2.82349070161581 0.1044925376772881 0 0 0 0.1503097712993622 0 0 0.3054243475198746 0.334750771522522 0.1995090991258621 0 1.009516626596451 0.4245112836360931 25.36023979634047 1.09360758960247 0.6771139204502106 0.9546595066785812 0.2172163054347038 0.4849046245217323 0.6107974797487259 0.3301855400204659 0.2096210271120071 0.7043982297182083 116.8920295834541 0.5344949811697006 0 0 0 14.05402322113514 12.39347617328167 9.133141666650772 0.9784374460577965 2.673892728984356 4.423945814371109 3.871564477682114 2.579622656106949 0.1281405538320541 0.4684550762176514 0 0 0.448419488966465 0.121285080909729 0 0 39.83985713124275 23.47642140090466 14.55060134828091 396.0627785623074 83.5445761308074 364.7218326181173 119.436985142529 186.6537126079202 64.57475906610489 22.90936043858528 105.7515651583672 26.0611222833395 4.163488112390041 21.80258700996637 15.2827240601182 1.33411730825901 1.49050185829401 0.3238001987338066 3.567578688263893 9.577757738530636 1.372309356927872
40.99134275317192 53.34675952792168 2.393494606018066 165.4310025274754 12.84594267606735 0 216.0062162876129 1.411352068185806 43.08485908061266 582.0287065207958 4.318304926156998 141.6144115775824 413.6819873601198 98.81235322356224 0.9301549643278122 0.8989028185606003 0 0 0 0 0 0 0 0 0 0 0 0 0 0 38.04743677377701 0.5956763923168182 48.24890044331551 0 0 0 77.32083547115326 0.7763525247573853 6.563061937689781 0.8571275621652603 0 0 0 0 0 0.1720555871725082 0.6230266690254211 0 0 0 0.4128274321556091 13.98485164344311 1.018193617463112 0.4497806429862976 0 0.7216847538948059 195.8488815650344 58.03345003724098 5.06502877175808 1.137958228588104 0 12.20514889061451 0 0.6569935977458954 0 0.6074177622795105 0 1.14937649667263 0 0 378.9763374179602 417.2130335271358 19.68095871806145 3.826324909925461 4.403772667050362 0.7516437768936157 0.305340901017189 0.3136811107397079 0 15.37511044740677 0.7392184436321259 6.847423404455185 0 8.573372393846512 0 0 0 40.87356674671173 3.071610704064369 64.63845373690128 0.7603311687707901 3.077019453048706 0.405422180891037 0.5801495760679245 0 550.3815111517906 140.9893824160099 12.3276658654213 10.97690862417221 390.3071731179953 0 0 0 0 0 0.1364484429359436 0 0.852390855550766 9.158687338232994 0.1923915892839432 0 0.3284896612167358 0.1655839383602142 1.470883920788765 1.101884603500366 0 0.1172394901514053 0 0.1752876490354538 0 0 0 0.667273998260498 0 0 0 0.418727919459343 0.2718970477581024 0 0.6407826095819473 0 0.3351576328277588 0.4564183950424194 0.8837304264307022 0 0 0 0 0 1.841427907347679 0 1.252715080976486 0.8327205330133438 0.3333983719348907 0 0 0 0 0.3774034678936005 0.3289383798837662 0 0 0.2072131335735321 0 0 0 1.452362686395645 0 0 0 0 0 0 0 0 0 0.4708522856235504 0 0 0 0 0 0 0 0 0 1.287013709545135 0 0 0 0 0 0.4144091606140137 0.7521671950817108 0 0 0.668520987033844 0.2814037501811981 0 0 0 0 0 0 0 0 0 0 2.113053694367409 2.648898810148239 7.831223927438259 1.101429879665375 3.405730314552784 1.524908117949963 158.1954692527652 8.738606587052345 0.1277147978544235 2.163114503026009 1.274649918079376 0.392064705491066 0.4121143668889999 0.4615688100457191 0 0 0 0 0.1805406361818314 0
516.5521617904305 4829.182118996978 212.5048837661743 746.5779349729419 2021.220378339291 216.0062162876129 0 12.67032036185265 1280.576102353632 1040.496829368174 407.0122881308198 27.03133399784565 1455.830691963434 439.1964573934674 49.8392380848527 2.34125954657793 0.8595189303159714 0.257272943854332 0 0.3086017370223999 0 0 0.1718936115503311 0 0.2506886795163155 1.160225972533226 0.338064968585968 0.5921739712357521 0.1375942677259445 0.09492820501327515 866.2046947851777 54.64868815243244 21.36017905175686 0 0.1543310135602951 0 15.40374388545752 0.9829282611608505 2.116195268929005 2.639981776475906 1.037200465798378 2.834392018616199 0 0.2678587883710861 0.3331504613161087 0.4932933002710342 84.32121256738901 14.88358078896999 1.018523298203945 0.8673171922564507 1.054506309330463 0.2582575082778931 0 1.289677560329437 1.894720710813999 24.63710932433605 160.3719239681959 370.7680740058422 96.12295399606228 75.10406022518873 2.723451681435108 2.454535104334354 0 112.6670385524631 16.46530864387751 9.212211586534977 2.836457781493664 2.557110339403152 1.669877946376801 0.2684999480843544 29.58375561982393 1.897269919514656 0.2829321026802063 368.6854766532779 446.8694980293512 199.6964964345098 13.61882943660021 1.838141068816185 0.7960967719554901 18.48909482359886 1.80524780601263 14.7647757679224 21.80276140570641 0.946625143289566 14.22064534574747 12.44782050698996 14.99333646893501 0.9738057404756546 1.152149893343449 1.004042059183121 3.303421027958393 0.9469497129321098 0.3087192997336388 0.4952308088541031 4.199532501399517 506.5880962088704 0.6859477609395981 0 0 308.1637568920851 0.5508247464895248 1.845376968383789 8.01293782889843 8.572514474391937 2.118296831846237 77.89859735965729 3.399587705731392 64.7844855338335 82.19474624097347 57.43078361451626 22.40231923758984 191.3169120401144 173.6290123313665 226.5623870640993 134.8212369531393 2.321164652705193 6.160452388226986 0.1381551176309586 0.2580696195363998 0 0 0.1327858120203018 0 0.1810731440782547 0.2250923216342926 0 0 0 0.1240321472287178 0 0 0 0 0 3.472550764679909 13.39501570165157 0 0.5611573159694672 0 68.10746522247791 0 40.87027327716351 2.223257213830948 0.2046365290880203 0.1520151942968369 0.1565384417772293 0.2272752523422241 1.87083987891674 3.919683173298836 0.828777477145195 0 7.037556000053883 13.74022429436445 0.4544064998626709 0.7325448095798492 0 0 0.3535767495632172 1.385673463344574 0.3008981943130493 0.996660903096199 1.236855611205101 1.600913375616074 0.1330373734235764 1.328515008091927 0.9304872155189514 86.67330013215542 3.046454206109047 3.651304326951504 0.9855981841683388 0.21378543227911 0.6264376863837242 1.259088955819607 0.6067999750375748 0.4807709753513336 0.9229350537061691 415.33157107234 1.227338224649429 0 0.121863879263401 0.5337249115109444 47.2584690451622 44.73592418432236 31.40221779048443 6.605231888592243 11.40873584896326 18.32269271463156 8.344334751367569 7.380480401217937 1.489689454436302 0.2373827919363976 0 0 2.201901212334633 0.4102925509214401 0 0.2909311354160309 150.1623789072037 57.23794227838516 51.32384988665581 740.3178362548351 159.0269988998771 644.568153694272 229.6073125451803 796.2324055507779 123.9825577810407 48.55739783495665 174.8987525254488 54.4157534763217 7.218435019254684 54.11576282978058 32.45308394730091 11.44926812499762 3.055636860430241 0.4615388512611389 7.789588563144207 18.79915818572044 2.336259886622429
233.4384217113256 328.021332912147 2053.005085542798 1.582965359091759 140.8453297168016 1.411352068185806 12.67032036185265 0 154.048485673964 13.30178585648537 1444.983650162816 4.992686554789543 20.1832339912653 201.2194930687547 67.64284414052963 35.50197007507086 3.790162608027458 1.368413425981998 1.484473124146461 6.607502922415733 13.38649980723858 0 18.84708923846483 1.286720931529999 9.365820080041885 0.7437508553266525 9.263288989663124 1.63859423995018 0.7920021563768387 0.1934750974178314 2727.18404635787 1838.039856627584 159.7584471479058 3.340286314487457 36.01864125579596 7.086555324494839 76.43492805212736 28.07309297472239 41.15521889179945 40.24768225848675 7.160115391016006 15.2806308940053 5.805255517363548 11.97821600735188 2.007664233446121 9.034312255680561 141.1732912138104 11.64282613247633 1.473604887723923 5.918896034359932 3.888049997389317 0.4215549677610397 2.810447841882706 6.698235407471657 0.6703315153717995 9.461409486830235 56.07179409265518 280.9205847382545 35.3052017018199 56.72154828906059 45.35251523554325 112.7798902094364 34.73777785897255 560.990221105516 8.04393994063139 6.670640908181667 7.712356083095074 13.45668280124664 55.32254699617624 49.2784014493227 19.26633530110121 16.54797530174255 0 142.6642180681229 298.7387012541294 209.2567843571305 86.61008343845606 30.68628586828709 606.3884164765477 2896.679569132626 169.5769382864237 2856.293408304453 10.90748614817858 0.9787208959460258 6.780520863831043 10.35041807591915 22.11936540156603 0.2725972905755043 0.8752090632915497 1.108205810189247 2.491422615945339 1.166058965027332 41.3706589192152 6.207245633006096 11.07772638648748 18.48148484528065 1.858847007155418 1.139867186546326 3.022107541561127 200.9274104088545 0 0.2633627653121948 0 0 0.3600383400917053 0.5547128319740295 0 0.6237729787826538 1.096280716359615 0.9377259463071823 1.298864930868149 2.25030928850174 4.186885356903076 6.71841824054718 11.13570837676525 3.497170552611351 3.946751900017262 0.3101127296686172 2.480744689702988 0.1221636608242989 0 0.3160365223884583 0.3631145358085632 0 0 0 0 0.9725500792264938 0 0.1550680845975876 0.1509948074817657 0.9702248275279999 0 0.3623623698949814 0.4696291536092758 0.5657191276550293 0.1682592481374741 1.91759979724884 0 18.67726095020771 1.670293271541595 21.4456145837903 17.38084018975496 5.267898611724377 0.444131463766098 0.6871924698352814 0.3062477111816406 0.2050671726465225 4.394850641489029 6.151465333998203 0.8891313076019287 0.4841648787260056 4.183910362422466 0.1089156344532967 0.462345615029335 0.2545144259929657 4.160871982574463 3.242882892489433 0 0.1061369255185127 0.1486217826604843 0.1286397576332092 0.1429889053106308 0 2.014912247657776 2.317414879798889 10.46175184845924 0.3432378172874451 0.5658621937036514 0.3340117931365967 0.4066109359264374 0.1005607321858406 1.565823435783386 0.5091168582439423 0 2.071550443768501 22.20423812419176 0.9538180083036423 0 0.2368123382329941 0.7445004284381866 2.239456757903099 5.453091084957123 6.002816528081894 1.288657493889332 1.548581182956696 3.531667828559875 4.52952329069376 0.3059611767530441 0.2430689781904221 0.4418204501271248 0 0 0.8196262866258621 0.1610541194677353 0 0 4.103335276246071 8.521512635052204 24.62297035008669 587.0282693356276 94.64387909322977 542.1593578904867 145.5854463726282 145.9248692765832 70.36759214103222 25.94724411517382 156.1580580174923 44.31004335731268 2.756942354142666 22.22316794842482 16.08787082880735 2.547596611082554 2.255627609789371 0 5.057889543473721 15.02866037935019 1.872865229845047
123.3867446035147 2088.539617180824 1580.927027218044 38.55327431857586 4253.844698928297 43.08485908061266 1280.576102353632 154.048485673964 0 194.569015853107 2354.796247936785 26.37400385737419 1931.151583023369 2287.767471201718 70.99932135641575 9.343965098261833 0 0.3628138303756714 0.2978682219982147 0 0.3978438079357147 0 0.3435239791870117 0 0.2560423538088799 0.5005343332886696 1.019105717539787 1.342529557645321 0.1756556183099747 0.397611029446125 798.6177109777927 117.7872732207179 186.2740193158388 0 0.5892522186040878 0.8734428286552429 67.17055647820234 2.918706297874451 3.144056387245655 4.658378601074219 0.8828431516885757 2.157679833471775 0 2.252537257969379 0.235048919916153 1.862702503800392 123.6051803231239 14.00859957188368 0.2917308285832405 0.610604390501976 0.9420669004321098 0.2850348949432373 0.6346227079629898 0.5924931466579437 1.137982964515686 14.2001274228096 62.696378454566 155.9763604104519 46.10621189326048 64.56024619936943 1.895291946828365 28.98011692613363 0.4707821905612946 188.1304526254535 9.965178959071636 6.93946035951376 1.343015499413013 3.464816734194756 2.074371576309204 0.562584362924099 44.40041537582874 1.724290311336517 0.302022323012352 180.9817687571049 313.8414286002517 233.4251313582063 44.46193460375071 5.813413858413696 2.780083529651165 60.64049752801657 1.837474428117275 18.85339331626892 13.44318823516369 1.765200547873974 9.032128661870956 8.098480969667435 12.33446418493986 1.683788441121578 0.9176988303661346 1.285239547491074 2.242942802608013 0.2250690013170242 0.8344491869211197 1.320058695971966 3.827041462063789 206.2366627082229 0.1992078125476837 0 0.9600331634283066 87.91319415718317 0.535823717713356 1.615125931799412 3.497351266443729 3.207994818687439 1.332973554730415 36.91255481541157 2.101383492350578 28.15302061289549 24.62129727005959 25.3909318447113 8.508834049105644 114.684036873281 78.71867170929909 136.8292364776134 81.84090746939182 0.9174913093447685 4.537389449775219 0 0 0 0.254181832075119 0 0 0 0 0 0 0.1387692391872406 0 0 0 0 0 0 3.782474413514137 8.151634901762009 0 0 0 58.02324543893337 0 30.89063729345798 4.517264097929001 0 0 0.6586934030056 0 1.701314806938171 3.850772634148598 0.3787817060947418 0 4.354242272675037 8.48592534661293 0.4620262682437897 1.226334363222122 0.2147254049777985 0.338863730430603 0.6370444744825363 0.6389552354812622 1.645331181585789 0.7507925853133202 1.024119362235069 1.191794961690903 0 0.4540499672293663 0 63.38280409574509 2.339195281267166 1.787382021546364 1.551400363445282 0.6805744916200638 1.256321333348751 1.449148260056973 0.74092186242342 1.083369843661785 0.6347796767950058 245.7775317430496 0.4522311389446259 0 0.2068456262350082 0.5367273539304733 26.7741201967001 27.5806452780962 17.64839570969343 4.254308752715588 8.815299808979034 10.84050416946411 6.585630476474762 5.127918168902397 1.074087254703045 0.1107884645462036 0 0 1.700706161558628 0.3623408600687981 0.3749770522117615 0.5657650083303452 78.45968885719776 54.09833566844463 42.59375732392073 925.8963709771633 121.8660940080881 756.2355374842882 207.4746437445283 322.9507609978318 116.3715594559908 28.57394856959581 258.6542009338737 51.48298002779484 4.151437513530254 36.80283297598362 23.74663539975882 6.954564280807972 3.417101994156837 0.6234524995088577 7.327206246554852 19.35658429563046 4.009708732366562
976.1407969743013 563.4371883347631 20.14058162271976 1496.307053729892 79.49406696856022 582.0287065207958 1040.496829368174 13.30178585648537 194.569015853107 0 48.56322200596333 2039.160619989038 6919.055582746863 2310.638884007931 13.82341315597296 1.437450908124447 0.2705047428607941 0 0.1178818643093109 0 0 0 0 0 0 0 0 0.3588301315903664 0 0 391.7693891301751 10.00907324254513 205.6030287966132 0 0 0 233.5721481740475 3.475977726280689 9.587805651128292 4.58394718170166 0 0.3986513614654541 0 0 0 0.3930633664131165 19.85396604239941 3.461018666625023 0 0 0.4771256223320961 1.537167623639107 0 0.2746418416500092 0.4339444264769554 6.512250885367393 132.4463580995798 231.4860704988241 37.99330671131611 25.69717419147491 0.2737654447555542 5.869210943579674 0 20.85516563057899 4.619484126567841 2.759664215147495 0.6675262898206711 0.6437505334615707 0 0.1610553860664368 859.2728209346533 13.85483317822218 0.2005052417516708 145.31630127877 125.0124520584941 47.45186085999012 3.280110269784927 0.6388551294803619 0.1507915258407593 83.57028102874756 0.7374037206172943 7.922141507267952 4.584146276116371 1.159757494926453 3.318724602460861 3.228557124733925 4.88588160276413 1.705704644322395 0.6310185119509697 2.938226073980331 0.715039387345314 0.1145653277635574 0.4206130802631378 0.1086623519659042 0.1774624288082123 1387.329636082053 35.63322940468788 0.2988356649875641 2.130001023411751 936.1881155595183 1.110743522644043 3.136161521077156 58.29039664566517 66.72788847982883 3.917507961392403 48.87218405306339 11.97297111153603 42.19726802408695 74.75234939157963 32.04308199882507 8.332487091422081 162.2588768303394 114.7909565418959 255.5747718513012 75.79263587296009 1.251844510436058 2.507123798131943 0 0 0 0 0 0 0 0 0 0.4136322438716888 0 0 0 0 0 0.6400871276855469 0 1.36822883784771 4.569780588150024 0 0 0 56.1919222921133 0.5072478055953979 28.33030259609222 1.874707892537117 0 0 0 0 0.5946305245161057 1.727261751890182 0.2014676928520203 0 3.581654652953148 5.805257268249989 0.1585714966058731 0.3279493451118469 0 0 0.1374922543764114 0.834874764084816 0.4414536356925964 0.1052087172865868 0 1.038716375827789 0 0 0 49.47718247771263 4.8899315148592 1.713514134287834 1.27999871224165 0.1396323889493942 0.128308430314064 1.748492792248726 0 0.1751077175140381 0.70597904920578 225.5071717277169 0.166104793548584 0 0 0.1222576051950455 21.88250111043453 16.91419672966003 16.99285197257996 2.442128896713257 8.124308995902538 9.412559948861599 6.192413568496704 2.641092009842396 0.5428667068481445 0.1225904896855354 0 0 0.5947079211473465 0 0 0 93.3555496186018 55.75897797942162 36.28475859761238 269.5193385481834 40.60351677238941 166.0000609830022 65.71132550388575 895.5718246400356 34.29104097187519 12.3988191857934 51.65327601879835 25.22242087870836 1.694653443992138 26.82236215472221 7.993101991713047 4.249272532761097 0.3953448310494423 1.034422904253006 5.335708871483803 3.087067812681198 0
648.5913769230247 1471.143170021474 3751.367215454578 12.20760042965412 891.3061515912414 4.318304926156998 407.0122881308198 1444.983650162816 2354.796247936785 48.56322200596333 0 42.02950256317854 551.7846624106169 3289.802011735737 89.17655697464943 30.25583893060684 4.724969528615475 0.446738600730896 0.2289773672819138 1.27203631401062 3.158880054950714 0 3.909166350960732 0.3152661323547363 7.144440539181232 0.5957573354244232 6.104718267917633 1.491933263838291 0.9248410910367966 0.811350092291832 3296.160129085183 604.718577504158 1754.851484209299 0.3418886363506317 8.634979650378227 5.79199306666851 471.0627866536379 47.93771231919527 56.6601554453373 49.11554015427828 0.9843502789735794 4.460297219455242 0.3993101716041565 5.663036815822124 1.230681777000427 5.432462573051453 155.3697119802237 13.95950701087713 0.7953581437468529 0.9686187356710434 3.375358439981937 0.4714155495166779 0.5614943653345108 3.138185605406761 2.051771588623524 15.9507944881916 71.90972607582808 269.8456786125898 52.36217109113932 67.85531222075224 10.49622511863708 736.8968373686075 20.16046997904778 346.083860129118 8.609362378716469 7.291569702327251 1.115259759128094 4.744122117757797 7.359245605766773 6.299066334962845 122.6364973708987 24.08020590245724 0.1767834275960922 176.0173593610525 327.1140489280224 270.9567185938358 87.53607612103224 23.93898718804121 60.07889072597027 1628.526863262057 10.15534466505051 614.1755002364516 13.19864328950644 0.8177714422345161 9.037066832184792 9.672434896230698 11.1623178049922 0.8940669596195221 1.012390196323395 0.4821384698152542 1.740566723048687 1.512927919626236 9.869036197662354 1.646302185952663 4.186205834150314 114.5858896374702 5.526568740606308 0 2.458354949951172 254.0127656161785 0.1575163453817368 0 0 0 0.7224077582359314 3.465582385659218 0.3423528373241425 2.508726567029953 2.243894726037979 3.797032848000526 5.670641764998436 12.43570102751255 10.50951114296913 19.37249760329723 31.27106347680092 3.941319525241852 5.697687938809395 0.3276208341121674 0.9502132683992386 0 0 0 0 0 0 0 0 0.6191591620445251 0 0.4495528787374496 0.9819110929965973 0.2773718237876892 0.5039725601673126 0 0.3149163350462914 6.292450994253159 0.6487343311309814 1.016881719231606 0 50.03476701676846 0.9217466413974762 38.71154230087996 16.90763979405165 3.38639135658741 0 0 0 0.5890285223722458 7.263477459549904 3.464107535779476 0.3038147985935211 3.987792521715164 9.216819107532501 0 0.4900631308555603 0.4739251732826233 3.348496779799461 1.337520435452461 0.1110857874155045 0.6363322734832764 0.3437399938702583 0.2077638730406761 0.4775149002671242 0 2.995380260050297 3.294533751904964 32.65497176349163 2.27485503256321 3.096171572804451 0.4684852659702301 0.3626250922679901 0.408372737467289 1.484906628727913 0.4526229873299599 0 0.3784326016902924 80.67271488159895 0.6131171137094498 0 0.2217999994754791 0.3681272342801094 15.52109955251217 26.12952935695648 20.92963168770075 1.442103378474712 6.3378926217556 10.11094696074724 6.969195529818535 2.669038534164429 1.46446580439806 0 0.1359285414218903 0.1104976981878281 0.4326790124177933 0 0 0 14.67211909592152 25.51217050105333 60.08443392813206 807.4204855188727 113.8158267959952 691.6575287878513 198.8162430226803 259.0680389180779 97.12525846809149 28.5213610380888 235.4446638002992 56.71737240254879 3.701057575643063 36.20217407494783 20.1401004716754 5.159530580043793 2.523274846374989 2.203780651092529 6.389574117958546 22.15052828937769 2.946855485439301
154.2624866366386 84.80429697036743 4.818947315216064 969.6160757392645 8.199284918606281 141.6144115775824 27.03133399784565 4.992686554789543 26.37400385737419 2039.160619989038 42.02950256317854 0 2385.405937418342 1406.061144560575 4.2551289498806 0.4808864742517471 0.1338110119104385 0 0 0 0 0 0 0.1942544132471085 0.2731367349624634 0 0 0 0 0 32.47194562852383 2.416536629199982 200.7603842318058 0 0.529465913772583 0 325.2964844554663 2.311698004603386 23.11350448429585 4.829792186617851 0 0 0 0.2551138401031494 0 0 8.310068361461163 0.1374774277210236 0 0 0 0 0.6610469818115234 0 0 0.5516134649515152 17.27635990083218 13.5723529458046 4.54243990033865 5.651651702821255 0 11.4064499437809 0 9.34882815182209 0.2296390905976295 0.3337822556495667 0.1495906710624695 0.2545765042304993 0 0 285.9282700121403 11.2331351339817 0 19.10849107801914 21.47684713453054 10.58007904887199 2.52288730442524 0.4170207977294922 0 60.9507392346859 0 6.451659306883812 0.6062091886997223 0 0.2708932012319565 0.3003497421741486 0.3157833740115166 0.4870161265134811 0 0.5205429047346115 0.1994118243455887 0 0.2110387086868286 0 1.024521321058273 968.2878835648298 3.5291628241539 0 0.3431742787361145 68.47384937107563 0 0 2.204251319169998 1.182729691267014 0.8620889931917191 15.68791033327579 0.6899449378252029 15.69018447399139 26.83739785850048 12.66892708837986 7.638457715511322 44.44097788631916 49.01430679857731 73.37285953760147 43.78835970163345 0.8167638331651688 3.16959810256958 0.3555745184421539 0 0 0 0 0 0.2263646423816681 0 0 0.6993779242038727 0.2168681174516678 0 0 0 0 0 0 0.5237171500921249 2.84965992718935 0 0.2721518278121948 0 47.64201951026917 0 20.91818180680275 0.9350258857011795 0 0 0 0 0 2.471373811364174 0.2934331297874451 0 1.501707971096039 6.733033135533333 0.4848676100373268 0.5629317313432693 0 0 0 0.1117685660719872 0 0.1608889251947403 0.4281053841114044 2.6517413854599 0 0.5914547741413116 0.1659180223941803 45.87655253708363 2.564257562160492 0.7796729803085327 1.090856820344925 0 0 0.4375097155570984 0.1954383999109268 0 0.8716385960578918 171.8252729922533 0.4745024144649506 0 0 0 17.20225577056408 17.95935896039009 13.1048047542572 1.606688931584358 9.044056072831154 6.05411634594202 7.76239050924778 3.02643171697855 0.621181532740593 0.2323814928531647 0 0 0.220767930150032 0 0 0 45.86199188232422 57.37942154705524 34.35279494524002 121.8542963266373 7.433994762599468 58.57605367898941 13.7327568307519 106.8987080603838 7.058991312980652 1.442789442837238 23.26787795126438 18.17665572464466 1.152634412050247 18.29925414919853 0.8155865296721458 2.916609823703766 1.418502375483513 0 4.728733107447624 1.226343646645546 0.4613514542579651
330.380404189229 943.7273617461324 34.70177614688873 2219.207941628993 2026.322703540325 413.6819873601198 1455.830691963434 20.1832339912653 1931.151583023369 6919.055582746863 551.7846624106169 2385.405937418342 0 5120.075198225677 45.25959903001785 16.65407691895962 0.1607789546251297 0 0.1788526177406311 0 0 0 0 0 0.427445188164711 0.6250471472740173 0 0.3860681504011154 0.1512924879789352 0 219.6328508555889 38.34169191122055 803.221803188324 0 1.279509037733078 1.556832551956177 481.1845328584313 17.55947254598141 822.987375125289 130.0756005570292 0.2317701280117035 2.28244985640049 0 3.457982733845711 0.1627459079027176 2.077851444482803 77.02675797045231 7.598957985639572 0.194941058754921 0.1432206779718399 0.7956693321466446 2.641531586647034 13.27820479124784 0.5106270313262939 2.412708081305027 8.77871161699295 72.21283632516861 127.7871552929282 37.03125981986523 30.69408781081438 6.864478945732117 81.26386833935976 1.825592935085297 86.67748085409403 6.064544729888439 2.552657634019852 0.5874379873275757 0.958353579044342 1.099846534430981 0.909315750002861 570.673267416656 472.1150781363249 1.757556691765785 128.8506917580962 169.7186064273119 119.9120646268129 29.79911371320486 9.105341598391533 2.117696486413479 134.7297252416611 7.797175168991089 72.43397518247366 7.173955895006657 1.621221475303173 3.687315233051777 4.941976450383663 4.381118141114712 3.254589572548866 1.129921592772007 4.958888448774815 0.817460410296917 0.7244498282670975 0.8249396234750748 0.1542351543903351 1.304937288165092 2800.737382620573 1013.283019691706 34.90562999248505 440.3754267990589 270.6665993183851 0.8902887552976608 2.402235001325607 5.165546089410782 5.326631426811218 2.849495589733124 83.22426426410675 3.214947879314423 63.66609369218349 116.345899105072 66.35994012653828 29.28947953134775 245.6053251177073 213.3069190979004 322.0520648360252 206.6383787989616 14.12692112475634 19.66635034233332 0 1.328687973320484 0.1664368212223053 0 0 0 0.5105835050344467 0.1721818596124649 0 0.7582361400127411 0.5192621946334839 0.2989187836647034 0 0.1594657599925995 0.7870335876941681 0.1612332463264465 0.284212201833725 4.243831247091293 18.92155241966248 0 0.7295952290296555 0 274.3109232485294 2.190021276473999 151.2361464872956 44.24099523574114 4.380522593855858 0 0 0.22333624958992 2.969347313046455 33.90752564370632 6.416005812585354 0 10.90133461356163 37.27470153570175 0.3914749547839165 2.343257933855057 0.3043659925460815 3.566758677363396 0.1324110180139542 2.47115421295166 1.822630867362022 0.7867913320660591 2.83963018655777 4.470417186617851 0 3.769734993577003 5.107135526835918 212.4979950115085 8.702810719609261 7.091107718646526 2.353399708867073 0.4043172374367714 1.945986583828926 2.429101020097733 0.4363526552915573 0.5101362019777298 1.931669235229492 669.2205734848976 15.58018968999386 0.1636795997619629 0.2282207980751991 0.4720919132232666 70.67393690347672 90.33566061407328 72.17087329179049 11.89362919330597 31.47054982930422 47.1577005982399 24.81142608076334 16.42108442634344 3.21322388201952 0.6541703045368195 0 0.1250280439853668 0.8478038012981415 0 0 0 209.0466752797365 234.7741401791573 321.3232625126839 660.4130342975259 81.76762031763792 397.3170635551214 123.5231412500143 633.9421900287271 68.99952470511198 16.40283121168613 171.4581626951694 115.7009991034865 6.726206675171852 103.7760473713279 19.54365762323141 14.5602520853281 9.457799665629864 0.6029302030801773 20.39119096845388 15.26364324986935 2.445760950446129
