0 3253.201097764075 834.8461751639843 1981.546116039157 315.2858303040266 240.7525375932455 619.5450358986855 555.9416250213981 235.1978178173304 1238.061657682061 876.8227131217718 174.790055051446 299.5336103439331 579.8714320212603 10.58826852589846 2.896982535719872 0.266739197075367 0 0 0 0.5331463813781738 0 1.333023905754089 0 1.295137420296669 0.1592053771018982 1.155321426689625 0.7907511293888092 0 0.4022720828652382 507.8798890039325 11.06780877709389 3.882655777037144 0 0.9405620396137238 1.059370830655098 5.401149764657021 2.307704344391823 2.193429693579674 2.552513599395752 0.6535157412290573 1.201173812150955 0 0.2967747375369072 0 0 27.32344972342253 13.79926402121782 0.1006971672177315 0 1.250711604952812 0 0 0.2901631146669388 11.59915494918823 12.69241459667683 638.3618133142591 1598.295640580356 41.13406656682491 9.66059098392725 0.9750064313411713 1.166036672890186 0.9848158657550812 3.622660398483276 6.042467303574085 1.965119414031506 0.1825216859579086 1.01694843173027 1.579852290451527 0.1871035099029541 4.668636277318001 4.29128323495388 0 352.2569783851504 54.36785916239023 20.80043593794107 4.104250989854336 0.7965822294354439 1.613075613975525 163.688319042325 0.846265584230423 11.63545591384172 16.69898571819067 0.6603227853775024 6.460024937987328 2.991485975682735 4.163053154945374 0 0.3515022993087769 0 0.4623840600252151 0.6590594351291656 0.1468182951211929 0.6115052103996277 0.2419002801179886 87.49689029157162 0.2874243855476379 0 0.3869205117225647 1474.823898233473 1.438950777053833 3.829846054315567 2.068901002407074 1.687572866678238 0.4172667860984802 9.101745530962944 1.923628330230713 5.601069763302803 20.64617830514908 3.633675515651703 0.4853671789169312 12.07393848896027 2.956642985343933 6.861734449863434 0.7933197021484375 0 0.4555097371339798 0 0 0 0 0 0 0 0 0 0 0.3362788259983063 0 0 0 0 0 0 0.4808911085128784 0 0 0 0 1.331123769283295 0 1.70392119884491 0.4009490013122559 0.1454198211431503 0 0 0 0 0 0 0 1.411875218153 0.09500481188297272 0 0 0 0 0 0 0 0 0 1.206663936376572 0.2894741594791412 0 0 2.300215944647789 0 0 0 0 0 0 0 0 0 1.367152392864227 0.2910846769809723 0 0 0 0.3540429770946503 0 0.96427371352911 0.3477195799350739 0 1.576439961791039 0.96692755818367 0.1352835595607758 0 0 0 0 0 0 0 0 0.2523425221443176 0.5892594158649445 0.3207187950611115 70.69065728038549 8.602080024778843 76.88271210342646 15.1134362667799 662.5006764680147 13.69405268132687 0.4093112200498581 16.48775009810925 1.382193870842457 0.4506647884845734 0.8534550368785858 0.2277204170823097 11.30734214186668 0 0 0 0.3837638944387436 0.204503133893013
3253.201097764075 0 1504.074174620211 1012.966204605997 4324.514795817435 281.1804182529449 4369.043195225298 910.1622362732887 4916.602921694517 115.9123300462961 3436.095267184079 2.403363756835461 656.4929939135909 1392.244611084461 32.97974032908678 2.774988800287247 1.550723142921925 0.1473209708929062 0 0.8361432626843452 0.9010358303785324 0 0.3691333830356598 0.8377623185515404 1.427462294697762 0.6572894155979156 0.773099422454834 0.9886289089918137 0.4641326516866684 0.1072470918297768 1512.507874503732 47.92183516919613 12.06947942823172 0 1.058481559157372 1.924124494194984 8.682766914367676 1.687049031257629 1.317074596881866 2.198868289589882 2.37205559015274 0.6250333786010742 0 0.1443587690591812 0 0.7139125615358353 125.9236407727003 43.13899260759354 2.323092512786388 0.4135448485612869 2.777358047664165 0.2706006020307541 0 0.3619496077299118 31.2971259355545 41.47321794182062 228.5498881042004 925.1046309396625 18.63069869577885 60.30537680536509 2.743205606937408 2.091139942407608 1.180000439286232 29.22358730435371 14.52092392742634 4.785993807017803 3.337406657636166 2.818637549877167 3.137253433465958 1.079852171242237 8.902105793356895 2.07754785567522 0 535.8499650880694 269.5727490782738 111.4134895503521 11.24691408872604 3.975807398557663 5.027969181537628 179.0409139245749 0.624398484826088 26.68955738097429 45.90654923766851 0.7880643457174301 22.47367184609175 13.5369131937623 20.02867424488068 0 2.396692082285881 0.6475891619920731 0.8870613574981689 0.2663396596908569 4.541577585041523 2.668267272412777 0.32485131919384 73.84660132974386 1.195483759045601 0 0.7631577774882317 774.9072420597076 2.639351695775986 4.323953062295914 14.15610209107399 5.310022935271263 0.903002142906189 76.32702699303627 4.084686815738678 32.74180196225643 16.17708519101143 19.18438632786274 6.050663650035858 70.90459701418877 29.16215333342552 48.53223076462746 7.485936760902405 1.431162998080254 0 0 0 0 0 0 0 0 0 0 0 0 0 0 0.2466858923435211 0 0.2002071887254715 0 0.7817125022411346 0 0 0.3332228064537048 0.1628652364015579 8.512473061680794 0.7348316013813019 3.126316115260124 1.290025785565376 0.9433992728590965 0.3629080504179001 0 0 0 0 0 0 0.7529289126396179 3.870000049471855 0 0 0.1031851693987846 0 0.1178508102893829 0.09397035092115402 0.1840785890817642 0 1.013607710599899 0.752413734793663 0 0.1406254023313522 1.378858909010887 9.072940118610859 0.5598092675209045 1.469583235681057 0 0.4405887648463249 0.143355205655098 0 0 0.1182916164398193 0 14.99081776291132 0.4035243391990662 0 0 0.1988803297281265 5.77275387942791 1.223802626132965 2.452243432402611 1.281675562262535 1.342834025621414 3.583433598279953 0.1431640237569809 0.4136719107627869 0.2117524147033691 0.08491886407136917 0 0 0.5411073639988899 0.3046995997428894 0 0 4.948370024561882 2.4316426217556 2.656573534011841 148.1768207475543 28.82136237621307 311.2037741914392 39.41756402701139 839.9214563667774 30.60784832388163 2.791246719658375 52.71370202302933 10.9995439350605 0 9.536676950752735 0.5633077770471573 53.25784906744957 0.1743468642234802 0.1346365213394165 1.893634110689163 0.6794956922531128 0
834.8461751639843 1504.074174620211 0 93.57927131652832 409.7652979940176 27.14961196482182 57.36283653229475 4780.184151679277 1023.922257311642 1.802956193685532 4371.645486466587 0.398238867521286 19.5110370516777 1062.143122240901 40.98742759227753 10.81873278319836 3.452761612832546 1.344968251883984 0.6968656182289124 32.11146136373281 36.12256221473217 0 57.99087299406528 8.064801082015038 25.81059472262859 2.749922476708889 10.63618525862694 2.845502488315105 0.3863657638430595 0.5884327441453934 4147.899588271976 936.1080694645643 9.064066469669342 2.584493473172188 48.04730408638716 36.10818250477314 5.983324863016605 2.383640095591545 1.746555611491203 3.041983775794506 22.70323166996241 6.135192580521107 6.229828432202339 4.333644703030586 0.3092124313116074 3.257896482944489 117.5352460667491 34.45534879714251 2.111071161925793 2.941301502287388 34.1625793799758 0.1072744056582451 0 0.6138094514608383 18.91794180870056 33.26158401370049 143.9198903292418 1227.184703119099 10.77190227806568 52.66977341473103 70.05983952432871 9.367738261818886 76.68774457275867 278.0771194547415 12.80605706572533 4.585091814398766 2.606973275542259 26.75314757972956 67.18294209986925 53.75129520893097 5.864300206303596 0.856870099902153 0.2285458669066429 403.0779301300645 346.2277117818594 126.906736806035 21.61580362915993 9.497666098177433 257.3106855973601 1341.844779387116 14.90273614227772 993.5303554907441 28.6366113871336 0.7299982830882072 19.46707370877266 10.13997854292393 21.51559747010469 0.1313011646270752 1.082426480948925 0.6008652150630951 1.187650084495544 0.5694181099534035 118.1384607627988 24.32259820401669 1.989720098674297 2.199698351323605 0.5789644718170166 0 0.1697961837053299 387.1661857441068 0 0 0 0.2331843078136444 0 3.586305916309357 0 3.801578924059868 1.472955584526062 1.667241796851158 0.4005796015262604 1.653425917029381 3.161099940538406 3.520202845335007 1.081284418702126 0.8193962574005127 0.7676687240600586 0 0 0 0 0.5158596634864807 0 0.196325957775116 0 0 0 0.1510961353778839 0.2402054816484451 0.9429865181446075 0.3417533338069916 0.6809031963348389 0 0.1645194739103317 0 0 0.2670293152332306 0.3391761034727097 0.3164165914058685 2.541432544589043 2.474662005901337 2.536394208669662 4.766017124056816 5.179431073367596 0.5451371967792511 0 0.3360136449337006 0 0 0.8780844509601593 0.1253409087657928 0 1.396336168050766 0 0 0 0.9214595109224319 0.1657852381467819 0 0.2089579552412033 0.3095041066408157 0 0.3270621597766876 0 0.7379205152392387 1.105323106050491 5.861380070447922 0.6850958615541458 0 0.1350165158510208 0.3030663132667542 0.1081946641206741 0 0.1216151267290115 0 0.4257010072469711 4.275515705347061 1.17789900302887 0 0 0 1.451706498861313 1.708495885133743 2.706437289714813 0.3612878620624542 0.2933241128921509 2.29279337823391 0 0 0.1269822269678116 0 0 0 0.4982205852866173 0.1381331384181976 0 0 1.013753846287727 1.62611985206604 4.063559710979462 122.1215252429247 27.02245231717825 273.6458930745721 45.33589988201857 232.2089528217912 22.64528536051512 2.518527746200562 48.56575351208448 6.033982500433922 0 3.647102080285549 0.7463766634464264 8.964812621474266 0.198424831032753 0 1.112941324710846 0.7309494316577911 0
1981.546116039157 1012.966204605997 93.57927131652832 0 420.1921836957335 618.7922795414925 1679.144702970982 3.311309225857258 293.0778424739838 2211.594532042742 81.96390083432198 93.59813047200441 2002.892163902521 70.73029858618975 6.574996635317802 0.1258985847234726 0 0 0.1353660523891449 0 0.3853544443845749 0 0 0.1131673231720924 0.1663827300071716 0.1524236351251602 0 0 0.2127647697925568 0 44.84252448379993 1.583312198519707 1.423951610922813 0.1335439532995224 0.1017568409442902 0.1285838335752487 0.9392878264188766 0.3372827172279358 0.5409314036369324 0.4449492543935776 0.3997286111116409 0.2264722213149071 0.1184424087405205 0 0.2178592383861542 0 25.6560702547431 17.62009425461292 0.3446274250745773 0 0.5798967480659485 0 0 0 12.55799469351768 13.2945290133357 155.3277377411723 427.9494723901153 11.43146892637014 14.4218026548624 0.2559659779071808 0.4678170382976532 0.1190374419093132 2.919626392424107 5.028683215379715 1.217181660234928 0.8350047543644905 1.142475664615631 0.5897131934762001 0.1192978695034981 0.3968678414821625 0 0 268.9176394194365 83.91557658463717 16.18899043649435 0 0.2931445688009262 0 2.697878152132034 0.1492836028337479 0.7897241860628128 17.62477315217257 0.3855809271335602 6.352858558297157 3.225294463336468 7.910829566419125 0.1393599957227707 0.6161067262291908 0 0 0.1215703338384628 0.6022206470370293 0.3002136796712875 0.1079118028283119 149.1038264036179 0 0 0.230939619243145 370.6404128298163 0.2000566720962524 12.49177564680576 14.7576359808445 5.683270454406738 0 52.73258295655251 4.994958117604256 27.30003127455711 31.26784786581993 22.81729705631733 6.118537068367004 70.72341260313988 34.23933197557926 29.76657578349113 4.619064062833786 0 0 0 0 0 0 0 0 0 0 0 0 0 0 0 0 0 0 0 0.3694340437650681 0 0 0 0 1.848834082484245 0 1.579613536596298 0.5309155732393265 0.1395562738180161 0 0 0 0 0 0 0 0 0 0 0 0 0 0 0.1220666691660881 0 0 0.4219614565372467 0.7651333212852478 0.2106991559267044 0 0 1.003366246819496 1.037291556596756 0.8682784140110016 0 0 0.1201287284493446 0 0 0 0.1379374563694 4.732598140835762 0 0 0 0 0.6227814555168152 0 0.3024735897779465 0 0.5039108842611313 1.158018454909325 0 0 0 0 0 0 0 0 0 0 6.701832145452499 1.516241014003754 0.7767242044210434 32.44214034080505 5.083046309649944 86.84563092887402 6.688867188990116 744.207044750452 7.863503575325012 0.6613683924078941 2.5238291695714 6.926079392433167 0 1.280309975147247 0.2778729721903801 61.49669826030731 0.1245409771800041 0 0 0 0.1609637886285782
315.2858303040266 4324.514795817435 409.7652979940176 420.1921836957335 0 44.20985519886017 2177.794365599751 13.76325604319572 6015.290917821229 363.6100481450558 1378.134522587061 15.55899846553802 196.1564375683665 225.8266222774982 53.54707419127226 1.554704487323761 1.404737792909145 0.2632465958595276 0.1263198852539062 0.6475793793797493 0.2620386034250259 0.3629415333271027 0.4356620088219643 0.3415705040097237 0.1972545981407166 1.122480310499668 0 0.4218456447124481 1.390018671751022 0.3555737286806107 67.43633326143026 28.00912500172853 36.16544130444527 0.1255353838205338 0 0.4572695419192314 19.62571089714766 0.3454657644033432 2.008711747825146 0.3383731693029404 0.5823381841182709 0.5739874988794327 0 0.5813329517841339 0.1416362673044205 0.1190783008933067 199.4784729555249 33.08413652330637 2.346276320517063 0.1806764006614685 1.583062723278999 0.1231797188520432 0.1856987923383713 0.1490328907966614 22.7238939255476 31.36696495860815 51.58668994903564 117.6592842340469 3.664020426571369 72.48098522424698 1.616421729326248 3.954499930143356 0.3488427400588989 32.21448088437319 15.1768447086215 4.126309685409069 1.944078043103218 2.503185145556927 4.388320833444595 0.2568827196955681 78.76357065886259 6.556653469800949 0.1628720164299011 256.6056429669261 185.451634131372 184.0633768886328 17.23644030839205 1.177324488759041 0.387140765786171 21.67545799165964 0.3453517556190491 4.863276802003384 24.49480400234461 0.4144094884395599 21.03473777323961 13.33327947556973 14.66363795101643 0.2011600881814957 3.016158930957317 0.1322197169065475 0.4718907028436661 0.4893449991941452 1.719067394733429 1.258006311953068 1.138738580048084 188.2399592101574 5.474701285362244 0 6.291318997740746 20.91012082993984 6.327563673257828 11.5165493786335 32.11371727287769 8.748404175043106 13.32634745538235 139.9504757970572 8.879530623555183 161.0403250157833 76.0413880199194 59.51188890635967 59.37370036542416 408.2267761081457 176.0875070542097 271.4738192558289 79.62973023951054 3.208830282092094 2.888942763209343 0 0 0 0 0 0 0 0 0.1686966121196747 0 0 0.6731301248073578 0.2016939222812653 0 0 0 0 7.48385950922966 3.512640208005905 0 0 0.3012540638446808 57.94004811346531 2.796197324991226 24.81722600758076 4.501099452376366 0.8349132239818573 0.2324285954236984 0 0 0.1714423596858978 0 1.108841821551323 0 6.047788426280022 19.71005146205425 1.035899177193642 0.2056931257247925 0 0 0 1.639373943209648 0.8513962998986244 0.145455002784729 5.075761824846268 9.306200794875622 0.4750193059444427 0.8586264848709106 0 48.60392554849386 7.550808593630791 3.504222795367241 1.075479827821255 0.2361898273229599 0.2764296606183052 0 0.1060117855668068 0 0.2710346579551697 133.0155924111605 3.146693676710129 0 0 0.09691577404737473 31.73337672650814 4.735859021544456 20.78627544641495 11.61298716813326 17.41775497794151 23.01604369282722 5.032990515232086 1.896509975194931 1.531805731356144 0 0.1273544579744339 0.1033544763922691 0.2627274394035339 0.1284360587596893 0 0 41.71731056272984 16.58657486736774 16.09710714221001 242.393433175981 61.73478142172098 429.4276312142611 78.91415397822857 302.4148260727525 42.37610075622797 3.410230159759521 114.2159456685185 30.38223647326231 0.661124512553215 44.51362062245607 1.723617479205132 102.1688276082277 2.338555701076984 0.1376945227384567 9.673136278986931 1.369563296437263 2.288268029689789
240.7525375932455 281.1804182529449 27.14961196482182 618.7922795414925 44.20985519886017 0 296.3654315024614 9.189295738935471 65.74331958591938 1026.887168318033 15.36859641969204 277.1055916398764 424.6203458458185 78.10663452744484 1.568068638443947 0.3124875277280807 0 0 0 0 0 1.252768695354462 0 0.2623759806156158 0 0 0 0 0 0 20.47314292192459 0 25.405253469944 0 0 0 25.20386707782745 1.632225960493088 8.336204692721367 1.659891322255135 0 0.1244164928793907 0 0.3240622878074646 0 0 2.375733457505703 0.1278962790966034 0 0 0 7.000378370285034 0.1980582773685455 0 0.6919722929596901 0 124.166711166501 51.34642212092876 7.311414301395416 0.9491603374481201 0.1212435737252235 2.91759318113327 0 0.1511949598789215 0 0.4508522227406502 0 0 0 0 101.9670922011137 138.1512066274881 5.631671786308289 12.30583489686251 2.908822529017925 0.3186653554439545 0.114169254899025 0 0 12.05092279613018 0 2.186279684305191 0.6100159883499146 3.615989252924919 0.4418513923883438 1.498373232781887 0.273286260664463 7.300583079457283 4.035491839051247 10.09665443003178 0.7404846847057343 7.61617311835289 0.2532700896263123 0 0 333.9291767477989 34.4230055809021 9.091924652457237 18.4329354763031 421.531679674983 0 2.871221303939819 0 2.261772751808167 0 2.928121492266655 0 0.7938656210899353 7.300625339150429 0.6822288036346436 0.2116286009550095 5.160717025399208 0.3814502507448196 2.752850264310837 0.2656304836273193 0 0 0 0 0 0 0 0 0 0 0 0 0 0 0 0 0 0 0 0 0 0 0 0 0.2146378755569458 0.4059880673885345 0.3407941162586212 0.1378590166568756 0.3778988718986511 0 0 0 0 0 0 0 0 0 0 0 0 0 0 0 0 0 0 0 0 0 0 0 0 0 0 0 0 0 0.4980304539203644 0 0 1.010770171880722 0.826741635799408 0 0 0 0 0 0.3857052624225616 0 0.839293897151947 1.042116820812225 0.6650885939598083 0 0 0 0 0 0 0 0 0 0.7198902666568756 1.437483787536621 0 15.74475514143705 1.102503776550293 3.505206517875195 0.7313681542873383 85.17344342172146 4.864192113280296 0 2.811069265007973 1.772998601198196 0 0.9836253672838211 0 0.3324972093105316 0 0 0 0 0
619.5450358986855 4369.043195225298 57.36283653229475 1679.144702970982 2177.794365599751 296.3654315024614 0 5.194945782423019 1518.852008357644 1614.091678112745 28.57068651169538 69.59014585614204 3961.949620001018 230.9004080891609 32.83153734356165 1.400494791567326 0.5421348810195923 0.3554774895310402 0 0.2985328137874603 1.228432282805443 0 0.3403111770749092 0.1121098771691322 0.7251663058996201 0.7294529154896736 0.4601748138666153 0.5732476115226746 0.3885258436203003 0.1519224345684052 47.51849818229675 21.0535945519805 21.74447010457516 0 0.1282765716314316 0.2719095721840858 10.55663421005011 0.4115594327449799 1.218297034502029 0.6486145406961441 0 0.4247622936964035 0 0.1180891469120979 0 0.303572990000248 147.5140592679381 36.86807752400637 1.22377698123455 0.518762432038784 1.585844025015831 0.1897717863321304 0 0.08358294516801834 24.89492930471897 41.90953743457794 105.8489132300019 222.4196835458279 9.075316824018955 71.93108294904232 3.082416623830795 2.658838585019112 0.3531529456377029 30.97963150590658 12.58810858428478 4.977837324142456 2.150085978209972 1.576447404921055 2.549375548958778 0.2598919793963432 47.14683713763952 7.474158465862274 0 376.8864841908216 224.2287238463759 133.4727646112442 10.58428247272968 1.184800744056702 0.2272666990756989 18.3807111531496 0.7049090713262558 4.195372477173805 33.37159322202206 1.155006840825081 20.78635524213314 11.70362160354853 15.08769667893648 0.1500372588634491 1.0944709405303 0.8855115622282028 1.05943751335144 0 0.9649651944637299 0.1139798238873482 0.1391347497701645 650.8386182785034 3.349559605121613 0 2.842937961220741 119.6745994091034 10.64440979063511 19.94684952497482 55.20497976243496 22.00209042429924 11.97941872477531 221.7080137133598 11.4004034101963 183.438173532486 103.4916233420372 101.2294123917818 44.43309253454208 490.6344753056765 228.0972871184349 325.0301605463028 70.56160467863083 1.55889955163002 0.9260378628969193 0 0.1756587475538254 0 0 0 0 0 0 0 0 0 0 0.3989761173725128 0.5788028240203857 0 0 0 5.940831825137138 3.932969629764557 0 0 0.1870526224374771 40.16056066006422 1.297854900360107 14.02574437856674 4.623675361275673 0.2903541028499603 0 0 0.1241830438375473 0 0.6039727777242661 0.2331272065639496 0 6.676187932491302 24.02897483855486 0.285628966987133 0 0 0.2062526643276215 0.09060076624155045 1.770284503698349 2.352389797568321 0.1817712485790253 4.645238451659679 6.806264840066433 0.720999002456665 0 0.3357342779636383 45.25136387348175 7.862157389521599 3.0525087043643 1.586150154471397 0.1196315661072731 0.6960698813199997 0.1538206338882446 0.1266406923532486 0 0.4529829621315002 105.8803549408913 2.246305495500565 0 0 0.2858289480209351 27.97498682141304 2.103835090994835 15.74368964135647 8.94971739500761 11.83883675932884 19.56648024916649 6.297333091497421 1.46891662478447 0.5504028722643852 0.7262067347764969 0.1801834851503372 0 0.6906118094921112 0.1724767684936523 0.1144972443580627 0 42.91404150426388 8.55913233757019 11.00644736737013 167.9435971900821 32.83493734151125 363.2388175576925 45.570436604321 768.6896260157228 29.16230149567127 2.628070592880249 68.41554012149572 31.39354901015759 0.7194356918334961 38.43341461569071 4.512618407607079 159.552274569869 2.832117170095444 0 7.008088707923889 1.336716622114182 0
555.9416250213981 910.1622362732887 4780.184151679277 3.311309225857258 13.76325604319572 9.189295738935471 5.194945782423019 0 165.5616265535355 1.34570399671793 2172.930892758071 2.636879906058311 53.20337843894958 677.3857932761312 77.95830687135458 10.0075825676322 2.374801903963089 0.7943210303783417 0.1700858175754547 13.21909215301275 13.34310385584831 0 33.42497180402279 5.554333627223969 24.46505837887526 5.340709283947945 14.44467644393444 0.9196272492408752 0 0.6870158016681671 1671.967820592225 1389.042977355421 6.649188503623009 0.4652888923883438 28.51214531064034 38.00991834700108 2.863729827105999 5.852922193706036 0.9787990152835846 5.434881761670113 17.99764801561832 7.296423777937889 1.771140590310097 2.271944344043732 1.200808055698872 1.775908425450325 205.0721751302481 33.43652685731649 1.3761355727911 1.346534207463264 15.68109574168921 0.2059520930051804 0 0.574618749320507 16.30266200751066 23.49896637350321 90.11870388686657 494.4937046021223 7.254765309393406 72.04089219123125 105.0239713713527 14.97599095851183 41.94634930044413 262.1701001822948 12.7153877094388 5.107255294919014 2.72810086607933 7.747901529073715 18.17446254193783 23.76879931986332 4.889471858739853 0.5012490749359131 0.5886631980538368 332.8744455203414 358.0575767159462 222.2905274555087 60.5780575722456 10.80838040262461 1109.383025333285 1749.552377283573 114.1183457896113 2642.160400114954 23.88547439873219 0.7521751299500465 16.96613721549511 11.38361877202988 14.13368567824364 0 1.808753058314323 0.1745350062847137 0.665446437895298 0.5036138743162155 54.19003283977509 18.96569750458002 0.7172038555145264 1.142623871564865 0 0 0 112.6495256647468 0 0 0.19413822889328 0 0.1400294303894043 0.5189164876937866 0 1.150755882263184 0 0.2105365246534348 0 2.149890288710594 2.076819837093353 1.870747983455658 1.391484841704369 0.954171434044838 1.284591630101204 0.170561283826828 0.1806874871253967 0 0 0 0.2048988789319992 0 0 0.9152934476733208 0 0.8330560922622681 0 0.8211362212896347 0.4672900885343552 1.420281335711479 0.1976107209920883 0 0 0 0 0 0.3535211682319641 2.361342176795006 1.09634405374527 3.087023802101612 2.279715217649937 4.06682525575161 0.1969643831253052 0.1381101161241531 0.1171650066971779 0 0.6583320200443268 0 0.1539396941661835 0 0.3565471768379211 0.1181446015834808 0.1716087162494659 0 1.209849178791046 0.1083489060401917 0 0 0.1199062243103981 0 0 0 0 0.8974386304616928 2.538990080356598 0.1818258017301559 0.1562645733356476 0.2863047197461128 0.1203727498650551 0.3425450325012207 0.2217852398753166 0.2918248325586319 0.1179836839437485 0 2.070218399167061 0.6963547468185425 0 0.2981913089752197 0.4465260207653046 0.9103613197803497 0.7975439131259918 3.667698115110397 0 0 0.7299129366874695 0 0.2620817124843597 0 0 0 0 0.3788058459758759 0 0 0 0 0.6815435737371445 3.180732935667038 175.3323854133487 38.04517818242311 371.6255966499448 57.53490094095469 159.7893779724836 25.30745064467192 2.599688597023487 94.63159675896168 8.237992972135544 0.1051406189799309 2.831538625061512 0.9487807527184486 3.629755258560181 0 0 2.340105161070824 1.716739624738693 0
235.1978178173304 4916.602921694517 1023.922257311642 293.0778424739838 6015.290917821229 65.74331958591938 1518.852008357644 165.5616265535355 0 499.5144373998046 6879.925998292863 56.84954191744328 1370.918812975287 1626.373522184789 152.4821920022368 13.49055201560259 2.71488132327795 0.4504049941897392 0.2721325010061264 0.5445107966661453 1.118623435497284 0.3212659060955048 0.7407826259732246 0.5950026959180832 2.35337121784687 1.535867668688297 0.3207351416349411 1.029155820608139 0.6087646931409836 0.5484130531549454 64.94242035597563 23.65491099655628 74.79022558778524 0 0.5379917249083519 0.4417722076177597 58.71168242394924 1.447667613625526 3.483605705201626 2.10110978782177 2.19897036254406 0.6981708481907845 0.4459128454327583 2.892644159495831 0 0.5888087376952171 387.482695646584 31.91843557357788 5.644627198576927 0.4928834065794945 1.729751341044903 1.216567635536194 0.3256726711988449 0.4093649238348007 22.36380824446678 33.94962553679943 43.33648673444986 87.48213441669941 6.840214654803276 102.5797380581498 2.055919989943504 5.428311869502068 0.3623105958104134 34.1090751811862 16.50380059331656 6.351836651563644 3.869305811822414 3.091405265033245 4.707857236266136 0.2261230498552322 205.124780446291 19.54875546693802 0.0920928418636322 232.4445046335459 191.0656847208738 336.4069157242775 66.62836413830519 6.756112620234489 0.5925231873989105 56.67430394142866 1.471102938055992 4.253766655921936 25.77701410651207 1.426987208425999 21.04100126773119 15.36296766996384 16.09633111208677 0.4518375247716904 2.21614757925272 0 2.253286093473434 1.415133625268936 2.063440673053265 1.160593956708908 2.710583575069904 521.8549803942442 5.559592708945274 0.4207185804843903 9.091415479779243 26.2741840928793 17.94924032688141 23.80088542401791 66.6968464627862 16.84362842142582 19.87199211120605 289.018673017621 14.66600784659386 308.5279597043991 127.5741406083107 105.5711319893599 108.2587771639228 736.4282753765583 346.7696398794651 562.2487838417292 149.8027061372995 2.779224455356598 7.105528607964516 0 0 0 0 0 0 0 0.4839844852685928 0 0 0 0.1039460822939873 0.8267724215984344 0 0.3352713584899902 0.2352359741926193 0 18.25707475841045 6.102049857378006 0 0.3605836033821106 0 107.3764214888215 4.051148936152458 43.14633004367352 9.862576931715012 1.670403085649014 0.2699318528175354 0 0 0.3622523099184036 1.561572059988976 0.4067904055118561 0 8.053171962499619 37.38638447970152 1.030758589506149 0.7902568429708481 0 0.8446871042251587 0.4254134967923164 3.344844028353691 3.434757396578789 0.1147280260920525 3.531786531209946 19.79786708205938 0.1809059381484985 0 0.1598820388317108 103.4938707798719 12.17348609864712 8.888713419437408 3.334606565535069 0.1861643344163895 1.4157610014081 0.1189756318926811 0 0.343137264251709 0.3858026191592216 271.8144978433847 7.611578226089478 0 0 0.1240453496575356 60.97410017251968 2.023191004991531 43.85577584058046 23.1614853516221 19.62081464380026 38.37351571023464 8.564725369215012 5.547136291861534 1.392643876373768 0.2293573915958405 0.4690926522016525 0 0.9120655804872513 0.1168434321880341 0 0.1516504883766174 103.3218479305506 26.79754573106766 32.64826080203056 691.1674281954765 126.7173690497875 767.8423309847713 205.0262691453099 472.2213029488921 86.60873343795538 6.782438762485981 409.8178475275636 76.35124643146992 7.076299235224724 70.72271183878183 4.39675797522068 151.8637574613094 5.927313782274723 0.5852510333061218 16.6937320381403 5.918890714645386 1.314922824501991
1238.061657682061 115.9123300462961 1.802956193685532 2211.594532042742 363.6100481450558 1026.887168318033 1614.091678112745 1.34570399671793 499.5144373998046 0 1.935134291648865 842.2991110980511 10610.25318098068 428.2017235904932 2.438397988677025 0.4189780056476593 0 0 0 0 0 0.1787684857845306 0.1403937786817551 0 0 0 0 0 0 0 7.176480144262314 0.3938691914081573 11.93160063028336 0 0.09541976451873779 0 6.769718900322914 0 0 0 0 0 0 0 0 0 9.561054781079292 4.90812574326992 0 0 0.2550398707389832 0.1780067831277847 0 0 2.902371786534786 5.83806423842907 89.50289740413427 147.2232971042395 5.768621787428856 2.896575294435024 0.1125103980302811 0.453138567507267 0 0.7264715135097504 2.026650093495846 0.4954647123813629 0.3087827116250992 0.1069723814725876 0.2976531535387039 0.2049761563539505 57.4996951520443 7.379934906959534 0.2125336527824402 89.77020254731178 26.08432430028915 9.741560809314251 0.7539994120597839 0.2924244329333305 0 3.682419136166573 0 0.4294557794928551 5.722752451896667 0.4858545809984207 3.451124146580696 1.967853218317032 1.420558221638203 0.3401679694652557 0 0 0 0.6787053346633911 0.1151171699166298 0 0 729.3715654611588 17.80287450551987 0 4.065646767616272 580.546237975359 4.830633774399757 15.62624867260456 33.81975355744362 26.33841599524021 4.607340037822723 158.7808841019869 13.80092841386795 141.9775778502226 105.2079549282789 98.23591205477715 24.6763764321804 334.700814768672 161.1292957663536 203.7358369827271 23.39883814752102 0.6970060169696808 1.473112225532532 0.5217477083206177 0 0 0 0 0 0 0 0 0 0 0 0 0 0 0.1808421462774277 0 1.83210913836956 1.58229473233223 0 0 0 11.20902110636234 0.7998491525650024 4.10113126039505 0 0.6456981301307678 0 0 0 0 0.6993720233440399 0 0 1.422153800725937 8.838706851005554 0 0 0 0 0.1793851405382156 0.5126242935657501 0.4258027374744415 0 0.955312967300415 4.393929496407509 0.9675457775592804 0 0.140937477350235 19.11058875918388 4.072213932871819 0.1047741994261742 1.0736004114151 0 0 0 0.4681554436683655 0 0 36.81208299100399 2.185438692569733 0 0 0 6.097195029258728 0 5.285524815320969 4.623372361063957 4.381774187088013 3.945034176111221 2.710826590657234 1.123673662543297 0 0 0 0 0 0 0 0 35.83623288571835 2.59644290804863 5.787276893854141 18.32315488904715 1.993322394788265 31.35119240731001 3.076176233589649 754.7495064362884 4.246285058557987 0.36900894343853 5.450407259166241 15.40353153645992 0 15.18291649222374 0 106.6334135681391 1.461731404066086 0 2.740188241004944 0 0
876.8227131217718 3436.095267184079 4371.645486466587 81.96390083432198 1378.134522587061 15.36859641969204 28.57068651169538 2172.930892758071 6879.925998292863 1.935134291648865 0 10.34641416370869 557.3848685026169 4829.11716350168 63.73092209547758 10.62708642333746 1.270296789705753 0.7268262729048729 0.1598388105630875 1.398360498249531 0.8404388725757599 0 0.6798807382583618 0 4.358646079897881 0.6564025357365608 0.6668264642357826 1.669562749564648 0.96152663230896 0.3064495921134949 565.5399888753891 64.84585156291723 31.44708884507418 0 1.229811541736126 1.155486837029457 16.27280988544226 4.619869217276573 4.399620391428471 3.345500610768795 4.167821690440178 1.076607249677181 0.5014854967594147 1.861821047961712 0 0.564522422850132 155.4329391345382 27.72733402252197 1.14713616669178 0.1339584290981293 1.673285491764545 0.1102163419127464 0.1601198017597198 0.7692716643214226 17.60777832567692 22.99389553070068 58.76577354222536 275.0415706038475 8.397949777543545 51.75861233472824 0.8996043354272842 1.666091747581959 0.7399740293622017 36.69657568633556 10.54698593914509 2.960006646811962 1.972467623651028 3.126462660729885 3.364116780459881 0.411763422191143 32.10741270333529 0.9995519071817398 0 235.5946728363633 186.3824113085866 169.9066458642483 36.82373496890068 6.062181539833546 12.78827010840178 110.9078692421317 1.621899358928204 11.87076963484287 22.80149073898792 0.7929696217179298 13.82464701682329 7.858891673386097 11.63667333126068 0.08422639966011047 1.912912763655186 0.6084366589784622 0.3340610638260841 0.940211683511734 2.967058353126049 0.9128417819738388 0.4619038999080658 9.495374172925949 0.3140789568424225 0 0.6007793545722961 78.43033942580223 0 0.2891197502613068 0.7590959966182709 0.2474185526371002 0 1.737472414970398 0 2.254776626825333 1.85565322637558 1.229154393076897 1.956259280443192 8.014579102396965 4.086536809802055 6.3648461997509 2.87462617456913 0 0 0 0 0 0 0 0 0 0 0 0 0 0 0 0 0 0 0 0.6868728399276733 0.6432187110185623 0 0.1091801673173904 0 4.628434456884861 0.2694370672106743 1.295037463307381 1.626848809421062 0.5704140067100525 0.1811542510986328 0 0 0 0 0.2405491769313812 0 0 1.725815698504448 0 0 0.0954248458147049 0.09863197058439255 0 0 0 0.09715792536735535 0 0.3015512526035309 0 0 0 2.94994081556797 0 0 0.1049390435218811 0 0 0.1374339014291763 0.1170488521456718 0 0 6.026131130754948 0.672981321811676 0.1145562753081322 0 0.1087476015090942 2.383340865373611 0.4504972100257874 2.0755750015378 0 0.614984393119812 0.7483630031347275 0 0 0 0 0.1424884051084518 0.09153939038515091 0.4862627685070038 0 0 0 0.452972024679184 2.166711464524269 2.368251487612724 176.9602848663926 41.98344018310308 287.2895102798939 57.79818876832724 178.5110333114862 26.96232087165117 3.849420092999935 110.3769688755274 9.741493389010429 0.1064656153321266 3.060293778777122 0.7923566028475761 3.352665409445763 0 0 1.481988176703453 2.008615672588348 0
174.790055051446 2.403363756835461 0.398238867521286 93.59813047200441 15.55899846553802 277.1055916398764 69.59014585614204 2.636879906058311 56.84954191744328 842.2991110980511 10.34641416370869 0 2086.276595696807 141.666290089488 9.809440702199936 5.176520526409149 0.5868339985609055 0 0 0 0 1.83625316619873 0 0 0.2721863985061646 0 0 0.16629558801651 0.4977136254310608 0 0.170463964343071 0.1747693121433258 9.303606271743774 0 0 0 56.01290188729763 0.8945261240005493 2.833852902054787 1.681568995118141 0 0 0 1.02780020236969 0 0.1388027667999268 14.52043051272631 0.5386445969343185 0 0 0 1.890727177262306 0 0.6257530450820923 0.1194585114717484 0.6419063210487366 3.792147628962994 3.721245497465134 0 1.030886769294739 0 0.4222648441791534 0 0.2762122303247452 0.08604266494512558 0 0 0 0 0.1372574120759964 61.15800383687019 34.18146371841431 0 7.655277080833912 1.498104088008404 9.522108428180218 2.378390572965145 1.507788993418217 0 3.922733783721924 0 0.141447588801384 0.441764310002327 0.1680041253566742 0.6335261389613152 0.1161753088235855 0 0 0.11181640625 0.5356976538896561 0 1.888613432645798 0 0 0.8152971863746643 1084.80554702878 57.39570945501328 0.3910528421401978 2.560149282217026 53.00837267935276 4.564894869923592 4.226749122142792 13.47417517006397 5.857843667268753 4.138837307691574 54.81055010855198 1.735751315951347 49.83591648936272 22.75837405025959 26.10376408696175 13.6364958435297 148.3689317852259 80.9105339050293 159.9593015760183 32.82749849557877 1.394390895962715 0.4392804056406021 0.2359825968742371 0 0 0 0 0 0 0 0 0 0 0.1147762313485146 0 0 0.1795534193515778 0 0 2.653333649039268 1.261752486228943 0 0 0 26.17986908555031 0.3637663722038269 5.753300577402115 0.355808898806572 0.5198388546705246 0 0 0 0 0.4588479548692703 0.1540911048650742 0 2.155655041337013 5.629642069339752 0 0.4609854966402054 0 0 0 0.5227197706699371 0.4269075244665146 0 0.1624703109264374 4.043726041913033 0.5035965442657471 0 0 16.62013599276543 0.9947117865085602 1.150522753596306 0.2551047056913376 0.0990099161863327 0 0 0 0 0 65.45596249401569 1.517372190952301 0 0 0.1172899678349495 5.183635026216507 0.4291537702083588 4.770426973700523 4.119726106524467 1.267095521092415 6.507760815322399 0.6981767416000366 0.3408768177032471 0.1107005551457405 0.2057051062583923 0 0 0.2023221999406815 0 0 0 28.85006803274155 16.51378627121449 6.285643562674522 42.65491691976786 4.125560931861401 31.65240331739187 5.948134526610374 116.1280549392104 3.549094632267952 0 25.0536847487092 6.745413847267628 0.1870906502008438 10.64662309736013 0.496194452047348 21.67381437122822 0.7486012279987335 0 1.279005289077759 0.1720403432846069 0
299.5336103439331 656.4929939135909 19.5110370516777 2002.892163902521 196.1564375683665 424.6203458458185 3961.949620001018 53.20337843894958 1370.918812975287 10610.25318098068 557.3848685026169 2086.276595696807 0 2375.299190498888 172.2952709197998 54.97003969550133 10.46228343993425 0.5258154422044754 0 0.566554993391037 0.8137035071849823 17.59859883785248 0.1189011335372925 0.4326182529330254 4.416934862732887 1.295338295400143 1.293614059686661 4.089125350117683 6.871303580701351 0.3877928555011749 8.837479539215565 5.316986709833145 532.648550696671 0.1643073111772537 0.3362651765346527 1.846808388829231 189.433168977499 41.7224338054657 104.0399307757616 84.27316336333752 1.321266695857048 1.847716741263866 0.1205141469836235 15.760847248137 0.1411090195178986 3.853606373071671 238.2745331302285 12.06078848987818 7.522850468754768 0.4003465473651886 1.720222182571888 18.42066298425198 10.38127267360687 4.572788536548615 7.540187582373619 14.59572507441044 41.07855145633221 46.48141319304705 4.355635344982147 39.38349647819996 3.159177608788013 10.27754154056311 0.2399636581540108 15.29129091650248 4.477977506816387 3.225538246333599 1.307655975222588 1.884380526840687 2.1186638250947 0.1321397125720978 376.1553646624088 134.5216701626778 1.377120688557625 108.8236486390233 65.07563935220242 163.0578706040978 53.75298100709915 19.89062303304672 2.642335079610348 204.3514269068837 9.539933390915394 5.255293406546116 11.55198654532433 0.2933037057518959 8.479512803256512 4.812938898801804 8.183121509850025 1.29437343776226 1.912857063114643 6.249516166746616 2.459026128053665 7.537337608635426 3.121937163174152 1.295411586761475 3.001245550811291 5183.160747155547 69.75860084593296 1.878346532583237 10.79370673000813 106.1006624251604 15.56828604638577 28.84462378919125 72.18082509934902 21.85767924785614 23.37352362275124 339.1529680788517 20.48334264755249 366.8556075841188 177.8607215285301 164.361730709672 119.0840451419353 949.792665399611 516.9227867275476 837.1083098500967 208.6181779950857 6.00924264639616 8.337666340172291 0.1602836102247238 0 0 0 0 0 0.6564996391534805 0.2557151615619659 0 0 0.3019583523273468 0.1927857398986816 1.380632981657982 1.334529832005501 1.869783632457256 0.4123940616846085 0.8947240337729454 14.93015238642693 7.690225273370743 0 0.5948640257120132 0.6342973560094833 151.6936777383089 4.620007365942001 50.17422374337912 16.19372151792049 6.467191278934479 0.2367860227823257 0.129902571439743 0.1596060544252396 0.4601404070854187 1.397493422031403 1.144127652049065 0 8.701229996979237 51.33061324805021 1.185407981276512 0.4550956785678864 0.6655350178480148 2.935037672519684 1.192383587360382 2.024952813982964 2.525506168603897 0.495233066380024 7.565261907875538 24.72894056886435 0.2577587068080902 0.3514289855957031 1.650918781757355 109.9165401160717 14.70902560651302 5.453450493514538 3.73454162478447 0.2997538149356842 0.4918711334466934 0.1437106877565384 0.4622528702020645 0 0.7902212738990784 443.2360634058714 31.76511926203966 0 0 0.1357035338878632 59.51420991122723 4.626656621694565 49.42465351521969 20.55767989903688 25.44068923592567 42.38911203294992 11.01698243618011 7.082805618643761 3.033692486584187 0 0.2992829233407974 0 0.1140734255313873 0 0 0 226.4162504673004 78.14825773239136 53.35459659993649 568.0300289019942 92.36890376359224 435.1750970631838 151.9781811833382 509.8780440315604 47.01599226891994 3.574914842844009 330.7313283905387 77.75465840101242 2.816481575369835 80.44358143955469 3.666107274591923 124.1439521759748 8.561476290225983 0.3660582900047302 20.85148033499718 6.396874085068703 1.910698026418686
