0 2325.306076653302 495.1817947179079 838.553554341197 509.4151581972837 83.963862195611 304.9145217388868 2.634714752435684 105.0752601400018 1237.193625882268 73.15387041121721 108.4310783743858 358.8738575428724 151.8453371301293 0 0 0 0 0 0 0 0 0 0 0 0 0 0 0 0 250.5051198899746 0.8237485513091087 1.286082208156586 0 0 0 1.778034627437592 0 0 0 0 0 0 0 0 0 9.736737571656704 5.952991604804993 0.4405526518821716 0.4020866304636002 0 0 0 0 0.3297345414757729 0.8188632726669312 131.2062844708562 1541.552350200713 9.970763593912125 5.493791073560715 0.2617330476641655 0 0 4.384001448750496 1.460264414548874 0.278341181576252 0 0.1058368161320686 0 0 5.970693290233612 0 0 59.11967469751835 20.59549640119076 8.44820898771286 3.439640671014786 0.6837356686592102 0.7113523483276367 0.1785767078399658 0.6678963601589203 1.777315437793732 6.692948132753372 0 3.401802368462086 1.126491591334343 1.604631744325161 0 0.08138430863618851 0 0 0 0.1216524615883827 0 0 29.07578872144222 0 0 0 781.6367163211107 0 0 0 0 0 12.6976547986269 0 0.3051637709140778 18.76624777913094 0.4868254065513611 0 2.58001147210598 0.6031262874603271 0.9892381131649017 1.789404340088367 0.9716683626174927 0 0 0 0 0 0 0 0 0 0 0 0 0 0 0 0 0 0 0 0 0 0 0 0.5670916438102722 0 0 0.3197186589241028 0 0 0 0 0 0 0 0 0 0 0 0 0 0 0 0 0 0 0 0 0 0.253560334444046 0 0.8133369088172913 0 0 0 0 0 0 0 0 0 0.5209074467420578 0 0 0 0 0 0 0 0 0 0 0 0 0 0.08514770120382309 0 0 0 0 0 0 0.5748986601829529 0.9639939665794373 0.6010630130767822 14.37237837910652 0.3175864964723587 31.09187509119511 3.450167901813984 953.5058432966471 7.230654343962669 0.1531514823436737 0.1891421377658844 0 0 0.6151682734489441 0 3.128025054931641 0 0 0 0 0
2325.306076653302 0 1575.930819839239 1945.532356142998 5241.438872180879 380.4494668841362 2539.266972616315 33.63880158960819 4860.055436320603 953.7426384538412 513.3629455938935 53.1145289093256 1213.427393905818 2093.725952327251 3.23310974240303 1.421590454876423 1.266002081334591 0.423920527100563 0.3493582233786583 0.4057753458619118 0.4071433171629906 0 0.1443685591220856 0 0 0 0 0 0 0 2763.758050091565 8.469878934323788 0.6692708730697632 0.1594127118587494 0 1.138895630836487 7.81814581155777 5.897404491901398 0.8106859773397446 0.2179816216230392 0 0.385183185338974 0.3163588345050812 1.447411306202412 0.2259778678417206 2.225800953805447 182.015420101583 52.36016757786274 1.988660030066967 1.177764594554901 1.505231581628323 0.1191738322377205 0 0 2.837142944335938 9.032791219651699 68.17295496165752 1396.758265323937 31.3773864582181 62.27546117454767 1.635001346468925 4.233696103096008 0.3342514932155609 81.79845903813839 13.44955744594336 7.556077308952808 4.51958604902029 1.804521709680557 0.6883587688207626 1.200048416852951 15.00380711257458 1.082176357507706 0 242.0643213838339 229.9048310592771 112.7119070366025 72.29174505919218 9.265972718596458 2.969605840742588 6.84033764898777 3.485897801816463 3.350327596068382 57.63666386902332 0 33.5422178581357 10.77824398130178 15.65423334389925 0 0.5667953193187714 0.1132809668779373 0.249434731900692 0.2790180146694183 0.9678222611546516 0.5031556487083435 1.059247896075249 121.4777883142233 0.3312638998031616 0 2.107303500175476 1031.29046240449 0 0 0 0.3708954155445099 0 169.915430098772 1.16357484459877 2.171254262328148 201.2590556144714 12.42104993760586 1.602779805660248 26.07195629179478 13.60270927846432 30.62630584836006 11.42480584979057 0 0.5212461352348328 0 0 0 0 0 0 0 0 0 0 0 0 0.1181621104478836 0 0 0 0 1.458550587296486 0 0 0 0 10.03142262995243 0 9.247872203588486 6.62146270275116 0 0 0 0 0 0.2518206238746643 0 0 0.3110047876834869 1.42686527967453 0.4169503450393677 0 0 0.1872235983610153 0 0 0 0 0.346405491232872 0 0 0.8680809140205383 0 4.713902309536934 0.2895303070545197 0.4675599932670593 0 0.448471873998642 0 0 0 0 0 16.19793522357941 0.4749619662761688 0 0 0 2.24604969471693 0.5763188600540161 2.337520003318787 0 1.770799219608307 0 0 0 0.1574939340353012 0 0 0 0 0 0 0 3.249841704964638 0.4327601194381714 2.772966295480728 171.7243090718985 6.758528172969818 533.7594491094351 63.13028264790773 2259.945032671094 45.6254245787859 1.938329271972179 66.51197648793459 7.566935315728188 0 3.172196611762047 0.6240477412939072 5.630416393280029 0.3799852728843689 0 0.3173365592956543 4.642413146793842 0.2734179496765137
495.1817947179079 1575.930819839239 0 61.58596213161945 3633.817640893161 5.529237270355225 165.4201254844666 2907.503249816597 1681.665826000273 11.77958019077778 7366.621345967054 19.45345562696457 908.9814001843333 2392.227540366352 15.61031213402748 11.86891443282366 5.812587559223175 2.055854111909866 0.1837065368890762 12.81830083578825 10.78086218237877 0 2.607925519347191 0.3192868232727051 0.7220941558480263 1.350187540054321 1.460413441061974 0.1088873669505119 0.1334909200668335 0 7258.756343439221 579.5740132927895 29.23729685693979 10.55499759316444 7.807487890124321 0.4492781609296799 51.20722937583923 1.826690837740898 0.4434452950954437 0.6192382723093033 2.564191117882729 0.7591215670108795 15.07323103398085 7.493778355419636 4.873720429837704 16.19647474586964 113.4180532470345 48.55869513750076 10.07662012428045 18.46029765158892 1.934775114059448 0.2298465818166733 0 0.4136195033788681 1.562647327780724 8.022799156606197 43.14463631808758 2219.669392704964 28.07666921615601 48.00979352742434 53.71773868054152 0.9081640392541885 3.368211567401886 868.2947918772697 10.78237833082676 8.896134793758392 4.23691301047802 6.324793629348278 13.84861009567976 69.598842702806 9.433443859219551 0.6165117174386978 0 197.1063954085112 507.796298712492 98.52499797940254 121.7539726048708 35.7581243366003 211.3282369375229 615.7913337424397 60.91887095570564 183.0310877561569 45.83963796496391 0 26.77483536303043 6.920923084020615 19.66135444492102 0 0.5232975333929062 0.4079448580741882 0.7783502638339996 0.2378162518143654 7.901663102209568 1.395289726555347 1.63638287037611 2.173521757125854 1.205496996641159 0 0 683.6129743754864 0 0 0 0 0 5.66977059841156 0.2489475309848785 0 0 0.477003276348114 0.669682502746582 0.9594860374927521 1.452728822827339 1.794013112783432 0.8367976695299149 0 0 0 0 0.159899577498436 0 0 0 0 0 0 0 0.1548318117856979 0 0 0 0 0.1558379232883453 0 0 0 0 0 0 0.8692726939916611 0.6957122460007668 2.494248554110527 2.54828929901123 0.3098143488168716 0 0 0 0 0.8003813624382019 0.1876613050699234 0 0.1072404608130455 0 0 0 0 0.8719761744141579 0 0 0 0.1069934442639351 0 0 0 0 0.3786648809909821 1.58930504322052 0 0 0 0 0.1414594948291779 0 0.5632839500904083 0 0.3699060082435608 2.678923770785332 0 0 0.1715139150619507 0.4736318439245224 0.1531791836023331 0 0 0 0 0 0 0 0 0 0.1010644286870956 0 0.09571611881256104 0 0.1434495598077774 0.1846853941679001 0.5029195249080658 0 0.8644984662532806 79.96481810510159 6.119377017021179 267.9491510614753 25.37598532438278 380.4088459014893 21.59806456416845 0.6608395799994469 14.64068679511547 0.5586997792124748 0.09230086952447891 0.1509692668914795 0.2255010008811951 1.434137016534805 0.2959609925746918 0 0.1643742024898529 2.084216915071011 0
838.553554341197 1945.532356142998 61.58596213161945 0 520.5948454290628 322.4276238828897 1290.71278654784 1.103499695658684 579.9231237545609 3463.320168524981 5.308291859924793 485.3590121567249 1940.837337687612 103.9447431638837 0.8374035358428955 0 0.1202728450298309 0 0.3104759603738785 0 0 0 0 0 0 0 0 0 0 0 66.29322850704193 2.151508145034313 0.8438755869865417 0 0 0 0.6974905952811241 0.5440135598182678 0 0 0 0 0.1479443162679672 0 0.1254439353942871 0.3017067909240723 65.77124924212694 18.41167355328798 0 1.032485231757164 0.6664770618081093 0 0 0.112919807434082 0.7889244556427002 2.717366181313992 18.39471682161093 228.9948003143072 12.04945188760757 20.19710446149111 0.5799931883811951 0 0 19.72511337697506 3.468743167817593 1.600218661129475 1.819749236106873 0.5359719544649124 0.1084525659680367 0.7444020062685013 8.13245852291584 0.4155750274658203 0 71.94020792841911 63.08687625825405 37.061528660357 24.39225822687149 2.849286377429962 1.048856124281883 0.4599118530750275 1.477891132235527 1.402779713273048 15.55371668934822 0 9.874670542776585 3.04279762506485 5.274983048439026 0 0.3171806111931801 0 0.08824216574430466 0.1221694573760033 0.5135956406593323 0.4428063854575157 0 98.19913305342197 2.16537344455719 0 0 143.8541638478637 0 0 0.5627611875534058 1.262767434120178 0.611303985118866 82.91726759076118 4.242674827575684 1.184318795800209 71.47957533597946 5.212359204888344 0.9933504015207291 7.217882961034775 4.508198574185371 9.026149109005928 5.148985028266907 0 0 0 0 0 0 0 0 0 0 0 0 0 0 0 0 0 0 0 0.2361747324466705 0 0 0 0 4.896905228495598 0.2350524067878723 3.368377238512039 2.339176848530769 0 0 0 0 0 0 0 0 0 0 0 0 0 0.3321135640144348 0 0 0 0 0.792921245098114 0 0 0.4765140116214752 0 2.934590101242065 0 0 0 0 0 0 0 0 0 7.563767299056053 0 0 0 0 0.9010739326477051 0 0.2662773430347443 0 0 0 0.2189931869506836 0 0 0 0 0 0 0 0 0 0.2609339654445648 0.5952128171920776 1.600755855441093 77.96958453208208 3.038603134453297 200.6448023319244 30.21286303550005 843.3705170452595 19.31633834540844 1.208279579877853 28.97824984788895 2.995652005076408 0 1.095095910131931 0 2.564595848321915 0 0 1.065690398216248 1.580773681402206 0
509.4151581972837 5241.438872180879 3633.817640893161 520.5948454290628 0 54.59548763930798 1327.183661438525 295.2567574754357 7596.169688299298 579.4322315752506 1544.252069368958 60.17479012906551 1074.399940751493 2609.897599630058 9.97134754806757 1.762249834835529 0.9285245984792709 0.572902113199234 0.303794801235199 0 0 0 0 0 0 0 0.2220830321311951 0.3502475023269653 0.4129354059696198 0 410.1686392575502 11.38994567096233 5.877752855420113 0.5357485860586166 0 3.036927461624146 17.60130149126053 5.43544539809227 0.8266153335571289 0.6264054775238037 0 0.5546358376741409 0.6470329016447067 1.485691323876381 0.6232869997620583 2.310256317257881 218.9922096729279 47.84082392603159 1.978403732180595 2.413570784032345 2.728062286973 0.2203685939311981 0 0 1.642636984586716 8.755911312997341 29.63381278514862 493.8559370115399 24.9743320569396 65.57281374931335 0.7870302051305771 2.635244265198708 0 110.7163746803999 11.77013011276722 6.63202290982008 3.168283306062222 2.158538356423378 1.998407691717148 1.990178354084492 29.25096423923969 2.294509381055832 0 162.8988678604364 221.0771763473749 142.7838324382901 133.1718605309725 16.91765885800123 4.553238824009895 15.70458605140448 4.444796808063984 3.000942304730415 45.16612723469734 0 23.3636360168457 8.805749893188477 19.07466331869364 0.124170146882534 1.068664684891701 0 0.9325594529509544 0.6976054087281227 3.284160248935223 0.7451422065496445 1.040701493620872 114.3098438829184 1.896761655807495 0 1.163394659757614 107.8559583723545 0 1.310788705945015 2.060507714748383 2.802392482757568 0.2151371240615845 75.08568650484085 7.500970780849457 6.813339218497276 8.341894313693047 31.9999997317791 6.07563804090023 75.13609753549099 40.87090949714184 92.76204240322113 32.49289551377296 2.185890652239323 0 0 0 0 0 0 0 0 0 0 0 0.5831907540559769 0 0 0 0 0.4890564680099487 0 0.3460665643215179 0 0 0 0 23.07844689488411 1.214535385370255 18.33675841987133 11.31779279559851 0.3344334438443184 0 0 0 0 0 0 0 0.3906345963478088 3.17220938205719 0 0 0 0.1425044685602188 0 0.5762844532728195 0 0 0.6073718369007111 1.514391750097275 0 0.9891985356807709 0 12.14177213609219 0.2160726636648178 0.7672106921672821 0 0 0 0.134906068444252 0.1225186958909035 0 0 45.5508579313755 1.994085758924484 0 0 0 3.032567232847214 0.4316229224205017 3.637026935815811 0.6373617798089981 2.174626648426056 0 0 0 0 0 0 0 0 0 0 0 11.40760514140129 3.501163989305496 4.822774812579155 260.0746840685606 14.80518270283937 593.2622004300356 126.5237002596259 882.7751792296767 54.8586933016777 5.192294649779797 102.3645224943757 18.73234102129936 0 7.564882591366768 0.5449169352650642 15.95515325665474 2.855035364627838 0.1818075180053711 3.50113707780838 9.238060608506203 0
83.963862195611 380.4494668841362 5.529237270355225 322.4276238828897 54.59548763930798 0 101.8369171917439 0 35.36716543138027 658.3994380235672 12.09084957838058 186.7180004119873 233.5494338870049 55.34660977125168 0.4511155188083649 0.1722379773855209 0 0 0 0 0 0 0 0 0.2449589967727661 0.1860357969999313 0.4271698892116547 0 0 0 0 0.4350986182689667 54.66501547396183 0 0 0.2687573730945587 108.8148054033518 3.228760704398155 10.87297782301903 1.185360044240952 0.1470885276794434 0 0 0 0 0 0.1496364772319794 0.6375745981931686 0 0 0 2.43375252187252 0 0 0 0.8491437286138535 218.6278287768364 188.4787863045931 1.602115534245968 0.4038501679897308 0 6.61075484752655 0 0 0.09223825484514236 0.1434343457221985 0 0 0 0 247.2246999442577 152.0842379331589 4.167810276150703 2.927916839718819 0 0.2590510547161102 0 0 0 13.60256090760231 0 2.284349501132965 0.1377659738063812 0.3822031319141388 0.1225317195057869 0 0 1.010518759489059 1.943591177463531 5.025471940636635 0.2799495756626129 0.1723878681659698 0 0 0 468.4410227239132 59.2048657387495 14.2596605271101 22.2077411711216 391.8963563889265 0 0 0 0 0 3.863081961870193 1.262057036161423 0.3504404127597809 4.460897505283356 2.592250004410744 0 1.359932899475098 0.9685313254594803 4.784065559506416 1.96008375287056 0 0 0 0 0 0 0 0 0 0 0 0 0 0 0.1994400471448898 0 0 0.2496690452098846 0 0 0 0 0.4821923077106476 0 1.777068793773651 0 3.112443506717682 2.447696074843407 0 0 0 0 0 0 0 0 0 0 0 0 0 0.504276305437088 0 0 0 0 0 0 0 0 0 0.3159580230712891 0 0 0 0 0 0 0 0 0 6.061345264315605 4.538600832223892 0 0 0 0 0 0 0 0 0 0 0 0 0 0 0 0 0 0 0 0.8561689257621765 3.158898800611496 2.969030812382698 2.330677814781666 0.1854919791221619 1.546096198260784 0.3590331375598907 240.4163973033428 2.364460051059723 0 0.574380487203598 0.21843221783638 0 0.7257889956235886 0 0 0 0 0 0.2153129130601883 0
304.9145217388868 2539.266972616315 165.4201254844666 1290.71278654784 1327.183661438525 101.8369171917439 0 3.848145134747028 2303.931399554014 2766.272972986102 11.78063420951366 212.7357148081064 2573.597966879606 634.3331841677427 7.747591502964497 1.40516073256731 0.7903222814202309 0.2659360617399216 0 0.2558387294411659 0 0 0.1125519052147865 0.1183752343058586 0 0 0 0.1193411648273468 0 0 112.5619304478168 5.458951719105244 7.021652638912201 0 0 2.790251761674881 16.50792297720909 5.205851554870605 1.95121905207634 0.6944348812103271 0 0.6538725346326828 0.3598165884613991 1.782980687916279 0 0.7145054563879967 143.5302328690886 31.77150698006153 1.239918492734432 1.421182252466679 0.9486403986811638 0.4607857465744019 0 0 1.499377854168415 6.383769229054451 18.23951765149832 246.4794697165489 16.40412840247154 42.58357352018356 1.558564610779285 1.310887008905411 0.1461430191993713 60.02164870500565 9.608919821679592 4.507181487977505 1.955099128186703 1.848055630922318 0.6095947772264481 0.9854960590600967 43.9477281421423 1.128732860088348 0 99.09227996319532 127.9890612736344 91.21168893575668 84.9705957248807 11.44702196121216 2.378379784524441 3.193638868629932 2.556833788752556 4.323931187391281 28.86203271895647 0.1257819086313248 18.66063476353884 6.989769980311394 9.546870961785316 0 0.4959150925278664 0 0.3284409195184708 0.1536817103624344 1.765086986124516 0.5119256153702736 1.397920019924641 225.3435155451298 3.779471755027771 0 2.910975739359856 67.4886479601264 0 3.453519850969315 4.174993082880974 4.315354317426682 0.5841792821884155 138.5403477102518 8.59629262983799 8.192264437675476 59.63415043056011 43.24953655898571 5.28883096575737 103.8307361006737 56.55032843351364 103.9611587226391 32.80379675328732 0 0 0 0.1902992129325867 0 0 0 0 0 0 0 0 0 0 0.1618435382843018 0 0 0 0 0.332908570766449 0.4618653059005737 0 0 0 26.32622604817152 3.723497673869133 17.26556175947189 14.7180323600769 1.399470865726471 0 0 0 0 0.3037619292736053 0 0 1.294911563396454 0.8378814905881882 0.7338422536849976 0 0 1.704703330993652 0.6277666091918945 0 0 0 1.102163523435593 0.4036785066127777 0 2.609885007143021 0.5257804393768311 13.81517712771893 0 1.108195275068283 0.2004685550928116 0 0 0 0 0.1416625678539276 0 53.62741882354021 1.187806010246277 0 0 0.1299689114093781 3.37766806781292 0 4.914527721703053 0.2592006921768188 0.445968359708786 0.5939726829528809 0.3683008849620819 0 0.2598316073417664 0 0.0905667245388031 0 0.1611023992300034 0 0 0.1598961800336838 13.00051894783974 1.453963711857796 9.975604116916656 211.1321232765913 7.923122823238373 415.5864633023739 98.18669565021992 782.7699125185609 41.28160558640957 5.204591192305088 83.82175900787115 22.70800513029099 0.6233704090118408 7.940141007304192 1.210367068648338 20.2707637399435 1.410405874252319 0 4.011425480246544 5.768562957644463 0
2.634714752435684 33.63880158960819 2907.503249816597 1.103499695658684 295.2567574754357 0 3.848145134747028 0 282.4612324684858 0.1677321791648865 2674.121082082391 0.2424734830856323 52.73027607053518 211.1552948653698 27.07737726718187 20.72146651893854 9.177224054932594 8.986392751336098 1.471386507153511 30.84973949193954 13.60677701979876 0 4.997750148177147 0.6232928037643433 2.175654858350754 2.064481914043427 2.853234022855759 0.1065901294350624 0.4655067622661591 1.029147922992706 456.1789399161935 1523.178618520498 120.2362072765827 19.75879307836294 10.54120780527592 1.299535050988197 3.04571208357811 1.695761501789093 1.736875951290131 0.2133703976869583 4.329429164528847 2.164076834917068 35.27262985706329 12.75006875395775 8.6235126927495 60.20760906487703 118.7213902398944 19.64129924029112 19.32145897299051 47.41836753487587 2.456821002066135 0.6029697805643082 0.2659712433815002 0 0.5054311230778694 3.071035332977772 7.816167078912258 211.7044547200203 4.477237269282341 21.61787956207991 198.7079915851355 1.113464936614037 5.03721709549427 325.3934179618955 2.944646991789341 7.106913380324841 3.696363642811775 10.54799438267946 29.29440445452929 118.784261867404 1.69774129986763 1.411709040403366 0 45.00842674076557 169.7940488010645 90.82244648784399 247.3440924584866 138.698271907866 1559.468329712749 821.8949712216854 379.0731087327003 520.4843739122152 12.58018708974123 0 7.188821882009506 2.625180415809155 26.2140394821763 0 0.6173790246248245 0.2757245227694511 1.865882605314255 0.9393986314535141 8.599439412355423 1.984193086624146 1.991741791367531 3.115463942289352 1.108419805765152 0 0 11.63208574056625 0 0 0 0 0 0.7753778845071793 0 0 0 0 0 0.5653267949819565 0.5957268625497818 1.805102616548538 1.682447701692581 0 0 0.1673284322023392 0.375426784157753 0 0 0.1448677480220795 0 0 0 0.1604290306568146 0 0.1570477783679962 0 0.1237665042281151 0 0 0 0 0 0.1191081181168556 0 0.3271872699260712 0 0.7273329347372055 0.3579250127077103 1.931844688951969 2.451682262122631 0.6219804212450981 0.1724128872156143 0 0 0 0.1537157893180847 0 0 0 0 0 0 0 0.3877646028995514 0.1409959197044373 0 0 0 0 0 0 0 0 0 0 0 0 0 0.7003424465656281 0.7453120499849319 0.1423698514699936 0.3565196841955185 0.2811203598976135 2.501318208873272 0 0 0.3054174333810806 0.7461898103356361 0.2713446319103241 0 0.2667579054832458 0.4910331815481186 0 0 0 0 0.1339598745107651 0 0.2256128042936325 0 0.605846107006073 0.4644279181957245 0 0.1558601856231689 0.4133864641189575 0.4957537949085236 1.108263313770294 181.6449537947774 9.932818435132504 260.5741883292794 59.93040493130684 74.07596072554588 16.21339663118124 2.383968211710453 48.56110609322786 1.055469200015068 0.635282576084137 0.4626867920160294 0 0 0 0 0 6.615752942860126 0.6413676142692566
105.0752601400018 4860.055436320603 1681.665826000273 579.9231237545609 7596.169688299298 35.36716543138027 2303.931399554014 282.4612324684858 0 1061.271542459726 1631.427226737142 93.32750055193901 979.7295051440597 2591.957142204046 19.79951553046703 4.859475560486317 0.2778386473655701 0.9005449563264847 0 1.573888003826141 0 0 0 0.1329825520515442 0 0.4604827165603638 0 0 0 0 127.8445668593049 15.78036396950483 15.65936877578497 0.2619055360555649 0 2.849321126937866 31.79592676460743 4.074747234582901 4.036802589893341 0.4005517512559891 0.1617650985717773 0.2021600604057312 0.398175910115242 3.521658807992935 0.4664360955357552 2.907409742474556 166.6845552548766 20.9028884768486 0.7323301285505295 1.912349417805672 1.107409864664078 0 0 0.5056256204843521 0.409080907702446 2.976550422608852 10.75665730237961 148.2957164868712 12.58693244308233 38.59418692439795 3.215118028223515 1.76920360326767 0 57.87679471820593 6.213278040289879 2.659794792532921 2.24112644046545 1.145421333611012 1.576728597283363 2.988975569605827 63.12798720598221 5.791465401649475 0 71.30985413491726 117.6947458833456 115.0698229819536 135.7073003873229 29.74932626634836 3.660747207701206 19.53808482736349 4.869489252567291 2.452865310013294 19.28221320360899 0 12.03789593279362 4.268379330635071 9.358964189887047 0 0.2028549462556839 0 0.8563641011714935 0.4533396661281586 1.785981841385365 0.2819432839751244 1.456673629581928 277.8531118929386 5.555534869432449 0.2279598563909531 3.848625421524048 30.25417785346508 0.8762410581111908 3.324942037463188 3.532504841685295 4.760531961917877 1.711796492338181 179.5531497299671 15.08517397940159 12.71773827075958 29.90047124028206 52.92771933972836 5.504589810967445 162.4795429855585 81.26365076005459 177.9907316118479 64.6908106803894 1.532610520720482 0.2008043229579926 0 0.4311004281044006 0 0 0 0 0 0 0 0 0.2812389135360718 0 0 0 0 0 0 1.124443903565407 1.357357516884804 0 0 0 44.07112526148558 2.685249343514442 34.64644704759121 16.23386430740356 1.302140355110168 0 0 0 0 0 0.6088479161262512 0 0.41624715924263 4.073202341794968 0 0 0 0.7506969124078751 0.2728524804115295 0.141818106174469 0 0 1.493056923151016 1.523064076900482 0 1.629854947328568 0 20.38642971217632 0.6959699392318726 0.7549690902233124 0.5681335479021072 0 0.2597516477108002 0 0 0 0.1113499701023102 96.58722914755344 0.8293267786502838 0 0.27987340092659 0 8.012346521019936 1.546323508024216 4.224950462579727 0 2.830172836780548 0.5649070888757706 0.7898051142692566 0.7180312126874924 0 0 0 0 0.101126916706562 0 0 0.1912644803524017 19.14873351156712 2.814540579915047 13.99535386264324 468.8668030202389 10.16826479136944 470.8863053396344 123.8088364824653 415.4483600407839 41.92639007419348 5.959999658167362 124.6881255283952 27.55469335615635 0.4580846279859543 16.09750255942345 1.806144624948502 31.40066583454609 0.8287680447101593 0 5.603652194142342 15.8541681021452 1.024331331253052
1237.193625882268 953.7426384538412 11.77958019077778 3463.320168524981 579.4322315752506 658.3994380235672 2766.272972986102 0.1677321791648865 1061.271542459726 0 2.1925058811903 3237.271865725517 11633.52549339086 799.8385284692049 1.29989318549633 0.8371338471770287 0.1106175556778908 0 0 0.1396020650863647 0 0 0 0 0 0 0 0 0 0 17.09808287024498 1.170133464038372 51.77870537340641 0 0 0.1698122173547745 179.5599673241377 10.3833332657814 1.883487939834595 2.542160630226135 0 0 0.09565363079309464 0.3472756817936897 0 0.1541497111320496 30.05806340277195 8.626963600516319 0.1391452699899673 0.2973180562257767 0.08499743044376373 0 0 0 0.2671763822436333 2.356725536286831 36.47796100378036 119.5687296390533 5.419635206460953 9.940351597964764 0 3.217367649078369 0 4.895176962018013 2.029658958315849 1.292310662567616 0.9307467117905617 0.2258080393075943 0 0.2521364986896515 127.5845490694046 6.335065722465515 0 28.40755315870047 23.39272792637348 19.60252644121647 8.795249290764332 1.922253221273422 0.3920014202594757 1.507664233446121 0.3011710494756699 0.4314574599266052 6.845662109553814 0 4.809169337153435 1.48198189586401 2.181894518435001 0 0.09904714673757553 0 0 0 0.2585601210594177 0 0.2364274486899376 554.1055194735527 9.842838048934937 0 2.499055981636047 518.1791314035654 1.082215756177902 2.270782023668289 5.999200597405434 5.63946071267128 1.203968480229378 376.8007443323731 14.82948182523251 12.77002060413361 113.4771139323711 75.95753166079521 6.227821230888367 141.0379772484303 80.66336190700531 166.7922503054142 35.23427097499371 1.101933136582375 1.044856756925583 0 0 0 0.6068541407585144 0 0 0 0 0 0 0 0 0 0 0 0 0 0.4500758498907089 0 0 0 0 29.89509773254395 2.204718977212906 22.86232425272465 9.184063300490379 0.8104574084281921 0 0 0 0 0 1.858327716588974 0 0.1702841371297836 0.3551416322588921 0 0 0 1.274757146835327 0 0 0 0 1.792297720909119 2.102036893367767 0.4441658854484558 1.794490993022919 0.4165109694004059 13.79973223805428 0 0.3124190866947174 0 0 0.3538557887077332 0 0 0 0 50.16272702813148 2.325035810470581 0 0 0 6.205452665686607 0.5514445006847382 3.738976165652275 1.097862869501114 1.639188468456268 0.7885605692863464 0.6358882188796997 0.9495511651039124 0 0 0 0 0 0 0 0 21.01522645354271 1.012569278478622 12.057239189744 128.5823678597808 0.8205971270799637 110.5213932394981 14.36937212944031 977.0266783088446 7.09971684217453 0.3437700197100639 24.74493938684464 13.40802825987339 2.273880928754807 7.334158092737198 0.5022842288017273 37.10287603735924 1.032890468835831 0 3.199133783578873 1.508365854620934 0
73.15387041121721 513.3629455938935 7366.621345967054 5.308291859924793 1544.252069368958 12.09084957838058 11.78063420951366 2674.121082082391 1631.427226737142 2.1925058811903 0 41.74655345082283 1562.076364926994 5669.053173080087 165.6491978541017 83.05597898364067 15.1689882054925 3.390258736908436 0.7704855650663376 20.14967606216669 14.04998713731766 0.5043844282627106 13.89475596696138 1.823764622211456 14.75307467579842 15.77987749129534 29.2325654104352 4.815141394734383 2.287529453635216 3.392703920602798 373.5075054094195 398.5053147673607 396.4257064461708 14.47189224511385 37.39300284534693 5.148140676319599 530.4345499426126 27.04901030659676 27.5032907128334 33.79744746536016 52.05449325591326 23.29340733587742 20.50032962113619 37.87080143392086 6.337492167949677 12.69116454571486 344.9058098271489 39.48790948092937 15.76020863652229 21.8423385322094 10.16896406561136 2.079423129558563 0.8009630888700485 5.064890205860138 0.5549511909484863 6.547081142663956 17.52624050527811 284.334590151906 15.04422788321972 57.64997919648886 34.91796308755875 6.858101472258568 8.008490294218063 145.6276707500219 10.62678767740726 10.28265809267759 5.149245738983154 8.540661871433258 26.44297526031733 191.9001229852438 132.4336717352271 10.08086457848549 0.1227198466658592 94.68470451980829 201.7323015853763 278.0297908708453 352.4449109435081 181.2776395082474 165.4392197728157 70.57147548347712 34.89165347069502 68.58409421890974 24.68862475454807 0 20.5421401783824 7.355722956359386 25.84757036715746 0.3751974552869797 1.319724291563034 0.5240996852517128 3.542347982525826 1.347442887723446 54.6141971424222 8.680084116756916 8.404086224734783 165.1998514682055 11.80370897054672 0 6.928548187017441 31.64750288426876 0.1352987885475159 2.83254162967205 0.586318776011467 1.780553758144379 0.43585504591465 40.10494188964367 2.330239981412888 5.269332505762577 3.91244600713253 13.57177858799696 4.17545435577631 45.01371559500694 33.67360834777355 83.9215200394392 36.62760333716869 1.679938845336437 0.1588863581418991 0.4530794620513916 0.4602651000022888 0.1367824822664261 0 0.1569207459688187 0.1446869075298309 0.149221271276474 0.2784469872713089 1.220460176467896 0 1.05692145973444 0.1247166767716408 0.6643501371145248 0.5652124434709549 1.834897428750992 0.8303797394037247 0.3128954470157623 0.3085261583328247 0.3531098961830139 0 0.1524648219347 0.1257234066724777 34.02464033663273 1.095545090734959 22.62714178860188 18.09126491099596 2.709832526743412 0.2574377804994583 0.1658117771148682 0.2441620975732803 0 0.5910680294036865 2.759344071149826 0 0.1536892354488373 1.446017548441887 0.2301626354455948 0.3390236496925354 0.7921458333730698 3.975573293864727 1.433422707021236 0 0.3441370725631714 0.1117457300424576 0.6852388456463814 1.1652911901474 0 2.115208342671394 0.3998073190450668 14.76216474175453 0.4027568995952606 0.57756108045578 0.3849315792322159 0 0.3110820353031158 0.2681438028812408 0.2719968408346176 0.2544466108083725 3.369539633393288 78.20630990713835 1.606480419635773 0.1389285176992416 0.5880554541945457 1.187129244208336 4.598852187395096 0.9295395612716675 3.814547792077065 0.2157923206686974 0.9238029718399048 0.3754937127232552 0 0.1245504096150398 0.2962130010128021 0 0 0 0 0.648403026163578 0.1987405121326447 0.7466438859701157 17.0459473580122 9.402433216571808 17.84239938110113 745.0969198942184 40.03212793916464 713.9492842853069 219.2946108058095 256.8177193254232 62.29194299131632 5.641018882393837 165.5871780887246 20.50565428286791 1.712498769164085 7.299637898802757 0.4978911280632019 13.98832899332047 0.3173962086439133 0.1434178948402405 1.245409645140171 28.78968560695648 0.481424942612648
108.4310783743858 53.1145289093256 19.45345562696457 485.3590121567249 60.17479012906551 186.7180004119873 212.7357148081064 0.2424734830856323 93.32750055193901 3237.271865725517 41.74655345082283 0 2904.556196823716 157.1762694567442 11.95383623987436 4.675609782338142 0.3029303625226021 0.1059877574443817 0 0.2857488989830017 0.3736772090196609 0 0.1961311250925064 0 0.3268191516399384 0 0 0.1623155623674393 0.2035195976495743 0 3.002798028290272 1.243379339575768 51.72595022618771 0.1454525738954544 0.1843970268964767 0.6874285936355591 524.8733310997486 7.098557457327843 4.885329127311707 1.868997395038605 0.9727880507707596 0.3263167142868042 1.254540756344795 3.195782214403152 0 0.4349488914012909 25.22989229112864 1.909274876117706 0.3972954899072647 0.1442576348781586 0.3495568707585335 0 0 0.1486719101667404 0 0.5129281133413315 2.865638211369514 7.853242203593254 0.5386681407690048 1.928597658872604 0.6007611006498337 2.62357097864151 0 1.765057377517223 0.2979496866464615 0.4816405549645424 0 0.4819433689117432 0.3537150919437408 3.167582929134369 219.0995651483536 5.827087491750717 0 5.122999399900436 3.485117182135582 19.16757702082396 13.56187608093023 10.03512894362211 0 12.60355681180954 0.620234340429306 3.497011885046959 0.7852688282728195 0 0.8505736440420151 0.07572131603956223 0.8782691136002541 0 0 0 0.9054803773760796 0 0.6406528502702713 0.5521240830421448 0.1592422723770142 1593.549183398485 9.784611344337463 0 1.825635135173798 37.03136831521988 1.897065714001656 3.123080030083656 5.646625190973282 5.081767499446869 0.6120190024375916 192.2736897096038 16.92750039696693 21.34243066608906 15.28013564646244 70.56290893256664 6.170006528496742 186.5016307756305 113.3736754357815 247.3789006695151 59.81760483980179 1.15944804251194 0.3145008087158203 0 1.252512693405151 0 0 0 0 0 0 0 0 0 0 0 0.2428298890590668 0 0 0 1.13067689538002 0.243398517370224 0 0.6539204716682434 0 29.74878773838282 2.364420786499977 15.45833161473274 7.763495117425919 0.2412196844816208 0 0 0 0 0.1429871767759323 0.6018934547901154 0 1.307936757802963 1.574018411338329 0 0.375737339258194 0 0.5127964615821838 0 0.4731835424900055 0 0 0.2810489237308502 3.409718573093414 0 1.626766368746758 0.3558672964572906 18.10407187044621 0.511970579624176 1.379789143800735 0.8518007546663284 0.2150033563375473 0 0 0 0 0 108.23959633708 1.375920847058296 0 0 0 4.925960421562195 0.7759901285171509 5.639285296201706 1.155688375234604 1.354750424623489 0.5042770653963089 1.317901730537415 0.7555959522724152 0 0.1220341622829437 0 0 0 0 0 0.450415313243866 40.95495814085007 5.997808679938316 13.48061728477478 182.522126019001 2.254208989441395 58.13802958279848 11.21602266281843 150.3945368677378 2.402260512113571 0.6701141744852066 21.64138279855251 17.94657218456268 0 10.75938132405281 2.23057796061039 23.95395722985268 1.986006334424019 0.4192620515823364 2.571955963969231 1.39728781580925 0
358.8738575428724 1213.427393905818 908.9814001843333 1940.837337687612 1074.399940751493 233.5494338870049 2573.597966879606 52.73027607053518 979.7295051440597 11633.52549339086 1562.076364926994 2904.556196823716 0 1883.622312903404 137.2853910401464 50.01816268265247 4.572127647697926 1.020558476448059 0.6115821152925491 6.153434872627258 4.226392179727554 0.5470221638679504 0.647284671664238 0.3996752351522446 1.647954300045967 1.257641345262527 2.043169513344765 1.520248606801033 1.127637937664986 0 123.8732573837042 16.43234393000603 180.6570262014866 3.003673255443573 3.241515710949898 4.549609951674938 314.6782591938972 16.82742962241173 9.350648477673531 11.09523860365152 7.403456158936024 5.018084578216076 6.31301012635231 23.25561002641916 1.265800334513187 5.498380191624165 347.8469873890281 29.06671806424856 4.832374937832355 6.807471469044685 3.482200808823109 0.4611116796731949 0 0.8584780395030975 1.158906221389771 7.212913900613785 19.11307846009731 150.8985165953636 13.02894512563944 55.55122159421444 15.68940916657448 11.75272309035063 0.254651665687561 55.55473606288433 9.246510468423367 6.009629182517529 4.889942042529583 3.008360587060452 8.263678476214409 34.03338418155909 439.9289649128914 12.24539859592915 0.1283172965049744 86.77306365966797 121.8980486541986 273.3329938650131 314.8256063610315 117.3239381462336 7.322159215807915 53.89284767955542 14.89388260245323 20.40682476013899 24.51139948517084 0.3350533545017242 17.96322678774595 6.026739329099655 17.53554905205965 0 1.076415956020355 0.3826910853385925 1.342155277729034 1.001130171120167 12.27567283064127 2.895178124308586 3.798505894839764 2377.299906119704 16.2383339703083 0 9.290878996253014 86.33639554679394 5.628142088651657 10.61632020771503 10.81935781240463 19.8650411516428 2.569689214229584 565.2565428838134 68.68892745673656 47.31012997031212 103.7036001086235 220.1495696902275 21.8037885800004 534.9071175158024 310.9469641149044 605.4583203345537 154.2906846106052 2.530645310878754 1.545724302530289 0 0.2065113335847855 0 0 0.4034013003110886 0 0 0.145701602101326 0.1129230335354805 0 1.067719519138336 0 0.1355247646570206 0.1235248222947121 0.4238100647926331 0 0 4.95611360669136 0.5869137644767761 0 0.226662889122963 0.5607542544603348 109.658123396337 3.442356392741203 70.84143840521574 33.07301083952188 3.086502805352211 0 0 0.1298338919878006 0.8962895572185516 2.653086453676224 4.126503720879555 0.1728795319795609 3.939398407936096 6.424673587083817 0.8498292565345764 0.3491887748241425 0.2029131203889847 1.335721045732498 0.6305394247174263 1.118703126907349 0.2738543450832367 0 6.263994321227074 4.175758421421051 0 2.334957897663116 2.498394817113876 47.89537027478218 0.4182812571525574 1.665420770645142 1.207628279924393 0.1054927557706833 0.2686779126524925 0.1404957622289658 0 0.5279268771409988 1.149692818522453 310.6140234917402 1.932251036167145 0 0 0.2576838284730911 18.99162927269936 3.572425112128258 16.22177504003048 1.621995314955711 4.499366119503975 1.487696677446365 2.813600465655327 0.410310223698616 0.3829411789774895 0.1558602005243301 0 0 0 0.2909066677093506 0.1518921703100204 0 90.32403753697872 13.74183161556721 40.47874523699284 1396.127562887967 44.91877005249262 883.7524306625128 277.2314185872674 594.6560415551066 68.3678549900651 8.7800512611866 277.3066025897861 61.24288340657949 3.002046391367912 34.31035263836384 6.422747686505318 83.81754089891911 2.413560122251511 0.6146766692399979 9.587897852063179 42.39201202243567 1.014733359217644
151.8453371301293 2093.725952327251 2392.227540366352 103.9447431638837 2609.897599630058 55.34660977125168 634.3331841677427 211.1552948653698 2591.957142204046 799.8385284692049 5669.053173080087 157.1762694567442 1883.622312903404 0 115.0211685672402 53.52344021946192 4.483976900577545 1.6311199888587 0.3348129093647003 4.889133557677269 5.088992863893509 1.212674617767334 2.812903761863708 0.8416831642389297 28.96328409016132 6.208008050918579 8.481899067759514 5.802193894982338 0.2705690190196037 1.592677876353264 225.9186628684402 23.14968816190958 751.2247481644154 3.437383458018303 7.508702650666237 23.17803411185741 2105.462798520923 110.2979744970798 66.06403791904449 111.6658818870783 24.90616426616907 9.185927420854568 5.375125043094158 23.58514780551195 1.441244795918465 7.999581374228001 333.0087713748217 31.41654551029205 5.119601659476757 8.696707405149937 4.912384241819382 3.334671758115292 1.004405871033669 2.834549181163311 1.031145922839642 7.701491720974445 18.78257396817207 236.4545290321112 14.76636806130409 53.71371184289455 12.98775719851255 31.14991641044617 1.05524742603302 74.62665165960789 9.478649765253067 6.294552572071552 4.172413781285286 2.996760912239552 6.028358742594719 61.45348681509495 322.5312084257603 14.8345887362957 0 99.33907441794872 155.5685768648982 262.807486616075 283.4336611628532 116.1361979395151 8.76656786352396 298.4299009889364 17.49517609924078 44.32153552770615 25.21276377141476 0 17.66292273253202 6.050590068101883 17.38824737071991 0.2350351884961128 1.017954625189304 0.6254156976938248 2.359551303088665 1.143430672585964 30.24151904881001 3.684086129069328 5.755100093781948 720.0681450366974 14.76021985709667 0 12.97610324621201 55.35221920162439 3.719003573060036 6.041366428136826 3.163998857140541 9.430338427424431 1.81404972076416 186.6837195381522 19.10682460665703 20.78870387375355 14.57214181125164 73.89585344493389 10.36894881725311 215.7069116681814 132.2293750494719 275.3084112405777 86.84345859289169 2.113668531179428 1.314772576093674 0.1652810573577881 1.44191912561655 0 0 0.3984416723251343 0 0 0.2136542648077011 0.5558954030275345 0 0.8032848462462425 0.1488093137741089 1.015728995203972 0.1213548853993416 2.942967817187309 0.69440758228302 0.3791131526231766 2.826849639415741 0 0.2520749494433403 0 0.1154588237404823 71.79339584708214 3.809615343809128 44.6445636972785 30.26709256321192 1.496651507914066 0.2680170089006424 0.1617923676967621 0.1385198980569839 0 1.77484504878521 3.309122353792191 0.3514517396688461 3.257786870002747 4.104666590690613 0.3801871538162231 0.4319149702787399 0 4.142144784331322 0.4239948391914368 0.1799075603485107 0.6782815456390381 0 1.98972824215889 3.664929643273354 0 1.71404829621315 0.65404012799263 36.03634063899517 0 1.014712333679199 0.4100138396024704 0.1541771441698074 0.1112845689058304 0 0.1291147917509079 0.8120974898338318 1.152279891073704 167.5131926909089 4.683186456561089 0 0.1943711042404175 0.4549774527549744 13.37461218237877 0.838721752166748 9.100311174988747 1.660596877336502 4.420664176344872 2.18055385351181 1.472351253032684 1.386769682168961 0 0 0 0.1420623362064362 0.1051257401704788 0.6115832850337029 0 0.4948554337024689 44.01945041120052 11.02915459871292 24.8569770604372 1120.693865343928 32.87055991590023 782.4540655910969 225.1454723998904 412.5054144710302 59.33406566083431 6.330241598188877 211.2028516307473 33.50585218518972 2.326317489147186 24.22520467638969 3.885794617235661 43.2063527405262 1.078640028834343 0.2869483232498169 7.412015907466412 33.37396624684334 0.2682131230831146
