0 3454.836003042758 587.2134970277548 1690.723905831575 441.7472644001245 109.3822820484638 311.8167335391045 52.34196818619967 71.80394051969051 4183.261698946357 231.3833765238523 86.39774590730667 281.1129826754332 85.424101755023 3.672533340752125 0.3844690546393394 0.4196736067533493 0.5939566642045975 0 0 0.1707891076803207 0 0.4982212036848068 0.3910375535488129 1.397336430847645 0 0.1395898908376694 0.5292473286390305 0 0 773.0611708238721 4.963996537029743 3.558030121028423 0 0.147301971912384 2.628158986568451 7.568601757287979 0.8799234479665756 3.466563731431961 0.8779194429516792 1.630198195576668 0.4329052269458771 0 0.7659775614738464 0.3568062484264374 0.2907847166061401 51.9109827503562 13.34313548356295 2.27665863931179 0.436438575387001 7.228452190756798 0.4143447577953339 1.055325031280518 0 5.130258828401566 4.432303875684738 151.1806961447001 2537.380408085883 53.04057088494301 101.9489838480949 0.1459169536828995 0.9193719178438187 0.4885829165577888 17.8934568464756 3.776967443525791 4.899461627006531 2.095089413225651 0.6928255930542946 0.4206148236989975 1.261408098042011 5.698353797197342 5.100389465689659 0 345.9512348771095 63.66200496256351 37.85516445338726 6.138730138540268 1.422124996781349 1.092924572527409 4.69106188416481 0.4586782157421112 0.8916816562414169 19.58745038509369 0.2820501029491425 4.478563748300076 9.066742494702339 1.669310264289379 0.1902294009923935 2.721426904201508 1.297174468636513 1.142554976046085 0.571967288851738 0.9608662649989128 0.8934793919324875 0.321051687002182 64.03948085010052 4.411594450473785 0 0.3080882132053375 1822.184669151902 0 0 0.8815966844558716 0 0 3.977420911192894 0 2.421092726290226 27.40794713795185 3.040670365095139 0 4.034893378615379 5.907312616705894 5.77856557071209 3.625173702836037 0.3348055183887482 1.640138268470764 0 0 0 0 0 0 0 0 0 0 0 0 0 0 0 0 0 0.7983462810516357 1.792664587497711 0 0 0.946118950843811 1.194399833679199 0.5111398100852966 2.169197246432304 0.387404590845108 0 0 0 0 0 0 0 0.4658918380737305 0 0.2641317248344421 0 0 0 0.1330821365118027 0.1293286085128784 0 0 0 0 0 0 0 0 1.394839435815811 0 0.7380360960960388 0 0 0 0 0.1673581153154373 0 0 5.948323220014572 0.4771961867809296 0 0 0 0 0 0.1801103949546814 0 0.5884686708450317 0 0 0 0 0 0 0 0.2742662876844406 0 0 0 2.872888818383217 1.134906068444252 0.8357213735580444 361.1365201994777 24.91945972293615 169.9744601622224 14.88141563534737 1459.386269085109 95.30301016569138 1.52241924405098 27.65444936603308 15.45095939934254 0 0.8988579511642456 0.402655303478241 2.402794122695923 0 0.1442890614271164 0.8592032194137573 1.57421949505806 0
3454.836003042758 0 1484.126200050116 2375.878696613014 5059.503524936736 133.0249448567629 5617.258059166372 178.9288866743445 2246.058114022017 4654.483796089888 1912.976260341704 59.50750860571861 636.6370534747839 551.5335630774498 18.95587877184153 4.06788969039917 1.352322146296501 1.071637809276581 0.3035855293273926 0.3980840742588043 1.381100341677666 0 0.7244213297963142 2.827404297888279 4.562058374285698 2.994467712938786 0.5330267399549484 2.288425162434578 0 0.2832576632499695 2823.757266208529 41.28687043488026 14.56583723425865 0.2180264741182327 1.393803954124451 11.80883001536131 17.8542313054204 4.978063210844994 1.249155819416046 2.338736906647682 8.317411586642265 5.049862593412399 0.9568629562854767 0.9143516793847084 0.2909430935978889 0.3172561824321747 182.1232727468014 26.33211467415094 4.1170604377985 0.698902428150177 14.16156515479088 0.696690559387207 0 3.396613009274006 7.435941629111767 6.363897927105427 73.62221920490265 1838.251009635627 47.38855950534344 157.9056707546115 0.9279597476124763 1.39366639405489 3.62601225823164 115.6651307791471 8.490304231643677 8.801436819136143 5.561271831393242 2.189676500856876 0.3625860214233398 3.895055919885635 15.79843548685312 7.070495635271072 0 422.5427273660898 210.5666047334671 125.9688817411661 32.84389392286539 3.100240275263786 6.771605275571346 22.0800958275795 0.4116724878549576 2.677364803850651 24.5155116468668 0.2069789916276932 6.800774089992046 12.41865515708923 4.968872770667076 0.1314863264560699 5.45909608900547 0.6990435719490051 3.589130103588104 1.945267274975777 3.400483138859272 2.181103028357029 3.252475321292877 155.1536379903555 1.363550245761871 0 0.8724187463521957 1795.117415867746 1.888911753892899 0.9706409573554993 4.482692241668701 1.848037004470825 1.614327758550644 15.32183922827244 1.472082495689392 15.7985678166151 93.49629764258862 13.80824476480484 4.233881443738937 32.56688830256462 43.78442873060703 39.45346772670746 63.05522380769253 1.396944060921669 0 0.1558629274368286 0.204618975520134 0 0 0 0 1.014984488487244 0.1519456058740616 0 0 0 0 0 0 0 0 0 1.408073455095291 1.627376675605774 0 0 0 22.36498738825321 0.2503544390201569 16.13513098657131 1.372878834605217 0 0 0 0 0 0 0 0.5609853565692902 4.033328950405121 4.519495762884617 0 0 0 0.2619992792606354 0.3749713003635406 0 0 0 1.017652273178101 0.7146367132663727 0 0 0 18.70305556058884 1.25490665435791 0.6413910686969757 0.4858002066612244 0 0.1130453795194626 0 0 0.3869785964488983 0 50.53875282406807 0.274077296257019 0 0.1454079449176788 0.1048065647482872 2.618965089321136 0.5450236797332764 4.686205461621284 4.229937598109245 0.4962695389986038 0.8553775548934937 0 2.266821891069412 0.1601632982492447 0 0 0 0 0 0 0.1400716453790665 46.53839263319969 8.998821258544922 1.240934729576111 639.131148993969 58.39789586514235 453.4129333943129 66.20836406201124 1347.156598769128 140.6264883726835 4.508623175323009 104.0976327434182 20.64761182665825 1.891083918511868 12.21294189244509 3.854281261563301 6.744898855686188 0.6230931282043457 0.3275481015443802 3.430293768644333 8.813049770891666 0
587.2134970277548 1484.126200050116 0 60.83473068475723 1752.218213602901 7.041271910071373 458.4667181670666 1037.728844821453 1273.665711224079 68.58963192999363 5986.413124546409 110.711713090539 809.085826665163 1298.321898646653 41.64015611261129 28.33202791959047 2.002338200807571 4.921917170286179 0.5979295074939728 17.2893725708127 80.17654998600483 1.29048028588295 24.28494709730148 48.29468969255686 63.15123073011637 49.48069744557142 5.332535363733768 12.71576869487762 2.433149375021458 1.599810972809792 3767.524717919528 266.7138564288616 108.267433591187 2.393386736512184 47.64584781974554 209.1149590164423 120.7512081190944 55.65081809461117 19.25538755208254 25.23459600657225 158.1387200206518 50.27266361564398 10.24273010343313 4.179258570075035 4.633009716868401 9.248039789497852 166.9755867794156 14.28893382102251 6.11616538465023 10.31222675740719 14.66122063994408 1.10053876042366 1.072672739624977 4.126066856086254 2.88420731574297 4.930904358625412 58.64125418663025 1476.872783124447 41.92586778104305 86.16394510865211 33.83097743988037 10.66074421256781 59.94158493727446 146.2635702118278 4.251600913703442 5.054817616939545 7.486190862953663 6.164584457874298 15.13090272247791 146.4120674058795 84.3995973393321 17.63736911118031 0.6461891680955887 273.4172148332 122.229305781424 91.90053468197584 45.41564553231001 7.764821328222752 276.2896579429507 406.492631316185 17.41271069645882 91.98309720307589 14.13781596720219 0.7511330097913742 5.522866390645504 7.326880410313606 10.45651010423899 0.6837196201086044 3.892025105655193 0.348223552107811 1.559947416186333 0.8676952049136162 90.59092873334885 19.59791358560324 2.158567562699318 162.0685068368912 3.345579788088799 1.815874963998795 10.79633694887161 276.9697082191706 0.8338222354650497 0.6245076656341553 5.683583185076714 0.8069508075714111 4.058660753071308 14.1915856897831 2.897172570228577 12.18039634823799 16.83346477150917 8.51369346678257 3.506090857088566 43.33041505515575 41.31874363124371 44.41374581307173 72.71136403828859 4.054658472537994 1.329435288906097 0 0 0 0 0.6056398153305054 0 1.623098641633987 0.2267221510410309 0.4337163120508194 0 0.2500000521540642 1.023089587688446 0.1102002188563347 0.1124119609594345 1.134861379861832 0 0.2555491626262665 4.149464085698128 0.6622242480516434 0.2173431068658829 0 1.556653767824173 33.96754693239927 0 18.51776570826769 6.158526264131069 1.519936718046665 0 0.8548253625631332 0.2890239953994751 0 0.1921049803495407 0.8856292366981506 0.5916837304830551 2.216406255960464 6.619230754673481 2.370958209037781 0.1836439073085785 0 0.2556265816092491 0.6376782208681107 0 0.356340765953064 0 2.202645026147366 1.505659967660904 0 0 0 26.2859510332346 0.3769981265068054 0.3871028125286102 1.406102880835533 0.2090750634670258 0.2153929322957993 0 0.8133815675973892 0 0.6486255973577499 89.52140767127275 5.780984573066235 0 0 0.2112251669168472 6.975480861961842 1.379212558269501 2.527697220444679 5.900911629199982 2.899340242147446 2.315068706870079 0.5640301704406738 0 0.3632452040910721 0 0 0 0.247227244079113 0.1836708337068558 0 0.3552952408790588 42.76134306192398 22.4856186658144 9.813086286187172 585.3479921296239 62.97946322709322 392.0316753312945 93.1640767082572 202.0957671925426 99.19086676836014 2.411441951990128 149.6980076283216 29.27303555607796 2.712345317006111 31.84255014359951 2.469524033367634 6.837036982178688 0.8188655525445938 0 6.878337517380714 15.51926861703396 1.186172366142273
1690.723905831575 2375.878696613014 60.83473068475723 0 578.8210451230407 219.842513024807 1646.276194110513 5.905028164386749 219.2986445575953 4245.2272156775 7.186688452959061 419.0043588280678 1013.354738228023 107.4658301919699 7.453186899423599 0 0.1381832957267761 0 0 0 0.164079025387764 0 0.1937141120433807 0.2672280818223953 0 0.1490258425474167 0 0 0 0 137.0019662231207 7.945639483630657 0.4307457208633423 0 0 0.2903472036123276 0.5020698606967926 0 0.2608579993247986 1.369478553533554 0.7118926495313644 0.9438633024692535 0 0.8258857280015945 0 0 64.04774157702923 9.960951142013073 1.704559504985809 0.2123700678348541 5.005522139370441 0 0.5216999053955078 0.551975890994072 3.969173014163971 1.810116857290268 25.10639140754938 422.9229148328304 18.56401424854994 64.28830802440643 0.1262437850236893 0.1371375620365143 0 39.72393584251404 3.93460588902235 1.727145060896873 1.928415358066559 0.1346259862184525 0.1907901614904404 1.504138246178627 10.95256024599075 0 0 164.887908808887 80.64253631234169 46.24460110068321 9.239996924996376 1.222552239894867 1.216409116983414 0.8556670174002647 0 0.7527524530887604 7.683741882443428 0.2890055254101753 2.516240812838078 4.436137087643147 1.538468040525913 0.08700221031904221 1.604537457227707 0.349510133266449 1.634574383497238 0.4932740330696106 0.5235636979341507 0.6538711935281754 1.520115874707699 15.12003685534 0 0 0 302.2366497069597 2.266534328460693 0 0 0 3.083218097686768 6.950046837329865 0.6154215931892395 0.364146500825882 42.578329205513 0.9570274353027344 0.9642942994832993 4.795503094792366 3.906649306416512 4.160961031913757 7.294509455561638 0 0 0 0 0 0 0 0 0 0 0 0 0 0 0 0 0 0 0 0 0.2611750066280365 0 0 0 4.686306312680244 0 0 0 0 0 0 0 0 0 0 0 0.666922926902771 0.5072506666183472 0 0 0 0 0 0 0 0 0 0 0 0 0 2.135852590203285 0 0 0 0 0 0.1151381358504295 0.3892884254455566 0 0 2.564600244164467 0.482363373041153 0 0 0.2962565720081329 0.9934059083461761 0 0 0 0 0.9554869532585144 0 0 0 0 0 0 0 0 0 0 2.534407049417496 0.3666089773178101 0 247.7430310249329 19.02857622504234 158.5820525661111 19.00577798485756 693.4521525129676 53.79129892587662 2.220977112650871 22.31472608447075 2.99835130572319 0.5003740638494492 1.659454882144928 0 0 0 0 1.611786544322968 0.7234033942222595 0
441.7472644001245 5059.503524936736 1752.218213602901 578.8210451230407 0 14.46998417377472 3885.163666345179 116.9231282696128 3933.697402045131 827.3300677239895 2111.591021955013 51.54384692013264 928.2258303612471 568.5328987166286 22.329728923738 3.32368378341198 1.165920361876488 0.7337534874677658 0.119000531733036 0.4689750820398331 1.986098147928715 0 0.9270627051591873 1.941352210938931 1.770588159561157 3.46039966493845 0.2899770885705948 1.500473111867905 1.336083352565765 0.696281909942627 349.2517869845033 45.00243955105543 6.457197621464729 0.1320629715919495 1.58143649995327 2.349780268967152 11.90854709595442 1.442581668496132 1.908265203237534 1.726665288209915 6.818445459008217 6.782308079302311 0.4869103506207466 0.9664481654763222 0.1419041603803635 0.3925328701734543 206.5926051512361 17.32641365379095 3.430516198277473 1.850921750068665 11.95686128735542 0 0.356971338391304 1.807621598243713 5.41579432785511 5.640512987971306 33.72624579071999 365.3031079620123 25.0236327201128 121.7272054851055 0.7069484889507294 1.064823552966118 2.982563689351082 113.2574516385794 5.133949987590313 7.201779149472713 4.837719634175301 1.063043504953384 0.842271625995636 4.912397474050522 9.338273599743843 11.11519588530064 0 228.4667997807264 171.0619041323662 113.7865807488561 40.38715696334839 2.517350703477859 4.9470619186759 5.859492689371109 0.5472415238618851 5.044401884078979 18.80405826121569 0.3578212857246399 5.764705397188663 9.405707724392414 3.287812605500221 0.1021421551704407 4.026170738041401 0.3123985975980759 2.536193251609802 1.346742264926434 7.239648461341858 3.860203258693218 3.446141861379147 215.3485393226147 4.868071526288986 0 1.922303587198257 81.80671499669552 1.217078357934952 1.276157021522522 6.858976602554321 0 6.327118024230003 13.55144312977791 2.722489058971405 19.82671712338924 22.16252087056637 19.05296903848648 5.859855070710182 60.23365719616413 70.04582449793816 69.46632689237595 100.6870087832212 2.460481092333794 2.545511893928051 0 0 0 0 0 0 0 0.2258437871932983 0 0 0 0.2055656462907791 0 0.5088287591934204 0.2046496272087097 0 0 5.594228953123093 6.583971485495567 0 0 1.297423958778381 44.2120725363493 0 20.86290053278208 0.8759394884109497 0 0.2702206373214722 0 0 0 2.706889122724533 0 0 3.735491216182709 5.179327093064785 0.7023011296987534 0.2627711296081543 0 0 0.3309669643640518 0 0 0 0 0 0 0 0 25.31522984802723 1.541167616844177 0.4395309090614319 0.7451701164245605 0.1431865096092224 0.2807096838951111 0 0 0.1138523519039154 0.6795820444822311 102.9598377645016 1.472024023532867 0 0 0.3243933767080307 7.255560413002968 0.9241583347320557 2.457857608795166 3.863044038414955 0.2600912749767303 3.524314686655998 1.321969851851463 0 0 0 0 0 0.2462325915694237 0 0 0 79.97351796925068 21.3531689196825 4.443983733654022 610.4985813722014 88.11631581932306 464.6155747398734 92.5942959189415 494.9476687312126 133.7913092821836 4.287924453616142 163.6668037772179 29.61135505139828 1.842275395989418 28.14722051471472 1.918770521879196 8.641277134418488 0.5432672053575516 2.059644803404808 9.458887085318565 14.36582281440496 0
109.3822820484638 133.0249448567629 7.041271910071373 219.842513024807 14.46998417377472 0 26.76492103934288 0.6734875738620758 22.3645701110363 768.2755515873432 6.605683624744415 460.4617849737406 317.3004450649023 62.87392072379589 0.4565970599651337 0 0 0 0 0 0 0.769400954246521 0 0 0 0 0 0 0 0 31.64075900614262 0 30.63174347579479 0 0 0.1983403265476227 35.67058616876602 0 1.436022594571114 0.6889964789152145 0 0 0 0 0 0 0.9952523112297058 0.4981734603643417 0 0 0.6399592831730843 1.840178579092026 0.6790646314620972 0 0 0.4266233146190643 59.00811375677586 96.92051427066326 2.872776828706264 1.132812067866325 0 1.102321773767471 0 3.610196605324745 0.2102677673101425 0.1334404200315475 0 0 0.219101756811142 0 123.5108572989702 107.8893093317747 4.807495221495628 6.878341138362885 1.816379249095917 0.7560263276100159 0 0 0 2.995560646057129 0 0 1.284348085522652 0.5334392935037613 0 0 0.1508788615465164 4.787957713007927 1.889798328280449 2.880914300680161 0 0.5805555731058121 0.1349519491195679 0.3118462562561035 0 236.4090784043074 51.44285677373409 6.519550025463104 12.21748520433903 613.0176755189896 0 0 0 0 0 0.528334766626358 0 0 0.8981414437294006 0 0 0.1601552516222 0.2085862457752228 0.9833868592977524 0 0.1395405679941177 0 0 0 0 0 0 0 0 0 0 0 0 0.2209910452365875 0 0 0 0 0 0 0 0 0 0 2.120491608977318 0 0.8635387867689133 0 0 0 0 0 0 0 0 0 0 0.2216130048036575 0 0 0 0.5677111148834229 0 0 0 0 0 0 0 0 0.3993211388587952 0 0 0 0 0 0 0 0 0 0 2.761301845312119 0.3366142511367798 0 0 0 0 0 0 0 0 0 0 0 0 0 0 0 0 0 0 0 1.228696167469025 0.7812329530715942 1.678348869085312 10.26095271110535 0.4505088776350021 4.948187798261642 0.8062688112258911 95.16148070991039 1.947604238986969 0 0.4241479635238647 0.1517025381326675 0 0.6257786899805069 0 0 0 0 0 0 1.361584588885307
311.8167335391045 5617.258059166372 458.4667181670666 1646.276194110513 3885.163666345179 26.76492103934288 0 33.64507180452347 3719.971783936024 1839.497589565814 726.5398506969213 82.56512600183487 1518.657910622656 1659.272007986903 23.90616895258427 1.723577052354813 1.112408012151718 0.5134898275136948 0 0.7573706731200218 2.81716937571764 0 1.14722253382206 2.749592319130898 1.600775584578514 3.232255987823009 0 0.8029433265328407 0.449323445558548 0.1589966118335724 158.5715829953551 23.78672808408737 5.387794345617294 0.1262849420309067 2.462101481854916 3.227485835552216 4.32604093849659 0.827709749341011 2.664607271552086 0.7409682050347328 7.348495803773403 3.470239885151386 0.1905276030302048 0.6798625886440277 0.145575150847435 0.2638723030686378 161.8789410591125 12.28441400080919 1.453125916421413 0.580800786614418 11.50858408212662 0.1152343973517418 0 0.2354246824979782 5.88012271374464 4.334707148373127 28.50714586675167 311.4127314314246 25.82418244332075 99.84060116112232 0 0.6111755222082138 4.29792994260788 87.5959602445364 4.812774039804935 4.278144650161266 3.725108757615089 0.6225372329354286 0.8832095414400101 4.259151056408882 6.385982185602188 3.612094983458519 0.1527556329965591 201.7446620836854 149.5416456237435 98.91468286514282 32.09806237369776 3.779164537787437 6.010210230946541 6.69441507011652 0.7404918968677521 4.052685111761093 17.16379132121801 0.303178608417511 3.970116913318634 9.017779402434826 2.249920561909676 0.1313267648220062 4.297888725996017 0 2.506646707653999 0.6974801942706108 5.549212843179703 3.577085003256798 0.9181668162345886 229.1891311407089 1.96681821346283 0.3613279163837433 1.161094024777412 62.82189844548702 0.1393411010503769 0.4473444521427155 6.648939192295074 0.3215465545654297 7.15636120736599 25.93972859531641 2.6388228982687 21.84396152198315 89.67903959751129 16.1251256018877 3.600054338574409 45.84567934274673 63.6997667402029 41.57994031906128 83.788325086236 2.369314126670361 1.532866723835468 0 0 0 0 0 0 0 0 0 0 0.8042820692062378 0 0 0 0 0 0.6925481036305428 4.713964931666851 2.197463363409042 0 0 0 23.74473971128464 0.4231894314289093 16.82830042392015 2.499555334448814 0.8149409741163254 0 0 0 0.5782565474510193 0.2458688169717789 0 0 0.5352290123701096 3.935575053095818 0 0 0 0 0.9856487959623337 0.1073528826236725 0 0 0.8702511191368103 2.452492102980614 0 0.6646715998649597 0 25.21659134328365 0 0 0.3626009523868561 0 0 0 0 0 0.1198047176003456 73.48571889102459 1.708955228328705 0 0.4691221117973328 0.3737086653709412 3.702494859695435 0.1407616585493088 2.732510834932327 4.230415105819702 3.087789416313171 3.531034052371979 0.3424399867653847 0 0 0 0 0 0 0 0 0.3213672041893005 58.79135438799858 9.292204260826111 3.213190272450447 494.2192673534155 61.46090266108513 382.4542653262615 72.67330183088779 486.0554753169417 108.3968165740371 9.402851633727551 121.701843701303 23.27707816660404 1.01262840628624 16.98899361491203 0.9345141425728798 6.352970287203789 0.1648035496473312 0 4.033180296421051 8.999104097485542 0
52.34196818619967 178.9288866743445 1037.728844821453 5.905028164386749 116.9231282696128 0.6734875738620758 33.64507180452347 0 70.6434413343668 3.648515000939369 3299.459566295147 16.67783072590828 145.574416667223 399.5737375468016 69.69046970456839 31.61560943722725 3.841715969145298 12.20055036246777 1.754335857927799 70.16126500070095 340.7212855219841 0.399899497628212 128.2342834025621 212.452843554318 141.9684101939201 166.9155047982931 14.4147417396307 26.7327903136611 4.280846647918224 1.79070083796978 1612.606729239225 2791.77508982271 80.02315613627434 28.09960395842791 204.6149890348315 598.0827895104885 86.58562989532948 131.4480754509568 30.99519415199757 40.06150031834841 508.2097393497825 142.768419444561 32.4336498901248 36.72248548269272 7.126683235168457 63.30525106936693 314.7533668875694 15.8691118657589 10.53433392941952 24.5027691423893 26.27510134875774 2.186273500323296 2.884946711361408 11.05877654254436 2.68675884604454 2.999171912670135 21.62889584153891 437.7522255927324 25.34097670018673 105.0227673351765 473.1373793557286 89.13741241395473 310.6658634543419 357.6537012681365 3.184817001223564 7.040049441158772 8.563483439385891 16.60905613750219 21.94351375102997 408.7725883722305 64.68427600711584 12.8318213224411 0.5715518146753311 173.7933739125729 220.8261285200715 172.7854428589344 558.8661957159638 420.2288742884994 2013.883812017739 1970.209513999522 237.7972373217344 1505.704081490636 12.22486711293459 0.2885853946208954 3.777903683483601 9.298386245965958 18.58368200063705 0.8937599435448647 3.79182081669569 1.144093386828899 1.976048536598682 1.731522105634212 264.3583846911788 51.35165524482727 6.12196809053421 27.74608263373375 1.481814295053482 2.678400009870529 11.16670118272305 63.09446451067924 0 0 0.4579865336418152 0 0.6243807077407837 1.516640812158585 0 1.100836455821991 1.56476317346096 0.9178174138069153 1.098514392971992 2.46663898229599 5.290762484073639 9.662716329097748 7.04433861374855 0.8707913085818291 0.6189187467098236 0 0.5245356559753418 0 0 0 0 2.124191626906395 1.279892787337303 0.5585069805383682 0 0.1475466787815094 0.1556144505739212 0.1141276732087135 0.1184091195464134 0.1171980500221252 0.742617130279541 0.7811608538031578 0 2.25321102142334 0 0 1.956758096814156 9.185393057763577 0 6.207321882247925 5.825646683573723 1.393541187047958 0.7510037273168564 0.5671873092651367 0.2679256498813629 0 0.8791508078575134 0.2005043476819992 0.4696271270513535 1.736923769116402 5.193538598716259 0 0 0.5673266649246216 2.236759670078754 2.333230674266815 0 0 0 1.814871728420258 0 0 0.8503338694572449 0.125359371304512 1.889184564352036 0 0 0 0 0 0 0 0 1.330548211932182 17.71103675663471 6.0318992882967 0 0.2429510056972504 1.764711476862431 0.5882515758275986 0.1773791164159775 0.3759365081787109 0.5530311316251755 0.1252693831920624 0.178228035569191 0.3380502164363861 0.413637675344944 0 0 0 0 0.1833408921957016 0.444962739944458 0 0.1238263845443726 2.592101380228996 8.535182431340218 6.174087323248386 523.9219344481826 66.9727635383606 572.6348257139325 133.2310869991779 100.7086714208126 121.0201309248805 4.79704537242651 159.7204437702894 18.84079363942146 2.617903381586075 7.609033055603504 0.1219053789973259 1.303176581859589 0 0.6821567714214325 3.733074679970741 19.54293525218964 0.7569919675588608
71.80394051969051 2246.058114022017 1273.665711224079 219.2986445575953 3933.697402045131 22.3645701110363 3719.971783936024 70.6434413343668 0 445.4832095578313 4974.397801101208 127.6749939322472 3489.070789113641 1435.929887488484 17.53012527525425 7.322885595262051 0.2841848582029343 0.610576257109642 0 0.9837718605995178 3.818530365824699 0 2.116337336599827 6.465249605476856 4.649698659777641 6.672430753707886 0.5343109965324402 4.095362782478333 0.2809779495000839 0.1828170716762543 48.4879804700613 15.40157067775726 5.685434982180595 0.2484263628721237 4.308105498552322 11.17198915034533 17.94529010355473 4.141102686524391 2.28326191008091 0.5576556473970413 17.01012145727873 9.280311457812786 1.269775211811066 0.1610039174556732 0.1378244757652283 0.2460952997207642 98.86336369812489 2.732430167496204 1.380072474479675 0.8933772593736649 4.434712909162045 0 0.6637348085641861 0.6988352537155151 0.6859620958566666 1.973557017743587 9.497378326952457 55.66781955957413 12.1189674064517 32.96858987957239 0.3993868976831436 0.7980061396956444 9.328921265900135 19.31746397167444 2.273882612586021 1.952884696424007 2.157421700656414 0.8666304126381874 1.230104930698872 7.300600662827492 14.65127662569284 7.387397512793541 0 46.38446744531393 40.21241898834705 42.23688899725676 19.99875951558352 3.196508154273033 10.56532768905163 15.80603424459696 0.8073882386088371 3.506266325712204 4.798855811357498 0.2794252336025238 1.358804389834404 3.044560953974724 0.8568240851163864 0 1.86286124587059 0.1221584603190422 0.5204361379146576 0.1188813745975494 11.37333668023348 3.050106480717659 0.4670150727033615 355.5878914296627 4.009612798690796 0.176467701792717 2.240963995456696 26.24151795357466 0.7055870145559311 2.347854599356651 11.53728550672531 0.5269095897674561 6.814575612545013 24.29842559993267 0.3167360723018646 37.02031363546848 20.57499015331268 19.95820651948452 9.161159358918667 73.887576200068 73.04536036401987 69.20807660371065 111.3713516667485 3.360551327466965 0.9458968862891197 0.1164668500423431 0.5650745034217834 0 0 0 0 0.6190178990364075 0.6408044695854187 0.1748481094837189 0 0 0 1.019780173897743 0.394915446639061 0 0.1459033936262131 0.7301826924085617 7.730046838521957 1.589460253715515 0 0 0 36.50244431197643 0 21.60669632256031 3.880873873829842 0.7520269975066185 0 0.1517287939786911 0 0 0.7179967761039734 0.414843276143074 0 5.498835742473602 7.817567616701126 0.4487324357032776 0.5998736619949341 0 0 0.5139544010162354 0 0 0 0.9030832201242447 2.321800768375397 0 0 0.3164453208446503 27.96155245602131 0.6347777247428894 0 0 0.4587558209896088 0.2268065214157104 0 0.1059363186359406 0 0 109.5411603078246 0.7682969272136688 0 0 0.1727100312709808 4.272207587957382 0 3.98128043115139 8.346706368029118 2.182397723197937 5.104100160300732 0.7249333262443542 0.4406235069036484 0.6908890455961227 0 0 0 0 0 0.1926811337471008 0.1196423470973969 80.68489651381969 16.29005907475948 3.070562466979027 422.5016590878367 40.3233400657773 273.9100507572293 72.93527361750603 156.9708235636353 69.9937808662653 2.15364933013916 121.155024677515 19.51635850965977 2.472528770565987 25.14641442894936 1.978829696774483 8.65751251578331 1.842864245176315 0 8.921514362096786 12.23979400843382 0.1166297569870949
4183.261698946357 4654.483796089888 68.58963192999363 4245.2272156775 827.3300677239895 768.2755515873432 1839.497589565814 3.648515000939369 445.4832095578313 0 58.72960663586855 3395.435629174113 8364.370906181633 302.4117251038551 4.365983426570892 0.3812260627746582 0 0.1843008399009705 0.1865722686052322 0.1580316573381424 0.2699971348047256 0 0.1574254631996155 0.5632343888282776 0.5712326616048813 0.4607675820589066 0.1405505239963531 0.1137462854385376 0 0 101.5954190939665 2.213751256465912 14.11877962946892 0 0 1.361249640583992 17.38922946155071 0.2717229798436165 1.554316774010658 0.5750014409422874 1.533505097031593 1.111712515354156 0 0.1356698274612427 0.1722479164600372 0.1389718949794769 51.1646590679884 6.520537562668324 1.13350984454155 0.1557647287845612 5.487172156572342 0.2297945469617844 0.5415678024291992 0 2.828567281365395 1.428146228194237 45.42470433562994 420.0583107993007 15.01742178201675 56.96867975592613 0.6314716190099716 0.7458113431930542 0.8260694146156311 32.07963562011719 2.455940648913383 1.977924413979053 1.949008367955685 0.2021666020154953 0.6655777394771576 1.500133529305458 204.0811340212822 4.495251595973969 2.346377417445183 152.8685425147414 65.26837949454784 41.66101152449846 12.88321144878864 1.916430242359638 0.6904010772705078 1.495552211999893 0.3989588841795921 1.13285231590271 8.915810629725456 0 1.48640301823616 4.206235453486443 1.721454009413719 0.7549230456352234 1.776161506772041 0 0.8214155435562134 0.1202360540628433 1.31074533611536 0.9465162456035614 0.3939273804426193 790.6893576532602 7.727356731891632 0 1.268565535545349 606.6003191247582 2.013359725475311 0.5938838273286819 11.88538327813148 7.083307266235352 6.184170335531235 33.26610995829105 6.316204130649567 24.05403935909271 133.6235520392656 32.11370542645454 10.10371504724026 58.61764717102051 76.52503155916929 67.56219938397408 68.9923155605793 1.212677821516991 0.220088467001915 0.376254677772522 0.477037250995636 0 0 0 0 0 0.6910917013883591 0 0 0 0 0 0 0 0 0.4491470754146576 4.77821758389473 1.871215030550957 0 0 2.54732871055603 14.42875570058823 0 6.309179678559303 3.230710700154305 0.3355025500059128 0 0 0 0 0 0 0 1.345846846699715 1.98233000934124 0.3923264890909195 0 0 0 0 0 0 0 0 1.311266466975212 0 0 0 14.04241023957729 0 0.8381199836730957 0.09316424280405045 0 0 0 0 0 0.5702661275863647 55.36223071813583 0.4239453375339508 0 0 0.2402470856904984 4.331814512610435 0 2.439689472317696 4.22232323884964 1.61422523856163 1.272997453808784 0.3978845179080963 0.2900409996509552 1.281190410256386 0 0 0 0 0 0 0 62.80038963258266 6.021032348275185 1.089253962039948 519.4997026845813 20.5675722360611 152.1645078361034 19.60667815804482 1675.049598179758 47.28033971041441 3.780430570244789 39.14531271159649 13.00266737490892 0 16.96646071225405 0.1415398865938187 3.652589820325375 0.6590000987052917 0 3.545509740710258 1.727775789797306 0
231.3833765238523 1912.976260341704 5986.413124546409 7.186688452959061 2111.591021955013 6.605683624744415 726.5398506969213 3299.459566295147 4974.397801101208 58.72960663586855 0 266.2627686709166 2815.682807654142 4671.295461244881 78.7014259621501 44.56385803222656 2.82184586673975 4.050327993929386 0.5612918063998222 7.079650923609734 38.29159148037434 0.6999004781246185 27.74959187209606 54.80462785810232 108.0695476531982 71.38157702237368 11.79047920554876 24.7745163589716 3.858914852142334 1.370145082473755 479.7590789496899 440.3319042548537 721.4579300284386 1.666941970586777 55.02626447379589 363.7638111189008 576.9079690054059 113.8201095610857 79.26246675848961 44.87562987953424 168.3127657175064 81.52444978803396 9.011466398835182 3.687706507742405 1.17078859359026 1.83742892742157 275.0310304388404 9.726663447916508 6.333878472447395 6.009731970727444 15.08266612887383 2.017723679542542 7.02754420042038 8.680007427930832 3.481654606759548 5.993607088923454 21.0624183267355 247.1725297421217 24.58120219409466 78.7478007376194 11.59961050003767 107.4672997742891 105.5280041769147 55.10755987465382 4.98854848742485 4.274000585079193 3.738776378333569 4.266659945249557 4.498810455203056 53.78226239234209 370.9671001881361 12.58894501626492 1.945242948830128 127.1779873296618 98.06338518112898 132.8044498413801 68.59343254566193 10.94580963999033 608.7828467041254 874.8381011784077 7.078171893954277 181.5015439391136 8.026418447494507 0.5993751809000969 2.675341576337814 7.994174405932426 4.548984743654728 0.4930957853794098 4.06220855563879 0.9756432995200157 2.635574027895927 1.473723605275154 72.86958856135607 20.42324977368116 4.262837797403336 190.4249130636454 19.60322552919388 2.276596859097481 44.3646162301302 66.50031034648418 0 0.363816425204277 5.482716053724289 0.2143440693616867 2.040099129080772 5.820222660899162 0.8731974959373474 6.68016491830349 9.006849691271782 5.192473262548447 4.377541124820709 24.69324639439583 28.2489902973175 33.75138661265373 57.69914305210114 2.015979737043381 0.6701227575540543 0.2127855271100998 0.2855566740036011 0 0 0 0.2664912343025208 0 0.58662348985672 0.5879978537559509 0.8207811415195465 1.142723441123962 0 0.3978025689721107 0.3407622203230858 0.2620347142219543 0.2803804278373718 0.1358958333730698 3.139469519257545 1.164946734905243 0 0 0.2941678911447525 23.61715234071016 0.3703957945108414 13.87311542034149 5.944381147623062 1.367577701807022 0 0 0 0.2780547142028809 0.8703510165214539 2.198586836457253 1.135936826467514 4.819190919399261 5.751390211284161 1.095958434045315 0 0 0.7539484351873398 3.159452423453331 0 0 0 2.568512082099915 1.210292533040047 0 0.6736289858818054 0 15.49402849376202 0 0.228166788816452 0.2697939574718475 0 0.3626346439123154 0 0 0 0.3811913132667542 54.61464612185955 2.296138361096382 0 0.4646508544683456 0.5854590684175491 4.064430952072144 0 1.221951737999916 1.249743774533272 1.908137947320938 3.15773644298315 0.2117094397544861 0.648622453212738 0.4812698662281036 0 0 0 0.1410631090402603 0.2390315979719162 0 0 33.16350013017654 16.23361261188984 6.157687075436115 816.9356778562069 77.71723829209805 604.5151899978518 159.1217160075903 152.1745322197676 134.3946328684688 4.78359692543745 252.7084090262651 25.40527223050594 1.696329176425934 25.41075231134892 3.507136680185795 9.046430438756943 2.114233657717705 0.821368932723999 11.1673424243927 28.66180380433798 1.245131179690361
86.39774590730667 59.50750860571861 110.711713090539 419.0043588280678 51.54384692013264 460.4617849737406 82.56512600183487 16.67783072590828 127.6749939322472 3395.435629174113 266.2627686709166 0 1640.250406861305 377.6733969151974 3.664512008428574 3.316381230950356 0 0.3489427417516708 0 0 0.4478044658899307 1.206049874424934 0.7212522402405739 0.5776488333940506 4.074386268854141 1.187039941549301 0.6827838271856308 2.705662980675697 0.2840685397386551 0.1266034692525864 9.543151564896107 3.615370273590088 44.35124242305756 0 0.6814944744110107 8.180237576365471 215.5652113258839 7.603243939578533 5.800893604755402 3.85501691699028 4.798981517553329 3.66711014509201 0.6772702932357788 0 0 0.8803799152374268 14.35655163228512 0 0 0 0.2713514715433121 0.6021285206079483 9.80317160487175 0.1871885657310486 0 0 10.5519799888134 12.87899864464998 0.8695390373468399 2.594832561910152 0.8395877778530121 0 1.992391102015972 0.8566641807556152 0.1306750923395157 0.2004624307155609 0.4203420430421829 0 0 0.420324444770813 118.170207247138 48.69883941859007 1.109525747597218 6.389316469430923 3.037733018398285 7.709654152393341 2.618982754647732 1.221231997013092 0.9228719919919968 22.54579757153988 3.618559375405312 3.397620387375355 1.004727646708488 0.1594953685998917 0.1175237521529198 0.532292552292347 0.3055877983570099 2.581051357090473 0.2064286321401596 1.256448715925217 0.1637444943189621 1.3906559497118 1.011354058980942 0.590655729174614 0 3238.106590911746 160.7539237886667 6.182269111275673 13.48387303948402 187.0421811640263 1.961074531078339 1.945803485810757 9.922905758023262 1.056492879986763 5.963629156351089 28.67439565062523 2.470682233572006 32.01458778977394 54.68907354772091 25.16968303918839 13.72398269921541 120.2331052795053 116.2113904282451 133.2131905481219 164.2408233508468 5.765617541968822 2.382582038640976 0.8090488910675049 0.1295477002859116 0 0 0 0.2836223095655441 1.967982470989227 0.1728439182043076 0 0 0.3304587006568909 0.3218189477920532 0.1515200585126877 0 0.180219978094101 0 0.2501715123653412 13.90797147154808 4.784339860081673 0 0 0.325487494468689 68.05900598317385 0.1325749158859253 28.85868413746357 3.409234628081322 0.8907980546355247 0.1814699918031693 0 0.1078977733850479 0 0.2870833426713943 0.2818535044789314 0.2722943723201752 6.122763223946095 15.13098553568125 0.4259907752275467 0 0 1.609722971916199 0 0 0 0 6.331814549863338 7.9083032310009 0.2885978817939758 0.6412636637687683 0 45.16961328685284 1.42749360203743 2.016044728457928 1.229724526405334 0.2322226315736771 0.3019086420536041 0 0.1400392949581146 0.1198840588331223 0.4265832155942917 175.4608817845583 5.717379078269005 0.4342441260814667 0.236624538898468 0 11.9342548251152 0.4003550261259079 5.690292119979858 9.436388440430164 5.055654898285866 6.466264583170414 0.5998391658067703 1.30203253030777 0.6328310817480087 0 0 0 0.3734986186027527 0.3428135067224503 0 0 150.2767723351717 25.97564371675253 7.015884585678577 193.9896985813975 2.566982418298721 44.47748913615942 14.85315083712339 577.5348337069154 10.62262441217899 0.4284913688898087 31.33952175080776 19.57880275696516 0.5134418159723282 54.69921600818634 2.559678368270397 25.17905946075916 1.724276952445507 0 7.056321986019611 1.332690745592117 0
281.1129826754332 636.6370534747839 809.085826665163 1013.354738228023 928.2258303612471 317.3004450649023 1518.657910622656 145.574416667223 3489.070789113641 8364.370906181633 2815.682807654142 1640.250406861305 0 6070.634525500238 26.9216043651104 24.42932841181755 1.745697677135468 0.101361371576786 0.1388389319181442 2.006377249956131 5.013525366783142 23.00187908113003 3.039195477962494 4.902269057929516 18.06573230773211 12.30983506143093 1.923047423362732 20.54195480793715 4.106167517602444 1.125330358743668 51.47332604974508 23.8609397187829 392.9171701520681 0.5567454993724823 7.879734143614769 51.2504236549139 101.5146369338036 35.38630071282387 152.6419452428818 26.37259668111801 35.85374315083027 25.21537756174803 4.237001657485962 7.143816113471985 0.974895253777504 11.04449006915092 72.8571445941925 3.637212201952934 3.1700194850564 1.018974751234055 3.414951764047146 22.2353193089366 164.3425834327936 13.57015335559845 0.931257002055645 2.558284729719162 11.38679873198271 53.70606236159801 7.692421942949295 15.22323782742023 14.56638020277023 61.06256291270256 17.13283099979162 12.40302403271198 0.8107104897499084 0.7064400985836983 0.6890508532524109 0 2.243842415511608 6.706939645111561 125.2665275856853 219.1495188996196 10.20715130865574 22.70249183475971 16.92005886882544 36.44376756995916 17.41678852587938 5.158064424991608 20.33719019591808 277.6091776415706 10.34572246670723 104.6951064243913 1.924325838685036 2.801585622131824 0.9037987291812897 2.859820932149887 1.821174919605255 16.94384403526783 2.619801051914692 18.29413688182831 0.557584822177887 2.135435208678246 6.459187902510166 3.432627186179161 3.034386530518532 3994.338390178978 345.8596583157778 106.0062698721886 181.1423020362854 152.1361961141229 3.27918066829443 3.160382002592087 17.14637108892202 1.41155743598938 18.07877603918314 53.48830746114254 2.703778639435768 57.82976687699556 233.5211896449327 40.89982815086842 25.2738091647625 204.4334641620517 216.4511526972055 210.331210963428 315.1438285559416 15.85249654203653 6.784003093838692 0.5935302451252937 1.425764352083206 0 0 0.5483956858515739 0 7.612953692674637 2.821232713758945 2.161026418209076 1.162312835454941 1.214241117238998 0.5773831084370613 1.465097978711128 0.7834965437650681 4.104734651744366 2.041206143796444 0.6802620068192482 16.2736583724618 4.595613203942776 0.4485921412706375 1.658404096961021 1.610645085573196 136.7873820438981 3.391044855117798 81.60635306686163 24.03516312688589 5.332271531224251 0.6426304429769516 0.2851680368185043 0.1244729235768318 0.8188754916191101 5.855656012892723 3.845646798610687 0.4333798289299011 9.581151701509953 33.72790369391441 2.578699134290218 0.1212169677019119 0.3913058042526245 7.414277173578739 0.6377420574426651 0 0 0.2460666298866272 6.656966999173164 6.60915020108223 0 3.445422947406769 0.1856689900159836 89.72089770436287 5.275580778717995 3.698250256478786 1.776661433279514 0 0.3773208856582642 0.1168895289301872 0.7203018814325333 0 2.186157047748566 428.5798888579011 34.49968244880438 0.1828036606311798 0.4853085875511169 0.3806350976228714 18.34157764911652 1.995109349489212 9.586062960326672 22.71743230521679 6.473354630172253 14.70892798155546 5.445442475378513 8.179059855639935 1.070090979337692 0 0 0 0.2945950329303741 0.5039954409003258 0.1459759324789047 0 265.0369797945023 118.3702581748366 33.16440003365278 485.8216575235128 44.0094294026494 206.058821901679 67.1477477028966 398.9338775724173 54.53878815472126 2.537502206861973 122.9010339826345 46.26864545792341 5.298432067036629 96.04671090841293 5.839173190295696 38.77477177232504 8.950895562767982 0.3410245031118393 18.68184162676334 18.18456754088402 1.215758368372917
