0 4310.878853395581 1096.539683528244 2297.584792330861 491.8191065862775 247.6299360990524 1450.174627691507 101.7767054438591 318.3670436888933 3163.144387945533 569.6466781198978 234.5273724645376 613.1351057216525 216.672986112535 8.740830287337303 3.023925602436066 0.5173701047897339 0 0 0.1344039589166641 0 0 0 0 0.8330971226096153 0.1609669774770737 0.1229361817240715 0 0 0 1551.760030932724 12.75160031765699 5.282977148890495 0.1436836421489716 0.4412764236330986 0.9687425345182419 7.781199231743813 2.194279670715332 0.4213258326053619 0.7112904042005539 0.4420203939080238 0.2519072815775871 0 0.2709152400493622 0 0.1241459921002388 57.15361172705889 12.73475697636604 0.3601803630590439 0.1045103445649147 0.1264559775590897 2.058074057102203 0.233654111623764 0.1426855772733688 16.23432574421167 7.796991363167763 388.5887731388211 986.5075905695558 16.49154242128134 12.68899592012167 0.09817882627248764 9.238956928253174 0.6217179298400879 6.221973299980164 3.758337125182152 2.933096393942833 0.5868101343512535 0.805890753865242 0.7396972328424454 1.071602210402489 10.6743693202734 17.23767052590847 0.1616553962230682 317.1369116455317 27.48996449261904 48.40220823138952 6.402335494756699 2.233286753296852 1.145638465881348 165.8286994919181 0 9.934838145971298 45.32711229473352 0.2759230136871338 7.496702931821346 4.330530695617199 3.364747270941734 0.7080250680446625 1.122434735298157 1.022114716470242 0.6326017007231712 0.6589239686727524 0.2007988095283508 0.2673137933015823 1.254002265632153 115.3541235327721 2.147604435682297 0.6664575785398483 0.6491473764181137 1863.153173193336 0 0.422558456659317 0.8784080743789673 0.4687159657478333 0 11.88197666406631 0 2.375910446047783 6.04226253926754 9.394032165408134 0.1428624540567398 12.92382889986038 13.4194937646389 6.348627090454102 2.670394405722618 0.1364366710186005 0.593824565410614 0 0 0 0 0 0 0 0 0 0 0 0 0 0 0 0 0 0 0 0 0.1430304497480392 0 1.094168499112129 0 2.948741093277931 0.4839710593223572 0 0 0 0 0 0 0 0 0 0 0 0 0 0 0 0 0.2617840766906738 0 0 0.3891431093215942 0 0 0.2345283627510071 6.780307441949844 0 0 0 0 0.3908946216106415 0 0 0 0 5.314415447413921 0 0 0 0 0.5806133449077606 2.662182152271271 4.804808467626572 0.1620556265115738 0 0.4489507600665092 0.9079493284225464 0.1609070003032684 0 0 0 0 0 0.2766898572444916 0 0 1.499167308211327 2.104882925748825 1.022941932082176 58.22256153076887 9.200675264000893 426.1152214109898 71.71302957832813 2527.359032213688 115.3590179756284 1.674421608448029 22.06795827299356 1.93348154425621 0 0.6371837854385376 0 4.071189671754837 0.8940455913543701 0 1.243878334760666 0.3704787790775299 0
4310.878853395581 0 1484.699152484536 1003.456658236682 4335.759109973907 105.8403814435005 6524.696749538183 22.99845261871815 3044.7226864025 765.6733044236898 256.4667837694287 13.40482811629772 844.862336628139 672.4865054115653 21.45031503587961 8.559924744069576 0.6041849926114082 0 0.1613417565822601 0 0.1760712265968323 0 0 0.6910520493984222 0.1547815501689911 1.581796064972878 0 0.4735329374670982 0.1449931114912033 0 2352.264815896749 64.30870840698481 0 0 0.2087535262107849 0.4278286248445511 3.499158978462219 0 0 0 1.190644189715385 0.2277016192674637 0 0.9371700584888458 0.6818093955516815 0.4215939939022064 150.8255871012807 24.33067417889833 1.351391971111298 0.7477487772703171 2.952800743281841 0.122282974421978 0.7434173822402954 0.137442022562027 16.81677631288767 10.10787763446569 81.42897080630064 412.8866137042642 17.71036294102669 28.62264784425497 0.7372095882892609 7.046081133186817 0.4568303227424622 34.28737273067236 8.042807005345821 5.629627771675587 1.945428565144539 3.086629100143909 2.280295707285404 0.8176795989274979 0 2.750693812966347 0.3965654075145721 294.281852774322 81.19220516830683 158.5359614491463 29.01483784615993 4.80167792737484 2.504261128604412 46.35846811532974 0.6096230670809746 8.861677929759026 67.35345496982336 0.2231857925653458 15.06600174307823 8.644579686224461 9.76942603290081 0.4668823704123497 1.705637611448765 0 2.668842323124409 3.12076710164547 1.397944368422031 3.185120597481728 1.202303275465965 64.23817858099937 0 0 0 1432.212419770658 0 2.037946105003357 1.730371385812759 2.048185765743256 0 32.05078671872616 1.095744907855988 7.279553204774857 12.60920463502407 19.50165359675884 1.865460351109505 32.9131950289011 47.37513139843941 22.6156915128231 9.561104118824005 0 0 0 0 0 0 0 0 0 0 0.2403267621994019 0 0.209635004401207 0 0.3037453889846802 0 0 0 0 0.589879035949707 0 0 0 0 11.11477638781071 0 6.795252695679665 0.3327372595667839 0 0 0 0 0 0 0 0 2.018638789653778 1.941292703151703 0 0 0 0 0 0 1.100231930613518 0.161045029759407 0 0.5967907905578613 0 0 0 34.83452437072992 0.5574505925178528 0.2591230273246765 0.2199161350727081 0.4221486449241638 0.1399692445993423 0.2713331580162048 0 0 0 27.66385395079851 0 0 0 0.1632283478975296 11.59056580066681 5.091701224446297 18.59544464945793 1.464873611927032 1.920583605766296 2.353904038667679 1.256361931562424 0.1148374900221825 0 0.1081964001059532 0 0 0.2472482621669769 0 0.1674588620662689 0 10.28033173084259 9.664424031972885 3.805817812681198 329.8148834705353 44.58803824335337 737.6653889790177 248.0581960752606 1562.891305997968 136.1906584948301 2.611575320363045 144.7686358764768 9.158064395189285 0.7569161653518677 6.4694884121418 1.437188342213631 11.00417912006378 1.839860543608665 0 1.248454838991165 1.492712795734406 1.36448085308075
1096.539683528244 1484.699152484536 0 49.61272676289082 2413.339244164526 36.57705064117908 277.0277258232236 1425.227082364261 2286.023536190391 38.30498048663139 3538.828907415271 7.85519503057003 187.9108963161707 617.102209456265 40.85443092882633 45.68734320998192 5.309624657034874 2.152183696627617 0.4334155917167664 9.704563178122044 13.80993339419365 0.1391845643520355 3.847651764750481 1.00727541744709 13.47357807308435 6.441869176924229 1.069415211677551 1.232913516461849 0.3295792490243912 0 4600.152530223131 1596.775489747524 5.584531366825104 21.33613982796669 14.75002925843 24.73754044622183 12.85583756119013 24.22477196156979 0.9500478208065033 4.306532636284828 62.67209643870592 10.14044124633074 2.582483977079391 7.735641933977604 7.784878194332123 26.16154999285936 153.478693023324 32.19401650875807 1.982806086540222 4.672724008560181 24.40942300856113 2.742682069540024 0 2.135459162294865 15.14862284809351 8.747043311595917 102.9476294592023 1027.811821982265 17.2274386510253 27.08252999186516 65.68974297493696 122.3236048966646 115.8157243356109 88.28966499865055 8.636333510279655 10.11910785734653 7.341489143669605 33.58536829054356 93.13978137820959 106.701877117157 0.1784628480672836 3.655581846833229 0.172853022813797 388.3143616020679 137.0757216885686 203.3498413935304 61.24584198743105 28.49294836819172 94.97325970232487 1418.06522231549 32.30323718488216 714.1556572839618 66.34799838066101 0.709136426448822 19.70330219715834 6.278486371040344 23.83698903024197 0.1879637241363525 4.258499018847942 0 6.431161485612392 3.546571917831898 45.87413945794106 11.84855291992426 6.957007244229317 24.09260693192482 1.150115877389908 0 0.4761350750923157 999.6125585436821 0 0 0.9128932952880859 0 0.537865936756134 6.773973703384399 0.5071510672569275 3.250056654214859 5.334443032741547 2.073467835783958 0.2505898177623749 10.20478618144989 13.03776827454567 4.779297485947609 2.523128479719162 0.6985546723008156 0.9381002336740494 0 0.1562772542238235 0 0 0 0 0 0 0.2905747592449188 0 0 0.1937701106071472 0.142207071185112 0.3204583674669266 0 0 0 0.8070241212844849 0.562285840511322 0.116210088133812 0.56253981590271 0.2309317141771317 7.751573629677296 0.8617322593927383 9.267820738255978 1.401587292551994 0.136246457695961 0.4973581433296204 0 0.3270438313484192 0 0.4959945231676102 0.1687888503074646 0 1.069444060325623 1.716432303190231 0 0.1987423896789551 0.398127868771553 0 0.9045049101114273 0.5977863818407059 0.2842213809490204 0.1966020241379738 0 0.4486756324768066 0 0.2726651430130005 1.467460066080093 24.41694585233927 0 1.179488301277161 0 0 0 0 0 0 0.5963919162750244 11.09579151123762 0.3461863100528717 0 0 0 2.802331030368805 4.301223620772362 12.34743405878544 0 0 0.8154837191104889 0.8587962985038757 0.1603041887283325 0.3922311365604401 0 0 0 0 0.428971141576767 0 0 6.368444040417671 3.213682547211647 5.826000899076462 232.3329169973731 41.56563687324524 618.5456478819251 185.6392690762877 790.6850587204099 107.6624830514193 2.936525598168373 79.74518563598394 8.44293151050806 0.1064245253801346 2.45262311398983 2.584893777966499 3.304813295602798 0.1378526240587234 0 1.186213977634907 3.207092329859734 1.000747114419937
2297.584792330861 1003.456658236682 49.61272676289082 0 89.96543997526169 275.5476192086935 990.0920517444611 3.255017347633839 35.48718075454235 2037.065465480089 4.963495768606663 242.7069484442472 1215.784212037921 9.808117896318436 3.968606024980545 1.629928134381771 0.2203859835863113 0 0 0 0 0 0 0 0 0 0.127784252166748 0.1796581000089645 0 0 130.7938574701548 7.547944560647011 0 0 0 0 0.4547612071037292 0 0 0.2301851660013199 0.4764328896999359 0.2986981421709061 0 0 0 0.1248577013611794 30.17720165848732 7.372305668890476 0.3263088166713715 0 0.5111282020807266 0.1710592806339264 0 0.2728378176689148 5.007086500525475 2.402026280760765 29.04014882445335 79.52243360131979 3.40903913974762 5.251762002706528 0.1488774120807648 0.19554802775383 0.2460277378559113 5.393779247999191 1.79661551117897 0.6304996162652969 0.1141717061400414 0.9668983072042465 0.2484778761863708 0.2167741060256958 0 0 0 70.27994505316019 15.4879170358181 28.33550661802292 5.805062234401703 0.7053250968456268 0.09505733847618103 0.5415645390748978 0.1155069395899773 0.5603709667921066 12.78385476022959 0.8510397300124168 3.554088063538074 1.620249316096306 3.009413175284863 0.2773846089839935 0.9003785774111748 0 0.4795995056629181 0.5895833969116211 0.4485321342945099 1.693253934383392 0.5631274431943893 119.8618172556162 0 0 0 234.7710731774569 0 0.5107104182243347 2.687715709209442 1.317909389734268 0 21.69228474795818 1.44984433054924 5.461661279201508 9.636489614844322 23.99388243257999 0.736655667424202 25.834198102355 31.95111975073814 15.38469371199608 3.899991810321808 0.4015064537525177 0.1921346038579941 0 0 0 0 0 0 0 0 0 0 0 0 0 0 0 0 0 1.383342862129211 0.1874172538518906 0 0 0 2.642519176006317 0 3.34232223033905 0 0 0 0 0 0 0 0 0 0 0.5357045531272888 0 0 0 0.4251383244991302 0 0 0.6392682194709778 0 0 0 0 0 0 14.29269251227379 0 0 0.2816539704799652 0 0 0 0 0 0.1974954456090927 7.602617666125298 0 0 0 0 3.022319167852402 0.391397088766098 5.81750176846981 0 0 0.3664826452732086 0 0 0 0 0 0 0 0.2048190534114838 0 0 6.102936014533043 2.001671016216278 2.142894834280014 75.01447027176619 8.884726457297802 184.9496253654361 55.3554657176137 803.8114624619484 27.4629113599658 0.95778688788414 20.96454457938671 2.787001371383667 0 1.693394958972931 0 5.673678010702133 0.6305462718009949 0 0 0 0.6581268906593323
491.8191065862775 4335.759109973907 2413.339244164526 89.96543997526169 0 11.7819439470768 2040.646759614348 145.192424222827 6637.035612136126 273.4161951690912 478.9126154854894 30.60031673312187 435.0713641420007 985.3739749267697 42.96927835792303 28.42631273716688 2.084650814533234 0.148273691534996 0.254367358982563 0.1309201270341873 0 0 0 0 0.3115787506103516 0.6245691478252411 0 0.7865360900759697 0.6585868373513222 0.1085617765784264 518.4243012294173 56.15425281971693 0 0.2618388384580612 0.09656154364347458 0.3312602937221527 0.2017285823822021 0.1659759432077408 0 0.4229414612054825 2.19201835244894 0.6476599499583244 0 1.345759883522987 0.1103274747729301 0.283982016146183 132.2849453240633 17.25580888986588 1.059315659105778 0.4677789956331253 4.66575999557972 1.229380503296852 0 0.9495034441351891 6.042334124445915 5.253827415406704 21.99662256985903 86.99687103927135 9.868854463100433 22.52251683175564 1.044536180794239 1.388866372406483 1.071654766798019 26.73372731357813 4.229411743581295 5.584686957299709 1.295961536467075 2.935680650174618 1.666295595467091 2.121853157877922 0 4.834239318966866 0 111.6627113372087 41.39471258223057 151.4136364385486 55.04162900149822 9.807842060923576 1.499473392963409 30.68462508171797 1.816327102482319 10.14690367877483 28.24924156069756 0.7594419047236443 9.149785652756691 4.109791398048401 8.917707525193691 0.2241647988557816 1.429529793560505 0 3.94008819013834 4.140180960297585 2.965816155076027 3.00886344909668 3.103654712438583 40.38104200363159 0.5474294424057007 0 0.1313542425632477 68.75253539532423 0.9422086477279663 2.752577260136604 2.803360626101494 0 0.5049397498369217 52.87270383536816 0.2701627612113953 15.54578933119774 19.98451767861843 21.37996530532837 3.039550542831421 51.55101776123047 67.13196587562561 34.37329939007759 18.26438686996698 0.7163070291280746 1.763621345162392 0.1861230880022049 0 0 0 0 0 0.198254868388176 0 0 0 0 0.2211258709430695 0 0 0 0.3041592836380005 0 4.626738086342812 0.902804970741272 0 0 0 21.56166077405214 0 17.10133041441441 0.3477569222450256 0.2033899128437042 0 0.13260418176651 0 0.3508699387311935 0.3102297484874725 0 0 1.839922606945038 4.266098216176033 0.174910232424736 0.6040699779987335 0 0 0 0 0 0 0.4281298816204071 1.028917193412781 0.2694762349128723 0 0.3196097910404205 82.00443198531866 5.49608700722456 1.39937387406826 0.4765343368053436 0 0.2806139290332794 0 0.7045188397169113 0 0.1987989991903305 69.98523273319006 0 0 0 0.12468221783638 14.78219898045063 6.607034146785736 35.10062593966722 2.516011133790016 1.750648945569992 3.435918070375919 2.349518105387688 1.499806061387062 0 0 0 0 0 0 0 0 25.60294406116009 15.24745110422373 13.0869095697999 332.783137395978 74.07922705262899 418.4772096946836 247.4384468644857 285.6807740926743 86.1108017116785 1.629806786775589 134.264918923378 17.97159510105848 1.598005995154381 9.278863869607449 3.53397436439991 7.28031125664711 3.190794266760349 0.5868960022926331 0.8403404653072357 1.416243329644203 2.113631293177605
247.6299360990524 105.8403814435005 36.57705064117908 275.5476192086935 11.7819439470768 0 114.4643528908491 4.816349282860756 14.55313876271248 678.4387770593166 9.029418796300888 360.0972606241703 261.3182255476713 44.96575100719929 0.8202059119939804 0.7932883948087692 0.1729259788990021 0 0 0.1765644699335098 0 1.528761446475983 0 0 0 0 0 0.2082211226224899 0 0 203.4141566455364 1.037170469760895 23.63795480132103 0 0 0 25.96445146203041 6.125994503498077 3.04359482228756 0.2582570910453796 0 0 0 0 0 0 2.459171041846275 0.3144799321889877 0.1674250811338425 0 0 30.77590047568083 2.795243218541145 1.112939327955246 0.4662249088287354 2.367275923490524 191.8747878670692 107.3983358442783 3.135031200945377 0.1128178909420967 0 15.21715788543224 0 0 0 0.3130329847335815 0.2188823968172073 0 0 0 132.4934060722589 458.094701230526 26.75471848249435 11.43093010038137 0.6086311340332031 1.270370200276375 0.1151719316840172 0.4529193639755249 0 9.253631427884102 0.6750659942626953 5.47096098959446 2.221494734287262 6.86949747800827 0.173496201634407 1.07909220457077 0 16.38713058084249 6.835660248994827 44.74225927889347 2.043700829148293 18.52910590171814 0.165331557393074 0.3662668317556381 0.1723524630069733 236.013715043664 42.59395602345467 20.07595972716808 14.71245236694813 460.7156553864479 0 0 0 0.585443913936615 0 1.366356134414673 0 0.2539644241333008 0 0.2299136370420456 0 0.8110058605670929 2.860613778233528 0.6225614100694656 0.7080210298299789 0.1865846663713455 0.550126701593399 0 0 0 0 0 0 0 0 0 0 0 0 0 0 0 0 0 0 0 0 0 0 1.511610627174377 0.1379672288894653 2.067175716161728 0.1603017300367355 0 0 0 0 0 0 0 0 0 0 0 0 0 0 0 0 0 0.2729585766792297 0 0 0 0 0 2.447318732738495 0 0 0 0.168078750371933 0 0.2209803760051727 0.3038277328014374 0 0 1.553989306092262 0.2044456750154495 0 0 0 0 0.1605777442455292 3.236256435513496 0.6630511879920959 0 0 0 0 0 0 0.1771465688943863 0 0.1648106426000595 0 0 0 0.5709241926670074 2.602036133408546 1.117891237139702 4.235703282058239 1.036759331822395 17.11871492862701 1.522874251008034 557.6527244448662 12.20369639992714 0.6482051908969879 0.1856176406145096 0.3334670662879944 0.1414407342672348 0 0.139398917555809 0 0 0 0 0 0
1450.174627691507 6524.696749538183 277.0277258232236 990.0920517444611 2040.646759614348 114.4643528908491 0 34.11141168326139 676.9002017229795 3438.377002581954 37.40264836698771 367.0957244634628 5227.336614280939 505.7724613323808 90.43386840820312 66.51260530203581 7.24076472222805 0.3545749932527542 0.3930951505899429 1.082564547657967 0.7441330254077911 0 0 0.381357878446579 0.6910733431577682 3.745646312832832 0.4422553032636642 3.172196671366692 1.937622502446175 0.2073351889848709 275.984728872776 63.49039096385241 0.9911573380231857 0.2880850285291672 0.7477292567491531 0.6581159383058548 1.20032174885273 1.118405237793922 0.5749538838863373 0.7206112220883369 3.152207769453526 2.227979369461536 0 2.915548756718636 0.8534579128026962 2.170391790568829 252.412889637053 24.74448056519032 1.703227125108242 0.572135753929615 7.284465730190277 1.520078234374523 0 2.863542608916759 13.2846887037158 8.226640745997429 46.59688904881477 112.5277376994491 18.2898665368557 33.50600825250149 1.799899391829967 4.137040458619595 2.61508521437645 32.4257156252861 7.634458266198635 6.773486346006393 2.491684205830097 7.398671597242355 4.220010660588741 2.484564669430256 0.1627249866724014 21.3359055519104 0.4338002800941467 207.8404637128115 63.48995207250118 279.4337617531419 105.125042848289 30.56025547534227 1.824322514235973 16.4018779695034 1.76210393756628 11.92368346452713 48.66199503093958 0.7816314250230789 18.47547403723001 6.074397504329681 19.33200751245022 0.1335377991199493 4.951940298080444 0.568823978304863 10.59665363281965 7.486765868961811 7.304806903004646 7.918068058788776 5.281221486628056 379.0973167270422 0 0.3202420473098755 0 149.3198680505157 3.237768560647964 6.659241646528244 17.8193584382534 11.80689147114754 1.604973316192627 249.2479551583529 7.68333588540554 76.88257014751434 122.3326061517 147.2287117242813 13.17414185404778 309.5063459575176 387.5890948921442 190.2010006904602 71.90925592184067 5.560793183743954 2.945556454360485 0.2781197279691696 0.5462958216667175 0 0 0.2159605920314789 0 0.1563537120819092 0.571968674659729 0 0.4769799560308456 0 1.406984969973564 1.349474996328354 0.2202998995780945 0 0.3957373797893524 0 12.67586706578732 5.345431745052338 0.1652534902095795 0 0.5364317297935486 68.71033297479153 1.058816626667976 61.44251397252083 0.6953022703528404 0 0 0.1739019304513931 0.5252454578876495 0.1408152282238007 0.7275210171937943 0 0 7.744532458484173 12.70571907609701 3.689626790583134 0.8258142471313477 0 0 0.2400545924901962 0.09866196662187576 3.736815646290779 0.1007905304431915 2.202607586979866 3.892973437905312 0 0 0.259216770529747 338.1224131211638 9.801673777401447 4.945690020918846 2.774558305740356 0.1754341721534729 0.2023715525865555 0.8089647069573402 1.304023183882236 0 1.718548625707626 298.517439506948 0.2016040086746216 0 0.1458803117275238 0.6201874166727066 59.59082072228193 29.34839192032814 126.5533467829227 11.85671655833721 15.56939923763275 20.31632097065449 10.9567998200655 1.816644966602325 1.153272598981857 0 0 0 0 0 0 0 137.2256873548031 78.03051756322384 47.17179597914219 741.8228485286236 154.8504472598433 788.0287951305509 519.953442171216 860.806895904243 162.8590888679028 9.274749964475632 267.9437154829502 37.24840801954269 4.784694448113441 58.45144791156054 14.87430499494076 47.46418382227421 5.276467047631741 1.623876869678497 4.0043610855937 4.285058282315731 5.006453536450863
101.7767054438591 22.99845261871815 1425.227082364261 3.255017347633839 145.192424222827 4.816349282860756 34.11141168326139 0 1917.33188713342 5.248452723026276 3506.426388040185 23.83585658669472 183.4897613227367 675.978726297617 51.63350592553616 72.91476338356733 12.72550970315933 4.761970154941082 0.6749202609062195 9.070275247097015 7.73499421775341 0.703227698802948 4.361899062991142 1.122336573898792 27.63443470001221 4.680206514894962 1.370734937489033 1.356480643153191 0.2530389428138733 0.6935018002986908 866.2680631950498 3036.921873867512 8.253550127148628 14.77485422044992 13.62285528331995 47.79485203325748 24.07892633974552 41.81838863343 6.384563565254211 16.87844333797693 51.77615940570831 9.64798778295517 2.932447299361229 23.98227625340223 6.388340219855309 26.53366896510124 106.8723963201046 14.97556512057781 2.960016310214996 7.770157545804977 23.39227200299501 5.904984787106514 0 4.872234269976616 4.246994979679585 4.086889676749706 28.27287043631077 210.968503177166 6.805284194648266 10.74163670092821 108.5966126471758 199.6266406849027 107.4029829949141 112.5781857147813 2.929828815162182 3.688465930521488 3.701200284063816 16.82161942869425 60.55464100837708 97.16560533642769 5.315680906176567 8.253953218460083 0 127.0155872553587 81.63630276918411 141.6964813768864 168.1741522923112 484.9997232183814 1208.781610168517 1570.860843256116 467.6786692515016 2363.999848350883 21.06315378844738 0 5.094998560845852 2.032780587673187 22.1612406745553 0.3182969465851784 1.577930025756359 1.168147437274456 3.198712259531021 2.736284852027893 31.4082278162241 9.643392898142338 8.411982841789722 37.26366779208183 0.3280678391456604 0 0.6391242891550064 126.4501990824938 0 0 0 0.4215040802955627 0.1038410216569901 1.430303633213043 0 0 0.7880616039037704 1.024016290903091 0 1.044473916292191 3.373716965317726 2.889314144849777 1.340187832713127 0.4600519686937332 0.6361035704612732 0 0.6577721536159515 0 0 0 0 0 0 0.4090895801782608 0.8206645250320435 0.4466926753520966 0 0.1388139724731445 0.2773649990558624 0.2292935103178024 0.4039376676082611 0 0 0 0 1.004896841943264 0 3.918269746005535 0.8937878683209419 5.062801234424114 3.670831680297852 0.1403346061706543 0.9787090569734573 0.1193150728940964 0.4424862116575241 0.2190321832895279 0.2524676918983459 0.1801533401012421 0 0 0.5267942100763321 0 0.3689843714237213 0 0.1516440063714981 0.1354818493127823 0 0 0 0 0 0 1.273380175232887 1.36239854991436 11.26546959578991 0 0 0.1439232230186462 0 0 0.1787188798189163 0 0.1387769132852554 1.201168820261955 8.361041903495789 0 0 0.3242554068565369 0.1892778128385544 1.923097014427185 2.406752020120621 6.067927956581116 0 0.1325664669275284 0 0.6943377256393433 0 0.2515069246292114 0 0 0 0 0 0 0.9862533509731293 2.297674298286438 3.779497489333153 4.664740547537804 120.4161537587643 21.63055925071239 268.054505854845 100.9056318551302 66.77569206804037 34.44792025536299 1.025005333125591 50.59898793697357 8.570705354213715 0 2.36463937163353 3.152649760246277 0.1392626464366913 0.5061952695250511 0 1.239434599876404 1.311725899577141 0
318.3670436888933 3044.7226864025 2286.023536190391 35.48718075454235 6637.035612136126 14.55313876271248 676.9002017229795 1917.33188713342 0 172.193520128727 3272.854320473969 98.31697475165129 1981.806185983121 2828.049875512719 71.96808765828609 83.69161572307348 9.371432505548 0.662701204419136 0.1261690258979797 0.8659664392471313 1.293312475085258 1.086043268442154 0.3846278488636017 0.3528341352939606 22.87210685014725 3.977820582687855 0.3903975337743759 2.626371391117573 0.317360907793045 0.6703010722994804 304.2736239358783 65.08361891657114 118.9968681484461 2.470226660370827 3.934578374028206 27.09140485525131 30.62959071993828 14.92527119070292 14.4679950773716 22.76010158658028 12.54212395101786 3.33344791084528 0.2852385193109512 7.531612075865269 0.9135419800877571 0.8145657330751419 135.4036412388086 10.23594985157251 0.4455879479646683 0.8039899468421936 11.34224455803633 7.979395613074303 0.492891937494278 6.896358795464039 4.558122746646404 2.220705479383469 17.77674986422062 55.29551532864571 7.657616250216961 13.26733891665936 3.595031082630157 14.40017052739859 15.99061027169228 20.84429922699928 2.549203880131245 2.541404902935028 1.260249257087708 5.380334332585335 4.939810506999493 7.688123226165771 10.05313390493393 17.23470029234886 0.3224584460258484 81.08562127500772 28.63402400910854 153.172923438251 83.1576439216733 41.21572310477495 62.37027609348297 159.7443652451038 1.300382629036903 47.00810553878546 17.18630672246218 0.2889039292931557 7.547572031617165 2.127614833414555 9.147590614855289 0.1917996257543564 1.942276246845722 0.9558412060141563 5.456460043787956 5.286351710557938 6.806577429175377 8.485838748514652 12.19260755926371 157.9038649946451 3.068212911486626 0 3.957303494215012 76.13317609578371 1.597532033920288 0.6283181458711624 2.880621269345284 1.467271387577057 0.1446171700954437 46.42472995817661 0.4042726010084152 16.55392301082611 22.39884430170059 27.41418963670731 3.550620101392269 69.33170571923256 93.61858333647251 43.11700404435396 18.00065065920353 1.825394988059998 2.20411491394043 0 0.2838419303297997 0 0 0 0 0.3089214265346527 0 0.8485715985298157 0 0 0.4053991585969925 0.6775498539209366 0.4016283303499222 0.2234978079795837 0.1401385366916656 0.3276686817407608 4.138764888048172 0.1514071524143219 0 0.2324395328760147 0 23.42895938456059 0.919741079211235 20.46323729306459 1.480448588728905 0.5078683197498322 0 0.3540783077478409 0.2659574449062347 0 0.3883558213710785 0 0.1729870438575745 1.489395260810852 6.157313451170921 0.2506139278411865 0 0.1572318971157074 0 0.1764275133609772 0 1.434788554906845 0 0 2.375481784343719 0 0 0.5096879601478577 90.17369547486305 5.23176109790802 0.7276171445846558 0.8659908547997475 0.3261496275663376 0 0 0 0.2776662111282349 1.015149831771851 90.01738638430834 1.17827033996582 0.3262982368469238 0.1829456388950348 0.1176609620451927 19.56955754756927 7.181046381592751 35.15771751850843 3.106895610690117 3.25321352481842 4.379253648221493 1.681909471750259 1.192552521824837 0.1448217630386353 0 0 0 0 0 0.194066047668457 0 44.73818588256836 29.25013402104378 18.89360399544239 372.2622371017933 67.04520479589701 358.3914482817054 240.2115615084767 139.2028064355254 65.95910626649857 3.72150319814682 141.6740999296308 18.29427541792393 3.35936114192009 19.17549864202738 2.749494291841984 11.17762191593647 2.750392764806747 0.1519192904233932 1.98443329334259 4.211950525641441 1.819066643714905
3163.144387945533 765.6733044236898 38.30498048663139 2037.065465480089 273.4161951690912 678.4387770593166 3438.377002581954 5.248452723026276 172.193520128727 0 8.027169242501259 1753.098070695996 6464.422342978418 97.07663010805845 7.634135372936726 9.110416911542416 0.5731619596481323 0 0 0.1668304651975632 0 0 0 0 0 0 0 0.7488981187343597 0 0 142.504346460104 5.365192607045174 2.177025318145752 0.2348865866661072 0 0 0.8143375068902969 0 0.1981103420257568 0.3027254492044449 0.7825810611248016 0.1725141406059265 0 0.6000640690326691 0.1020351648330688 0.1896222084760666 36.32920207083225 5.867949217557907 0.2571322619915009 0.2797049880027771 1.225555308163166 0.1243788599967957 0 0.1209357529878616 2.758775778114796 1.957523263990879 93.46777030825615 91.06211302429438 5.359591826796532 4.556710205972195 0 0.4131025671958923 0.150995135307312 2.685517959296703 1.148980148136616 0.7386040762066841 0.8573252186179161 0.3762086629867554 0.256742998957634 0.461835615336895 59.06745731830597 20.50233487784863 0.3009194135665894 55.54397304356098 9.009699687361717 25.56471521407366 5.678926825523376 3.12307471036911 0.2117964625358582 5.495872065424919 0 2.160653710365295 13.79734529554844 0 3.085805028676987 0.9330253601074219 1.565386727452278 0.1122919395565987 0.8574248552322388 0 0.6491065844893456 0.6957426965236664 0.3989650309085846 0.7179608345031738 0.5166991949081421 910.1306293904781 0 0 0 1225.435444220901 0 2.448076352477074 13.07778136432171 10.50200587511063 1.29411093890667 236.9809518605471 5.87195685505867 64.74614353477955 126.8948099315166 152.7994575053453 12.24055404961109 266.8775455951691 290.2079554498196 141.3739688843489 41.33630786836147 1.638673268258572 0.8790415227413177 0.6037180423736572 0.1496460288763046 0 0 0 0 0.3598272800445557 0 0 0 0 0.2922837436199188 1.032866805791855 0 0 0 0.3766745775938034 5.360975831747055 3.313900128006935 0 0 0 41.65119863301516 0.1522313505411148 30.48264464735985 0.5664106756448746 0 0.1950627118349075 0 0 0 0 0 0 2.172929733991623 5.481742277741432 0.9316496253013611 0 0 0 0 0.2220491468906403 1.988132327795029 0.3596315234899521 1.335998147726059 3.013768389821053 0 0 0 169.538641281426 8.805108964443207 0.903553307056427 3.401836603879929 0 0.1633732467889786 0 0 0.1487690359354019 1.625779464840889 127.2258225679398 0.193346843123436 0 0 0 31.47699800133705 15.09695862233639 76.00511844456196 5.146939262747765 8.528152413666248 14.63331952691078 5.190125718712807 1.452549904584885 1.600837841629982 0 0 0 0 0 0 0 70.52542719244957 34.75694651901722 23.63262159377337 224.6646259874105 24.70468697696924 184.8866830170155 82.17510773986578 1616.197058290243 50.11270306259394 1.480086840689182 105.9191973358393 25.82570045441389 3.757172390818596 36.33631279319525 5.295820578932762 51.37512172758579 4.474331378936768 0 4.316548824310303 0.793477475643158 0.2146670371294022
569.6466781198978 256.4667837694287 3538.828907415271 4.963495768606663 478.9126154854894 9.029418796300888 37.40264836698771 3506.426388040185 3272.854320473969 8.027169242501259 0 57.59932605922222 1179.343645736575 2631.508522890508 42.55567460507154 57.24222668260336 5.025953948497772 0.5848827734589577 0 0.8199316412210464 2.431778773665428 0.537728950381279 0.3756645023822784 0.2828726693987846 26.34734179824591 3.181568011641502 1.990277089178562 3.385184913873672 0.4997773021459579 0.4990163445472717 911.9086199253798 326.6225830391049 202.1344206631184 1.84574531018734 6.154138885438442 35.6197634935379 45.01502656936646 21.71874760836363 25.6641930937767 38.1049519777298 13.54379381239414 3.196819260716438 0.1121493577957153 7.312639437615871 0.7155979722738266 2.687208004295826 100.8503063470125 10.64803180843592 0.1483586877584457 0.7991571724414825 13.56326008588076 12.09581436216831 1.44324803352356 7.935672476887703 4.597830429673195 4.258513040840626 24.04263362288475 142.4434252604842 5.071009062230587 11.46579626947641 2.863852806389332 33.83717748522758 20.83056174963713 29.71413835138083 3.774634584784508 2.815926089882851 1.444586701691151 2.799056492745876 4.857894562184811 9.358096741139889 22.59030981361866 23.41534265875816 0.3244957327842712 105.7511674016714 46.45007625967264 124.5222907960415 64.26082348823547 34.72911102324724 148.2380948886275 698.1247773766518 1.853114984929562 109.8822960034013 24.11649740487337 0.3481533974409103 5.044156342744827 2.624522246420383 5.38118103146553 0.2801290452480316 2.800961844623089 0.8616369217634201 4.313803374767303 6.677061393857002 8.905175372958183 10.18849781900644 12.46761327981949 78.12038785219193 4.330527856945992 0.3902651816606522 5.492341190576553 201.1867290958762 0 0 0.867636114358902 0.5003989934921265 0 3.585235565900803 0 2.597627818584442 0.6206017136573792 0.6845668107271194 0.1555501520633698 5.474090680480003 10.42641240358353 5.979801014065742 3.594788163900375 0.4818883538246155 0.3344718217849731 0 0 0 0 0 0 0 0 0 0.2657581865787506 0 0 0.7961654365062714 0.3234780579805374 0.3277227729558945 0.355362743139267 0.335664838552475 0.2907970547676086 0.1778914630413055 0.2109476625919342 0 0.3821436166763306 6.072040133178234 1.059673443436623 7.25330176949501 2.147162035107613 0.7026834934949875 0 0 0 0 0 0.2023611962795258 0 0.1363279968500137 1.257205441594124 0 0 0 0.3147510290145874 0.3369218707084656 0 0 0 0 0 0 0 0.3502637296915054 18.12916158884764 0.3437100052833557 0.3560886085033417 0 0 0 0.1186276078224182 0 0 0 18.74201409518719 1.108417600393295 0.2469510734081268 0 0.1208888366818428 1.96607232093811 1.046386510133743 10.54394036531448 0.3058772832155228 0 0.6100924164056778 0 0.7795070111751556 0 0 0.131175309419632 0 0 0 0 0 7.485953330993652 8.983797326683998 7.892331182956696 175.211933657527 25.06968401372433 329.8214037939906 128.1090505048633 184.7303530648351 42.23713487386703 1.492800071835518 71.42686183005571 8.433130010962486 0.09971372038125992 2.293353885412216 0.2292699366807938 0.7904202714562416 0.6845601499080658 0 0.1606070101261139 2.3239840939641 0.1171562671661377
234.5273724645376 13.40482811629772 7.85519503057003 242.7069484442472 30.60031673312187 360.0972606241703 367.0957244634628 23.83585658669472 98.31697475165129 1753.098070695996 57.59932605922222 0 877.2112660929561 183.6259072646499 15.48951304703951 22.96756125241518 3.247855760157108 0.7972615212202072 0 0.2075357288122177 0.1991485357284546 2.442004308104515 0 0 4.171535536646843 1.358548179268837 0.630458801984787 1.218138098716736 0 0 5.869843333959579 2.656279824674129 29.45531098544598 0.7961086630821228 1.470657408237457 5.682631939649582 18.84957973659039 3.034127578139305 26.91695086658001 8.005610033869743 5.984360344707966 1.357397273182869 0 3.791844263672829 0.1600047498941422 0.5173766165971756 17.62744212150574 0 0 0 6.149484850466251 19.77727311849594 11.09718903899193 4.321254506707191 0 0.3418577611446381 18.20938054472208 7.887670740485191 0.2432739362120628 0.6181995570659637 4.429349534213543 10.79290215671062 3.69618433713913 1.283552080392838 0 0.7518252432346344 0.3822622746229172 0.7219946086406708 0.8813014030456543 3.216177880764008 49.858034029603 225.3746553957462 4.270641431212425 6.091065660119057 1.447834700345993 9.087440736591816 11.30062510818243 9.601319588720798 0.8538165986537933 30.43990659713745 5.80268757045269 10.13361112773418 0.5097709000110626 0 0.5913634896278381 0 0.7433141320943832 2.530903667211533 1.627802111208439 8.411848232150078 2.404412925243378 3.545264981687069 3.839771620929241 5.267779901623726 7.904185108840466 3820.384765580297 278.3559582978487 36.51396918296814 94.77944056689739 268.5103099048138 1.158500134944916 3.322052985429764 12.7849433273077 4.346830517053604 2.106794223189354 243.8749041855335 4.755136579275131 65.51205843687057 107.8552338629961 152.6097670346498 13.60969750583172 306.9225988835096 388.3376160264015 197.3004470765591 57.13219174742699 3.232984252274036 5.804165974259377 0 0.1691669523715973 0 0 0 0 0.4619348496198654 0 0 0 0.3402579426765442 0.9476802945137024 1.927016079425812 0.145835742354393 0.2261362373828888 0.9846360683441162 0.3873499780893326 11.29582788050175 2.058601006865501 0.1893664449453354 1.371198013424873 1.00392085313797 77.31709192693233 2.827683851122856 59.02856947481632 12.36256315559149 0.6116699725389481 0.4822287708520889 0.380628302693367 0 0 0.4997277557849884 0.5881169140338898 0 2.687830805778503 10.24506140500307 0 0.466864287853241 0 0.900615394115448 0.5663044154644012 0.4329828768968582 1.010707050561905 0.2669652998447418 1.794195026159286 5.713515773415565 0.9073389321565628 0 2.207441955804825 265.9167126715183 6.925860047340393 2.216793663799763 1.154304414987564 0.3995064720511436 0 0.2610096633434296 0.1987353563308716 0.1267117261886597 0.6925207078456879 233.3371410444379 6.928216978907585 0 0 0.5212738960981369 37.34927535057068 8.223769307136536 94.76992166042328 3.401587061583996 5.9110237210989 13.38737293332815 6.190068565309048 3.265212543308735 1.64744994789362 0 0 0 0.2937124371528625 0 1.872437551617622 0 138.981030896306 73.62400329113007 59.68094679713249 121.1387292817235 12.75256484746933 61.08699481934309 39.43720386177301 214.0009413063526 12.08732935041189 0.8276202529668808 55.91951397061348 23.58482830971479 2.607667595148087 42.84120334684849 6.891590990126133 32.71227782964706 2.465961210429668 0.6180335283279419 5.940168514847755 0.1744348853826523 0
613.1351057216525 844.862336628139 187.9108963161707 1215.784212037921 435.0713641420007 261.3182255476713 5227.336614280939 183.4897613227367 1981.806185983121 6464.422342978418 1179.343645736575 877.2112660929561 0 3325.870466716588 157.6812590435147 209.4083309844136 26.0796038582921 1.43788643181324 0 2.831955499947071 3.846247330307961 14.22488939762115 1.845679402351379 0.9735373854637146 39.83952141553164 10.80394601821899 3.094909816980362 9.623185843229294 4.352781921625137 0.8232357800006866 74.22370223701 44.84317471832037 1284.895596787333 2.186394669115543 9.890517219901085 34.5240960046649 412.9459599331021 74.41847607493401 354.339150339365 114.4554326459765 31.26108619570732 12.73810639232397 1.144928887486458 24.4201035797596 0.9704157635569572 1.852962329983711 232.666969589889 10.0669928342104 0.9791181161999702 1.186338886618614 22.35157136619091 92.32914601266384 60.19402334094048 28.68867848068476 3.7413709461689 3.107874922454357 24.10979527980089 31.62767056375742 7.955306738615036 18.43254273384809 18.46541984379292 270.0150242075324 42.90700806677341 24.32153791934252 2.397636421024799 3.536394894123077 2.942380234599113 8.390750654041767 9.35658747702837 16.48888018727303 263.5158582925797 556.5059708356857 7.395785585045815 67.94263357669115 22.98611276596785 196.9327191412449 140.3579711094499 98.07263942062855 6.236698597669601 562.2503846660256 11.17194440215826 108.3014723882079 16.55733427405357 1.18266849219799 10.42605508118868 3.478581972420216 15.24062018096447 7.653496883809566 6.784666649997234 21.98659498244524 17.73638062179089 24.6953709051013 18.41848291456699 30.2717222198844 52.0696225091815 5695.40424734354 582.9535199403763 72.92757241427898 318.6634736061096 230.2531602829695 5.268968656659126 10.02079043537378 28.52116240561008 13.65197198092937 2.960468903183937 339.2783431783319 6.92841948568821 116.3499823659658 196.2482032850385 192.4016892462969 21.55562484264374 478.5750836953521 648.326419942081 294.7118449956179 112.5866420269012 19.43604077398777 10.74988377839327 1.248105928301811 2.213799759745598 0.1649787575006485 0 0.9572224020957947 0.4264178276062012 2.370566740632057 0.5476513653993607 1.808608427643776 0.8550211489200592 2.323340743780136 3.87562583386898 4.453907057642937 1.927835047245026 2.721870020031929 4.387285754084587 2.1294314712286 20.10277959704399 6.766572937369347 0.7694988548755646 7.586142927408218 2.112267643213272 215.7866219207644 15.99510815739632 179.2308623716235 29.45915510505438 3.607898563146591 0.7090896815061569 0.9034706205129623 0.6145873889327049 0.929063193500042 1.323827624320984 2.708212226629257 0.7800655961036682 10.03658141195774 25.99131777882576 1.222025066614151 1.628770247101784 0.2317370027303696 5.554664596915245 0.6596224159002304 0.6733683198690414 2.121344685554504 0.6469733864068985 4.435120560228825 9.811540901660919 0.1789452582597733 2.250996217131615 14.33878260850906 602.4327534362674 16.86884753406048 5.09223473072052 4.050391316413879 0.7576271221041679 1.012000270187855 0.569123849272728 0.60967668145895 0.2406461983919144 3.23302173614502 608.9556821957231 20.12144115567207 0 0.5181038975715637 0.4446929469704628 94.26965460926294 51.39694695174694 227.4477371349931 11.5282998085022 23.1333150267601 31.89991854131222 15.40945459157228 4.50842010229826 1.179331406950951 0 0 0.1827610582113266 0.348162405192852 0.3555035814642906 0 0.6763650178909302 293.5387769341469 229.7892694249749 184.1060276404023 696.8624355569482 166.2758369222283 565.7962692156434 391.2796108797193 347.9777593538165 98.04321827739477 2.593425422906876 304.5723954811692 80.08286777883768 8.384312964975834 91.12087449431419 22.59892280399799 62.77018475532532 11.29990325123072 1.522552728652954 20.40342356264591 7.89656999707222 1.974742874503136
