0 3947.033036522567 371.2848751544952 819.1914199069142 106.9254341199994 360.3191413730383 418.3715085536242 336.8685631081462 69.43460486084223 208.827896989882 322.3305520638824 22.03298343718052 75.43377389013767 129.6380706503987 5.470678053796291 3.22231512516737 0.2692194506525993 0.4487982243299484 0 0.2625526562333107 1.810528203845024 0 1.138959959149361 0.5632806271314621 0.7674926146864891 0.5085157305002213 0.2578589990735054 0 0.1807639002799988 0 426.0269270166755 1.102919839322567 5.345995351672173 0 1.789148062467575 0.1024527177214622 4.557153761386871 0.256291002035141 2.869433179497719 1.093473330140114 2.975305937230587 0.1569086462259293 0 0.5222788155078888 0.2744784355163574 0.5140102729201317 24.1420578584075 3.867661029100418 0 1.107663840055466 1.559816166758537 1.662505649030209 0.1782817393541336 0 0.6285327970981598 1.513880483806133 377.5390530899167 734.9755754247308 15.59628825634718 17.66062942147255 1.028987355530262 1.086240768432617 0 3.56912712007761 2.962424457073212 1.337154068052769 1.055827274918556 0.5283878147602081 0.9603350088000298 2.684507735073566 15.24744869023561 20.20189747959375 0.235730767250061 199.0824381485581 79.56695129722357 25.97565039247274 4.009256646037102 0.3723988831043243 2.133422806859016 26.955905392766 0.5359075888991356 4.412516809999943 4.030784517526627 0 3.240049980580807 0.9260196536779404 2.813626006245613 0.392546109855175 0.2972445413470268 2.653917536139488 0.1923950016498566 0.3017412349581718 1.549448750913143 0.1408242136240005 0 133.3249477148056 14.40882547199726 1.52612791955471 0.5852641314268112 1556.473035424948 0 2.738967508077621 5.514204785227776 4.730149120092392 0.5887871235609055 9.390751153230667 22.85075341165066 0.3767755329608917 10.77691444754601 19.14358198642731 0 8.620234005153179 23.99834857881069 9.673946768045425 3.032072812318802 0.1680460572242737 0 0 0 0 0 0 0 0 0.2013514041900635 0 0 0 0 0.1465023308992386 0 0 0 0 0 0.2746124565601349 0 0 0 2.067377887666225 0 1.387050062417984 0.5938104316592216 0.2465986311435699 0 0 0 0 0 0 0 0 0 0 0 0 0 0 0 0 0 0 0 0 0 0 1.385430157184601 0 0 0 0 0 0 0 0.08577898889780045 0.228795625269413 5.150670774281025 0.1511053591966629 0 0 0 2.502929508686066 0.5736144185066223 0.8651861175894737 1.334093980491161 0 0.697472371160984 0.5550020337104797 0.2688149809837341 0 0 0 0 0.09725622832775116 0 0 0 11.51454199850559 0.4921481013298035 1.637561500072479 32.03692273795605 11.10401248186827 80.49562550336123 7.206362888216972 1690.852696880698 14.8044708147645 0.5723288282752037 4.817896768450737 2.274863071739674 0 0.9143338650465012 0 19.47779850661755 0 0 0 0.2707163840532303 0
3947.033036522567 0 2182.982870645821 1014.41941524297 2482.677435427904 720.1306099593639 4769.855676330626 1997.363941773772 2809.137839496136 2786.819263257086 2912.928808383644 272.3732704073191 1249.492975085974 1167.826104134321 49.27064269036055 13.7113593518734 1.731171034276485 1.750202871859074 0.09875853359699249 0.1491604596376419 6.778955712914467 0 3.872892007231712 1.555596642196178 2.249108836054802 3.280304253101349 2.52939123660326 0.498940646648407 0.5148526281118393 0.510856457054615 3237.074550747871 9.67876623570919 12.94834810495377 0.58841572701931 2.644667290151119 1.198091499507427 13.81658108532429 2.821612998843193 2.139647051692009 6.430440671741962 8.199243597686291 3.952802568674088 0.6056565642356873 2.044387921690941 0.1047231629490852 1.425632201135159 249.485487036407 22.11357917636633 3.248547539114952 3.465337567031384 9.592548422515392 0.9000879228115082 0.1360519975423813 3.167185261845589 3.672563642263412 7.52960117906332 382.071322530508 1327.120810844004 24.17812515050173 132.2298326045275 6.953603714704514 15.62273623049259 0.2271351739764214 44.87918806821108 9.859369553625584 7.513418979942799 4.924785248935223 3.598725214600563 5.660548843443394 11.57719063013792 3.956211969256401 21.53448317945004 0 768.8061011433601 452.1985777318478 250.7953474000096 26.36954090744257 5.619956150650978 10.69154863804579 146.2361516132951 2.097595810890198 27.77812485396862 28.60513383150101 0.7224885001778603 18.52716005593538 9.048604182898998 9.518896542489529 0.3013984933495522 3.185117371380329 0.5555335879325867 1.49415584653616 1.207591071724892 9.50358672440052 1.815689817070961 3.315006576478481 117.7356636449695 10.66221754997969 0 1.589730471372604 1003.239433728158 0.241245225071907 0.9948192834854126 7.256584912538528 3.127265751361847 1.44027778506279 22.90490543842316 5.884938180446625 2.433788105845451 29.17887721955776 29.12135389447212 0.2121900171041489 24.75737197697163 47.55948309600353 36.16601630300283 13.54836090654135 0.4430443197488785 0 0 0.1119290962815285 0 0 0 0 0 0 0 0 0 0.6781110167503357 0.1234097108244896 0.2921378016471863 0 0.2484812289476395 0 0.570619560778141 1.510655850172043 0 0 0 16.25984188169241 0.2149593532085419 14.87120459973812 5.487435966730118 1.313004679977894 0.6300856322050095 0 0 0.7806749939918518 0 0 0 1.30699822306633 11.61392080783844 0.1317305862903595 0.1889046430587769 0 0 0.2729159817099571 0 0 0.08847298473119736 0.4345535039901733 0 0 0 0 11.08200856298208 0 0 0 0.1133441105484962 0 0 0.1809083670377731 0.1129560992121696 0.2549441456794739 32.57970087975264 2.370314478874207 0 0.1406832188367844 0 22.11320922523737 3.166602313518524 12.75869303941727 1.051388517022133 1.385922819375992 5.988137751817703 0 0.1089068427681923 0 0 0 0 0.5215031877160072 0.1936292722821236 0 0.117794007062912 13.91602835059166 3.375359751284122 8.219123154878616 301.4374664053321 74.68836648762226 593.6855827569962 52.26807056367397 1700.200006619096 109.6615262851119 5.45892196893692 40.73103810846806 15.38648700714111 0.7831115126609802 17.53923597931862 0.7955616861581802 21.41708414256573 1.788954943418503 0 1.5697176232934 2.564928859472275 0
371.2848751544952 2182.982870645821 0 21.64540332555771 499.6413303762674 4.414294973015785 153.0021479055285 4784.059162676334 462.1016125530005 80.602644123137 2233.79599159956 21.61517545580864 147.2235640436411 410.0192399471998 25.27683587372303 15.29475622624159 2.743382960557938 14.78843052685261 0.2584735080599785 10.93917451798916 104.0409286096692 0.2487816661596298 34.81775618344545 16.58064131438732 10.67971020191908 29.19704723358154 19.02365529537201 4.109026990830898 0.7197649031877518 1.610039904713631 6043.570446565747 604.4683119431138 21.48201002925634 7.988682292401791 39.09087017923594 5.661420218646526 13.19386044889688 1.596892632544041 2.119375869631767 6.025550000369549 107.3730625361204 19.75403600931168 18.52752408385277 6.53571729362011 6.650510370731354 15.56906040757895 107.158144287765 17.91414163261652 9.076819501817226 39.69632472842932 16.78594336658716 1.601047359406948 0.4802680909633636 16.56724288314581 0.8614787682890892 3.94940310716629 267.0987062305212 1644.901816725731 9.409398175776005 48.11245699226856 152.6671508252621 23.92583759129047 1.798256941139698 797.7218337580562 4.470386289060116 5.112484760582447 5.669451326131821 5.917977519333363 81.10506906360388 220.9929082244635 4.228600054979324 9.422743111848831 0 420.784050360322 464.0261596441269 106.2589102759957 36.73360420018435 37.76257611066103 285.5610349923372 941.0581026077271 68.11744029819965 712.9508631974459 12.41875293105841 0.4408537074923515 9.314625784754753 4.774257212877274 42.19299059361219 0.511113815009594 1.654618851840496 0.7457326278090477 2.33938492834568 7.786208115518093 95.01357036828995 19.09017242491245 15.37598928064108 18.91470970958471 5.961082965135574 0 1.662264138460159 135.276276960969 0.2152999639511108 0 0.4938621819019318 0.6384541392326355 0 2.09825748950243 0 0.5439509153366089 1.284807801246643 1.439038887619972 0 2.281860545277596 3.899344056844711 2.584928505122662 2.204048097133636 0 0.1298719048500061 0 0 0 0 0 0 0 0 0.2417053580284119 0 0 0.5078688859939575 0 1.063879191875458 0.2502924203872681 0.656688466668129 0 0 0.4348601698875427 0 0 0 2.220889858901501 0 3.08800832927227 0.983513742685318 0.3770195543766022 0.457913875579834 0.267633855342865 0.1178813576698303 0 0 0 0.2304286807775497 0 0.9802121818065643 0 0.1231900826096535 0.1044163778424263 0 0.5772060081362724 0 0 0 0 0 0 0 0.2009798288345337 3.249439463019371 0 0 0 0 0.1040722727775574 0.5262144580483437 0.1174463778734207 0 0.09718614816665649 6.585356421768665 0.9315321147441864 0.09188638627529144 0.1286722421646118 1.446666046977043 4.270240858197212 0 1.882914446294308 0.2311735600233078 0.1434665024280548 0.4901374280452728 0 0.7559978365898132 0.3437290787696838 0.08293857425451279 0 0 0.4389396160840988 0.5020254924893379 1.178600899875164 0.7497898936271667 0.8404520452022552 1.848335534334183 1.424757920205593 149.7957448363304 54.62814578413963 243.0873667374253 34.01259532570839 162.8309097513556 40.61494922637939 1.828331984579563 21.30017831921577 4.257071182131767 0.9483085870742798 4.142214924097061 0.1271422803401947 0.6087484061717987 0 0.2697272002696991 0 1.446883991360664 0.2581554055213928
819.1914199069142 1014.41941524297 21.64540332555771 0 85.37792440503836 663.9086528122425 715.679657690227 5.579275086522102 28.77009122818708 2012.588292524219 9.055375754833221 107.9290645569563 356.1558344662189 75.03374518454075 2.141782574355602 0.6636510044336319 0 0.1228579953312874 0 0 0.4209008738398552 0 0 0 0 0 0 0 0 0 28.27119055390358 0.3826136365532875 5.345142841339111 0 0 0 0.1225795298814774 0 0 0.1156345754861832 0.1000940725207329 0 0 0.1032903790473938 0 0 13.06229837238789 1.16420441865921 0.2961035668849945 0.2538296058773994 0.510668158531189 0 0 0 0.5661967918276787 0.7517566084861755 42.51006880402565 83.41861050575972 1.365442052483559 10.32305597513914 0.4274980202317238 6.327570505440235 0 1.206224255263805 0.5490591153502464 0.6853408962488174 0.4614426270127296 0.5685302242636681 0.3310736119747162 0 0.3876658380031586 8.684895217418671 0 74.84478433430195 28.91773026436567 13.85015638917685 0.4415791109204292 0.2691856920719147 0.5700944140553474 4.73532646894455 0.1053302884101868 2.973454259335995 2.139808811247349 0 1.152845844626427 0.414317362010479 0.7120342329144478 0 0.1876799538731575 0 0 0 0.0977662056684494 0 0 98.84268392622471 0 0 0 186.4422885030508 0.1426608264446259 0 4.915214821696281 4.729179009795189 0.1669215708971024 6.022218838334084 11.15175870060921 1.551630854606628 24.05604493618011 12.09416717290878 2.350640773773193 12.57461461424828 21.52156761288643 14.84824615716934 4.01746029406786 0.17631596326828 0.9541122615337372 0 0 0 0 0 0 0 0 0 0 0 0 0 0 0 0 0 0.2177862823009491 0.7054702043533325 0 0 0 5.088557928800583 0 4.61385090649128 0.5824604630470276 0.3418427109718323 0 0.1283015161752701 0 0 0 0 0 0.1918012350797653 2.661368004977703 0 0 0 0 0 0 0 0 0 0 0 0.3464813828468323 0 3.595227345824242 0 0 0 0 0 0 0 0 0 10.52769017219543 2.772220283746719 0 0 0.3625144958496094 4.518830612301826 1.367174506187439 6.993756473064423 0.3451003134250641 0 1.806017637252808 0.7739518284797668 1.367280006408691 0 0 0 0 0 0 0 0 7.080327421426773 0.2539474070072174 2.425657823681831 17.10281529277563 3.666394673287868 40.80719120055437 1.952061668038368 673.3983628004789 4.868809603154659 0.1013041213154793 0.2792618796229362 1.265610970556736 0 5.365434408187866 0 9.319000750780106 0.3809334933757782 0 1.316148519515991 0 0
106.9254341199994 2482.677435427904 499.6413303762674 85.37792440503836 0 4.499035730957985 3009.059102162719 564.4984646886587 4638.322850137949 726.504460953176 1957.367653615773 40.67015139758587 642.9842360764742 923.0889160335064 20.56907185912132 5.432223565876484 0.2046868726611137 0.3983695209026337 0.1636896580457687 0.1823284178972244 0.8051706403493881 0 0.09768013656139374 0.4243334531784058 1.072982050478458 0.6785820946097374 0.3463511317968369 0.3415364325046539 0.5498523265123367 0 142.7127340734005 1.315344035625458 4.131633043289185 0.1102115511894226 0.1332390606403351 0.2264424338936806 1.328212767839432 0.5184284076094627 0.2434495314955711 1.640942133963108 2.003766566514969 0.7739202529191971 0 0.5733111947774887 0.1723724007606506 0.370618648827076 70.15424563735723 3.541624054312706 0.3194697797298431 0.532912977039814 1.646062016487122 0 0 0.7710356712341309 0.118070550262928 1.057880021631718 21.20560684800148 46.64815185219049 3.10570951551199 25.81789869815111 1.78905400633812 7.286939114332199 0 11.24253818392754 1.692470520734787 1.878045171499252 0.5292259380221367 0.3821988180279732 0.3561450392007828 1.742329426109791 1.118415214121342 12.06983379274607 0 80.46452066302299 68.1491534858942 64.75608173012733 10.22157869488001 1.704486794769764 0.2271566838026047 7.719272367656231 0.2562751695513725 3.18430120497942 3.347167737782001 0.1052410826086998 2.052233673632145 3.260353811085224 2.135459683835506 0 0.4894388988614082 0.09340681135654449 1.118677534162998 0.7372313365340233 1.566092900931835 0 0.3696517199277878 46.26360282301903 1.84814815223217 0 0.3954756483435631 16.91910846531391 0 0.5497796535491943 1.799666687846184 1.601016819477081 0 15.90099322795868 2.061692371964455 1.682083085179329 7.052450984716415 18.85664524137974 0.2384488731622696 13.06983299553394 27.98237522691488 20.60964070260525 9.303343698382378 2.121810093522072 1.72164648026228 0 0 0 0 0 0.1267413794994354 0 0 0.4086604714393616 0 0 0 0 0 0 0 0 0.2744088768959045 0.852821409702301 0 0 0 8.763648197054863 0.8725464344024658 8.595810011029243 2.213983058929443 1.204221725463867 0 0 0 0 0 0.3741790950298309 0 0.7099762558937073 6.243477657437325 0 0 0 0 0 0 0 0 0.195201113820076 0.1529888510704041 0 0 0 10.96486335247755 0 0.2331036031246185 0 0 0 0.107389397919178 0 0 0 30.70609053224325 0.5355636775493622 0 0 0.190378874540329 13.50183582305908 1.73812609910965 9.119349725544453 0.8058375865221024 0 6.721760332584381 1.270504623651505 0.915778249502182 0 0 0 0 0 0 0 0 6.57777214050293 2.131493620574474 3.941371358931065 99.05673662573099 29.83094553649426 141.8042169213295 24.0828130543232 75.00253726541996 42.22653461992741 1.800379864871502 17.98734433948994 8.363717414438725 0 14.26011401414871 0.3682546615600586 9.406081214547157 2.202861376106739 0 0.4730419814586639 0.7433573603630066 0
360.3191413730383 720.1306099593639 4.414294973015785 663.9086528122425 4.499035730957985 0 140.6390813291073 3.117072924971581 3.084759071469307 222.3001593351364 14.71074458956718 40.56940177083015 90.78044429421425 28.69881294667721 1.81982546299696 1.910072162747383 0.1412026584148407 0 0 0.1327259987592697 0 1.192904219031334 0 0 0.2952732145786285 0 0.1378214657306671 0 0 0 21.82357075810432 0 5.956819519400597 0 0 0 7.955163285136223 0.6274237781763077 4.413551911711693 3.21451173722744 0 0.255547046661377 0 0 0 0 2.653325371444225 0.3178497552871704 0 0 0 13.10949017107487 0.2005262523889542 0.2098369002342224 0 0.1440308541059494 112.3663962557912 45.73556067049503 0.5422926768660545 0.7823984026908875 0 0.4510390609502792 0 0.2999947518110275 0.2605176344513893 0 0 0 0 0.1097119748592377 61.79455001652241 26.34505145251751 2.711500868201256 7.101513624191284 3.348296329379082 1.63989282399416 1.20840360969305 0 0 4.031593777239323 0 0 0.1052279248833656 0.330252081155777 0 0.3181673735380173 0.1522993892431259 1.916718915104866 0.8948880434036255 3.606584265828133 0 0 0 0 0 156.238489434123 55.44119633734226 3.436866104602814 4.964944258332253 520.9650345444679 0 2.077060639858246 4.551509112119675 4.176085099577904 0 4.356633722782135 13.09439738094807 0.7653199285268784 9.117600157856941 15.46891720592976 0.1576908081769943 4.68436524271965 12.19468450546265 6.025650426745415 0.1809307187795639 0.1391836255788803 0 0 0 0 0 0 0 0 0 0 0 0 0 0 0.2205064296722412 0 0 0 0.3302120864391327 0.1501598656177521 0 0 0 0.8700809925794601 0 0.3486743271350861 0 0.1577827334403992 0 0 0 0 0 0 0 0 0.4284871518611908 0 0 0 0 0 0 0 0 0 0 0 0.5305963754653931 0 0.3623382151126862 0 0 0 0 0 0 0 0 0 3.409250296652317 0.2111638337373734 0 0 0 1.746848240494728 0.6268871426582336 0.117352195084095 0 0 0 0 0 0 0 0 0 0 0 0 0 10.24224105477333 0 0.6573505848646164 5.273342624306679 2.119358241558075 5.701197370886803 1.12503769993782 449.6710115894675 2.680048659443855 0.2698456346988678 2.019387096166611 0.628351166844368 2.080597639083862 0.7151985764503479 0 3.214243829250336 0 0 0 4.35912674665451 0.2374241650104523
418.3715085536242 4769.855676330626 153.0021479055285 715.679657690227 3009.059102162719 140.6390813291073 0 130.3129748776555 3135.859199233353 4203.912678100169 506.2318443804979 530.2955116629601 4978.351102977991 1542.456440508366 34.98590807616711 11.81831411272287 1.376822590827942 0.9998540729284286 0.3775357753038406 0.516614094376564 0.7539880126714706 0 0.350192129611969 0.2704907953739166 1.139654085040092 0.8907757103443146 0.8700421750545502 0.828961193561554 0.2999362945556641 0 124.5612225234509 4.163432158529758 11.37158810347319 0.3248001858592033 0.3305428922176361 1.756203874945641 1.780352011322975 1.833834134042263 1.523444026708603 3.579024039208889 3.207969225943089 0.7763766646385193 0.1581632792949677 0.4383025467395782 0.1569498479366302 0.5321528539061546 157.2790411040187 8.467071667313576 1.210196517407894 1.440512120723724 2.678749941289425 0.2517567798495293 0.09320027381181717 0.8165609836578369 1.596864752471447 5.243208661675453 90.47923304140568 181.1798843070865 9.145996153354645 71.23720736801624 3.421836525201797 15.41260427981615 0.1311597228050232 19.75707368552685 6.625882782042027 3.181390218436718 2.217599637806416 1.593665704131126 1.465295150876045 1.83236537873745 6.791420243680477 19.54502375423908 0 291.1085078194737 204.720152541995 152.2121731713414 15.87864334136248 2.793673537671566 0.9342599213123322 11.60063000023365 1.262579016387463 8.034400634467602 14.11408921331167 0.4469650089740753 9.346930541098118 4.978823445737362 4.663687363266945 0.1099702194333076 2.480169668793678 0.2167398929595947 0.2030102238059044 0.4624959602952003 2.444798670709133 1.045619569718838 1.020509354770184 199.3569916710258 8.0534358471632 0 0.6268180310726166 60.50881835073233 0.5804107636213303 0.3561069369316101 10.39733569324017 8.401270017027855 2.802356138825417 48.42110303789377 13.58974327147007 7.44854274392128 24.71557654440403 53.13081747293472 1.208607196807861 52.13819487392902 88.23649045079947 71.25316377729177 28.91601625829935 2.651467129588127 2.007010206580162 0.146925613284111 0.3560232818126678 0 0 0 0 0 0.2465542107820511 0 0 0.1511441618204117 0.2830435335636139 0 0 0 0 0 0.7838517427444458 4.382688462734222 0 0 0 29.46026351302862 0 37.50371772050858 3.488182753324509 0.137429490685463 0.4009608328342438 0.1393100321292877 0 0.3736662268638611 0 0 0 1.09807325899601 14.09438724815845 0.3393386900424957 0.3861773908138275 0 0.5648449212312698 0 0 0 0 0 1.648908615112305 0 0 0 27.6716992110014 0 0 0 0 0.1620116680860519 0.1391375362873077 0 0.1788162812590599 0.1982766836881638 75.67607749998569 2.30965767800808 0 0 0.1022054851055145 36.86588332802057 4.32652947306633 24.51155329495668 2.829466596245766 1.222770646214485 8.075240664184093 0.4496767520904541 4.865435615181923 0 0 0.1101435795426369 0.09680018573999405 0.2768231108784676 0 0.09356626868247986 0.1207452341914177 25.47375436872244 4.535297885537148 14.24521981924772 195.4786411300302 53.36407308280468 323.5791599228978 44.75694699585438 346.552560672164 83.84040907025337 4.027519397437572 37.22340752184391 31.34252702444792 1.417209714651108 30.91990027576685 0.3262791186571121 29.32473739981651 2.717053011059761 0 4.961969695985317 2.184638410806656 0
336.8685631081462 1997.363941773772 4784.059162676334 5.579275086522102 564.4984646886587 3.117072924971581 130.3129748776555 0 1277.862096585333 33.11725226044655 2637.464582622051 8.436631426215172 184.4750785082579 980.123003706336 60.7357577458024 49.30861959606409 4.510807789862156 9.810977667570114 0.5415204092860222 7.946215435862541 78.97377219051123 0.8124778121709824 52.3879853785038 24.92085122317076 34.96724169701338 48.57598721235991 46.35243294388056 9.179529279470444 3.313149280846119 5.538058370351791 2030.046063534915 3170.176311165094 71.65089429169893 8.564875438809395 57.39400147646666 13.65191194415092 22.10914734005928 12.22564631700516 7.942476138472557 26.21613080054522 144.3003220781684 21.05465444922447 9.768342286348343 6.526734292507172 2.379500262439251 10.86286241561174 198.7963796034455 12.08975548297167 7.459537364542484 27.53127755224705 13.78725397586823 3.37587882578373 0.3846191167831421 25.82991346716881 0.8653983026742935 2.621161974966526 107.4910757318139 418.8552736118436 7.211158320307732 68.65863788872957 215.2505748942494 113.3464359492064 1.321924366056919 586.0493690893054 3.122733645141125 4.838691167533398 5.649330794811249 3.031354464590549 34.82274620234966 147.9269244894385 14.10630898922682 9.875999882817268 0 312.3065776973963 434.3408689722419 216.2386942356825 161.6625017896295 161.8921316117048 1280.505464442074 1391.482343181968 185.6575053855777 3350.907922945917 9.675605051219463 0.1617886871099472 7.232329152524471 4.325353100895882 12.79457967728376 0 2.996652595698833 1.667652115225792 7.354176558554173 6.433075495064259 83.60505236685276 25.52853463590145 19.98180777579546 24.87686341255903 18.4018392264843 0 1.980264917016029 95.87630704045296 0 0 0 0.7225276827812195 0 2.548600375652313 0.3229449093341827 0.935529038310051 1.318946525454521 3.636871561408043 0.128912165760994 2.418991290032864 4.447416089475155 5.760157465934753 2.421907857060432 0.4896606504917145 0 0 0 0 0 0 0.3526028990745544 0 0.2391268461942673 1.262239187955856 0 0.4859320372343063 0.5669056922197342 0.1104205101728439 0.8402898162603378 0 1.714720636606216 0 0 0.6889849603176117 0 0 0 5.137768305838108 0.3018090128898621 3.419040203094482 2.177749529480934 1.182880714535713 0.9701203554868698 0.2881935685873032 0.2003152593970299 0 0.1909502297639847 0.5905950963497162 0.4765302538871765 0.09105784446001053 1.645947620272636 0 0.3249181360006332 0.094399593770504 0.1344867199659348 0.7032476961612701 0 0 0 0 0 0 0 0 3.701196119189262 0 0 0 0 0.2100777179002762 0.587216779589653 0.4088681936264038 0.4005003571510315 1.568857863545418 6.145745754241943 1.214819878339767 0.1215245649218559 0.1292853504419327 1.414459779858589 5.177349947392941 1.519080817699432 2.08509173989296 0 0 1.223792538046837 0 0.5347415432333946 0.1192706078290939 0 0.1376469284296036 0 0.1024081483483315 0.8353130593895912 0.3328694999217987 0.9464745447039604 2.345192939043045 0.5588384568691254 2.117146179080009 228.413259357214 87.51060655713081 338.7857437357306 54.75950542837381 122.4110999852419 66.0994930639863 3.349153742194176 47.36430925130844 6.095251016318798 0.5215417444705963 3.702420197427273 0 0.2855809330940247 1.284064933657646 0 0.9406697899103165 4.087985992431641 0
69.43460486084223 2809.137839496136 462.1016125530005 28.77009122818708 4638.322850137949 3.084759071469307 3135.859199233353 1277.862096585333 0 231.8771525472403 5569.432406574488 43.74743647873402 1325.52043081075 2709.487052448094 26.42061897367239 16.04753828793764 1.986102029681206 0.5374756306409836 0 0.1981641203165054 0.7261404395103455 0 0.716232106089592 0 1.141707681119442 0.7950622066855431 0.9380159229040146 0.2973414361476898 0.1744010150432587 0.1448872536420822 59.09378310292959 1.201356448233128 14.90994761139154 0.3431617170572281 0.7513305768370628 1.223088227212429 10.0737083107233 1.688097767531872 1.762414030730724 1.621920436620712 5.493658050894737 0.7294874936342239 0 0.7405659630894661 0 0.2193577662110329 93.44105659425259 3.380342081189156 0.6784137636423111 0.6824027895927429 1.41285952180624 0.3027227073907852 0.1334186643362045 1.827655971050262 0.5576090812683105 1.396810807287693 17.34542414546013 27.37639476358891 4.010841935873032 21.77043140679598 1.059199571609497 10.45806284248829 0 9.105256319046021 1.292872488498688 0.8728209733963013 0.4332858175039291 0.8309944421052933 0.6438591629266739 3.134459517896175 1.894022859632969 21.92441721260548 0 58.83153228461742 43.61492381244898 59.59528602659702 13.24940495193005 2.396476097404957 0.6730700954794884 16.53079511970282 0.2281332686543465 7.820551440119743 3.277883961796761 0.1150700226426125 2.214397579431534 1.814908310770988 1.471151702105999 0.1744395792484283 0.5927613005042076 0.1248197108507156 0.6964914798736572 1.392392538487911 3.287040427327156 0.8347534611821175 0.3849315643310547 74.09649046510458 12.46461599320173 0 1.190153636038303 8.89222651720047 0.1385185718536377 0 3.052802726626396 4.076642870903015 1.143452256917953 25.61487635225058 6.154732272028923 5.227437034249306 12.6217330545187 33.57761383056641 0.7611530423164368 19.89526358991861 41.89682779461145 38.48831869661808 18.85624945163727 1.198498204350471 1.20195621997118 0.3054207265377045 0.3489569872617722 0 0 0 0 0 0 0 0 0.1524622589349747 0.5254678130149841 0 0 0 0 0 0.1281391382217407 3.442350402474403 0 0 0 19.16833454370499 0 28.2113212198019 3.358831934630871 0.7947834134101868 0 0.9844307154417038 0 0.1786829829216003 0.3904129862785339 0 0 0.2311946749687195 8.621756635606289 0.1269075870513916 0.1399314254522324 0 0 0.2274567931890488 0 0 0 0.4806487113237381 0.2538096904754639 0 0.1625568866729736 0.6356350779533386 21.11950422823429 0 0.4309512078762054 0 0 0 0 0 0 0.117438055574894 48.42332844436169 4.567188739776611 0 0.5405949950218201 0.3087520003318787 26.52708084136248 2.954741686582565 25.56842049956322 1.373915866017342 2.00468622148037 8.459483750164509 0.7505148947238922 3.853069573640823 0 0 0 0 0 0.1341308504343033 0.2063221782445908 0.1110125780105591 9.963441789150238 6.708155393600464 14.13193686306477 123.7872471064329 36.96256897598505 171.180314861238 34.67825303226709 73.48495981842279 52.53650873154402 1.680643104016781 29.65927181392908 16.42017138749361 1.169375330209732 20.89569795131683 0.1108736097812653 9.825976580381393 4.081314250826836 0.434439480304718 1.848367691040039 2.707099214196205 0
208.827896989882 2786.819263257086 80.602644123137 2012.588292524219 726.504460953176 222.3001593351364 4203.912678100169 33.11725226044655 231.8771525472403 0 122.4288989007473 1647.985483497381 6747.66893684864 259.8253644108772 16.60182355344296 8.537585355341434 0.831114336848259 0.1001178026199341 0 0 0.336421400308609 0 0.2899849265813828 0.5337995886802673 1.242435693740845 0.5553088188171387 0 0.2745170742273331 0.1954094767570496 0.1154734119772911 28.56363520771265 1.055985905230045 56.08453813195229 0.1174823567271233 0.1858428120613098 0.1220706775784492 8.797767743468285 4.079178690910339 2.19647379219532 2.556958422064781 1.691749550402164 0.8243697434663773 0 0.6978615894913673 0 0.9022415578365326 58.96495082229376 3.273574307560921 0.2176114693284035 0.2620776891708374 1.668346032500267 0.1343687921762466 0.3785169571638107 0.7426081895828247 0.2219836264848709 2.335057966411114 42.48475703597069 64.56496642529964 5.809955969452858 22.15258198976517 0.877041183412075 30.60671745985746 0 4.085298828780651 2.078584812581539 1.474902525544167 1.060939729213715 0.5587637796998024 0.4346680045127869 1.178524360060692 37.50062201917171 105.2600228786469 0 109.0112208276987 60.17998474091291 50.59696482121944 6.638493463397026 0.7823660373687744 0.6316317245364189 9.600103572010994 0 8.069338157773018 3.847004428505898 0.0865333303809166 2.991045750677586 1.560543708503246 1.753526911139488 0.308721236884594 0.6918374300003052 0.1354522556066513 0.2687161415815353 0.6485360339283943 1.120451644062996 0.3060034066438675 0.532164677977562 587.8275263309479 26.98579174280167 0 1.444945499300957 181.5975509285927 1.231705218553543 7.314177691936493 41.43046596646309 37.83575494587421 8.688774630427361 120.1009925156832 73.27058826386929 14.35922957956791 131.7863128185272 172.734406799078 4.037003844976425 136.7542907521129 254.0469023957849 160.0929261445999 46.36918647587299 6.002102188766003 4.087829992175102 0.5113554000854492 0.4936587810516357 0 0 0 0 0 0.4376763701438904 0.400799959897995 0 0 0 0 0 0.1787284314632416 0 0 3.922265455126762 11.79150857031345 0 0 0 81.11222279071808 0.8311628103256226 90.6446954458952 14.57344227284193 1.866538226604462 0.5552630424499512 0.6252603828907013 0 0.3047122955322266 0 0 0.6981595158576965 3.763567000627518 27.99429900944233 0.828420490026474 0.1563360542058945 0 1.399392455816269 0.9475303590297699 0 0.3388245105743408 0 0.5091270357370377 3.618310302495956 0 0 0.260270744562149 58.2191049605608 0.5564657747745514 0.2154696881771088 0.8369599282741547 0 0.1552143692970276 0 0.1087986081838608 0 0.6352301836013794 142.3362064063549 10.44626414775848 0 0 0.1452404856681824 71.0002548545599 11.74912863969803 63.3502959087491 7.824692361056805 2.826325103640556 18.93231677263975 0.8116311430931091 4.651775881648064 1.646555669605732 0 0 0 1.479857623577118 0.6929344832897186 0 0.2148085087537766 90.59400901198387 14.09329763054848 36.0337550342083 98.66178089380264 18.99531741440296 134.7202149033546 20.23584694415331 450.3480975031853 38.7560963332653 0.7809052020311356 22.34285937994719 50.42956315726042 2.577433362603188 77.75299040228128 0.9281147718429565 139.7416874319315 9.384277805685997 0.2670033276081085 10.11555706709623 0.8766483962535858 0.2488074600696564
322.3305520638824 2912.928808383644 2233.79599159956 9.055375754833221 1957.367653615773 14.71074458956718 506.2318443804979 2637.464582622051 5569.432406574488 122.4288989007473 0 43.14044143259525 980.8124435469508 5393.337573319674 99.06794281303883 77.81791247427464 5.641633316874504 5.051811739802361 0.7127695381641388 2.826153606176376 22.2246276512742 0.7841565012931824 20.09968423843384 8.724201962351799 22.05095937848091 17.70824778825045 27.94235444813967 10.38600482791662 3.554166398942471 6.789255611598492 935.7708885073662 32.24700442701578 672.7397445961833 2.023106709122658 22.74607796221972 9.626837469637394 183.7952629104257 21.32058549672365 21.04254854470491 39.67612005770206 73.79559163749218 18.82771498709917 2.015858829021454 5.22086588293314 0.5726067572832108 3.994374915957451 298.110391639173 13.09006577730179 5.822459042072296 12.17539811134338 12.16592333465815 1.926114805042744 0.5187939703464508 27.25925539433956 2.561680682003498 3.291774570941925 66.36363061517477 216.1828496903181 10.96018148213625 93.99481993913651 10.26976420730352 80.87394351512194 0.7574650570750237 49.04009445756674 4.981773465871811 4.370872884988785 3.007308349013329 3.549311965703964 8.955812744796276 50.06159119307995 97.18005491793156 68.06055489182472 1.809465885162354 265.1417966485023 261.9573873355985 275.3914709612727 64.71239168196917 14.65647868067026 64.04569159448147 350.061999797821 3.029742725193501 90.68832828849554 11.76470308750868 0.4478169530630112 10.05747830867767 6.217545248568058 7.754246704280376 0.6248124241828918 5.800022669136524 3.368913613259792 4.609721973538399 5.239891067147255 41.32259329408407 15.64588117599487 13.42517275363207 248.1927426755428 95.66708208620548 0.1293962746858597 12.60104110836983 73.07265689969063 0.5387300848960876 0 4.73674513399601 3.236663714051247 0.4899299293756485 28.76702427119017 4.434114515781403 5.459281764924526 15.05960010737181 38.00453187525272 1.259931489825249 27.58006001263857 53.96923457086086 58.004957459867 32.52602471411228 3.990877173841 3.150009579956532 0.1102169677615166 0.1260327845811844 0 0 0.2802397310733795 0.1232656911015511 0 1.292877361178398 0.5596583038568497 0 0 0.518421933054924 0 0.3821339458227158 0.6640986204147339 1.805347204208374 0.1252108961343765 0.7752929329872131 3.332355886697769 0 0.3532135039567947 0 30.17599125951529 0.4014515429735184 35.78256506472826 7.954744108021259 1.973036140203476 0.8629873394966125 0.6678895354270935 0.1624097228050232 1.730681389570236 1.569062516093254 0.7206354141235352 0 1.903900109231472 11.39478295296431 0.1705250144004822 0.7080202549695969 0.9971341788768768 1.41572904586792 1.290503911674023 0.1296571046113968 0 0 0.4584558308124542 0.6969807371497154 0 1.405219987034798 0.182768389582634 31.07537841051817 0.2617633044719696 0 0.3684917688369751 0.1492633521556854 0.4551888480782509 0.2023918926715851 0.6184688061475754 0.730674535036087 0.5863097161054611 103.0426302775741 8.913158670067787 0.4699450582265854 0.4720698520541191 3.03706481307745 41.91658200323582 5.114025674760342 29.80110434442759 1.987964607775211 1.408369332551956 10.41127619892359 1.0291877835989 3.666938610374928 0 0 0 0 0.1481023281812668 0.147778645157814 0.3055962398648262 0.9054132550954819 15.49773056060076 12.95620584487915 19.95553887635469 365.0899310335517 138.1670104861259 547.140044093132 126.896107532084 216.1239040941 160.6786394193769 7.344148397445679 102.0582953542471 22.25881537050009 0.7777055948972702 29.31819149851799 0.2121226415038109 14.29192912578583 5.41362002491951 0.2018183171749115 8.026427485048771 6.25578086078167 0.1851868480443954
22.03298343718052 272.3732704073191 21.61517545580864 107.9290645569563 40.67015139758587 40.56940177083015 530.2955116629601 8.436631426215172 43.74743647873402 1647.985483497381 43.14044143259525 0 1211.333426654339 64.1845597922802 1.820978701114655 2.280802458524704 0 0.1205869168043137 0 0 0.1389537453651428 0.4219783842563629 0 0 0.3933457434177399 0.2719764709472656 0.14188352227211 0 0.1765656620264053 0 1.173242121934891 0 29.84142692387104 0 0 0 48.0843003988266 1.824183031916618 14.85854030400515 9.163658134639263 0.4258894920349121 0 0 0.3947349041700363 0 0 7.763804771006107 0.09986256062984467 0.1486852616071701 0 0 1.089199714362621 1.227055788040161 1.305656418204308 0 0 3.284771092236042 2.92721988260746 0.1545491069555283 0.8432741165161133 0.1218485534191132 7.456511348485947 0 0 0.115263819694519 0 0.1284587532281876 0 0.2258816212415695 0.3680300861597061 55.6637896746397 20.38594706356525 0 6.590193226933479 3.840613707900047 5.930398106575012 1.252689816057682 0 0 8.077284649014473 0 0.6099712550640106 0.1443344801664352 0 0.1252177357673645 0.07985559105873108 0.216835618019104 0 0.1072963550686836 0 0.1641776263713837 0 0.1583334505558014 0 0 1072.852691024542 81.58270001411438 0.1851949393749237 5.268946424126625 35.02663714438677 0.8027169555425644 0.2677574753761292 9.641961485147476 6.713656455278397 2.242384821176529 46.26962147653103 16.78822672367096 6.351138778030872 22.3790126144886 50.88120232522488 0.8711152821779251 55.69976770877838 92.22882849723101 80.32943412661552 22.21508786082268 2.72867839038372 1.198739439249039 0.201832190155983 0.4405979514122009 0 0 0 0 0 0 0.3988043069839478 0 0 0.4104894995689392 0 0 0.5752795934677124 0 0 1.144294917583466 1.833758696913719 0 0 0 16.75269096344709 0.2807106375694275 14.29803893715143 4.535023935139179 0.5671726018190384 0.3516336679458618 0 0 0 0 0 0 1.157275199890137 10.04298444092274 0 0 0 0 0.1289219260215759 0 0 0 0 0.8995071053504944 0 0 0.389713317155838 16.16213934123516 0 0.271996796131134 0 0 0.4286949932575226 0 0 0 0.2031131386756897 57.35570245981216 1.704308398067951 0 0 0 24.79942078888416 4.240515127778053 14.23086895793676 1.805382952094078 1.67244790494442 6.25889591127634 1.149284109473228 2.903907522559166 0 0 0 0 1.086012408137321 0 0 0 42.4403310418129 2.72724287211895 8.196979351341724 23.13006728887558 2.15395849198103 17.9744922593236 2.177933789789677 78.7816273868084 3.702777750790119 0 3.349277131259441 13.46226362884045 0.6573783755302429 15.30828114598989 0 14.07107596099377 0.9581119418144226 0 1.102984830737114 0 0.2586811780929565
75.43377389013767 1249.492975085974 147.2235640436411 356.1558344662189 642.9842360764742 90.78044429421425 4978.351102977991 184.4750785082579 1325.52043081075 6747.66893684864 980.8124435469508 1211.333426654339 0 1747.125517815351 40.32466457039118 41.4908993691206 1.182995967566967 0.7630895301699638 0.1580735892057419 1.215094722807407 1.668747469782829 1.993445664644241 2.908449798822403 1.135592952370644 3.722620144486427 2.86107574403286 2.096289537847042 2.276821337640285 2.027894698083401 2.262501530349255 33.93144927173853 1.552103839814663 464.7960861548781 0.4206632822751999 0.8823935836553574 1.117923595011234 170.2715950906277 17.52150446176529 51.48529004305601 45.9785745665431 13.27717155218124 5.646176293492317 0.8326896354556084 2.132208719849586 0.5930151045322418 1.178184792399406 95.17615202814341 3.291400596499443 1.316310100257397 2.229511424899101 2.426469013094902 1.46419170498848 1.261045157909393 3.640971884131432 0.7085569947957993 0.383598305284977 18.8105820864439 26.80462325364351 4.006081953644753 22.06028147041798 1.854583442211151 24.80877469480038 0.1482855975627899 4.728758111596107 0.9305013492703438 0.645048700273037 1.362206146121025 0.6401466280221939 1.690025329589844 6.140837326645851 458.9489379674196 75.1804516762495 0 57.46703845262527 39.26482084393501 73.28167817741632 19.55653659999371 4.593895107507706 0.7746432274580002 56.56755715608597 0.7219329327344894 12.92381022125483 3.824820421636105 0.1863356232643127 1.025820694863796 1.749626517295837 1.074156083166599 0.4719225168228149 0.7620294615626335 0.7505910694599152 0 1.576181992888451 5.865093134343624 3.667309150099754 1.419317305088043 3368.99372240901 107.7400731891394 0.4726449400186539 10.9593091160059 68.59249117225409 1.343006744980812 4.598150610923767 33.83399230241776 38.52220056951046 5.052485711872578 227.7510771974921 41.38766165077686 31.06174682825804 116.6610605418682 253.0600894838572 7.585922986268997 282.7108744680882 490.5847738087177 409.3866384476423 143.6086592972279 10.258914090693 5.565426632761955 0.3484698385000229 0.2546699643135071 0.1323605626821518 0 0.1996012479066849 0.2562524974346161 0 0.3572977930307388 0 0.2993566393852234 0 0.5174710005521774 0.7694865092635155 0.6019479781389236 0.266644187271595 0 0.2881530821323395 7.063221074640751 6.550039514899254 0 0 0 76.32113835960627 0.9181830883026123 92.80346588045359 14.2691962197423 2.272880598902702 0.285761296749115 0.2173169553279877 0 0.9703910946846008 0.5019382387399673 1.289258390665054 0 4.611369460821152 53.64429072290659 0.1492839455604553 0.3194061517715454 0.1233673021197319 0.8197698295116425 0.4702793434262276 0 0.4049584269523621 0 1.794786959886551 2.326963312923908 0 0.9428740292787552 0.7917321920394897 110.4057663977146 0.6370756328105927 0.606695145368576 0.5076772049069405 0.1268884092569351 0.1229682937264442 0.2216536030173302 0.1076167076826096 0 2.322613030672073 413.5732159242034 14.32162145525217 0.3342373371124268 0 0.283088356256485 147.2937969341874 10.29048866033554 72.56052905321121 7.871154651045799 10.35985918343067 41.7598582431674 8.700728833675385 11.21104595065117 0.6834778040647507 0 0 0 0.5581314489245415 0.3430950418114662 0.4504632651805878 0.3302605897188187 209.5912654399872 29.13327091187239 41.95987877249718 163.6089174896479 51.30812222510576 183.1205281540751 45.26323834061623 272.6828876286745 57.37874870747328 2.1539441421628 37.89633291959763 54.66194751858711 1.744022391736507 80.66263458877802 2.098028413951397 50.91392283141613 13.64888751506805 0 10.10451435297728 3.98315741866827 1.077899262309074
