0 3302.009160578251 779.4570389911532 807.0937705561519 291.5829404890537 92.92828889191151 49.80902516841888 108.8232239484787 209.8553956821561 2663.587700091302 590.1870208829641 91.18684779852629 260.2829391881824 277.5120565667748 2.914694145321846 1.187160268425941 0.1964325606822968 0 0 0 0.2863405048847198 0 0 0 0 0.1001791581511497 0.1500771790742874 0 0.2237332910299301 0.119271457195282 1146.273346982896 1.666487239301205 2.342339172959328 0.1096669137477875 0 0 0.3875050321221352 0 0 0 0.2605555057525635 0.2670327723026276 0.3631697148084641 0 0.1160932034254074 0.573076993227005 58.99597318470478 4.941022381186485 0 0.1439813077449799 1.332557827234268 0.1615287214517593 0 0.3142960369586945 34.73207389563322 47.82914108037949 256.4903355315328 2233.192477814853 14.26625178009272 26.68997875601053 0 0.7686662971973419 0 9.239093035459518 15.41193147748709 2.421716786921024 3.962914027273655 0.1005919575691223 0.394445613026619 1.495248287916183 13.80535545200109 8.947153434157372 0.4443065226078033 390.626280516386 62.82909036427736 18.20187744498253 8.467648103833199 0.8434021770954132 3.594087682664394 19.77418150007725 0.153859555721283 1.336164623498917 56.93034792691469 2.557521477341652 6.683447748422623 10.44576276838779 2.491774901747704 0.7536396831274033 2.666774436831474 0 0.3077844381332397 0 0.2383589595556259 0 0 103.4946101605892 43.44767436385155 2.338539928197861 0.4849867224693298 1124.027153737843 0 0 0 0 0 5.142495855689049 1.680071502923965 2.096534535288811 62.41940666735172 3.082158982753754 0 3.684529557824135 2.610490337014198 4.960840612649918 1.426756218075752 0 0 0 0 0 0 0 0 0 0 0 0 0 0 0 0 0 0 0 0 0 0.1399026960134506 0 0 0 0 0.6906750351190567 0 0 0 0 0 0 0 0 0 0 0.1318537145853043 0 0 0 0 0 0 0 0.1060869619250298 0 0 0 0.5271595120429993 0.2872289717197418 2.206691972911358 0 0 0 0.1058402806520462 0.1532006412744522 0 0 0 0 0.4914790838956833 0 0 0 0 0.307278648018837 0 0.1473051458597183 0 0 0 0 0 0.1029337793588638 0 0 0 0 0 0 0 1.735667034983635 0 0 109.6523355469108 17.22771716117859 237.5055125206709 13.82620482891798 1258.42475052923 14.57317309081554 7.514366991817951 8.407524339854717 5.871738620102406 0.215776190161705 0.4171774536371231 0 6.919485986232758 0 0 0 0.2282774448394775 0
3302.009160578251 0 3389.877103514969 1232.994933277369 5147.312720097601 102.7825931608677 2255.299000747502 344.7116321772337 2538.583733133972 1858.105964466929 1523.020947508514 72.13302554935217 402.5581704005599 460.444660551846 22.21902173012495 3.250619277358055 0.3742532134056091 0.2050915881991386 0 0.2379667833447456 1.051115542650223 0 0.4926949441432953 0.2965677231550217 0.5327023714780807 1.511042475700378 0.2708575204014778 0.7416696846485138 0.8964663669466972 0 4607.458293668926 2.554576963186264 5.263072229921818 0.8623481616377831 0.3987692669034004 0 0.5048772692680359 0 0.6590399891138077 0 2.246727995574474 0.7148167937994003 0.1999023705720901 0.4107223972678185 0.5614438578486443 0.9304193183779716 332.4240486621857 13.92133892327547 0.6166910007596016 1.027368299663067 2.278177984058857 0 0 0 33.92609158158302 81.51951801031828 127.4088669791818 1427.106286019087 4.840156123042107 68.61222203075886 0.4248275756835938 0.1933746337890625 0 59.05415552854538 30.10209145396948 5.028915233910084 10.50514145940542 0.9480596706271172 1.912759877741337 1.989118471741676 10.64055896550417 0.1762015074491501 0 438.7722710520029 206.6391023471951 116.6324739456177 82.84513775259256 4.906611286103725 39.9237399995327 98.70954068750143 0.5679187625646591 9.70375932008028 74.88498364388943 4.17784807831049 12.67868998646736 26.53121431916952 6.956324629485607 0.3102041110396385 5.988041169941425 0 1.325860284268856 0.6472411081194878 1.166725531220436 0.7751492112874985 0.2427117899060249 62.33545204997063 1.18363282084465 0 0 557.9970197528601 0 0.7148730605840683 4.121373802423477 5.206477269530296 0.3294117152690887 70.46108041703701 7.951328948140144 16.99576745927334 298.374995790422 20.38733513653278 1.780748188495636 13.59777209162712 28.00080050528049 22.16847141087055 12.51548254489899 0.1694986820220947 0 0 0 0 0 0 0 0 0.749535083770752 0 0 0 0 0 0 0.1928530782461166 0 0 0.3249236941337585 0.4020532965660095 0 0 0.74980828166008 2.14929573237896 0 5.551211819052696 0.7395216226577759 0.1074617952108383 0 0 0 0.2769011855125427 0 0.2026687264442444 0 0.652316153049469 1.331537812948227 0.3488857448101044 0 0 0 0 0.1890098229050636 0 0 0 0.4092388153076172 0 1.212884336709976 0.5347275137901306 11.86138668656349 0 0.9119059145450592 0.1799327209591866 0 0.2685255110263824 0 0.3504647761583328 0 0 11.07779717445374 0.224529355764389 0 0.1703552454710007 0 6.319294534623623 0.1499769538640976 7.771469861268997 0.5442576557397842 0 0.8626725822687149 0.901626855134964 0.4697480797767639 0.208022877573967 0.2027115076780319 0.104606531560421 0 0.1477780491113663 0 0 0.1516363918781281 14.47527462244034 0.2254556864500046 1.432705119252205 330.6401556879282 62.04590269178152 907.1676960885525 83.04429430514574 1120.948312819004 62.77871298789978 26.64884822070599 102.8543846309185 19.12295415252447 3.691632755100727 3.59552650898695 0.3497840464115143 34.61008524894714 0.3043366968631744 0 1.203338086605072 1.857729360461235 2.122457072138786
779.4570389911532 3389.877103514969 0 182.0879654884338 1526.381541825831 8.824156239628792 98.88464272022247 3175.152534008026 1711.825359068811 104.7075705900788 5733.693770371377 21.90220350027084 159.7544434070587 664.9103091284633 12.92489590495825 7.88900039345026 1.120002150535583 0.675852358341217 0 2.174001298844814 11.75586927682161 0 11.2242021933198 4.523274481296539 0.5044282302260399 2.609521500766277 1.074502885341644 0.2682950347661972 0.4382242113351822 0.1050285324454308 5442.907819032669 208.4566128626466 37.87690471857786 4.249330900609493 3.910520568490028 0.1230211704969406 1.649752102792263 0.2198290526866913 1.16374135017395 0 10.84598471969366 2.001415640115738 8.101606801152229 1.584763906896114 1.06995090842247 5.744651637971401 173.8434777706861 9.772304728627205 0.5847998410463333 2.047384232282639 3.187338896095753 0 0 0.4978594034910202 13.67873726785183 29.25825820863247 56.63832920789719 867.3394464254379 3.410700850188732 37.87464418262243 3.911979839205742 6.933677300810814 0.4877152889966965 341.9426949396729 11.75877920538187 5.201157800853252 7.839350916445255 1.276972517371178 6.991311214864254 32.28035035729408 4.004351377487183 0.5227889269590378 0 214.2101007401943 182.1802984327078 73.7633144557476 73.54777521640062 7.003886930644512 289.8696477934718 1332.611016213894 2.182113096117973 148.0674395859241 38.0786967203021 1.211992651224136 8.266868203878403 11.13352736085653 5.048818461596966 0.1640807837247849 3.185515701770782 0.1147904992103577 1.15414846688509 0.2545372918248177 10.01291753351688 0.9792111217975616 0.1300490498542786 37.67105851322412 0.2983583211898804 0 0 79.55877227336168 0 0.6750414967536926 2.183470010757446 5.370346024632454 0.7606635242700577 7.705794155597687 6.756960868835449 13.47445791959763 16.63360425829887 9.14374090731144 0.1778103709220886 12.25568601489067 24.53956331312656 20.01186723262072 11.13430523872375 0 0.3682140409946442 0 0.2393972426652908 0 0 0 0 0 0 0 0 0 0 0 0 0 0 0 0.2772659063339233 0 0 0 0 0.5944448709487915 0.2614873945713043 2.268915235996246 0.6674771755933762 0 0 0.1185723021626472 0 0 0 0 0 0.4170637726783752 1.426516659557819 0 0 0 0 0 0.1774874925613403 0 0.08396965265274048 0 0 0 0 0.4522659480571747 11.62537354230881 0.1951338946819305 0 0 0.5335014760494232 0 0 0.1652185469865799 0 0.3806197643280029 5.908980518579483 0 0 0 0 4.873688027262688 0 4.593350127339363 1.286165162920952 0.1259085237979889 1.26217657327652 0 0 0 0 0 0 0.3266271650791168 0.2622358798980713 0 0.1164364740252495 11.46380893886089 1.314922824501991 0.9798007681965828 131.646922416985 31.08456677943468 409.3610312640667 36.49113766103983 217.6097073182464 25.73039831966162 8.174440413713455 42.58107491582632 14.1178045347333 1.071413993835449 1.432368449866772 0 22.40084989368916 0.4906313419342041 0 0.674958348274231 0.7798271700739861 1.238777980208397
807.0937705561519 1232.994933277369 182.0879654884338 0 225.4376251474023 163.4100346714258 296.3997882604599 19.22141069173813 69.70302321016788 2366.259189687669 92.1835100799799 650.8761332184076 1306.078198798001 177.9198275953531 3.610806599259377 0.3524597883224487 0.4235354512929916 0 0 0 0.2430318221449852 0 0 0 0 0 0 0 0.2759703099727631 0 176.0442895591259 2.01822292804718 0 0 0 0 0 0 0.1620861738920212 0.0994119793176651 0 0 0.1066658422350883 0 0.1406582593917847 0 87.67629513889551 2.171535402536392 0 0 1.115955181419849 0 0 0 14.31911417841911 26.3270730599761 37.3529976606369 304.2684160172939 1.527279332280159 25.7224061191082 0 0 0 23.63256424665451 7.729035519063473 1.358870401978493 4.300334617495537 0.1370846480131149 0.6431232988834381 0.1164921075105667 41.61123280227184 0.2710238248109818 0 128.7338614612818 71.01391903311014 30.95091267675161 15.07798624783754 0.6768482625484467 0.3097245097160339 1.738977015018463 0.3874165415763855 0.652601957321167 27.83414888381958 2.125632368028164 5.209875032305717 6.475424878299236 1.797076918184757 0.2514877617359161 1.646666780114174 0 0.715074710547924 0 0.1118819341063499 0 0 46.87366457283497 0 0 0 228.9823196157813 0 0 1.494595274329185 2.613500982522964 0 6.182629466056824 4.966659978032112 8.473664224147797 51.33302681148052 8.397981286048889 0.512295126914978 4.993288114666939 7.729938820004463 4.925651431083679 2.069285303354263 0 0.3447487056255341 0 0 0 0 0 0 0 0 0 0 0 0 0 0 0 0 0 0 0 0 0 0 0 0 0 0 0.1509421020746231 0 0 0 0 0 0 0 0 0.2462650984525681 0 0 0 0 0 0.1062100231647491 0 0.09398539364337921 0 0 0 0 0.3621472716331482 1.425298154354095 0 0 0 0 0.172975093126297 0.4245666861534119 0 0 0 1.711018651723862 0 0 0 0 0.4325854033231735 0 1.527387648820877 0 0 0 0 0 0.2306707054376602 0 0 0 0.2445036694407463 0 0 0 2.390241891145706 0.219733938574791 0.284687876701355 140.1697513908148 15.00563820451498 250.3985663130879 12.10755424946547 965.5241124853492 12.00961215794086 5.671427361667156 13.02484750002623 7.027525365352631 0.1371175944805145 0.642869770526886 0 12.77110961079597 0 0 0 0 0.7486004531383514
291.5829404890537 5147.312720097601 1526.381541825831 225.4376251474023 0 15.63822954893112 1223.464812815189 100.5877392962575 3850.416892185807 1706.592535227537 1228.757872976363 145.9415387958288 324.9478046223521 212.5496068745852 23.4685160368681 12.43959038704634 0.1121439561247826 0.1504042148590088 0 0 0.69620231539011 0 0 0.3087111115455627 0 0.2865170836448669 0 0.155553475022316 0.1189182996749878 0 413.7404002696276 2.327529661357403 2.238167010247707 0.5754840224981308 0 0.1143333315849304 0.2633789479732513 0.09375365078449249 0.2888018637895584 0 0.5253951624035835 0 0.1201622784137726 2.299862921237946 0.1077525094151497 0.776712104678154 224.2330127209425 4.157915502786636 0.2225318253040314 0.2276121601462364 0.7560118436813354 0 0 0.6195663809776306 11.53214096277952 25.18378861993551 22.07404553890228 126.2646647617221 1.891549624502659 30.75718727707863 0.2542632669210434 0 0 30.78191402554512 10.08420586585999 1.656051889061928 2.983513563871384 0.4248756244778633 0.6975434720516205 0.656020924448967 26.5001248717308 0.7181915044784546 0 114.4182997122407 72.74108988791704 85.49244021624327 91.46862857043743 11.85082127153873 3.035469576716423 10.32934462279081 0.3307147175073624 1.071365609765053 20.71205987781286 1.023327268660069 4.250025928020477 9.388974219560623 1.922679364681244 0.2132945880293846 1.904740624129772 0.2878821566700935 0.742522232234478 0.1171759516000748 0.516325406730175 0.3903884887695312 0.2594387084245682 183.1319452226162 0.4806990027427673 0 0 15.88698090612888 0 1.757631897926331 8.47906830906868 14.39516073465347 0.8574531376361847 35.49818543344736 20.4500166028738 48.23647032678127 72.95117566734552 52.30944630503654 2.332465514540672 50.08166192471981 71.84407265484333 76.50462867319584 31.70455275475979 1.327301204204559 0.5558134466409683 0 0.1712204813957214 0 0 0 0 0 0 0 0 0 0 0 0.8441706299781799 0 0 0 0.2907027155160904 1.381767213344574 0.1485693603754044 0 0 4.217321008443832 0 7.197903655469418 1.049774028360844 0 0 0 0 0.2157184034585953 0.1808835715055466 0 0 1.643842056393623 4.170958399772644 0.2007876634597778 0 0 0 0.1729622930288315 0 0 0.07852005958557129 0.149542048573494 0.1892092823982239 0.8024048209190369 0 0.703425407409668 34.84359735250473 0.2440968006849289 0.4828672707080841 0 0.2282692044973373 0.1064030453562737 0.1391503810882568 0 0 0.1476600915193558 28.2751812338829 0 0 0 0 15.78023472428322 0 9.560733065009117 2.31782278418541 0.9415281265974045 3.133056879043579 0.9053494185209274 1.848566442728043 0 0.1076338514685631 0 0 0.08979783952236176 0 0 0.1650818288326263 45.3085440248251 8.286201566457748 5.322142034769058 328.7681903168559 58.51896257698536 573.2366452142596 100.0320672914386 260.8768857493997 54.83511108160019 16.7507818415761 105.5559077933431 30.87521155923605 3.266059175133705 10.80359411984682 0 84.74924366176128 0 0 0.7440698444843292 2.566316545009613 3.372882403433323
92.92828889191151 102.7825931608677 8.824156239628792 163.4100346714258 15.63822954893112 0 16.7178511172533 5.888875216245651 30.30759398639202 869.934709623456 16.66256664693356 197.5139884650707 194.2903821468353 54.50802777707577 0.4927856177091599 1.967366404831409 0.1213279962539673 0 0 0 0 0.4718087613582611 0 0.1112640276551247 0 0 0 0 0.3718336522579193 0 4.288683280348778 0 30.29115256667137 0 0 0.1561661660671234 14.81817854940891 0.441692441701889 2.538831904530525 0 0 0 0 0.4564845114946365 0 0.1593537628650665 1.338840909302235 0 0.1481249779462814 0 0 5.019664376974106 0.4095371067523956 0 0 0.8849663287401199 100.4235151857138 71.85736906528473 2.869757235050201 0.3683990240097046 0.5259166806936264 4.083078816533089 0 0 0.1085240766406059 0 0 0 0 0.1417328417301178 84.82624340057373 232.3946353495121 11.05452214181423 3.553485319018364 0 0.5151282921433449 0.6545239612460136 0.716619998216629 0 18.82703034579754 0.3010735511779785 9.719958797097206 1.101335763931274 1.467140153050423 0.156472310423851 0.1735593974590302 0 8.93855208158493 2.200660780072212 6.483917996287346 0.1743971109390259 0.823056235909462 0 0 0.1962572038173676 228.1068043708801 872.6211755424738 42.95424173772335 12.27742873132229 389.1424615383148 0 0 0.7065640687942505 0 0 1.610826894640923 0 0 9.417844355106354 1.460442185401917 0 0.2100488692522049 0.533109188079834 0.2909658700227737 0 0 0 0 0 0 0 0 0 0 0 0 0 0 0 0.1598042547702789 0 0 0.3855751901865005 0.1698960512876511 0 0 0 0.3510865718126297 0 0.1539592891931534 0 0 0.1302462518215179 0.5557175576686859 0 0 0 0 0.1149894669651985 0.2450949847698212 0 0 0 0 0 0 0.4785744696855545 0 0 0 0 0 0 0 0 0 0.1370561569929123 0 0 0 0 0 0 0 0 0 0.7037839144468307 1.435467272996902 0 0 0 0 0 0.2413407117128372 0 0 0 0 0 0 0 0 0 0 0 0 0 1.291966289281845 0.5801324099302292 0.354287713766098 6.440647132694721 0.7084447294473648 4.301500573754311 1.900459870696068 120.9355012029409 0.964090384542942 0.3188313841819763 0.9966884925961494 1.058594062924385 0 0 0 0 0 0 0 0.2833096981048584 0
49.80902516841888 2255.299000747502 98.88464272022247 296.3997882604599 1223.464812815189 16.7178511172533 0 20.68670935928822 910.9909481629729 910.3879547864199 143.3009595796466 126.3469328433275 1656.302440300584 666.3581023961306 9.068449132144451 8.541076026856899 0.13143290579319 0.2321970462799072 0 0.0882616862654686 0.1009853929281235 0 0.1627131700515747 0.1509344279766083 0.166714608669281 0.3568641692399979 0 0.2795740962028503 0.1361043155193329 0 102.7379454895854 0.801203727722168 0.7742640674114227 0 0.1593843698501587 0 0.4199694693088531 0 0.1886758655309677 0 0.44037064909935 0 0 1.296306252479553 0.3660463839769363 0.720425583422184 100.8077524006367 3.512623846530914 0 0.1321883201599121 1.147496804594994 0 0 0.375283345580101 6.328916981816292 15.31569037586451 17.23885555565357 96.30650257319212 0.6619896441698074 17.7687843888998 0 0.1285651922225952 0 14.25778149068356 6.255404807627201 1.841322116553783 2.53521341830492 0 0.3472062349319458 0.5533692687749863 15.87920425832272 1.238125830888748 0 80.2367427945137 52.36585481464863 38.62235460430384 39.30232030898333 8.165947556495667 0.1495052427053452 2.972544893622398 0.1612820774316788 0.6620986387133598 16.95740012079477 0.9435549005866051 2.792966991662979 6.866705186665058 1.017320424318314 0 1.99545132368803 0 0.3782477080821991 0 0.2081470042467117 0.242974080145359 0.1287519037723541 148.6550282984972 0 0 0 29.80590030550957 0.4698348939418793 0.3925731182098389 5.397753268480301 5.817356616258621 0.7313014566898346 15.49244105815887 12.15023602545261 12.9137319996953 52.33646579086781 19.15954445302486 0.8629561215639114 16.12596630305052 32.14965085685253 23.6067411005497 12.54737105965614 0 0.4162876904010773 0 0 0 0 0 0 0 0 0 0 0 0 0 0 0 0 0 0.4689040258526802 0 0 0 0 0.5553782433271408 0 3.311286076903343 0.8623566925525665 0 0.09496910125017166 0 0 0.1937960237264633 0 0.333967536687851 0 0.3141504600644112 1.769732810556889 0 0 0 0 0 0 0 0 0.2144123911857605 0 0 0 0 13.46662887185812 0 0.09392102807760239 0.6071133390069008 0.1206500381231308 0 0 0 0 0 12.60728131234646 0 0 0 0 2.745970487594604 0.1924875974655151 4.477993115782738 0.9160491824150085 1.344861708581448 1.204729847609997 0 0.4768411889672279 0.4068846702575684 0 0 0 0.1336407363414764 0.1021886095404625 0 0 17.23986220359802 2.793307647109032 1.243453152477741 137.3781384676695 24.14135967195034 248.1366018876433 38.11036712676287 275.5215851143003 29.20429606735706 6.051827356219292 46.2457674369216 14.56362460553646 1.191457159817219 3.170891717076302 0.1221029981970787 22.01309704780579 0.1576879769563675 0 0.697771817445755 0.2573923766613007 1.711465939879417
108.8232239484787 344.7116321772337 3175.152534008026 19.22141069173813 100.5877392962575 5.888875216245651 20.68670935928822 0 1111.780640125275 18.19706144928932 1912.961095735431 17.87917120754719 172.3674096390605 688.2506895884871 54.53528315573931 87.21217808127403 20.54008816182613 10.80340037494898 0.7038058638572693 22.48638267815113 113.1109012663364 0 61.12913904339075 36.29352049529552 2.485521651804447 17.34899348020554 3.56946225464344 2.432917445898056 0.8496944904327393 1.801499240100384 3104.43506269902 1629.055575221777 22.01391333341599 36.2101369202137 24.72887571901083 2.205914363265038 4.850990302860737 2.633304506540298 4.523296035826206 1.365585468709469 85.16708360612392 11.89928709715605 98.34774440526962 64.74424601346254 9.532845944166183 159.0820731446147 402.4862812012434 34.71252937614918 4.844463348388672 32.51733026653528 14.76271485537291 0.3160470724105835 0.2360198348760605 5.95241017639637 11.35442467033863 30.4852007329464 40.72174998372793 458.3789474070072 1.66983775049448 51.63868080079556 210.8440356552601 51.99334889650345 4.931089326739311 491.2992355823517 15.76934922486544 12.22166695445776 15.33638390153646 14.94839528948069 72.98512151092291 245.4967747479677 9.574997574090958 3.628711476922035 0 203.810265623033 224.8961061686277 185.5722599253058 298.2192115932703 191.4931212663651 533.1848395392299 1452.913682207465 201.0022097676992 1755.930899038911 34.6013965383172 1.92484375834465 14.18206435441971 12.15329717844725 20.54210324585438 0.2259142845869064 5.153499074280262 0.3735180273652077 2.639348044991493 0.3580319732427597 80.26976139098406 7.423041127622128 3.403671614825726 91.11504156887531 2.051100499927998 0.1621954590082169 0.7441368252038956 20.41456051915884 0 2.911861628293991 3.495495036244392 6.133043721318245 0.4248985350131989 11.7282931804657 13.05291271209717 29.11660926043987 20.81989701092243 22.57965260744095 2.272199124097824 22.24808246642351 39.21807934343815 39.36542953550816 15.41753946244717 1.082156121730804 0.8300066441297531 0 0.6931323483586311 0 0.3099907487630844 0 0 0 0 0 0 0 0 0.1391407996416092 0 0.7300605922937393 0 0.1819998174905777 0.9993864595890045 0 0.1570918262004852 0 0.1404379159212112 3.828132182359695 0.1366516947746277 7.772162683308125 0.750979021191597 1.24724280834198 0 0.4899514615535736 0 0.1451862901449203 0 1.523274376988411 0.1205896437168121 0.5171127021312714 3.036955907940865 0.119533970952034 0 0 0.8346859365701675 0.8380669355392456 0.1459744423627853 0 0.1852406859397888 0 0 0.6842975169420242 0.5845698565244675 1.640135005116463 18.1245276927948 0 0 0 0.3820383921265602 0.4388650506734848 0 0.3087187707424164 0.7582977414131165 0.446164458990097 20.17058652639389 0.3863358497619629 0 0.1048210337758064 1.271549701690674 11.21061214804649 0 6.689671546220779 0.9138580039143562 0.4656305313110352 2.262601926922798 1.518072389066219 0.8283171802759171 0.3267874866724014 0.1040065586566925 0 0 1.510567136108875 0 0.2058790177106857 0.3740229159593582 21.39194984734058 3.998989433050156 5.606717452406883 396.8547710627317 82.49672053009272 776.9324080348015 120.5442948490381 190.6027961969376 58.33752797544003 14.86519206315279 126.6358579695225 30.26224618405104 3.682984061539173 5.052949480712414 0 47.00292512774467 0.7962771952152252 0 1.797222301363945 3.509147800505161 6.112312331795692
209.8553956821561 2538.583733133972 1711.825359068811 69.70302321016788 3850.416892185807 30.30759398639202 910.9909481629729 1111.780640125275 0 848.9249442890286 3664.624689780176 148.8068358078599 2989.71241992712 1298.834064558148 32.63782801479101 62.77048542350531 1.664376445114613 0 0.1162907257676125 0.3748960196971893 1.437089048326015 0.1119164228439331 0.5819525122642517 0.6380215585231781 0.8674909994006157 0.7992769554257393 0.4969011247158051 0 0.8143648058176041 0.3334276154637337 246.9378098547459 4.997001998126507 36.03256822377443 0.3653864860534668 0.9923590272665024 0.5839598178863525 4.371346324682236 0.20648393034935 0.3589310273528099 0.665841281414032 1.106420032680035 0.8645435348153114 0 8.130140356719494 0 0.9576052725315094 221.7853287905455 2.02234935760498 0.6220383569598198 0 0.7738538533449173 0 0 0.1399118453264236 6.327246986329556 17.26331444084644 13.39463383704424 75.5887074843049 1.964866258203983 20.05631559342146 0.6618832722306252 0.8838126659393311 0 26.75197637826204 5.873739950358868 1.217321328818798 2.624173082411289 0.223592109978199 0.1422576159238815 2.201379589736462 31.67704193294048 5.043067574501038 0.1973422169685364 75.23309403657913 49.39555990695953 91.49215847998857 131.1302061825991 51.32463164627552 2.56550657749176 13.44801535457373 0.6940071806311607 1.221179321408272 10.29021824896336 0.5462395772337914 2.664360366761684 5.339021161198616 2.304318226873875 0.1325318813323975 0.9274947121739388 0 0.9599120989441872 0.2489718869328499 1.47934652119875 1.130360767245293 0.5106247290968895 476.2356444448233 1.696557730436325 0 0 29.87353838980198 0.7487485408782959 4.59352533519268 12.41849469393492 15.74617654085159 1.714886598289013 36.51928456127644 39.49627283215523 85.29135940223932 65.61313876509666 76.3097452968359 3.941019833087921 80.80039336532354 150.0684104934335 120.9182229712605 68.14489092677832 1.511807560920715 0.6579463928937912 0 0.2933101579546928 0 0 0.1215839833021164 0 0 0.1731010526418686 0 0 0.5260227620601654 0 0.09876058995723724 0 0.3253842294216156 0 0 0.1296118646860123 0.1348239034414291 0.5337182879447937 0.1746687889099121 0 6.254764102399349 0.5192015618085861 17.50824841856956 0.7238267138600349 0 0 0 0 0 1.338525801897049 0 0 3.076744794845581 7.564760334789753 0.7644101828336716 0.4165656268596649 0 0 0.1429109424352646 0 0.4593674391508102 0.3234377726912498 0.5728650093078613 0.7593307048082352 0.5702837258577347 0.6123824417591095 0.2612955868244171 65.86577793955803 0 2.417106442153454 0 0 0.5809421315789223 0.4286711737513542 0.1953986287117004 0 0.9839724600315094 58.8873725682497 0.3387197703123093 0 0 0.2113226726651192 32.15483065694571 1.522348687052727 23.75046719610691 3.446216061711311 1.546826675534248 3.933900773525238 2.088698714971542 1.545754097402096 0.5629738420248032 0 0 0 0 0 0 0 77.0467825755477 13.14399257302284 7.731985062360764 475.9770505353808 68.31794208288193 545.5701373144984 129.9903513863683 182.9321121573448 60.76379923522472 15.60184334218502 125.9290940016508 51.4909288212657 3.998462475836277 20.0621702298522 1.070585869252682 116.5137161314487 1.808068722486496 0 4.908241450786591 6.191262200474739 7.393017061054707
2663.587700091302 1858.105964466929 104.7075705900788 2366.259189687669 1706.592535227537 869.934709623456 910.3879547864199 18.19706144928932 848.9249442890286 0 116.0660445317626 2821.215998642147 7489.0024593696 653.4648952633142 6.778134346008301 2.45670398324728 0.2812234982848167 0 0 0 0.1833652406930923 0 0.1191858425736427 0.1203320473432541 0 0.6610609441995621 0 0 0.2520895600318909 0.1896245181560516 131.2740281149745 0.7837227135896683 5.750209875404835 0 0 0 1.385677099227905 0.08799468725919724 0.9116085171699524 0 0.08841774612665176 0.1115362271666527 0 0.4902560338377953 0.7539356052875519 0 127.0609415695071 5.503883272409439 0.3959336876869202 0.2728792503476143 0.6893175393342972 0.2146034985780716 0 0 18.19872535765171 34.6146023645997 78.48221136629581 345.6684783324599 3.859904177486897 30.26499242335558 0.08702538907527924 0 0.2493822425603867 19.44890487194061 12.34747271239758 1.915511198341846 2.320543386042118 0.1237706691026688 0.4530538022518158 0 476.7131515443325 1.708119124174118 0 157.7857290357351 83.19324881583452 46.31423527747393 29.1959874778986 3.380326464772224 0.4932025671005249 4.236921906471252 0.5238958299160004 0.4426028355956078 35.19319456070662 1.927669741213322 5.894077524542809 9.023531623184681 1.388960875570774 0 1.702902317047119 0 0.8417465090751648 0 0 0 0.1792478710412979 657.049400344491 4.165060788393021 0 0.1716108024120331 848.6161712557077 0.1582344472408295 6.688530415296555 13.0330638885498 22.15029457211494 1.277465552091599 44.26129034161568 48.41398990154266 50.39070585370064 174.5375776588917 77.4262779802084 2.592913717031479 36.49801434576511 93.74126414954662 63.23512242734432 24.0840025395155 0.1569217145442963 0.5294521450996399 0 0 0 0 0 0 0 0 0 0 0 0 0 0 0 0 0 0 0 0 0 0 1.556583479046822 0 1.667298972606659 0.2578572332859039 0.2716922461986542 0 0 0 0.1826376467943192 0.1188377812504768 0 0 1.620400249958038 5.412309877574444 0.1772707849740982 0 0 0 0 0.6087051033973694 0.3107547760009766 0.2783319801092148 0.4282539188861847 0.7576810717582703 0.5842111706733704 0 0.8234663456678391 15.47712038457394 0.1659210175275803 0.1292472183704376 0 0 0 0 0.1162768378853798 0 0.2057632207870483 14.69271415472031 0 0 0 0 9.550088554620743 0.1649567037820816 5.579850368201733 1.173429176211357 0.3576881289482117 2.854484722018242 0.3727594316005707 0.1081920489668846 0.3558363318443298 0.1068743914365768 0 0 0.2601792216300964 0.3978657424449921 0 0 57.72882704436779 2.622193291783333 2.217871397733688 409.9510342553258 21.2225339859724 340.0996412187815 26.13573105633259 2145.464042164385 20.89696633070707 6.592443220317364 27.77772173285484 32.94014100730419 1.68862621486187 3.039866529405117 0 109.9767460227013 0 0 0 0 1.070121169090271
590.1870208829641 1523.020947508514 5733.693770371377 92.1835100799799 1228.757872976363 16.66256664693356 143.3009595796466 1912.961095735431 3664.624689780176 116.0660445317626 0 168.0299511626363 1918.685152240098 3696.427347585559 89.43092618137598 261.9647997990251 8.754886314272881 0.907282218337059 0 2.244941122829914 9.714104689657688 4.944023430347443 25.064453817904 27.14840684086084 4.034285828471184 14.88222046941519 4.366426646709442 2.949987709522247 1.228650741279125 0.8478124365210533 1995.281868025661 50.46583879739046 598.7159137576818 2.667466208338737 18.58199583739042 2.979171462357044 62.94889325648546 3.977193370461464 4.10387010872364 0.8062329366803169 47.824322886765 11.03084782510996 2.867648735642433 36.35049738734961 0.3365527242422104 2.95929179340601 488.2230617254972 8.043779231607914 1.44273603707552 1.718660354614258 3.342460811138153 0 0 2.585872337222099 15.14165747910738 37.87513289600611 28.82785810530186 331.0464673414826 3.113030590116978 53.18836871534586 2.53203434497118 5.547602392733097 4.84375137090683 113.1655673161149 16.11621034145355 3.186541773378849 7.32355672866106 1.276277020573616 5.51121661067009 30.30822183191776 67.39955704659224 25.18232207000256 0.1330794245004654 195.6040261760354 164.3744814544916 241.5385648682714 385.1812009066343 216.9790222197771 291.578918799758 771.97937515378 1.099488861858845 101.805395975709 30.72876492142677 2.802744045853615 8.323407500982285 15.29937754571438 4.385339982807636 0 3.064740210771561 0 3.188972257077694 0.6228130534291267 22.2335517257452 3.524634554982185 0.5950821936130524 248.2980432286859 20.88544447720051 0 7.090470060706139 56.16732230037451 0.1781829744577408 3.347295537590981 8.045320823788643 9.69446262717247 1.459089607000351 21.33414546400309 23.33899219334126 42.67473344504833 38.183155849576 41.15051059424877 2.485425695776939 42.56021599471569 63.55484525859356 61.55742734670639 31.58500209450722 1.026545450091362 0.3200677484273911 0 0 0 0 0 0 0 0 0 0.2616710960865021 0 0.1652454733848572 0.2240983992815018 0 0.5307812690734863 0 0 0.9313319027423859 0.1782585382461548 0 0.1481849253177643 0 6.732943475246429 0 16.34523458778858 0.7294689193367958 0.6840579211711884 0 0 0.1834828406572342 0.8474085032939911 0.8897625356912613 0.4157489687204361 0 3.468927189707756 6.224123306572437 0.1985135227441788 0.7872861921787262 0 0.1125572472810745 0 0.1358949691057205 0 0.1293423175811768 0 0.2457423508167267 0 0.7417432516813278 0.4556480348110199 43.56677117943764 0.5653837323188782 1.911988094449043 0.4100581929087639 0.1515309810638428 0 0.2110852748155594 0.131573423743248 0.1416669636964798 0.3780745714902878 38.43920991569757 0.506561204791069 0.09512230753898621 0 0.6279304921627045 19.43346536159515 0.2538396120071411 16.9951689094305 0.8764594197273254 0.9686467051506042 4.587736256420612 1.787021167576313 0.358443945646286 0.08537533134222031 0 0 0 1.059583403170109 0.3971912115812302 0.2590810358524323 0 38.49176202714443 16.38864390552044 10.02245131134987 580.7768388912082 139.5334990695119 904.5965885594487 221.1788648068905 241.304187297821 84.43915213644505 32.1881180331111 180.6923739239573 45.85546354949474 5.551935829222202 9.593579113483429 0.2186706960201263 77.29612827301025 0.4758003503084183 0 2.330758333206177 7.503556787967682 11.24110954999924
91.18684779852629 72.13302554935217 21.90220350027084 650.8761332184076 145.9415387958288 197.5139884650707 126.3469328433275 17.87917120754719 148.8068358078599 2821.215998642147 168.0299511626363 0 4104.53902053833 342.0669244304299 20.8002688139677 85.067338578403 4.734769485890865 0.3128297626972198 0 0.3882009983062744 0.7385974675416946 25.58953523635864 2.245807647705078 4.24577260017395 9.808991231024265 5.444459974765778 5.452766761183739 0.09970936179161072 3.479319050908089 7.323524050414562 8.471415318548679 1.555729255080223 107.8145247399807 0.7498768866062164 0.9493121802806854 10.84890256822109 82.73992418497801 12.46590906381607 4.238320082426071 7.931986033916473 1.500429183244705 0.6471665501594543 0.2731024324893951 6.834675744175911 0.1102779880166054 2.03206729143858 80.29938215017319 0.8485947698354721 1.069573402404785 0.2456917464733124 0.121605321764946 2.040415525436401 11.10175967216492 8.029559925198555 1.729579016566277 3.949159637093544 10.78433340787888 18.36260141432285 0.5193772166967392 3.698778726160526 2.44364058971405 15.6846970692277 2.918112426996231 4.733364775776863 0.7146748974919319 0.08885567635297775 0.09925585985183716 0.09553471207618713 0.4000180959701538 1.736127592623234 280.4277655556798 79.14534822106361 1.430403873324394 13.97198509424925 6.757024057209492 28.10361710935831 27.97621693462133 33.67197172343731 0 124.140467941761 0.8186473026871681 39.91362307220697 1.437728211283684 0.3666673377156258 0.4818955138325691 1.442196555435658 0.4558170288801193 0.3608419448137283 0.6034160181879997 0.7651382088661194 0 0.1606131792068481 1.760601066052914 0.399807408452034 0.3194943964481354 2519.436238303781 121.1620119288564 4.225773468613625 19.04532666504383 113.7869763821363 0.3731069713830948 6.654236704111099 8.940961554646492 14.149085983634 2.317086771130562 34.17482225596905 32.88126128911972 67.52282747626305 78.72422415018082 64.63247811794281 4.950966037809849 79.95984835922718 119.3128647729754 127.086303807795 68.25420621782541 0.9262943118810654 0.8577148020267487 0.1600832343101501 1.522438406944275 0 0 0.160642221570015 0 0.2950910329818726 0.3412777483463287 0 0.2951411455869675 0.1569014042615891 0 0.9184022694826126 0 0.4630365967750549 0.5435746759176254 0 1.030292645096779 1.058888241648674 0 0.1485329568386078 0.5436003357172012 11.75603884458542 0.9692734628915787 28.33714083582163 1.843527652323246 1.123931378126144 0 0 0.1184087246656418 0.6376697719097137 1.195189356803894 1.358361929655075 0 3.125085026025772 10.67949225008488 0.148065373301506 0.2729655057191849 0 1.102059796452522 0 0.2914600670337677 0.5781400799751282 0 0.5856071785092354 0.8661113977432251 0.7677266597747803 2.325709730386734 1.711737930774689 82.49876742064953 0.8738701790571213 0.9564490914344788 1.029530361294746 0.1010501906275749 0 0 0 0 0 79.66616915166378 2.853377178311348 0 0 0.4367831945419312 33.3081029355526 2.088407903909683 29.4670879021287 2.876223616302013 2.021411240100861 4.469536803662777 1.416569843888283 1.864638708531857 0.5536551773548126 0 0.1771697402000427 0 0.1055762767791748 0.153737410902977 0 0.143986389040947 102.1279359608889 29.81659990549088 12.68972079455853 392.8213102594018 34.34860404580832 178.7459706440568 48.06731995940208 223.8810794502497 12.42664504796267 3.337152816355228 66.92537455260754 43.97508222609758 3.093841671943665 21.64739634841681 1.780764177441597 83.00278820097446 1.887115374207497 0 4.567552000284195 2.381834015250206 2.798471167683601
260.2829391881824 402.5581704005599 159.7544434070587 1306.078198798001 324.9478046223521 194.2903821468353 1656.302440300584 172.3674096390605 2989.71241992712 7489.0024593696 1918.685152240098 4104.53902053833 0 6481.316771328449 61.02713495492935 229.2058648914099 7.237684302031994 0.8868294209241867 0.1037259250879288 0.9575031101703644 3.274557255208492 25.21279141306877 6.68429983407259 7.596707947552204 12.15920085459948 7.436768986284733 15.54046110808849 2.036937408149242 5.432152770459652 4.255376182496548 95.62545850127935 6.579587414860725 371.5254656895995 0.5934475734829903 3.973088093101978 24.11956036835909 108.9477146863937 27.18413653969765 5.273243367671967 7.787617400288582 10.66405046731234 4.430023945868015 0.2106506451964378 25.33608434349298 0.543871708214283 3.734771028161049 227.8514723852277 2.494803294539452 1.66800681501627 0.5650049597024918 0.8258214145898819 3.646711193025112 8.589611440896988 5.139496520161629 6.69133235514164 16.14592771977186 18.00569330900908 81.46107676625252 1.821209214627743 13.06410609185696 2.46803206205368 19.49076475203037 3.178280718624592 21.23578579723835 5.588343992829323 1.420426949858665 3.744632378220558 0.1887135207653046 1.427235797047615 4.843570537865162 265.5776634290814 55.12195436656475 0.9920400828123093 56.70723822712898 30.87799524515867 102.2599243894219 128.5905821323395 117.79503659904 1.229447647929192 250.8836015984416 0.6337365806102753 39.89846551418304 10.43778242170811 0.5958392769098282 1.668093144893646 5.404757842421532 2.800340063869953 0.4389818161725998 1.758686386048794 0.1958424299955368 1.419607035815716 0.2003862783312798 5.164653934538364 0.5754983946681023 1.875772595405579 3301.985137030482 65.83867500722408 0.6361234486103058 7.170410513877869 141.1824182495475 0.7716317921876907 8.816908940672874 20.16193678975105 18.71897350251675 4.612280406057835 71.72934816032648 46.3064319640398 111.0740494802594 212.0445065498352 112.6549398973584 7.69957235455513 123.1521103531122 219.5328885242343 194.0555678233504 110.9859231710434 2.362574435770512 2.496299602091312 0 0.6548684611916542 0 0 0 0 0 0.1287737488746643 0 0 0.1157194301486015 0.1934156566858292 0.1708431392908096 0 0.3143718615174294 1.186396509408951 0.08357441425323486 1.766111806035042 1.446789145469666 0.3404096662998199 0.1492438018321991 0 16.38863260298967 1.08630246669054 33.22642729431391 2.399158701300621 0.8009730875492096 0 0.1972059160470963 0.1335760653018951 1.760054856538773 0.820405088365078 1.492705427110195 0 4.209470301866531 13.04166434705257 0.5085004717111588 0.272034540772438 0 0.9812494590878487 0.2808002084493637 0.3875128030776978 0.7788693457841873 0 1.312284119427204 1.185499027371407 0 0.9752123653888702 1.433444082736969 117.1530782729387 2.048625469207764 1.143756166100502 1.096808023750782 0.1154384389519691 0.3214087933301926 0.6460277065634727 0.4838140681385994 0.1373650282621384 0.2793388292193413 107.9078435376287 2.309311479330063 0 0 0.1531934142112732 44.38385177403688 1.826728269457817 40.61685583740473 5.293468527495861 2.311978220939636 8.013554319739342 4.361965291202068 1.728716850280762 1.382271625101566 0 0.07966650277376175 0 0.2322673127055168 0.1250051110982895 0 0 154.7394237965345 40.13375476002693 19.98257742077112 722.5292014703155 99.60099685192108 543.95812997967 161.1950740814209 395.4937339127064 51.33965959399939 17.70255354046822 154.0581938698888 63.62149485200644 5.97030833363533 31.66035507619381 3.635615549981594 130.5861801728606 3.709283493459225 0 6.443935297429562 11.31800236552954 9.146393463015556
