0 2410.523761108518 26.4231738448143 1876.576577976346 203.247977539897 18.02692469954491 698.7119069844484 18.15583617985249 75.31840083748102 1292.477351754904 147.3304009735584 244.9449847787619 432.8145746737719 92.81492651998997 0.1247915774583817 0.4406477361917496 0 0 0 0 0 0 0 0 0 0 0 0 0 0 765.8493191897869 2.792900279164314 1.655882492661476 0 0 0.1425597369670868 2.700829043984413 0.1579278856515884 0 0.3894676342606544 0 0 0 0 0 0 1.722603373229504 0.6003368645906448 0 0.1637349277734756 0.2257915884256363 0.5187043100595474 0 0 0.7730228006839752 10.0781127884984 240.9172117039561 1172.017708778381 61.76238676160574 2.221861355006695 0 0 0 0.1399250328540802 1.99331846088171 0.189851738512516 0.1078728809952736 0.2376693040132523 0 0.1228393837809563 13.32897828519344 45.16598702967167 0.2315652072429657 151.9705693796277 27.23600703477859 13.47432081401348 2.178648732602596 0.9876136481761932 0.4262586236000061 2.671335995197296 0 0 1.893312625586987 0.9059011489152908 0.3077573403716087 4.044254206120968 0.08686351031064987 1.310708917677402 0.8224195688962936 0.8595220744609833 0.1225544139742851 0.1664805114269257 0.09540621191263199 0 0 107.1322604268789 6.883079618215561 1.082740396261215 0.6475974917411804 1233.281379848719 0 0 0 0 0 0.3910492807626724 0 0 0.7952300310134888 0 0 1.095808550715446 0.6905099600553513 1.985781148076057 0 0.5042280554771423 0.6150538921356201 0 0 0 0 0 0 0 0 0 0 0.3364377319812775 0 0 0 0.3890392035245895 0.3888046741485596 0 0 0.1324883848428726 0 0.1755329966545105 0.1813821643590927 1.003039181232452 0.5647872090339661 0.7579346895217896 1.227954342961311 0 0 0 0 0 0 0 0 0 0 0 0 0.1981839090585709 0.4249941408634186 0 0.2632151544094086 0 0 0 0 0 0.5155561566352844 0.1665762215852737 0 0 0 0 0 0 0 0 0 0 5.611867040395737 2.33896616101265 0 0 0 0 0.4384147524833679 0 0 0 0 0 0 0 0 0 0 0 0 0 0 2.599657326936722 1.366335958242416 2.909667909145355 12.36642985790968 4.788353376090527 35.67141733318567 3.405397787690163 761.2101563215256 9.737468466162682 1.120693497359753 6.24860791862011 1.25260566174984 0.1294964849948883 1.465978652238846 0 2.269183874130249 0 0 0.4745016396045685 0.5634404122829437 0
2410.523761108518 0 1356.732382103801 1352.144441992044 6393.337545238435 73.97079749405384 3989.791347764432 566.2328070998192 4343.456649415195 589.2429276257753 5100.993754930794 50.78536935150623 468.5248477160931 632.6048736125231 1.807990930974483 2.516318649053574 0.6860182955861092 0.142684668302536 0 0 0 0 0 0 0.9775588288903236 0.7524305656552315 0.1576590985059738 0.5641649067401886 0.5516231209039688 0 3965.352411791682 29.287324026227 14.71904255449772 0 0.3555247187614441 0.793974831700325 10.2213251888752 1.141575366258621 0 0.6892188712954521 0 0 0 0.6236951649188995 0.1174325719475746 0 62.19882340729237 13.94304003566504 0.388095535337925 0 3.009354181587696 0 0.3783647492527962 0.3644913285970688 13.82357465475798 84.66295789927244 101.5503367483616 1568.075998619199 96.2856040969491 27.82849688827991 0 3.852916747331619 0 30.62713328003883 29.43858672678471 12.30564402788877 8.423745028674603 0.6686636358499527 0 0 15.68186488747597 0.8339933156967163 0 451.5777067020535 206.3088767006993 132.2172954529524 32.47634249180555 7.133426487445831 1.79230110347271 44.80392859131098 0 0.4520118981599808 35.33735685795546 8.304131217300892 17.56316111981869 63.14651364088058 1.677215382456779 1.547874517738819 11.35720981657505 1.328426674008369 1.093709722161293 0.1262732595205307 0 0 0.08914483338594437 51.03207115828991 0.3266222253441811 0.1085810735821724 1.544171869754791 570.8473199531436 0 0 0 0 0 5.082672595977783 0 1.161267280578613 0 1.711559593677521 0.3599250018596649 1.80826909840107 5.696583643555641 6.487734481692314 0.388956218957901 0.20669786632061 0 0 0 0 0 0 0 0 0 0 0 0.495493084192276 0 0 0 0 0 0 0 0 0 0 0 0.1442000865936279 1.025947451591492 0.2412484586238861 0.3029187321662903 0 0 0 0 0 0 0 0 0 0.5172368884086609 0 0 0 0 0 0 0 0.2301680594682693 0 0 0 0 0 0 0 0.6477333307266235 0.6323146820068359 0.4267036616802216 0.101009227335453 0 0.086277075111866 0.1683968007564545 0 6.154430449008942 0 0 0.1108691468834877 0 0 0.2046489715576172 0 1.149615198373795 0 0.5313246250152588 0.4576085209846497 0 0.4857651740312576 0.164533868432045 0.4638056457042694 0.1187937557697296 3.177010916173458 0.7679177448153496 0 0 3.264795333147049 0.7892156988382339 1.770609125494957 222.4888945296407 65.58910982310772 705.6027327626944 82.19045303761959 1027.591718003154 104.6634521856904 13.57624661922455 132.812120616436 6.984355390071869 0.2825385928153992 3.541321843862534 0 3.087804079055786 0 0.1165047734975815 0.5190253853797913 0.8881163001060486 2.804783016443253
26.4231738448143 1356.732382103801 0 8.446692831814289 1206.511137098074 1.10236868262291 226.4917717576027 1870.448199398816 1386.421779803932 9.337118342518806 4394.876068651676 6.811616525053978 204.1901371330023 753.6729185804725 7.237058490514755 16.44104887545109 19.41656863689423 1.445799708366394 0.5006828755140305 1.658709555864334 0.2184454202651978 0 1.038776814937592 0.4353479146957397 6.117824777960777 2.751695483922958 3.372866787016392 1.318441107869148 0.83504468947649 0.811229944229126 2739.289427295327 735.0439683720469 52.45021861046553 0.6182031705975533 3.242290884256363 7.652295365929604 38.46895758807659 9.750239379703999 5.305583775043488 3.408546142280102 20.91880320757627 1.637077525258064 5.225304335355759 6.034472666680813 4.678568668663502 6.954734832048416 59.13951802998781 30.69968795031309 8.401136107742786 25.77726070582867 15.29043586552143 0.9939494580030441 0.3001574873924255 1.38986698538065 6.008003212511539 41.65883111208677 46.47472439706326 2358.958445422351 44.35278677940369 19.33490676432848 4.165856584906578 19.08628544211388 10.38635239005089 600.9080370664597 17.46468724310398 19.09981660544872 8.645270191133022 28.55388192087412 49.77676683664322 39.33318497985601 36.48225268721581 2.430247157812119 0.2090098932385445 237.5455285012722 274.5769847258925 106.3236915618181 82.44024401903152 74.72353541105986 737.2005240246654 1893.727038681507 18.36945647001266 164.4692696481943 19.88099131733179 4.449974894523621 14.08303667604923 32.35671288520098 61.18013725429773 0.6081192418932915 7.915709242224693 1.345895662903786 3.132616579532623 0.2696397751569748 18.22414369881153 6.027580745518208 1.792732924222946 15.1409776955843 2.980461463332176 0.1166373863816261 3.510651484131813 72.81101982295513 0 0 0 0 0 0 0 0.2756894528865814 0.4393644332885742 0 0 0.6807502508163452 1.307544857263565 0.9701066166162491 0 0.2559055685997009 0.1489962935447693 0 0 0 0 0 0 0 0 0 0 0 0 0 0 0 0 0 0 0 0 0 0 0.3655789494514465 0.159938246011734 0.1632308661937714 0.9308281391859055 0 0 0 0.1159718930721283 0 0 0.2000832408666611 0 0 0.1822943240404129 0.2728866040706635 0.2499605119228363 0.1241451054811478 0 0 0 0 0.1241460144519806 0 0 0 0 0 0.3710865676403046 0 0 0.3303952813148499 0.7009829580783844 0.8021932616829872 0.2556435689330101 0.6843373700976372 0 0 1.911880448460579 0 0.1657303124666214 0.1041913703083992 0.3065674155950546 0 0 0 0 0 0.4524877071380615 0 0.1317004561424255 0.5687667429447174 0 0.4142508283257484 0.6144924685359001 2.635072365403175 0.5199411511421204 0 0 2.284530162811279 1.021716892719269 0.9760012626647949 137.419216029346 60.78783161193132 354.1975353881717 59.61679831147194 101.3360707983375 47.03969114273787 7.638248443603516 76.72174339741468 4.624493084847927 0.2277432233095169 1.135411515831947 0.1206446215510368 1.593272924423218 0 0.5250112414360046 0.6471722722053528 2.167258143424988 1.424713052809238
1876.576577976346 1352.144441992044 8.446692831814289 0 487.9663079157472 190.0245377123356 1428.876130729914 0.3617576360702515 62.35273173451424 1272.023786619306 5.644767351448536 945.4248734265566 2367.22832813859 351.796158850193 0.7677023410797119 0.1561403870582581 0.3737190067768097 0 0 0 0 0 0 0 0 0.199835017323494 0 0 0.1044425815343857 0 94.12124109268188 0.1065240278840065 1.395456492900848 0 0 0 5.967743724584579 0 0.3596391230821609 0 0 0 0 0 0 0.1580148935317993 20.20053845643997 3.739152401685715 0 0.1143002137541771 0.5478295609354973 0 0 0 5.917502194643021 39.77334675192833 36.66490665078163 380.0302259996533 43.3869803622365 11.81570194661617 0 0.4046311974525452 0 2.759006857872009 11.26824302226305 2.598408721387386 1.804664604365826 0 0 0 18.13165040314198 1.229387387633324 0 189.4555975273252 71.11499071121216 46.25084745883942 6.136507034301758 2.361349403858185 0 0.3952486664056778 0 0 18.65238762646914 2.695909731090069 9.75981917232275 24.38108045607805 0.4852538481354713 0.4782797917723656 2.784354224801064 0.1609109044075012 0.2801522612571716 0 0 0.3253600299358368 0.1730827987194061 312.2282226979733 0.9107028990983963 0 0 198.8698278218508 0 0 0 0.3918871879577637 0 1.785573720932007 0 0.8357385694980621 0.2307105958461761 1.766649976372719 0 4.824105888605118 4.343895375728607 5.865065813064575 1.033729642629623 0.9390874952077866 0 0 0 0 0 0 0 0 0 0 0 0 0 0 0 0 0 0 0.9436264932155609 0 0 0 0 1.583092704415321 0.5637986660003662 0 0 0 0 0 0 0 0 0 0 0 1.513806611299515 0 0 0 0 0.1915621757507324 0.2020527422428131 0 0 0 0 0 0.4392856061458588 0 0.6949429512023926 0 0.7069454789161682 0 0.4418317452073097 0.321188859641552 0 0.1342319548130035 0 0 10.88778021931648 0 0 0.1812142878770828 0.1563960909843445 0.4920836091041565 0 0 0 0.4724544286727905 0.9681931734085083 0.6410712599754333 0 0.1068502590060234 0 0.1182103380560875 0 0.7725942805409431 0 0 0 7.107077613472939 2.224374085664749 1.9852274954319 55.77696912735701 22.50576850026846 260.592137157917 19.60658363252878 844.7514622360468 52.6487383544445 5.486277498304844 29.82442206889391 3.375880166888237 0 1.602037683129311 0 5.359217524528503 0 0 0.4800769537687302 0.4997056126594543 0.7492678761482239
203.247977539897 6393.337545238435 1206.511137098074 487.9663079157472 0 7.739953830838203 2362.830413781106 211.3984305411577 4021.575037255883 230.8304942250252 1117.351127430797 12.08423957228661 37.05978248268366 149.9681036397815 2.478251233696938 2.619478195905685 0.6960271447896957 0 0 0.2861622273921967 0.1917319446802139 0 0 0 0.2073642462491989 0.7886011004447937 0 0.4462178945541382 0.6506117209792137 0 564.907424852252 66.86464377492666 0.9186864346265793 0.1095563992857933 0 0 1.732176095247269 0 0 0.2182880192995071 0.2904748469591141 1.050406783819199 0 0 0 0 91.71297630667686 15.65319070965052 1.566948033869267 0 5.350679829716682 0.1404775083065033 0.8114598542451859 0.9165172278881073 11.2743704020977 61.27671119570732 22.20207973569632 321.7648264616728 35.51561637222767 31.29611297696829 0 0.1781649142503738 0 57.34373957663774 24.50206550955772 15.9888521283865 10.14450003951788 0.7254111096262932 0 0.2933764830231667 3.669769734144211 3.541681230068207 0 200.8979880511761 151.3262163028121 131.4691493436694 76.67683414369822 13.02131768316031 0 3.522521883249283 0 0 35.59487738460302 5.222035847604275 24.44036022573709 57.60614995658398 1.704594939947128 1.782260663807392 10.68415376543999 0.7628041058778763 2.752934463322163 0.3999429792165756 1.215348571538925 1.391845904290676 0.9669686704874039 129.7275485247374 0.5880317091941833 0 0 29.60991334915161 0 0 0.9145802855491638 0.1805357336997986 0 4.694733530282974 0.4538774490356445 5.621021062135696 2.385047405958176 1.402064189314842 1.436602398753166 21.97859232127666 14.37661693990231 13.03076758980751 3.07582625746727 0.6014068722724915 1.051598519086838 0 0 0 0 0 0 0 0 0.3170199692249298 0 0.5961046814918518 0 0 0 0 0 0 0 0 0 0 0 5.72429895401001 1.569696485996246 2.750790566205978 1.300317823886871 0 0 0 0.2892143130302429 0.2890411913394928 0.6589339971542358 0 0 0.8439542353153229 1.460076957941055 0.2143426090478897 0 0.1741580814123154 0 0.2068693488836288 0 0 0 0 0.4341921210289001 0 0.4097681045532227 0.4378302097320557 0.8085845410823822 0.1316163688898087 0.1787149608135223 1.267935119569302 1.679379284381866 0.7200782299041748 0 0.7841214016079903 0 0 33.47919139266014 0 0 0 0.1193104758858681 0.55497807264328 0.4825422465801239 0 1.381574243307114 1.523419439792633 1.200674265623093 0.4965482652187347 0.8936564773321152 0.3503332734107971 0 0.5222355499863625 0.2008855044841766 2.858342573046684 0.1857449263334274 0 0.2331849187612534 8.042069375514984 4.359798401594162 8.357207179069519 431.9437683746219 113.7458989098668 815.762785308063 158.0990618914366 479.3115634694695 114.9966360107064 18.96803870797157 250.9923703148961 14.10797970741987 0.2298077344894409 10.67690108716488 0.1437055468559265 17.20587587356567 0.8486946672201157 0 0.449300691485405 2.264500007033348 4.179875880479813
18.02692469954491 73.97079749405384 1.10236868262291 190.0245377123356 7.739953830838203 0 71.01091781258583 0.2084140330553055 8.172306537628174 523.6188063472509 1.990288764238358 216.670575350523 205.2147769629955 52.31108360737562 0.2872296273708344 0.6940377503633499 0.3127671778202057 0.1652431190013885 0 0 0 0.6734884232282639 0 0 0 0 0 0 0.9668868184089661 0 0.4508011937141418 0.2217255979776382 5.122773960232735 0 0 0 15.34167765080929 0.2152187675237656 0 0 0 0.1609348654747009 0 0 0 0.1251684427261353 0.4778639674186707 0.8969855159521103 0 0 0.9208110123872757 11.44140954315662 3.780252858996391 0 0.1182874292135239 1.410466842353344 79.71354475617409 5.880880117416382 1.556602999567986 0 0 0.378551110625267 0 0 0 0.4039802849292755 1.065000295639038 0.8417365252971649 0.3143145143985748 0 129.8284548819065 679.4023194164038 19.14468313753605 0.1370135396718979 0 0.6449103355407715 1.048993617296219 1.884107202291489 0.1328846663236618 1.239653378725052 0.1316794902086258 0.3809622526168823 0 3.697874337434769 0.5087715238332748 1.945735529065132 0.968645915389061 3.672916173934937 4.732079438865185 21.54989415407181 1.514489382505417 1.344933301210403 0.1521478891372681 0 0.7489938586950302 208.9503738433123 67.93820175528526 60.45333823561668 2.778389900922775 511.0397031903267 0 0 0.3439410030841827 0 0 0 0 0 0 0 0.6314064264297485 0.9840939939022064 1.773112148046494 2.111072868108749 0.234075739979744 1.562498360872269 1.09770368039608 0.1652447432279587 1.402767643332481 0 0 0.2487322241067886 0 0 0.2192279100418091 0.2376009076833725 0.312079519033432 0.6061257123947144 1.523949205875397 0.9544920772314072 0 5.350992634892464 6.839531764388084 0.2259702086448669 0 0.4123621135950089 0.4334537237882614 0.4498007446527481 0.8198228627443314 10.06544329226017 2.903044402599335 5.887023165822029 16.8595404624939 1.177156746387482 0.2271240204572678 0 0.2672936320304871 2.000380218029022 1.412619560956955 5.216390371322632 0 0 4.088028013706207 0 0 0 6.543862208724022 0 0.2539374232292175 0 0.2614137232303619 0 0 0 3.525631740689278 0.5957715064287186 0 0.5587176084518433 0.2915996909141541 0.5550057142972946 0.1314154118299484 0 0.1911245584487915 0.6561423540115356 0 0 19.7345007956028 19.47941228747368 0 0 0 0 0 0 1.407605081796646 1.7249895632267 1.251148641109467 0.1791043728590012 0.3486692011356354 0.2703631222248077 0 0 0 0 0.1348270177841187 0.1432761549949646 0 8.276590526103973 13.04505783319473 24.7228077352047 5.451301641762257 1.193765163421631 5.028143994510174 2.324857451021671 276.713346555829 5.04346476495266 0 5.259660877287388 15.61534054577351 0 11.28080733120441 0 8.25534088909626 0 0 3.183186233043671 0.2080657333135605 0
698.7119069844484 3989.791347764432 226.4917717576027 1428.876130729914 2362.830413781106 71.01091781258583 0 187.1532760411501 3714.606087401509 2930.060863673687 207.8037618249655 266.7990851700306 2985.038239166141 2781.20862043649 4.233486697077751 4.678924418985844 1.651055686175823 0.1533168852329254 0 0 0 0 0.2286088913679123 0.1342339068651199 0 2.256453424692154 0 1.318781167268753 2.872230269014835 0.143213614821434 270.6411975771189 75.66319312155247 2.987927258014679 0 0 0 2.381068974733353 0 0.3989629745483398 0.1512215286493301 0.1718234866857529 1.050797626376152 0 0.4141918867826462 0 0 159.2404337972403 28.98002146184444 1.801049530506134 0.3190041482448578 10.15883172303438 1.072337739169598 0.6176757365465164 2.934567153453827 13.03271606564522 110.649352170527 39.91891341656446 562.0695053040981 64.31559175997972 55.02408570051193 0.2601949125528336 0 0 77.06873904913664 44.21057290583849 22.16786022484303 14.26861003041267 1.64773690700531 0 0.4367274343967438 9.003067031502724 3.885893635451794 0.4833727478981018 389.7043081969023 261.7763460949063 239.4520764350891 137.1570593044162 25.57531233876944 0.3788363113999367 8.832999378442764 0 0.1316358298063278 62.71981440484524 10.60807868093252 32.80069345980883 99.56274760514498 4.591175653040409 2.160953253507614 20.85824808478355 2.582470051944256 4.119928672909737 0.530178003013134 1.626840397715569 1.482294604182243 1.292961373925209 617.5895585715771 1.42920970916748 0.1343462020158768 0 99.82985830307007 0.6600692272186279 0 0.7742002010345459 1.457367241382599 0.830619752407074 5.718519628047943 4.717929840087891 10.10595943033695 9.726701065897942 16.20342901349068 1.942627102136612 75.08421111106873 66.46823936700821 46.7928826212883 5.559509366750717 4.871728673577309 3.654255449771881 0 0 0 0 0 0 0 0 0.3355872929096222 0 0 0 0 0 0 0 0 0.3987101465463638 1.335713922977448 0 0 0 16.43424679338932 2.626726597547531 9.115736097097397 3.594941735267639 0 0 0 0.152734637260437 1.95660038292408 1.455407202243805 0.9290208220481873 0 2.634243786334991 13.30697666108608 0.7913373932242393 0 0 0 0.1410174369812012 0 0.4537409543991089 0.1892589032649994 0 0.1738398224115372 0 2.260350167751312 0.2798913419246674 4.625287801027298 0.62884221971035 1.912876754999161 0.6529118567705154 1.857635989785194 1.311100646853447 0.6251068562269211 1.103838637471199 0.118139237165451 0 145.7372259795666 0.7013244032859802 0 0.2016962617635727 0.5663432106375694 1.935653537511826 0.39047971367836 0.3628656566143036 4.131007015705109 5.030359506607056 5.21656733751297 2.593580663204193 0.7415588945150375 1.361479021608829 0.175082802772522 1.23909642547369 0.6482432782649994 4.230047628283501 0.293186642229557 0 0 44.82842603325844 16.1597887724638 18.80983471870422 754.6961524412036 209.6735921725631 1331.888118170202 274.7024081870914 1278.712504155934 206.0030277296901 27.62287854403257 477.0838542729616 42.90965783596039 2.338544331490993 22.86685019731522 0.2858040928840637 59.9890946149826 3.783705860376358 0.8749848008155823 3.001155853271484 5.413369342684746 6.974684871733189
18.15583617985249 566.2328070998192 1870.448199398816 0.3617576360702515 211.3984305411577 0.2084140330553055 187.1532760411501 0 2267.130602866411 6.335441410541534 2907.295153908432 9.2335304915905 230.5905961319804 1063.329605847597 9.000077120959759 36.95651858299971 64.42382215708494 11.06024028360844 4.904412679374218 9.873949930071831 9.163955107331276 0.4235038608312607 7.520777262747288 4.343393713235855 31.69125561416149 7.97863232344389 12.11862457543612 3.791105598211288 1.699299812316895 0.3007993251085281 352.9508349001408 3193.356227815151 61.79877749085426 6.993045568466187 18.33996083587408 34.58424185961485 75.30192919075489 17.22098754346371 2.428545653820038 7.608524978160858 82.82100561261177 7.749113701283932 26.37127391993999 25.48820404708385 43.02811492979527 73.31704461574554 117.6427756994963 56.87582367658615 32.17788138240576 95.96680714190006 44.06028968095779 2.976394109427929 1.120712071657181 4.078248485922813 4.334583602845669 27.42917620390654 7.795760415494442 229.4083120301366 14.46410278975964 33.78934772312641 74.06929412484169 63.66128292679787 63.37503229826689 682.599032253027 12.68946021050215 38.07322301715612 17.862593986094 90.75359231978655 181.1551894545555 193.9192363768816 79.00523303449154 2.455774083733559 0.6807094588875771 95.56298266351223 213.127983994782 124.5833334326744 483.7320692613721 930.958218626678 630.7197619006038 2136.767504163086 255.1746291071177 1309.065383963287 25.67874263972044 2.051495671272278 16.02056512981653 27.50462708622217 177.28911986202 0.7969039678573608 8.897860422730446 3.819549553096294 8.60194955021143 2.947150111198425 55.74391179531813 18.72484545409679 6.738628961145878 15.58956474065781 11.3061011955142 0.3794127628207207 10.29931229352951 6.048054628074169 0 0 0 0 0 0 0.256748229265213 0 0 0.2096798568964005 0 2.702976584434509 1.573812216520309 0.4375132620334625 0 0.2425484955310822 0 0 0 0 0 0.4013540595769882 0 0 0.3601614534854889 1.06553603708744 0 0 0 0.2060103714466095 0.3498782515525818 0 0 0 0.8762613534927368 0.6491889357566833 0 0 0 0 0.5951560139656067 0 0 0 0 0.1212564781308174 0.1350993365049362 0.1986491084098816 0 0 0 0.8260626494884491 0.3828151524066925 0.1343635469675064 0 0.1335558742284775 1.018703699111938 0.1201524659991264 0 0 0 0 0 0 0 0 0 0 0 0.4467339441180229 2.237641625106335 2.287483841180801 0.9610882103443146 5.426856815814972 0 0.5732300654053688 3.137367889285088 0 0.191173329949379 1.385324373841286 1.411069460213184 0.4401429891586304 0 0 0.4214067161083221 0 0 0 0.255782276391983 1.40398596227169 0 0.2269427627325058 0.59410360455513 5.422676004469395 2.662265606224537 0 0 0.8939082026481628 1.367419064044952 1.076349124312401 261.3090330511332 67.51222968101501 582.405470021069 116.7792900726199 61.69057546555996 34.7695302516222 4.956338338553905 134.7833730205894 6.681342415511608 1.835611388087273 1.464128874242306 0.2066333517432213 1.904121100902557 0.1255053728818893 0 1.638742804527283 4.543006807565689 3.684245467185974
75.31840083748102 4343.456649415195 1386.421779803932 62.35273173451424 4021.575037255883 8.172306537628174 3714.606087401509 2267.130602866411 0 139.5239111930132 4770.789873838425 69.10825958102942 759.197148039937 3343.945102490485 6.945469684898853 16.77364192903042 2.031338557600975 0.1664142906665802 0 0.4985067695379257 1.370670795440674 0 0 0.8936047255992889 7.346014127135277 3.294434368610382 1.21126501262188 1.422960892319679 0.7759743183851242 0.1044774577021599 386.8298818469048 106.8610724508762 312.5865976512432 0.09720566123723984 0.2027383744716644 4.433650016784668 129.9578782692552 18.22428999841213 1.973549708724022 6.122167572379112 1.812287703156471 1.237145587801933 1.104952111840248 1.172269254922867 0.2123016268014908 0 95.9187405705452 12.47089371830225 0.6739529818296432 0.5412086993455887 4.361396454274654 0.7556050568819046 0.2986012101173401 2.517088137567043 6.146948449313641 34.1924341917038 10.20066525787115 187.5852932482958 19.01396900415421 30.8079429268837 0.2738508880138397 48.85811164975166 0.5557049065828323 45.34179245680571 16.90541338920593 8.602494344115257 6.691127799451351 1.601626433432102 0.1463187634944916 0.4404489696025848 155.6494545787573 15.02448865026236 0 104.3250014707446 87.6091283261776 98.71627578139305 175.366962954402 48.80582269281149 5.935225136578083 65.31828022003174 0.1699298024177551 6.497581511735916 27.34613994508982 3.677514001727104 14.59780918061733 32.43546104431152 2.326763115823269 0.7595809698104858 8.601746320724487 0.6935120075941086 2.589490808546543 0.6805588603019714 1.420107901096344 2.334341570734978 0.6591162979602814 363.7902593612671 5.485484689474106 0.3439024016261101 2.696943745017052 17.93986097723246 0.5710771083831787 0 0 1.163074806332588 0.6282345950603485 3.35701322555542 0.4032330811023712 10.50137141346931 4.443589523434639 7.89447295665741 2.331248611211777 44.87968710064888 39.60157287120819 36.81211033463478 5.462323531508446 1.724381521344185 3.448180317878723 0 0.2410103380680084 0 0 0 0 0 1.309173315763474 0 0 0 0 0 0 0 0 0 0.9701079428195953 0 0 0 0 10.07130967080593 1.720748201012611 2.893612459301949 1.249609261751175 0.3767834305763245 0 0 0 0.3175229430198669 1.216225445270538 0.2462965101003647 0 0.9969208091497421 7.270860999822617 0.3159852027893066 0 0 0 0.1228926703333855 0.2356720715761185 0.5293617248535156 0.1122476160526276 0 0 0 0.9856705963611603 0.711153507232666 1.202720314264297 0.5730223059654236 0.2266003042459488 0.4398339092731476 0.5502909570932388 1.063033550977707 0.5206188708543777 0.3331215158104897 0 0 83.17432163655758 1.585909754037857 0 0.1312734037637711 0.2456819787621498 1.93419548869133 0.4636540710926056 0.2671656012535095 4.948513239622116 4.889621391892433 7.476777419447899 0 1.406598508358002 1.160397380590439 0 0.1324416548013687 0 1.645370043814182 1.002898365259171 0.1732884794473648 0.1377515941858292 30.4184018522501 11.35562941431999 20.60494920611382 633.1973976120353 131.179927945137 729.3575589135289 210.9627973139286 327.4168619960546 77.92525227367878 17.45848961919546 404.4314825534821 43.74095924943686 0.4988111332058907 18.08568538725376 0.9119658768177032 35.93330070376396 1.859820410609245 0 2.648234069347382 5.227194331586361 5.432415261864662
1292.477351754904 589.2429276257753 9.337118342518806 1272.023786619306 230.8304942250252 523.6188063472509 2930.060863673687 6.335441410541534 139.5239111930132 0 6.305111728608608 2188.110765874386 6318.180726036429 1626.920135110617 0.8200409710407257 2.505349367856979 0.8438396602869034 0 0 0 0.2475125938653946 0 0 0 0.6117426604032516 0.5825294554233551 0 0 0.1560205668210983 0 48.06628127396107 2.130614414811134 13.8483215123415 0 0 0.9110320210456848 27.87033443152905 0.9060997068881989 0.606454536318779 1.151455163955688 0.2530347406864166 0 0 0.5270829051733017 0 0 19.23070085793734 2.166194602847099 0 0 0.5364259332418442 0.1222705021500587 0 0.1416139900684357 2.948918528854847 27.27169805020094 31.69810862839222 212.7535880804062 25.12618765980005 6.539296858012676 0 1.136546611785889 0 3.929326385259628 5.478790536522865 3.457193106412888 1.927206322550774 0.1036621034145355 0.1563740223646164 0 167.3041229397058 8.677943974733353 0.6053792238235474 126.2612200751901 41.48715067654848 33.53653012216091 15.76831141114235 10.2213154733181 0 1.728990845382214 0 0 10.00023552775383 1.285114616155624 5.48694359511137 15.62361023575068 0 0.3757055550813675 2.481098972260952 0.3055818527936935 0.1149953678250313 0 0.1464501619338989 0 0 1692.152920722961 2.210237860679626 0 0.4364287853240967 420.3228548690677 0 0.2177221924066544 3.269349053502083 3.769484624266624 0.6157435774803162 12.06545406579971 6.196300864219666 12.24167264997959 12.32912202179432 17.18073570728302 3.096249356865883 76.33105498552322 74.53609038889408 61.18396519124508 3.898143962025642 3.131691306829453 4.189297914505005 0 0.1909186989068985 0 0 0 0.289899617433548 0 0 0 0 0.8443424701690674 0 0 0 0 0 0 0.4947980344295502 0.8604119718074799 0 0 0 11.21805204451084 1.339697539806366 4.29735092818737 1.886048853397369 0 0 0 0 0.1696195304393768 0.7636590749025345 0.4342037737369537 0.4047445356845856 2.332536250352859 9.457327544689178 0.6333804428577423 0 0 0 0 0 0.2482568919658661 0 1.507362775504589 0 0 0.6739152073860168 0 3.724352866411209 1.081507727503777 0.3492109179496765 0.4051882699131966 0.1337524354457855 0.1207949668169022 0 0 0 0 111.9284343123436 0.5413272976875305 0 0 0 3.665008962154388 0.6310936510562897 0.2150760740041733 5.472472280263901 8.128056675195694 9.841338083148003 0.1905065625905991 1.516880691051483 0.3016409873962402 0.1898789256811142 0 0.1205375194549561 0.3382678553462029 0 0 0 43.36010666191578 12.47041556239128 18.3747975975275 241.1962350904942 18.66670469194651 174.4462573975325 28.93438237905502 1178.750751420856 30.71315163373947 2.361106939613819 64.93536280840635 20.67843648791313 0.1896790266036987 24.46389951556921 0 60.32728484272957 3.965474292635918 0 1.486999809741974 0.9977594316005707 0
147.3304009735584 5100.993754930794 4394.876068651676 5.644767351448536 1117.351127430797 1.990288764238358 207.8037618249655 2907.295153908432 4770.789873838425 6.305111728608608 0 22.91349910199642 456.4934525862336 1957.00834056735 15.05741073191166 37.14306054264307 9.542687505483627 1.469175271689892 0.5964992269873619 7.043912842869759 5.985152743756771 0.1412932872772217 3.797128401696682 2.432995870709419 51.49325636029243 11.50613411515951 16.17337559908628 5.986165575683117 1.972811333835125 1.227709084749222 833.7565202713013 577.8217820450664 391.3614985346794 2.195349432528019 8.575947679579258 55.00047632306814 242.0297733694315 81.57653564959764 7.510452061891556 22.54359868913889 45.49969772994518 2.7053167745471 4.288724154233932 7.359749995172024 5.877697661519051 7.502736084163189 89.99866098165512 17.1159378439188 1.790532253682613 8.164517723023891 13.88872960954905 1.947901837527752 2.016325213015079 2.101858519017696 5.626764848828316 32.66590232402086 13.83986949175596 319.6533016711473 20.46282283961773 27.70847946405411 5.074301920831203 237.8297431394458 15.26763414591551 87.43674875050783 14.40672163665295 10.90658437460661 5.799170330166817 14.50283133238554 25.48929038643837 43.56345757842064 247.5835639238358 7.784456893801689 0.2690256163477898 104.5412536337972 116.284068800509 113.7330924123526 202.9101233407855 154.1625501066446 74.18582737445831 342.6140773892403 5.894383907318115 27.7973490729928 21.21416158229113 2.202887184917927 11.91180578619242 30.98027037084103 14.79858414828777 0.3802105933427811 7.378921590745449 1.107513003051281 2.645437479019165 0.8122446537017822 21.31479565054178 6.226780459284782 0.920524001121521 72.98076520860195 12.98844636231661 0.2385406270623207 18.52826374769211 38.70325098931789 0 0 0 0 0.2358725666999817 1.14087638258934 0 0.6727792024612427 0 0.2850548923015594 0.2161418199539185 3.716781005263329 6.134796246886253 4.745050013065338 0 0.6927405893802643 0.8334349691867828 0 0 0 0 0.1264387518167496 0 0 0 0.7765991389751434 0 0 0 0 0.1702136397361755 0.4155444800853729 0.5138709023594856 0 0 0 0 0 0 1.642603293061256 0.6059974282979965 0.4307447820901871 0.2078837603330612 0 0 0 0 0.5976167321205139 0.1456596106290817 0.3830952644348145 0 0.1605083793401718 0.9425021708011627 0.446248859167099 0 0.1494009643793106 0.3340654671192169 1.698943883180618 0 0.2801962494850159 0 0 0 0 0.5234026312828064 0 0 0 0.3341702520847321 0.2930056750774384 0.7221299260854721 1.304987341165543 0.166191965341568 0.9946121424436569 0 0.3317595794796944 16.14790138602257 0.312448188662529 0 0.3627675622701645 0.2302117571234703 0 0 0 0 0 1.048979520797729 0 0 0.2130578309297562 0.2278102338314056 0.0937398225069046 0 2.714860007166862 0.5372303947806358 0.1362458169460297 0.2636433616280556 4.391977280378342 2.174011036753654 3.222575038671494 329.4403268247843 103.6869302242994 501.7133811116219 155.6934738829732 129.3415602147579 50.42576432228088 11.0650518015027 203.2388972342014 16.83311782777309 0.0957917794585228 3.580971270799637 0.1174677759408951 9.11420027166605 0 0.4462700188159943 2.081714496016502 7.425882861018181 4.835836201906204
244.9449847787619 50.78536935150623 6.811616525053978 945.4248734265566 12.08423957228661 216.670575350523 266.7990851700306 9.2335304915905 69.10825958102942 2188.110765874386 22.91349910199642 0 3008.545587971807 992.4581100642681 1.840374901890755 8.403575576841831 0.6911696642637253 0 0 0 0 0.1736389398574829 0 0 1.725957959890366 0.3971213698387146 0.2795524299144745 0.2395334541797638 0 0 4.337827801704407 1.085180811583996 47.1303403377533 0 0 1.201553225517273 120.1270036250353 3.834603369235992 0.222622886300087 3.426848128437996 0 0.363853320479393 0 1.231190070509911 0 0 12.34198119491339 0.8598018139600754 0 0.6011355966329575 0.3617905080318451 0.2536980211734772 0 0.1722642630338669 0.7703711539506912 2.824108630418777 3.815087273716927 14.30936659872532 3.625247433781624 2.037671238183975 0.2090588063001633 10.0364485681057 0 0.4121495187282562 1.616654321551323 0.289174884557724 0.2413756176829338 0.3605200424790382 0 0 328.1931499689817 33.88083325326443 0 11.14985127747059 3.471790656447411 8.834079660475254 29.20754782110453 17.8996901139617 0.6170029640197754 6.344766974449158 0 1.621813550591469 1.829887486994267 0.6080325320363045 0.2256685122847557 1.412816420197487 0.2698912173509598 0 0.4057352244853973 0.1831416487693787 0.1348885595798492 0.1559496372938156 0.286164328455925 0.4068105965852737 0.1516777724027634 1757.126023262739 21.8525263518095 2.415053963661194 8.675762817263603 56.02342465519905 1.578971639275551 2.344835102558136 0.7793667912483215 1.600692987442017 0.3659342974424362 9.64563399553299 4.965722054243088 11.52483086287975 8.460083305835724 14.88209615647793 3.821293100714684 75.45469410717487 55.19093646109104 54.5923768132925 7.650860264897346 3.477890133857727 7.496683962643147 0 0.5051597952842712 0 0 0 0 0 0 0 0 0.9252045750617981 0 0 0 0 0.8308348804712296 0 2.27254518866539 0.4721159189939499 0 0 0 25.02442352473736 5.845045804977417 9.390069752931595 5.406146362423897 0.274393230676651 0 0 0 0.3402902185916901 1.740925893187523 1.960844546556473 0 5.174026131629944 15.80417310446501 0.927085280418396 0.5777723044157028 0 0 0 0 0.74976846575737 0.1572456806898117 2.507153749465942 2.348903864622116 0.7969302535057068 4.219526261091232 0.4619986116886139 3.617370679974556 0.8743577599525452 1.782678321003914 0 0.5738214179873466 0 0 0 0 0.4778608828783035 163.856447905302 0.8022418618202209 0 0 0 4.5035600066185 1.161618992686272 1.775057941675186 6.246633812785149 7.196818441152573 7.008990883827209 1.99212733656168 2.283159121870995 0.1891318261623383 0 0 0 0 0 0 0 57.2132983058691 18.15225660800934 31.05943755805492 247.3096137940884 16.07509323209524 86.18940107524395 31.84277679771185 319.3098759353161 8.059901610016823 0.9139713868498802 98.64150853455067 46.01628334820271 0.1867245584726334 52.83203639090061 0 76.74985548853874 2.397269904613495 0 4.614603817462921 1.743942514061928 2.819107487797737
432.8145746737719 468.5248477160931 204.1901371330023 2367.22832813859 37.05978248268366 205.2147769629955 2985.038239166141 230.5905961319804 759.197148039937 6318.180726036429 456.4934525862336 3008.545587971807 0 3243.672740921378 11.26751888543367 34.19347305595875 4.340606831014156 0.1852947026491165 0 0.5316758453845978 1.215970858931541 0.09894418716430664 0.6046570986509323 0 3.438965857028961 2.526881977915764 0.6027624607086182 1.862392701208591 2.683520898222923 0 53.06343115121126 40.67521461844444 479.4154867380857 0 0 14.65973778069019 482.5928321629763 36.30845142155886 9.267811253666878 52.95095423609018 1.556481882929802 0.9213503152132034 0 5.184211649000645 0.4074184522032738 0 91.7871518433094 6.82708415389061 0.9377478510141373 0.4353547543287277 5.20197007805109 1.471276104450226 2.414975188672543 2.034270092844963 2.112825870513916 20.00369272381067 9.969478137791157 91.6358704417944 13.5262001529336 18.08254931867123 0 21.14483112841845 0.132256031036377 16.07616813480854 6.481228388845921 6.315514788031578 4.373817510902882 0.9638190940022469 0.4420243799686432 2.007706061005592 727.8624372780323 37.66660864651203 0.3910764828324318 63.68093490600586 44.51708543300629 64.23227898031473 196.6245008707047 80.54929774999619 0.5239483043551445 41.34117236733437 0.7087303549051285 2.132471203804016 15.49513590335846 1.229329861700535 9.801974423229694 17.10501457750797 1.552905015647411 0.2132589966058731 5.699227131903172 0.9865670204162598 3.09017501026392 0.3800358027219772 2.482669427990913 2.436087042093277 2.026310473680496 2572.756102159619 19.86073045432568 0.9760066345334053 12.43860866129398 82.12797196209431 1.082854598760605 1.253285884857178 0.9483685493469238 1.800501763820648 0.6538037210702896 13.67793357372284 4.684326484799385 18.15905767679214 14.60512624680996 24.89303921163082 7.802937015891075 118.6719880700111 104.5095957517624 83.9878444224596 14.13147674500942 5.098574951291084 8.38488233089447 0 0.9838961511850357 0 0 0 0 0.6450065970420837 0 0.402809202671051 0 0.9394456446170807 0.6238023042678833 0.3719766438007355 0 0.5366759300231934 0 0 1.130427777767181 2.842187777161598 0 0.1622619330883026 0.8820642828941345 26.05582562088966 6.97496609389782 11.22748538851738 9.656862318515778 0 0 0 0.2165915966033936 0.6253785938024521 2.526952803134918 6.193383172154427 0.5391153693199158 4.984933242201805 18.13000721484423 2.106031581759453 0 0 0 0.6916211098432541 1.227458521723747 1.311373054981232 0 2.256270065903664 4.227205842733383 0 5.994125589728355 2.447274968028069 4.698399811983109 1.355052202939987 2.339663311839104 0.6907462328672409 0.1068290024995804 1.021292150020599 0 0.577888585627079 0 0.3007633984088898 292.7000205218792 4.274476885795593 0 0.2467012628912926 0.1245375424623489 3.996854275465012 1.931157618761063 3.573675885796547 11.38537361472845 12.28796537220478 16.28535101562738 4.251950085163116 3.027801483869553 2.049575507640839 0.4921121299266815 0.2206242457032204 0 0.5441797822713852 0.3694778606295586 0 0 119.4843983650208 31.72255019843578 42.5692777633667 688.4686549305916 137.7899029403925 522.5687177479267 214.5041124522686 577.7310656383634 52.67758007347584 16.13948577642441 414.7180259749293 66.97869380563498 1.095132566988468 54.31915278732777 1.328078210353851 111.8153618127108 6.149481162428856 0 13.64336979389191 8.688948437571526 5.758183345198631
