0 5252.013457611203 785.9663173779845 1194.894108839333 455.484516620636 138.5113515853882 826.9118387848139 178.7688062265515 87.68654680997133 705.5842080563307 283.5518656522036 13.98805417865515 49.15180144459009 86.59540657699108 4.171828679740429 0.1612340062856674 0 0.2322820201516151 0 0 0 0 0 0.09953068941831589 0 0 0.1212479546666145 0 0.122777059674263 0 2278.835120886564 8.150196380913258 4.92122195661068 0 0.4097650498151779 0 2.869008436799049 0.6918879672884941 0 0 0.9661188647150993 0.1444046199321747 0 0.1087778583168983 0 0.4203708991408348 39.41420346498489 3.595097422599792 0 0.6711044013500214 0.09721702337265015 0.6345163956284523 0 0 4.431480199098587 13.54868979752064 160.3304831460118 1978.689450241625 29.03973685204983 39.71619733422995 0 0.9880555644631386 0 11.58313657343388 6.171206139028072 0.7195794656872749 0.4537687450647354 0.1005280688405037 0.6335723549127579 1.980761669576168 12.38662537932396 10.44569483399391 0 163.494769833982 57.89209081977606 48.32592190057039 2.06073223054409 1.227995753288269 2.297264590859413 10.41144620627165 0 1.388713009655476 15.49010445177555 0.2095278203487396 2.084990814328194 5.087779186666012 0.2151925936341286 0 0.4687969088554382 1.668645322322845 0 0 3.212151542305946 0.1569266319274902 0 101.4948424994946 6.273802563548088 0 1.869957432150841 570.9883420020342 0 0.2302690297365189 0.2907921373844147 0 0 13.04301823675632 0 0.4170805811882019 31.36164236068726 2.850027233362198 0 3.700371563434601 1.007298722863197 1.062669977545738 0 0 0 0 0 0 0 0 0 0 0 0 0 0 0 0 0 0.1001903414726257 0 0 0.8808885216712952 0 0 0.1701107323169708 0 0 1.032798662781715 0.9786126017570496 0.4095365107059479 0 0 0 0 0 0.3743776977062225 0.1978377103805542 0 0.2577689588069916 0.5265347063541412 0 0 0 0.1185120269656181 0 0 0 0.1948631927371025 0 0 0 0 0 0.4685439020395279 0 0 0 0 0 0 0 0 0 2.105028659105301 0 0 0 0 0 0 0 0.3530473858118057 0 0 0.1673742085695267 0.4912118464708328 0 0 0 0 0.1067135855555534 0 0 0 2.172258742153645 0.6858026087284088 1.502783104777336 33.61125320196152 3.989367328584194 29.29559503495693 10.41516321897507 1000.93308352679 4.663031116127968 1.371811129152775 5.833883240818977 1.808172807097435 0.1837064996361732 0.8391297459602356 0.5076706558465958 1.654689341783524 0 0 0 58.49947628378868 0
5252.013457611203 0 2325.059917829931 1213.541702255607 2959.249235063791 184.5425990074873 4854.071048244834 521.0469604432583 1169.402748301625 1254.028160303831 988.1663409695029 30.27417552471161 320.9883384183049 325.3908135816455 27.15279823541641 0.668953001499176 0.7103653028607368 0.8493604809045792 0.151647686958313 0.670293964445591 0.3702975288033485 0 0.3675615787506104 0.3042215555906296 0.556002601981163 0.4995166063308716 0.7265987545251846 0.4583102315664291 0.7286047339439392 0 4259.290898285806 47.22183759510517 6.927449643611908 0.1028633788228035 0.1874565333127975 0.1534756124019623 3.911464437842369 0.7027052044868469 0.3663274794816971 0.3100793808698654 2.46199756115675 0.4590272158384323 0.1492313593626022 1.676784835755825 0.5570876896381378 1.94930000603199 204.8324848860502 15.43863455206156 1.197544425725937 1.199446320533752 2.393044002354145 0 0 0.2701788023114204 17.0656181126833 42.10305078327656 55.73448663204908 1220.202300570905 16.52708605676889 130.5090415924788 1.724960424005985 0 0.3587345108389854 62.12368685007095 29.44035315513611 6.425043866038322 1.920277088880539 0.5162817686796188 0.22002112865448 4.418517395853996 9.691543325781822 1.544257536530495 0 244.521748110652 300.4131631925702 241.5065307095647 26.89538297057152 2.170009858906269 7.543898604810238 22.96182382106781 0.8597218543291092 6.929982908070087 74.4599147066474 2.853008694946766 7.819124199450016 22.79008322954178 3.747238665819168 0.1464668363332748 1.003301993012428 0 0.2442175000905991 0 3.661423400044441 0.295230433344841 0.2165275812149048 83.51086813211441 3.479665815830231 0 0.1688556969165802 657.6081971675158 0.4319092780351639 1.414514183998108 0.3577937185764313 0.2394510060548782 0.1782457828521729 90.26882202923298 2.965903431177139 7.495182052254677 110.8696162551641 16.29121126234531 0.7674141079187393 38.77809010446072 20.05549316108227 19.1260749399662 10.93915590643883 0.6204363703727722 1.354955486953259 0 0 0 0 0 0 0 0 0 0 0 0 0 0 0 1.377870365977287 0 1.849201783537865 0.2897292375564575 0 0 0 5.386355355381966 0.1019839122891426 6.44363571703434 3.43494513630867 2.502569913864136 0 0.2543648481369019 0 0 0.5853698253631592 0.9075524657964706 0 3.619227409362793 9.070172242820263 0.2109147161245346 0 0.1220544502139091 1.147570177912712 0 0 0.1400079429149628 0.171239010989666 1.855508804321289 2.557204127311707 0 0.9523557126522064 0.1258990317583084 6.041451632976532 0.6797771751880646 0 0.6918904036283493 0 0.3759505748748779 0 0 0 0 14.6917710006237 0.9857603460550308 0 0 0 3.287142515182495 0.6621169447898865 0.9901534765958786 4.301823392510414 5.082011133432388 7.042149275541306 0.9748152196407318 2.598334118723869 0 0.1051753535866737 0 0.1060381159186363 0.112753838300705 0.1187408491969109 0 0 9.428770884871483 11.04822407662868 2.721027031540871 394.6511910408735 24.53152838349342 214.0787358507514 34.71186991035938 898.0436655953526 29.39647585898638 3.56540434807539 41.17937164008617 10.18355277180672 0.7150982022285461 8.032963782548904 0.6122608706355095 16.49978673458099 0.6477688401937485 0.1195070520043373 0.36388099193573 73.22198887169361 0.666031613945961
785.9663173779845 2325.059917829931 0 92.01910272240639 1890.28386361897 4.755935847759247 508.4622062221169 3226.95915234834 3710.472990460694 45.42586264759302 4629.486617989838 16.52799978107214 531.5653414875269 1201.244924649596 27.81700177490711 11.72283796966076 2.512260630726814 10.8815621137619 1.120985791087151 32.67762087285519 42.49502159655094 0 8.194024860858917 9.88232396543026 12.82845556735992 7.907377615571022 4.095060221850872 1.668227523565292 0.1665801107883453 0.443654328584671 7233.963128484786 898.641840621829 12.66476739943027 1.330278754234314 20.75073155760765 9.981228679418564 10.4409758374095 6.490279912948608 0.4870156347751617 1.302693657577038 224.4958546236157 12.88649101555347 9.857908651232719 11.04724241793156 0.934795968234539 26.16651214659214 109.9938186481595 13.28323087841272 1.744498737156391 27.37635685503483 6.023837208747864 0.5904940068721771 0 3.150393977761269 7.621903739869595 20.38493181765079 29.84392019361258 947.2570178061724 6.661713823676109 64.45622579008341 139.3379645571113 10.13996661454439 13.72695880383253 751.7011556848884 11.74780946969986 15.05792409926653 1.99148515611887 20.38777381181717 28.89763590693474 342.5415055528283 10.78380733728409 5.286720886826515 0 125.9104873165488 279.3646423146129 176.1825630664825 75.30268318206072 22.68762258440256 311.8438735753298 521.9040876701474 100.7448301538825 400.0383995324373 30.33197125047445 0.3651024401187897 9.357923470437527 9.496813677251339 54.82990673929453 0 1.51443887501955 0.9992817565798759 0.8076408803462982 0.4589817523956299 189.6276002004743 5.253470823168755 2.790636472404003 36.13975857198238 2.078214675188065 0 2.022544726729393 224.0226146876812 1.176651284098625 0.2290652394294739 0.8407059907913208 0 0 17.80070215463638 0.4071062207221985 1.480103820562363 4.644706383347511 3.794521778821945 0.8190349340438843 14.14674507081509 9.394551381468773 15.75610868632793 7.288585126399994 1.243750184774399 0.6565902829170227 0 0 0 0 0 0 0 0.1477962285280228 0 0 0 0 0 0 0 0.4172773361206055 0 0.4462218284606934 0.2523788213729858 0 0.1757190972566605 0.3974363803863525 5.967210501432419 0.2622343823313713 5.6767403408885 1.727620556950569 0.2896850109100342 0 0.2286637276411057 0 0.2095568031072617 0.5862373411655426 0.4320007637143135 0.1355113536119461 2.104851499199867 5.354550339281559 0 0 0.4637501686811447 0 0.1416235417127609 0.3621379807591438 0.4708920419216156 0 0.8956554681062698 3.00928607583046 0 0.3006244301795959 0 7.01133768260479 0.2484654933214188 0.3133188188076019 0.1075220704078674 0 0 0.4098062217235565 0 0 0.4546058773994446 16.30218571424484 1.809968814253807 0 0.1637979447841644 0.4919347614049911 1.886911302804947 0 1.249919772148132 2.102541223168373 3.104141175746918 2.153332874178886 1.037297025322914 0.68305404484272 0.1049773991107941 0 0.2568652331829071 0.1937160193920135 0.8852737620472908 0.340303435921669 0.1594327390193939 0.2565920948982239 10.90016263723373 7.351582214236259 4.464797303080559 149.2686652764678 18.99006444960833 112.6387007832527 24.05784507840872 128.2729586660862 15.56211146712303 0.8041738346219063 32.61213035881519 5.082200117409229 0.2106589004397392 6.245100915431976 0.1652466207742691 4.106590315699577 0.2782189846038818 0 1.693053126335144 3.848603911697865 0
1194.894108839333 1213.541702255607 92.01910272240639 0 126.3441246971488 724.4800255000591 1111.082295246422 6.697645492851734 11.3087871670723 2758.370498530567 5.181216478347778 241.948946133256 1447.538431182504 7.170915693044662 3.838270477950573 0.1866330802440643 0 0 0 0 0.1382151544094086 0 0 0 0.2874081879854202 0.08909947425127029 0 0.2224791347980499 0 0 386.4578417018056 1.215049579739571 2.656439021229744 0 0 0 1.367392420768738 0 0 0 0.09742289036512375 0.1439304202795029 0 0.3546264320611954 0.1189004182815552 0.2604883089661598 34.62821550667286 1.647229939699173 0.2431289032101631 0 0.1217769384384155 0.1788378804922104 0 0 2.147704862058163 8.773140415549278 22.45839040726423 341.9675146639347 4.525420963764191 26.59864234179258 0.3912186846137047 0.1315701454877853 0 5.48831170797348 5.916058197617531 1.664985552430153 0.4300919026136398 0.2809804156422615 0 0.3368694111704826 5.187957189977169 0 0 64.35765122622252 44.08363141864538 39.16391864418983 1.922760553658009 0.3106144219636917 0.1247240304946899 2.721917003393173 0 1.032165765762329 13.27826022356749 0.3573684468865395 1.555975683033466 4.28467969596386 0.6265903413295746 0.1170763820409775 0.1102475076913834 0.9656624421477318 0 0 0.7033914625644684 0 0 142.3138693869114 0.5375813543796539 0 0 112.666326135397 0 0.4171499609947205 0.4819748997688293 0.2637603878974915 0 32.33948269486427 0.4436774700880051 1.322267100214958 58.6019249856472 5.364069297909737 0 15.89222818613052 7.438571587204933 8.42258508503437 2.351873934268951 0 0 0 0 0 0 0 0 0 0 0 0 0 0 0 0 0 0 0 0 0 0.5494574904441833 0 0 0.1605798751115799 0.8893248438835144 0.779724508523941 0.6495674699544907 0.8828513622283936 0 0 0 0 0 0 0 0.892198920249939 2.691395163536072 0 0 0 0 0 0.3558747470378876 0.5689727663993835 0 0.6038184314966202 0.3738428354263306 0 0.8904890418052673 0 3.620726197957993 0 0.1712139993906021 0 0.1066482067108154 0 0 0 0 0 6.606158420443535 0.3256571888923645 0 0 0 0.6250848770141602 0 0 2.353739231824875 0 0 2.677502781152725 0 0 0 0.0970323234796524 0 0 0 0 0 2.545915797352791 0.3398875594139099 0 41.65520869940519 4.788628876209259 25.147435978055 7.279983758926392 1049.037851892412 1.684589937329292 0.3833874240517616 3.283162496984005 0.517106682062149 0.3150506988167763 1.875331088900566 0 6.409152805805206 0 0 0 212.7343762814999 0
455.484516620636 2959.249235063791 1890.28386361897 126.3441246971488 0 7.123378708958626 4059.002014681697 75.22475098818541 7890.896998666227 160.4155064970255 614.6026997789741 45.33948510885239 435.5497605055571 325.7618761435151 24.56062801927328 0.6997797042131424 0.8134492784738541 1.363882139325142 0.287543997168541 0.3463009595870972 0.3506906479597092 0 0 0.2619011029601097 0.1475178003311157 0.3302731364965439 0 0.6218867674469948 0.7712059319019318 0.1532884687185287 578.7127319276333 10.28744122385979 6.916074454784393 0 0.113194465637207 0.3029927909374237 4.25890002399683 0.5411709398031235 1.663241870701313 0.227119468152523 0.7230222895741463 0.994928702712059 0 0.5925385355949402 0.355049155652523 1.456151865422726 201.423779502511 15.06623632460833 0.9734763205051422 0.6818078011274338 2.272455804049969 0 0 0.4424989521503448 13.42181367427111 35.98767285048962 16.05020724982023 223.0779627338052 6.631438300013542 78.89876642823219 1.469299077987671 0.8163860067725182 0.202506348490715 46.04660909622908 22.91975462436676 6.069433368742466 1.900322444736958 0.4684546589851379 0.1452198028564453 1.729167938232422 11.71260537207127 4.070506364107132 0 111.8470664992929 209.447948358953 242.3607337772846 53.64054879546165 0.7674508169293404 1.015454724431038 9.637143053114414 1.23084581643343 2.15515574067831 58.93818727135658 0.5206927880644798 8.512223273515701 17.43731819838285 3.283367745578289 0.5147156193852425 0.6927235797047615 0 0.3233560398221016 0.4363414645195007 2.251416027545929 0.3878981918096542 0.7416424155235291 63.94814684987068 2.38095797598362 0 1.599647209048271 33.91066569834948 4.627517253160477 1.67757710814476 2.301400035619736 0.8287314772605896 1.650928258895874 91.1922015696764 4.630208402872086 15.37481485307217 37.55164711177349 29.30928259342909 3.354660302400589 106.3720620125532 67.16381730139256 59.75184011459351 33.31120520830154 2.669128283858299 4.733837649226189 0 0.4452057033777237 0 0 0 0 0.4584946632385254 0 0 0 0 0 0 0 0.5733411908149719 2.261104226112366 0 4.409630209207535 2.228064030408859 0.4699578583240509 2.265967771410942 0 11.46815916895866 1.921235680580139 14.8131345808506 6.695446670055389 0.774892657995224 0 0.2653034329414368 0 0 1.088982194662094 0.6467315629124641 0 13.04512886703014 20.91595230996609 0.3910195231437683 0 0 1.785151168704033 0 0.2213501781225204 4.399323523044586 0 1.34879258275032 6.372551776468754 0 2.258592873811722 2.382167533040047 19.1570591032505 0.4775993973016739 3.980643793940544 0.4015915393829346 0.1495975106954575 0.1870200484991074 0 0 0 0.1896158903837204 38.36917005479336 2.565348640084267 0 0 0.2438438683748245 10.01525613665581 2.092638656497002 8.427182160317898 14.27311217784882 8.194352179765701 13.26780666410923 6.242901384830475 1.262498751282692 0.1157806441187859 0.2120196521282196 0 0 0 0 0 0 32.68811628222466 13.21242985129356 12.13960660994053 532.7909006103873 29.36150010675192 269.0770849063993 45.20046520233154 323.8783267512918 59.72880525887012 7.163204587996006 82.03729333728552 23.02955682575703 1.178587324917316 17.91960708796978 1.459361083805561 24.8519824296236 1.054297834634781 0 2.948799729347229 9.378204762935638 0.8982193619012833
138.5113515853882 184.5425990074873 4.755935847759247 724.4800255000591 7.123378708958626 0 176.5842147618532 1.001993983983994 1.513016596436501 646.8666740059853 6.618067532777786 41.63059911131859 46.33801950514317 12.87094329297543 0.7879243940114975 0.9132447093725204 0 0.4545517265796661 0 0.1761322915554047 0 1.010676801204681 0 0 0 0 0 0 0.141683354973793 0 24.43755502998829 0.5861707180738449 8.352873235940933 0 0 0.1979768574237823 17.406141102314 0.3872370719909668 3.381804123520851 0.1983259916305542 0 0 0.283177524805069 0.1782418638467789 0 0.894169807434082 2.109382420778275 0.1177570000290871 0 0 0.4976394474506378 8.785515248775482 0 0.3667591512203217 0.2783556580543518 0.177172526717186 365.1689243614674 193.2413093745708 8.201750189065933 1.769033312797546 2.272501930594444 4.408040151000023 0 0.3085750788450241 0 0.1449128091335297 0.1238829791545868 0 0 0.3866291046142578 71.64117011427879 74.05435378849506 1.086739718914032 7.698546767234802 2.277644529938698 0.9824008047580719 1.054505452513695 0.9288342148065567 0.1395820081233978 9.105475649237633 0.1581960320472717 6.384063944220543 0.7428473234176636 1.322497710585594 0 0 0.1943157315254211 3.683364272117615 0.8900003582239151 8.663847863674164 0 0 0 0 0 37.52143140137196 62.35212616622448 1.784720569849014 21.31208185851574 838.7104524075985 0 0 0 0 0 3.19674813747406 0.2385683059692383 0.6304364055395126 4.536739245057106 0.7060321420431137 0 0.6656712144613266 0.7272159159183502 0.5296718627214432 0 0 0 0 0 0 0 0 0 0 0 0.2380936145782471 0 0 0.3450082838535309 0.3865107968449593 0 0.1434937119483948 0.7897900342941284 0 0 0 0 0 0 0.177836149930954 0 1.167107582092285 0.642657458782196 0 0.1474425196647644 0 0 0 0 0 0 0.232777327299118 0.1737553179264069 0 0 0 0.7197855561971664 0 0 0.1121590510010719 0 0 0.2859672009944916 0 0 0 0.2952427268028259 0 0 0 0 0 0 0 0 0 0.6539465487003326 0.4089685380458832 0 0 0 0 0 0 0 0 0.199571892619133 0 0 0 0 0 0 0 0.1691056489944458 0 0 0.2124727815389633 0 0.2763625085353851 9.163130342960358 0.3637764900922775 1.411831922829151 0.3755373656749725 441.9375573396683 17.75914001464844 1.261047124862671 0.8604513555765152 0.3410932421684265 0 0 0 0.8879711329936981 0 0 0 2.814959287643433 0
826.9118387848139 4854.071048244834 508.4622062221169 1111.082295246422 4059.002014681697 176.5842147618532 0 108.2603207454085 8654.00526420027 1923.625321246684 156.0217767655849 176.4469914808869 4142.656233675778 828.8468573987484 50.56589503586292 2.520418137311935 1.20016248524189 0.7509333193302155 0.4048881158232689 0.6369990706443787 0.2239082753658295 0 0 0.234531007707119 0 1.51508404314518 0.6385700404644012 1.782394610345364 0.9054555520415306 0 899.0909206643701 16.33326635509729 17.10624624788761 0.3306287154555321 0.9479331150650978 0 14.35865410417318 3.081057295203209 3.567062638700008 2.08500237762928 1.26846968382597 1.245218962430954 0.1459439396858215 1.427177160978317 0.8404306024312973 4.190080128610134 344.8871786594391 23.80917548388243 1.759379133582115 1.255345411598682 2.392188668251038 0.2638562619686127 0 1.066528454422951 21.8685162961483 59.97654893994331 26.48673947155476 514.6643357276917 11.18412339687347 157.7651360630989 4.393305025994778 3.001031152904034 0.2410704046487808 72.08855238556862 37.8399523049593 13.25492227822542 3.750242128968239 0.9305265471339226 0.3303328454494476 3.338233068585396 31.70096231997013 2.963489383459091 0 239.0606839358807 343.2550643756986 408.2578580453992 97.01040648669004 3.909257829189301 2.01568628847599 25.52125278115273 1.513800233602524 5.072160921990871 105.1453823149204 3.591056957840919 15.26773223280907 32.65042382478714 8.162511810660362 0.142178937792778 1.152601025998592 0.5308407992124557 0 0.7300731241703033 3.420436598360538 0.2305915579199791 1.2121786698699 510.8584117442369 8.749551683664322 1.654204487800598 6.966563031077385 59.40687394142151 11.03235675394535 11.91586741805077 16.77455335855484 2.871640935540199 6.812331229448318 417.3784954547882 31.74946162104607 72.96325643360615 196.5854166150093 146.384109839797 7.815519750118256 463.8045508861542 267.4128197431564 230.9306968301535 131.4184861183167 3.68921634554863 8.578005120158195 0.2196569740772247 1.377935379743576 0 0.5639268159866333 0 0 0 0 1.371816337108612 0 0.3987326920032501 0.3738702833652496 1.099183484911919 0 3.386576548218727 5.804886743426323 1.009916961193085 19.60783106833696 4.429369874298573 0.6404670774936676 5.782177031040192 0.9426255822181702 39.26889595389366 7.580306798219681 42.36529356241226 15.55450237542391 3.644614115357399 0 0.7483230084180832 0.4349918961524963 1.046260267496109 5.191970571875572 8.318232774734497 0 39.24488452076912 61.62502158433199 1.447421312332153 0.3918822705745697 0 1.494185894727707 0 1.77403985708952 8.348700746893883 0.5294802635908127 10.05945371836424 38.03614497929811 1.481076821684837 2.035046383738518 8.356788761913776 71.82507275789976 2.091652721166611 4.013593256473541 2.559343352913857 0.4605508893728256 0.1447645127773285 0.7897495031356812 0.1786774843931198 0 2.218763247132301 167.5902888327837 8.170703068375587 0 0 0.0997384637594223 35.11911214888096 2.089571043848991 21.30599069595337 42.33005494624376 46.69510675221682 35.2652440071106 8.505258604884148 10.62688664346933 1.373281806707382 0 0.2887308448553085 0 0 0.1479124128818512 0 0 135.9848702400923 30.13649651408195 20.31184528768063 913.5348825827241 55.50483538210392 443.756198965013 89.74857219308615 1144.260559469461 89.92775870859623 12.51087056100368 144.2760252505541 63.38567985594273 1.84529934078455 50.48169922828674 3.811087794601917 103.2489167451859 2.78216178715229 0.1834540665149689 7.730597674846649 192.5071550086141 1.301482155919075
178.7688062265515 521.0469604432583 3226.95915234834 6.697645492851734 75.22475098818541 1.001993983983994 108.2603207454085 0 1255.84183780849 4.803260773420334 9179.542025953531 31.40207325667143 525.5415003150702 1140.661345183849 17.78922142833471 6.228405267000198 0 4.849454879760742 0.4734902232885361 9.530374020338058 19.43554352223873 0 3.19648739695549 4.839568004012108 6.210609287023544 5.339618638157845 4.177860766649246 0.7763377875089645 0.1241937205195427 0.197117418050766 2476.478003256023 1294.491102263331 9.3640206605196 0.3998482525348663 8.249191716313362 4.623499147593975 5.650159031152725 5.065472602844238 0.1738739013671875 0.3235177844762802 58.90924555808306 2.780123203992844 2.151308327913284 47.50974121689796 0.5947604030370712 23.81767146289349 65.75736590474844 4.664570234715939 0.6778029948472977 5.146972082555294 2.373320020735264 0 0 0.2888819873332977 2.924183085560799 10.28476797789335 10.8202104344964 256.9055516198277 2.54641418159008 30.65471928566694 106.7531301900744 4.043907478451729 4.532859951257706 106.4057169854641 7.829814553260803 3.326022900640965 1.332304321229458 1.869141817092896 5.288319870829582 79.87970644235611 6.142410844564438 4.849264055490494 0 59.56612525880337 128.6307431980968 110.6802080273628 62.22475011646748 34.12624442577362 683.16908762604 1051.958729743958 329.3542147874832 1074.805703386664 15.30242171138525 0.2530763074755669 2.519056230783463 4.81827212870121 8.151220925152302 0 0.1096353307366371 0 0 0.3806083053350449 64.84133438020945 2.37503869831562 0.3235162496566772 35.50032269954681 6.3547058776021 0 0.4687605425715446 107.0596893131733 0.8704707622528076 0 0.8693415522575378 0 0 13.34827151894569 0 3.471158981323242 4.479252636432648 1.01588799059391 0.8209943473339081 16.33722031116486 6.817164927721024 15.71846394240856 5.926305308938026 0.5807673633098602 0.522069975733757 0 0 0 0 0 0 0 0 0 0 0.5755470991134644 0 0 0 0 0.2316154986619949 0 0 0 0 0 0 3.799925401806831 0 4.387624606490135 0.5200171619653702 0.2382487058639526 0 0 0 0 0.6852241158485413 1.318324148654938 0 1.875836908817291 1.908870428800583 0 0.2300795018672943 0 0.2287627160549164 0.165893092751503 0 0.3366491198539734 0.1052154824137688 1.076224595308304 1.565976947546005 0 0.1470425724983215 0.1283105462789536 4.933732122182846 0.2307193875312805 0.2059834599494934 0 0 0 0 0 0 0 11.32307881116867 0.4386748373508453 0 0 0 5.325775191187859 0.4484498500823975 2.775355279445648 3.213685140013695 3.222109243273735 2.335166618227959 0 0.7629721760749817 0 0 0 0 0.1073402613401413 0 0 0 5.745703816413879 3.800865113735199 3.788479916751385 80.33369980752468 6.008645199239254 75.28975238651037 11.84636945277452 54.13230763375759 8.568492159247398 0.499642014503479 18.98873247206211 4.98276674747467 0 4.194816179573536 0.2700896859169006 3.165877401828766 0.1334937214851379 0 0.5386529564857483 1.478779911994934 0
87.68654680997133 1169.402748301625 3710.472990460694 11.3087871670723 7890.896998666227 1.513016596436501 8654.00526420027 1255.84183780849 0 37.27395635098219 2834.062250889838 23.09303390234709 1014.412918634713 763.5788243636489 32.58293741941452 3.418850235641003 0.3937987834215164 0.5018986091017723 0.1149245947599411 0 0.7068470865488052 0 0 0.1504853367805481 0.7032738700509071 0.1380271464586258 0.4891560673713684 0.469563364982605 0.1101260781288147 0.1435917019844055 218.8659927621484 30.7291681021452 4.68127366900444 0 0 0.4834367334842682 4.188276305794716 1.080802798271179 0.3062951862812042 0.524819940328598 1.852919809520245 0.3951377719640732 0.3050664067268372 0.8416243046522141 0.1380062699317932 0.5934359431266785 132.1932394057512 7.678155735135078 0.8709835782647133 0.1346060633659363 1.296932026743889 0.1249783784151077 0 0.1059323251247406 7.042867489159107 16.99948939681053 7.015865907073021 63.42617926001549 3.946829944849014 41.46043690294027 0.4513760134577751 0.8377848714590073 0.2786465287208557 23.7771125510335 12.91546096652746 3.81248277425766 0.9654671177268028 0.2390556484460831 0.1367407292127609 4.200525045394897 12.54402607679367 4.645804911851883 0 54.65202078968287 118.8602171167731 182.8883118405938 88.09563168138266 4.384967505931854 2.46873365342617 17.73327891528606 0.1331243813037872 1.897187486290932 28.37606860697269 0.7386028543114662 5.525528125464916 9.931404508650303 2.414384126663208 0 0.2151635736227036 0 0.2927101850509644 0 3.873593971133232 0.6841737329959869 0.2502881735563278 150.0318951308727 3.317065492272377 0 2.936607539653778 13.76170530170202 2.971215307712555 3.32473149895668 3.436332136392593 0.8744305074214935 2.121215537190437 105.6722211241722 4.245066657662392 11.05557033419609 34.20788787305355 26.14796240627766 1.64398267865181 90.03723791241646 45.5828238427639 48.27935533225536 31.46374852955341 2.235855147242546 1.273956552147865 0 0.6347217559814453 0 0 0.4384912848472595 0 0.7100514769554138 0 0 0 0 0.2340811342000961 0 0 0 0.6908584237098694 0 5.12898201495409 1.568633645772934 0 0.3191657364368439 0 14.52396357804537 1.541397601366043 11.24236245453358 2.811799317598343 1.033876374363899 0 0.1491879373788834 0 0.1846907138824463 2.351863548159599 1.32129642367363 0 9.226639345288277 14.45824794471264 0.5451501831412315 0 0 0.8764836192131042 0 0.1382135450839996 3.819885767996311 0.5087966993451118 1.460147306323051 6.388581410050392 0 0.3570838272571564 0.1030944213271141 16.83418783545494 1.208322256803513 1.434043169021606 0.8750014677643776 0 0.3025533556938171 0 0.1794521361589432 0 0.5464395135641098 41.85371007025242 0.9946816116571426 0 0 0.2928058207035065 9.482582464814186 0 5.116759359836578 8.802495151758194 8.84497557580471 7.715257927775383 2.895942986011505 1.360962748527527 0.5152141824364662 0 0 0 0 0 0 0 29.16097836196423 10.30108193308115 4.443225100636482 446.9311721250415 17.71737392991781 246.4847744181752 41.34893674403429 166.1730416491628 46.64679127931595 1.863622814416885 84.97993355244398 20.44571475684643 0.5862048119306564 13.61917362362146 0.9475574344396591 14.21836982667446 0.6677478700876236 0 1.721025750041008 5.502602487802505 0.5462185442447662
705.5842080563307 1254.028160303831 45.42586264759302 2758.370498530567 160.4155064970255 646.8666740059853 1923.625321246684 4.803260773420334 37.27395635098219 0 14.32228771597147 2282.562595069408 6137.236606873572 87.53335855901241 14.22851004451513 0.1854317337274551 0 0.4622300788760185 0 0 0.1519152224063873 0 0 0 0 0.3439306020736694 0 0.2015023529529572 0.2110050320625305 0.3809799253940582 473.3827781975269 1.801383934915066 6.624635256826878 0 0.1115671172738075 0 13.61627475917339 0.4809278696775436 1.398565858602524 0 0.9699834883213043 0.1081084609031677 0 0.4758068844676018 0.4841957986354828 1.198978148400784 88.61861414462328 4.848124213516712 0 0.6352071613073349 0.2438492029905319 0.3762151598930359 0 0 7.370561040937901 21.01288622617722 17.99708410352468 311.2936694249511 6.439335189759731 54.11672957241535 1.069245554506779 0.9614351838827133 0 27.72991056740284 10.28897837549448 3.553994223475456 0.7610228806734085 0 0.3528798818588257 1.169275164604187 40.460588991642 19.7796615511179 0 98.78309682011604 126.4136319756508 89.82254437357187 9.555440828204155 1.745363116264343 0.6865901723504066 8.618029341101646 0.2639621570706367 1.514945730566978 32.37822743505239 2.349292777478695 5.012795522809029 9.594323210418224 2.14589000493288 0.5244930163025856 0.1288935989141464 0.8933922946453094 0 0 0.7350108176469803 0.1226344704627991 0 1229.968117699027 7.370490282773972 0 8.055557623505592 36.74092616140842 7.758791267871857 11.10301426053047 10.3556295633316 3.439116418361664 3.960321888327599 245.5775260180235 16.17317409813404 35.73794071376324 146.9430540949106 100.0120057612658 2.727308347821236 260.0340786129236 141.6518081277609 109.5249256491661 48.52649839222431 2.212091997265816 1.59476925432682 0 0.2596358954906464 0 0 0 0 0 0 0 0 0.224938303232193 0 0 0 0 0.1767572313547134 0 9.015927515923977 1.428606703877449 0 1.020197033882141 0 17.34787006676197 2.357354015111923 14.22196197509766 5.265624985098839 1.020394369959831 0 0 0 0 1.399778246879578 0 0 16.63485643267632 23.38407576084137 0.2920547053217888 0 0 0.5848287343978882 0 0.590986356139183 5.075813621282578 1.154970958828926 1.671186521649361 12.21560850739479 0.2433304339647293 1.876373037695885 0.9509381204843521 22.32341466844082 3.073063157498837 1.628920882940292 1.427521273493767 0.352661669254303 0.1530654281377792 0 0 0 0.8125550746917725 46.0721783041954 2.854441493749619 0 0 0 12.38209763169289 0.3293244242668152 3.805889621376991 17.51784624159336 19.23276670277119 13.45637382566929 5.767747104167938 2.418260082602501 0 0.108724482357502 0 0 0.1264811903238297 0 0 0 63.38022583723068 11.631741553545 8.450630471110344 333.2217900827527 12.09791993349791 97.52856125682592 19.35271606594324 1770.548558391631 17.91684154421091 4.702834442257881 25.30516847223043 31.47824709117413 0.9146423861384392 22.07944645732641 0.2095925956964493 76.85928824543953 1.582496494054794 0 3.037118792533875 99.39801163226366 0.1458813101053238
283.5518656522036 988.1663409695029 4629.486617989838 5.181216478347778 614.6026997789741 6.618067532777786 156.0217767655849 9179.542025953531 2834.062250889838 14.32228771597147 0 125.7479692324996 1424.858783118427 5478.282183326781 80.29939330369234 32.17929657548666 1.578246682882309 4.086988486349583 0.420593649148941 3.848833926022053 9.883645854890347 0 5.769111454486847 6.736656054854393 24.56896652281284 8.350991398096085 8.384656436741352 1.924150414764881 0.4844221025705338 0.3157648146152496 1321.353769503534 1177.287161156535 767.275561735034 0.2505719214677811 13.92005753517151 25.10685493052006 259.868670322001 29.91319468617439 3.819972410798073 5.136617675423622 62.14651929587126 10.59607533365488 0.4919463843107224 9.49950647354126 1.825308188796043 6.052084676921368 203.8657001331449 13.27424192428589 1.691495925188065 2.196415483951569 6.269563630223274 0.7612180337309837 0 1.724682278931141 8.589975722134113 22.44954884052277 14.06577686220407 239.1757849529386 5.448692657053471 62.29517600685358 7.469708040356636 34.10095947980881 9.710382364690304 85.35240198671818 16.08373915404081 6.951869763433933 3.256081432104111 5.718342714011669 5.536809682846069 56.63512197881937 78.06165309995413 29.29494306445122 0 94.08460599929094 250.6515204906464 322.2952336370945 191.8789229616523 44.62054045498371 201.6800659820437 436.7970531880856 5.022012978792191 49.34637620300055 37.50789403170347 0.4793155491352081 8.039689227938652 12.37295522540808 5.440362222492695 0.1189845278859138 0.4122695922851562 0 0.6334446147084236 0.6642552688717842 81.82739228755236 7.681257508695126 0.653980016708374 322.0015107169747 65.11005641520023 0 3.595360547304153 82.27527268230915 0.8038593381643295 1.060974955558777 1.314282044768333 0.2417809814214706 0.452239140868187 20.70019742846489 1.214399665594101 3.537080571055412 9.366002663969994 4.03809580206871 1.023166298866272 21.46073552966118 14.09792619943619 39.07027746737003 18.26541173458099 2.670744962990284 2.090717226266861 0.2868591547012329 0.1242919787764549 0 0 0 0 0 0.9777276515960693 0.1211100742220879 0 0 0 0 0 0.1214012578129768 0.5643321573734283 0 4.347393535077572 0.3936238288879395 0 0.1093984842300415 0 13.88574003428221 2.031296670436859 12.69910514354706 4.778924807906151 0.2200216203927994 0.4182054698467255 0.4861392229795456 0 1.017561182379723 2.12420654296875 1.716860421001911 0.1242320165038109 3.818461440503597 11.19200810045004 0.4551220014691353 0.3664065450429916 0.3831718862056732 0.4405632838606834 0.5164244621992111 0.7078827768564224 2.508441105484962 0.5019780620932579 1.184532262384892 3.769200898706913 0.7736890465021133 1.067590743303299 0.4167439565062523 17.3466913998127 1.407595552504063 0.7139060348272324 0.621244378387928 0 0.255431093275547 0.1386413127183914 0 0.329452320933342 0.4206527024507523 46.87590944766998 3.380608454346657 0 0.1633852869272232 0.1561760455369949 8.638409003615379 0.9595547020435333 7.579811364412308 6.69294349104166 4.485175907611847 4.954348504543304 2.593164965510368 3.141329310834408 0.8724470362067223 0 0 0 0.2094052135944366 0.2884771674871445 0 0 26.36595840752125 23.80935844779015 9.482086211442947 416.1176062002778 23.58285342901945 300.0559403002262 57.31309776753187 129.7846169173717 45.23997052758932 3.718007147312164 105.565067961812 13.6631094366312 2.290426045656204 12.89344833046198 1.075895719230175 15.47405381500721 2.26770605891943 0 2.220559999346733 5.750404983758926 0.9327827841043472
13.98805417865515 30.27417552471161 16.52799978107214 241.948946133256 45.33948510885239 41.63059911131859 176.4469914808869 31.40207325667143 23.09303390234709 2282.562595069408 125.7479692324996 0 3470.51880672574 364.4620665162802 25.78611193597317 10.32915031909943 0.1666931957006454 0.649352177977562 0.2590656280517578 0.9561019241809845 0.2283050119876862 0.2179680317640305 0 0.1528581827878952 0.8577926754951477 0 0.2751021832227707 4.169457703828812 0.3576169833540916 0.1649066209793091 75.25124202668667 3.054082930088043 50.50354196131229 0.1610127538442612 0.4190092384815216 0.5884891748428345 233.866489417851 7.830024689435959 16.83771821856499 3.561352327466011 4.659446753561497 6.915892124176025 0.8580135703086853 2.555899545550346 1.934888541698456 2.619705259799957 60.70468784868717 1.782474800944328 0.1526604890823364 0.4909961670637131 0.1052280142903328 1.679751977324486 0 0.1379287987947464 2.964794091880322 7.229087330400944 7.141529217362404 68.0902990847826 1.070346608757973 14.84657696634531 5.303501948714256 9.44419626891613 2.010698556900024 12.34657423198223 3.519377201795578 1.310285665094852 0.4580185934901237 0 0.2717119455337524 1.660242199897766 677.2346429973841 43.35375159978867 0 28.73822341859341 52.74690121412277 61.50099015235901 37.26043842732906 15.84409853816032 0.3513938784599304 70.98803509771824 1.806594669818878 8.196341648697853 14.22371289134026 0 0.973175972700119 5.119271852076054 0.8784883469343185 0.9405609369277954 0.2899583205580711 0.7345445454120636 0 0 4.503308042883873 0.1839111596345901 0 3177.324908226728 289.570425093174 0 31.96792321652174 71.31367310881615 6.638768546283245 6.625380858778954 7.063011333346367 2.997771263122559 4.558319389820099 173.2361590415239 7.60380882024765 28.05929419398308 68.1123581379652 54.54779228568077 6.7984838783741 202.7411147281528 111.2881469577551 146.9258514195681 77.49611707031727 3.22808425873518 3.374864414334297 0 0.8663545995950699 0 0 0 0 0 0 0 0 0 0.8859379589557648 0.2404874637722969 0.1851857006549835 0.6292621344327927 0.8994982242584229 0 5.884725749492645 2.805114507675171 0.128631591796875 0.6211405098438263 0 29.36513244360685 0.7617029696702957 16.64911225438118 5.0102653875947 2.051827155053616 0.3335353136062622 0.3806426525115967 0.3402579426765442 0.9319778084754944 3.299844667315483 4.18494114279747 0 17.90408367663622 31.93425735831261 0.7591297477483749 0.1613969057798386 0 1.107999801635742 0 1.225440956652164 4.563476234674454 0.5087731927633286 3.468747138977051 19.3544784784317 0 0.8216888159513474 0.3758909106254578 40.0377232581377 2.026689648628235 3.557678923010826 1.643780641257763 0.6215592697262764 0.4557883366942406 0.4546194225549698 0 0 1.03080415725708 110.131018564105 4.987219899892807 0.4425242841243744 0 0.2276160717010498 22.59093743562698 0.3987220227718353 9.387809276580811 30.37987293303013 21.66760449111462 22.02769006043673 7.398755587637424 9.358224585652351 0.4134844690561295 0 0 0 0.7456490769982338 0.1370944082736969 0 0 100.3721368759871 49.14356428384781 13.38495685905218 289.6660022214055 4.584085434675217 90.13116171211004 20.40543266385794 467.1271360069513 13.73089118301868 1.935450047254562 43.73776267468929 34.39608745276928 0.119317963719368 30.53603459149599 1.139485448598862 60.10363961756229 2.389023557305336 0 2.811806038022041 2.903844982385635 1.267255187034607
49.15180144459009 320.9883384183049 531.5653414875269 1447.538431182504 435.5497605055571 46.33801950514317 4142.656233675778 525.5415003150702 1014.412918634713 6137.236606873572 1424.858783118427 3470.51880672574 0 3216.615736201406 99.55232480913401 48.33966664969921 2.678373262286186 3.027659811079502 3.665171638131142 2.361819252371788 1.488583579659462 0 1.103529438376427 0 3.567814856767654 3.255659535527229 0.7629561200737953 15.54579876363277 3.683761700987816 1.333167105913162 225.839830942452 26.87788116931915 602.0633840784431 3.460335157811642 0.9397123903036118 5.77461151778698 1257.047033160925 72.45799727737904 120.1054366230965 19.81081345677376 10.8326016664505 13.80796114355326 0.7454589456319809 17.44875513017178 10.89338598400354 21.67238588631153 232.2948873266578 12.1683179885149 1.638328790664673 2.671251982450485 3.174716718494892 1.04855027794838 0.1607026010751724 1.31769073009491 8.611038491129875 21.45053445547819 16.9912975281477 134.6036357656121 5.059691056609154 58.71935804188251 36.90439470112324 96.82490151375532 22.49583218991756 58.77809725701809 12.90187321603298 6.684072710573673 1.087195731699467 0.4428599923849106 1.677174583077431 11.66464284807444 1100.332444235682 60.0201383382082 0 78.07369143515825 191.661333411932 287.9467203319073 211.4482562765479 49.2879451662302 5.035697966814041 192.1785826534033 2.08578160405159 66.95428043603897 38.9328777641058 0.2825652658939362 8.061278112232685 9.410699889063835 3.477295957505703 0.5189883857965469 0.2250535488128662 0.457430511713028 0.5484862178564072 0.2516538426280022 17.70434640347958 3.587953791022301 0.6761070936918259 4605.0906470716 199.5146851986647 1.123135507106781 39.18546023219824 81.30429905653 17.17766746878624 20.80727607011795 14.11603933572769 7.47970350086689 11.40716776251793 669.0876801759005 34.14959967136383 68.04445493221283 196.1126220822334 151.1264823228121 13.67458671331406 507.7361105233431 321.3355864882469 272.9997306913137 184.9288543462753 8.027171388268471 10.90892866998911 0.2922777831554413 0.7491450756788254 0 0.1801844090223312 0 0.3418003022670746 0 0 0 0 1.374751880764961 0 0.8170158118009567 0 1.879566289484501 4.321566447615623 0.7867403253912926 29.70672110468149 4.06803572177887 0.8330515772104263 4.395921662449837 0.1461138427257538 64.14982714504004 4.403600081801414 45.11633832007647 26.09865589439869 8.645064935088158 0.7107945531606674 0.7352931350469589 0.6077918857336044 1.167392730712891 10.69122286140919 11.77702270448208 0 34.3823951035738 64.41742666065693 2.252755790948868 0.1631058156490326 0 4.289874151349068 0.2350270450115204 2.672889143228531 11.25992091745138 1.253391958773136 9.930722631514072 31.1042772307992 0.839268758893013 2.618676781654358 4.570897534489632 86.15192051231861 3.729147613048553 7.078219950199127 2.606909953057766 0.1124791726469994 0.1257302165031433 0 0.4485543072223663 0 1.108493715524673 249.3773065283895 12.92748269438744 0 0 0.8710132241249084 52.40039858222008 5.400405511260033 17.36206547915936 40.30947308242321 38.0654748827219 40.7520415559411 9.998838827013969 10.00585621595383 1.408473409712315 0.8269647806882858 0 0 0.2462446391582489 0 0.2200848013162613 0 244.7709611356258 82.39400198310614 28.45088219642639 921.1921461597085 42.11555430293083 399.22660266608 95.18053813278675 595.2373455017805 79.54502165317535 7.688578933477402 204.6377953886986 78.26628185808659 4.201493725180626 72.27940253913403 3.609975211322308 104.87063986063 3.025555104017258 0 15.76932360976934 9.918347492814064 2.173514246940613
