0 2653.302076220512 197.0333027690649 1418.516671076417 446.8989244624972 44.19742515683174 1793.157726749778 12.76464991271496 133.6310701668262 1837.334371447563 28.9748869240284 299.5447677969933 1516.438938871026 90.72624129056931 0.7293478474020958 0.2483960911631584 0.1721664220094681 0.111169621348381 0 0 0.1393413692712784 0 0 0 0 0 0 0 0 0 144.6631721407175 3.129759982228279 0.7532891631126404 0 0 0 0.5258350074291229 0.1056686118245125 0.4540339112281799 0.09952359646558762 0 0 0 0 0 0 0.9729287549853325 1.060110963881016 0.143910214304924 0.3041357398033142 0 0 0 0 2.487527325749397 4.43223275244236 631.125026576221 946.1468292102218 36.16268196702003 12.02996881306171 0 0.6372628808021545 0 1.898180902004242 2.026322901248932 1.30212576687336 0.9105286970734596 0.6802547723054886 0.1932150572538376 0 2.074879191815853 0 0 55.30602122843266 33.96627708524466 2.64788044244051 1.059505708515644 0 0.1212745830416679 15.02268186211586 0.09741824120283127 0.4928113892674446 2.427361465990543 0 0.7642585411667824 2.756829470396042 0.2174476757645607 0 0.09418240934610367 0 0 0 0 0 0 36.01086974143982 2.734262943267822 0 0 988.3425566703081 0 2.835211366415024 1.404100999236107 1.394850522279739 0 8.243048891425133 1.175714418292046 2.063149064779282 59.4361542314291 1.009011685848236 1.068307861685753 11.73333767056465 3.751866683363914 1.894048988819122 1.690948575735092 0 0 0 0 0 0 0 0 0 0 0 0 0 0 0 0 0 0 0 0.2538403272628784 0 0 0 0 0.6026793420314789 0 0.3853874653577805 0 0 0 0 0 0 0 0.4018619358539581 0 0.8060214221477509 0 0 0 0 0 0 0 0 0 0 0.3124095499515533 0 0 0 0.3075194656848907 0 0 0 0.1564971059560776 0 0 0 0 0 0.9780879020690918 0 0 0 0 1.119974046945572 0 0.9213041365146637 0.3422847390174866 0.6032711863517761 0.4563928842544556 0 0 0 0 0 0 0.2021425887942314 0 0 0 0.8142517805099487 0 0 86.38999136537313 3.873798713088036 17.31604187935591 5.344326868653297 1491.381508827209 17.60303235799074 0.9139039367437363 1.398624882102013 0 0.09443805366754532 0.1318264752626419 0.5765575990080833 9.320061877369881 0.4560518860816956 0 0.1117194294929504 0 0
2653.302076220512 0 974.4886997491121 199.5461329370737 2638.106862604618 351.877725854516 5566.186109721661 223.0365801677108 1833.191482588649 596.5505792200565 667.1423777192831 80.9440241008997 1993.579310275614 555.854656226933 6.705087885260582 1.909932717680931 0.472210668027401 0.5616660714149475 0 1.108135513961315 0.55267383903265 0 0 0.1475610435009003 0.4745991826057434 0.238776795566082 0 0 0 0 1538.403104253113 63.71894966810942 7.179353013634682 0 0.4950995892286301 0 6.718729346990585 0.5962891951203346 0 0 0 0.5058566406369209 0.1393515318632126 0.2969757616519928 0.1276316940784454 0 33.56791167706251 15.66279635578394 0.2857045382261276 0.4686793982982635 0.9469800740480423 0 0 0 13.22704066336155 34.24729835987091 174.1058137044311 1438.828483976424 37.35240337252617 63.36808168888092 0.9548112824559212 1.948990985751152 0 54.74883504211903 13.53157313168049 17.35062123090029 14.20063396543264 6.091336697340012 4.365925446152687 0.459225133061409 11.42056577652693 0.6692833304405212 0.3400093987584114 200.28097807616 233.1602841392159 130.7782189548016 32.04261957108974 1.526734992861748 15.30894007533789 76.25164663791656 1.060587145388126 11.63010283559561 22.96577318012714 0.4197356328368187 9.847097240388393 32.7247681170702 4.905685812234879 0.1637635827064514 1.187407106161118 0 1.018812917172909 0.3704453706741333 0.3700708001852036 0.3873747810721397 0.7107512801885605 177.8056223988533 1.599653139710426 0 0.3316440582275391 1006.335263684392 0 13.38189366459846 9.798835024237633 1.105551674962044 1.47536689043045 55.96235211193562 1.808660194277763 21.86456769704819 49.3881794065237 14.45762154459953 3.580809205770493 79.59584619104862 31.95599700510502 32.80406938493252 16.22137500345707 0.3620879501104355 0 0 0 0 0 0 0 0 0 0 0 0 0 0 0 0 0 0 2.364063672721386 0 0 0.3165894001722336 0.4735219776630402 4.215626962482929 0 7.688695095479488 0.2805972993373871 0.09939844161272049 0 0 0.1043679863214493 0 1.02508407831192 0.9217601418495178 0 2.010560989379883 4.389064133167267 0.4122985526919365 0 0 0 0.1248901188373566 0 0.8679448068141937 0.1931108757853508 0.6771078109741211 1.789888471364975 0 0 0.3881095051765442 12.86929685622454 0.520868718624115 1.56455597281456 0.9904103502631187 0.7799067050218582 0.908182367682457 0.5168649405241013 0 0 0.1402246803045273 24.93597155064344 1.63101053237915 0 0.3215193003416061 0.3819456398487091 9.046779930591583 0.7950897514820099 5.328243806958199 2.742930136620998 0.6511222124099731 2.394576415419579 0.4505036175251007 1.128062009811401 0.1875269934535027 0.08441733568906784 0.09576550126075745 0 0.8428460210561752 0.2124819308519363 0 0 8.523190930485725 0.5601385831832886 2.379600360989571 196.8166614100337 56.44518340379 346.2944292798638 49.33486203104258 2419.01869533211 56.56316874176264 9.613722503185272 30.66662566363811 3.095150947570801 2.220838867127895 4.478873655200005 3.381615936756134 28.56480420380831 0.6446481049060822 0.2330830246210098 3.904350489377975 0.2758422493934631 0.8608137369155884
197.0333027690649 974.4886997491121 0 15.25487487018108 645.2662741020322 7.377311497926712 342.0404691696167 1505.15926015377 2040.455764077604 42.24795753508806 2563.797817781568 68.95996259152889 480.3433758318424 1922.568911060691 2.409533746540546 1.449441187083721 1.275538384914398 4.377983421087265 0.2698816582560539 13.69866453111172 16.91869160532951 0 0.3922393172979355 0 0 0.6772621721029282 0.2354626506567001 0.1697681844234467 0 0 3507.463907949626 822.3524592369795 27.48666998744011 1.717125311493874 2.558454491198063 0.434529036283493 28.90269258618355 0.9399721324443817 0 0 1.851061254739761 3.718273714184761 3.86810764670372 0 1.310852900147438 0.7667864114046097 12.67976396530867 7.273180022835732 1.590661883354187 12.1376334130764 1.404093042016029 0 0.2979785427451134 0.7685376405715942 4.82074897736311 11.41125745326281 69.93477159738541 1602.193948298693 13.23303570598364 26.37534187734127 4.512446746230125 13.37017215788364 2.402681231498718 84.43372803926468 6.51675446331501 5.844623357057571 6.14224698394537 5.345414109528065 38.1567422747612 16.18433643877506 74.25589407980442 9.840923219919205 0.2524116039276123 91.87524559348822 132.0827394351363 45.33412865549326 12.56696293503046 2.925616383552551 265.8841160163283 1057.924371980131 9.261017456650734 142.6155390664935 8.608710326254368 0.5054731518030167 3.289883680641651 11.52694682776928 14.72348743677139 0.1264795064926147 0.6970281302928925 0 0.518576554954052 0.1337300688028336 5.851411372423172 0.2436109110713005 1.329311296343803 121.5760286599398 30.07558843493462 0 0 172.379890114069 1.531727850437164 1.633475542068481 5.148379191756248 0.4439591467380524 0.7625411152839661 42.52151677757502 1.742760241031647 22.80990821123123 19.39765784144402 1.411292463541031 2.490300953388214 50.88369062542915 52.38781690597534 71.11865803599358 41.91044133901596 0 1.136074274778366 0 0 0 0 0 0 0 0 0.4351783692836761 0 0 0 0 0 0 0 0 1.907597362995148 0.5903624892234802 0.3709648251533508 1.331489622592926 0 12.64244844019413 1.472015380859375 17.18283545970917 1.048215240240097 0 0 0 0 0.3243671059608459 6.101866066455841 1.239357948303223 0 5.372761607170105 7.06303334236145 0 0 0.5497038960456848 0 0.3258882462978363 0.3612543493509293 0.4956443905830383 0.5774165764451027 1.176385045051575 0.7957624197006226 0 2.182493127882481 0.9835218489170074 46.34577648341656 0 1.06510117650032 0 0.4796452969312668 0.4653107151389122 0 0 0 0.5449269711971283 58.36922353506088 2.164184212684631 0.154960036277771 0 0.6486460939049721 17.28690983355045 9.799308091402054 17.63043648004532 2.98991621285677 2.229238331317902 7.891326159238815 2.123988211154938 0 0 0.2306921482086182 0 0 0.1225806325674057 0 0 0 13.7604808807373 6.493390664458275 6.842338502407074 45.28677726536989 19.29757549613714 93.67670401930809 16.94614994525909 399.3053549528122 19.55534069985151 5.335025951266289 6.089067302644253 5.61231030523777 0.9265108034014702 10.38328187912703 7.576235137879848 19.76420484483242 1.87560461461544 0.3929681181907654 4.976659387350082 0.6282667219638824 0.1574205458164215
1418.516671076417 199.5461329370737 15.25487487018108 0 5.698672041296959 353.0410904586315 399.3159533068538 0.2473946511745453 19.69862592220306 1208.61615550518 0.3986655622720718 222.6450588256121 2474.904272392392 10.04259118437767 0.6527578383684158 0 0 0 0 0 0 0 0 0 0 0 0 0 0 0 40.03467470407486 2.940764382481575 0.4132698029279709 0 0 0 3.079031094908714 0.09187677502632141 0 0 0 0.1283746808767319 0 0 0 0 5.023126639425755 0.9360149353742599 0 0.1231486052274704 0 0 0 0 2.734882056713104 4.070794850587845 19.5124513655901 98.91860307008028 3.309835031628609 4.559937365353107 0 0.7796292454004288 0 4.799545846879482 1.964289024472237 2.144378580152988 1.563320569694042 0.2651623263955116 0 0 0.1130731329321861 0 0 19.65784421563148 23.54217568039894 14.08546634763479 2.309601977467537 0.2328103631734848 0 3.129134364426136 0 0.8114580810070038 3.13661728054285 0.1868240088224411 0.7181772813200951 3.62319478392601 0.10542843490839 0 0.1338011622428894 0 0.4103816822171211 0 0.2816263139247894 0 0 82.30156083405018 0 0 0 138.104792624712 0 3.215715169906616 2.57124637067318 1.026973575353622 0 12.29474006593227 0 4.330423697829247 36.86604045331478 3.487168177962303 0 13.43737527728081 4.417274564504623 4.834876924753189 0.6886157989501953 0 0 0 0 0 0 0 0 0 0 0 0 0 0 0 0 0.1706662476062775 0 0 0 0 0 0 0 1.032627671957016 0 0.1741375774145126 0 0 0 0 0 0 0 0 0 0 1.236422717571259 0 0 0 0 0 0.1274524629116058 0.1801901757717133 0 0 0 0 0 0 0.84024977684021 0 0.3026116192340851 0 0 0.3538536205887794 0 0 0 0 1.597492545843124 0 0 0 0 0 0.6236225366592407 0.7685737013816833 0.183458611369133 0.4864759147167206 0.6196702718734741 0 0 0.08589790016412735 0 0 0 0.1257105469703674 0 0 0 1.296534791588783 0 0 42.08208876848221 5.764038532972336 48.63635497540236 4.747951947152615 357.2154260128736 6.463194236159325 1.208630509674549 4.151640079915524 0.2315427660942078 0.3343973457813263 0.2056075558066368 0.4298405200242996 5.672568172216415 0 0.1234660074114799 0 0.238776907324791 0
446.8989244624972 2638.106862604618 645.2662741020322 5.698672041296959 0 17.19472831487656 1929.573348522186 206.6535155624151 5627.586183615029 247.5013084411621 2292.038689091802 58.04145741462708 248.0523439347744 218.7415614947677 18.05439429730177 4.641557544469833 0.1323917210102081 1.006971038877964 0 0.3933133408427238 0.2810798436403275 0 0 0 0.1028281673789024 0.0962090790271759 0 0 0 0.2204657196998596 463.1416746452451 91.03873588144779 1.76430369913578 0 0 0 2.380132384598255 0.5855731442570686 0 0.1219777092337608 0 0.8423350304365158 0 0.1817457973957062 0 0.1477048099040985 48.3163633570075 10.84546028077602 0.4785227924585342 0.2626292482018471 0.9519874900579453 0.1745147854089737 0 0.2783257961273193 6.94467705488205 20.26176908612251 23.74570585042238 271.2677868977189 9.975161299109459 39.59001243859529 0.5150710418820381 1.569872081279755 0 66.19623843580484 8.171190045773983 9.124356403946877 7.083515167236328 2.775966458022594 0.6318840533494949 0.137143149971962 10.42157163470984 3.374015763401985 0.1192807406187057 70.05943860858679 105.8854055181146 127.6672905981541 64.08423950523138 1.633410811424255 3.326483525335789 24.00178292393684 1.284982159733772 2.400319166481495 11.24937433004379 0 5.237283334136009 18.23032750934362 3.832076795399189 0 0.7964598909020424 0.1358552724123001 1.459699280560017 0.2535355687141418 0.1190602332353592 0.7859441637992859 0.6078869923949242 61.91068048775196 0.3281148076057434 0 0.3796725049614906 79.7278411090374 0 4.214228570461273 3.132399663329124 2.670147836208344 0 45.16024722158909 0 20.42707365751266 16.94076563417912 6.806248128414154 2.19329808652401 68.82620966434479 36.83039854466915 35.67167080938816 20.93045926094055 0.5496711730957031 0.7333280593156815 0 0 0 0 0 0 0 0 0 0 0 0 0.2739014327526093 0 0 0 0 4.448100596666336 0 0 0.5169676542282104 0 7.637059763073921 0 6.1358642578125 0.1676934063434601 0 0 0 0 0 0 0 0 4.038911417126656 4.231124043464661 0 0.3045425117015839 0 0 0.2089524269104004 0.1240267977118492 0 0.2228109389543533 0.4679424911737442 0.6014556884765625 0 0 0.6371234059333801 16.31831362843513 1.448478162288666 1.698348492383957 0.2755025625228882 0.5509570240974426 0.3311527222394943 0.5358264893293381 0.3444643765687943 0 0 21.29252772033215 0.1546891927719116 0 0 0.3658073469996452 6.746525153517723 1.772242605686188 6.865148797631264 2.534286797046661 2.319622486829758 5.022318288683891 1.230490446090698 0.4790183305740356 0.8156629651784897 0.3325161039829254 0.09971047192811966 0 0.8285723328590393 0.2470832467079163 0 0 7.379148378968239 1.709660574793816 1.67404942214489 97.31379337608814 46.51354697346687 306.8696520477533 41.65533181279898 243.9441185370088 38.63519505411386 4.336612731218338 25.98822325468063 4.095373287796974 2.340989872813225 8.270302481949329 3.061797514557838 15.00169837474823 1.281780645251274 0.3915917277336121 3.071378320455551 1.444019958376884 0.3180971443653107
44.19742515683174 351.877725854516 7.377311497926712 353.0410904586315 17.19472831487656 0 443.8860584869981 0 22.96343693137169 662.1595187336206 1.2604079246521 274.1600608229637 681.156431555748 27.3931605219841 0.3658435195684433 0.1343034654855728 0 0 0 0 0 0 0 0 0 0 0 0 0 0 50.80924642086029 0 2.110180765390396 0 0 0 4.53049436211586 0.1806384921073914 0 0 0 0 0 0.860309898853302 0 0 0.1629008650779724 0.1274971663951874 0 0 0 2.14597225189209 1.094684541225433 0 0.1072593703866005 0.1145089790225029 289.3769437521696 241.1947389990091 6.198951914906502 0.3491710275411606 0 4.896587654948235 0 0 0 0 0.09985272586345673 0 0 0.1736488938331604 74.78257894515991 53.99492120742798 2.170707374811172 3.366686619818211 2.732544273138046 0.4858847558498383 0.3074586987495422 0.1545037776231766 0 11.50043559074402 0 0.1551417410373688 0.2352410554885864 1.257849618792534 0 0.1048079133033752 0 5.525939747691154 1.731799811124802 4.556100383400917 2.340226739645004 0.2361957132816315 0 0 0 305.7776594161987 44.13925194740295 10.32284873723984 1.242747962474823 627.2175542861223 0 1.617125391960144 0.2145191580057144 0 0 5.311985284090042 0 0.2210699915885925 20.50164747238159 0.432559460401535 0 4.895332664251328 1.908973380923271 2.396853491663933 0.1522736549377441 0 0 0 0 0 0 0 0 0 0 0 0 0 0 0 0 0 0 0 0.529277503490448 0 0 0 0 1.764720290899277 0.511950671672821 0 0 0 0 0 0 0 0 0 0 0.206604391336441 0 0 0 0 0 0 0 0 0 0 0 0 0 0 2.225955218076706 0 0 0 0 0 0 0 0 0 0.6057896167039871 3.775375187397003 0 0 0 0 0 0.9695725739002228 0 0 0 0 0 0 0.1494928002357483 0 0 0 0 0 0 0 2.022200077772141 1.662553399801254 4.067487627267838 0.4193989560008049 1.634733125567436 0.3842957392334938 641.8059989362955 3.127345465123653 1.312698870897293 0.17439104616642 0 0.2634846270084381 0 0 0.6250105500221252 0 0 0.6311527490615845 0 0
1793.157726749778 5566.186109721661 342.0404691696167 399.3159533068538 1929.573348522186 443.8860584869981 0 151.9963768571615 3092.101556755602 2127.697680979967 1104.378304131329 254.2987742424011 6215.807614952326 499.8513291403651 79.58877328038216 26.90159990638494 1.87108613550663 2.033730253577232 0 0.239054374396801 1.215808764100075 0 0.5087287500500679 0 0.1281880587339401 0.09903259575366974 0 0.1056835427880287 0.5892760753631592 0.09650550782680511 537.251870341599 181.7593539431691 6.696418710052967 0 0 0.45952507853508 17.29766792058945 1.817902654409409 1.613838657736778 0.5854472219944 0.9992268532514572 3.653078362345695 0.1212081164121628 2.400476567447186 0.8574905768036842 0.4953473657369614 194.2932483404875 45.01958015561104 2.176924832165241 1.295630820095539 5.013655588030815 0.1200734004378319 0 0.1558193117380142 28.46332139521837 69.24652488529682 62.85625682771206 770.1445142403245 40.87212494015694 168.0103253945708 1.381057024002075 3.04111472517252 0 200.2237172424793 27.16445752233267 37.22730258852243 26.57013014703989 13.61928959935904 2.925662942230701 1.348412953317165 24.63808783888817 9.628212094306946 0.292139433324337 254.9751566424966 395.2226340547204 538.178768210113 259.3100617527962 12.356375426054 5.16269812732935 22.25673723220825 2.892917029559612 10.32306515425444 45.20273354649544 1.075407184660435 18.62030455470085 75.09032661467791 14.72447462379932 0 4.168227717280388 0.347677156329155 5.419428028166294 1.767951838672161 2.544264875352383 4.147391825914383 4.099117338657379 708.7877836748958 3.849055379629135 0 0.2437420189380646 220.1076265797019 0.5352784991264343 29.73056937754154 38.57140499353409 8.472489342093468 4.684218481183052 333.1116273403168 9.501669898629189 122.5004490017891 154.282367810607 56.14016324281693 13.45061503350735 498.6422573924065 223.3570750504732 252.4129200577736 101.2456505447626 3.578092455863953 0.5695603936910629 0 0 0 0 0 0 0 0 0 0 0 0.2396389096975327 0 0 0.1191513389348984 0 0 21.8822246491909 1.190738379955292 0 0.9156040847301483 1.130435734987259 38.01531547307968 0.1577289253473282 27.69132472574711 3.384318992495537 0.1323280185461044 0 0 0.3084697723388672 0.5489689409732819 6.565076023340225 0.4961571395397186 0 9.032267719507217 20.0130897462368 0.1087336838245392 0.5247650668025017 0.9393563866615295 0 0.1364133805036545 0.6626178175210953 1.206074684858322 2.085342787206173 1.399426184594631 6.965960331261158 0.4117008298635483 3.050319343805313 3.398179441690445 69.73625589162111 1.328982442617416 2.703138545155525 1.092917755246162 1.990284077823162 2.240918464958668 2.052644811570644 0.6213666796684265 0 0.6948473155498505 130.1922059804201 0.5496813058853149 0.2594006210565567 0.9018630534410477 1.5350701212883 29.89118658006191 12.95578910410404 32.6028248667717 10.97449724376202 8.442520663142204 19.8953645080328 7.623360276222229 2.680123627185822 2.436615899205208 0.3151250258088112 0.513449914753437 0.1305037885904312 3.037041999399662 1.174718499183655 0.1288621574640274 0 44.47805579006672 7.34871768951416 9.307172179222107 452.3234745264053 177.0541752427816 1252.614426501095 186.1028321608901 1278.714456990361 166.1618376895785 24.7567253857851 135.0971185937524 12.1269291639328 9.07267265021801 28.94730027019978 13.14488568156958 101.3236714154482 7.340726941823959 2.552256792783737 8.518316544592381 5.690338112413883 1.065068781375885
12.76464991271496 223.0365801677108 1505.15926015377 0.2473946511745453 206.6535155624151 0 151.9963768571615 0 1584.234744593501 6.944357186555862 3681.479590244591 14.17479906976223 373.3548042923212 2042.399704091251 15.16155540943146 14.30742032825947 8.120808534324169 40.40620487928391 0.78250652551651 81.09163239598274 67.84583275765181 0 6.242574125528336 0.5171326398849487 1.39823105931282 4.1638028845191 0 0.2057536542415619 0.13724485039711 0 512.6721803843975 1210.51646719873 12.82218133658171 5.320375725626945 13.39394037425518 3.270893812179565 12.01520524919033 3.956221766769886 0.1593296527862549 0.1346636861562729 4.240607723593712 15.55668674409389 5.767805799841881 9.736159816384315 16.13055342435837 2.787861168384552 24.72072616219521 5.298189572989941 11.34260214865208 64.52689439058304 3.621244013309479 0.2387718707323074 0.8291218876838684 3.380947202444077 1.977952487766743 3.53942447155714 7.063573628664017 142.3053884729743 2.792499005794525 17.70969744771719 66.8801222294569 16.6138780862093 15.38903284072876 292.2541002109647 1.718513116240501 5.543928377330303 5.380525693297386 15.36434532701969 135.1947750747204 42.7440744638443 17.31793490052223 10.76844882965088 0 24.12283221632242 45.35400830209255 59.51261544972658 162.6472257822752 199.3280987143517 1023.923253342509 1984.790722206235 147.7603985220194 830.9422724470496 3.931241221725941 0 2.193801984190941 4.734060823917389 77.92932491004467 0 2.069343291223049 0.1002629622817039 0.1135340556502342 0.2519493848085403 23.25055116415024 1.456347271800041 4.188824459910393 30.14732931554317 19.62439231574535 0 0.4085610210895538 14.20595820248127 0 0.7556167840957642 0.2495405972003937 0 0 11.67581526935101 0 3.857285112142563 1.906093657016754 0 1.187824964523315 12.95897223055363 8.047129020094872 21.59462715685368 16.0690648034215 0 0 0 0 0 0 0.4438766241073608 0 0 0 0.6511830687522888 0 0 0 0 0 0 0 0 0 0 0 0 0 3.14219132065773 0 5.926044017076492 0 0 0.3722032904624939 0.2046849876642227 0.1505067497491837 0 0 0 0 1.145889818668365 0.9525930881500244 0 0 0 0 5.722834669053555 0.3635342121124268 0 0.2057802528142929 0 0.4109531044960022 0 0.1507046073675156 0 6.845539212226868 0.5158575177192688 0.2422390580177307 0.1672727018594742 0 0.651162713766098 0.1089060828089714 0 0 0.3656604439020157 20.85207897424698 0 0.5749134123325348 0 1.312843069434166 5.581431865692139 0.8792769908905029 2.707093298435211 1.298499017953873 0 2.038651496171951 1.051087021827698 0 0 0 0.119809091091156 0 0.696033738553524 0.2798793911933899 0 0 3.541962325572968 2.494917795062065 1.905693575739861 40.09256569296122 12.88604265451431 107.8238017633557 14.59631157666445 20.54783243685961 13.43556009232998 1.811857044696808 10.97475841641426 2.513419687747955 0.3152473345398903 4.165947824716568 1.220285192131996 4.802867114543915 0 0 0.9949420690536499 1.008440092206001 0
133.6310701668262 1833.191482588649 2040.455764077604 19.69862592220306 5627.586183615029 22.96343693137169 3092.101556755602 1584.234744593501 0 215.3835885822773 10058.83291409165 55.90439788997173 2079.289528012276 931.4879593774676 123.5367521345615 66.18528725206852 1.149620085954666 5.248184382915497 0.1089386790990829 1.17705225199461 8.291791945695877 0 0.12165567278862 0 1.531690910458565 1.571707352995872 0.165423795580864 0 0 0 536.1811538562179 301.5787982493639 16.14584063738585 0 0.2154300808906555 0.9063731357455254 17.65324684977531 3.220037586987019 0.6174875944852829 1.317879982292652 2.088658183813095 3.702894262969494 0.1205919981002808 1.388447001576424 0.548743799328804 0.8416875004768372 180.6093015223742 17.2341710627079 1.935387767851353 3.455598682165146 3.757588513195515 0 0 0.6969967111945152 10.04148926585913 24.3746347501874 21.35988880693913 265.5698159188032 17.59042156487703 88.96024400740862 1.922044806182384 17.79000571370125 1.30456668138504 147.0039189308882 12.2287807315588 15.60500310361385 14.1347930803895 7.90463462471962 14.57939580827951 10.03730218112469 28.12326710671186 8.585382416844368 0.1208370998501778 98.9342140480876 143.7738913670182 359.86641343683 285.3679935336113 27.49486738443375 45.09047801047564 118.7433226704597 2.327960498631001 9.10376612842083 15.49566469341516 1.012115068733692 6.453305922448635 29.34296690672636 10.0731046795845 0.09479615092277527 1.95215829461813 0.1062294989824295 3.282765306532383 0.8594445511698723 9.008054554462433 2.325538851320744 2.424781545996666 295.3830828070641 8.167061626911163 0 0.6871419847011566 50.26320912688971 1.341129139065742 12.11088706552982 17.76123186200857 4.058758541941643 4.486102357506752 209.7645287588239 5.605502083897591 73.89642624557018 84.2760803848505 25.11502425372601 12.51408906280994 328.7483326196671 180.8767399936914 192.4317829608917 82.118647351861 2.745749764144421 0.2668624520301819 0 0 0.1150528714060783 0 0 0 0 0 0 0 0 0 0 0 0.1015669777989388 0.1960961520671844 0 11.83895644545555 2.759703665971756 0 0.6679417192935944 0.3336179256439209 31.82358446717262 0.8042861893773079 27.58172755688429 2.626170933246613 0 0 0.1713199317455292 0.116287037730217 0.1766919195652008 4.924458473920822 1.502628341317177 0.3437353372573853 10.2437858581543 17.03260572254658 0.3879119902849197 0.417859822511673 1.200540296733379 0 1.228027828037739 0.4663281366229057 1.393263816833496 0.6284691020846367 1.312711991369724 7.486926779150963 0.6762967109680176 1.571676686406136 2.07755446434021 56.85375112295151 0.4119130671024323 2.733201459050179 1.108013406395912 0.796649768948555 0.4343591630458832 0.5053335577249527 0.6746181920170784 0.08330914378166199 0 119.2972014844418 1.468521773815155 0.1144531890749931 0.3512816205620766 1.558815352618694 28.15643110871315 12.30705319344997 25.56235115230083 10.25062412023544 5.930802494287491 12.63603034615517 4.546122089028358 4.076496049761772 1.671954199671745 0.1877385675907135 0.1063926964998245 0 1.348936565220356 0.5254171788692474 0.1375138610601425 0 35.90327242016792 12.31885530054569 5.430795669555664 372.2423796355724 90.15308909118176 838.2052971273661 153.4215924367309 204.301340483129 107.7717194110155 13.81602346897125 126.4860474094748 11.83265086263418 3.941082313656807 26.34451206028461 8.770893327891827 54.66464323550463 3.232142135500908 1.245147451758385 7.690668366849422 5.408975318074226 0.485346257686615
1837.334371447563 596.5505792200565 42.24795753508806 1208.61615550518 247.5013084411621 662.1595187336206 2127.697680979967 6.944357186555862 215.3835885822773 0 37.65671533346176 1215.104030326009 5912.818494349718 138.3842316940427 7.072269760072231 3.905093416571617 0 0.1300035715103149 0 0 0 0 0 0 0 0 0 0 0.1504907757043839 0 43.32912739366293 12.29855676740408 9.768419668078423 0 0 0.1809919327497482 10.69082573056221 0.9675512611865997 0.167341411113739 0 0 0 0 0 0 0 16.70372483879328 2.245280995965004 0.364418551325798 0 0.6710691675543785 0 0 0 2.214294798672199 3.787539966404438 31.25262594968081 136.4144130349159 5.406885474920273 13.29003839194775 0 10.69544100761414 0 12.13078477233648 1.461157687008381 2.150710612535477 1.569956690073013 1.101293556392193 0.3300974667072296 0.3543559014797211 14.52598543465137 17.80866985023022 0 28.47176130861044 28.78219349682331 28.35927424579859 17.5189250856638 0.9903759956359863 0 41.84700135886669 0 2.054339066147804 4.050237633287907 0 0.6899729445576668 3.838211789727211 0.6396203190088272 0 1.16363737732172 0 0.7559457942843437 0.1217174530029297 0.794178694486618 0.527571476995945 0 686.4832272082567 11.47532254457474 0 0 256.5905821025372 1.54649306833744 56.91345615684986 50.07784524559975 13.03330418467522 4.318933665752411 292.7166450098157 19.85026924312115 102.4579247832298 160.0996906161308 66.301448315382 8.756299272179604 419.5335584357381 137.9208792001009 154.2509912997484 65.48576344549656 1.546223253011703 0.9467491209506989 0 0.1297767162322998 0 0 0.7554847002029419 0 0 0 0 0 0 0 0 0 0 0 0 13.27096901834011 0.213437557220459 0 1.267407774925232 0.1648523658514023 21.04553937911987 0 16.08692829310894 0.8238256871700287 0 0 0 0 0 2.832388490438461 0.634207546710968 0 5.881120279431343 14.71134847402573 0 0 0 0 0.9872050583362579 0.2362321019172668 0.4303876161575317 0.8632461354136467 2.095453053712845 4.092688590288162 1.239114373922348 1.087714523077011 0.8603167533874512 35.79472720623016 0.740946888923645 2.120540589094162 0.2870609611272812 0.3270121961832047 0.1219945847988129 0 0 0 0 55.52838815748692 1.50284469127655 0.2025641053915024 0.1595105081796646 0 19.19394893944263 4.549548327922821 18.62943804264069 10.58110912144184 8.829550504684448 8.694802030920982 5.130699992179871 0.5424462258815765 0.3179941847920418 0.1339312046766281 0 0 0.7218547165393829 0.2295267358422279 0 0 39.23710864782333 3.784410640597343 4.096045091748238 155.9501931965351 8.479507453739643 123.7380853742361 15.11337132751942 745.4574272632599 18.8014971613884 1.907176814973354 21.72993144392967 6.378989949822426 2.599880799651146 19.25140589475632 6.617342069745064 104.6797904074192 3.564016923308372 0.508238822221756 10.46543088555336 0.5009659230709076 0
28.9748869240284 667.1423777192831 2563.797817781568 0.3986655622720718 2292.038689091802 1.2604079246521 1104.378304131329 3681.479590244591 10058.83291409165 37.65671533346176 0 13.43268477916718 789.8262542709708 1541.00029630959 66.35638375580311 58.88738188892603 3.665631182491779 4.17351308465004 0.2539851441979408 18.77431260049343 68.42358485609293 0.1710114926099777 2.588439628481865 0.8195664435625076 5.951238691806793 13.36338199675083 0.9293071925640106 0.6133053600788116 0 0.151441752910614 723.8076807260513 1133.118735976517 33.13368348032236 2.621265023946762 7.829958334565163 11.39988332241774 18.97758850455284 14.07525738328695 0.1256234794855118 2.411275804042816 12.45575989037752 10.67914617061615 5.735268294811249 2.906826741993427 5.031390503048897 2.573124311864376 87.0215425118804 9.301099210977554 1.608724869787693 10.72641424834728 6.436454281210899 0.1231975629925728 0 2.760034263134003 3.191813819110394 9.572128541767597 11.78749608248472 191.3934047296643 7.477278299629688 45.25920630991459 2.09543327242136 8.276152536273003 14.27233056724072 196.8686171174049 4.994906038045883 8.575523570179939 7.974774666130543 10.75630149245262 74.23808962106705 58.28136699646711 9.791550412774086 2.625032871961594 0 46.31664065271616 82.07943289726973 188.1648097112775 192.1563519760966 67.62633257359266 963.9750894829631 268.0623715445399 4.82938327640295 70.23704192042351 7.471145443618298 0 2.996326066553593 11.54809752851725 22.64382580667734 0.1089475676417351 1.426198430359364 0.5371629893779755 1.458343900740147 0.5183382853865623 39.19840370863676 5.777288109064102 2.191936492919922 19.86739178001881 3.70551472902298 0 0.1587537378072739 17.44332133978605 0.2933116853237152 0 2.05094188451767 0.4653884917497635 0.654084712266922 15.90691381692886 0 6.463475733995438 2.780634179711342 2.650817349553108 0 27.59625789523125 11.77860263735056 19.32491752505302 9.301069289445877 0.2038312554359436 0 0 0 0 0 0 0 0 0 0.1399238854646683 0 0 0 0 0.1301570683717728 0.3040145933628082 0 0 1.59916689991951 0 0 0.1221088543534279 0.279063418507576 1.124997049570084 0 2.474143490195274 0.2866379916667938 0 0.2660567462444305 0.1651950627565384 0 0 0 0 0.2615714967250824 0.5303995609283447 0.790218710899353 0 0.3063878417015076 0.5231229811906815 0 1.981653138995171 0 0.1877256631851196 0.2448022961616516 0 0.1150216981768608 0 0.4409042298793793 0 8.30222549289465 0 0.5281124711036682 0.3069456815719604 0 0 0 0 0.09946876764297485 1.33376707136631 9.326693028211594 1.052954435348511 0.1735951453447342 0 0.586316391825676 3.411910876631737 1.120056703686714 1.941899865865707 1.307271093130112 1.801406338810921 0.8685629367828369 1.557183593511581 0 0.2046114951372147 0.09602735936641693 0.1335977911949158 0 0.7082245275378227 0 0 0 1.367362469434738 0.9338336586952209 0.1592053025960922 165.3354616090655 35.41379424929619 349.2384586706758 61.00708314031363 58.80392837524414 36.78164537250996 4.441763356328011 54.31714736670256 1.853647790849209 1.106490284204483 5.325760893523693 2.633983924984932 4.180662468075752 0.6105651259422302 0.3463967740535736 2.37872602045536 3.574715949594975 0.7733035683631897
299.5447677969933 80.9440241008997 68.95996259152889 222.6450588256121 58.04145741462708 274.1600608229637 254.2987742424011 14.17479906976223 55.90439788997173 1215.104030326009 13.43268477916718 0 3291.393818892539 366.2797563448548 40.20068687945604 54.62989496439695 2.013479962944984 2.203257918357849 0 1.305619716644287 13.88769519329071 0 0 0.7318882197141647 2.474228352308273 5.745795682072639 0 0.8134856820106506 0.4956691563129425 0 29.52892512828112 18.80455331504345 92.98914314806461 0 0 2.921976655721664 66.09332858026028 51.27171137928963 3.499928623437881 7.518097400665283 13.42130831629038 16.08565807342529 0 1.313620433211327 0.9320962727069855 1.717932358384132 35.15187054127455 1.928599961102009 0.2346913814544678 1.504530116915703 4.060325630009174 0 0.8764941990375519 0.4315848499536514 1.330679439008236 2.733977012336254 6.105553545057774 28.93981175124645 2.092843852937222 7.996571756899357 2.398280456662178 137.4162853211164 0 11.37077916413546 1.184610098600388 2.373582907021046 3.394180670380592 3.996761366724968 7.575553379952908 17.70357276499271 33.17400608956814 92.11812365055084 0.2603919208049774 13.21406125277281 17.70285722613335 34.07013841718435 27.80689778923988 16.65666969120502 1.096525438129902 273.243712335825 1.966956973075867 87.26631163805723 1.936855107545853 0 0.7037819251418114 2.414901964366436 2.641003996133804 0.776487797498703 0.6256175935268402 0 0.6189011260867119 0 25.60308582335711 8.982744783163071 0.5067644566297531 2012.780489087105 21.5143316090107 0.224833145737648 0.3062445968389511 39.05113106966019 1.767056077718735 16.18080462515354 17.54586726427078 3.754750490188599 1.925276145339012 171.6151200532913 7.810757800936699 71.57381327450275 61.1475832760334 30.90024861693382 11.48285032808781 317.108171954751 154.3769889473915 196.5960865318775 81.17734536528587 0.7729823291301727 1.272987365722656 0.6287171244621277 0 0 0 0 0 0 0.2360197752714157 0.3947242945432663 0 0 0 0.1267862021923065 0 0.3261064291000366 0.2238573729991913 0 10.03395210206509 1.149343490600586 0.4239232093095779 0.1974048018455505 0.7940752506256104 37.17283110320568 0.1889852732419968 18.55462541431189 2.138208888471127 0.3809699267148972 0 0 0 0 2.560503572225571 0.4667721390724182 0 10.52864721417427 7.655128747224808 0.2572703063488007 0.5905783325433731 0 0 0.1321432441473007 0.6099413111805916 1.119506552815437 0.7204367369413376 0 3.229833528399467 0 1.308927401900291 0 53.71256610751152 1.193602874875069 1.076543360948563 1.369393318891525 0.5001752078533173 0.4402437955141068 0.3325895816087723 0 0 0 97.19180263578892 6.601116597652435 0 0 0.118406668305397 20.70773930847645 5.95011842250824 23.49893678724766 6.34804829955101 5.327603593468666 7.30593940615654 1.380139738321304 3.276397287845612 0 0 0.3416465520858765 0 0.3373972326517105 0 0 0 64.43645134568214 10.97855027019978 8.380193032324314 182.7215897068381 9.010572515428066 162.2188115492463 32.73300941288471 254.2214947044849 14.09800868481398 1.659749336540699 38.06624408066273 5.763797298073769 2.033313095569611 14.98172217607498 3.819428607821465 48.22499884665012 3.329482704401016 0.3353788703680038 8.070133879780769 0.5809478685259819 0
1516.438938871026 1993.579310275614 480.3433758318424 2474.904272392392 248.0523439347744 681.156431555748 6215.807614952326 373.3548042923212 2079.289528012276 5912.818494349718 789.8262542709708 3291.393818892539 0 1194.212214201689 358.1522717922926 393.9885921850801 22.06683804094791 12.98807861655951 2.724649339914322 8.713148951530457 44.5463038161397 1.860841333866119 0.6876825243234634 1.796933889389038 8.88601453602314 25.68560454249382 2.73219121992588 3.962747164070606 2.715529128909111 0.9002641588449478 279.1569423377514 160.4760833755136 698.414253719151 0 2.61418280005455 4.349268488585949 266.7061350718141 415.7365658730268 40.40544743835926 95.73374094069004 42.24325243383646 66.06554067134857 2.450805127620697 35.52602176368237 12.64353623986244 16.47289880365133 286.2815055847168 18.3509122505784 2.686437703669071 9.50470332056284 27.1547756716609 6.724759995937347 25.83202928304672 3.90475556999445 10.91388817876577 27.09020809829235 29.65233664959669 267.7699983790517 20.86034201085567 101.8202538490295 54.77553833276033 241.1747845262289 4.049539372324944 131.6172350421548 9.201730489730835 16.35740792006254 20.79963526874781 22.40480782091618 53.70260304957628 86.44576124101877 256.3292259946465 250.780113786459 1.437786459922791 100.462429523468 118.9843620657921 415.9115048348904 367.4078072234988 124.7117732316256 24.8232641518116 614.9668908491731 28.96965431421995 493.394080132246 15.53754605352879 0.4813622087240219 7.698592707514763 27.16345219314098 23.36091437935829 5.905054032802582 2.833243906497955 7.267477631568909 4.963327310979366 5.04126089066267 99.57486090809107 34.97386825829744 9.056174114346504 3996.272612541914 102.8409325927496 14.67160280048847 124.2497466057539 148.0092592164874 6.490475043654442 46.98584786057472 71.83473573625088 18.78891915082932 11.93613062798977 705.994457103312 22.74625790119171 280.2511440515518 397.1467759013176 104.3098290264606 48.02561607956886 1219.689780667424 705.7260840237141 782.7681589797139 325.4242791682482 6.521917335689068 6.211545810103416 0.1885615587234497 1.294416144490242 0.5072867423295975 0.131034642457962 2.442243844270706 0 1.603003822267056 1.658407814800739 2.253782719373703 0.3863216191530228 1.047184951603413 0.8521659076213837 1.364294908940792 0 1.383676171302795 1.602036908268929 0.3256839960813522 44.53253054618835 7.867511495947838 0.7535197213292122 12.18286285549402 9.099784076213837 161.2117278203368 10.11577568203211 158.8378498256207 30.99988851696253 6.847822673618793 0.9107653349637985 0.3143401741981506 0.6901355162262917 1.623833917081356 16.45087192952633 8.112730503082275 0.5487384051084518 32.54713904857635 61.01621024310589 0.6585509479045868 0.572027713060379 1.162035010755062 1.931918010115623 3.319084033370018 5.639671348035336 2.535956934094429 5.563586592674255 6.766027770936489 16.68245753645897 1.11201211810112 16.24199785292149 17.95127917826176 352.8899135664105 7.774083584547043 10.55348211526871 5.231463618576527 1.963821053504944 1.880531191825867 1.09615994989872 0.694842055439949 0 1.184301294386387 587.0026666522026 57.66183741390705 0.4632651209831238 0.6947155073285103 0.8625635355710983 114.4220825433731 50.52020309865475 158.9359107539058 39.39223492890596 24.79870440065861 58.2466212362051 18.40107715129852 9.569851413369179 2.610146448016167 0.2636075094342232 0.1049256175756454 0 2.710756488144398 0.9411575421690941 0 0 205.8255714178085 84.32537784427404 94.2292952388525 910.5487822443247 121.3844610154629 1219.54138019681 274.1114707663655 910.9171636998653 153.8400294929743 18.27695259451866 307.0832040980458 47.91933971643448 15.11868079006672 99.80997490137815 29.96001364290714 203.6257243677974 16.26291607320309 3.04567863047123 34.89097467809916 13.36879128962755 1.69474733620882
