0 5457.193262241781 1285.039557091892 1441.070419736207 853.0004274025559 361.9694207161665 1376.988127022982 5.779107697308064 129.6979783177376 603.5779716074467 153.2841609865427 8.438297271728516 33.62773747742176 11.41163028031588 11.61073517799377 0.3895001113414764 0 0 0 0 0.2798736691474915 0 0 0 0 0.1244234219193459 0.114314392209053 0 0.1341949701309204 0 1017.244357317686 9.095308475196362 0.3580247759819031 0 0 0.6260987967252731 0 0.2051198780536652 0.4891952723264694 0.1038959622383118 0.09028042852878571 0 0 0 0 0 42.28852377831936 0.5267382115125656 0.1181492954492569 0.3963639140129089 0.2472603246569633 2.336459994316101 0.1449244618415833 0.08644611388444901 2.74567299336195 1.216080136597157 182.864399947226 1257.881044499576 33.59214072674513 53.26944629848003 0.2338292226195335 0.2862531244754791 0 10.4987531080842 0.67848751693964 0.7426045760512352 0.7082568556070328 0.2426444962620735 0.2330814525485039 0.1456193327903748 7.708199918270111 26.19264513254166 0.5804566144943237 508.8332718759775 295.3470089510083 210.5848616957664 11.20906651765108 0 0.1282569915056229 3.024668626487255 0.4830183684825897 0.3457065373659134 2.051542535424232 0.1268279701471329 1.05278392881155 0.9452071487903595 0.6139440760016441 0.5504989251494408 0.3233607411384583 0 0 0.2090595811605453 0 0 0.1250689923763275 293.146345436573 19.25061973929405 1.850808382034302 1.682750657200813 1635.999061822891 0 0 0.319728672504425 0 0.5484643578529358 0 0 0.7250022292137146 28.51780781149864 0 0 0 0.749267004430294 0 0.4636440798640251 0 0 0 0 0 0 0 0 0 0 0 0 0 0 0 0 0 0 0 0 0 0 0 0 0.3201409727334976 0 0.1979318708181381 0 0 0 0 0 0 0 0 0 0 0 0 0 0.3611805140972137 0 0 0 0 0 0 0 0 0 0 0.1989496946334839 0 0 0 0 0 0 0 0 0 0.5762885212898254 0.4098980724811554 0 0 0 0 0 0 0 0 0 0 0.1389431655406952 0 0 0 0 0 0 0 0 0 0.4500546604394913 0.8738418072462082 116.2465317323804 7.760898105800152 77.66795348376036 8.484830275177956 244.9677137658 21.63516685366631 1.513626471161842 12.00184997916222 0 0 0 0 0 0 0 0 3.950953170657158 0.1532372385263443
5457.193262241781 0 4577.945332534611 1008.565027579665 6887.311148054898 787.8506481647491 8245.585366029292 18.23928224295378 2949.009600065649 486.7636959701777 841.2414408549666 5.208602406084538 459.757315300405 335.993921071291 93.26592180877924 1.911838442087173 0.7679406404495239 0.9758963882923126 0 0.2506295219063759 0.2073904424905777 0 0.4096468910574913 0.4815815463662148 1.902549892663956 1.04510809481144 0.2938283383846283 0.4904862195253372 1.005032800137997 0.3254566788673401 3101.283063612878 65.81670249998569 5.714891269803047 0 0.182537354528904 2.285325698554516 4.434229083359241 6.231837011873722 4.645814031362534 2.535970710217953 0.3464139997959137 0.1023704260587692 0.5511837229132652 0.3741188645362854 0.09271810948848724 0.4050878882408142 264.2794915139675 2.594315983355045 1.293340153992176 1.205727443099022 0.7456814870238304 0.7515205964446068 1.002118743956089 0.9985612109303474 10.5346355587244 3.467080935835838 106.1166764721274 936.3681005463004 41.84053204208612 123.1177186220884 0.7882365807890892 1.508459851145744 0.3751253336668015 121.7465125694871 4.222127892076969 3.690172851085663 2.40307754278183 1.30744606256485 1.551275700330734 1.913466684520245 19.41533602774143 6.508178800344467 0 614.1202116981149 515.5939406603575 689.6808273866773 157.7198882997036 1.780942365527153 0.9902518168091774 18.43685980886221 1.409779094159603 3.532244957983494 8.749352879822254 1.010173611342907 1.755009457468987 3.814651943743229 0.9059895128011703 0.8277895897626877 1.64292361587286 0.1469942182302475 0.4663064554333687 0.2153732031583786 1.650746881961823 0 1.018812634050846 217.3014197200537 9.007778398692608 0 8.084017194807529 1599.232236936688 0.5453352332115173 0.7346407771110535 0 1.776550829410553 0.7669527530670166 4.253861546516418 0 8.800535261631012 42.91691495478153 3.865078963339329 3.132554456591606 17.29665476083755 25.94975141435862 5.676077917218208 5.128018617630005 0.8863261118531227 0.4013402014970779 0 0 0 0 0 0 0 0 0 0 0 0 0 0.1057405173778534 0.3114569485187531 0 0 0.1828493773937225 0 0 0.3511019051074982 0.5685002654790878 3.366338469088078 0.3714190721511841 4.70264844596386 1.680170454084873 0.277325801551342 0 0 0 0 0 0.3036008179187775 0 0 0.7913413047790527 0 0 0 0 0.1153334602713585 0 0 0.08693581074476242 0 0 0 0.3302470967173576 0.7404477596282959 4.317085236310959 0.2136229425668716 0 0 0 0 0.1353650689125061 0.1027944162487984 0.150509238243103 0 6.35714003443718 1.341330543160439 0 0 0 4.002876952290535 0.9627486169338226 1.746690608561039 0.7295033931732178 1.055037915706635 1.140308879315853 0 0.7515147849917412 0 0 0 0 0.1165530681610107 0.09704393148422241 0 0 17.10993006825447 11.11912247538567 4.815260291099548 344.8221745714545 53.53367285430431 307.6433636695147 52.77594348788261 232.506947606802 94.80961257964373 7.103747695684433 55.88934398442507 4.530442327260971 0.6107246354222298 4.289165012538433 0.3671725690364838 5.498711973428726 0.4361299127340317 0 1.878589749336243 17.48177446424961 0.1523987203836441
1285.039557091892 4577.945332534611 0 41.12882272154093 737.3971434906125 115.6954688355327 296.8958272263408 1648.160311408341 1980.51030639559 53.65029659122229 6014.420835286379 14.86824570596218 158.1071820706129 433.3506236672401 72.69548263400793 6.617296397686005 5.742788143455982 4.933199785649776 1.892166987061501 26.25632814317942 51.03961803019047 0.2238584756851196 52.70899029821157 9.059742219746113 4.555004753172398 9.012771427631378 6.536741316318512 1.660714261233807 1.357840746641159 0 4010.019461385906 1008.716242976487 72.77235142886639 2.493186712265015 37.80302459746599 4.387125335633755 7.521625377237797 11.67757455259562 5.403843939304352 3.726688042283058 53.82300881296396 3.203172415494919 12.55306701362133 1.07976072281599 2.032710388302803 3.02692624181509 120.4359095469117 7.482876606285572 5.528907261788845 35.21375184506178 2.105069257318974 2.057188116014004 0.0837869793176651 5.541307352483273 3.354991972446442 1.445548608899117 59.13788104057312 1030.61620555073 15.12728823721409 48.56906973570585 36.74802073836327 7.761022925376892 5.834421686828136 375.2837482392788 1.134299747645855 3.635697953402996 2.223493926227093 22.77283119410276 74.10729519277811 130.875786729157 174.230052113533 42.05259508639574 0 305.3357167616487 411.8063059896231 390.0636316761374 181.2312617301941 26.93801143020391 275.7691319733858 926.7552593424916 73.08203043788671 480.5438290983438 6.741934351623058 0.4741345122456551 1.367019280791283 1.686161026358604 30.14266710728407 0.4265749901533127 0.9044292494654655 0.7856208011507988 0.9280082806944847 1.197957679629326 25.38575281947851 2.233572907745838 12.22515390068293 345.4937495067716 30.28125229477882 0 4.25756398588419 482.8086414262652 0 0.995888888835907 4.771129831671715 10.67714221775532 4.422664850950241 24.1943718791008 6.599464058876038 45.9932214319706 133.3938270360231 31.17083191871643 14.77849453687668 101.5066221654415 104.6594711244106 34.22588166594505 55.92393597215414 0.7474872767925262 0.4816316291689873 0 0 0 0 0 0 0 0.1196212396025658 0.1231932267546654 0 0 0 0 0.235600657761097 0 0.09864122420549393 0 3.796983674168587 0 0 0 0.1928853839635849 3.446515746414661 0.2736870646476746 7.286695718765259 1.294122308492661 0 0 0.1739871054887772 0.3194256871938705 0.16255022585392 0.1548243910074234 0 0.1490932554006577 0.837497241795063 4.768703415989876 0 0.3300194442272186 0 0 0 0 0.7393799424171448 0 0 2.407595098018646 0 0.5528287887573242 0.205974355340004 6.244148008525372 1.516608983278275 0 0 0 0 0 0 0.1239638701081276 1.622507378458977 46.41980604082346 0.2500917911529541 0 0.1203710809350014 0.3928514122962952 14.882394567132 2.597623035311699 3.546824932098389 0.6722164750099182 3.456101953983307 2.053707271814346 3.781260371208191 2.549081563949585 0.5820564031600952 0 0.1216845586895943 0 0.109481506049633 0.1367447227239609 0.1627278923988342 0 90.96040877699852 35.77299321442842 3.43688478320837 133.4485192000866 24.46930938959122 157.1453843265772 32.73966220766306 50.02090353518724 29.31721020489931 1.822029694914818 27.87295506894588 7.146085560321808 0.4169867783784866 6.609170645475388 2.358064159750938 21.61013042926788 0.5524701178073883 0 8.454994350671768 2.789734415709972 0.5349693596363068
1441.070419736207 1008.565027579665 41.12882272154093 0 58.12582153826952 834.3286944776773 959.5698091238737 0 22.99755930155516 2179.66733007133 6.052583128213882 118.3738113343716 473.1287342235446 4.813504658639431 7.631141886115074 0 0.1593832969665527 0.1169257014989853 0 0.1219865679740906 0 0 0 0 0 0 0 0 0.1239187717437744 0 45.798664316535 1.193513832986355 0 0 0 0.1258824616670609 0.2704662680625916 0 1.324991673231125 0 0 0 0 0 0 0 30.77454473078251 0.1851468533277512 0.2484537363052368 0 0.1765369176864624 0.2322938740253448 0.112590879201889 0.1033716052770615 1.491938009858131 0.4078074842691422 19.94898322969675 79.55028049647808 3.643615774810314 18.85414489358664 0.1331091672182083 0 0 8.855465844273567 0 0.3639901354908943 0.08620136976242065 0 0.1658910512924194 0 0.5630846694111824 1.387963265180588 0 97.04833140224218 70.08467522263527 74.11608875542879 9.106676436960697 0.3891677856445312 0 0.102514460682869 0.1145246922969818 0.6985679268836975 0.5673183798789978 0 0 0.334112286567688 0.237462192773819 0 0.1045701429247856 0.09157932549715042 0.1439700424671173 0 0 0 0.1581651419401169 282.0684705525637 2.417901143431664 0 0.119882732629776 165.9831438362598 0 0 0 0 0 0.6133480668067932 2.302215814590454 0.5247981995344162 34.28514152765274 2.343793928623199 0 2.811209335923195 2.963804706931114 0 0.9076375067234039 0 0 0 0 0 0 0 0 0 0 0 0 0 0 0 0 0 0 0 0 0 0.09893379360437393 0 0 0 0 0 0 0.2143439799547195 0 0 0 0 0 0 0 0 0 0 0 0 0 0 0 0 0 0 0 0 0 0.4649342000484467 0.7784848809242249 0 0 0 0 0 0 0 0 0 0.5464831292629242 0 0 0 0 0.2772527039051056 0.3372883796691895 0.3465054929256439 0 0 0.1845903694629669 0 0 0 0 0 0 0 0 0 0 2.434418544173241 0.5348825007677078 0.5146219730377197 60.18581691384315 5.348600849509239 40.14473570883274 5.389047183096409 107.0230264812708 11.02508544921875 0.3046107590198517 6.529781028628349 0 0 0 0 0 0 0 0.1589494943618774 0 0
853.0004274025559 6887.311148054898 737.3971434906125 58.12582153826952 0 53.55116830021143 5271.975769817829 36.91986545920372 10194.06793633103 210.1785952150822 486.1911693289876 6.37717591971159 841.5118981227279 713.5217041969299 107.8896146714687 5.035454161465168 1.708726540207863 0.4272111728787422 0.43592419475317 0.6192469000816345 0.3132473006844521 0.1004450842738152 0.3349217250943184 0.6549401730298996 0.4527257978916168 0.8200014755129814 0.2098898962140083 0.4662647321820259 0.8493830487132072 0.4129240736365318 418.682731539011 74.99565779417753 6.398885570466518 0.09356491267681122 0.488559253513813 0.9133791849017143 5.394355036318302 5.614120475947857 4.662067636847496 3.075601167976856 0.7729946151375771 0.6096623241901398 0.08719300478696823 0.5171630159020424 0 0.3456156402826309 238.0264727398753 1.042006649076939 0.9982127994298935 1.049415454268456 0.8178802579641342 0.7528649792075157 0.573514461517334 1.815995633602142 5.460413716733456 2.330527484416962 31.46063483506441 214.045817181468 18.87293914705515 70.06006471812725 1.159605376422405 1.704171031713486 0.08504896610975266 133.0951728597283 2.074346069246531 2.175842091441154 1.286453321576118 1.300348684191704 1.62436281144619 1.314556978642941 14.19198667258024 5.552802532911301 0 211.757274389267 257.103706009686 440.6295163035393 203.3930032551289 4.659370549023151 1.546078257262707 7.465314999222755 1.118037424981594 4.57446912676096 5.725934706628323 0.4315776228904724 0.8155092895030975 3.568713583052158 1.434866666793823 0.6628017723560333 1.502289950847626 0.1088887378573418 1.000713542103767 0.3032639473676682 0.9080836176872253 0.5609264597296715 0.6630282700061798 45.67740129679441 1.719012595713139 0 5.621757686138153 68.43975227326155 0 0 0.5160861164331436 0.6935001313686371 1.64822818338871 4.811647668480873 2.89469313621521 11.55963223427534 36.97141756117344 12.18423438072205 5.580472551286221 18.63786002993584 32.09364242106676 11.51414866745472 8.429706744849682 0 0.3205924928188324 0 0 0 0 0 0 0.2776009142398834 0 0 0 0 0 0 0 0 0.2261163964867592 0 2.105697199702263 0 0 0.6943514868617058 0.1325273066759109 1.850083567202091 0.7200383543968201 4.11854387819767 1.524671785533428 0.5073170587420464 0 0 0 0 0 0.1970743089914322 0.1045233681797981 0 2.713072277605534 0 0.09339705854654312 0 0.108518660068512 0.131219282746315 0 0 0 0.2420938313007355 0 0 0.09170698374509811 0.2113847956061363 2.208951368927956 0 0 0 0 0 0 0 0 0 16.85349315404892 0.9845127835869789 0 0 0.2637234777212143 1.716167397797108 1.126151092350483 1.683508485555649 0.1505614817142487 0.9704567193984985 1.956238523125648 0.1434044241905212 0.6507186889648438 0.120423935353756 0 0 0 0.07846317440271378 0 0 0 27.09455318003893 9.842300303280354 5.045143254101276 280.1442905366421 54.38934963196516 251.5316726267338 62.44766047596931 48.9279408454895 77.57888879626989 6.053178571164608 49.69380274415016 6.85552616417408 0.6248270869255066 3.268513947725296 0.4515601992607117 1.920811221003532 0 0 1.550526469945908 4.059661842882633 0.9946418628096581
361.9694207161665 787.8506481647491 115.6954688355327 834.3286944776773 53.55116830021143 0 371.112207017839 0.8202180415391922 21.72812482714653 1399.175027817488 13.1941594555974 108.3420082628727 123.8454749137163 31.12113259732723 4.948832355439663 1.099419727921486 0.7242689430713654 0 0 0.212441548705101 0 6.876350075006485 0 0.2787810564041138 0 0 0 0 0 0.1628294438123703 102.7057644799352 1.636468559503555 9.962669335305691 0 0 0.5480730831623077 3.170097574591637 1.41001757979393 2.459711506962776 0 0 0 0.279277116060257 0.1493718922138214 0 0 12.33994623273611 0.308408722281456 0.1698783189058304 1.205486193299294 0.8743138909339905 52.06281521916389 0.1508042216300964 0.2311558425426483 0.4046683683991432 0.5512771680951118 100.0014460980892 168.4411304742098 5.181553535163403 11.80585519969463 0.573337659239769 2.363481715321541 0.2984127402305603 3.200620837509632 0.3119800984859467 0.3151671215891838 1.331862695515156 1.427438005805016 1.26773864030838 0.1880736202001572 237.2763959765434 392.8004699349403 13.66350026428699 95.32611403614283 60.30727086961269 55.29222627729177 6.526278495788574 0.6847222819924355 0.2237244248390198 9.787026703357697 0.5035326033830643 4.126134321093559 0.9566065073013306 0.77426777780056 0.4925007522106171 1.651418179273605 0.858332097530365 5.406874716281891 2.430167466402054 18.76222172379494 0.9152678251266479 5.320317819714546 1.186446622014046 0.4796097576618195 2.03938427567482 501.2106039077044 279.5944110900164 70.63370019197464 25.06367537379265 1059.838574618101 0 0 0 0 0 0.3986940383911133 0 0.5143036991357803 9.431454747915268 2.84403920173645 0 1.968019053339958 0.7427551448345184 0 0 0 0 0 0 0 0 0 0 0 0 0 0 0 0 0 0 0 0 0 0 0 0 0 0 0 0 0.322657585144043 0 0.3201317191123962 0 0 0 0 0 0 0 0 0.1822075247764587 0 0 0.1915178298950195 0 0 0 0 0 0 0 0 0 0 0.539096474647522 0 0 0 0.4306183457374573 0 0 0 0.2673128545284271 0.9875504672527313 0.2973982691764832 0.4147339165210724 0 0 0.1607878357172012 0.3471849411725998 0 0.1674831062555313 0 0 1.064346551895142 0 0 0.6094593405723572 0 0 0 0.2274470776319504 0.1445512771606445 0.6359289884567261 0 4.711927175521851 0.6724529564380646 0.1672350615262985 19.45264763385057 1.956031300127506 21.24561429768801 2.991397954523563 338.9368832558393 3.920917265117168 0.6039433628320694 3.48545640707016 0.2910444885492325 0.3353742659091949 0.55658058822155 0 0 0 0 0 2.151968777179718 0
1376.988127022982 8245.585366029292 296.8958272263408 959.5698091238737 5271.975769817829 371.112207017839 0 5.536487892270088 2985.723609983921 1446.746293134987 34.1853569149971 35.51656796783209 3455.763886801898 245.6708098202944 207.8289822861552 13.32351291924715 1.170741453766823 1.109094977378845 0.3302940726280212 0.9917990416288376 0.8993351459503174 0.08495200425386429 1.523038782179356 0.6724002063274384 1.032019004225731 2.0399369597435 0.3138789534568787 0.7969840541481972 2.330995842814445 0.07688245177268982 315.9341543540359 78.73792307078838 13.65901570767164 0.1630326583981514 0.8610185831785202 4.806819722056389 11.01726295799017 9.122412137687206 9.139665685594082 4.580807246267796 2.078295968472958 0.6915341913700104 0.329478032886982 0.4690647423267365 0.319227434694767 0.5192963033914566 490.1673654019833 2.000589616596699 1.577452406287193 2.213771186769009 1.086781486868858 0.9263617694377899 1.171700857579708 1.277760572731495 12.95798283815384 5.06414096057415 57.61419879645109 315.2351183742285 42.00311607867479 137.6733542308211 1.478777661919594 1.910429172217846 0.4136892855167389 207.1202764138579 4.119271449744701 3.912123508751392 2.367715328931808 2.483816161751747 1.236408829689026 4.079859800636768 46.2328222617507 9.052065759897232 0.08152761310338974 413.2208301201463 434.6954679563642 742.6941258572042 354.8876147419214 10.59764859825373 2.00930580496788 7.73790331184864 1.294404841959476 9.661975748836994 11.32420186698437 0.672377310693264 1.608813919126987 3.31257251650095 1.80213475227356 0.8768553137779236 2.852450184524059 0.304804801940918 0.4513219445943832 0.4824132099747658 3.300875551998615 0.09437525272369385 2.440450675785542 327.5602083206177 8.551562555134296 0 10.85137823969126 98.91836497932673 0.285893440246582 0 3.93474318087101 6.333402097225189 4.320137664675713 31.2222443819046 13.11444887518883 42.71056152880192 162.9964755773544 34.05505855381489 17.01038612425327 77.51393276453018 113.7321508675814 30.4009193778038 18.98556935787201 0.7498161047697067 0.5215234979987144 0 0 0 0 0 0 0 0 0 0 0.2654643058776855 0.1467257738113403 0 0 0.3830489441752434 0.1267712414264679 0 2.629844091832638 2.71844893693924 0 0.5069501101970673 0.3615526333451271 2.815715305507183 1.363308101892471 9.015689998865128 2.929047927260399 0.8174524679780006 0 0 0 0.2482280433177948 0.5774198099970818 0.1807921975851059 0 0.1058697253465652 6.170560821890831 0 0.2651862502098083 0 0.1029752939939499 0.2259748876094818 0 0 0.08107293397188187 0.8993290066719055 0.3382889628410339 0 0.6680629104375839 0.9329990893602371 6.387332804501057 0.2728675007820129 0 0.09757287055253983 0 0.2255635857582092 0 0 0 0.3044004589319229 30.5359219238162 0.88681860268116 0 0 0.08817240595817566 4.51881468296051 1.289924658834934 1.177866600453854 0.8420151025056839 3.498141273856163 2.045239195227623 0.1934559941291809 1.470433205366135 0 0 0 0 0 0 0 0 83.35143265873194 33.18085661530495 4.830546207726002 638.3276710212231 101.3936530351639 556.0206191167235 110.3608269169927 189.7727666795254 154.0595398321748 10.95328514277935 122.3685439452529 13.89042112976313 0.5010173916816711 6.701359540224075 2.694485053420067 25.01119980216026 0.8899598121643066 0 5.630343839526176 5.546617388725281 1.91817769408226
5.779107697308064 18.23928224295378 1648.160311408341 0 36.91986545920372 0.8202180415391922 5.536487892270088 0 295.8411243334413 2.103056997060776 6094.737028829753 4.587188623845577 33.85566455870867 413.6453355550766 51.27902515232563 7.950815446674824 21.74791757017374 23.20719929784536 9.913878448307514 115.1721496582031 138.6432046741247 0.3278290778398514 130.0137749612331 26.80918530374765 9.120712712407112 18.87241781502962 15.00102046877146 5.354513965547085 2.13329342007637 1.400444090366364 379.1242631599307 2257.694800302386 89.19945572316647 10.55625281482935 94.1781095340848 10.824792355299 15.86646983772516 22.39687002450228 8.074570752680302 9.930567055940628 130.8404780626297 8.999447114765644 48.30239571630955 9.791650220751762 15.56638825684786 24.32971106469631 51.66084645688534 7.864114694297314 19.00446312874556 89.52033632993698 2.880906969308853 7.257157266139984 0.4915959611535072 12.8198664560914 0.8258433789014816 0.6588083133101463 6.220688328146935 69.54439973086119 1.067004673182964 6.372392177581787 233.9002408757806 24.59111332893372 50.62579569220543 265.2629506587982 0.2950588166713715 4.768346525728703 2.565279461443424 40.50198262184858 150.4106994941831 340.9333120509982 33.50819843262434 7.287086330354214 0 21.08829353004694 93.5230772420764 82.99172825366259 495.0628384947777 643.5437797904015 1601.755679503083 3189.666119411588 855.4584273472428 3119.382264137268 2.601752050220966 0 1.850772261619568 1.539831779897213 67.0426737293601 0.3149454295635223 1.017326146364212 0.9463490396738052 2.102837555110455 1.732325248420238 54.55528723448515 3.402711562812328 20.58082342147827 30.30852627009153 5.847543157637119 0 6.385189853608608 0.7349834367632866 0 0.5657230615615845 0.5300176292657852 1.007575631141663 0.2506455183029175 4.595006078481674 0.5808236002922058 2.366511657834053 7.074872985482216 2.355020582675934 1.80979810655117 6.408994793891907 8.857308052480221 1.922872021794319 2.108072832226753 1.068424612283707 0.3031557649374008 0 0 0 0 0 0 0 0 0.1199438497424126 0 0 0 0 0.2439492121338844 0.1264669150114059 0.1770980954170227 0 0.2398537248373032 0 0 0.1634498089551926 0 1.185840278863907 0.3625862672924995 1.568618036806583 0.9857823997735977 0.1334750354290009 0.7071581035852432 0.4112154096364975 0.1739529073238373 0 0.1032463982701302 0 0.1161772012710571 0 0.3111662045121193 0 0 0 0.1087340414524078 0.6971219331026077 0 0 0 0 0 0 0.12363650649786 0.2196608036756516 0.6740702614188194 0.4842574596405029 0 0 0 0 0 0.7368553802371025 0 0.9177737236022949 7.529481239616871 0.8797911554574966 0 0 1.020373798906803 1.28745573759079 0.2039487808942795 0.6060521900653839 0 0.7630465626716614 0.1261497884988785 0.1041155308485031 0.1355357021093369 0.4874506890773773 0 0 0 0.5254524350166321 0.2405828982591629 0 0.1150742396712303 4.440930090844631 3.165391802787781 1.884949527680874 69.83568054437637 10.91181886196136 117.2552498728037 21.52998761832714 2.418470084667206 10.99404966086149 0.6660418286919594 15.93777991086245 2.207173727452755 0.173625111579895 1.747760854661465 0.3692150115966797 0 0.5935132652521133 0 0.3393919169902802 1.373386777937412 0.9694512039422989
129.6979783177376 2949.009600065649 1980.51030639559 22.99755930155516 10194.06793633103 21.72812482714653 2985.723609983921 295.8411243334413 0 238.293950073421 3855.372144989669 121.6232148557901 3291.537191100419 3857.59602741152 293.416318975389 41.2476257905364 7.00163210183382 1.173402279615402 0.6161125302314758 3.805248744785786 10.87114193290472 0.3420024216175079 10.29779203981161 3.833710491657257 2.055151149630547 3.469108767807484 3.843016989529133 1.069200240075588 2.706899747252464 0.372901439666748 322.3989869430661 143.8372142538428 48.68267980962992 0.63804791867733 6.630970254540443 2.467011786997318 11.95579291135073 9.008838661015034 6.543472737073898 3.997614063322544 14.5166439563036 2.442313849925995 2.101658575236797 0.673656091094017 0.2592000886797905 0.8619828075170517 360.9616441205144 3.619660541415215 3.620009146630764 6.985097229480743 1.392082132399082 2.25759806483984 0.5289450585842133 1.681687481701374 5.000948935747147 3.106377139687538 22.25611320883036 154.1720300167799 15.61576239019632 55.19277264177799 2.507256932556629 4.626787424087524 1.29708206653595 241.2122032940388 2.297411635518074 3.219646848738194 1.701494462788105 6.090798601508141 13.46890874952078 30.81986574828625 58.25523352622986 13.64642915129662 0.2588605880737305 164.8360996171832 277.5778570845723 487.1127138137817 508.4451518207788 38.08674734830856 15.18526162207127 139.2449082806706 6.068944476544857 79.70065175741911 8.793939374387264 0 1.522960126399994 3.57306095212698 7.60434690117836 0.4476359933614731 3.214302457869053 0.5696185231208801 0.7424819618463516 0.6071677207946777 11.32922035455704 1.343345895409584 5.602654948830605 285.3471825569868 5.589501105248928 0.7154920101165771 9.051655068993568 15.37069443613291 0.518528550863266 1.481984212994576 6.158676207065582 9.316783249378204 3.689167588949203 31.69877780973911 7.832177892327309 47.28709599375725 139.9471175298095 45.92060934007168 21.3180719986558 126.374328315258 133.8637187257409 59.37922314554453 27.23147916793823 0.8114591091871262 2.623970329761505 0 0 0 0 0.1787827163934708 0 0 0 0 0 0.2604616656899452 0.1323958784341812 0.0736389234662056 0.127621665596962 0 0 0 6.348685443401337 1.648499056696892 0 0.2413360998034477 0.2924982607364655 0.9126748666167259 1.141305133700371 7.084398992359638 1.55954235047102 0.5325244665145874 0.1346359848976135 0.2759663090109825 0 0.1113649159669876 1.847483716905117 0.185134045779705 0 0.1324961632490158 4.505622833967209 0 0 0 0.2106680795550346 0.1204186752438545 0 0 0 0 0.1129136085510254 0 0.5092348381876945 1.010725237429142 5.240977592766285 2.146953962743282 0 0 0.1297350823879242 0 0 0 0 0.6076744794845581 33.48634311556816 0.5904290974140167 0 0 0.6927464678883553 7.993075273931026 2.424638226628304 1.437761358916759 0.4391572177410126 3.68921847641468 2.882780611515045 2.167231105268002 2.634146980941296 0.1086742952466011 0 0 0 0 0.3809587880969048 0 0 114.7875487282872 27.06059486418962 4.499957621097565 555.5735377520323 109.0950607359409 537.0488589704037 137.7623323127627 34.81268602609634 118.4342385828495 9.010182157158852 134.5429788604379 12.53813655674458 1.829583190381527 10.20207879692316 2.275120705366135 25.75900752842426 1.544704012572765 0 3.849548175930977 9.657460764050484 3.285158306360245
603.5779716074467 486.7636959701777 53.65029659122229 2179.66733007133 210.1785952150822 1399.175027817488 1446.746293134987 2.103056997060776 238.293950073421 0 41.97615659236908 1821.403570026159 7783.817131005228 849.2988465055823 28.37958759069443 4.111828856170177 0.8923633024096489 0 0 0.2763668224215508 0.6127341911196709 0.6035497188568115 0.2469871938228607 0 0.1841594576835632 0.1266200393438339 0.9760870710015297 0.1607984006404877 0.3642907440662384 0 66.86125227808952 4.547017998993397 8.414684757590294 0 0.2570844143629074 0.5950794368982315 0.7147359848022461 1.392286732792854 0.9258225411176682 0.5377472192049026 0.6601186990737915 0.4019836187362671 0.1701970100402832 0.1441873461008072 0 0 35.13986975699663 0 0.2444480061531067 0.3408303931355476 0.2527328431606293 4.88251930475235 0.126713752746582 0.4376165121793747 1.745837442576885 0.144803524017334 25.52073034644127 104.4370160400867 2.70547566562891 13.20400914549828 0 0.8632632195949554 0.1513426154851913 12.7346430644393 0.2224665209650993 0.1262857019901276 0.8145212382078171 0.8221139833331108 0.9405661374330521 1.912300266325474 37.66264881938696 35.14808760583401 1.218764409422874 97.31766640394926 67.2800562158227 83.0003180578351 36.5548980012536 2.112965203821659 1.223215170204639 16.28646641224623 0.3545758873224258 3.488869301974773 0.7611960917711258 0.4134107530117035 0 0.1285597383975983 0.1463907510042191 0.5529725700616837 0.3026090487837791 2.381880939006805 0.1383297145366669 0 0.7942760363221169 0.09076062589883804 0.6190567910671234 2553.648167818785 19.94372283667326 4.548431441187859 2.073538154363632 368.7508902996778 0 2.64652293920517 6.849341675639153 6.661897420883179 2.736221216619015 25.81850391626358 21.05774009227753 30.72870990633965 187.8080995082855 57.12582670152187 12.95472222566605 94.19467557966709 123.0272161364555 41.81656254827976 14.67890863120556 0.1243943348526955 0.484661266207695 0 0 0 0 0 0 0 0 0 0 0 0 0 0 0 0 0 4.034327492117882 1.818561628460884 0 0 0 0.2774208188056946 0.1894808709621429 0.3574241772294044 0.7352675944566727 0 0 0 0 0 0 0 0 0.3394333720207214 2.403503030538559 0 0 0 0 0 0.246712327003479 0 0 0.6136688590049744 0.5180083364248276 0 0 0 2.495807111263275 0.4711006283760071 0.2590950429439545 0 0 0 0 0 0 0.1275085955858231 17.06841286271811 0.15850430727005 0 0 0 2.469011440873146 0.2651487588882446 0 0.1889774948358536 0.3852265179157257 4.037022121250629 0.61808080971241 1.483889177441597 0.1320595443248749 0 0 0 0 0 0 0 121.5399946719408 13.50214716792107 0.7785270884633064 105.1244353652 9.46312990039587 74.97378151863813 10.6580213457346 262.8931152522564 15.81770276278257 0.8508570790290833 20.07914005219936 3.243681356310844 0.08111745119094849 5.580363340675831 1.175737380981445 25.69010443985462 0.74188531935215 0 2.525857910513878 0.5009497627615929 0.6604009866714478
153.2841609865427 841.2414408549666 6014.420835286379 6.052583128213882 486.1911693289876 13.1941594555974 34.1853569149971 6094.737028829753 3855.372144989669 41.97615659236908 0 80.21187994629145 656.4321323558688 2103.471422791481 261.518908970058 49.24693104624748 14.14329501986504 2.8659832701087 0.3664524257183075 18.69127433001995 48.59173014014959 0.09026672691106796 67.03550941497087 22.28720078617334 10.51961097866297 19.97877255827188 17.70160628855228 2.904337793588638 2.142104983329773 1.41036007553339 788.6526598632336 637.0263702720404 279.0314968526363 6.978348955512047 50.82547573000193 18.56809892505407 42.37578784674406 49.97229029238224 11.57302008569241 9.394696719944477 90.77713347226381 4.760966323316097 12.18676086515188 2.745760977268219 2.085368379950523 1.307690881192684 275.3489011824131 7.960096634924412 5.127113193273544 22.58829111605883 3.851187877357006 6.855701789259911 1.384118534624577 5.794067561626434 6.277054905891418 2.231396935880184 24.76169878989458 226.7357658147812 14.30455826967955 42.55842055380344 12.97787289321423 32.87789020687342 4.840531341731548 333.9273301139474 1.972625337541103 3.598069593310356 3.234379127621651 19.56230448931456 59.21131850033998 148.1711071059108 134.3845577761531 13.37306981533766 0 154.8001407980919 304.9122731685638 443.4647403135896 530.7965527623892 70.21489742398262 453.9153408035636 1346.906971976161 38.39599204063416 617.503630682826 4.931394927203655 0.6007301211357117 2.419111587107182 3.467892065644264 24.98660700768232 0.4418089389801025 1.71557629108429 0.5759114772081375 1.401018597185612 1.941542789340019 43.68541003018618 4.074489377439022 17.21039378643036 179.7593701332808 13.92672091722488 0.1771271675825119 12.9906699731946 25.74967338889837 2.028129085898399 0.4416281282901764 0.6037166118621826 0.6591300815343857 3.025995016098022 7.061888441443443 5.139259934425354 16.0711567029357 42.72871776670218 7.757256910204887 6.180183708667755 32.47586082667112 32.2573434561491 11.88414435833693 13.92118585109711 0 0.6794246137142181 0 0 0 0 0.1857703328132629 0 0.2071858197450638 0.08747642487287521 0.144545316696167 0 0.1785825937986374 0 0 0.2381783649325371 0 0.3204464837908745 0 0.8661233559250832 0.6822896674275398 0 0.7901855707168579 0.09364427626132965 2.146006509661674 0.6579920500516891 5.058452904224396 2.10251472145319 0.2201190590858459 0.09460266679525375 0.1143309846520424 0 0 0.4333897083997726 0 0 0.1588788032531738 3.236416399478912 0 0.6111872941255569 0.1268699169158936 0.1089450642466545 0 0 0.1833716332912445 0 0.9337754845619202 0.7218239009380341 0 0.37506253272295 0.1989702358841896 3.005196511745453 0.6196272969245911 0 0.2703004479408264 0 0 0.09609620273113251 0.1026628762483597 0 1.105291604995728 13.80069962143898 2.363677211105824 0 0 0.6355191394686699 5.902381874620914 0.2590385526418686 0.9886859133839607 0.2613479197025299 0.6658535748720169 2.744728684425354 1.117521032691002 1.297709874808788 0.1351391524076462 0 0 0 0 0 0.1138228252530098 0 19.19546023011208 16.35091373324394 5.605242818593979 383.7538708001375 84.05915941298008 427.3049053773284 109.9466433823109 21.16611767560244 85.33996760845184 4.556189648807049 109.8358504548669 10.91233815252781 2.254015043377876 7.426885440945625 1.207886010408401 5.349489942193031 1.147833913564682 0 3.172412931919098 6.21953658759594 2.881076328456402
8.438297271728516 5.208602406084538 14.86824570596218 118.3738113343716 6.37717591971159 108.3420082628727 35.51656796783209 4.587188623845577 121.6232148557901 1821.403570026159 80.21187994629145 0 2036.906221821904 723.3590817004442 70.00924441218376 27.15221650898457 10.22814247757196 0.3568778485059738 0 1.122414499521255 2.237856224179268 0.4681702703237534 2.20773683488369 0.997731052339077 0.3152395486831665 0.7764815390110016 0.7714794278144836 0 0 0 1.371118754148483 3.5375846773386 172.3594106957316 0.1958630383014679 1.662465780973434 4.450045853853226 41.76509531587362 7.792235545814037 5.749115504324436 0.5564790368080139 5.250053912401199 0 0 2.430962771177292 0.4383895546197891 0.9371724128723145 48.51004749536514 0.5291958749294281 0.3279062658548355 0.7316438183188438 0 2.371174573898315 0.8837228715419769 0.5709030851721764 1.133631981909275 0.2632223665714264 0.8333160877227783 4.97202005982399 0.393095038831234 3.22390154749155 8.330433279275894 24.46401551365852 2.83994048833847 12.93172877281904 0 0.3174864947795868 0.1227708756923676 0.707881785929203 2.603480465710163 10.2978221103549 145.6426579207182 36.87800091505051 0.1876888573169708 13.85604283958673 16.95510969310999 43.91621859371662 80.49401194602251 17.85776112228632 2.058281399309635 193.5578903406858 12.65898237377405 98.87161812931299 0.8936982303857803 0.2318623811006546 0.2988904118537903 0.2239116504788399 2.368354313075542 0.1885040253400803 0 0.9761548042297363 0.3229577243328094 0.3833641856908798 2.061168871819973 1.520606778562069 0.8824303522706032 2200.905309140682 19.99458658695221 1.78959795832634 5.470901258289814 25.38590312004089 0.8880402147769928 1.688430666923523 6.532565660774708 7.73756143450737 6.213549330830574 34.18170591443777 17.55872249603271 46.72674177587032 143.6966276392341 53.80853413045406 15.42978813499212 131.5472880154848 156.7374677583575 54.08648777753115 33.37001167237759 0.1175972074270248 0.7536946833133698 0.135059580206871 0 0 0 0 0 0 0 0 0.1410893201828003 0 0 0 0 0 0 0 5.171085469424725 0.8968261331319809 0 0 0 0.6450249850749969 0.1727368533611298 2.577881038188934 0.3279038518667221 0.5896835327148438 0 0.1724405139684677 0.3680925369262695 0 0.254348486661911 0 0 1.02863398194313 4.383944161236286 0.5844419300556183 0.2399456202983856 0.1615161150693893 0.09281885623931885 0.1113244667649269 0 0 0 0.5437830910086632 1.536433413624763 0 0 0 3.409833431243896 1.790529981255531 0.3320452868938446 0 0 0 0.4664122462272644 0 0 0.2920138537883759 32.03822600841522 0.7019187957048416 0 0 0.6070437431335449 9.91547554731369 0.5684067606925964 0.1914838552474976 0.4176209270954132 2.252613700926304 3.690295204520226 2.056596100330353 1.719796404242516 0.5202952027320862 0 0 0 0 0 0 0 139.9461159557104 30.8655152618885 4.233810238540173 165.1488720700145 17.14655432105064 119.4766848236322 23.84184665977955 19.53241975605488 15.43229818344116 0.8524810075759888 49.37472449988127 13.76791767030954 0.9004646986722946 10.96619506180286 0.9258693382143974 15.23198339343071 2.874364763498306 0 5.308914884924889 3.316618531942368 2.026273652911186
33.62773747742176 459.757315300405 158.1071820706129 473.1287342235446 841.5118981227279 123.8454749137163 3455.763886801898 33.85566455870867 3291.537191100419 7783.817131005228 656.4321323558688 2036.906221821904 0 4224.517821036279 264.0561534166336 98.00953986495733 37.09284444153309 2.794775478541851 0.7747219428420067 5.304443947970867 6.659669570624828 1.039772368967533 10.87759508937597 1.714068308472633 2.653596803545952 2.971128642559052 3.369429551064968 0.5037052035331726 2.934581659734249 0.599539190530777 63.98435348272324 39.13438750058413 669.7567337527871 2.148576356470585 7.847467802464962 20.76739706844091 189.8709380701184 61.34862698614597 143.8850520476699 14.9223957285285 11.06067384034395 1.54350920021534 3.284660294651985 8.365074895322323 0.6408402621746063 3.745087333023548 207.0370483621955 1.327562548220158 2.285618089139462 5.691821694374084 1.377717778086662 3.574703380465508 7.127491056919098 1.353005111217499 2.703392527997494 0.9551861360669136 7.439681656658649 41.83049470186234 8.07201573997736 24.75455682724714 33.2655625641346 123.5127009823918 3.878740526735783 94.90982685983181 0.9910444691777229 1.519249260425568 1.326970361173153 4.569398202002048 13.35274958610535 27.87932776659727 233.025575466454 61.61736483871937 0.2727726995944977 63.50900425761938 96.50074880570173 200.3470431566238 322.2939027771354 49.1560093909502 9.820566579699516 553.3309592679143 40.49133716523647 282.1749670132995 2.837438397109509 0.409664124250412 0.7975044324994087 1.081735737621784 6.594874106347561 0.3370752483606339 1.285598248243332 0.9735338985919952 0.7367103472352028 1.330484665930271 8.682699233293533 1.499556414783001 4.360455721616745 2136.706968314946 32.4900228753686 2.065433740615845 19.09373413771391 24.45507212728262 1.91924886405468 3.104551255702972 16.96683707088232 10.64475278556347 6.840696766972542 57.53553301095963 31.30860280990601 73.87916284054518 254.0762540996075 89.61758005619049 34.66050063818693 206.9072081744671 261.6448235735297 79.84541308879852 54.11528695374727 1.737372636795044 2.115963213145733 0 0 0.1242860183119774 0 0 0 0.1795390844345093 0 0 0 0.2459093034267426 0.2071595638990402 0 0 0 0.1069005653262138 0 5.736058458685875 2.599048659205437 0.09965761750936508 0 0.09542752802371979 2.892079703509808 0.5122672244906425 10.40893831849098 2.182070314884186 0.3877702057361603 0 0 0 0.2618130370974541 0.4058359488844872 0.1831109672784805 0 0.8913058340549469 11.04425454884768 0 0.113436371088028 0.1830575168132782 0.3091888129711151 0.1486997455358505 0 0 0 0.418643981218338 3.002204395830631 0 0.2823449820280075 0.789449080824852 7.145074263215065 1.801794864237309 0 0 0.4421739131212234 0 0.151106983423233 0.3842461556196213 0 0.9972686767578125 60.44382518529892 3.44909980148077 0 0 0.434800311923027 14.1867460757494 2.844168223440647 2.506710559129715 1.987475976347923 5.307322800159454 4.943954028189182 1.714642465114594 3.157305344939232 0.2073441445827484 0 0 0 0 0 0 0.1757463216781616 204.4284994900227 61.86816014349461 7.838839992880821 471.0190403312445 82.53131948411465 395.5034654214978 116.0326082408428 46.37315595895052 73.33496086299419 3.3308260217309 122.4690685942769 17.96171762049198 1.959837108850479 21.12322402000427 1.437131434679031 38.31182950735092 0.7622122541069984 0 1.455766230821609 8.433691039681435 3.862622246146202
