0 3953.863041371107 233.9005708172917 1749.623351454735 172.1537915095687 74.3362098634243 1053.687316514552 34.62477904558182 100.0218651667237 2181.641261428595 200.9190541431308 490.2763265818357 778.265072658658 104.7820550203323 5.623275004327297 1.162265971302986 0.3490013852715492 0 0 0 0.1129329651594162 0 0 0 0 0 0 0 0 0 168.280815564096 1.642138727009296 9.96303603798151 0 0 0.3146693408489227 13.62139654904604 0.1171868145465851 0.424217700958252 0.2256865203380585 0 0.2311587259173393 0.09652604907751083 0.4202838614583015 0.139921560883522 0.2832357808947563 102.3809917345643 9.284153200685978 0.3176682889461517 0.1027506291866302 1.293428167700768 0.1872882395982742 0 0 21.82984595745802 6.747562430799007 125.4478537589312 1078.856324091554 150.26780012995 124.0625454112887 0.1182723194360733 3.19436164945364 0 16.44599680602551 13.1220728084445 4.66189643740654 1.302722923457623 1.505328267812729 0.3520943820476532 0.966133140027523 34.78291743248701 2.782511726021767 0.1658307313919067 688.4269556850195 52.73891265690327 61.49570229649544 6.067235432565212 0.9062396362423897 0.1323875337839127 32.08180812001228 0.126716136932373 3.212698727846146 57.08158526569605 0.7916214838624001 7.860945075750351 4.843585923314095 1.230853870511055 0.4499721825122833 0.5836570262908936 0.2514665648341179 0 0.3368677496910095 0.4905592724680901 0 0 213.2772521078587 5.923967808485031 0 1.537310153245926 1435.047109335661 0 0 0 0.4567149579524994 0 3.066318482160568 0.1548669338226318 1.714438453316689 6.143162652850151 0.4993478208780289 0 2.658625513315201 1.422103852033615 2.729755118489265 0.4607638418674469 0 0 0 0 0 0 0 0 0 0 0 0 0 0 0 0 0.1188302934169769 0 0 0.5877382457256317 0 0 0 0 2.052521467208862 0 2.649321064352989 0 1.092347592115402 0 0 0 0 0 0.1438902616500854 0 0 0.4893829822540283 0 0 0 0 0 0.1028911396861076 0.6498925685882568 0 0 0 0 0 0 1.626143619418144 0 0.5082798600196838 0 0 0 0 0 0 0 3.117771133780479 1.135647416114807 0 0 0 0.2463959157466888 0.398580476641655 0.8894025385379791 0 0 0 0 0 0 0 0.1588765829801559 0 0 0 0 0 1.376117870211601 0.1751531511545181 0.8800450712442398 84.75304561108351 15.30710303783417 107.926694445312 28.47785242646933 815.4571139067411 33.70120490342379 2.657154954969883 10.22547471523285 1.998119361698627 0.3488897830247879 0.7793034911155701 0.1283394247293472 1.384736150503159 0.2515543401241302 0.1402202695608139 0.1501544117927551 0.1812651008367538 0.6994776129722595
3953.863041371107 0 671.393634468317 621.6505430787802 3392.410202518106 143.9423277676105 2777.402190975845 158.2949808612466 3357.267311148345 686.5634824261069 1814.719169743359 51.81167934834957 445.5248950794339 1304.539628311992 23.21419289708138 5.738253764808178 1.587515532970428 0.1787745356559753 0 0.7853751480579376 0.7738935202360153 0.1154870167374611 0.1004351153969765 0 0 0.6278170496225357 0.3312807977199554 0 0 0 4007.347384102643 11.79054120182991 57.37821660190821 0.2566518187522888 0 0.7409020960330963 53.7604366466403 1.279400557279587 1.191476680338383 1.220590159296989 1.30328780412674 0.4102639481425285 0.1934890747070312 1.108221098780632 0.4474200904369354 0.8315064087510109 391.1726876348257 32.78200589120388 0.480241134762764 1.118771575391293 4.904951006174088 0 0.09356720000505447 0 31.91284888237715 11.64517287909985 32.87390832602978 1917.524223849177 169.8034728318453 272.5193079560995 0.169494092464447 16.10198746621609 0 275.1003691628575 28.42342857271433 14.80401096493006 4.548261173069477 7.779968500137329 3.362899079918861 4.345113143324852 40.87340871989727 2.464518994092941 0 1094.235457956791 364.277811691165 239.1482411473989 65.27753522992134 6.617153733968735 0.8792033940553665 136.4570999592543 3.070062145590782 12.69340168684721 131.0855967253447 1.280101589858532 21.47229101508856 13.63612839579582 4.44469191879034 0.2360890582203865 1.969881728291512 0.4635336697101593 0.2477588728070259 0.1593906134366989 2.858412273228168 0.7792028859257698 1.181501343846321 32.38729991018772 3.13409049808979 0 1.671721443533897 1527.128988705575 0 0.8409485220909119 1.512414067983627 0.1540231257677078 1.711883902549744 13.52451857924461 0.1686028242111206 10.06133039295673 20.95344115793705 5.815418869256973 0.2151982039213181 21.72594510018826 21.09355689585209 29.16497734934092 8.436318755149841 0.2708863094449043 0.4990514516830444 0.1610074937343597 0 0 0 0 0 0.1027734205126762 0 0 0 0 0.6892514824867249 0.4558286070823669 0 0 0.9216963052749634 0 5.939923539757729 0 0.3484121859073639 0 1.001247271895409 27.52909982949495 2.862899094820023 40.15985419601202 4.007466599345207 3.40747332572937 0 0 0 0 0 0.1520121693611145 0 0.3056078255176544 4.472513273358345 0 0 0 0.3253837823867798 0 0 0.3824059963226318 0 0.1482178717851639 0.1599850654602051 0.4134045541286469 0 0 15.81909050047398 0 0 0 0 0 0 0 0 0.2615492045879364 43.00948180258274 0 0 0 0 11.998939499259 1.915175452828407 6.95721723139286 1.336962640285492 0 1.399602666497231 0.6263119578361511 0.7940841466188431 0 0.1208783537149429 0.1029771193861961 0 0.4036691263318062 0 0 0 8.366782248020172 2.997624933719635 9.833363234996796 532.9496430680156 55.09131284803152 488.2781299650669 101.519962772727 1106.925550341606 71.99365194886923 10.13092170655727 87.87766242027283 17.88331010937691 1.246347688138485 4.516044273972511 1.928203731775284 21.07488815486431 1.492024123668671 0.3249112367630005 0 2.22872830927372 0.8794695883989334
233.9005708172917 671.393634468317 0 1.518251448869705 238.9644506126642 0 68.55969644337893 2229.005157582462 376.2285482287407 3.044322177767754 2452.508384563029 2.559934884309769 116.4412554949522 345.430804528296 41.63374324142933 25.17087074369192 15.18029053509235 7.007410869002342 1.416512355208397 68.78394164144993 18.42712104320526 0.489962175488472 0 0 1.170111536979675 1.119366236031055 0 2.471157871186733 0.4591390043497086 0.2303889244794846 3943.695113278925 415.3322236388922 31.98543564975262 2.321886643767357 0 5.724067032337189 76.27106803655624 29.04487240314484 21.83152911812067 17.4450471252203 12.06301634013653 4.220929868519306 40.70424802601337 9.765954896807671 3.116196826100349 45.96255303919315 124.7073199301958 20.45088279247284 13.17734830826521 100.1116098836064 9.548687644302845 0.3422468602657318 0.439824603497982 4.095898315310478 6.119029648602009 2.590257234871387 9.139303132891655 827.3079540878534 40.21763703227043 68.09919549524784 117.5819706842303 43.2827009037137 5.045682772994041 679.8408924266696 5.243875905871391 18.1919050142169 4.508894018828869 104.7363361567259 183.3466270714998 146.3649232536554 10.28525002300739 0.9770127832889557 0 321.5802752748132 282.3190511241555 99.83237017691135 83.56498546898365 49.45554690063 618.4246661961079 1340.98294724524 341.3466194272041 1923.428806580603 20.38891617953777 0.112664595246315 5.049780607223511 3.785543985664845 121.9318224862218 0 1.569876544177532 0.5557089522480965 1.100337371230125 0 22.14841074496508 1.077169202268124 0.9913422986865044 2.398294553160667 1.33249668776989 0.2139341682195663 3.068342387676239 141.1217212304473 0 0 0 0 0 0 0 0 0 0 0 1.261243611574173 0.4266359508037567 1.3996791690588 0.6858856678009033 0.1279039233922958 0.3288353681564331 0.4277351498603821 0 0 0 0 0 0 0 0.1835169345140457 0 0 0.3301065862178802 0.2112677246332169 0.2239965200424194 0.6253169924020767 0.6831595003604889 0 0.8006253242492676 0 0 0.2716755867004395 0.7887113690376282 6.494197174906731 1.314303487539291 5.685340955853462 5.955503411591053 4.539873145520687 0 0 0 0 0 0.9112066626548767 0.5102071762084961 0.3174631297588348 0.284048929810524 0 0 0.2576289474964142 0.2468627542257309 0.8357620984315872 0 0 0 0 0 0 0.5566031336784363 0 2.172737449407578 0 0 0 0.1202438026666641 0.1015719994902611 0.2705899029970169 0 0 1.38082367926836 4.724517144262791 0.2743501663208008 0 0.1319072395563126 0.7659605145454407 0.7382154613733292 0.4977210164070129 0.6783484369516373 0.5674580931663513 0.634929358959198 0 0 0.2937673553824425 0 0.08839733153581619 0.2456998080015182 0 0.458382785320282 0.1329190135002136 0.2732915058732033 0 0.2215892821550369 1.481832653284073 6.683105662465096 132.042197175324 20.18849492818117 186.3493268415332 49.12276185303926 66.80206459015608 15.04870208352804 3.112213976681232 32.68052461743355 2.805923081934452 0.3145484924316406 1.211292125284672 0.2883362174034119 1.474118530750275 0 0.1158817857503891 0 1.115405768156052 0.1313776224851608
1749.623351454735 621.6505430787802 1.518251448869705 0 12.92886447161436 243.3048422783613 1464.940668068826 1.79556593298912 9.542819336056709 2090.76938650012 2.363698080182076 1236.980789378285 3373.396886885166 28.74292906373739 1.382873550057411 0.2832702547311783 0.09965407103300095 0 0 0 0 0 0 0 0 0 0 0 0 0 35.43594931066036 0.7667400389909744 12.26236542314291 0 0 0 13.74833104759455 0 0 0.1195070222020149 0 0 0 0.1739335358142853 0 0 45.34671016037464 3.774556405842304 0.2770558893680573 0 0.8001155778765678 0 0 0 3.568352311849594 1.855888664722443 5.791086263954639 95.36072044074535 18.39532828330994 35.70955450087786 0 2.993965305387974 0 17.41519087553024 4.438690163195133 1.367911741137505 0.2039501965045929 0.3336108177900314 0 0.2345770746469498 9.158920496702194 0.4241298139095306 0 117.7774113118649 26.75808357447386 22.54733036458492 2.276787348091602 0.1636921316385269 0.2535886391997337 6.530979171395302 0.2654659599065781 0.3972404152154922 13.28206080943346 0 3.08257333189249 1.238174714148045 0.5576025024056435 0 0.6146164610981941 0 0 0 0 0 0.4781191647052765 32.71965384483337 0 0 0 172.7455605864525 0 0 0.4718011319637299 0.3535394668579102 0.3765864074230194 8.394325852394104 0 4.98554989695549 20.40382365882397 2.433713927865028 1.237921878695488 9.312136366963387 9.409749329090118 12.6891460865736 4.186501041054726 0 0 0 0 0 0 0 0 0 0 0 0 0 0 0 0 0 0.2602619230747223 0 0.5741817951202393 0 0 0 0 6.224288150668144 0.5087072253227234 7.628611266613007 1.233035549521446 1.389261648058891 0 0 0 0 0 0.7744066119194031 0 0.6213522404432297 0 0 0 0 0 0 0 0 0 0 0.8870939016342163 0 0 0 5.746577173471451 0 0 0 0 0 0 0 0 0 14.04906740784645 0 0 0 0 4.834154710173607 0.2061726152896881 3.582465618848801 1.471795603632927 0 0.8845511674880981 0 0 0 0 0 0 0 0 0 0 3.436441317200661 1.798913836479187 1.255614027380943 111.4558175951242 7.88620663434267 70.95763676613569 11.49224861711264 649.031969062984 9.085529528558254 1.52065472304821 13.01036573201418 7.540325447916985 0.292868047952652 1.906138494610786 0.2219956368207932 9.419403120875359 0 0 0.7936833500862122 0.8248862624168396 0.3689087629318237
172.1537915095687 3392.410202518106 238.9644506126642 12.92886447161436 0 11.24997130781412 1446.296927310526 108.1749656051397 9335.785445541143 165.0649555400014 1704.004369102418 67.37237121164799 1049.26208088547 2072.085623450577 21.16729337722063 6.055630683898926 0.7280880957841873 0 0 0.2163695245981216 0.5270354896783829 0 0 0 0.4517985135316849 0.7295246124267578 0 1.231936186552048 0.1759220361709595 0 634.7975142225623 9.485008276998997 67.0952106565237 0.2697457373142242 0 0.5010967552661896 64.9586168974638 0.8754160031676292 1.614047273993492 0.8898960724473 0.5339552387595177 0.3597736358642578 0.3996141701936722 1.113577961921692 0 0.9139721095561981 277.2968955934048 17.39804975688457 1.078699208796024 0.3754599764943123 6.581104159355164 0 0 1.132522314786911 9.624101497232914 6.356995917856693 7.144324749708176 205.4803078174591 32.177614569664 117.885219052434 0.9094897955656052 14.53986243903637 0 163.8756569549441 16.63161732256413 6.42580334842205 2.52730804681778 3.157891407608986 1.318858250975609 4.107295818626881 49.23185924440622 1.915721081197262 0 263.6758908778429 188.2262669950724 156.623600512743 77.83368153870106 3.390540763735771 0.865754060447216 100.769884429872 2.362310744822025 11.73191706836224 55.23467652499676 0.5591727793216705 15.26390465348959 8.938031978905201 4.138569384813309 0.1253594756126404 1.467793665826321 0.2573974207043648 0.9379234239459038 0.3242487460374832 1.542719855904579 0.5178437829017639 0.9122105687856674 92.37225389480591 1.139674440026283 0 0.6391727551817894 96.57264988124371 0 2.173909679055214 2.547788739204407 2.571429640054703 1.697185337543488 51.12232402712107 2.053120255470276 35.96696526557207 17.69259898364544 15.58364275097847 0.9418925493955612 61.36895687878132 62.09583021700382 81.05406865477562 30.07453425228596 0.6295057237148285 0 0 0 0 0 0 0 0.9613207578659058 0 0 0 0 0.1853895783424377 0.1025264859199524 0 0.7824878692626953 0 0 9.274450793862343 0.2716781795024872 0.1950017660856247 0 0.650368869304657 55.50368509441614 4.462191730737686 87.70053388178349 5.838217660784721 5.748118691146374 0.5389369577169418 0.1679583638906479 0 0.2354933619499207 1.120896324515343 2.584192737936974 0 4.595210254192352 6.211338520050049 0 0 0 0.2434786409139633 0 0.2036330103874207 0 0 0.5540409535169601 0.9674651771783829 0 0.8438196182250977 0.5403564423322678 41.16524077951908 0.2267060130834579 0.2309812158346176 0.8243241310119629 0 0 0 0 0 0.2364504039287567 92.00080491602421 0 0 0 0.3428919613361359 20.60689413547516 2.762637615203857 12.71018525958061 4.198900684714317 0.8489891365170479 3.092598453164101 0.1868740320205688 0.3477499186992645 0 0.08832879364490509 0 0 0.3260948210954666 0 0.1333682537078857 0 22.42397454380989 3.981529295444489 12.24825300276279 471.2818375453353 58.60647359490395 410.1592581570148 118.3325681686401 272.0735528320074 68.22577351331711 9.775241211056709 86.96075765043497 32.58573807775974 2.253841556608677 9.872252777218819 1.81073622405529 44.59817981719971 2.647519409656525 0.7762966006994247 1.933834969997406 2.497680574655533 1.206654340028763
74.3362098634243 143.9423277676105 0 243.3048422783613 11.24997130781412 0 195.9968634545803 0.6389605402946472 9.766073301434517 690.775588363409 3.827123209834099 358.5199004113674 293.0874780863523 63.82817786931992 0 0 0 0 0 0 0 0.4105054289102554 0 0 0 0 0 0 0 0 0.6278358399868011 0 48.48953060805798 0 0 0 79.08037549257278 0 6.583941102027893 0.1956470906734467 0 0.2298989295959473 0 0.169520229101181 0 0 3.245698243379593 0.19010891020298 0 0 0 5.568488873541355 0 0 0.9850078374147415 1.081548869609833 28.36961221694946 11.68164240568876 2.632108502089977 1.963146179914474 0 6.448580324649811 0 0 0.149155929684639 0.1328112632036209 0 0 0 0 467.2495049536228 48.5292539447546 3.378884747624397 12.34009008854628 2.2756467461586 1.478716254234314 0.5145189762115479 0 0 31.97039520740509 0 2.598306104540825 1.056690812110901 0.93895024061203 0.4446874111890793 0.4491260200738907 0 5.83845528960228 1.179454475641251 8.962606757879257 0.8613027930259705 2.351674377918243 0 0 0.193997710943222 761.9331861585379 48.97619099915028 6.46793594956398 22.20425687730312 372.5382774621248 0 0 0 0 0 0.4446897357702255 0 0.4688980579376221 7.772014528512955 0 0 0.7106123268604279 0.8527556359767914 0 0.1577019095420837 0 0 0 0 0 0 0 0 0 0 0 0 0 0 0 0 0 0 0 0 0 0 0 0 1.023305326700211 0 1.326321929693222 0.56855808198452 0.6216215342283249 0 0.2138891816139221 0 0 0 0 0 0 0.3078950047492981 0 0 0 0.1864276230335236 0 0 0 0 0 0 0 0 0 0.4758018255233765 0 0 0 0 0 0 0 0 0 1.195255920290947 1.46638810634613 0 0 0 0.2866784334182739 0 0 0 0 0 0 0 0 0 0 0 0 0 0 0 1.523638248443604 0 2.16264034807682 5.208050802350044 0.122868724167347 2.148561984300613 0.8269841969013214 42.35528510808945 0.7868461608886719 1.409171506762505 0.4135398715734482 0.3311440646648407 0 0 0 0.3557391166687012 0 0 0 0.1315331757068634 0
1053.687316514552 2777.402190975845 68.55969644337893 1464.940668068826 1446.296927310526 195.9968634545803 0 11.27468112111092 1599.82366976887 3323.209298178554 65.35883332788944 239.014346703887 7799.022896409035 1432.953221432865 22.20041082799435 3.879369050264359 0.6828191503882408 0 0 0.2953541725873947 0.5249931067228317 0 0 0 0.2602614164352417 0 0 1.029089793562889 1.37886506319046 0 410.6060763970017 11.7980170994997 126.3581657409668 0.2038724720478058 0 2.192424476146698 148.0611931160092 2.11687446385622 1.796421408653259 2.306971862912178 0.2571548298001289 0.2118396013975143 0.4989538192749023 0 0.2707483395934105 0.5161723792552948 382.5374611094594 29.52806958556175 0.9401274845004082 0.5919124484062195 5.187775306403637 0 0.1652061939239502 1.231477484107018 19.98492736369371 11.06388009339571 17.37413816899061 366.4151000529528 62.54000295698643 185.6043310016394 1.417658962309361 26.3128565326333 0.2068504393100739 199.7396210730076 26.65111310780048 10.44999953359365 4.293273977935314 3.663320772349834 1.383486367762089 2.027337446808815 128.4346041679382 1.82956737279892 0 494.0057762935758 266.1942166462541 223.6438475847244 76.32255042344332 4.952046759426594 0.4689266383647919 112.6607171073556 1.798179812729359 8.863371312618256 98.77272298187017 0.7528246939182281 20.18133267760277 14.21484443545341 4.055774010717869 0.4480127245187759 1.789736114442348 0 1.082560166716576 0.7737666368484497 1.888357393443584 1.351878754794598 1.141232460737228 309.3477878719568 3.638010010123253 0 2.14809051156044 249.42237649858 0.8203882575035095 15.03220139443874 39.69202010333538 8.901098892092705 4.311530068516731 100.9829881936312 11.78734077513218 87.48689448088408 76.62029568105936 49.03852598369122 5.698521062731743 133.2607626020908 144.1361845433712 184.4534825086594 60.1421227902174 2.608659684658051 0 0.3698487132787704 0.4842413365840912 0 0 0 0 1.874617785215378 0.4063959121704102 0 0.2221992015838623 0.8554124534130096 0 1.086390487849712 1.358241990208626 0.7353332042694092 0.2501640319824219 0 14.22099009156227 0.9224399626255035 1.18367213010788 0.4023887813091278 1.935240849852562 115.2160952165723 9.678983420133591 172.2459823265672 11.53206319361925 13.19797769933939 0.2710593044757843 0 0 0 1.159782841801643 2.337897390127182 0 11.95368923246861 17.89210459589958 0.8372069671750069 0 0 0.7129344046115875 0 0 0.3482787013053894 0.2216755896806717 0.8612758964300156 2.20077608525753 0.6822019815444946 0.6867971271276474 2.629295319318771 81.15168614685535 0.7240613102912903 0.7766092419624329 0.7104196920990944 0 0.2713309526443481 0 0.1297834068536758 0 0.2106620520353317 214.7114208042622 0.7036566287279129 0 0.1492489278316498 0.1319106072187424 52.30654866993427 7.822510421276093 27.52609644830227 7.276891387999058 5.493495747447014 8.845491915941238 2.270138651132584 2.285740658640862 0 0.09586971998214722 0.2127856388688087 0 0.1061959117650986 0.1089123636484146 0.3400977551937103 0 54.40218506753445 6.943684443831444 27.57138945162296 810.1157183200121 85.30875614285469 579.8069580867887 151.971533305943 1061.739736668766 84.92266224324703 14.3104305267334 129.0963478907943 80.14905939251184 3.381543360650539 20.10992946475744 2.808535598218441 114.562481969595 3.063621446490288 0.239705502986908 3.994337782263756 4.427112005650997 1.46039491891861
34.62477904558182 158.2949808612466 2229.005157582462 1.79556593298912 108.1749656051397 0.6389605402946472 11.27468112111092 0 170.9923299029469 0.1427562534809113 2190.667369574308 0.1687330305576324 26.92561410367489 114.526210270822 58.16659476608038 35.73132237792015 13.41022822260857 3.540480673313141 0.4597458839416504 45.70527774840593 17.22713483124971 0.3133019357919693 0 0 1.444642275571823 0.6672046035528183 0.1333102881908417 1.939126677811146 0.2669455409049988 0 908.0903380066156 733.627769254148 21.49072203040123 2.103965893387794 0 1.826290562748909 42.19566796720028 19.58511082828045 10.06446559727192 10.54399809986353 12.09922117739916 3.341676376760006 23.2843971401453 20.63130954653025 2.757971324026585 41.16462080925703 174.2999280691147 12.81055498868227 10.06597388535738 58.8912260979414 11.68003652244806 0.1369891911745071 0 3.025680065155029 4.746169783174992 1.566776968538761 3.207283511757851 153.0870246142149 19.13789816945791 63.68217355012894 152.2741769477725 18.76675295084715 5.108576089143753 300.9330797195435 5.410103097558022 10.41069585829973 3.862633012235165 77.61385328322649 99.5112791582942 104.4931664541364 5.698717951774597 2.209952682256699 0 149.2655601128936 153.7968274503946 125.9779132008553 186.7018560618162 204.5429217815399 1188.873136624694 1822.610492289066 627.1710349172354 2774.797219701111 18.06904283165932 0 4.900067679584026 2.158935874700546 71.83742895722389 0.1131888255476952 1.142090819776058 0 0.9170951321721077 0 23.34360480308533 0.8732027560472488 0.6186842918395996 5.137821659445763 2.654800951480865 0 1.1534054428339 14.89785868674517 0 0 0 0 0 1.25859023630619 0 0.1658371686935425 0.3611407279968262 0.3845319151878357 0.4262259900569916 0.2649007141590118 1.146250754594803 1.018905580043793 1.894556134939194 0 0 0.1785879284143448 0 0 0 0 0 0.9102653190493584 0 0 0 0.1506748348474503 0 0.3218584358692169 0 0.7135968804359436 0.8571323454380035 0.2586764991283417 0 0 0 0.1683596968650818 0.1428270787000656 5.707867532968521 0.1751168519258499 6.311214566230774 2.19076531380415 2.698270753026009 0.5262079983949661 0 0.1546031981706619 0 0.4904378354549408 0.282988578081131 0 0 0.145823672413826 0 0 0.1531807482242584 0.236200787127018 1.457556024193764 0 0 0.1997711658477783 0 0 0 0.3385019302368164 0 1.458591461181641 0 0 0 0 0 0.1309273838996887 0 0.1257118284702301 1.500906594097614 4.915086776018143 0.4189261198043823 0 0.3212265074253082 0.1327096968889236 1.025958627462387 0.425403967499733 1.295963615179062 0.3926008641719818 0.1647515743970871 0 0.1590031534433365 0.1648243963718414 0 0 0 0 0.1981228440999985 0.1228147447109222 0.1231741681694984 0 2.031102046370506 0.2861333787441254 2.396178804337978 225.1493626758456 20.2945744395256 268.187809035182 75.1311322748661 47.40664239227772 19.8386742696166 3.556412637233734 58.30736162513494 5.146207891404629 0 1.01591095328331 0.5127449333667755 0.9126287400722504 0 0.1686879098415375 0.3003184199333191 0.9447872340679169 0
100.0218651667237 3357.267311148345 376.2285482287407 9.542819336056709 9335.785445541143 9.766073301434517 1599.82366976887 170.9923299029469 0 82.91038191318512 1921.04117269814 49.16784885525703 1461.578841246665 2962.37380129844 34.81186992675066 11.19013854861259 1.221085488796234 0.1013500392436981 0.1414725184440613 0.8800253570079803 0.9948225021362305 0 0 0.1216878220438957 0.1205356940627098 0.4288261830806732 0 1.310617431998253 0.1640324592590332 0.2566362619400024 300.9859235957265 17.61014293879271 107.6916821077466 0 0.2451391816139221 0.5472348928451538 77.74526211619377 2.179108187556267 1.331347420811653 1.600899733603001 2.439402274787426 0.2756307348608971 0.1614357829093933 1.581542149186134 0 0.8294089585542679 248.3729447871447 13.71894388645887 0.7864480763673782 1.135368458926678 3.828325323760509 0 0 0 8.541757993400097 5.275166757404804 3.652483709156513 93.10679450631142 19.32411754876375 81.46539557725191 1.581724263727665 44.19207335263491 0.1343784183263779 109.217929109931 8.886919371783733 6.218034885823727 2.302515722811222 5.747714214026928 3.03881261497736 5.200178980827332 36.60997823625803 1.059880450367928 0 161.0779011696577 117.4505232423544 140.6071455106139 95.3296512812376 9.582405306398869 1.346381440758705 280.9449556544423 1.974188029766083 19.8412349820137 36.99786099791527 0.5246899574995041 9.777084395289421 4.713346146047115 2.81938561052084 0 1.839143790304661 0 0 0.1337494254112244 2.137900076806545 0.5069308280944824 1.118387371301651 109.0527489334345 0.143948569893837 0 0.3612418100237846 31.58969052135944 0.3712033629417419 3.065089106559753 2.992020815610886 2.388324588537216 2.397822678089142 42.7872968018055 1.45108100771904 29.77193358540535 18.34094662964344 12.98058387637138 2.336367338895798 46.92586241662502 54.17702327668667 76.77695350348949 21.75213749706745 1.689163118600845 0.2505438029766083 0 0.2104037553071976 0 0 0 0 0.8606742173433304 0 0.2594136595726013 0 0 0 0.4021397531032562 0.6851707100868225 0.4271178841590881 0.4125846177339554 0.2310940474271774 5.130301803350449 0.2824445366859436 0.3583228588104248 0 0.286542147397995 37.31656950712204 3.103440567851067 53.6757880449295 5.167842119932175 2.968372330069542 0 0 0.2804673314094543 0 0.7367155849933624 0.4028697311878204 0.2022857964038849 1.61653371155262 6.184563584625721 0 0.3968707919120789 0 0.3152299821376801 0 0 0 0 0.2788381278514862 0.569099485874176 0.6075714081525803 0.7441422194242477 0.1645551174879074 28.59184023737907 0 0.4994029849767685 0.1857538223266602 0.1800999641418457 0.1437056511640549 0.3045176416635513 0.1410146206617355 0 0.506199911236763 73.21150900423527 0 0 0 0.143812507390976 15.71820063889027 3.055359721183777 10.45237788558006 2.13328592479229 0.514245867729187 3.579659521579742 1.325941115617752 0.342321053147316 0.129251554608345 0 0 0 0.3306770920753479 0 0 0 23.51104925572872 1.634912490844727 6.750234134495258 479.0352654010057 46.76386247575283 420.8116748034954 122.029436558485 179.5871484875679 61.18714290857315 7.629784360527992 105.0684749260545 26.41378556936979 0.9066092669963837 5.830334298312664 0.7776775062084198 31.93940688669682 2.016318336129189 0 2.628326714038849 3.343204483389854 0.9447161853313446
2181.641261428595 686.5634824261069 3.044322177767754 2090.76938650012 165.0649555400014 690.775588363409 3323.209298178554 0.1427562534809113 82.91038191318512 0 4.896150752902031 2832.281346648932 8000.028885528445 124.4026917740703 2.456229276955128 0.3550467044115067 0.186878502368927 0 0 0 0 0 0 0 0 0 0 0.1997676342725754 0 0 27.24765492975712 0.5099839121103287 21.30335077643394 0 0 0.3626025021076202 29.5178295224905 0.2865698933601379 0.7862407118082047 0.1159901916980743 0 0 0 0 0 0 30.70532781630754 3.296600490808487 0 0 0.6153769195079803 0 0 0 2.52764867246151 0.6838071942329407 37.27464792132378 62.18881548941135 14.50374592095613 20.27960196882486 0 5.342233315110207 0 6.902379512786865 1.91675703972578 0.9594087675213814 0.2444630488753319 0.5247106626629829 0.1047438457608223 0.2664227485656738 46.54139173030853 0 0 75.33403488993645 16.81581471860409 14.47489110380411 4.773335926234722 0.2664863616228104 0 24.56047938764095 0 0.251700796186924 12.17897328734398 0.1122499778866768 1.728736840188503 0.5237491428852081 0.3103408366441727 0.1284389942884445 0 0.2232082933187485 0.144512802362442 0.1631475239992142 0.1792648285627365 0.1596354842185974 0.9066451489925385 247.5932683348656 1.601446926593781 0 0.3120667040348053 1144.210498645902 0.526884064078331 9.937794417142868 9.131358310580254 11.20763048529625 2.924052745103836 59.09011942148209 9.316371738910675 36.91459458321333 82.6304927021265 26.19265000522137 2.477964028716087 77.53317419439554 183.7540949136019 93.80806440114975 18.44141367077827 0.3979313969612122 0 0 0 0 0 0 0 0 0 0 0 0 0 0 0 0.5432197600603104 0 0 5.820322334766388 0 0 0.7677454352378845 0 28.52313160896301 1.576526030898094 37.36298172175884 2.272340342402458 2.750114038586617 0 0 0 0 0 0.3672514855861664 0.1619865745306015 0.5334691405296326 4.268647596240044 0 0 0 0 0 0.1350919604301453 0 0 0 0.434185653924942 0 0.52953040599823 0 17.66191029548645 0 0.8147707581520081 0.267105907201767 0 0 0 0.1507031172513962 0 0 47.98983681201935 0 0 0 0 9.932415440678596 0.7587690353393555 6.690353199839592 1.842627108097076 0.5022836923599243 2.237416982650757 0 0 0 0 0 0 0 0 0 0 20.89157210290432 3.055754572153091 5.72795370221138 411.5934536978602 13.23299558460712 51.67244623601437 11.30367045849562 1309.781687840819 4.114896103739738 1.138469956815243 11.94927784800529 38.91114744544029 0.8985481709241867 5.71804778277874 0.4627831131219864 70.58515122532845 2.434684216976166 0.9270948171615601 2.487509518861771 0.5904803574085236 0.2948790937662125
200.9190541431308 1814.719169743359 2452.508384563029 2.363698080182076 1704.004369102418 3.827123209834099 65.35883332788944 2190.667369574308 1921.04117269814 4.896150752902031 0 16.89584121108055 433.6960612013936 2363.348730564117 117.445621676743 57.60816449671984 11.93787308037281 0.4600554406642914 0 8.017008922994137 8.358241587877274 0 0 0 0.5666140913963318 3.373324617743492 0 0.7374145612120628 0 0.1949407905340195 1120.963607333601 198.2260884046555 586.7115609720349 1.263771310448647 0 3.139738120138645 222.001581735909 28.24071792513132 3.069373957812786 3.796246849000454 21.70414717495441 1.121626451611519 4.269326239824295 7.853451989591122 1.519752562046051 9.170475460588932 298.6571799740195 12.68072661757469 1.406667158007622 8.86970778554678 20.43043949455023 0 0 0.5530936717987061 9.396280884742737 4.357491575181484 6.134512573480606 263.652590252459 33.660839445889 100.8494946286082 14.15483404695988 94.87779182195663 1.684762045741081 244.1785374581814 9.966591343283653 7.520442821085453 5.995573282241821 82.93324092775583 40.0276145786047 69.72482357919216 13.28041672706604 4.351655766367912 0 258.9228178113699 195.5666706636548 214.4483393654227 186.7179641127586 52.31150572746992 114.4507904052734 1914.137980349362 36.66716332733631 338.9306030496955 42.54881740361452 0.232465073466301 7.717812441289425 5.731412380933762 19.59242517501116 0.09669013321399689 0.7007093355059624 0.3429423570632935 1.593067899346352 0.32321497797966 24.60838796198368 1.246135175228119 0.8722401857376099 42.62014503777027 12.79575881361961 0 1.545957565307617 64.67036508768797 0 0.2939085364341736 0 0.4639438539743423 0 4.636264279484749 0.7462162226438522 1.850709810853004 2.841226056218147 0.5408170223236084 0 2.641136974096298 9.534872278571129 11.82300791144371 3.79429666697979 0 0.1962434649467468 0 0 0 0 0.2815847992897034 0 0 0 0 0 0.2263626903295517 0 0.2625482976436615 0.267714649438858 0 0.7234412133693695 0 0.842439591884613 0 0 0 0.1604964733123779 12.51926451921463 1.879734024405479 15.42850275337696 1.737573765218258 2.536663919687271 0.6466794908046722 0.1396684348583221 0 0 0 0 0 0.3726795315742493 0.5787398815155029 0 0.2241960018873215 0 0.3401359915733337 0.8718538135290146 0 0 0.08887014538049698 0 0.9621434509754181 0.1743907928466797 0.1251550912857056 0 6.280687153339386 0.1185010150074959 0 0 0 0 0.1673219949007034 0 0 0.1474220752716064 17.83012106269598 0.5691827237606049 0 0 0.2175804525613785 2.136885911226273 0.8042108565568924 3.855453208088875 0.2305930852890015 0 0.635827511548996 0.4159598052501678 0.5266386866569519 0 0 0 0 0.1164804250001907 0 0.292461022734642 0 4.434933766722679 1.506318211555481 4.003090709447861 495.9843990057707 45.0398530960083 495.6027404889464 151.8280672878027 120.8545418828726 52.36905381828547 7.421452805399895 132.4420512020588 9.767888806760311 0.7646593749523163 1.067505791783333 0.4275046139955521 2.098981335759163 0.7293385863304138 0 0.72508305311203 5.021971344947815 1.118030577898026
490.2763265818357 51.81167934834957 2.559934884309769 1236.980789378285 67.37237121164799 358.5199004113674 239.014346703887 0.1687330305576324 49.16784885525703 2832.281346648932 16.89584121108055 0 2962.395772054791 125.1645612567663 6.218053825199604 3.570227541029453 0.4997113049030304 1.153142735362053 0 0.7055688500404358 0.3092707097530365 0.1992301940917969 0 0 0 1.231455206871033 0.2611377835273743 0.4827528297901154 0 0.4148652255535126 3.344805508852005 2.157461777329445 29.3816225528717 0.3013209402561188 0 0 119.347359597683 0 0.4620960056781769 1.243724957108498 5.248047798871994 0.6602263748645782 0 0.5174361616373062 0.3630313575267792 2.148656472563744 25.00059865415096 2.87896590679884 0 0 3.120148964226246 4.863196849822998 3.061716571450233 0 0.3715862035751343 1.926169037818909 5.942766278982162 12.07838682830334 5.202169746160507 7.955325320363045 0.7541053742170334 6.800863698124886 0.256767213344574 5.992004781961441 1.275697901844978 1.04121083766222 0.3446610867977142 3.561227738857269 0.6531329751014709 2.980698183178902 79.10978566110134 34.64955870807171 1.078520134091377 22.47959134727716 8.747822657227516 11.18259425461292 10.49998310953379 3.120071798563004 0.1957701146602631 58.61219921708107 0.997928723692894 1.017151668667793 4.470082752406597 0.1672201454639435 1.446927011013031 1.508884087204933 0.9131931513547897 2.676868692040443 0.4313148111104965 1.717775799334049 0 1.091210454702377 2.667585931718349 0.1196043267846107 3.487454131245613 1733.371358409524 57.12326270341873 4.624426960945129 11.43319509923458 179.4381688684225 0.7601503953337669 8.068110540509224 9.523965880274773 8.901809304952621 3.925876118242741 121.0690653026104 6.487120240926743 83.6022110581398 57.44239544868469 43.60448218882084 5.147315442562103 128.8686701208353 148.8128705918789 216.015463963151 62.19080097973347 1.118956014513969 0.6584413945674896 0 0.4781749546527863 0 0 0 0 0 0.405145451426506 0 0 0.4480970352888107 0 0.7979728728532791 0 1.504769310355186 0.9519629776477814 1.127849936485291 9.574447296559811 0.3633773624897003 0 0.9546464681625366 0.3651702702045441 91.48562597483397 2.713205263018608 104.5228654667735 11.52282716333866 8.354098439216614 0 0 0 0 0 0 0 1.613716632127762 12.47840728610754 0 0.130158007144928 0 1.439995929598808 0.4958225786685944 0 0 0.2401617094874382 0.5134751051664352 2.053511448204517 0.353649914264679 1.543839409947395 1.101146340370178 38.84946371614933 0.3929737508296967 0.7002106830477715 0.4146711230278015 0.2523825168609619 0.1467019617557526 0 0.2701354324817657 0.2988912463188171 0 181.9321099966764 2.84407314658165 0 0 0 36.30901978909969 4.51361508667469 22.86036255955696 7.82382145524025 1.010311901569366 5.363268584012985 0.8397001028060913 1.120945632457733 0.1449452787637711 0 0.3435911536216736 0 0 0 0.1857962161302567 0 70.76238307356834 9.013519912958145 20.55904401838779 248.3011852875352 7.760888524353504 50.26788052916527 15.43819004297256 723.2932644635439 5.338781796395779 0.9338363260030746 26.22887708246708 40.13380664587021 0.5632157921791077 15.10527736693621 1.424005687236786 88.95318506658077 1.909022852778435 0 4.44632588326931 2.202054560184479 0
778.265072658658 445.5248950794339 116.4412554949522 3373.396886885166 1049.26208088547 293.0874780863523 7799.022896409035 26.92561410367489 1461.578841246665 8000.028885528445 433.6960612013936 2962.395772054791 0 2214.259734138846 99.24610921740532 32.67238402366638 2.8115069642663 0.1428514868021011 0 2.243611589074135 0.5069819986820221 0.2177831083536148 0 0 0.871174544095993 1.010303154587746 0 0.9303888082504272 0.7413287311792374 0.5153264775872231 94.49637141078711 30.31449467688799 140.7483521699905 0.1586330831050873 0 1.8256940767169 182.1143078431487 2.820389091968536 2.771928168833256 1.16285365074873 7.344691731035709 0 1.060636922717094 5.738147221505642 0.2091516703367233 3.883936531841755 302.0674158781767 7.597090646624565 0.1212266236543655 1.95792643725872 6.925715692341328 0.6306386142969131 0.2042054831981659 0.9744276255369186 5.530044466257095 4.232498571276665 8.098714381456375 48.1485914811492 15.91831217706203 82.54074858129025 2.605204999446869 35.72184219956398 1.308560699224472 83.32805254310369 7.867169752717018 5.116240665316582 3.028956018388271 13.29810977727175 6.799353443086147 11.16767024993896 139.7377148121595 8.851374097168446 0 127.1677166521549 82.29480623453856 155.9876143485308 147.6874386817217 34.35872264206409 1.315782904624939 215.4130538552999 7.524261705577374 21.0890676677227 30.71039517968893 0.5731548443436623 7.236885063350201 4.328689530491829 5.148661777377129 0.1462412923574448 1.4049187079072 0.1503645479679108 0.8858892396092415 0.5370125323534012 4.067076429724693 1.36114589869976 1.290626406669617 2008.198434263468 13.20803068578243 0.4757282435894012 3.900034889578819 208.5464079901576 0.8087388575077057 21.7240487486124 18.72126767039299 13.2298222631216 6.835574693977833 229.5875953584909 21.60267302393913 179.721843034029 136.4508133679628 89.25379513204098 10.40416748821735 264.1870785951614 329.0029047802091 397.072028927505 105.688310354948 4.976524874567986 0.9616305977106094 0.9409735947847366 0.8112329095602036 0 0 0.1680298894643784 0 3.055273160338402 0.5659777522087097 0.1350967586040497 0.4549586176872253 0.3597125113010406 0.7023106813430786 0.3245390057563782 0.497521847486496 0.9912247806787491 1.810499295592308 0 29.30540174245834 1.371608451008797 0 0.4712160527706146 0.2415744960308075 175.5160374045372 10.03555284440517 226.1161319315434 10.46873759478331 11.36455063521862 0.3299504369497299 0.1556977182626724 0.5933094620704651 0 1.197797313332558 3.335997760295868 0.1999425739049911 8.990852877497673 18.27826649695635 0.5103368610143661 0.1396943181753159 0.2198070287704468 0.5557358413934708 0.3670231550931931 0.1499205231666565 1.704285591840744 0 1.252514258027077 3.928172871470451 0.4968920350074768 2.11950047314167 1.858602106571198 106.2320949733257 1.351739108562469 1.981796436011791 0.7308899611234665 0 0.3985177651047707 0.2516502439975739 0.4964958876371384 0 0.6851669996976852 343.2692838162184 0.5271594971418381 0 0.2326305061578751 0.634643629193306 74.21026089787483 7.13091579079628 42.81078262627125 15.30898778140545 5.524690397083759 9.487638890743256 0.6037727296352386 1.69254469871521 0 0.2157218158245087 0 0 0.1032691150903702 0.6461579650640488 0.2133193761110306 0 127.9918755888939 13.4203467220068 30.09384678304195 1158.659536361694 88.05284808576107 613.2189586982131 218.1426740437746 994.7870386615396 94.56786962598562 13.92989318072796 218.3577874973416 127.0074719041586 4.196997553110123 39.88998018950224 4.027951195836067 184.7340017557144 2.932875521481037 0.7005539834499359 3.065537877380848 5.021786838769913 1.371681034564972
