0 2868.012164272368 460.4092970639467 1273.68501534313 334.449916601181 38.29030433297157 1140.302300527692 58.84997933357954 158.5631872043014 723.0185511261225 278.7398992329836 90.74986878037453 133.3243550807238 70.38421350717545 0.08729414641857147 0 0 0 0 0 0 0 0 0 0 0 0 0 0 0 117.0204386562109 1.929233036935329 5.633207507431507 0 0 0 4.255731754004955 0 0.2386884316802025 0.1678666844964027 0 0 0 0.08499329537153244 0 0.07868299633264542 10.42799872905016 3.335965797305107 0 0.2074435651302338 0.5642321780323982 0 0 0 14.42028535157442 6.32586320489645 555.1005174964666 1985.805093973875 55.43933380395174 14.05544912815094 0.3077794909477234 0.6775681376457214 0 2.271388471126556 3.174316428601742 1.234340682625771 0.5537104085087776 0.4189746975898743 0.7235836014151573 0.08282267302274704 41.75853641331196 6.467696607112885 1.175233423709869 119.5226961672306 48.86063795536757 21.0615498945117 2.272455349564552 0.2469193339347839 0.9053116738796234 7.343099303543568 0.3942726030945778 0.545337051153183 13.55626582354307 0 4.127182833850384 3.837464883923531 1.792443841695786 0.2185735702514648 0.569622628390789 0.471356675028801 0 0.1690273880958557 0.1081568896770477 0 0 302.3345704227686 38.58373902738094 0 0.5514193922281265 1580.194436259568 0 0 0 0.3373710513114929 0 2.601841285824776 0 0.5046241283416748 21.71600292623043 0 0.2736808061599731 1.531777635216713 2.583216577768326 0.7351822704076767 0 0 0 0 0 0 0 0 0 0 0 0 0 0 0 0.1768329739570618 0 0 0 0 0.3169317543506622 0 0 0 0 0.1397634595632553 0 0.2359925284981728 0 0 0 0 0 0 0 0 0 0.3948673903942108 0 0 0 0 0 0 0 0 0 0 0 0 0 0.2190263271331787 0 0 0 0 0 0 0 0 0 0 2.98538675904274 1.050545692443848 0 0 0 0.6536529064178467 0 0 0 0 0 0 0 0 0 0 0 0 0 0 0 0.2589902281761169 0.3410449028015137 1.505355089902878 110.6116622462869 5.219217285513878 54.80501770973206 8.450901001691818 1213.649769641459 40.96616107970476 3.996530152857304 5.243881300091743 0.16945481300354 0 0.3683775961399078 0 0 0 0 0.205897331237793 0 0
2868.012164272368 0 1038.096668742597 652.9213722646236 4018.361135736108 207.9207311421633 5494.767248690128 164.9789302870631 2402.795890443027 456.5998363867402 1263.43777474761 204.8726221323013 569.2431971654296 421.8729674592614 8.006842382252216 1.500530518591404 0.1999957859516144 0.1112997084856033 0 0.2117611020803452 0.09284539520740509 0 0.09725771844387054 0.07650192081928253 0.08793910592794418 0 0 0.2397974878549576 0.2085797190666199 0 2036.854153014719 24.21163065731525 4.373614437878132 0 0 0 7.140294186770916 0.2966628968715668 0.6409911066293716 0.2373909056186676 0.1861701011657715 0.08206209540367126 0.3877479881048203 0.5777398124337196 0 0.2086919918656349 111.530198186636 16.59278587251902 0.2791244015097618 0.7671753764152527 1.012417420744896 0.1065158322453499 0 0.4262169003486633 29.91243796050549 18.5625184699893 155.7038284689188 1864.158644929528 70.65547084063292 72.36464404314756 0.983055017888546 1.746560223400593 0 31.8597028106451 12.36619217693806 3.779899895191193 3.084154173731804 2.007221765816212 0.4552032575011253 1.274227254092693 9.95003566890955 3.077335968613625 0 286.4011997878551 172.9025159925222 151.5192634835839 43.4883040189743 2.050515972077847 0.7666686326265335 17.51885034888983 0.9902941212058067 0.6828101277351379 36.42783931642771 0.3989192694425583 10.13640492409468 12.71566170454025 8.060761138796806 0 1.765203051269054 0.09724714607000351 0.2065854221582413 0.5414572134613991 0.2488372623920441 0.09490128606557846 0.3833686411380768 56.18840578943491 2.228576548397541 0 0.2358663231134415 1059.015293955803 1.160198032855988 0 1.941453516483307 0.4292317628860474 3.850503817200661 16.58588147163391 0.8102070242166519 3.883753158152103 10.06500471383333 2.255063340067863 3.467931747436523 20.85197470337152 12.42082200944424 13.5280767083168 16.62810474634171 1.003867581486702 0.8014707565307617 0 0 0 0 0 0 0 0 0 0 0 0.1191747412085533 0 0 0 0 0 2.337590426206589 0.6132427155971527 0 0 0 13.19358941167593 0 9.496242828667164 0.9630332067608833 0 0.1318986564874649 0 0 0 0 0 0 0.9807549715042114 2.141092069447041 0.3598281145095825 0 0 0 0.2018904685974121 0 0.7026529908180237 0 0 3.48253308236599 0 0.160214900970459 0 6.73689678311348 1.211069777607918 0.9152557253837585 0.156986728310585 0 0 0 0 0 0 19.89820873737335 1.399427950382233 0 0 0 4.581922724843025 0 0.5346027314662933 2.896050691604614 6.009443387389183 1.263272702693939 0 0.8035785257816315 0.2137980312108994 0 0 0.1033757105469704 0.1157355681061745 0 0 0 6.378038264811039 4.729472167789936 3.211116209626198 157.7305982708931 18.93474809080362 216.7599699571729 31.57862094789743 1265.402260899544 65.09701585769653 9.94945265352726 19.071417927742 4.41196122020483 0.1202141270041466 4.631978683173656 0 5.607274949550629 0.1170643866062164 0.1225779801607132 0.561527855694294 0.5166341960430145 0
460.4092970639467 1038.096668742597 0 6.202143214643002 1065.616635911167 0.8204001486301422 163.8040086701512 942.5501984506845 1297.364944770932 7.284156925976276 2742.396818824112 16.34478347748518 148.8510801866651 688.3795917108655 21.18622543662786 16.18528380990028 2.637756042182446 4.968831904232502 0.5338484272360802 7.13398714363575 40.07516636699438 0.1192686185240746 2.566338419914246 0.2743544951081276 0.5081405714154243 0.1920693665742874 0.8311842456459999 0.8416329994797707 0.1041681841015816 0.1480508893728256 4912.065470688045 338.8360563367605 112.0864102691412 5.806311711668968 2.203565157949924 0.6748985946178436 196.2784106358886 2.3227514103055 12.0362261608243 1.267508447170258 14.60843177139759 1.499431870877743 31.19975596666336 1.580557219684124 5.08239171653986 1.78367231041193 62.9009120464325 15.47474316507578 4.441455736756325 26.251210026443 2.056641511619091 0.2542521357536316 0.1659380346536636 0.687503382563591 16.72934424877167 14.42231439054012 144.5880333930254 2930.735355146229 58.13145443052053 34.90050538629293 17.14700035005808 37.33425424993038 3.816474355757236 210.3140370994806 7.391968250274658 3.926458694040775 3.306719951331615 4.643246337771416 31.48606952279806 139.1469798013568 278.2742387056351 100.8925248980522 0 261.1337926834822 385.582562752068 99.57077380269766 60.29574282467365 18.09040265530348 234.2812684476376 595.2414743825793 97.27905142307281 260.6978413462639 19.8719065785408 0 7.606487102806568 10.11669314652681 22.31330377608538 0.08978194743394852 1.265700973570347 0 0.1873484030365944 0.2922284454107285 12.104611761868 2.479544892907143 2.485169678926468 72.86242628097534 128.7619096934795 0 20.65992246568203 222.0806080847979 2.866466850042343 0.7910527884960175 1.709212854504585 2.124025389552116 9.314184159040451 32.0656755566597 0 14.85891430079937 22.16406305134296 3.838454723358154 15.75129874050617 62.0259862691164 51.63071263581514 41.35348276793957 103.0053930878639 5.36551308631897 1.917844362556934 0.1216079592704773 0 0 0 0.9140685796737671 0 0 0 0 0 0.3478845581412315 0 0.4624249562621117 0 0.09744922071695328 0 0 11.48178914189339 5.277259290218353 0 0 0 201.619774274528 8.395299166440964 158.4521573632956 9.763132080435753 2.999181777238846 0 0.2293074429035187 0 0 1.340696528553963 3.525739811360836 0 13.90525498986244 27.49665357172489 1.918083243072033 0.2792250961065292 0 0 0 0 1.35118705034256 0.1519709080457687 0.5839242339134216 10.68563131988049 0 1.829788759350777 0.3262547552585602 78.71333754807711 3.323444813489914 4.321566060185432 2.491491831839085 0 0 0 0.1038991436362267 0 0.6564282551407814 328.4868473112583 25.53063869476318 0 0 0.147395521402359 22.51469166576862 3.589999705553055 10.26390190422535 16.83441048115492 12.71677775681019 20.75940488278866 3.256901949644089 3.960776388645172 2.365181118249893 0 0 0 0.6319085210561752 0.5212464332580566 0 0 50.03908076882362 104.9672965854406 86.23053539544344 68.76994302123785 15.64455536752939 124.2358739227057 27.69269590079784 172.440835736692 39.39208023995161 5.213034175336361 19.72044058144093 16.50123983621597 1.629130423069 40.77746828645468 0.7764171808958054 19.57629978656769 2.575189299881458 0 5.809004135429859 1.24887490272522 0.1547326296567917
1273.68501534313 652.9213722646236 6.202143214643002 0 18.19443050026894 263.4831094443798 328.5226193368435 2.897657111287117 18.15167763084173 1401.363283231854 6.971722900867462 406.4081079512835 929.0373700335622 36.79329959303141 1.658299520611763 0 0 0 0 0 0.09045556932687759 0 0 0 0.09063511341810226 0 0 0 0 0 48.19843108952045 1.055788964033127 0.09643802046775818 0 0 0 2.005878813564777 0 0.08817853778600693 0 0 0.4329769164323807 0.09937746822834015 0.1159828305244446 0 0 15.26349922269583 2.622045122087002 0 0 0.3161834254860878 0 0 0 4.619579076766968 2.133240133523941 20.89265725016594 137.233607776463 9.763425499200821 7.749253302812576 0 0.549368679523468 0 1.17961510270834 1.309687934815884 0.5525589361786842 0.4570010751485825 0.1261084973812103 0.100989393889904 0.2971333116292953 3.881975963711739 0 0 35.24476097524166 18.09901133924723 19.27083718776703 5.28317403793335 0.1877783387899399 0.2444502711296082 0.7995082065463066 0.1855018734931946 0 5.915579207241535 0.09747087955474854 1.454538203775883 1.614930659532547 1.006735175848007 0 0.1796753406524658 0 0 0 0 0 0.09273945540189743 54.03846301138401 0 0 0 141.8309345692396 0 0 0.6812950968742371 0 0.5316028594970703 6.507202669978142 0 0.8324692249298096 9.507874742150307 0 0.179158091545105 5.855319440364838 4.673317939043045 2.730713561177254 2.66235239803791 0 0.1378328204154968 0 0 0 0 0 0 0 0 0 0 0 0 0 0 0 0 0 0 0 0 0 0 2.958094477653503 0 1.338571459054947 0 0 0 0 0 0 0 0 0 0.3925133645534515 1.472112879157066 0 0 0 0 0 0 0 0 0 0 0 0 0 2.104577735066414 0 0 0 0 0 0 0 0 0 2.632998198270798 0.3186881244182587 0 0 0 0.8151487112045288 0 0.5575212240219116 1.228781297802925 0.4222793579101562 0.8025830090045929 0 0 0 0 0 0 0 0 0 0 0.6577565371990204 0.1606999486684799 0 28.6483366638422 2.069399185478687 27.7717607319355 3.905741572380066 565.8207443132997 6.590973578393459 0.7022714912891388 2.09230662882328 0.1621659100055695 0 0.6170642450451851 0 2.474442362785339 0 0 0 0.3159811198711395 0
334.449916601181 4018.361135736108 1065.616635911167 18.19443050026894 0 8.020811140537262 4777.111949115992 95.21527738124132 8369.50585924834 193.8613450676203 279.6315274462104 7.031914263963699 168.459114536643 257.6263723149896 27.89574182778597 6.637170396745205 0.1919014230370522 0.09388342499732971 0 0 0.5413510724902153 0 0.08784763514995575 0 0 0.3511042967438698 0 0.2641539573669434 0.4422843307256699 0.1200035586953163 342.2630728334188 27.95087303966284 11.58996064215899 0.2371033579111099 0 0.1211999133229256 19.02764490991831 0.6351868137717247 0.7207383960485458 0.3542996495962143 0.1266809552907944 0.1987630575895309 0.2432009875774384 0.8492188081145287 0.1057029515504837 0.5526692047715187 148.430377587676 11.46253724396229 0.6354947462677956 0.1938847675919533 1.352711446583271 0.08957619965076447 0 0.7915329560637474 16.31292833387852 11.26953065395355 35.48742572963238 271.0784333273768 21.19368819892406 64.01117829978466 0.5762124806642532 4.259064421057701 0 32.27164471149445 8.887778960168362 3.155587159097195 3.065059192478657 1.269483461976051 0.5183399170637131 2.702337138354778 47.44071020185947 22.11274521052837 0 139.9330796375871 104.6837135329843 158.5164391025901 89.08276908844709 10.28191505372524 0.8026122152805328 5.78169060498476 0.5816832557320595 0.7246602699160576 21.99312546104193 0.2528093308210373 8.065524213016033 9.974106542766094 6.616251043975353 0.1669556573033333 1.704744271934032 0 0.2108785659074783 0.5599914938211441 0.4756758362054825 0.3095244988799095 1.142061077058315 98.57802115380764 11.12699016183615 0 1.466207854449749 78.41731388866901 2.090583972632885 0.8939854502677917 4.256207592785358 3.053525626659393 5.019465953111649 62.21155729144812 0 15.33667775243521 31.42181786894798 9.971202738583088 11.41264228522778 88.06117637455463 62.49891098588705 71.11205437034369 72.98225980252028 1.912015214562416 2.819304578006268 0 0 0 0 0 0 0 0 0 0 0 0 0 0 0 0 0 13.0149494856596 5.039125114679337 0 0 0 53.05266087502241 2.187536552548409 43.86554439365864 0.7887230589985847 0.2591497004032135 0.1935765594244003 0.1709636449813843 0.3182902783155441 0 0.1122779995203018 0 0 5.329386711120605 18.21636166423559 2.110730729997158 1.014598987996578 0 0 0 0 1.599718473851681 0.08626511693000793 2.113831669092178 12.91564134508371 0 0 0 38.55065708607435 2.358985081315041 4.606440916657448 1.148406073451042 0.4099340811371803 0.2673273384571075 0 0.1231224164366722 0 0 128.9187233522534 2.048591069877148 0 0.1041529551148415 0 19.49833307415247 1.126228831708431 1.219171166419983 10.95990394055843 9.771233081817627 14.32651223987341 0.1682139486074448 1.697253115475178 1.993943229317665 0 0 0 0 0 0 0 35.00307505577803 24.84324473887682 15.9223160892725 165.6232373863459 33.80946996062994 226.3339104503393 53.41767033189535 267.083552621305 36.59692995995283 5.461504250764847 37.76174078881741 9.335187874734402 1.004563100636005 20.85085198283195 0.2443190664052963 16.33118370175362 1.522614121437073 0 1.329827554523945 0.6344357132911682 0
38.29030433297157 207.9207311421633 0.8204001486301422 263.4831094443798 8.020811140537262 0 111.9292361587286 0 8.031570449471474 367.5693112164736 2.290526248514652 170.3169061988592 126.3270612061024 40.59619128704071 0 0.3576189279556274 0 0 0 0 0 0.3409235775470734 0 0 0 0 0 0 0 0 24.58456778526306 0 24.62152116000652 0 0 0 22.79138869047165 0 0.4647342264652252 0 0 0 0 0 0 0 0.4975231736898422 0 0 0 0.09152993559837341 6.539693042635918 1.627313047647476 0 0.2646538987755775 0 78.10083181411028 92.31813898682594 3.1430404484272 0.8245251029729843 0 10.4695215523243 0 0 0.3623335435986519 0 0 0 0 0 196.3886696100235 130.9129355996847 4.095643982291222 2.408932141959667 0.5602166205644608 0.5362767577171326 0.114420086145401 0 0 15.78497570753098 0 0 0.575064018368721 0 0 0.3901543468236923 0 4.870761394500732 2.731302469968796 7.590456828474998 0 3.946204006671906 0 0 0 439.7955064326525 238.6625399887562 6.644741207361221 3.771017745137215 271.7199160456657 0 0 0 0 0 0.3184605836868286 0 0 3.197715759277344 0 0 0.9210106730461121 0.1618554890155792 0 0 0 0 0 0.3046192228794098 0 0 0 0 0 0 0 0 0 0 0 0 0.1868991106748581 0.27008455991745 0 0 0 0 0 0 1.21181333065033 0 0.7423085570335388 0.7132944762706757 0.7184131890535355 0 0 0 0 0 0.3271749317646027 0 0 0.5431007146835327 0 0 0 0 0 0 0 0 0 0 0 0 0 0.8029305934906006 0 0 0.3994298577308655 0.2734149098396301 0 0 0 0 0 1.202713817358017 3.356981754302979 0 0 0.2204637676477432 0 0 0 0 0 0 0 0 0 0 0 0 0 0 0 0 0 1.952059790492058 1.929716289043427 0.9954226016998291 0.8836749643087387 0.7523958534002304 1.337906613945961 122.5100356191397 0.629401683807373 0.581216037273407 0.7242172360420227 0.3327523469924927 0 0.5483341813087463 0 0 0.4173284769058228 0 0 0 0
1140.302300527692 5494.767248690128 163.8040086701512 328.5226193368435 4777.111949115992 111.9292361587286 0 41.97910519689322 5403.624465808272 2707.774573378265 126.0244893953204 790.9111373871565 2289.005222842097 512.6471082940698 47.41882952302694 9.371874652802944 0.2733400166034698 0.111734427511692 0.1235747113823891 0 0.4658436253666878 0.1680217385292053 0.09955064952373505 0 0 0.1477174460887909 0.1198460385203362 0.4466386660933495 0.4034295752644539 0.1786522269248962 322.3062406331301 31.2486275434494 22.42740282416344 0 0 0 37.679796628654 0.6950791627168655 0.3907789960503578 0.642597995698452 1.459284067153931 1.206090241670609 0.8430559858679771 2.114030607044697 0 0.5111505016684532 290.1593649312854 30.48202537000179 1.351497247815132 0.7327817529439926 3.343009255826473 0.4879492223262787 0 1.081610225141048 39.62193085998297 28.01149473339319 94.69103383272886 680.4654198512435 54.10554372519255 142.1597891300917 0.8166021630167961 5.459916532039642 0 54.80082465708256 20.32680790126324 9.543310314416885 7.21637349575758 4.202389188110828 0.8939108327031136 2.495936930179596 73.13147234171629 18.32597934454679 0 341.0427975580096 229.3597002401948 342.0752090364695 142.4835591092706 14.39116213470697 2.336836889386177 7.109663307666779 1.433213695883751 1.60308038443327 57.93893538415432 0.8728727623820305 23.15532570332289 25.18367466330528 17.9188759624958 0 4.150039836764336 0.2805242091417313 0.08686705678701401 1.151490725576878 1.364207461476326 0.6794142946600914 2.392902337014675 363.138314858079 18.76033886522055 0 2.999858379364014 280.4972140714526 8.412216432392597 0.2031487375497818 14.13602812588215 8.023759067058563 10.11974248290062 132.0650493055582 3.672201901674271 35.46549478173256 88.3056453987956 29.12923961877823 23.02979920059443 233.6068466603756 154.0844610780478 141.495239071548 140.7836405858397 2.023667298257351 4.333915784955025 0 0.1087993681430817 0 0 0 0 0 0 0 0 0 0.3867844641208649 0.2605210542678833 0.1419599205255508 0 0.1374755054712296 0 27.8253555893898 13.40861520916224 0 0.7259806990623474 0 88.02500971406698 2.899101823568344 78.38312786072493 2.414892263710499 0.7442354261875153 0.1212834641337395 0.2588871419429779 0 0 0 0.3884599655866623 0 12.01939853280783 30.22006500512362 2.346333131194115 0.3179623484611511 0 0 0 0 3.354683741927147 0 3.008151337504387 18.77196925133467 0.3934239447116852 0.5083984583616257 0 60.83588254451752 2.561611220240593 6.094282522797585 1.347562968730927 0.3403037860989571 0 0.1768339425325394 0.1765441596508026 0 0.6019022464752197 238.2483003437519 3.281202673912048 0 0 0 31.0339242592454 0.4534690827131271 2.367839142680168 17.19756937772036 17.50526762753725 17.85984023660421 3.666533038020134 2.672477796673775 3.156519643962383 0 0 0 0.2820583358407021 0.314466118812561 0 0 71.61752108484507 48.89694783836603 28.25380469113588 287.4004506990314 66.6444094106555 423.6554911956191 97.08155897259712 1335.819331392646 76.06842768937349 13.66254249960184 59.67501795291901 15.17794997990131 1.067922323942184 27.66714342683554 0.8079348728060722 24.67068554461002 2.415675222873688 0.1184076145291328 3.425365716218948 1.682342395186424 0
58.84997933357954 164.9789302870631 942.5501984506845 2.897657111287117 95.21527738124132 0 41.97910519689322 0 1385.1109277457 0.7393777966499329 3196.456670425832 1.628301955759525 178.7623701170087 1024.892903894186 60.7616043612361 29.42199740558863 5.04957914352417 13.77270586788654 1.553487710654736 22.20690023899078 140.4905304685235 0 9.057618692517281 1.633241653442383 1.546131245791912 1.891803205013275 2.102887846529484 1.196848914027214 0.7956917583942413 0.1333333253860474 605.0744407624006 1247.286814957857 58.68314084410667 8.821086674928665 6.775696389377117 4.545130774378777 23.88699048757553 5.918690800666809 10.28542751818895 4.715937882661819 38.67951212823391 4.609153062105179 61.64581748843193 15.38736973702908 15.57712893933058 11.9308745637536 164.8689593449235 15.02062243968248 9.645236499607563 50.62905319035053 3.543711885809898 0.2531130015850067 0.0888635516166687 2.904599592089653 13.63834612071514 8.303256005048752 40.4582285284996 359.2466726824641 22.78962244838476 60.46633031219244 32.2430047467351 10.62039385735989 8.464464299380779 469.776063464582 6.826459154486656 2.907188504934311 5.204924233257771 9.028823979198933 48.02304078638554 311.8841249421239 15.19437116384506 10.61580656468868 0 187.6706822663546 325.0988265126944 223.9164458438754 543.7421158105135 164.5423921048641 903.1251945793629 1593.847387805581 322.1526011154056 687.6679595932364 20.09211105853319 0.2536918967962265 10.09742081910372 10.74759991466999 36.18485675752163 0.2738345563411713 1.882173433899879 0 0.2970915660262108 1.086265362799168 27.12830903381109 3.772405438125134 3.318426966667175 8.379882097244263 3.957721464335918 0 6.014129288494587 17.08819133788347 0.6028916239738464 0 0.3756970018148422 0.3508480191230774 0 4.280892036855221 0.4064514935016632 0.8631004840135574 2.893956035375595 0.3247911930084229 0.9119264557957649 8.609441854059696 7.748380087316036 9.374849617481232 9.84370456635952 1.073808386921883 1.184814617037773 0.1074740067124367 0.1339720785617828 0 0 0 0 0 0 0.1459821760654449 0.1265503317117691 0.429834820330143 0 0.124666266143322 0.135242372751236 0 0 0 1.409746915102005 0.7965300530195236 0.1522956937551498 0 0 10.04126995056868 1.160487338900566 11.36424286663532 3.819122180342674 1.894404388964176 0 0 0.1374529302120209 0 0.3692922443151474 0.9237577468156815 0 2.750929355621338 5.73709599673748 0.4101862907409668 0 0 0.1396768093109131 0.4159454852342606 0 0 0 0 1.359723806381226 0 0.3144131600856781 0.9021208882331848 6.325764775276184 0.1769694834947586 0.5799893140792847 0 0 0 0 0.2333089411258698 0.1360636055469513 0 19.09368769079447 0.4092226773500443 0 0 0.3944923132658005 1.415606617927551 1.818740509450436 0.3143168389797211 1.013710483908653 1.579789072275162 2.418851546943188 0 0.3153234124183655 0.2332543432712555 0 0.2168320268392563 0 0.3244979977607727 0 0 0.1117806732654572 3.816468276083469 10.43055322021246 10.64900740236044 137.1394893601537 28.67038280516863 203.9653011932969 47.3777187243104 113.091015085578 26.72398232668638 3.743488594889641 36.25737953186035 9.344318456947803 0 7.208701141178608 0.5564171075820923 4.300015777349472 0 0 1.239296153187752 1.166948303580284 0
158.5631872043014 2402.795890443027 1297.364944770932 18.15167763084173 8369.50585924834 8.031570449471474 5403.624465808272 1385.1109277457 0 358.3900830075145 2725.739069454372 33.77479542791843 3300.416623152792 3705.734225682914 80.41098839789629 28.53019274771214 0.7387927919626236 0.2956582680344582 0 0 1.343275010585785 0 0 0 0.2410455942153931 1.698031023144722 0.1335258334875107 0.8727832585573196 0.7277683392167091 0 278.4660236388445 60.65166396647692 77.63295406848192 0 0.722026564180851 0.2557445168495178 62.99111654609442 1.218873210251331 1.752986446022987 1.621701918542385 2.358323305845261 1.473999485373497 1.308374866843224 3.015451475977898 0 0.9727173298597336 253.6539068073034 15.06822412461042 0.3439486399292946 0.8807380795478821 2.66149727255106 0.5402216166257858 0 1.157459795475006 18.69933046400547 14.57085589319468 43.31817634403706 244.0990954712033 21.41880016028881 92.48613074421883 0.4183283895254135 26.47841592878103 0.4117251634597778 60.25322696566582 11.40998312085867 4.04004280269146 4.19857769459486 2.020068094134331 2.052777916193008 5.781583346426487 79.26672119647264 30.09131120890379 0 164.4232607111335 139.4412594735622 244.0058038160205 195.6543074399233 32.05860432982445 2.8746582493186 96.44643357396126 1.187647201120853 4.012609884142876 28.35784691572189 0.3365829810500145 12.95477844029665 15.12680086866021 12.28029301762581 0.07058880478143692 1.749039620161057 0.1067465618252754 0.2912814542651176 0.6749943271279335 2.313464805483818 0.8875215724110603 2.824233219027519 223.3316023498774 14.24220597743988 0 2.610495582222939 45.52815686911345 2.775283344089985 0 7.914672344923019 5.996000833809376 12.18281842768192 102.7478845715523 3.572462201118469 28.60404309630394 50.84289214760065 15.52132712304592 19.51049976795912 159.3364463895559 113.8479825630784 108.4311038553715 110.2543681114912 2.483424372971058 1.660490691661835 0 0 0 0 0 0 0 0 0.2225628942251205 0 0.4610429406166077 0 0 0 0.09709411114454269 0 0 20.60778948664665 10.84083904325962 0 0 0 74.14084567129612 1.720082752406597 52.62823421508074 4.348297193646431 0.5540390238165855 0 0.4544791579246521 0 0.9158748090267181 0.7098022252321243 0.1149177029728889 0 8.804349631071091 21.53677881509066 1.217497654259205 0.4337096959352493 0 0 0.139895498752594 0.2303611636161804 1.560054935514927 0.1171691492199898 1.898956991732121 14.68989151716232 0 0 1.233613520860672 49.27451918274164 2.466085687279701 5.951781578361988 2.988182336091995 0.1922559887170792 0 0 0.163277268409729 0 0 213.035284101963 2.562225937843323 0 0 0.2399826496839523 25.09600368887186 0.425233505666256 3.942567348480225 15.6858588680625 15.48936094343662 16.3010875955224 1.373402416706085 2.892813317477703 1.519855573773384 0 0 0 0.2193524837493896 0 0 0 66.12812076508999 32.63411069661379 21.56257899105549 332.4405663534999 56.40035097301006 372.4134394899011 112.3743237182498 298.9153572395444 56.45797420293093 9.099235713481903 93.46105236560106 10.87875831872225 0.8046454861760139 24.74505341798067 0.4901872128248215 11.84126879274845 2.33901558816433 0 3.742035776376724 2.779168084263802 0.2425538152456284
723.0185511261225 456.5998363867402 7.284156925976276 1401.363283231854 193.8613450676203 367.5693112164736 2707.774573378265 0.7393777966499329 358.3900830075145 0 3.881285890936852 878.5943878293037 6349.743245080113 631.2281817868352 1.938425965607166 0.5146009176969528 0.1690025627613068 0.2705215662717819 0 0 0 0 0 0 0 0 0 0 0 0 24.6909574046731 0.2924506068229675 26.57832860201597 0 0 0 101.3697804138064 0 0.8027703240513802 0 0 0 0 0.3057757094502449 0 0 18.53382112085819 2.829167641699314 0.1234729588031769 0.09760373830795288 0.2971323952078819 0.7352438867092133 0 0.119647890329361 6.712741732597351 2.44926780462265 45.42834811657667 243.3371889740229 10.68023887276649 12.59663067758083 0.1136472225189209 13.02807039767504 0 1.840144909918308 1.579062707722187 0.4716605469584465 0.08462361991405487 0.290321446955204 0.1421482264995575 0.3149766325950623 18.02604945749044 8.550259649753571 0 46.8673905134201 24.60696329176426 21.10879402607679 4.919315069913864 0.5910583734512329 0 51.33981357514858 0 0.08171763271093369 5.979774937033653 0 1.523189947009087 1.8361761495471 1.456429168581963 0 0.1099569350481033 0.9141793102025986 0 0.09801971912384033 0.09424875676631927 0 0 650.2296185791492 5.473022669553757 0 0.7777575179934502 557.2831450104713 0.681682288646698 0 5.434516735374928 8.658782199025154 4.833741150796413 89.10349894315004 3.548653677105904 22.71115992218256 69.85971267521381 19.5149757489562 11.47926646471024 139.530972853303 86.766373090446 78.53853753209114 49.2390961125493 0.8901967629790306 0.7735012173652649 0 0 0 0 0 0 0 0 0 0 0 0 0 0 0 0 0.30544114112854 9.806381680071354 3.712546288967133 0 0 0 21.50746545940638 1.32162681221962 18.69567789882421 0.7850334346294403 0 0 0 0 0 0 0 0.1138230040669441 3.967360973358154 8.543944157660007 0.5533589869737625 0.4067966043949127 0 0 0 0 0.9505579173564911 0 1.994556203484535 5.963307127356529 0 0 0.4366312623023987 21.03624606877565 0.8851935267448425 2.297593429684639 1.983550280332565 0.1281092613935471 0 0 0.2739709317684174 0 0.2602028176188469 69.07186332345009 0.9909118413925171 0 0 0 13.3473106995225 1.32399320602417 1.018040895462036 8.596991561353207 6.722919352352619 7.694511756300926 0.2601735591888428 0.0944487452507019 0.9958681911230087 0 0 0 0 0 0 0 23.48706660419703 11.46020889282227 7.089528024196625 184.5442767888308 3.02991309762001 41.78238081932068 4.943920858204365 1367.644133269787 11.84123583883047 1.152253232896328 5.544597581028938 2.332065388560295 0 13.81195837259293 0.1400717347860336 16.74809245765209 0.1871029436588287 0 0.7965071052312851 0 0
278.7398992329836 1263.43777474761 2742.396818824112 6.971722900867462 279.6315274462104 2.290526248514652 126.0244893953204 3196.456670425832 2725.739069454372 3.881285890936852 0 40.93656270951033 887.9618417918682 2484.343633309007 254.8373628780246 146.5203999727964 5.286173053085804 3.561567790806293 0.5246777310967445 5.460843317210674 42.02087194472551 0.1976114064455032 7.178297467529774 0.9895306825637817 11.63048623502254 4.064812809228897 6.237724848091602 2.119962096214294 0.7851685136556625 0.09247291833162308 745.0950885489583 646.6761689856648 457.6214492172003 5.364186838269234 12.54102466255426 22.17606993019581 239.819467484951 39.29479076713324 14.16190054267645 16.94778949022293 58.62309207767248 10.10857699066401 15.84571150690317 21.04708398878574 4.881701625883579 5.160430856049061 501.9870837256312 26.14174423366785 5.840738765895367 14.27650240063667 5.556167125701904 0.9198737069964409 0 6.066467851400375 24.43865981698036 23.72025288641453 58.12598730623722 449.3011279478669 31.43748409301043 166.2455688416958 4.094821289181709 175.9283762276173 12.60668843239546 212.6540430858731 17.56265783309937 6.271143853664398 8.197806172072887 6.544880270957947 37.71509508043528 157.387148141861 97.60066498816013 42.13389046490192 0 284.2978524416685 301.5318399146199 513.2835570424795 564.7025682702661 181.1781218573451 55.48707763850689 390.7503418326378 5.275089628994465 61.85993583500385 43.56100559979677 0.4788934662938118 20.62457400560379 19.83329166099429 30.05510754138231 0.8722846582531929 3.305788084864616 0.2271189913153648 1.341381661593914 1.101860843598843 26.50933230668306 8.11201062053442 6.782766200602055 152.5088185444474 20.85461224615574 0 10.94048484414816 63.55944740772247 1.534990444779396 0 2.540059313178062 0.6671445220708847 3.99945567548275 27.43687259405851 0.4676902145147324 9.302362501621246 12.81068683415651 4.68700647354126 5.981512621045113 54.53444936871529 42.19469750672579 43.30923403799534 56.64833410829306 1.778580486774445 2.522189222276211 0 0.5063199922442436 0 0 0 0 0 0 0.3781594485044479 0 0.4777422323822975 0 0.6659587174654007 0.1260564178228378 0.2001066282391548 0.2806121408939362 0 8.640826486051083 2.651621542870998 0 0.8397663533687592 0.2320393621921539 47.94096599519253 2.436775617301464 36.84954595565796 5.377835921943188 1.79105568677187 0 0 0.1391323059797287 0.1067291423678398 1.068554982542992 0.9940716847777367 0.132559671998024 3.435287892818451 13.55388230085373 0.5023754388093948 0.7213637381792068 0.5833598077297211 0.2278314754366875 0.3597167506814003 0 1.846972391009331 0.3536073565483093 0.3300122022628784 6.635222390294075 0 2.355186797678471 1.614945009350777 23.36023247987032 1.315529584884644 3.090205989778042 1.28399183601141 0 0.1431277990341187 0 0 0 0.428189218044281 110.8842543140054 4.064513370394707 0 0.1128770858049393 0.1638243347406387 9.938208930194378 4.308967664837837 1.803870275616646 8.014123499393463 6.313326589763165 9.590986154973507 0.1972681134939194 2.521543383598328 0.9034721776843071 0 0 0 0.3455572426319122 0 0 0.3864692524075508 38.39141683280468 35.34084460884333 20.37273997068405 570.209244325757 115.922019995749 630.0051235854626 210.8098860755563 284.3196834847331 95.65560657531023 12.45750944316387 189.8890677019954 15.25025293976068 0.8096965402364731 19.34782478958368 0 12.33940473198891 1.738409504294395 0 7.305638521909714 5.848131477832794 0.5803095251321793
90.74986878037453 204.8726221323013 16.34478347748518 406.4081079512835 7.031914263963699 170.3169061988592 790.9111373871565 1.628301955759525 33.77479542791843 878.5943878293037 40.93656270951033 0 2888.672303080559 541.7804846614599 14.05799654126167 16.44194021075964 1.096359930932522 0 0 0.1068954318761826 0 0 0.1169399619102478 0 0.3873321712017059 0.2369533330202103 0 0 0.2747434675693512 0 0.8835267350077629 0.6396104991436005 66.9486019089818 0 0 0.142209529876709 320.956459723413 0.9609111621975899 0.2509705498814583 0.4429009407758713 2.236215852200985 0.8212719261646271 0 1.954815365374088 0.4632687270641327 0.3304993957281113 19.92334513366222 0.4166128411889076 0.1384165436029434 0.6135070398449898 0.1028853133320808 0 0 0.7247521281242371 0.6407549977302551 0.7472093999385834 2.732657410204411 14.18463604897261 1.725819565355778 4.376145005226135 0.391386941075325 81.7805917263031 0.4159648716449738 0.8442764580249786 0.0903172567486763 0.614576168358326 0 0.1569256335496902 0 0.7472162842750549 24.50875987112522 45.1551918387413 0.2449842095375061 6.18683684617281 3.094202227890491 13.98695404082537 17.95874835550785 9.12784506380558 0 174.6995033249259 0.1082204729318619 7.082247763872147 0.7049035951495171 0.2816161215305328 0.4718851372599602 0.418277733027935 0.3312529101967812 0.3777264282107353 0.08728443086147308 0.1330685913562775 0 0.1181767359375954 0.2681270837783813 0.1904303431510925 0.8095338940620422 1710.794751316309 10.64642576873302 0 0 84.24685778468847 0.8816340416669846 0.8106121867895126 5.68769596517086 2.856106542050838 4.363888889551163 86.37453485280275 2.476569190621376 25.24322576075792 48.0764571428299 22.81349360942841 14.68266027420759 162.8880172222853 117.5658990889788 119.3691959828138 70.55436333268881 1.107430800795555 0.6165045127272606 0 0.2048379629850388 0 0 0 0 0 0 0 0 0 0 0.4323190450668335 0 0 0 0.1235839352011681 11.63092040270567 4.294756926596165 0 0.8650072813034058 0 25.15163263678551 0.6694151163101196 20.8836408406496 0.1341344267129898 0 0.339726448059082 0 0 0 0.1244489625096321 0.1773282587528229 0 1.441514045000076 10.17304817587137 0.6837054938077927 0 0 0 0 0 0.4782504737377167 0 0.7769842743873596 7.596714273095131 0 0 0 22.73668479174376 1.828139044344425 1.711099103093147 1.79483862221241 0.09201188385486603 0 0 0 0 0 128.0406156554818 0.9084721356630325 0 0 0 18.8721799403429 0 0.3097576275467873 6.751297473907471 8.183242507278919 6.648789338767529 0.8113990277051926 1.075593367218971 1.136413805186749 0 0 0 0 0 0 0 68.82090831547976 17.23935881257057 7.943996518850327 114.9138757288456 2.672311432659626 41.4722651168704 14.20200432091951 297.1034348756075 7.50437293201685 0.361171267926693 28.05156949162483 2.046023108065128 0.3132108598947525 9.293046459555626 0.122628353536129 12.51546228677034 0.107973039150238 0 0.948294922709465 0.1736349910497665 0
133.3243550807238 569.2431971654296 148.8510801866651 929.0373700335622 168.459114536643 126.3270612061024 2289.005222842097 178.7623701170087 3300.416623152792 6349.743245080113 887.9618417918682 2888.672303080559 0 2439.417976878583 106.0561608970165 56.18893256783485 1.610088624060154 0.2346539869904518 0 0.1234922781586647 1.400418162345886 0.3003907799720764 0.3022229969501495 0.1822464317083359 0.5841651111841202 0.7870286777615547 0.1556021273136139 1.150689154863358 0.4415198713541031 0 33.65855413675308 11.90428891777992 121.8693279847503 0.1295905411243439 0.780732162296772 1.174353815615177 97.31909174472094 3.151603877544403 1.749067388474941 2.410844959318638 3.911712475121021 1.916738115251064 0.5540911108255386 6.851513832807541 0 0.9442763775587082 175.2125236913562 6.441875644028187 1.567119337618351 1.305373772978783 0.8091512322425842 2.015009984374046 2.019464150071144 2.458037815988064 7.044656507670879 5.065955497324467 13.26405948400497 68.6286688297987 7.7221749573946 44.90142599493265 0.6326159089803696 47.74706295132637 0.2156061306595802 25.22344098240137 4.325894571840763 2.134398899972439 1.504753217101097 1.317906461656094 2.779881417751312 8.025038525462151 126.3638326823711 76.13039573282003 1.874499320983887 51.30354206264019 41.25049372017384 134.1393231675029 157.4450103566051 57.0281954407692 1.213475599884987 80.20299521833658 0.558103434741497 12.20139544457197 9.280613459646702 0 3.380709104239941 4.271150320768356 4.94275975227356 2.14596126973629 1.44811787456274 1.879620492458344 0.2413372993469238 1.909850873053074 3.190072201192379 1.016119055449963 1.191120833158493 2222.819579564035 91.33446299284697 4.7827008664608 7.811317920684814 66.28903961926699 4.712304420769215 0.5146799832582474 15.41866662353277 18.9423201829195 15.71862632036209 220.9872198328376 7.865371733903885 58.4335940554738 106.7109372541308 49.64792808145285 33.70308367162943 350.1516254767776 262.0332536920905 247.2097611650825 175.8853833973408 3.171226166188717 1.336104929447174 0 0 0 0 0 0 0 0 0 0.123567596077919 0.514183908700943 0 0.2144047617912292 0 0.1322592198848724 0.9754106625914574 0 34.92052651196718 11.96690122783184 0 0.2081255912780762 0 88.2976468205452 0.4712505340576172 70.66616852581501 2.3083725720644 1.041727907955647 0 0.3451185524463654 0 0 0.7553582042455673 0.248934842646122 0 11.48570096492767 26.92425794899464 2.911663301289082 1.160477578639984 0.152238205075264 0.1518195271492004 0 0 2.00254462659359 0.3396048471331596 1.858021788299084 18.2854059189558 0.1528586745262146 0.2334981113672256 1.497761428356171 63.05015856772661 4.983816616237164 7.431819714605808 3.482166163623333 0.1982122361660004 0 0 0 0.1305463910102844 0 336.6841000393033 2.632116243243217 0 0 0.2994062304496765 37.41858597099781 0.7012773156166077 2.5181685090065 20.15811336785555 27.55764131247997 23.16171817481518 3.203615806996822 4.561289690434933 3.155954957008362 0 0 0 0.6928402110934258 0 0 0 145.9944293275476 60.40336351841688 25.17186310887337 390.7662341669202 42.07425161451101 278.3990085497499 105.5617350488901 445.4597185403109 43.10317043960094 4.806681111454964 136.5653685480356 10.08297858387232 0.3292783796787262 32.23086090385914 0.1290605962276459 29.01934549957514 1.784360602498055 0.1938109993934631 2.624205581843853 3.677029103040695 0.1501817256212234
