0 2532.159188821912 693.7578662261367 1952.687804050744 224.6714891642332 237.6115869134665 1191.597260653973 18.24478124827147 35.41016507148743 811.7913360744715 38.0627860724926 26.76490259170532 42.64783637970686 42.02391334623098 0.4263223558664322 0 0.1398498117923737 0 0 0 0 0 0 0 0.1236022114753723 0.1207263022661209 0 0 0 0 357.3719280436635 0.2836748063564301 7.273753702640533 0 0.1346378177404404 0 2.316629111766815 0.4667849540710449 0.1804592162370682 0.2972514629364014 0 0 0 0 0 0.09446080774068832 15.07205218821764 0.3456834703683853 0 0 0.5090667828917503 0.1504702568054199 0 0 2.091360837221146 2.352936677634716 258.0752071216702 864.8404881730676 70.10749778151512 9.106466680765152 0.1172786578536034 0.7838253974914551 0 1.294643849134445 1.104527965188026 1.237641252577305 1.303783565759659 0.3409712761640549 0 0 12.51524269580841 1.654121786355972 0.9629798829555511 183.9527925625443 15.77094154804945 6.316040746867657 0.6311581283807755 0.2219407558441162 0.1446237713098526 6.63379679620266 0 1.033663205802441 11.2659801915288 0.3255566209554672 1.350609518587589 2.206575036048889 1.007107973098755 0.4835623800754547 0.1012474820017815 0.9887950569391251 0 0 0 0 0 111.7849110066891 11.53855822980404 0 0.2600407600402832 1144.517347924411 0 0 0 0 0 1.504500478506088 0 0.7505723685026169 0 3.060404360294342 0 0.4235483855009079 2.257699906826019 1.42632882297039 1.461368381977081 0 0 0 0 0 0 0 0 0 0 0 0 0 0 0 0 0 0 0 0 0 0 0 0 0.9720662981271744 0 0 0 0 0 0 0 0 0 0 0 0 0.6934763491153717 0 0 0 0 0 0 0 0 0 0 0 0.1340464949607849 0.1330549269914627 0.1780555099248886 0 0 0 0 0 0 0 0 0 0.4281648993492126 0.3372501879930496 0 0 0 0.2025769501924515 0 0.3249312043190002 0 0 0 0 0 0 0 0 0 0 0 0 0 2.443369626998901 0 0 20.4527589827776 4.307136058807373 48.46900373697281 11.52081125229597 537.4942757710814 19.52223241329193 5.040981017053127 8.066388867795467 1.061518296599388 0.1135774403810501 0.471042275428772 0.1312675029039383 0.1235914379358292 0.1599505245685577 0 1.087965965270996 0 0
2532.159188821912 0 2775.405506514013 470.2084754556417 1380.384788528085 102.1482752859592 6842.110509037971 241.4486412107944 983.722961679101 329.5199178904295 745.3850749731064 27.47941549122334 424.0206219181418 754.7619244903326 12.22701379656792 2.084213882684708 0 0.2596415355801582 0 0 0.1371741890907288 0 0 0 4.250070177018642 0.530201643705368 0 0.5745546370744705 0.1341197341680527 0.3398299217224121 2794.686791725457 7.000347211956978 40.64766551554203 0.1136935725808144 0.5272901505231857 2.544365227222443 10.03285664319992 2.575211316347122 0.3425498902797699 0.1495427489280701 0.4152619540691376 0.5088455826044083 0 0 0.132565826177597 0.3742592036724091 117.7544729560614 2.791472174227238 0.2871467173099518 0.1248021870851517 1.66146232932806 0 0 0.1540355682373047 5.035667710006237 7.755736231803894 163.6117642894387 2367.252245157957 118.0125610604882 61.4767481982708 0.5948413759469986 14.4255173355341 2.262088231742382 60.70697897672653 3.712101154029369 7.747393034398556 5.149952575564384 3.495630532503128 0.6626616194844246 0.3015409857034683 3.779373146593571 0.3895369097590446 0 433.026266425848 151.7834541425109 72.9546595364809 8.057493954896927 2.241202458739281 12.54891073703766 53.11153218150139 0.1021048054099083 25.21495443582535 57.13883559405804 0.6425227746367455 7.140168823301792 8.448447048664093 5.966975525021553 0 0.334103561937809 0 0.4560514539480209 0 1.27132873237133 0.1125039607286453 0 11.26172040402889 0.1823136061429977 0 0 1056.400941260159 0 0.2828725874423981 0 0.4523699581623077 0 0 0 3.559026062488556 1.213375985622406 3.176236182451248 0 2.905607752501965 1.80298787355423 4.255629763007164 0.9474776685237885 0 0 0 0 0 0 0 0 0 0 0 0 0 0 0 0 0 0.2631473541259766 0 0 0.2053443938493729 0 0 0 2.509930923581123 0 2.928895577788353 1.346852168440819 0 0 0 0 0 0 0 0 0 0.8494842648506165 0 0.1924160569906235 0 0 0 0.2725503891706467 0 0.1645363867282867 0 0 0 0 0 5.946681380271912 0 0 0 0 0 0 0 0 0 2.518626302480698 0 0 0 0 0.805686354637146 0 1.435823887586594 0.2137710303068161 0 1.566223293542862 0 0 0 0.06871462613344193 0.0828733965754509 0 0.1311419606208801 0 0 0 0.8574527502059937 0.5580841153860092 2.178019158542156 146.5201032012701 25.74299857020378 312.206192754209 35.96806219965219 135.461902230978 72.98393580317497 20.89341548085213 61.86314412206411 2.428051494061947 1.1182861328125 0.6632789373397827 1.761226832866669 0 0 0 0.5414478778839111 0.4376246482133865 0
693.7578662261367 2775.405506514013 0 5.322751209139824 559.7667875885963 0.7685113996267319 291.2148953303695 4226.862362220883 471.6512748375535 11.77835745364428 1232.22939350456 14.34680439531803 191.1879815906286 1339.127641163766 27.65537191927433 14.70802696794271 0.2762669920921326 0.434747226536274 0.2093353793025017 0.3026235997676849 2.318571723997593 0 0.8716499954462051 1.59581758081913 56.42186994850636 6.485924132168293 0.366218775510788 0.9894142001867294 0.5401475876569748 0 6388.700213909149 262.7844961956143 249.6861115098 1.971911065280437 9.48905698210001 40.55962476879358 93.77993918210268 24.113451205194 4.21868834644556 14.7767548635602 4.348365098237991 0.5715377628803253 0.2852854579687119 0.7924196422100067 1.321488827466965 6.860629603266716 50.17793805897236 1.769360296428204 0.3858809620141983 1.304649479687214 18.167246080935 0 0.9197057262063026 0.2491539716720581 2.096071921288967 2.355400256812572 43.4528648853302 1250.087239779532 30.26338531821966 20.02738089859486 10.005715534091 178.9476772025228 45.5064560547471 130.8512126132846 1.438000246882439 2.891368180513382 6.290746562182903 4.086908996105194 3.121762126684189 13.35238682478666 29.27267252653837 4.846290349960327 0 132.7470733746886 114.634442076087 51.33857172727585 18.71044260263443 7.183029845356941 555.6298720613122 1219.296137824655 1.764536395668983 694.9570761173964 14.08425208181143 0.2091172635555267 1.487221963703632 4.446598246693611 7.252291671931744 0 1.573211908340454 0 1.098977789282799 0.3818599879741669 12.71246926486492 2.05850413441658 0.4994115680456161 13.81347326934338 0.1933167725801468 0 0.09951648861169815 300.6310594603419 0 0 0 0 0 2.216468058526516 0.130697637796402 0.5534251928329468 2.127171248197556 0.4833845943212509 0 3.611507475376129 2.804883569478989 5.717090427875519 0.862390547990799 0.1377793997526169 0.1024284586310387 0 0 0 0 0 0 0 0 0 0 0 0 0 0.1663359850645065 0.1451914310455322 0 0 0 0 0 0 0 7.075190380215645 0 2.410708904266357 2.217872612178326 0.1072834581136703 0 0 0 0 0 0 0 0.2851967811584473 2.068509697914124 0 0 0 0 0 0 0.0930195078253746 0 0 0.7338455319404602 0 0.1040198877453804 0 5.697033256292343 0 0.6017674803733826 0 0 0 0 0 0 0 8.576538167893887 0 0 0 0 1.244101777672768 0 0.4211141169071198 0 0.8634973168373108 0 0.5068363323807716 0 0.1132561415433884 0 0 0 0 0 0 0 3.778333880007267 0 0 83.70573629438877 14.2776802405715 132.325774371624 14.2184219583869 12.94545155763626 30.85833798348904 5.406161718070507 33.62096199393272 0.9675594866275787 0.9702646806836128 2.022078096866608 0.3274366855621338 1.990841269493103 0 0 0 0.9327068850398064 0
1952.687804050744 470.2084754556417 5.322751209139824 0 16.58851689100266 1015.685808733106 377.859368391335 0.2038175612688065 63.94384548068047 1138.864305272698 2.3074069917202 5.305062174797058 126.6196470558643 8.027597345411777 2.509679645299911 0.1415191441774368 0 0 0 0 0 0 0 0 0 0 0 0 0 0 180.3393030837178 0.2105897814035416 0.3111022412776947 0 0.1329297870397568 0 0.1167187318205833 0 0.119512714445591 0 0 0 0 0 0 0 25.06254924833775 0.8770504221320152 0.1461589485406876 0 0.6151693686842918 0 0 0 1.437109723687172 2.567782059311867 47.42701950669289 264.2292645201087 35.85996036231518 15.5446851849556 0.109050378203392 0.2564525306224823 0.09524451196193695 2.679854139685631 1.292242474853992 2.102880366146564 0.8212354481220245 0.7265675216913223 0 0 4.111996650695801 0 0 111.3730771094561 23.09216989576817 10.93165136128664 0.8848604559898376 0 0 2.21061035990715 0 0 15.58007604628801 0.2281879112124443 1.517412573099136 2.42025800049305 1.964571848511696 0 0.1778612360358238 0 0.2215176969766617 0 0 0 0 81.0694258660078 0 0 0 293.7114386036992 0 0 0 0.7576204538345337 0 1.674521088600159 0 2.24169884622097 0 1.383309677243233 0 3.039541497826576 1.616368919610977 2.749585703015327 0.2371512949466705 0 0 0 0 0 0 0 0 0 0 0 0 0 0 0 0 0 0 0 0 0 0 0 0 1.137345924973488 0 0.3029949069023132 0.3614692240953445 0 0 0 0 0 0 0 0 0 0.4292205572128296 0 0 0 0 0 0 0 0.1631986424326897 0 0 0 0 0 2.186748325824738 0 0 0 0 0 0 0 0 0 0.4358468949794769 0 0 0 0 0.4289868474006653 0.61639404296875 1.63469010591507 0 0 0 0 0 0 0 0 0 0 0 0 0 0.2150032520294189 0.4983405470848083 1.349624544382095 44.08520426601171 8.479768365621567 73.09190227091312 7.359415948390961 369.5889184549451 18.48475259542465 4.563903920352459 17.25111934542656 0.4336324632167816 0.3695729151368141 0 0 0 0 0 0 0 0
224.6714891642332 1380.384788528085 559.7667875885963 16.58851689100266 0 3.489860400557518 957.900964550674 151.7182887867093 3516.637600518763 110.3758725002408 1952.881729632616 12.8761053532362 575.6524747461081 1034.993304818869 9.544075734913349 1.621132105588913 0.5201551392674446 0.1295519471168518 0 0.1497814655303955 0 0 0 0 0.5645114779472351 0 0 0.1028726398944855 0.7988394796848297 0 256.7474426999688 8.800665959715843 8.820792369544506 0.2906354963779449 0.09505670517683029 0 2.487482413649559 0.1254781037569046 0.2862878367304802 0.7213838323950768 0 0.1246159300208092 0 0.2451672554016113 0 0 71.4627915173769 1.728170961141586 0.1019795835018158 0 0.8709728270769119 0 0 0 1.90187206864357 3.092423349618912 23.52200118452311 207.7451169192791 34.43619909137487 33.15311880409718 0.1162904426455498 0.5337852835655212 0.3631239607930183 38.14646787196398 1.496385499835014 3.451621331274509 1.598055362701416 1.775410078465939 0.1820021420717239 0.512313649058342 7.180307894945145 0 0 117.4458105936646 68.00889436900616 57.68627081811428 7.569794364273548 0.3740353733301163 1.266435623168945 8.602819621562958 0 1.275554619729519 22.61885306984186 0.692194752395153 2.334518924355507 3.605704590678215 2.483624808490276 0 0.5625438317656517 0 0.4554018154740334 0.3766087591648102 0 0 0.1879861950874329 14.95948022603989 0 0 0.2770426869392395 37.18422205746174 0 0 0 0.1128050312399864 0.6861099302768707 5.207655891776085 0.2352165579795837 4.804980888962746 3.198851302266121 13.14599525928497 0 9.918683797121048 7.491105332970619 10.70470540225506 4.642136842012405 0.365478903055191 0 0 0 0 0 0 0 0 0 0 0 0.2085006982088089 0 0 0 0 0 0 4.816646039485931 0.1683160215616226 0 0 0 6.929955631494522 0.1115662381052971 4.313443452119827 1.141038075089455 0 0 0 0 0 0 0 0 0.3399346172809601 3.719731733202934 0.6387758851051331 0 0 0 0 0 0 0 0.5520409345626831 0 0 0 0 4.28656417131424 0.3296141624450684 0 0.1162605285644531 0.5893539786338806 0 0 0 0 0 12.4045197814703 0.165518045425415 0 0 0 2.780132070183754 1.171159714460373 3.979303389787674 1.585157185792923 0.4845326393842697 1.148617848753929 0 0.1621550023555756 0 0.09393417835235596 0 0 0 0 0 0.2828683853149414 6.14435350894928 0.3738780319690704 0.5305609256029129 125.9018383026123 24.70615699887276 180.7044405266643 15.62948862463236 40.7540178745985 51.62704020738602 9.187058471143246 63.18680103123188 2.297933250665665 0.5078144371509552 4.39156274497509 0.462080717086792 0.4663609266281128 0.5129369497299194 0.1844387575984001 1.341552495956421 0.7916116863489151 0
237.6115869134665 102.1482752859592 0.7685113996267319 1015.685808733106 3.489860400557518 0 299.0609497278929 1.053773984313011 8.123159378767014 613.1696175187826 0.5646479204297066 175.4167270511389 150.1554319262505 39.87442570924759 1.637055248022079 0.1815832853317261 0 0.1319857835769653 0 0 0 3.304578304290771 0 0 0 0 0 0 0.4215071201324463 0 85.38576257228851 0 30.37687662243843 0 0 0 14.31971180438995 0.6793865412473679 1.338053569197655 0 0 0 0 0 0 0 4.933451846241951 0.5098280608654022 0 0 0 15.72885705530643 0 0.4315859973430634 0.2590713128447533 1.199855543673038 150.4453698769212 63.40896393358707 6.460135735571384 3.612315386533737 0.3201590776443481 4.962084785103798 0 0 0.1999555230140686 0.1794327944517136 0.2082033976912498 0.1138022318482399 0 0 183.0236008316278 116.2693478167057 24.50563623011112 21.75391192734241 5.024565845727921 2.292101666331291 0.1354028284549713 0 0 25.18774166703224 0 0.2687420248985291 2.354713015258312 2.927859202027321 0.6695242747664452 2.523922599852085 0.6772144958376884 16.17758159339428 6.218247003853321 16.23916865885258 0.5417695343494415 0.9159820377826691 0 0 0.1935438513755798 399.0609948635101 323.85157738626 16.32725369930267 28.42832681536674 673.2428091168404 0 0 0 0 0 0 0 1.493544310331345 0 2.306194931268692 0 1.271178901195526 1.293930470943451 1.464469909667969 0.4094184041023254 0 0 0 0 0 0 0 0 0 0 0 0 0 0 0 0 0 0 0 0 0 0 0 0 0.6616345345973969 0 0.3947742730379105 0.3561885952949524 0 0 0 0 0 0 0 0 0 0 0 0 0 0 0 0 0 0 0 0 0 0 0 0.26877361536026 0.1520728021860123 0 0 0 0 0 0 0 0 0.6612542867660522 0.3216499090194702 0 0 0 0.6142037212848663 0 0 0 0 0 0 0 0 0 0 0 0 0 0 0 0.9682348966598511 0.6140419542789459 0 4.159987092018127 2.654523827135563 11.58895187079906 1.755396857857704 207.2435078173876 5.09118639677763 1.618294045329094 3.751286819577217 0 0 0.3871234953403473 0 0 0 0 0 0 0
1191.597260653973 6842.110509037971 291.2148953303695 377.859368391335 957.900964550674 299.0609497278929 0 74.39995032548904 1574.985569514334 2407.321605049074 1759.022690489888 185.8600411266088 3912.390458904207 2225.726797036827 52.01886665821075 8.470864020287991 0.4521549269556999 0.675362229347229 0.124519094824791 0.7002298533916473 0.3276219815015793 0 0.1980299949645996 0.8439734578132629 2.109555058181286 2.337539523839951 0.2758875489234924 1.046458967030048 2.50796289741993 0.3381791114807129 544.1527879759669 14.4499285146594 43.832345277071 0.1145081594586372 0.4211076721549034 0.7980834767222404 34.05324982851744 1.385278791189194 1.399732135236263 1.770127110183239 0.4833676218986511 0.3810623288154602 0 0.5322140008211136 0.2098412811756134 0 377.7572343349457 12.27000766247511 0 0.6692673712968826 6.712260097265244 0.3264628350734711 0.5639059618115425 0.9275176227092743 10.55090719461441 19.23980731517076 130.5736309438944 964.7691046521068 184.9224900826812 185.9865278303623 1.625116094946861 10.94710168987513 0.4568180441856384 117.2614391595125 8.050873056054115 17.30201327800751 11.39862814545631 8.202968433499336 0.9115838035941124 0.3662654533982277 32.89019954949617 3.888921931385994 0.5045707225799561 638.3742076605558 269.2807064056396 259.9857134968042 30.97929279506207 2.386325225234032 0.1441580802202225 58.04780136793852 0.7081908658146858 2.423630848526955 118.173162586987 1.838418237864971 17.56904407590628 21.04734727740288 14.49394216388464 0.5229689925909042 1.16704598069191 0.1131643876433372 2.38504645973444 0.7020380645990372 0.6520812511444092 0.1209124997258186 1.102184966206551 169.5501914620399 0.7449466586112976 0 0.4892358556389809 202.0508045703173 0.7343352138996124 1.575437784194946 14.02433876693249 5.13226617872715 3.518506199121475 43.70820018649101 2.7165357619524 58.43578340113163 42.21756123006344 110.8591231256723 1.459705665707588 78.04033499956131 81.10513700544834 96.45480728894472 44.10630072653294 1.727599360048771 1.821584567427635 0.137837752699852 0 0 0 0 0 0 0 0.3546077460050583 0 0.1408695429563522 0.1753962188959122 0 0.269222766160965 0.1096872910857201 0 0.1373591274023056 21.16007619351149 2.569205686450005 0.326012909412384 0.09230721741914749 0 56.86376890540123 1.392295867204666 26.14991960674524 7.186132796108723 0.125680223107338 0 0.1440083533525467 0.2797247767448425 0.4381069391965866 0.4250032752752304 0 0 13.58012951910496 19.5948629155755 0.8163485676050186 0.6727613061666489 0.1382889300584793 0.1186894401907921 0.3575688004493713 0.08546016365289688 0.1001082360744476 0.2243289202451706 1.107591904699802 4.443808436393738 0.6256327629089355 0.7870465517044067 1.239193290472031 77.46920967102051 0.2365140691399574 0.8787075579166412 0.3880967199802399 0.7474815398454666 0.6311836540699005 0.1740875095129013 0.3380145207047462 0 0 85.90617252141237 1.255064353346825 0 0.1080872640013695 0 20.24792593717575 11.12178845703602 37.23518821597099 21.69724056869745 12.33663342893124 14.10825699567795 1.366867408156395 0.9531572982668877 2.161923959851265 0 0 0 1.334286846220493 0 0 0 49.78207246214151 10.92224323749542 10.96102588623762 732.1677233949304 123.7275837287307 923.9721304774284 79.0997291430831 424.551501750946 280.6049659103155 44.95727395266294 320.0144460350275 20.10578391700983 3.460322327911854 32.53631149977446 5.980741195380688 17.89183501899242 5.363530538976192 0.2971198409795761 5.442416861653328 7.626864515244961 0.5611590147018433
18.24478124827147 241.4486412107944 4226.862362220883 0.2038175612688065 151.7182887867093 1.053773984313011 74.39995032548904 0 1249.426665432751 23.51977368444204 3290.628564342856 35.29498229920864 493.0390638187528 4323.933937057853 66.05096952617168 23.1498746201396 1.312395215034485 0.3857923373579979 0.3086350634694099 0 0.9557606130838394 0 0.5745794177055359 1.07409380376339 23.0529286339879 3.839549034833908 0.1354451477527618 0.4119741916656494 1.637013599276543 0.511675164103508 1687.443696193397 1184.650668911636 735.3272199854255 1.170866847038269 3.876096747815609 23.85527694225311 108.6315135285258 20.04203771799803 3.61144282668829 8.162960633635521 0.5271980315446854 0.6549689918756485 0.1638548374176025 4.963662587106228 0.2798074409365654 2.041780263185501 136.4885202720761 3.675952717661858 0.2703315019607544 0.6175253242254257 10.43389355391264 0.1315880417823792 0.6695696711540222 0.2376669943332672 1.95444443076849 2.70783219486475 21.70338699221611 337.5238864421844 33.43686857074499 46.40130456537008 3.586096040904522 183.7751230597496 19.72665552794933 240.2922752276063 2.443464756011963 4.843908652663231 3.300188958644867 2.293538972735405 1.894884869456291 3.695469841361046 30.83600927889347 3.021540589630604 0 141.2598193287849 153.0427062734962 157.5801546424627 66.88990398496389 52.90731461346149 424.9719700664282 868.6767485961318 2.977724924683571 466.6259192973375 17.67641094326973 1.073313862085342 2.115214727818966 3.591104045510292 5.327748335897923 0.16184002161026 0.7179780006408691 0 1.660133935511112 0.230970099568367 3.544221043586731 0.6175246834754944 0.5467003285884857 12.95498223602772 0.6137299984693527 0 0.2845558077096939 35.12188243865967 0 0 0 0 0 1.004315048456192 0 7.067975297570229 2.209162399172783 5.512306824326515 0 4.731651052832603 3.522104986011982 7.532934099435806 5.357226401567459 0 0 0 0 0 0 0 0 0 0 0 0 0 0 0 0 0 0 0 2.726225912570953 0 0 0 0 5.569254986941814 0 2.212774619460106 1.978955745697021 0 0 0 0 0 0 0 0 1.750605553388596 3.202512606978416 0 0 0 0 0.1384057998657227 0.08778295665979385 0 0 0.3071292638778687 0.5301877856254578 0.1438523679971695 0 0 7.924489751458168 0 0 0 0 0 0 0 0 0 11.43948905169964 1.313172936439514 0 0 0 0.7781999707221985 0 2.618871003389359 2.205157339572906 1.362837076187134 1.323591202497482 0 0 0.2020690739154816 0 0 0 0 0 0 0 7.425309181213379 2.42233444750309 0.7860117405653 329.5765054672956 32.62124284356833 365.23056576401 33.78791669011116 43.62773651629686 86.43285565078259 9.656646117568016 148.3308291435242 4.503948181867599 0.2664104998111725 4.590236715972424 0.1443813443183899 2.149343311786652 0.8056085109710693 0 0.8546757102012634 2.741622790694237 0.2130645513534546
35.41016507148743 983.722961679101 471.6512748375535 63.94384548068047 3516.637600518763 8.123159378767014 1574.985569514334 1249.426665432751 0 369.859935157001 5438.867922663689 84.62957090884447 740.6601715832949 1046.238114669919 75.05446440726519 18.00629016757011 0.6002699807286263 0.2570582330226898 0 0.6060609668493271 0.2957107648253441 0 1.024069994688034 0.6662427857518196 1.441123031079769 0.9675981104373932 0.1156844645738602 1.187688753008842 2.806124031543732 0.3855974078178406 260.1376802772284 20.42058143019676 35.51414669305086 0 0.7699999436736107 1.658537492156029 16.24699918925762 1.420499391853809 1.136169329285622 0.765433594584465 0.2723855674266815 0.4043729305267334 0 0.6513464748859406 0.6942843645811081 0.5861346423625946 192.1984707266092 3.131218753755093 0.3178137838840485 0.2939665615558624 3.677044562995434 0 0.2331444770097733 0.4947041049599648 2.995899498462677 4.920558251440525 27.97251676023006 180.6705694422126 56.33572952449322 65.55619154125452 1.766130834817886 12.9622865319252 0.4459132999181747 74.44249563664198 2.729212060570717 6.046932473778725 5.436209969222546 2.214713424444199 0.8949010074138641 0.8421077579259872 18.36657594144344 1.025737471878529 0.3698040544986725 171.7368538752198 128.0197662934661 190.5241818875074 46.38889502733946 9.634830385446548 0.184354767203331 23.75172670185566 0.2022431716322899 2.672946624457836 34.78915756195784 0.7484483793377876 5.246835187077522 6.799426205456257 5.145153671503067 0 0.521628126502037 0 1.501004561781883 0.6022996604442596 1.185112982988358 0.3087360188364983 1.296231381595135 64.45787632465363 0.7456083595752716 0 0.6183820217847824 13.3483319953084 0.1194398477673531 1.00072155892849 8.471148625016212 1.306039109826088 4.769190013408661 23.83747792989016 1.303222268819809 40.51928125321865 29.8127493262291 68.19453471899033 1.547342985868454 59.61411809176207 60.46231382340193 65.84257959574461 31.37328766286373 1.689506039023399 0.8631215170025826 0 0.1312148720026016 0 0 0 0 0 0 0 0 0 0 0 0.1619089841842651 0 0.1455081701278687 0 12.25557559728622 0.3753079771995544 0 0 0 34.13675989955664 1.398702196776867 16.04342598468065 4.40486142039299 0.6436646580696106 0 0 0 0.1102359369397163 0.5323309525847435 1.127792805433273 0 6.666911706328392 11.44397066533566 1.452175259590149 0 0 0 0.3116654604673386 0 0.6190269142389297 0.3219864442944527 2.952810391783714 2.37129782140255 0 0 0.4654192924499512 48.09263055026531 0.4923820793628693 0.6169245988130569 0.2764100730419159 0.9448438882827759 0.3099979311227798 0.09129689633846283 0.7453718483448029 0.2692840397357941 0 71.23730497062206 0.2571643590927124 0 0 0.1467997580766678 10.57635653018951 4.149195216596127 15.40291315317154 12.77120864391327 7.687478080391884 10.81890264153481 2.82302725315094 0.6736261174082756 0.6752453371882439 0.1038786768913269 0 0 0.7605543434619904 0.115589864552021 0 0 48.10714557766914 8.661542348563671 4.260294653475285 428.6076875329018 73.59049959480762 454.4456789121032 42.24239627271891 84.43014471232891 154.5663476064801 18.04933229833841 253.6042085364461 10.96512847393751 1.622099965810776 16.37290694564581 1.653365418314934 7.18951702862978 2.41931377351284 0 2.565822623670101 7.620004206895828 0
811.7913360744715 329.5199178904295 11.77835745364428 1138.864305272698 110.3758725002408 613.1696175187826 2407.321605049074 23.51977368444204 369.859935157001 0 32.12335167825222 1075.234233111143 4787.846202842891 865.8150346502662 15.78876972943544 3.811637043952942 0.1352960616350174 0 0 0 0 0 0.7795326709747314 0 0 0.2092142552137375 0.1963762789964676 0.5821016579866409 0 0.3322129845619202 86.97711837291718 0.7179081067442894 193.1119247302413 0 0 0 44.03622230887413 0.3430177718400955 0.1355474889278412 0.7339790314435959 0 0 0.117348924279213 0.1585076600313187 0 0.1119822934269905 65.83039387315512 1.642386272549629 0 0 0.8921403512358665 0 0.1231154277920723 0 2.416956856846809 2.135775305330753 45.84808779507875 183.3871963322163 35.36255941540003 24.68488835543394 0.8925564214587212 35.80282838642597 0 9.723541960120201 1.24178858846426 3.195605613291264 2.404187627136707 1.14321430772543 0.7857420295476913 0.2596465423703194 52.73738969862461 4.482407629489899 0 122.9812344014645 38.83236803859472 37.4907224625349 9.24882335960865 1.606628328561783 0 320.5159445852041 0 1.389345049858093 19.06364937871695 0.9995576813817024 2.118713513016701 2.362402409315109 2.990180671215057 0 0.2493481636047363 0 0.1054208055138588 0 0.2557603418827057 0.1735396832227707 0 593.4355505853891 1.568071007728577 0 0 307.8432045057416 2.012258097529411 1.255967319011688 14.46536844968796 4.49570669233799 7.594736590981483 87.23427551984787 6.719830691814423 111.124688513577 80.69274301826954 212.3248727396131 1.310631394386292 125.9442647770047 149.3391401916742 159.482026040554 51.49006532132626 3.424428433179855 1.142705261707306 0.2199137061834335 0 0 0 0 0 0 0 0.259766697883606 0 0 0 0 0 0 0 0 22.67491382360458 5.409462675452232 0 0 0 47.37726309150457 3.32763309776783 21.8827238380909 5.88522332906723 0 0 0 0 0.2420772314071655 0.1542272567749023 0 0 23.16053691506386 29.13922910392284 0.2593151926994324 1.160364672541618 0 0 0 0.3694768100976944 0.2322006970643997 1.185202576220036 3.610292658209801 10.2854171693325 0 0 1.517145082354546 75.65369975566864 0.9882314503192902 2.117244154214859 0.5456797182559967 0.2287715598940849 1.457881450653076 0 0.4190650284290314 0 0 89.36330134421587 0 0 0 0.3946618437767029 21.16787715256214 7.257563784718513 39.00460395216942 28.14194193482399 15.78122937679291 18.40489916503429 2.835365951061249 2.197977051138878 1.902573809027672 0.07629704475402832 0 0 1.90986904501915 0.9067377224564552 0 0 69.60511761903763 7.628863021731377 8.544913597404957 260.116637788713 24.43643633276224 192.7890893295407 18.57522124052048 631.2020273804665 57.5227240100503 5.536736935377121 130.29951839149 19.5329198539257 0.7919536158442497 43.18647280335426 2.88146036863327 29.56419299542904 5.990871831774712 0.1456108689308167 11.99715080857277 1.25969386100769 0.1386196613311768
38.0627860724926 745.3850749731064 1232.22939350456 2.3074069917202 1952.881729632616 0.5646479204297066 1759.022690489888 3290.628564342856 5438.867922663689 32.12335167825222 0 50.47371396422386 1180.536953784525 3509.316287621856 21.87415385991335 8.330865025520325 0.1217559427022934 0 0 0.1599788218736649 0.1866070628166199 0 0 0.2962341755628586 8.474150538444519 3.769301101565361 0 0.6991907060146332 0.4327607452869415 0.3030524849891663 241.966721214354 62.70234950631857 774.8713108003139 0.1326528936624527 1.52102904766798 9.936995901167393 120.2908476814628 12.74049796164036 1.800858594477177 3.903620190918446 0.6287065148353577 0 0.5112761259078979 0.8479635491967201 0 0.6145351976156235 39.39883163571358 0.4920056909322739 0.2292871177196503 0.2268986403942108 2.3565683811903 0 0.1367439031600952 0 0.6233649924397469 0.501004733145237 5.106830790638924 75.9862694889307 11.70622132718563 14.31653139740229 1.028199881315231 164.1813823133707 4.782021462917328 29.72269953042269 0.2742945402860641 0.9478616639971733 0.3839599415659904 1.601388409733772 0.3336395025253296 0.145304799079895 27.30165091902018 0.4096462726593018 0 39.42058509588242 35.46221413463354 43.2979521676898 17.10047576576471 5.041432596743107 92.20692038536072 253.9822470620275 0.1076989993453026 39.03751289844513 5.726878814399242 0.7353126406669617 1.103773638606071 1.226104110479355 1.187924832105637 0 0.09053323417901993 0 0 0.2420533448457718 0.8965361341834068 0 0 14.76914450526237 0 0 0 12.69332811236382 0 0 0 0.4538174867630005 0.3430565297603607 2.205703631043434 0.2666726112365723 4.68699748814106 1.152876079082489 7.953940212726593 0 6.12926310300827 4.056808069348335 6.023301273584366 4.78714345395565 0.4034522175788879 0 0 0 0 0 0 0 0 0 0 0 0 0 0 0 0 0 0 2.277347773313522 0 0 0 0 3.803265064954758 0 0.66252101957798 0.2729192450642586 0 0 0 0 0 0 0 0 0 1.276869490742683 0 0 0 0 0 0 0 0 1.543802261352539 0 0 0 0 5.26492702960968 0 0 0.3163666725158691 0.2588309943675995 0 0 0 0 0 6.777939587831497 0 0 0 0 3.216424629092216 1.57973076403141 2.991244077682495 1.427349478006363 1.830586701631546 0.3161285668611526 0.2415700405836105 0.4022745192050934 0.2039532661437988 0 0 0 0 0 0 0 5.708582073450089 0.6941625028848648 0.7788828313350677 139.2551087811589 11.20498045533895 130.2869543284178 11.79951981455088 16.08389483392239 36.78576622903347 3.506267309188843 70.36770628392696 2.817284300923347 1.387149378657341 2.324570208787918 0 0.7445980161428452 0 0 2.40804061293602 1.133635222911835 0
26.76490259170532 27.47941549122334 14.34680439531803 5.305062174797058 12.8761053532362 175.4167270511389 185.8600411266088 35.29498229920864 84.62957090884447 1075.234233111143 50.47371396422386 0 1243.572460062802 228.7267600148916 20.21061945706606 9.680982500314713 0.2833695262670517 0 0 0 0 0.2065187841653824 0 0 0.3195668607950211 0.1428756266832352 0 0 0 0 5.068725548684597 0.7595696076750755 86.43986475467682 0 0 0 107.0660193562508 2.108252391219139 0.7843480110168457 0.4391440600156784 0 0 0 0.3768996000289917 0 0.1190491765737534 15.70402432978153 0.09134822338819504 0 0 0.09859906136989594 0 0 0.2603696286678314 0.09260996431112289 0.1027613878250122 3.562333442270756 7.671364210546017 3.250710055232048 2.685332708060741 0.7366778329014778 64.86493301391602 0 2.882532835006714 0 0.5050752982497215 0.3559523150324821 0 0 0 81.47005204856396 9.936348050832748 0 10.63974562287331 7.14974270761013 22.01899851113558 6.039434522390366 2.207915112376213 0 189.5182494968176 0.2426153421401978 3.659159436821938 1.483489491045475 0 0.1148553043603897 0.5847037732601166 0.1570666134357452 0 0.2090894728899002 0.1866161674261093 0.1246672943234444 0.1685988903045654 0 0 0.1626418828964233 1399.455161854625 8.307750850915909 0 0.2222432047128677 92.13788561522961 1.226686954498291 0 4.729900419712067 0.8610243797302246 1.305754572153091 39.85960468649864 2.520501285791397 47.80769075453281 36.91975812613964 68.5808180719614 0.844497911632061 67.99612228572369 85.69976006448269 91.45376767218113 19.72009079158306 0.4195366576313972 1.513225227594376 0 0 0 0 0 0 0 0 0 0 0 0 0 0 0 0 0 12.19542181491852 1.197443678975105 0 0 0 6.07141076028347 0 4.383386507630348 1.756364434957504 0 0 0 0 0 0 0 0 4.651670321822166 6.620245069265366 0.7649404853582382 0 0 0 0 0 0 0.1911761313676834 0.3604544401168823 2.599000483751297 0.5714719295501709 0 0 20.77318781614304 0 0.8286752700805664 0 0.2570065930485725 0.4166176468133926 0 0.3013777434825897 0 0 33.49080860614777 0 0 0 0 10.56107597053051 2.207811251282692 4.006923153996468 7.042264357209206 4.515407778322697 3.770146951079369 1.530206397175789 0.7355243563652039 0.3245911449193954 0 0 0 0.5187502354383469 0.1390265822410583 0 0 64.62161934375763 3.382049083709717 0.934261828660965 129.8177677839994 5.546985305845737 76.49657357484102 7.08646048605442 203.1053085029125 12.04031445086002 0.3982128500938416 65.03100925683975 3.003295212984085 0 9.529784895479679 0.9876658692955971 9.493726253509521 2.089823439717293 0 2.197474718093872 0.3949219137430191 0
42.64783637970686 424.0206219181418 191.1879815906286 126.6196470558643 575.6524747461081 150.1554319262505 3912.390458904207 493.0390638187528 740.6601715832949 4787.846202842891 1180.536953784525 1243.572460062802 0 3919.56636569649 139.8976763412356 45.46838779747486 0.7339283376932144 0 0.1476631462574005 0.4910397827625275 0.3705689758062363 0 0.5367202162742615 0 2.547398969531059 1.538096979260445 0.2695841193199158 0.5585750788450241 1.868513956665993 0.9186287522315979 103.4518897607923 11.44374242424965 335.8318845182657 0 0.7241116538643837 2.449285462498665 252.9009395539761 4.081160686910152 1.057475499808788 0.5586739927530289 0.9421474635601044 0.4211991727352142 0 3.070032171905041 0.1222671195864677 0.5607037991285324 161.7406182140112 2.431732356548309 0 0.1153006926178932 1.251652516424656 0.1327923983335495 0.4498763084411621 0.4506080746650696 2.343387119472027 3.999013625085354 16.74770431220531 91.65747912228107 32.67308474332094 41.70765794813633 2.624705605208874 139.139683522284 1.872687734663486 57.45783295482397 0.6866936683654785 3.164860233664513 2.541088052093983 1.714587725698948 1.048969835042953 1.125477276742458 151.4431642740965 3.727138355374336 0 113.191556327045 85.9679027274251 173.8885566741228 64.42912467569113 19.98073934018612 1.101524040102959 792.7624593824148 0.6443994045257568 6.96454643458128 21.24956029653549 0 3.022825114428997 4.046096295118332 4.675167471170425 0 0 0.4147856831550598 0.1117886528372765 0.1461478173732758 2.422920763492584 1.099997863173485 1.507852405309677 2244.716169208288 8.726158827543259 0.1759593337774277 0.4828586056828499 90.128880597651 1.66881537437439 1.913436442613602 15.40895062685013 6.973459765315056 6.318297550082207 96.75913568586111 5.660258665680885 134.4671823382378 114.5923139229417 203.7802582830191 1.396739810705185 195.8819170221686 226.8562566414475 239.396377466619 85.19237741827965 1.989878855645657 2.168042235076427 0 0.1822478622198105 0 0.2369887381792068 0 0 0 0 0 0 0 0 0.1133979707956314 0 0 0 0 37.23397050797939 2.515234768390656 0 0.3020453453063965 0 46.43885539472103 1.393247529864311 14.53398567438126 4.622610732913017 0 0.1328905075788498 0.2133572697639465 0 0.1371563374996185 0.1341623067855835 0.6807452738285065 0 15.28805840015411 25.43062238395214 1.065165281295776 0.994470626115799 0 0.1229352355003357 0.1137378439307213 0.3570738136768341 1.517084345221519 1.465680822730064 3.728758402168751 9.815732426941395 0 0.3256907165050507 0.8880059719085693 81.74558129161596 0.87726179510355 2.686418488621712 0 0.7965012043714523 0.8976758867502213 0 0.1385421305894852 0 0.1588278263807297 143.3665507808328 0.8442686498165131 0 0 0.1890794783830643 31.68448211252689 7.788517132401466 27.96206800639629 25.65010686218739 12.48059764504433 17.19602067023516 1.290113538503647 1.497412614524364 2.751060321927071 0 0 0 0.5526777505874634 0.6411506161093712 0 0.3649444878101349 200.0605021417141 15.92658993601799 4.622028291225433 737.5896925851703 64.74075052887201 519.6060832813382 53.99828353524208 263.2795222625136 140.4913477525115 11.58261309564114 371.8602143079042 14.2352447360754 1.460067383944988 29.41563440859318 2.815634906291962 22.1020288169384 4.764616675674915 0.3523820638656616 6.800398118793964 12.77975266426802 0
42.02391334623098 754.7619244903326 1339.127641163766 8.027597345411777 1034.993304818869 39.87442570924759 2225.726797036827 4323.933937057853 1046.238114669919 865.8150346502662 3509.316287621856 228.7267600148916 3919.56636569649 0 174.3797976970673 62.06653243303299 2.093223713338375 0.324355274438858 0.1501011997461319 0.6989100724458694 0.435528501868248 0 0.6566833704710007 1.07532961666584 10.88916999846697 2.865583337843418 0.6424700319766998 1.032790258526802 2.107770450413227 0.6140303164720535 315.2483395412564 49.47227423638105 1718.70853600651 0.723237469792366 1.823073603212833 7.606330566108227 545.2814428508282 33.32390381395817 7.791129805147648 4.974934197962284 0.1334457546472549 0.4372562542557716 0 3.674370348453522 0.5744135603308678 1.923367008566856 230.9445498362184 3.595472171902657 0.3773502111434937 0.5612262040376663 4.473918169736862 0 0.2655472308397293 0.754208080470562 2.649064771831036 4.627058357000351 27.2956670075655 197.7592046782374 53.37069710344076 71.11470092833042 6.878814108669758 331.7895161807537 3.928001992404461 104.3223023787141 2.744550876319408 4.689112164080143 5.027201570570469 2.607615828514099 0.4920951426029205 0.9861102178692818 116.2794860675931 3.783955805003643 0 170.2364119589329 150.3356722667813 258.8334838375449 95.92215051501989 29.96468934416771 4.445930883288383 1139.862372979522 0.7628993019461632 47.72664162516594 30.96110853552818 0.7137107774615288 3.358460046350956 4.489484399557114 8.2975749745965 0.6650753915309906 0.3190865218639374 0.1612020581960678 0.5231715515255928 0.4489148035645485 2.071024559438229 0 0.8740779161453247 758.648480117321 3.82113142311573 0 0.4818370267748833 50.59263687580824 0.5912509262561798 0 6.048026710748672 1.16013540327549 2.764372855424881 43.23885072767735 0.8362603187561035 62.54476565867662 41.51632876694202 77.44708435237408 0.9457456320524216 82.63113338500261 90.38457323610783 107.6786399111152 47.40438432991505 1.284276403486729 1.349084168672562 0 0 0 0 0 0 0 0.1211963444948196 0 0 0 0 0 0.1421042084693909 0 0.3055564314126968 0.1738011091947556 19.08839026093483 2.232560083270073 0 0 0 25.392134077847 1.372179552912712 8.942141994833946 3.161812089383602 0.1155911087989807 0 0 0 0.1489030569791794 0.2014924883842468 0.1164017990231514 0 9.978332959115505 14.59961959719658 1.618318796157837 0 0 0 0.7990940511226654 0 0.1857806295156479 0.1677841991186142 2.742979638278484 2.96402245759964 0.162889376282692 0.2470518052577972 0.745685413479805 45.38866654783487 0.205226868391037 0.8586928844451904 0 0.3894506692886353 0.2562474310398102 0.1753724068403244 0 0 0.1331984847784042 82.94875378161669 0.4356058239936829 0 0 0.136022537946701 16.15271338820457 3.925688236951828 18.34089942276478 11.12637125700712 5.949210032820702 11.29880949109793 2.409798108041286 0.8913777321577072 1.717895217239857 0 0 0 0 0.6995099782943726 0 0 102.405066460371 10.78630919754505 5.12365934997797 692.5944192036986 71.32493465393782 604.4333980083466 63.7975444868207 124.0474391207099 178.1579884365201 16.10958835482597 359.6863164231181 12.62608950585127 1.088224038481712 18.88978040963411 1.932288616895676 8.539038300514221 4.962736889719963 0 2.768190279603004 11.39701392501593 0.2200314253568649
