0 6290.552078142762 1386.214273318648 1966.27764326334 392.1030950844288 37.43748903274536 1572.679865956306 563.9955273270607 308.8782329186797 1101.396632820368 1340.785842962563 5.154407501220703 86.31345257163048 21.55712914466858 0 0.1962728947401047 0.2007640302181244 0 0 0 0.2503712996840477 0 0 0 0 0 0 0 0 0 458.3803431391716 0.1866378784179688 0.4580583572387695 0.1354451328516006 0 0 0.1181215867400169 0 0 0 0 0 0 0 0.429758220911026 0.1190776750445366 1.517593093216419 0 0 0 0 0 0 0 0.2737697064876556 0 40.67676778137684 132.5552434623241 6.23230168223381 1.926620580255985 0.2241329103708267 0 0 0.1386947929859161 0 0 0 0 0 0 0.662056177854538 0.2228426337242126 0 42.39330472052097 0.9573294892907143 0.8354268297553062 0.5980295538902283 0 0 1.929683618247509 0.7010123729705811 0.703732967376709 0.1360743641853333 0 0 0 0 0 0 0 0 0 0 0 0.1022155061364174 0.4517059028148651 0 0 0 494.6538500115275 0 0 0 0 0 17.37457700073719 0 0 0 0 0.227567583322525 0.1682326048612595 0 0 0 0 0 0 0 0 0 0 0 0 0 0 0 0 0 0 0 0 0 0 0 0 0 0 0 0 0 0 0 0 0 0 0 0 0 0 0 0 0 0 0 0 0 0 0 0 0 0 0 0 0 0 0 0 0 0 0 0 0 0 0 0 0 0 0 0 0 0 0 0 0 0 0 0 0 0 0 0 0 0 0 0 0 0 0.2756732106208801 0 0 1.231324523687363 3.67403369396925 0.2988284975290298 28.26506221294403 1.162418305873871 0 0 0 0 0 0 0 0 0 0 11.53805154561996 0
6290.552078142762 0 1871.57536958158 944.5483735799789 4287.522876553237 718.8422793000937 8337.038680166006 660.7592101022601 3971.704417690635 699.6580999791622 3541.422652080655 37.11797693371773 356.011785030365 231.4986840188503 22.14212220907211 3.482141137123108 0.8705131113529205 0 0 0.4762517958879471 0.5783047080039978 0 0 0 0.1479211151599884 0.1141401454806328 0.2349573820829391 0 0 0 2074.761378377676 31.90943525731564 1.811735570430756 0.3118297159671783 0 0 0.48272904753685 0 0 0 0.5991629064083099 0.3172612115740776 0.1808119565248489 0.8484533131122589 0.2717505246400833 2.01335434615612 282.7586664780974 8.396759562194347 0.8779395148158073 0 1.898164838552475 0.1934440955519676 0 0.2170280292630196 1.36140701174736 2.404700249433517 28.78591465950012 140.3373690620065 12.52710866928101 43.4606883302331 4.879898458719254 0 0.9164438247680664 45.76339328289032 2.797387517988682 1.109160043299198 1.758619405329227 3.072278648614883 0.4131099507212639 0.7101385146379471 1.414340667426586 0 0 138.1927881836891 26.22808066755533 31.9021318629384 70.96452019363642 5.293692477047443 4.655330792069435 7.119096376001835 6.436077922582626 5.447075702250004 7.881984196603298 0.117056243121624 2.606818728148937 2.122411511838436 0.6094036772847176 0.129839688539505 1.142840959131718 0.3656401634216309 0.3715246021747589 0.1828881651163101 0.4692395776510239 0.6269786357879639 0.4889842122793198 9.974818006157875 0 0 0 1286.853874921799 0 0 0 0 0 51.52643546462059 0 0 0.547505795955658 0 0 0.1459826678037643 1.239444598555565 1.046546161174774 0.3710090816020966 0 0 0 0.2072268128395081 0 0 0 0 0 0 0 0 0 0 0 0 0 0 0 0.1416953951120377 0.3904691487550735 0 0 0 0 0 0 0 0 0 0 0 0 0 0 0 0 0 0 0 0 0 0 0 0 0 0 0 0 0 0 0 0 0 0 0 0 0 0.1244318559765816 0 0 0.5292278826236725 0 0 0 0 0 0 0 0 0 0 0 0 0 0 0 0 0 0 0 0 0 0.6121824383735657 0 7.12383983284235 2.667746812105179 168.8471050038934 7.262409962713718 35.83041501045227 11.27089534699917 0.4935589954257011 2.137975379824638 0 0 0.46490378677845 0 0 0 0 0 0 0
1386.214273318648 1871.57536958158 0 29.42304939031601 392.5976724028587 160.5688974410295 64.84326046705246 1309.090501561761 1007.349878489971 31.51328970491886 1050.617248885334 2.529968768358231 51.30306435376406 170.8165727332234 10.67833558470011 8.870037205517292 5.347906529903412 0.7251557111740112 0 11.2746371999383 7.330799475312233 0 2.862811878323555 1.365913942456245 0.2166954129934311 0.1221214234828949 0 0 0.2841323688626289 0 3873.557555906475 701.9225990101695 0.7454706281423569 5.009583882987499 1.335723087191582 0.09944503009319305 1.07819540053606 0 0.1014163792133331 0 1.383198082447052 0.1478752344846725 0.2940065562725067 9.01352147012949 6.880846001207829 20.12227413058281 78.86240304261446 2.153875522315502 0.1147035509347916 0.6480848044157028 1.020470164716244 0.1032058000564575 0 0 1.273503348231316 1.14098709076643 16.40196397900581 256.3371798470616 5.997378639876842 18.24597061425447 51.05956496298313 0.6393994987010956 12.62540376931429 124.5966931581497 0.7632413133978844 0.8171972334384918 0.9933163449168205 1.139111883938313 0.7832616344094276 4.822676002979279 11.68055940419436 2.882701441645622 0 72.25417793542147 12.77056211978197 13.44747599959373 57.06624928116798 53.98141103237867 211.8388226777315 148.7052300572395 104.4900568425655 149.4225704595447 4.028798744082451 0.1860533505678177 1.351685337722301 0.4818332567811012 0.1148407608270645 0 0.2338693886995316 0.105631060898304 0.2220689281821251 0.2686187028884888 0 0.6085661798715591 0.2473190352320671 18.63377264887094 0.7763466089963913 0.1098073571920395 0.5611228942871094 609.2173167690635 0 0 0 0 0.6359480023384094 0.8477610349655151 0 0.552692174911499 0 0 1.077463783323765 7.624304860830307 5.545734114944935 8.50586561858654 3.870443627238274 0.4194413423538208 1.290786981582642 0.1726530641317368 0 0 0 0 0 0 0 0 0 0 0 0 0 0 0 0 2.989705979824066 2.171075940132141 0 0 0 3.034256905317307 0 0 0 0 0 0 0 0 0 0 0 0 2.094696871936321 0 0 0 0 0 0 0 0 0 0 0 0.1439084857702255 0 0 1.105887413024902 0 0 0 0 0 0 0 0 7.046898506581783 0.5187276154756546 0 0 0 0.1374706625938416 0 0 0 0 0.2075152844190598 0 0 0 0 0 0 0 0 0 0 1.399387896060944 0.3924355953931808 0.3814688920974731 7.832306362688541 2.675961308181286 58.89953017234802 5.56888671964407 36.11684892326593 5.265033707022667 0.8641896620392799 0.9941787868738174 3.8952771499753 0 3.141087472438812 0 1.406631350517273 0 0 0 0.240566186606884 0
1966.27764326334 944.5483735799789 29.42304939031601 0 370.9715422987938 1237.943924039602 642.2104426324368 18.68500453233719 47.15461575984955 1783.630648329854 79.57058161497116 28.02540664374828 306.4903310537338 29.78869789838791 0 0 0 0 0 0 0 0 0 0 0 0 0 0 0 0 119.2642029970884 0 0 0 0 0 0 0 0 0 0 0 0 0 0 0 1.668090239167213 0 0 0 0 0 0 0 0 0 1.439308226108551 16.49283964931965 0.4485241174697876 1.126379489898682 0 0 0.2391086220741272 0.1576010137796402 0 0.1027937233448029 0 0 0 0 0 0 0 8.832736469805241 0 0 0.3556493818759918 0 0 0 0 0 0 0 0 0 0 0 0 0 0 0 0 0 0 16.38094717264175 0 0 0 156.5138147100806 0 0 0 0 0 15.04768651723862 0 0 0 0 0 0 0 0 0 0 0 0 0 0 0 0 0 0 0 0 0 0 0 0 0 0 0 0 0 0 0 0 0 0 0 0 0 0 0 0 0 0 0 0 0 0 0 0 0 0 0 0 0 0 0 0 0 0 0 0 0 0 0 0 0 0 0 0 0 0 0 0 0 0 0 0 0 0 0 0 0 0 0 0 0 0 0 0 0 0 0 0 0 0 0 0 0.8445557951927185 0 4.614348828792572 0.1220505908131599 0 0 0 0 0 0 0 0 0 0 15.01527667045593 0
392.1030950844288 4287.522876553237 392.5976724028587 370.9715422987938 0 37.26212173700333 1652.109984174371 66.61898945271969 6328.278304517269 231.1683754324913 937.665735989809 35.84577041864395 388.2609305158257 224.8614452332258 31.77349126338959 2.362079203128815 1.849805027246475 0 0 1.09627765417099 0.9628738760948181 0 0 0.1242022290825844 0 0.4160897731781006 0 0.1565205603837967 0.1251413375139236 0 387.9766855612397 29.38483608514071 0 0.4240066334605217 0.2386821731925011 0.121376134455204 0 0 0 0.292104959487915 0.1201065108180046 0.1678229570388794 0.1425111889839172 2.610257551074028 1.342494525015354 3.044882468879223 313.008754491806 11.76341961324215 1.758037507534027 0.2228434234857559 3.282321259379387 0.1748152077198029 0 0 0.5890816822648048 1.687870658934116 7.838255248963833 34.4445776194334 5.589509598910809 45.49897570163012 6.089653149247169 0 1.268794804811478 65.37277130037546 2.70912254601717 1.486832372844219 1.167312435805798 2.758917666971684 0.6852925717830658 0.6184255480766296 1.514467999339104 0 0 79.31642861664295 31.11717224121094 35.17612621933222 101.1389082223177 9.526992149651051 3.335435084998608 1.502184703946114 7.145479649305344 4.129500836133957 7.335753552615643 0.1130827516317368 4.680373907089233 1.72138899564743 1.158669024705887 0 1.071600578725338 0.3399706408381462 0.10781030356884 0.2723561078310013 0 0.4506665989756584 0.6846368983387947 11.62031543254852 0 0 0.1690797507762909 167.0211838558316 0 0 0 0 0 2.324254393577576 0 0 0 0 0 0 0.2451564222574234 1.049893498420715 0 0 0 0 0 0 0 0 0 0 0 0 0 0 0 0 0 0 0 0 0 0 0 0 0 0 0 0 0 0 0 0 0 0 0 0 0 0 0 0 0 0 0 0 0 0 0 0 0 0 0 0 0 0 0 0 0 0 0 0 0 0 1.073973923921585 0 0 0 0 0 0 0 0 0 0 0 0 0 0 0 0 0 0 0 0 0 0 0 5.17432002723217 1.511678814888 188.7467610388994 5.259156093001366 19.68712198734283 6.611950904130936 0.537320964038372 1.149796009063721 0 0 0 0 0 0 0 0 0.1287759244441986 0
37.43748903274536 718.8422793000937 160.5688974410295 1237.943924039602 37.26212173700333 0 162.142435669899 54.34789358079433 24.72598093748093 1473.323326677084 94.81958667933941 229.6563243716955 193.5238551199436 20.32398506999016 0 0.1199618056416512 0.1085138991475105 0 0 0 0.3208034485578537 0.1333791315555573 0 0 0 0 0 0 0 0 2.113316893577576 0 7.514583557844162 0 0 0 0.404155969619751 0 0 0 0 0 0 0 0 0 0 0 0 0 0 3.397015646100044 1.620182156562805 0 0 0 198.8292121589184 25.72987151145935 0 0 0 0.3383281230926514 0 0 0 0 0 0 0 0 1.92491652071476 47.16094182431698 3.724694639444351 0 0 0 0.1285479366779327 0 0 7.408327534794807 0 0.8047921806573868 0 0 0 0 0 0.2335825338959694 1.7262142598629 1.586380079388618 0 0 0 0 0 24.20978227257729 42.06019574403763 41.08802112936974 0 552.703576952219 0 0 0 0 0 0.5049618482589722 0 0 0.6967080235481262 0 0 0 0 0 0 0 0 0 0 0 0 0 0 0 0 0 0 0 0 0 0 0 0 0 0 0 0 0 0 0.3351013362407684 0 0 0 0 0 0 0 0 0 0 0 0 0 0 0 0 0 0 0 0 0 0 0 0 0 0 0 0 0 0 0 0 0 0 0 0 0 0 0 0 0 0 0 0 0 0 0 0 0 0 0 0 0 0 0 0 0 0.1795368790626526 0 0 0 0.1791770756244659 0.2158845663070679 0 944.5014396309853 2.903997361660004 0 0 0 0 0 0 0 0 0 0 4.320176243782043 0
1572.679865956306 8337.038680166006 64.84326046705246 642.2104426324368 1652.109984174371 162.142435669899 0 63.17755756527185 1997.201128430665 1818.745671838522 38.36402107775211 764.0668767392635 3800.423831231892 526.9367921203375 107.2908944413066 31.34286739677191 8.025478273630142 0.5190698951482773 0.2318930327892303 3.795610375702381 2.241045638918877 0.1228641644120216 0.4621102884411812 1.508241422474384 0.3062197417020798 0.186806783080101 0 0 0.6757697761058807 0 832.9105938374996 57.61875393241644 1.739363670349121 1.718154668807983 0.3224755525588989 0.1256133615970612 2.045591831207275 0 0.3415940403938293 0.2091376781463623 1.898330263793468 0.6280151382088661 0.216534823179245 8.378654353320599 4.843970261514187 7.944990053772926 902.4760828390718 20.47976568341255 6.035960927605629 0.3356932401657104 6.337467409670353 0.155987873673439 0 0.7161117717623711 4.358710557222366 4.669774301350117 27.29914141446352 106.1036760881543 19.16019915044308 111.2749909237027 10.48327446728945 0 3.07925871014595 159.0805522948503 5.132013097405434 3.661957092583179 5.230182595551014 8.546897277235985 0.7321647256612778 1.402098506689072 5.709242105484009 0.6737297773361206 0.1716302335262299 208.4810980632901 85.51899788528681 106.1595745310187 278.9864621311426 33.76972687244415 15.01885115355253 6.793527759611607 23.42017030715942 14.93547928333282 23.92135836929083 0.5899908840656281 8.544139109551907 4.595678575336933 2.105332374572754 0.1113614588975906 3.36620482057333 0 1.300212420523167 1.289278663694859 0.329043410718441 2.161732323467731 1.714750282466412 282.3669380024076 0.3363655805587769 0 0 1025.680031850934 0 0 0 0 0.664522647857666 0 0 0.9396061897277832 1.25495457649231 0.9014323651790619 0.2443650811910629 2.914311796426773 4.269913375377655 4.104134052991867 0 0.2455093562602997 0 0 0 0 0 0 0.634357750415802 0 0 0 0 0 0 0 0 0 0 0 0 0 0 0 0 1.174302101135254 0 0 0 0 0 0 0 0 0 0 0 0 0 0 0 0 0 0 0 0 0 0 0 0 0 0 0 0 0 0 0.1139679402112961 0.1256744712591171 0 0 0 0 3.380491808056831 0 0 0.09905228018760681 0 0 0 0 0 0 0 0 0 0 0 0.1609011292457581 0 0.08581274747848511 0 0 0 1.529888987541199 0 0.2787607312202454 30.18227824568748 8.333052985370159 547.7250250056386 19.57734107971191 72.95762597769499 31.41216358542442 2.128619283437729 6.111734978854656 0.7762425988912582 0 0.2329171448945999 0 0 0 0 0 4.140005990862846 0.2407917827367783
563.9955273270607 660.7592101022601 1309.090501561761 18.68500453233719 66.61898945271969 54.34789358079433 63.17755756527185 0 765.003667101264 72.83825492858887 6255.091270878911 4.524794436991215 188.7771264612675 1275.964403271675 32.22047692537308 39.21056200563908 15.55203781276941 0.6310110911726952 0.1396986246109009 27.11364245414734 27.70147512108088 0 8.761302456259727 5.239622339606285 1.534112274646759 0.1440489441156387 0 0 0.1141016110777855 0 2708.63609521836 1057.177244186401 32.65507620573044 15.19653429090977 13.02933079004288 2.266239032149315 9.528173074126244 1.682847306132317 3.285991869866848 0.2687074989080429 5.056417435407639 0.5535774454474449 3.217208914458752 12.98524340242147 6.715931579470634 21.69485274702311 185.6898918822408 7.683396734297276 3.123512089252472 2.097414582967758 2.361994557082653 0.138022780418396 0.607148066163063 0.3114823326468468 2.685054384171963 2.419846005737782 16.73917230218649 84.3048654794693 9.040494024753571 46.87679836899042 132.465683594346 4.312261320650578 27.22934817522764 195.1997702717781 3.486986219882965 1.591126687824726 2.420318350195885 3.204474247992039 1.967487134039402 13.75458250939846 84.89334523677826 22.25842672586441 0 106.3394550830126 40.68097139149904 43.31426378339529 129.4394128844142 663.9040674343705 1086.415956430137 1695.615067444742 404.4949542582035 1457.116116635501 9.855891443789005 0.3798414394259453 3.653265208005905 2.197501376271248 1.796932011842728 0 1.586597882211208 0.1698782965540886 0.9198237583041191 0.3416926562786102 0.2176738157868385 1.423860631883144 1.114935420453548 93.22167737036943 4.247532039880753 0.1275912076234818 4.285861290991306 193.7807264328003 0 0.2068109810352325 0.2807059586048126 0 2.104983940720558 1.410202220082283 0 2.918303638696671 0.4502808451652527 1.818443536758423 5.603720903396606 28.63087403774261 31.00425262749195 37.68772648274899 10.09196861088276 4.672079883515835 0 0.6998704820871353 0.7577435970306396 0 0 0 0 0 0 0 0 0 0 0 0 0 0 0 7.860521711409092 3.302012488245964 0 0 0 9.084122627973557 0 0 1.07120868563652 0 0 0 0 0 0.4987382292747498 0.8465049713850021 0 0 2.441581770777702 0 0.4851706922054291 0 0 0 0 0 0 0 0 0 0 0.1270036101341248 0 0 0 0 0 0.1317976713180542 0 0 0 0 38.74408868700266 11.12460771203041 0 0 0 1.566610768437386 0 0 0.1044340953230858 0.1446154415607452 0.5708707273006439 0 0.1843212693929672 0 0 0 0 0 0 0 0 8.508431375026703 2.826583862304688 3.999683722853661 19.38498270511627 10.84807486832142 115.0740660130978 14.83607897162437 40.63081439584494 13.8826570212841 0.5090808197855949 5.228984460234642 6.941942930221558 0 6.036158971488476 0 0 0.134525939822197 0 0 0.5405632704496384 0
308.8782329186797 3971.704417690635 1007.349878489971 47.15461575984955 6328.278304517269 24.72598093748093 1997.201128430665 765.003667101264 0 343.7109340876341 2816.970211960375 79.79779174178839 1718.902904890478 782.6525417342782 134.0353638753295 62.12719650566578 20.31364024430513 0.5288979336619377 0 8.533047139644623 6.969060592353344 0.1430570632219315 2.57260923832655 1.561345160007477 0.3903364539146423 1.079851187765598 0.807505689561367 0.1743106693029404 0.1937194764614105 0.3668970912694931 820.2557946592569 173.7991102039814 6.984367571771145 6.694910034537315 2.06967481970787 0.2035485133528709 2.84121099114418 0.8667502999305725 0.8713188692927361 0.2311597913503647 1.986903056502342 1.261894546449184 0.6971709132194519 15.19322004914284 7.91440387815237 15.99084904789925 698.1088718771935 17.32802327722311 6.148625180125237 0.5953119546175003 5.235449053347111 0.2502015084028244 0.1468831449747086 0.5916334837675095 3.091642633080482 5.551731832325459 13.94982053339481 53.97117602080107 11.53019876778126 84.67213207483292 33.71493138372898 1.394656360149384 11.3532373458147 217.7888267934322 4.841892495751381 3.682770468294621 4.649211548268795 7.882881835103035 0.6779595091938972 4.035938434302807 13.31917515397072 4.315630003809929 0.2240677326917648 143.9218985065818 84.90921488404274 103.9296446219087 303.2281370684505 55.76592570543289 54.88218654692173 33.21039614826441 42.05764847993851 40.24051245301962 19.77958838641644 0.5043515488505363 8.202059671282768 5.096894234418869 1.40425568819046 0.07534012198448181 4.887857660651207 0.0965861976146698 0.7231357544660568 0.2979473024606705 0.1873548924922943 3.192653737962246 1.939622633159161 36.58042268455029 1.255562335252762 0.4206969141960144 0.2828890383243561 185.9139988645911 0 0 0.355131059885025 0 0.6628410518169403 0.3420442938804626 0 0.8315292000770569 1.890714690089226 0 1.862071290612221 6.099125050008297 8.638638138771057 8.55108567327261 4.329784780740738 0.2448172122240067 0 0 0.2168814167380333 0 0 0 0 0 0 0 0 0 0 0 0 0 0 0 0.7907133102416992 0.7283892780542374 0 0 0 0.7836416810750961 0 0 0 0 0 0 0 0 0 0.1304551661014557 0 0.1293593794107437 0.2465392798185349 0 0.1039106324315071 0 0 0 0 0 0 0 0 0 0 0 0 0.1971200853586197 0 0 0 0 0 0.08755641430616379 0 0 9.341662541031837 2.819049045443535 0 0 0 0.1684743613004684 0 0 0.09214891493320465 0.08337986469268799 0 0 0.1660612821578979 0 0 0 0 0 0 0 0 6.475175835192204 2.067866370081902 0 36.80072963982821 13.86164684593678 736.625436425209 27.78290712833405 28.361646912992 36.05536159127951 0.8552974164485931 5.796751148998737 2.295027643442154 0.2014248967170715 0.980450801551342 0 0 0 0 0 0.3598756566643715 0
1101.396632820368 699.6580999791622 31.51328970491886 1783.630648329854 231.1683754324913 1473.323326677084 1818.745671838522 72.83825492858887 343.7109340876341 0 77.68881331384182 487.5233483314514 3691.834159076214 418.4457910433412 1.254204727709293 0.7292407974600792 0.1841031163930893 0 0 0.1249296441674232 0.2057923972606659 0 0 0.1081536263227463 0 0 0 0 0 0 124.4681516438723 1.622401066124439 0.7970258295536041 0 0 0.150275856256485 0 0 0 0.1267121285200119 0 0 0 0.1296354383230209 0.1060483530163765 0.268868625164032 18.93742782622576 0.4228255152702332 0.1037745773792267 0 0.1241579353809357 0 0 0 0 0.1130589097738266 3.860698662698269 14.95600470155478 1.389824867248535 2.765112787485123 0.6190112829208374 0.5271002650260925 0 2.485069118440151 0.2354381084442139 0 0.0996730625629425 0 0 0.2160596251487732 2.429673597216606 0 0 14.0047681927681 1.652809202671051 2.072078742086887 3.338233634829521 0.8466867059469223 0.384947270154953 0.7099546194076538 0.6976489275693893 0 0.3078024834394455 0 0 0 0 0 0 0 0 0 0 0 0 1244.812273204327 0 1.555481553077698 0 180.9029261991382 0 0 0 0 1.13029021024704 6.079194843769073 1.421425819396973 1.235006302595139 58.12628477811813 4.616130709648132 1.60635370016098 22.79439868032932 20.40997090935707 16.33935688436031 0.7502142488956451 0 0 0 0 0 0 0 0 0 0 0 0 0 0 0 0 0 0.2478370517492294 0 0.2189989537000656 0 0 0 0 0.837718740105629 0 0 0 0 0 0 0 0 0 0 0 0 0.7050696611404419 0 0 0 0 0 0 0 0 0 0 0 0 0 0 0 0 0 0 0 0 0 0 0 15.46903304755688 0 0 0 0 0 0 0 0 0 0 0 0 0 0 0 0 0 0 0 0 18.93640564382076 2.184259101748466 0.6188838332891464 1.800440944731236 0.3293020352721214 17.24269187450409 1.161180108785629 63.86103209108114 2.016139090061188 0 0.6876717805862427 0.3371582329273224 0 0.3762876987457275 0 0 0.2095579952001572 0 0 19.02164298295975 0
1340.785842962563 3541.422652080655 1050.617248885334 79.57058161497116 937.665735989809 94.81958667933941 38.36402107775211 6255.091270878911 2816.970211960375 77.68881331384182 0 1.83795527368784 391.7136621922255 1671.918653056026 76.43967013806105 106.9217492714524 31.22602012008429 0.4749985188245773 0 24.38296417891979 23.93827174603939 0 4.777573145925999 2.596418030560017 1.137418247759342 1.040396988391876 1.126712955534458 0.5622024312615395 0.09832470864057541 0.2783428132534027 986.4395123645663 522.2119854688644 31.9087588340044 7.806357122957706 6.141003213822842 2.279657997190952 15.35482087731361 2.488500185310841 2.966640405356884 1.32506512850523 6.392895773053169 0.6282027661800385 1.645352333784103 7.085596673190594 5.429407574236393 16.11613617837429 234.5807386934757 7.044110856950283 5.032132238149643 2.266955032944679 2.719650752842426 0.5198096409440041 0.7406531274318695 0.8603920713067055 1.826750390231609 2.066032551229 9.374137058854103 53.66383661329746 6.896647371351719 42.05119930207729 42.69103462994099 4.592553593218327 12.61579145491123 118.5412200093269 2.613580264151096 1.994020514190197 1.728693194687366 4.164802610874176 1.064386911690235 9.436566181480885 34.88100565224886 18.99965040385723 0.520782895386219 71.56871161609888 38.4341574460268 46.60696015506983 166.2458197697997 96.79645433276892 423.5336462929845 563.4986050724983 73.72902254015207 265.1114597469568 9.389260552823544 0.1665371432900429 3.381400309503078 1.744840055704117 1.462516613304615 0.3541356921195984 1.872925221920013 0.08172483742237091 0.8228752687573433 0.09470540285110474 0.521313413977623 1.573220528662205 1.834085062146187 126.3111480697989 8.661501929163933 1.511787347495556 1.651021510362625 136.8121559023857 0 0 0.6528398394584656 0 1.275696754455566 0.6752582192420959 0 2.84175780415535 0.3263245150446892 1.060503244400024 0.9597801491618156 15.60326704382896 22.92720659822226 19.7134133502841 11.95985153317451 1.439934283494949 0 0.5141012370586395 0.3062258288264275 0 0 0 0 0 0 0.1696190685033798 0 0 0 0 0 0 0 0 2.592269912362099 0.2702393606305122 0 0 0 4.005232259631157 0 0 0.4045307636260986 0 0 0 0 0 0 0 0 0 1.008824430406094 0 0.4735626131296158 0 0 0 0 0 0 0 0.1362040042877197 0 0 0.1489894986152649 0.5332573652267456 0.8240208029747009 0 0 0 0 0 0.08998575061559677 0 0 28.76133315265179 6.619068965315819 0 0 0 0.7757420316338539 0 0 0 0.169666051864624 0.2023946344852448 0 0 0 0 0 0 0.07473310828208923 0 0 0 11.65910495817661 5.574456483125687 1.915813595056534 41.85753360390663 21.17371888458729 312.135867677629 27.18930523842573 26.89223563671112 29.18200000375509 1.449781328439713 6.534410618245602 3.935251869261265 0.1913137584924698 1.779345110058784 0.1620377600193024 0.1395096629858017 0.7130050361156464 0 0.7181765586137772 1.250794909894466 0.101171113550663
5.154407501220703 37.11797693371773 2.529968768358231 28.02540664374828 35.84577041864395 229.6563243716955 764.0668767392635 4.524794436991215 79.79779174178839 487.5233483314514 1.83795527368784 0 2744.500451080501 106.4747133180499 26.85543720424175 74.04518333077431 20.60931054502726 0 0 5.13475438952446 8.315212920308113 0 0.8454395458102226 0.2760128974914551 1.036936737596989 1.439335584640503 0.210801437497139 0.4941349178552628 0.4015926271677017 0 5.695784084498882 2.277429029345512 372.4024470150471 1.315822422504425 0.6825264990329742 10.12672698497772 90.74200909584761 8.977814175188541 34.82024700194597 2.233127005398273 2.114976853132248 0.1635176464915276 0.5256732851266861 1.703166700899601 0.6553716585040092 1.135090313851833 15.81888228654861 0.4534146189689636 0.8583508729934692 0.4746556282043457 0.2966734915971756 0.4017574489116669 3.784423723816872 0.199476532638073 0.2232365384697914 0.1361794024705887 0.09734094887971878 0.2804350107908249 0.9985436946153641 1.404402926564217 5.879225164651871 41.18613451719284 2.680054120719433 2.819043882191181 0 0 0.2892906740307808 0.09989801794290543 0.09076143056154251 6.741509199142456 392.31068290025 24.32823314517736 0.24651038646698 2.17632482200861 3.522421918809414 4.811540029942989 24.16429537534714 17.10632753372192 1.473646461963654 102.958380818367 1.47560178488493 45.70430555194616 1.077032782137394 0 0 0.08246500045061111 0.2475382909178734 0.1002241969108582 0.09318926185369492 0 0.1093748584389687 0 0.164799839258194 0.3434415310621262 0.3628728464245796 1793.754093758762 22.67284174263477 5.250796034932137 17.26749026030302 0.5051930174231529 0.2683977484703064 0 1.845733299851418 0 9.975283354520798 6.951250597834587 2.636336356401443 27.2812325656414 17.80677233636379 41.48216019570827 17.39554262161255 240.0844250768423 217.5236527621746 197.9433908164501 37.54166756570339 2.858360521495342 0 0.2482350468635559 0.6211042553186417 0 0 0 0 0 0 0 0 0 0 0 0.08045753836631775 0.09386372566223145 0 0 14.64086984097958 6.464556038379669 0 0 0 14.15711729228497 0 0 0 0 0 0 0 0 0 0.1275245100259781 0 0.1589479744434357 3.570160008966923 0 0 0 0 0 0 0 0 0 0.623083159327507 0 0.43241286277771 0.1269828528165817 0 1.63540755212307 0 0.1678223162889481 0 0 0 0 0 0 170.3666793704033 7.84864117205143 0 0 0.1614446640014648 3.303186774253845 0 0 0.2960458993911743 0.9048422127962112 0.2459670677781105 1.062943294644356 2.235498502850533 0 0 0 0 0 0 0 0 139.6421103030443 18.02269557118416 5.115233391523361 41.01080121099949 10.80573592334986 161.023171171546 22.13339950144291 61.9519195407629 11.40345770120621 0.6065408438444138 8.600199826061726 10.24679712951183 0.1374011784791946 6.25106904655695 0 0 0 0 0.6838632225990295 0.8220228478312492 0.7325756922364235
86.31345257163048 356.011785030365 51.30306435376406 306.4903310537338 388.2609305158257 193.5238551199436 3800.423831231892 188.7771264612675 1718.902904890478 3691.834159076214 391.7136621922255 2744.500451080501 0 1582.473589032888 195.0527514070272 307.0821520015597 78.70734871178865 0.6817510649561882 0.3317738920450211 21.98595234751701 22.77466078102589 0 3.452506139874458 3.748213216662407 1.518490552902222 2.768367558717728 3.328063271939754 0.8445444628596306 2.532482981681824 1.013365529477596 181.5505162626505 95.40926225483418 957.8926359191537 5.366576939821243 6.324845090508461 17.69106037169695 307.5584133267403 25.13733775913715 78.63982945680618 52.57216272503138 8.399525456130505 3.017003588378429 1.706423036754131 16.12909182906151 6.654650613665581 15.88648530095816 249.9446208104491 6.786851435899734 10.25263547152281 1.934144169092178 4.539759509265423 0.5246289223432541 5.917251631617546 1.857794053852558 2.279865108430386 2.261596575379372 4.948214992880821 8.734601147472858 6.318785309791565 24.41526272147894 29.54302942752838 102.8251758441329 12.41328319907188 78.00939103215933 2.942668884992599 1.316779598593712 3.062869176268578 3.227218739688396 2.71535012871027 12.9749871045351 605.3107123449445 43.3055120036006 0.6698184236884117 48.11518780142069 38.71607494354248 64.20994673669338 257.3530866727233 114.444188028574 35.33541176468134 636.9151166975498 52.50316658616066 189.0310819298029 8.541556812822819 0.3893415331840515 3.221952088177204 2.30305278301239 1.255970753729343 0.1573800593614578 3.128439217805862 0.2880165055394173 1.418414510786533 1.520862720906734 0.6768406182527542 2.1236876770854 4.690796345472336 3208.98508669436 29.38045883923769 4.645503997802734 25.5151583775878 17.18400383740664 1.225974410772324 0.1756395697593689 0.8521071523427963 0 15.57457780092955 14.82628074288368 0.7768722474575043 32.42961555719376 18.37123908102512 26.29106332361698 31.20648471266031 219.5376653447747 271.8976962640882 220.3703993186355 67.62204609066248 5.46479644626379 0.2933036088943481 0.8606161177158356 1.430535688996315 0 0 0 0 0 0.1172913312911987 0 0 0 0 0 0 0 0 0 13.4627972394228 8.541625961661339 0 0 0 20.86612994223833 0 0.6477101743221283 0 0 0.1054477989673615 0 0 0.1448881477117538 0 0.4220844209194183 0 0.09709984064102173 6.300667710602283 0 0.4269909113645554 0 0.09761375188827515 0 0 0 0 0 0.2552754357457161 0 0.358732745051384 0 0 3.381810203194618 0 0.1316819489002228 0 0 0 0.1092909798026085 0 0 265.5735204815865 11.61489452421665 0 0 0 7.329429611563683 0.3051393926143646 0 1.126699835062027 0.8299063593149185 1.549773618578911 2.427496552467346 1.440269328653812 0 0 0 0 0.2267047092318535 0.08001548796892166 0 0 176.2510961964726 35.63941682875156 14.9415936768055 203.7627763748169 78.68976505845785 1123.847238689661 98.52332843840122 43.27303249388933 99.73432528227568 4.58159302175045 28.08690078556538 17.99141666293144 0.9203955829143524 11.26164781302214 0.7102707177400589 0.1349730044603348 0.982595682144165 0 1.783655531704426 2.438729859888554 1.819121554493904
21.55712914466858 231.4986840188503 170.8165727332234 29.78869789838791 224.8614452332258 20.32398506999016 526.9367921203375 1275.964403271675 782.6525417342782 418.4457910433412 1671.918653056026 106.4747133180499 1582.473589032888 0 233.7037787139416 436.4807463511825 120.2011960074306 2.313684396445751 0.4018364697694778 75.794892154634 88.53261472284794 0.5262389555573463 15.44845136255026 8.016320958733559 11.42688371241093 10.37006248533726 3.651094287633896 2.849924758076668 2.578673511743546 1.052278883755207 418.2840553075075 269.3797313794494 904.6516402736306 26.17677589505911 17.28772353380919 34.05843255668879 321.768817730248 29.06531842052937 64.46455888450146 19.10041791945696 25.99695632606745 3.798927545547485 5.73906471580267 20.24382960051298 12.61526656895876 32.40742346644402 317.6353724226356 9.194687515497208 17.77281039208174 6.926090434193611 5.603544719517231 2.047936290502548 5.662890829145908 2.575271420180798 3.521976083517075 3.575060218572617 4.106990069150925 20.24489647895098 10.31166572123766 38.76008557528257 89.26687885075808 89.75799402594566 33.05255510658026 136.6131536364555 4.299767479300499 2.643394440412521 6.400606028735638 3.588588461279869 3.279210902750492 51.00722483545542 867.3972684592009 191.574603818357 2.118215337395668 66.03104465454817 59.18622640520334 84.74018260091543 346.2435891106725 174.5373193323612 159.6148385778069 846.4400343373418 114.9315416365862 396.6817968934774 7.467389598488808 0.4983957558870316 3.394192077219486 4.16482250392437 2.678587064146996 1.119084514677525 3.706517696380615 1.340160243213177 1.514112628996372 1.596289828419685 1.944268509745598 2.842488788068295 5.682761579751968 2207.923036828637 100.6246005967259 31.68378283828497 31.6205932572484 25.50960743427277 0.3001837134361267 0 0 0 16.29776699841022 10.01074635982513 0.5941175818443298 28.59072165191174 13.09746468067169 20.45178410410881 34.00442532449961 205.1498623341322 250.82143253088 226.0871812626719 74.93154778331518 8.161437466740608 0.188010960817337 1.02497036755085 5.245481684803963 0 0 0 0.1158266440033913 0 0 0 0 0 0 0 0.0889473631978035 0 0.1171344667673111 0.08828101307153702 29.1326827481389 14.3113627359271 0 0 0 31.78808294981718 0.7205221652984619 1.426938578486443 0.7079140096902847 0 0 0 0 0 0.1430350840091705 0.3570246398448944 0 0.2863924950361252 10.0642466172576 0 0.5973182693123817 0 0 0.1735138297080994 0 0 0.08434653282165527 0 0.6934670060873032 0 0.303223192691803 0.4217277690768242 0.1495611965656281 3.344914972782135 0 0 0 0 0.1117399781942368 0 0 0 264.7809286862612 28.55593049526215 0 0 0 6.965134888887405 0 0 1.390346303582191 1.982449896633625 2.465427860617638 0.4889018982648849 0.9990565404295921 0.1805728822946548 0 0 0 0.4118807911872864 0.109578862786293 0 0 127.8282704353333 34.97299705445766 18.24028843641281 197.8068613857031 78.33343534171581 990.9104481860995 106.637814193964 32.15024361014366 95.85883378237486 7.084942609071732 34.15662714838982 25.41232360899448 1.382652685046196 18.38971176743507 0.5847844481468201 0.6983553618192673 1.294603236019611 0.1238682121038437 3.211232379078865 4.089085407555103 1.059341564774513
0 22.14212220907211 10.67833558470011 0 31.77349126338959 0 107.2908944413066 32.22047692537308 134.0353638753295 1.254204727709293 76.43967013806105 26.85543720424175 195.0527514070272 233.7037787139416 0 3347.903000876307 434.602890715003 2.295587450265884 0.5619322955608368 18.64426151663065 12.38181702047586 1.138327553868294 2.644106231629848 1.799636818468571 16.98225736618042 12.75546661764383 1.626238644123077 5.32506100833416 21.00520700961351 1.547788709402084 102.1728499159217 56.59013945609331 31.05845753103495 9.593539364635944 3.613311991095543 28.56580761820078 14.3504608348012 36.68145579099655 7.580065101385117 14.539904743433 17.88566091656685 6.157182559370995 2.797036103904247 249.7456209734082 36.65433334559202 73.36074643582106 745.3540471568704 39.23269257694483 12.88422664999962 4.915306136012077 13.69016079604626 5.108782902359962 0.647232785820961 14.42086820304394 14.03913953900337 19.22165751457214 42.56954101473093 12.07882644981146 71.21800423413515 705.0473779663444 48.23444753140211 25.87058984488249 10.98102295398712 82.26756091415882 17.56348050385714 9.72488846629858 18.779032535851 17.35316307842731 3.455884627997875 13.49545115977526 143.4668692573905 38.31749442219734 2.885106690227985 617.5469698905945 19.22244132310152 771.5779427066445 944.0823337435722 532.3169515803456 33.44652587175369 96.54198637604713 64.94496532529593 59.42201212048531 77.27920514345169 1.682838588953018 18.32753066718578 18.08811780810356 6.292047612369061 0.1698957979679108 14.15974820405245 1.432916581630707 7.028983987867832 4.292781926691532 1.295318298041821 5.267451554536819 20.14746879041195 73.31001246720552 20.15069756656885 0.9676330387592316 9.571291707456112 1.056422486901283 0 0 0 0 1.664837658405304 0 0 0.652325376868248 0 0 0.8783011436462402 4.754557318985462 3.125256016850471 10.35634652525187 5.460900068283081 1.269405879080296 0 0 0.1198659390211105 0 0 0 0 0 1.0427485704422 0 0 0 0.1944772452116013 0 0.1949656307697296 0 0.2348318547010422 0 1.922115907073021 1.200780138373375 0 0.3682008683681488 0 8.314958393573761 0.6788148283958435 1.230144590139389 1.667185567319393 0 0.1044549345970154 0 0 0 0 0.5302039310336113 0 0 1.229758560657501 0 0.4150434136390686 0 1.677999436855316 0.4593243598937988 0.09902492165565491 0 0.2319097593426704 0 0 0 0.1960133910179138 0 0.4525002241134644 0 0 0 0.6244331672787666 0.4635365009307861 0 0 0 0 10.13808113336563 15.46235263347626 0 0 0.566340446472168 0 0 0 0 0.4633540362119675 0.5803095698356628 0 0.2650802135467529 0.1058614179491997 0 0 0 0.6348552629351616 0.09449484944343567 0 0 2.150323808193207 3.126204073429108 6.186074443161488 3176.408124156296 900.0674436539412 809.8958766758442 139.010009162128 91.49437803775072 55.00681918114424 23.32459028065205 656.6895836517215 45.73890206217766 4.22772704064846 5.837495058774948 1.422943621873856 0.2830479741096497 0.1173473745584488 0 2.326167240738869 142.5974063277245 1.933957688510418
0.1962728947401047 3.482141137123108 8.870037205517292 0 2.362079203128815 0.1199618056416512 31.34286739677191 39.21056200563908 62.12719650566578 0.7292407974600792 106.9217492714524 74.04518333077431 307.0821520015597 436.4807463511825 3347.903000876307 0 1799.842374928296 70.14241687953472 39.79288463294506 283.5906289666891 93.9157867282629 1.042110562324524 12.03628678619862 10.429856993258 51.90343490988016 23.99303160607815 6.35024394094944 8.116603367030621 14.87194965779781 1.644845977425575 41.05349861830473 24.78752860426903 158.8309575542808 88.99452164769173 15.46390569210052 144.1980476230383 89.62903309613466 169.1199284121394 41.13931732624769 40.26665432006121 25.10192163288593 6.035282477736473 47.7805881947279 1857.661298468709 549.0057029351592 828.5961495116353 632.2743066549301 10.93242619931698 99.43485443294048 77.09996649622917 5.42743394523859 2.789813376963139 1.647767066955566 8.731704667210579 1.050378322601318 1.53841894119978 0.2071052715182304 3.15436327457428 4.817781433463097 296.2328481376171 463.7439356446266 157.2337470650673 81.74219686537981 24.19272326678038 3.977133311331272 2.479524716734886 4.776753731071949 5.706176094710827 42.33012460172176 102.0337901189923 697.827749915421 104.2816287651658 1.313745893537998 288.3658753111959 17.90930236876011 2025.133650958538 1010.280170202255 2155.136815622449 342.939447298646 374.2697216197848 939.8308620005846 316.2003238648176 11.74292629957199 0.2850062772631645 3.649831496179104 5.259399048984051 30.35159904509783 0.2684582844376564 3.70232880115509 0.3290511518716812 3.19364557415247 1.328193865716457 3.348996087908745 4.491325736045837 15.4384049102664 361.6663018539548 129.8652385547757 2.958639919757843 32.47660840302706 1.401131257414818 0 0 0 0 3.073036104440689 0 0 0.2172539085149765 0.3405662477016449 0 5.49850207567215 13.55995301902294 16.04689095169306 26.37455289065838 20.43563234806061 5.083565004169941 0.2549867331981659 1.734704978764057 3.073375545442104 0 0 0 0 0 0.1362847089767456 0.1090246289968491 0 0 0 0 0.3703681975603104 0 0.4275971651077271 0.3050322607159615 12.56025476753712 2.163137912750244 0 0 0 12.17002913355827 0 0.9742275774478912 1.32099249958992 0 0.1112371236085892 0 0.1172477379441261 0 0 0.8013595193624496 0.1314278542995453 0 3.782932057976723 0 0.2328741699457169 0.1306427121162415 0.5138752311468124 0.1144249960780144 0 0 0.1138780266046524 0 0 0 1.232117436826229 0 0.9705094695091248 2.023131489753723 0 0.5742126107215881 0.1078559830784798 0.1250510662794113 0 0.1117013990879059 0 0 34.4358027279377 41.27445165812969 0 0 0 0.1666289567947388 0 0.5658894181251526 0 0.4967937469482422 0.3222802877426147 0.4001556634902954 0.8030383139848709 0.1448301374912262 0 0 0 0.1274579912424088 0.2030503898859024 0 0 5.384232938289642 5.909145787358284 13.65881025791168 950.0628901049495 354.1926348507404 1137.142318420112 150.2767899855971 23.08385641127825 42.76338326185942 6.530533783137798 115.4433291181922 32.72813630849123 0.7059591710567474 10.58826941251755 1.323069863021374 0.1546498686075211 0.6569963619112968 0 1.215237110853195 25.16973235458136 5.41732444614172
