0 3364.112408615649 183.8940786346793 722.0675384625793 1184.262039572001 62.28234362602234 289.422854244709 112.333899602294 117.5267639681697 945.1822380051017 516.5849289447069 37.80555778741837 275.7687237039208 118.0358767434955 1.638107247650623 1.140383802354336 0.3708232641220093 0.1652112305164337 0 0.1453376561403275 0 0.4389585554599762 0 0 0 0 0 0 0 0 154.2632412239909 3.803433015942574 22.18366575241089 0.107495129108429 0 0.120609737932682 10.84094174206257 0.7331951260566711 1.133094489574432 0.5015979707241058 0.3293511345982552 0 0 0.1778372377157211 0 0 38.24099545180798 17.02388169616461 0 0.382025733590126 0.6286938861012459 0.9995895475149155 2.119046032428741 0 16.60903761535883 8.865981832146645 318.8528592437506 2151.405217498541 117.9298822358251 38.63787671178579 0 4.423280224204063 0 4.822303779423237 5.776491045951843 3.759893760085106 2.856254763901234 2.361246719956398 0.3424361124634743 0.09632906317710876 78.90033651888371 52.42730416357517 0.2470396906137466 206.0946023464203 88.68720339983702 12.06371682882309 2.590066231787205 0.1144270449876785 2.150642544031143 243.8740867450833 0.09158571809530258 21.07558330148458 38.31728011369705 0.7883038371801376 9.611685633659363 7.117688558995724 3.514825783669949 0.3287470042705536 0.09119469672441483 0.7725748121738434 0 0 0 0.1284444332122803 0.1184888854622841 362.1847564131021 55.9658482670784 0.2844032645225525 0 842.7482253313065 0 0 0 0 0 0.5447478592395782 0.2952186167240143 0 0.157489150762558 0.560445636510849 0 1.392720296978951 4.56219707429409 2.138760596513748 0.2645770683884621 0 0 0 0 0 0 0 0 0 0 0 0 0.107047475874424 0 0.6964953243732452 0 0 1.124030530452728 0 0 0 0 0 0 0.5906345471739769 0.2947695553302765 0.2362543940544128 0.5611931979656219 0.6648981869220734 0 0 0 0 0.3452662527561188 0 0 0 0.3461599946022034 0 0 0 0 0 0 0 0 0 0 0 0 0 0.2383979335427284 0 0 0 0 0 0 0 0 0 0.6665938720107079 1.980235159397125 0 0 0 0.5677568838000298 0 0.3917680978775024 0 0 0 0 0.2871721088886261 0 0 0 0 0 0 0 0 3.302420496940613 0.8762585073709488 0.2803359553217888 56.49389225244522 5.713553354144096 80.56036324799061 13.03185922652483 779.7567308172584 34.11348235607147 1.076922610402107 2.533700861036777 0.6773894131183624 0.1387524604797363 0.104252964258194 0 10.47998976707458 0 0 0 0.1191138476133347 0
3364.112408615649 0 348.3448732718825 792.3687992542982 3693.374347582459 187.7331382781267 1513.582395665348 166.2126364931464 661.8492892757058 1073.774229459465 2040.342583313584 19.31934434175491 1476.609284415841 1413.029571555555 29.07323002070189 8.036338679492474 0.6809477731585503 0 0.09850071370601654 0.1615534648299217 0.5391069948673248 0 0 0.1126997470855713 0 0.1705696433782578 0 0.5581950172781944 0.5249896347522736 0 1282.554820783436 19.83009236305952 67.10418175160885 0.1094237267971039 0 0.2293395698070526 14.25998562574387 0 0 0.09967003762722015 0.510735772550106 0.9230318292975426 0 0.1487020701169968 0 0.08050019294023514 374.2254358679056 47.18108519911766 0.9850280806422234 0.4656181484460831 2.463145345449448 0 0 0.5419054180383682 43.41181248426437 24.0203317925334 150.1057984605432 1691.930729232728 99.99315432459116 161.0329168662429 0.1108125224709511 0.8842927813529968 0 48.03342542052269 18.49414413422346 14.02622962370515 8.844502188265324 7.045187681913376 0.5259141027927399 0.8133658021688461 71.47944551706314 3.38228889554739 0 266.257738865912 186.2558742314577 129.6430475339293 78.19887311756611 1.957994714379311 36.94369649142027 835.5308674499393 0.5041321516036987 33.74989821016788 95.33020249009132 1.104476749897003 34.85625004768372 27.50377894565463 14.52587775886059 0.08631207793951035 0.8877051919698715 0.2029878720641136 0.1842827349901199 0.2598201334476471 0.5014295801520348 1.128185868263245 0.9275675192475319 38.58968553692102 0 0 0 766.0903353095055 0 0 0.3199573159217834 0.3142643868923187 0.2845485657453537 16.07348322868347 2.785932973027229 17.33522640913725 3.773057714104652 5.08638796210289 0.2235225141048431 15.56441951543093 5.140799298882484 9.298797689378262 4.891682676970959 0.1298015266656876 2.915926799178123 0 0 0 0 0 0 0 0 0.1306072324514389 0 0 0 0.09057408571243286 0 0 0.191732719540596 0 0 0 0 0.1092210412025452 0 9.06314805150032 0.2159171998500824 9.854850769042969 2.050707340240479 0.8817055225372314 0.4400511980056763 0 0.1612487733364105 0 0.8913387209177017 0.7523882836103439 0 0.5153281688690186 2.059273660182953 0.1761362999677658 0 0 0 0 0 0.2526499629020691 0 0.284846693277359 0 0 1.464863047003746 0 7.336880013346672 0 0.2459875345230103 0 0 0 0.0990031510591507 0.4425301551818848 0 0.1669351309537888 16.82610885053873 1.745826214551926 0 0 0.3012216612696648 3.079105280339718 0.1353090554475784 1.90671045333147 1.551812797784805 0.3235857784748077 0.2351573258638382 0.1954784691333771 0.5965007469058037 0.2900623083114624 0 0 0 0.0914841964840889 0 0 0 6.267168767750263 2.808645263314247 4.923261679708958 315.0240156874061 31.38703933358192 533.2433899454772 49.16030382364988 823.5705552026629 80.51088974624872 4.040430374443531 66.94545408338308 11.27234664559364 0.2911115437746048 4.736533865332603 0.2693594247102737 8.728707864880562 0 1.226768136024475 0.466559574007988 0.6211042702198029 0.5054402947425842
183.8940786346793 348.3448732718825 0 6.296389050781727 809.4908749759197 3.507924556732178 23.98928798735142 1798.501592203975 176.9675769880414 0.9351803362369537 2289.012685775757 1.08966751396656 25.71139924973249 191.848779425025 3.878321789205074 1.926457062363625 3.942589826881886 2.662222482264042 0 13.18065182119608 2.557943351566792 0 0 0 0 0 0.1226366385817528 0.2109105810523033 0 0.1055073291063309 2101.10845708102 383.4174754545093 12.68088671565056 2.008991487324238 0 0.1225673034787178 1.091359943151474 0.1059003099799156 0.1560940444469452 0 1.352551251649857 1.829992927610874 8.453572437167168 4.037307068705559 0.6694667786359787 4.832004927098751 86.32513734698296 24.27092040330172 6.863756746053696 7.900749303400517 1.098993308842182 0 0 0 13.76404859125614 9.289468295872211 86.5488745868206 1426.197689980268 56.62715905159712 61.48799709230661 1.207760721445084 2.255941644310951 0.9289099723100662 293.7862707525492 5.506732501089573 5.670640364289284 3.560856480151415 5.876485601067543 8.014440640807152 13.8006057292223 9.193554475903511 0.252534955739975 0 156.1783237829804 277.584358215332 52.3718940243125 14.83971539139748 1.543641597032547 251.717732720077 1087.683946929872 19.86473097652197 569.5872469469905 37.33848325908184 0.3054160624742508 14.20551718771458 7.452082797884941 7.917945146560669 0 0.5163303166627884 0.2509166076779366 0.5035897940397263 0.6847134977579117 1.9980104342103 0.6789260655641556 0.5782521963119507 1.320067912340164 0 0 0 148.8597187995911 0 0 0 0 0 0.2625645995140076 0 0.5202654749155045 0 0.1947770118713379 0 0 0.1863014847040176 0.145792156457901 0 0 0 0 0 0 0 0 0 0 0 0 0 0 0 0 0 0 0 0 0 0 0 0 0 0.2204559147357941 0.5634644627571106 0.2334863096475601 0 0 0.1104892641305923 0.2749632522463799 0.1008197888731956 0 0 0 0 0 0 0 0 0.147823840379715 0 0.3491267785429955 0 0 0.09191390126943588 0 0 0 0 0 0.8431697189807892 0 0 0.1026555672287941 0 0 0 0 0 0.6396535336971283 0.7576755881309509 0.3758857846260071 0 0 0.3148234635591507 0 0 0.6704655289649963 0 0 0 0 0.1087303534150124 0 0 0 0 0 0.1133643835783005 0 0 0 0.119292326271534 0.1073119044303894 35.20398247987032 12.03908325731754 118.148177087307 11.22026720643044 36.75516024976969 17.26262600719929 0.7888772562146187 8.480693154036999 0.2128979563713074 0.2646182328462601 0.7759957388043404 0 0.1937086135149002 0 0 0 1.58881776034832 0
722.0675384625793 792.3687992542982 6.296389050781727 0 361.0090257301927 181.8221812769771 2287.438126266003 1.151700623333454 106.7625578343868 814.8959530815482 42.21519054472446 301.2776888608932 2189.981417000294 61.95349829643965 2.368084944784641 0 0.1408334225416183 0 0 0.1373217701911926 0 0 0 0 0 0 0 0 0 0 11.84828260540962 0.6751872375607491 2.36502206325531 0 0 0 0 0 0 0 0 0 0.1198479682207108 0 0 0 69.61752401292324 8.801270246505737 0.2355502396821976 0.09038544446229935 0.2228234931826591 0 0 0.1969208270311356 10.80210444331169 5.259690195322037 36.79740636050701 182.7098349779844 21.42914142459631 26.3795482814312 0 0 0 2.969641052186489 4.511942461133003 3.368164047598839 2.474900662899017 1.157008484005928 0 0.1477240025997162 138.051711499691 0 0 54.56290290504694 27.92024349421263 15.28825353831053 4.578769013285637 0 0 2.752718940377235 0 0.611712820827961 22.95160663872957 0 7.416010297834873 5.567767426371574 2.353206299245358 0 0.3098994120955467 0 0.2088373750448227 0.2768822610378265 0 0 0 20.61952584981918 8.446866512298584 0 0 154.9355620294809 0 0 0 0 0 8.373159661889076 0.7402382493019104 1.595687001943588 1.40783579647541 1.425343617796898 0.2952632308006287 4.95659301429987 10.86089941859245 2.194639161229134 0.5594509840011597 0 0 0 0.1461250334978104 0 0 0 0 0 0 0 0 0 0 0 0 0 0 0.4226805567741394 0 0 0 0 0 0.9352293312549591 0 1.590956710278988 0.3923437893390656 0 0 0 0 0 0 0 0 0 0 0 0 0 0 0 0 0 0 0 0 0 0 0 1.455108225345612 0 0.5440030097961426 0 0 0 0 0 0 0 1.953500017523766 0 0 0 0 0.2777690887451172 0 0 0.615818589925766 0 0 0 0 0 0 0 0 0 0 0 0 1.792825296521187 0.1374836415052414 0.2703314125537872 68.11991883069277 5.77756429463625 105.2645643204451 10.68704686313868 465.0680784359574 15.6924866810441 0.6652463525533676 8.938994444906712 1.088399089872837 0 0.5356118157505989 0 2.296338111162186 0 0 0 0 0.5731690526008606
1184.262039572001 3693.374347582459 809.4908749759197 361.0090257301927 0 51.41791221499443 908.3035861253738 121.4251606613398 2624.553834848106 563.834827311337 2123.648528732359 80.90854676067829 284.5006060823798 1822.702927961946 88.52164329588413 16.08876010030508 0.5099522322416306 0 0 0.5516703650355339 0.3056654930114746 0 0 0 0 1.284487023949623 0.1918754875659943 1.795723766088486 0.73723965883255 0 415.7786010727286 49.76078118383884 39.75213574618101 0 0 0.3320294320583344 8.026105955243111 0 0 0.9361277222633362 1.058316670358181 0.9016997963190079 0.196215458214283 0.1728990003466606 0.1745055913925171 0 473.4211268052459 36.89160918444395 0.2216818183660507 0.6442707851529121 2.799216486513615 0.08984559774398804 0 0.5245665907859802 23.07331296801567 19.17783926427364 42.68633168935776 352.8631777390838 42.59578383713961 142.6200367882848 0 5.166472807526588 0.3875955492258072 111.2186840474606 13.23730727657676 10.28976353630424 7.087825827300549 6.706412114202976 0.8835970684885979 0.5041875168681145 81.67365054786205 17.02233991026878 0 161.5136092230678 146.5558322817087 158.86449932307 221.6995266675949 5.894816182553768 17.3408682346344 220.3143432959914 0.6015234738588333 22.33884247392416 60.23005591332912 0.2645362317562103 24.13553015142679 19.9640688598156 10.66791995614767 0 1.421972572803497 0.2210619002580643 0.4524203091859818 0 0.8040568828582764 0.251386933028698 0.2759641706943512 203.5579930022359 1.0259028673172 0 0 74.4811012968421 0.5793510973453522 1.959058657288551 4.908615291118622 0.9694197922945023 2.289248913526535 116.3195659071207 12.62090276181698 79.41582192480564 21.27258096635342 52.04788897186518 8.03048599511385 121.4530871436 76.13421113044024 87.70986340194941 53.92149103432894 2.75735005736351 11.44918525218964 1.037279516458511 7.354281455278397 0 0 0 0 0 0 0 0 0.9713907241821289 0 0 0 0 0 0 1.282813310623169 2.312060855329037 0 1.212258577346802 0.2781936228275299 48.93844009935856 6.597403526306152 85.21060064435005 17.56717482954264 4.890227541327477 0 0 0.328549861907959 0.5324047952890396 3.616313368082047 6.328043505549431 0 1.801850453019142 16.95723346620798 0.8584378808736801 0.7063019275665283 0 0 0.1301705539226532 0.1742519289255142 0 0.09218259900808334 0.6393508613109589 0.4297906830906868 0 7.733947336673737 4.153247326612473 57.53578101843596 0.6365958899259567 2.838072255253792 0.2592160105705261 0 0.2993714213371277 0 0.0795600563287735 0 0.253409743309021 142.5256678983569 1.827820226550102 0 0 0 14.61895734071732 6.102179884910583 14.09744408726692 5.771955192089081 9.192895270884037 2.294539839029312 1.916430331766605 6.036418855190277 1.205588445067406 0 0.2834638431668282 0 0 0 0.1340814977884293 0 71.76487123221159 18.66233356297016 26.88157498836517 775.5444164015353 45.27472604811192 643.0911500528455 77.75160899758339 293.6060507073998 104.7969257310033 4.309605494141579 206.90356130898 64.18189974874258 0.859391450881958 35.49584175646305 1.970310866832733 46.17271296679974 1.609045624732971 0.1040547713637352 2.236205324530602 2.186757080256939 1.201922819018364
62.28234362602234 187.7331382781267 3.507924556732178 181.8221812769771 51.41791221499443 0 213.6590811610222 1.623207256197929 57.65489360690117 883.8814765438437 6.053280875086784 204.8446582853794 395.6400746256113 53.42125651240349 0.2312601953744888 1.321416363120079 0 0 0 0 0 0.8839921951293945 0 0 0 0 0 0 0 0 0.2983901798725128 0.456132099032402 56.81677281856537 0 0 0 34.5911241620779 1.720176786184311 6.630045160651207 2.664288803935051 0 0 0 0 0 0 0.3176424503326416 0 0 0 0 4.055625081062317 2.081445306539536 0 0 0.07551804184913635 42.96307915449142 26.51492337137461 1.10541906952858 0 0.8005261123180389 12.03518870472908 0 0.6053394079208374 0 0 0 0 0 0 337.4694104790688 181.9047312736511 5.203455746173859 1.470793351531029 0 0.118570864200592 1.144707217812538 0.6150046586990356 0 13.40131177008152 0 10.14939533174038 0.1580624282360077 0.3785813748836517 0 0.2383913844823837 0 1.307339146733284 0 4.325554981827736 0 0.1583641022443771 0 0 0 369.9079616069794 21.7300261259079 8.699983522295952 5.05854719877243 245.447394400835 0 0 0 0 0 0.696382462978363 0.1459200084209442 0 0.3267146646976471 0.2946612387895584 0 0 0.8583989292383194 0.1794500946998596 0.2479103207588196 0 0.2195472419261932 0 0.3420433402061462 0 0 0 0 0 0 0 0 0 0 0.2053776234388351 0 0.2925271987915039 0.7297598719596863 0.193104088306427 0 0 0.3542946875095367 0.7593055069446564 0 0.3265247792005539 0 0.350160539150238 1.101154819130898 0 0 0 0 0 0.2242289334535599 0 0 0 0 0 0 0 0.7876080423593521 0.2361599802970886 0 0 0 0 0 0 0.1360872089862823 0 0 0 0 0 0 0 0 0 0 0 0.1565502732992172 0.8897277116775513 0 0 0 0.1039315015077591 0 0 0 0 0.09792444854974747 0 0 0 0 0 0 0 0 0 0 0.2023967653512955 0 1.289100125432014 4.941722497344017 0 0.3477015793323517 0.286080002784729 82.24864754080772 0.8881645500659943 0 0.111284151673317 0 0 1.062024876475334 0 2.155892759561539 0 0 0 0 0
289.422854244709 1513.582395665348 23.98928798735142 2287.438126266003 908.3035861253738 213.6590811610222 0 13.70573501288891 3254.439097881317 4659.802934318781 311.1843072623014 541.2021056711674 2694.28118095547 779.5208147317171 92.2236598059535 21.26580935716629 2.661056324839592 0.3810021579265594 0 0.7730426341295242 0.7205897495150566 0 0 0.1350867599248886 0.2783236801624298 1.511970065534115 0 2.645065099000931 0.1894430816173553 0 65.48563103377819 27.31102306395769 34.19014790654182 0 0 1.045899629592896 8.43924106657505 0.7527250647544861 0 0 0.7602066099643707 1.324193097651005 0 0.2016312032938004 0.1093658208847046 0.08140461146831512 531.0762046054006 41.71460044384003 0 0.8434464037418365 2.316034719347954 0.2837143391370773 0 0.8619444146752357 24.49451032280922 21.52348461002111 50.08332511782646 263.449469037354 41.88328386843204 133.1578755378723 0.1049393340945244 5.666201740503311 0 71.36396951973438 16.70478292554617 11.08988273143768 7.916117612272501 5.837987922132015 0.7345357835292816 0.7548597157001495 190.3681967332959 30.38573900610209 0 156.5049297884107 123.9715651348233 144.878100335598 206.4450400471687 6.104903481900692 1.311495840549469 30.00561489164829 0.1638244688510895 14.1052745655179 63.09998632222414 0.911964438855648 31.34611713141203 19.54487549513578 11.96798674017191 0 0.9389493837952614 0 0.2643427923321724 0.5006307736039162 0.1455556750297546 0.2458401545882225 0 783.7214189022779 13.8952584862709 0 2.073498606681824 78.93198516964912 0.5665187761187553 4.103413350880146 9.932504370808601 4.151290014386177 4.514659218490124 230.86179574579 27.28410981595516 158.3258709385991 35.36559589207172 103.6103122383356 12.10785463452339 245.3768020197749 158.8199792504311 199.3499526977539 103.4297403097153 8.239115633070469 10.94691521674395 0.2805567979812622 5.154409438371658 0 0 0 0 0 0 0 0 3.393050909042358 0 0.3604284673929214 0 0 0.1842412799596786 0 3.866296537220478 3.12388077378273 0 2.409297555685043 0 93.73262336850166 11.0989406183362 147.0931148678064 19.52812077105045 9.983335450291634 0 0 0 1.338682107627392 7.52005723118782 10.14155884087086 0 6.204475358128548 21.38742378354073 2.472256362438202 0.8728093653917313 0 0 0 0.705095574259758 1.258930936455727 0.2276400178670883 0.501483827829361 1.786207176744938 0.2129208296537399 8.531456604599953 9.021324515342712 100.8111736029387 1.147048406302929 3.951487720012665 0.583926260471344 0.1675457805395126 0 0.2962140142917633 0.2445790395140648 0 0.1147830337285995 268.1641975715756 3.942716374993324 0 0.2858366370201111 0.1927366703748703 24.76472489535809 17.86930864304304 21.206303820014 9.180643007159233 6.823854461312294 6.423752248287201 5.584094554185867 8.837394647300243 2.811111338436604 0 0 0.2471931427717209 0 0.1099488735198975 0 0 153.6078633144498 30.40386355668306 42.51159700751305 929.9130349010229 63.74495106190443 713.7909522131085 95.20687299221754 616.8301657885313 126.2400868684053 3.392875693738461 270.562226742506 98.43810197710991 1.593764461576939 58.96841664612293 3.200553044676781 96.33198422938585 3.025322318077087 0.5586292073130608 8.382689222693443 3.693692401051521 1.06781505048275
112.333899602294 166.2126364931464 1798.501592203975 1.151700623333454 121.4251606613398 1.623207256197929 13.70573501288891 0 105.7435640320182 2.360779568552971 2179.431680180132 2.340005278587341 56.54429730027914 369.8131554722786 42.22274896502495 11.00100690871477 3.671054162085056 5.106040604412556 0.8599478080868721 31.62123289704323 10.63327110558748 0 0.5948915183544159 0.1493383646011353 0 0 0 0.8148548603057861 0 0 1035.851986475289 1462.769182339311 41.71643821895123 4.355557277798653 0 0.102921761572361 5.398132875561714 0.2500207722187042 0 0 3.159485019743443 4.240298561751842 12.37682339549065 1.150098919868469 2.595062352716923 6.624694384634495 279.032228730619 29.83147595077753 6.396726712584496 11.03323226422071 1.751763351261616 0.1414127498865128 0 1.687897935509682 12.0561363324523 11.72318276762962 40.37820876389742 396.2265729978681 43.49760994315147 116.0306476503611 3.791173972189426 5.297561623156071 2.912441238760948 502.2773071825504 7.896204225718975 6.929041419178247 4.737302158027887 6.51489932090044 12.30740241706371 33.91223282366991 30.06777092814445 0.9443662911653519 0.131559357047081 176.9158740341663 300.2240405753255 157.4932049736381 225.3253268897533 5.196879953145981 504.8972710072994 2279.711307935417 60.32464852184057 1792.351424075663 41.01852611452341 0.2716869786381721 16.76856160163879 10.21153483167291 13.47295040637255 0 0.5323182418942451 0 0.2241758927702904 0.8039846420288086 7.514325894415379 3.371182285249233 1.240284651517868 3.800846084952354 0 0 0 28.13707759231329 0 0 0 0 0 1.047995030879974 0 0.5594340562820435 0 0.2659462541341782 0 1.345825761556625 0.4252606332302094 0.7286486029624939 0.9761580377817154 0 0.1962689608335495 0 0 0 0 0 0 0 0 0 0 0 0 0 0 0 0 0 0 0 0 0.1071506589651108 0 0.8641220927238464 0 2.669675186276436 0.3941021859645844 0 0.224352091550827 0.3177243620157242 0.586760975420475 0 0.1598044484853745 0.1548762321472168 0 0 0 0.2821847200393677 0.266897588968277 0.1484708786010742 0 1.040009222924709 0 0 0 0 0 0 0 0 2.170481860637665 0 0 0 0 0.1202865019440651 0 0.1425993293523788 0.1397671401500702 1.168652296066284 1.956554055213928 0 0 0 0.4686712846159935 0.1431982964277267 0.121240995824337 1.026663154363632 0 0 0.759451687335968 0.372283935546875 0 0 0 0 0 0.1353155523538589 0.2575069069862366 0 0 0 0.355043962597847 0.9758725538849831 121.4303534775972 19.54877432435751 263.8539614342153 22.62887101620436 36.72618002444506 24.22463083267212 0.5468886196613312 37.78211103379726 0.3962792828679085 0.3224281817674637 0.4015928283333778 0 2.830536663532257 0 0 0.352075606584549 0.7065153121948242 0.3662146925926208
117.5267639681697 661.8492892757058 176.9675769880414 106.7625578343868 2624.553834848106 57.65489360690117 3254.439097881317 105.7435640320182 0 403.7525213137269 1580.47071377933 156.8835279792547 1133.335105620325 2308.031866967678 100.4872096925974 37.375653013587 2.196685642004013 0.3583647012710571 0 0.456754595041275 1.044357821345329 0 0 0 0 0.8229099288582802 0.1312021911144257 1.91728813201189 0.2944283485412598 0.1214463263750076 82.83540923148394 36.41401740163565 39.82111138850451 0 0 0 15.42965446412563 0 0 0 0.560898169875145 1.079363420605659 0 0 0.07966244220733643 0 285.8046258464456 12.33544485270977 0 0.4044772386550903 1.611870720982552 0 0 1.242062732577324 8.915597639977932 7.664044745266438 16.06817527115345 82.26616790890694 15.85050278156996 57.39336254447699 0.2095739170908928 5.11368665844202 0 67.93673192709684 5.332213468849659 3.984232190996408 1.492458485066891 2.281905360519886 0.7500236928462982 0.6771661937236786 95.10615608841181 28.52489705383778 0 61.56405711919069 60.07772727310658 90.50828074663877 232.1440105363727 10.9177969917655 24.81125648319721 133.329154253006 0.5813962295651436 25.33532397821546 20.15494437515736 0 9.747988298535347 5.063422456383705 3.390817441046238 0.160242110490799 0.7692901641130447 0 0 0.3611230403184891 0.7281624227762222 0.3611162975430489 0.2528083920478821 514.2888665348291 6.992143824696541 0 0 14.65664733201265 0.6636229157447815 2.047512218356133 7.839759454131126 2.731805041432381 4.598034344613552 163.4111222550273 14.36467496305704 121.2931984737515 28.91207695007324 64.34186584502459 8.436593540012836 191.0674731507897 101.7307707741857 147.5007613152266 73.7884172052145 8.011730864644051 10.37250996381044 1.769696786999702 6.292824774980545 0 0 0.1419840902090073 0 0 0.193718284368515 0 0 0.8003810346126556 0.2389196902513504 0 0.1062396541237831 0.4367395341396332 0 0 2.470498710870743 2.219332545995712 0 0.6652941405773163 0 90.7953825071454 11.39559485763311 134.7053061202168 16.8859254643321 7.062870368361473 0 0 0.2468263655900955 1.186141140758991 4.994610495865345 3.342435285449028 0.1144594475626945 3.532200418412685 19.60976544767618 3.541271418333054 2.03091798722744 0 0 0 0.804819218814373 0.6369111835956573 0.1172284036874771 1.015538230538368 5.655077584087849 0 6.005561858415604 7.87981741130352 86.50484450161457 2.081606432795525 2.766005419194698 0.7065631225705147 0.2121764123439789 0.4342125058174133 0 0.3335215672850609 0 0 209.1203943938017 5.593573182821274 0 0 0.08124894648790359 22.8666840493679 11.22836937010288 20.99768040329218 12.12343846261501 9.788931302726269 5.19150622934103 3.372752398252487 5.07891608029604 2.967589974403381 0 0 0 0 0.08719822019338608 0 0 118.0918057188392 24.15867695957422 38.68788651376963 971.9007795527577 41.97598915547132 494.1069741770625 75.48821723461151 155.9142575114965 73.42595735192299 1.041142173111439 243.4549640193582 93.312649525702 1.237777926027775 50.59541348367929 3.360655643045902 75.42099809646606 1.167630881071091 0.9996886402368546 11.56747549027205 4.441046141088009 1.760675564408302
945.1822380051017 1073.774229459465 0.9351803362369537 814.8959530815482 563.834827311337 883.8814765438437 4659.802934318781 2.360779568552971 403.7525213137269 0 10.38202484697104 1733.484067723155 7560.678260460496 387.9851088896394 6.15049996972084 0.5038183480501175 0.1184024959802628 0 0 0 0 0 0 0.2332702130079269 0 0 0.08676131069660187 0.2730946838855743 0 0 11.47740169614553 1.474387645721436 7.932992905378342 0.09354698657989502 0 0 18.78964039683342 1.136973202228546 0.1848815530538559 0 0 0.2178873270750046 0 0.1197952851653099 0 0 141.506493896246 23.82921485602856 0.1415040642023087 0.0897623598575592 0.6587189435958862 0.1211732029914856 0 0 25.65070921182632 14.83318546414375 71.41471296548843 298.1636394038796 35.63239268213511 52.2970903813839 0.1039489731192589 2.086046494543552 0 5.557485535740852 7.86767540127039 6.209102876484394 4.85399617254734 2.884963497519493 0.4462075605988503 0.08614415675401688 1119.326449364424 4.278288692235947 0 110.2807083800435 52.32856158167124 35.78031072765589 12.63137423992157 0 0.2016293257474899 5.310544654726982 0 4.237649187445641 48.63425716757774 0.1001924499869347 17.52649818360806 11.03119107335806 6.372448168694973 0.2340376377105713 0.5590559542179108 0.1038548275828362 0.09195040166378021 0.1443076580762863 0 0.3325649499893188 0 532.1793686300516 44.30823329091072 0 0 730.8923536911607 0.2268902584910393 5.059500515460968 5.491899378597736 5.792814388871193 2.898324713110924 93.04051525890827 17.23497785627842 77.24068231880665 20.755849853158 63.92606610804796 5.942535012960434 102.8837630078197 68.6838168874383 75.88997206836939 14.51560210436583 2.466775313019753 2.067128866910934 0.5017743706703186 1.076200425624847 0 0 0 0 0 0 0.1374608129262924 0 0 0 0 0 0.1884355396032333 0 0 0.4181590974330902 0 0 0 0 17.82882521301508 2.737767785787582 25.54947970062494 1.343816220760345 1.080496191978455 0 0 0 0.3845811486244202 0.5815778747200966 2.251668334007263 0.4281691908836365 1.436213754117489 4.321321941912174 0.3755691349506378 0 0 0 0 0 0.1345789283514023 0.1076323613524437 0.6706430464982986 1.170546121895313 0 2.148903787136078 0.510850265622139 10.86637370288372 0.2421197891235352 0.466891385614872 0.4475667029619217 0.1055438071489334 0 0 0 0 0 59.38027720153332 0.7302921414375305 0 0 0.08915151655673981 3.938255071640015 2.129599884152412 1.922302067279816 1.726893678307533 0.8936182782053947 0.8768838942050934 0.1194967404007912 1.146887302398682 0.4081563353538513 0 0 0 0 0 0 0 65.07234328985214 4.978603363037109 6.104810021817684 305.2903543040156 12.03583262115717 229.8665346428752 21.26497909426689 1837.769057668746 39.21527309715748 0.9128316715359688 22.66611591726542 21.27488958835602 0.1056132465600967 6.361850917339325 0.1800318360328674 78.55338989198208 1.724475830793381 0 0.6787563040852547 0 0
516.5849289447069 2040.342583313584 2289.012685775757 42.21519054472446 2123.648528732359 6.053280875086784 311.1843072623014 2179.431680180132 1580.47071377933 10.38202484697104 0 25.93946035206318 479.567403100431 2032.806263417006 138.7900352850556 60.62917484343052 3.934005707502365 0.3183458000421524 0.2231331244111061 1.225954182446003 1.089371800422668 0 0.29914391040802 0 0 0.528129369020462 0.268815353512764 1.903276234865189 0.7368344888091087 0 729.2382380589843 195.5881576836109 181.6055455878377 0.4983594119548798 0 0.8233648538589478 31.37388055026531 0.5611365735530853 0 0.6343119889497757 2.762729443609715 1.613768815994263 0.5197404101490974 0.45069769769907 0.6526870876550674 0.2345813140273094 452.0954169332981 33.32797782868147 1.980596475303173 1.752769231796265 2.580669298768044 0 0.2876362353563309 0.6827997788786888 16.01067559421062 14.63008877635002 44.42045686393976 410.9005694240332 41.18223143368959 127.2718901559711 0.295578807592392 4.288036994636059 0.6489762514829636 212.524077706039 9.927895866334438 8.431722387671471 6.140354491770267 4.981528751552105 2.777246370911598 5.789013020694256 153.2221194505692 10.87907510250807 0 171.3176517486572 202.567233145237 183.0249773263931 376.3814293295145 18.86372370272875 866.2939002811909 2031.306507110596 3.159630738198757 519.1959690526128 48.90307782590389 0 20.53248631954193 12.2743336558342 8.847942352294922 0 0.5448155701160431 0 0.3796919211745262 0.1355169117450714 2.945498809218407 3.384412109851837 0.9407766237854958 51.00861667841673 1.063112691044807 0 0 70.89602538943291 0.7252772077918053 0 0.5313210189342499 0 0.9861214309930801 23.4384905397892 2.505848944187164 15.05957737565041 2.559343323111534 5.394038617610931 0.9145691320300102 19.94033110886812 8.562487095594406 13.9260284230113 10.70702020078897 1.485819607973099 1.941793374717236 0.2206937074661255 0.6078179627656937 0 0 0 0 0 0 0.7712508365511894 0 0.511821985244751 0 0.5035623908042908 0.1506621539592743 0.5241040214896202 0.5526369512081146 0 0 0.8064764365553856 0 0 0 13.84823344647884 1.225991353392601 23.90400660783052 4.789263747632504 3.224564522504807 0.1006177738308907 0.1304165720939636 0 0 1.806500636041164 1.726167500019073 0 1.599445194005966 3.625626407563686 0.6323099583387375 0.173425480723381 0 0.1058662980794907 0.1220831200480461 0 0 0 0.2603559792041779 0.5891479253768921 0 0.9098473191261292 0.8373502567410469 15.4523641243577 0.7742915451526642 0.2604777812957764 0 0.07488477230072021 0.1824543923139572 0.08596904575824738 0.3203630968928337 0 0.1978106424212456 35.04928103089333 3.952333606779575 0 0 0.2050990238785744 4.765426278114319 2.344505175948143 3.426671326160431 1.025222525000572 1.843282856047153 1.092495158314705 0.9702014327049255 0.4496825113892555 0.3149876892566681 0 0 0 0 0 0.2425488233566284 0 9.43232449144125 5.432834528386593 7.771568141877651 603.6023580431938 46.399358920753 550.6144054606557 82.32412658631802 120.2332754731178 84.70300051569939 2.087489150464535 210.4989298731089 19.39910023659468 0.07469054311513901 9.716046430170536 0.09950865805149078 14.43516884744167 0.1266617029905319 0.169209748506546 0.8129174113273621 6.304551482200623 0.6274885237216949
37.80555778741837 19.31934434175491 1.08966751396656 301.2776888608932 80.90854676067829 204.8446582853794 541.2021056711674 2.340005278587341 156.8835279792547 1733.484067723155 25.93946035206318 0 3524.285852879286 289.6855110749602 6.886339470744133 6.249318592250347 0.2892494052648544 0.713369145989418 0 0 0.8432533591985703 1.21721450984478 0 0 0 0.180758535861969 0.2160149365663528 0 0.7826126962900162 0 3.499884538352489 1.47864780575037 18.70895823836327 0.2448814958333969 0 1.286909714341164 138.6751952320337 2.454326078295708 0.5453684031963348 0 3.389948002994061 1.658721022307873 0.3467109724879265 0 0 0 17.01539108902216 0.8396506831049919 0 0 1.163066126406193 1.389071114361286 7.302710354328156 0.2135075479745865 1.621319428086281 0.4094953984022141 1.29254088550806 3.753883093595505 1.610210843384266 1.085277557373047 0 2.587515756487846 0 2.891007177531719 0.06992656737565994 0 0 0.4164636209607124 1.550236687064171 3.341973625123501 1347.61443734169 72.5781346783042 0.4362330660223961 4.712406307458878 1.644169591367245 4.177486546337605 14.74824697524309 0.9728491976857185 0 18.46853628754616 0.10740727186203 3.113418504595757 2.415379703044891 0 0.2842617183923721 0.7804392129182816 0.559506468474865 0.3527760356664658 0.1204175502061844 0.7397765964269638 0.2904582321643829 0.4260569363832474 8.202550247311592 11.31542047858238 0.7652304917573929 1188.49969176203 24.29750590026379 0.2532932758331299 1.580419838428497 19.52496430277824 0.2185328975319862 1.022745728492737 3.675258539617062 3.063747256994247 1.106655560433865 71.17351592332125 7.52191549539566 50.94108915328979 15.43238401412964 24.1149297952652 4.913493558764458 90.1570440530777 42.13743064552546 60.48309146612883 43.98391982167959 1.609667904675007 4.184758149087429 1.323735699057579 1.984396807849407 0 0.2729777991771698 0.1145487427711487 0 0.1465131491422653 0 1.098802417516708 0.2634167969226837 0.09195620566606522 0.4834371581673622 0.2964605987071991 0.8986941203474998 1.494230292737484 3.263337329030037 0.767964094877243 1.342826887965202 0.7965908646583557 0.1253032088279724 0.3644948154687881 0 47.80165549367666 3.180383019149303 68.9816562384367 9.675122819840908 3.770831793546677 0.4348095804452896 0 0.3828555643558502 0 2.397185541689396 2.509112164378166 0 3.715391114354134 11.36880686879158 1.128346100449562 0.106894351541996 0.1632796227931976 2.445524074137211 0.5033459812402725 0 1.114935658872128 0.1236484944820404 0.5956317782402039 1.145166464149952 0 2.5805519297719 3.593256272375584 33.8932376652956 0.5269265025854111 4.17394956946373 0.685488298535347 0 0.1500276178121567 0.1897208541631699 0 0 0.1352884769439697 112.9521118253469 9.951969236135483 0 0 0 10.54174577444792 4.785995416343212 7.897169314324856 4.962138704955578 4.593158721923828 1.199892081320286 2.146022781729698 2.116243317723274 1.665247589349747 0 0 0 0.176974281668663 0 0 0 63.36576254665852 23.38015507161617 21.50280600041151 142.7606608569622 4.571462236344814 45.07291759550571 5.48927279561758 125.7849585860968 4.003927543759346 0 17.94835834205151 45.23447801172733 0.3304848968982697 23.59593366086483 1.044899046421051 29.36056044697762 1.416196763515472 0 4.939663335680962 0.44047811627388 0
275.7687237039208 1476.609284415841 25.71139924973249 2189.981417000294 284.5006060823798 395.6400746256113 2694.28118095547 56.54429730027914 1133.335105620325 7560.678260460496 479.567403100431 3524.285852879286 0 1648.203389406204 83.33149082958698 69.45021755993366 6.015133693814278 0.3257084637880325 0.1910189837217331 0.9309127107262611 0.8094116151332855 1.097737237811089 0 0 0.7458658814430237 0.8793106079101562 0 0.8691856861114502 2.801289990544319 0.3924286887049675 29.66765337437391 23.12378843873739 143.303327858448 0.1879730075597763 0.1047479212284088 2.002932399511337 54.48825849592686 3.044055864214897 0.5100354477763176 2.355143889784813 4.578926406800747 4.362453296780586 0.4871962144970894 0.2005566507577896 0 0 186.5887977108359 12.40440657734871 0.2331828996539116 0.8392177522182465 4.080557502806187 1.331496104598045 8.965465232729912 0.6697689667344093 10.21706488728523 7.750780545175076 20.05821415781975 94.16620816290379 16.18595434725285 33.62462887167931 0 8.609390459954739 0.2216469645500183 38.01672285050154 4.596662938594818 3.732984609901905 2.788266804069281 1.569333896040916 0.9490039274096489 4.653307855129242 672.8839226290584 104.15644454211 0.4768378734588623 51.27337674051523 39.34600978344679 53.17124114185572 191.160355143249 18.56622271984816 1.542767621576786 73.85451907664537 0.1924065873026848 8.505164712667465 22.94954427331686 0.4289382323622704 6.948560945689678 6.195709981024265 3.109592229127884 0.9752654135227203 0.5081506371498108 0.8611707389354706 0.210454449057579 0.6999514102935791 12.35385219752789 12.70377418398857 1.53525535017252 2945.122525572777 45.85378007590771 3.29223145544529 0 104.3150913640857 1.178621836006641 1.704929664731026 10.94510655105114 2.068186953663826 6.618663623929024 208.2758918106556 20.79763396084309 140.8810894340277 39.39799501001835 80.55134810507298 14.27565837651491 215.5782553255558 137.8941733688116 169.0100243538618 104.5740182325244 5.184039071202278 11.65099658817053 1.27451491355896 6.823902159929276 0 0 0.4347829073667526 0.8105420470237732 0.3078207820653915 1.205399595201015 0.8898078054189682 0.4650545567274094 1.2173116132617 0.107902891933918 0.3761443495750427 0.4618515372276306 1.419317804276943 2.749814487993717 1.104172416031361 3.107303462922573 2.301120780408382 0 0.4072435200214386 0 106.4060899540782 8.403223656117916 175.0229186862707 19.19239186495543 5.052859261631966 1.016276985406876 0 0.3977139890193939 0.4306759983301163 8.214031465351582 5.754632763564587 0 6.179500967264175 25.12894139438868 3.4551707431674 0.779045544564724 0 1.694066092371941 1.053627960383892 0.5635651424527168 1.448088347911835 0.2004803270101547 2.147585079073906 2.616508968174458 0 8.715201020240784 6.359084025025368 104.6747860610485 0.9925293177366257 3.776920802891254 1.231457844376564 0.3223578482866287 0.4584206268191338 0.6652380973100662 0.3068723380565643 0 0.3542845100164413 315.0303119048476 13.81610049307346 0 0 0 26.82168155908585 18.30406219512224 21.21921774744987 8.65020689368248 12.72403914481401 7.984666310250759 3.172369964420795 8.760075032711029 3.339851155877113 0 0 0 0.4221241250634193 0 0.1863856911659241 0 176.6602727323771 57.99316380918026 56.96977727115154 776.5433926358819 39.50442170351744 397.3602174371481 79.62184823304415 502.0544403269887 55.25998394936323 0.9591574445366859 225.4618758708239 79.94662000983953 2.653836444020271 52.72665136307478 2.597336761653423 83.93181355297565 3.208448976278305 0.8108715265989304 7.074940532445908 8.648740187287331 1.375019088387489
118.0358767434955 1413.029571555555 191.848779425025 61.95349829643965 1822.702927961946 53.42125651240349 779.5208147317171 369.8131554722786 2308.031866967678 387.9851088896394 2032.806263417006 289.6855110749602 1648.203389406204 0 162.7642665728927 142.8789998590946 11.79231249541044 0.3771137371659279 0.3309253305196762 1.720705583691597 1.651650905609131 0.2462142407894135 0 0.3959414064884186 0.6210697963833809 1.661836817860603 0.3211344331502914 2.546995706856251 1.041417241096497 0.7988661974668503 102.6935869827867 65.86378654837608 496.5247207507491 0.1216489896178246 0 1.122144766151905 231.9011717140675 0.8629908636212349 0.596665121614933 1.248577140271664 7.757942073047161 5.669448412954807 1.139032907783985 1.561181634664536 0.09507986903190613 0 261.5737737864256 8.028912387788296 1.190046817064285 1.363651856780052 2.897468358278275 0.6062544584274292 0.6224293559789658 1.392781399190426 6.243402235209942 6.153470501303673 11.10169290751219 73.00532361865044 7.825090952217579 39.28473798930645 0.3432247415184975 1.274993665516376 0.4830141514539719 75.92334418743849 2.547671869397163 3.580256938934326 2.127675168216228 3.353513553738594 6.063205495476723 11.99862264841795 1336.257991589606 74.39479248225689 0.2677486464381218 46.43326669931412 57.28025837987661 95.66329266130924 381.9775890633464 37.39532928168774 29.81182907521725 113.9012442454696 0 39.70411087572575 15.56813015788794 0.3507926240563393 7.201829358935356 4.249034471809864 3.990562655031681 0.1289220303297043 0.2462588474154472 0.09634131193161011 1.108063593506813 0.4888891130685806 16.19370953738689 14.50118071585894 2.210994817316532 822.3325722515583 5.42407101392746 0.2786681950092316 1.567359536886215 15.77267537266016 0.3005460202693939 0.5421655476093292 5.45348946005106 1.63398252427578 2.009808301925659 95.86816960573196 6.176548011600971 72.7946905195713 14.49804959446192 29.71995078772306 6.437349535524845 89.62690126895905 57.35384505242109 83.0695012062788 72.52371841669083 5.555850639939308 11.15280220657587 0.6178210601210594 3.057618662714958 0.3559800684452057 0 0.2011080533266068 0.327391505241394 0 0 0 0 0.9349156767129898 0 0.2156984359025955 0.6752871796488762 0.5550069883465767 1.685963235795498 0.4518131911754608 1.68843075633049 3.1519855260849 0 0.7628054469823837 0.121765710413456 74.89994492381811 7.06603416800499 122.3684092611074 18.54942212253809 3.505482882261276 0.3518898412585258 0.1221400126814842 0.2370907664299011 0.4071879684925079 7.666640304028988 3.949671909213066 0 2.339656889438629 15.87528675794601 1.934171058237553 0.473059356212616 0.2057725489139557 0.7110519260168076 0.6241017207503319 0.08746742457151413 0 0.2583707869052887 1.979010328650475 4.042866915464401 0 9.102346144616604 5.718256682157516 67.97767814993858 1.82688631862402 3.634847015142441 0.4980305582284927 0.2223143354058266 0.2730631455779076 0.1260947287082672 0 0.08384411036968231 0.7340926975011826 191.7352746352553 10.55777775496244 0.5014936625957489 0 0 17.62855935841799 12.02844792604446 16.81247183680534 6.071218438446522 8.481577485799789 4.076966777443886 3.905516184866428 7.255978509783745 2.515915870666504 0.1707321554422379 0 0 0 0 0.3051533102989197 0 76.7208566814661 41.16592295467854 54.07003775984049 1280.839350260794 56.10989613831043 620.5012573152781 119.2836559265852 143.0966282188892 74.48132718354464 1.714150562882423 369.8537812158465 62.86772108823061 1.126808255910873 41.54043726623058 1.107131101191044 31.20258725434542 1.562322825193405 1.014355719089508 11.49518268555403 11.04987736791372 1.34052737057209
