0 2265.877791076899 235.4951382726431 1477.617652200162 152.7175439670682 37.20974926650524 888.5463389605284 43.2631765678525 212.6811040937901 2418.767224729061 266.6556794047356 403.3312446475029 516.5843323916197 161.3743167221546 0.8526211827993393 0.7569641247391701 0 0 0 0 0 0 0 0 0 0 0 0 0 0 464.9018494486809 0.2820449247956276 0.5941694378852844 0 0 0.2012451887130737 0.9207909852266312 1.740128092467785 0.1369052827358246 0.1902007013559341 0 0 0 0.1320787668228149 0 0.1230058521032333 32.05090104788542 0.4873048290610313 0 0 0.464199498295784 0 0 0 3.563076168298721 2.511597767472267 386.511020898819 1434.767480313778 21.67600295692682 29.20148220658302 0.1247259825468063 0.1679440289735794 0.1870200037956238 0.5193544626235962 5.094601489603519 2.620252341032028 3.469090834259987 0.5014044865965843 0 0 1.071962475776672 2.308296680450439 0.3107361942529678 333.428684823215 31.94019884616137 53.25070864707232 1.712928853929043 0.7666591554880142 0 8.610002100467682 0 1.017419293522835 19.86122068017721 0 2.790346555411816 5.880707554519176 0.1481822580099106 0.1258381307125092 0.7629164308309555 0 0.139198049902916 0.1437826454639435 0.5476552993059158 0.1907104402780533 0 22.43892204761505 0 0 0 1160.728364482522 0 0 0 0 0 0.4469798058271408 0 0 0.2295982241630554 3.049647450447083 0 0.58172906935215 1.327850475907326 4.584181055426598 1.977470934391022 0 0.8741507530212402 0 0.321329653263092 0 0 0 0 0 0 0 0 0 0 0 0 0.3312502503395081 0 0 0 0 0 0 0 0.1697681844234467 0 0.9058960676193237 0 0.437544047832489 0 0 0 0 0 0 0 0 0 0 0 0 0 0 0 0 0.249505877494812 0 0 0 0 0.5747202634811401 0.5710603594779968 0 0 0 0 0 0 0 0.1259166896343231 0 6.814449228346348 0 0 0 0 0 0 0 0 0 0 0 0 0.1121127679944038 0 0 0 0 0 0 0 1.039807766675949 1.784964889287949 0.2402188777923584 62.06199733167887 12.18729597330093 127.8740552216768 8.877268403768539 408.9870305508375 17.27387352287769 2.31639613956213 9.10712144523859 0 0.115222729742527 1.444536685943604 0 0.2760505974292755 0 0 0 0 0
2265.877791076899 0 2004.091623932123 494.7549519985914 2850.889544047415 81.25140851736069 1564.139541737735 372.3488848507404 3978.203849837184 376.0771473497152 2254.191501364112 100.7150278091431 428.2009268179536 320.8444578647614 10.12678837031126 2.411173060536385 0.1382410377264023 0 0 0 0 0 0.5807740688323975 0 0.5470341518521309 0 0.106682263314724 0 0.1225509941577911 0 4280.826353855431 5.429453410208225 0.8613863438367844 0 0 0.5690354108810425 1.751924373209476 1.221410751342773 0.1190299093723297 0.3803256154060364 0.1310980618000031 0.5533278360962868 0.0969647690653801 0.1494537740945816 0 0.376959353685379 113.9961330667138 3.911737978458405 0.1133776754140854 0.09202318638563156 2.344279259443283 0 0 0 6.339349836111069 4.875372476875782 227.398655615747 1732.765323795378 26.11670532822609 48.4506438523531 0.2188385501503944 0 0.4971254467964172 14.19950472563505 7.926635779440403 6.189404025673866 6.757022470235825 1.991545014083385 0.9448033645749092 0.1819537431001663 0 0 0 394.7774240002036 85.99309776723385 139.1987875401974 13.59859154373407 0.8333029597997665 0.3364978432655334 23.28500640392303 1.134968534111977 1.866765655577183 38.62141315639019 0.6166883483529091 4.639623418450356 14.54480507224798 1.793665438890457 0.4022719711065292 3.812789335846901 0.1017177626490593 0.8042988926172256 0.3734703212976456 0.9158226773142815 0.4807534143328667 0.3752699792385101 11.57635535299778 0 0 0 2065.376121431589 0 0 0 0 0 0 0 0 0 0 0 0.5023109912872314 0.4643411934375763 1.613648593425751 0.4319903403520584 0 0 0 0 0 0 0 0 0 0 0 0 0 0 0 0 0 0 0 0 0 0 0 0 0 0 0 0 0 0 0 0 0 0 0 0 0 0.455557644367218 0 0.1107961162924767 0 0 0 0.08893847465515137 0 0.09264501929283142 0 0 0 0 0 0 0 0 0.1229842379689217 0.1585738807916641 0 0 0.1192706450819969 0 0 2.087870866060257 0 0 0 0 0 0 0 0 0 0 0 0 0 0 0.1416443586349487 0 0.2172455787658691 0.1015443727374077 0 0 0.3530282452702522 0.7767731249332428 0.1488243639469147 79.0216289460659 37.07385616749525 268.8798449486494 29.31718776375055 448.5252979770303 34.01594666391611 1.205405130982399 26.4867656826973 0 0.2183543965220451 0.1186035871505737 0 0.4739373922348022 0 0.09634721279144287 0 0 0.7215990871191025
235.4951382726431 2004.091623932123 0 30.805460318923 2091.842499360442 2.087846130132675 410.7265179008245 5463.017588280141 1642.556825228035 26.29040478169918 6507.519776962698 4.815533086657524 41.23113171756268 265.0015413537621 9.928534328937531 13.32418015599251 0.1447911411523819 0 0.09965565800666809 0.7432588487863541 7.503268286585808 0 7.044151313602924 4.625711537897587 33.70133569091558 4.444351479411125 14.07007636129856 0.3698171451687813 0.4082651734352112 3.823694124817848 4219.423552580178 278.5995807945728 24.04643853753805 0.3272384852170944 2.085351429879665 67.23083753883839 13.38694974780083 19.18718572705984 2.339650794863701 13.72289673984051 6.149292029440403 2.774679400026798 1.065947398543358 0.7082222402095795 0.1650701314210892 1.730792082846165 32.18253693729639 1.124980010092258 0 0.575114332139492 24.3143425360322 0.1987582892179489 0 0 0.9597372785210609 1.464084707200527 60.10749293863773 1120.843009643257 5.550569720566273 10.30160168558359 33.00875253975391 12.65658867359161 13.88938685506582 33.94232109934092 1.942624531686306 0.8015268221497536 1.512258879840374 2.149538785219193 3.31716363132 39.51313468813896 4.463585197925568 1.372085750102997 0.2116210535168648 105.5589687600732 27.76892648637295 39.83284233510494 10.43690603226423 3.385108031332493 182.5645115897059 1255.93567468226 33.31233984977007 336.98824223876 10.25811737030745 0 0.7787141799926758 3.893936738371849 0.6290248483419418 0 2.214135363698006 0 3.114382475614548 0.8384672179818153 31.32351765781641 14.22957582771778 0.6954690590500832 10.75797262787819 0.8228666186332703 0 0.1834476441144943 349.2922628372908 0 0 0 0 0 0.7405668795108795 0 0 0 0.1791284680366516 0 0.6891734898090363 0.9574266672134399 1.846769228577614 0.6977242305874825 0.1341651231050491 0 0 0 0 0 0.2620041072368622 0 0 0 0 0 0.141750380396843 0 0 0 0.2354660481214523 0 0 0 0 0 0 0 0.369490347802639 0 0.4983338862657547 0.6708557084202766 0.3290597498416901 0 0 0.1216577515006065 0 0 0.3419849872589111 0.1761601567268372 0 0 0 0.4262979030609131 0.3689164668321609 0.1185828000307083 0.200616642832756 0 0 0.1103826463222504 0 0 0 0 0 0.4631365910172462 0 0 0.111270047724247 0 0 0 0 0 0 2.347101703286171 0.304396390914917 0.3414227813482285 0 0.1202416568994522 0 0.1444410085678101 0.7517319619655609 0 0 0.3796308040618896 0 0 0 0 0 0 0 0 0 0 1.539308205246925 0.8340277522802353 1.243665613234043 32.04192696511745 9.702153079211712 66.44511480629444 10.88781876862049 59.92325428873301 5.329165771603584 0.2522790282964706 12.57902093976736 0.7531580105423927 0 0.4883798956871033 0 0.2758222222328186 0 0.2201382219791412 0 0.7073761373758316 0.1293410658836365
1477.617652200162 494.7549519985914 30.805460318923 0 64.66880642622709 203.8838495761156 989.2970077395439 6.863056518137455 531.1720708534122 1977.398507609963 28.20300060510635 1207.017443113029 2278.60979077965 822.2148935645819 6.383580431342125 1.528644397854805 0 0.2745461463928223 0 0 0 0 0.1753426045179367 0 0 0.1231451258063316 0.4416483491659164 0.1679962277412415 0.1812105774879456 0.4005439132452011 109.962001748383 1.224167443811893 0.6636477783322334 0 0 0 0 0 0 0.3932730555534363 0 0 0 0.1622835546731949 0 0.2222821563482285 58.21936456859112 1.482787869870663 0.476125106215477 0 1.504389375448227 0 0 0 2.591322734951973 2.533500619232655 73.30201699584723 264.4894597753882 11.19455639272928 15.50511467456818 0.1555236428976059 0 0 4.640917807817459 4.377538852393627 2.210032664239407 3.242558315396309 0.9751977846026421 0.4641021937131882 0.3350533843040466 0 0.4689067006111145 0 150.7894552946091 26.16199500858784 70.54745025932789 5.197221733629704 0.3176358938217163 0 2.646342448890209 0 0.321668416261673 16.17405746132135 0.5998762547969818 1.333032011985779 4.840416669845581 0.1337771713733673 0 2.422208897769451 0 0.337945893406868 0.3784384354948997 0.1007195636630058 0.2095023170113564 0 36.61923779547215 0 0 0 221.6293354928493 0 0 0 0 0 0.8300354331731796 0.2772442996501923 0.1924819350242615 0.5051233172416687 0.6810489296913147 0 4.262315049767494 5.4665597230196 2.851912826299667 1.303321555256844 0.5361568629741669 0 0 0 0 0 0 0 0 0 0 0 0 0 0 0 0 0 0 0.3604483604431152 0 0 0 0 1.304715782403946 0.8932960033416748 0.810184121131897 0.2695488110184669 0 0 0 0 0 0 0 0 0 0.3490683138370514 0 0 0 0 0 0 0 0.1114642322063446 0 0 0 0 0 0.5269802510738373 0 0 0 0 0.117248646914959 0 0 0 0.1741008907556534 5.846254527568817 0 0 0 0 0 0 0.3562299311161041 0 0 0 0 0.2104750126600266 0.1191979944705963 0 0 0 0 0 0 0 2.841364860534668 1.794908806681633 0.6528494209051132 44.29053227603436 20.29018076509237 132.9992426633835 12.33727461099625 374.6864190399647 13.97913192212582 0.7824218571186066 11.2360117956996 0.8883067071437836 0 1.102259457111359 0 2.212801426649094 0 0.1006654873490334 0 0 0.185351550579071
152.7175439670682 2850.889544047415 2091.842499360442 64.66880642622709 0 16.01777030527592 2007.61052954942 266.4949177652597 2713.34916831553 246.9091441780329 488.6317214518785 83.31041403114796 38.23289610445499 46.80429565161467 35.80405693501234 11.36666133254766 0.2358550205826759 0.1127622202038765 0 0.153477817773819 0 0 0 0.5358587726950645 1.165380656719208 0.2214915901422501 0.1266123205423355 0 0.09301410615444183 0.1035726442933083 755.545700982213 8.989138282835484 0.2200638204813004 0.1839126944541931 0 1.301244646310806 0.7373755872249603 0 0 0.4995029866695404 0 0 0.1230905055999756 0.6786912828683853 0.1902990192174911 0.200448140501976 161.566316999495 3.444393880665302 0.3893339261412621 0.2926711440086365 1.473477862775326 0 0 0.2281257063150406 3.372951790690422 4.375210925936699 40.17367607355118 180.0719901621342 18.68970966339111 28.60310479253531 0.4712617248296738 0 0 20.38397964090109 4.353608652949333 4.531607821583748 6.820940740406513 1.263753019273281 0.5898093432188034 0.8714146763086319 0 0.2425155341625214 0 128.9069023430347 54.90458603948355 150.6221285611391 30.87967073917389 2.559403494000435 0.1073692888021469 12.962074264884 0.358337938785553 0.9226935803890228 24.71829891204834 0.3114766478538513 3.366980336606503 10.6050181388855 1.350071862339973 0.07647130638360977 3.433701105415821 0.07649606466293335 0.6325360089540482 0.5133312195539474 0.3095595240592957 0.2751033753156662 0.3726988360285759 25.65948340296745 0 0 0 66.96948205679655 0 0 0 0 0 0 0.1886146813631058 0.4194119572639465 0 1.114958181977272 0 0.5260707437992096 2.40503416955471 4.182416006922722 1.636268943548203 0 0 0 0 0 0 0 0 0 0 0 0 0 0 0 0 0 0 0 0 0 0 0 0 0.7011478841304779 1.024981766939163 0.6665888428688049 0.520979031920433 0 0 0 0.2101594358682632 0 0 0.8023813962936401 0 0 0.5327982902526855 0.1361026912927628 0 0 0 0 0 0 0 0 0 0 0 0 0 0 0 0.1522805243730545 0.1053621619939804 0.1061903983354568 0 0 0 0 9.009006097912788 0 0 0.1486147791147232 0.242221862077713 0 0 0 0 0 0.2670990526676178 0 0 0.0938926637172699 0 0 0 0.09193309396505356 0 0 0 4.824146583676338 3.00949914008379 1.54632380604744 185.0875760987401 45.80272425711155 260.0544330775738 62.60428695380688 98.88051118701696 45.11699913442135 4.510439448058605 66.58576951175928 0.5240363106131554 0.3063374906778336 0 0 1.049833416938782 0 0 0 0.498375691473484 0.8133237063884735
37.20974926650524 81.25140851736069 2.087846130132675 203.8838495761156 16.01777030527592 0 239.2696688771248 1.422958627343178 88.39383390545845 996.1711074858904 2.926738917827606 347.287137016654 333.1699573248625 249.1845195889473 0 0 0 0 0 0 0 0 0 0 0 0 0 0 0 0.1174182817339897 7.094800189137459 0 40.69413404166698 0 0 0.1654800772666931 66.96130336821079 0.8058083057403564 3.453293472528458 0 0 0 0 0 0 0 1.457181088626385 0.7583158165216446 0 0.4465724229812622 0 5.610216945409775 0 0 0 0.4226459860801697 160.9131644368172 11.00292372703552 0.6004199236631393 0 0.2228706181049347 12.34568119049072 0 0.13531693816185 0 0 0 0 0.1791509836912155 0 100.7583290487528 67.14838919043541 11.84642539918423 9.280501067638397 0.462144136428833 1.908228546380997 0.2752790674567223 0 0 69.14911162853241 0.1978659182786942 10.42110818624496 0.1477900296449661 0.7180995345115662 0 1.359958462417126 0.4681713879108429 11.59849698841572 4.263818740844727 13.60600346326828 0.5414323210716248 5.536331236362457 0 0 0 317.9239095896482 42.74406361579895 13.06852313876152 7.521778404712677 315.6089301109314 0 0 0 0 0 0 0.2626585960388184 0 0 0.5236047506332397 0 0 0.5546280741691589 2.841391310095787 1.49327065050602 0 0 0 0 0 0 0 0 0 0 0 0 0 0 0 0 0 0 0 0 0 0 0 0 0 0 0 0.2761350572109222 0 0 0 0 0 0 0 0 0 0.1638746112585068 0 0 0 0.4436486661434174 0 0 0 0 0 0 0 0 0 0 0 0 0 0 0 0 0 0 0 1.450338274240494 0 0 0 0 0 0 0 0 0 0 0 0 0 0 0 0 0 0 0 0 0.8719850927591324 0.5132956355810165 0 4.535951927304268 0.4026122987270355 5.07699166983366 0.1582826673984528 239.2464316040277 1.449080988764763 0 0.3860277235507965 0 0 0 0.2312569618225098 0.8273155689239502 0 0 0 0 0
888.5463389605284 1564.139541737735 410.7265179008245 989.2970077395439 2007.61052954942 239.2696688771248 0 25.39175982773304 1105.164994962513 1896.728150710464 185.9267467409372 675.9880643486977 430.9205930754542 79.74056494235992 73.00975824147463 20.74912236630917 0.7158798575401306 0.3211369067430496 0.237843744456768 0.1400877237319946 0.2074124962091446 0 0 0.1264046281576157 0.4839112013578415 0.2279740199446678 0.3957221433520317 0.2361584976315498 0.1685700714588165 0.408733993768692 389.6330335587263 8.924541428685188 0.764653816819191 0 0 0.3044616878032684 1.778005160391331 0.3180886283516884 0.8613163828849792 0.505553163588047 0 0.5199485868215561 0.676425464451313 1.710922442376614 0.4908691123127937 1.290344819426537 394.5325001776218 12.30879665911198 1.020811453461647 0.9689607322216034 6.16587145626545 0 0 0.2674205601215363 10.90748378634453 13.6412425711751 163.5038538426161 624.5171637162566 42.58113016933203 83.87148986756802 1.510369203984737 0 0 49.75672064721584 16.8451983332634 11.73623462021351 20.33789493143559 5.303619354963303 1.401735484600067 1.917997449636459 0.2792933136224747 0 0.1177802607417107 496.8249761015177 175.5234932750463 450.170580662787 58.96087991446257 4.462141335010529 0.6892629265785217 5.283460132777691 1.438261359930038 1.682128019630909 92.57044498622417 1.417781427502632 10.67914021760225 30.49861605465412 3.10297217965126 0.6281082108616829 8.428695037961006 0.6966877281665802 1.656833820044994 1.727784194052219 1.21747275441885 0.7265411615371704 1.508681774139404 116.9200820699334 0 0 0 159.4011828526855 0 0.7710320949554443 0 0.1895732879638672 0 1.670592665672302 1.551901534199715 0.5982751250267029 1.314501196146011 4.22441428899765 0 11.9095194041729 9.475551441311836 16.44987495243549 10.23705062270164 1.526625484228134 0.4642582088708878 0 0.4614714682102203 0 0 0 0 0 0 0 0 0 0 0 0 0 0 0 0.3184306621551514 0.5879164934158325 0 0 0.7472493052482605 3.525519669055939 0.4839296638965607 3.968369960784912 1.223031610250473 0 0 0 0 0 0.2399003952741623 0 0 0 0.6529415547847748 0 0 0 0 0.1227699443697929 0 0 0.4700668454170227 0 0 0 0.3282873034477234 0 2.593432381749153 0.2354008406400681 0 0.2244487479329109 0.0984940230846405 0.1147523149847984 0 0.08634889870882034 0.09995575249195099 0 22.48184456676245 0.7934099435806274 0 0.1344803720712662 0.2532651349902153 0 1.832043260335922 1.581630900502205 0.3862067461013794 0.7098212242126465 0.7526425123214722 0 1.23396061360836 0.2046195641160011 0 0 0 0.8540067300200462 0.2358658015727997 0 0 9.875449106097221 13.6665204167366 2.770389944314957 438.3474477082491 111.0111529305577 819.1036668941379 156.6259469985962 437.8737543299794 120.3004016205668 8.243352808058262 159.721282504499 4.122325375676155 0.5775313600897789 1.615041196346283 0.6287548393011093 2.77385900914669 0 0.2133662328124046 0.400093674659729 3.942821428179741 0.617226779460907
43.2631765678525 372.3488848507404 5463.017588280141 6.863056518137455 266.4949177652597 1.422958627343178 25.39175982773304 0 2262.784916177392 41.47372918576002 1151.28821990639 43.21671149134636 279.6761135682464 1827.561010599136 51.02617893368006 35.34477574378252 1.354405917227268 0.6583118885755539 0.2189991474151611 1.121906004846096 5.547965541481972 0 4.367406286299229 1.239121377468109 33.02545955777168 3.755267359316349 9.193185210227966 0.1140202581882477 0.3617772161960602 1.756518647074699 1650.957316435874 638.3269254714251 75.94510693848133 0.2181572914123535 1.942367099225521 110.8923753648996 55.87842360883951 42.32965225726366 4.484955161809921 19.77093284577131 2.097021356225014 2.854221858084202 1.597793459892273 4.877569690346718 0.4444984346628189 1.526181727647781 170.5593877658248 2.803164824843407 0.3309353366494179 1.008376114070415 16.59872884303331 0.2105364501476288 0 0 2.042136713862419 3.031165905296803 68.76006190478802 505.3585028201342 13.30967808514833 27.11095421016216 37.13954732567072 33.8942072018981 21.26461400091648 144.9239145964384 5.780168600380421 4.20454628020525 4.76977476477623 2.262721247971058 3.8641242608428 18.18871569633484 17.28632520139217 2.567077711224556 0 161.4783105477691 87.70838761329651 180.178833335638 53.32434847205877 11.37790156155825 502.8985517546535 784.0111695602536 35.6310476437211 509.9946830272675 25.49148312956095 0.4440316930413246 3.287265412509441 8.261364467442036 1.16739559918642 0 2.931187130510807 0 1.413215667009354 0.7521677315235138 17.70360570400953 15.06426744163036 1.437810324132442 28.27364772558212 7.628942579030991 0 0 58.76984964311123 0 0 0 0 0 0 0.226164236664772 0 0.9471524655818939 0.9839641749858856 0 1.843567252159119 2.067819133400917 3.704090252518654 0.9425467848777771 0 0.2255465239286423 0 0 0 0 0 0 0 0 0 0 0 0 0.2740639746189117 0 0 0 0 0 0 0.1061193123459816 0 0 0.5202014595270157 0 1.391451507806778 0.8913279324769974 0.6221376806497574 0 0 0 0 0 0.349259227514267 1.212547898292542 0 0.3198065161705017 0 0 0.3049834072589874 0.1416821330785751 0.1754737943410873 0 0 0 0 0 0 0 0 0.8529811203479767 0 0 0 0.08523876965045929 0.1265395730733871 0.1191285103559494 0.289373055100441 0.1040978878736496 0 4.947122164070606 0.4456955939531326 0 0 0.1648236811161041 0 0 0.2078719586133957 0 0 0.123091347515583 0 0.2591623067855835 0 0 0 0.08224190771579742 0.108893021941185 0 0 0 3.602147370576859 3.808922879397869 1.329529866576195 220.9535317867994 31.89970188587904 310.2077828496695 66.28184793144464 49.87485864758492 31.69373321533203 2.207240521907806 81.80161690711975 4.026271156966686 0.2718768045306206 1.252248451113701 0 0 0 0 0 1.421158745884895 0.1894732117652893
212.6811040937901 3978.203849837184 1642.556825228035 531.1720708534122 2713.34916831553 88.39383390545845 1105.164994962513 2262.784916177392 0 973.8055543079972 3798.669120676816 574.5733657032251 607.6602836996317 1430.337298445404 147.1866172552109 94.45038517564535 0.615522712469101 0.6309232264757156 0.1279955804347992 0.2030074000358582 1.994712293148041 0 1.005519963800907 1.107308089733124 15.22591921687126 0.7371096909046173 5.249855175614357 0.6658079326152802 0.5525597333908081 1.178629025816917 581.1708539798856 34.42663639038801 63.83879361301661 0.4223240464925766 0.5884766131639481 32.83610235154629 32.01335344463587 14.40398147702217 1.023155882954597 13.4399825334549 2.593722715973854 1.388613432645798 0.3168671578168869 11.03742823749781 0.2857519835233688 1.215011537075043 466.3389645218849 5.193870164453983 1.507875256240368 0.4087343886494637 16.51875913143158 0.1119297593832016 0 1.320970296859741 6.374529361724854 7.09791349619627 92.97726310044527 280.9276609122753 36.79216773062944 63.69031988084316 2.178844638168812 9.986667782068253 5.102271288633347 77.61909645050764 8.659499421715736 6.557107962667942 12.14892648160458 2.568502172827721 1.369391568005085 6.472684025764465 3.74318616092205 7.229054629802704 0.2071162462234497 250.6924617663026 110.6223473474383 387.7556582540274 98.61887241899967 19.56764321774244 11.09564495831728 180.4702830091119 3.545196115970612 16.52612054347992 47.7159751355648 0.3251053988933563 5.627466306090355 18.56388615816832 1.992459036409855 0 6.298296898603439 0.1982829123735428 2.878124043345451 1.170468404889107 7.54843582957983 7.606876499950886 1.459854155778885 339.1009461283684 0.4961378425359726 0 0 62.86735036224127 0 2.595968380570412 0 0.12629334628582 0 2.852173998951912 4.431870520114899 2.649768695235252 6.981085374951363 21.86289590597153 0.261835128068924 43.51368832588196 46.46249085664749 71.22942510247231 41.46723832190037 2.79448264837265 3.070311769843102 0 0.3751600980758667 0 0 0 0 0 0 0 0 0.3568812608718872 0 0 0 0 0 0 1.997949481010437 0 0 0 0 20.87043695151806 6.42648409307003 15.04645213484764 7.29365000128746 1.68193119764328 0 0.2372786030173302 0 0 2.850891783833504 2.126635074615479 0 0 3.993674874305725 0 0 0 0 0 0.09782800078392029 0 0 0.284383088350296 0.1755327582359314 0 1.451094448566437 0.8227637112140656 12.50996913015842 1.13978898525238 0.4654172658920288 0.120103619992733 0.08203005790710449 0.3245951533317566 0 0.0786348283290863 0 0.6656549721956253 134.1645476743579 0.8838369846343994 0 0 0.5187768638134003 1.83079406619072 8.754699558019638 3.59797491133213 0.1548200398683548 1.491117388010025 1.250518709421158 0.2740762829780579 1.691258609294891 0.234109029173851 0.1098130792379379 0.1462666839361191 0.08920832723379135 0.1791833639144897 0 0 0.3014374077320099 57.8011562526226 46.21444065868855 14.49286644160748 1086.078293137252 118.9388413801789 861.2534166499972 275.6870772317052 424.1122726425529 130.7499386072159 9.074809849262238 369.4908640310168 17.0157213807106 1.220210872590542 11.04008497297764 1.821916058659554 15.93320654332638 0.3234511911869049 0 1.559287026524544 11.20033016055822 2.324359036982059
2418.767224729061 376.0771473497152 26.29040478169918 1977.398507609963 246.9091441780329 996.1711074858904 1896.728150710464 41.47372918576002 973.8055543079972 0 36.23846416920424 3511.868143945932 7012.909184657037 1928.366683475673 28.0501457452774 9.223257310688496 0.110730953514576 0.103374294936657 0 0.2551441788673401 0.1824520230293274 0 0.29448601603508 0 0.4767907559871674 0.2011624425649643 0.5032342672348022 0.3783077895641327 0 0 175.1553771272302 2.94780246168375 25.07353194057941 0 0 0.2844950035214424 49.70536130666733 0.1961704790592194 0.3464647531509399 0.1686115711927414 0.3082349300384521 0.372204527258873 0.496078222990036 0.3482798933982849 0.2356289625167847 0.2171626091003418 212.5842240005732 4.499077819287777 0.5989329740405083 0.2300771772861481 4.045357786118984 0.4216123819351196 0 0.2566599249839783 5.834214277565479 8.013047657907009 198.5038406848907 485.2071517258883 30.06428611278534 51.39780105650425 0.3713005632162094 0.6238756850361824 0 16.24600913375616 8.337839402258396 6.207073852419853 7.782090656459332 2.345604442059994 1.64971798658371 0.4011714085936546 126.3769656419754 2.624801874160767 0.3191471993923187 386.0016171038151 92.1327872723341 224.0550055205822 25.97851325571537 2.60763843357563 0.5948076099157333 72.37934778630733 0.8593632057309151 3.113634549081326 53.17112562060356 0.6789608299732208 5.26298838108778 13.81553443521261 2.043617241084576 0.5132294893264771 5.791601076722145 1.533759169280529 0.6640535891056061 0.3716664910316467 0.6759139597415924 0.4183056801557541 0.3005026131868362 457.3191291838884 41.67437817156315 0 3.344790399074554 673.7940713614225 0 0.4697564989328384 0 1.039123117923737 0 1.957481250166893 1.142898172140121 2.191925927996635 0.9140303283929825 9.833880484104156 0 17.77881503105164 19.23155142366886 35.33877114206553 13.2047833353281 0.5853249430656433 2.999358966946602 0 0 0 0 0 0 0 0 0 0 0 0 0 0 0 0 0 0.469169020652771 0 0 0.777072086930275 0 8.530804306268692 1.674955070018768 4.425509393215179 1.587473154067993 0 0 0 0 0 0.7881944477558136 0.6520756632089615 0 0 3.025469869375229 0 0.5294048190116882 0 0 0 0 0 0 0 0.3285784125328064 0 0.3789681196212769 0.6079306602478027 8.933412104845047 0.7899683713912964 0.3906883299350739 0.5202972963452339 0.2039524465799332 0 0.1165301203727722 0 0 0.2482277750968933 44.80383203923702 0.8817083835601807 0 0 0.3403918221592903 0 0.9687329530715942 1.309203892946243 0.6820966601371765 0.8053316920995712 1.02311272919178 0 1.314302235841751 0 0 0.1171849966049194 0 0 0.1000489294528961 0 0.1558243632316589 23.66366888582706 17.46210819482803 8.269704446196556 371.2627388089895 46.19966729730368 517.0688605010509 78.1119235381484 1589.408261604607 59.54658766835928 5.348249517381191 99.71587055921555 10.03359845280647 0.2942371070384979 6.357103064656258 0.6801854968070984 16.08838607370853 1.785284250974655 0 0 1.310581490397453 0.6702025979757309
266.6556794047356 2254.191501364112 6507.519776962698 28.20300060510635 488.6317214518785 2.926738917827606 185.9267467409372 1151.28821990639 3798.669120676816 36.23846416920424 0 59.70858489722013 549.2508242875338 6135.290605261922 68.58026239275932 62.78026233613491 0.8015797287225723 0.4711038172245026 0.2127416953444481 0.6550654694437981 1.938563734292984 0 1.52621428668499 1.188589915633202 59.5849736481905 1.063414365053177 5.13032504171133 0.3164902627468109 0.3714936226606369 2.410858236253262 1744.727377183735 117.5004811659455 866.2930736839771 0 1.035896897315979 183.631786338985 300.938905544579 115.2318917661905 5.988748639822006 72.97410950809717 2.762442827224731 2.869480706751347 0.3418433889746666 6.416824944317341 0.1063838228583336 0.7031588479876518 188.7282909750938 3.271735101938248 0.4601007103919983 0.5149285644292831 24.62221051752567 0.1843135505914688 0 0.1318042725324631 3.961471170186996 5.104621276259422 57.03321743011475 411.5554661601782 14.8384400382638 30.10123812407255 0.9761096090078354 121.1262261867523 9.763930886983871 58.93095302581787 7.392697833478451 3.554631866514683 6.207628004252911 2.268344812095165 0.8182584196329117 16.49919684231281 47.73791824281216 1.073345974087715 0.1192140802741051 165.7758940532804 73.10464929044247 193.7426779046655 55.94363401830196 15.40410082787275 98.05828688293695 936.0488003641367 3.042616203427315 55.79806902259588 31.59902721643448 0.4434888511896133 3.535341985523701 10.48335598409176 1.453144744038582 0.3792193904519081 4.716014981269836 0.2962363064289093 2.519527152180672 0.7095422595739365 13.68757194280624 9.350275292992592 1.088531479239464 61.85644306242466 9.430625066161156 0.74982950091362 0 118.063491396606 0 0 0 0 0 0.9039442241191864 0.3653743267059326 0.9665869772434235 0.9128306359052658 2.893732503056526 0 5.04949714243412 9.098393872380257 7.725838124752045 5.067831173539162 0.187501385807991 0.3055694997310638 0 0.4350352585315704 0 0 0 0 0 0 0 0 0 0 0 0 0 0 0 0.2830540835857391 0 0 0 0 1.719663023948669 0.5469905138015747 1.835475966334343 1.178834445774555 0 0 0 0 0 0.4069594442844391 0 0 0 0.473050445318222 0 0 0 0 0 0 0 0 0.1169032156467438 0 0 0.5427249670028687 0.2803233861923218 1.428770110011101 0 0 0 0.1033863350749016 0.07968325912952423 0 0.191824197769165 0 0 22.25990322232246 0.5164911895990372 0 0 0.186873272061348 0 0.4545427262783051 0.5942400395870209 0 0 0 0 0.4962863922119141 0.2196301892399788 0 0 0 0.4404076784849167 0 0 0 6.924374312162399 6.456759572029114 2.731763169169426 279.1205446645617 54.70482341200113 308.5537604168057 86.43633210659027 55.27952092140913 40.34424848109484 3.693715937435627 121.6506249755621 2.09244629740715 0.5209583640098572 0.3517089337110519 0.1482253223657608 1.888902366161346 0 0 0.8600321710109711 2.239293023943901 1.828380763530731
403.3312446475029 100.7150278091431 4.815533086657524 1207.017443113029 83.31041403114796 347.287137016654 675.9880643486977 43.21671149134636 574.5733657032251 3511.868143945932 59.70858489722013 0 5257.453396886587 1604.595082968473 6.793040856719017 9.176908403635025 0.1782891154289246 0 0 0 0 0 0.2901872098445892 0 1.016316592693329 0 0.3199963122606277 0 0 0.1547232568264008 12.22985963523388 0.2734019309282303 37.40159945189953 0 0.4443984627723694 0.8955401033163071 159.6314728111029 2.278436109423637 7.773647502064705 1.020021006464958 0.2224090248346329 0.3221870362758636 0 1.175986915826797 0 0 28.99490261077881 0 0 0 2.838756926357746 0 0 0 0 0.4884817078709602 19.18411459028721 40.4408853277564 5.61768563836813 2.643855974078178 0.7034553438425064 5.173718810081482 0 3.867186933755875 0.8330583125352859 0.2712069973349571 0.1162376031279564 0 0.1136368811130524 0.8622565120458603 9.331876933574677 5.554350554943085 0 31.60087476670742 8.443850219249725 23.12425737828016 5.740166530013084 1.090718023478985 0.2681101411581039 320.6437611728907 0.4654574394226074 1.878224201500416 5.093502320349216 0.281302697956562 0.6311253905296326 1.894137308001518 0.1230906173586845 0.1816447228193283 0.2307584062218666 0 0 0.15604268014431 0.8362495452165604 0.4635325819253922 0 1165.23427991569 3.589675083756447 0 3.469928115606308 57.84723754227161 0 1.368624106049538 0 0.5578199625015259 0 2.970578193664551 1.599608153104782 1.527594208717346 3.149315655231476 13.45133943855762 0 34.81624230742455 27.45400622487068 49.81459717452526 26.77625700831413 1.481644511222839 0.9399495422840118 0 0.3019665479660034 0 0 0 0 0 0 0 0.147472932934761 0.4021938741207123 0 0 0 0 0 0 0.9160531908273697 0.4336839914321899 0.1238719299435616 0.3057776093482971 0.1865342855453491 8.118333354592323 1.61014598608017 6.108277529478073 1.591954365372658 0.6932096779346466 0 0 0.1281717270612717 0 0.285811722278595 1.334484994411469 0 0.4705751240253448 3.062705159187317 0.4612261056900024 0 0 0 0 0 0 0.1535366773605347 0.125260978937149 0.184206411242485 0 0.3892953395843506 0 10.18670216202736 0.9386045932769775 0 0.3539645671844482 0 0 0 0 0 0.1568455845117569 72.67946143448353 0.1766568124294281 0 0 0 0.6889102160930634 3.377082392573357 2.794769927859306 1.200753182172775 2.546432420611382 1.511045277118683 0.261825829744339 0.3038684278726578 0 0 0 0 0 0 0 0 27.92677544057369 20.68109875917435 6.930538833141327 176.3359882906079 3.695712685585022 73.13621439039707 19.79390287399292 467.0449030250311 8.250389888882637 1.286195516586304 42.5229699164629 9.823177546262741 0.1689584106206894 5.52509281039238 1.162416875362396 20.3493959903717 0 0 2.893042922019958 0.7041587829589844 0.2139766365289688
516.5843323916197 428.2009268179536 41.23113171756268 2278.60979077965 38.23289610445499 333.1699573248625 430.9205930754542 279.6761135682464 607.6602836996317 7012.909184657037 549.2508242875338 5257.453396886587 0 2492.17270565033 50.85199705511332 52.63826373964548 0.9756371080875397 0 0.1907032579183578 0.5945100784301758 0.164386972784996 0.7799339890480042 0.1475035548210144 0.1877441555261612 12.18838127702475 0.3610381335020065 1.492438971996307 0 0 0.5722341686487198 46.01939629018307 3.654114827513695 451.5495504587889 0 0 9.234957873821259 166.3407049924135 12.59894660115242 55.51217827945948 7.111764639616013 0.4325258433818817 0.1618065237998962 0 8.207896828651428 0.1890815496444702 1.068500399589539 120.8395768105984 1.180093005299568 0.1147108003497124 0.1961465701460838 5.73343463242054 1.045629188418388 1.969166100025177 0.4332931935787201 0.652344323694706 2.717815473675728 33.07850155979395 90.49046730995178 11.09674898535013 18.10310918092728 12.08483216911554 143.4868901073933 2.527185074985027 15.11308317631483 3.733300261199474 2.240410178899765 2.23198614269495 0.8871927186846733 0.8810953050851822 5.570745550096035 28.1423621326685 62.73243686556816 0.7672611773014069 77.98960614204407 27.8285010010004 99.38289321959019 28.61323982477188 7.523107886314392 0.3724132180213928 537.0499138087034 2.924737177789211 116.3604723513126 12.29750224202871 0.1153139993548393 1.638013184070587 3.680205643177032 0.8724851831793785 0.8576168566942215 2.263975195586681 2.346370950341225 1.176223315298557 1.062834993004799 6.985848985612392 3.419076628983021 0.8169996067881584 3931.360224470496 232.1882757842541 9.868587732315063 54.31194661557674 65.84894527494907 0 3.1165571808815 0.5895023494958878 1.260109275579453 0 6.548453256487846 8.210003763437271 5.386908158659935 16.8087392449379 48.38998408615589 0 99.7137238830328 107.5796646624804 161.6888128370047 91.62656886875629 5.494415000081062 4.161063730716705 0 2.475082695484161 0 0 0 0 0 0 0 0 0.3953933119773865 0 0.3200669586658478 0 0.2004222422838211 0 0 1.874903753399849 0.6039018929004669 0.2285818606615067 0.7305620014667511 0 35.50036080181599 8.127707049250603 29.78290160000324 12.20677807182074 0.6305233538150787 0 0 0.1181066334247589 0.717002660036087 3.605572104454041 3.580099329352379 0 0.9592348411679268 12.47875154018402 0 0 0 0 0.3188453316688538 0 0 0 1.190939262509346 1.289248242974281 0 2.233411550521851 0.8663698583841324 34.19974540174007 2.129701212048531 0.4708418846130371 1.326678693294525 0 0 0 0.2106569185853004 0 0.5073589086532593 273.6951813027263 7.179961815476418 0 0 0 2.361401081085205 5.552566975355148 7.851305603981018 2.716852337121964 2.319697111845016 5.811360776424408 4.100645124912262 4.349677041172981 1.527154088020325 0 0 0.1860109269618988 0 0.1436494886875153 0 0.1462317705154419 135.637281820178 110.2572716921568 28.59170135855675 704.2124614194036 48.20267831534147 276.8130364120007 86.11202819645405 594.0930416360497 31.95486921072006 6.723609313368797 204.1883877143264 28.95450600981712 0.2515600323677063 15.75291688740253 1.097978726029396 42.57300318777561 1.497193068265915 0.3221997171640396 1.727932557463646 2.268639594316483 0.4051560759544373
161.3743167221546 320.8444578647614 265.0015413537621 822.2148935645819 46.80429565161467 249.1845195889473 79.74056494235992 1827.561010599136 1430.337298445404 1928.366683475673 6135.290605261922 1604.595082968473 2492.17270565033 0 172.1613567844033 185.0177886635065 3.023687973618507 0.5570278763771057 0.3770935386419296 0.4721387103199959 3.69908232986927 0 1.067211128771305 1.754095911979675 53.45563472062349 1.856415063142776 7.960697442293167 1.432420462369919 0.4120265394449234 3.918189361691475 145.1132871136069 11.63392373919487 1777.929649628699 0.1534964144229889 1.803083345293999 150.1143374294043 1010.907268717885 121.7700549736619 11.49991564452648 69.12758286297321 4.484461858868599 4.418928191065788 0.4655679762363434 18.57284374535084 0.5187958925962448 2.201682135462761 344.5977929383516 2.294010400772095 0.6596406996250153 1.105521075427532 34.93612407147884 0.8044754862785339 0 0 1.372573621571064 3.600541658699512 44.67611882835627 99.41455951333046 20.96397070586681 32.82044585049152 5.751426212489605 247.5236057639122 9.527055099606514 64.28300148993731 4.430491074919701 2.393670685589314 4.027128033339977 1.86198241263628 1.311714351177216 20.55411238968372 96.81082244217396 13.94024646282196 0.2900494635105133 117.7349683493376 59.05383487790823 242.5630921944976 94.53505079448223 40.86238368600607 1.970017604529858 1838.806061327457 6.217714056372643 56.11954861879349 21.19609819352627 0.3819383382797241 1.831392452120781 7.851435549557209 1.079638712108135 0 3.280979871749878 0.1101520955562592 2.207004509866238 1.714833408594131 28.66724026948214 14.08796981722116 2.593903385102749 2080.091921001673 14.58819684386253 0.2102745473384857 0.295816034078598 37.45466573536396 0 5.343156769871712 0.8012192845344543 3.060625314712524 0.7596738189458847 7.299490749835968 9.527123436331749 6.631728604435921 14.15804360806942 49.64137925207615 0.383936420083046 88.28948692977428 97.90479519963264 176.6358781307936 85.34589065611362 6.096278145909309 4.228014081716537 1.040266185998917 1.422403439879417 0 0 0 0 0 0 0 0 0 0 0.7292075157165527 0 0 0 0.2768409848213196 1.905754089355469 0.90967658162117 0 0 0 30.96495315432549 11.96245382726192 25.89639046788216 9.387635610997677 0.9403462558984756 0 0 0 0.534619927406311 3.394024059176445 5.782856687903404 0 1.17122507840395 10.10900674760342 0 0.6026579737663269 0.7374441921710968 0.7952604368329048 0.2903035283088684 0 0 0 1.319172918796539 0.1479498893022537 0.3846064507961273 3.452375665307045 1.37072716653347 36.31379377841949 1.736437737941742 0.5923247337341309 0 0.2717090994119644 0.1406584829092026 0.3241076171398163 0.2452681288123131 0.5193066596984863 0 272.2526643201709 1.175906732678413 0 0.2801509201526642 0.3806848749518394 1.792964443564415 10.71761825680733 11.87297824025154 1.589752286672592 3.28685687482357 5.483216196298599 0.9048626273870468 3.374104142189026 0.8663888722658157 0 0 0 0.4365431293845177 0 0 0 116.9738068580627 89.23291769623756 26.25098756700754 1504.920735746622 99.03739362955093 664.0677741989493 224.0014070570469 487.8345819115639 70.81899406760931 7.623505488038063 435.7624021545053 36.87536552548409 1.235755331814289 24.61694552749395 5.143716648221016 47.64512100815773 1.34093365073204 1.408330410718918 5.341911345720291 17.1624464392662 1.58067099750042
0.8526211827993393 10.12678837031126 9.928534328937531 6.383580431342125 35.80405693501234 0 73.00975824147463 51.02617893368006 147.1866172552109 28.0501457452774 68.58026239275932 6.793040856719017 50.85199705511332 172.1613567844033 0 4376.014574892819 402.3170113191009 21.32527340948582 110.7234296873212 2.802172817289829 2.795415602624416 0 1.508124083280563 0.8355228304862976 29.30861382186413 1.09016128629446 2.424166023731232 0.6966877952218056 0.5218382626771927 0.5306224748492241 12.03465224057436 6.622977092862129 109.7845382466912 0.8753085285425186 0.5906457230448723 22.6573278978467 129.5164704695344 34.2333617657423 40.62488945573568 39.18406357616186 3.076723411679268 4.52806980907917 21.66960095614195 948.5516845062375 40.72372295707464 133.8421580940485 543.0107840970159 26.2093870639801 70.17360254377127 120.9151669368148 10.14548238366842 0.290482833981514 0.8154620230197906 1.739333920180798 0.8438643291592598 0.5678548961877823 1.344895988702774 6.487816400825977 0.2177402079105377 497.8281681910157 94.75685235857964 88.42706526815891 13.23474024236202 7.610342092812061 1.290277525782585 3.662238836288452 6.263158246874809 29.12949129194021 34.25097434967756 46.18686024099588 14.67784737795591 7.397872596979141 0.4367925450205803 139.606432184577 14.55640868097544 1352.693366229534 350.2150544524193 1030.071099072695 39.18631122261286 217.5682612136006 62.15921621024609 247.0256833210588 11.97265761345625 0 2.45777390897274 2.513620927929878 74.34488070011139 0.1228394359350204 2.341108307242393 0 1.339141570031643 2.193537056446075 27.30065273493528 1.20347747951746 3.214754305779934 5.900907248258591 1.340758867561817 0 2.583917036652565 0.2734162956476212 0 0 0 0 0 0 0 0 0 0 0 0.5449309349060059 0.3742799386382103 1.07093022018671 0.7135466933250427 0.131986066699028 0.6263372302055359 0 0 0 0 0 0 0.126685842871666 0 0 0 0.1056589037179947 0 0.1759558767080307 0 0.2204580083489418 0 0 0 0 0 0 0.07995934039354324 1.983341284096241 0.11717689037323 1.136948466300964 4.448931902647018 0.786849208176136 0 0 0.1169561594724655 0 0 0.6574619710445404 0 0 0.9903965443372726 0 0.1454090774059296 0 0.101906530559063 0.6505011022090912 0 0 0.3324154764413834 0 0 0 0.1175995320081711 0 0.1130109652876854 0 0 0 0.6599062234163284 0.393633633852005 0.2442011386156082 2.261044964194298 0 0.1825317889451981 7.840443730354309 1.675686351954937 0.1215810775756836 0.144831120967865 0.5181087478995323 0 0.1389682441949844 0.09165322780609131 0 0 1.140896812081337 0 0 0.8368655145168304 0 0 0.1417242288589478 0.8780173659324646 0.8097399026155472 0 0 1.663233682513237 3.492452397942543 4.970069386065006 119.4539743512869 27.07649667561054 187.5658110007644 19.57049350440502 7.330975592136383 2.680126287043095 0.6210644394159317 43.0961272791028 3.237587936222553 0 0.9097241684794426 0 0 0 0 0.444189265370369 0.9078690558671951 0
