0 2734.584848940372 1160.968599021435 940.8842021673918 222.3007272854447 407.1521021127701 1018.571230687201 501.9283991679549 90.7424429282546 1220.679662488401 741.9666209518909 167.1973280087113 317.1541585102677 120.9788441210985 10.26217912137508 4.063344746828079 0.4334602057933807 0 0 0.4179626405239105 0 0.139547735452652 0 0 0.269586406648159 0.1538006067276001 0 0 0 0 291.8261567354202 15.23092206567526 12.67908846586943 0 0.1352143585681915 0.8630464673042297 19.26178818941116 0.6717631071805954 2.155420549213886 1.04282034188509 0 0.3285145610570908 0 1.517211109399796 0.1524306088685989 0.4520750269293785 25.17593741416931 2.576592959463596 0.5877437591552734 0.7202690616250038 2.260404333472252 0.8701099008321762 0.6594047397375107 0.1410253196954727 1.496980383992195 2.509859643876553 383.6908230856061 451.1164477542043 61.23464921861887 12.30238147079945 0.8588787615299225 0.5511729717254639 2.872600972652435 5.265098392963409 2.519579835236073 1.742202058434486 1.398728214204311 1.791878797113895 0.6092606037855148 1.781699530780315 45.8982650488615 12.58851557970047 0.7876061499118805 130.1532084345818 68.25999684631824 18.91563856601715 8.203232102096081 1.702610090374947 35.84306978434324 86.16405368596315 1.561795450747013 41.76676493138075 7.602830685675144 1.701230607926846 0.109228327870369 3.727213926613331 0.779129296541214 0.9839293360710144 2.839482061564922 3.012360855937004 1.175848089158535 0.4159939140081406 0.9450820609927177 0.1170197799801826 0.8300583735108376 238.1448225975037 3.782345175743103 0 1.713280618190765 1117.301839150488 0 0 0 0.7059924006462097 0.6684240028262138 9.082626491785049 4.130502134561539 1.803514957427979 53.81794139742851 10.30300861597061 0 9.010602593421936 8.279842473566532 7.841862246394157 0.9522629976272583 0.2516766488552094 0.493164598941803 0 1.862661451101303 0 0 0 0 0 0 0 0 0 0 0 0 0 0 0 0 0 0 0 0 3.950189799070358 0 0.8586492985486984 0.1799034029245377 0 0 0 0 0 0.1257884800434113 0 0 0.153283029794693 0.2489881217479706 0 0.2847837805747986 0 0 0 0.2470554262399673 0.1251951456069946 0 0 0.1021816581487656 0 0 0 0 0 0 0 0.1089895144104958 0 0 0.1480108350515366 0 0 13.44382859766483 0.2497627586126328 0 0 0 0.2092836052179337 0 0 1.236868739128113 0 0.413190633058548 1.29737912863493 0.2106371819972992 0 0 0 0 0 0.1150900572538376 0 0 3.295084342360497 0.1442393660545349 1.599514618515968 251.2598813325167 13.71943432092667 75.47897842526436 13.51003087311983 1650.474400043488 26.95270715653896 1.07713108509779 22.40195060521364 1.713693335652351 0 0.9697382748126984 0 11.5085808634758 0 0 0 0.3152599930763245 0
2734.584848940372 0 1566.135098360479 1952.429315000772 4013.064757175744 292.9191388487816 6148.494010098279 2263.120359130204 1096.013710014522 503.4514164924622 4371.802695937455 45.37655857205391 442.5859272778034 649.2812022715807 60.86514300853014 10.54852735996246 1.234769284725189 0.9226752743124962 0.1248714253306389 0.846233919262886 0.5551370084285736 0 0 0.2893941700458527 2.198036730289459 0.6736575365066528 0.3448634743690491 0.09754226356744766 0 0 1530.966329447925 68.1280580163002 40.73839336633682 0.7760967463254929 0.2278681546449661 2.514427378773689 16.45725008100271 0.3957704901695251 2.096326768398285 1.583293773233891 0.9727247282862663 0.3763041943311691 1.13579535484314 4.51528924703598 0.3545828461647034 1.829755462706089 202.0632163584232 14.13801766932011 1.484310895204544 1.537359967827797 6.582561880350113 0.3554109036922455 0.1189419701695442 0 4.472803607583046 8.643558762967587 432.2376431971788 641.9061787500978 120.9606565460563 97.05341533571482 0.9773268699645996 2.940437346696854 8.620930813252926 75.38426348567009 10.87245911359787 6.789477102458477 8.134780041873455 6.793850377202034 4.72478161752224 2.656281866133213 6.45309042185545 2.890327081084251 0 303.923721589148 245.8379978239536 154.1405356228352 50.9727351590991 9.015216000378132 177.2400149852037 218.4914829656482 8.770722173154354 136.2286559045315 38.15007687360048 0.9710524156689644 1.342548720538616 18.35118471831083 1.986961722373962 0.4201544523239136 9.488371297717094 0.3546008318662643 3.635250993072987 1.64604327082634 3.084962941706181 0.1898275911808014 0.9953543245792389 41.90479917824268 0.5466579794883728 0 0.1407851725816727 845.2462893500924 0 0 0 0 1.877983674407005 15.32074190676212 0 2.459889754652977 37.23981122672558 8.578915879130363 0.6907911598682404 16.73686426877975 9.439419388771057 11.1283131018281 5.788043491542339 1.673396125435829 0.4463528245687485 1.0616315305233 0 0 0 0 0 0 0 0 0 0 0 0 0 0 0 0 0.8067660182714462 0.3050846830010414 0.2566839456558228 0 0 11.56094861030579 0.1352493464946747 2.89689776301384 0.7449354976415634 0.3851861208677292 0 0 0 0 0.4567435532808304 0.5280117690563202 0 0.1403266042470932 3.231811039149761 0 0 0 0 0.1122708916664124 0 0 0.1073234900832176 0.4762019515037537 0 0 0.2720009684562683 0 2.293166980147362 0.1445566564798355 0 0 0.4529629871249199 0 0.1500462293624878 0.1965579837560654 0 0.2046823650598526 16.77311693131924 0.1327901780605316 0 0 0 0 0 0 0 4.58758333325386 1.212492190301418 0.1730083525180817 0.7123675495386124 0.2156102061271667 0 0.2423912733793259 0 0.1411227732896805 0.2888130098581314 0 0 1.033632583916187 2.239747144281864 4.765396900475025 481.8703008964658 66.7589719966054 472.7894911691546 89.17973869293928 1184.67891728878 100.0183377042413 5.742175608873367 109.0376945361495 5.676489017903805 0.2218560427427292 3.445716418325901 0.6161713376641273 5.068092316389084 0 0 0.8426713049411774 3.55928947031498 0.1577701717615128
1160.968599021435 1566.135098360479 0 33.99540382623672 319.0001152530313 0 138.7428292110562 3052.30365293473 344.624425791204 15.99603518098593 2251.242218956351 7.359395191073418 71.53161846101284 310.4884418472648 47.63641963154078 19.20301449298859 16.96909067779779 28.81705432385206 5.9351616948843 51.83809605240822 7.829796001315117 0.9550065621733665 2.76662078499794 1.210250943899155 28.08915545046329 2.848946943879128 0.1193447411060333 2.017042636871338 0.2793532013893127 0 5143.15399005264 1799.889055721462 32.88187838345766 23.89848770201206 2.118163295090199 40.67969426512718 33.11309277266264 24.64769212156534 36.85710776597261 32.83543719351292 9.527882218360901 7.38684955239296 26.68809019774199 12.81871003657579 11.49101902544498 52.09869608283043 132.5983713194728 18.95499261468649 6.768695533275604 104.1839258894324 22.15636949986219 2.753798685967922 1.300352774560452 2.786324374377728 3.007769800722599 5.016830161213875 248.4689770340919 1229.02159254998 80.21931108087301 69.60702459514141 52.42946067452431 23.19719702005386 69.50149609148502 1041.003818906844 8.180580370128155 27.53794751316309 11.19192459434271 79.81849664449692 202.7989967986941 60.95469345897436 16.52273505926132 10.74206736683846 0.358035996556282 260.9791000857949 855.9892287626863 131.0834404453635 76.83302547037601 35.81531129777431 963.6477244198322 568.7625053524971 174.5556203201413 741.8582911044359 31.51065319031477 1.091700427234173 4.345972329378128 15.62226954847574 126.2040672823787 0.1862390786409378 8.557209424674511 1.327487766742706 2.976113550364971 1.420219302177429 32.34804301708937 1.309354268014431 10.34933680295944 3.872584983706474 0.340779036283493 0 5.809268422424793 1051.950134083629 0 0 0 0 0 0.6805118024349213 0 0.3271579444408417 0.4079438745975494 0.2302647978067398 0.5190141797065735 1.435501605272293 2.525405891239643 3.496206723153591 0.5770596340298653 1.306513085961342 1.727730110287666 0 0.2672624662518501 0 0.1487950682640076 0 0 0.508852481842041 0 0.6053661927580833 0 0 0 0 0 0 0 0 1.001148700714111 0 0 0 0.1851778626441956 5.814937502145767 0 3.622294276952744 3.919895641505718 0.8960499987006187 0.3876050710678101 0.1135329157114029 0.1156660318374634 0 1.01386758685112 1.110925987362862 0 0.5116848349571228 1.466491833329201 0 0 1.139964640140533 0.1293277442455292 0.9070874825119972 0 0.2099820375442505 0.2014740854501724 0 0 0 0 0.126630038022995 0.7714062035083771 0 0.2650051116943359 0 0 0.1334571987390518 0.3820282146334648 0.2397090643644333 0 0.4201540499925613 7.732455886900425 0.5774809122085571 0.3014332056045532 1.408369138836861 0.7181073054671288 0 0.3715662956237793 0 0.9960723668336868 0.3159090876579285 1.784568578004837 0.9409440159797668 0.9865395426750183 0.3437889963388443 0 0 0.2985651791095734 1.512512058019638 0.627031110227108 0.09686034172773361 0 0.1413135528564453 1.906278908252716 12.6665238365531 113.8007593527436 46.67387823015451 207.2848438099027 40.28666562587023 164.8037721291184 44.06886079162359 2.167611852288246 39.72226656228304 7.628707520663738 1.524744421243668 3.353956714272499 0.1232767775654793 5.345971673727036 0 0 0.9512907117605209 2.093563944101334 0.4144213497638702
940.8842021673918 1952.429315000772 33.99540382623672 0 353.1553401499987 155.6089464277029 764.5386687517166 56.94833545386791 216.4922859743237 2217.392308115959 206.9318062439561 1111.272406257689 3480.593704715371 82.09266903996468 4.131937481462955 0.3305953145027161 0.2527776062488556 0 0 0 0 0 0 0 0 0.235486313700676 0 0.1093806549906731 0 0 45.42733973264694 2.939542144536972 1.462991431355476 0 0 0 5.697291314601898 0.1378326267004013 0.6604171246290207 0 0 0 0 0.2480167672038078 0 0.162810206413269 34.2553738579154 3.030954241752625 0 0 0.8487768247723579 0 0 0 1.812234602868557 0.7108902782201767 70.20069855451584 60.68509183079004 24.47757907956839 14.88403128087521 0 0 0 7.192494370043278 1.390773981809616 1.919163785874844 1.145767293870449 0.5325726866722107 0 0.1222575008869171 128.1934349685907 0.4583671391010284 0 46.24241058528423 39.96981351822615 18.58615258336067 2.949655972421169 0.1461869329214096 0.2842967659235001 1.014475136995316 0.2906730175018311 1.043681800365448 10.84941040724516 0.1109307482838631 0.2310878559947014 4.052220664918423 0.2509817183017731 0.09514744579792023 2.738184727728367 0 0.3369899466633797 0.09052080661058426 0 0 0 79.04846043884754 0.1317598670721054 0 0 100.8784891217947 0 0 0 0 0.2090692073106766 7.766339898109436 0.7654719352722168 0.5441024750471115 209.7633237987757 4.350714504718781 0.1261612325906754 8.313828870654106 4.595910936594009 3.073499172925949 0.1791820228099823 0 0.4100740700960159 0 0 0 0 0 0 0 0 0 0 0 0 0 0 0 0 0 0.732363224029541 0.2544110119342804 0 0 0 1.748704425990582 0 1.126970589160919 0 0 0 0 0 0 0 0 0 0 1.174638956785202 0 0 0 0 0 0 0 0 0 0 0 0 0 0.5331937372684479 0 0.3491283059120178 0 0 0 0 0 0 0.1375193744897842 4.262159764766693 0 0 0.09987382590770721 0 0 0 0 0 0.3319068849086761 0.1542108952999115 0 0 0 0 0 0 0 0 0 0 1.271862275898457 0 2.868852078914642 96.19310585409403 11.38881035894156 83.75652610510588 10.49218747764826 456.2288843020797 18.57397644966841 0.819649338722229 11.31506685912609 0.7106957286596298 0 1.518863707780838 0.1519602239131927 0.7273814678192139 0 0 1.469676405191422 0 0
222.3007272854447 4013.064757175744 319.0001152530313 353.1553401499987 0 33.59178681671619 3417.322718530893 482.766802996397 5066.287987671793 419.4738026559353 1660.695887744427 150.3171344846487 967.0038351714611 786.1622260659933 136.7193987667561 16.5664087086916 0.61393953114748 0.8201819881796837 0.2268443778157234 0.2287506014108658 0 0 0 0 1.587763890624046 0.5991326496005058 0 0.1154133602976799 0.3933455497026443 0 88.57617937028408 39.26518923044205 5.976488441228867 0.3555538058280945 0 1.060470849275589 19.17936579138041 0.6519016623497009 2.193644501268864 0.8981284499168396 0.3278346806764603 1.114338062703609 0.2894261032342911 2.512557446956635 0.0931616872549057 0.515244334936142 235.1009388193488 7.117688238620758 0.9382819756865501 1.34411808103323 4.149038299918175 0.3891556560993195 0 0.1574191898107529 3.513835750520229 6.776863545179367 68.52760997414589 72.72932341694832 36.94008456170559 104.6804650574923 0.6185417100787163 1.184067584574223 0.1026522070169449 93.61644463986158 6.618289262056351 7.596139021217823 6.716042004525661 5.783276207745075 1.804647229611874 0.9116998091340065 17.53425950556993 3.928849831223488 0 98.32333420217037 83.10851712524891 266.9112346619368 92.06735795736313 4.485780887305737 17.30041429400444 22.32686015218496 2.62886381149292 22.38437458127737 25.59530679881573 0.6185653433203697 0.3360634744167328 13.35695192217827 1.360325396060944 0.4513185918331146 7.982726640999317 0.4552261084318161 2.733516789972782 1.291183203458786 2.778170354664326 0.8067939803004265 0.6633534133434296 226.3153818249702 0.1475140303373337 0 0.9005159437656403 28.21695032715797 0.1570845246315002 0.1241788193583488 2.052386492490768 1.327826872467995 5.044818125665188 45.09143428504467 4.626407489180565 12.68310666829348 22.18530070781708 44.42360252887011 2.707214377820492 71.9426357448101 64.01184508949518 42.53462171554565 18.04501761496067 4.31722342222929 2.555764958262444 0.1595342755317688 1.313707128167152 0 0 0.5742951631546021 0 0 0 0 0 0.2075802832841873 0 0 0 1.271722495555878 0 0 4.7037323564291 1.071910172700882 0.1358753889799118 0 0 30.30326355993748 0 13.43153093010187 5.107971802353859 0 0 0 0 0.3588100671768188 0 1.182441078126431 0 3.741541594266891 9.611354611814022 0.4241834580898285 0.1025200113654137 0 0 0.21233269572258 0.1284684091806412 0 0.4112122729420662 1.899575889110565 0.1128455251455307 0 0.3413268029689789 1.582450211048126 4.083623856306076 1.681269280612469 0.1413850337266922 0.1598712354898453 0.0974673256278038 0.1081491634249687 0 0.1140307039022446 0 0 83.93745804578066 1.067486360669136 0 0 0.2532042115926743 1.064783237874508 0 0.3819646537303925 3.661428332328796 0.8235196322202682 7.011241912841797 2.653919503092766 2.769480913877487 0 0.1137005537748337 0 0 1.377357102930546 0.2186822891235352 0.1438325792551041 0 15.93854970484972 2.243360072374344 17.80806790292263 601.6370714753866 82.89582397788763 480.2920033708215 125.5815257504582 363.2433505952358 85.19288814812899 6.502832628786564 157.6103989556432 27.71069765836 1.739231660962105 23.4756433069706 2.768120363354683 18.15276646614075 1.781828075647354 0 8.989564888179302 9.54056204110384 1.293191343545914
407.1521021127701 292.9191388487816 0 155.6089464277029 33.59178681671619 0 237.4489767104387 0.9605742543935776 30.45450048148632 488.0303031951189 2.097077459096909 232.487798050046 248.1791847795248 30.74917252361774 0 0 0 0 0 0 0 0.5690271854400635 0 0 0 0 0 0 0 0 1.724743783473969 0.4521502405405045 4.210198998451233 0 0 0.2254909425973892 46.2862526923418 1.499170362949371 5.099725216627121 0 0 0 0 0 0 0.125895693898201 2.95273856818676 0.1376538574695587 0 0 0.1167714446783066 3.776054844260216 2.378439694643021 0 0.1773580014705658 3.907404333353043 43.87678388506174 8.887461200356483 3.048281148076057 0.8037603199481964 0 1.505822256207466 0 0 0 0 0 0 0 0 104.8871277570724 32.55924364924431 6.055612191557884 7.368530191481113 2.60344497859478 0.3143957555294037 0.3065708577632904 0 0 4.1302370429039 0 2.347553446888924 0.7272342965006828 1.825264364480972 0 0.3719847723841667 0.3732066452503204 5.492458380758762 1.287713512778282 12.81874996423721 0.3960900008678436 5.605828911066055 0 0 0.2204688936471939 253.4251320064068 5.288714393973351 1.481727093458176 9.632383346557617 456.5186944454908 0 0 0 0 0 0 0 1.288618505001068 8.622704267501831 4.885531425476074 0 2.953880935907364 2.178558975458145 3.644925475120544 0.7981370761990547 0 0 0 0 0 0 0 0 0 0 0 0.766282320022583 0 0 0 0 0 0 0 0.1746336668729782 0 0 0 0 0 0 0 0 0 0 0 0 0 0 0 0 0 0.6426631659269333 0 0 0 0 0 0 0 0 0 0 0 0 0 0 0 0 0 0 0 0 0 0 0 0.7346667349338531 0 0 0 0 0 0 0 0 0 0 0 0 0 0.4078992903232574 0 0 0 0 0 0 0.4302962124347687 0 0.9390871822834015 7.114587619900703 0.7810998857021332 7.885065197944641 0.4470063894987106 335.421504124999 3.271542385220528 0.4391474574804306 0.717730849981308 1.296395197510719 0 0.6691905558109283 0 0 0 0 0 0 0
1018.571230687201 6148.494010098279 138.7428292110562 764.5386687517166 3417.322718530893 237.4489767104387 0 72.90192373096943 2706.5201465711 2459.786139249802 504.6942659988999 564.0126381888986 5890.056644208729 1226.692338742316 141.2742635458708 21.20125659555197 1.439556315541267 0.9258567169308662 0.3595016002655029 0.3966164067387581 0.8071893006563187 0.6863254457712173 0.1110476478934288 0.1008312925696373 3.428926944732666 0.6231370940804482 0.1493668407201767 0.524226687848568 0 0 142.8830287232995 38.99010722339153 15.1110754981637 0.09504157304763794 0.2389195039868355 1.044624142348766 27.34196761250496 1.23334976285696 3.173217482864857 1.520994022488594 1.105786859989166 0.9860453531146049 0.1244285702705383 3.918879717588425 0.6930636614561081 0.8420301228761673 343.4063446894288 16.13537704944611 2.23536741733551 1.479042053222656 10.679992005229 0.416376419365406 0 1.04064229875803 6.024375230073929 15.39786077290773 215.1326560527086 222.5561288520694 78.41090188920498 153.0996480286121 0.5144898369908333 2.898893617093563 1.431942313909531 97.4083236604929 14.14689444005489 11.84233153611422 13.82313574105501 8.997008740901947 4.377260252833366 2.608654096722603 49.69788724184036 9.422590166330338 0.5005957707762718 243.8122468069196 189.2583085596561 300.7019238099456 112.8387949094176 6.109628289937973 7.309066593647003 18.34445470571518 2.786748088896275 21.46020832657814 48.4068583548069 2.333977557718754 0.9980374649167061 30.48951123654842 1.596141293644905 1.324006415903568 19.58024661242962 0.9720407500863075 3.623372927308083 1.091011226177216 2.270280554890633 0.5406124144792557 1.274689607322216 771.4395991936326 0.7353569567203522 0 2.494125537574291 198.9799754098058 1.17861694842577 1.434640169143677 6.151962906122208 4.518622100353241 16.98667040467262 129.8850308209658 18.1459379568696 24.19351752847433 76.17232148349285 118.2294837385416 7.230872750282288 181.4031070247293 180.8821807727218 118.432027772069 39.98957741260529 10.06854037195444 6.40323868393898 0.3378080502152443 0.1211287006735802 0.4052325189113617 0 0.8733848929405212 0 0 0 0.1359547823667526 0 0 0 0 0.2613394260406494 0.6012925505638123 0 0 7.036979958415031 2.901244014501572 0 0 0 67.57853242754936 0.7073729932308197 23.40124105662107 5.374910652637482 0.6987106576561928 0 0.1143186017870903 0.1813879162073135 0 2.224287919700146 4.182523414492607 0 4.657993257045746 28.59169525653124 0.1760932505130768 1.085622191429138 0 0.1743644773960114 0.08833544701337814 0.3805956467986107 0.2610176503658295 0.7257006391882896 0.2287892252206802 2.642519190907478 0 3.073234349489212 0.966187983751297 14.1699448749423 3.610340945422649 0.3792621046304703 0 0.7786283493041992 0.2619099691510201 0.2783420979976654 0.1807859018445015 0 0 192.6415233835578 1.245407223701477 0 0.2034382000565529 0 2.74047376960516 0.1732790768146515 1.484387323260307 6.316049724817276 7.166808500885963 19.91694887727499 6.074222162365913 9.116544015705585 0.5638667419552803 0 0.1225432008504868 0 1.520219847559929 0.4504664391279221 0.1168365851044655 0 38.93348959833384 6.128373108804226 27.81072356551886 840.6564230024815 139.4800056889653 736.0221119746566 174.1738880202174 1285.695403032005 148.9041204079986 11.82246568799019 219.7293909043074 50.21542271226645 2.697868250310421 37.06114399433136 4.611985728144646 49.80598423629999 1.631396844983101 1.334882453083992 12.53670738637447 6.243750661611557 2.2796511054039
501.9283991679549 2263.120359130204 3052.30365293473 56.94833545386791 482.766802996397 0.9605742543935776 72.90192373096943 0 352.5196705684066 7.897669970989227 2905.695520550013 5.695327907800674 62.92003969848156 480.3747972026467 97.17504737526178 29.33103275299072 6.825295262038708 29.19610934704542 3.571927823126316 46.37060268223286 17.19076833128929 0.5104982405900955 2.873789399862289 2.240192994475365 24.19043781608343 2.169278681278229 0.2520392388105392 1.299285896122456 0.1969897449016571 0 1074.556830465794 1498.123204350471 45.69823178648949 16.20035418123007 3.414237052202225 34.89495150744915 17.3395866304636 15.0774452611804 19.54103856533766 17.63555505126715 9.45222856849432 5.480688914656639 32.09316992759705 9.504800893366337 9.096649713814259 45.31255873292685 189.1756832674146 10.47804917395115 4.533258728682995 66.22531356662512 33.719886302948 1.800985895097256 0.8812788650393486 2.594239063560963 2.548491790890694 6.177230127155781 131.8620452433825 256.7083255797625 51.40867994725704 99.09228064864874 114.4058452025056 13.68727181106806 128.3564403653145 263.3169481605291 7.169974848628044 29.18556219339371 9.138545043766499 76.55531515926123 155.6678296551108 70.86334755271673 8.736546233296394 9.704273000359535 0.901803232729435 176.0675963535905 238.4544410556555 219.5216052830219 165.439184166491 188.3300506547093 1556.002293467522 1324.494328953326 625.8374660313129 2009.644473232329 27.90282969921827 0.7600530833005905 2.404260106384754 16.57875876128674 85.04984959959984 0.3526741936802864 9.538558050990105 0.3246643021702766 2.501121267676353 3.116459436714649 43.79191723465919 2.586986146867275 9.09098456799984 4.157254539430141 0.1782399863004684 0 3.246395871043205 86.17051535099745 0 0 0 1.726930975914001 0.2297389656305313 1.40823569893837 0 0.1378693729639053 0.255116730928421 1.073671117424965 0 4.328697144985199 2.066320478916168 5.125369019806385 1.848325341939926 1.944882303476334 0.7018784880638123 0 0.1341525912284851 0 0 0 0 0 0 1.411719501018524 0 0 0 0 0 0 0 0 0.7578036189079285 0.1247315481305122 0.8076744675636292 0 0 7.609191559255123 0 2.42030431330204 2.732381224632263 0.1133293956518173 0.6208215281367302 0.7707251161336899 0.5731339901685715 0 0 2.69934967905283 0 0 1.6715964153409 0 0 0.8059001564979553 0 1.002638474106789 0 0 0 0 0.8966305255889893 0 0.277376115322113 0 0.4259620532393456 0.2648450285196304 0 0 0.2954312786459923 0.0919787660241127 0.1978450268507004 0.2047094628214836 0 0.2259778529405594 9.438348703086376 1.151336044073105 0.1493566036224365 0.2334490790963173 0.5582142174243927 0 0 0 0 0.7192811369895935 1.217709265649319 0.6145969033241272 1.135434620082378 0.7290372624993324 0.1822475790977478 0 0.08976182341575623 1.238810025155544 0.3199099227786064 0 0 0.4417563751339912 2.720145955681801 7.790270611643791 211.6897694841027 55.74559622257948 361.7896388992667 70.90819670259953 126.0296647548676 53.42855853587389 5.402686327695847 67.59440323710442 10.57923130691051 0.5587332919239998 4.098150417208672 0.6745272725820541 1.311154961585999 1.632186338305473 0.1007145717740059 1.733619794249535 4.444315999746323 0.7405875474214554
90.7424429282546 1096.013710014522 344.624425791204 216.4922859743237 5066.287987671793 30.45450048148632 2706.5201465711 352.5196705684066 0 251.7610991597176 3682.30678191781 113.4546967595816 3287.577831938863 1758.214141398668 146.2655631303787 34.43358042836189 0.8456352651119232 1.460243962705135 0.1038163155317307 0.7630352377891541 0.5821546763181686 0.1238580420613289 0 0.1795624941587448 7.376511558890343 1.826230779290199 0.1278411746025085 0.7081827521324158 0.5159084498882294 0 41.2784445732832 43.90989980846643 88.69841452687979 0 1.059971891343594 3.194656491279602 275.6516157463193 5.326319463551044 3.368006326258183 2.809985943138599 0.856678731739521 0.2988831251859665 0.6846420019865036 7.515807218849659 0.3101879581809044 1.482443399727345 162.8864554911852 2.75389689207077 0.7396420910954475 0.5534591674804688 4.749117307364941 0.5924723446369171 0 0.7061251476407051 0.5936483442783356 2.357658624649048 30.49937485158443 24.15685757994652 11.1890090405941 53.5805904045701 0.6130840182304382 2.166284203529358 4.409696996212006 70.69983738660812 2.512233376502991 3.536247313022614 3.419318199157715 5.673774085938931 3.534117564558983 3.33185363560915 47.56896720081568 14.38326767086983 0.1382154077291489 43.21521002054214 38.48032489418983 229.3633318021894 106.9509612172842 12.60228919237852 28.91420596837997 93.34801074117422 5.324606157839298 80.61159373819828 6.76939283311367 0.3211660087108612 0.09201852977275848 6.308530740439892 1.572465278208256 0.1756574138998985 2.310106687247753 0.503067784011364 1.302796632051468 1.154239930212498 3.879457488656044 0.3658715859055519 2.735429555177689 417.0589761212468 0.4550026059150696 0 2.572744965553284 14.74075231701136 0.6961832344532013 1.718540742993355 4.081730738282204 6.409588374197483 13.04825803637505 83.51706685870886 9.251951456069946 13.65173570811749 27.90599160641432 82.65285820513964 7.482451118528843 135.1375518366694 118.9291353076696 108.7360323742032 30.15682738274336 7.504402220249176 6.41158152371645 0.5223887860774994 0.6086492463946342 0.1198234930634499 0 0 0 0 0 0.1913855075836182 0 0 0 0.3524579703807831 0 0 0 0 8.589454405009747 1.87068859487772 0.4331029951572418 0.1456257253885269 0 58.12605863809586 0 19.03981831669807 5.598703518509865 0.5497056096792221 0.1731365174055099 0.1158984452486038 0.3229870796203613 0.1866406351327896 1.550086423754692 4.528353288769722 0 4.143870547413826 27.04243669658899 0.3046135008335114 0.2921132147312164 0.4161411747336388 0 0.9912648797035217 0.1363589763641357 1.665656119585037 0.08851379156112671 0.7605303004384041 1.618870757520199 0 2.77660083770752 0.1948422491550446 12.38090821355581 2.146867863833904 0.5425838232040405 0 0 0 0 0.4687379822134972 0 0.4191382378339767 148.0865141674876 1.079146653413773 0.1421243250370026 0.08717809617519379 0.1290126293897629 2.409161731600761 0 0 6.853722609579563 6.08643052726984 16.28634628653526 2.825137600302696 11.36152816563845 0.1778402924537659 0.3843993544578552 0 0.08096145838499069 0.8599118292331696 0.223305307328701 0 0.2433567494153976 25.01539310067892 4.422232963144779 30.72078184038401 617.8909165784717 64.59666378051043 372.9185094833374 116.8312703445554 196.6237851008773 51.57830690592527 4.535266369581223 189.7320392876863 51.70775785297155 1.158793836832047 37.75251668691635 3.600065343081951 39.18391047418118 4.33085198700428 0.6707640290260315 9.984175436198711 10.70106972754002 0.7330489158630371
1220.679662488401 503.4514164924622 15.99603518098593 2217.392308115959 419.4738026559353 488.0303031951189 2459.786139249802 7.897669970989227 251.7610991597176 0 47.67122253775597 2418.246807903051 6403.383692033589 171.1637560874224 10.29862622916698 1.196484357118607 0 0.2050079852342606 0 0.7427713871002197 0.1307710409164429 0 0 0 0.2513809353113174 0 0 0 0 0 20.85742150247097 4.552193500101566 9.152371898293495 0.6626687347888947 0 0 64.3853485584259 0.9435693621635437 2.411932915449142 0.6901372000575066 0 0.2596864998340607 0 0.0976187139749527 0 0 47.60464983433485 2.911683566868305 0.6641245633363724 0.1083085387945175 1.709442332386971 1.349714055657387 0.08401388674974442 0 1.274399124085903 3.219194144010544 97.00021498650312 63.49996872246265 27.42273127287626 19.58508548140526 0.09621359407901764 0.1262119114398956 0 9.314156010746956 2.87768230587244 1.405402094125748 1.483839273452759 1.090670093894005 0 0.1713740825653076 247.4796730130911 17.70227746665478 0.9285679906606674 53.57964409887791 38.83866211026907 26.14275245368481 8.564060837030411 0.3098770529031754 0.932034395635128 2.815362393856049 0.412146732211113 2.135924600064754 9.289512060582638 1.195484802126884 0.3380085751414299 4.607190676033497 0.3895423039793968 1.357983440160751 2.595847226679325 1.185806915163994 1.432303950190544 0.6243247091770172 0.3192824423313141 0 0.464230902493 617.795361071825 8.556155800819397 2.188201189041138 3.637370482087135 608.1995744481683 1.698483437299728 0.8914608955383301 6.32615527510643 4.99423024058342 6.57626660913229 81.15082655847073 20.65035620331764 14.12546336650848 215.503469362855 130.3528831973672 5.286122761666775 125.5411376208067 115.1951587125659 71.00264191627502 14.78942711651325 1.391077436506748 1.830913409590721 0 0 0 0 0 0 0 0 0 0 0 0 0 0 0 0 0 5.587093122303486 0.3492735028266907 0 0 0 19.77179552614689 0.2470004111528397 3.547754943370819 2.422689482569695 0.3640186190605164 0 0.1225402727723122 0 0 0.2147714197635651 0.8833079189062119 0 0.6961446851491928 5.769723050296307 0 0 0 0 0 0 0.7372978329658508 0.1728738397359848 0.4732967168092728 0.9730341285467148 0 1.278129935264587 0.1250682175159454 3.101146653294563 0.6655407547950745 0 0.4271838888525963 0 0.3198769390583038 0 0 0 0 62.03962057828903 0 0 0 0 0.8430773466825485 0 0 2.114364683628082 1.660673178732395 5.08752429485321 0.6958305388689041 2.474295169115067 0 0.192164272069931 0 0.1486135572195053 0 0.1405651420354843 0 0.1189065203070641 11.11984680593014 0.9563783407211304 4.263512969017029 282.4495252296329 15.47758335620165 123.4018764197826 22.23413011431694 1370.556509003043 28.37145979702473 1.487033531069756 35.65621437877417 19.04151690006256 0.496132880449295 11.83271017670631 1.160959832370281 41.63166376948357 0.9453804790973663 0 1.352764070034027 0.7553307414054871 0.2441331893205643
741.9666209518909 4371.802695937455 2251.242218956351 206.9318062439561 1660.695887744427 2.097077459096909 504.6942659988999 2905.695520550013 3682.30678191781 47.67122253775597 0 26.01561126112938 666.3123169243336 4145.602735921741 146.3269963786006 30.01097881048918 3.335372038185596 1.765074007213116 0.1472286432981491 4.278577253222466 3.960461147129536 0.716211199760437 0 0.7947751879692078 15.5468817204237 2.736112684011459 0.13306725025177 0.3103464245796204 0.3409612774848938 0 402.3512531742454 216.2001920044422 308.1676909327507 2.546670183539391 3.046353906393051 10.52918371558189 65.18031471967697 2.819844469428062 3.889895118772984 4.238877594470978 2.85421347618103 1.391957677900791 1.657822400331497 14.23920563608408 1.512360937893391 5.894059516489506 203.1766622364521 7.437205851078033 2.482218518853188 4.617644406855106 10.0718212723732 0.5043440237641335 0 1.063327454030514 2.495736062526703 5.376482993364334 84.06178678572178 137.6817449182272 35.61103461682796 86.24437543749809 8.008968606591225 5.640259265899658 28.41959124058485 128.0859191119671 6.825604781508446 7.536370933055878 6.089199371635914 19.85749042779207 17.46309861540794 11.31552204489708 14.92027998715639 6.055271312594414 0 112.5855138674378 118.890080653131 277.6018683835864 139.4905584305525 23.92733326554298 1829.99425573647 1433.737979374826 58.77339039742947 2074.800339713693 21.4124860689044 1.261754795908928 0.2859392911195755 10.10803712904453 6.425817623734474 0.09079068899154663 5.35770508646965 0.8970233798027039 5.180217638611794 2.002563379704952 9.597917132079601 2.147181130945683 1.797684714198112 19.72483478486538 0 0 0.72854333370924 50.0845583230257 0 0 0.3540786653757095 0.8824115097522736 0.4633364975452423 9.59932667016983 0.4850091636180878 1.175226837396622 3.030992209911346 2.418103098869324 0.982262060046196 14.97374907881021 6.754590511322021 9.898514278233051 4.229231759905815 2.572212271392345 0.9577809721231461 0.1153284981846809 0 0 0 0 0.1776294261217117 0 0 0.3086235821247101 0 0 0 0 0 0 0 0 0.2144353315234184 0.1468484401702881 0 0.2547707259654999 0 9.442541882395744 0 4.388932250440121 0.1002100333571434 0 0.3188854306936264 0.2710132598876953 0.1099525541067123 0 0.3017513155937195 0.3835337311029434 0 0.5921189188957214 3.645253211259842 0 0.7905897051095963 0.3045070171356201 0 0.1678723990917206 0.1436824351549149 0 0 0.07868495583534241 0.6259217634797096 0 0.2371657341718674 0 1.506918922066689 0.1452115327119827 0.1182928159832954 0 0.1282384395599365 0.173956498503685 0 0.08587406575679779 0 0.1220105662941933 22.30284733325243 3.149089992046356 0.1342287063598633 0.2404738590121269 0.2666014581918716 0.7179147750139236 0.2997338771820068 0 0.4272436425089836 0.4690364599227905 2.012278907001019 0.1186216548085213 0.7995073869824409 0.4196491464972496 0 0 0.1117450073361397 0.9054873585700989 0 0 0 1.325521185994148 2.327365353703499 5.682290308177471 333.2108008861542 66.09795793890953 364.4467349499464 96.91278974711895 134.5307921469212 63.19919387996197 5.605414316058159 121.2931541725993 9.014129653573036 1.106233991682529 7.838519908487797 0.3203262537717819 4.033504739403725 0.1884848326444626 0.3915952742099762 3.142391234636307 5.289537504315376 0
167.1973280087113 45.37655857205391 7.359395191073418 1111.272406257689 150.3171344846487 232.487798050046 564.0126381888986 5.695327907800674 113.4546967595816 2418.246807903051 26.01561126112938 0 2973.222664736211 125.5271031558514 15.3610420152545 9.865096487104893 1.050657406449318 0.1414760500192642 0 0.2857547998428345 0.4469730257987976 1.05181673169136 0 0 2.176635198295116 0.5249699652194977 0.1190226525068283 0.1291921436786652 0.1288806796073914 0 4.344676576554775 9.348912812769413 59.77785369753838 0.1583211272954941 0 0.8880392387509346 811.0506544411182 17.6985986083746 13.47839490324259 5.211288884282112 1.222197383642197 1.062792181968689 0.1564103811979294 4.548236064612865 0.4336005300283432 1.257795967161655 20.72799694538116 0.2383253574371338 0 0 0.9459706246852875 6.580402590334415 4.102504447102547 0.8354649841785431 0.5281122326850891 0.4738403484225273 14.32473166286945 4.881005376577377 3.237810455262661 5.316341780126095 0.9600615948438644 7.234644830226898 0.3271923810243607 5.576229736208916 0.42897729575634 0.1860442385077477 0.2582381218671799 0.3013617098331451 0 0.4596744999289513 186.1907375454903 123.2948196828365 2.242067992687225 9.40839621424675 5.995489850640297 18.35320342332125 12.84733974933624 5.713884875178337 1.606404758989811 30.93110319972038 4.682878687977791 20.48479259759188 2.464072316884995 0.4183280766010284 0 1.316706031560898 0.6016663834452629 0.7488700747489929 1.039990477263927 3.096448548138142 2.959216997027397 6.706769332289696 0.4620874375104904 1.321594953536987 3.614996366202831 2242.500327259302 91.30766931176186 9.005726769566536 23.83325007557869 59.77079424262047 1.184916354715824 0.4578626304864883 4.267448410391808 2.200304359197617 11.47292096912861 80.87358792871237 7.27013972401619 20.07664024084806 43.35045486688614 89.97926737368107 9.771846279501915 139.2826787382364 145.3787644505501 135.0813617259264 41.6732250675559 4.022982031106949 5.235679037868977 0 1.035707980394363 0 0 0 0 0 0 0 0 0.2483282536268234 0 0 0 0 0.1780060231685638 0 6.949264712631702 4.142226867377758 0 0 0 69.31004796922207 0 16.78458973020315 3.354705512523651 0.6690745279192924 0.2957628667354584 0 0 0.4695014804601669 1.829687632620335 2.67972432076931 0 3.952260985970497 18.67369827628136 0 0.1358003616333008 0 0.320763573050499 0.1956061869859695 0.1536058038473129 0 0.1823638528585434 1.346249990165234 0.659480482339859 0.2186611741781235 0.4904401227831841 0.5683941841125488 8.303146496415138 3.513756014406681 0.3192822635173798 0.1468927562236786 0 0 0.2685145139694214 0.2797884494066238 0 0.2254381328821182 190.8915106579661 4.797170795500278 0 0 0.4433718025684357 1.715209566056728 0.1413025856018066 0.4403056651353836 4.064623847603798 5.221844397485256 16.63867789506912 2.019256599247456 6.136521719396114 0.3331320285797119 0 0 0 0.3181614577770233 0.2443766593933105 0 0.46781937032938 51.12978585809469 14.63768576085567 22.63581422716379 194.948947429657 12.2707454264164 77.99021697044373 17.33041471242905 295.8512349054217 6.393127307295799 0.975503996014595 70.91531544178724 43.61359614878893 2.602786935865879 38.60843406617641 1.942525520920753 28.82519076764584 1.304838076233864 0.1919046193361282 9.450973391532898 0.9390824139118195 1.777974799275398
317.1541585102677 442.5859272778034 71.53161846101284 3480.593704715371 967.0038351714611 248.1791847795248 5890.056644208729 62.92003969848156 3287.577831938863 6403.383692033589 666.3123169243336 2973.222664736211 0 1306.715317465365 162.5721357017756 65.94602201879025 9.678731955587864 2.836944557726383 0.09229009598493576 1.318287901580334 2.550006851553917 13.07447223365307 0.1448872089385986 0.6719439029693604 16.66642200946808 1.790805876255035 0 1.76252706348896 0.1216139271855354 0 31.82910266518593 59.98863594979048 530.8214064463973 0.3533022105693817 0.7266156524419785 8.834417924284935 1151.616057232022 79.54486453533173 93.87452924996614 42.70735173672438 6.835551120340824 4.546379521489143 0.6712582185864449 33.41928937286139 3.120998315513134 10.45331591367722 147.8863925859332 2.594775728881359 1.277717426419258 2.699985831975937 10.16918562352657 28.01069511473179 31.59817039966583 3.258312575519085 0.7999379113316536 1.853905700147152 41.61682303994894 31.19887837767601 15.72743555903435 37.37024948000908 14.51926278322935 50.52744826674461 6.345407739281654 51.42992988228798 1.83788774907589 2.296221844851971 2.286736376583576 5.032312542200089 4.902971595525742 5.916737407445908 393.077710531652 295.147355094552 4.044877275824547 41.44724550098181 36.17953689396381 171.5348198860884 95.77846378833055 44.49469193816185 18.11010979115963 227.7353943735361 28.52433387190104 128.1302634701133 9.3575354591012 1.376133240759373 0.4228504970669746 5.735145509243011 2.226709842681885 3.552684113383293 4.175470151007175 10.92004085332155 10.79350427538157 20.45775036513805 5.468880355358124 6.399607561528683 17.43003363907337 4695.320828333497 240.3992430567741 15.85528588294983 277.1065996959805 95.12751315534115 1.379989862442017 1.566708967089653 13.05659534037113 9.749664694070816 31.79849672317505 204.905814409256 15.66684305667877 41.32306064665318 133.1483039557934 170.4273882508278 15.32166473567486 310.6675454601645 335.5469720289111 272.1081553027034 87.55683881044388 24.86606652289629 13.59133518487215 0.4018326997756958 1.659551464021206 0 0 0.2490457743406296 0.1856907606124878 0.1791590303182602 0.2093477696180344 1.071340680122375 0 0.4128657877445221 0.182811051607132 1.062117025256157 1.137444384396076 0.7033804431557655 0 1.001087307929993 22.05526448041201 9.14881481975317 0.234763890504837 0.3229445219039917 0 167.951253131032 0.6732190847396851 44.47937838733196 11.82869206368923 2.621412634849548 0.6356070041656494 0.9650518745183945 0.2011885792016983 0.8310113847255707 6.428334958851337 10.68260951340199 0.1116959974169731 11.39874714612961 47.97858697921038 0.09289180487394333 0.3185433447360992 0.7805259525775909 1.054012216627598 1.132016658782959 0.1950151771306992 0.8223895356059074 0.089613176882267 1.967191159725189 6.472738817334175 0 3.586927726864815 3.559174329042435 28.74825804680586 6.704829573631287 1.833269521594048 0.7772791385650635 0 0.2597486153244972 0.7423757240176201 0.3000174909830093 0 1.212797835469246 505.750436604023 15.80688078701496 0 0.2446063160896301 1.029277056455612 5.109208099544048 0.3373380601406097 1.046676337718964 11.72319138050079 13.95432151854038 33.29941690713167 9.727054856717587 18.7849725484848 1.126384623348713 0 0 0 0.9834259524941444 0.8283451572060585 0.4926278740167618 1.630972653627396 111.5429764389992 31.60032445192337 68.26698175817728 687.3256905525923 90.88469739258289 369.6597778648138 125.0841612741351 535.7632105275989 57.8011440038681 7.635010756552219 238.7868065014482 104.9182325303555 3.515628308057785 76.5157588198781 9.413612432777882 73.14343555271626 8.510897606611252 0 28.40092376619577 11.89355927705765 1.168563783168793
