0 5100.452480591834 823.5484736040235 1501.518424525857 370.3525415509939 161.2986095547676 2193.752007335424 84.45207199454308 59.783507168293 1962.96580901742 352.6839484795928 293.2986500710249 410.7435858696699 270.3450449630618 1.065426342189312 0.1396658718585968 0.1874696314334869 0 0 0.08824268728494644 0 0.2102398574352264 0 0 0 0.1170087307691574 0 0 0 0 502.7756847664714 4.006549477577209 14.81496487557888 0 0 0 4.162163190543652 0 0 0 0 0 0 0 0 0 10.82517775893211 2.089867115020752 0.131157711148262 0.116537518799305 0 0.3282495439052582 0.1973549872636795 0 0.1674294322729111 1.496859230101109 716.5015409588814 551.5101519301534 26.97591516375542 17.77431750297546 0.1624382734298706 1.113891035318375 0 3.158493727445602 1.445491246879101 0.581513911485672 0.5580409541726112 0.2804856598377228 0 0.3590094894170761 100.2655638158321 23.96667186915874 1.958377152681351 198.5991391837597 31.13235809653997 6.98054913431406 3.547224879264832 0.2901632487773895 0.7948905676603317 18.11699969321489 0.7753394246101379 0.1891151443123817 8.052570410072803 0.8210043981671333 0.996007889509201 2.437045067548752 0.9421699345111847 1.07055975496769 0.09951169788837433 0.8213468641042709 0.5276870280504227 0.624980553984642 0.2759187445044518 0 0.6213928908109665 742.7770619690418 71.68762063980103 0.7114680111408234 6.055552378296852 1356.743946917355 0.2834034860134125 0 0.3274617493152618 0 1.979759946465492 19.02787886559963 0 2.450890064239502 5.394397258758545 2.130902945995331 0.9492121487855911 6.110448576509953 3.670973673462868 2.677317142486572 1.873640537261963 0.3582952320575714 0 0 0 0 0 0 0 0 0 0 0 0 0 0 0 0 0 0 3.801596105098724 0 0 0 0 0.8523419499397278 0.2788944840431213 0.242513932287693 0 0 0.2653958797454834 0 0 0 0 0 0 0 1.377904608845711 0 0 0 0 0.1013924553990364 0.4539038836956024 0.1969925910234451 0.57210373878479 0 1.326598078012466 0 0.2074136734008789 0 2.302169919013977 0 0 0.2734657377004623 0.5122290849685669 0 0 0 0 0 3.553486466407776 1.080236300826073 0 0 0 0.3398174643516541 0 4.374791488051414 0.7784322053194046 0.4672552645206451 0.4360941648483276 0 0.1453461199998856 0 0 0 0 0.1855292469263077 0 0 0 0.4895054250955582 0.5848245322704315 0.2060715705156326 32.02325254678726 4.772003367543221 39.08898181468248 21.27384400367737 658.8502778783441 31.03000472486019 2.919504784047604 7.934013321995735 1.138639837503433 0 2.400265112519264 3.918401077389717 0.543466329574585 0 0 1.555897101759911 0.1369354575872421 0.3090831637382507
5100.452480591834 0 3042.726317889988 204.4634544700384 2444.89367660135 285.564858391881 4691.319923534989 88.11561631411314 502.2751722708344 366.3595347106457 1066.304807558656 73.8880889415741 464.4714664891362 553.2784071564674 6.535270743072033 0.6726749539375305 0.2327964380383492 0.2093976959586143 0 0.466510221362114 0.1819160133600235 0 0.1544532477855682 0.1325488239526749 0.1602820158004761 0.3391538932919502 0 0 0.1038985401391983 0.09727971255779266 1699.531842134893 11.45633738487959 13.18537974357605 0 0 0.09016795456409454 14.31659245491028 0 0.2221213430166245 0.09778327494859695 0.5015921592712402 0.09395616501569748 0 0.119242399930954 0.1107995584607124 0.1084633469581604 75.64097636193037 7.159622460603714 0 0.3371208310127258 0.9146493449807167 0 0 0.5577599555253983 0.4210313335061073 5.160126894712448 233.4352783709764 636.0503288805485 13.43542601168156 93.29674369841814 0.132870689034462 3.801741540431976 0.2235981449484825 26.77260176837444 8.268925935029984 4.629072487354279 3.898486286401749 2.347105830907822 1.197556361556053 1.254902325570583 62.70638187974691 85.40034595131874 0 398.9816211909056 127.6649671643972 51.94246730208397 8.794112555682659 0.6808066964149475 0.2486610561609268 8.079911768436432 0.2141926288604736 0.9090943485498428 37.57957325875759 0.2010317966341972 9.446351483464241 12.60192071646452 3.852431237697601 0 1.065976746380329 0 0.6896724626421928 0.6768873035907745 0.8403453454375267 0.2315816432237625 1.732490926980972 41.43492157757282 60.4270166233182 0 5.262552089989185 1822.051407933235 6.074302211403847 0.6111308932304382 2.956029444932938 3.444504901766777 16.41656473278999 74.85947923362255 3.904630586504936 19.96895421296358 43.45941688120365 30.82382211089134 14.09160792827606 62.96389946341515 37.83383668959141 20.9907218515873 17.00593355298042 4.513661757111549 2.779684469103813 0 0 0 0 0 0 0.5407211184501648 0 0 0 0 0 0 0 0 0 0 42.30241461098194 12.52039650082588 0 1.173552334308624 0 11.15121261775494 1.64115497469902 1.234670698642731 0.3846734166145325 0 0 0 0.1986612975597382 0.5399650931358337 0.9835136830806732 0 0 3.844391256570816 8.837095767259598 0.1730653047561646 0.3201712667942047 0.1148950755596161 0 0.1314303874969482 0.7843875139951706 0 0.6886353492736816 4.682324327528477 23.2039543017745 0 0.877228319644928 4.475546613335609 48.5809445977211 13.25549924373627 1.445093497633934 1.818868488073349 0.8708482682704926 0.2803180441260338 0.1664392799139023 0 0.626577690243721 0.9207350760698318 20.23574768006802 14.53483113646507 0 0.3498902916908264 0.1465831696987152 9.756299152970314 3.038345873355865 19.92918093502522 8.603797800838947 13.11694001406431 7.068493321537971 4.022417157888412 0 1.527330681681633 0.4866742491722107 0 0 0.5861096382141113 0 0.2527784109115601 0 2.113070085644722 6.414054214954376 16.08608193695545 171.2087055370212 36.32370574772358 229.4950186386704 68.75786034017801 832.2438022494316 31.61544521898031 9.863224171102047 24.68193012475967 14.28875204920769 0.2591941356658936 30.23739665001631 8.122276768088341 7.193421199917793 0.2211875319480896 2.078479260206223 1.794859528541565 0.8381871283054352 0
823.5484736040235 3042.726317889988 0 39.14864804595709 1360.11894159019 41.73876921832561 351.0649415850639 3160.155800372362 249.8811099901795 46.95835661143064 3979.748370200396 4.060538157820702 72.30403432995081 830.2069885805249 16.87103539705276 3.399695530533791 0.8338686302304268 3.425286829471588 0.8569508567452431 11.0834800824523 19.23921386897564 0.2458344995975494 7.953463226556778 1.783678472042084 7.094038657844067 21.8546257764101 2.115287184715271 5.400659821927547 0.9122640788555145 0.1094131171703339 3796.688182882965 415.9572270587087 41.19877065718174 0.7946352362632751 4.76860311627388 32.97649307549 43.82559149712324 15.26127710193396 1.691028214991093 2.907014317810535 126.0475766435266 10.55688521265984 2.730285502970219 0.7874237298965454 1.695867195725441 3.307896159589291 138.9982210919261 13.80855485796928 1.791873037815094 6.172674745321274 9.118940599262714 0.1153331249952316 0 2.478379428386688 1.149800509214401 8.771020494401455 272.4851280674338 1833.950556769967 17.27883793413639 135.1597637310624 11.13557313382626 7.937312543392181 29.92604552209377 122.2980290949345 12.17562915384769 6.224409572780132 17.34227392077446 10.55599772930145 34.61907466500998 110.193448536098 127.9532297477126 128.6743345558643 0 586.3212145864964 267.3933678492904 96.59862188994884 35.9634280949831 3.863386712968349 60.73966031521559 780.138197734952 18.93038684129715 309.1510228812695 46.88489423692226 0.7393728792667389 15.80747468024492 19.89763526618481 10.65330707281828 0.3216802775859833 4.8281025364995 0.9657478705048561 2.65680293738842 0.8999445363879204 20.74789308011532 9.549341477453709 2.868856638669968 23.65399484336376 105.541085280478 0 10.95464042574167 982.5138948261738 6.164874985814095 1.884333908557892 2.101495556533337 0.6045553460717201 21.42749708145857 47.3521965071559 0.3522874116897583 31.90294547379017 31.05006355047226 24.7766922712326 13.70289167016745 37.32589124143124 25.31668481230736 13.75701923668385 5.12227101624012 3.666009828448296 2.317074552178383 0 1.050775572657585 0 0 0.4405646324157715 0 0 0.3810883015394211 0.6382868140935898 0 0 0.9933259189128876 0 1.070841372013092 0 2.037391692399979 0 47.92585471272469 10.02080149948597 0 2.866482645273209 0.8380789533257484 7.441369235515594 0.2864716649055481 4.234760232269764 2.701005309820175 0.1664245873689651 1.4320979565382 0.5515805184841156 1.889146253466606 0 0.134236067533493 0.237252451479435 0.3460830450057983 6.550586193799973 13.17123356461525 0 0 1.96704675257206 0 2.194510109722614 1.126016706228256 1.0410972610116 1.731402784585953 4.855554781854153 16.1772031635046 0 3.205104380846024 5.796412602066994 52.23024440556765 8.966801881790161 1.073506534099579 1.614514954388142 0.434443324804306 0.1202232167124748 0 0 1.222253203392029 2.457288712263107 23.0921782553196 30.78292439877987 0 0.4471597224473953 1.465172104537487 10.60371771454811 3.299574419856071 23.86346744000912 10.35506665706635 13.54017358273268 8.494643978774548 3.671083971858025 0 1.240263611078262 0.3759115636348724 0 0 0.5772481858730316 0.1845765858888626 0.5663010329008102 1.474696427583694 1.581903778016567 11.11835689842701 8.564145408570766 245.1661926731467 65.81978408247232 322.8280908465385 102.1861759647727 437.5212913602591 46.03800010681152 13.28381216526031 33.85877099633217 8.966039672493935 1.065809771418571 39.93884927779436 17.36937263607979 6.628710448741913 2.714781820774078 2.766146957874298 4.302030853927135 1.60066769272089 0
1501.518424525857 204.4634544700384 39.14864804595709 0 22.25631358474493 385.7815529257059 612.1565918326378 0.1149545758962631 16.0327835008502 1711.162428632379 3.030444234609604 593.7542767226696 935.1152509003878 30.37703846395016 0.2645384967327118 0 0 0 0 0 0 0 0 0 0 0 0 0 0 0 35.97530983388424 0.4741441458463669 0 0 0 0 0.9986776113510132 0 0 0 0 0 0 0 0.1105272024869919 0 4.676669970154762 0.8535917177796364 0 0 0 0 0 0 0 0.3527436181902885 31.00356143712997 46.79674804210663 1.177131690084934 6.952699728310108 0 0 0 1.529411762952805 0.4535519257187843 0.4867433682084084 0.3620301261544228 0 0 0.1208932846784592 3.465925991535187 1.601035416126251 0 47.53785984963179 11.78763243556023 3.03861491382122 0.5186414495110512 0 0 0 0 0.2119679301977158 2.03730608522892 0 0.2958306446671486 1.226307928562164 0 0 0 0 0 0 0 0 0 45.99958211183548 5.352771729230881 0 0 149.3352070972323 0.3769954144954681 0.3171970248222351 0 0 2.697570145130157 6.902442865073681 0.7452244758605957 1.579190775752068 3.747512817382812 4.340168654918671 2.005817055702209 8.483077123761177 4.740529641509056 2.586179330945015 1.240381836891174 0 0 0 0 0 0 0 0 0 0 0 0 0 0 0 0 0 0 0 5.102070510387421 0 0 0 0 0.2944832444190979 0 0 0 0 0 0 0 0 0 0 0 0 0.2951382398605347 0 0 0 0 0 0 0 0 1.257635354995728 0.9662874341011047 0 1.553633600473404 0.6267399787902832 1.416575103998184 1.068170666694641 0 0 0.354747474193573 0 0 0.108454056084156 0 0 1.609976902604103 1.133233785629272 0 0 0 0.2935478985309601 0 2.597526431083679 0.7056414783000946 0.7295440435409546 0 0 0 0 0 0 0 0 0 0 0 3.269817709922791 0 0.5237703174352646 12.31152059137821 1.157314695417881 15.92451383918524 5.492929555475712 281.3186778947711 2.900931678712368 0.8184350878000259 1.32396575063467 0.2990548014640808 0 1.029446341097355 0.2014737948775291 0.2912825345993042 0.1003743857145309 0 0.1830349415540695 0 0
370.3525415509939 2444.89367660135 1360.11894159019 22.25631358474493 0 17.02044050395489 3977.196895867586 53.04692710191011 3330.117434024811 320.2654508277774 2418.716591268778 10.2585551738739 525.7944013252854 225.8356812149286 14.50627786666155 1.636489793658257 0.08865588158369064 0.4663918986916542 0.09949035197496414 0.347613513469696 0.4360106363892555 0.1181281581521034 0 0.1369547843933105 0 2.116564691066742 0 0.6759769022464752 0.8905761018395424 0 264.5773964375257 32.29941642284393 9.193150877952576 0.1069009006023407 0 0 25.1094880476594 0.2386356145143509 0.3198054730892181 0 1.017947919666767 1.707503102719784 0.09550396353006363 0.2940002381801605 0.1395061165094376 0 122.2045776620507 7.880384691059589 0.2218542546033859 0.2522282749414444 0.6676236838102341 0 0 0.6904808282852173 0.3658935502171516 6.118534915149212 60.42310362309217 169.0454213544726 5.640067063271999 79.01034693419933 0 5.927783280611038 0 28.49286419898272 6.670116648077965 4.586843527853489 5.913252159953117 2.115444004535675 1.580032676458359 1.279403276741505 133.5525789409876 183.4673428684473 0 189.8161422610283 97.15344923734665 81.21314208954573 22.16156477481127 1.039470054209232 0.08877144008874893 3.393256902694702 0.2953667417168617 0.8325609266757965 27.5571049824357 0.7875964492559433 8.516648098826408 13.25803964585066 3.581226490437984 0.7346381917595863 2.234332107007504 0 1.029563814401627 1.108428418636322 0.8769812732934952 0.4005049020051956 3.540685079991817 61.01863290369511 84.05591870844364 0 8.052126809954643 153.7894462496042 24.0016253143549 4.211538210511208 9.211984038352966 6.945489391684532 51.21858243644238 153.5908773317933 2.465048745274544 83.38405878841877 138.3441791087389 102.0378896445036 40.04255145788193 151.8373564258218 99.14563921093941 57.27384181320667 41.6977015286684 8.870150864124298 7.900868684053421 0 0.7866747677326202 0 0 0 0 0 0 0 0 0 0 0 0.1781411617994308 0 0 0 129.9406915679574 40.52961453795433 0 0.4859855622053146 0 26.61008197069168 0.5274694263935089 2.180422872304916 0.9637004137039185 0 0.9158516824245453 0.4896312057971954 0 0.2207321375608444 1.536476463079453 0.4212107062339783 0.5896026492118835 6.372882038354874 31.25890136510134 1.189080394804478 0 0.1408241242170334 0 0.3175339847803116 1.344353348016739 0.3758945465087891 1.535216838121414 17.01298977434635 53.50427134335041 0 3.933201864361763 3.796524085104465 91.64492557942867 24.24299901723862 3.219296261668205 6.500003166496754 1.471011996269226 0.2906681299209595 1.422831989824772 0.09227289259433746 0.6401700973510742 2.402218081057072 73.36270822584629 34.48106288909912 0 0 0 28.19846978783607 10.73796835541725 36.2752300798893 23.49607415497303 26.88064213097095 16.09802386909723 5.852799847722054 1.161741107702255 3.466052666306496 0.173067107796669 0 0 0.9706014916300774 0.2237683534622192 0.5229308754205704 0.7930552959442139 11.90375326573849 21.53785254061222 19.1647899672389 292.3468709364533 60.94964519888163 284.5994329825044 109.5874963626266 196.8403261527419 33.59795038402081 9.353560350835323 42.70588103681803 32.03880408406258 3.708781637251377 85.21964886784554 19.3813595995307 28.88682895898819 3.97859238833189 1.626164674758911 7.873104587197304 2.797151736915112 0.3834936916828156
161.2986095547676 285.564858391881 41.73876921832561 385.7815529257059 17.02044050395489 0 413.0175009220839 1.12279962003231 35.32611067593098 999.0295966565609 17.974440574646 209.3243712484837 318.758394241333 71.57064312696457 0.3361015617847443 0.7812112867832184 0 0 0 0 0 0.1939295381307602 0 0 0 0 0 0 0 0 30.00151523947716 0 53.47444371879101 0 0 0 10.15756258368492 0 0.7002540826797485 0 0 0 0 0 0 0 1.591043554246426 0.1248748674988747 0 0 0.1530977487564087 5.879047706723213 1.15981787443161 0 0.1107404753565788 0.6892083287239075 323.1978369355202 54.91200656443834 5.045581892132759 2.576189242303371 0.2859381437301636 5.976153641939163 0 0.1434502899646759 0.1385639309883118 0 0 0.1191984117031097 0 0 224.5433596223593 171.5853058248758 7.561093494296074 12.47955518215895 2.370418019592762 1.231141068041325 0 0.3902020454406738 0 36.01190827041864 0 4.201773509383202 0.2396683916449547 1.993982374668121 0.09456714987754822 0.5919646620750427 0.1129436418414116 10.90840855240822 2.106250807642937 14.69168983399868 0 4.170268103480339 0 0.4799312055110931 0.1858081072568893 473.6238094568253 130.3881414234638 14.87297579646111 5.640281677246094 579.1980724930763 0 0.1419396549463272 0 0 0.1568380743265152 3.502014145255089 1.318978697061539 1.452432677149773 7.799367904663086 2.328732848167419 0.7108186930418015 7.324952363967896 8.310385793447495 6.680565193295479 0.3746879994869232 0.307056725025177 0.1275566071271896 0 0 0 0 0 0 0 0 0 0 0 0 0 0 0 0 0 0.1827112585306168 0 0 0.6248055696487427 0 0.3653459846973419 0 0 0 0 0 0 0 0 0 0 0 0 0.7063087821006775 0 0 0 0 0 0 0 0 0 0 0 0 0 2.633918821811676 0 0 0 0 0 0 0 0 0 4.158014357089996 0 0 0.1648654192686081 0 0 0 0 0 0 0.1584001630544662 0 0 0 0 0 0 0 0 0 0 1.819650024175644 0 0 5.686697036027908 1.412825107574463 5.684670634567738 2.471366636455059 98.41370591521263 8.026746407151222 0.2993987202644348 1.287629216909409 0 0 0.2438696920871735 0.2627712190151215 0 0 0 0 0 0
2193.752007335424 4691.319923534989 351.0649415850639 612.1565918326378 3977.196895867586 413.0175009220839 0 15.49711776524782 859.9265500232577 1612.644786067307 316.8914553895593 592.2375324964523 2832.670611165464 490.8331459462643 14.16769374907017 1.81670630723238 0.1059815734624863 0.3031131848692894 0 0.9733946993947029 0.2312915548682213 0 0 0 0.2358284145593643 1.091404393315315 0 1.067445680499077 0.1156196817755699 0.1995181739330292 297.7201907485723 19.92604229599237 17.85688809305429 0 0 0.5691891759634018 30.86663278192282 1.175517044961452 1.330973424017429 0.7677460238337517 0.996343307197094 1.829746417701244 0 0.2824471294879913 0.1885900273919106 0.4375520199537277 128.8652699813247 9.081559106707573 0.5876836776733398 0.3642026856541634 0.8309093490242958 0 0 1.201257422566414 0.9267000108957291 5.722851105034351 138.9168363511562 299.0830875560641 11.73697137832642 105.6366686671972 0.8982369303703308 3.686448968946934 0.08631467074155807 30.40641874074936 9.526590935885906 5.116507537662983 8.636063016951084 3.060774825513363 2.112977929413319 1.238676130771637 132.9666795879602 208.4268486574292 0.1810396909713745 339.802495919168 137.4496690183878 80.03342393785715 18.48303685337305 2.1676394790411 0.4172518253326416 5.050079859793186 1.44937402755022 3.09342122823 41.11206225305796 0.5259369388222694 12.13541840016842 16.19149550050497 4.87956391274929 0.415282130241394 2.321366287767887 0.2080135345458984 0.6057058721780777 1.892849087715149 1.055993683636189 0.4642694965004921 1.3889404758811 269.2148488461971 90.6104740947485 0 12.8800044208765 388.4111834391952 27.70128288120031 8.222486443817616 7.793628484010696 9.308797582983971 69.76889637112617 207.760690048337 10.94928558170795 126.9514543637633 215.2898910343647 159.7927049696445 57.79906892776489 248.7074613496661 176.8973323702812 101.7107919305563 46.29741325974464 10.76539270579815 6.621109172701836 0 0.7043900489807129 0 0 0.8136006593704224 0 0 0 0.233403354883194 0 0 0 0 0.1583347022533417 0 0.6189504861831665 0 147.4106526374817 43.99478554725647 0 3.009689137339592 0.4772413671016693 31.28655144572258 3.197627604007721 1.838996261358261 1.798667564988136 0 0.6082306802272797 0.528400719165802 0.3634559214115143 1.982346028089523 1.902060240507126 1.338933452963829 0.6995123624801636 9.019791707396507 37.22627711296082 3.874744027853012 0 0 0 0.1110865846276283 2.845482252538204 0.9531224519014359 3.018792040646076 18.77094615250826 66.08744311332703 1.053027451038361 6.80012558400631 9.932308122515678 115.5757961422205 44.11925375461578 8.448869332671165 5.192233808338642 3.654199451208115 0.6825340837240219 2.057886980473995 0 0.998057633638382 4.536158680915833 109.5820274651051 57.58391819894314 0 0 0.09690204262733459 35.90179207921028 21.42876097559929 34.28630000352859 26.03868592530489 41.56853263825178 15.52746836841106 9.70295923948288 0.5672302097082138 1.248264521360397 0 0.5390845835208893 0 0.7232799232006073 0.1204910203814507 1.533643409609795 1.026105865836143 43.97048979997635 26.29517140984535 26.79994788765907 309.1222934275866 59.05360651016235 310.7172017022967 110.1454227939248 713.062920846045 33.87421671301126 13.09060093015432 47.64099412411451 30.36921140551567 5.934169039130211 92.03885386139154 27.72051857411861 26.87998162209988 9.764809548854828 3.356146313250065 10.39047940820456 3.004148229956627 0.8736674040555954
84.45207199454308 88.11561631411314 3160.155800372362 0.1149545758962631 53.04692710191011 1.12279962003231 15.49711776524782 0 73.81981839984655 0.9602931141853333 1183.232228383422 3.156601890921593 151.0975729227066 2093.830413982272 68.80013154447079 33.04421250522137 5.407353602349758 7.966273672878742 0.5357991233468056 29.37568904459476 34.63804769515991 0 15.02449552714825 5.776376910507679 29.94338953495026 61.18704342097044 15.30582219362259 15.34523805975914 2.096982441842556 0.5253347903490067 1402.920881666243 1192.521173320711 201.7892936989665 2.539362922310829 11.50044137239456 143.7615575492382 42.17789347469807 107.8053521960974 3.26689775288105 22.18797324597836 336.9083546698093 38.92033632844687 11.81533040106297 4.236888036131859 3.062791354954243 8.720374397933483 345.865437656641 14.75413805991411 4.44742850959301 11.85124069452286 25.22522892057896 0.8219597637653351 0 3.816213719546795 0.5424376800656319 8.022879920899868 133.4672052487731 701.2770717963576 10.90091929584742 152.2264190018177 44.18936751037836 14.67246775329113 78.37320785969496 247.7528693601489 12.08906082063913 9.111855454742908 20.00759809464216 13.5681468769908 58.15026541799307 242.5186611860991 98.00396852195263 106.645837508142 0.2703509926795959 452.4070485383272 300.355212174356 241.8981821984053 175.5558329075575 110.7907118424773 830.5460313186049 2103.662257894874 110.3267922773957 1829.963820241392 48.85798884928226 0.2882021516561508 13.58404193818569 19.67780398577452 15.32333417236805 0.2597301602363586 8.358209505677223 1.584013879299164 6.105725347995758 0.9163049757480621 63.11947553604841 21.69327852129936 2.991973891854286 31.78751792013645 67.57840850949287 0 6.820933230221272 133.7660815641284 3.346052117645741 0.1027016192674637 1.894229650497437 1.527621030807495 9.327584996819496 21.50031148642302 0.5941505134105682 10.7087327092886 22.16970969736576 13.93067298829556 11.00038582086563 30.38030600547791 6.575141578912735 13.59545204043388 8.828813388943672 3.569134891033173 2.446265511214733 0.3782862722873688 0.4564947560429573 0.4326531589031219 0 0.8957773000001907 0.3169938623905182 0.2395196929574013 0.4742119312286377 1.327387854456902 0 0 0 0 3.177241265773773 0 3.485649660229683 0 29.78030978888273 9.635820522904396 0 1.544453345239162 3.474429041147232 8.282480306923389 0.7507629990577698 5.964986965060234 2.172624051570892 0.3639606386423111 0.5976828932762146 0.9954427629709244 0.4334994554519653 0.1456494033336639 0.5148453712463379 0.6604663506150246 0.433310478925705 4.458290919661522 15.5007248967886 0 0.7259295284748077 3.409738466143608 0.1977008730173111 1.77923384308815 0.3863180577754974 0.1318308562040329 0.3812947571277618 4.181348949670792 10.46096251159906 0 0.6881879642605782 5.445580959320068 39.78604170680046 16.36789126694202 0.370400607585907 1.2588050365448 0.2765415385365486 0.2708127200603485 0.1772544085979462 0 0 2.056366994976997 13.81474560499191 22.50998303294182 0 0.2867414504289627 1.457120597362518 7.713318467140198 6.005051329731941 12.93812049925327 4.250733152031898 4.327035188674927 2.643226206302643 1.439345717430115 0.3876345902681351 0.4984232932329178 0 0 0 0.5021267756819725 0.5050524473190308 0.3021866679191589 0.9533805251121521 4.580981954932213 11.83316001296043 10.1746127679944 582.2475474476814 91.490379139781 590.9692242518067 197.7311027720571 144.629474312067 63.53667557239532 16.8378426656127 97.27159381657839 9.102912738919258 1.917803168296814 37.04131472855806 11.48249910771847 6.011307880282402 1.283738419413567 0.5820523723959923 3.116010747849941 5.484049275517464 0.2976073622703552
59.783507168293 502.2751722708344 249.8811099901795 16.0327835008502 3330.117434024811 35.32611067593098 859.9265500232577 73.81981839984655 0 293.2177102640271 2965.312483876944 129.0285502374172 1711.410218253732 1634.911627978086 54.64606840163469 12.32294642925262 0.520617201924324 0.3948113843798637 0 0.6032200083136559 0.4716435521841049 0 0.1525578796863556 0.1223355978727341 0.586741104722023 1.322486989200115 0.1301756650209427 0.6679151058197021 1.088097639381886 0.3152271956205368 57.89708608388901 27.29095491021872 93.31496155261993 0.3660704493522644 0 0.9353910535573959 24.45800638198853 4.005978941917419 0.3241422548890114 1.067551843822002 2.276160575449467 2.400810904800892 0 0.2194444239139557 0 0 204.4005676358938 4.039179943501949 0.1491986215114594 0.786148726940155 0.6441509276628494 0.4527643322944641 0 1.015584208071232 0.1946024894714355 4.261437490582466 20.06185075640678 48.15182276815176 4.211394093930721 48.6744604036212 0.1181809678673744 4.12790796905756 0.236611545085907 24.18754184246063 4.113262414932251 2.099606730043888 2.959262274205685 2.464405938982964 1.259090609848499 1.969788931310177 177.6224698871374 295.5682112649083 0.5302636921405792 70.0147196277976 58.42051759362221 126.0583127513528 86.43692583590746 10.31100116670132 2.081071004271507 13.90074189007282 0.9887659996747971 2.602215275168419 13.51054638624191 0.5112963989377022 5.081303007900715 5.836750440299511 2.606945693492889 0 0.602089524269104 0.4373015239834785 1.393457323312759 1.706614948809147 1.572473406791687 0.5623435974121094 2.558544479310513 267.5824399664998 96.22352656722069 0.3941292017698288 5.404114797711372 30.04893004149199 29.67709331214428 5.961470142006874 18.45821511745453 11.61686784029007 68.57652071118355 273.1784940063953 9.743907555937767 162.9770058766007 277.7229017615318 185.0831355005503 89.90088565647602 387.0776328518987 244.7889593541622 154.3280497565866 87.35042238235474 13.38760187476873 6.939633138477802 0.1807570308446884 1.309527769684792 0 0 0.3627797365188599 0.1836726665496826 0 0 0.2812363803386688 0 0.1289437115192413 0.4492152556777 0.1156006827950478 1.159295499324799 0 0 0 169.1344148740172 60.49130816757679 0 2.646419212222099 0.4186644852161407 51.1106446608901 1.712056308984756 4.945394322276115 1.104146204888821 0 0.5462315231561661 0.2350211888551712 0 1.416037604212761 1.970797926187515 1.024200290441513 0 10.90223398059607 40.64181846380234 1.785674288868904 0.6890077590942383 0 0 0.3207311481237411 2.648786321282387 1.314438760280609 4.088274583220482 17.71416531503201 51.74468544870615 0.4031152725219727 1.286661341786385 8.489987924695015 115.5613605678082 45.99567799270153 4.653260797262192 9.077901229262352 2.668568253517151 1.071616783738136 0.6676672697067261 0.6477569341659546 1.082998126745224 3.387690812349319 173.5281324759126 56.06568837165833 0 0.6817758232355118 0.1481199860572815 46.42429986596107 12.16483367979527 38.42405320703983 33.75587941706181 48.93859659135342 17.45648244768381 14.50933484733105 1.797966510057449 4.055761933326721 0.2078292518854141 0.5945728421211243 0 0.9301047623157501 0 1.203036084771156 0.8669366985559464 76.07914178073406 51.04912465810776 21.73239485919476 600.1450484991074 60.96171370148659 372.8819395080209 178.9571176469326 125.6193309873343 45.1375310048461 9.761212170124054 100.4630528986454 23.75466768443584 5.182729102671146 103.8317845836282 23.95546865463257 26.30912371724844 5.488976500928402 3.29506928473711 10.06763342767954 7.745456233620644 0.8227706849575043
1962.96580901742 366.3595347106457 46.95835661143064 1711.162428632379 320.2654508277774 999.0295966565609 1612.644786067307 0.9602931141853333 293.2177102640271 0 13.34789371490479 1521.230935409665 2547.162472449243 114.2804962471128 0.6314853057265282 0.1677549481391907 0.2665943652391434 0.1017356440424919 0 0 0 0 0 0 0 0 0 0 0 0 26.56133127957582 0.8356772884726524 1.159320808947086 0 0 0 1.849212303757668 0 0.6583556458353996 0 0 0.1209088265895844 0 0.1178067475557327 0 0 7.202621765434742 0.3035677298903465 0 0 0.09903844445943832 0 0 0.1757040470838547 0 0.2231895998120308 42.27214830368757 32.16179575026035 1.289946034550667 8.597414508461952 0.09834024310112 0.845928966999054 0 2.492629170417786 0.5881931036710739 0.1915199905633926 0.33016587048769 0.1242095455527306 0 0.1329920589923859 25.85243463516235 27.33583611249924 0 39.80354419350624 10.61502929031849 5.537388779222965 0.09565676748752594 0.1162926629185677 0 3.733680531382561 0.473110020160675 0 2.475412301719189 0 0.6961957067251205 1.190985091030598 0.8359754681587219 0 0 0 0 0 0 0 0.2624491453170776 927.6337308883667 13.62620967626572 0 2.521372079849243 227.4287067204714 9.835177354514599 0.2174779176712036 3.69284787774086 2.542342603206635 13.03652496635914 76.9382465928793 9.494120821356773 37.95331990718842 69.85005481541157 43.48766578733921 19.56158155202866 116.6944310516119 78.90025575459003 61.16000910103321 12.09557418525219 2.814841955900192 0.7814805954694748 0 0 0 0 0 0 0 0 0 0 0 0 0 0 0 0 0 34.87641555070877 8.325331062078476 0 0 0 11.30838507413864 0 0 0.2732467353343964 0 0 0.5183039903640747 0 0 0.2153861373662949 0.3012476861476898 0 2.037732630968094 6.221771098673344 0 0 0 0 0 0 0.8705566823482513 0.7578971013426781 1.990342639386654 8.029068008065224 0 0.4256114661693573 1.24447438120842 18.10923926532269 3.223127454519272 0.4971373379230499 1.174296036362648 0.3036074042320251 0 0 0 0 0.2961148321628571 46.64403860270977 3.12432199716568 0 0.5385368466377258 0 7.287398517131805 0.623363584280014 2.063038036227226 3.630807243287563 4.644799441099167 2.695843011140823 0.9807385206222534 0.213239923119545 0.7602589130401611 0 0.5861948132514954 0 0 0 0 0 36.72409327328205 8.808697000145912 0.8362265825271606 22.88663944602013 2.739674925804138 26.49217376857996 7.920591041445732 630.7386363744736 4.38567017018795 0.7350470349192619 3.666830606758595 4.770718105137348 1.100214280188084 9.704017966985703 1.697079338133335 3.906585067510605 0.7046668976545334 0.498030312359333 1.525095194578171 0 0
352.6839484795928 1066.304807558656 3979.748370200396 3.030444234609604 2418.716591268778 17.974440574646 316.8914553895593 1183.232228383422 2965.312483876944 13.34789371490479 0 27.10924278199673 1123.30550878495 4198.22216835618 104.7829957827926 28.60490196943283 1.986661694943905 1.169835850596428 0.1108676716685295 1.628630273044109 1.859543845057487 0.1474895030260086 0.6430171132087708 0.68874142318964 1.920412540435791 4.24561907351017 1.798283457756042 3.709083490073681 2.10605676472187 0 662.0147305801511 189.044231146574 206.9444757029414 0 0.569461852312088 11.7857404500246 55.52345735579729 14.8366679251194 4.523618012666702 3.376545995473862 16.91849105060101 6.461875341832638 1.411262974143028 0.9490216672420502 0.2716305553913116 0.0999150425195694 419.7888028621674 14.61765029281378 0.7409518510103226 0.7004521489143372 2.549561955034733 2.083378672599792 0.2782717645168304 1.526312127709389 0.9092444181442261 11.20622678101063 83.78431704640388 310.5277579799294 16.13839418441057 167.1879375651479 2.269087255001068 13.47127451002598 1.848354935646057 94.9690068513155 11.91664101928473 7.349802292883396 11.8188184723258 7.549503266811371 5.241819337010384 11.89738976955414 234.7013597264886 277.4948814585805 0 290.2270962670445 212.9330421984196 298.6175341084599 159.7570556104183 20.00382029265165 79.34506250917912 275.8187243938446 2.420932225883007 36.48277635127306 48.93940038979053 1.606799647212029 17.94122503697872 22.75376679748297 8.470776654779911 0 3.934063151478767 0.8742820024490356 2.551097765564919 1.704984955489635 6.035902246832848 2.361591212451458 4.24399346113205 138.2171001732349 132.6368396282196 0.08825016766786575 9.080464638769627 165.2834148481488 23.74911987781525 3.049305036664009 14.61390725523233 8.882491126656532 61.39411652833223 147.9340703114867 2.306336984038353 99.75460615009069 167.8811769783497 110.2716640233994 52.78500039875507 183.4995266795158 110.828188881278 75.91809278726578 52.31614903360605 9.562168963253498 5.483312122523785 0.5025305449962616 1.021376445889473 0 0 0 0 0.2685443758964539 0.2697851583361626 0.1566647887229919 0 0 0 0 0.5556450635194778 0 0.1940915435552597 0 155.4032713398337 42.13570228219032 0 2.168370187282562 0.4686333164572716 43.28123290836811 0 2.769256226718426 0.8425780087709427 0 2.651790648698807 0.2981320545077324 0.421727329492569 3.653081297874451 0.7527541667222977 0.9261868745088577 0 6.387868285179138 37.12848364561796 2.773730523884296 0.3826053738594055 0.531049057841301 0 0.1652911454439163 2.368166871368885 2.716941639780998 3.312250219285488 13.74669648706913 44.72163835912943 0 2.424529120326042 6.005849465727806 99.35381802916527 30.45818994939327 3.301940098404884 5.563131019473076 3.496474742889404 0.8960853815078735 0.2287293970584869 0.5567376986145973 0.1166161596775055 5.615433812141418 113.8800437599421 62.52932195365429 0 0 0.2417359799146652 29.89208926260471 9.869924023747444 38.71237364411354 23.11527718603611 39.40232817828655 18.86241998523474 11.61827880144119 1.927697151899338 2.652306862175465 0.3216504827141762 0.1230165213346481 0 1.45015049725771 0.7478015497326851 0.7282962799072266 1.552430137991905 30.81257194280624 38.99957155436277 27.37591494619846 1005.86043073982 156.7145441249013 773.709242478013 330.6260011196136 277.4097991660237 97.80242343991995 26.04977848380804 181.3689759969711 29.11681587994099 6.869881600141525 96.84136775881052 28.12173099070787 29.76912434399128 7.68522347509861 1.862727552652359 10.92445010691881 10.86396654695272 0.6915636956691742
293.2986500710249 73.8880889415741 4.060538157820702 593.7542767226696 10.2585551738739 209.3243712484837 592.2375324964523 3.156601890921593 129.0285502374172 1521.230935409665 27.10924278199673 0 1395.126438111067 152.9131209403276 2.479855559766293 1.949723795056343 0.5369714796543121 0 0 0.2583011239767075 0 0 0 0 0 0 0 0 0 0.1190969422459602 1.874535575509071 0 3.387604027986526 0 0 0 1.731691062450409 0.5410368591547012 0 0 0 0 0 0 0 0 6.238728202879429 0 0 0.3891123235225677 0.1137454807758331 0 0 0.4969360530376434 0 0.08459864556789398 8.681980036199093 2.292648553848267 0.4070737510919571 0.8239630907773972 0 0 0 0.3714289516210556 0.1568243950605392 0 0 0 0 0.4769096970558167 6.33439339697361 13.73830834031105 0 2.716862857341766 1.099256567656994 2.473733365535736 2.541270948946476 1.860742539167404 0 4.494416654109955 0 0 0.1537044942378998 0 0.247727170586586 0.2020368054509163 0 0 0 0 0.1276146024465561 0 0 0.7496020197868347 0 1203.341433823109 15.67270117998123 0 0 61.00545510649681 3.781516805291176 0.8225528448820114 1.910693749785423 1.953764155507088 16.90790630877018 79.36102207005024 7.699301406741142 42.21005406975746 69.04479025304317 48.79698550701141 31.08176511526108 169.0799873769283 100.4237119853497 88.52785792946815 18.68395802378654 1.382991030812263 0.5402840077877045 0 0 0 0 0 0 0 0 0 0 0 0 0 0 0 0 0 20.10870622098446 5.020605355501175 0 0 0 24.27665358781815 0.580676257610321 0.3509082496166229 0.2238402515649796 0 0.5193907022476196 0 0 0.8630268573760986 0 0.3725211620330811 0 1.179727524518967 6.235281229019165 0 0 0 0 0 0.112052395939827 0.3045621514320374 0.4687483385205269 3.507141254842281 8.700782373547554 0 0 0 7.228793010115623 8.173867002129555 0 0.7212104648351669 0 0 0 0 0 0.2681477665901184 78.99069169163704 7.9013711810112 0 0 0 8.572247430682182 2.161853209137917 1.834773331880569 4.408376015722752 6.337719410657883 3.196259915828705 0.1785626858472824 0 0.1385784894227982 0 0.7265179753303528 0 0 0 0.1865177005529404 0 70.95510351657867 6.579809099435806 0 56.11805097013712 2.377265796065331 12.1867029517889 4.125542506575584 104.7713067680597 1.438064232468605 0 4.685630947351456 3.014545440673828 0.3422941267490387 9.233062990009785 0.2488169446587563 4.04910771548748 1.630958020687103 0 0 0.30645552277565 0
410.7435858696699 464.4714664891362 72.30403432995081 935.1152509003878 525.7944013252854 318.758394241333 2832.670611165464 151.0975729227066 1711.410218253732 2547.162472449243 1123.30550878495 1395.126438111067 0 4086.054111734033 111.3110430464149 77.29338417947292 19.5902733951807 1.577275209128857 0.3758066147565842 3.009614124894142 3.966620571911335 10.23119342327118 0.3236595690250397 1.368463844060898 1.981803342700005 5.670571088790894 3.494474954903126 2.12126212567091 1.748588234186172 0.2937973588705063 106.6237433925271 17.26761754602194 1121.79461081326 0 0.5280416011810303 22.59361945092678 185.7855252474546 32.72653765976429 56.51007947325706 17.87434796988964 37.87901048362255 7.736832439899445 3.247550532221794 18.54900941252708 2.01602341234684 5.907884940505028 225.9457437172532 5.443017706274986 2.21422902494669 2.723366558551788 4.223459497094154 12.89609882980585 23.9951241761446 2.032606467604637 0.1246840357780457 4.525777667760849 35.46137744933367 53.50255774706602 3.205924779176712 48.30986395478249 22.45332849025726 186.5076022148132 5.780166253447533 41.93784838169813 2.313310019671917 2.249328024685383 5.726748816668987 2.568892106413841 7.171095490455627 19.08279440551996 350.4428251981735 309.697974935174 4.078107103705406 84.61533251404762 61.40904849767685 143.7659056708217 119.0589259117842 48.36114606261253 21.92649934440851 236.8100467696786 70.47467496991158 297.2720287442207 12.07692778855562 1.822437882423401 3.673713147640228 5.608798503875732 4.023602806031704 4.023872755467892 2.107506163418293 8.908477455377579 1.833715222775936 3.114729657769203 7.841255277395248 4.74652786552906 3.121747225522995 4152.928264856339 316.7235320806503 49.41879560053349 473.1334544271231 145.0066994875669 24.99755858629942 2.792107880115509 18.58127975463867 13.97795979678631 80.54897280037403 352.9087446630001 20.94041903316975 198.4109393656254 387.3324840962887 220.1172233521938 121.8300091475248 653.2490032166243 443.6450185626745 336.5637122243643 100.9698813706636 13.50763463973999 4.221990674734116 0 0.354998767375946 0 0 0.107280321419239 0 1.287575289607048 0.9364610016345978 0.5047520995140076 0.8943733870983124 0.1415507942438126 0.5999137759208679 0 0 0 0.1630223244428635 0 117.0515837669373 39.0599938929081 0.4949342161417007 4.497156791388988 4.091286048293114 81.87203839421272 1.205009937286377 8.559577263891697 10.18073196709156 0.9075686559081078 0.8777870088815689 0 0 0.4157644361257553 1.150842279195786 1.401590898633003 0.1374072879552841 7.925007984042168 30.35529686510563 1.222414165735245 0.3716598153114319 0.1928669512271881 1.913420960307121 0.7588330060243607 1.532059624791145 1.989695839583874 1.917899258434772 9.526644796133041 43.4190077111125 0.6254381537437439 1.882232174277306 7.262232840061188 54.29205632209778 21.04556483030319 4.243444010615349 3.787204951047897 2.455685511231422 1.339519530534744 0.9579465836286545 0 0.4700383692979813 4.201803997159004 387.8263167589903 46.9204538166523 0 1.034255564212799 0.3177808374166489 39.63105583190918 6.597476288676262 27.99773482978344 17.8671387732029 28.27961262315512 14.95268952846527 6.361232921481133 1.841839775443077 1.219055578112602 0.898254781961441 1.16724719107151 0 0.8296114653348923 0.09461360424757004 1.46277317404747 0.6318003386259079 296.7824050635099 81.63300602138042 30.81739667057991 770.6196299344301 70.34245980530977 387.7614679187536 185.7352965846658 305.6717786565423 43.5656929910183 6.585120610892773 128.755927555263 19.77711914479733 5.114295862615108 64.10548709332943 19.33936882764101 28.10803586244583 2.274668142199516 1.759853765368462 7.514884889125824 7.762443035840988 1.11739094555378
