0 2971.257662072778 247.7027289569378 962.3511940017343 555.5340696945786 169.5822399407625 2000.097091279924 90.87231485545635 154.1706744581461 1162.20833311975 181.9227257743478 1083.314451605082 1203.210984781384 231.6414756327868 0.6979329660534859 0.168281689286232 0.2866937965154648 0.1685212552547455 0 0 0 2.137863710522652 0.176540806889534 0.4659763723611832 0.09539137035608292 0.2221875414252281 0 0 0.1153196915984154 0 361.4186001941562 9.900884702801704 1.29980243742466 0.1073581948876381 0.135804072022438 0 12.20857325196266 1.049781993031502 2.444275945425034 0 0.283644050359726 0.1187599450349808 0.1409828215837479 0.1606790274381638 0 0 25.39336937665939 5.252260960638523 0.2201091200113297 0.7343588471412659 3.064493015408516 5.435952737927437 0 0 10.79461050778627 6.928819224238396 442.3263874650002 1526.791569925845 85.50674342364073 8.69242337346077 0 0 0 1.472781509160995 11.63103923946619 6.265160754323006 3.050383597612381 0.3640607222914696 0.8152909055352211 0.4794228374958038 60.54525831341743 54.98174250125885 1.417953595519066 255.1174005046487 94.39340497553349 9.459236904978752 3.090454764664173 0.377144992351532 0.9905819594860077 20.4064973667264 0 0.8025926649570465 30.13949053734541 0.8323758766055107 5.22777696698904 12.16554540395737 2.053413689136505 3.02766077965498 3.752950213849545 2.521827377378941 1.653511114418507 0.6220191940665245 0.3952289819717407 0.8206609115004539 0.4349901378154755 295.755532592535 33.6708063185215 5.938147142529488 8.322584718465805 1277.090849027038 0 0 0 0.1706722229719162 2.520535200834274 2.518132343888283 2.818174406886101 7.691258415579796 1.174429059028625 3.773718982934952 1.541557177901268 9.378005906939507 1.849237218499184 7.562721118330956 4.283500500023365 0 0 0 0 0 0 0 0 0 0 0 0 0 0 0 0 0 0 0 1.049030736088753 0 0 0 0.2804104387760162 2.936127409338951 0.5065122246742249 0.8715892434120178 0.842271015048027 0 0 0 0 0 0.1810659617185593 0 0 0.192183643579483 0.1884170323610306 0 0 0 0 0.7203106880187988 0 0.6321293711662292 0.6181780844926834 0 0.4262740463018417 0.3530714511871338 0 0.1669966727495193 5.035507813096046 0.4751325845718384 0.3088530600070953 0.2228711545467377 0.3550402522087097 0.2991798371076584 0 0 0 0 5.383690685033798 0 0 0 0 1.92929582297802 1.937497198581696 1.227908477187157 0.7470075041055679 0.5013556033372879 1.312483668327332 0 0 0.1126238480210304 0 0.1059773415327072 0 0.3077544718980789 0.6101449728012085 0 0 3.32920914888382 3.285054787993431 1.979483157396317 18.94572041928768 11.22618026286364 112.8254699259996 20.97227921336889 984.7109614834189 118.9456962347031 5.807324357330799 6.478135593235493 1.360311284661293 0.9031796753406525 4.002471953630447 0.2821594178676605 1.994231998920441 1.923891544342041 0 0.4359786510467529 0.1546913832426071 0.1895568519830704
2971.257662072778 0 1386.406908407807 234.6378931924701 2919.332899995148 431.9196914881468 2470.372404202819 735.7402935624123 979.6888906210661 629.6176947727799 1450.62689460814 415.8683489263058 1512.509023331106 506.6429347842932 23.85529302805662 1.161877043545246 0.9569547399878502 0.2519911825656891 0 0 0.1021901145577431 0.3906704187393188 0.3322191536426544 0.3487685918807983 0.3548246696591377 1.296890266239643 0.3754678219556808 0.4991531446576118 1.349800638854504 0 1994.567353785038 30.65867681056261 7.044785588979721 0 0.2615655660629272 0.3504533097147942 25.75111243128777 1.663204535841942 2.027125902473927 0.7655468732118607 1.152375027537346 1.7034717425704 0 0 0 0.2188661247491837 257.3062115609646 16.30364471673965 1.737300887703896 1.966179050505161 9.520053185522556 0.2612400725483894 0.1285599023103714 0.8438929319381714 20.14794610440731 19.35983193665743 192.1322622224689 921.3502886146307 124.9591257423162 66.38580287992954 0.3646890223026276 0.8915800452232361 0.1628136932849884 41.51232047379017 33.0934593975544 16.88427628576756 12.77587223798037 2.895083047449589 1.228462085127831 1.200973778963089 85.63777112960815 16.25653673708439 0.1031149625778198 435.9050797298551 241.903774112463 182.205658018589 60.30722562223673 2.121000967919827 1.172707945108414 68.55453526228666 0.3880220204591751 5.244855560362339 63.92898662388325 0.9622071534395218 20.74617779999971 35.36634107679129 8.243718326091766 1.062716253101826 11.42982292920351 1.070014014840126 4.655773431062698 2.716195054352283 1.949309095740318 1.055897146463394 2.898784756660461 186.242237880826 12.35555037856102 0 1.924650587141514 958.1859588772058 0 1.154884457588196 2.904813140630722 0 6.537480130791664 21.62349529564381 4.471101984381676 53.98266731202602 8.5317342877388 13.86323454976082 19.75460690259933 84.12905189394951 15.37419965863228 43.19539967179298 25.55764117836952 0.1688776165246964 0.8901178985834122 0 0 0 0 0 0 0 0 0 0 0 0.402139812707901 0.4449556171894073 0 0.3516844809055328 0 0 3.497868180274963 0.5080837607383728 0 0 0 22.81386816501617 0.2372097820043564 5.140390858054161 1.61065362393856 0.1501936167478561 0 0 0 0 2.043352231383324 0.1555331498384476 0 5.383058905601501 6.716426536440849 0 0 0.1480979025363922 0 0 0 0 0.1265584975481033 3.252302080392838 1.590369537472725 0 1.308838404715061 1.296278759837151 32.60173481702805 0.2868938744068146 0.9473947286605835 0.7965402081608772 0.5186392217874527 0.9704770147800446 0.1376192271709442 0.30585877597332 0 0 35.52273111045361 1.783221065998077 0 0.1270753294229507 0.6353384256362915 12.22788278758526 11.70316384732723 5.051082387566566 8.464121043682098 2.729890272021294 0.563713826239109 0.1941570639610291 0.3499593436717987 0.839406244456768 0 0.2666080221533775 0 2.05944649130106 1.214592546224594 0 0 7.809799641370773 13.50315527617931 13.53878326714039 274.6876197680831 68.21770668774843 684.196584187448 99.43339662998915 890.8330390378833 247.4377969279885 14.35141795873642 85.18413881957531 6.863966338336468 1.944602929055691 15.00132406502962 2.425158090889454 7.394003748893738 3.667428225278854 0 4.037216514348984 2.77609059214592 1.578077018260956
247.7027289569378 1386.406908407807 0 6.151249825954437 426.9182178378105 24.08164143562317 347.8038789406419 1824.525981269777 379.4349956586957 1.612090140581131 2911.919759213924 29.01709148287773 76.84694574028254 466.1215389072895 10.27075656503439 1.531715475022793 1.17334408313036 2.301260977983475 0.1029643267393112 3.196156986057758 34.88746693730354 0 26.36549386382103 10.87656396627426 1.078381322324276 5.190095528960228 7.238727934658527 1.042998351156712 0.2176578193902969 1.713620230555534 2993.734819032252 542.6326372101903 15.10860058665276 10.85598835349083 13.86707339435816 1.544749036431313 32.23961378633976 0.7754888385534286 4.332468323409557 1.598363235592842 11.18645125627518 2.49710251390934 13.74485117197037 2.502598024904728 2.127157747745514 1.980208501219749 128.016528904438 24.20306731015444 2.103343650698662 19.74019558727741 27.42215104401112 0.2735411673784256 0.1504081785678864 1.318323269486427 13.24703475832939 11.17402935028076 243.1139179244637 2508.020991042256 112.9007562398911 44.07238429784775 6.844273328781128 9.353373274207115 0.4314486384391785 288.7544691413641 21.20940433442593 17.78841185569763 16.70731287449598 25.28740464895964 118.7232832238078 93.90016389638186 137.5922014862299 24.19741553068161 0.2211946696043015 459.9108159765601 546.9941236227751 124.0052149370313 96.63226851075888 11.85625373572111 65.64884530007839 1054.359291441739 65.17677028477192 193.8558299541473 48.90663249790668 0.3828224316239357 16.559316881001 25.60081830620766 19.56000543385744 0.9183489307761192 8.656832896173 1.364373348653316 6.627513706684113 2.771599218249321 46.37486772239208 2.453728131949902 1.933773040771484 89.34288646280766 11.95875179767609 0 6.071030184626579 532.8357650637627 0.1789247542619705 0.5565094947814941 1.027385592460632 0 6.385036513209343 13.46359694004059 1.168598413467407 43.58203749358654 2.836245983839035 3.333475783467293 9.687348872423172 43.37447726726532 6.264060229063034 17.63258090615273 35.78980994224548 0 0 0 0.145161896944046 0 0 0 0 0 0 0.284580260515213 0 0 0 0 0 0 0 0 5.214558243751526 0.2402297258377075 0 0 0 22.31326728314161 0 8.106396615505219 0.7591781318187714 0 0.196481317281723 0 0 0 3.184188485145569 0 0.8175724148750305 0 7.426800921559334 0.8215838074684143 0 0 0 2.408662661910057 0.1171875447034836 0 0.5035143494606018 1.790098547935486 0 0 1.887188911437988 0.920224666595459 37.8451614677906 3.274318873882294 0.5530218482017517 0.09390687942504883 0.7012292146682739 0.6094050779938698 0.2227163389325142 0.77235147356987 0 0.2250116914510727 44.22114369273186 3.277562692761421 0 0 0.1583131551742554 16.43436150252819 17.39094492793083 9.933876156806946 8.415500223636627 4.501741081476212 3.272887796163559 0.7427570670843124 0 0.7389436662197113 0 0.09518498927354813 0.211872972548008 2.435579776763916 0.6936796978116035 0.4617605656385422 0 8.272425621747971 10.12161844968796 17.73020903766155 93.94879113137722 37.14208721369505 328.7432434335351 37.37258806824684 167.7783623188734 123.888364829123 7.349489569664001 31.04811509698629 14.44730887562037 1.649295568466187 10.06788594275713 0.519101694226265 4.074207067489624 1.035154670476913 0.136797696352005 2.284667104482651 0.3030045628547668 0
962.3511940017343 234.6378931924701 6.151249825954437 0 46.35112066566944 289.8018931299448 702.2200729250908 0.8274931609630585 33.11133760213852 479.4781882762909 0.4358914345502853 794.2827864587307 1423.718810811639 123.5418408811092 0.9358343631029129 0.1340928673744202 0 0 0 0 0 0 0 0 0 0 0 0.1270542144775391 0.2402478083968163 0.1124894693493843 25.70832370221615 0.1837344020605087 0.8641597330570221 0 0 0 4.637464672327042 0 0.863726481795311 0.1763351410627365 0 0.2550720646977425 0 0 0 0 14.81160688400269 2.326852917671204 0.1990167200565338 0.2132517099380493 0.1108418852090836 0.3045117855072021 0 0 0.6337149813771248 1.300760686397552 22.95969749242067 83.7165005132556 12.12661702185869 4.559505924582481 0 0.2604874670505524 0 1.851353466510773 3.700487248599529 1.201730452477932 1.371543198823929 0.1139343604445457 0.1010017916560173 0.2386716306209564 17.09680873155594 0.8154977560043335 0 41.7186146825552 18.7186918258667 7.718224741518497 3.573505416512489 0.168623149394989 0 1.033943384885788 0 0 8.454913973808289 0 1.543253533542156 2.928519621491432 0.8142332881689072 0.1231632381677628 1.015192113816738 0.2430960386991501 0.4920244961977005 0.4590081423521042 0 0 0.1841395646333694 139.7396596819162 1.151029944419861 0 0 88.35810342431068 0 0.6867181062698364 1.066727951169014 0 2.122112154960632 1.869368106126785 0.9857069998979568 3.233680158853531 1.887242794036865 2.952058330178261 1.374561086297035 12.84364165365696 2.96058052778244 3.41540701687336 0.7899157404899597 0 0.2622804641723633 0 0 0 0 0 0 0 0 0 0 0 0 0 0 0 0 0 0 0 0 0 0 0.8793700039386749 0 0.2636179625988007 0 0 0 0 0 0 0 0 0 0 0.276883065700531 0 0 0 0 0 0 0 0 0 0.3430691659450531 0 0 0 0.4206892549991608 0 0 0 0 0 0 0 0 0 2.957386866211891 1.026565313339233 0 0 0 0 0 0 0 0 0 0 0 0.1070372760295868 0 0 0 0.1100117936730385 0.2785602062940598 0 0.106416828930378 0.8703221380710602 0.2111056447029114 0.183259129524231 16.52980879694223 3.149403370916843 52.79437558352947 6.114137269556522 230.5898958817124 19.23171359300613 1.083575934171677 5.470646165311337 0 0.5510402321815491 0.4471836686134338 0 0.4907407164573669 0 0 0 0.4616317749023438 0
555.5340696945786 2919.332899995148 426.9182178378105 46.35112066566944 0 94.07726719975471 3713.886071108282 844.4627791196108 3288.936124630272 427.7932836264372 3374.14551795274 125.6594348549843 2247.533880241215 1398.83844217658 50.77840068936348 4.251521088182926 0.09745164960622787 0 0 0.149575337767601 0.8229577168822289 0 0 0 0.2482015416026115 0.9108926057815552 0.1967993825674057 0.9560158178210258 1.678831532597542 0.1200798228383064 516.6851459369063 43.28354946523905 18.44816505163908 0 0.2181364595890045 0 56.47019574791193 1.415693625807762 5.5137799680233 1.038442961871624 1.005117394030094 1.184064894914627 0.1613856852054596 0.4007760658860207 0.1619772911071777 0 227.4815550968051 8.83502358943224 3.793693110346794 2.319671988487244 5.353759355843067 0.4389672428369522 0.4411394000053406 0.5550792068243027 6.9970713108778 8.267009742558002 48.93430113792419 167.787497587502 53.04249230772257 54.80819987505674 0 1.74388724565506 0 82.25459418445826 14.43323827534914 8.266506098210812 6.141429029405117 1.241688787937164 0.8827887624502182 1.524925120174885 153.7973612099886 45.64435620605946 0.3097683191299438 171.9500983655453 109.9403625205159 196.3117237016559 104.6150760725141 8.753456443548203 1.053032457828522 24.97422906756401 0.3224968612194061 3.919555656611919 31.51491025090218 0.307257242500782 7.759707145392895 17.99616124480963 3.823848001658916 0.4945622980594635 5.826608702540398 1.04519347846508 3.580791167914867 1.272450558841228 1.960090033710003 1.163196623325348 2.867064870893955 253.3677845299244 6.404266804456711 0.9802688658237457 2.023178815841675 156.2915116846561 0.4683591574430466 1.273442268371582 16.40113337337971 0.4925993382930756 26.82977937161922 76.46617795526981 16.67076450586319 170.1294658631086 31.00504443049431 57.80050265789032 57.45207911729813 287.9093919247389 41.757014721632 142.3933714181185 68.09871186316013 1.069716908037663 1.270899832248688 0 0.3853285014629364 0 0 0 0 0 0 0 0 0 0 0.1541731953620911 0 0 0 0.1279994696378708 10.58873355388641 1.492170810699463 0 0 0 53.61679394543171 0.8199232220649719 19.70522466301918 1.792015090584755 0 0 0 0 0.2625778913497925 1.1462392359972 0 0 3.531309060752392 18.73293818533421 0.9202782064676285 1.05618017911911 0 0 0 0 1.197530478239059 0.395896777510643 8.119605869054794 3.8439671844244 0.4917347431182861 1.925695851445198 0 70.90720553696156 0.7402869910001755 1.351464450359344 0.2872395738959312 0.5096307545900345 0.2397066354751587 0 0.2765920460224152 0 0.2002492547035217 81.47135342657566 3.437281101942062 0.1121311485767365 0.3665871620178223 0.4089904725551605 48.78891487419605 17.99210953712463 17.39649993181229 17.35192138701677 16.7346667945385 7.679957158863544 2.463020399212837 0.6125427186489105 1.382194511592388 0.5151612758636475 0.1835200116038322 0 1.06805320084095 0.4229105710983276 0.1019923463463783 0.2108656913042068 34.70960536599159 15.97178426384926 20.35862173140049 353.4494933113456 80.08409754186869 544.9649102911353 132.6462576314807 226.8965688869357 168.6501379981637 9.69429499655962 122.5047132670879 19.21628303080797 2.375863835215569 48.97094543278217 4.684333965182304 14.4647278636694 6.215883210301399 0.2361991256475449 4.405018657445908 5.903423815965652 0.5532530173659325
169.5822399407625 431.9196914881468 24.08164143562317 289.8018931299448 94.07726719975471 0 550.1332921236753 7.623357221484184 76.65150266885757 552.8868260085583 9.30980409681797 242.7462445348501 363.5680899992585 100.5890171378851 0 0.4077353775501251 0 0 0 0 0 11.79270415008068 0 0 0.1147755607962608 0 0 0 0 0 20.74908228218555 0 8.489679619669914 0 0 0 23.03513813018799 0.2958848178386688 10.66367158293724 0.4340950548648834 0 0 0 0 0 0 4.845051363110542 0.631102129817009 0 0.1641885191202164 0.7751318216323853 52.23764409124851 1.780559331178665 0.2690333127975464 0.5413107872009277 3.537535294890404 186.2436400651932 113.2118410170078 10.67871977388859 0.4393744915723801 0 2.353492945432663 0 0.6875381767749786 0.975854404270649 0.3152567893266678 0.1403928697109222 0 0 0 211.815667822957 436.3759568482637 20.93971100449562 15.44701287895441 10.30080217123032 1.400479629635811 0.7958113998174667 0.5866674482822418 0 16.03842054307461 0 1.279041782021523 1.867504894733429 5.622944369912148 0.5763775557279587 2.121192947030067 0.1944740861654282 25.44015845656395 5.361778371036053 19.29316782951355 1.463349133729935 4.757684886455536 0.1528645008802414 0 1.348957523703575 287.1751750856638 330.1444612890482 64.74769611656666 46.41948261857033 528.8857214152813 0 0 0.3365004360675812 0 0 0.8027592152357101 0 1.068658798933029 0 0.7444572150707245 0.3068702518939972 2.099085509777069 1.034825146198273 0.655613899230957 1.790024250745773 0.9965528845787048 0.3180860430002213 0 0.1566967219114304 0 0 0 0 0 0 0 0 0 0 0 0 0 0 0 0 0 0 0 0 4.263484492897987 0 1.912630096077919 1.336283326148987 0 0 0 0 0 1.770048916339874 0 0 0.2588352859020233 1.705901652574539 0.2725251615047455 0 0 0 0 0.1995254009962082 0 0 0.1318142265081406 0 0 0.6335915327072144 0.8128900229930878 4.04402494430542 0.4905656278133392 0.5528464913368225 0 0.09720578044652939 0 0.186749592423439 0 0 0 7.20891697704792 4.902899265289307 0 0.1418955028057098 0.2230201810598373 1.317685440182686 3.049570798873901 2.401688471436501 1.624991089105606 0.4714808166027069 0.9301062077283859 0 0.5342858210206032 0.1703180372714996 0.2334620952606201 0 0 0 0 0 0 3.610887378454208 4.813292980194092 6.143001690506935 4.215856626629829 1.448715038597584 13.34743439406157 3.366138443350792 308.7485894262791 11.74181862920523 1.619455352425575 0.9827356189489365 3.414623260498047 0.1339280754327774 5.073009736835957 0.7791431173682213 0.957991361618042 2.010050863027573 0 0.6811089366674423 0 0.1630909889936447
2000.097091279924 2470.372404202819 347.8038789406419 702.2200729250908 3713.886071108282 550.1332921236753 0 148.8307897821069 2436.868270576 4730.878405869007 1095.081723622978 878.62275826931 9404.572794213891 804.5420221313834 49.66092610359192 2.96114306896925 0.6691377386450768 0.1098364070057869 0.1168475523591042 0.5219640657305717 0.6323230192065239 0.1653608530759811 0.5435319095849991 0.95034359395504 0.1297332644462585 1.498995378613472 0.2057081833481789 1.17436258494854 1.294331051409245 0.678458571434021 331.0735957175493 52.92191809415817 11.81941024214029 0 0 0.9336512982845306 41.2307660356164 1.473333016037941 2.525448337197304 0.9949784576892853 1.499156326055527 3.749254748225212 0 0.9347803443670273 0 0.3783189505338669 355.3502527326345 19.2989247739315 4.02766901999712 1.809465639293194 9.325487405061722 0.7373406440019608 0.3541796877980232 1.467559270560741 16.49974898248911 16.85498531162739 153.8831930533051 453.7122686207294 119.3857891559601 87.33097721636295 0.7744033262133598 2.058104574680328 0 88.84237423539162 29.19135029613972 19.16225904226303 11.47782941907644 1.551306113600731 1.030564248561859 1.426923394203186 120.6747649684548 44.51439370214939 0.325774222612381 397.7696732357144 201.3218013644218 247.1530293375254 104.5061138421297 5.304832704365253 0 9.57641776651144 0.8411638289690018 1.234928257763386 64.76349291950464 0.9274800717830658 18.04913573712111 36.99754629284143 6.875247128307819 0.7612429261207581 11.06204573065042 1.535274676978588 8.071856379508972 1.873208075761795 2.237786807119846 1.591405726969242 4.629221960902214 622.0342943370342 6.011185020208359 0.2904646992683411 1.756659872829914 312.9993750751019 3.662420436739922 3.883760765194893 27.23044243454933 2.45942135155201 44.4071182012558 128.2299312353134 31.27516727149487 252.0675491839647 36.87393324077129 89.57549114525318 89.7690968811512 441.0322400331497 56.77078972756863 210.4575660526752 76.62325073033571 2.070681184530258 1.507894486188889 0 0 0 0 0 0 0 0 0.469530314207077 0 0 0 0 0 0 0.284415066242218 0 17.39024628698826 2.312429770827293 0 0.3309702575206757 0 63.43935017287731 0.427596241235733 16.89904400706291 3.969538271427155 0 0 0 0.1098510846495628 0 2.760153040289879 1.081629738211632 0 9.450997330248356 23.06445142626762 0.6931799948215485 1.869572430849075 0.1362429112195969 0 0.4417915046215057 0.2466068863868713 1.197209775447845 0.5297268703579903 9.272224210202694 5.912915125489235 0 0.4560646265745163 0.5250248163938522 80.87818049639463 0.2895661890506744 2.456871598958969 0.514650858938694 1.351838625967503 0.6413222253322601 0.1292840093374252 0.6422952562570572 0 0 94.49563467502594 1.49281033873558 0.1397620588541031 0.5982787534594536 0.740062803030014 56.16182591021061 15.31080807000399 10.37100821733475 23.79112207144499 14.41474736481905 10.46683799475431 5.376604028046131 0.5367124676704407 1.431868828833103 0.1532206535339355 0.7185547724366188 0.115177646279335 2.505341805517673 0.3305792659521103 0 0.1464285105466843 47.31625826656818 15.05116057395935 15.21338026225567 485.7420204207301 85.95954901725054 914.7596672028303 164.760760627687 775.6512817516923 295.5651722326875 15.0650318339467 162.6950462833047 23.09453374892473 1.441061221063137 53.3331208601594 7.874661296606064 14.11059504747391 12.45074531435966 0.3488096594810486 7.648877769708633 7.026775851845741 0.4156709760427475
90.87231485545635 735.7402935624123 1824.525981269777 0.8274931609630585 844.4627791196108 7.623357221484184 148.8307897821069 0 863.3817918971181 1.4174674898386 1298.5109584108 7.489296600222588 142.5228521376848 709.0546781048179 38.73810020834208 11.54357719421387 4.991874098777771 14.00067783147097 0.5966855064034462 21.9149426817894 232.2193477898836 0.4139507114887238 163.8299641013145 67.24309812486172 5.146237157285213 25.5380302965641 29.83030035346746 4.462140157818794 1.213501542806625 8.36660148203373 1434.381322823465 2397.476497143507 18.94307918846607 72.56948885321617 109.6878160238266 20.82990700751543 13.80891601741314 6.730675987899303 4.683568529784679 2.460391230881214 39.90150387585163 12.43241009116173 53.45405561476946 7.822499252855778 9.659248054027557 10.86676296591759 190.6008137688041 15.7527623847127 11.18208733201027 62.68873833119869 78.76756575703621 0.6587712317705154 0.278732530772686 4.842685967683792 10.00420597940683 7.896423950791359 80.69577424228191 400.4355199411511 56.3332716152072 45.80567765235901 21.0943761318922 35.89840331673622 8.841882109642029 976.330462358892 14.39254945516586 21.61884697526693 29.44807711988688 55.22092182189226 343.7596449479461 430.3704145401716 40.78579796105623 23.51826401799917 0.2012166976928711 273.8539289012551 303.7812483683228 204.0450557991862 448.2032461985946 224.4920677319169 684.514149710536 4593.267177186906 254.0366712212563 1913.533727236092 30.19184146821499 0.6567201465368271 12.91701549291611 18.12582917511463 52.90713007003069 0.09987393021583557 6.395573876798153 2.007083743810654 7.215992607176304 2.328095361590385 209.208839289844 3.147849731147289 4.353397019207478 40.60268680751324 4.519916072487831 0 0.3180367648601532 100.4241462051868 0 0 2.751434400677681 0.1697879880666733 6.270016640424728 8.362231552600861 0.9038684517145157 27.22836683690548 2.3112533390522 2.263806834816933 5.486480012536049 26.85556763410568 1.657467693090439 16.67797368764877 13.33579798042774 0.1780398637056351 0.1198059618473053 0 0.1584510952234268 0.3038192987442017 0 0 0 0 0 0.6306258887052536 0 0 0 0 0 0.1211650595068932 0 0 2.39243671298027 0 0 0.1446734219789505 0 9.15312759578228 0.1864861994981766 2.07895365357399 1.072387807071209 0.1610140353441238 0 0.2745653390884399 0 0 0 0.4640592485666275 0.5631043016910553 0.6088540628552437 3.431414127349854 0.1144697591662407 0.4166645407676697 0.4703534543514252 0.1273897141218185 2.66259004175663 0 0.6818749308586121 0 0.1344127953052521 3.299136966466904 0 0.1804197281599045 0.108612447977066 12.81482285261154 0 0.1590142399072647 0.5518164783716202 0.6180363222956657 1.177391923964024 0.4321519955992699 1.204377852380276 0 0.3179144710302353 10.59254802763462 0 0.1846440434455872 0.3269486874341965 1.159445405006409 7.37975013256073 5.491062730550766 3.756014764308929 7.088551744818687 8.592852503061295 1.073695346713066 1.405530452728271 0.2179912924766541 0.7430165484547615 0 0.2013475447893143 0.1352146416902542 1.101214647293091 0.7909965366125107 0.1067647486925125 0.1806176453828812 2.398676440119743 3.29271799325943 5.602500677108765 183.8924484476447 35.33639328181744 394.2044554427266 59.32944881916046 60.05829542130232 89.67969863861799 6.455758526921272 63.23261746764183 10.28638967126608 0.9742682874202728 12.7126971334219 2.056054227054119 2.813634067773819 2.818065255880356 0 2.181520342826843 2.213136538863182 0.2699255347251892
154.1706744581461 979.6888906210661 379.4349956586957 33.11133760213852 3288.936124630272 76.65150266885757 2436.868270576 863.3817918971181 0 618.2572608143091 3175.267318494618 205.7262749969959 3901.548176653683 799.0177014544606 47.10916557163 8.349757745862007 0.7308609038591385 0.3899492174386978 0 0.5551023185253143 0.532269611954689 0 0.4726419374346733 0.4070039987564087 0.5715210512280464 0.334253303706646 0.3339750319719315 0.9046230241656303 1.312204971909523 0.4457824528217316 110.9739882051945 38.47443994879723 122.0161213800311 0.147261381149292 0.8602924421429634 0.8372179418802261 86.86525534838438 1.105677828192711 3.545556545257568 1.831184148788452 0.2830109670758247 1.556102208793163 0.1380041092634201 0.7164102345705032 0 0 146.1441602781415 4.493829257786274 3.050908930599689 0.4384237378835678 1.693016909062862 0.5168842077255249 0 1.801729641854763 2.188634656369686 3.374710440635681 20.60404192656279 38.20249132812023 21.28624335676432 23.26790428161621 0.1575886607170105 1.541359640657902 0 88.41646564006805 6.35934579372406 2.794263795018196 1.451845347881317 0.423915334045887 1.064689747989178 1.772749692201614 156.448996797204 45.59303522855043 0.5600155517458916 77.38932119309902 41.35448046773672 127.2462646812201 100.444715924561 12.80019517242908 2.535339370369911 21.18306927382946 0.4033823907375336 1.657706186175346 9.723056316375732 0.404025986790657 3.556502476334572 5.405367530882359 1.1255202293396 0.9235158264636993 2.214419513940811 0.5414091572165489 1.870176002383232 0.5813436359167099 1.349570609629154 1.174017891287804 1.751660384237766 392.0959324389696 6.744542479515076 0.4981706887483597 2.612877607345581 41.95483472943306 2.086452469229698 2.573040917515755 24.86198644340038 2.47565695643425 33.83299696445465 113.5554108321667 25.34576088190079 256.2085588574409 37.31887224316597 96.95379628241062 65.54625545442104 458.2785283476114 61.9972866922617 217.6421942263842 76.92868392169476 1.191942982375622 1.771951869130135 0 0 0 0 0 0 0 0 0 0 0 0 0 0 0.1624410301446915 0.4185771048069 0 15.40318566560745 2.022776186466217 0 0 0 58.59090529382229 0.1267385333776474 22.20872986316681 0.885973334312439 0 0 0.108052983880043 0 0.2003193497657776 1.49614055454731 0.1691147238016129 0 6.024640306830406 16.65473012626171 0.5389558076858521 0.3899789452552795 0 0.1460817903280258 0 0.1861399859189987 1.83321887254715 0.3046743422746658 4.232300639152527 3.646056093275547 0.8518182039260864 0.8750921636819839 0.3716232180595398 75.30951516330242 1.573229014873505 3.029939040541649 0.9597854018211365 0.442068949341774 1.213712237775326 0 0.303490087389946 0 0.1408037096261978 97.84725169837475 0.482278048992157 0 0.2672860324382782 0.5134719982743263 51.48857483267784 19.82059335708618 15.36327325552702 22.41071724891663 14.37901556491852 9.408949308097363 5.90734027326107 0.5824382752180099 0.875058151781559 0.1810705214738846 0 0 0.8829234465956688 0.09747370332479477 0 0 52.28479738533497 15.9645998030901 14.97646972537041 315.591994613409 46.19441384077072 381.77849239856 121.3281031921506 134.0639234036207 107.5235679000616 5.763758957386017 134.6895593181252 31.41089780628681 2.162762835621834 56.41193077713251 4.941426061093807 14.2107073366642 5.374152317643166 1.402317464351654 7.452225849032402 7.593118973076344 0.9510681629180908
1162.20833311975 629.6176947727799 1.612090140581131 479.4781882762909 427.7932836264372 552.8868260085583 4730.878405869007 1.4174674898386 618.2572608143091 0 2.191820055246353 1070.251804739237 4676.802529141307 382.9309777393937 1.477344408631325 0.4669030755758286 0 0 0 0 0.1378480643033981 0.3841583132743835 0 0 0 0.1377022415399551 0 0 0 0 15.44082251191139 0.9122342318296432 6.631887972354889 0 0 0 28.86193700134754 0 3.277311772108078 0.6857218742370605 0 0 0 0.4558238089084625 0 0 9.95880002528429 0.2579053193330765 0 0 0.4439903944730759 2.730394169688225 1.244800090789795 0.1107781380414963 0.4916656240820885 1.466332621872425 32.8393734768033 52.4508688673377 8.549732677638531 3.661914646625519 0.7191722393035889 0.4856268465518951 0 1.959648758172989 1.112899959087372 1.000280559062958 0.2319520935416222 0 0.1881043463945389 0 142.7878662794828 31.6435861736536 1.390003114938736 26.01303946226835 11.12481980770826 6.503067649900913 2.898897483944893 0.3508395850658417 0 0.9633424133062363 0 0.7765169739723206 3.899624012410641 0.6788360774517059 0.8570312261581421 2.4745202511549 0.7356104329228401 0.9912836253643036 0.3103237524628639 0.7854554653167725 0.2589558213949203 0.3886688426136971 0.2113700807094574 0 0.3528141975402832 442.9729755818844 17.83420923352242 2.71062108874321 4.704727858304977 433.9334371834993 0.7226856201887131 0.4550420492887497 11.14071173965931 0 12.71432231366634 64.64614650607109 34.86184145510197 133.3641618490219 21.75552552938461 79.33072376251221 32.5831006616354 225.8771611154079 40.90377850830555 107.5264462083578 16.13459627330303 0 0 0 0 0 0 0 0.1906092315912247 0 0 0.164815366268158 0 0 0 0 0 0 0 0 6.9395961612463 0 0 0 0 20.99656587839127 0.3821382820606232 8.682574868202209 0.1220163106918335 0 0 0 0 0 0 0 0 2.220089167356491 1.341826260089874 0 0 0 0 0 0 0.3066858053207397 0.1589404940605164 0.3541516363620758 0.73316490650177 0 0.1810454577207565 0.1558161973953247 6.513022407889366 0 0.3901016116142273 0 0 0 0 0 0 0 25.3621359616518 1.165057122707367 0 0 0.2620863914489746 5.503759622573853 2.472489476203918 1.761073559522629 2.520060919225216 2.37000772356987 0.6424440741539001 0.2125056087970734 0 0 0 0 0 0.116443507373333 0 0 0 47.7345754057169 1.348844558000565 1.063267558813095 15.36486895382404 1.740874260663986 39.70626982301474 4.38254301995039 693.8363812491298 16.76972806453705 0.721942737698555 7.753713622689247 2.729023143649101 0.1630050390958786 5.744623653590679 1.122052684426308 12.35815075039864 0.9645763337612152 0 0 0 0
181.9227257743478 1450.62689460814 2911.919759213924 0.4358914345502853 3374.14551795274 9.30980409681797 1095.081723622978 1298.5109584108 3175.267318494618 2.191820055246353 0 40.36113826930523 1528.624490566552 2674.700631596148 103.9559849277139 20.53142654150724 0.6490259617567062 0.9806062579154968 0.1158476918935776 1.268101811408997 5.763595879077911 0 12.13121062517166 5.461261302232742 4.250700980424881 2.74792156368494 8.867364227771759 1.155611947178841 1.355724766850471 1.503857381641865 767.5509530007839 271.6533545553684 1352.053325109184 0.8227534294128418 7.866022020578384 8.520415037870407 178.2098837643862 16.95158921182156 10.2802732437849 8.613734409213066 6.090019404888153 2.590771742165089 0.5495928376913071 1.644066043198109 0.2788918912410736 0 330.4465879052877 7.622840769588947 6.573576189577579 4.732949607074261 11.32850693166256 2.203964412212372 0.4772007167339325 1.237517617642879 5.255432598292828 8.729487977921963 46.73999001830816 150.7181809917092 50.4533252492547 67.88270159810781 0.3114165589213371 4.73748592287302 0 303.6748377606273 11.25688916444778 6.012034185230732 6.23241188377142 4.636423677206039 13.83378023654222 13.99169737100601 137.1392181515694 38.42708179354668 0.1192644461989403 223.9004718288779 149.7752394229174 318.8952295780182 296.1672787815332 52.35395149886608 74.08742432296276 109.923108831048 1.898982904851437 8.378345750272274 28.86161357909441 0.3876433596014977 9.294398032128811 16.45818468928337 3.825854599475861 0.4958471208810806 5.63110576570034 1.314309224486351 2.751997597515583 0.686518095433712 16.98496916890144 1.050280429422855 3.060022711753845 60.13527929782867 14.65834176540375 0 3.401580989360809 114.8605819493532 0.6626378893852234 1.725245431065559 1.717719942331314 0.4207487404346466 3.589812278747559 9.913512080907822 0.7221766114234924 26.14299201965332 2.312115296721458 6.934302613139153 7.419171676039696 44.93042746186256 6.672086909413338 24.30755451321602 21.8723322302103 0.4829944968223572 0.5048671215772629 0 0 0 0 0 0 0 0 0.1422119736671448 0 0 0 0.2336836159229279 0 0 0 0.116565614938736 3.828118950128555 0.3896962702274323 0 0.3294789791107178 0 20.32771283388138 0 5.248047024011612 0.3982665613293648 0.4465850591659546 0 0.2005505561828613 0 0.2438049912452698 1.485039114952087 0.6292006224393845 0 1.607178956270218 3.993686258792877 0.2909806966781616 0.5485987365245819 0 0.1135844439268112 0.2959733456373215 0 1.087646119296551 0.3265212625265121 1.496008396148682 1.988430708646774 0 0.2517456486821175 0.1446043998003006 22.52189542353153 0.9768113046884537 1.324889302253723 0.347354993224144 0.324882946908474 0.4403147101402283 0.1093845367431641 0.2629200518131256 0 0 26.46408462524414 0.7023489475250244 0.1737088412046432 0 0.4573726803064346 11.64573630690575 7.600159734487534 7.639081701636314 5.67254151403904 6.545521512627602 1.322252474725246 0.1689517796039581 0.2982956767082214 0.8082430139183998 0 0 0 0.4477431252598763 0.3394758850336075 0.1103002429008484 0.5660194754600525 6.858061224222183 11.70122695714235 13.25298273563385 467.8375260382891 85.95047289133072 705.6786244064569 190.7358954548836 130.5983631834388 184.2572391703725 9.484158888459206 203.6437750756741 18.40530608594418 0.3046551197767258 14.45308371633291 3.172450244426727 2.340507835149765 1.386739075183868 0.1021467819809914 4.166066601872444 8.784145846962929 1.840021312236786
1083.314451605082 415.8683489263058 29.01709148287773 794.2827864587307 125.6594348549843 242.7462445348501 878.62275826931 7.489296600222588 205.7262749969959 1070.251804739237 40.36113826930523 0 1832.854823902249 151.1655766367912 8.242485351860523 3.541776902973652 0 0 0 0 0 0.2464607954025269 0.2122017592191696 0 0.3217941522598267 0 0.832138404250145 0 0.1504856199026108 0.2073615193367004 10.25369607657194 7.349075749516487 20.2900847941637 0 0 0.2529542446136475 80.28197033703327 4.581739351153374 10.94871027767658 3.836015850305557 0.1955347210168839 0.1119824051856995 0 1.651704341173172 0 0.4013210833072662 15.27342627942562 0.6928951740264893 0.1744424402713776 0 0.8842732086777687 3.325420275330544 2.932154342532158 0 0.2619814574718475 1.013853572309017 7.171852476894855 10.88228915631771 2.00163434445858 2.384470880031586 0.7322546988725662 4.207302004098892 0 11.83417910337448 0.2654607519507408 0.554600827395916 0.1414911448955536 0 0.4332549273967743 0.3734130859375 165.8836788982153 163.0778193026781 2.462470099329948 9.247126944363117 2.878662139177322 13.87346269935369 19.28780434280634 6.392754942178726 0 18.01125618815422 0.8725925087928772 3.867827028036118 1.872199758887291 0.9216834455728531 0.555427148938179 0.8278947100043297 0.1437481641769409 4.475922301411629 0.851800836622715 0.5695632696151733 0.4628430232405663 0.5573500394821167 1.571278586983681 0.1414178311824799 0.3580237030982971 944.9731682389975 94.67105470597744 7.17542690038681 9.320005595684052 33.40403290092945 1.716540887951851 0.4291228055953979 13.14742782711983 0.2435685992240906 18.63693535327911 54.42194880545139 13.33852435648441 113.2111887335777 13.37587507069111 44.84501340985298 37.09048627316952 217.4095323383808 26.93038661777973 129.534259557724 53.68957915902138 1.119532287120819 1.520618557929993 0 0 0 0 0 0 0 0.2695166170597076 0.1782494783401489 0 0 0 0.2387912422418594 0 0 0 0 12.36278708279133 0.1795029044151306 0 0 0 54.02273666858673 0 14.35679386556149 0.7436258792877197 0.1908671408891678 0 0 0 0 1.362024873495102 1.013672441244125 0 4.038549393415451 16.13042096048594 0.3984196484088898 0.3797255158424377 0 0.517909049987793 0 0 0.1183543801307678 0 2.33971680700779 2.222535043954849 0 0.6493284702301025 1.243285521864891 58.84517621994019 1.464508682489395 1.98142109811306 0.7704170569777489 0.2553085535764694 0.1314811855554581 0 0 0 0.9255302250385284 76.94321568310261 2.147692263126373 0 0 0 33.29578460752964 13.15557196736336 7.790959343314171 10.69654924422503 14.95253190398216 6.233593598008156 3.156062424182892 0.9964216947555542 0.3532090932130814 0 0 0 0.2014038115739822 0 0 0 43.12066251039505 12.06185977160931 15.85316103696823 68.15202104300261 6.26250696927309 55.92983072251081 11.66814602166414 120.0583084821701 5.75239922106266 1.638575002551079 28.29123777896166 17.39062108099461 1.018905371427536 35.96341712027788 4.416096314787865 7.455936163663864 4.97295655310154 1.3762536495924 10.08133266866207 1.35511226952076 0
1203.210984781384 1512.509023331106 76.84694574028254 1423.718810811639 2247.533880241215 363.5680899992585 9404.572794213891 142.5228521376848 3901.548176653683 4676.802529141307 1528.624490566552 1832.854823902249 0 2021.571037627757 84.51779107004404 29.4422477260232 1.089027009904385 1.088761270046234 0 0.9087977111339569 2.814420625567436 2.103431433439255 5.35012486577034 3.823099598288536 3.195740975439548 1.299070447683334 5.333691224455833 1.129047013819218 3.472186639904976 2.06597712635994 48.57195016741753 54.48587185889482 278.0123016834259 0.7964579164981842 2.787964940071106 5.242992997169495 485.3521407172084 16.06055353581905 43.87496276199818 12.72330691665411 3.61132125556469 2.569355852901936 0.4308535605669022 2.648079544305801 0 1.309609532356262 141.4065388068557 3.693838477134705 4.163194097578526 1.535251602530479 8.031337015330791 4.436619400978088 8.810836382210255 0.8003120496869087 1.794011153280735 1.74798434227705 27.54280772060156 50.19303735345602 14.02986129373312 16.29900628328323 3.528898231685162 18.48988914489746 0.7460615187883377 93.74862093478441 3.153377249836922 2.48596353083849 2.887057296931744 1.728461645543575 5.500367678701878 9.863709382712841 445.7099369093776 246.7889743894339 1.865624979138374 62.20312678813934 36.52907644212246 130.9908546358347 168.0602786540985 46.28049644082785 0.9344619661569595 175.8661469593644 2.752343326807022 7.949620634317398 11.05509153753519 0.1996904909610748 2.602492809295654 5.771964274346828 2.615198239684105 2.761710584163666 2.684434272348881 1.787935808300972 2.144285961985588 0.7229956835508347 12.58983524143696 1.647965282201767 2.44069105386734 2764.117845006287 150.1639171093702 0.9049040973186493 6.655959367752075 85.90295775234699 2.008032381534576 4.243375480175018 74.93741768598557 2.143463268876076 41.61164106428623 131.651879966259 33.8586173504591 308.2846577763557 43.82865029573441 109.325709566474 102.7522629126906 508.6760774180293 92.67954874038696 305.180812343955 132.6898099780083 1.458655253052711 3.416747517883778 0.1376241892576218 0.1481238603591919 0 0 0 0.3168518245220184 0 0 0 0 0.196302056312561 0 0.1861675381660461 0.289348766207695 0.1986846625804901 0.1774288564920425 0 23.11358459293842 3.075509697198868 0 0.220874696969986 0 128.441760532558 0 46.88081276416779 3.35969165712595 0.1138399615883827 0 0.1251041144132614 0 1.737999513745308 6.758678577840328 0.3132124990224838 0.3530249148607254 12.30983606725931 25.90946845710278 0.8560265675187111 0 0 0.459995448589325 0.4070195108652115 0 1.178678922355175 0.1388911604881287 9.224090173840523 5.477365225553513 0 2.451463669538498 2.583856210112572 147.732112288475 1.718021094799042 5.73153991997242 0.7513568475842476 0.540685772895813 0.1501048803329468 0.1959671974182129 0.5945579037070274 0 0 237.2259536236525 13.88688668608665 0.1489344090223312 0.1264260709285736 0 74.03130108118057 44.66388460993767 20.86212829500437 32.72323992103338 21.40321631729603 17.89686146378517 4.195763438940048 2.255765914916992 1.482076533138752 0 0.1558168232440948 0 1.249945804476738 0.1337743550539017 0 0.2607731819152832 112.8869642168283 57.1161527633667 54.63798308372498 381.3209337964654 63.78058541566133 371.5597356706858 147.2636415287852 291.1645915359259 81.63609109818935 6.977685831487179 176.2410910502076 37.92414351552725 7.551042273640633 69.8152055516839 9.748296558856964 21.03865857422352 11.55321365594864 0.8921099305152893 8.26579324901104 9.840213984251022 2.544940009713173
