0 3733.543977826834 833.0556212514639 2463.548189841211 159.587140455842 198.6550291925669 943.258670181036 133.3440802842379 153.735313564539 3167.209248565137 425.6905661970377 97.75967322289944 179.3778654187918 56.06670601665974 0.8228188902139664 0.1544625908136368 0.3425223231315613 0 0 0 0 0 0 0 0 0 0 0 0 0 588.9496567249298 9.009053945541382 1.251969248056412 0 0 0 2.802408203482628 0 0.8040694147348404 0 0 0 0 0 0 0 4.957396402955055 5.898270323872566 0 0.1275957822799683 0 0.7112691402435303 0 0 4.481784895062447 17.33241645246744 367.4831166490912 1226.69399086386 73.64056634157896 24.18870448321104 0.2637567669153214 1.851377308368683 0 22.0921887755394 4.614196270704269 2.169383279979229 2.605388149619102 1.082678757607937 0.3556848168373108 0.1410805732011795 20.60656103491783 28.45197704434395 0.6899663209915161 192.8160443305969 96.83928993344307 16.45013584196568 3.998087666928768 0.3197301924228668 1.125145755708218 10.54679740220308 0 5.958346597850323 17.83116317540407 0.7249973714351654 1.688725396990776 7.769895255565643 1.974957972764969 0.6018699407577515 1.380123198032379 1.745295181870461 0.7461320459842682 0 0.14234758913517 0 0.6517604887485504 374.8404714763165 53.69299912452698 3.213556110858917 1.230214595794678 1939.232423171401 0 0 0.3599618971347809 0 0 0 0 0 0 0.2424781620502472 0 1.001999840140343 0.9612850397825241 0 1.379597008228302 0 0 0 0 0 0 0 0 0 0 0 0 0 0 0 0.4606861174106598 0 0 0 0 0 0 0 0 0.5774794965982437 0 0.3992762565612793 0 0 0 0 0 0 0 0 0 0 0 0 0 0 0 0 0 0 0 0 0 0 0 0 0.2762553095817566 0 0 0 0 0 0 0 0 0 1.67898616194725 0.822223961353302 0 0 0.1729047894477844 0 0.6618951112031937 1.222036987543106 0 0 0 0 0 0 0 0 0 0 0 0 0 0.7945685386657715 1.026025623083115 0 61.95651978254318 11.40406834334135 132.6181613132358 6.925434641540051 1534.251224532723 17.67749278247356 1.527659639716148 4.782262615859509 0.5109822452068329 0 0 0 0 0 0 0 0 0
3733.543977826834 0 1241.029471695423 842.0589986294508 4570.952303536236 372.5394560992718 5393.00351729244 487.7971837297082 5154.030016452074 1309.836928330362 4503.244845725596 66.22732176631689 576.5471070259809 244.5362230762839 10.07252664119005 0.2045998871326447 0 0.123724952340126 0 0 0 0 0 0 0.1377719193696976 0 0 0.5546997338533401 0 0 1303.397469356656 43.56837445497513 1.805523484945297 0 0 0 2.393684342503548 0 0 0.2802057266235352 0 0 0.1902342587709427 0.2739116251468658 0 0.136094257235527 23.40060744434595 11.72684136033058 0.6185470819473267 0.3640265613794327 1.690677724778652 0.2044932693243027 0 0.3701256960630417 4.363613039255142 19.75980739295483 36.97583563625813 439.0114748477936 21.27014374732971 48.59405918419361 0.6969094350934029 0.7463176995515823 0 82.93019758164883 12.14859981834888 6.500970631837845 7.933142825961113 3.859628237783909 0.7979195639491081 0.1119159087538719 4.922197610139847 0 0 160.1993761658669 113.0690879747272 46.40150418132544 31.80191161483526 4.129342004656792 1.204414248466492 6.417489394545555 0.6764286383986473 1.928238160908222 35.4044460952282 2.392598077654839 0.8590147495269775 15.45038381963968 4.416427925229073 0.3023423105478287 3.647573858499527 0 0.4699144810438156 0.4641559943556786 0 0.2417126819491386 0 34.28664422035217 0.5456651449203491 0 0.7695906311273575 651.2725743353367 0.263410747051239 0 0 0.3340385854244232 0.7131842225790024 4.920780003070831 0.5521616190671921 1.883276805281639 1.477049648761749 4.825001999735832 0.826700434088707 10.11691366136074 10.85009109973907 6.471311420202255 5.145923063158989 0.1036968156695366 0 0 0 0 0 0 0 0 0 0 0 0 0 0 0 0 0 0 0 1.474388971924782 0 0 0 2.196435496211052 0 0.1564019471406937 0 0 0.1337076872587204 0 0 0 0 0 0 0.1955608725547791 0.745554655790329 0 0.1127604842185974 0 0 0 0 0 0 0 0 0 0 0 1.433839805424213 0 0 0 0 0 0 0.1578164547681808 0 0 7.086088195443153 0 0 0 0 2.169708624482155 0.3571591675281525 1.33288362622261 0 0.2869648188352585 0.5468400567770004 0 0 0 0 0 0 0 0 0 0 7.140673816204071 1.377422690391541 0.480845645070076 148.3155752643943 37.73672719299793 276.2572926655412 38.55216753482819 875.3295134007931 34.33893562108278 3.759368970990181 10.26698915660381 2.648072361946106 0.1604534387588501 4.38546397536993 0.1160199120640755 0.1385139673948288 0.2897577583789825 0 1.163160637021065 0.4234247654676437 0.2781548500061035
833.0556212514639 1241.029471695423 0 7.679559677839279 512.4352511465549 24.0772912055254 93.2646294683218 4716.228672415018 413.1298921257257 19.86918839067221 3105.907772839069 47.42129354178905 154.9552435055375 374.7681557238102 14.15335814654827 1.269064150750637 0 0.8604553490877151 0 0.7961162701249123 1.324705347418785 0 1.374019965529442 0.231281116604805 0.3255739733576775 0.3639426082372665 1.141295209527016 0 0.13118876516819 0 3398.546488776803 194.6165125370026 14.53873986005783 0.5047165751457214 0.9526265859603882 0.4788172543048859 2.700969502329826 1.079914458096027 0.4036941230297089 0.5142656415700912 1.732002064585686 0.9988082870841026 0.816477008163929 1.112944975495338 0 1.432514749467373 25.16668700426817 9.732698835432529 0.7860220968723297 2.225404404103756 5.45457562059164 0 0 0.136851578950882 4.5484659075737 14.5553379803896 59.7589168176055 1164.865230381489 30.15503606945276 45.51253721863031 19.94586476683617 7.043423593044281 0.7585717439651489 257.3392082229257 9.529632456600666 4.062969654798508 6.40552780777216 7.684909179806709 13.36068186163902 13.51582714170218 24.62469643354416 4.315795972943306 0 214.4889291971922 192.8438663929701 45.68690823763609 36.45822154730558 12.37047035247087 59.24546249955893 345.1283264756203 10.42995742708445 47.85546741634607 28.31836172193289 0.6413056999444962 1.75244776904583 13.57347036898136 6.918993808329105 0 2.825855769217014 0 1.001317106187344 0.3241664171218872 9.952592350542545 0.8422920852899551 1.494182825088501 39.27859106659889 1.40607376396656 0 0.5972408652305603 383.5220849066973 0.1134627908468246 0 0 0 1.7444157153368 4.624785870313644 0 1.038291797041893 0.7819355428218842 2.389672383666039 2.175355225801468 6.867055639624596 8.995192512869835 7.735029019415379 13.42746461182833 0.2247374728322029 1.029708608984947 0.1563061326742172 0.1345219314098358 0 0 0 0 0 0 0.2800443470478058 0 0 0.1529279351234436 0 0 0 0 0 0.3289254009723663 0.9334385991096497 0 0 0 5.973083131015301 0 3.677081756293774 0.5228645503520966 0 0 0 0 0 0.2049605250358582 0.121044859290123 0 0.5724127367138863 0.3934103325009346 0 0 0.2029676735401154 0.580358624458313 0 0 0 0 0 0 0 0.3688379377126694 0.1234114095568657 12.74104236066341 0 0.8079150468111038 0.3714787885546684 0.09381583333015442 0 0 0 0 0 16.90656608343124 1.53206941485405 0 0 0 8.699640013277531 2.568741329014301 6.359461881220341 0.2355707213282585 0 0.4379744827747345 0.2119215726852417 0 0 0 0 0 0.2733497619628906 0 0 0 6.533479884266853 6.64801387488842 4.28738608956337 170.9498258158565 32.91263207793236 209.2452078014612 32.90100782364607 271.992340028286 24.64322149008512 2.960871428251266 23.7872084453702 4.303155206143856 0.361958846449852 8.756514810025692 0.6619441881775856 0 0 0 1.480612352490425 1.084403768181801 0.3279407918453217
2463.548189841211 842.0589986294508 7.679559677839279 0 36.76085034757853 279.4794601202011 827.7486348003149 1.074471697211266 89.55639111995697 4185.58393406868 4.720845505595207 436.5111660957336 803.5608595684171 44.3222917765379 1.954527661204338 0 0 0 0 0 0 0 0 0 0 0 0 0 0 0 31.77131575345993 4.714746944606304 0.1478479653596878 0 0 0 1.449417755007744 0 0 0 0 0 0 0 0 0 4.501877784729004 3.143756181001663 0 0 0.2526289820671082 0 0 0 1.078157439827919 4.486915372312069 9.571591585874557 69.07652562856674 2.656035453081131 10.99201525747776 0.1410237997770309 0.6794381141662598 0 12.90437134355307 1.695231691002846 0.9961426556110382 1.47281152755022 0 0.1568696349859238 0 0.73077791929245 0 0 43.11801362782717 25.10435406863689 8.061696916818619 4.531514182686806 0.6906411945819855 0.1265216618776321 1.002194672822952 0.3603904545307159 1.163466356694698 10.11471916735172 0 0.1693860441446304 3.474607452750206 1.158740594983101 0 0.5362737029790878 0 0 0 0 0 0 15.45923367142677 0 0 0 126.9065861105919 0 0 0 0 0 0.1876360177993774 0 0.3080954253673553 0 0.4050565659999847 0 0.203070804476738 0.5091833770275116 0.4221708178520203 0.3619541525840759 0.2935202717781067 0 0 0 0 0 0 0 0 0 0 0 0 0 0 0 0 0 0 0 0 0 0 0 0.8702733069658279 0 0 0 0 0 0 0 0 0 0 0 0 0 0 0 0 0 0 0 0 0 0 0 0 0 0 0.3582378774881363 0 0 0 0 0 0 0 0 0 1.151933968067169 0 0 0 0 0 0 0 0 0 0 0 0 0 0 0 0 0 0 0 0 1.019573107361794 0 0 35.30056419968605 4.96394494920969 74.84786929935217 5.249436601996422 441.4918144568801 6.575105033814907 0.2905806750059128 0.2875282764434814 0.5024981498718262 0 0.6427446454763412 0 0 0 0 0 0 0
159.587140455842 4570.952303536236 512.4352511465549 36.76085034757853 0 25.8827275633812 983.3644835501909 232.8193849250674 2465.989280186594 226.0042575225234 1898.618748672307 50.84358417242765 20.89256817102432 21.04204738140106 18.51900778710842 0.5178999155759811 0 0 0 0 0.2034149616956711 0 0 0 0 0.6484033763408661 0 0.1837431937456131 0.09328337013721466 0 191.5004220232368 49.14996616542339 2.461340770125389 0 0 0 1.7273138910532 0 0.3394301235675812 0.10503089427948 0.1301967948675156 0.3073180615901947 0.2277416586875916 0 0 0.1133119612932205 41.02871536463499 10.40198132395744 0.1619372367858887 0.7397307902574539 2.740196049213409 0 0.1393893361091614 0.5697496235370636 2.377661414444447 8.750784240663052 8.551363028585911 79.37398566305637 7.550862208008766 37.24918044358492 0.4714346155524254 0.4859867841005325 0 66.82490684092045 7.56478113681078 4.454534262418747 5.307245813310146 2.313931316137314 0.5193107575178146 0.2691946625709534 7.394382625818253 0 0 60.5441454872489 47.5488353818655 35.93417622148991 46.13978459686041 12.82663246244192 1.688383087515831 5.613519929349422 0.4843910932540894 1.165385648608208 19.21587703377008 0.3675936460494995 1.164901666343212 13.35279311239719 1.780578397214413 0 2.779498942196369 0 1.102456197142601 0.6791006028652191 0.3062157779932022 0.2862422615289688 0.4107512384653091 204.1341327726841 0 0 0 47.49970182776451 0 0.3987954407930374 4.309220120310783 0.5561584830284119 5.581477642059326 40.66472415626049 3.707134887576103 19.41215986013412 4.636759430170059 19.98493432998657 12.32370518147945 62.15558799356222 99.65584695339203 51.41733442246914 53.40060120075941 1.106433250010014 0.8787590563297272 0 0 0 0 0 0 0 0 0 0 0 0 0 0 0 0.2213698923587799 0 3.472796007990837 10.32510981708765 0 0 0 6.665895864367485 0 1.461444780230522 0 0 0 0 0 0 0.1288538575172424 0 0 1.293728813529015 1.327159233391285 0.4622531235218048 0 0 0 0 0 1.226786941289902 0 1.14371132850647 2.21957641094923 0 0 0 16.44079026579857 1.362475618720055 0.8449900671839714 0.4888033419847488 0 0 0 0 0 0.24808669090271 44.7419194355607 0.1340615898370743 0 0 0 24.19010826200247 5.706602275371552 10.52596916258335 0.2159540355205536 3.198308736085892 5.377880781888962 1.078161716461182 1.836220644414425 0.1247582584619522 0.1243447437882423 0 0 0 0 0 0 52.67930266261101 3.925215542316437 2.133776441216469 230.327338449657 42.35174281895161 294.3820863440633 80.58452809602022 271.0089534372091 32.28419476002455 3.183985702693462 27.42397379130125 9.809281401336193 0.2935017943382263 22.71172010153532 1.654443003237247 3.30596162378788 0 0 2.001641646027565 2.812552660703659 0.5731587707996368
198.6550291925669 372.5394560992718 24.0772912055254 279.4794601202011 25.8827275633812 0 189.6654523164034 6.722754880785942 66.37431409955025 828.1208525151014 13.6476596146822 185.1031939536333 131.7497731298208 55.63384176790714 0 0 0 0 0 0 0 0.4764570295810699 0 0 0 0 0 0 0 0 23.40322734415531 1.604445084929466 3.690208539366722 0 0 0 5.050832137465477 0 0.1816805303096771 0 0 0 0 0.1342630386352539 0 0 0.3475040346384048 1.035136476159096 0 0 0 2.611999928951263 0 0 0.1518199890851974 1.563131988048553 129.5352952182293 78.13097208738327 11.88051549345255 1.825864255428314 0 0.233646497130394 0 6.694778427481651 0.6029773950576782 0.3049863278865814 0.2319587469100952 0.1936184763908386 0 0.3869524300098419 106.309781357646 283.3386429995298 7.077719002962112 9.783532157540321 5.060023292899132 1.795119479298592 0.486910805106163 0.4594088196754456 0 4.857267126441002 0 0.2220516204833984 1.874248877167702 0.1367868632078171 0 1.808238074183464 0 5.135947331786156 3.03029066324234 12.09160548448563 0 0.3423648178577423 0.2764460742473602 0 0 811.7333536148071 161.1665360927582 15.24387355148792 4.182087287306786 591.2302661240101 0 0 0 0 0 0.3511978387832642 0 0 0 0 0 0.1576733142137527 0.4873881787061691 0 0 0 0 0 0 0 0 0 0 0 0 0 0 0 0 0 0 0 0 0 0 0 0 0 0 1.372581601142883 0 0.169293999671936 0 0 0 0 0 0 0 0 0 0 0 0 0 0 0 0 0 0 0 0 0 0 0 0 0.8525023385882378 0 0 0 0 0 0.1450636833906174 0 0 0 1.199795320630074 0 0 0 0 0 0 0.4201371222734451 0 0 0 0 0 0 0 0 0 0 0 0 0 0.1780972480773926 1.343411982059479 1.293460056185722 3.296662628650665 2.026500761508942 9.702134922146797 0.783901646733284 138.8809746205807 1.389508530497551 0.7799093723297119 0.1493172645568848 0 0 0 0 0 0 0 0 0 0
943.258670181036 5393.00351729244 93.2646294683218 827.7486348003149 983.3644835501909 189.6654523164034 0 176.1840969026089 2283.332713849843 2517.936747096479 274.6520541235805 490.5930793806911 2770.849090002477 656.9067053049803 31.14899265021086 0.2770183682441711 0.3166174292564392 0.1377097964286804 0.1455999761819839 0 0.1498115509748459 0 0 0.1657154262065887 0 1.263674661517143 0 0.6385376080870628 0.4064366221427917 0 205.7180453389883 86.94302508234978 6.589598283171654 0 0 1.218309462070465 2.476518884301186 0.2674357146024704 1.210178270936012 1.480503983795643 0.4196272790431976 0.9330408871173859 0 0.5727563798427582 0.1448363810777664 0.5646396726369858 74.28625990450382 29.34472502022982 1.900166414678097 1.728830620646477 5.378002397716045 0.4270371198654175 0.1554989516735077 0.6535908505320549 8.47518202662468 30.10541942715645 35.00037430971861 231.6688006594777 21.0347218438983 88.92187746614218 0.9998522773385048 3.211350567638874 0.1895099133253098 170.0034719705582 20.4553801342845 9.943717122077942 17.15761541575193 7.984781421720982 2.386683434247971 0.1107819378376007 7.450683608651161 0.6129538118839264 0 214.3655616268516 145.5332038775086 88.0916623622179 86.11527233570814 16.38094046711922 2.136259518563747 12.27407458424568 1.693288378417492 3.342302098870277 59.60720667988062 1.565223827958107 5.842635355889797 33.36817943304777 9.633739598095417 0.2143013179302216 5.314406171441078 0.3998446315526962 0.8679447621107101 1.879010528326035 0.1845647394657135 1.554572232067585 3.1424310952425 523.274375885725 1.97651095688343 0 2.044313587248325 179.9094051346183 0.1779066026210785 0.8166685327887535 5.966020509600639 1.047767460346222 13.16964672505856 68.07846708595753 3.854644536972046 33.87824904918671 17.18320916593075 43.69559510797262 14.66683300584555 109.2910519614816 142.6359745934606 70.20749082416296 81.50287602841854 1.787108063697815 1.103950887918472 0 0 0 0 0 0 0 0 0 0.114992618560791 0 0 0 0 0 0 0 7.378430552780628 12.7529576048255 0 0.1324775815010071 0 7.428855948150158 0.3340552598237991 2.836766541004181 0.3027420341968536 0 0 0 0.4613710641860962 0 0 0 0 5.587212435901165 5.08448289334774 0.1813248544931412 0.3000546842813492 0 0 0 0.1671699285507202 2.148258075118065 0 0.9953541606664658 2.213309802114964 0 0 0.182849183678627 23.40095647424459 4.224514305591583 2.023693785071373 1.176927089691162 0 0 0 0 0 0.4315002858638763 79.78582519292831 0.1600286364555359 0 0 0 35.81167859584093 8.807516574859619 15.76223699003458 3.553461767733097 3.935749888420105 2.648822493851185 4.163177564740181 2.262723192572594 0.7567727491259575 0 0 0 0 0 0 0 83.23475544154644 4.900867998600006 5.992829397320747 406.9143337085843 92.83357533812523 662.108737424016 130.5328625068069 1107.309595175087 84.37107833474874 9.053623422980309 52.80535267293453 15.69745222479105 2.057562053203583 30.37209257483482 2.55206760764122 5.196301117539406 1.373301208019257 0.37052221596241 3.677189998328686 3.037686318159103 0.3234186470508575
133.3440802842379 487.7971837297082 4716.228672415018 1.074471697211266 232.8193849250674 6.722754880785942 176.1840969026089 0 2319.001191981137 23.44461392611265 1819.756210818887 196.5634825304151 1223.459603704512 2254.98429723829 82.28668475151062 9.112726651132107 6.694404318928719 13.28235893696547 1.967784136533737 8.445281006395817 13.07492416352034 0 8.969633534550667 3.248609811067581 3.599268168210983 2.166428327560425 4.743931710720062 0.9647937417030334 1.138279885053635 0.5163000673055649 592.744849562645 2280.114654257894 65.48902300000191 2.912984281778336 10.23068015277386 2.26353831589222 5.625614605844021 5.207347095012665 2.480704084038734 7.303269386291504 9.984018236398697 3.736988261342049 17.4595095589757 15.86925135552883 0.6078626811504364 60.78774544596672 146.3223863020539 13.98283408582211 4.769423618912697 25.22286514937878 29.81472977995872 1.606677278876305 0.1571666747331619 1.297344759106636 2.632337555289268 12.98433116078377 16.26664321124554 143.2562502101064 9.55596848577261 63.42959330230951 240.9719272628427 28.73488729447126 15.09865394234657 348.3921019807458 7.419332697987556 5.521357730031013 17.16385318338871 47.19213628768921 112.9005011767149 106.3191721811891 42.57393129169941 24.29831829667091 0.1829426437616348 85.20930546522141 81.21056797355413 86.74469245225191 225.4504378437996 281.5347026884556 1703.934088043869 2363.466479822993 469.5083146393299 718.8008739650249 29.33674893528223 1.404446318745613 2.073764234781265 18.6121194139123 50.71661216765642 0 5.0776586830616 0.3240982592105865 5.623785883188248 1.573721140623093 48.57897321879864 4.889936603605747 6.163677707314491 115.4110514819622 4.431561082601547 0 1.772278793156147 52.5678686350584 0.6317664384841919 0 0.3518033921718597 0 0.394277349114418 3.128781318664551 0.7353455126285553 2.616636127233505 0.6864316612482071 1.17122720181942 0.8206561803817749 7.644434005022049 10.15821358561516 8.615986749529839 31.37949290126562 1.047001667320728 0.5319150760769844 0 0.161565363407135 0 0 0 0 0 0 0.199991375207901 0 0 0.1400176733732224 0 0.2631043493747711 0.3439184129238129 0 0.1547631472349167 0.8999008536338806 3.114154696464539 0 0.6445154100656509 0 12.38102006912231 0.1592312157154083 7.571765124797821 2.196112670004368 1.136565506458282 0 0 0.2924336791038513 0 0 0.7730606868863106 0 0.5726839005947113 3.109651900827885 0.3026028275489807 0 0.2266246527433395 1.144121520221233 1.183894276618958 0 0 0 0.2270140573382378 0.3576329350471497 0 0.5130061954259872 0.8331880569458008 29.67103261500597 1.686620071530342 0.8244865760207176 0.6464148163795471 0.176262155175209 0.2053251266479492 0.1216802150011063 0.2431998401880264 0.1180110424757004 0 39.1873432174325 3.603265568614006 0 0 1.131957739591599 15.22192732989788 6.189859412610531 15.85412193834782 0 0.3837105631828308 1.821476608514786 1.127601608633995 0.2235136702656746 0.2196905091404915 0 0 0 0.1289573609828949 0 0 0 18.63586524873972 13.16964676231146 12.50075132399797 464.3430529013276 81.87754401564598 538.4816851839423 175.3371188342571 151.4903302788734 55.94030224531889 7.814663872122765 95.9253134354949 12.70839143544436 0.5014960393309593 10.48718617856503 0.7135797441005707 1.387970507144928 0 0 2.519137918949127 10.56132386624813 1.698268800973892
153.735313564539 5154.030016452074 413.1298921257257 89.55639111995697 2465.989280186594 66.37431409955025 2283.332713849843 2319.001191981137 0 614.1436892002821 4114.083978831768 149.8187174350023 440.2546287402511 321.9125837832689 26.9950340539217 1.155450522899628 0.8408359885215759 0.5577469170093536 0 0 1.032079420983791 0 0.1887976676225662 0.1630212813615799 0 0.5217693001031876 0 0.587881863117218 0.5247304141521454 0 137.4486799091101 42.97139014303684 6.273274123668671 0 0 0 1.207428887486458 0 0.2970026135444641 0 0.1299776285886765 0.4308963418006897 0 0.7338102906942368 0.1101330667734146 0.1265711039304733 51.11382924765348 8.774205408990383 0 0.5858606696128845 3.074754253029823 0.2001484781503677 0 0.5635283440351486 2.463175229728222 8.900137014687061 9.60489547252655 60.7691310569644 7.474856033921242 27.28795016556978 0.4912761822342873 0.8193783462047577 0 63.19802498817444 5.469908609986305 2.610092334449291 5.16578634083271 3.213470086455345 1.029908336699009 0.1075947061181068 5.237472251057625 0 0 53.391188159585 37.05941081792116 34.04789976775646 60.43930130451918 23.05305881053209 1.362365700304508 9.481025837361813 0.8787359520792961 1.588574752211571 18.97165931016207 0.8220424577593803 1.724491521716118 9.255417563021183 3.854227587580681 0 2.748897939920425 0.2285490930080414 2.360047437250614 0.4457817450165749 0.5381385162472725 0.3248409032821655 3.079774290323257 609.3817480653524 1.273646339774132 0 0 56.12795022130013 0.2154976725578308 0.5450310409069061 5.725142017006874 0.5340510457754135 11.49934354424477 68.65524052083492 6.847324073314667 47.35513254255056 19.50275899469852 42.18118834495544 22.34050761163235 135.9589782431722 179.1681467443705 96.89969086647034 94.9862404987216 2.054766789078712 1.41298184543848 0 0 0 0 0 0 0 0 0 0 0 0.334760993719101 0 0 0 0 0.1844412088394165 10.0454408749938 12.13696007430553 0 0 0 12.90964192897081 0 3.517606765031815 0 0 0 0 0.2334382683038712 0 0.1384036988019943 0 0 4.747655764222145 7.761041969060898 0.1109514087438583 0.2690798416733742 0 0 0 0.199184387922287 1.792139023542404 0 0.2800228595733643 1.464326523244381 0 0 0 41.0972672700882 4.595938697457314 4.052248820662498 1.886517189443111 0.2362905293703079 0.0955367311835289 0.1491825729608536 0 0 0.18479984998703 91.99648847430944 1.245797112584114 0 0 0.1173564270138741 51.00577988475561 11.84003074467182 22.39819855242968 2.333653450012207 5.758949719369411 5.357619524002075 2.404578804969788 1.960067741572857 1.136790931224823 0 0 0 0 0 0.1881296038627625 0 112.0625242367387 8.777846306562424 5.363911524415016 401.9385166987777 69.59871408343315 328.364785566926 122.9833267629147 368.5795986354351 43.6087406501174 5.327149160206318 72.95122311264277 16.01200502365828 1.419415965676308 46.6275630146265 3.720599457621574 4.515631929039955 0.4509488195180893 0.2674481868743896 5.839563488960266 3.711290799081326 0
3167.209248565137 1309.836928330362 19.86918839067221 4185.58393406868 226.0042575225234 828.1208525151014 2517.936747096479 23.44461392611265 614.1436892002821 0 28.13708580285311 2055.718159124255 2911.940520629287 1049.075573548675 7.803790897130966 0.1511935293674469 0 0.2124185413122177 0 0 0.1286942660808563 0 0 0 0 0 0 0 0.1618881374597549 0 37.59863897413015 12.29764819145203 4.852096557617188 0 0 0 0.5665588676929474 0.1744711846113205 0.8869062960147858 0 0 0 0 0.1681129187345505 0 0 18.27158547192812 7.773462295532227 0.1377629935741425 0.1763506680727005 1.297670774161816 0 0 0 3.562012925744057 9.445593379437923 41.70008446276188 108.858932428062 10.38913670927286 27.68896701931953 0.3271671831607819 0.1290193051099777 0.1529026031494141 35.96294868737459 6.888683117926121 2.489021971821785 3.918933145701885 0.8008889406919479 0.37795290350914 0.6585934162139893 19.8401991724968 2.554486036300659 0 82.51225174963474 55.80694133043289 23.80017774552107 17.47896008938551 2.980416655540466 1.594273954629898 8.561392083764076 0.6025074198842049 1.069559082388878 16.92569601535797 0.1608802825212479 1.315322607755661 5.91842994838953 2.355942279100418 0 1.449491798877716 0.2064779996871948 0.3281345963478088 0.1398378312587738 0.2227918207645416 0.1567976623773575 0.5928469002246857 1081.847847983241 10.1236207485199 0 0 770.9456558078527 0 0 3.341366291046143 1.240033268928528 3.614343792200089 22.02505730092525 3.899129971861839 10.58962204307318 5.34527599811554 17.00515653192997 4.774279773235321 36.88520178198814 51.99125617742538 29.41874994337559 25.34821925312281 0.3904652148485184 0.2803270816802979 0 0 0 0 0 0 0 0 0 0 0 0 0 0 0 0 0 2.460140824317932 3.159303709864616 0 0 0 2.245915226638317 0 1.55357725918293 0 0 0 0 0 0 0.1804923117160797 0 0 2.294578462839127 1.237344212830067 0.2224198132753372 0 0 0 0 0.2138111144304276 0.1319911181926727 0 0 0 0 0 0 8.705230876803398 1.559391304850578 0.4125719517469406 0.132906049489975 0 0.138504296541214 0 0 0 0 20.12276987731457 0.1744518429040909 0 0 0 15.68781556934118 0.5915841907262802 4.100717596709728 0.8983395248651505 1.460243165493011 0.4010259211063385 1.883224248886108 0.5255747139453888 0.2972311973571777 0 0 0 0 0 0 0 30.50224533677101 1.728284001350403 1.246502220630646 140.0239853933454 19.70080433040857 187.75500100106 26.82224129885435 2350.475519865751 14.49704455584288 1.554473496973515 12.68490764498711 4.104143410921097 0.1217359825968742 10.73128813505173 1.538125433027744 1.304019436240196 0.1928086429834366 0 1.412649005651474 1.675626069307327 0.1173921823501587
425.6905661970377 4503.244845725596 3105.907772839069 4.720845505595207 1898.618748672307 13.6476596146822 274.6520541235805 1819.756210818887 4114.083978831768 28.13708580285311 0 242.3883418738842 2164.120419301093 5298.58978394419 77.91159516572952 4.898246571421623 1.393924936652184 2.209150835871696 0.1850494593381882 1.504775002598763 3.235956624150276 0 2.000686794519424 0.9108218401670456 5.042460083961487 4.045425280928612 7.300155475735664 1.266335017979145 1.569702222943306 2.024152189493179 674.8667334616184 478.1792489886284 51.51740277558565 0 2.99329786002636 7.807571277022362 5.493134155869484 8.889410316944122 1.78720623254776 5.631170973181725 11.52024006098509 4.85548509657383 0.7763459533452988 3.886188536882401 0.2376047074794769 1.928666837513447 156.2682856842875 20.82883308082819 1.918100282549858 2.543768256902695 19.51276256144047 0.1968196779489517 0 0.5483051091432571 3.761561587452888 17.47658128291368 18.51098433881998 192.8828957900405 19.070760384202 83.67625421285629 17.57578637450933 36.42603828012943 4.069869838654995 199.2877430021763 14.34085217863321 8.176090076565742 15.00682694464922 8.890763200819492 12.26569959521294 32.6359905526042 33.51942214369774 18.52875792980194 0 129.8013946041465 106.9682199582458 109.3806844800711 206.5063446834683 115.8883924484253 84.30303505063057 642.7239660993218 7.54383110255003 43.5816565901041 51.79952750355005 0.7907080948352814 3.123997241258621 29.38699812442064 8.199909910559654 0.1652848124504089 4.972148261964321 0.132671520113945 3.768428198993206 3.169971168041229 21.61295557022095 6.582638956606388 4.452156491577625 175.2887775152922 6.424842089414597 0 0.1349098533391953 91.66158798336983 0 0 2.484002754092216 0 5.074750900268555 12.52276767790318 1.177874594926834 11.65646670758724 2.650744318962097 10.95516665279865 7.194196924567223 32.72941979765892 49.39477010071278 30.78866969048977 44.16140406578779 2.950952224433422 0.8745512217283249 0.2846056222915649 0.1402448117733002 0 0 0 0 0 0 0 0 0 0 0 0.5439526587724686 0 0 0 2.821145474910736 4.325998216867447 0 0 0 13.1328709423542 0.7289074063301086 6.643531933426857 0.7683050185441971 0 0 0 0.1633763313293457 0.2269631326198578 0.1460738182067871 0 0 3.476561903953552 3.627584367990494 0 0.1557604372501373 0 0.5517246872186661 0.3604107201099396 0.2002047300338745 1.051835924386978 0 0.197991207242012 0.7222920954227448 0 0.156772181391716 0.8362538143992424 30.12659312039614 1.820171445608139 1.531542629003525 1.018693953752518 0.2213836759328842 0 0 0 0 0 56.90390565991402 1.79616105556488 0 0 0 20.19452053308487 5.360736399888992 15.40204138308764 0.298041433095932 2.735977500677109 1.698922291398048 0.2678478062152863 0.7538263201713562 0.2835678160190582 0 0 0 0.3070722371339798 0 0.1469737887382507 0 38.93507313728333 8.090181425213814 11.42591513693333 666.3845162764192 147.8687130585313 682.2341073378921 253.0312485471368 326.2962593361735 82.8138043731451 12.85840749740601 154.2333155050874 13.54278630763292 0.7962187975645065 19.52939280122519 1.127191536128521 1.937215641140938 0.704655334353447 0 3.150729805231094 12.74274590611458 1.140504449605942
97.75967322289944 66.22732176631689 47.42129354178905 436.5111660957336 50.84358417242765 185.1031939536333 490.5930793806911 196.5634825304151 149.8187174350023 2055.718159124255 242.3883418738842 0 3251.899274334311 1849.423959560692 15.39525426924229 2.619559422135353 0 0.3262705206871033 0.1355310380458832 0 1.916866362094879 0 0.6336182653903961 0.1454300433397293 1.748656779527664 3.446079187095165 1.229174390435219 0.2758098170161247 0.3055392056703568 0 19.61607779562473 34.19583824276924 25.81272561848164 0 0.3213734030723572 11.14957720041275 9.031447127461433 7.558035477995872 5.93646302074194 12.96571213752031 4.08021841943264 2.847039505839348 0 1.215331643819809 0 0.7242599129676819 27.40178467333317 4.294881798326969 1.425440043210983 0 2.372849270701408 0.1614159792661667 0.2151217460632324 1.441236704587936 0.1418986618518829 6.113986521959305 2.865575298666954 27.26952899992466 2.953258216381073 13.37403476983309 2.270495556294918 25.48135817050934 0 45.16779983043671 2.993806593120098 0.9231811240315437 0.6096882969141006 0.5609550327062607 0.967292383313179 5.623113244771957 101.974869325757 44.18457193672657 0 36.38713593035936 22.48195064067841 17.67871570587158 37.64807990938425 18.24738654494286 0.8610391914844513 47.26243427395821 0.5436788499355316 5.897074356675148 13.08717728406191 0 0.1200808063149452 2.403595983982086 1.918395727872849 0 0.6319196745753288 0 0.2415801882743835 0.1536338627338409 2.640725150704384 3.669880509376526 1.420563951134682 2357.975651115179 14.43229097127914 0.7894605398178101 1.045660056173801 92.18123838305473 0.5801719725131989 0.4939027726650238 4.839988335967064 1.191288411617279 10.29274633526802 50.10174241662025 5.847310274839401 36.03827952593565 13.51304949820042 42.37919481098652 27.77535453438759 123.3797048702836 192.0627343282104 122.467259734869 169.8692768141627 4.872737169265747 2.600685380399227 0.3759849220514297 0 0.2269734889268875 0 0 0 0 0 0 0 0 0 0.229872927069664 0 0 0.3996288776397705 0.2842292487621307 11.95145127177238 22.06171578168869 0 0.1538271605968475 0.2653985917568207 41.50808168947697 2.169030532240868 10.5868012085557 0.9243379086256027 0.6313728839159012 0 0.3272561728954315 0.3560394793748856 0.5814125537872314 1.297755546867847 0.3604348003864288 0 12.59364587813616 10.63672986626625 0.1662437915802002 0 0 0.6879461705684662 0.2360322624444962 0.6881143823266029 3.851536676287651 0.1163196042180061 1.582243606448174 5.492312453687191 0 0.7642190754413605 0.9370261207222939 102.5439586490393 5.38718868792057 5.217420347034931 2.664222218096256 0.8040758669376373 1.196589417755604 0.8061350584030151 0.4199819713830948 0 0.6947223916649818 189.0951722636819 6.947424456477165 0.2194078713655472 0 0 93.00595071911812 14.61954410374165 45.0225777104497 1.765515714883804 9.630495332181454 9.89138425141573 4.950004301965237 7.469217427074909 2.243296079337597 0 0 0 0.9750103354454041 0.4273807257413864 0 0 198.1594550460577 31.3120801448822 16.87995824217796 273.2469071224332 37.12403544783592 208.857518196106 59.98564264178276 379.0820484906435 19.77197647094727 2.853718228638172 40.90408129245043 26.38693708181381 1.473625972867012 69.47415962815285 4.932975769042969 8.446536347270012 0.3538753092288971 0.1580832749605179 12.61961348354816 1.068954333662987 0.8696562945842743
179.3778654187918 576.5471070259809 154.9552435055375 803.5608595684171 20.89256817102432 131.7497731298208 2770.849090002477 1223.459603704512 440.2546287402511 2911.940520629287 2164.120419301093 3251.899274334311 0 2177.081358797848 47.36072008311749 7.281883805990219 2.4289760440588 0.7433916926383972 0.4757114350795746 1.076874494552612 2.661644071340561 4.268234953284264 1.124701663851738 0.3520495966076851 6.430431857705116 6.462201900780201 6.951337695121765 5.627931833267212 0.8214589506387711 1.017469197511673 47.85365362465382 82.12742676585913 1012.08660236001 0.9746666252613068 2.156822130084038 89.31303238868713 163.5726990699768 116.7764636799693 30.81064505875111 106.4532184451818 36.77149167656898 15.24451691657305 0 4.720488756895065 0.1243396177887917 0.8847104907035828 91.38819409906864 7.665216058492661 1.838937297463417 1.021975412964821 15.7467027977109 2.026873730123043 3.695704936981201 6.566917575895786 2.934909924864769 6.22261006385088 9.309430167078972 37.46405731141567 4.801917880773544 32.80327862501144 7.750450730323792 218.0010868087411 1.334138169884682 86.70112492144108 5.56309849023819 2.764262072741985 5.785202115774155 6.165110245347023 5.710999108850956 30.59617482870817 331.1177701577544 106.1835618019104 0.141590878367424 48.53701360523701 38.58087750524282 43.83719204366207 118.4420106261969 60.54030372202396 6.865206770598888 117.0348208919168 4.576056137681007 23.63824497908354 21.4162685573101 1.042601011693478 1.996865667402744 10.64931214600801 5.436252109706402 0 3.450806424021721 0.5910895466804504 4.930832490324974 3.595161624252796 18.31296010315418 13.03711027652025 6.224577829241753 2737.232346720994 33.95221822708845 0 10.63053926825523 81.96771532297134 1.310137063264847 0.7098562717437744 6.354806080460548 0.6132477670907974 17.86857879161835 74.63343397527933 4.452412545681 41.3296704813838 20.06041574478149 52.8438658863306 28.11323184520006 126.3087619617581 218.4505985826254 117.8114477619529 228.9948112592101 9.750398680567741 2.573481813073158 0.2984573245048523 0.9835543110966682 0 0 0 0 0.2353949993848801 0.4569327831268311 0.9784677773714066 0 0.5661937147378922 0.3688490688800812 0.6763645559549332 0.4696355313062668 0.3380302041769028 0.3266611993312836 0 10.40164387226105 24.52582451701164 0.1564164161682129 0.753961056470871 0.484654039144516 67.40192882716656 2.598078608512878 28.28386911004782 5.073106110095978 1.401812747120857 0.168745145201683 0 0.5225277617573738 0.1557580381631851 0.8862369060516357 0.4847631901502609 0 12.37317234277725 12.01776990294456 1.778714403510094 0.2286414280533791 0.1706396788358688 1.724406152963638 1.970994785428047 0.6404598504304886 3.641927309334278 0.4119103699922562 2.43040781468153 3.558551423251629 0 0.6012248545885086 4.828884989023209 149.7343395128846 5.535476632416248 6.511510282754898 3.174640379846096 0.1167518645524979 1.09254527837038 0 0.1200478002429008 0.1968113034963608 1.077617332339287 308.046114332974 27.01624530553818 0 0 0.959058091044426 116.7884052470326 32.38107694685459 67.23484695702791 3.141857489943504 7.056538194417953 10.92324356734753 7.90082036703825 8.668235674500465 2.726501442492008 0.1097791120409966 0 0 0.2250907570123672 0.3442595452070236 0.303922526538372 0 234.3729320168495 56.69416213780642 39.10168399661779 493.4447641149163 101.0633995011449 371.1241060644388 165.2079313769937 450.8536298200488 50.90116400271654 6.56842976808548 116.914076641202 38.50118547677994 1.911679670214653 85.93676565587521 5.241352796554565 11.44996576756239 1.292841218411922 0.7025239169597626 18.60379017144442 9.092949770390987 0.9160927534103394
56.06670601665974 244.5362230762839 374.7681557238102 44.3222917765379 21.04204738140106 55.63384176790714 656.9067053049803 2254.98429723829 321.9125837832689 1049.075573548675 5298.58978394419 1849.423959560692 2177.081358797848 0 65.4318528175354 7.414150848984718 2.776261262595654 1.50065803527832 0 1.457672789692879 7.639714971184731 0.8761236071586609 5.838179707527161 1.391937032341957 17.61737126111984 6.792820081114769 10.99304410070181 4.07214479893446 1.277706682682037 1.893130838871002 92.40043812990189 155.5977525487542 763.5146418064833 0.4880836009979248 5.53814423084259 68.30880884826183 222.044664926827 97.84740255773067 27.21024949848652 71.53771811723709 51.35636425018311 15.44172311574221 0 4.644222475588322 0.4560106843709946 1.579929664731026 115.597018301487 6.871415928006172 1.466036088764668 1.816000521183014 27.60154459625483 3.880451157689095 1.33935022354126 7.092151932418346 3.553575471043587 7.439798325300217 8.165238626301289 49.91877436637878 11.22207608819008 41.88663305342197 8.366501837968826 238.7581887096167 2.79590517282486 125.6896834820509 7.056602723896503 2.398233018815517 6.927919320762157 5.753709092736244 11.76364902406931 60.27921433001757 238.1338376477361 71.35882022976875 0.1776485294103622 60.84751115739346 53.90617547184229 63.5090671852231 142.4485527351499 80.73746082186699 23.70429988205433 266.2456663623452 6.639061562716961 41.32386998087168 24.56623497605324 2.457320354878902 1.247169405221939 13.16802603751421 8.319374307990074 0 3.165065318346024 0.2043081969022751 4.761620983481407 2.554708525538445 33.4701484888792 24.27962996065617 9.504580736160278 1325.535340070724 25.32180662453175 0.6506234407424927 5.257331311702728 38.81254109740257 0.8247260451316833 0 5.884749710559845 0 11.53946527093649 44.61423052847385 6.364644661545753 33.14654753357172 9.465259030461311 29.70535495877266 17.09452882409096 83.60385186970234 151.2290478944778 88.80854415893555 172.341568402946 6.181348226964474 3.249069966375828 0 0.1011862009763718 0 0.1564463078975677 0 0 0 0.2646089494228363 2.064706265926361 0.2254763692617416 0.4941434115171432 0.3524052351713181 0.4764290153980255 0.5277660489082336 0 2.23293474316597 0 8.899684987962246 18.72201099991798 0 1.048027992248535 0.1838192790746689 44.36103141307831 1.546943828463554 20.93234021216631 4.328569769859314 0.6678101718425751 0.1670375019311905 0 0.533798411488533 0 1.12769577652216 1.595985874533653 0 8.926922641694546 11.42801457643509 0.2463284134864807 0.4601431265473366 0.1895575076341629 1.942672491073608 1.11957973241806 0.3893339559435844 2.79615680873394 0.3487667292356491 1.470764987170696 1.656479619443417 0.2962595969438553 2.657104834914207 4.169279739260674 112.2392750680447 3.296313226222992 4.996990084648132 2.670017965137959 0.3815687000751495 0.9457685947418213 0.3911359682679176 0.3683988153934479 0.1926147192716599 0 211.409412920475 14.27242724597454 0.265528678894043 0.4340559393167496 0.243456244468689 87.0704287737608 25.4778947532177 56.55667110532522 2.855106718838215 6.725187323987484 6.186705946922302 3.840447440743446 3.169178694486618 1.060669958591461 0.3503041863441467 0 0 0.1755416989326477 0.2615431174635887 0.363583967089653 0 158.0004656538367 34.5789570659399 29.34611514210701 676.6943581998348 121.1432698592544 479.3751248046756 189.1521509960294 300.1488526538014 60.48880255222321 8.565447136759758 168.499632678926 31.51433892548084 0.8825849443674088 67.26423223316669 7.925154343247414 9.047868959605694 1.470063850283623 0.3049176931381226 10.62581969052553 12.2879391014576 0.9755091369152069
