0 4130.292690642178 245.7119884490967 1335.450268894434 635.7001289278269 146.8921290040016 1502.76619027555 7.45737923681736 13.19919531792402 1275.583488687873 6.000126302242279 53.10534952580929 130.0992584899068 6.953562304377556 0.8612624481320381 1.520758494734764 0 0 0 0 0 0 0 0 0 0 0 0 0.1990248709917068 0 840.694235548377 2.22090257704258 1.381636500358582 0 0 0 2.49787499755621 0.2897876501083374 0.2718081176280975 0 0 0 0 0 0 0.1384751051664352 9.761462651193142 0.740342490375042 0 0 0.4249349310994148 0.2543414235115051 0 0 6.78469955176115 24.19128599017859 699.0681730955839 2021.400251969695 70.05471066385508 76.09857382625341 0 0 0 3.056581884622574 7.689112402498722 1.57854788005352 2.322524435818195 0 0 0 9.593569710850716 6.39093691110611 0.1882567256689072 193.8838504627347 28.69548320770264 7.645806178450584 0.8497273325920105 0.8466600850224495 0 7.566230781376362 0.2592256367206573 1.385586686432362 16.76478005945683 2.413514792919159 2.54916862398386 11.52752079814672 0 1.453035607933998 0.4388478547334671 0.5877227187156677 0.2733221054077148 0 1.142676249146461 0.6481495797634125 0 206.496581479907 70.24369469285011 2.805542677640915 0.6027626395225525 1792.759659484029 0 0 2.630169153213501 0 0 5.60513910651207 0 3.93229641020298 9.779989182949066 5.349240332841873 0 7.179365217685699 7.643141746520996 8.000906869769096 2.980032503604889 0 0 0 0 0 0 0 0 0 0 0 0 0 0 0 0 0 0 0 0.3927276432514191 0.9566831588745117 0 0 0 0.1198443248867989 0 0.2140549868345261 0.111766517162323 0 0 0 0 0 1.449323326349258 0 0 0 0 0 0 0 0.1752494871616364 0 0.7539204955101013 0 0 0 0 0 0.1604146361351013 0 0.6502166539430618 0 0 0 0 0 0 0 0 0 4.501223519444466 0 0 0 0 0.2048236280679703 0.1377137303352356 0 0 0 0 0 0 0 0 0 0 0.3714819848537445 0 0 0 0 0 0.260777972638607 96.82034711539745 8.15884155780077 79.74922458082438 35.269287109375 1471.375263229012 45.16464975476265 10.0513729006052 10.22335685044527 5.437040239572525 0 0.5599084794521332 0 18.14056205749512 0 0 3.869933545589447 0 0
4130.292690642178 0 2283.756769143045 301.7103166803718 2795.025663308799 194.95523186028 3302.893482200801 71.44744902104139 888.5713567659259 128.272389665246 395.9589679911733 32.21994831413031 655.7922226116061 457.2782638072968 27.86930743604898 13.54514659196138 0.46098542958498 0.1915967464447021 0 0.1228738129138947 0.6300175786018372 0 0 0.1860202103853226 0.1228565499186516 0.1445448994636536 0 0.3589643836021423 0.640830859541893 0 5341.553415231407 42.82272712141275 16.38842211663723 0.1685506999492645 0 0 15.95473717153072 0.7165166512131691 2.702517777681351 1.112689308822155 0 1.298778980970383 0.1714997291564941 2.871094949543476 0.2785679996013641 0.102746918797493 163.8561382964253 14.33858209103346 1.618185967206955 0 8.208252519369125 0.2263408154249191 0 0.8034561425447464 38.96317563951015 154.3270610123873 345.3373916149139 1292.23122369498 71.64502055943012 222.5168242901564 0.6254818066954613 1.53288247436285 0 27.57581272721291 67.36308025568724 22.93188514560461 27.95975072681904 0.9048036485910416 1.001369841396809 2.22816501557827 52.72433187812567 30.708306401968 0 398.0365235954523 229.8791063576937 87.87316374480724 34.52746046334505 11.87099703401327 1.161948084831238 48.09874826669693 0.4686508923768997 4.820340342819691 145.7718329653144 10.34253306686878 26.22086071968079 84.06993872672319 0.8143916204571724 0.3502390459179878 8.183283396065235 0.128320574760437 2.285669341683388 0.6640787199139595 3.367960460484028 6.14719507843256 1.049667850136757 108.913786098361 11.34784553945065 0 3.131544038653374 1176.394373483956 0.7608212381601334 8.947125673294067 3.636692136526108 3.080905854701996 11.07170586287975 45.93931786715984 0 48.18641710281372 38.02715812623501 12.17750088870525 15.60677590966225 97.34927348792553 88.22410540282726 102.3967499136925 35.86944419145584 2.97322142124176 5.051411345601082 0 1.151247709989548 0 0.4652779996395111 0 0 0.5138316750526428 0 0 0 0 0 0 0 0 0 0.441967248916626 15.15818165242672 19.17529499530792 0 0 0 18.00232512503862 0.1488449424505234 0.8715985417366028 1.385721504688263 0.5115382447838783 0 0 0 0.4887486100196838 0.9323250353336334 2.623866826295853 0 8.524343803524971 12.671595916152 1.81014683842659 1.177905023097992 0 0 0 1.230499923229218 2.948250561952591 0.3891215994954109 1.041192412376404 3.884417124092579 1.282917663455009 2.478417657315731 0.2302323877811432 34.10408288240433 2.663819670677185 4.407180234789848 2.645801082253456 0.9160102158784866 0.1433196663856506 0.4738420471549034 0 0.1414821147918701 0.2495876252651215 96.59454414248466 2.566259697079659 0 0 0.1438165009021759 26.18600726127625 1.22394298017025 5.209105670452118 12.37619805335999 4.650747314095497 15.93695566058159 7.114936470985413 6.810823157429695 2.396526843309402 0.09253141283988953 0 0 1.453924626111984 0.1990565806627274 0 0 23.1626370549202 18.24516834318638 6.017384201288223 433.3809713795781 48.42119704931974 866.5258353948593 245.1915562972426 1449.716657742858 157.6040146648884 40.89356521517038 206.3494722917676 17.74195494502783 3.330665975809097 90.34484405815601 11.32508072257042 58.35174316167831 14.2778537273407 1.245073556900024 12.61811521649361 2.210530929267406 1.338475093245506
245.7119884490967 2283.756769143045 0 6.145292863249779 3162.072169087827 6.867727175354958 249.547502271831 3469.122426018119 1112.904012002051 22.25294702500105 2731.880388759077 54.1935608536005 540.3576526716352 1087.374712243676 108.8163767829537 61.90879768878222 2.143330901861191 0.720733717083931 0.2133123874664307 0.9083060994744301 0.8951104432344437 0 0.2806948274374008 0.1845663040876389 1.566964864730835 0.6503153741359711 0 0.676185242831707 0.906164288520813 0 5541.325645007193 1732.145396582782 62.58024518936872 0 0 3.69855223596096 68.9084400087595 26.20153444260359 36.22754458338022 6.170922100543976 13.45801629126072 7.312115773558617 2.019790381193161 12.36803073436022 0.2578216642141342 5.357920050621033 365.9841397032142 22.59041826426983 3.770297884941101 4.511612966656685 60.37969654798508 0.5392129719257355 0 3.275537692010403 30.10219713300467 122.7089618071914 189.8914034962654 1498.550213620067 42.54326657950878 215.0072748288512 54.56715285032988 10.97296924889088 1.470953091979027 617.2962475717068 63.4990561157465 66.19385599344969 70.90085455030203 27.04371110349894 40.89989839494228 34.28266660869122 165.2340905591846 64.0812352001667 0.1455104351043701 337.5232121050358 565.7469013780355 165.3260173797607 150.4133265465498 59.2188573256135 109.6506199687719 1324.089988946915 74.70942507684231 347.3351869285107 133.0739229619503 6.918557792901993 32.08139948546886 109.5547034665942 16.19724728912115 2.564625844359398 16.93090419471264 0.2745169997215271 22.75908891111612 10.09258011728525 87.77825179696083 79.39993451535702 11.09430225193501 120.4667081162333 54.20676797628403 1.474141240119934 24.15230274945498 162.3897273242474 2.504220627248287 1.928015112876892 3.562282040715218 2.001139551401138 7.413568243384361 46.06049874424934 1.606170177459717 58.80785669386387 41.8783163279295 15.72859965264797 22.45498390495777 109.2376743257046 79.27430494874716 143.1823306083679 61.12906813621521 0.5987067744135857 17.8784773349762 0 3.170787945389748 0 0 0 0 0 0 0 0.4318574741482735 1.830669701099396 0.5356546640396118 0.7974251732230186 0 1.080443799495697 3.297419622540474 0.5151076912879944 19.04018528014421 21.45375785976648 0 0.7235918641090393 0 33.48817828297615 0.7514871805906296 13.43187376856804 14.18300203979015 4.253235280513763 0.2078086882829666 0.6012840792536736 0 1.892683252692223 9.830086171627045 9.883802711963654 0 7.464694976806641 20.34901336580515 2.895214855670929 0.8816335648298264 0 0.8993569761514664 0 0 6.521654322743416 1.979484230279922 1.732080802321434 9.337403237819672 0 3.050378292798996 0.3132516071200371 58.51185160130262 6.061559230089188 6.006505392491817 3.32186970859766 1.143775954842567 1.01077926158905 0.2264009863138199 0.2196299582719803 1.197502955794334 1.680628173053265 147.4705324172974 6.165900200605392 0.2077823430299759 0.1932200640439987 0.8807268142700195 45.60270123183727 3.147523611783981 12.96006098389626 21.35164146870375 11.54089406132698 38.55366962403059 5.470087498426437 11.10876255482435 1.776911832392216 0.5575460195541382 0 0 0.4811392426490784 0.6274398192763329 0.4706293046474457 0.264911949634552 30.08624677360058 50.37271684408188 28.94183274358511 693.9365828260779 78.46673185378313 1193.601111575961 365.4190678745508 350.2633445709944 143.8035334646702 30.85862511396408 339.795966565609 66.69415649026632 4.3838165178895 157.1926769912243 24.74065540730953 92.46010985970497 26.9085486382246 0.149293914437294 11.32270120084286 4.671704456210136 3.095337986946106
1335.450268894434 301.7103166803718 6.145292863249779 0 65.04240031540394 502.4282456040382 2101.541166849434 0.4495447725057602 108.505506709218 6197.512482836843 1.638842262327671 458.9267290234566 1374.343513682485 16.33896301686764 0.3961593359708786 0.4528190791606903 0 0 0 0 0 0 0 0 0 0 0 0 0 0 44.62637528777122 0.6368506848812103 0 0 0 0 0.368033230304718 0 0 0 0 0 0 0.1368311792612076 0 0 12.20732434093952 2.056901827454567 0 0 0.9199874177575111 0 0 0 5.358531877398491 22.93294512480497 86.74954625964165 153.9064111113548 20.0610696002841 40.08517743647099 0.1317642331123352 0.1768280565738678 0 0.9967274367809296 7.57136394828558 1.717861667275429 2.676225729286671 0 0 0 0.2266158610582352 1.375650197267532 0 67.87388128042221 22.27934197336435 8.898816257715225 1.491627052426338 0.5638331174850464 0 0.3565196767449379 0.1459800899028778 0 23.6856455206871 2.421914845705032 2.453757405281067 11.06890592724085 0 0.146011546254158 0.3911851346492767 0 0.2416395768523216 0 0 0 0 103.4167397469282 0.2672571837902069 0 0.4508507251739502 148.5462547242641 0 0 1.008875280618668 0 0 10.51518657803535 0.5147059559822083 7.680253267288208 47.79474332928658 3.997280433773994 0 13.17678332328796 14.42884361743927 17.19660919904709 0.8144981265068054 0 0 0 0 0 0 0 0 0 0 0 0 0 0 0 0 0 0 0 1.587151944637299 0.2346137017011642 0 0 0 1.401913970708847 0 0 0 0 0 0 0 0 0 0 0 0.4940790832042694 0 0 0 0 0 0 0 0 0.580296516418457 0 0 0 0 0 0.9929684698581696 0.1911588162183762 0 0 0 0 0 0 0 0 1.676822647452354 0.7975590229034424 0 0 0 0.4205444157123566 0 0.2916764318943024 0.4269692599773407 0 0 0 0 0 0 0 0 0 0 0 0 6.461797222495079 1.665243685245514 0 39.81528743356466 4.913135454058647 89.8827433809638 25.84988515079021 617.0698718428612 22.19486973434687 5.852731168270111 10.30614973604679 1.240229368209839 0 3.579019248485565 0 28.69743064045906 1.13286018371582 0 0 0.2553025484085083 0
635.7001289278269 2795.025663308799 3162.072169087827 65.04240031540394 0 8.953942954540253 648.4700939059258 113.2420589402318 7810.926686540246 241.4848246350884 1507.740681312978 43.71001166850328 664.1882672831416 1849.264747351408 24.78019089996815 7.385076701641083 0.1441771537065506 0.244807630777359 0 0.1360976845026016 0.162796676158905 0 0 0 0.3499027192592621 0.7453529834747314 0 1.437465503811836 1.430967807769775 0.1618725210428238 884.6229262053967 62.31736976653337 13.91812537610531 0 0.1324065178632736 0.2453830242156982 6.722128599882126 0.9094749242067337 1.60520912706852 0.1516132056713104 0.1607856750488281 0.6596624106168747 0.5590682476758957 1.976728096604347 0.1118010208010674 1.043405674397945 161.7838578000665 15.64813920110464 0.584399402141571 0.1924195438623428 9.349788300693035 0.1668882369995117 0 1.128076069056988 20.08705375343561 97.31801879405975 74.45357103645802 298.4886593595147 18.70930039137602 114.3214280307293 0.1413310766220093 1.686906211078167 0 30.81313554942608 49.46110656112432 24.22248774766922 24.38217103481293 0.9205722734332085 0.5566657483577728 0.2147713452577591 56.97582053393126 21.7451119273901 0 156.87834456563 170.3675326034427 85.74203022569418 41.54046220332384 6.971832498908043 1.145598113536835 11.0796318128705 0.592265322804451 2.607697986066341 103.7200762555003 5.937663316726685 20.37635383754969 71.85989893972874 2.144718371331692 0.2749510034918785 9.039974674582481 0.1773701906204224 3.247099429368973 0.7239797413349152 2.897268913686275 2.04292207211256 1.614728443324566 113.4465030133724 10.44340664893389 0 2.832433491945267 90.32497613132 1.467508539557457 2.060433924198151 3.832752995193005 1.126628756523132 13.53165219724178 62.72698926925659 2.438499048352242 55.72007440030575 47.61123207211494 16.46884222328663 14.1609829813242 113.8263341933489 122.093337200582 113.7047924920917 52.03699973225594 0.174309104681015 3.56874081492424 0 1.105794906616211 0 0 0 0 0 0 0 0 0.2104787677526474 0 0 0 0.2107568234205246 0 0 11.15060432255268 14.29077097773552 0 0 0.114975593984127 22.78416261076927 1.500774145126343 5.007825747132301 3.991156153380871 0 0 0 0 0.1518611460924149 4.044398531317711 5.729245081543922 0 10.5447823703289 14.27993229031563 1.033096387982368 0.9814591407775879 0 0 0.1689723879098892 0.3014608919620514 2.853929758071899 0 0.763683021068573 9.324470460414886 0 0.8672682642936707 1.243401288986206 50.30998842418194 2.584626615047455 9.064141601324081 1.804921165108681 0.3025278747081757 0.221773162484169 0 0.1027472540736198 0.1033328846096992 0 108.9085048735142 2.501927077770233 0 0 0 31.83431760966778 1.113642930984497 9.206190392374992 15.24930830299854 13.89384046196938 18.67655199766159 5.309430733323097 1.818300873041153 2.716722562909126 0 0.2199140787124634 0 0.3244397267699242 0 0 0 38.71622614562511 23.88948032259941 9.229614704847336 471.5950542166829 51.29867117851973 789.0604540780187 236.1243334934115 355.4171484857798 114.3808734044433 25.56190541386604 214.428955450654 26.83898880332708 1.80469585955143 105.7856131494045 19.44683474302292 98.11235904693604 15.12669770419598 0 11.18098104000092 1.964916810393333 0.779988020658493
146.8921290040016 194.95523186028 6.867727175354958 502.4282456040382 8.953942954540253 0 391.9438894689083 2.881878882646561 6.363756790757179 892.7880863845348 7.253102034330368 105.3966519236565 93.35875526070595 7.454816475510597 0.850212350487709 0.1950328797101974 0 0 0 0 0 0.2768750786781311 0 0 0 0 0 0 0 0 28.23100954294205 0 2.835390582680702 0 0 0 1.933124169707298 0.1377463787794113 0.680040717124939 0 0 0 0 0.3260874152183533 0 0 0.1557335704565048 0 0 0 0.1443044990301132 6.730126678943634 0 0 0 0.139004111289978 346.0972448140383 63.78736463934183 0 0.6823093891143799 0.271177738904953 0 0 0.5726149529218674 0 0.3590632900595665 0 0 0 0 57.32024438679218 176.8621691316366 8.082761332392693 0.4300707578659058 0 0.1934772729873657 0.1545195877552032 0 0 3.730113282799721 0.7060737907886505 0.2808606326580048 0 3.887076899409294 0 1.552453815937042 0 8.828389197587967 3.05493538081646 11.0200462937355 0 0.7798064947128296 0 0 0 247.1452442258596 286.8206961005926 24.40695124864578 5.486912950873375 605.5061906725168 0 0 0 0 0 0.9007755368947983 0 3.401189744472504 0.918682873249054 0.8330777287483215 0.2416242957115173 0.8013322800397873 0.936067670583725 1.174362942576408 0 0 0.5556594729423523 0.2322991490364075 0 0 0 0 0 0 0 0 0 0.1642145663499832 0.393866091966629 1.428208827972412 0 1.819889664649963 1.076367527246475 0.1703258901834488 0 0.1591450721025467 0 0 0 0.9730804115533829 0 0.2417406886816025 0.8801138252019882 0.4238670766353607 0 0 0 0 0 0.9049747586250305 0 0 0.4031096994876862 0 0 0 1.424994796514511 0 0 0 0 0 0 0 0.7507345229387283 0 0 0 0 0 0 0 0 0 0 0 1.970902755856514 6.616926580667496 0 0 0 0.4541977494955063 0 0 0 0 0 0 0 0 0 0 0 0 0 0 0 0 4.765397816896439 1.295757234096527 4.292131662368774 0.1154649332165718 2.520900256931782 0.2832912057638168 236.3448362648487 0 0.4524312913417816 0 0 0 1.373490437865257 0 2.903252601623535 0 0 0 0 0
1502.76619027555 3302.893482200801 249.547502271831 2101.541166849434 648.4700939059258 391.9438894689083 0 22.75890557467937 739.6372816711664 1716.733719319105 177.1107018217444 122.0660305023193 7885.695308096707 926.100768238306 29.36303771287203 14.1361747905612 0 0.4449243694543839 0 0.8544983714818954 0.4625149667263031 0 0 0 0 0.4104253053665161 0.3252652585506439 0.5612868368625641 0.6673856377601624 0.1973602175712585 336.3885467574 25.64434340596199 9.627097971737385 0 0 0.2658790051937103 9.010084837675095 1.254749640822411 2.264175862073898 0.8970813304185867 0.4182040691375732 0.288179874420166 0.2529270648956299 4.319273643195629 0 0.6216748207807541 179.4335973411798 18.61777111887932 1.441217504441738 0.2054913938045502 10.80658316612244 0 0 1.111684158444405 38.9403230547905 161.4538704901934 224.7014069408178 537.9033858329058 58.3189365118742 211.4008241742849 0.2904332652688026 1.543499417603016 0 32.66300956904888 68.59807316958904 26.79596240073442 28.27540368586779 0.5946474745869637 0.4155559688806534 0.1490926593542099 40.54210667312145 21.47824724018574 0.170180931687355 326.8308231532574 201.6324506476521 89.45008109509945 35.55076806247234 6.941457137465477 0.6902404054999352 4.624129846692085 0.8677217215299606 1.133983470499516 147.4818439185619 10.8325953707099 30.71066418290138 94.10156328976154 3.362019941210747 0.768418125808239 8.356190405786037 0 1.854837745428085 0.1674489229917526 2.854427590966225 3.272291406989098 1.227572053670883 469.3277099728584 5.722868569195271 0 3.930074028670788 264.9589286893606 2.514055013656616 6.792410671710968 35.35912366211414 2.659313589334488 5.097611740231514 76.08479197323322 4.467857658863068 69.42451117932796 96.48342940211296 32.18092705309391 10.99186728894711 175.5602717027068 144.2014543563128 151.938060335815 41.90314762294292 4.298778027296066 2.164151832461357 0 1.118585824966431 0 0 0 0 0 0 0 0 0.2400125414133072 0 0 0 0.1290564090013504 0 0 11.72871287167072 9.609359368681908 0 0 0 15.39293696731329 0.1821776777505875 5.600961089134216 0.4665769934654236 0.4037482738494873 0 0 0 0.4724463820457458 1.833826526999474 2.533902883529663 0 4.3222930803895 6.138334438204765 1.865601249039173 0.3074077367782593 0 0.1444748044013977 0 0.7492869645357132 0.8409489989280701 0.3401108235120773 1.507712304592133 2.591096296906471 0.2882901430130005 0.146678701043129 0.1551648825407028 26.92697021365166 5.066728562116623 0.6548858061432838 3.671702891588211 1.441691972315311 1.156091019511223 0.1260095834732056 0 0 0 103.1282634139061 1.912884309887886 0.2547938227653503 0 0 20.9252250790596 1.690642192959785 2.33556067943573 7.63289850205183 6.733143143355846 7.171169139444828 1.658172965049744 1.189025811851025 3.121136032044888 0 0 0 0.1343683004379272 0 0 0 46.05169638991356 20.43460959196091 4.125037923455238 430.0277195423841 59.54104013741016 880.0438752174377 275.393784634769 1579.359782502055 157.6570027023554 43.18765671551228 214.5401573032141 20.49231335520744 1.20429801940918 68.04540340602398 12.71382216364145 86.38654150813818 6.492948725819588 0 2.289645925164223 2.554264090955257 0.8347585201263428
7.45737923681736 71.44744902104139 3469.122426018119 0.4495447725057602 113.2420589402318 2.881878882646561 22.75890557467937 0 347.8349274545908 0.6350913643836975 517.4870946258307 44.88200454413891 241.7836554199457 688.0231667533517 80.29263546317816 67.21004093438387 6.854906871914864 3.78197269141674 0.3188667893409729 0.7571821510791779 2.303183451294899 0.1774596273899078 0.1480854600667953 1.962269887328148 6.564154379069805 1.831969983875751 0.3234086036682129 0.9976121187210083 0.3004088401794434 0 1033.367336452007 1909.580679617822 60.86680713295937 1.471709251403809 2.76076976954937 7.327607288956642 63.05643901228905 32.26870573312044 33.53123594820499 5.522765457630157 24.31474433094263 20.84811198711395 3.149243548512459 28.3418151512742 0.9322129935026169 7.176161848008633 243.4626596495509 25.75440139323473 4.756785519421101 19.68553617596626 117.5737216696143 2.992922261357307 0 6.107203677296638 10.14670398086309 42.86932846158743 34.88005305081606 226.5120778232813 9.420804254710674 87.78865839540958 199.2660559415817 21.78250312805176 8.727327093482018 357.2396471425891 28.11430295556784 93.41284948587418 100.4203857034445 85.64956496655941 104.9257053434849 85.43983387947083 124.6724761351943 28.57823291420937 0.3217670321464539 77.84758829325438 205.3275826200843 115.062467455864 160.0615323334932 275.515575401485 807.9597482085228 470.8883977457881 753.2846460938454 1780.534969650209 60.35726178437471 2.628011263906956 25.49329633265734 64.88768665492535 34.42792423069477 0.3069269508123398 22.81258264929056 0.8297015726566315 33.96205338835716 21.78814466297626 153.1209696605802 127.2723853513598 15.52866995334625 47.80608750134706 33.074278652668 1.47895622253418 29.84729999303818 17.55183997750282 0.8628101199865341 0.2598628550767899 1.561531886458397 0 3.890500500798225 11.39308702945709 0.2268228381872177 5.044038385152817 10.38213260471821 1.292066916823387 4.43834125995636 21.91847413778305 19.154301866889 30.25199986994267 16.25080067664385 3.330143451690674 10.20951572060585 0.1395791471004486 3.427036374807358 0 0.5912225842475891 0.1737733483314514 0 0 0.7840641140937805 0.1644679456949234 0.3839210867881775 0.7575887516140938 0 0.3155374228954315 0 2.573142558336258 1.631041511893272 2.016637578606606 2.799749724566936 7.882212780416012 0.2707735300064087 0 1.173088029026985 12.5414524525404 0.1580816656351089 5.71630722284317 7.795761913061142 2.176521219313145 0.2092804610729218 0 0.5492642521858215 1.497325792908669 3.321839869022369 4.721358448266983 0.1428712010383606 1.327679939568043 7.725952655076981 0.1163574233651161 0.3687498718500137 1.421499371528625 1.178613886237144 0 0 2.045608401298523 1.161619782447815 0.388998955488205 1.187552280724049 0.09048674255609512 0.8587658554315567 0.1691708266735077 18.86148905754089 2.21007913351059 0.5079223066568375 2.714675858616829 0.5928089544177055 0.1442642360925674 1.806111723184586 0.8486507311463356 0.4738432615995407 0.7743249610066414 38.93226595968008 4.425076261162758 0 1.167581826448441 0.791365772485733 13.15747522562742 2.568576127290726 6.378497049212456 3.080290287733078 3.175885632634163 5.922155722975731 1.975190930068493 4.020694553852081 0.6313886493444443 0.1217868626117706 0.1217068135738373 0.146000936627388 1.299435406923294 0.3138408958911896 0.3070687353610992 0.3119358867406845 7.301197081804276 14.2756010890007 13.28521634638309 272.343127168715 39.70087042450905 594.3654638528824 178.5801360234618 81.82524255663157 50.83896622061729 8.971665866672993 149.0352368727326 16.71267510205507 0.1592598706483841 36.63157182186842 7.543647199869156 29.73383140563965 2.572219744324684 1.717412412166595 4.623944953083992 3.371774658560753 1.456749528646469
13.19919531792402 888.5713567659259 1112.904012002051 108.505506709218 7810.926686540246 6.363756790757179 739.6372816711664 347.8349274545908 0 432.7904799357057 2322.640448734164 98.05874336510897 1573.684077106416 3301.890160135925 23.90237332880497 15.65004072338343 0 0.121422752737999 0 0 0.2928714156150818 0 0 0 0 0.667743518948555 0 0.1633774191141129 0.6088594123721123 0 59.64299391210079 22.77541629225016 10.44423677027225 0 0 0.1460757255554199 11.07724338024855 1.017340302467346 2.01758324354887 0.6081354767084122 0.1473174691200256 0 0.1246903315186501 1.403392784297466 0.2174631431698799 0.1489943712949753 98.65676158666611 5.709952615201473 0 0 3.994097173213959 0 0 0 4.479548759758472 18.01589050143957 9.06209572404623 33.53047120571136 5.568567298352718 30.57875937968493 0.5541233569383621 0.1465278714895248 0 11.13206011801958 9.790273368358612 5.878502286970615 8.985390052199364 0.724402166903019 0.9855478703975677 0.3084919303655624 44.86627896875143 40.68268518149853 0.1892449855804443 22.82006149739027 36.21020013839006 31.52890463173389 19.41609801352024 8.55130772292614 0.1413127034902573 6.210345640778542 0.3875739127397537 1.338208913803101 27.13960076123476 1.310458160936832 8.908998139202595 20.25093102455139 1.749834485352039 0.6419376134872437 2.198939748108387 0.6114400774240494 1.509366765618324 0.4498580768704414 1.816887810826302 2.222425311803818 1.636269100010395 303.9021984636784 9.726134069263935 0 2.352743543684483 6.406985327601433 2.793069325387478 3.575548246502876 8.33056104183197 4.848673433065414 7.738027080893517 90.36502189934254 0.7886479496955872 78.04917430877686 74.03587591648102 26.9271389991045 25.87546277046204 191.2213406339288 142.3071421980858 189.7015769183636 57.75414586812258 1.854822836816311 8.676061518490314 0 0.457201287150383 0 0 0.8000255823135376 0 0 0 0 0 0 0 0.1826581805944443 0 0 0.117537334561348 0 9.571881972253323 18.07543917000294 0 0 0 29.5801298469305 0 4.040440410375595 1.517848841845989 0.8799261450767517 0.1203486248850822 0 0 1.287409633398056 1.740579321980476 0.9031857550144196 0 18.32648909837008 17.13160547614098 2.176528230309486 0.3679770529270172 0 0 0 0 4.138535119593143 0.7811347544193268 3.508504919707775 13.24921531230211 1.402724206447601 1.670465990900993 0.4193056374788284 43.90401749312878 3.397094413638115 6.161098852753639 6.901369616389275 1.055082231760025 1.607889801263809 0.2141086161136627 0.1769465804100037 0.6617251485586166 0 131.575180478394 6.489025264978409 0 0.6909725069999695 0 24.04643201828003 0.6734746247529984 6.02658386528492 20.33405315876007 6.45081752538681 25.30254274606705 2.715726263821125 5.433337308466434 0.593176543712616 0 0 0 0.2990252673625946 0.3165864944458008 0 0 58.10078872740269 15.42303416132927 5.408825546503067 319.5997748672962 26.49347980320454 389.908237837255 128.90964268893 133.4328578934073 44.77775671333075 5.260655090212822 142.6803685799241 33.39999224245548 1.955591440200806 142.1900736168027 14.02450135350227 134.6748924702406 15.47447316348553 0.9108664989471436 5.85898794233799 2.459549397230148 4.312777951359749
1275.583488687873 128.272389665246 22.25294702500105 6197.512482836843 241.4848246350884 892.7880863845348 1716.733719319105 0.6350913643836975 432.7904799357057 0 15.94174624234438 1547.075375393033 4019.682661019266 32.87470549345016 1.586866796016693 0.4671616852283478 0 0 0.1722457408905029 0 0 0 0 0 0 0 0 0 0 0 35.87372446060181 3.518026515841484 1.586168825626373 0 0 0 3.002711653709412 0 0 0 0 0 0 0.1453987210988998 0 0 20.93812822550535 1.900830954313278 0.171123743057251 0 1.564926430583 0 0 0.1750799119472504 6.176117092370987 25.79356754571199 86.3451752141118 117.0689119100571 17.64289557188749 45.01781442016363 0 0 0 1.928238779306412 10.62596294283867 2.52505624294281 2.954800486564636 0.09252431988716125 0 0 2.9757299721241 4.66198955476284 0 78.112359829247 28.22064961493015 12.61345687508583 5.938429638743401 1.958704978227615 0 0.1824776232242584 0 0.6662673205137253 21.33257292956114 1.282111421227455 3.987947247922421 13.21398786455393 0.4786741733551025 0.2623321264982224 1.033481150865555 0 0.5965554416179657 0 0.2377524524927139 0 0 1135.23773662746 1.924343451857567 0 0.7310450822114944 164.2852443158627 0.3675233125686646 0 7.962969467043877 3.164298251271248 6.756151989102364 96.12134775519371 6.339549958705902 65.88756623864174 184.9437056034803 55.25596073269844 5.709815487265587 149.2303485870361 147.4711758196354 129.3998704701662 16.00459901988506 0 0 0 0 0 0 0 0 0 0 0 0 0 0 0.4344882965087891 0 0 0 0 3.341224193572998 1.747708976268768 0 0 0 9.253741338849068 0 0 0.1225092336535454 0 0 0 0 0 0.2208016067743301 0.6446826010942459 0 3.663635015487671 0 0.6811186075210571 0.3305759727954865 0 0 0 0 0.5926435589790344 0 0.3886390924453735 3.226178288459778 0 0 0 0.9640264809131622 0.8715530335903168 1.993394434452057 1.834129236638546 0 0.3332501947879791 0.1881731003522873 0.2005979418754578 0 0 32.44031508266926 2.53830748796463 0 0 0 5.193094626069069 0 0.4303784072399139 5.338051587343216 1.680366635322571 3.062896952033043 1.103398770093918 0 0 0.271759420633316 0 0 0 0 0 0 41.37237180769444 5.6705561876297 0.4609371572732925 117.1741838753223 7.296427331864834 145.3360788971186 40.17222275584936 1634.617740243673 31.77362382411957 5.544479474425316 34.07565714418888 5.272892944514751 0 29.02771358191967 1.485179424285889 115.9850014448166 4.175576448440552 0 2.243745118379593 24.50567573308945 0
6.000126302242279 395.9589679911733 2731.880388759077 1.638842262327671 1507.740681312978 7.253102034330368 177.1107018217444 517.4870946258307 2322.640448734164 15.94174624234438 0 448.912165299058 2940.903230823576 6494.64911288023 110.5073909461498 93.85009397566319 2.301207982003689 0.646900936961174 0.1444445699453354 1.676033519208431 7.570242203772068 1.705542623996735 0.3117290064692497 0.4734534174203873 14.04093221575022 6.395912781357765 0.1491217762231827 2.556849181652069 1.094930864870548 0.1563841253519058 347.8460854664445 299.518678933382 1372.279539898038 1.106980979442596 1.841572545468807 29.72697347402573 566.3668125271797 68.67065767943859 68.83858592808247 8.558661177754402 27.55493651330471 27.99006854742765 2.832417964935303 18.36164724826813 0.2998728603124619 3.146325282752514 204.829435184598 12.82626228034496 2.352831020951271 0.5093825161457062 93.20642828196287 15.3480314463377 0 6.228606954216957 8.632747210562229 33.1421972066164 23.92830503731966 111.4496583268046 7.28928267210722 64.85843347758055 9.663906186819077 48.93725565075874 11.8711509257555 90.21576008200645 18.85126122832298 31.38729331642389 46.86558876931667 21.98562942445278 43.87143014371395 67.25199298560619 930.6810168176889 99.10319630801678 0.47430719435215 52.57098754495382 98.42131199687719 85.4089580476284 83.82646670937538 74.45275989919901 36.08269058167934 481.1237399205565 22.70228591561317 149.0287154763937 43.14285843074322 2.448177561163902 10.91426361352205 42.67444507777691 8.346047438681126 2.637605413794518 25.91759643703699 3.892618916928768 91.64517419040203 63.1721123456955 164.5990227907896 260.9423657357693 17.77549051493406 238.4023316428065 120.7287210673094 1.583671167492867 109.4170166030526 23.49029484391212 1.308479487895966 2.010899342596531 4.138780489563942 1.229072377085686 9.374171823263168 29.03246289491653 0 29.79513508081436 26.77752958238125 2.421576887369156 8.923622317612171 46.43491996079683 65.89394223690033 70.76743647456169 53.55182342231274 6.150367125868797 28.80951926112175 0.3674345016479492 16.92731228470802 0.6647195219993591 0.177251860499382 1.556953310966492 0 0.9692207127809525 0.9536653310060501 0.1836416572332382 0.6967405527830124 1.941745571792126 0.4202618300914764 1.21477110683918 0.5609421730041504 1.04718504846096 2.780655428767204 0.3038741052150726 17.85125430673361 26.63337042182684 1.153610303997993 0.1676257997751236 0.1161770895123482 25.18350267410278 1.770806282758713 14.0581718236208 16.5404495075345 5.835293583571911 0.2882357463240623 0.7190117686986923 0.2267200201749802 4.14311471581459 6.476207062602043 18.53684299439192 0 11.01138915121555 12.83605806529522 2.55921646207571 0.3052530288696289 0 1.232725724577904 1.001170679926872 0.4103801846504211 2.911146447062492 0.5368051454424858 2.95996617525816 11.03444401174784 0.1643953323364258 5.768850468099117 1.139824286103249 43.94303950667381 7.644488878548145 2.080554381012917 2.799918711185455 2.887562036514282 2.184401497244835 0.7562399357557297 2.048913076519966 0.9540922492742538 0.7706044614315033 132.9344089701772 15.78561125695705 0 1.012057930231094 0.4936113059520721 30.84943168610334 6.416640624403954 16.3831350505352 13.65257382392883 11.32727311551571 18.98487308621407 9.754175946116447 9.758106075227261 1.185208588838577 0 0.5061997175216675 0.1933420300483704 1.039984956383705 0.6169916093349457 0.9103128015995026 0.8687238693237305 29.54101549088955 41.15845067054033 27.66081620007753 380.6633719131351 54.34979193657637 633.4694644585252 213.9247316792607 122.270232476294 52.55867541581392 9.307245500385761 182.7951760813594 36.69497186690569 1.473777636885643 85.2288855612278 19.32676159590483 48.25281092524529 13.13581390678883 0 10.86836668848991 5.600363664329052 1.289564102888107
53.10534952580929 32.21994831413031 54.1935608536005 458.9267290234566 43.71001166850328 105.3966519236565 122.0660305023193 44.88200454413891 98.05874336510897 1547.075375393033 448.912165299058 0 1702.410467930138 238.8130389899015 26.39117936789989 27.56251174211502 0.2948901355266571 0.3080318868160248 0 0 0.1838022470474243 0 0 0 0.1989576667547226 0 0 0.1642360985279083 0.1628488153219223 0 6.460617773234844 7.391665950417519 65.32165998220444 0 0 0 79.8516453653574 3.011942997574806 7.940775290131569 0.848335012793541 1.999313071370125 0.6796643137931824 0.2919673770666122 2.725791290402412 0.2033960074186325 0.3069354742765427 41.70898385345936 0.3847609162330627 0.4085244759917259 0 2.887630894780159 1.75633604824543 0 0.2494234889745712 0.3855128660798073 3.919089443981647 8.687844075262547 8.771765477955341 0.1087505742907524 5.832728408277035 0 0.7460502535104752 0 9.403442874550819 2.057529248297215 0.7996719554066658 1.838706351816654 1.091111019253731 3.760805189609528 1.255215689539909 265.7610659524798 101.5371516644955 0.4980243295431137 4.19195244461298 9.903266057372093 14.34161564707756 10.55474967509508 15.29269675910473 2.037466287612915 48.38670942932367 7.688374400138855 2.908972829580307 4.462653383612633 0.1453247666358948 1.131937347352505 2.427125491201878 0.5750632584095001 0.2909287512302399 1.918195702135563 0.452577605843544 3.497321955859661 3.078322350978851 5.260877758264542 9.193188399076462 0.311585858464241 2333.729887470603 67.37037120759487 0.5646344423294067 13.94233022630215 64.60910631716251 2.389039747416973 3.288183473050594 10.9181931167841 3.864196866750717 11.70495904237032 124.6395672857761 4.544507101178169 92.54642035067081 111.5241985023022 48.60109770298004 22.85408285260201 241.506300419569 225.4631480723619 241.7279426455498 59.92150214314461 4.866862773895264 6.69001168012619 0.5960596799850464 3.780228912830353 0 0 0 0 0 0 0 0.2140435874462128 0.6790239810943604 0.2589136958122253 0.5778205245733261 0 0 0 0 17.57814748585224 15.92651917040348 0.3303987383842468 0 0.1711726039648056 31.10567437857389 0.2235821634531021 6.807152062654495 4.182419747114182 2.06223177164793 0.1859860271215439 0 0.1279953271150589 1.405389159917831 4.261016100645065 3.854108721017838 0 18.36216956377029 10.52997530251741 1.35267436504364 0.6027553230524063 0 0.4932416677474976 0 0.9532104730606079 1.401271693408489 0.6851288452744484 1.496436409652233 8.122736610472202 1.03878915309906 3.260791927576065 0.8773413151502609 40.44353035092354 5.829389572143555 4.215723544359207 2.902135141193867 0.8307879567146301 0.9900282621383667 0.3538265228271484 0.1755668520927429 0 0.2145174741744995 164.2467721775174 9.719278678297997 0 0.1759426891803741 0.5502385348081589 32.70222534239292 1.880280397832394 11.60648161172867 21.48970912396908 11.36071789264679 18.86464184522629 2.276622325181961 2.57523400336504 0.8844006359577179 0.2577511370182037 0 0 0.5103520750999451 0.250586599111557 0 0 133.5645197033882 39.09406867623329 16.75092033296824 123.1095195189118 14.31723018735647 147.4743809774518 45.52711549401283 140.6884143128991 10.04342080652714 0.1390449404716492 56.67626272141933 26.04036024212837 2.068050742149353 89.22730505466461 19.15100461989641 120.4106694459915 10.47872093319893 0 13.48560577630997 1.506560638546944 0
130.0992584899068 655.7922226116061 540.3576526716352 1374.343513682485 664.1882672831416 93.35875526070595 7885.695308096707 241.7836554199457 1573.684077106416 4019.682661019266 2940.903230823576 1702.410467930138 0 6648.53546449542 112.1126137450337 89.70772209763527 2.868515484035015 1.378548696637154 0 1.162946328520775 0.9026908278465271 2.590263932943344 0.4258025884628296 0 0.9729985147714615 3.354792386293411 0 1.586001455783844 2.579727813601494 0 82.70328928530216 36.7106546908617 544.9776246249676 0 0 2.712769612669945 180.7246678322554 11.48956095427275 16.94840507209301 2.054132483899593 3.957597076892853 2.457843467593193 1.322931237518787 19.6065961048007 0.9056376367807388 3.884526804089546 193.4492273926735 9.750059589743614 3.539258971810341 1.240880101919174 16.20538634061813 8.890784531831741 12.62943540513515 2.095914892852306 6.934142395853996 38.91673744469881 36.25335332751274 77.6751265078783 9.889551244676113 53.45846812427044 13.19011236727238 22.49729098379612 3.080614045262337 41.36332347244024 15.97519408911467 10.84010215848684 14.64342921227217 2.873588785529137 4.04054532200098 2.741886377334595 497.9605426043272 147.4326738268137 0.6991752982139587 56.22478917241096 66.69329889118671 71.94585646688938 51.31696742773056 61.63218224793673 10.56173999607563 212.8347108736634 56.40489593148232 69.90247073769569 43.68453738838434 2.624412909150124 8.52046712487936 26.59031366556883 3.745900318026543 1.63968613743782 5.901777714490891 2.439640700817108 9.808994844555855 7.616231560707092 20.49877208471298 25.01257432252169 6.228762112557888 2603.36877246201 134.6920268237591 14.04078640043736 79.00294803828001 51.02564243972301 4.539025396108627 8.021611168980598 17.03137525171041 9.971492156386375 16.76976151764393 197.0276744067669 5.620347127318382 154.4697137475014 215.1579238176346 67.61161448061466 27.27904577553272 411.8136007264256 384.8360653966665 376.7175921201706 106.2713982909918 8.658837594091892 23.03022702038288 0.1808163076639175 10.91760244965553 0.1490243077278137 0 1.283663347363472 0 0.2956017702817917 0 0.4088688790798187 0.6243259012699127 1.840244837105274 1.715337932109833 1.472111403942108 0 1.366808995604515 3.085497587919235 0.3311987221240997 31.53978379815817 45.03812047839165 1.665976375341415 0.6653282195329666 0.1615569293498993 53.54335750639439 1.481381066143513 16.51249295473099 14.59808384627104 5.596367195248604 0.388139545917511 0.5755438804626465 0.5893671214580536 2.284136697649956 8.100247144699097 9.300976000726223 0.3093735575675964 20.72615119814873 23.5911622941494 2.240760318934917 1.307506442070007 0.3767815828323364 1.970424503087997 0 1.798618115484715 2.33616042137146 1.298818051815033 4.500390030443668 9.56657861918211 0.1296137571334839 3.278323441743851 1.386647701263428 78.46940861642361 12.19498125463724 7.864817470312119 4.283916518092155 1.951990500092506 2.311832875013351 1.919901221990585 1.576667137444019 0.2060241401195526 0.3513391017913818 309.289911955595 22.57760462164879 0.6089895367622375 0.7830115407705307 0.3350287675857544 48.36337479948997 9.003837063908577 22.34408813714981 19.87299877405167 17.91255614906549 43.71668435633183 8.294541373848915 12.51157364994287 5.341582633554935 0.2605197131633759 0.1747071146965027 0 0.4120398312807083 1.728285133838654 0.2853053212165833 0.7758705914020538 178.7577223926783 62.02745338529348 30.41013612598181 554.3569694459438 66.93572310358286 752.1521799936891 261.5017765536904 379.9673539549112 64.85567778348923 11.91172331571579 247.9487136155367 64.76051485538483 3.554588958621025 165.4986938685179 28.70405693352222 200.9761717170477 30.43176251649857 0 13.91743871569633 5.327920511364937 1.570871792733669
