0 2883.490930408239 264.5718864277005 990.3239513337612 493.9278618395329 43.66174191236496 1722.489024750888 20.14985875040293 162.8938068151474 836.2622021436691 94.08389066159725 12.44993583858013 242.3177297338843 59.60264508426189 1.10395298153162 0 0 0 0 0 0 0.4105740487575531 0 0 0 0 0.1040697544813156 0 0 0 501.3133461773396 0.8383831977844238 0 0 0 0 0.5003171414136887 0 0 0 0 0.2007207497954369 0 0 0 0 5.181286625564098 1.309975877404213 0 0 0.21274234354496 0 0 0 3.801183149218559 1.581445209681988 196.0679944604635 419.4947066232562 51.07111693173647 8.058649219572544 0 0 0 2.03724130988121 1.519631080329418 0.6111220829188824 0.3530559092760086 0.1868167147040367 0 0 1.616041630506516 1.026370257139206 0 49.85802918672562 11.17782232910395 6.820924624800682 1.202994748950005 0.1243307217955589 0.1835651472210884 0.1823456287384033 0 0 4.886488273739815 0.2619671449065208 0.767568476498127 1.57383818924427 0.09353373199701309 0 0.0912325531244278 0 0 0 0 0 0 68.85916085541248 0 0 0 1538.260252133012 0 0 0.3739662766456604 0 0 0.9569495022296906 1.672661617398262 0 3.886126898229122 1.730038784444332 0.1394010037183762 2.031449533998966 1.397283986210823 1.278125315904617 0.519144207239151 0 0 0 0 0 0 0 0 0 0 0 0 0 0 0 0 0 0 0 0 0 0 0 0 0.0830988883972168 0 0 0 0 0 0 0 0 0 0 0 0 0.1406574249267578 0 0 0 0 0 0 0 0 0 0 0 0 0.2031664550304413 0.2387071400880814 0 0 0 0 0 0 0 0 0 0 0 0 0 0 0 0.1069000363349915 0.1133192107081413 0 0 0 0 0.1040363237261772 0 0 0 0 0 0 0 0 0.2788259238004684 0 0.1576352268457413 23.01217518001795 6.971892438828945 38.1283117942512 7.657287828624249 473.4104131385684 42.27617690712214 0.9700848236680031 3.568058744072914 0 0 0.1217237114906311 0 0.1980354338884354 0 0 0 0 0
2883.490930408239 0 2274.225136727095 344.0013019517064 4447.496377415955 101.1765847206116 3524.6067289114 280.4533689692616 1676.678160741925 131.5943861603737 1030.277302779257 13.49682538211346 525.5213522389531 461.254212975502 12.84474152326584 0.1648616716265678 0.2320950627326965 0.3075818046927452 0 0.3951748162508011 0.2612856924533844 0 0.08668468147516251 0 0.08060850203037262 0.2098275870084763 0.08981308341026306 0.4859070926904678 0.2854235768318176 0 1784.209093943238 18.42367861419916 0.985706515610218 0 0 0 1.035326287150383 0 0.08799538016319275 0 0 0.3633394315838814 0.2202358245849609 0.1085931807756424 0.08067841827869415 0.1321765780448914 65.73136749118567 11.13612038642168 0.2540787681937218 0.328156940639019 0.3065143674612045 0.2499590441584587 0 0 9.368040338158607 6.214884959161282 176.4047969058156 522.8452873826027 83.39069616049528 56.01572908461094 0.07903130352497101 0.1730068847537041 0 85.61100519448519 8.02638192102313 6.825918439775705 0.8911964520812035 1.909262992441654 0.5250858590006828 0 1.194228991866112 0.1167286112904549 0 170.2262726351619 142.0611247569323 153.4645640775561 52.61692085489631 2.955877535045147 3.275885105133057 3.600563280284405 1.019171558320522 1.174632333219051 28.57880076020956 1.230984389781952 6.236670836806297 8.254624765366316 2.085969857871532 0.192628525197506 0.4416186884045601 0.1335322260856628 0.4582437947392464 0.08380115777254105 0.09290837496519089 0.1777090653777122 0.2909745573997498 24.23090478777885 0 0.1150566563010216 0.328620009124279 927.9594202637672 0 0 0.4438796564936638 0.368771880865097 0.1757078915834427 1.967781104147434 3.301754638552666 3.235963121056557 3.455522365868092 6.378636360168457 2.09935424476862 11.5264103859663 6.847311019897461 5.760081477463245 2.334991581737995 0 0 0 0 0 0 0 0 0 0 0 0 0 0 0 0 0 0 0 0 0 0 0.1732361316680908 0 0 0 0.1618851870298386 0 0.06934932619333267 0 0 0 0 0 0 0 0 0 0 0 0 0 0 0 0 0 0.3171138763427734 0.3457004427909851 0 0 0 1.509695440530777 0 0 0 0 0 0 0 0 0.09495139867067337 0.4083444699645042 0 0 0 0.08161302655935287 0.7409287542104721 0.7592717409133911 2.701245166361332 0 0.2230800688266754 0.115193597972393 0 0.1418161541223526 0.07791662961244583 0 0.0792839303612709 0 0 0 0 0 0.8737778514623642 0.5641806051135063 0 126.984987013042 38.31596960872412 266.0569606460631 45.18824591115117 549.4147337153554 94.91358388960361 3.355748392641544 15.97414011508226 0.896633580327034 0.2619106248021126 1.788991570472717 0.4778670072555542 1.75221075117588 0 0 0.6220756769180298 0.5356403514742851 0
264.5718864277005 2274.225136727095 0 5.195830561220646 1193.110807783902 12.12706775963306 216.6410488560796 2652.018624462187 1035.823356539011 15.2023104801774 3060.156447693706 6.985098622739315 403.0571347475052 776.4447014927864 24.90673693269491 9.217546299099922 0.8319616541266441 0.3255026638507843 0.1229071468114853 0.2510827109217644 0.3286420553922653 0 0.08204991370439529 0.1776700988411903 0.1347456276416779 0.1954577341675758 0.1109222918748856 0.5708833336830139 0.09247217327356339 0.1759785860776901 5290.829534776509 960.52766854316 9.286730252206326 0 0 0.3967302590608597 2.27149560302496 0.598129965364933 0.6125291958451271 0 0.125328317284584 0.5340469032526016 0.3393105939030647 1.966010630130768 0.8226594924926758 0.1100209131836891 61.13704111427069 13.16573986411095 1.753054656088352 1.381903022527695 0.5240699350833893 0.2646507769823074 0 0 8.728920258581638 8.635006293654442 185.9478259757161 1329.470108292997 77.78824538737535 48.28764356672764 3.441260173916817 0.461225226521492 0.253987155854702 537.9537813067436 8.006383344531059 6.284336056560278 1.147122278809547 5.470666460692883 6.423468753695488 4.519987501204014 3.29644101858139 0.5306873619556427 0 197.4835023656487 378.619771078229 166.3624797910452 127.2717995196581 34.95742667466402 112.5161186531186 370.2871758788824 43.39851366728544 83.27673468738794 28.7544751688838 1.483827196061611 5.953176684677601 9.503697797656059 7.482137620449066 0.08719443529844284 0.5951925069093704 0.09955120831727982 0.07733771950006485 0 3.192708931863308 0.7014704570174217 0.4059346169233322 3.279717355966568 0 0.1116959229111671 1.638477094471455 459.9196071326733 0 0 0 0 0.4314105212688446 0.5505552887916565 5.238233968615532 1.462049901485443 3.143321990966797 2.865997061133385 0.5760468393564224 3.445016950368881 2.573722876608372 1.232665151357651 0.5477455854415894 0 0 0 0 0 0 0 0 0.0750356912612915 0 0 0 0 0 0 0 0 0 0.1981647461652756 0 0 0 0.1858086287975311 0.1202277913689613 0.1815402805805206 0.3202953338623047 0.2534999027848244 0 0.09116201847791672 0 0 0 0 0 0.1022833958268166 0 0 0 0 0 0 0 0 0 0 0 0 0 0 0 0.2200911641120911 0.8934331983327866 0 0 0 0 0 0.1346982270479202 0 0 0.1899222880601883 0.8033986315131187 0.1025600805878639 0.09741357713937759 0 0.120852991938591 0 1.130399599671364 1.128201901912689 0 0 0 0 0 0.0869702622294426 0 0 0.09733095765113831 0 0 0 0 0.7527236565947533 0.358138844370842 1.076091706752777 71.78648995608091 34.4168449640274 191.8168372288346 35.64619962871075 487.2974103093147 64.98352917283773 3.517774552106857 12.08707156032324 1.344395883381367 0.0647151842713356 0.3469047695398331 0 0 0 0 0 1.18253280967474 0.1073972135782242
990.3239513337612 344.0013019517064 5.195830561220646 0 63.85171606391668 335.0439771711826 2023.612836532295 0.800496518611908 161.180955067277 2880.730519801378 3.096602186560631 312.8702777922153 1158.479585841298 25.55633000284433 0.9371848925948143 0.1546139270067215 0 0 0 0 0 0 0 0 0 0 0 0 0 0 28.81387361139059 0.5870045274496078 0 0 0 0 0.1072987616062164 0 0 0 0 0.09230968356132507 0 0 0 0 6.586356624960899 0.8722391501069069 0.1791192144155502 0 0 0 0 0 0.7394247055053711 0.8695656880736351 30.04238427430391 60.63986303657293 14.43855012953281 4.679546065628529 0 0 0 3.318362280726433 0.5427516400814056 0.5934007689356804 0.08181753754615784 0.4181768670678139 0 0 0.6243474334478378 0.2578418254852295 0 20.98229616135359 9.942403584718704 11.00979858636856 3.421200923621655 0.1964604556560516 0.2079299166798592 0 0.09684137254953384 0 3.268715903162956 0 0.5506421625614166 0.923040509223938 0.1001184061169624 0 0.08866707980632782 0 0.1346215903759003 0 0 0.08808213472366333 0 90.43017607927322 0 0 0 183.9989386424422 0 0.08910901099443436 1.375799581408501 0.1409897357225418 0.1201805770397186 1.563568934798241 2.426880702376366 2.913648143410683 7.434659458696842 5.223600216209888 0.3611847460269928 6.042486511170864 3.519529022276402 4.19201921671629 0.4525151923298836 0 0 0 0 0 0 0 0 0 0 0 0 0 0 0 0 0 0 0 0.1156970635056496 0 0 0 0 0 0 0 0 0 0 0 0 0 0 0 0 0 0 0 0 0 0 0 0 0 0 0 0 0 0 0 0.1319814473390579 0 0 0 0 0 0 0 0 0 0.3106541484594345 0 0 0 0 0.7341359406709671 0 0.3136949092149734 0.1275847256183624 0 0.1207601502537727 0 0 0 0 0 0 0 0 0 0 0.6269412487745285 0.1639418751001358 0 23.98783442378044 3.176926232874393 29.2871690839529 4.473771497607231 310.1774928495288 14.79797410219908 0.2030709534883499 1.367535144090652 0 0 0.2451205104589462 0.1309309899806976 0 0.09993317723274231 0 0.44088514149189 0 0
493.9278618395329 4447.496377415955 1193.110807783902 63.85171606391668 0 25.31130526214838 5739.554848819971 89.83499160408974 7030.148402109742 277.300205424428 904.4149150177836 41.37470209598541 899.3047310858965 755.4361485913396 39.24209309369326 1.87123154103756 0.4688882678747177 0.7195635885000229 0 0.1098377853631973 0.1663902401924133 0 0 0.08378998190164566 0.07815288007259369 0 0.4658803343772888 0.8813611343502998 0.7232570350170135 0 261.3018041551113 50.26649102568626 1.3094177916646 0.1685192137956619 0 0 0.8584125190973282 0.1841752231121063 0.08115823566913605 0.1574042439460754 0 0.8985904529690742 0.1229278147220612 0.1673519387841225 0.08590136468410492 0 119.6926537156105 12.88430690020323 0.634575217962265 0.1341766566038132 0.9428002238273621 0.266423724591732 0.07337828725576401 1.073079273104668 8.808255314826965 7.371057473123074 71.89183039963245 158.6521694734693 35.41730511188507 86.81149597465992 0.1260966956615448 0 0.1936527937650681 149.8849648982286 8.963519588112831 6.426980040967464 1.468930326402187 2.542305544018745 0.6985568627715111 0.3978917524218559 3.004583090543747 0.4930239021778107 0.07123619318008423 124.7790100574493 165.1913570910692 266.6160344220698 173.5501509308815 6.997466206550598 2.64065832644701 3.163799278438091 1.870210319757462 0.6759775951504707 31.19348362088203 1.502939291298389 5.76780241727829 7.915854386985302 3.398227922618389 0.3752167746424675 0.6553445756435394 0.08199197053909302 0.6496566236019135 0.5780496969819069 0.1033915728330612 0.414761558175087 0.929821603000164 60.55639770627022 0 0 0 135.6766201034188 0.1246033012866974 0 3.811772294342518 2.717923432588577 1.122039824724197 7.961910426616669 4.680056050419807 15.50354881584644 14.9686212465167 16.42027876526117 7.856634818017483 58.73867050558329 39.19503419101238 28.52849831432104 16.22116219252348 0 0 0 0 0 0 0 0 0 0 0 0 0 0 0 0 0.06598247587680817 0 0 0.5800911784172058 0.6739788949489594 0 0 0 0.9767109155654907 0.06664848327636719 0.3335539102554321 0 0.08759911358356476 0 0 0 0 0 0 0 0.1577918082475662 0.3265987932682037 0 0 0 0 0 0 0 0 0.8946750164031982 0.5924109816551208 0 0 0.308131568133831 5.891048744320869 0.09879262745380402 0 0 0 0 0 0 0 0 4.694532856345177 0 0 0 0 3.37137670814991 2.882688708603382 8.942283779382706 0.640510693192482 0.7917399778962135 0.1314351260662079 0 0.6272248327732086 0 0 0 0 0 0 0 0 11.06627079844475 2.32996129989624 1.208594717085361 259.1215366274118 49.1840331479907 354.6657874919474 92.35850366204977 258.1198718100786 102.6859167516232 6.359767757356167 49.11907763034105 1.34208071231842 0 2.099522970616817 0.4332358315587044 3.866832613945007 0.4367937594652176 0.3086208403110504 0.8250374794006348 3.313623331487179 0.1393127292394638
43.66174191236496 101.1765847206116 12.12706775963306 335.0439771711826 25.31130526214838 0 290.411649748683 0.2851983159780502 36.46037429571152 830.2828475236893 0.9249488115310669 162.3092685043812 279.3166448026896 45.60499514639378 0 0.136714905500412 0 0 0 0 0 1.011181592941284 0 0 0 0 0 0 0 0 4.658053517341614 0 0.973325714468956 0 0 0 0.9527092278003693 0 0 0 0 0 0 0 0 0 0.5183164179325104 0 0 0 0 7.840875893831253 0 0.1830563992261887 0.1048443615436554 0.668600507080555 43.68445739895105 24.80109475553036 2.719359897077084 0.2034565806388855 0 0 0 0 0.1013348177075386 0 0.1407621502876282 0.4905882775783539 0 0 58.71956393122673 341.299102216959 6.445870190858841 1.652173660695553 0.5650400519371033 0.7419526427984238 0 0 0 0.06875426322221756 0 0.8742425441741943 0 1.301060080528259 0.1295133084058762 0.402978204190731 0.1654095649719238 5.890917271375656 2.137597948312759 8.938815712928772 0.3507381826639175 4.174912467598915 0 0 1.236004546284676 660.5460881143808 79.68844819068909 7.047331109642982 4.35615062713623 394.8282218500972 0 0 0 0 0 1.090210065245628 0.14887735247612 0.2023484706878662 6.925797738134861 0.1743800491094589 0.3923133537173271 0.7745086401700974 0.9841417968273163 0.6809407770633698 0.2958630472421646 0 0 0 0 0 0 0 0 0 0 0 0 0 0 0.4323670417070389 0 0 0.2060072869062424 0 0 0 0 0 0 0.3143139481544495 0 0.1477786898612976 0.1355756372213364 0 0 0 0 0 0 0 0 0 0 0 0 0 0 0 0 0 0 0 0 0 0.1594294011592865 0.2424149513244629 0.2846298813819885 0 0 0 0 0 0 0 0 0.1643309146165848 0.1265048384666443 0 0 0 0 0 0 0 0 0 0 0 0 0 0 0 0 0.2306838780641556 0 0 0 0.227412611246109 0 0.258065402507782 2.731368064880371 0.789025790989399 1.153007462620735 1.056147642433643 90.25097139924765 1.620390869677067 0.119968056678772 0.5682945251464844 0 0 0 0 0 0 0 0.4924031496047974 0 0
1722.489024750888 3524.6067289114 216.6410488560796 2023.612836532295 5739.554848819971 290.411649748683 0 19.72809568792582 6109.712499834597 1736.409014053643 74.86479826271534 60.97950032353401 2439.791974768043 1183.432157464325 38.45101093500853 1.628455989062786 0.09435440599918365 0.288144089281559 0.07930532842874527 0.2387867122888565 0.5783232226967812 0.1726889163255692 0 0.1082900166511536 0 1.013143800199032 0.3418032228946686 0.6382474303245544 0.4237769693136215 0.1071437895298004 167.2065394669771 38.13545337319374 2.715626336634159 0.1076369434595108 0 0.08942156285047531 0.6704870536923409 0.4636686891317368 0.1134103238582611 0.2558815404772758 0.1905331164598465 1.156455062329769 0.3826722800731659 0.8761673718690872 0.2630655914545059 0.1475156843662262 135.9734714329243 17.25635170191526 0.3582393378019333 0.2804213166236877 0.8871123343706131 0 0.1084974110126495 0.5755923092365265 12.3082282692194 9.704146556556225 126.3691876977682 228.4305458776653 62.72392965853214 93.1529582478106 0.1853079050779343 0.1616173088550568 0.2059515565633774 136.7646152824163 11.26884072646499 7.849314630031586 2.005523204803467 2.726115226745605 0.2966707572340965 0.1577309668064117 1.677705086767673 1.962966501712799 0.08651026338338852 186.393782377243 182.4455092027783 289.4445477388799 150.154600828886 8.370892815291882 4.118424467742443 3.999348998069763 1.520668059587479 1.916563957929611 40.19885068386793 2.073908269405365 8.55109566450119 14.04229122772813 4.581230133771896 0.1645411252975464 0.6912292689085007 0.07142326235771179 0.5687474384903908 0.4044161587953568 0.4191316440701485 0.5121341794729233 0.09869044274091721 187.43355640769 0.3116266205906868 0 0.6403235644102097 250.3468557968736 0.3507945239543915 0.4571618214249611 5.405668944120407 2.603617109358311 1.30777021497488 17.0274576023221 17.76446059346199 25.53708311915398 25.96254301816225 30.61119215190411 13.10098293423653 87.48659472167492 54.52881859987974 35.3286255300045 15.02636305242777 0.09878530353307724 0.2068192362785339 0 0 0 0 0 0 0 0 0 0 0 0 0.09018894284963608 0.1362294256687164 0 0 0 2.04242254793644 0.1894457638263702 0 0 0 0.2115255296230316 0 0.967748612165451 0.1204135119915009 0 0 0 0 0 0 0 0 0.8207945376634598 0.26832115650177 0 0 0.1718756407499313 0 0 0 0 0 0.1278978139162064 0.2314365953207016 0 0 0.1207490786910057 2.983834743499756 0 0.2835963070392609 0 0 0 0 0 0 0 5.613387860357761 0 0 0 0 6.337018720805645 3.388061381876469 5.748695895075798 0.6796789765357971 0.6460913643240929 0.5446346700191498 0 0.1579791903495789 0 0.07588326185941696 0 0 0 0 0 0 13.1345634534955 1.752655975520611 2.568509444594383 288.9295373037457 63.05402676016092 444.1527736634016 100.6745231971145 756.048046451062 127.7157301455736 7.728518053889275 49.40151420608163 1.412914767861366 0.1648100167512894 3.717580653727055 0.5617416873574257 4.633860096335411 0.691159576177597 0.2056239396333694 0 2.353896915912628 0
20.14985875040293 280.4533689692616 2652.018624462187 0.800496518611908 89.83499160408974 0.2851983159780502 19.72809568792582 0 391.3928533867002 1.650113612413406 2616.252136327326 3.180912643671036 167.60544347018 462.0119950175285 68.095548145473 39.46849343180656 1.717820651829243 1.915119051933289 0.3802088648080826 0.7336479425430298 1.478238895535469 0 0.8416802883148193 0.6912801116704941 1.306716568768024 0.5463431999087334 0.2110918089747429 1.371511608362198 0.8712416589260101 0 672.6698860004544 1729.391650542617 37.69083826988935 0.9134563803672791 0.2309434041380882 1.170036397874355 10.92682841420174 2.54964379966259 1.397260554134846 0.7341970726847649 0.4107379242777824 3.20789623260498 2.320227183401585 10.48233872652054 0.9984954595565796 0.7602226212620735 99.38185671716928 11.65338241308928 2.831244498491287 6.518160045146942 2.124022081494331 0.405181422829628 0 0.2921785339713097 3.550015538930893 3.860049743205309 61.90513041615486 200.1039596125484 30.70816364139318 40.42260254174471 8.173874571919441 4.092750333249569 1.870784752070904 262.4067888334394 4.085471451282501 3.35337733477354 1.056502319872379 14.30407129973173 18.76524633169174 18.4608371630311 17.21898116916418 5.563147194683552 0 77.01715824007988 128.749625749886 205.8297171294689 260.8155908510089 175.767831236124 406.0667203143239 1074.105456203222 144.8747891634703 432.9579096063972 13.87211557477713 0.4971773698925972 3.878002323210239 3.003050472587347 17.61299497634172 0 0.3882066272199154 0 0.2890583947300911 0.4261987060308456 12.98523280024529 4.818463027477264 0.9373480156064034 8.4757359623909 0.9692401811480522 0 1.614498503506184 95.26448012143373 0 0 0.2109276354312897 0 0 0 0 0.8495342954993248 1.666181966662407 0.1113613545894623 1.365097671747208 3.032728165388107 3.0541837438941 3.981309548020363 1.634629137814045 0 0 0 0 0 0 0 0 0.09835978597402573 0 0.1152279227972031 0 0.2560558840632439 0 0 0 0 0 0 0 0 0 0.4406323507428169 0.3472696095705032 1.345108181238174 0.2779465019702911 1.167095839977264 0.2211634516716003 0.290385015308857 0 0 0.08353516459465027 0 0 0 0 0 0.136849656701088 0 0 0.08656970411539078 0 0.2905964106321335 0 0 0 0 0 0 0 0.6708266213536263 3.638763099908829 0 0 0 0 0 0.1024509072303772 0 0.1805517822504044 0.1767623275518417 3.784114450216293 0.3700335174798965 0.1408701688051224 0.2167395204305649 0.275505967438221 0.8928140327334404 0.8286690562963486 2.977037318050861 1.067711032927036 0 0.2993811368942261 0 0 0.1088032424449921 0 0 0 0.1914446428418159 0.2095746546983719 0 0 0.404180221259594 2.838300250470638 1.100920543074608 197.4781883582473 25.90702229738235 289.97252195701 70.57010714709759 57.48967429250479 45.4060200303793 2.515672609210014 44.3719135671854 0.6768244430422783 0.3256938606500626 0.7075357958674431 0 0.608267605304718 0 0 0.8427718281745911 2.843664273619652 0
162.8938068151474 1676.678160741925 1035.823356539011 161.180955067277 7030.148402109742 36.46037429571152 6109.712499834597 391.3928533867002 0 629.5724593624473 2493.080456346273 70.89847534894943 5661.172825664282 3326.260685265064 53.24928996711969 8.025973454117775 0.2822055816650391 0 0.2196236029267311 0.5772305727005005 0.227747805416584 0 0 0.2083762586116791 0 0.6571800410747528 0 1.106785118579865 0.7053049802780151 0.242649719119072 148.0176811441779 67.97260585427284 12.53683467954397 0 0 0 5.110705576837063 0 0.1946183145046234 0.318578414618969 0 0.456178329885006 0.1183079853653908 0.5441641435027122 0.2846483886241913 0 110.5550810322165 6.40121391415596 0.3210008218884468 0.3152584955096245 0.8592048585414886 0.0756310448050499 0.3634966164827347 0.4253113120794296 4.594954542815685 3.59745654836297 37.73664528131485 83.62398980557919 23.09358159452677 48.52876917272806 0.4139543473720551 0.07506954669952393 0.2772941887378693 85.01312850415707 5.808017186820507 3.201211616396904 0.8998848423361778 2.405451878905296 1.862350828945637 0.674156554043293 7.13917563855648 3.852390997111797 0 69.66009132564068 83.23739615082741 196.8436213582754 189.8535545691848 9.080597296357155 6.024922892451286 23.92050369828939 3.536436036229134 4.731869831681252 19.49645654857159 0.7140125259757042 3.445938356220722 3.69930611923337 3.471875689923763 0 0.7924127578735352 0.1828955411911011 0.182274341583252 0.08745188266038895 1.170586846768856 0.11093470454216 0.7063879743218422 212.9469283372164 0.2762243151664734 0 1.027930289506912 69.40164438635111 0.3787037208676338 0.971915103495121 8.317447662353516 3.778230808675289 2.034543335437775 28.58581259846687 19.30929017066956 40.4713963791728 40.76668441295624 47.53994551301003 15.02182076126337 146.7517411410809 104.1344694271684 75.77900414168835 37.10670707374811 0 0 0 0 0 0 0 0 0 0 0 0 0 0 0.1493908986449242 0 0 0 0 1.682538881897926 0.2629479989409447 0.119379460811615 0 0 1.010913640260696 0 0.5864093340933323 0 0 0 0.1238697543740273 0 0 0 0 0 1.266107156872749 0.7277165725827217 0 0.2505748569965363 0 0 0.3661423623561859 0 0 0.1094216778874397 0.4806189611554146 0.7885629385709763 0.111730732023716 0 1.462965823709965 10.42550703138113 0 0.4694698750972748 0.08769514411687851 0 0.09158208966255188 0 0 0 0 12.01802525669336 0.08078828454017639 0 0 0 10.6127800270915 13.95016272366047 16.29289779812098 1.047599859535694 2.305573225021362 1.965677797794342 0.8287107050418854 0.09916822612285614 0.2152957916259766 0 0 0 0 0 0 0 25.57908514142036 5.854943066835403 1.577987119555473 312.5711099430919 50.01309594511986 303.3146740198135 108.8534082770348 186.8010471090674 66.54983525723219 5.610855899751186 74.5535745844245 4.544995822012424 0.2595409750938416 6.118310511112213 0.6942630857229233 6.267807796597481 0.09724058210849762 0.5851160883903503 0.9414996355772018 5.197444207966328 0.523506224155426
836.2622021436691 131.5943861603737 15.2023104801774 2880.730519801378 277.300205424428 830.2828475236893 1736.409014053643 1.650113612413406 629.5724593624473 0 10.76681273430586 1863.110979944468 7359.626189738512 236.9958919510245 11.71099384129047 0.88832937926054 0 0.1074870601296425 0 0 0.2187699675559998 0 0 0 0 0.3109347522258759 0 0.312712624669075 0.385703906416893 0 17.78146502375603 6.192608132958412 5.922027893364429 0 0 0 3.811652310192585 0.07784216105937958 0 0 0 0.1144876927137375 0 0.2668774127960205 0.09122810512781143 0 29.71900975704193 2.032452218234539 0 0 0.1686415076255798 0 0 0 2.812747471034527 2.010869033634663 48.37958738207817 69.69434393197298 20.18842612951994 15.79514403641224 0.09270118921995163 0.1633624136447906 0 14.98497930169106 1.894398517906666 1.336115643382072 0.1774503365159035 0.3764939159154892 0.09602109342813492 0 2.265782132744789 8.942195177078247 0.4021181613206863 44.240658223629 28.89274124801159 56.71045909821987 33.8443064764142 0.9274850711226463 0.5767929777503014 0.8994866237044334 0 0 8.153830364346504 0.1743377596139908 1.026201516389847 2.378394156694412 0.1714640483260155 0.4190264642238617 0.3407943323254585 0.4918213188648224 0.1658550202846527 0.2164569646120071 0 0 0 606.1765170842409 0 0.2666740417480469 0 284.829147413373 0.07980985194444656 0.7843769043684006 12.62250313162804 7.660207860171795 3.780124962329865 35.55587483942509 37.99051301926374 36.37560916692019 116.5955519229174 70.23307627439499 14.15262250602245 143.1996616795659 95.85389100015163 56.68325891345739 15.71690353006124 0 0 0 0 0 0 0 0 0 0 0 0 0 0 0 0 0 0 0 1.843577779829502 0.3634933829307556 0 0 0 0.7433719336986542 0.0989575982093811 0.9214169234037399 0 0 0 0 0 0 0 0 0 0.8794664666056633 0.7446938008069992 0.2081485539674759 0.1940710544586182 0 0 0 0 0.1418615430593491 0 1.126406155526638 0.1264454424381256 0 0 0 4.885316431522369 0 0.3332667052745819 0 0 0.06899125874042511 0 0 0 0 4.952377125620842 0 0 0 0 3.104268722236156 2.703120522201061 4.575445234775543 1.471895627677441 0.6768412292003632 0.9372641146183014 0.4939979985356331 0.2228711694478989 0.08388562500476837 0 0 0 0 0 0 0 27.38876254856586 0.8549185246229172 0.328407496213913 141.7744447588921 17.32114282250404 117.8672498911619 29.99701309204102 638.1977888047695 36.93868689984083 1.891152486205101 22.31284084171057 1.323687322437763 0 3.715830951929092 0.3879377022385597 9.27711945027113 0.5956676825881004 0 0.1899236291646957 1.460149630904198 0
94.08389066159725 1030.277302779257 3060.156447693706 3.096602186560631 904.4149150177836 0.9249488115310669 74.86479826271534 2616.252136327326 2493.080456346273 10.76681273430586 0 178.9387260898948 1862.322751909494 3768.854161590338 114.5259419232607 60.97095359861851 2.200755655765533 2.355116613209248 0.1863093748688698 0.9184199199080467 1.619745641946793 0.2030398100614548 0.6055366024374962 0.3163538575172424 1.673821561038494 1.520725704729557 0.2825138494372368 2.042586512863636 1.749852314591408 0.5857363864779472 443.3078271523118 943.714979827404 367.6783036887646 1.909709319472313 1.10368437319994 5.212191499769688 89.12695419788361 6.387151569128036 1.383582726120949 1.282820835709572 1.420621730387211 5.702872700989246 0.9886500388383865 14.36497212946415 1.095422215759754 2.595215074717999 158.1810728386045 12.578952036798 2.493551462888718 2.385290965437889 1.537002392113209 0.4460581839084625 0.1146075129508972 0.7113501280546188 6.276656858623028 4.982303902506828 44.55316857993603 169.4106094315648 25.73893520981073 70.33116375654936 4.658277735114098 8.968217849731445 2.765967197716236 192.8136073276401 5.932301349937916 6.061292260885239 0.9033185392618179 7.725695125758648 9.678108096122742 11.60202344506979 90.43186450004578 9.247222498059273 0 90.38214179873466 146.8418840393424 311.373870678246 349.187995031476 70.5100455135107 259.3636214435101 232.0797727182508 23.5708801522851 47.03211700171232 22.12163161486387 1.303723305463791 5.423586711287498 6.997163996100426 10.89791843295097 0.2833083793520927 0.5987981930375099 0.1732981950044632 0.7336995229125023 0.5414763912558556 9.516005769371986 4.036243408918381 2.451162934303284 65.40503221750259 3.411199912428856 0.1250984221696854 3.614674739539623 97.01633152365685 0.1259052306413651 0.6941324174404144 0.5676217675209045 0.6931438148021698 0.3451127409934998 1.752284228801727 0.3687037825584412 4.609314888715744 4.97270917147398 3.856608927249908 4.61826054751873 15.83478540182114 13.15967305004597 12.92823365330696 12.52757018059492 0.160886287689209 0 0 0.1030424684286118 0 0 0 0 0.07252316176891327 0.1420729458332062 0.1504214853048325 0 0.1790400147438049 0.1259215474128723 0.4512357264757156 0 0.4412518665194511 0.1304184794425964 0.07349926233291626 0.6856328248977661 0.1721763610839844 0 0.649669922888279 0.08187096565961838 1.573833748698235 0.6303490623831749 1.894324436783791 0.3432424440979958 0.585167333483696 0 0 0.2080832123756409 0 0 0 0 0.8836732357740402 0.6183043271303177 0 0 0 0.08763893693685532 0.1350452154874802 0 0.191258043050766 0 0.2085960507392883 0 0 0.8306503370404243 0.6601501330733299 8.690241381525993 0 0.3761690184473991 0 0 0.09548734128475189 0.1983599662780762 0.09489868581295013 0 0.1336207687854767 11.96979196369648 1.765038438141346 0 0 0.1108201071619987 5.981350652873516 5.766995869576931 11.62577642500401 1.256501160562038 0.5187519416213036 0.4775247573852539 0.282823346555233 0 0.3425843864679337 0 0.06948941200971603 0 0 0 0 0 4.006531767547131 6.11618160456419 2.928905710577965 347.7062922939658 63.17024201899767 392.1002410762012 139.2809415832162 106.7557859495282 79.67394592612982 5.76268857717514 92.98190202564001 2.054799184203148 0.5158489793539047 1.404795221984386 0.5689377635717392 0.7656010836362839 0.3444949388504028 0 0.4860575199127197 6.972340777516365 0
12.44993583858013 13.49682538211346 6.985098622739315 312.8702777922153 41.37470209598541 162.3092685043812 60.97950032353401 3.180912643671036 70.89847534894943 1863.110979944468 178.9387260898948 0 3217.697062849998 702.8598022758961 25.63047254085541 36.4925899580121 1.092340499162674 0.7478455305099487 0 0.6958421096205711 0.1238916888833046 0.257247306406498 0 0 0.6026734411716461 0.7889066562056541 0 1.082354232668877 1.441329210996628 0 1.754779018461704 3.45984348654747 239.5071920603514 2.000043846666813 0.156153678894043 0.7598043829202652 229.8506053462625 3.406055800616741 7.462840288877487 0.225245825946331 0.3327569365501404 5.843415133655071 0.6352113038301468 13.93910396099091 0.4686323553323746 5.235858932137489 26.56201305985451 0.8460372611880302 0.732002779841423 0.4809433370828629 1.260372757911682 1.924858242273331 0.3459420949220657 0.449115552008152 0.4666730538010597 0.3438749238848686 2.604185946285725 4.193488910794258 2.42144700884819 2.62103283405304 8.691668540239334 6.77218084782362 2.337119624018669 6.007327243685722 0.2265576496720314 0.5119366496801376 0.2214685082435608 0.9908407777547836 0.5198577642440796 1.497761994600296 149.2451165542006 102.9587360918522 0.624744787812233 5.513096481561661 2.407016694545746 25.65338289737701 31.95260667800903 18.19214764237404 2.614930920302868 106.4939593598247 14.87873125821352 37.67835472524166 2.229746028780937 0.3322436511516571 0.3818031623959541 0.6614390462636948 0.8520540073513985 1.374325960874557 0.4319802671670914 1.815192967653275 0.3231504559516907 0.9672142639756203 4.273015148937702 6.845515541732311 1.840273313224316 1980.129335217178 43.96134416759014 1.256658554077148 2.871641784906387 15.08457073569298 1.249158136546612 1.14693209528923 7.366212762892246 4.270153388381004 3.022727936506271 32.38128815591335 14.92431402206421 39.7493169605732 37.65852502733469 51.39681559801102 27.00494536012411 175.4758248776197 137.7977638393641 126.2264735549688 49.25695437937975 0.2097444608807564 0 0 0 0 0 0 0 0.4082394018769264 0 0.6672791391611099 0 0.4593067541718483 0 0.3789769113063812 0 0.4265952408313751 0.1189398691058159 0.1084315404295921 2.427938587963581 0.9497349187731743 0.09149625152349472 0.6073580682277679 0.6415844857692719 4.851540215313435 1.342723213136196 2.7517344430089 0.5597561895847321 0.9032154306769371 0 0 0 0 0 0 0.1193235069513321 2.48788995295763 2.643571794033051 0.1289022862911224 0 0.09524992108345032 0.4598629027605057 0.1066697016358376 0 0.3992904052138329 0 0.5684289634227753 0.821531243622303 0 0.8296065106987953 2.005596272647381 25.20893616229296 0.6276968345046043 0.4661071822047234 0 0 0.3122725412249565 0.1697157323360443 0 0 0 26.70835452526808 6.777347814291716 0 0 0 21.99294413626194 14.05876649916172 35.30103465914726 2.680897809565067 1.625681199133396 4.555649690330029 1.870237804949284 0.8526766151189804 0.204940989613533 0 0 0 0 0 0 0 43.55756451189518 18.13250125944614 7.393563151359558 131.1794075965881 14.2099572494626 95.61898431926966 36.6322738006711 76.13169179856777 10.88587157428265 1.566448099911213 28.00459012389183 3.174221612513065 0.2400657385587692 8.467564985156059 3.387330502271652 7.937577292323112 0.9199148714542389 0.7428765594959259 2.860892958939075 2.907818250358105 0.07534992694854736
242.3177297338843 525.5213522389531 403.0571347475052 1158.479585841298 899.3047310858965 279.3166448026896 2439.791974768043 167.60544347018 5661.172825664282 7359.626189738512 1862.322751909494 3217.697062849998 0 3846.747922003269 122.4541256278753 73.57581856101751 4.165537923574448 2.13833998888731 0.0903184711933136 1.249254047870636 0.6062877103686333 2.550780266523361 0 0.3237667754292488 1.497719198465347 2.816929794847965 1.188082203269005 5.131849654018879 3.380863413214684 0 91.61224269866943 37.4074773862958 830.4635990858078 3.169447399675846 0.1532630920410156 2.242213279008865 892.8871516734362 18.87894808501005 54.94605288654566 3.522150777280331 2.441616699099541 18.20335479080677 1.230063177645206 29.97440075874329 2.522400885820389 17.52875731140375 150.5594531595707 8.783602453768253 1.8758145570755 1.146222643554211 4.87701528519392 4.97355355322361 1.496268890798092 1.786443911492825 3.830311566591263 3.679741572588682 30.75261522084475 56.75060170888901 20.69151685386896 42.39896891266108 30.74424060434103 16.1676195897162 6.622175320982933 63.25448592752218 3.690004415810108 3.056373208761215 1.13302967697382 5.72723826020956 3.493915367871523 3.019544318318367 661.7616020739079 152.9127767458558 2.282389238476753 55.33153342455626 63.98291839659214 219.3158254772425 249.6937181800604 41.0610401853919 11.3487765416503 122.4160225316882 39.03169073164463 65.30959889292717 15.66721348464489 0.3691887445747852 2.875998623669147 4.780232194811106 6.781625628471375 0.917555183172226 0.3154237940907478 2.387786746025085 0.7551442980766296 1.740670651197433 7.392929285764694 19.82725819945335 5.579811722040176 3637.21514312923 107.0663542002439 4.9612917304039 70.10660903155804 76.56923196464777 1.311449751257896 2.618954248726368 34.50885175168514 15.63531439751387 12.30164339393377 98.50606491416693 58.98689585924149 128.4189320653677 174.4247989878058 176.3292834311724 87.55522974580526 546.4891807362437 415.4091642647982 306.8553066849709 142.2697841152549 0.086192786693573 0.3634068146348 0.09831788390874863 0 0 0 0.07972912490367889 0 0.9933039918541908 0.3287811875343323 0.3451194018125534 0.3673650920391083 0.9181043356657028 0.161402240395546 1.219702191650867 0.4627315253019333 1.182227477431297 1.394284300506115 0.2278328165411949 8.536194123327732 3.990132354199886 0.5772469341754913 2.705538414418697 1.412520259618759 10.06675251573324 2.074324108660221 9.839207239449024 2.531324990093708 2.251115567982197 0.1876545995473862 0.4275110736489296 0 0 0.3208342492580414 0.3570054844021797 0 3.450138881802559 5.40061341971159 1.273024082183838 0.1433393508195877 0.1169998571276665 1.704894013702869 0.3021635413169861 0 0.4421350210905075 0 1.391531921923161 1.32822772860527 0.3387494906783104 1.425391167402267 6.968061059713364 51.63810835033655 0.08679506182670593 1.024956360459328 0.1699273586273193 0.1597065627574921 0.0755295604467392 0.4190735816955566 0 0 0.2216943204402924 75.55431189388037 7.70540713518858 0 0 0.129342794418335 45.62470665574074 36.49069137871265 88.81598940491676 6.54707995057106 2.707195162773132 11.54442109167576 2.094118408858776 1.630000755190849 0 0 0 0 0 0.1816830635070801 0 0 136.8541629835963 43.37686472386122 19.63497663289309 530.7875320538878 87.08514004945755 441.177810266614 177.5999039635062 273.8585888668895 87.69646369665861 5.105491369962692 132.3475794568658 11.63427510112524 1.906324826180935 29.8956001624465 6.410067968070507 20.70434939861298 3.169177994132042 0 4.184533201158047 11.05274996161461 0.5807788819074631
59.60264508426189 461.254212975502 776.4447014927864 25.55633000284433 755.4361485913396 45.60499514639378 1183.432157464325 462.0119950175285 3326.260685265064 236.9958919510245 3768.854161590338 702.8598022758961 3846.747922003269 0 217.8033341318369 190.1767108365893 3.166695684194565 3.187918707728386 0.5394640639424324 3.080632276833057 4.659257471561432 1.445230513811111 0.9116417244076729 0.5090300440788269 7.20095769315958 5.664916709065437 1.878704719245434 8.652891255915165 7.120628252625465 0.5977818071842194 160.6253599822521 148.5686224550009 2230.213939867914 4.525101155042648 0.8810062855482101 14.53388855606318 933.8528996780515 36.40354043245316 9.991361103951931 5.576003812253475 7.614299342036247 21.49426402151585 1.753324925899506 45.09936574846506 4.370102435350418 8.99669773131609 237.7621197327971 13.07844105362892 2.66385293751955 3.923505581915379 4.810035862028599 2.138777777552605 1.242257617413998 2.146956786513329 4.975082203745842 3.426183834671974 33.21800837665796 68.34513082355261 19.32023864239454 51.33609598129988 11.2288611382246 72.56383696198463 6.857217557728291 80.28685890883207 4.293718837201595 4.250197384506464 0.705788753926754 12.45316813141108 11.73595901578665 17.40157810598612 615.6846849098802 71.50256605446339 0.6357897445559502 61.20515417307615 74.61758522689342 313.3664499111474 444.7911057323217 116.098162278533 29.31292623281479 522.3192504644394 25.20474222302437 58.47337901592255 17.31121879070997 0.5515820235013962 5.148597314953804 3.844052284955978 14.49008768796921 0.3510416448116302 0.7756583541631699 0.09273071587085724 1.481511779129505 1.330877967178822 23.30217627435923 22.04695969074965 6.647892855107784 1782.385456137359 19.32926713675261 0.5049656480550766 12.81361467391253 59.93241498619318 0.4147036895155907 2.675075560808182 14.88035864382982 5.531603641808033 6.248388692736626 48.45295782387257 17.33926317095757 79.16645587235689 62.8919537588954 75.77465209364891 50.15041125565767 298.8686821162701 239.1311498507857 200.7349998131394 114.3027285039425 0.07792263478040695 0.3442194685339928 0.09745123237371445 0 0 0 0.2404040321707726 0 1.170968137681484 0.2022421583533287 0.1804900318384171 0.2555070221424103 1.193566113710403 0 1.826377809047699 0.3142986446619034 1.60418614000082 0.6480671092867851 0.7013608142733574 5.268254049122334 5.418717667460442 0.4326110184192657 1.966635972261429 0.520983599126339 12.27610363811255 4.116276726126671 9.932646960020065 2.271117076277733 1.85726522654295 0.1078008264303207 0.2181544080376625 0 0 0.1353745013475418 0.8159980550408363 0 2.650617122650146 4.234824940562248 0.583727054297924 0.4430695325136185 0.1828173995018005 0.9657610654830933 0.3716828599572182 0.08273924142122269 0.42101089656353 0.1007848158478737 1.181866556406021 1.1634491533041 0.1109747961163521 1.124520003795624 4.778598979115486 47.51578382402658 1.830971099436283 0.525835394859314 0.2086905390024185 0.157999262213707 0.2710940316319466 0.223530612885952 0.06519654393196106 0 0.2742546051740646 65.78918322175741 4.194372519850731 0 0 0.2270632907748222 52.66776403039694 34.19096106290817 91.62426544725895 6.671090230345726 5.161303699016571 6.412261761724949 1.060816556215286 1.725754857063293 1.121046051383018 0 0 0 0 0.08757209032773972 0.2514446675777435 0.2578527256846428 64.27576731145382 41.13820979744196 18.57057064026594 754.6341278478503 105.2342294305563 691.7053718082607 261.9102804139256 143.1118161007762 87.33881335705519 7.216009378433228 198.5456374138594 8.330387882888317 1.312162131071091 22.69004990905523 6.180407471954823 17.05117931962013 3.366618670523167 0.08764872699975967 8.27294160425663 17.67509440332651 0.8130103945732117
