0 2827.905932888389 870.6581736207008 2366.04624645412 846.5438302159309 95.90064305067062 2459.389526419342 136.4507688954473 459.9705227315426 1203.626229852438 724.4917242079973 165.0862385034561 171.7566215842962 153.9655624628067 1.468146570026875 0.8800350278615952 0.8791988044977188 0.141751304268837 0 0.2999553382396698 0 0 0 0.1376865804195404 0.3096935302019119 0.4043693244457245 0 0 0 0 533.3498147204518 15.14169442653656 2.732564568519592 0 0.1586685478687286 0.9758772104978561 1.226938650012016 1.845800578594208 0.7017286568880081 0 0 0 0 0.5073842778801918 0 0 3.123867154121399 1.35673289000988 0.3068762719631195 0 0.5998856425285339 0.3242084980010986 0 0 3.669443883001804 2.48137292265892 384.0144804567099 1981.313658222556 58.72329773753881 7.118311047554016 0.3221388459205627 0.5482154339551926 0.4076067209243774 14.03912334144115 2.393745899200439 2.563998863101006 0.3923780471086502 1.990999661386013 0.4840303063392639 0.1533541679382324 17.56074969470501 3.725648760795593 0 295.0975547432899 56.26227645576 21.49180243909359 1.092005923390388 0.4560853242874146 1.836245879530907 18.03326562047005 0 3.458356201648712 8.288887687027454 0.3982133939862251 0.8268037661910057 1.189114838838577 1.205385737121105 0 0.3753440007567406 0.1194015890359879 0.2828706204891205 0.2636481821537018 0.139894962310791 0 0.3298109471797943 126.8727006316185 3.558694243431091 0 1.081510812044144 1056.652546748519 0 0 0.1295996904373169 0 1.105073571205139 91.91413177549839 0 2.008072316646576 86.62662117183208 0.3517633676528931 0.6807236075401306 1.897715926170349 2.344269871711731 2.335363537073135 0 0.4766733050346375 0 0 0 0 0 0 0 0 0 0 0 0 0 0 0 0 0 0 0 0 0 0 0 0 0 0 0 0 0 0 0 0 0 1.262422919273376 0 0 0 0 0 0 0 0 0 0 0 0 0.2050332576036453 0 0 0 0 0 0.5919712781906128 0 0 0 0 0 0 0 0.9122566431760788 0 0 0 0 0 1.178104877471924 0 0.7586737275123596 0 0 0 0 0 0 0 0 0 0 0 0 1.318111553788185 0 0 62.65301351994276 3.539311520755291 37.94309302419424 6.747444629669189 615.0818726718426 26.52568881958723 0.5145601779222488 7.72504697740078 2.009157225489616 0 2.758400708436966 0.2372315153479576 1.757512599229813 0 0 0 0.3415765464305878 0
2827.905932888389 0 1012.745509773493 154.5226177498698 5544.672857329249 87.7461144477129 4349.515917524695 224.3887648880482 1940.916902408004 54.79125467687845 1218.341888904572 27.39229972660542 176.103907674551 344.1743821799755 9.769105605781078 1.952357031404972 0.2943941205739975 0.5302709713578224 0.1352723687887192 0.4387455731630325 0.2840237766504288 0 0.111260212957859 0 0.4858446642756462 0.1438319385051727 0 0.9035214632749557 0.1789904236793518 0.1967345178127289 1051.567087978125 25.81815991550684 5.960799604654312 0.1969437301158905 0 0.7224451750516891 3.144393622875214 0.156210258603096 0.3468537926673889 0.2149109244346619 0 0.2421709448099136 0 0.4075256586074829 0.6815896332263947 0.1515716910362244 65.99388515204191 5.97434863448143 0.4059635326266289 0 3.774298913776875 0.1771362870931625 0 0.6844948008656502 11.8289285749197 11.56889162957668 114.0726759806275 779.3136509433389 49.58033876121044 42.7180995196104 0.7295581698417664 0.8071047067642212 0.3813835605978966 99.06816802918911 12.21156706660986 8.423286505043507 1.16052058339119 5.929472140967846 1.276912212371826 1.098281502723694 5.943148225545883 1.712692901492119 0 347.3249084502459 131.6055184826255 103.0852156952024 23.32660785317421 3.911734618246555 0.8905770182609558 22.13918766379356 0.4598989486694336 5.018974788486958 40.53070994466543 0.7552691921591759 5.085987620055676 5.080750279128551 3.103080049157143 0.09471086412668228 1.666962690651417 0.6420155614614487 0.4854890257120132 0.4817319512367249 1.101828500628471 0.5781069099903107 0.9491058811545372 29.31863577663898 0 0 0 725.2498152107 0 0 2.119853466749191 0.13014917075634 0.8049609661102295 289.8831707313657 0.8652166128158569 6.903476119041443 9.925852760672569 3.168627470731735 1.281617283821106 8.843696653842926 13.62971398234367 8.721389636397362 2.336233288049698 0 0.5290194749832153 0 0 0 0 0 0 0 0 0 0 0 0 0 0 0 0 0 0 0 0 0 1.76867401599884 1.248045563697815 0.2494339793920517 1.018188774585724 0.4734238088130951 0 0 0.115249939262867 0 0.4533484280109406 0.9376733303070068 0 0 0.6950405240058899 0.5770984590053558 0 0 0.3230339586734772 0 0 0 0.1500098705291748 0.336725115776062 0 0 0 0.612054705619812 0.4083344042301178 2.223009377717972 0 0 0 0 0.1169052645564079 0 0.1860006004571915 0 0.2493254691362381 2.170123554766178 0 0 0.1320823132991791 0 1.142834067344666 6.763841286301613 2.485243380069733 2.142471134662628 0 2.177424669265747 0 0.1856174021959305 0 0.1450886726379395 0 0 0.6109513267874718 0 0 0 2.62690307199955 0 0 312.9187963157892 26.15563604235649 312.2744249850512 46.60840998589993 482.252521969378 91.18599003553391 8.505717925727367 91.96194102615118 9.132217079401016 0.334158755838871 2.355949744582176 2.582442380487919 3.791968911886215 0 0.1268637180328369 2.275461494922638 2.389256790280342 0.1728323996067047
870.6581736207008 1012.745509773493 0 47.55061717331409 1340.757316693664 69.75976170599461 370.5225669592619 3710.32280933857 2393.4631819278 41.38134846836329 7959.891679979861 110.3352609202266 430.6739708557725 859.890996336937 24.9791054725647 15.43397251516581 4.158708229660988 1.903327524662018 1.147866636514664 30.92698422819376 55.22504742443562 0.1616048663854599 4.570517830550671 1.190609842538834 73.41012112796307 9.542330600321293 4.724015839397907 4.97942516207695 1.395186498761177 0.3071336448192596 3580.179198935628 559.0268842279911 55.86614883691072 1.801141560077667 15.95355515182018 181.348364636302 122.1979778930545 207.2692872136831 46.3574191108346 30.92555877566338 8.847879491746426 2.601554334163666 7.046410545706749 3.787383146584034 1.991480007767677 2.579539120197296 79.7021451368928 6.204422011971474 2.218430660665035 4.209057733416557 6.604121088981628 0.6177584305405617 1.134170010685921 4.056285440921783 10.91035844385624 9.232366286218166 82.93469424545765 1860.446227632463 35.23517756909132 58.68245980143547 15.24891995638609 68.33845400810242 45.57966700196266 677.1431070491672 11.35041879862547 10.05756040662527 2.268800921738148 15.13675051927567 7.608386367559433 36.93704107403755 57.27027262747288 9.108521461486816 0 325.0625184476376 385.4682747945189 191.5921870693564 70.13300105184317 13.13845381140709 208.5315455198288 872.095176294446 18.51958611607552 697.3318822905421 37.56701332330704 0.3019818663597107 5.08070445805788 5.831353642046452 6.593138068914413 0.4083567559719086 1.923845708370209 0.7724866271018982 0.5238372534513474 1.770717926323414 10.53449600189924 0.3439065963029861 3.187947459518909 52.25174740701914 11.62039192020893 0.7926575839519501 3.150496244430542 741.7888994812965 1.502499461174011 0.5296815633773804 5.276449918746948 0.237729012966156 5.77910977602005 28.92020162940025 3.56162166595459 19.53170365095139 15.50719439983368 11.423495054245 7.998916745185852 29.68196277320385 43.17958315461874 19.21618077903986 8.393428474664688 1.642833925783634 1.288385026156902 0.6544881239533424 6.178777135908604 0.1150348857045174 0.1192258149385452 0.7583225816488266 0 2.152610443532467 0.1957763731479645 1.085445940494537 0.6299272477626801 1.823734350502491 0 0.4999975189566612 0.2904935777187347 0.2487356960773468 0.4671209305524826 0 1.116680383682251 0.129957526922226 0 3.712825514376163 2.610749058425426 2.451132409274578 9.960427843034267 7.659106507897377 4.940306603908539 3.610384739935398 0 0.2147296071052551 0.1973370015621185 0.2067365348339081 0.3771618008613586 3.672087639570236 0 1.235095024108887 3.616803504526615 0.1038698181509972 0.2502046525478363 0.3984261378645897 0.5351836532354355 1.004576697945595 0 0 0 0.4096526280045509 5.664316967129707 0 1.334209255874157 1.543021604418755 11.41752841323614 0 0 0.7983187362551689 0.6145931631326675 0.3154605776071548 0 0.4979813694953918 0 1.154244944453239 31.87433394789696 1.391815133392811 0 0.09983532875776291 0.4031666442751884 9.533948600292206 29.36702744662762 6.269711926579475 7.238418355584145 1.487522438168526 1.197543933987617 0 1.151219181716442 1.148331515491009 0.2195584550499916 0 0 0.2921660840511322 0 0 0 12.66199505329132 11.93441779911518 11.13854537159204 314.2038013488054 41.25803535431623 274.694525487721 48.6834080517292 470.5341778770089 60.32085314393044 6.900913268327713 72.90127994120121 35.20048821717501 2.155789829790592 14.11048801988363 3.298156507313251 11.11866718530655 0 0.3270878195762634 6.24772809445858 3.829533748328686 1.211098298430443
2366.04624645412 154.5226177498698 47.55061717331409 0 40.82388903945684 815.874012157321 3106.951417118311 1.888309456408024 22.06071764975786 2751.308190666139 16.8270478323102 773.4081307351589 498.2315896898508 12.46419605612755 0.2884342670440674 0.2685800194740295 0.1054985672235489 0 0 0.4191930741071701 0 0 0.1420718878507614 0.2010079026222229 0 0 0 0.1581801325082779 0 0 114.0959831923246 5.817597553133965 0 0 0 0 0.2310783416032791 0.1633374094963074 0 0.2680881172418594 0 0.3698506578803062 0 0 0 0.1390711069107056 11.57627279311419 1.156674116849899 0.4016568958759308 0.1302269697189331 0.9485023841261864 0 0 0 4.881055660545826 4.319720454514027 109.4510032311082 399.0041839182377 36.05235586315393 15.28747091442347 0 0 0.1349600553512573 10.72499871253967 3.51750872284174 2.693167462944984 0.2294134572148323 1.618659101426601 0.6166830286383629 0.1221139430999756 0 0.8047495484352112 0 224.9012450948358 46.3131457939744 33.01296117156744 2.43002887815237 0.1406411975622177 0 1.495630912482738 0 1.170404121279716 14.19728073477745 0.4861860796809196 1.535680815577507 2.63788353651762 1.401583716273308 0 0.8891483843326569 0 0.2245124652981758 0.5013945177197456 0.2653094083070755 0.1510220617055893 0.1186326146125793 33.74311263859272 0 0 0 520.8210537433624 0 0 0.3723219931125641 0 0 136.3288072794676 0 3.672681301832199 245.6373564302921 0.9647895991802216 0 2.236181482672691 5.041567400097847 2.088915064930916 0.419662743806839 0 0 0 0 0 0 0 0 0 0 0 0 0 0 0 0 0 0 0 0 0 0 0 0.1412518173456192 0 0 0 0 0 0 0 0 0 0 0 0 0 0 0 0 0 0 0 0.1149973273277283 0 0.2591050490736961 0 0 0 0 0 1.137431472539902 0 0 0 0 0.2876152619719505 0 0.1367816925048828 0 0 0 0 0 0.1241637319326401 0 0 1.740645155310631 0.5260558724403381 0 0.1673547625541687 0 0 0 0 0 0 0 0.1258891224861145 0 0 0 0.8004692196846008 0 0 121.9228382632136 8.936509542167187 72.68529915809631 11.87811455130577 536.02753020823 30.70709620416164 2.051862642168999 17.19899583607912 2.526647418737411 0.2769512385129929 0.1014360710978508 1.258303128182888 0 0.4828818440437317 0.4073933959007263 0.5267297625541687 0.3318024575710297 0
846.5438302159309 5544.672857329249 1340.757316693664 40.82388903945684 0 19.70811553299427 1243.262375585735 10.38016146421432 7369.677485652268 125.7001488730311 1134.410793609917 30.24325435608625 539.0913458019495 498.7442036792636 32.30473215132952 8.037105552852154 0.5873278826475143 0.904566153883934 0 0.8238138258457184 1.14244882017374 0 0.5231875106692314 0 0.6021233275532722 0.1138022989034653 0.2825878262519836 1.165504351258278 1.258124440908432 0.1550497114658356 304.3279460966587 50.34055458754301 6.330205753445625 0.1332319378852844 0 0.5063077658414841 1.607545457780361 0.4296547099947929 0.8451626002788544 0 0.4221258461475372 3.190409265458584 0.3492266908288002 0.540080614387989 0.3860141038894653 0.7992968857288361 144.0158171504736 4.619971968233585 0.8739874437451363 0.6252348124980927 6.413317166268826 1.377947464585304 0 2.737737700343132 11.7792711481452 14.18971643596888 31.92560063302517 145.5671235993505 29.25552548468113 69.7381691262126 0.2855812311172485 1.592998802661896 0.2707805931568146 127.6280564889312 13.32790492475033 11.15886228531599 2.049233205616474 9.854749396443367 1.294396802783012 1.48054338991642 11.10084388405085 4.311232417821884 0 199.1951285675168 95.56994058936834 164.1429134234786 58.12997902929783 5.422558501362801 1.114987701177597 21.21133148670197 0.8529891520738602 6.235532201826572 37.36366921663284 1.585516259074211 5.209012292325497 8.622537642717361 2.58272822201252 0.2546926438808441 3.258771568536758 0.6356646940112114 1.280398651957512 1.603612288832664 2.477468766272068 0.7946416810154915 4.437492422759533 161.3842553496361 0 0 0.8588602840900421 70.27835746109486 1.712641835212708 1.217103511095047 9.085243612527847 2.610694274306297 16.65585258603096 79.19801893830299 4.408826097846031 56.54439334571362 48.78689207136631 30.5045810341835 11.02142776548862 93.12066456675529 104.3952890634537 51.1504261046648 6.524488210678101 0.6930090487003326 0.1173160076141357 0 1.609298169612885 0.231705829501152 0 0 0 0 0 0.1610637456178665 0.110979825258255 0 0 0 0 0 0 0 1.961731016635895 1.280756950378418 0 1.174021393060684 0.5694440454244614 0.8871232718229294 2.675714030861855 0.2795438170433044 0.1504475921392441 0.7784600406885147 0 0 0 0 2.070302933454514 0.3381327390670776 0 1.724566668272018 0.7902147173881531 0 0.1243245452642441 0.5317312330007553 0 0.8537942171096802 0.360645517706871 1.007925450801849 0.1122540757060051 1.106198877096176 2.41149739921093 0 0 1.131945103406906 7.354109197854996 1.242823243141174 0.899565190076828 1.808063954114914 0.1461275070905685 0.9192011207342148 0.1767511963844299 0 0.1237405687570572 0 27.07396753132343 0 0 0.46815275400877 0.7279383689165115 6.354933500289917 16.66401138901711 7.827137365937233 10.91916564106941 4.887633115053177 3.059250012040138 0 2.229452759027481 0.6024280041456223 0.4012917280197144 0.1160024106502533 0 0.7205994129180908 0.2013325840234756 0 0.4069585204124451 32.11048668622971 3.729962334036827 1.913382723927498 709.4740030169487 82.34525748342276 548.7920203953981 111.8579901903868 248.0979869514704 164.8219541087747 10.6858299896121 235.0865816324949 52.32320955395699 0.9727781713008881 19.96790216118097 2.829334780573845 28.6606977134943 2.3007772564888 2.680963456630707 5.735341489315033 11.36008282750845 1.941827803850174
95.90064305067062 87.7461144477129 69.75976170599461 815.874012157321 19.70811553299427 0 584.7862988635898 6.170365884900093 21.16137236356735 1549.916182637215 30.73630376160145 892.2196558117867 459.449147477746 198.0476711541414 0.971325546503067 0.8854009956121445 0.4733402580022812 0 0 0 0.2280868589878082 16.72259669005871 0 0 0 0 0 0 0 0 42.77794890105724 1.896573349833488 23.85866318643093 0 0 0.5184417217969894 39.26088157296181 2.549951002001762 23.59617016464472 0.6426139771938324 0 0 0 1.113558292388916 0 0.6572040617465973 1.564217053353786 0 0 0 0.4521078318357468 27.21072520315647 2.579889357089996 3.075229689478874 0.995118573307991 1.148531921207905 300.2569691613317 471.1527796238661 36.70259134471416 0.4346782267093658 3.034377977252007 30.88606135547161 0.653855174779892 1.186654463410378 0.2390191927552223 1.287160694599152 0.159191831946373 0.2700145095586777 0.4339559972286224 0 437.0855682343245 186.1949884593487 19.66719327867031 86.21315449476242 7.764915406703949 4.97942416369915 0.4940388202667236 0.8069794327020645 1.272197484970093 78.97296531498432 10.26101364195347 91.65447434782982 1.919605076313019 3.013430923223495 0 0.1404392719268799 0.3310920745134354 29.59223571419716 3.539126873016357 34.47594818472862 0.7445769011974335 10.9908272922039 0.8008303642272949 0 2.663717225193977 783.1193961799145 167.5946070253849 7.673764929175377 54.1961869597435 474.4542453587055 0 0 0 0 0.354730486869812 12.12468428909779 0 0.22139972448349 61.24598887562752 0.3748997449874878 0 0.3791960477828979 2.556675225496292 0.479059562087059 0.7468293160200119 0.6028277277946472 0 0 0.2291758060455322 0 0 0 0.2496869266033173 0.1874626874923706 0 0 0 0 0 0 0 0 0 0 0 0 0 0.9322413206100464 0 0.1583564877510071 0 0.4495342522859573 0 0 0 0 0 0 0 0.2496364116668701 0 0 0 0 0 0 0 0 0.2625266313552856 0 0.1884078681468964 0 0.3685847222805023 0 0.1160827875137329 0 0 0 0 0 0 0 0 0 0 0 1.907461658120155 0.212136909365654 0 0 0 0 0.4237615466117859 0.4199908077716827 0.9089140892028809 0 0.283894270658493 0 0.2266260087490082 0 0 0 0 0.1465094089508057 0 0 0 0.6250074356794357 0.5838640630245209 1.178153812885284 37.5532922744751 4.025575384497643 14.54389605671167 2.230619885027409 455.5658742487431 6.166697546839714 0.4945715963840485 4.295104041695595 2.056445822119713 0.7322206497192383 1.229515045881271 0.3465914130210876 1.820519924163818 0 0 0 0.7454354166984558 0
2459.389526419342 4349.515917524695 370.5225669592619 3106.951417118311 1243.262375585735 584.7862988635898 0 19.89052853733301 2707.931664638221 3616.820536196232 681.1546787694097 761.4627916887403 6893.787864267826 4419.12753598392 64.18029176443815 27.94265361130238 2.247120380401611 2.055832892656326 0.4249270856380463 1.719004832208157 1.366772830486298 0 0.1980260610580444 0.569623738527298 0.3062032759189606 4.437139138579369 0.3779815584421158 4.051819607615471 4.451107583940029 0 407.1279445663095 44.94770373404026 14.70198212563992 0.1371029615402222 0.109163723886013 0.1451721638441086 5.895550064742565 0.4965021312236786 0.1411862522363663 0.3856281638145447 0.7585039213299751 5.822053760290146 1.151569709181786 3.274318806827068 0.3716875165700912 0.9800999388098717 248.8545859232545 11.29023603349924 1.990831695497036 0.9163847416639328 12.11414656043053 1.170406758785248 0 4.211778096854687 29.93183010071516 31.25032798945904 169.4534703567624 529.1540223285556 94.80780543386936 126.2737780883908 0.3025176525115967 4.07938939332962 0.2037018090486526 173.2525573223829 32.70869577676058 25.53009131550789 5.357567138969898 21.75031292438507 2.634280063211918 0.9477659165859222 41.84275563061237 10.71938133239746 0.42279052734375 578.1865022853017 192.9490236490965 299.2614018842578 95.51640993356705 24.80288964509964 2.118591517210007 41.68367014080286 2.440048523247242 13.15783807635307 90.47331178933382 2.134393893182278 13.44893635809422 19.59877278655767 8.159112900495529 0.9448584467172623 7.289123378694057 1.267139554023743 1.211983911693096 3.447156377136707 5.444296635687351 1.005233392119408 11.15863931924105 1355.309365749359 2.786325395107269 0.2383066862821579 2.135534822940826 506.3496962636709 7.40319998562336 5.285771682858467 140.9159214943647 15.70517264306545 71.4143385887146 377.1427820473909 8.232580497860909 255.5659836530685 301.9204882979393 162.6700953841209 61.90640449523926 403.1108047366142 442.3890421241522 165.4338937699795 36.54256184399128 4.153822392225266 2.132239155471325 0.8373394012451172 1.724700734019279 0 0 0 0 0.5016010999679565 0.1233526393771172 0.6088126227259636 0.1637106686830521 0 0.385051429271698 0.9541979432106018 0.6962031722068787 1.285828649997711 0.6043843552470207 0 10.00394156575203 2.523987360298634 0.5212633013725281 0 0.2089515775442123 3.17156158387661 9.017223313450813 5.523120775818825 1.694326266646385 0.9753019884228706 0 0.1541266292333603 0.5416372269392014 3.017185360193253 0.4223508834838867 1.431750297546387 0.2476375102996826 9.829989269375801 8.760867170989513 0.7551476135849953 0.3922672122716904 0.4077815413475037 0.304364800453186 0.8414653688669205 2.003556929528713 6.022587537765503 0.6172604784369469 2.317536562681198 15.38589026033878 0 1.488031446933746 5.222342029213905 24.42638295888901 0.8864988908171654 4.648392237722874 6.429224386811256 1.694130629301071 3.378345221281052 0.7777151614427567 0.4795754253864288 0.111334815621376 0.5174253880977631 101.6607971042395 1.62341719865799 0 0.4621635302901268 1.488781146705151 28.12706293165684 61.29857082664967 23.46368899941444 37.55741461366415 35.44650038331747 19.71390506625175 1.373586684465408 3.536867141723633 2.326103173196316 0.5574872195720673 0 0 1.657086931169033 0.2604239583015442 0 0 172.5513214468956 14.67944060266018 4.854701682925224 1976.77252753824 207.2297969162464 1082.728473737836 245.9750180542469 1573.123925484717 370.3046413064003 29.36254820227623 578.2497392594814 139.6738685742021 4.285058461129665 64.87284630537033 13.77465409785509 97.9538299292326 12.66907216608524 2.215826205909252 16.60772612690926 26.9365374147892 9.495638430118561
136.4507688954473 224.3887648880482 3710.32280933857 1.888309456408024 10.38016146421432 6.170365884900093 19.89052853733301 0 275.6112699955702 6.791565231978893 1360.996878907084 40.36592317372561 106.1593421548605 544.4989819154143 97.57652776688337 64.70885752141476 2.437232874333858 0.7714064121246338 0.2996331453323364 3.727176278829575 6.302567139267921 0.2617623507976532 0.8883679360151291 0 18.35292953252792 1.577322125434875 0.7434712648391724 0.5721974745392799 1.122365489602089 0.1439302861690521 880.2030759304762 1736.194678649306 56.21850942820311 0.3530295640230179 3.429819256067276 58.24045987427235 118.7727970406413 95.82491637766361 40.42929309606552 10.53738585114479 1.427839025855064 0.7800081744790077 0.1480593681335449 10.19030004739761 0.8316829800605774 0.1066123768687248 216.9820096641779 3.905831009149551 0.421440452337265 0.517562098801136 3.161225460469723 0.8634181395173073 0 0.9424286782741547 7.508997701108456 9.777943268418312 17.33677197992802 166.6820090711117 18.0455955862999 56.76166220009327 5.178991883993149 67.07612463831902 8.123542591929436 479.8085424751043 7.348752692341805 7.517512112855911 1.830771014094353 8.093392319977283 2.756020188331604 2.977989479899406 60.2182577252388 2.013947144150734 0.3704623579978943 126.2562249004841 102.4627898484468 226.4434995651245 253.6576610580087 572.5451229587197 1225.842066481709 2052.349856644869 85.26174429804087 793.488817974925 25.14749295264482 1.365865953266621 4.258094549179077 4.600112587213516 4.738007590174675 0.4610234275460243 0.7960082367062569 0.4359724521636963 0.7365898713469505 1.085880868136883 1.827487200498581 0.2152603641152382 2.007473774254322 21.70530363917351 19.01075182855129 0.7271712422370911 4.400838568806648 69.9277627915144 0.5372967123985291 0 0.7900922894477844 0 0.8089500069618225 5.063348889350891 0 2.435697644948959 2.457177311182022 3.340814828872681 2.093863144516945 4.761473819613457 3.814708814024925 2.358362585306168 0.6185299158096313 0.456271693110466 0.1495024561882019 0 0.5857704281806946 0 0 0 0 0.2447823360562325 0 0.2989302426576614 0.7130621895194054 0.1489423960447311 0 0 0 0 0 0 0 0 0 0.442899763584137 0.5903892517089844 0.5119220018386841 0.7091531902551651 2.308263145387173 2.07866545021534 0.7838460803031921 0 0.2516865432262421 0.1319939643144608 0.6074185967445374 1.100601077079773 1.079011589288712 0 0 0.2827984243631363 0 0 0 0 0 0 0 0.4075409770011902 0 0 0 0.3299462795257568 0.8563844263553619 1.361089587211609 0 0.1615364849567413 0.3943759426474571 0 0.1504413932561874 0.1079004481434822 0 0.153480589389801 0 3.09566555172205 0.6047423630952835 0 0 0 0.4925453513860703 1.743726916611195 1.569526523351669 1.185379832983017 0 1.270087517797947 0 0.3594416379928589 0 0.2487856894731522 0 0 0.1441404074430466 0.1094494462013245 0 0 1.267248243093491 2.054189562797546 3.537766762077808 410.6505110934377 50.59885473549366 521.6963419169188 84.57592093199492 70.28321474045515 100.4351728111506 6.452853985130787 155.0618363618851 22.28892064094543 0.5180666968226433 4.233441360294819 1.672355175018311 2.311428740620613 1.839656099677086 0.1183695048093796 2.987443953752518 7.634943246841431 3.989669188857079
459.9705227315426 1940.916902408004 2393.4631819278 22.06071764975786 7369.677485652268 21.16137236356735 2707.931664638221 275.6112699955702 0 84.35616382211447 4078.223076760769 67.65930552780628 1992.179170943797 1983.048002019525 52.31409846246243 24.17320173978806 0.5384769290685654 0.1908309012651443 0 0.2399407774209976 0.8104784041643143 0 0.4737638011574745 0 0.2568676844239235 0.3531983196735382 0 2.039831608533859 0.6230834126472473 0.2360385656356812 201.034157320857 37.62740785628557 3.703264057636261 0 0.6224907115101814 0.2204177007079124 2.44250376522541 0.8452240228652954 1.919104188680649 0 0.4684875011444092 1.77867030352354 0.1720914989709854 2.209591269493103 0 0.2175968512892723 155.8208586648107 3.793678417801857 0 0.1040187776088715 4.709948398172855 0.609700471162796 0 2.193752825260162 5.394476629793644 7.441531866788864 21.45832771062851 62.60691178590059 16.48056188970804 36.29814445972443 0.2961040437221527 2.513325735926628 0.1427559852600098 71.27943786978722 6.329958863556385 6.524443969130516 1.396889381110668 6.496562637388706 1.142086945474148 0.2601155862212181 13.07170253992081 5.444159433245659 0 88.19383436441422 46.24857726693153 132.8739218786359 74.336489982903 18.89657536894083 5.298369944095612 32.80828103423119 0.3021508306264877 4.882552720606327 20.64586998522282 0.5408010929822922 4.798984341323376 4.963049225509167 2.31925155967474 0.2352361604571342 2.154008708894253 0.5723235979676247 0.9791743382811546 1.031022265553474 2.095879592001438 0.4028708264231682 3.693474441766739 342.7183877676725 3.139099925756454 0 0.235253170132637 57.13294212520123 1.149400353431702 1.224286273121834 12.24505177140236 5.161129549145699 16.46518516540527 129.6652699038386 0.7288726717233658 77.87907561659813 58.03501930832863 47.72816762328148 15.99892197549343 130.9967066496611 145.8813601881266 58.29536645114422 14.5840031504631 1.220032840967178 0.5150835514068604 0 1.415119484066963 0 0 0 0 0 0 0.470103457570076 0.6654551029205322 0 0 0 0.3310356140136719 0 0 0 1.624684125185013 1.952401280403137 0 0.4521341547369957 0 0 4.214055672287941 1.569417610764503 0.1762898713350296 0 0 0 0.1004623025655746 0.4472561180591583 0.1727849394083023 0.5346646308898926 0 1.931532755494118 2.910050377249718 0.674874559044838 0 0.1601319015026093 0 0.1911989450454712 0.458510160446167 2.548746451735497 0.294205904006958 0.6639655232429504 9.929243206977844 0 0.1830804198980331 0.4992614388465881 7.257045835256577 0.5081008672714233 3.966427698731422 1.407793074846268 0.4925162643194199 0.5130696967244148 0.1533203423023224 0 0 0 36.65054481476545 0.3331873416900635 0 0.9893682599067688 0.3030109107494354 6.715008914470673 22.08799681067467 13.4184345304966 12.77288842946291 13.44779612869024 4.756193459033966 0 1.315995216369629 0.2482524216175079 0 0 0 0.5426846817135811 0 0 0 54.2087610065937 6.801852732896805 3.089647874236107 1010.263256214559 84.29838791489601 490.9402704611421 116.7596849277616 176.5725875720382 117.2584180682898 9.257244676351547 257.8463692069054 77.69610708206892 1.355209156870842 33.71085169911385 6.31767288595438 46.97203709185123 2.917237758636475 0.9742537289857864 7.613831512629986 11.3482610732317 2.798813544213772
1203.626229852438 54.79125467687845 41.38134846836329 2751.308190666139 125.7001488730311 1549.916182637215 3616.820536196232 6.791565231978893 84.35616382211447 0 72.51283416897058 3508.870699808002 4248.396853454411 644.8702643066645 7.599701479077339 6.577566683292389 0.2746661454439163 1.23254656791687 0 0.3234643787145615 0.6368522793054581 0 0 0 0 0.1221421435475349 0 0.4385892748832703 0.1672786474227905 0 79.55998775362968 5.145986974239349 3.180932968854904 0 0 0.2936703413724899 2.550297260284424 0.154379814863205 0.546004980802536 0 0 0.3463366702198982 0.2056233435869217 1.365047425031662 0 0 33.2624378874898 1.992633558809757 0.4235753864049911 0.1060020923614502 1.72376611083746 0.7882454693317413 0 1.015851579606533 7.282283924520016 5.008016243577003 221.0138998255134 398.2773211225867 50.61016937345266 16.79674430936575 0 0.6124637126922607 0 14.34079930186272 5.304819673299789 4.051777713000774 0.7432945370674133 3.21658443659544 0.4560225084424019 0.7334223836660385 99.61324706673622 5.797201946377754 0 223.817960627377 43.31924141943455 36.02091587334871 6.476584859192371 2.018924884498119 0.1588031053543091 79.13962564617395 0.4723136499524117 3.976863481104374 21.38550889492035 0.5097088068723679 2.087119400501251 2.174504540860653 1.70358981192112 0.5567772388458252 1.104595810174942 1.059232085943222 0.5726896524429321 0.7072954922914505 0.5528159290552139 0 0.69927017390728 1190.703012824059 9.921107113361359 0 1.420355319976807 1130.590789534152 6.482716202735901 2.315730646252632 14.46778544783592 12.93786591291428 20.70495383441448 206.2132858783007 6.850918486714363 99.74451239407063 586.6910536140203 79.61301872134209 15.90390984714031 135.0443368852139 166.1748964935541 84.83329524099827 13.63373307883739 0 1.186423435807228 0 1.970528408885002 0 0 0 0 0 0 0 0 0 0.1499144583940506 0 0 0 0 0 1.279862307012081 2.03770986199379 0 0.357565313577652 0.8669621348381042 0.6655431687831879 2.514967739582062 0.2130993604660034 1.112631782889366 0 0 0 0 0 0.3135358393192291 0 0 1.412536963820457 4.004712581634521 0 0 0 0 0.3360707238316536 1.274580664932728 2.385389983654022 0.3322302550077438 0.6513664126396179 9.07445327937603 0 1.193329051136971 1.627634346485138 6.710233271121979 0 3.097471594810486 1.678771451115608 0.3900326192378998 0.910760834813118 0.1681725978851318 0.1494606882333755 0 0 28.49943205714226 0 0 0 0.227130725979805 11.23053392767906 20.43038034439087 7.823792845010757 11.36091484129429 12.77716043591499 10.52436298131943 0.6294344067573547 1.321751803159714 1.23720620572567 0.146814152598381 0 0 0.5066842883825302 0 0 0 64.48461972177029 2.632866203784943 1.569193854928017 892.1021587029099 21.93910082429647 186.6791352331638 38.05477061122656 2158.156090043485 63.8018159493804 4.253769621253014 109.7167638093233 60.30476568639278 1.164836063981056 37.2884529531002 4.193309940397739 80.30821543931961 6.06000255048275 0.8534883260726929 9.513056755065918 2.782012447714806 2.155876040458679
724.4917242079973 1218.341888904572 7959.891679979861 16.8270478323102 1134.410793609917 30.73630376160145 681.1546787694097 1360.996878907084 4078.223076760769 72.51283416897058 0 362.6417781189084 3592.971364378929 7244.030015058815 221.4109010025859 156.3472525030375 2.499851420521736 1.071698643267155 0.6205908507108688 1.889294371008873 0.897900328040123 0.1887079328298569 0.9379450678825378 0.3942879140377045 1.774642191827297 1.864938326179981 0 3.977102398872375 2.015049695968628 0.133059173822403 828.6010903120041 598.8651901111007 251.5552672445774 0.840325765311718 0.2589228004217148 2.491255268454552 145.985153362155 4.395507320761681 20.37794531881809 1.827593252062798 1.9465257152915 2.147164672613144 0.4694646447896957 22.63724521547556 0.4010859578847885 0.9111827164888382 388.5300158634782 6.49743527919054 2.387473002076149 0.964747428894043 8.731763280928135 1.336960092186928 0.8775258660316467 5.163386382162571 16.33465887606144 21.38631971925497 33.72375394403934 177.2392416298389 36.13083685189486 107.1116531640291 0.2617852538824081 50.31774757057428 0.2743264362215996 202.6835648342967 16.66315619647503 14.09577574580908 3.430539965629578 14.66796734184027 2.651211634278297 2.905941337347031 163.10107421875 8.181756660342216 0.4222404062747955 213.5690676867962 119.4540542811155 388.5081611573696 272.7241125032306 148.3223974183202 214.261682510376 994.0023781210184 4.173323035240173 45.24339570105076 46.15174786001444 1.052141018211842 9.256774432957172 11.93955370038748 6.084919810295105 0.5538284257054329 3.456853061914444 0.8980427980422974 2.6826316639781 4.718239098787308 3.404192313551903 0.852262020111084 7.903610214591026 218.0258764326572 29.04446452856064 0 7.412463024258614 119.6586868166924 0.464978963136673 1.928972616791725 11.1366301625967 1.514696002006531 8.328976884484291 83.77474556863308 3.303312569856644 40.25898730754852 41.83282366394997 27.12220969796181 7.862784139811993 72.41697958111763 79.04199075698853 44.83456296473742 13.06812350451946 0.351422518491745 0 0 1.122815132141113 0.2733497023582458 0 0 0 0.2734550833702087 0 0 0 0 0 0 0.1736059188842773 0 1.697968363761902 0 0.4177277386188507 0.1758931428194046 0 0.7108681797981262 0 1.267624124884605 2.883833006024361 2.117015272378922 0.4481719210743904 0 0 0.2847547829151154 0 1.006049573421478 2.414029896259308 0 0.3648852109909058 3.495515048503876 1.61445689201355 0 0.1042863354086876 0.1547648906707764 0.1563463062047958 0.6626059263944626 0.6026441901922226 0.2147022038698196 0.3355994373559952 1.698440194129944 2.517141848802567 0.1893176883459091 0.2122862786054611 0.8585885465145111 6.487662866711617 0.6004188656806946 2.697955340147018 2.537517175078392 0.323613241314888 0.631165973842144 0.2649823725223541 0.5014004334807396 0.1318496763706207 0.2448508143424988 24.41001977026463 0 0 0.2166820019483566 1.428995810449123 11.11710596084595 19.96819633245468 10.06663282215595 9.834685459733009 9.026057124137878 7.071753680706024 0.7242099344730377 0.9298888891935349 1.135126531124115 0.09983081370592117 0 0 1.427991159260273 0.1201649829745293 0 0 32.01276145875454 5.433568701148033 2.023399695754051 1652.204366743565 190.9134948924184 1077.050440907478 248.1241029575467 231.8383184447885 225.6635832116008 19.40648172795773 520.3917426094413 106.4345547482371 2.072144761681557 27.66244184970856 9.413308702409267 34.48477225005627 3.888945341110229 0.4658194780349731 8.156075343489647 38.08122222870588 10.35111449658871
165.0862385034561 27.39229972660542 110.3352609202266 773.4081307351589 30.24325435608625 892.2196558117867 761.4627916887403 40.36592317372561 67.65930552780628 3508.870699808002 362.6417781189084 0 1784.021583467722 511.4966497793794 29.83005011826754 27.33495060354471 0.5519031658768654 0.1198713555932045 0 0.3292811512947083 0 1.307308077812195 0.1401273161172867 0 0.1293492913246155 0.3073968291282654 0.1339259296655655 0.8361950591206551 0.6986842006444931 0 71.88774828612804 5.897847533226013 22.81912045180798 0.1340606063604355 0 0.6250917315483093 13.29812408983707 0.2423933893442154 3.237308874726295 0 0.3856267482042313 0 0.122999519109726 3.771842569112778 0 0.2155233919620514 37.72654777020216 0.707967571914196 0.1679047495126724 0 1.379924021661282 2.225925028324127 0.1900179237127304 0.8003539741039276 2.45729586482048 1.879351556301117 68.58463302254677 94.86592441797256 14.45066805183887 7.416868694126606 0.4178685247898102 9.801597133278847 0 6.364011064171791 1.604181632399559 1.11859929561615 0 1.177081540226936 0.1955727487802505 0.2152393311262131 288.8377773612738 121.3156088590622 1.987275198101997 51.52297399193048 10.0456316024065 25.02831412106752 15.1695373877883 11.83965092152357 1.412033706903458 163.3380401283503 7.27319461107254 26.84467751532793 7.403782747685909 0.8620048016309738 1.196312077343464 1.320634715259075 0.7656241953372955 1.350068494677544 0.7703755348920822 3.990134723484516 0.475540354847908 0.6173174679279327 0.7138815298676491 0.8264008313417435 1.427269741892815 3605.371163666248 320.6033637821674 9.974335223436356 36.38738062977791 509.6024241894484 1.367980897426605 2.348480433225632 13.81970949470997 5.725966617465019 22.88375593721867 170.2009428590536 5.995841056108475 84.15389524400234 160.5811454355717 45.18344463407993 21.65710576623678 158.5003247112036 209.7047169655561 126.6309748291969 32.3036527633667 1.258955493569374 3.064745083451271 0 1.31116846203804 0 0 0 0 0.34807388484478 0 0.1244043707847595 0 0.3499621152877808 0 0.4459712356328964 0 0 0 0 2.547446981072426 1.529148370027542 0 0.7555886209011078 0.3902563899755478 3.421412527561188 7.748115077614784 4.780018970370293 1.387266874313354 0.3203884959220886 0 0 0 0.7013618350028992 0.7586763054132462 0.9197277724742889 0 4.45831786096096 3.210681319236755 0.443054124712944 0.2826967537403107 0.4341386258602142 0 0.1888584792613983 1.163142837584019 2.637555949389935 1.198727644979954 2.387628495693207 12.00163479149342 0.1437532305717468 0.4517508447170258 2.0802943110466 12.0620960444212 1.704818055033684 5.404118031263351 3.285101421177387 0.1760477870702744 2.455750420689583 0.1249400451779366 1.161865502595901 0 0 74.1291121840477 2.098547056317329 0 0 0.6694875657558441 20.07916550338268 27.12708133459091 17.65910604596138 23.97054636478424 21.58914335072041 12.30895106494427 0.3754001408815384 1.9846031665802 2.270587772130966 0 0 0 0.4076793417334557 0.2729311883449554 0 0 112.2643309980631 21.34326866269112 4.492121249437332 741.5565393865108 45.79300014674664 150.7118506729603 37.53135259449482 982.7366144061089 32.6789300814271 5.90263769775629 92.52560400217772 72.27859324961901 1.89657336473465 55.08329177647829 5.323866307735443 49.28770266473293 7.14348079264164 0 13.79594111442566 6.523204252123833 0.6115222722291946
