0 5332.272819332778 1095.622471660376 2368.042184218764 1752.909899622202 187.4099584519863 1728.24447401613 319.0576728731394 45.36397818475962 2781.513455599546 343.7212130501866 157.9240947514772 186.1164301261306 246.268109716475 1.607489392161369 1.160983324050903 0 0 0 0.1674603968858719 0.175701916217804 0 0 0 0 0.2386379837989807 0 0 0.1706244051456451 0 302.4485069215298 2.08024962246418 7.17731386423111 0 0 1.244873411953449 7.366254836320877 0 0 0.1099296286702156 0.1289247870445251 0.131107822060585 0.1137167736887932 0 0.1642064303159714 0.1134588345885277 20.72611117362976 3.516303561627865 0 0.1339484751224518 0.3398236036300659 0.8023685216903687 0 0.2316921800374985 0.8108023554086685 5.655117034912109 277.9462561607361 754.5882621407509 58.77150388807058 9.929967850446701 0.1174951493740082 3.33727054297924 0 1.629223227500916 6.087072491645813 3.407346785068512 1.827157236635685 1.229400329291821 0.4001366943120956 0.3054132759571075 14.21131357550621 9.047642648220062 1.654264628887177 101.4244038537145 28.90334378182888 10.289815582335 4.505699023604393 0.62784543633461 1.313468337059021 123.2163002490997 0.4314681589603424 11.03240399062634 13.88383035361767 0.8570059090852737 3.319142244756222 5.757459506392479 0.8017021715641022 0.4811127558350563 2.46368882805109 0 0.3129842281341553 0.3543258309364319 1.21404567360878 0.3956831097602844 0 146.7685684561729 2.778107225894928 0.7232324481010437 0 723.8543379232287 0.2644260227680206 0.9896198511123657 1.340421915054321 1.090402603149414 0.8020488321781158 5.59415391087532 6.122638881206512 3.847865283489227 8.159353271126747 15.83850294351578 0 5.170349836349487 12.54841540753841 8.492589265108109 6.697296470403671 0.5284612774848938 0.6422197222709656 0 0 0 0 0 0 0 0 0 0 0 0 0.6726779937744141 0 0 0 0 0 0.3356253504753113 0 0 0 0.2735440731048584 4.787261962890625 0 0.5383728742599487 0.9909840822219849 0 0 0 0.9649778008460999 0 0 0 1.250032037496567 2.775123298168182 0 0 0.1108699440956116 0 0 0 0 0 0.3123142421245575 1.237654641270638 0 0 0 9.128803819417953 1.379250288009644 0.6958399415016174 0 0 0 0 0 0 0 10.83750258386135 0 0 0 0 1.869964197278023 0 0 0 0 0 0 0 0.2553789615631104 0 0.2474617511034012 0 0.1078991815447807 0 0 0 4.369801551103592 7.439640283584595 7.320201374590397 26.083939447999 7.371152378618717 68.07099667936563 24.20796446502209 636.3301011919975 20.48035844415426 2.401344038546085 4.737166799604893 1.504120767116547 0 9.23099559545517 0.6628370583057404 4.365808248519897 0 0 0.3060304820537567 0 0
5332.272819332778 0 957.9212325885892 145.3822943419218 3953.395071521401 200.2348775416613 3287.356033720076 312.8755297660828 201.9640776365995 344.9107421264052 702.2125316187739 53.00122509896755 571.5318116769195 570.5968274697661 5.640369899570942 3.645417228341103 0.4165302366018295 0.4914164394140244 0 0.3982495814561844 0.1993701457977295 0 0 0 0 0.2384706139564514 0.5616333782672882 0.3056730777025223 0.5390710532665253 0 1630.888405606151 0.3888899087905884 5.766864761710167 0 0 0.858338288962841 4.130410902202129 1.549055077135563 0.3268944174051285 0.1041560024023056 0 0.389052614569664 0.2158670723438263 0 0 0.2239241451025009 80.37940392643213 17.08838602155447 0.7257706075906754 0.3546960353851318 1.6462676897645 0 0 0.2676366195082664 4.135033614933491 18.68048042058945 200.5137164890766 563.9611316546798 84.17639401555061 38.48692540079355 0.3580545037984848 0 0 17.38850736618042 21.13576208800077 14.56527934223413 4.970725737512112 4.427813492715359 1.917025655508041 0.4361688941717148 11.13298814743757 3.524374186992645 0 181.8916212916374 95.71486042439938 39.34577590227127 6.458145692944527 1.501631163060665 1.293331891298294 110.2967799752951 0.4516411274671555 11.43828747421503 48.5342670455575 2.198737591505051 16.07663577049971 27.27109596133232 4.917485967278481 0.9303680956363678 10.63278779387474 0.2439809888601303 2.105249531567097 2.016506604850292 0.5864106416702271 0.7487564757466316 0.8409199342131615 26.19591604173183 0.6191048920154572 0.2685965299606323 1.190002553164959 2393.66982729733 1.386136889457703 0 2.874866127967834 0 6.535225108265877 10.61923262476921 0 8.328666135668755 13.03101986646652 19.87637855112553 2.698635250329971 10.20343458652496 13.70805089175701 9.582811512053013 6.460944220423698 1.475081592798233 1.080675542354584 0 0 0 0 0 0 0 0 0 0 0 0 0 0 0 0 0 2.984312951564789 0.3579015582799911 0 0.6456251740455627 0 6.603100374341011 4.063638716936111 6.935596317052841 0 0.6073444932699203 0 0 0 0 0 0 0 0 6.214194893836975 0.4638423025608063 0 0 0 0.8214573264122009 0.7750855684280396 0 0.1546216756105423 2.521332591772079 0.4096206724643707 0 0 1.283737301826477 12.20087246596813 0 0.4586510062217712 0.4651285707950592 0 0.1955585479736328 0 0.2453257963061333 0.1684512346982956 0.292653501033783 23.16438452899456 1.932795584201813 0 0 0.5160863399505615 10.23999081552029 0.5850701928138733 3.645623624324799 0 0.6162046045064926 1.880299299955368 0 1.233819603919983 0 0.2002321928739548 0.1213445588946342 0 1.038862518966198 0.113333597779274 0 0 9.611505150794983 16.35876308381557 5.568608909845352 98.85699796676636 29.97727461159229 305.3510600849986 72.73284188657999 511.1149516552687 60.93469152599573 6.625246807932854 17.70277821272612 4.547309286892414 1.884086407721043 14.15211687237024 2.363931812345982 6.21945258975029 0.1316546052694321 0.0955873429775238 0.6200258284807205 0.8882320672273636 0
1095.622471660376 957.9212325885892 0 3.795375362038612 2236.422959826887 13.64723733067513 282.8739545717835 5873.059725284576 760.801397845149 21.27843835949898 5337.572050839663 19.11266978085041 488.5038184225559 1161.939751438797 23.03926192224026 24.23811149597168 1.185434639453888 2.753903537988663 1.299794241786003 40.10347855836153 26.30335059762001 0 3.473019883036613 0.4977767765522003 1.180885180830956 1.208997011184692 1.029499396681786 0.4736063107848167 0.5702613741159439 0.4807868152856827 2465.571823321283 92.25706399977207 30.7629806175828 2.052829816937447 1.763533234596252 1.170911386609077 3.006784997880459 0.1074279323220253 1.68675434589386 0.1876138895750046 0.8372260928153992 0.6442428082227707 7.265763141214848 5.760243713855743 3.017443791031837 3.494600363075733 135.5318839550018 21.81702414900064 4.325748808681965 5.040289267897606 7.925827756524086 0.1268656998872757 0 1.196983993053436 5.849442236125469 16.03769185394049 130.3051203638315 860.5227596461773 56.5025891289115 50.20496123284101 19.38558315485716 5.721893414855003 0.7467791885137558 73.9885647892952 21.74751330912113 22.20949760079384 8.669117361307144 27.97122889012098 45.27471059560776 35.27326864749193 23.8657683134079 0 0 132.0421848520637 115.0652367249131 71.17383936792612 36.71021848171949 9.187716156244278 148.3908982127905 1573.154635444283 30.29333826899529 683.7844716459513 41.00061602890491 2.816408202052116 12.96074197441339 24.13350863009691 24.91496846079826 0.8472499996423721 9.332918725907803 0.1189440786838531 5.325704708695412 1.705579809844494 28.38148679584265 3.34320842474699 1.744504600763321 13.16774420440197 3.857640340924263 0 3.942310191690922 931.3127246499062 1.767524749040604 0 2.241602525115013 4.207911610603333 12.72038288414478 17.46644389629364 0 9.895629912614822 14.47611920535564 17.98923191428185 2.847731575369835 13.66794508695602 20.61812655627728 12.66875565052032 11.45067876577377 0.4622812271118164 2.00810706615448 0 0.4650813341140747 0 0 0 0 0 0.2781445384025574 0.2732302844524384 0 0.4066924601793289 0 0.1218554079532623 0.2952649742364883 0 0.2584063112735748 0 9.642491310834885 0.5927807688713074 0 0.5773989260196686 0 11.75357881188393 10.08637887239456 7.861486583948135 0.4012765288352966 0.2498305439949036 0.1542840898036957 0 0.1276335269212723 1.194584488868713 0 0 0 2.014775574207306 5.805930286645889 0 0 0.1737117171287537 0 0.2768630385398865 0 0 0.1112258210778236 0.3496273458003998 0.9038508236408234 0 0.3513074219226837 0.1516697853803635 14.81414465606213 0 0.8330237567424774 0 0.1834816932678223 0.2988649904727936 0.3309382349252701 0.5322197526693344 0.3370221704244614 0.1238261610269547 35.76587915420532 0 0 0.1138429716229439 0.7039322257041931 23.9538839161396 0 6.149869918823242 0 0 0.1563219577074051 1.097562402486801 1.094854950904846 0.2332232892513275 0.1984244585037231 0.8568311035633087 0 1.064326576888561 0.1406102925539017 0 0.1235088631510735 9.354794293642044 21.49684622883797 9.860366486012936 132.1548290252686 52.45228606462479 322.8636335432529 86.22705832868814 173.0812354236841 54.63158868998289 6.936309732496738 24.03595549613237 8.129271954298019 4.039288610219955 10.06664156913757 2.381887175142765 8.057777404785156 0 0.1275610625743866 2.332687988877296 3.460686877369881 0.1853332817554474
2368.042184218764 145.3822943419218 3.795375362038612 0 12.93983434140682 542.9010191559792 376.9265913069248 0.8572420328855515 14.11554408073425 1393.871888667345 6.142510831356049 236.697705462575 192.0730837360024 236.7916409224272 0.2454749792814255 0 0 0 0 0 0 0 0 0 0 0 0 0 0 0 1.226774588227272 0 1.967599049210548 0.1125008314847946 0 0 0 0 0 0 0 0 0 0 0 0 2.647737547755241 0.7558139488101006 0 0 0.1195727214217186 0 0 0 0.2082675397396088 1.997823469340801 16.60806096345186 27.24676425755024 7.222884707152843 1.542418256402016 0 0 0 0 1.364550583064556 0.6682745739817619 0.4900059029459953 0.3076964840292931 0 0 0.8313468098640442 0 0 12.75120814889669 3.905055567622185 1.234809689223766 0.4912560284137726 0 0 3.915556371212006 0 0 1.648256182670593 0.2736806347966194 0.567683719098568 1.364590220153332 0.2873532325029373 0 0.1201855391263962 0 0 0 0 0 0 41.27687965333462 0.4301898181438446 0 0 178.1112287044525 0 0.5822917222976685 3.039723753929138 0 0 4.136552557349205 0.4158994257450104 4.255633056163788 6.890062183141708 3.531400173902512 0 5.240353390574455 4.486959248781204 3.799566954374313 3.130764290690422 0 2.7402134090662 0 0 0 0 0 0 0 0 0 0 0 0 0 0 0 0 0 4.275555610656738 0 0 0 0 4.14331579208374 2.037242233753204 0 0 0 0 0 0 0 0 0 0 1.481661558151245 1.056291818618774 0 0 0 0 0 0 0 0 0 0 0 0 0 4.072972536087036 0 0 0 0 0 0 0 0 0 4.088600754737854 0 0 0 0 7.431401669979095 0 4.970305740833282 0 0 0 2.377786159515381 0 0 0 1.436165452003479 0 0 0 0 0 1.957190677523613 2.52382493019104 3.461113095283508 4.164185307919979 1.128862507641315 18.85108838230371 5.134682066738605 183.7761006951332 4.621920116245747 0.9011235535144806 0.6142561137676239 0 0.08657638728618622 1.980285704135895 0.2130009606480598 2.993678092956543 0 0 0 0 0.2665156126022339
1752.909899622202 3953.395071521401 2236.422959826887 12.93983434140682 0 57.51407510042191 1586.650710776448 766.1025092825294 4145.235954977572 59.09948410838842 3343.80266340822 281.3083219155669 840.1461365744472 1538.181096822023 10.88789266347885 1.551847979426384 0.4639943540096283 0.1331924051046371 0.1531868577003479 0.1621484905481339 0 0 0 0 0 0.4604624360799789 0.1789212226867676 0.1027711629867554 1.122767187654972 0 305.7938795238733 1.314504593610764 2.426542334258556 0.1378113478422165 0 0.1428803652524948 0.1529920399188995 0.126123920083046 0.1189660578966141 0.1516977548599243 0.3544559180736542 0.7055350095033646 0 1.006341427564621 0.1228298097848892 0.281891942024231 119.9586025923491 18.61625670641661 1.446124643087387 0.1559439599514008 2.383162893354893 0.3531091064214706 0 0.952409565448761 6.385752961039543 17.65470469743013 76.15080052614212 226.1719465181231 48.96186846494675 45.59974120557308 0.8131252378225327 0.5326294302940369 0 25.48302525281906 24.51130052655935 16.53526563197374 6.08805088698864 5.871843665838242 0.7846272587776184 0.6994171589612961 10.75138989090919 0 0 124.6716874390841 91.70394598692656 51.83037347346544 19.57807619124651 1.282789751887321 0.8099764436483383 34.79515432566404 0.5587694048881531 3.733447283506393 44.21781545132399 2.964356303215027 15.60724434256554 25.59974110126495 6.176642909646034 0.9473328739404678 10.35544370114803 0 2.384706661105156 1.302830442786217 0 0.5089719295501709 1.728315688669682 15.51224713027477 1.012720122933388 0 3.74705559015274 324.8062635064125 0.8204432427883148 0.2236447483301163 1.994544357061386 3.321700155735016 11.76241084933281 17.29965570569038 3.398999571800232 15.51981763541698 23.89018358290195 50.72921320796013 1.563488751649857 21.68402554094791 31.93614953756332 16.68694271147251 7.629759758710861 1.776371210813522 0.5800213515758514 0 0 0 0 0 0 0 0 0 0 0.1596987694501877 0 0 0 0 0 0 8.785408854484558 2.343123778700829 0 2.936935245990753 0.877324640750885 17.3403042703867 4.302308410406113 3.397435188293457 0.7372591495513916 0 0 0 0 0 0.1834465265274048 0 0 2.667996823787689 3.51823978126049 0 0 0 0 0.299761950969696 0 0 0.3280906826257706 0 0 0 0.2599446177482605 1.192954882979393 17.13434180617332 0.94013512134552 0 1.681684628129005 0.5920750796794891 0.4593278765678406 0 0.5157978907227516 0 0 26.50304509699345 0 0 0.2280551344156265 0 15.20986323058605 1.633103415369987 12.46104145050049 1.51872481405735 0 0.1937429457902908 2.417566657066345 0.9661116003990173 0.3027673959732056 0 0.2237483114004135 0 1.654614210128784 0 0 0 13.2702114880085 17.98503096401691 14.8910443931818 152.0932371541858 53.02223449200392 362.6184356883168 77.99266288429499 198.2529651075602 56.40136302262545 8.349459625780582 25.46502893418074 7.354424685239792 4.030954524874687 13.76102898269892 3.208100184798241 9.122029066085815 0 0 1.139260724186897 1.217940077185631 0.3644138872623444
187.4099584519863 200.2348775416613 13.64723733067513 542.9010191559792 57.51407510042191 0 426.4095611050725 2.55078811943531 16.19813264906406 1751.768252894282 9.779630854725838 432.2081682533026 196.3204819858074 120.4922417849302 0.2294690310955048 1.869848556816578 0 0 0 0 0 0 0 0 0 0 0 0 0 0 9.614678978919983 0 83.44747270643711 0 0 0 34.27695809304714 0 1.195058256387711 0 0 0 0 0.1386941820383072 0 0 2.839831702411175 0.2994306981563568 0 0 0 3.385517969727516 0 0 0 0.2063926160335541 267.6770706325769 61.47325998544693 12.09174869209528 0.4971637055277824 0 1.673042118549347 0 0 0.1289887875318527 0.1294245570898056 0 0 0 0 166.8360636234283 94.48430685698986 6.343333154916763 5.029101714491844 0.4531771242618561 0.5177494212985039 0.130991593003273 0.4586333930492401 0.1671558171510696 70.46066823601723 0 3.267644703388214 0 1.252760171890259 0 0.3116098493337631 0 3.539913937449455 0.216512605547905 3.215235814452171 0.2782451212406158 1.34598970413208 0 0 0.1633829027414322 801.1850483864546 61.40154227614403 24.28032423555851 8.412997454404831 395.9504097998142 0 0 0.8820097744464874 0 0 4.42885585129261 8.848422288894653 9.857127383351326 6.723018601536751 17.34061178565025 1.791913151741028 9.164320960640907 7.022117123007774 5.407927960157394 9.316211760044098 0.8002872467041016 1.802664637565613 0 0 0 0 0 0 0 0 0 0 0 0 0 0 0 0 0 3.973165780305862 1.874797821044922 0 0 0 6.079378843307495 3.942630171775818 6.01666271686554 1.313102722167969 0 0 0 0 0 0.3060502707958221 0 0 1.336674690246582 0 0.513167679309845 0 0 0 0 0 0 0.6033132672309875 0 1.473098039627075 0 0 0 7.960886359214783 2.03753137588501 0 0 0 0 0 0 0 0 12.8007430434227 0 0 0 0 3.424251079559326 1.948323965072632 13.19072008132935 0 0 0 0 0 0 0.1815557330846786 0 0 0 0 2.287405729293823 0 3.316669628024101 3.329183638095856 0 6.469342894852161 0.6278185695409775 6.871292918920517 1.093145772814751 319.7409366071224 2.835575103759766 0.1893665939569473 1.039128825068474 3.311303555965424 0 4.532081216573715 0 3.275235027074814 0.5556951761245728 0 0 0 0
1728.24447401613 3287.356033720076 282.8739545717835 376.9265913069248 1586.650710776448 426.4095611050725 0 141.7199166044593 824.5441630780697 632.2333343923092 1002.755152948201 378.4817064926028 1437.309202797711 627.85760204494 19.96741849929094 5.543625265359879 0.2772401571273804 0.1211495250463486 0.2504271268844604 0.2689741402864456 0.4961057901382446 0.2085383236408234 0 0 0.3719345256686211 1.481068812310696 0.4668376371264458 1.103352472186089 0.9655762612819672 0 96.5742417126894 1.749511286616325 4.662099868059158 0 0 0.7803483381867409 7.364642761647701 0.2161975279450417 2.952905103564262 0.3862106055021286 0.3780001625418663 2.663443006575108 0 1.110317185521126 0 0.2953836172819138 250.4528425484896 30.24807215481997 2.252817861735821 0.4457250982522964 4.68706788867712 0.3055829256772995 0 2.638382986187935 10.13282625377178 32.1361522898078 139.045659430325 242.843035839498 91.40988179296255 101.8487055078149 0.8850376605987549 2.394918173551559 0.2462932914495468 33.90836842358112 39.80505191534758 32.8693947866559 11.90214365720749 11.20649903267622 3.074721075594425 1.116207331418991 43.2822628095746 0.6594167649745941 0.153876319527626 224.2742383852601 147.6077132895589 91.96114288270473 38.59377568215132 1.411974340677261 0.954931266605854 13.72629770636559 0.9250224679708481 9.583247043192387 71.22927486896515 4.785896621644497 29.91057269275188 49.07014791667461 13.06551795452833 1.625346511602402 20.14992094039917 0.2862813472747803 5.724262081086636 2.344010837376118 1.167312115430832 2.045833073556423 3.957101240754128 66.89243853092194 6.291920565068722 0 11.96878656744957 397.7841930761933 2.859770312905312 3.799972608685493 37.10932132601738 9.573245540261269 41.74819499254227 85.33465847373009 14.00897619128227 88.55117644369602 114.2935172021389 227.8472435772419 25.36486268043518 99.20254181325436 124.4742405414581 62.60177193582058 50.15418836474419 10.15911792218685 11.75043517351151 0 2.23534682393074 0 0 0 0 0 0 0 0 3.401486843824387 0.383490115404129 1.264661744236946 0 0 0.2888209819793701 0 24.80514016747475 3.445719435811043 0 6.812973603606224 0.7727730870246887 38.57584285736084 45.67356153577566 29.16928441822529 8.268330514431 0.8471664190292358 0 0 0.155810073018074 0.2763248980045319 2.52843901515007 0 0 9.156823828816414 22.95381166040897 0.2533709406852722 0 0 0 0.3555957525968552 0.2238176763057709 1.836423456668854 0.9022797718644142 0.9327037334442139 4.744625076651573 0 1.053968518972397 6.402021110057831 77.27057118713856 2.524466991424561 2.291925862431526 2.985235944390297 0.4052907824516296 0.8591589480638504 0 1.182924926280975 0.1312136650085449 0.3078310340642929 108.4460100084543 3.741659432649612 0 0.4327278360724449 0.2928308248519897 64.6451803445816 4.200168371200562 40.00253714621067 5.654274553060532 2.845278292894363 5.169827044010162 3.889680653810501 0.6210709810256958 2.629422232508659 0.406717985868454 0.2069748491048813 0 2.583111360669136 0.4946778044104576 0 0 51.84938298165798 77.75069113075733 37.20585286617279 343.8346214145422 106.4635859951377 778.3977906703949 185.7800672724843 616.7628859430552 123.262233287096 17.27887231856585 56.35172754526138 25.84494359791279 9.029586002230644 54.44747775048018 7.814122080802917 31.77403742074966 0.7827552706003189 0.990878090262413 5.788046844303608 4.454852789640427 0
319.0576728731394 312.8755297660828 5873.059725284576 0.8572420328855515 766.1025092825294 2.55078811943531 141.7199166044593 0 391.4180480092764 5.687645614147186 1987.726368419826 11.63449874520302 530.9669191688299 1870.22656262666 17.46551255881786 13.21022495627403 3.440369665622711 4.104214645922184 2.722365498542786 35.63849420845509 12.13086372613907 0 0.5674759596586227 1.006997376680374 0.843849703669548 0.5437795221805573 1.833337470889091 0.3257618397474289 0.429357498884201 0 1790.480666011572 1282.839583083987 8.709579557180405 2.991219773888588 0.4433249086141586 1.470076605677605 1.647504553198814 0.7372210621833801 1.555881962180138 0 2.534308597445488 0.8178340941667557 8.362239092588425 9.559677720069885 2.384639613330364 21.7826747149229 143.4161527827382 16.09865979850292 3.548614501953125 12.97415371239185 2.675535336136818 0 0 0.3988671973347664 3.300239212810993 8.092861406505108 44.52038681507111 246.6412571519613 20.67601798474789 44.81719975918531 53.0384126752615 8.281251072883606 1.17542727291584 350.8460721820593 15.93377173691988 14.74497935175896 4.54819717258215 19.41128342598677 36.9189231544733 22.15406312793493 8.068531736731529 0 0 68.74151217192411 109.1972658783197 72.59385930001736 109.4074561819434 18.98034752160311 339.040065959096 551.3413242101669 99.47998714447021 1118.653565011919 25.50645687431097 0.7556469663977623 13.44872921705246 13.24403232336044 41.29611192643642 0.5584447905421257 6.936933875083923 0 2.046807885169983 0.8894439786672592 8.684836387634277 1.378677815198898 2.026082821190357 4.908573552966118 1.285005792975426 0 0.782668262720108 192.9033855646849 0 0 1.320602148771286 0 5.407637387514114 5.696399569511414 0 4.398735150694847 3.137903273105621 7.480275571346283 0.6299601048231125 5.719027608633041 5.325754180550575 2.106471732258797 2.898371741175652 0.8731445074081421 0 0 0 0 0 0 0 0 0.1638029962778091 0 0 0 0 0 0 0 0 0 0.1506320685148239 0.7122550010681152 0 0.1894789040088654 0 4.262144297361374 2.323555186390877 3.611906200647354 0.9524120092391968 0.2559346854686737 0 0.1769812554121017 0 0 0 0.1496783047914505 0 0 0.8851082921028137 0 0 0 0 0 0 0 0 0 1.26877823472023 0 0 0 0.3227355778217316 0.8526619672775269 0.5590392351150513 0 0 0.156351625919342 0.1169352829456329 0.1672103255987167 0 0 3.739620938897133 0 0 0 0.601765051484108 3.669748470187187 0 2.937262639403343 0 0 0.9837384670972824 0.3072395920753479 0 0.6110824346542358 0 0.2800197303295135 0 1.172659441828728 0.61028952896595 0 0 0.8734250664710999 5.875754803419113 2.885385870933533 132.730056643486 31.42832650244236 302.0599452704191 58.93349901586771 56.13092525303364 30.48483918607235 3.986859641969204 25.953483954072 4.981195189058781 1.845305904746056 2.469521827995777 1.308362424373627 0.2026699483394623 0 0.1262417286634445 0.9011634588241577 2.756991222500801 0
45.36397818475962 201.9640776365995 760.801397845149 14.11554408073425 4145.235954977572 16.19813264906406 824.5441630780697 391.4180480092764 0 102.9544002711773 3680.29508972168 734.604220494628 2238.842965491116 2042.482868954539 23.41494092345238 11.53973610699177 0 0.4064441695809364 0.3230833411216736 0.1456744223833084 0.1101658493280411 0.4400620460510254 0.1473981291055679 0 0.1588421165943146 0.6901251375675201 0.1155973374843597 0.6537477374076843 1.576878391206264 0.1421500444412231 56.0383335724473 1.887779146432877 16.39823446422815 0 0 0.9235589504241943 3.112842805683613 0.3521096482872963 1.010612621903419 0.1176563277840614 0.1479413509368896 1.255545027554035 0 0.8262913525104523 0 0.4556816071271896 160.0589140281081 6.92182133346796 1.056290656328201 0 2.383344173431396 0.5236936211585999 0 2.526578657329082 1.910624213516712 4.775976985692978 18.4580337703228 27.81130420416594 18.64116211235523 38.54288064688444 0.6148183792829514 0.3691130131483078 0 11.48348186165094 8.655102483928204 8.065231800079346 2.896443553268909 4.179763406515121 0.8559634387493134 0.8351653814315796 23.73267414420843 1.301424860954285 0 43.5064587444067 38.93962740898132 56.32528244704008 34.41572681814432 2.36956649273634 0 26.49032362550497 0.3864574804902077 2.185599729418755 17.45167368650436 0.9352385252714157 7.743454657495022 11.35598143935204 2.47499817609787 0.09585174918174744 5.847822427749634 0 2.620545662939548 1.516646794974804 0.6053372621536255 0.7630538791418076 1.852860324084759 39.35543113946915 7.813115149736404 0 2.240833923220634 29.82188437879086 2.55719219148159 0.7020340859889984 29.58843097090721 7.890613406896591 36.71670371294022 66.00099858641624 6.79682332277298 66.30972917377949 89.23105242848396 158.0780498683453 20.77988809347153 77.53670182824135 114.5207952260971 65.3421767950058 42.98471267521381 6.664654709398746 4.064246416091919 0 0.3511360883712769 0 0 0.7393532991409302 0 0 0 0 0 1.266311123967171 0 0.2180094122886658 0 0 0 0 25.74571657925844 6.616552174091339 0 2.579281657934189 0 23.2998718470335 15.90240922570229 16.46624313294888 2.838548138737679 1.331074714660645 0 0 0 0 0.1756936013698578 0.3548639714717865 0 5.245887458324432 9.46505306661129 0.2719379737973213 0.8054975271224976 0 0 0 0.2464457154273987 0.3816338777542114 0.6542700082063675 2.08269314467907 4.108187109231949 0 0.6792765855789185 5.794493138790131 41.13969747722149 0.8670798540115356 0.7304079383611679 1.672950714826584 1.093628004193306 0.2926829606294632 0 0.2048466205596924 0.1158894374966621 0 76.03601638972759 1.13548669219017 0.3140822947025299 0.177508071064949 0 50.17033644020557 2.705580085515976 23.4283264875412 4.651052713394165 4.54770103096962 4.647905215620995 1.581047192215919 1.105699181556702 2.202778331935406 0.4448640719056129 0.7622071653604507 0 0.7956271842122078 0.3993415459990501 0 0 54.02723318338394 45.47313602268696 20.88528196513653 236.3340967968106 46.07932867109776 358.9692084789276 99.60507321357727 91.35459819436073 61.4266225323081 4.284417249262333 42.90738863497972 13.24364833533764 3.601587690412998 24.62482810020447 2.906315706670284 15.72180765867233 0 0.1687556952238083 4.028491847217083 4.150908708572388 0.1484434753656387
2781.513455599546 344.9107421264052 21.27843835949898 1393.871888667345 59.09948410838842 1751.768252894282 632.2333343923092 5.687645614147186 102.9544002711773 0 23.6716699898243 1117.672639638186 1927.506406396627 234.0139136612415 2.076188489794731 1.612725578248501 0.4138758927583694 0 0 0 0.1410360932350159 0 0 0.1581020206212997 0 0.1138956099748611 0 0 0 0 11.65837079286575 0.2031757980585098 22.8650661110878 0 0 0.1162366569042206 3.255146875977516 1.194305896759033 0.5937864780426025 0 0 0.5261164754629135 0 0 0 0.6134534627199173 35.10148467123508 4.87991963326931 0.1455399394035339 0 0.4006759598851204 0 0 0.3965751603245735 1.65415446460247 6.317894704639912 60.66072972118855 69.9177325963974 25.59915863722563 11.89056368917227 2.343611210584641 0.583026647567749 0 2.002868250012398 7.020626947283745 3.825103715062141 1.201103150844574 1.935145378112793 0.1691699773073196 0 40.89924192428589 9.948618084192276 0 52.52083156257868 18.82230348140001 10.6587303057313 4.499579377472401 0.2819127887487411 0 6.042005710303783 0 0.2960606664419174 12.99426195025444 0.7906032279133797 4.119007766246796 7.053433112800121 2.168510138988495 0.6799397766590118 2.099027447402477 0.1894476413726807 1.137257270514965 0.3515327572822571 0.2473868802189827 0.2860629856586456 0.6897872909903526 494.3826835751534 6.122089177370071 0.6422024965286255 6.353977084159851 470.449621386826 2.074736550450325 4.373636707663536 40.95673604309559 3.389935493469238 31.35007351636887 60.60235744714737 15.40605995059013 67.15560165047646 100.7136379927397 180.7902498841286 11.19347143173218 93.48576033115387 132.3619637191296 54.48355470597744 45.29918290674686 13.64721408486366 17.87320755422115 0 0.2381831854581833 0 0 0 0 0 0 0 0 3.2771075963974 1.679219484329224 0.6405249685049057 0 0 0 0 42.24180389940739 8.33708930015564 0 4.665757656097412 1.931804895401001 44.42033457756042 42.95865768194199 37.17338950932026 10.87348699569702 2.099560499191284 0 0.6009595394134521 0 0 1.506897807121277 0 0 8.980536699295044 27.21286372095346 2.65619769692421 0 0 0 0 0.1747809648513794 0.5374262928962708 0.6336470991373062 0.1494320929050446 4.712288022041321 0 3.48990124464035 8.50201940536499 43.7314460426569 0 2.362923502922058 1.207328304648399 1.070511758327484 0.9636624455451965 0 0.736835241317749 0 0 96.30359542369843 8.778031468391418 0 0 0 68.83948341012001 8.252657532691956 40.98472748696804 7.116820573806763 4.179180860519409 7.076776951551437 4.212127327919006 3.614130094647408 1.427766084671021 0.111877404153347 0.5432106256484985 0 2.511343881487846 0.1028464809060097 0 0 59.95229475200176 66.09547424316406 46.3365453928709 76.23285224288702 11.69928114116192 125.8554496765137 31.13050282001495 962.8052652254701 27.37931923568249 4.646647401154041 8.908129133284092 23.26089765131474 3.899885043501854 48.09150711447001 3.366869069635868 36.07158569991589 1.486017346382141 0 5.615232229232788 0.703649640083313 1.969441652297974
343.7212130501866 702.2125316187739 5337.572050839663 6.142510831356049 3343.80266340822 9.779630854725838 1002.755152948201 1987.726368419826 3680.29508972168 23.6716699898243 0 117.9859288558364 2518.863035552204 5062.903137594461 62.80952785164118 48.42706296592951 0.7390792146325111 1.107855200767517 0.6492378264665604 1.446796044707298 1.450029358267784 0 0 0.623362809419632 0.3518247902393341 1.266652449965477 0.2816118896007538 0.8310423120856285 2.55861721932888 0 630.1563591584563 81.44612998515368 108.7389486730099 0 0.2850865721702576 2.401365101337433 7.722093887627125 1.038496300578117 0.8871043771505356 0.9055910706520081 0 0.981636606156826 0.2845315784215927 5.787397280335426 0.1154012978076935 1.044656924903393 276.4280681610107 18.9541217237711 2.83761652559042 0.4234256222844124 3.734021335840225 0.106935128569603 0 2.573298089206219 2.297501876950264 9.798450917005539 31.82880388200283 111.1124901250005 28.3064027056098 75.53132443875074 0.5196085721254349 0.703307181596756 0.1376239806413651 39.94918268918991 14.47660218179226 14.28930870443583 6.540839210152626 6.997905507683754 3.818521708250046 5.346598468720913 48.86513044685125 0.8681280612945557 0 83.48157000541687 73.66446675360203 125.7004612907767 89.3398527354002 13.4675192758441 12.81331345438957 314.4645218849182 2.064754620194435 7.742832683026791 27.20295598357916 1.596817597746849 13.7809531763196 18.34138440340757 5.679029040038586 0.5811906456947327 8.958497375249863 0 4.15406184643507 1.347725629806519 3.250747837126255 1.098270088434219 2.193995594978333 42.4810508787632 15.30248123407364 0 7.792632848024368 138.7976587936282 0.5549022555351257 0.4293148815631866 10.78035423159599 2.192807912826538 22.41876554489136 39.31765006482601 1.272581815719604 36.90733024477959 29.96464757621288 59.7982330173254 8.889191865921021 36.09274244308472 48.93861482292414 39.40743918716908 28.93426765501499 6.106430009007454 4.301765859127045 0 0.787414476275444 0 0 0 0 0.6048583388328552 0 0 0 0.6473214626312256 0 0.4670899212360382 0.2667331174015999 0 0 0 5.365742385387421 5.265500009059906 0 0 0.4382430911064148 16.86334626376629 9.71509724855423 8.210560604929924 0.7544806003570557 0.1632383316755295 0 0.1326955258846283 0 0 0 1.615742564201355 0 3.333580017089844 7.368377193808556 0.1111740991473198 0 0 0.1457213312387466 0 0.4123107492923737 0 0.5240700393915176 0.6878862380981445 3.263784527778625 0 0 0 23.18124853074551 0.5814261436462402 1.114099264144897 0.3705664724111557 0.5540670678019524 0.1358491629362106 0 0.7146764770150185 0 0 58.91248825192451 0 0 0.570030078291893 0.3087092936038971 33.54448558390141 0.6533624529838562 14.1893062889576 1.452556826174259 1.004557102918625 0.523887038230896 1.47668245434761 0 0.8040448427200317 0.3673706576228142 0.4092663824558258 0.1124107837677002 1.603581808507442 0.1075062528252602 0 0 24.59671068191528 39.0173547565937 15.14799591898918 348.990324229002 77.8308936432004 595.0404489412904 147.2398398146033 119.7752548456192 90.47457284480333 8.247589133679867 62.54213654994965 9.8541264757514 4.996787920594215 19.37743671238422 4.159459449350834 11.48837280273438 0.2500379011034966 0 0.7567780911922455 3.751249559223652 1.440487429499626
157.9240947514772 53.00122509896755 19.11266978085041 236.697705462575 281.3083219155669 432.2081682533026 378.4817064926028 11.63449874520302 734.604220494628 1117.672639638186 117.9859288558364 0 3385.651809722185 355.610014423728 7.064607046544552 10.811558149755 0.2977644056081772 1.217549696564674 0.193252757191658 0 0 0.1457001715898514 0 0 0 0 0 0 0.168025940656662 0 5.714931041002274 0 108.3916250839829 0 0 0.2186657786369324 6.093260496854782 0.1266887187957764 0 0.8824059367179871 0 0 0 0.8054782748222351 0 0.1585904508829117 33.98802284896374 1.135425239801407 0.5421123951673508 0 0.6845168843865395 0 0 0 0.2369203716516495 0.8985657542943954 26.79787643253803 9.266417130827904 8.103208273649216 4.002676650881767 0.147258073091507 1.009625196456909 0 0.8150663524866104 1.005736649036407 2.138890117406845 0.210916243493557 0.5172911137342453 0.2683242410421371 0 43.31537330150604 4.10945463180542 0 13.5871010646224 6.122004710137844 8.42152912914753 6.617546647787094 1.311710759997368 0 23.19486356526613 0 1.410565868020058 2.563331954181194 0 1.219945169985294 1.014627307653427 0.4583064317703247 0.106498196721077 0.6511489972472191 0 0.1383666396141052 0.9935643002390862 0.112118624150753 0.2613829225301743 0.1157925203442574 1306.693364799023 28.18644681572914 0 2.635859251022339 126.2165872901678 5.8342574685812 6.1391421854496 38.75594551861286 18.23690414428711 34.24932965636253 117.4834568500519 21.25387625396252 127.6494256705046 174.6747183576226 342.1858413368464 28.92319525778294 197.9159172475338 324.6489795893431 166.5253233909607 78.07884992659092 6.190739408135414 4.25648233294487 0 0 0 0 0 0 0 0 0 0 1.897240698337555 0 1.230550825595856 0 0 0 0 25.58968530595303 10.68611465394497 0 5.920210480690002 0 18.1489155292511 21.60751506686211 15.92265848815441 2.955837801098824 1.260976552963257 0.3028630912303925 0 0.1633684635162354 0.3891698271036148 0.4195474833250046 0 0 5.300207644701004 17.32104951143265 1.812294498085976 0.2275849878787994 0.2897813022136688 0 0.3027331531047821 0.09590671211481094 0.5129112303256989 1.92914679646492 0.9084828719496727 4.120827980339527 1.032500237226486 0 4.230826079845428 61.59314158558846 0.2201985120773315 2.582677528262138 0.6791705191135406 0.1213058903813362 0.4784143269062042 0 0.4827307611703873 0.5169087648391724 0 142.2076873928308 2.798596978187561 0.2051917761564255 0 0.4288164675235748 55.93381690979004 0 28.011444658041 4.953240945935249 4.71778067946434 8.372935935854912 0.9448204338550568 2.278204187750816 0.9770668596029282 0 0.3789102435112 0 0.5296466648578644 0.2336045801639557 0 0 164.5322619229555 55.00499546527863 23.71883380413055 58.70748212188482 6.968509070575237 86.05597738921642 26.90267775952816 300.8300502970815 14.07727308571339 0.8029655963182449 22.44792015850544 19.26291260123253 2.638271436095238 51.42504733800888 1.160503201186657 44.49192026257515 0 0 8.825493171811104 0 0
186.1164301261306 571.5318116769195 488.5038184225559 192.0730837360024 840.1461365744472 196.3204819858074 1437.309202797711 530.9669191688299 2238.842965491116 1927.506406396627 2518.863035552204 3385.651809722185 0 4132.898806527257 88.63467186689377 80.98446176201105 0.1850882768630981 1.581893183290958 0.8490113019943237 1.606515824794769 1.548812739551067 0.5789956450462341 0 0.1720571964979172 0 2.652963228523731 0.5535364374518394 1.173964440822601 2.649750247597694 0.2162935137748718 106.5310546010733 5.710399694740772 219.6229097396135 0 0 1.534983672201633 15.18181518465281 1.312076568603516 2.306761905550957 0.2477188631892204 0.2151450514793396 2.917945630848408 0 6.315891057252884 0.4213886931538582 1.192119039595127 370.1433317363262 14.48463903367519 2.526439867913723 0.2201047390699387 5.323390856385231 1.040626466274261 0 3.431866280734539 1.958242662250996 8.497744262218475 57.19393578916788 57.80370077490807 38.10469613224268 79.00251091271639 1.166854217648506 2.543701365590096 0 16.94315361976624 14.48358590900898 16.10464405268431 5.264247365295887 8.075941994786263 4.114110983908176 2.502503797411919 355.9983925372362 0.3743852376937866 0 88.62648627907038 61.14215647429228 158.0446882098913 94.74965365231037 14.23054574429989 0.3221180289983749 251.0536186024547 0 3.146379664540291 25.1051921248436 2.366374507546425 13.21856563538313 17.60119035840034 6.514217346906662 1.136608727276325 9.57491909712553 0.8752146363258362 4.584087401628494 2.337972894310951 2.210551232099533 1.41766495257616 5.286333277821541 2066.769349947572 16.95095711946487 0.2367616444826126 11.86963450163603 188.4123242348433 8.372377067804337 6.865196079015732 61.48829799890518 16.78840172290802 82.02535194158554 168.1266255602241 35.13030441105366 185.4993370845914 302.8669212013483 442.798185095191 49.93995189666748 287.0523081943393 553.8070386350155 253.6168513596058 121.2767997458577 15.90411257743835 11.73717675358057 0 0.6387770771980286 0 0 0.2879523038864136 0 0 0 0 0 1.930578574538231 0 0.3506623804569244 0 0.1212844848632812 0 0 43.75339399278164 15.66309699416161 0 4.857527270913124 0.9818189144134521 34.46436543762684 35.58522056043148 34.86358830332756 4.040566951036453 1.502158358693123 0 0.4309675246477127 0.2694413661956787 0.1888801604509354 1.757390201091766 0.9400915652513504 0 9.683525569736958 24.48166112601757 3.528453342616558 0 0 0 0 0.5205610170960426 0.1877756863832474 1.068832404911518 2.181154571473598 5.919563621282578 0.3257010281085968 1.244104415178299 7.843393415212631 65.17613230645657 2.918304994702339 2.787281706929207 2.007545843720436 1.231694675981998 0.2632286474108696 0 0.7086315974593163 0.1703708916902542 0 258.7801705151796 1.660810604691505 0 0.1508595943450928 0.5047752410173416 100.4547083079815 3.462604984641075 34.19723258912563 10.11177132278681 3.759685322642326 3.474743589758873 3.941720575094223 3.692769274115562 1.540178850293159 0 0.1186255514621735 0.09606926143169403 2.718455284833908 0.5720213055610657 0.09608360379934311 0.1693907827138901 272.8658844828606 96.91857329010963 33.49409821629524 460.3305062949657 116.7101639211178 823.5597495138645 248.1240920722485 412.1665834859014 150.9854907393456 11.12054459005594 115.0256732106209 29.4518363699317 8.881079107522964 61.56149973720312 4.87352342158556 43.0787905305624 3.17593739181757 0.9222164377570152 4.870125085115433 5.261320814490318 2.114534750580788
