0 6191.447421140969 267.095676779747 2311.617324456573 829.8330547213554 226.051412679255 1845.645802348852 653.2742922604084 78.94356308877468 929.147456265986 263.0702919661999 28.45067627727985 102.4174393117428 60.00741428881884 2.411335244774818 0.7311971634626389 0 0 0 0.2714312225580215 0 0 0 0 0 0.1409192383289337 0 0 0.281621515750885 0.1281417310237885 440.9279164075851 1.334977746009827 1.0449578166008 0 0 0.3361653387546539 1.473567053675652 0 0 0.1579692214727402 0 0 0.1293223798274994 0.1578183174133301 0 0 10.21433498710394 1.754038013517857 0.128186896443367 0 0.0897735133767128 0.9596019238233566 0 0 0.696759894490242 4.494518734514713 221.9198883771896 1002.368836455047 28.16240450739861 2.598971083760262 0 1.112042665481567 0 4.536239773035049 4.476936906576157 2.593603134155273 0.9890634119510651 1.466829307377338 0.2220391929149628 0.202191948890686 21.18466144800186 7.126144424080849 0.2118173241615295 55.24569793045521 27.11185996979475 22.40881526470184 8.909237630665302 0.8304706960916519 0.6148541495203972 9.335123397409916 0 1.579911768436432 5.30790963023901 0.5110762119293213 3.169500902295113 6.137666866183281 1.933399006724358 0.6946647837758064 1.446293346583843 0.591667041182518 0 0 0 0.3099603950977325 0.118888795375824 158.3600963652134 11.4247480481863 1.850669234991074 2.142606496810913 1377.643309600651 0 0 2.70870840549469 1.108465611934662 0 1.930953472852707 2.859609812498093 1.009878069162369 5.134338244795799 8.805952161550522 0 2.430607408285141 8.540539026260376 5.012006834149361 4.148509323596954 0 0 0 0 0 0 0 0 0 0 0 0 0 0 0 0 0 0 0 1.012650966644287 0 0 0 0 0.4426156729459763 0 0.7586035281419754 0 0 0 0 0 0 0.3953893780708313 0 0 0 0.522807776927948 0 0 0 0.183250829577446 0 0.1538339257240295 0 0 0 0.5913401246070862 0 0.1513075083494186 0 1.223257094621658 0 0 0 0 0 0 0 0 0 1.786816418170929 0 0 0 0 1.992276519536972 0 0.227653443813324 0 0 0 0 0.9430128782987595 0 0 0 0 0 0 0 0 1.765126407146454 0 1.615660190582275 58.81968334317207 18.59023234248161 92.48211037367582 62.96283911913633 1039.756524756551 14.50504077225924 3.587905302643776 13.30201972275972 3.211743377149105 0.5664680972695351 1.960268929600716 3.493578225374222 30.91952234506607 0 0 0 0 0
6191.447421140969 0 1506.226866833866 383.5641921311617 2328.984462969005 538.9654255360365 6661.2753816396 2495.569031625986 1018.612785108387 221.1777795180678 1668.377150155604 30.75135546177626 462.5834895968437 405.7809630483389 9.982635751366615 1.764215037226677 0.3121418952941895 0.1617850959300995 0.1156924590468407 0.1354582011699677 0 0 0 0.1108568012714386 0.1089725643396378 0.5434916615486145 0 0.09779075533151627 0.6095050573348999 0.1068740859627724 3858.671272464097 21.25884225964546 7.536029905080795 0 0 0 3.474978938698769 0.4038596600294113 0.454072043299675 0.5120800733566284 0.6767603382468224 0.2175880074501038 0 0.6466314941644669 0.606523297727108 0.3409621566534042 87.09454225748777 18.98049609363079 0.5970009341835976 0.3727832585573196 1.123893678188324 0.1230092793703079 0 0.6327206343412399 1.792904406785965 19.7629221752286 181.1559496223927 1547.677862420678 40.10013841837645 30.90577580779791 0.7828011363744736 0.6275297105312347 0 51.73209423571825 20.8470501229167 13.33151558786631 12.22838810831308 8.658134944736958 0.4491132274270058 0.7121263891458511 27.25611673295498 3.891285493969917 0.3671873509883881 127.5790739953518 87.90709952265024 160.8567709252238 77.38856233656406 4.414736688137054 2.278174430131912 30.91645479947329 0.1393205523490906 0.9362916797399521 33.17831374704838 3.685658007860184 17.25074511021376 37.56230851262808 13.23081264644861 0.3066909909248352 7.248609527945518 0.3729355856776237 0.5298480093479156 0.9653572216629982 1.137286528944969 0.2745974808931351 0.1226374804973602 152.8503906726837 2.121447712182999 0.2256777882575989 1.367651745676994 1668.299096830189 2.331463009119034 0 18.3865429610014 4.145121872425079 2.228165030479431 4.613714873790741 5.715798541903496 7.487619876861572 20.26719672977924 38.83830930292606 1.78264394402504 14.00653148442507 54.91981816291809 27.05806558579206 15.17341893911362 0.5292837470769882 0 0 0 0 0 0 0 0 0 0 0 0 0 0 0 0 0 0 3.241183757781982 0.6744397282600403 0 0 0 1.117523849010468 0 0.8448786437511444 0 0 0 0 0 0 0.8363265693187714 0.5659473538398743 0 0.4762573540210724 0.9791267067193985 0.0762292668223381 0 0.1038591787219048 0 0 0.09181486815214157 0.4635993242263794 0.2705440893769264 0.3650309443473816 0.4438149631023407 0 0.1825921684503555 0 4.019599780440331 0.5260369181632996 0 0.3484542220830917 0.2095330730080605 0.2518517673015594 0.1676706075668335 0.3241175934672356 0.3261805847287178 0 6.714338287711143 0 0 0 0.2411179170012474 9.077598199248314 1.554416209459305 0.4250272512435913 0.9192001819610596 0 0.3453449457883835 2.088956981897354 2.523530662059784 0.1462985575199127 0 0.5420425534248352 0 0.3415474444627762 0.09323225915431976 0.1041867882013321 0 10.51416349411011 1.415283799171448 1.392120212316513 166.2721869051456 101.0102653354406 493.8853947296739 196.3995151892304 1790.435307405889 33.91557615995407 15.08731277287006 60.22646526992321 10.36865808069706 1.480442330241203 8.643173359334469 11.16182325035334 102.4406713992357 0 0.6686814874410629 0.2018227428197861 1.59975291788578 0.5301276296377182
267.095676779747 1506.226866833866 0 16.46728798747063 1588.61393866688 34.33890944719315 384.0015854388475 6342.150072947145 883.9615885913372 81.99666915088892 2811.326833426952 71.09736809879541 363.3737690225244 273.1396911293268 13.50431880354881 7.01574045419693 5.888242729008198 2.941299639642239 0.116736426949501 1.346850901842117 6.111596092581749 0 0.2779527902603149 0 0.6995559334754944 0.2597898095846176 0 4.080002970993519 0.2735592424869537 0 4389.135107003152 1094.339445635676 9.555457718670368 1.857253596186638 0 0.2783703655004501 10.73660149425268 3.3065544962883 2.292936399579048 1.965367190539837 11.99318651109934 7.744423545897007 14.63807638734579 7.283683523535728 4.308274380862713 8.845026686787605 69.44028512388468 10.30750660598278 2.033542796969414 30.28167597949505 1.658101119101048 0.3031652495265007 0 5.60211718082428 0.7060194164514542 12.12643445283175 83.81419464945793 909.878714390099 22.76793519407511 20.56269645690918 26.95191513001919 6.047998823225498 3.194834738969803 640.3386340290308 10.4089817032218 9.391761161386967 5.091107025742531 9.846506148576736 21.25406105071306 14.78580133616924 101.556771889329 6.538854144513607 0 74.37678210437298 179.5386184826493 128.9236066192389 90.54660563915968 23.35074875503778 202.5758051872253 697.8165138065815 34.4378387182951 259.4077579379082 18.48562726378441 1.919385932385921 11.16624996066093 18.77672349661589 26.09015385806561 0.3480725064873695 4.966341055929661 0.4340704903006554 0.1244883611798286 1.217705577611923 18.54920392483473 0.3191703110933304 1.381862215697765 38.74374361336231 16.97953337430954 0.2017346620559692 9.625136762857437 133.1949531212449 0 0 0.487724095582962 0 0.1772015541791916 3.374711155891418 0.8007316589355469 0.3115125596523285 4.778621464967728 5.035607263445854 0 4.473501920700073 16.76193457841873 10.97746866941452 9.849546208977699 0.9531385898590088 0.3076090216636658 0 0.625983864068985 0.1378446370363235 0 0.3147972226142883 0 0 0 0.8239910304546356 0 0 0 0 0 0 0.2717070281505585 0 1.513629987835884 1.512492001056671 0 0 0.2619572132825851 3.150029718875885 0 4.701091803610325 0.3059826195240021 0.3052946031093597 0.2616022825241089 0 1.113386243581772 0.2787100970745087 0.1443060785531998 0.5240719616413116 0.3417687118053436 0 1.586449980735779 0 0 0.246213361620903 0 1.039733707904816 0.2148214802145958 0 0 0 0 0 0.3352445065975189 0.4064044803380966 5.629565134644508 0 0 0.1407736986875534 0 0 0.7497365325689316 0.2339909225702286 0.1671853363513947 1.272035837173462 5.161730572581291 0.8991334736347198 0 0 0.4392962902784348 3.445027768611908 1.063858658075333 2.690207049250603 0.4362077116966248 0.5455194860696793 0.5269652605056763 0.8343255221843719 0.608476996421814 0.4500792771577835 0 0 0 0.4044475704431534 0.2134657427668571 0.1169228479266167 0 0.467326745390892 4.416943609714508 3.872821599245071 105.0682375207543 57.59645938873291 265.3639406040311 103.8531556949019 262.0369006022811 17.49272873997688 6.844401113688946 36.57415221631527 6.485157549381256 0.7254679277539253 5.308397464454174 3.15456135571003 6.740362197160721 0.1294096857309341 0.2629845812916756 0.5280320644378662 0.9685698300600052 0.6833804100751877
2311.617324456573 383.5641921311617 16.46728798747063 0 258.9308600127697 796.3753636330366 1752.075026988983 36.89783172309399 207.6838039159775 1908.271225214005 14.76231941580772 58.54579938948154 131.2466433048248 10.92240101099014 1.238682731986046 0 0 0 0 0 0 0 0 0 0 0.1555683761835098 0 0 0 0 17.86290518939495 1.587848767638206 0.1478652954101562 0 0.109590545296669 0 0.1610468178987503 0 0 0 0 0 0 0 0.1118723899126053 0 9.64106410741806 1.30912671983242 0.1362888365983963 0 0.08673848211765289 0 0 0 0.1278003454208374 2.242223404347897 36.65705248713493 95.51689515262842 7.107911251485348 3.289123721420765 0.1151378825306892 0.4185057282447815 0 3.931459255516529 1.881517253816128 1.090421751141548 0.9131974652409554 0.8555822744965553 0.2869877368211746 0 0.1464504897594452 0.4876528680324554 0.1517808139324188 12.19374781847 7.583504967391491 11.18184877187014 5.954957157373428 0.3654200881719589 0 0.3239859268069267 0 0 3.517105504870415 0.125529408454895 1.065728031098843 3.300893276929855 0.7304111942648888 0 0.8491872996091843 0.1515815556049347 0 0.1033891290426254 0 0 0 243.7126813083887 0.3572154641151428 0 0 344.9857570230961 0.7628843784332275 0.5065993368625641 3.217856958508492 2.846258863806725 0 4.949412599205971 5.884779393672943 2.81480099260807 8.639464668929577 23.70973971486092 0 6.112467393279076 31.83447772264481 16.75590287148952 5.812814116477966 0 0 0 0 0 0 0 0 0 0 0 0 0 0 0 0 0 0 0 2.727885335683823 0.4660928100347519 0 0 0 0 0 1.371774673461914 0 0.2096008360385895 0 0 0 0 0 0 0 0 1.397186547517776 0 0 0 0 0 0 0 0 0 0.5928492397069931 0 0 0 1.660473883152008 0.3101772964000702 0 0 0 0 0 0 0 0 3.574268013238907 0 0 0 0 3.364924788475037 0.7803360223770142 0.3344440162181854 0.1171722114086151 0.2305283695459366 0.5706964731216431 0 0.1914148479700089 0 0 0 0 0.3352364897727966 0 0 0 6.554522857069969 0.3131455779075623 0.4360859096050262 29.01882314682007 8.716266646981239 56.26815041899681 25.45348414778709 489.2792151644826 3.94606439769268 1.166928738355637 9.325467146933079 4.435557723045349 0.1116089895367622 0.8364960476756096 1.313068069517612 41.4823440015316 0 0 0 0.3826079070568085 0
829.8330547213554 2328.984462969005 1588.61393866688 258.9308600127697 0 60.1657949835062 2262.504818528891 2494.424959950149 4961.445325613022 368.0553918927908 5055.235049322248 43.88664511591196 361.551556147635 352.8782430589199 13.7259059920907 1.680057980120182 0.5998226329684258 0.2598813697695732 0 0.9522581472992897 0.370293453335762 0 0.1999535709619522 0.1137364581227303 0.156001016497612 0.7887229472398758 0.1043597757816315 0.7530268579721451 0.3167027235031128 0.09335564821958542 627.9926633387804 38.23835869133472 4.225939810276031 0 0 0 1.780665501952171 0.7155311852693558 0.2484310790896416 0.154379591345787 0.573995977640152 0.2895506769418716 0.3825225904583931 0.8198550194501877 0.4169062525033951 0.2287608087062836 149.3680262863636 16.44237395375967 0.5787321701645851 1.411089017987251 1.465851403772831 0.1288300156593323 0 0.4915262460708618 1.234031036496162 13.98729838430882 38.09768756479025 239.255773589015 14.33225704729557 31.95289113372564 0.2847517430782318 0.5235973969101906 0.1929353326559067 99.88714057952166 14.98017464578152 10.84514421969652 11.22614038735628 8.995598167181015 0 0.3768095672130585 15.04941972345114 2.767183661460876 0 51.67616491019726 69.4808065444231 165.7428153604269 210.5735090896487 5.790597975254059 1.554029002785683 11.78845946490765 1.688751526176929 0.5688469633460045 18.72199244052172 2.283882036805153 14.77357949316502 30.95999369770288 15.56191358715296 0.1995994299650192 7.560990929603577 0.4994345456361771 0.9039413183927536 0.2626791223883629 0.7304121926426888 0.1159449517726898 1.280370965600014 85.99358274042606 1.025028452277184 0 0.1107916608452797 127.2569126412272 1.945665508508682 0 7.235019773244858 2.244343817234039 0.487565666437149 7.200524315237999 1.955322116613388 2.790971949696541 11.39528159797192 25.57470463216305 0.7515402883291245 20.46507115662098 59.77647891640663 28.30586704611778 18.07588113844395 0.5375175923109055 0.7862292230129242 0 0 0 0 0 0 0 0 0 0 0 0 0 0 0 0 0 1.54685090482235 1.166675090789795 0 0 0 2.903458267450333 0 2.434773273766041 0.1876300573348999 0 0 0 0.2435600683093071 0.1636546403169632 2.124848186969757 0 0 0 1.049763843417168 0 0 0 0 0 0 0 0.1159178987145424 0.2136298567056656 0.639821782708168 0 0 0 7.073065906763077 2.318959966301918 0 0.1817841827869415 0.09730850160121918 0.1187794804573059 0.1783428937196732 0.2857644408941269 0.1326402425765991 0.4191625118255615 12.6822252124548 0.1993229985237122 0 0 0.3189462199807167 10.4747711867094 2.427334040403366 1.027699172496796 0 1.201870977878571 1.73969703912735 0.3994590044021606 2.833794340491295 0 0.1108762547373772 0.2363972291350365 0 1.036240309476852 0 0 0 10.23024763166904 1.311871036887169 0.2888689339160919 194.1110776811838 125.2527010142803 504.335825227201 159.7845302075148 406.7496326714754 24.73744738847017 12.91996537148952 78.31710266321898 10.5617670789361 2.576576232910156 6.117321789264679 6.62493646889925 24.80112954974174 0 0.2471654489636421 0.4977167248725891 0.1482456177473068 0.2242188900709152
226.051412679255 538.9654255360365 34.33890944719315 796.3753636330366 60.1657949835062 0 497.1608352810144 45.77602471411228 23.98095420002937 969.6145465373993 25.38773337006569 139.2429564297199 91.68154573440552 6.255675539374352 0.6164991706609726 0.1571997404098511 0 0 0 0 0 0.8666498959064484 0 0 0 0 0 0 0 0 17.85135570168495 0.8974788635969162 17.4177353978157 0 0 0.2127302438020706 6.27900755405426 3.592625677585602 3.041999652981758 1.973966017365456 0 0 0 0.1650002002716064 0 0.1299560219049454 1.587264813482761 0.1546757966279984 0 0 0.3157247006893158 7.03147055208683 0 0 0 0.62039764970541 263.0163184180856 37.08309055864811 15.52613382041454 0.5133797079324722 4.013347029685974 8.458305656909943 0 0.5159495323896408 0.2785558104515076 0.2378257662057877 0 0.9512021541595459 0 0.1072417125105858 69.79661755263805 300.9301539510489 11.78295877575874 3.01932530850172 1.216713070869446 1.62385992705822 1.515483357012272 0.8083650544285774 1.368045508861542 8.714927241206169 0 8.724405370652676 0.3324151411652565 0.4879825413227081 0 0.9928824827075005 0 10.18524521589279 6.79420231282711 21.36740155518055 0.2956996858119965 3.480225145816803 0 0.184907853603363 0.1440900564193726 466.9382957667112 152.9092157036066 14.53282830119133 14.69084849953651 709.7919137775898 0 0 1.569616258144379 0 0 0 0.2993379235267639 0 0 3.283204078674316 0 0.2310869991779327 3.165103644132614 1.200682312250137 0.5583376586437225 0 0 0 0.4448450654745102 0 0 0 0 0 0 0 0.3571548163890839 0 0 0 0 0 0 0 0.5128636360168457 0.5405746400356293 0 0 0 0.5616945177316666 0 1.284092754125595 0.1556603759527206 1.565066158771515 0 0 0 0 0 0.8793768584728241 0 0 0.1767811179161072 0 0 0 0 0 0 0 0 0 0 0 0.7342841178178787 0.2217553704977036 0.1675162762403488 0 0 0 0 0 0 0 0 0 0.425242692232132 1.832487404346466 0 0 0 1.195582017302513 0 0.6140478849411011 0 0 0 0 0.316072016954422 0 0 0 0 0.192011684179306 0 0 0 1.330287382006645 1.959708511829376 2.197257652878761 5.649765372276306 2.26676083356142 7.964948117733002 2.127439111471176 429.4082496762276 1.032248571515083 0 1.661590352654457 1.148075222969055 0.2927712202072144 0 0.3685465753078461 2.484973192214966 0 0 0 0 0
1845.645802348852 6661.2753816396 384.0015854388475 1752.075026988983 2262.504818528891 497.1608352810144 0 766.1383586153388 4911.826738789678 3492.509073801339 1318.568259634078 114.2713004127145 6741.71440063417 5749.905376657844 43.45790876448154 8.057505518198013 1.053458549082279 0.222776859998703 0.5634912401437759 1.436106741428375 0.4099125787615776 0 0.2196849435567856 0 0.1103050336241722 0.6487648785114288 0 1.636464528739452 0.8097011595964432 0.4219264909625053 239.2084552422166 56.39336632192135 2.350848414003849 0.232997253537178 0 0 0.5174804925918579 0.4100077152252197 0.5241430848836899 0.2324430570006371 0.8068764060735703 1.509280525147915 0.4898428991436958 4.175512313842773 0.11055538803339 0.9228255748748779 288.9016170203686 33.89671374857426 2.412481911480427 3.348640844225883 4.36662170290947 0 0 1.688380353152752 2.498996794223785 32.24385610222816 82.17110852152109 370.1369759142399 28.0170818567276 64.79902776330709 0.1461698561906815 1.61018106341362 0.4574399590492249 144.8609774857759 29.17338224500418 22.10124941915274 22.94300515204668 18.44166587293148 0.8896188512444496 0.6277845278382301 6.161188676953316 8.362147882580757 0.166225403547287 97.34382255375385 119.0847982689738 302.9776654541492 325.9989001825452 26.94662475585938 5.249789603054523 10.41599731892347 0.5837698057293892 3.047244891524315 44.69064031541348 3.824637033045292 34.18182130157948 57.08819630742073 27.65813219547272 0.890246145427227 13.7844811975956 0.4071689173579216 1.308880485594273 2.332297295331955 1.0340311601758 0.4431761801242828 1.922488689422607 844.4979667961597 0.7420721650123596 0 1.222308039665222 298.1311819776893 6.27733701467514 0.5685610771179199 25.79092875123024 21.8471304923296 12.32560974359512 36.61566074192524 24.0640391856432 22.50335888564587 81.69740682840347 121.7567159235477 5.450847178697586 104.1428134143353 372.9351999759674 170.61933452636 102.2589046359062 3.317722097039223 2.797802731394768 0 0 0 0 0 0 0 0 0 0.6595832705497742 0 0 0 0 0 0 0 12.04031863808632 10.84971611201763 0 0 0 14.19920769333839 0 14.88634324073792 0.466689720749855 0.2277465462684631 0 0.1277265995740891 0.8330335468053818 1.015736147761345 2.519049927592278 0.4388026893138885 0 1.703296512365341 6.735868811607361 0.1688697040081024 0.277068704366684 0.102408193051815 0 0.1696398109197617 0.13288614153862 0 0.4931583553552628 0.6250622272491455 1.190305039286613 0 0.3816738128662109 0 43.82743336260319 4.06596365571022 0.2969445288181305 0.1338167190551758 0.5319839864969254 0.9091284573078156 1.018503993749619 0.5308827832341194 0.4145075455307961 0.5745806843042374 90.82589335739613 1.289629340171814 0 0 0.9688044860959053 57.0622568577528 8.823524206876755 6.117424085736275 0.6541701778769493 1.593138173222542 8.752322152256966 2.096948742866516 7.791827812790871 0.676962323486805 0.2335056364536285 0 0 0.8097008317708969 0.2996753603219986 0 0 82.70723138749599 11.30306760966778 5.7739447504282 424.8861356452107 271.3725861534476 1056.074020981789 364.6454555466771 1352.428286530077 52.68462964147329 24.69679157435894 187.6160568445921 38.51624377071857 4.777079716324806 24.87581475824118 21.08647710084915 114.2073452621698 0.4190149307250977 0.365743599832058 3.865813106298447 6.045018933713436 1.805091485381126
653.2742922604084 2495.569031625986 6342.150072947145 36.89783172309399 2494.424959950149 45.77602471411228 766.1383586153388 0 4786.094938986003 83.99449294060469 1651.454642422497 133.3536420613527 819.8007993400097 655.0093615576625 73.08726577460766 56.60195239633322 8.756811015307903 7.786467581987381 0 8.724475562572479 23.40825509279966 1.392136916518211 1.816891506314278 0.6962950974702835 2.268444135785103 3.238295376300812 0.2370547279715538 13.10227181017399 0.1035668700933456 0.1977824345231056 1820.708526961505 2309.381657406688 124.1878169029951 4.353006884455681 1.161262944340706 3.341435343027115 37.55857745558023 11.7026025801897 4.111672803759575 7.570058137178421 26.98375567048788 18.78732181340456 41.73621767014265 40.11328383535147 10.99722599238157 28.56466674804688 240.3706639483571 24.93720848113298 3.290893942117691 59.72628802806139 4.431525684893131 0.4772835820913315 0 13.57570450752974 1.210521794855595 13.90396728366613 54.24042595922947 504.3882444500923 16.51102054864168 35.43493469804525 160.1074031963944 21.22259741276503 8.815683737397194 304.6327217668295 13.17810554802418 13.72807195782661 8.72940619289875 18.64602115005255 49.87832643091679 50.0599098727107 258.2479780465364 42.39262168109417 0.3301780372858047 61.7378982976079 116.7563361003995 236.9324819967151 375.0356446802616 281.1454260200262 1490.645809188485 2430.513405315578 509.3399692028761 1797.155940532684 21.87095569074154 0.6820606961846352 13.75011753290892 21.14273278415203 41.41471838206053 0.4116706997156143 4.944473572075367 1.23453813791275 2.148147895932198 1.960205145180225 69.97132263332605 4.58272010833025 3.396832816302776 197.2987753674388 49.03014023602009 0.4786529242992401 23.54022554308176 136.6167787238955 2.391497701406479 0 6.708630874752998 3.635039210319519 6.725469678640366 19.57309086620808 5.289498910307884 9.458161875605583 30.56805548071861 58.23194302618504 2.717422693967819 45.83062075078487 201.0608690530062 87.77077546715736 91.7221155911684 2.108426660299301 3.68591296672821 0.2185222953557968 1.674847528338432 0.5583663955330849 0 0.4435960128903389 0 0 0 0.6449818164110184 0 0 0 0 0 0 0.2782903611660004 0 5.041341066360474 8.86397759616375 0.2574627697467804 0 0.1229091063141823 24.90071731060743 0.7757335007190704 17.82987944036722 1.034495905041695 0.421635702252388 0.2884498536586761 0.3144875019788742 3.11917894333601 6.83151763677597 10.24212194979191 1.825108990073204 0.7318075597286224 2.051707312464714 9.682944878935814 0.2745903432369232 0.3050598204135895 0 0.287719801068306 3.668003357946873 0 0 0.4494809433817863 0.1593313813209534 2.059218406677246 0 1.906211622059345 2.000346407294273 75.27488750219345 5.76182821393013 0 0.1659459620714188 0.2017192542552948 0.1035808250308037 1.427370488643646 1.181130476295948 0.6798052117228508 5.186971075832844 76.58988210558891 9.237045586109161 0.2428789436817169 0 1.621880166232586 66.72719896584749 16.96199358999729 11.16365790367126 0.1293579488992691 0.4902612566947937 10.00744299590588 1.208345085382462 5.698683246970177 0.508316770195961 0 0 0 1.753644205629826 0.7428168207406998 0.1283606737852097 0.3491463959217072 23.50078363716602 17.37840729951859 16.50797486305237 347.5723412930965 130.4219680055976 555.6092326492071 187.5641432926059 290.0308599248528 20.30493798851967 12.35819032043219 118.858715981245 41.32641769945621 7.032094538211823 28.55600862950087 9.982465177774429 61.07930344343185 0.9797713607549667 0.2440401390194893 7.145752757787704 5.996922343969345 1.300798609852791
78.94356308877468 1018.612785108387 883.9615885913372 207.6838039159775 4961.445325613022 23.98095420002937 4911.826738789678 4786.094938986003 0 963.8352064788342 4648.348524950445 73.96411323547363 1566.432321317494 1704.305395580828 35.47391108423471 5.452076971530914 0.7685883492231369 0.2984904572367668 0 0.5838553905487061 0.6825234889984131 0 0 0 0 0.8366575986146927 0.1984968781471252 1.535219699144363 0.5932508409023285 0.169378787279129 213.6275388598442 58.64333513379097 2.345567740499973 0 0 0 1.923353359103203 0.2214010879397392 0.1247666329145432 0.2415548861026764 0.4837833344936371 1.13752655684948 0.1134092435240746 2.371466994285583 0.2378955855965614 0.1253208667039871 187.0513468533754 11.70769891887903 0.9500857219099998 0.1261463463306427 1.4955780133605 0 0 0.9556996673345566 0.4967673569917679 7.894389316439629 12.11022773385048 90.17645549029112 7.061278104782104 23.83260134607553 0.3969607576727867 0.5734713971614838 0.2839687764644623 60.56394033133984 6.972542904317379 6.47247376292944 7.177492246031761 5.787076495587826 0.6787638738751411 0.143111914396286 12.46066576242447 6.848897814750671 0 28.91195900738239 42.38331671059132 135.0791602507234 196.6330294087529 13.76911560446024 3.356493435800076 28.92299646139145 0.162610337138176 2.126913070678711 10.34043584018946 1.6500483751297 9.426865547895432 14.22780151665211 8.395496785640717 0.2412503808736801 3.839694373309612 0.1990683227777481 0.2772350907325745 1.083731070160866 0.3945895656943321 0 0.56205914914608 394.7782726064324 2.141189411282539 0 0.8081995695829391 23.09432707726955 3.269764333963394 1.217936754226685 20.07010732591152 8.843756571412086 5.670236587524414 31.53535398840904 12.49395117163658 19.19452077150345 61.36482681334019 96.17119131982327 5.917474776506424 93.52451637387276 320.5669121146202 154.0494635105133 109.0110422819853 1.575439482927322 3.060510486364365 0 0.2164330333471298 0 0 0 0 0 0.1449520587921143 0 0 0 0 0 0 0 0 0 13.99665035307407 15.68580409884453 0 0 0 8.542703047394753 0 13.94252970814705 0.2186585068702698 0 0 0 0.0913202241063118 0.8926791846752167 1.825007736682892 0.2282042056322098 0 1.028992712497711 12.23971520364285 0.5734580010175705 0 0 0 0.1023357659578323 0.1254024803638458 0 0.1214377358555794 1.178203701972961 3.267896011471748 0 0.5167688727378845 1.036457359790802 51.58131963014603 2.746514990925789 0.4121989011764526 0.5382306724786758 0.1365974545478821 0.5827299803495407 0.365539588034153 0 0.1044940203428268 0.3661999180912971 87.03915584087372 2.848546147346497 0 0 0.36556126922369 75.27792558073997 9.464348576962948 4.122921362519264 1.70270811021328 1.994142040610313 8.587832018733025 2.548141479492188 8.920767411589622 0.8977543264627457 0.103046640753746 0 0 1.096610769629478 0.5605648159980774 0.1065619811415672 0 72.98995263874531 11.84859018027782 5.722663462162018 309.1842697709799 101.4865142181516 507.8275054246187 174.1540552675724 201.6719711124897 23.09296035021544 8.004519082605839 135.3355816528201 31.64614746719599 3.868391931056976 27.50277156382799 12.45650972425938 56.40955337882042 0.2705090641975403 0 2.080129235982895 4.809182472527027 0.2134715020656586
929.147456265986 221.1777795180678 81.99666915088892 1908.271225214005 368.0553918927908 969.6145465373993 3492.509073801339 83.99449294060469 963.8352064788342 0 79.552441008389 2425.824231594801 5430.421904020011 1412.669456392527 12.67023745924234 1.301247373223305 0.09688688069581985 0.3240592107176781 0 0.2086979821324348 0 0 0 0 0.1623490452766418 0 0 0.2873804941773415 0 0 45.91511715203524 18.73184277117252 8.795757547020912 0 0 0 1.457480654120445 1.279594093561172 0.5066989809274673 0.8467481136322021 0.1111446395516396 0.2941229641437531 0.587964802980423 1.075945138931274 0 0 134.1781209185719 6.190916679799557 0.4438456743955612 0.8409638404846191 0.5930544883012772 1.881799101829529 0 0.301840752363205 0.544062927365303 10.57620992511511 51.6137934550643 90.52822837978601 12.53957314789295 18.63175993412733 0.3996973037719727 2.883807428181171 0 31.43786349892616 9.778848893940449 6.851511225104332 4.214926093816757 3.4873006939888 0.1239570304751396 0.3697561472654343 45.34829664230347 41.40970334410667 5.307746112346649 41.48402421176434 35.36054939031601 97.69991582632065 100.5963766947389 3.992260403931141 1.331833675503731 5.553031980991364 0.3899011164903641 3.476484753191471 12.56999763101339 1.482040777802467 9.469142451882362 15.86603795737028 7.943748779594898 1.705355763435364 3.19468941539526 2.674264468252659 0.4107021912932396 0.162183478474617 1.005284145474434 0 0 1391.635341212153 36.75878944993019 5.525242865085602 8.477139890193939 334.3983686491847 3.175655677914619 4.63515542447567 39.75598232448101 21.28032778203487 14.27707590162754 44.41532483696938 40.62853166460991 25.05244767665863 105.6062666028738 222.0812224149704 3.640726581215858 102.1106650233269 364.2239177078009 158.6095559000969 62.91393375396729 1.841278210282326 1.903792798519135 0 0.5258575081825256 0 0 0 0 0 0 0 0 0 0 0 0 0 0.2714412808418274 0 18.86901766061783 9.017188861966133 0 0.7705946564674377 0 7.422669261693954 0.6325538158416748 5.215153500437737 0.1781053394079208 0.2380951195955276 0 0 0.4814921244978905 1.300154894590378 0.3704336583614349 0 0 1.401222735643387 6.349377125501633 0 0.1909353286027908 0 0 0.09654939919710159 0.115465059876442 0 0 0.1384675204753876 0.4086862355470657 0 0.4757177829742432 0.7920989096164703 29.78402855992317 2.932691052556038 0.2989226281642914 0.1259781122207642 0 0.1323384791612625 0.6893189549446106 0.1423577666282654 0 0 47.61662904918194 0.5676436424255371 0 0.1092791259288788 0 34.96305219829082 1.314137250185013 1.302666157484055 2.970752596855164 1.627901971340179 5.555171445012093 0.6325477361679077 5.875507041811943 0.4980406686663628 0 0.118753008544445 0.2012104243040085 0.6791672632098198 0.09702441096305847 0 0 83.15895628929138 4.574761554598808 3.09711392223835 333.8628172278404 53.35141971707344 488.5596144348383 143.7300197631121 1316.034552507102 29.99037959426641 5.936285018920898 147.7661561071873 31.77998109161854 0.6527291312813759 23.59131142497063 3.748811155557632 212.1713987737894 0.8178317248821259 0.7808204293251038 3.579704880714417 1.480819880962372 0.1745935827493668
263.0702919661999 1668.377150155604 2811.326833426952 14.76231941580772 5055.235049322248 25.38773337006569 1318.568259634078 1651.454642422497 4648.348524950445 79.552441008389 0 262.6180364489555 3537.15443495661 3368.017843268812 41.80176661908627 33.51666525751352 2.894346937537193 0.6522486209869385 0 0.4620870053768158 7.112496376037598 0.4381732046604156 0.5582630485296249 0.4184412062168121 0.4183804541826248 4.36121840775013 0.406432032585144 2.324149526655674 0.1236631274223328 0 436.4981508180499 154.1025197058916 471.5578937828541 1.097982034087181 0.1532656401395798 6.70183739066124 102.1994163990021 12.96276900172234 4.266517654061317 14.23490677773952 11.8428992331028 3.1253712028265 0.9629262015223503 14.13280289620161 2.305312260985374 4.541504204273224 138.9602912887931 6.361872605979443 1.06552854180336 0.8954639881849289 1.283993013203144 0.4021070599555969 0 1.617681428790092 0.4834877327084541 3.759693615138531 15.59271804988384 136.1648158282042 5.60679030418396 13.51796473562717 7.72658072412014 13.11395025253296 7.535808369517326 54.29837045073509 5.016883827745914 4.146361224353313 3.264973975718021 4.184239454567432 1.474179185926914 6.176494628190994 493.6668990030885 21.21668803691864 0.177305743098259 20.77152608335018 34.33933024853468 96.55663720518351 118.0870328471065 28.99740672111511 50.01562921702862 40.48184410482645 3.349825516343117 62.8680764734745 6.442946843802929 0.8607738688588142 5.428817108273506 8.967466048896313 5.765204355120659 0.1045544371008873 2.25832137465477 0.2514696046710014 0.4198255762457848 0.3059926554560661 15.75574166327715 3.177304357290268 0.353640966117382 165.3761971145868 58.79229451715946 0.9074072390794754 35.03070740401745 54.94307412952185 0.4098082035779953 0.1816596686840057 2.905934289097786 3.378633409738541 1.544237524271011 10.380196377635 5.148421198129654 3.648713037371635 16.26789663732052 23.32244588434696 0 20.93726399540901 80.28969465196133 56.95368984341621 33.24127085506916 1.178195908665657 1.654361799359322 0 0.2019364237785339 0 0 0.129945307970047 0 0 0.1628388315439224 0.3874686062335968 0 0 0 0 0 0.1701590716838837 0 0 3.296301230788231 3.587984889745712 0 0 0.129271924495697 9.859226450324059 0 9.423192977905273 1.403426811099052 0.8246597200632095 0 0 0.2404704317450523 0.6499472409486771 3.354928150773048 0.9454576224088669 0 0.4427381455898285 4.41778552532196 0.1368764936923981 0.1651768237352371 0 0.1169280335307121 0 0 0 0.1690884828567505 0 0 0 0.202575296163559 0.3816421031951904 23.98450593650341 0.9138312041759491 0.6131391525268555 0 0 0 0.2162243723869324 0 0.193461537361145 0.7069483697414398 29.40314200520515 2.743362277746201 0 0.1193803921341896 0.202367290854454 29.87337037920952 7.340415611863136 3.64538662135601 0 0.9335873425006866 1.52246755361557 0.4535001218318939 2.486021310091019 0.2245870977640152 0 0.1206395626068115 0 0.2776647880673409 0.3279703855514526 0 0 18.62744815647602 9.940368637442589 5.943442933261395 306.3254005089402 58.54016350209713 314.8598427996039 113.9536738246679 140.2931941971183 14.42523489147425 5.715737454593182 102.9132828786969 16.8682524561882 2.920986466109753 17.40768273174763 5.790965542197227 22.70192500948906 0.2594171464443207 0 2.113925933837891 2.759579531848431 0
28.45067627727985 30.75135546177626 71.09736809879541 58.54579938948154 43.88664511591196 139.2429564297199 114.2713004127145 133.3536420613527 73.96411323547363 2425.824231594801 262.6180364489555 0 1227.204865053296 497.9596206843853 38.00853952020407 39.26374597847462 2.51567579805851 0.8302773460745811 0.6187320202589035 0.5543865337967873 0.4752010852098465 0.1539085507392883 0.2357000708580017 0 0 0.6818949580192566 0 0.2878960520029068 0 0 8.140981860458851 7.567635640501976 134.0412373691797 0 0 0.7063257694244385 24.61933591961861 28.26323710381985 11.50400975346565 22.97250038385391 3.291905425488949 0.5088731348514557 0.6353559717535973 14.24701056629419 0.3906882703304291 2.303431183099747 100.3276406526566 1.447488389909267 0.1449296772480011 0.4539954364299774 0.5542802587151527 0 0 1.09441003203392 0 2.411664873361588 8.532336100935936 15.41145291179419 3.940625406801701 5.336940906941891 6.123616188764572 37.78723155707121 0 9.262585669755936 2.586247831583023 1.409674316644669 1.120471827685833 1.441456139087677 0.3019615113735199 2.116054482758045 184.2010905891657 115.7099652886391 0.1990099102258682 11.21186853945255 9.618350975215435 37.52176063507795 44.74526772648096 39.61601615697145 10.84884543716908 242.6590672209859 5.930949985980988 33.03600385785103 3.485430762171745 0.438606396317482 0.9488546401262283 2.743006274104118 2.496475137770176 0.1670265197753906 0.5508638918399811 0.2175623178482056 0.1786961257457733 0.5260420218110085 7.591541819274426 0.5516051650047302 0.8212180212140083 4013.899404287338 172.8596589714289 1.004379406571388 28.0753106623888 58.45220220834017 3.76323439180851 1.085598781704903 19.99274045974016 13.68598587810993 6.112889647483826 40.73774366080761 16.7269009500742 21.68550960719585 73.63749891519547 115.7435907870531 6.646041825413704 122.5223849564791 442.9973151832819 240.4643942713737 200.0080813914537 5.429638907313347 6.016132533550262 0.8127638101577759 0.7076047509908676 0 0 0.5165569186210632 0 0 0 0 0 0.1180496364831924 0 0 0.3310889303684235 0.4246058911085129 0 0 16.59810966253281 25.42870028316975 0 0 0 45.76909562945366 0.6294223368167877 40.79729217290878 2.441698044538498 1.010439082980156 0 0 0.2698571085929871 3.139360666275024 14.20803771913052 1.457771137356758 0.2067566961050034 1.52400641143322 20.14680919796228 0 0 0 0 0.152551993727684 0 0 0 1.907235652208328 1.709220618009567 0.7658492922782898 0.819902777671814 0.6874147206544876 137.506287842989 11.76913265883923 0.1602708995342255 0.4327861368656158 0.2248456180095673 0.3265983164310455 0.1327679306268692 0.8275727182626724 0 0.1882064044475555 185.9531221166253 18.34767520427704 0.3648460507392883 0 0.5563719943165779 147.2087361812592 32.40719844400883 24.98376153409481 1.93959878385067 3.58648769557476 12.75398025661707 4.679385215044022 17.76074010133743 0.8882902562618256 0 0.2075640708208084 0 0.4332854598760605 0.1603636592626572 0 0.1816624701023102 132.4738555550575 46.95435677468777 27.05887840688229 387.3723576441407 35.07498475909233 255.8155566230416 103.8725360557437 376.1727532148361 10.34100573509932 1.16844903677702 148.6236829832196 66.53288067877293 2.258577466011047 48.84272709488869 9.491602592170238 90.83180274069309 1.442758291959763 0 12.9713758379221 4.549224175512791 1.551450178027153
102.4174393117428 462.5834895968437 363.3737690225244 131.2466433048248 361.551556147635 91.68154573440552 6741.71440063417 819.8007993400097 1566.432321317494 5430.421904020011 3537.15443495661 1227.204865053296 0 3742.691495008767 129.1784661784768 96.81784731894732 6.707806274294853 0.386911578476429 0 1.13670127093792 3.802384816110134 0 0 0 1.554068341851234 3.534895971417427 0 2.54667516797781 1.065668076276779 0 94.77867444604635 37.50665952265263 1310.055111832917 0.5147049427032471 0 1.817596882581711 148.9779442250729 44.35024073719978 17.02312947064638 40.6634658575058 8.3692537099123 3.614729568362236 1.709237404167652 35.90551904588938 1.435502968728542 5.054755531251431 309.9573242515326 7.77483905851841 1.022716872394085 2.396265558898449 2.436689481139183 0.9290904551744461 0.5314867272973061 1.342817835509777 0.4036909341812134 5.69153393805027 14.31198434531689 50.8537565022707 5.400554604828358 15.76114490628242 6.884039148688316 42.79426375031471 1.380882129073143 31.26651962846518 3.06850179284811 3.062746115028858 4.071852400898933 4.927798382937908 2.422195300459862 7.740322686731815 388.3028641790152 144.816295877099 0.165070042014122 18.7064897865057 17.64528012275696 132.1793348640203 148.1327571794391 102.8959162831306 21.091990865767 903.6012304499745 7.270695246756077 33.30018968880177 5.675419896841049 0.8150460124015808 4.739327020943165 9.152695134282112 7.849976100027561 0.1360181123018265 2.361048489809036 0.2285205870866776 1.277453266084194 1.15794925391674 16.59646036475897 3.41596794128418 4.692128762602806 2898.68031142652 222.896055161953 2.916958570480347 50.59318545460701 49.17174478620291 3.370206654071808 2.080519005656242 19.59146620333195 10.94499889016151 6.282515913248062 35.51749095320702 15.0748186558485 20.09508943557739 71.05750258266926 109.6145853996277 5.932701021432877 123.2430486381054 492.2730216011405 243.1756957769394 217.154347255826 9.611789725720882 12.22773545980453 0.3788792490959167 1.372454479336739 0 0 0.1806305646896362 0 0.3225498795509338 0 0.3126306533813477 0 0.5417694747447968 0.2879524230957031 0 0 0 0.2013437747955322 0.1701394766569138 15.90022930502892 29.42301060259342 0.1951251626014709 0 0.185070738196373 54.71604190021753 0.1336928009986877 53.65748513489962 3.407514311373234 0.743710421025753 0 0 1.339619413018227 6.32879826426506 20.26738225668669 2.18251970410347 0.3071196675300598 1.871826305985451 25.25472354143858 0.3810818493366241 0 0 0 0.366791769862175 0.1218663975596428 0 0.2460717484354973 1.435967870056629 2.147458091378212 0 4.000780083239079 2.545065969228745 150.9422954618931 11.91888912022114 0.6023791208863258 0.2594976127147675 0.2304899767041206 0.8998956605792046 0.3387491926550865 0.2435299158096313 0.09808780997991562 1.338202930986881 232.7703396081924 24.91267478466034 0.1184229478240013 0.6846219897270203 0.2502030432224274 153.2055170834064 39.25967615097761 26.85888373851776 3.777046479284763 6.723054364323616 13.65502888709307 4.649771094322205 24.01306883990765 0.1506215482950211 0 0.1763107031583786 0 0.6583229675889015 0.104591578245163 0.08505549281835556 0 134.6271270513535 62.46940226852894 38.40037843585014 742.7094790935516 122.7040129080415 658.870012268424 278.2982079312205 307.5496504679322 13.7223489060998 5.884251959621906 317.2865308746696 77.83874870836735 10.79922138899565 69.14191628247499 16.89235000312328 85.27058574557304 1.499375060200691 0.581151194870472 10.57777325809002 17.59395111352205 2.684344530105591
