0 1710.55882563442 573.6644490584731 1760.625315055251 857.6609532162547 39.71679404377937 2469.302389539778 14.59204760938883 183.8085170686245 3325.659695513546 304.2802304252982 423.0250171422958 764.2663401439786 216.5922899544239 1.070625454187393 0 0 0 0 0.2072475701570511 0 0.1794136464595795 0.113830678164959 0.09964591264724731 0 0.1161241605877876 0 0 0.3454371094703674 0 191.5252613425255 1.698614358901978 12.8129884749651 0 0 0.1250865608453751 11.73868382722139 0 0.4593909680843353 0 0 0.2240616381168365 0.1084232553839684 0.5543455109000206 0.1231426522135735 0 18.99186524003744 1.215453214943409 0.1112083569169044 0.2719225138425827 0.5428107082843781 0.3041632026433945 0 0.2445358335971832 0.3077845871448517 2.70964428037405 403.0217365324497 826.9755445644259 95.64631519466639 10.81726123392582 0 1.695135354995728 0 7.097162522375584 2.578248009085655 1.799619421362877 1.214180432260036 0.4070190936326981 0.2609734237194061 0.1527995020151138 76.66693538427353 13.95144651085138 1.364588499069214 152.0153204128146 48.71214279532433 16.77331501245499 1.674255356192589 0.5209405869245529 0.225687175989151 11.03343922644854 0.5267061740159988 2.998662307858467 10.61086709797382 0.6422084644436836 2.239042408764362 2.990359239280224 1.068357646465302 0.2719430103898048 0.2605623379349709 0.718642495572567 0.2329118698835373 0.4002718329429626 0.1116061434149742 0 0 224.2430923804641 42.60417100787163 0 10.67780233919621 1713.108868472278 1.04125714302063 0 0 1.352023005485535 3.598966538906097 4.728789001703262 0 0.782545804977417 0.9296979904174805 1.24484495818615 0.5971892774105072 3.763582795858383 4.368431895971298 9.204146474599838 8.278249435126781 0.09057868272066116 0 0 0 0 0 0 0 0 0 0 0 0 0 0 0 0 0 0 2.414483964443207 0.6763832569122314 0 0 0 5.489793285727501 0.4781079888343811 0.7616212069988251 0 0 0 0 0 1.285591810941696 0.7661931812763214 0.1680842190980911 0 1.810414254665375 2.719609647989273 0 0.2023353427648544 0.1431612223386765 0.1583236753940582 0 0 0 0.224854588508606 0 1.300555109977722 0 0 0.0928686112165451 14.27963272482157 0.4073744118213654 0 0 0.3020918071269989 0 0 0 0 0 21.00048772990704 0.6230781674385071 0 0.1475553959608078 0 2.548415422439575 0.6849021017551422 9.740546219050884 1.056175902485847 1.417910099029541 2.476086884737015 0 0.3635685443878174 0 0 0 0 0 0 0 0 6.612204968929291 5.048325210809708 8.169028431177139 81.86061008274555 12.57672359794378 77.5453413054347 21.55187449604273 1105.911231957376 65.58207968622446 0.6778245121240616 22.00773264467716 2.153206765651703 0 4.737503975629807 0 0 0 0 1.424439340829849 1.112562857568264 0
1710.55882563442 0 1038.030557945371 276.4073713868856 3683.373843677342 47.20733985304832 3292.974997028708 37.80567885935307 614.7703064084053 218.6230831295252 810.6969169601798 19.05292262136936 330.0916809216142 392.9130584597588 4.063111081719398 0.140377551317215 0.3684157878160477 0 0.1028916090726852 0.2651728764176369 0.3536517024040222 0.6659378409385681 0 0.1711198836565018 0 0 0.259951189160347 0.1088800653815269 0 0.4554995745420456 1283.607006341219 17.4016425088048 2.240325435996056 0 0 0 0.2678711712360382 0 0.2226618975400925 0 0 0.1244802922010422 0.128860741853714 1.389409638941288 0.2441467791795731 0.5226902142167091 64.33102761209011 4.627928771078587 0.1527894884347916 0.1470511257648468 0.4908122569322586 0.1512566059827805 0 0 1.043863527476788 6.305534780025482 93.46976863592863 822.4355075210333 49.91998387873173 21.90967430919409 0 0.1058858036994934 0 52.29015081375837 4.79303739964962 3.022654108703136 2.128946825861931 1.033559441566467 0.3274562433362007 0.4239562749862671 11.26189367473125 0.2693502232432365 0 155.9144723117352 113.5973802134395 67.65880531072617 26.20294311642647 1.935803942382336 1.379967384040356 2.960463367402554 0.834495335817337 0.3701755926012993 16.05937100946903 0.2568094730377197 2.926776468753815 4.670123182237148 2.245205067098141 0.1995275616645813 0.08830028772354126 0.1851873248815536 0 0.1099064201116562 0.1610307693481445 0 0.3813813105225563 9.847606338560581 4.861448690295219 0 0.8691188469529152 1392.78438282758 0 0 0 0 0 0 0 0.7396354973316193 0.4433296620845795 0.1779193431138992 0 0.2717387676239014 0.9922730475664139 0.5491574108600616 0.3842843621969223 0 0 0 0 0 0 0 0 0 0 0 0 0 0 0 0 0 0 0 0.1634431034326553 0 0 0 0 0.1473985463380814 0.1287022083997726 0 0 0 0 0 0 0 0.1346215009689331 0 0 0 1.096972122788429 0.1258882880210876 0 0 0.5321454405784607 0 0 0 0.12672159075737 0 0 0 0.2229777276515961 0 1.491214394569397 0 0 0 0 0 0 0 0 0 3.898399353027344 0 0 0 0 0.6696826815605164 0.1723383516073227 1.350361935794353 0 0.1495348364114761 0 0 0 0 0 0 0 0 0 0 0 0.5919454395771027 0.9503727033734322 0.3975694924592972 101.0915830805898 25.4923779964447 130.2922366708517 32.01332645118237 239.2020240053535 51.08187645673752 1.644872300326824 33.28367137908936 2.169006198644638 0 0 0 0 0 0 0 1.822745896875858 0
573.6644490584731 1038.030557945371 0 27.45035684853792 1347.549751728773 5.307378143072128 923.349307924509 1808.037395708263 1641.080694891512 103.7281227186322 3502.69885186851 58.05148728936911 814.5315458700061 1726.598176889122 18.46147222816944 9.620079152286053 1.264578253030777 1.082682766020298 0.8790561556816101 17.36535207927227 30.03732173144817 0 12.60020160675049 15.49058518558741 4.785031214356422 6.63870183378458 3.158632479608059 0.6316979080438614 1.141168124973774 0.5151966288685799 3812.391574330628 454.5371551066637 60.60046097636223 2.183918341994286 12.31725157052279 4.541672646999359 7.716809444129467 0.3780741691589355 3.965864524245262 1.724664241075516 7.467018820345402 3.555563896894455 6.540420234203339 3.927570722997189 1.660687379539013 10.98275928944349 90.07453155517578 6.499439090490341 1.789917930960655 4.232819750905037 4.572685234248638 1.3794906437397 0.3596730902791023 3.75929668545723 1.29887243360281 6.026635952293873 74.54442934691906 900.8261433243752 53.06491147726774 25.05645697563887 22.94491507858038 3.144483327865601 1.073039844632149 374.2537249401212 5.743295900523663 4.084990322589874 2.617199428379536 4.086798503994942 7.137048423290253 26.53579749912024 122.1372397989035 7.842389449477196 0.1233139708638191 164.429691568017 149.8779392391443 81.23285316675901 65.32406131923199 7.719428963959217 150.7980228513479 974.5459157526493 54.70453028380871 129.4060099497437 17.50317818671465 0.2414196878671646 3.653782524168491 4.432029359042645 6.574896886944771 0.1603885889053345 0.7712977454066277 0.2858493104577065 1.066072277724743 0.1386660039424896 15.0470297858119 0.8938479125499725 1.652451559901237 63.61810937523842 22.44498865306377 0.3350844383239746 13.05192741751671 700.1897068545222 0.7438979744911194 0 0.7805131077766418 0.4708454310894012 1.578658193349838 9.105003774166107 0 4.415921688079834 2.773525685071945 4.352474719285965 6.413093864917755 10.97763890028 4.114658802747726 21.35374197363853 21.32631896436214 0.9813196361064911 1.836300350725651 0.1209068223834038 0.6010704189538956 0 0 0.1976949721574783 0 1.664173379540443 0.1109132096171379 0 0 0 0 0 0 0.126151517033577 0 0.2867287620902061 1.560584142804146 4.621730282902718 0.880553275346756 0.6831451505422592 0.5311397165060043 7.340329937636852 0.3503070548176765 1.860430531203747 2.407810352742672 0.1388045847415924 0.2472629845142365 0 0.1101803705096245 0.2043675929307938 1.476812317967415 2.313739277422428 0 4.198005512356758 9.569211512804031 0.7393254041671753 0.7114313542842865 0.1455817073583603 1.440938532352448 0 0 0 0.09049493819475174 0.8486984074115753 3.757665395736694 0 0.4202054664492607 4.612640991806984 34.61795645207167 0.5473191142082214 0.3104191720485687 1.069507144391537 0.3902706056833267 0 0.267697386443615 0 0 0.1215720549225807 36.88241602480412 1.671489223837852 0 0 0.1922836899757385 10.52423307299614 8.391308546066284 17.18770308047533 3.799761347472668 3.122456729412079 12.30813080817461 2.632291674613953 0.3490138128399849 0.2944804131984711 0 0 0 0 0 0 0 7.721612259745598 15.06816893815994 16.19290740042925 178.5611632987857 42.27441093325615 157.2922607660294 36.30942489206791 123.9080876410007 64.88336236774921 1.499647870659828 50.31118327379227 11.33794972300529 1.984460338950157 14.79865707457066 0.5938237309455872 3.673092283308506 0.9711317718029022 0 3.560543030500412 4.812481679022312 0.2177521884441376
1760.625315055251 276.4073713868856 27.45035684853792 0 186.9652842730284 170.5387015640736 826.302463054657 3.744627252221107 99.26885499805212 1099.044987931848 25.3918699324131 560.0212620049715 1102.701254978776 180.9260010719299 1.238807573914528 0.3314520567655563 0.1277007758617401 0 0 0.1745042502880096 0 0 0 0 0.1724601686000824 0.1144081503152847 0.194526419043541 0 0 0 15.8567463606596 1.720663726329803 2.677371323108673 0 0 0 0.204478994011879 0 0 0 0 0 0 0 0 0 8.223525241017342 0.1494467705488205 0 0 0.08514268696308136 0 0 0 0 0.4490054100751877 11.50143563747406 57.15224215388298 9.337652400135994 2.186284214258194 0 0 0.1089950948953629 5.185707181692123 0.7375221401453018 0.1858227550983429 0.2975962683558464 0.09096337109804153 0 0 29.95768146216869 0.9221887439489365 0 13.18943890929222 11.1502962037921 7.820385158061981 2.780177302658558 0.5408403947949409 0.4172768294811249 0.7274157106876373 0.1604834944009781 0.1468804031610489 1.723011031746864 0 0.100161537528038 0.5490927845239639 0.2871443256735802 0 0 0 0 0 0.12653648853302 0 0.2884858250617981 106.565537750721 0.4950613230466843 0 0 162.7181603759527 0 0.1739128679037094 0 0 0.1738741546869278 1.195209145545959 0.7017273902893066 1.388150334358215 0.5704807788133621 2.512536838650703 0.3415336608886719 1.305816382169724 1.771967321634293 1.941646635532379 1.908237144351006 0 0 0 0 0 0 0 0 0 0 0 0 0 0 0 0 0 0 0 0.1615153551101685 0.1682910770177841 0 0 0 0.1727697998285294 0 0.1422403305768967 0 0 0 0 0.1838957518339157 0 0 0 0 0 0.4472035467624664 0 0 0 0 0 0 0 0 0 0.8853847831487656 0 0 0 2.59061162173748 0 0.6617137789726257 0 0 0 0 0 0 0 4.907114952802658 0 0 0 0 0.4744486212730408 0 0.6903668940067291 0 0.4929405152797699 0 0.6671815812587738 0 0 0 0 0 0 0 0 0 3.838246390223503 0.5661359131336212 1.753458023071289 20.75786747783422 3.74832808971405 17.02336517721415 4.5165985673666 330.1690271943808 7.198616936802864 0.2770131081342697 5.662414357066154 0.3536124229431152 0 0 0 0 0 0 0.6509144902229309 0.3092953562736511 0
857.6609532162547 3683.373843677342 1347.549751728773 186.9652842730284 0 20.98803290724754 1726.730485118926 284.5154908895493 1621.378244630992 96.77862497419119 1286.358315601945 14.8765262812376 600.0187569782138 1161.175351537764 19.30133533477783 2.054911062121391 0.3793538212776184 0.2675099670886993 0.1209121197462082 0.4082982093095779 0.6401004269719124 0.1396610587835312 0 0.1688634157180786 0 1.424772419035435 0 0.4266942068934441 2.464447379112244 0.1438708603382111 482.1274598017335 66.38952105492353 4.680592782795429 0.1228744313120842 0 0 1.19812224060297 0 0.4309170618653297 0.6912710070610046 0.7236152589321136 0 0.7324085384607315 1.436364822089672 0.2253183647990227 0.1594025939702988 117.3586725369096 5.122185610234737 1.268358588218689 0.3798477500677109 1.117727749049664 0 0 0.3170235455036163 1.249806970357895 5.335706040263176 37.71032927185297 251.7329154610634 30.90994191169739 28.67493159323931 0.6441435813903809 0.1545211970806122 0.1083637699484825 83.19168376177549 5.98441281914711 2.305506333708763 2.796302884817123 1.820909529924393 0.53605767339468 0.233879454433918 35.27310624718666 0.144225999712944 0 99.57192762941122 114.2980473190546 98.27857784926891 55.9423897638917 3.386362850666046 1.462599538266659 8.563623681664467 3.094068318605423 1.323529832065105 17.76217343658209 0.4769365042448044 2.796557821333408 4.438998490571976 2.532534934580326 0.09867347776889801 0.3753511607646942 0 0.3869174793362617 0.2022558450698853 0.2571787238121033 0.4372772425413132 0.4125170111656189 60.06628185510635 3.500263646245003 0 1.323376692831516 210.70353641361 0 0.6646221876144409 0 0.295452743768692 0.9025607109069824 4.289690151810646 0.783319354057312 4.998154029250145 5.806157842278481 4.830740928649902 3.74082450568676 11.93985152244568 10.55121290683746 10.90072895586491 11.23694224655628 0.2184470146894455 0.1600547134876251 0 0 0 0 0 0 0 0 0 0 0 0 0 0 0 0 0 2.323534220457077 0.6611679941415787 0 0.2195671871304512 0 1.370508536696434 0 1.241381645202637 0.1088036671280861 0 0 0 0 0.1591109186410904 0 0.2788859903812408 0 0.6152796745300293 2.65029801428318 0 0.6590573787689209 0 0.1183741316199303 0.2986745834350586 0 0 0 0.2047963589429855 1.673977576196194 0 0 0 10.16621360182762 0 0 0 0 0 0 0.1185940802097321 0 0 21.55859683454037 0.3190250992774963 0 0 0.1636510044336319 7.663049802184105 1.008949518203735 3.919998064637184 0.820312038064003 1.339875102043152 6.52918653190136 0.8749473392963409 0.1460443735122681 0 0 0 0 0 0 0 0 11.11508375406265 2.110517457127571 2.837290018796921 202.3712009340525 55.79879654943943 180.9610999375582 50.06341534107924 168.2146097198129 69.57751264423132 2.317263275384903 60.56791679561138 2.355937361717224 0.9674782305955887 3.22960065305233 1.228784710168839 0.9822543412446976 0.9395812153816223 0 1.357468947768211 4.963763266801834 0
39.71679404377937 47.20733985304832 5.307378143072128 170.5387015640736 20.98803290724754 0 176.9169058948755 0.2301553040742874 33.19173273444176 563.1639624387026 17.87277422845364 192.3148391991854 232.8758066445589 57.35828305780888 1.766728684306145 0.5939643234014511 0 0 0 0 0 0.4090530425310135 0 0 0 0.1318279504776001 0 0.4913316071033478 0 0 2.617232874035835 1.014452904462814 27.30913133919239 0 0 0 5.0558100938797 0.8451717793941498 0 0.3312177658081055 0 0 0 0.1600794345140457 0 0.1283283829689026 3.524428300559521 0.2531986236572266 0 0 0.5432552695274353 2.560874715447426 0.604267030954361 0.3169437050819397 0.3720674216747284 0.390127420425415 235.8313805311918 19.68839007616043 27.37224504351616 1.799672827124596 3.947247758507729 2.261788591742516 0 1.027920939028263 0 0 0.2795020863413811 0.8510108292102814 0.247706413269043 0 162.5101277828217 260.2094165384769 21.93425485491753 5.675554677844048 2.428035534918308 1.44219359010458 1.145111970603466 0.5127933844923973 0.1589279174804688 27.65331162512302 2.67208793759346 23.24865441024303 0.1523642987012863 3.643281102180481 0 1.751010403037071 0.9468893110752106 7.72786220908165 3.449110940098763 9.835529610514641 1.022883459925652 3.127228826284409 0 0 0.2330645322799683 589.625133305788 203.5829535871744 6.733516067266464 14.69633086025715 636.4601181745529 0 0 0 0 0 1.217055678367615 0 0 0 0 0 0.1568890064954758 0 0.242048442363739 0.1283156126737595 0.1880295872688293 0 0.1072110012173653 0 0 0 0 0 0.2420141100883484 0 0 0 0 0.1871491670608521 0 0 0 0.4336536824703217 0.5862706303596497 0 0 0 0 0.2456852942705154 0.4584962278604507 0.2156926244497299 0.1835543513298035 0 0 0 0 0 0 0 0 0 0.5358694940805435 0 0 0 0.3190998435020447 0.4785765409469604 0 0 0 0 0 0.4162968993186951 0 0 0 2.499657601118088 0 0 0 0 0 0 0 0 0.2945141792297363 1.401209458708763 4.289015352725983 0 0 0 0 1.434244528412819 1.228116989135742 0 0.686808168888092 0.4308810830116272 0.7504399120807648 0.244792103767395 0.1643202751874924 0 0 0 0 0.2815199196338654 0 0 0.7228373736143112 6.088252365589142 1.128288127481937 10.34256818145514 0.909488283097744 5.623344331979752 1.292457036674023 445.5957110673189 11.42131341248751 0.3583398908376694 3.77074272185564 1.460801288485527 0 0.6007637456059456 0.3317980468273163 0 0 0 0 0.175988033413887 0.1475122720003128
2469.302389539778 3292.974997028708 923.349307924509 826.302463054657 1726.730485118926 176.9169058948755 0 134.1422299966216 2719.416702985764 1133.868217505515 764.7950800359249 249.3099156096578 2825.473657004535 1552.658820264041 43.8090512752533 4.333870016038418 0.4862402305006981 0.6093761920928955 0.4766258373856544 0.8815246373414993 0.1174475103616714 0 0.3014776557683945 0.5365847051143646 0 1.717685170471668 0.6063041612505913 0.9909957274794579 2.938558578491211 0.1587783694267273 421.1091981977224 136.7717382758856 25.43936371058226 0.1549113988876343 0 0 4.119706057012081 0.11501394957304 0.8767397329211235 0.632732093334198 1.096643045544624 0.7609463408589363 0.7412994429469109 3.552131198346615 0.2558792680501938 0.9680583029985428 300.2908017635345 15.3486989736557 4.019764810800552 0.2338165417313576 2.355208784341812 1.302095681428909 0 1.742718324065208 2.042547158896923 14.36906468123198 105.1377857029438 606.0484698414803 94.48483396321535 76.23580471426249 0.9118494167923927 0.6801140904426575 0.1321227252483368 181.0249504595995 11.69245501607656 9.177212432026863 6.645433753728867 3.953698724508286 0.8488274440169334 0.6112662628293037 126.8712345436215 2.912819258868694 0 273.9533625766635 289.4899913296103 230.3503200858831 138.3206176385283 8.098412737250328 4.288392685353756 16.2388813123107 6.035843253135681 3.564895235002041 47.51128593087196 0.56893490254879 7.219566829502583 14.73885013908148 7.708500795066357 0 0.7659860253334045 0 0.5114488005638123 0.9619188606739044 1.333500184118748 0.7114763781428337 1.677867107093334 411.0318827852607 11.17346335202456 0 1.723309032618999 510.1841613799334 1.516738906502724 0.3890639543533325 0.6420280188322067 5.710021167993546 0.5009455680847168 33.03335951268673 3.613077387213707 36.74180252850056 15.88707177340984 27.51160103082657 8.707996740937233 53.14615434408188 45.50118254125118 56.78510122001171 43.40428532660007 0.9129330962896347 0 0.09956486523151398 0.1442023813724518 0 0 0 0 0.4846416413784027 0 0 0 0 0 0 0 0.2360019832849503 0 0 6.536234527826309 5.60606960952282 0.1321548670530319 0 0 6.820280179381371 0 2.69060605764389 0.4620120972394943 0 0 0 0 0.132374033331871 0.7738090455532074 0.3153096139431 0 4.604088872671127 13.62854680418968 0.5756123885512352 1.05453334748745 0 0.09239261597394943 0 0.3208467364311218 0.3846691250801086 0 1.653396338224411 7.127452805638313 0.2021224200725555 0.1046091094613075 0.5321526676416397 45.19634380191565 3.314059659838676 0.1922731697559357 0 0 0.5697537064552307 0.1176190450787544 0 0 0 99.54117689281702 0.3864329606294632 0 0 0 19.53944565355778 7.677244789898396 22.80430121719837 9.032332926988602 5.079037129878998 22.84360960125923 5.998691722750664 6.119870558381081 0.8287003040313721 0 0 0 0.1064640656113625 0 0 0 50.46273972094059 16.64892891794443 12.60667477548122 646.6237635836005 121.721413500607 501.1421122997999 116.1536806449294 863.4102428108454 177.7067633867264 6.91899461299181 175.0411740913987 16.17771346867085 1.323153272271156 14.4093811288476 2.236474402248859 2.941814944148064 4.72912073135376 0.3096093535423279 11.39727255702019 12.5815127491951 0.8241854310035706
14.59204760938883 37.80567885935307 1808.037395708263 3.744627252221107 284.5154908895493 0.2301553040742874 134.1422299966216 0 1230.998207710683 19.23804283887148 2044.702321201563 28.03559501469135 749.8483691215515 2099.243867106736 58.90919391065836 32.26994113624096 5.447258606553078 10.0966354906559 6.165291115641594 124.670338973403 161.9217935204506 0.9220498353242874 65.51142445206642 51.20564928650856 22.39492017775774 26.00999996066093 18.76939354836941 4.72627979516983 5.526344232261181 6.290239088237286 588.3653324246407 1647.075334653258 143.6795548722148 22.7357002645731 51.28355926275253 21.70859818905592 40.26226988434792 1.469561517238617 16.52215472608805 9.080776631832123 36.54294787347317 19.59479163587093 42.42694472521544 77.23597835749388 13.44509591907263 116.2290895655751 149.9642579257488 6.118837684392929 4.358385145664215 26.50738200545311 16.37106562405825 4.745977729558945 4.108417816460133 10.87214794754982 0.2254934161901474 2.668499961495399 14.53763506561518 127.4164927601814 16.66742395609617 18.20176277309656 312.0022473707795 44.90998245030642 16.42948362231255 467.7854543253779 1.813006393611431 5.642657563090324 2.925078526139259 11.68111206591129 35.14470126479864 144.0291670337319 82.04202400147915 21.40302237868309 1.239152148365974 54.55283989757299 100.4568494856358 97.99367819726467 297.0292032435536 183.4453271999955 746.7601797282696 1792.542614243925 2254.695759132504 1140.98371244967 7.712001286447048 0.2274119108915329 2.030685216188431 3.173093996942043 16.13092942535877 0.2502245157957077 2.037310369312763 1.443786323070526 3.673201180994511 2.525203235447407 73.20139376074076 5.444491699337959 4.989092640578747 33.5218953192234 23.29553207010031 4.31957072019577 20.85565012693405 18.89204783737659 0 0 0 0 0 3.258503288030624 0 3.276786744594574 0 4.031750574707985 0.1928656250238419 7.475257247686386 5.026252433657646 7.584997229278088 11.65396791696548 2.720587804913521 2.71846230328083 0.9358826205134392 0.8746614754199982 0 0.3135868012905121 0.3237466439604759 0 3.926709100604057 0 0 0.2854650020599365 0.2610317766666412 0 0.2557687312364578 0.1529352366924286 1.719689443707466 0.2527331635355949 0.5060619562864304 0.7415133714675903 2.459767527878284 4.16052683442831 4.38242232054472 1.093798846006393 5.38196262717247 2.002954289317131 6.549268178641796 5.024654194712639 0.5156409069895744 0 0.2765422463417053 0.7837113291025162 0.7942874431610107 2.452653773128986 6.647690244019032 0 4.115847274661064 9.289009630680084 0.472789078950882 1.441213518381119 0.2534003034234047 8.698289230465889 0.8260917812585831 0 0.4255470931529999 0 0.4114251956343651 4.062154464423656 0 5.831197626888752 14.45270285010338 29.52710697054863 0.215617373585701 0.1518538892269135 0.1234237551689148 0.4991238638758659 0 0.3830729052424431 0 0.4337648674845695 1.553881175816059 34.61083407700062 3.686660811305046 0 0.1281536072492599 0.5494714751839638 9.191038310527802 11.08074857294559 20.72060660272837 1.814873568713665 3.456537187099457 10.63300769776106 2.445695392787457 4.959191054105759 0.9286332055926323 0 0 0 0.3026632815599442 0.1298585087060928 0 0.1173914149403572 6.180185094475746 25.00136496126652 27.15421007573605 470.6444144695997 54.84003868699074 232.5173564702272 77.04148633033037 75.32646916806698 77.44844102859497 1.401059284806252 107.7841280773282 35.14613904803991 2.060542829334736 22.41811849176884 0.8164389058947563 4.01048144698143 3.145898707211018 0 12.76526312530041 10.52818313986063 0
183.8085170686245 614.7703064084053 1641.080694891512 99.26885499805212 1621.378244630992 33.19173273444176 2719.416702985764 1230.998207710683 0 360.3055254071951 3082.724186494946 78.75898697972298 2024.09462941438 2145.739251978695 34.47376313060522 5.534566342830658 0.4732086211442947 0.465023085474968 0.2535901367664337 0.1260979622602463 0.4279999434947968 0 0.1165193617343903 0.9259060546755791 0 1.628597356379032 0.6152454763650894 0.9156601205468178 2.408789739012718 0.3454141989350319 272.1810234561563 143.251983679831 8.982446640729904 0 0 0 1.049124419689178 0 0.9584741219878197 0.1756047308444977 1.035497985780239 0.1774314492940903 0.5064481645822525 1.886946938931942 0.4752700626850128 1.138120174407959 174.9036813527346 4.282661035656929 2.267624393105507 0.7539104521274567 1.438907079398632 0.2430526986718178 0 1.004409842193127 0.621957391500473 3.435250349342823 28.43187947571278 145.1152573227882 27.99455092102289 31.16402931511402 0.6299398764967918 0 0 88.09896162897348 3.676297545433044 3.638847179710865 3.288746438920498 1.577980786561966 1.228675313293934 0.6553433686494827 84.73826306313276 3.031065382063389 0.1310549825429916 79.79371589422226 94.95541087538004 121.383798956871 90.17107620835304 5.544509641826153 11.55357848107815 15.11828426271677 3.36007884144783 1.730135560035706 12.4271505177021 0.3704644292593002 2.832649737596512 4.030149094760418 4.156563796103001 0 0.2052467539906502 0 0.1290204375982285 0.08125846832990646 0.5598706603050232 0.6863998621702194 0.7720819115638733 318.6783872768283 8.498136632144451 0 0.5994895547628403 75.71500107645988 0.7930556088685989 1.136188417673111 0.7888801991939545 2.387540772557259 1.680094376206398 17.08366368710995 1.59078560769558 19.97976437211037 13.46170189976692 22.49750375747681 4.685747683048248 47.69093278050423 30.41036039590836 46.84216468036175 37.10800544917583 0.3929431885480881 0.2765841782093048 0 0 0 0 0 0 0 0 0 0 0 0 0 0 0 0 0 7.347869992256165 5.54582404345274 0.0926842987537384 0 0 5.427311643958092 0.8121903389692307 2.770045153796673 0.2287679612636566 0 0 0 0 0 0.4323290586471558 0 0 2.946871817111969 12.14424080401659 0.163514032959938 0.5086833238601685 0 0 0.2331878840923309 0 0 0 0.8111924529075623 6.043841347098351 0 0 0.6533250585198402 32.49793347716331 6.186552360653877 1.372994154691696 0.1774426847696304 0.2211560755968094 0.4341558814048767 0 0 0 0 76.67814753949642 0.5277523547410965 0 0 0.3917066156864166 17.8811936378479 2.671975620090961 12.93040861934423 5.889173090457916 12.15756085515022 16.6153943836689 3.260442182421684 2.645429953932762 0.3362247198820114 0 0 0 0 0 0 0 38.96799927949905 13.72994057834148 7.93360573798418 532.8327110782266 63.24951591342688 287.1352257877588 78.13786327838898 357.5099530816078 106.453439719975 2.697787240147591 136.6577047333121 10.31271200627089 0.7762685716152191 14.12247711420059 0.1527566015720367 2.870412275195122 4.726758629083633 0 9.343146815896034 12.28674253821373 0.5327522158622742
3325.659695513546 218.6230831295252 103.7281227186322 1099.044987931848 96.77862497419119 563.1639624387026 1133.868217505515 19.23804283887148 360.3055254071951 0 54.65548440814018 929.6443025171757 4362.349147386849 568.9317418411374 10.99101133644581 1.957325339317322 0.3315230309963226 0.2618058025836945 0.1252269744873047 0.1569825261831284 0.4027199074625969 0.3875812143087387 0.3435210883617401 0 0.1666814088821411 0.3577695935964584 0 0 1.226088970899582 0.1868484318256378 74.34364897757769 23.5142263546586 57.59841108322144 0 0.1602447628974915 0 1.051614694297314 0 0.4835116416215897 0.5620761960744858 0 0 0.1494390517473221 1.14708549529314 0 0.5867759212851524 80.54420103877783 4.015679977834225 0.3969287425279617 0.2813879698514938 0.7634168043732643 0 0 0 0.7974224090576172 3.016667015850544 96.53513495624065 208.3096320927143 36.60435025393963 20.2534401267767 0.1875012218952179 0.2952465415000916 0 36.22765256464481 4.101164720952511 2.321009315550327 1.509179934859276 0.4128458350896835 0 0.2408330589532852 225.8631677478552 5.391949132084846 0 90.19673863053322 69.12649460881948 51.53828436136246 30.38729893416166 1.883393034338951 0.3709016740322113 11.84875806421041 1.476965501904488 4.472370453178883 12.07488068193197 0 2.171924002468586 2.586796887218952 1.127417840063572 0 0.1348649710416794 0 0 0.3356750532984734 0.2756732404232025 0 0.6437715068459511 737.6249964013696 11.74047227948904 0 1.103728592395782 923.4007832705975 0.1720927953720093 0 2.715064108371735 2.836872577667236 2.109792470932007 22.78499759733677 2.199318319559097 26.21702867746353 9.174923345446587 30.97975094616413 7.668293163180351 57.06454001367092 30.24072501063347 57.00497943162918 34.78059113025665 0.9495011270046234 0.5340979099273682 0.9068320989608765 0 0 0 0 0 0 0 0 0 0 0 0 0.2298858165740967 0 0 0 10.92820481956005 3.708698987960815 0 0.1122539043426514 0.2159108519554138 7.077344290912151 0.1103267297148705 3.186080724000931 0 0 0 0 0 0.1426510512828827 0.1629992127418518 0 0 2.164625853300095 10.85961113870144 0.8572438657283783 0.3382673114538193 0 0.1600832939147949 0 0 0 0 0.4954356849193573 7.209519162774086 0 0.1216837614774704 0.1106576770544052 30.46119122207165 3.805971831083298 1.442926563322544 0.2984977290034294 0.6667613238096237 0 0 0 0 0 77.35857575386763 0.7763387411832809 0.1661566197872162 0 0 14.11450652778149 1.877473920583725 11.74533525109291 3.38306026160717 9.8428775370121 16.1806752756238 2.315967887639999 3.331298559904099 0.1312049925327301 0 0 0 0 0 0 0 36.18169547617435 7.87985272705555 7.228014178574085 554.3612522557378 22.54564040899277 136.3449687436223 37.9320907369256 1953.929188303649 55.83967790007591 2.032520636916161 52.21738054603338 10.77773723006248 0.1661667227745056 13.99667241424322 1.899511575698853 4.02753172814846 1.185025334358215 0 7.055546671152115 4.168970629572868 0.9785712957382202
304.2802304252982 810.6969169601798 3502.69885186851 25.3918699324131 1286.358315601945 17.87277422845364 764.7950800359249 2044.702321201563 3082.724186494946 54.65548440814018 0 124.7353093922138 2981.458094745874 3946.115936279297 142.4088876992464 57.62383256852627 3.456473387777805 3.047362044453621 0.8249045163393021 4.082280606031418 13.91550879180431 2.37711800634861 9.018491059541702 13.9064871519804 23.25553919374943 11.04890125244856 24.19411964714527 4.555614963173866 11.09710168838501 12.49365992099047 637.157654620707 582.7907887473702 154.1309468969703 1.826698236167431 9.966043524444103 19.59304679185152 39.66283302754164 4.56490920484066 23.98229812830687 23.12781198322773 19.47650474309921 25.94927628338337 3.407213188707829 22.60232892632484 2.372182607650757 6.759756356477737 278.9821108728647 7.72492028772831 6.188199497759342 4.711685635149479 8.173242807388306 5.011802040040493 7.514586940407753 10.14031139016151 1.224833317101002 5.109292477369308 28.43390548974276 222.9150691255927 27.85804615914822 47.67262431979179 8.747870244085789 7.336565569043159 3.011966094374657 180.045337587595 5.053817383944988 4.016566775739193 4.078548185527325 5.102437309920788 4.118157230317593 29.52465777099133 341.2236253842711 85.52965423464775 0.6795074865221977 94.18081828206778 129.4604487419128 204.2089624926448 251.8301584050059 48.23045956343412 131.9777838811278 132.5104623287916 27.73290634155273 81.04032369703054 13.23855735361576 0.3950847461819649 2.469382420182228 6.674671739339828 6.492153011262417 1.588714011013508 1.390822626650333 0.5503321886062622 1.127274699509144 1.629518240690231 21.48092605918646 7.321904897689819 4.452459596097469 364.2017997428775 80.33645155280828 4.104533076286316 27.77792414277792 148.938839957118 0.5297411382198334 1.553755819797516 1.039325997233391 2.257498875260353 5.313936963677406 11.82222318649292 2.237524129450321 20.77031189203262 7.456417351961136 19.05128617584705 3.658139497041702 38.67611534893513 28.26349946856499 42.06642874330282 61.51089007407427 3.698629029095173 2.2951844856143 0.7481728941202164 1.579390361905098 0 0.2326714545488358 0.6762449517846107 0 3.051567740738392 1.099796578288078 0.3427732884883881 0 0.2869913652539253 0 0.2710217833518982 0 0.4756223186850548 0.4176306277513504 0.2717486917972565 9.715936832129955 6.659910060465336 1.550578735768795 1.855100229382515 1.141848646104336 16.2090617492795 1.973678894340992 11.45354205369949 5.30690972507 0.7870352864265442 0.3651778101921082 0.3956207036972046 0.4512503445148468 1.156188867986202 3.262029074132442 3.027427271008492 0.2074898481369019 6.404889464378357 26.21471004933119 0.4688049927353859 3.068042814731598 0.866952657699585 5.486362911760807 2.203927531838417 0 0 0 0.1590333878993988 6.962681815028191 0.356338158249855 4.110842108726501 11.46801041066647 104.6750329658389 3.304155737161636 0.745342992246151 0.7621323317289352 0.8131735324859619 0.5361013934016228 0.658042773604393 0.4386276751756668 0 1.554997466504574 186.8471391797066 6.964900322258472 0 0.4096708297729492 1.001790344715118 28.34267382323742 17.01464544981718 41.75594484061003 8.046294279396534 13.54901666939259 26.18229745328426 6.264244318008423 9.542821504175663 0.5022145658731461 0 0 0 0.5725124031305313 0.281581848859787 0 0.337824746966362 59.95305503159761 66.15391653031111 43.06973974406719 668.5249396562576 106.0956056490541 422.9639855697751 167.6644376888871 150.6187777742743 175.7305116578937 5.098260268568993 245.2481512054801 31.0123628154397 4.438485495746136 25.88573280721903 2.587016835808754 6.172653906047344 1.843292571604252 0 20.22743216902018 33.00475624203682 1.105530366301537
423.0250171422958 19.05292262136936 58.05148728936911 560.0212620049715 14.8765262812376 192.3148391991854 249.3099156096578 28.03559501469135 78.75898697972298 929.6443025171757 124.7353093922138 0 1299.106591507792 178.4838498681784 13.29553361237049 4.644094489514828 0 0 0 0.1323334276676178 0.1393744945526123 0 0.1331754624843597 0 0 0.2626496404409409 0.6109444051980972 0.1547095477581024 0.4898386299610138 0.1446271389722824 10.77068527787924 7.398244358599186 21.12404455244541 0.1508468240499496 0 0 2.081353068351746 0 0.7887621819972992 0.4156427681446075 0.172061875462532 0.3052078634500504 0.2456116378307343 1.02185931801796 0.2776861190795898 0.3191641867160797 30.76146725565195 0.5305801331996918 0.3167850822210312 0 0.3640892580151558 0 0.1257982701063156 0.1384820193052292 0.2486808300018311 0.9751445651054382 14.39383402466774 28.85409092158079 6.686494275927544 4.553963057696819 1.038575679063797 2.866817936301231 0 7.567158803343773 0.2118100523948669 0.5308455154299736 0.09620241075754166 0.1835810095071793 0.1224541738629341 0.2549023553729057 132.2559649571776 27.30436836183071 0.2820640951395035 15.466637827456 16.76053707301617 19.59851977229118 19.06728857755661 2.862724095582962 2.351069048047066 21.09929063916206 3.342449441552162 14.58471523225307 1.773723512887955 0.3891751021146774 0.2228788509964943 0.8256214112043381 0.2359771355986595 0 0.1185004562139511 0 0 0 0.1209452226758003 0 0.4872293025255203 1484.726022720337 56.71774543821812 0 7.043347775936127 70.84563159942627 1.393313087522984 1.268518209457397 1.105339780449867 6.13662676513195 4.15957298874855 32.28454548120499 4.042464509606361 31.30816146731377 17.02627049386501 31.83707524836063 6.62117962539196 76.17127883434296 52.98587834835052 85.69810453057289 40.23397704958916 0 0.9432311207056046 0 0 0 0.1372350305318832 0 0 0 0 0 0 0 0 0 0 0.1297404766082764 0 0 10.388627409935 5.1484604626894 0 0.1043514683842659 0 10.42546033114195 0.4537468254566193 2.04777130484581 0.1875186413526535 0 0.45074712485075 0 0 0.219595655798912 1.259063601493835 0 0 4.395179688930511 8.703080967068672 0.1090929135680199 0.1448547393083572 0 0.1783962547779083 0 0 0 0 0 9.159600645303726 0 0.7483711689710617 0.6516417935490608 46.24844624102116 2.59411033987999 1.267869025468826 0.534795880317688 0.1236081942915916 0 0 0 0 0 114.1379179283977 1.228701829910278 0 0 0 19.80459216982126 2.543145157396793 16.51852517575026 4.856637172400951 8.368063077330589 14.23428247869015 3.538355842232704 4.953160524368286 0 0 0 0 0.3134575933218002 0 0 0 63.82450158894062 15.99518056213856 9.481476418673992 186.1642955169082 7.928580783307552 61.27626860886812 22.47139450907707 536.0753653123975 22.09140771627426 0 35.08726081252098 13.14667432010174 0 14.05962678790092 0.4496868252754211 3.871185153722763 1.670772448182106 0 8.269565768539906 2.334447115659714 0.1621699184179306
764.2663401439786 330.0916809216142 814.5315458700061 1102.701254978776 600.0187569782138 232.8758066445589 2825.473657004535 749.8483691215515 2024.09462941438 4362.349147386849 2981.458094745874 1299.106591507792 0 2738.266398720443 107.1817752271891 43.569749802351 3.906094618141651 0.2448942586779594 0.268888533115387 1.260319113731384 2.257000938057899 3.855267271399498 0.6339917555451393 1.491537354886532 2.975899755954742 3.933930918574333 2.407808184623718 3.159033827483654 5.500523991882801 1.040299750864506 156.4562472254038 130.3642824739218 670.6526409834623 0.79110187292099 0.7274325415492058 1.602156043052673 92.67846792936325 10.0720052793622 28.92651906609535 11.38089029490948 5.772727385163307 9.859931074082851 0.286529928445816 19.73437550663948 2.312310576438904 4.088911533355713 243.1944878920913 6.449510097503662 3.151993237435818 1.337361797690392 3.635594822466373 6.478503607213497 11.63153883814812 4.383905217051506 1.385997541248798 3.848874419927597 42.60389716923237 157.8279891312122 34.77578984946012 38.26197345554829 28.29665573686361 84.73957139253616 2.658816933631897 81.99920812994242 4.90881159901619 5.639948710799217 2.819996997714043 3.504471331834793 1.149533741176128 2.613526254892349 1015.477767042816 164.1993690878153 4.081325747072697 90.81417363137007 110.2538954615593 164.8763214051723 157.1629299297929 30.23516492545605 19.77121127396822 281.8638161793351 79.76313491165638 572.9163428768516 15.4988891929388 2.32457622140646 4.283993639051914 6.918893598020077 4.559118784964085 2.152703404426575 1.140767015516758 3.258259683847427 1.134797506034374 2.67545635253191 4.024937152862549 2.013588406145573 1.882040500640869 3059.643993102014 310.4896132200956 29.20689190924168 153.8234897330403 168.9808859378099 5.33398474752903 3.868047177791595 2.182591274380684 11.32746416330338 9.835863441228867 59.2971206754446 5.12104643881321 67.79263518750668 38.16223172098398 77.11033096909523 18.43472800403833 146.3923470526934 113.4441018179059 160.3127831444144 143.3605861142278 3.456522293388844 3.557844996452332 0.2803654968738556 0.2952406406402588 0 0.1096214205026627 0.6899107992649078 0 1.594116494059563 0.1140083149075508 0 0.1317175477743149 0 0.3496724367141724 0 0 0.2992732226848602 1.504233628511429 0.2654302567243576 17.19634702801704 16.26496589183807 0.4990009292960167 1.605615623295307 1.060865417122841 29.68531357496977 1.42889354377985 13.35469304025173 2.386193886399269 0.1563266664743423 0 0.1525698155164719 0.1371475905179977 1.068759754300117 4.407533086836338 1.459410034120083 0 8.598858132958412 36.17316143214703 1.424554713070393 2.127703383564949 0 3.357885010540485 0.1376853734254837 0 0.1929875463247299 0 2.27462737262249 16.23231052607298 0.1846780925989151 2.074268497526646 3.788486197590828 164.255920805037 8.729667782783508 0.7402410954236984 0.6533470377326012 0.7788753062486649 0.6723240166902542 0.670365683734417 0.3225574195384979 0 0.9309927672147751 410.9025125429034 5.856166779994965 0 0.1794915199279785 0.1892295181751251 57.76749365031719 20.6676908954978 63.99054802209139 16.77330171316862 27.74135889112949 45.42162454873323 11.55182626843452 12.9095480889082 0.4478397965431213 0 0 0 0.1077615991234779 0 0.1490660160779953 0 187.7114078849554 93.95136483758688 47.12985597550869 782.5217250362039 99.55441330373287 389.3755318522453 163.7530241906643 788.1637406423688 170.9063976928592 4.098639771342278 262.5978571623564 31.26117539405823 3.717377781867981 39.84401557594538 2.626175589859486 15.45669400691986 3.871664777398109 0 18.56197968125343 26.88472262769938 0.6954455226659775
