0 3598.410155385733 168.2602777779102 1144.491620495915 578.9263406097889 0.9234398305416107 1064.402324385941 22.08058540523052 122.3125927075744 1991.973900303245 190.3366445228457 4.127077624201775 158.4680882170796 68.24485372751951 0.502346009016037 0 0 0 0 0 0 0 0 0 0 0 0.3910401165485382 0 0.2388340979814529 0 166.2663588225842 0.1324682682752609 0 0 0 0 0.1769628822803497 0.1006356328725815 0 0 0 0 0 0 0 0 7.618710547685623 2.810068115592003 0 0 0.4070658758282661 0 0 0 5.223054274916649 4.350807748734951 268.73533205688 548.6622464954853 25.13284842669964 4.969395205378532 0 0 0 0.8419169485569 2.587892591953278 1.576437056064606 1.373433515429497 0.235874243080616 0 0 1.948726817965508 0 0 80.48146948218346 55.37734661996365 3.389186047017574 0 0 0 18.29340490698814 0 0.2875812947750092 9.924772500991821 0 2.040588095784187 6.32072089612484 0.7533437833189964 0 0.1613613590598106 0.1054694652557373 0 0 0 0 0 13.3493115156889 0.3223875463008881 0 0 763.0702628195286 0 0 0 0 0 0.1775271892547607 0 0 0 0 0 0 0 0 0 0 0 0 0 0 0 0 0 0 0 0 0 0 0 0 0 0 0 0 0 0 0 0 0 0 0 0 0 0 0 0 0 0 0 0 0 0 0 0 0 0 0 0 0 0 0 0 0 0 0 0 0 0 0 0 0 0 0 0 0 0 0 0 0 0 0 0 0 0 0 0 0 0 0 0 0 0 0 0 0 0 0 0.2402930706739426 0.6161848530173302 0 12.16562732309103 4.953929558396339 33.19688532501459 11.17279027402401 426.9409061968327 119.1199118420482 9.994719736278057 2.781140685081482 0 0.3364904969930649 0.3715747594833374 0.1194079741835594 0 0 0.1756012588739395 0.1385268718004227 0 0
3598.410155385733 0 1086.751435726881 376.9882991611958 2362.895607791841 41.80673113465309 1700.502483665943 119.9662777930498 1564.277181178331 749.4669946208596 1507.407256998122 8.492729932069778 406.7207549437881 425.428592428565 6.760908827185631 0 0.1042660623788834 0 0 0.1532054543495178 0 0 0.09929018467664719 0.1131987422704697 0 0 0 0 0 0.1790080219507217 3605.54103974998 14.64766447991133 1.557498872280121 0 0 0 0.1371822655200958 0.1396062970161438 0 0.1031057834625244 0 0 0 0.2989319860935211 0 0.2467589005827904 64.57604391127825 11.40178109705448 1.167029418051243 0 1.839769542217255 0 0 0 10.74038767069578 9.520308576524258 108.2650625556707 549.9565241634846 23.9271233305335 25.99755325168371 0.5489172711968422 1.018787518143654 0 35.50494140386581 7.483819991350174 6.065223261713982 7.376537524163723 1.339435987174511 0.438330702483654 0 3.471779212355614 0 0 111.0705737471581 88.43873828649521 34.89130317419767 14.9814238473773 1.570117831230164 0.6686441972851753 91.01947493851185 0.602333165705204 3.400441572070122 23.40581733733416 0.6305324211716652 9.645727448165417 14.37190438061953 2.721766918897629 0.1839897632598877 1.372966095805168 0 0.5952633246779442 0 0.4954480826854706 0.1121275946497917 0.1106634587049484 29.16637030988932 0 0 0 505.3383564576507 0 0 0.1535791605710983 0.2383996397256851 0.1450631618499756 2.888035707175732 0 1.040158674120903 0.6461428105831146 0.945471778512001 0 5.672546692192554 5.6502900198102 3.081508949398994 1.39081683754921 0.1038175225257874 0 0 0 0 0 0 0 0 0 0 0 0.2774392068386078 0 0 0 0 0 0.5397432446479797 0 0 0 0 0 1.379995003342628 0 1.487764328718185 0.240068718791008 0 0 0 0 0 0 0 0 0 1.348700940608978 0 0 0 0 0 0 0 0 0 0 0 0 0 1.40438848733902 0 0.3517088890075684 0 0 0 0 0 0 0 6.635258704423904 0 0 0 0 0.294646829366684 0 0.5346251428127289 0 0.132077768445015 0.1060090437531471 0 0 0.3480586111545563 0 0 0 0.2507980912923813 0 0 0 3.806377559900284 1.280221201479435 1.045108288526535 169.2287770658731 14.50979316979647 197.7188497334719 60.94831000268459 333.69452701509 166.4240429401398 12.118492372334 45.00749749690294 0.3191996216773987 0.8190667480230331 2.717939950525761 0.9580457210540771 0.6400470584630966 0 0 0.3946681171655655 2.381375998258591 0
168.2602777779102 1086.751435726881 0 3.940658703446388 310.7102459445596 0.2953964918851852 32.47945180535316 2440.173248112202 237.6059927418828 4.185107327997684 3138.331063486636 55.6824721544981 364.6080823466182 725.0945005714893 13.02568100392818 1.703661307692528 2.620399586856365 0.2053185924887657 0 0.2603119611740112 2.21380764991045 0.1091085150837898 5.177831545472145 3.204648599028587 17.58381326496601 1.011732697486877 7.430077128112316 0.2830968648195267 0.9202693179249763 1.728064388036728 3515.237478539348 969.7696304544806 26.64732789993286 0 9.067917019128799 12.61537558585405 11.16291126608849 12.02405081689358 1.73188828676939 10.26989232003689 3.697021178901196 0.6003090366721153 0.2500860020518303 2.757075227797031 0 0.8501976802945137 37.00359743833542 7.018527194857597 0.3831207603216171 0 2.224737174808979 0.0978737473487854 0.3289972320199013 0.9324361681938171 6.660354040563107 5.311396554112434 49.01731944829226 750.2058118507266 12.63366074860096 13.31519301235676 60.5765141248703 32.69551260769367 4.438667446374893 116.2796457484365 4.491585120558739 3.304119050502777 4.43191833794117 1.136173024773598 1.185965493321419 3.067030690610409 15.64767989516258 1.441888898611069 0 64.74080662429333 92.01219057291746 17.51252655684948 39.46307254582644 8.590023525059223 323.2416679263115 2241.079959370196 27.17636530846357 812.0939799174666 13.08312226831913 0.09165702015161514 4.933380074799061 8.272212281823158 1.115622594952583 0 1.060531482100487 0.2964243665337563 0.4805394187569618 0 0.4934693723917007 0.2848889455199242 0.8405921757221222 17.59480002522469 0.2170038223266602 0 0.292091079056263 68.7424134388566 0 0 0 0 0.570460706949234 0.7688256949186325 0.5802173167467117 0.5271575748920441 0.3505115211009979 0.2717920541763306 0 2.823452398180962 2.88982354849577 3.201743938028812 3.467437468469143 0.1988370642066002 0 0 0.1561302840709686 0 0 0 0 0 0.216807633638382 0 0 0.3059339076280594 0.131610170006752 0 0 0.2774907201528549 0.5496976673603058 0.2459270879626274 0.1292528510093689 0 0.2971644997596741 0.4532169252634048 0.1223905682563782 3.893067762255669 0.4800797998905182 4.215026058256626 1.675887070596218 0.168842539191246 0 0 0.1924964040517807 0 0 0.3657459691166878 0 0.2035945355892181 0.318216398358345 0.4517875611782074 0 0 1.143439270555973 0 0 0.09491634368896484 0 0 0 0 0.2777163088321686 0.287502333521843 6.31182699650526 0 0 0.1771650314331055 0 0 0 0 0 0 9.485889330506325 0 0 0 0 0 0.4292721599340439 1.666028410196304 0.1462919116020203 0.1057797968387604 0.7507834285497665 0.1208175048232079 0.1016620174050331 0.09945815801620483 0 0 0 0 0 0 0 6.036919422447681 6.156858898699284 4.785272136330605 108.2807885780931 16.4669498950243 95.09791349619627 38.39644671976566 18.88163245469332 84.20978857576847 12.04437827318907 37.56681019067764 2.937640689313412 0.3298594653606415 3.152558363974094 1.408330477774143 0.6011901348829269 0.1719697117805481 0.2255911305546761 0.682313896715641 2.940521560609341 0
1144.491620495915 376.9882991611958 3.940658703446388 0 88.90952542424202 138.1863031685352 510.3182203471661 0.2360645309090614 113.0478824973106 1374.464631080627 0.1055254861712456 227.3764300942421 1607.520172476768 129.6747060567141 1.105382472276688 0 0.1199946850538254 0 0 0 0 0 0 0 0 0 0 0 0 0.1509463489055634 116.9336149990559 3.789315648376942 0 0 0 0 0 0 0 0 0.1228025406599045 0.1096025481820107 0 0 0 0.2430953606963158 18.21027294546366 4.433442085981369 0.3879736065864563 0 1.463640466332436 0 0 0 4.615483850240707 4.247253932058811 31.46421158313751 122.300318390131 6.150378622114658 9.046327106654644 0 0.3778632879257202 0 6.032934084534645 4.936278700828552 2.359904713928699 1.289130784571171 0.3024315759539604 0 0 2.812836140394211 0 0 37.05611258745193 28.48202006518841 7.430769614875317 4.25761590898037 0.5697291493415833 0.1076890304684639 0.634466752409935 0 0.2205650359392166 8.160908810794353 0.5264292657375336 3.353990823030472 3.059264741837978 0.608563631772995 0 0.4162791147828102 0 0.1891279742121696 0 0.2867524027824402 0 0 80.16590385138988 0 0 0 102.1439999341965 0 0 0 0 0 0.2063829451799393 0 0.8205192387104034 1.664287090301514 0.3862610757350922 0 2.574962198734283 1.254388421773911 0.8792833387851715 0 0 0 0 0 0 0 0 0 0 0 0 0 0 0 0 0 0 0 0 0 0 0 0 0 0.8174986094236374 0 0 0 0 0 0 0 0 0 0 0 0 0 0 0 0 0 0 0 0 0 0 0 0 0 0 1.550598233938217 0 0 0 0.1934604197740555 0 0 0 0 0 1.395779825747013 0 0 0 0 0.1396749764680862 0 0 0 0 0.6710435748100281 0 0 0 0 0 0 0 0 0 0 1.177952408790588 0 0.2272384017705917 33.63478759676218 3.679531574249268 60.61843497306108 17.0038498416543 108.2791191115975 65.63252396136522 5.335104167461395 5.857631951570511 1.098900377750397 0 0.4364262297749519 0.2293492928147316 0 0 0 0.1582204699516296 0 0
578.9263406097889 2362.895607791841 310.7102459445596 88.90952542424202 0 64.33326826244593 845.1228489801288 7.331197641789913 4277.06693341583 286.6743113175035 704.2526454553008 10.34456368535757 385.7599375620484 151.4887041375041 11.90349924564362 0.5384765788912773 0.3854559287428856 0.2198986262083054 0 0.4149789437651634 0.335344098508358 0 0.3500249832868576 0.2171696573495865 0.130193755030632 0.9618771523237228 0.1371718943119049 0.4673827141523361 0.5334699526429176 0.09252917021512985 435.2488307803869 19.31652048230171 4.987019017338753 0 0.0922991931438446 0.1056651696562767 1.620091170072556 0 0.9284246563911438 0.5779157131910324 0.5139970034360886 0.4699894934892654 0.2454822659492493 0.853051446378231 0.2218894809484482 0.3376763910055161 126.80556306988 13.0012868270278 1.213012881577015 0.2161030471324921 3.527787417173386 0 0 0.1206386014819145 10.28254781663418 9.771332263946533 49.1994506046176 228.4487949237227 21.49624910950661 45.0830492079258 1.951200567185879 1.422279067337513 0.1111508831381798 69.79041616618633 10.80987695604563 6.705320075154305 9.09401036798954 1.367249108850956 0 0.378333255648613 8.383570127189159 0.48802849650383 0 98.7933294326067 95.1282801553607 58.09826362878084 48.87177553772926 2.455820024013519 1.413355298340321 14.98026405274868 0.9492939487099648 3.425804123282433 25.10941226780415 0.5094240009784698 12.2781123816967 18.75972241163254 1.908684968948364 0.1196053996682167 2.268260531127453 0.2606713771820068 1.580632552504539 0.5717440769076347 0.764321468770504 1.167819291353226 0.7282046973705292 237.8033734709024 0 0 0.3002541661262512 89.28027679771185 0.4139867424964905 1.167693346738815 0.3789576888084412 1.077624768018723 0.8159706443548203 13.82507494837046 1.604589492082596 16.04745192825794 7.505853965878487 7.79296762496233 0.4598184525966644 34.13710705935955 44.32448877394199 25.74551602452993 14.54059199243784 0.8704074025154114 0 0 0 0 0 0 0 0 0.2614576816558838 0 0 0.4489149451255798 0 0 0 0 0 0.1312073469161987 0.6994021013379097 0.2994076460599899 0 0.3608953058719635 0.1335238665342331 7.198437109589577 0.5958526059985161 5.988446086645126 0.2208514362573624 0.1385954916477203 0 0 0 0 0 0 0 0.08108208328485489 3.366738796234131 0.195215106010437 0.4503632038831711 0 0 0.1479655653238297 0 0.1262442171573639 0 0 0.5293170809745789 0 0.1447303891181946 0.3878343999385834 13.16906706988811 0.2905302941799164 0.2285756319761276 0 0.2362604737281799 0.1553746908903122 0.1071813330054283 0.1089466288685799 0 0 51.67794379591942 0.6785590052604675 0 0 0.2091927379369736 1.774158492684364 0 1.152841985225677 1.338156029582024 1.913807675242424 2.600782036781311 0.1334773451089859 0.810659646987915 0.4306725114583969 0 0 0 0 0 0 0 32.36312711983919 8.189214132726192 4.35962587594986 390.6465140655637 40.12612506747246 347.8228682428598 135.3032368347049 178.9258420914412 176.2113592401147 22.90202844887972 119.41010748595 7.311828799545765 0.6787310317158699 4.952696613967419 3.037620805203915 2.270665362477303 0.381239153444767 0.7029256224632263 0.9547868892550468 9.097887687385082 2.162907838821411
0.9234398305416107 41.80673113465309 0.2953964918851852 138.1863031685352 64.33326826244593 0 161.8992950469255 0 89.14317373931408 886.8756659552455 8.614864870905876 496.1273572444916 314.9121600687504 142.2901713848114 0 0 0 0 0 0 0 0.7309327572584152 0 0 0 0 0 0 0.2005395740270615 0 15.77907544374466 0 28.49348664283752 0 0 0.3371126353740692 74.59903426468372 0.6305311620235443 15.82442562282085 1.067011781036854 0 0 0 0.2018220871686935 0 0 2.803766697645187 0.9862989336252213 0 0 0 3.030708186328411 0 0 1.084534764289856 0.1555167138576508 213.9244220405817 103.5068282186985 2.920036368072033 1.221255630254745 0 4.813359051942825 0 1.059549480676651 0.5983148589730263 0.3159576877951622 0.7193402275443077 0.2494212239980698 0.5083485022187233 0 275.637543156743 109.8179828077555 5.805311717092991 13.48089545965195 8.098722144961357 0.7511380314826965 0 0.4775982946157455 0 21.26665012538433 0 0 1.058973670005798 0.9856829196214676 0.8007133454084396 1.386142186820507 0 5.290938146412373 1.390739046037197 5.791118614375591 0.1284446269273758 0.4444577544927597 0 0 0 684.9361020028591 80.78965222835541 7.202631592750549 37.2376000136137 882.0419556796551 0 0 0 0 0 0 0 0.2151508629322052 0.1092326790094376 0 0 0.1743008941411972 1.107866033911705 0.1427430361509323 0.6651815474033356 0 0 0 0.204231396317482 0 0 0 0 0 0 0 0 0 0 0 0 0 0.1219956949353218 0 0 0.1857935786247253 0 0 0 0.9297768920660019 0 0.8883133828639984 0.5904102623462677 0 0 0 0 0 0 0 0 0.2821703553199768 0 0 0 0 0 0 0 0 0 0 0 0 0 0 0 0 0 0 0 0 0 0 0 0 0.7189570665359497 1.652068495750427 0 0 0 0 0 0 0 0.228738084435463 0 0 0.2519206404685974 0 0 0 0 0 0 0 0 0 0.417882889509201 1.665377706289291 3.420700363814831 2.293723583221436 9.719997130334377 3.003178596496582 448.6124820560217 38.68785457313061 0.7990413457155228 1.31618620455265 0.4577210545539856 0 0.1160011067986488 0 0 0 0 0 0 0
1064.402324385941 1700.502483665943 32.47945180535316 510.3182203471661 845.1228489801288 161.8992950469255 0 3.895837984979153 422.2765665575862 1002.219067722559 82.20193201303482 22.0926347002387 1075.667086407542 31.65155064314604 15.37518770992756 0.1736805289983749 0.3869426026940346 0.5434110835194588 0 0 0 0 0.1018187925219536 0 0.2557334303855896 0.3713207766413689 0.2384840399026871 0 0 0.238504946231842 376.2661164402962 19.86372939497232 3.105541720986366 0 0.0744745284318924 0.1762416362762451 2.465379983186722 0.6175867021083832 0 0 0.9467624947428703 0.8130107820034027 0.6118952333927155 0.102550595998764 0 0.5596198812127113 172.460136026144 22.19734057039022 2.85327573120594 0.5530102625489235 4.378639653325081 0 0 0.495474249124527 17.34858946502209 19.64850449562073 105.1575670465827 450.5730431973934 42.81466806679964 72.46081385016441 1.33452346175909 2.198451280593872 0.1154922917485237 90.79858163744211 16.42908992618322 13.6336776688695 13.78108387440443 1.719168432056904 0.2697407156229019 0.6172573417425156 9.265251487493515 0.3693912625312805 0 193.5381286516786 165.5797935053706 99.86435053497553 50.8654303252697 2.824366986751556 1.093749329447746 16.19526432454586 0.7983928099274635 3.893567807972431 45.72756690531969 1.27530524879694 18.4826884418726 35.04441669583321 4.443847924470901 0 5.085734874010086 0.2877029329538345 1.186343111097813 0.4450201541185379 0.5168514400720596 0.8762784004211426 0.8335889428853989 404.6232587769628 0.1849768310785294 0 0.2459344118833542 211.6257082149386 0.09265629202127457 1.097470968961716 1.416575059294701 0.8774102404713631 1.164441972970963 21.91821147501469 0.5618637353181839 17.79493158310652 9.421765327453613 10.35698870569468 0.5380619540810585 41.57938606292009 57.19304239749908 39.10675002634525 21.935392819345 0.4018666222691536 0.124771811068058 0 0.253186970949173 0 0 0 0 0.6233851239085197 0 0 0 0 0 0 0 0 0 0 0.6096966043114662 0.5724281445145607 0 0.3394776880741119 0.2567728757858276 10.20659151673317 0 4.75834146887064 0.9175070226192474 0 0 0 0.156218558549881 0.352243959903717 0.165906235575676 0.1606011390686035 0 1.180751204490662 4.535608522593975 0.4560018628835678 0.4654018580913544 0 0 0 0 0.6410549432039261 0.1068142876029015 0.5107952952384949 1.261950761079788 0 0 0.1582834720611572 12.79144116491079 0 0.467750072479248 0.3540245294570923 0.2892962023615837 0.1121093258261681 0 0.2077700719237328 0 0 75.74643600732088 0 0 0 0 2.632522433996201 0.6859323531389236 2.460012286901474 1.564537830650806 3.814004383981228 3.382662482559681 0 2.313259832561016 0.5388232842087746 0 0 0 0.09918900579214096 0 0 0 33.82368271052837 12.39109552651644 9.203351557254791 485.2096552476287 48.66933265328407 529.4350914731622 168.6070302724838 431.6056438907981 337.2012094631791 32.92767835408449 140.930921792984 10.44455350190401 0.9245414063334465 10.68615896254778 3.135889500379562 8.053729876875877 2.338625319302082 0.429729625582695 1.644330009818077 4.252120465040207 0.6039312183856964
22.08058540523052 119.9662777930498 2440.173248112202 0.2360645309090614 7.331197641789913 0 3.895837984979153 0 539.8378401920199 1.330054350197315 540.7920032069087 19.20201942324638 296.0590654462576 835.8969975411892 34.80852873623371 2.750227555632591 3.214553117752075 0.1198227554559708 0.1942590922117233 1.409416899085045 14.27001925557852 0 16.99461361020803 11.90603398531675 22.92952931672335 3.899360731244087 9.826033808290958 0.6838580891489983 0.5809904485940933 3.31970426440239 567.0836955085397 2007.048960611224 17.58592740446329 0 17.45520859956741 19.63158590346575 15.59812192618847 9.903381079435349 1.243101418018341 5.582265764474869 10.10145264863968 4.936075426638126 2.444166794419289 7.707909673452377 0.7682646214962006 8.735157132148743 152.8988047018647 6.72589186578989 1.486299768090248 0.8259207233786583 5.037674203515053 0.1360448002815247 0.3879923969507217 0.4926799088716507 4.818035393953323 6.078859277069569 22.11461387574673 201.4091559350491 10.46556545048952 25.13582814484835 510.1448950022459 55.69898031651974 31.12139043956995 247.0100111216307 5.646501109004021 4.562418878078461 5.922632716596127 1.831074588000774 7.446187578141689 25.27457027882338 11.81014993786812 0.7874975949525833 0 51.87694955617189 72.6992093026638 55.23218514025211 207.8217807039618 51.2925441712141 818.8517544418573 999.2090272903442 647.0311492532492 2505.957356311381 11.08200776576996 0.2139559239149094 6.072917506098747 10.71086065471172 3.209120832383633 0.08449866622686386 1.355981677770615 0 0.9043286219239235 1.221555463969707 8.070861496031284 2.013296209275723 3.195877492427826 9.69472798705101 0 0 0.6019487231969833 14.2472877278924 0 0 0 0 0 0 0 0.1416130661964417 0.1542579978704453 0 0 1.008479326963425 1.429444074630737 1.285075500607491 0.2635480687022209 0.1323829144239426 0.3855340927839279 0 0.3101628720760345 0 0 0 0 0 0 0 0 0 0 0.1321360617876053 0 0.4804768860340118 0.4455403834581375 0.1419155150651932 0 0 0.2270905524492264 0 0 0.5922701731324196 0.7374707460403442 2.075228452682495 1.495387181639671 0.7351718991994858 0 0 0 0 0 0.5258932411670685 0 0 0.4827471747994423 0.1853407323360443 0 0.1697341352701187 1.36951158195734 0.1191909909248352 0 0 0 0 0.1435480564832687 0 0.1879867166280746 0.7078994065523148 0.611291766166687 0 0 0 0 0.1386287361383438 0 0 0 0.3075087368488312 3.131631158292294 0 0 0 0 0 0.1683427691459656 1.27099871635437 0.4109598100185394 0 0.1726599931716919 0 0.2163527607917786 0 0 0 0 0 0.348613828420639 0.1763054132461548 0 1.425155341625214 2.32524174451828 1.711061164736748 220.3098029270768 26.77181684970856 277.2817321717739 114.2345329225063 33.70443241298199 78.05672267079353 9.26705826073885 133.9946500882506 3.330499872565269 0.7461677268147469 1.677936524152756 0.6258587688207626 0.8042150139808655 0.1416257917881012 0 0.8876794725656509 6.256319843232632 0.827496126294136
122.3125927075744 1564.277181178331 237.6059927418828 113.0478824973106 4277.06693341583 89.14317373931408 422.2765665575862 539.8378401920199 0 404.6759863048792 2256.768542423844 15.42413911223412 386.0263355523348 98.96445219218731 15.30348189175129 0.1329992264509201 0.4340579435229301 0 0.1388690918684006 0.1085802316665649 0.1984382569789886 0 0.0974588617682457 0.4743275046348572 0.5558330938220024 0.5396908298134804 0 0.3351227790117264 0.7337689101696014 0.1336459070444107 228.7266432493925 25.74284376949072 11.94338627159595 0 0 0.3076073229312897 8.854110114276409 0.3477679714560509 0.8254291117191315 0.1162184551358223 0.3705952167510986 0.3675091937184334 0.1574234068393707 0.1351392418146133 0.3218260705471039 0.361284926533699 133.5427044704556 9.077682822942734 2.057768665254116 0 2.570182912051678 0 0.1107826307415962 0.8363363295793533 8.014300972223282 9.320072539150715 44.87982658296824 135.9100703522563 18.83575511723757 35.06238589435816 1.232388906180859 4.568614520132542 0.4180765450000763 58.79133433848619 6.784057892858982 7.482133209705353 5.010619312524796 0.5846429839730263 0.1205950379371643 0.8398816883563995 16.35492374002934 0.8173794746398926 0 82.51180014759302 59.36914771795273 58.58352899551392 63.5829908773303 3.018223315477371 0.5893985480070114 37.40338642150164 1.929112292826176 4.585080109536648 17.77099978923798 1.013130851089954 7.383256927132607 12.44761504977942 1.305276930332184 0 1.139726467430592 0 0.3854381218552589 0.3748743832111359 1.092573523521423 0.8589498698711395 0.8001813590526581 484.4553601890802 0.5674697160720825 0 0.6131384074687958 59.07775582373142 0 0 1.340728729963303 5.910396598279476 1.885291047394276 31.48274081945419 0.5698013156652451 25.37237099558115 13.99050862342119 12.28984601795673 0.7137971371412277 61.86103553324938 91.79050623625517 61.2487965375185 41.10700511932373 1.045212924480438 0.5803912431001663 0 0 0 0 0 0 0 0 0 0 0 0 0.118332751095295 0 0 0 0 2.541954874992371 1.242917776107788 0 0 0 24.84721809625626 0.2394895553588867 17.71166432648897 2.004860378801823 0 0 0 0 0 0 0.3711283802986145 0 2.325935676693916 5.804527096450329 0.8677163571119308 0 0 0 0 0.1423682570457458 0.5864890739321709 0.1034722700715065 0.1734253317117691 3.894919283688068 0 0.2725722789764404 0.1365461647510529 30.14562759548426 0.1375389397144318 0.804039791226387 0.4221080169081688 0.1189213469624519 0.5504708141088486 0.211664043366909 0.1472590416669846 0 0.2937901616096497 119.9067009091377 0.184100553393364 0 0 0.5619884878396988 1.621844276785851 0.9512375593185425 4.420667052268982 3.697214245796204 6.773811511695385 5.707585535943508 1.226042971014977 0.5214830711483955 0.5798268765211105 0 0 0 0 0 0 0.1801169663667679 63.24938660115004 26.76051839441061 14.1640959829092 613.4750728160143 43.41866438835859 409.5091353282332 162.0694111138582 209.3813708275557 135.7705992758274 14.92679364234209 207.0516633689404 9.298687003552914 1.102951973676682 15.67381256818771 3.4030587002635 6.850178249180317 2.784018293023109 0.4277873858809471 4.449376806616783 9.962011024355888 0.6975429058074951
1991.973900303245 749.4669946208596 4.185107327997684 1374.464631080627 286.6743113175035 886.8756659552455 1002.219067722559 1.330054350197315 404.6759863048792 0 14.05744598805904 2343.079655438662 7365.431064672768 1875.208817258477 5.483496874570847 0 0.3242274820804596 0 0 0 0 0 0 0 0 0.1447886824607849 0 0.2376032024621964 0 0 270.294572211802 3.191622823476791 11.09851459413767 0 0 0.2981758117675781 16.09204030781984 0 0.1116670742630959 0 0 0 0 0.2457398176193237 0 0 64.1527838036418 16.33674509078264 0.7275479584932327 0 3.347182862460613 0 0 0 19.76935685425997 16.07439932227135 165.8779642507434 503.0430235788226 32.2436013892293 34.61083081364632 0.6224140524864197 1.443129181861877 0.1367083191871643 20.09643460065126 12.82087194174528 6.64762644469738 7.627945654094219 1.190765105187893 0.1072224080562592 0 166.0679858699441 0.2411275953054428 0 148.9175082743168 123.6408227086067 34.15897357463837 8.755619771778584 0.4521158263087273 0.4701821804046631 22.74240025877953 0.441095732152462 1.550038516521454 34.21606072038412 0.4654639065265656 12.67943234741688 19.25597284734249 2.973100297152996 0.1226914077997208 1.32905986905098 0 0.5736637115478516 0.1514583081007004 0.6648071706295013 0.233210913836956 0 683.0131009295583 0 0 0.3764531314373016 1005.706455409527 0.114770919084549 0 0.2998969182372093 0.9978109300136566 0.4489367678761482 14.28696864843369 2.365209221839905 12.06758400797844 8.765662252902985 5.976878985762596 0.5079204514622688 23.80433582514524 34.96657756716013 21.459621950984 12.24864252656698 0.3104533404111862 0 0 0 0 0 0 0 0 0 0 0 0 0 0 0 0 0.1736553609371185 0 0.1239116862416267 0 0 0 0 3.408392086625099 0.2320193201303482 2.122486487030983 0.1799080669879913 0.5799654349684715 0.4824510216712952 0 0 0 0.1102477237582207 0 0 0.233772024512291 1.651347637176514 0 0.1737433820962906 0 0 0.1148060336709023 0 0 0 0 1.24731083214283 0 0 0 7.160965383052826 0.372002050280571 0.4842060506343842 0 0 0 0 0 0 0.2514699399471283 34.48850058019161 0 0 0 0.09732834249734879 1.260063089430332 0 0.6106470972299576 0.3574422001838684 2.969785995781422 0.8626879155635834 0.1669079214334488 0.6857052147388458 0.5194392651319504 0 0.0887027308344841 0 0 0 0 0 17.82744319736958 6.036354631185532 4.702144131064415 121.2098200768232 19.10505404323339 228.6401699781418 68.67841029167175 1092.033832348883 325.7083793878555 20.11172878742218 26.37251657247543 1.828027352690697 0.5219418257474899 3.257022857666016 1.567286014556885 1.82871712744236 1.945797003805637 0.4668963253498077 0.8837067484855652 1.294207006692886 0.5538569688796997
190.3366445228457 1507.407256998122 3138.331063486636 0.1055254861712456 704.2526454553008 8.614864870905876 82.20193201303482 540.7920032069087 2256.768542423844 14.05744598805904 0 48.09503158926964 1647.07533223182 3332.847973503172 23.8764843121171 1.35542756319046 1.691125869750977 0 0 0.6384701281785965 2.119903743267059 0.1529904305934906 0.9964313432574272 0.6442226022481918 8.390158571302891 1.82775516808033 2.813197866082191 0.2361429780721664 1.76909127086401 1.248727694153786 838.5433480739594 322.479992300272 279.6650637835264 0 3.872875094413757 20.88845126330853 85.25471858680248 22.6729431822896 7.71015177667141 21.56946782022715 0.8258229792118073 0.4456668272614479 0.1211012229323387 1.336133651435375 0.1022526100277901 0.2746945321559906 119.5057177767158 9.434718437492847 1.255080118775368 0 2.818590469658375 0 1.6640605032444 0 6.410578422248363 10.56788641214371 44.85136076807976 282.5528623759747 19.4626334682107 41.09470370411873 13.48836809396744 26.02451737970114 0.3942577913403511 75.63444937765598 8.146107241511345 5.90997302532196 6.443454310297966 1.184794545173645 0 0.7288775146007538 123.8117242679 5.769660919904709 0.09409799426794052 76.27032734453678 84.04428397119045 54.80307603627443 74.4016834422946 7.231871783733368 6.458450302481651 267.361066184938 4.350743465125561 53.03731810301542 16.68137088418007 0.3509398624300957 7.753598123788834 14.59552291035652 2.709741652011871 0 1.812743350863457 0.3640763014554977 0.7329500615596771 0.3172502666711807 1.080189779400826 0.2601879611611366 0.1103857234120369 156.7896780520678 0.7252201437950134 0 0.3000717461109161 49.69487104564905 0.1087588593363762 0 0 0.1777189970016479 0.3404902368783951 5.05225570499897 0.8575474619865417 3.96424426138401 1.703080713748932 1.79400435090065 0 6.345057561993599 14.66708023846149 13.25206743180752 13.95752247422934 0.2888812571763992 0.209262877702713 0.1432952433824539 0.3281451910734177 0 0 0.1543285846710205 0 0 0 0 0.1832398176193237 0 0.1251920461654663 0 0.1522872298955917 0.9842398762702942 0.7220540791749954 0.1399614661931992 0.4867577403783798 0.3875615894794464 0.4832984060049057 0.1839032173156738 0.1694393903017044 7.267952173948288 0.338808611035347 8.155819371342659 2.200173035264015 0.7943762466311455 0 0 0.1491077244281769 0 0.1718338131904602 0.6271491199731827 0 0.8664480745792389 4.068410739302635 0.1297096163034439 0 0 1.045545056462288 0 0 0 0.1240683197975159 0 0 0 0 1.400038182735443 13.41040531545877 0 0.599137544631958 0.1066451147198677 0.2580981850624084 0.0946224108338356 0 0 0 0 42.98332913964987 0.2805986106395721 0 0 0 0.6482035368680954 0.9962577670812607 3.000587314367294 0.3644853681325912 3.094338327646255 3.991398364305496 0.2316120266914368 0.4897509515285492 0 0 0 0 0.2401857301592827 0.251838892698288 0 0 30.18640735000372 16.38946221023798 10.5790900439024 445.587767906487 41.07604074478149 315.479095891118 131.1673991307616 68.43251547962427 132.4592944458127 17.70240072906017 184.2012325525284 8.748996533453465 0.2256253287196159 7.267303675413132 1.735047794878483 2.84429594874382 1.278273679316044 0.3721006289124489 2.45265407115221 10.03382840007544 0.4632339254021645
4.127077624201775 8.492729932069778 55.6824721544981 227.3764300942421 10.34456368535757 496.1273572444916 22.0926347002387 19.20201942324638 15.42413911223412 2343.079655438662 48.09503158926964 0 4628.80685377121 1125.11296325922 3.818736001849174 0.3096166700124741 0.3050674051046371 0 0 0 0.1745358407497406 0 0.6225750744342804 0.6124089956283569 0.9620529040694237 0 0.8714958727359772 0.1752475947141647 0.1640029847621918 0 13.04731491953135 7.029755331575871 48.34019599854946 0 0.1474665552377701 3.042917862534523 87.43211969733238 2.131016790866852 1.738309994339943 5.75661163777113 0.3484651446342468 0 0 0 0 0 22.23456174135208 1.04964080452919 0.3507874310016632 0 0.307446300983429 0.1865123361349106 0 0 0.7344619333744049 0.8850760385394096 8.00188584625721 13.66128351539373 5.363783523440361 3.528083898127079 2.754189342260361 1.844156458973885 0 4.197099044919014 0.7479999288916588 0.2926511168479919 0.5005080848932266 0.1415147930383682 0.355810135602951 0 378.9419710338116 4.197887554764748 0 8.548956729471684 6.034747056663036 5.481300555169582 7.787370190024376 0.2475485652685165 0.1418798714876175 61.83176306635141 0.2002583295106888 6.812502577900887 0.9458856135606766 0 0.3192323595285416 1.040077663958073 0.2331196591258049 0.1006018593907356 0 0.1326426267623901 0 0 0.3463209792971611 0 0.1259050667285919 1864.081519447267 6.437057077884674 0 2.970765054225922 59.14381109178066 0.9746273681521416 2.301363259553909 1.882413543760777 3.230662569403648 3.627506829798222 30.82419945299625 2.909200079739094 30.43464781343937 12.71883607655764 16.31723061949015 1.306375205516815 72.29559501260519 113.254770629108 96.33521420508623 65.71790815889835 0.1305447667837143 0.9024348258972168 0 0.2739459127187729 0 0 0 0 0 0.1529832631349564 0 0 0.1453020125627518 0.4286415576934814 0 0 0.806454673409462 0.8578607141971588 0 2.884262166917324 0.7242846339941025 0 0.1893793344497681 0 43.33155442029238 1.408661708235741 28.42375894635916 2.573627769947052 0.9911252856254578 0 0 0.3348712623119354 0 0.3520424962043762 0.3303016722202301 0 2.381176106631756 9.287559516727924 0.7484217137098312 0.5223601683974266 0 1.0358597189188 0.1789553761482239 0.09936706721782684 0.1996769160032272 0 0.9759557247161865 3.873792544007301 0 0.1585849821567535 1.015508189797401 51.09746494144201 0.2626662477850914 1.622781008481979 1.073392599821091 0.3531907498836517 0.3595069125294685 0.1162574961781502 0.1398074626922607 0 0 189.4026542380452 0.2676002979278564 0 0 0.4405688643455505 2.894049286842346 0.7696840465068817 6.250489711761475 5.304042220115662 11.49387755990028 7.32510307431221 0.4283351451158524 1.437501728534698 1.584292836487293 0 0 0 0.1092480421066284 0 0 0 117.1450649276376 57.24953410029411 36.757842220366 156.0595282837749 7.082085199654102 66.96994332969189 31.90731587260962 165.2581881731749 24.92910943180323 1.546070665121078 52.20068212598562 11.96350291371346 0.4908390641212463 24.08464044332504 3.239500440657139 7.560620792210102 2.686942636966705 0.1467395424842834 7.20041298866272 1.021319195628166 0.2802202105522156
158.4680882170796 406.7207549437881 364.6080823466182 1607.520172476768 385.7599375620484 314.9121600687504 1075.667086407542 296.0590654462576 386.0263355523348 7365.431064672768 1647.07533223182 4628.80685377121 0 1308.052271194756 17.50177945196629 0.7983702719211578 1.604726314544678 0.1279515027999878 0.1508345454931259 0 0.9141152799129486 0.4301251769065857 1.038213849067688 0.9899555072188377 3.594359219074249 1.500094994902611 0.9414257854223251 0.8220662474632263 0.6239356994628906 0.9128629863262177 135.6782978996634 38.77010804414749 232.5274782776833 0 0.2473534792661667 25.65327693521976 115.2382795959711 14.53615571558475 128.506677672267 44.92166502773762 1.828579604625702 0.8124487325549126 0.1221549734473228 0.6585298180580139 0.1382093727588654 0 130.4903498888016 7.348570756614208 1.069480136036873 0.2410859763622284 2.761899687349796 2.718434616923332 13.42100264877081 0.3036589622497559 4.108535580337048 5.751693226397038 40.70825653523207 97.96399827301502 15.01609620451927 26.92562015354633 5.904331803321838 9.393011569976807 0 46.12103649228811 5.207178488373756 3.516245491802692 4.000633157789707 0.8418070524930954 0.339095264673233 1.640137612819672 336.1868447810411 100.3893711045384 0.8198165893554688 56.84994855523109 43.75221602618694 39.49716567993164 63.13056720793247 4.927325055003166 1.33785130828619 232.9908741414547 2.89084754884243 23.37037113308907 13.87427575141191 0.6188751608133316 6.377805709838867 8.691675148904324 1.296136066317558 1.873193398118019 2.31918453425169 2.233907967805862 0.1361540406942368 0.4421866536140442 1.134524032473564 0.3083838075399399 0.5597035735845566 3157.089216612279 65.40408435463905 12.76301044225693 87.61810830235481 105.9634254425764 0.566313236951828 0.8407431691884995 2.03185598552227 7.341576889157295 3.980559729039669 58.05187931656837 6.951005682349205 51.8379834741354 28.84460631012917 32.1101772710681 2.166111081838608 115.0122768580914 177.7815728858113 114.4978709444404 103.0938038751483 3.281260162591934 1.673123136162758 0 0.3695562928915024 0 0 0 0 0.133980005979538 0 0 0 0.6507367789745331 0.314644455909729 0.1828467696905136 0 0.7984848096966743 1.02273191511631 0.7082136422395706 4.544563047587872 1.965188644826412 0.6232250779867172 1.736055374145508 0.3291455209255219 66.17096144706011 5.563274443149567 73.06019371002913 13.03305769711733 1.005082935094833 0.4705104827880859 0 0.1660910844802856 0 1.07293826341629 1.496154591441154 0 7.617719769477844 19.45092196762562 1.690326288342476 0.832565113902092 0.2893933951854706 2.393848285079002 0.365461990237236 0.6209951192140579 0.4287886619567871 0.2388087958097458 0.545080155134201 8.501257345080376 0.6959823071956635 0.9052846431732178 2.07304123044014 94.93371454626322 0.4158555120229721 4.338107645511627 1.186519347131252 0.3063106313347816 0.6743238121271133 0 0.2040636241436005 0 0.4802958965301514 354.6573621556163 5.232203185558319 0 0 0.4423454105854034 8.399704992771149 5.828109756112099 18.47655874490738 7.51341924071312 22.15749613940716 12.23693950474262 3.900824211537838 4.519637145102024 2.219310663640499 0 0 0 0.3217890411615372 0.3158634305000305 0 0 218.8923627138138 118.3315333500504 77.1109114587307 657.5775997936726 57.60545076429844 353.9495118632913 154.6600741446018 339.8011696487665 130.5705926865339 14.66704902797937 260.33266235888 25.91983349621296 2.320108808577061 42.13730572164059 6.099272809922695 21.38214680552483 8.055284485220909 0.702142022550106 8.152344793081284 12.32404458522797 2.797218143939972
68.24485372751951 425.428592428565 725.0945005714893 129.6747060567141 151.4887041375041 142.2901713848114 31.65155064314604 835.8969975411892 98.96445219218731 1875.208817258477 3332.847973503172 1125.11296325922 1308.052271194756 0 27.41652659326792 0.8862957060337067 1.527782581746578 0.1365494132041931 0.2665486261248589 0.1302186101675034 0.3312809318304062 2.962188251316547 1.365207865834236 1.389213182032108 15.98657839000225 2.129197150468826 4.582562059164047 0.7105343043804169 2.857027471065521 2.429768599569798 243.2517610043287 82.44909406453371 365.0091325268149 0.3628353849053383 2.962598770856857 67.10557725280523 1019.815136350691 49.70117974281311 36.66603653877974 93.05979963392019 1.897649198770523 1.96054570376873 0.4014165699481964 1.465089872479439 0.1165308356285095 0.230558380484581 157.739205531776 8.558256037533283 1.804074883460999 0.1238920837640762 3.822823114693165 1.960367046296597 4.976525045931339 0.658475786447525 5.392211191356182 7.59517927467823 32.93848447501659 126.4509620442986 18.68752752989531 29.77116238325834 12.97851592302322 33.67657350003719 0.1526269316673279 57.51309359818697 5.685833975672722 4.316103041172028 5.029441826045513 0.8196813315153122 0.664625346660614 1.18784062564373 553.151068136096 22.34689559042454 0 64.85623865574598 57.68751955032349 49.59321853518486 79.62558525800705 5.526304997503757 1.499664813280106 561.2664546892047 5.32785127311945 61.40477122366428 14.07523718476295 0.5923613905906677 7.102500200271606 10.74126636236906 1.691928341984749 1.242853984236717 1.94746795296669 1.547398254275322 0.5634943768382072 0.1123770549893379 2.504716567695141 1.271955899894238 0.2611711099743843 1617.111832939088 5.195507541298866 2.291666842997074 5.903400018811226 60.2218410000205 0.9977420791983604 0.1230025961995125 3.10022959113121 7.023219928145409 4.990692600607872 50.95607028156519 4.276811853051186 41.50162127614021 19.59722229093313 23.52946243435144 1.279311589896679 94.75474202632904 156.2818391695619 113.9531794637442 100.4129228368402 2.42343994230032 1.393990471959114 0 0.4414211511611938 0 0 0.4919384121894836 0.5228940919041634 0.8289900124073029 0.3106714263558388 0 0.2372127324342728 0.6863064169883728 0.2464060708880424 1.036792665719986 0.1278824061155319 1.735082037746906 4.625396609306335 0.9187931716442108 5.062838330864906 2.337704509496689 0.5479398518800735 0.8086777627468109 0.2036060839891434 59.83884521573782 5.339538216590881 50.33952830731869 10.43695538491011 3.399182610213757 1.159549728035927 0.2703332453966141 0.2962357848882675 0 0.7761417627334595 2.484279774129391 0 6.171857409179211 18.75510495901108 1.254518136382103 0.8079770430922508 0.2951902747154236 4.308518789708614 0.6520480364561081 0.08865246921777725 0.1627325862646103 0.3946846425533295 1.040337771177292 5.245757929980755 0 0.6516109704971313 1.154936611652374 87.67689391225576 0.4916755706071854 1.789062708616257 0.9278094545006752 0.09343339502811432 1.127953998744488 0.3640776574611664 0.5081650093197823 0 0.3017549514770508 306.0642543435097 1.37817557156086 0 0 0.4790166392922401 8.25196198374033 5.765587374567986 16.27959084510803 6.721509210765362 17.0363509953022 11.39032170176506 2.18491393327713 4.626688398420811 2.554960988461971 0 0 0 0.09857569634914398 0.1035260558128357 0 0 170.8976381719112 92.20440153032541 57.57886860519648 867.7706968784332 59.60345081239939 457.7253798656166 190.5669614374638 231.0719135180116 131.5778857693076 16.5841209217906 330.600774563849 26.12672753632069 2.227508962154388 36.01462500542402 7.37482088804245 18.16320864856243 4.420296125113964 0.1376757770776749 12.76101649552584 15.510812073946 2.061322644352913
