0 5183.713770851493 800.5657785311341 2694.761422425508 1826.014021135867 182.8567744344473 997.9302231222391 37.23488064110279 206.5386313796043 1956.897569000721 431.3246806338429 323.3840334117413 486.2119065225124 151.4849309027195 4.593341641128063 1.650933392345905 0 0.1524071246385574 0 0.2602271735668182 0.1189355701208115 0 0.1444249004125595 0 0 0 0.1755028963088989 0 0 0 2052.881602562964 4.684087447822094 22.18005988001823 0.143182635307312 0 0.3563920259475708 22.64127251505852 0.403110533952713 1.67196498811245 0 0 0 0 0.2353499531745911 0 0.2192273736000061 17.96441619843245 1.146108970046043 0 0 0.1351548433303833 1.066093415021896 0.1019943431019783 0 2.323382794857025 2.422069534659386 261.5071540996432 546.9416432082653 20.61999025940895 5.26312942802906 0.09749268740415573 3.765196681022644 0 9.158138424158096 0.6223688498139381 0.2879963368177414 0 0.1246622502803802 0.3549385666847229 0 64.71790682524443 20.00602470338345 1.418194964528084 113.7619898766279 28.02144026756287 9.483156800270081 8.106628112494946 2.763141512870789 2.493690356612206 35.27229303121567 0.2243158742785454 3.787574805319309 1.815524816513062 0.1817332208156586 0.3278750106692314 0.5204791277647018 0 0.3620733171701431 0.2031225115060806 1.850328832864761 0.176263689994812 0 0.2921635210514069 0 0.2246640175580978 286.3545178249478 10.10330633819103 1.535805612802505 1.446863368153572 824.3498019278049 0.142140731215477 1.314467385411263 0.7164928168058395 1.221029922366142 0.8806705474853516 3.873281106352806 4.431044012308121 4.184553623199463 69.6369861215353 9.379935681819916 1.320600554347038 12.5361243635416 20.39484462141991 15.58792170137167 3.211961552500725 0 0.2143241614103317 0 0 0 0 0 0 0 0 0 0.8191516995429993 0 0 0 0 0 0 0 1.17432839423418 0 0 0 0 3.725769028067589 0.4767069816589355 0.7427237629890442 0.6328194141387939 0.3562389612197876 0 0 0 0 1.491259694099426 0 0 0 1.462939187884331 0.1368938535451889 0 0 0 0 0 0 0 0 0 0.2992020547389984 0 0 6.986915320158005 0 0 0 0 0 0 0 0 0 13.45724372565746 0 0 0 0 1.006335705518723 0 0.9193517863750458 1.404936462640762 0.4786448329687119 0.09836816787719727 0 0 0 0 0 0 0.2279047220945358 0 0 0 8.406846895813942 0.4088568091392517 5.165356203913689 179.4499106928706 8.245520733296871 31.49200534075499 5.726477742195129 738.1128606423736 7.668782979249954 1.329496674239635 12.81874389946461 16.51284098625183 0.2560046389698982 1.507503136992455 0 27.61518023908138 0 0 0.5423749089241028 137.400029361248 0
5183.713770851493 0 873.448437936604 1119.235914856195 3345.51461173594 55.82695282995701 3516.713792271912 162.3355465829372 994.5762684643269 326.6516971364617 485.9984628856182 68.15144343674183 427.9672410264611 435.2822786644101 11.94134294241667 3.931495621800423 0.5601417124271393 0.3334068059921265 0.1150484532117844 0.2897028475999832 0 0 0.7679247260093689 0.1003113836050034 0.1794010773301125 0.1289258450269699 1.117275819182396 0 0.4242454618215561 0 4479.101005472243 77.71958763152361 30.33712854981422 0.5021642223000526 0.5074939131736755 0.2541458904743195 24.20786695182323 0.6306460499763489 4.599471881985664 1.70680246502161 0.145398885011673 0.08901854604482651 0.2266597077250481 1.949197292327881 1.221651889383793 0.8903208673000336 160.7388378456235 10.14988534897566 0 0.338221438229084 0.3436188772320747 0 0.323080375790596 0.1299091577529907 18.68194422125816 13.72354251146317 201.6444779485464 743.0041238591075 41.05206163972616 83.45641761273146 3.386513881385326 5.497071489691734 1.150613330304623 222.5419080629945 9.533448942005634 3.709665149450302 1.883699081838131 1.060723714530468 0.5384874865412712 0.1665715277194977 31.6827576905489 4.878162115812302 0.1230315789580345 799.8138718977571 309.0909690335393 129.3017442151904 80.39951109886169 13.85121966153383 23.32427220791578 82.29473067820072 2.187866732478142 19.75929513573647 40.26414073258638 1.203010082244873 7.027552634477615 12.65458699315786 0.9246576726436615 0.6641469076275826 1.311192147433758 0 0.3648963570594788 0 0.2173917815089226 0.4353295639157295 0.1520403623580933 62.13109970092773 1.481209732592106 0 5.574613004922867 521.8346055299044 0 0.1930253505706787 0.8581274300813675 0.4311681538820267 0.5580259412527084 4.711689457297325 1.997689187526703 0.302984431385994 55.25425371527672 5.888511463999748 0.5058162212371826 6.852981485426426 16.10282996296883 10.73326105624437 3.149074286222458 0.4168995916843414 0.4290716052055359 0 0 0 0 0 0 0 0 0 0 0.1271687299013138 0 0.498406320810318 0 0 0 0.2704452872276306 0.895763635635376 0 0 0 0 2.631995171308517 0 2.785111531615257 1.186366513371468 0.2661437690258026 0 0.1323145627975464 0 0 0 0.1959836632013321 0 1.037545561790466 0.2061801701784134 0 0 0 0.1138520017266273 0 0.1611038446426392 0 0.07466571778059006 0 0.7756446599960327 0 0 0 9.865131333470345 0 0 0 0.080946184694767 0.08478704839944839 0 0 0 0 13.78802651911974 0.8429316878318787 0 0 0 1.76538211107254 0 2.374024301767349 1.581469923257828 0.6100029274821281 0 0.2529357969760895 0 0.2208980023860931 0.1025541573762894 0.113767147064209 0 0.08796965330839157 0 0 0 5.553347066044807 1.858407959342003 2.879539772868156 314.5924611240625 18.63962944597006 241.6253784522414 44.16368110477924 374.0852050259709 30.54228581488132 5.025967486202717 72.3292253613472 16.88187222927809 0.2381018847227097 1.955437794327736 0 10.98118025064468 0.1314473152160645 0 0.09932675957679749 118.1671681106091 0.123238205909729
800.5657785311341 873.448437936604 0 94.19719611853361 1813.212285481393 32.40851166844368 496.8059544712305 4396.978675380349 1005.424529328942 86.02487415075302 3231.829503133893 51.02482419461012 522.0622352585196 813.0411797761917 19.20603469014168 11.2400274053216 2.819536000490189 2.27978053689003 0.7876912653446198 7.268505498766899 16.73963301628828 0 8.271891176700592 2.450557522475719 23.01814036071301 5.735403895378113 8.621348440647125 0.9061047285795212 4.633942902088165 0 3257.130535952747 272.0584073737264 123.6893722116947 5.659174680709839 15.14985869079828 14.69598834216595 141.9479198753834 10.49593335390091 32.64224623888731 15.6665721014142 9.304380171000957 2.468669287860394 1.422599218785763 7.991053700447083 8.810126550495625 11.06618615984917 61.4581423997879 2.299113988876343 0.4932710230350494 3.321918666362762 0 0.1442006379365921 6.042858138680458 0.5937694609165192 3.185569047927856 3.94752598553896 53.50833282619715 457.9886155128479 5.479477643966675 17.40821979939938 24.83019169420004 28.05334344506264 17.40090477466583 93.94034980237484 1.791261583566666 1.126955419778824 0.2789871096611023 0.2822775617241859 7.949365377426147 8.536560289561749 193.5697047263384 15.70973205566406 0.1577251106500626 174.2764399498701 104.9861080124974 45.30597688257694 46.38781265169382 27.72672403603792 919.8698859065771 1564.4991184026 39.98685414344072 732.9989071041346 7.540699079632759 0.3055277541279793 1.929835990071297 2.830434165894985 3.106987714767456 0 0.3871339485049248 0.3277944922447205 0.1336851119995117 0.3748420774936676 3.289111778140068 0.981792263686657 1.082343094050884 50.04118230938911 9.773308381438255 0.1923804581165314 40.99647496640682 173.117977142334 0.1330792456865311 1.608888924121857 0 0.1975017338991165 0.7474197149276733 4.526068635284901 1.141874633729458 1.023976981639862 5.593954786658287 3.939451768994331 1.515856504440308 14.02693870663643 17.9314366132021 21.25803862512112 8.699815139174461 0 0.713058203458786 0 0 0 0 0 0 0.1310853809118271 0 0 2.858087755739689 0.1052998080849648 0 0.4450258761644363 0.1168647930026054 0.3950396180152893 0.1126209795475006 0.5761290192604065 1.2627814412117 0.2461297512054443 0 0.1232356205582619 0.3937416970729828 18.1868077814579 1.083908393979073 8.289735279977322 3.076604820787907 1.553392566740513 0.1621357351541519 0.6562871038913727 0 0 0.190127044916153 0.3489912897348404 0 0.3559081256389618 1.526483334600925 0 0 0 0.1086186394095421 0 0 0 0 0 0.9639434814453125 0 0 1.095614299178123 32.79250287264585 0.7126734852790833 0 0.1481690406799316 0 0 0 0 0 0 41.54666865617037 1.322047606110573 0 0 0 1.902834564447403 0.1505690366029739 8.914467960596085 2.413839176297188 1.719919711351395 1.476613707840443 0.2398615032434464 0 0 0 0 0 0 0 0 0 7.76356352865696 2.872447177767754 18.93860433995724 174.4886019155383 13.30373694002628 107.6656866446137 23.20523039251566 310.0501035526395 13.91635201126337 2.365976847708225 40.94245284050703 18.86133112758398 0.2460774704813957 9.130782105028629 0.6139373704791069 26.43785675615072 1.658192217350006 0 2.007787585258484 5.009755477309227 0.1242501214146614
2694.761422425508 1119.235914856195 94.19719611853361 0 102.3595257550478 310.6778946816921 1960.096841774881 3.230381816625595 160.5373405516148 2288.448778823018 5.70901583135128 352.8774796798825 648.7647450119257 11.96486762166023 2.474719882011414 0.5819234549999237 0.1093199253082275 0 0 0 0 0 0 0 0 0 0.1305032521486282 0 0.3447477221488953 0 376.7645106613636 15.36533159017563 2.820742256939411 0 0 0 3.57514064013958 0 1.928798817098141 0 0.1402488350868225 0.1864778697490692 0.1429248452186584 0.9236894622445107 0.2219100072979927 0 63.04116946458817 4.276122361421585 0 0 0.2090491577982903 0.2165177911520004 0 0 7.987499587237835 5.917201280593872 93.66492994129658 276.3820264413953 17.64745827764273 34.43116992712021 0.9588163048028946 0.3734007179737091 0.08692142367362976 70.08462066948414 3.146310217678547 1.966754704713821 0.8532377108931541 0.4228354245424271 0 0.1264711916446686 7.700499877333641 8.389860808849335 0 334.9970310777426 116.0155833140016 50.59389463067055 24.34404657036066 2.546118192374706 1.20185399800539 7.345772244036198 0.8516060635447502 4.232880517840385 15.2535288259387 0.8497555553913116 2.478173643350601 4.597269117832184 0.3306502848863602 0.2763609662652016 0.3445691913366318 0.1220783367753029 0 0 0 0 0 165.594518750906 4.982437074184418 0.3758595883846283 2.194385975599289 353.8786588311195 1.153912961483002 0.6648141890764236 0.5511810928583145 0.6024172306060791 0.2995487153530121 1.373456999659538 3.139598399400711 2.53477269411087 50.72228719294071 3.909418746829033 0.1470162868499756 7.738226354122162 9.538956567645073 5.465099155902863 1.255081936717033 0.1954200863838196 0 0 0 0 0 0 0 0 0 0 0.1674406677484512 0 0 0.3626261651515961 0 0.2916851341724396 0 0 0.1341085582971573 0.5827465653419495 0 0 0 5.048537522554398 0 0 0.8346298038959503 0 0 0 0 0 0 0 0 0.2997033447027206 0 0.1552633792161942 0 0.290836364030838 0 0 0 0 0.2215519994497299 0 0.09083326160907745 0 0 0 4.077591598033905 0.1797732710838318 0 0 0.08769740164279938 0 0.1219009831547737 0 0 0.1800217479467392 5.326876059174538 0 0 0 0 1.680966138839722 0 1.953546166419983 0.5561102032661438 0 0 0 0 0 0.07695034891366959 0 0 0.09117548912763596 0 0 0 3.9097690731287 0 3.781130954623222 171.353115260601 9.683852903544903 97.61584714800119 19.33940198272467 560.9598499163985 13.82868661731482 2.477765113115311 29.29092236608267 14.50749964267015 0.09795510023832321 0.7402005046606064 0 13.05729600787163 0 0 0 65.42408742755651 0.1607367545366287
1826.014021135867 3345.51461173594 1813.212285481393 102.3595257550478 0 23.85907427966595 3380.088092535734 71.25231862813234 6481.973033457994 303.2179217636585 1486.851930826902 82.9298010468483 789.8612912818789 898.6412117779255 12.50759230554104 1.473208568990231 0.2171444073319435 0.1986799538135529 0.09400368481874466 0.6165360435843468 0.6707452312111855 0 0 0.2380616217851639 0 0.4755691736936569 0.08947622776031494 0.3252771943807602 1.014526322484016 0.2447956576943398 2154.834353834391 77.39573706686497 11.69620703905821 0.3416860550642014 0 0.8625600636005402 15.26982810348272 0.554494172334671 4.196988113224506 0.916607640683651 0.3827072381973267 0.5512906387448311 0 2.726187497377396 0.4666495472192764 0.1095684841275215 137.2345129847527 8.035674206912518 0.1221227496862411 0 0.3220547810196877 0 0.1275999248027802 0.2470915168523788 13.13663604110479 10.45690888911486 41.58372265100479 144.8963631764054 22.54370727390051 54.89561696350574 2.085195876657963 0.9556795805692673 0.4406728297472 114.9474544674158 6.676559835672379 4.214768618345261 2.08505317568779 1.431039653718472 0.1346417963504791 0.2849374413490295 31.55597397685051 2.368703633546829 0 257.639366954565 160.2540053278208 100.4935920163989 74.47773459553719 11.07652006298304 4.682345762848854 36.27788031101227 2.057393059134483 7.650577083230019 31.79125085473061 0.9259513318538666 6.21001385897398 8.757185615599155 1.248719319701195 0.5490000173449516 0.9301028251647949 0.1497238725423813 0 0.1767592281103134 0.123076356947422 0 0.4568104296922684 86.43716204166412 1.188685759902 0 1.904063448309898 42.66548136621714 0 0 1.4942307472229 0.7458697557449341 1.227243259549141 4.323384031653404 5.213166952133179 2.707116916775703 4.952330745756626 7.745151050388813 1.51893250644207 16.90808697044849 20.34577140212059 15.45591775327921 4.981721863150597 0 0 0 0.2400558292865753 0 0 0 0 0.4733239263296127 0 0 0 0 0.3173410892486572 0 0 0 0 0.3027237951755524 1.067418731749058 0.2015949487686157 0 0 0.7944787442684174 4.820294499397278 0 1.237631499767303 1.009664550423622 0.3426411300897598 0 0 0 0 0 0 0 0.7083315849304199 0 0 0 0 0.3512522876262665 0 0 0 0 0.6850146353244781 0.6039977669715881 0.4486935138702393 0 0 8.452833518385887 0 0 0 0.1157654821872711 0.1180808246135712 0 0 0 0 16.66568199545145 0 0 0 0 1.597024902701378 1.085631787776947 0.5280666351318359 0.5009789168834686 0.5181391164660454 2.722106441855431 0 0 0 0 0 0 0 0 0 0 7.164292275905609 0.2780615091323853 4.965547859668732 322.4857545271516 30.91902747750282 233.040098041296 51.91743480414152 92.21251421421766 31.91885294765234 6.711970679461956 70.95174983888865 19.47236559540033 0.4078337773680687 2.55263140052557 0.2346210479736328 19.83186921477318 0.7613862454891205 0.1085189804434776 0.5641746520996094 129.2950207218528 0
182.8567744344473 55.82695282995701 32.40851166844368 310.6778946816921 23.85907427966595 0 181.8298355191946 0.1529231518507004 22.57829055190086 470.0802553892136 3.991842314600945 131.1193101257086 127.3563575744629 7.613857358694077 0 0.2345166802406311 0 0 0 0 0 1.789625272154808 0 0 0.235387772321701 0 0 0.3052502870559692 0 0 88.46095374971628 0.6400498077273369 5.886606380343437 0 0 0 11.23168946802616 2.526762112975121 3.856162756681442 0.1526383757591248 0 0 0 0.2941832989454269 0 0 1.200805738568306 0 0 0 1.8454260379076 5.256068542599678 0.1700193285942078 0.3833746612071991 0 1.161048427224159 300.390247926116 117.3839256763458 16.51228614896536 1.282776296138763 0 6.678854763507843 0 0.1890685111284256 0 0.6286192685365677 0.7125607132911682 0.9525931477546692 0.1317764222621918 0 131.1655651181936 339.4353636056185 9.789783596992493 21.54386065155268 0.5640898197889328 0.777708537876606 0.1657582521438599 0.3165114670991898 0 1.483243510127068 0 4.13138110935688 0.8238810673356056 1.84462882578373 0 1.064063042402267 0.338411808013916 12.46337074041367 11.46859782934189 16.48115563392639 0.3993056267499924 2.451557502150536 0.2091706246137619 0 0.3579611927270889 287.8850230872631 145.2727611213923 42.13856521248817 16.51848651468754 573.042623385787 0 0 1.774269610643387 0.7243354916572571 0.950221449136734 3.058200761675835 4.2702496945858 1.208015158772469 12.92488630115986 4.079441905021667 0.4857274442911148 7.872436121106148 9.485944449901581 6.686595886945724 0.6392550319433212 0 0 0 0 0 0 0 0 0 0.2922177314758301 0 0.3248763680458069 0 0 0.6225759983062744 0 0.383435532450676 0 0 0.28693887591362 0 0 0 0 3.635543823242188 0.895169273018837 0.8301848322153091 3.719493195414543 1.264473333954811 0 0 0 0 0 0 0 0 0.4886894226074219 0 0 0 0 0 0 0 0 0 0 0 0 0 6.113017156720161 0 0 0 0 0 0.1329300403594971 0 0 0 3.305200777947903 1.097542852163315 0 0 0 0 0.6047785878181458 0 0 0 0.226243868470192 0.2061524540185928 0.2112977504730225 0 0 0 0 0 0 0 0 2.631445750594139 1.565956443548203 6.280729427933693 51.78522567451 0.5630045533180237 2.326533168554306 0.191558450460434 204.2012107372284 0.8139871880412102 1.588810153305531 1.497762963175774 10.98143327236176 0 1.12572954595089 0.1499756127595901 16.34646165370941 0 0 0.3015293776988983 0.6365396082401276 0
997.9302231222391 3516.713792271912 496.8059544712305 1960.096841774881 3380.088092535734 181.8298355191946 0 70.38455621153116 3497.672825805843 3737.326723106205 290.0343770980835 561.1442300006747 2930.036508373916 2372.134288340807 36.51747069507837 5.620594695210457 0.981398232281208 0.6459838896989822 0.2164925336837769 1.521198287606239 1.183567441999912 0 0.233332484960556 0.5166744738817215 0.2126985564827919 1.684214875102043 0.1673652231693268 1.518975019454956 2.074450805783272 0 566.6180863901973 132.874220110476 14.52386857569218 0 0.09924476593732834 0 25.98367699980736 1.636670328676701 4.555749893188477 1.197341702878475 1.49532537907362 0.9112963825464249 0 5.179370492696762 1.135652489960194 0.7774877548217773 397.7069678455591 21.41542974114418 0.8722606301307678 1.205585487186909 0.7732507139444351 0.6449543461203575 0.6780950129032135 0.8075134009122849 33.59029593318701 26.65571673959494 122.2601881474257 263.8095103278756 65.85175379365683 160.9006120041013 6.408180981874466 4.566828042268753 0.09084597229957581 264.0447321310639 17.89397896081209 8.858667351305485 5.65770547837019 3.494090937077999 1.702352285385132 0.6251401156187057 101.0481005758047 18.20409671217203 0.7194056361913681 735.5133627131581 395.2513078004122 250.2859503626823 174.0817791298032 25.29342982172966 4.783276155591011 20.02751102298498 2.825693368911743 17.88847876340151 89.06273955851793 3.302375137805939 17.63041013479233 24.74776397645473 2.84823440015316 1.119541853666306 1.749770149588585 0.8288481384515762 0.5623811557888985 0.5478156358003616 1.063618287444115 1.414027974009514 2.378699667751789 564.2033505067229 3.137659728527069 0 9.606755502521992 75.04636437445879 2.191258668899536 3.038934350013733 4.890958979725838 5.848182693123817 5.869678013026714 24.07430471479893 31.40287744998932 8.196811959147453 135.1832616254687 30.59858293831348 2.378132849931717 63.1653623059392 123.3329448997974 70.31630481034517 20.32916693389416 0.554047092795372 1.239244893193245 0 0 0 0 0.1524208784103394 0 0.5612061619758606 0 0.1649338155984879 0.9186147153377533 0.2334331572055817 0 1.279595345258713 0.132584273815155 0.8171540647745132 0.2218566685914993 0 4.093556851148605 0.3760738372802734 0 0.3241668939590454 0 23.5668375864625 0.5999950766563416 5.932449400424957 2.742210403084755 1.088300466537476 0 0.4297768175601959 0 0 0 0 0 1.208116322755814 3.361509218811989 0 0 0 0 0.6126183867454529 0 0 0 0.905762791633606 3.022841587662697 0.2891586422920227 1.08649480342865 0.5882209986448288 37.30864569544792 0.7135563567280769 0 0.2004306390881538 0 0.2143769115209579 0 0 0 0 76.32656860351562 0.2155252397060394 0.1107333302497864 0 0 4.441544622182846 1.498178943991661 5.446287132799625 6.133517161011696 1.022337034344673 3.100554570555687 1.073643893003464 1.680350556969643 0 0.1042357608675957 0 0 0.4899377971887589 0.1852949857711792 0 0 45.5097051858902 5.484641253948212 21.90115848183632 982.3458179086447 91.86005956679583 653.2448811382055 148.3283280059695 464.2341555580497 102.5468478947878 18.38473377376795 278.7733173444867 80.85661182552576 1.809613220393658 12.9044593423605 0.569086417555809 105.1878910809755 2.664029449224472 0.4936095625162125 4.158548906445503 150.5444708541036 0.4717416316270828
37.23488064110279 162.3355465829372 4396.978675380349 3.230381816625595 71.25231862813234 0.1529231518507004 70.38455621153116 0 834.8338526934385 13.83696310222149 1304.150728389621 14.84559786319733 423.4878880828619 899.2938052639365 17.9959350079298 6.970551945269108 3.140862599015236 3.578750379383564 0.345218151807785 14.34235641360283 11.25299024581909 0 10.76790077984333 4.190098106861115 14.56170647591352 3.299215205013752 4.467112734913826 0.74053755402565 2.019786708056927 0 748.9359972029924 1961.86601562053 56.63938868045807 5.025676518678665 11.47242944687605 10.42757204920053 45.27770460397005 8.329524718225002 19.10553938150406 6.933678023517132 7.255379945039749 0.4922477602958679 1.452007949352264 9.47727108746767 9.04350408166647 17.51840156316757 105.1355638802052 5.669942289590836 0.4242997914552689 2.353592917323112 0 0 4.242708839476109 0.8550438731908798 4.873924314975739 3.444155059754848 19.37762832641602 126.1415120884776 8.488007254898548 27.26454742997885 70.94615326076746 13.82061509042978 16.89560642838478 204.2295554950833 2.080197863280773 1.55041865259409 0.9391271620988846 0.8303191140294075 8.503061547875404 11.51872637867928 45.85429108887911 2.494594365358353 0 101.7979428321123 122.4455289393663 64.51200845837593 112.5969399288297 195.3507651612163 953.8153477013111 1009.643374927342 292.0692562162876 1662.152247823775 14.42264661192894 0.7276613339781761 2.434988960623741 4.21416737139225 1.684266857802868 0.3813964203000069 0.8010828718543053 0 0.2691996693611145 0 2.867437623441219 0.1223023012280464 1.238304272294044 4.825160264968872 3.131518423557281 0 12.65388821810484 6.536059871315956 0 0 0.1419036537408829 0 0 1.148671209812164 0 0 0.6676005572080612 0.3317035138607025 0.1507928669452667 1.176331594586372 0.5023410618305206 2.471485868096352 0.777811199426651 0.1634738892316818 0 0 0 0 0 0 0 0 0 0 0.1787388026714325 0.5992866605520248 0.2007054686546326 0.1520224809646606 0 1.11749242246151 0 0.1525145471096039 0.1154376342892647 0 0.1870768517255783 0 0 2.605450809001923 0.19931361079216 0.7785850912332535 2.396475985646248 0.9442969560623169 0 0 0 0 0.2882868945598602 0 0 0 0.321646124124527 0.1639542281627655 0 0.1953061670064926 0 0 0 0 0 0 0 0 0 0.7908708453178406 2.567894488573074 0 0 0 0 0.1062241345643997 0 0 0 0.2341392189264297 2.030672430992126 1.116481304168701 0 0 0 0 0.7028186768293381 0.5875147581100464 0 0.5114442706108093 0 0.2006359100341797 0 0 0 0 0 0 0 0 0.3403942883014679 0.9267877489328384 0.2001183182001114 3.031370341777802 172.4933974146843 17.4675996825099 145.2634413391352 33.24144979566336 25.98505261540413 19.61433199048042 2.964662961661816 55.05973367393017 6.604026980698109 0.3871467486023903 1.170730426907539 0 0.2622489035129547 0 0 0 1.842864140868187 1.287728071212769
206.5386313796043 994.5762684643269 1005.424529328942 160.5373405516148 6481.973033457994 22.57829055190086 3497.672825805843 834.8338526934385 0 393.5914077907801 4413.59356598556 42.76190640777349 1459.901147529483 1488.228695996106 22.22361820191145 3.331784293055534 0.1958520263433456 1.247403115034103 0.1573728322982788 0.3793404251337051 0.7811094522476196 0 0 0.1005377471446991 0.1419920474290848 0.9500849172472954 0.1355828642845154 0 0.1599828153848648 0.1196659654378891 230.3871337622404 66.46780486404896 19.25809333473444 0.1027039438486099 0.4407045841217041 0.3643098324537277 28.98242275416851 1.99978268891573 4.557873480021954 0.3219950348138809 0.5505953654646873 0.2821780890226364 0 1.1344383507967 0.4301882907748222 0.3559489101171494 175.1175244525075 10.91698291152716 0.3727292641997337 0 0.5966574773192406 0.1983439326286316 0.5036988258361816 0.2151540219783783 10.67995152622461 8.989282488822937 26.64882415533066 58.92272865027189 22.64840539544821 52.5878754556179 2.756757453083992 2.848172523081303 0 73.99195433408022 7.728977374732494 3.730344474315643 2.111716128885746 2.017493046820164 0.2608072236180305 0.5438074767589569 40.64265303313732 3.199448958039284 0 170.5626004487276 110.0721946433187 95.57402426749468 69.4187985509634 15.72588712722063 3.207599103450775 17.18326406925917 1.842954933643341 8.838861636817455 34.36627193540335 0.6073122918605804 7.432196669280529 9.133492581546307 1.657868303358555 1.129563145339489 1.216933228075504 0.5566727444529533 0 0.6878832131624222 0.1296018213033676 0.749020129442215 1.648631982505322 151.8809759542346 3.016428515315056 0 2.494686126708984 11.64511780440807 0.3241522461175919 1.017583385109901 3.131544575095177 0.783638671040535 0.7242945283651352 8.771297484636307 6.531546488404274 3.519808441400528 7.411925077438354 11.70582319796085 1.067186176776886 17.32508101314306 37.09421153366566 21.98391180485487 7.233554430305958 0 0.1999083459377289 0 0 0 0 0 0 0 0 0 0 0.4197820201516151 0.3829405307769775 0.4661598205566406 0.1055171489715576 0.2686087638139725 0 0 1.277722150087357 0.42461197078228 0 0.2940115332603455 0 6.580234810709953 0.3881304264068604 0.8102174550294876 1.165552139282227 0.6144950985908508 0.668398380279541 0.4762581586837769 0 0 0.148845762014389 0 0 0 0.8624646663665771 0 0 0 0 0 0 0 0 0.8336625322699547 1.888284772634506 0 0 0 10.11011995375156 0 0 0.2625175714492798 0.09694289416074753 0.09808912128210068 0 0 0 0 27.71227172762156 1.034915208816528 0 0.1336338818073273 0 2.907398730516434 1.748543277382851 2.533937022089958 1.182255059480667 1.77952878177166 0.09983457624912262 0 0.2032020688056946 0.2624553740024567 0 0 0 0.3027498871088028 0 0.1577040404081345 0 11.4128909856081 0.9143901318311691 7.246250301599503 422.2970717102289 42.36153076589108 294.6354821398854 69.57330745458603 96.41912756115198 46.2264244183898 8.020829349756241 124.3799611851573 27.19731999188662 0.300793819129467 3.901983700692654 0.1337433606386185 30.73194155097008 0 0.1755875051021576 0.9024044275283813 13.63523937761784 0.2302957773208618
1956.897569000721 326.6516971364617 86.02487415075302 2288.448778823018 303.2179217636585 470.0802553892136 3737.326723106205 13.83696310222149 393.5914077907801 0 49.26620473712683 3328.189650788903 6301.674898326397 581.7375305965543 9.407664887607098 2.610217496752739 0.2480299770832062 0 0 0 0.5153727531433105 0.2177726179361343 0.2580210566520691 0 0.6919263005256653 0.246425986289978 0.1130064725875854 0 0.3529589474201202 0.161763995885849 189.7154459431767 9.448698922991753 24.72979711741209 0 0.1271034181118011 0 61.24921310693026 0.4710842221975327 2.680452458560467 1.944525271654129 0.257841557264328 0.3244735598564148 0 0.6660826653242111 0.2262084111571312 0.1163028180599213 69.85417607426643 4.27614787966013 0 0 0.2103102058172226 1.093415424227715 0.6487599015235901 0.2060321867465973 6.137891732156277 6.018747486174107 66.85551052540541 148.4075015932322 18.6336479857564 19.01396007090807 1.132229596376419 4.115457624197006 0 25.52112479507923 2.06803435087204 1.035596385598183 0.6629799902439117 1.116940267384052 0.2591424584388733 0 246.2933761924505 86.82983201742172 1.513312697410583 195.517371326685 55.53698804229498 44.39829186350107 24.73847337067127 5.993433512747288 2.329135172069073 14.53859719634056 0.751324787735939 7.34702068567276 11.99402987211943 0.3205191195011139 2.489922732114792 3.730904892086983 0.9193376451730728 3.208657205104828 2.479181483387947 1.399355947971344 0.7067359685897827 0 0 0 0.68264389783144 1197.098004683852 41.48809759318829 6.595202594995499 10.6098143234849 417.3529159128666 1.859490536153316 5.17613211274147 6.202148944139481 6.3177749812603 5.14259098470211 37.49367535114288 34.59937708079815 13.9999427869916 136.154743000865 43.90064495801926 2.968097940087318 82.0589599236846 137.7978019788861 88.61513657867908 20.01929087936878 0 0.8166538327932358 0 0 0 0 0 0 0.480947881937027 0 0 0.3965372145175934 0 0.6670242249965668 0 0 0.1521798074245453 0 0.6748611927032471 5.189058117568493 0.8473697602748871 0 0 0 27.18329770863056 1.664226293563843 4.055069848895073 1.093554258346558 0.2749794125556946 0 0 0 0 0.3330041766166687 0 0 3.772988446056843 1.738952822983265 0 0 0 0 0 0 0 0 0 0.8386618122458458 0.5268873125314713 0.3763067424297333 0.2201381027698517 36.83498832583427 0.1299412548542023 1.170035257935524 0.1378348022699356 0.3037088811397552 0 0.2739027142524719 0 0 0.1185011938214302 72.9810229614377 0.6109554171562195 0 0 0 4.098855063319206 1.444922983646393 3.838652893900871 2.531797289848328 4.839112050831318 1.656427547335625 0.4360851496458054 0.4521280378103256 0 0 0 0 0 0 0 0 51.5328164845705 4.168513104319572 19.27604412287474 527.2313737869263 14.09792909771204 152.461429297924 32.89198871701956 805.9716010168195 31.8362158536911 3.343308910727501 72.16041856259108 95.84214784950018 0.9637301489710808 9.812075063586235 0.4601017087697983 142.5965025871992 2.030981659889221 0 2.998516917228699 2.734633579850197 0
431.3246806338429 485.9984628856182 3231.829503133893 5.70901583135128 1486.851930826902 3.991842314600945 290.0343770980835 1304.150728389621 4413.59356598556 49.26620473712683 0 141.024052515626 2581.557193607092 5228.760125875473 22.58290360122919 9.541663557291031 0.7768237292766571 0.3168720453977585 0 0 0.6914518177509308 0 0.6091349273920059 0.3994650840759277 2.159082263708115 0.2761016339063644 0.9723860695958138 0.1319039911031723 1.286291852593422 0.2094758152961731 471.4377555772662 127.6313227266073 802.1131522804499 0.3373268991708755 1.457103431224823 1.432678610086441 501.2912725880742 16.71954397112131 32.55025187879801 10.19765370339155 0.411773607134819 0.3650677055120468 0 1.731567025184631 0.3784872144460678 0.8628409057855606 91.53368037939072 3.349329896271229 0 0 0 0 1.622261554002762 0.1471580266952515 4.489200532436371 3.452162235975266 21.22599355131388 82.0376875475049 8.70457086712122 19.31073276698589 1.727691128849983 40.16888924688101 1.751606196165085 68.83343539386988 1.872789599001408 0.9410760551691055 0.598559282720089 0.3509731143712997 0.5082739368081093 0 251.9434430599213 6.705400735139847 0.2098931521177292 109.3083003908396 74.09437053650618 57.35708091408014 53.29553804546595 14.02718894928694 86.87590131908655 382.0798836946487 0.5231697931885719 84.69609054923058 10.27440075576305 0.4556611999869347 2.512978121638298 3.571832731366158 0.826979748904705 0.1006074994802475 0.08825559914112091 0 0 0.4786057472229004 0.1313006430864334 0.1093872934579849 0.8723960518836975 49.96609790623188 3.577471777796745 0 22.08650280535221 20.51309414207935 0.6225897893309593 0 1.011170327663422 0.5030527859926224 0.4568038135766983 3.157893896102905 2.072277814149857 0.4229201227426529 2.467383056879044 4.819488972425461 0 9.565708190202713 17.72593416273594 12.73254024237394 3.557762295007706 0 0.1217645257711411 0 0 0 0 0 0 0 0 0 0 0.1692300289869308 0.1580551862716675 0 0 0 0 0 0.6263684183359146 0.1440003961324692 0.6889065504074097 0 0 4.176668226718903 0.7568912282586098 0.83230921626091 1.61190639436245 0.8166642338037491 0 0 0 0 0 0 0 0.8475009500980377 0.4646972417831421 0 0 0 0 0 0 0 0 0 0.2417955994606018 0 0 0.3044165372848511 13.06479509174824 0.5612284764647484 0 0 0.1063636392354965 0.1326469928026199 0 0 0 0.2133349180221558 19.35927726328373 0 0 0 0 2.213125437498093 0 3.805677533149719 0 0.5333003848791122 0 0.1882144808769226 0 0 0 0 0 0 0 0 0 10.38356709480286 2.483940213918686 7.630539447069168 169.0503818020225 12.31462635099888 122.1028926968575 27.13817305862904 26.65735300630331 15.77126128971577 2.498586192727089 48.53079532831907 12.57588557898998 0.1162319630384445 2.49274504929781 0.5888435840606689 13.51779429614544 0 0 0 2.839179456233978 0
323.3840334117413 68.15144343674183 51.02482419461012 352.8774796798825 82.9298010468483 131.1193101257086 561.1442300006747 14.84559786319733 42.76190640777349 3328.189650788903 141.024052515626 0 3166.715273477137 378.886300265789 12.30939268320799 6.038833327591419 0.3858173489570618 0 0 0 0 0 0 0.26606485247612 1.295886874198914 0 1.429919123649597 0 0.6620911657810211 0 38.36494442820549 4.600085847079754 82.10551556199789 0.3347130417823792 0.8606729805469513 0 515.1596696376801 17.74282863736153 8.207921639084816 11.53774148225784 0 0 0 0.5312278643250465 0.6592122465372086 0 41.84577818214893 1.328086256980896 0 0 0.109181135892868 0.1777448207139969 0.7429499924182892 0 1.856008961796761 0.6072357371449471 14.76439236104488 22.73367691785097 4.62340259552002 6.320247828960419 0.5055382549762726 16.83862461149693 0.4414547979831696 10.6673356667161 0.723812498152256 0.4741123467683792 0.105429969727993 0 0 0.1385758072137833 328.50341052562 20.43781518936157 0 39.58910670876503 17.59612131863832 20.09600660949945 16.58390035480261 7.224690683186054 2.263890460133553 40.48804213106632 1.336205989122391 14.58553272485733 4.580489434301853 0.5605691596865654 0.8320676237344742 0.9605741053819656 0 0.4978364333510399 0.09770967811346054 0.1683669984340668 0 0.1869711875915527 0 0.215765506029129 0.141876295208931 1636.296719476581 7.583044022321701 0 4.361498974263668 37.90297609567642 2.226066045463085 3.296427860856056 9.970821380615234 7.474652007222176 10.70892164111137 41.78758656978607 48.93322359025478 20.69274865090847 48.52572472393513 54.94591458141804 5.205482006072998 129.8593866527081 203.9693741723895 123.0074543207884 33.98916479945183 0.418766587972641 1.170678198337555 0 0 0 0 0 0 0.5610779374837875 0 0 0.3184171319007874 0 0.6799675226211548 0 0 0 0 0 8.793798021972179 0.7067746669054031 0 0 0.3347804248332977 39.21446860581636 0.8538344502449036 3.57578732073307 1.624337822198868 1.17992776632309 0.153899222612381 0.1625197976827621 0 0 0 0 0 1.55724261701107 7.164739295840263 0.3139316141605377 0 0 0 0 0 0 0 1.646278500556946 3.868601024150848 1.060313522815704 0 0 53.73700812458992 0.8943189084529877 0.945845752954483 0.2514263689517975 0 0 0 0 0 0 119.3183343634009 0.230310395359993 0 0.1769015491008759 0 8.452782273292542 1.572500795125961 6.009784072637558 6.56984643638134 3.269927375018597 5.344939976930618 0.1220009699463844 0.8007070571184158 0 0.1016448214650154 0 0 0 0 0 0 81.52985787391663 6.616832599043846 29.87484017014503 281.0508154705167 8.061871349811554 97.02403158694506 16.50672656297684 182.7360013127327 11.36586841195822 1.981582909822464 58.07586479187012 99.4685742855072 0 18.92917091399431 1.472035750746727 178.1060345694423 2.908855773508549 0 1.888393223285675 2.596808388829231 0
486.2119065225124 427.9672410264611 522.0622352585196 648.7647450119257 789.8612912818789 127.3563575744629 2930.036508373916 423.4878880828619 1459.901147529483 6301.674898326397 2581.557193607092 3166.715273477137 0 5437.625061169267 85.95948592573404 27.36778973042965 1.848732821643353 0.5190383270382881 0.2102747187018394 0.5659719705581665 0.9422454684972763 0 0.845902755856514 0.5085825771093369 5.008432015776634 1.712456427514553 2.050696022808552 1.163584001362324 3.422649331390858 0.2731655985116959 198.2685629501939 54.78766110539436 517.6064459607005 1.152024805545807 1.241257473826408 2.21854355931282 2033.152991816401 29.15738072991371 28.17305187135935 31.24370361864567 0.6663922667503357 1.626294627785683 0 5.788756899535656 0.8430391550064087 1.730331048369408 298.272229090333 12.27422525733709 0.1327799558639526 0 0.5723223686218262 0 3.668825134634972 0.1228857189416885 11.66335298120975 12.23472958058119 35.41710267961025 77.43280326575041 25.09978459775448 52.11686903983355 4.488620005548 29.13246377557516 2.518861286342144 82.29852602630854 5.121915355324745 5.895151428878307 2.100952558219433 2.765156395733356 1.394372284412384 0.307222992181778 1497.86671680212 30.38321603834629 0.4743400067090988 201.8186681494117 132.67960434407 172.7507044821978 160.2910218313336 47.86471378803253 7.453217506408691 192.2237934246659 11.12892411649227 58.45686001330614 38.97010515630245 1.854865998029709 8.452671371400356 9.931779436767101 3.16907125711441 1.110280841588974 1.7495037317276 0.3015270233154297 0.9303085654973984 0.3081353902816772 0.3386091515421867 0.6061203330755234 1.265945166349411 2411.173413828015 13.60905909538269 0.1592224538326263 14.70244120061398 54.40771735459566 3.39213053137064 10.60021971166134 13.29328516125679 12.10718177258968 21.86885027587414 57.29454925656319 62.2108901143074 23.46468645334244 81.25319910794497 97.63334913551807 9.366539552807808 186.2127421498299 332.7068499550223 206.7149853631854 69.27771639823914 2.480912983417511 1.699575260281563 0.3038695156574249 0.1398676037788391 0 0 0 0 0.9464769065380096 0.941056489944458 0 1.381640821695328 1.445063158869743 1.376776099205017 0.3129499107599258 0 0.4435193687677383 0 0 15.34634609520435 0.7206965386867523 0 0.5875414162874222 1.131637722253799 72.09461182355881 2.568472251296043 18.45221924781799 6.823999084532261 0.9766349047422409 0.5164749920368195 0.2304777652025223 0.76093789935112 0 0.26378133893013 0.8914727568626404 0 4.148259058594704 9.102093756198883 0.6916848123073578 0.1085547730326653 0.1351149529218674 0 0.2894745469093323 0 0.2871356010437012 0 0.7930773422122002 3.435066446661949 0 0.4813338220119476 0.7141243070363998 130.9548642858863 0.9224101901054382 0.431271955370903 0 0 0.1177959218621254 0.757453665137291 0 0 0.2185274213552475 299.142150811851 0.9870937615633011 0 0 0.2212598025798798 17.22225274145603 3.016207918524742 16.1197224855423 8.333408161997795 5.231361553072929 6.331216655671597 2.923717819154263 2.340590491890907 0.3341675773262978 0 0 0 0.2849996909499168 0.152033194899559 0.1375528275966644 0.1953285783529282 177.6394852548838 13.78103031218052 71.66398148983717 876.624840259552 74.72471984475851 544.0031412690878 120.5770692825317 246.2874761372805 72.76564734429121 12.05292935669422 250.7487376406789 156.8483783379197 1.297026485204697 36.64794780313969 1.528705060482025 261.7265723049641 3.399213626980782 0.363104835152626 4.156812787055969 14.4097962230444 1.606576353311539
