0 4959.541043229401 1291.308735772967 3180.364291548729 838.3499300852418 60.23345902562141 815.6817700341344 37.37597864866257 192.5730015933514 1503.507484562695 424.6468913555145 116.6665182709694 273.6143194586039 173.6541448459029 5.25541090965271 3.417210757732391 0.1335378438234329 0 0 0.2517299056053162 0 0 0 0 0 0.1300735771656036 0 0.3861272931098938 0 0 325.8339229822159 7.948823913931847 5.144721329212189 0 0 0 4.474166765809059 0.2045898139476776 1.343534246087074 0 0.1342056095600128 0 0 0.7072658836841583 0.1644287109375 0 51.59065361320972 9.678078189492226 0 0.4180760085582733 0.2553860992193222 1.786020666360855 0.2565222680568695 0 41.61238460987806 45.88510291278362 316.6672705262899 2158.87143920362 16.03439714759588 3.552677765488625 0 1.734190419316292 0 5.067431092262268 12.25656335055828 1.46146547794342 2.017732247710228 0.4457948878407478 0.5232838541269302 0.1722714304924011 108.6158868968487 14.46879272162914 2.3429314494133 127.1880688592792 32.95226461440325 18.43855684250593 3.338448196649551 2.884021908044815 0.5804464519023895 8.053462773561478 0.4075462371110916 2.141261056065559 25.78227370977402 3.324719563126564 1.539298996329308 11.01165215671062 1.114305436611176 2.393463939428329 0.9839462116360664 2.651182293891907 0.0967913344502449 0.5031326711177826 0 0.1442785263061523 0.2855286002159119 534.8610212504864 18.51912415027618 2.45266030728817 1.067810654640198 1994.253394901752 0 0.2872073352336884 0 0 0 2.860646545886993 0 0.5237296670675278 2.054552972316742 0.28411865234375 0 2.484402731060982 1.411201030015945 1.612009018659592 0.1885865032672882 0.2684846818447113 0.2226932197809219 0 0 0 0 0.1895218044519424 0 0 0 0 0 0 0 0 0 0 0 0 0 0 0 0 0 2.895457401871681 0.6882858574390411 0.6194073259830475 0.8674507886171341 0.2481990903615952 0 0 0 0 0 0 0 0 0 0 0 0 0.6693733632564545 0 0 0 0 0 0 0 0 0 0 0 0 0 0 0 0 0 0 0 1.306034207344055 0.6576806008815765 0 0 0.1530278921127319 0 0 0 0 0 0 0 0.1585816740989685 0 0 0 0 0 0 0 0 0.507805347442627 1.055330634117126 2.212011784315109 110.6320801153779 13.902288377285 147.9609154388309 16.24765574932098 1712.774653077126 47.59243419021368 6.340550266206264 17.19160697609186 2.243830844759941 0 0.3871297538280487 0 0 0 0 0 0 0
4959.541043229401 0 1813.92014310509 772.539949901402 2753.184081889689 110.1222509592772 2303.003464601934 34.13414077460766 2447.930680736899 272.0456212833524 619.6811190843582 13.2518600076437 1048.051545895636 605.48325560987 38.40578804910183 14.15520881861448 1.189424753189087 0.5002561062574387 0 0 0 0 0 0 0.6661745607852936 0.3544761687517166 0 0.416624590754509 0.1784612685441971 0.1472679227590561 2019.127009212971 18.12312035262585 4.701952755451202 0 0 0 5.960865944623947 1.347569614648819 2.219631731510162 0.4716503024101257 0.2964856922626495 0.1592941731214523 0.1922239661216736 0.677613690495491 0 0.3044044971466064 337.0357966721058 37.54044867306948 0.4511591196060181 0.7507444024085999 3.983339942991734 0 0 0.3166473805904388 101.614643715322 144.8567466139793 169.6378170996904 1063.425221949816 20.31153621524572 19.60250236093998 0.4793462008237839 1.154867328703403 0 64.39276975393295 44.05749245733023 4.732650682330132 11.13096265494823 1.352013692259789 1.468065477907658 0.8268747925758362 10.51697163283825 1.911665320396423 0 326.7395539060235 174.3060144335032 158.2573997229338 56.33111811429262 7.921004384756088 0.1545812338590622 8.506455011665821 0.4076869338750839 1.82749005407095 61.63792186975479 8.817534975707531 8.061626456677914 45.92135442048311 4.355669066309929 0 2.247224904596806 0 0.8517968133091927 0.4270461797714233 2.057181403040886 0.1381780356168747 0.915454275906086 34.29580511897802 1.311187282204628 0 2.16438952088356 1032.048756591976 0 0 0.440721869468689 0 0 13.54984982311726 0.4220549762248993 5.481909170746803 16.99786330759525 0.9462383538484573 2.019894599914551 18.4393096268177 16.53896826505661 12.7217729985714 1.361728996038437 0.9126032441854477 0.2454409003257751 0.3308919370174408 1.368455782532692 0 0 0 0 0 0 0.1572252959012985 0 0 0.227116197347641 0 0 0 0.3596019446849823 0 0 0 0 0 0 2.442717149853706 0.9833724796772003 3.843993961811066 0.9922554790973663 0.6613025665283203 0 0 0 0 0.2484836131334305 0.1978617608547211 0 0 0.1205360740423203 0 0 0 0 0.4583954587578773 0 0 0 0 0 0 0 0 0 0 0.1641099750995636 0 0 0 0 0 0 0 11.23030312359333 0 0 0 0 0 0.1623484790325165 0 0 0 1.101976498961449 0.2533286511898041 0.4938889890909195 0.2845272123813629 0 0.3034431338310242 0 0.2538079544901848 0 0 0 5.72052988409996 1.018085837364197 2.014058992266655 464.6614972054958 69.4771852940321 703.04606077075 70.35653770714998 1604.331555783749 108.2739658877254 31.1775546297431 80.76945639401674 11.09162110090256 0 3.425514362752438 0.1636488139629364 3.412167176604271 0 0 0 1.575512751936913 0.462831124663353
1291.308735772967 1813.92014310509 0 82.54457657039165 1033.857276327908 24.93072347342968 213.0674845352769 3593.544201299548 1309.317854374647 16.56543736159801 7012.459080830216 39.55575499683619 653.6209028512239 955.9872485473752 53.30186825245619 74.50904607027769 7.936504282057285 2.499303385615349 1.221721738576889 2.795781835913658 6.412963300943375 0.1448758393526077 4.011692479252815 0.5341498255729675 0.169614166021347 2.69575472921133 0.1517560482025146 1.71238112449646 1.394343346357346 0.2324139475822449 6007.74438290298 272.7966371625662 29.38731987774372 2.149139612913132 3.141849339008331 0.2149867117404938 6.077483937144279 2.028895393013954 0.6207113116979599 0.5422004461288452 22.8257315531373 2.459419250488281 5.957486927509308 9.819188967347145 2.448943853378296 14.40829694271088 193.4565726220608 33.99504562467337 2.507355011999607 19.29286573827267 20.270568177104 0 0 0.7974154055118561 46.34876654297113 74.62170492857695 102.820669054985 1418.843679741025 10.52116402983665 13.07513518631458 22.0695815756917 32.94922198355198 6.020956218242645 481.5193844810128 26.39737725257874 14.64288472384214 25.05593004077673 58.3264748826623 81.13354029506445 93.95781627297401 36.92181640863419 1.280052244663239 0 200.4312482923269 229.4134956300259 134.951962031424 78.09469763934612 47.85700584203005 520.5339821428061 1527.914315126836 21.70669822394848 353.7175228372216 31.16324078291655 4.046663448214531 6.161879412829876 28.04292348027229 61.50617709010839 0 5.66192951798439 1.390779659152031 4.136925183236599 3.018292911350727 32.14627011865377 3.909281231462955 4.022578924894333 25.57571467757225 13.93204829096794 0 2.027167141437531 1661.687411859632 0 0 0.8332884013652802 0.3184914886951447 0.4790102988481522 8.034979343414307 0.1813134551048279 4.144421346485615 2.305392101407051 0.6313019990921021 0.6918160170316696 14.02655167877674 11.23878346383572 7.768273077905178 2.343317359685898 1.492010310292244 0.7523878142237663 0 0 0 0 0 0 0 0 0 0 0.1520155519247055 0.3851355463266373 0 0 0.90167585760355 0 0 0.2038025110960007 0 0 0 0 4.618373692035675 0.8829072564840317 4.09172734618187 2.863783806562424 0.1442708820104599 0 0 0.2102997303009033 0.1802776455879211 0.2993656694889069 0 0 0 1.67540930211544 0.2466383129358292 1.239341795444489 0.9221429377794266 0.1749492734670639 0.4184052050113678 0 0 0 0 0.1376838237047195 0 0 0 0.35368312895298 0.4724121242761612 0 0.1375143229961395 0.6815085262060165 0.1889062523841858 0 0.4052457064390182 0 0.5701385587453842 12.74011619389057 0 0.2892678529024124 0.8677544593811035 0.624914824962616 0.1850435882806778 0.9882495403289795 0 0.1687320023775101 0 0 0 0.674119234085083 0.3588931858539581 0.1054923012852669 0.2323142290115356 0.1205556616187096 0.9785441160202026 0.3277894556522369 0 0 4.855765610933304 5.79230672121048 6.620556458830833 316.0798479542136 68.55196928232908 354.5598558783531 79.66100599616766 867.6194673702121 49.75841414183378 18.64857356250286 85.90081112086773 8.784434825181961 0.5055634379386902 3.039673410356045 0.4475717544555664 3.570906013250351 0.588172972202301 0 1.43869911134243 3.374377928674221 2.936012998223305
3180.364291548729 772.539949901402 82.54457657039165 0 117.739711292088 370.5743004828691 1490.404759310186 2.701739981770515 91.01457091420889 1412.219098553061 7.761461317539215 31.56412479281425 638.8949265405536 32.39916995167732 8.852712318301201 2.772935286164284 0.3720708116889 0 0.1469580382108688 0 0 0 0 0 0 0.1564004123210907 0 0 0.3468150794506073 0 52.31410893052816 1.602903589606285 1.034913539886475 0 0 0 1.092011064291 0 0 0.2754169702529907 0 0 0 0 0.1850012093782425 0.3643539249897003 80.00219071656466 12.13809839636087 0 0.4513517469167709 0.6978455632925034 0 0 0.1510892659425735 39.61192372441292 50.84395511448383 75.46824419498444 396.7547819241881 8.945596970617771 4.356408298015594 0 0 0 9.231182366609573 15.67753886431456 1.487737596035004 3.565357476472855 0.1431260704994202 0.2852761298418045 0.3798558562994003 1.700346276164055 0 0 98.22905268520117 34.20162930339575 33.00732590258121 7.435814172029495 0 0.1332265287637711 0.9904138892889023 0.1354248970746994 1.266698509454727 18.63884940743446 3.024111144244671 1.438711181282997 12.92405819147825 1.784453846514225 0 1.04828841984272 0 0 0 0.2759113013744354 0.1789531111717224 0.2878742963075638 30.50770698487759 0 0 0.9602227210998535 420.5065472573042 0 0 0 0 0 3.876480221748352 0.2467388510704041 0 23.55665372312069 0.2180094867944717 0.2642985880374908 5.249953866004944 4.9149539321661 1.223287731409073 0 0 0 0 0 0 0 0 0 0 0 0 0 0 0.2224143594503403 0 0 0 0 0 0 0 0 0 0 0.7222154140472412 0 0 0.5916664302349091 0 0 0 0 0 0 0 0 0 0 0 0 0 0 0 0 0 0.1194921582937241 0 0.238500788807869 0 0 0 0 0 0 0 0 0 0 0 0 0 1.454585716128349 0 0 0 0 0 0.2738091051578522 0 0 0 0.7098351716995239 0 0.1307823956012726 0 0 0 0 0.1429867297410965 0 0 0 0.4229627847671509 0.3899280428886414 0 141.0460938811302 13.45661386102438 217.3920604214072 17.06371209025383 1044.904081895947 41.29842289537191 6.072175815701485 19.52333427220583 2.234434187412262 0 0.3145787119865417 0 2.425839781761169 0 0 0 0 0.2968257367610931
838.3499300852418 2753.184081889689 1033.857276327908 117.739711292088 0 21.50763326883316 2074.260498128831 53.64260111004114 8562.068828128278 299.2105992361903 940.760179027915 10.33791579306126 1306.521546028554 1442.944545373321 65.65357849746943 38.15799750387669 0.4272896647453308 0 0.1773260980844498 0 0.1666941940784454 0 0 0.1412214189767838 0.1495191305875778 0.8492028340697289 0.1267028152942657 0.3410296440124512 1.40363135933876 0.1417054086923599 458.1186287403107 29.80392532795668 9.994396954774857 0.209745317697525 0 0 2.686363898217678 1.023939706385136 1.170739091932774 1.29951848834753 0.2064715027809143 1.420621186494827 0 1.118028558790684 0.5609863996505737 0.801858201622963 296.4315896183252 22.74898233264685 0.5243950933218002 0.1804795861244202 2.354930967092514 0 0 2.199294596910477 51.74287980049849 81.08563660085201 42.35825084149837 268.0772213488817 8.459980733692646 18.84204713255167 0.2867897152900696 0.9807896316051483 0.1329399198293686 71.03809447586536 30.86829420179129 4.896782264113426 10.37741657346487 0.5521140694618225 0.7618049830198288 0.8708342015743256 43.00852935016155 2.720749914646149 0.1432612538337708 161.6163324937224 131.1245338022709 177.6396277025342 100.3831540346146 20.51326086372137 1.29726767539978 17.20194046199322 0.6530688554048538 1.525506690144539 32.70379791408777 5.614749737083912 4.364682346582413 34.23039974272251 6.208692617714405 0.1296070069074631 2.305462948977947 0 0.1523414701223373 0.410965770483017 1.294819444417953 0.5160359889268875 2.168895274400711 52.51225045323372 0.891073003411293 0 1.203114539384842 159.3299436718225 0.1545145660638809 0.3378503024578094 1.886861026287079 0 1.488340273499489 48.59812568128109 2.573690190911293 30.95784477889538 40.65271833539009 4.786458730697632 2.012262180447578 84.50658779591322 75.55998071283102 36.51179912686348 8.426061168313026 2.087593346834183 1.042232051491737 0.7686751410365105 0 0 0 0 0 0 0 0.1634614914655685 0 0 0 0.4220610558986664 0 0.1753752529621124 0 0 1.427393779158592 0 0 0 0 6.499139755964279 2.860756114125252 10.11436024308205 9.320834264159203 2.573578342795372 0 0 0 0.5828471481800079 0.5655480921268463 0.8530535101890564 0 0 1.166531682014465 0.1861126720905304 0.4504739493131638 0 0 0.1594978123903275 0 0 0 0 0.4426153600215912 1.057789921760559 0.7010642886161804 0.406290203332901 0.9000190496444702 0.8945815488696098 0.16726353764534 0.2203610241413116 0 0 0 0.1347233653068542 0 0 30.74771529436111 0 0 0 0.2265522629022598 0.2541564702987671 1.519156470894814 0.7089577615261078 0.8184731006622314 1.306199744343758 0.8240448012948036 0.1221159845590591 1.468073114752769 0 0.2293183952569962 0 0 0 0 0.2308535575866699 0 19.6211938932538 9.075346872210503 6.485325872898102 555.7571805417538 67.87719371914864 633.0350267291069 121.2741157636046 565.0425215661526 84.56211021542549 23.5850532501936 149.2477459982038 26.46050661802292 2.196738913655281 8.198033817112446 0.4143071845173836 14.36868372559547 0.338800460100174 0.1907092034816742 4.110043823719025 1.649846270680428 1.135369837284088
60.23345902562141 110.1222509592772 24.93072347342968 370.5743004828691 21.50763326883316 0 242.8286706656218 0.6616314202547073 16.38908119499683 997.1477892249823 5.393193900585175 208.4143356978893 319.9107618182898 47.22730714082718 0.201915517449379 0.4405337125062943 0.121082179248333 0 0 0 0 1.064448118209839 0 0 0 0 0 0 0 0 1.893959403038025 0 9.775730043649673 0 0 0 7.332237154245377 0 0.4873362481594086 0 0 0 0 0 0 0 4.108556605875492 0.227562204003334 0 0 0.2414032369852066 7.78906811773777 0.2108438313007355 0.7574463486671448 1.289778426289558 0.2525236830115318 52.83700676262379 42.79338458180428 2.774106353521347 0 0 0 0 0 0 0 0.3006965517997742 0.09002172946929932 0 0 268.1279308497906 124.5761871039867 13.58769477903843 3.263363271951675 1.06891193985939 0.3003187477588654 0.1627146005630493 0 0 6.229663550853729 0.1585987955331802 2.962581753730774 0.1927443444728851 2.444235101342201 0 0.147369846701622 0 10.3230917006731 1.979326456785202 16.68056406080723 0.9595891237258911 5.602181985974312 0.2398543953895569 0 0.5066578686237335 781.1330587863922 77.87208396196365 9.573462292551994 6.952324047684669 523.8944010585546 0 0 0 0 0 0.2380914241075516 0 0 0.7821560204029083 0.1689488440752029 0 0.6151406615972519 0.8860799223184586 0.5621151626110077 0.6024300009012222 0.1356882303953171 0 0.1575164049863815 0.1292890310287476 0 0 0 0 0 0 0 0 0.1491211652755737 0.170302614569664 0.1660543084144592 0 1.074925824999809 0 0 0 0 0 0 0 1.126278147101402 0.1873739361763 1.099967360496521 3.539688348770142 0.7165052145719528 0 0 0 0 0 0.5318970531225204 0 0 0.536303848028183 0 0 0 1.044365331530571 0.1188323125243187 0.1476332098245621 0 0 0 0 0 0 0 0 0 0 0 0 0 0 0.155220627784729 0 0.1395752131938934 1.492574080824852 0.6062427163124084 0 0 0 0 0.211787536740303 0 0 0 0 0.1489305645227432 0.1768066436052322 0 0.2063607722520828 0 0 0 0 0 0 0.3978759944438934 1.988586083054543 3.774999633431435 8.544275887310505 0.5627435743808746 8.293482452630997 0.9473412111401558 349.2989806085825 1.121749833226204 1.325326815247536 0.606345109641552 1.586566224694252 0.1513827443122864 0 0 0 0 0 0.3806671798229218 0 0
815.6817700341344 2303.003464601934 213.0674845352769 1490.404759310186 2074.260498128831 242.8286706656218 0 63.58922231197357 1000.86349093169 2533.915787234902 62.45771370828152 17.79094828665257 2344.379502825439 547.7654475644231 78.86591435968876 52.69350942224264 0.55368272960186 0.4372379928827286 0.1323479413986206 0.2324004024267197 0.3350328952074051 0 0 0.4288448542356491 0.146687239408493 2.508640892803669 0.1289125084877014 1.728102192282677 1.997574105858803 0 82.9909248650074 16.27441120892763 13.14891125261784 0 0 0 7.946822829544544 2.080904640257359 2.567973464727402 0.2532958686351776 0.3611735254526138 1.576766639947891 0 1.921836636960506 0 0.636705607175827 345.1411350443959 25.18610569089651 0.8987761214375496 0.1523777991533279 8.636899538338184 0 0.1656270027160645 3.189458891749382 62.58803290128708 104.6063785254955 72.45457057654858 276.3786202743649 10.3351234048605 21.36642274260521 0.5895092487335205 1.040636390447617 0 50.23473296314478 36.12569008022547 5.084521010518074 11.13786037266254 1.140332475304604 0.3087465986609459 0.605548121035099 61.01443426311016 4.06124310195446 0 174.3056085929275 103.7339826077223 184.0648665055633 88.9625079035759 25.46430306136608 0.129093810915947 16.79129548370838 1.634201258420944 2.51260032504797 36.9444751739502 5.626671940088272 7.449303112924099 41.40183234214783 6.854523085057735 0.4755567610263824 3.69469016045332 0.443493127822876 0.8681189641356468 0.3735594600439072 5.094248451292515 1.543329603970051 2.766926094889641 372.8739282414317 0.9492286741733551 0 1.165001481771469 178.1210245937109 0.6142677068710327 0.4169689416885376 12.95260979235172 1.684596657752991 8.754291549324989 143.8365399539471 5.645863085985184 94.33431008458138 160.8027529269457 22.4166673719883 8.237344458699226 258.580265648663 228.9970189034939 121.0051284208894 20.43768496066332 6.495205879211426 2.575301922857761 0.5458404123783112 0.7599207609891891 0 0 0.2231764644384384 0 0 0 0 0 0.8384384214878082 0 0.184831440448761 0.2313902825117111 0.6230312585830688 0 0 3.050115302205086 0 0 0 0 19.06841643154621 9.365326821804047 18.13772648572922 12.63753044605255 5.257902055978775 0 0.1544294655323029 0.1852932721376419 0 2.392357856035233 1.072620153427124 0 0.7284838110208511 9.751278892159462 0.3311225473880768 0.5490034818649292 0.9048449546098709 0.9560600519180298 0.4295838177204132 0 0.5804548412561417 0.1406960338354111 0.4823378026485443 0.7713989615440369 0 0.4578913152217865 1.540720522403717 1.522325739264488 1.431296244263649 0.6084614843130112 0.2456093579530716 0.1325375884771347 0 0 0.1399201899766922 0 0 90.23259133845568 0.402726024389267 0 0 0.1291716545820236 0.9457734525203705 3.977327734231949 0.7003363966941833 0.9246828854084015 0.7513459920883179 1.933691591024399 0.2653544917702675 6.010467521846294 0.6464738994836807 0 0.5103147253394127 0 0.5952764898538589 0.1344875544309616 0 0.5223026275634766 63.32410211861134 20.72899425029755 14.57707424461842 769.2416658997536 116.753739900887 774.8468717858195 174.4128972664475 1523.160781674087 121.9200063943863 33.05851347744465 189.1174801141024 48.00748538225889 4.091425605118275 22.08736385405064 3.353523753583431 42.49817335605621 2.18105860799551 0 8.311552926898003 4.118848510086536 3.985498294234276
37.37597864866257 34.13414077460766 3593.544201299548 2.701739981770515 53.64260111004114 0.6616314202547073 63.58922231197357 0 1172.351838380098 12.92498104274273 2272.041892901063 78.86821566522121 1327.665636591613 2113.821753062308 151.5630841031671 203.3108657896519 17.27273657917976 6.973862498998642 3.75702315568924 10.41540877521038 9.8570267111063 0 9.706364125013351 3.976666316390038 0.9872160851955414 1.940936803817749 0.2073201686143875 1.146198377013206 2.410832315683365 0 593.9561516568065 1614.309856653214 38.63111872971058 9.176331549882889 4.012347623705864 0.8490095436573029 9.574648596346378 1.59264413267374 0.7237251996994019 0.5200821906328201 29.23671062290668 4.4328383654356 17.47720749676228 31.66515043377876 9.217803150415421 76.85564848780632 408.6445710733533 30.82104928046465 1.949527055025101 41.01738059520721 19.41993894428015 0 0.267628014087677 2.650466687977314 27.91610253602266 44.75770539790392 41.63981033861637 242.7960959374905 4.984750658273697 24.60435707867146 107.656940639019 65.94626128673553 21.6482907384634 651.9549788087606 20.81003142148256 30.99811538308859 28.83612741529942 79.59990423172712 104.7751409932971 136.7904990464449 59.72062741965055 3.048455625772476 0 170.0455579534173 328.5985077321529 298.1033232659101 569.1418531835079 272.7752762809396 1271.968823201954 1594.245474293828 731.9863604456186 1589.884388118982 21.43001854419708 1.827373266220093 4.41372025758028 22.1987925991416 131.1172789037228 0.1523585766553879 8.1509760171175 0.2723227366805077 5.787295080721378 2.205142468214035 45.19086851924658 6.803591206669807 9.992787502706051 32.62564592063427 20.5485023111105 0 3.028316110372543 40.95087437331676 0 0.3669196665287018 1.416344568133354 0 1.030690744519234 6.339138172566891 0 5.460423268377781 4.850520998239517 0.1740589588880539 1.06547075510025 14.33344854414463 18.7802210226655 12.84001508355141 4.3959636464715 1.561219722032547 0.5827972218394279 0.1659566760063171 0.791817843914032 0 0 0 0 0 0 0.537382036447525 0 0.1339500695466995 0 0.9871998280286789 0 0.5444938540458679 0 0 0.0972483903169632 0 0 0 0 6.675473630428314 1.389468014240265 5.368272066116333 2.923652052879333 1.319639697670937 0 0.1241536065936089 0.3681895732879639 0.3113147914409637 0.5134100317955017 0.1443586349487305 0 0 1.88425800204277 0.4643508940935135 0.1409991979598999 2.725463956594467 0 0.9908014386892319 0 0 0.2456315383315086 0 0 0 0.5761404484510422 0 0.6131389141082764 0.3061869591474533 0 0.1281197220087051 0.6508453190326691 0 0.3298002481460571 0.5683127492666245 0 1.738036081194878 17.96913741528988 0.142902284860611 0.1939281225204468 0.273384302854538 1.418260239064693 0.4834257662296295 0.9812995940446854 0.2043571323156357 0.1158480867743492 0 0.2312423288822174 0 1.346265777945518 0.4891442507505417 0 0.2849408090114594 0.2566895186901093 2.06969578564167 1.298914015293121 0.3006568998098373 0.1844445019960403 8.755348801612854 4.838804095983505 3.863979503512383 572.2345710620284 88.17273971438408 631.4097645580769 160.9642706289887 144.1984633356333 61.25095301121473 23.83759277313948 180.2372521460056 19.65048972517252 1.312175109982491 6.417429842054844 0.1183782890439034 2.064723789691925 0.2849889025092125 0 2.160579167306423 6.095447346568108 5.394064173102379
192.5730015933514 2447.930680736899 1309.317854374647 91.01457091420889 8562.068828128278 16.38908119499683 1000.86349093169 1172.351838380098 0 267.1721472293139 2753.536010220647 22.89218653738499 1685.138025544584 2346.796654053032 87.04283924400806 77.98505253344774 0.6950918212532997 0 0.2500980794429779 0.23058021068573 0.2971459627151489 0 0.1217137053608894 0 0.1916050612926483 1.992052346467972 0.5503935664892197 1.590751171112061 1.408468589186668 0.1274239271879196 150.4811303690076 32.76683339476585 17.32572929561138 0.1903280913829803 0 0.1353405863046646 6.706185668706894 1.318111136555672 1.387176707386971 0.2110313028097153 0.2305119931697845 0.1327274739742279 0 4.404915422201157 0 0.880564957857132 218.4813041165471 8.279157303273678 0.3366775065660477 0.5469345897436142 5.220517851412296 0.2045666575431824 0 2.180751547217369 18.12177064269781 31.50747270137072 24.92653265595436 90.48616608977318 3.890548184514046 10.28212414681911 0.5723142325878143 0.9992319419980049 0.1375408917665482 34.93524403125048 9.701864846050739 2.652913898229599 5.09920434653759 0.72634257376194 0.1978286504745483 1.617594957351685 46.70611560344696 7.359038040041924 0 74.99226620048285 63.9562339708209 148.5685704126954 86.0741541236639 39.33573221415281 1.127735748887062 14.33244952559471 2.145790033042431 2.339855417609215 12.25916310399771 2.055485859513283 2.028936371207237 15.72863227874041 2.927530154585838 0 1.969688571989536 0.8831338733434677 0.326130136847496 0.3599958270788193 4.10283949226141 1.09144252538681 2.444039806723595 154.2100652754307 4.152295857667923 0 1.077993959188461 63.32357160001993 0.2744733095169067 0.154876172542572 7.099955007433891 0.8563135862350464 5.568943843245506 94.08525541424751 5.56265963613987 59.0410538688302 88.63820394873619 16.66846917569637 5.674654245376587 174.9737110510468 137.5742883384228 89.70676478743553 14.83836694061756 5.211554363369942 1.007388532161713 0.4133267104625702 0.1781815588474274 0 0 0 0 0 0 0 0 0 0.1309961229562759 0.2207037210464478 0 0 0.4383716583251953 0 1.34519037604332 0.8077545315027237 0 0 0 18.42451356351376 6.685817986726761 18.14774625003338 11.95713100582361 1.856270290911198 0 0 0 0.5162665247917175 2.415459364652634 0.1052142828702927 0 0 3.123963497579098 0 0.1358616501092911 0.6153139248490334 0 0.1615017652511597 0.1162463799118996 0.2037618905305862 0.09265951067209244 0.1914003491401672 0.7342592477798462 0 1.402520149946213 0.4753405451774597 0.4945404231548309 1.87338462471962 0.317297101020813 0.09496470540761948 0 0.1274299025535583 0 0 0 0 59.96561030298471 1.503038659691811 0.1602994799613953 0.1460653841495514 0.2217594832181931 1.688335761427879 2.683225199580193 0.1670648455619812 1.11785239726305 1.293307155370712 2.922292210161686 0.6755813658237457 2.31869975477457 0 0 0 0 0.1246682330965996 0 0 0.2142293751239777 47.58137229084969 18.03054361045361 14.46745309233665 765.0543728619814 77.38976640999317 553.6621452197433 165.731097497046 358.9464460909367 79.04587095975876 19.69055330753326 232.1798870041966 39.62583117932081 2.198672592639923 20.8211919516325 1.591366201639175 28.40304493904114 3.544370241463184 0.1885626614093781 6.041186951100826 8.116605117917061 4.412221178412437
1503.507484562695 272.0456212833524 16.56543736159801 1412.219098553061 299.2105992361903 997.1477892249823 2533.915787234902 12.92498104274273 267.1721472293139 0 11.74774903059006 1945.947068601847 6067.133241333067 437.2923890203238 6.494201809167862 6.963107325136662 0.1706403791904449 0 0 0 0 0 0 0 0 0.2050470262765884 0 0 0.1633834391832352 0 11.57673889398575 1.505448684096336 3.561485260725021 0 0 0 1.234537810087204 0 0 1.118826985359192 0 0 0 0.4255100786685944 0 0.1849253922700882 43.63369236141443 7.730992324650288 0 0 0.3172826021909714 0 0 0 20.24094507843256 25.43634422123432 45.82593233883381 187.2280287221074 3.834200195968151 1.823872059583664 0 0.2407481074333191 0 4.220115676522255 8.485433645546436 0.752739705145359 1.81820922344923 0.2867170423269272 0.1326213181018829 0 64.64904966950417 3.567723274230957 0 49.6469090282917 18.32822094857693 16.33485467731953 4.344770811498165 2.936823576688766 0.7371803522109985 0.8878394141793251 0.2719468176364899 0.4618091955780983 8.061047755181789 1.685367979109287 1.582387365400791 8.507254555821419 1.119838580489159 0 0.2654464989900589 0.2229812294244766 0 0.1227055266499519 0.1885778158903122 0 0.4703435152769089 1004.553994506598 0.8484664559364319 0.15772645175457 0 634.4796926230192 0.3833620101213455 0 7.406138092279434 3.178913712501526 3.146306917071342 113.0747992247343 2.64811435341835 56.84676156938076 136.6969911307096 23.32160811126232 5.518419399857521 169.5315197855234 145.0403945595026 94.76867139339447 7.573989361524582 1.007605761289597 1.175945311784744 0 0 0 0 0.1333473920822144 0 0 0 0 0 0 0 0 0.1698384881019592 0 0 0 1.765912368893623 0 0 0 0 3.872691005468369 1.186613708734512 5.40471687912941 2.930729851126671 0 0 0 0 0.1548793315887451 0.9094024002552032 0 0 0 4.071404412388802 0 0 0 0 0 0 0.2032029181718826 0 0.2909380495548248 0.1271635293960571 0 0 0 0.9330683052539825 0.392635703086853 0.4608814865350723 0.1345318406820297 0 0 0.1285528391599655 0 0 0 32.99493359029293 0.781893253326416 0 0 0 0.1715269684791565 0.6571741998195648 0 0.523240715265274 0.1483991593122482 1.158933341503143 0.7770388722419739 0.5454423725605011 0 0 0 0 0.1128498837351799 0 0 0 28.19083805382252 5.568177863955498 2.177462860941887 200.0288832560182 16.12684907764196 129.9631748646498 20.0743723064661 2423.147679470479 23.72964489459991 7.559282876551151 22.09795895218849 14.4954397380352 0.6153791099786758 9.459292821586132 0 29.94344045221806 1.361483991146088 0 2.548053115606308 0 0.416302889585495
424.6468913555145 619.6811190843582 7012.459080830216 7.761461317539215 940.760179027915 5.393193900585175 62.45771370828152 2272.041892901063 2753.536010220647 11.74774903059006 0 96.68635435402393 2930.100821465254 5651.333710558712 176.0552660897374 300.0763764977455 15.91449062526226 1.160151958465576 0.5093927532434464 2.511834427714348 7.687376827001572 0.7313841879367828 2.892862468957901 0.9330836683511734 3.26169478148222 6.820483043789864 1.966271102428436 3.87647096067667 6.256444565951824 0.3510470241308212 762.3768964856863 696.103594943881 418.9988759458065 0.6279935836791992 4.266695737838745 2.393150165677071 82.82160356640816 14.97384633868933 9.62606018781662 7.834003329277039 26.41148825734854 2.575168497860432 1.795683607459068 33.54296163469553 1.520228318870068 5.431670069694519 344.424625582993 24.64458777755499 0.9034994542598724 2.526609048247337 25.44898283481598 0.4936905056238174 1.254264026880264 4.233070455491543 27.35856863856316 54.74834404885769 42.93633479624987 270.5661255046725 6.184446282684803 19.24189505726099 10.17846006155014 48.56470572948456 2.128739386796951 143.270984120667 20.29160594940186 9.766334235668182 27.4572577252984 37.1369501799345 31.00540476292372 85.60909742116928 279.0768722966313 13.88976612687111 0 131.8574758693576 144.0616462826729 231.2241105362773 174.9945268779993 165.7030785158277 180.7750697433949 178.7919188812375 25.58557150512934 31.10562881082296 20.75744388997555 4.475311636924744 5.221408650279045 23.59148417413235 25.92009238898754 0.3792846277356148 5.855966068804264 0.2966199815273285 4.946950152516365 3.473430432379246 57.86132225394249 10.67885552346706 7.007814720273018 124.1182472109795 114.1014778316021 0 8.356079265475273 182.4113223701715 0 0 0.2451345473527908 0 2.038015201687813 9.732135772705078 0.6877018511295319 11.10315191745758 15.51901091635227 1.330245286226273 2.682382747530937 29.70692458748817 39.72386483848095 23.20117641985416 7.051856368780136 3.317616522312164 2.081351831555367 0.142865926027298 0.3351602703332901 0.1176924705505371 0 0.9309719204902649 0 0 0 0.1531365662813187 0 0 0.14621302485466 1.518757499754429 1.689196549355984 0.6314919292926788 0.3480110466480255 0 0.3173628598451614 0 0 0 0 11.00850274413824 3.08930678665638 11.11368890106678 8.001090414822102 3.749840617179871 0 0 0.9604012370109558 1.009480193257332 1.126674041152 0.7611992210149765 0 0.1755453944206238 2.867194220423698 0.5008023083209991 0.6283140778541565 1.232551634311676 1.575526148080826 1.416923560202122 0 0.5661060810089111 0.08341071009635925 0.6117471307516098 0 0 0.3846595287322998 0.6468282490968704 0.9219502210617065 0.493108794093132 0.3026942536234856 0.2644721046090126 0.2541313022375107 0.156360849738121 0.2627672106027603 0.4404943585395813 0.1814995557069778 0.5576593279838562 51.01610185950994 1.573606416583061 0 0.2601813822984695 0.6965204328298569 0.2843506932258606 3.042183399200439 1.442764326930046 0.5946504026651382 0.7729916572570801 1.867734745144844 0.6763259470462799 2.029119156301022 0.314860075712204 0 0.1357418745756149 0 1.883095405995846 0.3499844372272491 0.453641951084137 0.1276818960905075 23.0301770567894 16.71092981100082 17.20396991819143 689.4650253653526 148.0133455768228 624.8243286982179 211.0823410749435 231.5788799449801 83.52553834021091 33.15324099361897 268.2061854526401 27.01103109121323 2.153398208320141 8.477026641368866 1.420293733477592 5.082364089787006 1.344523184001446 0 8.029524371027946 12.17333759367466 11.77470418810844
116.6665182709694 13.2518600076437 39.55575499683619 31.56412479281425 10.33791579306126 208.4143356978893 17.79094828665257 78.86821566522121 22.89218653738499 1945.947068601847 96.68635435402393 0 1928.083954036236 280.319059535861 7.213447995483875 17.74776900559664 0.4041592925786972 1.132394641637802 0 0 0.2017106860876083 0 0 0 0 0.7631301581859589 0 0 0 0 7.121550098061562 2.796450421214104 6.80040431022644 0 0 0 0.6637174338102341 0.6123790144920349 0.1850708574056625 0 0 0.1496025770902634 0 2.354268446564674 0 0 11.85372345894575 0.6421356797218323 0 0 0.8494463190436363 0 0 0.1841944009065628 0.9545060992240906 0.300421267747879 2.195370778441429 3.841441132128239 0.12058125436306 0.7264296859502792 0.201515719294548 0 0 3.481757029891014 0.2158580049872398 0 0.2571249753236771 0 0.1427706032991409 0.5278995484113693 109.0301786959171 7.00413766503334 0 2.880174145102501 2.821603178977966 7.683028429746628 4.455537848174572 6.378885641694069 0.3676709234714508 3.40752375125885 1.275260597467422 0.5949840396642685 0.2795487642288208 0.1366845518350601 0.0985742062330246 0.4386861473321915 0.4201850593090057 0 0.3528914600610733 0 0 0 0.152377262711525 0.4237964451313019 0.1633268445730209 1223.45980219543 6.250307828187943 0 0 69.60734787583351 0.282627135515213 0 4.688995778560638 0.9190367162227631 4.223321735858917 85.81090542674065 1.908432334661484 41.01513719558716 69.28616504371166 11.8513946980238 8.816159024834633 148.144054427743 134.8986382633448 91.33961553871632 13.62728023529053 2.723692864179611 0.747523158788681 0.3157438039779663 0.1788633912801743 0 0 0 0 0 0 0 0 0.4239090979099274 0 0 0 0 0 0 0.8508050739765167 0 0 0 0 7.228663310408592 1.224600717425346 12.40627227723598 5.955590307712555 0.3763552308082581 0 0 0 0.183642566204071 1.139458104968071 0.592321515083313 0 1.490765228867531 5.095268696546555 0.1686695218086243 0 0 0 0.5470674335956573 0.1169540509581566 0 0.1636285781860352 0.2328144460916519 0.6580990701913834 0 1.387459188699722 0.2159975618124008 0.256074070930481 1.227912917733192 0.4937124997377396 0 0 0 0 0 0 0.2962848842144012 59.84297707676888 2.39846932888031 0 0 0.1231786534190178 0.1820199936628342 1.551655650138855 1.000160917639732 0.4759032428264618 0.4786082953214645 1.979700282216072 0.7248229682445526 1.290129356086254 0.1030165776610374 0 0 0 0.5740516930818558 0 0 0 39.98130522668362 11.33968412876129 6.293333321809769 160.3680937886238 10.05821789801121 39.2736314162612 16.1697970032692 295.6288919150829 4.626607164740562 1.134197942912579 28.63062088936567 24.44568514078856 1.229290336370468 13.50195783376694 0.7434656471014023 15.819116294384 1.810591965913773 0.1172804087400436 5.762697637081146 0.7271669656038284 0.5708416104316711
273.6143194586039 1048.051545895636 653.6209028512239 638.8949265405536 1306.521546028554 319.9107618182898 2344.379502825439 1327.665636591613 1685.138025544584 6067.133241333067 2930.100821465254 1928.083954036236 0 1823.098185494542 151.3465060219169 223.7850441634655 13.8679666519165 0.7355177104473114 0.2996760904788971 2.166533902287483 6.41987568885088 22.94033923745155 0.4535385519266129 0.3357960879802704 5.995920956134796 9.437700666487217 0.2985143661499023 14.17480809241533 24.17250861227512 1.960102260112762 109.4285209104419 46.20407284796238 1086.206959605217 1.248616635799408 0 3.008635103702545 272.1422032117844 210.7203641608357 16.23280572146177 84.16543936729431 3.386359661817551 7.462619282305241 0.6046077609062195 19.90399631857872 0.9017868340015411 2.247470557689667 215.6303701326251 8.602335318922997 0 0.669638067483902 16.60733527690172 10.87881527841091 43.60795699059963 13.22713353484869 9.564000107347965 24.69805438816547 22.69139716029167 76.56583232432604 3.193882554769516 7.141276709735394 8.029932528734207 90.14319574832916 0.969685286283493 39.73755101114511 8.784016661345959 3.866167575120926 8.534254550933838 3.667641833424568 2.361147403717041 6.142412923276424 532.0631764680147 174.6242913901806 2.563299030065536 53.76494143903255 42.65251342952251 129.5016160905361 79.00315678864717 83.9861867800355 5.779064707458019 235.1656325757504 7.662462465465069 20.88762784749269 10.29185199737549 2.72923369705677 2.945436984300613 14.86419981718063 9.305687054991722 2.453949481248856 3.703725151717663 4.648065187036991 2.708088889718056 5.025414526462555 11.03723200410604 2.374881088733673 16.41218812763691 5163.474123962224 204.5717691034079 2.092183887958527 8.783653736114502 151.698474265635 0.7114421427249908 0.822405532002449 27.12262043356895 9.244849190115929 18.07647663354874 354.3838198706508 12.73591290414333 240.5620818436146 490.3616859912872 59.06785607337952 36.54263999313116 683.594858944416 675.3744693472981 383.4278367906809 84.47503168880939 32.13992649316788 16.1150451079011 2.294947043061256 6.569100052118301 0 0 1.015513524413109 1.43995788693428 0.7943361699581146 0.5819420516490936 2.003104522824287 0.692337840795517 2.410655587911606 0.3841305822134018 6.174785047769547 0.8090461045503616 7.717605948448181 1.698218435049057 0.935371920466423 5.009023532271385 3.007634244859219 0 0 0.2907118201255798 96.25094982236624 29.1804813593626 101.1038069278002 85.19862295687199 15.90183623880148 0.954050749540329 0.227376215159893 0.4879849404096603 2.877207510173321 15.18487145006657 5.203196130692959 0.3878095149993896 2.573872998356819 35.13998584449291 0.4314703941345215 1.121291615068913 1.120177567005157 10.78053072094917 2.711046114563942 0.1878070160746574 1.283290028572083 0.2447711676359177 2.767125055193901 1.894548691809177 0 5.091822229325771 5.97967305034399 6.629769131541252 7.315374106168747 4.54868246614933 1.445386342704296 0.3817945867776871 0.6871403083205223 0.7006192430853844 0.8433494120836258 0 1.942092075943947 462.0474819466472 10.60313877463341 0 0 1.034714624285698 7.205167666077614 19.22050106525421 4.941103897988796 3.554719485342503 4.624285839498043 11.07986123114824 6.187406532466412 17.76732586324215 1.34965593367815 0.1238649487495422 0.4759775921702385 0 0.875634990632534 0.6643424928188324 0 0.2278020828962326 279.264920130372 165.5444722101092 130.8901869729161 1408.359736889601 223.194262303412 603.5329493433237 290.7013806328177 907.2999115139246 86.41987986117601 40.56917034089565 416.4810060337186 183.9486843273044 18.09259935468435 101.8171185255051 9.03093484044075 90.56464975327253 7.374651186168194 1.25995771586895 38.83496482670307 18.3152404204011 17.08438581973314
