0 3890.323858559132 1194.259955912828 2123.365154519677 745.7671983912587 191.9407304525375 633.2660103291273 159.5697690993547 72.68126924335957 781.6068510711193 340.9314602017403 22.01621164381504 32.3042095080018 37.46869759261608 8.76359586417675 4.987442448735237 0.6991087645292282 0.4234007298946381 0.1632115989923477 1.692511945962906 1.210242077708244 0 1.398175626993179 0.7981726005673409 3.833748184144497 0.279495932161808 2.962650313973427 0.4538347125053406 0.2220407649874687 0.6336280405521393 226.1196392923594 23.87315595149994 12.24062894284725 0.1307445764541626 1.628631390631199 2.983236365020275 11.52323962748051 5.249136961996555 3.066385567188263 4.207970932126045 1.018016010522842 0.3888353407382965 2.187411800026894 1.767128176987171 0.336040198802948 0.7369755953550339 40.29365042597055 1.617995865643024 0.1264871805906296 0.893460251390934 1.406496614217758 0 0.3020709156990051 0.1249445229768753 3.23396223783493 0.5551890507340431 196.9264816716313 1056.31059832871 30.80571787059307 9.261914014816284 0.8535065501928329 2.385393410921097 0.7287189662456512 12.05006494373083 0.5428209528326988 0.5484649688005447 0.7945626750588417 1.43789791315794 1.660845331847668 4.503306157886982 14.59156563133001 0.61190265417099 0.2161340862512589 208.9462896585464 38.81966868788004 26.18031577765942 11.83122015744448 4.893655925989151 0.9006159901618958 94.61499430239201 0.1264743804931641 5.790256790816784 15.20949107408524 0 1.107261709868908 1.71357524394989 1.294092133641243 0 0.9806854501366615 0 0.2544257268309593 0 1.09478160738945 1.262951500713825 0 24.64134401082993 1.361036539077759 0 1.321019612252712 1297.41413641721 0 0 0 0 0 4.007853925228119 0.5404493808746338 0.6850989907979965 15.69676525890827 2.382495284080505 0.6696871519088745 3.487748146057129 9.03073987364769 4.748955175280571 0.4905857145786285 0 0 0 0 0 0 0 0 0 0.1160253062844276 0 0 0.1203908398747444 0 0 0 0 0 0 0 0 0 0 0 1.536029376089573 0 0.918556272983551 1.505660742521286 0 0 0 0 0 0 0 0 0 0 0 0 0 0.1758013218641281 0 0 0 0 0 0 0 0 0.1417116820812225 0.5126214176416397 0 0 0 0 0 0.2663278579711914 0 0 0 4.716787710785866 0.3327099978923798 0 0 0 0.3241491913795471 0 0 0.1129186972975731 0 0 0 0 0 0 0 0 0 0 0 0 1.681301265954971 0.3537361770868301 1.167264893651009 63.66646356135607 10.98065210133791 70.16480465233326 11.94939263910055 969.155399531126 13.42591990530491 2.268988221883774 5.393317870795727 0.1684205681085587 0.2728387862443924 0.1422941535711288 0.1125695034861565 5.381065621972084 0 0.1134402751922607 0 32.29876548796892 0
3890.323858559132 0 1872.139700479805 699.1914063170552 4175.129082329571 276.2148251608014 4572.300359264016 115.3857010826468 1343.377984538674 171.8689821660519 1057.158195994794 12.76481711864471 206.6053589358926 163.4288153424859 26.27758167684078 5.175987593829632 0.5461275056004524 1.555295675992966 0 1.050264582037926 1.039738357067108 0 1.070614330470562 0.4677649587392807 4.139632329344749 2.309626720845699 2.682594731450081 0.1972897499799728 0.8756517991423607 0.4152464717626572 1141.667031623423 98.5057018995285 23.85912404954433 0.3510599583387375 1.886116109788418 3.330509893596172 28.93307957798243 7.382540591061115 7.531958684325218 6.740515939891338 0.6610095724463463 1.161024086177349 1.318152092397213 2.243141911923885 0.3154005110263824 1.168691985309124 316.5659053623676 11.41369567811489 0.5991461127996445 2.357089124619961 1.226681888103485 0.4079709202051163 0.5621172934770584 0.7931478396058083 11.60792403668165 3.72773715108633 158.841083958745 1104.786333627999 64.08086656033993 67.74495515972376 2.598101124167442 6.071749866008759 0.4919916018843651 93.21051310747862 4.623875461518764 1.541083790361881 3.100319184362888 3.748502910137177 2.776365660130978 4.897340081632137 69.34133911132812 0.212659627199173 0 553.0640851184726 180.6584271937609 176.8949249535799 52.6013068780303 14.43746811151505 2.402971722185612 85.05487515777349 0.1719791293144226 6.28138630092144 72.9826605245471 0.1361148059368134 5.280691727995872 6.343174912035465 5.260698758065701 0.1226090490818024 0.9459778293967247 0.2792239785194397 0.4448316991329193 0.9940055981278419 1.858799390494823 1.018789403140545 2.069062158465385 129.94727024436 5.6485216319561 0 9.390466898679733 1136.461584769189 0.938645526766777 3.309782132506371 0.2690098285675049 0 3.31970289349556 34.07731225341558 1.801487654447556 9.810619063675404 37.36152168363333 18.81346031278372 4.621636189520359 41.65689296275377 52.88118385523558 39.27629885077477 11.01479182392359 0.5316835790872574 0.6823077201843262 0 0 0 0 0 0 0 0 0 0 0 0.2241291701793671 0 0.2234210222959518 0 0.2106741964817047 0 1.853537991642952 0.171021968126297 0 0 0 9.002386897802353 1.218341901898384 4.120277658104897 1.480007320642471 0.2101702243089676 0 0 0 0 0.2247510254383087 1.225512623786926 0.2518430352210999 2.49712809920311 3.43134106695652 0 0 0 0.1216555312275887 0 0.1823562234640121 0 0 0 2.164743438363075 0 0.6802389621734619 0.1525341868400574 5.9209054261446 0.2883423864841461 0.4690623134374619 0.1429437249898911 0 0 0 0 0 0 40.38956106454134 0.4205058813095093 0 0 0.1423192322254181 1.187154367566109 0.8130477964878082 3.105708330869675 5.723979935050011 0.247427761554718 2.015039190649986 0.3091789186000824 0.4114804863929749 0 0 0 0 0 0 0 0 30.05981375277042 4.543215394020081 6.590023934841156 406.3917439430952 34.86830607801676 536.3643160611391 70.88408569991589 1473.334723263979 76.23075201362371 1.997220739722252 66.35051846504211 10.852673381567 0.5640441626310349 4.090685494244099 0.2446913719177246 29.40412123501301 0.7111185789108276 0.5272185951471329 1.718272894620895 37.00774955004454 0.2535319626331329
1194.259955912828 1872.139700479805 0 18.52790577709675 984.8185529559851 34.6820991486311 227.7237016633153 1737.805536441505 935.6590834036469 6.633229218423367 2764.487516544759 3.087049156427383 69.5250054076314 225.3954754918814 43.44952528178692 24.07185907661915 3.568106643855572 5.100474163889885 0.4093294218182564 8.570738665759563 9.882693789899349 0 16.70740465074778 3.194060243666172 28.87502260506153 2.98603793233633 27.71443387120962 1.031693115830421 1.729287087917328 1.135074242949486 4204.738403558731 805.7942724451423 53.4675545245409 4.211407408118248 17.75335955619812 18.7073162868619 52.23599817603827 33.70580978691578 18.31072135269642 29.94905496388674 3.969419419765472 1.386332489550114 15.18159268051386 8.091419547796249 0.2552224397659302 2.852206110954285 216.708927243948 9.006400667130947 1.906992539763451 8.182645678520203 3.547953568398952 0 0.3194545358419418 1.203962624073029 6.437350928783417 3.066988855600357 132.8488863408566 1959.183973453939 46.62994641810656 41.20755769312382 14.12338423728943 19.71360836178064 10.27352577447891 107.2688568606973 3.779276706278324 1.774868495762348 5.128340862691402 11.64546104520559 11.18341018259525 35.92155004292727 34.94399665296078 1.128375105559826 0 395.652286849916 169.6240962594748 144.683072142303 71.32725591212511 25.59872390329838 9.62023850530386 628.4896923005581 5.429696679115295 42.21290756762028 43.35493658483028 0.1035772413015366 5.399507395923138 4.053710907697678 11.06719098240137 0.09962183237075806 1.047931291162968 0.2354252114892006 2.138251535594463 1.364618517458439 7.902559846639633 4.896863259375095 1.909338153898716 16.02177553623915 0.4984347224235535 0 6.75068610906601 1179.697927996516 0 0 0 0 0 6.287226729094982 1.039622664451599 1.710773453116417 8.223400473594666 3.34354904294014 0.8735703080892563 8.867993466556072 11.33954104781151 13.46274539083242 0.6376935541629791 0.5041530281305313 0.1566746085882187 0 0 0 0 0 0 0 0 0 0 0 0.2342174351215363 0.1477219611406326 0 0 0 0 0 0.3758664429187775 0 0.1703546047210693 0 2.334726974368095 0.1654746979475021 2.020563840866089 1.324722066521645 0.122554823756218 0 0 0 0 0 0.3807713240385056 0.1712950319051743 0 1.161818347871304 0 0 0 0.1446668207645416 0.9695683568716049 0.1860436499118805 0 0 0 0.1025485023856163 0 0.3490318208932877 0.1353394240140915 2.932915963232517 0 0 0.0995357409119606 0 0 0 0 0 0.1065167114138603 11.7115670517087 0.7377152442932129 0 0.1356086432933807 0.2443370595574379 0.3137332499027252 0.184960663318634 0.6057990193367004 0.8313183188438416 0.2735210359096527 0.2829824686050415 0.3013915121555328 0.1729335188865662 0.1377293318510056 0.1262592226266861 0.1071430668234825 0 0 0 0 0 4.784128457307816 1.394479975104332 2.679708726704121 178.05686493963 27.0566271468997 332.9376833811402 53.10475734621286 453.2030079811811 42.73672258108854 1.613044209778309 35.38241448253393 6.094909891486168 0.8071487098932266 1.438715055584908 0.1304497420787811 7.294552847743034 0.7636547982692719 0 0.1524237543344498 9.891232132911682 0
2123.365154519677 699.1914063170552 18.52790577709675 0 44.8861618489027 487.0366452634335 1064.695717029274 2.51115471124649 16.33515326678753 1431.892757326365 2.333445750176907 137.3098663985729 216.1882367953658 7.009972423315048 1.786776937544346 0.1750645339488983 0 0.1309308409690857 0 0 0.1783978790044785 0 0 0 0 0.2075730413198471 0 0 0 0 64.43771867454052 8.947992831468582 1.372001230716705 0 0 0 0.8639844581484795 0 1.196860492229462 0 0 0.08266244828701019 0.3121674358844757 0.4021406471729279 0 0 32.16674847155809 1.304788112640381 0.09785383194684982 0.2449182346463203 0 0 0 0 2.070539921522141 0.4258361235260963 33.6341695189476 223.6030257344246 10.92371203005314 8.511142037808895 0.4435505867004395 0 0 3.137491203844547 0.3814956247806549 0.09980500489473343 0.1182447820901871 0.1249140277504921 0.3910619467496872 0 13.97376149892807 0 0 79.20086960494518 24.78299682587385 17.80282264202833 2.097689107060432 0.9932610541582108 0 0.5708706080913544 0.1172029376029968 0.2840321660041809 11.5182506814599 0 0.9854777231812477 0.9869966059923172 0.5307461619377136 0 0.1094954535365105 0 0.2880390733480453 0.3432269617915154 0 0 0.1237998381257057 107.7766413539648 0.209821343421936 0 1.166501104831696 291.301901191473 1.095623075962067 2.015364617109299 0.3094788491725922 0.369452178478241 0.151951014995575 17.64896155148745 0 6.600727155804634 25.47634805738926 7.317132711410522 1.77812959253788 13.46627962589264 20.2190131098032 21.79440946877003 3.296934515237808 0.9202722907066345 0 0 0 0 0 0 0 0 0 0 0 0 0 0 0 0 0 0 0.2542815804481506 0.1414181143045425 0 0 0 2.245093330740929 0 2.157897651195526 0.6368454396724701 0 0 0 0 0 0.1689268052577972 0 0 0 1.404318675398827 0 0 0 0 0 0 0.3949668407440186 0 0.1751821339130402 0.6609309315681458 0 0 0 1.452217683196068 0.1668700277805328 0 0 0 0.09634808450937271 0 0 0 0 14.72601737082005 0 0 0 0 0.1723080426454544 0.3354388773441315 1.797549039125443 0.5604946911334991 0 0.704011857509613 0.894501805305481 0 0 0 0 0 0 0 0 0 11.36746715009212 0.366374745965004 0.8260550200939178 66.53279121220112 3.314938597381115 52.12368626147509 4.893915563821793 888.7677756845951 9.085496284067631 0 6.282050453126431 4.443387031555176 0 1.267719686031342 0.5647311061620712 15.41767190396786 0 0 0.2166582494974136 16.96614122390747 0.5120481252670288
745.7671983912587 4175.129082329571 984.8185529559851 44.8861618489027 0 45.01955455541611 8069.340253531933 72.27504219859838 9072.289557784796 200.5818549990654 1563.193434752524 19.10159876942635 544.0952800065279 155.1219007596374 21.13315097987652 6.373358376324177 0.9417752400040627 0.3067158758640289 0.6077505648136139 0.8965435177087784 1.336435481905937 0 0.8800507858395576 0.7888081446290016 1.641458176076412 2.000037893652916 1.450725637376308 0.5859333798289299 1.877082742750645 0 227.244270786643 79.04854615032673 19.24374203383923 0.2951098158955574 0.8227410092949867 0.9905026778578758 21.74816558510065 3.658777371048927 4.588739715516567 2.005385622382164 1.201421223580837 1.291632138192654 0.8868929296731949 0.6544070914387703 0.5951348543167114 0.193180724978447 239.8058752566576 7.342762641608715 0.509044423699379 1.269906029105186 1.196455739438534 0.1539443582296371 0.2134189754724503 0.5374955907464027 4.695412918925285 2.457101009786129 40.91487900912762 266.6780169159174 26.49444074928761 42.39311287552118 0.831125020980835 3.46716271340847 0.5652801543474197 57.3018129914999 2.270968303084373 0.8990538120269775 1.599453940987587 2.263133101165295 2.393835872411728 2.531780228018761 114.7052132114768 2.820997416973114 0.1484165489673615 211.0612140074372 81.93771477043629 124.2495739609003 55.21399906277657 11.70694077014923 2.51533554494381 27.5179456397891 0.7797994911670685 1.510041199624538 37.07771117240191 0 5.506627172231674 5.07258702069521 4.874584443867207 0.1146971210837364 1.347784020006657 0.1319720447063446 1.376722499728203 0.9387352615594864 0.6072681918740273 1.398405835032463 1.860471315681934 330.9925294965506 6.205035328865051 0 9.139540076255798 88.11081404983997 0.8306020200252533 2.566414386034012 1.413861356675625 0.2856804430484772 6.948914498090744 41.61502505838871 1.286410093307495 15.54922524094582 43.02053848654032 19.74346808344126 6.815143175423145 61.59034135192633 87.0207946524024 74.28219535201788 18.20288962125778 0.6621010601520538 0.2076798379421234 0 0 0 0 0 0 0 0 0 0 0.1768505275249481 0 0 0 0 0 0 4.435231700539589 0.5265611410140991 0 0 0 11.38144485652447 0.3467844724655151 8.322021067142487 0.1974968463182449 0.7766901701688766 0 0 0 0 0.196689784526825 0 0 2.85544790327549 6.51425963640213 0 0 0 0 0 0 0.1156200468540192 0.1071901693940163 3.221866935491562 1.012241780757904 0 0.5805840641260147 0 12.41396687924862 0.100683681666851 0.3818008974194527 0.1094045788049698 0 0 0 0.2807252407073975 0 0 82.4152170419693 2.869662463665009 0 0 0 2.293692454695702 0.811102569103241 5.835820972919464 5.247940249741077 0.8703416883945465 4.95374695956707 0.2855837345123291 0.4431388229131699 0 0 0.1369950026273727 0.1422337293624878 0.1261153370141983 0.1520480215549469 0 0 51.23269418627024 15.65325218439102 9.896587751805782 373.0011336356401 40.16229356080294 468.0277405679226 82.60029351711273 289.3398358225822 76.71563360095024 4.361091881990433 76.73152755945921 7.971878677606583 0 4.299165233969688 0.6272675096988678 26.99160414934158 0.8899416029453278 0.137328177690506 2.984521433711052 7.74561233818531 0.5331294238567352
191.9407304525375 276.2148251608014 34.6820991486311 487.0366452634335 45.01955455541611 0 274.0913299396634 0.7571791410446167 19.2349997907877 838.0192559212446 10.38345387578011 153.3589073717594 149.7794696390629 28.45227289199829 1.361079066991806 0.2240272909402847 0.2747346460819244 0 0 0 0.1843520551919937 3.454982429742813 0 0 0.1806455701589584 0 0.3707684651017189 0 0.7846598625183105 0 5.627790495753288 0.7736738994717598 1.942592903971672 0 0 0 20.36441168934107 0.2876602709293365 8.590670809149742 0 0 0 0.1247861459851265 0 0 0.3058094382286072 1.81937900185585 0 0 0 0 24.34289907664061 3.288360118865967 0.2896405458450317 0 0.9919804632663727 156.8020426034927 158.1175318732858 3.604653775691986 0.5127927213907242 0.2936387062072754 0.4578949511051178 0 0.2959937751293182 0 0 0 0 0.1427612602710724 0 240.2644670456648 327.0630458146334 17.86628983914852 6.980073235929012 1.854950681328773 0.9106321632862091 0.1170561611652374 0.2053082883358002 0 2.052253410220146 0 0.1143657937645912 0.6901836842298508 8.131125651299953 0.2213690876960754 2.315796501934528 0.09410068392753601 25.90607044100761 8.309443727135658 16.8696798607707 0.5593056082725525 2.937689885497093 0 0 0.6084609851241112 485.363273486495 249.0361712574959 45.58806116878986 61.59744827449322 602.3222239762545 0 0 0 0 0.1881238967180252 3.362774156033993 0 1.004291817545891 2.954563707113266 0.8912776559591293 0 4.552085757255554 7.228851094841957 3.695498645305634 0.8916195333003998 0 0 0 0 0 0 0 0 0 0 0 0.2903105914592743 0.1607061326503754 0 0.3941375464200974 0 0.4496599286794662 0 0 0.1559993475675583 0 0 0 0 0.7406515926122665 0 0.4708854556083679 2.635051771998405 0.8775502145290375 0 0 0 0 0 0.2495052367448807 0 0 0 0 0 0 0.179396316409111 0 0 0 0 0.1780058294534683 0 0 0 0 0.7807828485965729 0 0 0 0.2920460104942322 0 0 0 0 0 3.972712814807892 5.422609925270081 0 0 0.2263580113649368 0.5102096796035767 0 0 0.147501528263092 0 0 0 0.8741268515586853 0.136740654706955 0.1536376178264618 0 0 0.6040975749492645 0 0 0 4.420488834381104 1.328564420342445 2.10683411359787 12.48121186345816 0.7403214573860168 3.604749739170074 0.9551847949624062 355.902171716094 3.337604165077209 0.4829664677381516 0.2353257089853287 1.04047766327858 0.1197061389684677 0.8061624616384506 0.1510331779718399 3.024681374430656 0 3.661465167999268 0.3096626400947571 4.236853018403053 0
633.2660103291273 4572.300359264016 227.7237016633153 1064.695717029274 8069.340253531933 274.0913299396634 0 14.87884995341301 8238.49830827117 1996.926369160414 482.4939568713307 138.3582060188055 1918.649461656809 1795.93461856246 41.58788214623928 10.53900776803493 1.095330290496349 1.526752941310406 0 0.422989159822464 2.623534016311169 0 1.081594072282314 0.2743335366249084 1.894253693521023 2.444528207182884 1.950360670685768 0.3094784989953041 2.726890578866005 0.2702357918024063 104.6817375794053 71.9506771415472 36.04516544193029 0.2340666204690933 0.6957680806517601 1.270245112478733 67.84749749302864 4.917851626873016 10.70602118968964 6.904253646731377 1.504282958805561 1.710157938301563 1.230928458273411 2.397718980908394 0 0.5553497821092606 338.8854367136955 8.664866417646408 0.7077564373612404 1.690511532127857 2.727736234664917 0.5800363719463348 0.4305408298969269 1.406343922019005 7.825605891644955 3.20746648311615 63.91637612879276 360.2442449852824 45.03427250683308 60.66318136453629 1.22123933583498 3.690485015511513 0.2829851061105728 58.0985479131341 4.395382650196552 1.037628665566444 1.875031389296055 3.818162299692631 3.533535487949848 3.978623881936073 254.3609122559428 8.823113441467285 0.2761640548706055 301.0641452223063 100.9943214952946 176.941449418664 69.39522083103657 18.84592901915312 1.827035151422024 12.90616329759359 0.7395766526460648 2.914296992123127 50.98454511165619 2.156778208911419 3.834392614662647 5.751479797065258 6.401034660637379 0 2.220976784825325 0 1.507590666413307 0.8603858798742294 2.546276487410069 1.816067583858967 3.34714287519455 1197.050576649606 18.38462828099728 0 26.95572753250599 178.2310265675187 4.13656510412693 13.9539659768343 37.05221922695637 5.441788956522942 14.6056704223156 120.3085198402405 9.486350193619728 45.87373497337103 143.7589747086167 59.22462876141071 18.17741840332747 172.7833850979805 227.8261640965939 182.969287827611 41.02491933852434 1.313953503966331 0.3056316822767258 0.1243015229701996 0 0 0 0 0 0 0.6216572970151901 0 0 0.3338344693183899 0 0.1793312430381775 0 0 0 0 10.35352373123169 0.5497788190841675 0 0.1551481336355209 0.1717672049999237 24.98179041594267 0.5908908993005753 22.7596228197217 2.098086342215538 0.8353652507066727 0 0 0 0 1.192835479974747 1.834226801991463 0 7.462081909179688 15.41882991045713 0 0 0 0 0.1854567527770996 0.2931765839457512 1.241098687052727 0.1246384605765343 3.844848357141018 4.795736774802208 0 1.170903250575066 0 21.18561853468418 0.9227591156959534 0.320447564125061 0.6617785021662712 0 0 0 0 0 0.1054213419556618 194.7772144004703 0.7594070136547089 0 0 0.1714990735054016 6.933917477726936 3.942199259996414 10.71158969402313 15.47549322247505 4.241226211190224 7.966402426362038 3.523845538496971 0.966423824429512 0.233344741165638 0.2052821516990662 0 0 0.1429998576641083 0.3289424628019333 0 0 151.1132112815976 20.88137765228748 17.21692451089621 642.5405426546931 55.0396608710289 681.6501915454865 125.7880539000034 1014.600494131446 110.3419310003519 3.972197823226452 123.3878977969289 27.24144009500742 1.9858083948493 12.65982060879469 1.190054371953011 89.31702910363674 0.7870284616947174 0.404484935104847 2.894917756319046 13.58204396814108 1.496757879853249
159.5697690993547 115.3857010826468 1737.805536441505 2.51115471124649 72.27504219859838 0.7571791410446167 14.87884995341301 0 138.3700551092625 1.077248252928257 2272.460045173764 0.3563128709793091 15.5357508212328 136.0468570888042 35.54387481510639 27.2517479583621 6.499820917844772 45.45116885006428 10.71405109763145 77.22127847373486 65.42847420275211 0 54.01435398310423 13.55029272288084 52.83702013641596 5.899048916995525 53.83630952984095 1.626723855733871 1.806620121002197 2.936044283211231 1470.052036710083 3693.189115248621 78.34415685385466 26.17611377686262 63.48912169784307 35.72696312516928 32.72277969121933 39.30462816357613 13.69430547952652 27.98907620459795 11.29455863684416 4.570417799055576 82.37824038416147 43.09643457829952 9.833492517471313 41.85913436859846 148.4692721888423 7.9821937084198 3.498928710818291 66.65590436011553 7.250220075249672 0.2399014309048653 0.7048449665307999 1.604257330298424 3.223934628069401 0.813158206641674 48.54773100465536 824.2088880315423 15.64892654120922 24.66862282902002 358.3461225256324 55.2709256708622 39.42573817819357 290.164445348084 3.608076594769955 8.023418769240379 9.576732523739338 45.46924349665642 66.42615967988968 166.6825164109468 13.77466345578432 0.6270461082458496 0 190.0179653987288 141.7930999845266 112.3394854962826 196.6135258749127 626.1789030283689 1492.103902041912 2022.046013407409 320.9679005220532 1670.041462279856 20.84908856451511 0 4.170184411108494 2.717236705124378 49.89905405044556 0.1140163987874985 2.90274965763092 0.1360368430614471 3.068398669362068 1.625079944729805 28.7342925965786 13.25123630464077 5.275971584022045 3.294417530298233 0.6312747150659561 0 1.681333050131798 212.9429386779666 0 0 0 0 0 0.5182480365037918 0 0.3028741776943207 0.4625768959522247 0.525170624256134 0 1.793807595968246 1.846705973148346 3.254157558083534 0.1863050609827042 0 0 0 0.3892060816287994 0 0 0 0.1689741015434265 0 0.2709494531154633 0.2312492430210114 0 0 0 0.8887671381235123 0.1680206060409546 0 0.1355744153261185 0 0.1293928772211075 0 0.122925728559494 0.3694266676902771 0 0.6711148768663406 0.2014906108379364 0.6671523898839951 0.9410633593797684 0.991128109395504 0 0 0 0 0 0 0.1569224298000336 0.4453180730342865 0.5666375905275345 0 0 0.3097576498985291 0 0.426840752363205 0 0 0 0 0 0 0.1415293663740158 0 0.8688843846321106 0 0 0 0.1100880354642868 0.1604592353105545 0.252186693251133 0 0 0.4216151535511017 4.580847159028053 0.8750151693820953 0 0 0.4592410624027252 0 0 0.1424551457166672 0.5580961257219315 0 0.2252599447965622 0 0 0 0.09280242025852203 0.1797834634780884 0 0.1366969347000122 0.4629575461149216 0 0 1.089625611901283 0.2762956172227859 1.746146954596043 108.2586842030287 22.6316791176796 239.4886825457215 40.2082364782691 71.22978822886944 21.44152823835611 2.607493504881859 20.37236171215773 1.899275444447994 0.1151091009378433 0.2795640975236893 0.2464983686804771 1.008282080292702 0 0 0 3.35171764343977 0
72.68126924335957 1343.377984538674 935.6590834036469 16.33515326678753 9072.289557784796 19.2349997907877 8238.49830827117 138.3700551092625 0 157.9100328907371 4008.415837563574 30.36458016932011 1578.291893601418 1843.755956605077 53.65819519758224 18.9245311319828 1.402968935668468 0.8739741370081902 0.1161729842424393 1.140882097184658 3.617487147450447 0 2.891611777245998 0.8287943378090858 4.308064356446266 1.898528002202511 4.198490396142006 1.055192358791828 3.653678320348263 0.4032720327377319 56.25406293570995 68.33185994625092 72.64111304283142 0 1.76514708250761 3.960117846727371 86.33475466817617 11.28197157382965 8.158025562763214 8.423745192587376 1.101254150271416 0.7481280788779259 3.984713114798069 3.294125996530056 0.2535381242632866 0.7712053209543228 310.549423545599 4.269919879734516 0.4270420521497726 2.86398421227932 1.595262125134468 0.3821088299155235 0.1351174414157867 2.040066242218018 5.401143506169319 2.255984477698803 22.01792445778847 106.9220891594887 22.82729920744896 41.0779623016715 0.4052559360861778 4.174257472157478 0.4108359515666962 57.91025220602751 1.871907949447632 1.325529791414738 2.961853943765163 5.997878886759281 4.107098795473576 8.875625371932983 146.0164310112596 3.29118324816227 0 155.0945661514997 64.55696557462215 173.7084598019719 84.34924873709679 23.51598527282476 2.139077991247177 54.08053216338158 0.7592719793319702 4.048675812780857 28.22014719992876 0.2577141746878624 3.325018405914307 3.974211752414703 7.086177617311478 0.3028485178947449 2.08615105599165 0.3150859773159027 2.518699087202549 0.5611818432807922 2.562798753380775 3.294677771627903 3.073707044124603 333.6172386258841 5.817711070179939 0 8.025404527783394 16.18919209390879 0.970067210495472 0.9990662634372711 1.196028277277946 0.3331365585327148 2.78776777535677 33.8874554336071 0.744830921292305 13.99033022671938 29.72917900979519 13.59563640505075 4.570613637566566 45.67939024418592 59.92468807846308 55.75472778826952 14.43614398688078 0.9855451583862305 0 0.1355638206005096 0 0 0 0 0 0 0 0 0 0 0 0 0 0.1274274289608002 0.1808189302682877 0 3.052132397890091 0 0 0 0 10.08157442510128 1.287829875946045 7.380649670958519 1.239642202854156 0.3845709562301636 0.5961877256631851 0 0 0 0.5464203953742981 0.1353757530450821 0 3.259609997272491 3.574825070798397 0.1220467388629913 0 0 0 0 0.2913866341114044 0.1799682825803757 0 1.041224643588066 2.553032159805298 0 0.431353360414505 0 7.288980036973953 1.210324317216873 1.253027357161045 0.2815290242433548 0 0.1175570711493492 0 0.1753742694854736 0 0 63.79469554126263 1.48877190798521 0 0 0.1419535875320435 2.138316169381142 1.152053140103817 2.640059843659401 4.539900451898575 0.7419994473457336 2.325226925313473 0 0.6044885963201523 0 0 0 0 0.08822398632764816 0 0 0.168146163225174 43.553685285151 6.859853118658066 7.006118148565292 469.7140539214015 46.16881657391787 570.0338661298156 126.6919448152184 120.2083126306534 87.94530629366636 4.536451295018196 103.8841002136469 14.42369265854359 0.6298043429851532 4.532829523086548 0.5917591378092766 17.91430112719536 0.3769743368029594 0.4170533716678619 1.285030156373978 11.79488828033209 0.212261751294136
781.6068510711193 171.8689821660519 6.633229218423367 1431.892757326365 200.5818549990654 838.0192559212446 1996.926369160414 1.077248252928257 157.9100328907371 0 15.39328891038895 1387.688284277916 7752.772366538644 279.2128826230764 3.59611951559782 1.390717975795269 0 0 0 0 0.2904355227947235 0 0 0 0 0 0.4307260513305664 0 0.1509964615106583 0 17.39600695669651 1.754171721637249 3.141205966472626 0.1092529147863388 0 0.988921582698822 31.13606529682875 1.028584659099579 3.394474267959595 0 0 0.125681072473526 0 0.2782152444124222 0 0 15.63661286234856 0.2183576747775078 0 0 0 0 0 0.213939368724823 0.3725351989269257 0.09835805743932724 42.13546411693096 95.80248717963696 2.972174108028412 2.292039468884468 0 0 0 3.611030928790569 0.4379066377878189 0.1158597841858864 0.1824883669614792 0.1333887279033661 0.2425439357757568 0.8957861661911011 152.7449948191643 0.6706177592277527 0 27.76475527882576 7.919800244271755 8.866014182567596 2.065503500401974 0.8132097944617271 0 1.226009532809258 0 0 3.373154886066914 0 0.1065812408924103 0.2783522456884384 0.1564900428056717 0 0 0 0.1343165338039398 0 0 0.7399153411388397 0 897.9285227358341 12.43687176704407 0 8.320365756750107 497.42991245538 0.8350963220000267 12.26303113996983 4.350581899285316 3.23608985543251 4.564301326870918 76.82647991925478 2.441033482551575 22.76587925851345 70.88237574696541 38.26837080717087 5.427333816885948 99.62735560536385 118.191513992846 136.8480215445161 14.96105888485909 0.2597102969884872 0.1404103636741638 0 0 0 0 0.1425476670265198 0 0 0 0 0 0 0 0.1664304286241531 0 0.4005759358406067 0 0 3.311491049826145 0.2009511291980743 0 0 0 7.636991828680038 0.2283881306648254 8.73377500474453 1.278536647558212 0 0 0 0 0 0.8071856647729874 0 0 2.340876445174217 5.750924065709114 0.1567978858947754 0.2608602344989777 0 0 0 0 1.15893816947937 0 1.876319378614426 4.929521806538105 0 0.5714638978242874 0 10.14923387765884 0.1658137142658234 0.8980208039283752 0 0 0 0.3031802177429199 0 0 0 60.03491105139256 0.6358524560928345 0 0 0 2.111932560801506 1.234814345836639 4.671619236469269 5.642647050321102 2.75490528345108 3.165416315197945 0.6030405610799789 0 0 0 0 0 0 0 0 0 64.3553669527173 7.268702939152718 8.857224062085152 156.2164303511381 3.775943636894226 39.30285415053368 9.967428646981716 1019.112032130361 5.483166240155697 0.1639065742492676 10.73330084979534 17.79984530806541 0 5.739546157419682 0 55.34262119233608 0.2194896042346954 0.3110235035419464 1.5533387362957 6.497252210974693 0
340.9314602017403 1057.158195994794 2764.487516544759 2.333445750176907 1563.193434752524 10.38345387578011 482.4939568713307 2272.460045173764 4008.415837563574 15.39328891038895 0 38.9239764213562 875.4840804487467 2995.663629479706 113.1767944842577 52.77335234731436 5.454658128321171 5.371525250375271 0.4928097575902939 10.08794221282005 14.2813795208931 0.2944586426019669 14.10409116744995 5.156729020178318 38.21717531979084 8.024166248738766 38.28976240009069 2.635669238865376 4.300242908298969 2.157066971063614 665.1123406812549 958.5094608366489 870.4714505299926 5.605762168765068 20.25063624978065 40.81057337671518 339.3227258995175 112.0955961048603 60.12824918329716 59.82975106686354 10.76176451891661 3.83535023778677 21.39773787558079 10.81133940815926 1.404524713754654 3.468299895524979 491.1521193832159 14.07379402220249 1.614174664020538 13.9112294241786 5.723996795713902 1.330951273441315 1.639241546392441 1.972376994788647 8.702120013535023 4.422148890793324 50.27369879931211 488.3927224352956 32.46133941411972 69.20716658234596 19.36097685992718 90.31236004829407 9.194000922143459 193.8534311428666 6.066801771521568 4.613931573927402 5.670873701572418 20.0029788762331 21.75921389460564 43.56126893311739 246.0285555794835 4.730923295021057 0 319.9379477351904 177.6104617491364 311.4704941809177 193.1636876612902 93.3900436386466 60.81449729949236 1673.260904863477 6.248090989887714 109.476831972599 48.78530810773373 0.2709955275058746 6.940528258681297 6.585091128945351 17.29012380540371 0.1034819409251213 3.606363080441952 0.3679007515311241 5.854375600814819 2.771175369620323 11.08701527118683 7.792926788330078 4.690949320793152 64.06279413402081 3.020159959793091 0 12.08602502942085 133.4434256106615 0.3012866601347923 0 0.2069369107484818 0 1.663115434348583 8.869661830365658 0.2741558402776718 3.326675653457642 9.426188059151173 2.063062474131584 1.820881426334381 13.57574068009853 20.44211818277836 21.38653988391161 4.89275361597538 1.135660722851753 0.1943319737911224 0 0.3362875580787659 0 0 0.3028242588043213 0 0.1313224732875824 0 0 0.1293752193450928 0.2659265100955963 0.194902628660202 0.2464709281921387 0.1385897547006607 0.6614440679550171 0.3682576715946198 0 1.693190053105354 0.1773367524147034 0 0.1234029084444046 0 6.01446045935154 0.5833539515733719 6.247761145234108 2.676060266792774 0.6644233018159866 0.5195698440074921 0 0.2066783010959625 0 0.2148505449295044 0.3604397028684616 0 0.997036874294281 1.802361845970154 0 0 0 0.6899389401078224 1.010467633605003 0.1417520493268967 0.1350497752428055 0.0987158790230751 0.2462543249130249 0.2994909882545471 0 0.1265608221292496 0.5421667248010635 8.164462760090828 0.9847961664199829 0.2624024748802185 0.1745125949382782 0 0 0.2585089281201363 0 0 0.4098228737711906 35.52780410647392 1.200654894113541 0 0 0.5859870165586472 0.9867773503065109 1.747648239135742 3.472948595881462 1.913366124033928 1.710016436874866 0.9761966168880463 0 0 0 0.09829858690500259 0 0.1385904997587204 0 0.2704591155052185 0 0.3211211264133453 14.0413653999567 7.698774248361588 7.419527538120747 470.1976858749986 70.45662946254015 771.6989496350288 156.6023872345686 181.5434894189239 113.026033051312 4.733248829841614 99.3549771681428 10.72018013894558 1.861467622220516 4.47249349206686 0.5592190772294998 5.675531774759293 0.2748760282993317 0.1370752602815628 1.161451511085033 11.77608218044043 1.015485823154449
22.01621164381504 12.76481711864471 3.087049156427383 137.3098663985729 19.10159876942635 153.3589073717594 138.3582060188055 0.3563128709793091 30.36458016932011 1387.688284277916 38.9239764213562 0 1954.107504710555 167.416652277112 15.43471947312355 8.210137881338596 0.7525735348463058 0 0.1868714094161987 0.1754953563213348 2.139961123466492 0 0.3391678631305695 0.2106695473194122 1.310467332601547 0.7800947427749634 2.756008237600327 0.5837518572807312 0.5342377871274948 0.2268584370613098 2.951371431350708 0.1750776022672653 67.26710088551044 0 0.5472724884748459 3.358420521020889 273.2031409740448 18.01033210754395 12.21802374720573 9.52165424823761 0.7301086783409119 0.8961986303329468 1.720845676958561 1.97123883664608 0 0.1365911215543747 33.13198237121105 0.1046974286437035 0 1.334245190024376 0.2780236378312111 0.6230576038360596 0 0.4663924872875214 0.1369649469852448 0.3074866756796837 4.992544203996658 11.01484842598438 2.042825974524021 4.837002001702785 0.5355184823274612 0.4821253567934036 0.8353581726551056 2.939782530069351 0 0.3255715370178223 0.4173988848924637 0.7412868142127991 1.116311863064766 3.039053037762642 413.7896213233471 5.79545696079731 0 11.46677923202515 4.885098069906235 17.84954378008842 10.13486433029175 6.046029143035412 0 10.75865948200226 0.2551477253437042 0.4550428539514542 1.585557244718075 0 0.5204603895545006 0.1036787703633308 1.041741400957108 0.5045281201601028 0.3287291824817657 0 0.2331211417913437 0.3302196264266968 0.9342659935355186 1.051354363560677 1.273593068122864 1380.494307160378 24.4923185557127 0 8.591307938098907 64.57439091056585 0.4490648210048676 2.681564643979073 1.393797904253006 0 4.444256022572517 29.85959830135107 0.3733653873205185 10.79850677400827 25.76839420199394 16.24670046567917 5.464414149522781 42.9711466729641 54.42408587783575 61.33389734476805 11.9978516548872 0.8997645378112793 0.1348870694637299 0 0.1795173287391663 0 0 0 0 0 0 0 0 0 0 0 0.4822052419185638 0 0 0 2.809285916388035 0 0 0 0 10.93579456210136 0 7.038601502776146 1.670242756605148 0.4325558096170425 0 0.1643926352262497 0.152307391166687 0 1.037977978587151 0 0 0.4295008182525635 4.645161092281342 0 0.4533299207687378 0 0 0 0.1691294759511948 0.7226357907056808 0 0.4853360801935196 1.621913254261017 0 0.4870857149362564 0 4.586615651845932 0.4655795395374298 0 0 0 0 0.2174986302852631 0 0 0.2535327076911926 56.53121942281723 0 0 0 0 2.256872445344925 1.883029788732529 0.9304957389831543 5.265324041247368 0.8561930656433105 1.89434676617384 0.5626242756843567 0.1208160072565079 0 0 0 0 0 0 0 0 44.15523475408554 7.509917974472046 6.241948805749416 167.3108891993761 5.644749626517296 77.65888317674398 19.2151902243495 100.3307536244392 7.790180288255215 4.016453623771667 28.51763482391834 7.861799120903015 0 5.377053692936897 0.1464749276638031 16.2375174164772 0 0 1.866989895701408 1.520653292536736 0
32.3042095080018 206.6053589358926 69.5250054076314 216.1882367953658 544.0952800065279 149.7794696390629 1918.649461656809 15.5357508212328 1578.291893601418 7752.772366538644 875.4840804487467 1954.107504710555 0 2801.303999103606 93.89325805008411 42.08233354985714 2.009126253426075 1.647241227328777 0 2.379988826811314 2.469704389572144 0.1392646580934525 5.74016685038805 2.526280499994755 9.750724583864212 1.652446709573269 7.638314463198185 0.7201142013072968 3.166591495275497 1.769416086375713 8.565014913678169 14.60176200419664 591.6117092818022 1.032144770026207 5.469696946442127 11.43554849922657 609.4869224727154 92.75723707675934 45.49421986192465 86.00720093399286 3.968322493135929 1.306328192353249 8.125455021858215 10.96577496826649 0.1850731074810028 2.018465004861355 227.583058282733 5.162970185279846 0.3245791271328926 5.94503977149725 2.198336601257324 0 0.6149571090936661 1.585950568318367 1.808716967701912 1.602342076599598 9.54255660623312 37.01229495555162 9.793075628578663 24.42296584695578 2.364926628768444 8.980413183569908 3.050926625728607 24.84336843341589 1.067266747355461 2.184828333556652 1.640923760831356 7.419499069452286 7.098918318748474 10.89818185567856 605.6027867868543 14.66096691787243 0.2273455858230591 75.80098801851273 24.3886918798089 125.5635854378343 69.08718180656433 29.33756420761347 1.377638205885887 56.50820557773113 1.35949470102787 7.120786271989346 11.56048645824194 0 1.941268883645535 2.309341780841351 10.25644370913506 0 1.007615588605404 0.1594540923833847 1.580183476209641 0.7675614804029465 3.515721753239632 3.961046487092972 1.120298035442829 2697.284031167626 20.15948550403118 0.5099077522754669 24.15187634527683 62.17335966974497 0.5586019456386566 6.435677364468575 2.270624920725822 0.1970170587301254 7.18276222795248 85.8114924877882 2.263159319758415 30.05585760623217 63.47612219303846 36.84063383191824 9.442134946584702 110.8315081298351 140.3312431275845 137.7849007472396 26.63835909962654 0.8798038959503174 0.6429379656910896 0 0.1799515187740326 0 0 0 0 0 0 0 0 0.1325536668300629 0 0.4053674638271332 0 0.412630170583725 0 0 7.696391217410564 0.443829208612442 0 0 0.1632949709892273 21.56632071733475 0.7743340283632278 18.81614416092634 2.388444438576698 1.025117963552475 0 0.2810001373291016 0 0 1.410240724682808 0.6762309968471527 0.1946693509817123 5.467940345406532 13.31072384864092 0.2145692706108093 0.1578757464885712 0.1557172834873199 0.2918553650379181 0.8438005447387695 0.686846099793911 0.53999063372612 0.1202886998653412 2.005237527191639 4.922351837158203 0.1251965761184692 0 0.1635466367006302 17.19022539258003 0.6261371821165085 1.494495019316673 0.1086075007915497 0.2278597950935364 0 0 0 0 0 155.7344787195325 0.67257259786129 0 0 0.319065123796463 5.421560615301132 1.891905397176743 8.83593875169754 11.77725049108267 3.998972564935684 3.517073199152946 1.547278836369514 0.9055751487612724 0.2016284465789795 0 0 0 0 0 0 0 121.1939629912376 19.41731213778257 17.59366712719202 503.4246239587665 48.72178256511688 435.8234987929463 120.9230635911226 174.1780877783895 57.80048404633999 5.33728089183569 102.8920381739736 16.62235041707754 0.9196652919054031 15.57684844732285 1.442425012588501 38.99477301537991 0.6234749406576157 0.1523609310388565 3.988281808793545 14.90353371948004 1.65349468588829
