0 1795.419085137546 195.1750396490097 1007.70683093369 84.32638857513666 78.58332051336765 706.664606526494 30.21593613922596 26.69459234178066 3318.968760505319 175.5986728221178 124.7064936459064 272.1289661675692 78.83345472067595 0 0 1.203309714794159 0.1472844332456589 0 0 0 0 0 0.2482752278447151 0 0.5231072306632996 0 0 0 0 253.5577745586634 4.133204013109207 7.352753520011902 0 0 0 4.912458449602127 0 0.7385440915822983 0.2383583933115005 0 0 0 0.148299366235733 0 0 104.8295350372791 24.63781587034464 0.361776277422905 0.8290479332208633 6.685244008898735 0.865370899438858 0.714505136013031 0 9.999320983886719 29.51185240596533 767.543744571507 736.5903940573335 107.8340184465051 45.55349072813988 0.4426425695419312 0.1050337627530098 0.1597540378570557 30.43488599359989 22.01064787060022 10.3155023753643 8.935441091656685 6.946547977626324 0.4721936732530594 0 33.19250547885895 15.84703660011292 1.515568375587463 580.9656759276986 24.1564854234457 4.243987292051315 7.508745700120926 0.4031876921653748 2.984028905630112 37.16375350952148 0.6697904467582703 2.261454880237579 117.2120412141085 0.8341066017746925 13.9917376562953 19.90800361335278 1.799392394721508 0.7306635081768036 7.119122579693794 1.478210136294365 2.564782977104187 0.3173686265945435 0.1433390080928802 0.1184102669358253 0.1220906302332878 301.5208380669355 25.27989062666893 1.393205940723419 2.999640688300133 1134.414119645953 0 0 0 0 0 7.648510545492172 0.2333291620016098 0 8.394519567489624 2.748265832662582 0.5921266078948975 1.181421935558319 1.706039667129517 1.905693501234055 0.46763876080513 0 0.742826521396637 0 0 0 0 0 0 0 0 0.3259411752223969 0 0 0 0 0 0 0 0 0 0 0 0 0 0.4591469466686249 0 0 0 0 0 0 0 0 0 0 0 0 0 0 0 0 0 0 0 0 0 0 0 0 0 0 0 0 0 0 0 0 0 0.3288880735635757 0 0 0 0 0 0 0 0 1.428708910942078 0.2437099665403366 0 0 0.5758830159902573 0 0 0 0.1157349199056625 0.3079894632101059 0 0.2564657330513 0.1458576172590256 0 0 0 1.039854615926743 0.291655570268631 104.8265604525805 15.00192583352327 176.2549256682396 9.292240738868713 967.3804187327623 25.68292351812124 2.135237604379654 3.346794947981834 0.1353787332773209 0.8938741236925125 1.344126090407372 0 2.847145318984985 0 0 0 0 0
1795.419085137546 0 1851.724346190691 618.3506878614426 4321.342476464808 96.43240639567375 6245.460190996528 180.280681848526 1597.079568549991 819.3997110575438 1789.091776967049 11.87426146864891 1265.805510774255 640.3948031067848 2.40224801003933 1.209916926920414 0.846131220459938 0.30790114402771 0 0.273866206407547 0.1755170077085495 0 0 0 0 0.3841113820672035 0 0.186103567481041 0.2061232477426529 0 2099.489983946085 15.70251108705997 8.572180837392807 0 0.144542932510376 0 1.362161621451378 0.7299927175045013 0 0.3850359320640564 0.3214259743690491 0.4329620152711868 0 2.263548836112022 0 0 211.9901995807886 42.91986957937479 2.084215417504311 1.246080532670021 18.64794753491879 0.3533218204975128 0 0.5758302509784698 13.46965273469687 43.41707212477922 472.0839425399899 1030.566725879908 94.19685231149197 80.58328288048506 1.178099177777767 0.5006312727928162 0 141.7592624723911 41.28373370319605 21.48353879898787 24.05810218304396 16.82657927274704 2.007224217057228 0.2882116436958313 5.141684889793396 0 0 635.4807442724705 71.34326971322298 31.6108747497201 46.600670106709 9.598934940993786 4.63085164129734 40.69106923043728 0.705737441778183 5.44509843736887 178.0804999098182 0.9055016562342644 25.97048988938332 40.44164293259382 6.237635619938374 0.7745169848203659 15.0358514264226 0.5174221470952034 5.103572130203247 0.5106394588947296 0.7596941292285919 0.5473885089159012 0.7623695731163025 42.86790759861469 0 0 0.4527095556259155 1530.605127334595 0 0.3439941704273224 0.4011755287647247 0 0 69.74572478234768 0 3.101463168859482 43.19877947866917 11.13600216805935 0 9.240430787205696 11.66730283200741 8.343716323375702 4.899130642414093 0 0 0 0 0 0 0 0 0 0 0 0 0 0 0 0 0 0 0 0.7048442959785461 0 0 0.2255260050296783 0 0.6895605027675629 0 1.233120620250702 0.9619749188423157 0 0 0 0 0 0 0 0 0.5929516553878784 2.057250469923019 0.4006063938140869 0 0 0 0 0 0.1427128612995148 0.1256974637508392 0 0 0 0 0 0.2155663073062897 0 0.2352108657360077 0 0.1057895869016647 0.1085565239191055 0 0 0 0 3.263632267713547 0.2929765582084656 0 0 0 2.43294133245945 4.881520554423332 3.410994902253151 0.429169774055481 0.5663997083902359 0.4826956689357758 0.3680874854326248 0 0.2578700482845306 0.1510683000087738 0.2776748985052109 0 0.953721672296524 0.2633169889450073 0 0 2.855762824416161 0.9680700898170471 0.8073272705078125 151.1668400913477 35.45636636763811 523.4456297084689 40.31318538635969 581.1839057132602 75.35290224850178 3.671812117099762 40.67520572245121 0.6721294224262238 0.6594628617167473 2.96022193133831 0.391049712896347 5.672232747077942 0.8153713047504425 0 1.035641193389893 1.243414208292961 0
195.1750396490097 1851.724346190691 0 8.246383935213089 1627.217200562358 0 429.4058566838503 3313.696569040418 1200.466851495206 8.852183669805527 4893.218935117126 1.868320897221565 244.9231734722853 530.9666317179799 5.306555926799774 2.05984815955162 0.1514772027730942 5.427534312009811 0 0 7.512283653020859 0 0.5885647237300873 2.468218185007572 1.422617644071579 4.589128687977791 0.5814038068056107 0.3767673373222351 0 0.1322409510612488 5729.14267899096 585.7858053520322 33.85616815090179 0 1.813463628292084 0.5908800214529037 23.51405216753483 1.527578338980675 1.983487874269485 0.7302261590957642 5.589264050126076 2.83954743295908 1.459023639559746 1.177475303411484 0.7938106060028076 0 80.92456211149693 7.961632452905178 1.59364041686058 6.811542041599751 47.58793803304434 0.2158422768115997 0 0.175977811217308 2.141800776124001 8.232499569654465 207.1875481158495 1896.785549469292 28.77360469102859 27.57093420624733 0.7244124412536621 3.901341184973717 1.199685096740723 191.8653053194284 9.05990893393755 3.821483470499516 6.07788859307766 15.22023279964924 11.97974503040314 26.99733085930347 24.03778660297394 1.897008001804352 0 257.0044579952955 81.61230182647705 20.21006532758474 35.42280923575163 15.87228506803513 196.0953073427081 682.1756917461753 2.887412920594215 174.3392874971032 42.48582752048969 0.1629541367292404 4.223547197878361 9.566101394593716 2.490386754274368 0.3019171506166458 3.398739032447338 1.305228114128113 4.697652108967304 1.027674145996571 19.54579054564238 8.953156992793083 0.5004705488681793 19.05211326479912 3.270149856805801 0 2.817342415452003 167.6844748854637 0 0 0.3490307331085205 0.1599143296480179 0 1.568631291389465 0 0 1.663451701402664 3.929858297109604 0.5124399662017822 2.967542409896851 4.611775293946266 3.159856289625168 1.610395982861519 0 0.2796140164136887 0 0 0 0 0 0.1585653424263 0 0 0.5047958642244339 0 0 0 0 0 0 0 0 0 0.3013907968997955 0 0 0 3.562407210469246 0.1681027263402939 2.140809506177902 0.2711606621742249 0.1421897709369659 0 0.5803283303976059 0.1696504652500153 0 0 0.1594669818878174 0 0 0.1869072318077087 0 0.7032759487628937 2.138790667057037 0 1.953700736165047 0 0 0 0 0 0 0.1777323335409164 0.9397611618041992 0.9632134437561035 0 0 0 0 0.2499479502439499 0.8467935770750046 0.1759191155433655 0 0.597694993019104 4.17454682290554 0 0 0 2.045894347131252 0.6906888484954834 9.300245031714439 1.274479687213898 0.2922561168670654 0.164547398686409 1.090803578495979 0 0.1491178721189499 0.1216475814580917 0 0.2723302245140076 0 0 0.1242051124572754 0.2175304740667343 0.1335131973028183 3.240981355309486 0.9557007104158401 1.87129370868206 29.64666187763214 19.05309548228979 116.1316826939583 11.15187391638756 20.11294669657946 17.89854000508785 1.531809821724892 6.25830066204071 3.121189191937447 1.225809320807457 2.309712901711464 0 2.366473138332367 0 0.166718453168869 0 0 0
1007.70683093369 618.3506878614426 8.246383935213089 0 36.47257763147354 187.39318343997 749.2463489621878 1.256698966026306 9.390210688114166 2322.380855306983 1.46132355928421 284.4374592900276 777.7920020371675 2.335019305348396 0.2538578510284424 0.2021164000034332 0 0 0 0.2955585420131683 0.250253826379776 0 0.1325245499610901 0.4403379410505295 0 0 0 0 0 0 37.16965313255787 2.567951515316963 1.099428907036781 0 0 0 0.715722382068634 0 0 0 0 0.148420587182045 0 0.1600919961929321 0 0.1606821566820145 71.4363424256444 10.30430296063423 0.1162110567092896 0 6.13939244300127 0.2699142098426819 0 0 3.022590458393097 7.238067828118801 72.76194953173399 107.8795886486769 21.2670548632741 19.96743000298738 0 0 0 30.78063276410103 9.589489795267582 7.013629481196404 6.573128663003445 3.602420896291733 0.8458575531840324 0.2034887224435806 1.86987692117691 0 0 147.4578450992703 14.23666344583035 6.034361004829407 11.53575858473778 1.346047326922417 0.5331126004457474 1.812375664710999 0.8363360613584518 0.8371240794658661 47.75504714995623 0.4733708277344704 7.24900571256876 10.5469666197896 1.30236541479826 0.1223936453461647 2.322365418076515 0 1.466028422117233 0.1634606719017029 0.2780683636665344 0.1879325211048126 0 36.73131261765957 0 0 0 120.8609553873539 0 0 1.037665963172913 0 0 10.3171059191227 0 0.6241844892501831 14.50635531544685 5.310795664787292 1.444894313812256 5.870374366641045 9.325905948877335 11.25088013708591 1.712632775306702 0.1917115151882172 0 0 0 0 0 0 0 0 0 0 0 0 0 0 0 0 0 0 0 0 0 0 0 1.161681324243546 0 0 0 0 0 0 0 0 0 0 0 1.448514461517334 0 0 0 0 0 0 0 0 0 0 0 0 0 0 0.7460519671440125 0 0.4025644361972809 0 0.1149884387850761 0 0 0.2060287296772003 0 0 2.623804226517677 0 0 0 0 1.041576504707336 2.86066347360611 2.447864502668381 0.9420549869537354 0 0.7159290015697479 0 0 0 0 0 0 0.3278218507766724 0 0 0 1.631776705384254 0 0 92.85877449065447 12.30579694360495 222.7621049508452 17.85349342226982 373.1015246510506 31.7140723541379 1.70616389811039 27.34743106365204 2.903524070978165 0.2179286479949951 3.473234802484512 0 0 0.374291330575943 0 0 0.2125081717967987 0
84.32638857513666 4321.342476464808 1627.217200562358 36.47257763147354 0 2.259889334440231 3946.131250306964 62.72476993501186 4938.102822177112 123.5644978731871 701.5892898142338 1.205442041158676 715.2721771374345 271.1317590400577 12.3930673673749 2.486706435680389 0.4556347131729126 0.4683975130319595 0 0.4868338853120804 0 0 0 0 0 1.296993494033813 0 0 1.437807515263557 0.1823602914810181 647.6397715583444 12.34941598027945 12.80763920396566 0 0.1352691650390625 0 2.51633919775486 0 0.1411584913730621 0.3388641178607941 0.1243525221943855 0.8214389681816101 0 3.461113646626472 0 0.14298115670681 233.7628730162978 22.27110796421766 2.025082215666771 0.200683131814003 12.19924455136061 0.628702849149704 0 0.9313088655471802 4.056445643305779 13.52255495637655 46.76177937537432 187.090137578547 32.03857166320086 66.31073949486017 0 0.504664421081543 0 87.04142731428146 14.65552873164415 9.561757080256939 11.75696089118719 8.496848627924919 1.827322848141193 1.33802542090416 10.69138194620609 0 0 184.4390007555485 41.45650918036699 63.46932723373175 102.1808570846915 31.24398173391819 3.635178774595261 14.55261670053005 1.115746229887009 6.048665069043636 61.48041416704655 0.7832084968686104 11.02387759834528 17.56607092171907 4.188632436096668 0.2706022188067436 9.341784127056599 0.3254764974117279 3.837318055331707 1.078358858823776 0.5803808867931366 0.2699228078126907 0.9587808400392532 65.95946815609932 0.9573560655117035 0 0 58.533233076334 0.1740857511758804 2.763053297996521 1.174897223711014 2.267254501581192 0.5261401534080505 16.35748167335987 3.218607202172279 12.98651406168938 25.51128686964512 25.0200110822916 3.721396312117577 39.69828917086124 70.93289440870285 50.53411854803562 23.14236229658127 1.627257585525513 1.067830070853233 0 0.9390130639076233 0 0 0 0 0 0 0 0 0 0 0 0 0 0 0 1.422807842493057 0.9292964935302734 0 0.4337380826473236 0.652346134185791 6.286254331469536 0 5.604481369256973 0.184216171503067 0 0 0.6260396689176559 0 0 0 0 0 1.610260650515556 3.643305510282516 1.695583760738373 0 0 0 0 0 0.8514816462993622 0 0 2.012001901865005 0 0.4430208206176758 0 11.16353267431259 0.3582153022289276 0.252679169178009 0.3903113603591919 0.2355459704995155 0 0 0.9032841771841049 0 1.164332211017609 17.97839718312025 0 0 0 0 26.21946069598198 21.43789970874786 9.560805767774582 8.276661671698093 1.396329462528229 5.836326912045479 0.7128226757049561 3.894364088773727 0.3729918003082275 0 0 0 0.7218193262815475 0.2331082299351692 0 0.4539777338504791 22.82117715477943 1.224636510014534 2.609610110521317 199.6677751764655 46.43556701391935 611.1627121865749 78.24217420071363 137.0673474371433 100.2182496339083 3.20689595490694 68.95801056921482 9.56921474635601 1.041716128587723 15.91091646254063 0 20.42255634069443 2.63142529129982 0 2.290920078754425 3.825949370861053 0
78.58332051336765 96.43240639567375 0 187.39318343997 2.259889334440231 0 56.27965959906578 2.040425062179565 3.648567870259285 840.9240816086531 5.459383085370064 336.2240352034569 154.3409684747458 55.36860859394073 0 0 0 0 0 0 0 2.014277562499046 0 0 0 0 0 0 0 0 0.6812065243721008 0 34.1728104352951 0 0 0 32.05660438537598 0.2526136934757233 8.265880391001701 0.1947659999132156 0 0.3467863798141479 0 0 0 0 1.896828770637512 0.2393426671624184 0 0 0.1993348002433777 30.04430501163006 1.396684885025024 0.3598229885101318 0 0.4252075031399727 241.4052094146609 15.56147722899914 8.887465476989746 1.287553429603577 0 1.956228286027908 0 0.1980071365833282 0 0 0.3671562820672989 0.2025000005960464 0 0.2030742466449738 314.0589081943035 539.070284768939 26.2588060349226 6.085907801985741 0.3444859385490417 0.5501250624656677 0.1449888497591019 0 0 35.49034397304058 0 3.078446924686432 0.7625393867492676 0.8925187438726425 0.166654497385025 0 0 23.69486746191978 7.460337966680527 24.87150563299656 3.361921474337578 5.090070307254791 0 0.3627124726772308 1.497718378901482 693.7595865130424 270.6265262812376 63.20654666423798 29.71274895966053 750.3233527690172 0 0 0 0 0 0 0 0.3400192558765411 0 0.4789543747901917 0 0.3532514870166779 0.2111384123563766 0 0 0 0.2523729801177979 0 0.4397443830966949 0 0 0 0 0 0 0 0 0.3283288478851318 0 0 0 0 0 0 0 0 0 1.028694614768028 0 0.2329417616128922 0.7542493641376495 2.948153525590897 1.59444722533226 0 0 0 0 0 0 0 0 0 0 0 0 0 0.2072223275899887 0 0 0 0.2929717004299164 0 0 0 0 0.922892153263092 0.5843011140823364 0 0 0 0 0 0 0 0 0 0.8888242840766907 5.614207535982132 0 0 0 0 0.8025892674922943 1.873115509748459 0.1268393844366074 0 0 0 0 0 0 0 0 0 0.1604944169521332 0 0 0 0.7214293479919434 3.180582329630852 2.665235355496407 0.4691446572542191 3.168147869408131 0.140373557806015 359.0794788002968 5.614663057029247 0.5240091532468796 0.3649305403232574 0.2953411340713501 0.4366077184677124 0.200547456741333 0 1.627150297164917 0 0 0 0 0
706.664606526494 6245.460190996528 429.4058566838503 749.2463489621878 3946.131250306964 56.27965959906578 0 102.9558350741863 3212.471234388649 1530.29378542304 896.6812154203653 96.69938463717699 2400.658682882786 1983.447885796428 30.94931323826313 10.33068138360977 2.659212172031403 0.9923393726348877 0.1872379332780838 0.838305726647377 1.463357150554657 0 0.2558850049972534 0.2861597985029221 1.191171318292618 1.302296310663223 0.6659705936908722 0.8649294078350067 4.174994319677353 0.901075154542923 492.5947465896606 25.56999397277832 55.69234399497509 0 0 0.2646520733833313 2.882490523159504 0.7582946121692657 1.201266273856163 0.8858100026845932 3.136607065796852 3.60905808955431 0 6.305763356387615 0.324319452047348 0.5546418949961662 626.5157053843141 76.55079430341721 3.850624896585941 1.441822320222855 41.40111435204744 0.7678791806101799 0 2.599388442933559 10.84635630995035 46.05807878822088 165.4016161859035 546.7475344613194 93.16641454398632 172.7490802407265 2.049506515264511 0.7587627768516541 0.2715233564376831 275.2807159796357 57.00444340705872 31.86884573101997 41.20218566805124 25.84723128378391 5.296556562185287 2.132259406149387 36.85928897559643 0.4063944816589355 0.1329404413700104 588.1098795756698 132.063487790525 167.6922969818115 258.0992637649179 126.6465040370822 2.345057442784309 53.78229073435068 4.029351606965065 15.74920140951872 213.0324672758579 2.755886808037758 35.69838850200176 62.56224734336138 7.198570631444454 1.107268020510674 25.73937541991472 3.086700022220612 14.69792168587446 3.163776107132435 0.931330993771553 0.7718464210629463 3.804174788296223 401.5496221184731 4.027574956417084 0 1.788504660129547 149.348649546504 1.430538401007652 4.050265774130821 13.75617057085037 7.713681399822235 1.226781040430069 39.81519824266434 9.500896543264389 34.70317317545414 91.2250715047121 138.1002009809017 6.310842379927635 135.7514405101538 279.3822880089283 209.639190018177 72.28120724856853 0.8625457286834717 5.154804557561874 0 0 0 0 0 0 0 0 0.1224161386489868 0 0 0 0 0 0 0 0 0.3255146443843842 2.736248955130577 0 1.356418743729591 0 22.56428176164627 0.1804285943508148 15.37819074094296 3.018940612673759 0 0.4245927929878235 0.129239559173584 0 0.1871246844530106 2.855899095535278 0 0 9.381777435541153 19.8125037997961 0.8504420518875122 0 0 0.1308235377073288 0 0.2734241485595703 0.691199965775013 0.1458537578582764 0.9256964325904846 3.402409106492996 0 0.2516789138317108 0.8746361434459686 46.0379229336977 1.402953445911407 3.800858922302723 4.751047566533089 0.6803623735904694 1.076243847608566 0.1831458956003189 1.495026119053364 0.1578300148248672 0.7845866978168488 79.32006971538067 0.7731984257698059 0 0.1110671013593674 0.2311914265155792 81.91177685558796 83.32547298073769 28.4535908550024 11.23936285823584 10.3620472997427 16.62714151293039 1.867664352059364 5.001509979367256 1.726519972085953 0.7338163182139397 0.1475663483142853 0 1.252261020243168 1.685125380754471 0.2042301744222641 0.5084406137466431 98.22832299768925 6.071113482117653 11.2923348993063 639.2581201419234 154.1434209644794 1452.923930853605 196.6054872199893 627.4223841279745 299.4412553459406 13.55150482058525 187.2378012835979 43.42004756629467 4.314219035208225 68.87971363216639 1.515893056988716 79.46388225257397 3.435726463794708 0.3265642523765564 12.8570723682642 9.215070217847824 0.5137064456939697
30.21593613922596 180.280681848526 3313.696569040418 1.256698966026306 62.72476993501186 2.040425062179565 102.9558350741863 0 491.6119161993265 4.121483042836189 4200.50869756192 5.236929699778557 167.6371731236577 304.8919058144093 26.29930306971073 12.73274426162243 0.3426081091165543 10.82593876123428 0.217290535569191 3.847241319715977 19.78483670949936 0 1.735967636108398 4.613326981663704 2.978900998830795 5.793135747313499 1.211958393454552 0.2815146595239639 0.7789331674575806 0 2494.709258466959 3675.931844949722 240.4999216347933 2.344630002975464 2.407503515481949 0.9667609035968781 73.06328867375851 9.358436241745949 8.401762261986732 3.23793026804924 10.69005592167377 8.341455832123756 9.817358464002609 7.767862141132355 0.2514925897121429 0.6382672786712646 135.6641192138195 6.652143403887749 0.7057084441184998 9.776969835162163 58.69682478159666 2.342251896858215 0 2.618661195039749 1.647302076220512 3.689590804278851 56.36247859895229 374.3988083675504 11.60277231782675 28.6465806812048 7.53632678091526 20.953479424119 1.156268388032913 116.6328703016043 3.479778803884983 2.528526946902275 6.047615639865398 11.30729169398546 28.84496821463108 70.34761674702168 83.83071959018707 4.971429109573364 0.3601337969303131 94.71672874689102 36.62517869472504 63.11765764653683 128.5381156727672 315.9106315150857 531.9635600596666 991.9775185286999 72.12269957363605 512.5907707959414 22.86790934950113 0.2514406219124794 3.628567464649677 5.576553717255592 4.421466812491417 0.2276970371603966 3.653873823583126 0.5968391746282578 8.859607540071011 1.14155276119709 38.22338864207268 12.82276992499828 3.137157037854195 38.39115628600121 23.95450463891029 0 5.865270540118217 62.12727111577988 0 0 0.4556083679199219 0 0 2.713490962982178 0.9382731914520264 0 0.6873886436223984 5.208437100052834 0 3.03171618282795 7.626546338200569 10.55478404462337 4.52312234044075 0 0.1504294723272324 0 0 0 0 0 0 0 0.3762436211109161 0.3401095271110535 0 0 0 0 0.1914307028055191 0 0 0 0 0.4456528127193451 0 0 0 5.971516713500023 0 4.773673638701439 0.3958960771560669 0.1590080112218857 0 0.9094752073287964 1.164625257253647 0 0 0.1849941313266754 0 0 2.165373384952545 0 0 2.766126722097397 0.2305900603532791 2.602099969983101 0.3820776343345642 0 0.4163137003779411 0 0 0 0.5966324806213379 1.421949654817581 6.448997169733047 0 0 0.3583224415779114 0.312676727771759 0 0.6261185109615326 0 0.2098798006772995 0.1464339047670364 11.92712557315826 0 0.4121917188167572 0 3.352167561650276 3.544309943914413 12.59395490586758 7.741953268647194 0.5452453345060349 0.865296795964241 3.054935961961746 1.285262644290924 0.6563899368047714 0.3698235154151917 0 0 0 0.6723853200674057 0.4340916723012924 0 0.6730524003505707 4.165463164448738 4.387749403715134 5.106320679187775 103.1425704136491 38.50024871528149 216.793867841363 34.0567270591855 27.01207882165909 27.24675714969635 0.4490058571100235 30.46165136992931 7.461609274148941 1.615011274814606 9.449499979615211 1.113599926233292 2.131602883338928 0.8824000656604767 0 3.546464800834656 2.867759138345718 0
26.69459234178066 1597.079568549991 1200.466851495206 9.390210688114166 4938.102822177112 3.648567870259285 3212.471234388649 491.6119161993265 0 108.7060376778245 5605.497537076473 13.2497772872448 1600.591878518462 1371.516924262047 22.45368260145187 9.142409957945347 0.2629357427358627 0.148169532418251 0.2029215842485428 0.2639895677566528 0.6856279373168945 0 0.2058051377534866 0.1280420422554016 0.1506024897098541 1.300392761826515 0.4795937240123749 0.6279697120189667 0.9190318360924721 0 257.0003801435232 7.108048424124718 41.67773708701134 0 0 0 4.733973830938339 0.1331722736358643 0.5019209384918213 0.5750376433134079 0.8859543204307556 0.2606268525123596 0.1659483462572098 5.7565893009305 0 0.1782452017068863 130.8318655565381 5.4122713804245 0.6401505172252655 0 6.51411622017622 0.1753589808940887 0 0.9755735993385315 0.9232636392116547 5.797296658158302 22.74108372628689 63.16421337425709 13.91308023035526 32.6158587411046 0.4438003376126289 1.401875287294388 0 26.49084351956844 4.08337065577507 2.400981590151787 4.422706417739391 2.470695585012436 0.1348680555820465 0.5846979469060898 17.44506075978279 0.1560970544815063 0.1485212594270706 69.70681369304657 14.5924131795764 68.48864757269621 89.02195432782173 86.404421672225 0.4129201769828796 34.08424622565508 0.417103111743927 4.960922054946423 16.62161003798246 0.5943011045455933 3.328718140721321 5.919946067035198 0.6291532814502716 0.1294461637735367 2.245895095169544 0.5492495000362396 1.24748656898737 0.6354028508067131 0.2432635426521301 0.9332459792494774 1.177801452577114 108.8997266292572 3.035695016384125 0 0.8265417814254761 26.34807667136192 1.100255683064461 1.456961035728455 2.321256905794144 2.798763304948807 1.096538856625557 10.66977879405022 1.44574710726738 5.622747719287872 24.68883423507214 41.57248830795288 4.835596367716789 33.76977869868279 96.68123044073582 64.32569602131844 24.14268031716347 0 0.3537293970584869 0 0 0 0 0 0 0 0.1577207893133163 0 0 0 0 0 0 0 0 0 1.381642922759056 0.4456551074981689 0 0 0 7.164091646671295 0.2611487507820129 4.551928497850895 1.462008416652679 0.2427170127630234 0 0.595727801322937 0 0.2246904969215393 0 0 0 3.943152628839016 6.560097649693489 1.18027713149786 0 0.1613169610500336 0 0 0.3103538751602173 0 0 0 1.143227487802505 0 0 1.223904252052307 10.23723658919334 0.1886515766382217 0.8920340985059738 0.7141181826591492 0 0 0.1925502270460129 0 0 0.789520800113678 30.36971789598465 0 0 0 0.1007495671510696 25.34952902793884 25.70511344075203 12.27869813144207 5.135382577776909 1.082408830523491 8.211861848831177 0.3985794633626938 2.564283713698387 0.7805229127407074 0.09405225515365601 0 0 0 0.102404497563839 0 0 30.07835991680622 2.190550059080124 2.221644878387451 239.529403463006 39.10671742260456 308.0031913295388 56.41266787052155 60.47153792530298 62.04549313336611 2.510162085294724 63.69171510636806 13.50855296850204 0.2068440169095993 26.61876453459263 1.346828699111938 36.49791549146175 1.553418666124344 0.215702086687088 1.22264701128006 3.00702503323555 0
3318.968760505319 819.3997110575438 8.852183669805527 2322.380855306983 123.5644978731871 840.9240816086531 1530.29378542304 4.121483042836189 108.7060376778245 0 22.64243574440479 2934.026254445314 4327.186736106873 576.9984949529171 6.302189581096172 3.979682177305222 0.767134964466095 0 0 0.1201398596167564 0 0 0 0 0 0.135350301861763 0 0 0 0 34.61583137512207 2.611775994300842 32.97278147935867 0.11525759100914 0 0 1.881448715925217 0 0.1480402499437332 0.1784705370664597 0.3475327044725418 0.1826056092977524 0 0.81427301466465 0 0 83.85648982226849 14.50551610440016 0.8050442039966583 0 4.346712172031403 0 0 0.734827995300293 4.341339945793152 11.84818109124899 130.2251216471195 101.7191832512617 26.98349212855101 27.30411921441555 0.1471918076276779 0.2828570902347565 0 35.17750012129545 10.84982999414206 5.018940612673759 6.430103220045567 4.382999368011951 0.7138298079371452 1.17741884291172 23.14723406732082 1.560905396938324 0 161.861689992249 14.95603834837675 24.34123030304909 22.32016793638468 16.34894032031298 0.4089823961257935 127.6025270968676 0.8732953071594238 1.321298733353615 47.28546201437712 0.1166550889611244 5.944490373134613 10.48652105033398 1.092769630253315 0.1389488130807877 2.69122888147831 0 1.154169157147408 0 0.1471997648477554 0.142961323261261 0 1091.265500247478 11.36166428029537 0 0.3872374296188354 574.6003334671259 2.320323914289474 5.410181447863579 10.04136872291565 3.933464780449867 1.620021730661392 36.5620376765728 7.453855484724045 19.98394885659218 82.42795689404011 112.0235748440027 4.072122305631638 105.8794477581978 160.8498568981886 151.0343803018332 29.43729117512703 0.6203486621379852 0.6116722673177719 0 0 0 0 0 0 0 0.3994676768779755 0 0 0 0 0 0 0 0 0 3.131188824772835 0 0 0 0 7.382721170783043 0 3.809598997235298 0.4505356252193451 0 0.2701849937438965 0 0 0 0 0 0.8446921706199646 5.295814216136932 5.282387837767601 0.3881149291992188 0 0 0 0 0.2501077055931091 0.7662157565355301 0.1299637705087662 0.9684415757656097 2.613433614373207 0 1.610024690628052 0.6415740251541138 15.551653444767 0.3856721147894859 1.418425597250462 2.010413199663162 0.1166734918951988 0.1211036965250969 0 0.1903744339942932 0 0.2474830746650696 27.96560721099377 0 0 0 0.317950040102005 31.98900124430656 20.40140016376972 6.572026476264 11.40764047205448 5.220842868089676 4.677388817071915 0.3939217627048492 4.557902753353119 0.315777376294136 0 0 0 0.3465507179498672 0.3597306311130524 0.8269615769386292 0.2427546828985214 43.96015699207783 0.8168480694293976 2.297322362661362 477.6096768453717 14.06081185489893 255.7495292499661 27.6862573325634 1263.521766126156 40.59186955541372 1.269265353679657 43.03898467123508 20.92676937580109 1.179283484816551 40.20831137895584 0.8839119672775269 58.10213254392147 2.594460740685463 0 6.017075598239899 1.707445323467255 0
175.5986728221178 1789.091776967049 4893.218935117126 1.46132355928421 701.5892898142338 5.459383085370064 896.6812154203653 4200.50869756192 5605.497537076473 22.64243574440479 0 41.15492764115334 1507.341119743884 2299.327219426632 75.14437866955996 44.88079873472452 0.9992946535348892 5.305521711707115 0 0.5186436772346497 3.113755792379379 0 0.2644657120108604 0.9017515033483505 0.8870909437537193 1.382721856236458 0.5446012616157532 0.7950480654835701 1.201513931155205 0.4003678262233734 2054.003581270576 324.4089398384094 912.4430825710297 0 1.290694236755371 0.1924513280391693 128.5819854661822 5.846670016646385 6.742304384708405 0.8789773210883141 3.834988042712212 3.958581656217575 3.415876045823097 22.58815871924162 0.7817208841443062 0.5453896522521973 309.0849232003093 19.36802963167429 2.155640982091427 6.847068905830383 47.12336288392544 1.610329166054726 0 1.14635057747364 2.874903507530689 10.91589827090502 78.05960438400507 422.0768950730562 30.92288814485073 86.66107949614525 1.390117578208447 6.423018053174019 0.4194504916667938 182.3294471651316 12.04548272490501 8.34243419021368 12.04251093417406 11.3070153221488 4.982958786189556 9.877158500254154 430.0272526293993 4.52512526512146 0 202.002456702292 72.92671824246645 178.2997152432799 345.7135480865836 279.039072342217 8.210755974054337 488.987365052104 4.266873501241207 114.7229369282722 49.64752185344696 0.4638959020376205 9.493613541126251 14.34834689646959 2.269773043692112 0.1851953715085983 7.974935621023178 2.813182085752487 6.740873835980892 2.869938537478447 9.186633095145226 12.84427400678396 2.307967521250248 184.473785251379 50.75838366150856 0 16.17316378653049 145.9518257975578 0.3921764045953751 0.5767996162176132 1.252746537327766 0.3871756196022034 0.2076569497585297 1.934888035058975 0.2357834428548813 3.327739641070366 8.554676204919815 9.540950372815132 3.620790719985962 15.01728929579258 24.39865440130234 22.97477415204048 20.78756272792816 0.9257562458515167 3.402235373854637 0 0 0 0 0 0 0 0 0 0 0 0 0 0 0 0.3602600395679474 0 0.137103408575058 0.6283237189054489 0 0.9690749496221542 0 8.379311911761761 0 10.18422870337963 0.6868439465761185 0.7849003076553345 0.214232861995697 0.1740128695964813 0.9782145023345947 0.1620311588048935 0.5298192054033279 0.3728676289319992 0.1919990628957748 1.663536936044693 2.766167640686035 0.1053119301795959 0.2773310840129852 3.034522622823715 0 1.638371422886848 0 0.2047421634197235 0.2018660753965378 0.9155872017145157 0.8616361021995544 0 0 5.691704228520393 12.15422204136848 1.151970878243446 0.604448214173317 0.3222880661487579 0.413918063044548 0 0.7165485844016075 0.3407685682177544 0.3409959375858307 1.175073564052582 30.47927863150835 0.8521589636802673 0.2793914079666138 0 2.78801354765892 19.47982916235924 19.21976956725121 12.89798130095005 2.354500502347946 1.856909140944481 4.439001306891441 1.026973634958267 2.430306702852249 0.6808726936578751 0.1450759470462799 0 0 0.9039111435413361 0.6728504449129105 0 1.249945938587189 19.85567246377468 7.175729557871819 7.755949422717094 281.1238712519407 92.63656800985336 540.9414688423276 76.91380952298641 57.63745349645615 106.9991254806519 6.01617319136858 84.67494534701109 13.31337283551693 3.958967246115208 18.70193949341774 0.4249474108219147 11.02679593861103 0.6399110406637192 0.1061976850032806 6.256881862878799 7.203260496258736 0.6375674605369568
124.7064936459064 11.87426146864891 1.868320897221565 284.4374592900276 1.205442041158676 336.2240352034569 96.69938463717699 5.236929699778557 13.2497772872448 2934.026254445314 41.15492764115334 0 1009.027310550213 461.7044357508421 18.8764413818717 16.29254255443811 0.1450494080781937 0.1361021101474762 0 0.4641914069652557 0.9794593304395676 0 0 0 0 0.8751298412680626 0 0.1420521140098572 0.3469478487968445 0.1116481497883797 7.12335430085659 5.541125744581223 74.7200600206852 0 0 0 16.05375352501869 0 1.021246731281281 0 0.155922144651413 1.114407487213612 0.1726713627576828 6.088588960468769 0 0.1544025540351868 43.06262845546007 1.867915861308575 0.1505147367715836 0.2723992466926575 2.005942925810814 0.1425671577453613 0 0.4542433843016624 0.1683180183172226 1.763717964291573 16.21945817768574 15.24773197621107 3.050400428473949 7.430349618196487 0.6804602444171906 0.1637109518051147 0 27.94203572720289 1.242694862186909 1.516249112784863 0.8609639331698418 1.45607452839613 0.1194092929363251 0.8408559188246727 186.7169752269983 1.297487542033195 0 20.53199031949043 12.2867185100913 32.13610269129276 43.45317906886339 31.91205728799105 0.3287767022848129 227.7333485931158 0 2.021861858665943 5.900355972349644 0 0.478234201669693 1.688805393874645 0.1613170504570007 0 0.4672184512019157 0 0.3180853873491287 0.1261698752641678 0.5741980150341988 0.292041078209877 0.5067449659109116 2492.989987939596 83.72310188412666 0 2.268289297819138 143.4350428879261 4.620998412370682 3.91797661781311 4.989818453788757 4.923775047063828 2.721495762467384 27.27664567530155 3.151342019438744 22.00655227899551 68.7136655151844 93.77136240899563 7.773081064224243 115.9368576258421 191.8854427486658 188.2100011259317 62.49887079000473 1.332272291183472 1.076474338769913 0.6803703308105469 0 0 0 0 0 0 0.14180988073349 0 0 0 0 0 0 0 0 0 2.04580782353878 1.437302127480507 0 0.7906639277935028 0 21.31090581417084 0 16.83707508444786 1.03298507630825 0 0 0 0 0.2611803412437439 1.117912709712982 1.24031113088131 0 7.819997683167458 10.77269591391087 0.6016694605350494 0.3759782910346985 0 0 0.1809788644313812 0.1925589889287949 0.132230207324028 0.7250030487775803 1.822789922356606 3.995005592703819 0.1617199182510376 0 0.2788786590099335 29.69556665420532 1.438744977116585 3.903624534606934 2.305239595472813 0.1477518975734711 0.5278258994221687 0 0.406148262321949 0.1403385400772095 1.634991064667702 59.15746645629406 0 0 0 0 48.44257254898548 41.96920588612556 19.24111253023148 7.421405248343945 3.772734262049198 17.84399583935738 2.07413287460804 3.546496108174324 0.8830269277095795 0 0 0 0.2311133146286011 0 0.1615801602602005 0.180827334523201 80.42670641839504 7.208002358675003 6.941676251590252 250.9905144125223 28.12396939843893 147.4058635607362 23.33987890183926 249.5482276827097 22.69449935108423 1.333757624030113 44.41139417886734 31.43456816673279 0.8406399488449097 45.98865833878517 1.880627602338791 49.20649307966232 3.07616551220417 0 12.49397410452366 2.977066278457642 0.8962012231349945
272.1289661675692 1265.805510774255 244.9231734722853 777.7920020371675 715.2721771374345 154.3409684747458 2400.658682882786 167.6371731236577 1600.591878518462 4327.186736106873 1507.341119743884 1009.027310550213 0 4624.674640439451 101.3988939598203 48.49766014516354 0.3040971159934998 1.103702336549759 0 0.6953135430812836 0.9389496743679047 0 0.1871195733547211 0.91827492415905 1.624859176576138 2.316535592079163 0.821598008275032 3.204090490937233 1.339752465486526 0.119061753153801 198.5649070739746 23.12362878769636 487.9314267411828 0 0.2150775194168091 0.2873688414692879 31.53838488459587 1.302390366792679 1.092617347836494 0.5384907275438309 1.926415927708149 4.904000625014305 0.4681817144155502 21.92513840645552 0.4681212902069092 0.9271717071533203 292.1126772239804 13.28669906407595 1.594864763319492 0.6402524262666702 14.24474209547043 1.138018399477005 0 3.349933288991451 3.043360769748688 8.037437006831169 33.14039222151041 87.0893965959549 21.25966300070286 61.91286034137011 0.9192376360297203 1.733904913067818 0 123.2367444038391 6.801920272409916 4.500960022211075 7.476794235408306 7.427718266844749 1.40877053886652 3.279839359223843 364.7029208689928 1.597267672419548 0 143.9269314259291 46.86140225827694 202.3576568588614 305.8558065667748 263.5432044044137 1.5916608273983 531.5351172089577 3.312857180833817 5.122779533267021 32.80601640045643 0 5.258869208395481 10.52806681394577 1.898017331957817 0.369824655354023 6.066783048212528 0.5196327045559883 4.145297646522522 1.085578665137291 2.011284276843071 1.277428790926933 1.971725769340992 2075.268900327384 33.49302337318659 0 3.913694694638252 103.4205023422837 4.53620333224535 3.825561791658401 13.52928675711155 9.150391235947609 2.252231538295746 40.91433852910995 11.96274903416634 41.83159407973289 144.1167065799236 185.9369958490133 11.7693842202425 201.7494564279914 413.6687621995807 342.2172501087189 115.0422775819898 2.821465656161308 4.594290025532246 0.3265546858310699 0.2237481325864792 0 0 0 0 0 0 0 0 0 0.856544017791748 0 0 0 0 0 4.109991922974586 6.308369636535645 0 0.7599276751279831 0 33.09875811636448 0.2054210007190704 32.81538371741772 1.345043927431107 0.2726044654846191 0.8176503926515579 1.066963165998459 0 0.3119989186525345 0.5756784528493881 0.3720079511404037 0 10.49745384603739 25.17828589677811 0.5581681430339813 0.5866797417402267 0.6620751023292542 0.1368051171302795 0.7556598037481308 0.3450191468000412 1.018404752016068 0.09318098425865173 3.161895982921124 3.786338999867439 1.053962528705597 0 3.072353541851044 58.25666826218367 1.623397618532181 5.041162237524986 2.591831743717194 0.5214672684669495 0.6215221658349037 1.399355590343475 1.549863830208778 0.188774898648262 2.072371691465378 125.3997790664434 0.2994574755430222 0 0.3360145092010498 0.1363258510828018 114.1377519369125 77.77751278877258 43.05597423762083 18.4696457311511 10.05575031787157 27.21309231221676 2.666642114520073 9.968251168727875 1.40647965669632 0.2399323508143425 0 0 0.2093818411231041 0.8698505312204361 0.2803670167922974 0.9040016382932663 157.4832887351513 15.55756039917469 12.95170846581459 835.0290978103876 161.6712128296494 748.9543566629291 141.6612188518047 252.9228302016854 143.4900499135256 7.643890090286732 201.5191859453917 56.08069599419832 4.034423463046551 87.25829883664846 5.222128301858902 92.60931527614594 8.177334919571877 0.4846548438072205 24.93057936429977 13.84231649339199 0.2040995210409164
