0 5165.193703517318 382.3609255850315 1186.608023539186 79.02898126095533 14.53796148300171 1935.811024598777 598.4092049747705 28.58741728961468 1006.032129481435 452.9165774732828 35.06218791007996 105.1297857761383 130.198857396841 1.619595438241959 0.9793861731886864 0.1236689761281013 0 0 0 0 0 0 0 0 0 0 0 0.3545005321502686 0 237.926945887506 3.757115960121155 2.241740569472313 0 0 0.1375491917133331 0.2598156109452248 0 0 0 0 0 0 0.1807425171136856 0 0 17.86999690532684 0.919802226126194 0.1211848929524422 0 0.2799703702330589 0.7338240146636963 0 0 1.342594251036644 3.516543507575989 233.0004260092974 908.0905029550195 36.10636632889509 15.49324218183756 0.1565447300672531 0 0 2.345452845096588 4.359205201268196 2.130726732313633 0.7649092972278595 0.4566300064325333 0.15151147544384 0.1387344896793365 7.464510709047318 8.617209881544113 0 108.0232652723789 13.81691211462021 5.399330273270607 3.563715323805809 0.6929177045822144 19.51281671226025 28.02492244541645 0.1357899904251099 2.147962033748627 19.85583882778883 0.6696318536996841 1.582231253385544 4.414794705808163 0.8114675804972649 0 0.4299876615405083 0.4597375988960266 0 0 0.2044820934534073 0 0 170.6858661770821 36.07558932900429 2.139285147190094 0.7498277127742767 1104.934153914452 0 0 0 0 0 44.53386935591698 0 0.1762058138847351 1.486572742462158 9.7499920129776 0 1.316135823726654 1.588711738586426 1.932236194610596 0.5582232922315598 0 0 0 0 0 0 0 0 0 0 0 0 0 0 0 0 0 0 0 0 0 0 0 0 1.377804934978485 0 0.3993785977363586 0 0 0 0 0 0 0 0 0 0 0 0 0 0 0 0 0 0 0 0 0 0 0 0 0 0 0 0.400433324277401 0 0 0 0 0 0 2.345653399825096 0 0 0 0 0.4036293625831604 0 0 0 0 0.2272743135690689 0 0 0.1829534620046616 0 0 0 0.1563958674669266 0 0 0 3.122249573469162 1.248880743980408 0.1973097026348114 7.18127279728651 2.579422019422054 35.08008754253387 3.317300491034985 592.2748386338353 33.94271319359541 1.183683343231678 2.413961157202721 0 0.246806800365448 0 0 0.7602950930595398 0 0 0 0 0
5165.193703517318 0 2867.495252892375 114.2938252389431 1866.014376960695 379.1786262989044 3902.943688593805 1579.019577749074 670.5109948292375 355.3871421143413 3807.353448271751 39.54084767401218 683.6077945157886 1667.471396736801 15.53290298581123 1.682265497744083 1.139421954751015 0.3994935750961304 0 0.3080558776855469 0 0 0 0.1166805997490883 0.1121285110712051 0.5684739798307419 0 0.4426537156105042 0.4000099003314972 0 2644.75551880151 94.14711609482765 4.724821858108044 0 0 0.1094667837023735 2.646487772464752 0 0.7619525492191315 0.277190625667572 0.3881116211414337 0.3046817779541016 0.09132733941078186 0.5478429719805717 0 0.08175560086965561 242.3004956692457 20.1624748185277 2.686213292181492 0.8934945687651634 4.315966792404652 0.4072646796703339 0 1.384721606969833 17.84663936495781 31.21580870449543 127.3729029148817 1897.409690581262 112.7110646739602 123.2820764556527 0 0.1033848524093628 0.1182180717587471 26.69473966956139 46.5150393396616 28.01252014935017 11.54570445418358 3.508036874234676 0.2427223399281502 0.4607225134968758 3.161529712378979 5.116015017032623 0.1768354624509811 543.7840122282505 119.0193532705307 113.4020236730576 32.05534563213587 4.440165467560291 30.86954502016306 32.41330687701702 0.6501554697751999 2.328161180019379 195.3965115398169 2.262053661048412 22.74827952682972 46.03540980815887 6.547241397202015 0.2449417859315872 6.677262283861637 0.9114038571715355 0.9854430854320526 1.736925095319748 0.3615543618798256 0.3595676943659782 0.9562794044613838 113.0097896456718 1.485948711633682 0 0 2011.082651518285 0 0 0.1934403479099274 1.471691220998764 0.3009627461433411 58.88460533320904 1.493446350097656 1.874770149588585 7.81037175655365 15.35527950525284 0.3936739563941956 7.739802926778793 17.78676342964172 11.12883973121643 4.86473336815834 0.1296788901090622 0 0 0.1250940710306168 0 0 0 0 0 0 0 0 0 0 0 0 0 0.2020099759101868 0 0 0.9350838661193848 0 0 0 3.522421881556511 0.1403432488441467 0.5717973411083221 0.5036449134349823 0.1747142523527145 0 0 0 0.2110512107610703 0 0.2730357646942139 0 2.11531300842762 0.6435253322124481 0 0 0 0 0.1228470206260681 0 0 0 0 0 0 0 0 1.373021990060806 0 0.9741617739200592 0.1046559140086174 0.2717135176062584 0.7973249331116676 0.1608080863952637 0.2506950199604034 0 0 5.680421561002731 0 0 0 0.100239671766758 1.595707312226295 0.9890470206737518 1.46516415476799 1.294923037290573 0 0.4446617811918259 0.7353377938270569 0 0.1126101464033127 0.4933199137449265 0.2143865004181862 0 1.134666197001934 0.2818752080202103 0 0 8.65807694196701 3.856136322021484 0.6218519061803818 327.9433951750398 51.81704054027796 740.196329832077 38.44414925575256 1376.820948250592 217.5745874121785 18.39550173282623 62.3413050994277 17.10529183596373 2.616818055510521 4.054232321679592 1.376876145601273 3.989398390054703 0 0 1.44682465493679 1.144537016749382 0
382.3609255850315 2867.495252892375 0 11.40395811200142 1179.874617502093 0.2237358540296555 294.5314612165093 3758.022752359509 490.4251808524132 9.976307079195976 5168.577586583793 4.185419231653214 123.4644259437919 875.1349807977676 18.8028975725174 9.172826662659645 0.9369325414299965 0.3139039278030396 0.1911097317934036 0.1590697765350342 5.277966633439064 0.4116881191730499 0 0 0.195979043841362 1.498058632016182 0 0.2997166737914085 0 0 2775.688944384456 338.2846612259746 11.94012443721294 0 0 1.98438772559166 2.906773641705513 0 0 0.1031921207904816 2.147015497088432 2.744778662919998 3.588494285941124 1.810188263654709 0 0 67.34217493981123 8.017828226089478 1.803161814808846 3.99396063387394 10.86226010322571 1.013588592410088 0 2.248892590403557 2.710404612123966 8.508174918591976 40.00604441761971 1067.25687713176 40.9811354726553 33.35964094847441 4.174343302845955 4.137982130050659 3.39322791993618 80.75134479254484 12.9107658714056 8.845648758113384 2.808118335902691 9.524119488894939 8.914722047746181 14.15500532090664 5.208130821585655 3.704647362232208 0 209.5873839184642 85.14101205021143 39.58635284006596 40.07328913360834 24.56861548870802 472.7235539928079 406.7475096210837 24.91987328231335 214.4398446455598 51.09943828731775 0.8245826587080956 6.433241747319698 15.27716080844402 7.812962107360363 0.1238304823637009 2.37834058701992 0.8861807435750961 0.7056387513875961 0.9025909528136253 11.78208316117525 1.955154478549957 1.063428714871407 3.234313011169434 1.986482888460159 0 0 250.9230713024735 0 0 0 0 0 0.339577242732048 0 0.446082592010498 0.8530074954032898 0.7278721928596497 0 0.2409529536962509 0.7627321481704712 0 0.8558748960494995 0.2919206768274307 0 0 0 0 0 0 0 0 0 0 0 0 0 0 0 0 0 0 0 0 0 0 0 0.3402153477072716 0.1448319405317307 0.2028793543577194 0 0.1177292168140411 0 0 0 0 0 0.2378223091363907 0 0 0.3908269703388214 0 0 0 0 0 0 0 0 0 0 0 0.1375993192195892 0 0 0 0 0.1048018410801888 0 0 0.1480982452630997 0.1217032372951508 0.1979369521141052 0.2669007778167725 0.4354758858680725 0 0.1678818315267563 0.3597341626882553 0.2781767100095749 0 0 0.1508510857820511 0 0 0.1560070365667343 0 0 0.3913818523287773 0 0 0 0.353444792330265 0 0 0 0.448754221200943 0.7146201878786087 0.4511449337005615 45.43624530732632 11.66165969520807 163.4692059010267 11.27264331281185 116.4382455721498 55.81647373735905 3.782348051667213 13.42395039647818 1.967033207416534 0.5563671514391899 0.4604423046112061 0 0.9969071745872498 0 0 0.4381435513496399 0.2724277451634407 0
1186.608023539186 114.2938252389431 11.40395811200142 0 18.39412449300289 468.3057351261377 213.1198522597551 4.964487344026566 9.141830042004585 2464.186894774437 18.95494285225868 188.6218028366566 515.1673386022449 127.4236372262239 2.630978807806969 0.7079571634531021 0 0 0 0 0.2829639911651611 0 0 0 0 0 0 0.1425757855176926 0 0 25.85802702605724 7.652414113283157 2.045620307326317 0 0.1210935488343239 0 0.5632433667778969 0 0.4632514342665672 0.1055891513824463 0 0 0 0 0 0 25.92936147749424 2.17678764462471 0.1109708175063133 0.2330503165721893 0 0.4137236624956131 0 0 1.141011044383049 2.137329749763012 10.47532270848751 94.4439437314868 9.342150464653969 12.15639957785606 0 0.3342408984899521 0 0.7314965575933456 4.4198317527771 3.243727944791317 1.364461876451969 0.4062843471765518 0 0.2134984582662582 0.4360545873641968 0.7805658578872681 0 45.87249906361103 8.050604112446308 9.768332943320274 6.880101338028908 1.165314003825188 0 7.280357837677002 0 0 19.96277893334627 0.1288043409585953 2.658970229327679 5.752338968217373 0.3754467964172363 0.1235377937555313 0.2804795801639557 0.1697874367237091 0 0.2669888585805893 0.1780664771795273 0 0 166.9606625437737 1.410112649202347 0.1892915517091751 0 266.9638489484787 0.5923870801925659 0 0 0 0 5.499948263168335 0 2.395703822374344 7.891006171703339 6.262586057186127 0 6.857666283845901 8.323236078023911 5.409531444311142 3.446745276451111 0.7998931407928467 0.1343208998441696 0 0 0 0 0 0 0 0 0 0 0 0 0 0 0 0 0 0 0 0 0 0 1.80524704605341 0 0.1460408568382263 0 0 0 0 0 0 0 0 0 0 0.705176830291748 0 0 0 0 0 0 0 0 0 0.3981645107269287 0 0 0.1864143908023834 0.5660111904144287 0 0.7892386317253113 0.4059385061264038 0 0 0 0 0 0 4.089292913675308 0 0 0 0.1819742619991302 0.4202010631561279 0.5303983986377716 0.7453292608261108 1.085407376289368 0.3770961165428162 0.2678036093711853 0 0 0 0 0 0 0.3143081516027451 0.1128857582807541 0 0 3.980341702699661 1.076983571052551 0 45.5158429145813 8.94591261446476 95.06123072654009 6.286758624017239 375.8456264063716 25.56782097369432 1.135731503367424 10.04175637662411 1.078047960996628 0.9127291589975357 1.033924669027328 0 0.2910754978656769 0.3466886878013611 0.08642581105232239 0.9262216091156006 0 0
79.02898126095533 1866.014376960695 1179.874617502093 18.39412449300289 0 8.656737670302391 1548.346588216722 378.3377870246768 2734.277355968952 468.2058093696833 3973.041576616466 47.12933201342821 187.5275852903724 1268.858452759683 42.42964636534452 2.681843720376492 0.7794216349720955 0.665791392326355 0.2788805067539215 0.7501170188188553 0.659060001373291 0 0.3906067162752151 0.1024132892489433 0.1274220198392868 0.7000980228185654 0 1.167027793824673 0.4975016564130783 0 183.9194127246737 103.4413755089045 2.91358495503664 0 0.09655282646417618 0.4779519438743591 5.192264758050442 0.4741748347878456 1.643613435328007 0.4560119286179543 0 0.2415194511413574 0.3452214598655701 0.4776366800069809 0 0.1225664243102074 193.4244412779808 8.814725704491138 1.284950502216816 0.3699338734149933 3.348862402141094 0 0 1.241716079413891 4.170699395239353 14.40039555728436 12.6135528087616 154.9856719896197 18.05517504364252 48.31246390193701 1.305997483432293 0.6126787513494492 0.1730382144451141 25.54516022652388 18.44143824279308 12.31340778619051 3.221646726131439 3.160977654159069 0.3359051942825317 0.2148682251572609 8.063265934586525 3.200932070612907 0 126.0733614861965 35.1002466827631 102.9471014514565 74.27058867365122 8.365276128053665 1.563832603394985 7.607018426060677 0.2540389969944954 1.596028506755829 63.17428054660559 1.172576606273651 12.19134737551212 21.77725365012884 2.899628050625324 0.1204117313027382 4.401402086019516 0.4939625412225723 1.02364493906498 0.9836566969752312 0.1559170931577682 0.5637755990028381 0.5411604195833206 218.3892558068037 1.27008318901062 0 0.4951212182641029 33.32916211336851 0.3705876469612122 0 0.6249748468399048 4.103699043393135 0 9.886308491230011 6.992898747324944 6.665368035435677 32.86219654977322 54.21215941011906 3.038321852684021 36.40514732897282 64.40520302951336 30.95465435087681 28.93632044643164 0.2729355692863464 0.8264063149690628 0 0 0.1959192454814911 0 0 0 0 0 0.2290533185005188 0 0 0 0 0 0 0 0 0.3942549526691437 0 0 1.487184524536133 0.3619876950979233 3.609133824706078 0.846955269575119 0.1087624058127403 0.844914972782135 0 0.3899334669113159 0 0 0 0.5228958278894424 0.2826124578714371 0 3.31714078783989 3.895743414759636 0.1624776571989059 0 0 0.1541632860898972 0 0 0 0.1277400702238083 1.90867480635643 3.303977817296982 0 0.3186619877815247 0 5.015246838331223 0 0 0.8594695255160332 0 0.3626048564910889 0.2208569645881653 0.1239414513111115 0 0 30.03474313765764 0 0 0.3584622293710709 0.2914662212133408 7.25082078576088 2.547267153859138 9.800791531801224 2.181806400418282 3.549238920211792 1.787151113152504 0.9633509516716003 1.82728698849678 0.6179497465491295 0.3630103468894958 0 0 1.741731867194176 0.3301588594913483 0 0 46.27644230425358 14.52762514352798 0.8021583035588264 475.8451897799969 77.37919451296329 603.0293125584722 69.29731503874063 268.6417403519154 109.1323073133826 16.37444857507944 114.8063926994801 22.0563165768981 4.831589072942734 15.62653047591448 0.62940314412117 7.2070382386446 0.2998326420783997 0 2.513836622238159 3.724112898111343 0.2691141963005066
14.53796148300171 379.1786262989044 0.2237358540296555 468.3057351261377 8.656737670302391 0 688.0176415890455 3.702338829636574 19.82316979765892 963.9307629466057 5.758941113948822 179.3552875965834 121.2133230566978 60.05924637615681 0 0 0 0 0 0 0 2.780602484941483 0 0 0 0 0 0 0 0 0.1865388154983521 0.1732089966535568 4.499326765537262 0 0 0 2.152713239192963 0 0 0 0 0 0 0 0 0 0.8027438372373581 0 0 0 0 4.784432128071785 1.3448146879673 0.3471589684486389 0 0 488.2248820960522 28.84754224121571 0.1667803823947906 0.4342834949493408 0 0 0 0.8585988283157349 0 0.2030704468488693 0 0.5626463741064072 0 0 67.3774753510952 414.7715016305447 15.54640537500381 1.666880063712597 2.026623994112015 0.1177138984203339 0.2899473607540131 0 0.3538835644721985 18.25318266451359 0.5681907534599304 0.3737686574459076 1.484281495213509 0.8739059269428253 0 0 0.7195407152175903 4.377792194485664 2.650467395782471 6.214804574847221 0 0 0 0 0 371.4430615752935 616.8886294364929 45.7313896715641 2.522897869348526 1067.996893629432 0 0 0 0 0 18.37521086633205 0 0 0 0 0 0.8162082433700562 0.3301398456096649 0 0.4885907024145126 0 0.3040394186973572 0 0.2762465476989746 0 0 0 0 0.4103554934263229 0 0 0 0 0 0.8844245374202728 0 0.2187686413526535 0 0 0 0 0.1945130378007889 0 0 0.357291966676712 0.6297324895858765 0 1.030146658420563 0.3936424255371094 0 0 0 0 0.2515324354171753 0.5683091133832932 0 0 0.5002731680870056 0 0 0 0.7903010845184326 0 0 0 0 0 0 0 0 0 0 0 0 0 0 0 0 0 0 0 0.4399267733097076 0 0 0 0 0 0 0.6905489563941956 0 0.5862692594528198 0 0 0.4291630387306213 0 0 0 0 0 0 0 0 0.268762081861496 1.62485659122467 1.482041284441948 3.489220507442951 0.5161551833152771 2.353184029459953 0.4740985780954361 295.0224299579859 1.543465733528137 0 1.188591063022614 0.7083870023488998 0 0.7168720066547394 0 0 0 0 0 0 0
1935.811024598777 3902.943688593805 294.5314612165093 213.1198522597551 1548.346588216722 688.0176415890455 0 107.8806007578969 1530.13571678102 3503.304597645998 1225.23763667047 538.7404344603419 7245.357478030026 3044.993594042957 58.89127657562494 9.027159310877323 0.8220405578613281 0.7794949412345886 0.4725786969065666 0.2335095852613449 0.1221927329897881 0.2004582136869431 0.2740664035081863 0.491512730717659 0.111366406083107 1.245137237012386 0 0.1208255961537361 1.052846245467663 0.2544444650411606 289.3828682228923 100.2026576623321 6.46185576915741 0 0.1279249787330627 0.2344710826873779 5.87329663336277 0.367436520755291 2.201893121004105 0.5796709284186363 0 1.279922045767307 0.1384652405977249 1.210137277841568 0.1077155098319054 0.1477188467979431 296.701808847487 16.67744609713554 2.718065313994884 0.3550157845020294 4.793258771300316 0.3497759699821472 0 1.267192780971527 12.73592360317707 28.60651131719351 61.78490933030844 548.0456953123212 60.48524295538664 97.66482355445623 0.3449433445930481 1.132700577378273 0 28.80958919227123 42.30841957032681 27.30710346996784 11.34445607662201 4.167213469743729 0.4775766059756279 0.1150310933589935 7.829690605401993 6.3266841173172 0.8221507668495178 330.1391207575798 74.47938922047615 161.4151285886765 98.75905936211348 13.00978998094797 1.303929559886456 29.04971861839294 0.6006546765565872 2.232978738844395 159.5106078460813 3.302727997303009 22.33422871679068 46.55287606269121 8.43463459610939 0.1943016201257706 7.800979115068913 1.606342189013958 1.61016757786274 2.05190734565258 0.2254521325230598 0.753934383392334 1.760681390762329 675.2376620620489 4.798119604587555 0 0.9442428052425385 600.4956121519208 1.828839182853699 1.161177471280098 0.4545552879571915 4.672051087021828 0.1981794834136963 25.3874499425292 6.66659489274025 15.68456918001175 66.85564157366753 88.71138906478882 0.4905636012554169 60.18007400631905 136.4550859779119 48.35852885246277 43.38579446077347 0.5671142637729645 0.7034830674529076 0.1097503826022148 0.1282171010971069 0.2845575734972954 0 0 0 0 0 0.1800733655691147 0.5515684485435486 0.111653171479702 0 0 0 0 0 0 0.1872208118438721 0 0 0.1084348559379578 0.3252095878124237 5.117214918136597 0.8360084742307663 2.138194896280766 1.069101460278034 0.2595441043376923 0 0 0 0.4084689021110535 0 0.7486401349306107 0 2.984877243638039 7.25608179718256 1.054321885108948 0 0 0 0.5613599866628647 0.2288389354944229 0 0.1536960005760193 2.586005330085754 0.9741146415472031 0 0.459687128663063 0 12.13301925361156 0 1.741252169013023 1.744421854615211 0.3404099568724632 0.2817280143499374 0.6949341222643852 0.2416023537516594 0 0.2570860236883163 36.08495420962572 0 0 0.1541965305805206 0.332639142870903 13.3307209610939 3.957187160849571 11.14856687188148 2.966745063662529 2.059828400611877 3.172738641500473 2.933930844068527 1.518105030059814 0.8032881245017052 0 0 0 1.870699644088745 0.4529453963041306 0 0.7885851860046387 74.97338497638702 21.72508338093758 5.35777110606432 695.3886608034372 107.1580508053303 980.8510225266218 88.59784463793039 1335.16153986007 220.5584526881576 25.93939693272114 160.6227353811264 34.78532733768225 5.790028914809227 19.33461897075176 2.572859942913055 10.06702935695648 1.355923548340797 0 1.848024606704712 4.757614895701408 1.218950033187866
598.4092049747705 1579.019577749074 3758.022752359509 4.964487344026566 378.3377870246768 3.702338829636574 107.8806007578969 0 607.5483720451593 24.76356549561024 2826.9127240628 13.67877683788538 245.2574108541012 1450.415758647025 98.13538137823343 54.67907457798719 12.55883701145649 8.179337799549103 1.136632770299911 4.651243031024933 28.84726783633232 1.346090734004974 0.1461817622184753 0.9881899058818817 2.338492192327976 4.480238705873489 0 3.556488126516342 0.1800388693809509 0 1711.824804641306 1507.013946264982 61.84282461553812 0 0.8188876435160637 12.86059811711311 24.08258008956909 1.359320178627968 1.627211816608906 1.018018580973148 14.53436182439327 19.2890465259552 37.7033471390605 25.91160959005356 2.200339630246162 1.28928704559803 205.7223938852549 27.99976615607738 8.610103689134121 41.32654725015163 80.23315118253231 1.540372967720032 0 17.69119920581579 3.174646288156509 8.587058991193771 27.10862252116203 532.6552543789148 26.50009468942881 52.66121505945921 49.42449443787336 9.191909782588482 17.49607209861279 108.2025606781244 15.34554567188025 31.7764755114913 17.32012679427862 75.97645549476147 64.71037812530994 90.79229128360748 57.54824707657099 24.54034897685051 0.5746771693229675 169.0298059880733 64.77023184299469 144.680614605546 317.3825747296214 590.0155216157436 647.2368547543883 322.3176071196795 452.5039334520698 1162.202398367226 59.74321361631155 0.4269551038742065 12.90743263810873 17.23127721250057 70.11262941360474 0.1896046698093414 5.470149219036102 3.571223668754101 3.960773482918739 6.879502154886723 53.15491964668036 7.021014682948589 5.408424541354179 84.39712375402451 45.18727885186672 0.7279887050390244 0.5787812918424606 186.6188238710165 0.3212731778621674 0 0 3.000121593475342 0 2.007457345724106 1.307961583137512 0.7597411572933197 3.232887744903564 3.165068790316582 0.5348454564809799 3.596664309501648 2.812712788581848 2.467618808150291 8.272736385464668 0.5922752618789673 0.2807281315326691 0 0 0 0 0.2464732527732849 0 0 0.2215754687786102 0.7186793833971024 0 0.101860299706459 0 0 0.1335035413503647 0 0.6919314563274384 0 0 0 0 0 0 3.75086772441864 0.4788410663604736 0.775021068751812 0.1609403938055038 0 0 0.4312539398670197 0.5676851347088814 0 0.4550231993198395 0.1451861262321472 0.5185214728116989 0.7815482169389725 3.614114046096802 0 0 0 0 1.381514608860016 0 0 0 0.4358925819396973 0 0 1.017278276383877 0.5847809910774231 1.596861749887466 0 0.3282633423805237 0.2617345750331879 0.1729161888360977 0.6285290569067001 2.219448193907738 1.654928587377071 1.90009281039238 2.040542423725128 8.653407603502274 0.494395412504673 0.1911084353923798 1.99583525955677 4.394884511828423 1.899803087115288 0.3367157131433487 1.228657796978951 0.4778693318367004 0.3445548415184021 0.4375087171792984 0.1710084825754166 0.1467144787311554 2.58264933526516 0 0.6249127238988876 0 1.633757717907429 0.8866995200514793 0.3943457156419754 0 10.52273343503475 16.11720970273018 2.851101398468018 224.0701399669051 46.28822983056307 483.2601779550314 48.34885711222887 116.8010293841362 71.93833066523075 8.335032142698765 66.70322969555855 11.51773484796286 3.052419915795326 7.914541378617287 1.016594544053078 1.768693923950195 0 0.1521332859992981 0.4321785718202591 3.029423132538795 0.7733486443758011
28.58741728961468 670.5109948292375 490.4251808524132 9.141830042004585 2734.277355968952 19.82316979765892 1530.13571678102 607.5483720451593 0 509.5581910312176 7222.860559001565 76.2148382216692 92.36712915450335 2138.825079992414 68.45430544763803 14.13798093050718 1.383037373423576 0.4829524010419846 0 0.1727087944746017 0 0.2147140204906464 0.2610983550548553 0 0 0.2247500568628311 0 0.2631964087486267 0.3276598155498505 0 68.42447180300951 70.08484261482954 6.945470742881298 0 0 0 4.747698664665222 0.6253110021352768 2.397809565067291 0.4994967058300972 0 0.4830208271741867 0.4980550706386566 1.833782866597176 0.2671602815389633 0.2200987339019775 171.0256339162588 3.967308267951012 0.8018598183989525 0.2222921848297119 2.979300439357758 0.5361550599336624 0.1445960849523544 0.6757849752902985 2.534936212003231 5.521023295819759 8.454604133963585 60.36826504766941 10.16463339328766 31.43290155380964 0.2200827747583389 1.348970666527748 0.1643004566431046 22.67284543067217 10.66649235785007 6.618672698736191 2.875298403203487 2.483338177204132 0.5089519694447517 1.023727044463158 6.614318251609802 4.8059226796031 0 66.56005710363388 16.2703939974308 110.0144289582968 142.1749730929732 22.43772615492344 1.559001177549362 22.02491354942322 0.2536882758140564 2.088729873299599 28.92563023418188 0.231781005859375 6.145397044718266 12.33439373224974 3.09125192463398 0.2469449639320374 1.40931161493063 0.1523830145597458 0.7417487874627113 0.3723007515072823 0.1749460101127625 0.3254790157079697 0.7396466508507729 460.687097415328 3.003267168998718 0.2790234982967377 0.1290954202413559 13.09697119891644 1.354924336075783 1.074758961796761 0 7.899535238742828 0.5890870839357376 18.61571165919304 2.126213163137436 6.550126001238823 37.15709675848484 67.14018757641315 0.2643046975135803 42.48923106491566 67.85713165998459 25.921068161726 30.58328928053379 0.8707062005996704 0.7315291911363602 0.1670567989349365 0 0 0 0 0 0 0 0.1604724675416946 0 0 0.288299947977066 0 0 0 0 0 0.190544068813324 0.3528411090373993 0 0.196150466799736 0.3599696457386017 6.025760263204575 0.4195177555084229 2.019032709300518 0.2585375010967255 0 0 0.3173160552978516 0.1692763566970825 0 0.4153109639883041 0.2490660026669502 0.9834703058004379 3.65935854613781 9.44913512468338 0.9071117267012596 0.3027173280715942 0 0 0.1958646178245544 0.4322046786546707 1.491861388087273 0.1905124187469482 1.473682790994644 2.006093084812164 0 0 0.2461355328559875 6.955404654145241 0.4359053075313568 2.395709574222565 0.9839096218347549 0.4128011465072632 0.2452983185648918 0.1395377069711685 0 0 0 28.24489025771618 0.2450023889541626 0 0.1751236915588379 0 9.762252822518349 5.217342004179955 6.09984315931797 2.836136683821678 0.8259517699480057 3.045149907469749 0.9469562768936157 1.095719814300537 0.2912706881761551 0 0 0 0.6577104702591896 0.2335182428359985 0 0 47.89955532550812 18.7540545836091 1.97376810759306 629.0803167596459 74.37775670737028 569.595863699913 73.67599707841873 172.1255136057734 87.10334934294224 15.21880516409874 155.1029136180878 28.85258107632399 5.824488185346127 16.18953142315149 1.695583000779152 14.07958325743675 0.4607054442167282 0 1.973367273807526 3.736329481005669 1.241127550601959
1006.032129481435 355.3871421143413 9.976307079195976 2464.186894774437 468.2058093696833 963.9307629466057 3503.304597645998 24.76356549561024 509.5581910312176 0 81.77555608004332 1394.74685588479 6698.169735491276 2801.86394456774 19.3642853051424 5.022324830293655 0 0.2137522399425507 0 0 0 0 0.1182007044553757 0 0 0.3977395743131638 0 0 0 0 34.25910336524248 7.555926866829395 24.16781850159168 0 0 0 10.26263947784901 0 0.5500117689371109 0.8928235173225403 0.1295537948608398 0.874871090054512 0 0.1859342604875565 0 0.155098170042038 69.10328391939402 2.486710943281651 0.522833451628685 0 0.4080070480704308 0.9692089557647705 0.6863899827003479 0.9443255960941315 2.43090146034956 4.023963570594788 44.15565491467714 153.5599274039268 16.11531921476126 13.30860843509436 0.1406078338623047 0.141178771853447 0 3.862972915172577 5.701191365718842 4.055273972451687 1.540561132133007 0.7940408661961555 0 0.3083863407373428 29.2658591195941 29.42597055435181 0.6421883702278137 69.95301579684019 13.64189869910479 28.12928945571184 25.14828636497259 5.819651201367378 0.3376785814762115 221.3273134380579 0.1662115007638931 0.295561745762825 32.280422963202 0.3436283469200134 2.926867268979549 6.573032677173615 0.7994579374790192 0 1.453327901661396 0.4856308102607727 0.4228936433792114 0.1085424646735191 0.1443790346384048 0.2509097084403038 0.6345327645540237 2178.335365608335 52.85597299039364 3.586953520774841 0 835.8306094706059 0.974645733833313 0.2859606146812439 2.527439057826996 10.99148698151112 0 78.89217045903206 10.36139324307442 17.99195736646652 122.3270387202501 167.0177082717419 3.632512152194977 113.3254324942827 195.893580108881 86.99636262655258 57.81455260515213 0.4707945883274078 1.00827768445015 0 0 0 0 0 0 0 0 0 0.3276251554489136 0 0 0 0 0 0 0 1.089450031518936 1.310199022293091 0 0 0 13.89472423493862 0.1717142313718796 1.203197926282883 0 0 0 0 0.2233607321977615 0.2385208159685135 0.2354144006967545 1.533188849687576 0 4.686733946204185 9.560987398028374 0.2944826483726501 0.2513603568077087 0 0 0 0 0.4055967032909393 0 1.529985725879669 3.125573456287384 0 0.4099680632352829 0.4283742308616638 11.41494205594063 0.4430496245622635 3.471135094761848 2.724160343408585 0 0.1656971424818039 0.2437394112348557 0 0 0 40.44953481853008 1.58226603269577 0 0.32610684633255 0.1210972145199776 15.29017075896263 3.380001068115234 16.65452834963799 6.113037601113319 5.034777328372002 5.816330328583717 2.497689083218575 0.2447518110275269 0.1421553641557693 0 0.1354038268327713 0 0.3490583747625351 0 0 0 91.22424902021885 23.45814834535122 2.822359547019005 253.0988932028413 18.67959072440863 200.2406723946333 18.56812240928411 1313.060686677694 43.84192533046007 3.442759849131107 52.9724740460515 16.50460756570101 1.439868122339249 23.8288189470768 1.949767433106899 26.430858284235 1.531245201826096 0.2152671962976456 1.116668075323105 0.4497557878494263 0.4319079518318176
452.9165774732828 3807.353448271751 5168.577586583793 18.95494285225868 3973.041576616466 5.758941113948822 1225.23763667047 2826.9127240628 7222.860559001565 81.77555608004332 0 102.3328846991062 1373.243901088834 5156.663632616401 96.87018562853336 50.57088923454285 2.792556539177895 0.8500222563743591 0.127377063035965 0 2.695550531148911 0.2043324708938599 0 0 0.3830781579017639 1.662496127188206 0.2404525876045227 0.7118829861283302 0.7401669919490814 0.1951864138245583 566.0705974847078 181.9357777163386 293.9340154379606 0 0 4.057427182793617 61.72713486850262 1.843694619834423 2.541226744651794 2.18804843723774 3.075571864843369 1.50904206186533 1.928436025977135 7.139552816748619 0 0 170.1124614626169 5.965491883456707 0.9179570227861404 1.658062413334846 7.230034105479717 0.1634799987077713 0 1.881729237735271 2.245930470526218 6.66566689312458 10.55987245589495 180.4499425888062 10.04752436280251 33.54447810351849 2.415173500776291 7.705624125897884 3.813021898269653 29.52511288225651 10.00893727689981 7.519126154482365 3.803897261619568 8.78717852383852 5.282596126198769 11.5668341293931 151.4505536705256 31.64225371181965 0 76.83282272517681 26.06527276337147 108.0573408603668 179.1470415145159 53.67740884423256 61.89957114309072 336.4721244871616 7.625242352485657 49.49043839424849 28.48261801898479 0.3202059790492058 5.303748913109303 12.12490963935852 5.911915116012096 0 1.987698405981064 0.8015033751726151 0.8593380898237228 1.14064946770668 5.449350833892822 1.856551557779312 1.158696264028549 265.0680359750986 82.66911183297634 0 0.353722870349884 82.94658050686121 0.2369464337825775 0 0 0.5791995376348495 0 4.994793087244034 0 1.481707856059074 12.37073083221912 19.65938848257065 0.8194094896316528 3.368908599019051 18.38701273500919 8.288147658109665 16.67355778813362 0.6600782871246338 1.363385155797005 0 0.1425142735242844 0 0 0 0 0 0 0 0 0 0 0 0 0 0.4121540486812592 0 0 0.4505234658718109 0 0 0 4.280131697654724 0.1179023012518883 1.423034846782684 0.5059560239315033 0 0 0 0 0 0 1.017495602369308 0 0.8582383543252945 6.266274467110634 0.2696300446987152 0 0 0 1.011423394083977 0 0 0 1.436683565378189 0.1420999765396118 0 0.6562158912420273 0.3875712007284164 2.303187921643257 0 0.3307264670729637 0.4716506004333496 0 0 0.22709921002388 0.1657460629940033 0.1628896445035934 0.1052460074424744 19.0488508939743 0.6123561859130859 0 0.1248783320188522 0 4.859474837779999 1.379493549466133 3.923999860882759 1.098641604185104 0.9172103106975555 2.060338467359543 0.744314581155777 0.9659896045923233 0.5542097538709641 0 0 0.2643137574195862 0.7445894479751587 0 0 0.1229581162333488 19.01756875216961 26.36097884178162 3.964875891804695 256.2295774146914 50.34829205274582 394.2083902060986 54.84038204699755 95.56656804680824 61.24611587822437 11.03201276808977 87.95951712876558 9.792295217514038 2.752293333411217 10.68297331035137 1.486840069293976 4.225126951932907 0.6374189555644989 0.4748416990041733 0.6187658905982971 3.807650297880173 0
35.06218791007996 39.54084767401218 4.185419231653214 188.6218028366566 47.12933201342821 179.3552875965834 538.7404344603419 13.67877683788538 76.2148382216692 1394.74685588479 102.3328846991062 0 1433.203347913921 1308.798518434167 38.10589428991079 18.64638156443834 1.511355541646481 0.1468071788549423 0 0 0.1111913323402405 0 0 0 0 0.2830554693937302 0 0.3983011245727539 0.5142115950584412 0 1.112939164042473 2.99768790602684 52.36599585413933 0 0 0 96.79151143878698 0.1101071909070015 0.1568577587604523 0.7411654889583588 0.1229926645755768 0.4371023029088974 0.3186898231506348 0.9590823203325272 0 0 49.06004345417023 0.7517665773630142 0.282418355345726 0.8136313855648041 0.2562315762042999 0.1878558844327927 0 0.1113327518105507 0.5645391941070557 1.584629788994789 6.273137472569942 11.95804492384195 1.203594587743282 6.762285903096199 0.1650907397270203 3.346147477626801 0 3.151003360748291 1.398203633725643 1.493287071585655 0.4513968825340271 0.9933805242180824 0.2928065806627274 0.4229975789785385 98.60116572678089 62.29055616259575 0.1299284845590591 14.10303424298763 1.674425847828388 25.48951265215874 47.43508310616016 13.98214427381754 0.2883808463811874 370.5947001650929 1.275225684046745 2.272294849157333 6.335656762123108 0.2149037718772888 0.520815797150135 2.579389274120331 0.4011093080043793 0 0.3349503204226494 0.547055147588253 0.1263884007930756 0.228915311396122 0.8831638246774673 0 0.3624843508005142 2297.785325959325 75.36107109487057 0 0.838295042514801 74.88034354150295 2.695786669850349 0.5128888487815857 0.9319555163383484 3.052562698721886 0 32.94354067742825 4.157847791910172 7.802108600735664 38.53348955512047 80.2781199067831 1.279405161738396 56.53978064656258 92.88537110388279 42.25735731422901 51.40698449313641 2.14617195725441 0.8366221934556961 0 0 0 0 0 0 0 0 0 0 0.1349090933799744 0 0 0 0 0 0 0.7152530699968338 0 0 0 0 14.37332157790661 0.6270226836204529 3.342482283711433 0.3049619495868683 0 0 0 0 0.2202642858028412 1.040113508701324 0 0 4.239477038383484 8.906270757317543 0.9510074257850647 0.9013757109642029 0 0 0 0 0.6652969121932983 0 1.615807242691517 2.319808676838875 0 0 0 12.96514429152012 0.4952379316091537 1.353228762745857 0.925854817032814 0.5736090317368507 0.2219955176115036 0.1736743599176407 0 0.2082387953996658 0 58.38652555644512 0.5984765291213989 0 0 0 16.215955093503 2.710515186190605 14.51602512598038 3.981935441493988 2.292570933699608 3.456634998321533 0.6867877840995789 0.2899543642997742 1.148516073822975 0 0 0 0.5526959374547005 0 0 0 63.8873545974493 34.44088552892208 2.597354620695114 237.5398744791746 15.13960898667574 182.1108647882938 20.5567325502634 181.0892410203815 22.37430606037378 3.246109694242477 59.23930007964373 13.29820768535137 0.8022772669792175 21.71110084652901 1.648240506649017 16.36611843109131 1.613426566123962 0 1.598617255687714 1.220515042543411 0.3819828629493713
105.1297857761383 683.6077945157886 123.4644259437919 515.1673386022449 187.5275852903724 121.2133230566978 7245.357478030026 245.2574108541012 92.36712915450335 6698.169735491276 1373.243901088834 1433.203347913921 0 4790.886944711208 104.8321850672364 39.86303036659956 2.584497645497322 0.3527618646621704 0 0.2791767567396164 0.191181480884552 2.142594262957573 0.1401652097702026 0.1889150887727737 0.2167221903800964 0.8202616944909096 0.1213129013776779 1.120998546481133 0.9285860434174538 0 40.70583102107048 27.64040038734674 35.35374050587416 0 0 0 47.5549923107028 0.3097011595964432 4.763051897287369 0.9863434359431267 0.135044127702713 0.6303392797708511 1.171733990311623 6.192589476704597 0 1.521503165364265 186.3937745466828 5.42750558257103 0.9796147868037224 0.6974340677261353 2.418140940368176 1.386377915740013 22.55679085850716 2.058529421687126 2.4346968755126 4.991834029555321 10.72017692774534 77.54230364412069 13.31474025547504 31.58348013460636 4.695646733045578 1.719161860644817 0.1649642288684845 17.04929281771183 8.024082116782665 6.989134415984154 3.641526497900486 1.79487868398428 0.3953235149383545 1.950889959931374 63.19722587615252 176.5259845033288 2.305130049586296 71.59272263944149 15.86960185319185 111.2167595103383 169.6343619376421 38.63996098935604 4.73311148583889 230.1974701434374 8.53860742598772 9.342437110841274 29.94812001287937 1.524256534874439 4.276822030544281 10.74580336362123 2.527231954038143 0.1600855588912964 2.075710244476795 0.5408816784620285 2.069133833050728 1.908619165420532 1.923445671796799 0.8994645327329636 1.335819691419601 1969.792270198464 267.5960205793381 28.687878459692 37.63507265597582 78.89437019824982 1.787136569619179 0.6931051462888718 1.088221073150635 7.96450600028038 0 94.13409800827503 5.836596459150314 13.57986488938332 88.21624226868153 93.34332869946957 1.422304898500443 77.07371541857719 133.7483956366777 65.41123920679092 79.2585982978344 4.112950995564461 2.824236154556274 0 0.2190490067005157 0 0 0.3415468484163284 0.2578517198562622 0.1712913811206818 0 0 0.2177546620368958 0 0 1.034976959228516 0 0 0 0 1.493452116847038 0 0.7141055464744568 0.951995462179184 0.8064559251070023 19.4593481272459 4.740220665931702 7.117760486900806 3.354618228971958 0.4326277822256088 0 0 0.1788780242204666 0.6764694154262543 2.497055143117905 3.462696805596352 0 3.815899014472961 20.2331383228302 0.5681574940681458 0.9494725614786148 0 0.3308182209730148 0 0.1318314075469971 0.4352850168943405 0.1391972452402115 2.195302858948708 2.528577327728271 0 2.487954810261726 1.603880777955055 15.21537666022778 1.027072697877884 3.493530884385109 1.639631435275078 0.3360150903463364 0.3118897825479507 0.3285312950611115 0.2183862775564194 0 0.188452884554863 81.98538473248482 4.891287565231323 0 0.3421942144632339 0.1639174818992615 17.02794978022575 6.755591183900833 23.68341286480427 4.495780900120735 4.45219548791647 4.882512576878071 2.291499450802803 3.705940783023834 2.516804821789265 0 0.2328902930021286 0 0.7117028832435608 0.1959051638841629 0 0 101.0697273761034 62.21375121176243 14.6431085318327 624.855499535799 79.30747583508492 569.7520029097795 85.4721854403615 274.021044395864 89.94697672128677 18.17189677804708 167.8114518523216 31.87294641882181 5.923996284604073 44.75307369232178 3.297491759061813 24.38603219389915 3.900293216109276 0 4.171637147665024 5.982777267694473 0.7296281456947327
