0 3125.301251210272 896.8199731335044 1964.549892321229 1313.009992092848 130.1604828834534 1980.066893845797 113.227437928319 237.7988219559193 1886.028483107686 273.6467128098011 102.5121465623379 541.9392287135124 101.9802839607 3.812132097780704 3.357710756361485 0.4111785143613815 0 0 0 0.4136306941509247 0.4007035791873932 0 0 0 0.7083025872707367 0.1248541325330734 0 0.1197775229811668 0 442.0460245758295 0.5816563069820404 3.723511174321175 0 0 0 1.471423298120499 0 0.2280456274747849 0.3613034784793854 0.3225312307476997 0.1285655051469803 0.1834153532981873 0.5038501471281052 0 0.1654529273509979 11.73363945633173 2.56687431037426 0.2998988926410675 0.108579620718956 0.6471299827098846 0.7533139139413834 0 0 0.2558747306466103 3.978247620165348 141.1434731930494 1148.28651189059 4.923066794872284 8.800699226558208 0 0 0 5.089994102716446 3.070976428687572 1.960376463830471 1.067349165678024 1.087930150330067 0 0.2285188138484955 21.49554492533207 9.079374715685844 1.173697024583817 28.88271876424551 25.84550209343433 16.42772509157658 5.740787416696548 1.349155560135841 0.1921549141407013 162.2630139291286 0 0.6573827937245369 4.306744046509266 0.2580803334712982 3.924481056630611 7.085233367979527 1.234305396676064 0.4531884267926216 1.251470796763897 0.1657566577196121 0.6137611120939255 0.4587706699967384 0 0.8228207007050514 0.9782339632511139 55.61532880365849 9.006613448262215 2.186387062072754 0.2127170711755753 755.5075518637896 0 0 0.3451556265354156 0 0.2667240798473358 14.7237531542778 2.250601947307587 7.722387880086899 2.408830508589745 5.955319583415985 0.4711759388446808 3.929164439439774 0.63648521900177 1.446612000465393 6.615594699978828 0 0 0 0 0 0 0 0 0 0 0 0 0.132898673415184 0 0 0 0 0.1565964370965958 0 0.1510972380638123 2.355999737977982 0 0 0 0.8399714827537537 0 0 0.1506488174200058 0 0 0 0 0 0 0 0 0 0.2315125316381454 0 0 0.2871669828891754 0 0 0 0 0.09313952922821045 0 0 0 0 0 2.449788272380829 0 0.2117516994476318 0.09416729956865311 0 0 0 0 0 0 2.538297727704048 0 0 0.1130535081028938 0 11.28273458778858 0 0 0.2553182542324066 0.1249845549464226 0.7116487324237823 0 0 0.1876664161682129 0 0 0 0 0.222959578037262 0 0 4.470827862620354 0.8343332856893539 0 55.52053796499968 9.947549887001514 82.05173225700855 16.01234406977892 334.70128723979 24.70204773545265 1.775629766285419 10.38185848295689 0.5580683648586273 0 0.2510255575180054 0 0.5620665550231934 0 0.4257217645645142 0 0.3392769396305084 0
3125.301251210272 0 564.4351684525609 257.8496069982648 2709.530246391892 86.30208748579025 6479.271683543921 121.0243482291698 2159.079068675637 456.5735692977905 335.8069615289569 16.86459652334452 614.5756939128041 278.1889651268721 10.9663130864501 2.991048067808151 0.7417129352688789 0.4982371479272842 0.1655808538198471 0.3707225173711777 0.663105733692646 0 0 0 0.1053920313715935 0.4411811605095863 0.3874923437833786 0.6527393385767937 0.3375431001186371 0 2521.966763138771 4.146466888487339 7.525354370474815 0 0.1912863105535507 0.4802002608776093 5.503131084144115 0.6487202718853951 0.4387329965829849 0.430328905582428 0.6750766038894653 0.9891684576869011 0.4521897062659264 1.286771759390831 0.1272555738687515 0.4041804596781731 79.84422755241394 12.15017578750849 2.688076846301556 0.7114835530519485 2.772575207054615 0.2028727680444717 0.1244247034192085 0.6740760207176208 0.6608492285013199 11.55610874295235 82.10647733509541 1786.88203574717 18.49850286543369 56.75327682495117 0.4984650686383247 0 0 54.65956351161003 8.744209624826908 10.00264677405357 7.912718884646893 3.024406097829342 2.375142842531204 1.090461120009422 8.150400914251804 4.39390829205513 0 140.9745217487216 127.8654931932688 86.80755171179771 21.56918879598379 4.818127274513245 5.486251436173916 122.0658419877291 0.1240773573517799 5.492220871150494 16.63647294044495 0.8000183776021004 12.46027880162001 27.73516764491796 10.65419550985098 0.1129448115825653 4.137270666658878 0.7161823287606239 2.078049287199974 1.103202804923058 1.721970207989216 2.348778441548347 2.839172460138798 36.99111899733543 5.778628624975681 0 0.1424426436424255 1549.598327875137 0 0.482607364654541 1.899632513523102 1.088804230093956 3.005227401852608 55.14878749847412 1.181205883622169 40.16561204195023 13.56818564236164 25.34272946417332 9.347266584634781 19.38905853033066 6.883185788989067 13.16140767931938 33.74909560382366 0.1239637061953545 0 0 0 0 0 0 0 0 0.2714428603649139 0 0 0 0 0 0 0 0 0 1.626516550779343 10.11724808812141 0 0 0 0.6281634494662285 0.1254691034555435 1.79407200217247 0.1032513007521629 0 0.1178489401936531 0 0 0 0.1240823194384575 0.1288774758577347 0 1.473138332366943 2.695844061672688 0 0.5030646324157715 0.3725276440382004 0 0.6071129515767097 0.5711392164230347 0 0.2965816929936409 0.3299471139907837 0 0 0.1758524775505066 0.3160980641841888 13.56959316134453 0.8776288330554962 0.1897703111171722 0.2148888111114502 0.5691820830106735 0 0 0.2780670523643494 0.0959901362657547 0.2591795697808266 7.455689072608948 0 0 0 0 44.10647442191839 0.5384952127933502 1.830844432115555 0.9426064491271973 0.413242906332016 0.6859730333089828 0.1860825717449188 0.1357057392597198 0.2132806703448296 0 0 0 0.7044458612799644 0.2788326889276505 0.1269831508398056 0.1150985881686211 13.98031194508076 3.290223658084869 2.26691447943449 211.359288290143 40.55122131109238 420.5513333678246 76.26887432485819 235.8380350545049 61.55917780101299 7.253820165991783 35.94738727062941 2.65392392873764 1.211763024330139 4.224315412342548 0.3943993374705315 2.386767998337746 0.5099504590034485 0.1155298948287964 0 0.5768914520740509 0.4185608327388763
896.8199731335044 564.4351684525609 0 0.3545817732810974 1021.280667699873 0.8878374099731445 79.48197171837091 4762.868694797158 1087.412160120904 13.39348652213812 2444.10397028923 18.47311567515135 89.76528855413198 162.1812679842114 30.61891820281744 27.60953585058451 3.458724543452263 1.784900598227978 0.1450522989034653 13.96104674041271 60.63944080471992 0 24.76491482555866 7.496653988957405 5.054215431213379 23.81314735114574 38.6224005818367 3.147841855883598 1.548477925360203 4.303459912538528 4845.238387286663 514.294128857553 27.38015881925821 0.9415434598922729 20.25238451361656 0.3430545032024384 20.9389234483242 4.511944830417633 2.350408032536507 2.010731093585491 81.13256075233221 4.237972550094128 12.66444569081068 7.166257619857788 0.8663692623376846 2.796154521405697 106.1022884845734 14.15786119550467 3.701777055859566 5.637926004827023 11.61045964807272 1.470345988869667 0.1441047936677933 1.598074093461037 0.339144840836525 8.280160129070282 51.92489061504602 1748.679453127086 12.33297009766102 78.18784935027361 13.69664489477873 23.17864872515202 0.7934899553656578 211.4613862931728 8.89443650841713 24.95978226512671 17.25933235883713 60.38356614857912 44.45111728459597 168.8008008748293 31.10273587703705 6.924870975315571 0.4002156406641006 146.4757270440459 150.0831166282296 154.742490068078 58.35011941194534 21.06007046997547 691.5975568667054 2931.850146010518 9.123854622244835 775.6037999987602 12.80528928339481 0.2612131163477898 15.77214250713587 20.08459435403347 32.53744126856327 0.2515558525919914 3.799493618309498 0.7789433524012566 3.390105336904526 1.410074912011623 147.3504413589835 62.3590080961585 7.382570922374725 27.11157282441854 7.623476266860962 0 2.686279073357582 463.9582121148705 0 0 0 0.2199275940656662 0.3681760430335999 21.3435235619545 0.3205284476280212 13.26910497248173 2.922026410698891 5.781980291008949 0.8765828609466553 8.456500083208084 2.865196108818054 13.24107152968645 19.35393114387989 0.2417396008968353 0 0 0.1555836945772171 0 0 0.136735588312149 0 0 0.3758016675710678 0.5150033384561539 0 0 0 0 0.5459951609373093 0 0.8405341804027557 0 1.093460068106651 1.100204408168793 0 0.1228632107377052 0 1.104597255587578 0.4705358594655991 3.257199481129646 0.4238235801458359 0.4154122471809387 0.1649995595216751 0.3198267892003059 0.1577491909265518 0 0 0.3363665491342545 0 0.8816619068384171 2.036975041031837 0 0.2453128695487976 0.6229674220085144 0.1261057704687119 0.4408806413412094 0 0 0 0.6977657675743103 0 0 0.2142908722162247 0.2906307876110077 11.72337927669287 0.5323447585105896 0.4858791828155518 0 0.1477115750312805 0.3898100480437279 0.1693656891584396 0.2318974956870079 0 0.4212381988763809 7.595271170139313 0.1476595550775528 0 0.1282469034194946 1.435444012284279 23.49006678164005 0.9791037887334824 1.882054179906845 1.080160975456238 0.7317990213632584 2.041359528899193 0 0.3681930601596832 0.31971275806427 0 0 0 0.4676012471318245 0.1016776412725449 0 0 6.799646750092506 2.684072569012642 3.942449688911438 211.1787196695805 48.96411247551441 371.1572410687804 64.97055142372847 35.67518031597137 33.5727666914463 4.973646596074104 46.06502810865641 4.042947113513947 0.424309030175209 3.770451933145523 1.305589243769646 0.70162633061409 0.4269375205039978 0 0 3.025544434785843 0.8678175061941147
1964.549892321229 257.8496069982648 0.3545817732810974 0 18.94518181681633 402.4430184960365 526.3881158158183 0.6362335979938507 122.4088862836361 941.8237544372678 7.01723213493824 48.48485077917576 1387.242434501648 50.15052115917206 0 0.143333911895752 0 0 0 0 0 0 0 0 0 0 0 0 0.1128022074699402 0 25.20565659552813 0.1235332787036896 0.1036807745695114 0 0 0 0.1185392811894417 0 0.2388657703995705 0 0 0 0 0 0.1268143057823181 0 5.909154340624809 1.108914844691753 0 0 0 0 0 0 0.09957516938447952 2.3204225897789 20.12809640169144 234.3394319266081 3.379321567714214 3.499985508620739 0.2039147540926933 0 0 3.403521403670311 1.849255457520485 1.824892431497574 0.6386250033974648 0.2494415193796158 0.09693185985088348 0 5.410647757351398 0.1483501195907593 0 15.45870344340801 14.868966139853 2.107316978275776 0.495667427778244 0.1793026924133301 0 0.3792929425835609 0 0.288822665810585 1.333773590624332 0.1170208230614662 2.462738342583179 4.722291760146618 0.6252283304929733 0 0.8412901982665062 0 0.1254569739103317 0.1024490520358086 0.3292902708053589 0.1275990903377533 0.1038386970758438 26.48294377326965 0 0 0 352.0127715617418 0 0 0.6379575729370117 0.1971309781074524 0 11.34261833131313 0.7445123791694641 4.144796475768089 1.5874934643507 2.311136454343796 1.000205159187317 1.570985496044159 1.903697460889816 2.027044489979744 2.552045628428459 0 0 0 0 0 0 0 0 0 0 0 0 0 0 0 0 0 0 0 0.1410116255283356 0 0 0 0 0 0 0 0 0 0 0 0.1386840343475342 0 0 0 0 0.2505500316619873 0.7345395535230637 0 0 0.1192068457603455 0 0 0 0 0 0 0 0 0 0 1.464755803346634 0 0 0 0 0 0 0 0 0 0.3203351646661758 0 0 0 0.1092696264386177 3.472284972667694 0.3368160128593445 0 0 0 0.8602920770645142 0 0 0 0 0 0 0.1277000606060028 0.09512166678905487 0 0 1.872842967510223 0.2989140152931213 0 35.60738246142864 3.639302380383015 50.57265811413527 8.297028101980686 515.8189506083727 11.60442920029163 0.3818225860595703 1.876243844628334 1.28508934378624 0 0.3461995050311089 0 0 0 0 0 0.1734066158533096 0
1313.009992092848 2709.530246391892 1021.280667699873 18.94518181681633 0 9.395805299282074 1343.860001534224 265.5571905970573 4760.656891904771 285.6288566142321 1482.845181375742 82.98560827225447 2131.35984172672 1674.527252458036 31.64384770393372 10.0784811899066 2.008298173546791 0.1289031505584717 0 0.8429131805896759 0.7647412270307541 0 0.1225925236940384 0.1573397517204285 0 1.032517276704311 1.60614013671875 1.304790109395981 0.9534127488732338 0.2492812052369118 885.3899231031537 9.692807018756866 10.25416727364063 0 0 0 5.646954976022243 0.9487703368067741 0.6143035069108009 0.3983545303344727 1.507808953523636 1.145622596144676 0.6992166191339493 1.578475393354893 0.3010545819997787 0.2320179641246796 157.5528403371572 9.952595494687557 2.516534373164177 0.2565148621797562 2.735179759562016 0.260897159576416 0.1057482436299324 1.1924654468894 0.08835223317146301 8.356417775154114 33.0811757221818 457.9744221866131 15.15223447233438 106.1922757402062 0.6492620334029198 1.733891382813454 0.7089846134185791 52.16069274395704 7.507078945636749 9.783987075090408 3.361458629369736 4.886069521307945 1.83948477357626 1.606270462274551 28.91568943113089 16.2584078758955 0 154.41818331182 108.1762980446219 185.4365458860993 52.3257202282548 5.143276363611221 3.764390520751476 168.8449959158897 0.3611719161272049 2.471001788973808 12.1467045918107 0.5605708435177803 11.38059563934803 17.49988747388124 9.070597887039185 0.4364335760474205 3.098930306732655 0.7795237824320793 2.172219768166542 1.813832506537437 0.8857621401548386 1.561505667865276 4.287908129394054 152.1961962580681 6.704139515757561 0 0.4097481667995453 141.7285661697388 0.2149841487407684 0.6592167913913727 7.974719688296318 5.612547144293785 9.19071289896965 234.6060557514429 3.670256763696671 157.7633186727762 49.40619671344757 81.79287742078304 27.77462428808212 101.341613098979 33.08238139748573 52.77305942773819 152.4419603049755 0.6987702697515488 0.4593911096453667 0 0.1007427498698235 0 0 0 0 0 0.4225556254386902 0.1537580192089081 0 0.1672024577856064 0 0 0.1301258206367493 0 0.1228758096694946 0 4.800267577171326 35.9016981869936 0 0.1089309975504875 0 4.864673912525177 1.385811060667038 11.08544044196606 0.2295511290431023 0.410331092774868 0.2144506424665451 0.5657143890857697 0.4835538864135742 0 0 0 0 6.288816705346107 7.339501701295376 0.4023531973361969 0 0 0 0.3709374070167542 0 1.440795347094536 0.1331328004598618 3.18807315826416 0.1575744599103928 0 0 0 60.79362465441227 2.11720860004425 1.855191692709923 1.117055729031563 0.3290121331810951 0.1869156807661057 0.4738288074731827 0.449039489030838 0 0.6377247124910355 41.13184201717377 1.06629666686058 0 0.1844796240329742 0.6655114814639091 193.9760681539774 2.433863520622253 7.180935025215149 3.959316521883011 7.036737263202667 12.26507233083248 1.068449318408966 0.8777424469590187 0.1297179311513901 0 0 0 0.7429384142160416 0.2993635684251785 0 0 63.49075122177601 15.8967229872942 6.381462566554546 405.8206064328551 75.53630239516497 514.0570085868239 107.4959873855114 98.38967458158731 46.27300747483969 11.01904544234276 84.37309173494577 9.574953131377697 1.732613563537598 15.24639840424061 0.8599874079227448 9.253267094492912 0.3185834586620331 1.054970026016235 0.5741763710975647 2.088891424238682 2.189886391162872
130.1604828834534 86.30208748579025 0.8878374099731445 402.4430184960365 9.395805299282074 0 129.425149217248 0.8294588625431061 49.83741383254528 721.1411216408014 23.44759491086006 184.2595880627632 317.9920894950628 30.58330212533474 0 0.3346371650695801 0 0 0 0 0 3.658655196428299 0 0 0 0 0 0 0 0 3.710931569337845 1.921722173690796 4.668300405144691 0 0 0.2234275788068771 19.60307712852955 0.1903396546840668 1.25442285835743 0 0 0 0 0 0.2466862797737122 0 0.4515185058116913 0 0 0 0 13.69950883090496 0.2397203743457794 0.9465494751930237 0 1.54520520567894 342.7561003267765 34.63813671469688 0 0 0.206872746348381 0 0 0 0 0.7409273833036423 2.967470318078995 0.1499193906784058 0 0 141.2453332841396 90.62477952241898 17.94516013562679 1.238031797111034 0.6199453473091125 1.202173426747322 0.6248632520437241 0.1897081434726715 0 6.809017837047577 0.427347220480442 2.239836275577545 0.1615625023841858 1.674069330096245 0 1.814938217401505 0.3477314114570618 11.99526438117027 9.773585699498653 3.427964612841606 0.459087610244751 2.428952977061272 0 0 1.021345943212509 121.5882607251406 90.28110781311989 18.49888342618942 7.631506383419037 627.6893813610077 0 0 0 0 0.2211921215057373 3.727358892560005 0 0.449912503361702 0.3154509961605072 1.876823782920837 0.2012797445058823 0.344680517911911 0.959128737449646 0.5138189345598221 1.94696332514286 0.2633711993694305 0 0.4001265168190002 0 0 0 0 0 0 0 0 0 0 0 0 0 0.2458823174238205 0 0 0 0 0 0 0 0 0.3330208659172058 0.2596123516559601 0.2224646508693695 0 0 0 0 0 0 0 0 0 0.4150000512599945 0 0 0 0 0 0 0 0 0 0 0 0 0.1311783790588379 0.8412812799215317 0.2986306846141815 0 0 0 0 0 0 0 0 0.8556132763624191 0 0 0 0 1.202417686581612 0 0 0 0 0 0 0 0 0 0 0 0 0 0 0 0.3425474762916565 0.8316019177436829 0 7.926567316055298 1.634540393948555 2.941390037536621 0.5553411468863487 290.6077152937651 13.05252416431904 0 1.964067593216896 0.1917477548122406 0 0 0 0.6161376237869263 0 0 0 0 0
1980.066893845797 6479.271683543921 79.48197171837091 526.3881158158183 1343.860001534224 129.425149217248 0 5.865736529231071 395.7360816970468 816.5970239713788 204.6145927160978 37.86122587323189 2924.691418021917 375.2353054434061 7.970128282904625 2.655219748616219 0.4190555959939957 0.5756130367517471 0.6390259638428688 0.1170483082532883 0.4122179448604584 0.09841877222061157 0 0.22873555123806 0.3866579607129097 0.4976860210299492 0.4584332555532455 1.392489694058895 0.5402838662266731 0.1159819737076759 241.3384343981743 8.735553778707981 7.43066194653511 0.1088320761919022 0 0.1281435340642929 2.757589161396027 0.132335752248764 0.4941677525639534 0.4102585837244987 0.5108851864933968 1.64278407394886 0 1.253648310899734 0.7331192642450333 0.710242360830307 125.2407086715102 14.28705811500549 2.722345344722271 1.054007507860661 3.036998994648457 0.4543546885251999 0 1.021670415997505 0.5970047786831856 12.46224197000265 65.50583133846521 950.5959805399179 20.89754599332809 93.31843627989292 0.5197918489575386 1.263396397233009 0.3022351786494255 71.7988543137908 11.5485757291317 12.34716168791056 9.516194425523281 3.935613259673119 1.23917755484581 0.744872935116291 13.83276971429586 3.857449069619179 0.1227069720625877 188.811738178134 154.8025260344148 118.1366546303034 22.80637338012457 3.769697941839695 0.7214348390698433 9.735273331403732 0.7228374928236008 2.502674706280231 17.31720386445522 0.5545906350016594 18.26780667901039 33.9707280471921 13.79624829441309 0.3570875152945518 7.243836112320423 0.957005962729454 3.59391376376152 1.302234157919884 0.965255007147789 2.214558482170105 4.84082818031311 58.85568559914827 2.222710177302361 0 0.1210224255919456 361.5999840646982 0.7661450654268265 0.4388990700244904 4.867416650056839 2.410092577338219 5.830235213041306 113.3727594912052 1.421115651726723 78.561851978302 29.95199359953403 55.0212779045105 15.91264845430851 35.73696283996105 12.71272072196007 24.37660749256611 73.60761908441782 0.1343017518520355 0.3122935146093369 0.2602696418762207 0 0.1613251566886902 0 0.1819424331188202 0 0 0 0 0 0 0 0 0 0 0 0 3.309676721692085 15.04411125183105 0 0.1583028733730316 0 4.908500492572784 0.1416371166706085 6.459762923419476 0.6800850331783295 0.1378833502531052 0.152692124247551 0.1040099188685417 0 0 0.1346113979816437 0.1241562217473984 0 4.09287291765213 5.004799693822861 0.1798883527517319 0.1474952548742294 0 0 0.3552084788680077 0 0 0.3294117748737335 1.474301412701607 1.62151962518692 0 0.1885248720645905 0.2992053329944611 40.01547173410654 1.092104345560074 0.3516426980495453 0.1181390658020973 0.370141938328743 0.5284186452627182 0.4368350505828857 0.3620069399476051 0.4689444825053215 0.4827684164047241 16.67628910392523 0.6697195768356323 0 0.1207233071327209 0.3581299632787704 108.5073544383049 2.340988211333752 5.96453657746315 1.283119738101959 0.9930949360132217 5.874729320406914 0.961023360490799 0.7386687472462654 0.4848273620009422 0 0 0.1306753307580948 0.8197136744856834 0.8126200959086418 0 0.5182331055402756 22.48440024256706 2.629214085638523 3.384434513747692 306.0619558915496 68.46499335765839 549.6744258776307 105.4522244930267 494.4902040138841 71.51672755181789 10.49550210684538 41.93616336584091 5.324361890554428 1.432849444448948 8.496698617935181 1.049971401691437 6.547451600432396 0.9913646429777145 2.966616630554199 1.94715790450573 2.845453292131424 0.6836366951465607
113.227437928319 121.0243482291698 4762.868694797158 0.6362335979938507 265.5571905970573 0.8294588625431061 5.865736529231071 0 137.1003061160445 4.257420033216476 1171.398355700076 330.5406816378236 449.0492311194539 1229.028960905969 87.51736532896757 45.48493546247482 7.075540840625763 2.656329654157162 0.1602626144886017 10.81791060417891 52.52789799124002 0.7546927332878113 17.81760576367378 6.662659108638763 9.728779189288616 21.15230447798967 36.53000831604004 4.808305740356445 3.211246013641357 7.091276183724403 2383.800448052585 1849.892256587744 38.99430812895298 1.834077447652817 15.21039792895317 2.177979186177254 28.76752091944218 3.855618864297867 2.422720581293106 5.694915100932121 68.20807383954525 6.137148126959801 10.8638671040535 6.410431049764156 1.393157184123993 3.498706713318825 315.8773937672377 13.04413343966007 7.371820889413357 5.246540382504463 6.095043674111366 1.612958565354347 0.6554565578699112 5.108180962502956 0.4614333063364029 7.531275719404221 37.02958460897207 633.3375785052776 19.64594731479883 201.2542847022414 31.24730317294598 19.53072199970484 3.087964408099651 166.009728319943 4.980111353099346 17.23553261905909 8.524364732205868 35.63473473489285 22.22686143219471 121.2893292680383 54.63835355639458 9.470863044261932 0.5772644728422165 241.5187660455704 205.4473337084055 544.0254161730409 312.453443929553 103.7502046003938 889.2127548009157 3086.351639166474 34.89777695387602 1167.732804201543 10.64553812891245 0.9501743167638779 12.62011194229126 13.70266877859831 26.41402816772461 0 4.45898225158453 1.191586785018444 6.460825197398663 2.736013524234295 97.26565227657557 46.62968108057976 13.92744935303926 48.20143662393093 8.871407397091389 0 1.025381147861481 111.8075176477432 0.9372639209032059 0 1.765837341547012 0 1.01176218688488 17.93289870023727 0 14.62506140768528 2.112575486302376 11.73102830350399 3.049221321940422 8.463769987225533 4.218071356415749 9.231379196047783 22.95932158827782 0.3330411612987518 0 0 0.141657754778862 0 0 0.7653280943632126 0 0.200921818614006 0.4202513694763184 0 0 0.4582015573978424 0 0.1713523119688034 0.1101387664675713 0.1664952039718628 1.633893102407455 0 1.702080726623535 4.619206771254539 0 0.3676076084375381 0 3.229927472770214 0.2500446885824203 4.726210474967957 1.002964168787003 1.030527532100677 0.4321765899658203 0.335081547498703 0 0 0.443067193031311 0.1875122934579849 0 2.171009972691536 1.807394579052925 0 0.1131197959184647 1.466898806393147 0.1727664470672607 0.7508785128593445 0 0 0 1.023222610354424 0.4810485541820526 0 0.2199880927801132 1.425831869244576 18.56019948422909 0 0.3068461120128632 0 0.4993807971477509 0.4964099675416946 0.2428827881813049 0.6570906937122345 0.2732242718338966 0.5127710700035095 12.39608614891768 0 0 0.1542915552854538 0.8016870841383934 35.08940789103508 1.494852408766747 3.199274025857449 0.2971639335155487 1.27326762676239 1.18344034999609 0 1.181291505694389 0.1373592615127563 0.2657368779182434 0 0.1060894802212715 1.316617585718632 0.671524852514267 0.6691586375236511 0.1787615120410919 8.059863045811653 5.88518200814724 5.10569255053997 455.5774304941297 120.9493395909667 709.9734615460038 147.9392776191235 44.20784759521484 51.9584164172411 6.846486397087574 113.54983048141 5.339991018176079 0.5664755702018738 3.136359997093678 0.3274236917495728 2.335657119750977 0.6969033628702164 0.1449499577283859 0.7424457222223282 3.791116200387478 1.184662416577339
237.7988219559193 2159.079068675637 1087.412160120904 122.4088862836361 4760.656891904771 49.83741383254528 395.7360816970468 137.1003061160445 0 1105.886618316174 3227.415319941938 82.55309008061886 5830.572235487401 3822.934038229287 48.07680085301399 19.58612859994173 3.059057295322418 0.4754315316677094 0 0.4363754689693451 1.545094147324562 0.109662227332592 0 0.4721490144729614 0.3234148919582367 1.943113774061203 0.6664974242448807 3.112268283963203 1.756880484521389 0.2441762611269951 499.4069860354066 8.387341670691967 18.63097064197063 0.1527349054813385 0 0.4146164879202843 7.051506862044334 2.284782402217388 0.9887104406952858 1.618506640195847 1.834808081388474 3.015586376190186 0.115988589823246 2.905604764819145 0.4845627993345261 1.028655923902988 220.8431346267462 7.252012521028519 5.15262345969677 0.3366161659359932 2.474159814417362 0.25899787992239 0 3.267799906432629 0.2309005036950111 6.618851915001869 28.97473665326834 191.121434815228 16.61044115573168 135.2478160411119 1.071101777255535 1.082391858100891 0.50698621571064 29.62497125566006 6.022479586303234 7.601149246096611 3.337522439658642 4.92204686999321 2.443319246172905 1.389195881783962 54.58181692659855 30.81325241923332 0.2987059056758881 150.543249078095 81.95052939653397 293.4307085350156 93.97941011935472 10.60665456950665 1.998989030718803 60.09557630866766 1.21807849407196 2.045035034418106 9.810456685721874 0 10.09784777462482 17.75587733089924 11.79051634669304 0.7910546734929085 3.373906902968884 1.077812038362026 3.843112945556641 3.092706687748432 1.978976741433144 3.571486003696918 9.049507267773151 629.4690824523568 12.4154851436615 0.09241249412298203 0.5404508709907532 69.3517868667841 1.291533224284649 2.269280761480331 21.45381458103657 15.36615301668644 33.42559443414211 637.3869287073612 7.090458303689957 448.0920996367931 156.4472815543413 231.1379815936089 85.21083000302315 261.103295750916 98.56079430878162 139.0714028030634 372.6224370673299 1.229149736464024 3.204467110335827 0 0.1877839714288712 0.2892604172229767 0 0 0 0 0.1432432681322098 0 0 0 0 0.4851490259170532 0 0 0.3277314007282257 0 12.19502533972263 75.52099637687206 0 0.8286432549357414 0 7.977440983057022 0.8187274485826492 19.8743841573596 1.791336327791214 0.8256189227104187 0.1786581873893738 0.340762734413147 0.2096220254898071 0 0 0.6249248534440994 0.2589487731456757 11.18207277357578 21.4623192101717 0.1486014276742935 1.01028436422348 0.1142812520265579 0.3832367211580276 0.8238348811864853 1.003976374864578 0.4150538593530655 0.6260604485869408 4.524105072021484 3.170776203274727 0 0 0.4371046870946884 128.9184769764543 5.201534628868103 2.533352494239807 0.4380718916654587 0.6832433789968491 0.7664868980646133 0.6954568400979042 0.9182530045509338 0.3550284206867218 2.174816191196442 96.94120278209448 1.457129135727882 0 0.2285963743925095 0.7383077293634415 463.0218107998371 9.504766926169395 14.44360329955816 9.133477963507175 6.978979587554932 23.81075832992792 1.501111268997192 4.234004400670528 0.658115029335022 0.682277500629425 0 0 0.8005951195955276 0.6022870689630508 0 0.1194273978471756 178.4066656082869 41.90504424273968 7.017453946173191 614.2901491373777 130.1588826030493 644.4975550249219 181.9996776878834 272.5747398734093 55.82830931991339 10.55170360207558 131.0794955417514 14.92960297316313 4.297891728579998 24.10627280175686 4.271090641617775 17.73497371375561 3.139960572123528 0.9537321478128433 5.386161118745804 7.02392652630806 0.8757648169994354
1886.028483107686 456.5735692977905 13.39348652213812 941.8237544372678 285.6288566142321 721.1411216408014 816.5970239713788 4.257420033216476 1105.886618316174 0 91.4732950925827 771.2430381849408 8705.260449148715 232.4987398684025 6.016492240130901 1.231130570173264 0.9116667509078979 0.4302619099617004 0.1324995458126068 0 0 0 0 0.118001751601696 0 0.5070607885718346 0.1092395558953285 0.1660227030515671 0.3457062095403671 0.112003430724144 46.18493514508009 3.608850106596947 31.61680135130882 0 0 0 18.65775625407696 1.771622225642204 0.4597295671701431 0.403074823319912 0 0.5641219988465309 0 0 0.1424895077943802 0.2460169792175293 57.96244685351849 5.861612595617771 0.3440304845571518 0.8721334040164948 1.426913611590862 0 0.2258409410715103 0.1394246965646744 0.1096740216016769 8.552132979035378 92.90787707269192 542.2149384096265 13.45857977867126 35.38932149857283 0.5013594180345535 2.683336213231087 0 34.7620295137167 6.073221355676651 5.438468158245087 5.682040311396122 1.154195226728916 1.254061736166477 0.1026958003640175 948.315079472959 24.64541858434677 0 100.5173207521439 78.18107789009809 38.54037289321423 5.176411718130112 1.832735225558281 0.4829892367124557 36.71930901706219 1.108705706894398 2.872783273458481 7.922981724143028 0.1899304240942001 8.238848648965359 15.37686727941036 5.855298176407814 0.3284454345703125 2.141437150537968 0.4625086486339569 1.072166591882706 0.5376891270279884 0.1862970590591431 0.5795191898941994 2.051012501120567 342.5996927917004 29.31201368570328 0 0.4517671465873718 898.1444249153137 0.5276857614517212 0 5.906282529234886 9.981798350811005 12.20057144761086 248.8277533501387 10.57845339179039 162.0237889587879 54.21211828291416 109.6476216763258 28.0718128234148 86.39944712817669 34.19800813496113 63.94188432395458 103.6951496005058 1.054867416620255 0.1465792059898376 0 0 0 0 0 0 0 0.2171772420406342 0 0 0 0 0 0 0 0.1117420122027397 0 3.56248913705349 20.10411415994167 0 0.7936631590127945 0 2.659788325428963 0.9130363762378693 12.25992044061422 0.3447752296924591 0 0 0.1945843994617462 0 0 0.2254886031150818 0 0 4.956288531422615 10.28984159976244 0 0.4801167249679565 0 0 0 0.4525818228721619 0.4884874224662781 0.2254486531019211 4.582163691520691 2.355656087398529 0 0 0 77.34819224476814 0.5072477832436562 1.594099655747414 0.2741151005029678 0.2337040603160858 0.1346116811037064 0.233000136911869 0.7803534120321274 0 0.3547050952911377 37.46945157647133 0.75283282995224 0 0.1523926258087158 0.2536398693919182 181.8723860383034 6.534110516309738 9.840137153863907 4.973610773682594 4.849891781806946 9.407741293311119 0 1.119128867983818 0.8114972412586212 0.5725820958614349 0 0 0.5103280618786812 0.2927403822541237 0 0 29.00567598640919 6.141302362084389 5.263987645506859 534.6400999352336 33.10879055410624 325.4847701638937 69.09217116236687 2060.167802892625 46.2391889244318 10.14949005842209 67.37834047526121 11.55058901757002 1.378031373023987 16.86963188648224 2.976962015032768 15.21151635050774 0 0 5.18028362095356 1.68793711066246 0
273.6467128098011 335.8069615289569 2444.10397028923 7.01723213493824 1482.845181375742 23.44759491086006 204.6145927160978 1171.398355700076 3227.415319941938 91.4732950925827 0 440.3348037302494 7632.622637890279 6066.657697170973 120.109831392765 73.60095953941345 8.282468348741531 1.70146743953228 0.61102294921875 2.006059736013412 7.896000757813454 1.004105314612389 4.545218825340271 2.288806915283203 4.417677715420723 4.68907255679369 17.52426317334175 8.567171856760979 5.143543690443039 2.569806195795536 1198.32263366878 42.06075303256512 108.2501043826342 0.6069332733750343 4.296816468238831 0.5699527412652969 46.86903461813927 3.810995295643806 3.16423025727272 5.447919443249702 27.07374216616154 4.788862660527229 2.296161577105522 11.60795232653618 1.932066969573498 2.064051195979118 303.8964442536235 11.05103376507759 6.325918219983578 2.593561336398125 4.768026657402515 1.262951172888279 0.6841985881328583 5.412069112062454 0.2370383217930794 7.929834671318531 28.38736305385828 302.2885003313422 17.74016137421131 159.5498977974057 2.596916638314724 0.9399357661604881 1.334589056670666 45.44913337379694 5.030038140714169 9.802928149700165 5.888825103640556 12.10652388632298 6.214341782033443 12.88016914576292 125.9347251206636 27.73727357387543 0 169.0329855829477 110.7252788841724 483.773458994925 194.3915030881763 48.56102359294891 53.78276969492435 1007.897718273103 2.247462756931782 17.17654937505722 8.462641693651676 0.7378548383712769 9.52617821842432 13.02283266931772 15.27539279311895 0.1966968923807144 3.503581441938877 1.08175478130579 3.171626411378384 3.727676473557949 13.41597915440798 23.47101915627718 12.37757290154696 609.1766560673714 25.43508544564247 0.1210131198167801 0.8220418393611908 105.2243321165442 3.722963392734528 1.079254806041718 4.766493737697601 8.925411716103554 12.74581305682659 309.7898442149162 2.941438898444176 216.6255363225937 65.58332218229771 98.39025875926018 26.43732467293739 137.4032126814127 60.54455406963825 82.9839803725481 181.2225405573845 1.243859142065048 0.8779913187026978 0 0 0 0 0.1699568033218384 0.2460752576589584 0 0.1989362984895706 0.356042355298996 0.1301186829805374 0.712687686085701 0 0.1582457423210144 0.3856572657823563 0.3773828744888306 0.8413313925266266 0 7.219248920679092 33.83399169147015 0 0.1327580958604813 0 5.368307285010815 0.8712982684373856 10.12583386898041 1.901057995855808 0.1170356422662735 1.117211937904358 0.6637940406799316 0.2009300887584686 0 0 0.1448851078748703 0 3.559410355985165 10.2533498480916 0.5426086038351059 1.309563964605331 1.079457461833954 0.1521321535110474 2.607205659151077 0 0.2723914384841919 0 3.585226252675056 1.475927367806435 0 0.3311308026313782 2.186388447880745 71.23825371265411 2.201312482357025 0.8514077216386795 0.1480704098939896 1.045359894633293 0.496921107172966 0 0.9288056045770645 0.1115572676062584 1.828491628170013 49.4524117410183 2.161355897784233 0 0.09323863685131073 1.754535593092442 220.042302519083 2.635119885206223 5.87617626786232 4.91480752825737 5.383301973342896 12.47545956075191 1.088194251060486 1.814158715307713 0.6530904099345207 1.106693506240845 0 0 0.9298499748110771 0.6425460129976273 0.2631781846284866 0.2907395362854004 101.586144849658 32.03900235146284 3.769035063683987 787.6128880530596 148.2251760959625 762.4993132352829 183.1636916399002 121.9957163259387 58.42375309765339 7.373016312718391 182.9805983826518 12.16406313329935 1.983936086297035 14.63612815737724 2.130197629332542 6.651825278997421 1.510278806090355 0.8965300917625427 1.507959812879562 8.955642081797123 1.908778801560402
102.5121465623379 16.86459652334452 18.47311567515135 48.48485077917576 82.98560827225447 184.2595880627632 37.86122587323189 330.5406816378236 82.55309008061886 771.2430381849408 440.3348037302494 0 1645.716892965138 625.6813311129808 46.39351531863213 45.72063764929771 1.540194764733315 1.032822482287884 0.2570564746856689 0.1613730043172836 1.384342327713966 0.4052136540412903 0 0.6574964225292206 0.1776900589466095 1.524675637483597 1.119726106524467 1.19627158343792 0.2301254868507385 0.3152256011962891 29.25641007721424 21.68071396648884 68.13108380883932 0.7148498222231865 0.1583817154169083 0.3599382042884827 21.55118238925934 1.018746726214886 2.738005541265011 0.5393292456865311 2.108401283621788 0.9816752001643181 0.370445191860199 15.09864122420549 0.6612114459276199 1.58487793058157 62.11623622477055 1.481638692319393 0.8537613302469254 0.9962338954210281 0.5473222956061363 0.4603060185909271 0 1.127087593078613 0 0.921003557741642 16.10800548642874 47.57015392929316 4.246344611048698 18.92343889176846 0.7111353725194931 0 0.9637353122234344 26.10246723890305 0.4406786561012268 1.465676337480545 0.9676384851336479 0.7620990201830864 1.055951930582523 1.296385452151299 559.6673640906811 84.55752581357956 0 28.40936999768019 35.59090289473534 93.99781509488821 42.80132905393839 44.83555445820093 6.656837947666645 368.5262584686279 3.433462560176849 6.975835978984833 1.173178568482399 0.2016997337341309 1.591513097286224 2.912255324423313 1.869454726576805 0 0.4405625760555267 0.2485887184739113 0.5009880512952805 1.168260172009468 2.476221792399883 4.037482552230358 1.45500860363245 2148.044952899218 194.4122063666582 0.1367328613996506 13.50668933987617 179.85902556777 0 0.8111943006515503 6.763965755701065 1.835907936096191 10.69776578247547 194.3237275481224 3.503329068422318 147.106773942709 32.90317665040493 68.27236326038837 19.81235052645206 113.0816462337971 55.82590863108635 83.76213575899601 159.3735563009977 0.7649773210287094 0.701401449739933 0 0.1291193068027496 0 0 0 0 0 0 0 0 0.136376217007637 0 0 0 0 0.2784198522567749 0 4.717906162142754 12.6703545153141 0 0.1851141452789307 0 4.03832221031189 0 4.210819497704506 1.277784697711468 0.1298862844705582 0 0 0 0 0 0 0 4.09575642645359 5.743358075618744 0 0.7830548882484436 0.1552099883556366 0.2509286403656006 0.1309365481138229 0.1466055363416672 0 0 1.311407491564751 0.8487828075885773 0 0.1591481417417526 0.5768402367830276 55.38548189401627 0.3952116072177887 0.4264429062604904 0.2855591624975204 0.8086054027080536 0.1865028142929077 0.3590195253491402 0.4242339208722115 0 0.5356287956237793 45.42592519521713 0 0 0.246574379503727 0.1120384261012077 134.8764974176884 1.878777265548706 2.944490268826485 3.521185994148254 4.933453619480133 7.366589024662971 0.5133348256349564 1.577083602547646 0.597739078104496 0 0.08966138958930969 0 0.137537956237793 0 0 0 100.6363742798567 42.41960823535919 6.293712556362152 332.8583176285028 24.02514870464802 214.7331187650561 39.36477170139551 413.2280500456691 13.08699917793274 2.116443313658237 88.84995022416115 3.836125031113625 0.995032973587513 5.467722341418266 0.4376541078090668 5.892202004790306 0.338378369808197 0 0 1.7387710288167 1.38098219037056
