0 3417.306567437947 291.3515298888087 1083.716290406883 1058.343878604472 134.6624589413404 1755.3266505301 8.854496456682682 18.84712562710047 766.2744799926877 34.46770665049553 23.98196159303188 44.48214019089937 8.416723974049091 1.665788426995277 0.1264069974422455 0.1969060078263283 0 0 0 0 0 0 0 0 0.2392640560865402 0 0.08986996859312057 0 0.1160524785518646 101.4584299996495 0.9420369118452072 0.1293332278728485 0 0 0.1120920553803444 1.51605848968029 0.1233639195561409 0.9074969291687012 0 0.1163387969136238 0.2193770408630371 0.1453054845333099 0.5054973661899567 0 0.2415152564644814 57.52452643215656 1.76057356595993 0 0 1.89081696420908 0.8442845940589905 0 0.1011998206377029 8.233608357608318 3.647736631333828 281.0248832926154 1213.79529696703 188.3917734324932 38.34825879335403 0.1332878470420837 0.2083225548267365 0 11.246437035501 5.722419492900372 5.062010832130909 2.025270067155361 0.4403664544224739 0 0 11.1987966299057 35.68531944602728 6.009512826800346 459.3092434629798 51.98305529356003 42.97078300267458 4.665054380893707 0.9911886751651764 0.3360192626714706 4.951657049357891 0.3099941164255142 0.1711026802659035 24.58079524338245 0.3651406988501549 2.754040919244289 4.208180822432041 0.2223015055060387 0.3052091225981712 1.26382128149271 0.8149850219488144 0.1031467244029045 0.2010618820786476 0 0.3501675948500633 0 41.64255248010159 26.81324022263288 2.351928606629372 2.322528809309006 1344.448690488935 0 0 0.1791033744812012 0 0 52.32424776256084 0 0 0.5133819133043289 0.3206393420696259 0 0.6346017420291901 0.3145166784524918 1.515746265649796 0.7335315346717834 0 0 0 0 0 0 0 0 0 0 0 0 0 0 0 0 0 0.2817816138267517 0 0.1466614454984665 0.3892289102077484 0 0 0 0.5279249250888824 0 0.7163363099098206 0.3713296949863434 0 0 0 0 0 0 0 0 0 0 0 0 0 0 0.1795510500669479 0 0.3314002752304077 0 0 0 0 0 0 0.5057706162333488 0 0 0.1102434098720551 0 0 0 0 0 0 1.874869480729103 0.1175789758563042 0 0 0 0 0.6037613153457642 0.1899594366550446 0 0.1054231822490692 1.190748691558838 0 0 0 0 0 0 0.08881611377000809 0 0 0 0 0.4546569585800171 0.1235470101237297 28.77936402708292 12.69021481275558 81.60009624809027 13.44156911224127 1185.273683264852 58.73157028853893 3.690490998327732 0.9545435905456543 1.27981424331665 0 0 0 0 0.2321133762598038 0 0 10.15797171741724 0
3417.306567437947 0 1428.0901247859 378.5702921897173 5267.779370449483 288.748314037919 4630.355002999306 177.313073001802 362.8313195258379 350.0651818215847 352.6855226904154 17.00585503876209 85.72248513996601 87.35518434643745 17.09849511086941 3.152448363602161 0.2766198068857193 0.1276443749666214 0 0.489144042134285 0.2114832252264023 0.09883580356836319 0 0.1200600787997246 2.367203548550606 0.5831239745020866 1.141771160066128 0.8722824975848198 1.247494168579578 0.8105214536190033 3074.880922533572 24.10767745226622 14.28198979794979 0 0.481957882642746 0.7374195158481598 6.899378336966038 2.980665288865566 1.807867974042892 0.4578508734703064 0.2539990022778511 0.9029891341924667 0.305780753493309 1.070289343595505 0.3858666941523552 0.1587081551551819 229.4716074541211 4.012545675039291 0.5232923179864883 0.1574051678180695 4.897619120776653 0.7681315019726753 0 0.08883653581142426 21.85077723860741 10.78392488509417 293.4480806067586 2904.462895967066 344.5836773812771 142.2806899473071 1.472073197364807 2.981400556862354 0.4670001268386841 219.7844377234578 12.55424269288778 12.74999599903822 6.1744614392519 2.903649412095547 1.781715668737888 0.2441147491335869 30.91123480349779 26.85466452687979 0 1081.598923541605 351.2126202508807 271.2522691339254 83.30083159357309 6.630166225135326 4.627313666045666 71.21552385389805 2.168878443539143 7.974144794046879 59.32417425513268 1.154677405953407 9.997914768755436 12.11874140053988 1.314641758799553 0.2525587305426598 2.317271217703819 0.3247090429067612 0.9974541813135147 0.6313060894608498 0.8937988430261612 2.473841302096844 0.6885146647691727 52.95618863403797 6.927315376698971 0 2.036632619798183 2201.861918628216 0.1331998854875565 0 0.1478574424982071 0 1.868080839514732 63.57825323939323 0.1601008772850037 2.944904536008835 1.459451049566269 2.973342716693878 1.609227076172829 22.54892512410879 9.965760231018066 19.41733682155609 7.040122509002686 0 0 0 0 0 0 0 0 0 0.3372110724449158 0 0 0 0 0 0 0 0 0 4.105487406253815 0.8819648027420044 0 0 0 6.098086923360825 0.4175020456314087 4.201832816004753 1.348418831825256 0 0 0 0 0 0 0 0 0.9541438817977905 0.6807789504528046 0 0 0 0 0 0 0 0 0.6404263377189636 1.009544692933559 0 0 0.2415270805358887 3.766912721097469 3.273334294557571 0 0 0.2712004259228706 0 0 0 0 0 20.80722880363464 0.7470734119415283 0 0 0 2.370978116989136 2.281979471445084 6.558689214289188 0.1161210536956787 0.3796930015087128 1.854977801442146 0.1252543181180954 0.120738260447979 0 0 0.1071325913071632 0 0.07987497746944427 0 0 0 4.342901781201363 4.119720071554184 6.746883690357208 136.6364497467875 49.53542655706406 375.5697779506445 64.35951257497072 2114.529119774699 138.8747235685587 10.60639385133982 24.4868169426918 2.658138051629066 1.047874957323074 2.606328144669533 1.441644042730331 0.191423088312149 0.3685137331485748 0 0.1029070168733597 0.768967017531395 0.2315245717763901
291.3515298888087 1428.0901247859 0 18.92805606871843 2531.711070276797 2.734271541237831 287.129198551178 1234.073189876974 551.7402912452817 8.104837335646152 2794.978958360851 6.931308574974537 71.42654410004616 367.6849361881614 21.0143665894866 20.91779497265816 4.042852900922298 1.572056382894516 2.58787539601326 4.212165117263794 4.787630498409271 0.4350263327360153 2.131591066718102 0.6261661648750305 17.91332706809044 2.041850619018078 6.288799077272415 0.3684889748692513 0.8389128446578979 0.4765546545386314 3760.76058986783 838.4074680805206 67.39082054793835 0.6234030872583389 3.089912980794907 12.09855569899082 19.31256903707981 24.44180298596621 5.016893945634365 4.080189727246761 2.364918701350689 1.347379073500633 3.480553194880486 10.16740000247955 2.85907220095396 3.004421308636665 102.3628547042608 5.067120216786861 1.842619895935059 3.422698900103569 8.030159316956997 0 0 0.12333133071661 6.560586556792259 3.179467424750328 129.8986373394728 1807.399674475193 109.5278875678778 45.76560530811548 21.95752216875553 32.01694583147764 3.802448064088821 642.8426596745849 4.206783197820187 20.46168599277735 6.178519137203693 42.61847118288279 40.3605339974165 5.582412928342819 30.90541286766529 48.28562265634537 0.1663153469562531 485.3078345134854 253.4090402051806 111.6475855186582 74.5045425966382 33.33248257637024 96.22338930517435 1397.787158407271 56.11672084033489 292.4604412391782 17.89693634957075 0.3629694730043411 4.94220644235611 4.61881760507822 16.84938398748636 0.1914684027433395 1.518335111439228 0.5211934149265289 0.9325482398271561 0.6284204125404358 8.779517099261284 3.577148780226707 1.301428519189358 57.86688797175884 17.33170208334923 0.1460758298635483 1.672508232295513 225.6597476378083 0 0.7781690955162048 0.1675713807344437 0.235042080283165 0.7435237616300583 4.56592059135437 0 4.202051132917404 2.360981374979019 6.457095444202423 1.109558537602425 18.75537802278996 12.86368234455585 23.98400782048702 5.265908919274807 0.09740850329399109 0.2946412265300751 0 0 0 0 0 0 0 0 0 0 0 0 0 0.1306707262992859 0 0.2133483439683914 0 4.979523010551929 3.663560420274734 0 0 0 6.63415789604187 0 3.008909866213799 1.652826964855194 0 0 0 0 0 0 0 0 0.4008620828390121 1.128820896148682 0 0 0 0 0.4918581694364548 0 0 0 0 0.7439615055918694 0 0.1890366971492767 0 2.752905622124672 3.95367655903101 0 0 0 0 0 0.08715780824422836 0 0.1581848412752151 27.21489490568638 1.405537843704224 0 0 0 3.761118449270725 4.04055467247963 2.568159632384777 0.5802111029624939 1.899749979376793 0.3572417125105858 0 0.872663214802742 0 0 0 0 0.1781159713864326 0 0 0 4.127196028828621 5.588052123785019 4.619123063981533 64.06381943076849 24.43895121663809 153.7120412737131 34.22237759083509 147.8060259371996 38.5714688450098 3.647956520318985 19.98466132581234 1.32727287709713 0.5604289397597313 0.8674795776605606 0.1821392029523849 0 0 0.1524827927350998 0 0 0
1083.716290406883 378.5702921897173 18.92805606871843 0 89.92321030050516 235.0869492739439 1522.16554389894 0.8897238522768021 14.66552829742432 1860.108209788799 5.683002427220345 190.3972704559565 355.3333984613419 17.94941285252571 1.018530026078224 0.3731766045093536 0 0 0 0 0 0 0 0 0 0 0 0 0 0 2.338455229997635 0.9184122085571289 0 0 0 0 0.7114705666899681 0.2394919395446777 0.3843848556280136 0 0 0 0 0 0 0 12.19801991432905 0.1267786771059036 0 0 0.0973237007856369 0 0 0 1.066914893686771 0.254145972430706 14.63298723846674 93.66698784381151 19.86394263058901 6.750383429229259 0 0 0 3.577942743897438 0.6310493871569633 0.457029677927494 0.4747189208865166 0 0 0 5.238715544342995 1.427749663591385 0 57.72439907491207 10.62180165201426 7.900679171085358 2.972229838371277 0.2742401957511902 0 0.09566197544336319 0.1033776849508286 0 3.127662613987923 0 0.6930217817425728 0.6020378842949867 0 0 0.1893661394715309 0 0.1557262092828751 0.1072323024272919 0 0.2169979587197304 0 31.76427811384201 0.5252857804298401 0 0.09555297344923019 213.437815785408 0 0 0 0 0 53.45119005441666 0 0.2064687460660934 0.2157750576734543 1.224039450287819 0 5.003450989723206 1.02009080350399 1.725257128477097 0.5713791102170944 0 0 0 0 0 0 0 0 0 0 0 0 0 0 0 0 0 0 0 0 0.5821109414100647 0 0 0 1.411986723542213 0 0.6007370799779892 0 0 0 0 0 0 0 0 0 0 0.2277402877807617 0 0 0 0 0 0 0 0 0 0 0 0 0 0.5330320596694946 0 0 0 0 0 0 0 0 0 1.069935321807861 0 0 0 0 0 0 0 0 0 0 0 0.1627102494239807 0 0 0 0 0 0 0 0 1.602808088064194 0.1919873356819153 0.31845423579216 7.557484269142151 1.993392385542393 20.06363552063704 4.012178398668766 539.3161892443895 8.650113396346569 0.3928428590297699 0.4130380377173424 0.1854017078876495 0 1.553328335285187 0 0.2222170829772949 0 0 0 0 0
1058.343878604472 5267.779370449483 2531.711070276797 89.92321030050516 0 18.6568321660161 2905.280768565834 1238.341174192727 7170.023532539606 331.8114969283342 2591.47913223505 30.07199136912823 408.7889226227999 621.0143428221345 44.00999326258898 12.31796547025442 1.941896542906761 0.9433586299419403 0 0.9727220386266708 0.4296069592237473 0.8737802654504776 0.3120086193084717 0.1225399672985077 7.090029112994671 2.520602345466614 2.990874402225018 2.890891969203949 2.344951294362545 0.7358843460679054 627.3351192474365 75.87405986338854 54.009391233325 0 0.4131724983453751 3.880635105073452 26.08196540176868 11.85904985666275 7.511410027742386 4.347255811095238 1.072947308421135 4.350863069295883 0.279126264154911 4.699626989662647 0.6999024897813797 1.69594244658947 286.3498956412077 3.61547078192234 0.1532122790813446 0.1515731960535049 5.844339452683926 0.2503538578748703 0.3633618876338005 1.359061785042286 12.74903693795204 6.507547736167908 92.30077136307955 578.1267574727535 131.4125926494598 130.7465988993645 3.67033589631319 15.43569568544626 0.6915067210793495 345.676869019866 11.26297480612993 14.04322209954262 8.553311429917812 5.221007220447063 4.573974013328552 1.556052736938 97.11567346006632 108.8130910173059 0 503.0840975642204 258.4786119237542 391.8734578490257 217.0134171471 24.61197531223297 13.8831542134285 161.1287593394518 5.641379602253437 12.98634470254183 41.53945130854845 0.2722936198115349 6.927338808774948 8.619100518524647 2.25381077080965 0.09150777757167816 1.515664622187614 0.08646126836538315 1.170718483626842 1.562086619436741 1.121328674256802 3.331889860332012 2.807419896125793 182.8826938569546 25.48525712639093 0 4.572013854980469 134.2369691878557 3.739784598350525 1.508694916963577 2.181054711341858 0.1342988312244415 6.519326210021973 30.65693084895611 1.087599039077759 8.552755504846573 13.30927258729935 26.82755748927593 5.67216320335865 100.5277940481901 54.35642271488905 96.70091075450182 31.53100784868002 0.08981519192457199 0.463143989443779 0 0 0 0 0 0 0 0 0 0 0.1718414127826691 0 0 0.2381214499473572 0 0 0 24.71496408432722 10.30669179558754 0 0 0.2251312434673309 32.97264444082975 0 21.55027105659246 6.021220073103905 0.4920304715633392 0.2300885021686554 0 0 0 0 0 0 2.030552558600903 3.355591833591461 0 0.1270661503076553 0.3871960937976837 0.1933498829603195 0 0 0 0 2.015583679080009 6.681950949132442 0.4794106781482697 0 0.1247395351529121 27.84402488172054 7.656826622784138 0.4025889039039612 0.3858444094657898 0.1277061700820923 0.08607295900583267 0 0.2985481023788452 0 0.6973157823085785 107.2344184070826 1.396112933754921 0.1617523729801178 0 0.1762217581272125 14.21185670793056 9.088048115372658 13.29172582924366 2.398996949195862 1.112354069948196 3.169703893363476 0.9266777634620667 3.62967599183321 0.3340847864747047 0 0 0 0 0 0 0 15.00540722161531 20.73952043056488 20.54756733030081 233.1481940820813 90.31673687696457 485.6353209018707 134.7143548801541 266.2572347149253 140.0731410682201 14.41136403381824 60.34057479351759 6.845930993556976 1.651008725166321 10.33236913383007 2.678313843905926 7.314555920660496 1.258776381611824 0.4863954037427902 2.687108494341373 1.200365550816059 0
134.6624589413404 288.748314037919 2.734271541237831 235.0869492739439 18.6568321660161 0 260.1299678236246 2.229538574814796 13.71889005601406 621.6144445985556 5.093788608908653 77.54201306402683 128.6918295770884 28.03173221647739 0 0.1699047982692719 0.2629850506782532 0 0 0.143266499042511 0 0.6225513219833374 0 0 0.2925811409950256 0 0.2055243998765945 0 0 0 0 0.4130349159240723 3.961801186203957 0 0 0 2.234493240714073 0 1.983761578798294 0 0 0.1578750759363174 0 0 0 0 1.24621094763279 0 0 0 0 8.024643316864967 0 0 0.4527196884155273 0 151.6383035182953 208.2946654111147 8.474747806787491 0.8066370785236359 0 0 0 0.1152140498161316 0 0.3603381812572479 0 0 0.1395469754934311 0 83.61691525578499 173.3484686911106 39.59041424095631 12.10567370057106 0.9635517299175262 0.60872433334589 1.773271843791008 0 0 7.013518199324608 0 0.2806361615657806 0.1838248074054718 1.144042104482651 0 0.6780787110328674 0 9.37568935751915 2.669256150722504 13.40683655440807 0.3486278057098389 1.277652725577354 0 0.3355473801493645 0 75.24385164678097 126.250339820981 12.00537995994091 7.515409857034683 489.1773580908775 0 0 0 0 0 5.465497747063637 0 0 0 0 0 2.338663667440414 1.671685203909874 2.230484992265701 0 0 0 0 0 0 0 0 0 0 0 0 0 0 0 0 0 0 0 0 1.243319749832153 0 0 0 0 0 0 0 0 0 0 0 0 0 0 0 0 0.6593137979507446 0 0 0 0 0.3612212240695953 0 0 0 0 0 0.1207837238907814 0 0 0.2108023166656494 0 0 0 0 0 0 0 0 0.4326561242341995 0 0.5118507146835327 0.5337616205215454 0 0 0 0.4515562653541565 0.6287550330162048 0 0 0 0 0 0 0 0 0 0 0 0 0 0 0.6958562582731247 0 0 7.377707690000534 0.2028809189796448 3.11723106354475 0.2608145549893379 633.8751158118248 2.643617749214172 0.9907459914684296 0.2823271453380585 0 0 0.1545903980731964 0 0 0 0 0 1.070673584938049 0
1755.3266505301 4630.355002999306 287.129198551178 1522.16554389894 2905.280768565834 260.1299678236246 0 165.6073957309127 6256.357795864344 6150.856028802693 483.6774455904961 444.2176784723997 6374.4661379233 1797.891218714416 60.29077649116516 16.11508506536484 1.961819216609001 0.655757948756218 0.5315936356782913 0.8117525726556778 0.3309817761182785 1.589800819754601 0 0.3315457850694656 2.869921505451202 2.417535930871964 1.924074187874794 2.52245981246233 2.741723351180553 0.3037568330764771 176.8748129010201 70.41795160621405 51.62933888286352 0 0.2103979289531708 0.4331227391958237 26.78771578520536 7.439709037542343 14.71625344455242 2.881150968372822 2.433479063212872 4.322364553809166 0.1018344089388847 2.445421703159809 0.1994141787290573 1.082334652543068 396.7063438147306 3.268732741475105 0.4329492524266243 0.9618733152747154 6.277886368334293 1.070857115089893 0.6040728613734245 2.514292784035206 17.43113926053047 8.11881186068058 91.20089812576771 423.2972554266453 165.353023648262 155.0351209565997 1.718462415039539 3.362836964428425 0.3725199922919273 322.1293292716146 14.34622836858034 17.16767517477274 7.036160007119179 5.593382567167282 4.363408446311951 0.4861461520195007 267.3534178286791 185.7682182788849 0 577.8172036930919 264.348917901516 487.6576717048883 280.2475965172052 47.55424062162638 5.592144086956978 16.82884462177753 4.135171622037888 6.874245010316372 46.42011426389217 1.497575655579567 9.075224660336971 10.56064853817225 1.959682948887348 0.549164891242981 3.086778283119202 0.4160439297556877 1.982686549425125 1.169397100806236 1.701631054282188 4.337506949901581 3.555485859513283 1026.012579977512 28.58697386085987 0.4641077667474747 6.322907909750938 102.4939088374376 9.156249970197678 4.667653888463974 3.794013530015945 0 12.19855602830648 106.4236731007695 2.559682905673981 22.25342254340649 41.40133625268936 48.69072894752026 16.26144067943096 253.9963492229581 130.9143721535802 243.2747000828385 67.54761585593224 0.7944979071617126 1.982120484113693 0 0 0 0 0.4184964001178741 0 0 0 0.2579948008060455 0 0 0.128198504447937 0 0.4248092323541641 0 0 0 53.56034753471613 22.84213875234127 0 0 0 75.34643460065126 0.4065753668546677 41.18056990206242 6.306473776698112 0.4643495678901672 0.3167770206928253 0 0.3245403170585632 0 0.6183485239744186 0 0 7.900037012994289 10.05021853744984 0.6076177731156349 0 0 1.14581236243248 0 0 0.5106795430183411 0 3.86424507945776 7.951815195381641 0.3669713735580444 0 0.8562481105327606 49.44586019963026 30.10776741802692 0.9334198832511902 0.5311792939901352 0.1203629374504089 0 0.3215819150209427 0.2055404037237167 0.1300536543130875 0.1079292446374893 226.6056394055486 7.775839075446129 0 0 0 29.35576921701431 19.93380977213383 44.48363753408194 15.59692428261042 13.9691127166152 17.99029585719109 2.454925030469894 4.311288110911846 0 0 0 0.3289293944835663 0.1766260489821434 0 0.1691155582666397 0 45.16572897881269 47.72759205102921 54.56763251870871 375.3002548217773 97.01502560824156 685.4278113767505 186.8719475343823 860.5073530822992 200.3764520213008 16.80523474514484 103.6899458244443 22.23796921223402 3.621255688369274 29.53944889456034 4.04302454739809 18.52052737772465 1.656260460615158 0.1004872769117355 3.345439255237579 3.562966853380203 0.7493345439434052
8.854496456682682 177.313073001802 1234.073189876974 0.8897238522768021 1238.341174192727 2.229538574814796 165.6073957309127 0 1269.650533735752 19.46275988221169 2833.157765947282 11.13886378705502 107.1622438281775 401.9077955558896 28.6091273650527 28.56656145304441 17.45722310990095 2.475483044981956 6.275669753551483 8.604995779693127 5.728627294301987 0.395353227853775 4.304604321718216 1.201548755168915 19.40022106468678 2.158442653715611 7.115978375077248 0.1133547872304916 0.2417850866913795 0.6688394099473953 808.2900832816958 1225.749657854438 70.69444257766008 1.693862907588482 5.654464304447174 15.32340524345636 26.84270388633013 24.92847494035959 7.336954332888126 4.78476944565773 2.248530119657516 1.841892667114735 17.27765996009111 18.62242370098829 10.0678414106369 9.67990330606699 123.5139645561576 31.32632031291723 7.138301186263561 26.80350866168737 17.85162360221148 1.089747741818428 0.130253866314888 0.3390561640262604 2.278762072324753 0.7274725511670113 18.1041745133698 245.5961486175656 21.46755826473236 25.34390397369862 186.0447566509247 62.59925768524408 4.898787803947926 732.4644846394658 2.537930063903332 68.02454119920731 10.90622163563967 166.5620700716972 173.032436080277 15.37475772947073 23.82093852758408 50.75298248231411 0 111.5481823384762 128.215978294611 119.1743139997125 200.8662225604057 121.9312502965331 934.1984823867679 2777.386132359505 1000.238480910659 2916.110833212733 7.755875863134861 0 9.012302368879318 1.650507628917694 122.0450781732798 0.2058940529823303 0.8231008052825928 1.051535695791245 4.194478765130043 0.8411530032753944 23.23377215862274 12.41196791827679 1.544234700500965 70.25705720484257 9.080908074975014 0 2.174505360424519 1.698814406991005 3.804409451782703 0 0.490394800901413 0 1.017364487051964 2.216226771473885 0.4849613010883331 2.732781812548637 1.887273550033569 4.417599402368069 1.619382537901402 19.22434791922569 11.3222271502018 26.94076706469059 5.295683152973652 0 0.1349377930164337 0 0 0 0 0 0 0 0 0 0 0 0.1477455049753189 0 0 0 0.1051668748259544 0 5.607563398778439 2.386502787470818 0 0 0 7.669133052229881 0 1.976505137979984 1.197286888957024 0 0 0 0.2313985973596573 0 0 0 0 1.55358099937439 0.3383230566978455 0.1086171194911003 0 0.4457798898220062 0 0 0 0.4878674149513245 0 0.1273851096630096 2.31612041592598 0 0 0.1677841991186142 3.577052652835846 1.755919963121414 0 0.08830296993255615 0.1013329476118088 0.2116325870156288 0 0.1381201595067978 0 0 21.0431024953723 0.3670277148485184 0 0.1467907428741455 0 2.365450643002987 0.2097854912281036 3.42600804567337 2.35983806848526 0.7850230783224106 0.9298495724797249 0 0.1303861439228058 0.3283058628439903 0.1158029213547707 0 0.268047884106636 0.646702766418457 0.2407094910740852 0 0 3.358093574643135 8.566859796643257 5.453395955264568 79.06808715313673 16.10485408455133 213.6124243363738 44.1720924526453 30.62000584602356 32.87114471942186 0.9069665968418121 30.12149230390787 2.994230851531029 0.1760576069355011 2.374580793082714 0.6015374660491943 1.889503180980682 0.5190885588526726 0 0.7067474573850632 0.6760743707418442 0
18.84712562710047 362.8313195258379 551.7402912452817 14.66552829742432 7170.023532539606 13.71889005601406 6256.357795864344 1269.650533735752 0 216.9748402908444 4118.288714423776 35.47193928062916 2008.421625331044 1450.511312060058 53.95992115885019 20.85110139101744 1.618049271404743 1.139246396720409 0.5533377602696419 1.932380683720112 1.127531103789806 0.8232124894857407 0.3992328643798828 0.2363241538405418 11.29256509244442 2.949756547808647 3.713447988033295 3.118295297026634 1.920330241322517 0.3533927872776985 81.06754823029041 89.19543017446995 256.2042332589626 0.2281909361481667 0.4267596378922462 3.141874693334103 82.39094549417496 22.87902265042067 14.57914252579212 6.948481470346451 3.836601540446281 5.148691140115261 0.2441678196191788 6.174588389694691 0.8949697613716125 2.043074861168861 193.5358536988497 1.629606999456882 0.7686661630868912 1.091955758631229 2.912494920194149 1.159463219344616 0.727236345410347 1.405153974890709 2.878810875117779 2.25167652964592 16.28030754625797 84.24323522299528 35.59397501498461 44.6229884326458 5.203453943133354 20.74195153266191 0.7631882280111313 164.8215846121311 3.262583486735821 9.029318191111088 2.759143769741058 7.486999809741974 7.717027939856052 2.740507356822491 170.6989243254066 99.93034166842699 0 118.9583028629422 73.95102558284998 226.5256878659129 230.9945317804813 58.51261696219444 10.27690831571817 58.27599597722292 8.567472845315933 12.92557463049889 10.59395771473646 0.1062034294009209 2.414460510015488 2.696001566946507 2.25929419696331 0.07972308993339539 0.5556274503469467 0.3552202060818672 0.6256052926182747 0.2303482815623283 1.844907239079475 2.197684444487095 2.044468924403191 449.947870478034 18.89732299745083 0 4.477458365261555 7.312655925750732 3.494663342833519 0.2357101589441299 1.363900847733021 0.2363743931055069 10.23448451608419 36.50263272225857 2.447718963027 11.8080217987299 23.28849659115076 31.33645986020565 13.46633622795343 137.6521536782384 73.56978940218687 155.5784660056233 39.40187709033489 0 0.6115519553422928 0 0 0 0 0 0 0.5696554183959961 0 0 0 0 0.1755687892436981 0 0.1758923381567001 0 0.2546497881412506 0 35.0821283981204 12.31168951094151 0 0 0 40.46599371731281 0.3101042807102203 19.49883282184601 4.697573930025101 1.814671508967876 0 0.1335510164499283 0 0.593678891658783 0 0 0.5294440686702728 4.022467643022537 8.554979078471661 0.377055823802948 0 0.2303004413843155 0 0 0 0.7074957191944122 0 1.491533286869526 6.095881015062332 0 0 0.3829690217971802 30.32755948603153 12.4262733310461 0.2020468935370445 0.2194256484508514 0 0 0.2435448691248894 0 0 0.6303575560450554 132.5879048332572 6.12691168487072 0 0 0 13.14151109009981 9.29510959982872 20.56671377271414 5.58093636482954 4.886697039008141 5.416414678096771 1.44548162817955 2.594247460365295 0.1261821389198303 0 0 0.139193519949913 0.08508328348398209 0 0 0 26.42471119016409 23.8700410798192 24.57362235337496 203.4540072605014 46.83683621883392 352.1608354374766 115.0639250725508 80.61106039583683 78.61522868275642 5.520139530301094 82.58374182879925 7.110661692917347 0.840161107480526 17.58067434281111 2.652521327137947 3.269727319478989 2.70586221665144 0.4707874953746796 1.827079087495804 2.247340813279152 1.473774522542953
766.2744799926877 350.0651818215847 8.104837335646152 1860.108209788799 331.8114969283342 621.6144445985556 6150.856028802693 19.46275988221169 216.9748402908444 0 22.11651619523764 709.7343976646662 4975.784593507648 142.4576696902514 4.806062288582325 0.9880811125040054 0 0 0 0 0 0 0 0 0 0.2121694386005402 0 0.1306055635213852 0.1421899497509003 0 6.172723844647408 3.474440358579159 2.110472522675991 0 0 0 6.983927324414253 0.5456561893224716 1.19558510184288 0.1573711037635803 0 0 0 0.1516100168228149 0 0 43.04110811650753 0.344097800552845 0 0 0.2962537929415703 0.3776691555976868 0 0.3137636184692383 3.137445829808712 1.30570312589407 45.49516180157661 151.679370701313 50.00339052826166 20.48680332303047 0.3472591191530228 0.3620895072817802 0 15.79934679716825 2.481384329497814 1.071652688086033 0.7656838521361351 0.3469727709889412 0.1131602227687836 0 115.855739146471 141.9027578085661 0 127.2731773108244 29.87505660951138 35.31036279350519 15.84725614637136 5.2172881513834 0.66679847240448 4.628171302378178 0.204778790473938 0.618916742503643 8.271112054586411 0.1949675977230072 1.461337551474571 2.203521080315113 0.2320663630962372 0 0.4758085086941719 0 0.1161812469363213 0 0.1162669956684113 0.3608468770980835 0 1006.281475991011 12.45483426749706 0 3.21684242784977 308.05999545753 3.754895076155663 5.473426580429077 1.384098216891289 0.2163334488868713 13.11306843906641 165.6643255650997 0.4438164234161377 15.25751201808453 16.17494556307793 35.28891554474831 11.86950643360615 143.6699819415808 67.38969872146845 134.1797661036253 37.94474695622921 0.3979541659355164 0.4188684150576591 0 0 0.4336294233798981 0 0 0 0 0 0 0 0 0 0 0 0 0.1814018785953522 0 50.81961412727833 16.07447265088558 0 0 0 34.37875920534134 0.2513256967067719 29.73499897867441 1.987160131335258 0.2327763885259628 0 0 0 0 0 0 0.3601698279380798 8.931696474552155 3.640194371342659 0.7535174936056137 0 0.1515699923038483 0 0.2870684862136841 0 0.1193009838461876 0 3.767626129090786 7.8188521489501 0 0 0 30.19055989384651 29.22960096597672 0 0.1692641079425812 0 0 0 0 0 0 104.5035521090031 1.415199175477028 0 0 0.1529295146465302 20.26401346921921 16.55084262788296 38.73048621416092 12.08104225248098 7.599052034318447 9.513825103640556 0.4223479181528091 3.256045669317245 0 0 0 0 0.1979315131902695 0 0 0.2070720642805099 17.73839937895536 25.11434803903103 24.87228393554688 40.28957963734865 9.887778460979462 73.64566309005022 14.24381330609322 1410.799823574722 26.18124282360077 2.143662206828594 16.14408483356237 8.977371007204056 0.2213127613067627 25.18929124623537 1.395524822175503 19.21623166650534 2.903942428529263 0 2.458875134587288 0.1874097287654877 0
34.46770665049553 352.6855226904154 2794.978958360851 5.683002427220345 2591.47913223505 5.093788608908653 483.6774455904961 2833.157765947282 4118.288714423776 22.11651619523764 0 19.05723607540131 1384.382874451578 1932.648498550057 60.34418045729399 38.42700723558664 5.345449186861515 2.947351925075054 1.805228345096111 9.303582094609737 4.006143137812614 0.5831521451473236 1.617655947804451 0.6999981552362442 47.74486174434423 7.30879944562912 14.82940604537725 1.827589884400368 2.887990429997444 2.107961259782314 353.5876712277532 278.7124734669924 591.1425938233733 1.434648506343365 2.609094515442848 22.82432866096497 182.9800997897983 103.3981922119856 24.90070543438196 21.18584842979908 8.634697079658508 4.489286497235298 1.553226880729198 17.52650763094425 5.128275781869888 9.67804154753685 200.46512773633 3.140403605997562 1.032125756144524 3.196891717612743 5.777651637792587 1.063390381634235 0.2254272177815437 0.3945942968130112 4.180681198835373 2.489688284695148 22.31875809282064 188.5363516658545 36.52674467861652 47.85395590960979 18.70247126370668 122.4996840432286 9.16006638109684 237.195902608335 4.028194613754749 10.59705232828856 5.030167460441589 18.49039262533188 17.93504063040018 5.730617240071297 134.4003271684051 96.19631198048592 0 158.2884258106351 123.5763595253229 227.5411548539996 241.9143116474152 71.34832134842873 278.8491430208087 341.1879472136497 21.70031370967627 53.82492468506098 12.58400516211987 0.281177744269371 3.65644758194685 3.649665534496307 6.837198525667191 0 0.7566827610135078 0.6237020269036293 1.039730086922646 0.2978930771350861 7.599772445857525 2.619434341788292 1.525972627103329 214.6169040203094 23.02182847261429 0 2.566361345350742 7.708935514092445 1.830208122730255 0.577650249004364 0.2498919516801834 0 2.835003778338432 16.83949992060661 0.132009893655777 3.104529038071632 3.974888637661934 6.09479071199894 4.47678204625845 44.20068911463022 22.22993252426386 50.04634413868189 11.6523265838623 0.2072004228830338 0.5200050175189972 0 0 0 0 0 0 0 0 0 0 0 0 0 0.2096068263053894 0 0.591879814863205 0 7.878876395523548 3.885805755853653 0 0 0 14.22668016701937 0.194156289100647 6.478431232273579 1.350592046976089 0.4192168712615967 0 0 0 0 0.3867104947566986 0 0 1.036044433712959 3.368953071534634 0 0 0 0 0 0 0 0 0.4459795728325844 1.398410454392433 0 0 0 5.285593755543232 3.571492582559586 0.7948691248893738 0 0 0 0 0 0.1354718655347824 0.141074001789093 48.31543540209532 2.974021032452583 0 0 0.3475040793418884 2.427576623857021 3.090534389019012 4.405031837522984 0.8701574355363846 2.489877216517925 1.507886976003647 0 1.252461284399033 0 0 0 0 0 0 0 0 14.03780162334442 12.34411641210318 11.54912501573563 183.2816567420959 40.06546665728092 331.5698688924313 94.32656864821911 53.42739334702492 63.32995417714119 3.929682239890099 66.5238167271018 6.599287107586861 1.507562875747681 4.21206846088171 1.784962117671967 3.049268811941147 0.7190524339675903 0 0.5108012780547142 1.71575990319252 0.2828087583184242
23.98196159303188 17.00585503876209 6.931308574974537 190.3972704559565 30.07199136912823 77.54201306402683 444.2176784723997 11.13886378705502 35.47193928062916 709.7343976646662 19.05723607540131 0 1109.520981967449 24.9276874512434 8.519217073917389 5.94561805576086 1.021781086921692 0 0 0.3827819377183914 0 0.6421183049678802 0 0 3.203439496457577 0.8286609277129173 1.482077300548553 0.6609593331813812 0.6989894509315491 0 2.9696084856987 7.790233910083771 14.12372744083405 0 0.2772147208452225 0 16.13340173661709 4.74655020236969 7.556433334946632 0.8815761879086494 0.5527196079492569 0.7574507892131805 0 2.467617243528366 1.092304870486259 0.5946652144193649 21.09859114140272 0 0 0.1354511827230453 0.1648625433444977 0.1632838696241379 0 0.1825747638940811 0.1766219586133957 0.1205025166273117 2.233336895704269 4.156843073666096 3.299555718898773 1.241887576878071 2.152571946382523 2.071903318166733 0.3540616482496262 5.706504061818123 0.230195663869381 1.076894767582417 0.4035053923726082 1.09785258024931 1.495384678244591 0 41.57533758878708 16.01441246271133 0.2347591072320938 7.663284458220005 4.506676912307739 12.24108473211527 20.38829588145018 16.42456963658333 0.6503091305494308 2.117475509643555 2.227436870336533 1.986818909645081 0.9935571849346161 0 0 0.1194867491722107 0.4531543999910355 0 0 0 0.1068714186549187 0 0.7133761048316956 0.1464521586894989 0 1001.987267583609 12.82925528287888 0 1.834183216094971 8.418265625834465 1.535676725208759 1.269668579101562 0.1523306667804718 0.1606222242116928 4.965994954109192 11.45191432535648 1.345480337738991 3.479392051696777 4.707684814929962 9.021071627736092 3.19295859336853 40.48892490565777 20.80580402910709 39.64026843756437 5.854194268584251 0.3363956809043884 0.1322496235370636 0.4203985035419464 0 0 0 0 0 0 0 0 0 0 0 0 0 0 0 0 10.87729987502098 3.131930857896805 0 0 0 7.968254581093788 0.1391776502132416 6.533885687589645 0.6948380917310715 0 0 0 0 0 0 0 0 1.542826041579247 1.014661684632301 0 0 0 0 0 0.3390645682811737 0.138413667678833 0 1.021736823022366 3.699043422937393 0 0 1.162605285644531 7.493439123034477 3.863691478967667 0.08650042116641998 0.09511788934469223 0 0 0 0 0 0 20.52257294952869 0.2024613320827484 0 0 0 4.074016109108925 4.337272554636002 2.792231321334839 3.711560234427452 3.421214282512665 1.39830569177866 0 0.275146871805191 0 0 0 0 0 0 0 0 5.560993432998657 0.5553401708602905 3.600070968270302 53.23223604261875 4.912791080772877 44.27840696275234 11.26873346418142 80.06208458542824 9.31272304058075 0.94435054063797 18.72629578411579 3.087911829352379 1.230594769120216 5.501599200069904 0.1369695067405701 3.858475238084793 0.2235415130853653 0 0.1870746165513992 0.3393405973911285 0
44.48214019089937 85.72248513996601 71.42654410004616 355.3333984613419 408.7889226227999 128.6918295770884 6374.4661379233 107.1622438281775 2008.421625331044 4975.784593507648 1384.382874451578 1109.520981967449 0 3908.16190481931 151.5070667415857 118.2759047150612 14.40797671675682 4.431739121675491 4.510973133146763 12.8124096468091 7.579542092978954 4.798967510461807 3.031085029244423 1.406022027134895 62.95304679870605 20.04225616157055 17.4812785089016 9.781712591648102 9.871759466826916 4.463559217751026 32.66206223517656 134.3374124765396 1181.8465904966 2.988364979624748 5.474692240357399 17.99751576781273 659.4658405557275 136.3713888153434 280.131775893271 79.33661378920078 17.33519296348095 16.07934466004372 3.308586589992046 48.36586634069681 17.32185234874487 21.98082469403744 332.1666176170111 5.508172877132893 2.075017161667347 2.292475380003452 11.68102139979601 1.609511107206345 4.163998335599899 2.998053044080734 4.360317431390285 2.155055552721024 11.6330980733037 53.29178642481565 33.16013433784246 44.36989366263151 42.48055795580149 195.5149923339486 3.569293186068535 144.6036937534809 3.367140971124172 14.3325209915638 7.248859763145447 34.57333351671696 34.25601398944855 10.44294469803572 658.6684260889888 136.519248187542 0.3982696086168289 103.0363831371069 58.29040570557117 279.852048188448 411.332208186388 238.9281305968761 25.31864186376333 166.2667413279414 54.16518853604794 54.74017079174519 12.91164150834084 0.6002111434936523 3.639728248119354 3.596423916518688 16.34093235433102 0.3662084341049194 1.229035310447216 1.000591106712818 1.736516065895557 1.1632289737463 12.8301545009017 7.426353067159653 6.093627043068409 5162.546198651195 51.35368697345257 0.3491545468568802 23.62472276389599 21.16632939875126 4.999450981616974 3.807270124554634 4.576498590409756 0 18.4897735491395 122.8900777101517 2.722036130726337 27.41435420513153 37.91182465851307 58.9324607104063 20.26890024542809 228.9401667267084 135.0312211066484 254.2895059883595 56.44734676927328 0.5050895512104034 0.9809832349419594 0 0 0 0 0 0 0 0 0 0 0 0 0 0 0.5209494456648827 0.7617670744657516 0.2570062279701233 48.11007126420736 18.95860644429922 0 0 0 49.15300296247005 0 34.18208415806293 6.373563803732395 0.8674619048833847 0 0 0.472431093454361 0 0.7961684912443161 0 0.292641282081604 5.412640325725079 8.235027812421322 0.4183845520019531 0 0 1.439260244369507 0.7142104953527451 0.5727525949478149 0.6375305205583572 0 3.478248171508312 8.233293876051903 0 0.5848592668771744 0.9989524036645889 38.44912798702717 27.57828255742788 0.6819845214486122 0.7109081670641899 0 0.1105426028370857 0 0.07697855681180954 0.2272005677223206 0.8476870208978653 183.7642865628004 8.569934666156769 1.127766661345959 0 0 17.02261353284121 16.2031589448452 32.36601569503546 12.49258398264647 10.02185776084661 12.83154280483723 0 3.584351480007172 0.09618613868951797 0 0.2647092044353485 0 0.3878945708274841 0.1025057658553123 0 0.3506066054105759 40.03003047406673 26.74632367491722 29.30632470548153 604.2923441976309 107.2584426626563 617.9277935028076 203.1787035614252 289.7934998944402 114.3402112498879 6.967932119965553 219.9796620756388 13.6100450605154 3.547905758023262 23.85169757157564 6.222438037395477 12.06855942308903 2.520659692585468 1.080298259854317 3.13149693608284 11.7749947309494 1.226811766624451
8.416723974049091 87.35518434643745 367.6849361881614 17.94941285252571 621.0143428221345 28.03173221647739 1797.891218714416 401.9077955558896 1450.511312060058 142.4576696902514 1932.648498550057 24.9276874512434 3908.16190481931 0 96.13027551025152 78.38124073296785 7.511497311294079 6.563152261078358 4.756262443959713 17.22615221142769 8.17215421050787 1.385237127542496 7.29852631688118 2.400158122181892 73.94720462709665 12.92463207989931 20.14266500622034 3.36192736774683 5.441363506019115 4.712874971330166 87.24966756254435 206.2088167667389 1180.925741478801 2.710747241973877 4.984359599649906 28.53307737410069 604.4457581788301 173.0924070179462 82.61060770601034 34.1235293969512 16.0619312748313 11.28963979333639 3.591451153159142 34.23514692485332 10.60491775721312 13.36763843148947 227.930459305644 5.257781952619553 3.541580572724342 6.64774065464735 10.01733928918839 0.9710266515612602 0.3111446648836136 1.423404149711132 3.979095734655857 0.6419155299663544 14.5735109820962 71.40476264804602 27.73497337847948 32.32109260559082 36.94608445465565 175.677039347589 8.758137889206409 156.5942367613316 1.986165091395378 20.32140293717384 6.851029351353645 49.77689500898123 43.31334754824638 12.94638305902481 318.9310279861093 108.01264308393 0.8566207438707352 87.82885357737541 67.34556136280298 217.0212423428893 298.6049254015088 151.543554790318 37.42466969043016 130.3793596401811 53.05399803072214 89.97894155234098 10.2583197131753 0.09034412354230881 3.917097724974155 1.88837892562151 17.14190572500229 0.09918741881847382 1.070655196905136 1.645545050501823 1.652896098792553 0.7628535851836205 16.23806580156088 5.914907820522785 3.455603986978531 694.6066225841641 31.23014461249113 0 7.655344143509865 6.737210854887962 1.532539181411266 1.640707492828369 1.573014780879021 0.3310116082429886 6.844861470162868 44.06971117854118 0.8226286172866821 9.168451249599457 9.331143379211426 18.27794361114502 8.876482270658016 73.34829670935869 40.20607161521912 86.077123478055 20.25411117821932 0.7159228175878525 0.2355078458786011 0.2574810460209846 0 0 0 0 0 0 0.157143697142601 0 0 0.1385709643363953 0.1619723588228226 0 0.9614718109369278 0.3890752345323563 0.8661079108715057 0.1169885620474815 16.98426713049412 6.185297310352325 0 0.1784191876649857 0.173199251294136 17.22571974992752 0 9.585503593087196 3.125462338328362 0.7248083502054214 0 0 0 0 0 0 0 2.182914055883884 3.482762783765793 0 0 0.6789180040359497 0.5566331073641777 0.2267285287380219 0 0 0 1.264804057776928 2.314657494425774 0 0.2179622054100037 0.9091200828552246 15.71183829754591 11.90571036934853 0.7244276255369186 0.1938975527882576 0.2030830383300781 0 0 0 0 1.005157858133316 60.69214990735054 3.586915761232376 0 0 0.4354079961776733 6.000018522143364 4.513340376317501 9.046710997819901 5.817909441888332 3.045413449406624 4.730585694313049 0.5883188843727112 1.171459272503853 0 0 0 0 0 0 0.3952177911996841 0 16.54047436267138 13.69416124373674 16.61970295757055 370.6733412668109 48.5595890879631 465.7591272518039 123.9662080332637 95.07779244333506 66.60704743862152 2.166730470955372 135.6282520890236 5.492278732359409 1.711993038654327 4.600283898413181 1.002771340310574 2.165649861097336 0.6051534563302994 0 0.7686339020729065 4.00470507144928 0
