0 1697.658714152873 77.71241105347872 1059.500283330679 804.2987660691142 104.9428801238537 786.04800414294 6.079530701041222 553.2346470057964 1989.700157299638 231.1983907669783 40.99178788810968 249.2837109938264 279.1743506267667 0.6718342080712318 0.1543236970901489 0 0.1846320927143097 0 0.1268649697303772 0.2328203171491623 0.2315205931663513 0 0 0 0 0 0 0 0 673.4449497237802 0.5383665263652802 4.389589995145798 0 0 0 0.7778773903846741 0 0.4263335466384888 0 0.1714311987161636 0 0 0.1001560762524605 0 0 18.55224017053843 1.576282471418381 0.4844090938568115 0.2486578226089478 0.1631690263748169 0.7756682932376862 0.2190913408994675 0 5.41208527982235 3.876140043139458 619.9145711138844 850.5040357261896 85.58545187115669 32.22746621072292 0 0 0 0.1464627981185913 1.057078324258327 0.4653483182191849 0.1926838308572769 0 0 0.3997450992465019 25.43786768615246 45.96707989275455 1.081322446465492 204.7614730149508 36.33174769580364 24.74252300709486 0.5988104417920113 0.3077875971794128 0.09845615923404694 16.08193081617355 0.1882478147745132 0.719604104757309 8.739440560340881 0.2982748225331306 1.699930027127266 0.8610924854874611 0.08405818790197372 0.6344905942678452 0 0.4988711178302765 0 0 0.1580408066511154 0 0 235.3689491301775 165.123606517911 9.900168687105179 3.896842040121555 892.2510519251227 0 0 0 0 0 0 1.853245258331299 0 1.489442586898804 1.19944965839386 0 0 0.2160167545080185 1.69714380800724 0.6230771541595459 0 0 0 0 0 0 0 0 0 0 0 0 0 0 0 0 0 0 0 0.5719423294067383 0 0 0 0 0 0 0.1701630651950836 0.0755954384803772 0 0 0 0 0 0 0 0 0 0.603417694568634 0 0 0 0 0 0 0 0 0 0 0 0 0 0.08661153167486191 0 0 0 0 0 0 0 0 0 0.7003787159919739 0 0 0 0 0.2403999045491219 0 0.1743852943181992 0 0 0 0 0 0 0 0 0 0 0 0 0 1.251113295555115 0 0 64.83117938786745 1.973644085228443 32.45470248162746 0.6356929913163185 1063.815753385425 30.77081753313541 0.6811552420258522 3.393434070050716 0.2888124361634254 0 0.1105921491980553 0 8.274968802928925 0 0 0 0 0
1697.658714152873 0 750.024530723691 267.3232693076134 4997.146637201309 363.2277063280344 3858.420822009444 49.26394050568342 3852.610550075769 349.6651583909988 814.0694197043777 16.03709731251001 782.2935058772564 993.4335699155927 2.20653023570776 0.1120918691158295 0 0 0 0 0 0 0.2153729051351547 0 0 0 0 0.09930338710546494 0 0 4033.270446509123 14.09533028304577 1.768347606062889 0 0.1400621980428696 0 1.305636346340179 0.1139610931277275 0.3591169416904449 0.1882545948028564 0.6628027707338333 0 0 0.2156560868024826 0 0 82.14517240971327 9.311398088932037 0.9733389541506767 0.2146220728754997 0.1932091787457466 0 0 0.2792861983180046 23.53412592411041 12.91131457686424 328.4334714338183 984.2304803580046 118.8793909102678 99.06102569401264 0.4955572262406349 0 0 20.1808665022254 5.549481011927128 1.808468453586102 0.512428805232048 0.3830414712429047 0.2241231352090836 0.4830802381038666 7.588528327643871 0.6670636087656021 0 341.8280710726976 133.5639337152243 154.0251768529415 11.93305174261332 0.8800926432013512 0.2931618988513947 25.93034289777279 0 0.5657675862312317 29.55787593126297 0.981997899711132 3.903464861214161 2.200529418885708 2.404260396957397 0 0 0 0 0 0 0 0.09440695494413376 78.4105561003089 1.37652762979269 0 0.5814685821533203 594.905223056674 0.791409969329834 0.6489674001932144 0 0 1.25173245370388 0.461398184299469 0 1.864792913198471 1.832394123077393 1.179548375308514 0 9.862786009907722 3.495294228196144 8.351715326309204 2.797693558037281 0.09144030511379242 0 0 0 0 0 0 0 0 0 0 0 0 0 0 0 0 0.3568419516086578 0 0.2398130744695663 0.5081137418746948 0 0 0 0.9117682278156281 0 0.3971261009573936 0 0 0 0 0 0 0 0 0 0 0.2302635014057159 0.1228293851017952 0 0 0 0 0 0 0 0 0.1401486247777939 0 0 0 0.2094585597515106 0 0 0 0 0 0 0 0 0 2.99358631670475 0 0 0 0 0.6833822876214981 0 0.1962064802646637 0.118933729827404 0.1344054788351059 0.1986875385046005 0.1506668031215668 0 0 0 0 0 0 0 0 0 0.1149993985891342 0.1039784103631973 0 68.1437873467803 8.612046398222446 164.7566814124584 6.218259781599045 962.0989516526461 83.67936319857836 2.803183943033218 22.00704277306795 0.8933838605880737 1.44994455575943 0.7119140326976776 0 5.258432984352112 0 0 0.8741532862186432 1.696466729044914 0
77.71241105347872 750.024530723691 0 0.6513300985097885 651.4292019978166 8.75534725189209 160.5012822002172 2705.75693769753 362.4616234079003 3.484212927520275 2964.952770493925 13.7143030539155 223.809569247067 549.6008088514209 9.369700491428375 8.611325696110725 3.49595533311367 13.75501696020365 0.2863614708185196 56.37435330450535 12.28954181820154 0.2629464119672775 16.51218749582767 2.002074994146824 3.477777138352394 0.1200948059558868 0.775824174284935 3.011199355125427 1.265615068376064 0.2015570849180222 3580.00305776298 650.9630241021514 35.15936160087585 25.44297973066568 28.80764635652304 2.954010151326656 15.44643157720566 7.5438077673316 7.586827725172043 8.212843269109726 32.83228651434183 13.83168226480484 97.24540392309427 2.851826243102551 17.84010725468397 5.155119501054287 45.66089809685946 4.810860067605972 5.875883907079697 80.9762434437871 0.2362781688570976 1.647430777549744 1.528711929917336 6.588390678167343 4.307140968739986 1.824962317943573 72.62586852908134 709.1306602731347 32.21848910301924 24.49245331436396 96.13832202553749 37.13107804208994 2.093864157795906 122.1051210686564 0.8759183958172798 0.8402310833334923 0.8694303706288338 3.320279099047184 63.60613595694304 267.0412800908089 46.31766724586487 10.92759676277637 0.145613431930542 85.60049099475145 113.051237359643 72.67321371287107 54.86795824021101 13.99065002053976 301.0296118780971 931.0941718667746 96.44576159119606 892.2568860724568 5.362363323569298 0.2088421136140823 0.8246097937226295 2.030366249382496 38.28655791282654 0 0.606859378516674 0 0.9519430920481682 0.7269743829965591 13.60315287858248 4.112381227314472 5.989802397787571 20.42205940186977 8.208474427461624 0.151529848575592 9.499060623347759 137.229032561183 0.3328017815947533 0 0.1924272328615189 0 0.3068979978561401 0 0 1.373520642518997 0.4273113831877708 0.4490763545036316 0.6445681899785995 3.314536690711975 5.02028401941061 7.376108348369598 3.442489720880985 0.4846887141466141 0.7040020003914833 0 0.207568995654583 0 0 0 0 0 0 0.1134691759943962 0 0 0 0.4400730580091476 0 0.3745433390140533 0.2129161357879639 0 1.256395518779755 2.17500114440918 0 0 0 2.787743501365185 0.3073645234107971 4.9972974807024 1.521564014256001 0.7091386616230011 0 0 0 0 0.3534381613135338 0 0 0.4424163848161697 2.888084001839161 0 0 0.1354861855506897 0.2688047289848328 0.2879598140716553 0 0.2144488394260406 0 0 0.3838825821876526 0 0.09662815183401108 0 3.25101263821125 0 0 0 0.1911701485514641 0.105078436434269 0.2765998020768166 0 0 0 11.52366938441992 0.7819454371929169 0 0.1805945336818695 0.1165701076388359 1.217158451676369 0.6221537664532661 0.3375962823629379 1.024501517415047 1.507618144154549 1.211780831217766 0.3648411929607391 0.9762042984366417 0.1198998019099236 0 0 0 0.114102229475975 0.205747663974762 0 0 1.236275754868984 2.248057037591934 2.383067168295383 30.71700084209442 4.736212030053139 82.38338088989258 11.96272465586662 60.65772235393524 22.03890264779329 1.711159199476242 16.60299747437239 2.752437375485897 0.2799583673477173 3.109841495752335 0.4990609288215637 1.208327800035477 0.5246742367744446 0 1.425872087478638 1.891505315899849 0.4318179786205292
1059.500283330679 267.3232693076134 0.6513300985097885 0 172.0952367931604 559.0628821700811 1431.87644340843 0 116.6673527359962 1962.432949908078 4.699763357639313 200.7490648627281 2092.498934060335 64.59014961123466 0.8440494537353516 0.1043431684374809 0 0 0 0.1331723481416702 0 0 0 0 0 0 0 0 0 0 131.5741924718022 0.4697242826223373 0 0 0 0 0.2827383801341057 0 0 0 0 0 0 0 0 0 31.85199601948261 3.639476805925369 0.2687682509422302 0.1385440677404404 0 0 0 0 6.783965498209 4.720743797719479 85.11125540733337 199.3128413185477 40.65849839895964 37.90489088743925 0 0 0 3.446674630045891 2.60990297794342 1.475519590079784 0.2728990763425827 0.236012376844883 0.1199337616562843 0 22.67772357910872 0.8460478335618973 0 115.5299798846245 26.91508520394564 36.48145791143179 3.597751915454865 0 0 0.6550008505582809 0 0 8.604553312063217 0 1.276540324091911 1.024925239384174 1.173588193953037 0 0 0 0 0 0 0 0 165.9945092648268 1.697588264942169 0 0.1227928921580315 117.4593170955777 0.1850567162036896 0 0.6434124112129211 0 1.800511687994003 0.697775810956955 0.2144190818071365 0.6669752597808838 2.137262612581253 2.470281824469566 0.3678944706916809 8.61659936606884 7.248386740684509 7.40013212710619 2.049688071012497 0 0 0 0 0 0 0 0 0 0 0 0 0 0 0 0 0 0 0 0.9380150735378265 0.7166672348976135 0 0 0 0.4912198185920715 0 0 0 0 0 0 0 0 0 0 0 0 0.1652932167053223 0 0 0 0 0 0.1748506426811218 0 0 0 0.1136306151747704 0 0 0 0 0.3131356239318848 0 0 0 0 0 0 0 0 3.727376833558083 0 0 0 0 0 0 0 0 0.1141822338104248 0.9018727838993073 0 0.1315142065286636 0 0 0 0 0.1013948395848274 0 0 0 1.55968664586544 0.3831710517406464 0 29.60722193866968 4.711851119995117 57.00413868576288 2.369839645922184 611.9122578203678 31.51480989158154 0.4307209625840187 5.265581265091896 0.7316029369831085 0.161108523607254 1.326605081558228 0.1439233422279358 7.571116864681244 0 0 0.6510196328163147 0.2320544123649597 0.7242838144302368
804.2987660691142 4997.146637201309 651.4292019978166 172.0952367931604 0 93.66135740280151 2270.989867433906 30.46668675541878 8183.983050808311 291.847429305315 985.412541821599 51.38925544172525 798.0050284489989 1677.925931036472 5.188275575637817 0.9741530567407608 0.1268131583929062 0.2212096080183983 0 0.4439441040158272 0.2805164679884911 0 0 0 0 0.2601925879716873 0 0.3410322293639183 0.0927785262465477 0 1734.747052140534 21.65032798796892 1.277108237147331 0 0 0 1.057857930660248 0.1065543293952942 0.1372149139642715 0.1126195043325424 0.3580733090639114 0.3443085700273514 0.09753707051277161 0.3778007477521896 0 0.1226081401109695 108.5214759930968 11.53718762844801 0.988165482878685 0.2169826775789261 0.1001219898462296 0.2848432511091232 0 0.1046626791357994 21.03702209144831 15.15886829793453 83.49136696010828 360.4600596651435 52.36013171076775 87.72667529433966 0.3713871613144875 0.1645711362361908 0 48.76427306979895 6.490924067795277 2.333376608788967 0.7048420235514641 1.073236212134361 0.1525095999240875 0.2192044034600258 16.50441735982895 0.629845529794693 0 181.5155325457454 127.4476411864161 159.0210542082787 36.69070416688919 1.882334880530834 0.4843196794390678 17.84471605718136 0.5511864349246025 0.9291064366698265 23.49208348244429 1.024794407188892 5.415641754865646 4.545183137059212 2.487673230469227 0 0.2660172060132027 0 0 0 0 0.06814271956682205 0.3738380670547485 107.6024425923824 0.8078599572181702 0 0.09092410653829575 115.6433330997825 1.116121709346771 0.7938240170478821 0.3432926535606384 0.53813636302948 7.496031776070595 2.972404956817627 1.4624924659729 3.645900525152683 9.954345285892487 7.360975250601768 2.390666514635086 27.35043659061193 26.87415739893913 30.44271170347929 9.265362501144409 0.5210247859358788 0.527576170861721 0 0 0 0 0 0 0 0 0 0 0 0 0 0 0 0 0 5.984151884913445 2.149516984820366 0 0 0 1.692370355129242 0 0.539064884185791 0.4636307954788208 0 0 0 0 0 0 0 0 0.6789385676383972 3.707277581095695 0 0 0 0 0 0.1296233832836151 0 0 0 0.2829913794994354 0 0 0 2.475852102041245 2.03734502196312 0.2253629565238953 0.3483987152576447 0 0.3184897154569626 0 0 0 0 9.433706566691399 0 0 0 0 1.950354129076004 0 1.17051850259304 1.753830008208752 0 1.619045719504356 0.1534931659698486 0.6225225850939751 0.4769216030836105 0 0 0 0.254301592707634 0 0 0 4.980817884206772 0.1864923983812332 0.848450742661953 116.108845487237 18.97900211066008 247.074907630682 27.43328799307346 382.2127971276641 105.3310619667172 4.458769150078297 48.65126347541809 10.0974518507719 7.844630971550941 5.126150757074356 1.786564193665981 1.723544247448444 0.4312831163406372 0 5.403349727392197 6.4194390848279 0.4427123665809631
104.9428801238537 363.2277063280344 8.75534725189209 559.0628821700811 93.66135740280151 0 290.0637804493308 0.1830329447984695 45.04168665409088 886.6368828564882 27.42577069997787 73.45915725827217 124.9480918422341 44.06106108427048 0 0.1402360796928406 0 0 0 0 0 0.2362862676382065 0 0 0 0 0 0 0 0 2.934942021965981 0 4.146005555987358 0 0 0 1.141469061374664 0 0.4569928348064423 0 0.3083747625350952 0 0 0 0 0 0.7198862805962563 0.110316663980484 0 0 0 0.5260569751262665 0.3248108327388763 0.2034875154495239 0 0.6030730232596397 266.9839828163385 14.82255911827087 0.9263183325529099 1.450538218021393 0 0 0 0 0 0.2072663754224777 0 0 0 0 32.35819154977798 41.83439184725285 1.699613869190216 2.742823481559753 0.2656662911176682 2.392480798065662 0.6477085724473 0.2992677688598633 0 8.849505051970482 0 0.2202610671520233 0 0.2212254554033279 0.1248752102255821 0 0.1117910072207451 0 0 1.317623615264893 0 0.1613468080759048 0 0 0.4790615141391754 59.50939801335335 68.99965536594391 7.160967513918877 4.311242982745171 516.7914609014988 0.2298791706562042 0 0 0 0 0 0 0 1.020660877227783 0.3491887152194977 0 1.232786528766155 1.107455343008041 1.153320595622063 0 0 0 0 0 0 0 0 0 0 0 0 0 0 0 0 0 0 0.2132266759872437 0 0 0 0 0 0 0 0 0 0.2978895008563995 0 0 0 0 0 0 0 0 0 0 0 0 0 0 0 0 0 0 0 0 0 0 0 0 0 0 0 0 0 0 0 0 0 0 0.8397766649723053 0 0 0 0 0 0 0.2330016493797302 0.1752244979143143 0 0 0 0 0 0 0 0 0 0 0 2.3978271484375 0 0.1221800744533539 1.067196890711784 0 1.530896164476871 0 537.1725868433714 1.174622379243374 0 0.5677440315485001 0 0 0 0 0 0 0 0 0 0
786.04800414294 3858.420822009444 160.5012822002172 1431.87644340843 2270.989867433906 290.0637804493308 0 5.366510935127735 2084.680592179298 2245.698689267039 54.97187493741512 283.7273677438498 4415.877232864499 964.4623323529959 14.29980747401714 2.134622551500797 1.070919662714005 0.6065122187137604 0 0.3738606348633766 1.047472521662712 0 0.1380235105752945 0 0 0.2453806847333908 0.2881798669695854 0.3436339050531387 0.1752109378576279 0 1371.650065883994 58.63355748355389 2.813976131379604 0.1325911581516266 0.0794823095202446 0 0.7312418669462204 1.124642878770828 1.035241775214672 0.4298313930630684 0.7232890576124191 0.3254720270633698 0.6304534077644348 0.7018234431743622 0.2496405988931656 0.4990807771682739 440.1838062852621 41.20670580863953 2.469502784311771 2.050458617508411 0.7252969816327095 0.9285382851958275 0.1268928498029709 0.6826248541474342 72.68174824118614 45.25500480085611 193.2387486249208 816.4626133963466 169.5073553919792 305.6632418185472 0.9362448453903198 0.2178795635700226 0 168.6549590379 21.12993325293064 10.41370709240437 4.963491834700108 2.409105204045773 0.9692034721374512 1.432661153376102 63.38942093402147 2.703811571002007 0 587.6902243718505 429.4191188067198 550.2093220278621 124.6757227480412 6.588497824966908 1.024524249136448 4.058724172413349 2.003040380775928 2.536887869238853 101.6573350951076 2.932532884180546 18.6532948538661 14.90760967135429 11.36863584071398 0 0.5770306959748268 0 0.2381011173129082 0.2618152275681496 0.1600227952003479 0 0.7809117212891579 886.9042798727751 1.510125622153282 0 3.573074772953987 90.25104025006294 6.190697155892849 4.453470855951309 4.149396762251854 1.648844242095947 25.35382682085037 18.34531465172768 4.624407142400742 19.46111015230417 49.35615883767605 37.99529054015875 7.494243457913399 156.4713498130441 157.9629428312182 184.2533078864217 53.74019625037909 0.5107900872826576 0.8952272832393646 0 0.2117844372987747 0 0 0 0 0 0 0.1213879287242889 0 0 0 0 0 0 0 0 28.71322140842676 10.32506819814444 0 0 0 11.79671783000231 0.4383690059185028 9.124897710978985 1.512873739004135 0 0 0 0 0 0.7884144708514214 0.1954355835914612 0 5.962013140320778 10.26051747053862 0.2297778204083443 0 0 0.4945143759250641 0 0.3071046844124794 0.3426620587706566 0 1.409055314958096 4.089501723647118 0 0.08802987635135651 0 9.341389082372189 8.249380148947239 0.8909962773323059 0.4283597022294998 0.08863634616136551 0.2661299183964729 0 0.1024079695343971 0 0.4145893976092339 63.67753585427999 0.6976372301578522 0 0.1377942562103271 0 9.195670068264008 0.2099851816892624 1.185546547174454 7.214056357741356 7.731324009597301 11.92600482702255 1.3587431833148 4.137080557644367 0.8311957344412804 0 0 0 0.3152999430894852 0 0 0.1418273597955704 36.515484765172 4.144778922200203 3.059611804783344 433.9484526738524 52.19624697417021 1000.837350621819 87.92374915629625 969.0199602469802 374.4872183725238 16.91199086606503 199.8630531951785 28.53162687271833 18.4963310956955 20.90650533884764 4.322913952171803 26.43458664417267 3.000830724835396 0.1336820125579834 14.55650385469198 17.0254231095314 1.880224213004112
6.079530701041222 49.26394050568342 2705.75693769753 0 30.46668675541878 0.1830329447984695 5.366510935127735 0 116.5525009259582 0.8742476478219032 1327.754913151264 1.850230887532234 67.82672976702452 330.4320804476738 15.99556751549244 11.5037651732564 11.50435088574886 17.78666421025991 2.377222061157227 45.94960300624371 16.49055176973343 0.1414220035076141 17.8174429833889 4.828878968954086 1.137528747320175 0.2177871763706207 1.917475245893002 2.55014967918396 0.7574435248970985 0 1021.51278077811 1498.07460077852 45.74569782614708 26.18900273740292 23.04863677918911 0.7246436849236488 20.07121296972036 8.88183056563139 2.732201777398586 3.661961935460567 35.36321154236794 11.2786645591259 55.30745259672403 10.46830694377422 24.47234737873077 30.97353678196669 97.15870450437069 5.017243623733521 4.432649806141853 55.94126404076815 1.062092930078506 0.6127272993326187 0.1073298528790474 3.09184791892767 4.203920878469944 2.850440427660942 17.98879535496235 166.8445325270295 14.32166368514299 27.67758962512016 106.6512749269605 50.22177198529243 0.8001077026128769 780.222318790853 1.602293290197849 1.522586993873119 0 0.6938275918364525 34.40105174481869 221.2846041992307 39.98658493161201 15.96765640377998 0 45.2218154296279 137.5623801127076 124.6680588722229 313.0107339918613 192.1764545887709 589.8293403983116 983.2287942916155 378.9971228837967 1886.233526691794 7.250331118702888 0.08806832134723663 1.239421471953392 1.291085697710514 21.96048187464476 0 0 0.6666373908519745 0.8137670457363129 0.5768888667225838 10.88568517565727 1.941897116601467 3.651215568184853 15.07795861363411 10.64537566900253 0.9195930361747742 10.38435308635235 8.983691841363907 0.2106757313013077 0 0 0 1.290805377066135 0 0 0 1.475519984960556 0.2645110785961151 0.3103143572807312 4.052978277206421 3.250615753233433 7.73916107416153 4.994806095957756 0.2033382281661034 0.2588721662759781 0 0.3373949527740479 0 0 0 0 0 0 0.1432029753923416 0 0 0 0 0 0.195295125246048 0 0 4.005940899252892 0.9323237985372543 0 0 0 5.412273027002811 0.2190318703651428 5.086197055876255 3.158011384308338 0.2628033012151718 0 0.137809619307518 0 0.2398167848587036 0 0 0 0.5403942465782166 2.239454418420792 0 0 0 0.2461064755916595 0.2669575810432434 0 0 0 0 0 0 0.1141252443194389 0.1207044348120689 2.170323818922043 0.6837695464491844 0.4685986936092377 0 0 0.2157905474305153 0 0 0 0.3702006191015244 6.544183343648911 1.874030813574791 0.219348356127739 0 0 0.6855910792946815 0.3243388906121254 0.1281172633171082 0.6923817172646523 1.34564608335495 1.967159703373909 1.425084456801414 0.3182027488946915 0.4335113763809204 0 0 0 0 0 0 0 1.624006137251854 0.9982465207576752 2.916482642292976 55.61079394072294 5.879639014601707 187.3534687981009 22.96410924196243 18.13040851056576 41.25099135935307 2.933523952960968 45.77982101589441 4.706116229295731 2.505939535796642 4.020804211497307 0.2026660814881325 0.9975180178880692 0 0 3.116303205490112 2.253817588090897 0.9785081595182419
553.2346470057964 3852.610550075769 362.4616234079003 116.6673527359962 8183.983050808311 45.04168665409088 2084.680592179298 116.5525009259582 0 242.0996077731252 2259.972936630249 59.17757535725832 1169.499097563326 2165.683819830418 6.194690078496933 2.612177796661854 0.6506563425064087 0.3102691099047661 0.1167257204651833 0.1054723635315895 0.4092177152633667 0 0 0.1715070158243179 0.09260287880897522 0.2879413068294525 0 0.7777042537927628 0.2795063704252243 0.09566261619329453 1012.321179196239 29.9155288785696 0.6637130677700043 0 0 0.08415710180997849 1.779885441064835 0 1.011087656021118 0.2886846214532852 0.2230514958500862 0.3859055265784264 0.2018064931035042 0.1138779073953629 0 0.2618252336978912 127.5146685615182 10.11045602709055 0.4233413264155388 1.020557269454002 0.1088831201195717 0.2387585714459419 0 0.2101414874196053 14.61175127327442 10.74084820598364 68.60180233418941 267.6849162727594 45.4383888989687 69.68341963738203 0.4583801478147507 0.3514721840620041 0 61.12790284305811 4.667141363024712 2.288786932826042 0.5732142999768257 1.10136503726244 0.7300046756863594 2.130320131778717 27.25309519469738 1.288398385047913 0 144.0701755657792 113.0369776934385 158.7572375833988 68.0576269775629 4.005326502025127 0.4063614681363106 6.340109795331955 0.5401301681995392 1.55561375617981 22.77592284977436 1.221141010522842 4.077145554125309 3.874604992568493 2.400475181639194 0.0858171135187149 0.4278863593935966 0 0.204794354736805 0.08966899663209915 0.1544115841388702 0.1775851175189018 0.09909234195947647 279.4788199812174 1.491286799311638 0.4021436274051666 1.116563126444817 91.32493577897549 2.088638976216316 1.108285091817379 2.143736302852631 1.461781054735184 11.46471560001373 6.518346562981606 1.507750228047371 7.597001366317272 20.29917478561401 13.80050602555275 3.527667842805386 66.56909366697073 71.73595231026411 82.6228281930089 29.63202583044767 0.2458834797143936 0.2032298147678375 0 0.1197004243731499 0 0 0 0 0 0 0 0 0 0 0 0 0 0.6361539959907532 0 16.30308021605015 3.564496450126171 0 0 0.3056308329105377 5.487306408584118 0.623022586107254 4.388617157936096 0.6345954909920692 0 0 0 0 0 0.8897793591022491 0 0 3.100088559091091 4.638008378446102 0.4166793003678322 0 0 0 0 0 0.6676018461585045 0.2056255415081978 0.2869330495595932 1.414065912365913 0.5179179906845093 0 0 1.969686344265938 0.686194509267807 0.2424304038286209 0.384258396923542 0.110313318669796 0.2409214898943901 0 0 0 0 33.24915020167828 0.3987536430358887 0 0 0 6.149600632488728 0.138876348733902 0 3.544149242341518 4.391677565872669 7.171913228929043 0.4721320420503616 0.8461213707923889 0.1934136897325516 0.6949001550674438 0 0 0.1781409606337547 0 0 0 11.68721537292004 1.664875566959381 1.309467405080795 183.7464691996574 14.22693334519863 335.0256337821484 35.92638873308897 229.7880283296108 123.6037743911147 5.459114708006382 99.71452222019434 15.2122638374567 7.200406953692436 8.132049351930618 2.172935701906681 8.00274521112442 0.4500873237848282 0.3493387699127197 5.150238141417503 7.145269744098186 0.7087268084287643
1989.700157299638 349.6651583909988 3.484212927520275 1962.432949908078 291.847429305315 886.6368828564882 2245.698689267039 0.8742476478219032 242.0996077731252 0 2.270951934158802 2313.346132896841 8056.722317002714 225.9279157742858 1.724564656615257 0.2191570550203323 0.5540273487567902 0.3462892323732376 0 0 0.1808275729417801 0 0 0 0 0 0 0 0 0 137.4598204791546 4.170618452131748 1.577038556337357 0 0 0 2.844390630722046 0.1019206717610359 0 0 0 0 0.2263929322361946 0 0 0 115.9248490408063 8.803352758288383 0.8519709780812263 0.2199367806315422 0.1364868134260178 0.1980485618114471 0 1.236526057124138 21.79583134502172 13.2593908905983 110.8869451805949 264.9412214308977 65.14890258014202 89.20752340555191 0.1140367686748505 0 0 24.81462369114161 4.371481619775295 2.003385625779629 0.3652473837137222 0.4262058213353157 0.1128972470760345 0 544.8523496240377 3.493776008486748 0 236.0280854180455 80.38352680951357 112.126234665513 11.94979201257229 1.386747397482395 0 14.86003892868757 0.242193765938282 0 29.42737043648958 1.4060103520751 5.018720880150795 3.030195169150829 2.578669264912605 0.5868967324495316 0.2120528370141983 0 0 0 0.1635514795780182 0 0 1314.459816031158 9.594977885484695 2.407767474651337 0.3293480277061462 110.7926484271884 3.492770060896873 4.947075545787811 4.290793105959892 2.618447065353394 15.84511007368565 12.87136268615723 7.23233936727047 14.48735626041889 38.47735816240311 33.71525794267654 5.891497567296028 85.67087413370609 72.12657011300325 101.6575406119227 20.20763291418552 1.024475485086441 0.1960984170436859 0.3900447487831116 0 0 0 0 0 0 0 0 0 0 0 0 0 0 0 0 14.02648474276066 3.001894496381283 0 0 0 3.815032601356506 0 0.8719797730445862 0.4149923622608185 0.1953607946634293 0 0 0 0 0 0 0 2.284905053675175 2.99215030670166 0 0 0 0 0 0.2064210623502731 0.2527337074279785 0 1.046385817229748 1.468397937715054 0 0 0 1.16646209359169 1.789308682084084 0.5222802460193634 0.1936719119548798 0.1075633391737938 0 0 0 0 0 18.65597531199455 0.3861545473337173 0 0 0 3.648580893874168 0.08854205161333084 0.7932389378547668 2.478508301079273 2.880553863942623 3.859385631978512 0 0.8616325110197067 0 0 0 0 0 0.08586268126964569 0 0 20.37667793035507 0.2051885277032852 0.746869757771492 151.1041590049863 10.58995255827904 201.8963130116463 13.25814843177795 1273.895298048854 103.8435583114624 4.070361495018005 63.88495652377605 5.172655858099461 1.952428638935089 3.593627497553825 0.8774860799312592 33.84685665369034 0 0 2.47109729796648 3.049570307135582 0.2414875477552414
231.1983907669783 814.0694197043777 2964.952770493925 4.699763357639313 985.412541821599 27.42577069997787 54.97187493741512 1327.754913151264 2259.972936630249 2.270951934158802 0 25.78042585402727 843.4270672723651 3177.165239408612 55.07965149730444 35.35848598182201 3.698142491281033 1.129928261041641 0 14.52382974326611 14.25716958194971 0.9910565912723541 12.7751762419939 1.820098832249641 0.4459204971790314 1.442464500665665 2.87919120490551 1.033303588628769 0.2449310347437859 0.590644508600235 2419.995602868497 274.3381792530417 323.4339028671384 14.77214681357145 18.43193715065718 3.021632753312588 134.2596260905266 14.34182994812727 15.62574884295464 3.040106602013111 77.58185620605946 16.62724153697491 20.72607916593552 10.75929108262062 10.30497278273106 2.798839546740055 226.3095400035381 13.4922990500927 1.941431775689125 8.845612809062004 0.457793153822422 1.916659809648991 0.1001012474298477 2.67462982237339 14.17542746663094 13.09316470474005 73.82289528101683 387.6540790721774 45.94591683894396 75.49340065568686 9.118889532983303 25.68316659331322 0.6082601398229599 136.4918366372585 6.366625376045704 3.151679709553719 1.212731070816517 2.338368892669678 22.47456073015928 181.0702410936356 326.4635169804096 70.89240247011185 0.6753346472978592 149.7620108351111 180.4913650974631 266.0860891118646 277.4362398684025 49.49552570283413 178.3906824290752 722.916036196053 12.73641476780176 180.5294375866652 21.46307580173016 0.9339261129498482 5.617253839969635 2.709657855331898 9.704360857605934 0.3191140741109848 0.6531678885221481 0 0.5156537592411041 0.6393581107258797 13.59585709124804 3.611685045063496 3.191054552793503 271.5656060054898 37.96028530597687 1.970055222511292 28.65628609806299 93.36708020418882 1.267729103565216 0 0 0 8.800915658473969 2.431934736669064 0.9624482691287994 2.001768052577972 6.009571306407452 3.76989409327507 4.408827967941761 27.8084936067462 47.59022514522076 61.25345723330975 34.10523021966219 2.104568563401699 1.747018367052078 0 0.4399702623486519 0 0 0.1744771748781204 0.1237667351961136 0 0 0.3125165998935699 0 0 0 0 0 0 0 0 8.882848627865314 10.42748191952705 0 0 0 18.484643407166 1.584718242287636 15.47926173359156 10.97621661424637 0.8905773460865021 0 0.1357655227184296 0 0.3433854132890701 0.9990771263837814 0.4985180199146271 0.1948767602443695 2.996589213609695 14.50636538863182 0.4863371104001999 0 0.2786182537674904 0.1001425161957741 0.6132811456918716 0.4113795533776283 0.8792368322610855 0.3904741406440735 0.7453862726688385 1.822911851108074 0 0.3459945917129517 0 14.96785029768944 4.795553982257843 0.8160727396607399 0.3135873600840569 0.5305881500244141 0.3519059419631958 0 0 0 0.1306759119033813 76.22275445610285 10.62016770243645 0.1430530399084091 0 0.09489286690950394 11.26619908213615 2.525884732604027 3.724665343761444 5.546795904636383 4.957803122699261 12.48110772669315 2.748555712401867 5.539282202720642 0.3257462233304977 0 0 0 0 0.1957797855138779 0 0 12.51348042488098 7.800979778170586 11.77012047916651 218.3975693210959 23.99455507099628 486.9180010706186 69.20992948114872 170.9277289733291 135.2062316387892 8.692901387810707 124.1906766220927 26.93559134751558 12.06218852102757 24.53461612015963 5.370638690888882 8.696301460266113 2.168618522584438 0.2866216897964478 6.979893572628498 11.59675771743059 1.908014729619026
40.99178788810968 16.03709731251001 13.7143030539155 200.7490648627281 51.38925544172525 73.45915725827217 283.7273677438498 1.850230887532234 59.17757535725832 2313.346132896841 25.78042585402727 0 2610.833412721753 228.9350648969412 12.37086261063814 6.980348683893681 0.4377966597676277 0.136173889040947 0 1.173649594187737 0 1.146508038043976 0 0 0 0.832039549946785 0.1961655169725418 0.8298351019620895 0.4188665077090263 0 29.4275431856513 6.065437391400337 46.68270736932755 0.4998399466276169 0.1392344981431961 0 87.55202151089907 3.139275774359703 6.945297166705132 2.074386611580849 12.74553445726633 11.06453390419483 1.200181126594543 1.772633031010628 0.4356324970722198 0.7493574395775795 49.68274250626564 2.429907619953156 0.2419646605849266 0.2182330787181854 0 0 0 2.948346868157387 2.034631684422493 1.814608298242092 5.267193108797073 12.07362848520279 4.92369519174099 10.10570719093084 0.6841671019792557 0 0.1697451323270798 15.87208165228367 0 0.3912147879600525 0 0.2058378532528877 1.530506566166878 6.014310017228127 387.4681849479675 13.70055703818798 0 16.38776762783527 18.96583633869886 39.71441313624382 48.85810995846987 9.183554515242577 0.2413420379161835 76.96938148140907 0.9020978361368179 2.23297381401062 2.945350609719753 0.1898398771882057 0.4718830958008766 0.4945808798074722 0.7498837634921074 0 0.08313493430614471 0 0 0.9825006276369095 2.366657063364983 0 0.50438242405653 2537.644802294672 18.13818520307541 0.1676782369613647 11.70010736584663 34.89326717704535 3.955624334514141 3.479731783270836 4.050999879837036 2.1212078332901 19.84102978557348 15.95309364795685 3.96840800344944 22.94636671245098 39.54833989590406 25.87433160841465 9.530695900321007 125.8021329790354 135.4981093257666 195.7811303734779 65.24547544121742 1.354062736034393 1.221124120056629 0 0.6049874424934387 0 0 0 0 0 0 0 0 0 0 0 0 0.1451835036277771 0 0 36.78912729769945 15.86487264931202 0 0 0 17.66365348547697 0.6679984331130981 7.920599080622196 2.926216386258602 0.1337621808052063 0 0 0 0 0.6418130472302437 0 0 3.142327442765236 11.97859574854374 0.4611423909664154 0 0 0.1337836980819702 0.1227158084511757 0 0.31043741106987 0 1.365282543003559 2.805428184568882 0.1338048130273819 0.1249318271875381 0 5.478204071521759 6.708251297473907 0.3615321591496468 0.2199153527617455 0.0816010907292366 0 0.09911870956420898 0 0 0 84.58036044985056 1.125467598438263 0 0 0 13.71725926548243 0.1320929676294327 0.735530748963356 3.381416939198971 9.106297388672829 10.52219765633345 4.254326552152634 2.714338235557079 0.1861503347754478 0 0 0 0.090499646961689 0 0 0 44.07589802891016 7.450728572905064 5.237895458936691 124.1955214217305 2.998133197426796 155.3945339173079 17.6745239123702 154.2010523974895 36.92452002316713 1.642237111926079 71.15446757525206 19.80168004333973 3.211308591067791 17.33722689002752 2.168777659535408 20.21159741282463 0.7968237400054932 0 6.338337063789368 2.814544975757599 0.4090277254581451
249.2837109938264 782.2935058772564 223.809569247067 2092.498934060335 798.0050284489989 124.9480918422341 4415.877232864499 67.82672976702452 1169.499097563326 8056.722317002714 843.4270672723651 2610.833412721753 0 1428.587429456413 55.25885694473982 28.55037347227335 2.906421132385731 0.6773011982440948 0 2.134469866752625 3.154290921986103 1.40806582570076 0.8475884348154068 0 1.250045485794544 2.624097555875778 1.005705967545509 1.535028554499149 0.5605356097221375 0.3099642246961594 621.5279482454062 45.34641066938639 148.4135815128684 1.644338637590408 1.286953002214432 0.2153171226382256 117.9968400746584 5.452648527920246 12.736044280231 4.460140950977802 16.24596683681011 6.423668697476387 4.102109633386135 6.463565915822983 1.597288995981216 1.500835977494717 348.1181543394923 16.04638816416264 1.473857820034027 3.722286313772202 0.5441247522830963 0.4521182477474213 1.294987052679062 3.749071277678013 24.93553256988525 17.35382235795259 56.71560814976692 217.7108809947968 49.77499407529831 128.1369209960103 0.6764443218708038 1.713754534721375 0.1347553879022598 92.17244467139244 6.905869610607624 3.441879853606224 1.248044207692146 1.413694880902767 4.979653961956501 23.98616353422403 607.3458451703191 27.87805387377739 0.1663312911987305 169.3846203014255 176.1206579506397 346.2450570613146 301.6189657896757 40.99797456711531 3.337966106832027 133.8173559829593 4.302186772227287 21.91685422509909 29.93101422488689 1.07334078848362 6.111561760306358 5.851266168057919 8.10199823230505 0.1415482461452484 0.3884292766451836 0.1076181456446648 0.6488382816314697 0.2356710880994797 3.386968903243542 0.8318603932857513 4.378567308187485 3756.808075301349 33.13157393038273 0.8736115694046021 19.49870084971189 68.1646614074707 8.608050040900707 5.061554446816444 12.40808475017548 3.489422917366028 68.4580717459321 46.50359726697206 19.60968799889088 48.44028748571873 118.2515828981996 80.21666265279055 23.55095674097538 353.7997846677899 403.8159639760852 473.1289846226573 179.2217292115092 5.671352833509445 1.8543356731534 0.2884158194065094 0.6898876056075096 0 0 0 0 0 0 0 0 0 0.5175198316574097 0 0 0.129163384437561 0.3705233633518219 0 82.35182177275419 29.84666123986244 0 0 0 39.71360251307487 1.792275793850422 19.66609498113394 6.140334032475948 0.6712221428751945 0 0 0 0.4982480853796005 1.05841226130724 0.2354846149682999 0 16.60324936360121 36.03602958470583 1.343585722148418 0 0 0.549492634832859 0.1280910074710846 0.7418209314346313 2.237821608781815 0.0962633341550827 2.384898707270622 13.34487865865231 0 0.3129812180995941 0.1422551423311234 28.47761287540197 14.53364721685648 1.956013217568398 1.132750205695629 0.2785275354981422 0.8208500370383263 0 0.1293665617704391 0 0.3657108396291733 228.5699018388987 3.703059837222099 0 0 0.2984603941440582 31.86541700363159 2.542370043694973 1.915336951613426 16.01037640869617 20.23560497909784 31.8028238043189 6.720270775258541 7.647948324680328 1.765138611197472 0.2119632214307785 0 0 0.2762386500835419 0.4066144973039627 0.2537040412425995 0 108.6608650460839 13.71834389865398 9.740387968719006 517.1653056591749 34.36855486780405 885.2700902372599 139.4620287269354 401.3516822531819 288.0508923977613 19.32685368508101 285.165409065783 68.91056676208973 35.12002123892307 49.30924718081951 10.99770990759134 62.65274061262608 8.253838457167149 0.8643349707126617 23.75820062309504 21.3261297494173 1.460342407226562
279.1743506267667 993.4335699155927 549.6008088514209 64.59014961123466 1677.925931036472 44.06106108427048 964.4623323529959 330.4320804476738 2165.683819830418 225.9279157742858 3177.165239408612 228.9350648969412 1428.587429456413 0 63.20120394974947 42.44595842808485 3.402872957289219 0.2733049839735031 0 3.456029742956161 3.747265860438347 4.639542430639267 2.111505791544914 0.1239309310913086 4.368937641382217 2.140537440776825 1.31414345651865 1.817420437932014 2.040659241378307 0.7609339356422424 1111.077696688473 72.67451410740614 976.265939578414 1.811416134238243 1.595253348350525 0.9834625944495201 1018.605148904026 39.31485620141029 86.09456329792738 10.32453912496567 78.20953741669655 32.33832377940416 6.863143779337406 12.30042327940464 3.352150976657867 5.708458714187145 274.8302604109049 12.68755973130465 2.26275485008955 3.825736507773399 0.2968799024820328 2.431721761822701 0 5.896278791129589 15.78482318669558 12.75719213485718 58.81949616223574 258.5723616555333 43.19922912865877 94.10623628646135 3.831451252102852 16.63336139172316 0.7140775248408318 101.0522445887327 7.05957256257534 3.313649743795395 1.072692766785622 2.333858802914619 9.381891362369061 61.26708110421896 1550.520597413182 83.29782935231924 0.1729950308799744 149.1921683698893 166.2392775788903 280.2126861736178 287.0135749429464 59.42356891185045 9.838967382907867 747.0480533540249 5.562198027968407 33.96616618335247 24.07775989174843 0.8446085974574089 5.260587126016617 4.211096487939358 8.013027273118496 0.5429324731230736 0.1359114497900009 0.1549223363399506 0.8818189352750778 0.7729161903262138 10.19090058654547 1.821793757379055 13.68730647861958 1357.389620609581 53.51718594878912 1.008266285061836 62.41946424543858 77.08749420195818 5.327406689524651 1.319881543517113 5.898961111903191 2.259188190102577 19.40026679635048 13.09128008037806 3.707059189677238 14.72985938936472 31.63465277850628 23.34860926866531 9.7849141061306 112.1288225799799 148.7514612004161 199.9115574508905 81.25302822887897 3.573033779859543 2.794366367161274 0 1.013912551105022 0 0 0.128651961684227 0 0 0 0 0 0.5120026990771294 0 0.4437540918588638 0.1572005152702332 0.1165711209177971 0.8244558274745941 0 30.20613247156143 22.89945433288813 0 0 0.1263191699981689 41.91533858329058 1.096153192222118 18.99826726317406 13.32583274692297 1.498698346316814 0 0.1449078172445297 0 0.6702688336372375 0.5662855952978134 0.1791184395551682 0 8.739841692149639 22.65921700745821 0.5143637135624886 0 0.1776470243930817 1.447079829871655 0.3676472902297974 0.3946970552206039 0.4781593680381775 0.4516744315624237 1.97120775282383 4.367755718529224 0 0.3247778415679932 0.1666024476289749 21.36108224838972 11.70777078717947 1.084345668554306 0.5592385828495026 0.1350219398736954 0.4816624000668526 0 0.2458015531301498 0 0 150.7621796280146 6.124169193208218 0 0 0 20.81381160020828 2.793989412486553 2.207739412784576 8.28383257240057 11.22219271957874 20.48985126614571 2.910729721188545 9.154567733407021 1.522079944610596 0 0 0 0.2044550478458405 0 0 0 43.88871729373932 10.06770351529121 17.12407445162535 424.6610661894083 22.94693995267153 730.2454955875874 92.66446725279093 287.6991349831223 201.8380449786782 16.30616412311792 242.8102470636368 50.46831914782524 19.39988286793232 29.95370464026928 5.105076335370541 15.09379451721907 3.900094859302044 0.5149601399898529 15.67077061533928 14.77382450550795 2.348938062787056
