0 3550.944399923086 668.2494372278452 535.1689680963755 577.0725749582052 48.2713108509779 1561.453267037868 92.82680802792311 272.576875731349 733.9864177033305 694.9957948699594 235.1843603774905 199.9849332049489 252.5804647356272 1.910387821495533 0.3980982080101967 0.2969914227724075 0.32096116989851 0 0 0.2737226784229279 0.58951485902071 0 0.2108543068170547 0.1120256707072258 1.417816288769245 0.5075080394744873 0.7701577544212341 0.3678758293390274 0.1167546808719635 360.7578632831573 10.88861732184887 8.994994297623634 0 0 0.9290611296892166 8.784510731697083 0.4567267075181007 0.3171404227614403 2.340611852705479 1.004441395401955 0.4300826787948608 0 0.5882985964417458 0.2499899864196777 0.4029523357748985 12.88157615810633 4.417826354503632 0.103697270154953 0.2501026168465614 2.250857636332512 1.476265452802181 0 0.1511161923408508 5.856331162154675 9.300162263214588 194.596036285162 1147.15709952265 49.55434003472328 25.83912858366966 0.1038957983255386 0.3691173121333122 0 4.98248229175806 4.831929706037045 3.668983474373817 2.036615148186684 0.8826900348067284 0 0.2410195171833038 12.41310389339924 0.2971051707863808 0 102.6376762017608 49.06485050916672 12.44092339277267 3.516342245042324 0.19744972884655 2.274976916611195 20.80397298932076 0.6036561280488968 4.762252308428288 8.207939319312572 0.4774062260985374 2.559244900941849 5.88998981565237 1.581314578652382 0 1.340878769755363 0.6488625705242157 0.1074610278010368 0 0.7676558271050453 1.232887051999569 0.3636587783694267 74.05909505486488 4.078422158956528 0 0 693.0602820068598 0 0.1035094484686852 0 0 0 0.4710055813193321 0 0.5917004644870758 0.7357952445745468 0.3548553362488747 0 0.9627105593681335 0.9724784642457962 0.4214253798127174 2.380022630095482 0 0 0 0 0 0 0 0 0 0 0.1234526634216309 0 0 0 0 0 0 0.1616997271776199 0 0 0 0.1089382171630859 0 0 0.371272087097168 0 0.2452706694602966 0.103779062628746 0 0 0 0 0 0 0 0 0 0 0 0 0.1208311915397644 0 0 0 0 0 0 0 0 0 0 0.4548907056450844 0 0 0 0 0 0 0 0 0 1.747060909867287 0.2130242362618446 0 0 0 0.5869884938001633 0.1210946664214134 0.1487706452608109 0 0 0 0.1193211302161217 0 0 0 0 0 0.1547710299491882 0 0 0 0.6124549806118011 0.3792102262377739 0.3078106716275215 17.06193368136883 7.54886045306921 104.4548285678029 27.25117330253124 991.8482044935226 30.11334768682718 1.724565379321575 3.628289081156254 0.6714036166667938 0 0.403687372803688 0 0.6592361778020859 0 0 0.1748713999986649 0.6710391566157341 0.1830287426710129
3550.944399923086 0 1734.295780926943 169.0729177594185 4574.462536096573 153.705155543983 2687.635929964483 324.8452793583274 4545.562642164528 173.6452740430832 4884.551316075027 55.60822687298059 358.9603821709752 1278.458698600531 35.07434282451868 1.887803956866264 1.157840982079506 1.270640634000301 0.2643623352050781 1.41211175173521 1.404579900205135 1.122517973184586 0.3546944335103035 1.528145186603069 0.7147522196173668 3.513218715786934 2.017663918435574 1.645814068615437 2.136549726128578 0.6032404005527496 901.2249338850379 5.23866456001997 22.38517204672098 0.463008739054203 0.2003049552440643 1.199994169175625 16.05240570008755 1.623469963669777 0.8421492949128151 4.159922353923321 2.41364885866642 2.978137351572514 0.2022086828947067 1.917216621339321 0.7133658081293106 1.396310888230801 162.995467543602 35.49551361054182 2.387496903538704 0.3407295048236847 13.30128106474876 0.5074663162231445 0.3724905997514725 2.128558918833733 36.10953219980001 47.26538887619972 88.31799169629812 1119.97507815063 55.35502173006535 214.3864271938801 1.18616096675396 1.698798306286335 0 103.3636826276779 41.66504663974047 27.13885077834129 21.89394279569387 10.85548298060894 0.4192872121930122 0.7817729711532593 10.81309366226196 2.185028746724129 0.1111472770571709 335.137684866786 478.187908206135 283.275237813592 101.4452761039138 2.739090636372566 4.74013751745224 34.00654857605696 3.781448483467102 9.715222120285034 60.5597962886095 1.319141201674938 25.03170141577721 33.96505556255579 17.29921163618565 0.1164344623684883 5.127721413969994 0 2.437256820499897 0.8660066053271294 3.990774512290955 6.102614976465702 1.741062298417091 81.68271178752184 0.9898588210344315 0 0.5792155861854553 615.3430818989873 0.1089314520359039 0.4489559233188629 0.1698542237281799 0.2883855998516083 0 9.772404223680496 1.448917612433434 5.915567569434643 1.205936416983604 4.886611312627792 0.6314145177602768 12.6660411208868 10.00178687274456 6.55424127727747 7.031628340482712 0 0.1626010686159134 0 0 0 0 0 0 0 0.2574519515037537 0 0 0 0 0 0.2013206332921982 0 0 0 0 0 0 0.1224904209375381 0 2.888654738664627 0 0.2162007689476013 0.2243849709630013 0 0 0.5732021331787109 0 0 0 0 0 0.9825431555509567 0.5505901575088501 0 0 0 0 0 0 0.3946272283792496 0 0 0.4145427346229553 0 0 0 2.754597812891006 0 0 0.1390150934457779 0 0.1107490435242653 0 0 0 0.2308707386255264 4.709497518837452 0.2800584584474564 0 0.2598289549350739 0 2.354682929813862 0 0.1339585781097412 0.3933751732110977 0 0 0 0 0.1816311925649643 0.08219753205776215 0.08112590759992599 0 0.08316557854413986 0 0 0 6.606564678251743 0.5580147281289101 0.10935889929533 148.2172311097383 29.62062769383192 671.6123320534825 129.1333567686379 948.5347114130855 95.22110623121262 10.15993636846542 60.87139178067446 10.05535899102688 0.08416622877120972 0.6155899167060852 0 9.201191410422325 0 0.1278543770313263 0.1048529222607613 8.779265679419041 0.4579469263553619
668.2494372278452 1734.295780926943 0 0 449.3696050867438 0.5242921113967896 7.754920296370983 1274.692838549614 285.0149215906858 0.6735791712999344 3568.670499257743 5.52311310172081 39.56127512454987 247.6503182351589 5.571988999843597 1.591700166463852 0 0.4085643738508224 0 0.3769430369138718 5.107647523283958 0.5266406461596489 11.74842903017998 6.527466848492622 3.876160085201263 21.27002353966236 9.388374485075474 4.461784973740578 2.154942773282528 1.998466283082962 3655.874366559088 145.5048738047481 31.87757243961096 0.1776052415370941 3.689631775021553 2.568228557705879 22.12690291553736 3.280248522758484 0.4654945954680443 4.632358066737652 8.378355950117111 3.445877805352211 0 1.36784839630127 0.1915596723556519 1.772964112460613 21.09694378823042 4.00068511813879 0.5358578041195869 0.09152244031429291 1.13551902025938 0.7549805268645287 0.232103057205677 1.202285505831242 5.229232467710972 10.29924689978361 28.56592761725187 1004.862679354846 18.80001297593117 34.55265189707279 14.1726877912879 2.198800124228001 0.6495415866374969 619.2464251890779 5.420497603714466 3.886683635413647 2.756516553461552 1.201209180057049 0.1355686187744141 2.489128589630127 7.087288901209831 0.7486292123794556 0 93.07221522927284 190.020798817277 30.63767666369677 23.80141601711512 0.4075333550572395 71.41145601123571 139.9404660835862 17.72705396264791 91.82097352296114 8.719706542789936 0.1696576848626137 3.74988965690136 5.033446833491325 2.273604549467564 0.08843932300806046 0.1700112074613571 0.2093842104077339 0.2738812193274498 0.1561720669269562 10.39419858157635 5.313590109348297 0.4367131888866425 25.25633242726326 0.1159697398543358 0 0 74.46180833876133 0 0 0 0 0 0.7582836002111435 0 1.180858798325062 0.1400382816791534 0 0 1.711658358573914 2.063857644796371 0.2758887112140656 2.157931335270405 0 0 0 0 0 0 0.188446581363678 0 0 0 0.2620827257633209 0 0 0 0 0.2320626378059387 0 0 0 0 0 0 0 0 0.8607081100344658 0 0.6703631207346916 0.101372554898262 0 0.2824514508247375 0.2879852652549744 0 0 0 0 0 0 0 0 0.09981972724199295 0 0 0.09727054834365845 0 0 0 0 0 0 0 0 0.8094748258590698 0 0 0 0 0.1111462190747261 0 0 0 0 2.547279484570026 0 0 0 0 0.4455566927790642 0 0.5613312721252441 0 0 0 0 0 0 0 0 0 0 0 0 0 0.7530411630868912 0.1339695155620575 0.3319058045744896 29.69477216899395 6.070807293057442 92.62394092231989 20.79787971824408 70.22650337219238 12.22395677864552 2.242216177284718 7.371347732841969 0.9697228223085403 0 0.3887729123234749 0.09798780828714371 1.725343778729439 0 0.1852300614118576 0.2985138446092606 0.5216237306594849 0
535.1689680963755 169.0729177594185 0 0 149.2492265105247 141.824114061892 2879.123807311058 0 428.2280371114612 939.93252196908 0.9049267023801804 440.1083262115717 977.9197906255722 138.8417913764715 1.454018600285053 0 0 0 0 0 0 0 0 0.1126093417406082 0 0.1171541884541512 0.0880221351981163 0 0 0 7.694803476333618 0 0 0 0 0 0 0 0 0 0 0 0 0.1937669739127159 0 0 4.893647693097591 1.107018657028675 0.1168089583516121 0 0.2216174826025963 0 0 0 1.380338318645954 2.244639478623867 8.801769971847534 42.84911516308784 2.435838840901852 5.477987326681614 0 0 0 0.6699621751904488 0.9246108010411263 0.8362766429781914 0.8717251718044281 0.376784585416317 0 0.08426203578710556 1.087490454316139 0 0 10.72786208987236 8.586630538105965 6.615088030695915 1.603390634059906 0 0.07806327193975449 0.1019341722130775 0 0.09030957520008087 1.371793903410435 0.1828389093279839 0.3639232218265533 0.9704128801822662 0.3237515836954117 0 0.1751363202929497 0 0 0.1050061210989952 0 0.2435859739780426 0.09104155749082565 11.0544808357954 0 0 0 158.2212507873774 0 0 0 0 0 3.394242450594902 0 1.814053848385811 0.3632138967514038 1.376976862549782 0 0.6391651928424835 0.7839936763048172 0.1864322423934937 1.483329355716705 0 0 0 0 0 0 0 0 0 0 0 0 0 0 0 0 0 0 0 0 0 0 0 0 0.2449902147054672 0 0 0 0 0 0 0 0 0 0 0 0 0 0 0 0 0 0 0 0 0 0 0 0 0 0 0 0 0 0 0 0 0 0 0 0 0.1627211421728134 0 0 0 0 0 0 0.1273306608200073 0 0 0 0 0 0 0 0 0 0 0 0 0 0 0 0 4.308377325534821 0.525484561920166 25.21444297581911 3.679314203560352 307.0167643278837 4.437913030385971 0.2661678791046143 3.670921191573143 1.210695892572403 0 0 0 0.7539659589529037 0 0 0 0.6536894142627716 0
577.0725749582052 4574.462536096573 449.3696050867438 149.2492265105247 0 59.88803514093161 1008.26898983866 86.23061181604862 5322.877890102565 446.1303807869554 1423.792159236968 34.16858863085508 160.3909666240215 451.8095790445805 52.81375825032592 2.264623776078224 0.4435001090168953 0.5368650332093239 0.07504726201295853 1.372380442917347 1.345548674464226 0.1348008513450623 0.4046587646007538 0.3490242660045624 0 3.752320878207684 0.266039066016674 1.323436714708805 1.052168555557728 0.3778788521885872 202.5074978396297 12.37894625961781 6.550479225814342 0.8270096406340599 0.2524943128228188 0.8879047334194183 5.159598559141159 0.9168770089745522 0.9160013869404793 1.252218127250671 1.062375709414482 2.423634946346283 0.1813958063721657 2.161917336285114 0.9777450785040855 1.635441668331623 205.3655658662319 27.92774778604507 2.557576641440392 0.6691689193248749 10.51553183048964 0.1250705420970917 0.2150302901864052 0.2123999893665314 19.15963542461395 28.53531499952078 24.51972149312496 362.4446244835854 23.18637137115002 168.2600277662277 0.3771683126688004 3.297295980155468 0.5269625931978226 145.7780715152621 23.18370085209608 15.7564163506031 15.00486259162426 6.167993634939194 0.6834618002176285 0.7018529400229454 9.680152125656605 0.2642463743686676 0 161.9856618046761 375.1352697685361 305.680111669004 166.8106919825077 1.611404322087765 2.040732339024544 11.92505314201117 2.860355526208878 8.501057833433151 41.01148760318756 0.5582094788551331 14.67232899367809 22.67341420799494 11.99852284789085 0 3.582540862262249 0 1.332904450595379 0.5799931064248085 1.480939514935017 5.617176786065102 2.080587208271027 128.4228785261512 0.367576539516449 0 0.3602254167199135 66.48479384183884 0 2.316893726587296 2.086964011192322 2.848359555006027 0.6664153933525085 28.98800499737263 5.012800022959709 27.88367857038975 10.7956672757864 21.0124132335186 1.272512391209602 57.12665338814259 39.1579704284668 16.07899958640337 24.94664204120636 0.3692851364612579 0.1489854454994202 0 0 0 0 0 0 0 0 0 0.4400131106376648 0 0 0 0.1567394584417343 0 0.4403095543384552 0 0.2283745557069778 0 0.1532520204782486 0 0 3.810972929000854 0.1848802864551544 1.919814959168434 0.2626920938491821 0 0 0.2392736375331879 0 0 0 0 0 0.5531910061836243 0.160206526517868 0.127750888466835 0 0 0 0 0.3021475076675415 0 0 0 0.3520358204841614 0 0 0.3154249489307404 6.124651230871677 0 0.6427380591630936 0.3759704232215881 0 0 0.1515863984823227 0 0.3406017422676086 0 18.11016644537449 0 0 0 0 4.649222642183304 0.177344024181366 1.682934522628784 1.005208685994148 0.6518532335758209 0.7942326962947845 0 0 0 0 0.1058716103434563 0 0.08433216065168381 0 0 0 22.87687683105469 2.129497721791267 0.325859323143959 220.0131616443396 29.77121238410473 518.8533814176917 98.10892628878355 239.3519397825003 61.00899802148342 8.125220373272896 98.0742556899786 23.28695546835661 0.3154677078127861 3.663253597915173 0.4346453100442886 40.56303691864014 0 0 1.4539974629879 17.50676053017378 0.698313869535923
48.2713108509779 153.705155543983 0.5242921113967896 141.824114061892 59.88803514093161 0 567.7537399828434 0 129.8132872804999 575.0503192692995 4.639836147427559 333.408258959651 209.7396321296692 89.39537682384253 0.5488062649965286 0 0 0 0 0 0 1.726504534482956 0 0 0 0 0.2519686818122864 0 0 0 5.055045448243618 0 6.667092949151993 0 0 0.5036103129386902 21.00458342581987 0.6406035274267197 3.976373732089996 0.8238566219806671 0 0 0 0 0 0 1.322589308023453 0.3487244546413422 0 0 0 29.81583930552006 0.5140833258628845 0.7599781304597855 0 0 34.35383103787899 32.67442264407873 5.428471937775612 0.3501798585057259 0 1.582181766629219 0 0.3580833747982979 0 0.1995833590626717 0 0 0 0 95.68896393477917 106.9125647842884 5.726619988679886 0.5415388494729996 0.5984461084008217 0.8463833853602409 0 0 0.228096216917038 4.289029031991959 0 2.067757204174995 0.1782522574067116 0.1934333443641663 0 0.2063636630773544 0 4.16004803776741 0 15.55266833305359 0 0.2180404812097549 0 0 0.5840425193309784 312.1599559038877 32.64053604006767 5.867745473980904 10.5988857448101 236.9525253176689 0 0 0.4407253563404083 0 0 1.094859749078751 0 0.1388989239931107 0 0.7210463434457779 0 2.276803940534592 0 0.7510915398597717 0.5922743529081345 0 0 0 0 0 0 0 0 0 0 0 0.1944336444139481 0 0 0 0 0 0 0 0 0 0 0 0 0.1853453069925308 0 0 0 0 0 0 0 0 0 0 0 0 0 0 0 0 0 0 0 0 0 0 0 0 0 0 0.7491692751646042 0 0 0 0 0 0 0.121528796851635 0 0 0 0 0 0 0 0 0 0 0 0 0 0 0 0 0 0 0 0 0 0 0 0.1284021884202957 0 0 1.00706535577774 0.2623607218265533 0.932291604578495 0 142.4715283215046 6.558454774320126 0.2058742344379425 0.5680524408817291 0.3662024140357971 0 0.5120145678520203 0 0.1450698524713516 0 0 0 0 0
1561.453267037868 2687.635929964483 7.754920296370983 2879.123807311058 1008.26898983866 567.7537399828434 0 2.147849850356579 2806.445782668889 4211.747861675918 27.50803878158331 386.8808712437749 1645.073230192065 829.0645290389657 65.16937825083733 2.266091361641884 0.585115522146225 1.40467045456171 0.541172668337822 1.953380987048149 1.709289416670799 0 0.4578211456537247 0.287097342312336 0.6703985631465912 5.42901686578989 1.581972748041153 1.696364171802998 0.6780601292848587 0.3458522707223892 105.6433506533504 1.320837765932083 9.389734379947186 0.5973223596811295 0.8961708396673203 0.7865545973181725 8.312713287770748 0.6489973813295364 0.9661074802279472 0.7790792658925056 1.468592941761017 2.084997206926346 0.1381700485944748 2.028930149972439 0.7068228870630264 1.591577440500259 256.7956476956606 31.86764214932919 2.948009692132473 0.232524499297142 13.95135193318129 0.5660252422094345 0.1939417868852615 0.769617035984993 26.4377152249217 41.66045796126127 50.88238243758678 409.1428083702922 35.13010314106941 212.7171517834067 0.1954053416848183 1.725289940834045 0.1513900309801102 98.05403172969818 32.67675613611937 27.78890515863895 19.8292968198657 9.221602901816368 0.7908177003264427 1.437290780246258 15.86820730566978 0.5303607434034348 0 217.7806775569916 404.7666775509715 342.7920550107956 174.1089194417 2.887639880180359 2.572191722691059 23.07943291962147 2.096746228635311 13.6436997205019 60.01792219281197 1.21732884645462 16.46200603991747 26.70962429791689 15.44154287874699 0.1929402053356171 5.56774614751339 0.1294075548648834 2.749403670430183 1.43804194778204 2.379309557378292 5.656559213995934 1.63880268484354 319.6580417603254 0 0 0 484.1767736077309 1.281587466597557 11.64465834200382 39.77159932255745 31.38039110600948 0 60.26558598130941 15.92564299702644 62.99591564387083 24.02267664670944 31.23999257385731 3.787811443209648 131.1942085400224 64.60221052914858 30.94422226399183 44.05880158394575 0 0 0 0 0 0 0 0 0.1178611740469933 0 0 0 0.4241323173046112 0.7746638655662537 0 0.5385189205408096 0 0 0.2485947012901306 1.405945807695389 0.3364140093326569 0 0 0 7.613503508269787 0.1335222274065018 2.930678561329842 0 0.2487057149410248 0 0 0 0 0 0 0 2.407684072852135 1.17153736948967 0 0 0 0 0 0.5389373749494553 0.5877076238393784 0 0.5575512945652008 3.373584277927876 0 0 0 13.44562950730324 0.8786902576684952 0.4542618840932846 0.3927134498953819 0.1903054788708687 0.09824418276548386 0 0.381441056728363 0 0.5590900182723999 30.20463419705629 0.2025936245918274 0 0.0952751561999321 0.09503846615552902 7.417232438921928 1.689560577273369 2.887257441878319 3.587476253509521 1.055728986859322 1.276309505105019 0.6727181971073151 0.4911307394504547 0.2573199719190598 0.2153772115707397 0.09809999167919159 0 0.2014355659484863 0 0.2601760625839233 0 32.70141591131687 1.623728394508362 1.577730409801006 304.2109650298953 39.66558706760406 775.3850631117821 134.8136550299823 1371.996118456125 89.14065490663052 8.847452662885189 151.7910568490624 38.76089280098677 0.3248017132282257 12.53684636205435 1.052842810750008 93.69453193247318 0.189828172326088 0.2306734919548035 2.133692264556885 20.75373214483261 1.575770378112793
92.82680802792311 324.8452793583274 1274.692838549614 0 86.23061181604862 0 2.147849850356579 0 348.1812373548746 0 1846.977011159062 4.765114426612854 31.0798387825489 123.4261292889714 20.53338015824556 5.46004343777895 0.3804463520646095 0.9871274158358574 0.4041358828544617 9.622801899909973 95.57753828912973 0.3293771892786026 215.691550090909 110.2858916372061 29.71903102844954 462.9800018519163 218.1341501921415 21.81644915044308 2.830571502447128 18.03065423667431 1420.96357421577 2288.149988129735 42.4336411356926 3.084607802331448 136.0735098198056 11.70694909989834 22.10388401150703 11.06330647319555 0.3093340471386909 16.18765893578529 154.353726580739 68.206911213696 1.835283420979977 10.5952026322484 2.256432481110096 51.67580360174179 69.01889707148075 2.450180247426033 2.444616355001926 2.410873040556908 2.971468180418015 0.2578659653663635 0 0.5032282620668411 3.927087880671024 4.574480563402176 9.801724001765251 450.7446991354227 10.00894974172115 28.72639695554972 364.2349860966206 87.64256480336189 56.11564146727324 1113.958948075771 3.683386623859406 2.236539080739021 2.373160138726234 1.662973910570145 0.4525629281997681 53.94414019584656 3.349618583917618 0.6971878111362457 0 55.77896086871624 240.5714840516448 61.57657206058502 126.0603634640574 111.407824806869 1518.689856424928 621.9955366104841 796.3410192131996 4360.234524510801 5.377426199615002 0 1.827411741018295 1.943883247673512 2.750114783644676 0 2.198788806796074 0.2236475944519043 0.2395872473716736 0.6708437204360962 105.667939811945 61.30477189272642 1.726361535489559 9.367966622114182 0 0 0 8.26059740036726 0 0 0 0 0 0.3569048345088959 0 0.9309810549020767 0 0.6915018707513809 0 1.973318219184875 0.6561612784862518 0.1390857696533203 1.937185138463974 0 0 0 0 0 0 0.4061913415789604 0.2159982919692993 0 0 2.173402085900307 0 0 0.1623796969652176 0 0.8656280338764191 0 0.9125737398862839 0 0 0 0 0 0 0.3072783797979355 0 0.1255825310945511 0.4362435042858124 0 0.4963061362504959 0.1521050631999969 0 0 0 0 0.7166264057159424 0.2783190608024597 0 0 0 0.2471937239170074 0.194030687212944 2.698808282613754 0 0 0 0 0 0 0 0 0.7759283557534218 0 0 0 0 0 0 0 0 0.9176540225744247 1.477584883570671 0 0 0 0.4242736250162125 0.120010994374752 0 0.3440790995955467 0.2816540896892548 0 0 0 0 0 0 0 0 0.2223466485738754 0 0.3785766959190369 0 1.456675358116627 0.3727933168411255 0.3485335111618042 71.98689970374107 11.61050909757614 120.5817711427808 13.43229011446238 22.45190723985434 8.869307667016983 1.496288508176804 29.39604885876179 0.9500825479626656 0 0.2201580703258514 0 0 0 0 0 5.154758840799332 0.8063543438911438
272.576875731349 4545.562642164528 285.0149215906858 428.2280371114612 5322.877890102565 129.8132872804999 2806.445782668889 348.1812373548746 0 1302.374418161809 1499.737815257162 223.1972534507513 814.74653840065 671.3413020446897 81.98737667500973 6.241988807916641 0.9279733300209045 0.7879323661327362 0.2973373606801033 1.352440118789673 1.574534706771374 1.145905286073685 1.006166234612465 1.065612509846687 0.9643100500106812 6.881495133042336 3.046976916491985 2.176914513111115 3.624542385339737 0.5222330242395401 92.50965970754623 9.002389192581177 37.65684720128775 0.5309082865715027 1.953414268791676 1.041873894631863 20.39341091364622 2.323372177779675 1.346788220107555 3.350274503231049 3.62328989058733 1.866252928972244 0.4040070325136185 2.999057866632938 0.3008244335651398 1.924308978021145 300.8402601107955 13.93092306703329 1.271561354398727 0.2232292965054512 8.029199041426182 0.3075558245182037 1.704765111207962 1.928061835467815 11.05493058264256 17.98178662359715 19.33897135406733 141.6114547103643 15.1237865909934 112.5173744857311 0.8097544237971306 2.098263338208199 0.6093397736549377 102.1055470891297 10.63386906683445 10.68990571796894 8.412579212337732 5.252479910850525 0.1053649559617043 1.068769603967667 23.1558835953474 1.28601835668087 0 96.16964869946241 225.811364158988 264.4014170542359 238.9440526515245 5.292251758277416 11.64915684610605 59.19252379983664 2.118888951838017 46.00106339901686 20.81274957954884 0.5037290304899216 7.728431768715382 10.84951383620501 6.738539040088654 0 2.452772498130798 0.1387610286474228 0.933008685708046 0.5148510411381721 2.829257555305958 5.935303837060928 1.205077573657036 572.2274472340941 0.6130787655711174 0 0.7883306741714478 88.0330678075552 1.663335651159286 4.697852909564972 8.890232786536217 4.723675981163979 0.1720984429121017 93.59511552006006 23.94672180712223 112.1397817060351 34.39026395976543 56.42303109914064 3.953896522521973 227.4827755838633 118.3826173171401 57.74975701421499 88.56635441631079 0 0 0 0 0 0 0.1407749652862549 0 0 0 0 0 0.1201354041695595 0.6101505756378174 0 0 0 0 0 0.3669730946421623 0.7104283571243286 0 0.2037761360406876 0.2793756127357483 12.96862319856882 0.3061071038246155 2.291178032755852 1.076891034841537 0.418257936835289 0 0 0 0 0.3120650947093964 0 0 1.625882245600224 0.9576883465051651 0.1909718364477158 0 0 0 0.4995061010122299 1.025663956999779 0.3588557690382004 0 0.8314839974045753 3.908929027616978 1.350073173642159 0.4510001540184021 0.3548087775707245 23.94975939393044 0.121035061776638 0.5714848190546036 0.2593983709812164 0 0.09781849384307861 0 0.1899407655000687 0 0.4655627012252808 66.04840233922005 0.6821361035108566 0 0 0 16.28364166617393 2.322324268519878 6.326676346361637 6.368621669709682 1.259973496198654 1.526100054383278 0.5311194062232971 0.2314431965351105 0 0 0 0 0 0.08127385377883911 0 0 81.28975174576044 3.284442789852619 2.125889323651791 406.7686903253198 27.35465896129608 585.3810393251479 78.17738700658083 342.2787898108363 46.38301448523998 3.4190464168787 223.9347450137138 72.9683393612504 0 19.18379712849855 1.07328961789608 142.5794344842434 0.6780949532985687 0.3744682222604752 4.678438283503056 34.41425809264183 2.009076789021492
733.9864177033305 173.6452740430832 0.6735791712999344 939.93252196908 446.1303807869554 575.0503192692995 4211.747861675918 0 1302.374418161809 0 3.199945226311684 3325.215878345072 6568.404210932553 978.7991551086307 2.564575642347336 0.7139697521924973 0 0 0 0 0.2777965366840363 0.2123758643865585 0 0 0 0 0 0.3084425926208496 0 0.7444377839565277 15.63983009755611 0.7426103055477142 1.140443682670593 0 0 0 1.089358150959015 0 0 0.4845929890871048 0 1.092886596918106 0 0.2089021652936935 0.1064324676990509 0 12.88294304162264 0.8804294392466545 0.1239044517278671 0 0.5173183232545853 0 0.3603471517562866 0.3194663822650909 2.056572444736958 1.55066129565239 56.65522684156895 116.9954826012254 11.4548302963376 9.641230881214142 0 0 0.2167113274335861 2.805351726710796 2.115818291902542 1.017372623085976 0.8321118727326393 0.1137460172176361 0 0 18.90717533230782 0.4181437641382217 0 19.5586734265089 16.49836934357882 12.28576639294624 4.64641098678112 0.1926745921373367 0 2.495018944144249 0.1077485159039497 1.768903315067291 3.516559191048145 0 1.507521711289883 1.136423349380493 0.5851356238126755 0.2379747331142426 0.191249743103981 0 0 0.1968082189559937 0.08913072198629379 1.654308803379536 0.1099875196814537 302.3123411163688 0.419295534491539 0 0 1084.387874938548 0.6227816715836525 1.993948087096214 7.408281177282333 3.224950715899467 0 40.41967795789242 16.22454288601875 56.32075484097004 17.32138465344906 53.91040266305208 2.348303735256195 94.4097253382206 73.64867208153009 27.21025335788727 20.93198155611753 0 0 0 0 0 0 0 0 0 0 0 0 0 0 0 0 0 0 0 1.237737715244293 0.188310518860817 0 0 0 3.798035435378551 0 0.1394410580396652 0 0 0.1247613504528999 0 0 0 0 0 0 0.558133140206337 0.1564668118953705 0 0.148663118481636 0 0 0 0.09704886376857758 0.3419275879859924 0 0.361518532037735 0.7489356249570847 0 0 0 5.072228834033012 0.1090724095702171 0 0.1119553744792938 0.09815827757120132 0 0 0 0 0 14.05603744089603 0 0 0 0 3.833614282310009 0 0.7380781471729279 0.8818620219826698 1.068478420376778 1.193391934037209 0.4803601503372192 0.2094193696975708 0 0 0 0 0 0 0 0 39.45206899940968 0.8419314622879028 0 17.79185847193003 1.357965804636478 50.4655199572444 10.82289373129606 1460.064482696354 9.971724025905132 0.4978652745485306 8.059415027499199 26.49676643311977 0 4.906931787729263 0.6308224722743034 64.09562104940414 0.3416148722171783 0 0.7621742412447929 0.6166228353977203 0
694.9957948699594 4884.551316075027 3568.670499257743 0.9049267023801804 1423.792159236968 4.639836147427559 27.50803878158331 1846.977011159062 1499.737815257162 3.199945226311684 0 40.4618558511138 637.5495349764824 1103.068958029151 80.14489479362965 16.83657602965832 0.8270674198865891 0.9489960968494415 0.5896896347403526 2.779102154076099 2.441125519573689 6.159512206912041 9.183187656104565 4.593984380364418 26.02479956299067 51.57513130456209 44.60399769991636 22.13818331062794 20.46125381439924 8.730377189815044 1171.858785733581 333.1829915046692 371.4416083693504 0.8223206847906113 8.362875774502754 23.14848367869854 236.7900547757745 37.91629375517368 9.724893435835838 65.01610219478607 20.02895702421665 23.57096992433071 0.09137705713510513 9.548260875046253 1.237416841089725 1.827457070350647 241.0563004091382 15.87777733057737 2.210443235933781 1.861626341938972 9.694470919668674 5.653841018676758 4.340330332517624 15.5917776748538 15.09556695073843 22.91951121389866 32.2746718749404 737.6332196295261 27.46695350110531 133.6920762583613 5.49895641207695 32.34457580000162 1.555693775415421 397.1735844835639 18.03229394927621 15.17006818950176 10.55001536756754 5.087106078863144 0.271611362695694 10.38756436854601 69.36520804092288 11.05508429557085 0 168.9799464121461 450.7108419761062 280.4961278811097 250.3767316937447 20.23734109848738 542.0891719534993 1487.022042505443 19.41671093553305 708.4096627347171 31.27950340509415 1.047643907368183 11.11590515822172 14.87787552177906 9.186795011162758 0.2723529040813446 3.664599023759365 0.4245675355195999 1.730681754648685 1.006155036389828 24.04121993482113 35.02425593137741 20.30028390139341 248.5548814311624 1.268683239817619 0.1735794097185135 0 42.35270050168037 0.6222609281539917 1.474519148468971 1.067481771111488 0.2339876294136047 0 6.642879784107208 1.341327279806137 12.26298613846302 6.280736036598682 4.216884076595306 1.830149605870247 32.40546181797981 18.44185998290777 12.03696753829718 32.83758061379194 0 0 0 0 0 0 0 0 0 0.7688682824373245 1.683178246021271 0.1702167987823486 0.1300410330295563 0 0.1456384062767029 2.612497568130493 0 0.4733598381280899 0 0.3558137938380241 0 0 0.2944878488779068 0.1009909361600876 15.30528444051743 0 3.065747432410717 1.342517048120499 0.4146400392055511 1.314487800002098 1.162087380886078 0.1406667232513428 0 0 0 0.1463353037834167 0.6156249269843102 0.1567757725715637 0 0.3914940133690834 0.1453766822814941 0 3.855595946311951 0.08990085124969482 0.2740893363952637 0 0 1.168663211166859 0 0.1373853087425232 0.4404041022062302 11.52688504755497 0.1403743177652359 0 0.1996628195047379 0.3344328030943871 0 0 0 0 1.383687607944012 22.09979417175055 0.7211504727602005 0.1685548424720764 0 0.5399647727608681 6.427723526954651 0.8120677620172501 2.493109807372093 1.749450296163559 0.2287127524614334 0.3493628650903702 0.4471226781606674 0.1099433973431587 0 0 0 0 0.06953928619623184 0.2948788702487946 0.1475585699081421 0 14.91139903664589 6.358920380473137 2.308163173496723 266.6004285663366 32.35592859238386 498.07068830356 83.2984534278512 136.3875180482864 48.99610882997513 4.2432616725564 132.2867810204625 10.97823738306761 0.05772364884614944 3.532655566930771 0 12.09288601577282 0 0.2177398651838303 0.9123015552759171 21.90598142892122 1.316330939531326
235.1843603774905 55.60822687298059 5.52311310172081 440.1083262115717 34.16858863085508 333.408258959651 386.8808712437749 4.765114426612854 223.1972534507513 3325.215878345072 40.4618558511138 0 4235.647726938128 635.3291636034846 12.56221358478069 4.722822658717632 0.1013501212000847 0 0.0694449245929718 0.1357918381690979 0.1846779584884644 5.075031027197838 0 0.8817459344863892 2.231916159391403 2.594203025102615 2.025623232126236 4.959863789379597 6.809976950287819 0.5221599787473679 9.176098383963108 2.006272956728935 10.54542373120785 0 0.4127840995788574 0 53.1247766315937 1.676332801580429 15.64172033965588 5.844136193394661 0 7.292630240321159 0 2.069868795573711 0.1604420095682144 0.2005200833082199 63.02995696663857 3.329360336065292 0.4775951206684113 0 0.6282144114375114 6.048493281006813 2.724066860973835 8.240323051810265 4.229542873799801 4.307752840220928 12.21701806038618 30.03270206600428 6.752392925322056 21.53854998201132 0.4194342270493507 0.3602972328662872 0 6.207267232239246 2.2717080488801 2.232062369585037 1.76448929309845 0.7527722269296646 0.08704237639904022 0.2946085035800934 156.3113058358431 38.32922877371311 0 29.85285687446594 25.054493278265 31.88877446949482 27.64773888140917 2.84394309669733 3.823011182248592 18.27255292236805 0.2055356800556183 26.84940034896135 7.889362305402756 0.425028033554554 1.705088019371033 2.611414976418018 1.409057267010212 0 0.6231867894530296 0.1987727135419846 0 1.694598972797394 2.126400038599968 3.438348665833473 7.689888834953308 1517.48200327158 12.51099964976311 2.520910978317261 1.246787011623383 204.4876685887575 0.3449740558862686 3.095619663596153 5.501145049929619 4.971088528633118 0 56.70015287399292 13.40195967257023 80.23702168464661 16.93813480436802 33.37856806814671 7.37868720293045 155.220264300704 70.1848701313138 46.66557279229164 73.59947218745947 0 0 0 0 0.1152574047446251 0 0 0.4929670095443726 0 0.4755077958106995 0.3273137807846069 0 0.4193961173295975 0.4987565726041794 0 0 0.2283074110746384 0 0 0.6705807372927666 0.2158436179161072 0.1143996194005013 0.1253831386566162 0.1269427835941315 21.25087116658688 0 5.969095952808857 2.341502241790295 0.7016972154378891 0.2978590130805969 1.844190239906311 0 0 0.2144332677125931 0 0 2.990998655557632 0.7940924987196922 0 0 0.2599429786205292 0 0 0.9048982933163643 0.8817291259765625 0.1106204763054848 0.8593350797891617 1.255253955721855 0 0.288232833147049 0.6719685047864914 25.13574071228504 0.6074053347110748 0.3581658005714417 0.8832895159721375 0 0 0 0 0 0.592414878308773 43.3578237965703 1.86245696246624 0 0 0.4505975097417831 16.78096313774586 1.628944367170334 6.200062960386276 3.792746812105179 1.529604330658913 1.895174108445644 0.1784701347351074 0.2574761211872101 0.1656831651926041 0 0 0 0.09304057061672211 0 0.2411751300096512 0 95.33243358135223 12.73049937188625 4.47908741235733 141.3716028630733 7.259156882762909 181.8097241967916 27.01453784108162 636.9235499799252 14.25316511839628 1.967421784996986 76.86337506771088 45.46972186118364 0.3915877714753151 17.00526703894138 2.211415082216263 65.01336650550365 0.4501176774501801 0.2717650830745697 1.540451817214489 9.994717814028263 0
199.9849332049489 358.9603821709752 39.56127512454987 977.9197906255722 160.3909666240215 209.7396321296692 1645.073230192065 31.0798387825489 814.74653840065 6568.404210932553 637.5495349764824 4235.647726938128 0 1974.079579025507 63.53328987956047 28.65776617825031 1.40449196845293 0 0 0.1663389429450035 0.6846254393458366 30.05348287522793 2.495551258325577 2.276073604822159 5.231890454888344 11.63730302453041 7.829984039068222 17.79558133333921 35.92193625867367 7.033429145812988 32.08030308037996 4.940832644701004 296.3264742940664 0 1.931805968284607 18.95259430259466 170.939941637218 38.8014359921217 105.2023322060704 85.72845570743084 2.755246236920357 16.47896674275398 0.222309798002243 9.899244382977486 0.6245442926883698 0.6368466690182686 192.5791796073318 5.241408012807369 3.014999039471149 0.1149537861347198 3.806684777140617 16.88212461769581 44.16073881089687 29.13954482972622 6.486327111721039 6.657819852232933 13.24152784794569 62.71049385517836 10.10068932175636 53.90467021614313 0.4799067080020905 2.740858018398285 0.8016657829284668 30.26014730334282 7.232378788292408 5.374387934803963 3.722657114267349 1.140398994088173 0.4714840948581696 1.904593341052532 367.4355040416121 121.7450657561421 0 44.19127164036036 69.74802393466234 126.4041862785816 117.047199383378 13.0411409214139 23.96870577335358 169.2064283415675 3.563321672379971 86.61925627291203 11.19625040888786 0.570429153740406 5.468322359025478 5.399147465825081 4.200962387025356 0.3311176151037216 0.869518518447876 1.206557258963585 1.030217982828617 3.069655358791351 8.043328836560249 13.29320359230042 18.07610556483269 3088.661349602044 39.11565572023392 4.723935708403587 17.05065333843231 151.6256722211838 2.719671607017517 2.352201655507088 5.595935925841331 4.045769691467285 0.244350865483284 74.98869650065899 13.72952410578728 92.41223823279142 28.24425332248211 34.32306943833828 6.545010566711426 193.3721918314695 111.8548025488853 69.05927290767431 107.4632373005152 0.4231135845184326 1.113375805318356 0 0 0 0 0 0.3073652982711792 0.337220773100853 0.4130520969629288 0 0 0.9987848550081253 0.7730343639850616 0.1628229022026062 1.311170548200607 0.7265334278345108 0.5508917719125748 0.3782859146595001 0.9250491783022881 0.6651458442211151 0 0.2490326166152954 0.3811208456754684 48.99152191728354 2.452618278563023 16.7444731965661 8.231137506663799 2.366127885878086 0.5360333025455475 2.717739634215832 0 0 0.1917712390422821 0 0.2049589306116104 2.357963718473911 1.889481127262115 0 0.277258113026619 1.112170577049255 1.211272530257702 1.081206381320953 0.7928398922085762 1.055483311414719 0.2363027259707451 0.6056288629770279 5.10529163479805 0.341262549161911 0.1762469261884689 3.69134397059679 59.78408225625753 0.1359783262014389 0 0.3925478532910347 0.1477914601564407 0.1183912009000778 0.1247700303792953 0 0.2089239358901978 2.361606761813164 114.7978558987379 6.428626246750355 0 0.2818037420511246 0.7207730859518051 30.64444334805012 3.733761563897133 16.84243316948414 4.389870963990688 1.651643984019756 1.666118294000626 0.1314434707164764 0.4424316883087158 0 0 0 0 0 0 0 0 110.1180466115475 23.98427303135395 15.78774102032185 297.4694310128689 22.22075895220041 343.8554395958781 58.45529769361019 481.5848006308079 36.6975973546505 2.093869641423225 129.7974351719022 55.71128332614899 0.4931719899177551 20.82554630190134 1.695271529257298 90.82058132439852 1.538826204836369 0.1713752150535583 2.702219575643539 22.19957851618528 1.192994393408298
252.5804647356272 1278.458698600531 247.6503182351589 138.8417913764715 451.8095790445805 89.39537682384253 829.0645290389657 123.4261292889714 671.3413020446897 978.7991551086307 1103.068958029151 635.3291636034846 1974.079579025507 0 112.937843285501 35.80615427345037 1.840749844908714 1.667302511632442 0.1126235350966454 1.777172930538654 2.473175257444382 22.87372574210167 4.614483498036861 3.876250557601452 21.3820243626833 41.30228348821402 36.9020382091403 38.78313314914703 53.52910801023245 14.90121544152498 172.8736990988255 28.85859474539757 950.5553169175982 0.1769352853298187 4.51590096950531 31.55465178191662 962.5865682214499 54.8144012466073 85.48884729295969 121.6361040845513 7.349466554820538 32.60430689156055 1.303395308554173 12.41546028107405 0.5198802202939987 2.135761223733425 359.9380514323711 10.31677787750959 2.674589700996876 2.447192266583443 10.33468193560839 19.30722462385893 13.47466666251421 34.78200966864824 13.03643924742937 15.43489138782024 22.20654721558094 206.5606651678681 19.01321335881948 108.9437601715326 1.085629127919674 33.42786078900099 0.4372546225786209 108.8733284473419 12.21077809482813 10.32843702659011 10.01451142132282 5.3877884298563 0.4780781865119934 4.4053103774786 403.606808912009 57.9745179861784 0.3633923232555389 104.6217532381415 208.6705567464232 252.1563669219613 243.2355238422751 16.53214156627655 106.9032372385263 496.7749867662787 5.265679318457842 233.0772789418697 21.94299471378326 0.2900313287973404 8.312697172164917 9.18161454051733 8.23377963155508 0.3100459277629852 2.445480711758137 1.982843644917011 2.033134594559669 1.546379491686821 16.98826758563519 45.94424947351217 35.59186021238565 1726.793229214847 19.61819911003113 2.493439555168152 3.356709346175194 86.912762619555 1.855456463992596 3.942890897393227 6.601427614688873 3.299925208091736 0.4557903110980988 67.47831020504236 12.86907814443111 92.06590139120817 29.98691299557686 43.57407005876303 7.475044161081314 185.7114436775446 104.292673304677 61.95584982633591 120.4113287851214 0.2126867920160294 0.4773078113794327 0.138142928481102 0 0 0 0.1364022046327591 0.1817824989557266 0.2090305089950562 0.5228643491864204 1.987204506993294 0.5239605903625488 0.6542548611760139 1.579328522086143 0 1.783591449260712 0.5701937526464462 0.7684234082698822 0 1.17573568969965 1.367966666817665 0.4321831166744232 0.807729110121727 0.5246702581644058 41.41975668817759 1.203769363462925 11.76454226672649 5.913665115833282 2.469494804739952 1.177624389529228 1.857121840119362 0.3804407566785812 0 0.1199712157249451 0.3516016602516174 0.2529390752315521 2.549547545611858 2.113858602941036 0.1436180472373962 0.5841371864080429 1.987176299095154 0.2845913916826248 6.10155513882637 1.104557186365128 0.628588393330574 0.190927542746067 1.101836353540421 5.362152762711048 0.165805771946907 0.1864627003669739 0.9816069230437279 53.29694107174873 0.5678366869688034 0.7609622925519943 0.9112294912338257 0.4281359314918518 0.09099481254816055 0.1314478367567062 0.1397542059421539 0 1.630083948373795 105.209976144135 4.94599873572588 0 0.3269671499729156 1.13494348526001 31.74368132650852 1.928778775036335 14.18223395943642 5.525859981775284 0.5018820539116859 2.599390633404255 0.6681658923625946 0.175435796380043 0.5173618048429489 0 0 0 0.09247324615716934 0 0.1779037415981293 0.7924522310495377 109.2914724871516 22.24534421414137 8.924095705151558 502.0334224402905 42.01876290887594 653.6619329378009 104.8050551563501 380.5084315016866 65.96779143810272 4.19256104528904 245.7035160586238 57.38314794749022 0.1877437233924866 22.84425935894251 0.8989476412534714 90.86642621457577 1.639862678945065 0.2331095784902573 6.721531808376312 38.21001159399748 3.334864377975464
