0 4720.262667499483 751.4454485476017 2014.05570910871 2075.611587464809 58.0943566262722 3023.145552888513 223.3822169154882 145.05485214293 3000.735282570124 331.7536844015121 706.9791561886668 1846.431233428419 259.4813659638166 3.04431875795126 0.5059898346662521 0.6177815049886703 0.1871387660503387 0 0 0.1104706451296806 0 0.168635368347168 0 0.1138396114110947 0.4540991857647896 0.8667012453079224 0.436684750020504 0.4042793214321136 0 570.9088381379843 16.01354452967644 10.48803631961346 0 0 0 1.944396406412125 0 0.7529005110263824 0 0.435715951025486 0 0 0.3622382879257202 0 0 21.75055809319019 12.8231066018343 0.1282039433717728 1.229485236108303 2.718192167580128 0 0 0.1475338786840439 0.9308087378740311 3.07057436555624 856.0597989410162 1364.894808769226 100.7712955996394 52.65688543766737 0.1676390171051025 0.3107611238956451 0 10.2349965274334 10.43429392576218 7.379185497760773 4.996671706438065 1.528762176632881 0.1983330994844437 0 8.032489821314812 11.66664612293243 0 543.6844379529357 162.4217793866992 55.24902311712503 3.723120152950287 0.8332749009132385 0.1534506678581238 11.02940349280834 0.7468395382165909 0.8021726384758949 16.40786699950695 0.1536014080047607 13.89964085817337 7.719170205295086 4.045004814863205 0 3.190072424709797 0.5902370363473892 0.8380470424890518 0.636057436466217 0.2155907452106476 0.1238933801651001 0 95.32480405271053 4.594062894582748 0 1.521096959710121 1660.030475966632 0 0 0.1639067530632019 0.3753789663314819 1.351006507873535 2.189451590180397 0 1.017032399773598 5.621615722775459 0.5017443895339966 0.2841638028621674 2.90619295835495 2.061721324920654 2.915226966142654 0.675151452422142 0 0 0 0 0.4361585676670074 0 0 0 0 0 0 0 0 0 0 0 0 0.2364292740821838 0 0.3826663792133331 0 0 0 0 0.6446534395217896 0 0.6800342500209808 0.1247526407241821 0 0 0 0 0 0.2479577660560608 0 0 0 0.6546351313591003 0 0 0 0 0 0 0 0 0 0.2887667715549469 0 0 0 1.190610334277153 0 0 0 0 0 0 0 0 0 3.1921596378088 0 0 0 0.1389769464731216 1.191720023751259 0 0.9405667185783386 0.1351116299629211 0 0 0 0 0 0 0 0 0.2106326743960381 0.1325483471155167 0 0 2.039246246218681 2.421619892120361 0.5232318490743637 65.31471148133278 17.78435936570168 208.3007454425097 36.29895538836718 889.4912543445826 34.13794965296984 1.441367462277412 21.85592918097973 0.601375937461853 0.4568303823471069 2.496662631630898 0.1299396455287933 0.8812506794929504 0.9237883687019348 0 2.177295684814453 0.4979764521121979 0
4720.262667499483 0 1276.892720289528 672.6590904444456 5193.530325390399 74.32953453063965 3679.914242699742 165.4055026620626 360.3633463606238 169.4858937263489 474.4553498998284 8.743035644292831 290.5864448323846 238.062468804419 7.877569228410721 1.770410522818565 0.5154484361410141 0.1537372916936874 0.1115152165293694 0.5986733883619308 0 0 0 0 0.1791700273752213 0.4035322964191437 0.2746410071849823 0.5461988896131516 0.1360356360673904 0 2439.605562932789 53.72255906462669 1.128793127834797 0.1262213438749313 0 0 0.7943349778652191 0.299908846616745 0.6787810623645782 0.1665380895137787 0.1860300153493881 0.3548419326543808 0 0 0.2899538278579712 0.1472334563732147 89.24390115588903 14.82901876419783 0.3269862830638885 0.5055311769247055 6.474215999245644 0 0 0.3560118526220322 0.9973704144358635 2.17820779979229 187.7697661817074 719.7162373438478 53.52178349345922 96.2982542514801 0 0.7478561103343964 0 157.803897768259 13.26903295516968 12.20470077544451 6.405310176312923 3.323878839612007 1.00777629762888 1.382803119719028 1.872533231973648 0.4499048441648483 0.1064451560378075 453.9464674890041 243.8405521064997 180.2917311564088 8.063850261271 0.4891845658421516 0 3.218743674457073 0.2881470620632172 0.4488723054528236 24.33363518118858 0.715523861348629 16.0478702634573 12.73155298829079 10.9282374382019 0.1065615192055702 4.768032930791378 0 1.624593436717987 0.2690674513578415 0.6181934848427773 0.90293949842453 0.2166066914796829 18.95837745815516 1.98738220334053 0 1.066551685333252 1517.327020011842 0.3639231026172638 0 2.593469336628914 0.3933322727680206 4.142204836010933 12.24111627042294 0 12.64999398589134 8.170352831482887 0.7381100505590439 2.102119669318199 23.52388656139374 9.810632795095444 7.604715779423714 6.571056738495827 0 0.2597194015979767 0 0 0 0 0 0 0 0 0 0 0 0 0 0 0.2126057296991348 0 0.130910336971283 2.526253581047058 1.873533189296722 0 0 0 0.765195369720459 0 0.6607803180813789 0 0 0 0 0 0 0 0 0 1.697441399097443 0.9651671648025513 0 0 0 0 0.1172603890299797 0 0 0.08813118189573288 0 0.4740680158138275 0 0 0.1426162421703339 1.534662425518036 0 0 0.1927118003368378 0.4800064265727997 0 0 0.1311447471380234 0 0 5.039734065532684 0 0 0 0.1020276173949242 1.096546530723572 1.077842801809311 0.7835837155580521 1.343772619962692 1.174170136451721 2.042772114276886 0 0 0 0 0 0 0.2450365871191025 0 0 0 4.483561664819717 0.1577659547328949 0 136.1673386245966 33.44910527765751 364.4039990305901 83.5534942150116 805.0317044556141 28.81882099807262 2.641112521290779 41.65780744701624 3.596022993326187 0.2291382104158401 4.857298508286476 0.5147784352302551 5.597362980246544 0 0 0.9960926175117493 0.4784822463989258 0
751.4454485476017 1276.892720289528 0 7.407493308186531 1993.345527291298 12.62940582633018 417.0423763468862 494.4829387366772 1667.917438663542 8.509530909359455 2494.547362573445 12.42658321559429 164.1297535598278 1421.792338773608 30.59344037622213 13.08010919392109 1.179716348648071 1.195905275642872 0 0.7770849764347076 3.157503992319107 0 1.058171659708023 0.1281714737415314 10.46098949015141 1.697418428957462 0.3151503652334213 0.9924667701125145 0.7203764989972115 0 4422.200557798147 535.8162210434675 57.10465084761381 0.3696569502353668 3.990186750888824 2.984443783760071 13.59439339488745 4.964836329221725 2.241323418915272 0.633146159350872 19.61429943144321 0.9163489937782288 3.348030023276806 2.718832612037659 0.3308877348899841 0.1614549160003662 95.92880397289991 7.105718575417995 0.7667134553194046 4.188207879662514 5.137905895709991 0 0 0.9118622168898582 0.2362094298005104 1.397622063755989 76.67076613754034 917.262966580689 19.47944126278162 51.93496466428041 2.834015697240829 11.81984519213438 1.579847171902657 515.1581687703729 6.171452008187771 5.528746455907822 5.557829700410366 12.97542069107294 7.044538848102093 36.86039293557405 42.45942574739456 4.893367439508438 0 177.3497940450907 187.1348453164101 116.1671856939793 50.73911749571562 11.5600064471364 9.701861843466759 135.6695396229625 3.420489281415939 12.83519579470158 11.2793153077364 0.2988431006669998 7.912118829786777 7.167006306350231 9.932004384696484 0.1427116096019745 2.790587231516838 0 1.012968368828297 0.1527521759271622 21.76968286931515 1.601292595267296 1.461197257041931 49.32372562587261 16.45715450495481 0 8.945298820734024 973.7544033452868 0.5612409263849258 0.257216602563858 2.74230645596981 1.183181434869766 14.08125039935112 20.48746913671494 0.5959859490394592 22.31370668113232 8.27569280564785 1.750437140464783 3.648213312029839 40.83293251693249 28.70920920372009 17.11900624632835 18.61977742612362 0.1536669880151749 0.9893972873687744 0 0 0 0 0 0 0 0 0.1509464681148529 0 0 0 0 0.4756756722927094 0.3195132315158844 0 0 4.753957323729992 3.299641817808151 0 0.1733202189207077 0 3.904313638806343 0.1843059957027435 1.808629989624023 0 0 0 0 0 0 0 0 0 2.112844154238701 3.237481489777565 0.8535703271627426 0 0 0 0 0 0.7017459273338318 0.2140230536460876 0.4216937124729156 3.889489457011223 0 1.183214768767357 0 3.988714188337326 0.8138518482446671 0 0.2593202218413353 0.233052521944046 0 0 0.5007157325744629 0 0 22.32649506628513 0.5691167116165161 0 0 0 3.767883539199829 2.303639322519302 5.927134037017822 2.034481674432755 4.943154543638229 1.758887067437172 1.142266228795052 0.5320621132850647 0 0 0 0 0.3963528573513031 0 0 0 9.287817850708961 1.181968852877617 2.569380924105644 153.9176830723882 27.30060421675444 190.8456887379289 53.13128723204136 201.9732667952776 11.48218215256929 1.370261870324612 49.07035582512617 9.525015600025654 0.344987154006958 9.305068358778954 1.432405948638916 12.63383165001869 0.7107181251049042 0 1.988454520702362 0.8871429041028023 0
2014.05570910871 672.6590904444456 7.407493308186531 0 47.31159180402756 218.0351901650429 838.6850192695856 1.608440808951855 7.402997329831123 1491.258434474468 5.20992236584425 892.2755867540836 1907.37039296329 43.92147222161293 0.2882495671510696 0.1945043355226517 0 0 0 0 0 0 0 0 0 0 0 0.1034267619252205 0.111746534705162 0 24.2829754203558 2.057900458574295 5.28043070435524 0 0 0 0.1101097166538239 0 0 0 0 0 0.1564584225416183 0 0 0.1336809098720551 8.631908543407917 2.067574545741081 0 0 0.3424826487898827 0 0 0.2209266424179077 0.2202787846326828 0.2133752107620239 31.00184634327888 67.09456739574671 7.59808599203825 12.72778186947107 0 0.1301677376031876 0 5.098680540919304 2.418957106769085 1.520493768155575 1.466240301728249 0.3531594127416611 0 0 1.065207958221436 0.5240040794014931 0 68.38972051441669 28.80009189248085 14.44546242803335 0.3192281723022461 0.3716522753238678 0 1.721491560339928 0.1835948079824448 0.1078746095299721 4.055722579360008 0 1.670494846999645 1.776743471622467 0.3402864933013916 0 0.4281714856624603 0 0 0 0.1245991736650467 0.126231923699379 0 21.84231726825237 0 0 0 169.101331576705 0 0 0 0.161370724439621 0.4337660074234009 1.761910825967789 0 4.530573353171349 1.550353690981865 0.3732546865940094 0 3.65014836192131 1.010730370879173 1.056207403540611 0.4599140137434006 0.2012643814086914 0 0 0 0 0 0 0 0 0 0 0 0 0 0 0 0 0 0 0 0.1358233690261841 0 0 0 0.1004344597458839 0 0.1717140376567841 0 0 0 0 0 0 0 0 0 0.2801971137523651 0.3177707195281982 0 0 0 0 0 0 0 0.1320815980434418 0 0 0 0 0 0 0 0 0 0 0 0 0 0 0 1.159852206707001 0 0 0 0 0 0 0 0 0 0.518642783164978 0 0 0 0 0 0 0 0 0 0 0.5991875231266022 0 0 12.09200660139322 3.045524530112743 48.02080194652081 9.358235403895378 475.119446747005 4.193627275526524 0.4950927346944809 4.062410250306129 0 0.1567761301994324 0 0 0.4289402365684509 0 0 0 0 0
2075.611587464809 5193.530325390399 1993.345527291298 47.31159180402756 0 50.0791257172823 3126.925515890121 325.6887852475047 3911.337975971401 344.2433895468712 4671.89469589293 36.675661675632 289.9488984048367 678.9272327795625 34.29085199534893 5.615745849907398 1.036415733397007 0.13020059466362 0 0.1332855969667435 0.3204990476369858 0 0.165670320391655 0 0.4093682765960693 2.122811354696751 0.1468572169542313 1.345665313303471 0.6958480775356293 0.1447445601224899 1163.901679344475 150.0345873311162 10.64282656461 0.2786598354578018 0 0 0.9101590290665627 0.5701225399971008 0.3677453100681305 0.6779884099960327 0.2654440999031067 0.1313992738723755 0.8640642836689949 0.4199279099702835 0.4601689800620079 0.2955767959356308 239.4390182048082 21.83733536303043 0.308439314365387 0.4088718965649605 8.832456491887569 0 0 1.487859822809696 1.188462570309639 4.508027918636799 77.63223913311958 439.6045799106359 35.67621737718582 156.2663958072662 0.6040514707565308 0.8556812480092049 0 341.7354247942567 14.9382396414876 15.28481092303991 11.4455610960722 5.77524109184742 2.516900561749935 1.428950667381287 3.802707649767399 4.984729990363121 0.1851897388696671 367.2549795880914 290.3604474365711 322.3514144346118 39.10237155109644 1.6526008695364 1.230582758784294 1.841575525701046 0.3164790570735931 1.096103250980377 27.17711325734854 0.7845048680901527 21.67637048661709 19.13274147361517 12.11476542055607 0.104332223534584 6.901773624122143 0.2763331830501556 2.446776703000069 0.4903857260942459 1.828934267163277 0.6929808035492897 1.227085456252098 156.3279010802507 1.243037492036819 0 0.1521058976650238 476.6729868277907 4.219618856906891 0.3418764472007751 9.620746225118637 2.223025679588318 51.58033907413483 83.94321742653847 0 111.573646619916 49.62854486703873 16.79565986990929 26.16303499042988 205.4044390767813 108.7707021683455 64.27260194718838 59.0512297898531 0.4904597550630569 0.669747531414032 0.1462333798408508 0 0 0 0 0 0 0 0 0 0 0.2947556972503662 0 0.2077677994966507 0 0.254621833562851 0 10.35749492049217 7.133505061268806 0 0 0.3046689927577972 7.169374525547028 0 3.447916448116302 0.1573119908571243 0.1085821688175201 0 0.1570802628993988 0 0.5845919847488403 1.304747924208641 0 0 7.498260214924812 13.73921278119087 0.6503854840993881 0.3356774747371674 0 0 0 0.322159081697464 0 0.2281651198863983 3.949657261371613 13.341114833951 0 0.2498373687267303 0 19.2829434722662 0 1.069587424397469 1.1098423153162 0.6782206669449806 0.1341637521982193 0 0.2134914547204971 0 0 55.73898875713348 1.159959435462952 0 0.3126556128263474 0 10.07850091159344 12.82961295545101 12.87791177630424 9.437644556164742 6.732057377696037 13.30661153793335 1.131520301103592 0.7634686827659607 0.662589818239212 0 0.1190555244684219 0 0.9220943823456764 0.2742390856146812 0.6039179563522339 0 38.26173375546932 4.385108143091202 4.452588930726051 389.3422117605805 79.11329419910908 577.53999029845 163.6850335896015 517.3872603997588 32.96528625488281 1.910075046122074 96.95326575636864 23.14851186424494 2.475860737264156 29.10155149549246 4.390997797250748 28.62724936008453 1.526920691132545 0 6.536074370145798 4.686241798102856 0.1501535624265671
58.0943566262722 74.32953453063965 12.62940582633018 218.0351901650429 50.0791257172823 0 465.3985041379929 0.7561744749546051 43.93486887216568 1060.895823806524 2.392903506755829 278.6828650534153 507.6684315651655 59.43863911926746 0.6858240962028503 0.4283071458339691 0 0 0 0 0 0 0 0 0 0 0 0 0 0 9.485680252313614 0 3.751600652933121 0 0 0 3.3934445977211 0 2.598024696111679 0 0 0 0 0 0 0 2.19562716782093 0 0 0 0.5029555410146713 2.026315987110138 1.808767080307007 0 0 0.7227895259857178 384.8159782290459 37.800198584795 5.92455068230629 2.471093580126762 0 0 0 0 0 0.1722451746463776 0.1286620944738388 0 0 0 12.42883062362671 186.7923198342323 4.375011295080185 15.59130632132292 3.469543874263763 4.307979881763458 0.3292682766914368 0 0 3.20457512140274 0 0.8102042078971863 0 0.4527154862880707 0 0.600525975227356 0.4431225061416626 8.668889835476875 8.105304136872292 8.749076396226883 0.5144836008548737 0.4563581496477127 0 0 0 252.3007824420929 37.99982188642025 4.625651121139526 7.631355106830597 673.2054623365402 0 0 0 0 0 0.1898091286420822 0 0 0.1853418499231339 0 0 0.8888612389564514 0.1499239206314087 0 0 0 0.3641507923603058 0 0 0 0 0 0 0 0 0 0 0 0 0 0 0 0 0 0 0 0 0 0 0.3817735016345978 0 1.023855268955231 0.3530702739953995 0 0 0 0 0 0 0 0 0 0.3195780217647552 0 0 0 0 0 0 0 0 0 0 0 0.4891371130943298 0.4098863899707794 0.5901032686233521 0 0 0 0 0 0 0 0 0 4.011290669441223 5.296718835830688 0 0 0 0 0 0 0 0 0 0 0.2568212151527405 0 0 0 0 0 0 0 0 0 1.535069108009338 1.73765829205513 1.555715024471283 0.5932168215513229 5.149189814925194 1.015951782464981 313.2250013202429 3.656928852200508 0.28278848528862 1.131155446171761 0.6013486981391907 0 0 0 0 0 0 0 0 0.2157266885042191
3023.145552888513 3679.914242699742 417.0423763468862 838.6850192695856 3126.925515890121 465.3985041379929 0 113.0593314170837 2605.988989673555 2979.308035992086 1272.366482749581 282.0866854861379 3286.3654570207 1266.058865793049 53.17102481424809 8.348188869655132 0.7206856906414032 0.1472674012184143 0.390564076602459 0.8579226434230804 0.3245704770088196 0 0 0 0.1063192784786224 1.636717729270458 0 2.747545942664146 2.921545282006264 0.3594750091433525 199.7854252681136 67.75223927199841 22.83757337927818 0.3155557215213776 0.1619126349687576 0 5.214084036648273 0 0.6642513573169708 0.8144624456763268 0.5963441655039787 0.1544359177350998 0 0.3991634994745255 0.2937850505113602 0.1435238122940063 242.0319873765111 18.26101111620665 0.2969468086957932 2.082323335111141 8.20808669179678 0.144809752702713 0.153237596154213 0.8101987391710281 2.003828272223473 3.436366267502308 108.665639989078 286.1363755613565 38.75445533543825 132.8834142759442 0.3402565121650696 1.961883433163166 0.1826903074979782 200.6349928826094 16.28805840760469 15.93271034955978 9.197605915367603 4.764376781880856 1.370115555822849 0.8769372701644897 8.591315068304539 18.01176635921001 0 369.6661183312535 257.7594313547015 293.863824762404 43.56920735538006 2.607797272503376 0.915458656847477 33.94098041951656 0.1748268753290176 0.8006379008293152 24.18625462055206 0.4772164300084114 17.00561016798019 14.80098666250706 12.85597069561481 0.5314380973577499 6.981814123690128 0.3927482068538666 1.799423657357693 0.358270674943924 1.445072218775749 0.8094630762934685 1.811637990176678 1239.00324472785 9.990275889635086 0 0.4713167697191238 338.8377926647663 6.25016687810421 5.518082305788994 25.53525626659393 11.66394197940826 116.3029251098633 245.8307616263628 2.104868143796921 297.8806725814939 142.9962911754847 48.53575983643532 59.79490505158901 606.2743850797415 256.1181096956134 190.3371271267533 138.0852828025818 1.144865959882736 0.3185600936412811 0.176695317029953 0 0 0 0 0 0 0 0 0 0 0 0 0.1595328450202942 0 0 0 21.2466669306159 21.98897937685251 0 0 0 19.12448688596487 0 10.71468110382557 0.2386108934879303 0.3897877931594849 0 0 0.2945666909217834 0 0.5925430506467819 0 0.4753071367740631 16.75251365453005 26.99321677535772 0.4540980607271194 0.4663186371326447 0 0 0 0 0.7459319084882736 0.4303377717733383 8.927699267864227 28.59027306735516 0 0.4414633810520172 1.951238617300987 42.6177728921175 3.225860610604286 1.038518130779266 2.388398803770542 0.2531508654356003 0.1807249933481216 0.2928206771612167 0.5701107904314995 0 0 129.5392039269209 0.8914266526699066 0.1812689602375031 0.1151617169380188 0 29.54770329594612 22.71707290410995 21.57598680257797 26.60496259480715 25.79600246250629 26.53252352029085 1.671641618013382 1.497880548238754 0.2705278173089027 0 0 0 0.2845839038491249 0.6710578054189682 0 0.202418178319931 99.21342517435551 11.51348750293255 9.55611526966095 457.5491770729423 74.85254494100809 601.809796564281 167.8960823863745 1989.493328936398 39.30931735038757 2.993765041232109 158.2294715344906 45.32448484003544 8.826532751321793 56.25370938330889 9.430438056588173 67.74980217218399 7.752879992127419 0 15.72778864204884 2.920773454010487 0.21851746737957
223.3822169154882 165.4055026620626 494.4829387366772 1.608440808951855 325.6887852475047 0.7561744749546051 113.0593314170837 0 683.4166341498494 2.705639012157917 3912.963994607329 20.47585619240999 83.38466563820839 1158.730291128159 92.72666749358177 64.6195053011179 12.60900640487671 12.00413657724857 8.871245861053467 35.6656638532877 36.11044642329216 0 19.66262668371201 2.95319952070713 95.28167501091957 33.22290722280741 6.672946020960808 16.14893310517073 1.721146151423454 0.1146494746208191 1752.252582684159 2456.590440258384 255.442044518888 10.2665915414691 30.84582540392876 49.41068039834499 61.3149900585413 48.53415209054947 23.38904786854982 7.17684430629015 148.1538471281528 4.511443644762039 56.82614989578724 15.55403555929661 11.18701860308647 10.99579064548016 208.2250642776489 11.78066837787628 2.927889697253704 40.70616888999939 21.82816185802221 0.1728275269269943 0 3.034417748451233 0.3504462465643883 2.802347384393215 41.20655994862318 454.0259260237217 14.08959405869246 76.07557063549757 269.988377571106 222.9642967805266 31.5707897618413 1366.921738609672 6.829294078052044 14.37051358819008 25.03593358397484 106.4931754171848 83.29740276187658 432.3974102735519 78.04214729368687 17.77384179830551 0 185.0868442580104 297.3586271852255 267.7329988852143 565.6598387211561 283.6567843779922 744.1444350928068 1958.164749160409 547.2799869179726 741.4403464272618 11.81751465052366 0 9.384554497897625 9.632558256387711 50.91448918730021 0.2346803694963455 4.055007450282574 0.6110166758298874 2.545979551970959 0.769398145377636 218.2506866902113 6.816951416432858 1.303845778107643 63.45512041449547 42.76263351738453 0 27.75198231637478 298.7827252522111 0.1048271581530571 0.8798247575759888 0.8995539397001266 0 5.342720836400986 5.380508795380592 0.2679384648799896 8.178320273756981 0.7008376270532608 0.3730599582195282 2.463212907314301 18.90261130034924 9.826959744095802 10.70914708822966 9.525289937853813 1.022127524018288 0.1241372376680374 0.3554387986660004 0 0.1272246986627579 0 0 0 0 0.3733690530061722 0.7633206099271774 0 0 0 0 0.2199704051017761 0.1628936976194382 0.3424145728349686 0 0.9231349900364876 2.01597748696804 0 0 0 8.156368412077427 0.4466328024864197 3.019603401422501 1.096792943775654 0.5664453953504562 0 0 0.2905674576759338 0 0 0.2987962365150452 0.3171789050102234 1.131992630660534 4.587741285562515 0 0 0.2076785415410995 0 0.5144671052694321 0 0 0.09321161359548569 0 1.728131711483002 0 0.5276976674795151 1.440023601055145 5.595181562006474 0.304286815226078 0 0.1246290057897568 0.116235077381134 0 0 0 0.1283301413059235 1.130213618278503 15.61075628548861 1.143083155155182 0 0.7802090048789978 0.7939438074827194 2.34851697832346 5.088881701231003 5.850008770823479 4.860445201396942 6.169018715620041 2.163457222282887 0.3421678617596626 1.557501628994942 0 0 0.09562928229570389 0 0.2680835798382759 0.1465722322463989 0.1947250664234161 0 5.592829585075378 3.345863983035088 4.713607296347618 236.5432746484876 39.93191205710173 313.2445638626814 84.74454241991043 46.20124659687281 15.72682227194309 1.484415210783482 72.2583384141326 11.42463953793049 1.034101836383343 10.6738193333149 1.471957579255104 5.27697017788887 0.4526373594999313 0 3.183157205581665 2.64451315253973 0.1752829998731613
145.05485214293 360.3633463606238 1667.917438663542 7.402997329831123 3911.337975971401 43.93486887216568 2605.988989673555 683.4166341498494 0 163.5981863886118 6683.325053788722 19.87177745997906 333.317317917943 2097.277722753584 58.69281607866287 7.42058178037405 0.4033947885036469 0.5012267231941223 0 0.1192614510655403 0.9559308588504791 0 0 0.7222892642021179 0.456751823425293 1.316327810287476 0.2286006659269333 1.09594914317131 1.717363484203815 0.1075352653861046 160.2703014090657 74.13048109412193 112.6374530643225 0.1160653084516525 0 0 1.181782856583595 0.2258003801107407 0.8292909488081932 0.107818715274334 0.9672440066933632 0.230270728468895 0.4431828483939171 1.500402182340622 0 0.7700473219156265 217.4922554939985 8.417160749435425 0 1.295862853527069 3.51971048861742 0.1234036982059479 0.09565944969654083 1.378241777420044 0.09136597067117691 1.924265220761299 26.79406812041998 104.1545752063394 17.19695010781288 76.32597142457962 0.3847899436950684 0.526055321097374 0.3080503866076469 167.9100695773959 7.286081589758396 6.136103235185146 4.327996097505093 3.080358169972897 1.605047017335892 1.803230337798595 10.55666519701481 13.60146325826645 0.1227101758122444 149.2120211273432 130.5154250785708 198.9873787090182 49.24690153449774 2.038760900497437 0.6006255000829697 86.4682497382164 0.1935747861862183 0.1068750470876694 11.77587410062551 0.1398810744285583 7.871139757335186 8.633483700454235 5.561151415109634 0 3.372839823365211 0 1.494036540389061 0.7065344676375389 1.263917252421379 0.3800338879227638 1.416789814829826 380.468932852149 5.669694133102894 0 0.7002872228622437 58.04601930826902 4.615345925092697 1.497489705681801 19.13424989581108 4.657860696315765 56.5403778553009 139.8807878121734 0.1336429566144943 154.0041708350182 71.70209195464849 29.99021776020527 38.26650802791119 340.0609079748392 141.9858367145061 133.5885736048222 79.68713830411434 1.348752930760384 0.1963503807783127 0.2485449910163879 0 0.4679462611675262 0 0 0 0 0 0 0 0 0.4896357655525208 0 0.4194409400224686 0 0.1140431016683578 0 11.63298735022545 16.70402017235756 0 0.6510168015956879 0 10.47507707774639 0 7.433561578392982 0.2664771378040314 0.1993303447961807 0 0 0 0.675240620970726 0.4999675452709198 0.4631772339344025 0.2378524988889694 8.338702157139778 15.34416514635086 0.2148651331663132 0 0 0 0.215440608561039 0 0 0.3072308450937271 3.285008229315281 21.44414688646793 0 0.1129069849848747 0 28.62252931296825 1.651845872402191 1.069589406251907 1.270767286419868 0 0.3795439675450325 0.1672373563051224 0.1590718924999237 0 0.5342085510492325 93.33516477048397 2.032298669219017 0 0.1844876557588577 0.2388293296098709 19.21927881240845 15.6163485199213 14.6272112429142 21.29335007071495 15.50132364034653 17.72447550296783 1.582944810390472 1.817930981516838 1.319475755095482 0 0.1167946234345436 0 0.6081333756446838 0 0 0 54.75180155038834 7.499720022082329 5.860780455172062 459.5779833942652 53.66354358941317 428.4115986898541 156.0119207203388 282.504400126636 19.94656433165073 1.228232808411121 147.2648322507739 30.56993650645018 1.934053100645542 43.16311579197645 6.115125462412834 41.53320860862732 4.868329718708992 0 9.22030970454216 3.296570107340813 0.1965817660093307
3000.735282570124 169.4858937263489 8.509530909359455 1491.258434474468 344.2433895468712 1060.895823806524 2979.308035992086 2.705639012157917 163.5981863886118 0 10.49304936826229 957.6961074620485 4044.729726031423 324.50547491014 1.405075035989285 0.3171897679567337 0 0 0 0 0 0 0 0 0 0 0 0.1381198167800903 0 0 24.88008349388838 2.100534573197365 7.704673945903778 0 0 0 6.217441409826279 0 0.09196466207504272 0 0 0 0 0.753110408782959 0 0 13.54828387498856 2.720765382051468 0 0 0.7049920558929443 0.5911594033241272 0 0 0 0.1426564157009125 131.9829862713814 71.93214546144009 11.24477795511484 16.24766451120377 0.3860034048557281 0 0 10.8279085084796 2.611791864037514 1.729902215301991 0.872590608894825 0.3306655511260033 0 0.1361849755048752 6.942431628704071 33.11994689702988 0.3409325480461121 85.91111490130424 30.77594923228025 21.01913360506296 1.195977658033371 0.5676530003547668 0.1235431879758835 21.28890196233988 0 0.5590419769287109 4.524692140519619 0 1.85402324795723 1.370555356144905 1.197595313191414 2.220264256000519 2.291469015181065 1.421966746449471 0 0.4511246681213379 0.3106069564819336 0.1373196989297867 0.1773469299077988 913.1005859225988 41.9318969398737 1.18976616859436 1.537937998771667 760.7164783775806 1.494569361209869 2.731569647789001 28.93964891135693 40.28074987232685 17.72023116052151 60.57148496806622 2.562746271491051 64.02737730741501 38.51284319162369 18.81841611862183 10.97849079966545 139.9138650819659 53.99111375212669 53.53413418680429 22.36016936600208 0 0 0 0.1964481025934219 0 0 0 0 0 0 0 0 0 0 0 0.2854245603084564 0 0 0 6.534816242754459 2.953388318419456 0 0 0 0.9135658144950867 0 0.6052422076463699 0.2163843661546707 0.1541344970464706 0 0.1613920032978058 0 0.1470404118299484 0 0 0 2.824940748512745 3.530553594231606 0.1131232157349586 0 0 0 0 0 0.3710159361362457 0 1.408417224884033 9.742579020559788 0 0 0 2.567849278450012 0 1.164997056126595 0.2276579439640045 0.7042338401079178 0 0 0.3308402299880981 0.2932840138673782 0 15.16952310502529 0.455093652009964 0.117867186665535 0 0 5.881651237607002 2.037450969219208 4.913560673594475 8.306177608668804 5.404056787490845 4.666134648025036 0.1309392899274826 0 0.510553665459156 0 0 0 0.8276115655899048 0 0 0.1158922538161278 17.15059983730316 3.325124427676201 0.4684148281812668 37.99561408162117 3.337087653577328 73.35861477255821 16.03392653912306 2065.920765697956 6.781051613390446 0.5133735835552216 11.43154237419367 4.035900764167309 0.5708600878715515 11.06229862570763 1.299590706825256 14.30427126586437 0.2092518955469131 0 2.288307011127472 0.2705345973372459 0
331.7536844015121 474.4553498998284 2494.547362573445 5.20992236584425 4671.89469589293 2.392903506755829 1272.366482749581 3912.963994607329 6683.325053788722 10.49304936826229 0 48.88164596259594 247.817499794066 2520.543391011655 185.8013409003615 55.83683034032583 3.574784845113754 3.00632368773222 1.216616779565811 3.602203741669655 4.30900464951992 0 5.541099220514297 1.044769078493118 28.19355507194996 10.93689536303282 4.457492470741272 9.600458987057209 1.803572349250317 0.1664210855960846 893.6973958238959 1764.615757808089 358.0632158219814 0.1281464397907257 8.505863174796104 8.52648076415062 76.35838347673416 17.08344279974699 15.53423228114843 3.224014416337013 39.69448183476925 1.366949029266834 6.709270097315311 5.367293447256088 3.958287812769413 2.967164188623428 482.7315354272723 16.21076024323702 1.731751598417759 9.48983559012413 12.88346144556999 0.1410797536373138 0 2.766661241650581 2.457213185727596 3.922907494008541 37.00494901835918 327.0259495154023 21.75865282863379 157.9309235289693 13.56675608456135 122.1443370208144 3.833280578255653 817.4677909910679 13.55485162138939 13.50894142687321 10.66684786230326 20.50904452800751 13.28870156407356 34.2675956338644 143.7497176826 27.18748311698437 0.1240809485316277 239.0045120194554 304.9497012943029 455.4735665619373 250.9204429686069 74.35541065782309 324.3163340166211 1844.164544582367 39.60817319154739 45.0514447465539 16.60378031432629 1.172505557537079 12.84553743898869 15.32354162633419 20.7344321757555 0.2033462971448898 6.563114687800407 0.2828085720539093 2.852240711450577 0.3574417605996132 37.7118776589632 5.465334013104439 3.326994717121124 117.0082333683968 40.54614895582199 0 22.29929068684578 190.1936842426658 1.670427650213242 0 3.510450839996338 0.3704664707183838 14.23067004978657 28.60338905453682 0.6060758084058762 27.83858467638493 12.31527605652809 4.307687222957611 6.749452546238899 53.34954841434956 28.4506559073925 30.21568241715431 30.82028505206108 0.3403398990631104 0.8005256950855255 0 0 0 0 0 0 0 0.1642318516969681 0 0 0 0 0 0.3986511677503586 0.1818269938230515 0.6841841042041779 0 3.766502305865288 5.567700579762459 0 0 0 8.149784781038761 0.2091698348522186 4.320927679538727 0.7291978448629379 0.3870594650506973 0.1862524747848511 0 0.1271225064992905 0.1460327357053757 0.1339758336544037 0.1371457576751709 0 5.118885397911072 6.326617360115051 0.8962154388427734 0.3545282185077667 0 0 0.6158652901649475 0 0 0 3.204677373170853 6.919061690568924 0 1.080180272459984 0.2113705426454544 8.931435629725456 0.6237354725599289 0.2242837846279144 0.5023654699325562 0.2149069532752037 0 0.2319602817296982 0.2343567609786987 0.116761714220047 0.3241856545209885 47.51232727617025 2.174580067396164 0 0 0.9326862543821335 7.19964936375618 8.198586091399193 10.54211188107729 8.465487465262413 2.964459270238876 4.453606098890305 0.3012333512306213 0.6634323596954346 0.1557638645172119 0 0.106077641248703 0 0.9623309820890427 0.8756376653909683 0 0 13.5051314085722 6.894347012042999 5.056817807257175 689.0150402188301 101.4367131963372 730.3714561909437 243.968015126884 125.2097737938166 29.44406052678823 2.503299124538898 230.6916950121522 22.90142685174942 0.7244888618588448 18.47272007912397 2.828740626573563 15.54424174129963 1.990493878722191 0 4.958865404129028 7.231392227113247 0.3171890377998352
706.9791561886668 8.743035644292831 12.42658321559429 892.2755867540836 36.675661675632 278.6828650534153 282.0866854861379 20.47585619240999 19.87177745997906 957.6961074620485 48.88164596259594 0 2295.024654909968 502.2501129060984 41.09943071007729 20.89641684293747 3.283193379640579 0.5401970148086548 0.2005438953638077 0.5645624697208405 0 0.3929454386234283 0.1503529101610184 0 0.3955707252025604 0.8509272485971451 2.084834963083267 6.784246146678925 4.916870087385178 0 5.94647878408432 6.981311842799187 217.9730454683304 0.3688073456287384 0 0.2280659079551697 77.54628454148769 0.8565619736909866 11.14752967655659 0.6923287510871887 2.799087166786194 0 0.3051807582378387 3.832546010613441 1.580656006932259 2.103069134056568 72.66900382936001 1.981286913156509 1.271288096904755 0.9211987853050232 1.038936048746109 0.9905098676681519 2.396159619092941 0.8930091112852097 0 0.5047529861330986 19.52150509506464 15.48732075095177 6.153052091598511 16.90987797826529 6.988807693123817 4.887296937406063 0.1979866176843643 33.47541263699532 1.294160731136799 1.185396783053875 0.8345702961087227 0.9932288974523544 0.9924400299787521 1.506512060761452 236.0661978423595 190.339562267065 2.648101061582565 34.23784200102091 27.47753074020147 46.24714656174183 28.62141241878271 7.861875161528587 0.5983511060476303 256.6650554388762 5.015418335795403 21.15718913823366 2.402316443622112 0 1.432073406875134 1.830199174582958 2.887599118053913 3.33727365732193 1.049347259104252 2.421470701694489 0.5286901891231537 0 0.5807808935642242 0 1.182646155357361 2092.053251698613 150.8222780227661 9.895629078149796 19.07721815258265 53.24634855985641 3.044400855898857 1.328169405460358 3.585502371191978 2.054860949516296 27.70831740647554 53.02348960191011 0.5423398017883301 64.52198176831007 25.86711640655994 11.20430836081505 16.04565735161304 197.4160750582814 112.1038360446692 121.0476349517703 97.06966570019722 1.491724647581577 0.2964013367891312 0.1454617381095886 0.3044085502624512 0.2815962880849838 0 0 0.2798072993755341 0 0.3327240347862244 0 0 0 0.3969332724809647 0 0.3017434030771255 0.1407051980495453 0.1595953702926636 0 10.50930402427912 9.98057097196579 0 0.85625159740448 0.1992368996143341 21.13065444678068 0.9814922139048576 17.27148751169443 2.821617223322392 0.8443096727132797 0 0.1546149551868439 0 0.7764524891972542 0.5031217187643051 0.3392665088176727 0 9.737158708274364 16.64775085449219 0.5676219165325165 0.1986464262008667 0 0.8129677772521973 1.64849941432476 0 0.8741205036640167 0.2695519477128983 3.3736791908741 11.92634505033493 0 0.9107079654932022 2.189393058419228 39.17068360000849 1.108107313513756 0.8256461620330811 1.759464465081692 0.9055021926760674 0.1391993463039398 0.1847273707389832 0 0.1359436362981796 0.5441759452223778 140.4556910023093 10.64854599535465 0.5922781825065613 0 0 20.98922608792782 12.62365198880434 26.85496574640274 17.5147128328681 8.181975968182087 9.880713015794754 4.232922807335854 1.887909978628159 0 0 0 0 0.1078611761331558 0.1723808944225311 0 0 80.23661829531193 28.59971768409014 17.49422773718834 232.1841276139021 17.80015970766544 148.8665285259485 45.32021413743496 339.0601354464889 7.616853021085262 0.4762200489640236 83.87725699692965 22.79385016858578 3.07617524266243 31.34909820556641 5.767502829432487 22.08960931003094 4.325927793979645 0 9.946411542594433 1.570500195026398 0.1796513646841049
1846.431233428419 290.5864448323846 164.1297535598278 1907.37039296329 289.9488984048367 507.6684315651655 3286.3654570207 83.38466563820839 333.317317917943 4044.729726031423 247.817499794066 2295.024654909968 0 2878.133275270462 152.9046784341335 49.77204968780279 5.30510038882494 2.315624728798866 2.308449484407902 0.4960627853870392 0.4861181676387787 2.323492035269737 0.8183418363332748 0.1547916829586029 4.832254849374294 5.500759191811085 3.547511920332909 21.38592883944511 7.349631451070309 0.1602198481559753 42.4014964401722 30.13980928063393 1120.719579257071 1.038170218467712 1.0185816437006 0 189.7494899258018 9.916615575551987 48.68245616555214 3.081874325871468 8.804179549217224 2.343893244862556 2.445679865777493 14.35119193792343 3.882585726678371 8.168760411441326 267.784653134644 5.372481316328049 0.6031987071037292 3.359447464346886 4.028983518481255 0.9269383549690247 7.343502879142761 7.986811228096485 0.6411549970507622 1.874979749321938 40.65472572296858 49.85460701584816 13.96819589287043 55.00724460184574 19.38294019550085 22.98673975467682 4.211914911866188 101.8787525370717 4.574098393321037 6.91085609048605 4.520929895341396 5.750232495367527 2.103262923657894 3.627798341214657 516.5185740664601 153.8930714949965 0.8262109309434891 104.0863214582205 83.01225759834051 179.3455848246813 103.0411191284657 18.12365064024925 1.899347268044949 400.2975485175848 10.62077522277832 21.35474109649658 5.605230309069157 0.4035155475139618 6.023058980703354 7.313044093549252 6.192615285515785 2.174844309687614 3.176024287939072 1.028056502342224 1.102830901741982 0.7760907486081123 5.1114716604352 2.152900233864784 3.727375991642475 3455.640216067433 119.4237483739853 1.004487365484238 103.2915946990252 163.0566026568413 8.104499712586403 3.803589135408401 13.98251166939735 6.660419419407845 72.4291470348835 204.2149674296379 2.517377279698849 229.4411395788193 107.1007418632507 53.16943028569221 47.00966957956553 544.6651036813855 301.7125375345349 225.0343496277928 191.6876886039972 3.079516910016537 2.086273819208145 0.1583746820688248 0.4321549534797668 0 0 0.5846657007932663 0.2422549277544022 0.1885852813720703 0.5818405449390411 0 0 0.2608277127146721 0.2300159633159637 0 0.7421565353870392 1.014792382717133 0.8970664143562317 0 23.78471924364567 23.41665261238813 0.2770009636878967 0.7435069531202316 0 34.64827197045088 0.8222441077232361 27.44424293190241 6.506264366209507 2.178046256303787 0.3658241033554077 0.7859095335006714 0.6513148844242096 1.137118265032768 1.64253968000412 1.256005316972733 0 21.61481780558825 38.58014619350433 0.8317925333976746 0.325328141450882 0.1380537748336792 1.579199597239494 0.8406635373830795 0.2785120904445648 0.2860779166221619 0.3517863526940346 4.83321313560009 31.61293867230415 0 2.074106991291046 4.467428743839264 64.1980861350894 1.901962950825691 1.919582068920135 1.341779202222824 0.5960567593574524 0.3087284415960312 0.2969637811183929 0.8290658518671989 0.2288892716169357 0.3411416411399841 251.7634434401989 13.58287245035172 0 0 0.1037636920809746 29.63086041808128 34.45718385279179 45.82840314507484 38.33303627371788 25.25897531211376 22.61368097364902 2.501881405711174 2.559514120221138 0.3875480368733406 0.1289106756448746 0 0 0.8124871328473091 0.1116709038615227 0 0 158.1760631948709 41.10178956389427 24.60582110285759 727.5401890054345 83.2477763146162 458.1220968216658 145.6441243365407 873.5906405448914 24.74636341631413 2.432688377797604 276.6801816597581 56.5785698890686 5.850948110222816 62.44650582969189 10.58926333487034 40.09417200088501 12.04229556024075 0 17.78099957108498 11.33061734586954 0.6088544875383377
