0 4537.58132904768 608.7394329607487 1442.841248691082 314.0752608329058 39.71609973907471 2834.773527681828 6.778120204806328 8.130293592810631 1364.801684126258 64.03951445221901 115.9168910235167 323.9866982921958 43.71787628531456 0.4137503802776337 0.129976749420166 0 0 0 0 0.348728209733963 0 0 0 0 0 0 0 0 0 251.0910280644894 4.659247547388077 5.971573352813721 0 0 0 0 0 0 0 0 0 0.3224008977413177 0.1689380705356598 0 0 9.012636214494705 1.501186281442642 0 0 2.488626807928085 0.831365555524826 0 0.5725928544998169 8.423150725662708 6.242210224270821 408.777969032526 1181.85743393749 50.80434837937355 5.899680197238922 0 0 0 2.068991959095001 3.445047214627266 3.077344655990601 2.080035470426083 2.397594675421715 0.2666091844439507 0 35.88899138569832 11.99110154807568 0 218.7112025395036 16.28009639680386 3.642199762165546 0.4862333983182907 0 0 15.98680903017521 0 1.269077450037003 9.892265513539314 0 3.501252539455891 3.583068333566189 0.9132288545370102 0.7068128138780594 2.666644133627415 0.1782408207654953 0.8810520172119141 0 0.284900963306427 0.1227339506149292 0 259.2680443972349 8.273560151457787 0.6341445446014404 0 710.1911300718784 0 1.127837419509888 0 0 0 54.53285163640976 0.2133899331092834 5.749545052647591 5.989173620939255 2.969772577285767 0.6455415487289429 15.6843040138483 5.430040687322617 7.517022281885147 3.472774520516396 0.3871811330318451 0 0 0 0 0 0 0 0 0 0 0 0.2581104636192322 0 0 0 0 0 0 1.336774945259094 0 0 0 0 0 1.856547832489014 2.12410581111908 0 0 0 0 0 0 0 0.2093575596809387 0 0 0 0.7394266724586487 0 0 0 0 0 1.131918132305145 0 0.6288424134254456 0 0 0 0 8.535528570413589 0 0 0 0 0 0 0 0 0 2.842498064041138 0.5946611166000366 0 0 0 0 0 1.025550365447998 0 0 0.1778030693531036 0 0 0 0 0 0 0 0.1342755109071732 0 0.1457449495792389 0.801292896270752 0 0 92.38657554984093 7.189437314867973 34.51817055046558 5.747825019061565 824.678958684206 17.71365589648485 0.1613154858350754 3.078679010272026 0.3722051680088043 0.1154280379414558 1.974639683961868 0 5.186470776796341 0.5875696539878845 0 0 0.4344462156295776 0
4537.58132904768 0 569.0512475818396 72.15695251524448 1767.734495989978 237.6588744819164 3207.441164605319 59.55846752226353 399.9541734978557 385.4220156818628 1510.233226433396 103.8537850081921 721.8857313320041 1789.739430189133 5.928239688277245 0.1374045163393021 1.240015655755997 0.3445135653018951 0 0.4566399902105331 0.3316409140825272 0 0.5354327857494354 0 0 0.2021848410367966 0 1.216766893863678 0 0.1462779939174652 1255.429132558405 33.1733910292387 6.189591869711876 0 0 0 8.517691358923912 1.109697371721268 0.1340478360652924 1.507481098175049 0.251361608505249 1.86054714769125 0.1424777805805206 0.6261564195156097 0 0.142061710357666 213.8177121281624 16.23026608675718 1.773698255419731 0.4791649430990219 17.2312221378088 0.2527861744165421 0.2172147929668427 0.4852560013532639 44.70292666554451 33.91215412318707 305.4719370678067 1449.887247234583 119.8101948723197 55.08085839450359 0.4351145923137665 1.259719401597977 0 99.22359135746956 28.86506786942482 35.24230789393187 22.54698338359594 19.73835603892803 3.011908337473869 1.692570455372334 18.61222612857819 28.3255091458559 0 620.0565866753459 195.8031820580363 109.8570860028267 131.2485845088959 1.191815704107285 0.1773695647716522 104.4026844203472 0.1393925994634628 4.450766116380692 51.914003290236 0.2485193386673927 29.3392545953393 42.14310537278652 14.00912418216467 0.7732011526823044 22.66066270321608 0.2882244437932968 9.880951397120953 2.265707932412624 0.8625771030783653 3.833783060312271 0.8625920116901398 287.6767157167196 4.169982671737671 0 0.7087418437004089 1336.869915276766 0.5643986463546753 7.150090754032135 20.22734379768372 3.283989310264587 6.237373322248459 330.7695975005627 3.768236875534058 72.66298533976078 17.71615497767925 26.66848024725914 12.34941747784615 152.9106033593416 31.29123245179653 100.0727743208408 25.74539335072041 0 0.6948652267456055 0 0 0 0 0 0 0 0 0 0 0 0 0.7251163721084595 0 0 0 0 6.403520256280899 0 0 0.8936939835548401 0 6.821675851941109 17.15435411036015 19.13417163491249 0.694660484790802 0.1136752888560295 0 0 0 0 0 0 0.1434917747974396 4.536703824996948 1.116356119513512 1.357671283185482 0 0 0 0 1.157169461250305 4.195745512843132 0.6635305136442184 2.090312466025352 14.40668278932571 0 0 0.1264992654323578 68.87182858586311 0 1.043929040431976 1.355751186609268 0.9657244384288788 3.029774442315102 0.3721750304102898 0.979385033249855 0.258192166686058 0.3651322275400162 32.00604516267776 3.994754761457443 0 0.6139456033706665 1.348329156637192 26.78376242518425 3.105622082948685 21.46680179238319 5.514393508434296 4.104476273059845 1.564806520938873 0.8003170490264893 0 1.580643817782402 0.1048513129353523 0 0.3390843570232391 4.0664466843009 1.535902559757233 1.160618737339973 0.3907515183091164 8.252417951822281 5.168924272060394 3.071265637874603 287.5061274170876 71.84471901506186 505.7273230999708 97.54181476682425 1684.658303260803 147.6949798241258 3.108978271484375 46.0399120375514 7.845845624804497 0.6504969373345375 21.70251539349556 0.2750533223152161 55.69417926669121 2.160598874092102 0 5.888078570365906 1.001886464655399 0.5319992303848267
608.7394329607487 569.0512475818396 0 1.778840869665146 478.7169293314219 43.11065153777599 377.2981831133366 2445.80645223707 190.6672430559993 16.59659648686647 9192.874792054296 13.90556007623672 222.8427391722798 1561.558110065758 27.06766639649868 11.98277881741524 1.444669380784035 0.3337904661893845 0 7.453970193862915 44.79911793768406 0 0.1617244035005569 0.7394763082265854 1.876191549003124 4.998770177364349 0.287757933139801 0.7782685905694962 0.7384734004735947 0.1316540241241455 4332.817487210035 111.5815265849233 51.3103095293045 0.1685812473297119 0 4.453958578407764 36.02331902831793 4.688328742980957 3.991552293300629 1.40346647799015 20.71541398763657 4.055168054997921 2.234607487916946 1.255852028727531 0.3690688759088516 0.2906961143016815 91.80107917636633 4.562689781188965 2.763632901012897 4.168437115848064 8.963605344295502 0.3155971765518188 0.1190654039382935 1.15551495552063 8.129385054111481 9.864786602556705 90.25289348512888 1269.118594631553 27.73700475692749 16.80802711844444 5.921612203121185 49.42789310216904 3.935784056782722 80.45048676431179 7.94824755936861 9.813016936182976 6.728266984224319 25.62694386392832 51.76035849750042 133.1795440912247 155.3051727712154 104.1300355195999 0 164.4201297461987 81.76631009578705 49.13245420157909 56.75569908320904 6.315449796617031 14.4410674571991 2475.864000312984 0.6623576134443283 418.4398560449481 13.64098746329546 0 8.372632294893265 11.37403877824545 13.78988906741142 0.1560741364955902 5.68921460211277 0.1321219950914383 3.414282932877541 0.9238423556089401 40.14867041260004 1.708205834031105 0.5891923606395721 35.49834448099136 6.358182668685913 0 5.862287521362305 735.2348966151476 1.006369858980179 1.07522913813591 6.638615399599075 0 1.114155426621437 56.04660844802856 0 31.40797153115273 7.994697123765945 8.563754349946976 11.45697951316833 66.01604799181223 19.87118135392666 41.40905871987343 41.76930384337902 3.238687366247177 2.985288888216019 0 0 0 0 0 0 0 0.1679684072732925 0.1138921007514 0 0 0.9689540863037109 0 0.3665118962526321 0 0.5508164167404175 0 21.53888142108917 1.047257304191589 0 2.783294916152954 0 37.61204996705055 69.58773782849312 85.0132265239954 5.723851352930069 0.6241686344146729 0 0.2556626051664352 0 0 0.8039039373397827 0.09798656404018402 0.1278072893619537 1.883783623576164 7.308720633387566 1.065995201468468 0.7671152427792549 0.3227360844612122 0 1.058081433176994 2.303012251853943 0 2.330602079629898 1.500179052352905 17.79940849542618 0 4.043679714202881 3.635805070400238 264.2844225019217 0.8925378918647766 0.5468297004699707 9.673806011676788 1.922951221466064 3.464104041457176 0.9062400162220001 0.1038785800337791 0 1.900707326829433 106.8877304941416 38.15134364366531 0.5767198204994202 0.2908680438995361 1.664359584450722 77.70625150203705 37.56516033411026 72.91048565506935 7.842497855424881 4.549293160438538 5.676099002361298 3.363693952560425 4.090853631496429 5.005985423922539 0.1486387252807617 0.1160123124718666 0.132928192615509 5.082423307001591 1.65869202464819 1.239446043968201 1.47921796888113 20.63764882087708 19.33120268583298 17.16901040077209 112.841360040009 38.2847403138876 159.5529180839658 47.2483095228672 587.0888511165977 36.00191961973906 1.006311520934105 27.10943157970905 10.73632770776749 1.929214060306549 51.87056433409452 4.366662554442883 44.12080900371075 3.397365033626556 0.7403129935264587 10.4226488918066 0.6325346827507019 0
1442.841248691082 72.15695251524448 1.778840869665146 0 7.444338411092758 281.5518711358309 1034.512566357851 0 6.169658556580544 1398.011750400066 0.2011213153600693 299.115118265152 777.1922808289528 7.018816247582436 0 0 0 0 0 0 0 0 0 0 0 0 0 0 0 0 10.93175558745861 0.3240203857421875 0 0 0 0 0 0 0.1594732254743576 0 0 0 0 0 0 0 1.291270226240158 0 0 0 0 0 0 0 0.1511964648962021 0.6935448572039604 15.37278234213591 37.20686306059361 1.920844204723835 0 0 0 0 0.1700809895992279 0.1080893129110336 0.3470088839530945 0.137270987033844 0.1247170493006706 0.1279537528753281 0 17.88310140371323 1.226605162024498 0 14.03210139274597 0.5303420275449753 0.4836523234844208 0.3027249425649643 0 0 0 0 0 0.2565282806754112 0 0.2584608644247055 0.3960746452212334 0 0 0.2658667117357254 0 0.1582248359918594 0 0 0 0 165.100800961256 0 0 0 154.7920708507299 0 0.5109312534332275 2.153065338730812 0 1.023720115423203 60.33803129196167 0 5.639809995889664 1.494950592517853 2.656584918498993 2.072019949555397 26.37830922007561 6.527295112609863 13.1774118989706 2.270828098058701 0 0 0 0 0 0 0 0 0 0 0 0 0 0 0 0 0 0 0 0 0 0 0 0 0.439319908618927 1.465245187282562 0 0 0 0 0 0 0 0 0 0 0 0 0 0 0 0 0 0 0 0 0.377273291349411 0 0 0 0 2.265028357505798 0 0 0 0 0.2787193357944489 0 0 0 0 2.259180456399918 0 0 0 0 1.082527339458466 0 0.8144106864929199 0 0 0.1992206275463104 1.689885973930359 0 0 0 0 0 0 0 0 0 0.6780908703804016 0 0 8.896039813756943 0.6380124241113663 4.571812592446804 1.332191698253155 283.172490760684 1.497165113687515 0 0.957729697227478 0 0 0 0 10.63268208503723 0 0 0 0 0
314.0752608329058 1767.734495989978 478.7169293314219 7.444338411092758 0 50.32547754049301 3125.896982632577 42.58773936331272 4393.428969308734 272.6448575854301 1167.625099793077 29.17962393164635 1114.029584303498 4073.671260140836 24.30615693330765 1.516828216612339 0.7027536854147911 0.4568568170070648 0 0.2269706130027771 0.2488351762294769 0.1285576224327087 0 0 0 0.8493648320436478 0.1292156577110291 2.526493385434151 1.571386598050594 0.3119581043720245 293.9695311337709 35.66437302529812 5.061647102236748 0 0 0 3.349100276827812 0.3559639751911163 0.4143444299697876 0 0 2.254022821784019 0.1597354263067245 0.8903449028730392 0.2808085381984711 0 320.508959941566 10.48057827353477 1.941674970090389 0.1807680577039719 12.56632880121469 0.2626774907112122 0.1393931359052658 1.241183370351791 23.46960242837667 25.15983713418245 63.5897810459137 265.706672899425 65.21392358094454 61.18381895124912 0.5930103659629822 1.880248993635178 0 94.40333793312311 18.11984284967184 23.39413043111563 14.14725657552481 13.60877463966608 1.784624628722668 0.7110918909311295 16.55407583713531 62.08190868794918 0 235.5210417881608 105.8743314668536 140.7868411391973 148.4229618161917 3.348892420530319 0 8.57744038850069 0.1652632802724838 1.45765558630228 26.048489831388 0.2221783697605133 15.93968903273344 31.17627620697021 7.060879684984684 0.2290353626012802 14.45514088124037 0.3782333880662918 6.038556270301342 0.8483031317591667 1.053655013442039 1.970759943127632 1.44643372297287 156.6089944094419 1.865549564361572 0 0.454523116350174 73.59785304963589 3.524799972772598 5.324448049068451 35.0707450658083 1.392689824104309 22.36353652179241 226.3012247383595 0.6942688971757889 155.8919857144356 24.32064111530781 23.77050940692425 30.48937895894051 328.408400118351 73.59930531680584 202.1684792935848 64.76088844239712 1.038070261478424 1.611732125282288 0 0 0 0 0 0 0 0 0 0 0 0 0 0 0 0.3998386859893799 0 25.63723894953728 0 0 0 0 13.59153088927269 18.58694852888584 32.15182541310787 0.6677241921424866 0 0.1499400436878204 0.3920311033725739 0 0.7246162891387939 0 0 0 10.15876471996307 5.543788582086563 0.8057703077793121 1.991462051868439 0 0 0 1.609017193317413 0 3.868071980774403 8.561010509729385 36.64880236983299 1.082443132996559 0 0 173.7717413306236 1.206977188587189 1.342655152082443 8.611057564616203 1.006774365901947 1.904486104846001 0.4139709621667862 1.334777809679508 0.3865934014320374 0 59.2900937795639 6.204945385456085 0 0.7184067368507385 0.4695384055376053 71.93296597898006 10.47796159982681 40.94127112627029 16.65342533588409 12.89490413665771 5.072590440511703 2.526200503110886 1.362987995147705 3.417236775159836 0 0.1237631440162659 0.2448611631989479 2.311224736273289 2.736592754721642 0.9105919301509857 0.8086020946502686 16.8399009257555 13.90966156125069 6.280631899833679 645.667626015842 95.71585294604301 666.2417867109179 222.6886614561081 266.563184119761 208.4986523240805 5.38053735345602 174.4953894987702 25.3975542858243 1.769169166684151 50.519606590271 2.065644487738609 62.49084091186523 4.927747219800949 0 4.402552902698517 6.538522809743881 0.2040479630231857
39.71609973907471 237.6588744819164 43.11065153777599 281.5518711358309 50.32547754049301 0 712.0501186102629 0 32.53097876906395 514.8425752818584 4.389556795358658 170.1127535104752 484.1422659307718 47.68482549488544 0 0 0 0 0 0 0 2.007359713315964 0 0 0 0 0 0 0 0 25.13997122645378 0.1838136911392212 6.376695528626442 0 0 0 5.523696511983871 0 0.1504092216491699 0 0 0 0 0 0 1.481724381446838 2.156753733754158 0 0 0 0.3533069342374802 22.19473995268345 0 0 0.1990680247545242 4.396965324878693 364.4659574404359 44.56835782527924 20.77726547420025 0 0 0.6429131031036377 0 0 0 0.2342691943049431 0.1270789355039597 0 0 0 241.047826513648 446.62864176929 7.256193161010742 4.07708290964365 0.6580861061811447 0 0.5887543559074402 0 0 10.18780770897865 0 0 0.2557625472545624 10.01290188729763 0.1192219480872154 1.76940855383873 0 23.16625027358532 16.29710960388184 15.7492751032114 2.809250861406326 3.582319349050522 0 0 1.890138179063797 510.3072915822268 97.99491809308529 29.53319941461086 4.393477499485016 434.0690315961838 0 0 1.319337546825409 0 0 19.28332747519016 0 0.8831604570150375 0.2688503265380859 0.1974072903394699 0.3079825043678284 4.258509635925293 0.81407830119133 4.612330198287964 0.4523163139820099 0.1574251502752304 0.3274560868740082 0 0.1697421222925186 0 0 0 0 0 0 0 0.2462926656007767 0 0 0.4663494378328323 0 0.3589624762535095 1.807790160179138 0.2035487592220306 0 0 0.4260895252227783 0 0 0.7024189531803131 1.379730463027954 2.456616118550301 1.181509792804718 2.15061517059803 0 0 0 0 0 1.130529761314392 0 0 0.2658990025520325 0 0 0 2.647274523973465 0 0 0 0.1849196553230286 0 1.824148297309875 0 0 0.263894259929657 2.788207799196243 0 0 0 0 0 0 0 0 0 2.503289222717285 1.573866367340088 0 0 0.3461093902587891 0.4311191141605377 0.1680269986391068 0.2280840426683426 0 0 0.2362498044967651 0 0.2048020511865616 0 0 0 0 0 0 0 0.7593321204185486 0.8766903728246689 1.475193977355957 2.637988656759262 2.724804177880287 0.8978241682052612 3.870176672935486 0.8445669561624527 330.0879684090614 14.86789214611053 1.108216673135757 0.8258092105388641 0.426491767168045 0 0.3916553854942322 0 1.549605995416641 0 0 0.4124508798122406 0 0
2834.773527681828 3207.441164605319 377.2981831133366 1034.512566357851 3125.896982632577 712.0501186102629 0 7.749168314039707 1742.651832222939 3691.412779405713 189.1328333541751 568.3855717033148 15003.22073966265 2326.352856650949 42.57304288446903 4.291485652327538 1.521819211542606 0.5720683485269547 0.4881654381752014 0.2778148353099823 0.4592981785535812 0 0.5167327076196671 0 0.1509223729372025 2.952748790383339 0.1378262042999268 3.350734829902649 3.578983992338181 0.5111689195036888 429.5504655092955 36.97234974056482 2.79319766163826 0 0 0.8748832643032074 3.469702407717705 0 0.2024854570627213 0.5271851867437363 1.145270109176636 4.318772360682487 0.1455752849578857 0.7789207547903061 0 0.1891892999410629 504.9143307209015 17.50986570864916 2.32386402785778 0.8009399622678757 19.5398912280798 0.1089790016412735 0.1075789108872414 1.53110296279192 57.44803855568171 50.04408532381058 182.1955739334226 464.3103263452649 131.8815719410777 96.45138812810183 0.978537492454052 0 0 121.7002137899399 37.61491286754608 44.13838785886765 26.62955743819475 24.67797219008207 5.842039935290813 2.472809605300426 45.88950647413731 56.61983986198902 0 512.9016834720969 143.1466973647475 215.7979280725121 197.3619415163994 5.238102935254574 0 18.3559013903141 1.604357346892357 2.161624982953072 51.49474062770605 0.1065972670912743 35.62613470852375 56.06483285874128 15.0015252828598 0.4151861071586609 27.75047937780619 0.2344469353556633 15.32624018937349 4.08310716599226 4.385308153927326 4.298913717269897 4.97616758197546 1991.228563025594 1.00636950135231 0 0.6555416584014893 318.3436198607087 5.601883843541145 20.72993567585945 94.11491891741753 9.770977035164833 40.43177756667137 585.421400308609 15.50239802896976 395.6522800475359 85.77533778548241 169.8183018118143 85.20737677812576 984.8111078590155 246.3021556586027 615.5881113111973 103.7138147503138 0.2203697562217712 0.9956077933311462 0 0 0 0 0 0 0 0 0 0 0 0 0 0 0 0 0 40.33382201194763 4.501460209488869 0 0 0 14.66058857738972 28.40006897598505 40.2533203959465 0.5040348619222641 0.3479294180870056 0.1277033090591431 0.1165921688079834 0 0 0 0 0 7.203894734382629 5.55720716714859 1.185056664049625 0.1105120629072189 0 0 0.9071281105279922 2.855488553643227 2.721095860004425 2.758407041430473 6.524392068386078 42.66811560094357 0.5696159601211548 0.6174424886703491 0.2577798441052437 222.0833763629198 1.449036359786987 2.400369077920914 5.646752916276455 1.491261065006256 3.546190865337849 2.557843193411827 2.703220099210739 0.227477990090847 0.3913067281246185 103.1143473535776 6.955230131745338 0 0.6490310654044151 1.502633891999722 103.3337852060795 11.23577509820461 45.24648013710976 14.12237554788589 11.61446663737297 6.359480142593384 0 3.427808970212936 4.696312308311462 0.6336773037910461 0.616895779967308 0.2112164199352264 3.852225996553898 1.887391611933708 0.3790883421897888 1.674000710248947 56.4738762229681 19.07442009449005 2.571215391159058 811.7330577522516 166.3234064280987 1172.042120039463 393.0273510366678 1502.653436847031 418.0760660842061 12.32727543264627 247.014971062541 28.92377964407206 3.669077754020691 64.74401852488518 3.121325016021729 157.9303999245167 5.934889078140259 1.127829931676388 5.477442368865013 7.040275856852531 0
6.778120204806328 59.55846752226353 2445.80645223707 0 42.58773936331272 0 7.749168314039707 0 12.44911287724972 0 600.698416903615 0.8319439291954041 39.21306128054857 236.7138071283698 61.85475425422192 24.0711429938674 7.054510287940502 14.05042573809624 1.723593309521675 80.8033798635006 159.2571887001395 0 3.085326328873634 2.480441674590111 9.106448277831078 10.39327425509691 0 3.506358817219734 0.3951023817062378 0 1245.675432220101 1231.270862177014 19.36361671984196 7.977564096450806 0.289914608001709 15.63133618980646 7.862983219325542 9.322924718260765 2.978781536221504 4.098343744874001 60.14141375571489 16.51793804764748 44.0862475335598 6.630283020436764 7.3960947021842 3.995582476258278 263.0329371318221 8.090652033686638 6.356131613254547 47.88570176810026 12.27716302871704 0.5783927440643311 0.1580856889486313 2.911675587296486 6.463008433580399 6.692575082182884 19.7262913659215 139.1529155373573 10.8315304890275 28.19291490316391 289.9764029160142 117.8656244724989 10.59289595484734 321.125590711832 4.116996623575687 13.21110405772924 10.01901336014271 71.94662044942379 177.9302843734622 453.0868706852198 5.464244544506073 3.237230911850929 0 108.7780566811562 91.94617962837219 137.7824767306447 305.2598821595311 50.54900702089071 598.0618900954723 2620.913070864975 127.1616189926863 4079.26435123384 7.478297650814056 0 11.99160497635603 9.476235456764698 59.62446326762438 0 4.731146149337292 0 3.834291256964207 0.6917766556143761 94.08789958804846 5.121876262128353 3.441008552908897 2.954525113105774 0 0 0.6925956755876541 21.42268066108227 0 0 0 0 0 2.785551965236664 0 2.417246997356415 0 0 0 1.134780526161194 1.035225987434387 1.820451781153679 2.786436557769775 0 0 0 0 0 0 0 0 0 0.3229279071092606 0.1279525905847549 0 0.09791205823421478 0 0 0.9095624014735222 0.1106500849127769 0.3568350374698639 0 0 0 0 0 0 0.831377387046814 2.207673668861389 1.364508494734764 0.2816104888916016 0.2766865268349648 0.5364351272583008 0.9698591008782387 0 0 0 0 0.4677534997463226 0 0.2142897844314575 0.7561147809028625 0.260634183883667 0.2620527967810631 0.1098836064338684 2.240725249052048 0 0 0 0 0 0 0 0.1048660278320312 3.081134259700775 0 0 0.9254078418016434 0.6227070540189743 0.1482126861810684 0.1318099945783615 0.7491565719246864 0.7783113420009613 1.30418772995472 1.742849290370941 0.4572815299034119 0 0.1774576306343079 1.721117608249187 1.530844539403915 0 0.1263701468706131 0 0 0 0 0.1603101193904877 0.1373710036277771 0 0 0 0.7771018594503403 0.8818543329834938 0.3441849648952484 0.8484210222959518 0 0 1.518078863620758 200.2178913652897 57.56847070902586 345.0422410368919 86.40198191255331 22.17601948231459 43.86201084405184 2.162362985312939 64.95310831069946 2.334600664675236 0.2093152701854706 1.075780473649502 0.15760537981987 1.119107246398926 1.093749761581421 0 0.4419833421707153 2.162759065628052 0.1482031941413879
8.130293592810631 399.9541734978557 190.6672430559993 6.169658556580544 4393.428969308734 32.53097876906395 1742.651832222939 12.44911287724972 0 383.4114422351122 767.8410261273384 75.23583613336086 3342.825132161379 4731.373185642064 46.10032729804516 5.293562859296799 0.7710061222314835 0 0.10716462880373 0 0 0 0 0 0.3725417107343674 0.8044403567910194 0.1116641461849213 2.655544295907021 3.369358196854591 0 83.64582596719265 10.43037509918213 3.2487882822752 0.2978915572166443 0 0 2.200023360550404 0.5881700664758682 0.3764719218015671 1.704682514071465 0.9033046960830688 2.261293716728687 0 0.8856236487627029 0 0.2026331424713135 297.1480865329504 2.494949571788311 1.054973751306534 0 5.296757258474827 0.3061818331480026 0 1.966530919075012 12.9646100923419 14.41017827391624 21.94340631365776 36.01181965321302 31.50988109409809 35.29500180482864 1.660910248756409 1.223631493747234 0 36.6549437046051 8.941674076020718 9.169777244329453 6.084588684141636 7.514728985726833 1.491551719605923 2.032343544065952 34.36150563508272 101.1118196696043 0.7749583125114441 100.4082961603999 26.19630851596594 126.2529152855277 92.50458180904388 9.547177664935589 0 7.744527295231819 1.107367128133774 0.9416016787290573 12.59494047611952 0.1320320665836334 9.300154447555542 14.7821437343955 2.609622739255428 0.1119273528456688 6.851308934390545 0.1390493959188461 3.77462088316679 0.5818474143743515 2.069003142416477 1.024173900485039 2.020751744508743 369.2158230096102 2.414315566420555 0 1.618983820080757 15.65940769016743 12.49526610970497 14.36322222650051 68.13994221389294 7.409642949700356 59.20427021384239 588.7589679956436 6.364774599671364 433.4633005261421 78.91941785812378 83.62681044638157 73.34696443378925 948.6045940071344 244.305024087429 618.8725986331701 159.5771051943302 0.5103038549423218 1.437202662229538 0 0 0 0 0.5413102507591248 0 0 0.1622847616672516 0 0 0 0 0 0.231812909245491 0 0 0 62.36378356814384 1.565064042806625 0 0 0 28.75176180899143 43.27228985726833 56.08627985417843 2.211052417755127 0 0.2349289804697037 0 0 0 0.5332046747207642 0.2224153578281403 0 13.98381507396698 9.916371643543243 1.42058376967907 2.602555483579636 0.1576917916536331 0 0.3637404888868332 5.551052764058113 5.51630012691021 6.806789271533489 14.26792830228806 86.17829872667789 0.4594367146492004 0.5308693647384644 0 412.6536582559347 5.066948860883713 5.0908482670784 12.55001677572727 0.7419896051287651 4.285444609820843 1.122044920921326 1.850384786725044 0 0.1387534439563751 160.9478330463171 10.99334153532982 0 0.556002102792263 2.187089845538139 154.6816968023777 18.94651997089386 76.66356149315834 27.82232692837715 25.0379768460989 14.55332727730274 2.084046393632889 1.702721893787384 8.398416742682457 0.4543852508068085 0 0.4069945365190506 2.935251489281654 2.571326643228531 0.1624696105718613 0.4547543525695801 44.91153977811337 31.1970996260643 4.963638082146645 835.6168418377638 93.54929701238871 608.4621863141656 286.8918879106641 143.488097935915 199.0010682940483 5.452455133199692 274.718712978065 32.38675600290298 5.596431031823158 109.042656339705 6.258306741714478 111.7093055695295 14.46782927215099 3.838472217321396 16.38138067722321 6.431493744254112 0
1364.801684126258 385.4220156818628 16.59659648686647 1398.011750400066 272.6448575854301 514.8425752818584 3691.412779405713 0 383.4114422351122 0 7.5822963565588 2176.962702125311 10522.1182718426 83.76717860996723 3.052353635430336 0.1443583965301514 0 0 0 0 0 0 0 0 0 0 0 0 0 0 42.74561293423176 1.394041568040848 3.127925395965576 0 0 0 3.784066528081894 0 0 0.9976711273193359 0 0 0 0 0 0 17.95444613695145 0.2495719566941261 0 0 0.8272516280412674 0 0 0 2.820906057953835 2.497295647859573 50.584955483675 77.45496000349522 7.579807355999947 2.773487113416195 0.874999463558197 0 0 2.456901706755161 1.183742001652718 1.617039635777473 0.7194657474756241 1.146767362952232 0 0.1597210019826889 300.0276042371988 59.48627151548862 0 40.18335946649313 9.742851436138153 5.387951493263245 4.889093734323978 0.1781797707080841 0 2.881550371646881 0 0 1.823288127779961 0 0.9507944136857986 1.557670250535011 0.9596229046583176 0 1.795480415225029 0 0.5021552368998528 0.4341686069965363 0.1403987109661102 0 0 787.1835622638464 1.296738505363464 0 1.495818436145782 295.9481028616428 5.42322051525116 16.05183124542236 46.92855457961559 3.289831161499023 13.39398267865181 326.6219875216484 12.84235645830631 150.0099156200886 39.99353832006454 87.0314754396677 17.90885236859322 398.3202865868807 76.34290060400963 248.6462416797876 46.70588821172714 0.8747009932994843 1.059672027826309 0 0 0 0 0 0 0 0 0 0 0 0 0 0 0 0 0 18.07120944559574 0.3327918350696564 0 0 0 21.21415588259697 25.804189234972 47.94095481932163 3.063118577003479 0 0 0 0 0 0 0 0 1.704775393009186 3.36469954252243 0.8008095622062683 0 0 0 0 0.1973321139812469 0.4678706228733063 1.187215849757195 6.342255800962448 37.51791822910309 0.2216121256351471 0 0 121.9908508807421 2.330925703048706 1.953730225563049 2.707345329225063 0 1.445954263210297 0.7572961747646332 0.7621577531099319 0 0 52.19215558469296 14.20389756560326 0 0 0 41.22431701421738 3.139490842819214 35.67070424556732 9.692409485578537 10.91284054517746 5.656225547194481 0 0.8339316844940186 2.902370944619179 0 0 0 0.9781355783343315 0.9901235103607178 0 0 25.6310156583786 5.471099868416786 5.063366770744324 115.5196806043386 3.042493417859077 57.20064119249582 13.24734628200531 762.2913637235761 13.68160512298346 0.4207672476768494 23.95336116850376 10.5342036485672 0 48.8515897244215 0.9157121181488037 131.4642089307308 3.658388018608093 0 6.024521887302399 0 0
64.03951445221901 1510.233226433396 9192.874792054296 0.2011213153600693 1167.625099793077 4.389556795358658 189.1328333541751 600.698416903615 767.8410261273384 7.5822963565588 0 47.64098793268204 1490.442933931947 4474.446555554867 102.5263191536069 33.9447500705719 1.431673660874367 0.5829298794269562 0.3000515848398209 1.748255029320717 11.97726349532604 0 0 0.5152346789836884 9.384374640882015 7.612045094370842 0.4588936939835548 3.777942053973675 2.044310569763184 0 515.59926571697 162.8364520296454 72.4637219235301 0.1761878430843353 0.3120110630989075 14.28357425332069 45.46495422720909 19.76936314254999 5.291504643857479 12.2338452488184 15.84278433024883 4.944690577685833 0.4761461317539215 4.265917122364044 0.1685529798269272 0 361.0908958986402 5.016120359301567 2.454222925007343 2.470351956784725 11.02324720472097 0 0 0.9535392820835114 11.53392722457647 13.31377720087767 24.94406918436289 140.9263353794813 25.80847068876028 42.20111522823572 6.72773826867342 13.74762330949306 3.251273900270462 91.29958135634661 8.124008722603321 12.09042807668447 11.66382525861263 24.12883668392897 34.62248878926039 60.72491258382797 35.22060207277536 46.09715190529823 0 131.7333187609911 65.71476595848799 172.4605362266302 165.8676524236798 25.21451164036989 11.88171199709177 182.6662084683776 1.498002767562866 59.13213854283094 12.303008005023 0 9.954634681344032 13.75227262824774 8.438231162726879 0.2664815783500671 8.513179376721382 0.1203785687685013 6.537166655063629 0.6039560586214066 43.22094811499119 4.622670412063599 0.7334405407309532 49.17245730757713 2.928616434335709 0 1.567235857248306 49.80462096631527 1.471233487129211 0.8964910805225372 1.520763635635376 0 2.430843710899353 43.57783818244934 1.492281913757324 32.68301342427731 3.303503394126892 2.893419429659843 1.688486635684967 48.08632814884186 9.394921198487282 49.84379841387272 12.38191038370132 0.464927464723587 0.3204351812601089 0 0 0 0 0.9475140795111656 0 0 1.272840723395348 0.6325308829545975 0.2355101183056831 0 0.1709692627191544 0.2161052525043488 1.31191935390234 0 0.9862179607152939 0.1119385287165642 1.454041540622711 0 0 0.5725488290190697 0 9.889568723738194 7.923276886343956 17.9842821881175 2.183280602097511 0.2269326224923134 1.269659668207169 0.1257939785718918 0.1134888008236885 0 0 0 0.3889933377504349 0.7263213843107224 1.23797132819891 0 0 0.3595974147319794 0.2230164557695389 2.82512441277504 0.6390550434589386 0.7803663611412048 0.632778525352478 2.567237913608551 7.289792418479919 0 0.2820555940270424 0.1593577265739441 43.237694054842 0 0 2.085413627326488 0.6496499925851822 0.7992015331983566 0.9762776494026184 0.2956704795360565 0.3801874816417694 0.8297568336129189 27.06990328431129 9.060043275356293 0 0.6436919271945953 0.9885176494717598 19.81874686479568 3.015402853488922 6.305835247039795 2.087811708450317 1.748444452881813 1.133643418550491 1.228560835123062 0 1.680465765297413 0 0.211182564496994 0.1076899990439415 1.991321250796318 0.6329734623432159 0.1412584632635117 0.5810578241944313 4.73774316906929 3.850866392254829 3.064959369599819 665.4265082776546 72.75677199661732 548.9344619587064 204.830100685358 92.25340935587883 110.9607251659036 3.520314157009125 240.7694863379002 11.57016222923994 1.481938064098358 14.6998161226511 0.5474520325660706 10.56925955414772 1.673104524612427 0 1.742969632148743 5.549147911369801 0
115.9168910235167 103.8537850081921 13.90556007623672 299.115118265152 29.17962393164635 170.1127535104752 568.3855717033148 0.8319439291954041 75.23583613336086 2176.962702125311 47.64098793268204 0 911.8761311173439 237.301624327898 11.83601771295071 2.857595190405846 0.2000523805618286 0 0 0 0 0 0 0 0 0.1605049818754196 0 0 0 0.1904055625200272 10.82067231833935 0 3.276458606123924 0 0 0.2577704191207886 0.3726783394813538 0.6203676015138626 0.1754373461008072 0.1938787400722504 0.3128428906202316 0.1346950232982635 0.1448858082294464 0.1781794726848602 0 0 23.09717606753111 0.2492211312055588 0.2039929926395416 0 0.5320124477148056 0 0 0 0.5386121869087219 1.114571176469326 10.79164514690638 9.060096874833107 3.829006835818291 1.068730615079403 1.159870967268944 0 0 0.5268723219633102 0.3185050413012505 0.3767829388380051 0.3626271709799767 1.387346044182777 2.691140040755272 1.863396510481834 36.43543007969856 52.16917292773724 0 8.171373508870602 5.697081506252289 5.146409869194031 5.130302608013153 2.965077355504036 0 27.90905101597309 0 1.28686112165451 1.088990218937397 0 0.6014880165457726 0.5813606008887291 0.7117207050323486 0 0.2398259043693542 0 0 0 2.298754259943962 0.5347965657711029 0.3493275940418243 1412.067244678736 19.13986776769161 0 0 49.99061790108681 1.985228687524796 4.587832152843475 15.59322237968445 0.5609445571899414 3.650278136134148 115.4708271324635 4.899041563272476 79.35452397167683 12.92926071584225 25.30221897363663 18.73322206735611 212.638076633215 55.89036826789379 178.6868940144777 21.99969165027142 0 0.1743416339159012 0 0 0 0 0 0 0 0 0 0 0 0 0.225050188601017 0.1155764684081078 0 0 0 8.566251039505005 0.8792873620986938 0 0 0 3.960072621703148 6.815001957118511 8.780529260635376 1.552197694778442 0.2120714262127876 0 0 0 0 0 0.1167806833982468 0.4346706569194794 0.9567376971244812 0.1449377685785294 0.5408766865730286 0 0 0 0.171802431344986 0.8962985575199127 0.9692143201828003 1.433736234903336 1.67745266854763 22.51324272155762 0 0.5057873129844666 0.1345677077770233 84.21395842730999 0.8659746646881104 0.374105840921402 2.553014189004898 0 0.3907530903816223 0 0 0 0 37.14447303116322 7.615290090441704 0 0 0 22.64238147437572 5.069327354431152 20.28596796095371 5.743517428636551 7.532899439334869 6.335605204105377 0.1829704195261002 1.045676454901695 1.863691851496696 0 0 0 0.1239991337060928 0.2585442960262299 0.3360791802406311 0.7670229822397232 22.88594058156013 9.70885905623436 1.747137203812599 159.3286764770746 7.029874071478844 47.83832092583179 23.25880841910839 189.7157912403345 6.146842293441296 0.1429214775562286 56.96286480128765 7.272920541465282 1.183094382286072 21.73512325435877 0 22.74694108963013 0.9696781039237976 0 6.225351572036743 1.52714154869318 0.1779423356056213
323.9866982921958 721.8857313320041 222.8427391722798 777.1922808289528 1114.029584303498 484.1422659307718 15003.22073966265 39.21306128054857 3342.825132161379 10522.1182718426 1490.442933931947 911.8761311173439 0 8295.186478354037 308.3577081263065 129.1263751536608 16.83820726722479 3.88722138106823 0 5.717156171798706 9.618789583444595 3.329665049910545 0.160766988992691 0.4642749726772308 10.13256751000881 20.51992864906788 0 11.10697405040264 5.132348239421844 0.3879242986440659 54.89498240500689 8.672470234334469 1747.895143918693 0.590487614274025 0 61.08191624283791 263.373615026474 138.1922136843204 34.62096154689789 439.0930798351765 21.65181559324265 15.8001672104001 2.940302133560181 20.89666721969843 0.5085760205984116 4.277648240327835 476.4581897780299 4.210193760693073 4.135528020560741 5.547482408583164 15.62800036370754 6.340230360627174 3.766638457775116 3.225380375981331 8.912842862308025 14.194500207901 30.95090715587139 39.49802149087191 21.07134945690632 34.07974759489298 45.81999000906944 50.15931238234043 1.080673009157181 34.24562129378319 5.447621807456017 8.132923543453217 10.00707323104143 32.36378175020218 62.89891987293959 73.62820482254028 925.7877788022161 544.2978843525052 1.314127579331398 94.04067330062389 22.31584843993187 182.7285159379244 134.0964168384671 48.37712701410055 0.1423657685518265 1143.314223438501 5.9417365193367 21.85873716324568 10.17739050835371 1.078760519623756 7.22188188880682 12.43023916333914 10.3718356564641 1.053174436092377 8.161432713270187 2.741444602608681 6.853399634361267 3.912040062248707 69.45481257140636 14.81209667026997 4.020517781376839 6449.723755136132 219.8942743390799 1.423118367791176 5.043246358633041 120.3739259094 11.08828321099281 12.04336053133011 75.11744183301926 9.599025085568428 58.39489568769932 907.8670418858528 13.87269753217697 517.7246817052364 105.2933489233255 138.0554238706827 116.9104137271643 1381.814593583345 472.0568744987249 1122.560458898544 260.7625196054578 6.537396281957626 6.969195604324341 0.2106910943984985 1.806342408061028 0.2638458460569382 0 1.017161704599857 0.1781185865402222 0.2590073868632317 2.388089969754219 1.570754498243332 0.9760725051164627 1.60498658567667 0.8341289013624191 1.962172888219357 3.53934458643198 1.523510165512562 1.912454970180988 0.8925453126430511 58.6785634458065 8.057507544755936 0.4957584664225578 5.403828248381615 0.4229140058159828 60.55927018076181 92.93975273519754 137.6860290020704 12.11439461261034 7.582247272133827 2.784358069300652 1.464332640171051 0.1411913186311722 0.3324791565537453 1.483862206339836 2.998045660555363 1.435707867145538 14.0567998290062 14.45330579578876 3.27159907668829 1.370395921170712 0.8741996437311172 4.541680805385113 5.287034101784229 4.863651692867279 9.304912656545639 11.58401269465685 8.591824665665627 86.37401915341616 1.185722768306732 8.307196520268917 8.725903652608395 537.4101222380996 8.712148532271385 3.679284535348415 13.5784609913826 3.637673154473305 4.519060514867306 3.693126142024994 3.086109556257725 0.4259828105568886 1.819299042224884 384.1364161893725 59.52267686277628 0.271849513053894 0.1605496108531952 6.527392588555813 183.4155840277672 44.53611019253731 94.73599661886692 31.54969671368599 33.7927603572607 14.12910082191229 5.440663695335388 5.421581141650677 11.91635929048061 0 0 0.1144104078412056 3.526765741407871 4.971663124859333 2.944423206150532 2.799759775400162 147.4085681140423 107.530780300498 31.21337296813726 1950.129104472697 214.7705089747906 919.7170759439468 570.7366664260626 723.4784682095051 195.7367110177875 14.95329363644123 888.899021551013 84.66890000551939 9.694219887256622 127.0983724147081 11.58831748366356 140.2003769725561 14.82798001170158 2.304694846272469 24.05231231451035 26.27060526609421 1.582931868731976
