0 3842.035875938833 1200.253780454397 2039.415081828833 446.3365272507071 372.7521337270737 1532.777280531824 125.1807314753532 101.3581556603312 525.1748558804393 287.3299807757139 27.24101470410824 255.7982599288225 220.3983382880688 4.510065734386444 2.467735081911087 0.2434035465121269 0.1148542761802673 0 0.5186907947063446 0 0 0.2836008667945862 0.3447566330432892 0.1477035135030746 0.1053510159254074 0 0.6511898636817932 0.1334639638662338 0 274.9747471958399 22.15965875983238 11.94661767780781 0 0.3207575976848602 0 4.944942310452461 0.2594809457659721 0.2157717049121857 0 3.957702815532684 0.5777811706066132 0 0.5000295266509056 0 0 31.32116321474314 2.796715833246708 0 0 0.28641477227211 0 0 0.6566065400838852 0.7650287598371506 3.25645986199379 119.1255370303988 600.9587712138891 12.88255003839731 7.634406737983227 0.3666922077536583 0.3614970222115517 0 10.18478997051716 2.185279577970505 1.014645531773567 0.498465359210968 0.6781284511089325 0.3764731362462044 0.651440218091011 7.533127136528492 6.949818044900894 0 127.3088727667928 57.81920815259218 17.3203491345048 7.477256961166859 1.905752778053284 0.4182744026184082 8.319290794432163 0.2819094955921173 0.4472961574792862 8.383485898375511 0.3028784692287445 1.864829555153847 1.330572038888931 2.339168280363083 0.5420619249343872 0.1058173179626465 0 0 0 0.324070893228054 0 0 190.7690156847239 39.85028724372387 1.093727007508278 0 1553.391428247094 0.107116587460041 0.237552285194397 0.7934402525424957 1.377209484577179 4.566447764635086 6.114109724760056 2.48652446269989 2.21555969119072 15.27602206170559 12.90290533006191 3.122612059116364 15.92305001616478 24.93447721004486 7.165509238839149 1.198481097817421 0.2564089000225067 0.7529828548431396 0 0.1383133083581924 0 0 0 0 0 0 0.1718124747276306 0 0 0 0 0 0 0 0 0.5753026902675629 1.239656373858452 0 0 0 1.302365481853485 0 0 0.472125232219696 0 0 0 0 0 0 0 0 1.278496235609055 4.390795037150383 0.1848458796739578 0 0 0 0 0 0 0 0.8013730645179749 0.6417655944824219 0 0 0 0.4593839943408966 0.929874449968338 0 0 0 0.2367099523544312 0 0 0 0 9.564572036266327 0 0 0 0 0 0 0 0.7048193514347076 3.082079283893108 0.9485717266798019 0 0.1307579129934311 0.1324506402015686 0 0.1811008900403976 0 0.09856512397527695 0 0 0 8.167871981859207 1.717188000679016 2.084111765027046 65.75121894478798 9.566958196461201 124.8801446929574 44.77759864926338 1401.816990397871 24.16224483400583 2.861263334751129 5.79689085483551 2.570031568408012 1.083995893597603 5.949359551072121 0 16.83878512680531 0 0 0.7501128315925598 5.005954518914223 0.3096372485160828
3842.035875938833 0 1475.061777241528 625.1076158508658 4050.794974498451 640.6736522987485 7320.475855134428 560.7957910597324 1961.181328974664 608.4992788732052 2085.257546685636 66.86057048290968 1794.657808028162 1119.158481426537 21.25181701779366 9.690831616520882 0.4874458089470863 0.7194124609231949 0 1.967715799808502 0.6905793249607086 0 0.7524175345897675 2.914879322052002 0.3865893259644508 1.683605201542377 1.596847608685493 1.545325972139835 1.216903209686279 0.6686535701155663 2149.848331615329 132.7236396670341 37.57299951463938 0.6380043923854828 2.036954760551453 0.5601030960679054 17.77353182435036 0.8557011410593987 1.202803187072277 0.3509610593318939 9.391236200928688 3.537800177931786 1.689410649240017 2.644341975450516 0.2200514748692513 0.4087339490652084 155.9767768904567 7.412418536841869 0.5124247223138809 0.7878395691514015 0.7518014460802078 0.3496676534414291 0 1.233962692320347 1.93852823972702 10.17753110080957 72.80024547874928 793.9804387167096 32.20535185188055 54.98178321123123 0.6859875470399857 0.8651000261306763 0 93.13699617236853 6.370618432760239 4.705007791519165 2.409899860620499 4.046248480677605 1.985290892422199 5.415558956563473 19.52480258047581 6.609281063079834 0 358.6385875046253 255.1851491481066 125.6818966716528 58.68221458047628 6.74195820838213 2.755813375115395 25.14061249792576 0.6196850389242172 1.004386231303215 28.58697193861008 0 6.542792551219463 5.368572033941746 9.167868345975876 0.9708316847681999 0.9194878339767456 0.1949120461940765 0.1317262053489685 0.4986521974205971 3.440106675028801 0.5081963539123535 1.805656164884567 127.3324744477868 2.973427757620811 0 0.5682526528835297 2505.324440911412 0.6034915149211884 1.164602264761925 4.313134640455246 1.056951850652695 8.833408042788506 18.95819546282291 4.647464632987976 4.921447023749352 64.13560834527016 26.82130008935928 5.67710343003273 34.26732395589352 79.10048823058605 29.18110649287701 15.44531148672104 0.7728795558214188 2.001103065907955 0 0 0 0 0 0 0 0.4381755590438843 0 0 0.1296961754560471 0 0 0 0 0 0 6.485985293984413 7.838165253400803 0 0 0 3.731296546757221 0 2.217549204826355 0.9063659757375717 0 0 0 0.1656553596258163 0 0.1615463197231293 0.1033356189727783 0.3185550570487976 3.689397349953651 7.982205897569656 0.2908269464969635 0 0.1479175686836243 0 0.6423669457435608 0 0 0 1.214528560638428 1.689467445015907 0 0.2377053946256638 0.3774262368679047 3.618536427617073 0.8268077224493027 0.2581156194210052 0.09571365267038345 0.3315827250480652 0 0.1319093853235245 0.1750722974538803 0 0.349309965968132 27.09377662837505 0 0 0.4263676702976227 0.1793118566274643 0.5277574211359024 0 0 3.562634892761707 5.32425956428051 7.759391069412231 0.7852179855108261 1.039936445653439 0.1152415499091148 0 0.1096335276961327 0 0.2288087159395218 0 0 0 17.49664784967899 8.600967966020107 4.005879186093807 211.4002920389175 55.33870618790388 487.5562995970249 107.237668260932 1078.195184275508 61.20234612375498 5.890330776572227 33.55269530415535 21.24283189326525 2.39070949703455 8.342952519655228 0.9164470732212067 16.43537703156471 2.662003174424171 0.5232825875282288 0 30.27722078561783 1.554098010063171
1200.253780454397 1475.061777241528 0 28.75923047214746 360.0814187154174 233.7363751381636 70.38182651996613 3138.552160136402 281.9536971449852 20.00722565501928 3189.393040709198 41.1454323977232 307.6344430521131 1353.096047766507 32.02194686979055 20.8181519433856 0.8976990878582001 4.206600368022919 0.3938626125454903 41.22257979214191 30.4171029701829 0.7583547830581665 109.222554564476 70.35599859058857 6.653467565774918 26.12077081203461 37.033336982131 24.68498808890581 1.657628230750561 1.73701636493206 4255.344015128911 518.1195834353566 221.8333571255207 10.55194631963968 90.02760945260525 25.56524947285652 108.7980747520924 28.2995140850544 5.96894071996212 2.622510030865669 327.5431062430143 56.73266812413931 37.19889698177576 10.60012754052877 1.215027943253517 3.254775084555149 127.9442383348942 5.544874154031277 1.860288336873055 9.857829190790653 5.18136490881443 4.666681036353111 0.3763121664524078 39.15988898277283 0.6868339851498604 7.974911764264107 44.15464424341917 779.1879538148642 16.93378146737814 26.26510930806398 11.06414829194546 18.25860957056284 18.93447853624821 422.4442756175995 4.750225946307182 7.087532676756382 6.237938076257706 21.74888691306114 52.24175569415092 255.5042221471667 56.7084889113903 26.04198630154133 0 197.8216081485152 255.638548322022 102.5243943557143 95.73543567210436 21.27642421424389 344.9947633445263 1082.642858460546 5.30395432561636 303.2535536885262 13.37105626612902 0 5.906982704997063 4.409505367279053 15.81707920879126 0.5560609772801399 1.036924190819263 2.176271498203278 2.91195322573185 2.246182695031166 115.5471838861704 13.23867571353912 13.36094612628222 128.591016292572 10.87876209616661 0 2.022042445838451 1206.629188492894 0.6074197888374329 0.3783451020717621 0.7412022948265076 0.4907776266336441 9.784396111965179 8.737208679318428 0.9614753723144531 5.341275960206985 24.38510265946388 14.96881712973118 5.176822572946548 36.8455453813076 53.21047225594521 23.25444796681404 22.70406913757324 0.5631303489208221 4.647811777889729 0 0 0 0 0.5940306186676025 0 0 0 2.965597987174988 0 0.137778714299202 0.1672090888023376 0 4.071814432740211 0 1.116180226206779 0 4.737831354141235 12.02907356619835 0 0 0 5.786687210202217 0 2.582955300807953 1.749977752566338 0.1416447311639786 0.9671808332204819 2.776299521327019 0.3752186298370361 0 0.330614760518074 0 0.7770217508077621 3.95533549040556 9.967368602752686 0.2595602571964264 0.6413328051567078 1.012360915541649 0 10.9229629561305 0.08393183350563049 0 0.09633565694093704 0.09704777598381042 1.056242242455482 0 0.4090754389762878 0 10.45876674354076 0.349885106086731 0 0.1174853593111038 0.3233778923749924 0.2932389825582504 1.541513063013554 0.4002425074577332 0.4113041907548904 2.597216166555882 39.61346869915724 2.942775741219521 0.2596853375434875 0.65969617664814 3.210349127650261 0.6289268434047699 0 0 7.731469593942165 6.358330547809601 7.422077685594559 1.532158672809601 0.9460166469216347 1.304267451167107 0 0.1503214687108994 0.1137472465634346 0.3150384724140167 0.255954921245575 0.2051252722740173 0 23.56840984523296 13.92975316941738 4.850859500467777 177.3762001767755 71.23376693576574 313.7554591819644 70.07454217970371 338.8066901117563 34.55644729733467 3.251907087862492 30.33275845646858 19.45439422130585 4.504945538938046 13.0347542911768 0.6181413233280182 9.478026121854782 0 0.2665448188781738 0.5463231801986694 5.279639609158039 0.9483699053525925
2039.415081828833 625.1076158508658 28.75923047214746 0 288.4074727892876 687.7265927046537 753.5962950289249 3.829571135342121 375.6256872788072 2575.501262418926 52.33272418379784 31.15919427573681 736.9298153594136 216.7009408548474 4.636226832866669 0.1466319710016251 0 0.245772622525692 0 0.1138276606798172 0 0 0.1811969429254532 0 0.110859252512455 0.1161319240927696 0 0.22884601354599 0.1242109015583992 0.1542184501886368 28.58441282808781 0.407866358757019 0.5500467419624329 0 0.1246982142329216 0 1.842109099030495 0.1152230203151703 0 0.1253282278776169 0 0.1921945810317993 0.1197007223963737 0.1783335655927658 0.1407956182956696 0.1105863526463509 61.10331588238478 2.445415049791336 0.1208036914467812 0.2437613531947136 0.1495881676673889 0 0 0 0.7804569527506828 5.260338373482227 23.11373046785593 264.1800321266055 11.53056403249502 17.87313943356276 0 0.1509891301393509 0 12.16060824692249 1.15092109888792 1.597635917365551 1.38191507011652 0.5460935235023499 0.9139315560460091 0 3.139012761414051 0.4357510507106781 0 138.4200870320201 67.39022321999073 39.39406614750624 12.20341853797436 0.1572774946689606 0.2357465550303459 0.5171349197626114 0.2696461454033852 0 12.60241804271936 0 1.798154883086681 1.539327807724476 2.531587898731232 0.6240355670452118 0.1301131695508957 0 0 0.3426272571086884 0.3074039220809937 0 0 221.7283370196819 2.343500703573227 0 0 568.2610376849771 0 0 0.8512696325778961 0.4995049834251404 1.550920754671097 13.26182286441326 3.955096259713173 4.111965611577034 40.94676421582699 27.06164629757404 2.309410452842712 26.63120031356812 31.87024255096912 5.309147968888283 4.365235045552254 0.79476597905159 0 0 0 0 0 0 0 0 0 0 0 0 0 0 0 0 0 0 1.738623529672623 2.478176176548004 0 0 0 0.2984122484922409 0 0.2869643867015839 0 0 0 0 0 0 0 0 0 1.167984783649445 0.9904414713382721 0 0 0 0 0 0 0 0 0 1.549542814493179 0 0 0 0 0.7650288045406342 0 0 0 0 0 0 0 0 4.430994153022766 2.998798847198486 0 0 0 0.3226976096630096 0 0 0.9688194245100021 0.1935945153236389 2.228269577026367 0 0.7609970569610596 0 0 0 0 0.229620099067688 0 0 0 10.3036994189024 0.6588480472564697 0.465069591999054 81.97708075493574 15.51694745570421 214.8314737007022 39.87716024369001 722.5590440034866 25.13035560399294 0.9666213616728783 10.80796923488379 2.632370643317699 0.1809577941894531 0 0 14.03792068362236 0.5343438386917114 0.1560417413711548 0 5.615405544638634 0
446.3365272507071 4050.794974498451 360.0814187154174 288.4074727892876 0 75.45639730989933 3592.792660750449 131.712362639606 6853.783376552165 368.1986562535167 2871.609830848873 42.1025708168745 285.9328145012259 1328.250055618584 23.2010443508625 2.254896782338619 0.321372851729393 0.8744678646326065 0.4645047187805176 1.482184737920761 1.015887767076492 0 0.1217176169157028 0.4615533128380775 0.2141758874058723 1.940328076481819 1.16298883408308 1.536342300474644 1.26541830599308 0.2410374730825424 272.0037296637893 12.26867178082466 3.836131647229195 0.135638415813446 0.09079617261886597 0.09824906289577484 6.534248150885105 1.045413225889206 0.4858481213450432 0.2061924412846565 0.7456408888101578 1.136784397065639 0.8939408585429192 1.221991203725338 0.1438283622264862 0.8410115018486977 227.2755554690957 6.139609985053539 0.4273411557078362 0.4614944234490395 0.656126968562603 0.3629985302686691 0.2300462126731873 0.9384242594242096 1.826910868287086 7.98585832118988 21.51393215358257 192.2367883771658 28.28894015401602 55.70985306799412 0.4144656956195831 0 0 104.0144947841763 5.535971283912659 3.918385073542595 2.488924689590931 2.17948155850172 2.063346154987812 0.6697231009602547 13.62984272837639 4.838081859052181 0 229.1368477493525 177.5222625210881 168.0379060208797 83.8811754360795 3.934640057384968 1.255878187716007 1.775315523147583 0.4484749212861061 1.831399850547314 19.8815344274044 0.2352220788598061 6.454068899154663 4.655139170587063 7.021673880517483 0.6031311526894569 0.7617773413658142 0 0.2586008235812187 0 0.5433727651834488 0.4696240648627281 1.172940716147423 42.89166802912951 1.358586587011814 0 0 63.31383207440376 0.4294414818286896 0.7397231459617615 0 0.4097851812839508 5.163881450891495 13.18533480167389 2.186863154172897 5.635072395205498 98.35440470278263 20.7324201464653 4.536391660571098 35.79970820248127 73.9556231200695 25.7911337018013 13.9669803828001 0.1253002732992172 1.234498895704746 0 0 0 0 0.3989372849464417 0 0 0 0 0 0 0 0 0 0 0 0 6.186329260468483 5.788233548402786 0 0 0 2.518467798829079 0 2.098321437835693 2.111938312649727 0 0 0.1491096466779709 0.1290899664163589 0.1750306934118271 0.1412998139858246 0 0 3.776098802685738 8.915820926427841 0 0 0 0 0.316157266497612 0 0.421878844499588 0.2818168327212334 0 1.620793104171753 0.2416808605194092 0 0 4.488787889480591 1.01188500225544 0.3806335031986237 0.1930333226919174 0.212865062057972 0.1108947321772575 0.1193375065922737 0.1578263491392136 0 0.08795738965272903 17.20421364158392 0.517020046710968 0 0.3774321377277374 0.0978565514087677 0.8149275779724121 0 0 4.956658691167831 6.047098219394684 5.996669813990593 0.7166791558265686 0.1698388755321503 0.3580266386270523 0.5586087107658386 0.1160916984081268 0.1166482195258141 0.3247701972723007 0 0 0 18.27563316375017 5.229096375405788 1.132162772119045 261.0468114838004 54.27192245423794 497.472723081708 84.50248818099499 279.6962304264307 62.44356852024794 2.714928291738033 52.31842893362045 22.893783390522 2.49049025028944 7.025537170469761 1.0580078586936 8.413077026605606 0.6387733370065689 0.1541566848754883 0.45681431889534 10.20933265239 0
372.7521337270737 640.6736522987485 233.7363751381636 687.7265927046537 75.45639730989933 0 324.2832338437438 24.03069470822811 45.14316521584988 737.8991862386465 51.20639462769032 202.4503249228001 276.2452895268798 75.4920701533556 2.319939449429512 2.87059661000967 0 0.136279970407486 0 0.1695525497198105 0 0.4274893254041672 0 0 0 0 0 0 0 0 11.61644542217255 0.1319640725851059 9.548840627074242 0 0 0 31.92505790293217 0.3409395962953568 2.542866468429565 0 0.2128534018993378 0.1659016907215118 0.2230586111545563 0.4388245940208435 0 0.1727925688028336 8.173152402043343 0.4342205002903938 0 0 0 2.37416011095047 0.473904013633728 0 0 0.8795546889305115 340.6971557214856 81.80550094693899 7.388492949306965 2.310696184635162 1.242095902562141 0.9165746718645096 0 1.463101349771023 0 0 0 0 0 0.5515166670084 71.52706949412823 95.31946735084057 4.333308830857277 12.85150907933712 7.934069909155369 4.595656655728817 3.10721929371357 1.410043314099312 0 7.323608867824078 0.155693918466568 5.598816841840744 1.190463088452816 0.3132493197917938 0.1358553618192673 0 0.1662289500236511 3.383520200848579 0 3.181244939565659 0 0 0.447919175028801 0 0 438.6401142030954 218.0280805975199 31.61295190453529 11.087915122509 752.2020892500877 0 1.414715647697449 0.2551937997341156 0 0.3539181053638458 3.621456131339073 1.135486364364624 1.018784210085869 11.0067186653614 17.79490208625793 0.4781500101089478 10.0863469094038 17.15406423807144 4.492150321602821 0.7064273655414581 0.234984889626503 0.3207188546657562 0 0 0 0 0 0 0 0 0.1783349961042404 0 0 0 0.1757597327232361 0 0 0 0 1.056657403707504 0 0 0 0 0 0 0.2305188626050949 0 0 0.2193966209888458 0 0 0 0 0 0 0.5426650643348694 1.433922171592712 0 0 0 0 0 0 0 0 0 0.5609560012817383 0 0 0 0.193882018327713 0 0 0 0.1257296949625015 0 0 0 0 0 3.324022680521011 0 0 0 0 1.157779216766357 0 0 0.4425677359104156 0.9781824573874474 0.1936975419521332 0.1198675185441971 0.1491479128599167 0.1173645555973053 0 0 0 0 0 0 0 2.055956587195396 0 0.1487026363611221 31.36746881902218 2.294450327754021 20.40075904875994 9.667383015155792 549.8032884895802 6.718046456575394 0.1413828432559967 1.287085935473442 1.423969060182571 0.3156607449054718 1.528821811079979 0 17.87372678518295 0 0.2493939846754074 0 0.9446559995412827 0
1532.777280531824 7320.475855134428 70.38182651996613 753.5962950289249 3592.792660750449 324.2832338437438 0 13.13830567151308 1430.191983245313 1670.297368682921 246.4889226853848 181.2181019335985 4480.395157329738 1506.049079857767 25.5169081017375 7.863431699573994 0.4144212454557419 1.287322387099266 0 0.5420034155249596 0.8956725671887398 0 0.651984766125679 0.2716975808143616 0.8459991589188576 1.553036943078041 0.5959416329860687 1.811594262719154 0.7200058251619339 0.5350200533866882 181.6810822635889 6.929321326315403 3.109257936477661 0 0.1079155281186104 0 6.608629792928696 0.8395032659173012 0.727340504527092 0.2123088762164116 1.056241191923618 1.522123105823994 0.4652559459209442 2.410735249519348 0.227375902235508 0.6530559659004211 234.3244490176439 9.987785287201405 0.6684878841042519 1.042845599353313 1.532257430255413 0.841863140463829 0 1.747974812984467 1.766795441508293 11.88749397546053 38.49139620363712 362.0896729007363 35.93426771461964 63.4553687274456 0.5907129570841789 0.9324734061956406 0.1094054505228996 87.95115850865841 7.567178040742874 3.901459209620953 2.493289709091187 3.986098118126392 1.440548285841942 0.7779438942670822 10.56921084225178 2.44934569299221 0.2133701741695404 341.7512376978993 219.5825279727578 173.6872457265854 70.18602177500725 3.085790827870369 0.7324142903089523 1.892892390489578 0.1142638921737671 0.3319442942738533 29.64249747246504 0.244852788746357 8.822680458426476 6.569926716387272 8.678555950522423 1.112827770411968 0.7276187911629677 0.3840178996324539 0 0.2770599573850632 1.690820425748825 0.5388410016894341 0.8287240043282509 366.0437029749155 0.7858400940895081 0.1977453082799911 0.3033223450183868 303.258474253118 2.468837052583694 1.260076150298119 5.39985428750515 3.948122203350067 23.33730246126652 36.69951955974102 7.770800054073334 21.72740115225315 79.87285529077053 77.47131395339966 6.076996892690659 113.4949710071087 194.6601772010326 53.79490116238594 22.89844784140587 1.968877136707306 1.152218386530876 0 0 0 0 0 0 0 0 0.1678392738103867 0 0 0 0 0 0.1723921000957489 0 0.1633296459913254 12.73936925828457 11.33853022754192 0 0 0 2.377456970512867 0 5.87521804869175 1.344283849000931 0 0 0 0 0.4697297513484955 0.282312273979187 0 0 4.127321913838387 13.84739321470261 0 0 0 0 0.1621974408626556 0 0.1368760913610458 0 0 3.668596722185612 0 0 0.1209649443626404 3.975153297185898 1.282448694109917 0.4483993947505951 0.21293605864048 0.2968353778123856 0 0 0 0 0.2866817116737366 27.95445187389851 0.7361330986022949 0 0.3714338541030884 0.1626226752996445 0.9070490300655365 0.3632403314113617 0 6.066920578479767 13.12967543303967 7.1250861287117 1.795167341828346 1.053745284676552 0.2290867567062378 0 0 0 0.1943787187337875 0 0 0 67.72104269266129 6.519369497895241 6.37948352843523 310.1410272195935 67.58897838741541 621.5225330144167 117.4683528095484 671.6895173415542 83.86989988386631 5.112460047006607 55.45056936889887 28.89201454818249 4.694220714271069 13.76978025585413 0.6003811955451965 18.42414379119873 0.1510745882987976 1.517710536718369 0 122.4531936720014 1.049203589558601
125.1807314753532 560.7957910597324 3138.552160136402 3.829571135342121 131.712362639606 24.03069470822811 13.13830567151308 0 22.8152182623744 8.246564030647278 1649.894089415669 30.35195274651051 246.5648486018181 1300.398490965366 61.9123917222023 35.98538111895323 0.452543668448925 1.596626155078411 0.5078308656811714 10.07242096215487 9.959503903985023 0 57.33087748289108 40.65642038732767 9.907153263688087 19.73999167978764 36.26419302076101 15.35966232419014 1.289417371153831 2.847586989402771 449.1896084472537 1325.072200015187 415.8292160183191 2.599708572030067 51.01522792875767 25.6932857632637 134.2464371398091 37.95285138487816 5.408035196363926 3.518096968531609 164.9189906716347 33.05298261344433 7.137675940990448 12.87599147111177 1.362718634307384 1.671338893473148 249.2364737391472 3.021429397165775 1.669466026127338 2.917531922459602 2.22919800132513 1.924388721585274 0 14.9789187386632 0.3544278666377068 2.95567049831152 18.39190942049026 145.2495860084891 12.33604544401169 46.44250517338514 14.11234901845455 25.29099521785975 9.631941415369511 448.1933396607637 2.081485129892826 1.41397000849247 2.226424619555473 4.481490552425385 9.553286015987396 58.70258148759604 79.95627757161856 29.2513046041131 0 188.4103600382805 196.9377798587084 223.9016022458673 439.886045768857 245.3758083581924 611.8726092129946 1181.418177433312 9.891885034739971 503.6812160089612 11.11112845689058 0.2116124182939529 1.963005557656288 2.780640676617622 7.972682684659958 0.1232920214533806 0.4051652699708939 0 0.716595470905304 1.74434195458889 37.15333389490843 5.164636254310608 8.367266692221165 111.6230610609055 18.13294418156147 0 1.687681578099728 27.65555610507727 0.6764256656169891 0.1892447620630264 0.814885139465332 1.131560325622559 14.12269197404385 10.79255786538124 2.065339729189873 2.431754603981972 14.26756675541401 11.51673977077007 4.98477441072464 37.59198345243931 69.26304912567139 33.2415683567524 32.14180095493793 3.502297759056091 2.251930475234985 0.417987734079361 0.3081760033965111 0.1740470677614212 0 0 0 0 0 2.957396730780602 0 0 0.7686412632465363 0.2084964066743851 1.672792837023735 0.3623817563056946 0.8165386319160461 0.3273377120494843 4.795313119888306 10.21180975437164 0 0 0.2019131481647491 4.661440819501877 0 3.990994960069656 1.162538439035416 0 1.124216556549072 0.4882023483514786 1.011329963803291 0.2659904062747955 0.9391061812639236 0 0 3.884708657860756 16.89286223053932 0 0.3468205034732819 1.420741781592369 0.6714027225971222 8.35107159614563 0 0 0.2700732573866844 0.9839412868022919 1.867165237665176 0 0 0.2106813490390778 7.148661777377129 1.01859612762928 0.2187995463609695 0.3370343148708344 0.3131531104445457 0 0.2097052037715912 0 0.143228143453598 1.488470852375031 54.88929511606693 0.204376220703125 0.2042688876390457 0.2118606567382812 1.543679758906364 0 0 0 3.280970878899097 12.04411806166172 11.97800360620022 0.5129124373197556 1.005126118659973 0.1315803080797195 0 0 0 0.6886318027973175 0.1528136879205704 0 0.1914706230163574 27.35004733502865 19.77550719678402 6.521119140088558 266.0903377830982 44.27193915098906 436.7659519836307 81.82697451114655 66.71924445033073 34.05218208581209 2.955704532563686 48.38598719239235 20.96687828749418 3.553342953324318 20.39326956868172 0.6566496193408966 2.770304918289185 0.8170181512832642 0.3832541108131409 2.989718466997147 6.486676186323166 1.043578773736954
101.3581556603312 1961.181328974664 281.9536971449852 375.6256872788072 6853.783376552165 45.14316521584988 1430.191983245313 22.8152182623744 0 2200.638560533524 1716.129350863397 271.3292282596231 1853.734117999673 3037.640256047249 56.71528208255768 13.06002759933472 0.8337500840425491 0.7726514041423798 0.1183562576770782 0.4843389093875885 0.9018928557634354 0.1672383993864059 0.5247738808393478 1.013167545199394 0.6752552092075348 1.413056373596191 0.7642020583152771 1.984527945518494 0.8573686853051186 0.9853864684700966 137.7016223296523 11.86382193863392 8.861056461930275 0.144356831908226 0.1115888580679893 0 18.90007072687149 1.543236911296844 0.5752086639404297 0.612619049847126 1.766224548220634 1.258322633802891 0.2132003158330917 3.792184554040432 0.1101487800478935 1.831519812345505 327.6819293424487 5.415896102786064 0.3991925567388535 0.9889806658029556 0.5833396837115288 0.7748697996139526 0 2.273337095975876 1.738898143172264 8.516491569578648 18.73402402549982 116.1080325767398 26.85140892118216 59.98986928164959 2.116429917514324 1.504150494933128 0 95.10172933340073 5.076413281261921 1.924083918333054 2.428798079490662 1.277997612953186 0.9659358635544777 0.7304767668247223 62.29944767802954 14.77794976532459 0 231.7185826078057 127.8461206778884 230.4462251737714 119.4758771657944 8.144711703062057 0.532397948205471 1.852180324494839 0.2323653623461723 0.8116047382354736 15.01241596788168 0.1286761909723282 5.341790743172169 3.838571488857269 6.835218995809555 0.3024846687912941 0.692606046795845 0.4737246185541153 0.1158787533640862 0.8799571692943573 2.129783466458321 0.1247729435563087 0.2536447793245316 222.8657703250647 5.188391901552677 0 1.525121748447418 33.10049798339605 4.394602656364441 0.7957948744297028 12.42373766005039 3.86167773604393 51.0871279835701 72.29427120089531 11.47504484653473 35.81406106054783 153.2854300588369 110.3568752259016 34.88485923409462 248.5494953542948 383.8974810838699 147.8780944794416 100.9468130916357 3.064524948596954 7.799118220806122 0.114626832306385 0 0 0 0.298844963312149 0 0.1209629401564598 0 0 0.7268235683441162 0 0.5186308622360229 0.8745139390230179 0.2181048542261124 0 0 0.3697615563869476 26.18673677742481 36.5431906208396 0.1712255477905273 0 0 13.51669463515282 1.173646718263626 19.9728118032217 1.827534586191177 0.4883812367916107 0.4461560249328613 0.293224960565567 0.2907430231571198 0 0.3673491477966309 0.7209888994693756 0 15.66832119226456 43.58662728220224 0.8502017855644226 0 0.8022044748067856 0 0.9967580288648605 0 0 0.08654908090829849 2.169316597282887 8.748926684260368 0.4018039703369141 0.8320592418313026 0.1747300922870636 24.00050078332424 8.663255445659161 1.97568678855896 0.1263245493173599 0.6179517954587936 0.72803895175457 0.6346262991428375 0.12663733959198 0.151224672794342 0 104.8476080298424 1.806012645363808 0.1735386252403259 0.7802115976810455 0.35776387155056 5.444354400038719 0 0.8011595010757446 20.19332880526781 39.15060643851757 31.68557044863701 7.414222940802574 4.968335762619972 0.6092179045081139 0 0 0 1.188495635986328 0.1000443324446678 0 0 120.5570002198219 24.72861874103546 19.45592069625854 491.2028274089098 66.20353908091784 689.3749885335565 157.9224156662822 261.333556458354 97.36718043684959 7.409447818994522 96.23113679885864 48.32825439423323 10.19156678020954 51.32093559205532 5.467380002140999 27.63323952257633 5.257008731365204 1.750713050365448 3.604586064815521 22.52337244898081 2.789534389972687
525.1748558804393 608.4992788732052 20.00722565501928 2575.501262418926 368.1986562535167 737.8991862386465 1670.297368682921 8.246564030647278 2200.638560533524 0 386.2805019244552 1471.383128792048 5765.601208738983 988.035394243896 14.44409854710102 3.767441280186176 0.1234639063477516 0.2452359423041344 0.224875196814537 0.9195360839366913 0 0.2461608797311783 0.1645920276641846 0.2138286754488945 0.2480168491601944 0.3154150173068047 0.4813366830348969 0.8663301691412926 0.3440160602331161 0.1257444471120834 54.0707898363471 1.354866236448288 3.519332453608513 0 0.3878869861364365 0 14.04163525998592 0.3646311983466148 0.09825251996517181 0.1094717681407928 0.7828593254089355 0 0.4009664505720139 1.0602732822299 0.4225347861647606 0.5798396915197372 139.509150095284 4.117395006120205 0 0.586391493678093 0.4100172519683838 0.3675865530967712 0.1436857134103775 0.4850485324859619 1.041913464665413 5.524496383965015 44.15020281076431 178.6835397854447 21.6065938398242 35.45124391466379 0.1322302669286728 3.017476797103882 0 29.7423132956028 2.936667717993259 1.866668954491615 1.088346995413303 0.9893650710582733 0.7519836127758026 1.222567185759544 17.88022797554731 10.22660546004772 0 197.4690069109201 92.36423195898533 92.50383437424898 30.99982554465532 0.9098634049296379 0 1.138454794883728 0 2.046546652913094 13.98242801427841 0.2074794173240662 4.193127423524857 4.015680991113186 3.488628380000591 0.61044941842556 0 0 0.1212407946586609 0.5495356917381287 0.1384436041116714 0.1051075756549835 0 1128.771540239453 12.94804838299751 0.8202075362205505 2.610289439558983 346.2196943536401 2.85525293648243 6.562090843915939 20.64815154671669 14.71204990148544 69.69888718426228 132.6613786667585 42.7737999111414 39.90420813858509 295.2961563318968 268.399776533246 21.07946449518204 303.0471444576979 498.3059135079384 158.4402954429388 45.04028968513012 2.990258991718292 2.649358004331589 0 0.179704025387764 0 0 0 0 0 0 0 0 0 0 0.2963972389698029 0 0 0 0 28.52856816351414 30.97293943166733 0 0 0 2.227972142398357 0 5.212407678365707 1.931887313723564 0.7160975933074951 0 0.5081980526447296 0 0.5241875946521759 0.660300612449646 0 0 10.33219176530838 33.06723871827126 0.6966435015201569 0 0.1548199951648712 0 0.967189610004425 0 0 0 0.7834234237670898 7.777790099382401 0 0 0.1704014241695404 6.914435863494873 6.393978357315063 0.9978455603122711 0 0.4128403514623642 0.1100702062249184 0 0 0 0 32.57201328873634 1.272499918937683 0 0 0.1148906871676445 0 0 0 15.13267213106155 28.10213378071785 18.11287128925323 5.196173802018166 1.040457382798195 0.6086747348308563 0 0 0 0.2551305368542671 0 0 0 148.4603250771761 7.971611067652702 5.972071886062622 288.0548674166203 23.81614302098751 428.0419377014041 79.19596788287163 781.1773691102862 49.40812078118324 1.313814207911491 41.19279380887747 29.56340036541224 2.647386536002159 34.29460060596466 0.5840582847595215 122.8997455239296 5.079694986343384 0.1372832506895065 1.905589237809181 14.72168965637684 0.9814669489860535
287.3299807757139 2085.257546685636 3189.393040709198 52.33272418379784 2871.609830848873 51.20639462769032 246.4889226853848 1649.894089415669 1716.129350863397 386.2805019244552 0 277.6547030583024 1918.130178496242 6275.156555108726 126.0094620063901 63.25479190796614 1.249826967716217 2.466425031423569 0.5545568987727165 3.023050926625729 4.116456583142281 0.4212067723274231 22.5246597006917 24.466009311378 5.961071938276291 8.616715334355831 24.35577494651079 18.44480737298727 1.395184725522995 3.046974658966064 282.5457641929388 101.466916076839 829.0633924230933 1.927539005875587 17.55001410841942 11.87668377906084 226.9682599827647 25.40772438049316 6.350736141204834 4.016596153378487 86.74312046170235 21.53209882974625 3.629125542938709 26.81940340250731 0.9282010495662689 1.833685375750065 410.6740026026964 4.256698869168758 0.6353941932320595 2.154739074409008 2.784785524010658 2.439109414815903 0.2457554340362549 11.30629563331604 1.253844127058983 6.9871581569314 20.9830454364419 141.2823421657085 17.19040930271149 59.06799510866404 1.192822113633156 15.46617198735476 1.719580858945847 222.8450943827629 3.619584649801254 2.640617899596691 2.726503916084766 6.135109603404999 6.249914363026619 30.90319409966469 149.6590288057923 39.87630126625299 0.132997989654541 205.7986415848136 173.5402901470661 316.219767048955 260.0132053047419 61.13648658245802 127.7435018718243 710.5346938744187 1.100798539817333 4.8809415102005 14.25944925844669 0.1557022780179977 3.508332833647728 3.621661700308323 7.145576640963554 1.001091785728931 0.2648496106266975 0 1.243003666400909 0.3789486885070801 21.4363790974021 2.941103994846344 4.254672527313232 387.018942117691 24.38964235782623 0 3.411176308989525 66.18706458806992 3.232753276824951 0.9508174806833267 3.813291147351265 1.624192044138908 58.67502455413342 48.04969716072083 11.75710268318653 16.14549104869366 83.28551717102528 56.62020821869373 25.40997183322906 195.093201816082 300.5837134867907 142.9782917797565 90.05790475010872 5.018302068114281 5.305260218679905 0.9133390188217163 0 0 0.4718908965587616 0.3665139675140381 0 0 0.9121181964874268 1.562177389860153 0 0.6352570652961731 0 1.299979716539383 4.269089892506599 0 1.149607077240944 0.1470342427492142 30.41066628694534 48.77428328990936 0 0.2200023084878922 0 8.61034868657589 0.5479405522346497 13.23183365166187 3.954673066735268 0 0.9684206247329712 0.6862654387950897 0 0.5505159795284271 0.3196298182010651 0.5319811105728149 0.2168972790241241 14.13295704126358 48.99794900417328 0.1446240544319153 0 1.871357031166553 0.1993858367204666 4.845354631543159 0.297383576631546 0 0 0.5025661289691925 5.856636926531792 0 0 0 26.22121769189835 11.468396037817 1.889289528131485 0.3340430110692978 0.6147654503583908 0.2833731025457382 0.1452122032642365 0.3092663884162903 0.4019494950771332 0.253643125295639 117.2593456283212 2.850868210196495 0.3059351444244385 0 1.895086035132408 1.074132919311523 0 0 20.2650561183691 38.83686871826649 28.70234084874392 4.826390504837036 6.068173587322235 0.6955950707197189 0 0 0 0.3945566862821579 0.3942494988441467 0 0.308254599571228 133.8438164144754 32.11951227486134 16.84975615143776 736.064466483891 84.40097261220217 762.2569627165794 170.9586103633046 176.4388181716204 76.48944910615683 6.777756005525589 125.0560986697674 71.68517626076937 12.58008099347353 51.38586534559727 3.576585568487644 25.24468663334846 4.743640199303627 0.3250734210014343 4.262019693851471 14.15166510641575 2.991327568888664
27.24101470410824 66.86057048290968 41.1454323977232 31.15919427573681 42.1025708168745 202.4503249228001 181.2181019335985 30.35195274651051 271.3292282596231 1471.383128792048 277.6547030583024 0 1688.01863566041 364.1876927688718 26.3496700078249 25.40925425291061 1.038432255387306 0.1017771512269974 0 0 0.7321868091821671 0.2243519574403763 0.235222727060318 1.126491546630859 0.3333392590284348 1.546746924519539 5.491785928606987 2.132931083440781 0.3403943330049515 0 6.839345000684261 0.5112505927681923 27.39673771709204 0 0 0.1643334329128265 41.44391293078661 2.012433096766472 1.400604218244553 1.104460969567299 2.005822867155075 1.488826811313629 0 9.492991328239441 0 0.1575411558151245 47.69821964204311 0.9994633123278618 0 0.7084868252277374 0.1275129467248917 0.1848539859056473 0 0.7670081257820129 0.1434474736452103 0.6502861008048058 11.05613209307194 13.90013985335827 2.246047027409077 6.562541261315346 1.945534572005272 6.533761516213417 0 9.186400480568409 0.4822085723280907 0.4691020399332047 0 0.2336650565266609 0.3851620033383369 0.553740382194519 51.25490649044514 14.79570183157921 0 19.94371585547924 10.34764793515205 31.07409769296646 24.69652788341045 12.05488001555204 0.815987154841423 20.4706721752882 1.201047345995903 9.479671835899353 1.267503827810287 0 0.4190187752246857 0.5414222553372383 0.9650394096970558 0.1080565601587296 0 0 1.652302891016006 0.3251325190067291 0.1759626418352127 0 2.657060377299786 2352.023124113679 21.78498220443726 0 0.5580118000507355 78.65054457634687 1.996273785829544 1.443999573588371 7.766038149595261 7.781197652220726 38.14068268239498 55.85423064231873 20.63870984315872 19.45519688725471 95.33316622674465 107.0273661911488 14.37974210083485 168.448677778244 293.3200016766787 118.1543711870909 33.79094654321671 0.4618952721357346 2.981462173163891 0 0 0 0 0 0 0 0 0.1499781310558319 0 0 0 0 0.2848379611968994 0 0.2316472679376602 0 12.99534323811531 17.38074253499508 0 0 0 1.833790093660355 0.1444917321205139 0.4537541717290878 0.1702189296483994 0 0 0 0 0 0.9012323021888733 0 0 6.932372570037842 16.09249114245176 0 0 0 0 0 0 0 0 0 2.931133389472961 0.3094080090522766 0.1880549639463425 0 3.765924498438835 3.000902459025383 0.6520033776760101 0 0 0 0 0 0 0.1467171162366867 58.40073588490486 1.107685148715973 0 0 0 4.100820660591125 0.2271689921617508 0 6.218821547925472 11.13588024675846 9.519217230379581 1.965656153857708 0.8879294693470001 0 0 0 0 0 0 0 0 154.1336020380259 14.76594883203506 4.692436739802361 172.8975459262729 19.18042413890362 129.7327348738909 33.75317615270615 91.50919786840677 10.72251499444246 0.8774311095476151 30.52912234514952 14.63504485040903 4.463728055357933 12.43874248862267 1.274594664573669 26.44745023548603 0.3735198378562927 0 1.457326322793961 3.613114550709724 0.5527908205986023
