0 4218.012674249709 1759.270532511175 884.546875372529 248.7909244447947 379.5083735883236 641.3362445011735 38.69148847460747 79.83815984427929 1197.205855205655 214.9559803009033 33.21275952458382 262.8387613594532 73.52177228033543 3.85627444088459 0.5778032392263412 0.5218693912029266 0 0 0 0 0.4269680976867676 0 0 0.2830420359969139 0.4246561229228973 0 0.1702560186386108 0.446049302816391 0.3298414349555969 396.4389610663056 1.249813750386238 12.64160604029894 0.1157062351703644 0 1.052491173148155 2.458588927984238 0.2778246700763702 0 0.1109946891665459 0.4783374816179276 0.147702157497406 0 0.9894141256809235 0.2336218804121017 0 39.6743948161602 13.40539709478617 0.3165921717882156 0 0.6477470844984055 0.9664799422025681 0 0 8.25205060839653 16.10081924498081 977.285985738039 1271.702955231071 49.1163659542799 11.56273271888494 0.2036490440368652 3.121436096727848 0 1.690564766526222 10.89759645611048 3.450820848345757 0.5540821328759193 1.943353332579136 1.103957690298557 0.4272287935018539 46.6160092279315 52.70274981856346 0.7459807246923447 486.8434938341379 36.32272727042437 53.36118783056736 2.080665744841099 1.023768529295921 1.72045710682869 86.74264370650053 0.9313401430845261 3.187965556979179 50.84829970449209 2.276827603578568 6.764038808643818 5.054590426385403 7.220561109483242 0.9749205708503723 1.261265151202679 0.7075229585170746 0.4822465032339096 0.1983665078878403 0.816708117723465 0.1694634705781937 0.253409206867218 87.8484957665205 15.50023037195206 0.6999925374984741 1.399397805333138 1893.67838512361 0 0.729936957359314 0.6225284934043884 0.7717682123184204 0 4.445611044764519 0 4.467102140188217 3.564004153013229 8.007474839687347 0 22.97698104381561 30.64425551891327 15.96300779283047 3.499835908412933 0 0.6778668761253357 0 0 0 0 0 0 0 0 0 0 0 0 0 0 0.269696980714798 0 0 0 0 0 0 0 7.919728711247444 0 7.63113372027874 0.8724815249443054 0.1188577339053154 0 0 0 0 0 0.3619263470172882 0 0.3052743077278137 0 0 0 0.399335652589798 0 0 0 0 0.1822636872529984 0 0.6559731960296631 0 0.2311016470193863 0 0.633732944726944 0 0 0 0 0 0 0 0 0 14.32779303193092 0.2688723802566528 0 0 0 0 0 1.491789028048515 0 0 1.238524854183197 0 0 0.4474819302558899 0 0 0 0 0 0 0 11.92916066944599 2.530093848705292 1.676057547330856 221.2368485033512 18.43717206269503 167.410107858479 15.34651000797749 2422.307672604918 20.07623836398125 4.383079364895821 5.578096136450768 4.885081559419632 0 3.994301438331604 0.3649983704090118 44.85918414592743 0 0 0 0.8658527880907059 0
4218.012674249709 0 1657.285063557327 774.3345463275909 2170.292213760316 368.9008646160364 5613.247627161443 158.4736053720117 2788.521228402853 1070.05289684236 1856.248466916382 31.14652629941702 1905.018469393253 1419.132098831236 23.41318465769291 2.683395318686962 0.3076109439134598 0.7604407519102097 0 0.130155012011528 0 0 0.2499653398990631 0.1455264985561371 0.1653335839509964 0.5159709006547928 0.2606739401817322 0.2681254670023918 0.6597353667020798 0 1685.002787619829 5.856519363820553 34.85837116092443 0.1421477496623993 0.8747376352548599 1.535432785749435 3.432747110724449 1.002799458801746 0.7474197894334793 0.6575687974691391 1.483999565243721 0.5769285261631012 0.7611421048641205 0.7996320500969887 0.2100400775671005 0.4349641427397728 178.0583647787571 34.21326231211424 1.03274630010128 0.9437806457281113 1.003690212965012 0 0 0 18.17374387383461 31.59938415884972 343.8227797448635 1395.615250527859 46.50355089455843 60.41173410415649 0 1.886223450303078 0.7259184718132019 11.73978488147259 18.18645066767931 10.00830429047346 1.383674614131451 3.936566546559334 2.297377482056618 1.145119190216064 1.578882083296776 4.922793507575989 0 769.074096634984 115.2513556703925 211.3560953140259 13.27132814377546 2.367748662829399 0.3700925409793854 201.3971785753965 2.478623405098915 4.624415725469589 97.53102722764015 4.99660935997963 15.49276379495859 11.93893621116877 17.76920558512211 0.6292850077152252 1.891041375696659 0 1.169109344482422 0.4521308541297913 3.179060965776443 0.2880904972553253 1.259919434785843 133.0897774174809 1.090055108070374 0 0 904.3143780082464 0 0.765750527381897 1.401008427143097 0.4735372066497803 0.26552614569664 32.76684521138668 2.008724629878998 5.578358560800552 8.682770982384682 17.3600929826498 2.417388647794724 49.09808517992496 48.50854656100273 50.7086485773325 6.754124999046326 0.5961694717407227 0.5769088864326477 0 0 0 0 0 0 0 0 0 0 0 0 0 0 0 0 0 0.26228266954422 0 0 0 0 13.21299986541271 0 7.927851125597954 2.82366206496954 0.6894560903310776 0 0 0 0 0.7952604740858078 0 0 0.1592318415641785 1.281487494707108 0 0 0 0 0.1388546526432037 0 0 0 0 1.298344761133194 0 0.5165683031082153 0 11.5447641313076 0.2508947253227234 0.2775924801826477 0 0 0 0.1689271926879883 0 0 0.187921479344368 28.45625585317612 0 0 0.377033919095993 0.1017452031373978 0.8283423483371735 1.003539502620697 0.8129619359970093 0.5314361602067947 1.419303417205811 1.211841523647308 0 0.6518303751945496 0.484409898519516 0 0 0 0 0 0 0 17.95994679629803 3.985819324851036 1.037439979612827 254.616919875145 42.05379826575518 461.7480722889304 44.2756389901042 1418.514061152935 39.77242144942284 8.511467486619949 28.43702114373446 10.29222191870213 0.7357485145330429 2.265064090490341 0.8197624087333679 42.13848301768303 0 0 0.3197101354598999 1.136118650436401 0.2919893264770508
1759.270532511175 1657.285063557327 0 6.366710163652897 666.822656661272 13.55645793676376 171.5977228879929 1988.29076461494 496.8194364458323 19.39893168956041 3783.127685055137 6.651585936546326 168.6471514627337 825.9579720050097 34.05244519561529 19.76236908137798 3.128947034478188 2.891886301338673 0.9303568303585052 7.111530840396881 9.328294098377228 0.4470757246017456 0 0 13.92832241207361 0.76521335542202 0.3835792243480682 2.205340854823589 0.8112879619002342 0 4629.676035612822 612.8815257698298 117.886019513011 1.344031557440758 1.767399713397026 20.77867966890335 11.44188737124205 7.450169205665588 3.807276159524918 4.314844511449337 51.80543742328882 6.064609691500664 13.12206926196814 6.024534210562706 1.459618702530861 4.648344114422798 79.41689501702785 11.62568295001984 0.9934505075216293 12.9233115836978 7.355484798550606 1.964337080717087 0.139572873711586 2.055412381887436 4.142909429967403 8.935238860547543 166.8624935895205 1507.285799458623 18.9794701859355 22.15702083706856 19.92020547389984 5.926671788096428 11.155433639884 329.2698106616735 6.375161029398441 3.107565581798553 0.6330331340432167 7.871107749640942 40.30479345470667 51.45413248986006 8.978228986263275 16.26540733873844 0 348.0589409545064 147.8767246976495 100.6537818983197 37.19783897697926 7.38882664591074 118.5854764357209 1724.657549500465 27.33618645370007 261.7817588746548 32.69479169696569 0.4686901345849037 4.742973148822784 3.515366956591606 29.3781823515892 0 1.181201286613941 0 2.038146495819092 1.758123159408569 35.56510838121176 11.4148134291172 3.288165606558323 131.366617873311 4.495471030473709 0 0.2583563253283501 378.5895943790674 0 0 0.5286003947257996 0.3053714334964752 0.5640497207641602 3.693140879273415 0 1.946671679615974 1.760432228446007 1.132703840732574 0 20.42338278889656 33.38371185958385 27.98436437547207 6.855426803231239 1.334899678826332 0.6189865171909332 0 0.1257360279560089 0 0 0 0 0 0 0.2042118012905121 0 0 0 0 0.6387249007821083 0 0 0 0 0 0 0.125777930021286 0 13.65981602668762 0.1598625779151917 9.751985028386116 2.027960143983364 0.7043129578232765 0 0.3321110457181931 0.4221946448087692 0 0 1.549712300300598 1.375546991825104 0.3253467679023743 1.324037089943886 0.1489846259355545 0.1312339305877686 0.1636118590831757 0.1097178310155869 3.732519797980785 0 0 0 0 0.3136485815048218 0 0.9390946626663208 0 4.165495708584785 0 0 0 0 0.473161868751049 0.2874918282032013 0 0.5420819669961929 3.07343602180481 24.21497355401516 0.946647047996521 0 0.6236748993396759 2.283599063754082 0.1474036127328873 1.515713214874268 1.604946851730347 0.195511594414711 0.8184288889169693 0 1.066156178712845 0.360302060842514 0.1478446125984192 0 0 0 0.5168773680925369 0.2903652191162109 0 0.1848809570074081 15.01263232529163 7.221698522567749 5.947833210229874 129.4933767467737 35.00126455724239 204.3710161671042 29.29148454219103 151.8807484135032 11.31473708897829 3.080006219446659 26.35500477254391 7.465638905763626 2.293032795190811 2.2395009547472 0.2590106427669525 6.210862964391708 0.5246512740850449 0 1.148263901472092 0.5340795964002609 0.1881751120090485
884.546875372529 774.3345463275909 6.366710163652897 0 33.89472340792418 482.0928141474724 893.147027656436 0.2449682876467705 119.3600028678775 4063.689227715135 4.151061736047268 79.84707306325436 1825.967530719936 20.02004694193602 3.425473570823669 0.123988963663578 0 0 0 0 0.2655480653047562 0 0 0 0.238752543926239 0.1438344717025757 0 0 0 0 28.80658507347107 0.1119197160005569 1.449823454022408 0 0 0.121758259832859 2.557784542441368 0 0.2630226314067841 0 0.2897704541683197 0 0 0 0 0.1269240230321884 35.76492027938366 6.244976133108139 0.5020949989557266 0.2205855548381805 0.1221729218959808 0 0 0 3.208897396922112 6.143882408738136 62.79142992943525 135.8013246059418 7.406257636845112 14.41554547846317 0 0.2978501319885254 0 1.530239433050156 3.655547939240932 1.649799436330795 0.1070761829614639 0.9662443399429321 1.051095217466354 0.1620565354824066 1.933925360441208 5.062974154949188 0 145.3109020143747 19.71303197741508 42.6746983230114 1.771596975624561 0.3112832605838776 0 1.106083385646343 0.2733511999249458 0.2068543583154678 24.58116430789232 1.120843790471554 4.319816380739212 2.984585344791412 4.339448116719723 0 1.279383204877377 0 0 0.10853161662817 0 0.3616141378879547 0.1552428901195526 132.579217210412 0 0 0 194.4943299591541 0.1768300533294678 2.361087739467621 0 0 0 15.93540565669537 0.5632531642913818 3.806996554136276 6.128034919500351 5.103565722703934 0 34.04281613230705 49.3147559016943 47.97215208411217 9.109171316027641 0 0.5129013657569885 0 0 0 0 0 0 0 0 0 0 0 0 0 0 0 0 0 0 0 0 0 0 10.6368133276701 0 6.402171552181244 0.2756083607673645 0 0 0 0 0.2539897561073303 0 0.772259533405304 0 0.2572128772735596 0.5010477006435394 0.3253172338008881 0 0 0 0 0 0.4567004442214966 0 0 0 0 0 0 5.901889726519585 0 0 0 0.2888680100440979 0 0 0.1803121566772461 0 0 26.7545673251152 0 0 0 0 0.5784786939620972 0.2280341237783432 0.6070971190929413 0.8494775593280792 0 0.5737696886062622 0 0.4975029528141022 0.4132019877433777 0 0 0 0 0 0 0 22.25924102962017 2.653524994850159 3.2743821144104 149.9263260811567 9.354398049414158 104.2447510659695 11.79516360163689 1073.461039796472 8.460961893200874 1.248283982276917 4.013642780482769 7.885734960436821 0.377059131860733 4.888158351182938 1.671806782484055 40.41540652513504 0.2059027552604675 0 1.431634426116943 0.4962334334850311 0
248.7909244447947 2170.292213760316 666.822656661272 33.89472340792418 0 6.597066670656204 3261.752371184528 92.80746058374643 6944.039726652205 269.7355321869254 698.0760261416435 22.94268737733364 1325.864646919072 1558.486525073647 17.63523992151022 1.529802545905113 0.2863119393587112 0 0 0 0.6292720437049866 0 0 0 0 0.5994643568992615 0 0.6211603283882141 0.608078345656395 0 188.8947151526809 3.87133851647377 17.91067327558994 0 0.1088886260986328 0.5837598294019699 1.457213878631592 0.2431294545531273 0.1029318571090698 0.2204732447862625 1.159606091678143 0.2697282880544662 0 0.1597540676593781 0 0 143.9071376845241 17.58805005997419 1.105112247169018 0.1522982567548752 0.6043282449245453 0 0 0.1459872275590897 4.049858637154102 11.52272578328848 33.04797177016735 226.0458653643727 10.15222238749266 51.83549305051565 0.2085282057523727 0.614972785115242 0.686147928237915 19.16118414700031 7.242597378790379 4.995755419135094 0.6938548386096954 2.310551896691322 1.121002696454525 0.9873285219073296 2.616109877824783 3.788067132234573 0 201.8978596255183 72.56550929695368 141.635620392859 15.37877163290977 0.5230325758457184 0 78.01825021207333 0.1076211854815483 1.551851890981197 39.88183638453484 1.463449530303478 6.690269686281681 4.496352918446064 11.13545419275761 0 0.9174744486808777 0 0.5116026327013969 0.6277216970920563 0.6636543720960617 0.3403228521347046 0.1236012578010559 49.26441343873739 0 0 0 38.54949505627155 0 0 0 0 0 2.044366776943207 0 4.194013625383377 3.105429917573929 2.505198419094086 0.5888681411743164 18.39167653024197 26.17948587238789 28.12223413586617 3.840498417615891 0 0.8458994477987289 0 0 0 0 0 0 0 0 0 0 0.6218253374099731 0 0 0 0 0 0 0.3686749935150146 0 0 0 0 7.675021022558212 0 6.012389555573463 1.826268807053566 0.1569670438766479 0 0 0 0 0.7241033613681793 0 0 0.38726806640625 0.763621062040329 0 0 0 0.2183381617069244 0.1337661296129227 0 0.4372744858264923 0 0 0.9076678156852722 0 0.7661888897418976 0.2984232008457184 5.980376064777374 0 0 0 0 0 0 0 0 0.3459815680980682 18.38552613556385 0 0 0 0.2381328493356705 1.06688891351223 0 0.7147746682167053 1.15248030424118 0.1454306840896606 1.149645105004311 0.1658651530742645 0.3025944232940674 0.3067026138305664 0 0 0 0 0 0 0 10.47073310613632 2.895794034004211 2.344302609562874 125.8184109702706 26.0118672400713 278.7608121931553 35.55449111759663 181.6235276684165 26.53054381906986 3.909905530512333 21.56053660809994 5.537951543927193 0.1514967232942581 2.556153990328312 0.7534712851047516 9.619127631187439 0 0 0 1.723822578787804 0
379.5083735883236 368.9008646160364 13.55645793676376 482.0928141474724 6.597066670656204 0 156.3300098627806 3.427515685558319 16.98187525570393 675.8867367506027 10.61038929224014 152.2075665295124 382.6934790238738 10.0486081391573 0.3743245154619217 0 0 0 0 0 0 0.4847225099802017 0 0 0 0.3746966421604156 0 0 0 0 6.006652280688286 0 5.978205502033234 0 0 0 13.23198448121548 0 1.916146576404572 0 0 0 0 0.1120674163103104 0 0 1.221521615982056 0.2538769319653511 0 0 0 5.617038875818253 0.3485953509807587 0 0.5824905037879944 0 141.8260773196816 24.26004830002785 1.114222019910812 0 0.2736950218677521 9.363829463720322 0 0 0.36622354388237 0.1508632302284241 0 0 0 0 235.1924469918013 248.4978736341 4.73604328930378 8.639470048248768 1.165331244468689 1.951337322592735 0.1204204633831978 0 0 7.621968433260918 0 10.83921787142754 1.190925277769566 2.057639852166176 0.1326072216033936 0.5584725439548492 0.1175793334841728 3.608921974897385 1.860051542520523 10.39274269342422 0.3234488964080811 6.141240209341049 0.2616476118564606 0 0.5991911590099335 96.64975117146969 62.67628067731857 1.642080277204514 7.272586658596992 390.7790181934834 0 0 0.9596213102340698 0.4928922653198242 0.7256729006767273 5.264098674058914 3.947939991950989 3.184934213757515 6.969768732786179 11.5995300412178 0 16.72905942797661 23.36763672530651 19.69863951206207 0 0.3145422339439392 0.9380039870738983 0.1294144839048386 0.1755317896604538 0 0 0 0 0 0 0 0 0 0 0.8242898434400558 0 1.467892974615097 0.8660835325717926 0 0 0 0 0 0 3.239336505532265 0 0.9320295304059982 3.209230557084084 0.7014099210500717 0 0 0 0 1.0346789509058 0.9303551614284515 0 0 0 0 0 0 0 0 0 0 0 0 0.2360633611679077 0 0 0 0.2414376884698868 0.1793761849403381 0 0 0 0 0 0 0 0 10.26579600572586 1.357469499111176 0 0 0 0.5333033204078674 0 0 0 0 0.8259009718894958 0 0 0 0 0.5562583804130554 0 0 0 0 0 16.28710131347179 2.516364395618439 3.349313005805016 38.22136440873146 1.111981257796288 6.661733247339725 0.9444523304700851 187.2761263400316 0.9413144588470459 0.395898349583149 0.6270285844802856 1.76674023270607 0.2428171336650848 1.794919848442078 0 34.84687915444374 0 0 0.7525489926338196 0 0
641.3362445011735 5613.247627161443 171.5977228879929 893.147027656436 3261.752371184528 156.3300098627806 0 28.79796569049358 2151.641358189285 2020.532291084528 231.6807292625308 56.33494383096695 9471.499555565417 1213.037896722555 57.67652297765017 3.351482048630714 1.101200766861439 0.1704697459936142 0.311421811580658 0.6981502771377563 3.351887039840221 0.1618733704090118 0.3187777101993561 0 0.2278620526194572 2.524385869503021 0.3724797517061234 3.366349555552006 2.186705462634563 0 291.9852450713515 7.636639893054962 7.530724078416824 0.1367223858833313 0 0.6697403639554977 4.876722626388073 0.260750986635685 2.835144601762295 1.217959649860859 3.017509996891022 2.343652904033661 0.1168271452188492 0.2954978123307228 0.1385462284088135 0.6171946227550507 459.994996368885 52.56915529072285 0.8243532404303551 1.267299942672253 2.480825148522854 0 0 1.340650051832199 20.26786090433598 41.51453889161348 104.829523101449 590.2244714424014 42.32043717056513 155.5340812504292 0 0.896076925098896 0 44.66554511338472 30.61211129277945 14.85471045970917 2.327179998159409 6.631502747535706 2.832597434520721 2.179219253361225 6.132607996463776 11.05136220157146 0.1376218646764755 668.4837930202484 199.0624689012766 459.7348044663668 48.72848980128765 2.100551933050156 0.8636127859354019 22.58138387650251 0.6473795250058174 3.849104277789593 140.2616989836097 4.805177077651024 25.11574160307646 17.99301791191101 34.31758258491755 0.4898989796638489 3.76470335572958 0.125326856970787 0.9721410199999809 1.822199605405331 2.646793648600578 1.31702333688736 1.307423949241638 324.7154308184981 1.141395285725594 0 0.2560561895370483 109.7661263719201 3.810988798737526 1.571905210614204 10.36143638193607 6.138126775622368 1.547453463077545 57.42231157422066 3.636182188987732 28.28714069724083 54.85073678195477 24.0151379853487 1.217676356434822 189.3807523548603 171.3406018018723 164.6981565281749 31.44229185581207 1.599450588226318 1.631975263357162 0 0.933179646730423 0 0 1.045752048492432 0 0 0.3942152559757233 0 0 0 0 0 0.4023337066173553 0 0 0 4.585119009017944 0 0 0.4367992877960205 0 42.62588793039322 0 34.59915275871754 6.196604207158089 0.5194492042064667 0.6889080405235291 0.2321863919496536 0 0 0.3297363817691803 2.34976489841938 0.2492817938327789 4.32718051970005 9.012442544102669 1.159517213702202 0 0.1878235042095184 0.3568738102912903 0.7794486433267593 0.3691658079624176 0.5707532912492752 0.1230167597532272 0.4894392490386963 6.850748851895332 0 1.437086015939713 1.093760550022125 33.06347072124481 1.406839296221733 2.27290803194046 0.2097494974732399 0 0.4359355568885803 0.3821021765470505 0.1182960718870163 0 0 103.6984072029591 0.3882228136062622 0 0.2200806140899658 0 7.512861177325249 3.494349762797356 4.48405809700489 8.521180599927902 15.1659122556448 6.377330668270588 3.093286015093327 1.424131840467453 0.8329590186476707 0.09960932284593582 0 0 0.09180613607168198 0 0 0 70.21167424321175 14.34906622767448 8.162217028439045 473.6632466763258 108.8329834192991 898.1463778540492 124.4282306805253 1009.426380947232 82.84547556191683 16.25330213457346 71.9738013073802 21.88291749358177 2.306076295673847 23.83556628972292 2.75787777453661 65.64636220037937 1.658674210309982 0.1171978637576103 2.342627957463264 5.298356518149376 0.8563695698976517
38.69148847460747 158.4736053720117 1988.29076461494 0.2449682876467705 92.80746058374643 3.427515685558319 28.79796569049358 0 468.9699300602078 3.975305303931236 2684.125644743443 5.747284650802612 141.6980042085052 468.0626868382096 42.27514909952879 18.09503092616796 7.102097034454346 15.9506764113903 4.646003857254982 17.35574346780777 18.10875175893307 0.3058744966983795 0.7414249777793884 0.1595635414123535 16.95353150367737 0.5248035341501236 0 5.868186995387077 1.695810243487358 0.1221664547920227 991.8018146976829 3147.59012247622 43.09794235229492 10.55443376302719 4.465891882777214 25.79977615177631 17.53436326980591 13.86979852616787 8.800777927041054 10.73304500430822 107.4481767565012 13.07580076903105 56.34900012612343 6.817357897758484 10.13760635256767 55.64140313863754 97.16171000897884 11.5944686755538 7.772941172122955 66.43472935259342 10.92357402294874 0.5930160582065582 0 4.331532746553421 1.860278770327568 6.051093943417072 31.68302790075541 427.0877293944359 6.146085344254971 23.17000641673803 154.8121394738555 12.0791524797678 22.26978915929794 752.0448179990053 3.0296935364604 3.105359956622124 1.99964103102684 12.74693313986063 120.5243434906006 139.9293592274189 6.230855084955692 13.05401706695557 0.7504108101129532 172.7896532863379 180.0745694711804 112.9683845341206 362.0903551205993 236.3905292972922 724.5663763806224 2574.560699671507 847.0787416622043 1333.043438076973 19.64096242934465 0.45347910374403 2.397532775998116 1.540122985839844 70.53129385411739 0 0.4564338997006416 0 5.216644376516342 2.509571716189384 66.51149649918079 11.9528823941946 4.963381037116051 77.04532189667225 1.505325466394424 0 0.3536964952945709 12.32872371375561 0 0.8689292669296265 0 0 0 0.5304562449455261 0 2.161881655454636 0.5522838830947876 2.346682667732239 0.2252318859100342 8.325579181313515 12.2531269043684 11.02700555324554 2.289606153964996 1.221425667405128 1.963629245758057 0 2.432076081633568 0 0 0 0.4373274147510529 0 0.5504239201545715 1.29426221549511 0 0.3241637945175171 0 0.4138465076684952 0.4052039533853531 0.5616302713751793 0.266722172498703 0 0.1668511629104614 0.1751204431056976 0.4781351834535599 0 0 6.273422710597515 0 8.488993428647518 5.802152469754219 1.576665014028549 0 0.5925698727369308 0.3202549815177917 0.2053811997175217 0.778888463973999 1.904021680355072 0 0.7174964547157288 2.926120191812515 0.2657029032707214 0 0.1424400955438614 0.8233900666236877 5.618045993149281 0 0 0 0 0.1905912011861801 0 0.704565092921257 0 5.39945650100708 0.3230056315660477 0 0 0 0 0.520495168864727 0.2982120662927628 0.9901411980390549 7.140142247080803 11.40059715509415 0 0.6263323128223419 0.4682204276323318 2.998328499495983 0 0.5880802869796753 0.75875074416399 0 1.482030600309372 1.298103213310242 0.6821923702955246 0.6578635722398758 1.147789612412453 0 0 0 1.092594042420387 1.219637349247932 0.1876289397478104 0.3801321685314178 8.609483331441879 2.696265652775764 6.293907545506954 140.1543962880969 44.28868030011654 208.9541180580854 32.47773079574108 45.81912152469158 8.054115422070026 2.827429965138435 32.33264994621277 5.978799611330032 4.270916029810905 3.165630243718624 0.8832391276955605 7.641574084758759 0 0.1685743480920792 0.3888107091188431 1.316398955881596 0.525701642036438
79.83815984427929 2788.521228402853 496.8194364458323 119.3600028678775 6944.039726652205 16.98187525570393 2151.641358189285 468.9699300602078 0 244.475268676877 1669.175540342927 45.62693151831627 2622.582498334348 2563.559410706162 39.91469566524029 3.556679226458073 0.127664715051651 0 0 0 0.4335205107927322 0.1285526603460312 0 0 0.5250071883201599 0.9081562459468842 0 1.510328769683838 1.285007886588573 0.1686850041151047 90.01456351578236 7.777596324682236 8.030002191662788 0 0 0.2628506049513817 3.19063763320446 0.2104112654924393 0.2767352610826492 0.4041406661272049 1.35013721883297 0.5826673433184624 0.2395012006163597 1.151924878358841 0 0.155454009771347 182.2361029982567 12.03813873976469 0.2717130109667778 0.3597117215394974 0.9317992031574249 0 0 1.85267585515976 3.733635015785694 7.492018826305866 24.51088894158602 117.3453774601221 11.13325943797827 41.64127143472433 0.5426915287971497 0.9456409364938736 0.3931494057178497 13.45866151899099 4.700995303690434 2.7990368232131 1.003978416323662 1.272692039608955 0.83441012352705 0.7138279676437378 2.03866320848465 9.117117658257484 0 157.2060010582209 55.07070740312338 149.8217334225774 28.96086106449366 2.87802479416132 0.2073994427919388 16.9308754503727 0.6234576404094696 0.382868118584156 27.54637305438519 0.4706325381994247 4.568099342286587 2.946723505854607 8.18352384865284 0 1.101991474628448 0.09979160875082016 0.5467628911137581 0.6663756668567657 2.184461779892445 0.7061171978712082 1.691485695540905 189.6629985570908 0.1659690737724304 0 0 11.19061264395714 0 0.5699518918991089 1.293303519487381 0.8497327268123627 2.28999200463295 19.89133407175541 1.070889979600906 16.74845477938652 19.082239985466 11.89152723550797 1.498895227909088 90.27281840145588 118.6567111611366 126.4398201406002 22.38736483454704 0 1.210788398981094 0 0.1786121129989624 0 0 0 0 0 0.1769300401210785 0 0 0.1949070543050766 0 0 0.2049707174301147 0.1127114668488503 0.1290471255779266 0 2.432390198111534 0 0 0 0 34.90733215212822 0 23.09610441327095 3.171513825654984 0.8657251298427582 0.4869279265403748 0 0.1593449115753174 0 1.740934520959854 3.5018540173769 0 1.71764349937439 5.348802901804447 0.7190164178609848 0 0 0.2565833628177643 0.4309516251087189 0 0 0 0.2288350760936737 0.9053416848182678 0.3088486790657043 1.08151450753212 0.641955703496933 19.99634391069412 0.7365541160106659 1.654856503009796 0.5159189999103546 0.1121755242347717 0 0.1255608946084976 0 0 0 69.96767193078995 0.7909453809261322 0 0 0 3.075557500123978 1.330260500311852 2.556028172373772 1.59197723865509 3.551986619830132 2.102879330515862 0.450008749961853 0.8733961582183838 0.6900943517684937 0.6207510232925415 0 0 0 0 0.1727099716663361 0 55.2193513661623 11.00675055384636 7.614581376314163 287.2061399966478 38.54020771384239 393.6969067379832 64.91842626780272 191.3469117358327 25.5523304566741 4.968969263136387 58.26560099422932 19.5656413435936 2.418605715036392 13.34683214128017 2.250812232494354 43.27096843719482 0 0 2.155621632933617 1.901088178157806 0.2869418859481812
1197.205855205655 1070.05289684236 19.39893168956041 4063.689227715135 269.7355321869254 675.8867367506027 2020.532291084528 3.975305303931236 244.475268676877 0 30.77661606669426 1074.730616152287 7821.501298308372 49.30806095898151 22.10273191332817 1.086557351052761 0 0.553964264690876 0.1196133196353912 0 0 0 0 0 0 0.8256262242794037 0 0.7709453850984573 0.8509117811918259 0 30.50557161122561 0.8203865885734558 12.48642700910568 0 0.1346653252840042 0 19.7448677867651 0 0.7544526308774948 0.1768903136253357 0.4029892832040787 0.9888259321451187 0 0.5824762880802155 0 0.7513610869646072 150.9438495784998 11.01529436558485 0.1984652578830719 0.2564831301569939 0.5545650646090508 0 0 0.292794793844223 7.900274194777012 16.09164583683014 121.8919233679771 159.2465700954199 22.61345137655735 44.52871838957071 0 0.4835370779037476 0 3.875357605516911 7.200456410646439 3.452859088778496 0.3151132240891457 1.468062117695808 0.8832195550203323 0.4410492181777954 57.38307704031467 34.54998317360878 0 306.6427666023374 39.94869846105576 99.21883027255535 8.193609401583672 0.8295062631368637 0 2.48575546592474 0.157934159040451 1.101099587976933 52.54464142024517 2.840674631297588 4.594776391983032 3.701617524027824 6.516696721315384 0 1.038095466792583 0 0.314371146261692 0 1.32764358818531 0.2787662297487259 0.5424294024705887 808.2102334946394 6.71915477514267 0.8090008497238159 0.9553712606430054 312.3239825218916 1.539352625608444 12.15552857518196 10.01592800021172 17.77566416561604 2.500823676586151 77.87274648249149 13.49067686498165 58.00808456540108 41.35628989338875 49.65996757149696 5.51296566426754 275.0268483012915 346.0365929305553 378.564560264349 55.36426354944706 2.104905307292938 3.64944252371788 0 0.3597939610481262 0 0 0 0 0 0 0 0 0 0 0 0.302799791097641 0 0 0.3243108987808228 1.086422055959702 1.116590082645416 0 0 0 87.84179961681366 0 78.31537085771561 12.89059217274189 0.8059625625610352 0.442052811384201 1.469103455543518 0 0 6.12854066491127 5.014311760663986 0 4.872212916612625 16.97885937988758 1.815914899110794 0 0 0 0.2276447117328644 0.3549084365367889 0.5183876752853394 0 0 5.818975158035755 0 2.850180387496948 1.032237827777863 63.89481917023659 1.621135294437408 4.456075459718704 1.531388528645039 0.1484529227018356 0.1308186501264572 0 0 0 0 182.243648648262 4.286504492163658 0.2709339559078217 0 0.2502809166908264 6.629397034645081 6.649000152945518 11.80333475768566 9.974081218242645 8.417100667953491 6.642169713973999 1.888200789690018 1.216655671596527 2.011748880147934 0.7430969178676605 0.3640701174736023 0.363481730222702 0.3834225162863731 0 0 0 161.5710452347994 25.375259116292 17.36696328222752 465.6369792893529 21.5228081420064 440.7641465365887 46.70213744044304 1518.526467218995 42.01520983874798 5.845591187477112 43.10987298190594 62.58189078420401 1.488824516534805 40.36495508253574 1.956321626901627 286.3563586473465 1.471153140068054 0.2176439017057419 8.791817754507065 1.285512655973434 0.2831662595272064
214.9559803009033 1856.248466916382 3783.127685055137 4.151061736047268 698.0760261416435 10.61038929224014 231.6807292625308 2684.125644743443 1669.175540342927 30.77661606669426 0 27.14624765515327 1901.211647182703 5669.660677820444 46.16483678668737 17.21848987042904 1.24318428337574 1.764932796359062 0.2257265150547028 1.615796655416489 1.351782262325287 0 0 0 9.383187800645828 0.6831012517213821 1.437735095620155 0.8305394798517227 1.278555601835251 0 582.3617636486888 432.921600908041 300.3436201363802 1.69454151391983 1.125766769051552 25.77050526440144 36.17147321254015 13.07464380562305 1.473273545503616 5.695398837327957 20.18231245875359 3.756696403026581 0.4294403642416 9.907816529273987 0 3.287360802292824 123.4575779959559 11.32017752528191 0.5739072263240814 1.769381687045097 11.15720057487488 1.757271721959114 0 0.4666843861341476 3.919304132461548 8.235192999243736 39.38812151551247 336.7907304614782 7.563132867217064 32.1628362685442 6.237237185239792 2.105926051735878 16.55397073924541 66.63677714020014 4.83517861366272 1.55660767108202 0.8923318386077881 6.05431541800499 11.46377012133598 16.13903003931046 23.14032761752605 18.33242207765579 0 184.9675566107035 79.2825215831399 134.8961026221514 40.70531730353832 8.579367086291313 63.30628829449415 1784.784375697374 7.561662212014198 21.39122833311558 23.68450447916985 1.07783642411232 3.294475816190243 2.966420352458954 9.446119271218777 0 0.9339176192879677 0 2.760290399193764 1.425553008913994 25.53373695164919 8.192613855004311 1.302884116768837 182.1820165216923 9.621206670999527 0 0 31.23246276378632 0 0 0 0 0 1.559668034315109 0 5.213554710149765 1.782162427902222 0.9439409375190735 0.385065108537674 31.43901498615742 27.59031209349632 36.48736374080181 11.15566352009773 0.7537363916635513 0.9677189141511917 0 0 0 0 0 0 0 0 0 0 0 0 0 0.2853145897388458 0 0 0 0.197250634431839 0 0 0 0 15.87817376852036 0.7158492058515549 8.069954141974449 2.863428995013237 0.6278955787420273 0 0.3073797225952148 0 0 0.194381907582283 1.112519517540932 0 0.7599267065525055 1.582381635904312 0.157873198390007 0 0.3565795719623566 0.1952197849750519 1.077592939138412 0.4617829322814941 0 0.09603548049926758 0 0.6361770629882812 0 0.2019662261009216 0.5569992214441299 11.99355827271938 0.5789483487606049 0.2006602436304092 0 0.2216206043958664 0 0.2717755734920502 0.6674625724554062 0.2180493026971817 0.7962852716445923 29.08353871107101 0.9027183651924133 0 0.9541063457727432 1.882498368620872 1.010453283786774 2.495739221572876 0.4484315812587738 0.3623766601085663 0.2147150635719299 1.710780084133148 1.090780019760132 0.2508507370948792 0.9613160192966461 0 0 0 0.3599333465099335 0 0 0 9.025671690702438 6.300001204013824 4.445341780781746 245.3153991550207 31.4685881882906 283.9740163832903 46.04972635954618 110.8692696541548 16.56137488782406 4.530596926808357 55.45203315466642 8.288715094327927 1.414855226874352 6.019008174538612 0.6229937672615051 9.963605761528015 0 0.561944305896759 0.2914451956748962 0.6591862887144089 1.382371723651886
33.21275952458382 31.14652629941702 6.651585936546326 79.84707306325436 22.94268737733364 152.2075665295124 56.33494383096695 5.747284650802612 45.62693151831627 1074.730616152287 27.14624765515327 0 865.7809489369392 26.90766656398773 8.155703365802765 2.505704261362553 0.7473129034042358 1.024122685194016 0 0.2573553621768951 0 0 0 0 0.3176366239786148 0 0 0.3602848201990128 0 0 4.104515701532364 0 14.51318202912807 0.6823762059211731 0 0.190404400229454 47.52687318623066 0 5.065902844071388 0.984062597155571 1.804768174886703 0.5417612940073013 0 1.238661289215088 0.1546030044555664 2.46818619966507 19.9195234850049 0.247823067009449 0 0.3821223676204681 1.952162146568298 1.653330445289612 2.006822168827057 0.1815741807222366 0.2704964280128479 1.220344424247742 8.68239139765501 6.957774832844734 1.436902470886707 2.392567776143551 6.893738061189651 2.248949110507965 0.2346147447824478 1.069291368126869 0.4983756542205811 0.2089858949184418 0 0 3.4123425334692 1.015764370560646 338.7666320353746 18.95531386137009 0 16.67750632762909 3.074951454997063 9.862615361809731 3.271429724991322 1.546789728105068 0.1505405604839325 9.215814799070358 9.092444643378258 14.34602621197701 4.409691639244556 0.4863658845424652 0.1375374495983124 0.232917919754982 1.14308725297451 0 0.3184962272644043 1.108795523643494 0.8562059253454208 0.71400386095047 4.857256948947906 1.389326214790344 0.9306934177875519 1694.022514730692 58.64101435244083 5.178881093859673 18.28883740305901 47.34676091372967 0 2.852101653814316 0.7468952089548111 1.47135403752327 1.5499047935009 12.18647351861 0.4168051034212112 14.33703969419003 9.912299394607544 9.888822108507156 2.948606759309769 66.37036788463593 94.98516635596752 108.0526854991913 13.97508458793163 0.2657160758972168 0.9808375090360641 0 0 0.5419950485229492 0.1777742356061935 0 0.1690263450145721 0 0 0 0 0 0 0 0 0.4850907623767853 0 0 1.873481035232544 0 0.3232689946889877 0 0 29.84432348608971 0.3435380160808563 16.71583864092827 3.37550388276577 0 0.2960225641727448 0 0 0 0.2633707523345947 2.181902393698692 0 1.894925162196159 3.847026191651821 0.2726577818393707 0 0 0.6101008504629135 0.2491813600063324 0 0.9805405139923096 0.2270353138446808 0.7611855864524841 1.021364450454712 0 1.16625303030014 0 10.27115578949451 0.7377923727035522 0.8001991659402847 0.2428832277655602 0 0.1633802950382233 0 0 0 0 70.55906988680363 0 0 0 0.2062700986862183 2.017290994524956 1.490731358528137 1.680440962314606 1.12279050052166 2.198734149336815 0.8786502182483673 0.134337306022644 0.4107159078121185 0.7451746910810471 0 0 0 0.08750879019498825 0.1590473502874374 0 0 53.05910252034664 13.47038888931274 5.960259854793549 107.5086231380701 4.723452173173428 50.82545085996389 9.608525834977627 200.0138323158026 2.744400419294834 0.2681467533111572 19.54488568007946 11.77271690964699 0.5077076554298401 7.961332567036152 0.1452362388372421 31.82447163760662 1.183492034673691 0 0.7539719492197037 0.4074483960866928 0.3296522200107574
262.8387613594532 1905.018469393253 168.6471514627337 1825.967530719936 1325.864646919072 382.6934790238738 9471.499555565417 141.6980042085052 2622.582498334348 7821.501298308372 1901.211647182703 865.7809489369392 0 5143.077820971608 252.9902412593365 75.37370039522648 9.765136808156967 1.902401208877563 0.2144672125577927 1.672131508588791 6.639184825122356 5.037968978285789 0.5229619145393372 0 11.77845562249422 5.551122397184372 2.019451066851616 7.43606873601675 4.928328767418861 0.3187656998634338 84.41089753806591 19.01673775166273 644.7187136188149 1.067183077335358 1.21549117565155 17.60151936858892 125.1958422884345 23.20418928563595 33.49621010571718 15.30174411088228 28.93892868608236 10.84696428477764 2.011333368718624 28.00075293332338 3.344513103365898 27.68608120083809 560.2299835160375 32.49835649877787 2.545070491731167 3.73908481746912 43.85202185064554 4.929231449961662 2.532921731472015 5.037961132824421 11.76458206772804 27.08974462002516 71.37665088474751 175.9816708266735 36.96946935355663 120.9978130534291 51.10495655238628 16.63051160424948 4.24691803753376 29.30807384103537 17.457997135818 7.460967652499676 2.46872815489769 14.58649618178606 25.27812125533819 31.87799484282732 550.1291388124228 138.2080004364252 2.017938807606697 386.465225584805 113.513977073133 435.4758174940944 141.058903798461 29.66912394762039 4.278259322047234 248.1092647388577 60.20061233639717 44.76783782243729 81.21210461109877 3.660476014018059 10.3346930667758 10.64234967529774 29.16560953855515 1.263423025608063 3.63586712628603 1.024331942200661 8.225613988935947 6.549867659807205 46.41056887805462 27.66954275220633 6.981454096734524 6041.552475973964 100.3424928188324 7.788776844739914 33.27787934988737 150.1653586775064 1.264814019203186 8.803109377622604 11.67129217088223 14.33311493694782 4.813761740922928 147.4367405921221 8.897549256682396 95.11161877214909 94.59840688109398 78.02548423409462 10.29176278412342 543.4404798299074 681.8019993007183 749.8658217489719 139.0615711957216 5.972959503531456 8.794362798333168 0.1921915262937546 2.870759397745132 0 0 0.7027159333229065 0 0 0.9828361570835114 0.3713192045688629 0.1516095846891403 0.2971911132335663 0.4905028641223907 0.548509307205677 0.8229537606239319 1.955959908664227 1.785486310720444 0 3.822352260351181 1.57998226583004 0.4323489964008331 0.2570002675056458 0 210.2639557868242 0.7727828919887543 149.8721404075623 33.13348965346813 8.248258098959923 0.5927799344062805 0.6924025565385818 0.1684278547763824 0.1551479250192642 9.623195320367813 11.206363722682 0.5048713535070419 10.88851461559534 31.98563148081303 2.408484801650047 0.7387506067752838 1.2025036662817 3.633699789643288 1.659773722290993 0.3233343511819839 2.08703887462616 0.6773997098207474 0.2658191025257111 9.548183277249336 0.379803478717804 6.591787531971931 2.961920335888863 122.6803865432739 4.399601489305496 5.22750149667263 1.545160561800003 0 0.2400406301021576 1.860572002828121 1.007643982768059 0.3749347925186157 4.017919883131981 478.1777967065573 11.95747917890549 0.9394824951887131 0.9712635576725006 3.267943330109119 16.25261762738228 16.84824614226818 15.88663455843925 15.77772472798824 18.22606341540813 17.35847891867161 4.707463964819908 2.989192232489586 4.27544479072094 0.9779264628887177 0 0 1.113707914948463 0.5801152884960175 0.6260090321302414 0.732182502746582 338.5063189566135 75.64283365011215 48.73930186778307 1543.210157886147 167.2015881538391 1277.765128701925 272.3957933783531 1167.741775579751 87.79603409022093 21.52787600457668 345.6482188925147 110.408938549459 9.886976711452007 71.24235733598471 10.0341414809227 214.6833010911942 2.543925821781158 1.42807611823082 13.78575367480516 16.90767555683851 8.072197839617729
