0 4169.054834313691 697.16377671808 1196.875172495842 703.0175445601344 1181.240659594536 707.1087253987789 454.0882093161345 141.1131993383169 2380.600280672312 816.3811987191439 68.08371105790138 485.1509022265673 384.9355011731386 6.261361375451088 0.3989484906196594 0 0 0 0 0 0 0 0 0.3083087652921677 0 0 0.1661291569471359 0 0 1545.931214563549 11.7585359364748 6.066192619502544 0 0.1266175657510757 0.1307931691408157 16.77158744633198 0.8004157394170761 0.4612033441662788 0.2288832515478134 0.2843816131353378 0.1794420927762985 0 0.569331206381321 0 0 19.33167392760515 4.707960180938244 0.1144914701581001 0 0.09978971630334854 0.2121614515781403 0 0 7.013826005160809 9.08619686216116 80.67547034472227 1462.45838804543 65.6764268502593 26.51070056855679 0.5329864025115967 0 0 15.6966352686286 6.308810494840145 4.344680465757847 0.7175951600074768 1.556055903434753 0.6373087242245674 0.6019267961382866 20.72772458195686 3.172960251569748 0.7129596769809723 149.4367439672351 62.14599768072367 20.13722192496061 3.655083112418652 0.8750471174716949 1.289340279996395 134.3027429431677 0.5247640833258629 6.954781629145145 19.48968716710806 0.1004621535539627 5.313535809516907 6.657682053744793 4.572404883801937 0.1893598735332489 1.342575944960117 0 0.6557420641183853 0 0.446320004761219 0.3736626729369164 0.2195375189185143 108.7248317375779 1.573899403214455 0 0.09562495350837708 815.1053597405553 0 0.3510132133960724 1.474942982196808 1.235059678554535 0 7.710013791918755 10.51717227697372 7.879612103104591 1.07340994477272 17.21544286608696 1.121299639344215 12.25108677148819 13.63088195025921 12.86710098385811 4.1189886033535 0 0 0 0.5772330164909363 0 0 0 0 0 0 0 0 0 0 0 0 0 0 0 1.458424210548401 0 0 0 0 3.666473478078842 0 0.291764110326767 0 0 0 0 0 0 0 0.1415709406137466 0 0 0 0 0 0 0 0 0 0 0 0 1.204349637031555 0 0 0 4.304409086704254 0 0 0 0 0 0 0 0 0 6.86751626431942 0 0 0 0 0.3352311253547668 0 0.5863096714019775 1.83288399875164 0 0 0 0 0 0 0.670758068561554 0 0.3686372488737106 0 0 0 3.174929708242416 1.830390766263008 2.072723373770714 94.64371152222157 10.60643938183784 128.1063730716705 33.9655362740159 1185.295587651432 88.61084908992052 0.3966953679919243 14.15612983703613 0 0 3.90088327229023 0.1094672009348869 10.13805449754 0.8596448302268982 0 0.756972536444664 222.1938810199499 0
4169.054834313691 0 1205.110641948879 451.8346598669887 2038.828624553978 828.797915302217 2203.415732592344 550.6332565993071 1776.570301510394 737.9964258000255 2860.245425373316 91.22743548452854 3205.201431177557 1700.580050580204 11.6262344121933 2.111297316849232 0.4964127466082573 0.4233174473047256 0.1704002320766449 0 0.09115511924028397 0 0.2168354839086533 0 0.486343115568161 0 0.1632489562034607 0.1038263589143753 0.5933631286025047 0 2051.998310804367 13.3365263491869 13.08846569061279 0.1324454694986343 0 0.1584702283143997 33.90832816064358 0.3565934300422668 1.664222851395607 0.2609134316444397 0.2310529127717018 0 0.1701541692018509 0.8131308481097221 0 0.1140352264046669 64.47669495642185 11.40701551735401 0.4553655460476875 0.3024966940283775 0.3724813237786293 0.1243168637156487 0 0.4795484393835068 12.18872816860676 16.70852579921484 34.54188887774944 603.5049302205443 47.87958399951458 42.01960966736078 0.3970570415258408 0.7989838421344757 0 40.13504365086555 13.33357963711023 6.619202360510826 2.655472822487354 2.798142202198505 0.1876835003495216 0.3095742911100388 38.34742451459169 0.7406394630670547 0 114.5706776529551 98.31298241019249 59.96749187260866 26.95252272486687 3.120227627456188 5.938803307712078 344.6035767346621 1.038298018276691 15.72715373337269 29.96283249557018 0.524265818297863 12.95825834572315 14.38968876004219 8.389230445027351 0.09350202977657318 2.064946509897709 0 0.8382230699062347 0.1379913687705994 0.5062470361590385 0.4234224036335945 0.5479077771306038 60.23063087463379 0.4726626947522163 0 0.2026047259569168 718.1259531155229 5.605840012431145 2.641387686133385 4.835139557719231 1.638873815536499 2.19610396027565 16.1990180760622 21.24245685338974 19.69406329095364 5.55274173617363 33.67785254120827 6.552580446004868 27.7231333553791 37.65979635715485 25.71767230331898 21.61305157840252 0 0 0.163677453994751 0.1126937717199326 0 0 0 0 0 0 0 0 0 0 0 0 0 0 0 0.6509066820144653 0 0 0 0 8.35222664475441 0 3.819175660610199 0.7211053967475891 0.7097468376159668 0 0 0 0 0 0 0 0.1688351929187775 0.9907735586166382 0 0.1220975518226624 0 0.1490575075149536 0 0 0 0.1125122457742691 0 0.1152423471212387 0 0 0.5927439779043198 6.515387088060379 0.4788232743740082 0.5022713243961334 0.2191266268491745 0.1333458721637726 0 0 0 0 0 14.18561525642872 0 0 0 0 0.4071029126644135 0 0.6621503829956055 1.453112602233887 1.614391669631004 3.623708546161652 0 0 0 0 0.1400511562824249 0 0.3375007286667824 0 0 0 6.272535920143127 6.814551770687103 2.692815810441971 221.6849321201444 33.11711364984512 361.8867142572999 95.09039787948132 704.9255753606558 95.55995032936335 4.375672370195389 58.14973272383213 8.212597109377384 1.311296254396439 7.169476598501205 1.409591227769852 12.6605638563633 0 0 1.276545867323875 120.8605691045523 0.9311837702989578
697.16377671808 1205.110641948879 0 6.126051835715771 1269.313913352787 47.01769782602787 41.52815852314234 6169.169994957745 181.3321210667491 3.562795296311378 4640.67965375632 3.183620348572731 121.6228889897466 553.6194922104478 15.90570561587811 10.26084499806166 3.796904191374779 0.2324972003698349 0.1652780324220657 7.163572184741497 17.30700198560953 0.2037227004766464 2.270592376589775 2.642359539866447 3.453836016356945 0.9997352510690689 2.1408401876688 0.1770747005939484 0.1130175143480301 0 5403.14324183017 863.5049402341247 15.17038761079311 3.681300789117813 5.835208594799042 5.043986387550831 24.00679314136505 4.505748577415943 7.449493430554867 3.143424071371555 4.368114523589611 1.839218877255917 2.258441582322121 1.96731685847044 1.080439537763596 1.173269793391228 59.48202607780695 5.816699281334877 0.8313517794013023 1.968082495033741 7.971372842788696 0 0 0.2339834719896317 5.503236033022404 9.083901487290859 30.29234517365694 794.7414913699031 32.57997058331966 26.45108363032341 21.63817048072815 1.6169159039855 1.567311942577362 307.3352039605379 5.223950676620007 3.526004865765572 8.962544657289982 26.46787513047457 28.65345710515976 41.07640412449837 10.60469379276037 8.562683187425137 0.2762651592493057 84.0965531244874 114.4253834411502 37.66934287548065 20.89599429816008 4.601671531796455 545.990804746747 1165.098279081285 27.71043562144041 923.7154764160514 16.15114706009626 0 6.466191217303276 7.684570528566837 15.34963019192219 0.09525906294584274 1.988305546343327 0.1067396402359009 0.6924901604652405 0.5567040368914604 36.95390843600035 17.13374035805464 3.167935907840729 14.93232709169388 3.809896931052208 0 1.331513494253159 240.3034347444773 0 0.448381096124649 0.2902313768863678 0 0.2795940935611725 1.087153166532516 3.090870052576065 5.249583587050438 1.886475369334221 2.660058408975601 1.680669948458672 7.069891765713692 4.77609495818615 4.972257226705551 6.821303740143776 0.3336696848273277 0.7181156724691391 0 0.6891351491212845 0 0 0 0 0 0 0.1361934542655945 0 0.6432657316327095 0.09621161967515945 0.4458567053079605 0.1272396743297577 0.3103366494178772 0 0.3062966167926788 0.9528589844703674 0 0 0.1564973145723343 0 5.766128718852997 0 4.031478434801102 7.48655941337347 1.207471415400505 0 0.1305782496929169 0.1389931738376617 0.3943381905555725 2.049357071518898 3.408449999988079 0 0 1.648914240300655 0 0 0 1.83099839091301 0.2912383824586868 0 0.4030978083610535 0.1466412842273712 0 3.984321728348732 0 0.4847007095813751 1.210409134626389 5.215562403202057 1.141745343804359 0 0.2491350397467613 0 0 0.2344457656145096 0 0 0.2788495123386383 9.900783821940422 3.042916849255562 0 0 0.7187033593654633 0 0 0 2.364754110574722 3.262812420725822 0.8203635811805725 0 0.1301494836807251 0.5529398396611214 0 0.0910811647772789 0 0 0.4631747677922249 0 0 2.793966919183731 5.618725374341011 7.969474069774151 155.2046265825629 28.83361151069403 213.5905825346708 56.36503814905882 161.849023796618 52.4546696767211 2.441570252180099 50.1003040522337 10.23033503443003 1.308149740099907 8.684040926396847 2.294555246829987 4.510416150093079 0 0 5.370614260435104 4.910859882831573 0.1287107020616531
1196.875172495842 451.8346598669887 6.126051835715771 0 55.65801665186882 658.0958745926619 598.2279361411929 5.890790969133377 189.5806061625481 2910.686265319586 17.9646221101284 137.2923223376274 668.8238874152303 22.04766699671745 0.3717630580067635 0.1201719641685486 0 0 0 0 0 0 0 0 0 0 0 0 0 0 23.86898421496153 0.3627826198935509 6.087720036506653 0 0 0 7.362562268972397 0.5727490335702896 0.1944983899593353 0 0 0 0 0 0 0 3.907354451715946 1.665267661213875 0 0 0 0 0 0 1.356856070458889 1.808734491467476 5.595141686499119 66.80285324156284 7.70029054582119 4.338608123362064 0 0.9171380996704102 0 2.100433342158794 0.3949553146958351 0.5602410808205605 0.1131715700030327 0.3260119035840034 0.2396525964140892 0 29.91774295270443 0 0 14.05325742810965 6.955881640315056 5.403122641146183 0.9538745060563087 0.1436813920736313 0 3.484834477305412 0.2658873796463013 1.691257439553738 2.852080918848515 0 1.36846374720335 1.562816940248013 0.687336653470993 0 0.136712372303009 0 0 0.1873944401741028 0 0 0 60.97146862745285 0 0 0.9774803519248962 29.19425170123577 1.52489960193634 0.2879021167755127 4.235886484384537 1.134212255477905 1.136752843856812 14.05759477615356 1.112182587385178 7.763425529003143 2.800771430134773 17.38791906833649 2.210751533508301 12.09799382090569 13.26828837394714 21.0327884554863 19.87077733874321 0.4280951917171478 0 0 0 0 0 0 0 0 0 0 0 0 0 0 0 0.8375090956687927 0 0 3.919657170772552 0 0 1.189735770225525 0 10.27325768768787 0 1.501310348510742 0 0 0 0 0 0 0 0 0 1.300616919994354 3.377144828438759 0 0 0 1.550375461578369 0 0 0 0 0 2.535593271255493 0 0 0 11.6079823076725 0.9505050778388977 0 0 0.3250440061092377 0 0 0 0 0.3074716031551361 20.39927971363068 1.537887096405029 0 0 0 0.6773237586021423 0 0.702454686164856 1.11355984210968 1.092652052640915 0 2.448656067252159 1.12297511100769 0 0 0 0 0 0 0 0 3.364360973238945 6.689635396003723 4.485557317733765 19.4227966144681 2.577513836324215 37.94354350119829 7.413434386253357 151.1266505271196 11.74008648097515 0 3.929152734577656 3.273154854774475 1.9733567237854 13.66284109652042 0 3.749987602233887 0 0 2.367130756378174 307.7342043071985 3.321656167507172
703.0175445601344 2038.828624553978 1269.313913352787 55.65801665186882 0 95.98892728984356 4540.402945615351 336.5945513620973 7435.980416238308 215.8785547316074 1953.705215655267 16.64242728799582 1420.273625768721 1434.226089566946 21.79425589740276 4.956660449504852 0.4386183694005013 0 0.1128065586090088 0.1034094169735909 0.5717712119221687 0 0 0.2287002801895142 0.105845607817173 1.984170749783516 0.3215025365352631 1.457118198275566 0.1298394054174423 0.1938473880290985 732.5774576738477 15.19557922333479 25.26700653880835 0 0.2380181178450584 0 15.20286238193512 0.8177141919732094 2.947696380317211 0.3011878356337547 0.7246256694197655 1.156554989516735 0 0.8409693241119385 0.1757290810346603 0 141.607854001224 10.37285570055246 0.4874455034732819 0.2357204928994179 0.7190965265035629 0.1300027519464493 0 1.277333751320839 9.293931148946285 14.43030676990747 17.05440218746662 204.1703585386276 31.16883628815413 50.60707145929337 0.2656644582748413 0.7351035326719284 0 42.22554952651262 10.47103836387396 6.377139188349247 3.057152763009071 2.368459455668926 0.400317557156086 0.840458020567894 17.61182066053152 4.124009430408478 0 71.33061943203211 75.52578696608543 80.14072315394878 44.15677808225155 4.374180898070335 2.821915477514267 109.7313484251499 0.4635617509484291 8.702445201575756 24.33605353534222 0 10.32345715165138 16.59148778766394 9.934975571930408 0.1094540879130363 2.070440791547298 0.2237971052527428 1.03827553242445 0.7737180516123772 0.6096827834844589 1.364755302667618 2.179513171315193 50.10999807715416 0.3598995804786682 0 2.681954652070999 72.15453118085861 12.28151673078537 4.596112117171288 16.88714350759983 2.231804877519608 6.869728237390518 65.50419791042805 12.3303334414959 94.7601629793644 9.751645594835281 66.21637225151062 24.75768657028675 98.32154045253992 116.060704022646 101.1851733252406 92.50229552388191 4.762937039136887 1.068578571081161 0.1815512031316757 0.8304119855165482 0 0 0 0.2583244442939758 0 0.2433347851037979 0 0 0 0 0.3829198181629181 0 0 0 0 13.39033592492342 0.1356642991304398 0 0 0 35.52207528054714 0.1775344461202621 21.81810922920704 3.522141352295876 1.568279713392258 0 0 0 1.198692947626114 3.133432328701019 1.627230405807495 0 6.333108454942703 13.54267676174641 1.046222254633904 0.8219804763793945 0 0.2062251418828964 0 0.2308160066604614 2.142504245042801 0.1270504891872406 0.5245400071144104 6.604324892163277 0 0 0 43.42044931650162 5.126964047551155 0.8430275768041611 0.9371166825294495 0 0 0.3564209043979645 0 0 0 110.2040324360132 1.705142199993134 0 0 0.1013001129031181 12.99775198101997 0 5.268301218748093 7.391047462821007 10.22759515047073 3.648998633027077 2.455207139253616 0.665875107049942 0.5891746282577515 0 0 0.1245903149247169 0.198652371764183 0.4620239958167076 0 0.3899369835853577 42.04299265146255 27.93749484419823 19.78020344674587 422.4057232141495 101.3883344084024 511.9313455820084 202.8011905327439 251.8739255145192 91.31983732432127 8.161871775984764 131.550802513957 35.89813997596502 2.302552610635757 38.30400457233191 7.072649478912354 14.42240530252457 1.459593206644058 0.5701009035110474 8.898955702781677 25.53494850546122 3.242136120796204
1181.240659594536 828.797915302217 47.01769782602787 658.0958745926619 95.98892728984356 0 302.6562180668116 65.29354424774647 66.93416886776686 1355.034349732101 109.2984377667308 288.6973117887974 317.1505360007286 127.6964603066444 0.4046341925859451 0 0.1421598047018051 0 0 0 0.1428846418857574 0 0 0 0.3851335346698761 0 0.1483615189790726 0 0 0 83.73216590285301 0.546892985701561 45.2446216493845 0 0 0 37.26995551586151 0.4795123934745789 2.429983764886856 0.5924199223518372 0 0 0 0.2997489720582962 0 0.2909089624881744 2.614662177860737 0.6330173760652542 0 0 0.1215715259313583 8.152306362986565 0 0.4804103374481201 0.8340385258197784 0.8597078770399094 83.11987797170877 141.909576125443 8.648092553019524 2.649948552250862 0.2363426834344864 7.791728019714355 0 1.967877313494682 0.2819363474845886 0.213939942419529 0 0.4478985220193863 0 0 63.86884056031704 117.228593736887 5.353868335485458 14.78170865774155 5.926511183381081 4.289668455719948 0.354728102684021 0.1567465662956238 0.1465745866298676 80.47038557380438 0.1506302803754807 10.88717844337225 2.776029832661152 2.247455105185509 1.115350149571896 2.017979875206947 0.4380067437887192 10.12915785610676 7.147503584623337 9.051940478384495 0.4934058636426926 1.52600185573101 0.09938016533851624 0.2148307263851166 0 610.4859379380941 34.7226344794035 23.45709021389484 2.462711974978447 747.0289063826203 0.9108485579490662 0 6.668282240629196 0 0 9.68050429224968 9.553116619586945 11.80703666806221 1.84281051158905 17.87317151576281 3.068812608718872 22.58610777556896 21.38647216558456 18.92431008815765 8.241101838648319 0 1.05239737033844 0 0 0 0 0 0 0 0.3409852981567383 0 0 0 0 0 0.3686064481735229 0 0.2364207804203033 0 0 0 0 1.058627605438232 0 6.561366528272629 0 1.97226944565773 2.137306541204453 0 0.1583691984415054 0.8832043558359146 0.9821096658706665 0 0.3035982847213745 0.1859768033027649 0 0.7541764378547668 2.378691852092743 0 0 0 0 0.4054564386606216 0 0 0.3660695552825928 1.320757150650024 1.097494721412659 0 0 0 7.861757040023804 2.221210896968842 0 0.5535602569580078 0.1498425304889679 0 0 0 0 0 11.80130963027477 0 0 0 0.2288498133420944 0.252482682466507 0 0 0 3.917860686779022 0.986420750617981 1.733756542205811 0 0.4959022104740143 0 0 0 0.3606597483158112 0.1376741826534271 0 0 6.025942102074623 1.69346621632576 5.598438203334808 13.39229381084442 4.633011467754841 25.52797978371382 3.127756625413895 276.1728482544422 15.15681812167168 1.466105341911316 1.610109210014343 20.48239627480507 0.7103796452283859 6.112352609634399 4.339663475751877 9.383822813630104 2.338896691799164 0 14.94280984997749 14.68949246406555 0.2379687130451202
707.1087253987789 2203.415732592344 41.52815852314234 598.2279361411929 4540.402945615351 302.6562180668116 0 11.77758833765984 2136.971115089953 1149.863463692367 129.0107365325093 99.51321558654308 2897.548612378538 401.76435752213 18.45765063166618 2.588226161897182 1.115922704339027 0 0 0.09022323787212372 0 0.1010707765817642 0 0 0 0.5652915686368942 0 0.8881794661283493 0.455883726477623 0.1587081253528595 116.2968985587358 7.218406580388546 12.14253411442041 0 0 0.1195750534534454 10.3708203881979 0.5596307218074799 1.25421616435051 0.9033298343420029 0.1771413534879684 0.7480079904198647 0 0.6548308879137039 0.1540248990058899 0 117.6378748491406 12.44889221340418 0.8763125613331795 0.5557257756590843 0.6043237000703812 0 0 0.8718993961811066 11.46088366210461 16.77977892011404 22.29439415037632 207.1084640771151 38.2304770424962 48.76870595663786 0.5045825093984604 0.8225992694497108 0 41.64141870290041 12.4765639975667 9.040853649377823 2.36867943406105 3.731289349496365 0.6925462186336517 0.6279343739151955 29.58329109102488 2.372535400092602 0 95.04918111860752 91.04330007731915 75.16614151746035 42.0316414013505 4.754975751042366 1.81450979411602 22.54930949211121 0.722781777381897 8.782436333596706 31.8634190633893 0.6793446838855743 13.48701375722885 20.4153226390481 11.5312330275774 0.09051269292831421 3.728362746536732 0 0.7323593571782112 0.4792696088552475 0.832774430513382 0.9117219969630241 1.490094222128391 87.96480147540569 0.6969120800495148 0 2.895332157611847 23.52132613956928 6.216191902756691 4.988619118928909 16.35512690246105 2.775866523385048 10.15524442493916 64.81544806808233 20.57713703811169 85.01134357601404 12.01215901970863 75.15144248306751 19.07848493754864 98.14956562966108 114.0583599954844 107.955154299736 79.90248115360737 1.67388528585434 0 0 2.198904484510422 0 0 0 0 0 0 0 0.242567241191864 0.1954425871372223 0.1498609036207199 0 0 0 0 0 12.12082117795944 0 0 0.9609612822532654 0 32.53684192150831 0 16.09218226373196 2.016445159912109 0.4040222316980362 0 0 0 0 1.141724452376366 1.635911598801613 0 3.770739421248436 12.06834097206593 0.641228973865509 0 0 0 0 0 0.4663400053977966 0 0.431485652923584 8.31476329267025 0 0 2.858929932117462 30.05116036534309 7.007172495126724 2.304068267345428 1.815466322004795 0.1497219353914261 0.09660673141479492 0 0 0 0 72.63757173717022 1.11781108379364 0 0 0.1067208647727966 8.843340784311295 0 1.632855072617531 7.268146827816963 9.195823237299919 3.189823493361473 3.444509625434875 0.5202338099479675 1.503142759203911 0.4951332807540894 0 0 0.1191863566637039 0.5927024930715561 0 0 36.14291080832481 17.32329794764519 11.12286457419395 404.0090816244483 68.63881691545248 548.3482677936554 178.2506570145488 359.0274960845709 110.2832931801677 4.977774880826473 111.2257280349731 27.32658320665359 1.241782754659653 39.32638060301542 7.396380826830864 16.59323146939278 1.061012983322144 0.3278705477714539 6.866744212806225 49.55794031172991 0.4209691286087036
454.0882093161345 550.6332565993071 6169.169994957745 5.890790969133377 336.5945513620973 65.29354424774647 11.77758833765984 0 62.09085847437382 4.8159509152174 1603.998781949282 14.72099862992764 121.2119959890842 625.7956983298063 57.21894555538893 23.12737446278334 5.892187610268593 0.6235824823379517 0 6.416480273008347 10.60139700770378 0.328522652387619 1.579233430325985 1.382145844399929 2.909154064953327 0.2173453569412231 2.418563827872276 1.373932480812073 0.2369683831930161 0.1605569422245026 2448.94516736269 1364.384037315845 57.72188215702772 1.745957180857658 3.078105315566063 4.950331442058086 45.4954139739275 5.01235193759203 10.00565008074045 4.713941052556038 2.248458959162235 1.655803084373474 4.73024096339941 19.28473025560379 1.519337758421898 14.68201696872711 206.7714022770524 13.24331356585026 0.6741173341870308 4.540167331695557 5.818281531333923 0.4632270634174347 0.1731957644224167 0.9570652693510056 9.078825451433659 13.10049550235271 26.15598875284195 553.8300459235907 26.83943240344524 40.12354811280966 32.00552662461996 6.032975107431412 0.7098433375358582 217.3226411342621 6.838371619582176 8.301279045641422 8.863451816141605 27.24303264170885 25.78910560905933 35.15712209790945 25.83674304932356 11.63244816660881 0 95.07752965390682 103.5193237662315 80.22166909277439 60.11723164469004 29.1306953728199 613.6104824319482 613.4719291254878 165.0285424441099 771.3131833523512 19.1022259965539 0.4604505747556686 10.00141065567732 14.65842202305794 33.34528750926256 0.6880214214324951 2.709313221275806 0 2.09380292147398 0.8480989933013916 26.39986783266068 11.50811196118593 2.828932471573353 62.75157149136066 2.069814845919609 0.1634334623813629 2.903121143579483 75.5476772710681 1.77665388584137 2.349042892456055 2.280121147632599 0.8503844141960144 1.818029671907425 11.47554163634777 1.414684951305389 8.545230284333229 1.131043136119843 4.315954923629761 2.414232194423676 8.341655716300011 11.52165584266186 11.48039953410625 13.54084002971649 2.093219131231308 0.5720268785953522 1.23065921664238 2.037099719047546 0 0 0 0 0 0.1422263383865356 0 0 0.1629110425710678 0.5031856447458267 0.3695967495441437 0.1153525710105896 0.3344467878341675 0 0.5647672563791275 1.1456438601017 0 0 0.4603358805179596 0 10.5072448849678 0.1753826439380646 7.64552253484726 4.137331895530224 0.724586620926857 0 0.1570335179567337 0 0.1440579742193222 1.802986428141594 2.485264211893082 0.9376589059829712 0.1661789119243622 0.6818667501211166 0 0 0 0.3649976402521133 0.3401084914803505 0.788547694683075 0 0.1612935662269592 0 1.419247269630432 0 0.4702770709991455 1.172129780054092 7.209868222475052 0.2262805998325348 0.5080376863479614 0.3004516512155533 0.1366460472345352 0.104635663330555 0.113560825586319 0 0 0.1581888794898987 22.16154208779335 3.830084025859833 0 0 0.3703365325927734 1.117832064628601 0 1.454831793904305 0 0.8316227793693542 0.2572539150714874 0 0.8136232048273087 0 0.2295222282409668 0 0 0.221614271402359 0.1136300340294838 0 0 8.358461067080498 8.04860882461071 13.31883470714092 482.2042812779546 75.01461816579103 530.8113481327891 161.9407940134406 199.1860662475228 84.67636699974537 5.67581994831562 186.5508185103536 9.627154976129532 0 11.03382363170385 2.146936789155006 4.72365528345108 0.6954640746116638 0.2822960317134857 6.321576401591301 16.79805415868759 1.643747016787529
141.1131993383169 1776.570301510394 181.3321210667491 189.5806061625481 7435.980416238308 66.93416886776686 2136.971115089953 62.09085847437382 0 631.403535656631 2099.722411304712 60.05856661498547 1691.37904959172 1708.194518864155 20.01898647844791 6.829246893525124 1.387669175863266 0 0.1411224603652954 0.08938106149435043 0.3539422601461411 0 0.1226540058851242 0.6384855359792709 0 0.2771290838718414 0 0.5529927015304565 0.3904816284775734 0.4637521952390671 72.06378044188023 5.864236868917942 28.23163844645023 0 0 0 10.33106578886509 0.678062692284584 0.8882221356034279 0.8998851552605629 0.4301480054855347 0.8620809316635132 0 1.027702763676643 0 0 84.02070039510727 3.503922529518604 0.3416494578123093 0 1.01373228430748 0 0 0.8757041841745377 3.474924795329571 5.565338470041752 7.333898030221462 61.01637514680624 9.018747426569462 15.08806899935007 0.2183168008923531 2.476443991065025 0 14.4436666816473 2.842229329049587 2.435848042368889 1.338657014071941 0.9341957420110703 0.2294745296239853 0.99546929448843 25.78249084949493 4.916790038347244 0 25.68229290097952 23.90522322058678 34.56949906051159 19.44889617711306 3.754337005317211 0.3570455461740494 73.31173697859049 0 5.29210489988327 10.10333839058876 0.148961067199707 4.56326112896204 5.310395710170269 3.374766267836094 0 0.8103138655424118 0 0.2967728599905968 0.5044272243976593 0.7434338107705116 0.7455535680055618 1.985420994460583 153.3417898118496 3.834747940301895 0 2.951695814728737 22.98658937960863 25.30411016941071 6.687414810061455 30.30124054849148 4.708672806620598 14.0982341170311 147.5939609706402 22.56143990159035 182.0004735291004 19.62408062815666 140.9621860384941 43.76063957065344 216.1787869930267 228.7077214792371 243.2226048409939 146.7716664522886 4.291624248027802 0.9522363394498825 0 0.6630130261182785 0 0 0 0 0 0 0 0 0.5619115829467773 0 0.1436800211668015 0 0.186290517449379 0 0 17.15167739987373 0.1716723442077637 0.3911094069480896 0.1322364956140518 0 55.36484709382057 0.220208540558815 32.30880284309387 8.17445607483387 1.396485045552254 0 0.4641294777393341 0 0 1.523135244846344 2.773356392979622 0 11.81297416985035 15.01341031491756 0.5050841569900513 0.9663008451461792 0 0.2562858760356903 0 0.2578537464141846 2.23209747672081 0.6105761080980301 2.356844633817673 17.44740606844425 0 0.9678358733654022 0.6626745462417603 66.47816781699657 8.927536576986313 2.260231703519821 4.615565106272697 0 0.5242467373609543 0 0.2808765172958374 0 0.1783759593963623 139.338586255908 3.307374715805054 0.2554644346237183 0.6684578955173492 0.1439083069562912 10.46868214011192 0 3.020449236035347 17.96223209798336 14.60719703137875 9.773592323064804 5.605843111872673 1.451305419206619 1.827879309654236 0 0 0 0.09577223658561707 0.2716455981135368 0 0.2161427140235901 80.91520756483078 33.43258771300316 17.54911960661411 386.61005718261 56.33710590004921 301.1934562027454 121.9104629531503 122.0451280996203 52.93457964807749 3.612373284995556 127.0399940758944 42.76071365177631 3.888819716870785 64.01862137019634 13.47417110949755 27.02945394814014 2.581402167677879 1.196035981178284 18.60605189204216 22.0155616402626 2.377118796110153
2380.600280672312 737.9964258000255 3.562795296311378 2910.686265319586 215.8785547316074 1355.034349732101 1149.863463692367 4.8159509152174 631.403535656631 0 17.03100479394197 4538.142612084746 7608.100742273033 291.2004470899701 1.823226444423199 0.1535511314868927 0 0 0 0 0 0 0.1078225150704384 0 0 0 0.1009148359298706 0.2489966675639153 0 0 23.76942813396454 1.10869537293911 101.3263290077448 0 0 0.11993458122015 71.7188057154417 0.1157757490873337 6.43033829331398 0.1656082570552826 0.3968361467123032 0.1247746795415878 0.6393991112709045 0 0 0 15.61392415314913 2.379431203007698 0.1137190461158752 0 0 0.1321757286787033 0 0 4.37863290309906 5.457809887826443 24.43769543617964 73.8695092946291 10.69470929354429 10.9644690155983 0.09107428044080734 0.7993364930152893 0 6.745712466537952 3.134595595300198 1.186546601355076 0.3425910621881485 0.7214002907276154 0.08508072048425674 0.114247165620327 993.6408347040415 8.798677504062653 0 26.67447523027658 19.68185271322727 13.00533017516136 5.048590123653412 2.301348999142647 0.3840474858880043 85.48585836589336 0.1399294883012772 8.926329001784325 7.401793740689754 0.2774822264909744 2.906986720860004 3.616984650492668 1.978512607514858 0 0.6288793906569481 0 0.2086909040808678 0 0.6454884111881256 0.3183866292238235 0.7361258119344711 463.8418283313513 8.211211442947388 0 2.336671233177185 348.3681491017342 17.40892286598682 13.22277794778347 49.62439799308777 16.98686993122101 14.5028742402792 131.3094742596149 185.826642036438 198.248370975256 30.71208819746971 333.6174164861441 45.17019997537136 250.8039727807045 348.2161733806133 352.6554484218359 103.8294796198606 9.901015639305115 1.549864023923874 0 2.482722520828247 0 0 0 0 0 0 0 0 0 0 0.4341538548469543 0 0 0 0 17.15843839943409 1.391790792346001 0 0.8961950391530991 0.8445206880569458 53.6060057580471 0 33.50271679461002 11.66269055008888 2.349713683128357 0 0.1095412373542786 0 0 1.358126312494278 3.98199799656868 0 5.731167756021023 13.16063599288464 1.292912259697914 0 0 0 0 0.5537160187959671 0.772587776184082 1.018877223134041 3.240804672241211 8.760146141052246 0 3.353299498558044 1.285246193408966 41.95771595835686 3.563306644558907 0.6607840359210968 2.25524540245533 0 0.4174996465444565 0 0.2138881683349609 0 0.3017324507236481 116.4937000721693 2.732294291257858 0 0 0 10.1988392919302 0 2.181105852127075 10.98545572161674 13.96246099472046 6.208384051918983 3.041914686560631 0.7975389361381531 1.857099443674088 0.47671128064394 0 0 0.2915154993534088 0 0 0 87.29739673435688 21.61875146627426 30.53968587517738 95.2625547349453 12.10168093442917 104.6437873393297 27.13836261630058 442.078307762742 27.61927393078804 0.887171283364296 20.767230078578 31.96310672909021 4.516297891736031 56.08606364578009 10.0677275955677 138.0950601547956 1.046877354383469 0 12.9215421974659 663.206901371479 0
816.3811987191439 2860.245425373316 4640.67965375632 17.9646221101284 1953.705215655267 109.2984377667308 129.0107365325093 1603.998781949282 2099.722411304712 17.03100479394197 0 110.5586079359055 1954.61920902133 4880.786363214254 82.73254173994064 36.95162289589643 6.059700563549995 0.2232407480478287 0.1208278089761734 1.33533675968647 3.334138631820679 0.6049852818250656 0.8120162487030029 1.180036127567291 5.249820575118065 2.282149031758308 1.616937801241875 1.684237197041512 0.5420533046126366 0 941.1601857692003 122.4734098315239 580.9891762733459 0.4463083297014236 2.681525692343712 4.67769230902195 300.905275516212 19.00282771140337 27.04095043241978 11.06778199225664 3.109215945005417 3.301169879734516 0 6.982901133596897 0.5841482430696487 0.1855266839265823 226.4214848354459 5.674650974571705 0.3559683114290237 0.5620956718921661 3.691677369177341 0.9769347310066223 0 1.016339041292667 7.037421450018883 11.8196627497673 16.75021072477102 258.2620491608977 25.41476234048605 37.45168216526508 2.331165626645088 31.79928429424763 2.252962902188301 42.11412867903709 6.64197414368391 4.506963610649109 4.263822130858898 6.457970775663853 4.255175307393074 10.08882735669613 128.9751426279545 51.52872782945633 0.8829431384801865 62.77235226333141 63.15567542612553 71.15704242140055 41.04622967541218 20.40204900503159 10.60991612821817 1660.747582167387 0.9315884709358215 50.66793718934059 17.26163645088673 0.6079779788851738 7.566056683659554 11.9237544387579 9.211985662579536 0.1076479405164719 2.275693148374557 0.2428268119692802 2.2968440502882 0.8868708983063698 16.11607986688614 14.0993460342288 4.170975044369698 369.2233126759529 29.40786720067263 0.7640391439199448 9.811680987477303 95.66680243611336 9.269927337765694 4.237175270915031 19.03873236477375 1.92081493139267 9.095968499779701 69.83223460614681 8.384778693318367 61.46512548625469 7.960855558514595 64.46944139897823 20.74174082279205 77.50675540417433 95.18665197491646 96.19164892286062 98.04820884764194 4.052277743816376 2.712072357535362 0 2.825091689825058 0 0 0 0 0.3025596439838409 0 0 0 0.2182986289262772 0.3713335990905762 0.4738727509975433 0.1586250960826874 0.5667921304702759 0 0.1102051585912704 11.07171203196049 0 0 1.339415863156319 0 58.56229542195797 0.2486927956342697 42.24896524846554 15.10761804878712 1.247060216963291 0 0 0.1478731036186218 0.7727712541818619 2.42408861219883 2.546965643763542 0 2.322546750307083 8.171055160462856 0.8229033723473549 0.3814687132835388 0 0.1482912003993988 0.2337017804384232 2.081186562776566 0 0.850604772567749 2.597582370042801 14.33320066332817 0 0.3018297255039215 3.204315215349197 51.77326096594334 5.54684966802597 1.371717721223831 1.980086743831635 0.5077818036079407 0.5638056397438049 0 0.3021215051412582 0 0.9048072248697281 115.6422908753157 13.08915337920189 0 0.2901988327503204 0.2401936650276184 4.159386843442917 0 4.374180391430855 10.96259821951389 14.69893398880959 8.553765818476677 2.953657671809196 0 3.51279491186142 0 0 0 0.0977509543299675 0.1422047317028046 0 0 49.72975471615791 40.10505862534046 37.24415150284767 855.9829404652119 132.5222628042102 583.4350235983729 229.8514989688993 253.6099761351943 91.49433990567923 9.042688801884651 263.66288626194 49.16126888245344 4.993203401565552 61.31647030264139 10.66278135031462 14.67657633125782 3.099296092987061 0.722406804561615 12.56863898038864 21.51694925129414 1.819514393806458
68.08371105790138 91.22743548452854 3.183620348572731 137.2923223376274 16.64242728799582 288.6973117887974 99.51321558654308 14.72099862992764 60.05856661498547 4538.142612084746 110.5586079359055 0 1714.336367145181 608.7481310889125 3.996564298868179 3.095998637378216 1.204284593462944 0 0 0 0 0.8374003171920776 0.2108624279499054 0 0.678769052028656 0 0.8057331442832947 0 0 0 4.477405868470669 2.155179023742676 282.3205676972866 0 0 0 460.2283807098866 20.22264298796654 6.676925867795944 26.593874335289 0 0 0 1.530511617660522 0 0.8174279928207397 9.971898600459099 0.8491663709282875 0 0 0.1497891545295715 0.6046466380357742 1.354277640581131 0.163819432258606 0.1658777296543121 0.3732509389519691 12.22301401942968 18.75448607653379 4.215293735265732 1.343301333487034 0.9737660437822342 37.46699430048466 0 2.305788218975067 0.4210505783557892 0.3071551695466042 0 0.1141163185238838 0 0.2598027512431145 583.7182604074478 42.44582757353783 0 5.832612566649914 1.925567023456097 3.912954106926918 1.88819295167923 0.4470390975475311 1.645807057619095 929.1184234917164 0.5108285695314407 53.97253070771694 1.713524580001831 0 0.8717640712857246 0.9672618806362152 0.09164505451917648 0.1973022371530533 0 0.2854913324117661 0.1211591511964798 0 0.6200752556324005 0.4649290144443512 0.2777321338653564 2766.092484533787 131.4581259638071 0.2808647155761719 9.637534603476524 217.885616838932 9.211875401437283 11.37426295876503 39.12449412047863 5.8203055113554 9.459417626261711 146.2230803072453 50.80760923027992 163.2428521066904 18.9809781908989 197.2026850730181 39.34553429484367 250.3927899375558 292.4661360383034 330.3094911202788 99.33596220612526 4.130840890109539 0.6182582974433899 0.1397372782230377 1.109615206718445 0 0 0 0 0 0.3373827338218689 0 0 0.2049188911914825 0 0.3847779035568237 0.150299072265625 0.3384149670600891 0.5465899109840393 0.1147136390209198 17.07620470225811 0.8491950035095215 0 0.527019664645195 0 30.71689581871033 0 17.30042476952076 5.480062231421471 0 0 0 0 0 2.049939170479774 0.4474528133869171 0 6.525011911988258 10.62767908722162 0 0 0 0.9326511472463608 0 0.1627580374479294 0.7182642817497253 0.2007470577955246 0.4531855285167694 6.150398954749107 0 0 1.93372106552124 40.18139292299747 10.47858154773712 0.5928775519132614 1.64941718429327 0.5054136663675308 0 0 0.0995452031493187 0 0.4360927045345306 119.8468470871449 7.830714821815491 0 0 0.384731113910675 7.497711285948753 0.3116227686405182 1.639923542737961 5.850938767194748 7.195259615778923 5.594122432172298 3.903694599866867 0 1.437291875481606 0 0 0 0.4543492496013641 0.1433465629816055 0 0 140.7478369921446 30.19202698767185 16.25641612708569 152.634896710515 11.59557361900806 65.71155746281147 16.58340417593718 218.2726446837187 16.43190026283264 1.346961200237274 35.76078477501869 22.45822191983461 3.208061128854752 43.76046292483807 6.241840168833733 26.44491490721703 1.672992654144764 0.1320840716362 9.179031848907471 10.3925017118454 0.1663911789655685
485.1509022265673 3205.201431177557 121.6228889897466 668.8238874152303 1420.273625768721 317.1505360007286 2897.548612378538 121.2119959890842 1691.37904959172 7608.100742273033 1954.61920902133 1714.336367145181 0 2363.476260259748 51.68615072965622 22.05543771386147 3.71889665722847 0 0 0.3664214760065079 0.9802357852458954 0.7039965987205505 0.3117194026708603 0 0.399014413356781 1.329134419560432 0.4923556968569756 0.5531838312745094 0.2707184702157974 0.280564196407795 83.68528264760971 5.39583595842123 97.57754375785589 0 0.2772566452622414 0.9123579785227776 72.70241766422987 6.602282747626305 19.01840534061193 24.11779852956533 1.091343939304352 1.187234774231911 0.2612618282437325 3.812143288552761 0.1157579571008682 0.1215981692075729 108.0945828929543 4.690071910619736 0.136047750711441 0 1.569449782371521 0.4287270158529282 5.008005157113075 1.459676213562489 4.098650448024273 5.84720317274332 17.49283404648304 88.33348124474287 13.59163317084312 17.90058816224337 1.555057868361473 6.309629306197166 0.3059808015823364 12.16573256254196 5.047032833099365 1.669804938137531 1.867669194936752 2.169112764298916 1.255756199359894 3.110662564635277 613.0053786039352 21.03715020418167 0 37.19068488478661 27.002002812922 37.7408534809947 16.16070053726435 10.31146138906479 0.7122451290488243 740.4978046342731 0.9273260310292244 20.3509189710021 9.189712695777416 0.2714347690343857 5.400092557072639 5.125750072300434 4.225125171244144 0.1159863993525505 1.023396231234074 0 1.86545367538929 0.6091655641794205 5.752545222640038 3.429886929690838 2.889596678316593 1551.713320970535 12.94045469909906 0.2703296691179276 5.37202575802803 219.5737398713827 34.90457231551409 15.67769601941109 77.21256266534328 8.868507355451584 39.98434462398291 360.0972477123141 88.4510400891304 443.6189888492227 67.84544368088245 426.1339189112186 119.9219948723912 556.3808268904686 699.585525713861 718.4160249829292 250.5424921810627 5.023495428264141 7.197578839957714 0 3.415608420968056 0 0 0 0 0.2514601051807404 0 0 0 0.4507446736097336 0.117248073220253 0.1440478414297104 0.262035571038723 0.8128865957260132 0.7741084694862366 0 30.38907309621572 1.454722806811333 0.4975761622190475 0.18213951587677 0.2670510560274124 64.00547172874212 0.7130420506000519 30.10862174630165 8.04386094212532 0.9083025902509689 0.1757700890302658 0.3651034981012344 0 0.1608989685773849 3.282701462507248 4.58322873711586 0 14.92402700334787 26.5024728924036 1.013628363609314 0 0.4234207943081856 0.4055812507867813 0.114519402384758 1.270577281713486 1.834476247429848 0.3036100268363953 2.736643552780151 15.61177670955658 0 2.079235434532166 0.6338046193122864 68.24718779325485 17.2519384175539 4.361761085689068 5.501531690359116 0.1172075420618057 0.1474131047725677 0.1500984132289886 0.1979747116565704 0.1333102285861969 0.2883733510971069 246.3784725219011 14.92632603645325 0 0 0.5827712714672089 16.45637534558773 0 7.72629226744175 24.41064807772636 18.11242027580738 15.15350907295942 4.170689240098 1.532856017351151 1.99276789277792 0.2518905997276306 0.2535557448863983 0 0.5673379898071289 0 0.1700974851846695 0 261.7073439955711 51.70201060175896 34.41530385613441 575.696161814034 109.3723207637668 358.7183897718787 147.9775462001562 302.63072219491 55.95157712697983 6.087894782423973 162.3792606219649 50.86966665834188 7.909468747675419 90.14905416220427 18.19487453252077 62.78119175136089 0.8796123564243317 2.55115994811058 10.52316038310528 40.03841444849968 1.547537848353386
