0 4329.036314599216 771.1615365594625 3084.153012573719 3008.582878321409 91.43087205290794 943.5600194483995 31.80259276926517 322.0366405919194 917.4627398252487 472.2535235285759 650.2603778839111 2482.21732827276 258.0417157933116 3.746870495378971 1.446474827826023 0.1215035244822502 0 0 0.1239326298236847 0 0 0 0 0.1383321285247803 0.1585003286600113 0.09804614633321762 0 0 0 257.8430113643408 8.431040778756142 14.52602308988571 0 0 0.6373760849237442 23.89025588333607 0.1472252160310745 5.245559431612492 0 0 0 0 0.9617739766836166 0 0 15.42457604408264 2.09587537497282 0.2429295778274536 0 0.1029249802231789 0 0 0 2.602953098714352 3.67415677011013 199.4305671080947 1047.614369921386 34.05502060055733 12.02835227549076 0.2484137564897537 0.2295227944850922 0 2.794789053499699 2.762157030403614 0.2891734540462494 0.2261276692152023 0 0.2627707943320274 0.1332491785287857 93.66842146217823 0.1629503667354584 0 211.4127317070961 21.45577054470778 16.27600619196892 8.805485129356384 2.579566553235054 1.259751260280609 29.30600375682116 0.1137022152543068 0.6493142247200012 5.458640471100807 0 0.7701246067881584 0.1851419508457184 0.4018996432423592 0 0 0 0 0 0.145721048116684 0.190194696187973 0 196.1621771231294 1.882837384939194 0 1.503147482872009 635.2626383528113 0.1227974593639374 1.274453073740005 0 0 0.150661364197731 8.097334533929825 0.1663049459457397 3.22852785885334 7.388562932610512 5.099239036440849 0.3501214683055878 21.52959561347961 3.142179295420647 10.49436444044113 1.946327865123749 0 0 0 0 0 0 0 0 0 0 0 0 0 0 0 0 0 0 0 0.2612822204828262 0 0 0 0 3.561614252626896 0 0.8481544554233551 1.556286074221134 0.1946942210197449 0 0 0 0 0 0 0 0 0.4044132828712463 0.1101313531398773 0 0 0 0 0 0.1335268169641495 0 0.1277792304754257 1.718621119856834 0 0 0 0.7048743516206741 0 0 0 0 0 0 0 0 0 10.01981340348721 0 0 0 0 0 0 0 0.1424492001533508 0 0 0 0 0 0 0 0 0 0 0 0 4.426726654171944 0 0.9172702878713608 87.22743704915047 3.430971771478653 38.31566274911165 9.531472064554691 976.9502320587635 7.40586980432272 0.2573055624961853 9.606900833547115 2.141580402851105 0.1036226600408554 0.6787209287285805 0 13.64481708407402 0 0 1.61486154794693 0.4827234297990799 0.3693248331546783
4329.036314599216 0 729.2560325711966 1132.069489203393 4505.703426241875 329.7545337826014 3709.015151359141 79.70632429420948 2515.199905656278 1096.252517998219 1201.311521865427 55.04721686244011 2619.190960742533 515.508736141026 26.81317573040724 2.510610781610012 0.1034425795078278 0 0 0.254216194152832 0.148642972111702 0.1864794939756393 0 0.09829484671354294 0 0.401601180434227 0.3956223353743553 1.792633570730686 0.5133964791893959 0 1515.967357940972 20.87823291867971 12.0131551772356 0 0 0.1247500404715538 28.07912845164537 1.316621549427509 4.894685499370098 0.5285122022032738 1.793276637792587 1.701427429914474 0.3747614771127701 0.4960052892565727 0.1267616003751755 0 193.7809374704957 13.6145149320364 1.083383046090603 0.2169400155544281 0.314158096909523 0 0.1264590173959732 0.8311757296323776 16.2108151614666 24.53992287069559 196.7943334653974 1059.248066067696 46.99666362255812 111.5878252983093 0.2677670121192932 1.500780113041401 0 17.3397381901741 15.62231139838696 1.852588914334774 0.5766545087099075 2.352556072175503 0.1034315750002861 0.7285677343606949 26.37191244214773 1.378038376569748 0 585.275187432766 119.7507008612156 157.3851010873914 55.9584661796689 8.217046283185482 1.216926522552967 29.10091304779053 0.4234616756439209 1.390025183558464 33.67300933599472 0.5156627744436264 4.786084547638893 2.869031324982643 2.847117781639099 0 0.3752875179052353 0 0.2773121669888496 0.2688412442803383 0.1439735442399979 0 0.4650794118642807 63.83159178495407 0.7826390266418457 0 1.370814844965935 941.4437685832381 0 0.5694466382265091 0 0.2344736158847809 0 17.67619182169437 0.6019377410411835 2.659571826457977 36.0629850924015 4.324053779244423 0.8813802897930145 17.88624301552773 3.004883758723736 9.098006963729858 5.237698316574097 0 0 0 0 0 0 0 0 0 0 0 0 0.2220058441162109 0 0 0.2996790707111359 0 0.2318076491355896 0 0.2151059955358505 0.9537931084632874 0 0 0 7.041030928492546 0 2.541455134749413 0.9697403982281685 0 0 0 0 0 0 0 0 0.2259916961193085 1.289921477437019 0 0 0.3500263690948486 0.2349315732717514 0 0 0 0 0.2119331285357475 0.709970235824585 0 0 0 0.3038026094436646 0 0 0 0 0 0 0 0 0 7.989860482513905 0 0 0.2299625128507614 0 0.8414127230644226 0 0 1.297984734177589 0.6000198125839233 0 0.1298247128725052 0.4697273373603821 0 0 0 0 0 0 0 0 4.825306117534637 2.373289115726948 4.315171651542187 326.0825275406241 20.56529317051172 462.6899418979883 74.85995278507471 1615.671141318977 50.50765930116177 4.650436244904995 65.39041521400213 7.34561925381422 0.3747447431087494 3.009067729115486 0 8.969117477536201 0 0 0.3258124440908432 2.808486208319664 0
771.1615365594625 729.2560325711966 0 5.174975745379925 678.6323652788997 237.2767346799374 209.1618808656931 1560.47271579504 1036.284582830966 6.891039095818996 5810.496207349002 5.885985553264618 380.3623181730509 924.9268798083067 25.59133420884609 14.35488054156303 2.184909000992775 12.95810209214687 0.5108245611190796 6.296158254146576 8.38602152466774 0.1364674121141434 3.119439825415611 0.1642105430364609 1.77014072984457 2.856014661490917 0.4739275798201561 2.080689713358879 0.9264857470989227 0 6280.492969863117 284.5334759503603 72.56487396359444 4.840583764016628 3.245781444013119 3.455740466713905 139.1729544475675 8.420771904289722 40.96974862366915 1.706264786422253 7.189470939338207 0.9062912613153458 32.48909309506416 4.078567288815975 1.294425502419472 3.793847054243088 92.50426619499922 13.04745545983315 4.37571008503437 28.1737754791975 1.479321897029877 0 1.080142170190811 1.114491686224937 8.976178169250488 10.53494253009558 231.0398528575897 2309.679166130722 41.45201110094786 63.88970159739256 2.845272988080978 46.47017409652472 4.646606415510178 311.7521909624338 7.503272496163845 2.951989360153675 1.19938263297081 8.154680624604225 25.29814572632313 58.97260984778404 59.24906325340271 15.07923805713654 0 534.5374444648623 185.5222004801035 110.2718910351396 54.96509336680174 23.88614925742149 146.3514753356576 2208.336002968252 2.246287249028683 172.2452808320522 18.26242981106043 0 3.277301244437695 1.275458134710789 12.95573963969946 0 0.5171306878328323 0 0.1191545650362968 0 12.23005797713995 0.4174586609005928 0.3856053650379181 28.32547234743834 4.697798103094101 0.930863082408905 22.38068065792322 967.1549002081156 0.0975547730922699 2.331996351480484 0.6435514092445374 0 1.691030412912369 7.63979659974575 1.104676134884357 1.882803723216057 1.971305802464485 5.259529903531075 2.297135978937149 23.55472108721733 6.343901008367538 19.11225657165051 7.123984232544899 0.6851641461253166 0.1794030517339706 0 0 0 0 0 0 0 0 0 0 0 0 0 0.1713885217905045 0.1365265101194382 0.2015093863010406 0 1.524905703961849 1.228699326515198 0 0 0 16.48816256970167 0.8515179604291916 5.887285374104977 8.489261776208878 0.5291303470730782 0.1622108370065689 0 0 0 0 0 0 0.1573328822851181 2.124838024377823 0 0 0.1369044929742813 0 0.3743105083703995 0 0.2905016243457794 0 0.3953690230846405 4.319043383002281 0 0 0 0 0.1304173618555069 0 0 0 0 0 0 0 0 28.58549515157938 0 0 0 0.4256734624505043 1.235613621771336 0 0 0.5859953910112381 1.151143655180931 0.7942000925540924 0 0.228557214140892 0 0 0.09419059008359909 0 0 0 0 0 3.379378415644169 5.986412093043327 16.71659711748362 177.5043241605163 16.47865781933069 169.8053928092122 36.14798311144114 1097.839552506804 19.56255709379911 4.388487614691257 42.00897295027971 8.942477688193321 0.1556944847106934 5.980142369866371 0.8743342608213425 6.542427346110344 0.1715081483125687 0 2.487062767148018 1.339325085282326 0.2667570412158966
3084.153012573719 1132.069489203393 5.174975745379925 0 53.80995550751686 200.4568100422621 1099.943629264832 0.187490239739418 12.05314080417156 1019.177361689508 3.437789708375931 1036.967579774559 5674.051470711827 206.553030833602 1.71890539675951 0.1300859898328781 0 0 0 0 0 0.1372450143098831 0 0 0 0 0 0 0 0 6.476842612028122 0.1151718273758888 2.382091134786606 0 0 0 12.53578482568264 0 0.5763124227523804 0 0.1473748534917831 0.3872532993555069 0.1160884723067284 0 0 0 13.33112791925669 1.474697560071945 0 0 0 0 0 0 1.685008242726326 2.944437682628632 41.72959834337234 138.2598954737186 7.781341232359409 11.67570684105158 0 0.1525850892066956 0 0 2.322099477052689 0.1728272661566734 0 0 0 0 277.4069734066725 0 0 91.65060836076736 9.151587598025799 12.27033754438162 1.624637976288795 0 0 0.8784323111176491 0 0.1236568316817284 5.233333989977837 0 0.5944874361157417 0.2817397490143776 0 0 0 0 0.08639728277921677 0 0 0 0.1176262274384499 76.93542824685574 0 0 0 162.2591635584831 0 0 0.6056725382804871 0 0 4.206649035215378 0.654649555683136 1.356654390692711 25.77084591984749 1.743680134415627 0 6.681407004594803 0.6216588765382767 4.512610852718353 0.8349040597677231 0 0 0 0 0 0 0 0 0 0 0 0 0 0 0 0 0 0 0 0.4940811023116112 0 0 0 0 1.097063153982162 0 0 0.2873562872409821 0 0 0 0 0 0 0 0 0.5332467555999756 0.3216039836406708 0 0 0 0 0 0 0 0 0 0.2180193662643433 0 0 0 0.2437484413385391 0 0 0 0 0 0 0 0 0 2.177826121449471 0 0 0 0 0.1926756948232651 0 0 0 0.5031318515539169 0 0 0 0 0 0 0 0 0 0 0 1.518194541335106 1.876600950956345 1.116964906454086 46.33492770791054 0.8716687187552452 53.45541306585073 5.478562831878662 460.1671734526753 3.478712193667889 0.5016887933015823 6.908978477120399 0.2538095116615295 0 0.2408560365438461 0 2.865065738558769 0 0 0.3965971767902374 0.5508327931165695 0
3008.582878321409 4505.703426241875 678.6323652788997 53.80995550751686 0 114.248344630003 4597.183220498264 199.4553849846125 7460.605762280524 224.8059558346868 1031.022486545146 54.40718775987625 699.9428038746119 591.0745158940554 29.64224007725716 1.814630918204784 0.1086659580469131 0 0 0.242015153169632 0 0 0 0 0 0.33083176612854 0.09095456451177597 0.6902911365032196 0.2838642448186874 0 929.8819942250848 33.87054885178804 4.158561632037163 0 0 0 10.16287826001644 0.2597834169864655 3.060081914067268 0 1.434834346175194 0.6061241775751114 0 0.5340525284409523 0 0 206.3928091675043 10.89927499741316 0.3813004121184349 0.2083146125078201 0.8048171103000641 0.1603497564792633 0.1764999181032181 0.6693008169531822 11.51197725534439 16.46721787005663 85.755191616714 424.6914815455675 24.03857304155827 93.69848020374775 0.1823005974292755 1.193694643676281 0 28.84620148688555 10.72347782552242 2.492393419146538 0.3722877204418182 1.872478947043419 0.4345012307167053 0.2893780842423439 9.964660912752151 1.914481699466705 0 329.0299173370004 101.0921387895942 163.7126507386565 71.70992586016655 7.398403495550156 1.767225414514542 11.39653852581978 0.2456468492746353 0.977995902299881 24.60851313918829 0.338934488594532 4.455541588366032 1.33031003922224 2.472758114337921 0.09162075072526932 0.1037774458527565 0.116880975663662 0.6275661066174507 1.016373440623283 0.7409623935818672 0.6697799488902092 0.1415485888719559 79.51365625858307 0.7404550313949585 0 1.58268116414547 348.5359040349722 0.6170274615287781 0.4519383907318115 0.507745161652565 0 0.1623159497976303 3.768741816282272 1.099541038274765 2.323327168822289 1.182617872953415 3.721214517951012 0.4904135167598724 15.50606152415276 5.518675550818443 10.91010226309299 2.370837867259979 0 0 0 0 0 0 0 0 0 0 0.1228664144873619 0 0 0 0 0 0 0.2047296166419983 0 0.916163481771946 0 0 0 0 4.320015475153923 0 3.993876203894615 2.390221357345581 0.1882137954235077 0 0 0 0 0 0.4002976417541504 0 0 0 0 0 0 0 0.3189241588115692 0.7550827264785767 0 0 0.4472218751907349 1.326410368084908 0 0 0 0.6751756221055984 0 0.2848705500364304 0 0 0 0 0 0 0 14.71919955313206 0 0 0 0.1593553721904755 0 0 0 0.3665745854377747 0 1.328291267156601 0 0.1456186771392822 0.2159011512994766 0 0 0 0 0 0.2922622561454773 0 5.880912825465202 0.1284862160682678 3.062084674835205 323.8000904098153 20.44694463908672 411.896412871778 92.38287273049355 646.9693877995014 71.83623418211937 5.949188992381096 77.84096614271402 5.465589061379433 0.4038563519716263 2.897823467850685 0.3881504535675049 5.909165039658546 0.855583667755127 0 1.566244691610336 3.976206138730049 0.7744131684303284
91.43087205290794 329.7545337826014 237.2767346799374 200.4568100422621 114.248344630003 0 217.8877952545881 3.632498770952225 36.1153956502676 170.1874544322491 43.95136062800884 229.8103107661009 439.4184535890818 50.97828489542007 0.3142493367195129 0.1452913135290146 0 0 0 0 0 5.514454677700996 0 0 0 0 0 0 0 0 24.31412608921528 0.3389131724834442 8.945330023765564 0 0 0 63.94901469349861 0.220491424202919 33.36136548221111 0 0 0 0 0 0 0.2268727868795395 0.5907002538442612 0 0 0 0 12.01763397455215 0.4841533303260803 1.01257286965847 0 0.1067401096224785 305.3277942612767 39.41679333895445 2.674823485314846 0.6391359642148018 0 1.240197092294693 0 0.4757294356822968 0 0.08782678842544556 0 0.2988893464207649 0.2633760571479797 0 390.5219380408525 416.2637974917889 3.345001578330994 5.876098528504372 0.5177974998950958 0.6775947138667107 0.5634024888277054 0.1258809864521027 0.9046890735626221 12.6211451292038 0 0 0.1361116915941238 0.9308155626058578 0 0 0 8.707380324602127 3.492439821362495 4.062921822071075 0.9725931137800217 1.877850234508514 0 0 0.3381883800029755 263.3771739304066 228.1961207091808 1.877960652112961 77.51324479281902 885.5553326457739 0 1.904382437467575 0 0.2591613233089447 0.6319377422332764 6.243056699633598 2.409496158361435 2.471879228949547 1.168629556894302 6.928178116679192 0 21.89350460469723 3.041944146156311 12.90278449654579 1.941030919551849 0 0 0 0 0 0 0 0 0 0 0 0 0 0 0 0 0.249581903219223 0 0 0.5843466073274612 0 0 0 0 5.975519523024559 0.215498223900795 2.528629131615162 8.16420803964138 0.4679422378540039 0.1484006643295288 0 0 0 0 0 0 0 0.3486653864383698 0 0 0 3.111297413706779 0 0 0 0 0.7026811391115189 0.5394796133041382 0 0 0 0.3550684750080109 0 0 0 0 0 0 0 0 0 7.438236407935619 0 0 0 0 0 0 0 0.4594563543796539 1.890503823757172 0.3100923895835876 0 0 0 0 0 0 0.1890370398759842 0 0 0 4.421872407197952 1.40662507712841 9.694086268544197 87.15904354304075 0.7620364129543304 2.268632933497429 0.6427717357873917 602.2242543250322 0.4557846933603287 0 0.5446345806121826 5.845364481210709 0 2.125695466995239 0 14.53173123300076 0 0 0.7953201532363892 0 0
943.5600194483995 3709.015151359141 209.1618808656931 1099.943629264832 4597.183220498264 217.8877952545881 0 16.11825206130743 1415.104624137282 2811.247213356197 86.85884643346071 186.4523598998785 1060.809417918324 103.4089914038777 55.77704446017742 4.144782237708569 0.6929576694965363 0.5166087672114372 0 0.7216461151838303 0.4446592479944229 0.2495700046420097 0 0 0 0.9822150319814682 0.211525596678257 3.172229140996933 1.479533061385155 0.5661486983299255 101.7476888597012 37.12195139378309 10.05566829442978 0.1468534171581268 0.1043327152729034 0.1290442794561386 21.58014361560345 0.333223283290863 8.758483871817589 0 3.485061757266521 2.216160863637924 0 1.21939855068922 0 0.09517157077789307 322.2264586389065 18.43868812173605 0.8696940615773201 0.5407310798764229 0.9713827520608902 0.2286220192909241 0.2401660159230232 1.608427442610264 15.67404671758413 25.71186701953411 123.9273671731353 367.4523121118546 41.8144968226552 150.135855704546 0.09446081519126892 1.203442446887493 0 36.19878335297108 15.7496779486537 2.828302018344402 0.5646565109491348 5.003688231110573 0.4579706192016602 0.9835558608174324 47.76565632224083 5.719864755868912 0 526.5710703954101 136.4809965416789 238.4926163330674 122.3666310012341 12.1553065776825 0.8074572905898094 12.43348648399115 0.1048068851232529 1.781834363937378 42.61392076313496 0.3032316938042641 3.623129323124886 2.478410348296165 4.030422769486904 0.151018813252449 0.3782850652933121 0.09481820464134216 1.140271618962288 0.4017941504716873 1.715763136744499 0.2804790139198303 1.84400363266468 758.2699258029461 3.393472164869308 0 4.299152590334415 204.2380889505148 1.555406540632248 4.725439324975014 3.125010281801224 1.931159496307373 2.34186127781868 34.36088900268078 3.620827659964561 23.8129456192255 22.65782526135445 47.55184778571129 4.254979848861694 151.7002679854631 31.0252438634634 78.7726878374815 36.98009915649891 2.526160255074501 1.476846575737 0 0.4474786221981049 0 0 0 0 0 0 0.552241325378418 0 0 0 0 0 0 0.1495802253484726 0 0.9193613529205322 0.8978647589683533 0 0 0 26.43640227615833 0.4393306076526642 9.650901883840561 7.058245196938515 0.4845008999109268 0 0 0 0 0 0 0.2383227646350861 2.696744032204151 3.318884693086147 0 0 0.4663102179765701 0 0 0.2459088116884232 1.064400106668472 0 1.298441432416439 8.357172086834908 0 0 0 3.181564450263977 0.1655512303113937 0.836637482047081 0 0 0 0 0 0 0 79.25459769368172 0.3213566541671753 0 0 0.2930927574634552 0.761955663561821 0 0 2.710417732596397 7.902489632368088 4.184101462364197 2.233874693512917 0.3059221208095551 0.4324747920036316 0 0.1435846239328384 0 0 0 0 0 40.60687147080898 8.761489599943161 11.62951216101646 957.7019764110446 43.98128084093332 808.3840963989496 184.2965732365847 1807.573597304523 145.9036183580756 13.38901810348034 199.9115716516972 25.54517164826393 0.7272997200489044 10.08587069809437 0.8663476407527924 61.7269289791584 0.2419252544641495 0.5910159945487976 2.951095908880234 4.605890393257141 0.829193502664566
31.80259276926517 79.70632429420948 1560.47271579504 0.187490239739418 199.4553849846125 3.632498770952225 16.11825206130743 0 453.2287551686168 2.037446707487106 3601.069277577102 0.6662661135196686 87.84130521863699 535.6656836122274 18.04729208350182 11.62199207395315 6.078047782182693 36.65090183913708 1.704799130558968 34.01731067150831 27.75478553771973 0.1144483983516693 4.007102608680725 0.1231570243835449 2.30381615459919 2.248206228017807 0 2.574398964643478 0.6697040200233459 0 264.6004049926996 1415.867183752358 30.32809598743916 9.983456201851368 3.502639792859554 1.826379433274269 62.79672857373953 4.895631968975067 23.05807673186064 1.116068862378597 17.09928212314844 0.8377069681882858 75.17288456857204 5.359065689146519 1.976166620850563 14.5831523835659 76.7810892611742 7.013865128159523 7.352555528283119 73.7220918610692 1.719327107071877 0 0.8467298150062561 3.105294838547707 3.156250447034836 3.165059559047222 22.39978091418743 132.0340510159731 6.386098206043243 28.56161007285118 29.15091301500797 74.7483993768692 9.210345856845379 157.7303240224719 2.120463751256466 4.093444861471653 0.3196223080158234 17.70821541547775 50.25155555456877 141.4779097512364 20.60054735839367 4.854034826159477 0 99.68769168108702 73.68148992210627 65.93172838538885 101.7476522624493 146.4224191606045 1873.366195969284 4430.991439066827 29.74627806246281 1528.796642541885 6.571084842085838 0 2.254826202988625 0.5771071165800095 37.21819886565208 0 0.1119964420795441 0 0.3786973282694817 0.2879719138145447 19.15623555332422 0 0.5584671273827553 4.993453249335289 2.068066611886024 0 6.218957237899303 26.03810927271843 1.092895269393921 1.439000070095062 0 0 0.5224263817071915 1.064943462610245 0 0 0 0.1575501561164856 0.7336489260196686 3.87143862247467 0.3220636695623398 2.660627827048302 1.362671598792076 0 0.3930704891681671 0 0 0 0 0 0 0 0 0.5019695311784744 0 0.4267169758677483 0 0 0.2378136813640594 0 0.7766720056533813 0 0 0.3588741421699524 0 0 0 4.430003441870213 0.1383506953716278 1.018248915672302 5.599136836826801 0.5939832776784897 0.3092425838112831 0 0 0 0.5628315657377243 0 0 0.4092381596565247 0.9277323484420776 0 0 0.404552236199379 0.4587320163846016 0.2380739450454712 0 0 0 0 2.216980442404747 0 0 0 0.5220552086830139 0 0 0 0 0.1787821501493454 0 0 0 0 3.304339572787285 0.3848175704479218 0 0 0.1268187016248703 0.1547550708055496 0 0.1614817976951599 0.2383807897567749 0.5472478270530701 1.934587746858597 0 0 0.2476486414670944 0 0 0 0 0 0 0 0.1939687132835388 2.126084968447685 3.32672031223774 123.2174307778478 9.815277129411697 141.0121679008007 30.05274154245853 58.02407018095255 12.63689675182104 1.751195311546326 28.81004524230957 4.586908742785454 0.2775552570819855 3.203420884907246 0 3.813849329948425 0.2060443162918091 0.2634681463241577 0.6227028369903564 0.2447624355554581 0
322.0366405919194 2515.199905656278 1036.284582830966 12.05314080417156 7460.605762280524 36.1153956502676 1415.104624137282 453.2287551686168 0 413.018967077136 2070.735012441874 85.14734968543053 2167.696617864072 1611.62950823456 61.03519128262997 11.489945538342 0.1485776752233505 0.8487429544329643 0 0 1.278427131474018 1.028767436742783 0 0 0 1.5865708142519 0.1635295301675797 2.732090078294277 1.783804543316364 0.1503391116857529 176.4454234316945 92.8600350394845 68.84881290048361 0 0 0.1682136058807373 93.16946332156658 1.222072809934616 12.84214004874229 0.757588230073452 2.910225868225098 2.296515561640263 0.2710914611816406 4.109335273504257 0 0.2299813404679298 224.9716319665313 9.719730973243713 0.7409292459487915 0.1052785813808441 0.9251106232404709 0.3663530349731445 0.6501908004283905 1.231307126581669 8.294292986392975 16.04179780185223 43.32025200128555 163.8526461943984 17.16510635614395 86.22680621594191 0.2521649748086929 2.84786406904459 0 46.93428474664688 8.054822288453579 1.386097580194473 0.9040853902697563 2.412725925445557 0.3807450979948044 1.484453409910202 73.52679514884949 10.83608937263489 0 230.0030954107642 91.39327128976583 187.3356957808137 142.605032607913 29.48178831487894 1.984091579914093 26.40940770506859 0.2852338403463364 1.469862870872021 18.7702701985836 0.7849525958299637 2.46726168692112 1.829985082149506 3.073917359113693 0.1348536163568497 0.1026836186647415 0 1.021584413945675 1.173592925071716 1.017376124858856 0.2449964582920074 1.978351071476936 371.4960932582617 3.129130229353905 0 5.041698202490807 68.99475076794624 2.201533317565918 4.930121570825577 0.7435807883739471 3.691566005349159 4.317376650869846 29.51070718467236 3.944298014044762 18.47164814174175 10.25217215716839 35.3631237000227 7.29257969558239 141.7612334415317 39.20561817288399 75.47379623353481 35.95945986360312 0.9043624848127365 0.3708485960960388 0 0 0.2258735597133636 0 0 0 0 0 0.3380757868289948 0 0 0.3019312620162964 0 0.3181354403495789 0 0 0 4.548510171473026 1.028769612312317 0 0 0 27.96169229596853 0.1943042129278183 9.625741004943848 13.13632607460022 0.5176146924495697 0 0.7231776118278503 0 0 1.103547394275665 0 0 1.428972691297531 3.83118362724781 0.132723405957222 0 0 0.5978062003850937 0.1203407719731331 1.125063136219978 0.6375430822372437 0 1.848898947238922 6.518510639667511 0.1982908397912979 0.392364501953125 0 4.969099164009094 0.6034485846757889 0 0.9178741499781609 0 0 0 0 0 0.2991785407066345 94.62489075958729 0.6525338292121887 0.1348285675048828 0 0.2850624471902847 2.931993842124939 0.4596264660358429 0 2.079736337065697 5.126842275261879 4.119929283857346 0.5516521334648132 1.822292596101761 0.4616714417934418 0 0 0 0 0 0 0 45.62527574598789 7.130666755139828 17.17412233352661 800.9802502691746 44.44417375326157 503.6704316660762 151.4126834794879 430.9677799791098 105.5846154242754 13.73083771765232 218.4510074555874 23.36660845577717 0.8094300478696823 12.23959003388882 2.237436532974243 55.55503991246223 1.177900016307831 0 6.280264928936958 8.498125940561295 0.7861505150794983
917.4627398252487 1096.252517998219 6.891039095818996 1019.177361689508 224.8059558346868 170.1874544322491 2811.247213356197 2.037446707487106 413.018967077136 0 8.496924512088299 1971.963054075837 10965.2895039171 639.5120861232281 1.702872022986412 0 0 0 0 0 0 0 0 0 0 0 0 0 0 0 5.76051190495491 0.9749371260404587 39.54888978600502 0 0 0 95.99417103827 0.0991647019982338 4.096055641770363 0 0 0 0 0.1315039843320847 0 0 10.2955194786191 0.4899899587035179 0 0 0 0 0 0 0.7689196392893791 0.7121651992201805 38.95065478235483 64.16072224080563 4.087137974798679 3.549313008785248 0 0.676971435546875 0 0.7026869654655457 0.5955357998609543 0 0 0.1801578402519226 0 0 1006.216936215758 6.938654363155365 0 28.68578813225031 3.997660495340824 5.82927892357111 1.572973147034645 0.599976971745491 0 1.560297764837742 0 0.1781352162361145 1.024997271597385 0 0.3601091802120209 0.1680087670683861 0 0 0 0 0 0 0 0 0 659.1144429445267 39.4785064458847 0 7.207903325557709 411.4415498226881 0.9650972262024879 7.927938789129257 2.405013754963875 1.922066941857338 0.7635552883148193 29.1059684753418 3.566630974411964 12.19920966029167 33.98901149630547 22.54363232851028 2.888000726699829 89.86764606833458 15.3232744038105 46.39291930198669 16.63272947072983 0.5045417547225952 0.8063793182373047 0 0 0 0 0 0 0 0 0 0 0 0 0 0 0 0 0 1.943415477871895 0.2216363996267319 0 0 0 12.09629130363464 0 2.547710627317429 2.721661910414696 0 0 0 0 0 0 0 0 0.1004697680473328 1.360583230853081 0.1456911563873291 0 0 0 0 0 0 0.08070667088031769 0.5517553091049194 3.259002767503262 1.491170734167099 0 0 0.9401826560497284 0.2635278552770615 0.2989941239356995 0 0 0.18508380651474 0 0 0 0 30.00844170898199 0 0 0 0 0.6504037380218506 0 0 2.377414584159851 1.647234678268433 0.280918687582016 0 0.1830962151288986 0 0 0 0 0 0 0 0 24.75272272527218 2.066135883331299 5.268012136220932 153.0854996591806 1.415207251906395 25.97562220692635 4.892695017158985 535.1738809943199 3.388839744031429 0.8063250184059143 11.12295444309711 6.996311336755753 0 6.232296168804169 0.1959413588047028 37.32902598381042 0.5906552672386169 0 1.175296574831009 0 0.5967971086502075
472.2535235285759 1201.311521865427 5810.496207349002 3.437789708375931 1031.022486545146 43.95136062800884 86.85884643346071 3601.069277577102 2070.735012441874 8.496924512088299 0 20.31216897070408 1740.968858651817 1956.526211090386 83.99354027211666 32.87242022901773 0.6682892739772797 1.590224422514439 0.2777596414089203 0.5284284353256226 3.2065604403615 0.3573230355978012 0.1566493362188339 0.1503456234931946 5.544066540896893 4.204297617077827 0.4841413497924805 2.510499127209187 2.08303838968277 0 482.1842326894403 617.4177695214748 442.7638134732842 1.667110502719879 2.614846378564835 3.754061706364155 661.3787163868546 28.04395319521427 85.51375208795071 2.428078643977642 7.195305712521076 1.253381088376045 3.616207227110863 11.12791455537081 0.4900333434343338 1.751022696495056 205.5383806824684 7.885688982903957 1.360706709325314 4.355242200195789 1.582840591669083 0.251123309135437 0.1373285800218582 2.188082188367844 6.836123831570148 12.12106308341026 56.24962904304266 293.0988323241472 19.94197291880846 78.82982401549816 1.964338563382626 55.1805055513978 2.669967010617256 101.2252875193954 7.401584044098854 2.281322345137596 0.7818177565932274 2.564213685691357 4.928675569593906 17.45836485177279 195.2581722140312 13.54557074606419 0 237.6434961408377 116.8679824024439 203.2370108887553 191.2671414986253 80.55061562359333 323.4556871727109 478.1682208105922 2.562854491174221 14.3909679800272 15.15280544757843 0.3873661831021309 3.011743247509003 0.9877344816923141 4.248964622616768 0 0.4200983867049217 0 0.6737889125943184 0.6889030337333679 7.998664915561676 1.322294056415558 0.6900167614221573 81.29024305194616 1.417531952261925 0.2683640420436859 11.12539996951818 142.7076719850302 0.6235973834991455 1.028729140758514 1.079856768250465 0.3298157751560211 1.393457174301147 10.67723445594311 1.877998873591423 5.720293842256069 5.552073761820793 7.452335380017757 4.481569945812225 51.71521027386189 11.96048279106617 32.78627462685108 17.71699898689985 1.334425672888756 0.8324423879384995 0 0 0 0 0 0 0 0 0 0 0 0 0 0 0 0 0 0.359454371035099 0.6090948879718781 0 0 0 22.88768880069256 1.008938029408455 5.212938949465752 3.052730955183506 0 0 0 0 0.150420218706131 0 0 0 2.00119823217392 2.709702782332897 0.392237663269043 0 0.2160994857549667 0.09084496647119522 0.4089266657829285 0 0.2589790821075439 0 0.4062181115150452 4.3464415371418 0 1.046872138977051 0.2318624258041382 1.351653590798378 0.151603490114212 0 0 0 0.1283634006977081 0 0 0 0 36.30534344911575 0.1979194283485413 0 0 0.2279807925224304 0.8673113137483597 0 0 3.438517339527607 1.99593909829855 1.698834411799908 0.2593931704759598 0.2086091041564941 0.3301228284835815 0 0 0 0 0 0 0 10.39132183790207 6.025277480483055 13.34160834550858 637.9168757721782 24.04940324276686 407.1055466160178 121.8053158223629 282.7615407854319 68.88142327964306 8.027571469545364 170.4748468697071 20.19068221002817 0.2185295820236206 8.142673797905445 0.8888159841299057 11.78573536127806 0 0.6052305698394775 2.583650857210159 9.590399280190468 0.4253404438495636
650.2603778839111 55.04721686244011 5.885985553264618 1036.967579774559 54.40718775987625 229.8103107661009 186.4523598998785 0.6662661135196686 85.14734968543053 1971.963054075837 20.31216897070408 0 2203.52159409225 106.4239782840014 0.9043002873659134 0.1733059287071228 0 0 0 0 0 0 0 0 0 0 0 0 0 0 1.021194100379944 0 6.548221617937088 0 0 0 50.65395306050777 0 0.7656487822532654 0 0 0 0 0.1892528384923935 0 0 2.815141052007675 0.5162471011281013 0 0 0 0 0 0 0.7592621743679047 0.5500439703464508 6.336314186453819 17.28168086707592 1.238870270550251 1.638745091855526 0 0.5731444358825684 0 0.4348443150520325 0.1108429282903671 0.0833306759595871 0.5111568570137024 0 0 0.08411592990159988 350.2882113754749 3.560912489891052 0 9.843485303223133 1.932433232665062 2.649077236652374 1.643192134797573 0.9094979614019394 0 2.164594762027264 0 0 0.3387998566031456 0 0.2366820201277733 0 0 0 0 0 0 0 0 0 0 981.9544921517372 0.4393448829650879 0 0 51.07751786708832 0.9704649746417999 2.286744877696037 1.375148855149746 1.960578456521034 1.888605214655399 30.92377834022045 4.593648195266724 21.35407803952694 6.51292110979557 35.52244237065315 5.111500672996044 134.7035134732723 18.70048663020134 87.06548580527306 30.13867924362421 0.1567980051040649 0.1813905388116837 0 0 0 0 0 0 0 0 0 0 0 0 0 0 0 0.1334260255098343 0 3.310686655342579 0.3181349486112595 0 0 0 17.63922823965549 0.1552968919277191 3.957281559705734 4.903948530554771 0.2067326754331589 0 0 0 0 0 0 0 1.527973607182503 5.786227226257324 0.1338772773742676 0 0 0 0 0.1810032576322556 0.3980079591274261 0.1615682393312454 1.002743542194366 7.486841857433319 0 0 0 1.848947241902351 0.1416703164577484 0.1751434057950974 0.4847414791584015 0 0 0 0 0 0 53.36415368318558 0.1446834206581116 0 0 0 1.158060893416405 0 0 1.929436668753624 3.224575534462929 3.981534980237484 1.743056289851665 0.1236667558550835 0 0 0 0 0 0 0 0 29.96992401778698 4.140742801129818 5.535786494612694 83.92611390352249 1.241596341133118 12.65474031865597 3.58795652538538 188.6771944537759 0.844231054186821 0.1051326096057892 6.63768570125103 10.1399522870779 0 8.259410016238689 0.5588762015104294 61.3425802141428 0.4563887119293213 0 3.930283814668655 0.1907946616411209 0
2482.21732827276 2619.190960742533 380.3623181730509 5674.051470711827 699.9428038746119 439.4184535890818 1060.809417918324 87.84130521863699 2167.696617864072 10965.2895039171 1740.968858651817 2203.52159409225 0 3854.371308200061 53.29796911031008 18.59603495895863 0.110987663269043 0 0 0.2480142191052437 0.9110271036624908 0.2045620828866959 0 0 0 2.461387805640697 0.9943019300699234 2.613318666815758 2.399912983179092 1.247326031327248 61.93142208456993 59.80087500810623 137.2479057759047 0 0 0 347.5921919345856 0.2978904768824577 34.41143064200878 0.8240442126989365 1.878718212246895 2.25900787115097 0.7579495459794998 5.443027339875698 0.1165820136666298 0.2682437896728516 143.0104838684201 5.891790732741356 0.2345727533102036 0.8288415968418121 0.7363243252038956 0.1628523766994476 0.727152019739151 2.821393713355064 6.048469096422195 8.929093442857265 64.0390729829669 181.625089623034 15.33057770133018 47.26831267029047 0.4374922141432762 3.670910947024822 0.1067088693380356 29.64979051053524 7.553729951381683 1.270560376346111 0.1842262223362923 3.072691768407822 0.8740211427211761 1.263505451381207 432.8620772063732 28.72954912483692 0 167.617612592876 49.807248480618 116.0103559568524 96.61339211463928 42.77850803732872 1.720846697688103 65.43985936045647 1.334348991513252 1.616193130612373 14.67322964221239 0 0.9912663400173187 0.6243524476885796 1.78839336335659 0.2974566221237183 0.1003367528319359 0 0.4494621455669403 0.5363899916410446 2.457543537020683 1.368176087737083 1.07781545817852 3687.819213062525 5.428192317485809 0 14.00778314471245 218.8674851730466 7.8293741568923 26.11366511881351 10.24657911807299 9.490552261471748 11.63710377365351 151.4672165811062 16.51857942342758 76.52883048355579 67.70945405960083 170.7027723640203 24.72997609525919 621.7806687578559 148.0836099535227 386.7933252230287 171.5340014323592 1.392749518156052 1.577522084116936 0.1194272264838219 1.196289271116257 0 0 0 0 0 0 0.1249414384365082 0 1.12881563603878 0 0 0.5882232934236526 0 0.1516329646110535 0 17.47080872952938 6.603409767150879 0 0 0 132.5764940977097 4.303548857569695 33.88361149281263 39.19383719563484 2.888067409396172 0.3165883719921112 0.4742685854434967 0 0 0.8034534454345703 0 0 10.19251234829426 17.14793744683266 0.6612875387072563 0.9286675751209259 0 2.708423346281052 0.183315172791481 0.6134895086288452 3.994110763072968 0.5303260535001755 8.304882802069187 32.52149335294962 0.3709523975849152 1.027752757072449 0 17.44688484072685 2.716509461402893 2.969591453671455 1.913006275892258 0 0.1766562312841415 0 0 0 0.7976395785808563 387.7508100047708 1.741680696606636 0 0 0.5966451913118362 6.437978997826576 0.2337640821933746 0 19.95083655416965 23.14789535105228 14.95404467731714 3.403848528862 2.903637118637562 1.95542211830616 0 0 0 0 0 0 0 183.5709687620401 24.5432681068778 72.25605037808418 1037.207790113986 41.47833475470543 342.7578667700291 124.0593241751194 948.2575923800468 74.18545123189688 12.34836480766535 233.092656172812 65.39503109455109 1.678618177771568 60.2951861768961 5.032435193657875 203.8208521679044 4.271200187504292 1.263456434011459 19.71157556772232 11.23883074522018 1.867519170045853
258.0417157933116 515.508736141026 924.9268798083067 206.553030833602 591.0745158940554 50.97828489542007 103.4089914038777 535.6656836122274 1611.62950823456 639.5120861232281 1956.526211090386 106.4239782840014 3854.371308200061 0 79.92469462752342 51.75263088196516 1.360268667340279 1.188311718404293 0.2506215497851372 0.6276521682739258 2.834832184016705 0.3532820641994476 0.4035478979349136 0 3.459301471710205 2.209865182638168 0.6080803275108337 3.428793743252754 1.736339062452316 0 117.7253504991531 130.7967615649104 2076.927382059395 0.825344979763031 0.9406699538230896 4.643171086907387 2824.643744632602 52.90267675369978 206.072227396071 3.270574472844601 5.233625799417496 2.228907309472561 1.651361145079136 14.73249454796314 0.8727306202054024 1.257148623466492 164.3108270317316 5.172218225896358 1.860095210373402 2.500532209873199 0.8701224401593208 0.1287092417478561 0.2360238656401634 2.293069958686829 2.550862401723862 7.502890452742577 24.599817879498 109.0229027941823 8.543692626059055 49.41106586903334 1.105336219072342 177.6205254346132 3.929354079067707 46.67374617606401 4.32319226115942 1.041135922074318 0.5009714663028717 3.287838660180569 3.438508093357086 13.21734461188316 519.1345463246107 31.88001300394535 0 121.7464703544974 56.52446340024471 144.1238935142756 141.8456739336252 84.26286169141531 24.9131405800581 101.6463589891791 1.888838186860085 15.84891004860401 10.01850161701441 0.9059537798166275 1.211454071104527 0.9515264555811882 2.506806403398514 0 0.4230245873332024 0 0.3614792078733444 0.6934461295604706 6.04169799387455 1.079470127820969 1.147246681153774 667.1584609001875 5.42452572286129 0 21.72199039161205 49.8562723621726 2.059312902390957 5.030089974403381 3.871117055416107 2.553965613245964 3.430058926343918 52.55024264752865 5.036260470747948 25.99271495640278 15.42073333263397 39.1863074824214 9.202058106660843 209.4620488956571 42.96125604957342 139.0091794803739 57.49603284150362 0.9948493465781212 0.6209283918142319 0 0.4161023497581482 0 0 0 0 0 0 0 0 0.5456283092498779 0 0 0.1321198344230652 0 0.3488969653844833 0 4.50212650001049 1.005151227116585 0 0 0 64.31103659421206 0.8576773405075073 10.8828257471323 13.78303733468056 0.9522189795970917 0 0.2337170988321304 0 0.1797733753919601 0.2262653410434723 0 0 4.824094340205193 13.62831296026707 0.8563360720872879 0 0.1787728369235992 1.010742209851742 0.3826866149902344 0.3873463273048401 1.685950398445129 0.1375895738601685 5.964426063001156 14.04757887125015 0 0 0.5060091614723206 6.714585594832897 1.223604947328568 1.485414952039719 0.9389074444770813 0 0 0 0 0 0.4099133908748627 136.6451784446836 4.842544600367546 0 0 0 1.916642770171165 0.1036567389965057 0.5433877855539322 4.48083607852459 6.136823602020741 6.93593430519104 1.57162818312645 2.530836775898933 0.2467377632856369 0.8556046485900879 0.07954886555671692 0 0 0 0 0.2459991872310638 48.58958710730076 12.50240582972765 31.93902289867401 943.5959938317537 37.07068464905024 372.5680876225233 140.8931316956878 224.921263448894 69.10142754018307 9.483132719993591 234.954344689846 30.79876651614904 0.8593291714787483 30.5280941054225 2.394294105470181 70.3927304148674 1.914895802736282 0.3675427138805389 6.484973818063736 11.93267877399921 1.622001901268959
