0 2673.592468217015 336.7675716131926 841.9846212118864 1104.040737353265 221.7211366295815 1363.501498252153 20.34505500644445 125.3537107557058 2113.245425380766 167.5039771944284 79.35513813793659 185.9918086901307 89.53501341491938 2.77936489880085 4.534601822495461 0.5514273941516876 0.1907712072134018 0 0.1272175312042236 0 0 0.1417120397090912 0 0 0 0 0.2148666083812714 0.1279425323009491 0 121.8537929430604 4.258354604244232 10.27658474445343 0 0 0 6.973959155380726 0.4787564873695374 0.8079097270965576 0.2384725660085678 0 0.1863740235567093 0.1393681317567825 0 0.3303533792495728 0.1619941741228104 14.93796606361866 9.244267970323563 0.3327586501836777 0.3074206411838531 1.22269469499588 1.312347263097763 0 0.5867770463228226 12.97790545225143 25.28377722203732 469.5290871039033 1374.750950694084 156.7799393683672 22.25256953388453 0.1327327787876129 4.381951093673706 0 19.6005072593689 5.445944078266621 0.9595397412776947 0.6369227543473244 0.5611488223075867 0.9691397622227669 0.3624628484249115 42.74499885737896 33.01365712285042 2.941048696637154 460.2553414404392 19.9219579026103 44.48063004016876 6.641174055635929 1.06396509706974 0.5414511412382126 33.47070918977261 0.1249365583062172 2.427766308188438 28.54762422293425 2.630084224045277 7.808543354272842 10.79246192425489 3.598000407218933 3.390016108751297 2.999406307935715 0.4115729182958603 0.8469606935977936 1.36888924241066 0.1324009448289871 0.13240846991539 0.2611638605594635 211.1967422217131 110.9178890585899 0.565765380859375 8.643135100603104 785.797012090683 0 0 1.987385392189026 0 0 1.274831533432007 0 1.774103671312332 2.715361982584 2.934911996126175 2.43694806098938 2.838316425681114 3.597869887948036 3.906914323568344 2.395741745829582 0.9858162552118301 0.6129556894302368 0 0 0 0 0 0 0.5093371272087097 0 0 0 0 0 0.7213159203529358 0 0.224128395318985 0 0.3221845626831055 0 0 0 0 0 1.088868141174316 0 0.177841380238533 2.318584188818932 0 0 0 0 0 0 0.5024772211909294 0 0 0.6084828674793243 0 0 0 0.5540914535522461 0 0.2527744770050049 0 0.4405254870653152 0 0.7700800597667694 0 0.2823076248168945 0.1135560646653175 0.3108656108379364 1.226863265037537 0 0.4839457720518112 0 0.1453990191221237 0 0 0 0 1.639993667602539 0 0 0 0 5.482132405042648 0 2.333804965019226 2.984126538038254 5.774475604295731 2.228410214185715 0 0 0 0.8512352108955383 0 0 0.7728620767593384 0 0 0 1.424530982971191 2.307283610105515 0.4036619961261749 149.3073290511966 23.64853600412607 202.4941029176116 25.26329641789198 1310.454500287771 64.42857952415943 8.78928267210722 15.79216473549604 4.735142663121223 2.050729535520077 2.449722200632095 0.2912773191928864 12.35143283009529 0 0.09772336483001709 0 0.3851187378168106 0
2673.592468217015 0 324.4524615854025 63.47698429226875 2093.845595084131 233.4993467479944 3970.022644519806 57.82221301645041 1663.595203638077 769.0213267654181 1388.722291894257 47.48889940977097 897.6488828584552 996.8756197541952 21.20359759032726 19.85923711210489 0.5961750522255898 0.5827480927109718 0.1256788372993469 1.215439081192017 0.293454110622406 0 0.1193054839968681 0 0.7028123736381531 0.1477081030607224 0 0.5427870824933052 0.1574309170246124 0.1572829633951187 2020.064470909536 56.16803870350122 18.49318623542786 0.1324788630008698 0.1330801695585251 0.1404638290405273 16.56231896579266 0.2826482728123665 1.514099299907684 0.1195171773433685 0.8307947441935539 0 1.06396646052599 0.7745159938931465 1.7586979418993 0.895549401640892 69.86790914088488 16.97900131344795 0.5061137825250626 1.534861199557781 1.157378986477852 0 0.6473343968391418 0.6146951168775558 15.17140526324511 26.43807232379913 159.5824420154095 1096.896993465722 137.7175942361355 67.30255496501923 0.8464245721697807 15.88689487427473 0 171.0757387280464 8.129809960722923 2.499746464192867 2.274676322937012 1.96107205748558 2.371927089989185 1.361873090267181 19.13922471553087 12.80720135569572 0 494.2684789747 115.0855452269316 248.3176502138376 47.84494947642088 2.620273105800152 2.636224053800106 87.9321845471859 0.7246563509106636 6.820453643798828 39.48985873907804 0.5606297254562378 14.61409647762775 18.18382968008518 9.315466903150082 1.108819901943207 3.601828098297119 0.2438218891620636 2.48046962916851 2.378961630165577 4.152388170361519 1.677704140543938 1.20212335139513 146.9847272709012 20.84491065889597 0 0.4855554401874542 612.4388706088066 0.4510627388954163 0.7272422313690186 2.061147466301918 1.375810921192169 1.250695109367371 16.43855281174183 0.3964677453041077 6.433915168046951 19.45835760235786 20.08090583980083 4.181710600852966 16.60133276879787 29.74543599784374 32.06442719697952 7.712857529520988 2.97917502373457 4.75255124270916 0 0.3405704349279404 0 0 1.342543363571167 0 0 0 0.4841405749320984 1.392586350440979 0.4123756289482117 0.3906252384185791 0 0 0.1637382805347443 0.7523644119501114 0 5.704142838716507 0.6192131638526917 0 0.457300215959549 0 7.580057367682457 0.4521265923976898 2.779802173376083 6.524566620588303 1.364305570721626 0 0 0 0 1.233950346708298 0.5981256738305092 0.2123196572065353 0.794355034828186 8.376759059727192 0 0.4887958616018295 0 0.2288104072213173 0 0.3875342905521393 0.2353073060512543 0.677584245800972 1.50100564956665 3.719487726688385 0 1.101377069950104 4.197446376085281 3.642107158899307 0 0.6076062321662903 1.023483701050282 0.3090067952871323 0.5745418071746826 0.2955291718244553 0.5110644176602364 0.1432789117097855 0.1571566015481949 10.89547069370747 0 0 0.2416671216487885 0 17.54958441853523 1.695022985339165 7.851910814642906 5.698091804981232 24.0140001475811 13.42825977504253 1.220190122723579 0.2593799978494644 0.9416249394416809 0.346736915409565 0 0 1.299760706722736 0 0 0 4.410115882754326 11.59650342166424 6.585324645042419 368.2314354404807 61.79795931279659 357.2083036527038 63.8301123380661 1199.025985740125 62.46673277020454 16.0511467307806 53.33595066517591 14.82346727699041 3.39564124494791 18.0072935372591 0.6274494230747223 54.55295158922672 3.111226797103882 0.3212834820151329 2.937459453940392 1.129701383411884 0.4753295183181763
336.7675716131926 324.4524615854025 0 10.26104925572872 544.6103086620569 11.3800845593214 125.1556459888816 6581.473186761141 344.9384763091803 26.82844348996878 3008.147867687047 0.3347442150115967 80.78139581531286 198.208688609302 47.18408872932196 143.0942818447948 1.239465281367302 3.435890376567841 0.9117635935544968 20.56520757079124 44.22367978096008 0 26.44639638066292 11.81299331784248 1.343465864658356 5.03798658400774 1.649982281029224 4.967447012662888 0.168833926320076 0.2408508658409119 5797.004088819027 717.4116805419326 137.144332587719 30.83163493126631 12.02044840157032 1.805878281593323 88.31154276430607 1.178133651614189 8.480568520724773 0.5914033949375153 30.08092825859785 4.212256699800491 15.56191189587116 6.584906011819839 39.1436660066247 10.72950209677219 105.4813487529755 19.74525835365057 2.53916772454977 15.60680402815342 19.06234128773212 0 0 3.911082550883293 12.24833422899246 21.18990308046341 203.9507092610002 2303.730558104813 146.0865037068725 58.02429507672787 5.264126121997833 26.46709763258696 1.724516794085503 535.3775632306933 7.890329889953136 11.08334001898766 15.44635991752148 35.6003744751215 79.79779926687479 108.2560220807791 97.60152246057987 55.66144295781851 0 496.1139239296317 205.4762691929936 325.9501232281327 256.8705170378089 38.63531132787466 111.7155360579491 566.8477263897657 6.022504419088364 394.7500025108457 29.56646168977022 0.5533005446195602 14.85504953563213 17.29842053353786 50.73886981606483 0.2834009304642677 6.233864843845367 0.2546699270606041 5.587504342198372 0.6837710738182068 83.85378623753786 4.303439855575562 5.310087144374847 178.600151270628 83.93124331533909 0 11.75272648781538 340.9067814201117 3.016861796379089 0.6097325086593628 8.188266947865486 0.1948525309562683 0 33.13212428987026 0 11.61552199721336 17.03361710906029 16.82529036700726 1.363783597946167 30.6384467035532 35.17791913449764 38.31926590204239 21.02199256420135 2.281303122639656 5.420049980282784 0 3.87086683511734 0 0 0 0 0 0 0.1263933181762695 0 0 0.1357586979866028 0.5027292519807816 0 0.2304554358124733 1.637077867984772 0 4.980877339839935 2.974207878112793 0 0.3410965353250504 0 20.44322761893272 0 2.971837252378464 18.73090869188309 3.063652545213699 0.1558576971292496 0 0.1299439966678619 0 6.128195106983185 1.204118490219116 0 2.783621832728386 15.08752574026585 0.1541197896003723 0.1556383073329926 0.4623808115720749 0.3730930387973785 1.180342100560665 1.892771691083908 0.1296689212322235 0.8168604820966721 7.122434854507446 9.808389812707901 0 6.540565818548203 4.070137374103069 13.92693629860878 7.996655493974686 1.703876197338104 0.4125434458255768 0 0.1304903626441956 0 0.1278199553489685 0.6275286376476288 0.6480480581521988 40.16600561141968 2.957738041877747 0.1957530081272125 0.4733191877603531 0.5371664315462112 44.18974047899246 3.40191001445055 19.92935203015804 8.640773892402649 48.48035515844822 27.95766422152519 11.3924697637558 3.878079891204834 0.8585205078125 1.019624441862106 0.4543743133544922 0 2.415099628269672 0 0.215584009885788 0 23.32224856317043 59.24590364098549 35.79012486338615 477.8636345788836 62.07975296676159 369.3310832232237 86.05048316717148 390.0216267555952 66.57968567311764 12.23055103421211 159.3509560078382 21.88434813916683 6.308143854141235 28.35487067699432 7.138411924242973 45.59687837958336 8.38653764128685 3.189666472375393 2.242196097970009 3.223324656486511 0.4521679878234863
841.9846212118864 63.47698429226875 10.26104925572872 0 15.45463384687901 315.1592856347561 165.2283109053969 1.031895108520985 76.40409135818481 1116.871171683073 3.103397585451603 370.6116162538528 481.9442898482084 149.9977950006723 0.4184741452336311 0.3848369270563126 0 0.2572862505912781 0 0 0.09465036541223526 0 0.1779290735721588 0 0.1627808511257172 0 0 0.5238282680511475 0 0 14.81945247203112 0.4674870073795319 2.98362135887146 0 0 0 0.8216134235262871 0 0 0 0.1386793851852417 0.5370328426361084 0 0.1389618515968323 0 0 4.059531815350056 1.25227465480566 0 0 0.1623643934726715 0 0 0 1.635277606546879 2.351149924099445 19.76477655023336 49.93526858836412 8.629695676267147 4.597792446613312 0 0.1285411715507507 0 7.149206146597862 0.4731687158346176 0 0.1999430581927299 0.1074203252792358 0.382428452372551 0 0.5219031125307083 0.2146507203578949 0 41.62498148530722 5.937652498483658 15.11690820753574 1.806799024343491 0.2267759442329407 0.5052266865968704 31.48610778152943 0 0.2052096277475357 2.805995464324951 0 0.8455212414264679 1.405514940619469 0.6415348649024963 0 0 0 0.150513082742691 0 0 0.1244417056441307 0 81.69179402291775 0 0 0.1056104674935341 81.18802234530449 0 0.3976688086986542 0.4616407006978989 0.5856015086174011 0 2.736450701951981 0 1.932955786585808 3.917483985424042 3.988958165049553 0 4.195374011993408 7.220619887113571 3.760388225317001 1.261437058448792 0 0 0 0 0 0 0 0 0 0 0 0 0 0 0 0.166524201631546 0 0 0 0 0 0 0 0 0 0 0 0.3250137716531754 0 0 0 0 0 0.1204978823661804 0 0 0 0 0 0 0 0 0 0 0 0 0 1.518226206302643 0 0 0 0 0 0 0 0 0.2283202260732651 0 0 0 0 0 0 0 0 0 0.3379499018192291 0.2145919799804688 0 0 0.4128715395927429 0.875253289937973 0 0 0 0.1184937953948975 0 0 0.1075376272201538 0 0 0 0 0 0.1311285793781281 40.96602000296116 6.375376328825951 26.92957928031683 4.502045802772045 344.6968446820974 6.103764675557613 0.4504844546318054 2.300464913249016 0 0 0.7895978838205338 0.6024097800254822 8.819108068943024 0 0 0.1496477127075195 0.1576575636863708 0
1104.040737353265 2093.845595084131 544.6103086620569 15.45463384687901 0 28.01730598509312 3118.901141047478 265.5606318935752 6585.887559249997 518.7911485657096 4115.662514217198 147.8109326064587 1195.361261837184 2192.924518443644 47.64216231554747 68.18185106664896 0.9319657832384109 0.8712423741817474 0.2782904952764511 1.152096092700958 0.8793342560529709 0 0.4419339895248413 0.3930365517735481 0.347346343100071 1.018133126199245 0 1.174660876393318 0.3607461899518967 0.1985516101121902 1814.697424218059 101.7360830456018 33.48925370723009 0.5863714814186096 0.3660764694213867 0.2346571236848831 16.8705999404192 0.6144402921199799 2.55745542794466 0.5254153311252594 0.3009576052427292 1.351077996194363 0.8089993968605995 2.919906087219715 2.33224906027317 2.332572065293789 134.3418763428926 18.27371410280466 0.9723197668790817 1.92362292855978 3.740508303046227 0 0.4482893049716949 0.3354233652353287 14.67738446593285 24.13795209676027 73.7430591583252 490.3136006742716 91.25505338609219 82.68438373506069 1.638997435569763 12.18668337166309 0.1246348172426224 257.3521111905575 7.649069592356682 2.62525187432766 1.768905214965343 2.281408101320267 6.486309066414833 3.167688436806202 41.85644679516554 12.21342570334673 0 371.2992759719491 132.1436932757497 382.5002528205514 127.271224655211 12.44839641451836 4.51386322081089 149.994174271822 2.428466625511646 7.355048432946205 35.93728098273277 1.016573548316956 15.28334864228964 14.91815628856421 13.08742824941874 0.5156860575079918 3.034239806234837 0.2036650255322456 3.580306634306908 2.284444369375706 2.907305836677551 1.106456309556961 2.10991209000349 116.6749188452959 22.77261731028557 0 3.19852739572525 215.0443638190627 4.042155906558037 2.37220111489296 10.3835614323616 2.67288726568222 5.437223851680756 51.01963685452938 0 20.34241399168968 25.82094053924084 30.10175922513008 1.700008660554886 47.3853712528944 64.82945518195629 55.80882541835308 25.50006745755672 3.454779446125031 4.476351946592331 0 0.996917262673378 0 0 0 0 0 0.5339901447296143 0 0.1454537510871887 0 0 0.5537156462669373 0.1532410383224487 0.7940883934497833 1.580425679683685 0 7.047180570662022 3.765790536999702 0 0.8705932348966599 0 10.10838926583529 0.402184009552002 4.830075144767761 8.066185615956783 2.093664668500423 0 0 0 0 3.587663531303406 3.375362798571587 0 4.35157199203968 12.48260760307312 0 0 0 1.325044684112072 0.7726399302482605 0.7192753255367279 0.9862514734268188 0.6930356919765472 2.106696367263794 8.615512937307358 0 3.814972802996635 4.067723453044891 7.444624938070774 9.716946959495544 2.304430559277534 0.7653878778219223 0 0.1097997725009918 0.1137831658124924 0.2287565395236015 0.423133872449398 0 30.88761790841818 0.8403563648462296 0 0.4139101430773735 0.1307518184185028 31.8865996748209 2.333243891596794 8.158630609512329 10.02999921143055 51.33148319274187 17.64626825600863 2.327034145593643 2.08894944190979 0.7519419342279434 0 0 0.1088034510612488 1.101335294544697 0 0 0 23.61406709253788 27.1009027659893 23.19147159904242 454.2222692668438 92.26931405067444 411.1555990502238 99.86073046922684 398.5944042801857 69.82590798288584 22.80573473870754 120.0867514908314 27.62372681498528 5.319056160748005 32.50273805856705 3.049908488988876 58.99422976374626 1.344975337386131 0.4105221331119537 1.597269266843796 4.440112106502056 0.9385631829500198
221.7211366295815 233.4993467479944 11.3800845593214 315.1592856347561 28.01730598509312 0 272.4663417860866 2.306744739413261 19.39422252774239 878.4202504307032 8.109567046165466 244.613318502903 154.397284090519 75.34155403077602 0.6264551430940628 3.068528428673744 0.185485765337944 0 0 0 0 0.3547790348529816 0 0 0 0 0 0 0 0 5.503098517656326 0 58.6965843886137 0 0 0 20.65620578825474 0 0.9580612331628799 0 0 0 0 0.7465626001358032 0 0.4435064196586609 1.805294066667557 0 0 0 0 7.52538301050663 0 0 0 2.607160344719887 131.8453668355942 39.91720877587795 3.149302989244461 0.4075706601142883 0 12.5800272077322 0 0.3763053715229034 0 0.1713532954454422 0 0.2080837041139603 0 0 172.9016084969044 139.0346755385399 5.751085221767426 10.12778659909964 1.170389175415039 2.264608450233936 0.7838593125343323 0.2287841588258743 0 71.46413266658783 0.7211038917303085 3.16955141723156 1.335849449038506 5.369068548083305 0.2688913941383362 0.6283808052539825 0.2307846546173096 12.71507151424885 4.251149728894234 7.905592247843742 0.854326143860817 3.32281182706356 0 0.3436526283621788 0 448.8442824929953 363.8824727088213 9.120270252227783 28.08461612462997 130.7758717834949 0 0 0 0 0 1.052502185106277 0 0.2108673900365829 0.6452181041240692 0 0 0.2417520731687546 0.1677566319704056 0.5413951873779297 0 0.2945440411567688 0 0 0 0 0 0 0 0 0 0 0 0 0 0 0 0 0 0 0 0 0 0 0 0 0 0.2790377140045166 0.4698432087898254 0.2832048833370209 0 0 0 0 0.2372383922338486 0 0 0 0.3316951990127563 0 0 0 0 0 0 0 0 0 0 0 0 0 0 0 0 0 0 0 0 0 0 0 0 0 0 0 0 0.8068336844444275 0 0 0 0.9618016183376312 0 0 1.139714375138283 0 0.1021729186177254 0 0 0 0 0 0 0 0 0 13.62182824313641 2.029163107275963 7.413913808763027 1.282577387988567 51.76194485276937 1.723299115896225 0.9093327224254608 2.925234243273735 0.6520928591489792 0 0 0.4010897576808929 0 0 0 0 0 0
1363.501498252153 3970.022644519806 125.1556459888816 165.2283109053969 3118.901141047478 272.4663417860866 0 24.72467087209225 1449.152185536921 1404.533746384084 404.8731815963984 301.8414317592978 2871.164354212582 1563.657534778118 72.82731251418591 100.1403674855828 1.808253273367882 1.120923012495041 0.2386017367243767 1.320352457463741 0.7182109504938126 0 0.687238946557045 0.3634946793317795 0.8776311874389648 0.5347599238157272 0.1028845757246017 3.227763913571835 1.463261924684048 0 252.107658393681 78.27637241780758 19.13887432217598 1.460667915642262 0.5063491836190224 0 25.9736101180315 0.398158960044384 4.117521040141582 0.7588210254907608 0.8196561485528946 0.9680603072047234 0.7490934431552887 6.081665307283401 2.954843200743198 2.39840804040432 205.9211324006319 22.44241772592068 1.401009455323219 3.960442788898945 3.827621027827263 0.2643721103668213 0 1.100029580295086 16.8953258022666 32.38086028397083 91.28179241716862 379.6218169853091 110.6724987849593 118.2969954907894 2.297929495573044 12.29257741570473 0 258.1157070025802 10.30639225244522 2.447801515460014 2.834905095398426 4.206600412726402 6.539341628551483 2.375404946506023 61.74573116749525 16.39713881164789 0 506.9886318147182 153.3537119626999 540.8983530700207 156.3076484873891 15.10477175563574 3.811645969748497 92.15883496403694 2.157031074166298 7.094211548566818 46.12032837420702 0.8234417364001274 16.85322619974613 19.67287896573544 16.63264850527048 0.8442338034510612 5.483001686632633 0.6415068507194519 5.410350546240807 3.005055218935013 5.936265528202057 1.77894052863121 2.712906204164028 472.5404374226928 41.49780241400003 0 5.515132382512093 159.6682418212295 12.49834871292114 12.91799625754356 46.32747620344162 5.9988804012537 5.700360283255577 117.3976178765297 3.525747746229172 52.38350515067577 89.43849301338196 131.1423988640308 13.22531767189503 128.324266448617 177.2759684622288 152.9977230504155 59.39026050269604 6.084988117218018 13.8014652132988 0.5075734257698059 2.576740175485611 0 0 0.6169503331184387 0 0.7993037104606628 0.4624401032924652 0.1451635360717773 1.663141548633575 0.6895570158958435 0.5581235289573669 0 0.7477653920650482 3.578099101781845 2.182155579328537 0.4286999404430389 18.24273565411568 5.510723546147346 0 2.777088962495327 0 21.20967138558626 0 7.362593360245228 26.21722273528576 4.094887316226959 0 0 0.5592938214540482 0.4715150445699692 4.744152501225471 2.880045764148235 0 7.832864120602608 37.60431132465601 0.7429416626691818 1.284789070487022 0 3.475871682167053 0.6903224959969521 3.512967154383659 3.898844346404076 1.549219220876694 6.090584859251976 36.38879000395536 0.8405964523553848 7.243291527032852 15.44970364868641 19.19655032455921 10.82533954828978 5.06738755106926 1.764584019780159 0.39266736805439 0.6322910711169243 0 0.1478151828050613 0 0.6305934935808182 55.22516828775406 2.058823630213737 0 0 0.3287530168890953 69.41727866232395 6.592694595456123 22.09697897732258 16.09927634894848 102.2016196101904 54.36986883729696 6.607350781559944 3.373353779315948 1.386896818876266 0.9829938411712646 0.7308087348937988 0 2.088327318429947 0.1349482387304306 0 0.1244544982910156 46.98518703877926 50.17822876572609 34.37854668498039 728.1136550009251 131.090011075139 599.9093642532825 150.4067430272698 856.1141914650798 117.046940676868 32.83619670569897 167.6852811202407 59.59301459044218 8.596679292619228 55.13526787608862 7.508477233350277 147.9939630925655 4.221379369497299 0.2933011949062347 10.34042997658253 5.175017856061459 0.7267648130655289
20.34505500644445 57.82221301645041 6581.473186761141 1.031895108520985 265.5606318935752 2.306744739413261 24.72467087209225 0 261.0513955056667 5.817502059042454 659.6698277965188 19.96905265748501 241.6225296333432 928.0463967546821 119.7110777646303 384.196106813848 4.872122496366501 12.51080756634474 2.400457456707954 57.25122903287411 77.81816000491381 0 40.94610980898142 26.77808543294668 1.826119959354401 16.9096190482378 2.409029975533485 6.734738886356354 0.1467942744493484 0.427641436457634 770.934257671237 2875.139227971435 210.901579387486 42.8798320889473 24.8569773286581 1.093426942825317 115.9762800037861 4.572382926940918 4.620420828461647 1.660232089459896 70.19731353968382 10.08488988876343 45.31433989107609 34.8916851580143 39.08391536027193 82.46776038408279 163.8995157778263 18.08411352336407 7.670539870858192 53.90926565974951 39.37054174393415 0.2957520335912704 0.1248111873865128 4.423236787319183 3.393437579274178 10.883942887187 24.7950517386198 227.3072516098619 24.29796342551708 56.73637993633747 49.0326264500618 55.51656676828861 1.978781417012215 636.2409063950181 2.961218558251858 8.195881776511669 23.42813078314066 63.52021285891533 160.5098064690828 179.2068255096674 84.9932971149683 2.764228165149689 0 180.1200073510408 163.6609116345644 466.3714506998658 854.4746086671948 633.2576277554035 342.3598807603121 964.6324316561222 163.3964856863022 1912.674566090107 12.47820450365543 0.2770899385213852 7.930606096982956 13.56954773515463 81.51973176002502 1.016756936907768 6.325616091489792 0.3226318955421448 5.834652133285999 2.413118779659271 170.1812382265925 20.56354982405901 7.813527464866638 114.261275857687 31.61813422292471 0 1.33380838483572 19.79865649342537 3.657607346773148 0 0.3708173930644989 0 1.512241959571838 14.30385585129261 0.2464363574981689 8.839395865797997 3.970307126641273 6.213139995932579 0.8511808812618256 13.83988034725189 15.26743106544018 19.94843272864819 3.239196106791496 0.2014893889427185 0.590823583304882 0 0.196919322013855 0 0 0.313334584236145 0 0 0 0.1675020754337311 0.1691037118434906 0 0.1663295030593872 0.17957803606987 0.4979099780321121 0.3307444304227829 0.1658978164196014 0 2.326293766498566 0 0 0 0 5.25543238222599 0 0.6418686732649803 3.817338183522224 0.5639416798949242 0 0.5162516832351685 0.8838311284780502 0 0.4011234939098358 0 0.7801621556282043 2.793678894639015 7.339219264686108 0.1584247201681137 0.7545646727085114 0.3497649729251862 0 2.532442778348923 0.1419281661510468 0.2196958512067795 0 1.233414709568024 6.936446338891983 0 0.7057703733444214 0.1125901117920876 2.94532898068428 2.895440220832825 0.2678571045398712 0.3663542121648788 0 0.1690009087324142 0.6231593638658524 0.4039068520069122 2.963498696684837 1.360695689916611 8.258315145969391 0 0 0.200089618563652 0.7606986612081528 8.931030213832855 0 4.653271317481995 5.422422081232071 9.290628224611282 7.297213941812515 0.2608431875705719 0.3283412232995033 1.45706233382225 0.1013757809996605 0.1126756742596626 0.1237071976065636 0.7309030890464783 0.7356988191604614 0 0.3705868422985077 7.256628938019276 3.322259187698364 6.89986926317215 519.3930454701185 72.77543023228645 379.6409688442945 118.9232048541307 49.5985601991415 56.87755797058344 17.76981936395168 186.3489171713591 10.02945798635483 1.473760582506657 15.17745311558247 2.196120262145996 12.01696819067001 1.26863506436348 0.5787202790379524 4.256725609302521 7.104775093495846 1.753839820623398
125.3537107557058 1663.595203638077 344.9384763091803 76.40409135818481 6585.887559249997 19.39422252774239 1449.152185536921 261.0513955056667 0 360.1135616153479 4046.333578616381 209.8339116349816 1091.853366658092 1861.418887965381 70.26296029239893 141.0921008810401 1.896473452448845 0.845700703561306 0 1.057786032557487 0.4721645265817642 0 0.1942511945962906 0.2546567320823669 0.6174385100603104 1.654469929635525 0 2.123447090387344 0.2536433041095734 0.09736763685941696 395.3180560395122 54.40676907449961 12.2705555409193 0.7523699551820755 0 0.09542640298604965 17.16486925631762 1.139082573354244 1.952539905905724 0 0.4186242520809174 0.78316630423069 0.7570327669382095 6.216247476637363 2.170155934989452 2.457168631255627 121.7190567851067 8.426825925707817 0.5429523289203644 1.538479872047901 1.168096370995045 0.3062203377485275 0.4991170167922974 0.8645932450890541 5.166807442903519 10.50931634753942 18.69453448057175 95.32478424906731 28.62663611769676 50.1306027919054 0.878976434469223 6.912948988378048 0 144.5425187349319 1.837228544056416 1.003877863287926 1.49243301898241 1.91758593916893 3.946458376944065 3.211355306208134 47.97351782768965 6.950253002345562 0 155.5528750568628 68.99116909503937 329.8200306817889 172.5471690818667 23.04404533654451 3.359608076512814 141.7891088202596 3.279722228646278 4.99597605317831 11.35560594499111 0.8414436727762222 5.225803077220917 7.72471421957016 5.669730514287949 0.1999658718705177 2.047188058495522 0 2.397083021700382 1.719746060669422 4.648857742547989 0.9059541150927544 1.807991407811642 297.8757019415498 27.10365700721741 0 1.787644654512405 24.15362107753754 7.256006374955177 6.785875916481018 13.4896561652422 4.210789158940315 4.138003721833229 79.41501800715923 1.670805618166924 31.43502063304186 50.39913441985846 64.37000580132008 6.262313261628151 78.37618918716908 104.6914466023445 120.4718729406595 42.21460773050785 7.756120376288891 4.73539225757122 0.3132455050945282 0.8938281685113907 0 0 0.4100668728351593 0 0 0 0.644789457321167 0 0 0 0 0 0.8603840172290802 0.3642553836107254 0 10.15450513362885 4.10697016119957 0 0.5506765842437744 0 14.16291981935501 0.248553067445755 5.652023024857044 14.32906559109688 1.046332582831383 0.1100204735994339 0.1154205650091171 0 0 2.466606095433235 0.7412644997239113 0 2.138889878988266 20.2921262383461 0.1557535082101822 0 0 0.7889296114444733 0.2969477772712708 1.895908363163471 1.554607972502708 1.01928249001503 5.763633862137794 23.48457902669907 0 6.117498308420181 3.861678250133991 14.58852012455463 7.736106425523758 3.382892280817032 2.967341631650925 0.1190932840108871 0.3134942650794983 0 0 0 0.2318595051765442 30.94268892705441 0.3061021938920021 0 0 0.1654136627912521 37.77557165920734 2.742300540208817 12.48567224293947 12.88069361448288 64.17045004665852 31.63385423272848 4.531272307038307 2.121512651443481 1.898851223289967 0.3418903797864914 0 0.1280532330274582 0.7501819431781769 0.1364641189575195 0 0 28.37986153364182 14.11001118272543 14.25415730476379 525.0741957873106 69.63924481719732 325.554498642683 101.2929094135761 92.66382145136595 66.45749170333147 16.13310380280018 172.3018632531166 30.87260745465755 2.903518423438072 38.9591618552804 2.229349985718727 97.17875269055367 4.595176666975021 0.3528974428772926 9.119276076555252 4.603853188455105 0.9621451273560524
2113.245425380766 769.0213267654181 26.82844348996878 1116.871171683073 518.7911485657096 878.4202504307032 1404.533746384084 5.817502059042454 360.1135616153479 0 30.59308875352144 1285.740667954087 2422.94180111587 838.3061803355813 10.8995413556695 16.7886571586132 0.1064534485340118 0 0.09704647958278656 0.202496126294136 0.1961160153150558 0 0 0 0 0.3047797828912735 0.2414050400257111 0.5497917383909225 0.1317647844552994 0 18.62062104791403 6.831703543663025 39.2790701687336 0 0 0 6.838346444070339 0 0.1564804911613464 1.19859379529953 0 0.9085998460650444 0 0.7854194343090057 0.135398656129837 0.7951131016016006 22.93835209310055 2.523082308471203 0.1397828459739685 1.295691102743149 0.5583775043487549 0.2963681221008301 0 0.7168953418731689 2.93073258548975 5.34563685208559 68.92640141397715 90.92970137298107 22.63308934122324 14.00797859579325 0.1372662931680679 10.53633610159159 0 23.61253947764635 1.949000611901283 0.5898261666297913 0.1277385354042053 0.3905419856309891 1.223817117512226 0.8772118240594864 29.14567433297634 11.26007129251957 0 96.86858234554529 20.91100986301899 61.83663719147444 17.20070521533489 2.661720141768456 0.2841404005885124 669.7091242969036 0.2532012015581131 1.207203291356564 6.123138278722763 0.4394830167293549 1.636248514056206 3.758005455136299 2.014922387897968 0.7343281209468842 0.3884813711047173 0.6834969520568848 0.6554711908102036 0.232580691576004 0.7994635850191116 0.1370241343975067 0.9511305466294289 1253.497840352356 32.14702852070332 0 2.563481852412224 290.1025404930115 7.474382698535919 24.01191960275173 150.2696133702993 20.12218564748764 11.16075657308102 125.1742593348026 4.172901347279549 57.06352807581425 99.93262214958668 87.16715613007545 5.377040728926659 122.3193054646254 175.6844795495272 171.2251466661692 35.01807118207216 6.351711258292198 4.020890057086945 0 0.7854158282279968 0 0 0.4958595037460327 0 0.5189299583435059 0 0 0 0 0 0 0 1.552875488996506 1.727124005556107 0.2950273752212524 23.78059627115726 2.07884207367897 0.2716191709041595 0 0 13.40279047191143 0.2821593582630157 9.000659450888634 12.66975881904364 3.489176034927368 0 0 0 0.6033331155776978 1.777630820870399 3.660715200006962 0.5234264731407166 4.654483422636986 33.53165487200022 1.213568449020386 0 0 0.9410165697336197 0.1755120307207108 1.663609690964222 3.649141326546669 0.6044973060488701 9.185232177376747 34.06091763079166 0.1850185692310333 6.253714360296726 2.521927118301392 12.72014366090298 13.70987816154957 2.047939442098141 0.7929752469062805 0 0 0 0 0 0.3955930918455124 25.00687426328659 6.082310140132904 0 0 0.3974871635437012 34.60491842031479 3.939572393894196 12.9465779364109 17.74311570823193 105.0234794095159 37.0100207477808 11.09022849798203 3.78945055603981 1.046042323112488 0.08632256835699081 0 0 0.8203647881746292 0 0 0 22.81498716771603 16.5899765342474 18.90029972046614 277.6467065811157 21.9879283234477 105.1780623719096 24.38507284969091 1190.398711755872 16.06195307523012 4.050541445612907 40.40322729945183 47.43808122724295 4.285077109932899 54.45823940634727 6.882836923003197 236.1800695359707 4.872928068041801 0.3344724178314209 16.71413028240204 1.103925064206123 1.4248366355896
167.5039771944284 1388.722291894257 3008.147867687047 3.103397585451603 4115.662514217198 8.109567046165466 404.8731815963984 659.6698277965188 4046.333578616381 30.59308875352144 0 109.8581722006202 2668.761906720698 8308.203518606722 115.287798024714 388.8206530362368 3.313092105090618 1.779644787311554 1.202590703964233 6.546892166137695 45.97841659188271 0 26.52260003983974 17.47323959320784 4.054656110703945 19.1495503783226 4.86015573143959 4.993312671780586 1.886787176132202 1.476881593465805 1022.365426748991 409.2677453756332 1973.547845974565 17.3735166490078 12.19283759593964 0.8959696292877197 530.0243763998151 11.31978353857994 10.74391590058804 1.42665658891201 55.87915953993797 11.82639318704605 15.76135297119617 22.92605490237474 20.10687792301178 8.098936818540096 175.2710720598698 19.10879671573639 3.850049309432507 20.38736767321825 59.62803385406733 0.7301680743694305 0 4.604659155011177 3.130127981305122 11.63851527124643 18.68979343026876 168.543419457972 25.8012263327837 53.97877069562674 1.923911958932877 433.0845225378871 0.4838428422808647 233.9897022917867 3.074101015925407 8.910974845290184 26.25548915565014 44.20440596342087 65.93449770659208 114.8152759894729 314.6955604925752 7.126520872116089 0 168.8151354715228 87.99896090477705 407.9449790194631 312.9302525520325 76.96548746526241 13.56731943786144 3883.765391841531 6.988711439073086 15.83951495587826 10.68350467085838 0.2386762872338295 8.455296903848648 12.03068125247955 49.05503495037556 0.2217764258384705 7.79022141546011 0.7144451588392258 10.96293880045414 3.156413532793522 141.7877873256803 33.27723786979914 5.701587207615376 362.0185036361217 50.79530104994774 0 8.2957608923316 53.92158403992653 0.5421669408679008 1.974972665309906 4.174808517098427 0 5.753309994935989 37.88454976677895 0 13.88167144358158 22.64442200958729 28.92207425832748 2.56590573489666 40.95089472830296 55.14445008337498 55.72653736174107 22.61863192915916 3.401861727237701 4.326579816639423 0 0.5046800971031189 0.2391824871301651 0 0 0 0 0.3119756281375885 1.185106962919235 0 0 0 0 0.8508166372776031 0.3717275261878967 1.688302293419838 0 9.875512585043907 2.795848071575165 0 1.366036161780357 0 8.114839047193527 0.5034323930740356 4.892002709209919 7.729651123285294 1.777137160301208 0.6612422168254852 0 0.1633890122175217 0.7279044389724731 1.037469305098057 0.9466535151004791 0.2889694571495056 3.658490911126137 14.05178713798523 1.634724415838718 0 0.7326143234968185 0.5358000546693802 1.768933802843094 0.692339226603508 0.853016585111618 0.2070757001638412 4.881804659962654 11.88914023339748 0 2.395457088947296 0.6366566047072411 8.314861454069614 3.399904549121857 0.5689701735973358 1.443352736532688 0 0.3290525078773499 1.752575010061264 0.7598783373832703 2.111152514815331 2.799540534615517 16.09445764124393 1.075030386447906 0 0.4010634422302246 2.120611093938351 24.20280613005161 1.629451557993889 11.5413666293025 6.457880347967148 45.24510721862316 16.19268822669983 5.420163631439209 1.866517931222916 1.517852403223515 0.136914074420929 0 0 0.6268367990851402 0.5094380974769592 0.4733527600765228 0 18.60511492192745 18.71769163757563 13.67087072879076 743.0463429912925 94.38683598488569 426.7679088786244 141.1646476089954 93.70882344245911 68.92690555006266 16.83272381126881 254.8592656850815 33.34487716108561 2.525164127349854 24.05887849628925 1.993929475545883 44.80637881159782 3.618848785758018 1.951121903955936 3.545427918434143 11.2510604634881 1.224945545196533
79.35513813793659 47.48889940977097 0.3347442150115967 370.6116162538528 147.8109326064587 244.613318502903 301.8414317592978 19.96905265748501 209.8339116349816 1285.740667954087 109.8581722006202 0 921.0038401409984 379.5230230540037 9.364196300506592 41.45064582675695 0 0 0 0 0.2717309445142746 0 0.2865771055221558 0 0 0.1701472848653793 0 0 0 0 0.157576322555542 0.3524111956357956 35.48990653455257 0.3265246599912643 0 0 16.02011166512966 0.2263521105051041 0.2038347870111465 0 0.3027394264936447 0.558513805270195 0 2.560992486774921 0.3278855979442596 0.3779292702674866 12.71251255273819 0.3282713741064072 0 0.2905108779668808 1.408236600458622 0.3585692942142487 0 0 0.2153788357973099 0.4013183563947678 12.25680616497993 2.136194631457329 0.2665262222290039 2.550998657941818 0 3.924901306629181 0 3.376001417636871 0 0.2955940514802933 0.1731630712747574 0.9237560927867889 0.1838318258523941 1.253133311867714 23.2737777531147 3.693789303302765 0 5.680729731917381 3.199610337615013 14.22681748121977 13.24627725034952 5.337937548756599 0 1192.202225208282 0.4825697839260101 2.316823840141296 0.3390824049711227 0 0.1169857159256935 0.6682392507791519 0.6377020478248596 0.2398237735033035 0.4673559814691544 0 0 0.3188676834106445 1.663069829344749 0 0.3121864646673203 1861.115377560258 20.84753708541393 0.2853838801383972 0.8627589270472527 83.81550796329975 5.994591563940048 12.22025766968727 18.6641907542944 5.41211798787117 3.683299452066422 79.68911901116371 2.200485974550247 39.1260542422533 59.81462052464485 72.52390441298485 1.871164470911026 90.79825609922409 128.9635100662708 134.889440074563 37.17020973563194 0 1.191884607076645 0 0.4765423983335495 0 0 0.2269617915153503 0 0 0 0 0 0.4854871034622192 0 0 0 1.142601549625397 0 0 13.80576500296593 1.435212269425392 1.182680130004883 0 0 7.036863073706627 0 2.104851275682449 2.353136420249939 1.009186178445816 0 0 0 0 0 1.696990966796875 0 2.085035592317581 8.235699638724327 0.6184824556112289 0.2558896541595459 0 0 0 0.8794647455215454 2.018086448311806 0.342582032084465 5.079795643687248 11.6408975571394 0.5148944854736328 0.5477500706911087 2.635038405656815 6.005650848150253 4.529135167598724 1.128573507070541 0.5121945738792419 0 0.1153385117650032 0.1803013831377029 0 0 0 9.250814408063889 1.892731010913849 0 0 0 20.34840348362923 0.6527079641819 5.899795055389404 5.482015758752823 49.973726734519 19.6914829313755 5.400013640522957 2.185404494404793 0 0 0 0 0.3625438213348389 0 0 0 28.63357353210449 7.329283401370049 6.936238810420036 155.9878213256598 7.876899398863316 36.05324602872133 13.4762842208147 151.7800174355507 5.752053380012512 1.28985507786274 55.08260478824377 24.94569030404091 0.2370219528675079 28.39178980886936 2.010662034153938 102.2504814267159 4.420827656984329 0.7101611196994781 4.655896961688995 1.161006227135658 0
