0 5759.369855999947 1273.928163453937 2606.634821563959 1200.328843563795 66.60456700623035 721.2144543752074 237.1374999582767 139.8548536151648 3036.495182961226 585.9388198554516 182.2842622175813 543.0258178859949 343.35535633564 1.710468024015427 1.403602041304111 0 0 0 0 0.1209772378206253 0.6258954405784607 0 0 1.11982923746109 0 0.3018898069858551 0.3815676420927048 0 0 453.9149432778358 2.19998849183321 27.4124421030283 0 0 0.6876577734947205 43.33499073982239 3.300372675061226 0 4.422151647508144 0 0 0 0.2028302401304245 0 0.457222692668438 36.34251502901316 0.7634488493204117 0 0 3.202571377158165 0.9199634045362473 0.5927959531545639 0 2.349667742848396 10.55535353720188 118.427028387785 715.4562779515982 35.56792289763689 4.127996519207954 0.5140465870499611 9.853938892483711 0.4186814427375793 21.46660032123327 8.352411665022373 1.228349462151527 2.146875321865082 0.5763955041766167 0.9158101752400398 0.2267478853464127 44.90429957211018 14.26234830915928 0.7482578456401825 222.7276091873646 30.20129901915789 4.997539155185223 8.116303831338882 1.460662670433521 4.958182513713837 267.7275804504752 0 10.13219410181046 4.10324501991272 0.4627355635166168 0.6633903831243515 4.58098204433918 0.5428993850946426 0.5163687169551849 1.343164004385471 0.3706026524305344 0.1001717075705528 0 1.549963168799877 1.589409232139587 0 98.85272023081779 15.03872057795525 0.5401034206151962 2.313433945178986 1167.836455717683 0 0 0.8220216929912567 0 0.3700874745845795 5.042677462100983 2.120002344250679 2.015769302845001 11.33345791697502 5.747883960604668 0 3.451064400374889 7.802116215229034 5.474496230483055 1.627064496278763 0 0 0 0 0 0 0 0 0 0 0 0 0 0 0 0 0 0 0.1631497442722321 0 0 0 0 0 4.162222400307655 0 5.045845821499825 1.732819609344006 0.4825567901134491 0 0 0 0 0 0 0 0.6721380352973938 0.430476188659668 0 0 0 1.14565098285675 0.5933224558830261 0 0 0 0 0.2123202383518219 0.5682258009910583 0 0 3.309717416763306 0 0 0 0 0 0 0 0 0 7.395263254642487 1.023627430200577 0 0 0 0.6440967917442322 0 0 0 0.234380915760994 0 0.4544036090373993 0 0.5541919469833374 0 0 0 0 0 0 0 3.129620298743248 1.545178517699242 0.4851869940757751 274.8705987557769 7.515294760465622 103.1536275669932 28.3461936339736 874.8824779242277 51.63333659619093 0.6332450956106186 15.8816477060318 1.317474350333214 0 1.554943203926086 0.5023584365844727 1.925741165876389 1.215494394302368 0 0.9703169465065002 0.2926926165819168 0
5759.369855999947 0 974.6732996851206 1237.038143530488 3317.950174316764 166.2010523378849 4449.649065025151 144.451592721045 1299.307987444103 549.7626144587994 1773.419163323939 144.2573376744986 853.9327111393213 1324.209925934672 4.122346110641956 1.734075918793678 0.4165310338139534 0.09686636179685593 0 0 0 0 0 0 0.7104896008968353 0 0.1062939688563347 0 0.8172413855791092 0.3474941551685333 1560.14795178175 19.60490299761295 15.60082350671291 0 0 0.1977538764476776 11.60547260940075 1.886383131146431 0.3337403535842896 1.877043336629868 0.4557184129953384 0.5279847979545593 0 1.555637761950493 0 0.1142241358757019 169.4172075241804 2.435401998460293 0.3303485363721848 0.3507542312145233 9.758865222334862 1.019612699747086 0 0.2269202172756195 7.166005998849869 34.35839921981096 44.01460683345795 655.0111029297113 38.83277124166489 24.15911588072777 0.6519769430160522 3.331468299031258 0 100.6373214870691 24.5054536908865 2.821210540831089 7.728118345141411 4.291513726115227 1.235453084111214 0.4793563038110733 18.06196600198746 3.239286452531815 0 296.8922254890203 101.1244349479675 49.23588068783283 45.13357742130756 2.596129111945629 3.429601609706879 130.8993636965752 0.7913051396608353 6.014784798026085 16.0200155377388 1.159692116081715 1.686148524284363 18.09543268382549 0.54636500030756 0.802507072687149 6.505391925573349 0.154394268989563 1.916716270148754 0.236630491912365 1.02217735350132 0.6894226595759392 0.7182969301939011 11.7061974555254 3.753867492079735 0 0.5386245101690292 1228.107317402959 0 0 0.2375117391347885 0 0 19.73226276040077 0.2541621625423431 0.1581996381282806 0.2788675427436829 2.8617083132267 0 2.141233026981354 2.769813105463982 3.922891139984131 1.386729210615158 0 0 0 0 0 0 0 0 0 0 0 0 0 0 0 0.1583297252655029 0 0 0 0 0 0 0 0 4.081046216189861 0 1.697459846735001 0.930943563580513 0.317587286233902 0 0 0 0 0 0 0 0 0.7260820269584656 0 0 0 0.188204824924469 0 0 0 0 0 0.2523524761199951 0 0 0 2.344547733664513 0.2190489768981934 0 0 0 0 0 0 0 0 5.221607998013496 0 0 0 0 0.1942031383514404 0.245245561003685 0.908728152513504 0.2009868621826172 0.3922195732593536 0.1826054155826569 0 0 0 0 0 0 0 0 0 0 1.434787765145302 1.763835430145264 0.715232715010643 306.3158139288425 26.53334607928991 555.2068133577704 98.4958531409502 1253.511383146048 145.6535201594234 2.707468688488007 141.6347829326987 3.40229806303978 0.2226852625608444 0.3023409247398376 0 1.671358406543732 0.4821227192878723 0 2.305965825915337 3.927956268191338 0
1273.928163453937 974.6732996851206 0 50.31753209233284 839.345678076148 18.80313470959663 182.1460362523794 1730.762718573213 301.4018382430077 53.02689900249243 3148.669067487121 155.5031031817198 621.5943207144737 710.0448833703995 10.25807345658541 8.225040473043919 1.245562829077244 0.2706705629825592 0.4405735731124878 1.547067761421204 0.6450500935316086 0 0.7712044715881348 0.3048872947692871 27.81182757019997 0.8909202069044113 5.108729355037212 1.516667261719704 0 0.3211815804243088 3568.883135944605 251.7453251928091 77.10348991304636 0.2544367909431458 1.862165607511997 28.97650475800037 57.23524480313063 28.70524106919765 4.330437503755093 23.34117770940065 10.29871141165495 1.689706608653069 1.493635334074497 1.817003756761551 0.1919639706611633 3.83136498183012 32.64112258702517 1.64608383923769 1.82873660326004 1.808894842863083 24.43939895182848 0.301752544939518 1.88832688331604 0 2.276583112776279 8.001427598297596 20.4651792794466 1068.428128682077 12.56046230345964 2.462371625006199 20.92147105187178 154.5003656074405 3.068201020359993 254.753949791193 7.161702863872051 2.635620549321175 12.01534873992205 11.11356268078089 32.25537951290607 26.94949626922607 25.65813465416431 3.916197150945663 0 88.1450774371624 75.32016933709383 7.698061242699623 11.14564243704081 4.272591233253479 170.9385802298784 1173.36115398258 8.141472332179546 518.8182664439082 2.91762987524271 0.4131969660520554 0.500985860824585 5.934936739504337 4.47053462266922 0.2301861122250557 3.002927698194981 0.4371190667152405 1.938029669225216 0.301758199930191 34.07592685520649 8.332918457686901 1.00508338958025 10.84857924282551 6.263911947607994 0 1.407221257686615 1011.814575910568 0 0 0.1662217080593109 0 0 0 0 0.5807830989360809 0.4836154580116272 2.68460276722908 0.1955175995826721 4.030219092965126 1.716157481074333 0.7502863109111786 1.649789452552795 0 0 0 0 0 0 0 0 0 0 0.2348458170890808 0 0.4007920026779175 0 0 0 0.1750200390815735 0 0 0.1528008133172989 0.1426743268966675 0 0 0 5.637556076049805 0 5.643525496125221 6.758736558258533 1.253667779266834 1.004584431648254 0 0 0 0 0.1814046055078506 0 0 0.8328035771846771 0.4013234674930573 0 0 1.215452089905739 0.7348359674215317 0 0 0 0 0 0 0 0.594860628247261 1.68574395775795 0 0.4253332614898682 0 0 0.1303360462188721 0 0 0 0.1624707728624344 8.266479849815369 3.213640242815018 0.494231641292572 0 0 0.4640042632818222 0 0.3408038765192032 0.2314774692058563 0 0.3494856357574463 0 0 0 0 0 0 0.1053398698568344 0.3226381540298462 0 0 2.026264697313309 0.3974410593509674 2.441117182374001 76.24815165251493 10.14934153109789 95.06867680698633 24.8142793700099 210.4925455898046 21.56326278299093 0.1257975846529007 24.10073974728584 2.066247001290321 0 0.3440751284360886 0 3.795979261398315 0 0 0 2.459392018616199 0.1906677782535553
2606.634821563959 1237.038143530488 50.31753209233284 0 208.4813565760851 319.0794041603804 341.2971678823233 11.71283686906099 57.87098522484303 1616.401706293225 101.8056395351887 33.62645745277405 85.19198863208294 5.233544796705246 0.2754462361335754 0 0 0 0 0 0.6636859327554703 0 0 0 0 0 0 0.1570643931627274 0 0 31.00345630943775 1.327757611870766 7.856915473937988 0 0 0 4.775158494710922 0.2341541647911072 0 0.4521243125200272 0 0.1493791043758392 0 0 0 0 33.50244674086571 0.302852526307106 0.1269256472587585 0 0.8466019928455353 0.1650578379631042 0 0 1.024452038109303 8.582690089941025 21.70616751909256 113.6926045268774 12.91236211359501 4.901777066290379 0 2.027810901403427 0 11.08253020048141 6.229168973863125 0.830070897936821 0.6985328197479248 0.5881428793072701 0.276946559548378 0.1464667618274689 21.21624368429184 9.003755897283554 0 83.01835380494595 17.07535018026829 9.235708840191364 8.021664157509804 1.410947799682617 0.1346719712018967 3.279463529586792 0.1616436988115311 0.6641579270362854 2.906601294875145 0.1057420969009399 0.1480312496423721 4.399912029504776 0.1265912503004074 0 1.299831561744213 0 0.4200247302651405 0 0.2886612862348557 0.1264014095067978 0 51.5530302375555 3.883970737457275 0 0.4087197780609131 638.4003435075283 0 1.347070097923279 0 0 1.217892706394196 6.841517567634583 0.6100301146507263 1.696449518203735 1.248792916536331 3.500306069850922 0 1.3929702937603 6.417419344186783 9.129810154438019 2.624386370182037 0 0 0 0 0 0 0 0 0 0 0 0 0 0 0 0 0 0 0 0 0 0 0 0 7.976963177323341 0 2.340512380003929 0.8567067533731461 0 0 0 0 0 0 0 0 0 0.5319926738739014 0 0 0 0 0 0 0 0 0 0.7574321627616882 0 0 0.8802393078804016 3.120706975460052 0 0 0 0 0 0 0 0 0 13.57925599813461 1.457952678203583 0 0 0 0 0 0 0 1.318883389234543 0.8574287295341492 0 0 0 0 0 0 0 0 0 0 4.317837238311768 5.268287122249603 1.150789529085159 123.6910623088479 4.526165284216404 119.9632512405515 23.75828339904547 910.4959709271789 38.27929670363665 0.5863905847072601 35.48589059710503 2.334664165973663 0 1.663257837295532 0 3.61177659034729 0 0 1.841772228479385 1.148938581347466 0
1200.328843563795 3317.950174316764 839.345678076148 208.4813565760851 0 21.55658030509949 2090.930889412761 246.3126384243369 2957.523625701666 274.1166546344757 3697.172160744667 109.0923411399126 882.2161232978106 1764.526393443346 2.90413810312748 0.4739079177379608 0.2762342989444733 0 0 0 0.3061249554157257 0 0 0 0 0.2067197114229202 0 0 0.4222758561372757 0 431.5289359167218 9.833589971065521 9.172942593693733 0 0 0.4345501959323883 7.343850314617157 0.6655816286802292 0.1655539572238922 0 0.2474352791905403 0 0 1.22780142724514 0 0.0965864360332489 64.62231841683388 0.7917725294828415 0 0 1.946518532931805 0 0 0.3544159978628159 2.535908550024033 11.30589375644922 5.810652874410152 121.5516342446208 7.282500028610229 6.954026870429516 0 3.120849505066872 0.1268606036901474 40.67629914730787 7.266894847154617 0.5721378102898598 3.10026329010725 0.4844051897525787 0.2153299227356911 0.160717785358429 6.378479763865471 1.136369481682777 0 57.20734070241451 32.85182823985815 23.0545926168561 28.03796610981226 2.044019415974617 1.647174954414368 67.50454226136208 0.236851304769516 5.565193854272366 1.941071510314941 0.262912705540657 0.2136985659599304 6.444648556411266 0 0.1155950427055359 2.247917160391808 0 0.7237774580717087 0 0.8178965747356415 0.1295120716094971 0.8924614489078522 12.21898366510868 0.7449221611022949 0 0 138.5180976763368 0.4752161949872971 0 0 0 0 0 0 0.467992752790451 0.5292820781469345 3.939784958958626 0 2.244688421487808 4.190987348556519 2.169348508119583 0 0 0.4267000705003738 0 0 0 0 0 0 0 0 0 0 0 0 0 0 0 0.5109135061502457 0 0 0 0 0 0 3.382044240832329 0 1.465206533670425 0.6257915794849396 0 0 0 0 0 0 0 0 0 0 0 0 0 0 0 0 0 0 0 0 0 0 0 0 0 0.1625127494335175 0 0 0 0 0 0 0 5.696374729275703 0 0 0 0 0.3906977623701096 0 0.6132514029741287 0 0 0 0 0 0 0 0 0 0 0 0 0 1.594367191195488 0.5686565637588501 0.2332213670015335 133.9249741062522 16.52023513615131 209.7816176488996 40.26709547638893 258.8351469114423 52.57299704104662 0.9450538903474808 72.04569000005722 2.614545747637749 0 0.3698854148387909 0.2768940031528473 1.574935540556908 0 0 2.001992389559746 4.026139006018639 0
66.60456700623035 166.2010523378849 18.80313470959663 319.0794041603804 21.55658030509949 0 211.3921199887991 5.079266041517258 47.02709920704365 1298.967019453645 8.083717584609985 411.1086252778769 484.1277445703745 21.52258808910847 0 0.2597106099128723 0 0 0 0 0 3.837745800614357 0 0 0 0 0 0 0.1387588083744049 0 7.657306477427483 0.162954717874527 37.23473887145519 0 0 0.4410637468099594 90.34810423851013 0.528628021478653 5.001924633979797 1.404212698340416 0 0 0 0 0 0 2.53058397769928 0 0 0 0.2736519575119019 23.36465081572533 3.065070226788521 0.3190355896949768 0 0 81.80892527103424 38.79653206467628 2.291710987687111 0 0.3985132277011871 8.789117038249969 0.2278980910778046 0 0 0 0 0 0 0 450.101431876421 302.9128017574549 16.97990125417709 6.441610842943192 0.6949147433042526 0 0.5926088392734528 0 0 14.86074140667915 0.2485881298780441 2.899807527661324 0.6314525753259659 3.003725111484528 0 0 0 16.81345480680466 2.028725124895573 16.52433026582003 0 0.7812118977308273 0 0 0.1971811950206757 561.6640303432941 224.805734783411 43.485222235322 35.56743469834328 323.6222292780876 0 0 0 0 0 0.8237412422895432 0 0 3.760809391736984 5.861799091100693 0.6164638996124268 2.428832069039345 3.602440983057022 2.753853619098663 0.7784900069236755 0.2888456135988235 0 0 0.2644214928150177 0 0 0 0 0 0 0.5713552534580231 0 0 0.1709480583667755 0.3105527013540268 0.2109146863222122 1.241903528571129 2.341001093387604 0.5486762225627899 0 0 0 0.3248729705810547 0 7.005834899842739 0.6597182750701904 7.295929908752441 7.031574882566929 3.5418666228652 0.1341391652822495 0 0 0 0 0.5316361337900162 0 0 0.4884779304265976 0 0 0 4.133791737258434 0 0 0 0 0 0 0 0.1508575975894928 0.705342099070549 2.443268209695816 0 0.7263815999031067 0.1127499788999557 0 0.1328573822975159 0 0 0 0 9.436574280261993 7.559586927294731 0 0 0 0.3392130434513092 0 1.181226119399071 0 0.662169873714447 0 0 0 0 0 0 0 0 0 0 0 4.113151669502258 0.9730206727981567 4.545508101582527 152.5570094287395 1.535398423671722 1.876081548631191 1.927126720547676 300.8140094429255 0.4747972339391708 0.8283672034740448 0.6644928306341171 2.056212700903416 0 0.8425379246473312 0 5.138382405042648 0 0 0 0 0
721.2144543752074 4449.649065025151 182.1460362523794 341.2971678823233 2090.930889412761 211.3921199887991 0 111.5692508369684 1368.939102180302 3677.795552976429 924.5647868365049 26.55013369768858 2559.996090784669 1769.398262545466 25.60752408951521 6.463365256786346 0.2214570567011833 0 0 0.274348109960556 1.493626356124878 0 0 0 0.3169653415679932 0.9869317784905434 0 0.9715613573789597 1.067557021975517 0 224.9602758958936 22.38487855345011 8.967570140957832 0 0 0 15.07085855305195 2.567966476082802 0.8688025772571564 2.084893599152565 1.168526478111744 1.585086241364479 0 0.6597231924533844 0.2790781557559967 0.3862942606210709 252.7105747610331 2.01657523214817 0.09995926916599274 0 9.617757633328438 1.315942466259003 0 2.701434180140495 5.564228519797325 28.77098601311445 12.91029100120068 213.2245018482208 28.10847659409046 32.9019161015749 0.3994791209697723 5.013159930706024 0 75.5757751762867 18.4877713099122 3.709708780050278 6.253486439585686 1.659448675811291 0.7477334067225456 1.637855038046837 43.52672246098518 11.75871166586876 0 173.3546752855182 86.84265606850386 88.6278184056282 86.00193458050489 7.758383095264435 0.9363048747181892 17.60771172493696 0.9537550806999207 4.295588620007038 11.10820026695728 0.998766265809536 1.60804545134306 19.25922786444426 0.3299798741936684 0.9803517609834671 7.899403758347034 0.58162721991539 3.730345040559769 2.131857141852379 1.451981484889984 2.046388886868954 3.576051600277424 231.7251825928688 20.58753477036953 0 2.447569251060486 185.5321909040213 0.7748633921146393 1.635251864790916 2.654912784695625 0 1.158948138356209 5.83250766992569 2.537326261401176 7.992926746606827 6.903545737266541 41.38514468073845 1.165035754442215 30.55684560537338 50.09782917797565 53.5867175757885 11.214151263237 0 0.14966681599617 0 0.1712187528610229 0 0 0 0 0 0 0 0 0 0 0 0 0 0.4371514320373535 0 1.961418285965919 0.2768611013889313 0 0 0 45.42169025540352 0 22.51989525556564 6.952382653951645 0 0 0 0 0 0 0 0 2.181413859128952 4.079000130295753 0 0 0 0.2412580698728561 0 0 0 0 0.3345973789691925 0 0 0 0 16.94377090036869 1.095184162259102 0.1790175139904022 0.1794920265674591 0 0 0 0 0 0.1499093621969223 86.92836067080498 5.013558462262154 0 0 0 2.355375990271568 0.7598251551389694 8.406508818268776 1.113268405199051 2.869384050369263 3.067641064524651 1.181876838207245 0.3568061292171478 0 0 0 0 0 0 0 0 41.74444024264812 8.018318489193916 5.455809310078621 746.1030905023217 75.70268751680851 810.8585226684809 159.4546864777803 1115.415343888104 196.8703843206167 2.915523998439312 400.1435470357537 11.3021704852581 0 4.353102818131447 0.3302972018718719 23.19011773169041 3.297275900840759 1.315703928470612 8.480755522847176 17.55756751447916 0.4274214655160904
237.1374999582767 144.451592721045 1730.762718573213 11.71283686906099 246.3126384243369 5.079266041517258 111.5692508369684 0 230.7292368113995 21.91965164244175 2998.876946210861 201.1613199412823 1044.413376174867 787.2452641874552 31.70671635121107 21.6232266202569 1.727198392152786 0.5763649791479111 0 1.684140264987946 1.341000840067863 0 0.1508691012859344 0.1316484808921814 19.14905197173357 2.531284794211388 2.959154143929482 4.622641265392303 0.1551657170057297 0.2855075597763062 1097.19202375412 1523.569760620594 237.2674527168274 0.677202433347702 0.7324959263205528 34.80842134356499 204.8360228538513 49.68968915194273 7.580459326505661 28.41984057426453 6.010462760925293 3.117321394383907 2.61624738574028 43.41755782067776 1.935917004942894 19.69521561264992 186.4698991179466 3.573540382087231 3.268332377076149 5.884318076074123 18.16449029743671 0.8921985179185867 0.9770222455263138 1.099129155278206 1.979308314621449 11.20872121304274 7.19615575671196 276.4859832078218 11.66799765825272 20.98842456191778 63.32148285210133 229.989444680512 3.103449158370495 470.501094199717 10.16116611659527 4.777947053313255 9.008616641163826 10.8541120365262 35.46615067869425 32.17307048290968 63.48463273048401 9.336691945791245 0.1657297313213348 98.62186976522207 140.3355925530195 85.12141688168049 472.4810503050685 554.0129080936313 793.0178530812263 3598.681148059666 106.8930181786418 2231.016062408686 6.221934199333191 0.5232998132705688 1.289428479969501 9.738333068788052 13.06641764193773 1.167593903839588 3.899594709277153 0.2091424763202667 1.501188494265079 0.6308768838644028 29.40582995861769 4.908264294266701 1.133021801710129 24.41435842216015 7.008869796991348 1.126964405179024 3.453484520316124 182.968634031713 0 0.2404750883579254 0.6121808886528015 0 0.1608816981315613 0 0 0.8475311696529388 0.6031719595193863 2.942363023757935 0 1.890492528676987 1.619459480047226 5.80968114733696 1.792333289980888 0 0 0 0 0 0 0 0 0 0 0.6658223122358322 0 0.1724080294370651 0.2327526360750198 0 0 0.2333238273859024 0.3814464509487152 0 0 0 0 0.2101277858018875 0 5.761785969138145 0.1769074946641922 5.384150616824627 4.868262015283108 1.182299211621284 0 0 0 0 0 0 0 0 0.4872160255908966 0 0 0 1.581196010112762 0.319162055850029 0 0 0 0.1453885287046432 0.5857611298561096 0 0.4056567549705505 0 1.87618300318718 0.5053555369377136 0.1174827739596367 0 0 0 0.1044603139162064 0 0 0.1597063094377518 5.291977405548096 2.026520922780037 0 0 0 0.2134541422128677 0 0.693331316113472 0.1781516522169113 0.401039719581604 0.1667902320623398 0 0 0 0 0 0 0 0 0 0 1.078331008553505 0.5095785558223724 2.342032536864281 229.0470666214824 20.14272274076939 342.9551607146859 60.43024124950171 163.6806201338768 68.97614616155624 0.5561332553625107 114.8447793498635 1.542132183909416 0.3975143730640411 0.2052163928747177 0 1.876231536269188 0 0 2.474181056022644 2.84680063277483 0.3891286551952362
139.8548536151648 1299.307987444103 301.4018382430077 57.87098522484303 2957.523625701666 47.02709920704365 1368.939102180302 230.7292368113995 0 943.1831368133426 2355.067277908325 21.32673677057028 1369.001609228551 1953.888432562351 36.1641196757555 6.358139470219612 0.3965696394443512 0.2267962768673897 0 0.1863741129636765 1.688584089279175 0.4333935081958771 0 0 0.1813016980886459 1.351751178503036 0 0.705345556139946 1.300482362508774 0 189.1120096668601 32.45452731847763 12.01205989718437 0 0 0.2076921910047531 13.09198866784573 0.503968134522438 0.2365964949131012 0.5346704870462418 0.9665665477514267 1.083538740873337 0 0.9665204435586929 0 0.3705917298793793 236.2904441058636 0.7431582286953926 0.4052850306034088 0.2828381210565567 4.443013414740562 0.6330633163452148 0 1.164780542254448 3.096119396388531 14.23434537649155 4.994053564965725 84.5081622749567 12.43145737797022 25.04692845791578 0.5118584632873535 2.51238652318716 0.1106113195419312 48.1345120370388 11.4533484429121 2.106563739478588 3.207889653742313 1.878580428659916 0.2826264947652817 0.2811353355646133 49.26372285187244 27.32598100602627 0 70.7584533020854 52.372757345438 84.13880543410778 94.0922789350152 9.611373625695705 5.219621539115906 16.00459806621075 0.5028674006462097 2.981012612581253 4.623632825911045 0.5551240667700768 1.510322146117687 11.75324589759111 0.8442175835371017 0.743040032684803 4.34977562725544 0.4012193977832794 1.795693397521973 1.743911571800709 1.179166570305824 0.6100400164723396 2.939680710434914 214.491959631443 32.65840922296047 0 2.434995710849762 66.7799951583147 0.9829984307289124 4.024054631590843 7.142036780714989 0 1.931146651506424 7.779660910367966 4.343736156821251 7.460508167743683 13.10703212022781 50.74724961817265 1.823195442557335 39.75631447136402 66.6706790626049 73.498151704669 13.47029602527618 0.5388949662446976 0.3709406703710556 0.1631805747747421 0 0 0 0 0 0 0 0.2155330181121826 0 0.5364168882369995 0 0 0 0 0.7615415900945663 0 1.585374817252159 0.2738103568553925 0 0 0 64.06036296486855 2.035167038440704 22.88211923837662 4.585923343896866 0.3732550442218781 0 0 0 0 0 0 0 1.263440728187561 6.353131219744682 0.1378953754901886 0 0 0.5080665349960327 0.2827800959348679 0 0 0 0 1.227110981941223 0 0 0 26.82871843874454 0 0.6659100651741028 1.400759801268578 0 0.1338325291872025 0 0 0 0 104.0356998443604 7.188092246651649 0 0 0 1.865338385105133 0.6013015359640121 7.379666954278946 3.107411175966263 3.588944628834724 2.660629510879517 1.487690284848213 0.3419186174869537 0.1868574917316437 0 0 0 0.1228304654359818 0 0 0 63.79691308736801 10.08563260734081 6.702650502324104 756.704729244113 65.89192819595337 610.1865478754044 147.2713532298803 510.1467662081122 152.1285136863589 5.365142315626144 436.7218742892146 13.24425606429577 0.7613700330257416 6.025153055787086 3.084072686731815 31.60667848587036 1.547240227460861 1.524863436818123 10.58819982409477 15.10489811003208 0.4004466682672501
3036.495182961226 549.7626144587994 53.02689900249243 1616.401706293225 274.1166546344757 1298.967019453645 3677.795552976429 21.91965164244175 943.1831368133426 0 79.71857269108295 1577.339789763093 11113.65098558366 141.5126969963312 11.63279230892658 1.174907222390175 0.2949969470500946 0 0 0 0 0 0 0 0 0 0 0.5085425972938538 0.224191814661026 0 43.02571227401495 4.54736490547657 54.67048943042755 0.2421688288450241 0 1.548200964927673 132.8579041957855 4.718420967459679 2.46363890171051 4.954526379704475 0.3918725252151489 0.6982624381780624 0 1.10245569050312 0 0.191548228263855 138.6550797745585 1.224645063281059 0 0.1154573634266853 5.141635745763779 2.094825007021427 0.5166478753089905 1.354166239500046 4.245249263942242 17.73649667203426 45.18046261370182 183.0399751961231 22.57329293340445 14.60602808743715 0.1386389136314392 8.498302727937698 0.6450108289718628 21.7046774700284 11.10632561892271 1.691930018365383 2.93161878734827 1.417243979871273 0.7949961423873901 0.8592332005500793 2173.55562146008 121.5317295268178 0 144.4362765103579 41.33742692321539 34.59773389995098 28.11140157282352 2.59840127825737 0.3751987367868423 28.05959090590477 0 5.664458334445953 6.442035056650639 0.7579050064086914 1.629506900906563 9.209789276123047 1.366302669048309 0.5122237354516983 3.617186032235622 0.3087226897478104 0.8870803490281105 1.718841314315796 0.2378461807966232 0.2626327872276306 1.068189322948456 645.1466790884733 160.1792756319046 0 13.98241427540779 1154.699435710907 3.410159379243851 7.490221276879311 6.136447682976723 0.441126823425293 2.225089624524117 38.52176198363304 9.785956412553787 16.84145638346672 39.14201526343822 125.8246904909611 2.4546859562397 90.21416705846786 151.4335719347 184.0300813764334 19.24848712980747 0.4491496533155441 1.104622215032578 0 0 0 0 0 0 0 0 0 0 0.6573262810707092 0 0.1147861927747726 0 0.5296382904052734 1.157385662198067 0 2.253997027873993 1.446030735969543 0 0.3737962543964386 0 158.8754363358021 1.65251924097538 67.19782543182373 17.89268809556961 1.451092466711998 0.211850106716156 0 0 0 0 0 0 0.7902611792087555 10.09241038560867 0 0.8652356863021851 0 0 0 0 0.2635272741317749 0.1071271672844887 1.445762798190117 2.639251872897148 0.7970976829528809 0.1448700577020645 0 65.59743508696556 1.679979771375656 1.074456438422203 1.355058088898659 0.1514589488506317 0.6568482369184494 0 0.1969757229089737 0 0 216.5834185928106 13.8348433971405 0 0 0 11.42902383208275 2.311519637703896 17.88307644426823 7.64161329716444 14.17901825904846 10.94112284481525 5.582420870661736 2.62586273252964 1.061911955475807 0 0 0 0 0 0 0 108.5721250027418 25.92376740276814 20.49971698224545 1272.161246195436 37.59696361422539 458.8371036201715 98.43308633565903 2761.762998081744 115.3202007785439 2.425456404685974 385.3407453522086 42.42562992870808 0 20.10985482484102 0.6177224144339561 75.66867828369141 3.085829302668571 0.4652321189641953 5.62442621588707 8.724873319268227 0.5493414998054504
585.9388198554516 1773.419163323939 3148.669067487121 101.8056395351887 3697.172160744667 8.083717584609985 924.5647868365049 2998.876946210861 2355.067277908325 79.71857269108295 0 665.4389122277498 4250.268986269832 4533.178693890572 58.33764447271824 34.79084634780884 0.6647823005914688 0.2611005306243896 0.1859315484762192 0 0.7089752554893494 0.9732383191585541 0 0 7.397470921278 0.3236490935087204 0.2641285955905914 5.113583669066429 0.1523667424917221 0 678.6990773454309 122.9075585007668 418.9420513063669 0.5891102701425552 0 46.89380428195 292.1108900010586 42.84274184703827 5.582427009940147 28.25830951333046 1.369034245610237 1.647287175059319 0 6.360702961683273 0 0.8263561427593231 135.2111107036471 1.802546106278896 0.6316553950309753 0.1460022479295731 4.96759769320488 0.7729576453566551 1.29056853055954 1.526246607303619 1.24348109960556 8.943738251924515 5.191241413354874 131.7719875648618 3.974917389452457 14.75839435309172 1.856576234102249 181.9095642417669 1.744372576475143 55.07317849993706 6.203725606203079 0.790709599852562 2.558911740779877 1.444380514323711 1.177126206457615 0.7354582697153091 82.6158844679594 11.72738818824291 0.2550726234912872 53.2367552742362 33.29927833378315 50.62244410067797 60.72955179959536 14.93122562021017 135.0764916464686 2339.090835496783 1.272207915782928 140.8340976834297 3.068794690072536 0.3505338653922081 0.2555940672755241 6.821278773248196 0 0.3852829933166504 3.774168342351913 0.3732403814792633 1.526624016463757 1.132085233926773 1.255144089460373 2.289068192243576 1.806688092648983 47.74033918976784 9.692342698574066 0.57069331407547 4.54240794479847 169.6774953454733 0 0 0 0 0 1.258046641945839 0.8326846659183502 0.6395955383777618 1.081023499369621 7.861123979091644 0 3.395808681845665 8.094871893525124 7.341514691710472 0.7718946933746338 0 0.2168781161308289 0 0 0 0 0 0 0 0 0 0 0 0 0 0 0.2304083704948425 1.775149792432785 0 0 0.606253445148468 0 0.1642072349786758 0.4047309160232544 11.21078657358885 0 12.01980789005756 3.264720551669598 0.5490549951791763 0 0 0 0 0 0 0 0 0.7283921837806702 0 0 0 0.7595386803150177 0 0 0 0 0 0 0 0 0 8.192931488156319 0 0.2433192133903503 0 0 0.2962076961994171 0 0 0.1590394228696823 0.5525667071342468 15.00072130560875 7.436975196003914 0 0.1469445079565048 0 1.004784479737282 0 0.589178204536438 0.3453143835067749 0.5589697957038879 0.8452231138944626 0 0 0 0 0 0 0 0 0 0 5.730994150042534 3.226837337017059 4.22728805243969 351.5530744791031 31.20299628376961 262.6247296109796 70.37678603082895 163.2354648411274 47.45170287042856 2.655951499938965 191.2373772487044 3.827460095286369 0.1696663349866867 2.659854531288147 1.52965459227562 3.981239348649979 0 0 3.614732995629311 13.87992572039366 0.4382867515087128
182.2842622175813 144.2573376744986 155.5031031817198 33.62645745277405 109.0923411399126 411.1086252778769 26.55013369768858 201.1613199412823 21.32673677057028 1577.339789763093 665.4389122277498 0 1018.115364283323 218.9229466468096 17.59333512932062 12.63208022713661 1.617797330021858 0 0 0 0 0.68039670586586 0 0 1.871249213814735 0 0 1.584104537963867 0 0 54.87779247015715 2.754912003874779 36.69540539383888 0 0.7686219811439514 2.688155174255371 244.1118786334991 16.29673753678799 29.85668538510799 19.45930121839046 0.4093715250492096 0.2095566242933273 0 1.560630813241005 1.672478824853897 1.731785252690315 27.40117003768682 0 0.1623808890581131 0 0.6002106964588165 1.351463928818703 10.88532485067844 0.8936869204044342 0.4786735773086548 2.283072836697102 4.704719036817551 20.57555454969406 2.09989033639431 1.462573543190956 3.211919069290161 14.85559353977442 0.9349855482578278 4.721850097179413 1.319871217012405 0.504072904586792 0.3574408292770386 0.1185707300901413 0 0.1168296709656715 386.4048654735088 40.27336041629314 1.153242826461792 18.48826292902231 7.578555174171925 10.74071129411459 9.419298589229584 3.161931559443474 0 142.5630768537521 0 10.86136680841446 0.6826448142528534 0 0.1311414390802383 1.541814185678959 0.2665203213691711 0.9887016266584396 0.4354065284132957 0.6269845068454742 0.2513475567102432 0.288947582244873 1.014588713645935 0.1242517903447151 0.4902704879641533 1749.140197873116 68.13576060533524 1.903569489717484 5.837362200021744 135.7923561483622 1.566240385174751 3.587786659598351 2.114292308688164 0.2376172989606857 0.7265245765447617 4.968542709946632 3.769392564892769 6.870736956596375 8.754681289196014 40.09256893396378 0.8378642201423645 44.16944506764412 67.47539837658405 79.64117482304573 5.743662253022194 0.5263832211494446 0.14772729575634 0 0 0 0 0 0 0 0.2812897861003876 0 0 0 0 0 0 0.7956915348768234 1.310729131102562 0.4138367176055908 1.799401983618736 0.6028642356395721 0 0 0 50.570646032691 1.172753855586052 29.43910884857178 11.69125356525183 3.202253833413124 0 0 0 0 0 0 0 0.2625768482685089 2.146826803684235 0.5484705418348312 0 0 2.141195237636566 0 0 0 0.2097781300544739 1.694282844662666 0.5433488488197327 1.121643096208572 0.2242984622716904 0.6907481998205185 19.02249184250832 0 0.5499898195266724 0 0 0.3275499194860458 0 0 0 0 105.5590910464525 8.806922495365143 0 0 0 2.296400874853134 0.1845055669546127 3.929265454411507 2.436593875288963 3.197719916701317 3.66025535017252 0.9053914397954941 0.9289083257317543 0.1548843532800674 0 0 0 0 0 0 0 68.72507397830486 8.558909550309181 5.263644486665726 432.6917539462447 11.68879835307598 79.08369041234255 19.15588736534119 512.5101409479976 11.29241126775742 0.4496620446443558 98.22984591126442 5.405082628130913 0.3861845135688782 6.024619817733765 0.118641160428524 19.83157250285149 0.1515495181083679 0 4.060549005866051 2.919446222484112 0.4258196949958801
543.0258178859949 853.9327111393213 621.5943207144737 85.19198863208294 882.2161232978106 484.1277445703745 2559.996090784669 1044.413376174867 1369.001609228551 11113.65098558366 4250.268986269832 1018.115364283323 0 3526.743988901377 95.5212242603302 55.09834926575422 1.55607558786869 0 0 0 0.8108940720558167 5.172795325517654 0 0 3.333320870995522 1.849177598953247 0.1670096516609192 7.435535460710526 2.885514408349991 0.7793134599924088 253.0153460949659 25.54197204113007 318.9920054227114 0.5268438309431076 0 15.92049990594387 659.262498870492 40.05686020851135 22.61162219941616 66.13422019779682 2.941185384988785 7.183814592659473 0 6.662343442440033 1.796745300292969 2.382143139839172 169.7028226852417 0.6410137712955475 0.239778958261013 0 5.515575215220451 5.864348880946636 20.16122230887413 3.966658934950829 1.227574214339256 8.172214984893799 8.927266605198383 81.11610260605812 8.324362516403198 17.51812409609556 10.19839045405388 52.05833919346333 3.092972859740257 23.64711076766253 4.917584650218487 0.9103002473711967 3.635759614408016 1.632609665393829 0.9099454134702682 2.344477608799934 704.1481713652611 109.4357195198536 0.7107266485691071 43.19980108737946 27.201196603477 70.56298450380564 63.08721963316202 19.27815724164248 1.530094586312771 769.030122846365 0.3013233095407486 21.30541131645441 2.657835699617863 0.8919810056686401 1.045807830989361 6.044487707316875 0.7491400018334389 2.00484873354435 3.858038224279881 1.768202871084213 1.482711248099804 1.554748296737671 1.387623682618141 1.46267207711935 3.800385847687721 4316.713750377297 150.2630083113909 2.41248294711113 10.32300865650177 207.1894578486681 2.242338612675667 9.724766328930855 13.57736118137836 0.5213010758161545 4.773299738764763 29.01222078502178 22.02611987292767 30.79533626139164 69.18788555264473 215.1790747493505 6.209376618266106 165.0387198776007 281.1922415196896 305.2855166643858 38.07185681164265 3.107851140201092 2.756422638893127 0 0.1358208954334259 0 0 0 0 0 0.3543603420257568 0 0 0.1352851986885071 0.9536892175674438 0.1412653177976608 1.495262295007706 2.012821391224861 5.102649077773094 0.523688018321991 3.241768434643745 2.482678800821304 0 1.439970001578331 0.1602749973535538 235.4104939252138 2.272751986980438 92.346186414361 40.13629464805126 9.358957357704639 0.174868032336235 0.2715979814529419 0 0.1255019456148148 0 0.5890830904245377 0 7.519565910100937 16.55413066595793 1.350444421172142 0.2011530995368958 0.5266406238079071 6.335337996482849 1.002027347683907 0.2436014860868454 0 0 2.816921874880791 4.623988419771194 0.3860149532556534 1.271589115262032 2.111976608633995 81.04808336496353 3.153731927275658 1.385778442025185 0.9111970067024231 0.5195890069007874 0.4458878338336945 0 0 0.3318109214305878 0 443.8978019505739 31.11780670285225 0 0 0.2932955920696259 9.55999456346035 3.888231471180916 23.0703089684248 10.74901719391346 12.35496265441179 9.835240840911865 3.589291214942932 2.688209772109985 0.8114188760519028 0.4304987788200378 0 0 0.8801610618829727 0 0 0 285.2930082082748 40.17459073662758 28.16995870321989 1738.288354873657 86.12997307628393 479.8229978084564 128.0452728644013 884.1593205779791 77.81528220325708 3.248161688446999 568.8085660785437 40.08942899107933 1.866386637091637 17.02889007329941 1.364535376429558 111.3397549837828 5.984473802149296 1.151689015328884 16.40411698818207 30.97799312323332 1.62198731303215
343.35535633564 1324.209925934672 710.0448833703995 5.233544796705246 1764.526393443346 21.52258808910847 1769.398262545466 787.2452641874552 1953.888432562351 141.5126969963312 4533.178693890572 218.9229466468096 3526.743988901377 0 35.6352518722415 21.32325799018145 2.821133241057396 0 0 0 0.7213966548442841 3.121929496526718 0 0 2.179111137986183 1.806387364864349 0 5.93254166841507 5.256906062364578 0 157.2469590231776 17.90313428640366 232.3928169459105 2.304971501231194 0 25.65238898992538 663.3408858180046 61.18368077278137 11.95562086999416 66.88203608244658 1.649813920259476 5.128512412309647 0 1.165537238121033 0.5728742927312851 0.7610591053962708 78.37274872511625 0.270704910159111 0 0 1.645070590078831 0.7462379485368729 9.506332978606224 2.314273357391357 0.2621493339538574 3.616529174149036 1.663607038557529 34.55034564435482 4.208404898643494 6.694407299160957 11.14621132612228 91.47555468976498 7.221357896924019 11.34870564192533 2.27938674390316 0.4768857732415199 1.042153351008892 0.2084191888570786 0.4191935583949089 0.4028444141149521 162.8504170924425 35.00825069844723 0.3166296631097794 23.4164976477623 10.35003320872784 27.17769136279821 27.91036449372768 5.42655424028635 2.293793320655823 279.6900968998671 2.931485056877136 24.73865696042776 1.400932140648365 0 0.2210109084844589 2.297613359987736 0.4493400603532791 0.4517369866371155 0.8567137345671654 1.24719649553299 1.182004496455193 0.6318840458989143 1.609273582696915 0.5178432911634445 0.4592491537332535 238.5805594325066 32.46075934171677 1.769690543413162 3.978075504302979 62.55085705965757 0.8368137329816818 1.162682339549065 1.905717700719833 0.2020471543073654 1.112483873963356 3.716401547193527 1.2898940294981 2.893536269664764 6.366382956504822 24.51847593486309 0.8186294883489609 19.7540527433157 26.39408619701862 33.33112658560276 5.456196472048759 0.4797981381416321 0.1277699172496796 0 0.1666146665811539 0 0 0 0 0 0 0.1983629167079926 0 0 0.6061315834522247 0 0 0.3807335793972015 2.524063736200333 0.4510052651166916 0.4622578918933868 0.9924255311489105 0 0 0 32.92443256080151 0.4597500562667847 17.33479619026184 11.77941223233938 3.087587058544159 0.1472888588905334 0 0 0 0 0 0 0.8464496284723282 4.293590202927589 0.1829512566328049 0 0.1742941737174988 3.751880005002022 0.3729832023382187 0 0 0 0.4593166410923004 0 0 0 0.9980133771896362 11.71198219060898 0.2160755395889282 0.3360898792743683 0.1539551913738251 0.1591542512178421 0 0 0 0 0 55.47439366579056 6.502038985490799 0 0 0 1.107365414500237 0.1964215189218521 3.645529478788376 2.264907211065292 0.4667908847332001 0.522548571228981 0.430469423532486 0 0.5966532826423645 0 0 0 0 0.2096951007843018 0.2827605903148651 0 25.80513706803322 4.746698155999184 5.901603549718857 564.3939470276237 32.21438793092966 217.5819425657392 56.97367487102747 128.9573947563767 35.7218497171998 1.35998846590519 263.8077500164509 8.260221257805824 0.5683403313159943 3.33393482863903 0.8033355474472046 13.24680353701115 1.148093312978745 0 7.239098101854324 7.619687288999557 0.8629699945449829
