0 3908.930789031088 575.3178982362151 1507.299145013094 621.6089899390936 267.7832642048597 1662.264105729759 109.1074655503035 296.7924389615655 1410.96668073535 483.6164755746722 48.9690193682909 208.6076021641493 51.36077783256769 1.443635478615761 0 0.427719809114933 0 0 0 0.2094133049249649 0 0 0 0 0 0.1599944829940796 0 0.3009399175643921 0.1320255845785141 334.5615870133042 6.885366551578045 0.8537435084581375 0.1240471601486206 0 0 1.574940338730812 0 0.09513416886329651 0.1209388375282288 0.1146566197276115 0.722667932510376 0 0 0.1051605641841888 0.1101449206471443 17.03273498266935 1.425067186355591 0.3176696673035622 0.4156004190444946 0.196031242609024 0 0 0 2.84478534758091 3.364662677049637 250.2784589007497 1056.897395893931 80.57497399300337 7.117953665554523 0.490232989192009 0 0 17.4025542512536 2.171841256320477 0.9565463736653328 0.182125985622406 0.2552431970834732 0.7515006065368652 0.1498516201972961 3.07373358309269 3.433071494102478 0 133.1279559284449 18.87597595155239 137.344094760716 18.7583035081625 0.9215930178761482 0.4385585635900497 3.889711171388626 0.623134046792984 3.93142157793045 12.05932995676994 0.1931218653917313 1.106442682445049 1.475182600319386 0.6791929304599762 0 0.4050148651003838 0 0.3738884329795837 0.138893261551857 0.2102692872285843 0 0 57.48800636827946 1.156521186232567 0 0 1114.008323401213 0 2.467157900333405 2.465509667992592 0.1993096023797989 1.25100339949131 7.477753251791 1.644422248005867 1.458165600895882 10.86620484292507 2.238637313246727 0 4.777233242988586 1.070179432630539 1.020653158426285 1.127738520503044 0.4188613593578339 0 0 0 0 0 0 0 0 0 0 0 0 0 0 0 0 0 0 2.122427523136139 0 0 0 0 0 0 0 0 0 0 0 0 0 0.5648384690284729 0 0 0 0.4438332617282867 0 0 0 0 0 0 0 0 0 0.2407938838005066 0 0.3917698860168457 0 0.8027387857437134 0 0 0 0 0 0 0 0 0 1.305349692702293 0 0 0 0 0 0 0 0 0 0.6022437810897827 0 0 0 0 0 0 0 0 0 0 3.727954030036926 1.197557464241982 0.3210527896881104 49.24115878343582 27.15782106667757 189.5793619975448 47.77975077182055 2428.356437407434 198.2541802749038 6.614640280604362 7.626089334487915 0.3996235728263855 0 0.9838758260011673 0 3.492311418056488 0 0 0 0.2810754776000977 0
3908.930789031088 0 402.6812117695808 427.7497175335884 3854.595692560077 386.0676960349083 2760.06874102354 174.1895094811916 809.7674202620983 621.8656633496284 611.0116868391633 19.12415367364883 1897.667307026684 211.8912615552545 7.106780841946602 0.6323582902550697 1.072680473327637 0.121536448597908 0 0.1292524188756943 0 0 0.2269337624311447 0.3533541187644005 0 0.305766299366951 0.2139103934168816 0.9643456414341927 0 0 1761.697530269623 23.18355321884155 2.135818123817444 0 0.08300327509641647 0 1.619071543216705 0 1.033801436424255 0.6093291491270065 0.9054838567972183 0 0.1044562608003616 0.3461826741695404 0.265862375497818 0 56.01392417401075 3.228824272751808 0.4689157754182816 0.5641490295529366 0.5995287895202637 0 0.1029904708266258 0.1502371728420258 3.78328625112772 5.340185351669788 148.1006830856204 1512.503336377442 90.36641205847263 25.17545494437218 0.5212809070944786 0.11265729367733 0.3360139802098274 58.16351373493671 3.663319543004036 3.217067785561085 0.4163127541542053 0.2230906262993813 0.7577551603317261 0.3028556108474731 2.214581161737442 2.748101502656937 0 161.1643217280507 23.400794506073 250.1443590819836 69.23695141077042 2.484063737094402 1.977681204676628 14.73924904316664 1.175409816205502 8.936350084841251 18.45671421289444 0.9305077120661736 2.24821874499321 4.403219185769558 3.131865613162518 0.1110499799251556 0.1769126281142235 0 0.2549968212842941 0.2453919276595116 0.1838385462760925 0.2512955442070961 0.2583668157458305 64.29680699110031 4.295177400112152 0 2.995001375675201 2358.275674916804 1.836120873689651 0.8957808613777161 4.418397098779678 0.1922246813774109 4.305279761552811 28.17021043598652 0.6041157096624374 10.68528001010418 22.90602353215218 5.138167843222618 0.2089845687150955 24.70856243371964 6.621790662407875 7.458012565970421 7.093460991978645 0.1448079496622086 0 0 0 0 0 0 0 0 0 0 0 0.1094443425536156 0 0 0 0.4840194880962372 0 0 2.003850847482681 0 0 0 0 2.651556000113487 3.559682428836823 0.4598723948001862 2.275044694542885 0.8121406957507133 0 0 0 0.181446447968483 0.9046255648136139 0.1715131253004074 0 1.577746778726578 1.003626778721809 0 0 0 0.5904332995414734 0 0 0 0 0 1.787462651729584 0 4.768010765314102 0 6.655222401022911 0.1551832407712936 1.696591272950172 0 0 0 0 0 0 0 30.69547048211098 0 0 0 0 1.266726434230804 2.065425723791122 2.706031814217567 0.5207594633102417 1.544234499335289 0.3252821266651154 1.273547112941742 1.354085624217987 0.4215594530105591 0 0 0 0 0 0 0 9.778694562613964 6.05196276307106 15.58432183414698 149.2991193830967 47.80682601779699 368.6131467819214 101.8403937742114 1616.667202688754 245.8973464071751 19.21934101730585 40.99377278983593 3.896430045366287 0.3550484180450439 6.069493643939495 2.30322428047657 9.646291881799698 0 0 7.261224120855331 0.5950949788093567 0
575.3178982362151 402.6812117695808 0 8.12092886865139 621.3620960041881 5.697895064949989 153.8617363497615 1274.636025495827 851.02467854321 2.654151044785976 2744.584624573588 0.6511454284191132 42.61591160297394 286.2792858481407 34.24339220672846 6.825046874582767 9.808564804494381 2.105396009981632 0.4825696498155594 3.428473502397537 11.52516913414001 0 9.811393260955811 3.658083766698837 2.4825374558568 1.48020326346159 5.453621156513691 1.063988819718361 1.55550143122673 0.8283820897340775 2456.561195552349 200.8048559129238 29.26839327812195 6.860494256019592 7.794315509498119 4.269583746790886 7.03952395170927 0.09872368723154068 5.756660662591457 5.299517378211021 3.781196996569633 0.4453921616077423 4.89433041960001 5.245302706956863 2.962876625359058 10.11183439195156 113.348705932498 8.160546183586121 5.129366092383862 15.49734524637461 4.771190568804741 0.225129134953022 1.259730741381645 0.8012966886162758 1.978570006787777 4.691918030381203 55.52150017768145 1182.447883449495 35.03748773038387 25.14535871148109 50.02995367348194 13.69053526222706 10.29466110467911 178.5516212359071 4.110790014266968 4.710742175579071 1.241957120597363 8.371736779808998 40.85626837611198 15.67994067072868 7.156975410878658 4.325597055256367 0 65.78297648578882 93.27014262229204 168.4238104000688 146.1511620506644 56.57261209189892 114.5792651772499 663.0838213041425 165.577875085175 1298.974512755871 10.69776131957769 0.6965792030096054 3.121777206659317 3.595673911273479 19.07949029654264 0.2339980378746986 0.383397676050663 0.09596481919288635 2.27755881100893 1.396751299500465 7.07997328042984 2.060258358716965 1.628317654132843 3.793265804648399 1.5177401304245 0.4100383520126343 2.813078343868256 414.7091947942972 0 0 1.265539065003395 0 0 1.763206243515015 0 2.217248037457466 0.1719679236412048 1.352386653423309 0 2.620581172406673 0.3404708504676819 2.437526136636734 1.345032528042793 1.980448186397552 0.7237561866641045 0 2.130043163895607 0 0 0 0 1.655946627259254 0 0 0 0.7798326537013054 0.1323698163032532 0.20769352465868 0 3.220880597829819 0.2375477850437164 0.09765093773603439 0.124448262155056 0 0.3867392316460609 0.4478625729680061 1.1731061860919 2.280514366924763 1.363961316645145 1.767999053001404 6.767373755574226 3.764566525816917 0.1052402779459953 0.09879077225923538 0 0 3.125581964850426 2.802156187593937 0 1.850240275263786 0 0.2871933728456497 0.0933314636349678 0.1830576807260513 2.633370518684387 0 0.1209803149104118 0 0 0.2506003379821777 1.286398366093636 0 0.1502891629934311 1.942053236067295 1.047431707382202 0.3167306110262871 0.2400172799825668 0 0 0.2998880445957184 0.4788971990346909 0.3030842468142509 0 0.1023982688784599 4.647460982203484 0.8340889662504196 0 0.10085279494524 0.4375600591301918 0 0.2307383269071579 0.2706917077302933 0.7360894083976746 0.1246248781681061 0.8829937055706978 0.9633641093969345 0.7798531651496887 1.013827569782734 0 0 0 0.6189217120409012 0.1298181563615799 0 0.2763424515724182 2.587394237518311 2.791548073291779 6.739892967045307 155.5485804006457 53.98317235708237 247.5880114510655 83.9746425524354 228.3500120639801 102.986339814961 14.05957295745611 67.21319580823183 5.39385736733675 0.6025879085063934 3.734239146113396 0.3826857507228851 2.870475627481937 0 0 2.579341493546963 3.184163801372051 0.1255961358547211
1507.299145013094 427.7497175335884 8.12092886865139 0 161.523576438427 593.2661744505167 642.3567677214742 0.1999695301055908 29.34962330758572 1209.417204082012 1.328943952918053 310.3533046841621 629.9194484502077 63.60992637276649 0 0 0 0 0 0.1458176225423813 0 0 0 0 0 0 0 0 0 0 14.12057688087225 0 0 0 0 0 0.6148085296154022 0 0 0 0 0 0 0 0 0 1.790443651378155 0 0 0 0 0 0 0 0.2883003652095795 0.1489493995904922 3.759641170501709 21.12801873683929 3.057393528521061 0.398201547563076 0 0 0 0.1455602943897247 0 0.1053425371646881 0 0 0 0 0.8674997538328171 0 0 3.307650677859783 0.9117241054773331 7.708884738385677 0.9224945306777954 0 0 0.2657335177063942 0 0.1018775925040245 0.3727654963731766 0 0 0.09788570553064346 0.2355120554566383 0 0 0 0 0 0 0 0 38.91226415336132 0 0 0 102.7580015286803 0.3317506015300751 0 0.4007612466812134 0 1.43062162399292 5.90760064125061 0.4071944653987885 3.648272141814232 10.6778105199337 0.6064828038215637 0 2.951847895979881 2.287763804197311 0.7810407429933548 0.6617115139961243 0 0 0 0 0 0 0 0 0 0 0 0 0 0 0 0 0 0 0 2.504081726074219 0 0 0 0 0 0 0 0 0 0 0 0 0 0 0 0 0 0 0 0 0 0 0 0 0 0 0.168913871049881 0 0 0 0 0 0 0 0 0 0 0 0 0 0 0.5087173283100128 0 0 0 0 0 0.3100323975086212 0 0 0 0.5417650938034058 0 0 0 0 0 0 0 0 0 0 1.388279065489769 0.1599744409322739 0 5.751183845102787 0.8591555207967758 10.75949042290449 3.268616065382957 479.3690602481365 8.6408401876688 0.5658781230449677 0.3867953717708588 1.762011647224426 0 0.6821510940790176 0 0.2547065913677216 0 0 0 0 0
621.6089899390936 3854.595692560077 621.3620960041881 161.523576438427 0 31.23014701902866 3509.148398183286 213.0619013532996 2793.692209854722 138.0431407094002 832.1516527831554 0.4560485184192657 244.2594505548477 126.8019314259291 10.54037104547024 0.5645138174295425 1.186090856790543 0.519553080201149 0 0.2297655493021011 0 0 0.316246509552002 0 0.1652024835348129 0.3435982465744019 0 0.9404908642172813 0.6647972762584686 0 264.9679837077856 21.48328582197428 1.933793269097805 0 0 0 2.11240278929472 0 1.157045967876911 0.3101799488067627 0.320268914103508 0.3458501845598221 0.1177561655640602 0.3598300889134407 0.1260693520307541 0.1239053308963776 66.77572858333588 1.196288242936134 0.9269002676010132 0.3497660979628563 0.4257264956831932 0.252959780395031 0.1937950178980827 0 1.549824565649033 3.683004550635815 27.7093286588788 165.4037950187922 25.00021040439606 17.59381214529276 0.3669745028018951 0.2341805547475815 0 36.33269493281841 2.537405550479889 2.189667165279388 0.7639011293649673 0.3987360820174217 0.7960139289498329 0.1307974755764008 10.52961175143719 6.659668385982513 0 41.81093096733093 12.43250649422407 119.4787819609046 60.79049374908209 5.880207121372223 0.9911409690976143 3.105078518390656 0.3718033954501152 4.319309078156948 10.55189379304647 0.5377932488918304 1.069626033306122 1.538978457450867 2.92356339097023 0.3651560619473457 0.1746692657470703 0 0.5593741238117218 0.1563212722539902 0.2205152362585068 0.1474061161279678 0.8162207379937172 59.3045999109745 3.638458162546158 0 2.321623206138611 116.0009154975414 1.378055185079575 2.476037859916687 17.75416103005409 0 15.16946567595005 58.65709834545851 0.7540988922119141 35.72971690446138 6.568494267761707 8.111568257212639 2.382689714431763 50.7138049826026 15.12473428249359 26.36559840291739 16.09456944465637 2.36591911315918 1.432306528091431 0.3536900281906128 0 0 0 0 0 0 0.5258867144584656 0 0 0 0 0 0 0 0 0 8.703651174902916 0.9969897568225861 0.1507433652877808 0 0 4.229021839797497 4.642323859035969 4.977000415325165 8.507989555597305 0.2104993611574173 0 0 0 1.531596913933754 3.135697424411774 3.549011841416359 0 2.501094028353691 7.306378811597824 0 0 0 1.008816957473755 0 0.2623351812362671 0.2333653420209885 0 2.449633210897446 3.06290765106678 0 1.713223680853844 4.301882743835449 17.30156794190407 2.282828211784363 3.341105237603188 0.1337604224681854 0 0.4325123131275177 0.8008632957935333 0 0 0 80.86855690926313 2.348469585180283 0 0 0 3.690653473138809 5.754237741231918 5.776422992348671 2.468668438494205 2.362556174397469 2.466373182833195 1.655045866966248 1.422165036201477 0.2930170968174934 0 0 0 0.5114368945360184 0 0 0 35.66613866388798 22.84957447648048 20.95209336280823 146.8484563827515 43.6330644339323 227.2020171284676 73.5545284897089 383.0306547358632 89.59644415229559 9.772585429251194 56.61181285977364 14.96041229367256 0.2538782060146332 21.21165722608566 4.359707549214363 18.09891518950462 1.044112294912338 0 11.19285354018211 1.397694498300552 1.13232459127903
267.7832642048597 386.0676960349083 5.697895064949989 593.2661744505167 31.23014701902866 0 470.4490883052349 0.8350448906421661 36.51858972012997 880.3628408908844 14.38159437477589 149.5575013160706 299.8007645905018 90.8976603448391 0.1386087089776993 0 0 0 0 0 0 1.272857367992401 0 0 0 0 0 0 0 0 1.629660502076149 0 39.82449935376644 0 0 0 36.74189540743828 0 2.489138573408127 0 0 0 0 0 0 0 0.0981345996260643 0 0 0 0 2.573702037334442 0 0 0 0 33.78153856098652 57.72017346322536 1.427834212779999 0.1177948787808418 0 2.209888935089111 0 0.1427034437656403 0.2490042895078659 0 0 0 0 0 173.6500286310911 207.067115187645 4.891284078359604 2.130773104727268 0 2.933023735880852 0.4692267179489136 0 0.1527272760868073 8.495988503098488 0 1.70356784760952 0.588049978017807 1.138231307268143 0.1029070019721985 0 0 1.239405319094658 0 2.507831752300262 0.1472531706094742 0.2232310920953751 0 0 0.7393675297498703 345.4544743299484 134.3453711271286 10.81575705111027 19.38793449103832 277.4716145098209 0 1.455244779586792 1.895122706890106 0.4070524871349335 0.2663870751857758 2.356357082724571 0 0.5809013992547989 0.9763289541006088 0.747698962688446 0 1.417971238493919 0.527603805065155 1.217176780104637 0.1749949157238007 0 0 0 0 0 0 0 0 0 0 0 0 0 0 0.115006223320961 0 1.256412401795387 0 0 0.2840410172939301 0 0 0.6638249605894089 0.1494167596101761 0 0.3665633052587509 0.2520459815859795 1.740409821271896 0.6828762888908386 0 0 0 0 0.4908394664525986 0.3997260332107544 0 0.8427799940109253 1.221929877996445 0 0 0 0.2767552062869072 0 0 0 0 0.4671438634395599 0.139499619603157 0 0 0.4969935119152069 1.140028618276119 0 0 0 0 0 0.168993666768074 0 0 0 6.236339837312698 2.227639317512512 0 0 0 0 1.593245774507523 0.8332049250602722 0.1136904954910278 0 0.2050621062517166 0.1959346681833267 0 0 0 0 0 0 0 0 0 3.84468087553978 9.664265140891075 3.492734923958778 2.027977712452412 0.1373609006404877 3.776208527386189 0.5545576736330986 491.1380539685488 3.084055237472057 0.376211553812027 0 1.714618675410748 0.1865625232458115 0.6733414232730865 0 0.1391855031251907 0 0 0.7925174832344055 0 0
1662.264105729759 2760.06874102354 153.8617363497615 642.3567677214742 3509.148398183286 470.4490883052349 0 32.70134690403938 1764.198974907398 2344.694850750268 153.5445508509874 6.798579439520836 2272.77583424747 273.5594271942973 27.45556162297726 2.635561116039753 2.549935355782509 0.2444346770644188 0 0.09413307905197144 0.6898586452007294 0.1210799962282181 0 0.2005016282200813 0 0.7580412551760674 0.07347989082336426 1.055931366980076 0.6146457865834236 0.2347118109464645 294.8316191956401 16.3259978890419 4.413032054901123 0.1008336767554283 0 0.2064188569784164 9.819913946092129 0 2.24787962436676 1.027359932661057 1.145971924066544 1.040929339826107 0.1460327655076981 1.126949407160282 0.09833493828773499 0.2901664823293686 130.8906617835164 4.362649090588093 1.241189755499363 1.206021070480347 0.2154365330934525 0.1586223095655441 0.1184890419244766 1.426388189196587 5.063710890710354 10.03376445174217 66.93666667491198 269.4463610351086 64.39869184046984 46.75597716122866 1.326152913272381 0.1019962355494499 0.2132188007235527 69.08594580739737 7.140978671610355 4.577855162322521 1.254762083292007 0.7665152922272682 1.503033317625523 0.3957963213324547 28.97327102720737 14.27284927666187 0 95.93916604667902 18.21666619926691 275.1204569935799 118.1484186947346 8.173315607011318 1.353136487305164 5.587033532559872 2.863947667181492 9.44052542001009 22.86728449910879 1.572545975446701 2.932169049978256 7.055141560733318 5.161835208535194 0.4615721851587296 1.001065991818905 0 0.9295428022742271 0.5870753303170204 0.9015431106090546 0.6576408073306084 1.771140486001968 568.5731481835246 20.90455780923367 0.380374401807785 15.72916050255299 277.8765936419368 11.91559192538261 11.88711565732956 77.84809072315693 2.465067535638809 97.45680098235607 375.625591032207 8.642072752118111 213.3592956885695 56.40675849467516 56.40738873183727 24.72314159572124 277.9276755228639 115.2574555426836 127.4022451862693 101.8377119153738 7.870886333286762 7.047303646802902 0.8355819880962372 1.883200511336327 0 0 0 0 0.9836436212062836 0.9177404046058655 0 0 1.994821064174175 0 0.6718931198120117 0 0.2580236792564392 0.1170380413532257 0 32.85327754914761 3.757048368453979 0 4.800630174577236 3.103067897260189 19.00236789882183 12.12345986068249 18.7569667994976 30.04609198123217 5.295289620757103 0.3000669777393341 0.4276477992534637 1.761873930692673 5.888715088367462 21.04183748364449 10.80788397789001 0.6101336479187012 16.08597548305988 45.92223218083382 1.63279701769352 0.4687952250242233 0 3.341897964477539 0 0.5082249641418457 2.019383020699024 0.6654304713010788 10.27265395969152 25.99731110036373 0 13.9657856374979 10.90432840585709 83.73235895484686 8.419145330786705 8.379666231572628 1.235517576336861 0.3816193118691444 2.762110494077206 0.3158480226993561 0.392700120806694 0.3464783281087875 1.2677943110466 451.1598706543446 4.153279900550842 0 0.2887677252292633 0 17.97185414284468 20.55512192845345 22.83014912158251 17.92240069806576 10.61230528354645 18.4251621812582 7.937675483524799 14.35012301802635 4.118604868650436 1.166970394551754 0.2524073719978333 0 0 0 0.6752653568983078 0.4461685717105865 217.1664541959763 77.91159318387508 90.89835650473833 412.8063958063722 98.13636062294245 525.2385628819466 180.5487352758646 1518.478289857507 207.4517332315445 31.72537818551064 163.1473790705204 67.31667812913656 8.351695843040943 88.91297403723001 22.64057403802872 134.9936136081815 11.21972524374723 1.206043988466263 35.08860351145267 6.450182788074017 1.995185002684593
109.1074655503035 174.1895094811916 1274.636025495827 0.1999695301055908 213.0619013532996 0.8350448906421661 32.70134690403938 0 976.6021224111319 0.2885718643665314 4155.571628600359 1.534518659114838 84.58720473945141 682.8489093482494 32.46230268478394 7.531514301896095 7.7938536927104 1.347288988530636 0 4.1446403414011 8.285813257098198 0.1002466678619385 6.415160700678825 3.581952959299088 3.113965936005116 0.4072840511798859 3.993038229644299 0.9577339440584183 0.4925244376063347 1.498471900820732 1327.230126313865 412.8948030024767 52.19880368560553 6.65556101500988 5.719260357320309 3.726641580462456 16.12775205075741 1.14064197987318 6.148636572062969 3.630191840231419 3.19818240404129 0.2375683188438416 3.64128103107214 5.318401619791985 3.966911420226097 10.10923430323601 101.4768053814769 6.79156281799078 3.049416162073612 14.69699584692717 4.524104006588459 0.9148038104176521 0.7059341222047806 0.2174222022294998 2.479677349328995 2.84467775374651 18.50583880394697 180.7207695692778 18.9335525110364 22.25549474358559 50.1791021078825 12.79016360640526 9.218533262610435 161.6219600588083 2.683361276984215 4.646859280765057 0.9299601390957832 6.02939361333847 37.11684191972017 11.05943008512259 11.4868683218956 3.873449601233006 0.1144901141524315 31.52786877006292 22.48180435597897 142.0126507803798 176.4657332077622 126.4795235618949 249.1371460780501 1689.992700204253 195.7480752766132 2000.112132608891 8.21265584230423 0.4453452229499817 2.373262815177441 2.306540511548519 20.18624998629093 0.4749094769358635 0.2184491381049156 0.1177900955080986 1.017135463654995 0.5010338127613068 7.080980613827705 0.9793696627020836 0.8342396691441536 13.55475442111492 4.152851119637489 0 2.727034762501717 56.18336529284716 0 0 1.159872055053711 0 0.3494433462619781 1.758486792445183 0.2208735197782516 3.014904573559761 0.3330565392971039 0.1774020344018936 0 1.901850238442421 0.4822585135698318 3.669538721442223 2.412224970757961 0.3973783701658249 0.6719136536121368 0.390693187713623 1.290821105241776 0 0 0 0.1675387173891068 1.187410056591034 0 0 0.1382442861795425 0.5897772088646889 0 0.372287392616272 0 2.134944058954716 0.1209269687533379 0.3666556626558304 0.4858254641294479 0.195784255862236 0 0.9131770133972168 1.262975700199604 1.236408337950706 0.6041991785168648 0.9363119900226593 4.622524209320545 2.798487491905689 0 0 0.2207755371928215 0 1.032106317579746 1.89875715225935 0.985729455947876 0.5878281965851784 3.766746833920479 0 0.2539245784282684 0.127110093832016 2.988392002880573 0 0 0.4091249108314514 0 0.6538428068161011 0.1738889217376709 0 1.073447406291962 0.1152813658118248 2.463034227490425 0.3540692031383514 0 0.09867098182439804 0 0.122419573366642 0.3623809963464737 0 0 0 10.49268233031034 0.1062659099698067 0 0.1322894841432571 0.1362085938453674 0 1.097904078662395 1.877291157841682 0.2373123466968536 0.3928250223398209 0.438824288547039 1.276177361607552 0.334154024720192 0.1690919548273087 0 0 0.1075725108385086 0.3539561927318573 0.2176265269517899 0 0 1.287486642599106 2.807150647044182 7.319861739873886 213.9326818883419 46.1515645980835 260.4583348631859 75.35546176880598 175.6525975912809 66.44747480005026 13.08271241933107 97.89198254048824 7.023526795208454 0.2560063004493713 3.345876440405846 1.945689052343369 2.306866317987442 0.2103380113840103 0 0.4460864365100861 4.115127421915531 0.1934612989425659
296.7924389615655 809.7674202620983 851.02467854321 29.34962330758572 2793.692209854722 36.51858972012997 1764.198974907398 976.6021224111319 0 233.6226514875889 3163.100507676601 3.32857757806778 1390.019174382091 1428.100832365453 47.91447738558054 3.951638758182526 3.482723586261272 0.633294478058815 0.4139315485954285 0.8034528866410255 0.9855902716517448 0.196617990732193 0.9123497977852821 0.1013423874974251 0.1914356350898743 0.3827967345714569 0.2036216557025909 1.03230956196785 0.920894481241703 0.1278818100690842 317.5093294754624 24.40416193008423 20.67444951087236 0.2871145978569984 0.1718007996678352 0.2123349457979202 21.76323843747377 0 6.832401871681213 1.076933741569519 0.3970192596316338 0.8716209679841995 0.3225700557231903 1.189806260168552 0 0.4181976616382599 174.7163663133979 2.531252294778824 1.860674485564232 1.816476240754128 0.70711550116539 0.9685646742582321 0 0.8420079723000526 2.837807588279247 7.003414981067181 31.40868958085775 168.8024944067001 34.20761319994926 41.18144900351763 1.783997349441051 0.5807964503765106 0.3574238941073418 57.3146068751812 5.114122226834297 3.905195333063602 0.8437902927398682 1.368870966136456 2.531647548079491 1.137242712080479 37.82432077080011 9.61949946731329 0 57.50423150509596 9.443856216967106 215.9343525767326 121.1831934899092 13.17189268022776 5.559125348925591 71.75925269722939 2.568468853831291 30.58693110942841 15.37558003515005 1.50415762513876 2.716435924172401 4.111260317265987 4.721688732504845 0 0.2011800110340118 0 1.512847095727921 0.5338518917560577 0.9276830479502678 0.3843179270625114 1.192843496799469 275.8121524453163 23.66238494217396 0.7038388848304749 11.75562043488026 87.49397292733192 7.649652369320393 2.787185862660408 46.87346268445253 1.546260714530945 46.63443294167519 221.5912987664342 2.928745523095131 134.4482099860907 34.83243990689516 27.29566186666489 11.33540372550488 156.2051960378885 67.20337155461311 83.21454333513975 62.5654506906867 3.710561744868755 2.817534446716309 1.015216737985611 1.48748667538166 0 0 0 0 0.4291599988937378 2.142883881926537 0 0.09258686006069183 2.412954300642014 0.9391317367553711 0 0 2.154802292585373 0 0 15.36951819062233 0.884387731552124 0.09593835473060608 4.231459364295006 2.531639195978642 15.94242949783802 9.091355256736279 19.12539737671614 31.28107598423958 4.319080494344234 1.398152470588684 0 1.42220002412796 2.456796929240227 17.0146574229002 4.802767865359783 0.4955127537250519 9.072612926363945 30.93566920608282 1.736844524741173 0.7539526075124741 0 1.115073502063751 0 0.435911551117897 1.073058232665062 0.08949059247970581 7.949871435761452 21.29784351587296 0.465722918510437 8.725452929735184 6.334952019155025 62.07985079288483 6.293018169701099 8.425170890986919 1.363117717206478 0 0.6908678412437439 0.7389810010790825 0 0.342695951461792 0.9263624995946884 304.862643904984 7.710904121398926 0.1825437247753143 0 0.2302679792046547 9.707805819809437 18.89363457262516 15.6384532302618 14.38524536043406 7.941713973879814 10.18404012173414 5.487953752279282 7.121247500181198 2.35737144947052 0.4802619516849518 0 0 0.2284418866038322 0.293154388666153 0 0 117.3663129881024 58.38308906555176 70.38701639324427 607.6638655588031 78.99149097502232 460.7359220609069 164.307897336781 522.7938565388322 123.7962041795254 25.64404004067183 252.1119608208537 66.03265728801489 2.10950730741024 70.73950235545635 16.28690169751644 103.8660885617137 8.01198835670948 0.8429711908102036 31.7652959600091 10.26190015673637 0.946742944419384
1410.96668073535 621.8656633496284 2.654151044785976 1209.417204082012 138.0431407094002 880.3628408908844 2344.694850750268 0.2885718643665314 233.6226514875889 0 2.916980966925621 727.2669564932585 5836.051611319184 694.292743101716 0.5642575770616531 0 0.2541191875934601 0 0 0 0 0 0 0 0 0 0 0 0 0 9.691806793212891 0 75.23904164135456 0 0 0 272.6918832063675 0 1.006659746170044 0 0 0.1576843708753586 0 0 0 0 2.895906701683998 0 0 0 0 0 0 0 0 0.3729196935892105 9.531964987516403 36.93158217519522 4.10158959031105 0.8358478844165802 0 0 0 0.9015577882528305 0.6070109754800797 0 0 0 0.098105788230896 0 153.749573007226 0.8125003278255463 0 3.165627010166645 0 6.168119177222252 1.592864692211151 0 0 0.4744951725006104 0.1560135781764984 0.2776462063193321 0.6669312492012978 0 0.2099656015634537 0 0.2306933775544167 0 0.09374263882637024 0.2174168229103088 0 0 0 0 0.1554536819458008 725.4687950015068 3.990972138941288 0 2.596357583999634 186.5956346392632 2.072334706783295 9.604468077421188 18.97922603040934 3.684793740510941 21.11376556754112 145.3040049746633 8.951525792479515 70.13208163529634 38.9119088947773 36.55294427275658 2.382544338703156 96.4125209748745 39.881058588624 20.4750986546278 19.5515223890543 0.2981337904930115 0.960737407207489 0 0 0 0 0 0 1.702144026756287 0 0 0 0 0 0 0 0 0 0 6.503046706318855 0.7265071421861649 0 0 0 1.325182497501373 0 0.2028446197509766 1.811866492033005 0.7703379988670349 0 0 0 0 1.423675954341888 0 0 0.5022449493408203 3.245858401060104 0.1859023720026016 0 0 1.252679347991943 0 0 0.1889996975660324 0 1.082394480705261 2.395351730287075 0 0.1863892674446106 0.7830546498298645 9.224192321300507 0.7826197147369385 1.179350256919861 0.57840296626091 0 0 0.4972522258758545 0 0 0 44.05073472112417 1.219594120979309 0 0 0 1.186156272888184 0 0.8619085103273392 3.778251796960831 0.3978754132986069 1.746115669608116 0 1.580851629376411 0 0.4657753705978394 0 0 0 0 0 0 73.94680877029896 3.288986355066299 5.1901865452528 9.584596984088421 0.8770754709839821 11.37463210523129 2.105605572462082 953.6030982583761 8.661794699728489 0.6305202096700668 1.304195865988731 5.774180144071579 0.2392698526382446 10.27012155205011 1.647974729537964 25.91261202096939 0 0 2.966090328991413 0 0
483.6164755746722 611.0116868391633 2744.584624573588 1.328943952918053 832.1516527831554 14.38159437477589 153.5445508509874 4155.571628600359 3163.100507676601 2.916980966925621 0 11.20161952078342 1102.559248626232 3428.105877973139 90.53751714527607 15.4606758505106 10.66905754059553 0.7120701149106026 0.308575302362442 2.310389541089535 2.620310351252556 0.08704181760549545 2.439123220741749 0.8219744861125946 0.7592791244387627 1.03322572261095 1.089867703616619 1.627768293023109 1.459924228489399 0.759832426905632 1153.036307774484 101.6593119055033 409.6768012717366 1.317613683640957 1.358693636953831 0.5803572610020638 370.4259343072772 1.829229287803173 15.7671260535717 4.306967228651047 1.851760312914848 2.412171714007854 0.8972339183092117 3.308117739856243 1.68405344337225 1.125396676361561 270.494854323566 4.059843480587006 2.175573967397213 3.472211003303528 2.257249839603901 0.4090391620993614 0.09608938544988632 1.401800364255905 4.323724918067455 11.43567195534706 38.13648380339146 318.2551094740629 39.95014298707247 57.23149702697992 8.46974977850914 6.498005479574203 1.615923807024956 114.9618528857827 6.815804481506348 5.060015000402927 2.501013711094856 2.260081551969051 7.548397548496723 2.58014303445816 261.6089008674026 16.90967789292336 0 65.93423019349575 23.21863290667534 316.2687046527863 231.9120164364576 44.22149163484573 359.7522771582007 411.7079796269536 26.40966530889273 396.7604864239693 20.4957752302289 0.2969859093427658 3.933365985751152 4.871154271066189 8.681038297712803 0 0.5179805979132652 0.112545482814312 1.944832906126976 0.5193014889955521 1.455115847289562 1.356016971170902 2.47521536052227 197.2491096407175 38.09906779974699 0 14.12896285951138 159.7917219772935 0.7318376004695892 0 6.350233376026154 1.008547902107239 8.693522155284882 37.21919466555119 1.78408719599247 26.94304142147303 3.97803221642971 4.608529597520828 7.506113082170486 23.40014591068029 12.82620114833117 27.96971229463816 15.90608136355877 1.798283994197845 0.413353756070137 0.8492049276828766 1.204827710986137 0 0 0 0 0.1760679706931114 0 0 0 0.1046944037079811 0 0.132921114563942 0 1.819962084293365 0 0 6.08586274087429 0.5467220544815063 0 0.4543266147375107 0.7611425220966339 4.78364971280098 1.261441752314568 3.929015569388866 7.783625192940235 2.630664795637131 0.1228969544172287 0 0 0.7640449553728104 6.305401876568794 2.938363797962666 0 4.148943960666656 9.418638154864311 0.164813444018364 0.1415694057941437 0 1.722489938139915 0.2553324028849602 0.4098511412739754 0.5471903085708618 0 0.8769087642431259 3.171038895845413 0 0.8896815776824951 1.455705121159554 25.82656245678663 2.626288563013077 1.849628552794456 0.141075924038887 0.2211344540119171 0.5548527762293816 0.9994323030114174 0.1263636499643326 0.109674260020256 0 106.5931774228811 1.999727323651314 0 0 0.3003585934638977 4.544849932193756 9.345048516988754 6.956656441092491 5.187730699777603 4.942361637949944 2.744717821478844 1.834120348095894 3.371677652001381 1.208902135491371 0.2116261273622513 0 0.6046688482165337 0.1946572437882423 0 0 0 36.79755130410194 25.86239045858383 29.00455486029387 719.9835198521614 111.9024033024907 598.2263558506966 216.6108084917068 490.9794548228383 152.1257548853755 35.84541335701942 310.6218673139811 29.98292945325375 1.00457489490509 26.31639482825994 3.039792694151402 28.92760728299618 4.821250781416893 0.1863394528627396 18.73256812989712 8.145485624670982 2.174697622656822
48.9690193682909 19.12415367364883 0.6511454284191132 310.3533046841621 0.4560485184192657 149.5575013160706 6.798579439520836 1.534518659114838 3.32857757806778 727.2669564932585 11.20161952078342 0 2523.81264705956 405.4970382004976 4.592730537056923 0.6418737918138504 0.6971225365996361 0 0 0 0 0 0 0 0 0 0 0.2617047429084778 0 0 0 0.2505073547363281 29.3553616553545 0 0 0 194.1566615104675 0 0 0 0.1291779577732086 0 0 0 0 0 5.672001153230667 0 0 0 0 0 0 0 0 0.5201772004365921 0.222382128238678 0.8372059464454651 0.3529487699270248 0.09283389151096344 0 0 0 0.5993909686803818 0.09454157203435898 0 0 0 0 0 110.8225664943457 4.049341380596161 0 0.6319707036018372 0 3.473407752811909 1.912354685366154 0.1237809658050537 0 2.773052863776684 0 0 0 0 0 0 0.2962528094649315 0 0.1284281462430954 0 0.1310326159000397 0 0 0 0 831.9722423702478 5.293068841099739 0 0.6941096782684326 14.07831451296806 2.00066089630127 1.519484385848045 12.2653806656599 0.1933189630508423 9.006178230047226 56.59040983021259 1.740864336490631 31.25527939200401 10.54469206929207 8.490995809435844 0.8709404617547989 32.18727023899555 14.13210661709309 15.4022001773119 18.09408682584763 0.3209786862134933 0.1409168392419815 0 0 0 0 0 0 0 0 0 0 0 0 0 0 0 0 0 2.502282679080963 0.1525340527296066 0 0.390791267156601 0 1.029009774327278 0 0.2735044360160828 1.445682644844055 0 0 0 0 0 0 0 0 1.681705795228481 3.427602656185627 0 0 0 0.5792831182479858 0 0 0.2067458778619766 0 0.5499846190214157 3.020560324192047 0 0 0.1598708480596542 8.049585267901421 0.902723491191864 1.10787533223629 0.3332262188196182 0.1596358716487885 0 0 0 0 0 44.92424616217613 0.2031203210353851 0 0 0.1799178123474121 0.8505755662918091 0 1.989720016717911 1.492115043103695 0.1873860657215118 0.9535150676965714 1.743233680725098 0.1532792598009109 0.3737072944641113 0 0 0 0 0 0 0 36.10642828047276 8.622503265738487 3.164319261908531 44.01494933664799 1.215332426130772 10.65596719831228 3.631151743233204 113.0589815154672 0.6592198386788368 0.5461175441741943 12.05526039749384 3.88055482506752 0 7.963422730565071 1.554385505616665 7.704991474747658 0.3079313337802887 0 1.389225341379642 0 0
208.6076021641493 1897.667307026684 42.61591160297394 629.9194484502077 244.2594505548477 299.8007645905018 2272.77583424747 84.58720473945141 1390.019174382091 5836.051611319184 1102.559248626232 2523.81264705956 0 763.0079549029469 70.51018214970827 14.17249953746796 10.52566593885422 0.457875981926918 0 0.1097119897603989 1.389998532831669 0 0.214258685708046 0.09571268409490585 0.1155731603503227 0.2447074130177498 0.4969224333763123 1.438157193362713 0.5722677260637283 0.2699070647358894 36.96548013389111 3.222053468227386 413.5921869724989 0.2367993369698524 0.2335194498300552 0 128.6761167645454 0 4.615518473088741 1.09987410902977 0.6592095196247101 1.668036073446274 0.488139882683754 1.947004973888397 0.2342681586742401 0.2299962714314461 138.5690390318632 0.9926236048340797 0.6060982495546341 0.4710073694586754 0.4176089316606522 0 0.1071598380804062 0.8823423460125923 1.227328725159168 5.68344884365797 8.66406524181366 27.82299963384867 8.80685468018055 20.80878086388111 1.218496680259705 0.534436009824276 0.2135568484663963 18.26802998036146 1.915277913212776 1.113782778382301 0.574378527700901 0.3374540582299232 1.030324645340443 0.848000168800354 256.4517436549067 18.08230240643024 0 16.14306209981441 1.672461040318012 101.3019165620208 68.02795002609491 10.85136148333549 1.415583908557892 38.01804627478123 1.592364937067032 24.94936715811491 4.024469286203384 0.8042149916291237 1.320476152002811 1.70578445494175 3.107036218047142 0 0.184617817401886 0 0.6826605498790741 0.5342264324426651 0.5556578487157822 0.1513014584779739 0.8713170886039734 2616.409401237965 38.11367309093475 0 10.18916907906532 47.89859315007925 6.398648217320442 5.745171293616295 70.99788381159306 4.100329175591469 84.06121751666069 368.7609131112695 12.3800737708807 206.8482582047582 63.06457012891769 61.94417195022106 21.04175367951393 283.2219403758645 108.8311048224568 118.8641368821263 102.6342113986611 7.112867809832096 2.573636695742607 0.3853240013122559 1.410039648413658 0 0 0 0 0.4098021686077118 0.9513163641095161 0 0 0.7698866724967957 0 0.6157559752464294 0 1.133124873042107 0 0 31.7997128367424 5.143983334302902 0 2.186647519469261 2.284320592880249 11.54353861510754 4.49830074608326 12.37078805267811 14.4061581119895 0.9644434303045273 0.3190604150295258 0.2198327481746674 1.135391414165497 1.514762669801712 11.58098927140236 3.790834240615368 0 15.45102468132973 26.32508928328753 1.14845184981823 0.2568815350532532 0.6689761579036713 1.518305614590645 0 0.6780057698488235 1.86850506067276 0.1057939976453781 3.083405219018459 16.07330477237701 0 2.562538981437683 5.678803183138371 76.0830265134573 2.272127412259579 6.488472938537598 1.188485376536846 0.142217606306076 0.7144994512200356 0.5992433726787567 0.1541079878807068 0 0 433.0942477732897 4.795803993940353 0 0 0 13.93254183232784 11.63870574533939 16.80808552354574 13.57761606574059 10.84138645231724 10.25931112468243 3.504113554954529 4.322176180779934 2.986966371536255 0.1132791563868523 0 0.2945051789283752 0.7715069055557251 0 0 0 260.5244835615158 55.09931614995003 42.65978417545557 639.5925365909934 48.35013569891453 237.672586761415 93.96636354923248 434.125631801784 41.17017064243555 12.96095651388168 213.8428459614515 57.04105354845524 2.958343639969826 78.26652558892965 11.61939857900143 100.9160633683205 9.885598830878735 1.164410993456841 29.02257149666548 7.91712311655283 1.007548704743385
