0 5078.183743827045 813.7644079476595 1228.522740922868 828.5240077376366 207.0586542785168 457.5372592955828 278.5919267013669 179.8593820407987 1435.923939578235 715.064326621592 25.02867545187473 151.4868184626102 236.376560010016 31.17584903538227 9.082702293992043 0.8829677700996399 0 0.1305227875709534 4.694852910935879 43.95280119031668 0 47.1070134267211 13.4140627682209 31.820905148983 3.853470012545586 14.76830771565437 0.6936599165201187 0.9312343448400497 0 472.510753005743 135.4785469025373 18.10769121348858 5.687039934098721 22.47996890544891 8.401863425970078 6.762911729514599 3.473771043121815 1.158772699534893 5.619583569467068 7.429033383727074 1.15055051445961 0.1979839950799942 1.029573276638985 0.4929303675889969 0.3272130191326141 110.0705771818757 14.82982629537582 0 2.864428609609604 1.012326560914516 1.2071772813797 0 0.1136546581983566 0.5246781408786774 4.606375224888325 716.0256223231554 1010.221062205732 65.94380114972591 58.67603203654289 1.397146180272102 18.40282329171896 1.606586664915085 4.417903117835522 4.062683828175068 3.588425390422344 2.479103088378906 11.48166456073523 14.03358696401119 54.48850280046463 16.63154925405979 0.94106724858284 0 451.9518266096711 12.84969670325518 105.4645020514727 14.98523773998022 2.977579355239868 16.66403609514236 481.0878530293703 0.50480717420578 93.07003150135279 34.98802335560322 0.3091614693403244 2.815601661801338 6.078928671777248 6.046411663293839 0.1979357376694679 1.137403771281242 1.222695842385292 0.4119320437312126 0.3261474072933197 59.41120129078627 1.067438654601574 0.9202706068754196 125.640680372715 5.053119406104088 0 1.175496190786362 2079.205140382051 0 0 0.4883126318454742 0 1.120431542396545 0.2393365055322647 0 1.061973571777344 1.528363853693008 6.531445547938347 0.1748702824115753 3.737095892429352 8.270127952098846 5.161155462265015 3.954314976930618 0 0 0 0 0 0 0 0 0 0 0 0 0 0 0 0 0 0 0 0 0 0 0 0 0.9173563122749329 0 2.779969938099384 0 0.6372208893299103 0 0 0 0 0 0.9224087595939636 0 0 0 0 0 0 0.214770033955574 0 0 0 0 0 0 0 0 0 1.845426201820374 0 0 0 0 0 0 0 0 0 6.984203219413757 0 0 0 0 1.045478492975235 0.4154652953147888 0 0 0 0 0 0 0.1808124482631683 0 0 0 0.1097364276647568 0.1782774478197098 0 0 2.398261278867722 0.297070100903511 0.2283207625150681 98.83078502863646 11.72421669214964 279.2713398337364 54.40709499269724 811.6099156960845 162.080399736762 31.12192615121603 28.30671846866608 4.116400167346001 0 0.97416752576828 0.4225842207670212 0 0.359301894903183 0.386910080909729 0 0.8703472316265106 0
5078.183743827045 0 2004.593955397606 2532.400407209992 4310.187296152115 204.6820196658373 3076.153665989637 487.3521980419755 1205.501714088023 613.3449914231896 1711.296655863523 23.82546082139015 518.9894587546587 972.5829528793693 84.83351031690836 15.53569509088993 1.521953761577606 1.717806532979012 0 4.91512705385685 38.23442724347115 0 36.28776104748249 10.05596297979355 21.20201950520277 5.358387753367424 11.1436270326376 1.486666791141033 0.7284411191940308 0 1680.181044407189 139.9827514216304 21.46921221166849 3.090345442295074 17.55137068778276 7.540756538510323 7.966066807508469 4.338014736771584 2.877651274204254 5.842486009001732 6.147842451930046 1.981920212507248 0.2156776636838913 2.096484817564487 0.6771629601716995 1.083639554679394 372.0165367797017 59.02485106885433 1.994635842740536 2.469297125935555 2.598132461309433 0.2378357499837875 0.2769837081432343 0.2683356180787086 0.9529908373951912 14.06456210464239 221.6952461376786 793.0735454857349 79.67661890387535 152.5078556910157 1.703756503760815 13.20514468848705 0.8832591772079468 21.39788874238729 16.29199384152889 12.32456593960524 11.26281532645226 12.66213966161013 12.96363690495491 47.98851304501295 11.07221914827824 0.4553197994828224 0 565.035671427846 48.30712502449751 330.6150050163269 55.88984657078981 6.263928577303886 15.73371847718954 461.6155014410615 0.3236439302563667 79.9442640542984 102.3605899885297 0.859468974173069 9.199037320911884 14.84282200783491 14.93503007292747 0 3.080670312047005 0.227453202009201 0.6623295173048973 1.487367808818817 50.54864898324013 1.506080970168114 2.526898048818111 27.66494087129831 0.204058051109314 0 0.5764481201767921 946.1135425493121 0.3416272103786469 0.3587579131126404 0.9952254295349121 0 0.6133098155260086 5.854928895831108 0 0.1824493259191513 30.39439360797405 5.834643200039864 1.2179816365242 3.659754753112793 15.27658261358738 11.1721224039793 9.795930102467537 0 0 0 0 0 0 0 0 0 0 0.2483371794223785 0 0 0 0 0.1838882863521576 0.226857915520668 0 0 0 0 0 0 0.1761264503002167 1.592371508479118 0 8.83406163752079 0.3373469933867455 0.9903107881546021 0.2577534317970276 0 0 0 0 0.2136862576007843 0 0.1062876954674721 0 0 0 0 0.3217887580394745 0.1927777826786041 0 0 0 0 0 0 0.4127186089754105 0 2.667924106121063 0 0 0 0 0.2096338421106339 0 0 0 0.3110356330871582 8.907659664750099 0.1657480150461197 0 0 0 0 0 1.503428399562836 0 0.345988541841507 0 0 0 0 0 0 0 0.8161311447620392 0 0 0 8.128464326262474 1.330439209938049 2.442260593175888 261.7155995070934 32.58735285699368 995.2918193638325 107.7388272583485 497.0530912429094 211.4082703366876 55.79333151876926 128.6304549127817 3.230752095580101 0.5525770038366318 3.296350121498108 0.5733429417014122 0.6038150191307068 0.3013639748096466 0 0.402102917432785 1.559705682098866 0
813.7644079476595 2004.593955397606 0 22.93881633132696 362.2093368247151 3.117467015981674 77.32176492363214 3272.99585108459 545.9736516773701 15.20247358828783 3734.510253623128 4.24712561070919 159.6947421953082 760.0238582342863 43.27088014036417 12.66581266373396 1.642929494380951 2.668417528271675 0 17.40499374270439 97.89510004967451 0 98.58606664836407 24.20852807164192 47.95513190329075 8.582585617899895 28.80774521827698 1.25656633079052 0.5395785272121429 0 4251.514330975711 847.6453993394971 29.00675465166569 18.77457947283983 52.56512565165758 20.40682084858418 12.81838059425354 4.533085644245148 3.489278718829155 9.27569368481636 18.57956870645285 3.814531855285168 7.953715309500694 3.336542904376984 2.925860926508904 5.152732275426388 136.157839268446 20.13476451486349 1.478519029915333 7.792357981204987 5.032692730426788 0.1568874269723892 0 1.215694546699524 1.14761171489954 5.121707357466221 163.9967079535127 924.3670147508383 33.98187312483788 55.07721865922213 7.588438026607037 50.40808939933777 6.223870530724525 179.6445732042193 5.649650804698467 6.82455387711525 7.237420864403248 23.45960418879986 46.48009991645813 143.8951447755098 7.035323210060596 0.6629873290657997 0 351.9271857887506 92.75208359956741 173.7802758514881 31.52221900224686 5.51264214515686 119.3273609057069 1423.169030413032 1.63812467455864 333.6458653509617 38.0334875062108 0.1041577607393265 6.456512868404388 5.319674722850323 21.80910706520081 0 1.909854635596275 0 0.3961538970470428 1.098568983376026 142.6839110776782 1.343829557299614 1.560308888554573 5.155402980744839 0 0 0 238.19158244133 0.5346747636795044 0.8803457021713257 0 0 0 0.4326159656047821 0 0 0.738028883934021 1.72661466896534 0 0.6598034203052521 1.353717774152756 1.500938817858696 1.580920159816742 0 0 0 0 0 0 0 0 0 0 0 0 0 0 0 0 0 0 0 0.3197824060916901 0 0 0 0 0.6427625119686127 0.1250901520252228 1.20010394603014 0.5360342115163803 0.1468203812837601 0 0.2472262382507324 0 0 0 0.3193255662918091 0 0 0 0 0 0.720434159040451 0 0.1797211468219757 0 0 0 0 0 0 0.1482384204864502 0.3675073683261871 1.604746788740158 0 0 0 0 0 0.6764701902866364 0 0.2906885743141174 0.5318558216094971 1.701303392648697 0 0 0.1636864244937897 0.5848273038864136 0.5102886557579041 0 0 0.1505981683731079 0 0 0 0 0 0 0 0 0 0 0 0 1.902143880724907 0.2916857749223709 0.6945598870515823 74.55576012283564 16.00986879318953 283.1399176493287 42.43487609177828 85.46421030908823 83.62367361783981 20.11956713348627 33.30089484900236 1.500565007328987 0 1.734447449445724 0.2006476670503616 0.3503841757774353 0 0 0.9199182167649269 1.16606231033802 0
1228.522740922868 2532.400407209992 22.93881633132696 0 449.6615859046578 833.3728796094656 2763.884934984148 2.195152744650841 146.6787853464484 2191.03012689203 20.60421105474234 174.5621845424175 1609.181925229728 38.55742470920086 21.65879420936108 1.611403003334999 0.2536152377724648 0.1494674235582352 0 0 0.8003034740686417 0 0.470643013715744 0 0.3194090127944946 0.1643716096878052 0.105240099132061 0.1537501215934753 0 0 12.27386914938688 1.712775066494942 2.323468491435051 0 0.209593802690506 0 1.653404667973518 0 0.4508273601531982 0 0.5658051669597626 0.1017549932003021 0.105830579996109 0.7028387784957886 0.2214008048176765 0 138.1796009764075 18.50550907105207 0.6390130221843719 0.112289696931839 0.3500914573669434 0 0 0 0.9238662719726562 5.543747276067734 76.24779254198074 67.59789561480284 27.27094358950853 48.70046132802963 0 0.5122567638754845 0 3.070700481534004 4.490351669490337 3.955617807805538 3.147373400628567 2.365175366401672 0.5559696555137634 0.5122349560260773 9.823989003896713 0.2121051251888275 0 185.9186547845602 10.3202902302146 90.77974229305983 11.92223050445318 1.637080654501915 0.4891247451305389 4.437897190451622 0.2735954821109772 0.4475706815719604 35.27507359534502 0.2781189605593681 3.838601529598236 4.397228978574276 4.608761414885521 0 1.312219887971878 0 0 0.6757291778922081 1.001465179026127 0.11949472874403 0.2384504452347755 64.41574872285128 0.1714814454317093 0 0 255.62529951334 0 0 0.9322071969509125 0.2213678508996964 0 3.345189183950424 1.123210728168488 0.2962237000465393 13.12606120109558 5.86959283053875 1.378968328237534 4.286646097898483 7.212709277868271 4.775707721710205 8.382339984178543 0 0 0 0 0 0 0 0 0 0 0 0 0 0 0 0 0 0 0 0 0.7921608686447144 0 0 0 1.202478304505348 0 3.826106078922749 0 0.2355777621269226 0 0 0 0 0 0.3802004456520081 0 0 0 0 0 0 0 0 0 0 0 0 0 0 0 0 5.205749675631523 0 0 0 0 0 0 0 0 0 11.1013480424881 0 0 0 0 0.8287630081176758 0 0.4595991969108582 0.159388855099678 0 0 0 0 0.127168670296669 0 0 0 0.2058709114789963 0.1275765150785446 0 0 6.128243207931519 0.451932430267334 0.7925833463668823 98.21097818017006 7.51473680883646 364.1479297280312 31.87795412540436 745.940409168601 92.15244659036398 18.69682583957911 44.65470825135708 0.6706677228212357 0.5956618934869766 1.166288658976555 0.291385293006897 0 0.2493074983358383 0 0 0.7805387526750565 0
828.5240077376366 4310.187296152115 362.2093368247151 449.6615859046578 0 20.67259310185909 3559.543850421906 231.9833906888962 4630.901343636215 760.3557124137878 1959.273411139846 67.87061703205109 846.8940818533301 1950.227456182241 99.20001995563507 14.88147244602442 1.677471049129963 0.7239091619849205 0 0.8453146293759346 8.462973885238171 0.1570629775524139 6.812949068844318 2.024166479706764 6.850048020482063 2.098547153174877 3.359865956008434 0.6351399272680283 0.3021475076675415 0.1809879392385483 169.9850224852562 15.35541215538979 8.951820030808449 0.7853768318891525 3.634560868144035 2.131348088383675 4.049122735857964 0.7354094684123993 1.473851807415485 2.847971975803375 2.685156866908073 0.9023364409804344 0 1.999731592833996 0.1203224062919617 0.4101786017417908 269.123567737639 30.06464741379023 1.233936302363873 1.412277653813362 2.411574140191078 0 0 0.6781725063920021 0.8996851369738579 6.829561106860638 42.50340496003628 67.26562897861004 35.17839729785919 71.80641579627991 1.192019306123257 3.920125775039196 0.1862992942333221 15.70844285190105 8.367744438350201 6.407203577458858 4.733822755515575 8.354955740272999 3.603983297944069 10.25522619485855 6.426394462585449 2.427478156983852 0 178.9467068612576 41.20496318489313 234.1434392258525 81.22139935195446 6.770223595201969 3.648459739983082 80.48565106838942 0.4901309311389923 15.98565627634525 41.38564188033342 0.6963396146893501 6.50669352710247 7.195806972682476 8.87282133102417 0 2.200692377984524 0.09786047786474228 0.7709660902619362 1.48913250118494 14.22138928622007 0.6208856552839279 1.701478354632854 60.77265533804893 0.7446811944246292 0 0 34.87429484724998 0.5737169831991196 1.074316710233688 5.715479046106339 1.721464186906815 2.555983886122704 19.24296003580093 0.411908894777298 4.163365110754967 17.87417796254158 22.31682386994362 2.005320847034454 27.27879844605923 39.20098315179348 42.24368563294411 39.36506134271622 0 0.4716732203960419 0 0 0 0 0 0 0 0.2071636170148849 0 0.3215544819831848 0 0 0 0 0 0 0 0.5949762165546417 0 0 0 0 15.55526385456324 0.2144404202699661 30.32510522753 2.369234830141068 0.7243083417415619 0.2725746333599091 0 0 0 0 1.213180691003799 0 0 0.2354063838720322 0 0 0 0.302260547876358 0 0 0 0 0 0 0 0.2480967491865158 0 23.33770218491554 0 0 0.1013058573007584 0 0 0.2141678631305695 0 0 0.7804120182991028 43.21745730936527 0.6269955039024353 0 0 0 1.665737330913544 1.222153335809708 3.440276235342026 0.1112241894006729 0 0.1106426045298576 0 0.1687207072973251 0 0 0.2466893643140793 0 0.5149688720703125 0 0 0.2012584209442139 35.21987427026033 3.042004480957985 4.493274599313736 356.4075159654021 29.68970019370317 637.7193891704082 81.35640645772219 180.4446625784039 110.8667578399181 34.01567308604717 133.0683600753546 8.429367274045944 1.577049411833286 2.284594565629959 0.5937812998890877 1.996774569153786 0.1484799832105637 0.2140819281339645 3.416763380169868 2.363724887371063 1.238599628210068
207.0586542785168 204.6820196658373 3.117467015981674 833.3728796094656 20.67259310185909 0 141.9097230732441 0.7817530035972595 37.33306793868542 1275.578517362475 6.67832338809967 283.5413071811199 247.3679003715515 41.43103876709938 6.64370134472847 8.319808177649975 3.229507073760033 0.1895652264356613 0.2302098721265793 0 0 3.999501898884773 0 0 0.8373773396015167 0 0.1662497073411942 0.2562622725963593 0.1075551584362984 0 0.3295544385910034 0.3869427442550659 47.91303420066833 0 0.2212729454040527 0 36.14694206416607 7.364218264818192 20.24615925550461 7.394395425915718 0 0 0.6361126899719238 2.25108577311039 0 3.434703812003136 11.64129702746868 0.7306205779314041 0.9407064169645309 0.3756437599658966 0.3872843384742737 24.21477688848972 2.993896409869194 0.3607153445482254 0 6.730406075716019 424.5384788736701 29.57037538290024 11.5437680259347 3.665525488555431 16.94656336307526 7.676842913031578 0.164850190281868 0.391327977180481 0.1011065989732742 0 0.6330022513866425 1.933209225535393 0.431493729352951 1.726373881101608 342.0392073988914 214.7942094504833 11.13694675266743 15.24031332135201 0.9182970970869064 4.14612840116024 1.298076212406158 0.3299501836299896 0.1613964289426804 16.71415929496288 2.07387512922287 13.492327272892 1.434555247426033 22.36922191083431 0.1191640719771385 3.776432536542416 0.3316612467169762 19.15643677860498 16.66413250565529 29.9176447764039 1.760673865675926 5.293749809265137 0.5573905855417252 0 0.7986707538366318 1091.92682030797 240.1559911817312 62.34288376569748 30.68291474878788 334.3955837786198 0 4.846158027648926 7.838152170181274 0 0 2.09046471118927 0 4.057518601417542 4.598941087722778 5.970210894942284 0.6847158670425415 4.231078863143921 18.74694493412971 4.45766407251358 3.615441098809242 0 0 0 0 0 0 0 0 0.5150975584983826 0 0 0.6664239764213562 0.8580209016799927 0 1.053633511066437 0 0.3780079185962677 0.487756073474884 0.4376509785652161 0 0 0.3300119936466217 0 0.1956835687160492 0.6322717666625977 0 2.210839465260506 2.976154699921608 1.625607118010521 0 0 0 0 0 1.491738796234131 1.118263483047485 0 0 0 0 0 2.416481986641884 0 0 0 0 0 0 0 0 0 2.29593788087368 0 0 0 0 0 0 0 0 0 6.962674766778946 1.005699709057808 0 0 0 0 0 0.2928375601768494 0 0 0 0 0 0 0 0 0 0 0 0 0 6.490786835551262 0.2011442631483078 0.1325956583023071 63.16409148275852 4.645756214857101 28.51826319098473 5.662967264652252 377.3064453601837 12.83470150828362 3.453618466854095 8.459206983447075 18.2373221218586 0 0 0 3.917442798614502 0 0 0 0.7785169184207916 0
457.5372592955828 3076.153665989637 77.32176492363214 2763.884934984148 3559.543850421906 141.9097230732441 0 4.684598565101624 2008.371719338 2472.106122665107 178.3338804394007 383.9402325749397 4181.5759870857 1474.77092191577 158.6464213430882 31.98390528559685 2.800254292786121 2.009542770683765 0.1763554215431213 1.380606152117252 10.28700076043606 0 8.179394841194153 2.438691690564156 8.260366819798946 1.451997816562653 4.53342854231596 1.055777430534363 0.9479630291461945 0 56.60167845338583 8.114110007882118 30.03085736185312 1.236682951450348 4.257260732352734 1.636070974171162 19.46845144033432 0.9906084537506104 3.311021223664284 5.009846433997154 3.560435026884079 2.484200991690159 1.19699814170599 4.245691724121571 0.3824277892708778 0.429394856095314 425.9608839005232 43.26676094532013 3.795554533600807 2.084354348480701 1.664597943425179 0.8339499235153198 0.4448046982288361 0.6796103790402412 1.706136949360371 6.817715384066105 67.56839472800493 70.26716193556786 50.43651438504457 111.3311351239681 1.805079147219658 3.722284711897373 0.2834071516990662 16.24534033238888 12.35668785125017 11.88226258009672 6.779462240636349 10.5784414857626 4.240853361785412 12.84531775861979 84.36626134812832 7.647242538630962 0 263.4952654317021 48.67719006538391 328.8912679553032 113.7351460754871 11.21841331571341 1.360022574663162 52.97911641746759 0.9234927222132683 13.6860081627965 64.80492100864649 0.6154165640473366 10.52477072924376 11.92337557673454 11.94019385427237 0 3.886089876294136 0.2219296917319298 0.7177065461874008 1.513621971011162 20.74269319325686 1.32258977741003 2.269185788929462 239.7915312498808 1.138261005282402 0 0.1426006257534027 30.13599297404289 1.098518460988998 1.223413109779358 9.271092921495438 0.6760515421628952 5.008296206593513 44.76397836208344 1.329856812953949 14.12477062642574 56.4766291975975 65.15806474536657 5.838934019207954 57.68328031897545 109.8974019289017 90.70249103009701 70.32504342496395 0.6077345535159111 1.21300844848156 0.1945191472768784 0 0 0 0 0 0.1802754551172256 0.1343353390693665 0 0.2531696557998657 0.8308217525482178 0 0.6598322540521622 0.1518964767456055 0 0 0 2.429351285099983 1.550144501030445 0 0 0.4883489012718201 36.44274500757456 2.01666234433651 71.26133388280869 3.595700263977051 1.740452215075493 0 0.1618566662073135 0 0 0 0.6628109216690063 0 0.272832378745079 1.312043607234955 0.2136089354753494 0.6209744811058044 0 0 0.1125926151871681 0.108255036175251 0 0 0.1763743311166763 0.3329294770956039 0 0.5341551452875137 0.3035185039043427 42.28197087347507 0.5040845274925232 0 0 0.1379637271165848 0 0.5925777703523636 0 0 0 112.7081407085061 0.675507590174675 0 0.1477279216051102 0 4.529668137431145 3.172010570764542 6.550636321306229 0 0.2165225744247437 0 0.1464138627052307 0.2567566335201263 0 0 0 0 0.2676488012075424 0 0 0.1644594520330429 84.94909533858299 6.90587268024683 12.70107199251652 633.718395717442 49.90503645688295 1047.894529387355 120.1097197085619 403.8733472824097 172.5882563441992 56.93603221327066 263.637072108686 14.48211333155632 3.541443467140198 8.567055702209473 2.195881687104702 6.831125140190125 0.1918331682682037 1.002492792904377 2.343124285340309 4.831216342747211 1.298635631799698
278.5919267013669 487.3521980419755 3272.99585108459 2.195152744650841 231.9833906888962 0.7817530035972595 4.684598565101624 0 337.9880334660411 2.062712199985981 1452.730648830533 1.479962348937988 35.98171526193619 184.5835191011429 41.89177393168211 7.5003856793046 3.905106961727142 13.97278474271297 1.126121699810028 101.8653719201684 235.9311773180962 0 222.8733915239573 36.49030824005604 47.50173341482878 7.047263592481613 25.99911396205425 2.252133727073669 0.1304896175861359 0.1049366891384125 1170.71199414134 827.1413804069161 48.91236013919115 84.08764190971851 120.3516807705164 26.7834809049964 19.0624290779233 4.594431445002556 0.9626435041427612 3.591686144471169 23.15054263174534 5.713169246912003 46.19645611196756 8.630567327141762 13.27248130738735 55.2101114615798 94.98222254961729 19.46850512176752 2.919033214449883 33.22801182419062 7.223621986806393 0 0 1.558884531259537 0.2149918004870415 1.941371418535709 35.88201506435871 172.927984520793 8.64667409658432 29.21444102376699 215.3205322697759 196.1939575821161 32.91681493073702 118.9722643271089 1.562960386276245 5.088810555636883 6.215727418661118 64.62760673463345 119.2034279182553 458.2292258441448 1.95235575735569 0.1329355388879776 0 100.2198450118303 49.51988766342402 94.02737901359797 79.19987094402313 464.3625498041511 2712.710211113095 2377.436773039401 49.28542913496494 3652.770408444107 12.87282136082649 0.2114669382572174 5.361775666475296 3.587409257888794 45.76507437974215 0 0.7441362515091896 0.3926937207579613 2.407265715301037 1.292090207338333 317.6248045563698 4.448762826621532 2.51329118013382 1.643611133098602 0 0 0 53.60557179152966 0 0 0 0 0 0.3153755068778992 0 0 0 0 0 0.173754557967186 0.8973548114299774 0 0.175927072763443 0 0 0 0 0 0 0 0 0 0 0 0 0 0 0 0 0 0 0 0 0 0 0 0 1.26485700905323 0 0.1444849520921707 0.348844587802887 0.1432057470083237 0 0 0 0 0 0.1160234436392784 0 0 0 0 0 0.5048331618309021 0 1.162072062492371 0 0 0 0 0 0 0 0 0.2462756633758545 0 0 0 0 0 0.5874133557081223 0 0.8108190298080444 0.2533023953437805 0.5666384026408195 0.1735891401767731 0.6470456719398499 0.1627522557973862 0 0 0 0 0 0 0 0 0 0.1756868213415146 0 0 0 0 0 0 0 0.3454151451587677 0 0.2008071094751358 67.63798105716705 16.61067365854979 171.7526478394866 25.08736054599285 28.1674013659358 27.15700675547123 11.83340498805046 25.78895297646523 1.478257834911346 0 0.902693897485733 0 0 0.2430008351802826 0.1428138017654419 0 0.7385061383247375 0
179.8593820407987 1205.501714088023 545.9736516773701 146.6787853464484 4630.901343636215 37.33306793868542 2008.371719338 337.9880334660411 0 806.4577146321535 3086.073326304555 363.9596501141787 1673.992852754891 2001.827156640589 124.2241297885776 33.77127650380135 2.3962307497859 0.5915672928094864 0 1.846566334366798 14.18665812909603 0 11.70360540598631 5.322703965008259 16.45091436058283 3.153817906975746 10.79584357142448 1.595280677080154 0.2265573814511299 0.1247809454798698 64.77709862589836 6.018233507871628 41.84391435235739 1.035191252827644 6.448247238993645 3.678215622901917 10.90668365359306 3.436771973967552 8.009648896753788 7.167500175535679 4.053829446434975 1.158531241118908 0.3278369531035423 3.136781737208366 0.4572423845529556 0.4244960993528366 242.9585385322571 18.73973722755909 0.235366202890873 0.9459402114152908 2.176823489367962 0.2310599014163017 0 0.4961154609918594 0.7026730701327324 3.553624518215656 26.63972683250904 32.40465194731951 20.82568074017763 43.27412366122007 2.299476973712444 4.811391964554787 0.7186281904578209 9.426434822380543 2.578596755862236 4.031502656638622 3.101651176810265 4.871382281184196 4.662428058683872 15.11168516427279 28.43114930391312 6.396285653114319 0 104.3128116950393 22.34236478060484 172.9909785613418 77.75448613613844 10.57780513167381 2.9142085313797 432.7624707296491 1.453814655542374 16.3204106464982 21.66056693345308 0.2725548073649406 3.318675324320793 5.021858185529709 5.31121539324522 0 2.238576218485832 0 0.543101854622364 0.3641133680939674 23.89811034500599 1.036544814705849 0.908260889351368 262.8203140944242 0.5979036688804626 0 0.5504668653011322 13.87415084987879 0.7857797294855118 1.571105226874352 12.56460396945477 2.80865740776062 6.529271945357323 52.71646319329739 2.960481688380241 8.267040818929672 49.77055515348911 57.955377176404 6.35104264318943 61.01992747187614 104.6900929957628 93.92739349603653 80.74977299571037 0.3332642167806625 0.2773965895175934 0 0.1509422808885574 0 0 0.1384547203779221 0 0.1400178819894791 0.570887416601181 0.1830598115921021 0.5120333880186081 0.3163339793682098 0 0.1598384231328964 0 0 0 0 1.942045643925667 1.635882079601288 0 0.6930665969848633 0.4553273767232895 31.59917508065701 2.2037203758955 66.00764074921608 2.221731178462505 1.83971880376339 0 0.3489181101322174 0 0 0.1467989832162857 0 0 0.1927837580442429 2.737288482487202 0 0 0 0.2005709260702133 0 0 0 0 1.547028660774231 0 0 0.3085417449474335 0.8995424211025238 38.59180480241776 0.3486718237400055 0.3505776822566986 0.3284154385328293 0 0 0 0 0 0.2856064885854721 97.07004205137491 0.2094191908836365 0 0.08822903782129288 0 7.076767116785049 2.922871865332127 8.69078317284584 0.443314403295517 0 0.541705995798111 0.8422873020172119 1.163096874952316 0 0 0 0 0.110108807682991 0 0.3407789170742035 0.2077793329954147 68.96108146011829 3.947668552398682 9.596991829574108 566.0607117861509 32.08203980326653 587.0087900236249 90.1899212449789 200.104791149497 98.00121480226517 30.82967872917652 202.2148599997163 15.69977853447199 2.763794302940369 7.316970072686672 1.176189191639423 9.616332292556763 0.8585082292556763 0.4282569885253906 1.554148092865944 5.47363768517971 0
1435.923939578235 613.3449914231896 15.20247358828783 2191.03012689203 760.3557124137878 1275.578517362475 2472.106122665107 2.062712199985981 806.4577146321535 0 151.5611420869827 1279.924799904227 5883.705425538123 214.154577665031 39.20714259892702 8.760874852538109 1.566010981798172 0.1668631732463837 0 0.4430359452962875 1.446986496448517 0 1.262298464775085 0.9031845033168793 1.02082147449255 0 1.457734853029251 0 1.16510271281004 0.1953905522823334 8.105027906596661 1.184732265770435 35.74246364831924 0 0.3534734100103378 0.7396464645862579 32.48131392896175 3.241721823811531 5.495467156171799 1.097167007625103 0.5357276871800423 0.1357781141996384 0 1.252355188131332 0 0.5296702086925507 156.0592486262321 16.61806058883667 1.466789588332176 0.3003145456314087 1.004444427788258 0.133714348077774 0 0 0.5642463713884354 3.856767073273659 74.7663846090436 58.4317344352603 25.29442864656448 44.46345220506191 0.9269143640995026 0.264392763376236 0.536294013261795 2.999040044844151 2.584061458706856 2.819412849843502 2.91458735615015 2.356688514351845 1.436693705618382 1.993010967969894 310.5927418172359 7.389831408858299 0 148.1075703054667 8.093504227697849 96.300662137568 18.4198899269104 1.454670935869217 0.7067959308624268 9.289169833064079 1.497444346547127 3.49669886380434 34.53073134273291 0.5231504142284393 4.148011535406113 3.833040073513985 3.124800235033035 0 1.316084943711758 0.338672824203968 0 0 4.034954190254211 0 0.4835150390863419 704.1171796768904 7.611337542533875 0 0.8995684385299683 427.8031775131822 0.4682841897010803 4.470316678285599 15.58769774436951 4.530956774950027 3.8691436201334 55.24874249100685 4.805516466498375 15.02145455777645 57.33305530250072 89.24126520752907 8.804519355297089 75.70414577424526 146.5928399711847 110.4617532193661 85.39837674796581 0.4207521826028824 1.753590404987335 0 0.1561874002218246 0 0 0 0 0.3332609832286835 0.1650082468986511 0 0 0 0 0 0 0 0 0 4.770945310592651 0.2478439509868622 0.4859485924243927 0 0.3056039810180664 26.19043880701065 0.5035577416419983 52.80590413510799 2.131533935666084 1.178133800625801 0 0 0 0 0 0.1694315969944 0 0.4842264652252197 1.055635347962379 0.1656014174222946 0 0 0 0 0 0 0 0.6927838027477264 0 0 0.7608147114515305 0.8487182855606079 46.7754994481802 0 0 0.2422895431518555 0 0.1128055602312088 0.2142505198717117 0.1257436275482178 0 0 103.7324161231518 0.2226643413305283 0 0.3266857862472534 0 5.459908530116081 0.9742255210876465 4.103856459259987 1.193513154983521 0.1349432319402695 0.4319358170032501 0.163857489824295 1.421053647994995 0 0 0 0 0 0 0 0 75.53465822339058 6.21007739007473 10.03780317306519 506.5726740136743 19.5296580567956 449.6937649101019 60.6266338378191 1268.915864862502 99.18781872093678 22.59104885905981 152.8949662521482 14.87516586482525 0.6098829507827759 7.400134846568108 0.9811994135379791 10.72923174500465 1.295287430286407 0.4149060100317001 0.8738856017589569 2.259785875678062 0
715.064326621592 1711.296655863523 3734.510253623128 20.60421105474234 1959.273411139846 6.67832338809967 178.3338804394007 1452.730648830533 3086.073326304555 151.5611420869827 0 181.3509006202221 795.9494059309363 3873.133975207806 120.2587573751807 46.07395820319653 5.021903343498707 0.8642429262399673 0.3905281573534012 3.651958286762238 70.51835090667009 0 63.38100507110357 25.52853167802095 146.1939452439547 14.18899412453175 69.56956239044666 3.6699133887887 3.371301524341106 0.2750710397958755 561.823400169611 50.92240278422832 307.3089601397514 6.189722254872322 34.86516706645489 36.58053387701511 126.5861955061555 68.52191433310509 38.26191525161266 70.72895608842373 20.98315721750259 8.586616851389408 1.071257993578911 9.53388275206089 0.820064440369606 2.498574554920197 187.4960087016225 12.03278765082359 1.441298313438892 2.632282309234142 6.207547068595886 0 0.5255420655012131 0.635967418551445 0.3841460049152374 4.213760495185852 29.95795436948538 93.17877222597599 16.48671264946461 32.99351804703474 4.118139661848545 43.90187426656485 5.298336654901505 13.93809973448515 2.309996843338013 5.00733894109726 2.35206850618124 8.084191881120205 13.04282468557358 74.75865081697702 59.06075315922499 11.64824016392231 0 105.6303578317165 26.5159560739994 162.3745240047574 75.94619437307119 15.65803195536137 209.928638651967 1865.760408073664 1.599090918898582 236.2942234575748 16.34282437711954 0.112569272518158 2.869381368160248 3.46772713214159 6.709383621811867 0 1.105803452432156 0 0 1.055195868015289 103.0251020342112 3.44185009598732 1.9989013671875 86.09597030282021 4.277627944946289 0.1146795600652695 4.629284560680389 61.26888314634562 0 1.605800032615662 1.187571585178375 1.113473296165466 4.105629816651344 10.16250925511122 0.282834380865097 0.6786104589700699 7.261332824826241 15.41599959135056 1.042015343904495 13.2002749145031 22.72911889851093 17.44486570358276 22.81901144981384 0.4080860465764999 0.3323250710964203 0.1619740724563599 0.7601804137229919 0 0 0 0 0 0 0.4062531590461731 0 0 0 0.7458889484405518 0 0.1984240263700485 0.2260426729917526 0 0.2845343947410583 0.1270653754472733 0 0.1965030878782272 0.2303854376077652 10.77359958738089 1.169569134712219 25.8364977017045 2.197881661355495 0.8666523694992065 0.4609662294387817 0.1631246507167816 0 0 0.1672696471214294 0.9398213922977448 0 0 0.4598422199487686 0 0 0.1679220199584961 0.6687385141849518 0.6031721085309982 0 0 0 0 0 0 0.2221268862485886 0.3774262964725494 14.50697308778763 0 0 0 0.1540199220180511 0 0.4341124296188354 0.1035456880927086 0 0.3686558604240417 31.27637188881636 0.2351429611444473 0 0.5598055198788643 0.9162975698709488 3.621826589107513 0.5755146741867065 0.4767256528139114 0 0.1698785573244095 0 0.3066385686397552 0.1989732533693314 0.3405448198318481 0 0 0 0 0 0 0 22.15752474963665 2.758490294218063 5.246741503477097 291.1050184369087 21.16787273436785 371.6348331645131 55.14377407729626 99.27031885832548 55.75721745193005 16.95258995145559 101.5292059108615 7.990627139806747 0.6077254265546799 2.501319356262684 0.6307484731078148 3.488307327032089 0.294272854924202 0.456243023276329 1.286356717348099 2.400819957256317 0.2135550677776337
25.02867545187473 23.82546082139015 4.24712561070919 174.5621845424175 67.87061703205109 283.5413071811199 383.9402325749397 1.479962348937988 363.9596501141787 1279.924799904227 181.3509006202221 0 2362.42311681807 73.69796451926231 13.9067562893033 10.99436931312084 1.433265194296837 0.305133193731308 0 0 1.199970901012421 0 1.404815018177032 0.4660666286945343 1.464198261499405 0.5634548366069794 2.0994553565979 0 0 0 0.4251380860805511 0.2761920988559723 16.72265011072159 0 0 0 55.17581887543201 1.027403712272644 14.26725822687149 2.062460765242577 0.230872318148613 1.392659068107605 0 1.336892917752266 0 0.3813828974962234 23.38016007840633 0.1904962509870529 0 0.4134076535701752 0.2239805608987808 0 0 0 0 0.1104785278439522 4.470424652099609 0.271162360906601 2.327037863433361 1.518883220851421 0.3040550053119659 2.015045300126076 0 0.8029191792011261 0.1442127376794815 0 0 0.1456476151943207 0.4185676574707031 1.259048864245415 345.9397579878569 6.135854735970497 0 6.222016744315624 0.2441704049706459 8.274702854454517 5.818695783615112 2.279458411037922 1.100775331258774 7.253457367420197 0.6243205070495605 3.659450352191925 0.7567528411746025 0 0 0.2015750408172607 0.7639948427677155 0 0 0 0 0 4.225534595549107 0.2173419594764709 0 1495.136479124427 11.16743931174278 0 6.604763776063919 34.30479103326797 1.245139226317406 4.290538847446442 12.92280860245228 5.251060307025909 3.022338077425957 50.16451141238213 5.226674452424049 10.99911877512932 52.13374237716198 59.48802806437016 5.19673016667366 66.10683681070805 107.008891031146 94.20801648497581 61.23554776608944 0.2046949863433838 0.1818936914205551 0.2637972235679626 0 0 0 0 0 0.5904781818389893 0 0 0.3181108832359314 0 0 0.2893378436565399 0 0 0 0 1.780414819717407 0.2800034582614899 0 0 0 19.24598944187164 0 29.33502861857414 1.180191293358803 0.6101215928792953 0 0 0 0 0 0 0.4208048284053802 0 1.026462331414223 0.1042314544320107 0 0 0 0 0 0 0 0.5223040580749512 0 0 0.3518290370702744 1.708883166313171 19.0964131206274 0 0 0 0 0 0 0 0 0.374494194984436 61.38704314827919 0.3475982844829559 0 0 0 7.017734572291374 0.5141886472702026 1.073338329792023 0.1344208121299744 0.1382934004068375 0 0.2677091062068939 0 0 0 0 0 0 0 0.1408295929431915 0 63.59170396625996 4.426444783806801 1.770980030298233 183.3840649574995 4.051056787371635 62.41680544614792 9.459880627691746 206.637837857008 8.845032960176468 1.539319321513176 34.76815237104893 16.07212530076504 0.5381003618240356 2.892515257000923 0.7550943568348885 5.478533610701561 0.1213594377040863 0 0.7753154635429382 0.6008828282356262 0
151.4868184626102 518.9894587546587 159.6947421953082 1609.181925229728 846.8940818533301 247.3679003715515 4181.5759870857 35.98171526193619 1673.992852754891 5883.705425538123 795.9494059309363 2362.42311681807 0 4960.723403446376 203.4649920761585 150.9044680595398 17.34408753365278 1.697118379175663 0.5074559301137924 2.074471093714237 33.07350116223097 0.42340949177742 23.98640331625938 15.51696559041739 36.40824916213751 7.947511605918407 22.63581044971943 2.480430699884892 1.235514111816883 1.077233001589775 14.98972696065903 5.120354600250721 544.8229984343052 2.161037012934685 9.876616343855858 4.608145833015442 258.8433382511139 24.93954465538263 100.3157830312848 38.78572253137827 8.5049983933568 4.565734691917896 1.298141703009605 30.0373098179698 0.4440151080489159 5.922008670866489 234.5064101815224 8.796339303255081 2.471667021512985 2.516848117113113 4.211749941110611 0.633290633559227 0.7432302534580231 0.5254092738032341 0.2434802502393723 3.156005173921585 19.62830255925655 12.43094903230667 13.75817654281855 29.94134103506804 7.983188018202782 10.67887488752604 0.7682361751794815 6.550688661634922 2.059420555830002 2.579363070428371 1.85568792372942 12.83083797991276 11.70205950737 43.51331565529108 748.9005308374763 13.5649127215147 0 48.89655797183514 11.41575515270233 124.8205900266767 86.52071065455675 26.2336744889617 2.157943621277809 159.8065574392676 8.596172638237476 23.61739304661751 9.787917785346508 0 2.433674313127995 2.36313670873642 6.12714559584856 0 1.406946003437042 0 0.6186922490596771 0.1714520007371902 64.56891440600157 2.705982863903046 2.229341082274914 3126.724278703332 6.416602179408073 0 17.76823090016842 45.60033567249775 0.5946083068847656 8.552564963698387 25.05122254788876 7.217097133398056 9.803060486912727 111.196105837822 7.351417794823647 27.09719924628735 119.0811997354031 175.1310517042875 17.49878178536892 154.7114643156528 298.7837625443935 206.5930001884699 164.0502785742283 2.057983107864857 0.7149423062801361 0.2328854650259018 0.7379172742366791 0 0 0 0 1.572720587253571 0.348874494433403 0.1459420323371887 1.221740171313286 0.1541770547628403 0.5241241008043289 0.280093789100647 0 0 0 0 4.505299016833305 1.670853316783905 0 0 0.8343093544244766 59.04287851601839 1.995843917131424 120.5328638702631 6.528237029910088 4.363646194338799 0.3185292184352875 0.5906345844268799 0 0.4228475838899612 0.2131805121898651 0.8636785298585892 0.1378803700208664 1.177548453211784 2.897221580147743 0.1271305829286575 0 0.1481904685497284 0.6138268709182739 0 0.1048658266663551 0 0 0 0.2918305397033691 0 0.1848728358745575 1.862984880805016 64.45638461410999 0.4950654953718185 0.1557346433401108 0 0.1148482412099838 0.3898629546165466 0.2284029573202133 0 0.3994579315185547 0.9983605891466141 243.785400852561 2.21967177093029 0 0.1663125455379486 0.2332033812999725 11.26126861572266 4.935339599847794 8.592481762170792 0 0.3275372534990311 1.671439841389656 0.7180348783731461 1.168330274522305 0 0 0 0 0.1153877452015877 0 0.1577291786670685 0.7451063096523285 215.8577186539769 14.66987898945808 21.91700547933578 708.9581504315138 49.12581174075603 480.3257941678166 109.60495403409 340.9008538872004 75.5086909905076 29.30372674763203 268.6387182548642 16.90361279994249 3.821152582764626 6.973724223673344 1.684286907315254 8.710101589560509 1.476470604538918 0.1145453378558159 5.491969615221024 10.57278341054916 1.911109536886215
