0 2743.775015406311 472.9018399268389 2478.920213386416 862.3154698014259 141.7808142006397 937.6958332806826 11.89878384023905 296.0120566487312 3532.061953261495 124.4616918042302 166.936569750309 461.6451736539602 94.67262051254511 3.352800771594048 0.2777433916926384 0.1151824295520782 0 0 0.1059507206082344 0.1518926322460175 0.2245816290378571 0 0 0 0 0 0 0 0 473.9415058717132 0.6730656921863556 0.7176140397787094 0 0 0.2511605322360992 1.071470104157925 0.2515007555484772 0.2695107981562614 0 0 0 0 0.5969246625900269 0 0 25.05337847024202 11.53554754704237 0.2823628261685371 0.6474321335554123 1.142985962331295 0 0 0.1239401176571846 27.97768680006266 40.5681239143014 314.5793606340885 1079.885053113103 191.906910173595 14.4471830278635 0.2566911578178406 0.3845194727182388 0 4.892708010971546 16.31073035299778 6.688103504478931 0.1174817010760307 1.144134826958179 0.6961899101734161 0.4339937567710876 9.440546348690987 3.098535403609276 0 670.630191244185 47.49646153301001 36.80906667560339 7.170017816126347 0.1339775025844574 0.3662752062082291 6.033010095357895 0.1177078261971474 0.5637890473008156 28.21657808870077 7.008617393672466 7.820839405059814 4.142981804907322 3.010834135115147 0.7613397315144539 1.435433097183704 0.2783889025449753 0.3776567354798317 0.4494472593069077 0 0.1416806578636169 1.176554560661316 36.68385112285614 1.277256667613983 1.343767762184143 0.3146660923957825 1774.362736225128 0 0 0 0.5099513530731201 0 10.89883121848106 1.433184683322906 0.6729075014591217 3.498400434851646 4.902051538228989 1.718199014663696 9.261310815811157 10.73052987456322 10.11290322244167 1.51195327937603 0.414243757724762 0 0 0 0 0 0 0 0 0 0 0 0 0 0 0 0 0 0 0 0.3730446845293045 0 0.340336948633194 0 1.447941578924656 0 0.4740777015686035 0.7756274938583374 0 0 0 0 0 0.204354003071785 0 0 0 0.3495891392230988 0 0 0 0 0 0 0 0 0 0 0 0 0 0.7627068012952805 0 0 0 0 0 0.3621872663497925 0 0 0 3.831532493233681 0 0 0 0 1.210476696491241 0.9561142921447754 0 0.264578104019165 0.2086863815784454 0.4080316126346588 0 0 0 0 0 0 0 0 0 0 3.173037692904472 0.7214820235967636 0.6161663681268692 160.7033297792077 9.702274590730667 134.7165721133351 14.19650435447693 680.1173951625824 25.02087616175413 2.875310212373734 34.65009640902281 4.148757502436638 0.1421548426151276 1.264424502849579 0.4985511898994446 5.380115181207657 0 0 0.4839095026254654 6.923712447285652 0
2743.775015406311 0 2731.586330153048 698.8519891947508 13688.49861392379 122.8231999874115 7529.638276942074 68.18682654201984 1488.714935086668 614.106472633779 743.2344696745276 36.44546592235565 545.2200910076499 427.3099373281002 3.684560924768448 1.567908093333244 0.3174044042825699 0.246622197329998 0 0 0 0.3487472832202911 0 0 0 0 0.1477015614509583 0 0 0 2231.619186259806 0.8537518084049225 10.09061385691166 0.114515483379364 0 0 7.636314645409584 0.177290290594101 0.4762716889381409 0.3399888575077057 0.3815703019499779 0 0.1526995897293091 0.4321065023541451 0.1095023304224014 0.1876101046800613 34.23332288116217 8.802358999848366 0.1067469790577888 1.224069029092789 0.788986824452877 0.283313125371933 0.2859367728233337 0 15.72651828825474 25.40500640124083 129.5047055110335 895.1160773932934 96.0893002897501 15.94000419974327 0 2.012113653123379 0 15.08896009624004 13.08200396597385 4.272037267684937 1.023441553115845 0.8468521386384964 0.4051498621702194 1.009063519537449 20.2363253235817 0.9794321805238724 0 384.8264842927456 87.4216376170516 48.13800667971373 19.25797050446272 0.6552148535847664 0 22.55127353221178 0.1685647666454315 0.7243282943964005 24.97866413742304 4.241909503936768 4.805476628243923 3.806841388344765 3.643032662570477 0.276490606367588 1.253556251525879 0.2917653769254684 1.260171078145504 0.1109380424022675 0.1375219076871872 0 0.08814561367034912 28.38761106133461 0.7425085157155991 0.1515208780765533 0.4909954071044922 1547.148891977966 0 0 0 0.7943496704101562 0 87.91873916238546 0.3112033009529114 0 4.866719111800194 0.8709753155708313 0.1740009039640427 1.682180643081665 8.811495795845985 10.43458297103643 1.001796126365662 0 0 0 0 0 0 0 0 0 0 0 0 0 0 0 0 0 0 0 0 1.362827569246292 0 0 0 0.7108703553676605 0 0.3446330428123474 0.1341211348772049 0 0 0 0 0 0 0 0 0 0 0 0 0 0 0 0 0 0 0 0 0 0.1741014719009399 0 3.084507927298546 0 0 0 0 0 0 0 0 0 2.569215208292007 0 0 0 0 1.340795367956161 0.9568697065114975 1.118345558643341 0.3154045790433884 0.2553123831748962 0.7296231389045715 0 0 0 0 0 0 0 0 0 0 2.753650695085526 1.369087018072605 1.66078869253397 106.8051768317819 7.877722330391407 120.6993180587888 12.03627485781908 220.6866677701473 19.58119935542345 2.345596931874752 19.84090097248554 1.825710102915764 0.1141668036580086 0.7783526480197906 0 2.13719679415226 0 0 1.887706190347672 1.549713134765625 0
472.9018399268389 2731.586330153048 0 13.39154448360205 1284.825088553131 4.617298148572445 186.1360255181789 2306.341751396656 1810.042536437511 41.16891868412495 2959.517545394599 77.03502357006073 1338.022284962237 1494.68697181344 24.54072348773479 11.65656230598688 2.604524254798889 0.9866897314786911 0 1.238761678338051 3.041250333189964 0 0.4015421569347382 0 1.636888183653355 0.6696178615093231 1.195730268955231 0.154789611697197 0.4271475076675415 0.3022564649581909 5702.51888679713 302.653066560626 159.7211602404714 0.158992201089859 0.1528074741363525 2.103837683796883 63.62667697668076 3.879984781146049 6.639761462807655 2.352353781461716 4.662023268640041 0.5829871222376823 0.5503280162811279 6.046656496822834 0.2673028185963631 0.7044295147061348 41.86368121951818 8.072740793228149 0.4825732260942459 1.751488506793976 0.2615011185407639 1.958913311362267 1.067424967885017 1.532286949455738 13.49295433610678 22.8656841814518 143.906472787261 2313.190948791802 92.45621265470982 16.15466593950987 3.520489692687988 16.52368096262217 0.3938120603561401 375.1781408041716 9.362846568226814 4.557305172085762 1.316118061542511 0.5531472712755203 2.59490192681551 14.55005895346403 102.9327412843704 7.898973315954208 0.2722732424736023 414.6355413049459 183.9579251930118 61.38465581089258 45.36642948538065 7.482838697731495 0.3719973564147949 556.3942964375019 1.550391338765621 10.02019827067852 15.32214824855328 3.339576937258244 6.544837325811386 2.636494509875774 3.470487184822559 0.716212697327137 1.919614121317863 1.344999954104424 0.6898696720600128 1.396959505975246 3.911724984645844 0.2822916507720947 1.241228267550468 21.29320748150349 6.809902369976044 3.175102636218071 4.975549653172493 382.6710734888911 0 0 0 0 0 0.5186695009469986 0 0 0.4208075404167175 1.407394841313362 0.9905828833580017 4.963507816195488 4.779554814100266 8.108766987919807 2.33026922494173 0 0.586424246430397 0.1517093032598495 0.149331271648407 0 0 0 0 0 0.1660816669464111 0 0 0 0 0 0.2054286301136017 0 0 0 0 0.9861106425523758 0 0 0 0.8430416136980057 0 0.3072722628712654 1.517628453671932 0.1521696001291275 0 0 0 0 0.1482527554035187 0.2523549422621727 0 0.9961977899074554 0.2538535892963409 0 0 0 0 0 0 0 0 0 0 0 0.33261738717556 0 1.311426058411598 0 0 0 0 0 0 0.1020063310861588 0 0 6.368434645235538 0.49783855676651 0 0 0 2.208677798509598 0.720704659819603 1.211136221885681 0 0.3497449457645416 0.178327277302742 0.2361860424280167 0 0 0 0 0 0 0.1667915731668472 0 0 2.48918043076992 2.615143202245235 2.267767854034901 138.3829475566745 14.40093687176704 117.1509075537324 22.0942510664463 68.64571107178926 20.42137142270803 2.279624007642269 30.71101737767458 3.283030167222023 0.725228488445282 0.8126069456338882 0.118536002933979 0.7384414076805115 0 0 2.843608558177948 4.221700541675091 0
2478.920213386416 698.8519891947508 13.39154448360205 0 274.101595506072 338.9412429183722 1585.756729058921 1.426967158913612 112.1006235852838 2401.699871122837 3.519749164581299 370.7021494880319 1129.596995800734 55.0911328792572 5.707850597798824 1.386677004396915 0 0.3672327101230621 0 0 0.3328523933887482 0.1741071790456772 0 0 0.1307910531759262 0 0 0.1194532439112663 0 0.1484458595514297 23.42866823077202 0.3610931187868118 0.2815482318401337 0 0 0 4.075863160192966 0.1835970729589462 0.7002750337123871 0.2435917258262634 0 0 0 0.545628696680069 0 0 36.28331274539232 5.408897757530212 0.1027545928955078 0.3726230934262276 0.2458829581737518 0.2882480323314667 0 0.9396068006753922 7.01766175031662 19.61614179611206 37.50770575553179 93.07106699049473 32.68156276643276 10.19421276450157 0.1291013658046722 0.4518912062048912 0 14.59192667901516 7.064780473709106 2.555987365543842 0.7144283726811409 0.8358705639839172 0.3574895709753036 0.5001515746116638 23.38663296401501 0.7933735251426697 0 123.9936771765351 49.64557991921902 38.70620623975992 19.99874975532293 0.9671137407422066 0.1341443508863449 1.173775814473629 0.2434142082929611 0 10.57296995818615 2.561790101230145 3.014079257845879 1.826314315199852 2.394289553165436 0 0.864976204931736 0.4697150364518166 0.2350384518504143 0.3044673204421997 0.584201768040657 0 0.3705808818340302 110.5560657382011 1.508374512195587 0 0.3219372481107712 353.8902859836817 0 0 0 2.486781150102615 1.071834862232208 25.17858326435089 4.745661616325378 0 4.931250229477882 4.239771828055382 2.309562131762505 22.40162588655949 34.72971722483635 29.67373642325401 7.618456527590752 0.2455849200487137 0.3172119557857513 0 0.2298999577760696 0 0 0 0 0 0 0 0 0 0 0 0 0 0 0 0 2.554075062274933 0 0 0 2.676685303449631 0 2.573280438780785 1.599247664213181 0 0.2468287199735641 0 0 0 0 0 0 0 0 0 0 0 0 0 0 0 0 0.1683709323406219 0 0 0 0.8913193345069885 3.022795677185059 0 0.5335588008165359 0 0 0 0 0 0 0 13.11214727908373 0 0 0 0 5.501160174608231 2.741760984063148 2.148330345749855 0.8897431045770645 0.6870835572481155 0.9168888032436371 0 0.3070485293865204 0 0 0 0 0 0 0 0 11.2629718631506 3.928923025727272 2.510457664728165 143.2045896574855 4.490698494017124 108.0215983316302 12.54100808501244 231.3503234833479 18.70983000099659 1.455435916781425 23.32059470564127 9.86960580945015 1.182494819164276 4.804560750722885 0.8883103430271149 11.57673092186451 0.778251588344574 0.1404906958341599 4.24144658446312 4.739939995110035 0.3939886093139648
862.3154698014259 13688.49861392379 1284.825088553131 274.101595506072 0 51.48220461606979 11077.61819148809 17.10659943521023 6073.183875970542 538.939224332571 142.7494139820337 8.835914202034473 1306.321931272745 303.8771889954805 22.38833778351545 5.31696542352438 0.4527432471513748 0.7567005828022957 0.1019972041249275 0.6966262608766556 0.5571484267711639 0.1940518319606781 0.2841733917593956 0 0.3409208431839943 0 0.1197376474738121 0.3977554440498352 0.9344434291124344 0.263426885008812 612.528441734612 4.383551180362701 1.951166674494743 0.2895637303590775 0 0.3224649578332901 3.677874438464642 0 1.674243770539761 0.6132450476288795 0.5885018408298492 0.9995197430253029 0 0.1393206566572189 0.3779439926147461 0.1775684058666229 137.100054897368 23.83038699626923 1.537862099707127 1.45872288942337 2.774621531367302 0.5630981251597404 0 1.006598718464375 29.00041574984789 55.85479807108641 70.69963429868221 537.8576561138034 85.42287489026785 61.96138542890549 0.5615779235959053 0.2080245465040207 0 103.7814343497157 33.32037933915854 12.45216377079487 2.236535966396332 4.170679911971092 1.162647306919098 2.012122340500355 11.99614988267422 1.892759159207344 0 391.3958055749536 318.8003410249949 206.9198238402605 106.7055865675211 1.543215334415436 0.5735735669732094 1.69383280724287 0.3937601000070572 1.419324174523354 36.224495485425 10.28179939091206 14.96678841114044 8.434665650129318 9.220034539699554 1.414105355739594 3.488304458558559 0.3860769122838974 3.914345942437649 1.911427840590477 1.960598677396774 1.996825374662876 4.965434767305851 47.8171296864748 0.6991924941539764 0.1384022980928421 0.9872134625911713 204.8536330163479 0 0 0 0 0.37601438164711 12.3575419485569 1.026421144604683 1.603741079568863 4.82133349776268 6.504873245954514 0.811380460858345 15.28681987524033 34.15155106782913 25.55123313516378 9.595126658678055 0.4382176697254181 0 0 0 0 0 0 0 0 0 0 0 0 0 0 0 0 0 0 0.1546335369348526 4.815593525767326 0 0 0 4.188932336866856 0 2.183739513158798 1.698501855134964 0 0 0 0 0 0 0 0 0 0.7409833371639252 0 0 0 0 0 0 0 0 0 0 0 0 0.5355391800403595 1.421870663762093 0.4432408809661865 0.1152984648942947 0 0 0 0 0 0 0 14.2410866394639 0.3017811179161072 0 0.1278737187385559 0 4.009766057133675 1.855314053595066 2.343959517776966 0.2878897786140442 0.4740797877311707 0.5345901250839233 0 0.3475384116172791 0 0 0 0 0 0 0 0 14.36999152600765 3.202924281358719 3.960148125886917 266.2553314715624 44.44529940932989 337.8054939880967 36.09308407455683 119.0196464508772 62.17411760985851 8.126052357256413 54.0449191108346 7.36125236004591 0.366609513759613 3.068008124828339 0.2509532943367958 7.911125138401985 0.2568115890026093 0.5087167620658875 8.475600227713585 4.800866723060608 0
141.7808142006397 122.8231999874115 4.617298148572445 338.9412429183722 51.48220461606979 0 169.526182025671 0.4575905501842499 56.2089269310236 1032.760518625379 4.292337626218796 243.5117563307285 328.2213236540556 39.32544379681349 0.8913575112819672 0.7437867894768715 0.1560128331184387 0 0 0 0.1085525676608086 1.781945139169693 0 0 0.1559776365756989 0 0 0.1142298206686974 0 0 6.111412823200226 0.1607066094875336 6.297290176153183 0 0 0 10.10576441884041 0.2115734368562698 2.835226163268089 0 0 0 0.152631402015686 0.3109064847230911 0 0 6.280109599232674 2.016088411211967 0 0 1.135886125266552 21.99956452846527 0.3830192387104034 0 4.85106947273016 7.729399904608727 192.639561124146 108.5232660621405 23.51393407583237 3.268816411495209 0.1627116650342941 1.756112083792686 0 1.160265661776066 2.107341177761555 0.6236221045255661 0.4373954385519028 0.8129847422242165 0.1365469694137573 0.1154094040393829 188.0799660980701 243.6528949737549 21.82361713051796 91.07995313405991 12.1389082223177 6.984183728694916 4.002818286418915 0 0 2.788013651967049 0 0.5036308020353317 5.966022349894047 1.991426475346088 1.583410769701004 0.9314280450344086 0.9224539250135422 16.11044782400131 13.55368497222662 46.58118459582329 3.444539472460747 11.23046720027924 0.1267577558755875 1.726353511214256 0.5070023015141487 592.4271818101406 174.6160966455936 62.60858556628227 19.03678596019745 623.7623153105378 0 0 0 0.7275374531745911 0.2305866181850433 5.521740272641182 0.5989723801612854 0 4.684131979942322 1.425936818122864 0.6541637778282166 3.876344531774521 7.095273122191429 8.364171251654625 0.5085218250751495 0 0.1729308068752289 0 0 0 0 0 0 0 0 0 0 0 0 0.1599902361631393 0 0 0 0 0 0.5300547927618027 0 0 0.7387216687202454 2.116394132375717 0 0.531485378742218 0.5989946275949478 0 0 0 0 0 0 0 0 0 0 0 0 0 0 0 0 0 0 0.2649055123329163 0.2704621851444244 0 0.1499780118465424 0 0.8094855099916458 0 0 0 0 0 0 0 0 0.7593932449817657 1.984597966074944 1.34892812371254 0 0 0 1.025943905115128 0 1.616912066936493 0 0 0 0 0 0 0 0 0 0 0 0 0 2.247058480978012 1.603933915495872 0.7566803991794586 46.92551509290934 1.815903700888157 28.66551914811134 2.084165580570698 298.1025413945317 4.888503387570381 1.029601827263832 5.024896062910557 2.479111298918724 0 0 0.1543087512254715 5.097732901573181 0 0 0 3.346182078123093 0
937.6958332806826 7529.638276942074 186.1360255181789 1585.756729058921 11077.61819148809 169.526182025671 0 7.418462887406349 2858.260026447475 3201.568980395794 20.84642088413239 26.91257561743259 1534.324208170176 25.7713463306427 30.91720559448004 7.395956419408321 0.495236948132515 1.631796613335609 0.1086702942848206 0.3552629426121712 0.6801909506320953 0 0.3234029114246368 0 1.057129047811031 0 0.7272506654262543 1.27456733584404 0.8765179514884949 0.1089079454541206 262.9979453533888 6.363450899720192 2.893364317715168 0 0 0.281617671251297 7.408961370587349 0.3379861265420914 4.95715320110321 0.6009386032819748 0.3173004537820816 1.543510407209396 0.3434709012508392 1.590669080615044 0.09923213720321655 0.2272308617830276 200.6333693116903 33.33631160110235 1.924389101564884 1.110031321644783 2.643726900219917 1.033826872706413 0.1366301476955414 2.210782840847969 40.60628145188093 75.31916303187609 92.13724537193775 555.7435709908605 128.3308106735349 82.19962855428457 0.6503791064023972 0.3313471227884293 0 129.9447941184044 42.65052575618029 17.19656904786825 2.527879022061825 5.83321937918663 0.9159874022006989 4.208867810666561 26.63819042593241 3.085528686642647 0 546.8990696668625 424.1375426873565 281.8453839197755 147.9221244007349 4.028453350067139 0.206692710518837 8.315464287996292 1.452513910830021 0.9269148111343384 57.18062033504248 12.30502011626959 17.10161045193672 9.462898232042789 13.96821182221174 1.481652349233627 6.993152067065239 0.9256841540336609 3.110894553363323 2.067281790077686 2.221412889659405 0.8586519658565521 3.964805819094181 143.5390280783176 2.362984895706177 0.9298932105302811 6.964670836925507 188.0510234981775 0.183847650885582 1.676742374897003 8.392640560865402 6.976915955543518 0.4564857482910156 80.56975488364697 6.930958867073059 13.69081820547581 32.20316056907177 22.5655695348978 3.671601116657257 61.15086609125137 84.12968611717224 56.84316718578339 13.53741532564163 0 1.031512275338173 0 0.1752418279647827 0 0 0 0 0 0.1721536368131638 0 0 0 0 0 0 0.7661237716674805 0 0 0.7763624936342239 7.012914940714836 0 0 0 7.015420041978359 0 4.034520849585533 2.706569224596024 0.3352917432785034 0 0 0 0.2339452058076859 1.4077168405056 1.343828350305557 0 0.6355565637350082 1.283626571297646 0 0 0 0 0 0.4378013610839844 0.2526096701622009 0 0 0.6136067733168602 0 0.718858003616333 1.758269786834717 7.58998167514801 1.452177047729492 0.5614390075206757 0.1069710403680801 0 0 0 0 0 0.249417707324028 40.38429621607065 0.9528144299983978 0 0.1014261692762375 0.1146122738718987 9.07411353290081 2.500409096479416 5.044520378112793 4.013229757547379 1.818692699074745 2.335253477096558 0.9124411791563034 0.2519688010215759 0 0 0 0 0 0 0.08674081414937973 0 25.37249919772148 7.090262815356255 7.818113461136818 494.9520871564746 54.45835602283478 567.568066842854 59.75108803063631 274.056957423687 92.76614928245544 8.533805586397648 113.5045099779963 18.97974962741137 1.531481683254242 12.16528759896755 3.802945271134377 27.46889324486256 2.00753465294838 0.1240407899022102 11.08074925839901 8.906283907592297 0
11.89878384023905 68.18682654201984 2306.341751396656 1.426967158913612 17.10659943521023 0.4575905501842499 7.418462887406349 0 827.686714053154 6.420644246041775 3769.425700597465 35.72699652612209 616.5499169006944 1006.687623374164 43.22855690866709 41.89373029768467 9.159887202084064 5.545422486960888 0 18.5300784856081 36.29634859412909 0.7539943605661392 14.30148114264011 2.06226646900177 15.64933208376169 0.1595112085342407 10.9404409378767 1.86823483556509 0.5450511425733566 1.485775962471962 1285.681904524565 2611.064795695245 249.2771143838763 1.603190347552299 4.769607052206993 28.78995560854673 271.3790122941136 38.56342127919197 44.70667853206396 13.37601098418236 44.48717465251684 8.790006048977375 3.599797032773495 24.86462173610926 1.138048425316811 3.841909699141979 49.72139230370522 4.997382752597332 1.382579922676086 5.672346740961075 2.192579828202724 3.560027651488781 2.568384006619453 3.784192755818367 3.65998400002718 8.862710222601891 29.04129535704851 476.6114968433976 22.90575205534697 9.184153065085411 29.7727659791708 153.9447441771626 4.041452184319496 524.9259934425354 3.32090713083744 1.256522864103317 1.633113861083984 2.004406429827213 27.36552281677723 134.6324591562152 130.6512988433242 15.55352885276079 0.3881747201085091 102.5098490193486 136.5249576568604 56.36251232028008 125.2458708435297 21.05599284172058 219.1972690820694 4383.101106517017 29.02791122347116 1244.910476967692 7.138390503823757 1.221550166606903 1.537630267441273 1.267547458410263 10.50818778574467 1.289707027375698 2.227216683328152 1.504662126302719 2.487881302833557 0.8524215966463089 27.41758790612221 1.532646358013153 5.203053906559944 13.9364607334137 5.486824259161949 3.939447924494743 21.99787081778049 33.3377203270793 0 0 0 0 0 0.750143751502037 0.211373582482338 0 1.542048633098602 1.19737982749939 0.1494293063879013 4.337583005428314 4.889383934438229 7.120948500931263 1.870406426489353 0.4173037856817245 0.264626756310463 0 0 0 0.1433197408914566 0 0.6582642197608948 0 0 1.261924922466278 0 0 0 0 0.3730722814798355 0.2589730322360992 0 0 0 0.3752083033323288 0 0 0 2.215072549879551 0 1.815266706049442 1.938888981938362 1.191715054214001 0.175010934472084 0 0.504049077630043 0 0.3125746101140976 1.187450140714645 0.2460303008556366 0 1.121394298970699 0 0 0.1885123401880264 0.1372807621955872 0.9205596446990967 0 0 0 0 0 0 0.8715286627411842 0.5062215998768806 2.295232139527798 0.6948138922452927 0 0.102252297103405 0 0 0.1502775400876999 0.133504182100296 0 0.3180620819330215 6.746870569884777 3.290431499481201 0 0 0 2.906973913311958 1.593820214271545 2.214156344532967 0.1608601659536362 0.8745162189006805 0.1184997707605362 0 0.1719935834407806 0 0 0 0 0 0 0 0 2.191490888595581 3.889529168605804 3.40146267414093 177.4790547788143 25.2905541062355 130.3486843854189 26.03116303682327 22.60514452308416 14.68437592685223 1.627164512872696 37.89210488647223 4.099587753415108 0.3033697158098221 1.553744956851006 0.2622339352965355 1.719171524047852 0.5879672914743423 0 4.408273912966251 5.594489701092243 0.1855050325393677
296.0120566487312 1488.714935086668 1810.042536437511 112.1006235852838 6073.183875970542 56.2089269310236 2858.260026447475 827.686714053154 0 898.6233423128724 4293.747908890247 35.0134656354785 7151.413680694997 4178.372214570642 45.59142835438251 16.94367085397243 0.4988764151930809 1.877228334546089 0 0.9139261469244957 0.7134641408920288 0 0.3824985176324844 0 0.6024940088391304 0.1231060400605202 0.9740836545825005 1.11574774235487 1.326709672808647 0.3869013711810112 460.8065533488989 8.850339330732822 29.29669975489378 0 0 0 7.969061456620693 0.6081872582435608 3.651222787797451 1.559235967695713 1.774539820849895 2.156092472374439 0.1732119470834732 1.708159744739532 0.2274384498596191 0.2834561318159103 177.8458863124251 19.29378176480532 1.58538094907999 1.956149645149708 2.410768434405327 2.107762590050697 0.1167964711785316 3.049614161252975 15.9056782796979 39.57863757014275 43.31742209196091 372.8620351105928 62.41566290706396 51.24461708962917 0.9561048299074173 0.8330074921250343 0.1744078397750854 129.030210018158 21.98678198456764 9.587811388075352 1.524963706731796 2.751677893102169 0.8673548176884651 3.109690681099892 43.50569211691618 3.619686365127563 0.1272197812795639 254.6607518419623 262.6772214248776 219.6547029465437 175.3978551924229 5.586879707872868 0.9871340170502663 45.12624128907919 1.283368736505508 1.216489776968956 23.21653168648481 7.745084315538406 9.285417221486568 6.905323766171932 9.953686095774174 0.9303337931632996 3.874329462647438 1.082916967570782 1.506494753062725 2.444275103509426 4.13539757579565 1.250322058796883 4.328999325633049 179.0498887002468 1.161766216158867 0 3.795968525111675 98.78922642767429 0 1.528372898697853 0.6182068437337875 2.326893001794815 2.860834628343582 13.91857020556927 10.11423452198505 1.565837427973747 15.5002361536026 19.16781686246395 3.843936532735825 64.96752299368382 117.7795254215598 76.52223340421915 19.98480439931154 0.7939441725611687 1.093431979417801 0.157710462808609 0.2068808972835541 0 0 0 0 0 0 0 0 0.1411531418561935 0 0 0 0 0 0 0.6925944611430168 12.55555167794228 0 0.1658577471971512 0 9.222268849611282 0.6188589334487915 4.094491943717003 2.22199334949255 0.4670762866735458 0 0 0 0.4342576563358307 0.4563966989517212 1.422288835048676 0 1.441643476486206 1.4030392318964 0.1384621858596802 0.5094547495245934 0 0 0 0 0 0 0.1125884428620338 1.629543334245682 0 1.275426357984543 0.8141960203647614 10.03149154782295 0.2018612027168274 0.2805163264274597 0.1035540774464607 0 0 0 0 0 0 44.20469994097948 1.122694492340088 0 0 0 10.56783159077168 3.717230975627899 6.24975822865963 4.927739381790161 1.833659514784813 2.276338517665863 1.179633662104607 0.7353119552135468 0 0 0 0 0 0 0 0 40.92543659359217 10.45515523850918 7.493810556828976 373.4424180313945 53.45216151326895 393.8607326596975 59.35971540212631 136.3887540474534 75.86905296891928 7.072928965091705 92.86998576670885 19.27375829219818 0.6089235842227936 7.341135777533054 3.59092853218317 37.48976741731167 0.36420938372612 0.371370255947113 17.7566782310605 10.27359095215797 0.7893806993961334
3532.061953261495 614.106472633779 41.16891868412495 2401.699871122837 538.939224332571 1032.760518625379 3201.568980395794 6.420644246041775 898.6233423128724 0 13.95206830650568 3329.836267396808 9773.124801643193 432.4311182573438 15.37262246757746 5.628795295953751 0 0.1902426183223724 0 0 0.7470663636922836 0 0 0 0.5464251786470413 0 0.1908058971166611 1.043530911207199 0.3672841191291809 0 36.09021631628275 1.390678890049458 1.008452601730824 0 0 0 17.05711269378662 0 1.791895017027855 0 0 0 0 1.16515826433897 0.2554139643907547 0.770502120256424 97.60840390622616 13.29904220998287 0.554707445204258 0.6620786115527153 1.16700129956007 1.664587870240211 0 1.062687560915947 22.51715016365051 36.2148532345891 131.803068511188 172.1022634208202 72.03713719546795 17.28558918088675 0 0.8879896104335785 0 29.55209866911173 15.98243057727814 6.111967027187347 0.7783907353878021 0.996377021074295 0 0.6050298288464546 188.9402266591787 26.45773829519749 1.449454829096794 298.7726556733251 126.8059058710933 97.54374693334103 48.47225131094456 2.151454985141754 0 5.754608787596226 0.1409037709236145 0.6143601387739182 30.58635701984167 4.995512865483761 9.312648005783558 3.598214328289032 6.850646033883095 0.4220312312245369 3.036378987133503 3.187002174556255 0.9769401922821999 0.246518574655056 1.688485965132713 0.3094682842493057 1.584835432469845 694.907618381083 22.95045576989651 3.35143618285656 10.84604609757662 825.2181819453835 0.1705168634653091 4.162004813551903 0.4896049797534943 9.983378618955612 1.461281552910805 72.68485863506794 29.40353471040726 12.37153431773186 35.21284645795822 31.01524955034256 13.23786792159081 170.480178669095 213.536085948348 185.7432433217764 43.37453125417233 0.8319176509976387 1.780127868056297 1.089682519435883 0.3991646766662598 0 0 0.7460290789604187 0 0.1160389184951782 0 0 0 0 0 0 0 0 0 0 1.009266674518585 18.00089731812477 0 0.1275473982095718 0 15.69627749174833 0 10.79258479177952 2.791750654578209 0 0 0 0 0 0.5003531873226166 0 0 0.8376544266939163 7.089238286018372 0.16089928150177 0 0 0 0 0 0.6990482807159424 0.3935294151306152 0.5037950277328491 1.064512655138969 0 0.4989210963249207 0.6726118326187134 17.0103767067194 1.209101423621178 1.596114382147789 0.6842103600502014 0 0 0 0 0 0.4586414396762848 57.14714282006025 1.472714021801949 0 0 0 19.97281002998352 8.042571648955345 10.22210854291916 5.877935081720352 5.655328363180161 3.935113608837128 0.5637374520301819 3.002342730760574 0.5459812432527542 0 0 0 0.1340197920799255 0 0 0 64.28419606387615 7.679822117090225 13.03984593600035 485.6513651907444 14.94916632026434 322.1067351102829 33.8116627857089 966.3720552846789 48.72825039923191 2.62558351457119 97.75996784865856 72.50089718401432 0.9078697115182877 21.33973054587841 3.420925684273243 95.77617825567722 2.392794489860535 0.283611536026001 14.94523058086634 125.6222177222371 0.2135645896196365
124.4616918042302 743.2344696745276 2959.517545394599 3.519749164581299 142.7494139820337 4.292337626218796 20.84642088413239 3769.425700597465 4293.747908890247 13.95206830650568 0 52.08295676857233 1828.544230610132 3274.063724711537 75.35139412432909 52.35666828602552 6.425996519625187 1.696791104972363 0 2.578968644142151 7.904842980206013 0.8243511021137238 3.547577366232872 1.180014222860336 11.02239315211773 1.112032048404217 4.855967111885548 2.278426244854927 1.029953122138977 0.7312815710902214 1168.092827677727 902.5204570218921 977.3694624528289 0.4747929871082306 0.1977950781583786 15.83400292694569 354.7510293647647 24.21500524133444 52.89065608382225 11.10223636776209 30.78816432505846 7.053922690451145 0.3181098848581314 26.48714528232813 0.7112599834799767 4.367829531431198 101.3390962406993 9.295717544853687 2.185213267803192 2.947874002158642 1.449283421039581 3.931073762476444 1.831779330968857 2.936329685151577 9.403563849627972 19.63796945661306 44.14362064749002 599.3076620623469 41.40170403569937 28.49397871643305 7.608211286365986 115.886185079813 1.693553850054741 227.804203517735 12.25866516679525 4.846123538911343 0.8775239884853363 2.300280511379242 8.057786382734776 59.01650443673134 256.1219522580504 26.37231728434563 1.029083892703056 191.5294340848923 201.7034326121211 130.9782178476453 158.3134200498462 23.35753683000803 3.54565092921257 1890.996950142086 5.400896817445755 9.984056457877159 13.60609972476959 4.306586548686028 6.492103673517704 4.589688412845135 7.371472835540771 1.714327126741409 3.461268700659275 3.531452432274818 1.876621760427952 2.09289738535881 9.459710843861103 0.7406391128897667 6.246178299188614 28.89823740720749 12.53297343105078 5.124382853507996 34.40553300082684 84.64223877340555 0 0 0 0.510360062122345 0.178228348493576 0.1547067016363144 0.1617218554019928 0.9519729614257812 0.4979268461465836 0.7267516702413559 0.5820238888263702 5.415509760379791 9.054761908948421 8.91552747040987 2.840735577046871 0.3383749723434448 0.1174032017588615 0 0.6042315363883972 0 0.1290561109781265 0 0 0 0.4552396684885025 0 0 0 0 0.3781593590974808 0.6978896930813789 0.4528829455375671 0 0 0.1451418250799179 0.5120085179805756 0 0.2064204961061478 0 4.295456573367119 0.1244290247559547 3.106106095016003 5.101326890289783 0.5491499826312065 0.6228473335504532 0 0 0.1157066598534584 0.3999225944280624 1.415411055088043 0.5491435378789902 0.1524631828069687 0.2448944747447968 0 0.1611081808805466 0.1454291343688965 0.2996934354305267 0.8310160934925079 0 0 0 0 0 0 0.528434656560421 2.053086571395397 4.855847604572773 0.2115766853094101 0.1881422847509384 0 0 0 0 0 0 0.6069780737161636 16.52596800029278 2.524156391620636 0 0 0.2546136975288391 3.010807871818542 1.094202734529972 2.924474351108074 0.7095044702291489 0.464542955160141 0.675447478890419 0 0 0 0 0 0 0 0 0 0 4.81060928851366 7.812003880739212 7.694695293903351 233.298197068274 35.58031409978867 230.2535826340318 44.31379474699497 43.51995583623648 35.12048780918121 3.896297909319401 58.82334400713444 3.827485129237175 1.32468780875206 2.362725265324116 1.267425388097763 4.272512346506119 0 0.4261397421360016 8.749496154487133 7.883692756295204 0.5661516040563583
166.936569750309 36.44546592235565 77.03502357006073 370.7021494880319 8.835914202034473 243.5117563307285 26.91257561743259 35.72699652612209 35.0134656354785 3329.836267396808 52.08295676857233 0 3316.769320562482 128.0561940521002 34.8829805329442 13.78587170690298 1.607298210263252 0.8092277646064758 0.6752778887748718 0.1396016329526901 0.327821359038353 4.049064666032791 0 0 0.5461367517709732 0 0 0 0 0 28.32963582128286 1.072798058390617 20.649598300457 0 0 0 25.84718962013721 0.7739415168762207 5.45298658311367 0.1618651002645493 0.8396871909499168 1.269343622028828 0.3498372882604599 8.856181472539902 0 1.013648554682732 46.62556942552328 2.387902297079563 0.1537028253078461 0.7432681173086166 0.330633245408535 17.94446381181479 5.225904688239098 1.193690836429596 3.934018284082413 6.694524206221104 13.98146801441908 25.83319642394781 10.03108924627304 5.029442824423313 2.117722645401955 2.063027009367943 0 9.923461332917213 3.018452949821949 1.291178569197655 0.2255794331431389 0.1428059935569763 0.3001775294542313 2.368411108851433 505.2096431851387 102.8620828688145 8.605498477816582 45.08157024532557 20.79562079906464 43.83526388555765 49.54816225171089 9.490859910845757 0.3079128935933113 6.659435376524925 1.102665290236473 1.046635925769806 2.871066652238369 0.9113620966672897 0.882696658372879 0.391024224460125 0.862722136080265 7.831216849386692 4.672356553375721 18.17392929643393 2.373905390501022 3.882622048258781 1.251108855009079 0.3196483850479126 1.804992444813251 1971.476059883833 161.2546412348747 53.04511222243309 32.52739256620407 72.80246663093567 0.3899898827075958 2.270396932959557 1.447773531079292 4.804280087351799 1.767780527472496 14.40075039863586 16.92848448455334 4.29176539182663 25.00739271938801 22.23388564586639 7.755464404821396 108.7568117156625 148.078781940043 156.6077393591404 38.59520114958286 2.690032228827477 2.840219348669052 0 0 0 0 0.852725625038147 0 0 0.9052982032299042 0 0 0 0 0.3332517594099045 0 0.3445093929767609 0 0 2.090897291898727 15.44705729186535 0 0 0.3913750052452087 22.58120133727789 0 9.839102081954479 6.697175517678261 0.9988825470209122 0.1299770772457123 0 0 0.4434012770652771 1.985220417380333 1.111442893743515 0.2079617977142334 3.197327271103859 5.128927707672119 0.6848095953464508 0 0 0.6866808235645294 0.8703553080558777 1.006363742053509 0.8623946383595467 0 0.7077668458223343 3.874399736523628 0 2.989380225539207 2.181818097829819 16.19324323534966 1.007488071918488 1.720760054886341 0.728569932281971 0.1350687742233276 0 0 0.2517433017492294 0 1.270994454622269 74.01262242347002 8.895849794149399 0 0 0.252763420343399 23.50320161879063 7.286955632269382 10.30880796909332 5.550980612635612 6.106679141521454 5.899254202842712 0.6300735026597977 0.9597484767436981 1.161962412297726 0 0 0 0 0 0.1067674458026886 0 57.15738125145435 22.80395632237196 18.25426825881004 318.4826720803976 14.96366649121046 126.0118779018521 26.00089117139578 193.7956148684025 19.64385328441858 1.725190803408623 70.40198037773371 37.69394920766354 1.184209764003754 16.96504361927509 4.975598312914371 52.53605519235134 1.645490035414696 0 11.85115974396467 48.31467965245247 0
461.6451736539602 545.2200910076499 1338.022284962237 1129.596995800734 1306.321931272745 328.2213236540556 1534.324208170176 616.5499169006944 7151.413680694997 9773.124801643193 1828.544230610132 3316.769320562482 0 4128.454193249345 196.4129660502076 83.29205359518528 10.21051154285669 3.935846626758575 0 2.885199815034866 2.794606238603592 3.933739811182022 0.7797641009092331 0.2052007168531418 2.838124997913837 1.468905702233315 1.696487709879875 3.23759500682354 2.453844927251339 1.595989927649498 374.7720217108727 18.41862827539444 627.8320243507624 0 0.2239322066307068 1.84594389796257 117.6440761238337 26.83707778900862 22.57433449476957 5.80297739803791 7.389219395816326 7.797643303871155 0.5679186880588531 33.2921040803194 0.6174783855676651 4.570254735648632 334.4380531087518 19.85122452676296 3.123791515827179 3.337935335934162 3.993203952908516 19.98676919192076 6.801307462155819 6.104268588125706 23.48607057332993 41.49916515499353 47.11224424093962 333.8273251950741 61.97022126615047 59.00705270469189 8.233293145895004 36.12886807322502 2.076786175370216 156.7385072782636 24.6502379104495 9.890983916819096 3.436565905809402 3.286949805915356 4.341737665235996 26.68562265485525 625.427858106792 99.46663357317448 7.269670531153679 272.7008783146739 280.2317957878113 363.0190319567919 431.0512399673462 51.03365258127451 1.127864047884941 223.9888554513454 5.77067544311285 5.870434939861298 29.64731650799513 8.294065944850445 10.14117807149887 6.180654689669609 13.38324518501759 4.839360013604164 7.6446238681674 19.07993780076504 3.77237743884325 5.420806266367435 10.70602724701166 1.931811481714249 10.67725671827793 2852.918066762388 118.6061826944351 50.25365805625916 69.65675463527441 151.4928980320692 1.113036200404167 4.789337918162346 1.675923481583595 10.89652907848358 3.191610187292099 30.76852697134018 30.28326642513275 9.088349908590317 56.36040772497654 55.26928615570068 15.12020573019981 244.9783874750137 353.7200883775949 322.396452665329 81.67325809597969 2.508183032274246 3.009404361248016 0.1858257800340652 0.8069720864295959 0 0 0.3700066953897476 0 0 1.554610878229141 0.165757030248642 0 0.304066002368927 0.2924367189407349 0.2531660795211792 0.3641713857650757 0.3676910400390625 0.1633231788873672 0 4.200768865644932 37.0136906504631 0 1.000118911266327 0 41.7489290907979 0.1551221609115601 21.92567735165358 11.46175157278776 0.7946269810199738 0.8976203501224518 0 0.5836897790431976 1.377969518303871 3.627620741724968 3.698673769831657 0.4170952588319778 1.603867709636688 11.09457106888294 0.3362661004066467 0.5686204358935356 0.8505908101797104 0.9767867028713226 0.4378713667392731 0.2150455936789513 0.1820636391639709 0 1.653100237250328 1.16289447247982 0 6.122753836214542 5.858232900500298 36.89521871507168 3.476156055927277 2.168179720640182 0.4759184345602989 0 0 0 0 0 0.5077577829360962 206.7464645504951 10.85801742970943 0 0 0 52.78739954531193 18.00123053044081 28.04692098498344 9.933298863470554 7.369409203529358 12.86556224524975 0.5950152277946472 6.223482564091682 0.2405523508787155 0 0 0 0 0 0.7239168882369995 0 157.3734622746706 48.76406921446323 40.70559361577034 1297.028144471347 119.0130887404084 840.3054166659713 174.0327323973179 376.113742955029 142.7665858343244 13.40557289868593 301.9684102535248 91.09105104207993 4.056692749261856 53.75150744616985 9.6089743450284 117.1274575442076 4.89276684820652 1.464359000325203 45.24272685497999 83.50881709903479 0.8172763735055923
