0 4256.418987825513 691.9603345692158 1216.910384237766 168.5093690082431 344.0860438346863 999.6307701170444 109.083088696003 82.82758311927319 1449.86981125176 444.2495739161968 169.8337688446045 403.2945686653256 286.0953291729093 0.7785124480724335 0.1369762569665909 0.1759730279445648 0 0 0 0 0 0 0.1351077258586884 0.1027336046099663 0 0.1960597932338715 0 0.1203486323356628 0.1736125349998474 236.1604593321681 2.797329619526863 4.67198670655489 0 0.2327902913093567 0 4.862295731902122 0.2813049554824829 0.1645006835460663 0.2675903141498566 0.484630674123764 0 0 0 0 0 13.03934717923403 1.225996345281601 0.1222604587674141 0.2668444216251373 0.12946517765522 0 0 0 2.147013574838638 2.706323519349098 286.8650150075555 468.9416319578886 48.33665128797293 6.845418386161327 0.104675404727459 1.939430266618729 0.2452668994665146 0.962759718298912 1.293163478374481 0.4266960993409157 0.6085271760821342 0.1017776727676392 0.1856943070888519 0.5800577402114868 3.767174631357193 0.3917892873287201 0 234.3805118128657 27.09999503940344 21.34457662701607 1.360586576163769 0.7629131972789764 1.590430684387684 31.82850234955549 0.5748917609453201 1.397526867687702 7.680270746350288 0.08924572169780731 0.6181470975279808 0.4079575538635254 0.5786880180239677 0 0 0 0 0 0.1639556437730789 0.2478011325001717 0 55.54396292567253 0 0 0 507.2496284842491 0 0 0 0 0 1.88815201818943 0.2892131209373474 1.719428420066833 14.27602525055408 0 0 2.956516116857529 2.406680107116699 2.592743039131165 0.2787890434265137 0 0 0 0 0 0 0 0 0 0 0 0 0 0 0 0 0 0 0 0 0 0 0 0 0.5573484003543854 0 0.650382436811924 0.464985266327858 0.3068784177303314 0 0 0 0 0 0 0 0 0 0 0 0 0 0 0 0 0 0 0 0 0 0 0 0 0 0 0 0 0 0.1279101371765137 0 0 1.27493180334568 0 0 0 0 0 0 0 0 0 0 0 0 0 0 0 0 0 0 0 0 0.4415103197097778 0.1697021722793579 0 36.43551980704069 5.498010061681271 51.94538081437349 7.851978503167629 839.1345490440726 17.70715092122555 0.9316930249333382 9.194432601332664 1.006171196699142 0 0.804033637046814 0 0 0 0 0 0 0
4256.418987825513 0 2073.743096671999 247.5280492603779 3559.971456453204 492.0131206810474 5207.929934553802 250.1906031668186 2245.843950435519 162.2458881065249 2127.686786435544 4.298114284873009 652.0506902635098 2548.855803824961 6.964394338428974 0.651741199195385 0.6008960008621216 1.37874922901392 0 0.5318755656480789 0.6055934131145477 0 0.4133241102099419 0 1.423143424093723 0.6334648728370667 0.3187967985868454 0.6081566140055656 0.870714008808136 0.1239620894193649 1052.720905721188 15.96303639560938 13.69606351107359 0.1335742920637131 0 0.4523201286792755 5.93599284440279 0.8292235285043716 0.3656738176941872 0.7334880530834198 0.8953456282615662 0.9259184896945953 0.2699814885854721 1.386343538761139 0.1007371172308922 0 187.6377180367708 12.80056391656399 1.580530092120171 1.616096787154675 2.55864705145359 0.1249309405684471 0.1328431069850922 0.8044032603502274 21.17775691300631 23.74359377473593 175.2042397111654 784.2275049909949 108.4198713302612 78.36379688233137 1.183129996061325 2.000931225717068 0.1298811286687851 41.47493181377649 13.0862737968564 5.264072552323341 4.150641389191151 1.056064493954182 1.396730780601501 0.251731351017952 0.7884109020233154 0.7648509740829468 0 1060.360339656472 173.7589952275157 234.2168982923031 22.59779437631369 2.714095458388329 4.470664143562317 58.21243902295828 1.556248985230923 6.026083707809448 59.61893752217293 1.067885033786297 8.846672169864178 9.5739361718297 6.888686455786228 0 1.700814232230186 0.4053733646869659 1.399807162582874 0.3098299130797386 0.263757660984993 2.031472265720367 1.296134531497955 81.28354345262051 0.4773584008216858 0 0 1403.164276532829 0 0.8592673689126968 0.5319405198097229 0 2.14092168211937 17.841303601861 3.535579711198807 6.308938562870026 12.52588039636612 3.61671257019043 0 21.77063854783773 18.71013389527798 15.36230184137821 10.86894057691097 0 0 0 0 0 0 0 0 0 0 0 0 0 0 0 0 0 0 0 1.325580030679703 0.2259676158428192 0 0 0 3.253868475556374 0 2.778752058744431 1.868837311863899 0.8448969423770905 0 0.187333732843399 0 0 0 0 0 0 0 0 0 0 0 0 0 0 0 0 0 0 0 0 1.307529523968697 0.4894360899925232 0 0 0 0 0 0 0 0.1642057299613953 12.05184072256088 0 0 0 0.540220208466053 1.562768295407295 0 0 0 0 0 0 0.2097316831350327 0 0 0.09830967336893082 0 0 0 0 0 10.84852509200573 2.129881009459496 0.6287527233362198 197.9660073965788 50.76439247280359 539.7956536188722 115.5143390893936 807.4479807391763 100.6475135535002 12.22015019506216 43.58773932605982 3.367911979556084 0 0.8470880687236786 0 1.312490105628967 0 0 0 2.284013159573078 0.6677855402231216
691.9603345692158 2073.743096671999 0 2.429710768163204 1160.195609219372 108.4440621733665 59.15185847878456 2670.834586933255 371.1931548863649 2.411208592355251 4307.131478086114 1.440445497632027 79.94993528723717 1091.237599000335 5.091048054397106 0.7864254862070084 1.102404057979584 0.9103483185172081 0 3.423776492476463 2.708383813500404 0 1.278226248919964 0.148615300655365 2.120316579937935 1.571219652891159 0 0.15610471367836 0.102540448307991 0.1180487647652626 2534.583266727626 569.4289586395025 29.6201550886035 0.6913196593523026 1.543054640293121 1.262934118509293 8.505760580301285 4.833649717271328 1.44722019135952 1.61773069947958 6.233069866895676 2.206824943423271 0.6665939688682556 0.823410727083683 0.2190801501274109 0 88.38957940787077 6.501008875668049 1.442991405725479 1.946535915136337 1.322706259787083 0 0 0.4889098107814789 10.75477319955826 9.231200166046619 125.6580527350307 1497.917314738035 57.03941927850246 38.99900582432747 2.255962543189526 11.97809086740017 0.9832176119089127 135.0365395918489 5.987858206033707 2.510320015251637 1.56526443362236 1.11622180044651 3.834326304495335 5.399715431034565 1.317355871200562 0 0 684.0778201296926 121.3212182074785 139.6325419843197 22.30873471498489 2.701731264591217 188.2544648349285 577.3404932618141 3.818787388503551 19.86462379992008 30.85365714877844 0.2225311994552612 3.827592797577381 4.105255834758282 3.560211665928364 0.1187099665403366 0.6718965694308281 0.2322592884302139 0.708626389503479 0.3926449865102768 3.963632561266422 3.570611797273159 0.3705531060695648 16.85171346366405 0.4267078936100006 0 0 1066.047354124486 0 0 0 0 0 0.7294232249259949 0.7319121956825256 3.835882067680359 0 1.055264115333557 1.25963681936264 3.849084660410881 5.614577353000641 6.046282976865768 3.948905766010284 0 0 0 0 0 0 0 0 0 0 0 0 0 0 0 0.1135128363966942 0 0 0 0 0 0 0 0 0.9272579848766327 0 0.2130662351846695 0 0 0 0 0 0 0 0 0 0 0 0 0 0.292425125837326 0 0 0 0 0 0 0 0 0 0 0.4170240461826324 0 0 0 0 0 0 0 0 0 4.069246552884579 0 0 0.1114876270294189 0.3874370902776718 0.4672402739524841 0 0 0 0 0 0 0 0 0 0 0 0 0 0 0 6.266196668148041 0 0.8625246733427048 91.69794451445341 20.16211334615946 247.0318102091551 45.67060995846987 339.2296507284045 42.63919323682785 3.68036688119173 21.92866297066212 3.0344368070364 0 1.724823974072933 0 0 0 0 0.4078686833381653 0.5637199282646179 0.4505030959844589
1216.910384237766 247.5280492603779 2.429710768163204 0 2.831291332840919 630.1781544983387 1376.172535717487 0.5161045491695404 28.08099390566349 1276.709418416023 2.594353385269642 239.9562797546387 1236.440246157348 18.79090512543917 0 0 0.1168373227119446 0 0 0 0 0 0 0 0.2650843486189842 0.1290826052427292 0 0 0 0 2.107252389192581 0 0.2372165620326996 0 0 0 0.2187536880373955 0 0 0 0 0 0 0 0.1336337029933929 0 11.42722119390965 0.4940399527549744 0 0 0.2182165682315826 0 0 0 1.825189732015133 1.047422811388969 39.82201610505581 123.7074309810996 16.40321603417397 4.455287627875805 0 0.289953887462616 0 0.7655255496501923 0.6574915274977684 0.1083807647228241 0.2899728119373322 0 0 0 0.317063182592392 0 0 127.810392819345 15.58018440008163 12.68845377117395 0.9573857486248016 0.1390718370676041 0.1787713617086411 0.6746871992945671 0 0.2430306300520897 5.497125186026096 0 0.2543392926454544 0.2777746692299843 0.5111616849899292 0 0.1259206533432007 0 0 0 0.1251156628131866 0.1882007569074631 0 60.32092143595219 0 0 0 139.845973469317 0 0 0.6209937930107117 0 0 5.436129108071327 0 6.338158369064331 15.28122800588608 2.815960913896561 0 8.258765876293182 0.6378762423992157 1.5309918820858 0 0 0 0 0 0 0 0 0 0 0 0 0 0 0 0 0 0 0 0 0.4553402960300446 0 0 0 0 0 0 0 0.2685011327266693 0 0 0 0 0 0 0 0 0 0 0 0 0 0 0 0 0 0 0 0 0 0 0 0 0 0 0 0 0 0 0 0 0 0.3253140151500702 0 0 0 0 0 0 0 0 0 0 0 0 0 0 0 0 0 0 0 0 1.355329185724258 0 0 23.00182714313269 2.336275517940521 30.61230510473251 4.322062350809574 243.7270499691367 5.703610599040985 1.472195252776146 1.243552729487419 0.1990527659654617 0 0 0 0 0 0 0 0 0
168.5093690082431 3559.971456453204 1160.195609219372 2.831291332840919 0 7.661892652511597 893.6483264118433 348.7840901389718 6731.06312815845 6.707253202795982 1224.126540370286 1.067596763372421 166.9846950396895 2824.375017024577 10.64060470461845 1.092819526791573 0.1368580013513565 1.221430405974388 0 0.3879679217934608 0.344627819955349 0 0.4634682238101959 0.09420832246541977 0.6457856148481369 0.6335584223270416 0 0.6269338950514793 0.4013776332139969 0.1157193705439568 54.29020374268293 19.04701793193817 6.256578028202057 0.1393934786319733 0.1550336480140686 0 4.154767416417599 0.6762188822031021 0.1492757052183151 0.8613876029849052 0.1225111857056618 0.2848144024610519 0 1.078802175819874 0 0.2840631157159805 211.3380020037293 7.87669824808836 1.231567285954952 1.008144557476044 2.617080114781857 0 0 0.4173700213432312 13.79703416675329 16.84138268977404 29.40473802387714 134.176879838109 31.53591273725033 66.87852045148611 0.8245685622096062 2.926606670022011 0 60.31271333992481 10.10038013011217 3.504322685301304 2.287992581725121 1.399336650967598 0.6686182096600533 0.6522509604692459 2.742570251226425 0.4358261823654175 0 371.4562645629048 86.50339187681675 188.7254921942949 50.55495645850897 2.839225232601166 1.427853435277939 5.033351890742779 2.08388414233923 2.822919294238091 48.6336227580905 0.7457848936319351 6.906147018074989 6.268321849405766 8.066158756613731 0 1.632222659885883 0 1.416160054504871 0.1180137619376183 0.1144770681858063 0.6435946151614189 2.187986344099045 102.2271492034197 0 0 0 46.90297093987465 0 0 1.702588260173798 0 2.49993696808815 18.0923755466938 3.947872638702393 22.38848051428795 0.7590806782245636 3.869904607534409 0.3513339757919312 72.74202324450016 49.22444543242455 51.23206696659327 38.12490317225456 0 0.3483816683292389 0 0 0 0 0 0 0 0 0 0 0 0 0 0.1033202260732651 0 0 0 1.356695890426636 1.041981890797615 0 0 0 11.73396860063076 0 13.13834058493376 6.89149347692728 0.1460138261318207 0 0 0 0 0 0.4145317673683167 0 0 0.6820228844881058 0 0 0 0 0 0 0 0 0 0.2947500348091125 0 0 0 1.695655539631844 0 0 0 0.09036554396152496 0 0 0 0 0 38.97013838589191 0 0.3576542139053345 0 0.7950220108032227 2.931957125663757 0 0.4111446142196655 0.3540837168693542 0 0.6578321009874344 0 0 0 0 0 0 0 0 0 0 38.32568940520287 1.733684301376343 3.163958787918091 135.5401572734118 70.78108692914248 548.7702572718263 143.7360158935189 187.8975575789809 108.9197715073824 7.295035436749458 63.38316133618355 5.521222941577435 0 1.133650995790958 3.371206045150757 0.7967836260795593 0.1663568615913391 0.7258180975914001 1.837120860815048 1.652201995253563 0.8519654870033264
344.0860438346863 492.0131206810474 108.4440621733665 630.1781544983387 7.661892652511597 0 450.0795542299747 9.599317476153374 25.55602438747883 1136.627566963434 23.94236420094967 344.6708452105522 373.1465819031 79.27477890253067 1.706857420504093 0.8056381642818451 0 0.156217098236084 0 0 0.2312405854463577 0 0.1850670278072357 0 0.7517597377300262 0.2921115458011627 0.6905753314495087 0.1590823084115982 0.1145772412419319 0.1844279617071152 64.51011706888676 1.473815098404884 55.71237377822399 0.5788124203681946 0 0 164.3890546485782 1.826953232288361 17.88995999097824 1.146287962794304 0.4594000577926636 0.345802903175354 0 1.000364005565643 0 0 2.719049870967865 0.1390403509140015 0 0 0.6223591640591621 10.85433353483677 0.2483693957328796 0.5342293381690979 0.510394886136055 0.122761033475399 914.7754329293966 45.66464267671108 3.44343039393425 0.2358887866139412 0.182913213968277 10.67352710664272 0 0 0.1039031222462654 0 0 0.6159022599458694 0 1.030670091509819 452.011318013072 92.07735428214073 1.735556215047836 14.76150941103697 3.634381398558617 4.418922185897827 0.4180900081992149 0.1652066856622696 0 32.64521755278111 0 4.982387900352478 0.5717115700244904 2.963381439447403 0.11871637403965 0.4007329940795898 0.1900968998670578 3.944272845983505 1.097564458847046 3.011014074087143 0 0 0.3037811815738678 0.3482108414173126 0.2059944868087769 1127.288477510214 144.697915866971 0.4751527309417725 17.55570237338543 1454.034102112055 0 0 2.26390528678894 0 3.580253005027771 19.96483336389065 12.06724107265472 33.39470529556274 9.398084938526154 32.25645139813423 0.3804694712162018 53.30883581936359 40.3125231564045 18.79379445314407 2.599686175584793 0 0 0 0 0 0 0 0 0 0 0 0 0 0 0.1545579135417938 0.2126867920160294 0 0.1893347352743149 0 4.740758419036865 0 0 0 0 0.1449906229972839 0 1.682028546929359 1.714709252119064 0.3295217901468277 0 0 0 0 0 0 0 0 0.23440782725811 0 0 0 0 0 0.1347060203552246 0 0 0 0 0 0 0 0.4385966956615448 0 0 0 0 0 0 0 0 0 4.450279474258423 0.5044799000024796 0 0 0.43254554271698 0 0 0.3802311420440674 0 0 0 0 0 0 0 0 0 0 0 0 0 19.77872544527054 0.1800531595945358 0.4170796573162079 17.77756176888943 8.790062516927719 12.14737546443939 2.428885743021965 915.3115324229002 2.573991298675537 0.6335715651512146 2.570088505744934 4.488627284765244 1.185169100761414 0.2862417995929718 0 1.639737725257874 0 0 0 0.2825183570384979 0
999.6307701170444 5207.929934553802 59.15185847878456 1376.172535717487 893.6483264118433 450.0795542299747 0 6.254264786839485 481.0094809308648 1269.98084589839 36.5715704113245 61.18149445950985 3534.597243897617 384.5651655122638 10.57167296111584 1.186000630259514 0.4028981775045395 1.01444948464632 0.106944851577282 1.165940940380096 0.3479242324829102 0 0.3414851948618889 0.2353460788726807 0.5041081458330154 2.239186927676201 0 0.6626913771033287 0 0 36.07869742065668 12.77845995873213 12.62802694737911 0.2228198051452637 0 0.1769708693027496 10.80060048401356 0.6317684277892113 0.2379132062196732 1.709618382155895 0.6942023187875748 0.9310311898589134 0.2588003650307655 0.5130604058504105 0 0.4331778809428215 216.2652789354324 13.76808673888445 2.220300480723381 1.4255530834198 2.781974121928215 0 0 0.2680761590600014 20.36769010126591 19.90534596890211 85.76755030453205 299.3962026014924 63.72605077922344 70.40214798599482 1.58968348056078 2.134274214506149 0.1510630995035172 36.58952589333057 11.06065358966589 5.777411751449108 2.906237967312336 1.429961413145065 1.812869384884834 0.955903485417366 1.500418290495872 1.033597469329834 0 684.5286438837647 120.6355512067676 218.3154966533184 34.56106530874968 3.829520180821419 1.539107017219067 7.375154010951519 2.707447275519371 7.464811250567436 54.37211379408836 0.9262237772345543 7.900851480662823 8.625906594097614 7.496841564774513 0 1.914467021822929 0.1675816029310226 0.639691561460495 0.3681373819708824 0.8196629285812378 2.329032115638256 2.472055345773697 407.6556216925383 0 0 0.2216935306787491 125.1259490698576 0.8015532493591309 0.4886983036994934 6.800660192966461 0 7.317304313182831 29.89217664301395 5.068128168582916 52.90613631904125 4.755477786064148 16.61862333118916 3.433979123830795 98.76537816226482 71.98492254316807 77.60241536796093 39.48865937441587 0 0.5522454380989075 0 0 0 0 0 0 0 0 0 0 0 0 0 0.1062325611710548 0 0 0 2.995692372322083 0.9479954093694687 0 0 0 12.932502605021 0 13.56235952675343 4.199439361691475 0.3215703070163727 0 0 0 0 0 0.3711493015289307 0 0.1898285150527954 0.4632120877504349 0 0 0 0 0.3598393797874451 0 0 0 0 0.9546515643596649 0 0 0 11.48540763556957 1.224365442991257 0 0 0.1029026433825493 0 0 0 0 0 55.0920677408576 0 0 0 0.3492228537797928 4.236458331346512 0.653217077255249 0.2863796055316925 0 1.556635737419128 0.1084494143724442 0.2621302306652069 0 0 0 0 0 0 0 0 0 60.27949912846088 1.620323330163956 1.497139647603035 197.7952170148492 69.66458573937416 573.5783127173781 148.499677978456 447.859885841608 114.5796291232109 10.55972186475992 70.28910844773054 8.47176418453455 0.7746180221438408 2.260060966014862 0.8260733783245087 1.696779072284698 0.2355035841464996 0 0 2.365022920072079 1.260343492031097
109.083088696003 250.1906031668186 2670.834586933255 0.5161045491695404 348.7840901389718 9.599317476153374 6.254264786839485 0 445.5258347243071 0.3327814787626266 2268.717195577919 3.580515399575233 60.42210039496422 966.7359903082252 8.851704359054565 1.7756612226367 0.6685413271188736 7.639304980635643 0.1916988343000412 12.91821958124638 10.77353300899267 0 7.244708508253098 3.681639984250069 3.039726048707962 1.141282416880131 0.8793041110038757 0.9120247662067413 0.09326037019491196 0 977.9733669310808 2822.816738888621 23.99819818884134 2.490724682807922 3.925263911485672 2.696681886911392 5.395745053887367 1.669200547039509 0.6240805089473724 1.118327975273132 7.298863396048546 2.249279886484146 7.537162221968174 1.966266065835953 2.20885156840086 0.5393594801425934 96.5605691447854 4.456151977181435 1.720377206802368 12.60359091311693 1.581294976174831 0 0 0.1331014186143875 5.12579458206892 5.494758695363998 52.5878756865859 590.1267973259091 20.306640855968 27.89894585311413 15.2769086509943 13.19758370518684 2.624596178531647 406.68807721138 3.159478262066841 2.747024424374104 1.637685626745224 6.992044769227505 11.06977862119675 8.572295814752579 3.107424855232239 0.4289600849151611 0 368.5444879829884 100.6386568620801 109.5002232342958 42.38427916914225 30.19103716313839 554.0928877368569 912.4727161750197 81.71310047805309 544.7652095332742 21.50653368979692 0.1091715916991234 1.966220334172249 2.421681150794029 7.549894519150257 0 0.8589961156249046 0 0.4669397324323654 0 7.29249207675457 4.657741725444794 0.2574621140956879 17.98523010313511 0 0 0 104.2861326113343 0 0 0.6812831163406372 0 1.860191822052002 0.7314422875642776 0.9364771842956543 5.192423343658447 0 0.8266426622867584 0 8.292826950550079 4.728560090065002 5.584625571966171 6.091689214110374 0 0 0 0 0 0 0 0 0 0 0 0 0 0 0 0.1291148066520691 0 0 0 0 0.2896844446659088 0 0 0 1.811387211084366 0 0.8822724372148514 2.776584163308144 0.4271419942378998 0 0 0 0 0 0 0 0 0.1524473875761032 0 0 0 0 0 0 0 0 0 0 0 0.8484825491905212 0 4.00523853302002 0 0 0 0 0 0 0 0.1192730143666267 0 4.362133264541626 0.4673745036125183 0 0 0 0 0 0 0.2331985980272293 0 0 0 0 0.1031806170940399 0 0 0 0 0 0 0 2.881258010864258 0.6747027039527893 0 57.63137922435999 16.97683840245008 194.3831994235516 40.58012403547764 63.00494433939457 27.33863841742277 2.159731775522232 18.74240273237228 1.226347863674164 0 0.1879458725452423 0 0 0 0 0 1.077739179134369 0.1154820919036865
82.82758311927319 2245.843950435519 371.1931548863649 28.08099390566349 6731.06312815845 25.55602438747883 481.0094809308648 445.5258347243071 0 144.3679203540087 1393.910529114306 21.60638871788979 1108.370430916548 3861.37961358577 29.35867886990309 4.835628867149353 0.6066998019814491 1.865931652486324 0 1.841621667146683 0.8919713869690895 0 1.090277835726738 0.2709719389677048 0.7764333114027977 0.3927651345729828 0 1.341595135629177 0.1026233434677124 0.1853973567485809 50.13465460389853 38.37232178449631 21.44046932458878 0.3458978831768036 0.3319673836231232 0 9.112957544624805 2.649834007024765 0.7126723527908325 1.273567400872707 1.895633086562157 1.11405773460865 0.9185581132769585 2.129022538661957 0.4766705483198166 0.3913675099611282 234.2200771272182 8.094066120684147 1.452694959938526 3.594109930098057 2.15667088329792 0.246276892721653 0.2082841247320175 0.9281555265188217 8.746301576495171 11.85241220891476 20.26118239015341 80.31225873529911 20.01809494197369 55.09900539368391 2.053543500602245 4.302223056554794 0.1453969776630402 51.83703864365816 8.105435445904732 4.16691342741251 3.589191421866417 2.493767648935318 3.888362154364586 2.819538995623589 8.443417996168137 3.848875418305397 0 250.6981390044093 54.71020667254925 194.426144734025 66.04386287927628 7.491767287254333 3.666985042393208 14.38811538368464 7.29062632471323 17.11562132835388 31.38194341957569 0.7613613232970238 6.64802523702383 5.400080308318138 5.869830213487148 0.117964431643486 1.538138329982758 0.1415400207042694 1.497387640178204 0.5448019579052925 1.681626819074154 1.764799743890762 1.552593804895878 447.2203394323587 0.4311394989490509 0 0.9101342931389809 23.76027341932058 3.025518968701363 1.430353879928589 13.16604585945606 0 20.3649243414402 60.02625599503517 2.344071805477142 131.1459167599678 8.618535667657852 32.91812865436077 1.264685481786728 186.400544129312 151.2659723907709 125.8948578611016 116.6833876371384 0.5041482597589493 0.1030564233660698 0 0 0 0 0 0 0 0.4062277674674988 0 0 0 0.4699551165103912 0 0.2003106623888016 0 0.147632896900177 0 8.607194304466248 2.618943110108376 0 0 0 35.91608969867229 0 30.55341552197933 16.54067412018776 0 0.2709257900714874 0 0 0.202732115983963 0 0 0 0 4.299632698297501 0 0 0.1234879717230797 0 0.2272969186306 0 0 0 0.1695195883512497 1.567855551838875 0 0.2368019074201584 0 21.69618637859821 4.280869632959366 0 0 0 0 0 0 0 0 111.5732568204403 0 0 0 0.1040212959051132 10.20362524688244 0 1.499743819236755 1.054104819893837 1.78665155172348 1.205438129603863 0.9884646236896515 0.3539367616176605 0 0 0 0 0 0.09424203634262085 0 0 116.2824641168118 4.983598351478577 3.211292445659637 183.106614112854 68.62967050820589 555.2892487645149 152.7863754704595 116.9554839506745 100.2291704192758 7.878273695707321 97.86026079952717 8.280932374298573 0.7310971617698669 4.415368504822254 0.8332931399345398 1.391261458396912 0.2204194217920303 0 1.778729602694511 5.747610829770565 1.390153542160988
1449.86981125176 162.2458881065249 2.411208592355251 1276.709418416023 6.707253202795982 1136.627566963434 1269.98084589839 0.3327814787626266 144.3679203540087 0 1.769786082208157 2850.903357237577 12539.13605997711 248.5730824768543 0.9710945188999176 0.5017405673861504 0 1.015848278999329 0 0 0.2048008590936661 0 0.2868536412715912 0 0.1023181304335594 0 0 0 0 0 1.829724967479706 1.420729488134384 5.935830056667328 0 0 0 1.614040449261665 0.1966119557619095 0 0 0 0 0 0.141641765832901 0 0 9.90069030970335 0.2353600189089775 0 0.3898318260908127 0.1163496822118759 0 0 0 0.9541198387742043 1.505350962281227 24.74413873255253 72.88225398212671 14.24759558588266 3.820019893348217 0.1290408968925476 0.8002207279205322 0 1.183870375156403 0.4236789047718048 0 0.1063133403658867 0 0.1890611946582794 0 2.495530009269714 0.5373744964599609 0 78.77179299294949 9.250503614544868 11.94060223549604 0.6773052513599396 0.604989156126976 0.8536771535873413 11.67902372777462 0.3586071580648422 1.695612236857414 2.111358806490898 0 0.7745889276266098 0.3967882767319679 0.2636184543371201 0 0.1112686917185783 0 0 0 0 0.141363725066185 0 666.1437241435051 0 0 0 65.52789404988289 0 1.699554324150085 5.107410028576851 7.586977422237396 5.313691690564156 43.14317865669727 18.00533680617809 59.65928471088409 16.12572863698006 25.66451795399189 0.233465239405632 107.0101871341467 129.6141667962074 74.27513690292835 13.61844685673714 0.2051753848791122 0 0 0 0 0 0 0 0 0 0 0 0 0 0 0 0 0 0 1.221684783697128 0.2927367091178894 0 0 0 3.085734352469444 0 3.986151516437531 2.506464436650276 0 0 0 0 0 0 0 0 0 0.6436131596565247 0 0 0 0 0 0 0 0 0 0 0 0 0 2.171696498990059 0 0 0 0 0 0 0 0 0 15.43692556023598 0 0 0 0 2.668661519885063 0 0 0.3562996685504913 1.011925578117371 0.1911199986934662 0 0 0 0 0 0 0 0 0 0 32.04605947434902 0.2187092304229736 0.1684186309576035 19.15075927972794 3.295216947793961 37.94118439406157 7.469988875091076 180.4059288054705 6.676858641207218 0.5264511406421661 6.671004019677639 0.6284223794937134 0.1150624006986618 0.8680828362703323 0 9.781888663768768 0 0 0 0.3892822265625 0
444.2495739161968 2127.686786435544 4307.131478086114 2.594353385269642 1224.126540370286 23.94236420094967 36.5715704113245 2268.717195577919 1393.910529114306 1.769786082208157 0 22.6406809091568 275.5294086113572 3443.229846723378 37.06010656058788 10.94399650394917 6.045756928622723 6.143748983740807 0.5228703320026398 10.0587917342782 26.63299138098955 0 18.88452230393887 4.896479383111 13.71246135979891 5.37515664845705 2.145182326436043 2.031890787184238 0.4928428307175636 1.223995581269264 769.344451084733 988.2445164397359 767.5796756595373 4.668201006948948 9.67959588766098 10.10360483825207 116.880839176476 46.50346209108829 12.82582291960716 10.1842879652977 54.72674731910229 17.29515842348337 10.30129726231098 6.832444675266743 0.9741915762424469 0.3349488824605942 234.638564504683 9.386435888707638 2.559147968888283 17.6141214966774 11.55217032134533 0.3231737315654755 0.1067936420440674 1.003521516919136 13.64537201821804 14.28088826686144 44.86139754205942 493.4514977037907 28.0159243568778 67.49716144055128 6.910895422101021 132.170702919364 5.640837699174881 162.9575063213706 9.126797929406166 6.689668826758862 2.924645029008389 14.79387024044991 29.19566114246845 47.91927469521761 4.869723349809647 0.7824322432279587 0.1161964163184166 502.3169790431857 128.6985619738698 274.7347011715174 99.12596080452204 26.31344609707594 124.6652735322714 1304.926082827151 21.08579364418983 173.456172555685 37.99925296008587 0.669065497815609 6.464448682963848 6.15719847381115 14.18903444707394 0 1.474768355488777 0 1.218843147158623 0.7559325322508812 32.55728244036436 34.12761814892292 0.8492556139826775 51.30481660366058 0 0 0.1438463032245636 180.6333701610565 0 0 0.7718969583511353 0 0 6.548981443047523 0.2324319928884506 8.544775903224945 2.326902389526367 0.7997232228517532 0.4004851877689362 20.03875988721848 7.066033944487572 13.51972143352032 13.88705280423164 0 0.09744130074977875 0 0 0 0 0 0 0 0.1384738683700562 0 0 0 0 0.1212413534522057 0.1201813369989395 0.343803346157074 0.1186397671699524 0 1.468316823244095 0.41349858045578 0 0 0 5.095883309841156 0 3.148655325174332 3.806247413158417 1.179227955639362 0.1380624771118164 0.1440548151731491 0 0 0 0 0 0 0.1624552756547928 0 0 0 0.149779424071312 0.3227977454662323 0 0 0 0 1.574879348278046 0 0 0 1.365543067455292 0.1704791486263275 0.4853799343109131 0 0 0 0.1421346068382263 0 0 0.2794043123722076 13.27134473621845 0 0 0 0.2645812258124352 3.209230154752731 0 0.379260927438736 0 0 0.8984692171216011 0 1.255540013313293 0 0 0 0 0.3999583572149277 0 0 0 6.726513996720314 1.259523347020149 2.433277204632759 157.5881789773703 54.2222960293293 456.7264326512814 101.3516516163945 112.6546038985252 63.269745439291 5.880841933190823 61.88273595273495 4.340090833604336 0 0 0.1184093728661537 0 0 0 0.3801119923591614 3.18590646982193 1.862075462937355
169.8337688446045 4.298114284873009 1.440445497632027 239.9562797546387 1.067596763372421 344.6708452105522 61.18149445950985 3.580515399575233 21.60638871788979 2850.903357237577 22.6406809091568 0 1667.023580342531 326.2430922538042 23.13903601467609 4.722268730401993 0.5739867389202118 1.53220209479332 0 1.252186119556427 4.52199698984623 0 3.78885455429554 1.104562431573868 2.148520514369011 0.7400152981281281 0.188640832901001 1.783840879797935 0 0 0.5067374110221863 10.56150342524052 80.9027718603611 1.996250510215759 1.013979732990265 0.4451766163110733 215.5356130748987 10.33484970033169 27.27845662087202 3.864073202013969 7.701289921998978 3.306214034557343 5.456865549087524 4.336645856499672 0 0 34.63594367355108 1.200345009565353 0.6395546719431877 3.12864438444376 3.594336479902267 0.4205490052700043 0.406261682510376 0.278357595205307 0 0.5631673634052277 3.286250121891499 7.604022517800331 1.496995933353901 7.09443125128746 4.520628646016121 25.77955259382725 1.292381331324577 7.399349436163902 0.925769217312336 0.9045847430825233 0.2940187901258469 6.083632849156857 8.828020140528679 15.14969931542873 29.77360512316227 7.135550528764725 0 20.12967234104872 2.77987901866436 27.38682601600885 12.61510403454304 9.619961053133011 1.861245781183243 133.4827683717012 3.074400573968887 53.57459843158722 1.560617551207542 0 0.4112937897443771 0.4545894116163254 2.778979137539864 0 0.4196788743138313 0 1.379264712333679 0.854502946138382 10.5445247143507 11.03064206242561 0.3102990388870239 2897.520870536566 4.359884053468704 0 1.672971203923225 15.57202640175819 2.065177291631699 0.1375971436500549 10.98529246449471 0.2605364620685577 13.04008240997791 78.58757990598679 15.65599493682384 141.8689840808511 14.08584053814411 23.28371827304363 5.682870015501976 227.9578368216753 128.8952743709087 169.5329721868038 94.61383567750454 0.8446614667773247 0.133658155798912 0 0 0 0 0 0 0 0 0 0 0 0 0 0 0 0 0 5.277935534715652 2.738472945988178 0 0 0 30.84907457232475 0 22.25877358019352 11.36581835150719 0 0 0 0 0 0 0 0 0.1618287712335587 3.070029929280281 0 0 0 0 0.1421746760606766 0.1530044823884964 0 0.09169257432222366 0.2858105897903442 0.9554924815893173 0.1863832324743271 0 0 17.77806471288204 2.900590270757675 0 0 0 0 0.1132455691695213 0 0 0.3815982937812805 89.60646045207977 0.9888641089200974 0 0 0.1210887059569359 6.98309426009655 0.1486413478851318 1.603038758039474 0.196428507566452 1.378918066620827 1.082059748470783 0.6102252006530762 0.4704411849379539 0.1315539330244064 0 0 0 0 0 0 0 99.0726028829813 3.475791990756989 5.568046577274799 83.58349968492985 11.31590928137302 94.45531862229109 23.69541490077972 30.45071230828762 13.3548653870821 0 34.84478205442429 3.401341304183006 0.2459046319127083 4.260125495493412 0.239489883184433 3.406839460134506 0.1734025478363037 0 0.6715273708105087 0.7214522808790207 0
403.2945686653256 652.0506902635098 79.94993528723717 1236.440246157348 166.9846950396895 373.1465819031 3534.597243897617 60.42210039496422 1108.370430916548 12539.13605997711 275.5294086113572 1667.023580342531 0 2303.603397846222 82.05258502066135 22.94782048463821 2.780320420861244 10.04052318632603 0 19.32085712254047 25.19322110712528 0.1069960668683052 16.13248832523823 3.928537860512733 4.597809568047523 3.272848933935165 0.8575012013316154 2.087131127715111 0.5632025077939034 0.7423103228211403 14.74171881377697 61.90405588597059 190.1279594823718 5.409417279064655 5.890505768358707 2.863401763141155 87.49850487709045 13.2696768194437 17.04124784469604 3.088939420878887 27.68459494411945 12.76097650080919 17.57743713259697 11.71905514597893 2.512360602617264 0 235.9707504808903 7.305416136980057 4.333985067903996 27.97233941406012 6.289642259478569 0 0.2470155507326126 0.5196470469236374 6.657755091786385 6.967447869479656 14.94049812853336 59.28113590180874 14.08676435798407 56.44202438741922 15.46421352773905 55.00113026052713 4.347489729523659 46.63326843827963 4.361586011946201 6.399958252906799 2.237465314567089 24.21681018918753 52.10348634421825 33.90922801196575 71.84262175112963 9.447998568415642 0 179.8438001200557 40.19389247149229 228.6731475889683 101.0564825236797 41.29132211953402 11.42919283360243 110.4008572697639 41.40492814034224 272.797312527895 21.81343337893486 0.633424811065197 4.601010091602802 3.485820204019547 15.53700011223555 0 1.529013574123383 0 1.906506694853306 0.5120104551315308 22.82684816420078 22.70267327129841 3.202997818589211 3633.477131232619 3.301591277122498 0 1.534396730363369 31.00208078324795 4.160492986440659 0.3074390292167664 33.87942093610764 0.1455466449260712 40.09210839867592 169.9490561485291 24.71290357410908 258.6273857429624 31.1261338442564 70.0864866822958 5.4436314702034 501.5559915229678 302.0324009954929 328.5791968032718 218.0076854154468 1.469612941145897 1.547484055161476 0.1930229663848877 0 0 0 0 0 0 0.6152907013893127 1.045840442180634 0 0 0 0 0 0 0.1950450539588928 0 15.10057762265205 5.136261194944382 0 0 0 67.12965666502714 0 62.43471129983664 23.94751509279013 0.149085596203804 0 0.573608323931694 0 0 0.2241950929164886 0 0 1.316988959908485 4.112986877560616 0 0 0 0 0.1342175006866455 0 0 0 0.3525606840848923 4.431752309203148 0 0.9145723581314087 0 29.42550608515739 4.208888500928879 0 0 0 0 0 0 0 0.2868729829788208 222.0103419199586 2.598311081528664 0 0.2844396531581879 0.1105239316821098 12.89146423339844 0.3730339109897614 3.442593783140182 1.568625412881374 1.726693525910378 1.989178888499737 1.488713294267654 1.77984207123518 0 0 0 0 0 0.1516121178865433 0 0 271.028434202075 8.948315486311913 13.47500855475664 212.9017088860273 61.88988435268402 493.0189242511988 138.2924334257841 88.80018083751202 81.16711263358593 4.042948648333549 99.4568942412734 9.675479866564274 0.5089856162667274 7.343473367393017 0.9963668510317802 8.223064243793488 1.938881739974022 0 0.6380881667137146 6.062378987669945 2.256985709071159
286.0953291729093 2548.855803824961 1091.237599000335 18.79090512543917 2824.375017024577 79.27477890253067 384.5651655122638 966.7359903082252 3861.37961358577 248.5730824768543 3443.229846723378 326.2430922538042 2303.603397846222 0 160.870212122798 48.21968709677458 20.16855242848396 17.71734897792339 0.5460653305053711 31.30184993892908 66.72809495031834 0 39.42267992347479 18.21840863674879 69.30780121684074 14.19873245060444 4.774552226066589 9.186490707099438 1.401903636753559 1.449879541993141 164.3409315422177 214.7315535396338 2438.652064412832 7.882710181176662 17.74267118424177 29.72396582365036 825.0948719829321 226.666301175952 101.8822164833546 49.20918238908052 160.5153855755925 48.616031691432 33.63401112705469 19.7788266018033 5.212667644023895 1.611160695552826 491.272685483098 12.78225376456976 9.096896827220917 65.03158142417669 28.9403663277626 0.4274989813566208 0.2693152576684952 5.079744897782803 13.96044738590717 15.63251993060112 27.34370230138302 165.8409221768379 22.62665041536093 119.2163149788976 31.59229346364737 684.6198705881834 20.36726266145706 116.8826522901654 9.843186251819134 17.3274567425251 4.910779610276222 49.2539950683713 97.41615507751703 146.3546756729484 110.8081336021423 14.78256227076054 0.1517336517572403 381.3334573656321 105.4334219917655 449.0479824468493 191.7895016670227 72.2291446775198 37.64116337895393 918.5054796934128 62.17667669057846 584.5172146856785 44.03816995769739 1.88745604455471 7.677267730236053 8.942698054015636 41.35292881727219 0.09026900678873062 3.356120832264423 0.2388571351766586 5.490273624658585 1.453026413917542 102.7199378758669 113.2929575666785 3.749806486070156 2138.207720816135 2.323503062129021 0 3.80707161873579 73.00379558652639 0.6697797328233719 1.651013314723969 14.85762027651072 0.576314389705658 13.16100136935711 90.34607937932014 7.25690096616745 159.0079508200288 12.73614020645618 23.31957313418388 6.658182218670845 288.8673505112529 149.1799966171384 209.9989874958992 162.0688314586878 1.246174186468124 0.9816800206899643 0 0 0 0 0 0 0 0.155554786324501 0.4278600066900253 0 0.474357396364212 0 0.2682340145111084 0.7824679017066956 0 0.4230523109436035 0.327710896730423 10.44075952470303 6.225152596831322 0 0 0 63.56826323270798 0 58.46904470026493 31.04423163086176 2.32763460278511 0.6176267936825752 1.082874938845634 0.1056827381253242 0.1153017804026604 0.1937986612319946 0.587990865111351 0.143621951341629 0.7811487168073654 4.414691478013992 0 0 0.2600700855255127 0.3277119994163513 3.676554597914219 0.09989085048437119 0.1918564885854721 0 0.6584315747022629 2.668263234198093 0 0 0.2896514236927032 28.10696105659008 2.514457747340202 0 0 0 0 0.1205853298306465 0.1334203630685806 0 0.488002747297287 179.3110643178225 2.34267770498991 0 0.2498008981347084 1.426829122006893 12.5700543448329 0.9153790175914764 1.273506417870522 3.18973433971405 2.729553364217281 2.817664101719856 0.71152463555336 1.206153400242329 0.7130233198404312 0 0 0.1658913344144821 0 0.1936296299099922 0.1115512028336525 0.2633246779441833 144.2880699262023 11.27684863656759 11.71651117503643 440.4357634037733 115.2472315579653 1036.442548826337 273.8598069101572 119.5117226913571 140.2393825128675 9.941312082111835 210.3420008271933 16.46261890977621 1.528095096349716 6.734245792031288 0.9947794377803802 6.183674857020378 0.6358392387628555 0 2.177669174969196 13.53396866470575 2.30676731467247
0.7785124480724335 6.964394338428974 5.091048054397106 0 10.64060470461845 1.706857420504093 10.57167296111584 8.851704359054565 29.35867886990309 0.9710945188999176 37.06010656058788 23.13903601467609 82.05258502066135 160.870212122798 0 2703.343333825469 1322.268856227398 83.66035386174917 29.02969650179148 16.03366865962744 6.129087202250957 0 3.564993657171726 2.367291927337646 151.3886516243219 2.496707104146481 1.458365008234978 0.4887561723589897 0.2459191530942917 0.1979596614837646 3.689953371882439 17.12332662194967 160.9917832165956 1.027098253369331 1.528933614492416 42.31358004361391 346.9444159194827 349.0915339067578 101.8556884303689 142.2829127013683 12.23040451854467 3.499497123062611 6.530122876167297 685.3463329523802 65.19796755164862 62.85418813675642 502.3221501931548 7.635648235678673 42.93691521137953 77.75859093666077 1.984732858836651 0.09744468331336975 0.3673814982175827 0.2537295818328857 1.195216223597527 0.5949587151408195 0.3427716046571732 7.249490320682526 0.3203131929039955 207.3925040438771 95.51749490201473 374.8027290180326 1.932394377887249 7.568569533526897 0.4480298459529877 3.79340648651123 1.059482023119926 8.64869774132967 16.79163052886724 8.181740023195744 34.66437847912312 4.90862001478672 0 128.1078729107976 3.996728278696537 979.665324382484 233.9565486758947 1164.904679946601 16.69549079239368 105.1102418974042 51.03924676775932 474.5097389295697 3.930415749549866 0 1.059132471680641 0.7693687751889229 21.99404036253691 0 0.344612218439579 0 0.7809094563126564 0.8174254298210144 6.422172404825687 5.16607853025198 1.190678529441357 16.9874509871006 5.97746017575264 0 14.2598028704524 0.4030740857124329 0 0 0 0 0 0 0 0 0.2290384620428085 0 0.1226964518427849 0.7351258620619774 0.4058555066585541 5.35498683154583 4.36713220924139 1.246052578091621 0.9234190508723259 0.6748673319816589 0 0 0 0 0 0 0 0 0 0 0 0 0 0 0 0 0.1067275851964951 0.1171903014183044 0 0 0 10.15891528129578 0 18.06349887698889 26.68003264814615 9.59061861038208 0.1051234379410744 0 0 0 0 0.431594580411911 0 0.1399601101875305 2.024479433894157 0 0 0 1.080802321434021 0.1271060705184937 0 0 0 0 0.472476914525032 0 0 0 2.795236185193062 0.3504258394241333 0 0 0 0 0 0.5835943818092346 0 1.03560296446085 10.33874556422234 2.589644223451614 0 0 0.6611213013529778 1.394743695855141 0.2213788628578186 0.788725845515728 0.3766589760780334 0.1810539960861206 0.6971624344587326 0 0.09551050513982773 0.1403459906578064 0 0 0 0 0 0 0 1.474674634635448 1.68334086984396 12.33143596351147 12.15100817382336 13.52739803493023 202.3501978069544 13.84527320414782 1.161392398178577 2.345351509749889 0.5457027032971382 6.313323669135571 3.682862296700478 1.67542964220047 6.895233869552612 1.095407962799072 1.144799172878265 0.5243327841162682 0 2.48203282803297 0.3939538076519966 0.1932390034198761
