0 4962.873080790043 794.5248541384935 1260.567507654428 502.2274393513799 113.8362848162651 757.4795758277178 610.7073948383331 54.75009387731552 1615.584958061576 923.3159173205495 99.80315935611725 224.1473252922297 415.811295747757 2.885710418224335 0.374221071600914 0.5484598651528358 0 0 0.1913289129734039 0 0 0.1460433602333069 0 0.1840381473302841 0 0 0 0 0 178.301759801805 19.50029365718365 71.26077342778444 0 0 0.2974603772163391 7.329643815755844 0.2481883242726326 0.6462062746286392 0 0.2967301905155182 0 0 0 0.1116924211382866 0 5.435221552848816 0.2905050590634346 0.3254477605223656 0.3395828455686569 0.3170777708292007 0.3437118232250214 0 0 1.751321747899055 8.003722548484802 195.9365090504289 864.5604216307402 15.42447951436043 3.730925314128399 0.3001877069473267 9.957380250096321 0 2.854278117418289 4.510993577539921 2.138574779033661 0.2809664458036423 0.3149847239255905 0.1216072216629982 0.6526716947555542 18.61941556632519 9.894954353570938 0 242.0228511542082 50.26354345679283 5.845814764499664 14.22099885344505 1.269834913313389 48.74237485229969 435.4476886689663 2.430398344993591 286.3556505963206 6.228122122585773 1.131821326911449 0.119745746254921 4.503527350723743 0.3479350060224533 0.203987181186676 0.9790143519639969 0.3629513531923294 0.478729784488678 0.2856570184230804 0.2246948182582855 0 0.2236883193254471 287.0907545387745 21.17527192831039 0.9125166088342667 1.338878870010376 1338.336149200797 0 0.3187878429889679 1.043281510472298 1.80505296587944 0.3057076632976532 12.99207069724798 0.5018059611320496 4.956981666386127 58.18909223377705 9.749323025345802 1.928226947784424 5.94415870308876 20.21704364567995 6.072497315704823 6.589475035667419 0.4896025210618973 0 0 0 0 0 0 0 0 0 0 0 0 0 0 0 0 0 0 0 0.3658211678266525 0 0.121776707470417 0 1.066591255366802 0 1.050953969359398 0.2881331741809845 0 0 0 0 0 0 0 0 0 0.2653406709432602 0 0 0 0.2998320609331131 0 0 0 0 0 0 0 0 1.536038085818291 2.328965157270432 0 0 0 0 0.5020336508750916 0 0 0 0 8.975442864000797 1.749592483043671 0 0 0 1.565771222114563 0.3700856566429138 0 0.3124514222145081 0.1700095981359482 0.3042383193969727 0 0 0 0 0 0 0 0 0 0 3.953166678547859 0 2.144511535763741 480.207365244627 4.533580891788006 109.0684580430388 9.86106838285923 1300.321948483586 31.56739497184753 0.957379974424839 12.71048645675182 0.4466995149850845 0 1.69127069413662 0.9911696538329124 8.161969393491745 0 0 0.1452185958623886 0.1574782282114029 0
4962.873080790043 0 1272.595378063619 445.1836776509881 4322.53730686754 339.0180893093348 1119.462841905653 1992.962539665401 968.6564461439848 1711.547977693379 4166.59831764549 78.15375208854675 1513.802454844117 3459.649459369481 4.984772674739361 2.02844014018774 0.4042269885540009 0.4257999807596207 0 0 0 0 0.2994014024734497 0 0 0.1327966451644897 0 0.3518582880496979 0 0.1133138462901115 1734.311885617673 36.56635271012783 160.044488877058 0 0 0.1350373923778534 19.28203094005585 2.241731941699982 0.5676014423370361 0.261538028717041 0.2282807379961014 0 0.1922445148229599 1.233458638191223 0.3266337886452675 0.2806353718042374 15.09983726590872 0.5914163887500763 0.5381623357534409 0.5187328830361366 1.73234586417675 0 0 0.1117810904979706 8.917612850666046 23.40372890233994 150.9736656844616 1328.339107036591 29.59910005331039 13.04069685190916 0.7498511895537376 13.08924472332001 0 28.34278439730406 18.59206188470125 10.99833635240793 1.142231941223145 0.3204373419284821 0 0 13.15024828910828 3.72679603099823 0 519.1651165410876 131.9729908630252 11.21425902843475 65.1721348837018 5.384760081768036 57.01960998773575 821.5166948139668 0.7367583364248276 258.1120158880949 22.42665063589811 1.559774711728096 0.2503107637166977 16.95348427444696 0.8887012451887131 0.3005434572696686 2.355691581964493 0.294762097299099 0.6207920163869858 0.08518548309803009 0.5814955830574036 0 0.7124155461788177 82.59995365142822 1.978000402450562 0 1.231222450733185 1738.874893091619 0.3793152794241905 0.2075517177581787 2.547322161495686 1.494943991303444 0 18.88785090297461 0.6594937294721603 10.16960018128157 15.95594439655542 21.05631113797426 7.526070334017277 19.3707479685545 61.34002269804478 23.11546511948109 25.86159358173609 1.389337345957756 0.8643280863761902 0 0.656072273850441 0 0 0 0 0 0 0 0 0.3283254504203796 0 0 0 0 0 0 2.546760126948357 2.389502659440041 0 0.1663310527801514 0 9.202642314136028 0.7382969260215759 8.891753107309341 1.272768899798393 0 0 0 0 0 0.718600332736969 0.3416142463684082 0 0.952598363161087 1.444827266037464 0 0 0 0 0 0 0 0 0 0 0 0.3276987671852112 2.862045511603355 8.265289843082428 0.4180359244346619 0.1156674399971962 0 0 0.301261305809021 0 0 0 0 37.43342693895102 6.870151236653328 0 0 0 7.133555307984352 5.410824835300446 2.960380405187607 2.001666396856308 1.817637376487255 4.031205177307129 0.6079309433698654 0 0 0 0 0 0 0 0 0 14.63216787576675 5.046323791146278 12.57724741101265 816.2462672963738 12.63888785243034 867.7625889629126 73.35279725492001 1161.119541540742 97.96290318667889 3.040520235896111 81.10613314062357 7.140206895768642 0 6.474355079233646 0.2856568545103073 8.994038820266724 0 0 0.6821634769439697 0.989590972661972 0.2068346589803696
794.5248541384935 1272.595378063619 0 0.5404142737388611 705.2534589320421 1.066528931260109 21.61166773736477 5804.778609767556 42.45901986956596 4.183834940195084 2031.230737879872 3.516462862491608 68.7356068789959 392.4247113913298 2.184478223323822 1.515079617500305 4.681847512722015 6.407663501799107 0.196846142411232 7.686664655804634 9.476157337427139 0.9378539323806763 1.028246521949768 0 1.314965203404427 0.2472774088382721 0.7280146181583405 2.414419457316399 0.1810399740934372 0 3771.291094377637 307.7375032305717 146.8792466670275 0 4.551876425743103 3.157105728983879 2.280025333166122 0.9221331626176834 0.3023185431957245 0.2526396736502647 5.053906574845314 0.6509043872356415 2.597677394747734 4.340218514204025 1.04245500266552 3.951805286109447 8.724109701812267 9.622079290449619 8.804558925330639 3.961619354784489 3.387894809246063 0 0 1.829478859901428 1.16566213965416 6.79943486303091 51.5776731595397 1566.662893854082 7.680842943489552 3.9918257817626 30.60918819159269 30.98155225813389 0.9786834418773651 225.6107295230031 3.313373208045959 2.299135632812977 1.226186074316502 2.34454719722271 3.209783777594566 4.165056973695755 2.142941437661648 1.371259748935699 0 159.8806240111589 164.3791122436523 3.599791720509529 32.59352989494801 11.23840881884098 843.5577748417854 1820.771826505661 73.02800951898098 2503.934384942055 7.985527254641056 0.6228706687688828 0.1520341485738754 5.107692055404186 15.29611836373806 0.1235445141792297 1.320353522896767 0 0.6795286387205124 0.4100507199764252 0.9758772999048233 0.6532978117465973 0.6613303199410439 2.161430597305298 0 0 0.1739543527364731 926.1238720491529 0.1673326194286346 0 0.2821439355611801 0 0 0.3032520115375519 0 0.2303435206413269 0.6757200360298157 0.3535833060741425 0.1130042597651482 1.061390578746796 1.732931241393089 1.46501150727272 1.124746888875961 0.1040275245904922 0.2330574095249176 0.09844041615724564 0 0 0 0 0 0 0 0 0 0 0 0 0 0.124208465218544 0.3347772359848022 0 0 0.2184233814477921 0 0.7947162091732025 0 0.6151659861207008 0 0.4712716117501259 0.4832630902528763 0 0 0 0 0 0 0 0 0 0 0 0 0 0 0 0 0 0 0 0 0 0 0.1183041855692863 1.440210968255997 0 0 0 0 0 0 0 0 0 1.3741754591465 0 0 0 0 0.2901917397975922 0.545032799243927 0 0 0 0.3157464414834976 0 0 0 0 0 0 0 0 0 0 0.7945059910416603 0.1980588436126709 1.462903439998627 67.70900920033455 5.350103318691254 156.5319466814399 15.64916037768126 52.27466738969088 14.11244884878397 0.6057384386658669 9.845762573182583 0.9647873118519783 0 0 0.2246939539909363 1.312148153781891 0 0 0 0.2350372076034546 0
1260.567507654428 445.1836776509881 0.5404142737388611 0 116.2145445495844 253.8445712476969 667.0638190507889 0 220.4979112744331 1208.091986700892 5.517445802688599 223.7030916363001 1005.798590540886 339.1069805622101 0.2636914849281311 0 0 0 0 0 0 0 0 0 0 0 0 0 0 0 3.308512598276138 0 0.6767602413892746 0 0 0 0 0 0 0 0 0 0 0 0 0 0.1552147269248962 0 0 0 0 0 0 0 0.1288891732692719 0.5733365193009377 10.225925385952 62.15180733799934 1.131214842200279 0.3299770504236221 0 0 0 1.2175198122859 0.8276571780443192 0.3803417831659317 0 0 0 0 0 0.2124573290348053 0 23.48444013297558 5.702171802520752 0 0.6887852996587753 0.6480861902236938 0 1.178709089756012 0 0.148101270198822 0.6993731111288071 0 0 0.8947324752807617 0.3513438329100609 0 0.1024330034852028 0.1794986426830292 0 0 0 0 0 55.78421032428741 0 0 0 243.1431379616261 0 0.1545611768960953 1.619302898645401 0.1807702034711838 0 5.144744694232941 0 3.483264029026031 35.03481061756611 5.890881091356277 1.740640118718147 4.496893353760242 10.68721693009138 4.471808686852455 3.721187502145767 0 0.579908013343811 0 0 0 0 0 0 0 0 0 0 0 0 0 0 0 0 0 0.1337255090475082 0 0 0 0 1.104562297463417 0 1.487594768404961 0 0 0 0 0 0 0 0.1603900045156479 0 0 0 0 0 0 0 0 0 0 0 0 0 0 0 0.3384536355733871 0.6416157782077789 0.5013007372617722 0.2539896070957184 0 0 0 0 0.1051095947623253 0 0 6.120075598359108 0.3274813592433929 0 0 0 0.4861208945512772 0 0 0.2599163949489594 0.2848382890224457 0 0 0 0 0 0 0 0 0 0 0 3.364010840654373 0.8326858580112457 0.5359131768345833 132.2343830615282 3.069731816649437 17.69104228168726 0.567367322742939 932.7711462751031 2.052839182317257 0 1.233899503946304 0.8503135144710541 0 1.095939248800278 0 1.280729122459888 0 0 0 0 0
502.2274393513799 4322.53730686754 705.2534589320421 116.2145445495844 0 16.20555658638477 317.166355997324 333.0920094251633 4080.159728467464 2004.263794884086 2427.265277564526 102.6167514324188 860.1630108356476 3900.852726235986 2.072038158774376 1.067862987518311 0 0.1299674808979034 0 0.2505730092525482 0.1061586290597916 0 0 0 0 0 0 0.8950973451137543 0 0 352.6525793448091 0.7454116195440292 48.3277185857296 0 0 0 11.18805509805679 0.2485708743333817 0.239660769701004 0 0.3277111798524857 0 0.5220983624458313 0.1513512283563614 0.2129503637552261 0 6.491822570562363 0.6323484182357788 0 0 0.9105743318796158 0 0 0 2.104224152863026 7.669779047369957 27.27493152022362 174.1449641287327 8.723167225718498 5.506941340863705 0 3.023051306605339 0 12.0902057737112 4.181861355900764 2.110431060194969 0.7280460298061371 0.2570128887891769 0 0 15.72473366558552 5.237860307097435 0.1218166947364807 118.0251576751471 38.96660901606083 6.676685564219952 28.03347845375538 2.175986737012863 0.5681373327970505 75.16149765998125 0.1884478330612183 8.030496500432491 6.125269636511803 0.3017740771174431 0.1319163590669632 5.742225609719753 0.1199420094490051 0.2536666616797447 0.2712432369589806 0.1282765865325928 0.1028928980231285 0 0 0.6454883217811584 0 86.80377100408077 0.8078093528747559 0 1.016084671020508 122.0359656140208 0.4047200530767441 1.018556162714958 2.957419939339161 2.105955421924591 0.3308576196432114 6.273322321474552 0.6516491770744324 23.2102539613843 22.47257766872644 26.31518387794495 10.24755086749792 27.89294059574604 82.96532173454762 35.98482841998339 42.70879402756691 1.489906534552574 1.12982265651226 0 1.307624489068985 0 0 0 0 0 0 0 0 0 0 0 0 0 0 0 2.062733218073845 3.690131932497025 0 0 0 16.50337156653404 2.957687437534332 13.52299896627665 1.29093499481678 0 0 0 0 0.4620462656021118 0.5379793047904968 1.666724070906639 0 0.5772232860326767 4.171539694070816 0 0 0 0 0 0 0.5047598481178284 0 0 0.2400829121470451 0 0.6228421926498413 1.524353295564651 18.36064559221268 0.1287399083375931 0 0 0 0 0 0 0 0 57.94450080394745 8.890381053090096 0 0 0 8.259289406239986 6.529339194297791 4.087236225605011 1.322550505399704 2.804996959865093 3.415826968848705 0.1182262077927589 0.3240268230438232 0 0 0 0 0 0 0 0 28.27490418404341 11.25343123078346 12.58365090936422 678.6650021746755 11.86223837733269 458.5095679983497 61.0031458362937 248.8754510432482 57.10192616283894 2.452453322708607 86.73042254149914 9.97831604629755 0 10.69484792649746 0.4817717298865318 13.55018039047718 0.7062431871891022 0 0.8258959501981735 2.014955461025238 0.3814856708049774
113.8362848162651 339.0180893093348 1.066528931260109 253.8445712476969 16.20555658638477 0 101.245122179389 4.602966204285622 15.83807446062565 465.1134662330151 10.31448099017143 301.4361156523228 214.3233641088009 45.84757971763611 0.7628236263990402 0.4452594518661499 0 0.1885425448417664 0 0 0 2.148808255791664 0 0 0 0 0 0 0 0 0.5960385501384735 0 86.60108649730682 0 0 0 58.20418475568295 5.974518001079559 3.76123733818531 0 0 0.5071062296628952 0 0 0 0 0 0 0 0 0.1077062860131264 5.306130699813366 3.368825227022171 0.2120395004749298 0 0.1275415122509003 81.62237501144409 41.21573594212532 4.189693301916122 0 0 19.01943103969097 0 0 0 0 0 0 0 0 219.4078408926725 259.8280674815178 6.427661925554276 1.144416436553001 1.011425048112869 0 0.1269276738166809 0 0 20.00117774307728 0 11.38186764717102 0 1.504305444657803 0 0.2927475422620773 0.1678671985864639 4.488176606595516 0.5752471536397934 6.391150593757629 0.2515722066164017 1.192081585526466 0 0 0.7870325744152069 433.916561871767 94.5923275500536 16.85955993831158 32.51932802796364 341.6156063079834 0 0 0.1370671093463898 0 0 1.739777475595474 0.1671749651432037 1.290199607610703 4.917968451976776 2.020037919282913 0.706957995891571 1.041527450084686 2.76611040532589 0.8858848959207535 0.7706975638866425 0.1437031775712967 0 0 0 0 0 0 0 0 0 0 0 0 0 0 0 0.9062929749488831 0 0 0 0.5377721190452576 0 0 0 0 0.1958979517221451 1.52758401632309 0.9442141577601433 0.1491698175668716 0 0 0 0 0.2062070965766907 0.143936961889267 0 0 0 0 0 0 0.9848225861787796 0 0 0 0 0 0 0 0 0.3421552106738091 0 0 0 0 0 0 0 0 0 0 1.589819461107254 3.760230705142021 0.4810137450695038 0 0 0 0 0 0 0 0 0.1945904791355133 0 0 0 0 0 0.2689587473869324 0 0 0 0.5290367901325226 0.394258514046669 1.33490302413702 79.18760517984629 0 0.8973279967904091 0.09462055563926697 350.1012764200568 3.90923560410738 0 1.350647643208504 0.2110929191112518 0.1475664973258972 0.2816240265965462 0 0.1719257086515427 0 0 0 0 0
757.4795758277178 1119.462841905653 21.61166773736477 667.0638190507889 317.166355997324 101.245122179389 0 3.034144893288612 746.3395970985293 4123.127925276756 68.39228716492653 318.8147754222155 2906.973513811827 1052.143394336104 0.6115145236253738 0.7763374149799347 0.4912478551268578 0 0 0 0 0 0 0 0 0 0 0 0.1820930689573288 0 25.8920585885644 0 14.30741742253304 0 0 0 0.7058210819959641 0.4538507163524628 0 0 0 0 0 0 0.2040766775608063 0 5.432114273309708 0.6597529947757721 0 0.1515228450298309 1.040998868644238 0 0 0 1.779564179480076 8.897198207676411 42.43946185708046 226.3866699039936 11.02616412937641 2.401955306529999 0.3899523913860321 4.013981252908707 0 4.638830617070198 6.54109513014555 2.269035771489143 0.735618568956852 0.131686732172966 0 0 9.422816902399063 0.9333685040473938 0 157.901529982686 44.46227352321148 6.064356602728367 18.13338886201382 0.8735340535640717 0.5340541750192642 10.15889494121075 0.1311766356229782 2.142999961972237 7.886046297848225 0.9009195044636726 0.2423725873231888 5.00029930472374 0.196998119354248 0.1146301180124283 0.9448311701416969 0 0.1319107264280319 0.130244255065918 0 0 0 43.37676759064198 0.7547728419303894 0 1.108293533325195 166.0773697420955 0.2954689711332321 0 0.39145378023386 1.051459453999996 0 5.921888664364815 0 7.122684933245182 7.178001955151558 9.831923596560955 3.088970854878426 7.908787086606026 29.04845105856657 11.49422163516283 9.192043989896774 0.6344991624355316 0 0 0 0 0 0 0 0 0 0 0 0 0 0 0 0 0 0 0.2504035830497742 0.841630294919014 0 0 0 5.905031889677048 0 5.354610152542591 2.167018920183182 0 0 0 0 0 0 0.1924459338188171 0 0.1393917351961136 0.2818666994571686 0.2124167829751968 0 0 0 0 0 0 0 0 0.09140193462371826 0 0 0.2632432878017426 7.221439361572266 0 0 0 0 0 0 0 0 0 20.85908596217632 2.443618893623352 0 0 0 1.32856473326683 1.793371066451073 1.382412999868393 0.6005663424730301 1.131263673305511 0.5354319140315056 0.1149815618991852 0 0 0 0 0 0 0 0 0 7.991934016346931 1.482138052582741 4.574413314461708 451.3949996009469 2.754998549818993 370.68713850528 38.51991795748472 351.7340022101998 42.7189442589879 1.967479363083839 38.58177416026592 4.705771207809448 0.2985009551048279 4.688719667494297 0 3.521454319357872 0 0 0 0 0.1686757504940033
610.7073948383331 1992.962539665401 5804.778609767556 0 333.0920094251633 4.602966204285622 3.034144893288612 0 36.34461838006973 1.416060924530029 995.6406665444374 4.171593770384789 54.91212913393974 188.9048368185759 12.60424572974443 5.877186574041843 6.781907215714455 11.02221568673849 0.2084184288978577 14.72367592155933 3.015657290816307 0 2.049010992050171 1.120742797851562 0.719743624329567 1.247371174395084 0 3.545588225126266 0 0.9847656637430191 913.6845974028111 154.7664925903082 187.6191112920642 0.5122230798006058 0 0.8191782087087631 11.1788080483675 1.872708544135094 0.1061132326722145 0 1.670110940933228 1.102696567773819 7.789360582828522 4.949502259492874 4.546761304140091 14.99939684569836 41.98530424386263 13.57760524004698 12.42411784827709 19.37397123873234 5.577346578240395 1.275334075093269 0.09089994430541992 2.141672402620316 3.350211776793003 7.713042266666889 28.48789625614882 360.5780211761594 8.975596651434898 14.98134342581034 69.59955001622438 27.33019633591175 2.428988546133041 131.2742313966155 6.339187726378441 5.325743101537228 1.556298814713955 2.66131192445755 10.723628282547 5.839143842458725 12.44115552306175 0 0 132.1706976294518 72.44341593235731 24.28209807723761 109.020279109478 52.84584176540375 407.9073131382465 390.8785294815898 166.2891210913658 1718.780028551817 8.528350815176964 0.9058086574077606 2.99996030330658 8.571286372840405 36.96980020403862 0 3.595272071659565 0.7464686185121536 1.751184396445751 0.2900882959365845 2.474656939506531 0.9008892998099327 0.1405262649059296 4.710215970873833 0.5119254589080811 0 1.198432058095932 218.8707177042961 0.5926728248596191 0 0 0 0 0 0 0.7241758704185486 0.4940878599882126 1.020439714193344 0 0.4364225417375565 3.208868965506554 0.832192450761795 0.7757773846387863 0.1315456926822662 0 0 0 0 0 0 0 0 0 0 0 0.1179591193795204 0 0.21840600669384 0 0.3692507743835449 0 0 0.333294689655304 0.3123291730880737 0.3475642800331116 0 0.1662831902503967 1.082405224442482 0 2.030245438218117 0.6292655915021896 0 0.3683426976203918 0 0 0 0 0.3443240076303482 0 0 0.145962730050087 0 0 0 0 0.2511235177516937 0 0 0 0 0 0 0 0.6874716430902481 0 0 0 0 0 0 0 0.2913854718208313 0 0 4.735095635056496 1.869659870862961 0 0 0 0.5809618234634399 0 0.2256441861391068 0 0.2417198866605759 0.1347162127494812 0 0 0 0 0.2108340710401535 0 0.165876716375351 0.1788356602191925 0.2900524437427521 0.1645761430263519 0.9312857836484909 0.1838641464710236 2.095873646438122 408.6601388156414 12.61641308665276 627.9842298105359 73.20690906047821 100.7387886717916 55.9656295478344 1.58481902629137 70.67591897398233 1.00560250878334 0 0.9243030101060867 0.183413565158844 0.5924476385116577 0 0 0 1.336818270385265 0.1863726824522018
54.75009387731552 968.6564461439848 42.45901986956596 220.4979112744331 4080.159728467464 15.83807446062565 746.3395970985293 36.34461838006973 0 1619.552014142275 1037.631697416306 173.6044078320265 1201.02224548161 3670.173937857151 1.492764011025429 0.6340907961130142 0 0 0 0 0 0 0 0 0.152817890048027 0.1480622589588165 0 0.108142152428627 0 0 10.18897511065006 0.2218936830759048 44.08818911015987 0 0 0 8.407078057527542 0.563477635383606 0 0 0 0 0 0 0 0 4.708677753806114 0 0 0 0 0 0 0 1.147128075361252 2.992651037871838 8.687611810863018 33.45847740024328 3.420597337186337 4.14445786178112 0 6.483868062496185 0 5.245389431715012 2.38018149882555 0.7085687965154648 0.087911456823349 0 0 0 21.06214147806168 3.982638895511627 0 29.81719393283129 7.552261546254158 5.524391859769821 12.96227510273457 1.158503584563732 1.150324106216431 55.9711884111166 0 1.836161017417908 2.375007748603821 0.3268446177244186 0.5282131433486938 2.150500729680061 0 0.2686516046524048 0.1208245158195496 0 0.2726487070322037 0 0.1876766681671143 0 0 142.1157006770372 0.1173814162611961 0 0 15.40059407800436 0 0.2955967932939529 3.625785917043686 1.840278938412666 0.2962824106216431 7.871415540575981 1.757552996277809 29.27682054787874 28.04206719994545 24.07953148335218 5.631851091980934 29.71826551109552 95.90936572104692 53.21266859024763 36.27800643444061 0.2705316841602325 1.254871442914009 0 0.8563719987869263 0 0 0 0 0 0 0 0 0 0 0 0 0 0 0 1.301479607820511 1.582264572381973 0 2.036095827817917 0 14.13667023926973 1.756745740771294 12.54669823497534 0.3577674180269241 0 0 0 0 0 0.3622393906116486 0 0 0.7368053868412971 4.655225560069084 0.2881981432437897 0 0 0.4442283809185028 0 0 0.1445336937904358 0 0 0.3126054406166077 0 0.74840147793293 3.073636889457703 12.15253841876984 0.2186172753572464 0 0.1528688371181488 0 0.2154790684580803 0 0 0 0 59.63094184547663 8.741072788834572 0 0 0 4.757578790187836 3.92389365285635 3.451237127184868 3.475481756031513 2.816777043044567 3.951867669820786 0 1.261764325201511 0 0 0 0 0 0 0 0 28.6822396889329 7.586546614766121 13.11235617101192 590.1936571896076 5.528227746486664 250.2582308575511 35.59650991111994 90.77825580537319 32.33657146245241 1.230059444904327 48.17375335842371 9.212248288094997 0 15.5392976924777 0.5560337528586388 14.28376863896847 0.4070365428924561 0 1.583479940891266 0.4242245480418205 0
1615.584958061576 1711.547977693379 4.183834940195084 1208.091986700892 2004.263794884086 465.1134662330151 4123.127925276756 1.416060924530029 1619.552014142275 0 42.37701594829559 2128.116883739829 8183.332042276859 1294.380666553974 0.6190282106399536 1.831293821334839 0.274677075445652 0.1459783017635345 0 0 0 0 0 0 0 0 0 0.2775724828243256 0 0 3.344882622361183 0.5421230792999268 209.4455445408821 0 0 0 67.29901777207851 1.946184247732162 0.1788958460092545 0.09470453858375549 0.2720639109611511 1.106551885604858 0 0 0 0 2.916522055864334 0.1344520002603531 0 0 0.6937970072031021 0 0 0 1.31591872125864 2.674747817218304 24.63719219714403 99.81590723246336 3.383336901664734 2.116225682199001 0 28.13010688126087 0 2.919251769781113 2.119305111467838 1.654004104435444 0.4279081150889397 0.2270456403493881 0 1.124862790107727 117.9188957512379 16.75853791832924 0 57.14390373975039 16.69932970404625 2.647690802812576 11.94223406910896 0.3838555216789246 0.3647142648696899 120.7899248152971 0.8226684629917145 15.21625696122646 1.941587924957275 0.2505294382572174 0 1.692295163869858 0.2137367203831673 0 1.181881956756115 0.1170300990343094 0 0.4197058081626892 0 0 0 1512.144514396787 40.1472934782505 0 4.093437552452087 389.4283710867167 1.726477175951004 1.969343617558479 23.41094265878201 12.26803942024708 1.486048832535744 60.38896401226521 8.698285430669785 110.9602798596025 126.8408957198262 144.7432022318244 33.88326033204794 132.4185488000512 371.0782710537314 164.9925746619701 116.2059814929962 5.3228769749403 3.270208813250065 0 1.044934511184692 0 0 0 0 0 0 0 0 0 0 0 0 0 0 0 4.156092956662178 7.873993024230003 0.3208267688751221 1.683517456054688 0 43.62894234806299 9.014286860823631 37.95923409610987 1.297585070133209 0.6004225015640259 0 0 0 0.7423195540904999 2.241297513246536 2.276624277234077 0 5.316111236810684 13.53539840131998 0.369455449283123 0.1919034868478775 0 0 0 0 0 0.2974905967712402 0 1.824568286538124 0 2.151359617710114 5.828968465328217 58.89946147799492 0.1173126921057701 0.711490236222744 0.2850991412997246 0.2566264569759369 0.3528835773468018 0 0 0 0 199.1099131032825 13.07725085318089 0 0 0 24.09111793339252 15.25674845278263 9.829406470060349 5.980134695768356 10.62519808858633 11.67124386876822 2.18446572124958 3.091486491262913 0.3042332828044891 0 0 0 0.08007132261991501 0 0 0 92.73205031454563 32.8436636030674 30.82615306228399 1077.605746552348 7.303333468735218 142.2279292792082 19.41851143538952 1834.277429535985 19.21041989326477 0.6897086799144745 32.5061282813549 27.73973772674799 0.1905940622091293 37.67577751725912 1.723127000033855 62.79222337901592 0.2902187556028366 0 0.6099193096160889 0.2181846499443054 0.6334092020988464
923.3159173205495 4166.59831764549 2031.230737879872 5.517445802688599 2427.265277564526 10.31448099017143 68.39228716492653 995.6406665444374 1037.631697416306 42.37701594829559 0 66.18946376442909 1437.567113369703 6196.542555570602 29.58548209071159 10.16069415956736 0.0989304855465889 0 0 0 0 0 0 0.104606956243515 0 0.670952707529068 0 0 0.3243173807859421 0 387.5570367276669 8.134355813264847 1448.388072937727 0 0 0.2066399902105331 71.77449257671833 1.462388604879379 0.1416807919740677 0 0 0.4788965880870819 0 4.352851375937462 0.2996122241020203 0.7796448618173599 42.83558974415064 0.391598604619503 0 0.4666394591331482 1.162199914455414 0 0 0.1060244217514992 1.16827093064785 6.426879979670048 20.65883173048496 161.0928805992007 8.068931967020035 18.99374468624592 0.8456723392009735 27.39003944396973 0 22.11522953212261 4.789466567337513 3.061745330691338 0.5199664160609245 0 0 0 31.93048444390297 5.92101164162159 0 88.11358969658613 37.15960720926523 30.31930281966925 109.4154577627778 16.80737633258104 29.22971169650555 785.2619641721249 1.59781589359045 107.2914955988526 7.002780854701996 0.7793470397591591 0 5.025202684104443 0 0.1079758703708649 0.9009002596139908 0 0.5262532383203506 0.4339102357625961 0.918231874704361 0 0.5853475108742714 41.82907229661942 2.084746986627579 0 2.797341227531433 155.194865770638 0 0 1.516516663134098 0.6575664505362511 0 0.8912158161401749 0 5.368048764765263 4.052248023450375 6.707990579307079 1.981125593185425 8.489935375750065 31.19163004308939 13.91719491034746 18.95046569406986 0.2512096762657166 0 0 0 0 0 0 0 0.2920072376728058 0 0 0 0 0 0 0 0 0 0 1.323030978441238 0.1383179724216461 0.4639576375484467 0.1687451303005219 0 5.750001281499863 1.352116152644157 4.157943531870842 0 0 0 0 0 0 0 0.1596095561981201 0 0.2441201955080032 1.290312685072422 0 0 0 0 0.1346757858991623 0 0 0 0 0 0 0.4153063893318176 1.356106013059616 9.984490796923637 0 0 0.1197752878069878 0 0 0 0 0 0 22.7086244225502 8.585983246564865 0 0 0 4.682714983820915 2.719388514757156 1.786522895097733 1.165391087532043 1.14249387383461 2.067866340279579 0.8829606473445892 0.4289674013853073 0 0 0 0 0 0 0 0 8.059379532933235 6.930917054414749 6.274599157273769 531.1998762711883 12.50974521785975 398.0540114045143 57.076295979321 133.1930343136191 51.08092269301414 2.080439940094948 89.39825784415007 2.682185783982277 0 5.352799341082573 0 3.07067608833313 0 0 0.9905391484498978 1.502327993512154 0
99.80315935611725 78.15375208854675 3.516462862491608 223.7030916363001 102.6167514324188 301.4361156523228 318.8147754222155 4.171593770384789 173.6044078320265 2128.116883739829 66.18946376442909 0 3038.607932709157 1044.101292960346 13.44985421746969 9.704127699136734 0.6891119778156281 0 0 0 0 0 0 0 0 0 0.3003918528556824 0 0 0 1.143190190196037 0 124.8312491625547 0 0 0 118.4539204090834 0.9190461337566376 0.5261112600564957 0.1009308695793152 0 0 0 1.805344969034195 0 0.1487301886081696 9.243465140461922 0 0 0 0.5415041521191597 0 0 0 0.09030651301145554 0.5214948058128357 4.040938965976238 7.902449421584606 0.8902968391776085 3.355531841516495 0.4470791965723038 23.95608089864254 0 2.501739501953125 0.328250840306282 0.07898128032684326 0 0 0 0 46.32070733606815 53.98380169272423 0 10.17159609496593 4.743364214897156 6.732286803424358 17.43161744624376 6.221482127904892 0.4010089337825775 366.8819042742252 0.5935361385345459 17.84963987767696 0 0.2372728735208511 0 0.5417826920747757 0 0.2860642448067665 0 0.3861379101872444 0.1307953149080276 0.1396831125020981 0 0.436018630862236 0 2400.285131782293 53.15678597986698 1.156984925270081 1.244111359119415 65.71689869463444 0.4937652722001076 0.5311872214078903 7.868787504732609 3.25600865483284 0.3661471605300903 12.57114348560572 2.921887934207916 45.10898795723915 48.01852324604988 49.5010294765234 13.15172891318798 54.61316827684641 164.4738814458251 77.05863643437624 53.91395647823811 2.028626009821892 3.169093169271946 0.4187932908535004 0.4131844490766525 0 0 0 0 0.955663874745369 0 0 0 0 0 0 0.2417730540037155 0.1455667763948441 0 0 2.176055252552032 0.9865353405475616 0 1.5501853749156 0 22.35368008166552 3.577575661242008 15.48518110066652 1.821122355759144 0 0 0 0 0 1.432521313428879 1.316739231348038 0 1.042405493557453 5.78131328523159 0.3496544659137726 0.1757764518260956 0 0 0 0 0 0 0 0.3862315788865089 0 1.027698680758476 5.006547287106514 17.61329206824303 0 0.2737997770309448 0.329424723982811 0 0.6168515309691429 0 0.2334320992231369 0 0 83.72846622020006 22.45484134554863 0 0 0 8.178200021386147 3.572861604392529 4.248980298638344 1.869915343821049 4.06386486440897 6.353327192366123 0.6278355270624161 2.011378780007362 0.3120086789131165 0 0 0 0.0962861180305481 0 0 0 51.33269193768501 21.41384451836348 22.56797429174185 526.328698515892 2.411941148340702 114.2969553694129 17.51249157637358 429.6809353232384 9.981032766401768 0.5631924569606781 18.02019853889942 13.05799369513988 0 15.52710316330194 0.9974164441227913 27.16687878966331 0.6527835503220558 0 1.080108419060707 0.537894606590271 0
224.1473252922297 1513.802454844117 68.7356068789959 1005.798590540886 860.1630108356476 214.3233641088009 2906.973513811827 54.91212913393974 1201.02224548161 8183.332042276859 1437.567113369703 3038.607932709157 0 6946.292052015662 58.94697298109531 43.04551774263382 4.773843303322792 0 0 0 0 0 0.1160217896103859 0.215603232383728 0.8554736226797104 0.2214629277586937 0 1.18827198445797 0 0.1332913488149643 13.30563209950924 0.5757006853818893 490.2437005639076 0 0 0 46.0091765448451 8.127435840666294 3.518418982625008 1.006358876824379 0.3477567285299301 0.3220143616199493 0 7.787759505212307 0 0.4259060025215149 49.07533856481314 0.3034371882677078 0.1068087443709373 0 2.792358495295048 1.0951022580266 1.945349887013435 0.7781167477369308 0.6686263233423233 4.157441861927509 16.84055828303099 63.67136570811272 7.451059423387051 22.02389518171549 10.81634025275707 66.23254927247763 0.7021430432796478 10.03008911013603 2.363106161355972 2.229414001107216 0.8204687461256981 0 0 0 490.6702291369438 219.4586686789989 0.1818917840719223 62.42716018110514 24.08268339931965 33.38438999652863 83.09656643867493 15.79515509307384 3.457955881953239 607.1926522478461 4.714740946888924 128.0505331754684 3.637909837067127 0.3210480064153671 0 4.200303316116333 0.140851303935051 0.5411463230848312 0.9772629514336586 0.8787946477532387 0.5889495760202408 0.7422727793455124 0.9186911433935165 0.7556795626878738 1.132038071751595 4200.161877900362 249.2950228452682 6.33480016887188 10.20628125965595 76.40648672729731 1.653433904051781 1.959507301449776 24.54141294211149 9.866494186222553 0.8344506919384003 59.44339612871408 9.432155162096024 119.3840128183365 108.4971561804414 116.8145195543766 40.46157956123352 141.9022685959935 441.8768489137292 176.0181963518262 172.3529368340969 12.02411244809628 7.840510159730911 0.541591003537178 1.040884301066399 0 0 0 0 0.7803190648555756 0 0 0 1.258816808462143 0 0 0 0.2393427789211273 0 0 9.058143854141235 5.843784287571907 0.1458805650472641 7.237624153494835 0.627718023955822 71.44163450598717 16.19017790257931 57.02342285215855 7.065988555550575 0.1472250521183014 0 0.1853987127542496 0 1.2114647179842 2.381586700677872 4.692485436797142 0 5.879319176077843 15.86967073380947 0.5148938447237015 0.1220298036932945 0.1122406348586082 0.8899125009775162 0.4681386202573776 0 0.3060121238231659 0 0 1.28922227025032 0 4.650339566171169 14.73739030212164 68.20949405431747 1.772847257554531 0.419113390147686 1.143721699714661 0 0.5134774148464203 0.1632215231657028 0 0 0.1419620215892792 292.9236792400479 91.74838603287935 0 0.1502371728420258 0.1811158359050751 38.05439735203981 29.31296918541193 18.74406362324953 7.988713949918747 13.65324917435646 22.50891652703285 3.895152069628239 5.243855327367783 0.9370807334780693 0 0 0 0 0 0 0 125.8716018274426 66.27883651852608 89.67271152883768 1407.976334504783 15.50094676017761 480.6214584931731 82.93479975312948 464.2684643045068 50.3467995300889 1.274938829243183 127.5290241390467 48.32500188052654 0.723884105682373 48.59379255026579 1.918728560209274 56.64676485210657 1.364703983068466 0.1174352839589119 4.043168671429157 3.470662467181683 0.2233814597129822
415.811295747757 3459.649459369481 392.4247113913298 339.1069805622101 3900.852726235986 45.84757971763611 1052.143394336104 188.9048368185759 3670.173937857151 1294.380666553974 6196.542555570602 1044.101292960346 6946.292052015662 0 50.82854223996401 19.95830776542425 1.458612717688084 0.3610562682151794 0.1979735940694809 0 0.3368894457817078 0 0 0 0.9852147400379181 0.6479498445987701 0.09575273841619492 0.5601206123828888 0 0.09516502916812897 51.94008873403072 4.874392598867416 934.7152388095856 0 0 0 139.0318176448345 2.145572513341904 0.5513880252838135 0.1289905458688736 0.1094922870397568 0.3160387426614761 0 5.633168891072273 0.3331674039363861 0.2209366112947464 54.58282344788313 0.4254161864519119 0.2070032060146332 0 0.6884006932377815 0 0 0 1.299155361950397 5.309014387428761 18.86952513456345 82.35544875264168 6.11707778275013 20.94929396361113 0.4777405261993408 102.1375038474798 0 12.80870995670557 3.378285594284534 1.498110063374043 0.7578931376338005 0 0 0.1760999709367752 108.6338324993849 27.96166937053204 0 68.04887363314629 20.58568406105042 30.90679736435413 95.7819492816925 27.21996553987265 14.91203020513058 2434.975839614868 0.7042277157306671 127.8209329992533 4.465074837207794 0.5262534245848656 0 4.418276943266392 0.5294975489377975 0.1270079612731934 1.042448319494724 0.4486568719148636 0.2949023246765137 0.2478360906243324 0.1537102162837982 0 0.2835593670606613 1205.804685249925 8.17531019449234 0 3.235499441623688 72.84901190549135 0.8475322797894478 1.36437551677227 8.59201941639185 3.324329234659672 0.1244169101119041 16.07185395807028 2.65173102915287 47.95486294478178 42.05583141744137 45.10091446340084 14.77991316467524 57.81456983834505 165.4466016292572 75.27494235336781 73.53055955469608 2.627507902681828 1.58906164765358 0 1.515587463974953 0 0 0 0 0.8736811950802803 0 0 0 0.3668869435787201 0 0.2407453507184982 0 0 0 0 4.816547356545925 3.980109736323357 0 1.357879772782326 0 26.57250430434942 4.018097147345543 20.2035865932703 1.524688154459 0 0 0.3629986345767975 0.1440055668354034 0 0.3234148621559143 1.73475743830204 0 1.961980074644089 3.585653625428677 0.6592974588274956 0 0 0.2809907495975494 0 0 0 0.08914634585380554 0 0.9057278856635094 0.1636295169591904 2.319568619132042 5.381794199347496 27.5840557590127 0.7800243645906448 0.2153088003396988 0.1317697912454605 0.1122191473841667 0.1645856350660324 0 0 0 0 119.5183018520474 28.54231877624989 0 0 0 10.97821255028248 8.162991389632225 6.049411922693253 4.410172671079636 6.82188181579113 9.29523640871048 0.2772805988788605 1.240505568683147 0.1352211236953735 0 0 0 0.07459645718336105 0 0 0 64.2301658987999 27.21473664045334 24.23539806902409 1268.046745412052 11.74275743216276 527.9044871330261 87.39526270329952 181.7717097476125 52.9038327485323 1.946400560438633 103.7490438967943 16.26426593959332 0 23.84473616629839 0.8059650212526321 16.43352467566729 0.5701693445444107 0 1.990505307912827 1.835756063461304 0
2.885710418224335 4.984772674739361 2.184478223323822 0.2636914849281311 2.072038158774376 0.7628236263990402 0.6115145236253738 12.60424572974443 1.492764011025429 0.6190282106399536 29.58548209071159 13.44985421746969 58.94697298109531 50.82854223996401 0 2865.739708192647 944.0779709070921 20.55579781532288 22.52153467386961 0.6682883277535439 1.076935008168221 0 0.3275491148233414 0 25.86069392412901 1.605284824967384 5.940469928085804 0.7323049008846283 2.394381195306778 0.2690094709396362 2.022691048681736 1.339344680309296 236.6897978037596 1.772132277488708 0 13.28036490827799 189.8334940969944 233.2164773195982 39.63482385128736 68.24016550928354 0 1.204249933362007 0.2869880199432373 480.7422249093652 100.1763359904289 55.31532814353704 516.8871365487576 34.63104479014874 66.28040367364883 12.92288468778133 17.06629265844822 0.2928627878427505 5.71727541834116 0.7359672710299492 12.8522460013628 22.39734201878309 3.831686533987522 3.541904397308826 14.47183385491371 399.0376404896379 36.02424225956202 114.500004991889 6.066568918526173 4.134285241365433 20.55908830463886 16.60852252691984 4.44932621717453 2.504492424428463 0.754908449947834 0.2804150432348251 82.44086149334908 23.19647489488125 0.1334870606660843 103.149508588016 32.98923641443253 578.2057347968221 750.5923454836011 161.2326544746757 13.34280400723219 131.0706308558583 44.85879543423653 169.8777594268322 60.12782140821218 0.85553178191185 1.65310475975275 24.80235060304403 27.90356495976448 0.5431233197450638 8.855167672038078 0.5768907442688942 4.475456260144711 1.720088422298431 3.216604948043823 1.243747778236866 0.6523305401206017 6.812145322561264 13.32447578012943 1.802871368825436 10.0422522649169 0.9403905272483826 0.1042366251349449 0 0 0 0 0 0 0.1597393006086349 0 0 0.7386481091380119 0 0.6550108939409256 0.3723610639572144 1.64451851695776 1.970610782504082 1.493165604770184 0.3557942435145378 0.5969514101743698 0 0 0 0 1.463440373539925 0 0 0 1.957798711955547 0.4249773770570755 1.456318683922291 0 5.277089692652225 0.3069265484809875 0.5276132225990295 0.10209059715271 0.9444295540452003 0.2669977247714996 1.610989168286324 3.054283045232296 3.692488074302673 1.966458797454834 4.098639450967312 11.37078794836998 1.645448513329029 0 0 0.1783137917518616 0 0.8186580538749695 2.238279119133949 0 0.3622289597988129 0.4475235641002655 0.1761431694030762 0 0 3.262044139206409 0 0 0 0 0 0 0 1.475433386862278 2.296131461858749 1.039348550140858 0.2625675648450851 0 0.07990488409996033 0 0 0 0 0 0.2043196558952332 4.687839217483997 8.030605524778366 0 0 0 0 1.693068161606789 0.9663293585181236 0 0.8909767419099808 0.1948478817939758 0.2873251512646675 0.3478409796953201 0 0 0 0 0.1082011684775352 0.1093165650963783 0 0 0.37276641279459 3.638143338263035 16.68126390874386 574.1171820536256 90.23344799876213 1734.841435797513 142.5229870080948 10.4153334274888 10.89942266047001 1.527151554822922 49.59672527760267 6.275270976126194 0.1477665454149246 2.080443792045116 0.2054274752736092 0 0 0 0.8061054944992065 7.03989090025425 0
