0 2975.906248390675 183.8490417078137 1312.390351325274 219.0008680894971 591.7698800861835 386.8974822834134 73.78042767196894 68.3982355222106 1430.30771600455 220.4836997240782 86.17486146837473 372.6090921461582 34.78180199861526 1.183770842850208 0.209539420902729 0 0.3849006742238998 0 0.4894079640507698 0.7268692851066589 0 0.1790349036455154 0 0 0.5588030368089676 0.2789256796240807 0 0 0.1322325021028519 426.7582520768046 0.2613044679164886 2.720133081078529 0.331081286072731 0.2065144330263138 0 1.126541279256344 0.1185726523399353 0.5601103901863098 0.1330819875001907 1.119784817099571 0.1152819842100143 0.2354231327772141 0.9638192802667618 0.1433982104063034 0 32.62121486663818 4.757180325686932 0.1865655183792114 0.9960231259465218 0.7235442325472832 1.343558058142662 0 0 12.2889334782958 4.469397127628326 637.4082269668579 1365.803918659687 12.02295165508986 11.07579726725817 0.2495945915579796 0 0.3984889686107635 3.3711017370224 5.092220865190029 4.133450217545033 2.056664705276489 0.7172020077705383 0.5954841375350952 0.103584885597229 6.930920317769051 30.58731889724731 0 538.0056180730462 51.90742973983288 64.89355694502592 10.82392289489508 0.5815975964069366 0.1104327142238617 34.25754103064537 0.6296485811471939 6.385833188891411 23.26376903802156 0.3583144471049309 3.587157145142555 11.13108406215906 1.701895505189896 0.6623718440532684 2.617810696363449 1.019410952925682 0.325326107442379 0.4837441146373749 0.6400191485881805 0 0.4041938930749893 14.73578791320324 50.48931774497032 5.346155941486359 0.9315775036811829 1290.010829970241 0 0 0 0.4849762916564941 0 0.7338271737098694 0 1.090244054794312 5.161230161786079 7.855840027332306 0 5.828689351677895 7.838433638215065 1.207728818058968 0.660660982131958 0 0 0 0 0 0 0 0 0 0 0 0 0 0 0 0 0 0 0 0 0.297673761844635 0 0 0 0.6026110649108887 0 0.5634863823652267 0 0 0 0 0 0 0 0 0 0 0 0 0 0 0.4261423051357269 0 0 0 0 0 0.5178165435791016 0 0 0 0.7951096892356873 0 0.2170607149600983 0 0 0 0 0 0 0 0.7502685934305191 0 0 0 0 0.4332320988178253 0 0.2790763974189758 0 0 0 0 0 0 0 0.1232422217726707 0 0 0 0 0 3.655970200896263 0.4871524572372437 0 144.4942730516195 22.40084629505873 158.2279891595244 45.30716259032488 1021.628219939768 45.03607674688101 1.338361226022243 9.796802088618279 7.735455572605133 0 0 0 15.50509017705917 0 0 0 0 0
2975.906248390675 0 1591.374808207154 1835.020129956305 7268.044855318964 223.9691194817424 2531.777464397252 1595.908716537058 2011.703841589391 584.6932719945908 4103.201891325414 24.40719054639339 1676.107044808567 928.029448390007 16.50670682638884 5.600173637270927 0.8544912338256836 0.5074697136878967 0 5.049503952264786 13.58993002772331 0 2.726706095039845 0.9297980219125748 1.399845346808434 1.453685395419598 2.101913169026375 1.212172500789165 0.179259330034256 0 4467.5779697299 6.81401515007019 16.37389971315861 2.401753626763821 3.079506777226925 0.1185752525925636 5.768791809678078 0.2114998623728752 2.72259084880352 0.8252611979842186 12.73710395395756 1.969437047839165 0.3593502640724182 3.401243075728416 0.68911412358284 0.510849803686142 112.6507088690996 14.73586596548557 1.316271781921387 3.80801372975111 2.574736565351486 0.5211329311132431 0.1092839241027832 0.6049303859472275 15.7191372141242 11.00953594595194 291.6032135039568 1943.556644745171 11.26922704279423 39.11961699277163 1.599280327558517 1.861741341650486 0.1362655609846115 23.79348147660494 12.75828182697296 8.88305626064539 5.652699999511242 4.942127451300621 2.572832264006138 7.138369500637054 8.268514901399612 1.351694539189339 0.1771072596311569 687.6013204753399 174.2975149527192 234.190740659833 89.48850496858358 6.455942213535309 10.29272316396236 562.8688974529505 12.6338322237134 59.74037212878466 44.45523706078529 0.829002246260643 10.2001141384244 23.26683997362852 7.87824971973896 0.69136593490839 6.09135065227747 0.633246473968029 2.072549410164356 2.193719148635864 1.091310188174248 1.957890160381794 2.315921932458878 22.7688289731741 0.7365835011005402 0.7365675494074821 2.684271469712257 495.4320732876658 0.1591919958591461 0 1.087284445762634 0 1.097162336111069 1.861962020397186 0.2341197729110718 1.933405816555023 13.06156957894564 2.428881362080574 0 4.757925376296043 3.571532547473907 2.128041192889214 2.738667845726013 0 0.1108958125114441 0 0 0 0 0 0.1530280560255051 0 0 0.1724513471126556 0 0 0 0 0.1122417971491814 0 0 0 0.2426960021257401 0.1977531909942627 0 0 0 5.995491430163383 0 1.052990078926086 0 0 0.1494110822677612 0.2257223874330521 0.2611903846263885 0 0 0 0.1373978406190872 1.058203652501106 0.2657061740756035 0 0.2155202329158783 0 0.197435587644577 0.5782487392425537 0 0 0 0 0 0 0 0.1832196712493896 1.8775280341506 0 0.6860534176230431 0 0 0.1168424487113953 0 0.1161149442195892 0 0.3416892141103745 4.178638622164726 1.296941936016083 0 0 1.118832357227802 0.7659980207681656 0 0.4621985703706741 0.6208759546279907 0.1163720488548279 0.5627055838704109 0 0 0.1766891628503799 0 0.1359360665082932 0 0 0 0 0.1845703721046448 2.486312925815582 1.349199302494526 0.5916579812765121 151.0777809843421 47.73410829156637 305.3490295931697 72.04325193166733 457.3895763382316 56.81006352603436 3.92189634591341 28.52576026320457 3.433904342353344 0.3424608334898949 2.012562640011311 0.4802309721708298 6.247643694281578 0 0.1064286530017853 0.5502209514379501 1.300155200064182 0
183.8490417078137 1591.374808207154 0 111.6896563768387 461.7144080102444 3.801780551671982 81.73430909961462 3348.992127947509 709.1046373695135 11.06384360790253 5022.280791029334 6.244105614721775 180.9407689496875 456.4619398638606 30.09827106446028 13.16819377988577 1.808738864958286 5.699620366096497 1.69337098300457 40.65175709873438 77.13935645669699 0.3966974541544914 14.86600911617279 4.827991336584091 3.49277837574482 5.116438060998917 4.887893624603748 6.308260165154934 0.3017727136611938 0.1209551692008972 3700.326834470034 178.5012556165457 49.04102160781622 17.39387082308531 14.61039727181196 0.6066729128360748 7.651033103466034 0.3505766466259956 1.132196106016636 0.8302932158112526 55.55673534423113 6.801462292671204 9.415143027901649 9.088742926716805 2.357333555817604 2.135652214288712 63.27544274926186 1.935798712074757 2.005503468215466 13.48730507493019 2.732702754437923 1.374051474034786 0.2264915853738785 3.14760123193264 2.360785804688931 1.35300749540329 48.52493692934513 968.710132598877 1.732301756739616 7.73548799008131 8.573777012526989 13.41233412921429 0.7682697996497154 394.4253398776054 1.753318682312965 1.047908410429955 3.768712721765041 5.408440724015236 15.53006937354803 43.36638019979 5.106850288808346 2.127463601529598 0 117.7173220142722 70.98599817603827 91.24976763129234 99.8072594255209 23.94987048208714 160.6904096677899 1289.599221579731 188.618694037199 550.3130418658257 7.209452427923679 0.1388540118932724 1.143255598843098 3.667414210736752 3.78258690983057 0.1085072234272957 1.276343867182732 0.2778759598731995 0.6483081057667732 0.9284333065152168 5.398021884262562 5.509316429495811 2.176544196903706 1.037319734692574 0.8679171949625015 0 0.4171674996614456 13.48457660526037 0 0 0.3379712849855423 0 0 0 0 0.1088125556707382 0 0 0 0.2540697455406189 1.4902613312006 0.2036352008581161 0.2500578686594963 0 0 0 0 0 0 0 0 0 0 0.5155987739562988 0 0.1170102879405022 0 0.1129507347941399 0 0.1362089663743973 0 0 0.1001718789339066 0 0 0 0 1.277914561331272 0 0.519833043217659 0.7478839680552483 0.117498442530632 0.1166579276323318 0.446127824485302 1.100325547158718 0 0 0.2266233488917351 0 0.07430595904588699 0.217594288289547 0 0 0.5394160747528076 0.1311390846967697 1.894692793488503 0 0 0 0.1462928056716919 0 0 0 0.1040771007537842 1.012196525931358 0 0 0.2025859653949738 0 0 0 0 0 1.541124418377876 2.007298432290554 0.1205298900604248 0 0 1.364929661154747 0.531346932053566 0 0.8147296980023384 0 0.7470622658729553 0.2180458754301071 0 0 0.1415950208902359 0 0 0 0.3092637956142426 0 0 0.09283225983381271 0 0 0.6872228309512138 78.7111458927393 26.93478035926819 96.61503434926271 26.21341648697853 25.52974732220173 10.93633834272623 1.17385870963335 20.20570661127567 1.794626139104366 0.3742929771542549 2.355977222323418 0.3202483057975769 0 0 0 1.873055443167686 2.156829655170441 0.31767737865448
1312.390351325274 1835.020129956305 111.6896563768387 0 206.2400084286928 634.3846888914704 479.8683247715235 1.190289556980133 39.70654586702585 2963.284901194274 142.090899258852 622.265903994441 1999.495624132454 52.04277917742729 2.914139896631241 0.2357291430234909 0 0.1684376001358032 0 0.1078483313322067 0 0 0 0 0.2573948875069618 0 0 0 0.3944773003458977 0.1571422964334488 100.5662633627653 0.3995946645736694 0 0 0 0 0.6261254251003265 0 0.7478132024407387 0 0.1055921539664268 0.3027970343828201 0 0.1164337322115898 0 0 35.21653505414724 5.002855569124222 0.2623273283243179 0.3580680191516876 0.4711870551109314 0.1817435026168823 0 0 7.164870657026768 3.666363701224327 94.80772979557514 270.1640801429749 4.084798283874989 11.97232639789581 0.1124111860990524 0.2355673164129257 0 3.358459837734699 3.09252867102623 3.35765378922224 2.915879398584366 0.5074612274765968 0 0.1021006926894188 35.86720260977745 0 0 234.1166792660952 57.59917245805264 81.519455909729 21.13136079162359 0.2810950428247452 0.1043092831969261 1.281049013137817 0.3368289396166801 1.055361665785313 16.21109053492546 0.3352740108966827 2.4400914311409 7.326557248830795 2.010677099227905 0.233789898455143 1.864380434155464 0.3257344737648964 0.5183556899428368 0.7772361859679222 0.2533006519079208 0 0.1083989590406418 75.64674216508865 1.851700305938721 0 1.678025335073471 174.7428421825171 0 0.5343701839447021 0 0 0.2543473839759827 0.3047069013118744 0 1.259368747472763 4.541034251451492 2.347797900438309 0 4.480905219912529 5.940422356128693 2.6357082426548 0.6428185701370239 0 0.2990481927990913 0 0 0 0 0 0 0 0 0 0 0 0 0 0 0 0 0 0 0.6347096562385559 0 0 0 0 0 0 0 0 0 0 0 0 0 0 0 0.2209096103906631 0.2574945986270905 0 0 0 0 0 0 0 0 0 0 0.3098308444023132 0 0 0.4680110216140747 0 0.39474917948246 0 0 0 0 0 0.203475683927536 0 2.337450727820396 0 0 0 0 0.1647387593984604 0 0.2635134160518646 0 0 0 0 0 0 0 0.1585992723703384 0 0.111647292971611 0 0.2443385422229767 0.2422899156808853 1.909872114658356 0 0.6378110647201538 84.87673805654049 13.77389508485794 118.4269657507539 25.49883756041527 777.7748450934887 19.84728076308966 0.6048109754920006 7.365420423448086 2.860123932361603 0 0 0 5.447808146476746 0 0 0.1869139224290848 0.2701647728681564 0
219.0008680894971 7268.044855318964 461.7144080102444 206.2400084286928 0 9.614608570933342 2448.653982065618 56.56191536784172 7059.89926700294 59.6335366293788 1275.303955964744 8.938077479600906 606.5759958252311 152.038551852107 30.05658001452684 1.734400905668736 0.3199030458927155 0.9412097930908203 0 2.177534885704517 0.9935871884226799 0 0 0 0.2769309654831886 1.048960261046886 0.2479046955704689 3.879948414862156 0.9731141105294228 0.3351663425564766 431.0887147784233 22.03539904952049 2.103316880762577 1.08020381629467 0.09953766316175461 0 2.937355503439903 0.1873273029923439 1.529177561402321 0.192791186273098 1.627689704298973 3.16690756380558 0.4465313032269478 0.6309763863682747 0.4007799178361893 0.3771395161747932 200.568362981081 14.85795010626316 2.332772880792618 1.235895931720734 1.805505037307739 1.920173555612564 0 1.292602963745594 13.14461623877287 7.3690485060215 48.63321205228567 409.5126735568047 8.941276110708714 53.738540135324 1.449028566479683 0.7795415595173836 0 67.09102655947208 10.0474095121026 9.882950335741043 7.925896920263767 4.234440557658672 1.437263660132885 1.585732594132423 34.94423947483301 6.51361545920372 0 324.2618170008063 179.5725310370326 334.7839948385954 211.3042643144727 6.655172936618328 2.462896749377251 13.3932603597641 4.564969204366207 4.040036372840405 34.57931241393089 0.670173853635788 10.93163069337606 21.53730430454016 7.304627440869808 0.5676881819963455 5.917872697114944 0.6973109468817711 1.730575427412987 2.418536700308323 1.833894833922386 0.5307309255003929 5.225784592330456 85.94738487154245 4.617590546607971 0.3151215612888336 4.250659264624119 15.95204962044954 2.475325345993042 0.2607185244560242 4.539770275354385 1.263682052493095 6.624784529209137 13.95983794331551 1.398277282714844 17.90783120691776 12.61088818311691 27.88248661160469 0.8519037961959839 51.2252516746521 47.13768935203552 30.43361396342516 15.04716414213181 0.5047862231731415 1.485425055027008 0.3036904335021973 0 0 0 0 0 0 0 0 0 0 0 0 0 0 0 0 3.172683835029602 0.6358192712068558 0 0 0 16.85451357066631 0 5.340680941939354 0.5822958201169968 0 0 0 0 0 0.3412691205739975 0 0 1.864263311028481 4.518231093883514 0 0.2846935391426086 0 0.1082236245274544 0 0 0.5328590124845505 0.1365495622158051 0.2298582196235657 0.7037022262811661 0.7177983224391937 0 0 23.06934211403131 0.5609163194894791 0.4950519651174545 0 0.08866125345230103 0 0 0.08714193850755692 0 0.2087860032916069 40.49940274655819 0.612312838435173 0 0.125294953584671 0 16.33685808628798 0 9.052937939763069 2.847203306853771 1.131100282073021 4.346613436937332 0.7508012354373932 0 0 0 0.202222041785717 0 0.09138499200344086 0.08331717550754547 0 0.231587678194046 13.07922308146954 5.224129997193813 8.53216727077961 284.5706709772348 91.31102727353573 370.4763392135501 97.56737776845694 165.1624925360084 79.19181767851114 4.254505008459091 46.49614265561104 13.44864884763956 1.27365455776453 8.012056477367878 1.148822501301765 40.67364902049303 0.1342976838350296 0 3.796990476548672 4.085862912237644 0.5360770672559738
591.7698800861835 223.9691194817424 3.801780551671982 634.3846888914704 9.614608570933342 0 115.7296521887183 0.1664974838495255 3.827659174799919 869.9277011305094 3.12796501070261 82.48941729962826 164.3128713965416 6.067149147391319 0 0 0 0 0 0.3208189755678177 0 0 0 0 0 0 0 0 0 0 8.436914309859276 0 0 0 0 0 0.2195685207843781 0 1.535236686468124 0 0 0 0 0 0 0 7.44492194801569 0.7672514915466309 0 0.1562450677156448 0.1033472120761871 14.24909748136997 0.4065442383289337 0 2.371576137840748 2.307223312556744 103.4467068985105 45.76463155448437 0.7101672440767288 2.980331048369408 0 0 0 0.3435137644410133 0.6072425991296768 0.3035784736275673 0.1166582182049751 0.2408233284950256 0 0.1208812296390533 6.111786052584648 252.8693018555641 8.322478398680687 67.83357016742229 10.51677510142326 13.11098895967007 3.090094447135925 0.08046098798513412 0 0.2448925152420998 0 0.1123768836259842 4.554028496146202 1.198782682418823 1.220673851668835 2.247499093413353 0.3352731391787529 2.572173982858658 1.407246343791485 7.560445442795753 0 0.4099000543355942 0 0 0.09545447677373886 12.41321662068367 82.76889425516129 89.56817081570625 0.4504184201359749 150.2254752591252 0 0 0 0 0 0 0 0.7558347582817078 0.6445558667182922 0 0 0 0 0.9988554120063782 0 0 0.1468469202518463 0 0 0 0 0 0 0 0 0 0 0 0 0.3689882755279541 0 0.2496592551469803 0 0.2934847772121429 0 0 0 0 0 0.6705368459224701 0 1.301888063549995 0 0 0 0 0 0 0 0 0 1.110250353813171 0 0 0 0 0.7862177491188049 0 0 0 0 0 0 0 0 0 0.7613541483879089 0 0 0 0 0 0 0 0 0 1.601586639881134 1.640970826148987 0.2856285274028778 0 0 0 0 0 0 0 0 0 0 0 0 0 0 0 0 0 0 0 0.3336173295974731 1.191504776477814 17.13057754933834 2.665651112794876 28.81291741877794 7.930425852537155 125.0522199869156 6.90648041665554 0.1461628079414368 0.6271513774991035 1.525304734706879 0 0 0 0 0 0 0 0 0
386.8974822834134 2531.777464397252 81.73430909961462 479.8683247715235 2448.653982065618 115.7296521887183 0 4.591970443725586 5668.853592045605 508.7843045368791 154.4158882424235 113.1498642265797 1352.071163281798 1027.558529481292 40.50059682875872 2.673288770020008 0.3282103016972542 0.7911372184753418 0.6075467765331268 2.443919099867344 1.928238824009895 0.0973021537065506 0.2471863180398941 0 0.1102612316608429 1.120797701179981 0.5566950142383575 2.61698991805315 0.7984629571437836 0.5768001303076744 314.4934828355908 13.60051251202822 5.022470556199551 0.2276801541447639 0.2301632985472679 0 5.389753453433514 0.3697827309370041 3.8863570317626 0.7609181553125381 1.229419231414795 3.412620663642883 0.8315050601959229 0.8057328462600708 0.5250754803419113 0.3732658922672272 263.472279176116 23.24514499306679 1.63898903131485 1.617743387818336 1.834828048944473 2.23687519878149 0.09155115485191345 1.578704170882702 17.043193154037 11.78320407122374 99.20507184416056 582.451442450285 12.15585453808308 74.30050053447485 0.8541488349437714 0.9845996201038361 0 66.31640564650297 15.77200200408697 12.9566695317626 8.989336028695107 5.262147456407547 1.809162810444832 2.256724901497364 53.53066903352737 15.75516859441996 0.1578688472509384 559.6319373250008 238.0811745375395 463.591573856771 235.0921947285533 7.078368447721004 4.719183214008808 7.869238220155239 8.544107310473919 6.235607281327248 49.27644265443087 1.544930316507816 16.62282676249743 33.99247288331389 11.70986982434988 1.349249966442585 9.139326937496662 0.4928638786077499 2.765022933483124 3.259135119616985 1.077739290893078 0.5149041935801506 3.829957574605942 328.0768606588244 6.85684272646904 0 8.137152075767517 43.3934608399868 3.788952752947807 2.404230281710625 17.80325539410114 2.463203862309456 13.67670176923275 31.08092679083347 7.187143802642822 47.05622002482414 48.2061408162117 62.39174157381058 6.301851168274879 154.3972288221121 141.3875513374805 79.54838553071022 34.81808872520924 0 1.926488161087036 0 0 0 0 0 0 0.2377651780843735 0 0 0 0 0 0 0 0.4141992032527924 0 0 8.073878467082977 1.59102363884449 0 0 0 31.02149978280067 0 14.10301024466753 1.764993205666542 0 0.279380664229393 0 0 0.2678397595882416 1.949129432439804 1.105722934007645 0 7.093976087868214 6.702634945511818 0.6571046859025955 0 0.1179747804999352 0 0.2650988698005676 0.1734121888875961 0 0 1.216419637203217 5.88699845969677 1.059606626629829 0 0.1587657779455185 52.32240483909845 0 0.576806053519249 0.5360889285802841 0.2908269464969635 0.2653448581695557 0.4120367914438248 0.09900874644517899 0 0.420958548784256 93.4090363457799 1.451198183000088 0 0 0 24.00566956400871 1.227783352136612 11.55927162617445 10.25723807513714 6.167687430977821 2.845714345574379 0.54640132188797 1.379775188863277 0.3935379683971405 0 0.71825011074543 0 0.9162105917930603 0.1354967802762985 0.1980266869068146 0 50.50892420113087 10.66999617218971 14.4966541826725 386.0095689371228 109.5894972234964 510.7180977463722 120.794061973691 437.1508721336722 104.8616523295641 5.476026602089405 70.72325000166893 29.34338955581188 3.334251441061497 16.38567279279232 3.15293925255537 114.0963846445084 0.5947547852993011 0.3866315484046936 9.071395322680473 3.966629415750504 0.1470813751220703
73.78042767196894 1595.908716537058 3348.992127947509 1.190289556980133 56.56191536784172 0.1664974838495255 4.591970443725586 0 130.6977302804589 0.9483691453933716 1611.742209754884 2.773620389401913 32.56447816640139 191.451360501349 28.3738886192441 16.57724501937628 2.757754661142826 16.87444531917572 5.752436816692352 114.5169175118208 133.5142308175564 0.667317159473896 26.34725806117058 6.751392796635628 4.989619508385658 10.72851797193289 6.067811444401741 17.07706798613071 0.6958154961466789 1.529759250581264 1617.726362422109 413.7452745661139 76.39692293852568 37.15125274658203 16.72410065680742 0.2730772793292999 15.86711370199919 2.142031311988831 1.443147391080856 1.24883458763361 103.2156183123589 11.69759193062782 35.26370144635439 8.113235600292683 16.23644787818193 6.05329293012619 82.16573921591043 2.279173716902733 3.865102276206017 35.17689660936594 5.945161335170269 2.407030381262302 0.4419702515006065 7.313423819839954 3.170282520353794 0.7541358172893524 30.55745612084866 367.9483667910099 0.9503714591264725 9.811176873743534 24.8738452270627 22.80863333493471 0.9575930237770081 191.8493814095855 1.058110550045967 1.010150507092476 6.113081276416779 12.9473438039422 43.71128924936056 82.23135478794575 3.41690207272768 2.363433085381985 0 116.7717097476125 86.21478296816349 119.7802834361792 161.767213396728 61.14244497567415 715.641541287303 1834.896877668798 623.5824072062969 1485.855998493731 5.332326523959637 0.4258465617895126 2.078141495585442 2.78534296900034 12.85380633920431 0.141459658741951 1.9791609197855 0.9317255243659019 1.378972858190536 3.628137104213238 12.39942020177841 7.798303253948689 4.182995408773422 0.4563772082328796 0.9843940883874893 0 0.1206004098057747 4.864687189459801 0 0 0 0 0 0 0 0.2875626981258392 0 0 0 0.2789846956729889 0.1988674253225327 0.3448038697242737 0.5008530914783478 0 0 0 0.0927320122718811 0 0 0 0 0 0 0.5972103029489517 0 0.1681927740573883 0 0 0.2789943814277649 0 0 0 0.1420794725418091 0 0 0 0 0.8783262819051743 0 0.4303788095712662 0.4847283437848091 0 0.4681072607636452 0.9249279201030731 0.8200193345546722 0 0 0.2557288408279419 0 0 0.2285564914345741 0 0.3900331407785416 0.2866740226745605 0.1016673371195793 0.7751010060310364 0 0 0 0 0 0 0 0 0.7442516088485718 0 0 0.1040157303214073 0 0 0.8241964057087898 0.1046344190835953 0 1.212329000234604 1.312725201249123 0.1188586875796318 0 0 2.805328764021397 0 0 0.6927994042634964 0 0 0 0 0.08495324850082397 1.092148348689079 0 0 0 0 0 0.4747768938541412 0.260228767991066 0 0.3487980216741562 1.068877674639225 102.2744321897626 45.03919608145952 137.5414298847318 28.59173960983753 23.42179932445288 14.80398049205542 0.3898648023605347 22.215521723032 3.391864739358425 0.5928820073604584 0.9292064383625984 0.4985245019197464 0.6664645671844482 0.3560248017311096 0.3861846029758453 0.4735979437828064 1.523274175822735 0
68.3982355222106 2011.703841589391 709.1046373695135 39.70654586702585 7059.89926700294 3.827659174799919 5668.853592045605 130.6977302804589 0 61.62882613390684 2934.953437402844 34.01910023391247 1849.298789434135 727.8675821721554 56.46931352466345 9.044082932174206 0.3062288016080856 1.360678225755692 0.7847738415002823 5.79291770607233 7.050776824355125 0 0.4834420308470726 0.8502062484622002 0.1214325428009033 1.762178331613541 0.2821781933307648 5.473350487649441 1.061177924275398 0.1881739646196365 315.9134890064597 41.87486253678799 5.596557982265949 2.329991273581982 0.8777877017855644 0.09958137571811676 4.969812355935574 0.1052342727780342 3.744027309119701 0.3696301355957985 5.691693246364594 4.925535283982754 2.51657523214817 1.285986535251141 0.9078043475747108 0.5104337483644485 268.3493079096079 12.08892054855824 2.285574540495872 4.428227446973324 2.450535140931606 2.292369894683361 0 1.732311725616455 7.899332083761692 7.800123326480389 30.93380165100098 227.9649402424693 9.331639483571053 52.7814057096839 1.141607142984867 0.9211099296808243 0.1487040966749191 94.00674476474524 8.516761280596256 8.323413424193859 6.023836120963097 3.471787825226784 4.603977993130684 6.065774574875832 51.16992703080177 26.16049102693796 0.2325979396700859 242.9096302837133 146.2566896080971 343.4971679225564 306.1092283800244 22.16574344784021 14.20953448116779 147.0618862882257 30.70673716813326 19.93090126663446 26.57265109568834 0.5553681626915932 6.980223163962364 18.37957699596882 7.516933225095272 0.2630093470215797 6.118494518101215 1.152177892625332 1.814780004322529 3.048430524766445 1.474005356431007 1.282559961080551 7.67389751970768 330.9210382550955 5.503975257277489 0.342526763677597 4.743833623826504 3.29207506030798 7.827995076775551 6.595849394798279 19.03083102405071 4.056173950433731 17.17431081831455 46.39821793138981 9.253281265497208 49.18705022335052 41.85244160890579 72.87453415989876 4.51897893846035 169.4321938455105 123.924312889576 97.57936499267817 45.36995227634907 0.1046191230416298 0.7065257728099823 0.1668803691864014 0 0 0 0 0 0 0 0.391665905714035 0 0 0 0.1378568410873413 0 0 0.1526413112878799 0 5.426672473549843 2.198878720402718 0 0 0 35.14346140623093 0 11.39838837832212 0.955449715256691 0 0 0 0.3580483049154282 0 1.082864820957184 0.5497116595506668 0 2.977683074772358 11.11263931542635 0 0.7035366296768188 0.3934751003980637 0 0.6301581040024757 0.3067720830440521 0.3467908501625061 0.08362693339586258 0 6.265108823776245 0.4674295783042908 0.3130510300397873 0 55.37397739291191 0.7637149542570114 0.8514661192893982 0.5854928940534592 0.4556449204683304 0.2580365538597107 0.4440509676933289 0 0 0.2863266468048096 104.0326294079423 2.251293838024139 0 0 0.1989523991942406 26.97185703366995 0.2818969786167145 12.60096584260464 9.124780379235744 2.388094753026962 3.935988143086433 3.682744517922401 0.6295482218265533 0.7477393597364426 0 0.09805697202682495 0 0.1608061566948891 0.1243678107857704 0 0.3879261463880539 48.86583414673805 10.90251835435629 14.25894992798567 504.4142737537622 126.0985579639673 489.4583029970527 133.5564968362451 152.223230689764 102.7422472909093 5.528260812163353 106.4682670384645 34.42986188083887 3.081319347023964 25.66942971199751 5.608632504940033 122.070875748992 2.667843319475651 0.6651003360748291 12.80847904831171 7.019494265317917 1.744659557938576
1430.30771600455 584.6932719945908 11.06384360790253 2963.284901194274 59.6335366293788 869.9277011305094 508.7843045368791 0.9483691453933716 61.62882613390684 0 15.41692162305117 2352.647085040808 4575.26923071593 187.4643112793565 3.333804577589035 0.2021180540323257 0.1270198673009872 0.1318054646253586 0 0.5140649527311325 0.2258366644382477 0 0 0.1236524879932404 0 0.1383563131093979 0.07713868468999863 0.3015948608517647 0.3566030934453011 0 35.04167351871729 1.09868136793375 0.1759670749306679 0 0 0 0.5831582546234131 0 0.2009268030524254 0 0.09220679104328156 0.08750884979963303 0.2112612202763557 0.2563828900456429 0.1999105513095856 0.1127787157893181 37.41818255931139 3.935426294803619 0.1046694964170456 0.1238960325717926 1.139939785003662 1.925275653600693 0 0.3346064165234566 6.1589480265975 1.77558234333992 75.19424978643656 150.1635792478919 4.090658985078335 10.36047498881817 0.6934881210327148 0 0 3.610407680273056 2.799526579678059 3.759069927036762 2.120060458779335 1.086347699165344 0.1998053267598152 0.523009404540062 195.1765920519829 19.30886901170015 1.045536026358604 220.2362548038363 44.65327076613903 79.377790607512 21.75815305113792 0.4561920836567879 0.445268951356411 1.228391036391258 1.251960955560207 1.143726103007793 15.82875471562147 0.168595626950264 3.906509011983871 7.765642642974854 1.406668871641159 0.4515721797943115 2.449270166456699 1.391136825084686 0.4725834131240845 0.2044748738408089 0.2161308974027634 0.2037845999002457 0.8605388551950455 871.5803362131119 26.54143911600113 3.745346158742905 0.8539177030324936 190.7029004395008 2.648846119642258 6.789456248283386 15.42055878043175 9.601719960570335 11.88044494390488 35.859962657094 17.7080442160368 32.57212364673615 57.29923841357231 86.3014535009861 5.128189742565155 170.0475264638662 129.5909619480371 64.06858150660992 14.89355398714542 0 0.9002884328365326 0 0.2810183167457581 0 0 0 0 0 0 0 0 0 0 0 0 0 0 0 5.861044391989708 1.136504620313644 0 0 0 10.92496963590384 0 2.600652612745762 0.8905316442251205 0.1140136942267418 0 0.1744436770677567 0 0 0 0 0 1.744332894682884 4.205192059278488 0 0 0 0 0 0 0.1093781143426895 0 0.3198514878749847 3.534772798418999 0.6008908748626709 0 0 14.48268199712038 0 0.448161244392395 0.5786933600902557 0 0 0.2075185328722 0 0 0.1357680112123489 44.68880296498537 0 0 0.10377187281847 0.5254775360226631 14.36569079756737 0 4.793004423379898 3.936358071863651 2.67139595746994 3.181011877954006 0.8682955205440521 1.228330075740814 0 0 0 0 0.1349465698003769 0 0 0 55.75399740040302 1.765027269721031 4.044970870018005 328.3329540938139 15.79166546463966 119.1619279012084 25.11310344189405 1064.346821211278 23.23393293470144 0.4714101776480675 8.290370464324951 19.05210980027914 0.6826840341091156 7.857040621340275 1.901331536471844 151.1049624979496 0 0.162107840180397 0.6322480514645576 0 0.1856417059898376
220.4836997240782 4103.201891325414 5022.280791029334 142.090899258852 1275.303955964744 3.12796501070261 154.4158882424235 1611.742209754884 2934.953437402844 15.41692162305117 0 43.03185766935349 1770.89540528506 2197.668214984238 29.52137721329927 12.2278014793992 1.494485020637512 3.106247790157795 0.4579987376928329 18.22247971594334 25.6644528657198 0.2157184630632401 6.980938412249088 3.231294892728329 4.417687818408012 4.328138269484043 3.556837975978851 2.991670168936253 0.6530672982335091 0 1277.782115884125 149.7697615250945 65.84557052701712 5.559089832007885 4.751568965613842 0.4933407306671143 21.55105930566788 0.4270505160093307 2.595374293625355 1.251541927456856 19.23825293779373 2.732447497546673 4.618383631110191 4.311552748084068 1.871618330478668 1.320573180913925 108.007105268538 3.534774757921696 0.8499816358089447 5.747590966522694 2.464187823235989 2.52556012570858 0 2.178406819701195 3.726751185953617 1.304337806999683 31.29582822322845 341.4966408982873 3.35572662204504 17.44651614874601 4.548745721578598 5.067094884812832 0.6522545367479324 84.35019398480654 3.207546554505825 3.44170992821455 3.230042070150375 3.298251017928123 9.551085501909256 14.78914968669415 24.35403744876385 9.349028840661049 0 134.5427949950099 81.06112514436245 153.2715384885669 167.0225436538458 27.57385959476233 171.4359797686338 1193.687723346055 61.63021098822355 228.4330839589238 11.07269883900881 0.4099355190992355 2.781758971512318 6.035271421074867 3.836168356239796 0.1069880053400993 1.83271674066782 0 0.4871894717216492 1.020712725818157 4.138159148395061 3.088168546557426 3.065397076308727 47.90047232061625 1.718288436532021 0 0.6106805056333542 9.863038063049316 0.4929420948028564 0 1.568186968564987 0 0 8.559020206332207 1.418629765510559 5.799968987703323 3.54436069726944 8.624116092920303 0.2452704906463623 16.09587550163269 12.06898593902588 11.26855066418648 4.244369298219681 0.2313198894262314 0.3358641490340233 0 0 0 0 0 0 0 0 0.1393804103136063 0 0.1770224720239639 0.2163604497909546 0 0 0 0.1405278146266937 0 1.42694479227066 0.8216274678707123 0 0 0 5.371906712651253 0 2.22758062183857 0.2844432070851326 0 0.420742079615593 0.4435897469520569 0 0 0 0.2245919853448868 0 0.4267027080059052 2.424094066023827 0 0.4857823699712753 0 0 0.9739557951688766 0 0 0.07136382907629013 0.4140056967735291 0.3715829998254776 0 0.218871608376503 0 8.39362046122551 0.1430810838937759 0.3379392027854919 0.3263709545135498 0 0 0.2219017148017883 0.1773634105920792 0 0.423296257853508 10.84787786751986 0.9922535419464111 0 0 0.4414110407233238 3.91552646458149 0 2.800070941448212 1.024366825819016 0.6915620416402817 1.319450110197067 0 0.474496454000473 0.2423469722270966 0 0 0 0 0.1127170920372009 0 0.1313701868057251 6.501320570707321 2.649377137422562 2.046299755573273 181.1941450089216 41.18676937371492 190.508611947298 48.87724498659372 43.50599495321512 34.92277367413044 1.220277823507786 40.79420907795429 4.521036073565483 0.2840064987540245 3.681083060801029 0.1079358980059624 14.60605011880398 1.581816270947456 0.1987691670656204 3.719247907400131 2.326542884111404 0.8502870202064514
86.17486146837473 24.40719054639339 6.244105614721775 622.265903994441 8.938077479600906 82.48941729962826 113.1498642265797 2.773620389401913 34.01910023391247 2352.647085040808 43.03185766935349 0 2199.006350792944 203.7255183383822 25.84718350321054 19.56476751714945 3.463130988180637 1.993314795196056 0.5912324041128159 9.73805433511734 15.92888136208057 1.491770103573799 8.87719714641571 3.075272269546986 6.969485692679882 9.718018248677254 5.412350244820118 4.845480032265186 0.2652522921562195 0.2339529544115067 7.243388622999191 1.57373233884573 96.49262261390686 0.8231106176972389 4.240187391638756 0 19.58253367990255 2.390923857688904 6.334661215543747 9.231553375720978 20.15632975846529 4.229611627757549 0.6543612331151962 10.46620696038008 0.9758123233914375 2.543644852936268 49.97272125631571 0.8709680810570717 1.584291160106659 1.780683934688568 3.483165845274925 2.365106262266636 3.279554069042206 2.48235921561718 1.190959215164185 0.6324033811688423 7.840311601758003 13.09960345923901 1.192399345338345 4.082842372357845 4.333852112293243 2.564728036522865 0.1250699460506439 3.987517029047012 0.8867601230740547 0.7873431220650673 1.996040970087051 4.51438032835722 2.450754925608635 11.60912784934044 149.6464377567172 82.64121295511723 1.219654351472855 34.42798032611609 11.86747658997774 50.49963460117579 41.568090043962 14.45160702615976 1.876441888511181 81.78200651705265 7.784381799399853 17.0420965179801 1.369954876601696 0.5006499141454697 0.1841488927602768 1.531271539628506 0.8345249518752098 0.3553693145513535 0.7845457643270493 2.968836352229118 0.1570886671543121 0.3693352341651917 3.564469553530216 6.204982928931713 2.437301307916641 3303.30489397049 330.079348936677 5.335748612880707 4.720100834965706 14.12281576544046 5.425016105175018 3.54340672492981 22.29596067965031 5.678751140832901 11.05758491158485 48.81455525755882 13.13216958940029 58.79391966760159 54.74574603140354 87.37413056194782 5.236428946256638 225.5571969896555 162.2660477012396 115.0686874613166 43.37563581764698 0.2341514751315117 2.116069629788399 0 0.6778000444173813 0 0 0 0.1773994863033295 0 0 0.9135242849588394 0 0 0.4806206971406937 0 0.5309709310531616 0 1.655103966593742 0 8.325092181563377 2.151104271411896 0 0 0 23.92205859720707 0 10.52282761782408 0.2351409569382668 0.1399157792329788 0.6028876230120659 0.5542296916246414 0.4269319176673889 0.6656064987182617 0.4784832969307899 0.2930107116699219 0 4.266219571232796 4.209487028419971 0.1289080828428268 0.1579189449548721 0 0.3068387806415558 3.124195240437984 0.5590293705463409 0.413401186466217 0.1071431711316109 1.408101886510849 3.974460884928703 1.251459896564484 0 0 38.8609581515193 1.018066212534904 2.568039581179619 0.2879921495914459 0.2656182274222374 0.2418379858136177 0.1218682825565338 0 0.1319152116775513 2.027900576591492 101.254008166492 1.354567378759384 0 0 1.192745760083199 27.88501920551062 0.5015084892511368 13.63124670833349 6.555795252323151 6.242706388235092 4.970643758773804 1.186013862490654 2.117971315979958 1.165205754339695 0.3887478113174438 0 0 0.312875047326088 0.1848114281892776 0 0.9140281528234482 79.53545331954956 7.229851387441158 10.53593775629997 201.5152879357338 22.03598893433809 115.8574549183249 28.04020082205534 150.9750660508871 21.48284062743187 1.34822016954422 43.79456383734941 22.87024366855621 0.5382838398218155 24.32063429057598 3.263205364346504 147.4193769693375 2.217884212732315 0.3673984706401825 8.7132188975811 0.5961562544107437 0.153154581785202
372.6090921461582 1676.107044808567 180.9407689496875 1999.495624132454 606.5759958252311 164.3128713965416 1352.071163281798 32.56447816640139 1849.298789434135 4575.26923071593 1770.89540528506 2199.006350792944 0 3460.403908133507 165.4812174215913 89.3712263405323 11.8863118737936 7.469754837453365 1.059326581656933 38.6805240213871 73.39460926502943 2.933865115046501 18.71491175889969 11.59403172135353 22.00191252678633 30.2363334223628 11.79402444511652 22.68153993785381 8.408045805990696 0.4207697957754135 126.1975808367133 26.49637462943792 3027.473977103829 11.39529391378164 18.15714026242495 4.816427074372768 372.6704134866595 16.34106699377298 56.42140241712332 19.29103590548038 89.62567782402039 14.46785742789507 5.693552143871784 41.75680205225945 3.436835005879402 9.812987796962261 369.4242887161672 10.69236100465059 4.662893503904343 13.35181544721127 8.270985960960388 9.045026086270809 21.27222765982151 5.103594549000263 10.74797508865595 6.536727003753185 42.72677485644817 173.9125495776534 9.588333047926426 43.43404035270214 20.31608777493238 115.0568174645305 1.830169677734375 56.36025605350733 6.298751696944237 8.692003041505814 9.527385212481022 16.10108137875795 14.60439111292362 42.28816661983728 1025.545379817486 142.2330598011613 1.68149396777153 244.2975856438279 102.9873374849558 377.9723607450724 366.0174910053611 78.84588295966387 36.24096470326185 686.4394264817238 93.66405579447746 170.1021752953529 20.16984888166189 0.9213878437876701 6.614781633019447 15.80316975340247 7.659845665097237 1.307966150343418 5.130383871495724 3.357388325035572 3.06438959389925 4.663491308689117 13.89919097721577 14.54947014153004 12.1210011690855 4735.314757369459 219.1306957826018 10.10904143750668 51.12127324193716 32.14429327845573 19.33503079414368 14.95077502727509 39.46665714681149 13.01329039037228 42.87934795022011 122.2666356265545 26.87840926647186 127.8252841830254 128.0234034955502 200.5295185595751 12.69570598006248 448.716677621007 394.7671550437808 246.9125224202871 115.005993373692 1.78877966850996 5.544030822813511 0 0.4319859892129898 0 0 0 0.2848403602838516 0 0.5179762542247772 3.322689078748226 0 0.1684038639068604 0.6386367231607437 0.7558483779430389 3.625441841781139 0.2050569951534271 2.829645693302155 0.1212990656495094 25.12042933702469 4.255659930408001 0.1557255536317825 0 0 95.0724797770381 0.1102548018097878 23.9757569655776 2.891419790685177 1.485518805682659 2.415084548294544 2.129628121852875 0.9767117947340012 0.5860807299613953 3.817325845360756 2.894620887935162 0.1607286632061005 13.99009649455547 25.75352534651756 0.716089203953743 0.9366766735911369 0.8513289541006088 1.498018555343151 7.586227409541607 0.2659153640270233 2.081235885620117 0.6796280890703201 1.424024008214474 10.54772191494703 2.009680941700935 0.9974927455186844 0.5207504779100418 159.1331871822476 3.180087253451347 4.718619711697102 1.197500243782997 1.50723372399807 0.7932337820529938 0.7555087059736252 0 0 4.868046447634697 299.1701670885086 10.40671217441559 0.1794579923152924 0.11297507584095 3.016157791018486 73.29881707578897 0.794810876250267 36.54276892542839 16.12883730977774 20.54360742866993 15.55259928107262 1.747325412929058 5.095925740897655 2.470304012298584 0 0.1861356347799301 0 0.1843340992927551 0.5193051993846893 0.8514246940612793 0.4724242836236954 151.6945676803589 37.00867497175932 47.44142600893974 818.4002949371934 187.7524888962507 680.6970942765474 217.077027566731 390.1624159440398 128.6670241504908 7.585716210305691 208.659083776176 64.07741428166628 6.974084131419659 52.21170423924923 8.90696307271719 324.298992305994 5.246788576245308 1.141842007637024 19.20645761489868 14.09679964929819 2.239927962422371
