0 6923.342974692583 338.866357691586 1454.272870674729 786.2552553713322 124.6079799681902 1754.266123399138 454.4258648082614 117.9825322851539 2217.242428436875 966.0755623206496 31.92216235399246 273.2909909784794 122.3128628879786 3.039021752774715 1.752991363406181 0 0 0 0 0.1337787657976151 0 0.3364199548959732 0 0 0.2593472898006439 0 0 0 0 654.3438481390476 15.16013292968273 5.812005698680878 0 0 1.432597815990448 0 0.2729076072573662 0.1662048101425171 0 0.458121582865715 0.3829484134912491 0 0 0.121160089969635 0.1608489602804184 19.96139051765203 3.720466390252113 0.2843486964702606 0.2680851817131042 0 0 0 0 2.605030074715614 3.268963970243931 116.2244472801685 723.0265455916524 19.59078961610794 20.42807818204165 0.793830968439579 1.666192650794983 0 1.986688122153282 3.513459399342537 1.379993692040443 1.397055819630623 0.2792844921350479 0.1027338728308678 0 0.2805275171995163 1.02067032456398 0 119.5908111035824 30.70435348898172 31.3421690762043 3.503533415496349 0.3251740485429764 0.1963848918676376 39.9986963570118 1.197295859456062 4.454751223325729 2.63307074457407 0.7641149088740349 2.664672210812569 2.610043406486511 2.172299079596996 0 0.2933452948927879 0 0.3654914796352386 0 0.5366062894463539 0 0 29.5899200886488 0 0.3537578880786896 0 759.7427567094564 0 0 0 0 0.8570133447647095 45.75307534635067 0 4.036728471517563 23.75901165604591 1.265471771359444 1.625920742750168 4.672361060976982 0.2946121096611023 1.009073153138161 0.5003502368927002 0 0 0 0 0 0 0 0 0 0.2320868372917175 0 0 0 0 0 0 0 0 0 0.3723895251750946 0 0 0 0 0.1756207495927811 0.7399521470069885 1.832493156194687 0.2222068160772324 0.2919701337814331 0 0 0 0 0 0 0 0 0.7194905281066895 0.2958880662918091 0 0 0 0 0 0 0 0 0 0 0 0.3784626722335815 0.6954029202461243 0 0 0 0 0.08251862972974777 0 0 0 0 1.781707972288132 0 0 0 0 0 0.8310820311307907 0 0 0.8977471888065338 0 0 0 0 0 0 0 0 0 0 0 0.729648157954216 0 0.2949008494615555 11.4089681878686 6.785280644893646 67.76046768575907 25.58509425073862 512.345707565546 27.27238672226667 1.552712008357048 3.547905631363392 4.387435480952263 0 1.353904366493225 0 1.032418370246887 0 0 0.5351342558860779 0.1335647255182266 0
6923.342974692583 0 1222.79637503624 213.3480074256659 3484.181124016643 396.7381574735045 3649.006035685539 1401.845137298107 1607.517242141068 851.1022089496255 4325.551228091121 31.86950854957104 912.1918941810727 875.7413786426187 59.13128803670406 4.792014338076115 1.013072818517685 0.4677744880318642 0.1403716057538986 0.5943018794059753 0.1634135097265244 0 0.4318565279245377 0.5356131941080093 0 0.7051325440406799 0.632650300860405 0.2143186256289482 0 0.10521599650383 3966.989275150001 62.93796379864216 18.79836186021566 0.5297782495617867 0.7630448490381241 1.738224320113659 2.655493557453156 0.8722036182880402 0.6929693296551704 1.27337958663702 2.288717098534107 0.313492476940155 0.2934959754347801 2.419995658099651 1.332347206771374 2.499146685004234 517.543635956943 37.41175333410501 1.285505063831806 1.723391301929951 2.530888773500919 0.2453474253416061 0.1031993255019188 0.9580387473106384 19.24386186897755 33.48898100852966 176.9641779735684 1034.079112634063 53.07438261061907 209.1154615953565 4.386370770633221 7.048675268888474 0.2249105796217918 27.95769087970257 32.83304781466722 20.14373998343945 11.66974335163832 11.07320567965508 1.831721767783165 1.607315897941589 20.5492502823472 13.52449268102646 0 530.6394529417157 216.6429871842265 400.5641436353326 81.04360900819302 2.004168048501015 3.538403615355492 73.22819297015667 2.397236965596676 15.98252654075623 26.79782400280237 8.098800420761108 28.24894743412733 19.79985286295414 32.88926543295383 0.2568708285689354 2.830765135586262 0.7079867944121361 1.538720771670341 0.4810755401849747 1.086588598787785 0.4252676516771317 0.8519968092441559 153.0706919282675 1.899427354335785 0 2.776283994317055 1877.336086072028 1.448863074183464 2.602825820446014 2.225301861763 1.864491775631905 0.8253541588783264 62.0239332318306 0.3649775981903076 26.01810719072819 24.85238353908062 26.99131570756435 2.898743838071823 53.44529984891415 15.31403477489948 14.05242004990578 5.71362729370594 0.5015328526496887 1.552090212702751 0 0.2580773532390594 0 0 0 0 0 0 0 0 0.1427784860134125 0 0.1099613681435585 0 0 0 0 3.704229027032852 1.179470509290695 0 0.7914132177829742 0.1586902588605881 8.806077435612679 16.41155315935612 8.427200928330421 0.9187729209661484 1.73371284455061 0.488477349281311 0 0 0.1111908257007599 1.058845579624176 0.821884423494339 0 1.637678295373917 7.994222849607468 0 0 0 0.1330323815345764 0 0 0.7506242394447327 0.3675420358777046 3.435010805726051 3.360892981290817 0.3816843032836914 0.2873651087284088 0.7705768346786499 9.644386172294617 0 0.5167495608329773 0.8239524662494659 0 0 0 0 0 0 21.08770322799683 2.869935512542725 0 0 0 0.3143080472946167 7.91831212490797 7.856654316186905 0.8661043345928192 2.113134950399399 0.5823484659194946 0.7704457640647888 0.2587328553199768 1.006652653217316 0.5941123366355896 0 0 0.28823571652174 0 0.1279176473617554 0 9.719111174345016 6.546256616711617 4.065166689455509 271.7834289595485 70.39110140502453 954.2565800324082 370.442687638104 691.6670162901282 197.0911373198032 22.04998087882996 82.41466533392668 17.3537815362215 1.254466526210308 19.98812440782785 1.34269317984581 17.33461430668831 1.9667659252882 0.3380959033966064 4.987161606550217 0.9371318519115448 0.5989481061697006
338.866357691586 1222.79637503624 0 7.16932724416256 846.7218314856291 26.93956531584263 144.4099636375904 2261.07693875581 280.4033490419388 5.162987977266312 3564.560579292476 8.412330165505409 69.37496708333492 382.950262285769 17.17451027035713 13.47283434867859 9.401048727333546 3.17821292579174 5.107063055038452 12.25475596636534 20.07245533168316 0 33.98368208110332 6.712711334228516 1.840703442692757 4.443370267748833 10.52785730361938 3.671008497476578 0.8133811801671982 1.141837194561958 3640.999143995345 427.7863606363535 112.9863334596157 3.68408465385437 37.64541494101286 7.16360305249691 31.95409654080868 7.336978100240231 10.99004429578781 2.166094616055489 47.8835638910532 6.682430133223534 28.95565548539162 4.426891356706619 19.15284776687622 14.37396408617496 89.93899282813072 9.244911372661591 5.004480242729187 14.02172562479973 1.911537073552608 0 1.139932006597519 4.869776852428913 4.442301392555237 7.774136655032635 42.39502182602882 1127.45857963711 11.08192585408688 37.67345291376114 90.02275691181421 132.0343091934919 1.608805790543556 294.2854350954294 6.566596075892448 5.281076371669769 3.424799025058746 7.793371118605137 46.15003553777933 97.73064655065536 62.71848740428686 25.83468739688396 0 108.0999601632357 146.8674969226122 83.68123784661293 53.21191343665123 3.533919155597687 283.9430864304304 800.1442386582494 45.34070298820734 1005.659385226667 7.327547661960125 1.666576325893402 4.679936103522778 3.51210930198431 15.45851007848978 0.1950241103768349 0.2660503685474396 0.1311380118131638 0.257651224732399 0.2063561305403709 15.00628914684057 2.305155649781227 0.6853169053792953 67.90338458120823 5.967809960246086 0 3.63662788271904 445.5614574551582 1.252773880958557 0 1.99355261027813 0 1.525345325469971 1.768478259444237 0.7301621437072754 8.680262267589569 3.060989543795586 3.328463092446327 0 8.236250206828117 2.520833075046539 6.289255559444427 3.246753074228764 1.372189521789551 1.661557130515575 0 0.295533649623394 0 0 0 0 0 0.122096911072731 0 0 0.8417933881282806 0.1386164128780365 0.3687589317560196 0.7618124336004257 1.451136119663715 1.439524680376053 0 1.478931739926338 1.050028130412102 0.1550460159778595 0.1464959681034088 0 3.914750069379807 7.873153172433376 7.389865919947624 6.388013869524002 1.170088738203049 0 0 0 0 0.6646794378757477 1.101131089031696 0 0 3.310737386345863 0 0 0 0.699971541762352 1.576671496033669 0 0 0.08001317083835602 0.4787911772727966 1.390116453170776 0 1.172148481011391 0.126730352640152 3.690672844648361 1.628411136567593 0 0 0.1514832824468613 0 0.1225077137351036 0 0 0.1648788154125214 7.661927908658981 1.070599995553493 0 0 0.1517705768346786 0.3567570894956589 4.520874261856079 7.162940785288811 1.094072073698044 2.397197566926479 0.2923973947763443 0 0.4137925356626511 0.1203886941075325 0 0 0 0.1001050174236298 0.6025975346565247 0 0 3.366865798830986 1.741715237498283 4.651075504720211 83.11606262624264 24.41392965614796 155.1788297891617 52.65053725987673 62.49796306341887 28.46523152291775 3.319145329296589 29.44467208534479 9.959080323576927 2.668108344078064 5.822239980101585 0.6918200701475143 3.132901087403297 0.5509696006774902 0 1.70899909734726 1.808303460478783 0.1616507917642593
1454.272870674729 213.3480074256659 7.16932724416256 0 8.755814410746098 504.5591607242823 351.696926780045 2.054075852036476 51.93166471272707 1066.437156319618 3.883458256721497 95.37839148938656 786.1123369187117 108.2970026582479 1.690573945641518 0 0 0 0 0.1528701484203339 0 0 0 0 0 0 0 0 0 0 8.949277222156525 0.3213692903518677 0 0 0 0 0 0 0 0 0 0 0.1358672827482224 0 0 0.08508775383234024 17.98463875800371 2.070409528911114 0.1531017422676086 0.2656805962324142 0.1008825078606606 0 0 0 0.7851633653044701 2.052094526588917 16.52135211974382 46.24558087438345 3.565540716052055 10.86147475242615 0 0 0 0.9735917150974274 1.49913052469492 1.793197996914387 0.3967542424798012 0.5038541555404663 0.1304648220539093 0 0 0 0 39.2296292707324 11.26698541641235 16.61132387071848 2.251994609832764 0.2996760606765747 0 0.1075599268078804 0 0.1716469377279282 2.145819514989853 0.7085223123431206 1.759470619261265 0.7389704138040543 1.085914552211761 0 0 0 0 0 0 0 0 81.42026145756245 0 0 0 178.5190043449402 0 0 0.3182378113269806 0 0 6.624191597104073 0 2.916075080633163 18.38413128256798 2.223454684019089 0.2498891651630402 0.9718409180641174 1.450034871697426 0.5817554742097855 0.1826218217611313 0 0.5510091185569763 0 0 0 0 0 0 0 0 0 0 0 0 0 0 0 0 0 0 0 0 0 0 0.3002664148807526 0.7643601298332214 0 0 0 0 0 0 0 0 0 0 0 0.4889296889305115 0 0 0 0 0 0 0 0 0 0 0 0 0 0 0 0 0 0 0 0 0 0 0 0 0 0 0 0 0 0 0 0 0 0 0 0 0 0 0 0 0.2685361579060555 0 0 0 0 0 0.3214223682880402 12.11759553104639 2.689187109470367 40.65388713777065 21.24378052353859 264.7519492655993 11.48614903539419 0.4185464233160019 3.854253441095352 0 0 0.4578072875738144 0 1.390965104103088 0 0 0 0 0
786.2552553713322 3484.181124016643 846.7218314856291 8.755814410746098 0 24.19825603812933 1035.199768021703 711.4271221384406 6382.720525659621 429.0707532688975 2777.82127058506 17.91479526460171 426.8973109051585 1467.117924518883 71.79399155825377 8.960836298763752 2.23326687514782 0.3779432997107506 0.4841254353523254 0.4533174932003021 0 0.4277242869138718 0.3488467633724213 0.1368231326341629 0.1129785403609276 1.083526089787483 1.316534623503685 0.9944733679294586 0.1538107991218567 0.1160755380988121 459.3293348550797 19.04513301700354 44.18071068823338 0 0 0.540623664855957 15.96787562966347 0.9305953830480576 0.5025758296251297 0.2856587842106819 0.1324643939733505 0.3240275830030441 0.404765859246254 2.286233954131603 0.8451994061470032 1.370622172951698 467.5348413139582 23.29489526152611 1.344137795269489 1.112638346850872 1.454513795673847 0.1322742104530334 0 0.1386811286211014 7.039246164262295 16.94918369501829 46.92960531264544 207.5301639139652 20.90544933825731 123.8490836620331 1.722866982221603 7.100433953106403 0.1356965899467468 28.57452857494354 13.89064406603575 11.55996195226908 8.295946173369884 7.511332042515278 1.648211821913719 0.6164255291223526 51.98271078616381 33.32898400723934 0 152.6474082320929 107.1254114285111 263.946583122015 127.1809920594096 2.484092257916927 2.119018271565437 17.57152689993382 1.027271531522274 6.815180331468582 16.32778230309486 3.391652882099152 14.916269980371 10.97416294366121 19.39198032021523 0.3309962302446365 1.410060785710812 0 0.4612413570284843 0.5527791678905487 0.3813128396868706 0.6327420026063919 1.138563305139542 211.4668505787849 4.404486604034901 0 0 122.3214754983783 10.19989632815123 3.269530475139618 6.230769351124763 6.555963218212128 8.226863771677017 93.2840947881341 1.519767746329308 117.7336151152849 25.66706691682339 83.12250101566315 14.75409412384033 177.1131628006697 63.75073564052582 70.22948022186756 24.0407398045063 2.653353363275528 2.30922344326973 0 1.137696631252766 0 0 0 0 0 0 0 0 0.6069689691066742 0 0 0 0 0 0 12.51151323318481 1.822055473923683 0 0.4825374484062195 0.2215433865785599 21.19979612529278 37.23370648175478 21.18550728261471 5.194832645356655 2.229691326618195 0 0.1541060507297516 0 0.9207991510629654 1.707994677126408 0.2991659045219421 0 3.731547713279724 20.2901144772768 0.5199110433459282 0 0 0 0.1844290345907211 0.4129328578710556 0.2669700682163239 0.9397286474704742 4.880190968513489 9.473438128829002 0.7247315645217896 1.501325741410255 1.07489113509655 28.52614746242762 0.6975247338414192 2.551815524697304 1.882871009409428 1.969034343957901 0.3361465260386467 0 0.08637668192386627 0 0 87.98933926969767 4.091743856668472 0 0 0 5.674083590507507 22.37752729654312 27.99800351262093 4.587802812457085 8.816612541675568 3.329896450042725 0.301388218998909 1.165349543094635 2.346112713217735 0.6045193523168564 0 0 0.6792205348610878 0.1087577491998672 0 0 51.2805510610342 15.89699523150921 16.8606984987855 299.5959147810936 61.00416094064713 626.8154974430799 305.2137036547065 165.6923067867756 110.4859990850091 17.57552536576986 128.122010782361 47.02187319844961 4.673502191901207 56.12502007186413 9.451708197593689 42.02425229549408 6.259732350707054 0.7926760017871857 9.367211192846298 4.051528856158257 0.3944154977798462
124.6079799681902 396.7381574735045 26.93956531584263 504.5591607242823 24.19825603812933 0 195.7274482473731 13.52710895240307 31.0851386487484 644.68256033957 24.15886481106281 48.38708582520485 186.2400284260511 67.09475779533386 0.8836015313863754 0.1593698263168335 0 0.2379179298877716 0 0 0 4.070173755288124 0 0 0 0 0 0 0 0 22.61216960847378 0.511313796043396 9.294810116291046 0 0 0 3.716327950358391 0 1.021320760250092 0 0 0 0 0 0 0 4.030250735580921 0.5251280888915062 0.4352465867996216 0 0 8.145850613713264 5.111652374267578 0 0.1014586687088013 0.7740752398967743 184.7588538751006 71.4802987575531 14.35327999293804 4.968010082840919 0 0 0 0.217907503247261 0.7288577258586884 0.6234290450811386 0.09795767068862915 0.0995195135474205 0 0 50.30499194562435 57.95428037643433 0.3016038835048676 21.3101921081543 4.764465093612671 6.025315292179585 0.4196825474500656 0.1939629465341568 0 3.455599620938301 0 0 0.7138064429163933 1.287772476673126 0.6411269307136536 0.2878020852804184 0.7266628965735435 0.2654896080493927 0.7910174131393433 6.701510384678841 0.8285658955574036 2.068646341562271 0 0 0 363.5992065966129 21.56924326717854 4.088305801153183 0 716.7839112579823 0 0 0 0 0 5.186376243829727 0 1.337535232305527 3.075464487075806 0 0 0.9428679794073105 0 0 0.1985108405351639 0 0 0 0 0 0 0 0 0 0 0 0 0 0 0 0 0 0 0 0 0 0 0 0.1950837373733521 0 0 0.1390412300825119 0 0 0 0 0 0 0 0 0 0 0 0 0 0 0 0.3072554767131805 0 0 0 0 0 0 0 0 0 0 0 0 0 0 0 0 0 0 0.3058872818946838 0 0 0 0.2235706299543381 0 0.1367422789335251 0 0 0 0 0 0 0 0 0 0 0 0 0 0 0.9133620858192444 0 0 3.181436002254486 0.6519434601068497 13.81880708783865 5.468418076634407 484.0086791664362 16.66942448914051 0.3333091735839844 1.022778481245041 0 0 0 0 0 0 0 0 0 0
1754.266123399138 3649.006035685539 144.4099636375904 351.696926780045 1035.199768021703 195.7274482473731 0 11.17445772141218 2041.356177225709 1957.943064972758 77.22951013594866 130.9883721023798 2457.896526284516 1827.135083608329 47.82587114721537 2.249476753175259 1.139791056513786 0.7442882731556892 0 0.2633634656667709 0.2630844414234161 0 0.8733470737934113 0.0939171239733696 0.2493682354688644 0.6758966445922852 0.972361758351326 0.4985897466540337 0 0.2513582780957222 205.4267685711384 5.413276486098766 24.46416737139225 0 0.3109906017780304 0.9071690067648888 5.434757895767689 0.7460160702466965 0.4072447046637535 0.5833233818411827 0.5045780837535858 0.9366720244288445 1.081205382943153 1.933332122862339 1.231410980224609 0.9278084337711334 453.486215531826 23.3584613725543 1.704608894884586 0.5048050582408905 1.042353242635727 0.2113927453756332 0 0.3100225925445557 7.816013664007187 22.96489605307579 64.89266765862703 239.2161092534661 24.18477556854486 147.5223114490509 2.12714159488678 4.014457650482655 0.4854943603277206 20.02500161528587 19.90316200256348 14.07994280010462 8.088295131921768 8.1943748742342 2.226031459867954 1.700993195176125 24.84540423005819 19.26634725928307 0 232.3183176144958 116.7965408563614 267.4464556947351 69.29050463438034 1.940069131553173 0.5943276956677437 5.301417417824268 1.06083682924509 3.343599647283554 17.35491289198399 5.161710321903229 15.96851283311844 13.60420503467321 17.72274293005466 0.1109698116779327 1.64501541852951 0.2182083502411842 0.6585644334554672 0.7597166076302528 1.102040030062199 0.8893167302012444 0.1264326721429825 256.3571452200413 1.299645617604256 0 0.1603501290082932 189.226982884109 8.514506265521049 4.021243631839752 10.45136620104313 11.14490400254726 4.505580246448517 90.18450585007668 1.704519003629684 82.97837673127651 25.12571375072002 63.27559883892536 9.149744510650635 139.1245651468635 43.78786462545395 45.05960034579039 14.79064884781837 0.4796885997056961 0.9030882567167282 0.2092474550008774 0.198731005191803 0 0 0 0 0 0 0 0 0.633863553404808 0.5504903793334961 0 0.3404533267021179 0 0 0 9.216870173811913 1.101235970854759 0 0 0.4633674025535583 11.76355887949467 21.67883518338203 18.50406262278557 5.093974485993385 2.330076329410076 0 0 0 0.8925562277436256 1.612380459904671 0.3130975961685181 0 2.194213852286339 15.22046771645546 0 0.1569566875696182 0 0 0 0.6145621538162231 1.31041194498539 0.8182359486818314 7.200473263859749 5.87927907705307 0 1.122202157974243 0.7981243431568146 20.63847522437572 0.593947172164917 0.1877321749925613 2.143733479082584 0.2204731479287148 0.3424575179815292 0 0.4696847200393677 0 0 51.69779874384403 3.983264476060867 0 0.1611307561397552 0 3.331571653485298 17.50024309754372 21.88803313672543 7.441450990736485 8.723984643816948 2.047643467783928 0.637535035610199 2.271340154111385 2.714515388011932 0.09382274001836777 0.09168563038110733 0 0.9830979630351067 0.633235439658165 0 0.1753383427858353 21.75711730122566 8.251911252737045 11.98610618710518 262.1616113930941 59.30579105764627 723.7952270880342 316.9323669821024 293.253870241344 133.242717884481 16.92038065940142 97.4029560610652 33.90454300493002 2.800258673727512 47.39154190570116 5.725352987647057 30.06043466925621 5.299046456813812 0.7433096170425415 4.514131799340248 1.871717095375061 1.118581056594849
454.4258648082614 1401.845137298107 2261.07693875581 2.054075852036476 711.4271221384406 13.52710895240307 11.17445772141218 0 379.8439947888255 2.616482868790627 3033.386040881276 22.80718346685171 359.6569964662194 2378.230999268591 137.5338676124811 64.90431683510542 5.808790683746338 2.501816749572754 2.121683388948441 16.09226809442043 14.88013224303722 0.2587788328528404 29.39999981969595 7.524325355887413 1.831178672611713 8.276714541018009 17.76862777024508 3.650455787777901 0.410791888833046 1.601233318448067 1558.070394873619 605.8306770920753 238.7896665558219 7.615670904517174 38.68668504804373 7.152455449104309 20.968097910285 6.655930057168007 3.479188986122608 4.593071855604649 43.02361865341663 5.220405228435993 31.09436838328838 9.319130092859268 5.477400586009026 9.610211417078972 469.4870296418667 14.76957948505878 2.087775856256485 7.316078789532185 3.038086846470833 0.1049919277429581 0 3.070503786206245 6.322856307029724 13.09025064855814 31.76077191531658 322.2528202459216 11.8155764490366 75.27608078718185 140.9737325236201 192.1518509238958 0.500477634370327 267.8789182156324 12.90767525881529 8.334556855261326 6.349864736199379 10.09556064009666 32.02662855386734 77.43379662185907 90.6690736413002 26.0963391661644 0 96.89742434024811 152.0620211958885 297.4027818366885 304.3646986931562 43.44778019934893 700.0361899957061 2829.085093736649 167.6767972335219 2500.498912803829 10.29747642576694 2.124629154801369 10.33372784405947 7.529846109449863 17.17134238779545 0 0.8284277990460396 0.1164129450917244 0.5170562714338303 0.6243012174963951 13.60532166063786 4.604694619774818 1.486375264823437 82.37727189809084 7.17826709151268 0 1.289054907858372 182.7115304917097 1.242040872573853 0.5868837833404541 0.724291980266571 0.2373911738395691 1.985979795455933 5.354346960783005 0 9.285018339753151 1.62336240708828 9.543620675802231 1.966891437768936 10.09630398452282 5.99063216149807 5.292522013187408 6.599053099751472 0.8453062325716019 1.394118092954159 0.130953848361969 0.2320969328284264 0 0 0.4112473875284195 0 0 0 0 0 0 0.2071135193109512 0.2165694460272789 0.4389937520027161 0.2937666922807693 1.337603159248829 0 1.339415349066257 0.9841158986091614 0 0 1.125230759382248 5.154522269964218 9.622040435671806 7.811007656157017 2.229786857962608 1.915312670171261 0 0 0.2369893938302994 0.1519620269536972 0.4018319696187973 1.217004753649235 0.7015960961580276 1.127246916294098 2.926972478628159 0 0 0 0.4934608489274979 2.085541285574436 0.06913720816373825 0 0.3051977753639221 2.467576086521149 1.219167232513428 0 0.9949248731136322 0.5115920379757881 5.8426204174757 0.3037207424640656 1.38958153128624 0 0.22110216319561 0 0 0 0 0 18.21362967044115 1.862739108502865 0 0 0.3916267603635788 0.2048668563365936 10.84252071380615 10.80792160332203 1.806631401181221 1.652690306305885 0.3617890179157257 0 0 0.261715292930603 0 0 0 0.08630739152431488 0.2065416276454926 0 0.1549087017774582 6.865853235125542 6.008349023759365 6.819141075015068 243.4953060373664 48.99669559299946 495.9652603492141 213.5385497361422 73.76049290597439 61.15378937125206 12.88740573823452 124.7669693604112 14.14920872449875 1.420519329607487 7.126841239631176 0.2819108366966248 5.174742966890335 0.2653240859508514 0 3.302667811512947 4.657744020223618 0
117.9825322851539 1607.517242141068 280.4033490419388 51.93166471272707 6382.720525659621 31.0851386487484 2041.356177225709 379.8439947888255 0 1107.11295555532 2066.525205992162 49.34663758426905 616.3893778324127 1405.128136694431 94.09309543669224 20.95564582943916 1.084758721292019 0.2716928869485855 0.2069216519594193 0.1105700358748436 0.4902225434780121 0.1846180558204651 0.1998538672924042 0 0.1313663572072983 0.4669363349676132 0.4179493486881256 0.9051772728562355 0 0 141.3471531420946 13.17967457324266 58.24133260548115 0.1969194114208221 0.2142091542482376 0.3074040114879608 14.42487738281488 0.5402239486575127 0.6747119575738907 0.2574621587991714 0.4906510785222054 1.392768628895283 0.3046723306179047 2.625791564583778 0.7858809977769852 1.199657939374447 370.5461041256785 8.342782780528069 0.353839285671711 0.9457924365997314 0.6361552998423576 0.1021300703287125 0 0.4398318827152252 3.420296378433704 7.855262733995914 25.86634803563356 83.26856760680676 13.82808914035559 57.61283665150404 1.790276892483234 3.300244681537151 0 33.03395692259073 6.36041010171175 4.252464130520821 2.853974245488644 2.974075496196747 0.7620706260204315 0.7464558556675911 93.44320741295815 61.36090306937695 0 77.97310625016689 53.44193509221077 158.6241315826774 139.8812743499875 7.338616423308849 1.419021174311638 13.68868510425091 0.2738061025738716 4.929072447121143 5.189657963812351 1.566458739340305 7.04850597679615 3.880084097385406 8.795235127210617 0 0.814180038869381 0.09705451130867004 0.7866099029779434 0.1021814197301865 0.4798705130815506 0.8016934841871262 0.8280373960733414 719.5025696903467 15.52085095643997 0 0.4604717493057251 43.12524624168873 18.3709085136652 4.987822234630585 15.20437110960484 11.89893788099289 16.22673466801643 212.0470553338528 4.802961081266403 240.6579925939441 63.25171947479248 183.9490403234959 37.96331797540188 393.3246750608087 140.6640502661467 138.7906242907047 43.77331277728081 3.943433985114098 2.928916983306408 0 0.4491278380155563 0 0 0 0 0 0 0 0 0 0 0.1692514419555664 0 0 0.1311744451522827 0 21.15869514644146 1.585301026701927 0 0.4133202731609344 0.7549066692590714 34.86292773485184 45.56888923794031 36.6825375109911 6.361899301409721 1.697395592927933 0 0 0.3817839473485947 1.442377954721451 1.889974385499954 1.602265447378159 0 5.421514675021172 42.84173590689898 1.837911121547222 0.6918516755104065 0 0.1940004229545593 0 0.5047311335802078 1.238814428448677 1.285118371248245 10.84407223761082 15.03739818930626 0.3979867696762085 1.660936489701271 1.924165412783623 45.69571286439896 1.328101307153702 4.127677544951439 2.940848462283611 0.9729512482881546 0.225132904946804 0.2314047962427139 0.5265101939439774 0 0 179.1360430270433 4.221755489706993 0 0 0 8.448123514652252 27.90316085517406 38.92825150489807 14.77392473816872 17.27297183871269 4.585841193795204 2.795524008572102 2.096959374845028 4.819850571453571 0.27776899933815 0 0 0.3587534576654434 0.6671122610569 0.2339926362037659 0 104.7121164053679 29.88234125077724 20.26353271305561 480.6584080308676 43.52279053628445 518.7196251600981 299.0800794661045 203.4846973270178 78.98853928595781 11.33551984280348 225.1145317479968 72.86585320532322 9.06605152785778 97.42935793101788 13.20819377154112 69.49635088443756 13.34532022476196 1.891594380140305 12.55036333203316 4.490666344761848 1.499435231089592
2217.242428436875 851.1022089496255 5.162987977266312 1066.437156319618 429.0707532688975 644.68256033957 1957.943064972758 2.616482868790627 1107.11295555532 0 12.97509472817183 1955.352841928601 10847.53426270187 1504.345571711659 11.28521766513586 1.316773891448975 0.2383874952793121 0.159928098320961 0 0 0 0 0.1200905442237854 0.08740127086639404 0 1.101323187351227 0.5812024772167206 0 0.1285812556743622 0.2464478015899658 19.60480330884457 0.3677570819854736 45.0116548910737 0 0 1.087309241294861 6.681065529584885 0.3296032026410103 0 0.3315250873565674 0.1466651111841202 0.1377491652965546 0 0.4924336671829224 0 0.1056249812245369 67.82940281927586 4.901688165962696 0.2454031631350517 0 0.213818222284317 0 0 0 2.012037836015224 3.525884658098221 29.4917000234127 82.45715498924255 8.274725914001465 28.90199034661055 0.2268080487847328 1.210656270384789 0 1.898167058825493 3.247345186769962 2.313254855573177 1.553716190159321 1.303599819540977 0.525795117020607 0.1593836545944214 8.410368531942368 7.283763125538826 0 78.53618273139 19.6513606607914 49.56757552176714 5.891909718513489 0.2655699551105499 0 8.123977445065975 0.5525529384613037 0.918943740427494 4.301620438694954 1.218531832098961 3.262594014406204 3.351353518664837 4.459050685167313 0.07256163656711578 0.2933632060885429 0 0.1106915026903152 0 0 0 0.1115632876753807 718.8800144642591 3.031684651970863 0 0 293.8911341875792 6.396973252296448 1.344459816813469 7.361732438206673 7.214706227183342 7.219646170735359 119.0130946487188 2.467181593179703 81.88204249739647 52.17042580246925 69.98614536225796 12.41525416076183 147.3117037266493 50.47452336549759 48.80139563977718 9.856426805257797 0.8731071203947067 0.7039709538221359 0.1618103384971619 0 0 0 0 0 0 0 0 0 0 0.1950267106294632 0 0 0 0 0 3.868893414735794 0.3042841106653214 0 0 0 4.546810992062092 7.826500087976456 3.879487723112106 1.048187881708145 0.1545066386461258 0 0 0 0.2170379161834717 1.222134172916412 1.431641340255737 0.2125300019979477 1.120568513870239 8.285187050700188 0.713236078619957 0 0 0 0.5904828161001205 0.3764334917068481 0.354628324508667 0.3487066179513931 2.358031019568443 2.215899601578712 0 0 0.163897305727005 8.676513522863388 0 0 0.8966827318072319 0.09954433888196945 0 0.1152382716536522 0 0 0 17.78668424487114 0 0 0 0 2.39204728603363 4.166014105081558 3.546887561678886 2.735299065709114 2.49049423635006 1.539487063884735 0 0.8164047822356224 0.9417773559689522 0 0 0 0.2645902559161186 0 0.1978082656860352 0 31.00375188887119 4.448808819055557 2.659247428178787 51.88592178374529 9.08275181055069 133.4730887264013 58.81278724223375 535.0304416418076 29.10375253856182 1.969203546643257 14.09017996490002 18.18740940093994 0.2300281524658203 19.72874238342047 2.406668856739998 23.0769027620554 0.5164091736078262 0.6023353338241577 2.529182016849518 0.4038202464580536 0.2495486736297607
966.0755623206496 4325.551228091121 3564.560579292476 3.883458256721497 2777.82127058506 24.15886481106281 77.22951013594866 3033.386040881276 2066.525205992162 12.97509472817183 0 23.12285284698009 370.0291629433632 2967.107905417681 212.2451703026891 127.7202264219522 7.529134772717953 1.031695552170277 0.2455849051475525 2.91496305167675 3.375712282955647 0 11.23260916024446 3.598715580999851 7.059775829315186 10.71810007840395 25.79940974712372 2.71253939718008 1.797169275581837 2.369410768151283 1052.316925570369 201.9526084065437 231.4936032891273 0 9.019573174417019 21.46613051742315 29.15307005494833 5.156751289963722 1.427199654281139 5.37585923075676 8.889190532267094 3.733093909919262 1.75330014526844 11.44600476324558 2.307045765221119 3.48897997289896 529.4032289385796 17.59859463572502 1.833429865539074 1.523585438728333 2.124959692358971 0 0 0.863550528883934 4.884042628109455 14.89808868616819 33.33506609499454 248.0062578171492 14.46739429980516 86.00051280111074 10.76303682476282 38.97872314602137 0.2430849373340607 73.59649991989136 13.19486095011234 9.735111378133297 4.584229528903961 6.129757292568684 2.672326028347015 5.909967109560966 73.14853613823652 58.76841507852077 0 112.4156721234322 120.9222173467278 292.8282178491354 274.174213282764 32.40008699148893 192.1998456567526 549.7169506922364 6.026459842920303 573.5855231806636 12.14510764181614 2.207903757691383 13.23473446816206 7.983525723218918 14.60396918654442 0.09101517498493195 1.547247976064682 0 0.5771521180868149 0.6419447064399719 2.827716641128063 2.596450813114643 2.025430560112 377.363935098052 9.033108077943325 0 0.6100926622748375 213.7605653256178 6.692833006381989 3.135135188698769 3.895984962582588 1.73093543946743 2.738257452845573 58.90186429023743 0.9106207340955734 72.2431618720293 18.62822550535202 47.44722737371922 9.385452330112457 115.4246418178082 38.16283704340458 44.03323963284492 15.56488072872162 2.276247255504131 2.855176612734795 0.2263074219226837 0.740134209394455 0 0 0.1270160526037216 0.288793683052063 0 0 0 0 0.266875296831131 0 0 0.2244980782270432 0 0.2755109295248985 0 4.152831748127937 1.47773739695549 0 0 0 16.50476105511189 29.24280202388763 20.60256769508123 4.491344220936298 1.018703490495682 0.3630596399307251 0 0.1620722562074661 0.1120832189917564 0.4270054847002029 0.6697783470153809 0.1712347865104675 1.090579628944397 10.50700601935387 0.2663556337356567 0 0 0.2143898606300354 0.2223425060510635 0.3887896239757538 1.137781694531441 0.7026826664805412 3.137862652540207 3.728136584162712 0 0.9975009113550186 0.4735663831233978 20.82844771444798 1.104028075933456 0.9767158627510071 1.483606934547424 0.3150352388620377 0 0.1281667947769165 0.2907946854829788 0 0 69.84328140318394 2.653779804706573 0 0 0 3.799152582883835 9.337982311844826 13.63155603408813 4.336603716015816 7.09023979306221 1.521857842803001 0.5377582311630249 1.727857552468777 1.335619896650314 0.1958654969930649 0 0 0.6203181594610214 0.07289111614227295 0.1588759124279022 0.3564516305923462 33.91979220509529 18.79845391213894 7.353929691016674 640.2962177619338 67.70446087419987 699.1782767102122 363.5733338966966 188.7252197638154 93.85789835453033 16.77873566001654 298.8780738115311 32.53577188402414 2.295841678977013 45.83747050911188 4.356047376990318 18.71053136885166 5.688679486513138 0.2453915476799011 7.01240049302578 5.210997231304646 0.84389528632164
31.92216235399246 31.86950854957104 8.412330165505409 95.37839148938656 17.91479526460171 48.38708582520485 130.9883721023798 22.80718346685171 49.34663758426905 1955.352841928601 23.12285284698009 0 4092.124388307333 212.8957971185446 31.31360891461372 23.19607299566269 5.603541925549507 0.1896830201148987 0.2413560301065445 1.469872713088989 1.413646206259727 0 0.4637124836444855 0.9164614826440811 3.421221539378166 6.824399128556252 11.3092290610075 1.964768722653389 2.001838207244873 2.267738446593285 4.13631983101368 5.11004850268364 48.13486036658287 0 1.014667302370071 44.18154175579548 28.41225723922253 19.80535708367825 1.315454050898552 13.17962524294853 7.227393388748169 3.854012742638588 0.5045675188302994 1.120045132935047 1.107330694794655 3.236324548721313 32.56441282480955 0.4663062989711761 0 0.603526309132576 0.3426287919282913 0.6629433482885361 0 0.7388946563005447 0.4255926460027695 0.5377645790576935 3.961955085396767 3.948719680309296 1.223108746111393 1.955746717751026 6.137620747089386 17.40642024576664 0 2.636988788843155 0.3209092393517494 0.5560377687215805 0.2397182956337929 0.5003044456243515 0.1269526183605194 0.1161713600158691 41.43442089855671 125.0363973230124 0 7.112629555165768 2.31204891204834 13.56424286216497 8.331030152738094 3.51123271882534 3.468346476554871 15.46117761731148 2.671304002404213 11.73238590359688 0.1137632504105568 0 0.4286184087395668 0 0.5028127580881119 0 0.1191142946481705 0 0.1990910917520523 0 0.3045219779014587 1.777747437357903 0.5877443999052048 1192.794478990138 27.15201540291309 0 0 34.03359678387642 1.320509523153305 2.733960181474686 2.398732900619507 0.9410918056964874 2.690683767199516 34.48878162354231 0.7157965153455734 30.81228413432837 13.65002697706223 21.38195458054543 3.511593386530876 59.6281394213438 24.29050248861313 31.40728199481964 5.66804151237011 0.583979994058609 0.5565277636051178 0 0 0 0 0 0 0 0 0.2219080924987793 0 0.5298061668872833 0 0 0.1610113084316254 0.2126894295215607 0.9503137469291687 0 3.570921778678894 1.447172150015831 0.2181123197078705 0 0 8.09212689101696 10.89282698184252 6.74363999068737 1.71648944914341 0.1720873117446899 0.1278627812862396 0 0 0.1790536642074585 0.3963558077812195 0 0 0.8259600102901459 5.763306751847267 0 0.138512909412384 0 0.3326879888772964 0.1321661174297333 0.1246322393417358 0.2040925770998001 0.1448145061731339 2.526615247130394 1.473131015896797 0 0.1588905155658722 0.1948901563882828 9.791953787207603 0 0.5824583768844604 0.4022233337163925 0 0.1228642985224724 0 0 0 0 31.51191262155771 2.318478114902973 0 0 0 1.589288920164108 4.080508604645729 4.990056023001671 1.583075344562531 3.895818576216698 1.228690803050995 0.1654616892337799 0.276023767888546 0.9398069381713867 0 0 0 0 0.1733830720186234 0 0 23.28669160604477 9.752533704042435 6.990343987941742 254.2613705918193 6.569995075464249 89.44918119162321 43.04181564599276 92.68066864460707 7.014910198748112 0.6926713883876801 93.44304269552231 10.79000544548035 0.1768804788589478 13.17798651009798 1.586644664406776 10.11780442297459 1.932413190603256 0 5.02057771384716 1.478737324476242 0.2662045061588287
273.2909909784794 912.1918941810727 69.37496708333492 786.1123369187117 426.8973109051585 186.2400284260511 2457.896526284516 359.6569964662194 616.3893778324127 10847.53426270187 370.0291629433632 4092.124388307333 0 4358.414030745625 236.876095533371 176.6656519025564 14.02242639660835 1.038230285048485 0.5499151051044464 1.937782019376755 2.472162261605263 0.2017209231853485 3.329495429992676 2.609153904020786 5.265496775507927 12.88234232366085 18.83517874777317 3.844565257430077 3.720973953604698 2.308459743857384 38.41744968295097 11.77763755619526 235.0043385997415 0.5236950516700745 3.115603148937225 84.70077265799046 31.41296924650669 37.91713207960129 1.835101917386055 10.97327199578285 11.07276825606823 6.298011980950832 0.5975273698568344 10.08178436756134 1.33242267370224 4.334182016551495 284.7162244617939 5.090160764753819 0.4981258139014244 0.5151645466685295 0.9660964757204056 0.6028833389282227 0.2249427139759064 0.686594694852829 1.460625134408474 3.933171488344669 17.7963872551918 36.01789795607328 9.042168125510216 27.93772001564503 11.7995036765933 75.85473056137562 2.036271467804909 17.48728920519352 2.555401980876923 3.142475754022598 1.694673433899879 1.383147388696671 1.689001388847828 1.733251042664051 379.8416470140219 146.2477829456329 0 40.57711789757013 24.08134282380342 123.2941726893187 131.601950019598 23.82892113924026 6.990352794528008 124.5237535312772 4.917140521109104 31.31799747794867 2.668493703007698 1.617647513747215 4.951182335615158 2.997292026877403 7.264084279537201 0.1956889927387238 0.3531995043158531 0.4168685376644135 0.5023151189088821 0.112385056912899 3.292943574488163 2.424771592020988 2.818811722099781 5515.606179907918 42.6081408560276 0 2.02769573032856 97.13056308031082 6.1824069917202 5.380277439951897 10.72042981535196 12.69681967794895 15.05817259848118 233.7286038100719 3.045616820454597 202.5077764466405 71.97745686769485 143.0115747451782 22.69894101470709 342.8554185703397 150.8379892706871 143.9682097658515 39.74736943840981 2.314724802970886 1.764485880732536 0 0.4773208796977997 0.5006559491157532 0 0 0 0.1585705578327179 0.1696786284446716 0.3185943067073822 0 0.287477046251297 0.552023634314537 0 0 0.4290599972009659 0.5286861062049866 0 18.61798000335693 1.446213886141777 0 0 0 25.57828193902969 31.04210691899061 15.31249328702688 3.699240148067474 0.5892311632633209 0.644786924123764 0 0.3558167517185211 0.2898198515176773 1.44888536632061 0.9325572624802589 0.2979959845542908 2.734740167856216 20.80447451025248 0.9439748823642731 0.3108250498771667 0 0.6528379768133163 0.1443629115819931 0.3185376822948456 0.9997922629117966 0.6742881089448929 3.021744877099991 8.202351957559586 0 0.3533122539520264 0.8875110298395157 31.42822557687759 0.9917213693261147 1.408706903457642 1.738672658801079 0.1137243136763573 0.3556306436657906 0.1240134462714195 0 0 0 129.6375922113657 4.435114607214928 0 0 0 3.923607371747494 14.3994102627039 19.03861530125141 4.038841634988785 13.4580887556076 2.176201999187469 0.7898288369178772 1.156970620155334 2.353006228804588 0 0.1500770151615143 0 0.996457003057003 0.2409005239605904 0.2292987108230591 0.3261343836784363 113.0164934545755 32.55345229804516 14.42524757236242 1037.364914909005 60.9300325512886 528.6167451292276 319.4978196620941 336.1177688390017 63.21290908753872 10.28750246763229 510.4252423122525 36.1777867525816 4.927791498601437 44.68231301009655 5.609678894281387 31.81066189706326 7.564445406198502 0.6180396974086761 10.59727735072374 16.88836668431759 0.9279725253582001
