0 3725.398175291717 219.3007976636291 939.1784307733178 737.2002943828702 307.215579777956 1165.977212399244 235.6250174716115 147.3917340263724 1581.676943905652 557.7750807255507 914.4069451987743 957.5025612339377 162.2754253968596 11.05776687711477 5.680203907191753 0.8011276423931122 0.2709333300590515 0 0.2817592173814774 3.31920599937439 0 1.962126515805721 1.394748196005821 7.340267032384872 1.582387179136276 3.73471861332655 0 0.1382316499948502 0.9773722663521767 407.9405949190259 11.08743313699961 32.69136471301317 0.5612404495477676 2.496397413313389 3.232585057616234 18.60921482741833 3.870997928082943 1.490046754479408 4.078807942569256 2.036899842321873 0.3659072667360306 0.3820479586720467 1.195561684668064 0.275121733546257 1.110991485416889 19.02136635780334 5.826403476297855 0.5685702487826347 0.4121047854423523 0.7492530718445778 0.4097260981798172 0 0.1124073415994644 16.3022168725729 11.24089379608631 469.9037021622062 1066.752550832927 48.95818787068129 8.321027614176273 0.525615930557251 2.204081811010838 0.3891146257519722 6.029837399721146 12.78617843240499 7.67725870013237 0.7709470838308334 4.097318589687347 3.409761317074299 6.696896150708199 8.735920533537865 1.238667339086533 0 387.2581612691283 59.86559680849314 44.72235827893019 5.057843029499054 2.671169809997082 4.524738058447838 212.0995484367013 3.266534760594368 35.74765685945749 21.95709938555956 1.078915469348431 4.361795492470264 8.239616096019745 3.776563666760921 0 0.9411468431353569 0.3180257380008698 0.6219127774238586 0.3243100494146347 3.363809868693352 0.5380130708217621 0.1068202555179596 35.22506880015135 0.364481657743454 0 0.5385582596063614 1113.409282535315 0.1370279043912888 1.662350833415985 1.191966891288757 0 0.1597182899713516 6.956189781427383 1.730437934398651 2.727716088294983 7.01564884185791 5.347439274191856 0.8218942433595657 4.583191871643066 6.827254816889763 6.338454104959965 10.16607945412397 0.1647959500551224 0 0 0 0 0 0 0 0 0 0 0 0.2269792258739471 0 0 0 0 0 0 0 0 0 0 0 0.3357701152563095 0 1.397274032235146 0.4335785806179047 0.2098469883203506 0 0 0 0 0 0 0 0 0.2984083816409111 0 0 0 0 0 0 0 0 0 0 0 0 0.6280421763658524 2.959541946649551 0 0.4015959799289703 0.1672551035881042 0 0 0 0 0 0 2.17901149392128 0 0 0 0 1.763088911771774 0 0.3182622045278549 0 0 0.2294483035802841 0 0 0 0 0 0 0.4603564366698265 0 0 0 2.383002415299416 0.3657951056957245 0 67.26013015210629 21.5693720728159 166.7897948175669 25.95426404476166 1957.557816162705 44.43020530790091 9.952517509460449 12.19727304577827 2.446934431791306 0.1125705540180206 1.900087513029575 0.1527400016784668 8.97192656993866 0 0 0.1326874792575836 0.6685774773359299 0
3725.398175291717 0 864.1679799035192 1520.031629398465 4450.43321723491 645.4159863591194 3669.019252955914 613.1338168084621 2679.282897874713 471.4488940238953 1915.877186715603 65.27384175360203 772.9995516166091 336.0113289505243 31.74904277920723 14.37814684957266 1.839207023382187 2.147645987570286 0.4056285098195076 2.634326882660389 6.535433761775494 0.4370639026165009 2.159309811890125 1.748678050935268 7.210842281579971 3.24300380051136 5.377163544297218 2.160090155899525 1.257006339728832 2.617839343845844 1249.135064907372 159.3865453749895 103.4667346477509 1.048363342881203 1.789253793656826 3.684313714504242 36.55339247733355 5.720381312072277 2.41686999797821 3.836486615240574 3.474404267966747 2.112948827445507 0.9055091142654419 4.928427569568157 1.597845762968063 3.832998529076576 120.5648661926389 31.299675129354 2.462393067777157 2.51322178542614 6.215409070253372 0.3561723902821541 0.1359012424945831 0.9198649525642395 49.47078634798527 24.38577134162188 295.2828026786447 960.3585529327393 59.9712904766202 56.65608498454094 1.707063391804695 10.3306468501687 0.6836861446499825 102.0852178260684 40.29214715212584 35.25455436110497 5.471018746495247 15.35919413715601 5.986794725060463 11.78364042937756 56.82744677364826 9.193309500813484 0 828.913012996316 295.1948466300964 267.7290427461267 28.55603315681219 14.99672482162714 6.219995334744453 310.876642011106 9.05404357612133 77.23248037695885 84.08927099406719 3.95496441423893 31.44142432510853 23.63311975449324 19.82295396178961 0.7009402588009834 5.995785653591156 0.5606901869177818 4.218457616865635 1.399190202355385 6.541935876011848 3.121883749961853 2.650612942874432 108.113131403923 1.574364885687828 0 0.2520975768566132 859.7482764571905 0.6276457458734512 4.448484152555466 13.66433599591255 2.111219614744186 9.161191448569298 82.39186929166317 10.08952005207539 58.9778904914856 21.82258398830891 33.82469637691975 9.528494328260422 77.9469889998436 97.01317611336708 120.7247304543853 115.3143287673593 0 1.88037583231926 0 0.9218533411622047 0 0 0.1669624000787735 0 0 0 0 0 0.7148710787296295 0 0.9488015025854111 0 0 0.3066666126251221 0 4.43201807141304 0.461992472410202 0 0 0 9.969241045415401 5.59409411251545 27.85961914807558 0.9251383319497108 0.3733071386814117 0.1319067925214767 0 0.4494915306568146 0.2636129856109619 2.114916622638702 0.8496050536632538 0 3.149740442633629 12.50938846170902 1.259138196706772 1.653502747416496 0 0.1772625744342804 0.1185711622238159 0.9773496240377426 2.559475108981133 0.09539482742547989 1.365294396877289 4.171548932790756 0 5.536820970475674 6.632785938680172 49.34247785061598 1.757956594228745 1.340661704540253 2.038464680314064 0.5161461010575294 0 0.5630697757005692 0 0 0 58.45778165757656 1.516496986150742 0 0 0 34.01820525527 9.734262511134148 20.69093717634678 6.814721763134003 4.117851510643959 11.36386598646641 0.6687653958797455 2.488358847796917 1.493323266506195 0.2172113358974457 0 0 0 0.1236792877316475 0.307024210691452 0 41.65596540272236 4.91393381357193 11.32920306175947 276.2208386287093 114.6632244363427 710.6305307149887 149.2995035797358 1709.373963095248 145.2015549018979 27.07496851682663 96.78956037014723 40.4323566108942 1.372411094605923 40.20312094688416 0.8736469745635986 46.40587116777897 4.241731092333794 0.4967510402202606 7.391732081770897 5.124266423285007 1.425464242696762
219.3007976636291 864.1679799035192 0 3.534242644906044 419.6878760457039 5.913367792963982 19.65021598339081 3312.673000134528 99.61955178529024 1.284412920475006 3025.946717254817 3.15295135974884 10.00069127231836 181.0508202686906 21.793357655406 12.69759115576744 1.198212392628193 1.562480740249157 0.2175879180431366 1.258413657546043 15.11840741336346 0 14.48521880805492 5.982473686337471 21.41072519123554 2.687493979930878 16.30742595344782 0.998098686337471 0.6080466508865356 1.938580766320229 5960.874037772417 1085.98824556917 51.70003113150597 5.84059165418148 9.629805505275726 6.410026788711548 16.81834045052528 7.432647295296192 1.910569757223129 7.283972032368183 13.13107281178236 1.71546521037817 10.30060401558876 2.494982413947582 0.5307623967528343 3.597877644002438 30.0163012444973 5.942954540252686 0.7490406855940819 5.890713408589363 1.958675168454647 0 0 0.1509431004524231 9.928818270564079 5.602436065673828 130.6625784337521 983.570976048708 18.69033959507942 8.128361694514751 14.52790814638138 4.334087945520878 1.368501529097557 95.74520380049944 6.275224007666111 5.561145626008511 2.183998592197895 9.863603599369526 24.97201404720545 50.29840139299631 4.513122282922268 0.873030349612236 0 231.5384196415544 95.58927699178457 57.1641483977437 13.62549538165331 52.13921370357275 60.30516480654478 1049.92142803967 61.40268152952194 415.3126212209463 12.58822695910931 0.5541227981448174 4.85690276324749 4.860774651169777 9.615364819765091 0.1519470363855362 1.04520795494318 0.1025919169187546 0.7599695473909378 0.2922184020280838 21.21964412927628 1.887245923280716 0.7486982196569443 3.409480333328247 0.5074713677167892 0 0.4982249438762665 493.4585317969322 0 0 0 0 0.2625750005245209 0.8624051362276077 0 0.7843955010175705 0 0.2391419261693954 0 0.616240918636322 0.8683669865131378 2.179008066654205 0.8204150348901749 0.1175250485539436 0 0 0 0 0 0 0 0 0 0 0 0 0.1780810654163361 0 0.3019914925098419 0.09937219321727753 0.5219627916812897 0 0.1597619354724884 0 0 0 0 0.3987239003181458 0.1462333351373672 0.4912510439753532 0.1497555673122406 0.1233911737799644 0.1879487931728363 0 0 0 0 0 0 0 0 0 0 0.1613786518573761 0.1531715244054794 0.1567131876945496 0 0 0 0 0 0 0 0 1.465366572141647 0 0 0 0 0 0 0 0 0.4079546481370926 2.069278068840504 0 0 0 0 0.8609084635972977 0.2299017906188965 0.3173036575317383 0 0 0.4622187465429306 0 0 0 0 0 0 0.1257126778364182 0.160286083817482 0 0 0.5017295479774475 0.4208770990371704 0.8651221692562103 43.94684807211161 17.76587193459272 125.8190036118031 24.35857874900103 178.1869255825877 24.62115535140038 3.803376659750938 19.69885525852442 0.9330836609005928 0 0.2240692377090454 0 0.2925181090831757 0 0.1167125031352043 1.595867022871971 1.521223187446594 0
939.1784307733178 1520.031629398465 3.534242644906044 0 87.75384406000376 269.6668668687344 2968.070627681911 3.408391855657101 44.99186852574348 1308.557058930397 3.72467527538538 1247.759011134505 1782.715169489384 78.71222543716431 2.150006584823132 0.7130195200443268 0.2177747562527657 0.1399002075195312 0 0 0.5132557153701782 0 0 0 0 0 0.2522545605897903 0.2428075075149536 0 0 25.2564612403512 4.615463718771935 12.74126689136028 0 0.1375105530023575 0.1171546131372452 9.797903850674629 0.1328969597816467 0.1512334793806076 0 0.1526259928941727 0 0 0.1350810825824738 0.4414038211107254 0.7104232534766197 10.26886474341154 3.066231645643711 0.2331206500530243 0.4648973941802979 0.2145934998989105 0.2541556656360626 0 0 6.444225206971169 3.640044763684273 60.15265375375748 137.5865177288651 9.286349527537823 5.8501306027174 0 0.1027289927005768 0 6.218370616436005 4.869710892438889 3.56569417566061 0.3334430679678917 0.956816554069519 0.5278057083487511 0.3832994252443314 13.09192726016045 0.6817260384559631 0 111.5268669500947 32.12413661181927 25.58085175603628 1.89640424400568 0.4415268450975418 0 34.35479363054037 0.4415900558233261 3.396396368741989 11.21893285214901 0.1553678214550018 3.328675530850887 2.832700856029987 1.012109063565731 0.174771711230278 1.2854093760252 0 0.2504913434386253 0.5703884363174438 0.2204686999320984 0.1167761236429214 0.1188216879963875 44.97139799594879 0 0 0 249.8300303667784 0.1330353915691376 3.097174644470215 1.128341138362885 0 0.5920872092247009 54.92827840149403 1.038559392094612 15.70416867733002 1.650473207235336 3.054879978299141 0.8252633363008499 9.353728473186493 17.52622690796852 17.57341323792934 16.01783484220505 0.6649038791656494 0 0 0.3803194761276245 0 0 0 0 0 0 0 0 0 0 0 0 0 0 0 0 0 0 0 0 3.675225302577019 1.258601009845734 3.226936459541321 0.7233790159225464 0.994890958070755 0 0 0 0 0 0 0 0 0.4046174585819244 0 0 0 0 0 0 0 0 0 0 0 0 0 6.125981047749519 0 0.6523263454437256 0.4980773627758026 0.207124650478363 0 0 0 0 0 5.52615362405777 0 0 0 0 4.60218457877636 2.266537249088287 3.26665535569191 2.016060620546341 2.708430647850037 0.4220681488513947 0.503164529800415 0.8247092366218567 0 0 0.1010554358363152 0 0 0 0 0 5.392323583364487 0 2.037657111883163 42.07625361531973 11.12034893780947 80.30714463442564 12.07898530364037 568.2429040968418 16.89084561169147 2.167695298790932 8.058937162160873 9.765208348631859 0.09783706068992615 7.131906494498253 0 8.513781443238258 0.3000447452068329 0 0 0.2044321745634079 0
737.2002943828702 4450.43321723491 419.6878760457039 87.75384406000376 0 57.25807885825634 1329.819303788245 471.7896085754037 6946.594651550055 88.60479640215635 3823.266535073519 28.40092542022467 281.0556427761912 576.2313401699066 24.93446862697601 11.92792198061943 1.181648448109627 0.9798479080200195 0.3173181563615799 0.5081768408417702 1.956931628286839 0 0.2809054404497147 0.2520900145173073 2.841965064406395 1.298913806676865 1.652144238352776 1.231574095785618 0.5410902872681618 0.5935062766075134 608.7419077083468 78.07102110236883 109.2980589717627 0.3419966399669647 0 2.417503528296947 35.4455539509654 1.957838103175163 0.6020280122756958 1.931689694523811 1.3736727014184 1.157996036112309 0.4826229438185692 1.989012025296688 0.6382230520248413 0.9851129353046417 89.68907545506954 17.68981102854013 2.792202539741993 1.493233934044838 3.172518439590931 0.5685226768255234 0 0.342587523162365 21.08532857894897 17.45099747180939 68.08470667153597 296.4207302257419 24.95810087025166 39.56552640348673 0.5316158458590508 6.679700635373592 0.08882084488868713 84.25218572467566 19.76362460851669 18.62633817642927 3.506226286292076 9.135654971003532 2.471256881952286 2.951490685343742 56.46394997090101 7.114532969892025 0.1305563002824783 319.4510120376945 157.6441276594996 187.3184644207358 22.86872065067291 13.24129884690046 1.020964428782463 137.8550564348698 1.330150574445724 22.84474544972181 40.05190403014421 1.535796262323856 15.47285763174295 12.33590399473906 11.60349214822054 0.2097485587000847 3.872669696807861 0.3727274388074875 2.546463541686535 0.6349962577223778 2.526193648576736 0.6487972363829613 2.594617009162903 61.12771692872047 0.8965215682983398 0 0.7882488071918488 140.6800202429295 0.7764894068241119 0.5263684391975403 7.672572314739227 3.308981165289879 6.208434104919434 38.60633282363415 2.060134366154671 56.36925846338272 7.103454321622849 24.63054226338863 5.027530208230019 64.15016981214285 68.67146646976471 86.98732896149158 89.05456840991974 0 0.4613526910543442 0 0 0 0.4987333416938782 0 0 0 0 0 0.5456579327583313 0.2344383895397186 0.4981251060962677 0.3396406471729279 0 0 0 0 2.085083618760109 0.6142410337924957 0 0 0 15.12011410295963 3.043317377567291 16.93108639121056 0.735016331076622 1.126378245651722 0 0 0 0 0.8185933828353882 1.099221289157867 0.1567156314849854 4.034052789211273 8.980608724057674 0.2977135181427002 0.6421213150024414 0 0 0 0.2009080797433853 0.1370946913957596 0.3401703536510468 2.099584519863129 4.488302677869797 0 5.749725095927715 6.973591014742851 44.20010140538216 0.7566674947738647 3.160575747489929 1.163252055644989 0.4086475223302841 1.125112593173981 0.1999036967754364 0 0 0 51.42652479559183 0.7052739262580872 0 0 0 25.07148277759552 6.023180529475212 16.72822102159262 6.172452956438065 1.306396305561066 5.721885226666927 0.9947029650211334 1.914854243397713 1.704691559076309 0 0 0 0 0.2086078971624374 0 0 21.63593119382858 5.43390978872776 6.342135570943356 203.2445040643215 79.92064054310322 410.7305470854044 115.2134366258979 328.4939342215657 79.5181673169136 15.34367352724075 81.38731648027897 32.94330301135778 1.392673671245575 30.13690078258514 1.087430715560913 36.58759984374046 3.021756522357464 0.5336369276046753 7.382074475288391 4.166752487421036 0.8241031169891357
307.215579777956 645.4159863591194 5.913367792963982 269.6668668687344 57.25807885825634 0 411.7281982898712 5.786625780165195 49.43927639722824 723.9270201474428 26.09610144793987 536.6496835649014 329.1584838628769 88.15131537616253 2.064900472760201 0 0.2391745373606682 0 0 0 0.4967083781957626 5.475752115249634 0 0 0 0 0.1312986016273499 0 0 0.1319740265607834 17.00535405427217 0.4035250246524811 49.88146117329597 0 0 0.1662399172782898 28.14058380573988 0 1.33103534579277 0.4646636322140694 0.1328167319297791 0 0 0.267041951417923 0 0.1988876387476921 2.142938919365406 0.4783136770129204 0 0 0 55.5812510997057 0 0 2.099074952304363 1.748036421835423 527.3902462497354 153.0767447501421 20.88031420111656 1.543156750500202 1.038431435823441 8.315002411603928 0 0.1474495828151703 0.9907513335347176 0.4197010919451714 0 0.2624255567789078 0 0.5388422310352325 169.0435821563005 191.6363770067692 17.65636214613914 44.07355955243111 4.445216804742813 3.604057356715202 0 0.144665315747261 0 73.47294149547815 0 4.456886649131775 2.628056637942791 7.480180159211159 0.6097080633044243 1.55390902608633 0.1497842967510223 34.11349254846573 10.41875453293324 38.15021155774593 1.62498927116394 3.333350956439972 0.3928621336817741 0.7314523011445999 1.457556962966919 320.9557311683893 96.26818132400513 14.94960498809814 18.65611402690411 544.0394676551223 0 0 0 0 0.1817397028207779 7.275646179914474 0 0.5690158605575562 0.5735950469970703 0 0 0.7235394567251205 2.024855405092239 2.907491683959961 1.803932070732117 0.3443741500377655 0 0 0 0 0 0 0 0 0 0 0 0 0 0.1457417458295822 0 0.3661876320838928 0 0 0 0 0 0.3069455027580261 0.2744224071502686 1.752893313765526 0.186145231127739 2.372854515910149 0.8061108887195587 0.4595889300107956 0 0 0 0 0 1.088778078556061 0 0 0.2647450566291809 0 0 0.5226447582244873 0 0 0 0 0 0 0.5429552793502808 0 0.1941414922475815 1.258886575698853 0.194733738899231 0 0.5304213762283325 0 0 0 0 0 0.1844513714313507 0.4658190310001373 1.911937236785889 1.904510319232941 0 0 0.1892735362052917 0.4630720615386963 0 0 0 0 0.3730956017971039 0 0 0 0 0 0 0.5407934039831161 0.5555736422538757 0.3960749208927155 0 1.098323956131935 0.5389175564050674 2.865269303321838 31.71326369047165 2.711802065372467 23.76695941388607 3.220606654882431 572.9327034205198 9.675836816430092 2.533933252096176 3.617905884981155 2.6042190939188 0.3106668889522552 1.491675890982151 0 8.0495246052742 0 0 0 0.2967650592327118 0
1165.977212399244 3669.019252955914 19.65021598339081 2968.070627681911 1329.819303788245 411.7281982898712 0 21.99825614690781 3509.790142074227 2842.876000143588 306.922666542232 220.7474670261145 7204.226290978491 778.2499683946371 41.19517375528812 11.730603531003 1.963201247155666 0.7661418840289116 0 1.165786124765873 3.611246816813946 0.1108358204364777 1.1657495200634 1.579218171536922 3.393046662211418 1.316511675715446 2.301695220172405 2.291855841875076 0.7701380625367165 1.156109146773815 144.0046689808369 40.4165268689394 60.6019604280591 0.25839002430439 1.354614667594433 0.9563122466206551 34.18938826024532 1.976685330271721 0.3688099235296249 1.769589953124523 2.231743365526199 1.266312882304192 0.4165165349841118 3.086028553545475 0.7501640394330025 1.695078052580357 112.9132191836834 18.71701022237539 1.415935531258583 2.008527308702469 3.598685719072819 0.610220730304718 0 0.6759675070643425 24.60852202028036 14.11664050072432 116.1210052594543 278.5230524539948 36.13960909098387 36.56305193901062 2.101318031549454 6.492167562246323 0.3555707484483719 59.82160165160894 23.434829890728 20.0378171429038 2.013130620121956 10.52652476727962 3.849755436182022 6.190054900944233 131.6000139936805 12.86832724511623 0 374.9887858852744 153.658936008811 211.8421731740236 24.44389121979475 9.840704329311848 0.6613918319344521 104.338377840817 3.530212804675102 52.68054939806461 42.13749501854181 2.548498176038265 18.85242537409067 12.93722320348024 9.680546097457409 0.5677669048309326 5.392565719783306 0.3126369416713715 2.139636643230915 0.6479617208242416 4.692359112203121 1.460784241557121 2.994017414748669 463.2538000121713 2.699059650301933 0 1.448840521275997 203.6127514913678 3.04123766720295 16.18853235244751 30.01694104075432 8.735150545835495 26.25378426909447 222.3077730834484 27.24943773448467 203.9209350496531 44.72372128069401 94.39071507751942 29.26858326792717 244.3353198990226 297.8657505959272 408.048499442637 373.8331064656377 2.815961137413979 5.833308085799217 0.2930707335472107 0 0 0 0 0 0 0.2393805980682373 0 0 1.507767468690872 0 0.2794329524040222 0.615551233291626 0 0.1089372783899307 0.4678384065628052 7.24818579852581 3.127256944775581 0 0.8539027273654938 0 36.94826190918684 9.985493645071983 50.1245740801096 2.235974162817001 4.102319180965424 0 0.1933913975954056 0 0.8037550896406174 4.217960149049759 1.415633350610733 0.1862482279539108 10.16213896870613 30.42175233364105 2.288542002439499 1.310518205165863 0.107527919113636 0.1996285915374756 0.6127768456935883 3.062388524413109 3.380560427904129 0.2759946957230568 3.074954837560654 12.25913394242525 0.1772322207689285 11.07428547739983 11.89915102720261 162.8783270195127 0.8080780431628227 8.954346835613251 3.828681364655495 1.408243663609028 0.9686543196439743 0.1560779958963394 0 0 0 147.4462915286422 0.8911648094654083 0 0 0 72.49916210770607 17.08679920434952 59.27461110055447 19.33100743591785 17.54978024959564 18.97579068690538 4.344935297966003 4.643280252814293 3.28380674123764 0.1637887209653854 0 0 0.3290249779820442 0.09444458782672882 0.1391215175390244 0 123.1350235939026 7.835440889000893 19.80897553265095 384.446086846292 90.19919747114182 530.3988509327173 142.5294758304954 852.1691340059042 96.23233461380005 17.33896991610527 150.194488607347 105.2263541817665 6.274876326322556 118.9053100943565 2.748582348227501 162.7796538472176 13.08031860738993 0.9696397036314011 34.27778605371714 7.4280069693923 2.421884328126907
235.6250174716115 613.1338168084621 3312.673000134528 3.408391855657101 471.7896085754037 5.786625780165195 21.99825614690781 0 275.0116875097156 0.4213563203811646 1666.017062395811 1.89640511572361 52.6584225744009 300.2093044146895 31.58391996473074 19.44352311640978 0.9001776427030563 4.20664419233799 0 14.48419148474932 37.83413288742304 0 39.42057582736015 18.66704834997654 17.8586542904377 3.999388672411442 16.58853437751532 0.8698616772890091 0.6961149647831917 2.791901975870132 1542.802539296448 3724.577745489776 24.10634995251894 31.95456317067146 39.81181917339563 5.108851008117199 7.286594279110432 2.091389387845993 0.7675887942314148 3.23774815350771 46.56851582974195 7.127113625407219 63.84311334788799 7.171455234289169 4.002970471978188 29.77251072227955 73.83721333742142 21.26910508424044 1.78054615855217 45.42531207948923 4.992215141654015 0.3358832448720932 0.1710676997900009 0.6057343930006027 13.33647421747446 5.752941288053989 57.85990149527788 410.7086795195937 16.01294615119696 20.91050018370152 69.99881626665592 5.787108883261681 9.565360456705093 269.8683822676539 12.33245620876551 13.45596719533205 3.47973258048296 35.98039200901985 132.7785313650966 192.2502455934882 5.653247870504856 0.5841118991374969 0 236.7693072482944 150.3343609943986 161.9377503246069 51.0532168596983 295.8435146361589 598.2297304496169 1128.636872023344 554.2956131026149 2362.91330729425 24.41189243644476 0.5634115114808083 11.82775177061558 8.96819069981575 44.53938552737236 0.3831991404294968 2.119201608002186 0.1277814954519272 3.101388856768608 1.360682927072048 65.0509482473135 4.508536159992218 6.104269206523895 2.209370590746403 0.598354384303093 0 0.1218746900558472 142.7553358972073 0 0 0 0 0 1.460512191057205 0 1.570453867316246 0 0 0 0.313078373670578 1.122932255268097 1.890381045639515 0.4632578045129776 0 0 0 0 0 0 0 0 0 0 0 0 0 0 0.1652720868587494 0 0 0 0 0 0 0.507461816072464 0 0 2.485427528619766 0.1530936360359192 0.5091435983777046 0.2969701588153839 0.240102507174015 0.4025610387325287 0 0.5134417414665222 0 0 0.1698937565088272 0 0 0.1236508637666702 0 0 0.175664022564888 0.163614496588707 0.4090601280331612 0 0.2337030619382858 0.09350750595331192 0 0 0 0.3756653219461441 0 0.6662038713693619 0 0.147754967212677 0 0.2888904958963394 0.150295689702034 0 0 0 0.3847190141677856 1.96280487626791 0 0 0.1226333230733871 0.4648615568876266 1.893726833164692 0.135937362909317 0.8558613061904907 0 0 0 0 0 0 0 0 0 0.5146382376551628 0.6476017236709595 0 0 0 0 0.1275363266468048 130.1165378391743 47.3025064393878 264.2608289718628 60.34853556752205 106.9375245198607 39.45290789008141 8.156565897166729 51.090132817626 1.286637671291828 0 1.506903156638145 0 1.084351107478142 0 0 0.1916535496711731 1.800981104373932 0
147.3917340263724 2679.282897874713 99.61955178529024 44.99186852574348 6946.594651550055 49.43927639722824 3509.790142074227 275.0116875097156 0 166.64639942348 3906.193705514073 47.27899569272995 3393.851082973182 1613.372406899929 92.4393614679575 38.29675859957933 2.022585809230804 1.241055242717266 0 1.191991582512856 14.0116083547473 0 8.232704155147076 5.042312353849411 20.41898818314075 4.248577564954758 11.24338712543249 2.398532465100288 1.767569817602634 2.479807026684284 112.9926205202937 34.25592119246721 123.7018879950047 2.138606533408165 3.878229066729546 7.138228289783001 48.67344050854445 9.616558596491814 2.311990156769753 8.130541071295738 9.252147674560547 2.910156555473804 2.519649334251881 9.582472823560238 1.22498930990696 2.137172192335129 164.3451929315925 12.56756892800331 1.596251808106899 3.633480325341225 3.770566940307617 0.5197048634290695 0.1447641551494598 1.471170172095299 14.93080424517393 8.424298606812954 39.56640432029963 101.8675688654184 27.17605258524418 44.16598474234343 2.260574206709862 9.82989340275526 0.6314350217580795 49.26779618859291 14.26954255253077 12.76978446170688 2.53028292953968 10.63651975989342 9.481273114681244 30.6386116668582 90.18465741723776 8.400764025747776 0.2129578366875648 225.7502114921808 104.7203410416842 268.7366782650352 49.2817335575819 15.25778894126415 4.47894025593996 233.4609621763229 11.95523945987225 115.3080688901246 24.48721268773079 0.8664439395070076 11.28933753073215 8.770389087498188 8.335871137678623 0.3871811628341675 3.189819306135178 0.5788808017969131 1.794364258646965 0.3477793261408806 18.59065815061331 2.576282232999802 3.76626793295145 201.849706210196 2.69085094332695 0 1.69758240878582 35.79291127622128 1.446461960673332 5.149219855666161 14.26163066923618 3.332727506756783 15.73811867833138 90.42278608679771 12.71142578125 99.47596352547407 17.88460066914558 37.54063799977303 15.69565211981535 122.5116915181279 158.398619800806 194.1246564686298 183.6166877374053 1.34146186709404 1.637378051877022 0 0.6618480533361435 0 0 0.2036695033311844 0 0 0 0.2397341579198837 0 0.358419269323349 0 0.4446626901626587 0 0.1269591748714447 0 0 3.76099656522274 2.792609825730324 0.2592825889587402 0.5987199544906616 0.5753288269042969 12.96451224386692 2.704812049865723 27.69358263164759 1.288023814558983 0.7823867425322533 0.2982960939407349 0 0 0.293393611907959 2.270612806081772 1.728592947125435 0 6.306566014885902 15.13362148404121 0.3647222518920898 0.3999895006418228 0 0 1.005432583391666 1.075937949120998 1.735061168670654 0.3328028842806816 1.534849658608437 4.71141167730093 0 4.869193270802498 6.267669454216957 70.95908153057098 1.751633211970329 4.545779369771481 1.404405429959297 0 0.3779817670583725 0.1194718852639198 0 0 0.4957350641489029 89.27826353162527 0.6580814123153687 0 0 0 37.18302735686302 6.723770886659622 22.62971305847168 9.231626622378826 7.939752012491226 10.00663081556559 1.635866090655327 3.627223417162895 0.7743775248527527 0.08313447237014771 0 0 0 0.3053508847951889 0 0 65.97243791818619 5.645139403641224 8.184446170926094 619.0647720918059 95.22667077183723 584.1920031160116 209.2479808032513 218.8244175538421 88.49511735886335 12.4275171905756 246.4937339425087 43.75502943247557 1.588454872369766 48.16185086965561 0.3505058437585831 66.99471329152584 6.864915326237679 0 18.06968976557255 10.97318493574858 0.1564236879348755
1581.676943905652 471.4488940238953 1.284412920475006 1308.557058930397 88.60479640215635 723.9270201474428 2842.876000143588 0.4213563203811646 166.64639942348 0 3.345317557454109 1708.490466102958 5970.667727440596 458.6880076825619 2.79383297264576 1.762165173888206 0 0.2399825006723404 0 0 0.3371084034442902 0 0 0.1952954679727554 1.181544631719589 0 0 0 0 0 6.287769556045532 1.094098061323166 84.84748320281506 0 0 0.3983929455280304 58.63794738799334 0.1611945331096649 0.3763941526412964 0.2615519091486931 0.1172656714916229 0 0 0.2683627232909203 0 0.2002626731991768 6.024092324078083 1.329345025122166 0 0 0.1432308405637741 0.4689349681138992 0 0 1.77791977673769 0.9668920412659645 159.894540220499 77.51484124362469 8.086049146950245 1.499077491462231 0.4073503166437149 2.176153600215912 0.1461828500032425 0.5436788648366928 1.222567088901997 0.7792290449142456 0.09431120753288269 0.4616526663303375 0.3141211271286011 0.3055329322814941 67.71255557239056 0.9969843626022339 0.1943854540586472 46.00077423453331 10.53583235293627 6.000810742378235 0.9411703795194626 0.6868093609809875 0 248.6150033473969 0.09144935011863708 2.059768699109554 3.578863002359867 0.4321806654334068 0.1787281781435013 0.583262138068676 0.5767951384186745 0.7932061851024628 0.09029573947191238 0.5758565664291382 0.3373594209551811 0.4377062916755676 0 0 0 339.1869874149561 0.5925267934799194 0 0.9119654893875122 536.5512152314186 0.3717186450958252 14.27037107944489 2.027557551860809 14.05269432067871 4.09498456120491 60.17459607124329 20.38491688668728 34.47533421218395 11.33589386940002 34.37713143229485 2.473081365227699 42.86865296959877 52.51020900905132 86.32266204059124 54.8202788233757 0 0.3073538169264793 0 0 0 0 0 0 0 0 0 0 0 0 0 0 0 0 0 0.6996875256299973 0.2958759069442749 0 0 0 3.755823343992233 1.748237445950508 4.291124112904072 0 0 0 0 0 0.1659485101699829 0 0 0 1.346856862306595 1.362449340522289 0 0.2959282100200653 0 0 0 0 0.5775518417358398 0 0 1.528191417455673 0 1.114864945411682 0.1591473072767258 22.32765352725983 0.1659378856420517 1.070447489619255 0 0.5914194583892822 0.2537218928337097 0 0 0 0 10.80458840727806 0 0 0 0 6.553750976920128 0.73600172996521 1.816495075821877 0.2358440309762955 1.805954769253731 1.784976288676262 0.3760660886764526 0.3663281202316284 0.5152920037508011 0 0 0 0 0 0 0 36.97665427625179 0.5989224463701248 1.314009919762611 76.3373594507575 2.593878179788589 36.03628249466419 5.951955258846283 890.1090419068933 8.321061007678509 0.8984015434980392 10.55081191658974 17.59454880654812 0 9.855448596179485 0 50.57655388116837 0 0 1.262943923473358 0 0
557.7750807255507 1915.877186715603 3025.946717254817 3.72467527538538 3823.266535073519 26.09610144793987 306.922666542232 1666.017062395811 3906.193705514073 3.345317557454109 0 11.48814301937819 890.9889841675758 2190.660877421498 74.44789124280214 43.86188583076 2.202925577759743 0.812554731965065 0.1420487612485886 0.9061452150344849 18.8820895627141 0.1854082942008972 12.0468400940299 9.394079551100731 53.32788304239511 10.61454466730356 33.72141034901142 1.448816820979118 2.81661556661129 7.96624480932951 877.1670777574182 304.2062544226646 539.3611654862761 2.755302272737026 9.289413280785084 37.54626777768135 129.8435898125172 40.99461464583874 6.299749083817005 32.42466629296541 10.47835505753756 2.104034632444382 4.324565969407558 6.841809704899788 1.155854612588882 1.538118235766888 116.4167523607612 12.38799045234919 2.049557782709599 2.733842574059963 3.364247053861618 0.2065794393420219 0 1.052976578474045 12.75425478816032 8.312917046248913 46.7713675647974 245.880977652967 19.65995207428932 31.4772274941206 2.557939685881138 15.35597648471594 1.62691393494606 68.15566226094961 12.79610019177198 12.78449274599552 3.001610994338989 13.97630362957716 14.95255576819181 47.22058989852667 30.69815919548273 4.904538944363594 0 215.9803096055984 118.2636566534638 194.5851349532604 38.18688255548477 20.41026704013348 61.33851347863674 1392.315479300916 22.34229336678982 306.3791501075029 22.5142700523138 0.9450109153985977 8.748569935560226 8.384196929633617 7.314938515424728 0.09676065295934677 2.579473838210106 0.1908012703061104 1.580437287688255 0.3077595680952072 21.74620471894741 2.719650365412235 1.244112931191921 41.63091673702002 2.467047542333603 0 1.24863938242197 182.897194750607 0.6677841246128082 0.4865247309207916 0.5527198016643524 0.7454631924629211 2.26252444088459 5.556747749447823 1.13881504535675 5.623138591647148 1.44162192940712 4.479923367500305 1.817410796880722 8.563242986798286 16.74492616206408 14.52760604023933 13.7263930439949 0 0 0 0 0 0 0.1883984953165054 0 0.1496596038341522 0 0 0 0 0.1342158615589142 0 0 0 0.3565228283405304 0 0.7949137091636658 0.9203002154827118 0 0 0 1.976904273033142 0.4593946859240532 5.458734884858131 0.2206251248717308 0.5135188326239586 0 0 0 0.1210518404841423 0.8978024870157242 0.3482557088136673 0.2228876203298569 0.7846600413322449 2.01949367672205 0 0 0 0.2572799026966095 0.465285025537014 0 0 0.3562990725040436 0 0.1204360723495483 0 0.6676399111747742 0.4236815869808197 7.221406355500221 0 0.1866882741451263 0.1456473022699356 0 0 0 0 0.2482276260852814 0 15.28772778809071 0.1289917528629303 0 0 0 5.143778577446938 1.859716176986694 3.95160610973835 1.951449856162071 0.4941919445991516 1.114586800336838 0.8423575907945633 0.7170896455645561 0.1397351920604706 0 0 0 0.4470272064208984 0.1092765554785728 0 0 5.418175309896469 0.9339888840913773 2.337559059262276 268.2713189721107 59.92334900796413 382.0353381112218 115.5839772894979 172.8391112908721 55.89643966406584 10.40229415893555 112.5891831219196 5.806166641414165 0 5.352327458560467 0.1130070611834526 3.993744477629662 0.9894070327281952 0 4.280457496643066 6.662509545683861 0.39356429874897
914.4069451987743 65.27384175360203 3.15295135974884 1247.759011134505 28.40092542022467 536.6496835649014 220.7474670261145 1.89640511572361 47.27899569272995 1708.490466102958 11.48814301937819 0 3120.677460357547 632.200161382556 26.7637028247118 16.28245709836483 1.40826041251421 0 0.2751092612743378 0.2701638042926788 0.1653104871511459 3.360643029212952 0 0.6861464828252792 2.581396445631981 0.4514484405517578 0.8625497072935104 1.663405656814575 0.5237507373094559 0.4347118139266968 2.3112533390522 1.111031472682953 187.8056548237801 0 0 3.630250945687294 358.7535325586796 5.628879822790623 0.9671647697687149 3.169865429401398 0 0.1515423953533173 0 1.73717474937439 0.6554946377873421 2.411723338067532 29.25879327952862 0.7751267179846764 0 0.3074442893266678 0.3911177664995193 6.086845599114895 12.98251077532768 1.265781491994858 2.774159818887711 1.686737142503262 43.08469370007515 36.23186881840229 3.894773565232754 3.156699277460575 2.932868167757988 25.75220946967602 0 0.7092669308185577 1.304524667561054 1.490350626409054 0 1.25428606569767 0.1055443063378334 1.153139024972916 515.6004679650068 43.00888034701347 0.4143922030925751 36.57948002964258 7.898223735392094 21.18381599336863 1.85423094779253 1.218830913305283 0.1288897395133972 570.2283501327038 1.714022770524025 29.88618412613869 3.771421074867249 0.2344069182872772 1.088701613247395 0.605026938021183 0.9248076304793358 1.638489827513695 0.4166353940963745 2.188104525208473 0.1512967050075531 0.3174259066581726 0.9633245766162872 0 0.1222091615200043 1523.597746431828 53.27881889045238 7.413306504487991 40.77847808599472 131.2705961018801 0.9298768788576126 4.874310567975044 7.108264520764351 3.886720731854439 6.929608881473541 68.88616998493671 6.229673564434052 56.61730113625526 12.03362892568111 39.8724357187748 10.80932974815369 80.11095912754536 112.000162512064 171.0324954241514 152.9717466682196 1.585644498467445 2.318765938282013 0 0.1431777030229568 0 0 0 0 0 0.3699792772531509 0 0 0.3077094107866287 0 0.2975756227970123 0 1.067804217338562 0 0 2.389802098274231 0.383223295211792 0 0.2277127355337143 0 15.59058217704296 2.173530101776123 18.05173719674349 3.153602577745914 1.113125324249268 0 0 0 0.3384093791246414 0.3886685371398926 1.100918859243393 0 2.69440795481205 9.744556665420532 0.2058908939361572 1.146097481250763 0 0.6757640987634659 0 0.9553909003734589 0.9508846402168274 0 0.9766788482666016 1.039387851953506 0 2.20662659406662 4.151229485869408 54.7521263808012 0.2106425762176514 1.842105813324451 1.71742045879364 0.1075687035918236 0 0 0 0 0 79.12193232029676 2.025606900453568 0 0 0 28.78876769542694 1.896752059459686 12.22133412957191 6.215655602514744 1.416928395628929 4.156354047358036 0.6373391449451447 1.547976523637772 0.6151884198188782 0 0 0 0 0 0 0 89.90926568210125 5.26116256415844 10.4109345600009 165.5385872423649 10.34242502599955 97.05106589198112 24.51875357329845 410.6064941287041 11.82922358810902 1.888140797615051 52.7095213457942 27.22142317146063 0.6207504719495773 26.77277406305075 0.5710369721055031 49.80749271810055 2.509605817496777 0 5.036662504076958 3.453310795128345 0.6661466807126999
957.5025612339377 772.9995516166091 10.00069127231836 1782.715169489384 281.0556427761912 329.1584838628769 7204.226290978491 52.6584225744009 3393.851082973182 5970.667727440596 890.9889841675758 3120.677460357547 0 2429.598269656301 109.813839957118 55.59109652042389 3.407951727509499 1.881107546389103 0.2515527307987213 1.181872926652431 8.331386759877205 3.318951666355133 7.548522345721722 2.485444374382496 15.25898706912994 5.32128444314003 14.66941677033901 2.191011302173138 1.719115689396858 3.099529556930065 17.71510012447834 7.355992898344994 263.0916152447462 0.9395598769187927 4.308084711432457 15.20390136539936 197.6930748522282 15.5499267950654 2.491711400449276 12.88893055915833 6.435185559093952 2.333954304456711 1.952957086265087 9.467182025313377 0.6454270929098129 2.964024528861046 133.1219934299588 6.35218009352684 1.443188488483429 1.986960500478745 2.803540535271168 3.419932529330254 11.77523271739483 1.129450745880604 5.750931210815907 1.761087901890278 47.92737299203873 52.45851448923349 19.80277619510889 20.15729502588511 7.45951858907938 39.7641711384058 1.3860764503479 11.23506969213486 5.059691332280636 5.523848153650761 1.596665844321251 8.812773816287518 8.41861505061388 21.97540529817343 166.8512872084975 48.44763538241386 0.7754156067967415 110.7034092992544 36.80330922454596 155.1211806312203 28.08477260917425 9.844981916248798 1.588842235505581 501.006326906383 8.334876023232937 122.9876893237233 10.47970260679722 0.8140859454870224 6.874109111726284 4.182606749236584 4.81718597561121 0.493522971868515 1.211319573223591 1.977337509393692 0.9443662390112877 0.3633742928504944 11.17411579936743 2.486627541482449 1.089802898466587 1450.122122496367 60.37794670462608 7.107166111469269 30.03574457764626 115.9391245394945 4.082373321056366 9.07282167673111 11.86981198936701 4.25141353905201 19.11334277689457 116.6391417384148 22.13394789397717 126.8597908765078 19.77057555317879 74.39872950315475 14.95540031790733 174.5637794435024 229.221111997962 266.7083857581019 287.9044217914343 1.243335917592049 1.507517874240875 0 1.188125312328339 0 0 0 0 0 0 0 0 0.7434727251529694 0.2735122740268707 0 0.1295191645622253 0.1426142305135727 0.5190928280353546 0 4.372291207313538 1.96539980173111 0 0.8304630070924759 0.5858965516090393 17.34253843873739 5.138430535793304 19.03404127806425 2.676112301647663 1.224125973880291 0.9886149913072586 0.4295233190059662 0 0.9034775048494339 1.758651621639729 0.5640968233346939 0 7.842303469777107 10.75497377663851 0.5706095397472382 0.7729744613170624 0 0.2800189852714539 0.6032049357891083 1.236058905720711 0.7775681018829346 0.2154962345957756 0.7150324061512947 5.652967602014542 0.1850946545600891 3.945581644773483 2.275228261947632 93.99963103234768 2.231267109513283 3.872127361595631 3.239601276814938 0.6941071152687073 0.260221354663372 0 0.1730821132659912 0.4183812737464905 0.1407996416091919 109.6295969188213 1.987740084528923 0 0.1473747342824936 0 42.60022111237049 6.202536404132843 22.85789131373167 10.62185496091843 4.464520961046219 10.00183234363794 1.912057161331177 4.524886153638363 1.957747429609299 0 0.2086865454912186 0 0.1076378747820854 0 0.4841688275337219 0 130.6697193980217 9.01972009241581 12.25208872556686 510.0605962797999 54.91869984567165 396.6161443069577 147.8574267178774 405.6763899773359 56.44414187222719 7.238736495375633 203.7484954297543 48.29077787697315 1.379232168197632 52.1050912514329 0.4542643204331398 101.3392953276634 5.722284823656082 1.271797627210617 11.72878435254097 10.5194973424077 1.970665276050568
