0 2513.718100480735 127.5993518903852 1207.009305767715 103.7947048991919 534.804719671607 207.6910813599825 152.3030527681112 118.1808013021946 1822.869293026626 211.4324470758438 419.4000376313925 172.8929615840316 134.5489814653993 24.59613646566868 4.757566057145596 0.3507387936115265 0.3610657751560211 0 0.4798078611493111 0 0 0.6666576862335205 0 1.149016678333282 0.6102299094200134 0 0 0 0 277.9496244490147 19.36845741420984 47.88882079720497 0 0.5724112987518311 3.205316945910454 24.10732045769691 0.4577039182186127 0.767936959862709 0.7746454104781151 1.164992243051529 0.4605057761073112 1.007367491722107 3.112328864634037 0.2289382144808769 1.445478409528732 25.09423481673002 9.584007598459721 0.6045559644699097 2.639433473348618 0.3243068754673004 0 0.2148051410913467 0 8.348539896309376 16.19391709566116 333.9603122025728 1140.830289684236 42.00627566128969 53.18379779905081 1.005439013242722 17.11345607042313 0.5335538163781166 7.324751421809196 4.65584896504879 2.31230540573597 0.3618714287877083 0.7247685045003891 0.9797246605157852 2.454418286681175 67.72132836282253 0.262240082025528 0 503.8296486362815 23.21283167600632 99.86838612705469 4.22409812361002 2.146785944700241 37.38805751502514 507.7323496937752 1.085994951426983 67.10114511847496 11.63438127189875 0.3491370528936386 6.657641962170601 2.788633525371552 4.831426434218884 0 0.2017907649278641 0 0.1211993545293808 0 4.034825950860977 0 0.09963449835777283 32.24393784999847 25.46592335402966 0 2.478767231106758 2319.807105191052 0.721804678440094 0.2946562767028809 2.094554796814919 0.8553170561790466 0.9066884517669678 11.15601606667042 6.414336070418358 8.01019398868084 9.555443570017815 13.07737214118242 0.4042667746543884 9.096052542328835 14.3929338157177 14.81313343346119 5.627029657363892 0 0 0 0.1324301064014435 0 0 0 0 0 0 0.2143842726945877 0 0 0 0 0 0 0.6021238192915916 0 0.5585283190011978 0 0 0 0 4.185532450675964 0 0.8693334311246872 0.5570181012153625 0.4744277894496918 0 0.19338758289814 0 0 0 0 0 0.3115625977516174 0.8045393526554108 0 0 0 0 0.6763702034950256 0 0 0 0.2815379500389099 0 0 0 0.4834529012441635 3.067133516073227 0 0.2125644683837891 0 0 0 0 0 0 0 8.450738221406937 0 0 0 0 3.131781995296478 0 3.368690952658653 0.6292443946003914 0 0.7955643981695175 0 0 0 0 0 0 0 0 0 0 14.96553033590317 2.581594854593277 1.245182767510414 240.4780727028847 7.337009653449059 244.2218704894185 12.42111495882273 1531.467596590519 22.20322054624557 3.391727432608604 32.73604722321033 20.45482555031776 0 1.619359374046326 0.2732968479394913 13.19563139975071 0.6892122328281403 0 1.206025764346123 0.6542649418115616 0.5066272467374802
2513.718100480735 0 370.4138256087899 823.179900445044 1699.18866314739 319.614045701921 2109.421116314828 982.1856124550104 1189.985960617661 2061.231511235237 2251.569115310907 393.7904825359583 632.7845244929194 805.0946032553911 70.75212306529284 8.299926914274693 0.6579490229487419 1.804951205849648 0 1.791598841547966 1.687689960002899 0 0 0 2.006526455283165 1.110586322844028 0.3398461639881134 0.2791789770126343 0.7311087027192116 0.1147291138768196 808.7165818959475 68.79301623255014 165.3229283243418 0 0.1907194703817368 0.1718003898859024 86.47069735080004 1.033433482050896 0.8162090629339218 0.1057367101311684 2.954023391008377 1.074058383703232 1.111155115067959 2.434287637472153 0.5937828421592712 1.991030871868134 97.27173505723476 16.40875017642975 0.8315773010253906 4.915173508226871 1.584931626915932 0 0 0 13.61741979420185 21.90474687516689 206.4873127266765 1151.096681930125 42.632344186306 122.67389754951 0.9326733350753784 37.90529057383537 0.896883487701416 39.66635622084141 7.281771413981915 4.329440265893936 0.6251211017370224 2.053028218448162 1.789185978472233 4.260297670960426 141.2604822665453 1.596966743469238 0 757.7281989678741 68.9131783246994 278.3732306212187 19.87326078861952 23.26032232493162 42.12709379941225 1533.374228931963 2.914123505353928 118.4711593836546 20.95107877999544 0.6578234732151031 10.62822223454714 5.151732318103313 10.17163106054068 0.2164696082472801 0.5688019245862961 0 0.1164630502462387 0 7.291395209729671 0 0.4363368824124336 73.04105009138584 50.34742987155914 0 2.245842128992081 1565.678039647639 0.2472934275865555 0.9445377886295319 0.826201856136322 0.3103736340999603 0.3078186511993408 16.4685545861721 3.801157549023628 7.881344646215439 35.69182170927525 17.84896574169397 0.3279549032449722 14.59842728078365 10.29233638942242 15.00126951932907 5.843873411417007 0 0.3986495137214661 0 0 0 0 0.1614211052656174 0 0 0 0 0 0.504313051700592 0 0 0.1911719292402267 0 0.2452995926141739 0 0 0 0 0 0 5.058982111513615 0 3.394062116742134 1.444500103592873 0.8856811821460724 0 0 0 0 0 0.4653732776641846 0 0 0.6318739652633667 0 0.3668929636478424 0 0 0 0 0.6473217904567719 0.119069792330265 0.4387912005186081 0 0 0.1982840895652771 0 4.285030722618103 0 0 0 0 0.164588451385498 0.2609940767288208 0 0 0 13.19530942291021 0 0 0 0 4.842218726873398 0.3618257641792297 5.740754038095474 0.2149205803871155 0.8444910645484924 0.6635480523109436 0.5285386443138123 0 0 0 0 0 0 0 0 0 17.09429684281349 2.742318451404572 3.056836187839508 236.8335842713714 14.34732380509377 448.4149960204959 25.30648626387119 881.0725083053112 37.38986784219742 7.228143818676472 91.47173055261374 19.85453861951828 0 3.040246725082397 0.4821349531412125 15.35095649212599 0 0.1261005699634552 1.016758531332016 3.433971837162971 0.3583794832229614
127.5993518903852 370.4138256087899 0 4.925059475004673 159.2451895996928 1.137062788009644 29.51222640275955 1529.253731355071 150.0705011412501 13.55908571183681 1356.856786727905 2.390249662101269 28.08474075049162 111.443532153964 48.83789931237698 10.12918344140053 0.2715254724025726 5.059712067246437 0 16.65700978040695 20.65515999495983 0.1798739433288574 1.471770435571671 0.8636802583932877 4.199695453047752 4.013804972171783 1.336693227291107 2.875643238425255 2.44340880215168 0 3674.388852506876 1058.768688417971 42.99626009911299 2.569817453622818 4.931404337286949 5.779514402151108 25.04368754476309 3.052480034530163 3.399996027350426 0.6583210378885269 15.21373406052589 1.776133239269257 25.54270739108324 4.619913958013058 0.5909703373908997 4.680547289550304 58.70998403429985 6.561553314328194 1.71364701539278 38.4503678008914 2.141359061002731 0 0 0 7.455119900405407 11.91893017292023 93.41064108163118 1277.508035942912 20.55076570063829 53.49639686197042 7.529368735849857 30.51234454661608 1.771496385335922 195.1087632775307 3.022546574473381 2.244016297161579 0.2141692489385605 2.006855115294456 36.39384133368731 58.0959492623806 5.969103030860424 1.335130922496319 0 461.0651414096355 89.94869756698608 164.1062811911106 109.6248609274626 30.32632683962584 565.4831670075655 884.7661986127496 6.814613468945026 359.288172505796 9.416101053357124 0.108105905354023 3.654448345303535 1.383471384644508 27.64267359673977 0 0.2436133474111557 0 0 0.09522557258605957 40.71515471488237 0.2145585864782333 0.3854956924915314 5.771284461021423 0.595283716917038 0 0 172.1529001668096 0 0 0.8622505068778992 0 0 0.7196900248527527 0 0.2633014321327209 0.2831092476844788 0.2153585851192474 0 0.6709965541958809 0.7060400545597076 1.511281341314316 0.3544317334890366 0 0 0 0 0 0 0 0 0 0 1.132041990756989 0 0 0.4780646562576294 0 0.5743389576673508 0.2151929587125778 2.401644632220268 0 0 0 0 0 0 0.3013580143451691 0 0.4448115825653076 0.362115889787674 0 0 0.2765519022941589 0 0 0.1466285884380341 0.1561329811811447 0 0 0 0 0 0 0 1.527905911207199 0 0 0 0 0 0 0 0 0.1900850236415863 0 0 0.1422858983278275 0 0 0 0 0 0.3554829061031342 0.9086363837122917 0 0 0 0 0.2905066311359406 0 0.9923728108406067 0.1358206272125244 0 0 0 0 0 0 0 0 0 0 0 0 1.283408656716347 0.5561683177947998 1.488769166171551 78.34289535135031 15.34270027279854 176.2989569380879 18.44692873209715 77.74734418094158 15.71591160446405 3.632047772407532 38.05825704336166 3.186203010380268 0 0.1856402456760406 0.3223099410533905 1.114300355315208 0 0 0.5619315654039383 3.618318505585194 0.7273096740245819
1207.009305767715 823.179900445044 4.925059475004673 0 174.4533719718456 907.68593416363 464.126014508307 8.006200164556503 176.0992129594088 1999.229442611337 50.23684652894735 1356.570912733674 627.4263577535748 25.54494421929121 17.91337123513222 2.272121742367744 0.1694948226213455 0.1290051490068436 0 0 0.7082385420799255 0 0 0 0.1131224483251572 0.2291350811719894 0 0.1252187788486481 0 0 28.26333958655596 4.350721776485443 5.848290294408798 0 0.587080180644989 0 9.524536266922951 0.2616448998451233 0.5578660815954208 0 0.6355958580970764 0 0 0.6726767867803574 0.194946750998497 0 30.22778102755547 2.945372208952904 0.1217154487967491 0.6009177044034004 0 0 0 0 2.588505677878857 5.121952310204506 43.3586749881506 117.5477401688695 8.581264272332191 31.04684045165777 0.1216288134455681 7.758804976940155 0 5.633483201265335 1.838307678699493 1.20974076539278 0.233879417181015 0.106219157576561 0.1758495569229126 1.043088778853416 236.5953061133623 0.7317143678665161 0 152.3385448008776 11.17680665850639 66.84832981228828 7.489610180258751 5.320407003164291 2.668490044772625 15.98789589107037 0.8928872421383858 4.337298378348351 4.707384437322617 0.2521105781197548 2.02042380720377 1.598367914557457 1.481126219034195 0 0 0 0.2096143513917923 0 0.6634199172258377 0 0 74.63217405974865 90.4427412301302 0 13.49002542346716 477.5310174822807 0.6650616526603699 1.955437436699867 4.411227986216545 1.460996896028519 0.6324690580368042 17.0457057505846 8.736511707305908 11.45133155584335 18.18607848882675 26.89601565897465 0.9841568619012833 14.2887981981039 13.85068014264107 22.52440828084946 6.12648132443428 0.2673858404159546 0 0 0 0 0 0 0 0.5933852791786194 0 0 0 0 0 0 0 0 0 0 0.5519088357686996 0 0 0 0 8.425450339913368 0 4.850569903850555 0.9754752814769745 0 0 0.2687172889709473 0 0 0.1383538842201233 0 0 0.5495742559432983 0.27935391664505 0 0 0 0 0 0 0 0 0 0.2158669531345367 0 0 0.5602082014083862 4.364601746201515 0 0.4040640592575073 0 0 0 0 0 0 0 12.88562776148319 0.2409922778606415 0 0 0 3.805937588214874 0.1492143571376801 5.767266638576984 1.945451185107231 0.1577309221029282 2.182460322976112 0 0.2461336404085159 0 0 0 0 0 0 0 0 24.38669635355473 3.371281325817108 3.275108769536018 193.1690186858177 2.969639711081982 128.9621895700693 5.256243571639061 643.224886983633 10.24948864430189 2.008850499987602 33.60970614850521 34.70794720947742 0.2432638555765152 6.370014503598213 0.7838293164968491 23.70034873485565 0.1817309856414795 0 1.950968846678734 2.476008757948875 0.7903730273246765
103.7947048991919 1699.18866314739 159.2451895996928 174.4533719718456 0 8.251381903886795 1490.247145861387 184.08440952003 1971.029430493712 223.7933110296726 1802.929868340492 72.57316207885742 331.5352972596884 426.1520690768957 39.75142186135054 4.737978629767895 0.1141754165291786 0 0 0.1148793026804924 0 0 0 0 0.1263358294963837 0 0.2386336773633957 0.1687997728586197 0 0 83.5733737796545 9.760994344949722 8.565102353692055 0.3427524566650391 0 0 7.672094590961933 0 0.2349774986505508 0 0.2656324207782745 0 0.2760561555624008 0.5830594152212143 0.1173698976635933 0.3467646539211273 48.18332470208406 2.222924746572971 0.4110147729516029 0.9955756887793541 0.3851860016584396 0 0.2386609762907028 0.1976096928119659 1.421579241752625 3.86490561068058 7.061620242893696 42.55482655763626 5.933436095714569 35.76356227695942 0.2833905220031738 1.624759592115879 0.2536606192588806 12.6098914295435 1.794647850096226 0.3525996208190918 0.200416125357151 0.7097259536385536 0.3697626888751984 0.1691296547651291 66.49376634508371 0.1455220729112625 0 114.1730818152428 18.86653526872396 100.9730189442635 15.71422433853149 15.75485944747925 2.933213941752911 91.79338140785694 0.5361765548586845 5.238608673214912 3.349703446030617 0 2.639359638094902 0.7742281556129456 1.767666645348072 0 0 0 0 0 0.2773654535412788 0 0.2484598159790039 23.51379716396332 19.81680315732956 0 3.278391614556313 20.91264353692532 0.1465867012739182 0 2.343456387519836 1.909210816025734 0.259198784828186 7.553864255547523 2.857038006186485 2.331023573875427 3.481488078832626 8.116167932748795 0.4063153266906738 4.925482705235481 6.072507932782173 6.345831736922264 1.658756375312805 0 0 0 0 0 0 0 0 0 0 0 0 0 0 0 0 0 0 0 0 0 0 0 0 2.428315803408623 0 0.9523859247565269 0.3601066172122955 0 0 0 0 0 0 0 0 0.5562288463115692 0.2544440627098083 0 0 0 0 0 0 0 0 0.1192954555153847 0 0 0 0 0.5150016397237778 0 0 0 0 0 0 0 0 0 3.889378115534782 0 0 0 0 1.339960739016533 0.4979041367769241 1.86640040576458 0 0 0.4729576110839844 0.1827487796545029 0 0 0 0 0 0 0 0 0 4.88516853749752 0.8985368013381958 1.137034565210342 87.09245516359806 5.250831723213196 122.5643085092306 11.35504428297281 44.36490494012833 13.98263256251812 2.896637052297592 45.89082531630993 6.927205666899681 0.2121526747941971 1.145094059407711 0.6389652490615845 5.399520292878151 0.2327909022569656 0 0.3501083254814148 1.936048895120621 0
534.804719671607 319.614045701921 1.137062788009644 907.68593416363 8.251381903886795 0 51.99611563980579 1.622745200991631 20.79815471172333 999.8260300308466 8.059152752161026 293.3198686242104 96.12684281170368 10.60240753740072 0.5741567611694336 0.6035004854202271 0 0 0 0 0 0.338782861828804 0 0 0 0 0 0 0 0 14.84438553452492 0.2508476376533508 53.31707121431828 0 0 0 39.75040908157825 0.4107730090618134 5.209471240639687 0 0.2156273573637009 0 0 0.2616625726222992 0.1561731100082397 0.2753543555736542 1.699403427541256 0.3921059966087341 0 0 0.3816781640052795 22.22006832063198 0.4369788616895676 0.9361144751310349 0.1873954683542252 3.14925941079855 398.1365717425942 86.44004214555025 16.20724380016327 1.726279392838478 0.1853341907262802 25.99618218839169 0 0.5883791595697403 0.08976741135120392 0.2293310686945915 0 0 0 0 157.8672629892826 108.8648640811443 10.04795725643635 16.75857447087765 1.626842394471169 2.794052556157112 0.4202326014637947 0.2505464851856232 0.5382789820432663 27.15731207281351 0 14.06126868724823 0.3549376800656319 6.305959925055504 0.09391841292381287 0.2743508815765381 0 11.50485327839851 2.1020567715168 12.37133495509624 0.7627763450145721 0.8677137792110443 0 0.157003715634346 0.18765027821064 334.9567505568266 64.51217029988766 9.177248597145081 3.594326511025429 547.1028415411711 0.3469522297382355 0.6856304407119751 1.914917811751366 2.407486990094185 0.8299557566642761 11.85453306138515 12.3321229070425 4.270436197519302 9.045804992318153 12.68895062804222 2.004904344677925 8.468563601374626 13.82111902534962 11.03000950813293 2.47533206641674 0 0 0 0 0 0 0 0 0 0 0 0 0 0 0 0 0.5428799241781235 0.4473097771406174 0 0.3234229981899261 0 0 0 0 1.230650141835213 0 0.6748275905847549 0.3897777497768402 0 0 0 0 0 0 0 0 0 0.4024814665317535 0 0 0 0 0 0 0 0 0.3553279936313629 0.2262352854013443 0 0 0 1.187196791172028 0 0 0 0 0 0 0.2556626200675964 0 0 3.997159019112587 0 0 0.1863647550344467 0.4615965187549591 0.3818050622940063 0 1.730358332395554 0.1313766241073608 0.2420047372579575 0.2242131531238556 0 0 0 0.1591764837503433 0 0 0.3283001482486725 0 0 0 19.86963060498238 0.5344178974628448 0.3771583735942841 157.262649782002 0.2989248633384705 11.13978559523821 0.7043215483427048 400.2640876844525 2.467647284269333 0.1822216063737869 2.664929464459419 18.98994985222816 0 0.9556174278259277 0 26.20509180426598 0 0 0 0 0
207.6910813599825 2109.421116314828 29.51222640275955 464.126014508307 1490.247145861387 51.99611563980579 0 154.8026845678687 3220.371766582131 1022.29605243355 1749.260431289673 487.7815881147981 1684.32135886699 508.5864081531763 105.9738587290049 12.75205069035292 0.3835052996873856 0.3961968570947647 0 0 0.469429224729538 0 0 0 0.7297269552946091 0.2462840378284454 0.7843596413731575 1.373605936765671 0.3346209526062012 0.1649546474218369 121.463376276195 21.64891618490219 11.66206869482994 0.3238164633512497 0.4664216041564941 0.4920748174190521 8.139808513224125 1.298551626503468 0.5879166126251221 0.4203009903430939 0.2879874706268311 0.2822756171226501 0 4.625676073133945 0.5376037806272507 3.176444306969643 139.6026183739305 5.994694732129574 0.303489476442337 1.508760869503021 0.3312705159187317 0 0.1770567297935486 0.2460655868053436 5.110686704516411 8.372449301183224 22.19110707193613 104.4094115048647 13.83414098620415 101.8288227617741 2.605818308889866 3.998029075562954 0 37.26244977861643 3.403193555772305 1.300768733024597 0.2095402032136917 0.3081626370549202 1.125550180673599 1.158113747835159 151.6467997282743 0.303156778216362 0 291.1938528195024 38.92913191765547 283.2780180200934 44.60865857452154 31.90408802032471 10.47981312125921 46.60459777712822 1.621208980679512 10.76401146501303 8.603957705199718 0.3528008908033371 6.013290077447891 2.029538370668888 4.493449114263058 0 0.7519720047712326 0 0 0.1688748598098755 1.468403667211533 0 0.507189154624939 42.11691446602345 29.39177818596363 0 5.07228347659111 36.1633717790246 0.8305452167987823 0.9435458034276962 3.422637060284615 2.621084302663803 1.247146189212799 23.11085103452206 10.80062030255795 14.90837253630161 36.09034582972527 28.1170399338007 1.966553896665573 19.23232819139957 25.26831750571728 25.1567824780941 11.2330849468708 0.1952124089002609 0.1391472816467285 0 0 0 0 0 0 0.2926706671714783 0 0 0 0 0 0 0.1788750290870667 0.757576584815979 0.7553687691688538 0 0.3055734038352966 0.3828156888484955 0 0 0 8.479450941085815 0 2.081454008817673 2.258916810154915 1.448932260274887 0 0 0 0 0.1797416508197784 0 0 0.2666194289922714 0.8794590160250664 0 0 0 0 0 0 0 0 0.3398039415478706 0.1395596414804459 0.2002779692411423 0 0 7.140319362282753 0 0.1915854662656784 0 0 0 0 0 0 0 20.30881685018539 0 0 0 0 7.394519507884979 0.1552781164646149 11.23704780638218 1.198204167187214 0.1657648235559464 0.8615143895149231 0 0 0 0 0 0 0 0 0 0 25.06564392149448 3.743738979101181 4.709918588399887 289.801998578012 15.44444931298494 372.7622816935182 31.95625150948763 170.3566839620471 45.3748212531209 6.447756163775921 164.1339560225606 35.90106445550919 0.43988998234272 3.850797243416309 0.9451377391815186 30.32039466500282 1.167533487081528 0 0.8003223389387131 5.313431024551392 2.540164023637772
152.3030527681112 982.1856124550104 1529.253731355071 8.006200164556503 184.08440952003 1.622745200991631 154.8026845678687 0 696.1183554902673 20.69778176397085 2687.431086167693 12.47743385285139 210.3856168240309 1515.443701453507 63.30652971565723 21.14170200377703 0.1888343840837479 3.417238771915436 0.2283085212111473 15.96274143457413 18.75001589953899 0 0 1.268757462501526 17.03961677849293 2.54755537956953 2.85659895837307 0.5709628462791443 0.7361820489168167 0 1792.779214903712 1462.281048439443 177.8077337294817 1.957640007138252 4.959295570850372 20.67272007465363 74.36529736220837 6.916294910013676 3.02261558920145 0.9758483916521072 22.03984077274799 2.709392249584198 12.31000559777021 8.523251570761204 1.022025838494301 2.407420702278614 78.82909607887268 5.177972033619881 0.8450011983513832 11.90887305885553 2.628828972578049 0 0 0 2.310643307864666 5.523843437433243 41.37034727632999 435.2374073788524 8.770530179142952 47.76972544938326 5.771579548716545 59.62802643328905 14.23400039970875 414.0861707478762 2.215871728956699 1.278841003775597 0.634315550327301 2.803090885281563 13.50674392282963 50.42391754686832 26.74401278048754 1.27294248342514 0 269.8938044086099 216.1705480366945 192.0971376150846 110.6361267343163 114.3165918365121 1358.764407508075 3094.15934997052 71.02145810425282 1189.181420654058 2.816065110266209 0 1.848077461123466 0.7996746525168419 7.412387400865555 0 0.2127235755324364 0 0 0 32.18947719037533 1.917623296380043 0.5328025221824646 10.66468817740679 11.14978376030922 0 0.3002437651157379 109.9139246195555 0 0 0 0.1953535377979279 0 0.3793619871139526 0.5479592084884644 1.422704294323921 1.093293055891991 1.103420540690422 0.2253162115812302 2.05845719575882 1.728499755263329 1.136469140648842 0.7982209026813507 0 0 0 0 0 0 0 0 0 0 0.3403833508491516 0 0 0 0 0.1902048885822296 0.3192813694477081 1.817618563771248 0.7402446568012238 0 0 0 0 0 1.05883564054966 0.2007890641689301 0.9982590973377228 0 0 0.5849283933639526 0 0 0 0 0 0 0 0.1045455038547516 0 0 0 0 0.6718229353427887 0 0 0 0 0 0 0 0 0.7478078156709671 0 0 0 0 0 0 0 0 0.4152693450450897 3.334707424044609 0 0 0 0 0.9398941621184349 0 1.568645641207695 0.2860149145126343 0.4951196014881134 0 0 0.2063370794057846 0 0 0 0 0 0 0 0 2.314001366496086 0.3623335957527161 1.636483825743198 121.2589217424393 10.15945346653461 169.6580488905311 20.7488219216466 46.31807374954224 16.09175032377243 3.406642735004425 67.98759891837835 7.297654934227467 0 1.174454063177109 0 3.204746812582016 0.2830542325973511 0 0.4290654808282852 2.611272931098938 0.692425012588501
118.1808013021946 1189.985960617661 150.0705011412501 176.0992129594088 1971.029430493712 20.79815471172333 3220.371766582131 696.1183554902673 0 314.8578106239438 5316.820119105279 247.1818262115121 1480.02660343796 1663.817880153656 86.19217881560326 21.71012222021818 0.5167085155844688 0 0 0.1354537159204483 0.25444495677948 0 0 0 1.005612716078758 0.5323783159255981 0 1.193195477128029 0.8338834494352341 0 139.753817692399 26.49434467405081 28.7955109551549 0.1522623151540756 0.175524964928627 0.1161783337593079 16.77195454388857 1.389806412160397 0 0.1202319264411926 1.16321387887001 0.5636273175477982 0.9356480836868286 7.05887595564127 0.4951097443699837 2.262238584458828 112.7667807266116 3.814564935863018 0.2493397742509842 0.9575815573334694 0.3798564970493317 0 0 0.6771275848150253 2.089088559150696 6.927870817482471 12.58514914661646 62.34200529754162 8.769750952720642 59.93579002469778 3.010179184377193 3.712749697268009 0.6524795889854431 26.66329497098923 2.228220261633396 2.27535592764616 0 0.86374282091856 1.501504927873611 0.8071761876344681 246.1300405561924 1.167238801717758 0 171.9716540798545 33.16686277836561 204.2131734937429 30.82871215045452 29.49052434414625 18.1045259013772 218.593047298491 2.222196646034718 21.68714205175638 3.945912577211857 0.09224024415016174 3.057775668799877 1.081213288009167 4.979464188218117 0 0.2968882620334625 0 0.4318474233150482 0 0.6078658178448677 0 0.8720434829592705 81.76663289964199 66.27023463696241 0 8.825983762741089 20.52301804721355 0.6302354335784912 3.085025645792484 8.70967210829258 4.32680644094944 4.342169359326363 46.00748601555824 18.7599475979805 31.71572008728981 33.2356983423233 49.73110313713551 1.672161683440208 47.93203622847795 48.15813156962395 59.02495709806681 23.80505280196667 0.1128484308719635 0.6581068634986877 0 0.8089518547058105 0 0 0 0 0 0 0 0 0 0 0 0.2784321010112762 0 0.26056969165802 0 2.002886652946472 0 0 0.177157461643219 0 14.68207311630249 0.6838777810335159 10.16529773175716 1.993127137422562 1.728363201022148 0 0 0 0 0.1632070243358612 0.5609478354454041 0 0.6904308646917343 2.078475013375282 0 0.3799645602703094 0 0 0 0.2026833891868591 0.149653747677803 0 1.361954621970654 0.2559573948383331 0 0.1659376174211502 0.3005321323871613 10.44524870812893 0 0 0 0 0 0 0 0 0 37.84787515550852 0 0 0 0 14.58170934021473 0.9729539901018143 18.31607065349817 3.279777698218822 1.281441554427147 1.432693585753441 0.2640244662761688 0 0 0 0 0 0 0 0.3465292155742645 0 51.0992561802268 7.228599041700363 6.911814175546169 352.7024582773447 17.69920752942562 286.3396585136652 38.51131395995617 94.69080154597759 28.70592505484819 4.209870137274265 132.5407999157906 65.48641707748175 0.4808449149131775 7.830277368426323 1.36157114803791 45.35409634560347 1.239736109972 0 3.954394549131393 7.111145243048668 0.7165235877037048
1822.869293026626 2061.231511235237 13.55908571183681 1999.229442611337 223.7933110296726 999.8260300308466 1022.29605243355 20.69778176397085 314.8578106239438 0 86.21272377669811 2751.145790971816 3538.91272483021 90.36866197735071 58.3212876021862 7.21349560469389 0.2400152236223221 0.2203361988067627 0 0 0 0.3578378409147263 0 0 0 0.4642038270831108 0 0.6485823690891266 0.6206242442131042 0 51.24765361845493 8.052597276866436 62.29940919578075 0 0.1757308542728424 0.133550226688385 58.94118359684944 1.414933755993843 7.630461789667606 0 0.4605415686964989 0.197044625878334 0.1143578216433525 2.299748241901398 0.3125607073307037 1.000087358057499 86.15751206129789 7.955307960510254 0.3130472376942635 0.4639578461647034 0 9.168606668710709 0.8228538930416107 0.5963758528232574 7.230321422219276 11.53132158517838 61.91701503843069 155.1982805207372 20.57615745812654 76.95074392855167 1.361453019082546 28.49692637473345 0 19.12589021772146 3.035005964338779 1.724034354090691 0.1894490793347359 0.8085240349173546 0.4891348406672478 0.4860854521393776 1846.732985533774 16.88467565178871 1.933788731694221 335.5732898339629 26.72949361801147 186.7846980765462 12.93496064096689 17.53303489089012 4.052919954061508 42.69848981499672 1.141695350408554 22.79731797426939 7.353359214961529 0.7774655595421791 4.519970737397671 2.382799431681633 4.693743102252483 0.6925390511751175 0.3933937549591064 2.436630919575691 0 0.1433646380901337 0.3255064636468887 0.1389579325914383 0.1324713081121445 558.8063279688358 631.1508433967829 24.31313455104828 93.26174184679985 462.0521763414145 3.51347479224205 3.975178256630898 14.13073590397835 8.267110854387283 4.728199556469917 66.03310930728912 36.87447826564312 45.04133231937885 45.24992403388023 87.58954101800919 3.970797970890999 61.18492494523525 82.48635429143906 101.4004282951355 28.90487146377563 0 0.6427158415317535 0.1322962194681168 1.162259519100189 0 0 0 0 0.1453312486410141 0 0 0 0 0 0.525506854057312 0 0.5433255434036255 0.5707765221595764 0 2.121391236782074 0.1661121249198914 0 0 0 23.13434734940529 0.6321648210287094 14.01399457454681 4.857759967446327 1.534813761711121 0 0 0.3202579915523529 0 0 0.3851965367794037 0 1.854216977953911 4.414454057812691 0.6157393306493759 0.5698953866958618 0 0.3398296386003494 0.1660508811473846 0.5982137024402618 0 0 1.662669084966183 0.9899951815605164 0 0 1.089374333620071 21.42509950697422 0 0.3593776226043701 0.4781066030263901 0 0 0 0 0 0.1825866103172302 44.61558329313993 0.7567135244607925 0 0.1602983325719833 0.1671688109636307 14.79655992984772 2.761363103985786 25.3389268219471 4.709303170442581 1.529264822602272 2.963954463601112 0.2714546471834183 0 0 0 0 0 0 0 0 0 74.6327737942338 12.88616253435612 10.81297767162323 558.0535172745585 8.183957748115063 337.5550783202052 23.48229651898146 867.0464034378529 25.98926395922899 5.451973624527454 118.8970006331801 123.4263858422637 0 16.62120024859905 3.354702569544315 114.7432558387518 3.602511689066887 0 4.245074152946472 14.37714195251465 0.2629917860031128
211.4324470758438 2251.569115310907 1356.856786727905 50.23684652894735 1802.929868340492 8.059152752161026 1749.260431289673 2687.431086167693 5316.820119105279 86.21272377669811 0 46.45800656080246 1359.360840402544 3982.078339278698 118.7138360887766 75.78126449137926 1.05778843164444 2.096229270100594 0.1170479655265808 9.353504471480846 10.23430909216404 0 6.851028800010681 2.24815434217453 25.53659968078136 6.331916570663452 9.190298572182655 3.789680533111095 1.35155101120472 0 698.802165441215 171.4174985960126 598.5898359194398 1.690641418099403 15.54556465148926 31.78521810472012 245.0560335218906 17.61007948964834 12.05816721916199 1.889293625950813 46.53021818399429 7.436363682150841 7.596846491098404 21.62704947590828 1.997393205761909 4.849327124655247 123.3696939349174 4.711266487836838 2.102875337004662 10.1299063116312 4.700557768344879 0 0 0.1599404215812683 3.877058051526546 5.736434265971184 24.02753771841526 210.3158702105284 9.018419474363327 45.13205710053444 1.662514604628086 283.1276566982269 19.03616218268871 41.00978355109692 3.226628363132477 0.6585973650217056 1.01069463789463 6.345789857208729 16.49591434746981 43.60981121659279 153.0352744460106 10.03707678616047 0 185.6958809047937 48.27200900018215 222.0635080263019 55.52983769774437 31.4771066531539 232.0611278414726 4204.235639870167 2.0939701795578 402.7268509864807 4.69453527033329 0.2094728201627731 2.85405645519495 1.960029318928719 6.629978716373444 0.09386449307203293 0.2706411182880402 0 0.1783045381307602 0 40.52695639431477 3.844426706433296 0.6363805085420609 104.6067449599504 40.31611141562462 0 1.300434693694115 103.1580448448658 0.2029896825551987 0 0.6372478902339935 1.046263098716736 0.4977098256349564 7.657152727246284 1.73174960911274 2.873335808515549 5.637381300330162 7.750966101884842 0.1416165679693222 9.285588636994362 10.24256179481745 11.54585294425488 6.150088302791119 0 0 0 0 0 0 0.5558920800685883 1.196307599544525 0 1.74682280421257 1.035438895225525 0 0 1.758007168769836 0.1831662505865097 0 0.5336674451828003 3.728746935725212 0.1987781226634979 0 0 0 0 0 6.025626644492149 0.2066566795110703 3.584758594632149 0.3112515211105347 0.7018866539001465 0 0.3274527192115784 0.4444619566202164 0 0 0.4148786962032318 0 0 0.3009331226348877 0 0 0 0 0.2168124467134476 0 0.2089695036411285 0 0 0 0 0 0.1803896576166153 2.909878060221672 0.1762099117040634 0 0 0 0 0 0 0 0.3137681186199188 15.07383899390697 0.526107132434845 0 0 0.7143832296133041 4.362559407949448 0 3.356243297457695 0.4169187843799591 0.2969905138015747 0.1564727574586868 0 0 0 0 0 0 0 0 0 0 9.662918493151665 4.809461608529091 2.234529614448547 245.3090624213219 18.08852594345808 258.5868906751275 51.31377459317446 55.50159750133753 26.88947922736406 4.837168984115124 135.3736728429794 17.66459938883781 0 3.09719330072403 0.5561822503805161 6.949453234672546 0.498704582452774 0 0.7686485648155212 6.449225664138794 3.0755485445261
419.4000376313925 393.7904825359583 2.390249662101269 1356.570912733674 72.57316207885742 293.3198686242104 487.7815881147981 12.47743385285139 247.1818262115121 2751.145790971816 46.45800656080246 0 1551.074173226953 29.6664154753089 21.0142115354538 2.643085986375809 0.1486319452524185 0 0 0 0.1917142868041992 0 0 0 0 0 0 0.2375032156705856 0 0 12.65014836192131 2.334356769919395 62.64904553443193 0 0 0.3373326808214188 41.47127835452557 0 0.5775734931230545 0 0 0 0 0.7718068361282349 0 0.6263448521494865 30.72935706377029 1.149988606572151 0 0.1507966369390488 0 0.495541512966156 0 0 1.564253613352776 2.285505160689354 16.63712813705206 35.70576680451632 6.868606403470039 19.16078974306583 0 11.16034466028214 0 3.747735157608986 0.5671220794320107 0.4700814187526703 0 0.4519956260919571 0 0 1916.439595207572 1.15893542766571 0 97.21000453084707 6.359205141663551 54.34414157271385 3.689797207713127 3.181691393256187 0.4916535839438438 22.79942870885134 0 7.110852532088757 3.107364535331726 0 1.495699182152748 0.4176526367664337 1.062164127826691 0 0.1026074662804604 0 0 0 0 0 0 715.0911290496588 340.6895269602537 0 119.3712147474289 78.80465616285801 1.163533106446266 1.608032658696175 11.0342656224966 7.68973682820797 2.657764494419098 56.43109188973904 33.44380624592304 37.16653098165989 48.75288976728916 79.80197766423225 3.013104632496834 52.05039475858212 60.70915496349335 72.22695383429527 25.36520071327686 0.1404285281896591 0.5134366750717163 0 0.7817509025335312 0 0 0 0 0 0 0 0 0 0 0 0 0.4439771771430969 0.7038010060787201 0 4.273731127381325 0.1730631440877914 0 0 0 10.38523214310408 0 6.516919389367104 1.769379258155823 0 0 0.1435319483280182 0 0 0.3756244331598282 0.1586328744888306 0 1.308418586850166 2.217031314969063 0 0 0 0.6659268289804459 0 0 0 0 1.082266986370087 0.6063660085201263 0 0 0 10.72300118207932 0.1315607875585556 0.8195380717515945 0.1531099230051041 0 0 0.4327556192874908 0 0 0 30.91672804951668 0 0 0 0 11.47844178974628 1.276196166872978 12.56755988299847 2.909222334623337 1.714095272123814 1.306864567101002 0.1753831058740616 0.6152043491601944 0.3893476873636246 0 0 0 0 0 0 0 76.41394440829754 5.372979938983917 5.865854755043983 225.8275201246142 3.440946623682976 133.0821764171124 8.275342091917992 312.3947797715664 10.73863846063614 1.249097876250744 44.62887354195118 96.85603034496307 0 10.79635784029961 3.151363797485828 89.01537171006203 1.897284209728241 0 1.376591861248016 0.9600221663713455 0.5599100589752197
172.8929615840316 632.7845244929194 28.08474075049162 627.4263577535748 331.5352972596884 96.12684281170368 1684.32135886699 210.3856168240309 1480.02660343796 3538.91272483021 1359.360840402544 1551.074173226953 0 1303.673257827759 88.9913701415062 33.95617233216763 0.3600628226995468 0.3933927342295647 0.3148837015032768 0.4011110439896584 0.5735694169998169 0 0 0 0.6289084404706955 0.4189563989639282 0.707908034324646 0.5778153464198112 0.2698241323232651 0 64.45344768464565 10.07378633320332 242.1689518764615 0 0 1.042430996894836 81.9807588160038 0.6123184263706207 1.455866143107414 0.5699688717722893 0.5537562966346741 0.3345196396112442 0.5710737258195877 10.75740886479616 0.4513712525367737 2.203306391835213 95.51450958102942 2.534719362854958 1.183765940368176 1.657012246549129 0.1333798170089722 0 0 0 3.16711837798357 4.929083235561848 11.6775326281786 52.77655643224716 8.870974190533161 39.30758944153786 1.655797585844994 57.90987292677164 0.3347595632076263 18.54382529109716 0.8952674567699432 0.6574038863182068 0 1.360226511955261 0.3542324602603912 1.307139828801155 504.9390609934926 1.335686504840851 0 129.5759373828769 22.42005775868893 160.1727634295821 28.80406910181046 16.34211295843124 12.6419887766242 796.9471118301153 0.7697264328598976 48.12901356816292 4.735690079629421 0.4347675740718842 2.640350587666035 0.4087437689304352 4.07490897923708 0 0 0 0 0.1250557750463486 3.276640608906746 0 0.3232968747615814 836.9171019941568 71.52357637882233 0 20.68631199002266 63.6372095644474 4.248228691518307 6.684665031731129 24.79200362414122 14.43165005743504 9.759551361203194 127.0402836278081 70.43382765352726 77.21163090318441 120.1881941482425 174.9768531173468 7.162624582648277 136.7248513773084 156.8865519165993 154.5714419260621 68.33477646112442 0.3110730946063995 0.1497930139303207 0 0.2408828586339951 0 0 0.2512979879975319 0.2023934721946716 0 0 0 0 0 0.3139693439006805 0 0.1812426894903183 0.4026877284049988 0 0 4.187470108270645 0.441637322306633 0 0 0 27.65951830893755 0.671278178691864 13.45398764312267 3.153497934341431 0.3313561081886292 0 0.2736736238002777 0 0.128633439540863 0 0.3359878957271576 0 1.853844366967678 7.013964310288429 0 0.1631892025470734 0 0 0 0.2211476713418961 0.4249547570943832 0 2.180186130106449 1.579157784581184 0.7926526367664337 0.4107837975025177 0.4862612783908844 29.62962477654219 0.6775614991784096 0.2613562121987343 0.651932954788208 0 0 0 0 0 0 98.24204225838184 0.1661393940448761 0 0 0 33.14036150276661 2.349511325359344 39.84160232543945 9.140791520476341 3.473561078310013 6.805595010519028 2.309619106352329 0.1649986654520035 0 0 0 0 0 0 0 0 196.2002663388848 20.43880292773247 17.91271249204874 392.9898990020156 18.90786768496037 254.0070473328233 41.11976983398199 181.1475632414222 27.47817281633615 6.760210730135441 126.0003290325403 138.6779018417001 0.5941249281167984 19.04717057943344 2.595639519393444 141.1396072804928 2.703303962945938 0 6.211404465138912 6.042235851287842 1.985237911343575
134.5489814653993 805.0946032553911 111.443532153964 25.54494421929121 426.1520690768957 10.60240753740072 508.5864081531763 1515.443701453507 1663.817880153656 90.36866197735071 3982.078339278698 29.6664154753089 1303.673257827759 0 50.53586646914482 29.20525831729174 0.2308554947376251 0.3179822862148285 0 0 0 0 0.1117070615291595 0 0 0.2583712637424469 0 0.3316376656293869 0.538282036781311 0 154.635301835835 37.47171492129564 55.5894725099206 0 0.8627974390983582 1.260337799787521 93.4113579466939 0.8375972062349319 2.028726235032082 0 1.333985298871994 0.4287936687469482 0.1534705609083176 6.153020411729813 0.2648212984204292 1.77001778781414 60.81851156055927 1.665432311594486 0.8352189958095551 1.026619635522366 0.5139621123671532 0 0 0.1870288699865341 1.888301640748978 2.110514849424362 9.539422452449799 66.6112519800663 5.604036726057529 21.96422911435366 1.556648768484592 68.32419749349356 0 8.083181463181973 0.5499889254570007 0.9465979263186455 0 0.4096758738160133 1.528846934437752 0.3997078984975815 85.70934055000544 2.366605073213577 0 82.5917936116457 18.03791958838701 108.9265234768391 17.7683375403285 9.784136779606342 15.59151279181242 1468.191091172397 1.943354055285454 91.36551406234503 2.176984868943691 0.1660009473562241 0.8150632604956627 0.2745990231633186 2.01596686989069 0 0 0.08719468116760254 0 0 2.0838972479105 0 0.1658547669649124 102.8163261413574 6.491070941090584 0 1.122323304414749 39.85269162803888 3.169854663312435 2.168671637773514 7.401093110442162 2.430540919303894 4.113645233213902 42.03684568405151 16.16206474602222 27.81680247187614 21.84177531301975 58.42409712821245 2.974839642643929 44.51411730796099 44.71591621637344 55.96190865337849 16.4730404689908 0.6130295768380165 0.1540621072053909 0 0.2541889250278473 0 0 0 0 0.1755628287792206 0 0.3384428322315216 0.146995946764946 0 0 0.4116457104682922 0 0.4883398711681366 0 0 1.33293816447258 0.3911108821630478 0 0 0 13.72357375174761 0.2321455478668213 5.818568222224712 1.278939113020897 1.308770090341568 0 0 0 0 0 0 0 0.5310769304633141 2.431834198534489 0 0.119486503303051 0 0.3932062685489655 0.188729539513588 0.2033331543207169 0.5718687176704407 0 0.8082942217588425 0.2588190659880638 0.1933657228946686 0 0.3245916068553925 11.47976427525282 0 0 0 0.1527564823627472 0 0 0.09483429789543152 0 0 35.45297136902809 0 0 0 0 11.07323604822159 0.6522106230258942 14.70503132045269 3.049438826739788 0.6857722103595734 1.65218560397625 0.6159451007843018 0.112649530172348 0.1463844180107117 0 0 0 0 0 0 0.404443234205246 50.07398612052202 6.581441812217236 8.550827838480473 265.2237101346254 9.6405945494771 177.1830429434776 26.65896349400282 57.65885505825281 18.50369524210691 2.288980036973953 99.34270022064447 55.15022705495358 0 8.789147816598415 0.9334691315889359 46.92211929708719 1.763923510909081 0 2.960508957505226 4.134720578789711 1.214920252561569
