0 3772.639319621027 725.6506020501256 745.6390904486179 1168.446765430272 178.9561667591333 966.4143059849739 57.03201097249985 420.9632257372141 1477.466475740075 447.3477978855371 696.98723295331 527.3726159855723 145.3871134892106 1.686346918344498 0 0 0 0 0 0 0 0 0 0.1575273871421814 0 0 0 0 0 344.0965904742479 2.178688704967499 14.15098956227303 0 0 0 12.47968108206987 0 0.879361480474472 0 0 0 0 0.178764134645462 0 0 20.53122568875551 1.100539520382881 0 0 0.108505867421627 1.152696534991264 0 0 3.952692054212093 7.391805589199066 464.3611740320921 712.2501774653792 41.48042948544025 31.07110708206892 0 0.08409661054611206 0 7.025971651077271 3.729256696999073 2.062959864735603 1.789132803678513 0.5491064041852951 0 0.2720863148570061 72.33703635632992 22.38415016233921 1.286642864346504 283.156963005662 23.71603110432625 25.07378364354372 0.9123891443014145 0.2113927528262138 0 15.56421612948179 0 1.581789098680019 14.80885968357325 0.4076254516839981 1.205221422016621 4.542359828948975 0.7229803279042244 0.2634051442146301 0.1624606549739838 1.186074823141098 0 0.3956398516893387 0.445281445980072 0 0.09366155415773392 291.7970387935638 28.61689256131649 4.774405762553215 7.139610096812248 1497.312474176288 0.3226011097431183 3.206914439797401 0.5461113452911377 0 0.7021462321281433 17.93961353600025 0 21.63795411586761 4.713767305016518 2.371568784117699 2.319460526108742 25.44559922814369 7.55635379999876 9.742411613464355 4.211722120642662 0 0 0 0 0 0 0 0 0 0 0 0 0 0 0 0 0 0 0 0.4937098473310471 0 0 0 0 2.500687077641487 0 0.3814956769347191 0 0.1207926869392395 0 0 0 0 0 0 0 0 0.3155495524406433 0 0 0 0 0 0.6624529138207436 0 0.7844753861427307 0 0.2614151537418365 0.2235667258501053 0 0 5.204264298081398 0 0 0.3879300504922867 0 0 0 0 0 0.5338006019592285 5.82705020904541 0.3220425844192505 0 0 0 3.225457429885864 0.3791998624801636 0 0.6069795489311218 1.34829606115818 0 0 0 0 0.2313164845108986 0.2115754634141922 0 0.1487526446580887 0 0 0 0.9464604705572128 0.3256254494190216 0.6702519208192825 139.3304535895586 9.034675396978855 90.51083672791719 56.66617266833782 1155.492203131318 16.53778286278248 6.008810199797153 3.627496011555195 0.1406056582927704 0.5113700404763222 1.044993847608566 1.029363080859184 12.40154528617859 0 0.2099560350179672 0 0.1272985339164734 0
3772.639319621027 0 1559.974649041891 263.554233238101 3215.878698647022 464.2824078276753 1868.857442609966 46.95848025381565 1954.41069958359 729.9717944040895 753.6842906549573 452.4003373235464 1611.379799820483 225.4365524351597 9.530954048037529 0.9517481550574303 0 0.09499040991067886 0 0 0 0 0 0.1344959288835526 0 0.1020946726202965 0 0 0.1764023005962372 0 2840.511634975672 64.06470011919737 30.89909250289202 0.08096322417259216 0 0.07631819695234299 15.21335553377867 0 0.132430762052536 0 0 0.2574975788593292 0.08182838559150696 0 0 0 93.75644402951002 3.971599474549294 0 0.1283865571022034 1.040313370525837 0 0 0 9.371868014335632 16.06126283854246 210.3029531016946 554.6779079586267 26.40596517175436 89.32125508785248 0 1.887698948383331 0 36.50030900537968 8.435509711503983 4.472466334700584 4.387268245220184 1.539767056703568 0.3641471043229103 0.7981270998716354 26.45907022804022 4.303741782903671 0 337.6973555013537 91.66863095015287 118.9390491917729 10.26602467894554 1.036928109824657 0 9.746194764971733 0.2161438092589378 1.36153182387352 30.32662256807089 1.088516280055046 3.67982330173254 10.55413234978914 0.8788539618253708 0 0.9836248680949211 0 0.198752723634243 0 0.4790750592947006 0 0 75.7114330381155 1.68162676692009 0 0.3094822466373444 1282.227499045432 1.088093027472496 4.947612062096596 5.096820972859859 0.2387513220310211 3.66863189637661 48.45190653204918 0.6174966394901276 63.39754749089479 8.923193454742432 9.880447655916214 12.54358154535294 103.7714803889394 44.22482361644506 79.66129928827286 57.3212214410305 0.3491153717041016 1.944031022489071 0 0 0 0 0 0 0 0 0.09621550887823105 0 0.408178836107254 0 0 0 0 0 0 5.122721314430237 0 0 0 0 12.53605834394693 1.053345620632172 8.119713619351387 0 0 0 0 0 0 0.5749402791261673 0 0 3.964728116989136 2.523404270410538 0.2112839818000793 0.3637163043022156 0 0 0 1.347043320536613 0.8312507569789886 1.262118063867092 0.942627340555191 1.844748482108116 0.2802103459835052 0 0.5682063102722168 35.89048693329096 1.79292980581522 0.1949373632669449 0.7104203402996063 0.9460739493370056 0.1012115254998207 0 0.172509029507637 0 0 66.30035392194986 0.9182988405227661 0 0 0 11.29079326987267 0.09216981381177902 2.978219330310822 5.892117008566856 0.1622996032238007 0.8894577547907829 0.8707918971776962 1.536825820803642 0 0.8954840898513794 0 0 0 0 0 0 12.50873158872128 3.153339490294456 5.272739365696907 180.3973578512669 38.22988960146904 267.521555416286 153.3119269162416 1139.475542537868 28.5584914162755 13.53415538370609 79.19403120875359 6.994173854589462 2.256046384572983 7.766337439417839 5.306479431688786 11.81313033401966 0.5893853753805161 0.7339035049080849 2.43866915255785 0.9076964035630226 0.543333038687706
725.6506020501256 1559.974649041891 0 16.87078209221363 372.1388368532062 35.73681599646807 84.72110709547997 1774.108430221677 1928.387562967837 20.12690198421478 5787.345156416297 17.69471686333418 34.71726961433887 599.9807405769825 28.48556680232286 12.04516767710447 0.3582261800765991 2.32742515206337 0 5.634911604225636 23.32184483110905 0 2.457699477672577 1.582482874393463 10.5238710641861 2.608570113778114 2.698202230036259 1.692288726568222 0.3126934766769409 0 6158.803227297962 696.6261917576194 33.86892825365067 0.8127648830413818 5.028257697820663 7.765554293990135 9.049304775893688 6.11761512607336 1.366402558982372 3.820427030324936 48.73044195771217 8.023833528161049 3.746636644005775 1.988575130701065 0.120620496571064 0.8247390016913414 86.99853041023016 4.076146326959133 0.1519894003868103 7.347404919564724 5.588691025972366 0.3802846223115921 0.1625188887119293 2.84215135127306 7.77347282320261 9.18535840511322 307.4135916307569 1559.942184850574 29.69745693355799 75.25539886951447 33.26535502076149 15.78637441247702 5.014445632696152 203.6310664266348 7.331805981695652 5.949154287576675 5.211057528853416 14.07549320161343 59.62984335422516 113.3257984593511 11.05446523427963 1.661974906921387 0.3547553569078445 383.8149816691875 190.0819051861763 121.6810797899961 39.16467309743166 21.81647228449583 13.71483063697815 848.2628848329186 9.557915218174458 429.6572735235095 23.25466490536928 0.8355476632714272 2.949647635221481 7.968911118805408 14.70958241075277 0 0.8433551117777824 0 1.003695271909237 0.9723631590604782 83.0729126110673 14.05551930516958 4.819522105157375 22.52042526006699 0.5438970327377319 0 0 686.3298354297876 0.4968295693397522 1.201811134815216 0.2388288527727127 0 0 7.985424399375916 0.4447181522846222 16.77475263923407 1.713427811861038 1.233845457434654 2.42863667011261 23.89801679551601 12.06859348714352 18.75283209979534 19.1632144600153 0.4970254749059677 0.6198241710662842 0 0.3698910549283028 0 0 0.1312219053506851 0.1783772706985474 0 0 1.132439315319061 0 0 0 0 1.454060256481171 0 0 0 1.224616371095181 0.2647260203957558 0 0 0 5.399123921990395 0.3608778417110443 6.156315095722675 1.398771569132805 0.4599692523479462 0 0.1426621377468109 0.3153248280286789 0.2266646698117256 0.9600838422775269 0.593468651175499 0.2116478234529495 0 1.493260070681572 0.2069978415966034 0 1.800560295581818 0.2497419267892838 1.733814112842083 0.4014874771237373 0.3370955735445023 0.5082708224654198 0.5986609384417534 0.8863573744893074 0 0.5450829714536667 0.7707696706056595 13.35185065865517 1.529847592115402 0 0.4342583864927292 0.1136579737067223 0 0 0.09422340244054794 0.162640854716301 0.9473392590880394 24.02015478909016 0 0.2245902419090271 0 1.068288326263428 5.068710565567017 0.777427539229393 1.875072740018368 0.9962156713008881 1.111312434077263 1.42614059150219 0.978292278945446 0.3601448982954025 0.21843521296978 0.6102206334471703 0 0.1395626813173294 0 0 0.2399681210517883 0.3961851298809052 4.840857334434986 4.131958365440369 0.9036252498626709 116.284524910152 38.46215759962797 208.7202021703124 121.1589882522821 326.8556860536337 23.9381912201643 11.55812464654446 66.39121107012033 3.359822317957878 1.962287813425064 4.205099880695343 3.339349798858166 3.244029976427555 0.7312107160687447 0.5540185868740082 1.833115540444851 1.886956930160522 0.8925351798534393
745.6390904486179 263.554233238101 16.87078209221363 0 149.5498982965946 245.6704118400812 199.4562376588583 0.2782956957817078 21.86172247678041 860.7883622646332 5.485904574394226 882.6475331485271 988.3276150673628 40.62724168598652 0.2850847691297531 0 0 0 0 0 0 0 0 0 0 0 0 0 0 0 33.33160808682442 4.626422144472599 2.161802351474762 0 0 0 0.7268932014703751 0 0 0 0 0.2132503539323807 0 0 0 0 4.693591862916946 0.3067124634981155 0 0 0 0 0 0 0.4719445034861565 0.8299873322248459 13.87397442013025 30.52262756228447 2.714389577507973 4.187159135937691 0 0 0 2.197958469390869 0.4294140785932541 0.4650076404213905 0.1649135425686836 0 0 0 0.7817554473876953 0.2968034446239471 0 23.80915787816048 6.61246082931757 8.018962323665619 0.6927225589752197 0 0 0 0 0 1.950394451618195 0.09707523882389069 0.2318594455718994 0.6433099806308746 0.1543601900339127 0 0.09984099119901657 0 0 0 0.1021633371710777 0 0 52.71098460257053 0 0 0 119.1585924476385 0 1.333382397890091 0.290805995464325 0 0.1667733639478683 7.79574853181839 0.4809811115264893 13.20384036004543 2.644706010818481 2.071183353662491 2.595820441842079 20.99833558499813 5.413497060537338 7.754052177071571 5.203891396522522 0 0 0 0 0 0 0 0 0 0 0 0 0 0 0 0 0 0 0 1.637835815548897 0 0 0 0 0.9019830226898193 0 0.4449028968811035 0 0 0 0 0 0 0 0 0 0 0.3015701472759247 0 0 0 0 0 0 0 0 0 0 0 0 0 2.475876420736313 0.8145821988582611 0 0 0 0 0 0 0 0 6.662678122520447 0 0 0 0 1.392648577690125 0 0 0.3909932225942612 0.2835916578769684 0.3376932442188263 0 0 0.1673204153776169 0.2570416107773781 0 0 0 0 0 0 1.183049529790878 0 0 14.65359374135733 2.506152272224426 17.42535425722599 9.074605025351048 262.099670290947 1.723466008901596 1.239909544587135 2.551266849040985 0.1055136695504189 0.3080181106925011 0.2599615752696991 0.7007893323898315 3.201889097690582 0 0 0 0.2292037457227707 0
1168.446765430272 3215.878698647022 372.1388368532062 149.5498982965946 0 123.4170078784227 2824.339102990925 24.99707282334566 6942.603114642203 711.0860591828823 1186.951429113746 112.5942679569125 2303.518508113921 302.240748219192 32.57646664232016 3.681412786245346 0.352167546749115 0 0 0.2348617985844612 0.1577450037002563 0 0 0 0 0 0 0.4789338409900665 0.6957655102014542 0.1037629991769791 700.2948789522052 119.9765059798956 66.21422898024321 0 0 0 26.67049909383059 0.07656974345445633 0.0959123894572258 0.08380016684532166 0.6979391425848007 1.245683394372463 0 0 0 0 175.4261225387454 8.859771385788918 0 0.1034384518861771 2.461465239524841 0 0 0.2526877671480179 11.53111654520035 16.26218770444393 94.17915419489145 288.71034245193 29.59202164411545 114.6967710033059 0.1480830162763596 1.416274398565292 0 57.06439481675625 12.71185163408518 6.828113116323948 6.996778920292854 2.723479188978672 0.5960914343595505 1.876799002289772 59.67402544617653 9.661716744303703 0 281.8305408731103 119.1261177286506 208.1094968467951 41.82859724014997 5.281010635197163 0.1061734557151794 13.17666827887297 0 3.259009249508381 44.07853072881699 1.157902263104916 7.114622883498669 12.23315390944481 2.621254928410053 0 1.65890870988369 0.1364312916994095 0.9540209248661995 0.8671839535236359 2.447724990546703 0.332828551530838 2.630183629691601 297.9481683969498 1.683154195547104 0 1.070703878998756 242.8393660634756 4.169973328709602 15.58541080355644 23.5200279802084 3.545374140143394 13.81921590864658 178.7641658782959 1.116661354899406 256.4185177534819 36.48976975679398 38.34713848680258 53.65110919624567 409.24633359164 207.8038515597582 261.0509907230735 185.3104102239013 1.030073180794716 1.639878131449223 0 0 0 0 0 0 0 0 0.196460634469986 0 0 0 0 0.1260355710983276 0 0 0 21.84069462120533 4.4064671844244 0 0 0.1531664580106735 40.21465135365725 0.7607147991657257 25.36310660094023 0.909444734454155 0 0 0 0 0 0.665344625711441 0 0 4.723751753568649 7.727216377854347 1.081718295812607 0 0 0 0.3536041080951691 1.933664254844189 0.1858646422624588 1.782441943883896 4.491718798875809 6.774087600409985 0.9180960208177567 0.2480840981006622 0 100.6326439380646 3.950191900134087 1.861530750989914 1.295101016759872 0.4493168294429779 0 0 0.3443125933408737 0.3959546685218811 0.2687285542488098 244.447163566947 1.90860977768898 0 0 0 42.90065595507622 0.4175214096903801 6.28010468184948 14.46902361512184 7.864925771951675 7.568809248507023 1.996728226542473 1.786549508571625 1.390841618180275 0.5339359268546104 0 0.1988789439201355 0 0.7042967826128006 0 0.4305458217859268 64.51568632572889 14.50263046473265 8.187067560851574 417.9217013344169 79.72968350350857 479.0457635074854 301.558173045516 535.715453825891 51.63172787427902 21.11985549330711 235.6361848637462 24.49229314923286 4.07238008081913 24.11212407052517 13.06916714459658 42.27295012772083 1.338892333209515 3.163185112178326 8.038944326341152 3.748138047754765 2.063215494155884
178.9561667591333 464.2824078276753 35.73681599646807 245.6704118400812 123.4170078784227 0 347.8119140416384 3.202899128198624 82.18111285567284 582.291376709938 36.16593768447638 324.3793421834707 320.9037779569626 88.40181967616081 2.248049043118954 0.603545181453228 0 0 0 0 0 0.6250382512807846 0 0 0 0 0 0 0.2719915211200714 0.1409060806035995 47.5193422883749 0.831597238779068 57.2517246901989 0 0 0 67.88933211565018 0.3526340425014496 8.853294730186462 0.2055322080850601 0 0 0 0 0 0.1300717890262604 4.729940593242645 0.4804007932543755 0 0 0 4.858044601976871 0.3201775550842285 0.1512555181980133 0.1310089826583862 0.9095315337181091 161.1466400921345 44.4174464866519 6.39606685936451 4.740879952907562 0 5.466668307781219 0 2.336857408285141 0.3469196110963821 0.2636350020766258 0.302449032664299 0.08361273258924484 0.07998403906822205 0 361.9306963086128 212.4382194578648 8.988247811794281 22.87876364588737 2.314573921263218 4.659878395497799 1.411078281700611 0.2621515244245529 0 21.08359138667583 0 4.107512086629868 1.433895111083984 1.709651969373226 0 0.5734894946217537 0.1094947084784508 3.733553647994995 4.345792725682259 5.606777504086494 0.4242774546146393 1.945591270923615 0.1347684413194656 0 0.4746092110872269 381.9199987202883 209.6175807714462 19.20652906596661 20.99689871072769 561.7105066776276 0.7021945118904114 1.172030627727509 0.2053016126155853 0 0 2.107818499207497 0 2.512814313173294 0 0.2160805612802505 0.8645650148391724 4.773955792188644 2.053799912333488 1.390958115458488 3.161840379238129 0 0.1544898897409439 0 0.1464369893074036 0 0 0 0 0 0 0 0 0 0 0.2227408140897751 0 0.4528514742851257 0 0.1376166343688965 0.7109321653842926 0 0 0 0 4.09978424012661 0 4.486547842621803 0.8879827782511711 0.7209266424179077 0 0 0.2107882499694824 0 0 0.3730631470680237 0 0 0.4797584414482117 0 0 0 0.4261973202228546 0 0.1088616102933884 0 0.2440097033977509 0.09966149181127548 0.5757376551628113 0 0.3037310540676117 0 5.248118579387665 0 0 0 0 0 0 0 0 0 10.16185660660267 5.817404270172119 0 0 0 0 0.3953066170215607 1.164542809128761 0 0 0.3373374342918396 0.7474114298820496 0 0 0 0 0 0 0 0 0 0.9053610116243362 1.956416144967079 3.114711910486221 35.6469656676054 2.205990359187126 10.4965858310461 6.911797262728214 292.6541248708963 2.935508012771606 0.9410052821040154 2.007860019803047 0.7127846777439117 0.3906122446060181 0.6988364830613136 0.4019365459680557 1.926973938941956 0 0 0 0.1895925998687744 0.2923318445682526
966.4143059849739 1868.857442609966 84.72110709547997 199.4562376588583 2824.339102990925 347.8119140416384 0 6.242143206298351 2142.399086534977 2903.666707918048 76.60554327070713 309.1127642840147 3156.955695495009 198.1088923886418 18.29933671653271 2.950690895318985 0.1087554097175598 0 0 0.1588141173124313 0 0 0 0.1370145231485367 0 0 0 0.4253855794668198 0 0 205.3964811265469 56.15872115641832 44.96528954058886 0.1567798852920532 0 0 24.82699117809534 0 0.5218119621276855 0.1445236951112747 0.4136071056127548 0.7553515285253525 0 0 0 0.3058761954307556 91.91041608899832 4.511373892426491 0.1173330619931221 0 0.3506127670407295 0.1944801807403564 0.1200104877352715 0.4527048915624619 7.848880708217621 13.42727466672659 75.39707542210817 160.514710649848 21.03500144183636 65.46419624239206 0 0.1242592930793762 0 36.34883645921946 8.51227892935276 4.681894704699516 3.455021589994431 1.065743640065193 0.3468450754880905 1.085145533084869 43.54945439845324 4.191845774650574 0 197.3903284966946 65.8705198019743 121.1870602667332 27.49364436417818 5.538227654993534 0 9.67814563959837 0.2110375016927719 3.336081832647324 21.36337380111217 0.6771861165761948 1.928700141608715 7.370877236127853 1.309487722814083 0 1.085361540317535 0 0.2663195729255676 0.5016167312860489 1.528793208301067 0.1362631171941757 0.7467602640390396 750.2522046789527 3.734441801905632 0 0.1899220645427704 186.7537104412913 7.531429164111614 22.29202906787395 86.53538757562637 2.960781648755074 9.179387398064137 228.3147853687406 3.155325680971146 360.1216129511595 54.36967006325722 50.50128627568483 54.4204516261816 548.7747883945704 213.2662880420685 328.7481596916914 175.7675615474582 0.5297324284911156 1.503897577524185 0 0.2577056586742401 0 0 0 0 0 0 0 0 0 0 0 0 0 0.737004816532135 0 19.8602262288332 2.272651389241219 0 0 0 37.54127660393715 0 23.07464998215437 0.1195255890488625 0 0 0 0 0 1.116154074668884 0 0 10.33578833937645 8.839041948318481 1.186069026589394 0.3959366679191589 0 0 0.3124606609344482 1.455246090888977 0.3173669874668121 0.9163725525140762 3.052149385213852 11.97275667637587 0.1972685158252716 0.3293174654245377 0.7255105376243591 110.9419571608305 5.649847395718098 1.126919239759445 2.073028333485126 0.5649654567241669 0.3660745024681091 0 0 0 0.264009416103363 227.0306948646903 0.7700190246105194 0 0.1939887851476669 0.5275858044624329 53.3362739533186 1.867301866412163 6.555367991328239 18.64419391006231 7.524937763810158 7.714933350682259 2.768633812665939 3.798083104193211 1.469131469726562 0.8066284880042076 0.1027543842792511 0 0 0 0 0.2699622213840485 62.20203459262848 11.18664352595806 12.1223883703351 286.7561650127172 42.63665116578341 262.3810045346618 169.856161467731 782.296912625432 29.43358618766069 13.88258081674576 129.3781293854117 11.84111754596233 4.523178279399872 27.3222871273756 9.730485312640667 52.12814369797707 2.370913043618202 1.520007006824017 5.462553732097149 1.914269037544727 1.272099860012531
57.03201097249985 46.95848025381565 1774.108430221677 0.2782956957817078 24.99707282334566 3.202899128198624 6.242143206298351 0 265.4401524364948 1.174471735954285 2607.797070257366 22.88314706087112 9.459712982177734 305.7940670698881 80.57261195778847 30.27637127786875 3.032223880290985 23.11700014770031 5.41943883150816 109.7696277871728 197.955831579864 0.1478032171726227 22.99298684298992 18.15432013571262 35.62291669845581 25.56274639815092 12.91997660696507 6.199919775128365 0.6901920735836029 0.6560261845588684 1918.115099959075 2979.308945551515 32.55797286331654 15.69899786263704 36.46228907257318 30.74162082374096 18.00129882246256 14.35376543551683 8.544920608401299 9.486824184656143 319.9639789834619 47.47677820175886 41.22379276901484 6.19676174223423 5.667025834321976 25.90549313277006 207.4285333156586 10.21020582318306 3.503982186317444 60.48014660924673 14.42699601501226 3.179452121257782 0.1450949311256409 25.12550605088472 9.053953431546688 13.14532881230116 126.9019862934947 836.3642988950014 23.97237074375153 140.0640671849251 805.2396359071136 62.93193943798542 25.64368819445372 849.0972345396876 10.89161933213472 16.70030608028173 11.54836601018906 40.98756519705057 199.7842649072409 785.5649094954133 23.02349980920553 1.884776890277863 0.2027603089809418 350.8435946851969 342.3897944167256 329.8267013728619 216.5147610604763 320.8480980917811 847.3790327310562 1103.684134759009 796.0956461802125 4983.933791846037 36.89604827016592 0.7917245030403137 6.055279523134232 11.53837401419878 63.28621847182512 0.08559463173151016 1.84325035661459 0 2.551567435264587 1.294116914272308 450.6782369539142 60.39332994073629 24.0368394702673 11.8413915336132 2.737459078431129 0 2.207484066486359 92.94123288244009 0.9848906397819519 1.920085072517395 2.102321594953537 0 0 4.473552644252777 0 6.703550234436989 2.466159045696259 0.6682405471801758 2.221993669867516 18.67202806472778 8.144646257162094 15.16500528156757 8.883188143372536 1.362659424543381 2.117439240217209 0 1.447724178433418 1.087440825998783 0 1.951633512973785 0.4942042976617813 0 3.072634249925613 9.205612450838089 0 0.3368707299232483 0 0 2.241601690649986 0.2708066403865814 1.541197314858437 0 0.5585998445749283 0.1602379977703094 0 2.028459444642067 0.3198196142911911 11.40534275770187 2.813557207584381 11.20621795207262 5.26570762693882 2.463719993829727 2.120610743761063 0.2904176861047745 0.7557100653648376 0.4685329496860504 1.840013347566128 0.3935165703296661 1.227195486426353 1.283710271120071 2.62788637727499 0.5289093255996704 1.228890560567379 6.815282985568047 1.642540141940117 13.84604433178902 0.8560157939791679 0 1.076745972037315 0.5003818869590759 1.498749010264874 0 2.21521084010601 3.772898957133293 14.76083281636238 0.3173660412430763 0 0.1783285811543465 0.09112364053726196 0 0 0 0.3991570174694061 2.743429027497768 22.6756553798914 0.1291838586330414 0.4369093328714371 0 3.532615467905998 3.700044080615044 1.765859618782997 3.988532401621342 0.2642868906259537 0.2987603172659874 1.504607170820236 0.9779788851737976 1.491778992116451 0.7064375951886177 1.44184859842062 0.1108629256486893 0 0.1859601810574532 1.186527512967587 0.7957346737384796 0.4274141639471054 2.453506447374821 0.7410197854042053 6.794947132468224 230.324177339673 108.8991738185287 382.4654368758202 201.2234473526478 99.56483284384012 30.29876089096069 18.61808966100216 116.6365878582001 16.71153403073549 2.293946959078312 5.627609707415104 6.111506327986717 3.010605558753014 0.5145111232995987 0.4387024790048599 5.882480502128601 5.029076747596264 1.862245067954063
420.9632257372141 1954.41069958359 1928.387562967837 21.86172247678041 6942.603114642203 82.18111285567284 2142.399086534977 265.4401524364948 0 391.5400069206953 2964.309784047306 100.1966318413615 1622.595445506275 1024.0035238415 105.9232926592231 42.76540248841047 0.4333600401878357 0.4995307996869087 0 0.4007226526737213 1.412814319133759 0 0 0.6244404166936874 4.041850656270981 1.758882313966751 0.8289647996425629 2.022481955587864 0.7973494082689285 0.09485020488500595 365.6374341696501 98.40319213271141 164.7887306213379 0 0.8961926251649857 1.871260240674019 51.40352358669043 1.623108826577663 1.230199784040451 0.5925468429923058 6.561166420578957 5.710366703569889 0.1159911453723907 2.334238737821579 0.2200667336583138 0.2908684313297272 236.2512554451823 4.825114980340004 0.3945371136069298 0.4432460144162178 3.708331845700741 1.197344034910202 0.1334672719240189 0.6573190242052078 7.239318631589413 14.36429146677256 62.56006702780724 157.1023222655058 29.2788612395525 87.35217183083296 0.2573096677660942 7.689998798072338 0.256185382604599 100.6196839138865 7.740232415497303 5.368771217763424 5.331100165843964 2.833620183169842 3.83200927823782 10.69905833154917 49.75929891318083 6.114064708352089 0 181.73446393013 99.72980160266161 233.0384359359741 146.2958839982748 54.79503364861012 1.446408100426197 152.8855312019587 2.858079306781292 49.75412889569998 27.49574816226959 0.3340999558568001 3.585351705551147 11.639434941113 3.459885664284229 0 1.165887966752052 0 0.7536216005682945 1.37499000877142 24.97396695613861 7.390804953873158 3.798217579722404 721.9894031584263 4.964979775249958 0 1.730890989303589 150.3587661162019 5.767015762627125 17.33511839061975 21.13034453243017 1.59184667468071 8.348670154809952 195.1179306432605 2.115433558821678 303.8371517956257 34.93495675176382 51.81988702714443 54.57974853366613 538.3010753318667 237.5765926390886 363.5986311733723 186.585081115365 1.103849783539772 1.149491816759109 0 0 0 0 0 0.4544305354356766 0 0 0.346685990691185 0 0 0 0.1328320205211639 0.1369369029998779 0 0.2409303188323975 0 17.29841347038746 4.417788773775101 0 0 0.3416929543018341 39.20023281872272 0.8909620046615601 24.08245258033276 1.139114357531071 0.3151353150606155 0.4578483700752258 0.4938017427921295 0 0.1356455385684967 1.19522999972105 0.1185917034745216 0.1639838963747025 7.988278791308403 9.012776888906956 1.20559760928154 0.3481301516294479 0.8867740780115128 0.4596404060721397 0.8351079970598221 1.713794857263565 0 1.398622669279575 3.433542609214783 6.878700830042362 0.5723559558391571 0.4606645703315735 0.5840352028608322 98.40730455517769 6.931412734091282 1.886952087283134 1.219811208546162 0.5660088434815407 0.2313536703586578 0.3766296207904816 0 0.4712871164083481 1.073708817362785 247.7493787258863 1.822861894965172 0 0 0.5100368112325668 37.59051234275103 0.1136246845126152 5.720904469490051 16.80963699519634 6.456718355417252 4.542956940829754 3.378429070115089 1.853341035544872 1.20539041608572 0.3776214718818665 0.08343113958835602 0 0.2289179936051369 0.6287384256720543 0.2813539206981659 0.2734704613685608 81.23523588478565 19.16137170046568 10.60913320630789 829.8086332529783 99.77153798937798 613.0662797316909 406.7025494873524 327.6785510256886 52.47606029361486 14.0489534586668 419.3868660107255 35.05147370696068 5.913723215460777 25.10202339291573 15.05519860237837 42.25781393796206 3.814153671264648 1.768638700246811 14.55898725986481 10.93266317248344 4.007814660668373
1477.466475740075 729.9717944040895 20.12690198421478 860.7883622646332 711.0860591828823 582.291376709938 2903.666707918048 1.174471735954285 391.5400069206953 0 5.294756859540939 1650.348955452442 5434.356549605727 584.7240769788623 0.8599070385098457 0.3808674141764641 0 0 0 0 0 0 0 0 0 0 0 0 0 0 70.3257996365428 3.545331016182899 7.033369481563568 0 0 0 14.1612339168787 0 0 0 0 0 0 0 0 0 13.47055963426828 0.445649117231369 0 0 0 0 0 0 2.806692250072956 2.815014228224754 89.72441720962524 70.23303980380297 7.328706637024879 14.54393842071295 0 0 0 2.825462393462658 1.615088783204556 0.8189911395311356 0.6883572787046432 0.09237448126077652 0 0 7.083722770214081 0.4418470710515976 0 71.52038466185331 13.83482867479324 14.91130372136831 0.8674158304929733 0 0 32.80622940510511 0 0.1082148626446724 6.102764219045639 1.038576923310757 0.6654656752943993 1.745345085859299 0.2027869820594788 0 0.4151540473103523 0 0 0 0.175234854221344 0 0.2489007413387299 336.2882343679667 0 0 0.2899279594421387 927.7250043153763 1.722855359315872 17.99194772541523 64.21835009753704 38.07119010388851 2.015738591551781 75.57153114676476 4.135888919234276 91.6458572819829 55.32164058089256 29.71262343972921 10.16577062755823 144.9975738152862 50.06046431511641 102.3580645769835 23.73228278011084 0 0 0 0 0 0 0 0 0 0 0 0 0 0 0 0 0 0 0 1.514438718557358 0.5581836029887199 0 0 0 1.790683820843697 0 1.21320541203022 0 0 0 0 0 0 0.1824202984571457 0 0 0.9041849076747894 1.801807418465614 0.4279229938983917 0.3132494688034058 0 0 0.1499758064746857 0.7654643654823303 0 0.3325897827744484 0.9225741550326347 1.023021578788757 0 0.143208920955658 0 9.743865966796875 0.4964705854654312 0 0.5256849676370621 0.142969623208046 0.09584300965070724 0 0 0 0 26.26308204233646 0 0 0 0 5.450474247336388 0 0 1.696093998849392 2.123259544372559 0.7084834426641464 0.693205714225769 0.1215069442987442 0.1411966383457184 0.5060340166091919 0 0 0 0 0.1339123398065567 0 12.93925806134939 1.104026436805725 1.449238888919353 90.37487954646349 3.456073887646198 37.35058389604092 21.60089012980461 911.40504963696 3.810737140476704 2.301638185977936 6.239168301224709 0.8825714439153671 0.3874713331460953 2.410778701305389 1.818990379571915 13.30274292826653 0.4606077969074249 0 0 0 0
447.3477978855371 753.6842906549573 5787.345156416297 5.485904574394226 1186.951429113746 36.16593768447638 76.60554327070713 2607.797070257366 2964.309784047306 5.294756859540939 0 73.89829201251268 645.9176589027047 1900.517942115664 142.6046665385365 57.57062468677759 0.6367927864193916 1.61457184702158 0.3814735114574432 2.225306794047356 11.65712621062994 0 1.705493688583374 2.366641856729984 13.17415717244148 4.568437620997429 3.076232276856899 1.72052713483572 0.8132404685020447 0.2248093709349632 1229.751443654299 437.7653899490833 260.2986721023917 0.6190126016736031 5.016385957598686 6.753319755196571 80.6801528558135 6.36097689718008 1.771529041230679 4.229517109692097 27.94119647890329 8.453671038150787 2.201001890003681 4.150372415781021 0.2627958804368973 1.405135437846184 362.010571077466 9.563886702060699 0.3561364635825157 2.38040167838335 5.372059792280197 0.2761827856302261 0 1.537461169064045 11.66994448751211 18.63557201623917 121.1604250669479 416.4688720181584 44.84570164233446 150.9103693962097 21.1053721755743 20.36509536206722 4.02295808494091 195.0939056277275 15.77960380166769 10.76177490502596 10.13790200650692 6.09705463796854 17.77838580310345 48.52759351581335 44.92038851976395 9.134565412998199 0 338.1593176200986 214.2443297728896 418.2997767403722 232.2024899423122 92.54335182160139 35.90367441624403 1027.158058077097 15.43080549687147 780.7574065700173 44.95830561220646 1.057736903429031 6.667954742908478 16.75421376526356 6.264972694218159 0.08827787637710571 2.006928838789463 0 0.8418980166316032 1.289699003100395 66.77967967838049 15.8539655059576 8.432073526084423 175.53853058815 8.173633955419064 0 0.4085537046194077 243.3683314025402 4.331962794065475 5.343515694141388 6.879912815988064 0.9052725732326508 2.942939549684525 74.05061183124781 0.7915804982185364 120.8466109409928 15.65946567058563 15.40446837991476 19.13090161979198 202.9135738760233 88.24232338368893 167.3548308908939 85.7530979886651 0.1151723936200142 1.234759844839573 0 0.2556939423084259 0 0 0 0 0 0.5185390561819077 0.7170736938714981 0 0.2658818364143372 0 0.2331900298595428 0.6440628618001938 0 0.8959509134292603 0 10.41964567452669 2.445022523403168 0 0.5580114424228668 0.1492806673049927 27.37787869572639 0.6909181252121925 15.63015485554934 2.000096641480923 0.2613841742277145 0 0.1599114388227463 0.1985280960798264 0.2378709092736244 1.496638618409634 0.2625661790370941 0.862214520573616 4.65641675889492 3.310168392956257 1.751309491693974 0 0.8116022944450378 0.4797452166676521 2.190536662936211 1.405521780252457 0.6967307329177856 2.709439069032669 0.6568174213171005 2.359321013092995 0.09000754356384277 0.4373654127120972 1.050566002726555 57.93007378280163 1.940746791660786 1.274820290505886 1.293755121529102 0.3060698807239532 1.07325617223978 0.4412299543619156 0.3208528161048889 0.947517141699791 0.5144599378108978 117.6807476654649 1.132461383938789 0 0 0.8087374716997147 24.12035471200943 0.5400473773479462 4.460225097835064 7.727414332330227 4.641371019184589 4.003411456942558 0.7169193923473358 1.762581929564476 0.4297800958156586 1.233077421784401 0.09574619680643082 0.1253384053707123 0.2117022499442101 0.4050064980983734 0 0.1543210744857788 39.98764926940203 11.86037519574165 9.142133578658104 894.5024355649948 130.0636441335082 822.5232681706548 511.477133885026 303.7178108394146 70.7673492282629 24.16043906658888 468.2301842197776 38.53054659068584 4.202438093721867 14.80259612202644 14.9884128421545 16.21658040583134 1.442040719091892 2.132391177117825 16.46458818763494 14.11063850671053 5.312624514102936
696.98723295331 452.4003373235464 17.69471686333418 882.6475331485271 112.5942679569125 324.3793421834707 309.1127642840147 22.88314706087112 100.1966318413615 1650.348955452442 73.89829201251268 0 3252.142101846635 703.842951901257 18.36946831643581 11.71417810022831 0 0 0 0 0 0.6082956045866013 0 0 0.1238206401467323 0 0 0.1444617062807083 0.2523699700832367 0 12.54406400024891 5.915516309440136 121.9475126117468 0 0.1299886703491211 0 246.2147132009268 0.7973732352256775 0.2131480425596237 0 0.1437755227088928 0.7719293236732483 0 0.6507451087236404 0 0 26.37327453494072 0.7637687847018242 0 0.2028100490570068 0.2294214814901352 0.2412819787859917 0 0.3996407985687256 1.364531017839909 1.180973969399929 18.96762367337942 11.23249825835228 4.691178768873215 9.309186309576035 0.6829323768615723 1.227648854255676 0.1039802581071854 7.475155651569366 2.236844748258591 0.2629678770899773 0.7523756474256516 0 0.1242567747831345 0.304309070110321 88.509062692523 77.94867241382599 0.13742496073246 25.84523806720972 9.414367102086544 21.73212525248528 14.71493234485388 9.649708703160286 0.1266685426235199 148.7283905148506 0.1917603611946106 1.511405482888222 4.186171926558018 0.1584614813327789 0.7002798989415169 0.9882940873503685 0.2568379789590836 0.120227612555027 0.134224534034729 0.2840118557214737 0 0 0.7916655540466309 0.7130319327116013 0.2769887819886208 1532.123645827174 52.58566674590111 0.5157955586910248 0.9786515086889267 148.9939514547586 4.20239432156086 1.044643953442574 6.172344401478767 0 2.317704021930695 59.32748217880726 0.5870447605848312 89.31338985264301 9.734506234526634 21.69550658762455 23.26279366016388 217.6837729662657 123.1503072306514 239.8819480761886 135.7459647879004 0.4890593364834785 1.754327826201916 0 0.1514895111322403 0 0 0 0 0 0 0 0 0 0.3928523361682892 0 0.1430253386497498 0 0 0 13.04528142511845 2.400496765971184 0 0 0 50.89099391549826 0.3463208973407745 33.28016710281372 0.6617909669876099 0.2450843453407288 0 0 0 0 0.8570558279752731 0 0 4.239997938275337 7.090808860957623 0.3927880078554153 0 0 0 0.1425215750932693 0.272884339094162 0.4404561221599579 0.3422839269042015 1.765875436365604 4.155088074505329 0.1315363049507141 0.1984630972146988 0.1857552081346512 98.27073056995869 2.028627030551434 1.370479360222816 0.876725047826767 0.225371316075325 0.1006333380937576 0.168327808380127 0 0.1652396321296692 0 258.9703438654542 8.137689456343651 0 0 0 32.98357550799847 1.890189081430435 3.695501700043678 5.830493919551373 6.984386563301086 5.394080750644207 2.552548162639141 2.894008435308933 0.2305275350809097 0.104380264878273 0 0 0 0.3410526812076569 0 0 90.91108684241772 47.4102823510766 20.59668307006359 140.4639033079147 11.95544309914112 79.51298122107983 39.13438724726439 258.8531318157911 6.379296600818634 2.21516115218401 50.33131992071867 9.847200274467468 0.9164327383041382 15.01531656086445 2.688345536589622 11.71938928961754 0.4204096645116806 0.1743700206279755 3.568387970328331 1.210459187626839 0.2377088516950607
527.3726159855723 1611.379799820483 34.71726961433887 988.3276150673628 2303.518508113921 320.9037779569626 3156.955695495009 9.459712982177734 1622.595445506275 5434.356549605727 645.9176589027047 3252.142101846635 0 1255.837073102593 96.39950329810381 57.9488530755043 1.39874167740345 0.5777488350868225 1.141050919890404 1.468561910092831 0.7882657647132874 2.012188017368317 0.1577264964580536 0.3386689722537994 2.716088339686394 0.7718958035111427 1.10145890712738 1.105729281902313 0.3282282948493958 0.123079277575016 29.39980118721724 24.43498749285936 277.4986874163151 0.2078813165426254 0.5241689532995224 0.7906492501497269 89.47284752875566 2.021233387291431 2.378844879567623 0.8214203864336014 2.280360370874405 4.761722423136234 0.1261572539806366 10.075289465487 0 2.127284146845341 125.7310529872775 2.057413667440414 0.3905209675431252 0.267851434648037 2.180233635008335 6.115292318165302 18.96554529666901 0.9551886022090912 3.060156606137753 4.919437669217587 32.41918116807938 32.87985430657864 12.35978276282549 26.6173572987318 6.249036088585854 11.26010228693485 0.7311647832393646 36.94907140731812 3.962364569306374 2.176004804670811 3.256640523672104 1.194779552519321 3.310852393507957 5.930242717266083 62.23668006062508 212.285118624568 4.770521759986877 72.1302252560854 37.07441438734531 97.36360272020102 87.21912556886673 52.95021346211433 0.1392492800951004 87.57401424646378 9.493284456431866 23.94896370172501 9.421649374067783 0.1464149653911591 0.8781580105423927 5.068316943943501 1.422186240553856 1.618784576654434 1.442365601658821 5.47470822930336 0.8489323332905769 3.732871681451797 13.39171499758959 4.451155491173267 3.589975707232952 2994.3103556633 116.075142994523 33.52110458910465 21.19712679088116 172.1594453454018 4.355641357600689 13.10584312677383 22.75927318632603 1.505793735384941 7.196061983704567 194.668196901679 2.255354948341846 290.7955622300506 38.41933795809746 61.45345966517925 53.14973332732916 509.45245654881 279.2078282535076 401.0055162161589 256.7381696999073 1.279473789036274 6.7479387819767 0 0.9425823092460632 0 0 0.1215228736400604 0 0.4587775468826294 0 0.5349990427494049 0.1400100290775299 0.1648825407028198 0.2582102119922638 0.2657653093338013 0.3520541042089462 1.071639038622379 1.054884985089302 0.2901945039629936 18.38831513375044 5.206931479275227 0 1.625018656253815 0.1143237501382828 126.9510749801993 5.074641712009907 80.91387197375298 8.955224074423313 2.89636654406786 0 0.1269333213567734 0 0.471093013882637 5.465919569134712 0.6068829819560051 0 13.33520255237818 13.72566952556372 1.224760577082634 0.5188720524311066 0 1.985189259052277 0.7939313799142838 0.5736689195036888 0.5507970750331879 1.213683821260929 2.926881290972233 8.841463319957256 1.018991723656654 3.84022918343544 4.438507810235023 186.9478151872754 5.576048046350479 2.377629607915878 2.17322588711977 0.9678279533982277 0.882889598608017 0 0.2655230090022087 0.8169593140482903 2.684327632188797 528.4873133897781 22.0651578605175 0.1604631692171097 0 0.8532936573028564 62.52210925519466 9.520359523594379 24.38155101984739 24.62311184406281 10.10886174440384 11.20538283884525 5.515331402420998 4.887925885617733 1.787404447793961 0.1917226612567902 0.1174781620502472 0 0.1704780757427216 0.7889468669891357 0 0.9871840924024582 161.9434368908405 75.22997500002384 62.10167459398508 501.5764659643173 69.61010298132896 304.5373013839126 193.1106600910425 440.8341998904943 26.80718766897917 7.52263280749321 222.601376876235 41.11261413246393 6.528412066400051 33.91049879789352 14.46015927195549 38.66861516982317 3.223012357950211 2.833010829985142 16.39937277883291 8.604117840528488 5.212949246168137
