0 4883.807919457555 355.3364288955927 696.4149354994297 757.6096184775233 101.8038975000381 1715.70917802304 130.1958287507296 255.5982754975557 699.9665700793266 360.0403274670243 160.5401432439685 243.7808263972402 253.4690027609468 4.257184974849224 0.1008247211575508 0.8029124811291695 0.2349286898970604 0.1250767707824707 0 0 0.3033005595207214 0 0 0 0.4145699143409729 0 0 0 0 584.4636333733797 0 1.308145917952061 0 0 0 3.324843287467957 0.2129838913679123 0.9071479514241219 0 0 0.3244746029376984 0 0.3045704364776611 0 0 33.69861850142479 44.38737680763006 1.608110070228577 1.457233086228371 2.937659405171871 0.3637183457612991 0.1627121269702911 0.4686626121401787 7.048786759376526 6.431591704487801 1022.230108395219 1882.611019827425 73.88260021060705 32.32730785757303 0 0.5053079873323441 0.1443860828876495 7.945812538266182 5.898908779025078 8.803639121353626 10.89028937369585 3.574041493237019 0.2307717129588127 0 10.96862794458866 4.847105875611305 0 206.4745823293924 25.48204108327627 15.44790626317263 1.058946758508682 0.3354252278804779 0.1661142855882645 8.293268792331219 0 0.7265846431255341 37.33864479511976 0.3311152011156082 10.35149309784174 14.1200143918395 18.37156762182713 0.1107709184288979 4.883099392056465 0.6537561118602753 1.699080064892769 0.5322859659790993 0 0.5860539898276329 0.1497739553451538 83.95032262802124 0.493930846452713 0.1525769680738449 0.8171423226594925 1124.03358989954 0 0 0 0 0 0.4535029530525208 0 0.7116241455078125 2.165388748049736 0 0.7723045200109482 2.959245696663857 0.4278932809829712 2.205478593707085 0.2838977873325348 0 0 0 0 0 0 0 0 0 0 0 0 0 0 0 0 0 0 0 0 0 0 0 0 0.9560751244425774 0 0 0.1517029702663422 0 0 0 0 0 0 0 0 0 0.3289074897766113 0 0 0 0 0 0 0 0 0.2315333038568497 0 0 0 0 0.7132486701011658 0 0 0 0 0 0 0.1364687085151672 0 0 2.848931968212128 0.1582501828670502 0 0 0 0 0 0 0 0.2718643546104431 0.1067812666296959 0 0 0 0 0.1615087985992432 0 0.2621006220579147 0 0 0 1.169091649353504 0.4249505400657654 1.403950661420822 36.76374844461679 19.43200565129519 168.414578974247 41.1296012327075 694.3015006706119 96.98198260366917 8.620803266763687 7.277058556675911 0.8271065354347229 0 0.3497484624385834 0.7076711654663086 0 0 0 0 0.1426638662815094 0
4883.807919457555 0 1776.337195634842 817.1896030604839 3733.609351992607 186.7003570795059 2724.070819146931 651.7220062613487 2371.810275092721 622.761533588171 1523.717337869108 162.1882936060429 841.4426481053233 1304.573079518974 34.50921766459942 1.523489251732826 0.5908972099423409 0.2485811486840248 0.08903995901346207 0 0 0.4225548803806305 0 0 0 0.2597765550017357 0 0.1173453778028488 0.9897743985056877 0 2114.03117633611 1.736657105386257 7.106324777007103 0 0 0 15.54766534268856 0.3261190876364708 1.06018503010273 0.1831015199422836 0.7753924131393433 0.3425258994102478 0 0 0 0.2542766258120537 214.0146481022239 75.21644456684589 3.251736685633659 1.067340783774853 7.979997716844082 1.063380882143974 2.430948421359062 0.4272903278470039 9.368827521800995 15.81628976762295 439.5725104063749 1506.481049500406 58.75535425543785 101.654507316649 0.3651668727397919 0.4540362954139709 0 33.02214014530182 10.13582620024681 21.55495682358742 24.29641721397638 9.588478535413742 0.8280904814600945 0.2997124493122101 57.1921464651823 4.577613800764084 0 302.0807978436351 104.5985911563039 104.1217684969306 6.865170314908028 0.734145000576973 0 32.18946208804846 0.1654861122369766 1.173748835921288 56.17622689157724 0.2969929128885269 17.71676678210497 21.64154770970345 30.75562842935324 0.4224279969930649 7.522105157375336 0.1438947767019272 2.96438106149435 1.190885215997696 0.1722862720489502 1.279292769730091 1.119121678173542 35.98499138653278 1.503439009189606 0.4466281831264496 6.107371971011162 408.8596456795931 0 0 0.9022897183895111 0 0 4.062077209353447 0 7.717164784669876 3.074320137500763 3.429738819599152 0.9202542752027512 31.52521870285273 10.50719149410725 17.88898101449013 4.279873952269554 0.7444170117378235 0 0.4009639024734497 0.209101140499115 0 0 0 0 0 0.7155421376228333 0.1737980097532272 0 0 0 0 0 0 0.2547411024570465 0.236615464091301 0 0 0 0 0 11.24617680162191 0.1472040712833405 4.101923450827599 1.682403817772865 0.3607417494058609 0 0 0 0.3829092979431152 0.4562553763389587 1.368547260761261 0 1.325821131467819 4.444687828421593 0 0.1973032653331757 0 0.1533267647027969 0 0 0 0 0.7585701048374176 1.07165539264679 0 0 0 1.536717742681503 0 0.7511360049247742 0.5134735107421875 0 0 0 0 0.2249558418989182 0 21.93934036046267 0 0 0 0 3.165144115686417 1.290074422955513 0 0.9504396617412567 3.766529530286789 0.2584256827831268 0.9942442178726196 0.1485850960016251 0.6665195375680923 0.101863756775856 0 0 0.2553481161594391 0 0 0 6.22870035469532 12.15943695604801 10.34689185768366 150.2505447641015 43.56163372844458 482.4265359267592 80.9178734049201 656.2623051330447 102.0430100932717 11.6940780878067 29.54260850697756 8.621809385716915 0.490013062953949 7.839479751884937 0.3260601460933685 9.058430522680283 0.3379170894622803 0 0.1371888220310211 0.7925350815057755 0.1502749621868134
355.3364288955927 1776.337195634842 0 13.10185897350311 911.5138671845198 0 39.57423077523708 2452.449307881296 1981.660141430795 3.440132990479469 2672.395747095346 10.39660628139973 261.406165279448 902.029404938221 76.38707814365625 33.41197139769793 7.657315388321877 10.57248318195343 1.188851207494736 6.560849294066429 96.52761740237474 1.483241982758045 0 7.967095017433167 2.057369448244572 11.12705788016319 0.7589769512414932 12.40511666238308 1.403714366257191 2.612315908074379 7052.161885127425 635.5887534469366 74.6491551399231 1.147400885820389 1.841729357838631 1.008858546614647 30.01865664869547 1.479943946003914 1.306514970958233 1.029695890843868 163.8949830755591 11.21141569316387 43.52779096364975 8.661623775959015 6.024991542100906 17.54551422595978 179.2032178044319 69.03861560672522 10.81988187879324 83.99676509201527 185.4802734330297 1.642016559839249 1.984306886792183 15.90523950755596 4.786392644047737 8.813775755465031 209.8085204735398 1567.060974232852 28.10853914171457 82.62096581608057 65.57084242999554 6.940874829888344 1.398127689957619 1802.250424690545 12.04547561705112 37.93500129878521 218.3493196219206 243.820277005434 405.3516921922565 380.4351403564215 22.59763882309198 1.453881442546844 0.1407598108053207 231.3632731884718 504.6998173817992 130.7178574949503 173.8990472853184 37.89183098077774 108.652473449707 1045.571065798402 78.36364135146141 562.2293273210526 35.87078359723091 1.338786751031876 20.63335616886616 119.2240113839507 172.4362664595246 1.72831566631794 45.13574282079935 2.27119567990303 35.44649863243103 7.652602560818195 79.27319408208132 110.8222197815776 10.87280074506998 6.16564866900444 1.365382701158524 1.276400253176689 2.086656212806702 44.31166599690914 0 0 0.9351389408111572 0.2544430494308472 0 1.088092833757401 0.1434971690177917 2.976158171892166 0.5199677348136902 0.5216742604970932 0.4829991161823273 7.488681510090828 1.190310522913933 3.025451481342316 0.8656530529260635 0.8264977633953094 0.1945830434560776 0 0.213388592004776 0 0 0 0 0 0.3147416412830353 0.5730749368667603 0.1368023753166199 0.2240271121263504 0 0 0 1.173406079411507 0.4721366465091705 0.1721149235963821 0 0 0.4357404708862305 0 0.1484988480806351 3.88155173510313 0 0.55180823802948 1.616345182061195 0.6470940411090851 0.1929526627063751 0 0 0.5992891192436218 0 0.2640577852725983 0 0.5462840795516968 1.473978042602539 0 0 0 0.4906105697154999 0.9796801432967186 0 0 0.1164413318037987 0.367486447095871 0 0 0.242296114563942 0 1.025642156600952 0 0 0 0 0 0.8354502469301224 0 0 0 3.22989746928215 0.1998435407876968 0 0.5124465376138687 0 0.8757393807172775 0.6217948198318481 0.1956445276737213 0 1.159642457962036 0 0 0 0 0.1467376351356506 0.8096407651901245 0 0.2923220843076706 0.1230495348572731 0 0 1.274081662297249 5.025348410010338 4.601273834705353 146.1378061547875 57.61587645858526 315.1608197838068 65.92787208408117 51.30953370034695 45.75939444452524 7.219772823154926 35.30860292166471 6.704739034175873 0.2176285684108734 1.5329959243536 0.2338268309831619 2.757822483778 0 0 0.2040715962648392 6.689751297235489 0
696.4149354994297 817.1896030604839 13.10185897350311 0 397.2476912587881 261.3162741363049 2771.022851571441 0.1546826511621475 164.3108335584402 1912.677703365684 0.1139189526438713 564.417774155736 559.476212233305 34.57471105456352 1.122614875435829 0 0 0 0 0 0 0 0 0 0 0 0 0.1097358986735344 0 0 1.662395983934402 0 0 0 0 0 0.4282774329185486 0 0.1457109749317169 0 0 0.1089355498552322 0 0 0 0 6.694707997143269 2.827634170651436 0.2624002993106842 0 0 0 0 0 0.3293695747852325 0.5868080779910088 37.84122247248888 25.09832248091698 3.491472125053406 3.927450992166996 0 0.374896377325058 0 1.012891948223114 0.4977195039391518 0.5569942072033882 0.2972482070326805 0 0 0 1.274415984749794 0.2300055772066116 0 12.29947208613157 1.87479205429554 1.909646689891815 0.1248404309153557 0 0 0.4084888100624084 0 0 2.235856547951698 0.2018355801701546 0.4220367148518562 0.778921827673912 0.7922885119915009 0 0.112449087202549 0 0.1130827069282532 0 0 0.2448406144976616 0 29.88172975182533 0 0 0 137.7927158474922 0 0.2622990310192108 0.5268253684043884 0 0.1704817265272141 3.937930032610893 0.2056225389242172 4.107232362031937 4.435052141547203 3.798648610711098 0.1618634909391403 10.62273771315813 5.924314424395561 9.075680509209633 2.23052641004324 0 0 0 0 0 0 0 0 0 0 0 0 0 0 0 0 0 0 0 0 0 0 0 0 2.093061208724976 0 0.8350247293710709 0 0 0 0 0 0 0 0 0 0 0.3506167829036713 0.2275805324316025 0 0.5406018793582916 0 0 0 0 0 0 0.1790096461772919 0 0 0.8679840564727783 0 0.8884761333465576 0.4312978237867355 0.1162448525428772 0 0 0 0 0 0 5.998332113027573 0 0 0 0 0.2548967003822327 0 0 1.653053522109985 0 0.2454762756824493 0 0 0.6300164461135864 0 0 0 0 0 0 0 1.549177959561348 2.087172731757164 1.340543381869793 8.871666558086872 1.556408770382404 22.33244399726391 4.616712689399719 370.9301348999143 5.855149172246456 1.397836267948151 2.314448185265064 0.3797335922718048 0.1396938860416412 2.763126969337463 0 0.8830233216285706 0.5089527368545532 0 0 0 0
757.6096184775233 3733.609351992607 911.5138671845198 397.2476912587881 0 15.62057350575924 1176.55623190105 99.31354688107967 8981.3233583197 466.4000590071082 423.0700067430735 101.0269258096814 360.6349221169949 982.8731446489692 68.57923763245344 4.168588005006313 0.8017331957817078 0.1768514513969421 0.1296485811471939 0.2942544594407082 0 0.2741808667778969 0 0 0 0.4854109734296799 0.1314621269702911 0.7145180478692055 0.7634944468736649 0.1076496914029121 275.5932278111577 1.674263715744019 5.658320233225822 0 0 0 8.646845892071724 0.4912718832492828 1.80969999730587 0 0.4934309124946594 0.09198057651519775 0 0.329973004758358 0 0 309.3651169762015 51.20888720452785 2.898847945034504 1.562224932014942 5.655687384307384 0.1716727614402771 1.67820118367672 0.8454498797655106 5.151683673262596 11.68409238010645 123.9585292637348 289.1957836598158 28.70269108563662 119.6020973101258 0.1552769094705582 0.3382232785224915 0 37.00676464289427 5.632361121475697 12.45860823243856 15.20414301753044 5.350051566958427 0.3418389782309532 0.2441007569432259 128.139106400311 25.76583324372768 0 216.4526445716619 94.55599607527256 146.3644691258669 18.41744989156723 1.565810859203339 0.6314773708581924 9.855771452188492 0.08707793056964874 0.6762630790472031 34.92640221863985 0.7366776466369629 13.4003294184804 14.48778096586466 19.45443339645863 0.3977341502904892 5.203241124749184 0.6446870937943459 3.379398457705975 1.282732300460339 0.5011806041002274 1.416659452021122 1.165180280804634 155.9372210204601 4.565241083502769 0.3992902934551239 9.198061257600784 47.70610132813454 2.797518834471703 0.4237893521785736 6.025975704193115 0.5572265386581421 4.773624300956726 52.39577840268612 0.6210283488035202 64.99116659909487 28.59207984060049 33.1736426949501 9.551918439567089 240.306821487844 81.27149251848459 135.9585839360952 32.37427094578743 3.401439502835274 1.671167075634003 0.218198224902153 0.4627527743577957 0 0 0.7655084133148193 0.2619087994098663 0.1757109612226486 0 0.2083344161510468 0 0 0 0 0 0 0.1473133563995361 0 2.238236680626869 1.30221138894558 0.2565878629684448 0.5763058811426163 0.9821107015013695 90.47815972566605 4.273483142256737 28.268868483603 10.78779762983322 0.2997749447822571 0.4904264509677887 0.3428480923175812 0.1591048538684845 2.615094304084778 7.10298778116703 2.635787963867188 0 14.25096718966961 21.31691532582045 5.309079490602016 0 0 0.6717653274536133 0.2487488687038422 0.3933592140674591 0.9334659278392792 0 6.014703944325447 11.79280614852905 0 0.8817836865782738 2.353815466165543 20.74874541163445 3.288703843951225 4.707531079649925 2.777233146131039 0.2551538050174713 0.2280488908290863 0.3199507892131805 0.139439269900322 0 0 192.3771698400378 1.564239084720612 0 0.8607554733753204 0.1911306083202362 14.74346246570349 8.151786647737026 0.1777897775173187 16.49264714121819 27.43738152086735 6.167227804660797 3.002852946519852 0.6386445611715317 3.753850013017654 0 0.09273447841405869 0 0.1903648674488068 0.1441666036844254 0 0 51.24402759969234 72.87676728516817 67.26086607575417 333.0128542259336 70.74033252894878 651.1375994235277 143.678265221417 310.9014236927032 90.71584436297417 12.25782147049904 65.64190521091223 30.32983010262251 2.56566946208477 51.43665727972984 3.249686323106289 42.60152550041676 7.143499612808228 0 1.009576514363289 3.052440285682678 0
101.8038975000381 186.7003570795059 0 261.3162741363049 15.62057350575924 0 290.7084095925093 0 29.7011316716671 521.2645357996225 1.869906291365623 152.4680453389883 124.0095051676035 16.92999570071697 2.197976917028427 1.159926697611809 0 0 0 0 0 1.190511435270309 0 0 0 0 0 0 0.1483880132436752 0 0 0 2.190458416938782 0 0 1.426475405693054 1.417586266994476 0 1.220690116286278 0 0 0 0 0 0 0 1.814955621957779 0.1297175288200378 0 0 0 6.326888218522072 0 0 0 0 201.9247596412897 11.01037395000458 3.744608506560326 0.139909565448761 0.8065544962882996 3.092909514904022 0 0.8456160128116608 0 0 0.1219446584582329 0 0 0 62.86623044312 103.661070689559 2.28439399600029 1.422210223972797 0.7654400318861008 0.3796113282442093 0 0 0 1.58151963353157 0 10.53601272404194 0.2854008823633194 0.2865413427352905 0.084593266248703 0.2888467311859131 0 2.09961673617363 0.5174350142478943 3.609870493412018 0 0.3776064515113831 0 0.2294657528400421 0.2376316636800766 437.8907027840614 7.905181258916855 3.50104632973671 6.438398361206055 366.0815230160952 0 0 0 0 0 0 0 0 0.3244494795799255 0.6395748853683472 0 0.1760114282369614 0 0.3600192666053772 0 0 0 0 0 0 0 0 0 0 0 0 0 0 0 0.3571237027645111 0 0.4022552371025085 0 0 0 0 0 0 0 0.1625410616397858 0.8869584798812866 0.761713445186615 0.7167367935180664 0.7189105600118637 0 0 0 0 0 0.2886058986186981 0 0 0.5063341856002808 0 0 0 0.7561309933662415 0 0 0 0 0 0 0 0.4488556087017059 0 0 0 0 0 0 0 0 0 0 0 0.4493315145373344 0 0 0 0 0 0 0 0 0 0 0 0 0 0 0 0 0 0 0 0 0 0.7643792331218719 0 7.604316063225269 1.505688950419426 5.773479036986828 1.748428717255592 213.4034382551908 4.436217695474625 0.4322752058506012 1.98357267677784 0.400835245847702 0 0 0 0.8053114414215088 0 0 0 0 0
1715.70917802304 2724.070819146931 39.57423077523708 2771.022851571441 1176.55623190105 290.7084095925093 0 10.86484511941671 3160.15255073458 6760.227590329945 48.43584460020065 2203.252329289913 3617.518008969724 660.0530160814524 66.10883201658726 5.768285945057869 0.70875483751297 0 0 0.2623311802744865 0.4334784299135208 0 0 0 0.712562657892704 1.15226474404335 0 0.3568926006555557 0.8757172003388405 0 90.27015719562769 1.220481164753437 1.760863214731216 0 0 0 7.441944800317287 0 1.232645019888878 0.4036516025662422 0.1355481743812561 0.799990251660347 0 0.3970987349748611 0 0.2255738526582718 289.229898005724 57.55733643472195 2.872982829809189 1.319820187985897 7.155302457511425 0.7576287239789963 0.1351403743028641 0.3790324106812477 3.985787481069565 13.81554035842419 216.6520686522126 257.3753685206175 39.36981315165758 107.0690340027213 0 0.3432787954807281 0 29.14621517807245 7.286343798041344 16.70133738964796 15.85961155593395 8.350489839911461 0.2203450202941895 0.4077876061201096 84.27508152276278 24.37416903674603 0 211.5356527417898 75.12651987373829 129.961742952466 9.797950781881809 2.116056866943836 0.1377617567777634 7.853365205228329 0.1231553480029106 0.5234599411487579 39.05513671785593 1.658397205173969 11.89183787256479 17.39423941075802 26.38915818929672 0.5901315808296204 7.306035116314888 0.4239523261785507 3.877111621201038 1.063666582107544 0.5585093796253204 1.161272801458836 1.865145646035671 626.4571083113551 5.224078878760338 0.185866966843605 3.843069687485695 275.4962587282062 2.080558702349663 0.3441017270088196 8.933086939156055 2.275668516755104 5.305672764778137 87.33777067810297 1.966500341892242 112.8343811705709 67.2699252218008 61.21599803864956 17.03300075978041 422.1880435869098 168.159561753273 262.2606809586287 60.92521713674068 1.285781539976597 3.203899264335632 0.5029976963996887 0.1319536864757538 0 0 0 0.4637661278247833 0 0 0 0 0.3714303523302078 0.4358271062374115 0 0.2750654667615891 0 0.4752261340618134 0 5.956568494439125 3.961020410060883 0.5539392232894897 1.208181947469711 0.732816755771637 125.9756331965327 7.449713431298733 31.18438143283129 7.490568101406097 0.3618893101811409 0 0.3173195123672485 0 3.546013936400414 6.574436753988266 1.125582292675972 0 15.47841625660658 19.48033035546541 7.397407978773117 0.8924837112426758 1.610825598239899 0.4004990756511688 0.1059558838605881 0.2104379832744598 0.5098237991333008 0.6484422385692596 6.886277243494987 17.85590820759535 0 1.218725979328156 2.716639183461666 29.3106487095356 0.3607625216245651 6.686894945800304 1.297216273844242 0.1313895881175995 0.6092699468135834 0 0 0 0.1620121896266937 331.9013613164425 2.196984440088272 0 0.4895136952400208 0.7875538170337677 20.98974015563726 6.784469693899155 1.395483821630478 19.80813217908144 26.67851591110229 10.05177105218172 2.642991796135902 0.6012608557939529 1.918986737728119 0 0.3294283449649811 0.3006777167320251 0.8203021287918091 0 0.3103708326816559 0.2027764320373535 96.76593219488859 122.6215945780277 103.0804124474525 372.0442556515336 76.8608632683754 582.1457126364112 148.3992425650358 1494.286304362118 100.6366158276796 11.99328616261482 64.94589411467314 39.93172435462475 3.094369426369667 61.38437888771296 6.447201251983643 60.64913447201252 4.776827156543732 0 4.251966252923012 1.953434757888317 0
130.1958287507296 651.7220062613487 2452.449307881296 0.1546826511621475 99.31354688107967 0 10.86484511941671 0 599.8362146243453 0.1084450930356979 1189.697016641498 6.670043811202049 112.8809969127178 691.2942315787077 162.0870338007808 72.68575067073107 1.814581573009491 4.152466371655464 0.6337911635637283 6.880201995372772 197.5719885751605 1.178843349218369 0.3956436663866043 21.22619579732418 5.385720655322075 44.76099301874638 3.440630167722702 12.08313405513763 2.134185776114464 3.159050494432449 834.9470813423395 2019.690649352968 44.81071119010448 1.691130988299847 8.967346623539925 3.361286982893944 12.79260019212961 5.247817069292068 2.176781103014946 1.428800068795681 245.6664331257343 29.01112682372332 26.75893929600716 10.84710738062859 4.059774100780487 15.30836639553308 305.9097389057279 38.94188691675663 4.515506267547607 23.02462455630302 224.1465266644955 1.022029280662537 1.167088091373444 11.13776772469282 2.47410474717617 6.390072524547577 81.21922951936722 340.5690644457936 18.4760570526123 100.2416171431541 152.5565207451582 23.9973099976778 5.772344127297401 332.9745777696371 8.169046893715858 21.43862487375736 160.2734802737832 139.3736274465919 259.5037205293775 522.6834719032049 24.06494188308716 4.637824550271034 0 165.0895005911589 164.2682555690408 182.2537191659212 210.4579688683152 68.7194589227438 663.4255633279681 1462.933425836265 261.0033374726772 2277.629668228328 20.43987376987934 0.8760214820504189 9.485775820910931 80.8460021391511 75.25496242195368 0.425776869058609 42.86212582886219 0.8436908051371574 55.34282016009092 10.36348574608564 116.0824767351151 194.7705716639757 14.72738697379827 15.47161531448364 0 0.6942024528980255 1.874839022755623 10.5531452819705 0 0 0 0 0 1.369678258895874 0 4.085065901279449 1.842846587300301 0.8409461379051208 1.522179663181305 5.863667443394661 2.000848665833473 6.131237387657166 1.17831726372242 0 0.3091488778591156 0 0.7499639391899109 0.1656342744827271 0.2321142703294754 0 0 0.3622331619262695 0 0.6653295457363129 0 0.1917764395475388 0 0 0 1.105163410305977 0.9263365864753723 0 0.1461495012044907 0 0.4877685010433197 0.2015196532011032 0 3.522073850035667 0.1691709607839584 2.267671436071396 5.250557914376259 3.266579650342464 0.5972151607275009 0.2664305567741394 0 0.3153296709060669 1.298796415328979 1.597689509391785 0 0 0.9655938148498535 0.1535099744796753 0 0.374487116932869 1.232314050197601 1.550051957368851 0 0 0.09088800847530365 0.5489717721939087 0 0 0.5374606102705002 0.5449109077453613 1.235370308160782 0 1.062829926609993 0 0.2244136929512024 0 0 0.1149264201521873 0 1.231538444757462 3.691589370369911 0 0 0.5255458354949951 0.4677544236183167 0.6998367309570312 0 0 0.409967452287674 1.604630768299103 1.544435620307922 0 0.1366016715764999 0.4961914867162704 0.5607736110687256 0.1994748711585999 0 0.7178360745310783 0 0 0.5009130835533142 0.3744271695613861 6.588949233293533 8.001710295677185 275.1748700886965 57.69935727119446 485.6857609152794 110.5568982511759 36.4747547134757 44.20424670726061 7.81578528881073 55.08587630838156 9.016665115952492 1.246955648064613 7.135235674679279 0.1741859763860703 2.250417441129684 0 0 1.521503135561943 3.254447922110558 0.5094414353370667
255.5982754975557 2371.810275092721 1981.660141430795 164.3108335584402 8981.3233583197 29.7011316716671 3160.15255073458 599.8362146243453 0 584.4814023002982 1948.384643241763 242.0365976542234 1271.91487070173 1285.41726565361 94.3139237165451 25.28084988892078 2.704083397984505 0.4323006123304367 0 0.6830540597438812 2.636740893125534 3.344705283641815 0 0 1.175104901194572 3.165838144719601 0.1469177603721619 2.288606949150562 2.721766784787178 0.2181537672877312 122.6703878641129 1.286818660795689 20.38336533308029 0.2270255461335182 0 1.204497247934341 106.847045481205 1.656675577163696 8.18694057315588 2.353960938751698 4.650753073394299 1.821723438799381 1.244737476110458 0.4594796001911163 0 0.1052220463752747 222.1400167271495 15.43402084708214 1.194109953939915 0.6404338255524635 6.682707026600838 8.15396736562252 7.997096613049507 2.55722201615572 1.242468878626823 3.643142268061638 50.19067146629095 93.86016916483641 13.94305831193924 64.53875257074833 0.6791462302207947 9.696710035204887 0.1683414727449417 17.157501347363 3.093009516596794 4.604876838624477 7.153704628348351 3.518087863922119 2.796195030212402 3.173540256917477 296.6577827781439 36.3944308385253 0.5904202461242676 87.10553412139416 43.73729429394007 98.16848810762167 13.6626438498497 4.092600591480732 1.543257713317871 32.810651704669 0.2715205103158951 13.177042350173 9.905487291514874 0.2494276165962219 3.7397770434618 6.478291526436806 8.976306244730949 0.9138575792312622 3.30922719836235 1.609390079975128 4.262872949242592 1.944014847278595 0.4310325533151627 9.288487002253532 4.327874854207039 553.2397468313575 5.337248563766479 4.129434660077095 22.7581786736846 47.64253816008568 2.90763858705759 1.528758734464645 12.29244690388441 3.712856486439705 8.374032355844975 102.6106923520565 1.276159584522247 127.3194639533758 58.77334205061197 66.74094867706299 16.65623410046101 469.4855445101857 187.7380933240056 307.5558451265097 64.54198167473078 3.645138323307037 1.717000290751457 0.8307590931653976 2.288822323083878 0 0.2226744145154953 0.1117076128721237 0.4553249478340149 0 0.2539331018924713 0.5165899395942688 0.1725170016288757 0.6578380614519119 0.1733225882053375 0.9060843884944916 0.4627422690391541 1.398857831954956 0.9924932718276978 0.2775529026985168 2.388730064034462 6.643309868872166 0.7567111104726791 1.029359310865402 0.3228699564933777 160.1512634158134 7.03126560151577 45.18819357454777 9.970921732485294 2.727984301745892 0 0.4901544600725174 0.258116327226162 4.276054352521896 8.529016748070717 6.574981041252613 0.3282479643821716 17.86820148676634 20.41154614090919 6.808927237987518 0.3941927552223206 1.974582627415657 0.6697143465280533 0.2463786453008652 0.3962063640356064 0.5614873170852661 1.270091332495213 12.54610601067543 16.42090681195259 0 0.8867592662572861 1.766166716814041 49.36427200585604 3.651096135377884 11.48223788291216 3.072523303329945 0.4072014391422272 0.9782740399241447 0 0.2249392867088318 0 0.1245740279555321 383.2320133000612 6.202229782938957 0 1.488679379224777 0.9085085242986679 28.32858818769455 15.80015099048615 4.01509602367878 28.68965155631304 30.50628077238798 12.37811531871557 3.704711966216564 2.292586341500282 3.934718646109104 0 0 0 0.6190460398793221 0.334212526679039 0.5816233605146408 0.1221126094460487 113.1078143566847 143.2677748650312 126.02200935781 894.1694239675999 117.8939482793212 567.4447065740824 196.7546254768968 319.0093429759145 72.41740217804909 10.75065772235394 139.5913352817297 68.38146690279245 6.035651057958603 87.40740146487951 8.550080940127373 84.92681632190943 7.959885060787201 0.2291213572025299 3.207574814558029 6.429365202784538 1.19685409963131
699.9665700793266 622.761533588171 3.440132990479469 1912.677703365684 466.4000590071082 521.2645357996225 6760.227590329945 0.1084450930356979 584.4814023002982 0 1.80623172223568 2071.95394256711 3236.432918161154 183.7047229558229 4.376937590539455 0.5489492788910866 0 0 0 0 0 0 0 0 0 0 0 0 0.170564204454422 0 2.93841826915741 0 2.379172444343567 0 0 0 5.231062710285187 0 0.1684927344322205 0 0 0 0 0 0 0 22.62463756650686 3.318833813071251 0 0 0.1383116096258163 0 0 0 0.2384858801960945 0.7048146650195122 181.3810985162854 47.11883664131165 10.31975942850113 5.199867002665997 0.09627627581357956 0 0 0.6328981816768646 0.3765852451324463 0.6618587598204613 1.735901400446892 0.608645424246788 0 0.3067694008350372 34.48311580717564 10.73792771995068 0 19.60700272023678 5.958863765001297 9.292001508176327 0.296681135892868 0 0 4.389825634658337 0 0.5652571618556976 3.453953787684441 0.09483752399682999 1.229234158992767 1.263573959469795 1.652772516012192 0 0 0 0 0 0 0.6601381301879883 0 291.7250884324312 0.7650657296180725 0 0.5901883244514465 1035.571886405349 1.184756308794022 0 1.561028726398945 1.083107590675354 1.403331980109215 31.51648473739624 0 26.9983317553997 25.36767044663429 15.55046314001083 3.891499437391758 98.89840821921825 41.09814467281103 60.89508345723152 12.52766159176826 1.300195768475533 1.129382133483887 0 0.2297754883766174 0 0 0 0 0 0 0 0 0.7817719876766205 0.6424800157546997 0 0 0 0 0 1.973985120654106 0.7795466482639313 0 0 0 33.15551695972681 1.119418650865555 9.798211947083473 1.179817572236061 0 0 0 0.214052602648735 0 2.1232028901577 0.2169608324766159 0 3.271824225783348 7.061958938837051 2.013296648859978 0.2282981425523758 0.3486117124557495 0 0.3312975168228149 0.2173052281141281 0 0.3507623672485352 2.789600908756256 6.091790527105331 0 0 0.818366527557373 11.72532314062119 1.135772109031677 1.528375536203384 0 0.3538529276847839 0 0.1963502615690231 0 0 0 63.55224668234587 0.6146071553230286 0 0.3331300020217896 0 4.150708317756653 0 0.4771344810724258 4.541618466377258 9.433314651250839 3.314637273550034 0.235036239027977 0.8122479319572449 0.7863358557224274 0 0 0 0.2409684360027313 0.3999288380146027 0 0 24.35381208360195 19.33662252128124 25.75183052569628 81.3557627722621 2.497035659849644 52.89780151844025 10.70043217390776 2027.006820768118 9.5468690097332 1.267668887972832 7.647186584770679 12.67835415899754 0.5788175463676453 18.84876588732004 1.447616755962372 16.71890106797218 0.1193604841828346 0 2.829735636711121 0 0
360.0403274670243 1523.717337869108 2672.395747095346 0.1139189526438713 423.0700067430735 1.869906291365623 48.43584460020065 1189.697016641498 1948.384643241763 1.80623172223568 0 129.0265619978309 1105.552006863058 2873.593142867088 244.7709590792656 100.7818615734577 7.14955211430788 2.149445176124573 0.3430560231208801 3.043826967477798 43.52448453009129 14.73684753477573 0.161626324057579 6.05724310874939 30.34543535858393 57.19992836564779 1.927727997303009 11.5113016217947 8.857598334550858 0.1007155776023865 966.5495630428195 363.628640435636 89.89979290962219 0 14.35544817149639 27.77925159037113 216.7880880609155 16.67785356938839 6.786476477980614 14.33569876849651 107.7842770442367 18.12617056071758 4.404983475804329 2.322058461606503 1.122304692864418 0.442625418305397 532.8823619261384 64.45010455697775 3.334056593477726 6.068650767207146 112.6483077406883 20.37922105193138 17.44787798821926 4.571946501731873 5.136591784656048 13.03844168037176 102.7784817367792 419.0773417279124 33.98079117387533 175.7086712196469 13.18694567680359 39.84161351621151 6.983481213450432 135.6107181832194 6.125514209270477 18.10608285665512 65.54642924666405 51.04282597452402 34.40975973755121 92.55731201171875 254.4613641649485 25.79503057897091 0.7197370827198029 254.1024234294891 161.0440060794353 270.2355306744576 58.21401935070753 26.38375047594309 91.08413598686457 418.0257056057453 34.28547013550997 162.6103538647294 37.1723513379693 1.054343588650227 10.53159289807081 36.66655653715134 40.06342688202858 1.525407359004021 21.53816100955009 4.503266975283623 76.37840022146702 31.19345843791962 43.27067602425814 186.9701676890254 57.3091883212328 83.62445973604918 3.568964570760727 6.921177953481674 23.37176367640495 28.07464643567801 0.2337048351764679 0 0.4474059194326401 0.7154911756515503 0.5391486436128616 10.43049031496048 0 11.76437260210514 6.060466229915619 8.342524468898773 2.468540698289871 48.67836278676987 21.20537354052067 36.79080648720264 9.436699017882347 1.857462137937546 3.083007276058197 0.2578078210353851 3.379995465278625 0 0 0 0 0.2008726298809052 0.1601218432188034 1.068529203534126 0 0.3668870627880096 0.2514905333518982 0 0.5956521034240723 1.752976596355438 2.592507973313332 0.3035033941268921 0 0 1.300695419311523 0 0 26.82654368877411 1.025457322597504 11.11343242228031 10.72305656969547 2.379154570400715 0 0.6914060711860657 0 0.6007080674171448 1.650977224111557 1.724461406469345 0.5904904007911682 2.312915727496147 4.604633778333664 0.8565125465393066 0.1443088799715042 1.015052676200867 1.872496649622917 3.149996846914291 0 0 0 1.060297951102257 1.199091672897339 0 0.3732629120349884 0 9.449486181139946 0.1983055174350739 2.940330758690834 0.4946440309286118 0 0 0.2683835029602051 0 0.1608884185552597 0.9019081741571426 47.31515674293041 2.403660506010056 0 0.4240065217018127 0.2753083407878876 4.500389575958252 3.003031373023987 0.9364302754402161 1.976954936981201 7.301576271653175 2.675143837928772 0.979316771030426 0.7978915572166443 0.2751914262771606 0.1181778162717819 0.2394167631864548 0 0.1010062545537949 0 0 0 12.90404696762562 33.16678662598133 42.47057449817657 979.3865635097027 179.5536303892732 1020.318961277604 300.0057075545192 112.8840773776174 126.512879781425 21.30121792852879 202.1561561301351 40.60573208332062 2.290249943733215 20.17243932187557 3.570607542991638 23.07985699176788 1.72470460832119 0 3.131516382098198 12.3836812376976 0.7631787955760956
160.5401432439685 162.1882936060429 10.39660628139973 564.417774155736 101.0269258096814 152.4680453389883 2203.252329289913 6.670043811202049 242.0365976542234 2071.95394256711 129.0265619978309 0 3486.619031488895 245.1751131117344 37.4948069229722 20.79144942760468 4.054502353072166 1.165201187133789 0.1396193951368332 2.126973479986191 2.167705610394478 20.76575700938702 0 0 2.420549504458904 2.777844190597534 0 4.395446062088013 7.011061772704124 0 6.491899833083153 0.6120629459619522 13.83097292482853 0.1639740169048309 0.3859255313873291 3.765086382627487 103.3958315104246 9.173564553260803 81.58961772918701 3.601232051849365 2.806669533252716 1.107705995440483 0 0 0 0 60.30111511051655 3.406616069376469 0.1633085608482361 1.084040336310863 3.452590771019459 22.89949675649405 70.23216551542282 7.138263657689095 0.3792041465640068 2.231918722391129 35.67000962793827 15.06670212745667 2.443691052496433 13.08645963668823 1.778216302394867 11.96444350481033 0 2.767711192369461 0.345476821064949 1.720428384840488 3.68809898942709 3.226147644221783 0.4929131269454956 2.647972851991653 227.650693744421 132.7545301020145 3.310439497232437 16.78262484818697 7.770558230578899 17.13757895678282 3.796232610940933 3.149936854839325 0.796336755156517 16.24161019921303 0 24.16951471567154 2.6250891238451 0 0.7686564177274704 1.191217541694641 1.448118887841702 2.767932802438736 2.166914395987988 8.922945573925972 3.819580838084221 8.504214458167553 0.8668236583471298 5.932595901191235 16.80232210457325 1830.211541339755 26.29165901243687 36.42155067622662 195.0302433073521 145.2684460282326 1.191187113523483 0.7109150886535645 5.307626277208328 0.8458042144775391 2.165896564722061 40.99225358664989 0.1953938156366348 47.83990122377872 26.77180890738964 28.86787207424641 6.964563027024269 193.3921020328999 78.13802896440029 152.5254100859165 36.19123893976212 6.796901747584343 7.30908028781414 0.3124723732471466 4.54686763882637 0 0 1.913949951529503 0 0 0.5503412932157516 1.487596303224564 0 1.342292651534081 0.1641977727413177 1.099590986967087 0.969527930021286 2.740904465317726 4.305816665291786 1.20090939104557 2.801863767206669 2.024075001478195 1.308771684765816 1.269601345062256 1.160480052232742 98.60595086961985 3.082393392920494 36.91057597100735 18.40410158038139 8.247192680835724 0 0.1728148758411407 0.2598770558834076 1.014050513505936 14.0783489793539 9.299929574131966 0 12.68896397203207 17.915965244174 4.161990270018578 0.7166236042976379 1.317628756165504 8.45002569258213 1.22055059671402 0.7845109403133392 2.788199961185455 1.15028753131628 3.72143779695034 9.57072089612484 0 0.9271021038293839 5.06534206867218 25.17703393101692 1.102147653698921 6.608944520354271 2.755384378135204 0.3651347905397415 1.135565876960754 0.1426882296800613 0.4873732477426529 0 0 197.0700001344085 7.514187648892403 0 0.2893337607383728 1.056762591004372 13.40778220444918 7.116043783724308 3.367191061377525 15.14016906172037 20.09244903922081 7.666161380708218 4.955499053001404 3.863161191344261 4.107236079871655 0 0 0 0.1100797951221466 0 0.2123698443174362 0 79.48406073451042 122.072191298008 90.8458312228322 616.4685026705265 57.70289198309183 224.8447272405028 72.76575291901827 691.5152832791209 18.34229017794132 3.592719860374928 70.31575133651495 66.09636688232422 3.370615929365158 58.94581159204245 4.305132061243057 50.99880976974964 3.141746044158936 0.6102246642112732 8.728671073913574 6.0002181828022 0
243.7808263972402 841.4426481053233 261.406165279448 559.476212233305 360.6349221169949 124.0095051676035 3617.518008969724 112.8809969127178 1271.91487070173 3236.432918161154 1105.552006863058 3486.619031488895 0 1005.199879437685 120.6889517605305 61.96186827868223 14.05170924961567 1.974932640790939 0 0.8108664751052856 3.243339039385319 62.34249447286129 0 1.097435630857944 11.65215077996254 17.23529253154993 0.7586492523550987 16.97196882218122 20.2555520683527 0.5389801934361458 91.88335310667753 3.043300963938236 67.12355546653271 1.466498896479607 1.023234575986862 5.085502177476883 612.1788053885102 33.41831113398075 139.2110385969281 47.7813967242837 15.67415196448565 4.920816540718079 0.8844159543514252 2.643461287021637 0.2045732736587524 2.415417179465294 182.7733193933964 11.98427639901638 2.601754151284695 1.380724132061005 19.28402259200811 68.41911415755749 196.9220557063818 9.820512443780899 0.4727593213319778 4.731102764606476 52.46925757825375 64.52551893889904 8.210820503532887 42.71506255120039 10.00133615732193 86.10500997304916 0.9695873558521271 15.25582472234964 2.179879948496819 3.701689854264259 11.78092804551125 7.649677939713001 7.8582703769207 8.029671639204025 1418.833159118891 266.9583964794874 12.42396402359009 54.59995553642511 20.28999229520559 64.31524381041527 13.12123876065016 7.624662347137928 0.1090754717588425 75.74436024576426 2.714186958968639 100.4169167280197 8.773486122488976 2.098961144685745 4.026347026228905 7.061719842255116 11.28507595509291 13.71325480937958 4.523128345608711 25.30975062400103 14.97114092856646 15.15690439939499 4.535065419971943 26.79830993711948 29.39060022681952 2485.118698388338 89.17047630250454 112.8946577757597 585.575677677989 129.9438523799181 2.058985866606236 0.2197049260139465 10.42764793336391 3.51942740380764 5.291034400463104 70.62515538185835 2.602661713957787 95.72616373002529 45.33857990801334 57.05762086808681 17.29677477478981 361.3810204640031 152.5155523791909 233.7391781806946 64.611905798316 14.81488355994225 12.54266673326492 0.8833335638046265 14.23981679975986 0 0.4027109742164612 0.9224454760551453 0.571410596370697 0.9970156252384186 2.048732683062553 2.003810346126556 0.5288180261850357 5.059612661600113 0 4.971504867076874 3.771229103207588 11.21764358878136 6.931528612971306 1.829549968242645 8.682033687829971 5.032720416784286 4.204895719885826 4.995461598038673 2.520146787166595 170.0583053678274 7.624368906021118 56.78131330758333 55.94061158597469 15.14381641894579 0.2376483231782913 1.118784584105015 0.2635275423526764 5.713662713766098 18.88581730425358 15.91861688345671 0 15.10237629711628 31.74145897477865 5.551078781485558 1.018316924571991 1.00974802672863 17.22033123672009 2.857792019844055 1.418859161436558 2.934315249323845 0.6221825629472733 9.02605202794075 13.51143132150173 0 2.570127554237843 6.79865300655365 37.991748906672 3.003754258155823 9.671938866376877 3.814643360674381 0.6890885159373283 1.323463082313538 1.743173956871033 0.9568202942609787 0 1.10399928689003 370.3723177164793 16.27667808532715 0.2434879392385483 0.704981192946434 1.574808835983276 26.4280968233943 19.0651885792613 3.50915239751339 16.71310056746006 30.40366695821285 18.82550064474344 3.416698709130287 2.372610509395599 5.08488717675209 0.193546786904335 0 0 0 0.3496422916650772 0.6483835279941559 0.2584600746631622 116.7812223508954 249.2224507704377 227.5611752569675 1278.523528091609 208.9855336397886 571.1336762160063 223.729106336832 706.1934219375253 63.86758620291948 13.23664288967848 207.9517654925585 86.26901081204414 13.42282035946846 87.68414453417063 9.642103292047977 107.8968921303749 7.017957106232643 0.6507239788770676 5.807073950767517 23.13964020460844 0.5937890857458115
