0 6802.038297452033 1416.751623846591 1850.718982964754 2139.974394276738 131.1573504954576 1201.682562083006 212.9304546415806 194.212260864675 2622.859813340008 543.2267118245363 332.7501726150513 408.3890749067068 356.5407815277576 1.976825356483459 0.7517165616154671 0 0 0 0 0 0.2358729988336563 0 0 0 0.6122015118598938 0 0.1774665415287018 0 0 163.1887390613556 2.525605008006096 5.309001356363297 0 0 0 3.976544693112373 0 0.6696654558181763 0 0 0.1930111795663834 0 0 0.1140309646725655 0 17.08916816115379 3.151715710759163 0 0.4372559487819672 0.7140872478485107 1.029934883117676 0 0 13.91080147027969 14.41924927383661 359.5813996270299 477.87072083354 68.88964651525021 24.89175659418106 0 0 0 6.98503340780735 3.83836318552494 3.015949569642544 2.531835846602917 2.241692431271076 0.2405685782432556 1.425304800271988 57.20566703379154 10.09667511284351 0.5726324319839478 189.6457075625658 30.68571361154318 28.66689995676279 13.44050693511963 0.3059199601411819 1.552001804113388 36.91143227368593 0 1.167776077985764 15.89773471653461 0.4456523358821869 2.252066761255264 5.145285397768021 0.2200115844607353 3.052948921918869 1.528925962746143 0.840712308883667 0.2256261184811592 0.3402020633220673 1.975873321294785 0 0 276.2982764691114 55.65979908406734 1.596303939819336 6.160670474171638 1025.306878656149 0 0 0 0 0 8.577202320098877 0 1.105728819966316 0.220017209649086 4.640669226646423 0.3356618285179138 2.586200892925262 0.829183042049408 0.3374667763710022 0 0 0 0 0 0 0 0 0 0 0 0 0 0 0 0 0 0 0 0 0 0 0 0.1868199706077576 0 2.055591195821762 0 1.430458948016167 1.070910900831223 0.1970675736665726 0 0 0 0 0 0 0 0 0 0 0 0 0 0 0 0 0 0 0.8657373785972595 0 0.1221079602837563 0 0.2558426558971405 0 0 0 0 0 0 0 0 0 0.4007017910480499 0.6588359773159027 0 0 0 0 0 0.8157869279384613 0.9190171360969543 0 0 0 0 0 0 0 0 0 0 0 0 0 0.9659588634967804 1.259678184986115 29.42868784070015 7.822030380368233 89.63829506933689 7.57933060079813 1186.186044365168 28.4869246929884 3.898643977940083 7.593670316040516 3.227449804544449 0 0.8911208361387253 0.1549588739871979 2.599870264530182 0.1277421563863754 0.2529299259185791 0 1.07082687318325 0.2750997543334961
6802.038297452033 0 413.8883566781878 433.7081386297941 4252.668310247362 269.6714094132185 2434.954205021262 279.0155170112848 1040.317177176476 1264.781807973981 889.6127270907164 55.90764524042606 874.1258424818516 1116.119788661599 11.16861057281494 2.671816028654575 0.3920889645814896 0.1421390622854233 0.2409677132964134 1.118747591972351 0.285534493625164 0 0.8422714173793793 0.2301100790500641 0.2145064175128937 1.297280967235565 0.2467027008533478 0.3872490376234055 0.6489031240344048 0.2873076349496841 873.942456908524 23.46914526820183 8.338802814483643 0 0 0 2.996722966432571 0 0.3752758204936981 0.2123360559344292 0.6580676063895226 0 1.39039546251297 0.3000885844230652 0.4095766544342041 0.1384956687688828 172.359007127583 21.61977837979794 0.4380326643586159 0 5.177572973072529 0.172038197517395 0 0.2903647720813751 66.62330820411444 84.7230251505971 278.4706922546029 811.6220536008477 108.281785838306 154.7052935138345 0 0.2443941533565521 0.2096288800239563 102.5134681984782 29.6001860126853 27.33933040499687 19.14431926608086 6.248108379542828 1.058257058262825 2.158650934696198 8.772530280053616 4.92850287258625 0 638.1772309020162 219.4920478314161 222.6699156463146 70.55935268849134 1.155602052807808 0.8587194979190826 18.97618535906076 0.1784695684909821 2.582120299339294 95.60572965443134 5.637351632118225 16.45436106622219 33.34382476657629 7.046978861093521 0 6.767136335372925 0.1142165511846542 2.553222060203552 0.2807178050279617 0.36783766746521 0.3943743407726288 1.25697335600853 19.69795379042625 5.77105239033699 0 0 1429.680055528879 1.735184788703918 1.086846351623535 2.703216135501862 2.721267938613892 0 54.01105754077435 1.419155836105347 32.03608520328999 15.49288657307625 31.59825749695301 0.5620678663253784 57.84950685501099 15.16537219285965 50.42056427896023 17.40409176051617 0 0 0 0 0 0 0 0 0 0 0 0 0 0 0 0 0 0 0 0 0 0 0 0 31.23892451822758 3.475912109017372 8.517128184437752 1.963218078017235 0.2363859415054321 0 0 0 0 0 0 0 1.572062969207764 2.648940324783325 0 0 0 0 0 0.09424091875553131 2.193301439285278 0 3.313880264759064 2.130900502204895 0.4049400687217712 0 0.7241528928279877 16.55730521678925 0 0.6096966862678528 0.6832001805305481 0.1673859655857086 0 0 0.1078683584928513 0.281896561384201 0 29.91058392822742 6.626090213656425 0 0 0.1530789434909821 2.174796044826508 0 2.883771598339081 5.35495662689209 0.6509314179420471 0 0 0 0.4543626308441162 0 0.1036863401532173 0 0 0 0 0 10.47966738045216 6.669329226016998 12.86380234360695 252.9900338277221 62.07150790095329 692.7253395989537 59.98489881306887 1128.115562796593 134.2443768978119 24.7562799602747 68.53214927017689 28.32447154074907 1.827840909361839 9.344660460948944 1.378269635140896 19.84134602546692 1.454621642827988 0.7119072526693344 1.279756784439087 7.809338733553886 0.2044390290975571
1416.751623846591 413.8883566781878 0 12.31257389485836 1217.625661827624 14.19027450680733 75.63313106447458 4955.573974378407 460.4317782521248 5.397303909063339 6686.256885424256 7.161159746348858 57.1541735008359 943.7532327622175 31.03980907052755 30.03710784763098 4.556980982422829 3.385422736406326 0.5372323542833328 14.19274614751339 36.34187017381191 1.085220038890839 33.07861982285976 10.94306671619415 1.125329047441483 5.799383401870728 3.170920804142952 15.20509743690491 2.3805231153965 0.5388172268867493 8631.309589378536 386.5998248681426 37.47969529032707 12.79443848133087 17.12309181690216 0.5786617398262024 20.90031577646732 5.716614037752151 2.658801332116127 1.866400524973869 6.829576626420021 11.27600019425154 47.28006525337696 2.885788336396217 3.439306169748306 28.87076809257269 122.6250963807106 46.67585904896259 8.85642172396183 23.51154069602489 101.1516298726201 0.1625570207834244 2.333570346236229 20.459118694067 29.10611852258444 40.23421068489552 306.0049577355385 2741.377259522676 78.22848994284868 98.17025496065617 64.81733119487762 7.98680704832077 3.814279735088348 187.2577896043658 16.64252799004316 118.7312188670039 121.7770624160767 442.6318024322391 126.4415348693728 162.0179578661919 2.327830135822296 0 0 461.6545998156071 240.3097254261374 208.2868711203337 159.3077469617128 12.41847439110279 423.3197013139725 2089.568939626217 7.640477731823921 559.1238301023841 49.5974186360836 2.907193601131439 33.3071466088295 20.48477023094893 115.8159833997488 0.3221194893121719 6.175958648324013 0 5.575513891875744 1.060780368745327 160.7021330595016 9.028359830379486 5.096228510141373 2.635252445936203 1.313430815935135 0 0.5127657055854797 2235.811712637544 0 0 0 0.7991312742233276 0 2.488042756915092 0 4.413443356752396 0 0 0 5.797648444771767 0.8488168865442276 3.042455419898033 2.902640640735626 0 0 0 0 0 0 0 0 0 0.4206069707870483 0 0 0.3592210710048676 0.4802049696445465 0 0.5388276129961014 0 0.7313728928565979 0 0 0 0 0.2833554148674011 0 5.218411296606064 1.995958462357521 3.533958941698074 4.353506788611412 0 0.6996220648288727 0.4350937306880951 0 0 0 0 0.6494450569152832 0 0 0 0.1892044693231583 0.1791917979717255 0.5700932741165161 1.408637434244156 0.926378071308136 0.3016876876354218 0 0.5671587586402893 0 0 0 1.267423927783966 2.33735229074955 0 0.4353281259536743 0 0 0 0 0.4428018778562546 0.9646897166967392 1.013066247105598 2.756794542074203 0.9730701446533203 0 0.3773171156644821 0.773792564868927 0 0 3.352203279733658 1.091711819171906 0 0 0 0 0 0.1067477390170097 0 0 0.3553309440612793 0.2083624303340912 0.5172837376594543 0 0.5344556272029877 0 3.741579532623291 129.086758993566 63.10723949968815 341.9684156924486 58.48518580943346 258.6684215962887 49.44664694368839 11.51519336551428 38.96827434748411 2.963092543184757 0 0.6946801915764809 0 1.716606199741364 0.2701279744505882 0.2205968126654625 0.9357292577624321 10.21832419931889 1.285195499658585
1850.718982964754 433.7081386297941 12.31257389485836 0 43.69545453041792 310.7386648505926 1036.718066312373 1.147824630141258 112.5308052971959 2401.946679018438 5.084177501499653 664.9909121841192 1744.976963981986 186.02330840379 1.004730239510536 0 0 0 0.2247646600008011 0 0 0 0 0 0 0.2468060553073883 0 0 0 0 10.55522152781487 0.5647124946117401 0.389769047498703 0 0 0 0 0 0.3327904641628265 0 0 0 0 0 0 0 13.88778798282146 1.281780533492565 0 0 0.3482233062386513 0 0 0 8.310696050524712 12.58368834853172 50.19837458431721 97.26161205768585 16.85498563945293 16.83986238390207 0 0 0 4.127374067902565 3.13433688133955 2.38804067671299 1.319391593337059 0.2619633302092552 0 0 76.20218843221664 0 0 88.27990659326315 18.81034970283508 12.73678552359343 3.511169001460075 0 0 0.2141724079847336 0 0.1331843286752701 10.49157959967852 1.666666872799397 1.098373092710972 3.381466515362263 0.3164705336093903 0.3167560696601868 0.207785464823246 0 0 0 0 0 0 8.347037851810455 91.55621239542961 0 0 181.0166882276535 0 0 0 0.2290285229682922 0 2.644245862960815 0 1.545861840248108 4.499117136001587 2.923479497432709 0.3219748735427856 6.540520742535591 1.452236354351044 5.014708757400513 0 0 0 0 0 0 0 0 0 0 0 0 0 0 0 0 0 0 0 0 0 0 0 0 0 0 0 0 0 0 0 0 0 0 0 0 0 0 0 0 0 0 0 0 0 0 0 0 0 0 0 0 0.9513795375823975 0 0 0 0 0 0 0 0 0 1.607490599155426 0 0 0.1097134128212929 0 0 0.5377832651138306 0 0 0 0 0 0 0 0 0 0 0 0 0 0 2.344770014286041 0 0.1802522838115692 18.0099965557456 3.586004368960857 63.47553399950266 2.464550390839577 429.7643616944551 13.93968767672777 1.994035184383392 4.339350312948227 1.688205242156982 0 1.03367817401886 0 3.744943201541901 0 0 0 0 0.3415576815605164
2139.974394276738 4252.668310247362 1217.625661827624 43.69545453041792 0 6.501867964863777 996.057544991374 584.5195244550705 6709.385361075401 64.82808757573366 2033.352911293507 36.7648109048605 1012.932464003563 2969.380015194416 28.66076067835093 4.563715443015099 0.5475496649742126 0.1149059236049652 0.265028104186058 0 0 0.1263846009969711 0.3778152540326118 0.8242795169353485 0.4470593482255936 1.33204872906208 0.5735978633165359 1.516502819955349 0.6834596768021584 0.2661959603428841 441.2219569832087 37.94929010421038 17.97720468789339 0 0 0 12.4959147721529 0.5406039953231812 1.726683616638184 0.2329807803034782 0.4465139657258987 0.5958408117294312 0 0.9247397929430008 0.1904541254043579 1.213881358504295 262.490670055151 21.81454100459814 1.509725973010063 0.4145524054765701 8.211754627525806 0.2593330442905426 0.1516330391168594 0.6666246205568314 49.49412903934717 70.52001762390137 99.91688150167465 324.7848725393414 59.47535222023726 167.7047373652458 0.4803474545478821 0.179857075214386 0.1918057799339294 149.0713324248791 29.18980526179075 28.74122316390276 22.10842618346214 5.289339318871498 1.664298385381699 0.7079705595970154 13.91542571038008 14.18174777925014 0 409.0291378721595 190.111022785306 311.0813492462039 144.4632280319929 3.31249988079071 2.414360120892525 23.09367425739765 0.6284331604838371 4.260401375591755 83.16350959986448 5.093435816466808 17.4553919583559 34.12355664372444 7.278613932430744 0.3467483669519424 9.571982309222221 0 4.31494528055191 1.68101454526186 0.6993308737874031 0.1451591402292252 2.992226727306843 33.39590012282133 1.670566491782665 0 0.8558032512664795 258.2416703552008 2.564464151859283 3.656947791576385 19.95086501538754 10.85764090716839 9.438720226287842 106.0218385308981 1.271788373589516 108.2944132685661 32.27901986241341 120.2815641462803 10.59610113501549 188.7842319458723 75.57953748106956 161.8916435092688 64.76268258690834 0.4206461012363434 0 0.4964511692523956 0 0 0 0 0 0 0 0 0 0 0 0 0 0.4418601989746094 0 0 1.575079768896103 0.2737492918968201 0 0.2350049763917923 0 77.77195677161217 6.122862659394741 25.296550989151 10.45389591157436 0.1485404074192047 0 0 0 0 0 0 0 0.6037890315055847 4.006624221801758 0 0 0 0 0.6061002165079117 0.9423657357692719 4.802661865949631 0 2.770915657281876 2.896987617015839 1.126631259918213 0 0.1308515965938568 63.90497833490372 0 2.856659948825836 1.410563185811043 0.294425904750824 0 0 0.3684643507003784 0.1332928985357285 0.7209682613611221 127.8225732594728 20.62391667068005 0 0 0.5211557596921921 9.099346309900284 0 14.31576851010323 14.37374639511108 0.6744705438613892 2.201362922787666 1.570838809013367 0.2718227505683899 0.7769511938095093 0 0.1520260572433472 0 0 0 0 0 41.01968961954117 23.55182938277721 29.36997376382351 400.7243335470557 102.3602726608515 918.956671141088 133.1861359924078 237.4416814222932 207.0678963810205 37.70387345552444 142.5172940194607 44.20857354253531 0.5654923841357231 47.16838473826647 3.395567327737808 58.07830460369587 3.460811592638493 3.37519321590662 8.47995238006115 22.49380619823933 2.679743841290474
131.1573504954576 269.6714094132185 14.19027450680733 310.7386648505926 6.501867964863777 0 153.4569006338716 1.120411694049835 21.61477888375521 883.3427350968122 3.7307503297925 369.7478359490633 268.2480143010616 73.3062607049942 3.266528189182281 5.16109286993742 0 0 0 0 0 3.232143059372902 0 0 0 0 0 0 0 0 4.979026645421982 0.385892316699028 23.16432952135801 0 0 0 29.75492407381535 0 3.260796815156937 0 0 0 0 0.3984083235263824 0 0 7.668789491057396 0.6564220264554024 0.1968671977519989 0 0.1548374444246292 15.87422856688499 0 0.7952463328838348 8.076251804828644 6.099859818816185 298.5021511614323 137.2882155627012 35.32401806116104 6.359478741884232 0 0 0 1.48693722486496 1.62286502122879 1.3718616142869 0.4475723057985306 0.09489098191261292 0 0 227.2379588335752 256.3092833012342 23.79145719110966 67.8335544988513 12.56867471337318 4.985888332128525 1.841622285544872 1.521269902586937 0 12.47379407286644 0 0.8097959458827972 7.276472523808479 7.901350110769272 1.02830396592617 2.895768098533154 0.7627391666173935 32.64516903460026 5.869486659765244 28.85289043188095 0.6227757036685944 1.226897895336151 0 0.220403715968132 0.2213814556598663 745.1710508316755 315.8049369305372 44.9539238512516 24.92807240784168 938.4523201137781 0 0 0 0 0 1.359918639063835 0 0 0 0 0 0 0 0 0.9822313040494919 0 0 0 0 0 0 0 0 0 0 0 0 0 0 0 0 0.3341773748397827 0 0 0 0 0 1.647775873541832 0 4.735298737883568 1.523151263594627 6.288509681820869 9.807010740041733 2.579089894890785 0 0 0 0 0 0 0 0 0 0 0 0 0.8225895762443542 0 0.3060099482536316 0 0 0.7292351722717285 0 0 0 0.1723505556583405 1.034344375133514 0 0 0.1347148865461349 0 0 0 0 0 0 1.509936973452568 24.92442032694817 0 0 0 0.56170254945755 0 0 0 0 0 0 0 0 0 0 0 0 0 0 0 0 1.338384553790092 15.70483495295048 11.18816166371107 4.894447319209576 22.89322378486395 2.281566046178341 620.0659059137106 17.36058102548122 4.677125833928585 1.308947898447514 1.150398075580597 0 0.1301708072423935 0 0 0 0 0 0.1491486579179764 0.4132352769374847
1201.682562083006 2434.954205021262 75.63313106447458 1036.718066312373 996.057544991374 153.4569006338716 0 9.913670942187309 1254.537322588265 1595.816754713655 79.09078718721867 144.3642327785492 2436.599841751158 1434.379581652582 18.55984722822905 3.914769574999809 0.4190689325332642 0.6589884459972382 0 0.3418938517570496 0 0 0.1700873821973801 0 0 0.5674118995666504 0.4011483490467072 1.363202981650829 1.15581701695919 0 79.22349158674479 17.2531551644206 14.82015082985163 0 0 0 11.0889396071434 0.4505712538957596 2.579773508012295 0.108778104186058 0.2607252150774002 1.543576166033745 0 0 0 0.3008353039622307 206.7145368233323 18.43797447532415 0.1195336803793907 0 6.635629773139954 0.2458959370851517 0 1.202666878700256 48.06355256587267 64.28385140001774 126.8344196677208 322.687090292573 64.55559738725424 127.2434187829494 0.2880972102284431 0.3878899589180946 0 90.91296050697565 25.31932663917542 21.3430018350482 14.0176938995719 3.352413900196552 0.9120313078165054 0.2611072063446045 31.89960753917694 11.0627314299345 0 396.3660801425576 148.6546284928918 204.8824930936098 85.1176365762949 3.354623205959797 1.714018538594246 8.821407966315746 0.1922966241836548 2.060659021139145 74.63202641159296 3.604337111115456 14.24779971688986 29.45204211771488 2.921734340488911 0.1703635305166245 6.720742911100388 0.1252313107252121 1.755837135016918 0.7199756875634193 0.2044234722852707 1.25143813341856 2.013429455459118 142.7147529646754 22.38151982426643 0 0 234.7491169795394 7.192765086889267 10.79911391437054 155.9341148734093 76.08169321715832 6.970887959003448 199.7389317750931 19.30764351785183 173.7741634398699 67.76315934956074 192.4167514741421 14.11952339112759 340.991300702095 157.8879473060369 259.9735818356276 114.8234837949276 0.1642042249441147 0.7764655947685242 0 0 0 0 0 0 0 0 0 0 0 0 0 0 0 0.8370123505592346 0 3.737126663327217 0 0 0 0 94.68422284722328 6.362988501787186 23.22199410200119 12.86560669541359 0 0 0 0.3401433527469635 0 0 0.3115451633930206 0 5.504382610321045 8.425095096230507 0.2991327941417694 0.1343422085046768 0 0 0 0.922036811709404 3.134581625461578 0.1308535188436508 11.07916459441185 7.350926011800766 0.6914654970169067 0 1.381227135658264 100.2584762573242 0 8.27945539355278 2.508590303361416 0.2365861907601357 0.1077500283718109 0 0 0 0 187.0266848951578 7.031871199607849 0 0.5089515447616577 0 14.43247902393341 0.2058776915073395 20.88808616995811 30.06946682929993 0.5655379444360733 2.444166958332062 0 0.6517980396747589 1.655969507992268 0 0 0 0.5722048431634903 0 0 0 95.66881816089153 32.99965576827526 56.34679932892323 358.9594556540251 74.96499360352755 711.8579322993755 87.82611705362797 614.0191241428256 152.7521183341742 25.91940388083458 103.0239846855402 52.16395825147629 1.807013213634491 41.48413147777319 4.877864696085453 93.63423551619053 6.972331896424294 2.471339970827103 6.598607793450356 17.91867672652006 2.165708839893341
212.9304546415806 279.0155170112848 4955.573974378407 1.147824630141258 584.5195244550705 1.120411694049835 9.913670942187309 0 644.4874686971307 0 1996.56797349453 9.20438651740551 79.06918887794018 618.6437418907881 18.90546596050262 10.30016339570284 3.25510011613369 3.460437878966331 0.7475734800100327 14.11698025465012 42.53826116770506 0.5341485887765884 22.87914079427719 5.834433808922768 0.4414432644844055 7.549003012478352 0.3803663849830627 11.0302882194519 0.1492864340543747 0 1284.655578486621 1688.397921979427 23.15994212031364 18.02390936017036 11.6054645627737 0.2807154059410095 9.6716383472085 2.136431269347668 0.2112035304307938 1.157628178596497 7.51584230363369 8.152724325656891 40.18177251517773 5.458778336644173 4.222333565354347 48.09038929641247 100.1479035764933 19.04830797016621 6.653446212410927 30.15195804834366 84.41314306855202 1.853543743491173 0.2052032202482224 15.12312300503254 12.57633900642395 15.44705861061811 45.88837074488401 335.3133311718702 17.58873105049133 58.45551243424416 110.4778113216162 4.161232464015484 2.504356279969215 525.8250517398119 6.279898829758167 69.85073217004538 73.04919611662626 248.1979304477572 84.15114665031433 132.4889043569565 0.7222886085510254 0 0 136.8496745973825 164.1388902366161 158.7579018995166 339.9953011125326 122.1347805187106 1058.949267372489 2520.340433336794 56.44494006037712 1257.621836565435 20.80138988792896 0.9271086901426315 22.1885272115469 13.33485273271799 84.26904303580523 0.1221228837966919 2.12206095457077 0.1580850630998611 2.520066447556019 0.7345160990953445 140.9035588651896 1.986429214477539 4.09204325824976 0.7954044044017792 0.7483381032943726 0 0 125.0326723605394 0 0 0 0 0 1.569905132055283 0 0.7845647931098938 0 1.028951406478882 0 0.5121186971664429 1.34601154923439 2.816545367240906 1.421070396900177 0.9141768217086792 0 0.3440862596035004 0 0 0 0 0 0 0 0 0 0 0 0 0.1935096830129623 0 0 0 0 0 0 0 0 1.892245978116989 0.655226469039917 2.316669523715973 0.4788611978292465 0.3788308501243591 0.4356114715337753 0 0 0 0 0 0 0 0.701621413230896 0 0 0 0.3963786065578461 1.853504285216331 0 0 0.2189971655607224 0 0.8910258412361145 0 0 0 2.144149348139763 0 0 0.1371927708387375 0.2253885120153427 0 0.2797563523054123 0 0.5123514533042908 0.9714768975973129 1.18322166800499 0.212007462978363 0 0 0 0.7337465584278107 0 1.607844352722168 0 0 0 0 0 0 0.205537810921669 0.303100474178791 0 0.6947637349367142 0 0.3856537491083145 0.1759497970342636 0 0.4194076359272003 2.624579355120659 110.0367713645101 40.25689081847668 269.7108387574553 47.5472923964262 32.6226392313838 37.83748961240053 5.754343308508396 28.91738265752792 3.418542057275772 0 0.3326330706477165 0.3567525073885918 0.2737705111503601 1.26452362537384 0 0.541574239730835 4.756103530526161 0.8281751424074173
194.212260864675 1040.317177176476 460.4317782521248 112.5308052971959 6709.385361075401 21.61477888375521 1254.537322588265 644.4874686971307 0 175.7252504602075 1263.431833267212 100.0515477508307 2093.801956757903 2779.417086526752 27.30865735560656 14.58692832291126 0.824716717004776 0 0.1296965181827545 0 0.8421527743339539 0 0.5131605267524719 0.1256248205900192 0 1.721600733697414 0 0.4500219523906708 1.359048262238503 0.5407488942146301 62.28904582560062 17.30486337840557 29.88539565354586 0 0 0 11.97349102795124 0.1101498529314995 1.127191640436649 0.4415139555931091 0.4957100749015808 0.604892298579216 0 0.8258229345083237 0.1224500313401222 0.1550972610712051 149.6752715855837 6.544652320444584 0.3779665529727936 0.1600832492113113 6.096193231642246 0 0.1090009436011314 1.144923396408558 12.8607655018568 19.57475929707289 17.14848819375038 43.50174511224031 18.33279839158058 56.24568272382021 0.6114024892449379 0.1228040680289268 0 50.6336262524128 8.427250027656555 9.542895272374153 8.689042344689369 4.17199645191431 1.371582172811031 2.448478370904922 16.24735449999571 10.92068020999432 0 99.43931265920401 44.03657644987106 151.4528145343065 123.1862882748246 4.321825265884399 2.422530919313431 20.75033957511187 0 1.441255502402782 22.27576956152916 0.8706723377108574 5.055777177214622 10.77185536921024 1.938941523432732 0.3072413504123688 4.24982562661171 0.1271756291389465 3.278441771864891 0.6482217237353325 1.233194798231125 0.4465104639530182 2.347624003887177 109.5339410603046 11.18615788221359 0 0.6445814967155457 33.03186249732971 0.7637079954147339 4.029604405164719 18.57495519518852 5.813579350709915 4.255176082253456 111.413533911109 4.117383256554604 124.0296075791121 39.25617289543152 116.3024229556322 10.42641557753086 226.7629006206989 98.20788469910622 202.6048518270254 67.97884406149387 0 0.4956853538751602 0 0 0 0 0 0 0 0 0 0 0 0 0 0 0 0 0 3.982431828975677 0.3309757113456726 0 0 0 48.32451431453228 4.343113914132118 22.53761245310307 4.343199819326401 0 0 0 0 0.9130996465682983 0 0 0.1325445920228958 3.016881316900253 5.049915224313736 0 0 0 0 0 0.2797268927097321 1.737330257892609 0 4.068049520254135 4.9566600471735 0.1904204934835434 0 0.908213198184967 58.90134803950787 0 1.501639872789383 2.336801126599312 0.6175412237644196 0 0 0 0 0 144.5087864547968 11.08081921935081 0 0 0 10.38418774306774 0.1965495944023132 19.81709110736847 11.3473492115736 2.345817685127258 1.041397914290428 0.2599503099918365 0 0.1674859225749969 0.1632285416126251 0 0.4580246210098267 0.5564104914665222 0 0 0 67.59489226341248 32.17090483009815 25.69219298660755 321.6609727069736 59.50326478481293 438.9469171315432 102.3130711913109 98.54909833520651 96.28477048128843 12.07638711482286 95.97080469876528 34.68140994757414 2.397213123738766 28.32263497263193 3.459680639207363 69.02449080348015 3.935337945818901 0.4074231013655663 0.7749637812376022 24.89861948788166 2.715307578444481
2622.859813340008 1264.781807973981 5.397303909063339 2401.946679018438 64.82808757573366 883.3427350968122 1595.816754713655 0 175.7252504602075 0 7.531911507248878 3034.207635641098 7738.457852318883 397.1220962703228 1.331614047288895 0.6871644034981728 0 0 0 0 0 0 0 0 0 0 0.1267604678869247 0 0 0 10.92738609015942 0.7756045609712601 5.374088734388351 0 0 0 0 0 0 0 0 0 0 0 0 0 21.85334821790457 2.964532539248466 0.3258310407400131 0 0.7555244415998459 0 0 0 8.932421967387199 11.60776977986097 92.2771569788456 110.8188733831048 24.29924695938826 20.36552907526493 0 0 0 6.922503888607025 3.685724645853043 3.048006400465965 2.182133160531521 0.6572688966989517 0 0 280.0485254973173 0.6509469747543335 0 105.7583098858595 24.14991588145494 14.01489611715078 3.197636485099792 0.1527576297521591 0 3.11938563734293 0.2418151348829269 0.2923669666051865 14.14416481554508 0.7453155368566513 1.774693623185158 4.153240136802197 1.168278589844704 0 0.9071552604436874 0 0.1029156148433685 0 0 0 0.24858408421278 404.0331702381372 360.8327062577009 0 0 592.1681669801474 0.2480926066637039 0.5215694308280945 6.646947696805 4.823953613638878 3.245665326714516 31.3249274790287 5.146929159760475 33.58955146372318 18.62315802276134 66.84768708050251 0.7828606963157654 87.79939407110214 60.02224479615688 92.32648633420467 10.530851110816 0 0 0 0 0 0 0 0 0 0 0 0 0 0 0 0 0 0 0 0.4895395338535309 0 0 0 0 3.178926080465317 0 0 0 0 0 0 0 0 0 0 0 0 0.4014982879161835 0 0 0 0 0 0 0 0 0.2423470914363861 0 0 0 0 2.528074085712433 0 0.5442370176315308 0 0 0 0 0 0 0 17.70540843904018 1.016902133822441 0 0 0 0 0 0 0.4589651972055435 0 2.141396820545197 0 0.228374570608139 0 0 0.4474965929985046 0 0 0 0 0 39.70143088698387 4.130240902304649 0 46.76641116291285 9.220146857202053 107.4692916721106 7.457221485674381 1410.711593657732 21.93020225316286 3.489001296460629 7.054244682192802 9.186945587396622 0.6207889020442963 2.572417616844177 0.6480814144015312 43.90773048996925 1.295799642801285 0 0 0.4667187631130219 0.3768350929021835
543.2267118245363 889.6127270907164 6686.256885424256 5.084177501499653 2033.352911293507 3.7307503297925 79.09078718721867 1996.56797349453 1263.431833267212 7.531911507248878 0 196.6688331514597 1773.708950348198 3442.313923805952 120.9708279296756 98.37842527776957 1.362104073166847 2.343533888459206 0.2203685492277145 8.548016726970673 17.16473095118999 0 16.09442289173603 2.722898289561272 2.353562541306019 4.917863085865974 1.839287884533405 3.556994900107384 2.669466584920883 0.3219570890069008 540.8117156624794 237.7405340373516 525.9452560991049 5.865477941930294 3.991942465305328 4.996494345366955 199.0610754564404 23.00867658853531 6.64828809350729 4.15014586597681 1.867068588733673 4.13512922078371 7.065524443984032 9.824615612626076 1.449359342455864 3.026683673262596 426.6349093616009 29.76607869565487 2.437736496329308 1.902869284152985 57.1816378235817 0.873968169093132 0.2907961010932922 5.873897738754749 36.10264188051224 49.66862050443888 58.53776104748249 233.2150593176484 39.60171417891979 187.1436924189329 1.841921329498291 8.890223324298859 0.9889824539422989 236.1453638076782 23.94271599501371 31.55701319873333 34.90912116318941 35.88012734055519 8.499755091965199 53.11229576170444 34.89840865880251 6.813345581293106 0 311.4227728322148 186.2417908906937 550.9144501239061 564.0059344246984 41.76752067357302 129.0759110897779 244.7807735800743 2.29048927128315 69.19075318425894 63.12427309155464 3.921352215111256 17.70577580481768 31.36195910722017 12.36476194858551 0.2013205513358116 13.24072377383709 0.3568408116698265 8.421981953084469 1.481712892651558 67.54944661259651 8.133280053734779 4.362432137131691 41.44189383089542 2.692316383123398 0.1432695686817169 0.1124826520681381 218.2888004183769 2.89086064696312 0 0.1915957480669022 0.2090689986944199 2.42680037021637 21.01811576634645 0.2788860499858856 18.84007246792316 4.882679596543312 16.6946656703949 1.429333403706551 35.719258710742 14.49959163367748 35.58515825867653 23.91209231317043 0.2204276919364929 0 0 0 0 0 0.356836199760437 0 0 0.2746675908565521 0.1843811571598053 0 0 0 0 0.8920114785432816 0 0.328947976231575 0 0.2896117568016052 1.23723840713501 0 0.7523423433303833 0 27.97390792518854 3.747065827250481 15.91279249638319 9.656150639057159 0.4382179081439972 0 0 0 0 0.4778313338756561 0 0.6779295802116394 1.962312877178192 1.780314862728119 0 0 0 0 0.7350971698760986 0 0.2416936159133911 0 0 1.605274766683578 0 0 1.46042138338089 19.9824046343565 0 0.1870385855436325 0.1318565011024475 0.2762336432933807 0 0 0.8892037719488144 0.6422187462449074 1.118574842810631 36.77821466326714 4.083382956683636 0 0 0.4540500342845917 0.8415588885545731 0 5.727675005793571 5.382181227207184 0.6914529800415039 1.67881566286087 0 0 0.1493019461631775 0.2108591645956039 0 0.1266852021217346 0.1332539469003677 0.1923107951879501 0.4987030029296875 0 9.933626726269722 9.839640893042088 7.181175626814365 701.8493851870298 169.5656299069524 1006.833415903151 242.3485102802515 133.7504320889711 175.2568054571748 30.49050333350897 216.2912151739001 16.60601755231619 0.6701494306325912 11.67140293866396 2.434402376413345 9.224366039037704 0.7109411358833313 0.2081637009978294 4.734281644225121 49.00858267396688 7.831661507487297
332.7501726150513 55.90764524042606 7.161159746348858 664.9909121841192 36.7648109048605 369.7478359490633 144.3642327785492 9.20438651740551 100.0515477508307 3034.207635641098 196.6688331514597 0 1250.326340913773 282.8580584824085 13.56800734996796 18.56645310670137 0 0 0 0 0 0 0 0 0 0.2256916016340256 0.1103954613208771 0.2104033231735229 0.2942339926958084 0 0.4937939047813416 1.443847484886646 22.99312710762024 0 0 0 11.10449025034904 0 0.2071539610624313 0 0 0 0 2.013407155871391 0 0 26.4097201898694 0.4831241518259048 0 0 0.9102759137749672 0 0.2269646376371384 0.2134698182344437 1.245430126786232 1.447967998683453 18.00253926962614 7.927929155528545 4.569926746189594 7.677937038242817 0.1297100186347961 0 0 5.15105727314949 0.7043154612183571 0.5830728709697723 0.5873252376914024 1.154981814324856 0.4635938704013824 0.2775204330682755 21.8958226442337 11.10560685396194 0 16.7448928207159 4.319821201264858 26.1012394502759 33.66813740879297 5.758063934743404 0.1154328435659409 34.58646813780069 0.191699892282486 0.3235591500997543 1.844627283513546 0.1465503573417664 0.1861110553145409 0.7669666260480881 0 0 0.5497662127017975 0 0.3328360021114349 0 0.3968399837613106 0 0 1491.383467450738 24.01595689356327 4.029886305332184 0.8796117305755615 121.1096352636814 2.203177362680435 9.346144303679466 12.89177443087101 10.41598115861416 11.6862283796072 134.9830008894205 10.61799858510494 143.2216367125511 52.44198782742023 174.247098967433 13.36480225622654 316.2849277108908 171.3532302677631 364.0589819550514 73.43998225033283 0.2525690495967865 0 0 0 0 0 0 0 0 0 0 0 0 0 0 0.4907240569591522 0 0 0 2.66915962100029 0.621620386838913 0 1.333950877189636 0 39.111367598176 1.885306566953659 6.360892057418823 2.566991224884987 0.2275754064321518 0 0 0 0 0 0 0 0.6949251592159271 3.351690396666527 0 0 0 0 0 0.4455251395702362 3.341686502099037 0.4930803775787354 0.7547283470630646 4.622822150588036 0 0 0 17.21643772721291 0 1.516913682222366 1.723412200808525 0.1373059302568436 0 0 0 0 0 138.9971364438534 8.251831024885178 0.2612601518630981 0 0 3.596927613019943 0 5.07010518014431 5.395764499902725 0.3010529279708862 3.558509737253189 0.268086314201355 0 0 0 0 0 0.5511936545372009 0 0.1516849994659424 0 183.0180789232254 45.61809642612934 9.295100599527359 121.7443989291787 20.35540574789047 84.68961822986603 22.68072255700827 446.7364981845021 11.23847203701735 0.4144035652279854 23.0859604254365 18.82652521133423 0.9070086926221848 13.43752004206181 0.4808659330010414 90.51007422804832 2.114456951618195 0.8252818882465363 2.888433948159218 1.941103152930737 0.478728324174881
408.3890749067068 874.1258424818516 57.1541735008359 1744.976963981986 1012.932464003563 268.2480143010616 2436.599841751158 79.06918887794018 2093.801956757903 7738.457852318883 1773.708950348198 1250.326340913773 0 2515.946024894714 71.09469112753868 63.74997358769178 1.456535950303078 0.1342792063951492 0.3057091981172562 0.3647345900535583 0.9308980107307434 0.2940754890441895 0.1841985881328583 0 0.2180133759975433 1.481958590447903 0.8296154588460922 0.8590301424264908 2.214604690670967 0 10.28258389234543 8.94362635910511 219.1884995102882 0 0.1307016611099243 0 43.51360020041466 10.59777298569679 0.3229117691516876 5.952456317842007 0.6304610967636108 0.5000269562005997 0 9.735216408967972 0 1.93735084682703 176.2932862192392 5.300631180405617 0.417572908103466 0.8172077983617783 8.197562776505947 1.290609687566757 3.990191996097565 2.163417316973209 8.319540284574032 12.50648073852062 28.60504070669413 27.85741648823023 13.12364284694195 58.2317476272583 0.9992685094475746 1.783874318003654 0 30.32707687467337 4.287080265581608 5.286437973380089 6.17777930945158 5.142510339617729 1.11818815767765 2.273456051945686 70.02375507354736 43.44995175302029 0 72.70934896171093 24.37749031931162 186.8328317180276 191.7714972198009 16.25511755794287 0.7706263214349747 64.33194848895073 1.974636942148209 2.581965662539005 15.62754364311695 1.210367403924465 4.455267317593098 7.406477846205235 2.155067808926105 0 4.476845502853394 0.4638690799474716 4.651813946664333 1.459663897752762 2.942965373396873 1.696825474500656 3.258923105895519 2332.048012420535 59.53929647803307 0 5.191766127943993 119.8442366793752 10.83992964029312 9.143377467989922 42.69727197289467 17.70794866979122 21.66890442371368 309.7974111288786 22.29978694021702 328.6315068304539 110.508152410388 408.9945814460516 35.40369100868702 648.7927059680223 376.4474342167377 675.8244472593069 182.1495651453733 0.7519497573375702 0.5467231869697571 0 0 0 0 0 0 0 0 0 0 0 0.4078904390335083 0.2184537500143051 0 0.2115160226821899 0 0 7.5737095028162 1.34459425508976 0 0.2416184991598129 0 109.7067686617374 4.906827554106712 23.16964128613472 9.184717729687691 0.4391608834266663 0.2670606672763824 0 0 0 0.5836134552955627 0 0 3.744146004319191 7.944497719407082 0 0 0 1.021583735942841 0 2.089386403560638 4.345428839325905 1.554583176970482 5.056848049163818 13.53651715815067 0.2355959415435791 0 1.681687757372856 93.35910442471504 0.6388047933578491 3.933946162462234 3.615348801016808 0.3369923159480095 0 0 0.1494582742452621 0 0 362.9738658815622 35.75585642457008 0 1.818656802177429 0.2970025986433029 7.500711992383003 0 18.13477610051632 26.60874412953854 5.991912350058556 5.365001171827316 1.334844589233398 1.050932884216309 0.7479951977729797 0 0.5649949908256531 0 0.9444048404693604 0.3252396583557129 0 0 368.6413438618183 106.5195397436619 40.34817257523537 560.0087916627526 121.7616170048714 476.412941083312 145.0199666917324 449.02816362679 77.83910147845745 10.98336435109377 141.8234900683165 69.22185388952494 3.389128312468529 38.98116862773895 7.230953559279442 148.149133041501 12.87010339647532 1.887834571301937 6.255419909954071 36.423644118011 4.224409304559231
356.5407815277576 1116.119788661599 943.7532327622175 186.02330840379 2969.380015194416 73.3062607049942 1434.379581652582 618.6437418907881 2779.417086526752 397.1220962703228 3442.313923805952 282.8580584824085 2515.946024894714 0 177.5470256879926 172.4443077817559 1.932133249938488 3.638831228017807 0.2259917706251144 3.966663420200348 14.82908911257982 0 6.426729954779148 1.065007768571377 5.786123476922512 5.800521872937679 0.6129468306899071 3.388152420520782 4.541695438325405 0.2204426750540733 141.4123843833804 45.46263118088245 2776.166534140706 0.76886186003685 4.808896243572235 3.413232296705246 905.9779676049948 78.97776471078396 11.18070785701275 11.70368761569262 4.741573169827461 2.959505826234818 8.594645172357559 22.88266245275736 3.351633816957474 4.817173883318901 403.8723760098219 14.69048643857241 1.723555222153664 2.777687191963196 50.10156115889549 0 0 5.919225469231606 20.27427888661623 30.24499633908272 31.46221872419119 78.67756756395102 21.28533442318439 135.0464388728142 0.9040579944849014 29.4243725463748 1.354014381766319 108.0875811129808 11.64918989688158 15.39090175926685 23.01115101575851 23.54070671647787 4.588250480592251 28.08338777720928 172.0346052199602 18.36984907090664 0 182.3751574233174 83.12275964021683 485.4064190164208 554.1537090092897 60.37835165113211 9.154811322689056 643.0082097575068 2.25440625846386 11.86796702444553 35.7866280451417 1.237203449010849 8.481766805052757 17.03517981618643 6.704687394201756 0.2098602131009102 10.13275164365768 0.218318372964859 8.607330329716206 2.758416071534157 51.54854989051819 8.966670259833336 5.030037917196751 1388.314729765058 11.305076405406 0 1.866099312901497 84.03861147165298 7.132335424423218 8.466901123523712 25.49096815288067 12.99253082275391 17.19595232605934 218.5645509958267 11.17779678106308 260.9836773127317 66.62985832989216 258.889725252986 18.30239428579807 493.0808601081371 223.7953267097473 506.6143432557583 162.6432879567146 0.6193550825119019 1.474981144070625 0 0 0 0 0 0 0.4171547591686249 0.1346289664506912 0 0.224978432059288 0 0 0 1.658425875008106 0 1.834924191236496 0 4.245513319969177 0.6184696406126022 0 0 0 120.340088441968 8.85820284485817 33.58504118770361 9.805785566568375 0 0.7662134170532227 0.4994304180145264 0 0 0 0 0.4889993667602539 4.089086130261421 4.656057849526405 0 0 0.3542107939720154 0 0.570586621761322 1.409644693136215 2.646065071225166 0.3836503773927689 7.031501539051533 8.796006619930267 0.7830021530389786 0 2.488429889082909 92.32788007706404 0.2002415359020233 3.578126966953278 2.630127802491188 0.9227038770914078 0.9672213196754456 0.2553494423627853 0.9938340038061142 0.6899306178092957 0.8667844980955124 306.6158790662885 23.33712810277939 0 0 0.3810239732265472 14.53043568134308 1.027320623397827 27.57738049328327 26.86216613650322 2.933641940355301 7.483119755983353 0.7089322805404663 0.6804922670125961 0.5283791571855545 0 1.10948820412159 0 0.5324750244617462 0.8114178106188774 0.599824994802475 0 199.4110557436943 81.96915608644485 41.77445098757744 1149.439628303051 213.0342132821679 1102.40297883004 309.0162279456854 234.8734378367662 151.5435321033001 24.42297288775444 277.7801007181406 79.40682673454285 2.385821439325809 46.37384335696697 7.298242025077343 76.25932502746582 11.15723653882742 1.279491327702999 9.681233279407024 56.44151791185141 6.094127491116524
