0 2238.556033030152 469.7282051742077 763.3158838152885 304.375442661345 110.8367306888103 2285.584602035582 15.91294644773006 73.33212503790855 2929.58153423667 147.1706619784236 67.59284475445747 145.653698310256 15.15862486511469 0.6051023900508881 0.5371203124523163 0 0 0 0.1411634981632233 0 0 0 0 0.4932060539722443 0.1533101946115494 1.618270978331566 0 0 0 442.5319322198629 0 1.656867265701294 0 0 0.363538533449173 0.1403969526290894 0 0 0 0 0 0 0 0 0 4.159121662378311 1.317215964198112 0.131317675113678 0.1251994073390961 0.72941555082798 0.2667868137359619 0 0 4.505883730947971 9.379852302372456 252.5040141269565 1014.525018952787 14.78151112049818 1.005188666284084 0 0 0 1.11896650493145 8.223975695669651 6.524248085916042 0.5494682714343071 0.1489003896713257 0 0.4632018506526947 4.609372153878212 0 0 121.2126188874245 54.23024281859398 9.066626392304897 1.817114219069481 0.5896517932415009 0.5028964281082153 8.320974439382553 0 0 4.555454812943935 0.6297671794891357 4.599356845021248 5.11345998197794 0.3447201177477837 0 0.7250629141926765 0 0.1068172454833984 0 0 0 0 72.96279719471931 1.173524528741837 0.2784151434898376 0 651.9684069305658 0 0 0 0 0 9.91982589662075 0 0 0.2152800559997559 0 0.08853607624769211 0.3889948427677155 0.381303459405899 1.546548247337341 0 0 0 0 0 0 0 0 0 0 0 0 0 0 0 0 0 0 0 0 0 0 0 0 0 0 0 1.658752888441086 0 0 0 0 0 0 0 0 0 0 0 0 0 0 0 0 0 0 0.1088215783238411 0 0.3607854098081589 0 0 0 0 0 0 0 0 0 0 0 0 0 0 0 0 0 0 0 0 0 0.2114964872598648 0.09622947871685028 0 0 0 0 0 0 0 0 0 0 0 0.5222953855991364 0 0 27.78237935900688 4.371560469269753 55.98724161833525 11.56841654330492 500.1023578420281 5.150951370596886 1.257403142750263 6.434354059398174 0.504945881664753 0.2422274723649025 1.111784286797047 2.741262353956699 0.1014376506209373 0.1853743195533752 0.1471267193555832 0.2564757466316223 0 0
2238.556033030152 0 750.0905055403709 107.4993959665298 3019.772541828454 272.2691847980022 4296.527972027659 41.70261816680431 2196.587992914021 50.18084920942783 1370.443880453706 6.398305177688599 555.7642990425229 730.9335785508156 5.298453956842422 1.793268069624901 0.4539223909378052 0.1524150818586349 0.159295916557312 0.3306346833705902 0.3596672713756561 0 0.3370124250650406 0.4400059282779694 1.755577608942986 1.287308976054192 2.306667909026146 1.247395172715187 0.3969272673130035 0.7041506916284561 3248.923041455448 2.016943268477917 20.69157584756613 0 0.869125060737133 0.1755586415529251 8.474559292197227 1.021891579031944 0.5579045638442039 0.2266452312469482 0.551739938557148 0.8160082399845123 0 0.4873401522636414 0 0.2819310501217842 80.1400450989604 30.43720841407776 2.244348771870136 0.8299544379115105 8.671007007360458 0 0 0.2214641273021698 34.06307113915682 69.27472120523453 222.9361418709159 936.8280851393938 11.00825868546963 30.64420942217112 0.2121163904666901 0 0.521746963262558 30.80519931763411 66.54294026643038 56.04497808218002 16.16304525732994 7.559148371219635 1.137126408517361 1.044576406478882 14.14866800606251 0 0 321.8415992558002 217.3105670958757 137.8172214999795 34.42728851735592 2.563913136720657 1.432944074273109 40.94979926943779 0.4814517423510551 0.7849161699414253 55.06609683483839 2.42019011080265 39.21198424696922 49.73853597790003 11.64114401489496 0 8.814049929380417 0.233990341424942 6.410538360476494 1.408275701105595 4.757314302027225 0.8840062767267227 0.9287360236048698 38.06414730846882 1.234495878219604 0 0 1568.628202781081 0.218446284532547 0.8941998034715652 0.1060684770345688 0 0 18.44040071964264 0 5.630951911211014 0.6995849162340164 3.361192941665649 0.29522505402565 18.10951266437769 8.831984370946884 12.94518971443176 1.809562683105469 0 0 0 0 0 0 0 0 0 0 0 0 0 0 0 0.3620538711547852 0 0 0 0 0.09766446053981781 0 0 0 3.688944205641747 0 0.6986387521028519 0 0 0 0 0 0 0 0 0 1.702535077929497 1.994269818067551 0 0 0 0 0.158219650387764 0 0 0.8079689890146255 0.8462580069899559 0.5973026901483536 0.543778121471405 0 0 0.7326647788286209 0 0.3849480152130127 0.2356077507138252 0.1138797327876091 0.1231202185153961 0 0 0 0 11.05814112722874 0 0 0 0.1754716336727142 0.08210209012031555 0 0.2621728181838989 2.633329197764397 0.1081764549016953 0.1867959946393967 0 0 0 0 0 0 0.6248269081115723 0 0 0 5.174630835652351 0 1.300019294023514 87.17590399831533 37.64531270414591 622.82194147259 82.71787917613983 851.2893395498395 27.41144735366106 15.35377199947834 45.00522911548615 2.159708969295025 1.079570725560188 11.07526249438524 15.52419523894787 6.45294089615345 0.6002767831087112 0.6319217309355736 0.3982981592416763 0.1261446624994278 0
469.7282051742077 750.0905055403709 0 1.87088543176651 1339.458939485252 23.40952494740486 111.7105354741216 4096.903836883605 869.1952937692404 0.8755063712596893 6903.833793081343 4.772963210940361 178.3690350949764 481.1464138552547 47.48134385049343 34.81610801070929 1.6521215736866 5.233430087566376 1.568242087960243 23.34760610759258 74.73985370993614 0.84520623087883 75.3864409327507 93.38994035124779 112.3876112997532 138.12312951684 368.570842012763 77.97569839656353 27.11298558115959 80.57898524403572 4750.808696091175 45.56126043200493 68.33769447356462 2.838021233677864 51.25523014366627 48.11308240890503 33.7985867485404 78.12564322352409 4.498968914151192 18.11344400048256 131.2776235044003 42.70105721056461 18.24232828617096 18.46346714347601 0.9462774693965912 4.795317605137825 70.57914397120476 15.94786978513002 8.990282766520977 19.72831227630377 32.39506619423628 0 0.2873270809650421 13.81701035797596 13.90783492475748 32.41149912029505 73.95084120333195 1065.334433287382 5.47279804199934 19.19422183185816 39.13268467783928 12.36804160475731 13.065225943923 441.2435886338353 33.10945514589548 23.97745430469513 10.25914072245359 8.789068475365639 29.74302763491869 113.8671857714653 23.60049587488174 0.9687713533639908 0 142.7976614534855 253.3543733730912 132.9026679173112 101.9729127138853 65.43575198948383 259.0044275969267 2642.595872163773 37.70237579196692 224.7404738739133 22.55896953493357 1.80419348180294 18.78501452505589 24.23286147415638 7.103442184627056 0 3.88109415769577 0 8.159991435706615 1.549952380359173 159.2194993272424 32.39705657213926 5.374405361711979 9.201182559132576 0.5989226102828979 0 0.3396985828876495 415.202863574028 0 0 0.09268183261156082 0 0 1.705589197576046 0 2.527292318642139 0 0 0 5.187724940478802 2.408433988690376 4.361711844801903 1.016330987215042 0 0 0 0 0 0 0.4321927428245544 0.1701719760894775 0 8.792629614472389 1.282396346330643 0 0 0.1629588901996613 0 30.06754642724991 0.4033461958169937 9.708704829216003 0 0.1976419612765312 0 0 0 0 1.731646537780762 0 1.490991503000259 1.32322596013546 0.1786612719297409 7.908501446247101 2.740334361791611 0 0 0 0 3.133891671895981 0 0.4855492413043976 0 0.6303759813308716 0 0.6946543604135513 37.55645754933357 0.4601636976003647 0 0.3429882675409317 0.6505236998200417 0.3167048171162605 0.1037012860178947 0 0.4090820103883743 1.749197646975517 0 0 0.2853118479251862 0.1500164419412613 0 0.3444240391254425 0.1856753975152969 0.2429726868867874 6.048951923847198 10.69348637759686 1.009958282113075 0 0 1.940050587058067 0.07993058115243912 0.2917200922966003 0.6355051696300507 1.102056257426739 0.1007403284311295 0 0.1064670160412788 0 0.1853551715612411 0.2412091791629791 0 0 0.5005477517843246 1.090095400810242 0 0.5052921772003174 0.4923514276742935 1.634676963090897 4.040160924196243 184.7585195079446 62.90228733420372 331.4526648372412 61.12580667436123 180.7002696990967 21.29640652239323 8.738605178892612 83.99715232104063 3.314236685633659 0.3693581894040108 6.809722326695919 10.0005775988102 7.142461031675339 0.259313553571701 0.3563844710588455 0.6474369764328003 4.448062434792519 1.332428991794586
763.3158838152885 107.4993959665298 1.87088543176651 0 46.86357715725899 339.7087202519178 1129.462950527668 0 46.0116246342659 879.482721015811 0.5017002522945404 20.35968753695488 92.50633123517036 3.026282995939255 0 0 0 0 0 0 0 0 0 0 0 0 0 0 0 0 25.03072734177113 0 0 0 0 0 0 0 0 0 0 0 0 0 0 0 3.692855983972549 1.464559331536293 0.1407053619623184 0.1832221895456314 0 0 0 0 2.670817241072655 4.523371450603008 27.75571967661381 71.08112563192844 2.777015835046768 1.775086358189583 0 0 0 0.3180982768535614 3.377223551273346 3.662999145686626 0.8951548859477043 0.6715924963355064 0.1307648867368698 0 0 0 0 26.53372249007225 13.11372916400433 5.339290291070938 0.9262869358062744 0 0 0.1526689678430557 0 0 2.89209496229887 0 2.76491840928793 3.66719126701355 0.4346052259206772 0.2212926000356674 0.5348272398114204 0 0.5949591994285583 0.1228686794638634 0 0 0 3.309646964073181 0 0 0 233.229609310627 0 0 0 0 0 6.224718570709229 0 0 0.2695532143115997 0 0 0 0 0 0 0 0 0 0 0 0 0 0 0 0 0 0 0 0 0 0 0 0 0 0 0 0 0 0 0 0 0 0 0 0 0 0 0 0 0 0 0 0 0 0 0 0 0 0 0 0 0 0 0 0 0 0 0 0 0 0 0 0 0 0 0 0 0 0 0 0 0 0 0 0.1049474477767944 0 0 0 0 0 0 0 0 0 0 0 0 0 0 0 17.04685689508915 3.494781784713268 42.89883509278297 6.4112833365798 218.9911003410816 1.245612606406212 0.4655748605728149 2.89768373966217 0.1324880421161652 0.2399036586284637 0.8470184355974197 1.167652308940887 0.1652584671974182 0 0.1030283570289612 0 0 0
304.375442661345 3019.772541828454 1339.458939485252 46.86357715725899 0 54.54486154019833 794.488256841898 37.74704103171825 11803.41714496911 103.3741045892239 900.4226121902466 7.861769571900368 830.3723490089178 3249.325146883726 9.539193123579025 0.966060183942318 0.3609763532876968 0.1716045290231705 0 0 0.2925938963890076 0 0.2353123277425766 0.1341513842344284 0.875837430357933 1.892666831612587 1.612655758857727 0.3691165298223495 0.4102969765663147 1.431408509612083 1354.053640589118 1.512048594653606 13.61215336620808 0 0 0.2151432484388351 2.437946699559689 0.5244579613208771 0 0.2468277961015701 0.2297052294015884 0.9207787439227104 0 1.172118335962296 0 0 82.94617623835802 28.59934654831886 2.18999720364809 1.504536360502243 11.0443499982357 0 0 0.7344783321022987 19.18870694935322 39.46410012245178 53.4097908437252 225.8749980777502 5.52678956091404 32.64906225353479 0 0 0 35.97076591849327 53.11587527394295 44.94448721408844 16.83866593241692 9.578251674771309 0.9141801670193672 1.427757203578949 12.77476133406162 1.708812117576599 0 173.4029623419046 135.7733548656106 145.2812483981252 46.79141912609339 5.126396656036377 0.3392463028430939 33.46008896827698 0.6182618141174316 0.7385983467102051 38.79667750000954 1.367998912930489 36.12755919992924 37.88441364467144 13.24412766844034 0.1019640490412712 6.207178041338921 0.170682966709137 7.163730688393116 1.831950001418591 4.291600003838539 1.074115894734859 1.685491725802422 80.55410888791084 0 0 0 184.782445423305 0.4405680820345879 2.081446506083012 0.2066102996468544 0 0.3734156563878059 26.25924926996231 0 13.62595599889755 5.854270830750465 4.902136102318764 1.0055086389184 44.5946266874671 24.38243018090725 35.53655722737312 4.692085586488247 0 0 0.2796516418457031 0 0 0 0 0 0 0 0 0 0 0 0 0 0 0 0 0.5061873197555542 0 0 0 0 3.62531016767025 0 1.248952701687813 1.219208866357803 0 0 0 0 0 0 0 0 1.979299709200859 2.353226602077484 0 0 0 0 1.174475282430649 0 1.439550921320915 0.2619148269295692 0.6609726995229721 0.6648188009858131 0.4222668707370758 0 0 2.416469484567642 0 0.5000942349433899 0.9095584601163864 0.2301211059093475 0.3690496683120728 0 0.1293046474456787 0 0.157725915312767 26.67325967550278 0 0 0 0 0.7720660865306854 0.3460619747638702 0 5.265999294817448 0.879585362970829 0.6915212571620941 0 0 0.3089118748903275 0 0 0 0.26236692070961 0.4097718149423599 0.3035568967461586 0 16.85219515860081 0.376638799905777 1.783653765916824 123.005366653204 38.12921279668808 758.8893355578184 84.9987169355154 466.8849721848965 31.63417678326368 15.68153215944767 63.62058532238007 2.709674313664436 1.001311182975769 16.23734278231859 13.61161370575428 19.86403320729733 0.4865644574165344 0.5017847046256065 0 0.7662889063358307 0
110.8367306888103 272.2691847980022 23.40952494740486 339.7087202519178 54.54486154019833 0 889.8117689788342 0.5422830581665039 127.0642772912979 1703.135027378798 16.65480720251799 553.3583187013865 1015.878573805094 126.0342610776424 0.6734971553087234 0.8525544852018356 0 0 0 0 0 12.32859084010124 0 0 0 0 0 0 0 0 13.47683236002922 0 48.44305855035782 0 0 0 31.82571312785149 0 15.11133381724358 0.8114948868751526 0 0.2609443664550781 0 0 0 0 1.752420663833618 0 0 0 1.230858743190765 108.1730453521013 5.271048367023468 0 0 0.5518626868724823 347.3383475989103 74.82896201312542 28.74461933970451 0.2108134776353836 0 0 0 0 0.245922677218914 0.2600189000368118 0.5998132228851318 0 0 0 403.4501871466637 373.1706771850586 81.16196440160275 9.068743601441383 0.5492322593927383 0.4598193615674973 0 0 0 20.82881163060665 0.8692777752876282 1.918438270688057 0.4920360296964645 3.71972082555294 0.8424170091748238 2.868380852043629 0 26.97738666832447 11.27879293262959 70.46514011919498 17.1495805978775 35.22646200656891 0 0.449829638004303 0.6382986158132553 979.6412846148014 108.5858265310526 121.8936435431242 20.88004624843597 348.8012691289186 0 0 0 0 0 8.004854157567024 0 0.4449007213115692 2.103138208389282 1.088049218058586 0 1.636529147624969 1.695233196020126 0.5098865628242493 0 0.3054424524307251 0.2060294300317764 0 0 0 0 0 0 0 0 0 0 0 0 0 0 0.1958248317241669 0 0 1.892730712890625 0 0 0 0 1.921904310584068 0 0.5485315918922424 2.239486336708069 0.3702475428581238 0 0 0 0 0 0.4258925318717957 0 0 0 0 0.5116194486618042 0.2941599786281586 0 0 0.1700579673051834 0 0.4853555262088776 0 0 0 1.202571243047714 0.2960830926895142 0.6114407181739807 0 0 0 0.3615174740552902 0.3223645091056824 0.1571998596191406 0.3233896791934967 0.1978353410959244 0.2019671648740768 5.690481171011925 5.070270225405693 0.2017250061035156 0.1818037331104279 0.8450670689344406 0 0 0.9622165560722351 0 0 0 0 0 0.3684106767177582 0.3551612198352814 0 0 0 0.6648147702217102 0.2227010875940323 0.4067522585391998 0.7114392518997192 2.7302485704422 7.876222565770149 24.47002880275249 0 3.823293104767799 0.1956466883420944 208.090860709548 3.831019729375839 0.1802496165037155 2.044181853532791 1.235404938459396 0 0.8931115493178368 0 1.744129240512848 0.3720069825649261 0 0.1980906128883362 0 0
2285.584602035582 4296.527972027659 111.7105354741216 1129.462950527668 794.488256841898 889.8117689788342 0 5.399622678756714 1576.911852017045 2409.367008984089 276.0938699021935 40.08267323672771 6286.121865779161 522.3466369137168 38.63888143002987 6.88545473664999 1.171555109322071 0.5417806506156921 0 0.9056149572134018 0.7211551368236542 0 0 0.1525508910417557 0.3820555210113525 0.3672405406832695 1.343323394656181 0.8783065229654312 0.6390124559402466 0.7981158345937729 513.4386543631554 2.018704518675804 18.25514687597752 0 0 0 8.695291563868523 0 1.328848235309124 0 1.340841524302959 0.276481881737709 0.1193163320422173 4.580722808837891 0.4525723904371262 0.6639608442783356 243.0181227549911 84.75533610582352 6.555181190371513 1.587921060621738 32.28006903082132 0 0 0 54.36324906349182 115.8676068410277 229.7042671144009 531.4134449064732 23.44209888577461 105.3036103323102 0.8378549814224243 0.2903444766998291 0 90.25605993717909 145.8797925636172 133.8691695928574 34.84346424043179 23.78872970491648 3.804927460849285 1.027060151100159 43.32900223135948 1.781405568122864 0 502.8445665091276 347.7611714750528 405.1323029622436 147.8297970145941 44.5256332680583 0.7597297877073288 20.17498927563429 2.801500335335732 3.255144499242306 107.8409847468138 2.713836066424847 97.28796477615833 103.452927082777 36.56320256739855 0.7636280953884125 20.22515369206667 0.3030533790588379 20.39686845242977 3.376087874174118 3.739517793059349 3.800533145666122 3.490323752164841 625.3932954519987 0.7355853319168091 0 0.1941886097192764 821.7090371549129 1.167713418602943 8.270649895071983 5.410163961350918 0 1.648090653121471 139.6405210271478 1.973511904478073 81.84862284362316 29.97436141967773 43.92892341315746 4.40587905049324 300.2842080071568 144.8856938332319 164.0983194261789 20.70549650490284 1.154922410845757 0.3426109850406647 0 0 0 0 0 0 0 0 0 0 0.1164542213082314 0 0 0 0 0.1596510410308838 0 3.372740462422371 0.2306332588195801 0 0.7486656904220581 0 40.52871233224869 0 9.856381013989449 2.415884830057621 0 0 0 0 0 0 0 0 5.013542987406254 9.680330947041512 0.1700988560914993 0 0 0 0 1.563370481133461 2.093380868434906 1.19159634411335 3.125691168010235 6.267697930335999 0.2302799224853516 0 0.2736091613769531 11.7345367372036 0 1.981204770505428 2.746914677321911 1.106003567576408 0.6561963334679604 0 0.4647531285881996 0.1965465247631073 0.3683248907327652 162.8729382604361 0.9310506284236908 0 0 0.156506136059761 2.072830453515053 0.4405111074447632 3.192078679800034 15.73608376085758 2.539134860038757 4.562950238585472 0.3377391695976257 0.3747364282608032 2.003484778106213 0.1772898137569427 0 0 0.9365965276956558 0.1980684250593185 0.2673458084464073 0 108.1885285377502 8.633829653263092 12.54538744688034 380.2951120659709 87.43064098805189 1953.679330140352 268.6574939638376 2138.083741180599 102.2541298344731 41.27229068428278 195.2565957605839 13.76445010304451 2.107391513884068 59.96641261130571 42.00295930355787 100.0130120590329 8.859496049582958 1.205690070986748 2.573098555207253 4.452231965959072 0.7893607020378113
15.91294644773006 41.70261816680431 4096.903836883605 0 37.74704103171825 0.5422830581665039 5.399622678756714 0 54.5156737267971 0 2761.597322650254 0.7431980669498444 54.1874173283577 253.7996349483728 30.73695870488882 20.4026020616293 1.086570583283901 3.847736895084381 2.419821098446846 30.91924569010735 63.95735669136047 0 31.86993084847927 31.90591372549534 52.55358877778053 32.1049489825964 114.610606059432 29.23924140632153 12.41218830645084 27.65156029164791 1594.343769870698 1562.674582861364 23.58167200535536 3.291229948401451 16.83019541203976 24.2052448540926 25.35477191954851 42.26537165045738 2.791034385561943 9.574543550610542 55.46411798894405 10.06957957148552 12.74430085718632 42.55442079901695 1.215783253312111 18.76491078734398 85.77726512402296 11.25631352514029 1.522562310099602 7.498592287302017 8.325013309717178 0 0 9.416594564914703 8.293523609638214 14.39342451095581 30.91707828640938 247.9764013364911 3.496077328920364 21.96345099806786 133.0820114091039 4.361704215407372 14.45795330405235 652.7453255653381 15.79629730433226 14.05782389640808 5.832045190036297 4.859572798013687 10.7025091573596 51.20567377656698 5.4642214179039 0 0 92.51819212734699 175.5298601388931 127.3577910065651 164.06986900419 1143.328674435616 1462.817559882998 2372.027382768691 365.129666224122 595.2047725766897 14.37279558926821 0.3742022588849068 10.86038359999657 11.86392772197723 5.895898632705212 0 2.398740693926811 0 3.819211669266224 0.8917715027928352 58.70715514570475 9.78802040964365 7.763731144368649 4.486767590045929 0 0 0 28.629758477211 0.1836935877799988 0 0.1118956506252289 0 0 0.2077034115791321 0 0.08161666244268417 0 0 0 1.810177318751812 1.053725123405457 1.197259768843651 1.084440231323242 0 0.2034198790788651 0 0 0 0 0 0 0 0.582407534122467 2.330801144242287 0 0 0.4018630236387253 0 8.926461741328239 0 0.8384648710489273 0 0 0 0 0 0 3.005724281072617 0 0.3695716559886932 1.049977660179138 0 2.688060581684113 1.65729808807373 0.674460768699646 0 0 0.2746108174324036 2.119956165552139 0.7082952857017517 0 0 0 0 0 12.27183309197426 0 0 0 0 0 0 0 0 0.8297394663095474 0 0 0.1607567816972733 0 0 0.2532017529010773 0 0.1039482727646828 0.8117197453975677 4.290601685643196 0 0 0 0.7022419720888138 0 0 0 0.199659675359726 0 0.1603318154811859 0 0 0 0.1821247339248657 0 0 0 0.8357378542423248 0 0 1.627996802330017 1.19626122713089 0.9742177128791809 102.3259057253599 23.12699826061726 282.1192296370864 27.98120759427547 58.72993384301662 11.35704126209021 3.102158032357693 39.7767593935132 0.4566782563924789 0.2311310395598412 2.960685886442661 2.508117020130157 0.9008244797587395 0.5070274919271469 0.2575017139315605 0.6606458723545074 0.1503279060125351 0
73.33212503790855 2196.587992914021 869.1952937692404 46.0116246342659 11803.41714496911 127.0642772912979 1576.911852017045 54.5156737267971 0 234.1647374778986 1745.202675625682 53.84787578880787 1614.254721023142 2520.605177946389 95.77532272040844 18.93102675676346 0.8624974638223648 0.5692942291498184 0 0.5783253908157349 1.270073562860489 0 0.226721778512001 0.3790260553359985 1.51618580520153 0.9168340489268303 3.548022031784058 0.7569705322384834 0.9820455759763718 1.637762062251568 458.8893155604601 7.487949520349503 56.02986820787191 0 0 0.3055521994829178 21.10008676350117 0.4945646226406097 0.7338755130767822 0.8303789794445038 1.06708075851202 1.944326512515545 0 10.49484927207232 0.4819510877132416 0.9325674027204514 326.5964692309499 45.34139660745859 4.486448742449284 1.729053109884262 19.74358671158552 0 0.2491563558578491 1.190179035067558 21.81060194224119 46.64307126402855 90.37177182734013 132.3317215070128 25.35236388444901 93.99940599501133 0.4765161424875259 0 0 83.25426833331585 65.47915662825108 66.24152415245771 19.82827758044004 13.957454405725 1.772156462073326 3.055945493280888 54.85519231855869 1.205061167478561 0.09942770004272461 321.3422410562634 161.756959810853 394.9152847975492 221.4358314797282 108.69521895051 4.395574815571308 44.65545269101858 2.84525615721941 2.344122797250748 56.7713258266449 1.829920679330826 56.58343953639269 47.2881490662694 23.92460222542286 0.1293285191059113 10.82117577642202 0.351400189101696 15.49026964604855 3.460554599761963 3.958142034709454 2.518842697143555 1.924703754484653 463.1913606673479 0.7550163567066193 0 0 103.3069498315454 0.6664861515164375 5.585154354572296 1.319418869912624 0 0.9136892557144165 135.1494305804372 1.263878241181374 99.12551430612803 28.06468579173088 35.31745117902756 3.210226193070412 289.2038276046515 142.8862769752741 193.0489027127624 36.48792710155249 0 0 0 0 0 0 0 0 0.08332300931215286 0 0 0 0 0 0 0 0 0 0 1.513088919222355 0.330513559281826 0 0.2966638505458832 0 41.13728518038988 0 8.719936192035675 1.709924131631851 0.1113668605685234 0 0.4928107708692551 0 0 0 0.6528192162513733 0 7.480000823736191 15.99474248290062 0.1521109491586685 0 0 0 0.4601512551307678 0.6165227666497231 2.081709533929825 0.5947508215904236 3.746492594480515 3.637557566165924 0.2541881054639816 0 0.9084473252296448 24.28314211219549 0 5.036016784608364 5.188387356698513 0.8710390627384186 0.7348822578787804 0.1780509203672409 0.1613763570785522 0 0 196.6519296839833 0.7377732992172241 0 0 0.3677583485841751 4.838093996047974 0 2.620482556521893 9.697519354522228 3.037730224430561 4.396105453372002 0.7412393093109131 0.1232702806591988 2.233252763748169 0 0 0 0.7407712042331696 0.6224232092499733 0 0 101.3797345757484 8.905266761779785 14.5899150967598 704.2566867694259 64.04060363024473 2175.512570336461 260.8715714886785 795.6856464669108 169.9987486377358 25.7792466506362 428.5970130041242 16.69939359277487 1.019598618149757 54.32785978913307 28.7003742903471 89.94105812162161 9.725759588181973 1.691198945045471 9.282790906727314 6.841106504201889 1.166847974061966
2929.58153423667 50.18084920942783 0.8755063712596893 879.482721015811 103.3741045892239 1703.135027378798 2409.367008984089 0 234.1647374778986 0 3.458332747220993 1298.887228235602 8074.108615085483 162.2315275669098 0.8120446354150772 0.164504811167717 0 0 0 0 0 0 0 0 0 0 0 0 0 0 27.63094475865364 0 9.514413416385651 0 0 0 4.221357271075249 0 0.1681504994630814 0 0 0 0 0 0 0 4.332896009087563 0.9436203241348267 0 0 0.5051895156502724 0.219018280506134 0 0 1.829918816685677 4.295715630054474 198.0481755062938 206.9752115756273 15.38327915966511 2.573096215724945 0 0 0 0 3.807512320578098 4.155606344342232 0.6557429358363152 0.1458014994859695 0 0 25.13559612631798 0.2102025300264359 0 53.23155650496483 25.01624332368374 5.559252463281155 1.83134850859642 1.466100439429283 0 1.624623119831085 0 0 3.4441197514534 0.3264190852642059 3.350812472403049 3.824424803256989 0.3494483530521393 0 0.558787614107132 0.2485533505678177 0.3466353565454483 0 0 0 0.1119822189211845 673.1235340237617 0 0.2537790536880493 0.9156065583229065 1601.261454507709 0 4.309628397226334 1.802833259105682 0 0.1741659343242645 62.03998558223248 2.738563641905785 27.94690236449242 10.49518014490604 22.11159463226795 0.8526220321655273 110.3510253578424 52.6481476277113 80.92543679475784 4.98239853978157 0.2665089070796967 0 0.4163596034049988 0 0 0 0 0 0 0 0 0 0 0 0 0 0 0 0 0 0 0 0 0 9.096875190734863 0 0.3996043875813484 0 0 0 0 0 0 0 0 0 3.113088309764862 2.261489257216454 0 0 0 0 0 0 0.2019005864858627 0.1135357096791267 0.1162590906023979 0.8399771749973297 0.7144690752029419 0 0 3.580978915095329 0 0.9493498951196671 0.7508069053292274 0.2900666370987892 0.1084117665886879 0 0.1252297163009644 0 0 36.17334966361523 0.3676490187644958 0 0 0 0.4748420864343643 0 0.805501401424408 3.856269061565399 0.1753765791654587 1.636078283190727 0.2313675433397293 0 0.3784367069602013 0 0 0 0.1408034563064575 0 0 0 34.90618573129177 3.755400538444519 0.7229067385196686 197.5269390791655 2.811488032341003 37.67889738827944 5.529403664171696 1173.442541733384 2.259047284722328 2.036345362663269 6.525214567780495 2.401113405823708 0.4177102595567703 12.10115214437246 2.744631454348564 23.86698716878891 1.248962514102459 0 0.6959347128868103 0 0
147.1706619784236 1370.443880453706 6903.833793081343 0.5017002522945404 900.4226121902466 16.65480720251799 276.0938699021935 2761.597322650254 1745.202675625682 3.458332747220993 0 20.40444871783257 2754.806004106998 3901.568894848228 233.9876669645309 113.6026193499565 4.09397929161787 1.276111222803593 0.9881294369697571 4.019012436270714 7.138931013643742 0.8896704167127609 4.057676136493683 12.13887279480696 39.48825385421515 28.51767981052399 99.32589161396027 30.50049032270908 35.52056020498276 41.49631142616272 2139.353649072349 253.6926294118166 495.9098949059844 1.024126321077347 4.209126569330692 8.411173582077026 240.6736854612827 36.43419139832258 24.08559323847294 31.59056124836206 13.32921773195267 17.47737247496843 4.829422302544117 57.79186979681253 1.072837226092815 4.391171216964722 344.0648326128721 54.31374514102936 5.757367871701717 5.629150085151196 27.11804466694593 3.287477388978004 0.7033136039972305 22.65891671180725 24.80934067815542 56.58662479370832 81.3671869635582 357.2737160474062 19.94024627655745 103.8914141729474 11.13776958733797 7.712349466979504 1.791515216231346 276.0927666351199 81.99617643654346 75.56870902329683 25.34592735022306 14.39771334081888 6.603977181017399 12.99911398440599 139.9639258161187 2.900384545326233 0 307.5859556943178 276.9712734818459 579.7477273344994 456.2230718880892 372.0947320833802 211.8516307622194 433.6151781603694 27.35533671826124 11.52471123635769 64.27684257179499 2.094753727316856 61.6892813667655 57.73121242970228 24.26511412858963 0 14.51554973423481 0.3569183647632599 20.68775518238544 3.943879008293152 24.94842210412025 11.09254620969296 11.9026145786047 76.67630880326033 0 0 0.9123725742101669 146.2758922427893 0.1117938607931137 0.3250681161880493 0 0 0 16.25855612009764 0 11.08468808233738 1.968554697930813 5.190477430820465 0 23.38234519213438 13.86830821633339 14.88876906037331 6.716709434986115 0 0.4768635928630829 0 0 0 0 0 0.2343115955591202 0 1.287516236305237 1.564110919833183 0 0 0 0.1286841630935669 4.94143158197403 0 2.273403242230415 0.1361133903264999 0.431222602725029 0.206433117389679 0 0.1514027267694473 0 10.0280389264226 0.116742730140686 2.773370414972305 3.4136006757617 0.287140429019928 0.9467862397432327 1.246197491884232 0 0 0.1528953164815903 0.3992146104574203 0.235392838716507 1.861016690731049 0.7502595633268356 0 0 1.098026677966118 1.785211473703384 4.484601184725761 0 0.1287531703710556 0.3724700659513474 0.7070193812251091 0.4770234525203705 0.1305397599935532 0.1645636856555939 0 5.081753566861153 0.09648194164037704 0 0.5998843759298325 0.3572659566998482 0.1254035532474518 0.4922331422567368 0.4743616804480553 0 0.2622704431414604 38.00593117624521 1.197150900959969 0 0 1.000122509896755 0.2486725002527237 0 0.6531092822551727 2.81557485461235 0.604700542986393 0.8385484367609024 0.1529050767421722 0.1557970494031906 0.1224796324968338 0.147908627986908 0 0 0.9451258108019829 0.7284326478838921 0.1368938386440277 0.1168714016675949 15.80684334039688 3.91933935880661 9.052921913564205 471.1592952013016 83.7929315045476 1429.347739852965 262.7102526798844 370.0101659148932 115.9405848532915 21.62966886162758 396.5759021416306 5.306106276810169 1.946757696568966 20.42744888365269 24.03807387501001 13.30178088694811 2.878534942865372 0.9221024662256241 2.939849711954594 8.328356489539146 1.119764566421509
67.59284475445747 6.398305177688599 4.772963210940361 20.35968753695488 7.861769571900368 553.3583187013865 40.08267323672771 0.7431980669498444 53.84787578880787 1298.887228235602 20.40444871783257 0 2532.90199843049 72.24205513298512 15.54841815680265 14.39807630330324 1.997751042246819 0.1847337782382965 0.162352055311203 0.8054077476263046 0.3826781213283539 3.406744793057442 0 0 1.886699840426445 0.3274863362312317 2.368071138858795 1.446308746933937 11.73653933405876 1.801055088639259 4.390872128307819 0.28090800344944 17.66122950613499 0.1695140302181244 0.2381433099508286 0 155.5401045009494 0.3384424895048141 78.84657496213913 18.6838189214468 1.012342542409897 0.6702248603105545 0.3354353457689285 7.134260684251785 0.1580725461244583 4.690776690840721 15.22384896874428 0.6131493300199509 0 0.2499995976686478 1.36026094853878 5.479009471833706 18.03443789482117 2.414732426404953 1.192150756716728 1.748447269201279 41.97220399975777 16.39577180147171 2.693272307515144 2.73779533803463 10.18868578970432 2.110951319336891 0 3.817970916628838 2.467444188892841 2.056152813136578 0.3496559113264084 0.6596666723489761 0.4394618272781372 0.0864894837141037 143.79826579988 86.79916036128998 1.063332706689835 14.73599547892809 7.473295353353024 16.32274378091097 14.84933006763458 5.52060766518116 0 10.90600828826427 5.302185729146004 10.88481478393078 3.108705811202526 0.1244768872857094 1.300578489899635 1.659219823777676 0 0.3018677532672882 1.231327936053276 1.623091340065002 1.093605615198612 1.107200227677822 0.3234140872955322 0.1481868028640747 0.425124280154705 1786.459153354168 26.05537059903145 1.452893033623695 33.86863040924072 276.0583066642284 0.1397868692874908 0.8887908160686493 0 0 0.4847644567489624 44.03092219680548 0.8103082925081253 22.18684946000576 4.586141705513 10.48060622811317 2.683110520243645 107.9781315326691 56.27609257400036 106.3801636695862 19.17416702955961 0.5293071419000626 1.539624571800232 0 0.1975773870944977 0 0 0 0 0 0 0 0 0 0.2754999995231628 0 0 0.83035047352314 0.2020251005887985 0.1830664724111557 1.007857874035835 0 0 0.2941401302814484 0 49.04533988237381 0.647625058889389 12.82922699302435 12.88621135801077 1.013396583497524 0 0 0 0 0.740983173251152 1.591116219758987 0.590448409318924 3.532208636403084 10.36244575679302 0.4490036368370056 0.3563159704208374 0 1.9311513453722 0 0.2954934388399124 0.6599951833486557 0.106269970536232 0.1056977361440659 1.63793708384037 0 3.585406698286533 2.957578167319298 20.31237460672855 0 1.5212312489748 2.125868014991283 0.8400253877043724 0.3255811855196953 0.5474933832883835 0.2311452329158783 0 0.3087058663368225 186.0468686819077 12.7198950201273 0 0 0 3.952147454023361 0.9067292809486389 5.593388706445694 4.408984281122684 0.3686009347438812 3.321661412715912 0.1979465484619141 0.4891771972179413 0.8311386406421661 0 0.2411084324121475 0 0.1247053369879723 0 0 0 82.80447207391262 26.79460947215557 43.65094121545553 144.8820387944579 5.956200584769249 106.2814947068691 15.74329897016287 369.8166527226567 11.32789934426546 2.37433484941721 43.38879288733006 8.86581040173769 0.8468631058931351 32.65436425805092 4.614642761647701 44.11987191438675 8.733051873743534 0.1692975461483002 5.953456863760948 0.7737177684903145 0.1513072699308395
145.653698310256 555.7642990425229 178.3690350949764 92.50633123517036 830.3723490089178 1015.878573805094 6286.121865779161 54.1874173283577 1614.254721023142 8074.108615085483 2754.806004106998 2532.90199843049 0 2420.105846941471 248.8221396580338 147.3958637416363 13.48745653778315 1.431120179593563 0.9925564080476761 9.016459509730339 4.299128711223602 20.13505302369595 0.5335698872804642 1.604178458452225 7.386071622371674 4.103338286280632 20.85508863627911 10.73967233300209 119.7444965690374 11.20265837013721 66.18398935347795 8.132872678339481 434.8144473731518 2.956496089696884 0.4687162712216377 0.1182467117905617 387.9665377736092 3.512663118541241 182.2396693751216 111.3917815089226 6.806519739329815 5.564462386071682 1.462855197489262 76.7328904569149 5.120551273226738 24.24280254542828 218.281096406281 18.30617918074131 3.079767882823944 1.191723823547363 10.65583084523678 21.84820380061865 68.40944334864616 40.21003190428019 11.06660903245211 22.35346902906895 104.6115485802293 60.20905134826899 13.10725630074739 47.87718899548054 69.38111631572247 12.29978783428669 5.406393736600876 59.96895173937082 27.64842927455902 26.66251499950886 9.785353355109692 6.221105381846428 2.587684512138367 5.00547681748867 511.3020563647151 214.2546246647835 0.1534279435873032 136.9697396233678 87.36373548209667 333.7638001441956 296.226219907403 179.7016828507185 4.772397890686989 115.8654707223177 27.38465688377619 43.51751552522182 20.76711431145668 0.6862595900893211 21.3316992148757 20.82842679321766 9.725421398878098 0.2218375653028488 4.479187086224556 2.311441317200661 7.934422589838505 5.835746057331562 3.959322035312653 4.192324705421925 8.574006654322147 5268.064036533237 32.09525425732136 0.85921910405159 42.16665428131819 480.1603903919458 2.448149174451828 7.607633650302887 2.829083032906055 1.168438673019409 1.744619190692902 263.8421835973859 2.77819687128067 146.9473724886775 102.8159617781639 60.25588338077068 5.040564015507698 539.3847501426935 308.8676083534956 352.3179850131273 104.2109837830067 3.527548611164093 4.27535018324852 0.5507376790046692 1.471555486321449 0.1601311862468719 0 0 0.1926351636648178 0.621256411075592 0.2374273389577866 0 0 0.4262862876057625 0.4088138937950134 0.4351484403014183 1.706892818212509 1.595487266778946 1.080416977405548 1.370524883270264 5.068328641355038 0.3795425295829773 0.2561156153678894 4.770355045795441 0.5324617177248001 155.4211860671639 1.485813930630684 63.18260058760643 63.16011889278889 3.881407901644707 0 0.4987348616123199 0.2997062206268311 0.3454189896583557 1.047611027956009 10.72746625542641 0 14.45099096000195 31.4809387922287 1.814010731875896 0.1427344977855682 0.1708046346902847 11.62649700045586 4.044813349843025 1.829178377985954 3.627472929656506 2.179503887891769 7.972082376480103 11.43390902131796 1.311164438724518 11.21247215569019 14.16997954249382 100.4883526414633 0.1697113066911697 6.799024395644665 8.359721727669239 2.949993662536144 2.618481799960136 0.6743025034666061 1.280325077474117 0.402696467936039 0.9978048503398895 805.9631961137056 40.90118445456028 0 0 0.3481718450784683 9.486850872635841 5.317061856389046 24.67429491877556 29.34846096485853 5.237757749855518 15.75529146194458 0.510305181145668 2.736651837825775 3.71797002851963 0.322198674082756 0 0 0.9669725373387337 0.7199895232915878 0.1605600118637085 0 401.0653160363436 145.0496160686016 154.1220204383135 793.2729294970632 76.33184152841568 1047.999249979854 252.1342847123742 1425.48053894192 127.2533121630549 17.27894616872072 571.6970920562744 30.14774588495493 4.029813781380653 108.4995144829154 32.86272838711739 195.6284409686923 24.99850936979055 1.912892393767834 20.40816976875067 17.2355775386095 0.8578435331583023
15.15862486511469 730.9335785508156 481.1464138552547 3.026282995939255 3249.325146883726 126.0342610776424 522.3466369137168 253.7996349483728 2520.605177946389 162.2315275669098 3901.568894848228 72.24205513298512 2420.105846941471 0 242.6366956681013 157.9937681183219 11.56503162533045 3.500201046466827 0.3952437192201614 2.634624384343624 3.059407860040665 3.720299571752548 3.664556592702866 7.914721742272377 55.95272050052881 49.71819996833801 140.430820196867 53.47939234972 89.40241646766663 68.01024071872234 149.4284158870578 24.28380654007196 2384.431142121553 2.112352102994919 2.455370768904686 20.6815742701292 1452.089669987559 79.89177019149065 97.15651641786098 91.40498735755682 11.03301443904638 37.75019145011902 1.288395151495934 69.96690811961889 3.101611822843552 15.12310656905174 248.4390282481909 21.06392224133015 3.966593690216541 4.026337295770645 13.20737029612064 4.08565715700388 2.322158604860306 53.55673617124557 10.91396629065275 22.79668136686087 42.50098022073507 66.53702930361032 13.2934332638979 55.76255712658167 42.43817391246557 37.18983562290668 3.43878410756588 99.61241240799427 29.64391457289457 29.45414093136787 11.19450300186872 10.02722075581551 4.187743946909904 6.813537515699863 583.292855925858 14.38338221609592 0 139.2427408248186 112.2580817118287 376.1663896739483 356.5131106972694 213.102355517447 129.9841462671757 273.9674705415964 29.52737402915955 41.00053329020739 25.79669499397278 1.052389822900295 21.14425417780876 20.02860574424267 9.492454640567303 0 4.866548269987106 1.534111469984055 9.153912976384163 5.273957818746567 16.96175152808428 9.474011614918709 24.14982699602842 568.4173522144556 1.037838578224182 0 4.715999513864517 68.86474373936653 0.2064847052097321 1.491505533456802 0.2685475647449493 0 0.376395508646965 72.04364897310734 0.5513848885893822 44.68822312355042 13.4026702940464 14.24996784329414 1.311750948429108 154.6538275331259 85.98751589655876 100.2343005985022 28.60277643054724 0.6425250768661499 0.8693491742014885 0.3087636828422546 0.3056804239749908 0 0 0.8303617238998413 0 0 0.373101681470871 0.83779576420784 0 0.5800969079136848 0.31430684030056 0.2525176182389259 1.568561270833015 0.8073164969682693 1.841900333762169 0.1448918133974075 1.654912240803242 0 0.714558407664299 0.8486281633377075 0 48.12117606401443 0.5479494482278824 13.60111103206873 11.13394366949797 3.163396194577217 1.225146114826202 1.13136699795723 0 0 0.3986364454030991 2.508886851370335 0.7199102938175201 5.644629165530205 7.700966209173203 0.1540407538414001 0.1674938797950745 0 2.629841782152653 8.393322542309761 0.5360485166311264 0.7835652977228165 0.6421014443039894 2.611452393233776 3.799820028245449 0.1787703782320023 1.489062488079071 2.913527444005013 30.23161727190018 0 2.259661480784416 2.482865490019321 1.023719877004623 0.2039042413234711 0.8580152988433838 1.122751832008362 0 0.7669877409934998 200.4608055055141 2.548570826649666 0 0 2.461072281002998 3.611826226115227 0.2130201756954193 4.934943467378616 7.299793861806393 1.289118073880672 3.323274433612823 0.209840402007103 1.44323904812336 1.16077833622694 0 0 0 0.4927960112690926 1.339138232171535 0.116919219493866 0.4654069393873215 100.9770451486111 22.51408516615629 39.21339114755392 703.7544217333198 63.12232318520546 1031.785072855651 204.2057440653443 559.1247472763062 92.23310858756304 15.14610109478235 469.1931193470955 16.1935266032815 1.963683366775513 35.40450476109982 15.27384889125824 55.41657098382711 9.07722681760788 0.6630856320261955 6.998970039188862 13.38985021412373 2.346877485513687
