0 3570.010856829584 920.2071417421103 1386.746773764491 220.5014751330018 11.03653240203857 731.1851874217391 252.8552408590913 74.21339401602745 340.3538761362433 813.5250633582473 19.50935363024473 44.58566088229418 69.48088812083006 3.61884979903698 0.8212784379720688 0.09877649694681168 0.126623123884201 0 0.2132477983832359 0 0 0.1016313582658768 0 0.1412205547094345 0 0 0.1177316233515739 0.07980203628540039 0.1038398891687393 639.2423792555928 87.89417594671249 2.095913395285606 0 0 0 0 0 0 0 0 0.0926043912768364 0.1033512577414513 0.08614645898342133 0.09818372130393982 0.1044041663408279 6.092271789908409 3.007722452282906 0.3513655662536621 0 0.8257447779178619 0.2262372300028801 0.1775206029415131 0 4.8368229418993 3.519624747335911 490.5927504599094 667.78786958009 6.200447700917721 3.460823945701122 0 0.4436388909816742 0.08853349089622498 0.8246026933193207 4.351539306342602 1.577740587294102 0.5358655750751495 0.7543381601572037 0.2223401144146919 0.2256227433681488 2.622240841388702 9.71012382209301 0.3618882894515991 97.20644747465849 7.570994630455971 14.6151765063405 1.99234913289547 0.3577548712491989 7.615682654082775 73.11049911379814 0 0.8142736107110977 14.380366101861 0.2550311759114265 0.09477197378873825 1.595149882137775 0.08096643537282944 0 0.6062325015664101 0.6037029027938843 0.4443244189023972 0.1046873703598976 0.4530957415699959 0 0.3735698461532593 45.39785292744637 3.417526602745056 0 0 1291.180426605046 0.1981979161500931 1.979262113571167 1.34835958480835 0 0.2525436878204346 2.79203636944294 1.3279789686203 2.519093662500381 8.497742161154747 2.240143179893494 0.6683330535888672 9.141411960124969 4.498032458126545 0.6121067404747009 0.1226960644125938 0 0 0 0 0 0 0 0.1057470291852951 0 0 0 0 0 0 0 0 0 0 0 0 0 0 0 0 0 0 0.6244940161705017 0.1089325174689293 0 0 0 0 0 0 0 0 0 0 0 0 0 0 0 0.09002416580915451 0 0 0 0 0 0 0 2.06325276196003 0 0 0 0 0 0 0.1590734422206879 0 0 1.032776527106762 0 0 0 0 0.08481172472238541 0 0.6530731916427612 0 0 0 0 0 0 0 0.1132005006074905 0 0 0 0 0 0 0 1.059516459703445 21.98093388974667 3.960357710719109 57.9948241263628 2.078284561634064 216.6087994128466 14.24080089479685 0.3711122050881386 1.998629994690418 0.1877956092357635 0.09349009394645691 0.1557545363903046 0 8.455345273017883 0.1413962841033936 0 0 0 0
3570.010856829584 0 2056.756420493126 591.324980199337 4243.623846508563 235.5696697086096 3674.103372745216 993.1324079856277 2550.12568256259 934.7981373593211 5198.363266028464 8.587831735610962 348.7025476768613 359.5430371239781 49.27028074860573 3.491072908043861 0.4802106320858002 1.07361988723278 0.1819241344928741 0.6469042897224426 0.4929103627800941 0 0 0.3287078514695168 0.9144683480262756 1.638610288500786 0.3063589259982109 1.325399234890938 0.09352559596300125 0.1800416857004166 1851.762082524598 28.74940744787455 10.28299751877785 0 0.08186030387878418 0.1624287962913513 0.8068638294935226 0.2140379920601845 0.2669178172945976 0.2816136479377747 1.748257555067539 2.304253578186035 1.058948837220669 0.544264055788517 0.3955209255218506 0.4799512177705765 127.5093339085579 18.84964592009783 1.685231223702431 0.235881432890892 5.941739283502102 0.4185370430350304 0 1.232037708163261 27.95187731832266 16.19304576143622 233.1105145066977 1084.882653102279 32.38148916512728 81.76694832742214 0.4133016169071198 0.2124418839812279 0.09152369946241379 66.00552949309349 35.30091995000839 11.27774231880903 10.22927210479975 9.241422049701214 1.839406080543995 1.948239609599113 9.938394472002983 10.73567808419466 0 692.8176419734955 181.5236384943128 318.0753197669983 72.9315524622798 1.275426730513573 40.82675895094872 337.67819108814 1.736002251505852 20.81051035225391 66.60142838209867 0.9353087767958641 3.194273613393307 10.67919810861349 2.172746278345585 0.08990735560655594 4.109477028250694 0.2305345311760902 1.684764020144939 1.17187924683094 3.403382025659084 1.286253519356251 1.584758937358856 167.3614738807082 0.1151246652007103 0 0.2064262926578522 673.8450133800507 1.376922473311424 0 1.487559586763382 0.3742574751377106 0 4.335213229060173 1.168707355856895 11.35819281637669 32.00004404783249 5.519038826227188 4.024890542030334 19.95576516538858 7.631183132529259 16.3473632261157 8.355946406722069 0.1284124553203583 0.1753953844308853 0 0 0 0 0 0 0 0 0.09494190663099289 0 0 0 0 0.1068879216909409 0 0 0 0.6301290988922119 0 0 0 0 0.6410584449768066 1.302136898040771 9.869527265429497 1.867244251072407 0.1135988011956215 0.1074404045939445 0.1120784133672714 0 0 0 0 0 0 0 0 0 0.1063518300652504 0.1082334294915199 0.6732263639569283 0 0 0.07294083386659622 0 0.1055815741419792 0.3366592824459076 0 0 13.25378777831793 0 0 0 0.2707200646400452 0 0 0.09214939177036285 0 0 15.06101975589991 0.2219160497188568 0 0.110011450946331 0 2.903601199388504 0.1391489058732986 1.350429832935333 0 0.1980587095022202 0.2224389910697937 0 0 0.1010587885975838 0 0 0.1342756748199463 0.4746412560343742 0.08342732489109039 0 0.1324964761734009 0.3301132023334503 0.5563714355230331 9.678880043327808 94.50535567104816 44.63271257281303 862.1410717628896 38.98734979331493 935.76844856143 158.1660374253988 10.00749430805445 32.96764416247606 2.915571935474873 0.1814371943473816 0.6020268797874451 0 4.66449873149395 0.4135813564062119 0 0 0.5299588516354561 0
920.2071417421103 2056.756420493126 0 5.782630071043968 513.7087049782276 0 19.44959362596273 2764.885121829808 686.5403042137623 1.909190818667412 2798.438645407557 0.1773869097232819 8.561218000948429 146.9490780457854 19.2080816552043 9.898049838840961 0.4274481534957886 2.511497512459755 0 2.193643018603325 5.95060583204031 0.3754609823226929 1.560403421521187 0.6705448180437088 1.969796739518642 11.53123423457146 1.629673428833485 5.899166159331799 0.8297731801867485 0 2183.352927140892 887.1714771464467 7.618471160531044 0.1136879101395607 2.544405810534954 3.564704336225986 2.687316417694092 0.8837477117776871 0.2329041436314583 0.422253206372261 32.13875200599432 10.20802073925734 16.87297840416431 0.8324878737330437 0 0 30.06502667069435 8.593455851078033 2.401691243052483 5.372232519090176 22.51786164939404 1.480022758245468 0.2945348471403122 6.665505848824978 3.364001706242561 2.139346353709698 43.00577469915152 392.9150208383799 3.487778648734093 10.42930739372969 5.609735801815987 3.65180080384016 1.612162798643112 854.6570696532726 9.576852440834045 15.70550090074539 8.29655272513628 47.53715921938419 25.86862453073263 64.14541559666395 1.381626464426517 3.378180794417858 0.5721952766180038 106.5821706205606 52.9307558760047 70.19129868596792 30.85936823487282 5.103094317018986 636.9246725589037 1283.347207710147 68.93399339169264 428.7609503343701 11.4706969037652 0 6.229295641183853 2.60579426586628 12.7033731341362 0.1895483359694481 3.095691002905369 0.4874178841710091 3.353056244552135 1.741907097399235 39.17347495257854 8.189739271998405 1.735996477305889 1.280630722641945 0 0 0 159.1271226853132 0 0 0 0 0 0 0 0.5651992559432983 0 0 0.2677806988358498 1.236388117074966 0.103527694940567 0.1340837031602859 2.726497888565063 0 0 0 0 0 0 0 0.4424414187669754 0 0.2739827334880829 1.764830008149147 0 0 0.5916476920247078 0 1.658762909471989 0.08045441657304764 0.167111724615097 0 0.09796994179487228 0 0 0.08784528076648712 0 0 0.1224809587001801 1.613091453909874 0.7442438378930092 0.3028076663613319 0.5467814058065414 1.046447828412056 0.09155000746250153 0 0 0 0.4868675470352173 0 0 0 0.2964875549077988 0.7321418300271034 0 4.723647490143776 0 0 0.1153571605682373 0.1341247409582138 0 0 0 0 2.343715809285641 0.1022696867585182 0 0.1005503013730049 0 0 0.43001639097929 0.3074485659599304 0 0 1.114545419812202 0.1353584825992584 0 0.6284712478518486 0.2259005531668663 0 0.1315096318721771 0.1920192092657089 0 0 0.1673399806022644 0 0 0.3921784311532974 0 0.6170141696929932 0 0.3592915609478951 0.4181667640805244 0.1165606454014778 0.1027232781052589 0 0 0.5028623193502426 43.49794645607471 11.11090318113565 149.4777148738503 13.11006050556898 23.57997620105743 19.10905199497938 2.467313177883625 9.733937107026577 0.8141271397471428 0.1174800619482994 0.5156657546758652 0.1239491850137711 0 0 0 0 0.5438797771930695 0
1386.746773764491 591.324980199337 5.782630071043968 0 33.14864495396614 85.4842898324132 1702.376594603062 4.17533852159977 20.19647996872663 1188.129255525768 12.19060757756233 187.5542204976082 510.0996532589197 51.35074622929096 2.199099019169807 0.1252376735210419 0.2125304564833641 0 0 0 0 0 0 0 0 0 0 0 0 0 10.03594318032265 0 0.06951670348644257 0 0 0 0 0 0 0 0 0.09383676201105118 0 0 0.07730291038751602 0 5.965297743678093 1.197095461189747 0.1063898727297783 0 0.1085897535085678 0 0 0 1.546201892197132 1.726617127656937 28.20977082103491 130.3077356368303 3.386668346822262 2.864442072808743 0 0 0 1.074843510985374 2.548558741807938 0.4433830380439758 0.5287366807460785 0.1089176163077354 0.1190062537789345 0 0 0.2112496346235275 0 60.99264919012785 9.236033789813519 14.61246690154076 0.7314519211649895 0 0.07242125272750854 0.7346578165888786 0 0.07268685102462769 6.365445218980312 0 0.1967543736100197 0.3578026741743088 0.1274835914373398 0 0.08610884100198746 0.07563700526952744 0.08620753884315491 0.08905699849128723 0.08260823786258698 0 0 40.17522663623095 0 0 0 71.97096803039312 0 0.6114727258682251 0 0 0 2.149300098419189 0 0.7061082422733307 13.32720804214478 0.2565716207027435 0.1822637170553207 0.7511834502220154 0.1578923314809799 0.3986211717128754 0 0 0 0 0 0 0 0 0 0 0 0 0 0 0 0 0 0 0 0 0 0 0 0 0 0 0 0.1555725932121277 0 0 0 0 0 0 0 0 0 0 0 0 0 0 0 0 0 0 0 0 0 0 0 0 0 0 0 0 0 0 0 0 0 0 0 0 0 0 0 0 0 0 0 0 0 0 0 0 0 0 0 0 0 0 0 0 0 0 1.740863025188446 1.8684321641922 59.65298742055893 1.722580038011074 159.0233453288674 11.18437882512808 0.3827984407544136 0.6849133148789406 0.2676196992397308 0 0 0 0.5104483962059021 0 0 0 0 0
220.5014751330018 4243.623846508563 513.7087049782276 33.14864495396614 0 65.67724372446537 1904.477733805776 311.7845395952463 11317.81763762236 474.1657372191548 2303.649849437177 18.17604044079781 255.066386654973 137.8918737024069 45.15534518659115 3.16529992967844 0.4995846450328827 0.5851250439882278 0 0.09176662564277649 0.09251755475997925 0.09639508277177811 0 0 0 0.6047741025686264 0 0.4348118901252747 0.3833405748009682 0 238.9953250363469 2.471817880868912 8.401330471038818 0.1060041710734367 0 0 0.8679506480693817 0.1477174013853073 0.09460002183914185 0.09252823144197464 0.8468758687376976 0.6832438483834267 0.08970301598310471 0.1004176959395409 0.07608640193939209 0.08368026465177536 106.9564337432384 7.290183633565903 0.2477681264281273 0.4219806268811226 2.736558392643929 0.1065015271306038 0 0.7536826953291893 11.61712627857924 7.097904220223427 66.10269244760275 224.0787444114685 14.49441315233707 53.10750905424356 0.08762237429618835 0.09968732297420502 0 52.22634131461382 11.19320528954268 5.356157869100571 3.705652326345444 3.109881848096848 0.6108074486255646 0.2473539039492607 37.24399399757385 62.04081868380308 0.1617415994405746 248.9947401657701 89.59340599179268 212.2840241789818 71.49121585488319 1.803108341991901 12.51189512759447 56.49240285158157 0.689827099442482 4.75786754488945 24.29953588545322 0.4173928871750832 1.651275835931301 4.719223998486996 1.252253830432892 0.308992438018322 2.139341130852699 0.119710199534893 1.114214077591896 0.3832390680909157 0.9546891152858734 0.6443153470754623 0.4321594089269638 283.9389003068209 0 0 0 39.55877927690744 0.5946574509143829 3.431986927986145 4.019249200820923 0.4718437194824219 3.781009316444397 18.51429475843906 2.960484310984612 37.07899284362793 18.68559307605028 9.815283209085464 13.81026327610016 78.8007420822978 27.82983655482531 55.06253932416439 27.70787116885185 0.4487398862838745 0.2680684924125671 0 0 0 0 0 0.1354811042547226 0 0 0 0 0 0 0 0 0 0.1347894221544266 0 4.184813536703587 0 0 0 0 7.647697113454342 0.4572259485721588 34.52124094218016 4.341473430395126 0 0 0 0 0 0 0 0.09814625233411789 0.5384316146373749 1.124904163181782 0.1062898188829422 0.4249220490455627 0.1221374049782753 0 0 0 0 0.09022308886051178 0.7951438426971436 1.537940233945847 0 0 0 48.7166016548872 0 0.580109179019928 0 0 0 0 0 0 0 63.90023881196976 2.797634273767471 0 0.1065159440040588 0.4930853471159935 9.871929824352264 0.2402433007955551 5.336212322115898 0.4127734005451202 0.2538649141788483 0.4876000881195068 0.4224967956542969 0.3901052922010422 0 0.07399383187294006 0.1008448824286461 0 0 0 0 0 3.397996038198471 1.977753058075905 18.63664375245571 151.0479440018535 23.50279807299376 524.705155685544 50.90856506675482 371.5804883688688 112.6205568909645 8.600356951355934 49.70650058984756 7.555211238563061 0 2.48684049397707 0.1628924906253815 12.25883649289608 1.048379309475422 0 0.6203101873397827 0.2605096250772476 0
11.03653240203857 235.5696697086096 0 85.4842898324132 65.67724372446537 0 318.5852696746588 0.9161500185728073 40.58380492031574 286.4632936120033 6.123375877737999 177.8938021063805 182.9100021570921 58.37114581465721 0.2392106875777245 0.1325869262218475 0 0 0 0 0 0.1308903992176056 0 0 0 0.1954208016395569 0 0.1357019990682602 0 0 4.021249569952488 0 17.77277210354805 0 0 0 10.40236593782902 0.1410701423883438 5.423943549394608 0 0 0 0 0 0 0 0.1892646998167038 0.1873056143522263 0 0.1662800759077072 0.2356659770011902 2.542834609746933 0.1471758335828781 0 0 1.173087418079376 84.08836422115564 7.718717806041241 0.2855161428451538 0.09424284845590591 0 0.4484713673591614 0 0 0 0 0.6766525506973267 0.1548237204551697 0 0 204.0367789566517 410.7345184534788 13.46212910860777 1.471625812351704 0.4056928977370262 0.2626113966107368 0.1737483739852905 0 0 10.51839764416218 0 0 0 2.938291773200035 0 1.464033409953117 0.1270260065793991 12.98852946609259 7.368257306516171 15.40555731207132 1.867904648184776 0.8422442227602005 0 0.4208331108093262 0.3339354246854782 322.7165268957615 67.47072111070156 6.266939744353294 10.85040417313576 160.4338665604591 0 0 0 0 0 0 0 1.125006914138794 1.533347398042679 0.6355247497558594 0 1.392584227025509 0.7080365940928459 0.285707488656044 0 0 0 0 0 0 0 0 0 0 0 0 0 0 0 0 0 0 0 0 0.2056007236242294 0 0 0.1021383479237556 0 0.3577089607715607 0.2517786100506783 0.546746701002121 0.6326772198081017 0.1234613507986069 0 0.1070731952786446 0 0 0 0 0 0 0 0 0.1498187631368637 0 0 0 0 0 0 0 0 0 0 0 0.422032468020916 0 0 0 0 0 0 0 0 0 0.9489982128143311 0.1973619908094406 0 0 0.1448652744293213 0 0 0 0 0 0 0 0 0 0 0 0 0 0 0 0 0 0 0.6028924062848091 3.192359194159508 0.1419037133455276 1.482026353478432 0.3763726204633713 8.466014996170998 0.5569566115736961 0.4312088191509247 0.1203794628381729 0 0 0 0 0 0 0 0 0 0
731.1851874217391 3674.103372745216 19.44959362596273 1702.376594603062 1904.477733805776 318.5852696746588 0 21.99547100812197 8480.531346961856 4109.013648785651 242.395759165287 210.6763338148594 2792.815373018384 2746.711132928729 32.2718094587326 9.698566697537899 0.5987998843193054 0.7068608477711678 0 0.2400484159588814 0.2032686918973923 0 0.09438367933034897 0 0.3267524838447571 1.117200113832951 0.2994330823421478 0.5962768420577049 0.3019441142678261 0.1872992888092995 37.11811455339193 0.5707892924547195 12.96898763626814 0 0 0.1338155567646027 3.552920632064342 0.07164855301380157 0.2120428532361984 0.3782492056488991 0.8047136142849922 0.3630287870764732 0.1210478842258453 0.6578636467456818 0.08715060353279114 0 52.22690057009459 3.636444047093391 0.4085458815097809 0.2072177305817604 1.99505876749754 0.7985639497637749 0 0.6264953017234802 5.018146567046642 2.890370585024357 31.1682345494628 115.0865049287677 6.633447915315628 18.40435826033354 0 0.2639660984277725 0 12.94719712436199 5.61391943693161 1.971664451062679 1.226228564977646 2.584579363465309 0.4370471239089966 0.9846055209636688 35.56419123709202 66.63893160969019 0 104.067867025733 24.88613617420197 96.90453714877367 34.56708636879921 4.262157127261162 0.7003686800599098 27.19957283884287 0 1.557448334991932 8.918559446930885 0.3326466232538223 0.7156186178326607 1.626078307628632 0.789884977042675 0.07392171770334244 1.431378304958344 0.4454734176397324 1.002537451684475 0.3807207196950912 1.598835244774818 0.6125342547893524 0.4201977550983429 1693.761819131672 0.223366379737854 0 0 83.94256919622421 1.140863940119743 2.731079325079918 6.641075901687145 9.779742404818535 4.592397056519985 24.81861120462418 2.475774362683296 52.66778188198805 68.68101209402084 12.1548737436533 15.93270856887102 137.4090800285339 40.16282813996077 70.71214560419321 46.192034766078 0.4837815538048744 0 0 0 0 0 0 0 0 0.4153310135006905 0.1601393073797226 0 0 0 0 0.1221295595169067 0 0 0 5.238385438919067 1.143669620156288 0 0 0 7.707715347409248 1.026976853609085 29.98436825722456 1.657572045922279 0.1858354955911636 0 0 0 0 0 0 0 0 1.008112825453281 0 0 0.270243339240551 0.09988590329885483 0.1329485923051834 0.5331037640571594 0.07876835763454437 0 0.5592885687947273 1.741860911250114 0 0 0 56.54945717006922 0.1520591229200363 0 0 0 0 0 0 0 0 71.36701157689095 0.4006972312927246 0.1523394733667374 0 0 12.4024166688323 0.3948886692523956 5.641125477850437 1.248434871435165 0.3389391973614693 1.027679607272148 0.2364990711212158 0.224369190633297 0.2207384034991264 0 0 0 0 0 0 0 4.075344271957874 1.9137022793293 19.02590522915125 169.8041823208332 10.73349300771952 247.0269768461585 40.21183170378208 591.6069116964936 48.18090301007032 6.55183232575655 34.64754687994719 12.07958329468966 0 1.660813763737679 0.1076146885752678 26.37037523090839 0.9265753775835037 0 0.09985610842704773 0 0
252.8552408590913 993.1324079856277 2764.885121829808 4.17533852159977 311.7845395952463 0.9161500185728073 21.99547100812197 0 1123.212474450469 0.488874077796936 4843.242617599666 3.547055020928383 22.13354983925819 358.9356203377247 55.61953364312649 12.89477832615376 0.6888800263404846 4.194444991648197 0.4625414162874222 8.262927174568176 22.42182419449091 2.497826024889946 3.62426171451807 1.506512738764286 0.7525907605886459 14.30391393601894 2.296511173248291 10.41096545755863 1.165422022342682 0 1861.795041695237 1683.043213874102 12.58048537373543 0.5471545904874802 5.610379077494144 3.447067007422447 4.509725913405418 1.396834194660187 0.1220158189535141 1.027663230895996 55.52217808365822 18.98756113648415 30.73785703629255 0.9412860125303268 0.131780669093132 0.3624593913555145 89.47514961659908 12.25066494196653 2.402543157339096 8.327667459845543 24.71246507018805 1.511751487851143 0.1402306705713272 11.14477656781673 5.898946397006512 4.704077020287514 50.84493324905634 306.3122390136123 7.254047267138958 29.71009427309036 24.75634302943945 8.431506142020226 1.48201259970665 553.2273832932115 8.892121657729149 17.40327224135399 8.677980534732342 55.83611863106489 35.28926625847816 102.764020472765 6.805211246013641 11.65106668323278 0.1545045673847198 168.968914180994 102.2793531641364 199.6575124189258 168.5006019547582 134.2564458325505 1791.443797588348 2555.860202729702 470.7243248820305 1175.525525175035 13.63783325999975 0.3486834019422531 6.628847181797028 4.668202057480812 20.84205112606287 0 2.42018961161375 0.0849621370434761 2.868999913334846 1.851839646697044 47.86181499063969 6.204552948474884 2.242723882198334 3.148483760654926 0 0 0.08356518298387527 76.79970166087151 0.4184627532958984 0 0.1477496773004532 0.7142751216888428 0 1.462188974022865 0 2.168865263462067 0.1341390907764435 0 0.2958442866802216 5.750526279211044 0.9256954193115234 3.47787319123745 2.305570989847183 0 0.1117214113473892 0 0 0 0 0.3006629943847656 1.560407653450966 0 0.1360275000333786 2.247353702783585 0 0.1112976521253586 0.5143893510103226 0.1059676185250282 1.953843683004379 0 0.9664304405450821 0 0.9868278801441193 0.2247430235147476 0 0.229563944041729 0.1100258976221085 1.917404673993587 0.1170605570077896 3.215829432010651 1.486484616994858 0.1124038770794868 0.4367209225893021 1.563994631171227 0.3555169850587845 0 0 0 0 0 0 0.1469694226980209 0.1762332767248154 0.4091328531503677 0 4.794868662953377 0 0 0 0.3302763402462006 0.8426694869995117 0 0 0.3196281567215919 6.144567012786865 0 0 0.1151182800531387 0 0.2669869810342789 0 0 0 0.2252801954746246 6.309070661664009 0.1106493696570396 0.1633974760770798 0.7422719523310661 0.4561066254973412 2.496663846075535 0 0.969723641872406 0 0 0 0 0 0.3580430150032043 0 0.2103346437215805 0.2589576616883278 0.4993020445108414 0.09137874096632004 0.116930790245533 0.1285530030727386 0.1328737884759903 0.298786461353302 1.293672412633896 114.4324065744877 16.44059360027313 384.7462178692222 35.15850871056318 69.74826548993587 58.37239822000265 6.617976866662502 27.15404246002436 4.633123286068439 0 0.5423716455698013 0.3838101327419281 1.320385575294495 0.2021190971136093 0 0 0.4437937960028648 0
74.21339401602745 2550.12568256259 686.5403042137623 20.19647996872663 11317.81763762236 40.58380492031574 8480.531346961856 1123.212474450469 0 353.6384907364845 5545.797542817891 168.2704970836639 1493.322443641722 4344.877263985574 104.818113014102 40.27810956537724 0.4109698832035065 2.684588879346848 0.288546971976757 0.5088606998324394 1.182406038045883 0 0.1993528306484222 0 1.182136014103889 2.275801166892052 0.6559573337435722 1.335665129125118 0.149147167801857 0.1902770698070526 117.265383169055 0.9734367206692696 107.4731031805277 0 0.5843823701143265 0 21.29242808371782 4.379343554377556 1.824286475777626 1.085505194962025 3.276779413223267 2.09681049734354 1.069434210658073 2.25151139497757 0.3650714308023453 0 145.7404914349318 3.624541044235229 0.2987791299819946 1.240960724651814 7.091660931706429 1.009795665740967 0.252936065196991 0.4110476225614548 5.688162833452225 4.732924148440361 29.07433737814426 67.57568814605474 9.287232734262943 32.98773216456175 0.09151472151279449 1.566858552396297 0.244492843747139 32.82416340708733 6.12666005641222 2.689934551715851 2.045109190046787 7.071518883109093 2.818246200680733 6.637863412499428 107.2326652109623 173.7862185016274 0 112.1658154055476 40.12319407612085 218.0671055018902 122.4036901146173 11.84661671519279 24.46467933803797 315.4696873724461 0.4968095719814301 10.36890196800232 11.23563352227211 0.2389784157276154 0.5599014684557915 1.586388751864433 1.412269495427608 0.1601729989051819 1.550593502819538 0.4241650775074959 2.063814550638199 1.927953377366066 6.636405549943447 2.831660941243172 2.967366307973862 1117.338930815458 0.6701999753713608 0 0.2376784458756447 17.39439311623573 2.976082719862461 7.326616778969765 12.63919503241777 0.988885760307312 9.847134590148926 41.21913120895624 3.78291517496109 120.5961472839117 70.21228534728289 20.86628649383783 37.20935990661383 264.8284279555082 72.82475292682648 141.8333526775241 89.9244292974472 0.7375021278858185 0.3491566106677055 0 0.1056067422032356 0 0 0 0 0 0.573574960231781 0.3000513762235641 0 0 0.4751991108059883 0 0.09642443805932999 0.1096477881073952 0.2430614531040192 0 10.42445512115955 0.5191590040922165 0 0.1154458448290825 0 25.83757298439741 4.79710765182972 87.86418976634741 11.34345233440399 0.3095559775829315 0.286395862698555 0.1262595653533936 0 0 0.09369616210460663 0.6020808815956116 0 0.1622878015041351 3.237062186002731 0 0 0.3503551930189133 0.149478867650032 1.477157011628151 0 0 0 3.334368228912354 3.221254281699657 0.5903491973876953 0.09559458494186401 0 167.1023638620973 1.018325701355934 0 0.6226791143417358 0.1171459034085274 0 0 0 0.1426863819360733 0.279546931385994 186.8367021307349 3.632278814911842 0 0.108188085258007 0.636866956949234 40.96153520792723 0.2081626653671265 15.71670572459698 1.257677100598812 1.401110507547855 2.458089210093021 0.1095256730914116 0.7162498831748962 0 0.1448028683662415 0.07889992743730545 0 0 0 0 0 9.432869523763657 8.944784320890903 43.6597648113966 585.3122248724103 24.45899956673384 600.6488577276468 141.5876702666283 233.1137614175677 115.6171127557755 16.93966930359602 145.2856166064739 13.7218419611454 0.3039172291755676 10.10890442878008 0.3133015856146812 31.04977206885815 0 0 0.3629462197422981 1.346160992980003 0.2106412947177887
340.3538761362433 934.7981373593211 1.909190818667412 1188.129255525768 474.1657372191548 286.4632936120033 4109.013648785651 0.488874077796936 353.6384907364845 0 11.35344482958317 1573.429175101221 4784.64898403734 2454.959800109267 1.709036134183407 0.11182801425457 0 0 0 0.246512308716774 0 0 0 0 0 0.1591581255197525 0 0 0 0 3.354963541030884 0 8.157015457749367 0 0 0 3.008812740445137 1.053283616900444 0 0 0.1283663660287857 0 0 0.1458234786987305 0 0 2.954711258411407 0.464159369468689 0 0 0.1351752877235413 0 0 0 0.6580646336078644 0.2351234629750252 25.28532841056585 41.5696559175849 1.243567049503326 1.36248304694891 0 0 0 0.7497749105095863 0.707659088075161 0.3401215746998787 0.1629705727100372 0.07659526914358139 0.1489568799734116 0 8.331028431653976 2.819936245679855 0 20.01515585929155 2.820039168000221 5.970565661787987 1.017500706017017 0.1069703251123428 0 0.5021317005157471 0.4123508259654045 0 1.268745563924313 0 0 0.1384066641330719 0 0 0.07183292508125305 0 0.1756106913089752 0 0 0.1048768609762192 0.09361790120601654 678.1361134499311 0 0 0.09476092457771301 204.5369894951582 0 0.5100060105323792 0.3361768126487732 3.897162765264511 0.2913210242986679 5.570358730852604 2.695135369896889 7.453064009547234 61.07484732568264 5.048702463507652 1.838284246623516 20.08309619873762 43.17811589688063 44.17410430312157 2.422343261539936 0 0 0 0 0 0 0 0 0 0 0 0 0 0 0 0 0 0.106268011033535 0 0.8291108310222626 0 0 0 0 0.2291363328695297 0.1219668686389923 1.981129914522171 0.2733030617237091 0 0 0 0 0 0 0 0 0 0.6190239265561104 0 0 0 0.1173433884978294 0 0 0 0 0 0.1014774292707443 0 0 0 4.284991599619389 0.08777859061956406 0 0 0 0 0 0 0 0 3.84322676807642 0 0 0 0 1.613870076835155 0.695140540599823 0 0 0.1108745262026787 0.085762619972229 0 0.1315912306308746 0 0 0 0 0 0 0 0 0.6624292731285095 0.1587468236684799 0.6715926080942154 8.488747514784336 0.6832066178321838 23.26456478238106 1.097354032099247 309.9517959579825 3.170987598598003 0.2742824479937553 0.9445866346359253 2.158376932144165 0 0 0 7.256131082773209 0 0 0 0 0
813.5250633582473 5198.363266028464 2798.438645407557 12.19060757756233 2303.649849437177 6.123375877737999 242.395759165287 4843.242617599666 5545.797542817891 11.35344482958317 0 92.34848280251026 567.4076293259859 1807.039857119322 79.03818833082914 31.76650047302246 0.9105266332626343 2.821260765194893 0 1.496474176645279 1.400980420410633 0.7367689311504364 0.2071053087711334 0 3.446779288351536 3.889036379754543 1.511382460594177 1.816224090754986 0.6963160932064056 0.4775582700967789 950.7951842471957 44.38401846587658 265.6863650456071 0.08316662162542343 0.1690155565738678 2.125341594219208 23.27973748743534 6.614600583910942 4.050468116998672 4.616358518600464 6.738119192421436 2.654959686100483 0.9707540571689606 2.61547989398241 0 0 97.93475367128849 5.410887636244297 0.4273776561021805 1.252719558775425 10.69710843265057 1.587667718529701 0.8185153603553772 2.293891318142414 6.658550679683685 4.960445709526539 54.22306446731091 356.2618584856391 6.708622731268406 28.67816881090403 0.1837543323636055 2.114857248961926 0.1695757210254669 40.67255805432796 8.693055499345064 5.912799172103405 3.651994168758392 11.43235299736261 4.092659391462803 8.535587459802628 33.65825068950653 48.08595812320709 0 169.4095595702529 63.84673179686069 176.6787193566561 92.91125337779522 12.15723802894354 495.1943391114473 1681.689280472696 1.243056759238243 149.8588799089193 18.96738095581532 0.5856497660279274 1.313298419117928 3.337297283113003 2.252095885574818 0.1830897107720375 2.010444231331348 0.2996229454874992 1.993102215230465 1.258073836565018 10.83775150775909 5.100581102073193 3.765591107308865 78.86292561888695 0.3371779322624207 0 0.2581274434924126 157.9707496613264 0.5797232091426849 0.329936221241951 1.792089998722076 0 0.7269058153033257 4.075056947767735 0.3974678218364716 10.95494218170643 1.558014571666718 0.5259600877761841 6.313073813915253 22.87584360688925 9.056140229105949 21.4830714687705 12.50473926961422 0.08710596710443497 0 0 0 0.1316857635974884 0 0 0.4455839693546295 0.2115615904331207 0 0.271602988243103 0 0.1849474683403969 0.1358530968427658 0.1571105122566223 0.2639039158821106 0 0.1426254063844681 0 2.212053418159485 0 0 0.4684464782476425 0 4.410739965736866 2.32818615436554 17.73163224756718 3.812430903315544 0.6886890977621078 0 0.4936559647321701 0 0 0 0 0 0.3681465983390808 1.04781973361969 0.1237873956561089 0 0.1300175040960312 0 1.427956476807594 0 0 0 0 0 0 0.1080733686685562 0 31.08666237443686 0.2820224240422249 0 0 0 0 0.09659233689308167 0.09965527802705765 0 0.3788011148571968 32.6573027446866 2.53669460862875 0 0.2370595186948776 0.3783608227968216 5.730097115039825 0.111848384141922 3.190726712346077 0.1229087635874748 0 0.8612954542040825 0 0 0 0 0 0 0 0 0.3131362199783325 0.1899063438177109 1.79198095202446 0.8937502652406693 9.663860656321049 305.8954450935125 20.99538537114859 398.3688792437315 70.30343153327703 108.1885809004307 63.48937978595495 10.03772632777691 71.9761748239398 2.922418102622032 0 0.7638979777693748 0 3.068527221679688 0.79322350025177 0 0 0.9732786193490028 0
19.50935363024473 8.587831735610962 0.1773869097232819 187.5542204976082 18.17604044079781 177.8938021063805 210.6763338148594 3.547055020928383 168.2704970836639 1573.429175101221 92.34848280251026 0 2434.318804681301 1478.472666874528 13.66946030408144 9.079362414777279 0.4957943856716156 1.491058468818665 0 1.120974585413933 0.2555464208126068 2.570104345679283 0 0.1240451261401176 2.952582776546478 2.561535015702248 1.630660101771355 4.409517593681812 1.329715490341187 0 0.985864132642746 0 162.5043190121651 0.1078850850462914 0 0.4136640131473541 87.53951150178909 16.9560986533761 27.88665410131216 6.946913510560989 1.522717386484146 7.500459536910057 2.288038097321987 0.6227953284978867 0.08881884068250656 0 13.08142955601215 0.4542756900191307 1.273789443075657 3.002715200185776 8.721710167825222 6.688773721456528 5.68703630566597 4.321812480688095 0.6534205079078674 0.4539592191576958 3.433611802756786 3.61078554391861 0.741316556930542 0.9021337628364563 0.498528465628624 14.13767769932747 0 0.8335544094443321 0.3921381756663322 0.3259247317910194 2.38048842549324 3.492690689861774 3.526859074831009 5.433853648602962 76.8821457773447 236.3454591929913 1.583852425217628 4.649285443127155 0.6934615448117256 12.22837056219578 5.496804423630238 3.14752110093832 0 98.00499315559864 1.820684507489204 2.450576983392239 0.8255308717489243 0.551101416349411 0.3157873451709747 0.1512410789728165 2.241032540798187 1.150971919298172 1.781653374433517 3.048927322030067 4.354973949491978 4.893796592950821 5.427088089287281 6.959794744849205 13.82161581516266 2681.731374524534 55.80807659029961 2.498963207006454 7.869059383869171 24.05813872814178 1.827218860387802 2.642962843179703 5.172707557678223 0.5850943624973297 4.448494762182236 22.74826181679964 0.176648885011673 49.30894390493631 14.75861115753651 7.945786498486996 23.0809698626399 109.0225246548653 36.88676251471043 65.73831757158041 35.98937381803989 0.6357217580080032 1.073036290705204 0 0 0 0 0.1557984054088593 0.3865858763456345 0.4621754586696625 0 0.8491775467991829 0 1.780372224748135 0.3949673473834991 0.5072019770741463 0.2633067220449448 0.8100056350231171 0.6435065716505051 0.1141853109002113 4.45599751919508 0.3064135760068893 0 0.7248381450772285 0.3290583342313766 10.8672907948494 3.337102361023426 35.38247630745173 9.183852396905422 4.115762405097485 0.2718561589717865 0.3815973103046417 0.206157460808754 0 0.3948871195316315 1.007299408316612 0.2677446603775024 0.2277003079652786 1.177783347666264 0 0 1.078680202364922 1.244023442268372 1.402492985129356 0.3810345232486725 0 0 0.3338565975427628 2.246755450963974 0 0.6470557525753975 1.117770113050938 66.19537884742022 0.7698094770312309 0 0.1747657358646393 0 0 0 0.2480407655239105 0 0.2780153900384903 71.14173663407564 3.982119411230087 0.2167497724294662 0 0.4673452973365784 13.8142763748765 0.2722559422254562 3.989806175231934 0.5442229509353638 0.9542006924748421 0.3663688153028488 0 0.5143570825457573 0.1764318495988846 0 0 0 0 0 0.1136991679668427 0 4.522959008812904 3.737021535634995 27.99547974020243 114.9213734194636 3.257421754300594 45.31546228379011 13.24244098365307 88.92955591529608 6.37814137339592 1.244800485670567 17.66024864464998 9.623087458312511 0.3724233359098434 3.044018894433975 0.2397416234016418 22.35190878808498 0.3981373086571693 0 0.1835774928331375 0 0
44.58566088229418 348.7025476768613 8.561218000948429 510.0996532589197 255.066386654973 182.9100021570921 2792.815373018384 22.13354983925819 1493.322443641722 4784.64898403734 567.4076293259859 2434.318804681301 0 4712.060476623476 100.5066871792078 73.78581262379885 5.415769264101982 5.579198196530342 0 6.404824770987034 4.299683704972267 11.1405415609479 0.8461654037237167 0.3062077760696411 38.59406025707722 32.57657198607922 8.503308355808258 27.30475667119026 11.65694846212864 3.189887993037701 6.774708680808544 0.4978148490190506 3023.839101582766 0.1345272064208984 0.8063951283693314 34.04818155616522 1752.106615155935 390.9890910163522 231.1606116145849 117.2986747324467 32.31304697692394 25.75115639716387 6.786412164568901 8.328695252537727 0.08750457316637039 0.323072224855423 63.37215404212475 2.825333900749683 4.913487017154694 12.93446169048548 36.43823587149382 20.11216421425343 37.03972534835339 15.20811565220356 0.72787194699049 1.32033683359623 7.452315963804722 11.71439612656832 1.863502725958824 8.449131794273853 0.9523978680372238 466.5549818500876 1.863746680319309 8.202930919826031 0.8877715021371841 3.568532556295395 6.773163817822933 18.30617288500071 14.68678949028254 15.92739753425121 653.1277205049992 480.7897921428084 5.098241947591305 19.98119442164898 6.255203701555729 77.05768647789955 50.32121948897839 20.15259531885386 31.74010747671127 760.4865164756775 9.249797023832798 486.2968926802278 3.493783757090569 0.3235586583614349 0.82227873057127 1.417043454945087 8.484786137938499 4.81112165749073 5.341923102736473 9.786747165024281 13.16390467435122 9.481354355812073 45.90583758056164 27.17461065202951 37.39377148449421 3332.004436403513 73.5716395676136 5.721039474010468 45.17366052418947 23.49720685184002 3.266326010227203 3.176536485552788 4.13570050150156 2.848579123616219 10.98722311109304 25.04553906619549 0.4141810983419418 58.49768300354481 123.8563069030643 9.856722861528397 28.05999974906445 135.8811877444386 48.86237642168999 95.098866276443 64.31942497193813 1.906605757772923 1.682395748794079 0 0.3305144682526588 0 0.105709433555603 0.3724007159471512 2.30268082767725 1.214984148740768 0.8182006925344467 4.383134081959724 0.4745964631438255 4.30929521471262 1.918332196772099 1.738903127610683 1.995840422809124 6.093052551150322 4.157136425375938 0.4718472063541412 9.098619803786278 0.8918222561478615 0.1222281977534294 5.204882279038429 1.330110892653465 32.37012917548418 16.79347598552704 100.0990215688944 44.66384910047054 19.23744082450867 1.829965651035309 1.214036978781223 0.6360432133078575 0 1.376238070428371 4.9399374127388 0.2655523121356964 1.530929870903492 2.30109628289938 0 0.364833652973175 4.057030096650124 9.064284645020962 6.493697620928288 0.5717240944504738 1.654570132493973 0 0.6991364508867264 3.990340851247311 0 5.005572617053986 2.342342540621758 118.2418538331985 0.7257204204797745 0.3080339133739471 0.207048736512661 0.4219537898898125 0.4539180099964142 0.4737777337431908 0.1635899245738983 0.5769544243812561 1.20569647103548 153.4880333468318 24.62200262397528 0.9008780270814896 1.332854598760605 1.402625784277916 30.60782162845135 3.454786792397499 11.06195143610239 2.835939846932888 1.388987518846989 2.037709556519985 0.2036850675940514 1.917573757469654 0.2752290517091751 0.4338033199310303 0.1510683745145798 0 0 0.5750800222158432 0.3495066910982132 0.4514027833938599 8.655371397733688 11.6429740190506 71.76051467657089 468.2568566128612 19.38156066834927 241.9719487354159 63.57245774567127 185.0945040211082 33.92650682479143 5.152724899351597 100.4237241968513 24.0151578783989 1.324319809675217 17.78399281948805 0.7248132973909378 14.23533615469933 1.815938882529736 0.4393623024225235 0.546546034514904 3.791502118110657 0
