0 5090.227401763201 418.311383575201 3236.30323497206 631.1930080279708 55.99995949864388 1318.113184049726 22.71631243824959 360.0370293036103 980.2562650367618 261.6060949191451 44.66398803889751 173.1460164934397 310.3215971812606 8.494446061551571 0.6138020381331444 0.2299104779958725 0 0 0.4665539264678955 0.1128527373075485 0 0.4440331161022186 0.1617274433374405 0.6897011399269104 0.119526632130146 0 0.580990806221962 0.2734013497829437 0 714.1649611592293 1.154918782413006 7.674718588590622 0 0.09734562784433365 0 4.063709087669849 0.5102882832288742 2.178981356322765 0.3084927648305893 0 0.1100877001881599 0.2173500955104828 0.352749228477478 0 0.3902327418327332 34.6265954375267 4.192133940756321 1.039464592933655 0.1595915108919144 2.976482629776001 0.116001196205616 0 0.1093116626143456 4.882616646587849 13.57114953547716 377.9832691326737 699.1253051832318 33.53992303460836 37.49031887203455 0.7473007813096046 2.794157311320305 0 0.9386745318770409 5.190628588199615 6.23783366382122 2.28067821264267 2.927769847214222 0.3671659529209137 0 15.05212046205997 6.331002220511436 0.4273367375135422 550.7591262683272 59.64983162283897 38.9634572416544 0.9659381359815598 0.641364760696888 3.164971739053726 28.81692779809237 0.4219803214073181 3.699237056076527 16.24964234977961 0.2503736615180969 2.731964036822319 4.152842231094837 1.055185921490192 0 1.885052815079689 0.3012512475252151 0.8302243649959564 0.09137187153100967 0.226850152015686 0.5240378379821777 0.3481064438819885 70.29784522950649 7.874799847602844 0.1986141204833984 2.275963395833969 1384.958311341703 0.416016697883606 2.320585146546364 0.4963527619838715 1.102610945701599 0.692777082324028 10.2528250515461 0.2364010363817215 1.600134342908859 46.53904592990875 2.981477439403534 0 10.99874219298363 3.263862192630768 12.10037562251091 3.188367016613483 0.2055116593837738 0 0 0 0 0 0 0 0 0 0.1134014502167702 0 0 0 0 0 0 0.2957791090011597 0 3.003831014037132 0 0 0 0 3.0308772996068 0 5.864438079297543 4.029579505324364 1.38578911870718 0 0 0.2094744741916656 0 0 0 0 0.1404527872800827 2.546377405524254 0 0 0 0 0 0 0 0 0 0.4016939550638199 0 0 0 5.710178062319756 0 0 0 0 0.1837060153484344 0 0 0 0 14.94013663381338 1.136740192770958 0 0 0 1.620520919561386 0 0 0.4699981212615967 0.617497444152832 0.1447304338216782 0.6050193309783936 0 0 0 0 0 0 0 0 0 4.477966383099556 3.047430939972401 3.702646978199482 107.2715869992971 3.759275063872337 132.9201162606478 20.05558040738106 395.9174453690648 29.31616392731667 5.842570573091507 10.7904846444726 3.731485396623611 0.1308120489120483 1.932828515768051 0.1130075827240944 9.324209213256836 0 0.1189834475517273 0.9283227026462555 10.35165989398956 0.1518736481666565
5090.227401763201 0 709.7534233629704 2632.848556697369 3650.737377949059 48.0484364181757 3783.319225341082 92.55884405225515 2692.646077491343 405.487051717937 1007.273190833628 12.61565665155649 455.5923750326037 1467.588202476501 45.27163681387901 1.003166064620018 0.6413192972540855 0.8126437067985535 0 0.6324362307786942 1.888581827282906 0 0.4413031116127968 0.2641298770904541 1.165397748351097 1.756044268608093 0.6111940890550613 1.408976912498474 0.6673943474888802 0.09711714088916779 3419.943771116436 6.9573043435812 20.65556247532368 0.4127946496009827 0.2523950487375259 3.199370741844177 12.38716270774603 3.981979236006737 4.912333928048611 2.807958699762821 1.356689125299454 1.126873709261417 1.552568487823009 1.118830226361752 0.1971694156527519 1.996992573142052 190.5146366357803 14.57951091229916 2.051327131688595 0.6337557286024094 9.749023988842964 0.9834461733698845 0 1.28182976692915 13.90798216313124 38.22195983678102 234.7211004346609 1043.622467949986 40.61428088694811 133.6555407941341 1.583179734647274 2.903058841824532 1.70360766351223 27.34676378965378 19.7191568389535 25.32745976001024 7.685134574770927 10.36142667382956 0.807549424469471 1.371030278503895 41.39971442520618 21.40789312124252 0 904.9248647838831 249.6415955647826 252.549020037055 50.32805664092302 0.8272725269198418 10.72959572076797 90.80843630433083 2.712526552379131 6.811250269412994 38.11294403672218 1.79390049725771 8.851450778543949 18.19690573215485 3.631768129765987 0.6966420412063599 7.465701065957546 0.8034790009260178 3.34219391644001 1.15792790800333 1.245075918734074 1.22309947758913 2.064313270151615 64.81340232491493 1.975742191076279 0 2.265192985534668 1229.0064118132 2.212744183838367 2.012591138482094 2.317335575819016 4.656868487596512 4.822758734226227 54.96369689702988 17.05309042334557 8.99280571937561 16.83145959675312 18.83370734751225 1.943341970443726 43.26200414448977 17.24951702356339 44.81590481102467 17.28052552044392 0.8983749449253082 0 0.2557823657989502 0 0 0 0.2259712070226669 0 0 0 0 0 0 0 0 0 0.2777699381113052 0.3667989373207092 0 10.42352519929409 4.003033831715584 0 0.2099172025918961 0 29.58145473152399 0.1212182492017746 27.97172780334949 13.44046139717102 5.325867839157581 0 0 0 0 0 0 0 1.249398559331894 3.481003940105438 0 0 0 0.268811821937561 0.3846469819545746 0 0 0 1.710522562265396 1.749387726187706 1.349858164787292 0 0 14.63767226040363 0.9923627376556396 0.3819529414176941 0.1060661450028419 0.374373584985733 0.3263526037335396 0 0.110357828438282 0 0.1659687161445618 57.43675606697798 1.322968304157257 0.6488757133483887 0.08538690954446793 0.1128006502985954 5.612498104572296 0 0.7612946629524231 2.892596147954464 2.844851329922676 2.423715613782406 0.1599018275737762 0.4007166028022766 0 0 0.2111445963382721 0.5066510885953903 0.2247802913188934 0.1149971187114716 0 0 23.56853720545769 9.462506100535393 15.39076920598745 397.8059404864907 33.80139405280352 587.0139027014375 90.37095130980015 317.0383734181523 118.9495797529817 14.20822467654943 82.86887999624014 16.98756827414036 0.515270859003067 4.527449853718281 0.7224452197551727 42.11167266964912 0.611966073513031 0.4625413417816162 1.506303548812866 2.680465124547482 0
418.311383575201 709.7534233629704 0 73.19478769600391 327.7416017428041 5.086083084344864 73.36345865577459 2024.544078968465 871.1384604349732 1.796756625175476 2761.358523495495 7.869452245533466 268.9791092500091 1005.793654859066 8.559610590338707 4.308004915714264 1.5362948179245 7.30366313457489 0.3153493851423264 17.51652630418539 8.376571141183376 0.2406903505325317 27.53206788003445 4.645690731704235 38.05818490684032 0 8.810525387525558 1.10656950622797 0.9408727139234543 0.2852429151535034 3087.515565276146 1072.092251777649 44.10552503168583 12.82279000431299 48.22961658239365 58.97007612138987 37.54764664918184 28.38334402441978 10.58678656816483 7.432539001107216 7.72127690911293 0.3909624591469765 31.45456639677286 1.646637208759785 2.498335160315037 5.351030372083187 24.83835454285145 2.810950614511967 3.995778374373913 14.9166419506073 38.90708746761084 0.6996280774474144 1.214920803904533 1.807509556412697 2.162179000675678 5.002258017659187 78.62140952050686 1020.590469054878 6.779685936868191 8.840358510613441 76.35623276978731 30.06598008424044 28.7921791523695 196.2271982803941 2.284231893718243 3.0867984816432 4.038081005215645 19.99924881756306 23.22420551627874 62.60564026236534 42.9396475404501 8.794384434819221 0 175.9397946968675 49.25214608758688 22.61138983815908 12.48446209728718 2.527023963630199 241.3982851132751 1068.515464387834 34.42506251484156 386.2696082368493 5.33945245295763 0.2361004203557968 1.305636189877987 1.312619574368 10.95861234515905 0.2364306449890137 1.429310843348503 0.3091743439435959 1.113957069814205 2.648426294326782 22.45431052148342 4.754302054643631 1.938321210443974 21.59239926189184 2.989007651805878 0 5.852688275277615 207.1005860939622 0.3776079639792442 3.524763762950897 2.839085817337036 4.253640070557594 3.516404077410698 10.5232607871294 4.501903355121613 2.276407822966576 8.260867491364479 5.731671825051308 0.6338793039321899 20.50606417655945 8.20049287378788 17.60842318087816 7.257425494492054 0.9726007729768753 0 0 0.4090186357498169 0.3490369021892548 0 0 0 0 0 3.051598995923996 0 0.9666398912668228 0.2810838222503662 1.243484109640121 1.478925943374634 3.665327712893486 2.016123443841934 0.259330153465271 7.749749235808849 1.934329055249691 0 0.106190949678421 0.2550619542598724 14.96448000520468 1.786543041467667 11.106001496315 13.93004909902811 10.30645679682493 0.2562121152877808 0.8910296857357025 0.6720647215843201 0 0 0 0 1.168814897537231 1.262595474720001 0 0.2976979315280914 0.2402274161577225 7.785164497792721 2.755138471722603 0 0.7112571597099304 0 0.3509271070361137 0.5410003662109375 0.4482508897781372 0 0.3615925908088684 8.026023872196674 0.3001047968864441 0 0 0.1490961760282516 0.3038265854120255 0.2876875996589661 0 0 0.1119059845805168 23.97328941524029 5.443888649344444 0.6779230833053589 0 0.27882120013237 0.6002516746520996 0 1.051884412765503 0.1143502369523048 1.747506082057953 0.9600110054016113 0.6151697635650635 0.1737256348133087 0.5595155656337738 0 0.2587720677256584 0 0 0.4429937973618507 0 0.2933813780546188 6.698384128510952 4.237047016620636 8.292667664587498 76.0668795183301 8.959964789450169 90.40875642001629 22.75594940781593 63.56297829002142 12.61161394417286 1.112081408500671 19.21706482768059 8.071147620677948 1.15449433028698 3.573954463005066 0.2771151438355446 11.58036269247532 0 0 3.571412160992622 3.214230753481388 0
3236.30323497206 2632.848556697369 73.19478769600391 0 1116.42457292974 717.3295951336622 3370.881325021386 0.9837370067834854 320.2716312929988 1861.163193911314 23.46568084508181 360.2513227313757 1063.6989518255 13.90689779818058 9.841310605406761 0.4215154349803925 0 0 0 0.2029581964015961 0.280372142791748 0 0.2367126569151878 0 0.1129777505993843 0.09963557869195938 0 0.09827073663473129 0 0 91.08971775323153 0.5826708003878593 1.134495317935944 0 0.3036225140094757 0.2807170525193214 3.336377948522568 0 0 0.09677297621965408 0.1232604309916496 0.2200775071978569 0.3138748928904533 0.2611820995807648 0.1321727484464645 0.6645823791623116 47.45474154502153 3.755951046943665 1.147030130028725 0.3319771960377693 2.847787462174892 0.0847642719745636 0.145512118935585 0 5.192431263625622 17.15327767282724 85.3267910182476 190.8330982103944 13.20160096138716 46.62066294252872 0.523133285343647 0.1231940165162086 0 2.343294084072113 4.782770812511444 8.436621345579624 2.886510722339153 3.420370176434517 0.1805232912302017 0 2.63109927624464 0.1797598004341125 0 343.7838729470968 64.2683934122324 72.65609902888536 3.820604465901852 0.1415688544511795 0.4260270595550537 3.218425296247005 0.7618491947650909 1.070039190351963 15.26699862629175 0.4615548253059387 2.546198315918446 4.981139242649078 1.739402003586292 0.372583195567131 2.732738092541695 0.1328651905059814 0.6212421432137489 0.3515280336141586 0.4569107443094254 0.09797332435846329 0.3108026683330536 92.86418966948986 0.2042222768068314 0 1.140525117516518 543.7383550778031 0 1.097489207983017 1.123802974820137 0.282329648733139 0 31.98044165968895 1.241634666919708 0.3949084579944611 101.2871218025684 1.550806075334549 0.2698092460632324 4.849194750189781 2.404244005680084 6.810295879840851 0 0.3867787420749664 0 0 0 0 0 0 0 0 0 0 0 0 0 0 0 0 0 0 0.7417198419570923 0 0 0 0 2.734393030405045 0 3.313110552728176 0.35028937458992 0 0 0 0.3972799479961395 0 0 0 0 0.2394408732652664 0.6272780895233154 0 0 0 0 0 0 0 0 0.5402300506830215 0 0 0 0 1.529923245310783 0 0 0 0.1275818198919296 0 0 0 0.1869111061096191 0 7.973511651158333 0 0 0 0 0 0 0 0.4580526202917099 0.3308326900005341 0.4503955841064453 0 0 0.1185066252946854 0.09802491217851639 0 0.5467620119452477 0.1280283629894257 0 0 0 6.520161613821983 0.5254228115081787 0 87.08237423747778 9.68787644803524 146.7454807162285 18.90623395144939 253.3210395872593 31.98159449547529 3.530806504189968 11.33806563913822 0.5175078958272934 0 0.7519830316305161 0 5.160138383507729 0 0 0 22.33204488456249 0
631.1930080279708 3650.737377949059 327.7416017428041 1116.42457292974 0 18.16385002434254 2455.368638530374 48.32989712804556 4111.984023332596 132.8880810514092 261.7579465135932 8.210392810404301 339.7853318527341 1023.067730732262 39.20614062994719 0.9676642790436745 0.2262157574295998 0.4734159857034683 0 0.3903260976076126 0.3242224007844925 0.1135327816009521 0 0.229542151093483 0.4589438885450363 1.133073337376118 0.2978434041142464 1.303764283657074 0.401766911149025 0.1407884210348129 278.3318050503731 3.046065270900726 3.773187033832073 0.1184563189744949 0.8345110490918159 0.4312785789370537 3.485068693757057 0.8469285517930984 1.463803373277187 0.6955148279666901 1.14396645873785 1.174194723367691 0.2355821579694748 1.547607950866222 0.3796781301498413 0.3796159625053406 137.0904028192163 8.709466971457005 0.473853126168251 0.2231067717075348 6.895226649940014 0.5808736011385918 0 0.5899511724710464 4.883333928883076 19.60237894952297 33.60252174735069 198.5099471360445 15.40456529706717 82.72172608226538 1.491301976144314 1.28400281816721 0.1005902364850044 27.28178638219833 8.708757027983665 15.57934039831161 5.645500250160694 7.761645920574665 0.2894237488508224 0.5472586750984192 12.48671199381351 8.74312287569046 0 330.0559868961573 156.7292061597109 185.1378680542111 59.22162368893623 1.446697883307934 1.006429418921471 12.82900176942348 0.716747909784317 2.533334694802761 23.31237959116697 0.5393902435898781 4.716067455708981 8.969678483903408 1.70479542016983 0.8204273954033852 4.132703684270382 0 2.277812212705612 0.8977238908410072 0.2372040748596191 0.6323090866208076 1.254847563803196 61.8585119843483 1.773165427148342 0 0.8785754963755608 66.29528701305389 2.14756715297699 3.395872607827187 7.246630474925041 3.610819414258003 4.470396474003792 54.81648144125938 5.945023000240326 7.437591828405857 19.08515140414238 7.063225716352463 1.430058181285858 38.93736712634563 14.67535150051117 41.82313076406717 12.90402077138424 0.6387808322906494 0 0.5620939135551453 0.2072541415691376 0 0 0 0 0 0 0 0 0 0.458801731467247 0 0 0 0.5105306208133698 0 11.63331934064627 0.3048647046089172 0 0.3337358236312866 0.1894911676645279 21.19797230511904 0 20.79977371543646 7.508529551327229 2.586468145251274 0 0 0.3879639357328415 0 0 0 0 0.2351035475730896 3.296123184263706 0 0 0 1.074725031852722 0.1503413319587708 0 0.9998651444911957 0 0 2.519649103283882 0.4725775718688965 0 0.3489591479301453 11.93116162717342 0.703755795955658 0 0.08629032969474792 0 0.2278417348861694 0 0.2937479466199875 0 0 44.55900477617979 0 0 0.2271379679441452 0 1.891037449240685 0.5901371836662292 0.7148735523223877 2.501955822110176 4.59707298874855 1.296341672539711 0.8597009479999542 0 0.1709582060575485 0 0.4157266244292259 0.2385506704449654 0.376054085791111 0 0 0 16.55941498279572 5.267771437764168 11.33504566550255 273.8059585615993 28.46555613726377 413.9084571301937 68.58529355376959 138.4224758073688 77.80454701930285 10.03756965696812 61.14257773011923 14.2751882225275 2.217045173048973 3.52960205078125 0.4641618132591248 23.56955823302269 1.485599547624588 0.5799044221639633 3.910089075565338 2.164924412965775 0.6917279362678528
55.99995949864388 48.0484364181757 5.086083084344864 717.3295951336622 18.16385002434254 0 430.0991936326027 0.1748107522726059 22.60928459465504 2442.960262313485 1.890874534845352 1053.908538550138 530.8593465834856 22.20781548321247 0.5730397924780846 0.710291251540184 0.1323748081922531 0.1637861728668213 0 0 0 0.6635372340679169 0.315010130405426 0.1745868474245071 0.1479659974575043 0 0.1527967154979706 0 0.4299712181091309 0 13.83591496199369 0 13.42020073533058 0 0 0 13.23614086955786 0.5752603113651276 21.9923697784543 0.2918014079332352 0 0 0 0.3091491013765335 0 0.1286217868328094 2.266491547226906 0 0 0 0.2561732828617096 21.97195289283991 0.1562004089355469 0 0 1.047477081418037 218.212095245719 60.01095701754093 6.389101788401604 0.8498656153678894 0.1065486595034599 2.525879770517349 0 0 0.2531479224562645 0.2196770459413528 0 0.4638106822967529 0.2820686101913452 0 157.0588334351778 189.4556030631065 47.31415667384863 36.7496352493763 3.057297393679619 2.039153590798378 1.112710922956467 0 0 7.588583797216415 0 2.654795579612255 0.3328498303890228 2.455739229917526 0 1.164092116057873 0 9.320636101067066 3.869369104504585 33.37173733115196 3.845927640795708 4.219319775700569 0.1706140041351318 0.3248777687549591 0.8958010375499725 485.9900995343924 249.8465137481689 56.3132101893425 34.68751512467861 660.5929450690746 0 4.675247192382812 0.7675748914480209 0.637439489364624 0.3078061044216156 10.59126105904579 7.227178126573563 0.8822863698005676 20.62637409567833 4.05134391784668 0.5191766619682312 12.76782096922398 10.03263451159 10.83826395869255 1.806707352399826 0 0 0 0.2143387347459793 0 0 0 0 0 0 0 0 0 0 0 0 0.194781169295311 0 0.1404571384191513 2.5251574665308 0.1340601742267609 0 0 0 3.295697331428528 0 0.1557619571685791 0.8565343916416168 0.4542021304368973 0 0 0 0 0 0 0 0 0 0 0 0 0 0 0 0 0 0 0 0 0 0 0.8462339639663696 0 0 0 0.1155903711915016 0 0 0 0 0 9.001052312552929 0 0 0 0 0 0 0 0 0 0.2110023647546768 0 0 0.1375429481267929 0 0 0 0 0 0 0 14.05943009257317 0.2134706974029541 0.2687137275934219 24.65892005711794 2.014588907361031 9.42439766228199 1.098619028925896 251.0062976926565 0.1459794044494629 0.1380822062492371 1.260462075471878 1.392975151538849 0 0 0 27.94181632995605 0 0 0 5.140123069286346 0
1318.113184049726 3783.319225341082 73.36345865577459 3370.881325021386 2455.368638530374 430.0991936326027 0 35.66012704372406 2325.438446752727 4234.915526837111 113.777119576931 442.5123663842678 3810.813930466771 1206.31469193846 65.83702283352613 4.024924963712692 0.7014163136482239 1.007484674453735 0 0.9166642427444458 1.12764036655426 0.2737543284893036 0.6345132887363434 0.4885259345173836 1.886445105075836 1.49273931235075 1.117397226393223 2.68341076374054 0.3947572708129883 0.9589046165347099 137.0008351057768 4.306830406188965 15.34458629786968 0.3758249580860138 0.4003027677536011 0.9002386182546616 8.889459311962128 3.719551511108875 4.485178671777248 2.027862325310707 1.593108221888542 0.8713339790701866 0.4192252457141876 2.027714960277081 0.1317638158798218 1.086543433368206 281.4319572225213 17.37721708416939 2.49738448113203 1.172513134777546 14.98489462584257 1.588246427476406 0.3503502607345581 1.92372340708971 11.61394787579775 34.13392081856728 90.39822307229042 269.1202824413776 33.35432546585798 153.2888686880469 2.665015771985054 4.595524676144123 0.2642061710357666 42.48613629490137 13.66972634196281 28.34815815091133 10.00012014061213 13.83288190513849 0.4070257246494293 0.5537594258785248 56.43399090319872 40.4668108522892 0 650.5718147233129 246.0015590041876 313.7710635885596 89.583386272192 4.707062050700188 2.504694208502769 41.74450821429491 1.837781213223934 6.79736553132534 45.94604247063398 1.284674890339375 9.01490792632103 15.12690091133118 3.808722510933876 0.7084680572152138 8.104462526738644 0.4238284602761269 3.374336116015911 1.750225849449635 2.601527266204357 2.259759537875652 1.303682327270508 910.2555321604013 11.03329919278622 0 3.498413540422916 269.6704255416989 9.325279645621777 31.33346741646528 38.64095711708069 29.75202269852161 22.88333099335432 185.780112542212 39.58920702338219 28.69035729765892 106.9975446164608 64.7171982973814 4.349074825644493 203.8096495866776 120.9282683432102 188.3971692174673 64.54948943853378 1.624792173504829 0.3757123351097107 1.280465006828308 0.9548592865467072 0 0 0.1480873972177505 0 0.2001244425773621 0 0 0 0 0 0 0.2687347829341888 0 0.7059135735034943 0 48.03474668413401 3.799559034407139 0 0 0 101.7994123846292 0.7470804750919342 98.31541320681572 37.05425648391247 14.81895429641008 0 0 0 0.5612097978591919 0 0 0 3.991182737052441 16.66591296344995 0 0 0 6.013102352619171 0 0.3956814780831337 1.693050608038902 0 3.532194420695305 13.22215980291367 4.24332644790411 0 0.2140007168054581 52.79240420460701 6.16802940517664 1.800188556313515 0.1771636158227921 0.2512295246124268 0.3729110732674599 0.1414182931184769 0.1953955590724945 0 0 281.4179878532887 7.46301332116127 0 0 0.1258314847946167 14.13362699747086 1.455964088439941 0.6784581243991852 10.84022338688374 8.875638239085674 12.62866425514221 2.761996239423752 3.045553028583527 0.3759866058826447 0 0.224409319460392 0.1040595471858978 1.171551190316677 0.0849616527557373 0.3064359426498413 0.1702577918767929 142.6356917098165 32.87577822804451 51.6234635412693 655.6719337105751 53.8388045579195 821.8794143721461 139.151877194643 449.5502471849322 183.2511745244265 21.42498425394297 156.5845743119717 50.56376172602177 0.7487312257289886 14.79474497586489 3.6326072961092 132.5377504527569 4.814976572990417 0 8.347083657979965 19.04203481972218 0.8364064991474152
22.71631243824959 92.55884405225515 2024.544078968465 0.9837370067834854 48.32989712804556 0.1748107522726059 35.66012704372406 0 386.112437389791 1.696146607398987 2479.473870895803 2.438854359090328 143.7396074980497 592.2030197456479 15.4441767334938 5.328598290681839 1.976536326110363 9.691873714327812 0.3429135382175446 19.38834339380264 13.07762849330902 0 33.69347138702869 4.185555770993233 57.24038634449244 0.5920400023460388 11.21346128731966 2.528464324772358 0.4173539280891418 0 2218.37654324621 1273.838770069182 71.68759019672871 14.9426274895668 54.88358016312122 71.47465440630913 69.05359372496605 58.4472286850214 20.90221892297268 15.48813891410828 11.42432859539986 3.438441373407841 29.11817599833012 4.89836697280407 1.610433742403984 7.597393982112408 65.3021372333169 3.690568268299103 2.790954418480396 18.93625641614199 31.52203556150198 0.3809275031089783 0.6488333269953728 0.8483612835407257 1.674478903412819 5.419584900140762 35.76202565431595 525.0239866226912 5.072693444788456 23.23296657949686 100.3841378167272 54.6173579543829 40.41167399287224 306.2877776697278 2.362815447151661 4.758279092609882 4.968880511820316 21.75183141231537 18.13620287925005 54.17390625178814 50.08245725929737 9.157594040036201 0 168.4064519032836 99.5082416459918 70.65411518514156 130.4063623249531 90.80220613628626 717.0958791896701 2797.340128146112 86.90442755818367 956.2479035034776 8.691300250589848 0.08373110741376877 1.469189956784248 2.992774054408073 12.63318745791912 0.08768397569656372 1.30814890563488 0 1.480824917554855 1.50777168571949 26.31064262241125 8.500338807702065 3.963121600449085 11.70578818023205 4.726843520998955 0 2.90166611969471 27.36718553304672 0.6816081404685974 0.5658647418022156 0 1.21136462688446 1.318135783076286 4.950735569000244 0.4502685815095901 2.061402589082718 2.464856073260307 2.146872043609619 0.1307338625192642 7.047605559229851 3.280261129140854 5.449295043945312 2.650635130703449 0.3197841942310333 0 0 0 0 0 0 0.2387700825929642 0 0 1.148321583867073 0 0.6966530978679657 0.4353975057601929 0.4585274308919907 1.760940000414848 1.27463373541832 3.444880098104477 0.1237170174717903 2.256748676300049 0.2326519638299942 0 2.946217924356461 0.4774172008037567 4.583388209342957 0.6445070505142212 9.362758971750736 10.59025786817074 7.128965064883232 0.9857823550701141 1.367858558893204 0.7899945080280304 0.1373697072267532 0 0 0 1.081756144762039 1.466990068554878 0.2749246954917908 0 1.220871046185493 3.317791029810905 2.040917098522186 0 0 0 0 1.001770287752151 0 0.6275260299444199 0 6.97931757569313 0.4830895662307739 0 0 0 0.2980723828077316 0.3741026967763901 0.09718149155378342 0 0.3395528197288513 8.279387004673481 2.708128601312637 0 0 0.8535252511501312 1.761944882571697 0.1770844161510468 0 0.4074971079826355 0 0 0 0 0.3041084706783295 0 0 0.1123642399907112 0 0 0.2031099796295166 0.1937027871608734 2.546790838241577 3.778110921382904 6.615907490253448 114.8306395709515 14.22072646021843 151.8234530165792 28.5108644887805 36.30885109305382 17.25851326435804 3.591166317462921 33.13099291175604 6.117304384708405 0.520540177822113 1.856403216719627 0.5852797627449036 3.230250492691994 0 0 1.714700520038605 1.904497876763344 0
360.0370293036103 2692.646077491343 871.1384604349732 320.2716312929988 4111.984023332596 22.60928459465504 2325.438446752727 386.112437389791 0 239.7219957560301 1630.217821128666 15.98724749684334 319.7929421141744 1378.37964913249 22.69151809811592 1.81221280246973 0.2749600559473038 0.107977606356144 0.2400728464126587 0.1250144094228745 0.2088954821228981 0 0.3150842264294624 0 0.7077529951930046 0.6692186444997787 0.3629554510116577 0.868999756872654 0.8314885124564171 0 372.6976422518492 2.236554488539696 8.751138940453529 0.2387934327125549 0.1564659625291824 0.7315003722906113 4.389966771006584 1.036658480763435 0.7161809429526329 0.4387054145336151 0.4920670390129089 0.1811312437057495 0.6527461931109428 1.027163542807102 0 0.4698887914419174 84.11412223428488 5.539059706032276 0.7056069225072861 0.1092909649014473 3.110179409384727 0.1697490215301514 0 0.5192370712757111 4.72181236743927 9.780550859868526 25.92456252872944 135.9691389501095 8.881425745785236 45.33989407122135 1.5088851749897 1.176170989871025 0.2167018353939056 13.47366216778755 4.499067649245262 9.105285324156284 3.255917802453041 4.28907074034214 0 0.08871456980705261 14.12041189521551 12.55291019380093 0 165.1938943266869 83.95832622796297 103.0864463821054 39.39308668673038 0.5955056622624397 1.070876576006413 19.8908991292119 0.4155784547328949 4.173656456172466 10.87212304025888 0.2246810495853424 4.436223283410072 4.896078303456306 1.108378224074841 0.318273663520813 3.409661933779716 0.1976187452673912 1.292506694793701 0.9647238478064537 0.2238242328166962 0.7919026091694832 0.7355583757162094 124.8023079782724 4.801774650812149 0 1.163867175579071 76.68580140918493 4.356473878026009 7.482441544532776 5.41880851984024 6.554976731538773 8.395615093410015 127.8375891000032 8.72093665599823 9.890072628855705 24.21427644789219 20.98204518854618 2.275672718882561 68.94807800650597 34.22621478140354 64.14918333292007 19.69405853003263 0.7935563623905182 0.2605779469013214 0 0.1165108382701874 0 0 0.1724577099084854 0 0 0 0 0 0 0 0 0 0 0 0 16.90398590266705 1.134224765002728 0 0.1483363509178162 0 34.26427658647299 0.2488458156585693 30.00894289463758 12.55576846003532 3.287167698144913 0 0.1209069639444351 0.1609466075897217 0 0 0 0 1.698589533567429 1.195553757250309 0 0 0 0.1287702918052673 0.5090446472167969 0 0 0 0.3922579437494278 2.846037045121193 0.8446787595748901 0 0.8300426602363586 16.19675386697054 2.24439100176096 0.5962290018796921 0.3782512545585632 0 0.1006846874952316 0.1228448823094368 0.2951145470142365 0 0.3801911473274231 82.64462625980377 2.601294487714767 0 0 0.102020800113678 4.342489115893841 0 0 2.806571900844574 3.525306299328804 3.280246205627918 3.102633655071259 0.2577777504920959 0.1159320250153542 0 0 0.1056592389941216 0.1095867455005646 0.1952688619494438 0 0 38.68361373245716 15.56378211081028 13.6284481137991 223.4707660600543 16.49445788562298 295.8498838767409 48.16500111669302 107.335179515183 62.69974041730165 5.207988195121288 54.6423089876771 20.64423861354589 1.137662619352341 5.656100422143936 1.841836079955101 42.84826563298702 0.1739852875471115 0.4417645931243896 0.8786750584840775 1.585505798459053 0
980.2562650367618 405.487051717937 1.796756625175476 1861.163193911314 132.8880810514092 2442.960262313485 4234.915526837111 1.696146607398987 239.7219957560301 0 3.452766194939613 3818.805815428495 6275.652142874897 75.37502884864807 6.565580695867538 1.29688386619091 0 0 0 0 0.3064935803413391 0 0 0 0.7184401154518127 0.1406614482402802 0 0.2895435988903046 0 0 16.92839179933071 0.2869433388113976 5.959255665540695 0 0 0.6391444504261017 6.615358665585518 0.44254370033741 1.284984290599823 0 0 0.1104892268776894 0.1279778480529785 0.3048198372125626 0 0.2452147379517555 29.32832434773445 1.324762910604477 0.7253604978322983 0 0.7633756622672081 0.227656215429306 0 0.103600338101387 1.148216605186462 7.171437680721283 156.2406461760402 170.5665782317519 17.31551331281662 25.47162705659866 0.682016596198082 0.2839450985193253 0.1447979807853699 0.1517461687326431 4.110909685492516 3.349389791488647 0.8213782012462616 1.448490895330906 0.1283484697341919 0 149.1916874870658 9.703030407428741 0.1985081136226654 230.0035566985607 28.49220768362284 29.22511228173971 3.232172474265099 0 0.7162181586027145 3.258326768875122 0.3404571115970612 1.137205325067043 6.577052585780621 0.4780050963163376 1.210075996816158 1.828212559223175 0.6300861686468124 0.1169600263237953 0.4517146274447441 0 0.7089925557374954 0.4015490934252739 0 0.4526628851890564 0.611835278570652 762.5965634584427 3.245234221220016 0 1.072986036539078 1497.058810159564 0.7860596626996994 7.273624286055565 8.624017864465714 12.7194422185421 6.007993087172508 337.0389369726181 19.15709711611271 11.60516867041588 273.4463778734207 23.92950929701328 2.410410284996033 95.81347837299109 38.00788451731205 64.96947745233774 17.01449685543776 0.4529654383659363 0 0 0.2753036320209503 0 0 0 0 0 0 0 0 0.2153977006673813 0.2596246600151062 0 0 0 0 0 8.432274416089058 1.806370630860329 0 0 0 30.74931967258453 0 14.96530946344137 5.409320056438446 2.664473593235016 0 0 0 0 0 0.2161971479654312 0.3173502087593079 0.2006713300943375 1.478236690163612 0 0 0 0 0 0 0.1400280892848969 0 0.590684175491333 2.588917754590511 1.714162275195122 0.260550320148468 0 11.09530409425497 1.065021023154259 0.3547499254345894 0 0 0.1833921670913696 0.1060083210468292 0 0 0 80.66280824691057 0.4059812426567078 0 0 0 2.152808144688606 0 0 1.05714924633503 3.018896594643593 1.524801582098007 0.7937376499176025 0.5746323466300964 0.1418186128139496 0 0 0.1603862345218658 0 0 0 0 63.4726000726223 5.754688188433647 7.39777135848999 94.08357290178537 2.679051361978054 93.03819718211889 19.46397083252668 813.5684947669506 23.89521314203739 1.94644071161747 10.36600351333618 21.10958962142467 0.7292484045028687 1.375540591776371 0.8349420800805092 75.15219779312611 0.1622574478387833 0 2.577063173055649 88.20854824781418 0
261.6060949191451 1007.273190833628 2761.358523495495 23.46568084508181 261.7579465135932 1.890874534845352 113.777119576931 2479.473870895803 1630.217821128666 3.452766194939613 0 11.31553016602993 738.4302992373705 2425.325510390103 37.21155086904764 11.01899181306362 0.954359695315361 1.651808112859726 0 0.3290572166442871 1.531803905963898 0 2.863079339265823 0.8101002871990204 38.42788843810558 0.3828075304627419 3.061202377080917 0.9470411017537117 0.7049962133169174 0 1544.319559291005 368.3573823496699 338.0388041362166 0.5614680647850037 6.246030896902084 40.18465452641249 157.9685379937291 53.53407292813063 50.07760018855333 12.6425544694066 4.935602970421314 5.585509344935417 0.8864538595080376 3.449713528156281 0.5355236753821373 1.702099360525608 106.0186790823936 5.370206221938133 1.538157694041729 2.207253657281399 7.758926711976528 0.1015817821025848 0 0.7039711177349091 3.502156466245651 8.075479432940483 47.57050805538893 405.4346864819527 8.290209785103798 37.25700657069683 0.9003402814269066 22.13573177158833 10.92899893224239 29.91527234762907 5.048704169690609 8.202095031738281 2.756852455437183 5.060614809393883 1.050108999013901 4.352394990622997 340.3318079486489 13.78944170475006 0 228.6175016611814 104.7876950055361 106.6069945544004 47.27582531422377 4.064870677888393 322.0606718063354 1684.844669476151 0.7590914666652679 37.44851128757 11.04719864577055 0.404529981315136 3.426931373775005 5.129067033529282 2.127034224569798 0.3070247247815132 3.360865764319897 1.153662495315075 1.735304042696953 3.455025859177113 5.729907527565956 2.581561163067818 9.450467862188816 45.06061610579491 5.900336757302284 0.2823437452316284 15.71226280927658 148.8474033400416 0.6783529371023178 0.4626129567623138 0.8064968138933182 2.200526371598244 1.827015534043312 12.89629393815994 2.8982824832201 3.771390959620476 4.573135003447533 1.630794301629066 0.6242427676916122 10.97382151335478 6.984816148877144 8.595884203910828 6.101110808551311 0.3027033507823944 0 0 0 0 0 0 0 0 0.3607488870620728 1.300000995397568 0 0.2209886014461517 0 0.1093441247940063 0.920532763004303 0.3051727861166 3.85748765617609 0 5.508735276758671 0.4879533648490906 0 0 0 8.13898079842329 0 8.582448780536652 6.758810721337795 4.137661926448345 0 0 0 0 0 0 0 0.1178456693887711 1.824919901788235 0 0 0.9740607589483261 1.618650123476982 1.333589732646942 0.241542249917984 0 0 0.1531423032283783 0.5688158720731735 0 0.12834832072258 0 6.29546283185482 0.8320190608501434 0.1900639533996582 0.1080504134297371 0 0.4204127565026283 0 0 0 0.4405821561813354 18.41287626326084 3.424452170729637 0 0.08679142594337463 0 1.709947884082794 0.1547751128673553 0.2700227200984955 1.306793309748173 1.546465307474136 0.1167814955115318 0.5781093835830688 0 0.1755335032939911 0 0 0 0.1130245476961136 0 0 0 6.437059372663498 4.420643776655197 9.63445545732975 217.8570849150419 20.05765175819397 250.880997672677 40.67919667065144 78.75896702706814 40.34810884296894 5.50278328359127 49.92779563367367 6.244259849190712 0.3535559475421906 2.690859600901604 0.1079170554876328 8.892833799123764 0 0 1.274908736348152 1.940424032509327 0.1682281047105789
44.66398803889751 12.61565665155649 7.869452245533466 360.2513227313757 8.210392810404301 1053.908538550138 442.5123663842678 2.438854359090328 15.98724749684334 3818.805815428495 11.31553016602993 0 1635.371107935905 94.87610724568367 7.266125522553921 5.442475259304047 0.2799320369958878 0 0 0 0 0 0 0 0.1456751376390457 0 0 0 0.3858585208654404 0 7.831978499889374 0.3084632605314255 18.2050603479147 0 0 0 44.99553279578686 1.988117530941963 8.032824605703354 1.101949535310268 0 0.1121187061071396 0 0.7150127813220024 0 0.2508673742413521 16.72485668212175 1.257730297744274 0 0 0.2254420146346092 0.5238565504550934 0 0 0.1600770205259323 1.23704456537962 21.61634580045938 6.613681092858315 2.131774626672268 4.096564516425133 0.2539879977703094 3.159208610653877 0.1750526279211044 0.912039041519165 0.3628251627087593 0.8974757194519043 0 0.5382605940103531 0.2796986699104309 0 117.7085700556636 13.45234256982803 0.2783766686916351 13.27679046988487 4.222424909472466 8.552779570221901 3.477021031081676 0.9681060761213303 0.1530862152576447 6.872238337993622 0.2730179205536842 0.5941575318574905 0.1972136944532394 0 0 0.6465758606791496 0.2352991253137589 0 0.1776992380619049 0 0.0795244574546814 0 0.4391318932175636 0 0.1216847226023674 1983.836975894868 2.179842039942741 0 2.080610871315002 202.7393904700875 8.489686511456966 15.66119526326656 9.792550064623356 7.299440965056419 11.16230329871178 82.10256777703762 39.24899612367153 20.44157201051712 96.83733408153057 23.06995335221291 3.734704360365868 168.0914902165532 78.93172176927328 157.9065985307097 45.6187718808651 1.12851220369339 0 0.097726970911026 0.2166531831026077 0 0 0.1048808693885803 0 0 0 0 0 0 0 0.2001719325780869 0.2173832654953003 0 0 0 18.60916672646999 1.634925484657288 0 0.4938321262598038 0.1350382119417191 86.962895385921 0.1502510011196136 31.03301910310984 12.08358038961887 3.465426072478294 0 0 0 0 0 0.5518799498677254 0 2.124193839728832 5.771480493247509 0 0.1981883347034454 0 0.150709792971611 0 0.2311740070581436 0.5427276194095612 0 1.923435196280479 5.080526895821095 3.913880974054337 0 0 20.24800458550453 1.527735739946365 0.4644960314035416 0 0 0.1281831860542297 0.111538827419281 0 0 0 206.5287827476859 1.051851853728294 0 0 0 6.37155295163393 0.2665124461054802 0.6818377673625946 2.722988642752171 6.0501559227705 4.990844383835793 0.4403743967413902 0.3422604873776436 0.2484184205532074 0 0 0 0 0 0 0 148.5126306191087 16.36603444069624 17.59111332893372 95.45585875213146 3.35338681936264 55.02146718651056 11.8772597014904 304.10308932513 10.98750223219395 1.152684539556503 21.72373022139072 25.20730273425579 0.9549713134765625 5.023239731788635 0.7060236856341362 109.5714926123619 1.059729605913162 0 2.561132907867432 49.8085872232914 0
173.1460164934397 455.5923750326037 268.9791092500091 1063.6989518255 339.7853318527341 530.8593465834856 3810.813930466771 143.7396074980497 319.7929421141744 6275.652142874897 738.4302992373705 1635.371107935905 0 2497.536973565817 129.0742169842124 84.95631747692823 3.000484623014927 0.7255516201257706 0.5244067534804344 0.3140671700239182 0.7396247908473015 1.009522043168545 0.310380220413208 0.2159298807382584 5.307331062853336 1.289998382329941 0.6771948263049126 3.120032109320164 2.672672234475613 0.2022107094526291 194.389255464077 11.76289314031601 483.7481730505824 0 0 10.9628444314003 514.1225125938654 22.86715248227119 385.0523881241679 15.08599984645844 1.709167063236237 3.031618341803551 1.039208374917507 21.29936470091343 0.9038211703300476 2.797844849526882 257.9740782380104 7.969973385334015 2.712799236178398 0.4697315543889999 7.98114050924778 1.472201399505138 3.334330782294273 1.569777250289917 3.858168259263039 13.77632591873407 35.90591836720705 98.75300240516663 16.32924497872591 60.72947324067354 2.563166350126266 33.8980313539505 2.190820850431919 20.45509757846594 4.721759162843227 12.08969243243337 4.770250700414181 6.039707772433758 0.7878507897257805 1.029554985463619 880.7468907088041 209.4915749505162 1.061537936329842 161.775208607316 70.7113613858819 135.2387425303459 70.77833673357964 17.88547997176647 8.651757441461086 228.119770810008 2.645893827080727 16.34025088697672 14.86700301617384 0.2243788093328476 5.610357709228992 6.619138434529305 3.224947921931744 1.146217502653599 4.36787074804306 1.239371471107006 3.299953788518906 1.013585232198238 1.679284460842609 2.982337109744549 2.276448264718056 5204.198995262384 260.7719244360924 3.510994851589203 292.8857167139649 186.4093186557293 16.28433110564947 37.75687444955111 38.09456204622984 40.70274336636066 47.28645824640989 847.0234109088778 84.01801916956902 59.21331256628036 335.7084981799126 102.7320112213492 14.0848171710968 389.0998093634844 197.1583110541105 381.9061699807644 136.6090704500675 4.264987498521805 2.01476413756609 0.1630622446537018 0.5254858285188675 0 0.4933874607086182 0.4845115840435028 0 0 0 0.6122460663318634 0 0.3215090334415436 0.3009759485721588 1.576280035078526 0 3.199044689536095 2.258662730455399 0 82.92253201454878 12.95209583640099 0 2.55802296102047 0.3623829782009125 225.710578083992 3.434586182236671 179.486715324223 70.81756842881441 18.4205733537674 0 0 0.7443598732352257 0 0.6516883373260498 0.3566722869873047 0.1809204369783401 6.283823743462563 23.11389316618443 0.7272256910800934 0.3174532949924469 0 4.164518438279629 1.062444999814034 0.2326991483569145 1.662024579942226 0.2012641802430153 4.166281327605247 16.68601803481579 2.54051399230957 0.6097685620188713 0.4636266231536865 107.4353851079941 7.849153719842434 3.092009715735912 1.040727086365223 0.6998068690299988 0 0.256943054497242 0.08363299816846848 0 0.5669997036457062 639.9440193399787 30.93790827691555 0 0 0 22.39460365474224 0.2112855240702629 2.723216220736504 12.51175194978714 20.17037011682987 22.37977088242769 3.95282556861639 4.993083141744137 0.8290037736296654 0 0 0.2483270913362503 0.5621758326888084 0 0 0 355.4652278348804 111.3427615910769 105.4802560135722 762.4046117439866 72.46889778971672 675.1485909149051 140.1787894517183 468.7064354196191 120.9998903572559 16.91609687358141 209.1479630246758 73.37383536994457 1.375886589288712 23.5709308758378 8.152584187686443 214.4839921817183 6.408422075212002 0 15.26472893357277 24.58087832480669 0.8175479918718338
