0 5913.927473843098 1411.790711097419 3414.718735963106 1934.965001150966 106.7574307471514 2071.729860641062 136.8419354483485 62.61248981952667 2941.88726323843 324.0331127420068 377.1002308279276 373.4024032354355 140.6734586507082 2.670658677816391 3.598104655742645 0.2229034602642059 0 0 0 0 0 0 0 0.1560644656419754 0 0 0.3260466456413269 0 0 862.6028082743287 3.145911261439323 50.35235825181007 0 0 0.282730408012867 6.901795879006386 0.9176669642329216 2.400401800870895 0.7336794957518578 0.119673378765583 0 0.3835721984505653 0.1438076943159103 0 0 29.48216396570206 5.476089932024479 0 0.3633456453680992 2.725755430757999 1.479100704193115 0.6187140941619873 0.7609779089689255 0.9518715217709541 2.665290661156178 131.3466390818357 738.624786414206 30.1673863902688 2.81275536864996 0 5.060800679028034 0 1.243423447012901 3.544702462852001 2.179007306694984 1.063225574791431 1.623872548341751 0.3981085047125816 0.2980810031294823 153.4533992409706 7.497459918260574 0.9674311578273773 31.75496093928814 13.27287127077579 9.956611394882202 6.429521560668945 1.141855984926224 4.195704892277718 114.1595374345779 0 2.014695525169373 6.23626983165741 0.4321858882904053 3.343447461724281 2.084867186844349 0.4086568355560303 0.4890743792057037 2.018574863672256 0.6764073371887207 1.236590191721916 0 0.4800500497221947 1.05965917557478 0.1562889218330383 198.2600552737713 10.18788327276707 1.318997830152512 2.552213817834854 468.2974327206612 0 0 0 0 0.7835652828216553 0.9992922991514206 1.092518538236618 0 56.72835522890091 3.473282337188721 0 7.567202940583229 3.2383052110672 17.50000002980232 1.46826745569706 0 0 0 0 0 0 0 0 0 0 0 0 0 0 0 0 0 0 0 0 0.2003919631242752 0 0 0 1.693662345409393 0.8174192309379578 3.333193108439445 0 0.1360746473073959 0 0 0 0 0 0 0 0 0.705377995967865 0 0 0 0 0 0 0 0 0.6291918754577637 0 0 0 0 2.414223730564117 0 0 0.142551377415657 0 0 0 0 0 0 7.868292421102524 0 0 0 0 0.1451045423746109 0 0 0 0 0 0 0.3057664632797241 0.1022878363728523 0 0.1364485174417496 0 0 0 0 0 0.1978769898414612 0.8788082003593445 0.9293433129787445 29.56099139153957 4.699060566723347 69.48024655878544 8.026802256703377 220.6094878390431 11.70819169282913 1.007107377052307 9.756625846028328 0 0 1.211405619978905 0.8134501874446869 0 0 0 0.5122435092926025 0.5377071052789688 0
5913.927473843098 0 1108.133942849934 472.166698358953 2588.053890101612 49.57278552651405 4793.975371196866 63.47423420846462 235.0036292374134 315.9327946379781 355.9313419759274 1.005179479718208 160.9646146818995 285.2064760029316 7.035740599036217 2.049104437232018 0.6402485445141792 0.1103299260139465 0 0 0.3092295080423355 0 0.1260510087013245 0.1038863286375999 0.1639892905950546 0.6962004974484444 0.1478770971298218 0.118711806833744 0.1364924311637878 0.2482849061489105 1430.336444489658 2.849382534623146 50.63304860889912 0.1230865120887756 0 0 6.18628715723753 0.8571862950921059 0.8257914781570435 0.6120242923498154 0.6089071482419968 0.7283417731523514 0.09242191165685654 0.5745447129011154 0 0.2296505123376846 166.2637258246541 39.12541549652815 0.1407424807548523 0.5864479914307594 10.90356644243002 0 0.737765371799469 0.4715404510498047 8.627085581421852 17.17995646595955 219.3309400677681 529.3943609669805 65.25069772452116 22.45648314058781 0.1884712427854538 4.012597441673279 0.129624143242836 19.53204901516438 23.69505172222853 16.94842085242271 8.266108527779579 9.748933061957359 1.414854772388935 0.2832951471209526 7.960656002163887 1.494681715965271 0 142.007263250649 105.0116175189614 82.17310209572315 26.48058642446995 2.021986648440361 0.9820335507392883 96.57943194359541 0 2.362301431596279 36.03951362520456 1.177076265215874 28.95992384850979 13.7904687076807 5.839213266968727 0.1841100305318832 5.669170014560223 0 2.819317862391472 1.209763005375862 1.138089157640934 2.478136703372002 1.383890584111214 14.55395899713039 0.495593398809433 0.1038668975234032 3.398340463638306 816.1812640279531 0 0.9535756707191467 1.215148285031319 2.85685658454895 1.561072558164597 1.954641193151474 7.985903143882751 4.087859228253365 9.0175950974226 9.533857688307762 4.985785916447639 12.92136672139168 11.90093000978231 22.98138175904751 12.88792803883553 0 0 0 0 0 0 0 0 0 0 0 0 0 0 0 0 0 0 0 3.019391819834709 2.540805742144585 0 0 0 5.821633726358414 0 5.821594536304474 0.9342067539691925 0 0 0 0 0 0 0 0 0.9853875041007996 1.298348665237427 0 0 0.2959116846323013 0 0.148349404335022 0 0 0 0.6996497511863708 0 0 0 0 5.763172835111618 0 0 0.4167778193950653 0 0 0 0 0 0.1665486395359039 18.97881352901459 0.8252754211425781 0 0 0.2196293324232101 0.1764273941516876 0 1.627599120140076 0 1.303283452987671 0 0.1829620748758316 0 0 0 0.2141358554363251 0.1211811602115631 0.4571624100208282 0 0 0 2.031337201595306 0 5.584334343671799 87.66351410001516 16.77580273151398 490.2010949626565 43.30670277774334 284.9046529754996 61.33075062185526 6.929549813270569 18.89922799170017 5.857478410005569 0 2.673105254769325 0.1549429148435593 8.32014536857605 0 0 0.6213081479072571 0.3378482609987259 0
1411.790711097419 1108.133942849934 0 16.54344707727432 2315.494864054024 107.6527002900839 323.7124298736453 3768.955835781991 851.8485786244273 34.77379956841469 4875.651331216097 2.298427611589432 427.5305439159274 1259.853465057909 40.28664697706699 48.22551602125168 14.28368912637234 10.61260186880827 0 20.00603992491961 19.42856524139643 0 4.652458295226097 0.3060095310211182 7.938531778752804 2.630021013319492 1.481499373912811 0.09533323347568512 0.2460070326924324 0.1331727206707001 3970.577004671097 618.5785692706704 310.2719775214791 0.8392049372196198 3.51035675406456 23.97364056110382 47.23020691424608 12.97539672255516 4.084973528981209 7.215923108160496 7.849405750632286 0.9276328980922699 107.9891598597169 5.6803919672966 0.7964381873607635 3.372297197580338 240.2188283056021 59.13445894420147 6.510786302387714 87.0056087821722 50.40095815062523 0 0.6244286596775055 1.242944210767746 7.286256447434425 10.72565492987633 211.4635224044323 853.5765474289656 71.77120055258274 40.93176497519016 24.54470799863338 46.50733098387718 3.829953998327255 415.0088787600398 23.03613242506981 30.85373436659575 23.59381803125143 104.4555187523365 97.80179631710052 98.56995875388384 42.01703189313412 6.423842519521713 0.1367233395576477 176.3716662675142 170.4532226994634 146.0065471380949 87.48072139173746 30.15611273050308 373.9040176421404 1449.101457081735 11.41727550327778 590.8468707576394 43.89717476069927 1.396971337497234 35.86382577568293 15.36983492970467 53.262855052948 0.08594931662082672 9.075057588517666 0 7.540878638625145 0.9667784348130226 109.3379561752081 12.3111212849617 3.910602010786533 34.91835886240005 0.9962353855371475 0 0.93781977891922 849.9717291817069 0 2.188512682914734 0.6898468136787415 8.44503627717495 1.931036025285721 6.714766830205917 10.78321641683578 8.499980136752129 3.977639734745026 20.46017587184906 1.323695570230484 38.30638524889946 26.30960901081562 85.1159333884716 46.50056231021881 0.2429019659757614 0 0.5354684591293335 0 0 0 0 0 0 0 0 0 0 0 0 0 0 0 0 1.693435780704021 2.241067633032799 0 0 0 14.6595860272646 0 28.6531627625227 8.957770511507988 1.150746732950211 0 1.290202513337135 0 0 0.4183227717876434 0 0 0.7816122174263 7.246915832161903 1.841512814164162 0.6283453106880188 0.1324265748262405 0.5049200654029846 0.1207680329680443 0 0 0.09112256765365601 0 1.143824681639671 0 0.1310145407915115 0 28.06963467597961 2.348157167434692 2.329550921916962 0 0 0 0.130792647600174 0.1362209469079971 0 0 44.30728214979172 0.1729070395231247 0 0.2585621029138565 0.1151117086410522 6.802961438894272 0 1.784355640411377 1.13385859131813 0.2799158990383148 0.540227472782135 0 1.228376314043999 0.2273348197340965 0 0 0 0.5737517550587654 0 0 0 6.889487639069557 0.3661634176969528 9.909218087792397 116.7744428068399 20.57788323611021 601.6313355341554 83.42444917559624 334.2104689031839 57.10024942457676 4.908776834607124 68.42887057363987 5.723776742815971 0 14.32419684529305 4.541220061480999 22.27048885822296 3.473153710365295 0 3.087716698646545 1.864495635032654 0
3414.718735963106 472.166698358953 16.54344707727432 0 307.0023000538349 277.9590121507645 262.0943211168051 0.7061974406242371 12.15679460763931 1069.816245466471 3.342220410704613 141.8822472691536 496.1063639521599 1.961858421564102 0.4105260372161865 0 0.321713000535965 0 0 0 0 0 0 0 0 0.4211707413196564 0 0.2718062698841095 0 0 90.72241037338972 0.3915185779333115 0.1726865470409393 0 0 0 0 0 0 0 0 0.1311372816562653 0.1076227575540543 0.4400217607617378 0 0 21.80099043995142 5.48507671803236 0 0.1200722455978394 3.247416853904724 0 0 0 2.251908972859383 3.691688440740108 72.27309922873974 146.6604126691818 20.15625774115324 3.516757354140282 0 0 0 1.406505599617958 4.903674684464931 3.23182986676693 2.125448800623417 2.290866509079933 0.393990658223629 0 20.00746468454599 0 0 35.11298364400864 14.33377837389708 6.902534700930119 2.391612783074379 0 0 0.4068860709667206 0 0.09967224299907684 9.789645187556744 0.1578909009695053 6.037656024098396 3.470477007329464 1.055751651525497 0 1.483628742396832 0 0.6380401477217674 0.2422189861536026 0.2349063903093338 0.5064049735665321 0.1147692948579788 46.00767536461353 0 0 0 467.8192721456289 0 0 0 0 0 0.8646264672279358 2.784126758575439 0 17.26166692376137 6.73339170217514 0 3.734054625034332 2.065142542123795 6.502058237791061 0.4672220647335052 0 0 0 0 0 0 0 0 0 0 0 0 0 0 0 0 0 0 0 0 0 0 0 0 0 0.67165607213974 0.2243000268936157 0 0.179535984992981 0 0.1120576709508896 0 0 0 0 0 0 0.3018042147159576 0 0 0 0 0 0 0 0 0 0 0 0 0 0 0 0 0 0 0.1661147028207779 0 0.1235570907592773 0 0 0.9104217886924744 0 0 0 0 0 0 0 0 0 0 0 0 0 0.1085307970643044 0 0 0.2662732601165771 0.1265044808387756 0 0 0 0.5671650767326355 0 49.29745083302259 2.401907652616501 94.58730851858854 4.871041126549244 369.6896702423692 15.60675631463528 1.08457850664854 0.8036387413740158 0.1418682932853699 0 0 0 0.9522461295127869 0 0 0 0 0
1934.965001150966 2588.053890101612 2315.494864054024 307.0023000538349 0 6.118967071175575 3925.693740107119 79.21125430613756 4770.032507479191 426.6534132957458 1858.514296919107 6.901937872171402 1583.359419442713 1447.35230525583 20.39679530262947 4.790920682251453 1.622109398245811 0 0 0.2242622077465057 0.7368497997522354 0 0 0 0.4011491909623146 0.1380293071269989 0.1424151360988617 0 0.1420468240976334 0 554.4539311155677 11.57846939563751 15.39214132726192 0 0 0 2.15288645029068 0.1710638552904129 0.971943587064743 0.8350243717432022 0.8265685588121414 1.216163918375969 0.2583037540316582 0.5117989331483841 0 0.1082563251256943 302.1226201206446 37.087431833148 0.5992590263485909 0.5751027464866638 16.38571847230196 0.1536437720060349 0.2606908082962036 1.206906162202358 8.105974815785885 13.21800410747528 66.56740341335535 154.3892915844917 24.35046718269587 39.77842048555613 0.1937405467033386 1.353306874632835 0 32.99789490550756 21.26378267258406 13.67726364731789 8.804438561201096 9.85027838498354 0.4874489605426788 0.2126012593507767 5.406197160482407 1.55064195394516 0 103.3326323851943 131.7949580401182 157.8600616306067 78.7904634475708 3.951770924031734 1.867644019424915 16.69632565975189 0.1741927415132523 0.764716349542141 29.06648479402065 1.216451913118362 22.15487852692604 16.9409938827157 6.762987323105335 0.2658999264240265 6.485586494207382 0.1245018318295479 5.413137577474117 1.374178186058998 2.387957483530045 4.936131745576859 1.605309091508389 43.40834504365921 0.2790235280990601 0 0.175027459859848 122.1490004956722 0 0.741057276725769 1.514992102980614 8.0044976323843 3.220572672784328 5.105405390262604 12.23190402984619 8.613050892949104 10.2045613527298 23.01027281582355 1.173264637589455 35.65804289281368 25.48254335671663 88.70407575368881 26.64603973925114 0.2749803960323334 0 0 0 0 0 0 0 0 0 0 0 0 0 0 0 0 0 0 1.085707880556583 0.5507267862558365 0 0 0 14.56074658036232 0.1457664966583252 25.27216263115406 0 0.2249554544687271 0 0 0 0 0 0 0 0.6181377470493317 3.328370869159698 0 0 0 0 0.11683339625597 0 0 0 2.710886716842651 0 0 0 0 21.45251366496086 0 0.9619841575622559 0.2282979786396027 0 0.1606196910142899 0 0.1740937530994415 0 0 31.67656613886356 1.208267629146576 0 0 0 8.456794396042824 0 4.761462807655334 0.3555884957313538 0 1.129718080163002 0.1306024789810181 0 0 0 0.2365002855658531 0 0.09775079786777496 0 0 0 5.884432569146156 0.7965817749500275 6.677282422780991 85.72901037335396 17.60068295150995 675.0567219331861 122.5112387388945 152.0774398073554 79.23124770075083 4.916544876992702 56.35555499792099 8.38966778665781 0.3380739986896515 11.10173612087965 0.2783264219760895 10.62100605666637 0 0 1.125969596207142 1.890283457934856 0
106.7574307471514 49.57278552651405 107.6527002900839 277.9590121507645 6.118967071175575 0 266.7134185284376 3.064268603920937 29.1314100176096 1425.715123072267 12.08228145539761 358.2950188666582 511.296765640378 61.56718866527081 1.452092885971069 2.001260921359062 0 0 0 0 0 12.16414530575275 0 0 0 0 0 0.5046061128377914 0.9992933869361877 0 47.54680339992046 0 44.50379398465157 0 0 0 45.67578308284283 1.770176455378532 17.09041722118855 1.601685933768749 0.1038131043314934 0 0 0.7228271961212158 0 0.5330649614334106 1.8353251516819 0.5751100331544876 0 0 0.8137885928153992 13.67754504084587 2.836259990930557 1.001650184392929 0.1355317980051041 5.98912438005209 392.3227433562279 6.963546812534332 0.1888963431119919 0 0.3196639716625214 20.6301893144846 0 1.220735102891922 0 0.3963052034378052 0.4398060813546181 0 0 0.1391566842794418 442.3219605833292 139.8550751805305 23.21005442738533 0.6170379817485809 0.1764103174209595 2.195013508200645 0.8900213539600372 0.1717114299535751 0 7.5953558832407 0.5337499976158142 4.359309419989586 0 5.818919375538826 0.1145810037851334 3.540999360382557 0 21.31735156476498 19.14226410537958 11.99640448391438 2.515122070908546 6.575014516711235 0.2688793838024139 0.3178638517856598 0.191201776266098 356.3096690773964 95.6177806481719 20.21973678469658 30.36581879854202 974.650393307209 0 0 0 0 0 0.1446256935596466 0.7866796255111694 0.6694759130477905 4.86254645884037 0 0 2.593856185674667 1.176414385437965 5.706619717180729 1.126961961388588 0 0 0 0 0 0 0 0 0 0 0 0 0 0 0 0 0 0 0 0 0 0 0 0 1.557745173573494 0 1.386638030409813 0.8157437145709991 0.2686056941747665 0 0 0 0 0 0 0 0 0 0 0 0 0.2497662454843521 0 0 0 0.4745333045721054 0 0 0 0 0 1.389084607362747 0 0 0 0.4444115459918976 0 0 0 0 0 3.211573988199234 0.7833462506532669 0 0 0.2780146300792694 0.1621472537517548 0 0 0 0 0.1651004403829575 0 0 0.3685383796691895 0.3547799438238144 0.2346717417240143 0 0 0 0 0 1.538998305797577 0 0.8245660811662674 7.081247299909592 0.6332205459475517 9.320112660527229 3.738822601735592 257.4194259494543 2.104807034134865 1.533678621053696 4.177452936768532 1.361106902360916 0.4771242886781693 2.148750007152557 0 0 0.1678953915834427 0 0 0 0
2071.729860641062 4793.975371196866 323.7124298736453 262.0943211168051 3925.693740107119 266.7134185284376 0 22.31040596961975 1819.6823919788 951.6775083914399 634.6127816140652 92.86052577197552 2953.61512607336 929.1788424476981 33.19279801100492 9.638326495885849 2.315211772918701 0 0.3409857451915741 0 0.2293467298150063 0 0 0.1069772094488144 0 0.2613853514194489 0.1874705404043198 0.6480891332030296 0.8076391294598579 0.2323892042040825 386.0241798833013 13.41266474127769 5.991155937314034 0 0 0.3265150114893913 3.950531527400017 0.1158196032047272 3.28742940723896 0.2205761298537254 0.3348645567893982 1.992109872400761 0.5847382694482803 0.707558810710907 0.3367435783147812 0.4091994613409042 676.5828639417887 93.35387733578682 1.152072854340076 1.158839166164398 32.84794165194035 0.5618040859699249 0 2.369376793503761 19.27070067822933 29.19058491289616 246.0114479139447 448.370867215097 87.36928582936525 84.93297006189823 0.3317025005817413 0.3849861323833466 0 65.25280912220478 50.64222947508097 32.67059031128883 17.80096092075109 21.04095301777124 1.581930994987488 1.204178251326084 8.21365949511528 3.546373426914215 0.1287143528461456 272.7079838216305 322.6915035024285 317.5781545564532 144.0477278530598 6.761304840445518 0.8696962296962738 11.37158121913671 1.077884435653687 2.691252857446671 71.19381612539291 2.828084997832775 57.22711361199617 37.10217250883579 12.80805469304323 0.2856142744421959 21.13407938182354 0.4026244804263115 9.67369794100523 2.094522625207901 2.227412909269333 6.203163869678974 3.95578221976757 308.8491443544626 0.8246742784976959 0 0.4439531862735748 518.0386695712805 0 10.77273003757 6.525523543357849 16.01680238544941 5.919689655303955 17.54104574024677 24.35210368037224 18.80421222746372 14.14846988022327 65.38891386985779 11.58808989822865 111.2770818546414 68.97329543530941 229.8684156090021 79.25793699920177 0 0 0 0 0 0 1.113561868667603 0 0 0 0 0 0 0 0 1.195446491241455 0 0 0 4.140290811657906 4.336349338293076 0 0 0 24.40416944026947 0 30.82380777597427 8.609557628631592 2.67522782087326 0 0 0 0 0 0 0 2.762854367494583 10.84355949610472 0 0.5295487642288208 0 0 0.1952802389860153 0 0 0.09858401119709015 0.350501149892807 2.829216837882996 0.7256094813346863 0 0 46.44480209052563 0 0 0.2819717526435852 0.3297261893749237 0.1020643711090088 0 0.2830462753772736 0 0 75.03291124105453 1.772307544946671 0 0.3884534537792206 0.8698082268238068 7.407965555787086 0 3.43966418504715 0.4368317052721977 5.103690057992935 1.052116692066193 0.1501821130514145 0 0.3092148005962372 0.1633265912532806 0.3750853911042213 0.1100232973694801 0.7291382104158401 0 0 0 19.22315846383572 1.785863012075424 6.434977203607559 247.7417598664761 59.95730657875538 1601.370819956064 242.8818333745003 863.4761876612902 191.4502555578947 21.23307199031115 114.3724614158273 15.14660276472569 2.068156659603119 18.06207333505154 1.142095573246479 28.65436190366745 1.366234719753265 1.205130338668823 5.567679837346077 4.346629738807678 0
136.8419354483485 63.47423420846462 3768.955835781991 0.7061974406242371 79.21125430613756 3.064268603920937 22.31040596961975 0 77.33489345759153 5.072735622525215 746.182499922812 1.577515304088593 201.452709145844 445.896375015378 40.89050383865833 46.39904633164406 20.84569482505322 50.92222271859646 1.506398975849152 52.37269893288612 51.33959944546223 0 6.732756346464157 1.525077432394028 12.12038775533438 2.58573691546917 1.270901739597321 1.125691846013069 0.618226058781147 0.1122027859091759 1713.776651464403 2597.557174198329 223.7003563791513 3.057573780417442 11.46643439680338 40.85601584613323 43.05970348417759 17.59336875379086 5.273190513253212 6.005397632718086 7.786662869155407 2.838504172861576 202.075243294239 407.9900643453002 8.840229704976082 49.31023721396923 289.0096294730902 46.10239747166634 16.58759514987469 209.497908398509 45.81637971103191 0 0.3018090277910233 0.9309154525399208 4.56202495098114 8.344120152294636 73.45495608448982 211.5960224568844 30.24719546735287 37.83499556779861 524.1808926016092 127.71949878335 22.66651849448681 230.4583002999425 15.68746249377728 27.30942435562611 29.18482578545809 147.4775964766741 151.0385859683156 145.1926059424877 36.96421559154987 5.205940455198288 0.1017990037798882 109.8742422610521 221.6520174220204 199.2791922539473 229.256677210331 439.8834346905351 660.4586781263351 1600.902799546719 675.788197234273 1146.028974711895 21.72814903408289 0.4431967064738274 26.228451423347 15.11415287107229 88.0414205789566 0.09235779941082001 6.056279420852661 0.3237110078334808 4.124768666923046 1.282100766897202 146.8721303269267 7.180538095533848 2.001107275485992 29.36535772681236 0.9451646655797958 0 0.7841371148824692 101.3599971160293 0.1521589010953903 0.3989903628826141 0.5818427801132202 0.2397767901420593 0.129337266087532 2.709413081407547 0.4715830832719803 6.690079167485237 2.298471286892891 10.19342161715031 0.7256425619125366 13.85106334090233 11.21041749417782 44.75870724022388 20.37049986422062 0 0 0 0.1606125682592392 0 0 0 0 0 0 0 0 0 0 0 0.2745778560638428 0 0 0 1.619494371116161 1.089358121156693 0 0 0 6.21735392510891 0 10.63088935613632 1.952350452542305 1.903013452887535 0 0 0 0 0 0.3789860010147095 0 1.851959526538849 4.306113198399544 0.337815910577774 0 0 0.1305273920297623 0.2177865952253342 0 0.09145481139421463 0 0 2.829167306423187 0 0 0 10.88309019804001 0 1.096221208572388 0.348296731710434 0 0.3311650454998016 0 0 0 0 21.63663484156132 0.5519017428159714 0 0 0 2.682845130562782 0 0 0 1.396359801292419 0.5624838471412659 0 0 0 0 0 0.1029377207159996 0.4573048129677773 0.2673144340515137 0 0 3.028343871235847 0.3566834628582001 6.099240586161613 89.17331639677286 13.04230777174234 615.2837406694889 98.24693188816309 73.10818985849619 44.74785602837801 3.913561031222343 62.49546775966883 3.074786491692066 0 8.585075192153454 2.184336930513382 8.424453422427177 1.631428003311157 0 4.022266030311584 0.5244505703449249 0
62.61248981952667 235.0036292374134 851.8485786244273 12.15679460763931 4770.032507479191 29.1314100176096 1819.6823919788 77.33489345759153 0 349.6608933359385 4012.011493884027 22.60422196984291 3618.722094908357 2403.631009154022 35.51233769953251 11.2001619040966 0.9527119621634483 0.254999503493309 0 0 0 0 0 0.1227359995245934 0.1156112030148506 0.6747811213135719 0.1064197644591331 0.2431594580411911 0.5710659325122833 0 151.4695993810892 19.83730712532997 14.92833836376667 0 0.1144861206412315 0.8340690433979034 3.338463142514229 1.214261755347252 0.6505799293518066 0.6755838990211487 0.6753126382827759 0.1963630318641663 0.1645676642656326 0.2657931298017502 0.2746931612491608 0.6242193877696991 402.68221899122 20.05157216638327 0.3598202764987946 0.8782829642295837 9.040724866092205 0 0.3468981385231018 0.433267243206501 5.027417205274105 8.109716050326824 47.20660132169724 60.4330737516284 21.09185158461332 43.05664929002523 0.1549180448055267 2.354099527001381 0 37.91730204969645 12.27794200927019 7.959264419972897 7.036314658820629 7.418564677238464 1.225472688674927 0.7185450717806816 10.59653869271278 5.196453273296356 0 85.69450499862432 129.4172882884741 186.6992330253124 140.2100329175591 9.669814221560955 0.588072270154953 23.63527459651232 0.4151638746261597 1.310454823076725 16.06657475978136 3.068916082382202 15.61109897494316 9.628076262772083 3.246696546673775 0.1243468672037125 3.692314095795155 0 3.885739982128143 1.281575419008732 0.9038024917244911 2.099887572228909 1.49727264046669 225.2964443266392 0 0 1.781968772411346 40.18929672986269 1.934131145477295 3.830548733472824 8.083442598581314 12.95467594265938 8.39410300552845 17.69981609284878 21.72584207355976 24.6308927834034 12.29202383756638 63.33498813211918 8.471217140555382 119.7201099544764 58.97628952562809 230.939899533987 103.8661112934351 0 0 0 0 0 0 0 0.5837998986244202 0 0 0 0 0 0 0 0 0 0 0 4.547603338956833 2.079139471054077 0 0 0 19.13468787074089 0.4183976650238037 48.45959310233593 5.250284433364868 0 0 0 0 0 0 0 0 2.881440609693527 4.589029550552368 0 0 0 0.1775305569171906 0.6990264654159546 0 1.252447783946991 0.8139180541038513 4.263895362615585 5.090049564838409 0 0 0 56.8636122494936 1.464392781257629 1.789163589477539 0.555253267288208 0.3566081821918488 0 0 0.1098287180066109 0 0 109.1928643882275 0.5514453053474426 0 0 0.4312856271862984 4.764336302876472 0 0.8062360286712646 1.629136338829994 1.431003034114838 4.909211203455925 0.2883260399103165 0.5408404171466827 0 0 0.09793961048126221 0 0.2348096519708633 0 0 0 19.57986007630825 0.7955732494592667 23.47842799127102 154.9205474182963 18.7237576842308 906.9828439578414 181.5962741076946 151.1671994403005 103.0650241300464 4.334828779101372 129.5968399345875 14.69149938970804 0 31.9070100709796 4.571005679666996 43.44287113845348 1.201090276241302 0 7.862950876355171 3.37446928024292 0
2941.88726323843 315.9327946379781 34.77379956841469 1069.816245466471 426.6534132957458 1425.715123072267 951.6775083914399 5.072735622525215 349.6608933359385 0 97.10635010898113 1396.868912249804 5990.965012043715 71.89520059525967 5.843607515096664 3.279265776276588 0.4810686260461807 0.1094973385334015 0 0 0 0 0.1859408020973206 0 0.1695876568555832 0 0 0.1334502100944519 0.1606384366750717 0 115.7804500460625 5.393153607845306 4.193535298109055 0 0 0.6788199543952942 2.942539542913437 0.1446963101625443 1.886132210493088 1.182573407888412 0.3809909299015999 0 0 0.2230199426412582 0 0.312120258808136 107.7793389558792 13.82233148813248 0.31800577044487 0.153593897819519 5.097459241747856 0 0 0 2.958254307508469 3.590333454310894 117.3917086645961 172.5017710626125 21.21613685786724 10.56272677332163 0.1595923453569412 0.3344418257474899 0 8.5505111515522 7.391661889851093 4.587677508592606 2.575671002268791 2.182858340442181 0.4715330526232719 0.1156644150614738 449.0271530300379 3.165034726262093 0 49.10302736610174 40.63580618798733 33.2186279669404 21.27682574093342 1.700347766280174 0 2.303250879049301 0 0.3666616231203079 13.76502430438995 0.8645826578140259 9.559476539492607 4.321474857628345 2.177115961909294 0 2.448413580656052 0.1104654520750046 0.9120579063892365 0.682822085916996 0.3328942060470581 0.4527306407690048 0.6078022122383118 989.7062924951315 9.844304889440536 0 1.788071796298027 817.7966101169586 0.1170410066843033 2.653615474700928 2.88053971529007 35.58144907653332 2.422725513577461 5.285129323601723 13.44918954372406 16.02644516527653 45.74409937858582 36.7284859418869 2.735850960016251 49.01043224334717 35.0029963850975 108.9351276010275 31.80699226260185 0 0 0 0 0 0 0 0 0 0 0 0 0 0 0 0 0 0 0 5.923634827136993 2.389730930328369 0 0 0 8.505644455552101 0 12.35896083712578 1.721445798873901 0.1270022839307785 0 0 0 0 0 0 0.3501383662223816 0 5.405538313090801 0 0 0 0 0.8929987549781799 0 0 0 0.2444482296705246 0 0.1771220713853836 0 0 23.76072101294994 1.92837393283844 0 0.9276170134544373 0 0 0 0 0 0 34.99206945300102 0.3481709361076355 0 0 0 4.092311680316925 0 0 1.788872085511684 0.1941720694303513 3.300262242555618 0.3382073640823364 0 1.207120060920715 0 0 0 0 0 0 0 9.231809258460999 0.8879776000976562 6.928592011332512 151.3346395716071 5.991309508681297 283.8694442585111 34.6002504080534 1195.296229615808 31.83041445165873 2.013925217092037 39.9221657961607 4.561007872223854 0 11.77253772318363 0.5070275068283081 22.88845437765121 0.1220680624246597 0.4636107683181763 5.037351965904236 0.710953414440155 0
324.0331127420068 355.9313419759274 4875.651331216097 3.342220410704613 1858.514296919107 12.08228145539761 634.6127816140652 746.182499922812 4012.011493884027 97.10635010898113 0 3.415109559893608 1906.377390488982 7853.498846843839 52.32958939671516 35.2545074224472 4.10659734159708 0.3112055063247681 0 0.3519150465726852 2.166000112891197 0 1.129452615976334 0 3.158081457018852 1.089381329715252 0.08246896415948868 0 0.9498450756072998 0 739.333346799016 222.5542246550322 1454.725641831756 0.1722030192613602 0.1764165163040161 8.578634664416313 254.5786643847823 13.75332363694906 10.99800477176905 12.20709630846977 3.287235967814922 1.354980930685997 5.308394759893417 1.678843438625336 0.4655898660421371 1.378403261303902 325.4326233267784 29.44728305190802 1.066006354987621 4.468659639358521 17.71694134175777 0.1627233624458313 0.9473481476306915 0.7412680834531784 3.764438726007938 9.841708548367023 54.8559020832181 122.6094719991088 18.95822171121836 42.96077031642199 1.861390084028244 49.53526332974434 1.591676816344261 52.41057252138853 17.081786416471 11.93197318166494 10.18006537109613 15.70947732031345 8.882255338132381 14.00287325680256 192.5195027142763 10.59056417644024 0 96.32593951374292 122.0965685769916 217.9828573912382 162.0416932329535 22.55572051554918 102.2554597780108 1511.657972730696 0 49.9001253247261 18.43045312166214 0.452021524310112 19.30557718873024 10.79702285677195 7.353094607591629 0.1053227707743645 5.157200403511524 0.1323832422494888 4.0455332249403 1.65597727894783 21.85672640800476 6.358876116573811 1.280565232038498 107.5419321358204 2.397419184446335 0.1249189749360085 2.588992297649384 90.69900688529015 0 3.430827930569649 8.940850749611855 7.75740984082222 3.095811620354652 9.533926963806152 16.70052191615105 20.14009287953377 5.889739245176315 38.170554459095 3.75529445707798 90.45925073325634 48.36190804839134 193.3765125870705 91.49885899573565 0 0 0 0.1626206338405609 0 0 0 0 0 0 0 0 0.6587074548006058 0 0 0 0 0.1947057396173477 0 4.436082549393177 4.62086483836174 0 0 0 24.28958541154861 4.817844390869141 42.83310994505882 10.47472484409809 0.2484218254685402 0 1.085942029953003 0.1338205486536026 0 0 0.4720097184181213 0 3.714088797569275 5.790982514619827 0.5145222544670105 0 0 0 0.3519305884838104 0 0 0.2621695995330811 7.029215514659882 5.630333371460438 0 0.6929255127906799 0 55.93283906579018 0 0 1.627644121646881 0 0 0.1305545121431351 0.1136940717697144 0 0 91.9316378235817 2.21129521727562 0 0.1291825622320175 0.1418517529964447 14.52761647105217 0 3.496062040328979 5.335157066583633 2.898113787174225 11.08265521377325 1.807458519935608 0.5960168838500977 2.303421914577484 0 0.09812486916780472 0 0.474999338388443 0.1500813812017441 0 0.1522670686244965 17.16706921160221 3.170732453465462 11.03561846166849 159.1387782841921 17.9360506683588 720.2425359562039 147.0050136819482 106.1313211768866 65.54912226647139 5.212049797177315 117.1287765651941 14.83672655373812 1.237397074699402 35.01963564008474 8.499432638287544 51.30142273008823 4.230003729462624 3.591318249702454 4.048784255981445 1.617197141051292 0.8366387635469437
377.1002308279276 1.005179479718208 2.298427611589432 141.8822472691536 6.901937872171402 358.2950188666582 92.86052577197552 1.577515304088593 22.60422196984291 1396.868912249804 3.415109559893608 0 1839.173506379128 5.490504130721092 6.520234063267708 13.2643673568964 0.7558632418513298 0.4909709692001343 0 0 0.1244406476616859 0.2938452064990997 0 0 0 0.5809257030487061 0 0.1788732409477234 0 0 2.415301874279976 0 2.597746461629868 0 0 0.6166605651378632 19.236736536026 2.047333270311356 4.002350151538849 4.432065479457378 0.1394323110580444 0 0.5593311786651611 0.6272566467523575 0 0.1977351307868958 11.24004952609539 0.5232029780745506 0.4673995673656464 0 0.8942280635237694 0 0.2083155512809753 0 0 0.1973799169063568 13.33534477651119 4.311266906559467 0.8755762949585915 0.805231973528862 0 3.56192883849144 0 0.2951694428920746 0.1932697743177414 0.3332608044147491 0.2176558971405029 0.6415119096636772 0.1636135131120682 1.548451587557793 223.1778332442045 14.30505785346031 0 0.9084341377019882 2.464846566319466 6.790263891220093 4.960212528705597 3.209228336811066 0 0 0 1.21856963634491 0.1449823379516602 0 0 0 0.2487350180745125 0 0.2798200473189354 0 0.09371641278266907 0 1.027785710990429 0.267807811498642 0 1025.116608738899 15.13622573018074 0 8.659358114004135 108.4956241995096 0.9256474822759628 1.878737181425095 1.161541700363159 5.236060261726379 0.9939378947019577 8.863952115178108 6.677538827061653 7.462669119238853 14.70247308909893 23.50774548947811 4.55365301668644 69.48127441108227 42.57559505105019 139.0609825998545 33.73283572494984 0 0 0 0 0 0 0 0 0 0 0 0 0 0 0 0 0.1975571513175964 0 0 2.648842468857765 1.230128526687622 0 0 0 10.11687104403973 0 15.70329961180687 3.770080953836441 0.5374330282211304 0 0 0 0 0 0 0 1.073874413967133 7.601006001234055 0 0 0 0.3953487873077393 0 0 0.2993866503238678 0 1.045819014310837 0 0.1325047016143799 0 0 18.85508173704147 0.2905477583408356 1.09297563880682 0.8247703611850739 0 0 0 0.2734716832637787 0 0 45.82349224388599 1.562112674117088 0 0 0.1534857600927353 4.474644303321838 0 0 1.201275490224361 0.4195957183837891 0.6976233720779419 0 0.258116602897644 0.3191374540328979 0 0.1996952593326569 0 0 0 0 0 17.8262180685997 0.7529208213090897 5.353793069720268 60.53896714746952 1.955714233219624 59.50851986557245 9.863875113427639 194.6316779106855 5.56730742007494 0.5115934759378433 42.1965811625123 3.918904989957809 0 13.31408277899027 0.5095511972904205 15.20236325263977 0.4525301158428192 0 3.169743433594704 0.1496388614177704 0
373.4024032354355 160.9646146818995 427.5305439159274 496.1063639521599 1583.359419442713 511.296765640378 2953.61512607336 201.452709145844 3618.722094908357 5990.965012043715 1906.377390488982 1839.173506379128 0 1834.273581542075 159.2804052829742 203.7751409783959 22.0279279127717 0.6946323439478874 0 0.2507144212722778 0.5077796131372452 0.9280028343200684 0.3098747804760933 0 5.563861228525639 2.266668111085892 0.3896614909172058 2.38518713414669 1.175274759531021 0 120.1765048652887 12.13277724385262 201.0150337666273 1.261091515421867 0.7701827809214592 29.78445763885975 876.5866355895996 49.14177165925503 88.28701797127724 66.82819366455078 5.301631361246109 2.879730515182018 3.226304598152637 13.02990784496069 0.8474670499563217 11.10333476960659 404.6052102148533 15.08926318585873 4.674259230494499 2.039476223289967 18.73148385435343 1.787052035331726 5.613032922148705 0.9913423806428909 3.102062113583088 6.4244394749403 74.63395576924086 41.22785060107708 18.7375982478261 48.65405937284231 12.37983682751656 32.15057199448347 1.461505830287933 24.76102352142334 11.71586569398642 8.915858842432499 5.95400707423687 8.810022339224815 4.885693594813347 16.25034365057945 900.2712215036154 56.83604194223881 0 57.52062444388866 72.33936829119921 280.8389914557338 245.5745861530304 88.80544869601727 2.142911374568939 39.30817303061485 0.9741183072328568 7.813804887235165 10.04302134364843 2.382661141455173 10.2720290273428 6.973409615457058 5.578337624669075 1.041357398033142 3.900947049260139 0.6391240954399109 3.116762451827526 1.800377734005451 15.25574754923582 6.754522211849689 3.014258533716202 4796.278353407979 49.04426649212837 0.7932803630828857 13.48784825950861 345.8589625060558 5.816427685320377 19.55314665287733 17.04115828871727 79.88740690052509 29.0086322799325 78.12994077801704 114.3745117336512 98.53162616491318 175.2944947853684 349.6834055259824 34.42023976147175 600.8792696222663 401.1770869344473 1190.172975823283 385.1351748853922 3.019589118659496 0 0 0.326113224029541 0 0 0.3294777125120163 0 0.5484153032302856 0 0 0 0 2.060250282287598 0.2359437048435211 0.1492136418819427 0.199267715215683 0.4698147028684616 0 15.85332997143269 12.28090880811214 0 0 0 92.71806128323078 5.426871359348297 120.3616858720779 13.51248554885387 4.186282530426979 0 1.299251064658165 0.2022569328546524 0 0.8575211316347122 0.1298961788415909 0.2354934066534042 20.81783913075924 48.50864801555872 3.798770636320114 1.408107161521912 0 1.708433076739311 0.3956602811813354 0.1300842016935349 3.092556640505791 1.261743538081646 10.98188397288322 10.4643437936902 0.991099625825882 0.3709082007408142 1.502601265907288 181.4593360126019 1.358393162488937 5.184835217893124 5.049270004034042 0.1021352186799049 0.3267650902271271 0 0 0 0.5076997578144073 386.15652371943 6.266431659460068 0 0 0.1289754211902618 26.79214911162853 0.6216359734535217 1.374396622180939 21.02914694696665 12.71757241338491 22.36817996203899 3.570802271366119 4.574558846652508 1.978364199399948 0 0 0 0.1990505754947662 0 0 0.1299472153186798 145.5104666873813 10.96332924067974 56.81387005746365 693.0629741325974 30.73975752294064 1279.396061018109 313.5562232583761 680.5507011339068 119.1466383561492 10.32931261509657 513.8758256882429 34.12377696484327 3.505610302090645 97.7455268278718 16.92419167608023 112.1543042957783 9.495750226080418 0.8282728865742683 13.75444202125072 21.39177794754505 1.234638273715973
140.6734586507082 285.2064760029316 1259.853465057909 1.961858421564102 1447.35230525583 61.56718866527081 929.1788424476981 445.896375015378 2403.631009154022 71.89520059525967 7853.498846843839 5.490504130721092 1834.273581542075 0 76.23544987291098 76.63762292265892 6.242537006735802 0.115303210914135 0.2524484694004059 0.4074250608682632 0.6392364725470543 0.2106296569108963 0 0 5.025452971458435 1.737231746315956 0.2718846350908279 0.1131200790405273 0.6728951558470726 0.3712363839149475 247.9752868637443 40.24409345537424 1547.849804610014 0 0.4411775171756744 22.15032573789358 712.7988249659538 38.04984577745199 44.88747597485781 37.20667433738708 6.216608718037605 1.783075593411922 2.076341018080711 4.290328413248062 0.3551758825778961 5.537583664059639 235.1401044800878 9.676775366067886 0.8292098641395569 1.922185331583023 9.564216941595078 0.3890639990568161 1.090801060199738 0.3856332898139954 1.354554288089275 4.86041222512722 23.78983918577433 33.80298260599375 12.56170859187841 32.35563443601131 12.32765473425388 91.62139303982258 1.511377543210983 23.96748598664999 6.263484850525856 5.323906622827053 2.107486881315708 8.376292616128922 4.005548171699047 10.25003768503666 484.4196630269289 16.06820340454578 0 49.74645761400461 65.53434929996729 170.5572598725557 173.0247327983379 50.41429130733013 23.6407885402441 628.0866200700402 0.6505037695169449 16.9770717471838 6.199164122343063 1.510913461446762 8.496707819402218 4.538527511060238 2.912994422018528 0 2.186185032129288 0 2.863380402326584 0.9742371141910553 10.71724680811167 4.617901936173439 0.7417764216661453 419.7255349457264 7.876315288245678 0 14.79637429118156 64.34090749919415 1.665452301502228 8.490570336580276 5.578759372234344 15.29252651333809 12.06186504662037 21.9429654031992 30.90697933733463 25.14392414689064 20.9460276812315 83.01439384371042 12.17858230322599 154.3270473703742 104.6630482822657 341.7315882071853 120.0678494945168 2.909066148102283 0 0 0 0 0 0 0 0 0 0 0 0 0 0 0 0.4470345005393028 0.134353443980217 0 9.560031644999981 4.850863173604012 0.1625724583864212 0 0 36.72207587212324 2.417639628052711 47.6562827154994 6.424256920814514 0.8039866015315056 0 0.2358017414808273 0 0.6304641366004944 0 0 0.1526359915733337 4.1766292527318 17.21957255154848 0.6500657573342323 0 0 0.470511369407177 0.1614486575126648 0 0.2452372610569 0.08665712922811508 1.140654303133488 3.455410242080688 0.272633321583271 0 0.2302802801132202 70.39901690930128 0.3779603391885757 0.5622062087059021 2.29234553873539 0.884582132101059 0.2791252285242081 0 0.1547743827104568 0 0.909391462802887 126.3971407413483 2.257306307554245 0 0 0 12.72645111382008 1.715831220149994 1.206284999847412 7.614385962486267 7.140309929847717 3.317318812012672 0 0.70832160115242 0.8823077529668808 0 0 0 0.3057220429182053 0.1918299049139023 0 0 25.51960022747517 1.876259312033653 15.16227985918522 254.8150755465031 12.83406894654036 655.7297297865152 155.8532873094082 126.3200754225254 57.92076594382524 3.272510543465614 196.1934838220477 14.88531967252493 1.56056797504425 38.93747894465923 3.566258415579796 64.31595994532108 3.934088408946991 0.869252622127533 8.235482536256313 8.638492442667484 0.698207825422287
