0 4124.969710342586 791.5295462980866 743.4851636737585 544.0474589020014 125.4656625688076 674.213468670845 77.15892641991377 125.2730148211122 2132.192311756313 733.5516595467925 171.4128753021359 603.4715685844421 86.83279186487198 16.55183847993612 1.111516006290913 0.6708190590143204 0.383957527577877 0.1148350089788437 0.1001626029610634 0.8008683100342751 0 0.3873572200536728 0.8593574389815331 7.372152641415596 0.1650035083293915 5.289041437208652 0.3156591504812241 0.9919811189174652 0.4210885018110275 929.9110337868333 13.26937425136566 27.94978212565184 0.2300602272152901 2.418792799115181 2.117004781961441 31.6322765648365 5.999899640679359 10.33912497758865 6.639312505722046 0 0.2038567215204239 0.4510363191366196 0.1115196719765663 0 0 90.69653388857841 3.766333378851414 0.6191831529140472 0.3298643380403519 1.339130692183971 0.3668409883975983 0.3501013815402985 0 19.66579522937536 7.242914989590645 276.8784782215953 785.417685739696 43.75895451754332 106.8436569571495 0.1605785489082336 4.855497039854527 1.566095858812332 122.385914735496 7.255242437124252 2.428206905722618 2.704828485846519 1.003681212663651 0.467168428003788 0.4016748517751694 44.03415106236935 36.68542438745499 1.143258735537529 777.9016338735819 52.95049737393856 68.69488709419966 18.94233472645283 2.578095085918903 0.1910291761159897 92.62395709007978 0.2142827585339546 8.750104911625385 30.99471435695887 0.5293236970901489 2.925940968096256 1.959385573863983 0.3344900831580162 0 0.7406215593218803 1.195044323801994 0 0.1013846397399902 0.5034360215067863 0.7474586218595505 0.08673182129859924 126.6978309825063 10.80064129829407 3.3095363676548 6.797451384365559 1315.305198282003 0.1478041410446167 0.2808619439601898 1.899235218763351 0 0.3403113409876823 3.486696466803551 4.631260097026825 0.8806334659457207 5.115609094500542 11.01137670874596 0.39661505818367 11.07726898044348 7.908606961369514 4.064099259674549 5.560129277408123 0 0 0 0 0 0 0.3479931354522705 0 0.1567785739898682 0.5911843776702881 0 0.9301172494888306 0 0.372356966137886 0.4259966462850571 0 0 0.1719052642583847 0 0.379185363650322 0 0.140929713845253 0.3600079119205475 1.11973737180233 3.70292204618454 2.26156222820282 4.829482212662697 0.4201971143484116 1.59741272777319 0 0 0.1396060138940811 0 0 0 0 1.234441518783569 2.887244403362274 0 0 0 0 0 0.5132459998130798 0 0.1601205170154572 0.1847204267978668 0.3662198483943939 0 0 1.763500332832336 1.056432485580444 0.1678276211023331 0 0 0 0 0.411965548992157 0 0 0 1.408703207969666 0.5062360018491745 0.5784050226211548 0 0 0.7343761324882507 4.362467169761658 1.293163120746613 2.131135605275631 1.011975824832916 0.9895548671483994 1.970121949911118 0 0 0.2293117493391037 0 0 0 0 0 0 0.9620008170604706 0.9298096597194672 0.9762616753578186 181.9930062964559 29.21184313297272 167.8636768236756 42.69448639452457 951.1823443844914 112.3272214159369 8.521226599812508 32.54217820614576 2.520255520939827 1.085510820150375 5.491598837077618 2.497620522975922 14.34283380955458 3.456972099840641 0.2957871854305267 1.242000311613083 0.09733679890632629 0
4124.969710342586 0 1633.176762506366 1821.822912432253 5454.535452216864 154.9039903581142 1360.792089097202 197.2430889233947 1422.225799374282 2966.838368594646 2009.222713507712 105.5783099383116 1429.274533361197 1390.198482804 89.79601415246725 10.612867616117 5.787978537380695 1.078100450336933 0.1078039705753326 0.7443052902817726 0.5172849372029305 0.1174745410680771 1.323392279446125 2.696040607988834 27.18218242377043 0.5880301296710968 12.67633999139071 0.973746046423912 1.148815520107746 0.7289844378829002 3355.396560415626 84.49427673220634 109.3367293775082 0.6914035156369209 7.218112207949162 12.8971780538559 62.97617547959089 19.2814429551363 12.44644267857075 17.41826342046261 1.478217490017414 0.4695492908358574 0.4460773840546608 0.38038120418787 0.3556742072105408 0.6014568954706192 366.9717308059335 11.05509928613901 2.028940446674824 2.377878189086914 1.694764487445354 0.3101617246866226 0.4457399249076843 0.6068685352802277 34.45229759812355 12.84733847528696 94.24793556332588 760.1046532616019 47.47255898267031 183.5604872331023 1.433655865490437 10.68961076438427 7.866198025643826 303.6005330905318 20.91071585565805 6.738929942250252 6.252648733556271 4.106858268380165 1.36304447054863 2.14497809112072 37.18874770402908 1.071026220917702 0 809.2433142662048 127.8628922626376 224.4873002544045 119.7868661284447 13.22533937543631 2.556183278560638 261.0880417451262 0.467785008251667 29.49166481941938 85.5648620352149 0.7196537032723427 5.994735635817051 4.723149001598358 1.61458396166563 0 0.3079119175672531 0 0.2726512253284454 0.8503054305911064 2.160574942827225 1.053169816732407 0.6826704367995262 47.9677364975214 0.9053671583533287 0 1.463290549814701 1725.134501449764 0.6129069179296494 1.003719083964825 1.160110160708427 0.469354122877121 0.4623614251613617 3.546466082334518 4.501926138997078 1.170445986092091 40.46820561587811 12.02302268147469 1.103135384619236 9.199861094355583 17.75238251686096 4.818695515394211 5.665797106921673 0 0 0 0 0 0 0 0 0.4545906260609627 0 0 0.1656973659992218 0.2562589347362518 0 0.1760713011026382 0.1684069633483887 0 0 0 2.798874869942665 0 1.061602532863617 0.4639643132686615 0.5611235648393631 3.461199283599854 0.1482399553060532 4.040675804018974 0.1979147642850876 0.4200355261564255 0.1381767690181732 0 0 0.2544099390506744 0 0 0 0.7308525145053864 0.6903930008411407 0 0.1371068507432938 0 0 0.1239240393042564 0.7042115703225136 0.1371264159679413 0 0 1.16041649132967 0 0 0.6583509147167206 1.488304316997528 1.269647121429443 0.1235591396689415 0.2982189357280731 0 0.09455117583274841 0.2873130738735199 0 0 0 5.103061579167843 0.4830873906612396 0 0 0 0 0.3643991276621819 0.2065502554178238 1.414217226207256 1.598871573805809 0.7760406509041786 0.2702618390321732 0.2871394157409668 0 0 0 0 0 0 0 0 6.118307501077652 2.043867520987988 0.6751340925693512 313.3518299236894 49.99234569072723 546.2465252950788 118.3229256346822 766.4021333009005 123.8490824922919 7.143816821277142 117.3058330863714 2.547348320484161 0.8164282292127609 6.678238436579704 4.311366654932499 10.28391525894403 4.330207526683807 0.9071376994252205 2.702041298151016 1.37265382707119 0
791.5295462980866 1633.176762506366 0 19.5148863568902 640.9469186887145 1.027813985943794 78.21084665507078 3158.352086223662 260.0317265614867 6.445394158363342 3789.850069925189 26.86457143723965 75.80882323533297 947.987134359777 67.8716441616416 20.45428750663996 20.34718769788742 10.75403252989054 2.324140824377537 10.74901109188795 4.953648962080479 0.1815089657902718 24.74501164257526 19.77348145097494 130.0924466252327 4.300900042057037 40.65966887772083 1.776095665991306 1.00454319268465 2.816761590540409 3433.556208916008 964.4346014261246 267.6197958961129 10.97956584393978 42.59936621785164 78.65155082195997 131.9238806813955 74.68514061719179 24.00782829523087 52.33463586866856 4.268346510827541 2.197466552257538 23.1923308596015 13.60533080250025 8.546882160007954 18.88495926558971 207.8226149901748 9.898392550647259 11.23683263361454 19.66710122674704 5.183041431009769 1.06751312315464 0.9671525061130524 3.299270056188107 13.80062142759562 6.478424929082394 47.01328930258751 751.5466252565384 19.26353520900011 74.47328277677298 41.83824872225523 32.81184685975313 61.68627917021513 717.756709754467 7.857976838946342 3.692372992634773 5.516258895397186 5.053435899317265 21.27202256023884 31.65076791495085 38.69421662390232 0.3879566937685013 0 382.4038874283433 145.5378755182028 113.7820787057281 399.0371740683913 43.78052704781294 346.860713750124 1815.299590602517 53.9635556563735 754.8540202453732 33.24986652284861 0 2.367455162107944 2.665285758674145 11.19795183837414 0 0.2825066894292831 0 0.5065529868006706 1.162399239838123 12.11025718599558 3.453643329441547 4.969425737857819 6.775812812149525 0 0.1923131197690964 1.079398542642593 624.7785979732871 0.2745999693870544 0.2841260731220245 0.1746087819337845 0 0 0.2371066212654114 0 0.2097760587930679 0.3690282255411148 1.004837870597839 0.1045783087611198 1.262379676103592 2.696047320961952 1.502117238938808 1.295803666114807 0 0 0 0 0.1204755231738091 0 0.1110782474279404 0 0.1063058376312256 0 0 0 0.5908931344747543 0 0 0.3761522322893143 0 0 0 0.2166218757629395 0.132968470454216 0 0 0.1827136725187302 1.066686868667603 0.4628683924674988 1.581496812403202 0.1177342087030411 0.1554469615221024 0 0.2038702741265297 0.125002458691597 0 0 0 0.1068525090813637 0.08282225579023361 0.4793990030884743 0 0 0.1126473918557167 0 0.3574815690517426 0.1633066087961197 0 0.08990199863910675 0 0 0 0 0.6469533368945122 0.6575826704502106 0 0 0 0 0 0.3136350736021996 0 0 0.235113799571991 1.267819136381149 0.3075428605079651 0 0 0.3643001243472099 0.1208395436406136 0 0.1873957365751266 0.2342481389641762 0.2802434414625168 0.2751595079898834 0.4352459162473679 0 0 0 0 0 0.1445709764957428 0 0.1082703545689583 0.2328514903783798 1.145088702440262 0.4909803867340088 0.1846806406974792 204.6895571053028 34.51072506606579 333.6161955371499 78.32404189556837 84.82788904756308 63.04048800468445 4.695543795824051 71.69089376926422 2.774238437414169 0.9323437213897705 1.374287113547325 2.746377304196358 1.289676733314991 0.9313008561730385 0.4781827479600906 1.454388737678528 1.573261491954327 1.540394380688667
743.4851636737585 1821.822912432253 19.5148863568902 0 760.3153642639518 303.8075555413961 2235.760724171996 0 482.0373182296753 2631.02958445251 4.341233909130096 426.2074598819017 1828.504846513271 11.34398870170116 1.101619325578213 0 0.1192782744765282 0 0 0 0 0 0 0 0.238943375647068 0 0 0 0.1524725407361984 0 33.01369348168373 0.8073173463344574 0.8075243681669235 0.0954962819814682 0 0 1.42059488594532 0.1786635965108871 0.3049619346857071 0.4026952534914017 0 0 0 0 0 0 10.01402496546507 0.2272037789225578 0 0 0 0 0 0 1.309827119112015 0.4719728603959084 5.602167263627052 26.89735805988312 2.536500297486782 7.609956882894039 0 0.3542405068874359 0.1597718447446823 10.69371484965086 0.6256333738565445 0.1661008447408676 0.1121267750859261 0.1885999664664268 0 0 0.9234747737646103 0 0 42.52402217686176 4.605083383619785 10.54651878774166 4.142008997499943 0.1456751525402069 0 0.377599760890007 0.08126459270715714 0.3811762928962708 4.450661547482014 0 0.3149809464812279 0.09551895409822464 0 0 0 0 0 0 0 0 0.118935726583004 36.25556226074696 0 0 0 109.035747975111 0.1241491660475731 0 0 0 0.1137631461024284 1.562267675995827 1.635821357369423 0.5756572410464287 16.36661797761917 3.145498752593994 0.2360279858112335 2.725643947720528 3.472304821014404 0.5894692540168762 0.6587523519992828 0 0 0 0 0 0 0 0 0 0 0 0 0 0 0 0 0 0 0 0.1285959333181381 0 0 0 0.1256336271762848 0.1172668412327766 0 0.7020076066255569 0 0 0.1342382729053497 0 0 0 0 0 0 0.1483273953199387 0 0 0.1256201416254044 0 0 0 0 0 0 0.5670317113399506 0 0 0 0 0.2415793538093567 0.1686661690473557 0 0 0 0 0 0 0 0 0.4155552238225937 0 0 0 0 0 0 0 0.2713082581758499 0.1686585694551468 0 0.4733620285987854 0 0 0 0 0 0 0 0 0 2.06918528676033 0.2852005064487457 0.3902792036533356 6.042405262589455 3.849053159356117 13.62116409093142 3.502811461687088 373.5055534318089 4.191274754703045 0.7369840294122696 0.619321271777153 0.2389399707317352 0 0.5986401736736298 0 0.732052743434906 0 0 0 0 0
544.0474589020014 5454.535452216864 640.9469186887145 760.3153642639518 0 130.9495064169168 4006.245133519173 99.70765823125839 2806.871481984854 1125.123047493398 1794.428232774138 242.5577807053924 4440.970220178366 7436.623119704425 86.37388238310814 8.588849321007729 4.661537475883961 0.6000701487064362 0.2086521312594414 0.4423796609044075 0.9285448789596558 0 0.5956911370158195 1.067438542842865 7.731726601719856 0.7896220535039902 3.500833690166473 0.4239679202437401 1.617101259529591 0.7625689134001732 575.5067716985941 46.64779856055975 59.93456442654133 0.08776366710662842 1.850898295640945 2.209942564368248 41.78830652683973 4.574833393096924 6.137176670134068 4.950578078627586 1.382057897746563 0 0.4198643192648888 0.9106574431061745 0.301369272172451 0.5820547416806221 395.7291167154908 15.85919313132763 1.376642845571041 0.467658519744873 2.66868681460619 0.113384909927845 0.2300435677170753 0.6328445822000504 24.11064773797989 12.72697145491838 16.82235553860664 127.1390515193343 21.00054913759232 141.1827123239636 0.2939912676811218 7.384564429521561 1.161952495574951 142.2066400423646 18.76521205157042 5.446831375360489 8.209544077515602 4.370826862752438 2.256983116269112 0.9135087579488754 75.87176442891359 4.021418645977974 0 274.9858912304044 59.91375633329153 184.6533097401261 118.0048154965043 10.62886016070843 1.525798544287682 144.63057359308 1.229607261717319 9.051282420754433 90.57990169525146 0.9581553786993027 4.908665522933006 4.911646753549576 1.894478820264339 0 0.466727040708065 0 0.7435378506779671 1.313666760921478 2.388205245137215 2.121162205934525 0.6801279336214066 338.5651255398989 3.019928157329559 0.1360198110342026 1.019507989287376 55.951524913311 6.840103216469288 5.875805966556072 15.5403423383832 3.30396793782711 3.745510943233967 28.35501184314489 36.21177178621292 15.23295725882053 25.51277910172939 68.40062124282122 4.409269846975803 83.24996085464954 115.1687337085605 32.37125608325005 49.48642957955599 0.3667778894305229 0.1846190392971039 0 0.2389984577894211 0 0 0 0 0 0.129049152135849 0 0.5028396248817444 0.78827103972435 0 0 0 0 0 0 15.77523843944073 0.6490171253681183 0.3340055271983147 0.9393757209181786 1.093402653932571 10.35727336257696 2.812604479491711 14.06778447329998 0.3972086012363434 0.3560068607330322 0.1905648410320282 0 0 0.1245661675930023 0 0 0.2651699483394623 4.301214069128036 5.274397797882557 0.3683064579963684 0 0 0 0 0.2242497727274895 0 0.09272546321153641 1.669399209320545 5.259115651249886 0 0.6803061366081238 0.771343469619751 8.897490710020065 7.301852874457836 0.5939256697893143 0 0.08074735105037689 0.1127248853445053 0.498961940407753 0 0 0.1319011300802231 28.72055414319038 0.2951635122299194 0 0 0 1.946783497929573 3.219591364264488 0.795792818069458 11.91332131624222 9.368108555674553 5.710795916616917 7.793987803161144 2.045275151729584 0.275918573141098 0.2602231577038765 0 0 0 0 0 0 48.59565514326096 4.746485374867916 1.432904094457626 392.7787515595555 62.55631377547979 544.0324639603496 125.1036102250218 326.5242830067873 93.4784559533 8.862494803965092 131.7078852728009 10.01824765652418 1.049684435129166 9.878917597234249 4.734570622444153 42.90743437409401 2.125428803265095 0.474077433347702 6.42819008231163 0.7685209959745407 0.3949703723192215
125.4656625688076 154.9039903581142 1.027813985943794 303.8075555413961 130.9495064169168 0 185.6775609701872 0 52.75477422773838 1240.053395017982 0.1737561970949173 360.2399672418833 241.2851298600435 55.13258658349514 0.2703971564769745 0 0 0 0 0 0.3169770836830139 0 0 0 0 0 0 0 0 0 0.3123917579650879 0 26.57811318337917 0 0 0 42.79033924639225 0.5342490822076797 27.4052778929472 2.219690009951591 0 0 0 0 0 0 0.8425010442733765 0.152559831738472 0 0 0.287894070148468 0.566216915845871 0.5645296424627304 0 0 0 55.03279727697372 5.739873886108398 0 0.2286488488316536 0 4.034270867705345 0 0 0 0.377309262752533 0.1792754083871841 0.195319801568985 0 0 171.3804154396057 94.89443165063858 4.207492187619209 1.281568691134453 0.3648470044136047 0 0 0 0 16.33078865706921 0 1.249735951423645 0.1497518420219421 0.3431826531887054 0 0.4471074938774109 0 0.4282588809728622 0.3307293802499771 0.6957288086414337 0.1997751295566559 0.1895900070667267 0 0.1956388205289841 0 453.444762378931 41.58580176532269 17.59140029549599 22.75385259091854 92.70812767744064 0.77911476790905 2.565330624580383 0.1227096915245056 0 0.7356864809989929 1.789887487888336 9.174839377403259 0.7041611075401306 1.939963489770889 4.253243893384933 0.2721376121044159 6.019324004650116 7.290548786520958 1.452385038137436 2.473446354269981 0 0 0 0 0 0 0 0.2634288966655731 0.7130720093846321 0 0.1541237384080887 0 0.8297286778688431 0 0.1432061791419983 0.4337447434663773 1.196794033050537 1.732008337974548 0.2388127744197845 1.006826996803284 0 0 0 0.7137200236320496 3.24264931678772 0.9767363965511322 7.325259126722813 1.768073797225952 2.055179104208946 0.9491741508245468 0 0 0 0 0 0 0 0.5010419487953186 0.1201621517539024 0.1433333307504654 0 0 0.7509931623935699 0 0.2178398668766022 0 0 0.171561136841774 0 0 0.2556721270084381 1.999898463487625 0 0 0 0 0 0 0 0 0.3560197055339813 2.763834282755852 2.893729761242867 0.2616752982139587 0 0 1.012805461883545 1.080382764339447 0.3743426203727722 1.504804238677025 0.5405915975570679 1.026379860937595 0.8875893950462341 0 0 0 0 0 0 0 0 0 1.516611218452454 3.218541994690895 0.3962658494710922 57.72763691842556 8.790933355689049 2.052942462265491 3.203974455595016 50.24826411902905 1.858755052089691 0.2020293921232224 6.270865008234978 5.191749572753906 0.9364056885242462 2.031382456421852 0.101871944963932 8.716865748167038 0.1552885472774506 0 0 0 0
674.213468670845 1360.792089097202 78.21084665507078 2235.760724171996 4006.245133519173 185.6775609701872 0 7.836111925542355 592.5125222206116 3907.73594366014 38.44535876810551 448.024250112474 8437.330020144582 1595.845896266401 33.54063231498003 3.778142429888248 1.052684105932713 0.3446099981665611 0.1223783120512962 0.1038049384951591 0.5502989515662193 0 0.4517748355865479 0.1246348544955254 2.492720194160938 0.2744987010955811 1.497120417654514 0.3307162597775459 0.6361452788114548 0.1756003275513649 207.9314652830362 15.29977820068598 22.81005287915468 0 0.8333965167403221 1.378581389784813 16.6097239330411 1.734549976885319 2.819066002964973 3.284960947930813 0.3080921024084091 0.2634129151701927 0.2271835133433342 0.6924175173044205 0.1033877804875374 0.1895246505737305 162.3374791368842 6.458429343998432 0.4784532636404037 0.3916205987334251 2.455255672335625 0 0.08647707849740982 0 15.9739021062851 6.288084276020527 13.6727842092514 85.04384332150221 10.61104919016361 91.23333619534969 0.08630845695734024 2.252007283270359 0.2001515030860901 74.2194427549839 8.746765106916428 1.501136258244514 3.866427704691887 2.202112823724747 1.534032240509987 1.384166784584522 41.78127195686102 1.134007565677166 0 192.1113861948252 34.53260838240385 100.9124734923244 57.11507569998503 4.024124786257744 0.4784818291664124 16.47167437523603 0.4088333621621132 4.328970298171043 37.86936590820551 0.6083958223462105 2.474027678370476 1.763860382139683 0.6978570595383644 0 0.3252303898334503 0 0.09200795739889145 0.183618500828743 1.579196035861969 0.5825697705149651 0.324206680059433 408.6744688302279 3.069261014461517 0 0.9538265913724899 69.80746801942587 5.242345504462719 4.796848222613335 25.72496196627617 18.31257176399231 3.571980580687523 22.65644200891256 32.10603898763657 11.14858241379261 145.563806951046 46.55107819288969 3.228752478957176 61.82955775409937 94.57693153619766 23.99586427211761 36.69141658395529 0.4008199423551559 0.1330592334270477 0.1720720827579498 0 0 0 0.1514030545949936 0 0 0.3854418992996216 0 0 0.6619898155331612 0 0.4733331799507141 0 0 0 0 14.72295238822699 0.4997327327728271 0.8552138805389404 0.2987027987837791 2.059713549911976 5.135467953979969 1.018838450312614 7.667057178914547 0.3978543728590012 0.5586687177419662 0.163712665438652 0 0 0.3477304577827454 0.3468484953045845 0.388495534658432 0 4.439137108623981 4.796563722193241 0.1209246590733528 0 0 0 0.1172676309943199 0.1570187509059906 0.1393549293279648 0.07303111255168915 1.164225503802299 4.306645803153515 0 0 0.9400196373462677 7.118315942585468 3.248136207461357 0.6353742182254791 0.3288848474621773 0 0 0.2425165846943855 0 0 0.4313357621431351 21.29016546905041 0.4067564755678177 0 0 0.1471569389104843 0.6046424955129623 1.033026844263077 0.6650357991456985 8.041321761906147 6.755236513912678 4.527853928506374 5.250735402107239 0.9345567524433136 0 0 0 0 0 0 0 0 47.86039717495441 4.701729916036129 0.6762749254703522 163.9553003832698 30.54304587841034 194.5987575054169 54.38893003761768 447.5967612341046 51.21249994635582 4.552003838121891 48.97340392321348 2.859757602214813 1.093031026422977 7.083063647150993 2.29063592851162 37.03373218327761 2.089151188731194 0 2.151410907506943 0.8214379698038101 0
77.15892641991377 197.2430889233947 3158.352086223662 0 99.70765823125839 0 7.836111925542355 0 288.3911647498608 0.8868467435240746 2696.894038818777 53.829574868083 132.1358828246593 2288.04160618037 64.72393828630447 46.44843365252018 15.34468641132116 12.06647899746895 3.896953754127026 9.658396944403648 2.201699115335941 0 10.98250184953213 7.196437656879425 48.03182131052017 2.056174173951149 16.66151817142963 0.6884864866733551 0.731070265173912 0.8919031992554665 902.5348079204559 1690.886368997395 233.0589854121208 9.866925925016403 14.37768588215113 26.88244511187077 93.6369562074542 29.145368501544 11.093565993011 20.89503025263548 2.37872102111578 1.087070666253567 18.08320737630129 56.68387612700462 17.32846380025148 25.27553053200245 204.0934033170342 5.127634666860104 9.053587310016155 22.78847203403711 4.129825294017792 0.5077853575348854 0.2563296779990196 1.123862758278847 5.988999046385288 2.116302087903023 3.694041423499584 98.40017201751471 4.209076218307018 27.78806212544441 100.7561004459858 40.65211893618107 22.55298501998186 228.1613993495703 2.72649709880352 1.282327689230442 1.989315152168274 3.632890433073044 17.60260768979788 17.04330148547888 39.00705687701702 3.20893532037735 0 62.15795462578535 37.55769786983728 89.41895614564419 268.2425307184458 189.4975266233087 704.0869346261024 1765.085633762181 172.6576789245009 1566.330972671509 23.94581259042025 0 0.9451478123664856 1.446213774383068 14.30644233524799 0 0.2461391240358353 0.2378022521734238 0.9021493345499039 1.090976819396019 7.639574691653252 2.444746650755405 3.239671610295773 11.74520498514175 0.1737774312496185 0 0.7591788768768311 33.0398288294673 0 0 0.1608732938766479 0 0 1.031929314136505 5.537174820899963 0 0.7465519905090332 1.100751832127571 0.1997282654047012 4.58354789018631 5.124673381447792 1.397615432739258 1.478453047573566 0.1324864774942398 0 0 0 0 0 0 0 0 0.113529197871685 0.1038694828748703 0 0 0 0 0.1102870255708694 0 0 0.1387078762054443 1.038159966468811 0 0 0 0.5469145774841309 1.12724669277668 0 1.387074023485184 0.1457044780254364 0.1679200679063797 0 0 0.1379996985197067 0 0 0.1044158041477203 0 0.8970318138599396 0.127920538187027 0 0 0 0 0.4739967957139015 0 0 0 0 0 0 0 0.4404778778553009 0.9918999671936035 0.7713902592658997 0 0.247170552611351 0 0 0.08540817350149155 0 0 0.09443876147270203 1.734787635505199 0.6976951360702515 0 0 0.2265902757644653 0 0.3814824819564819 0.7062888145446777 0.1386580616235733 0.5586846470832825 0 0.6063433885574341 0 0.1794047355651855 0 0 0 0 0 0 0 0.8823296725749969 0 0.823000580072403 122.6377349719405 10.19110983610153 243.3239923864603 41.61230227351189 35.21464130282402 24.40660529583693 2.231390915811062 46.63945195823908 1.033998087048531 0.3280656784772873 2.120849959552288 0.3008340820670128 1.645622849464417 0 0 0.7771126180887222 0.9155115559697151 0
125.2730148211122 1422.225799374282 260.0317265614867 482.0373182296753 2806.871481984854 52.75477422773838 592.5125222206116 288.3911647498608 0 814.1750696450472 621.4832457825541 205.9689517766237 5054.777740553021 6713.124193273485 45.63149438798428 7.074520394206047 2.290812909603119 0.294085904955864 0 0 0.4258507043123245 0 0.3225254565477371 0.7045258805155754 6.428347915410995 0.1012709885835648 1.89910364151001 0.4153778254985809 0.4777297154068947 0 149.3650439679623 16.34570046514273 49.44757272303104 0.4673047587275505 1.634958237409592 3.044152162969112 31.12268050014973 4.683917216956615 5.513342224061489 3.061969324946404 0.6042925417423248 0.1893441081047058 0.182556077837944 0.2102428376674652 0 0.101957693696022 145.0439712330699 4.126838684082031 0.5253844112157822 0.3530783727765083 1.091884724795818 0 0.1066893935203552 0.2497973591089249 8.827841050922871 5.264527045190334 4.299234583973885 29.28477547317743 8.55894523859024 36.12789595127106 0.1741605848073959 6.292843744158745 1.228662826120853 31.30463223904371 6.039952337741852 2.231352619826794 2.801037020981312 1.659481652081013 1.575642496347427 1.018487572669983 73.96022605895996 2.66879677772522 0 62.84477098286152 14.28994142264128 47.24192447960377 41.63991964608431 9.253334365785122 0.4763605445623398 366.8715102598071 0.5402298346161842 8.215261667966843 28.77524568140507 0.207635760307312 2.018730297684669 1.378518469631672 0.9409486427903175 0 0 0 0.2594141289591789 0.5410947278141975 1.062958605587482 0.4131700247526169 0.7108263596892357 430.2160420715809 4.752323277294636 0 1.673138454556465 13.91144113242626 6.118934221565723 5.13755340129137 8.98160570114851 3.268383502960205 3.73866580426693 27.19713301211596 35.29758937656879 21.46613638848066 35.88143137097359 60.16215769201517 4.300781480967999 73.9739505648613 120.1863137185574 34.50485388189554 50.37226732820272 0.151388868689537 0 0.656412273645401 0.1526767015457153 0 0 0 0 0.1676348447799683 0.9107729494571686 0 0 0.2828646600246429 0.1677110195159912 0 0 0.1498798877000809 0 0 15.49340175837278 0.4510532915592194 0.150616243481636 0.6341231614351273 2.151077330112457 9.752751089632511 2.885134652256966 8.999365128576756 0.1552804112434387 0.679202064871788 0.8192164301872253 0.1052654534578323 0.1086585596203804 0.3193015158176422 0 0.3582344949245453 0 4.23741801828146 4.528333596885204 0.270987406373024 0 0 0 0 0 0.4091288596391678 0 1.147711828351021 4.963688932359219 0 0.3024905771017075 1.070055395364761 7.765449084341526 3.482723779976368 0.1226078420877457 0.4288114905357361 0.1661716103553772 0 0.1295541226863861 0 0 0.7316860258579254 26.71456149965525 0.5762682110071182 0 0.1737434566020966 0 2.052772521972656 1.369638562202454 0.7280076742172241 9.908145077526569 8.677081637084484 5.018910504877567 6.742363803088665 0.8001268431544304 0 0.0970514789223671 0 0 0 0 0 0 52.53319325298071 2.004015147686005 1.820465281605721 404.4088717997074 25.1864527836442 327.7203655615449 73.8819889947772 216.1021094545722 40.69918905198574 3.572638854384422 97.45592099428177 6.1406210064888 0.5385793000459671 8.161034382879734 2.157207071781158 47.03636997938156 0.7685702294111252 0.2927807793021202 3.859769999980927 0.9710715487599373 0
2132.192311756313 2966.838368594646 6.445394158363342 2631.02958445251 1125.123047493398 1240.053395017982 3907.73594366014 0.8868467435240746 814.1750696450472 0 1.827310480177402 2070.014160856605 5642.914407476783 129.3283548951149 5.2870137616992 0.3863797560334206 0.5926870703697205 0 0 0 0.1622641235589981 0 0 0 0.2321030050516129 0 0.3142363131046295 0.1103353649377823 0.1382833421230316 0 40.04906355589628 2.879889011383057 12.01801274716854 0 0 0 11.81231371313334 0.4776150733232498 1.339003786444664 0.07909463346004486 0.1231113821268082 0.235558956861496 0 0 0 0 26.99129725247622 1.785848185420036 0 0 0.3199607655405998 0 0 0 3.203871674835682 2.198231235146523 26.18305508047342 45.38458421081305 6.747571676969528 21.9711170643568 0 1.795315787196159 0.09658946096897125 21.6978448331356 1.657272718846798 0.4955080226063728 0.5531236976385117 0 0.1255232989788055 0 33.54060536623001 0.3034589886665344 0 106.4344890788198 10.77080385386944 25.9531117528677 9.638520628213882 0 0 14.4695220887661 0.2357067242264748 0.3606240451335907 7.897328279912472 0.116702564060688 0.3009975329041481 0.6746516972780228 0.2751475870609283 0 0 0 0 0.1052706688642502 0.1027084141969681 0.2631065845489502 0 775.980079010129 2.873201936483383 0 0.8244645819067955 487.1952856108546 3.287739872932434 5.313527159392834 4.539519123733044 1.291474759578705 2.896207690238953 17.92451592534781 61.01324173808098 6.014090016484261 79.82595007121563 353.6530918627977 0.4360259026288986 42.33282317221165 158.7624458223581 20.76196138560772 16.33705325424671 0.1510425806045532 0 0.1441658139228821 0 0 0 0.440148264169693 0 0 0 0 0 0 0 0 0 0 0 0 6.229571036994457 0 0 0.129305973649025 0.3446152806282043 2.300955086946487 0.1853776872158051 2.870796218514442 0 0.554192066192627 0 0 0.2188702821731567 0 0.1493767499923706 0 0.176208034157753 1.350537836551666 1.520421534776688 0 0 0 0 0 0 0 0 0.6012660712003708 2.052373878657818 0 0 0.5546092987060547 1.500342696905136 1.84788490831852 0 0.1531311571598053 0.10006333142519 0 0.1128342896699905 0 0 0 24.400599129498 1.135851144790649 0 0 0 0.6769031584262848 0 1.127536505460739 4.284474700689316 3.310967803001404 2.172613933682442 1.700367383658886 0 0 0 0 0 0 0 0 0 85.55130894482136 0.7935380041599274 0.4660000205039978 55.94283705949783 7.182472825050354 35.77141225337982 8.225119113922119 2520.506657473743 20.32743422687054 1.008747242391109 8.560978293418884 8.473866388201714 0.144154816865921 3.886659778654575 1.707433849573135 47.24282070994377 0.3761182427406311 0 0 0 0.1458602696657181
733.5516595467925 2009.222713507712 3789.850069925189 4.341233909130096 1794.428232774138 0.1737561970949173 38.44535876810551 2696.894038818777 621.4832457825541 1.827310480177402 0 228.6494143754244 582.0716743841767 5359.309650093317 83.61916580796242 20.42445008456707 7.789749279618263 0.4665327593684196 0 0.2648464441299438 1.135156594216824 0 3.412300281226635 4.574884667992592 66.65895935148001 1.545173592865467 25.46555931866169 0.3335338681936264 0.8464546948671341 1.124891996383667 1149.569832973182 420.7311415597796 1075.186435729265 0.3682290762662888 11.28726390749216 33.81587800383568 372.3716361150146 46.81992242485285 31.03602838516235 36.29616495221853 2.632532261312008 0 0.6944675892591476 0.7841412276029587 0.4615371450781822 1.48799280077219 189.0570531487465 5.7483871281147 1.064411297440529 1.084265343844891 2.030446156859398 0.4143179878592491 0.6035154387354851 0.7061822265386581 7.43961987644434 4.680678203701973 9.462482921779156 96.05583519488573 9.476785205304623 32.64564487338066 1.781165160238743 84.63288928568363 10.29726510494947 73.21177657693624 5.34531956911087 2.103247478604317 3.75074364989996 1.998452410101891 1.77690015733242 5.876098826527596 95.3863298818469 0.3430083394050598 0 72.89182236045599 17.79779067635536 57.96732019633055 69.66724424064159 23.82011706382036 24.41038861125708 1393.802460417151 0.4130929410457611 83.2871805652976 29.89858524501324 0.3742172569036484 2.010433241724968 1.359828986227512 2.149664200842381 0.082317054271698 0.2440292313694954 0 0.8705883994698524 0.2168473750352859 1.595569290220737 1.271910637617111 0.6329501196742058 19.25695518404245 1.380368024110794 0 1.905417941510677 148.3287781849504 0.1402365118265152 0.9345567673444748 0.3377674967050552 0.682891771197319 0 1.030413210391998 1.665365755558014 0.6935438513755798 0.475235715508461 2.862516760826111 0.2515835464000702 2.076643623411655 3.904983565211296 2.648554190993309 2.872551456093788 0 0 0 0 0 0 0 0 0 0.2943055629730225 0 0 0.2170741856098175 0 0 0 0 0 0.1382809281349182 2.09942689538002 0.1472460329532623 0 0 0.1466709822416306 0.9623166620731354 0 1.866877697408199 0 0.1104744076728821 0 0 0 0 0 0 0 0.3459910452365875 0.4971550703048706 0 0 0 0 0.09589657187461853 0.1632624566555023 0 0 0 1.00104084610939 0 0 0 0.4675929993391037 0.6167011260986328 0 0 0 0 0.1326605379581451 0 0 0 2.891033105552197 0.1265567392110825 0 0 0.1130779385566711 0 0.8942107856273651 0 0.6136208549141884 0.770639643073082 0.5230081304907799 0.5529730767011642 0 0 0.1068541184067726 0 0 0 0.1106135249137878 0 0 1.034470781683922 1.031362444162369 0.1382497549057007 295.3426918238401 32.70294401794672 376.7793239429593 89.012540563941 65.31243395060301 43.2934453189373 4.814204096794128 112.4859945103526 3.06820322573185 0.4759528711438179 1.370877213776112 1.248375743627548 4.025188140571117 0.1326726526021957 0.2753148376941681 2.137049436569214 1.685163021087646 1.141465216875076
171.4128753021359 105.5783099383116 26.86457143723965 426.2074598819017 242.5577807053924 360.2399672418833 448.024250112474 53.829574868083 205.9689517766237 2070.014160856605 228.6494143754244 0 5659.349517866969 840.961417041719 15.0824111327529 5.491142019629478 5.715040877461433 0 0 0 0.1299482733011246 0 0.3455143049359322 0 3.891947060823441 0.6612006276845932 2.334055252373219 0.1452630609273911 0.1268655061721802 0 11.07716307044029 1.901941604912281 248.8259237632155 0 2.212787613272667 2.176435500383377 537.9630980342627 4.009742341935635 32.09840156137943 3.776916675269604 0.1872522830963135 0.1802905946969986 0.1144415512681007 0.1419574767351151 0.09986000508069992 0.1933885365724564 41.26700887084007 0.5291511565446854 0.2047483325004578 0.3832248896360397 0.124056451022625 0.1698294579982758 0.1489361524581909 0.1459766328334808 2.069171465933323 0.4728039056062698 2.132524214684963 7.309131920337677 1.681738212704659 11.60607419162989 0.2846490442752838 58.71447163075209 0.8994711935520172 7.121417328715324 1.159895420074463 0.293106384575367 0.6933033391833305 0.1254101246595383 0.2172381281852722 0.3950584232807159 592.1890170648694 15.76517717540264 0 28.99831787496805 3.229404225945473 11.56714828312397 11.06675728410482 8.862921729683876 0.5886616706848145 525.0617262795568 0 7.603760905563831 6.11206179857254 0 0.2937349379062653 0.2862873673439026 0.09703609347343445 0 0.1040607318282127 0 0 0 0.1390635967254639 0.9352186843752861 0 2513.10656529665 18.56232424080372 0.1623010784387589 11.48698744177818 19.63190238922834 9.247877970337868 11.97593783587217 15.09001092612743 3.824054971337318 4.378221027553082 36.973468080163 51.28586095571518 20.13939973711967 32.17041510343552 75.89823584258556 9.934379927814007 97.40697854012251 170.8294287621975 54.82890068739653 80.50431661307812 1.512837305665016 0.2851582169532776 0 0 0 0 0 0 0.1478230655193329 1.841094672679901 0 0 0 0.8408017754554749 0 0 0 0 0 27.35567501187325 0.3482286483049393 0 1.140292704105377 3.693402074277401 18.26618622988462 6.361506208777428 15.86795166879892 0.6871386766433716 0.7132426425814629 0.5973036289215088 0 0.1245126575231552 0.6335401460528374 0.3069838583469391 0.4609575346112251 0.505255214869976 5.73623414337635 8.678253173828125 0.2748344019055367 0 0.2985280752182007 0 0 0 0.5442806333303452 0.2140634283423424 1.167042791843414 7.566041938960552 0 0.7759685665369034 1.958747684955597 12.94759011268616 9.200101979076862 0.752654992043972 0.4720955789089203 0 0.1658234596252441 0.6508756130933762 0.2580709457397461 0 0.5900188833475113 52.55720435827971 2.485837019979954 0 0 0.1221287921071053 2.349993616342545 7.123128369450569 2.440510377287865 13.73840588331223 14.09983811527491 8.520879969000816 8.94630853831768 1.710759893059731 0.2431213408708572 0.3157026469707489 0 0 0 0 0.1932583600282669 0 110.1131078749895 13.73358599841595 3.108967930078506 276.2152745947242 12.27585404366255 119.9782059788704 38.22500938177109 616.8693124204874 18.67159530520439 0.8097763508558273 52.4142412468791 11.14395226538181 0.8679420799016953 11.50660237669945 1.253048114478588 71.5943368896842 1.076822385191917 0 4.512719005346298 0.3323543071746826 0.3143678903579712
603.4715685844421 1429.274533361197 75.80882323533297 1828.504846513271 4440.970220178366 241.2851298600435 8437.330020144582 132.1358828246593 5054.777740553021 5642.914407476783 582.0716743841767 5659.349517866969 0 2819.96701143682 22.10432540625334 4.978993371129036 4.385889232158661 0.4197004586458206 0 0 0 0 1.099356047809124 0.4046095535159111 10.7736706957221 0.7171824276447296 4.247093923389912 0.2218065783381462 0.7063459157943726 0.8804334476590157 53.52085468173027 3.901572555303574 177.2408331558108 0.09139567613601685 2.086153797805309 3.684050053358078 54.2624117359519 8.665040567517281 8.333251245319843 4.068129777908325 0.7201265320181847 0.3606715649366379 0.346451535820961 0.1350936144590378 0 0.1186231449246407 66.89604634791613 1.327373571693897 0.2295688167214394 0 0.6768315732479095 0 0 0.1168467402458191 4.596466928720474 2.582919172942638 5.710433669388294 22.04236570745707 6.985441870987415 23.30775660276413 0.1724681854248047 11.33668757230043 1.897315055131912 26.02637941390276 2.570772103965282 0.4473273307085037 2.026873148977757 0.8349070623517036 0.4944908320903778 0.3736907467246056 185.7170881554484 4.193358093500137 0 64.33992616087198 8.380760759115219 25.18190665543079 24.12752752751112 7.264592692255974 0.3241342008113861 118.3487351611257 0.08392127603292465 11.35933258384466 11.98558782041073 0.3132676854729652 2.097754903137684 0.6695184409618378 0.7242697402834892 0 0.2456544637680054 0 0.1185310930013657 0.3412031754851341 0.8055167123675346 0.1124773696064949 0.6328149139881134 1707.289455071092 2.876340389251709 0 9.287993080914021 71.7744132950902 9.770700305700302 7.52383990585804 14.2423994615674 2.071992844343185 5.085301727056503 37.88144338130951 34.40014474093914 19.50792568922043 98.43503451347351 75.24475621432066 4.534101501107216 125.0044136345387 153.5627030953765 41.7496994882822 60.88186167925596 1.049810789525509 0 0.3404416441917419 0 0 0 0 0 0.2244437485933304 0.7374501973390579 0 0 0.338023915886879 0.5200242400169373 0 0 0 0 0 18.31190903484821 1.215707123279572 0.4628892987966537 1.114474765956402 2.103397116065025 12.20095524936914 2.440030172467232 10.07959666848183 0.1431497037410736 1.319631546735764 0.4242626801133156 0 0 0 0.3216852843761444 0.2420676052570343 0 5.870832234621048 6.951599761843681 0 0 0.204174280166626 0 0 0.4285233095288277 0.1534585952758789 0 0.5866262391209602 4.059389218688011 0 0 0.6201522946357727 10.27886000275612 5.817000947892666 1.067871682345867 0.1028183400630951 0 0 0.7373758554458618 0.1516197621822357 0 0.6751828566193581 36.73639933764935 0.7624504417181015 0.3179701864719391 0 0 1.643907472491264 2.760286077857018 1.984211891889572 13.73297300189734 12.3148909509182 5.363760896027088 7.242414422333241 1.91805537045002 0.1384788453578949 0 0 0 0.117849126458168 0 0.2484154403209686 0 93.47798249870539 8.291773214936256 2.504364542663097 296.0024779066443 17.61435820907354 157.3494558557868 51.28590470552444 489.4210590347648 25.05258437991142 4.859042830765247 63.04682891815901 10.64816505461931 1.628494933247566 7.738923780620098 2.244979105889797 43.57183241844177 1.207781165838242 0.09199175983667374 3.246102020144463 1.776561215519905 0.4480001926422119
