0 3839.767175517976 279.9641437530518 1212.390264384449 329.2771400660276 831.6513494551182 131.4350410401821 16.84782340377569 29.94111987948418 1298.489399261773 142.9306286200881 15.98811016976833 91.7089042365551 31.45225086808205 9.913745403289795 2.534098900854588 1.041979163885117 0.1128480359911919 0 0 0.1325728893280029 0 0 0.1784417927265167 1.65394339710474 0.5120029076933861 1.312671363353729 0.4640349149703979 0.2743852436542511 0 546.0461902990937 5.242687501013279 4.552668839693069 0 0 0.9304945915937424 1.325624629855156 1.672600403428078 0.6076503545045853 1.137646198272705 1.003792874515057 0.4906260445713997 0.3281225562095642 0.7691670060157776 0.2759834006428719 0.1413625776767731 46.16772176325321 2.640751086175442 0.2643571496009827 0.6059307903051376 0.7414360716938972 0 0 0 16.91820000857115 22.30699636787176 198.8729274645448 631.8603428676724 7.886991582810879 8.24615915864706 0.4051027372479439 1.000147677958012 1.300833195447922 3.390698775649071 11.55493826419115 5.583463974297047 0.7170129418373108 0.8105242252349854 0.7606902495026588 1.443454228341579 1.953696593642235 12.13582076877356 0 155.068598523736 20.67908330261707 38.34388229995966 4.633755907416344 3.053236871957779 0.2125861644744873 21.02400172501802 0.117374412715435 1.565364338457584 31.09202079474926 0.5575122386217117 1.075674697756767 6.938760548830032 0.2691821604967117 0.6237956658005714 1.244658231735229 0.2627440690994263 0.5422356724739075 0.2712597995996475 1.428634487092495 1.83951311558485 0.4779443740844727 85.27009298652411 3.706927299499512 0.8763299286365509 0.109050065279007 1875.674952886999 2.002130329608917 10.30952487885952 9.715826258063316 0.6750132441520691 0.0967477411031723 6.443244218826294 10.30409304797649 7.146846227347851 13.29235532879829 18.99185553193092 0.1003149449825287 15.18892383575439 12.93526514619589 11.87117930501699 7.602394342422485 0 0 0 0 0 0 0 0 0 0 0 0 0 0 0 0 0.1320860683917999 0 0 1.002222739160061 0.5867297947406769 0 0 0 1.886712372303009 0.6585945934057236 4.252113066613674 0.5908486396074295 0 0 0 0 0 0 0 0 0 1.363459557294846 0 0 0 0.1728842407464981 0 0 0 0 0.42308309674263 0.8504172563552856 2.017143219709396 0 0 3.511574670672417 0 0 0.1569615006446838 0 0 0 0 0 0.1965153366327286 3.991268642246723 0.1333117634057999 0 0 0 1.073611125349998 0.2793790102005005 0 0.3429375812411308 0.7154474034905434 0 0 0 0 0.1019259467720985 0 0 0 0 0 0 2.171046547591686 0.4039797484874725 0.8436088636517525 93.84645517915487 12.16597980260849 147.9331200793386 19.86255791783333 1662.483469165862 44.85583598166704 0.9652252867817879 22.54991368204355 9.931646719574928 0 0.8727495297789574 0.2666357755661011 57.15057128667831 0 0 0.2747020721435547 0.3421056419610977 0
3839.767175517976 0 1847.92088778317 1865.68658850342 4253.123619198799 754.7509152218699 3939.807595029473 151.3615658059716 861.4686077833176 1897.415062353015 1043.542698003352 148.9548284783959 1179.009379923344 338.9339938610792 76.18142744898796 16.27988486737013 4.050103902816772 0.9108103737235069 0 0.4488392174243927 2.941637262701988 0 0.8341828435659409 0 10.68713428080082 2.20036057382822 3.311878144741058 2.311817869544029 3.174305886030197 0.6020126491785049 2030.225287117064 112.943300075829 30.87566889822483 1.072935022413731 0 4.178030781447887 7.456500440835953 7.827716499567032 3.269205614924431 5.546597667038441 5.523570343852043 6.609896264970303 1.646689891815186 3.753525972366333 0.3010430037975311 2.256777115166187 497.5437665805221 19.79081220179796 2.585159197449684 2.876830250024796 10.20756167173386 0 0 0.3980742767453194 73.55795954167843 117.0473917126656 176.5094137489796 1179.550824038684 29.47945941984653 66.14551244676113 3.730809822678566 2.349555850028992 1.904900394380093 32.39632626622915 56.38308890163898 27.4111607670784 5.375606797635555 5.759249337017536 4.035976588726044 10.46800158172846 12.35660655796528 15.41534553468227 0 618.2279793322086 143.0843900665641 273.0981510430574 30.92872920632362 22.02477572858334 0.6984494552016258 130.3643717765808 1.195347867906094 10.59464254975319 170.0583617240191 4.884369052946568 13.69785430282354 41.33415392041206 3.761656627058983 0.3863526582717896 8.521045722067356 0.3032426238059998 4.178096644580364 0.4446272701025009 11.80941397696733 2.929690644145012 2.684272967278957 139.1681282520294 5.244419790804386 0 1.539826117455959 832.0961038917303 2.140488140285015 7.42676654458046 11.1658808812499 0.563580185174942 7.846438758075237 21.11809523403645 15.33407243341208 7.236021868884563 20.18996904045343 47.71558737009764 3.274280898272991 77.01177796721458 56.14476530253887 60.06571360677481 45.87170593440533 0.1304968744516373 0.235629566013813 0 0 0 0 0 0 0 0 0.1951120793819427 0 0 0 0.3787137567996979 0.4878301173448563 0 0 0 6.30972858518362 1.961612649261951 0 0.3210911452770233 0.1647340059280396 24.29389701038599 2.141867332160473 28.61891946941614 5.778589971363544 0.3355124741792679 0 0.3183654546737671 0 0 0 0 0 0.2111184448003769 1.846602603793144 0 0.2265356779098511 0.1612447202205658 0 0.3177723586559296 0 0.3186513185501099 0 0.09035643935203552 1.551141567528248 0.4920630902051926 0 0 28.47394517809153 0.2728996872901917 0 0.3212785050272942 0 0 0.1161505281925201 0 0.8081475123763084 0.3365931510925293 33.05941355973482 1.580930821597576 0 0 0.4291921481490135 7.302233330905437 0 1.564776420593262 1.395311109721661 0.6315316930413246 0.8761962056159973 1.232666999101639 0 0 0 0.1342578232288361 0 0 0.2258450910449028 0 0 10.65845533460379 1.947629973292351 3.45528694242239 690.7964069843292 79.09846682846546 1095.083174102008 160.4697252288461 1249.044970296323 255.5466949120164 9.169550895690918 190.5732806399465 34.04745455086231 1.864926442503929 8.617612294852734 0.6661414802074432 46.87439865618944 2.312735557556152 0.1088386476039886 2.763285495340824 4.929169461131096 0.1357206404209137
279.9641437530518 1847.92088778317 0 4.490847542881966 2363.40892893821 9.186701752245426 27.53486660122871 1882.504513651133 87.85531570762396 7.120594933629036 2870.017715029418 3.521345436573029 15.9605962485075 121.560333698988 43.71509073674679 16.29045806080103 18.40142396837473 5.63248735666275 0 16.75258157402277 39.42729514092207 0.1495836228132248 0.6684627830982208 2.173239722847939 46.60983675718307 2.941648103296757 16.04077844321728 3.756925143301487 0.5701972097158432 0.0996689647436142 6446.535904631019 1089.174733139575 69.61630898714066 8.011783696711063 2.377960726618767 64.56488803774118 13.13799257576466 35.27695193141699 4.042081609368324 11.45726101100445 29.63455989956856 25.68785479664803 36.59135041385889 6.757929712533951 5.1621053814888 28.95908784866333 162.4155494123697 6.234467566013336 17.4537463337183 42.74541050195694 4.711929157376289 0.4396378099918365 0.1208480522036552 2.203613430261612 18.18855130672455 29.5850403830409 84.29757722467184 1453.925628341734 7.067363515496254 20.05768848210573 101.2500711008906 39.69204385578632 51.14762548357248 130.2253501117229 13.92663419991732 7.790555879473686 2.286701396107674 5.706557020545006 31.8260031491518 130.2281550690532 5.316668920218945 5.804524973034859 0.6724702417850494 228.3265592679381 106.6070917844772 102.6434098035097 21.4230058118701 17.44835995137691 109.741652585566 1591.568678736687 36.43836361914873 464.3741248399019 38.77705784887075 0.7562313079833984 3.48130601644516 9.358859650790691 21.46626862883568 0.3582164570689201 2.240491777658463 0.1740581914782524 1.374936245381832 1.323286205530167 51.07786969095469 11.25021063536406 4.508195608854294 8.576338857412338 1.072672635316849 0 0.5271512642502785 145.4498412013054 0.3228492811322212 0 0.5570417046546936 0 0.4280605539679527 0.6120874881744385 1.735896788537502 0.5912868082523346 0.5853967890143394 1.311661183834076 0.9640442281961441 6.328763850033283 7.059153579175472 7.948627658188343 6.41158989071846 0.1019912138581276 0 0 0 0.2507634460926056 0 0 0 0 0.1241593658924103 0.4043152630329132 0.1993140876293182 0.6185102164745331 0 0 1.037946864962578 0.1283532530069351 0 0.2185381799936295 0.7080978080630302 0.1100531667470932 0 0 0 4.877992250025272 0.539824590086937 8.147181645035744 1.758635193109512 0.4363367184996605 0.1371994912624359 0.20558100938797 0 0 0 0 0.2689105570316315 0 0.1152167022228241 0 0 1.030200809240341 0.1057011634111404 1.315736323595047 0 0 0 0 0.3718724548816681 0 0 0 4.629428163170815 0 0.1004873365163803 0.1140575036406517 0 0 0 0 0.2803666740655899 0.6081183403730392 9.324874438345432 0.4928856790065765 0 0.2887900322675705 1.543024472892284 1.278766982257366 0 0.7702759802341461 0.5744335129857063 0.1098136752843857 0.2598226740956306 0 0 0.1120147183537483 0.07411350309848785 0 0 0 0.5413732081651688 0 0.2314563244581223 1.714038640260696 2.383880086243153 1.007386550307274 203.590724222362 38.73120141029358 341.0732240229845 74.94154451042414 174.4360792189837 53.32354977726936 3.853139229118824 71.36111190915108 5.621417656540871 0.3455464392900467 1.525277212262154 0 1.692161902785301 0 0 0.3504291176795959 3.37538655102253 0
1212.390264384449 1865.68658850342 4.490847542881966 0 155.906163200736 594.7073016166687 616.1993717551231 0.9304622113704681 27.56050349026918 1835.846885919571 1.856611669063568 32.19711825251579 1392.723221585155 169.9529370367527 1.989727430045605 0.2476932927966118 0.3120419979095459 0 0 0 0 0 0 0 0 0.248420462012291 0 0 0 0 58.51305118203163 0.7034041881561279 0.4384771883487701 0 0 0 0 0 0 0 0 0 0 0.1373676657676697 0 0 28.60371814668179 2.259849838912487 0.5303760319948196 0 0.3048830181360245 0 0 0 3.437929771840572 7.317350819706917 14.04233023524284 71.8642261326313 1.972499929368496 4.376688420772552 0.09476219117641449 0.1448641270399094 0 0.7136663645505905 3.30147897452116 1.951622597873211 0.3416458740830421 0.2750537320971489 0.2852805778384209 0.08811985701322556 1.105314373970032 0.728838786482811 0 40.68216785788536 7.140861414372921 12.75585151463747 0.5266930609941483 0 0 2.07396624982357 0.128442645072937 0.4667602777481079 11.91836759448051 0.1084941253066063 0.4707979932427406 3.136352069675922 0.1460967808961868 0 0.7921536788344383 0 0.4512709081172943 0.1150788813829422 0 0.1068769842386246 0 124.3898038566113 0 0 1.43847382068634 474.4089090824127 1.068242579698563 1.482281386852264 5.951439052820206 0 0 11.32830038666725 7.999104708433151 2.178818553686142 23.49988915026188 16.94851703196764 0.5204446613788605 12.86602860689163 7.985091373324394 7.229052305221558 5.281552962958813 0.1005413308739662 0 0 0 0 0 0 0 0 0 0 0 0 0 0.2785818874835968 0 0 0.3311291933059692 0 0.73583023250103 0 0 0 0 1.988368541002274 0 2.154045723378658 0.5016034245491028 0 0 0 0 0 0 0 0 0 0 0 0 0 0 0 0.1740143895149231 0 0 0 0.3200411945581436 1.962979197502136 0 0 3.092924490571022 0 0 0 0 0 0 0 0 0 1.530546873807907 0 0 0 0 1.390732131898403 0 0.423931360244751 0.2585988268256187 0 0 0 0 0 0 0 0 0.1161897927522659 0.1200060397386551 0 0 3.290077656507492 0.1674945056438446 0 49.7704276368022 5.272747606039047 75.05905965715647 8.187437541782856 835.8049903139472 19.32138508558273 1.46539893746376 9.893963545560837 3.681864947080612 0.2037373930215836 1.016621232032776 0 19.55333788692951 0.1147158145904541 0 0 0 0.2555274069309235
329.2771400660276 4253.123619198799 2363.40892893821 155.906163200736 0 38.75128252059221 1080.896810092032 113.9901701286435 4344.602123685181 834.5027642771602 1195.363020986319 204.0249988585711 599.0859646648169 489.842499665916 57.7195769995451 15.3915823996067 2.700577646493912 0.2772081270813942 0 0.1175818964838982 1.992620095610619 0 0.1217430755496025 0.5646911561489105 6.053502015769482 1.2955182492733 2.282914623618126 1.23247092962265 2.472322925925255 0.1009489223361015 304.3528504669666 54.08964493125677 11.13243159651756 0.227158285677433 0 1.906158626079559 3.63618778437376 4.419963501393795 1.559014268219471 3.530788384377956 2.395423963665962 2.5805509313941 0.4439967572689056 2.70710264146328 0.1616202890872955 0.6801269352436066 293.658553622663 12.66104640066624 1.364253252744675 1.419409848749638 5.637372836470604 0 0.1677080541849136 0.9355411157011986 26.52512181550264 42.96923267841339 35.13500375300646 199.3241810500622 8.296719573438168 34.77220523357391 1.988392524421215 0.8867966383695602 0.7470452263951302 22.09769815951586 26.68788357079029 12.25960379093885 3.109894216060638 4.110910423099995 2.878248274326324 4.757921688258648 8.365605302155018 9.756546087563038 0 184.2145182862878 72.10097114741802 147.4764801338315 27.72726432979107 15.28044168651104 0 28.47514671087265 0.6411594450473785 4.836031675338745 68.10756716877222 1.830278411507607 4.876862592995167 21.24661631882191 3.163053885102272 0.5397699475288391 4.039565727114677 0.08559809625148773 1.783482387661934 0.9016990661621094 5.247471250593662 2.092789739370346 1.13173571228981 57.62770983576775 1.986371114850044 0 0.3984262868762016 35.19418075680733 1.227939940989017 4.488416254520416 8.053442977368832 1.058370247483253 3.139477349817753 8.467028044164181 7.535822451114655 9.294086866080761 7.378435842692852 24.61952014267445 4.70713597536087 65.43752551078796 44.30830432474613 50.13680551201105 34.06808803230524 0 0 0 0 0 0 0 0 0 0 0 0 0.1435038447380066 0 0 0 0.1437717378139496 0.3596760034561157 0.1495951116085052 5.693735994398594 1.194617994129658 0 0 0.6840258240699768 22.70918434858322 2.076504498720169 21.31792100518942 4.128768339753151 0.2465954497456551 0.1728244721889496 0.08868490904569626 0 0 0 0 0.1248770654201508 0.2282454818487167 2.069248758256435 0 0 0.2774665057659149 0.1170797869563103 0.4173188656568527 0 0 0 0.5130895003676414 1.784570269286633 0.6941360235214233 0 0.3861327022314072 21.84153430908918 0.3612349480390549 0.1122001335024834 0 0 0.1092275828123093 0 0 0 0 29.22787696123123 0.5776050686836243 0 0 0 4.058774672448635 0.2477312907576561 1.063099913299084 1.146868988871574 0.9703981429338455 0.8363558351993561 0.8899933323264122 0 0.09376221150159836 0 0.08126595616340637 0.09683254361152649 0 0.09897631406784058 0 0 11.77498362213373 1.708692267537117 3.153726227581501 408.3556167036295 45.42096797376871 542.9697584137321 101.4496362283826 146.9155742786825 110.0105952247977 5.806075602769852 127.9281264767051 15.10177934914827 1.740393772721291 5.457677088677883 0.4265121445059776 27.33209970593452 0.5569681599736214 0 2.378315597772598 2.478495307266712 0
831.6513494551182 754.7509152218699 9.186701752245426 594.7073016166687 38.75128252059221 0 61.3077278137207 0.6819549575448036 21.55629289150238 991.69213090837 8.06043915450573 276.6764037907124 163.0432783141732 31.02973379194736 1.27462737262249 0.3647977709770203 0 0 0 0 0 1.242290914058685 0 0 0.1334336251020432 0 0 0 0 0 44.72149888426065 0.1192256137728691 5.723891898989677 0 0 0 2.935705751180649 0 1.073927938938141 0.3851089999079704 0 0 0 0 0 0 4.513614289462566 0 0 0 0.1601915210485458 10.33378088474274 0.882171243429184 0 1.522020012140274 2.149421341717243 119.7848934754729 85.56624454259872 1.276060804724693 0.7681071758270264 0 0 0 0 1.374571174383163 0.2717679589986801 0.139164537191391 0 0 0 26.2633550465107 220.3763086348772 14.29713687300682 16.27401757240295 1.239608474075794 4.019084326922894 0 0 0 1.477951526641846 0 0.2505211532115936 2.985546045005322 0.1492605060338974 0.5769633203744888 1.3179667070508 0 7.510608211159706 0.7171990945935249 3.000019438564777 0.8727924600243568 3.045725956559181 0.2588216960430145 0 1.396840631961823 700.0525422990322 121.1133064627647 20.6297419667244 8.118810474872589 565.310135781765 1.351090013980865 6.02788320183754 5.132064700126648 0.5407288670539856 0.8335286378860474 2.465764090418816 6.62075486779213 2.961040914058685 3.41978757083416 12.35298009216785 0.7240186333656311 10.23063212633133 5.057863384485245 4.200834311544895 2.243941992521286 0 0 0 0 0 0 0 0 0 0 0 0 0 0 0 0 0 0 0 0 0 0 0 0 1.587231308221817 0 0.128305584192276 0.19723841547966 0 0 0 0 0 0 0 0 0 0 0 0 0 0 0 0 0 0 0 0 3.432825058698654 0 0 0.5313493758440018 0 0 0 0 0 0 0 0 0 0.335695780813694 0 0 0 0.1307649910449982 0.09259437024593353 0 0 0 0 0 0 0 0 0 0 0 0 0 0 0 0.720269687473774 0 0 13.46575916558504 3.65157412737608 14.86329369992018 1.780456438660622 486.5882765427232 8.06432831287384 0 1.169223770499229 3.459490478038788 0.4761636555194855 0.1440545469522476 0 30.70151729881763 0 0 0 0 0
131.4350410401821 3939.807595029473 27.53486660122871 616.1993717551231 1080.896810092032 61.3077278137207 0 0.7195849791169167 526.414179623127 1587.615961313248 22.71779432147741 112.3330583721399 2068.026907198131 443.214634925127 44.51960968226194 9.627605453133583 0.9968264102935791 0.1156308129429817 0 0 0.2949700653553009 0 0 0 2.255558602511883 1.567870698869228 1.655170485377312 1.226236343383789 2.971948303282261 0.5723050609230995 68.55050244182348 23.34302639216185 9.657886311411858 0.1066617965698242 0 0.2550341188907623 1.438956320285797 1.633313335478306 1.433496683835983 1.446622386574745 0.8108641356229782 0.8800045996904373 0 1.179599225521088 0.1837456077337265 0.6592719405889511 273.3039737790823 7.362049125134945 0.9141308516263962 0.4928971081972122 3.577571876347065 0.1017468422651291 0 0.2964771613478661 18.70683269947767 30.05737558752298 24.83918941020966 82.18528477847576 7.431465104222298 22.85070794075727 2.789509557187557 1.999782405793667 0.8205285668373108 13.60768899321556 16.55487245321274 7.922633573412895 2.973541706800461 2.156356208026409 0.9843004122376442 1.926783055067062 5.727026663720608 5.9279845058918 0 124.2616151571274 38.6211262345314 111.9057322964072 19.75657097995281 10.39226858317852 0.2844889611005783 4.359482295811176 0.5100899264216423 1.92069961130619 50.61646181344986 0.9087657034397125 4.455594725906849 14.45262655615807 1.401413336396217 0.4763031676411629 3.675416186451912 0.08845875412225723 2.497549295425415 0.4782048463821411 1.356125272810459 1.400742068886757 1.347201742231846 85.96968461573124 0.6939204633235931 0 1.854201853275299 12.92277237772942 1.72593704611063 4.219441168010235 7.792770244181156 0.6470641046762466 3.965778864920139 11.49232073873281 7.35813769698143 6.331099331378937 2.75718180835247 34.7948639318347 6.420362383127213 56.60202161222696 53.5621949955821 47.00385031849146 34.59367268532515 0.3034965097904205 0 0 0 0 0 0 0 0 0 0.1381605267524719 0 0 0 0 0 0 0.2878841161727905 0 4.233433045446873 1.18544502556324 0 0 0.3426951169967651 17.39459341019392 0.6333525702357292 17.30327963829041 2.602467581629753 0 0 0 0 0 0.1317764222621918 0 0 0.4793152362108231 1.079315930604935 0 0 0 0.4373332262039185 0 0 0 0 0.1071607023477554 1.733636893332005 0.6160864681005478 0 0 18.05685745924711 0.1681698262691498 0.1330847889184952 0 0 0 0.1262274086475372 0.398414820432663 0 0 24.76784957200289 0.1973411738872528 0 0 0 5.67678090184927 0.5547695308923721 0.9053143858909607 0.9452229216694832 0.9015961289405823 0.1030184030532837 1.122852958738804 0 0.1138578057289124 0.3137238919734955 0 0 0 0.1042235121130943 0 0 16.1961854621768 2.111546084284782 1.819923415780067 501.3626194745302 47.76334128528833 557.4395955950022 109.5009894147515 178.0380509272218 113.4882406815886 3.781891003251076 157.7473392859101 17.56319741904736 0.7062084078788757 2.974619016051292 0.302555613219738 22.96097422391176 1.232154220342636 0 1.375156596302986 0.9825573861598969 0.1118263602256775
16.84782340377569 151.3615658059716 1882.504513651133 0.9304622113704681 113.9901701286435 0.6819549575448036 0.7195849791169167 0 172.4388167336583 0.1232728734612465 2732.299695029855 2.737283855676651 7.746845915913582 100.6040466949344 25.20897510647774 10.26774893701077 5.757771745324135 3.244626477360725 0 7.70550249516964 20.6602381169796 0 1.457453161478043 0.6894823387265205 21.11186205595732 3.087479956448078 7.686594218015671 2.027803763747215 0.858217179775238 0.1093295887112617 947.0579614341259 1117.786287799478 46.29090264439583 6.075445219874382 2.209756068885326 28.31403379142284 9.429017268121243 22.66115884482861 1.451562605798244 7.060710586607456 10.46102435141802 9.333996027708054 19.08900898694992 5.503206789493561 1.688089348375797 20.70725052058697 95.53211345523596 3.107440300285816 5.582074917852879 23.38440822809935 2.248026162385941 0 0 1.023506700992584 3.951101996004581 9.051385499536991 21.93425001204014 344.2108638137579 2.343652673065662 10.3057478889823 107.3734054863453 31.63313241302967 20.13649263232946 244.1083447858691 5.359967783093452 3.04474750161171 0.7181996777653694 2.922502540051937 16.91662219911814 64.53624753654003 2.08146245777607 2.582000017166138 0 89.55927944928408 85.33136399835348 71.19739212840796 174.4623080939054 438.0681967064738 611.2728903219104 1791.675983294845 114.1050114110112 660.7056139931083 14.37912213802338 0.08825168013572693 1.703766785562038 3.895018361508846 14.6630425080657 0.09175859391689301 0.7803023681044579 0 1.105158865451813 0.792407713830471 23.79339639097452 5.639031149446964 1.959941364824772 5.22970649600029 0.8515489175915718 0 0.3832643255591393 9.621474996209145 0 0.1464855074882507 0 0 0 0 0.1906163841485977 0.144512340426445 0 0.8122502714395523 0.2167640998959541 1.848579660058022 2.702536515891552 2.527067996561527 2.985527187585831 0 0 0 0 0 0 0 0 0 0 0 0 0.1752383559942245 0 0.7697075605392456 0.5511701256036758 0 0.1851878613233566 0 0 0.1057384088635445 0 0 0 2.639811791479588 0.4064520746469498 2.162188991904259 0.4404115751385689 0.4485743939876556 0.2816738784313202 0.2707309126853943 0 0 0 0 0 0 0.4094473719596863 0 0 0.2613313794136047 0 1.074390187859535 0 0 0 0 0.200977511703968 0 0 0.2432428002357483 1.686991684138775 0 0.1117581725120544 0 0 0 0 0.1080253347754478 0.1033913716673851 0.4370522946119308 3.66244201362133 0 0 0 0.169513151049614 0.2629279494285583 0 0.1349836587905884 0 0.171733021736145 0.1555052697658539 0 0 0 0 0 0 0.3564045876264572 0.1236180141568184 0 0.4152349680662155 0.717496819794178 0.1692924499511719 0.4028521031141281 128.5556178987026 18.17720150202513 191.4684529900551 37.34917455166578 25.82468048483133 19.04606171697378 0.9656268730759621 39.43392723053694 1.999276086688042 0.3194807171821594 0.1883646249771118 0 2.968146100640297 0 0 0.347728043794632 1.288731575012207 0.3376173377037048
29.94111987948418 861.4686077833176 87.85531570762396 27.56050349026918 4344.602123685181 21.55629289150238 526.414179623127 172.4388167336583 0 1233.001840092242 2561.258351281285 481.4301338940859 2455.180212974548 3380.055861711502 82.49074948579073 21.1137657314539 3.542340107262135 0.2552347481250763 0 0.1230170279741287 0.6213376373052597 0 0 0.1223350763320923 8.869225397706032 1.051769241690636 2.734808668494225 1.400055445730686 1.653342254459858 0.2558430284261703 68.61525502800941 35.0787691026926 43.64707827568054 0 0.194424532353878 2.503705240786076 11.48291575163603 5.427917800843716 2.700761914253235 5.154132343828678 5.055002510547638 5.86909057199955 0.7833534553647041 4.356035023927689 0 0.7189038991928101 180.7364479899406 2.796879798173904 1.093917012214661 1.261862553656101 1.798146866261959 0.1211070716381073 0 0.4404564499855042 5.309901289641857 12.24172662198544 12.69396639615297 59.28356878459454 2.842061169445515 12.34303011745214 0.9536508768796921 1.733131267130375 1.298059038817883 22.22728714346886 6.84904745221138 3.35003238171339 0.8142834454774857 1.211857832968235 1.659313507378101 8.460836797952652 20.82494205981493 27.4201917424798 0 62.91924894601107 33.49052535742521 93.40606131404638 33.80033319443464 22.03133966773748 0.2626539468765259 75.1244078874588 0.5172811076045036 2.323421992361546 19.02695437520742 0.2923920303583145 1.471042312681675 4.322845071554184 2.02324552834034 0 1.209384486079216 0 0.8952949419617653 1.103195853531361 8.654539026319981 2.692383579909801 1.157085582613945 296.0148152634501 5.322631366550922 0 1.437303960323334 8.561027333140373 6.785203419625759 13.07014415413141 20.91368658095598 1.415340408682823 11.49226471036673 26.32765008509159 21.64434403181076 19.33187280595303 12.87275883555412 88.95292289555073 11.40421786159277 175.6628873571754 131.3770609870553 135.7290007695556 100.5070504695177 0.5675555542111397 0 0.1150316372513771 0 0 0 0.1183539405465126 0 0 0 0.1606829017400742 0 0.5528704822063446 0 0.1129979342222214 0.5006464421749115 0.260943703353405 0.3710316717624664 0 12.29432953894138 5.259680807590485 0 0.3657703697681427 0 48.5653987377882 2.50834896415472 54.6910058259964 7.38561650365591 0.7679279297590256 0 0.3743401318788528 0 0 0 0 0 0.2060658857226372 4.472010508179665 0.4655897691845894 0 0.1697833389043808 0.2301417365670204 0.1713397055864334 0.10908542573452 0.9787242487072945 0.1891345754265785 0.3331965804100037 4.931098774075508 1.665732696652412 0 0.9510336965322495 66.46935287863016 0.7651205807924271 1.037612125277519 0 0 0 0.1115855574607849 0 0.1618258655071259 0.5436661168932915 71.64375374466181 2.289010211825371 0 0 0 17.26993755251169 0.5043938755989075 2.098381921648979 2.746358975768089 2.294997662305832 2.138316087424755 2.202893249690533 0 0 0 0 0 0 0 0 0 44.03153181821108 5.683791764080524 6.257856197655201 378.0613845959306 27.90985285490751 321.938501149416 96.14741790294647 58.76343380659819 54.8576483130455 3.278146773576736 142.246785081923 21.54306041449308 1.044200286269188 11.18316315114498 0.7309600114822388 64.95368315279484 1.739090912044048 0.1463348269462585 4.476683311164379 2.989368215203285 0.3736176490783691
1298.489399261773 1897.415062353015 7.120594933629036 1835.846885919571 834.5027642771602 991.69213090837 1587.615961313248 0.1232728734612465 1233.001840092242 0 19.66484634578228 1333.305312924087 6140.989437162876 486.0423397272825 11.20031651854515 3.240994371473789 0.4255355075001717 0 0 0 0.1777791529893875 0 0 0 0.814555399119854 0.7070593535900116 0.5106998383998871 0.2321223542094231 1.89836847782135 0 32.22457870841026 5.550085537135601 29.14602002501488 0 0 0 4.371131911873817 0.6290072649717331 1.90914560854435 1.18058418482542 0.3909926563501358 0.6109751313924789 0.1718001216650009 0.4160480871796608 0 0.5677921772003174 62.82184073328972 2.089438244700432 0.1539524495601654 0.3134374767541885 1.092713087797165 0 0 0.1535631865262985 6.47425115853548 8.970662884414196 16.04353928565979 42.77552664279938 2.229779176414013 7.846195802092552 0.4664042145013809 5.701720356941223 0.1912278681993484 2.637203045189381 4.916802980005741 1.892046436667442 0.6571159511804581 0.85739416629076 0.1044955998659134 0.3986822217702866 33.09565632045269 16.95899058878422 0 51.15994038432837 9.250478900969028 24.66401372104883 4.776254244148731 2.891884759068489 0.2209097668528557 14.94040355831385 0 1.266121923923492 15.43222636729479 0 0.8927897587418556 2.079755209386349 0.147672712802887 0 0.9630004018545151 0 0.2145730257034302 0.3732730373740196 0.5027795732021332 0.1380354166030884 0.4059037119150162 1064.167983941734 1.462102115154266 0 0.1886318325996399 296.258205473423 5.705889463424683 49.51654524356127 70.55175402760506 6.533566832542419 12.64994062483311 53.06966349482536 82.13598032295704 41.05206900089979 49.00630215555429 230.4233446195722 15.54171697795391 288.5491491034627 205.6468807458878 190.2183863446116 111.912118755281 1.332855634391308 0.419741615653038 0 0.1197985410690308 0 0 0 0.3403807580471039 0 0 0 0 0 0.3041312694549561 0 0.2255320698022842 0 0 0 19.84866389632225 3.854017123579979 0 0.4372233748435974 0 55.01884606480598 8.62971568107605 58.64363012462854 7.199578478932381 0.6752989292144775 0 0.1181791797280312 0 0 0 0 0 1.828635931015015 5.732821896672249 0.3065878003835678 0 0.1809774488210678 0 0.4481948614120483 0.1136146187782288 0.5646313950419426 0 1.577467389404774 9.938116848468781 5.052717417478561 0 1.19629767537117 67.09695401787758 1.731494747102261 0.7708797752857208 0.3326465860009193 0 0.1075448766350746 0.5424721390008926 0 0 1.276736840605736 54.28989318758249 1.558426737785339 0 0 0 17.68270616978407 0.2952602505683899 4.848303720355034 5.314949691295624 4.233709901571274 1.436160303652287 3.560821458697319 0.5344507098197937 0.6658430546522141 0 0 0 0.1004457175731659 0 0 0.1866559237241745 70.77048425376415 7.268774680793285 5.631121180951595 200.0222751572728 13.03981184214354 142.8725000098348 28.28272030502558 739.4382597878575 38.03096606582403 0.6318844333291054 68.26101958751678 37.56303676962852 0.8837162405252457 12.96631351858377 0.880796492099762 272.1576290875673 2.398302115499973 0 4.386309549212456 0.2127998620271683 1.505808591842651
142.9306286200881 1043.542698003352 2870.017715029418 1.856611669063568 1195.363020986319 8.06043915450573 22.71779432147741 2732.299695029855 2561.258351281285 19.66484634578228 0 147.5717770084739 809.2246709167957 3023.291552998126 169.639925904572 62.83068872988224 17.1296114474535 2.384081833064556 0 2.573460273444653 11.56150894612074 0.1354911476373672 0.7998412698507309 0.8425667434930801 106.2983760535717 7.491409167647362 33.52206385135651 6.020736798644066 2.644581466913223 1.767283894121647 558.401518329978 240.5257202237844 663.4514313563704 0.9004411622881889 1.558772094547749 57.26681492477655 125.5527182295918 125.9834035560489 25.33434662222862 56.60648851841688 35.60092765837908 40.12860026210546 7.330736413598061 12.11968539655209 0 2.547853983938694 312.2922678887844 7.209804549813271 6.344098493456841 7.382439382374287 4.697229169309139 0.2955111861228943 0.4001759737730026 2.066265381872654 17.04846052080393 26.85487308353186 34.94454600661993 264.5816696062684 6.59086812287569 27.35857935249805 3.349935218691826 21.9534924030304 17.47169703245163 59.76584093272686 16.22748501598835 8.615012794733047 3.816059999167919 4.890888325870037 17.53000424802303 63.20386333763599 86.94931800663471 47.88166169822216 0.2907330393791199 153.2422878444195 94.37497247010469 188.351244315505 74.01121139526367 58.30713669210672 246.2292651459575 996.2615914046764 1.350607216358185 47.27050130814314 42.79268639534712 0.6632588058710098 4.005588054656982 11.26844488829374 5.39540134370327 0.1361436992883682 4.181775406002998 0.3848914876580238 1.633174806833267 0.9987596049904823 53.71320684999228 11.33728850632906 4.814816609025002 175.250219039619 13.30996030569077 0 6.422800108790398 28.98589124530554 2.72961387783289 4.163186356425285 6.562120348215103 0.8544043302536011 6.286187052726746 7.155697360634804 5.964468203485012 11.74123349785805 5.470718100667 29.887381978333 8.945935390889645 80.44889149814844 74.25643499195576 90.89483585953712 75.67222413420677 0.1757902279496193 0.2324772402644157 0.1798685938119888 0 0.2179819345474243 0.1796056777238846 0.1006023064255714 0 0 0 1.377292945981026 0.1519715934991837 0.971254974603653 0.7150186970829964 0.7159115597605705 3.17828942835331 0.2207608968019485 2.623864740133286 0.7219638824462891 7.304411537945271 1.970769941806793 0 0.676387645304203 0.2615951001644135 46.47252702713013 4.869447857141495 57.58464280515909 8.964465625584126 2.174926027655602 0.5659108012914658 1.635513260960579 0.3562800288200378 0 0 0 0 0.787900909781456 3.468597993254662 0 0 1.203775510191917 1.309580683708191 1.648057080805302 0 0.233770065009594 0 0.8967875093221664 3.348290793597698 0.8819748759269714 0 1.282355614006519 48.46725898981094 0.1011964902281761 0.8912960961461067 0.3649662286043167 0 0.09923615306615829 0.1373072117567062 0.1072611510753632 0.4719911068677902 1.599683187901974 79.91662348806858 4.116718806326389 0 0 1.823134422302246 8.653842084109783 0.1772059947252274 2.713964395225048 2.408809259533882 0.9928836897015572 0.7355449572205544 1.538567274808884 0 0 0.1158020794391632 0 0 0 0.2303951233625412 0.7811356782913208 0.3693047761917114 23.22057715058327 9.805153377354145 11.680993296206 503.6121005490422 78.21918486058712 551.4287278130651 154.0097657367587 94.21179412305355 92.87223570793867 7.532897405326366 197.673348210752 21.68402319401503 2.424329809844494 10.90308849513531 1.220704101026058 26.00133653730154 0.4844387695193291 0 3.593053393065929 8.663140095770359 0.7145124524831772
15.98811016976833 148.9548284783959 3.521345436573029 32.19711825251579 204.0249988585711 276.6764037907124 112.3330583721399 2.737283855676651 481.4301338940859 1333.305312924087 147.5717770084739 0 1988.433191485703 622.7184742689133 25.29711735248566 19.15208239853382 9.13435085862875 0 0 0 0 1.316833436489105 0 0 9.545151725411415 0 5.424286112189293 2.383593186736107 3.687216103076935 0.512050062417984 3.601854555308819 4.646668590605259 276.1756268441677 0 0 0 164.3159327432513 25.41360358148813 49.3760384619236 21.41949757188559 0.1392904222011566 1.639070682227612 0 4.817375831305981 0.1470305770635605 0 22.73563826084137 0.3891757428646088 0.4102613031864166 0.1146361604332924 0.758572556078434 2.123428203165531 6.584770560264587 1.474786967039108 1.19098849594593 0.5996089428663254 3.219970412552357 4.401629135012627 0.4353630021214485 1.550784222781658 1.907147794961929 8.959034964442253 0 2.526254199445248 0.3024457395076752 0.09247450530529022 0 0.2067125141620636 0.4720401167869568 0.442978173494339 82.4933059066534 139.690735951066 0.5652909129858017 6.305628292262554 4.496438160538673 13.78617898374796 5.578899160027504 7.676174558699131 0 132.0685253590345 0.8447492048144341 0.6361701935529709 3.43701646476984 0 0.3289515152573586 0.6420780494809151 0.0933857187628746 0.1171950325369835 0.09005894511938095 0.1476361751556396 0 0 1.550975397229195 1.294437266886234 1.310296803712845 2529.057533957064 93.77905677258968 3.213265761733055 26.63715420663357 38.12047043442726 7.767326019704342 20.82976742088795 29.31060646474361 3.010839812457561 12.48898216336966 37.75264894962311 40.68275351822376 35.74289447069168 26.08984190225601 154.9445855990052 14.59635283052921 259.7547522112727 244.1737888455391 238.5388523191214 145.9359214752913 1.103359870612621 0.183830663561821 0 0 0 0 0 0 0.1578741073608398 0 0 0 1.02848981320858 0.9349465444684029 0.3167811781167984 0.4367472529411316 1.566765323281288 2.338189050555229 0 19.09840899705887 4.697981797158718 0 0.6636797785758972 0.2548377215862274 81.02016046643257 8.367016635835171 77.51566153764725 15.65901028364897 4.567489795386791 0.2921805381774902 0.6822294741868973 0 0.1300056278705597 0 0.1550615280866623 0.1182109043002129 1.657733865082264 8.243405736982822 0.2895338535308838 0.5416090115904808 0 1.13877609372139 0.6576435267925262 0.4882168769836426 0.1390717476606369 0.09446846693754196 1.173100151121616 6.761896558105946 1.812394484877586 0.1793471723794937 1.067373655736446 67.74270053952932 1.182526998221874 1.220007613301277 0.241880901157856 0 0 0.1921886056661606 0.1034757569432259 0 1.204448439180851 153.8685959205031 11.77801014482975 0 0 0 17.52797032147646 0 3.044909723103046 3.218063652515411 3.420250669121742 1.548724502325058 2.616288088262081 0.5515157207846642 0.3154404014348984 0.1381968706846237 0 0 0 0.1721682697534561 0.1272640824317932 0 123.7027829661965 21.24915441870689 16.7620600387454 110.5758509263396 8.600457109510899 53.36692593246698 21.00768168270588 55.43226629495621 8.385175138711929 0.4478379189968109 32.40852575749159 17.76360203325748 0.3898287415504456 15.49999060481787 1.066331930458546 87.97272714227438 3.045586504042149 0.1278175562620163 3.0940867587924 1.516518592834473 0
91.7089042365551 1179.009379923344 15.9605962485075 1392.723221585155 599.0859646648169 163.0432783141732 2068.026907198131 7.746845915913582 2455.180212974548 6140.989437162876 809.2246709167957 1988.433191485703 0 2993.424840554595 74.49807912111282 41.61526295542717 14.27713805437088 0 0 0.2175022140145302 0.4912197813391685 8.96457414329052 0 0.4583384096622467 13.57258786261082 1.373238235712051 7.496929340064526 5.590494155883789 12.25889410078526 1.099236130714417 29.81310343742371 21.99377988278866 706.4862805232406 0.1141135320067406 0 1.626810252666473 373.8213239833713 91.95638407766819 259.6909392103553 121.5169573277235 2.347418986260891 3.575250126421452 1.590626746416092 9.643939927220345 0 0.4710928574204445 113.4291100725532 0.9204518869519234 1.27585706859827 1.506881557404995 1.455428421497345 3.634896032512188 27.0533696487546 2.058238223195076 4.744843177497387 8.093654796481133 7.021158188581467 29.36311674118042 1.963387407362461 11.01558055728674 4.276342630386353 27.02244819700718 0.5519013553857803 14.19855489581823 3.57653383910656 2.645213529467583 0.569729171693325 0.8859111145138741 0.8720887303352356 4.616843193769455 288.4186408445239 257.1199032068253 1.392542771995068 40.13377889990807 17.42786895483732 62.39650331437588 24.38098577409983 21.1543684899807 0.3608960956335068 112.3210383206606 1.274946428835392 3.167704470455647 11.45138990879059 0.08759041875600815 0.9201221391558647 2.150421358644962 0.3508676141500473 0.5416501760482788 0.9157286956906319 0.4304274544119835 0.9549218341708183 1.187730170786381 4.788689941167831 1.514366708695889 1.324367195367813 2079.518921419978 144.5644996836782 13.55895853787661 93.15271323174238 33.37557724118233 11.4448216855526 27.98131927847862 44.22039396315813 4.926479235291481 18.19722949713469 53.66677356511354 51.31504714488983 35.68003880977631 31.59772357344627 202.8134042024612 27.34138257801533 336.6245882362127 325.6795678883791 319.5639341920614 235.8428059890866 1.800608910620213 0.2268956080079079 0.3206107616424561 0.2161176949739456 0 0 0.3142878115177155 0 0.3324593752622604 0.4882098287343979 1.871501669287682 0.3946385532617569 3.287466920912266 0.7481649965047836 2.541753366589546 1.960353791713715 6.106493398547173 3.460187681019306 0.601049616932869 24.66612527519464 7.228728979825974 0 1.962852083146572 2.223882608115673 130.4831672534347 21.62546661496162 169.6426362246275 45.61671040207148 17.14735054969788 0.6214321404695511 1.027494855225086 0.1807846128940582 0 0.08536528050899506 0 0 1.6578768491745 10.13039132207632 0 0.3626018688082695 0.2874227464199066 5.845422625541687 0.3374784588813782 1.254624843597412 1.043060511350632 0 1.499479077756405 10.14265964925289 2.089971125125885 1.214829072356224 5.178436852991581 132.0591892972589 2.916953362524509 1.529722735285759 0.7059001326560974 0 0.1349188834428787 0.3587007895112038 0 0.1675985604524612 0.8044900074601173 266.9380112215877 26.02249616384506 0 0 0 28.69634764641523 1.408881738781929 5.185557462275028 5.343914940953255 6.635974749922752 3.322013355791569 4.376186534762383 0.2619470581412315 0.6169881895184517 0 0 0 0 0 0 0.2368641495704651 134.845452003181 39.55585418641567 43.58047507703304 338.0128111839294 28.03918290138245 230.844444014132 73.17893060296774 96.42304009944201 37.55648145824671 3.083208493888378 120.3961984887719 38.93155406415462 1.916992783546448 21.1530783995986 1.967702902853489 113.990271769464 3.882904082536697 0.1214583814144135 9.815630502998829 2.499722331762314 0.5252594128251076
