0 2576.017593771219 640.7791564613581 942.9223061054945 758.2947188764811 105.7194876521826 438.9432995542884 49.53461730480194 20.61267082393169 1050.974379479885 161.5845273807645 135.1381405740976 222.1097626686096 49.14887790381908 4.804410986602306 1.220191776752472 0.5111283883452415 0.3954713940620422 0.42424476146698 0.1303259134292603 1.553481325507164 0 0.2503392845392227 0.2033011391758919 0.8290786519646645 0.9206899553537369 0.1103483960032463 0.4943161532282829 0.4513189941644669 0 350.3137830346823 1.568529091775417 6.791967891156673 0 0.9356829300522804 0.2874022722244263 2.954422041773796 1.533734060823917 2.149606108665466 1.367811098694801 3.227996855974197 0.1626802533864975 0.3605500459671021 0.361636258661747 0.1658562570810318 0.8244539871811867 23.85941196233034 11.50243912637234 0.9276758208870888 0.6640662848949432 3.746844708919525 0.691605731844902 0.718022882938385 0 15.26340109854937 14.74765491485596 808.7112424150109 1006.236714504659 110.5716318115592 3.746335990726948 1.754279971122742 2.333569034934044 0.4349552541971207 12.80674693733454 15.5019068941474 2.731882028281689 2.703398831188679 1.21494023501873 1.073131658136845 4.147546961903572 39.16072054207325 31.51230917870998 1.370870485901833 213.9218940958381 121.0712796002626 84.67836134880781 25.24279957264662 2.842201597988605 3.556208908557892 132.1529797613621 1.551694549620152 32.25391282141209 17.04228068888187 2.650890991091728 9.084002733230591 7.646725345402956 5.895006917417049 1.803980953991413 3.078559428453445 1.690635420382023 1.975343108177185 0.376702606678009 0.4988588392734528 0.7519978135824203 0.6739754527807236 189.8917781561613 18.34725576639175 6.98796284198761 3.350317195057869 1420.004922643304 0 0 0 0.9187847822904587 0 7.557792916893959 0.4723723828792572 1.666387483477592 21.06777612864971 3.72769583761692 0 6.098095670342445 1.622819930315018 3.010199397802353 0.3664440512657166 0 0 0 0.1180057227611542 0 0 0 0 0 0 0.1180105805397034 0.1666175127029419 0 0 0 0 0.3555067926645279 0.2811449691653252 0 0 0 0 0.2591660916805267 0.1407619416713715 0.2700553834438324 0 0.4631303548812866 0.8434730768203735 0.2893001735210419 0 0 0 0 0 0.2203515768051147 0 0 0.1529900282621384 0 0 0 0.5962048321962357 0 0 0 0 0 0.3933545351028442 0 0.2649549394845963 0.1475639045238495 0.7430233359336853 0 0 0 0.1025317460298538 0.1729216128587723 0 0 0 0.1198234483599663 1.447964012622833 0.4624630808830261 0 0 0.3726921305060387 0 0.6079330444335938 0.6887009143829346 0.6533883213996887 0.1552760750055313 0.7530995756387711 0 0 0.3932367041707039 0 0 0 0.3328047916293144 0.08833067119121552 0.1397775709629059 0 1.341718435287476 1.111073106527328 1.783198460936546 65.24586195498705 16.50867503136396 164.0338635146618 18.21942921727896 1536.824083715677 11.83333087712526 1.713811092078686 10.48342818021774 5.497850596904755 0.2268254533410072 0.7295788526535034 0.2627061009407043 9.424960866570473 0 0 0 63.75313493609428 0
2576.017593771219 0 1472.344318769872 599.4686475917697 3590.857347168028 373.0866817384958 2949.402669794858 138.8843647167087 928.0776420161128 999.7831131666899 830.2611293792725 8.046983130276203 967.1538364514709 1054.350719586015 34.01690793037415 7.890627950429916 2.004027955234051 1.453746326267719 0.3217173591256142 0.2236630097031593 1.934003487229347 0 0.5598966032266617 0.6293899714946747 3.993229128420353 3.534216806292534 0.5744120106101036 1.16512031853199 2.434370458126068 0.2478311732411385 2000.345414683223 20.80253484100103 31.1868150383234 0.409562349319458 0.4061223492026329 3.063723713159561 10.63723107427359 6.605125889182091 3.175563246011734 4.206076458096504 6.971947707235813 1.082116693258286 0.5219414979219437 3.036277420818806 0.2243025153875351 1.446253784000874 198.4035974144936 31.38083383440971 2.765091478824615 1.888410314917564 11.68683657795191 0.136175125837326 0.4638523533940315 0.9721361547708511 36.75326242297888 37.60554480180144 350.1763323098421 1357.805962026119 63.94341028481722 24.24260939657688 2.817156583070755 3.055931717157364 2.496491529047489 69.5810234695673 41.06352368742228 10.07413671165705 5.585198923945427 4.570006735622883 3.276050463318825 2.209638081490993 17.42903976142406 12.44363386183977 0 393.3788024187088 361.7711783275008 425.7020994275808 228.7396493479609 8.341478489339352 9.151885032653809 386.9863360449672 3.705440655350685 56.41379497945309 44.270966142416 8.185684762895107 25.62577211856842 25.94877085834742 15.94576999545097 1.202899843454361 7.990692444145679 1.051087632775307 5.293475277721882 1.391132935881615 2.722110509872437 3.064120009541512 2.578382231295109 129.3072528541088 0 0.5938434600830078 0 764.9147888347507 0.1498051285743713 3.439118668437004 5.332842960953712 3.819181144237518 1.450558334589005 58.74461664259434 4.701367914676666 22.33118060231209 58.66201075911522 45.84382937848568 1.759997814893723 107.1774240359664 27.81036321818829 43.60069201886654 8.255823835730553 0.7942550182342529 0 0 0.402126669883728 0 0 0 0.1231841444969177 0.397562749683857 0 0 0 0.4021873474121094 0.1621581763029099 0.3371309190988541 0.1188437342643738 0.4532894790172577 0.1670158356428146 0.2383906990289688 0.2055114954710007 0 0 0 0 11.3968221321702 3.49104967713356 14.15556359291077 7.307711564004421 1.050359100103378 0.3325431644916534 0 0.1325707882642746 0 0 1.300552532076836 0 0.3731916397809982 4.414384827017784 0.4440960884094238 0 0.282102569937706 1.578061297535896 0.2560050785541534 0 0 0 0 1.940579742193222 0 0.1289432048797607 1.157356441020966 5.055762827396393 0.2201570272445679 0.2345309257507324 0.7731998339295387 0.2942778989672661 0.3903090208768845 0 0.7216309905052185 0.1047053933143616 0 18.27301649004221 2.679144352674484 0 0.1446865499019623 0.7934330850839615 0.2118974924087524 3.021231770515442 1.2668696641922 0.9034392535686493 4.433407813310623 4.201257050037384 1.024436950683594 1.310260593891144 0.767766647040844 0 0.1437264084815979 0 1.728645622730255 0.515282079577446 0 0.487446591258049 14.32851240038872 5.254466086626053 7.382922790944576 446.35278583318 73.86296240985394 705.1086537837982 108.4961946383119 1946.850639313459 86.60880630463362 4.674044698476791 103.9983939006925 69.35378569364548 0.7382845506072044 8.188714414834976 0.8202199041843414 76.77141600847244 0 0 1.337930977344513 220.3981421366334 0.7290923893451691
640.7791564613581 1472.344318769872 0 23.70181562006474 1049.430542178452 32.66755682975054 37.59306869655848 1727.003624051809 54.28069242089987 10.40654239803553 2033.830772012472 2.09305165708065 29.39440403133631 405.7197369337082 36.28546346724033 19.13112100958824 2.897888258099556 9.308490909636021 0.5246332287788391 6.932119980454445 26.32576245814562 0 2.624733045697212 3.436296783387661 8.610287435352802 4.551323406398296 1.984979726374149 1.544428765773773 1.415197484195232 0.1216230168938637 3134.537385612726 343.6008368432522 39.61098130792379 10.19164138287306 4.790266036987305 15.80809347331524 7.702675886452198 5.827846758067608 0.9894393384456635 4.458767302334309 43.21806450933218 2.218718476593494 10.79200041294098 4.625753663480282 0.5893018171191216 6.874226041138172 114.4808896929026 15.26642547547817 5.241671085357666 9.131496079266071 5.084334842860699 0 0.3658445402979851 0.6838464513421059 16.7492091730237 12.80843374878168 206.7288976460695 1692.280951291323 32.42087810486555 9.327193327248096 55.9349779561162 34.32306042313576 23.74641586095095 743.887590803206 15.77779991924763 5.697559282183647 2.241472482681274 4.276840552687645 12.07625209540129 37.21592115610838 9.069963872432709 4.552322439849377 0 190.563768453896 387.9604618176818 202.4801474064589 157.0261770188808 20.27435684204102 148.3921473994851 1753.801551930606 29.10516888648272 708.0134291574359 15.13611153513193 3.014192216098309 10.78285121172667 8.029051352292299 10.81359891593456 0.2952795177698135 2.472629122436047 0.3161110356450081 2.356071703135967 0.5512324869632721 3.989228755235672 1.257168099284172 1.082987993955612 6.778008550405502 0.201209083199501 0 0 301.7191564440727 0 0.16661037504673 0.9275447726249695 0.1743376404047012 0.3026731014251709 8.088334083557129 0.2993518561124802 4.67930543422699 1.687854319810867 4.552194699645042 0.5976312756538391 14.64776736497879 5.502682104706764 6.464824579656124 2.555023148655891 0.7644321992993355 0.4229773879051208 0 0.380900576710701 0.1319490969181061 0 0.1326911598443985 0 0.5059966370463371 0.7240983247756958 0.1383380889892578 0 0.1019366830587387 0 0.1278975903987885 0 1.320130594074726 0.7333747893571854 0 0.226285383105278 0 0.4750517010688782 0 0 3.348763108253479 1.951585859060287 5.043649211525917 2.934627518057823 1.353767268359661 0 0.1155714467167854 0.2358247339725494 0 0 0.8283915743231773 0.2448846846818924 0 1.174185544252396 0 0.3601077049970627 0.4247997179627419 1.615179345011711 0.2769081890583038 0 0 0.09217129647731781 0 0.9725755304098129 0 0.2672698050737381 0.4483529403805733 0.8947598040103912 0 0 0 0.1555218696594238 0.235713504254818 0.111430324614048 0.3025838360190392 0 0.1389930546283722 8.419094681739807 0.5859489366412163 0 0 1.266693726181984 0.4405699372291565 0.7987026274204254 0.8560165613889694 0.2402657717466354 2.088100656867027 0.489599272608757 0 0.2590276896953583 0.4927667230367661 0 0.1049158573150635 0 0.3712562248110771 0.0885854959487915 0.1044978573918343 0.1960408538579941 1.601672038435936 1.01100867241621 2.990205779671669 197.1751131117344 40.34419056028128 339.1674840375781 74.35091672837734 234.7708651944995 36.06276013702154 3.436171866953373 64.32450190186501 20.91132052242756 0.2038514763116837 2.626316532492638 0.1028744131326675 8.032036729156971 0 0 0.6770470514893532 47.61982399970293 1.289276108145714
942.9223061054945 599.4686475917697 23.70181562006474 0 83.55029068142176 225.6702294796705 1720.892236679792 1.816974259912968 72.44487401098013 1273.806681737304 3.098855003714561 35.35189047455788 1336.388743951917 255.4993714466691 1.265640743076801 0 0.1107057482004166 0.1657931506633759 0 0 0.247944101691246 0 0 0 0.2466033548116684 0 0 0 0.3086178302764893 0 57.8393313139677 0.4045465439558029 0 0.4110964983701706 0 0 0.5732930451631546 0 0 0.3032084554433823 0.1169689670205116 0.1406556218862534 0.1596230715513229 0.3968953341245651 0 0.123726949095726 9.466249339282513 3.685997270047665 0.1986150145530701 0 0.8178361356258392 0 0 0 5.324131816625595 5.841519065201283 86.03871724754572 155.9054014831781 16.07378366589546 0.8745124787092209 0.1291410177946091 0.5578048899769783 0 1.784301847219467 5.867987975478172 1.439974427223206 0.7918104901909828 0.2141818404197693 0.2545679584145546 0.0956609919667244 0.4774050265550613 1.46201229095459 0 60.8564428538084 37.16603679955006 34.67481922358274 8.328000374138355 0 0.4868551716208458 2.110049076378345 0.5223337784409523 0.9983743503689766 5.139351323246956 0.6529354453086853 4.146593041718006 3.100934013724327 2.912877216935158 0.1168252751231194 0.6420210301876068 0.08927857130765915 0.1923926770687103 0.2563399523496628 0.5032258182764053 0.2136435732245445 0 81.5979792624712 0 0 0 202.0550663471222 0 1.012355849146843 0.5165443271398544 1.949797555804253 0.3445476889610291 36.51097005605698 3.789683237671852 5.915859043598175 34.97299906611443 14.28037722408772 0.3416160643100739 22.45583644509315 6.414328455924988 8.242763176560402 0 0 0 0 0 0 0 0 0 0 0 0 0 0 0 0 0 0 0 0 0.159248948097229 0 0 0 0 1.192319452762604 0.2889771461486816 0.3844725042581558 0.3804488480091095 0.09972512722015381 0 0 0 0 0 0 0 0 0.2547584474086761 0 0 0 0 0 0 0 0 0 0.1823719143867493 0 0.4228995367884636 0.5611145496368408 0.5754203796386719 0 0 0 0 0 0 0.2055452913045883 0 0 0.5405003130435944 0.2971384525299072 0 0 0 0 0 0.4119832813739777 0 0 0.1920689940452576 0 0.3105734288692474 0.09925954788923264 0 0.1150692775845528 0 0.1407898515462875 0 0 0 6.32707691192627 0 0.3314944505691528 50.9800500869751 4.841368399560452 59.99962590634823 6.141304291784763 1447.264528930187 7.030838616192341 0 2.522035837173462 17.97174961864948 0.1205497160553932 0.3273082375526428 0 21.10400594770908 0 0 0.2429251372814178 10.98908719420433 0
758.2947188764811 3590.857347168028 1049.430542178452 83.55029068142176 0 47.242277815938 2973.16140344739 64.73289177566767 5143.429880358279 257.7590011432767 1478.536602795124 11.68599248677492 565.7884016111493 3007.132657974958 34.89475024491549 8.344846941530704 1.571849405765533 0.4480569660663605 0.1888801828026772 1.009859293699265 1.328657075762749 0 0.1147924214601517 0.8654688000679016 3.625766679644585 2.334738820791245 0.9808966815471649 1.654888056218624 2.140508830547333 0.4158715903759003 446.8219083249569 20.29858835786581 61.66936183720827 0.5769575089216232 0.3937760815024376 1.87514254450798 21.08629254251719 10.61435824632645 3.730227448046207 5.341998018324375 2.17640483379364 1.291897758841515 0 1.391383789479733 0.1195219159126282 0.4245231449604034 194.6348945349455 18.63508565723896 2.166416890919209 1.06401177495718 7.968938291072845 0.08704584091901779 0 0.2604445740580559 18.73089859634638 21.17351934686303 85.19547206908464 385.5471722781658 24.2512104138732 17.1563587859273 1.288461372256279 3.731779225170612 0.4008267894387245 65.19623269885778 22.65864039212465 6.034249804913998 2.953378610312939 3.071173459291458 1.386085391044617 1.920489594340324 55.48836621642113 17.19427921622992 0 146.7641350030899 174.0552305728197 289.2867098674178 214.9772721752524 13.13518925011158 7.092040590941906 347.7840048000216 2.404023222625256 22.16539271175861 18.83789435774088 4.408651225268841 13.99842004477978 15.96960991993546 9.115958400070667 0.4782274812459946 4.142432868480682 0.7978003323078156 3.324666038155556 0.7185875847935677 2.183369286358356 2.340546742081642 2.612882122397423 88.92870797216892 0.7890315651893616 0 0.8009433448314667 78.6928947493434 0.5327722728252411 4.55715636909008 6.286932602524757 6.322209119796753 3.722236655652523 97.31183211505413 6.417238280177116 59.18315425515175 30.33452448993921 76.67493352293968 3.59857340157032 232.7727553471923 67.52452336996794 101.4979194700718 20.97921985387802 1.77511465549469 1.191502809524536 0.9845620095729828 0.8269924521446228 0 0 0 0 0.4896734058856964 0.8405210748314857 0 0 0.4925130382180214 0 0.6082428246736526 0 1.321661427617073 0.6143666505813599 0 0.7809068560600281 0.2494267225265503 0.1069826558232307 0.536919891834259 0 21.41622130572796 8.152149930596352 39.19414141774178 11.54112870246172 1.905520997941494 0.1697540432214737 0 0.4337806776165962 0.3442951738834381 0.8758033215999603 1.687176212668419 0 1.461940944194794 9.482823587954044 1.302033290266991 0.3129584491252899 0.1345006972551346 3.211634047329426 0 0.4969153851270676 0.5594139397144318 0 0.8034811690449715 2.872867196798325 0.1802175939083099 2.362786009907722 1.928826078772545 11.01736260950565 0.2630757987499237 0.5495487600564957 0.5055023580789566 0.5650224536657333 0.4448546022176743 0.1476921737194061 0.4578229263424873 0 0 54.00639246404171 3.687355265021324 0 0.2870145887136459 0.5468334332108498 1.964294373989105 8.914851874113083 2.304462462663651 2.702356442809105 13.3599758669734 8.143086731433868 1.815245494246483 2.221748158335686 1.447848930954933 0 0.09290172904729843 0.09482993930578232 0.8551131412386894 0.2348522618412971 0 0 28.14787229150534 9.047799423336983 16.59874378144741 545.785535402596 77.8646520152688 551.2727345153689 138.867736145854 306.8927640020847 86.85270721465349 7.250315055251122 132.4481846094131 152.937249854207 0.9677601233124733 26.29881773889065 1.25657694041729 135.7385004907846 1.749077081680298 0 6.384183332324028 55.60093007236719 1.458813264966011
105.7194876521826 373.0866817384958 32.66755682975054 225.6702294796705 47.242277815938 0 185.0000576525927 0.3926893174648285 24.03671752661467 557.7555757761002 9.376919656991959 299.0472700595856 362.1783760040998 42.99406625330448 0.1036514416337013 0 0 0 0 0 0 1.115122929215431 0 0 0 0 0 0 0 0 10.37887867540121 0.1210062056779861 15.79369127750397 0 0 0.1779076457023621 17.73612166941166 1.091427728533745 9.076614379882812 0.3927745670080185 0 0 0 0.1192410588264465 0 0 1.707946829497814 0.8515281677246094 0 0 0.4877549037337303 4.84080795943737 1.65852852165699 0 0.9527084603905678 0.4009503796696663 141.5834973976016 33.69942367076874 6.941268019378185 0.1875630393624306 0.2321234941482544 0.3909041732549667 0 0.1026798337697983 0.3537567034363747 0.1249848827719688 0.3126792162656784 0.1426235735416412 0 0 191.9709900617599 273.5457235276699 9.815930128097534 7.299558505415916 4.290201902389526 2.33327379077673 0.8638192415237427 0 0 17.12124462425709 0.1133926808834076 1.232585191726685 0.4832615032792091 1.17290835082531 0.6881542801856995 0.5197222679853439 0.3479101955890656 13.65439009666443 6.348514579236507 8.439733043313026 2.9929478764534 3.234112977981567 0 0.158666655421257 0.3270104676485062 275.5883591175079 46.45393888652325 36.36019092798233 16.76796260476112 242.1583998352289 0 0 0 0.1905489265918732 0 1.372832357883453 0.4145691245794296 0.2487538307905197 4.342872306704521 1.571177423000336 0 2.184279054403305 0.9671684503555298 1.367508590221405 0 0 0 0 0.2439920604228973 0 0 0.1735605895519257 0 0.1907399743795395 0 0.1565141081809998 0 0.7164608389139175 0 0.283670112490654 0 2.184646248817444 2.647866919636726 0.2420879155397415 0 0 0.1211199164390564 0 0 0.6670177578926086 0 1.719871431589127 1.450605973601341 0.8660465329885483 0 0 0.2686931490898132 0 0 0 0 0 0.4715880006551743 0 0 0.1147656887769699 4.607517495751381 0 0 0 0 0 0 0 0.1563416868448257 0 0 0 0 0 0 0 0 0 0 0.08233386278152466 2.887381479144096 3.706826403737068 0 0 0 0 0 0 0 0.4988981783390045 0.4508506655693054 0 0 0 0 0 0 0 0 0 0 0.7020328491926193 0.5857387781143188 0.6256308555603027 11.29598328471184 1.405538573861122 5.195348002016544 1.061627082526684 164.6151003539562 0.4674381092190742 0.2588571310043335 0 3.982332527637482 0 0.1775207370519638 0 3.670176357030869 0 0 0.1305840909481049 2.970078364014626 0
438.9432995542884 2949.402669794858 37.59306869655848 1720.892236679792 2973.16140344739 185.0000576525927 0 3.853748634457588 4510.438309669495 4619.041030757129 258.9678771719337 17.04374641180038 2852.476080134511 2736.14980725944 32.09176132827997 3.859364099800587 0.6185367777943611 0.3112527132034302 0.2140065655112267 0.3507914245128632 0.108065165579319 0 0.1174437031149864 1.527846574783325 1.431199103593826 1.339605309069157 0.4213431403040886 1.395588397979736 1.72178752720356 0.4496275186538696 99.13801676034927 8.062978595495224 20.30141764134169 0.2381601259112358 0.145999550819397 0.5817646011710167 15.72064480185509 6.011238321661949 1.875368177890778 3.885459572076797 1.294451624155045 1.063700757920742 0 0.638029620051384 0.2520177736878395 0.9439881518483162 144.0216189548373 16.22830830514431 3.626715414226055 1.702086068689823 6.110183537006378 0 0.3568051159381866 0.6335756406188011 15.8178892955184 20.07479756325483 74.4883176535368 270.9722171574831 19.97838977724314 14.28271786868572 1.176831364631653 4.21205647289753 0.2422363236546516 31.15215597301722 21.15083731710911 5.121509544551373 3.533502727746964 3.210349403321743 0.3750483840703964 0.7327074855566025 36.39459425956011 17.90881393104792 0 139.8859378322959 149.1459890529513 244.6575132980943 147.9177763015032 7.940824076533318 1.589049883186817 21.64406181871891 2.349356435239315 5.763154543936253 17.70890007913113 5.667645640671253 13.80749475955963 14.16776372492313 10.72920230776072 0.2650389149785042 4.652926437556744 0.1201258227229118 2.723491981625557 1.730089880526066 1.075466647744179 2.86525247246027 2.1234435364604 391.4427783340216 2.917741119861603 0 0.1713818311691284 78.47414322197437 0.7789899855852127 15.37734866142273 26.09174232184887 21.55545416474342 5.661534830927849 183.7056572884321 25.26825864613056 85.42353177070618 82.47705845534801 165.7357583642006 3.671890884637833 391.2627906873822 126.5930446982384 165.8430422693491 24.33047918975353 0.8369146808981895 3.326103791594505 0 0.8717998862266541 0 0 0 0 0.2423470169305801 0 0 0.1346641927957535 0.9993274360895157 0.1773952394723892 0.6013927310705185 0 0.9262060970067978 0.4513592720031738 0.2738520205020905 1.87818269431591 0.5907617509365082 0 0 0 32.94776590913534 6.223853722214699 46.19107560813427 11.64007987082005 2.49262946844101 0.213602215051651 0 0.1176689490675926 0 0.8529355525970459 0.1802782714366913 0 1.174007549881935 12.41617589443922 0.6091561168432236 0.5902768969535828 0.2687077075242996 1.48105239123106 0.6763191819190979 0.244898185133934 0 0 0.5172372460365295 3.724552094936371 0.2195663452148438 1.498837001621723 3.424371093511581 9.221049159765244 1.049461126327515 0.7552249431610107 1.038407571613789 0.3947193324565887 0.2531397119164467 0 0.4455440863966942 0.2392028570175171 0 73.46792107075453 1.525768682360649 0 0.1120843589305878 1.120562888681889 1.672192826867104 6.425391435623169 7.472818195819855 3.255531787872314 13.58373371511698 9.967522248625755 1.617643818259239 2.80535627156496 1.10982695966959 0 0.2348640784621239 0 0.6947453394532204 0.2714923098683357 0.1076772883534431 0 77.19964937865734 10.54803465306759 19.17595140635967 478.7813972458243 62.83608059585094 454.9346313476562 101.5634373798966 699.1628097444773 68.02670320868492 6.67375298589468 97.41219003498554 204.6210112571716 1.807762935757637 29.36832960695028 2.864763580262661 251.2079372927547 2.529255986213684 1.220496863126755 4.37089379131794 23.40814736485481 0.3920458555221558
49.53461730480194 138.8843647167087 1727.003624051809 1.816974259912968 64.73289177566767 0.3926893174648285 3.853748634457588 0 4.584379851818085 1.283140167593956 1313.353612482548 0.1265670508146286 5.5878721550107 97.24122025072575 26.4559725522995 16.80826906114817 3.761670425534248 7.274291031062603 1.134707167744637 4.309972867369652 26.85222763568163 0 2.469827443361282 2.438010610640049 10.40343204140663 4.968729928135872 2.983504593372345 0.7489308565855026 0.8079560622572899 0.4198286458849907 862.6461596637964 2866.33101952076 20.95285183936357 6.83381076157093 3.433985844254494 15.3701172247529 2.507728137075901 4.884614460170269 1.115849494934082 2.359515346586704 46.09844976663589 0.7558027505874634 5.962789066135883 16.61406876891851 1.358223244547844 10.56233275681734 85.90119228512049 6.807230345904827 2.350327514111996 5.024922057986259 3.311004862189293 0.5859807133674622 0.3886273503303528 0.1560099124908447 5.851443372666836 5.956324428319931 41.94482566416264 361.266932412982 6.050308458507061 6.162869572639465 130.1729310974479 56.97978009283543 17.0265453979373 521.4357352554798 6.124092489480972 2.282531090080738 1.189557693898678 2.087729088962078 7.847081564366817 30.19549692422152 2.263215608894825 3.722397565841675 0 67.05441898852587 161.2451914995909 132.180214099586 361.8070213198662 76.39205633103848 813.1728905513883 3123.593817874789 195.5269664674997 2227.519952863455 5.347609102725983 2.336190328001976 3.994986362755299 4.544331591576338 9.114716023206711 0.2884176224470139 1.655381266027689 0.3525896593928337 0.9513152092695236 0.1404441893100739 2.745458714663982 1.033925198018551 0.8435313776135445 2.717890881001949 0 0 0 21.31720036268234 0 0 0 0 0 2.983924105763435 0.2959722280502319 0.678009033203125 0 0.6945918202400208 0 4.142664544284344 0.3576365858316422 1.873672425746918 0.8253790140151978 0 0.1983413845300674 0.1362624764442444 0 0.1642858237028122 0 0.1176585033535957 0 0 0 0 0 0 0 0 0 0.3667737394571304 0.138742595911026 0 0 0 0 0.2065380960702896 0 0.6282115653157234 0.6218654811382294 1.411987140774727 1.965356707572937 0.338669165968895 0.2227899134159088 0 0.319040983915329 0 0 0.3795322850346565 0 0 0.6062402650713921 0 0 0 1.049369320273399 0.6234810650348663 0 0 0 0.2736505270004272 0.6890886798501015 0 0.1116967052221298 0.2895276844501495 0.3829426914453506 0 0.1743208467960358 0 0 0.1306709796190262 0 0 0 0.3021979629993439 3.77941232919693 0.1708989888429642 0.1475265026092529 0 0.6058717668056488 0 0.8398454189300537 0.4385168254375458 0 0.905494213104248 0.8484595715999603 0.5623154640197754 1.233953855931759 0 0 0 0 0.5097114220261574 0.1851586103439331 0.4673651456832886 0 0.4733130931854248 1.052672743797302 1.471076361835003 122.2619706988335 23.02319730818272 201.5239431709051 43.89810428768396 27.8870657607913 17.95656259357929 1.757682599127293 37.48677738010883 6.491121888160706 0.4716518670320511 3.168656423687935 0.1552519351243973 3.522545613348484 0 0 1.256564624607563 3.567178077995777 0.9985621869564056
20.61267082393169 928.0776420161128 54.28069242089987 72.44487401098013 5143.429880358279 24.03671752661467 4510.438309669495 4.584379851818085 0 301.552572183311 2240.364933997393 9.966143935918808 1338.286191150546 3513.545288674533 26.34024295955896 7.904650174081326 0.2067125886678696 0.6269695684313774 0 0 0.5191883370280266 0 0.1401983201503754 0.2236500978469849 3.841205820441246 1.063790895044804 1.416033588349819 0.5406972914934158 1.64193994551897 0.3544439598917961 31.75635800510645 8.277912765741348 28.68305813521147 0 0 1.67205087095499 21.79348755627871 10.68558794260025 3.854209363460541 2.944330014288425 0.6671502888202667 0.5693570449948311 0 1.324650853872299 0 0.5267498195171356 108.7719886153936 4.550605289638042 0.8884590864181519 0.4195850491523743 3.446347706019878 0 0.1379067152738571 0 5.49996493011713 5.863861463963985 21.12562525272369 59.10487079620361 7.409680180251598 6.818308629095554 0.9010510519146919 2.390039436519146 0.08728346973657608 28.42303991317749 6.878580689430237 2.410800777375698 1.00198495388031 0.6074117347598076 0.5791337937116623 0.7199057340621948 47.51774833351374 14.44935671985149 0 41.07364001125097 47.32056286931038 97.61199147254229 112.8265190944076 11.76970954239368 0.649987131357193 57.34511788934469 0.6287986040115356 3.567961014807224 4.858567081391811 2.1915841139853 4.887956738471985 3.485441569238901 4.333958670496941 0.2914654314517975 1.480401962995529 0.08657899498939514 1.07169447094202 0.2887299805879593 0.8209170699119568 1.226745553314686 1.351288594305515 181.214706838131 0 0.1929074823856354 0.8829983621835709 10.28207620233297 0.8222286999225616 6.750496134161949 15.28714580088854 12.47943258285522 4.474951878190041 160.278357565403 12.77420128881931 87.38748484104872 55.51092609763145 121.013528265059 4.877144247293472 389.15854793787 111.3180678114295 156.6977839320898 22.15816586464643 2.016130939126015 1.1036117374897 0.3171757459640503 0.6376179158687592 0.151132196187973 0.1765440851449966 0 0 0.2178990393877029 0.8675506561994553 0.1208497583866119 0 0.9193385392427444 0 0.4618208706378937 0 1.616366401314735 0.2526936829090118 0 4.064640320837498 0.175234779715538 0.1373594850301743 0.8301467150449753 0 33.50917156040668 6.668727070093155 49.62539042532444 13.65943963080645 2.463781982660294 0 0 0 0.6237986385822296 0.6402247250080109 0.4853358268737793 0 1.183133706450462 10.22386755049229 0.271917000412941 0.4020443856716156 0.297244518995285 2.947331182658672 0.1165562197566032 0 0.1658758819103241 0 1.403626248240471 3.558745488524437 0 2.580550573766232 1.794305041432381 11.26660865545273 0.9520284533500671 1.525399222970009 0.4687880054116249 0.4287253096699715 0.2457491606473923 0.1816976070404053 0 0 0 80.40932127833366 2.091016106307507 0.1867484599351883 0 0.3388396352529526 1.868411615490913 6.41076272726059 7.410346940159798 2.877820730209351 17.32725899666548 12.19971843063831 3.790143892168999 2.753198534250259 1.769126981496811 0 0 0.07784061133861542 0.8593833446502686 0.09984252601861954 0 0 64.65297919511795 7.561755523085594 15.81778281927109 549.9722607135773 43.17830669134855 285.861181423068 103.2091789394617 102.4710311889648 57.78380067646503 4.486494690179825 118.9212440475821 200.1326547563076 0.6297461688518524 27.93048851937056 2.654852613806725 199.3572048917413 3.923947334289551 0.3471981734037399 6.401683710515499 18.14769937098026 1.055430233478546
1050.974379479885 999.7831131666899 10.40654239803553 1273.806681737304 257.7590011432767 557.7555757761002 4619.041030757129 1.283140167593956 301.552572183311 0 10.36291296035051 773.8908840119839 7915.680068336427 294.1010558232665 3.222282737493515 0.4195617437362671 0.1669943630695343 0 0.2408352568745613 0 0 0 0 0 0.2467549592256546 0.3760973811149597 0 0 0 0.1451302766799927 31.33606524765491 0 13.57140400260687 0.4556504637002945 0 0.1366541087627411 5.965813800692558 1.043659970164299 0.5481269806623459 0.4065421223640442 0.1980169415473938 0.1374479681253433 0 0.1417524516582489 0 0 10.79748462885618 3.133432805538177 0.428459957242012 0.1287366598844528 1.404537476599216 0.600956529378891 0 0 5.022510215640068 4.198650680482388 130.3163176849484 132.4776567667723 15.24450289458036 0.646636575460434 0 0 0.158835381269455 2.380525678396225 4.618462055921555 1.344250686466694 0.5946010053157806 0.09501609951257706 0.2754018306732178 0.08564522862434387 65.95963402092457 24.17437793314457 0.4833527505397797 60.95315372943878 26.36127209663391 30.59549102932215 7.018460109829903 0.4941547960042953 0.5085278749465942 5.758682891726494 0.3785777390003204 1.546130642294884 3.982641376554966 0.9780805706977844 1.462458834052086 3.215762317180634 1.875747047364712 1.127100214362144 1.579143866896629 0.7289677262306213 0.7860472649335861 0.290790781378746 0.1003733649849892 0.2097088098526001 0.1221512034535408 751.5794373303652 3.027878671884537 0.7810632884502411 1.912561357021332 553.5964724123478 0.9204080700874329 11.42511707544327 9.223434641957283 18.04890297353268 3.54159851372242 144.1683771461248 25.18795643746853 51.52782931923866 147.0175311565399 138.4458336532116 2.957551836967468 288.9506842046976 99.24281798303127 119.9584904462099 7.529327377676964 0.3040526211261749 0.7945198714733124 0.5484032034873962 0.5186712145805359 0 0 0.3525658547878265 0 0 0.3992816209793091 0 0 0.1436823159456253 0 0.1634208858013153 0 0.5520389080047607 0.1334638893604279 0.5231565684080124 0.4046924710273743 0 0 0 0.1642731577157974 10.62255075573921 1.471814721822739 11.46127381175756 3.13806064426899 0.409359909594059 0 0 0 0 0.4742517173290253 0.132817804813385 0 0.6006298214197159 2.03466659039259 0.5641058385372162 0 0 0.7322532683610916 0.2454616129398346 0 0 0 0.2566295564174652 1.127535328269005 0.1712532192468643 0.7020169943571091 0.8306273221969604 2.956477254629135 0 0.4439137876033783 0.1439136117696762 0 0 0 0 0 0 17.33124709874392 0.2116734236478806 0 0.1673501282930374 0.3845066428184509 0.4154306799173355 2.351294487714767 0 0.3769663348793983 5.499495759606361 5.191971726715565 1.182791039347649 1.420432016253471 0.08961397409439087 0 0 0 0 0.1115474253892899 0 0 50.62331908941269 2.277829334139824 3.373816922307014 177.2931853309274 12.77009870857 56.493009544909 5.331134915351868 1606.709508180618 6.294857166707516 2.71962708234787 5.995316594839096 159.5760113894939 1.989685788750648 7.326573088765144 0.3255177438259125 202.0659451186657 0 0 1.355972118675709 5.283758655190468 0
161.5845273807645 830.2611293792725 2033.830772012472 3.098855003714561 1478.536602795124 9.376919656991959 258.9678771719337 1313.353612482548 2240.364933997393 10.36291296035051 0 21.21848440170288 1131.555394403636 6365.34620257467 56.74044024199247 28.24213355779648 2.013683937489986 1.889500424265862 0.221354641020298 0.572147399187088 2.047165490686893 0 0.3734023422002792 0.8767073825001717 14.94509022682905 3.459191963076591 3.383483782410622 0.8820938393473625 2.951074585318565 0.9771396815776825 277.3834269344807 55.97955710440874 527.3496302217245 0.3174777179956436 0.9612976238131523 7.196697279810905 66.57338733226061 37.61244983971119 5.76437871158123 11.7282305508852 8.115081571042538 1.542180798947811 0.4133991748094559 1.953354805707932 0.1037170886993408 0.7713151946663857 196.5961970165372 8.960835240781307 1.360463812947273 0.6185614988207817 2.761024378240108 0 0 0.1987022310495377 8.028314277529716 9.708938874304295 38.7422771602869 225.4946952685714 11.72809028625488 12.81082590669394 2.572958298027515 8.955215252935886 1.937143057584763 94.69516232609749 10.28468850627542 2.550182014703751 2.183699958026409 1.15118395537138 0.8643079102039337 2.355129636824131 88.12289556860924 21.01765142381191 0 80.56006229668856 143.1956742852926 221.9920387044549 287.5306822061539 39.41279476135969 28.2507412135601 2757.550735093653 2.179310388863087 84.32167991995811 8.095596581697464 3.393797971308231 6.196358643472195 7.535720601677895 5.416391737759113 0.3574505820870399 2.37785205617547 0.3369540944695473 1.956696629524231 0.960794635117054 2.276876240968704 1.812253408133984 2.163077287375927 42.30038447678089 1.479528620839119 0 0.2037569880485535 25.55849564820528 0.4223735928535461 0 2.874251306056976 1.544435799121857 0.1457438170909882 25.74582528322935 0.4639644920825958 12.09375789016485 6.609971076250076 19.46560619771481 1.514929547905922 56.13902717828751 17.20664732158184 29.03056540340185 7.892784677445889 0.4047224223613739 0.8325351178646088 0 0.1274094432592392 0 0 0 0 0 0.159742146730423 0 0 0 0.6901286840438843 0.1099581122398376 0 0.1359138637781143 0.1991461217403412 0 0.1893267631530762 0.2279557436704636 0 0 0 12.38414253294468 3.467268317937851 15.75169216841459 5.831958815455437 0.4742900505661964 0 0 0 0 0.7339648902416229 0.260786771774292 0 0 3.133603423833847 0.1363523453474045 0 0.2268054336309433 1.043685302138329 0.3991067633032799 0 0 0 0 1.821443378925323 0 0.7772646248340607 1.088508397340775 4.575145959854126 0 0.4206944704055786 0.1626127064228058 0 0.3027625009417534 0 0.2394927069544792 0 0 30.55745026469231 2.000411584973335 0 0.1038351953029633 0.5581267848610878 0.8068990707397461 1.153998494148254 1.049028247594833 0.781355544924736 2.866661414504051 2.615595228970051 1.223909348249435 0.2023773342370987 0.6071110144257545 0 0 0 0.605598583817482 0.1888686269521713 0 0 8.868648253381252 3.849797815084457 6.265215016901493 466.9879137426615 53.27515537291765 407.8859920799732 126.1955822184682 108.8267141059041 62.9877026155591 4.439312905073166 135.616614498198 43.21711592376232 0.9783709049224854 5.673353873193264 0.1483207046985626 35.43913932144642 0 0 2.858846038579941 19.46598852425814 1.089210689067841
135.1381405740976 8.046983130276203 2.09305165708065 35.35189047455788 11.68599248677492 299.0472700595856 17.04374641180038 0.1265670508146286 9.966143935918808 773.8908840119839 21.21848440170288 0 2073.631246969104 112.1145489513874 6.028599910438061 5.446668885648251 0.3384359031915665 0 0 0 0 0 0 0 3.291037604212761 1.316278636455536 0 0.1695543676614761 1.035767540335655 0 0.1752490550279617 0 80.45857019722462 0 0 0 123.1519637256861 19.02764870226383 10.40198415517807 18.01415921747684 0.3370340764522552 0.1773243248462677 0 0.6088167428970337 0 0 11.55362252891064 0.1597187668085098 0 0.2103602737188339 0 0 1.194183230400085 0 0.09350154548883438 0.6975304558873177 14.49153517186642 4.979798167943954 1.250296294689178 0.1847762763500214 0.1501336693763733 0.6923989206552505 0 0 0.7274399548768997 0.2143826112151146 0 0 0 0.1840457022190094 415.3746017813683 38.47821250557899 0.5625194013118744 5.148571267724037 1.702386870980263 9.296937644481659 6.598084084689617 2.951932154595852 0 29.3554897159338 0.265703558921814 0 0.3799626231193542 0 0.3856306299567223 0.1230706945061684 0.7571909874677658 0.7415653169155121 0.6164761111140251 0.3751988559961319 0.1369806081056595 0.5978549122810364 0 0 0 1256.505989536643 17.80588947236538 1.367826730012894 3.170239448547363 108.8263431489468 0 2.650147527456284 3.804658487439156 2.794494196772575 3.547428369522095 62.58508722484112 6.135290876030922 27.65684771537781 20.74000480771065 45.63043993711472 3.474905624985695 157.0138727724552 50.65678432583809 81.77265022695065 9.945637121796608 0.4522111415863037 0.3115401566028595 0 0.3099997490644455 0 0 0 0 0.1499906331300735 0 0 0 0.2325264513492584 0 0 0 0.1693797558546066 0.571389302611351 0 1.019115656614304 0 0 0.4123101532459259 0.743148148059845 21.70866587758064 3.187303796410561 23.27575346827507 6.382169537246227 0.802995003759861 0 0 0 0 0 0.7300458252429962 0 0.296330451965332 3.657356031239033 0.3754552453756332 0.4128001928329468 0 1.351642340421677 0 0 0.1292082518339157 0 0.2867702543735504 3.021842747926712 0.2179972380399704 0.1440871953964233 0.3084350526332855 2.367915779352188 0.1823551654815674 0.149916335940361 0.2136507704854012 0 0 0 0 0 0 44.82121853530407 2.7042445987463 0.2024424970149994 0 0.1831651926040649 1.313206106424332 1.039452016353607 0 1.704116016626358 2.263333082199097 5.057779148221016 0.1263626962900162 0.7138390988111496 0.3804983347654343 0 0 0 0.2828801870346069 0 0 0 38.75183853507042 7.46260367333889 7.555271446704865 141.1039057374001 7.486621610820293 33.57464586943388 14.21712829172611 180.8975914567709 2.340099364519119 0 19.01462376117706 40.78487159311771 0.4698182642459869 8.043142326176167 0.5225411057472229 58.70941872149706 0 0 1.49338673055172 1.234340742230415 0.5819207280874252
