0 1960.569018177688 272.5384949147701 1422.73714068532 281.8686860650778 68.44675602018833 1294.502048201859 26.59204099327326 183.6261554211378 610.4813851863146 107.6187229603529 29.9283626973629 218.8190550506115 71.28353834152222 0.1032981723546982 0 0 0 0 0 0 0 0 0 0 0 0 0 0 0 352.0391631498933 0.5367138907313347 25.24780160188675 0 0 1.11201873421669 27.12961016595364 5.101390272378922 3.364054262638092 0.8118384927511215 0 0.1025745570659637 0 0 0.2121241390705109 0 3.748723417520523 1.157541692256927 0 0 0.1921642050147057 0 0 0 0.0997660756111145 0 54.79952380806208 672.1698156744242 3.958731688559055 2.065785348415375 0 14.66984876990318 0 1.218520537018776 0.7262908816337585 0 0.704837292432785 0.3639281839132309 0.2084736227989197 0.1242891699075699 24.82317620515823 9.750279501080513 0 43.52173035591841 6.66180083155632 7.021310791373253 1.005763314664364 0.2737977132201195 1.008299678564072 32.74465870112181 0 8.45469818264246 1.772042967379093 0 0.3913537785410881 0.3701154962182045 0.5694642066955566 0 0 0 0 0 0 0 0 23.6409307718277 4.562241077423096 0 4.173768892884254 601.8427543342113 0.8553169965744019 0 0 0 1.991572976112366 4.114705175161362 0 2.275271654129028 0.8678489327430725 0.7025400698184967 1.179491370916367 4.374834001064301 3.488308742642403 7.412434235215187 4.547866657376289 0 1.658297687768936 0 0 0 0 0 0 0 0.8291002064943314 0 0 0.2313069105148315 0 0 0 0 0 0 2.996151208877563 1.54338613152504 0 0.9566307365894318 0 10.65124067664146 2.784823909401894 11.76475347578526 1.013609230518341 0.3148585855960846 0 0 0 0 0 0.4407146573066711 0.1688568741083145 0.8598400950431824 0.4672025144100189 0.3241173624992371 0 0 0 0 0 0.2534259557723999 0 0 1.091683864593506 0 0 2.997594505548477 13.77497357875109 0.422842413187027 0.2049878835678101 0 0.1207889243960381 0 0 0 0 0 15.28619752824306 1.621483251452446 0 0 0 3.958539873361588 2.720123618841171 9.244856730103493 0.4374404102563858 1.777736395597458 1.452118188142776 0 0 0 0 0 0 0 0 0 0 1.179803624749184 2.373382344841957 5.381917685270309 21.49668911844492 1.399743132293224 8.704525984823704 2.941959731280804 443.234932936728 9.643372252583504 0.1687998920679092 1.9183514341712 2.634377062320709 0.2578269839286804 1.220357805490494 0.5320777520537376 3.59252941608429 0.8166268020868301 0 1.131566181778908 0 0
1960.569018177688 0 1113.524916648865 367.3931485339999 3130.583336621523 43.84922824800014 3413.366025052965 387.9709626212716 3480.756805293262 203.8439041227102 1246.091553986073 13.27417577803135 452.3575851991773 798.96302549541 1.478048041462898 0.2816107720136642 0 0.1070790216326714 0 0.1432383507490158 0.0927002876996994 0 0.08309951424598694 0 1.70301004499197 0 0 0.2361354529857635 0 0 3823.39222086966 10.12436833232641 64.46160115301609 0 0.1555865556001663 1.55747976899147 19.7085028886795 2.550874389708042 1.375626429915428 1.19382931292057 0.3673494160175323 0.09854880720376968 0.1509072184562683 0.1062087416648865 0 0.08786938339471817 55.52424944937229 10.70126374810934 0.4591750279068947 0.5154585838317871 1.179978333413601 0 0 0 0.6358172297477722 0.2562852203845978 59.44268746674061 880.4022145941854 10.13603591918945 14.83888497948647 1.614791929721832 4.113334611058235 0.4622743278741837 19.64912946522236 7.17915216088295 2.658631529659033 4.182516761124134 2.072815142571926 0.8634970262646675 0.5494679287075996 42.72004325687885 2.31624723225832 0 266.9981339350343 57.69054605811834 76.84371909499168 15.48896127939224 2.392537988722324 6.681347236037254 200.7300915047526 0.175776518881321 6.859799653291702 14.8230200484395 0 4.182664141058922 4.204767376184464 5.086014837026596 0 0.595250315964222 0 0.1489588171243668 0 0 0.285144105553627 0.1757123619318008 66.15133482962847 1.442699089646339 0.353261798620224 1.10837559401989 641.3851027861238 1.650337740778923 0.5129683613777161 2.29869282990694 0 6.902833968400955 13.55763996392488 0.1535475552082062 8.523491561412811 2.599899962544441 5.041961714625359 2.14239975810051 22.09114437550306 16.04379732906818 21.83194404840469 14.67680022865534 0 1.030158564448357 0 0.5893644392490387 0 0 0 0 0.2958415895700455 0.4674248397350311 0 0 0.1257354319095612 0 0 0 0 0.2834745347499847 0 11.16298393160105 3.510813817381859 0 1.009853422641754 0 9.922478556632996 1.725262954831123 5.445138536393642 0.8419843837618828 0.1117595657706261 0 0 0 0 0.2434299886226654 0.1839628666639328 0 1.116334289312363 0.9467586502432823 0.3989383280277252 0 0 0.2557368874549866 0.1158906370401382 0.104090042412281 0.326559916138649 0 0.4952764064073563 1.135322377085686 0 0.2110723406076431 1.041443705558777 16.61213482916355 2.675129197537899 0.6152772456407547 0.3643771559000015 0.2574934586882591 0.1000182554125786 0 0.1540413498878479 0 0 24.39387931674719 0.2045452296733856 0 0 0 5.475290983915329 3.295210272073746 15.15729586780071 1.253474414348602 2.590970426797867 1.695112600922585 1.242603987455368 0.2586365640163422 0.2919212430715561 0 0 0 0 0 0 0 4.597324810922146 2.220930695533752 2.493630200624466 148.3168600574136 13.39638328552246 121.8667782023549 24.46692457795143 174.1743557527661 24.88518887013197 1.37889401614666 34.48638711124659 2.085486948490143 0.6966865509748459 3.147121496498585 0 5.115507714450359 0.3728354871273041 0.1271869987249374 0.3519415929913521 0.9415981248021126 0
272.5384949147701 1113.524916648865 0 6.813523419201374 352.8660179078579 4.251247644424438 69.89187121391296 2649.026482708752 496.6167830899358 10.03126619756222 2289.648500360548 18.68653240799904 150.7007585093379 775.5359426140785 3.12192040681839 1.596905879676342 1.119948916137218 3.612535394728184 1.136642798781395 37.0886223167181 11.34191197156906 0 14.65750531107187 1.763700611889362 40.55379586666822 0.09310614317655563 9.839009843766689 0.8367642164230347 0 0.4491473808884621 3918.940436460078 277.7505651190877 128.2980552315712 2.991719760000706 27.14070238918066 31.95786055922508 42.89595816284418 7.517242237925529 2.673315085470676 4.246509589254856 7.360195837914944 5.446928292512894 34.72395461797714 1.371665120124817 3.037144638597965 2.529495611786842 39.84323676675558 12.53345586359501 8.397886902093887 29.01814696937799 18.75809873640537 0.2270456477999687 0 0.6776995286345482 0.281518928706646 0.5298849642276764 22.18335148692131 459.5791374221444 4.477937765419483 11.4870239123702 55.31889270246029 85.23476805537939 44.39633312821388 23.28830953687429 5.263539552688599 7.49022051692009 20.3779745362699 20.96263489127159 69.74770280718803 82.32246189564466 76.27885269373655 4.013341329991817 0 155.2667806595564 50.39338418096304 54.54145030677319 13.40130036324263 5.787466488778591 340.318314999342 1068.631861135364 12.76047210395336 853.3407501652837 10.05509119480848 0 3.908983021974564 4.564336709678173 31.95109774917364 0.1133288517594337 1.006811261177063 0.2056446596980095 0.86699078977108 0.2650863006711006 13.85574067384005 1.460533536970615 0.6457319259643555 32.37669141590595 4.456508800387383 0.1219945102930069 2.259482890367508 170.2027262821794 1.360691100358963 0 1.404116071760654 0 1.779814980924129 2.686243399977684 0 3.293864704668522 1.054861590266228 0.9566236287355423 1.44176010787487 6.443282328546047 5.441465325653553 9.590906091034412 10.30955379456282 0.1450600773096085 0.3063020706176758 0 0 0 0 0 0 0 0 0.129498302936554 0 0 0 0.132640928030014 0 0.1261745393276215 0.1124111860990524 0 2.758871704339981 1.456225618720055 0 0.2479951530694962 0 10.98531172424555 2.242838427424431 9.365671552717686 0.9143984913825989 0.2273419499397278 0.3355911672115326 0.2336995154619217 0 0 0.7254284024238586 0 0 1.422522872686386 0.9269958585500717 0.1120102852582932 0 0.7899686247110367 0 0.2186446711421013 0 0 0 0 0.5571683645248413 0 0.8642226606607437 0.8510231375694275 16.67688752710819 1.715759590268135 0.4284790009260178 0.4342294782400131 0.0789145901799202 0.08269929885864258 0.2501089572906494 0 0 0.9474992230534554 27.47522204369307 1.335083812475204 0.1365549117326736 0 0.4594590216875076 2.495695255696774 4.810483500361443 12.89543257653713 1.389300376176834 2.355926156044006 2.183116868138313 1.108642354607582 0.6018809676170349 0.4773995131254196 0 0 0 0.1495992690324783 0 0 0 4.210537925362587 5.747976757586002 2.596486873924732 73.21339658647776 16.09118701517582 93.27376422286034 20.61911006271839 37.71439795941114 17.68406886607409 0.9056406542658806 19.84539007395506 1.720553547143936 0.1392126232385635 1.374252989888191 0.4933076649904251 0.896440863609314 1.06091645359993 0 0.5032247006893158 2.163082242012024 0.1417877078056335
1422.73714068532 367.3931485339999 6.813523419201374 0 145.5474446043372 278.145119458437 823.4562042802572 0.5461116433143616 111.0995091795921 1251.895937919617 1.353564627468586 1128.125455677509 2901.21356664598 920.6509549543262 0.3018195107579231 0 0 0 0 0.09618669748306274 0 0 0 0 0 0 0 0 0 0 233.8243090361357 1.82805772125721 3.651001259684563 0 0 0 2.723675228655338 0.1055499389767647 0.5839612185955048 0 0 0 0.09759917110204697 0.09661124646663666 0 0 8.804869547486305 2.172063164412975 0 0 0.298251561820507 0 0 0 0.1320509910583496 0.1278127878904343 11.14959845691919 134.5697519034147 2.082161791622639 3.499180942773819 0.7506372332572937 0.06807773560285568 0 3.950146727263927 1.365442492067814 0.6685901433229446 1.207787089049816 1.276502020657063 0 0 8.256308123469353 0.1110151261091232 0 47.24206374585629 9.961483038961887 12.24020335823298 1.833080232143402 0.10931196808815 0.1643717736005783 3.615466684103012 0 0.4012918323278427 2.52173276245594 0 0.6411059945821762 0.8616174682974815 1.288035191595554 0 0.1983833909034729 0 0 0 0 0 0 136.7879047691822 0 0 0.4203345477581024 172.6019749045372 0 0.1353852152824402 0 0.1505768001079559 3.011908620595932 6.281711332499981 0 4.456861637532711 1.331078350543976 2.948994413018227 0.5972661226987839 10.3321323916316 7.873336896300316 6.780687481164932 3.03380823135376 0 0.1943026036024094 0 0.4209933578968048 0 0 0 0 0 0.2840752899646759 0 0 0 0 0 0 0 0 0 0.7617297023534775 0.2237432301044464 0 0 0.1885125935077667 1.984605863690376 0.5010101795196533 0.7197919636964798 0 0 0 0 0 0 0 0 0 0.1849998086690903 0.2850673198699951 0 0 0 0 0 0 0 0 0.07585339248180389 0.5126908197999001 0 0 0 2.719756402075291 0.4373154491186142 0.1123775541782379 0.0865703672170639 0 0 0.1183837354183197 0 0 0 5.579314030706882 0 0 0 0 1.085983276367188 0.9648437052965164 2.519043110311031 0.3615524843335152 0.8120174407958984 0.5352596193552017 0 0.1234569400548935 0.08750122785568237 0 0 0 0 0 0 0 1.605210050940514 0.346926748752594 0.4727339893579483 19.79767240583897 3.114396318793297 18.19947253912687 4.166055858135223 146.7732038795948 6.551680013537407 0.6588761582970619 2.101935170590878 0.2566235959529877 0.1559376865625381 1.432822421193123 0 2.51371730864048 0 0 0 0.1073871999979019 0
281.8686860650778 3130.583336621523 352.8660179078579 145.5474446043372 0 34.52784991264343 887.6769797205925 122.428023993969 2396.936675399542 106.6290418058634 650.6571598052979 22.99020489305258 151.5161260664463 444.9027578309178 2.21359546482563 0.1653218418359756 0 0.09429333359003067 0.125845268368721 0 0.08915229886770248 0 0 0 0.6687495186924934 0.4253550991415977 0 0 0 0 718.9663143828511 13.87015392631292 46.4816051274538 0 0.09062162786722183 1.310443349182606 13.19573216885328 1.433485142886639 1.66945181787014 1.081176310777664 0.1072498336434364 0.3061897456645966 0 0.2079979106783867 0.3951844424009323 0.313176155090332 80.58982621133327 9.2430399954319 0.5027732402086258 0.5957189723849297 1.197317875921726 0.08621353656053543 0 0 0.344682365655899 0.9652972966432571 18.22629081457853 263.4558512344956 5.754896879196167 22.5667035356164 0.9862265437841415 5.377667546272278 0.08037611842155457 23.83528486639261 5.712557204067707 1.991243578493595 4.750375419855118 1.405942007899284 0.7712777704000473 0.6398720368742943 48.22084934264421 1.488713398575783 0 152.6379433423281 64.89194703102112 107.8511717990041 19.41911192238331 2.009256228804588 1.993753060698509 84.76421342790127 0.1225692331790924 3.675274185836315 13.28008608520031 0.1031680628657341 3.790305554866791 2.380095630884171 4.152417235076427 0 0.3418487682938576 0 0.3584626466035843 0 0.2894280403852463 0.2132970541715622 0.1242874041199684 75.51149789988995 2.614961117506027 0 1.070520490407944 71.54464746266603 3.074187383055687 1.899363987147808 2.976979419589043 0.7903673052787781 11.54228449612856 20.68487144261599 0.2562741339206696 18.07737977802753 9.693663947284222 12.76900333166122 3.101853393018246 50.34124151617289 29.76874711364508 47.44034951925278 34.52596336603165 1.560335487127304 0.416178822517395 0.2646917998790741 0.3215913474559784 0 0 0.2120831906795502 0 0 0.2820702493190765 0 0 0 0 0 0 0 0 0 18.70085775107145 3.053023248910904 0 0.2437727600336075 0.5998276248574257 13.92884380370378 2.691464155912399 9.674126766622066 1.111690759658813 0.5367922484874725 0 0 0 0 0.847031481564045 0.1864859759807587 0.1336668133735657 3.86268350481987 5.026936776936054 0.08058130741119385 0 0 0 0.36806520819664 0 0.8996430933475494 0 1.477282531559467 2.472487650811672 0 0 1.147464513778687 33.21229276061058 4.780090793967247 0.1752936691045761 0.4595104455947876 0.4514314755797386 0.7634804546833038 0 0.9730634316802025 0 0 52.01745919883251 0.3300760686397552 0 0 0 12.34506250917912 9.085078902542591 25.30489912629128 3.169080801308155 3.633745178580284 2.623618841171265 3.52164663374424 1.293699808418751 0.3094692900776863 0 0 0 0 0 0.09864546358585358 0 9.79939342290163 3.43889345228672 5.191677607595921 199.0199498236179 15.85360632836819 159.7760703191161 33.8225417509675 102.9948874562979 23.96886324137449 1.593928351998329 45.11003618687391 4.447196811437607 0.6269114390015602 5.98212930560112 0.4619937613606453 7.434791177511215 0.9815955311059952 0.4715559780597687 0.580387681722641 1.978464052081108 0.153952568769455
68.44675602018833 43.84922824800014 4.251247644424438 278.145119458437 34.52784991264343 0 424.1210179403424 1.06590735912323 98.35528687387705 576.2797459512949 2.270571783185005 412.8930387943983 554.8466890528798 195.0086760595441 0 0.6675560027360916 0.1451010555028915 0 0 0 0 0 0 0 0.5818681865930557 0 0 0 0 0 57.5349415615201 0.1274106651544571 50.78591349720955 0 0 0.6584059298038483 54.34834186732769 13.41472864151001 19.34470091760159 0.9994361996650696 0.6207582354545593 0.1371561288833618 0 0.1038482114672661 0 0 7.375062972307205 1.970273151993752 0.08945173025131226 0 0.1437784284353256 0.8723733425140381 1.10816752910614 0 0 0.3116839453577995 48.10464788228273 57.4447226524353 0.6366914287209511 2.209086522459984 0.2629559338092804 10.5302018225193 0 0.1271606087684631 0.9062030613422394 0.4290478378534317 0.7129160016775131 0.2781971395015717 0 0 260.3857760578394 223.8014732003212 5.650757923722267 26.50017538666725 12.96679705381393 6.128120392560959 1.248780272901058 0.4247424006462097 0 16.36832205951214 0.3210076689720154 6.445411555469036 0.9634823948144913 0 0.7395644932985306 0.5452292189002037 0.6271641403436661 0.8375644683837891 0 1.911193624138832 0 0 0 0 0 604.8830741345882 524.1405987143517 6.732453122735023 44.04603393375874 268.0273612290621 0 0 0 0 0.2856030464172363 1.349928542971611 0 0.2804131433367729 0 0.466487929224968 0 0 0.7171501442790031 1.72197150439024 0.3582711294293404 0.1558315753936768 0 0 0.3281802833080292 0 0 0 0 0 0 0 0 0 0 0 0 0 0 0.3079725354909897 0 0 0 0 0 1.595202520489693 0.4185538664460182 3.138168253004551 0.9523449242115021 0.4565724581480026 0 0 0 0 0.1976803243160248 0 0 0 0.337435707449913 0 0 0 0.140133261680603 0 0 0 0 0 0 0 0.4111336767673492 0.2412803918123245 1.930733822286129 0 0 0 0 0 0 0 0 0 1.624752297997475 0.7244449406862259 0 0 0 0 0.1579337120056152 0.729892686009407 0 0.2900372445583344 0.2597774863243103 0 0 0 0 0 0 0 0 0 0 0.1294363290071487 0.2937500178813934 2.697791710495949 11.12947849929333 1.283228635787964 11.64768036454916 2.888086713850498 240.2691004127264 5.88689774274826 0.1505725532770157 5.692006334662437 0 0 0.274250715970993 0.1319837719202042 0.3142209649085999 0 0 0 0.2311454862356186 0
1294.502048201859 3413.366025052965 69.89187121391296 823.4562042802572 887.6769797205925 424.1210179403424 0 7.989377595484257 1109.897417411208 2112.422117985785 77.44224141538143 64.75596798211336 1548.008754126728 510.5816878080368 0.9105930253863335 0.3942588120698929 0.321316197514534 0 0 0.2368275374174118 0.300012394785881 0 0.1183207631111145 0 0.3845942467451096 0.4039078131318092 0 0.7542893290519714 0 0 734.7794149816036 23.26412639766932 48.22707282006741 0 0 0.6415056437253952 22.07698522508144 2.57919193059206 1.7995400801301 1.085816353559494 0.1442927420139313 0.5356980934739113 0.3263934999704361 0.3077590689063072 0 0.4451207742094994 100.9771656915545 15.87274780124426 0.7729698643088341 0.6904023289680481 2.506757482886314 0.3396441638469696 0 0.2200842425227165 0.3495850712060928 0.5913165509700775 38.71235670149326 417.5861622095108 9.549584075808525 27.46211940795183 1.383414059877396 6.86198677867651 0.09501999616622925 34.77899395674467 9.634635902941227 3.562294133007526 6.983921989798546 4.714705750346184 0.4403781592845917 0.9186437055468559 99.98826997727156 1.366930201649666 0 235.9432693347335 84.0595333352685 120.1745022237301 25.00789623707533 1.439835727214813 1.281190827488899 43.42532428354025 0.3975490182638168 6.729267150163651 18.73008645325899 0 5.278121039271355 5.229783192276955 7.235689885914326 0 0.4502913802862167 0 0.256515234708786 0.09321586042642593 0.08020460605621338 0.3213580846786499 0.4619432389736176 506.8769103810191 4.176801756024361 0 1.905333630740643 269.2648644223809 7.663356877863407 0.7510034739971161 9.107791751623154 1.064009740948677 38.10978972911835 96.96657953411341 0.6924523040652275 82.97137754410505 30.60640317946672 50.31857308000326 16.19149326533079 182.7590869441628 132.7995959296823 160.2097547054291 94.38250099122524 1.13059439510107 2.534682743251324 0.2238191366195679 0.6072922945022583 0.253259688615799 0 0.2631313502788544 0 0.1228498220443726 0.8924805447459221 0 0 0.1538398563861847 0 0 0 0 0.6804126501083374 0 48.86684720218182 8.532987430691719 0 1.487538784742355 1.388117082417011 37.18114409595728 8.289267145097256 29.67850865423679 3.186036676168442 0 0.1860336661338806 0 0 0.345828577876091 1.222540974617004 0.5265296399593353 0.1785881519317627 8.659598737955093 8.249695561826229 0.5373280793428421 0 0 0.5684875696897507 0 0.1715212464332581 1.91964291036129 0.3497218042612076 2.62488815933466 8.923204079270363 0 0.9837213754653931 2.997788466513157 85.99670431017876 16.56481526046991 1.713789708912373 2.604693822562695 0.5256887599825859 1.312999658286572 0.9540097266435623 0.796673022210598 0 0.3525833189487457 132.8756810948253 0.2455358281731606 0 0 0.1089074611663818 21.90109620243311 18.47077842801809 45.04825137555599 6.452045507729053 13.10203260928392 11.26831351220608 6.871846407651901 2.519696429371834 1.343313045799732 0 0 0 0.3267912045121193 0 0 0 27.45917455852032 10.77024525403976 10.75641859322786 301.6852256953716 30.55977340787649 201.8165209889412 44.92355491220951 432.8568462356925 41.29241345077753 1.316471308469772 60.94988463073969 9.621680408716202 2.238152965903282 14.36239150166512 1.356985680758953 16.82919155061245 3.52225212007761 0 1.830851875245571 4.442172281444073 0.1520373821258545
26.59204099327326 387.9709626212716 2649.026482708752 0.5461116433143616 122.428023993969 1.06590735912323 7.989377595484257 0 383.7066536322236 1.614997752010822 1526.74029545486 4.198989257216454 86.06031820178032 580.5116151571274 5.726474814116955 2.507604278624058 0.8105050921440125 3.042773209512234 0.125000387430191 50.39780136942863 17.07188908755779 0 16.34080374240875 3.387781709432602 63.1096320822835 0.5727736055850983 15.86016733944416 0.733188807964325 0.1328949928283691 0.1070539876818657 1897.548340350389 1298.775390908122 90.64408095180988 6.821957781910896 37.40861748158932 52.3264891654253 11.91112400591373 8.291180424392223 2.375780403614044 4.526773497462273 8.016095981001854 5.166755817830563 39.35925921052694 5.268842212855816 6.618318676948547 5.295827835798264 123.9508084431291 12.18994099646807 7.946141503751278 29.57620964944363 19.9517070427537 1.433589987456799 0 0.1087823212146759 0.0990784764289856 0.6466505378484726 11.32559303194284 244.6465562283993 4.520328789949417 22.22636211663485 88.28372890502214 172.7267418578267 70.13578712940216 102.6674121022224 5.931198336184025 8.568137377500534 16.89603810012341 20.77976060658693 69.774135440588 103.6937886476517 14.67301461100578 1.120760291814804 0 135.6523092538118 98.88417681306601 181.8441725224257 101.510226354003 81.11821791529655 953.2750397771597 2290.823278076947 212.2883028760552 2910.843324162066 10.89432917535305 0 4.412320487201214 4.067523598670959 35.13591028004885 0 0.8755095601081848 0.6294574588537216 1.146956942975521 0.5782709866762161 11.96742437779903 1.921583019196987 0.6671860888600349 19.04545691609383 0.7172541618347168 0 0.4121528565883636 17.86502838879824 0 0 0.1263075619935989 0 0.3408558741211891 0.7031820714473724 0 1.030239075422287 0.3895297944545746 0.4487618058919907 0.6924801170825958 2.191129416227341 1.399098783731461 3.336403198540211 3.666771523654461 0 0.2808002158999443 0 0 0 0 0 0 0 0 0 0 0 0 0 0 0.1157970950007439 0.1219993606209755 0 1.259710192680359 0.3017704635858536 0 0 0 1.289818622171879 0.4562062844634056 2.94585707783699 0.3195935785770416 0.2597411423921585 0.08899877220392227 0 0 0 0 0 0 0.1365151256322861 0.6489445269107819 0 0 0.1797347217798233 0 0.2213500738143921 0 0 0 0.1117572113871574 0.1730860471725464 0 0.2307403087615967 0.1239377930760384 4.869461871683598 0.1070021092891693 0.4393207728862762 0.2501761838793755 0 0 0.1468496322631836 0 0 0.2609414905309677 6.622968524694443 0.2315592840313911 0.6713938117027283 0 0 0.6079590991139412 1.055898919701576 1.462578453123569 0.1917418390512466 0.1369080692529678 0.5663158521056175 0 0 0.1345687955617905 0 0 0 0 0.1658002734184265 0 0 1.041798882186413 1.374137409031391 0.8274221569299698 148.1025819927454 14.69895122945309 226.4059519842267 44.8592616096139 36.88819742947817 24.6916321888566 1.389522917568684 45.72731677442789 0.4902674406766891 0.184155061841011 0.72979836165905 0.08413112908601761 0 0 0 0.314617246389389 2.770439393818378 0
183.6261554211378 3480.756805293262 496.6167830899358 111.0995091795921 2396.936675399542 98.35528687387705 1109.897417411208 383.7066536322236 0 449.0547249168158 3225.897067859769 78.16965904831886 1303.070990614593 770.9764514714479 8.702433280646801 0.2856308072805405 0.09649147838354111 0 0.07439670711755753 0.1080394983291626 0.3476498946547508 0 0.1055672988295555 0 0.990788571536541 0.3595496267080307 0.3367123603820801 0.4943395480513573 0.4994531720876694 0 558.2170383781195 30.87858764082193 116.5913853049278 0 0.06614846736192703 0.9002472162246704 34.60975417494774 2.719314150512218 2.561660714447498 1.999644711613655 0.1075829714536667 1.156987078487873 0 0.7497486174106598 0.1828106790781021 0.08857244253158569 193.9704437553883 13.23095527291298 0.3946046456694603 0.9536673650145531 1.795001424849033 0.1452266722917557 0 0.4991731122136116 0.6789950877428055 0.4263792783021927 15.77260215580463 243.0542265698314 9.446115911006927 34.928730905056 1.188323579728603 7.469202376902103 0.148783415555954 43.38714922219515 6.625038981437683 2.096202548593283 5.485022701323032 4.903330899775028 1.890696227550507 1.939616292715073 122.6677359640598 0.6429884284734726 0 181.9028458967805 82.64364453405142 213.5056472346187 65.27327790856361 3.676986686885357 3.687406770884991 77.86917357891798 0.4549166113138199 8.855119027197361 14.73447024077177 0 5.430665023624897 3.400486260652542 6.357144884765148 0 0.4377812594175339 0 0.1336106508970261 0.3714179396629333 0.2554588839411736 0.240239679813385 0.4635056108236313 347.9753229096532 6.511532664299011 0.102087639272213 2.729724764823914 56.44695198535919 9.267109408974648 1.978173777461052 13.96910139918327 1.273283466696739 48.25007347017527 103.3747391551733 1.351396970450878 79.90585304051638 32.6564391925931 52.69380844384432 17.72446643561125 231.0797972381115 170.7129089161754 195.7260355874896 124.7756399065256 0.9347028508782387 1.96040041744709 0.6944477260112762 0.4127798154950142 0 0 0.9346823990345001 0 0 1.311600610613823 0 0 0 0 0.6840530186891556 0 0 1.070477098226547 0 56.73355870693922 14.10716374218464 0 1.374017216265202 2.649020053446293 42.06428138166666 6.396338753402233 32.35919851064682 2.27845660597086 1.793554082512856 0.4265914708375931 0 0.3313722312450409 0.5414076894521713 1.555334225296974 0.7939074486494064 0 11.15076323598623 14.42259606719017 1.446675278246403 0.2784452736377716 0 0 0 0.3016347736120224 2.121806487441063 0.2493651956319809 1.487804152071476 9.150197245180607 0 1.935611337423325 5.396191999316216 99.12705551087856 23.47213987261057 3.088968701660633 2.592146672308445 0.4610855728387833 0.8618185892701149 0.5841392427682877 0.09305690973997116 0 0.3738356605172157 192.5457838922739 1.651346787810326 0 0 0.152840256690979 35.97481758892536 26.79421804845333 70.12660299241543 8.033570341765881 18.8727799654007 17.99644271284342 8.214458085596561 4.344817616045475 1.796862155199051 0 0 0 0.09821227937936783 0.1415375620126724 0 0 43.67211496084929 13.3402492031455 15.42445527017117 515.3952083811164 40.02179928123951 379.1614110320807 93.59735405445099 141.7810826674104 50.28373307734728 2.334415227174759 118.6545203924179 9.835106179118156 3.357359282672405 18.22676812112331 1.888086527585983 23.32998542487621 2.04330512881279 0.3971853703260422 0.6044661402702332 11.14766380935907 0.1980133950710297
610.4813851863146 203.8439041227102 10.03126619756222 1251.895937919617 106.6290418058634 576.2797459512949 2112.422117985785 1.614997752010822 449.0547249168158 0 2.753211513161659 2022.886350095272 6972.809203855693 1340.571724928916 0.6146249994635582 0 0 0 0 0.2663865685462952 0 0 0 0 0 0 0 0 0 0 179.4392397403717 3.869226858019829 41.10096294432878 0 0.0963054746389389 0.2046391367912292 17.68905534595251 1.737416699528694 1.812211319804192 0.5474113449454308 0 0.1285642832517624 0 0 0 0 9.631035685539246 2.343679271638393 0 0 0.1000542342662811 0.1346129029989243 0 0 0 0.5466432869434357 22.60723420232534 132.8792553246021 1.359257519245148 2.305306009948254 0 0.2038099020719528 0 3.544009923934937 0.9286168813705444 0.7882890924811363 0.63323974609375 0.1062169596552849 0.1117010787129402 0 152.7618627250195 0.1948422938585281 0 43.86117903143167 6.68388607352972 10.90435212850571 0.2004037797451019 0 0.08261988312005997 10.9579135030508 0.2223803251981735 1.180633246898651 1.712126992642879 0 1.316174425184727 0.4027998149394989 0.4219423830509186 0 0 0 0 0 0 0 0 428.6075782924891 16.12497110664845 0 4.948682740330696 506.7355949133635 1.007072798907757 0 3.044776134192944 1.004985101521015 13.52165114879608 39.87146931141615 0 23.58818742632866 11.52502069622278 27.20574650913477 4.738841407001019 76.1949397996068 51.20761936157942 55.35544694215059 21.19214966893196 0.3159620314836502 0.5585838407278061 0 0 0 0 0 0 0.1250087022781372 0.2710446566343307 0 0 0 0 0.12998366355896 0 0 0 0 8.667361468076706 1.366534285247326 0 0.6813334822654724 0.4198908060789108 4.44092632830143 0.7451027780771255 1.223002389073372 0.286994457244873 0.1193701922893524 0 0 0 0 0.3610855340957642 0.0766039714217186 0 1.779009819030762 1.152214966714382 0 0.1942783743143082 0 0 0 0 0.3613535314798355 0.07759352773427963 0.1925939172506332 0.5769271701574326 0 0.3984700292348862 0.6843752861022949 10.18248806148767 3.333054833114147 0.2333080545067787 0.2158178985118866 0.08485022932291031 0.07608039677143097 0.1564787924289703 0.1332016885280609 0 0 27.15886534750462 0.3365368023514748 0 0 0.2054086923599243 2.994950070977211 1.710391975939274 7.314976178109646 1.131125822663307 2.054875254631042 3.031470656394958 0.08510620146989822 0.1760253608226776 0.2562568113207817 0 0 0 0 0 0 0 10.36762429773808 1.860873743891716 0.8643916547298431 47.7261772826314 2.589875675737858 17.48637013137341 3.101377926766872 437.5351246371865 5.104051545262337 0.2102417498826981 6.103582486510277 1.591973260045052 0.68617794662714 2.161125905811787 0.376656636595726 6.244028076529503 0.2299467027187347 0.1361229568719864 0.4313761740922928 0.1769357323646545 0
107.6187229603529 1246.091553986073 2289.648500360548 1.353564627468586 650.6571598052979 2.270571783185005 77.44224141538143 1526.74029545486 3225.897067859769 2.753211513161659 0 14.11600817739964 1023.57744525373 2990.150956042111 3.646667219698429 2.105143427848816 0.154289647936821 0.1527799665927887 0 0.2534879520535469 0.1333809196949005 0 0.3782941401004791 0 4.442807450890541 0.191508449614048 0 0.6947489678859711 0 0.08191084861755371 641.4593670293689 137.2228511571884 500.6548151299357 0.1599555611610413 0.5829774141311646 3.080410063266754 107.5770050808787 10.8502147719264 5.386587031185627 5.276306852698326 1.273239970207214 0.3793571218848228 0 0.9844097346067429 0 0.08394238352775574 120.9177352935076 8.299946822226048 0.3882953599095345 0.9877529665827751 1.255523256957531 0.1056621074676514 0 0.2522621676325798 0.1962807327508926 0.3455836921930313 6.337020106613636 140.8381889760494 5.793826371431351 22.46711987257004 3.139920845627785 21.82777854055166 1.816628821194172 36.61065697669983 4.154235497117043 1.703126929700375 3.092339001595974 3.188041679561138 0.8735066279768944 2.916689813137054 127.4533319249749 3.310725972056389 0 97.73300801217556 64.77963615953922 137.9880744069815 59.31928228586912 6.045034945011139 27.81687381118536 654.4729650840163 0.7176386937499046 24.61229287087917 10.80667423456907 0 3.091050304472446 2.404668375849724 4.276880204677582 0 0.2446186766028404 0 0.08211658895015717 0.1832997873425484 0.4625753909349442 0.09718341380357742 0.1908239796757698 54.96027040481567 1.516637071967125 0.3907017111778259 0.1160897985100746 27.68765902519226 0.2115779370069504 0.4604708552360535 0.1892772018909454 0 4.041184298694134 3.224645532667637 0 3.981668472290039 0.5932342633605003 2.047456830739975 1.554777301847935 9.128476358950138 6.827510014176369 12.83265613764524 13.24169870465994 0.1083904355764389 0.3632697761058807 0 0.1239165067672729 0 0 0.1130912601947784 0 0 0 0 0 0.1193512231111526 0 0.1542313247919083 0.1496036946773529 0.3288274705410004 0 0 3.501310080289841 0.6955891251564026 0 0.5330966114997864 0.1889291107654572 7.54278975725174 1.303040914237499 4.854100927710533 0.4579838886857033 0 0 0 0 0.2863790094852448 0 0.2745728194713593 0 0.3418025374412537 0.9732815772294998 0.1096426770091057 0 0 0 0 0 0 0 0 0.4576177597045898 0 0.2281652092933655 0.5872317254543304 10.78057640790939 0.4861564338207245 0.2022745758295059 0.08820255100727081 0 0 0 0.07802324742078781 0 0 21.88305639475584 0.4702030271291733 0 0 0 3.973763287067413 1.051568552851677 6.717746518552303 0.9873514920473099 0.677133321762085 1.261578895151615 0.09651540964841843 0.3967116475105286 0.09233604371547699 0 0 0 0.0791795626282692 0.08454237878322601 0 0 2.956082351505756 2.037586882710457 2.023882642388344 224.7428307384253 16.39095271378756 224.1168778836727 54.81421789526939 37.52560529112816 26.75761046260595 1.712283961474895 50.25840287655592 2.728938087821007 0 0.5864192321896553 0 0.8341967463493347 0.3157934695482254 0 0.5494684278964996 3.34352008253336 0.2370252311229706
29.9283626973629 13.27417577803135 18.68653240799904 1128.125455677509 22.99020489305258 412.8930387943983 64.75596798211336 4.198989257216454 78.16965904831886 2022.886350095272 14.11600817739964 0 2591.030940547585 308.6562546640635 1.919602163136005 0.7121676355600357 0.1918075233697891 0 0 0 0 0 0 0 4.194459080696106 0 0.1785800457000732 0 0 0 21.79355359822512 9.778819888830185 60.28337118029594 0 0 1.161129459738731 93.81911440938711 3.487752713263035 3.811435483396053 4.18665437400341 0 0.5321568697690964 0 0.6701320111751556 0 0.5677078068256378 12.85595303028822 0.8571688234806061 0.1161134988069534 0 0 0 0 0 0 0 1.921674877405167 12.78186459094286 0.4777162596583366 1.497706897556782 0.2286931872367859 1.870147474110126 0.2086146175861359 3.215941168367863 0.2605649083852768 0.08705464750528336 0.331496387720108 0.1572732329368591 0.1286147981882095 0 216.92540538311 9.433355659246445 0 8.245345592498779 4.938364639878273 13.75555290281773 5.081051915884018 2.17200243473053 1.86230543255806 8.983259856700897 0 2.300166919827461 0.8321933448314667 0 0.1451370567083359 0.1157029047608376 0 0 0 0 0 0 0 0 0 1664.854596607387 29.00611047446728 0 1.417908132076263 43.11432188749313 4.05318808555603 0.9387551099061966 4.892586752772331 1.119473621249199 22.33678117394447 34.30586966127157 0.9530081450939178 33.926972001791 10.94528999179602 35.04546269774437 7.775421433150768 86.80787496268749 81.47501489520073 127.2642586752772 62.61797628551722 0.3694088310003281 1.480295725166798 0 0 0 0 0.1364892423152924 0 0.2808576226234436 0.172119140625 0.1728785783052444 0 0 0 0 0 0.2546713352203369 0 0 17.9504758939147 5.562194563448429 0 0.1182245910167694 0.4716667756438255 21.95499949157238 2.311461001634598 10.28921736776829 1.674728363752365 0.657382145524025 0 0.1220150962471962 0 0 1.207628309726715 0.1518626660108566 0 3.112240672111511 3.509331651031971 0.4235026687383652 0 0 0.3817530423402786 0 0.247440978884697 0.2131001874804497 0 1.025955617427826 3.37804888188839 0 0 1.675898052752018 42.00811148434877 6.20645347982645 1.059591747820377 0.8515276834368706 0.1941657215356827 0.1011032909154892 0.1544378250837326 0.2296757847070694 0 0 118.5323517993093 2.785428836941719 0.1885948777198792 0 0 13.57178108394146 5.971713870763779 14.42617356777191 4.281185761094093 5.35132148116827 3.879333831369877 0.6697296351194382 0.651740700006485 0.2691921889781952 0 0 0 0.08282956480979919 0.07506041973829269 0 0 26.73868775367737 11.78834208101034 7.309890538454056 54.51150098443031 6.07338772714138 27.32435774058104 6.85734435915947 60.80318070948124 5.029092013835907 0.266004741191864 13.19154476374388 1.413528516888618 0.5415994226932526 6.120995461940765 0.7796122878789902 6.595222733914852 1.002101011574268 0 0.848395824432373 0.440859779715538 0.2194052338600159
218.8190550506115 452.3575851991773 150.7007585093379 2901.21356664598 151.5161260664463 554.8466890528798 1548.008754126728 86.06031820178032 1303.070990614593 6972.809203855693 1023.57744525373 2591.030940547585 0 1538.302004918456 16.89083614200354 3.881115034222603 0.4170705527067184 0 0.1806483566761017 0.2126774489879608 0.4465355426073074 0 0.7131825238466263 0 8.577032551169395 0.3975893408060074 0.6778937131166458 1.538313195109367 0.1587969064712524 0.1589703112840652 145.4436587542295 51.78103654831648 331.2943737506866 0 0.5920056998729706 9.364251956343651 360.507432565093 62.97232197970152 13.93447795510292 17.81169377267361 0.8788260966539383 0.7244367226958275 1.140144884586334 0.4228000938892365 0.1874595880508423 0 135.9453677907586 4.737780846655369 0 0.8466517627239227 2.473203115165234 0 0.4793957769870758 0.4679662883281708 0 0 6.071647427976131 76.24086843430996 4.186573334038258 17.01322565227747 3.860677629709244 11.77911506593227 4.5507483035326 24.22327154874802 2.150109395384789 1.015125796198845 3.14190986007452 1.741461329162121 5.536402955651283 2.736164756119251 393.7054556459188 28.10829997062683 0 54.94000265002251 37.35111161321402 115.5408375114202 66.62091771513224 14.98980523645878 9.939541324973106 121.5383990481496 0.3946924805641174 26.29860024154186 5.025389455258846 0 1.901166811585426 1.838789835572243 3.736290588974953 0 0.4909610822796822 0 0.2755749225616455 0.3276235610246658 1.104805037379265 0.572184644639492 0.3972088545560837 4333.841861374676 50.7471923828125 3.51381453871727 19.10526489466429 103.8799789696932 10.08696439117193 2.865907736122608 15.90600992739201 1.799020491540432 70.42843013256788 141.327021189034 1.411284998059273 139.2413491979241 56.43793887645006 111.6126604899764 29.14074788242579 379.9889955669641 349.9349113926291 343.9176384583116 213.5643130913377 3.213021993637085 1.964241452515125 0.1660462021827698 0.793738529086113 0.2147124409675598 0 0.8827046155929565 0 0.5346602872014046 0.8317575976252556 0 0.3568131402134895 0.1022403091192245 0.209340900182724 0.2546915039420128 0.1185740828514099 0 0 0 83.59578143060207 17.74287048727274 0 0.8941564708948135 1.800848051905632 77.90163125097752 8.318610124289989 39.64423386007547 5.4852559491992 0.7146196961402893 0.140863761305809 0 0.6629651784896851 0.1986251920461655 2.298491127789021 0.6234401911497116 0.5410820096731186 15.27353152632713 15.14797186106443 1.9188172519207 0.2070230692625046 0.1501071453094482 0.336021900177002 0.1223940998315811 0.4379698038101196 2.552467994391918 0.4297882989048958 4.42702304571867 11.88614220917225 0.1817901283502579 0.6924744248390198 3.201196767389774 138.7296923398972 25.98833239078522 3.703883104026318 4.277293913066387 0.9374250248074532 0.6574747264385223 1.209055200219154 0.5276399850845337 0 0.1519792675971985 428.9808244854212 6.924919031560421 0.09774511307477951 0 0.1595618575811386 44.22875435650349 28.0186220407486 69.70961734652519 13.13039527088404 21.07027228176594 25.04409392178059 10.06063678860664 5.693860530853271 2.209096729755402 0 0 0 0.2020881697535515 0.1276868581771851 0 0 106.5288306027651 33.49037203937769 23.44564086198807 474.0041583552957 38.29638979583979 252.3796771392226 76.39201157540083 211.5457129850984 32.19900189340115 2.089502848684788 88.72906095534563 10.72740948945284 5.450390361249447 21.7679989784956 1.711143434047699 23.00817929953337 3.915784820914268 0.6578487232327461 2.476804375648499 9.682889357209206 0.1567172408103943
