0.0000000 0.4298099 0.3762769 0.6257079 0.2658566 0.4800010 0.1667220 0.6241376 -0.0394059 0.4093320 0.6846728 0.0377795 0.4690252 -0.0190711 -0.1456676 0.4342037 0.3634277 -0.3012626 0.3367958 -0.0510974 0.3271429 -0.2681821 0.5331072 -0.0800080 0.1914045 0.2881299 0.0639722 0.0395713 0.3360709 0.1973907 0.4011420 -0.0977604 -0.1530721 0.1445269 0.5317206 0.3423059 0.1327711 0.2289709 0.3861801 0.3500753 -0.2216537 0.4898298 0.4609699 -0.2269729 0.4828938 0.4677846 0.3730169 0.0585048 0.0035814 0.4937420 0.4897263 0.3737986 0.1728503 0.2503367 0.4998501 0.3712603 0.3037017 0.2782118 0.3063462 0.4226572 0.3902106 0.2629318 0.4692084 0.3812126 0.2548268 0.1601877 0.3621580 0.4122269 0.4495287 0.4226603 0.2980150 0.3986693 0.3584470 0.3314105 0.3116948 0.3920014 0.2195454 0.2971235 0.4595094 0.3918728 0.3861821 0.5083418 0.3427090 0.3189814 0.0612958 0.3862739 -0.0819457 -0.0615443 0.4164144 0.3013397 -0.0006167 -0.4915635 0.0677181 0.0575064 -0.2258179 0.0336587 -0.0667242 0.1472526 0.1470496 -0.2031494 0.1732029 0.3496274 0.2872093 -0.0630537 0.1585542 -0.1126821 0.3752174 0.1364947 0.3254924 0.0846483 0.3404316 0.2164559 -0.2051261 -0.1223915 0.0860864 -0.1147554 -0.0803481 0.1335470 -0.1677948 0.7134771 0.3927759 -0.1521765 0.1120571 -0.0971733 0.3041305 0.5192520 0.1650267 0.1132636 0.4007632 -0.2752199 0.0273736 0.0752237 0.0819553 0.2623984 -0.1678738 0.2699654 0.0882231 0.6102237 0.0697908 0.6486006 -0.0482476 0.6697766 0.1074200 0.3983570 0.2287623 0.1002774 -0.1584114 -0.1869534 0.0021732 0.3885481 0.4027369 0.3103926 0.2482535 0.1139642 0.1353831 0.3030795 0.3586403 -0.2808131 0.2731963 0.4821210 -0.0899438 0.5972155 0.2320378 0.5335144 0.0010920 0.2293180 0.1885705 0.1924043 0.4965941 0.6835011 -0.0454198 0.3217688 0.4142299 0.3885674 0.5175266 0.3473397 0.4100851 0.5150874 0.4241100 0.5924153 0.5263423 0.4980560 0.3377809 0.3380670 0.5430096 0.2199460 0.4906610 0.4215836 0.5282259 0.4491529 0.8007947 0.4132812 0.2238625 0.5941754 0.6953070 0.5623700 0.6660673 -0.1995930 0.3326933 0.6815842 0.1176263 -0.2221278 -0.2068712 0.2421294 -0.1822830 0.1976269 0.3761588 -0.4472107 -0.2575409 -0.4072654 0.1885036 -0.0241887 0.0989256 0.2828606 -0.3701298 -0.2415919 -0.1089274 -0.1148891
0.4298099 0.0000000 0.7691696 0.6025860 0.3163037 0.3276078 0.4167644 0.7776535 -0.0748866 0.4753538 0.6180062 0.1661031 0.4290149 -0.1163989 -0.0705901 0.6612459 0.3822451 0.1072611 0.2991312 -0.3115041 0.8187275 -0.0986564 0.4599616 -0.0228139 0.2897089 0.3608594 0.1800975 0.1425936 0.8149199 0.0687533 -0.1415319 0.0019687 -0.0015028 0.6870730 0.3716855 0.6608721 0.3305162 0.3034326 0.1954071 -0.1958640 -0.1363940 0.3737452 0.2737412 -0.2233196 0.2907054 0.5229435 0.3928255 0.1419578 0.2422873 0.6294568 0.3852494 0.1995098 0.7076360 0.3464278 0.4272237 0.4487082 0.2734723 0.4892891 0.1720360 0.2498970 0.2235874 0.2104851 0.4506240 0.4714762 0.6690994 0.0077118 0.2808754 0.3405159 0.4037877 0.3865713 0.3444144 0.5591699 0.3859116 0.7259248 0.2884161 0.4661582 0.3418887 0.2522947 0.3814151 0.4415794 0.2762316 0.2770484 0.0765490 0.2595662 0.3252805 0.2304511 0.1626928 -0.0370649 0.2679120 0.0132069 0.3891104 0.0098934 -0.4440013 0.1392289 0.2526050 0.4659160 0.1757777 -0.2051868 0.4448605 -0.0175519 0.0885837 0.1554838 0.0473593 -0.1134929 0.1644932 0.2137782 0.1440161 -0.2193890 0.1021696 -0.0518981 0.4776251 -0.2640621 -0.5941026 -0.2290354 0.0987953 -0.1541333 -0.0562606 -0.1157069 -0.1362619 0.3663448 0.2440172 -0.2593351 -0.1700268 -0.0921170 0.1666910 0.5613551 -0.0376823 -0.3053565 0.4725143 -0.0595560 0.0064149 -0.0868183 0.0757490 0.4839355 -0.0233315 -0.1070401 0.2571949 0.3414857 0.1952801 0.5721139 0.0810467 0.4358694 -0.1620384 0.2326300 0.2782153 0.0218272 -0.1152526 0.0456383 -0.1456328 0.2003500 0.3794310 0.2391961 -0.0146198 0.0079050 0.0345415 0.0105320 -0.2786198 -0.0262258 -0.1326394 0.3393843 -0.0964983 0.1770578 -0.1497680 -0.0954312 -0.2004199 0.0470897 -0.0029609 0.3709754 0.0903228 0.1945078 -0.2234419 0.0676284 0.1441674 0.6943350 0.7679413 0.6862685 0.8106764 0.6413347 0.7685039 0.6354594 0.2664934 0.3076431 0.3565921 0.4228488 0.5471377 0.6025558 0.5491498 0.6365004 0.5435938 0.6538670 0.4216127 0.6248593 0.4250792 0.2285296 0.5048196 0.4708464 0.5343071 0.1336364 0.4396225 0.5957601 0.1009058 -0.2053148 -0.4071429 -0.1052379 -0.0919585 0.3454776 0.8005470 0.0686940 -0.3492341 -0.0693639 0.0664671 0.0962669 0.0976490 0.5386671 0.2923227 -0.0330481 0.1609616 0.2139543
0.3762769 0.7691696 0.0000000 0.5974512 0.1566698 0.1304537 0.4881369 0.5704711 0.0811376 0.4877285 0.5302636 0.4708912 0.2444612 -0.0887026 0.2353856 0.4380468 0.4141917 -0.0826005 0.1243285 -0.2039459 0.8252353 -0.1666197 0.3152650 0.3960307 0.2768036 0.2193212 0.2897812 0.1013299 0.8012071 0.1313005 -0.1283227 -0.2365314 0.0386925 0.6167103 0.1146528 0.6840208 0.1371230 0.1445434 0.1476020 -0.1789819 -0.2558807 0.2804041 0.0740218 -0.0539652 0.3584963 0.3781962 0.1911288 -0.0548976 0.3109169 0.3914559 0.1407388 0.1232353 0.6362198 0.2579062 0.1361540 0.2160225 0.0322521 0.4253756 -0.0840325 0.1699709 0.0792818 0.1806027 0.2513214 0.5130633 0.7126530 -0.2152938 0.2229032 0.2784998 0.1396531 0.3279329 0.1676014 0.4711630 0.2567265 0.6425535 0.2120919 0.3229682 0.1334127 0.1654879 0.2697167 0.3394412 0.3133750 0.1543402 -0.1907881 -0.1153976 0.0959333 -0.0333301 -0.1643588 -0.0613907 0.1085515 -0.0646124 0.2344967 -0.1477962 -0.3590503 0.1922329 0.1603324 0.0609630 0.1140666 -0.3908360 0.2135797 -0.3843457 0.0948464 -0.0122053 -0.2285940 0.0353910 -0.0142799 -0.1530106 -0.0662000 -0.4588074 0.0005464 -0.2929098 0.2126580 -0.4059848 -0.6466564 -0.5288957 -0.2474222 -0.4942829 -0.4158665 -0.3806980 -0.4754647 0.0971617 -0.0380480 -0.5034729 -0.2873692 -0.4722240 -0.0869521 0.5124659 -0.2452604 -0.3695991 0.1782964 -0.4222871 -0.3582366 -0.1602158 -0.1377447 0.2622112 -0.0837844 -0.3752871 -0.1419176 0.0963911 -0.2343692 0.4493551 -0.1980391 0.2794118 -0.2035902 -0.0056114 -0.1742927 -0.2552699 -0.3267749 -0.2797100 -0.1373012 -0.0200659 0.1830502 -0.1787344 -0.1617894 -0.1306025 -0.1603766 -0.1683893 -0.1960518 -0.1921683 -0.0518940 0.2409662 -0.2351798 0.0991301 -0.1067341 -0.0285080 -0.3733945 -0.0006188 0.0989602 0.3304806 0.3119856 0.3104047 -0.1298462 0.1544369 0.4521394 0.5698928 0.6882612 0.6336535 0.8092307 0.5723489 0.7823353 0.6013194 0.3529746 0.4351460 0.1611532 0.3398005 0.5145568 0.7227863 0.6025674 0.6378193 0.4990576 0.5923380 0.3035678 0.6649722 0.4546925 0.2053105 0.3870206 0.3691912 0.4213456 0.1554417 0.5025550 0.5004893 0.2834315 -0.0311779 -0.2640458 -0.3009108 -0.0296419 0.5053024 0.8155594 0.2976444 -0.1456749 0.1329437 -0.0508638 -0.0367357 -0.0906870 0.2808646 0.4425582 0.0906821 0.1246508 0.1606835
0.6257079 0.6025860 0.5974512 0.0000000 0.2353146 0.5786977 0.6357557 0.7868917 0.3091769 0.7525648 0.8058219 0.4734129 0.5685202 0.1685780 0.3096588 0.6121135 0.6516413 -0.1162504 0.5942536 -0.0858057 0.6760821 -0.0506610 0.6788346 0.3296397 0.4065380 0.5322862 0.3511728 -0.0938255 0.6974261 0.0008427 0.0686754 -0.1732816 -0.2819767 0.3969877 0.5228227 0.7208695 0.4583937 0.4569442 0.4890672 0.3915100 -0.2563249 0.5697637 0.5481208 -0.2198469 0.5907670 0.6020059 0.5221681 0.1438893 0.3644950 0.6618708 0.5890769 0.4772855 0.5619463 0.4545505 0.4812376 0.4869156 0.4239993 0.5921729 0.3821512 0.6535624 0.5015375 0.3872386 0.3396207 0.6498374 0.6297174 0.0852427 0.5783707 0.5472948 0.3990072 0.5960114 0.5283806 0.7187196 0.6125217 0.6973932 0.5300328 0.6462947 0.4429076 0.5542587 0.6979781 0.6378115 0.5383872 0.1908203 0.0467892 0.0702772 -0.1423605 -0.0540223 -0.2701787 0.0112514 0.1820312 0.0996808 -0.1541779 -0.3597078 -0.4913573 0.1129913 -0.2310793 0.0968280 -0.0464232 -0.3750008 0.0368163 -0.4266664 -0.1156950 -0.1378449 -0.1171276 0.0333727 0.0749759 -0.1661895 -0.1037205 -0.2467158 0.0469735 -0.3267907 0.0968549 -0.1850719 -0.4869203 -0.3174828 -0.0884505 -0.3697446 -0.1950476 -0.0087521 -0.2690186 0.4632819 0.3504290 -0.3318279 -0.2060346 -0.2183558 0.3326935 0.5928485 -0.0861181 -0.0542223 0.4932910 -0.2512660 0.0586128 0.1545622 0.0411562 0.3662085 -0.1570744 0.0464712 0.2617647 0.3255908 0.0986218 0.5030206 0.1974549 0.4182292 0.0385910 0.1196554 0.1949985 0.0589268 -0.1426733 -0.1128498 0.1446680 0.1302438 0.4154125 0.2167764 -0.0073371 0.1541797 0.0302288 0.0445130 0.0363093 -0.0636626 0.0390683 0.3219377 -0.0079918 0.3144701 -0.0535756 0.1623787 -0.0807739 0.1654768 0.2137748 0.5015347 0.3237030 0.4879735 0.1757108 0.3811759 0.6955317 0.3831561 0.5682000 0.4632020 0.6294558 0.4257049 0.6639288 0.5709159 0.3521061 0.4871256 0.4340040 0.4500393 0.6799851 0.5801230 0.6010513 0.6281050 0.7131767 0.7425342 0.4811009 0.7867342 0.4485061 0.2810444 0.5253176 0.3778009 0.5539919 0.0239881 0.5078442 0.5994943 0.2408227 -0.1078441 -0.3250126 -0.1136292 -0.2532062 0.6515019 0.6163616 0.0617922 -0.2246917 0.0044178 -0.0169445 -0.1233867 -0.2480608 0.2756250 0.0156565 -0.3906577 -0.1098081 -0.1648395
0.2658566 0.3163037 0.1566698 0.2353146 0.0000000 0.6622325 0.3371168 0.2773091 0.3087798 0.5328374 0.1796705 0.0618496 0.1853057 0.5357237 0.0560567 0.0636803 0.2730751 -0.0505759 0.1514835 0.1194103 0.1303289 -0.3697245 0.0551579 0.1777817 -0.2150732 0.0254316 -0.2182814 0.0037403 0.2115757 -0.2831588 0.3284037 0.2484684 0.4215050 0.3801062 0.1450501 0.2185081 0.0890265 0.1286520 -0.0563596 -0.2277194 0.2364654 0.4795806 0.1136501 0.0872015 0.5053598 0.1171480 -0.0486825 0.2941812 0.2961787 0.3897706 -0.0033944 -0.1244585 0.2149176 -0.1579231 0.2899631 0.1899662 0.0463531 0.0270107 0.1341696 -0.0287622 0.3905774 -0.2162167 0.5554830 0.2076460 0.2190681 0.0644926 -0.1783221 -0.0566675 0.4451513 -0.0296115 -0.1427575 0.1446780 -0.2381220 0.2295200 -0.0936709 -0.0507510 -0.0411927 -0.0506664 0.1816533 0.1460651 -0.0023534 0.5268003 0.4460324 0.3200167 0.1173477 0.2938467 0.5026334 -0.1592519 0.0604712 0.1236120 0.3212783 0.4310759 -0.0058791 0.0528862 0.1643304 0.3850112 0.2310440 -0.2316273 0.4133080 0.3596747 0.4536713 0.3082704 0.4924803 0.1883360 0.2702315 0.3989167 0.3222447 0.5623017 0.0494385 0.4578477 0.3341943 0.1595507 0.3854748 0.4294600 0.5250473 0.5429725 0.5612625 0.5527370 0.5499000 0.4748859 0.4433078 0.3769249 0.2204783 0.5512745 0.5318242 0.3644873 0.4987296 0.2026920 0.4715539 0.2710191 0.4195535 0.0940868 0.2900825 0.2215034 -0.1252308 0.1937019 0.4161052 0.3665583 0.3867801 0.1705368 0.2395402 0.0833861 0.0840277 0.1275230 0.3159377 0.1799610 0.2475233 0.3589750 0.0781048 0.1282863 0.1020458 0.2690883 0.2497019 0.3033601 0.4558782 -0.0065249 -0.0838923 0.1349285 -0.1918910 -0.1965704 0.4460516 0.2024731 -0.1342019 -0.0777684 0.3421859 -0.0210834 0.0940777 0.0724052 -0.2434220 0.0161294 0.1567274 -0.0072461 -0.3210001 -0.0235650 0.2120410 0.3668284 0.3015461 0.4566171 0.2205084 0.0951571 -0.1740526 -0.1543127 0.1239174 0.0042405 0.0618272 0.3263617 0.0936023 0.2499565 0.1526841 0.2708490 0.3108462 0.2318401 0.5540046 0.1972488 0.4649128 0.5758297 0.6004057 0.3903508 0.1830734 0.4636051 -0.0874963 -0.1441497 0.1146348 0.2445101 0.2555587 0.1042737 0.2058917 -0.0272995 -0.1885033 0.1971491 0.1871405 0.2178945 0.1210410 0.3410391 0.0419331 -0.3628354 -0.1490886 -0.1872318
0.4800010 0.3276078 0.1304537 0.5786977 0.6622325 0.0000000 0.5316586 0.3727348 0.6360338 0.6195684 0.3161817 0.2019830 0.2230909 0.6129866 0.2191589 0.1527184 0.2300103 0.0912701 0.4667460 -0.1583487 0.1322308 -0.4951995 0.3020997 0.2320096 -0.1064292 0.1417314 -0.1024967 0.1188122 0.2683902 -0.0844753 0.0053764 -0.1723771 -0.0445577 0.1176543 0.2552992 0.2326424 0.0605810 0.1262571 0.1444913 0.2069176 -0.0477091 0.3970555 0.3030637 0.0025155 0.4740735 0.1510510 0.0890133 0.1175968 0.2387028 0.4522183 0.2496972 0.0908399 0.1735915 -0.0211275 0.2443115 0.1448411 0.0823404 0.0584592 0.1579719 0.3022142 0.3096110 -0.0218477 0.3014765 0.0867705 0.0247392 -0.1077117 0.1249538 0.0826952 0.2714115 0.0782602 0.0340939 0.1921525 0.0415709 0.1456216 0.0319689 0.1393398 0.0106851 0.0921920 0.3811057 0.1877290 0.1022974 0.4145569 0.2663954 0.1868441 -0.2978198 0.0908104 0.2127714 -0.3072946 0.0016807 0.0769322 0.0812057 0.0942801 -0.1928470 -0.2207674 -0.0676155 0.3966512 0.0676375 -0.0940650 0.2249954 0.1287527 0.1142254 0.0916952 0.3317007 0.0805176 0.3075353 0.2264874 0.1908715 0.3391526 0.0857062 0.1380601 0.1978973 0.2112464 0.1648971 0.2538135 0.3819335 0.2628852 0.3576640 0.4686482 0.3013335 0.6941880 0.4297249 0.1557059 0.1288063 0.3922716 0.5401645 0.5637478 0.1328403 0.1971979 0.6033771 -0.0463198 0.2848033 0.1593420 0.0277685 0.1938323 -0.2827999 0.3623875 0.3475240 0.4756912 0.4028531 0.5025506 0.2371162 0.4187053 0.1504819 0.2467127 0.3564636 0.3764586 -0.0001589 0.1086920 0.1171777 0.2677147 0.4498989 0.5164279 0.1315232 0.3855281 0.1664753 0.3069645 0.0928328 -0.0431203 -0.0655770 0.1921452 0.1639773 0.4049688 0.0986462 0.2325068 0.1283437 0.1857613 0.1454349 0.2952750 0.1051705 0.3724152 0.1861967 0.1778714 0.0624009 0.1909085 0.4197538 0.3784136 0.2944583 0.5756686 0.2457673 0.2743054 0.2481487 0.2532215 0.1669654 0.3104686 0.2400734 0.1335629 0.1250010 0.2073340 0.2143875 0.1831403 0.6113906 0.2751248 0.3155328 0.4829430 0.6296533 0.6397973 0.7608902 0.0793357 0.1082101 0.6635746 0.0663572 -0.1502745 -0.1245419 0.3367320 -0.2473554 0.2780563 0.2974139 -0.1063465 -0.0658017 -0.0479072 0.0686902 0.2575759 -0.1289474 0.3093375 -0.2211104 -0.4542019 0.1202660 -0.1600489
0.1667220 0.4167644 0.4881369 0.6357557 0.3371168 0.5316586 0.0000000 0.4445086 0.5473200 0.6467854 0.2853615 0.6339342 0.2120924 0.5228677 0.5765990 0.2645104 0.3891307 0.1318945 0.5991257 -0.0908312 0.5228749 -0.2385126 0.2530626 0.5959677 0.3258655 0.4181223 0.0417213 0.0019957 0.5877139 -0.3073337 -0.0673155 -0.0919948 -0.0982206 0.3328911 0.1561289 0.5870941 0.3446125 0.4782853 0.1791898 -0.0605967 0.2521513 0.4211872 0.3007847 -0.0417220 0.4409722 0.1740096 0.1533334 0.4082664 0.3676691 0.2885551 0.1683680 0.0850846 0.3250267 0.0622602 0.1539101 0.1789957 0.0702992 0.1493572 0.2767690 0.3315849 0.3270394 -0.0512049 0.2016370 0.2569050 0.3619504 -0.1298728 0.1690031 0.0899199 0.1951286 0.0952743 0.1515255 0.4031768 0.1395222 0.4137897 0.2507527 0.2482897 0.2088367 0.2772690 0.3733503 0.3393300 0.0693970 -0.0302347 -0.1551585 -0.1937148 -0.2060498 -0.3367352 0.0306108 0.0224425 -0.3478379 -0.1280564 -0.0846791 0.1011319 -0.6836355 0.0392366 0.0957006 0.0876399 -0.0682574 -0.6523040 0.0339661 -0.2333342 -0.0746594 -0.3992111 -0.3789827 0.3668535 -0.0433778 0.1347405 -0.4761262 -0.3237199 -0.4013012 -0.4409402 -0.1755947 -0.4996417 -0.2002485 -0.1168312 -0.0972593 -0.1039448 0.0334790 -0.0184981 -0.0452847 0.0678671 0.0566808 -0.1376733 -0.2701648 -0.0313612 0.2076471 0.3559746 -0.1119637 -0.2067255 0.1989278 -0.0388629 0.0361279 0.0933188 -0.0623707 0.3064457 0.0468058 -0.2172401 0.2465594 -0.0948322 0.0250136 0.2225725 0.2152021 -0.0126798 -0.0097473 -0.1079992 -0.1127883 0.0416789 -0.1884532 -0.0401184 0.1458180 -0.1168667 0.3426740 -0.1074585 -0.3060464 0.1226805 0.0403386 -0.1132570 -0.2990772 -0.1544508 -0.1462187 0.0786863 0.0936138 -0.0513436 -0.1477651 -0.2208502 -0.0781712 -0.0568973 0.1948273 0.3232503 0.0185678 0.0557693 0.1089090 0.0613449 0.3732567 0.3382281 0.5504445 0.3224759 0.4386033 0.2439632 0.5140109 0.2465432 -0.0048558 0.2495496 0.3267304 0.4729897 0.4240120 0.4637699 0.3490254 0.4725795 0.4282642 0.4405413 0.0666337 0.5767616 0.4304967 -0.1002427 0.1909258 0.1180323 0.3913126 0.1468072 0.1186170 0.3641993 0.1216904 0.0878651 -0.2782322 -0.2088561 0.0032137 0.5404208 0.4210926 0.5529650 -0.1066457 0.0858163 -0.1726191 -0.3418015 -0.3570444 0.0861288 0.3240794 -0.5004811 -0.1247546 -0.1304019
0.6241376 0.7776535 0.5704711 0.7868917 0.2773091 0.3727348 0.4445086 0.0000000 0.0456683 0.5061372 0.8938581 0.3885529 0.7394430 -0.0692471 0.1554031 0.7657447 0.6839757 -0.3420640 0.5754057 0.0049846 0.6732668 0.0597792 0.7163102 0.0633866 0.5200559 0.6832119 0.3040856 -0.2040765 0.6499486 -0.1253248 0.2568501 0.0660959 -0.2394784 0.4410847 0.7166691 0.6637619 0.5527820 0.5765816 0.5729088 0.0863464 -0.2418909 0.7378861 0.6614332 -0.4240518 0.5704626 0.8053592 0.6705803 0.2107468 0.1667654 0.8011464 0.7094625 0.4527051 0.5073673 0.4783264 0.7330289 0.7806907 0.5466763 0.6900045 0.5817631 0.5948344 0.6790040 0.4075527 0.6222318 0.7764383 0.6171789 0.2878612 0.5206011 0.6690193 0.7360361 0.7306526 0.6169823 0.8448991 0.6317706 0.8325694 0.7080666 0.8145366 0.7131716 0.6673168 0.7680246 0.8014852 0.5741380 0.3071269 0.2984139 0.3931170 0.3528243 0.3655912 -0.0708937 0.3401122 0.5114304 0.3431796 -0.0506102 -0.3136244 -0.4500914 0.4272086 -0.0217583 0.1328742 -0.1099847 -0.3158150 0.4087038 -0.0182314 0.2265230 0.2444495 0.1213637 0.1794661 -0.0685384 0.0153611 0.1507131 -0.1139224 0.2280986 -0.1234053 0.2351401 -0.2524325 -0.4360482 -0.1865456 0.0410273 -0.1831597 -0.0766991 -0.0607877 -0.1253840 0.4238408 0.3392932 -0.2477764 -0.0992675 -0.1476042 0.3661127 0.6120780 0.2163346 -0.0291941 0.6448417 0.0781832 0.2362506 0.2058831 0.3061427 0.5331932 0.0819832 0.0555592 0.5187722 0.4956535 0.3970559 0.5399191 0.2869629 0.4963338 -0.0399700 0.2186597 0.5000288 0.0312894 0.1190710 0.1951926 0.1126227 0.3458203 0.4631997 0.3348462 0.1946100 0.0524165 0.0668178 0.0250299 -0.0873147 0.0349996 -0.0163322 0.3939360 0.0767247 0.3880260 -0.1581240 0.0336091 0.0451805 -0.0124992 0.0551091 0.5864872 0.2243769 0.3206149 0.0251068 0.2991986 0.4741932 0.5814055 0.6620652 0.4925212 0.6478216 0.4721769 0.6205572 0.5364761 0.2149282 0.3235327 0.6464025 0.4352512 0.6814810 0.5121612 0.6340436 0.7205760 0.8625817 0.8707725 0.4075994 0.8399407 0.4592858 0.1975319 0.5469003 0.4074800 0.5471258 0.0486416 0.5585147 0.6627069 -0.1141444 -0.2738493 -0.4542651 -0.1936317 -0.1177503 0.5352307 0.6506733 -0.0539076 -0.5359760 -0.1286012 -0.0914418 -0.1753923 -0.1016203 0.4049291 0.1061157 -0.4235453 -0.2056460 -0.1638251
-0.0394059 -0.0748866 0.0811376 0.3091769 0.3087798 0.6360338 0.5473200 0.0456683 0.0000000 0.3567641 0.0454954 0.6473973 -0.0724423 0.6151906 0.7829297 -0.1429443 0.1422363 -0.0780185 0.3456613 0.1416258 -0.0941913 -0.2641223 0.1017120 0.6655077 -0.0360680 0.1362849 0.0320952 -0.1524216 -0.0126470 -0.3299808 -0.1038089 -0.3055479 -0.1875827 -0.1638263 0.0505632 0.0849081 -0.0552787 0.0501010 0.1750678 0.1167126 -0.0905278 0.1853413 0.2135112 0.0550138 0.3328395 -0.0412869 -0.0435291 0.0204709 0.2201945 0.0761916 0.0682399 0.0605155 -0.0066492 -0.0555196 -0.1023505 -0.0511615 -0.1460874 0.0123098 -0.0198279 0.2483080 0.1834332 0.0493732 -0.1183538 0.0641240 -0.1567960 -0.2703753 0.0422899 0.0796802 0.0009333 0.0699207 -0.1013637 0.1483767 -0.0758363 0.0171647 0.0751940 0.0834383 0.0006614 0.0926607 0.2339616 0.1062788 0.0060284 -0.1093199 -0.1403877 -0.2199986 -0.4751050 -0.2945594 -0.2488661 0.0043411 -0.2644735 -0.0200342 -0.3571503 0.0671087 -0.3644996 -0.0773774 -0.1544014 -0.0714364 -0.2172690 -0.4391145 -0.0017403 0.0710209 0.0575247 -0.2072421 -0.0099703 0.4955055 -0.2476139 0.0044058 -0.2310851 0.0144997 -0.1914565 -0.2374528 -0.4469884 -0.2101171 0.2337089 0.0795336 0.0213932 0.0109348 0.1023756 0.2197198 0.1173886 0.1017020 -0.0138402 0.0493278 -0.2164092 0.0979242 0.1957761 0.3848590 -0.0122145 0.0059262 0.3347993 -0.0367516 0.0438162 0.0259426 -0.0743508 -0.0519949 -0.2908455 -0.1048276 0.1443574 0.0127938 0.1441257 0.1881309 0.0007545 0.0578368 -0.0511083 -0.2202237 -0.0092018 0.0282894 -0.0662894 -0.0192360 0.1222776 0.0490864 0.1945663 0.1001462 -0.1704846 0.0368099 -0.2794331 -0.0379611 -0.1123750 -0.1206491 -0.2465295 -0.0464448 0.0385961 0.0899041 -0.1226159 -0.0529006 -0.0921101 -0.1611383 -0.0758126 0.3717842 0.1651442 0.0754415 0.2761813 0.0935652 0.2003470 -0.0206378 0.2150865 0.1366252 0.0528132 0.2176862 -0.0114770 -0.1689682 -0.0251311 0.0170343 -0.0324791 0.0851376 -0.0417662 0.0198131 -0.1380164 0.0414862 0.1323099 -0.0134737 0.0619048 0.2557178 0.3216167 0.1010493 0.2023805 0.2685200 0.3784826 0.2512220 0.0436894 0.3533973 -0.0115295 0.0591743 -0.1894926 -0.1396036 -0.2416086 0.4020345 0.1685090 0.3982173 0.1563577 0.3276899 -0.4372155 0.0996603 -0.4967658 -0.0542508 0.1458990 -0.4239552 0.1851613 -0.0896991
0.4093320 0.4753538 0.4877285 0.7525648 0.5328374 0.6195684 0.6467854 0.5061372 0.3567641 0.0000000 0.5678107 0.3637178 0.2773261 0.5876684 0.2868580 0.4473764 0.7296613 0.0587553 0.6067123 -0.1338241 0.4551509 -0.1650713 0.4949477 0.3747072 0.3892191 0.4631720 0.2809295 0.1877677 0.6158408 -0.0370169 -0.0120231 0.1021312 -0.1130762 0.3454819 0.3004730 0.4345478 0.4533507 0.5247914 0.4259620 0.2287186 0.0834083 0.4586139 0.4639454 -0.0079758 0.5495262 0.4329652 0.4033715 0.4244986 0.2976752 0.6114992 0.3706471 0.2852719 0.3918874 0.2483066 0.3724373 0.3304267 0.3554912 0.4136200 0.3849552 0.5138293 0.3880070 0.1945878 0.2514561 0.5006007 0.5575549 0.0797763 0.4310483 0.4036169 0.3314936 0.2872031 0.3761863 0.4988280 0.3506119 0.5436184 0.3023312 0.4018313 0.2712224 0.3356587 0.5393961 0.4825539 0.3170477 0.2267450 0.0684784 0.0557061 -0.1363783 -0.1607318 -0.0173427 -0.1451648 -0.0347235 0.1217360 -0.0536782 0.0360259 -0.3638486 -0.0712331 -0.0740700 0.3038606 -0.1065860 -0.5636840 -0.0192667 -0.2754168 0.0292331 -0.2807246 -0.0321807 0.0248044 0.0395169 0.0536437 -0.0984064 -0.0188194 -0.1402852 -0.1236034 0.0904588 -0.1487450 -0.1247000 -0.0172056 0.0587735 0.0535877 0.1923771 0.2035538 0.0978703 0.3554561 0.2822467 -0.1420973 -0.1051763 0.1421168 0.3549939 0.2927130 -0.0110724 0.0315803 0.2831200 -0.0321471 0.1234458 0.1430999 0.0403585 0.4430546 -0.1021497 0.1384279 0.3010425 0.1350861 0.0119779 0.3638757 0.3061384 0.1684972 0.3228260 0.3349080 0.1541529 0.3898273 -0.0730315 0.0110129 0.2409202 0.0998808 0.4418647 0.2908141 -0.0487080 0.5185933 0.3445607 0.2463843 -0.0200488 0.2044526 0.1729446 0.1987691 0.2832668 0.2443315 0.1897146 -0.0150779 0.1315668 0.4288166 0.5200087 0.3535581 0.1470579 0.3193545 0.2590747 0.2225238 0.4192679 0.1929718 0.3769021 0.1512819 0.3668517 0.3467662 0.3914456 0.1442953 0.1713624 0.3025385 0.4196665 0.4892151 0.6583628 0.6043229 0.5340682 0.6458162 0.4281567 0.5915899 0.2933092 0.4981460 0.3579893 0.2307182 0.3506191 0.3057817 0.4995905 -0.0510799 0.1813495 0.3114607 0.0380247 0.1046495 -0.0039429 -0.1248825 -0.3210722 0.5463642 0.5424624 0.2570975 -0.2540318 0.0427852 0.1769044 -0.0749757 -0.4124812 0.0709676 0.1639122 -0.3447220 -0.1485906 -0.1824251
0.6846728 0.6180062 0.5302636 0.8058219 0.1796705 0.3161817 0.2853615 0.8938581 0.0454954 0.5678107 0.0000000 0.4141618 0.6456541 -0.0993384 0.1988957 0.8294424 0.7951024 -0.4415012 0.5973258 0.1433420 0.5156517 0.1686407 0.8944645 0.1093547 0.6435182 0.7396309 0.5768910 -0.1988091 0.5362234 0.0610172 0.2760607 0.1287609 -0.4100934 0.2385635 0.8109955 0.5217630 0.6331874 0.5826293 0.7311738 0.3297476 -0.3738833 0.6327136 0.7566883 -0.4603941 0.4723651 0.9078735 0.8137142 0.1401972 -0.0001720 0.8538009 0.8266321 0.5838737 0.3721878 0.5673438 0.7520012 0.7905640 0.6859400 0.7749434 0.5663600 0.7642541 0.6109126 0.5925081 0.4981997 0.8662618 0.5651318 0.4171264 0.7214080 0.8307877 0.7264916 0.8692804 0.7495515 0.8638917 0.7710658 0.7690169 0.8116671 0.8837639 0.7365281 0.7813682 0.8196374 0.8345537 0.7688962 0.2815659 0.2440988 0.3010651 0.2070563 0.2412188 -0.3273101 0.3016974 0.5457136 0.4931439 -0.1681329 -0.4813678 -0.3572347 0.3839367 -0.1808372 0.0477105 -0.1815824 -0.3281781 0.2660203 -0.2506432 0.2401172 0.1668888 0.1490788 0.1364143 -0.1643278 -0.1330777 0.1695487 -0.1073367 0.3140590 -0.1696950 0.1479603 -0.1498801 -0.4396013 -0.2833104 -0.0748794 -0.2646918 -0.1626094 -0.0526028 -0.2085247 0.3643593 0.3051645 -0.3094790 -0.0677845 -0.2682380 0.2886087 0.4883832 0.1973149 0.1390294 0.5010755 -0.0211068 0.1382368 0.3012576 0.3831708 0.3562715 -0.0129495 0.1512457 0.4308520 0.4196512 0.2441293 0.4742760 0.2512642 0.4982659 0.1278465 0.1974910 0.4225770 0.0039010 -0.0115869 -0.0119274 0.2160226 0.3390738 0.3985105 0.3093252 0.1506007 0.1175664 0.0075298 0.0446358 0.1052413 0.0014742 0.2015238 0.3783420 0.0595874 0.4220532 -0.0533243 0.2104805 0.0358091 0.1150542 0.1628874 0.5563748 0.3488992 0.4317379 0.1366750 0.3723040 0.6018607 0.3344339 0.6020867 0.3330160 0.4934536 0.2937867 0.4442383 0.3795319 0.2286724 0.3759841 0.6498110 0.4172607 0.7014759 0.4319484 0.5844379 0.6480747 0.8558734 0.8268596 0.3706027 0.7690068 0.3325350 0.1834294 0.4573120 0.3062711 0.4353688 -0.1018618 0.5849560 0.5440510 -0.0767143 -0.3314061 -0.3750749 -0.2688312 -0.3036955 0.6190788 0.5828640 -0.0649865 -0.5066411 -0.2192394 -0.1171578 -0.1561450 -0.2703645 0.1687696 0.0847395 -0.2682929 -0.1680038 -0.1656008
0.0377795 0.1661031 0.4708912 0.4734129 0.0618496 0.2019830 0.6339342 0.3885529 0.6473973 0.3637178 0.4141618 0.0000000 0.0882548 0.2668214 0.9241183 0.2119055 0.5272065 -0.4508023 0.4409177 0.3029009 0.3325996 -0.0088359 0.3767720 0.8077704 0.4468233 0.4569644 0.3605575 -0.3423326 0.3052079 -0.3586486 -0.0435992 -0.2301577 -0.3062923 -0.0323765 0.2736519 0.4648656 0.2573315 0.3413616 0.3842276 -0.0697088 -0.2794725 0.4966977 0.3869528 -0.3063417 0.4927489 0.3428848 0.2456980 0.0228178 0.1044850 0.2975109 0.2637073 0.1521931 0.1050974 0.1147141 0.1070359 0.2792818 0.0529872 0.3977947 0.2974439 0.4195334 0.4672686 0.1823942 0.0668732 0.5765934 0.3023746 -0.1206211 0.2498134 0.4417863 0.2678851 0.4555345 0.1997256 0.6014728 0.2198946 0.4985453 0.5291208 0.5063818 0.4390195 0.4692100 0.5287272 0.5339165 0.3840199 -0.1820335 -0.2637468 -0.2784324 -0.1402545 -0.2987927 -0.4625381 0.4055643 -0.0276356 0.1919595 -0.3494481 -0.1769068 -0.5253536 0.4618350 0.0611730 -0.2027870 -0.2151444 -0.7675137 0.1557699 -0.2139210 0.2283468 -0.2001927 -0.2999541 0.6869327 -0.4592924 -0.0519880 -0.3464733 -0.3884562 -0.0961998 -0.5168070 -0.3990795 -0.6320328 -0.1954930 -0.2982382 -0.3134535 -0.3456700 -0.2544255 -0.1800399 -0.2247792 -0.2366629 -0.2562783 -0.3339655 -0.3316873 -0.3664751 -0.0029530 0.3997997 0.0492889 -0.0393853 0.2462567 -0.0585029 -0.0522959 0.2317514 0.1984309 0.1466663 0.0384613 -0.3309247 0.2387613 -0.0858654 0.0611208 0.0902625 0.0919868 -0.0463092 -0.0515698 -0.3150382 -0.0554309 -0.3053362 0.0034717 -0.0022587 0.3610059 -0.0392281 0.1098412 -0.2015061 -0.1495746 -0.1074499 -0.3173381 -0.2948436 -0.1650495 -0.1201342 -0.0736608 0.0148130 0.0191263 0.0338514 -0.2735752 -0.1431753 -0.1041898 -0.2863240 0.0875985 0.6693400 0.3088296 0.0518089 0.3547400 0.2711813 0.5259807 0.1949495 0.4459492 0.2147774 0.3095022 0.0806211 0.2726527 -0.0062499 -0.1173685 0.1591215 0.3933806 0.2858209 0.3715690 0.4008884 0.3540940 0.4973411 0.6279670 0.4972574 -0.1794748 0.7044155 0.4077423 -0.2099540 0.0929081 0.0282787 0.1965915 0.2342942 0.3840931 0.3328941 -0.2245068 -0.2344512 -0.4354615 -0.6474398 -0.1144088 0.8232531 0.4387855 0.5908288 -0.3107694 0.1532018 -0.6843608 -0.3637185 -0.5767424 -0.0220465 0.4989820 -0.2718303 -0.1960310 -0.3303630
0.4690252 0.4290149 0.2444612 0.5685202 0.1853057 0.2230909 0.2120924 0.7394430 -0.0724423 0.2773261 0.6456541 0.0882548 0.0000000 -0.0312200 -0.0355613 0.6682620 0.5656499 -0.2728604 0.5217698 0.0038440 0.3976433 0.1798038 0.5169515 0.0207208 0.3101742 0.5805125 0.3230296 -0.0002245 0.4603694 0.1320078 0.5325503 0.1881821 0.0591414 0.3828707 0.4648902 0.3729052 0.5097050 0.5403566 0.4791144 0.2461674 -0.1023579 0.5923453 0.4378802 -0.2301003 0.3971183 0.6687693 0.5364591 0.2007103 0.1184754 0.6475272 0.5260752 0.4168341 0.2218601 0.4206704 0.8294842 0.7936173 0.6196865 0.4864551 0.3974962 0.4224898 0.5359155 0.2730190 0.7692201 0.5556803 0.3717758 0.5006411 0.3744584 0.4227348 0.7014163 0.4551291 0.5616139 0.5350587 0.5710491 0.4610152 0.6115856 0.5873261 0.5928601 0.6702732 0.6911615 0.7151301 0.6207918 0.5127755 0.6612424 0.6579283 0.4208132 0.5598247 0.0117705 0.2278364 0.5421351 0.2880121 -0.1593450 -0.4375955 -0.2545889 0.2987322 -0.2547678 -0.1473157 -0.3005054 0.0392211 0.1713451 -0.1284865 0.2054376 0.3306554 0.3826124 -0.0094312 -0.0783746 -0.2933533 0.3346962 0.2451617 0.1147173 0.2230273 0.1108051 0.1516214 -0.1377454 0.1392242 0.2720752 0.0132812 0.0730773 0.0365550 0.0551905 0.4589439 0.5217580 0.0632251 0.0799311 0.0391480 0.6484939 0.2647208 0.3842805 0.1576500 0.5841872 0.2307294 0.4958293 0.1418585 0.3493871 0.1421684 -0.0732087 0.1897700 0.5022661 0.6085653 0.4748154 0.1771642 0.1749596 0.2953823 -0.1385596 0.0089293 0.4503695 0.0576965 0.2186612 0.2296741 -0.0932466 0.0942524 0.2573093 0.1615707 0.4004075 0.0234908 0.2661134 -0.0966320 -0.0432489 0.2428234 -0.1378358 0.0952610 0.3944901 0.3495744 -0.1911191 0.0163307 0.3334023 0.0163385 -0.0146198 0.3323853 0.0467651 0.2985444 0.1830015 0.3511735 0.4418714 0.1416208 0.2525554 0.3461496 0.4196339 0.2435601 0.3601595 0.4291005 0.1562290 0.0666708 0.2411309 -0.0479495 0.2534362 0.1929261 0.2803233 0.3364225 0.5049153 0.6152916 0.3608591 0.5767782 0.2575132 0.2162511 0.3218865 0.3416890 0.2281062 -0.0869701 0.5908419 0.4068593 0.0407022 -0.0944838 0.0331003 0.2177388 0.0355384 0.2158986 0.1349601 -0.3890931 -0.3522141 -0.0404072 0.3194300 -0.2005372 0.1071415 0.1184389 -0.3582784 -0.6585103 -0.3691775 -0.2009211
-0.0190711 -0.1163989 -0.0887026 0.1685780 0.5357237 0.6129866 0.5228677 -0.0692471 0.6151906 0.5876684 -0.0993384 0.2668214 -0.0312200 0.0000000 0.3866161 -0.1745156 0.3152021 0.1768146 0.4577478 -0.0951878 -0.1276967 -0.3921752 -0.0540921 0.5220998 -0.0033002 0.1125764 -0.0465641 0.3583133 0.1178016 -0.1533670 -0.0396831 0.0095219 0.1921631 0.0025104 -0.1538264 -0.0749304 0.0370470 0.2816982 0.1079305 0.0124433 0.3074754 0.2394552 0.1011578 0.2292122 0.4116307 -0.0987134 -0.1181711 0.3809721 0.1471510 0.1462850 -0.1307853 -0.1554209 -0.1814948 -0.3653323 0.0498786 -0.0181131 -0.0674490 -0.2172866 0.1655364 0.0818396 0.1964888 -0.3600399 0.1491449 -0.1061462 -0.0904349 -0.1176022 -0.1029860 -0.1381681 0.0773045 -0.3247846 -0.1656191 -0.0552031 -0.2524858 -0.0865708 -0.0939377 -0.1176929 -0.0664994 -0.0556542 0.1937413 0.0794229 -0.1553480 0.1758508 0.1142950 -0.0204853 -0.3484600 -0.2073940 0.1961272 -0.3027024 -0.3886525 -0.0883758 -0.1536128 0.2077134 -0.1405012 -0.2935631 -0.0920193 0.2108659 -0.2652362 -0.3492031 -0.1774481 0.0821503 0.1492259 -0.2814445 0.1613484 0.2641781 -0.0265273 0.2505910 -0.0780829 0.3760690 -0.3884622 0.1098383 -0.2034518 0.0216330 0.5667645 0.4929701 0.2415810 0.4928823 0.4944850 0.3743668 0.4601617 0.1555239 -0.0187873 0.1405091 0.0421251 0.4790535 0.3716188 0.0094521 0.2213786 0.2037302 0.1871145 0.2208465 0.2996867 0.1222801 0.0967203 0.2082672 -0.1043213 0.1933077 0.2983611 0.0734836 0.1939584 -0.0239539 0.2667799 -0.1670316 0.3047130 0.1493839 0.0184097 0.4556910 0.1416191 0.2087511 0.2551115 -0.0442540 0.2301718 0.1429362 0.0716305 0.5305045 0.3690503 0.2134546 -0.0623177 0.2272993 0.0256051 -0.1235140 0.4759610 0.1685975 0.2074363 -0.1684617 0.3927942 0.1728409 0.3668316 0.1747072 -0.0872932 0.0269810 0.3547936 0.0631914 0.0261391 -0.1041846 -0.0584569 -0.1920999 -0.1492484 0.1347078 -0.1269538 -0.3167321 -0.0718975 -0.0887959 0.0209655 0.1201047 0.1371426 0.0908797 0.0925460 0.1972561 -0.0672406 0.0267415 0.0517560 0.0138719 0.0918011 0.1639742 0.1051850 0.2037006 0.2563185 -0.0924722 -0.2456617 0.0579405 -0.2020148 0.1743724 0.2258459 0.0754047 -0.2008832 0.2028853 -0.0245816 0.2164483 -0.1063035 0.0464671 0.1058007 -0.1655483 -0.3759794 -0.1189831 -0.1273217 -0.5077431 -0.2716654 -0.3856946
-0.1456676 -0.0705901 0.2353856 0.3096588 0.0560567 0.2191589 0.5765990 0.1554031 0.7829297 0.2868580 0.1988957 0.9241183 -0.0355613 0.3866161 0.0000000 0.0374409 0.3847628 -0.2964106 0.4209682 0.4203097 0.0949740 0.1130927 0.2252760 0.8467208 0.3646907 0.3934331 0.2953280 -0.3560936 0.1282598 -0.4481810 -0.0185004 -0.2531867 -0.3414667 -0.1695638 0.1522649 0.2791428 0.1770832 0.2418318 0.2579702 -0.0952036 -0.1923650 0.3596606 0.3021364 -0.3021228 0.3615554 0.1363990 0.1121957 0.0571652 0.0070272 0.0965823 0.1380505 0.0216669 -0.0365729 -0.0352949 -0.0321539 0.1214677 -0.0566155 0.1573448 0.1748626 0.3079060 0.3684308 0.0645452 -0.1134349 0.3890935 0.1023053 -0.1866590 0.1018960 0.2669149 0.1207698 0.2731211 0.0526337 0.4040559 0.0596656 0.2739003 0.3856454 0.3278380 0.2790522 0.3573510 0.3632392 0.3463075 0.2175643 -0.3074670 -0.3097974 -0.3507707 -0.2557179 -0.3682205 -0.4565177 0.3896470 -0.1676103 0.1349577 -0.4821178 -0.0599006 -0.5536815 0.3722222 -0.0052762 -0.2786930 -0.3535881 -0.7597669 0.0394252 -0.1224902 0.1537622 -0.2758265 -0.2508036 0.7731850 -0.5812263 -0.0853646 -0.4117977 -0.3208859 -0.2569458 -0.4958896 -0.6386638 -0.5967325 -0.0115930 -0.1607170 -0.2285858 -0.2315371 -0.1375213 -0.0525713 -0.0935113 -0.3214488 -0.3119118 -0.1764395 -0.3959724 -0.2432387 0.0508829 0.2332715 0.0364320 -0.0446331 0.1777999 0.0171539 -0.0422487 0.1330727 0.1379167 -0.0150617 -0.1400038 -0.3666851 0.2180741 -0.2122456 -0.0073669 -0.0498181 -0.0215226 -0.2342253 -0.1474471 -0.4361465 -0.1424816 -0.2834636 -0.0617545 -0.0604506 0.2075653 -0.1930100 -0.0367737 -0.2423390 -0.3092962 -0.1469974 -0.4234838 -0.2956972 -0.3096599 -0.1521667 -0.2363140 -0.1803953 0.0027267 -0.1539681 -0.3137192 -0.2872352 -0.1715513 -0.2912818 -0.0409074 0.4905790 0.1291751 -0.1394335 0.3028744 0.0407504 0.4124702 -0.0283699 0.2874646 0.0770832 0.1313383 -0.0809743 0.0720931 -0.2340091 -0.2809488 -0.0554996 0.1969235 0.1053872 0.1237934 0.2398118 0.0708819 0.2586580 0.3922834 0.2500627 -0.3006324 0.4916060 0.3464728 -0.2702766 -0.0770634 -0.0274522 0.1215236 0.2562451 0.1866333 0.1981057 -0.2105392 -0.1034354 -0.3714071 -0.6053151 -0.1466349 0.6284614 0.2551103 0.6553162 -0.1471375 0.2268666 -0.6944724 -0.2811431 -0.6275781 -0.1832359 0.4533145 -0.3574544 -0.1291205 -0.2844960
0.4342037 0.6612459 0.4380468 0.6121135 0.0636803 0.1527184 0.2645104 0.7657447 -0.1429443 0.4473764 0.8294424 0.2119055 0.6682620 -0.1745156 0.0374409 0.0000000 0.6730059 -0.1434573 0.6799988 0.0561539 0.4818561 0.3210274 0.8832025 -0.0480770 0.7155698 0.8150014 0.6340679 0.0345959 0.5846910 0.2148764 0.1909490 0.3945266 -0.3588298 0.2477264 0.7218677 0.3811432 0.8263826 0.6942509 0.6260318 0.2257922 -0.1280214 0.4209860 0.6754776 -0.4975982 0.0981055 0.8698295 0.8662999 0.3097697 -0.1774084 0.8234424 0.8122015 0.5600546 0.2703365 0.6265847 0.8262565 0.8331048 0.8362778 0.6879025 0.4938394 0.7082124 0.3882610 0.5679289 0.4943712 0.6928541 0.4706705 0.6102038 0.7140126 0.6981862 0.7233118 0.6892953 0.8569376 0.7203409 0.8435314 0.6187876 0.7909130 0.8104062 0.7573488 0.8232115 0.7363299 0.7811930 0.7499110 0.2810549 0.3038498 0.4474617 0.4246015 0.2565621 -0.1026096 0.2997235 0.4793168 0.4761058 0.0094016 -0.2751384 -0.4876238 0.3206829 0.0357061 0.2004981 -0.1947075 -0.2337471 0.2893713 -0.2731044 0.1787899 0.1054204 0.1512067 -0.0238625 -0.1802507 -0.0267008 0.1684761 -0.1046366 0.1598342 -0.0451926 0.1621026 -0.1275576 -0.4561037 -0.0908680 0.1216100 -0.0570580 0.0635516 -0.0124992 -0.0047950 0.2119303 0.3680339 -0.0518391 -0.0502880 -0.0919551 0.3805656 0.1302574 0.1894340 0.0919101 0.3225657 0.2235290 0.2851429 0.2533452 0.4387280 0.1489775 0.0261516 0.1372523 0.5409618 0.2635993 0.2849721 0.2282207 0.2512855 0.2661875 0.0519861 0.0749554 0.4198341 0.0372127 -0.0633511 0.0153122 0.0735493 0.1067748 0.3299468 0.2112621 0.0277587 0.0777930 0.0951369 -0.0339419 -0.1089463 0.1213679 0.0976936 0.2191123 0.2057874 0.1362481 -0.1450478 0.0091439 0.0827154 0.1896174 0.1356874 0.3918204 0.0867239 0.1729561 0.1108311 0.2098595 0.3757498 0.1888642 0.6239630 0.3201927 0.4345441 0.0711670 0.3456460 0.2686852 0.0315177 0.1836650 0.5485528 0.3380944 0.4803146 0.2598509 0.3216373 0.4467972 0.6218746 0.6659613 0.1449980 0.5774726 0.1432767 -0.0758345 0.1069583 0.0717529 0.1270066 -0.2021859 0.5311740 0.2686715 -0.0338714 -0.3068007 -0.2668585 -0.1500068 -0.2378659 0.4674051 0.3809033 -0.0129550 -0.4935515 -0.3201147 0.0640865 -0.2057628 -0.1415319 -0.0087053 0.1063844 -0.2193793 -0.0672534 0.0608931
0.3634277 0.3822451 0.4141917 0.6516413 0.2730751 0.2300103 0.3891307 0.6839757 0.1422363 0.7296613 0.7951024 0.5272065 0.5656499 0.3152021 0.3847628 0.6730059 0.0000000 -0.4190038 0.7017492 0.1563260 0.3900664 0.1740353 0.7126691 0.3847257 0.7108451 0.7681120 0.6289114 -0.0167945 0.5299727 -0.0179812 0.2461415 0.2504893 -0.2264307 0.1911394 0.5402069 0.3665732 0.6842441 0.7324011 0.7238111 0.1893235 -0.1800475 0.6824623 0.6570704 -0.3280438 0.5734482 0.8024312 0.6948829 0.3227230 -0.0201465 0.8030964 0.6002023 0.3907844 0.1575077 0.3397847 0.6977461 0.7613393 0.6365549 0.6648248 0.6451975 0.6665846 0.6587509 0.3440923 0.4931752 0.8429266 0.5673869 0.4090625 0.5867266 0.7251778 0.6909199 0.6196493 0.6577809 0.7602757 0.5972048 0.6919074 0.7687174 0.7771939 0.7309763 0.7529654 0.8436631 0.8660211 0.7085569 0.2690441 0.2682763 0.2631984 0.2119948 0.1147728 -0.2254910 0.3019211 0.3757876 0.4894358 -0.2649442 -0.2975483 -0.3343000 0.3998140 -0.1056738 0.0237609 -0.3685632 -0.5862863 0.1224764 -0.2435820 0.3648160 -0.0261505 0.1220783 0.2712521 -0.3188548 -0.1083621 0.0766811 0.0211121 0.0669661 -0.0897166 -0.0426158 -0.2172428 -0.1170670 -0.0276235 -0.0290436 -0.0133231 0.0577316 -0.0110489 0.0330641 0.1066440 0.1204111 -0.2483609 -0.0290141 -0.0800284 0.3776541 0.1752866 0.3096726 0.2688345 0.3634701 0.2019165 0.2938128 0.3990775 0.4654175 0.3984900 0.1005488 0.1655037 0.5529124 0.2503703 0.2495141 0.1409845 0.4079629 0.0985015 0.3042347 0.1954530 0.3600834 0.1870248 0.2127762 0.2025403 0.4002773 0.1311758 0.3200084 0.1953005 0.2154813 0.3877480 0.2680838 0.0620030 0.0030280 0.3599257 0.2506422 0.1490794 0.4385120 0.3239193 0.0483361 -0.0600317 0.3480619 0.2367095 0.4565166 0.6017596 0.1837281 0.2442751 0.4165355 0.3830174 0.5953412 0.1176699 0.3057264 0.0170818 0.2658967 0.0998145 0.2211502 0.0026054 0.0119105 0.1738613 0.6352978 0.3480641 0.6900187 0.5027027 0.6177933 0.7271119 0.6967948 0.8143893 0.0455612 0.6753927 0.2404636 0.0309125 0.1794955 0.1243448 0.2099186 -0.1821387 0.4281009 0.2181043 -0.3225383 -0.1584573 -0.0616188 -0.3896541 -0.2936028 0.6976585 0.4285832 0.1391565 -0.6331647 -0.1065047 -0.0243706 -0.3833079 -0.4883034 -0.0816013 0.1508131 -0.4111397 -0.4888164 -0.4614081
