0.0000000 0.7950745 0.6015822 0.3271433 -0.0601705 0.1778263 0.2843970 0.1217896 0.3937801 0.1360340 -0.0233908 0.5772634 0.0670251 0.0078884 0.6284855 -0.2003077 -0.2567496 0.1528488 -0.0877374 0.1265157 0.4261992 0.2941737 -0.2014720 0.5975496 0.1179432 -0.2286551 -0.1668505 0.2688736 0.3975399 0.4048227 0.2534081 0.0846811 0.3317912 0.3945914 -0.2695869 0.2798368 -0.0966581 0.2586359 -0.1997928 0.0424005 0.1083862 0.2869796 -0.2750807 -0.1661357 0.2239365 0.1384597 0.0633284 0.1420810 -0.2186968 0.2505946 -0.0317461 -0.3319938 0.0133916 -0.4385011 0.0895102 0.1747618 0.0624731 -0.3242886 0.2305747 -0.0235948 0.0890889 -0.1753154 0.2141517 -0.1140139 0.0933631 -0.0252109 0.1311611 -0.2548240 0.0311530 -0.1321650 0.1612551 0.0901037 -0.0956924 -0.0869664 0.1905253 -0.0542254 -0.0263575 0.1726584 0.0763254 0.1684486 0.0554652 0.0199321 0.3330718 0.1433154 0.1108695 0.0481048 0.6116050 0.0729827 0.3562138 0.4069104 0.4320779 0.1748887 0.5276253 0.2527366 -0.1418996 -0.3423904 0.3369012 0.3825217 0.1404777 0.2293845 0.3182300 0.2389658 0.2965269 0.2907861 0.4771442 0.0876835 0.4603921 0.5044363 0.6598377 0.3227292 0.4595995 0.5637200 0.4470572 0.2574095 0.5605596 0.2401630 0.3962208 0.4945671 0.3448379 0.6182908 0.6913402 0.5078816 0.7456203 0.0976602 0.4840060 0.6154271 0.4142304 0.6401150 0.6016114 0.2954372 0.6122468 0.5349269 0.5712303 0.0119055 0.6660803 0.5564252 0.6467092 0.6410766 0.7077216 0.5157217 0.5416767 0.5260401 0.6003564 0.5861576 0.6592781 0.2189904 0.6957720 0.6347148 0.4349917 0.6115750 0.7132485 0.5524716 0.6698061 0.5726635 0.2361963 0.4453717 0.5583563 0.6907573 0.3457087 0.6812559 0.4791226 0.6093985 0.0336687 0.6998621 0.5948524 0.5455642 0.4508145 0.4779946 0.0893103 0.4449789 0.4584736 0.0349888 0.2725615 -0.3803289 -0.0474261 0.0551253 0.2977786 0.0448052 0.3604815 0.4334372 0.2493471 0.5427521 0.4265111 0.5994488 0.1939746 -0.2122045 -0.3528807 -0.3942135 -0.2223623 -0.1727326 0.3473453 0.0375480 -0.2989521 0.3112724 0.4825928 0.2623334 0.3085190 -0.2745084 -0.1293424 0.6121001 -0.2631147 -0.4995333 0.0957454 0.2150523 0.2713684 0.1030796 0.5904763 -0.2478764 -0.1578421 -0.4607149 0.2269509 0.2682292 0.3115104 0.2782969 0.3274904 0.1531477 0.0197658 -0.0900788
0.7950745 0.0000000 0.5863862 0.6812607 -0.2400177 0.5717515 0.3738758 0.3868402 0.7443014 0.5566750 0.3404969 0.8054785 0.1503107 0.2986451 0.8377253 0.1304748 0.0718961 0.2924066 0.0511118 0.0459209 0.7157825 0.2848302 0.0584363 0.8025572 0.1391507 0.0286271 -0.2228421 0.5776980 0.7175202 0.5462999 0.1755810 0.1034387 0.4609988 0.7636400 -0.0177077 0.5406863 0.0111095 0.2067782 -0.0255418 0.2042306 0.0113136 0.5764527 -0.0769994 0.0882301 0.6031594 0.2645351 0.1912677 0.0057445 0.2316780 0.1892045 0.0715433 -0.1094005 0.5199219 -0.1553188 -0.0901434 0.3086639 0.1358748 0.0557924 0.2505524 0.1003580 0.4967288 0.0977099 0.0263046 0.3701052 0.5449136 -0.0625664 0.2993913 0.0415948 0.1837442 0.2915258 0.1170608 0.5787501 0.2215797 0.2535781 0.2172547 0.3709598 0.3378186 0.1010092 0.2559728 0.0623033 -0.0635488 0.2527649 0.4249193 0.3261802 0.2873587 0.3463390 0.6470895 0.2580557 0.3419381 0.4904815 0.4594244 0.2262346 0.6144397 0.2149787 -0.0103412 -0.2361620 0.4878554 0.5689877 0.1904581 0.3284368 0.4242903 0.3793308 0.5146746 0.3021863 0.6163641 0.1440163 0.5243042 0.4986607 0.5841265 0.3922026 0.4909856 0.5858140 0.5158196 0.2594822 0.5299166 0.1873420 0.2917687 0.4992924 0.2473709 0.5821561 0.6343558 0.5403006 0.5996353 0.4106051 0.3629044 0.4121080 0.5928095 0.4717292 0.4162314 0.5102501 0.5570348 0.4229616 0.5979650 0.2773040 0.5811459 0.4828944 0.5052661 0.5148720 0.4728451 0.5163868 0.5602985 0.5143815 0.3027916 0.4317857 0.5801825 0.4488678 0.5983262 0.5623438 0.3359592 0.5805485 0.5251530 0.4706823 0.6587204 0.6229620 0.4698108 0.4093443 0.4750153 0.6694826 0.2771343 0.4686583 0.6396017 0.6270594 0.3349105 0.5715376 0.6851116 0.5867185 0.5985373 0.5879133 0.3831454 0.5752166 0.6732722 0.3546798 0.0218801 -0.5663491 0.0894280 0.1633372 0.3244858 -0.1270555 0.5121082 0.4647711 0.1465337 0.5318034 0.5536634 0.4194563 0.0726893 -0.1633734 -0.5987030 -0.5090945 -0.3157236 -0.1197190 0.3677674 0.0113034 -0.3889128 0.2307825 0.3145380 0.1393767 0.2236566 -0.2745785 -0.3869433 0.4552721 -0.3221513 -0.3571826 0.2072543 0.1345140 0.2458279 -0.1754750 0.4835801 -0.2047655 -0.2194823 -0.4864961 0.3667210 0.2595037 0.0989429 0.3777542 0.4364813 -0.0863855 -0.1268510 -0.2032266
0.6015822 0.5863862 0.0000000 0.4351137 0.5004999 0.1107636 0.0465095 0.4037721 0.2309596 0.2169129 0.2833727 0.2999330 0.6407692 -0.0499543 0.4215724 0.1702570 -0.0344580 0.0909991 0.1440429 0.4326732 0.1535326 0.2974379 0.3308647 0.2943049 0.0013972 0.0824298 0.0587996 0.2004054 0.2317200 0.4510125 0.6225205 0.2044789 0.1993901 0.2724898 0.1965945 0.1067008 0.2132603 0.4589100 -0.0030954 0.0458944 0.4462455 0.2720430 0.1706617 -0.0073393 0.4219539 0.4834621 0.4429520 0.4247738 -0.0710878 0.2821216 0.3507733 0.0097965 0.1069722 -0.1904436 0.3928701 0.5545652 0.4828519 -0.0699644 0.6009791 0.3579317 0.4817381 0.2074806 0.7199778 0.1298791 0.1338654 0.4410299 0.4051352 0.0095596 0.5525546 0.1559043 0.5000211 0.2493701 0.1467299 0.2162608 0.5741568 0.1739043 0.1856952 0.4938422 0.5245457 0.6255456 0.4567979 0.0827912 0.4810457 0.1940027 0.4419533 0.1890257 0.2703279 0.3779542 0.1862726 0.3783045 0.1002507 -0.2179786 0.4383368 0.2413716 0.1862565 -0.4129030 0.0586869 0.2856772 0.3857504 -0.0588759 0.3255275 0.2496770 0.2592161 0.3959254 0.2751884 0.2448307 0.4622321 0.2680631 0.3019354 0.4429789 0.5177492 0.3069278 0.4289604 0.2043525 0.3161411 0.2210645 0.2892811 0.1639126 0.2410790 0.2384184 0.5158441 0.2685230 0.3849190 0.3691913 0.2520908 0.0998268 0.2706380 0.1285693 0.2700940 0.2154934 0.3636099 0.0292623 0.1663720 0.1005141 0.1731195 0.0683528 0.1678335 0.2781682 0.2431468 0.1678042 0.0585835 0.2365512 0.3813534 0.1292283 0.1730813 0.2078925 0.2259053 0.1194675 0.3917287 0.3419491 0.3815216 0.2077094 0.2912504 0.2447240 0.0643816 0.2012016 0.5603505 0.2105149 0.4935971 0.3210685 0.2036026 0.3999962 0.0817892 0.3927061 0.2821687 0.1980836 0.2077858 0.4566360 0.3171004 0.4395752 0.3440893 0.2737343 -0.3963021 -0.5534464 -0.1178909 0.0519737 -0.0647150 -0.2182646 -0.0988341 0.1028322 0.1119040 0.1607556 0.5134621 0.1957635 0.3422015 0.0398934 0.0135513 0.0097479 0.1884880 0.1877726 -0.0469110 0.4393352 -0.1011678 -0.1922680 -0.1007289 -0.3578472 -0.1318595 -0.3537110 0.0810594 0.0937179 -0.4298896 -0.5417991 -0.4221450 -0.1565289 0.4389444 0.2752505 0.1792511 -0.2982877 -0.3080223 -0.5328238 -0.3209391 -0.1387887 0.4646248 0.0754959 0.1186700 -0.0359052 -0.4766455 -0.5043765
0.3271433 0.6812607 0.4351137 0.0000000 -0.2665466 0.8786861 0.3561830 0.8929943 0.8374732 0.8386561 0.8555394 0.6680895 0.4977204 0.6018172 0.5535009 0.7256266 0.5365554 0.2733791 0.6109677 0.0777794 0.8453626 0.5595529 0.4682874 0.5992580 0.4864512 0.5761702 -0.0385918 0.4806891 0.8696573 0.5820492 0.3881216 0.2694326 0.2220098 0.7487851 0.2839551 0.8102853 0.1834118 0.3980882 0.4423300 0.3855723 0.1477997 0.8825326 0.2666278 0.0565284 0.8382773 0.4039580 0.3257158 -0.0495897 0.3982640 0.4474695 0.2175999 0.2105816 0.7138509 0.2042890 0.0051094 0.5380556 0.3158586 0.4174024 0.3865024 0.2546301 0.7310235 0.6095627 0.0392769 0.7193772 0.4947489 0.1167681 0.6814037 0.5842324 0.4050007 0.8130724 0.3389132 0.8340257 0.7534755 0.4536760 0.4502970 0.8332471 0.5064159 0.3226063 0.5638379 0.2075449 -0.0909465 0.6397607 0.7102407 0.6586395 0.5774645 0.5936995 0.6218252 0.4235816 0.3181899 0.6636700 0.4319304 0.1715706 0.6104744 0.3673404 0.1004167 -0.0707210 0.4094484 0.7002484 0.3484148 0.6113697 0.6455709 0.5141078 0.6139493 0.5689732 0.6655328 0.4594530 0.6419807 0.5607625 0.5607645 0.6124236 0.5832145 0.6805011 0.6022152 0.2980402 0.5551561 0.3332389 0.2950820 0.5338225 0.2739615 0.5662289 0.5677634 0.3932974 0.3738183 0.6950985 0.5140418 0.3376669 0.7564425 0.2771780 0.4662587 0.7750435 0.6144202 0.3703427 0.5957421 0.5828268 0.4121297 0.3301876 0.3851667 0.4689944 0.2651318 0.5856073 0.4825001 0.5677061 0.0152936 0.0535745 0.4017364 0.5648647 0.4264909 0.4057550 0.4013908 0.5186126 0.2932597 0.2851897 0.5031704 0.6368014 0.5799309 0.3826104 0.4612867 0.4812751 0.3957206 0.1048204 0.7083861 0.6304775 0.6224320 0.3584237 0.6737519 0.5312322 0.5960767 0.7621569 0.7292014 0.7825562 0.8196745 0.7386495 -0.3374650 -0.4759520 0.1613845 0.3205126 0.1663024 -0.0594063 0.4639247 0.5244482 0.2797882 0.5212579 0.6401865 0.2816048 -0.0270749 -0.1925057 -0.6337464 -0.4127744 -0.1604721 0.1121689 0.2077533 0.0044522 -0.3366223 -0.0254321 0.1409698 0.0246296 -0.0102001 -0.2461830 -0.4785989 0.2511058 -0.4922361 -0.3338495 0.0932237 -0.0956878 -0.2391993 -0.5239162 0.0610818 -0.4142459 -0.4450611 -0.4717348 0.3642673 0.1663111 -0.2217004 0.1822725 0.3780001 -0.3563061 -0.2751548 -0.5556831
-0.0601705 -0.2400177 0.5004999 -0.2665466 0.0000000 -0.5036743 -0.2308691 -0.0468439 -0.5376892 -0.3825493 -0.0949138 -0.4236854 0.5785847 -0.4114014 -0.2714099 -0.0776596 -0.1409203 -0.0773897 -0.0869272 0.6289661 -0.5434273 0.0113965 0.3297199 -0.2515776 -0.3083093 0.0781911 0.4675510 -0.1261681 -0.4518317 -0.0377693 0.5225204 0.0300064 0.1330221 -0.3460648 0.3147746 -0.4625063 0.2099803 0.2473681 -0.0351776 0.0270564 0.5062593 -0.3814293 0.2947507 0.2243180 -0.2009858 0.2709992 0.2167198 0.5277699 -0.0953113 0.0710121 0.2860828 0.1609396 -0.3441819 -0.0371518 0.4966857 0.2553833 0.2799034 -0.1360327 0.5132784 0.2801205 0.1604901 0.0694271 0.6864392 -0.1878847 -0.1337987 0.4547849 -0.0090990 -0.1265249 0.4253015 -0.1702217 0.3014966 -0.1656138 -0.1767713 0.2591330 0.3622990 -0.2228766 0.1223959 0.3188847 0.3119123 0.7157996 0.5540303 -0.3270564 -0.0993166 -0.2963237 0.0654257 -0.3314908 -0.5216546 0.0349828 -0.2360620 -0.2418537 -0.4838152 -0.5338905 -0.4182314 -0.1921450 0.1159740 -0.2870397 -0.6004873 -0.5351251 -0.1053028 -0.5373313 -0.2975641 -0.3842616 -0.4075183 -0.0331434 -0.5412211 -0.1411780 -0.2556343 -0.4213316 -0.5072991 -0.1891918 -0.2289882 -0.5040174 -0.2453293 -0.1937590 -0.4357837 -0.1238693 -0.1452901 -0.4832761 -0.0967774 -0.4951857 -0.1695072 -0.3528936 -0.3024382 -0.1019947 -0.2981323 -0.3877251 -0.4309789 -0.4715138 -0.3052254 -0.4944902 -0.3760706 -0.5144958 -0.5646404 -0.2522536 -0.4256318 -0.5574002 -0.4820772 -0.3316079 -0.3363423 -0.5032823 -0.6266821 -0.4647712 0.0998357 -0.3982661 -0.4764868 -0.3319731 -0.4524155 -0.5544054 0.0986671 -0.3958019 -0.2666087 -0.3246285 -0.4580123 -0.5246050 -0.5474718 -0.3085453 0.0694274 -0.5206446 0.2232751 -0.1955784 -0.5178877 -0.3905419 -0.2660730 -0.1927986 -0.4702832 -0.4745247 -0.3953888 -0.1201353 -0.0261633 -0.2701111 -0.3534183 -0.0851971 -0.3546405 0.1081536 0.0325805 0.0968344 -0.1335319 0.1231584 -0.4625433 -0.2943060 -0.0306399 -0.3845319 0.0216461 -0.2699334 0.5071789 0.5426965 0.7991384 0.7442767 0.7749312 0.5948508 -0.4629013 0.7338477 0.5560017 -0.3810940 -0.4858669 -0.4847721 -0.2235790 0.1535628 0.6364799 -0.3415670 0.1140271 -0.0354004 -0.5419338 -0.1451895 0.5514230 0.6983629 -0.0357885 0.2133128 0.1148119 0.1016869 -0.7478960 -0.2772775 0.7147004 -0.0460265 -0.0908457 0.1774591 -0.1500208 -0.0333065
0.1778263 0.5717515 0.1107636 0.8786861 -0.5036743 0.0000000 0.4505382 0.7518676 0.8876359 0.8382550 0.7759570 0.7728822 0.2662336 0.5974095 0.5260300 0.6907466 0.5625014 0.2653232 0.5628315 -0.0727697 0.8710983 0.4470399 0.2776536 0.5538724 0.4842981 0.5655000 -0.1274179 0.4724413 0.8445082 0.4032898 0.2167677 0.2971689 0.1159309 0.7502833 0.2677962 0.7254077 0.2563573 0.1203297 0.3129158 0.2861432 -0.1078021 0.8281658 0.2217112 0.0013991 0.8041257 0.2458710 0.3114061 -0.3339938 0.4584750 0.2792656 0.2356369 0.2569862 0.7743799 0.3271762 -0.2601933 0.3108509 0.2513418 0.3883087 0.1694253 0.2724611 0.6779124 0.5979745 -0.1975363 0.7108374 0.6485699 -0.0914434 0.6020365 0.5505739 0.1825898 0.7856521 0.1465641 0.8640165 0.7147496 0.4914856 0.1876533 0.8183292 0.6005812 0.1055025 0.4016017 -0.0628056 -0.2326281 0.6052715 0.5478024 0.6782963 0.4177338 0.6272054 0.6247877 0.2589670 0.3403465 0.5966715 0.4865745 0.3145607 0.4650368 0.2006849 0.1408778 0.1088633 0.4855173 0.6720804 0.2977774 0.6017544 0.5657956 0.4937570 0.5613695 0.3674983 0.6695420 0.3987928 0.4529185 0.4415259 0.4985708 0.3750800 0.4291121 0.6200815 0.4410083 0.0841064 0.4099145 0.1565819 0.0659988 0.5297767 0.0970822 0.5018065 0.3016671 0.1891028 0.2482842 0.6580554 0.4179736 0.3161875 0.7072499 0.2391208 0.3598499 0.8043796 0.5151444 0.3239251 0.6476608 0.7287106 0.3300371 0.3501915 0.3664564 0.4066771 0.1942817 0.6476629 0.5220928 0.5471678 -0.1412538 0.0569054 0.4186206 0.6313323 0.4219703 0.4462806 0.2051411 0.4828302 0.2258909 0.3202225 0.5236756 0.6087417 0.7054449 0.3669302 0.2086892 0.4851345 0.1540817 0.0586383 0.6842806 0.5690409 0.7054233 0.2828281 0.6520847 0.5682300 0.6830921 0.6181095 0.7088776 0.6783565 0.7535343 0.7165215 -0.1610211 -0.3127873 0.2722845 0.3833554 0.2813334 -0.0506875 0.5122486 0.3857565 0.0867109 0.3541628 0.4830382 0.0699710 -0.2330507 -0.0949414 -0.7034855 -0.4450850 -0.2452598 0.0567987 0.3335666 -0.1347702 -0.2756804 0.1749825 0.2462873 0.2374897 0.1422003 -0.0305868 -0.4850339 0.2802751 -0.2952464 -0.1698621 0.3512427 0.1127170 -0.3239078 -0.6801520 0.0449265 -0.1760728 -0.2882496 -0.2114185 0.5965740 0.3837441 -0.3442403 0.3632569 0.5275190 -0.2842794 0.0264775 -0.3338274
0.2843970 0.3738758 0.0465095 0.3561830 -0.2308691 0.4505382 0.0000000 0.0969093 0.4698849 0.1323295 0.1083273 0.7010526 -0.1644818 0.0795295 0.4123161 0.0612476 0.0929086 -0.0266737 0.1335707 -0.1350359 0.6005295 -0.1573139 -0.1711975 0.4386280 -0.1512959 0.0261496 -0.0596594 0.1443549 0.4864685 0.1490937 -0.0154748 -0.1227701 0.1502594 0.2552635 -0.0682402 0.4153401 0.0141312 -0.2007074 0.0981722 0.4265959 -0.3361340 0.4187866 0.0441807 -0.0093301 0.2125989 0.0323593 0.1438701 -0.3769985 0.0728856 -0.1769326 0.1056878 0.1428063 0.1496844 0.0326497 -0.4548398 -0.0078480 -0.0097692 -0.1219177 0.3658564 0.0743184 0.3434553 0.0569788 -0.2160804 0.0556229 0.4979112 -0.3502774 0.0457201 -0.1493658 -0.0769551 0.1241426 -0.3271190 0.4454599 -0.0558554 0.4881781 -0.1698554 0.1338895 0.5152050 -0.3864357 -0.1418068 -0.2612611 -0.4160170 0.2898625 0.1723352 0.3716485 0.0402462 0.0658588 0.2851364 0.3473815 -0.1399714 0.1493626 -0.0698162 -0.0827192 0.0381741 0.2456761 -0.3790357 -0.1598635 0.1287021 0.0569514 0.1001060 0.2044982 0.0496546 -0.1506018 -0.0837176 0.0244450 0.1991135 0.0141486 -0.1055808 -0.0266566 0.1268704 0.0786814 -0.0638486 0.1346544 0.0406811 -0.2825096 -0.1248898 -0.3288894 -0.4291489 -0.0512077 -0.3415352 0.1437256 0.1513212 0.0276290 0.0237667 0.3886481 0.0725987 0.3370789 0.4334049 0.0550745 0.1512472 0.2789235 0.0593945 -0.1286996 0.2330642 0.6785270 -0.1505867 0.1382411 0.0393130 -0.0174303 -0.0395126 0.2015611 -0.0238669 0.0003978 -0.4665875 0.0101806 0.1535021 0.2856702 -0.0051685 0.0106185 -0.3859474 -0.0543563 -0.1098855 0.2105395 -0.0200677 0.1704405 0.1798372 0.1229942 -0.2763338 0.2212801 -0.3860885 -0.1301420 0.0865947 -0.0605222 0.3496683 -0.0298943 0.0894812 0.1669541 0.1899999 0.0429403 0.0410553 -0.0598114 0.0766759 0.1595884 -0.0747715 0.3331553 0.7584916 0.7762846 0.6217566 0.3312574 0.6422127 0.4521162 0.3543341 0.3822407 0.6146488 0.1717644 -0.0492585 0.2779701 -0.2913234 -0.0516041 0.0914019 0.2871499 0.0981627 -0.0684777 0.1024814 0.1789256 0.2315431 0.3703024 0.4932686 0.5495044 -0.1402902 0.3971287 -0.1863602 -0.0956420 0.1443454 0.4072217 -0.0364443 -0.3261828 0.2900435 0.0320349 -0.0940052 0.1517161 0.2762670 0.5386148 -0.0086550 0.5985171 0.5674075 -0.1331367 0.1840260 -0.1410718
0.1217896 0.3868402 0.4037721 0.8929943 -0.0468439 0.7518676 0.0969093 0.0000000 0.5954531 0.7539047 0.9372547 0.3836858 0.7303291 0.5462108 0.2972296 0.8795904 0.6009926 0.2687346 0.7900718 0.2375803 0.6336824 0.6864828 0.6523715 0.3426419 0.6241879 0.7911178 0.1464735 0.3580114 0.6804752 0.5230733 0.5513723 0.3992106 0.0790223 0.5458947 0.4606983 0.6913735 0.3247041 0.5417260 0.5440992 0.3236270 0.3495850 0.7874186 0.4249462 0.0172537 0.7746957 0.5123959 0.4221776 0.0807266 0.3267714 0.6315405 0.3415298 0.3170137 0.5843862 0.3041880 0.2560857 0.6669428 0.4714977 0.4569789 0.4713023 0.3776076 0.7019402 0.7931991 0.2155348 0.6995648 0.2832651 0.3425224 0.8188331 0.7555917 0.5131684 0.8621226 0.5615231 0.7046702 0.8884705 0.4235083 0.6355085 0.8402256 0.4341349 0.5265827 0.6825516 0.4195731 0.0522991 0.5869556 0.7044310 0.6175961 0.6339795 0.5354833 0.4033554 0.3550323 0.2803756 0.6085850 0.3255990 0.0618074 0.4911929 0.3042392 0.2168111 -0.0661170 0.2238624 0.6044347 0.3178060 0.5556617 0.6188284 0.4641706 0.5329880 0.6069512 0.4922648 0.4783343 0.6246139 0.4860936 0.4303761 0.5540599 0.5466407 0.5910938 0.5257013 0.2882804 0.4989509 0.4352446 0.3546912 0.5012413 0.3600558 0.4570061 0.4316597 0.1774279 0.2087792 0.6326560 0.5268406 0.2339415 0.5647940 0.1146588 0.4268730 0.6773043 0.5449219 0.2766155 0.4347917 0.4622371 0.3034925 0.1470116 0.2741878 0.4243178 0.1861659 0.5332749 0.3322437 0.5257672 0.1050384 -0.1046037 0.2575173 0.4401835 0.3097831 0.2654895 0.5398580 0.4655510 0.2590557 0.1900873 0.3986306 0.4988995 0.4084367 0.3406606 0.5474947 0.2889398 0.5619254 0.0499951 0.5766076 0.5958831 0.6149121 0.3345827 0.5415765 0.4194021 0.5219249 0.7885497 0.8462386 0.8146646 0.7425894 0.7613661 -0.3528493 -0.4225607 0.0293444 0.2808530 0.0454294 0.0090523 0.2587234 0.4270902 0.2488896 0.3561303 0.5032591 0.1399788 0.1085569 -0.1409873 -0.3714905 -0.2063782 0.0358274 0.2447762 0.1090001 0.1288852 -0.2204270 -0.1113846 0.0441352 -0.0691062 -0.1472586 -0.2716476 -0.3346183 0.1124594 -0.4733769 -0.3297136 -0.0800654 -0.2069544 -0.3285264 -0.4191182 -0.0786908 -0.4528613 -0.4855991 -0.4235756 0.1540623 0.0556271 -0.1463253 0.0151943 0.2739439 -0.3508525 -0.2889996 -0.5554948
0.3937801 0.7443014 0.2309596 0.8374732 -0.5376892 0.8876359 0.4698849 0.5954531 0.0000000 0.8657314 0.6403806 0.8032453 0.1285153 0.6942141 0.6538714 0.4941472 0.5014524 0.2426063 0.3972845 -0.1255104 0.8753753 0.4077487 0.2385274 0.6649413 0.4243254 0.3236085 -0.1300311 0.5141682 0.8697540 0.5531609 0.0909244 0.2551265 0.2353773 0.8209802 0.1426468 0.7414035 0.1538833 0.2254790 0.2436221 0.2799314 -0.0546666 0.8080189 0.1573687 0.1468970 0.7556929 0.2810852 0.2349359 -0.1422632 0.4611566 0.2540899 0.1255699 0.1638474 0.7485832 0.2336781 -0.2132016 0.3031431 0.2142197 0.4030182 0.0597742 0.1959947 0.5620183 0.3802186 -0.1185411 0.6913452 0.6355990 -0.0011666 0.4896539 0.3953828 0.2567545 0.6876518 0.1887496 0.7770627 0.5737807 0.3983057 0.2129720 0.7769905 0.4475257 0.1709881 0.4248295 -0.0423879 -0.1375135 0.5290692 0.5534154 0.5534053 0.3664316 0.6549495 0.7464322 0.2938142 0.5175257 0.6299097 0.6189475 0.4398363 0.5577014 0.2899752 0.1985235 0.1269568 0.6050232 0.6649645 0.4448905 0.5870017 0.5635727 0.5740862 0.6731342 0.3770241 0.7048927 0.4322927 0.5847928 0.5853854 0.5744923 0.4788035 0.5823960 0.6413783 0.5148335 0.3165107 0.5343419 0.2764564 0.2680801 0.5180642 0.2066870 0.5484694 0.4917640 0.4925818 0.4121996 0.5550708 0.3476916 0.3057720 0.7155554 0.3431979 0.3289944 0.7265050 0.5342255 0.4407302 0.6351391 0.5526245 0.4299825 0.3911782 0.4056060 0.4047053 0.2486123 0.5986633 0.5456273 0.5968497 -0.0187414 0.1415672 0.4064388 0.5010056 0.4760464 0.5064217 0.2337515 0.5401598 0.3000452 0.2284648 0.5631331 0.5928723 0.7374447 0.2404609 0.2934089 0.4829070 0.2315246 0.1147529 0.7037208 0.5928883 0.4454547 0.2857301 0.6892490 0.4598222 0.5527576 0.5533410 0.5643230 0.6458828 0.7049167 0.6033237 -0.1384080 -0.4501107 0.2710804 0.2696446 0.1794554 -0.2390242 0.4951788 0.4279297 0.1725802 0.4588365 0.4918475 0.2546729 -0.3020263 -0.1746696 -0.7361272 -0.4968934 -0.3534295 -0.1451701 0.2741569 -0.1400516 -0.3373956 0.0850295 0.2060192 0.1183226 0.1007027 -0.1639897 -0.5103692 0.2624703 -0.2676090 -0.1266740 0.3788386 0.0015612 -0.1920134 -0.4915186 0.0747692 -0.2781561 -0.2027724 -0.3099127 0.6099294 0.2321247 -0.3359281 0.2524133 0.3734878 -0.3046028 -0.0761713 -0.3906308
0.1360340 0.5566750 0.2169129 0.8386561 -0.3825493 0.8382550 0.1323295 0.7539047 0.8657314 0.0000000 0.8369911 0.5210909 0.3279680 0.8725214 0.3975227 0.7020471 0.7594968 0.1645574 0.5357698 -0.0177713 0.6925014 0.5251073 0.5906861 0.4644438 0.5720273 0.6246541 0.1421217 0.4992306 0.7332950 0.6611267 0.1642377 0.4057292 0.1029430 0.7370566 0.4819896 0.6594155 0.3519286 0.3617675 0.5342053 0.4130622 0.1509591 0.7508080 0.4523416 0.2852322 0.7429702 0.4745297 0.3766447 0.0167044 0.5804402 0.4113205 0.2914924 0.4084149 0.8049422 0.5360966 0.0381595 0.5188081 0.4365887 0.7097953 0.0953272 0.3837419 0.6169222 0.6478512 -0.0184938 0.9033416 0.5546620 0.2964233 0.6832626 0.7223498 0.4639251 0.8862759 0.4355331 0.8211447 0.8182749 0.4353167 0.4088922 0.9197689 0.4347653 0.3531554 0.5833574 0.1392991 -0.0352471 0.4322295 0.4501265 0.4094251 0.4163370 0.6546380 0.5629702 0.1875832 0.5052920 0.5162933 0.5899481 0.4479150 0.5021415 0.1050766 0.3706664 0.2194410 0.5553481 0.6181882 0.3801132 0.5024649 0.5134303 0.6283026 0.6748860 0.3632162 0.5910244 0.3814901 0.5859043 0.5345272 0.3836310 0.4482327 0.5207157 0.4903338 0.4335344 0.4258669 0.4652325 0.4011474 0.3687382 0.4669107 0.3097485 0.4229272 0.3903621 0.4688624 0.2462175 0.4869612 0.2398931 0.1520111 0.6214475 0.1636931 0.2033403 0.6012950 0.4169270 0.3655123 0.4569948 0.3564145 0.3551547 0.1775712 0.2348375 0.3213029 0.1405016 0.4784858 0.4187352 0.5202823 0.0898912 0.0139722 0.2567016 0.3323798 0.3524380 0.3664796 0.3695362 0.4828625 0.2557637 0.1417707 0.4705485 0.4345371 0.6218042 0.2135603 0.4257390 0.3152849 0.4633065 0.0782527 0.6238351 0.5802800 0.4729737 0.2465889 0.5959132 0.3757116 0.4452534 0.5519054 0.7482587 0.7001244 0.6913648 0.6681147 -0.2088569 -0.5454878 0.1618430 0.1778639 0.0397040 -0.2464686 0.2853961 0.2922482 0.0263817 0.2332606 0.3204531 0.0701089 -0.0946437 -0.1749470 -0.5468115 -0.3634873 -0.1984977 -0.0202532 0.2126701 0.0108963 -0.2511203 -0.0198637 0.0758435 -0.0312577 -0.0903441 -0.2493672 -0.4425616 0.0684564 -0.1737436 -0.0113117 0.2642800 -0.1846924 -0.1943348 -0.3876391 -0.0387451 -0.2562849 -0.1410807 -0.2326479 0.4660420 0.0681002 -0.2830652 0.0334610 0.2627343 -0.2206858 -0.1986242 -0.3706438
-0.0233908 0.3404969 0.2833727 0.8555394 -0.0949138 0.7759570 0.1083273 0.9372547 0.6403806 0.8369911 0.0000000 0.3626633 0.6162560 0.6684499 0.2699283 0.9420858 0.7857669 0.1793530 0.7392774 0.1278111 0.6097164 0.5685899 0.7777916 0.3434724 0.5081370 0.8519827 0.2831245 0.4052281 0.6586522 0.5753900 0.3780120 0.3091371 0.1297400 0.5746358 0.5967198 0.6563956 0.3682563 0.4078200 0.6286790 0.4546994 0.2181618 0.7413014 0.5743858 0.1885494 0.7676000 0.5407874 0.4558517 0.0016966 0.4504595 0.4756794 0.4105904 0.4901092 0.6444463 0.4948338 0.1564715 0.6140656 0.5033080 0.5904959 0.4190696 0.4579302 0.7151208 0.8922680 0.1310302 0.8079293 0.3883175 0.3452946 0.8517824 0.8581961 0.5268712 0.9530858 0.5239131 0.7831097 0.9584522 0.5063095 0.5701001 0.9232989 0.5150586 0.4445721 0.6935849 0.3428360 0.0244691 0.6429805 0.6416571 0.5721242 0.6157719 0.6143780 0.3664556 0.3380931 0.2953150 0.5303377 0.2789536 0.0395835 0.4480427 0.2725393 0.2737049 -0.0213465 0.1776479 0.5634843 0.3440224 0.5396036 0.5751796 0.4770548 0.5539036 0.5566609 0.3516237 0.3699495 0.5653649 0.4318038 0.2559664 0.4876520 0.4797933 0.4730046 0.4400446 0.2990625 0.3911650 0.3963828 0.2632528 0.3470723 0.2491395 0.2943852 0.2538193 0.1821350 0.0789072 0.5793907 0.2896438 0.0635137 0.5271993 -0.0539874 0.1964471 0.6444973 0.3911337 0.1582575 0.3432741 0.4667378 0.2082475 0.0053201 0.1307506 0.2625996 0.0098899 0.4915811 0.2345512 0.4903242 -0.0139735 -0.1829959 0.1121311 0.3861124 0.1835373 0.1871409 0.4131061 0.4122703 0.1742940 0.0562125 0.3076137 0.3782489 0.4184716 0.1828142 0.4408899 0.1602358 0.4974399 -0.0642499 0.5396483 0.4743141 0.5411614 0.2121064 0.4521573 0.2971964 0.4079982 0.6383288 0.8468014 0.6962678 0.6585656 0.7538012 -0.3998331 -0.4279312 0.1272203 0.3011300 0.0790029 0.0238868 0.2766098 0.4256349 0.2398550 0.2528466 0.4288851 0.0072523 0.0354755 -0.0960770 -0.3633443 -0.1815774 0.0224773 0.2082880 0.0611300 0.1265719 -0.1673585 -0.1408285 -0.0586022 -0.1336645 -0.1842063 -0.1578536 -0.3725587 -0.0345985 -0.3870367 -0.1639534 0.0048105 -0.2345436 -0.3365132 -0.3845375 -0.1905972 -0.4091917 -0.3828591 -0.2827640 0.2371089 0.0416602 -0.2241764 0.0705070 0.2873687 -0.3995741 -0.2549682 -0.5716721
0.5772634 0.8054785 0.2999330 0.6680895 -0.4236854 0.7728822 0.7010526 0.3836858 0.8032453 0.5210909 0.3626633 0.0000000 0.0283137 0.2290995 0.7749704 0.2685322 0.1701012 0.2420594 0.2450224 -0.0982716 0.8324957 0.1801170 -0.0803375 0.6824133 0.1827555 0.1655545 -0.2703549 0.4155650 0.7175713 0.3181717 0.1127911 0.1748192 0.2257306 0.6315451 0.0396492 0.5223448 0.2006953 -0.0496330 -0.0798055 0.1776443 -0.2404601 0.6025025 0.0108962 -0.1148936 0.5656376 0.1779392 0.3393697 -0.3733358 0.1626975 0.0506132 0.2445857 0.0726742 0.4683454 -0.0233252 -0.4198618 0.1630488 0.1886936 -0.0922120 0.2374890 0.2445098 0.5326427 0.2113117 -0.2048533 0.2892604 0.6739711 -0.2726738 0.3500858 -0.0065320 -0.0053430 0.3216962 -0.0489970 0.6567434 0.2385967 0.4237730 0.0279571 0.3979058 0.5963682 -0.1334360 0.1045457 -0.1966334 -0.2838017 0.3606946 0.3877581 0.4913963 0.2343544 0.3296795 0.6432791 0.2487144 0.1994841 0.4677362 0.3829426 0.2263482 0.4469870 0.1878716 -0.1469069 -0.1911642 0.5150880 0.5226038 0.1868435 0.3781137 0.3853751 0.2302802 0.3310584 0.2011818 0.6251761 0.1157805 0.2946523 0.3229266 0.5250731 0.2593498 0.3084450 0.5615716 0.3614189 -0.0931220 0.3399537 -0.0322373 -0.0686191 0.4918696 0.0369173 0.5770066 0.3764711 0.1883312 0.4182597 0.5811653 0.3984352 0.4869908 0.5677547 0.3821664 0.4019237 0.6218644 0.4721162 0.2632947 0.6354186 0.6945684 0.3335453 0.5027044 0.4647210 0.4116518 0.3381679 0.5949403 0.4662418 0.4346543 -0.0794712 0.3662058 0.5826621 0.6131225 0.4792749 0.4723177 -0.0152532 0.4341805 0.3402066 0.5518634 0.5480789 0.5968284 0.5142607 0.4434728 0.1121584 0.6368584 -0.1006781 0.2911792 0.5107178 0.4721312 0.5383185 0.4221271 0.5403097 0.6026453 0.6863298 0.4513786 0.3790387 0.4286545 0.5372671 0.3776697 0.0585483 -0.3089131 0.3070336 0.4689363 0.5530483 -0.0549050 0.6665874 0.4296485 0.0735190 0.4063876 0.5771299 0.1546579 -0.1419680 0.0332564 -0.6498613 -0.4620020 -0.2562621 0.0414437 0.5106570 -0.0892367 -0.2540853 0.4341030 0.4655019 0.4247428 0.5170064 0.1378011 -0.4148905 0.5817015 -0.2705721 -0.2745570 0.3581623 0.4548199 -0.0193489 -0.4795290 0.4188572 -0.0518794 -0.2050936 -0.2094874 0.5461230 0.6138262 -0.0922724 0.6669820 0.7003686 -0.1464449 0.1744299 -0.1861277
0.0670251 0.1503107 0.6407692 0.4977204 0.5785847 0.2662336 -0.1644818 0.7303291 0.1285153 0.3279680 0.6162560 0.0283137 0.0000000 0.0999315 0.0864274 0.5791719 0.2648140 0.2708514 0.5656439 0.6997837 0.1318066 0.6344562 0.6416451 0.1123437 0.3564709 0.6087423 0.2878750 0.2250023 0.2605598 0.2934002 0.8265743 0.4169347 0.1590268 0.2493708 0.4826695 0.2229926 0.3656892 0.6841590 0.2793772 0.0768978 0.7003624 0.3745964 0.4144702 0.1375517 0.5291382 0.5914673 0.4172399 0.5136909 0.1976187 0.6321402 0.3620314 0.2133005 0.2699561 0.1077765 0.6107819 0.7111252 0.5200855 0.2329410 0.5367020 0.4016415 0.6138090 0.5642039 0.6580798 0.4125695 0.1455092 0.6087756 0.5741110 0.4311066 0.7009788 0.5170015 0.6698491 0.4059430 0.5195331 0.4351082 0.7730111 0.4905403 0.3485673 0.6779300 0.7179506 0.7671224 0.4206177 0.1877717 0.5457664 0.3491576 0.5874070 0.2632262 -0.0468162 0.3133467 0.1686945 0.4205172 -0.0115374 -0.2759090 0.0702061 0.0850329 0.3309108 -0.1977377 -0.2180888 0.1126874 0.2075306 0.0376437 0.3149665 0.1442502 0.2492799 0.4116372 0.0688557 0.3468450 0.3951552 0.1727281 0.0562699 0.3196546 0.3453583 0.1797542 0.2842206 0.1292349 0.1607505 0.2912171 0.2246531 0.1378819 0.2454079 0.0542429 0.2376044 -0.1385686 -0.0348239 0.4315224 0.2666198 -0.1245810 0.0887141 -0.2024385 0.1383273 0.2245072 0.2192531 -0.0761117 -0.0180891 0.1560082 0.0012328 -0.2294386 -0.0692459 0.1482715 -0.0613786 0.0802711 -0.0870532 0.1286802 0.1779836 -0.3604022 -0.1024933 0.1345676 -0.0063755 -0.1230969 0.5709106 0.1287150 0.0211038 -0.1217057 0.0611671 0.0490714 -0.0033091 0.0025888 0.4845826 -0.1284651 0.5944952 -0.0968257 0.1433213 0.2562759 0.2661363 0.1464425 0.1545750 -0.0129066 0.1882844 0.5634755 0.6588383 0.5136773 0.3770559 0.5481466 -0.4719376 -0.3069508 -0.0632790 0.1667247 -0.1794665 -0.0873902 -0.1959155 0.0265952 0.0650963 -0.0149141 0.3069120 -0.0995083 0.2600030 0.2071056 0.2159302 0.3064244 0.4451025 0.4749959 -0.2204716 0.4958910 0.1029716 -0.3482564 -0.3160026 -0.4131760 -0.3241780 -0.2453269 0.0973327 -0.1894581 -0.2987336 -0.2762784 -0.4347669 -0.2946762 0.1630268 0.1163133 -0.0782664 -0.1950400 -0.3491026 -0.3599642 -0.4092545 -0.2142509 0.3302866 -0.0508374 0.0788251 -0.2162258 -0.3555088 -0.4179250
0.0078884 0.2986451 -0.0499543 0.6018172 -0.4114014 0.5974095 0.0795295 0.5462108 0.6942141 0.8725214 0.6684499 0.2290995 0.0999315 0.0000000 0.0971739 0.5345093 0.8108477 -0.0339933 0.4520066 -0.1335618 0.5234397 0.4376590 0.5764751 0.2917682 0.5736133 0.5398174 0.3600637 0.3347037 0.5642180 0.6720635 -0.0552926 0.3035233 0.0298316 0.5194795 0.4143920 0.6059082 0.2231252 0.3768947 0.7163529 0.5629720 0.1390863 0.6015333 0.4634922 0.4062671 0.4520636 0.3986330 0.1697184 0.1126034 0.5331207 0.3980530 0.1096762 0.4237011 0.6062442 0.6282066 0.1168435 0.4109538 0.3017614 0.8279132 -0.0482124 0.2200190 0.3311117 0.5113895 -0.1038099 0.8191025 0.3249999 0.3552951 0.5228564 0.7224193 0.4313581 0.7841791 0.4002805 0.6046858 0.7058375 0.2866581 0.3339860 0.7920610 0.1939397 0.3153265 0.4337135 0.0883463 -0.1054515 0.2809727 0.2359509 0.1838345 0.2254843 0.5234274 0.4481887 0.0291484 0.5291004 0.3402438 0.5747527 0.5476647 0.3227753 0.0827758 0.3368717 0.4098799 0.4914216 0.3920764 0.3104390 0.5082621 0.3602730 0.5641408 0.5689128 0.2883560 0.3899807 0.3209593 0.4764611 0.5153255 0.2357180 0.3833444 0.3741374 0.2900646 0.2666704 0.5670867 0.3679206 0.4470051 0.4283553 0.2971405 0.3053331 0.2840469 0.3373103 0.5871976 0.1459544 0.1733886 0.0722912 0.1244832 0.5209422 0.1145955 0.0909145 0.3447442 0.2325939 0.3909797 0.2720828 0.0782661 0.3012513 0.0450202 0.0998715 0.1734872 0.0598067 0.2956325 0.2903012 0.3918119 0.1284825 -0.0605608 0.0870790 -0.0198399 0.2160729 0.2648640 0.3407661 0.3212460 0.1369866 -0.0360455 0.2735254 0.2236438 0.4870177 0.0410136 0.3622919 0.1379568 0.4943734 -0.0244109 0.4741941 0.3962068 0.2006605 0.0774722 0.4403522 0.1476923 0.1119881 0.3252246 0.5600877 0.4872678 0.4647436 0.4737277 -0.0837981 -0.3001974 0.2809618 0.1566163 -0.0002264 -0.0824524 0.2459648 0.3195907 0.1463986 0.2404352 0.1578408 0.1832799 -0.0272743 -0.2165257 -0.3712542 -0.2340851 -0.1319842 -0.0657511 0.0716203 -0.0423413 -0.1238533 -0.0993617 0.0421460 -0.0164801 -0.1397280 -0.1779167 -0.3464980 -0.0279253 0.0062616 0.1856749 0.2809587 -0.2904934 -0.2769716 -0.2376736 -0.1128801 -0.2470102 0.0383591 -0.0421288 0.4575993 -0.0462525 -0.3239659 -0.1888449 0.0695550 -0.1033232 -0.1399513 -0.2346939
0.6284855 0.8377253 0.4215724 0.5535009 -0.2714099 0.5260300 0.4123161 0.2972296 0.6538714 0.3975227 0.2699283 0.7749704 0.0864274 0.0971739 0.0000000 0.1424947 -0.0733544 0.6501233 0.0310584 0.1104001 0.6306389 0.1837685 -0.0326457 0.8737455 0.0860957 -0.0283756 -0.3507641 0.7394210 0.6723822 0.4164983 0.1783417 0.2006028 0.5951587 0.7601340 -0.0776396 0.4901328 0.0560096 0.1108164 -0.1618215 0.0712034 -0.0148202 0.4817548 -0.0882427 0.1617366 0.5367686 0.2062421 0.1933037 -0.0780300 0.3268188 0.1650238 0.1190759 -0.0759611 0.4936190 -0.1706240 -0.1672742 0.2034348 0.0673250 -0.0710589 0.1650584 0.1240319 0.3788650 0.0803898 -0.0038922 0.2517778 0.5274618 -0.2256617 0.1832110 -0.0568510 -0.0045012 0.1854633 0.0093293 0.4586828 0.1675819 0.2618591 0.0953270 0.2901219 0.2845357 0.0512567 0.2477645 -0.0032978 0.0262212 0.3178369 0.4238492 0.2890445 0.0647960 0.2555898 0.4721152 0.2159433 0.0665873 0.2695319 0.1601137 -0.0340050 0.5230399 0.1651756 -0.1446615 -0.4285076 0.2318382 0.5162301 0.0872542 0.2528258 0.2241016 0.1466713 0.3616623 0.1060121 0.4428378 0.0142957 0.3568060 0.2496523 0.5237442 0.1270029 0.3650345 0.5796451 0.3679594 -0.0601066 0.4065638 -0.0762192 0.0489412 0.4014794 0.0031212 0.4410152 0.3716145 0.2408512 0.3701029 0.2961782 0.2587485 0.3238231 0.4736818 0.3821705 0.3695465 0.5665825 0.5005220 0.2881612 0.5454829 0.4082105 0.4186300 0.4871785 0.4742670 0.3735435 0.3570806 0.4991457 0.4707864 0.4791099 0.0283041 0.2545936 0.4656913 0.6168709 0.5126466 0.4990120 0.1639815 0.5231847 0.3990381 0.3529060 0.5581480 0.6226183 0.4617884 0.3994038 0.1618976 0.5791534 -0.0050687 0.2447343 0.6109891 0.4681220 0.4408813 0.3607239 0.6108460 0.5260669 0.6721818 0.5765432 0.2663383 0.4671023 0.5886262 0.3721424 0.0638486 -0.4001818 0.0275788 0.1238105 0.2110012 -0.1725964 0.4378971 0.4381602 0.2476373 0.4873649 0.4025498 0.2881811 -0.1426485 -0.0834872 -0.6038817 -0.4126527 -0.2800004 -0.1186212 0.2687633 0.0235449 -0.2882913 0.1201029 0.2178271 0.1022505 0.1693715 -0.1421458 -0.3056913 0.4228670 -0.3048302 -0.3528741 0.2712434 0.1008317 0.1274135 -0.1428368 0.3676335 -0.2762475 -0.2495537 -0.4328117 0.2675050 0.2100237 0.0297042 0.3278082 0.2796325 -0.3720367 -0.0384531 -0.1526957
-0.2003077 0.1304748 0.1702570 0.7256266 -0.0776596 0.6907466 0.0612476 0.8795904 0.4941472 0.7020471 0.9420858 0.2685322 0.5791719 0.5345093 0.1424947 0.0000000 0.7863916 0.1532850 0.8380711 0.0090050 0.5067083 0.4393643 0.7509263 0.1250489 0.5216057 0.8783030 0.2874016 0.2359474 0.4977585 0.4328996 0.2934794 0.3215331 -0.0262743 0.3453537 0.6259460 0.5375942 0.4576127 0.3182611 0.5545471 0.3059428 0.1115198 0.6250180 0.6131861 0.0524923 0.6639418 0.5106643 0.5323342 -0.1217633 0.3048040 0.4009466 0.4930003 0.5470184 0.4699200 0.4853414 0.0750372 0.5396461 0.5428865 0.4692368 0.4343997 0.5125866 0.6631827 0.9158392 0.0748308 0.6586191 0.2760634 0.3249826 0.8796771 0.7965111 0.4811395 0.8894235 0.5401481 0.6509532 0.9390436 0.4652077 0.5574504 0.8405622 0.5168765 0.4269294 0.6334109 0.2917676 0.0297307 0.6308315 0.5814435 0.5439678 0.5844315 0.5714755 0.2475899 0.2802315 0.1896534 0.4486480 0.1867286 -0.0042727 0.3641045 0.2967735 0.2690568 -0.0041348 0.1323553 0.5106913 0.3491774 0.5450444 0.5677533 0.4110293 0.4471052 0.5678655 0.2474580 0.3457552 0.4682960 0.3132497 0.1760960 0.4495445 0.4011508 0.4117980 0.3301681 0.1592487 0.3231599 0.3429900 0.1594864 0.3205510 0.1998056 0.2431044 0.0527587 -0.0492060 -0.0478417 0.5642574 0.2640821 -0.0156366 0.3490138 -0.1553701 0.1135346 0.6014108 0.2773057 0.0363597 0.2346845 0.5184197 0.0523170 -0.0417062 0.0531459 0.1241329 -0.1065796 0.4283465 0.1103248 0.3977262 -0.1180736 -0.2089542 0.0225879 0.3935652 0.0432961 0.0734499 0.2762761 0.2938046 0.0668317 0.0640144 0.1857040 0.3056305 0.3518125 0.1786001 0.2889358 0.0537838 0.3696356 -0.1510491 0.3987762 0.3536259 0.5044227 0.1032093 0.2938796 0.2199082 0.3404887 0.5550174 0.8086850 0.5799903 0.5038879 0.7034902 -0.3991620 -0.3879623 0.0326891 0.2998753 0.0806232 -0.0091852 0.2456583 0.3655766 0.1963189 0.1481898 0.3733034 -0.1354010 0.0225672 -0.0410334 -0.2591473 -0.1042834 0.0720786 0.2561843 0.1059203 0.1288163 -0.1148418 -0.0985650 -0.0654309 -0.1186930 -0.1394717 -0.0646714 -0.3428253 -0.0822379 -0.4083210 -0.1878232 -0.0412360 -0.1777736 -0.5090120 -0.4394955 -0.3523491 -0.4132211 -0.4359969 -0.2410811 0.1944431 0.0710402 -0.3411955 0.0602657 0.2530532 -0.4697432 -0.1875459 -0.5896141
-0.2567496 0.0718961 -0.0344580 0.5365554 -0.1409203 0.5625014 0.0929086 0.6009926 0.5014524 0.7594968 0.7857669 0.1701012 0.2648140 0.8108477 -0.0733544 0.7863916 0.0000000 -0.1503462 0.6338459 -0.1327735 0.3914504 0.3107117 0.7920044 0.0424582 0.4607495 0.8123994 0.6218809 0.1369410 0.3459494 0.5267856 0.0010062 0.2836298 -0.0882242 0.2502711 0.7537814 0.3873421 0.5237362 0.2193462 0.7194800 0.5884454 0.0198015 0.4294944 0.7798268 0.3453554 0.3956974 0.5258162 0.4949889 -0.0705245 0.4194220 0.2549897 0.4797857 0.7539257 0.4187384 0.7746149 0.0346764 0.4542393 0.5555850 0.7012887 0.2329005 0.5438397 0.5036579 0.8077068 -0.0605627 0.7235586 0.3307356 0.4065796 0.7433309 0.7682945 0.5265530 0.8447612 0.4761273 0.6442237 0.8092809 0.4803051 0.4176602 0.7926434 0.5137194 0.2601074 0.4689762 0.1540630 -0.0927158 0.3271068 0.2089683 0.1887115 0.3590650 0.4647743 0.2211378 0.0057360 0.3091593 0.2477718 0.3000340 0.2734302 0.1566081 0.0557510 0.2930383 0.2487116 0.2742127 0.2604234 0.2578416 0.4464849 0.3541059 0.3878541 0.3594128 0.3806885 0.1177463 0.1483543 0.2860175 0.2777694 -0.0634501 0.3356872 0.1788452 0.1048114 0.1334688 0.2912732 0.1363042 0.3395496 0.1284667 0.1405402 0.1678472 0.1010846 -0.0157666 0.1765344 -0.0993854 0.3070380 -0.0590125 -0.0730446 0.2926319 -0.2100454 -0.1422848 0.2988235 0.0024102 0.0372917 0.0637982 0.2852675 -0.0049433 -0.1724012 -0.1303283 -0.0750691 -0.2232387 0.2001915 -0.0174069 0.2081292 -0.0670723 -0.1607152 -0.0980679 0.0455025 -0.0751480 -0.0057180 0.1271013 0.1114170 -0.0588260 -0.0371791 0.0440465 0.0368606 0.3075716 -0.0072643 0.1894960 -0.0772777 0.3512594 -0.1717346 0.2229233 0.1553840 0.2036169 -0.0358551 0.1341865 0.0018995 0.0185960 0.1967719 0.6483432 0.2921637 0.2417804 0.4617986 -0.2361040 -0.2832165 0.2930779 0.3355219 0.1842085 0.0215738 0.2589445 0.2673888 0.0454737 -0.0361075 0.1777768 -0.2163503 0.1075541 0.0346425 -0.1091268 -0.0104600 0.1414467 0.2705825 0.1304470 0.1615679 0.0650335 -0.0134615 -0.0366280 -0.0356620 -0.0182302 0.1301757 -0.2810323 -0.1388530 -0.0098541 0.1887214 0.1740219 -0.0991382 -0.3505813 -0.2553397 -0.2846744 -0.1329544 0.0054656 0.1114353 0.3582114 0.1241034 -0.2780933 0.0727868 0.2842573 -0.1465286 -0.0098490 -0.3578933
