0.0000000 0.6427172 0.6118441 -0.0173476 0.5437393 0.0439271 0.3745696 0.3009987 -0.0178329 0.0654832 0.0304380 0.4213112 0.4097625 0.0631404 0.2603025 0.1140984 0.0927579 0.1400073 0.4729308 0.3304585 0.2465659 0.3901135 -0.0046268 0.3821119 0.4497972 0.2851446 0.1310297 -0.0033408 0.3802724 -0.0076583 0.3499572 0.3681844 0.2340118 0.3586140 0.1080224 -0.3852423 0.3029229 0.4080598 -0.2311127 -0.2952160 0.4426320 -0.1662077 -0.1411120 -0.0982081 -0.1235314 0.4223184 0.2312373 0.4584895 -0.0031127 0.3323631 0.1302520 -0.0376207 -0.2499289 -0.2508370 0.4689669 0.4489792 0.3273592 -0.2101545 -0.1049197 0.3219858 0.0095083 0.0916094 0.5973774 -0.4770356 -0.3375880 0.3921662 0.3630663 -0.3012779 0.6485650 -0.3265207 0.4174195 -0.1215194 0.1700189 -0.1775116 0.5148575 -0.3342779 -0.1885792 0.2301962 0.0799661 -0.1686162 0.2732553 0.4192409 0.3042828 0.0614125 0.2739298 -0.1019353 0.0994631 -0.4270352 -0.2104976 -0.5122059 0.0946758 0.3489673 0.0297301 -0.1357525 -0.2294156 0.0409592 0.5447727 -0.2471063 -0.3747262 0.1280376 0.0147976 -0.0956031 0.1003654 0.3520407 0.5761962 0.1027289 -0.0668888 0.0366897 0.3753149 -0.2164720 0.3334784 -0.2832774 -0.4741682 0.0111832 -0.3001857 -0.2910563 -0.1387788 -0.2832528 -0.3149166 -0.0659829 -0.1166462 -0.1317486 0.3049015 -0.2375580 0.1654281 -0.0142335 -0.1408269 0.2543679 0.3026773 -0.0362976 -0.0030602 0.3347890 -0.1483620 -0.3077674 0.3316339 0.2868686 -0.0840679 0.2574581 0.1229440 0.5473202 0.2573664 0.2207324 0.2306660 -0.3696489 0.0648710 0.2615023 0.2207049 0.2582738 0.1590080 0.4729558 0.6927651 0.2387145 0.1944882 0.2812980 0.1765794 0.1046019 0.4872667 0.4927764 0.2871060 0.6614548 0.1925582 0.4588034 0.0896436 0.6617196 0.2257237 0.5018539 0.3862782 0.1047994 0.3388537 0.5590656 0.2704769 0.2699594 0.3699731 -0.0783593 0.3581408 0.5482552 0.4014946 0.3705381 0.1406616 0.4202652 0.1275837 0.0334501 -0.1563113 -0.1933714 0.0666736 0.0535580 0.1482814 -0.0310529 0.0533191 0.2470344 -0.0842293 -0.2031090 0.1610513 0.2423365 0.2877674 0.1616606 0.0764602 0.0624221 0.0644386 -0.0500589 0.0046097 -0.0975288 -0.1979368 -0.2295795 0.6080353 0.2757373 0.0530347 -0.2195629 -0.0907417 -0.1762807 -0.2152661 -0.0998579 0.3814320 0.0587510 -0.3202058 -0.2627978 0.4238703 0.5089308
0.6427172 0.0000000 0.5425842 0.5106695 0.5356607 0.6771259 0.7758862 0.6467500 0.3533607 0.4267208 0.3517936 0.6934650 0.5277603 0.3987051 0.2803951 0.3381597 0.3504026 0.3891820 0.4765148 0.2290116 0.5356336 0.3758768 0.2890258 0.6588760 0.4479757 0.3972322 0.3516309 0.2431120 0.6635647 -0.0132654 0.2550712 0.4665084 0.4738308 0.6959334 0.3453564 -0.0495131 0.4678612 0.3818867 0.0719079 -0.0493235 0.2011779 0.1008759 0.2038840 0.0883514 0.2799382 0.4261147 0.2785571 0.2980264 0.2520078 0.2786939 0.2739714 0.0728555 0.2198131 -0.1452068 0.4478553 0.3560628 0.3317709 0.0156834 0.4437492 0.4445988 0.4289224 0.1435801 0.3361965 0.0639260 0.2486282 0.2635694 0.4372726 -0.1194274 0.4055032 -0.0045161 0.3738336 0.4142212 0.2079730 0.4261687 0.5165322 0.0075501 0.3232938 0.2731532 0.2585223 -0.0319657 0.2942343 0.1973926 0.0160921 -0.1607263 0.1280154 -0.1594444 -0.0606280 -0.4259226 -0.1464201 -0.3385531 -0.0501849 0.1704892 0.1824451 -0.4188818 -0.0890872 0.1292039 0.6379953 0.0056287 -0.2019362 -0.2091092 -0.2109173 0.0733982 0.1118814 0.0572646 0.6133457 0.3449308 0.1040045 0.3341572 0.2681207 -0.0525665 0.4890257 -0.1775150 -0.0618499 0.1390042 -0.0677684 0.0980319 0.0573221 -0.0823589 0.0967697 0.0609014 0.0560574 0.1035600 0.4198129 0.0284955 0.3811657 0.1783856 0.0035487 0.3813268 0.4339119 0.2195001 0.4353021 0.5528923 0.0732334 -0.1198889 0.5889207 0.4872079 0.3760156 0.3930804 0.4876745 0.3500677 0.4353803 0.3880858 0.5097670 -0.1446906 0.3534420 0.4375307 0.4294458 0.4626746 0.3253139 0.6308174 0.7191331 0.4079148 0.4468051 0.4040007 0.3353301 0.2294097 0.6044714 0.7143362 0.5088660 0.6891406 0.4298913 0.7202098 0.2634340 0.7116546 0.4848609 0.6564710 0.6507851 0.2596750 0.5007499 0.7086442 0.4800901 0.4875137 0.4343455 0.2994361 0.7794429 0.5835102 0.6717587 0.1000720 0.5269738 0.2531444 -0.0915904 0.0657403 0.2544535 0.0932760 0.4429243 0.4866475 0.2230644 -0.1936487 0.4043273 0.5851900 -0.1602001 0.1190829 0.2408049 0.0912658 0.3249947 0.1320907 -0.1443832 0.0525743 0.2647793 0.0214939 0.1680153 0.0067823 0.0048574 -0.2320397 0.1475866 0.0352158 0.5350739 0.0696287 -0.1281971 -0.0697656 0.0200985 -0.3104221 0.0548335 0.2695159 0.1562352 -0.0520533 0.2649852 0.5047823
0.6118441 0.5425842 0.0000000 0.2581777 0.7284994 0.2682749 0.2573346 0.4586886 0.0714956 0.0001123 0.2782076 0.0752484 0.6570122 0.0580435 0.1330566 0.3683617 0.3271168 -0.0227636 0.4495773 0.3468278 0.0531990 0.6084167 0.4278797 0.0299495 0.4856473 0.4117316 0.3221273 -0.1225104 -0.0255396 -0.0930898 0.6311838 0.4705960 0.0853947 0.0808413 0.4473333 -0.3509996 0.4311823 0.5751972 0.1399700 0.1390677 0.6000785 -0.1553356 0.3434913 -0.1092846 -0.0992307 0.5418317 0.4067495 0.5731733 -0.0877917 0.5741805 0.4723582 0.3349654 -0.1765691 0.0045349 0.8432928 0.6391018 0.3879897 -0.1915580 -0.0229121 0.4774422 0.1603641 0.3066111 0.6524757 -0.1393173 -0.0275455 0.3315944 0.4346922 0.0004535 0.5417530 0.0095628 0.3985166 0.0951598 0.2488932 0.1566257 0.5128947 0.0527185 0.1273433 0.3656649 0.3848691 0.1034253 0.4713777 0.1781232 0.1058484 -0.0056556 0.1440325 0.0702274 0.3687501 -0.3240918 0.0649966 -0.0427945 0.2192071 0.4797133 0.2975051 -0.2414814 0.1804879 0.1881827 0.5265369 -0.0523249 0.0538321 -0.0828823 0.1314451 0.0825716 0.1521563 0.0662849 0.4088520 0.2867782 0.1346765 0.0986043 0.4257624 0.0192308 0.4353112 0.0118577 -0.2291450 -0.0361393 -0.0554976 -0.1607295 -0.0848000 -0.0396693 -0.1449063 0.0335782 -0.0400352 -0.0951468 0.3996518 -0.0664264 0.1303012 -0.0615187 -0.1781431 0.3526381 0.1654078 -0.0161198 -0.0220527 0.4098522 -0.2008692 -0.1152086 0.5171864 0.3518221 -0.0266798 0.1978349 0.0892863 0.3151989 0.4144466 0.2361406 0.4613216 -0.1593899 0.0523355 0.2636343 0.2535150 0.3081699 0.4269300 0.4712302 0.4966545 0.2537808 0.3070106 0.4365530 0.3381348 0.0312489 0.6896715 0.4775837 0.4235197 0.4771423 0.4218264 0.4646080 0.0988636 0.7214979 0.4146248 0.4179890 0.3679894 0.2905649 0.5230061 0.6100747 0.4287799 0.4623138 0.1830473 -0.0613103 0.2172773 0.2589541 0.1768912 0.2629833 0.2008279 0.4845575 0.2979780 0.1706157 -0.2166339 -0.2003230 0.1313488 0.4451921 0.5435051 0.3489361 0.2150490 0.0874043 -0.0473198 -0.2271957 -0.0626721 0.0562195 0.0809339 0.0071758 -0.0416875 -0.0596384 -0.0129442 -0.0685683 0.0529494 0.3334577 0.3492734 0.0459217 0.4446242 0.3182786 0.0573185 -0.0366593 0.0831402 0.0326897 0.4399442 -0.1068401 0.3839221 0.1301425 -0.2266962 0.2351557 0.3449843 0.3816371
-0.0173476 0.5106695 0.2581777 0.0000000 0.3173557 0.8459386 0.5033091 0.8947503 0.4628276 0.6875348 0.8728058 0.4635446 0.5002237 0.4547013 0.2650800 0.8044740 0.7309457 0.3733417 0.6386509 -0.1845764 0.5254438 0.5789111 0.7589776 0.3065509 0.6596581 0.7969729 0.5585601 0.0481440 0.3636861 0.0901804 -0.0844492 0.7599994 0.0124594 0.3169357 0.7789066 0.1817420 0.8211128 0.5379908 0.6587344 0.4634667 0.0808354 0.0431716 0.7470414 0.1502447 0.3479286 0.6296596 0.6802299 0.3054029 0.0565411 0.3980182 0.7103997 0.6092391 0.2331223 0.3819429 0.3960037 0.4041753 0.6028663 0.0768113 0.1191156 0.6954581 0.3536950 0.5979728 -0.1871792 0.5150751 0.6037555 0.3393564 0.6922634 0.3943925 0.1141044 0.6960350 0.5215992 0.9124491 0.5869551 0.6499898 0.4558167 0.5736881 0.8886794 0.5678571 0.6326161 0.2420366 0.3239122 0.0074240 -0.1182492 -0.1459627 -0.0469231 -0.1711004 -0.0891155 -0.1772320 -0.1191360 -0.0764260 -0.1173350 0.1721465 0.0701878 -0.4609163 0.2010889 0.2606282 0.2521553 0.0247968 0.1553427 -0.3269147 -0.0975406 0.0815321 0.0196794 -0.1302974 0.1663546 0.4939378 0.1106456 0.4088194 0.0215020 0.3191089 0.2380407 -0.1115949 0.1344143 0.1647919 0.3762626 0.3260560 0.3156962 0.4274621 0.3562239 0.2672187 0.4045002 0.3992551 0.4805787 0.1831499 0.2194156 0.0871330 0.2763505 0.4465250 0.2503565 0.3141909 0.5417773 0.4956928 0.3590898 0.3420822 0.5148346 0.5193552 0.6828674 0.3410933 0.5289282 0.0279257 0.4765841 0.3719393 0.5075255 0.1716525 0.4307110 0.3767515 0.4130780 0.3963294 0.3817480 0.4583505 0.3973414 0.3674091 0.4225621 0.3669206 0.3991644 0.0296342 0.4743078 0.4733477 0.4655899 0.3210477 0.5298695 0.5298085 0.2205319 0.4335536 0.5322583 0.3789531 0.4219680 0.3790355 0.5360616 0.5068331 0.5125898 0.4863230 0.2814112 0.3943915 0.3546568 0.3360181 0.5771547 0.0766367 0.6672508 0.0754393 0.0337998 -0.0535598 -0.0629506 -0.1919019 0.0165683 0.6157634 0.0466184 -0.2545140 0.4580066 0.5076554 -0.2691651 0.2679063 0.2011269 -0.4238116 0.0182163 -0.0843709 -0.3821106 0.0684494 0.3968904 -0.1332888 -0.0767270 -0.0491513 0.2877970 0.1042148 -0.5959186 -0.0747668 0.1645769 -0.2490193 -0.3422532 -0.1928984 0.3890829 -0.3845425 -0.3917182 -0.0224914 0.0308304 0.1177269 0.0979067 0.1514356
0.5437393 0.5356607 0.7284994 0.3173557 0.0000000 0.2141991 0.1659785 0.5403054 0.0610800 0.0446805 0.1796989 0.1201202 0.7689266 -0.1002021 0.0744955 0.3115165 0.0420771 -0.0995430 0.4247489 0.3963566 0.1130320 0.5910402 0.2867750 0.0035144 0.4004873 0.4092385 0.1128843 -0.1948767 -0.0378783 -0.1591048 0.5577295 0.4353043 -0.1331499 -0.0049742 0.4049298 -0.6098794 0.4648530 0.4701793 -0.0202550 -0.0825807 0.3389884 -0.4790492 0.2209952 -0.1596594 -0.2083533 0.5118369 0.4434535 0.4039715 -0.2615099 0.5016613 0.4027680 0.0532518 -0.3224745 -0.3457062 0.7211032 0.5841727 0.4493383 -0.3157343 -0.0111760 0.3600226 -0.0525668 0.0624451 0.6748226 -0.2739067 -0.0535016 0.3730425 0.3357646 -0.3614583 0.4785992 -0.2072276 0.3223313 0.0673931 0.0580045 0.2203210 0.3631377 -0.2116083 0.1912925 0.2843948 0.1725132 -0.0371670 0.6350104 0.3940248 0.0103496 -0.2956382 -0.0648744 -0.3054761 0.1268502 -0.5404792 -0.3741673 -0.2180630 -0.1007364 0.3209643 -0.1289082 -0.4826682 -0.1128632 0.0334956 0.4520059 -0.3067294 -0.2467882 -0.2282573 0.0395791 -0.2918098 -0.1396288 0.0668456 0.0754827 0.0183950 -0.2170308 -0.0980765 -0.1964599 -0.2393472 0.0185171 -0.4331675 -0.1557604 0.0291009 -0.1469855 -0.0329315 0.0602411 -0.1050421 -0.0539074 -0.1089560 0.0680345 0.1372246 0.4159122 0.0633233 -0.2567839 -0.3615825 0.0048839 0.3104858 -0.2308714 0.0618387 -0.1548255 0.3812365 -0.1487013 0.1489302 0.3948192 0.2799538 -0.0490433 -0.2344641 -0.1635202 -0.0542596 0.4052293 -0.2139230 0.4217123 0.1338859 -0.1981314 0.4653760 -0.0781304 0.0583340 0.4655247 0.2196405 0.3706745 0.3172741 -0.0798248 0.4444531 0.2757394 0.3321070 0.6153992 0.2845751 0.5578603 0.4020265 0.4551330 0.2417653 0.4226656 0.5469822 0.3401427 0.4359861 0.4910248 0.4316064 0.4764626 0.3835367 0.4070449 0.4277037 0.2040517 -0.0634607 0.3565868 0.3058001 0.3070110 0.4300684 0.3005900 0.4162993 0.3134443 -0.0961008 -0.2371665 -0.0321899 0.2013225 0.5737634 0.5006800 0.4327743 0.4211569 0.2808705 -0.0774925 -0.1347912 0.0330714 -0.0265784 -0.0221480 -0.1394214 -0.0988915 -0.0351547 0.2093795 -0.3540453 0.1728362 0.1998367 0.4345977 0.1849415 0.2508373 0.4223823 -0.1823049 -0.1165137 0.0968647 0.2031907 0.4695197 -0.2552677 0.4439115 0.2998920 -0.2134146 0.2841537 0.3317739 0.5205224
0.0439271 0.6771259 0.2682749 0.8459386 0.2141991 0.0000000 0.6665527 0.7618716 0.4694446 0.6564315 0.7432278 0.4969459 0.4176107 0.5724879 0.0986456 0.6770443 0.6814162 0.3709214 0.4772950 0.0653231 0.4813241 0.3803044 0.6367826 0.5267736 0.4754384 0.5965631 0.5480195 0.2775483 0.4714645 0.0691387 0.0117725 0.5838162 0.4040228 0.5980410 0.6462401 0.3328199 0.6405558 0.3577193 0.5416449 0.3235141 0.0553137 0.2103696 0.6640275 0.2205032 0.4556184 0.4398052 0.4688670 0.2099328 0.3314530 0.1485586 0.5223884 0.4683150 0.4901680 0.3239435 0.3268121 0.1997619 0.3470335 0.1969282 0.2695008 0.5203226 0.4189449 0.4493916 -0.1924362 0.5425379 0.5611829 0.1332913 0.5357725 0.3772875 0.0160523 0.5936446 0.3731244 0.7970451 0.4474622 0.6088258 0.4330016 0.5612371 0.7240912 0.4207583 0.4820097 0.0472188 0.0585055 -0.0721272 -0.2098270 -0.2190070 -0.0507415 -0.2643240 -0.2596960 -0.1268024 -0.1102765 -0.1783218 -0.1717917 -0.0039443 0.1246042 -0.4403260 0.1733037 0.2501883 0.2440979 0.0452055 0.0714645 -0.3286217 -0.3059188 0.0627346 -0.0255529 -0.2017507 0.3127661 0.5540164 0.1086221 0.4528656 0.1819781 0.2147067 0.3435824 -0.0379241 0.1379604 0.1494795 0.2741724 0.2836417 0.2113430 0.3002799 0.3315912 0.2519643 0.3020119 0.3161829 0.2556053 0.1901889 0.4127341 0.3375594 0.1786851 0.3024130 0.4832656 0.3558756 0.6523346 0.4630980 0.3417084 0.0303901 0.5857597 0.4538469 0.6526907 0.5084049 0.6381054 0.0995532 0.4425949 0.5284926 0.4452067 -0.1068767 0.5596802 0.2730321 0.5548837 0.5433667 0.3696031 0.5771680 0.4172969 0.2887278 0.5808273 0.3511371 0.4638104 -0.0470492 0.4318711 0.5632307 0.4068447 0.2775994 0.5144832 0.5994712 0.0675962 0.3926374 0.5304501 0.3858374 0.3915467 0.3327141 0.4774518 0.4707213 0.4899654 0.4873173 0.4145166 0.4724873 0.5905974 0.2393968 0.4981161 -0.2926061 0.5425221 -0.0648660 -0.3329802 -0.0657116 0.1050327 -0.1139133 0.0734617 0.4923677 0.0228470 -0.4015749 0.2908577 0.4265720 -0.3073841 0.1163356 0.0422872 -0.2826159 0.1785717 0.0609983 -0.3348046 -0.1291492 0.1457916 0.0999942 -0.0895024 0.0172934 0.0878582 -0.2693913 -0.4713170 -0.4010632 0.6027920 0.0607556 -0.2761100 -0.2484124 0.2576408 -0.3959786 -0.3809867 -0.0763994 0.3364196 -0.0493102 0.1724211 0.1602751
0.3745696 0.7758862 0.2573346 0.5033091 0.1659785 0.6665527 0.0000000 0.4104641 0.7277212 0.6745387 0.3736157 0.6774377 0.0668096 0.7561454 0.4742612 0.2359086 0.4461814 0.7878042 0.2229344 0.0633997 0.5934675 0.1633500 0.3695911 0.8211769 0.2503517 0.3007589 0.5919347 0.6686162 0.6757013 0.4278120 0.1621445 0.3282689 0.6363960 0.7389765 0.2740352 0.3933494 0.3675707 0.1229227 0.2266009 0.2363538 0.0664041 0.3175780 0.1689036 0.5160751 0.4041543 0.1353418 0.0933331 0.1004710 0.6243229 0.0103065 0.1041894 0.0482513 0.5890725 0.2023727 0.2951737 0.0930792 0.2065226 0.3996807 0.5168368 0.2138069 0.4243285 0.0955445 0.2087563 0.3817853 0.4167222 0.2227229 0.1958929 0.1153865 0.2546294 0.1363542 0.1435837 0.5476747 0.0868714 0.4185960 0.2057701 0.1426499 0.3234545 0.0334193 0.1174904 0.1446144 -0.0909488 -0.0451316 0.1182653 0.0696591 0.2107282 0.0153477 -0.1373714 -0.1366129 0.0623725 -0.2585843 0.1296354 0.0431679 0.2887118 -0.1881363 -0.0087156 0.0952785 0.4116304 0.2998169 -0.0781314 -0.0860077 -0.3271527 0.3024569 0.1722918 0.0159036 0.4486020 0.3230719 0.2323562 0.3521199 0.2077474 0.1791485 0.3353583 0.0737671 0.0220783 0.2672164 0.2687212 0.3491981 0.2632146 0.2263316 0.3760026 0.3430545 0.2667786 0.2577655 0.0828469 0.1351934 0.4907172 0.4537962 0.2430264 0.0734658 0.3636831 0.1699080 0.5112235 0.2471181 0.1941414 -0.3949718 0.2696678 0.1459942 0.4078281 0.3182519 0.4604665 0.2909267 0.0857571 0.3603626 0.2631879 -0.3696816 0.2756361 -0.0050197 0.2695643 0.2044452 -0.0096575 0.4371163 0.4437535 0.0331227 0.3416803 0.0553469 0.0704222 -0.0397432 0.3281081 0.4508208 0.2787978 0.4081204 0.1893153 0.5937957 -0.1559529 0.4219737 0.3287144 0.2843806 0.2375984 -0.0552908 0.2588306 0.5423147 0.2087975 0.2713255 0.6854797 0.5571036 0.7599388 0.5460259 0.5950232 -0.1983718 0.4906305 0.0038570 -0.3131404 0.3285194 0.5291798 0.3335319 0.3659718 0.1699003 -0.0736677 -0.4288643 0.2296276 0.4351237 0.1023684 0.1791095 0.1264488 0.1360987 0.3884171 0.2089443 0.0409648 -0.1180308 0.1492225 0.2937149 0.0024375 0.1677207 -0.0948855 -0.1470728 0.0743144 -0.1982591 0.6161983 0.0173815 -0.1370699 0.0726326 -0.0521844 -0.2468305 -0.0200006 -0.0123626 0.4061548 -0.1801744 0.1124367 0.1273890
0.3009987 0.6467500 0.4586886 0.8947503 0.5403054 0.7618716 0.4104641 0.0000000 0.2102924 0.5379499 0.8359646 0.4624828 0.7701771 0.2396916 0.1669632 0.8589400 0.6614514 0.1622584 0.8634194 0.0336395 0.4654620 0.7596482 0.6843036 0.2265917 0.8318896 0.8704895 0.4266825 -0.1615854 0.3778419 -0.1287632 0.0228131 0.8578907 -0.0405479 0.2844878 0.7943994 -0.1066885 0.8783336 0.7401787 0.5171771 0.2398066 0.2921418 -0.0943929 0.6837200 -0.1007004 0.1847434 0.8348083 0.8135859 0.5263714 -0.1688022 0.5846324 0.7816967 0.5860213 -0.0766418 0.1678487 0.5400480 0.6357202 0.7268600 -0.2251323 -0.0316946 0.7927538 0.2868363 0.6359590 0.0235513 0.1490783 0.3246988 0.4949103 0.8460070 0.1908090 0.3799357 0.5153297 0.7318383 0.7283462 0.6757817 0.4347959 0.7172049 0.3764930 0.7550354 0.7374001 0.6517778 0.0774390 0.4782786 0.2615035 -0.0216935 -0.1883214 0.0016997 -0.2568426 -0.0647295 -0.3519426 -0.2558770 -0.2705756 -0.1677927 0.2979459 0.0062772 -0.4794323 0.0965311 0.2972330 0.4068943 -0.1590874 0.0150451 -0.2274954 0.0231031 -0.0565759 0.0281811 0.0736197 0.3382883 0.5015897 -0.0049805 0.3496506 0.1081801 0.1679644 0.3035089 -0.3221148 -0.0225829 0.1943772 0.2197057 0.1892055 0.2741750 0.2835814 0.2042992 0.2202954 0.3862449 0.3898801 0.6275713 0.1521330 0.2368460 0.0021735 0.2416668 0.5873567 0.3342330 0.4062552 0.5040011 0.6619772 0.3406937 0.3371778 0.6846220 0.6847922 0.6360697 0.4119188 0.5297962 0.1713231 0.6689239 0.3999845 0.5922880 0.1574007 0.4770796 0.5918609 0.5273367 0.5750228 0.5780700 0.6033061 0.5972483 0.5352098 0.4792401 0.5724438 0.5563460 0.1131790 0.6651868 0.6478083 0.6082174 0.4676810 0.6559933 0.5924164 0.3538583 0.6036904 0.5976433 0.5675417 0.5822433 0.5515923 0.6794256 0.5896395 0.6408642 0.5915556 0.2644357 0.2665584 0.3737414 0.4280829 0.5957322 0.2666103 0.5843398 0.2527914 0.1334502 -0.1992937 -0.2672560 -0.3548582 -0.0151827 0.6224612 0.1841389 -0.1937857 0.3808651 0.4969253 -0.3031132 0.0571044 0.1788234 -0.3116575 0.1316182 -0.0035340 -0.3820770 0.0566486 0.3571624 -0.2199085 -0.1538543 -0.1621345 0.1758314 0.0241536 -0.3958509 0.0348122 0.1024242 -0.3370303 -0.4396909 -0.3367982 0.2719597 -0.3326080 -0.2686547 0.0035582 -0.1746292 0.0639457 0.2940263 0.4098245
-0.0178329 0.3533607 0.0714956 0.4628276 0.0610800 0.4694446 0.7277212 0.2102924 0.0000000 0.7717515 0.3845699 0.4593342 -0.1513348 0.8081291 0.6858990 0.1729893 0.5013118 0.8516052 -0.0586038 -0.2844401 0.5394541 0.0050771 0.5379570 0.5386238 0.0151702 0.2311656 0.7380846 0.6149063 0.3926054 0.6555497 0.0737225 0.1195204 0.3275433 0.4402412 0.3605870 0.4320379 0.2851997 -0.0900782 0.4752480 0.6496185 -0.1245099 0.1916405 0.3497480 0.6946874 0.4286258 -0.0958394 0.0487819 -0.1441716 0.5997041 -0.1006189 0.1718421 0.1531689 0.6941155 0.4574441 0.1352454 -0.1388652 0.0922098 0.5995047 0.3471204 0.1468175 0.2172041 0.0700497 -0.0271591 0.6774540 0.6405307 0.0360672 -0.0131271 0.2929235 -0.1184329 0.2784772 -0.1540872 0.5790476 -0.0548149 0.5073218 -0.1735012 0.2342656 0.3095989 -0.1851961 -0.0125186 0.1633173 -0.2443609 -0.3185454 -0.1180051 -0.1451787 -0.1334051 -0.0859647 -0.0602458 0.0007957 -0.0039920 -0.0847487 0.1210253 -0.0589151 0.1324325 -0.0728361 0.0228736 -0.0633743 0.0503365 0.2011266 0.0229766 -0.1625483 -0.3284900 0.1055188 -0.0867991 -0.1154395 -0.0687421 0.0266079 0.0350370 0.0097165 -0.1178884 0.0204045 -0.0260979 0.0509307 -0.0959011 -0.0192045 0.2340430 0.2602023 0.1511582 0.3146072 0.3353051 0.3386985 0.2298508 0.1615321 -0.1602311 0.1250042 0.2059936 0.3595194 0.2054390 -0.2625459 -0.0284879 -0.0617845 0.1502099 -0.1760087 0.1187979 -0.2190037 -0.1437122 -0.2641796 0.1373136 -0.1113773 0.0248047 0.0015398 -0.2405504 -0.0312540 -0.0827933 -0.1938182 -0.1212344 -0.2844817 -0.2205958 -0.3143659 -0.3409931 -0.0289567 -0.0304797 -0.2732121 -0.0802133 -0.2356049 -0.2677214 -0.2453343 -0.0461451 -0.0414767 -0.0550138 0.0557782 -0.0170246 0.1897916 -0.3958443 0.0736061 0.0766302 -0.1393661 -0.0887892 -0.2951530 -0.0544207 0.2092267 -0.0718613 -0.0190312 0.3725617 0.3457998 0.5427322 0.4666816 0.3999711 -0.2562852 0.4342602 -0.0206841 -0.2092700 0.3138124 0.4109357 0.2926141 0.1165833 0.1200432 -0.2722413 -0.3405829 0.2091710 0.1701728 0.2344396 0.2458676 0.0666528 0.0793739 0.1578179 0.1206330 0.2499552 -0.0493280 0.1068918 0.3075077 0.1024348 0.4025449 0.2431806 0.2684865 -0.1200489 -0.1575383 0.3089816 0.0337210 0.1952283 0.3518410 0.2037345 0.0145763 -0.1868805 -0.1277368 0.4499547 -0.1242221 0.0508837 -0.0413526
0.0654832 0.4267208 0.0001123 0.6875348 0.0446805 0.6564315 0.6745387 0.5379499 0.7717515 0.0000000 0.6910561 0.5824662 0.0745738 0.8353013 0.5127396 0.4928438 0.6747265 0.8038843 0.3304897 -0.2665807 0.5350455 0.2426334 0.5866900 0.6376079 0.3299542 0.5505774 0.7166102 0.5188818 0.4507331 0.5481964 -0.1799478 0.4110960 0.3629967 0.5751754 0.5721479 0.2665582 0.5611300 0.1463148 0.6241606 0.5560133 -0.1522491 -0.0564556 0.5289018 0.5514944 0.2495797 0.2018973 0.3602226 0.0094700 0.4672289 -0.0507214 0.4611772 0.2856547 0.5415253 0.4599041 0.0585263 -0.0404619 0.2931212 0.3636710 0.0140374 0.4192752 0.0018491 0.2604465 -0.2464597 0.4996807 0.4690540 0.1351193 0.3971339 0.2544596 -0.1053547 0.4294578 0.2157257 0.7709072 0.2874543 0.3946162 0.1405854 0.2690050 0.4533943 0.1258765 0.0855221 -0.0170403 -0.2389087 -0.2124225 -0.1827940 -0.2075297 -0.1882777 -0.2445639 -0.2165519 -0.1415528 -0.1762337 -0.2904880 -0.0883174 -0.1272406 0.0199087 -0.3066361 -0.0003636 -0.0353597 0.1368609 -0.0171533 0.0074556 -0.3138429 -0.4555056 0.0069957 -0.1479973 -0.2015934 0.0519180 0.1737034 0.0032154 0.1000829 -0.0357809 0.1097364 -0.0050347 -0.0943514 -0.2223929 -0.0212363 0.2374654 0.1868379 0.1682656 0.3415286 0.2370358 0.3605547 0.3544439 0.2917409 -0.0594551 0.0050235 0.2418427 0.3489403 0.2720589 -0.0826978 0.2388121 0.0670523 0.3803907 -0.0364379 0.3048617 -0.0300927 0.0443575 -0.0527431 0.4028169 0.1944312 0.3677196 0.1044058 -0.0920179 0.2010995 -0.0619999 -0.2017919 0.1026725 -0.2021772 0.0929746 -0.0116137 -0.2431549 0.1655382 0.1117688 -0.1555753 0.1499842 -0.2064662 -0.1021176 -0.3214316 -0.0009764 0.0775510 -0.0220506 0.0988306 0.0575706 0.3045374 -0.3158016 0.1049609 0.1194134 -0.0400883 -0.0270154 -0.2270572 0.0271442 0.2420143 -0.0214814 -0.0218154 0.4532848 0.5229804 0.5192901 0.5368122 0.6571592 -0.0562621 0.4850053 -0.1609070 -0.2392668 -0.0565210 0.0260875 -0.1529699 -0.1915372 0.0677167 -0.4862445 -0.6838873 0.1311596 0.3334949 -0.0061783 0.1510435 0.2239281 -0.1727502 0.1800554 0.1293920 0.0234032 0.0521259 0.2083213 0.1501865 -0.1706641 -0.0080167 0.0075600 0.0984631 -0.3763245 -0.3115976 0.2339151 -0.2490331 -0.2861865 -0.0351303 0.0404420 -0.0834079 -0.5272556 -0.3105800 0.2315854 -0.3010984 0.0776122 -0.0493897
0.0304380 0.3517936 0.2782076 0.8728058 0.1796989 0.7432278 0.3736157 0.8359646 0.3845699 0.6910561 0.0000000 0.2955375 0.4701706 0.4168896 0.2743411 0.9461043 0.9205856 0.3255484 0.7463908 -0.1583294 0.3685869 0.6248096 0.8906874 0.1770338 0.7355723 0.8842961 0.7225609 -0.0453332 0.2439559 0.0800505 -0.1266236 0.7632948 -0.0097440 0.2364491 0.8840806 0.1491390 0.8468451 0.6069799 0.8009103 0.5892541 0.2579351 0.0155423 0.8735110 0.1018020 0.2326276 0.6829597 0.8214099 0.4371269 0.0115347 0.4405624 0.8592233 0.8053935 0.1174581 0.5897045 0.4064459 0.4556476 0.6446258 0.0212704 -0.2083843 0.7616661 0.2027515 0.7824765 -0.2079434 0.3588268 0.3339658 0.4174106 0.7951157 0.5319536 0.1900622 0.7658026 0.6311830 0.8054740 0.7387350 0.3124371 0.5326979 0.5625145 0.7389253 0.6485859 0.6214892 0.1488193 0.1343865 0.0689116 0.0169426 -0.0679870 -0.0390502 -0.1110505 -0.0066960 -0.0209965 -0.0814562 -0.1331244 0.0022434 0.2719042 0.0083671 -0.2169866 0.2613210 0.2764052 0.0885778 -0.1069602 0.2234618 -0.0845896 0.0384183 0.0375293 0.0184930 0.0086271 0.1524343 0.4928435 0.0095131 0.2759301 0.2033504 0.2777115 0.2112341 -0.1392561 -0.0876236 0.1293024 0.4025749 0.2046704 0.3057043 0.5415425 0.2822179 0.4503887 0.5045894 0.4063193 0.3305493 0.1989626 0.3531063 0.2408539 0.3051686 0.3233183 0.4097038 0.3474707 0.4931322 0.3595522 0.4008591 0.1618600 0.4369924 0.4216517 0.5940805 0.4648800 0.4973898 0.1716538 0.3983052 0.4380241 0.3155852 -0.0656537 0.4370824 0.2422302 0.4636455 0.4377365 0.3014738 0.4487015 0.3295294 0.1809387 0.4332090 0.2953433 0.3925043 -0.2703080 0.3673633 0.3941710 0.2812131 0.1476042 0.4501787 0.4075210 -0.0744180 0.3095949 0.4184398 0.1936209 0.1721942 0.2755683 0.4168638 0.3652073 0.3904779 0.3423611 0.2489082 0.2995120 0.1706325 0.2996242 0.3821772 0.0393340 0.3883207 0.0691051 0.0070153 -0.1207170 -0.3244921 -0.4506844 -0.2801713 0.3103895 -0.0341466 -0.3679329 0.1366686 0.2206093 -0.1876785 -0.0375948 0.0339701 -0.3629913 0.1313193 0.0936535 -0.2467711 -0.0711736 0.1392361 0.0244197 -0.3828241 -0.0359189 0.1613795 0.0237316 -0.5432293 -0.1882228 0.0774045 -0.4242133 -0.4667023 -0.3842780 0.2917308 -0.1839698 -0.4742341 -0.3598672 -0.1534451 -0.0815727 0.2470093 0.1028343
0.4213112 0.6934650 0.0752484 0.4635446 0.1201202 0.4969459 0.6774377 0.4624828 0.4593342 0.5824662 0.2955375 0.0000000 0.2492277 0.4506186 0.6117463 0.1406237 0.2706931 0.6227615 0.3236454 -0.2059616 0.8101267 0.2620431 0.1578361 0.7920813 0.3704887 0.2840444 0.2422903 0.2946835 0.9196392 0.1186569 -0.0947611 0.3913877 0.4562044 0.8105215 0.2416174 0.1177266 0.4257485 0.2871841 0.1406550 0.0806837 -0.0270706 0.1283918 0.0852987 0.2952108 0.6235775 0.2766694 0.2027828 0.1415808 0.3643247 0.2085253 0.1845709 0.0515258 0.4231679 0.0705617 0.0775993 0.0894679 0.3603870 0.3090568 0.3494598 0.4689890 0.3725169 0.1570982 -0.1227648 0.2934776 0.4534954 0.2282130 0.4055875 0.1234062 0.0684344 0.1204871 0.2967675 0.5384001 0.3196186 0.5043370 0.3432925 0.1740950 0.3624560 0.1912670 0.2539753 -0.1990038 -0.0609545 -0.1020405 -0.1733775 -0.2545324 -0.1405689 -0.1531312 -0.0533946 -0.4412147 -0.0329867 -0.3367952 0.0932149 0.1226689 0.0740481 -0.3720053 0.1064779 0.2710577 0.5480577 -0.0336134 0.0522609 -0.2564665 -0.2920572 -0.0032775 0.0102012 -0.0093361 0.5423505 0.3991797 -0.0275274 0.3078136 0.1298257 -0.1395259 0.5238410 -0.2799698 -0.2425745 -0.0936285 -0.1510160 -0.1092969 -0.1696875 -0.1461794 -0.1006456 -0.0646074 -0.0915805 -0.1199324 0.3924135 -0.2024246 0.3029307 0.0817544 -0.0653955 0.4304352 0.2838458 0.0386432 0.3656388 0.4657363 0.1508642 0.1161460 0.3791013 0.4154229 0.4095768 0.3094709 0.4388454 0.2436126 0.3019927 0.4169346 0.3989400 -0.1451139 0.2492374 0.3180233 0.3304332 0.2611801 0.0256354 0.5569879 0.5613098 0.1516591 0.4270591 0.2231468 0.1906114 -0.0515811 0.2959859 0.5564673 0.2461504 0.5182392 0.3478089 0.7157793 0.1247816 0.4385483 0.4895257 0.4402264 0.5441900 0.0558838 0.3528848 0.6512690 0.4024082 0.3755728 0.1796813 0.1105592 0.5968470 0.7836446 0.8707983 0.1690164 0.6372707 0.0493077 -0.1047421 -0.0370457 0.1978580 -0.0596321 0.1514995 0.4006306 -0.1321331 -0.4926385 0.5017502 0.7272918 -0.3327370 0.4483387 0.4567960 -0.0568745 0.1360358 0.0124848 -0.2584097 0.3193615 0.3025379 -0.0759053 0.3008007 -0.0767578 0.0272398 -0.0362734 -0.0212476 -0.1240473 0.3470777 0.0232822 -0.0072019 -0.1282289 -0.0974386 -0.3859677 -0.3598487 0.2711480 0.0391935 -0.3601228 -0.2084574 0.0716949
0.4097625 0.5277603 0.6570122 0.5002237 0.7689266 0.4176107 0.0668096 0.7701771 -0.1513348 0.0745738 0.4701706 0.2492277 0.0000000 -0.2306465 0.0142661 0.5868540 0.2633283 -0.2431140 0.7361902 0.3788811 0.2579755 0.8364405 0.4442813 -0.0683812 0.6991214 0.6093144 0.0817982 -0.4325528 0.1614358 -0.4798334 0.4047867 0.6725226 -0.1353812 0.0735013 0.6160531 -0.4829376 0.6698689 0.7957840 0.1754303 -0.0395050 0.5295759 -0.2829550 0.4490531 -0.3911933 0.0425349 0.7975551 0.7203494 0.6727284 -0.4448517 0.7596499 0.6664149 0.4199921 -0.3867628 -0.1704719 0.6856765 0.7427423 0.6724145 -0.4795625 -0.1378922 0.6938863 0.1173494 0.4732823 0.3444007 -0.2557374 -0.0125052 0.4893389 0.7100966 -0.0437031 0.4653108 0.1084475 0.6616695 0.2635596 0.5351504 0.1916431 0.7162894 0.0968965 0.4250277 0.6860934 0.5245039 -0.2334539 0.5107990 0.4033663 -0.0403890 -0.2962970 -0.1047081 -0.2223402 0.2004606 -0.5816874 -0.2017704 -0.2201672 -0.0243686 0.5038730 0.0048808 -0.5238721 0.1972773 0.4337590 0.5173989 -0.2900726 0.0772766 -0.2145111 0.1703217 -0.2012213 0.0003777 0.1102762 0.3418984 0.4602194 -0.1739756 0.1371706 0.0782051 -0.1212734 0.3764720 -0.4378937 -0.1777265 0.0289285 -0.0356695 -0.1136092 0.0191831 0.0206086 -0.0952081 0.0185498 0.1583988 0.1377780 0.6320915 0.0796607 0.0241917 -0.2419425 0.0174892 0.6522395 0.0899250 0.2850806 0.1028776 0.7140760 0.0616108 0.3259257 0.7321234 0.6640420 0.2644656 0.1380012 0.1492083 0.0550985 0.7472660 0.1922372 0.6777613 0.1239499 0.1673809 0.7141315 0.3656216 0.5036388 0.7254591 0.5687579 0.4839327 0.4154865 0.3556243 0.7136163 0.6765961 0.0705490 0.7166944 0.5896947 0.6049495 0.3067787 0.7653595 0.4638427 0.4282166 0.5335576 0.6290923 0.5089661 0.6203012 0.6458484 0.6768099 0.4969831 0.6808951 0.6293098 -0.0401137 -0.1110221 0.2782980 0.3709189 0.3754199 0.4168671 0.3673753 0.4258901 0.3187914 -0.2335842 -0.4458136 -0.3822144 -0.0123795 0.6730081 0.5352147 0.1740902 0.3497685 0.3117931 -0.2675620 -0.2023140 -0.0585837 -0.1165439 0.0790761 -0.0266021 -0.3373395 -0.0799001 0.0465890 -0.3299390 -0.0038320 0.0820384 0.3799408 0.0789520 0.0045431 0.1222664 -0.0783941 -0.2055072 -0.1367182 -0.2461934 0.4245713 -0.3307841 -0.0380266 0.1836797 -0.3853320 0.1293975 0.1549939 0.4333345
0.0631404 0.3987051 0.0580435 0.4547013 -0.1002021 0.5724879 0.7561454 0.2396916 0.8081291 0.8353013 0.4168896 0.4506186 -0.2306465 0.0000000 0.3640401 0.1925809 0.5456161 0.8330689 0.0112383 -0.1910426 0.3352429 -0.0597159 0.4000545 0.7215225 0.0651840 0.2811201 0.6704441 0.8164871 0.3334849 0.7878713 -0.1046845 0.1857123 0.5759453 0.5891884 0.3383192 0.4550160 0.2614944 -0.1212164 0.5438003 0.5569121 -0.2354697 0.0953886 0.3754553 0.7635586 0.2138573 -0.0844326 0.0060699 -0.1679205 0.7339180 -0.3349682 0.1828487 0.0952616 0.7413243 0.4556485 0.0041141 -0.2532151 -0.0483052 0.5273341 0.2287486 0.1276589 0.0963655 -0.0000294 -0.1566154 0.6219359 0.5378031 -0.1146765 0.0884500 0.1894412 -0.1907610 0.3582883 -0.0629418 0.6273456 -0.0217577 0.4416078 -0.0364908 0.2862968 0.3050427 -0.1494268 -0.0620090 0.2183885 -0.2940163 -0.4791753 -0.2673955 -0.1036081 -0.0898618 -0.1655502 -0.3419431 -0.0202167 -0.0655379 -0.2516943 -0.0762421 -0.3246326 0.2266128 -0.2063704 -0.0859295 -0.2197014 0.1869718 0.1602486 -0.0806872 -0.3485997 -0.6452946 0.1611681 -0.1362306 -0.3573673 0.1370719 0.0879045 0.1941712 0.0780400 0.0986049 0.1706610 0.0155996 0.1890096 -0.1681316 -0.0734476 0.1323433 0.1480413 0.0460798 0.1378636 0.1700976 0.1946936 0.1085461 0.0879718 -0.1796146 -0.1735452 0.2162753 0.3626426 0.0686886 -0.2212417 0.2121940 -0.1602526 0.3349429 -0.1681479 0.0916751 -0.2652648 -0.0042779 -0.1938598 0.2327614 0.2189909 0.4017343 0.1049902 -0.2186151 0.2366134 -0.1360113 -0.2844213 0.1076061 -0.4425510 0.0991606 -0.0507878 -0.3332646 0.0908659 0.0647632 -0.1647754 0.1931430 -0.3002959 -0.2559563 -0.2110365 0.0066413 0.0504122 -0.0330671 0.2003254 -0.1335307 0.3179149 -0.3989842 0.2018738 0.0223568 0.0012797 -0.0872733 -0.3394139 -0.0068688 0.2856820 -0.1067116 -0.0404190 0.6124533 0.6431754 0.4976105 0.2823369 0.4578447 -0.3119391 0.3488255 -0.2689589 -0.3902799 0.1337103 0.3201391 0.0718869 0.0039081 -0.0639378 -0.4643779 -0.5679507 0.0572993 0.2297912 0.0174496 0.2566361 0.2135279 -0.1377678 0.0605564 -0.0145824 0.0439862 0.0487993 0.1900649 0.1973697 -0.0097053 0.1380192 -0.0851341 0.0088372 -0.1442644 -0.2787164 0.4389295 0.0613060 -0.0719000 0.1905558 -0.0047213 -0.0538173 -0.2678563 -0.2814726 0.5375359 -0.1419471 0.1546104 -0.0978099
0.2603025 0.2803951 0.1330566 0.2650800 0.0744955 0.0986456 0.4742612 0.1669632 0.6858990 0.5127396 0.2743411 0.6117463 0.0142661 0.3640401 0.0000000 0.1031196 0.3572451 0.7398126 0.1515611 -0.4676788 0.6276675 0.2517135 0.4029926 0.3898658 0.2538289 0.2501136 0.5429446 0.1574372 0.5726172 0.3378550 0.1130250 0.2321607 0.0937196 0.3594372 0.2972252 0.1423014 0.3666152 0.2448880 0.2438124 0.4680890 0.1958714 0.1717118 0.1260967 0.3776688 0.5050719 0.1621303 0.2235780 0.2004847 0.2746403 0.3615642 0.2435894 0.2462429 0.2979299 0.4235582 0.2288432 0.1867494 0.4272708 0.4741124 0.1596750 0.4260060 0.2793233 0.2760693 0.0755135 0.3067349 0.3245630 0.3985910 0.2362251 0.3676882 0.1797244 0.1233913 0.1707615 0.3846826 0.2616771 0.2461071 0.0764568 0.1186075 0.1399313 0.0672155 0.2028109 -0.0737989 -0.1294899 -0.1008632 0.1630785 0.0337637 -0.0308622 0.2606250 0.4712759 -0.1217740 0.2757355 0.0384464 0.5569608 0.4481179 0.1400640 0.0578746 0.2930430 0.2757932 0.1865234 0.1480660 0.2819951 0.1031889 0.1145567 0.1868214 0.2109095 0.2094842 0.1843679 0.1729576 0.0432219 0.1104019 0.1275980 -0.0359556 0.3253076 -0.0731249 -0.2936507 -0.0660127 0.1089230 -0.0289444 -0.0106794 0.2332679 0.0504645 0.2845834 0.1163069 -0.0593485 0.1003797 0.0110405 0.2821775 0.1996140 0.1164972 0.0618751 0.0306391 -0.0708704 -0.0019937 0.0464101 0.1090894 -0.0720324 -0.0982918 -0.0293182 0.0792356 -0.0351554 -0.0767721 0.3218321 -0.1168134 0.0988629 0.0815222 -0.2594151 -0.2004422 -0.0198097 -0.1739678 -0.2721652 -0.3402173 0.1872831 0.2415402 -0.2952039 -0.0131155 -0.1198365 -0.1293198 -0.3633203 -0.0081659 0.1054764 -0.1425945 0.1887063 0.0981086 0.3312868 -0.3130825 0.1525456 0.2292637 -0.1063274 0.0224499 -0.3059024 -0.0068957 0.3950924 0.0375598 0.0380493 -0.0166838 -0.2024634 0.2650450 0.7631860 0.4589576 0.1860715 0.3255441 0.2122599 0.1210719 0.2813384 0.1364716 0.0347764 0.0171784 0.1606562 -0.0885358 -0.2651235 0.3226671 0.3054032 0.1569745 0.2259309 0.1959357 0.1676638 0.1973794 0.2050380 0.2426630 0.1737114 0.0712449 0.2069318 0.1987407 0.2812691 0.2974906 0.3574754 0.1707441 0.0695247 -0.0206272 -0.1769769 0.2335472 0.0770176 0.0714699 0.0158958 -0.1953765 0.0780822 -0.2214649 -0.3187659 -0.2035756 -0.0700035
0.1140984 0.3381597 0.3683617 0.8044740 0.3115165 0.6770443 0.2359086 0.8589400 0.1729893 0.4928438 0.9461043 0.1406237 0.5868540 0.1925809 0.1031196 0.0000000 0.8338838 0.0842731 0.8242809 -0.0236764 0.2485735 0.6783685 0.8198162 0.0009967 0.7810311 0.8860036 0.5782745 -0.2652809 0.1239214 -0.1185321 -0.0589110 0.7830180 -0.1632592 0.0862858 0.8336370 0.0047706 0.8426340 0.6715099 0.6477685 0.3868405 0.3513021 -0.0270772 0.8088262 -0.1503663 0.0965982 0.7752236 0.8669679 0.5150961 -0.1902261 0.5204213 0.8399501 0.7928010 -0.1088338 0.4459103 0.4937002 0.5870210 0.6810011 -0.1636877 -0.3116263 0.7341161 0.1657833 0.8110466 -0.0988180 0.1633933 0.1561758 0.4765399 0.8160125 0.4500286 0.3288337 0.6868018 0.7018787 0.6417077 0.7603490 0.1781791 0.6078578 0.4825490 0.6655321 0.7381585 0.6654522 0.1224175 0.2968067 0.2932218 0.1566697 -0.0057367 0.0801888 -0.1374984 0.0131765 0.0324166 -0.1504016 -0.1226633 -0.0725681 0.3311120 -0.0841198 -0.1516501 0.1987735 0.2797747 0.0062142 -0.1653698 0.1218857 0.0514342 0.2200161 -0.0299894 0.0700605 0.1605615 0.1128128 0.4580942 -0.0154266 0.3153120 0.2086621 0.2772227 0.1625024 -0.1921803 0.0027413 0.2425227 0.4032989 0.2437163 0.3799743 0.5439473 0.3031075 0.4468785 0.5444321 0.4806616 0.3574948 0.3083374 0.3410354 0.2078535 0.3459764 0.3490721 0.4485345 0.4761608 0.4830969 0.4212567 0.4383585 0.1684333 0.4701608 0.4889504 0.5816912 0.4816443 0.4416981 0.2288032 0.4806284 0.4107943 0.3441778 -0.0212504 0.5038111 0.3689555 0.4810967 0.5099865 0.4445856 0.4658641 0.4044138 0.3262697 0.3920108 0.4048616 0.4833838 -0.1383534 0.4337112 0.4311280 0.3480773 0.1713383 0.4925903 0.3344704 0.0562859 0.3368360 0.4000033 0.2514260 0.1997866 0.4179788 0.4639536 0.3049415 0.4328945 0.3807537 0.2270760 0.1847306 0.0805530 0.1841603 0.2458529 0.0783992 0.2901646 0.1756638 0.0723358 -0.1751930 -0.4464666 -0.4849473 -0.2943643 0.3205817 0.0728087 -0.2186716 0.0708772 0.1452770 -0.1882932 -0.2007974 -0.0430599 -0.3131617 0.2011226 0.1626191 -0.2374278 -0.1287578 0.1188052 0.0100848 -0.4944729 -0.1532295 0.0914398 -0.0611827 -0.5112600 -0.1076907 0.0328139 -0.4816899 -0.5566040 -0.4968730 0.2592067 -0.1342328 -0.3003794 -0.3458370 -0.2664798 -0.0725655 0.3881323 0.2559749
0.0927579 0.3504026 0.3271168 0.7309457 0.0420771 0.6814162 0.4461814 0.6614514 0.5013118 0.6747265 0.9205856 0.2706931 0.2633283 0.5456161 0.3572451 0.8338838 0.0000000 0.4161100 0.5909777 -0.1989216 0.3681184 0.4269192 0.8734892 0.2333676 0.5946329 0.7533720 0.8528105 0.0696031 0.2481668 0.2032957 -0.1282432 0.6020969 0.1017378 0.2929227 0.7747410 0.2702377 0.6841727 0.4405205 0.7939843 0.6730867 0.2384655 0.1509290 0.8279322 0.1956863 0.2556288 0.5011781 0.6341486 0.3201678 0.1689255 0.2949583 0.7366724 0.7945300 0.2474886 0.6613250 0.3309036 0.2999973 0.4369120 0.1406006 -0.1618386 0.6633577 0.2233624 0.7297109 -0.1985028 0.4324162 0.3504869 0.2435235 0.6458912 0.5798903 0.1279954 0.7298870 0.4486358 0.7040717 0.6088041 0.2733793 0.3992800 0.5243754 0.5768038 0.4538884 0.5155002 0.2425323 0.0034619 -0.0182913 0.0437498 0.0016678 0.0192562 -0.0451937 0.0175288 0.1023309 -0.0261047 -0.1313852 0.0535191 0.2296869 0.0982409 -0.0409069 0.1862676 0.1408796 0.0457290 -0.0731467 0.1655254 -0.0042126 0.0053565 0.0968861 0.0203175 0.0064855 0.1818149 0.3895540 0.0493190 0.1891460 0.3726386 0.2173791 0.2459112 0.0213932 -0.1935676 -0.0062911 0.3067543 0.0946063 0.1576786 0.4619823 0.1937278 0.4390281 0.3439333 0.2106974 0.2066983 0.0998660 0.4359500 0.3752355 0.1317856 0.1465490 0.5024522 0.1796898 0.4038815 0.1865840 0.2364361 -0.0565339 0.3098312 0.2703263 0.4140699 0.5069282 0.4531707 0.2756884 0.2326166 0.4502273 0.1666735 -0.2017892 0.4119760 0.0606480 0.4132666 0.3575319 0.1138668 0.3737622 0.2885435 0.0903337 0.3989178 0.1695478 0.2189186 -0.3521843 0.2650813 0.3428659 0.1168727 0.1879842 0.2573501 0.3640219 -0.2641137 0.3325605 0.2686067 0.1492921 0.0720423 0.0804721 0.2781363 0.3611343 0.2552805 0.2084613 0.2455457 0.2974391 0.1794901 0.3000315 0.2987401 -0.0651573 0.3432651 0.1425367 -0.0009548 0.0750605 -0.2007769 -0.3904034 -0.2397685 0.1508386 -0.1114831 -0.3609838 0.0161329 0.0598088 -0.0973644 -0.0360060 0.0199682 -0.2198991 0.1682988 0.1674747 -0.0807560 -0.0620966 0.0541798 0.2034820 -0.3538401 0.0740343 0.1166782 -0.0389178 -0.4066789 -0.1601675 0.1734585 -0.3502305 -0.3385407 -0.3038370 0.2359900 -0.0384283 -0.4140464 -0.4440847 -0.0357421 -0.1292192 0.3385846 0.1179007
