0.0000000 0.4051412 0.6152816 -0.0071493 0.4818137 0.0119150 0.2659404 0.0624540 0.1527160 -0.0941640 -0.0568254 0.2992463 0.1931900 0.0690050 0.4530256 -0.1721308 -0.2986299 0.1212600 -0.0405986 0.0960750 0.2858752 0.2521233 -0.4615348 0.1150556 -0.0947908 -0.4112940 -0.0762256 -0.2244018 0.0628086 -0.0021319 -0.0448314 -0.3518202 -0.2203194 -0.0734912 -0.4058060 0.2048762 -0.4060378 -0.3029822 -0.1954159 -0.4237275 -0.1343342 0.2369908 -0.3192326 -0.0931927 -0.0378580 -0.2994218 -0.3361706 -0.2272173 -0.0780172 -0.1946491 -0.3453946 -0.3846899 -0.1310080 -0.3060368 -0.2265618 -0.1997268 -0.3497359 -0.0480161 0.5120360 -0.4059209 -0.1485228 -0.3055940 -0.3154352 -0.0494765 -0.3403186 -0.0533591 -0.2989775 -0.2420960 -0.0494371 -0.1351214 -0.0455771 -0.0773446 -0.3087220 0.0883999 -0.0265622 0.0447193 0.4562752 0.0218136 0.0523869 0.4176524 0.3518609 -0.0437553 0.0294540 0.0770446 -0.0050682 0.1413911 0.1601942 0.1033740 0.0718570 0.1126406 -0.0638005 0.1202101 0.1709658 0.0538533 0.3258509 0.1552939 0.0886440 0.2379833 0.3073242 -0.1958466 0.2068776 0.2684096 -0.0334804 -0.2775029 -0.0481782 0.1792328 -0.0584058 -0.1119355 0.0832892 -0.0675907 0.1525037 0.2387521 0.1655992 -0.3817677 -0.1033518 -0.0182503 -0.1046040 -0.1239421 -0.0826185 0.3268433 0.3791047 -0.1565452 0.2054154 -0.0599096 0.2669709 0.3854399 -0.5164379 0.4987459 0.4994355 -0.4543397 -0.3448410 0.2601415 -0.5123693 -0.2932910 0.1300629 0.5219166 -0.1607110 0.4146916 -0.1370028 0.5447027 -0.1195680 0.5337286 0.2471508 0.0630881 0.1835487 0.2487068 -0.1418899 -0.2103331 0.0873530 0.6274468 0.6006101 0.1368536 -0.0999332 0.1517111 -0.1352326 0.3718949 0.1733124 0.0754982 0.1063108 0.5234655 -0.0856760 0.5244720 0.3212959 0.3312077 -0.0366173 0.4430283 0.4672369 0.1958781 0.0553961 0.4098876 0.4207572 0.1362882 0.9255955 0.6328815 0.6548238 0.5297421 0.6091178 0.4323437 0.5861514 0.4671211 0.0844813 0.1667354 0.4293533 0.3868368 0.3169222 -0.1373830 0.3221532 0.3913448 0.5199063 0.3654238 0.2495305 0.3967665 0.4535309 0.2810561 0.3346280 0.3475257 0.3620884 0.5769094 0.4574387 0.4908256 0.1086296 -0.0592211 0.5000751 0.4007014 -0.2062318 0.3497000 0.6078658 0.6132457 -0.0592012 0.3163401 0.5990548 0.5937886 0.5071912 0.6092084 0.0301841 0.3969590 0.4132108 0.1968060
0.4051412 0.0000000 0.6217875 0.7488709 0.0501838 0.6648695 0.4463857 0.7016737 0.4634246 0.2332545 0.5353882 0.7699216 0.1637567 -0.0970680 0.6561604 0.1706786 -0.1478273 0.2002725 -0.1727628 0.1010339 0.8569353 0.2863601 -0.2341070 0.2891931 -0.2556070 -0.4305530 -0.0463844 -0.2981137 0.7959336 -0.0798074 0.3008411 -0.3542285 -0.0650406 0.3877655 -0.4018292 0.7299128 -0.4678033 -0.2778545 -0.2018989 -0.1707128 0.2983120 0.6805211 -0.2284673 -0.0320764 0.6804374 -0.3390689 -0.4676742 -0.1005474 0.1842628 -0.2615385 -0.4333917 -0.3227151 0.5545452 -0.1816990 -0.3857233 -0.2891750 -0.4206382 0.3580068 -0.3790563 -0.4067621 0.1062547 -0.3698892 -0.4423883 0.5874987 0.3284603 -0.0073235 -0.2177356 -0.0435166 0.0823304 0.2339274 -0.1329137 0.6112120 -0.0575990 0.7582210 0.4299975 0.4164769 0.4948237 0.1136600 0.3467594 -0.0651289 -0.0278259 0.1539167 0.2656000 0.3149280 0.3670066 0.0323495 -0.0405033 0.2742420 -0.0676724 0.3945210 -0.2548062 0.3629464 0.4852746 0.3178336 0.0036335 -0.0209317 0.1218932 -0.1551320 0.1107894 0.2609897 0.2873011 -0.3460239 0.1558575 0.0006142 -0.0492642 0.0460606 -0.1376004 0.4536152 0.1112773 0.4059552 0.2465299 -0.0915686 -0.3847902 0.1254357 0.0658430 -0.3868046 -0.2778004 -0.3607070 -0.2934366 -0.3471363 0.0825920 0.0135143 0.1662114 -0.0402238 0.1299381 -0.1770564 -0.0449411 0.2726327 -0.0963403 0.0791495 0.2447813 0.0866537 -0.0078973 0.2271127 0.4046520 0.3603872 0.3630628 0.4292025 0.1753383 0.1055844 0.4519851 0.3176285 0.3123303 -0.0503404 0.5117528 0.3494722 0.3749261 0.3337808 0.5535267 0.3826452 0.1545076 0.4608904 0.5251701 0.5336909 0.5287757 0.1002813 0.5227345 0.5943530 0.4733999 -0.0931968 0.7038019 0.2581275 -0.0598815 0.4675895 0.7270454 0.5024992 0.6265701 0.4048054 0.5409412 0.2328801 0.5990347 0.5497085 0.2841143 -0.1978439 0.4849314 0.0727488 0.0062829 0.0616008 0.2315013 0.3796089 0.2975565 0.1176386 -0.1785240 -0.2449467 -0.4738030 0.4765961 -0.4119707 0.2042883 0.2247284 0.2758106 -0.4766293 -0.2556942 -0.3380165 -0.4929196 -0.3911583 -0.3698025 -0.3549878 -0.2391392 -0.2445190 -0.2021602 -0.0374628 0.1283170 0.4127518 -0.1409737 0.4297513 -0.2507219 0.2010692 0.1589745 0.1874222 -0.0063470 0.4209767 0.1072358 0.3025885 0.4482583 0.4172108 0.0951357 -0.0024046 0.3320150
0.6152816 0.6217875 0.0000000 0.2081559 0.5401429 0.2027064 0.1495824 0.3620252 0.1979146 0.1251739 0.3185359 0.4524347 0.4211698 0.1357060 0.4903049 -0.0059201 0.0091613 0.1795611 -0.1828713 0.0306656 0.5766694 0.0463997 -0.1878938 0.0581123 -0.2497739 -0.3018367 0.1183003 -0.1922538 0.4023402 0.1882224 -0.0436655 -0.2763601 -0.3372095 0.0033759 -0.2762093 0.3878897 -0.3374830 -0.0689030 0.0634906 0.0539339 0.2018020 0.3303103 -0.0191724 0.0396951 0.1898074 -0.1195017 -0.3537738 0.0245643 0.0094538 -0.0577162 -0.2695682 -0.0527620 0.1280766 -0.0548863 -0.2338168 -0.2548465 -0.3143484 0.2070635 0.0466694 -0.2759214 -0.1936684 -0.1745130 -0.3149664 0.1418046 -0.0036728 0.1188365 -0.2610146 -0.1715035 0.0203717 -0.0049862 0.0636283 0.1860107 -0.2161810 0.4350785 0.1629582 0.2070078 0.5746537 0.0861031 0.2538086 0.3958557 0.3736949 0.2942608 0.4427454 0.3271744 0.2986646 0.0941216 0.1708003 0.2291406 -0.1263512 0.2962289 -0.1160027 0.3094759 0.2007646 -0.0284267 -0.0638534 0.2025666 0.2065046 -0.0459253 0.1066465 -0.0702634 0.2682768 -0.0084222 0.4162985 -0.3198116 -0.1216876 0.0215800 -0.1033715 0.4568335 0.0402191 0.3432681 -0.0952295 -0.0218984 -0.3342400 0.0423193 -0.0734818 -0.2800160 -0.2112343 -0.4729303 -0.2241974 -0.0362799 0.0683204 -0.1038433 0.1962106 -0.0369467 -0.0709083 0.0885854 -0.2807972 0.2748784 0.1429754 -0.2803668 -0.2969794 0.1029408 -0.3069672 0.0270108 0.0659775 0.3674263 -0.1336712 0.2720690 -0.1449446 0.4015466 0.1069996 0.3549962 0.3207101 -0.0166416 0.1325914 0.3675098 0.0226930 -0.0250457 0.3099279 0.4657585 0.5158658 0.2960129 0.0587904 0.3523260 -0.0103469 0.4781902 0.3724022 0.2182785 0.2832026 0.3590284 0.1955392 0.4950703 0.1116250 0.4729134 0.3068017 0.4184427 0.5537382 0.4280146 0.4197713 0.4345617 0.4854450 0.3687718 0.4681627 0.1378216 0.6152993 0.3750657 0.4947624 0.5265378 0.6152071 0.5340448 0.2161821 0.2468351 0.0258486 0.0136700 -0.0906060 0.0262358 -0.0036462 0.4553278 0.4969584 0.3773815 -0.1049101 0.3052313 0.2744217 -0.1667019 0.0422973 0.0878058 0.1575014 0.3189094 0.3334604 0.2632098 0.0513270 -0.0687614 0.5542913 0.3013684 0.3811120 0.3621228 0.3870920 0.4270282 -0.0188825 0.1808515 0.5292474 0.3963504 0.6181565 0.6897829 0.4117133 0.2671742 -0.0774667 0.3383277
-0.0071493 0.7488709 0.2081559 0.0000000 -0.4686103 0.9179483 0.3195983 0.7735430 0.6839353 0.4362697 0.6129725 0.7176201 0.1065865 -0.2834084 0.4900870 0.0867499 0.0862702 -0.2651717 0.0641515 0.3277205 0.7683615 0.5270887 -0.0513400 0.2277582 0.0123763 -0.1900444 -0.0460324 -0.1293474 0.8051216 -0.1820862 0.5903376 -0.0048681 0.0926688 0.4304723 -0.1828957 0.6458810 -0.1399050 -0.1448303 -0.1138945 0.0238951 0.4740087 0.5541868 -0.0956035 -0.0715643 0.8271701 -0.3419771 -0.2145160 -0.0413610 0.2699719 -0.3895285 -0.1790314 -0.1177229 0.7772492 0.1038306 -0.2278786 -0.1733455 -0.0951890 0.5137013 -0.6354677 -0.1187587 0.5258655 -0.1745443 -0.2554547 0.7442220 0.7383774 0.1700200 0.1428690 0.2285418 0.2677556 0.4583966 -0.0156444 0.7517744 0.3390955 0.8333397 0.6494098 0.5444370 0.3200116 0.3585420 0.4332694 -0.3327887 -0.1396851 -0.1371645 0.0128721 0.1654425 0.1906580 -0.2865973 -0.5396058 0.1086432 -0.1205774 0.3657278 -0.4646235 -0.0835121 0.1696540 0.2114252 -0.1745998 -0.4965328 -0.3575498 -0.2718314 -0.0075838 0.6263065 0.0128162 -0.4600643 -0.1700409 0.4273982 -0.3260622 0.0373568 -0.2902300 0.3020125 0.1906282 0.0850790 0.3011652 -0.3616991 -0.2861329 0.0578221 0.0194225 -0.2164538 -0.1138075 -0.1281700 -0.1543891 -0.5792431 -0.0577322 0.1307335 -0.3295460 0.0899082 -0.1348759 -0.4024014 0.1288940 -0.1699141 -0.4727148 0.2802780 0.4801800 -0.2008961 0.2415333 0.3451411 0.2887085 -0.1445475 0.5215145 0.2005312 0.3845040 -0.3716447 0.2821371 -0.1220842 -0.0951225 -0.0979792 0.4821630 -0.0699371 0.5443846 0.4794371 0.3181584 -0.1527658 -0.3406134 0.2965323 0.6780977 0.3070399 0.4815025 -0.0529616 0.1753001 0.5865941 0.1879432 -0.6292161 0.7025119 -0.3271507 -0.2995665 0.0216309 0.6337365 0.3485410 0.1177823 0.0009881 0.1911416 -0.3391447 0.2902125 0.2915481 -0.1920742 -0.4488928 -0.0181753 -0.3640949 -0.4914761 -0.4149812 -0.2630979 -0.0900109 -0.0201979 -0.2074573 -0.3555126 -0.6359724 -0.6311383 0.7774319 -0.6169291 -0.0106529 -0.0309069 0.0996177 -0.6305788 -0.5836534 -0.7547343 -0.7408472 -0.6733272 -0.6997735 -0.5966862 -0.6283668 -0.5123822 -0.4798167 -0.0442222 0.2579565 0.1534860 -0.5041437 0.1829427 -0.6682931 -0.0945123 -0.0699338 0.2660854 -0.1275410 0.0016862 -0.2071617 -0.0395452 0.0063852 0.3985598 0.0919362 0.0576788 0.4776906
0.4818137 0.0501838 0.5401429 -0.4686103 0.0000000 -0.3450677 -0.2601903 -0.1841071 -0.1783472 0.1163406 0.0864581 -0.0851339 0.1880376 0.4153209 -0.0879822 0.1802961 0.2319841 0.2809616 -0.0761965 -0.2222054 -0.1419434 -0.3889368 0.1059075 -0.0316278 -0.1342045 0.0479221 0.3554485 -0.0034062 -0.1380810 0.4035065 -0.5335942 -0.0706347 -0.2945716 -0.2164520 0.1143422 -0.2466270 -0.0137681 0.1419514 0.4487590 0.2603929 -0.2866504 0.0837132 0.3249289 0.4338108 -0.2336255 0.3951202 0.0948044 0.1194080 0.1928757 0.3038856 0.1075510 0.2322865 -0.1839741 0.0889342 0.0793056 0.1559232 0.0359346 -0.0227184 0.3519352 0.0243478 -0.4585301 0.0435123 -0.1170956 -0.1954578 -0.3711494 0.2108062 -0.2287574 -0.1469308 -0.1392194 -0.2027597 0.1545367 -0.2330629 -0.3278838 -0.1525237 -0.2253531 -0.1021235 0.1728106 -0.1414613 0.0122975 0.5035426 0.3884899 0.2659900 0.3428196 0.0607274 -0.0111315 0.2205239 0.4006523 0.0780067 -0.1503759 -0.2420576 -0.0672175 0.3278405 0.1477524 -0.0837433 -0.2361509 0.4456874 0.4917048 -0.0301028 -0.3010632 -0.5713588 -0.0054307 0.0130643 0.2907080 -0.6253586 0.1843076 -0.2563888 -0.1401665 -0.0660062 -0.3619043 0.0636711 -0.3205349 0.0019976 -0.1240494 -0.1585703 -0.2296136 -0.1440503 -0.0193359 -0.4357313 -0.0782582 0.2736861 -0.0916329 -0.0390848 0.5588498 -0.2057481 -0.1228608 0.0294681 -0.1169413 0.3879085 0.1549818 -0.2857175 -0.5190268 0.1791950 -0.3490942 -0.3221014 -0.1064199 0.3329736 -0.5595634 -0.1807435 -0.5024332 0.3185226 -0.2669462 0.1014605 0.4249208 -0.2584460 -0.4707824 0.2231376 -0.4278957 -0.4196036 -0.1150216 0.3018126 0.4209600 -0.3611750 -0.4644438 -0.1060817 -0.2069315 0.0132457 0.1433862 -0.4181904 0.1092599 0.5095866 -0.3305332 0.3918403 0.2400333 0.3490166 -0.1808700 0.0853219 0.3582343 0.2713574 0.1841308 0.4001811 -0.0187753 0.0430596 0.5782237 0.3947116 0.3697869 0.3957323 0.5335976 0.5275913 0.4258575 0.3900157 0.1020220 0.1646684 0.1189341 0.2860254 0.2240341 -0.3744721 0.3157162 0.4398109 0.3289807 0.1581417 0.2947327 0.5947111 0.6596746 0.3297649 0.3497144 0.3564146 0.3097684 0.4974574 0.4940510 0.2375042 0.1488548 -0.0314811 0.2582732 0.5552360 0.1655605 0.7608629 0.0461569 0.2934295 -0.0963747 0.2200619 0.2480438 0.1690102 0.6167655 0.4602379 -0.1994981 0.2702408 -0.0237042 -0.1746212
0.0119150 0.6648695 0.2027064 0.9179483 -0.3450677 0.0000000 0.1874831 0.6401355 0.8154380 0.6058007 0.6462582 0.6619682 0.0499840 -0.3537191 0.3901227 0.0467069 0.2209068 -0.3289265 0.0822847 0.2615465 0.6938906 0.4057811 -0.0061253 0.3073345 0.0048983 -0.1537646 -0.0374867 -0.1060387 0.7825246 -0.2066800 0.4732035 0.0760721 0.1540726 0.4818253 -0.1194960 0.5134902 -0.0520799 -0.0609241 -0.0229291 0.0761367 0.5337134 0.4058043 -0.0092217 0.0487781 0.7665245 -0.2729417 -0.1111560 -0.0210009 0.4118375 -0.4061591 -0.0945937 -0.0401783 0.8461438 0.1807624 -0.2267499 -0.0236622 0.0254626 0.4713744 -0.6358433 -0.0464122 0.3917538 -0.1109788 -0.0739018 0.6513905 0.6821526 0.2967410 0.1827070 0.1674526 0.4418751 0.3418481 0.1188574 0.6040642 0.3212532 0.6602265 0.5809057 0.3854987 0.1584879 0.3626083 0.3136814 -0.4426979 -0.0884344 -0.2220909 -0.0244815 0.1039795 0.1077337 -0.3909915 -0.6015813 0.0053665 -0.2454498 0.1500699 -0.5677177 -0.1729794 0.0944710 0.1764538 -0.3761300 -0.6140517 -0.3891680 -0.2259820 -0.1737612 0.6310253 -0.1303164 -0.5031446 -0.2404617 0.2804341 -0.4805079 -0.2224915 -0.4641276 0.2366836 0.1614893 -0.0543698 0.1235828 -0.5476000 -0.2979547 -0.0991676 -0.2248734 -0.2457210 -0.1238248 -0.3102109 -0.1013517 -0.6299999 -0.2050649 0.1780891 -0.2987682 0.1129599 -0.2109288 -0.5558553 0.1817482 -0.1948192 -0.5612404 0.2421521 0.4443550 -0.1138545 0.2221047 0.1987334 0.3317788 -0.1418001 0.4646532 0.1556703 0.4111711 -0.5284301 0.2053442 -0.1816310 -0.1396536 -0.3435477 0.4244027 -0.1192466 0.5385723 0.4684463 0.1645586 -0.2097432 -0.3962972 0.0932111 0.6633767 0.2291329 0.3927038 -0.1914555 0.0707337 0.5111428 0.0365619 -0.6726507 0.6451277 -0.4206729 -0.3758713 -0.0346237 0.5650627 0.2618323 0.0480094 -0.1031665 0.0804976 -0.4398050 0.1285571 0.1464328 -0.1923330 -0.4540007 -0.1152286 -0.4534344 -0.5409893 -0.4288154 -0.3702931 -0.3102308 -0.0936494 -0.2739332 -0.4109789 -0.6966550 -0.6758064 0.5666137 -0.6956019 -0.2106363 -0.1588326 -0.0330580 -0.6499421 -0.6126476 -0.7092393 -0.7820227 -0.7210120 -0.7852709 -0.6605596 -0.6490296 -0.5505763 -0.6007341 0.1277948 0.3563282 0.0615491 -0.4428219 0.1365939 -0.6441779 -0.1647811 -0.1252979 0.3390417 -0.0960965 -0.0719384 -0.3066328 0.0251696 -0.1619432 0.1485669 0.1497848 0.0095003 0.4982528
0.2659404 0.4463857 0.1495824 0.3195983 -0.2601903 0.1874831 0.0000000 0.2302575 0.2251933 -0.3998868 -0.2614373 0.6366946 0.0642109 -0.4137624 0.8002444 0.0205204 -0.5701884 0.2798908 -0.0929524 0.1894285 0.4937079 0.4208760 -0.2900969 0.2095130 0.0289052 -0.2796515 -0.4019742 -0.3628265 0.2690474 -0.3967812 0.5638406 -0.1476816 -0.0139884 0.1500841 -0.3312541 0.3589334 -0.2839966 -0.3034162 -0.5901043 -0.4794143 0.3146222 0.1654056 -0.5445041 -0.6990884 0.0383796 -0.6088606 -0.3588639 -0.1470871 -0.6357576 -0.2794381 -0.3822110 -0.4791338 -0.2057994 -0.3827777 -0.3787783 -0.4877935 -0.3502599 -0.1548066 0.1923959 -0.3118916 0.1869986 -0.2344169 -0.3865032 0.0118777 -0.0377421 -0.1582470 -0.2061352 -0.0949439 -0.1084656 0.0281095 -0.0899451 0.1500303 -0.0999582 0.2346507 -0.0295378 0.1833957 0.3196460 0.0810596 0.0990377 0.0728130 -0.0886345 -0.2544584 -0.3335032 -0.0860485 -0.0096873 -0.0936073 -0.0433150 -0.2274262 -0.0396038 0.1105253 -0.0425638 -0.0261923 -0.0067565 -0.0594799 0.3430471 -0.0652244 -0.1573516 0.0078716 0.3932989 0.1575231 0.1133692 -0.0944057 -0.2371689 -0.0056492 -0.2101651 0.4638396 -0.0802921 0.1084319 0.0022268 0.1796047 0.1509628 0.1374185 0.0372524 0.2461930 0.4176219 0.0846454 0.1903560 0.3569358 0.1465205 0.1868647 0.5073897 0.2164962 -0.1162334 0.2423760 0.5652662 0.3398148 0.1081758 -0.0510855 0.3955078 0.1859237 0.1417834 0.2230532 0.1365465 0.4223707 0.2829354 0.1884956 0.1205680 0.3138036 -0.1186664 0.2276597 0.4152735 0.3244302 0.0107790 0.2933365 0.3276238 0.0829182 -0.1194771 -0.1349936 0.3499781 0.3634632 0.2095935 0.4621624 0.0222032 0.2548957 0.0942026 0.2628647 0.1727319 0.2821152 0.1161791 0.0640684 0.1277522 0.3954729 -0.1096490 0.1568039 0.1295145 0.4163656 0.2508822 0.0633212 0.2036295 0.3011603 0.2611216 0.1182897 0.2317127 0.1659411 0.5707261 0.4059931 0.3103861 0.1062974 0.3670110 0.3314207 0.2298565 0.3440752 0.1670569 0.2612322 0.0999370 0.2295951 0.0799512 0.1364425 0.2901668 0.3577417 0.0167587 -0.0281439 -0.0075972 -0.0009362 0.1530085 0.1373731 0.1915932 0.1285205 -0.0007582 0.2683609 0.1812165 -0.0133004 0.5166049 0.1127853 0.2322043 -0.3674712 0.3893516 0.3406555 0.2737141 -0.1026791 0.4699409 0.3806566 -0.1164982 0.2847481 0.3475436 0.0631152 0.1773605 0.3350743
0.0624540 0.7016737 0.3620252 0.7735430 -0.1841071 0.6401355 0.2302575 0.0000000 0.3261914 0.3529115 0.6667330 0.5740657 0.5510556 -0.0166839 0.4230124 0.4395644 0.1109908 -0.0397091 0.3509981 0.0951257 0.6175168 0.4214436 0.1403379 -0.0101779 0.1665265 -0.0355303 0.1851984 -0.1839373 0.6497006 0.1212188 0.5248236 0.0152770 -0.1332572 0.2069159 -0.1178974 0.4872752 -0.1263714 -0.0192596 0.0134409 0.0946419 0.4642754 0.6321732 0.0392083 0.0385480 0.7441478 -0.2145476 -0.2233019 0.0678259 0.1345549 -0.3580506 -0.1418660 0.0004099 0.5686427 0.0888722 -0.3936255 -0.4765124 -0.1214769 0.4771712 -0.5655610 -0.0197671 0.4666259 -0.0242261 -0.2058201 0.7976037 0.6168446 0.1878938 0.1685432 0.3639562 0.0771184 0.6195020 0.0993708 0.8811627 0.4371432 0.8838961 0.7005856 0.7319335 0.4641854 0.5491031 0.7400280 -0.0237242 0.2987479 -0.0767101 0.0538056 0.0789376 0.2410794 -0.2020598 -0.2428458 0.0734075 -0.2254066 0.4308824 -0.5165034 0.1627471 0.2221090 0.0168872 -0.1206792 -0.1400007 -0.1599194 -0.5200115 0.0676857 0.4034659 0.1430732 -0.5109657 0.0203287 0.1956370 -0.1312452 0.1112124 -0.1678171 0.4175050 0.0071498 0.3211903 0.2353552 -0.1588511 -0.2905908 0.3807773 0.2231280 -0.1539219 0.1094042 -0.0164110 -0.0411230 -0.4494911 -0.1267459 0.1894165 -0.1269989 0.1043039 -0.1257052 -0.4086543 0.1173908 0.0714970 -0.4571558 0.2528774 0.2791124 0.0922729 0.1937984 0.3900002 0.4898550 0.0196861 0.3954020 -0.0930816 0.0882009 -0.2173988 0.4179677 -0.1621118 0.2922662 -0.0824540 0.2312488 0.1496546 0.3446165 0.4297978 0.5214109 -0.0320140 -0.1715924 0.3119681 0.4186727 0.4544424 0.5251904 0.0973562 0.3608092 0.5380315 0.5112141 -0.3743941 0.6897335 -0.1237942 -0.0350568 0.1750458 0.6472529 0.3315636 0.3760682 0.3738279 0.4847953 -0.0866412 0.4761591 0.5539722 -0.0562495 -0.3542081 0.1081759 -0.1875175 -0.3173933 -0.3222596 -0.1604623 0.0425399 0.0802244 -0.1426112 -0.3742993 -0.4470622 -0.5124843 0.7628311 -0.3654963 0.2315901 0.1476209 0.2583139 -0.4768448 -0.3289030 -0.5311280 -0.6048139 -0.5526398 -0.5205310 -0.5175687 -0.4570269 -0.1727654 -0.4653810 -0.1557169 0.0212512 0.0758815 -0.4103690 0.4186115 -0.1816968 -0.2587621 -0.1368366 0.1909636 -0.0808242 0.0793990 -0.1601398 0.2265242 0.1958026 0.4039089 -0.0769138 0.1356650 0.3747438
0.1527160 0.4634246 0.1979146 0.6839353 -0.1783472 0.8154380 0.2251933 0.3261914 0.0000000 0.6611388 0.5301545 0.6052829 -0.0728833 -0.5081534 0.4843919 -0.0044934 0.2777726 -0.4634843 0.1122617 0.5480032 0.4162418 0.5531309 0.0623146 0.3240714 0.1138382 -0.0526770 -0.1867501 -0.2253048 0.5033993 -0.3870682 0.5311150 0.1979652 0.0932102 0.3080471 0.0100615 0.1190810 0.0969136 -0.0426252 0.1047736 0.1069153 0.3538566 0.0404100 0.1296594 0.1143007 0.3301503 -0.2274151 0.0306211 -0.1370355 0.4218704 -0.3257759 0.0720523 0.0880203 0.6548046 0.3609172 -0.1897708 0.0204211 0.1573197 0.5456853 -0.2515364 0.0989681 0.3469486 0.0578571 -0.0496257 0.4204227 0.5257459 0.3100904 0.2635272 0.2860464 0.2842730 0.3711842 0.2545627 0.2818098 0.2612985 0.3744164 0.4247212 0.2476265 0.0369860 0.3074873 0.1501969 -0.3530441 -0.0031154 -0.2437964 -0.1058168 0.0055683 -0.1137315 -0.4227503 -0.7179713 -0.1391816 -0.2621162 -0.0282064 -0.5973443 -0.4254213 -0.1294294 -0.0062813 -0.3521170 -0.7395818 -0.4725505 -0.0461386 -0.2039670 0.5889530 -0.2764304 -0.3545301 -0.3125148 0.2745488 -0.5926909 -0.1466551 -0.5701018 0.0213483 0.0349338 -0.2943366 0.0512293 -0.6851370 -0.1645373 -0.2828065 -0.3181948 -0.1385536 0.0463732 -0.2417982 0.0560391 -0.4266530 -0.1861353 0.3003324 -0.3992344 0.1644310 -0.2100886 -0.3886974 0.1780617 -0.3339282 -0.3845698 0.1363759 0.2886263 -0.2871064 0.0330156 0.1707106 0.0347143 -0.2767748 0.1551660 0.1019730 0.2437317 -0.4754487 -0.1889739 -0.2482138 -0.3602574 -0.2735345 0.1919922 -0.4634768 0.2233903 0.1047326 -0.1326600 -0.2340710 -0.2475969 -0.1582498 0.3442968 -0.1546576 0.0385102 -0.1290841 -0.3192478 0.1484161 -0.3260191 -0.5062151 0.2086402 -0.4367188 -0.4088422 -0.3112881 0.1724139 0.1313100 -0.2145609 -0.3911360 -0.2611885 -0.5425211 -0.1345781 -0.1653312 0.0080612 -0.2092221 -0.1894126 -0.3795685 -0.3912046 -0.3757447 -0.3576384 -0.3963780 -0.2747836 -0.4214713 -0.2954560 -0.5389574 -0.3493321 0.3616160 -0.4034483 -0.0935653 -0.1344283 -0.0835579 -0.4080136 -0.4153122 -0.4056860 -0.5306227 -0.4446716 -0.5881715 -0.4121021 -0.3743156 -0.3332469 -0.3510379 0.3299499 0.5602933 0.1546107 -0.1428988 -0.1249813 -0.5449315 -0.0295321 0.0663473 0.3139689 0.0255852 -0.1570390 -0.2125516 0.1970008 -0.2480631 -0.1203272 0.6116458 0.1902645 0.4605379
-0.0941640 0.2332545 0.1251739 0.4362697 0.1163406 0.6058007 -0.3998868 0.3529115 0.6611388 0.0000000 0.7855822 0.2684667 -0.0282728 0.0235352 -0.1278164 0.3808272 0.8270977 -0.3103677 0.4123654 0.1769827 0.1123216 0.1102722 0.5702975 0.2290652 0.3014031 0.4206792 0.2958669 0.1452955 0.4358327 0.0999495 0.1063222 0.4589837 0.1317845 0.2632480 0.4899555 -0.1622279 0.4675870 0.3796714 0.6511692 0.6168731 0.1864818 0.0268126 0.7113564 0.6735001 0.3525764 0.4618382 0.4692372 0.1631445 0.7994743 -0.0268726 0.5258009 0.6146637 0.7407070 0.7472445 0.0579606 0.2921805 0.5598206 0.6445521 -0.3704020 0.5246282 0.3084180 0.4612444 0.2856125 0.4740062 0.6047754 0.5001993 0.5644618 0.5261069 0.3584825 0.5074517 0.4138010 0.3528507 0.5027542 0.2703889 0.4888564 0.3677253 -0.0219561 0.4142437 0.3857105 -0.2136775 0.1848880 -0.1004276 0.0784203 -0.0743046 -0.1267565 -0.3578839 -0.4709704 0.0308674 -0.3730197 -0.1822621 -0.4778300 -0.0526026 0.1302849 -0.0136526 -0.4946868 -0.3936311 -0.0993947 -0.1743603 -0.4367502 0.3402984 -0.2990949 -0.4435149 -0.0688011 0.1742928 -0.2666636 -0.3729932 -0.4946593 -0.0512712 -0.1731103 -0.3003194 -0.0985245 -0.7311951 -0.1419550 -0.1698108 -0.4429693 -0.0283963 0.1969684 -0.3098656 0.2074818 -0.3952123 -0.3905807 0.4297344 -0.1503898 0.1704230 -0.3823896 -0.5788176 0.3930721 -0.2573085 -0.6118388 0.3341033 0.3954972 -0.2728740 0.2116654 0.1597117 -0.0223245 -0.2787245 0.2161989 -0.2531526 0.2939800 -0.5559189 -0.2812896 -0.5209891 -0.1920363 -0.3821295 -0.1261855 -0.3714681 0.3252160 0.2642888 -0.3035819 -0.4901492 -0.4378939 -0.4090345 0.3349649 -0.2916695 0.2740557 -0.2991406 -0.3260422 -0.0820255 -0.2329124 -0.4701232 0.2935931 -0.5912664 -0.3186526 -0.2967564 0.2729492 -0.1908304 -0.2659505 -0.2961114 -0.1888169 -0.5934191 -0.2754720 -0.1339445 -0.1598548 -0.3064274 -0.5015331 -0.5024523 -0.5554369 -0.5502634 -0.6284895 -0.5364838 -0.4939476 -0.5293455 -0.4675774 -0.5853828 -0.3479090 0.2920338 -0.3165623 -0.1558127 -0.1975318 -0.1061171 -0.2690066 -0.2513070 -0.3203497 -0.4091540 -0.4330758 -0.5766037 -0.5443513 -0.4534120 -0.1938622 -0.5772345 0.2818681 0.6087080 -0.2111945 -0.1267487 -0.0448092 -0.1232710 -0.5310233 -0.2370869 0.3472919 0.2025326 -0.4558876 -0.4216226 0.3843318 -0.3272147 -0.2794764 0.3526981 0.1459921 0.0593112
-0.0568254 0.5353882 0.3185359 0.6129725 0.0864581 0.6462582 -0.2614373 0.6667330 0.5301545 0.7855822 0.0000000 0.2597972 0.3096834 -0.0619243 0.0325453 0.3075304 0.5374808 -0.2977489 0.1574454 0.3038236 0.2878259 0.2622858 0.3086846 -0.1273775 -0.0396876 0.0333473 0.2430517 -0.2075780 0.5065503 0.0785715 0.2814990 0.0594772 -0.2868300 0.0170620 0.0641485 0.1744683 0.0209217 -0.0409087 0.3800398 0.4115153 0.1977750 0.4295325 0.4556701 0.5684150 0.5877925 0.1878183 -0.0131495 -0.1455798 0.7100667 -0.0505300 0.0870343 0.2734903 0.8491107 0.3975616 -0.3464331 -0.0557247 0.1077860 0.7876701 -0.5954118 0.1314508 0.3329312 0.0730208 -0.1642892 0.8124050 0.6939647 0.3975695 0.2653099 0.3540356 0.1065251 0.6331796 0.3715026 0.6783498 0.3639838 0.6639621 0.7878291 0.4620561 0.0194647 0.4663817 0.4766199 -0.3100087 0.2632936 0.1362114 0.3540801 0.2769749 0.2623573 -0.0472854 -0.2980491 0.3686184 -0.1225373 0.3420350 -0.4950631 0.1126590 0.2910416 0.1462714 -0.4109505 -0.2406254 0.0643934 -0.2481010 -0.2191822 0.2590208 0.0624417 -0.3820085 0.2497058 0.1398062 -0.0322858 -0.0949451 -0.1825354 0.3431581 0.1229555 0.1462156 0.2704641 -0.4623494 -0.4283021 0.0311535 -0.1824381 -0.3319151 -0.0447008 -0.4591317 -0.1582685 -0.6876056 -0.4939596 0.1747818 0.0746014 -0.1371656 -0.5118693 -0.6726409 0.2426676 -0.0164003 -0.6768249 0.2590472 0.3255044 -0.1305126 0.1790717 0.1266082 0.1635385 -0.0923947 0.3140877 -0.0922848 0.2785490 -0.4527932 0.0251764 -0.2867949 -0.0037839 -0.2962443 0.0985968 -0.0571617 0.3215610 0.2959099 0.1346661 -0.1823980 -0.1488923 -0.0405579 0.3970009 0.1249932 0.3246889 -0.0631368 0.1015335 0.2321060 0.1638799 -0.3711994 0.4832179 -0.3905848 -0.1736329 0.0375282 0.4844035 0.1186228 0.1281802 0.1007552 0.1582071 -0.3730265 0.1570041 0.2380095 -0.1360227 -0.4762499 -0.2794649 -0.5717236 -0.5766733 -0.3147471 -0.4690489 -0.2579066 -0.0956969 -0.4620474 -0.4042090 -0.6239204 -0.6834084 0.5471244 -0.5678415 0.0444569 -0.2702097 -0.2131019 -0.6227343 -0.4779407 -0.5236502 -0.7014435 -0.6931438 -0.7320358 -0.7263514 -0.5528358 -0.3416941 -0.6139374 -0.1662959 0.1581961 -0.1839033 -0.4555398 0.2742032 -0.1509224 -0.3266527 -0.2066843 -0.0377324 -0.2073784 -0.3214760 -0.5256669 0.3577295 0.0037712 0.0986486 0.2115345 -0.1330781 0.1095826
0.2992463 0.7699216 0.4524347 0.7176201 -0.0851339 0.6619682 0.6366946 0.5740657 0.6052829 0.2684667 0.2597972 0.0000000 0.0303235 -0.0753580 0.7307105 0.3126925 0.0331574 0.1629864 0.1430887 0.0686815 0.8376844 0.3234028 0.0393775 0.5932090 0.1846433 -0.0239989 0.0827493 0.0080174 0.8069643 0.0023001 0.4030691 0.0659357 0.2771075 0.6076759 -0.0050074 0.4890555 -0.0509892 0.1076407 -0.0274048 0.0149844 0.4233929 0.3939815 -0.0907099 -0.1814954 0.5246638 -0.2745965 -0.0921368 0.2543199 -0.0421509 -0.2915801 -0.0803928 -0.0335641 0.3216085 0.0781007 -0.0968254 -0.2491802 -0.0567535 0.1361882 -0.1766277 -0.0631198 0.2402673 -0.0552299 -0.1933090 0.2769517 0.3101475 0.0648261 0.0131453 0.1017614 0.1853639 0.1632222 -0.1422667 0.4038371 0.0755375 0.5721573 0.1690214 0.4396137 0.6171032 0.1544830 0.3575338 0.1226870 -0.0781923 -0.1189478 -0.0734181 0.0011730 0.0833131 -0.2768455 -0.2685141 -0.1181606 -0.2898224 0.0544661 -0.3605854 0.1303566 0.1697246 -0.0188275 -0.0245088 -0.2105242 -0.2077088 -0.2930270 0.0426995 0.3958141 0.0324261 -0.4711041 -0.1925782 0.1962868 -0.3975399 0.0127565 -0.4086067 0.1983913 -0.2284132 0.1322414 -0.0735865 -0.2985281 -0.1763187 0.1820852 0.1817964 -0.0178903 0.1063477 0.0003014 0.0896556 -0.0377450 0.3067857 0.2593448 -0.2333714 0.3443541 0.2921083 0.0015322 0.1113847 -0.1491732 0.0031485 0.1862672 0.2584806 -0.0614453 0.0483002 0.4757198 0.2569761 0.0163152 0.1913640 0.2035613 0.0114738 0.0101271 0.2843142 0.0625628 0.1106675 -0.0542180 0.2953653 -0.0044241 0.3362167 0.2831833 0.2996060 0.1006611 -0.1540421 0.2607587 0.4395893 0.2478868 0.4232143 -0.0337500 0.1681940 0.4152462 0.1857936 -0.2905247 0.4993262 0.1286876 -0.2694846 0.1452148 0.5338565 0.3767183 0.2432273 0.0764559 0.3216840 0.0856145 0.2634460 0.2851111 0.1757668 -0.0247135 0.4407093 0.2735393 0.1041908 -0.2133756 0.1772051 0.2221413 -0.0775840 0.1111655 -0.2535716 -0.2673044 -0.1628709 0.4566937 -0.1376834 0.1561788 0.4520943 0.5594284 -0.1458894 -0.0366124 -0.1986726 -0.2698432 -0.1126207 -0.1765935 -0.0804770 -0.1539676 -0.0512339 -0.0815624 0.2818961 0.4696011 0.5833399 0.1104938 0.2535866 -0.3739504 0.0474424 0.1702601 0.5382722 0.2894503 0.4041149 0.2771609 0.1694475 0.2293802 0.2765107 0.1818721 0.2991635 0.4197509
0.1931900 0.1637567 0.4211698 0.1065865 0.1880376 0.0499840 0.0642109 0.5510556 -0.0728833 -0.0282728 0.3096834 0.0303235 0.0000000 0.0887696 0.2320142 0.1894043 -0.0032004 -0.1018319 0.3042527 0.0707928 0.1330589 0.2692945 0.0937646 -0.4257554 0.1947077 -0.0102374 0.2187573 -0.2333467 0.0590857 0.2859694 0.2857384 0.0685824 -0.5516754 -0.3564063 -0.1385378 0.0698476 -0.0749920 -0.0092777 0.0724113 0.0856870 0.4008137 0.2995367 0.0819809 -0.0656487 0.1864930 -0.1962984 -0.2132763 0.0223217 -0.2312853 -0.0698239 -0.0970512 0.0606645 0.0039094 -0.0255772 -0.4935571 -0.6065074 -0.0908287 0.1796196 -0.1539746 0.0222663 0.1129800 0.0331246 -0.2687644 0.3548951 0.1490785 0.3856657 0.0265758 0.1336118 -0.2095370 0.3695625 0.4233444 0.4602355 0.1959369 0.4916190 0.4883427 0.3768821 0.3161427 0.5704774 0.5010724 0.3255586 0.7944631 -0.1312317 -0.0084270 -0.0436449 0.0842235 -0.0602991 0.0539076 -0.0480343 -0.1877270 0.4207335 -0.4509601 -0.0111680 -0.2570017 -0.5076420 -0.1302297 0.1634159 -0.1363658 -0.4668101 0.1486176 -0.0137318 0.1337454 -0.1173341 0.1324372 -0.3021567 -0.1319582 0.2771352 -0.0409825 0.3510588 -0.0058700 0.2797800 0.0580714 0.1297173 -0.0733001 0.3584881 0.2743381 0.0379022 0.2799746 0.0328483 0.0744392 -0.1458080 -0.1624880 0.0571755 -0.0029549 0.0897304 -0.3287973 -0.1882869 -0.0492848 0.2051623 -0.2198251 -0.1022920 -0.3876605 0.3712562 -0.0908060 0.1307668 0.2420854 0.0828317 -0.2381991 -0.3158405 -0.4300259 -0.0037570 0.1074703 -0.1154981 0.4089324 -0.0345902 -0.1661798 0.1769570 -0.3070299 -0.1652877 0.2732877 0.1046398 0.2044267 0.1697145 -0.2847794 0.2771404 -0.1943572 0.5229025 0.2673218 0.1338012 0.3480497 0.0509283 -0.0166606 0.0916650 0.3933722 0.1722714 -0.0282173 0.4110603 0.3356069 0.3972135 0.2864572 0.0765083 0.2932719 0.2741148 0.1719017 0.0734282 0.2479542 0.0418270 0.1342632 0.1883943 0.1644319 0.0963197 0.1348585 -0.1651176 -0.1766349 -0.1121132 -0.1671087 0.2929652 0.0318828 0.4749620 0.2540609 0.1678125 -0.1311630 0.1086932 0.0695858 -0.2536297 -0.1480679 -0.0340474 -0.0000741 0.1401515 0.3594196 0.0136377 -0.1842194 -0.4410608 0.2198253 -0.0960793 0.3379730 0.3924255 0.0005409 0.0877112 -0.2400811 -0.1983350 0.2499484 -0.0142792 0.3772012 0.3671330 0.2844468 -0.0424945 0.0556983 0.3988086
0.0690050 -0.0970680 0.1357060 -0.2834084 0.4153209 -0.3537191 -0.4137624 -0.0166839 -0.5081534 0.0235352 -0.0619243 -0.0753580 0.0887696 0.0000000 -0.4025051 0.3947474 0.3678273 0.4758728 0.2856606 -0.6536301 -0.0180045 -0.5358691 0.4061076 0.2687896 0.2781172 0.4515232 0.7525076 0.7637267 0.1441265 0.8868800 -0.6131201 0.2088651 0.2933942 0.2258302 0.4761292 -0.0076494 0.3001523 0.5890674 0.5425909 0.4126373 -0.1434417 0.1516782 0.4319980 0.3856114 0.1010804 0.6095587 0.3867647 0.6786353 0.1178843 0.3790869 0.3811689 0.4487729 -0.2107674 0.2038070 0.4247793 0.1036680 0.2710001 -0.2869282 0.0811828 0.2808525 -0.2897249 0.2530221 0.1031547 -0.2492625 -0.2478167 -0.0378484 0.0276869 -0.0268019 -0.2025866 -0.1649191 -0.2178541 -0.0834526 -0.0979392 -0.0487615 -0.2275204 0.1088176 0.4666373 -0.1083766 0.1465879 0.6169657 0.1444165 0.2357847 0.1983895 -0.0974803 0.0729691 0.1857861 0.4835719 0.1699367 -0.0606735 -0.0879608 0.2195103 0.6238708 0.1624167 -0.2404755 0.1161911 0.6657194 0.2994979 -0.3488879 -0.0906219 -0.3094366 0.1664857 0.0354697 0.2219398 -0.1219564 0.2148050 -0.0924981 0.1625739 -0.0420663 -0.4366052 0.1340823 -0.3456890 0.2419655 0.1509226 0.1928701 0.1682568 0.2359585 0.0841373 0.0600038 0.1311863 0.4741994 0.3032802 -0.0814435 0.1766337 0.2265244 0.1194819 0.2931386 -0.1375444 0.1197705 0.1878956 -0.0714661 -0.2005006 0.0339127 -0.2023903 0.0903198 -0.0949659 0.0573222 -0.1781127 -0.1671127 -0.2656029 0.4397189 -0.0839007 0.0464996 0.4588615 0.1571780 -0.2288377 0.2011320 0.1093699 0.1712840 -0.1222657 0.0241528 -0.0672484 0.0147059 0.0021309 -0.0502828 0.2043973 -0.0626596 0.1194360 -0.1045121 0.2068105 0.2127060 0.0346515 0.2846204 0.3513947 0.1297413 0.0787274 -0.1549627 0.1016075 0.2081651 0.1937564 0.3331604 0.0164258 0.1482807 0.1725341 0.2451399 0.1760199 0.4670492 0.3636355 -0.0262726 0.2574251 0.3538890 -0.1815054 0.0923280 -0.0928912 0.1577416 0.2977063 -0.1607884 0.4538410 0.2771662 0.5567081 0.5758830 0.4945372 0.6022165 0.3774798 0.4508801 0.4480644 0.5010044 0.3057812 0.2552926 0.5410381 0.2196109 -0.0714634 0.0390853 0.1675059 0.2996899 0.0216474 0.5974221 -0.2252160 -0.1912173 0.0617213 0.5086080 0.3158266 0.3554554 0.2968154 0.2641438 -0.0314524 -0.4260108 0.1476420 -0.3324531
0.4530256 0.6561604 0.4903049 0.4900870 -0.0879822 0.3901227 0.8002444 0.4230124 0.4843919 -0.1278164 0.0325453 0.7307105 0.2320142 -0.4025051 0.0000000 0.0178802 -0.4545412 0.0662171 -0.1116844 0.3276723 0.6500156 0.5435861 -0.3000322 0.2533801 -0.0433094 -0.4007918 -0.4265374 -0.4406156 0.4237549 -0.3965515 0.6010588 -0.1911594 -0.0556461 0.2197795 -0.4223825 0.4086749 -0.3657302 -0.2561622 -0.4104852 -0.3648352 0.4356597 0.1845987 -0.4099764 -0.4440532 0.1535328 -0.6882328 -0.4751819 -0.1073733 -0.3249652 -0.5079915 -0.4282343 -0.3908804 0.0708846 -0.1989224 -0.3836357 -0.5434236 -0.4246050 0.1728172 0.0001459 -0.3235006 0.0761460 -0.2596825 -0.3845944 0.1916117 0.0913602 -0.1088415 -0.2568786 0.0333937 -0.1582490 0.1526213 -0.1129941 0.2500661 -0.1059576 0.4558887 0.1127307 0.2830738 0.4624382 0.0775272 0.1690576 0.1197771 0.0253222 -0.0940056 -0.1032959 0.0289422 0.0539230 -0.2206085 -0.2450269 -0.2547762 -0.2113945 0.1916898 -0.2899104 -0.1145200 -0.1120437 -0.1001237 0.1235183 -0.2101750 -0.3194815 -0.1840627 0.2307418 0.4504312 0.0466538 -0.2822481 -0.1431986 -0.0382827 -0.3706541 0.2680553 -0.3143118 0.3266987 -0.0864848 0.2178526 0.0479046 -0.1380859 -0.1875428 0.2062141 0.1498723 -0.1760113 0.0317734 0.0157875 -0.0104880 -0.0360073 0.2316766 0.1709630 -0.2033486 0.2356313 0.2471923 0.1319899 -0.0695954 0.0254933 0.1614218 -0.0348991 -0.0688163 0.0914759 -0.1454783 0.3785481 0.2981535 0.1440078 -0.0204282 0.2444102 -0.2273522 0.1790221 0.3021183 0.2220469 0.1857490 0.1614010 0.2673660 0.0038877 -0.1121346 -0.0682167 0.4300908 0.3193814 0.2356147 0.3773429 0.0430342 0.2942631 0.1058457 0.2996031 0.1572155 0.3525625 0.1527950 -0.0142766 0.2050218 0.3079261 -0.0728629 0.1133281 0.2116101 0.4364502 0.3371236 0.1743527 0.2780571 0.1925405 0.3757804 0.3024260 0.3432695 0.0255134 0.5171801 0.2864642 0.2863173 0.1815071 0.4090403 0.3485794 0.3193636 0.1728074 -0.1037075 0.0281247 -0.0392715 0.2999794 -0.0074361 0.3907119 0.3677217 0.3923335 -0.1767349 -0.0063844 -0.0354423 -0.2341963 -0.0273407 -0.0312347 0.0476326 0.0818466 0.0259177 0.1391387 0.2678794 0.1655549 0.6380368 0.1932476 0.2754126 -0.2286349 0.3570180 0.3263517 0.2735175 0.0348780 0.5351467 0.3400551 0.2932117 0.2895702 0.2774218 0.3599628 0.2233607 0.6453049
-0.1721308 0.1706786 -0.0059201 0.0867499 0.1802961 0.0467069 0.0205204 0.4395644 -0.0044934 0.3808272 0.3075304 0.3126925 0.1894043 0.3947474 0.0178802 0.0000000 0.4186464 0.4213031 0.6253854 -0.4063928 0.0104746 -0.2034178 0.7499316 0.3705405 0.5361328 0.6010490 0.4874843 0.2271394 0.2782950 0.4363000 -0.0141744 0.3822515 0.3171609 0.3778432 0.5541771 -0.2596815 0.3830998 0.5760038 0.5339038 0.4382440 0.0920887 0.1008851 0.5359408 0.4496126 0.1605718 0.4066537 0.3690014 0.5132075 0.1837719 0.1230618 0.4175052 0.5224595 0.0446869 0.3757735 0.0401805 -0.1704585 0.3453746 0.0657841 -0.1761156 0.4795653 0.0286786 0.5098624 0.3483092 0.1688459 0.0807769 0.1024823 0.3430110 0.5067823 -0.0376888 0.4059624 0.0649547 0.3193012 0.3154904 0.1534479 0.1083228 0.3756226 0.1896446 0.2195308 0.4631417 0.1825239 0.2619716 0.0712751 -0.0264218 -0.2445964 -0.0036035 -0.0619265 0.1878252 -0.1421836 -0.2987601 -0.1536447 -0.2098200 0.4138411 0.2296840 -0.2373815 -0.0743096 0.2726416 0.1728354 -0.5305848 -0.1013435 0.0619423 0.0486017 -0.4995805 0.0920544 0.0415554 0.1156435 -0.1352970 -0.1331333 0.0933884 -0.5890099 0.2394900 -0.2153948 -0.1514697 -0.0552928 0.5760473 0.2971812 0.1468568 0.4853782 0.2162221 0.3954415 0.0963432 -0.0828627 0.4774390 0.1553193 0.3572418 0.2269129 -0.2180181 0.4316665 0.0283091 -0.1795310 0.3989684 0.2680964 0.2188536 0.1623578 0.4888727 0.3181252 0.0444263 0.0320147 -0.4276346 -0.2514274 -0.1361814 0.2074115 -0.3199389 0.4595302 -0.0704565 -0.2446937 0.0489439 0.0992577 0.2386597 0.1486559 -0.1335369 -0.2725925 -0.0858042 0.0675596 0.0006507 0.5232714 -0.2618821 0.0786011 0.0157611 0.3571516 -0.0839578 0.3166967 0.0062976 0.1424036 0.0110205 0.3683713 -0.1177785 0.1462211 0.2549963 0.3801720 0.0926572 -0.0042146 0.2916704 -0.0322888 -0.1086372 -0.0450096 0.1088347 -0.0758355 -0.4700053 -0.2399608 -0.0763380 -0.1698588 -0.0636313 -0.4717630 -0.0590301 0.0320046 0.2195901 0.1990331 0.0943202 0.1772446 0.3362214 0.1302314 0.1333552 0.0185445 0.0935627 0.0294445 -0.0056995 -0.1425416 -0.1481591 0.1855204 -0.3380688 0.1820168 0.4616552 0.0044714 0.1996265 0.3698965 0.2597249 -0.5963044 -0.4189029 0.4441041 0.4067403 0.0120710 -0.1159316 0.3218636 -0.1675307 -0.2720194 -0.1404732 0.3660775 -0.2644841
-0.2986299 -0.1478273 0.0091613 0.0862702 0.2319841 0.2209068 -0.5701884 0.1109908 0.2777726 0.8270977 0.5374808 0.0331574 -0.0032004 0.3678273 -0.4545412 0.4186464 0.0000000 -0.1990471 0.4838101 -0.0385130 -0.1317979 -0.1793789 0.7959689 0.1271736 0.4367645 0.7370119 0.6117046 0.4940821 0.2202238 0.4592891 -0.1509559 0.6622167 0.1413203 0.1156240 0.8032919 -0.3628820 0.7380092 0.6528615 0.8833074 0.8918697 0.0764591 -0.1047090 0.9181774 0.6859622 0.1495698 0.7819339 0.7459543 0.4381690 0.6090422 0.2661727 0.7901640 0.8943202 0.4016682 0.8559317 0.3343190 0.3929959 0.7861386 0.3899302 -0.1983986 0.7452624 0.2407999 0.6499569 0.3435593 0.1606476 0.4590172 0.5399876 0.6005720 0.4646466 0.2403280 0.3409995 0.4216982 0.1327737 0.4642263 0.0544481 0.2534416 0.2842086 0.0076757 0.3606333 0.3448243 0.0697555 0.2202604 -0.0519167 0.0937441 -0.1509382 -0.1710497 -0.2735154 -0.2777139 0.0205450 -0.3451211 -0.2991892 -0.2915208 0.0280323 -0.0209837 -0.2392710 -0.4954154 -0.1434479 -0.0163072 -0.2583510 -0.4947065 0.0588206 -0.3181369 -0.2973477 0.0105520 0.1351853 -0.1933439 -0.3123458 -0.3594806 -0.1574676 -0.3421487 -0.3189441 -0.3098190 -0.5992152 -0.0440315 -0.0651628 -0.2879804 0.1884822 0.3531864 -0.1326045 0.3288293 -0.1091345 -0.2599336 0.3944775 -0.1596062 0.2294171 -0.4140541 -0.3690441 0.4319407 -0.4377892 -0.4926325 0.3527332 0.2285255 -0.3263454 0.2539320 0.1935586 -0.2647054 -0.4532466 -0.0122959 -0.4834337 0.0829910 -0.4309722 -0.4187437 -0.6182930 -0.2259861 -0.2683960 -0.4168250 -0.4074567 0.1773115 0.1213792 -0.5076128 -0.6139229 -0.4816455 -0.5041233 0.1054846 -0.4683388 0.0842053 -0.2805262 -0.4208443 -0.3457697 -0.3230453 -0.3673284 0.0084289 -0.5290685 -0.2776370 -0.3546434 0.0311767 -0.3385798 -0.4608200 -0.3635123 -0.2600855 -0.4987829 -0.4953336 -0.2955698 -0.3023624 -0.1741570 -0.5177309 -0.3092843 -0.3746220 -0.4919083 -0.5280254 -0.4373572 -0.6247742 -0.4132536 -0.3720158 -0.4436663 -0.1147684 0.1432844 -0.0453128 -0.0702103 -0.0469164 0.0299401 0.0491196 0.0616390 -0.0699338 -0.1195208 -0.1175628 -0.2456427 -0.2460884 -0.2749761 0.0751651 -0.3548636 0.2180647 0.4601041 -0.2136895 -0.0018777 -0.0506097 0.1114091 -0.6429928 -0.2792814 0.2689576 0.2430758 -0.4858882 -0.3282276 0.2677017 -0.2719165 -0.2257993 0.1364510 0.0531983 -0.1500218
