0.0000000 -0.0701165 -0.3589410 -0.0584611 -0.2999865 -0.0372272 -0.1421429 -0.1630451 -0.0216349 0.0879485 0.1525989 -0.0791872 -0.3489275 0.0548920 0.0393177 -0.0105553 0.0731177 0.2659079 -0.1418594 -0.0725336 -0.1679547 -0.1628199 0.0313028 0.1126368 -0.2218706 -0.1830541 0.3997685 0.2871401 -0.1118045 0.3396070 0.0881003 -0.4820831 0.0734728 0.0353259 -0.0590742 -0.0808845 -0.2894063 -0.3755166 0.1633391 -0.0567824 -0.0154510 -0.0436940 0.1052778 0.1563951 -0.1379155 -0.6858146 -0.3117960 -0.3497871 -0.1649445 -0.4697658 -0.2995493 -0.0529185 -0.1093976 -0.4677196 -0.3619043 -0.5056507 -0.6599094 -0.3960244 -0.0503089 -0.3560041 -0.1295938 -0.6235384 -0.1938643 -0.2211045 -0.2023711 -0.6796958 -0.6088179 -0.5298282 -0.5410897 -0.4361278 -0.6235688 0.0585167 -0.7089837 -0.0918039 -0.3658170 -0.2449147 -0.0484181 -0.3167131 -0.2764464 -0.0185612 -0.2961516 -0.2865255 -0.4896745 -0.4371418 -0.2935596 -0.6673269 -0.6787097 0.1111547 -0.5748052 -0.3152127 -0.4738008 -0.6304336 -0.2849910 -0.0825767 -0.1519922 -0.2265069 -0.4942407 -0.1027904 0.1105849 0.2025434 -0.1832520 -0.5049254 -0.6431656 -0.0733004 -0.3219318 -0.0401492 -0.4574574 -0.3653783 -0.3391544 -0.4349169 -0.1641916 -0.2084712 -0.1224169 -0.0738414 -0.0352092 0.0602133 0.0521947 0.0087383 0.0730324 -0.1074506 -0.0063725 -0.0554151 -0.6359472 0.4239582 -0.0977991 -0.1886805 -0.3284264 -0.0405174 -0.1930801 -0.3548107 -0.3531875 -0.0564716 -0.3679563 0.3383906 -0.0508957 -0.0794904 -0.0605819 -0.4685963 -0.5135485 -0.2240093 0.2375142 -0.4632115 -0.0938962 0.1393657 -0.2832001 -0.0894857 -0.5533796 -0.2066736 0.0954567 -0.3914315 -0.0687279 0.1683156 -0.5845723 0.2867221 0.0353569 0.3106267 -0.4493139 0.0558891 -0.2953818 -0.3071526 0.2299070 -0.2126665 0.2766828 -0.3490715 -0.0260802 0.3106952 -0.3815934 -0.3074787 -0.5885192 -0.3535539 0.2653159 -0.3314515 0.5318462 0.5069007 -0.0064549 -0.0331180 -0.1045122 0.1816846 -0.1820359 -0.0047797 0.1196970 -0.0727629 -0.0655664 -0.0088410 -0.0515766 -0.1335000 -0.2362974 -0.2182552 0.0007664 0.1285417 -0.0193548 0.0130914 -0.2663606 -0.0259398 -0.0072408 -0.0431607 0.0233474 -0.2023519 -0.1887356 -0.1411302 -0.3092757 0.0213103 -0.1732140 -0.1166687 -0.4793211 -0.5630410 0.3240185 0.0031237 -0.2744338 -0.1734502 -0.1996027 -0.0762577 -0.5163751 -0.0817954 0.2826485 -0.0498872 0.2541202 0.0775177
-0.0701165 0.0000000 0.3238025 0.8776133 -0.2298792 0.8831492 0.6428760 0.6781776 0.7713152 0.4165360 0.2219098 0.7769514 0.1110796 0.0305132 0.8070021 0.2228615 0.0387232 0.3553647 0.0617042 -0.3688545 0.5888239 0.0119376 -0.1073939 0.3099083 0.0503429 -0.1234624 -0.2873107 -0.1777189 0.6093630 0.0532920 -0.3750776 -0.1663897 0.0818678 0.2894522 -0.3710464 0.4023108 -0.3309537 0.1572812 0.1262096 0.0202679 -0.4511733 0.4322686 -0.3609112 -0.2151627 0.3995392 0.3433900 -0.2124284 -0.0438753 0.2507551 0.2446246 -0.2656589 -0.2720092 0.2857019 0.0614301 0.2720277 0.3579922 0.1367816 -0.0159964 0.3638344 -0.1807680 0.4011193 -0.0195030 0.4792736 0.5752957 0.5969229 0.1318172 0.0849538 0.0413958 0.3486080 0.2355052 0.1662765 0.5122239 0.2179556 0.5679669 0.2238810 0.5329189 0.5047126 0.1835596 0.3424252 0.5000263 0.1426591 0.6475935 0.3964211 0.1989066 0.2233174 0.1613660 0.3619262 -0.2841977 0.2111364 -0.0466580 -0.2763204 -0.1573768 -0.1895315 0.3814088 -0.1615190 -0.5328520 -0.4478311 -0.2869413 -0.0894883 0.2839159 -0.1231058 -0.2003109 0.0743391 0.6141284 -0.4931778 -0.3609727 -0.0572704 -0.1377598 -0.3919373 0.4992444 -0.2213388 -0.3307925 -0.4748449 -0.3221631 -0.1467914 -0.1143253 -0.1330217 -0.1641390 -0.0157149 -0.0191003 -0.1994960 -0.1634938 0.0825250 0.1303674 -0.0694057 0.3520002 0.0285667 -0.0533949 0.1278624 0.0030331 -0.0392104 0.3493340 0.1727935 0.2585535 -0.2329786 0.0256750 0.0415674 -0.0220126 0.0051528 0.5647102 -0.0854811 0.2044430 0.0818103 0.2675594 0.2186208 -0.3730673 0.0909750 -0.0168328 0.0012876 0.2888401 0.6156670 0.4584444 0.1842846 -0.2866333 0.0153096 0.1527604 -0.0674925 -0.0780916 0.1463038 0.2238138 -0.4471551 0.0601732 -0.0377596 0.0832033 -0.3347982 0.2441852 -0.1570389 -0.0818879 -0.0778989 -0.0304668 -0.1800986 -0.0876869 -0.4668561 -0.1097453 0.6388653 0.5611821 0.3989423 0.1147358 0.2672882 0.1997345 -0.0007328 0.2734185 0.3658957 0.3718500 -0.0098050 0.1947143 -0.0862832 0.3743145 0.6422996 0.6998657 0.0082154 0.6158953 0.6016806 0.2974347 0.4366871 0.1890469 -0.0551339 0.3490444 0.4875267 0.2443526 -0.1552630 0.1283838 0.0845233 0.4295060 -0.0039343 0.1044292 -0.0511025 -0.1308603 -0.0733398 0.1236751 0.0521416 0.2421456 -0.3366982 0.3135889 0.2593216 -0.2087720 0.0784199 0.0754932
-0.3589410 0.3238025 0.0000000 0.2786573 0.4631278 0.1263923 -0.0297041 0.5327172 -0.0188143 -0.1534244 -0.2895258 0.1033293 0.3999816 -0.0759650 0.0506012 -0.0905062 0.0137641 -0.0765730 -0.1521900 0.0724189 0.1494534 0.0955667 0.1308649 0.0319756 -0.0757560 0.1079864 -0.1717253 -0.1412744 -0.0577056 0.0299262 0.1803980 0.1259123 -0.0364421 -0.1351365 0.2647374 -0.0932457 0.3821262 0.3577971 0.5275003 0.6514347 0.2195814 -0.1899632 0.2731324 0.4303425 -0.1462506 0.5772033 0.5419574 0.5128426 0.1397700 0.3593015 0.3430167 0.4594328 -0.1705185 0.2940056 0.3904437 0.4904116 0.4792760 0.1331328 -0.2567109 0.3218599 -0.2604171 0.4010502 0.3022311 0.0268022 -0.0688978 0.2381399 0.1789498 0.2679998 0.4479791 0.0787684 0.0923005 -0.1018632 0.2187409 -0.1072413 0.0328469 0.0287371 -0.0664136 -0.0856575 -0.0067771 -0.0522293 -0.0285244 0.3709198 0.2071083 0.3933013 0.3614410 0.1637806 0.1691170 -0.0863421 0.1475553 -0.0722402 0.4343244 0.5279089 0.2919424 -0.1450527 0.2644199 0.1117629 0.1912072 0.0268853 0.0407743 -0.2222752 -0.0911375 0.0364660 0.1127282 -0.0171717 0.0219214 -0.3065561 0.0856106 0.3686773 0.1066612 0.1944507 -0.3241072 0.0484886 -0.4023595 0.0504651 0.1820354 0.1976703 0.2021629 0.0074312 0.1078933 0.1733043 -0.0686284 0.0727265 0.3016687 -0.0402800 0.2765816 0.0249097 0.2937989 0.3855031 0.0121366 -0.0205503 0.3003621 0.0558681 -0.0189982 -0.1104670 -0.5511007 -0.1403603 -0.1871107 -0.0522032 -0.0945504 0.2172943 -0.6667889 -0.0382906 -0.1602366 0.2306201 0.1517941 -0.3750976 -0.1295759 -0.4067521 -0.5490489 -0.0721202 0.0283326 0.0055430 -0.1039656 -0.6941494 -0.1985667 -0.0249016 0.0297503 -0.5137300 -0.0269630 0.1067856 -0.3498598 -0.3325616 -0.0825627 0.2662752 -0.3448209 -0.3111981 -0.3114050 -0.4744438 -0.1012133 -0.2390351 -0.5069589 -0.3632941 -0.1553583 -0.3404635 0.0918041 0.2628159 0.2517536 -0.3008193 0.1019135 -0.0772935 -0.1474755 -0.1036227 -0.2454640 -0.0933639 -0.3024327 -0.0332373 -0.1882612 0.0131226 -0.0144695 -0.0160421 0.2524467 0.0394517 0.2378458 0.1237012 0.0945939 0.1358544 -0.0813308 0.0649009 0.0332094 -0.0060233 0.5073856 0.5325165 0.5216621 0.5435959 0.4890087 0.2083307 0.3557443 0.3745371 0.5185147 0.4741268 0.6124068 0.3772763 0.4167962 0.1005507 0.3032082 -0.0792156 0.3626574 0.4168191
-0.0584611 0.8776133 0.2786573 0.0000000 -0.2251425 0.8497474 0.6521662 0.8100864 0.8826144 0.6538303 0.4887205 0.7384394 0.3660309 0.4040711 0.7920542 0.4745275 0.3344804 0.6176381 0.3313959 -0.2232884 0.3963328 0.3932606 0.1326146 0.6214790 0.3771162 0.2397877 -0.0310981 0.1624103 0.5315189 0.3430937 -0.0806046 0.1091151 0.4386782 0.4886275 -0.0964789 0.1692639 -0.0711785 0.3111958 0.2459498 0.1461854 -0.1848449 0.2221901 -0.1258189 0.0587316 0.2438442 0.4402136 -0.0322968 0.0964168 0.5038892 0.2822487 -0.0391993 -0.1515700 0.3629673 0.2598987 0.3735512 0.4379129 0.2681222 0.0741851 0.1375826 0.0231913 0.3337103 0.1518889 0.5224896 0.6384236 0.5418400 0.2198445 0.2482251 0.1703935 0.3846759 0.3865041 0.3465403 0.6150252 0.3611110 0.5685113 0.3473217 0.6176561 0.5451929 0.3048268 0.3600530 0.4362165 0.2105836 0.3482855 0.0832453 0.1451508 0.0404631 0.0319026 0.2121596 -0.2698321 0.0821228 -0.1961746 -0.3932249 -0.3591962 -0.4094535 0.2586266 -0.3209875 -0.6035854 -0.5909240 -0.4739107 -0.2955158 0.1959521 -0.2459259 -0.4246728 -0.1278982 0.5508617 -0.6663279 -0.5511089 -0.1605977 -0.1501848 -0.5325266 0.2375546 -0.5237858 -0.4427945 -0.5527815 -0.3357142 -0.1237947 -0.2073530 -0.1780563 -0.2642284 -0.1501315 -0.2650904 -0.3548131 -0.2342595 0.0277719 0.0540454 -0.2719471 0.1832961 0.0250510 -0.2003282 -0.1707691 -0.0465717 -0.1186690 0.3078469 0.1082573 0.0902355 -0.2085910 -0.1079164 -0.1247776 -0.0944940 -0.0758019 0.3258238 -0.1075252 0.1277339 -0.0660929 0.0680959 0.0822745 -0.4117790 0.0187919 -0.1788289 0.0133552 0.0427385 0.3386493 0.3463917 0.0869811 -0.2178713 -0.1030722 0.0367617 -0.2769491 0.0155628 -0.0455813 -0.0132400 -0.4712684 -0.1539544 -0.1470468 -0.1986135 -0.3902630 0.2387343 -0.0558708 -0.0373862 -0.2337540 -0.2333841 -0.1048325 -0.1793124 -0.4418919 -0.0685742 0.5078707 0.4883019 0.2197081 0.1158035 0.0334759 -0.0466772 -0.1883038 0.0421062 0.1375488 0.1755380 -0.2179575 0.2456632 -0.2272284 0.3535664 0.6727663 0.7143592 -0.2554437 0.5741720 0.6832994 0.0272095 0.1664778 -0.0740147 -0.0288379 0.4679028 0.4209370 0.3179510 -0.0396874 0.1186528 0.1011203 0.2777760 0.0570947 0.1892320 -0.1996933 -0.0030153 0.1230199 0.1575534 0.0359916 0.2181074 -0.2574676 0.0403982 0.1764683 0.0162771 0.2616185 0.2219945
-0.2999865 -0.2298792 0.4631278 -0.2251425 0.0000000 -0.4098755 -0.1894339 0.1346340 -0.3339150 -0.1575436 -0.1782837 -0.2449564 0.5206757 0.1099408 -0.3171207 0.1070846 0.1852472 -0.1797937 0.2578251 0.2082105 -0.2382158 0.3103778 0.2121582 -0.1608987 0.1946641 0.3409205 -0.0418695 -0.0934996 -0.3653997 0.1333642 0.2419081 0.5134172 -0.0977558 -0.3477096 0.4458233 -0.3210795 0.5692046 0.4489188 0.3877513 0.5032035 0.4407635 -0.4105542 0.3640691 0.4016861 -0.2907038 0.3318087 0.4337489 0.3953039 0.2032636 0.1613540 0.3745245 0.3718877 -0.3288087 0.5368562 0.4218471 0.3953039 0.5083586 0.5966393 -0.1709559 0.3887913 -0.0755242 0.3991770 0.2364683 -0.0503169 -0.2148446 0.4145380 0.2890883 0.5959425 0.4704820 0.1492806 0.2954963 -0.2716922 0.3737561 -0.2891162 0.3428176 -0.0862413 -0.2106446 0.1584450 0.0286296 -0.2461363 0.1466090 0.0060891 0.0284978 0.3865787 0.0810820 0.1966457 0.0020181 -0.1100874 0.1504792 -0.0715377 0.4769912 0.5178845 0.3194876 -0.0564830 0.3752618 0.3041575 0.3519991 0.1382701 -0.0280564 -0.2098577 0.1285390 0.2726486 0.2271704 -0.1796711 0.1772568 0.0590860 0.3083814 0.3070985 0.2973988 -0.0989783 -0.1122968 0.3021821 0.1352259 0.4194330 0.5166947 0.3511788 0.4208218 0.3552258 0.2463643 0.1884637 0.1366901 0.3257789 0.0666019 -0.3934851 0.2808558 -0.4391546 -0.0376396 -0.0311683 -0.2377829 -0.3780497 0.0109897 -0.5569384 -0.3605010 -0.4895031 -0.4454268 -0.2796598 -0.4852973 -0.1639663 -0.2089625 -0.2898408 -0.6893016 -0.3431233 -0.2732482 -0.0664469 -0.1803482 -0.0035032 -0.2211131 -0.2834123 -0.5740799 -0.2690246 -0.3246328 -0.2868911 -0.2588611 -0.5013814 -0.1908379 -0.0665495 0.1684447 -0.3970975 0.1902842 0.0876947 0.0183026 -0.3308154 -0.2961101 0.1533369 -0.1967872 -0.4493486 -0.0609202 -0.2181253 -0.0309502 -0.1630500 -0.4730305 -0.3850815 -0.0605228 -0.4273760 -0.2670038 0.1385234 0.0871693 0.0173001 -0.0333977 -0.1240120 -0.0248501 -0.2252129 -0.2968307 -0.3381574 -0.0605725 0.1307183 -0.0173626 -0.0811381 -0.2454783 -0.4225211 0.0285386 -0.2720649 0.1016922 -0.2483350 -0.3354804 -0.2745051 -0.0518155 0.2370723 -0.1576506 -0.5983385 0.2743320 0.1497361 0.1859618 0.0000910 0.3660406 0.2633298 0.4481024 0.0924420 0.2882324 0.3960892 0.1737791 0.0916517 0.6575642 0.2835724 0.3997271 0.1233224 0.1782849 0.0667013
-0.0372272 0.8831492 0.1263923 0.8497474 -0.4098755 0.0000000 0.6287098 0.4827878 0.8530540 0.5780629 0.3042695 0.7006556 0.0329045 0.2188677 0.7694668 0.2747472 0.2372303 0.4695567 -0.0280037 -0.2262136 0.4613424 0.1302839 0.1088463 0.4315558 0.0302466 -0.0762546 -0.0852860 -0.0882582 0.5347588 0.1092040 -0.2537281 -0.1600894 0.2185246 0.4042751 -0.3566351 0.3802486 -0.4071569 -0.0248470 -0.0407377 -0.1942024 -0.3940234 0.4641312 -0.3395152 -0.1921338 0.4268741 0.2278253 -0.2759098 -0.1567061 0.3625327 0.0063460 -0.2822471 -0.3214648 0.4094906 -0.0051785 0.2144338 0.2364663 0.0089902 -0.0363054 0.4772366 -0.2409517 0.3959689 -0.0815645 0.3772061 0.5280266 0.5609959 0.0906243 0.0541783 -0.0698778 0.2497988 0.2543210 0.0973043 0.5680574 0.1115336 0.5309862 0.1819674 0.4547557 0.4985540 0.0507930 0.1855051 0.3812535 -0.0217089 0.5471143 0.3324568 0.1662944 0.0978547 0.1527485 0.4064789 -0.2037998 0.1635702 -0.1437976 -0.3916629 -0.3362956 -0.1312225 0.4655497 -0.3800392 -0.6634822 -0.4788691 -0.2233827 -0.0949283 0.4662023 -0.0758051 -0.1585332 0.0542590 0.6084496 -0.5746449 -0.4200845 -0.0118692 -0.1624027 -0.4630920 0.4178410 -0.1653735 -0.3344957 -0.3352121 -0.2774169 -0.1815280 -0.1208091 -0.1486248 -0.1337711 -0.0378362 -0.0503903 -0.2032733 -0.1458819 0.0808261 0.1850198 -0.1390333 0.2793705 -0.0289639 -0.2034433 0.0236349 -0.0613836 -0.1237719 0.3166237 0.1483550 0.2588215 -0.0321133 -0.1064674 0.0397568 -0.0664390 0.0976693 0.4352100 0.1192970 0.1879669 0.0535317 0.1833854 0.1847210 -0.4020491 0.1273860 0.1042702 0.1856343 0.2444525 0.4783334 0.3085261 0.1956038 -0.1004883 0.1717055 -0.0024358 -0.1723070 0.1244477 0.0402208 0.0374467 -0.1943654 0.1546111 -0.1797712 -0.1426231 -0.1406124 0.2775323 -0.0322028 0.0725252 -0.0535179 -0.0062403 0.0813785 0.0618997 -0.3867401 0.0534538 0.5599608 0.3353151 0.2020253 0.0702081 0.1479569 0.1000950 -0.0406104 0.3094588 0.4887654 0.5114997 0.2110290 0.1245894 0.1202195 0.2812326 0.5905348 0.7561182 -0.0176025 0.5231175 0.4546043 0.2266232 0.3613378 0.1503378 0.0441032 0.2059874 0.3377426 0.3765342 -0.3161207 -0.1162495 -0.0293767 0.3013446 0.0257278 0.0471677 -0.3219709 -0.1683523 -0.2118915 -0.1784245 -0.0871325 0.0725335 -0.3139062 0.2945253 0.0345889 -0.2714059 0.0303672 0.0899563
-0.1421429 0.6428760 -0.0297041 0.6521662 -0.1894339 0.6287098 0.0000000 0.5651831 0.5625002 0.4141876 0.4248667 0.8918802 0.2211922 0.4203064 0.5165035 0.3571073 0.3858282 0.4170386 0.3148611 -0.4367397 0.6417210 0.3075824 0.0618949 0.3876046 0.2952428 0.1929848 -0.2414425 -0.0124910 0.5872022 0.1209807 -0.0790303 0.1670382 0.4480168 0.6159856 -0.0938064 0.5796121 -0.2122126 0.2263234 0.0384199 -0.0556978 -0.4282334 0.5818365 -0.1156240 -0.0813616 0.6475727 0.0753872 -0.2304512 -0.0890572 0.6424178 0.0389331 -0.0360425 -0.1440759 0.7735142 0.3535384 0.2076459 0.0761673 0.1429696 0.3114006 0.4424923 0.0366474 0.7000326 0.1732894 0.2767754 0.8043902 0.8245695 0.2316290 0.3362451 0.2577723 0.1628835 0.4577982 0.3817869 0.7865859 0.3759350 0.8829789 0.3535058 0.6431719 0.7049136 0.5117654 0.7036266 0.8134082 0.6370634 0.4996644 0.4612931 0.0978576 0.0031419 0.1656484 0.1638489 -0.3697148 0.1980442 -0.2172646 -0.3046807 -0.3914705 -0.2787779 0.2845925 -0.5172526 -0.6041678 -0.2709462 -0.3762596 -0.3223273 0.4705202 -0.2940486 -0.1772304 0.0962792 0.4505623 -0.4288251 -0.5017778 -0.1768385 -0.3503341 -0.4440597 0.4378572 -0.0923199 -0.2271047 -0.1239086 -0.2433020 -0.0537838 -0.1911844 -0.1865312 -0.1124900 -0.0178851 -0.1757181 -0.3074721 -0.1420022 -0.0496515 0.3427865 -0.3292142 0.2173007 -0.3470631 -0.4816695 0.0190005 0.0746045 -0.3241297 -0.0822971 -0.0641026 0.3008185 0.0131207 -0.3438996 -0.1625112 0.0768137 -0.1555957 0.4876786 0.0077839 0.1376253 0.2500788 -0.0310851 -0.2700725 -0.2710639 -0.0492344 0.0800833 0.2591726 0.1940906 0.5599053 -0.1369604 0.0452495 -0.0375500 -0.0549449 -0.3156578 0.1118377 -0.0148424 0.3106005 0.4208034 -0.2259576 0.0247431 -0.2244072 0.2369712 -0.3536749 -0.0629776 0.1933057 0.3726004 0.2538736 0.0505494 0.0589520 0.1577941 -0.3344648 0.2032824 0.8537768 0.7903068 0.6227962 0.7239688 0.4338733 0.4297109 0.4235221 0.5042965 0.5738764 0.5571654 0.1527819 0.6031024 0.0676127 0.6920862 0.7639672 0.6488653 -0.1136364 0.8661994 0.6601655 0.3624652 0.1788065 0.2997709 0.5800471 0.6647529 0.8200894 0.2899662 -0.1166888 -0.3670679 -0.4250279 -0.0071990 -0.2784828 0.0859021 -0.2946712 -0.2453747 -0.0720748 -0.2706744 -0.4583578 0.5899762 -0.0705573 0.2490711 0.4085402 0.0238652 -0.0902253 -0.0005319
-0.1630451 0.6781776 0.5327172 0.8100864 0.1346340 0.4827878 0.5651831 0.0000000 0.5784355 0.4623833 0.4875039 0.6309372 0.5900139 0.3967526 0.4969348 0.4981046 0.3574940 0.4408056 0.5170680 -0.2788163 0.3803686 0.4710753 0.1473309 0.4500966 0.5528158 0.4371009 -0.1463869 0.0739233 0.3833495 0.3358678 0.0269362 0.3730523 0.3480237 0.3287302 0.1585217 0.1270005 0.2185336 0.6667201 0.5818668 0.6004649 0.0685566 0.0694622 0.0936031 0.2966706 0.1198401 0.5024104 0.1981811 0.4313531 0.4954561 0.4943591 0.1811354 0.1447128 0.2544163 0.4920615 0.5470286 0.5642251 0.4726733 0.2707358 -0.0352318 0.2408335 0.3033132 0.3388747 0.6367554 0.6220967 0.4099881 0.3733949 0.3824862 0.4102039 0.5422353 0.4941573 0.4849678 0.5446902 0.5168918 0.4921074 0.4866991 0.6492444 0.5531478 0.5261851 0.5157118 0.4684940 0.4783791 0.2935704 0.1164447 0.3133922 0.1307015 0.1553270 0.0730356 -0.2160115 0.2179409 -0.0955594 -0.2602970 -0.1653001 -0.4064017 0.1891282 -0.1341069 -0.3754691 -0.3875159 -0.4244274 -0.2303615 0.0579964 -0.1886934 -0.3527478 0.0057341 0.3876958 -0.5203498 -0.4683965 -0.0899889 0.0018592 -0.3724557 0.2184280 -0.5979502 -0.3368177 -0.4657002 -0.1568843 0.1580505 0.0249787 0.0574675 -0.0852220 0.0531867 -0.1440406 -0.3581798 -0.1441634 0.0529670 0.0849163 -0.0690638 0.1140592 0.0584434 -0.1432242 -0.1505013 0.0484009 0.0453818 0.1446709 0.1287009 0.0635938 -0.2721623 -0.1580088 -0.1713631 -0.0850018 -0.1307009 0.3522987 -0.3026291 0.0718650 0.0359540 0.1933219 0.0273165 -0.2346749 0.0102961 -0.2231606 -0.0851222 -0.0336914 0.3483069 0.2576349 -0.0011809 -0.2560485 -0.1853610 0.1378641 -0.0095126 -0.0702056 0.1659295 0.2655662 -0.5106801 -0.3249167 0.0207262 0.1344241 -0.4928755 0.1361599 0.0572828 -0.0105223 -0.1236293 -0.3158874 -0.2527432 -0.3125065 -0.3432952 -0.1869343 0.5213887 0.6537202 0.4025547 0.1983192 0.1721644 0.0424131 -0.0588835 0.0098726 -0.0617966 -0.0111838 -0.3441920 0.3175512 -0.3078463 0.3819699 0.6263342 0.5606989 -0.1712001 0.5798205 0.7071181 0.0728243 0.0446085 -0.0719093 0.0867147 0.6289526 0.5038040 0.2656137 0.1992371 0.2779447 0.1493241 0.2658168 0.0960859 0.3656073 0.1151024 0.1320230 0.3063178 0.3890199 0.1034899 0.4969357 0.0511071 0.0277423 0.4475811 0.1986682 0.3481819 0.2856286
-0.0216349 0.7713152 -0.0188143 0.8826144 -0.3339150 0.8530540 0.5625002 0.5784355 0.0000000 0.8450853 0.6170914 0.6298823 0.1456253 0.4473049 0.8336979 0.5958420 0.3697562 0.6827477 0.3803873 -0.2126525 0.2552190 0.3260923 0.1368460 0.6316008 0.3912233 0.1049084 0.0885223 0.1920606 0.5404216 0.2901108 -0.1970862 0.0441897 0.3982005 0.4709276 -0.3117339 0.1510901 -0.2946522 0.1059069 -0.0343250 -0.1655322 -0.3218762 0.2740401 -0.3236546 -0.1528866 0.2631310 0.2816472 -0.2958762 -0.2016680 0.4107153 0.0408164 -0.2732276 -0.3838016 0.3252982 0.1546490 0.1853325 0.2876163 0.0570075 0.1001773 0.3117105 -0.1737105 0.3846111 -0.0062426 0.3550454 0.6176331 0.4861293 0.1092187 0.1858606 0.1296433 0.2392286 0.4136399 0.2868668 0.6406628 0.2726824 0.5206782 0.3261852 0.5946220 0.5540177 0.2366807 0.2389753 0.3116237 0.0560448 0.3190171 0.0621442 0.0703561 -0.0997892 0.0738075 0.3649998 -0.2108888 0.1026779 -0.1468161 -0.5436439 -0.4618690 -0.3940268 0.3978655 -0.3104009 -0.6177503 -0.6636348 -0.3005439 -0.1705771 0.2879249 -0.1039970 -0.3054447 -0.0493830 0.6021517 -0.6691431 -0.3488086 -0.0059715 -0.1957745 -0.4552112 0.1409431 -0.3193069 -0.2341388 -0.2605721 -0.2097669 -0.0819076 -0.1449963 -0.1138865 -0.1356485 -0.1008027 -0.1829894 -0.2206707 -0.1338097 -0.0175700 -0.0903741 -0.2887945 0.0704302 0.0623912 -0.3591190 -0.2653910 -0.1115851 -0.1857370 0.2446604 0.0903764 0.0346567 -0.1022871 -0.0977910 -0.0891354 -0.1611729 0.0256247 0.1507642 0.0549882 0.1022376 -0.1520432 -0.0799545 0.0503210 -0.2479623 0.1003935 0.0028430 0.0956653 0.0603784 0.2669354 0.3522436 0.1729755 -0.0581256 0.0080503 0.0554506 -0.2992290 0.2068347 -0.0346378 -0.0967334 -0.3133739 -0.0278577 -0.1509314 -0.3730263 -0.2012244 0.3163354 0.1175106 0.0862929 -0.1515721 -0.1116013 -0.0092081 -0.0615042 -0.4244618 -0.0134176 0.3772760 0.2291392 -0.0083071 0.0210434 -0.0783675 -0.0895801 -0.2066196 0.0992609 0.2737294 0.2257191 -0.0356306 0.1113271 -0.1778416 0.1432698 0.5962196 0.6435956 -0.2049981 0.4404928 0.4967050 -0.0475962 0.1338643 -0.2008570 -0.0896379 0.3336292 0.2664118 0.2252317 -0.2637140 0.0017490 0.0788364 0.1509997 -0.0365255 0.1183533 -0.3179188 -0.1736205 -0.0468697 0.0476607 -0.0357531 -0.1186092 -0.4040848 0.0655624 -0.0849512 -0.1333160 0.1845726 0.0962715
0.0879485 0.4165360 -0.1534244 0.6538303 -0.1575436 0.5780629 0.4141876 0.4623833 0.8450853 0.0000000 0.8509502 0.4341972 0.2556055 0.7637405 0.5944765 0.8056095 0.6780367 0.8379414 0.5659596 -0.1846553 -0.0102823 0.5956696 0.4610371 0.7283530 0.5758553 0.3512181 0.4225502 0.3873897 0.3057053 0.4962768 0.0893361 0.2961016 0.5453450 0.5088708 -0.0099372 -0.0394451 -0.0799503 0.2007412 0.0958586 -0.0236842 -0.0529881 0.0799532 -0.0061672 0.1239954 0.0948749 0.1865968 -0.1498737 -0.1117463 0.5708385 -0.0964610 -0.0332480 -0.1445346 0.3156421 0.3830497 0.2512264 0.2531140 0.0887468 0.3909433 0.2343171 0.0462321 0.3735688 0.1360722 0.3069000 0.6040502 0.3537300 0.1488413 0.3594763 0.3645166 0.1886527 0.5849497 0.3917397 0.6834818 0.3214872 0.4327852 0.5167972 0.6181960 0.6022427 0.3631146 0.2491882 0.2066944 0.1265521 0.1252851 -0.0894470 0.1398861 -0.1530342 0.0451162 0.2789402 0.0726458 0.1108584 -0.0994745 -0.5646102 -0.5262245 -0.4521667 0.4094609 -0.1966123 -0.4140755 -0.5927226 -0.1808471 0.0305713 0.3607663 0.0094933 -0.2669340 -0.0526956 0.5635427 -0.5879760 -0.1784854 0.0582538 -0.0288491 -0.2584858 -0.1080588 -0.2442183 -0.1187433 -0.0717290 -0.0769083 0.0739440 -0.0434708 0.0029058 -0.0052687 -0.0607350 -0.1761615 -0.2259033 -0.1323408 0.0249784 -0.0835546 -0.2922627 -0.1107080 0.0153993 -0.3885648 -0.4137812 -0.2027970 -0.2502637 0.0447345 -0.0407868 -0.0020944 -0.0514068 -0.1709709 -0.1297984 -0.2020414 0.0125713 -0.1009176 0.0572099 0.0035462 -0.2660146 -0.1849351 -0.0851717 -0.0195243 0.0032019 0.0197358 0.0404793 -0.1145949 0.0387758 0.1443406 0.0177315 0.1012651 -0.0262922 0.0017953 -0.3578585 0.3325617 -0.0704743 -0.1806040 -0.0584397 -0.1337313 -0.1555405 -0.5188308 -0.0750133 0.2492810 0.3194862 0.1287223 -0.2137402 -0.2382771 0.0826104 -0.1482509 -0.1947853 0.0856183 0.1533995 0.0882646 -0.1687656 0.0949821 -0.2588447 -0.2223970 -0.1394751 -0.0073495 0.1561578 0.1407919 -0.0044027 0.2403306 -0.1636199 0.0385555 0.5342595 0.4836956 -0.2483220 0.3124853 0.3217302 -0.1622663 -0.0126714 -0.2797592 0.0602600 0.3080118 0.1547610 0.1764662 -0.2451188 -0.0440581 0.0700152 -0.1114093 -0.0048829 0.2081059 -0.1453190 -0.0332673 -0.0016086 0.0034148 -0.0857067 -0.1241833 -0.2206690 -0.0884601 -0.0689896 -0.0192587 0.2677103 0.1351208
0.1525989 0.2219098 -0.2895258 0.4887205 -0.1782837 0.3042695 0.4248667 0.4875039 0.6170914 0.8509502 0.0000000 0.4024322 0.3438897 0.7181703 0.3325016 0.8444601 0.6457299 0.6742669 0.7611927 -0.2788448 0.0179187 0.6236329 0.4617785 0.6150051 0.7538835 0.5021431 0.2733428 0.3014982 0.2553208 0.4024615 0.1856906 0.4603499 0.5332402 0.5036326 0.1444011 0.0308246 0.0559371 0.4548434 0.2400293 0.1521304 0.1239283 0.0759906 0.1061276 0.2047384 0.0801396 0.0919955 -0.0757671 0.1213208 0.5528072 0.0829730 0.0806225 -0.0011457 0.3837075 0.4037097 0.3379745 0.2680469 0.1461664 0.3833164 0.1325250 0.1734121 0.4428603 0.1747828 0.3911557 0.6149950 0.3491600 0.2372275 0.4445880 0.3708771 0.1847880 0.6421840 0.4963133 0.7228653 0.3622959 0.4942386 0.5842083 0.6951505 0.7136284 0.6428435 0.4785227 0.3970005 0.4374262 -0.0378352 -0.1233060 0.1619188 -0.1634269 0.1054777 0.0284364 0.1407170 0.2346688 0.0295291 -0.6619747 -0.5883602 -0.5343725 0.4169317 -0.1852495 -0.2650898 -0.4288746 -0.1112099 -0.0085827 0.3778878 0.0240860 -0.2430097 0.0189197 0.5054338 -0.3992372 -0.0616474 0.0845404 -0.0028348 -0.1811544 -0.1359023 -0.2353179 -0.1388748 0.0887339 0.0240064 0.1838575 0.0553911 0.0697041 0.0857996 0.0479490 -0.1553956 -0.2854440 -0.1245517 -0.0374756 0.0674787 -0.2337187 -0.0512686 0.0418358 -0.3572870 -0.3216251 -0.0102393 -0.1926532 0.0743443 0.0919736 0.1748121 0.1586269 -0.0374105 -0.0225128 -0.1561978 -0.0278771 -0.0188532 0.2720880 0.0187459 0.0736183 0.0056369 -0.1459015 0.1886047 0.0746037 0.1898044 0.2913937 -0.0777553 0.1802329 0.1780838 0.0371182 0.4080065 0.1040475 0.1720276 -0.1176219 0.5570978 0.1720791 0.1083596 0.0977080 -0.0736421 0.1889153 -0.2405621 0.0592701 0.4233511 0.5565834 0.3714472 -0.1051997 -0.2310855 0.2958363 -0.0457795 0.0137466 0.1651940 0.2176005 0.2245873 -0.0163581 0.3277812 -0.1175151 -0.0795894 0.0625094 0.0477772 0.0787470 0.0893234 -0.0118443 0.3797247 -0.1070447 0.2103676 0.6027355 0.4334317 -0.2471133 0.4194181 0.2688504 -0.0400608 -0.0538268 -0.1753186 0.2514832 0.4045905 0.3376845 0.3087977 -0.1910768 -0.0803708 -0.0906203 -0.2207040 -0.1624871 0.3266252 -0.0573152 -0.0337005 -0.0592821 0.0090017 -0.2541321 0.0914206 -0.1536798 -0.1846699 0.0680487 0.1928400 0.0874578 -0.0340587
-0.0791872 0.7769514 0.1033293 0.7384394 -0.2449564 0.7006556 0.8918802 0.6309372 0.6298823 0.4341972 0.4024322 0.0000000 0.1678890 0.2743422 0.7250172 0.3091307 0.2232643 0.4902634 0.2221576 -0.6014841 0.8224551 0.2155833 -0.0331554 0.4449470 0.1405510 -0.0009707 -0.2732605 -0.1134634 0.8054155 0.0722376 -0.1900890 -0.0135424 0.3406294 0.7004390 -0.2217346 0.6662440 -0.2865077 0.2035708 0.0732550 -0.0109411 -0.5176912 0.6837158 -0.2324919 -0.0933380 0.7415098 0.1973796 -0.2540633 -0.0998429 0.5356132 0.1119926 -0.1171022 -0.2371936 0.7548874 0.2769118 0.2028841 0.1254815 0.0544477 0.2719464 0.4574034 -0.0773100 0.7084596 0.0668226 0.2559807 0.8298894 0.8566731 0.0975326 0.2205573 0.2108906 0.1636762 0.4338789 0.2568710 0.8065180 0.2823089 0.8800773 0.3234867 0.7313487 0.7629938 0.4863799 0.7034894 0.8355483 0.5712198 0.6614742 0.5031313 0.2792599 0.3081007 0.2267505 0.2485229 -0.2049261 0.2838813 -0.0293587 -0.2595350 -0.3366098 -0.3498227 0.3589119 -0.4306304 -0.5783606 -0.3218371 -0.3550973 -0.2303387 0.4199097 -0.1125158 -0.1547829 0.1391715 0.6559952 -0.3636996 -0.5109378 -0.0649456 -0.0921278 -0.2736587 0.5925086 -0.0860792 -0.2127126 -0.3340825 -0.2762588 -0.0806694 -0.1568907 -0.1615417 -0.1847631 -0.0093182 -0.1449489 -0.2961946 -0.1770636 0.0072928 0.4146038 -0.2285606 0.3581333 -0.1195638 -0.2247755 0.1096671 0.1397866 -0.1493707 0.0428734 0.1098721 0.4073950 -0.1604280 -0.1320388 0.0215548 0.1179300 -0.0841094 0.6031442 -0.0333731 0.2143818 0.1536900 0.1048448 -0.0232344 -0.2997297 -0.0229580 -0.0491729 0.1457038 0.2435124 0.6247921 0.1030523 0.1751298 -0.1509865 -0.0721731 -0.1895399 0.0541770 -0.0753399 0.1962609 0.3674815 -0.3325510 0.1013893 -0.0683355 0.1853066 -0.3145668 0.0490423 0.0697959 0.2072633 0.0876724 0.1258521 0.0225912 0.1157655 -0.2319860 0.2548138 0.8261762 0.8029764 0.7122729 0.5269986 0.5350221 0.5277368 0.4400639 0.5485089 0.5613415 0.5890248 0.0234505 0.5465051 -0.0901515 0.6433907 0.8336805 0.7196293 -0.0065230 0.9314285 0.5992428 0.4737092 0.4024946 0.4025905 0.3963560 0.5088456 0.7970482 0.2835264 -0.1560141 -0.2477835 -0.3454113 0.0216466 -0.2321982 0.1100815 -0.2009235 -0.2702059 -0.0767989 -0.1934695 -0.2882523 0.5310049 -0.1658389 0.1617909 0.2834564 -0.2140900 -0.0710433 -0.0652571
-0.3489275 0.1110796 0.3999816 0.3660309 0.5206757 0.0329045 0.2211922 0.5900139 0.1456253 0.2556055 0.3438897 0.1678890 0.0000000 0.4580585 -0.0193804 0.3380247 0.3996431 0.2025057 0.5486661 0.1311854 -0.0242859 0.7927444 0.3865427 0.3240892 0.5726636 0.7402367 0.0084352 0.0767015 -0.0878493 0.4984251 0.4435389 0.7704238 0.3635870 0.2012799 0.6668350 -0.2456276 0.7503538 0.7944455 0.6474104 0.6510504 0.5614604 -0.3273889 0.4688291 0.5448449 -0.1700177 0.6711802 0.6374618 0.7157949 0.6704738 0.5791974 0.6089045 0.4131763 0.1502074 0.6726624 0.7945049 0.7532934 0.8094310 0.5031936 -0.2095202 0.6099311 0.1703664 0.5872373 0.6865460 0.4224822 0.2623427 0.7514488 0.6026838 0.5558255 0.7758563 0.4402870 0.6886301 0.2330699 0.7066263 0.2219037 0.6804402 0.4548392 0.3073740 0.6346448 0.4969952 0.2244496 0.5462004 -0.0632690 -0.0390084 0.3656187 -0.0340695 0.1968922 -0.0181942 -0.2311089 0.2250799 -0.1802937 0.1839529 0.1715000 -0.0046563 -0.0229740 0.0812803 0.1012281 0.1696214 -0.0938212 -0.3832957 -0.1533999 -0.1912444 0.0368577 0.1080578 0.0067788 -0.0466774 -0.2154046 0.1889340 0.1998342 -0.0386111 0.0481885 -0.4831800 -0.1907904 -0.1817122 0.2153565 0.4402134 0.2121865 0.2870438 0.2104329 0.1815502 0.0009111 -0.0985142 0.1433374 0.2033397 -0.2459713 0.0958608 -0.1221652 0.1885412 -0.1173587 -0.2331450 -0.0526225 0.1143497 -0.0400683 -0.0001768 -0.2466175 -0.1436783 -0.1981509 -0.3510234 -0.0867013 -0.1023709 -0.0831437 -0.3435784 -0.1467278 -0.0382084 0.0870927 -0.1026063 -0.1986544 -0.0283577 -0.2165820 -0.2322967 -0.1453848 -0.1662541 -0.0941891 -0.0490007 -0.2332182 -0.0382910 -0.1202882 0.0547518 -0.0696643 0.1114675 0.1196998 -0.1244547 -0.2646758 -0.2034043 0.0739746 -0.1724034 -0.1615579 0.1418756 0.0414388 -0.1161894 -0.2920989 -0.2434073 -0.2284300 -0.3342883 -0.4420408 -0.0358515 0.3192310 0.1535569 0.1324154 -0.0418066 -0.1937237 -0.1466017 -0.2483092 -0.2811851 -0.1785158 -0.1609481 0.5214411 0.0945242 0.4884938 0.3998168 0.1736125 -0.2066835 0.2062021 0.5214483 -0.1396900 -0.2299548 -0.1968955 0.0272913 0.5256531 0.2778752 -0.0253557 0.3720756 0.1522361 0.1569937 0.1568790 0.4308581 0.6879193 0.0454348 0.3306913 0.3677423 0.4518344 0.1183953 0.3555934 0.6179850 0.0770627 0.3281665 0.4783596 -0.0348293 -0.0757693
0.0548920 0.0305132 -0.0759650 0.4040711 0.1099408 0.2188677 0.4203064 0.3967526 0.4473049 0.7637405 0.7181703 0.2743422 0.4580585 0.0000000 0.1779903 0.7319485 0.9153119 0.7714512 0.5794586 0.0155128 -0.1765300 0.8283759 0.6676417 0.7135050 0.6525389 0.6965550 0.5813190 0.6148370 -0.0121651 0.6605087 0.5213334 0.5664947 0.7877180 0.5349998 0.4706263 -0.2017977 0.3071957 0.2887046 0.2746769 0.2117754 0.2486542 -0.1436800 0.4739587 0.5125571 -0.0374424 0.0943490 0.1790737 0.0910909 0.7975908 -0.1697392 0.3933306 0.2604841 0.4008157 0.6370258 0.2740103 0.1244782 0.2349840 0.5580441 -0.0563334 0.4043131 0.2217444 0.4100086 0.1657348 0.4940135 0.2240378 0.2089958 0.4956500 0.5250122 0.0890862 0.5738600 0.4543982 0.5851712 0.3842986 0.3557866 0.4744210 0.4322893 0.4345413 0.3721270 0.2697458 0.1671863 0.2963640 -0.1450167 -0.2422523 0.0422608 -0.2891554 -0.1368527 -0.0488943 0.0270843 -0.1004987 -0.3431317 -0.3476684 -0.4935830 -0.4106502 0.0511588 -0.3203370 -0.3149457 -0.3829479 -0.3234884 -0.1390098 0.2473106 -0.2257731 -0.3767020 -0.2410139 0.1839529 -0.5231366 -0.3788130 -0.1861724 -0.0910361 -0.3013333 -0.3325221 -0.3623179 -0.1272898 -0.0535649 -0.0762589 0.1122889 -0.1288246 -0.0482120 -0.0722387 -0.1584675 -0.3608057 -0.3562546 -0.1765330 -0.0552012 0.0172268 -0.4379568 -0.3274770 -0.2877705 -0.4878113 -0.5544305 -0.2718406 -0.4070460 -0.3099314 -0.3575281 -0.1521398 -0.0825310 -0.5105513 -0.4191805 -0.1675277 -0.2270255 -0.2951372 -0.1681339 -0.1712682 -0.3278941 -0.4101504 -0.4326007 -0.0952985 -0.2804331 -0.2048642 -0.0605703 -0.4062542 -0.2606054 -0.3858135 -0.3224843 0.0288559 -0.2667894 -0.3592665 -0.3938614 0.1090953 -0.1821132 -0.2461710 0.0114427 -0.4412692 -0.4008974 -0.4694184 -0.2577420 -0.1580200 0.2765202 0.1126032 -0.1963358 -0.4293207 0.0598513 -0.2553954 -0.0390333 0.2001736 0.0968994 0.1789912 -0.1076201 0.3624357 -0.3158749 -0.2893510 -0.0481852 -0.1436594 -0.0455543 0.0019006 -0.1282484 0.4094639 -0.1742819 0.1225893 0.3566243 0.2383966 -0.3899918 0.2430712 0.3242558 -0.2976945 -0.3429070 -0.2908414 0.4034683 0.4532173 0.1683405 0.1176069 0.0657363 -0.1562965 -0.0661834 -0.2936932 0.0185448 0.1452096 -0.1190690 0.1646166 0.2733054 -0.0954398 -0.2006849 0.1837795 0.1613691 -0.2372129 0.1642639 0.2623564 0.4147500 0.3685900
0.0393177 0.8070021 0.0506012 0.7920542 -0.3171207 0.7694668 0.5165035 0.4969348 0.8336979 0.5944765 0.3325016 0.7250172 -0.0193804 0.1779903 0.0000000 0.2965597 0.0249705 0.6590253 0.1903830 -0.4160040 0.4969847 0.1262913 -0.1929404 0.5710942 0.0822631 -0.2425701 -0.0861548 0.1404371 0.7481724 0.2079334 -0.3780787 -0.2753116 0.2791210 0.5455835 -0.5065982 0.3162835 -0.4832664 -0.0800194 -0.1177322 -0.2067258 -0.5503633 0.4293754 -0.4762947 -0.2066448 0.4483850 0.1914319 -0.4575065 -0.3730877 0.2460285 0.0007936 -0.4218673 -0.5335073 0.3280842 0.0272324 -0.0539306 0.0716588 -0.1315829 0.0131392 0.4095059 -0.3480394 0.4499384 -0.1771226 0.1209084 0.5196196 0.5474464 -0.0974544 -0.0347476 0.0535467 0.1258993 0.1385705 0.0774772 0.4827841 0.1110338 0.4908968 0.2086734 0.4790168 0.4057473 0.1326940 0.2237063 0.3278604 0.0550650 0.4687221 0.1683368 0.1000814 0.1967215 0.0549818 0.3504336 -0.1189335 0.0663162 -0.0184081 -0.2667913 -0.3200205 -0.4177904 0.3310115 -0.2526590 -0.5715031 -0.6400120 -0.4188626 -0.1509048 0.2416129 0.0203358 -0.2643658 -0.0525016 0.6819293 -0.5182926 -0.3758602 -0.0691911 -0.1025373 -0.3192538 0.3433271 -0.2297372 -0.2548799 -0.4713105 -0.3051286 -0.2316116 -0.2660172 -0.2244536 -0.2927203 -0.1842099 -0.1978351 -0.0726162 -0.0933660 -0.0126490 0.0400022 -0.2509181 0.2888218 0.1202686 -0.0891452 -0.1041237 -0.0696414 -0.1026710 0.2662542 0.1441581 0.1085552 -0.2657550 0.0832708 0.0378944 -0.1005216 0.0409251 0.3050216 -0.0286901 0.2276726 -0.1978560 -0.0870251 0.1485227 -0.2663726 0.0199561 -0.1791345 -0.0232595 0.2417210 0.3130624 0.4624384 0.2761997 -0.2058960 -0.1170784 -0.0010311 -0.2209755 -0.1094220 -0.1006579 -0.1208332 -0.4840718 0.1398401 -0.1580419 -0.3006256 -0.2129837 0.1865803 -0.1417290 -0.0622179 -0.1931050 0.1620383 -0.0907399 0.0488409 -0.3944184 -0.0025276 0.4193768 0.3229336 0.1875645 -0.0261948 0.1134548 0.1365159 -0.0486652 0.1919044 0.3507712 0.2700612 -0.1376442 0.1030725 -0.3406487 0.1363797 0.5461785 0.6743661 -0.1605135 0.5122580 0.5432499 0.1036274 0.3634165 -0.0269098 -0.2386305 0.2445396 0.2601321 0.0434688 -0.2994859 -0.0591244 -0.0716727 0.0136548 -0.0486655 -0.0365295 -0.2023531 -0.2192520 -0.0805294 -0.0361265 -0.0216604 -0.0354611 -0.5522485 0.0824709 -0.0937091 -0.2733982 0.1549767 -0.0006426
-0.0105553 0.2228615 -0.0905062 0.4745275 0.1070846 0.2747472 0.3571073 0.4981046 0.5958420 0.8056095 0.8444601 0.3091307 0.3380247 0.7319485 0.2965597 0.0000000 0.7739105 0.5803684 0.8073298 0.0391818 -0.1538150 0.6513516 0.6314607 0.5309945 0.8248011 0.6186560 0.3320236 0.2951283 0.0728430 0.3894280 0.2520649 0.6044155 0.4941996 0.2561918 0.2390245 -0.2073178 0.1794864 0.5264589 0.2816576 0.2374673 0.2340472 -0.1548830 0.2300161 0.3046174 -0.1228143 0.1713632 0.0079950 0.1640529 0.5798256 0.1026392 0.1824243 0.1552244 0.1274659 0.6058913 0.4015765 0.3638263 0.2737918 0.5580879 -0.0353235 0.3321882 0.1917605 0.3801398 0.3770346 0.4478448 0.0996017 0.3030453 0.5425667 0.5836324 0.2173769 0.6404576 0.5577234 0.5076268 0.4609842 0.2576228 0.5214817 0.5028206 0.4602420 0.4835243 0.2658767 0.1679933 0.2619922 -0.0657151 -0.1882966 0.3019487 -0.1949522 0.1806063 0.0631576 -0.0231074 0.2752801 -0.0719378 -0.6023389 -0.3861305 -0.3902149 0.4024931 -0.0918215 -0.2648386 -0.4348460 -0.1740813 -0.0249977 0.2790149 0.0938166 -0.2780495 0.0395532 0.4953512 -0.4907433 -0.1408941 0.1405745 0.1061138 -0.2182528 -0.2824550 -0.3642959 -0.1064105 0.0714713 -0.0044445 0.0871643 -0.0604043 -0.0499368 -0.0577640 -0.1616348 -0.3438227 -0.5022799 -0.1691946 -0.0830192 -0.2277256 -0.4002251 -0.3599205 -0.0797362 -0.3697851 -0.5765048 -0.3560230 -0.4466525 -0.1914069 -0.0772842 -0.2323438 -0.1847290 -0.1741579 -0.3268676 -0.2231686 -0.1182068 -0.2339489 -0.0150466 -0.1345977 -0.1880035 -0.1757602 -0.2346979 0.0003200 -0.0170805 0.1065585 0.0694698 -0.2676206 0.0140268 0.0954142 -0.0869497 0.1422352 0.0096516 0.2015496 -0.2517193 0.4200006 0.0953057 -0.0377710 0.0645210 -0.2802259 -0.0937944 -0.3354244 -0.0810351 0.2863634 0.4331373 0.2011858 -0.2392555 -0.4143334 0.1847495 -0.2741102 -0.0364228 0.0612764 0.0847502 0.2548031 -0.0749969 0.2821716 -0.2688779 -0.2943473 -0.1019362 -0.1695175 -0.1275533 -0.1604364 -0.1141777 0.1685406 -0.2384097 -0.0188548 0.3120194 0.1774969 -0.4320268 0.2033854 0.3543823 -0.3499411 -0.3385297 -0.4065432 0.2028577 0.5417589 0.1601021 0.0721671 0.0003966 -0.0554753 0.0495589 -0.1392627 0.1014797 0.3183911 -0.0462448 0.0045677 0.1638922 0.0640982 -0.2280065 -0.0551381 -0.0528506 -0.1555054 0.0949474 0.1863119 0.3140719 0.2260082
0.0731177 0.0387232 0.0137641 0.3344804 0.1852472 0.2372303 0.3858282 0.3574940 0.3697562 0.6780367 0.6457299 0.2232643 0.3996431 0.9153119 0.0249705 0.7739105 0.0000000 0.5772787 0.4804247 0.1664450 -0.2141200 0.7430220 0.8488794 0.5162370 0.5883712 0.7297552 0.5668582 0.3842244 -0.1692677 0.5568126 0.5585678 0.6036695 0.6206981 0.3128717 0.5383680 -0.2105485 0.3307033 0.3512524 0.3854032 0.2939155 0.3485124 -0.1805409 0.5667411 0.5517809 -0.1099154 0.0412502 0.2294496 0.1923460 0.7741010 -0.1661333 0.4296420 0.4284201 0.2908516 0.6381263 0.4007787 0.1918263 0.2448261 0.5984779 -0.0593103 0.4539397 0.1066469 0.4318462 0.2649085 0.3937532 0.0933983 0.2340967 0.4853383 0.5013136 0.1024250 0.5735095 0.3875059 0.5277320 0.3167410 0.2579957 0.3963759 0.3296741 0.3994301 0.2829145 0.1823590 0.1489889 0.2035839 -0.0823347 -0.1649397 0.1922535 -0.2850074 -0.0292610 -0.0796560 -0.0335450 0.0210733 -0.3753647 -0.4254890 -0.4155855 -0.1988021 0.1779747 -0.2662797 -0.3009162 -0.2837715 -0.1586121 -0.0254171 0.3521627 -0.1449841 -0.2935863 -0.1348567 0.1866854 -0.5103856 -0.3352893 -0.0673917 -0.0072157 -0.3012950 -0.3326209 -0.3196958 -0.1065325 0.0578954 -0.0068378 0.1538808 -0.0012538 0.0201289 0.0180316 -0.0774043 -0.2964040 -0.4918771 -0.1756390 -0.1039422 0.0398499 -0.3738302 -0.4625733 -0.3771962 -0.4739494 -0.5589556 -0.4292784 -0.5206671 -0.4252843 -0.3923836 -0.1522543 -0.1557847 -0.5848168 -0.4850186 -0.2265248 -0.2759208 -0.2982064 -0.1616533 -0.3169257 -0.2671095 -0.2273839 -0.4403327 -0.1970403 -0.2982849 -0.0572408 -0.0300833 -0.4790823 -0.1705375 -0.4031197 -0.4327861 0.0273629 -0.0801420 -0.1981404 -0.3695105 0.1996341 -0.0860913 -0.1427328 0.2184924 -0.4716507 -0.3695873 -0.3454944 -0.2105269 -0.0812116 0.2649907 0.0913695 -0.2317623 -0.5704502 0.1537542 -0.3632811 0.0855826 0.2571784 0.1205728 0.2447534 -0.0327499 0.4231081 -0.2682936 -0.2821567 0.0206133 -0.1097639 -0.0488906 0.0368912 0.0324918 0.3085743 -0.0224555 0.0782249 0.2625348 0.1529049 -0.3076100 0.1954750 0.2357171 -0.2746559 -0.4057442 -0.2248235 0.5310238 0.4560271 0.1506179 0.1213991 0.0954586 -0.1661220 -0.0280891 -0.1213842 0.1029698 0.1681989 -0.0487099 0.1731212 0.2261119 -0.1442865 -0.2573477 0.1809140 0.2739638 -0.0899075 0.2874006 0.1922626 0.3880338 0.4247974
