0.0000000 0.8301514 0.4451990 0.5463430 0.2204499 0.6046816 0.3920944 0.2259868 0.5277479 0.2258107 0.0850387 0.4952613 0.3060386 0.2450405 0.5144688 0.0708149 0.0556891 0.4586029 0.1926168 0.1781387 0.3603914 -0.0526537 0.0056012 0.4107071 0.1390983 0.1565687 -0.0239129 0.5070412 0.4131275 0.4146169 0.3001440 -0.0698765 0.0721513 0.3067026 -0.0804714 0.1369041 -0.1165195 0.0482638 -0.0975356 -0.0752762 0.2213051 0.1309773 -0.1568934 -0.2247728 0.2562753 -0.0793366 -0.0481196 0.0335502 0.1768112 0.3535465 -0.0125591 -0.1460259 0.3861172 -0.1649471 0.7183326 -0.0245319 0.0186486 -0.0824453 0.1742716 -0.0197493 0.4675983 -0.1382163 0.3028666 0.0467386 0.0646555 0.1363213 -0.0642705 -0.1263040 -0.0778566 -0.1354805 -0.1394264 0.2494202 -0.0018487 0.2584345 -0.3498261 0.1552168 0.2458556 -0.1926082 0.0801089 0.4590232 -0.0681228 -0.2141923 -0.3577301 -0.1760460 -0.1337256 -0.2735854 -0.0095051 0.0691741 -0.1675296 -0.2373049 -0.0553762 -0.0915640 -0.2837869 0.0538829 -0.1006251 -0.0986916 0.1245335 -0.0851223 -0.2036584 0.1015669 -0.1710183 -0.0301690 -0.1658114 -0.1613525 0.1094951 -0.1263570 -0.0800460 0.1024411 -0.0637793 -0.3826278 -0.0558939 0.0386351 0.3286641 0.1955527 0.0002731 0.4575425 0.3035544 0.1444696 0.1808897 0.0316016 0.2174860 0.0816060 -0.1028730 0.0474042 0.1669441 -0.0380964 0.0463981 -0.1752202 0.0650219 0.1745768 0.2975202 0.0955296 0.1721760 0.2609792 0.2780050 -0.1794335 0.3691644 0.1224751 0.3027574 0.0033309 0.0276585 0.1380040 -0.0022061 -0.0061951 0.2359840 -0.0917218 0.1741697 0.1962113 0.1498340 0.3367354 0.1708890 0.0006385 0.1708968 -0.1214940 0.0915865 -0.1109386 -0.1388427 0.0343513 -0.1100012 0.0296076 -0.2691480 0.1563911 -0.1796748 -0.1433211 0.0726320 -0.0808624 -0.0988072 0.1301211 -0.0152679 -0.0470726 0.0417542 0.0186251 0.1011232 0.3576993 0.3476281 0.2348761 0.2399598 0.1705821 0.1406669 0.0544303 -0.0653975 0.0251901 0.1540479 0.2430413 0.3073189 0.0355085 0.3074516 -0.0110591 0.2929690 0.2691557 -0.0737037 0.3597048 -0.0388658 -0.2606740 -0.0824989 -0.2168774 0.0789222 0.0803088 0.3795478 -0.0561719 -0.1346315 -0.3183834 -0.2523689 -0.1194984 0.3492697 0.1148809 0.0565032 -0.1899198 -0.1568463 -0.3294725 -0.3057233 0.0261050 0.1443496 0.1971869 0.0402120 -0.1434910 0.4552321 0.0301355
0.8301514 0.0000000 0.4144398 0.6626185 0.1511352 0.8343205 0.6184279 0.3389315 0.7314163 0.4580235 0.2379929 0.6664681 0.2868186 0.5166795 0.7029798 0.1808682 0.2197622 0.6431427 0.3863052 0.0475811 0.5597172 0.0778580 0.0510881 0.5777036 0.3386885 0.0606771 0.1444595 0.6944429 0.5972678 0.5876292 0.2353701 0.0596251 0.2510776 0.4597189 -0.1392918 0.3623683 -0.0816320 -0.0486786 -0.0409359 0.0197709 0.0647837 0.3392145 -0.1251247 -0.1324719 0.4573376 0.0590649 0.0244816 -0.1600082 0.3134263 0.2074396 0.0211481 -0.0657172 0.4593026 -0.1890867 0.5649968 -0.0288220 0.1066328 -0.1269089 0.3881326 0.0297817 0.6058411 -0.1137585 0.3036195 0.1322222 0.1079402 0.2213810 -0.0204032 -0.0727236 -0.0060939 -0.1122751 0.0145782 0.3192105 0.0555134 0.2459949 -0.2581628 0.1971604 0.2242743 -0.1000953 0.1433399 0.5565023 0.0369099 -0.3814643 -0.3560476 -0.2292037 -0.2502350 -0.3560891 -0.0937381 0.0349266 -0.2972525 -0.3270987 -0.2685004 -0.3425251 -0.4543274 0.0741841 -0.2658984 -0.2649955 -0.1872345 -0.3739588 -0.3656984 0.0192228 -0.2416630 -0.1460630 -0.3358690 -0.2456908 -0.1650823 -0.1624285 -0.2580327 -0.0398831 -0.2848245 -0.5184600 -0.2634524 -0.1350784 0.1629453 0.0766897 0.0188257 0.2458272 0.0854590 0.1925194 0.0672782 0.0546157 0.1561224 0.0359835 -0.2033861 0.0841718 0.1868516 -0.0301433 -0.1044913 -0.2144741 0.0766023 -0.0197636 0.1350488 0.0031262 -0.0963436 0.1794608 0.1352056 -0.2631160 0.2411754 0.0247510 0.2054505 0.0324176 -0.0042450 0.0447756 -0.2559719 0.0241115 0.1501038 -0.1355832 0.1609212 0.1978078 -0.0287359 0.1712215 0.0414901 -0.0317753 0.0573699 -0.1184868 0.1054500 -0.0195814 -0.2232137 0.0021718 -0.2453881 -0.0454528 -0.0841381 0.0046882 -0.1701335 -0.1645539 0.0535372 -0.0821551 -0.1547558 -0.0262341 -0.1488693 -0.1799536 0.0406595 -0.0971517 0.1119942 0.5010407 0.6639813 0.4033861 0.4123760 0.1411457 0.2775328 0.2022895 0.1175144 0.2508245 0.3403577 0.4041086 0.5026633 -0.0147807 0.2261108 -0.1109067 0.2536426 0.3112319 -0.0182518 0.3959033 0.0816756 -0.0136803 -0.0160062 -0.0051003 0.0705258 0.2016637 0.5855565 -0.0739329 0.1374052 -0.2852354 -0.1544088 -0.0471724 0.5206985 0.2924882 0.0052412 0.0296217 0.0378402 -0.1973553 -0.2880170 0.1786741 0.2299492 0.3462054 0.1678680 -0.0679164 0.6022705 0.2202055
0.4451990 0.4144398 0.0000000 0.4630219 0.7552818 0.4912522 0.7266001 0.5737022 0.5815128 0.3955072 0.3643119 0.7299359 0.8135488 0.3914896 0.6016065 0.3687083 0.2746239 0.3404155 0.0296561 0.4343543 0.6758627 0.2605465 0.3761555 0.2981988 -0.1678224 0.3533197 0.4670429 0.3605949 0.5945146 0.5456162 0.1597282 -0.3468287 0.1822669 0.2913992 0.2550484 0.5133367 0.1596718 0.1019557 0.2538606 0.2261858 0.1746195 0.4550600 0.1474796 0.2208967 0.2036292 0.0001857 0.2430834 0.0863771 0.3696085 0.0509008 0.2756807 0.0772103 0.3915440 0.1033097 0.3736034 -0.0022788 0.1193639 0.2181480 0.2876418 0.2069365 0.4499399 0.0977243 0.2777036 0.4278192 0.6020060 -0.0938326 0.1141678 0.0340648 -0.0080596 0.1022267 -0.1181530 0.5445855 0.0086241 0.6942398 -0.3186596 -0.0296288 0.5719182 -0.2258204 -0.0397616 0.5626974 0.1964619 -0.0370820 -0.0412235 0.0438498 -0.3060469 0.0054138 0.2102401 -0.0623710 0.1110603 -0.0724723 0.2351143 0.2127389 0.1729086 0.2226270 0.1598049 -0.2459702 0.1973748 0.0226313 0.0941403 0.0707860 0.1210345 0.0782239 -0.0159554 0.1765854 0.1200592 -0.0449463 -0.1570937 0.0319225 0.0387652 -0.0538455 0.1900608 0.1620529 0.4358154 0.2170132 0.4873258 0.4819377 0.3664747 0.2886225 0.5162198 0.3281022 0.2749670 0.2986846 0.0713555 0.3592741 0.2198799 -0.0264072 0.1149013 0.1074730 0.1519870 0.2337089 0.1790154 0.2675757 0.0749856 0.3199554 0.4108865 0.0825150 0.1929040 0.0898212 0.1351143 0.2442139 0.2695623 0.1803189 0.2987822 0.1362961 0.1801830 0.1225168 0.1474527 0.2223763 0.3002568 0.2690871 0.1726798 0.1570977 0.0647346 0.1340989 0.3425984 0.1049969 0.1233041 0.1723828 0.1564056 0.1931707 0.3280204 0.3447846 0.1322701 0.1301401 0.3735117 0.1964885 0.1092332 0.1465143 0.1333704 0.1918959 0.2460851 0.1015493 0.2594435 0.6216312 0.5494301 0.7227638 0.6862428 0.7299625 0.5916166 0.5517443 0.4615082 0.5266600 0.2668806 0.3413537 0.2031480 0.5794801 0.4956070 0.4204198 0.7070152 0.7083620 0.1322164 0.7123652 0.6494610 0.2312748 0.0528374 0.1766423 0.6349203 0.5281590 0.4941755 0.1096919 0.4016753 0.0740388 0.2045072 0.5300801 0.5549761 0.5035913 0.1433165 0.2086849 -0.0417680 0.0934000 -0.0350052 0.4525882 0.5361207 0.3634220 0.3872157 -0.0011625 0.3469659 0.4524287
0.5463430 0.6626185 0.4630219 0.0000000 0.2216283 0.9250313 0.6941387 0.8510221 0.6313388 0.8936943 0.8193625 0.7670919 0.5806054 0.8087579 0.7849953 0.7497747 0.7851545 0.6533986 0.6801979 0.1511628 0.7581395 0.5670207 0.6110305 0.5292824 0.4286399 0.6643585 0.5621311 0.5384452 0.8870159 0.6872443 0.5773956 0.2361762 -0.1165407 0.7958139 0.5414777 0.6173569 0.5537933 0.0985636 0.5684811 0.6159093 0.3229965 0.4412475 0.5435040 -0.1692712 0.6473271 0.5824911 0.6703000 -0.1451963 0.6085358 0.2267389 0.6731383 0.5524010 0.9062163 0.4346066 0.5926008 0.4846109 0.6729593 0.5120462 0.2197334 0.6614844 0.6393412 0.5246202 0.4897499 0.7129997 0.3976815 0.4345033 0.5891064 0.5286656 0.1775117 0.4992363 0.4599999 0.8103318 0.5545833 0.5539509 0.1029379 0.3624680 0.6572044 0.2421950 0.3549863 0.5509301 0.3512902 -0.4430823 -0.4291499 -0.4410946 -0.5310136 -0.4858674 -0.2284186 -0.3134043 -0.5695263 -0.5066432 -0.3823308 -0.4892200 -0.5432462 -0.1065322 -0.5791948 -0.4279584 -0.4137047 -0.2067996 -0.5543124 -0.2296063 -0.3385919 -0.0936373 -0.3362234 -0.3425061 -0.3686313 -0.5259865 -0.3901377 -0.1993733 -0.5863676 -0.4032277 -0.4117947 -0.3811959 0.2262815 -0.1304691 -0.0882977 -0.0514129 -0.2024367 -0.2172914 -0.1833747 -0.2637304 -0.2908041 -0.3037110 -0.3616646 0.0003809 -0.2416830 -0.5761097 -0.4946599 -0.3829702 -0.4154197 -0.1489063 -0.3281080 -0.2891134 -0.3699078 0.0733837 -0.1904834 -0.4036807 -0.1670963 -0.4345331 -0.3758008 -0.1718732 -0.2315789 -0.3420578 -0.1810468 -0.2445198 -0.2374296 -0.3081606 -0.2729631 -0.1753550 -0.2262092 -0.1720754 -0.1918889 -0.2549194 -0.3538220 -0.3322047 -0.1502265 -0.1715225 -0.2531205 -0.4579091 -0.2011363 -0.1594615 -0.2569138 -0.2342448 -0.3211493 -0.1476454 -0.3555382 -0.3549679 -0.3329473 -0.2452444 -0.1975676 -0.3755167 -0.3084932 -0.3757560 -0.1555061 0.4405672 0.4430347 0.4475615 0.5913056 0.2989415 0.5671724 0.4842014 0.1829681 0.5253605 0.2787390 0.3376186 0.0850119 0.2540863 0.2892657 -0.0595146 0.5524745 0.5704248 -0.2983743 0.4670042 0.1174083 0.1170512 -0.3826076 -0.0711906 0.0676394 0.2051655 0.6114641 -0.5791161 0.2818912 -0.4830772 -0.2107712 0.1274734 0.4921904 0.5534179 -0.4853032 0.0523840 0.2786641 -0.1583990 -0.5038766 0.3057789 0.3912990 0.1672753 0.4741831 0.1265389 0.3622527 0.1347163
0.2204499 0.1511352 0.7552818 0.2216283 0.0000000 0.2349560 0.5746061 0.3624327 0.2817464 0.2689563 0.2363087 0.5220446 0.7999094 0.0748342 0.3749330 0.2016529 0.1671384 0.2056839 -0.0641587 0.7254471 0.4378376 0.1578957 0.3022526 0.1685262 0.0041248 0.3063282 0.3189664 0.0475723 0.3024820 0.1201862 0.2275683 -0.0324515 -0.0619198 0.0369345 0.2133489 0.3324305 0.2031571 0.3432995 0.1417030 0.2400687 0.1466707 0.2715985 0.2124030 0.0784567 0.0063119 0.0612132 0.1912939 0.2505296 0.0924552 -0.0031106 0.2370210 0.2154026 0.1369558 0.1751416 0.3945657 0.0872172 0.1377500 0.1392267 -0.0313016 0.2278167 0.1767849 0.1867142 0.2907621 0.2467866 0.2741486 0.0715280 0.1604403 0.0470236 -0.0639168 0.0046153 0.0150612 0.3775816 0.0374152 0.5268033 -0.2895271 -0.1452274 0.4030661 -0.1809610 -0.2444950 0.3560427 0.1324064 -0.1388711 -0.2581161 -0.2177890 -0.5225029 -0.1781893 -0.0297495 -0.4478787 -0.0549095 -0.1849897 0.0410105 0.1388614 0.1239316 0.0917789 0.0766449 -0.2705919 0.1339339 -0.1586470 -0.0166811 -0.1589659 -0.0202072 -0.2349249 -0.2866684 0.0964209 -0.1718318 -0.1553630 -0.3204729 -0.1976933 -0.1683540 -0.3316715 0.0069769 0.0018712 0.3897255 0.1550273 0.3831294 0.3179522 0.2607481 0.0382471 0.2247433 0.1748247 0.1763606 0.2333358 -0.1012291 -0.1189756 0.0401507 0.0487672 0.1296651 -0.1008921 0.0224247 -0.0953546 -0.0082635 0.0170513 -0.0032747 0.0594069 0.1744074 -0.0959369 -0.0834109 0.0271860 -0.0288361 0.0567163 0.0567237 -0.0174107 0.0878515 -0.0306806 -0.0292493 -0.0534387 0.0469222 0.0972086 0.1013826 -0.0356794 -0.1181981 -0.1175732 -0.0990355 0.0291025 0.1919728 -0.0190228 -0.0219758 0.0100600 -0.0339508 -0.0512750 0.2945744 0.0587967 0.0112108 0.0206882 0.2460429 0.0443344 -0.0107148 -0.0816098 -0.0668560 -0.0033205 0.1276252 -0.0522918 0.0683506 0.4008393 0.3790774 0.5362609 0.5113053 0.7371223 0.4939462 0.4437917 0.3051093 0.3778181 -0.0670565 0.0761846 0.0719931 0.3494174 0.2731496 0.5151847 0.6324894 0.4501418 0.0337548 0.5962428 0.6340783 0.1035753 -0.0465562 0.0411683 0.4615260 0.4349088 0.3971518 0.1032248 0.4376395 0.0797581 0.1573477 0.3971304 0.4920669 0.3802550 0.0119653 0.3589403 0.1632089 0.2165413 -0.1159272 0.3130385 0.4927204 0.2118081 0.0876489 0.3176600 0.0014288 0.3266593
0.6046816 0.8343205 0.4912522 0.9250313 0.2349560 0.0000000 0.7792258 0.7023423 0.7831313 0.8108266 0.6448268 0.8377231 0.4834124 0.7973790 0.8728568 0.5575704 0.6153943 0.7283979 0.6325279 0.0643026 0.7643500 0.4333198 0.3984887 0.6526287 0.4809325 0.4098467 0.4629221 0.6769722 0.8214002 0.7179033 0.3865972 0.2218563 0.0860535 0.6852884 0.2596452 0.5619809 0.3214728 0.0016416 0.3593309 0.4311994 0.0743322 0.4010538 0.2772383 -0.0840156 0.6106697 0.4083103 0.4327396 -0.2609465 0.5776364 0.1279956 0.4213436 0.3290375 0.7595133 0.1861389 0.5309722 0.2266402 0.4488533 0.2676512 0.2579143 0.4161768 0.5962435 0.2606344 0.3378564 0.5204587 0.2914412 0.3117399 0.3411751 0.2790563 0.0273348 0.2478170 0.3034112 0.6347219 0.3356472 0.4404686 -0.0779218 0.2728352 0.4873507 0.0830785 0.2285673 0.5905231 0.2116315 -0.5157550 -0.4329078 -0.3690955 -0.4956274 -0.4342218 -0.1827733 -0.2620037 -0.4952018 -0.4805030 -0.4067167 -0.5152912 -0.5708512 -0.0969409 -0.5084166 -0.4049395 -0.4512936 -0.3689321 -0.5602369 -0.1791224 -0.3546277 -0.0859209 -0.3539564 -0.3646677 -0.4095115 -0.3721744 -0.3615965 -0.1751328 -0.5488865 -0.4427816 -0.4351713 -0.3207101 0.1533167 -0.1226991 -0.0174235 -0.0201591 -0.1838320 -0.0147817 -0.1397350 -0.1473031 -0.1435930 -0.1966377 -0.3649640 0.0252060 -0.0928631 -0.4136405 -0.4206725 -0.3402501 -0.2740075 -0.1721626 -0.2022893 -0.2094647 -0.4057411 0.0641263 -0.1302469 -0.3848068 -0.0643381 -0.3071080 -0.1908232 -0.1578769 -0.1639929 -0.2960077 -0.3044740 -0.1903405 -0.1702146 -0.2626384 -0.1367525 -0.0634216 -0.2281125 -0.1614977 -0.2129932 -0.2218056 -0.2908330 -0.2715339 -0.0999771 -0.1493579 -0.3145014 -0.3287520 -0.3026595 -0.2069658 -0.1075754 -0.2452513 -0.3024005 -0.2069476 -0.2283374 -0.2911401 -0.3276437 -0.2459398 -0.2816062 -0.3845680 -0.1928931 -0.3280183 -0.0631993 0.5250970 0.6505056 0.5349931 0.5975052 0.2661159 0.5000620 0.3991874 0.2056514 0.4770250 0.2696424 0.3436577 0.2147072 0.1384567 0.2078875 -0.0965949 0.4522827 0.4897852 -0.2033946 0.4844881 0.1963735 0.1030245 -0.3151545 -0.0247437 0.0668978 0.2853978 0.6433031 -0.4081850 0.3281307 -0.4004470 -0.1505101 0.1214270 0.5781538 0.4757929 -0.3361163 0.1166714 0.2615857 -0.1810083 -0.4375522 0.2919020 0.3595325 0.2305030 0.3686290 0.0302300 0.5343682 0.2886744
0.3920944 0.6184279 0.7266001 0.6941387 0.5746061 0.7792258 0.0000000 0.6208699 0.6329204 0.6374425 0.5600994 0.9236124 0.7073472 0.6321288 0.8007703 0.5129362 0.5414829 0.4484480 0.3011102 0.2760517 0.8576299 0.4334907 0.4768987 0.4652541 0.2544795 0.3782087 0.5475157 0.5873111 0.7437376 0.6483808 0.2830433 -0.0459739 0.1779362 0.4629709 0.3202320 0.7732944 0.2715205 0.0479546 0.4377704 0.5313752 0.0483960 0.5441470 0.3105659 0.2758493 0.4314950 0.2360109 0.4419979 -0.1072816 0.6270223 -0.1496521 0.4556345 0.3230236 0.5910807 0.2552750 0.3670876 0.1627601 0.3863942 0.3748236 0.3912544 0.4066654 0.6279312 0.2567235 0.4675100 0.6068610 0.4710543 0.1998965 0.3180783 0.2612332 0.1465449 0.2902826 0.2346869 0.6889106 0.2631374 0.7332127 -0.0579406 0.1367439 0.6896793 0.1310945 0.1502846 0.7251722 0.4064578 -0.4899034 -0.2942935 -0.2952323 -0.5810635 -0.3342001 -0.2216997 -0.2884741 -0.3216400 -0.3144886 -0.3471368 -0.3039938 -0.2878364 0.1264058 -0.3224375 -0.3204824 -0.2366917 -0.3702572 -0.3365644 -0.1076153 -0.1367573 -0.1585277 -0.3681223 -0.1304452 -0.3341210 -0.2529451 -0.4608556 -0.2637895 -0.4501262 -0.4295133 -0.2447163 -0.2314186 0.1880831 -0.2335668 0.0215787 0.0100054 -0.2145400 -0.1032627 -0.0489368 -0.0311058 -0.1456214 -0.1338992 -0.2720463 0.1244617 -0.0592711 -0.1614063 -0.3577744 -0.1614459 -0.0497844 -0.0531509 -0.1250709 0.0004558 -0.3531488 0.3014717 0.1173547 -0.1967123 -0.0244673 -0.1665945 -0.1392957 0.1043076 0.0532999 -0.1085274 -0.1075137 0.0747424 0.0288703 -0.0476483 -0.0722537 0.0267043 -0.0352781 -0.0893625 -0.0903820 0.0317255 -0.2817643 -0.0279236 0.0411317 0.0835206 -0.1101028 -0.1177960 -0.1161867 -0.0600615 0.1776159 -0.0735482 -0.0368392 -0.0229837 0.0153768 0.0256389 -0.0896154 -0.0972930 -0.1148797 -0.1746983 0.0928076 -0.1228660 0.0245936 0.6580119 0.7909504 0.8185918 0.8399827 0.6605098 0.7615848 0.6765237 0.5982528 0.7492817 0.3443626 0.4996559 0.3460609 0.4685235 0.4969271 0.3464119 0.7957501 0.7509371 -0.0506226 0.7973805 0.6681638 0.3523329 -0.0754065 0.2794749 0.4367228 0.7122818 0.7645439 -0.1259386 0.6647339 -0.1365985 0.1209878 0.4436130 0.5097767 0.6774806 -0.1930731 0.5281231 0.2947788 0.1213232 -0.3669337 0.6141464 0.4645607 0.3906381 0.4698641 0.2561650 0.4154449 0.4978125
0.2259868 0.3389315 0.5737022 0.8510221 0.3624327 0.7023423 0.6208699 0.0000000 0.5385333 0.9046477 0.9314476 0.6359625 0.7488407 0.7954429 0.6712090 0.8846935 0.8487462 0.5694626 0.6720437 0.3260146 0.6829450 0.7599015 0.8137027 0.4164090 0.2808663 0.7950190 0.7665998 0.3798205 0.9059594 0.6593824 0.5256860 0.1833696 -0.1227320 0.8482778 0.7337609 0.6589803 0.7411571 0.2595281 0.7330741 0.6987734 0.5140491 0.5730863 0.7250764 -0.1058865 0.6823817 0.7113775 0.8155359 0.0208779 0.5798035 0.3104321 0.8078736 0.6988969 0.8945592 0.5909128 0.4322963 0.6682952 0.7542858 0.6373770 0.3148334 0.7827340 0.6022373 0.7195693 0.5664535 0.8647138 0.6150871 0.4087428 0.7420471 0.6897188 0.4050183 0.6979030 0.5731910 0.8603126 0.6621099 0.6284963 0.3302577 0.4733312 0.7669614 0.3615791 0.4478305 0.5405993 0.4689352 -0.1900706 -0.2024591 -0.3054448 -0.4694310 -0.2846988 0.0249776 -0.3256248 -0.3711831 -0.3521312 -0.0712447 -0.1858032 -0.2050712 -0.0167062 -0.3816062 -0.4112086 -0.2581747 0.0333107 -0.3259994 -0.1901765 -0.1496056 0.0523101 -0.1578788 -0.0754291 -0.2415603 -0.4996595 -0.2812780 -0.1994352 -0.4233028 -0.1750455 -0.2283862 -0.2511095 0.3611624 -0.0621024 0.0999575 -0.0224401 -0.1368969 -0.2110716 -0.0207185 -0.1643086 -0.3175267 -0.2799198 -0.1560105 0.1706738 -0.2551748 -0.5009496 -0.3603536 -0.1905139 -0.3542049 -0.0368846 -0.3856031 -0.1871419 -0.2337311 0.1193656 -0.1857113 -0.2074875 -0.2276730 -0.3975266 -0.4351138 0.0085395 -0.1236884 -0.2171177 0.0517190 -0.1576254 -0.2615915 -0.1845084 -0.2375624 -0.1251252 -0.0869020 -0.0950784 -0.0588687 -0.1417709 -0.2649004 -0.1843502 0.0680177 -0.0276673 -0.0540946 -0.3426501 0.0483386 0.0130507 0.0187288 -0.0563444 -0.1329757 0.0454505 -0.1884453 -0.2330179 -0.1714517 -0.1519144 -0.0161972 -0.1573808 -0.2214709 -0.2871765 -0.0135333 0.4527445 0.3378836 0.4541314 0.5882734 0.4275016 0.6183554 0.6180968 0.3557850 0.6496059 0.3688027 0.3316737 0.0493637 0.4717771 0.2764027 0.0776418 0.5589507 0.6506014 -0.1766124 0.4383985 0.2451033 0.3270524 -0.2242068 0.1068663 0.2791955 0.1775713 0.5462851 -0.4555040 0.3943982 -0.3143683 0.0202151 0.3482739 0.5523842 0.6557878 -0.3674420 0.1636213 0.3398018 0.0026799 -0.2339769 0.4210525 0.5728229 0.2850336 0.6604217 0.2442053 0.1814840 0.2918787
0.5277479 0.7314163 0.5815128 0.6313388 0.2817464 0.7831313 0.6329204 0.5385333 0.0000000 0.5532382 0.3561265 0.7490242 0.3751049 0.7085438 0.8971049 0.2797221 0.3592534 0.7616201 0.3462428 0.0784410 0.6292515 0.2888202 0.2245327 0.7067784 0.2104541 0.1281733 0.4117394 0.6907035 0.6320174 0.6264839 0.0593708 -0.0226398 0.3551236 0.4950997 0.0299197 0.3758879 0.0668168 0.0260990 0.1356137 0.1205076 -0.0978867 0.2619170 -0.0118163 0.0908324 0.4138261 0.0820907 0.1309869 -0.2712313 0.4130325 0.2477722 0.1235315 0.0059143 0.4243582 -0.1424779 0.3507504 -0.0277305 0.0740930 -0.0284968 0.2704068 0.0794865 0.3696560 -0.0426718 0.0685026 0.2543934 0.2755087 -0.0284912 0.0106908 -0.0787051 -0.0289601 -0.0253425 -0.0043041 0.3005447 -0.0493448 0.2513326 -0.2226505 0.1149451 0.2828904 -0.2021480 -0.0185149 0.5789325 -0.0928747 -0.2583930 -0.2434914 -0.1730364 -0.3358156 -0.2056942 0.1410468 -0.1385698 -0.1983056 -0.3443000 -0.0347753 -0.1639534 -0.1693128 -0.0346859 -0.1781740 -0.2912819 -0.1665182 -0.1333964 -0.2688524 -0.0204291 -0.2176648 0.1401934 -0.1749281 -0.2131126 -0.1071657 -0.1341696 -0.1805451 -0.0720430 -0.2194449 -0.1519758 -0.2036982 -0.0342465 0.1322893 0.0858034 0.2269628 0.2564460 0.1020804 0.3458497 0.2121016 0.1732382 0.1588941 0.0949143 -0.0654921 0.1903914 0.2621912 -0.0399283 0.0523022 -0.0279417 0.0731028 0.1007086 0.1387194 0.1475886 -0.0009265 0.1019545 0.1334230 -0.0448701 0.2244959 0.0374264 0.1212755 -0.0471571 0.0703677 -0.0057849 -0.1079964 -0.0943915 0.1183858 -0.0100958 0.1910144 0.2064166 0.0341916 0.0876934 -0.0484239 -0.0397552 0.1494275 -0.0594231 0.2551959 -0.0876811 -0.2287997 0.1174305 -0.1187811 -0.1375733 0.1489622 0.0449623 -0.1392503 -0.2331464 0.1993474 -0.0988517 -0.1362485 -0.0065152 -0.1237801 -0.1019483 0.1029996 -0.0377796 0.4160940 0.7591034 0.7022870 0.5923515 0.5413014 0.3508277 0.3895644 0.2882058 0.3662258 0.3627678 0.1796310 0.2438728 0.2448985 0.0776130 0.1082840 -0.1461901 0.2497732 0.4092796 0.0899269 0.4622147 0.3540451 0.1623338 -0.0358314 0.2319232 0.3202825 0.3973332 0.4375637 -0.0185902 0.2962906 -0.0822301 0.0877059 0.3923353 0.6668681 0.2491370 0.0834963 0.2229639 0.1862491 -0.1208009 -0.0438790 0.3900906 0.4060203 0.4147333 0.3761338 -0.2741908 0.7792705 0.5616095
0.2258107 0.4580235 0.3955072 0.8936943 0.2689563 0.8108266 0.6374425 0.9046477 0.5532382 0.0000000 0.9379099 0.6463791 0.5927400 0.8378529 0.7352875 0.8688049 0.9154536 0.6494675 0.7449482 0.1568606 0.6652914 0.6923332 0.7829429 0.4869487 0.4532525 0.7444038 0.7703062 0.3961224 0.8840431 0.6431592 0.5477632 0.3573445 -0.1913216 0.8456410 0.6672043 0.6480570 0.7467161 0.1221192 0.7102083 0.7650990 0.3681947 0.5436325 0.7402960 -0.1989899 0.7200204 0.7880369 0.8117519 -0.1167119 0.4958282 0.1647600 0.7927318 0.7675852 0.8570976 0.5939770 0.3626385 0.6346299 0.8101187 0.5711694 0.2443827 0.8118682 0.5764917 0.7218087 0.4800731 0.7808485 0.4332692 0.5605285 0.7519608 0.6881217 0.3059717 0.6161727 0.6683531 0.8212452 0.6784552 0.5262295 0.3039777 0.4423101 0.6531443 0.3964088 0.4314401 0.4539749 0.4722565 -0.4299731 -0.3852904 -0.4615124 -0.5859024 -0.5037692 -0.2273061 -0.4537770 -0.6101051 -0.5114035 -0.3787193 -0.4498568 -0.4236462 -0.1002773 -0.6177481 -0.4925602 -0.4478175 -0.2092967 -0.5487065 -0.4058272 -0.3606307 -0.1713023 -0.4037657 -0.2697819 -0.4665180 -0.6291757 -0.4656822 -0.3478617 -0.6264288 -0.3970250 -0.4197304 -0.4429128 0.0538756 -0.2499027 -0.0801323 -0.2849212 -0.3374726 -0.2909545 -0.2875225 -0.2739169 -0.4067412 -0.3918006 -0.2571066 -0.0452178 -0.3629491 -0.5601281 -0.5781739 -0.3053139 -0.4676280 -0.3205836 -0.5685496 -0.3746470 -0.4891615 -0.0228300 -0.3288741 -0.3339861 -0.3812357 -0.5525341 -0.5581306 -0.1005340 -0.1938590 -0.3935062 -0.1580974 -0.2173569 -0.3992459 -0.2782960 -0.3463941 -0.2350393 -0.2335736 -0.2840828 -0.2302511 -0.2658817 -0.4080250 -0.2243970 -0.1122563 -0.0753214 -0.1491874 -0.4706403 -0.1000117 -0.1281332 -0.0299729 -0.2719323 -0.1954694 -0.0105423 -0.3362968 -0.3016970 -0.2363981 -0.2550927 -0.1349439 -0.3214065 -0.2719889 -0.3710552 -0.0702684 0.4321141 0.4018896 0.3599884 0.5206089 0.2664670 0.5536141 0.5386020 0.2215492 0.5791542 0.3341339 0.3002846 0.0715558 0.2863424 0.1532661 0.0112729 0.4703274 0.5254589 -0.2517757 0.3331106 0.1621033 0.2676306 -0.3126941 0.0277644 0.0645934 0.1324286 0.5841974 -0.5565673 0.4614983 -0.3602934 -0.0625133 0.1746390 0.4870096 0.6186157 -0.4726682 0.2184623 0.4839923 0.0402508 -0.3477696 0.3320287 0.4974090 0.2051204 0.5503127 0.3508597 0.2190778 0.2363196
0.0850387 0.2379929 0.3643119 0.8193625 0.2363087 0.6448268 0.5600994 0.9314476 0.3561265 0.9379099 0.0000000 0.5239512 0.5957527 0.7702246 0.5910391 0.9683216 0.9552115 0.4898793 0.6842963 0.2288055 0.5877001 0.7385425 0.8975321 0.3873709 0.2920091 0.8290652 0.8139107 0.3080004 0.8527234 0.5966311 0.5498062 0.2423029 -0.2233060 0.8442394 0.8142600 0.6780740 0.8370833 0.1429766 0.8440714 0.8628667 0.4799087 0.5882799 0.8681066 -0.0981847 0.7291269 0.8266765 0.9159568 -0.0586252 0.5664994 0.2112775 0.9048708 0.8610948 0.8907557 0.7519640 0.2859317 0.7701139 0.8966080 0.7655715 0.2600509 0.9103886 0.5863870 0.8593164 0.5899787 0.9029373 0.5416957 0.5549598 0.8858526 0.8535828 0.4592115 0.8191732 0.7361886 0.8790224 0.8199438 0.6114367 0.4770100 0.5228707 0.7572098 0.5647318 0.5526992 0.3865082 0.5881883 -0.3368350 -0.2883940 -0.4506348 -0.5530555 -0.4306838 -0.1945475 -0.4284719 -0.5579049 -0.4602060 -0.2953838 -0.3351885 -0.3251441 -0.0810661 -0.5746631 -0.4550704 -0.3690617 -0.0540656 -0.4618543 -0.3849828 -0.2916894 -0.0829411 -0.2942951 -0.1811330 -0.4022099 -0.6240901 -0.4277219 -0.3584975 -0.5651785 -0.2861270 -0.3352213 -0.4311337 0.1255267 -0.2994535 -0.1338419 -0.2979241 -0.3615447 -0.4220618 -0.2782402 -0.3388431 -0.5266031 -0.4667808 -0.1932696 0.0325378 -0.4868680 -0.6280600 -0.5866252 -0.2364234 -0.5417077 -0.2635287 -0.6492220 -0.3631177 -0.4226760 0.0090885 -0.3627941 -0.2667983 -0.4686076 -0.6267319 -0.6645861 -0.0613351 -0.2004234 -0.3989004 -0.0345088 -0.2081344 -0.4456025 -0.2292851 -0.4572426 -0.3383290 -0.2200736 -0.2914389 -0.1805149 -0.2166326 -0.4740862 -0.2034788 -0.1625121 -0.0331135 -0.0166342 -0.5262862 0.0475453 -0.0397815 -0.0463756 -0.2447472 -0.1139517 0.1188258 -0.3821356 -0.2670477 -0.1713804 -0.2235250 -0.0150978 -0.2415883 -0.3182514 -0.3605286 -0.1056408 0.3055913 0.2391748 0.2888919 0.4684798 0.2845932 0.5570351 0.5827276 0.2751857 0.6322002 0.3732974 0.2973581 -0.0211701 0.4407248 0.2405286 0.1115861 0.5310054 0.5849198 -0.2682727 0.2977183 0.1231611 0.3325314 -0.3223199 0.0289180 0.0950108 0.1065268 0.4728310 -0.5838240 0.4142126 -0.3892605 -0.0598536 0.2033340 0.3397179 0.6678348 -0.5546659 0.2007589 0.4265900 0.0405585 -0.3657353 0.3348575 0.4835576 0.2002233 0.6133760 0.4018536 0.0203580 0.1408758
0.4952613 0.6664681 0.7299359 0.7670919 0.5220446 0.8377231 0.9236124 0.6359625 0.7490242 0.6463791 0.5239512 0.0000000 0.6711356 0.6172052 0.8624468 0.4807302 0.5245875 0.4844172 0.2850624 0.2037315 0.9455358 0.3289374 0.3799083 0.4151310 0.2437192 0.3809908 0.4731196 0.5049493 0.7603771 0.5596687 0.2945789 -0.0238334 0.0527129 0.4208399 0.2992729 0.7370960 0.2701571 -0.0688063 0.3474837 0.4449959 -0.0274913 0.4595029 0.2447492 0.1268397 0.3465507 0.1692582 0.4059941 -0.2789110 0.5242575 -0.0429985 0.4282715 0.2575328 0.5790341 0.1772602 0.4553894 0.1006096 0.3381141 0.3013088 0.3026800 0.3675161 0.5723705 0.1853654 0.3632629 0.5633886 0.5116662 0.1610120 0.2496665 0.1457959 0.0284083 0.1798444 0.1461076 0.6869191 0.1426728 0.7158466 -0.2217631 0.0289399 0.6205106 -0.0342201 0.0612216 0.7523644 0.3229109 -0.4659836 -0.3377487 -0.2621803 -0.5153532 -0.3259529 -0.1544013 -0.2664556 -0.3201540 -0.3651353 -0.3015030 -0.3980001 -0.3359413 0.0478320 -0.3289170 -0.4569981 -0.2978403 -0.2644210 -0.3389071 -0.0892149 -0.1798895 -0.0624527 -0.3233069 -0.2129996 -0.3218650 -0.3041950 -0.3837553 -0.1220480 -0.4458197 -0.3498807 -0.2637353 -0.1725889 0.2282733 -0.0273951 0.1677522 0.1570727 -0.0750046 0.0434829 0.0209947 0.0997306 0.0393901 0.0311432 -0.2736889 0.1285965 0.0813954 -0.2338048 -0.2484189 -0.1809778 -0.0666597 0.0338566 -0.0285242 0.0908597 -0.2081977 0.2487189 0.1868038 -0.2243188 0.0595807 -0.1475979 -0.1203728 0.0098570 0.0094839 -0.1465066 -0.1185437 -0.0076078 0.0632512 -0.1317700 -0.0343298 0.0631253 -0.0493457 -0.0497268 -0.1268856 -0.0511273 -0.1923875 -0.1501093 0.0993671 -0.0492345 -0.2128309 -0.1075893 -0.1945805 -0.1412517 0.1165651 -0.0570650 -0.1955831 -0.1482384 0.0514402 -0.0923923 -0.2226914 -0.1609642 -0.1981638 -0.2419321 0.0169778 -0.1626160 0.0485523 0.7026053 0.7371811 0.8009051 0.8764554 0.6562580 0.7972000 0.6675553 0.5429844 0.6714070 0.2523943 0.4520732 0.3163418 0.4353898 0.5401857 0.2929206 0.7593981 0.7341507 0.0089192 0.8449807 0.6371195 0.3393060 -0.1297762 0.2664285 0.4798250 0.6947140 0.7625325 -0.1750216 0.5296811 -0.1655550 0.0289221 0.4946134 0.6272252 0.6453071 -0.1947854 0.3456950 0.1795112 0.0845152 -0.4051915 0.6123269 0.4931357 0.3821116 0.4851796 0.0492615 0.4973384 0.4019340
0.3060386 0.2868186 0.8135488 0.5806054 0.7999094 0.4834124 0.7073472 0.7488407 0.3751049 0.5927400 0.5957527 0.6711356 0.0000000 0.3964844 0.5121680 0.5593027 0.5023051 0.3200507 0.3218981 0.5684500 0.6740001 0.5533719 0.5903659 0.1167430 0.2035159 0.6721822 0.5438833 0.1653574 0.6844700 0.4200325 0.5307149 0.0838609 -0.1933661 0.4549210 0.5382226 0.5961921 0.5122727 0.4449448 0.4455319 0.4804369 0.5221041 0.5043889 0.5001313 -0.0926393 0.3199616 0.4096316 0.5638996 0.3595268 0.3114445 0.1332229 0.5902443 0.4681565 0.5796970 0.4104999 0.5632691 0.4267398 0.4945143 0.3989522 0.2542246 0.5615695 0.5162029 0.4882756 0.5775368 0.6330899 0.5448516 0.3144183 0.4858158 0.3909544 0.2353117 0.3668698 0.3104164 0.7386783 0.3851432 0.7332833 0.0106633 0.2012841 0.7290904 0.0936569 0.1640262 0.6393354 0.4306874 -0.1470849 -0.2016830 -0.1975584 -0.4714334 -0.2072408 -0.0033497 -0.3175164 -0.1462051 -0.1464132 0.0222291 0.0208286 0.0121820 0.2046556 -0.0945215 -0.2726776 0.0386774 -0.0746203 -0.0778206 -0.0605587 0.0534582 -0.1584419 -0.2267339 0.1556431 -0.0886679 -0.3373124 -0.2854245 -0.1601532 -0.2376534 -0.2847095 -0.0288039 -0.0659045 0.5259561 0.1042915 0.2959983 0.2243280 0.0954373 -0.1402028 0.1681641 0.0584210 -0.0220064 0.0030928 -0.1498907 0.1016979 -0.0307873 -0.1319126 -0.1340848 -0.1662754 -0.0061987 0.0878965 -0.0618589 0.0032615 -0.0868788 0.3024376 0.1686505 -0.1637976 0.0138297 -0.0302930 -0.1096953 0.1991183 0.0294024 0.0848289 0.1728473 0.0652359 0.0492727 -0.1145566 0.0498390 0.1691389 0.1468575 0.1331000 0.0938964 0.0012605 -0.0725504 -0.0442222 0.3032407 0.0731528 -0.0152685 -0.0543985 0.0324138 0.1139628 0.1621099 0.1880858 -0.0420814 0.0546485 0.1208397 -0.0107455 -0.0444618 -0.0151101 0.0076494 -0.0044125 0.0521216 -0.0949450 -0.0367815 0.4904089 0.3936364 0.6175899 0.6960863 0.7386446 0.7024437 0.6757993 0.4202496 0.6186229 0.2486935 0.3674582 0.2137165 0.5389524 0.4372871 0.4204335 0.7637229 0.6633644 -0.0771709 0.6820809 0.5754792 0.2472691 0.0022485 0.1536054 0.5199088 0.3957589 0.6861461 -0.1296771 0.4997349 -0.0902392 0.1010533 0.4112340 0.5653466 0.6416437 -0.0716712 0.3144047 0.2324783 0.1943791 -0.1651489 0.4988911 0.5755193 0.2572539 0.4695215 0.4166168 0.1241054 0.3810158
0.2450405 0.5166795 0.3914896 0.8087579 0.0748342 0.7973790 0.6321288 0.7954429 0.7085438 0.8378529 0.7702246 0.6172052 0.3964844 0.0000000 0.7602747 0.6714020 0.7807532 0.7588820 0.5808048 0.0655302 0.6269118 0.7029084 0.6604145 0.6751007 0.3168247 0.4698325 0.7504512 0.7274695 0.7690662 0.8803699 0.3790869 0.1083377 0.2610945 0.8036968 0.5130919 0.6054022 0.4695137 0.0407593 0.6551355 0.5811960 0.1961485 0.4346433 0.5027240 0.1182805 0.6013633 0.5277488 0.6123523 -0.1895947 0.7187548 0.0646729 0.5879190 0.4606918 0.7513778 0.3016630 0.2534252 0.3824115 0.5476028 0.4463026 0.3081955 0.5432834 0.5126894 0.4326710 0.2944138 0.6555233 0.3261733 0.1885013 0.4807560 0.4606927 0.2358294 0.5362511 0.3861204 0.6385159 0.4197063 0.3949367 0.2478657 0.3453821 0.5886343 0.2438655 0.2860192 0.3980157 0.2583409 -0.2036794 -0.1125746 -0.2237669 -0.3947804 -0.2705857 -0.0261422 -0.1925549 -0.3747030 -0.2922740 -0.2505161 -0.2768882 -0.3341684 -0.0229492 -0.3795316 -0.2141942 -0.3520079 -0.1245466 -0.3622867 -0.1171725 -0.1471032 0.0773408 -0.1679656 -0.2300778 -0.2778781 -0.2676619 -0.2622944 -0.1344210 -0.4024030 -0.1470190 -0.2625617 -0.2148731 -0.0234053 -0.2402387 -0.1655348 -0.1882447 -0.2792930 -0.1670255 -0.1234470 -0.2270091 -0.3904993 -0.3545847 -0.1364467 0.1293038 -0.1866747 -0.3470931 -0.4259342 -0.1606246 -0.3009579 -0.1214952 -0.3483404 -0.2689017 -0.3972090 0.0919112 -0.2268779 -0.1257958 -0.1620059 -0.4223106 -0.3550133 -0.0245062 -0.0335252 -0.2367468 -0.1080616 -0.0954395 -0.2187176 -0.0050892 -0.2687736 -0.2111598 -0.1049008 -0.1894986 -0.1369382 -0.0523143 -0.2696706 -0.0582578 -0.0934934 -0.0044606 -0.1194330 -0.2720011 -0.0195781 -0.0634436 -0.0153471 -0.1461990 -0.0375320 -0.0636788 -0.2181988 -0.1570004 -0.0973572 -0.0468781 -0.0363902 -0.1562042 -0.0801299 -0.1555870 0.1856695 0.6166636 0.6163195 0.5559085 0.5685766 0.3017800 0.4961580 0.4782424 0.3905161 0.6214189 0.3738345 0.3810856 0.0191016 0.2032274 0.0812729 -0.1768769 0.3669950 0.5354378 -0.1458556 0.3105561 0.2320334 0.3036927 -0.1628925 0.2038071 0.1702732 0.2978703 0.4479213 -0.3526842 0.4773396 -0.1626552 0.1239146 0.3482196 0.4186596 0.4757571 -0.2556507 0.3001724 0.4403611 0.0166777 -0.0963522 0.4366346 0.3349105 0.3219883 0.5794142 0.0263228 0.4480214 0.4232810
0.5144688 0.7029798 0.6016065 0.7849953 0.3749330 0.8728568 0.8007703 0.6712090 0.8971049 0.7352875 0.5910391 0.8624468 0.5121680 0.7602747 0.0000000 0.5252029 0.5991688 0.7482831 0.4711122 0.1198179 0.7296897 0.4165993 0.4772339 0.6795615 0.3313439 0.4066075 0.5802318 0.6714849 0.7584066 0.6733530 0.2496134 0.0920659 0.1488313 0.5884043 0.3030404 0.5741000 0.3460458 0.0300003 0.3942483 0.4651351 -0.0109909 0.3971323 0.2767760 0.0905486 0.5367977 0.3381720 0.4280471 -0.2751588 0.5305596 0.1864926 0.4228626 0.3126421 0.6201903 0.1641353 0.3775776 0.2222652 0.3896084 0.2552215 0.2549773 0.3882142 0.4816841 0.2388602 0.2805323 0.5043100 0.3387985 0.2480363 0.3076723 0.1971218 0.0849493 0.2195101 0.2873468 0.5504996 0.2329634 0.4936355 -0.0608767 0.2463944 0.5407780 0.0987284 0.1859979 0.6653913 0.2027760 -0.5330213 -0.4801925 -0.4228953 -0.5871887 -0.4708168 -0.1419288 -0.3883231 -0.4846112 -0.5301889 -0.3138637 -0.3400508 -0.3226891 -0.1065547 -0.4753850 -0.4192583 -0.2410116 -0.2436214 -0.4936379 -0.2843638 -0.4049810 -0.0278459 -0.3850375 -0.3339073 -0.2981153 -0.4292525 -0.4046580 -0.2969730 -0.4438017 -0.3662405 -0.3241425 -0.2331076 0.0249290 -0.2130123 -0.0111742 0.0097739 -0.1586077 0.0009428 -0.0874992 -0.0459979 -0.1303913 -0.1808493 -0.1607165 0.0280281 -0.0715480 -0.2318005 -0.2968378 -0.1256470 -0.1852247 -0.0988814 -0.1739788 -0.0024751 -0.2454246 0.1393680 0.0147882 -0.1538593 -0.0271238 -0.2511097 -0.1869053 -0.0718570 0.0116027 -0.2031790 -0.1194419 -0.1224957 -0.0675453 -0.0706895 -0.0944576 -0.0319173 -0.0348933 -0.0995117 -0.1399088 -0.1064132 -0.1516780 -0.0895631 0.0267881 -0.0661089 -0.1994017 -0.1262201 -0.1108692 -0.1559818 0.0984324 -0.1220222 -0.1396487 -0.1410569 -0.0002732 -0.1370903 -0.1458276 -0.0519463 -0.1214811 -0.2022881 0.0390478 -0.1026067 0.2890224 0.7557338 0.6786182 0.5979727 0.6172413 0.4399838 0.5302977 0.4387529 0.4109742 0.5147327 0.2346600 0.3013973 0.2200044 0.2293670 0.2365572 0.0687049 0.4968842 0.5513560 -0.0402618 0.5626407 0.3998675 0.1872771 -0.1858242 0.1429678 0.2790237 0.4870839 0.5928609 -0.1935253 0.4801125 -0.1915901 0.0163217 0.3538439 0.5363105 0.4450584 -0.1506373 0.3647017 0.3806850 -0.0369008 -0.2839190 0.4732348 0.4802572 0.3766830 0.4847601 0.0297574 0.6611970 0.5436031
0.0708149 0.1808682 0.3687083 0.7497747 0.2016529 0.5575704 0.5129362 0.8846935 0.2797221 0.8688049 0.9683216 0.4807302 0.5593027 0.6714020 0.5252029 0.0000000 0.9282964 0.3340978 0.6230536 0.1866477 0.5514478 0.6342865 0.9056596 0.2887439 0.1531260 0.8469934 0.8047884 0.1921829 0.8547845 0.5211611 0.4492389 0.1409021 -0.2813915 0.8268074 0.8351390 0.7005023 0.8434327 0.0364196 0.8683957 0.8743436 0.4986977 0.6740354 0.8786618 -0.0865054 0.7656902 0.7762966 0.9173017 -0.0937720 0.5133857 0.2243136 0.9130315 0.8700365 0.8682848 0.8335230 0.1920783 0.7796120 0.8930486 0.8391848 0.3702289 0.9169456 0.6581856 0.8846138 0.6298016 0.9300960 0.6667219 0.5763076 0.9067658 0.8875485 0.5575897 0.8598579 0.7386521 0.8890185 0.8407145 0.6764670 0.5252349 0.5614051 0.7791908 0.6274135 0.6512576 0.3944157 0.6817445 -0.2813205 -0.1936908 -0.3687275 -0.4520516 -0.3575562 -0.1422503 -0.3087499 -0.4754551 -0.3998241 -0.1897911 -0.2343420 -0.1842434 0.0198825 -0.5212574 -0.4663539 -0.2425387 0.1019377 -0.3575043 -0.3335604 -0.2142753 -0.0131055 -0.1944486 -0.0537326 -0.2717314 -0.6152087 -0.3849867 -0.3031761 -0.4549834 -0.2034763 -0.1944948 -0.3651990 0.1338400 -0.3003111 -0.0995346 -0.2788351 -0.3429192 -0.3818406 -0.2326882 -0.2374213 -0.4759135 -0.4452785 -0.0389014 0.1790337 -0.4385903 -0.6111153 -0.5618164 -0.0596135 -0.4631218 -0.1545669 -0.6105716 -0.1931531 -0.3170591 0.1173670 -0.2259322 -0.1191432 -0.4185987 -0.5857402 -0.6461557 0.0607970 -0.0667894 -0.3104281 0.1309214 -0.0917164 -0.3598843 -0.1271410 -0.4377387 -0.3074893 -0.0995304 -0.1746074 -0.0351326 -0.0770410 -0.4090517 -0.0942850 -0.1139694 0.0871213 0.1677861 -0.4296199 0.2233711 0.1031301 0.0392215 -0.1242927 0.0033004 0.2945297 -0.2817495 -0.1272628 -0.0431181 -0.1217356 0.1508693 -0.1015113 -0.2375369 -0.2587335 -0.0843852 0.2492995 0.1349532 0.2045582 0.4259110 0.2414445 0.5471189 0.5975242 0.3060146 0.6279541 0.4784338 0.3496702 0.0567879 0.5855878 0.3757825 0.2219844 0.5506576 0.6450597 -0.1467954 0.3010913 0.1090859 0.4109581 -0.2402830 0.0861245 0.1487126 0.0981800 0.4348427 -0.5067057 0.3797096 -0.3573123 -0.0072580 0.2284858 0.3111971 0.7085123 -0.5136326 0.1862593 0.3508125 0.0594508 -0.3502147 0.3467900 0.5577869 0.2467523 0.6750219 0.4253073 -0.0476223 0.0939318
0.0556891 0.2197622 0.2746239 0.7851545 0.1671384 0.6153943 0.5414829 0.8487462 0.3592534 0.9154536 0.9552115 0.5245875 0.5023051 0.7807532 0.5991688 0.9282964 0.0000000 0.4649947 0.5914384 0.1086942 0.5947418 0.7289767 0.9054837 0.3352316 0.2864359 0.8102909 0.8632453 0.2791829 0.7980894 0.5654716 0.5851116 0.2357958 -0.2852883 0.7888960 0.8410990 0.7087045 0.8317068 0.0477706 0.8769435 0.9065921 0.4259612 0.5350246 0.8919177 -0.1171271 0.6452923 0.7763611 0.9181752 -0.1048325 0.4911752 0.1137234 0.9192741 0.8748230 0.8059677 0.7512762 0.2436102 0.7377707 0.8952014 0.7693139 0.2376804 0.9238702 0.5650209 0.8565056 0.5419488 0.8755590 0.4973377 0.5622888 0.8835179 0.8393465 0.4564218 0.8102549 0.7327342 0.8507986 0.7801478 0.6120721 0.4747329 0.4871442 0.7524592 0.5596513 0.5208573 0.3751160 0.6056788 -0.3730507 -0.2656401 -0.4434384 -0.5285324 -0.4477950 -0.2607506 -0.4212327 -0.5861240 -0.4209406 -0.3960891 -0.4050562 -0.3352805 -0.0011020 -0.5972086 -0.3841222 -0.3861936 -0.0331501 -0.4228715 -0.3660365 -0.2742291 -0.0975257 -0.3406294 -0.1795033 -0.4016501 -0.6040772 -0.4410316 -0.3482108 -0.5686192 -0.2696183 -0.3341487 -0.4173642 -0.0504691 -0.3807541 -0.2666836 -0.4160811 -0.4776537 -0.4985458 -0.3967570 -0.3346656 -0.5495395 -0.5058248 -0.1586052 0.0076963 -0.4417949 -0.5628144 -0.6497105 -0.2118560 -0.4842578 -0.2374171 -0.6314171 -0.3437970 -0.4273208 0.0605687 -0.3035811 -0.2192044 -0.4071126 -0.6145440 -0.6692139 -0.0375524 -0.1603971 -0.3652586 -0.0360731 -0.1353959 -0.3548195 -0.1865536 -0.4356200 -0.3147544 -0.1775037 -0.2732119 -0.1671022 -0.1478583 -0.4100447 -0.1698414 -0.1481081 -0.0366868 -0.0235044 -0.4592532 0.0650812 -0.0640968 -0.0539454 -0.2214921 -0.1081592 0.0817703 -0.3631843 -0.2416172 -0.1449984 -0.1550752 0.0157958 -0.2231632 -0.2564762 -0.2837221 -0.0210275 0.3846755 0.2803109 0.3082383 0.5053327 0.3080603 0.6105824 0.6232020 0.3409069 0.6610904 0.3604015 0.3691805 -0.0063239 0.4271764 0.2859641 0.1512733 0.5374528 0.5799125 -0.2457591 0.3013101 0.1903812 0.4095138 -0.2435301 0.1609696 0.1351165 0.2026633 0.4817679 -0.5563143 0.4681144 -0.3405667 -0.0540532 0.2566887 0.2750803 0.6638959 -0.5120352 0.3124487 0.4689883 0.1385080 -0.3593488 0.4209926 0.4077291 0.2090078 0.6509392 0.4223852 0.0751358 0.1526205
