0.0000000 0.0518579 0.0467955 0.0659669 0.1040435 0.2636007 0.0930099 0.0033369 0.1748136 0.3968542 0.3627562 0.2221618 0.1274956 0.0300356 -0.0382014 0.3545686 0.4477298 -0.0834051 0.1603016 0.1808008 0.5494008 -0.0032689 0.2598856 -0.1011223 0.0875226 0.2853008 0.3855987 -0.0343946 0.2094554 0.1491265 0.2116466 0.3401963 -0.0943957 -0.0257144 0.4776595 0.3907292 0.3892929 0.0313961 0.2500324 0.0521412 0.1107681 0.1782806 0.5262718 -0.1220069 0.1347538 0.1887697 0.3562045 0.1070234 -0.0000896 0.0052023 0.5648595 0.2628281 -0.0288191 0.0544392 0.2071889 0.2003424 0.3147718 0.0657507 -0.1714829 0.6576004 0.1804685 0.5336706 0.2949937 0.0054424 0.1069268 0.2551660 0.4016298 0.2781668 0.0979592 -0.0193238 0.0823055 -0.1765287 0.4212757 -0.0192337 -0.2479237 0.1805912 -0.0309889 -0.1568653 0.5147045 0.3127500 0.2871779 -0.2342140 0.1447216 0.3088056 0.2592256 0.3146816 0.0274542 -0.1119442 0.2988479 0.3025774 0.0156445 -0.0978647 -0.0782302 -0.3932461 0.0925621 0.4100891 0.0510058 0.1686855 0.2303194 0.3159800 0.1372037 0.2353877 0.2249773 -0.0802317 0.0725971 0.2143600 0.2544767 0.3598457 -0.0111601 0.4423051 -0.1213611 0.1701341 0.3393646 0.2911367 0.3786278 0.3351210 0.4193874 0.5200853 0.4440297 0.4277015 0.4800651 0.4898418 0.4015707 0.1680736 0.3330349 0.1747684 0.1672210 0.3054275 0.0189302 -0.3584058 -0.1697251 -0.3760038 -0.1968862 -0.2324393 -0.2526956 0.3527814 -0.1466557 -0.1369596 -0.1123529 0.2225026 -0.0597462 -0.1909764 -0.1273218 0.4794123 -0.2945927 0.2466748 -0.1842895 -0.1280843 -0.4601047 -0.2558308 -0.0674507 0.4782601 -0.1883061 -0.1156771 0.0974058 0.3779713 -0.2803980 -0.2599188 -0.2363374 -0.0840899 -0.0768368 -0.2920955 0.4421161 -0.5043403 -0.2021280 0.0513569 0.0244507 -0.3358707 -0.4426326 -0.3929345 -0.4108518 -0.2746561 0.2692432 0.1395136 0.0378867 0.0116049 0.0851011 0.0998594 0.1994325 -0.0449196 -0.2873639 -0.0161233 0.0341084 -0.0981191 -0.0386493 0.1078199 -0.2210782 0.0425352 0.1473673 0.2108350 0.4168326 0.1958506 0.2166991 0.2815485 0.1979710 0.1752754 0.4561212 0.1033335 0.1561589 0.2231220 -0.0147288 -0.2582835 -0.2148301 0.0267775 -0.2889586 0.1506245 0.0370823 0.1527024 -0.1377145 -0.2721099 -0.0874942 0.1531902 0.2197755 0.1247098 0.2147431 -0.1106106 0.4404717 0.0119226
0.0518579 0.0000000 0.3964127 0.8348212 0.2244344 0.9191870 0.7231133 0.7167870 0.9094542 0.8340847 0.7130706 0.7815930 0.3252444 0.8084084 0.8423500 0.4023832 0.7192899 0.7224080 0.2961472 -0.1218617 -0.2153725 -0.0626299 0.4680001 0.8668130 0.1900870 0.4583018 0.6495851 0.6306795 0.5367176 0.5255193 0.0058257 -0.0390103 0.8229092 0.7491724 0.4777110 0.0035059 0.4461308 0.1337108 0.5063085 0.6706000 -0.2485305 0.4858696 0.4840811 0.7449998 0.6640643 0.0630241 0.3468766 -0.3734398 0.8233899 0.2198886 0.5454351 0.6155636 0.7461945 0.7015553 -0.3153175 -0.0789006 0.0685724 0.6402862 -0.3875115 0.4453669 -0.1144524 0.5093030 -0.2337229 0.6358444 0.1428990 -0.0043188 0.5733571 0.3318974 0.0925532 0.6360717 0.1964315 0.5171209 0.4968719 0.2647864 0.4145480 0.7321463 0.6082352 0.0002764 0.6271659 0.0512313 -0.1541453 0.4963447 0.1922632 0.0757216 0.0388560 0.2416796 0.2632398 0.0767437 0.3213299 0.2569682 0.4089066 0.2725525 0.4362057 -0.1301977 0.1716048 0.3692794 0.4087834 0.4119535 0.2757348 -0.2246856 0.3335826 0.3646640 0.3032474 -0.1736229 0.3767148 0.4156588 0.3264789 0.3867860 0.5393709 0.0550877 0.4542757 0.1636101 0.3448190 0.4026296 0.0871377 0.3562820 0.2766775 0.3112565 0.2619184 0.3138591 0.2763015 0.3118075 -0.1061066 0.0360022 0.2191483 0.0286781 0.2304119 0.2999459 0.1657257 0.1977777 0.2328641 0.2667845 0.2640749 -0.1435800 0.0273117 0.2838751 0.1460738 0.2286375 -0.1172597 0.2712143 0.2640136 0.0787214 -0.4184425 -0.0936046 0.1010990 0.1198837 0.0748145 -0.1020866 0.4568003 0.0172733 0.0518991 -0.2032401 0.0594287 0.4593966 -0.0760869 -0.3716734 -0.1264284 0.2087845 -0.0705862 -0.2318705 0.2573251 0.1779292 -0.2272074 0.0553996 0.4531799 0.3370668 0.2415790 0.5349277 0.3956926 0.4240167 0.2708127 0.5162728 0.4608763 0.2334847 0.6725844 0.6228202 0.2583556 -0.1138204 0.0128149 0.2188832 -0.0144321 -0.0098255 0.0010567 -0.0009386 -0.2543867 -0.4786546 -0.5483731 -0.3358066 -0.2091518 -0.0221620 0.1665014 -0.0180497 -0.3648509 -0.0360121 -0.0007358 -0.0081153 -0.1449483 -0.1698654 0.0452199 -0.0381835 0.0675633 -0.4544688 0.2553962 0.1916753 -0.1827219 0.2308205 -0.2342168 0.0113962 0.0636320 -0.3489342 0.3101094 0.4462199 -0.1839679 0.1797242 -0.4083848 -0.2907200 -0.0338370 -0.2332851
0.0467955 0.3964127 0.0000000 0.6339508 0.7336690 0.3341559 0.0655230 0.6631992 0.2836243 0.4240095 0.5166809 0.0898666 0.8254069 0.2305602 -0.0044455 0.3955627 0.3464170 -0.0445410 0.1852714 0.7163276 -0.1484519 0.2695178 0.5146071 0.4282217 0.1248728 0.4126233 0.2725521 -0.0528776 0.1402999 -0.0578029 0.4569088 0.4001517 0.2911496 0.6121526 0.4166707 -0.0878646 0.4865794 0.5697990 0.5046331 0.1269877 0.5127075 0.4442307 0.5847122 0.2917660 0.6817535 0.5421773 0.6057990 0.4487623 0.5542153 0.5972861 0.5652715 0.5052874 0.7313564 0.3872989 0.5814290 0.6642112 0.6051576 0.4371649 0.1680549 0.5507989 0.5494835 0.4937641 0.5609463 0.6020927 0.6153393 0.4634354 0.4319252 0.2021128 0.6964552 0.4335132 0.3605827 0.4952684 0.4222306 0.6199280 0.4221390 0.4065794 0.5993160 0.2586608 0.4894727 0.5976421 0.3854043 -0.1377424 -0.2254093 0.0147764 -0.0837794 -0.1078253 -0.1823161 0.1609045 0.0146159 -0.0589538 0.3589346 0.3156454 0.0291184 0.1242654 0.3928378 0.4453418 0.3939220 -0.0587363 0.2716210 -0.3558341 0.0207466 -0.2892226 -0.0504842 0.1788017 0.0688267 0.3526854 -0.2147954 -0.1264663 0.1509386 -0.0937950 0.1060722 -0.2859351 -0.4496994 -0.2430471 -0.4063456 -0.2556703 -0.1595660 -0.1649748 -0.2108833 -0.0198527 -0.1008300 -0.0437486 -0.0689731 -0.2375074 -0.1079755 -0.3276730 0.0094501 -0.3117468 -0.1653770 0.1478984 0.0901664 0.2483224 0.1281699 0.0387773 0.0658190 -0.2671546 -0.0979814 -0.1113733 -0.0841413 -0.1526884 0.2023898 -0.1135089 0.1575906 -0.0979071 -0.0575235 -0.1450606 0.0988888 0.0776902 0.0455830 -0.1579129 -0.1984466 0.1327600 -0.1730479 -0.0215913 -0.1097837 -0.0885418 -0.2371686 0.0052699 0.0703729 -0.5221726 -0.2268782 -0.2051326 0.0801376 -0.2372962 -0.1389880 -0.1501735 -0.2439821 -0.0421840 -0.1952106 -0.2243888 -0.1954225 -0.0318443 -0.3602838 -0.4840841 0.0405461 0.4097954 0.1937755 0.0235771 0.0153212 -0.2622940 -0.4544103 -0.1548044 0.4689571 0.3634492 0.3096907 0.3114838 0.0519204 0.3932895 0.1081274 0.2492328 -0.2056423 0.4168584 -0.1153118 -0.2440052 -0.2342200 -0.3971029 0.0302350 -0.1002122 0.5766821 -0.3826386 0.0240560 -0.2904575 -0.2135020 -0.3937519 0.4673326 0.4661508 -0.0837657 0.2206937 -0.0234372 0.1394324 -0.0656676 -0.0821004 0.6580627 0.4482053 0.2051827 -0.0819444 0.0953857 0.0518605
0.0659669 0.8348212 0.6339508 0.0000000 0.3844075 0.8002978 0.3880046 0.8153805 0.7906102 0.7320126 0.6185005 0.4939277 0.5274245 0.7911649 0.6462651 0.2722308 0.6429034 0.6096886 0.1664314 0.0963678 -0.1399812 0.0178062 0.4726390 0.8560609 0.1059691 0.4580786 0.5508520 0.5283192 0.5723657 0.3797882 0.1734467 0.0052402 0.8127664 0.7905282 0.4443133 -0.0272206 0.4321303 0.2290075 0.5614224 0.6552665 -0.0193925 0.4505897 0.5111310 0.7525480 0.6970349 0.1630164 0.4050730 -0.1679071 0.8457769 0.3253929 0.5130648 0.7565964 0.7759026 0.7524367 -0.1109882 0.1138981 0.1830581 0.6443170 -0.3053918 0.4467424 0.0401549 0.5408957 -0.0355654 0.5800928 0.2245272 0.0884545 0.5480698 0.3060968 0.2363695 0.5633285 0.2938699 0.4923098 0.4827068 0.3003075 0.4689829 0.6336918 0.6103206 0.0649569 0.6266374 0.1588196 -0.0369611 0.2305603 -0.0972389 -0.1455725 -0.2216360 -0.0399383 -0.0081098 -0.0011456 0.0419224 -0.0434111 0.3232793 0.1910856 0.2742629 -0.1458567 0.1011394 0.4210895 0.4352400 0.2431399 0.2216491 -0.3135734 0.1058002 0.0454254 0.0217670 -0.1815607 0.2078589 0.3306399 -0.0124933 0.0293204 0.3296772 -0.2006164 0.2427571 -0.1537766 -0.0578179 0.0126674 -0.2957336 -0.0278580 -0.0422736 0.0108259 -0.0995916 0.0506352 0.0151045 0.0415838 -0.1558324 -0.2194721 -0.0789959 -0.0840404 -0.0444204 0.1759595 -0.0393641 0.0318083 0.0456256 0.2071714 0.0298169 -0.1900030 -0.0434608 0.1061291 -0.0978890 0.0149869 -0.1814833 0.0158834 0.1821794 -0.1577604 -0.4529374 -0.1158382 -0.1030205 -0.0222273 0.0350751 -0.0853491 0.2420612 -0.2528629 -0.1562436 -0.2379788 -0.1335658 0.2653057 -0.1669740 -0.3398141 -0.3469210 0.0330121 -0.2679922 -0.5774672 0.0095090 -0.1444815 -0.1177103 -0.2321053 0.2090290 0.0958555 0.0424240 0.2363806 0.0830044 0.1092854 -0.0257393 0.2491666 0.2227008 0.0439327 0.4413054 0.5852991 0.1294609 -0.1689730 0.0100501 -0.0965304 -0.2276083 -0.2774459 -0.0032239 -0.0621688 -0.1682260 -0.3286584 -0.3915242 -0.1661407 -0.1089024 0.0425161 -0.0896789 0.0213624 -0.3186262 -0.2711561 -0.1555028 -0.2520435 -0.1617691 -0.1520568 0.1542907 -0.2145079 0.0241866 -0.4374775 0.1210877 0.0740182 -0.0331804 0.1991234 -0.3361334 0.1408916 0.0764115 -0.2534619 0.1788845 0.2943870 0.0854892 0.2057479 -0.3812585 -0.2908626 0.1546959 -0.0391575
0.1040435 0.2244344 0.7336690 0.3844075 0.0000000 0.2153815 0.1490740 0.5102788 0.1501224 0.3407864 0.4918617 0.1522670 0.7788773 0.1551517 -0.1706732 0.4351087 0.2750430 -0.1391396 0.1314623 0.6709611 0.1789451 0.2857565 0.3852094 0.1902366 0.1388452 0.2100828 0.1017252 -0.1524789 0.0243101 -0.0245480 0.4993263 0.4338143 0.0607235 0.5077692 0.3511105 0.0077817 0.2600062 0.5509541 0.4336873 0.0238712 0.5481864 0.5059925 0.3829287 0.1186852 0.5420627 0.4841098 0.4606242 0.5245152 0.3432661 0.6321252 0.3992724 0.2620592 0.6760224 0.2862592 0.5309762 0.6522272 0.5113289 0.2493078 0.3969857 0.4661769 0.7543500 0.3065434 0.5899175 0.6643403 0.7881358 0.4165179 0.3826795 0.0234493 0.6067141 0.4729059 0.3951995 0.5503883 0.2476033 0.8018019 0.1350287 0.2291459 0.5889749 0.0023183 0.2994811 0.6012988 0.5641273 0.0127662 -0.2778367 -0.1441659 -0.0764386 -0.2252206 -0.2523543 0.0863946 -0.0784605 -0.0284852 0.2005949 0.2745655 -0.0453247 -0.0444420 0.2768730 0.4803669 0.1830428 -0.0680365 0.1986685 -0.2591715 0.0453564 -0.3191070 -0.2426480 0.2014760 -0.0384368 0.3533111 -0.2457050 -0.2454478 -0.0670373 -0.0710850 -0.0527122 -0.3785630 -0.4506581 -0.2951186 -0.3959795 -0.3269025 -0.2743817 -0.2525983 -0.2502049 -0.2728301 -0.2703045 -0.1999532 -0.0791380 -0.0286130 -0.2524796 -0.3962926 -0.2515755 -0.5026380 -0.4390433 -0.0221397 -0.2269109 -0.1284819 -0.2935032 -0.1012658 -0.3574505 -0.4515818 -0.5339570 -0.5113979 -0.4588609 -0.5499758 -0.1371464 -0.4491585 0.1752436 -0.2302467 -0.5029048 -0.0490853 -0.4132396 -0.3332561 -0.3004193 -0.3159133 -0.4581822 -0.0383766 -0.5195392 -0.2541412 -0.4732283 0.0345636 -0.1598526 -0.3927117 0.0487378 -0.3075639 -0.4554403 -0.3526214 0.2615189 -0.3518377 -0.4856483 -0.3402724 -0.2609811 -0.2677126 -0.2994743 -0.4279764 -0.4013261 -0.2430417 -0.0714141 -0.1381171 0.2965526 0.5914068 0.5448659 0.4606593 0.3780550 0.0736189 -0.2289393 -0.1163954 0.6370748 0.3224960 0.6631753 0.5935685 0.2606081 0.6378101 0.3831099 0.3261826 -0.4172602 0.6173193 0.2159894 -0.3110076 -0.2957693 -0.4064152 0.1516009 0.1580655 0.7578269 -0.4464557 0.3099948 -0.1863523 -0.2181288 -0.2962900 0.5411957 0.6974998 -0.3645898 0.0576847 0.1864386 0.3349653 -0.2033507 -0.0275390 0.7360771 0.4193999 0.3083777 -0.2326974 0.3999495 0.1975668
0.2636007 0.9191870 0.3341559 0.8002978 0.2153815 0.0000000 0.7577674 0.5907196 0.9420490 0.9274214 0.6801344 0.8400675 0.2204390 0.8644549 0.7873857 0.3408615 0.8793771 0.7426089 0.1163565 -0.2107672 0.0524175 -0.3051027 0.5621212 0.8610557 -0.0004781 0.3637994 0.7694907 0.6386292 0.5547616 0.5365404 -0.1777535 -0.1053683 0.8284907 0.6734242 0.5280432 0.1760556 0.3599375 -0.0365330 0.5996978 0.7146092 -0.3847901 0.4297902 0.5784679 0.7782115 0.5385234 -0.0121229 0.2763523 -0.4594258 0.8190210 0.0775486 0.5545197 0.7004261 0.7283583 0.7305300 -0.3169127 -0.0976630 0.0168299 0.5703410 -0.4644251 0.5097760 -0.1063528 0.5329201 -0.1433400 0.6165017 0.2289288 -0.0863839 0.5018456 0.2153360 -0.0139589 0.4645963 -0.0141680 0.5875201 0.3883638 0.2872101 0.1464424 0.5633597 0.4647693 -0.2410920 0.6369227 0.1615685 0.0070024 0.3990512 0.1813699 0.0633475 -0.0137322 0.2228012 0.1157590 -0.0343831 0.2936618 0.3007424 0.2193367 0.0434552 0.1895393 -0.3783765 0.0852779 0.4693267 0.2265486 0.2668901 0.1901111 -0.1310218 0.2916494 0.2943326 0.2729935 -0.1942149 0.1939564 0.3902003 0.2866396 0.4351761 0.3532061 0.0668368 0.2256555 0.0882239 0.4149914 0.3688799 0.0616716 0.3427896 0.2681326 0.3550326 0.2835998 0.3413404 0.3373091 0.3348606 -0.0991551 0.1397174 0.2728779 0.1587480 0.1279959 0.2632299 0.1351776 0.0260615 0.1041997 -0.0219799 0.0451868 -0.2327035 -0.2233463 0.3389145 0.0235921 0.0843642 -0.1601267 0.2282534 0.0926760 -0.0935493 -0.4604696 -0.0114102 -0.0724738 0.1703641 -0.1022611 -0.1975593 0.3114451 -0.1820630 -0.1236613 -0.1280203 -0.1033264 0.2315468 -0.1981463 -0.2672521 -0.3168893 -0.0592578 -0.1399595 -0.3167650 0.1162111 -0.0545010 -0.1351222 -0.1912588 0.2758811 0.2070789 0.0508667 0.3439494 0.2338923 0.1631885 0.1275154 0.4051775 0.5566509 0.3018812 0.7490171 0.6835991 0.4222806 0.0111890 0.1927788 0.2723223 -0.0841508 -0.0042242 0.0532682 -0.0630511 -0.1893580 -0.4463023 -0.6618575 -0.3457493 -0.0111902 0.2256752 0.2000641 0.1484446 -0.1720566 0.0227848 0.0737511 0.1310621 0.1078416 0.0264866 0.1622945 0.1018737 -0.0969197 -0.5672167 0.1198409 0.1555479 -0.3859904 0.3414599 -0.2910397 -0.0161039 -0.1610026 -0.4823647 0.1116264 0.4737890 -0.1676859 0.3088127 -0.2621305 -0.5316600 0.1404682 -0.2038557
0.0930099 0.7231133 0.0655230 0.3880046 0.1490740 0.7577674 0.0000000 0.1990057 0.7971040 0.6645750 0.3924808 0.9208687 -0.0825904 0.6252206 0.7172116 0.1944388 0.5509186 0.6651161 -0.0715522 -0.3977248 -0.0093894 -0.3557170 0.1811113 0.6228616 -0.1149222 -0.0112604 0.5162784 0.5890121 0.2155299 0.5230390 -0.4086498 -0.2403683 0.5937941 0.3843983 0.2392224 -0.1079575 0.0592580 -0.1998641 0.3186668 0.5477875 -0.5144514 0.1792928 0.1842565 0.5684174 0.3311665 -0.2383021 -0.0775642 -0.4966474 0.4864334 -0.0629734 0.2148079 0.3209967 0.5258196 0.5488804 -0.4263753 -0.2884492 -0.2171272 0.2944832 -0.2952405 0.1726951 -0.1190016 0.1458198 -0.2403732 0.4194770 0.2356529 -0.2557333 0.1544116 -0.1412683 -0.2064948 0.1934802 -0.2362131 0.5473787 0.0268679 0.2733744 -0.0800417 0.3261570 0.3156728 -0.2811070 0.3112102 0.0397028 -0.0261917 0.2677445 0.1164498 0.0233972 0.0758966 0.1606273 0.0654819 -0.1204707 0.2239379 0.2915401 0.0866955 0.0109018 0.1627198 -0.4103877 0.0035176 0.2268170 0.0708224 0.1931878 -0.0412788 -0.1899101 0.1346765 0.3124750 0.1807683 -0.3066866 0.1426445 0.2280295 0.3299860 0.3908029 0.2010184 0.1653446 0.1582963 0.1944430 0.5270379 0.5464939 0.2163936 0.5191449 0.3985679 0.3854118 0.3740434 0.3291862 0.3427469 0.3738905 -0.2060033 0.2085166 0.3585435 0.1655892 0.2462242 0.2023413 0.1276332 0.0859692 0.0982208 -0.0429133 0.1095459 -0.1966665 -0.1988822 0.2104960 0.0922349 0.1087468 -0.1606592 0.1537297 0.0408814 0.0140531 -0.2934297 -0.0210012 0.0339273 0.0800199 -0.1593670 -0.1866778 0.3225330 0.0185810 -0.0303935 -0.0614578 -0.0008529 0.1306336 -0.0874375 -0.0187649 -0.1095711 -0.0361196 0.0055161 0.0514115 0.2279076 0.2151868 -0.0192408 0.1234791 0.3264489 0.3013169 0.2052998 0.3618786 0.3374048 0.3550790 0.2578370 0.4589174 0.5607779 0.3787202 0.8191582 0.5526755 0.5201575 0.1511779 0.2320486 0.2719774 -0.0013215 -0.1019188 -0.0334285 -0.2456639 -0.1172318 -0.2901181 -0.4458064 -0.2417688 0.0710840 0.1960418 0.1239149 0.1907410 -0.0273198 0.0279329 0.0948509 0.1732553 0.0375534 0.1695659 0.1098853 0.1091764 -0.0252810 -0.4969420 0.0019304 0.0738959 -0.4589422 0.3950949 -0.3578271 -0.3351447 -0.1490554 -0.4368702 -0.1001528 0.1987426 -0.2779937 0.2115389 -0.3051417 -0.5828899 -0.0168101 -0.3004243
0.0033369 0.7167870 0.6631992 0.8153805 0.5102788 0.5907196 0.1990057 0.0000000 0.5444331 0.6645876 0.7323774 0.3534662 0.7535937 0.5898818 0.4215741 0.4980786 0.5368427 0.3389686 0.5181428 0.3997082 -0.1659686 0.3726691 0.5212336 0.6940335 0.5059754 0.5566211 0.4262849 0.3292523 0.4926694 0.2890437 0.5027086 0.3131185 0.6115221 0.8696395 0.4115674 0.1037928 0.4928328 0.5388026 0.4199388 0.3941720 0.2682161 0.5581659 0.4661357 0.5101545 0.7789503 0.4725979 0.6401617 0.0606286 0.7537168 0.5051876 0.5634057 0.5144422 0.7574586 0.6004069 0.1037545 0.3338828 0.3829962 0.7755710 -0.2732067 0.5025351 0.1205190 0.6416051 0.0391963 0.7604572 0.2842869 0.2684618 0.7268757 0.6149544 0.4325607 0.8461262 0.4770694 0.4485588 0.6943389 0.4143625 0.5890138 0.7810102 0.7324854 0.1448366 0.6497531 0.2005529 -0.0352222 0.4152706 0.0647572 0.0841114 0.0067511 0.1497437 0.1758180 0.3532609 0.2662977 0.1679487 0.5378380 0.4310284 0.4456283 0.1877674 0.3019569 0.3701637 0.4953530 0.4275831 0.4267189 -0.2921360 0.3451427 0.1769341 0.1935908 0.0697697 0.3630889 0.4234988 0.1686236 0.1559744 0.5084161 -0.0415225 0.3833911 -0.1568890 -0.0558209 0.0536358 -0.2006940 -0.0313848 -0.0244258 0.0223817 -0.0583526 0.0788428 0.0444729 0.0979036 -0.1486026 -0.0253772 -0.1290597 -0.2153161 0.0989683 -0.0430397 -0.1034869 0.2410593 0.1151070 0.2381207 0.1634525 0.0937498 -0.0374266 0.1229469 -0.0974271 -0.0411461 -0.2374193 0.0211742 0.1363200 -0.1157338 -0.3191262 -0.1552731 -0.1302870 0.1872243 0.0068180 -0.2090711 0.1374969 -0.1262488 -0.0319581 -0.1674728 -0.1583929 0.3305021 -0.2516855 -0.3954188 -0.3331879 0.1036050 -0.2121495 -0.3936723 -0.0968016 -0.1151637 -0.1446805 -0.2524600 0.1117352 0.1633784 0.0453010 0.2063146 -0.0358954 0.0428536 -0.0562000 0.1405915 0.2317636 0.0656438 0.3247878 0.4639083 0.0950521 -0.0534885 -0.0029933 0.1385514 -0.0401849 0.0328540 0.2279574 0.3194334 -0.0768481 -0.2275541 -0.3527590 -0.0610543 -0.2531191 -0.0981154 -0.0334608 0.0101316 -0.4468469 -0.2208903 -0.2141556 -0.3155279 -0.1441305 -0.3328652 0.2121667 -0.2953545 0.2945917 -0.1843803 0.2545982 0.1642026 0.2141524 0.1896635 -0.1070328 0.4156168 0.2992140 0.0025864 0.3685624 0.4494096 0.1755406 0.1850683 -0.1032672 0.0022691 0.1162696 0.1036412
0.1748136 0.9094542 0.2836243 0.7906102 0.1501224 0.9420490 0.7971040 0.5444331 0.0000000 0.8501706 0.5798694 0.8308470 0.1241963 0.8856348 0.8678533 0.2029238 0.7804888 0.8298310 0.0354720 -0.3160965 -0.0612579 -0.2848655 0.3894238 0.8547767 -0.0086614 0.3418869 0.7684957 0.6850169 0.4671347 0.6059491 -0.2245599 -0.1947619 0.8320436 0.6544752 0.4905179 0.0066453 0.3665175 -0.1111141 0.5662348 0.7483528 -0.4439913 0.3098193 0.4833591 0.7477928 0.5356638 -0.1666535 0.1636057 -0.5396507 0.7646084 -0.0097108 0.4667817 0.6848198 0.6695839 0.7414262 -0.4113872 -0.2182454 -0.0779687 0.5349370 -0.4261379 0.3999429 -0.1399028 0.4598158 -0.2407182 0.5294135 0.1654005 -0.1372890 0.4554794 0.1809404 -0.0714211 0.3942927 0.0046600 0.5390018 0.3384760 0.2510314 0.1834262 0.5590397 0.4639113 -0.2206036 0.5752856 0.0574327 -0.0909906 0.2984325 0.0494273 -0.0303910 -0.0402919 0.1191277 0.0849371 -0.0961831 0.1844894 0.1962569 0.2057681 0.0829813 0.2161180 -0.3696974 0.0021902 0.4082349 0.2234064 0.2505615 0.0939717 -0.1667871 0.2034762 0.2512136 0.1552907 -0.2818985 0.1840076 0.3249076 0.2063629 0.3168193 0.2868016 0.0011051 0.1902457 0.0587710 0.3754708 0.3842860 0.0389070 0.3581128 0.2514127 0.3036129 0.2381908 0.2694959 0.2651889 0.2973905 -0.2701862 0.0595802 0.1885828 0.0587899 0.0642025 0.2915155 0.0457578 -0.0163071 0.0087851 0.0939683 0.0297692 -0.1991299 -0.1238966 0.2856845 0.0096219 0.0649335 -0.2345669 0.1867243 0.0997280 -0.1177752 -0.5742153 0.0994694 -0.0192756 0.0906848 -0.1215088 -0.2305597 0.3841819 -0.1864368 -0.1013076 -0.1030891 -0.1409963 0.2845868 -0.1959311 -0.1266152 -0.2983020 0.0324376 -0.1753449 -0.3678715 0.1032649 -0.0305926 -0.0855697 -0.1799703 0.3143709 0.3962146 0.1770578 0.4395964 0.2869808 0.2721525 0.2419550 0.5069380 0.5333647 0.3496015 0.7548299 0.6289222 0.2984317 -0.1330133 0.1535553 0.1423726 -0.1019257 -0.1324018 -0.0896570 -0.2392446 -0.2568599 -0.4569954 -0.5313324 -0.2952604 -0.0495524 0.0916555 0.1143837 0.0414069 -0.2099272 -0.0670773 -0.0190932 0.0160843 -0.0593642 0.0053726 0.0644544 0.0076930 -0.0698253 -0.6393930 0.0736652 0.1462851 -0.4510449 0.2352938 -0.3940468 -0.0338731 -0.1226116 -0.5631861 0.0577512 0.3158857 -0.2489164 0.0933745 -0.4727237 -0.4840623 0.1171446 -0.1708659
0.3968542 0.8340847 0.4240095 0.7320126 0.3407864 0.9274214 0.6645750 0.6645876 0.8501706 0.0000000 0.8376601 0.7540407 0.4111684 0.7308080 0.6539990 0.5474723 0.9404451 0.5141426 0.2894821 0.0246223 0.1589835 -0.2189441 0.7226757 0.7595769 0.1048943 0.4834551 0.7320077 0.4503494 0.5916526 0.4084247 -0.0096002 0.1676627 0.7090305 0.7434031 0.6909928 0.3064912 0.4994938 0.1792391 0.5973425 0.5709390 -0.1490351 0.6031301 0.7165257 0.6607555 0.6408083 0.2422291 0.4965492 -0.2182275 0.8276285 0.2458293 0.7160632 0.6738599 0.7596100 0.7080254 -0.0684986 0.1462807 0.2731021 0.7032758 -0.3994993 0.6985642 0.0407356 0.6799366 0.0337413 0.7214263 0.3284818 0.1578800 0.6422406 0.4045015 0.1732469 0.5944315 0.1347022 0.5483343 0.5703563 0.3889048 0.1752845 0.6625868 0.5866117 -0.2030527 0.8039940 0.3450712 0.1733974 0.4109690 0.2931515 0.2633928 0.1915996 0.3769402 0.1547539 0.0907632 0.4820425 0.4794839 0.3009791 0.1457717 0.2098779 -0.3186101 0.2521521 0.5579698 0.2323182 0.3448199 0.3270541 -0.0898449 0.4005012 0.3677994 0.4104187 -0.0815747 0.2556171 0.5044185 0.4013938 0.5615302 0.3839609 0.2818518 0.2238808 0.0922991 0.4476042 0.3942322 0.1273636 0.3764085 0.3273182 0.4539353 0.3786124 0.4533102 0.4432130 0.4504711 -0.1186557 0.2428359 0.3322016 0.1459308 0.2397642 0.1409415 0.1317899 0.1084718 0.1324670 -0.1504228 0.0659451 -0.2176963 -0.3516326 0.3632754 -0.0294402 0.0074957 -0.2437907 0.2209905 0.0469680 -0.1081453 -0.4508236 0.0001284 -0.1576667 0.2998521 -0.1937971 -0.3295545 0.1427653 -0.1872695 -0.1333686 -0.0281473 -0.1633457 0.2193836 -0.2683550 -0.2651776 -0.3901953 -0.1209891 -0.1772564 -0.3684823 -0.0305449 -0.1367713 -0.0848508 -0.3816652 0.1394822 0.1764351 0.0053043 0.2320172 0.0683812 -0.0120927 0.0194918 0.2967365 0.5597172 0.3103336 0.7074646 0.6769202 0.4044663 0.1210269 0.2149891 0.3203788 -0.1072798 0.1088354 0.2166382 0.0734058 -0.0972666 -0.3252637 -0.6189430 -0.1887936 0.0650902 0.2735383 0.3218530 0.2647586 -0.1037581 0.0708366 0.0756079 0.1208583 0.2850323 0.0659549 0.2855969 0.1191149 -0.0460957 -0.5447888 0.0517155 0.1516383 -0.3104541 0.4257603 -0.1718372 0.0193409 -0.1660386 -0.4303809 0.0970484 0.4681252 -0.0836191 0.3664685 -0.0795096 -0.5380064 0.1401434 -0.2238375
0.3627562 0.7130706 0.5166809 0.6185005 0.4918617 0.6801344 0.3924808 0.7323774 0.5798694 0.8376601 0.0000000 0.4296215 0.6744844 0.4294302 0.3993012 0.8491742 0.7572985 0.1594665 0.6557534 0.3602462 -0.0465862 0.1682535 0.7683259 0.4908171 0.4069043 0.7467180 0.4683061 0.1223232 0.5013117 0.1618813 0.4084544 0.5866738 0.4161695 0.6938858 0.8293119 0.2289482 0.7431891 0.5981192 0.4412190 0.2646367 0.2698034 0.8186225 0.7462784 0.3594882 0.7093199 0.5995571 0.8108457 0.1959324 0.7267874 0.5891387 0.8698935 0.4878007 0.7004128 0.4871989 0.2531041 0.4760453 0.6429305 0.7061527 -0.0473831 0.8374217 0.3065022 0.7282513 0.2370911 0.7618094 0.3824954 0.5764244 0.8057225 0.6258160 0.5390002 0.8487116 0.5859289 0.3889864 0.7815610 0.4784967 0.4948883 0.8063671 0.8041652 0.1455958 0.8629252 0.4861444 0.3217064 0.5154459 0.4151908 0.4290191 0.3734429 0.5064480 0.3688618 0.2309488 0.6296385 0.5426452 0.5302460 0.4453691 0.4236619 -0.0426353 0.5107312 0.5997581 0.4113865 0.4911385 0.5920672 -0.0792546 0.5601082 0.3986216 0.5111622 0.1219025 0.4530500 0.6572372 0.4286439 0.5395570 0.5429397 0.3894910 0.4600764 0.1737826 0.2597809 0.2717456 0.1449110 0.2451693 0.2164291 0.3416891 0.3245711 0.3802330 0.3035876 0.3348538 0.0348030 0.2592294 0.2606650 0.0123362 0.3158663 0.0618073 0.2008017 0.3453764 0.3028137 -0.0375910 0.2182155 -0.0985198 -0.1870040 0.3049244 0.0294072 0.0702260 -0.2303651 0.2664363 0.2185183 0.0788393 -0.2111822 -0.0137652 -0.0626159 0.3627788 -0.0786885 -0.2615826 0.0918225 0.0836794 -0.0249638 -0.0091443 -0.0510932 0.4073864 -0.2115218 -0.3718102 -0.1220775 0.0408117 -0.0294561 -0.2424745 -0.0300007 0.0090452 -0.1383485 -0.2671723 0.1185999 0.0521271 0.0162164 0.2754822 0.0802768 0.0239593 -0.0179888 0.2092807 0.4148553 0.2178271 0.5068039 0.6559832 0.2843543 0.1996159 -0.0332494 0.2957597 0.0264226 0.2459207 0.4020076 0.3083472 0.0881224 -0.0557149 -0.3079170 0.0978771 0.1064244 0.1897942 0.3507839 0.3036749 -0.0114280 0.1660518 0.0894136 0.0707830 0.3112415 0.0788271 0.3737952 0.0758031 0.1406260 -0.3468747 0.1355855 0.1003890 0.0581117 0.4376163 0.0681088 0.0462523 0.0452753 -0.1037393 0.2813709 0.5088622 0.1079379 0.3013260 0.0843223 -0.2438862 0.0958925 -0.2119954
0.2221618 0.7815930 0.0898666 0.4939277 0.1522670 0.8400675 0.9208687 0.3534662 0.8308470 0.7540407 0.4296215 0.0000000 -0.0098253 0.7196431 0.7370795 0.1543774 0.6628442 0.7077416 -0.0373819 -0.3262185 0.1998712 -0.3243211 0.2328793 0.6875304 -0.0517297 -0.0107021 0.6617382 0.6659639 0.3599447 0.6466707 -0.3230335 -0.2905434 0.6675020 0.5067686 0.2091356 0.1477649 0.0693362 -0.2472335 0.4672075 0.6431748 -0.5055171 0.2127927 0.2757450 0.6253358 0.3924700 -0.2113261 -0.0118011 -0.5497890 0.5245955 -0.0860913 0.2785182 0.4420223 0.5696495 0.5983499 -0.4596499 -0.2933120 -0.2349781 0.3633420 -0.5115961 0.2535308 -0.1979028 0.3139992 -0.2768284 0.4583803 0.1551092 -0.3252974 0.3078626 0.0059509 -0.2461749 0.2704505 -0.2512980 0.5373302 0.1809078 0.2076555 -0.1306217 0.3966615 0.2586042 -0.3688120 0.3879522 -0.0239269 -0.1514656 0.3272562 0.1402593 0.0345313 0.0588358 0.1846790 0.0863604 0.0174095 0.2371387 0.3229671 0.1439347 0.0023749 0.1991554 -0.3344444 -0.0361818 0.2726226 0.1346780 0.2914536 0.0392858 -0.0315743 0.2206221 0.4003475 0.2187835 -0.2401637 0.1873067 0.2420922 0.4070696 0.4380053 0.2958266 0.1789114 0.1797578 0.2067984 0.5998088 0.6244522 0.3000262 0.5856900 0.5141807 0.5094223 0.4756927 0.4093010 0.4719662 0.4995237 -0.0837870 0.2198631 0.3855499 0.2019269 0.2261801 0.2613132 0.0687673 -0.0903379 -0.0129646 -0.0393867 0.0265040 -0.2739600 -0.2540950 0.2873356 -0.0059618 0.0621657 -0.1907281 0.1244068 -0.0208605 -0.1126832 -0.3779572 -0.0422594 -0.1069753 0.1484997 -0.1908441 -0.2353829 0.2311933 -0.1585720 -0.0360823 -0.0712948 -0.0908137 0.1045295 -0.1140467 -0.0403708 -0.1849903 -0.0773722 -0.0520466 -0.0142615 0.2377649 0.0921073 0.0001705 -0.0061106 0.2895739 0.3591307 0.2228677 0.2848325 0.2698959 0.2675831 0.1964791 0.4128769 0.6145113 0.3744380 0.7792412 0.4863699 0.5004102 0.0462227 0.4036577 0.3597457 -0.0738759 -0.0097305 -0.0455348 -0.1260362 -0.1832250 -0.4367177 -0.6258505 -0.4095435 -0.0890090 0.1211335 0.1975247 0.0975664 -0.2119896 0.0351039 0.1088953 0.1461536 -0.0243833 -0.0664550 0.0474619 0.0817862 0.0812791 -0.4717331 0.0810970 0.1797417 -0.4337211 0.3167317 -0.3973014 -0.0911554 -0.0417313 -0.4774855 0.0350184 0.3307379 -0.2294684 0.2423025 -0.3068001 -0.4748015 0.0912588 -0.1967859
0.1274956 0.3252444 0.8254069 0.5274245 0.7788773 0.2204390 -0.0825904 0.7535937 0.1241963 0.4111684 0.6744844 -0.0098253 0.0000000 0.0795698 -0.0538871 0.6749517 0.2917202 -0.2411067 0.5372644 0.8442134 0.0081127 0.5152872 0.6087881 0.2648589 0.4383337 0.5431511 0.0296183 -0.2159272 0.3525742 -0.2071572 0.7763972 0.7030005 0.1556809 0.6580911 0.4943505 0.0943120 0.5068629 0.8459770 0.3102606 -0.0787784 0.7632413 0.6255572 0.5287370 0.1658192 0.6783964 0.7947727 0.7625058 0.6492462 0.5368785 0.8306455 0.5939820 0.2862858 0.6475426 0.3154248 0.6252759 0.7696510 0.7363090 0.5979778 0.1338048 0.5981505 0.5075466 0.5043065 0.5038366 0.6875733 0.5255126 0.6382511 0.5575471 0.4633623 0.7424689 0.7082475 0.6242690 0.3267142 0.6048058 0.6017129 0.5267154 0.5652803 0.7593050 0.3283272 0.5610622 0.5655978 0.3931613 0.0926843 -0.0099394 0.1144616 0.0672795 0.0406482 -0.0606271 0.2356110 0.1667413 0.0594171 0.3845563 0.3927341 0.1986449 0.1542344 0.3885268 0.3325545 0.3813938 0.1886224 0.3905425 -0.3269218 0.1239519 -0.0845573 0.1163115 0.1294922 0.2035238 0.3221323 0.0123751 0.0093644 0.2847202 0.1098367 0.2129855 -0.1937678 -0.3163929 -0.2041461 -0.2623018 -0.2567298 -0.1428842 -0.0722137 -0.1334535 -0.0101718 -0.0630325 -0.0178805 0.0560321 -0.0954077 -0.1120557 -0.3142467 0.1130537 -0.2894018 -0.1381934 0.2973671 0.1834366 0.0770286 0.1622234 0.0162865 -0.0980145 -0.1347346 -0.1729636 -0.1423094 -0.1460454 -0.1858102 0.0862722 -0.1068141 0.1178522 -0.1942993 -0.1839115 0.1955365 -0.0040471 -0.1164286 -0.2005423 -0.1326254 -0.1567146 0.0507345 -0.1483751 0.0972222 -0.1915817 -0.2236271 -0.1443723 -0.0039767 -0.0433616 -0.3736358 -0.2905010 -0.1830997 0.1528072 -0.2705208 -0.2250273 -0.1482437 -0.0732271 -0.1422267 -0.2642533 -0.2650531 -0.2935476 -0.1806687 -0.1353675 -0.2922967 0.0290427 0.3504946 0.1182429 0.1754667 0.0437307 -0.0436060 -0.2783747 -0.0080267 0.4903741 0.4476311 0.2985297 0.3055808 0.0451222 0.4236047 0.0931389 0.1292698 -0.0941927 0.3605703 -0.0817978 -0.1687560 -0.2163352 -0.3529484 0.1354438 -0.0892343 0.5467972 -0.3439349 0.3382301 0.0098034 0.0690567 -0.0527217 0.6077145 0.4523736 0.0590698 0.2241021 0.3262237 0.4137088 0.1989972 0.1526120 0.5761703 0.3438970 0.2731791 0.0381756 0.1214015 0.0286656
0.0300356 0.8084084 0.2305602 0.7911649 0.1551517 0.8644549 0.6252206 0.5898818 0.8856348 0.7308080 0.4294302 0.7196431 0.0795698 0.0000000 0.7715267 0.0648241 0.7239108 0.9040908 0.0049742 -0.3533144 -0.0513148 -0.2577278 0.2914302 0.8805551 0.0360893 0.2516546 0.7408425 0.8307439 0.4295173 0.7221309 -0.2349158 -0.3044945 0.8753549 0.6000191 0.2807322 -0.0173115 0.2119782 -0.1524171 0.5093252 0.8573361 -0.4722937 0.1922255 0.2965894 0.8178125 0.4481954 -0.1937553 0.0957651 -0.6251901 0.7463943 -0.0724110 0.3084244 0.6703622 0.6335405 0.7815878 -0.5341678 -0.3143645 -0.2418251 0.4962265 -0.4636664 0.2551695 -0.1838143 0.4255184 -0.3543279 0.5452001 0.2096273 -0.3219993 0.4352783 0.1724692 -0.2252274 0.3775092 -0.0707582 0.5723975 0.2752247 0.2635554 0.0715844 0.4816119 0.3375268 -0.3943427 0.4280074 -0.0664317 -0.1507561 0.3582515 -0.1603010 -0.2635825 -0.3317983 -0.1049761 -0.0773588 -0.1376006 -0.0297268 -0.0078395 0.0368044 -0.1287188 0.0868497 -0.3453651 -0.2150869 0.2657850 0.0375962 0.0927185 -0.0390623 -0.1737704 0.1072795 0.0457408 -0.0845221 -0.1896732 -0.0498510 0.1702749 -0.0374675 0.0953514 0.0979034 -0.3450673 -0.0040129 -0.2570328 0.1735508 0.1333120 -0.2524155 0.0778692 0.0043098 -0.0063818 -0.0100275 -0.0210476 0.0151372 0.0269854 -0.4348198 0.1152377 -0.1097931 0.0530724 -0.1735375 0.0755825 -0.1439304 -0.0533314 -0.1774215 -0.0288836 -0.1736656 -0.0549304 -0.2509276 0.1934385 -0.1707918 -0.1479529 -0.3503501 0.0222444 -0.1250548 -0.3168715 -0.6719422 0.0197629 -0.1873767 0.0771236 -0.2621937 -0.3385817 0.2797322 -0.3705418 -0.3405008 -0.2393217 -0.3425627 0.0589025 -0.4184264 -0.1935192 -0.4861713 -0.1556055 -0.3104979 -0.4261206 -0.0858449 -0.2585622 -0.0946701 -0.2670707 0.1522374 0.2261951 -0.0615848 0.2878428 0.1802378 0.0998802 0.1168917 0.3673252 0.5745488 0.4116855 0.6796601 0.5972674 0.3835065 0.0225007 0.1770517 0.2791239 0.1358010 -0.1202364 -0.0206997 -0.1901073 -0.2010397 -0.4554975 -0.5942523 -0.3252566 -0.1488267 0.0393887 -0.1180968 -0.0111144 -0.2910912 -0.1879591 -0.0898481 -0.0085026 -0.0621058 -0.0567748 0.0780765 -0.0286239 0.0019096 -0.4691986 0.1161358 0.2364481 -0.4255569 0.2408523 -0.4720828 0.1658276 -0.0481981 -0.4666541 0.0059846 0.4275625 -0.1885400 0.2100336 -0.4016280 -0.4420535 0.3221175 0.1794653
-0.0382014 0.8423500 -0.0044455 0.6462651 -0.1706732 0.7873857 0.7172116 0.4215741 0.8678533 0.6539990 0.3993012 0.7370795 -0.0538871 0.7715267 0.0000000 0.1288046 0.5373861 0.8352591 0.0981620 -0.5093693 -0.1569823 -0.3004771 0.2235137 0.8172429 0.0044026 0.2511797 0.4909987 0.7493784 0.6356971 0.5317033 -0.2755729 -0.3071679 0.8609236 0.5593781 0.2727920 -0.0411583 0.1723665 -0.1692473 0.2775493 0.6950269 -0.4929222 0.2157126 0.1873295 0.7879745 0.4101826 -0.2709697 -0.0477166 -0.6278545 0.6877515 -0.0813029 0.2161263 0.4530479 0.4358171 0.6589347 -0.6768939 -0.4992431 -0.3241016 0.5327820 -0.5835442 0.1095192 -0.5072762 0.2220918 -0.6259896 0.3272252 -0.2004232 -0.3284330 0.2708354 0.1657849 -0.3506176 0.3326714 -0.0394027 0.2498586 0.2432777 -0.0883844 0.2130109 0.5454747 0.3293515 -0.1171840 0.3938629 -0.3018301 -0.4204258 0.4137599 0.1427323 -0.0953544 -0.0448719 0.1378199 0.1574841 -0.1771899 0.1652644 0.0914098 0.0818777 0.0015358 0.3447918 -0.3196281 -0.1738434 0.0194380 0.1494842 0.3435543 -0.0538087 -0.2510068 0.0536331 0.3940546 0.2031108 -0.4819520 0.2527701 0.0679420 0.3145863 0.3336619 0.3445158 0.0274727 0.2612895 0.1728350 0.5133707 0.4666809 0.1434626 0.4264882 0.3257180 0.3519539 0.2720887 0.3008065 0.3142013 0.3261502 -0.2742388 -0.0537755 0.2290315 0.1319481 0.2136992 0.4422471 0.2042959 0.1419613 0.2100450 0.2096817 0.2452960 -0.2120035 0.0409719 0.3582409 0.2273461 0.2892109 -0.0275764 0.2980456 0.1673219 0.0949797 -0.6801968 -0.0851273 0.1798153 0.1417992 0.0712618 -0.1248632 0.4613577 -0.0173004 0.0964453 -0.3041976 0.1517787 0.4723109 -0.0040090 -0.3362446 -0.1504782 0.2669651 -0.2683585 -0.2336143 0.3049368 0.2206360 -0.1923730 0.1168950 0.5419317 0.5206457 0.4524572 0.5440277 0.4655269 0.5548854 0.3899037 0.5664283 0.5409003 0.3547550 0.6052922 0.3467345 0.0093283 -0.2415939 -0.0093458 0.1677142 0.0425716 -0.1633321 -0.3847858 -0.3841337 -0.5676737 -0.7336460 -0.6108647 -0.5595265 -0.3464175 -0.2353146 0.1666411 -0.3001918 -0.4313247 -0.1178933 -0.0445003 0.0363000 -0.2294895 -0.1537731 -0.2955330 0.0322854 0.0329763 -0.2915044 0.3949127 0.4918759 -0.4786758 -0.0339346 -0.2286180 -0.1674902 0.1017620 -0.4304661 0.3265381 0.2988087 -0.6040282 -0.0669306 -0.6928122 -0.3559143 -0.1474514 -0.3122244
0.3545686 0.4023832 0.3955627 0.2722308 0.4351087 0.3408615 0.1944388 0.4980786 0.2029238 0.5474723 0.8491742 0.1543774 0.6749517 0.0648241 0.1288046 0.0000000 0.4615768 -0.1716731 0.8245564 0.4939027 -0.0877358 0.3801883 0.6937319 0.1719429 0.5667566 0.7132893 0.0761414 -0.1304011 0.3869530 -0.1489474 0.5771721 0.8379384 0.0971265 0.4062386 0.7067221 0.0705789 0.6234364 0.8085943 0.0317130 -0.1030614 0.5154874 0.7038709 0.5365955 0.1028749 0.5478245 0.7807052 0.7965792 0.4547062 0.5098162 0.7122588 0.7324753 0.0803052 0.4368295 0.2221276 0.4015936 0.5669690 0.7002135 0.5997577 0.0778288 0.7142397 0.3295085 0.5063913 0.2980075 0.6399472 0.4149164 0.6691297 0.5879881 0.5876904 0.5414768 0.7308368 0.5919074 0.1508655 0.6797615 0.4474575 0.4537473 0.7041837 0.7265331 0.2765449 0.7161612 0.5348111 0.4511542 0.3724705 0.4217508 0.4744580 0.3921774 0.4989254 0.2581812 0.1094682 0.6045623 0.4554066 0.3137636 0.2876927 0.2979501 -0.0722116 0.4351888 0.2571775 0.1897105 0.3559647 0.4774202 -0.2081063 0.3512205 0.2938495 0.5267828 0.0615298 0.2985007 0.4086254 0.3978741 0.5295629 0.3820270 0.4446386 0.3362603 0.1099066 0.1935780 0.1331486 0.1263149 0.0897184 0.1297855 0.2411763 0.2514104 0.2835993 0.1994138 0.2125999 0.1234012 0.2884997 0.1915450 -0.0262464 0.4547865 -0.0595050 0.2145569 0.5898635 0.4587339 -0.1657984 0.3878982 0.0980409 -0.1535194 0.2471948 0.1308499 0.0784322 -0.0852054 0.2861528 0.1006527 0.2061250 0.0371530 0.0076576 0.0267975 0.4636382 -0.0042524 -0.1895870 -0.1390275 0.1956801 -0.0120695 0.1627796 0.1070102 0.2684802 -0.0815071 -0.2898913 -0.0634527 0.0474840 -0.0485577 0.0042393 -0.1139954 0.0720328 0.0880436 -0.0716734 -0.0089244 -0.0644624 0.0219757 0.0433596 -0.0865114 -0.0641718 -0.1657251 -0.0676165 0.3031189 0.1168619 0.2499397 0.3949545 0.2142654 0.4359466 -0.2015714 0.2713272 0.1375038 0.2515248 0.4665244 0.3397401 0.1275161 0.1727594 -0.1941198 0.2645295 0.1236331 0.1758922 0.3196593 0.3607085 0.1221678 0.2202563 0.0700637 0.1334811 0.4918850 0.1934588 0.4333239 0.1112638 0.2108918 0.0313620 0.1722679 0.1722775 0.1935642 0.4936699 0.3261356 -0.0502859 0.1366711 0.2518365 0.2594151 0.4260123 0.1646500 0.3632438 0.3448978 -0.1055416 0.0212237 -0.2007703
0.4477298 0.7192899 0.3464170 0.6429034 0.2750430 0.8793771 0.5509186 0.5368427 0.7804888 0.9404451 0.7572985 0.6628442 0.2917202 0.7239108 0.5373861 0.4615768 0.0000000 0.4773998 0.2238850 -0.0240356 0.2364495 -0.3139017 0.7500561 0.6558857 0.0351882 0.4786967 0.8115304 0.3869194 0.4909501 0.3973099 -0.0997765 0.1235207 0.6048710 0.6238785 0.7147126 0.3804550 0.5020694 0.0757304 0.6319577 0.5431418 -0.1996563 0.5697910 0.7781184 0.5718527 0.5408380 0.1893613 0.4729119 -0.2573687 0.7553862 0.1602549 0.7105876 0.6666152 0.6868186 0.5767812 -0.0560442 0.1462092 0.2566870 0.5365148 -0.3277992 0.7161604 0.1166670 0.6613834 0.1049328 0.6722608 0.3816811 0.1423673 0.6093333 0.3673233 0.1379791 0.4902599 0.0897408 0.5378382 0.5296108 0.4008531 0.0534724 0.5448375 0.4550790 -0.3011462 0.7629130 0.4213043 0.2938326 0.4089508 0.2749163 0.2723043 0.1679098 0.3462879 0.1146182 0.0711706 0.4334297 0.4816153 0.1663624 0.0153552 0.0315484 -0.3384933 0.1856736 0.5770563 0.0546808 0.1843792 0.3298827 0.1123873 0.4298226 0.2513988 0.3685047 0.1000415 0.0820087 0.5025861 0.2854431 0.5434378 0.2210148 0.2075983 0.0931584 -0.0082187 0.3972467 0.2897051 0.0908012 0.2806614 0.2473955 0.3812221 0.3762977 0.3471531 0.3452283 0.3358530 -0.1321581 0.3240295 0.2477798 0.1452884 0.0560389 0.0381744 0.0469932 -0.0095649 -0.0267576 -0.2632224 -0.1072653 -0.2191386 -0.4268687 0.2975944 -0.1408094 -0.1349804 -0.3434460 0.1629644 -0.1108409 -0.2404799 -0.4262862 0.1012341 -0.2523669 0.2621288 -0.3336795 -0.4281039 0.0712579 -0.3275253 -0.3038648 0.0291817 -0.3220187 0.0470978 -0.4085494 -0.1893662 -0.4000169 -0.2720257 -0.1009245 -0.4248723 -0.1710214 -0.3340700 -0.0534202 -0.4782529 -0.0335336 0.0804792 -0.1835113 0.1529153 0.0486930 -0.1809467 -0.0081038 0.2329010 0.5478235 0.3453584 0.6822122 0.6859073 0.4958437 0.1673434 0.2912038 0.3975546 -0.0519238 0.2575042 0.3538524 0.1519381 0.0433464 -0.2436082 -0.6024057 -0.1320126 0.1608219 0.3770636 0.3020800 0.3636144 0.0335107 0.1360698 0.1000096 0.2079988 0.3969989 0.1594427 0.3708714 0.1818574 -0.1401426 -0.5688996 -0.0472508 0.0851659 -0.3613038 0.4573032 -0.2093098 0.0730801 -0.3094821 -0.4645375 0.0001087 0.4472023 -0.0366605 0.4184879 0.0317975 -0.5441559 0.2839274 -0.1045952
