0.0000000 0.6562518 0.4282540 0.0789050 0.6739330 0.1638205 0.2666211 0.1440449 0.1126073 0.1656427 0.0839982 0.5504243 0.2380682 0.2739583 0.5007122 -0.1429908 0.1098496 0.2099263 -0.1654088 -0.2221955 0.1702219 -0.0431220 -0.0116635 0.1441220 -0.1151470 -0.1776197 0.1273044 0.1311006 0.3427417 0.1604328 0.0785516 -0.1589484 0.1135910 0.1687584 -0.0867668 0.3202611 -0.1717386 -0.0150302 -0.0888596 -0.0186190 -0.0875698 0.4629595 -0.1100514 -0.0255233 0.1777988 -0.3240311 -0.3759076 -0.0356317 0.0810721 0.0286242 -0.3176412 -0.2187119 0.0383462 -0.1247789 -0.0121096 -0.3158530 -0.3000440 -0.0654797 0.6006758 -0.3351005 0.2932279 -0.2959445 0.2235977 -0.0646756 -0.0903928 -0.1164885 -0.3417035 -0.2050937 -0.1600961 -0.1761708 -0.2465952 -0.0458460 -0.3239400 -0.0261717 -0.2825317 -0.2903843 -0.2051914 -0.3500744 -0.3426758 -0.2842175 -0.1192187 0.1613619 0.1910655 0.1081835 0.0466171 0.0195889 0.1386835 -0.0453221 0.0822244 0.1333481 -0.0475455 -0.0080789 0.0213853 0.0324209 -0.1535983 0.0193993 0.0761921 -0.1215467 -0.1157503 -0.0189911 0.0343499 -0.1157867 -0.0608998 0.1651360 -0.0318353 -0.1358293 -0.0328548 -0.1452400 -0.0376734 0.3994074 -0.1791026 0.1039196 -0.2820523 -0.1514251 -0.0546574 -0.2604961 0.0142561 0.0977840 0.0779171 0.1674978 -0.1045814 -0.2545638 0.2133669 -0.3086581 0.0379370 -0.0373069 -0.2155012 0.1198297 -0.0729347 -0.0724857 -0.1201898 0.0451806 -0.0882497 0.0001160 0.1398012 0.1175480 -0.0523348 -0.2064514 -0.2131108 -0.0061607 0.1996498 -0.1156139 0.1862003 -0.0611194 -0.0966570 0.1075876 -0.0956304 0.0511579 0.2976348 -0.0035045 -0.0937282 0.0019936 -0.1121295 0.1358852 0.2252428 -0.0264143 0.0453306 0.0724944 0.2368907 -0.1611817 0.1897199 0.0218050 -0.0557850 0.0512502 0.0943886 -0.1528338 -0.0590438 0.2618699 0.2074701 0.0437941 -0.0041112 0.0863592 0.5542389 0.1871400 0.3673741 0.5706379 0.0095827 0.0300711 0.0512776 0.2871999 0.2664444 0.3586426 0.3891206 0.3086646 0.6110772 -0.0933404 0.6063912 0.3086600 0.0001102 -0.0014074 0.2354037 -0.0682184 0.0461055 0.1238853 0.2375042 0.0581957 0.0341663 -0.2079821 -0.0705717 -0.0265433 0.1292357 0.1015120 -0.2162306 -0.5226034 0.1639124 0.1507013 -0.1472110 0.2912714 0.0952364 0.0061458 -0.0690523 -0.2468243 -0.0330671 0.0222483 -0.0102150 -0.0584697 0.3401012 0.3063501
0.6562518 0.0000000 0.6341941 0.5885089 0.6441751 0.5952617 0.4678905 0.5553676 0.3774526 0.3746864 0.3530638 0.6377839 0.4455095 0.4093501 0.4755748 0.1304110 0.2915427 0.2643340 -0.0881812 -0.1720254 0.4932783 -0.0095459 0.2025991 0.2939790 -0.0924106 -0.0025388 0.1738057 0.3535071 0.5008235 0.3105542 0.0469599 -0.3436314 0.2703476 0.4868808 0.1229026 0.4602704 -0.2984494 -0.0343174 -0.0438226 0.1269547 -0.1914457 0.5458378 0.0730111 0.0452958 0.5331091 -0.3027174 -0.3295921 -0.1908328 0.2480552 -0.0374924 -0.0962628 -0.0168813 0.3564990 0.1021371 -0.2019409 -0.4802471 -0.4649876 0.1792580 0.4348482 -0.1275827 0.5747039 0.0497609 0.0588780 0.2143445 0.2869739 -0.4098152 -0.1827522 0.0820261 -0.2988995 0.0693356 -0.3549365 0.2269002 -0.1409975 0.2567452 -0.4764087 -0.1225923 -0.0101237 -0.3936474 -0.3147215 -0.1079130 -0.0393282 0.3465264 0.1092199 0.0403341 0.0585125 -0.1043191 0.0898712 0.0048620 0.0667753 0.1482209 0.1050998 0.0565479 -0.0787483 0.0647565 -0.1523253 0.1949285 0.1630924 -0.2129520 -0.2293294 -0.0066595 -0.0309179 -0.2564624 -0.1483274 0.2677610 0.0428053 0.0061877 -0.1040704 0.0224975 0.1009214 0.3721823 -0.0929568 0.1154987 -0.1866929 -0.0889200 -0.1448089 -0.1916367 0.0867417 0.0649256 0.0633759 0.1094074 -0.0119186 -0.0523315 0.0578097 -0.2084784 -0.0879318 -0.2209281 -0.2164757 0.0275105 -0.3351340 -0.0994865 -0.3501005 -0.1427392 -0.2120841 0.0095126 -0.1083101 0.0050738 -0.3353285 -0.4771894 -0.4450377 -0.1090269 0.1027099 -0.3316276 -0.1540531 -0.0284387 -0.3574028 -0.1113886 -0.3247248 -0.1626652 0.0960602 -0.3375030 -0.2269163 -0.1740888 -0.3249574 0.0903653 0.2335241 -0.1301429 0.0297858 -0.0695470 -0.0217086 -0.1735342 0.1912836 -0.2623324 -0.1555421 0.1653562 0.0202395 -0.1602116 -0.0453109 0.1370028 0.1165402 -0.0728518 -0.0657570 0.0079187 0.2746069 -0.0003768 0.4478460 0.5043552 0.1539149 -0.0070823 0.2987144 0.1347039 0.2289993 0.4148971 0.2931630 0.3252477 0.4779653 0.2555424 0.4432879 0.2323405 0.0795964 0.2009491 0.2298334 0.1419033 0.1966679 0.1408786 0.2676417 0.0522824 -0.1234329 -0.1718059 0.0124420 -0.2576032 0.1763005 0.0055931 -0.2194131 -0.3030900 -0.0827864 -0.2151711 -0.2751935 0.6519088 0.2249861 0.0317998 -0.1195685 -0.1725779 -0.2639599 0.1044960 0.1914169 0.0519245 0.3308716 0.3065980
0.4282540 0.6341941 0.0000000 0.6811578 0.7792676 0.7429408 0.6372499 0.6500692 0.4699189 0.6603966 0.5118192 0.2099803 0.5676163 0.7502679 0.0548609 0.1896326 0.5470371 0.1473209 -0.0766892 -0.0635994 0.1228116 -0.0943083 0.2085162 0.1441042 -0.1754625 -0.0712374 0.4496111 0.5288216 0.1408030 0.6817348 0.0916930 -0.3567407 0.1871767 0.5149665 0.0773672 -0.1375932 -0.3243600 -0.0944619 0.3154402 0.4640672 -0.0779146 -0.0695787 0.1872221 0.2768338 0.7015240 -0.2640953 -0.3896291 -0.1145773 0.2855372 0.0510495 -0.1004974 0.2051730 0.6501580 0.2985823 -0.3368425 -0.4775755 -0.3908252 0.4144819 -0.1307406 -0.0059340 0.4050596 0.1023420 0.1728534 0.4221598 0.6987406 -0.3502258 -0.0093932 0.2171026 -0.4119237 0.0936167 -0.2684402 0.4400133 -0.0258575 0.6095401 -0.4427076 -0.1738293 0.0871532 -0.2156581 -0.1625721 0.1190157 0.3548509 0.0057389 -0.1751100 -0.0984186 -0.0978633 -0.4593069 -0.1436689 -0.4657496 -0.2514883 -0.2126195 -0.0702858 0.1106250 -0.1778667 -0.4285504 -0.2251287 0.0783325 0.1065044 -0.2550236 -0.3413648 -0.4967016 -0.3751796 -0.4819934 -0.4085038 -0.3309393 -0.0380352 -0.1378012 -0.5916312 -0.2398676 -0.0608015 -0.1415967 -0.2238835 -0.1508882 -0.3138614 -0.1775900 -0.3014317 -0.2311052 0.0068581 -0.0666818 -0.0305010 0.0116574 -0.1604059 -0.0777022 0.0129863 -0.5049626 -0.1300276 -0.2117465 -0.1925987 -0.0718656 -0.3761715 -0.2994558 -0.2721475 -0.0838289 -0.2424815 -0.3732570 0.0402722 -0.0579890 -0.2846576 -0.3369065 -0.3233364 -0.1918941 0.0286372 -0.2731316 -0.0560873 -0.0433134 -0.2697657 -0.1562939 -0.1594342 -0.1207319 -0.0212329 -0.3807073 -0.2826876 -0.1104392 -0.1791801 -0.0477221 -0.0982902 -0.1113396 0.0471222 -0.0690180 -0.0142476 -0.0570743 -0.0401108 -0.2511399 -0.2068372 0.2439463 -0.1421568 0.0115734 -0.0610443 0.0224879 0.1535351 -0.0333322 -0.1158718 -0.1445793 -0.1979403 -0.2240255 0.3434868 0.1653904 0.2213331 0.2641959 0.1798447 0.1831405 0.0027251 -0.3392263 -0.4334692 -0.4423508 0.0527942 0.7658489 0.4582851 0.6417519 0.5187806 0.4147900 0.0782366 0.3888937 0.4848684 0.0599409 0.0182940 -0.1779272 0.0243665 0.3045951 0.4880695 -0.1647304 0.0053026 0.1223540 -0.1887709 -0.0127414 0.1173227 -0.0229457 -0.2561902 0.4752378 -0.0602931 0.3401892 -0.2000502 -0.1338201 -0.2253495 0.2736368 0.4892899 -0.2679866 0.1813863 0.2605921
0.0789050 0.5885089 0.6811578 0.0000000 0.2314527 0.7472354 0.3601011 0.8074346 0.4744573 0.4764548 0.4860511 0.1690203 0.5036483 0.7514767 0.0283644 0.3494600 0.5313778 0.4323154 0.1167938 0.0571060 0.2948636 0.1073941 0.4181798 0.2355938 0.0910963 0.2487815 0.2730063 0.4451054 0.1543467 0.4177618 0.1437650 -0.1544202 0.1391043 0.4874124 0.2861403 0.0095404 -0.0960895 0.0955955 0.2052579 0.2363728 0.0048088 0.0951972 0.3034320 0.1563441 0.6596166 -0.0754210 -0.1081918 -0.0119468 0.2867196 0.1738977 0.2421480 0.3730443 0.5965401 0.4798181 -0.1334530 -0.1841451 -0.1930832 0.4749561 -0.1394369 0.3340920 0.5031240 0.4744928 0.0964008 0.5438948 0.7285875 -0.2453431 0.3195950 0.4678914 -0.1427710 0.3566156 -0.0191288 0.4526098 0.2673820 0.5720806 -0.3133633 0.1416465 0.2108063 -0.0290237 -0.0157869 0.2684083 0.1516598 0.0466294 -0.0930865 -0.0285144 0.1248637 -0.3020943 0.0469848 -0.0864766 -0.0459475 0.0253086 0.1277842 0.3089502 -0.1662430 -0.1516715 -0.0532946 0.2638909 0.3191711 -0.2813088 -0.1851939 -0.1999254 -0.2000795 -0.3985115 -0.2548401 -0.0419023 0.1030867 0.0615953 -0.3724339 -0.0828206 0.1355310 -0.2777591 -0.0568763 -0.0723949 -0.1765513 -0.1488499 -0.2840860 -0.2089129 -0.0076282 -0.0800195 -0.1012835 -0.0729124 -0.0044968 0.1410205 0.0147408 -0.1832695 -0.0627179 -0.2361429 -0.0629938 -0.0140931 -0.2506819 -0.0735299 -0.1125788 -0.0861692 -0.1476755 -0.2255716 0.1140028 -0.0087931 -0.2267570 -0.2390866 -0.1879161 0.0144786 0.1108743 -0.1243302 -0.0689480 0.1242559 -0.1711175 -0.1197225 -0.0664866 -0.0711914 0.0913187 -0.2507303 0.0041782 -0.0580942 -0.1152069 0.1096233 0.0461523 0.0841508 0.2991367 0.0050660 0.0293575 0.2333510 0.1100382 -0.1343555 -0.0068199 0.5145081 0.0608475 0.2080787 0.1517269 0.1568784 0.3444658 0.1564920 0.1157213 0.1591538 -0.3233299 -0.3155296 0.0592096 0.0263439 0.2820954 0.0120966 0.3959977 -0.1440232 -0.0837714 -0.1961779 -0.2830663 -0.2329855 -0.0914495 0.7479241 0.1027256 0.2368615 0.3255229 0.4168597 -0.0619863 0.3828322 0.4395473 -0.0456387 -0.0440103 -0.1524637 -0.0092202 0.2021053 0.2281508 -0.1916575 0.0954026 0.1949347 -0.0201989 0.2016150 -0.0230673 -0.2287852 -0.0844779 0.4860675 0.1312788 0.1669842 -0.0878606 -0.1256389 -0.2952455 0.1862224 0.3183559 -0.0206817 0.4235664 0.3589457
0.6739330 0.6441751 0.7792676 0.2314527 0.0000000 0.4193873 0.5061480 0.3355171 0.1275147 0.4497002 0.2619308 0.4166310 0.4553855 0.3961090 0.1346506 -0.0521563 0.2767867 0.0368391 -0.1980274 -0.1241555 0.2446947 -0.2033607 -0.0250991 0.1051125 -0.3060841 -0.2348330 0.2458096 0.3713080 0.3638459 0.4929092 0.1161811 -0.3627587 0.2080429 0.4349613 -0.0376677 0.1643348 -0.3871489 -0.1433152 0.1270979 0.3847152 -0.1164684 0.2245212 0.0066511 0.2393511 0.4617084 -0.2802165 -0.3840945 -0.1351558 0.2357980 -0.0434852 -0.2208008 -0.0235930 0.3825298 0.0820334 -0.2334885 -0.4677809 -0.3892924 0.2480961 0.2986326 -0.2160626 0.3970955 -0.1373114 0.2140564 0.1774858 0.2817006 -0.2623626 -0.2705464 -0.0260708 -0.3611809 -0.0586343 -0.3198367 0.2142871 -0.2291226 0.3256784 -0.3659737 -0.2795695 -0.0036132 -0.3127825 -0.2866885 -0.1180361 0.2006865 0.2022688 0.0405021 -0.0316272 -0.0434149 -0.2000733 -0.0022595 -0.2788309 -0.0178052 -0.0590837 -0.0240846 -0.0082246 -0.0780538 -0.2598500 -0.0951168 0.0087362 -0.0316128 -0.1312346 -0.2124742 -0.2082433 -0.1249334 -0.2635327 -0.3094063 -0.1476852 -0.1027867 -0.0705685 -0.2689694 -0.1824332 -0.0542057 0.1956963 -0.2127978 0.0812195 -0.2915136 -0.1495792 -0.1756292 -0.1561491 0.0552719 0.0504312 0.1502898 0.1271321 -0.1813841 -0.2999811 0.0808766 -0.3347881 -0.0885228 -0.0657120 -0.2749615 -0.0371947 -0.2459918 -0.1305955 -0.2237203 -0.0183028 -0.1841668 -0.0642131 -0.1024765 -0.0445336 -0.1137203 -0.3538806 -0.2863817 -0.1904621 -0.0396472 -0.2926591 -0.1371911 -0.0566624 -0.1809385 -0.0726299 -0.1914058 -0.1048072 -0.1201746 -0.3694270 -0.3705568 -0.0635014 -0.2247059 -0.1052334 -0.0520353 -0.1795485 -0.2141425 -0.0855362 -0.1280236 -0.2790893 -0.0460557 -0.3166674 -0.1818683 -0.0659142 -0.1833695 -0.1490661 -0.1782124 -0.0950874 -0.1205094 -0.2189941 -0.2514315 -0.2674374 0.2744859 0.0791262 0.3425528 0.3531995 0.0831459 0.2293933 0.0535694 0.3114854 0.1310676 -0.0295276 0.0037022 -0.0636261 0.4768972 0.3650791 0.7506619 0.6623169 0.3632878 0.2298723 0.2894890 0.1814982 0.2192705 0.2077121 0.2684915 0.0487260 0.0503609 0.0399519 0.3092518 -0.0529326 -0.0027192 0.0889272 -0.2170991 -0.1882015 0.2790971 0.1940937 -0.2708261 0.4537195 -0.0717136 0.3694255 -0.1516516 0.1007060 0.0323259 0.3163768 0.3544918 -0.1957677 -0.0762681 0.0798696
0.1638205 0.5952617 0.7429408 0.7472354 0.4193873 0.0000000 0.7342008 0.5270806 0.7955344 0.8687499 0.6473819 0.3805677 0.2505664 0.8234876 0.3053087 0.2783541 0.6857125 0.1131132 -0.0243814 -0.2797376 0.3613532 0.0545487 0.4105693 0.2657519 0.0181246 0.1630366 0.6772339 0.6910394 0.3445280 0.7944236 -0.0604825 -0.1798724 0.3544869 0.6973331 0.4303346 0.0293652 -0.0816625 0.0065469 0.6198139 0.6710477 0.0662308 0.0245900 0.4676215 0.4500690 0.8541241 0.0149948 -0.0820358 0.0068594 0.5512265 0.3262372 0.1763593 0.4327151 0.8308447 0.5192642 -0.2313542 -0.2964963 -0.2717992 0.7311668 -0.1999197 0.1793195 0.3725704 0.2552249 -0.0074369 0.6035087 0.7313895 -0.4009260 0.0289080 0.3017523 -0.4539846 0.2265278 -0.3204859 0.4999391 -0.0106231 0.5567229 -0.5902339 -0.0935977 0.1182993 -0.2686319 -0.1897561 0.1577383 0.1275180 0.1256709 -0.1654385 0.0646405 0.0534130 -0.3114704 -0.1408897 -0.3769127 -0.2132161 -0.0447345 0.0475769 0.0963204 -0.0325267 -0.3498482 -0.1749526 0.1347091 0.1204431 -0.0247218 -0.2791261 -0.3508206 -0.2256186 -0.2962667 -0.3286121 -0.1781325 0.0290369 -0.1577375 -0.2611438 0.0136837 0.1005538 0.1216077 -0.0842289 0.1671945 0.0500332 0.1848295 -0.0976905 0.0909659 0.2150296 0.0342109 0.1251949 0.1145748 0.0731079 0.1472907 0.0529070 -0.1591331 0.1362183 -0.1648324 0.0660247 0.0431066 -0.2740697 -0.0527942 -0.1505702 0.0286368 -0.0485933 -0.1446824 0.0874977 0.0821970 -0.1673911 -0.1946143 -0.2423425 -0.0570247 0.1357828 -0.1566300 0.0827112 0.1454837 -0.1377491 -0.0394784 -0.0688771 -0.0580479 0.1267124 -0.2758998 -0.2076333 -0.0448629 -0.0334016 0.0870120 -0.0626504 0.0374682 0.1143764 0.0283033 0.0989865 0.0196596 0.0400827 -0.1394251 -0.0663693 0.3003125 -0.0091732 0.1348906 0.0761078 0.1148724 0.2117838 0.0634865 0.0324019 -0.0953079 -0.4832483 -0.0654832 0.5088992 0.1345230 0.2856080 0.1349116 0.3268093 -0.0289219 -0.2015319 -0.3062402 -0.4028468 -0.4201392 -0.1076289 0.6313253 0.0012750 0.3771717 0.3990368 0.4429535 0.2047590 0.3774909 0.4408002 0.2622377 0.0753283 0.0462539 0.0927359 0.2582358 0.3232644 -0.1092225 0.2328954 -0.1146860 -0.2346919 0.1501873 -0.1162300 -0.3629466 -0.0718837 0.3993039 0.2667526 -0.0271247 -0.1752710 0.0111542 -0.4567328 0.0219618 0.5445289 -0.3285176 0.2826045 0.2857992
0.2666211 0.4678905 0.6372499 0.3601011 0.5061480 0.7342008 0.0000000 0.0589908 0.8314781 0.5692752 0.1729101 0.4505612 -0.0835712 0.5624179 0.3350569 -0.1599901 0.3029310 0.1960973 -0.3551889 -0.5822497 0.2217087 -0.3211611 -0.1094606 0.4778321 -0.3449220 -0.3439508 0.4735009 0.8226452 0.4042540 0.6523365 -0.4557151 -0.4656797 0.6407173 0.7598736 -0.0410913 0.0214096 -0.3709419 -0.3293191 0.3476202 0.6823410 -0.2813518 0.0386447 -0.0097902 0.6354386 0.7747567 -0.2056930 -0.3741640 -0.3011183 0.6768654 0.2662565 -0.2271685 -0.0394659 0.7700120 0.0561321 -0.3613749 -0.4755092 -0.5227738 0.4591955 -0.0291094 -0.2044599 0.4998654 -0.2388268 -0.1398291 0.1975288 0.4191382 -0.5756809 -0.3817609 -0.2109018 -0.6327931 -0.2588616 -0.5790209 0.1147081 -0.4350368 0.2062370 -0.6453396 -0.5205887 -0.2067926 -0.4515329 -0.4256356 -0.2746589 0.1426935 0.0436354 -0.2924638 -0.1337793 -0.2697463 -0.3722945 -0.3351331 -0.6593694 -0.3909650 -0.2868861 -0.2947608 -0.3179283 -0.2720640 -0.5323996 -0.4479021 -0.3037029 -0.3494225 -0.1028372 -0.4725132 -0.5118512 -0.4488861 -0.3249954 -0.2719984 -0.3413512 -0.3672288 -0.4481573 -0.1476249 -0.0175860 -0.2611602 0.3988562 -0.3327819 0.0601122 -0.1528329 0.0241862 -0.1207952 -0.0652914 -0.0323357 0.0308500 0.1085668 0.1340785 -0.1169987 -0.1500317 -0.1848961 -0.1710822 -0.0194680 -0.1723422 -0.1382502 -0.1815743 -0.3055800 -0.2452859 -0.3339755 -0.2259909 -0.2551175 -0.0078061 -0.3482819 -0.1543762 -0.2328559 -0.3476591 -0.4284979 -0.3618247 -0.2306889 -0.4670329 -0.2101658 -0.2438730 -0.2489127 -0.2847133 -0.3755847 -0.3589025 -0.2152930 -0.6292075 -0.6082744 -0.3263090 -0.3496017 -0.2929777 -0.2982320 -0.4060887 -0.4221931 -0.2950568 -0.1930660 -0.4801523 -0.3371663 -0.4963279 -0.5557368 -0.2847969 -0.4232535 -0.4357409 -0.3810788 -0.1948154 -0.2374781 -0.4096828 -0.4079166 -0.5299439 -0.2237623 0.1661617 0.7445669 0.4664502 0.5547195 0.5191129 0.2424084 0.1836151 0.0833028 -0.2654413 -0.3072947 -0.3188914 0.1537003 0.3754899 0.2531558 0.3208802 0.3790904 0.3069159 0.3731017 0.2002217 0.3414626 0.3227844 0.2655643 0.0598805 0.2601962 0.2521851 0.3441182 -0.1587174 -0.0718256 -0.3728594 -0.4733114 -0.1817207 0.0151068 -0.2495079 -0.4378954 0.1688086 -0.0222183 -0.0784781 -0.3516942 0.0132686 -0.1530318 -0.0021175 0.3437976 -0.4134446 0.2819783 0.2859141
0.1440449 0.5553676 0.6500692 0.8074346 0.3355171 0.5270806 0.0589908 0.0000000 0.1570115 0.4230685 0.6794485 0.0347813 0.8662467 0.5687557 -0.0639477 0.6884639 0.6577061 0.0283866 0.4632509 0.2923118 0.3045750 0.4030675 0.6222825 -0.1983275 0.2980755 0.4252519 0.3201057 0.0244343 0.0133425 0.3230877 0.5446809 0.0310150 -0.2465080 0.2460885 0.4108752 0.1060142 0.1020325 0.3575817 0.1690277 -0.0473640 0.2099693 0.1087130 0.4636790 -0.2699182 0.4476694 0.0618088 0.1139619 0.1873367 -0.0848081 -0.1021806 0.4023045 0.5018509 0.4045867 0.5741050 0.0771544 -0.0026748 0.1181327 0.3830369 -0.1895800 0.5004111 0.2231423 0.6536334 0.4504797 0.6655809 0.7283577 0.1121134 0.5614238 0.7225334 0.2031513 0.6183027 0.2781005 0.6760421 0.5929936 0.7699317 0.0564857 0.4922066 0.5012624 0.2562845 0.3363255 0.5659029 0.3494734 -0.0710849 -0.0781448 -0.0103864 0.0941563 -0.2461824 0.1041827 -0.0609681 0.0123719 0.0186971 0.3053104 0.5338543 0.0418725 -0.1802644 0.0543266 0.5649352 0.5668895 -0.1520055 -0.0886140 -0.1633537 -0.1009550 -0.2884054 -0.2249102 -0.1583753 0.4081328 0.3073655 -0.4216352 -0.1164731 0.3487937 -0.3537655 0.1457808 -0.0299692 -0.1040973 -0.1191304 -0.2900908 -0.1190566 0.0813857 -0.1981646 -0.1185914 -0.2081810 0.0121766 0.2904389 0.1377572 -0.3475888 -0.2160197 -0.1457962 0.0326097 0.2336668 -0.2962636 -0.0258606 -0.1178547 0.2301973 -0.0289876 -0.2579180 0.3641771 0.2072726 -0.1963541 -0.2056653 -0.0817146 0.1489376 0.3786444 0.0864028 0.1448979 0.3866558 -0.1071984 0.1497017 0.1016863 0.2138041 0.2470768 -0.0013186 0.2228998 0.2434296 0.0756031 0.3546791 0.3580602 0.3506451 0.4773150 0.2646336 0.1693643 0.4368356 0.4019793 0.0729656 0.2694809 0.6888918 0.3136341 0.4207375 0.3806957 0.2717435 0.3919004 0.3810059 0.3210802 0.3448298 -0.1451511 -0.2975961 -0.0065147 -0.1507270 -0.1664701 -0.2967961 0.2389912 0.0060960 -0.2254772 -0.0170735 -0.1712391 -0.1266373 -0.2073646 0.7483027 0.1528630 0.4292630 0.2917052 0.3527690 -0.2953105 0.4288430 0.3162721 -0.2379249 -0.0437923 -0.1579291 -0.2490507 0.0904287 0.2263515 -0.1748650 0.0972736 0.2597557 0.1177247 0.2657948 -0.1215911 -0.0056514 0.0580161 0.5138161 0.0628822 0.1622359 -0.0410549 -0.2240404 -0.2818691 0.3448947 0.4104358 0.1356015 0.2901131 0.3545307
0.1126073 0.3774526 0.4699189 0.4744573 0.1275147 0.7955344 0.8314781 0.1570115 0.0000000 0.6614287 0.3704075 0.3925460 -0.0869069 0.6482568 0.5225630 0.1075727 0.4683055 0.1798040 -0.1290427 -0.4529718 0.2488900 -0.0228381 0.1348383 0.4337390 -0.0475889 -0.0711773 0.5887020 0.7345557 0.3410737 0.6413844 -0.2826686 -0.2203036 0.5250999 0.6699342 0.1918724 0.0212917 -0.1019596 -0.0939883 0.4726858 0.5272483 -0.0403992 0.0202376 0.2380175 0.4675927 0.7711383 0.0010586 -0.1259741 -0.0930697 0.6200538 0.4643124 -0.0045920 0.1848682 0.7712323 0.2131805 -0.1887765 -0.2156237 -0.3035521 0.5439825 -0.2365718 -0.0119720 0.2834523 -0.0138599 -0.1280925 0.3730214 0.5159261 -0.4270669 -0.1587388 0.0044102 -0.4583057 -0.0581181 -0.4022790 0.2119801 -0.2132365 0.2667410 -0.5871926 -0.3131730 -0.1498537 -0.3098949 -0.2525549 -0.0509555 0.1278979 -0.0489530 -0.3705258 -0.0392980 -0.1425322 -0.3892623 -0.3695504 -0.6244885 -0.4465675 -0.2446550 -0.2457625 -0.2027928 -0.1675307 -0.5170560 -0.4719536 -0.1489884 -0.1387070 -0.0309812 -0.4470965 -0.5311852 -0.4264694 -0.3209991 -0.2848345 -0.3331928 -0.1705156 -0.3979363 -0.1424585 0.0302662 -0.1591782 0.3245013 -0.2247285 0.0986535 0.0734961 0.2434000 0.0245551 0.1210630 0.1744684 0.1223105 0.1731764 0.2063938 0.1478514 0.2313340 -0.2497788 -0.0657062 0.1438378 -0.2503860 0.1123051 -0.0977388 -0.3418578 -0.2003031 -0.2819881 -0.1286741 -0.1215841 -0.1618208 -0.1292896 -0.1020630 -0.2921272 -0.2557452 -0.3494886 -0.2144384 -0.0888961 -0.3028024 0.0831948 -0.1225555 -0.2637319 -0.2358352 -0.2236269 -0.2317812 -0.0075457 -0.3777340 -0.3747539 -0.2962286 -0.1615568 -0.1470051 -0.1618104 -0.2338760 -0.1381886 -0.1814150 -0.0239563 -0.1778171 -0.1783239 -0.2454740 -0.3946062 0.0396369 -0.2094446 -0.2312982 -0.2174030 -0.0722336 0.0052668 -0.1291430 -0.1857066 -0.3082563 -0.4071417 0.1250534 0.7573332 0.3797086 0.4815772 0.3646600 0.3615439 0.1126191 -0.0263192 -0.2191976 -0.3799074 -0.3445836 -0.1335430 0.3650023 -0.1188485 0.1788834 0.2952307 0.3037398 0.2792704 0.2569825 0.3942679 0.3285490 0.0881546 0.0349246 0.2061588 0.3267622 0.3139691 -0.2417904 0.0935086 -0.4056509 -0.4124768 -0.0848019 -0.1874403 -0.3420499 -0.2817710 0.1900514 0.1614323 -0.3589923 -0.3549854 -0.1281265 -0.2689429 -0.0670411 0.3526587 -0.2676491 0.4977524 0.3758323
0.1656427 0.3746864 0.6603966 0.4764548 0.4497002 0.8687499 0.5692752 0.4230685 0.6614287 0.0000000 0.7800589 0.2345190 0.2869008 0.7702648 0.2710713 0.3632302 0.7903291 -0.2059048 0.0936499 -0.1105925 0.2809282 0.1988914 0.4575295 0.0155346 0.1135626 0.2136849 0.7931554 0.5217623 0.2665929 0.8417594 0.1904043 -0.0283446 0.1592436 0.5501730 0.5131595 -0.0130876 0.0290727 0.1571581 0.7978300 0.6695628 0.3453457 -0.0582829 0.6087864 0.3492064 0.7653008 0.1778385 0.0620925 0.2184775 0.4055093 0.3415680 0.2081079 0.5438715 0.7620479 0.5982811 -0.1009518 -0.1395228 -0.0846544 0.7836858 -0.2807368 0.1595207 0.1278267 0.2431759 0.1200348 0.6835273 0.7197393 -0.1840079 0.0362238 0.3717066 -0.3392754 0.3093148 -0.1923520 0.5874616 0.0736790 0.6195403 -0.4457320 -0.0025727 0.2083533 -0.1212542 -0.0283373 0.3284308 0.2521560 0.0602540 -0.2202499 0.1003954 0.0884950 -0.3223939 -0.1576917 -0.4503448 -0.2295335 -0.0729906 0.0854878 0.1602158 0.1125887 -0.4517761 -0.0472634 0.2016186 0.1792754 0.1036606 -0.1460231 -0.3587734 -0.1536370 -0.2645744 -0.4755408 -0.3276905 0.1461325 -0.0431738 -0.3027008 -0.1135206 0.1434808 0.0699530 0.0010173 0.2200380 0.1441432 0.3274810 -0.0398755 0.2560313 0.3671067 0.0614674 0.2314707 0.2001106 0.2110100 0.2797319 0.0696470 -0.1337702 0.2833174 -0.0504416 0.2455258 0.0867566 -0.1935043 0.0242042 -0.0199515 0.2167140 0.1392342 -0.2128121 0.2427554 0.1131699 -0.0412908 -0.0194237 -0.0430002 0.0506531 0.1896182 0.0594007 0.3488723 0.2594336 -0.0293693 0.0838558 0.1643484 0.1379882 0.1851394 -0.0234431 -0.0852343 0.0926118 0.2325521 0.1015840 -0.0476963 0.1532567 0.1886515 0.1601265 0.1878104 0.1700991 0.0920564 0.1008282 0.0784192 0.3525655 0.1095391 0.2900752 0.1310390 0.0705242 0.2464075 0.2324713 0.1210751 -0.0481377 -0.4931591 -0.0292008 0.4790398 -0.0144338 0.0792696 0.0969043 0.2098315 0.0951613 -0.3048329 -0.3748769 -0.4485568 -0.5058997 -0.1826749 0.5829274 -0.0427781 0.5620515 0.4871104 0.4501215 0.1874207 0.4357056 0.4372333 0.3472791 0.0323258 0.1096354 0.1040140 0.3699270 0.4561103 -0.0117842 0.3180929 -0.1152568 -0.2265655 0.2103576 -0.0642556 -0.1911003 0.1339778 0.3223388 0.2751788 -0.0529106 -0.2294813 0.1042215 -0.3510470 0.0869895 0.6936037 -0.3037652 0.0668798 0.1273889
0.0839982 0.3530638 0.5118192 0.4860511 0.2619308 0.6473819 0.1729101 0.6794485 0.3704075 0.7800589 0.0000000 0.0675339 0.5402397 0.5785376 0.0446101 0.7763322 0.8940791 -0.4741089 0.5593630 0.2325878 0.3860896 0.5507542 0.8130799 -0.4173454 0.5267275 0.6271518 0.6942332 -0.0058268 0.0134009 0.5376213 0.5306585 0.2528578 -0.3278262 0.2156625 0.7429898 0.1109557 0.3482112 0.5140175 0.6506216 0.2193185 0.4955976 -0.0330096 0.7971557 -0.2200566 0.5134695 0.3709311 0.3565982 0.4340219 -0.0942012 0.0446453 0.5288706 0.7646991 0.4998424 0.8008015 0.2011670 0.1015400 0.2211823 0.6245339 -0.3820225 0.5143308 -0.1070096 0.6611988 0.4110840 0.8581707 0.8024236 0.1586875 0.4684286 0.7790820 0.0791199 0.7605976 0.2482737 0.8885271 0.5505394 0.8499581 -0.0491141 0.5368339 0.6714266 0.2429210 0.3827314 0.7451217 0.4186722 -0.1879710 -0.3613983 -0.1265395 -0.1121853 -0.3623369 -0.2365257 -0.2773241 -0.3146528 -0.2279608 0.0929860 0.2912310 0.1105148 -0.3408158 -0.0840957 0.4036951 0.3633582 0.0050402 -0.2049331 -0.3307586 -0.2168316 -0.2198810 -0.4685075 -0.3078311 0.2870054 0.1001435 -0.4188526 -0.2812125 0.2071582 -0.1029090 0.0182753 0.0296509 0.0569379 0.1695127 -0.0790543 0.1290027 0.3063559 -0.1761553 0.0302860 -0.1390751 0.0651503 0.3666035 0.0872510 -0.4156765 -0.0281272 0.0487289 0.1566983 0.1212630 -0.1568602 -0.0888079 -0.0883777 0.3225956 0.0918709 -0.2392245 0.4254042 0.1788230 -0.0995976 0.0744878 0.0304663 0.4430532 0.4206789 0.3864919 0.4569059 0.6040889 0.0257664 0.2539666 0.2014366 0.2444116 0.4132667 0.2926124 0.3864283 0.4139014 0.3223002 0.3384516 0.1446563 0.4928798 0.4809687 0.2935084 0.3654557 0.6017688 0.2900617 0.3878232 0.3661589 0.6513877 0.3259018 0.4869308 0.3337884 0.2699479 0.4058794 0.5330964 0.4040312 0.3198447 -0.4300115 -0.1149121 0.3163773 -0.2059800 -0.1336206 -0.1892689 0.3500609 0.2795672 -0.2938254 -0.1733842 -0.3178110 -0.3408626 -0.3765415 0.6049512 -0.1862345 0.5537018 0.5209763 0.6044178 -0.2171974 0.6846039 0.5456367 0.2081604 0.0855799 0.2297474 0.0893141 0.3862408 0.4617284 0.0485671 0.2963299 -0.1756048 -0.1905429 0.2412287 -0.2242840 -0.1380841 0.3908560 0.3526706 0.2517792 -0.2225625 -0.3005194 0.0249113 -0.4365225 0.2291250 0.7761059 -0.0011581 0.1454821 0.2267564
0.5504243 0.6377839 0.2099803 0.1690203 0.4166310 0.3805677 0.4505612 0.0347813 0.3925460 0.2345190 0.0675339 0.0000000 -0.1034379 0.2305698 0.7448829 -0.1436175 0.0792915 0.3488918 -0.2443409 -0.4468349 0.7295294 -0.2180520 -0.0726672 0.5716938 -0.1612111 -0.1742014 0.1037431 0.4828788 0.8751845 0.2725256 -0.1539738 -0.1682579 0.6226991 0.6068545 0.1441410 0.7163595 -0.1239381 -0.1581813 0.0948411 0.2722235 -0.2463384 0.7311982 0.0700777 0.3872002 0.4070407 -0.1881487 -0.1038757 -0.1666269 0.6023766 0.2919221 0.0376856 0.0261594 0.3455754 0.0718359 -0.0034623 -0.1821467 -0.2570979 0.3214440 0.5336155 -0.0879077 0.3852692 -0.0569819 -0.0098757 0.1044458 -0.0715482 -0.2391090 -0.3438617 -0.1292673 -0.2760247 -0.0765447 -0.3093616 -0.1588214 -0.3368208 -0.1434289 -0.4780797 -0.3043315 -0.2442608 -0.4179933 -0.4825877 -0.3839794 -0.2805329 0.3893974 0.1488772 0.1361730 0.1538387 0.0928687 0.0199481 -0.0137494 0.0869041 0.1508178 -0.1337404 -0.2250224 -0.0354151 -0.0636410 -0.2808295 -0.1581905 -0.1497386 0.0796462 -0.2822217 0.0823280 0.0493507 0.0295301 -0.0181077 0.1498688 -0.2338119 -0.2960699 0.3594558 0.1334534 -0.0386819 0.7574299 -0.2564843 0.5105678 0.0569484 0.1607667 0.3540419 0.1691380 0.3140048 0.4651695 0.5449598 0.3333170 0.0036972 -0.2453573 0.0987571 0.1021376 0.1299175 -0.2109052 -0.2523097 0.0337590 -0.2664481 -0.0138333 -0.2778621 0.0418322 -0.1886543 0.2109587 -0.2421104 -0.0766033 -0.1472377 -0.4458998 -0.4282447 -0.1000636 -0.1068922 -0.3723822 -0.0882782 -0.0713859 -0.2411749 -0.1261571 -0.4037891 -0.3128351 -0.0672000 -0.3591552 -0.3289421 -0.2006038 -0.4024111 -0.1088381 -0.0475919 -0.2270107 -0.3399177 -0.2711185 -0.1982686 -0.3250730 -0.0986636 -0.3805822 -0.1969668 -0.1209851 -0.2251336 -0.3560569 -0.2835875 -0.1150531 -0.2285492 -0.3359460 -0.3140108 -0.2450049 0.4634092 0.4409243 0.5052560 0.8253263 0.3559220 0.0241883 0.4900405 0.1939655 0.1369073 0.4310731 0.4450903 0.3702944 0.5825429 -0.1980364 0.3794221 0.1370256 -0.0240935 0.1236426 0.5195501 0.0060383 0.1124504 0.4503590 0.3941044 0.2949741 0.1962434 -0.1540193 -0.1158859 -0.2527771 -0.0672435 -0.3250705 -0.3238054 -0.3167921 0.1574546 0.1657015 -0.3743072 0.3163602 0.0255436 -0.3723583 -0.1369527 0.2083615 0.1431661 0.2709347 0.1497395 -0.0559469 0.1813860 0.0560674
0.2380682 0.4455095 0.5676163 0.5036483 0.4553855 0.2505664 -0.0835712 0.8662467 -0.0869069 0.2869008 0.5402397 -0.1034379 0.0000000 0.3559702 -0.1231614 0.6583112 0.5017981 -0.1223312 0.5377153 0.4709408 0.1337017 0.4987158 0.4722121 -0.3413044 0.3008677 0.3504235 0.1991506 -0.1303930 -0.0961434 0.2364291 0.7288137 0.0910760 -0.3757201 0.0410957 0.2642442 0.0525859 0.0769700 0.4387566 0.0288162 -0.1509917 0.3262255 0.1190001 0.3077663 -0.4155913 0.2567729 0.1333035 0.0867981 0.2795099 -0.2650258 -0.1221241 0.2368292 0.3202317 0.1986409 0.3885021 0.1922513 0.0980530 0.1838627 0.2017201 -0.0651837 0.3595231 0.0870389 0.5008779 0.5772127 0.5130761 0.5389111 0.2766354 0.4962520 0.6256036 0.3658215 0.5140517 0.3281491 0.5842605 0.5787456 0.6677842 0.2433781 0.4648351 0.4574890 0.3051535 0.4046896 0.5223717 0.3939053 -0.0928940 -0.0293693 -0.0016843 0.0614034 -0.1764593 0.1167555 -0.0857908 0.0782184 0.0120868 0.3355233 0.5638524 0.1428150 -0.1608953 0.1380013 0.6451212 0.6305820 -0.0969836 0.0058371 -0.1430054 -0.0532359 -0.2287572 -0.2097898 -0.1874747 0.5100944 0.4575447 -0.3550567 -0.1098520 0.3679135 -0.3794958 0.2089234 -0.0401628 -0.0504574 -0.0380604 -0.2811745 -0.0367209 0.1502741 -0.1866857 -0.0395264 -0.1439842 0.1079040 0.3709636 0.0175968 -0.2584929 -0.1696578 0.0203108 0.1405616 0.2133183 -0.1868718 0.0703099 -0.0296065 0.2114457 0.0898111 -0.1627410 0.3576004 0.2262207 -0.0774257 -0.1110364 0.0482695 0.1482717 0.3714050 0.1540094 0.1622409 0.3634218 -0.0008346 0.2344275 0.2506292 0.3746063 0.1752363 0.0887367 0.2265289 0.2868257 0.2092273 0.3449175 0.4810656 0.3297133 0.3846884 0.3705731 0.1217282 0.3925577 0.4809841 0.1303461 0.3147454 0.5744683 0.3818341 0.4248693 0.3823566 0.1847679 0.2901905 0.3900041 0.3280860 0.2985814 0.0505140 -0.2715420 -0.0437041 -0.1735958 -0.3763589 -0.2750461 -0.0004884 0.0906234 -0.1804387 0.0514269 -0.0598848 -0.0186386 -0.0982192 0.6193516 0.3731099 0.5408781 0.2133972 0.1359906 -0.2905442 0.2857069 0.1150768 -0.2291860 0.0446072 -0.0698089 -0.3209411 -0.0455754 0.1833538 -0.0353740 0.1236574 0.3303874 0.1573210 0.1321428 -0.0489085 0.0939459 0.0756355 0.4379865 0.0308654 0.2724036 -0.0157386 -0.2811179 -0.0881039 0.3266387 0.2892857 0.2340315 0.1769313 0.3616125
0.2739583 0.4093501 0.7502679 0.7514767 0.3961090 0.8234876 0.5624179 0.5687557 0.6482568 0.7702648 0.5785376 0.2305698 0.3559702 0.0000000 0.1566270 0.2990518 0.7627723 0.2838133 0.0565196 -0.0920108 0.2288568 0.0679880 0.4221748 0.2119139 0.0208661 0.1395954 0.6633700 0.6299084 0.2526980 0.7772880 0.1172533 -0.1496925 0.2456197 0.6212233 0.3793144 -0.0400961 -0.0711325 0.0470708 0.6506857 0.5732906 0.1354290 0.0295767 0.4859357 0.4057365 0.8152271 -0.0109801 -0.1162971 0.0811683 0.5117107 0.4469523 0.2127449 0.4864394 0.8243989 0.5564966 -0.1064357 -0.1417321 -0.1771186 0.7336899 -0.1830492 0.2723603 0.3600079 0.2939518 0.1620955 0.6508500 0.7521259 -0.2188846 0.1196469 0.3544528 -0.2725913 0.2769143 -0.1635359 0.4862343 0.0730031 0.5952065 -0.4144719 -0.0709095 0.1241668 -0.1336463 -0.1417096 0.1827440 0.1469549 0.0450542 -0.1538707 -0.0080871 0.0591878 -0.4085036 -0.1291236 -0.4040214 -0.2219759 -0.0866240 -0.0517535 0.1661617 -0.1578112 -0.4585054 -0.1825407 0.0938701 0.1698352 -0.2121203 -0.2660809 -0.4197011 -0.3157858 -0.4670347 -0.4388103 -0.3606569 0.0065973 -0.1618502 -0.3433789 -0.2423119 0.0610530 -0.1310825 -0.1720183 0.0543620 -0.1935632 -0.0381684 -0.2380461 -0.1322922 0.0305679 -0.0693790 0.0396809 0.0171750 -0.0532566 0.0410900 0.0941089 -0.2322797 0.1213989 -0.0766337 -0.0146484 0.0147078 -0.1665338 -0.0455491 -0.0206020 0.1391468 -0.0872165 -0.1602579 0.2954817 0.0781444 -0.0450896 -0.0555808 -0.1020720 0.0807476 0.1695821 0.0289264 0.2194556 0.2417866 0.0293133 0.0491556 0.1323930 0.0896014 0.1727681 -0.0907165 -0.0163181 0.0988424 0.1204250 0.0938180 -0.0744446 0.1710675 0.2377178 0.1268298 0.1710761 0.2604556 0.0395782 0.0288269 0.0093760 0.4704434 0.0703400 0.2607529 0.1000394 0.1339535 0.3651959 0.2143352 0.1186702 0.0354434 -0.3492826 -0.0412665 0.2581591 0.0531853 0.2432222 0.1585952 0.3035244 0.0135012 -0.1850584 -0.4103740 -0.4358322 -0.5046007 -0.1069620 0.6900550 0.1188899 0.4786334 0.5006076 0.4923383 0.0616441 0.4007152 0.4765429 0.1756020 0.0380785 -0.0171626 0.2000698 0.3194817 0.3520007 -0.0179184 0.0562411 0.0051359 -0.2291842 0.0436807 0.2096060 -0.1128942 0.0052592 0.2749939 0.0225217 0.0660782 -0.2450726 -0.0668471 -0.1741685 0.1989646 0.5432923 -0.3194394 0.4574020 0.4380175
0.5007122 0.4755748 0.0548609 0.0283644 0.1346506 0.3053087 0.3350569 -0.0639477 0.5225630 0.2710713 0.0446101 0.7448829 -0.1231614 0.1566270 0.0000000 -0.0740253 0.0410107 0.2397737 -0.2141404 -0.4526487 0.3281552 -0.0010975 -0.0789303 0.5020717 -0.0856960 -0.1864634 0.2195964 0.3908433 0.6139006 0.2732477 -0.1146286 -0.0611504 0.5065107 0.3493941 0.0568829 0.4333580 -0.0285883 -0.0841646 0.0830007 0.1113769 -0.0484460 0.5032330 0.0438573 0.2274637 0.2393378 -0.1388374 -0.0925209 -0.0614306 0.4677856 0.3739485 -0.1487855 -0.1083810 0.1782290 -0.1518978 -0.0369420 -0.0974121 -0.1604261 0.1188045 0.3407634 -0.2884371 0.0899256 -0.2692725 -0.1344672 -0.0704361 -0.2061624 -0.1966898 -0.3986831 -0.2667025 -0.2249344 -0.2839224 -0.3676501 -0.2940314 -0.3871377 -0.2987838 -0.4391080 -0.3879766 -0.5072571 -0.4369119 -0.4112729 -0.3962841 -0.3419571 0.3409623 0.2299519 0.4473899 0.3460823 0.2019097 0.1109617 -0.0661375 0.1293351 0.3170627 0.0467674 -0.0784236 0.2463321 0.0073723 -0.1971220 0.0470813 0.0940781 0.2901770 -0.0664397 0.0633405 0.1950361 0.1136238 0.1523176 0.1930379 0.1134748 -0.1620526 0.3646222 0.3736966 0.1221478 0.7003420 0.0572007 0.5180685 0.3773798 0.4814043 0.4466623 0.4014107 0.4995231 0.5741418 0.5432695 0.5706375 0.4345101 0.2326096 0.0364621 0.2476443 0.4160845 -0.2698185 0.2017995 0.2304597 -0.2930846 0.0974159 -0.1562621 0.0886945 0.0981848 -0.0199938 -0.0102563 0.0916413 -0.1786814 -0.3317199 -0.3008532 -0.2791096 0.0465227 -0.3513426 0.2157227 -0.2347957 -0.2891520 -0.0595289 -0.1534577 -0.0508819 0.1127939 -0.1461659 -0.3426114 -0.3193893 -0.1405918 0.0342926 0.2220508 -0.2295405 -0.1251666 -0.0570477 0.0059334 -0.3409751 0.1476762 -0.1583281 -0.1670996 -0.0379520 0.0270339 -0.2342480 -0.1112871 0.0213824 -0.0107743 -0.1190932 -0.1379486 -0.1552402 0.3092604 0.3048535 0.5972288 0.6960929 0.0584545 -0.0859975 0.1299012 -0.0148089 0.0163233 0.4714732 0.3143779 0.3140165 0.3027933 -0.3406701 0.0619709 -0.0932412 -0.3546763 -0.2731439 0.5137870 -0.3021628 -0.1607643 0.2296574 0.0602708 0.0044832 -0.1660186 -0.2796725 -0.2690888 -0.3334084 0.2173131 -0.1770173 -0.1389297 -0.3325282 -0.1416588 -0.0106898 -0.3330855 0.2560110 0.2676580 -0.4547224 0.0346771 -0.2172113 -0.0421221 -0.0891215 -0.1124904 0.0087289 0.3053642 0.1260871
-0.1429908 0.1304110 0.1896326 0.3494600 -0.0521563 0.2783541 -0.1599901 0.6884639 0.1075727 0.3632302 0.7763322 -0.1436175 0.6583112 0.2990518 -0.0740253 0.0000000 0.7419418 -0.4568158 0.8696985 0.3568557 0.2613183 0.7766669 0.8748080 -0.5945515 0.7087127 0.7709228 0.5239119 -0.2865856 -0.1906637 0.3009016 0.7008282 0.4504841 -0.5426609 -0.0696132 0.7449863 0.1211693 0.5558846 0.6954549 0.3640337 -0.1293058 0.5963816 -0.0134181 0.7468222 -0.5408650 0.1676017 0.5778892 0.6173173 0.5698648 -0.3290993 -0.0263878 0.6968436 0.7328457 0.2372782 0.7145936 0.4772233 0.4686776 0.5364027 0.3868773 -0.4473092 0.7333534 -0.2960973 0.8271091 0.5043272 0.7453310 0.6078023 0.4620222 0.7102125 0.8862000 0.5116171 0.8362358 0.5201187 0.7865749 0.8014390 0.7283896 0.3905335 0.7555887 0.7144804 0.4730781 0.6051436 0.7722659 0.3319692 -0.2589667 -0.2306733 -0.0557086 -0.0775496 -0.1453166 -0.1315900 -0.1108283 -0.1389032 -0.1349430 0.2509237 0.4556804 0.2340947 -0.2314943 -0.0095924 0.6244745 0.5619238 0.0884966 -0.0807360 -0.1760949 -0.1103701 -0.0331548 -0.1610812 -0.3001165 0.5332299 0.3522189 -0.1544457 -0.0506936 0.4313833 -0.1775710 0.2485381 0.1029604 0.1899674 0.2161387 -0.0276710 0.1992832 0.2803299 -0.2065978 0.0262725 -0.2042901 0.1813261 0.5699297 -0.0254140 -0.2657936 -0.0726257 0.2390667 0.3135298 0.2235727 -0.0321307 0.1271702 0.0528868 0.3960466 0.2208732 -0.0421607 0.4936463 0.3162608 0.0440118 0.1855517 0.2204839 0.4904147 0.4874440 0.5025773 0.3650638 0.7079231 0.2085566 0.3942672 0.3763660 0.4337655 0.3456439 0.3945637 0.5192188 0.5500120 0.4437998 0.4509028 0.3699600 0.6065107 0.4534366 0.4493618 0.2801449 0.6792428 0.4557194 0.4173949 0.4819617 0.6156911 0.4648526 0.5689523 0.4592829 0.2434610 0.2955365 0.5709689 0.5102341 0.3740298 -0.2639294 -0.0947261 0.1287645 -0.3268187 -0.4249744 -0.4407727 0.1463102 0.1013063 -0.4275933 0.0219369 -0.1947337 -0.1526304 -0.5729087 0.4431418 -0.2991293 0.2745594 0.1878298 0.2778811 -0.3678572 0.4371489 0.1833048 -0.0909112 0.1591023 0.2129938 -0.1050955 0.0718961 0.1465451 0.1599634 0.2566724 -0.1590044 -0.0150000 0.2167879 -0.2466284 -0.0748957 0.4302977 0.2859004 0.2037805 -0.2828250 -0.1861307 -0.1396765 -0.2442002 0.2523145 0.4919754 0.3544123 0.3101689 0.4637112
0.1098496 0.2915427 0.5470371 0.5313778 0.2767867 0.6857125 0.3029310 0.6577061 0.4683055 0.7903291 0.8940791 0.0792915 0.5017981 0.7627723 0.0410107 0.7419418 0.0000000 -0.2975052 0.4889386 0.0331770 0.3746306 0.4469393 0.8045873 -0.3409906 0.3802991 0.5356268 0.8536483 0.1629059 0.1050508 0.6777296 0.4399244 0.1504151 -0.2125984 0.3777359 0.7601787 0.1264433 0.3146314 0.4035970 0.7502385 0.3367896 0.4489700 -0.0006436 0.8532189 -0.0562625 0.6312671 0.3800859 0.3701633 0.3737720 0.1171617 0.2039566 0.6070905 0.8127967 0.6726575 0.8156289 0.1840666 0.1393829 0.2210492 0.7684438 -0.3655516 0.5938272 0.0330875 0.6226026 0.3741928 0.8906122 0.8307028 0.1178808 0.4361199 0.7110304 0.0377363 0.6976541 0.1708804 0.8558153 0.4556526 0.8534479 -0.0883580 0.4048928 0.5841090 0.1556439 0.2540375 0.6100540 0.3182837 -0.1182202 -0.2691488 -0.0502847 -0.0411652 -0.3303623 -0.1787740 -0.3541456 -0.2620589 -0.1627852 0.1015514 0.2879064 0.0597068 -0.4699851 -0.1120991 0.3522887 0.2914454 0.0110457 -0.2091412 -0.3772373 -0.2463232 -0.2440468 -0.4127563 -0.4437602 0.2309066 0.0480042 -0.2987785 -0.2184873 0.2326074 -0.0543817 0.0067727 0.1650969 -0.0069023 0.1195190 -0.1338413 0.0569979 0.1766175 -0.1950385 0.0327421 -0.1022542 0.0377582 0.2815792 0.1154091 -0.3491026 0.0119048 0.1264523 0.1621399 0.1672592 -0.1272760 0.0362063 -0.0115911 0.4030811 0.0833776 -0.0808233 0.4711369 0.2425440 0.0164735 0.0783332 0.0687515 0.3807897 0.3853761 0.3568710 0.3993669 0.6535293 0.1480647 0.2923819 0.2699673 0.2920247 0.3318322 0.2119184 0.2857708 0.4601722 0.3299804 0.2832522 0.0947582 0.5009273 0.3596720 0.3197145 0.3043856 0.5414575 0.2151580 0.2946435 0.2791357 0.5707426 0.2615706 0.4528793 0.2749299 0.1981495 0.3155549 0.4373748 0.3175820 0.1666717 -0.3857474 0.0737525 0.3417978 -0.1885861 -0.1147945 -0.1220393 0.2608768 0.1700126 -0.3556861 -0.2602413 -0.3617809 -0.4185598 -0.3630772 0.6615974 -0.1479899 0.5241715 0.5216955 0.5847973 -0.0976316 0.5930464 0.4489233 0.1387437 0.1822028 0.1818296 0.1367429 0.3131058 0.3962011 0.0942830 0.2234054 -0.2204773 -0.2890149 0.2057781 0.0078239 -0.0992329 0.3106662 0.3190893 0.1715775 -0.2004718 -0.3885846 0.0516037 -0.3028006 0.2782351 0.7257365 -0.0795644 0.3513499 0.4180200
