0.0000000 0.4565784 0.4980305 0.0836012 0.2168693 0.0177892 0.2241217 -0.0034053 0.1037714 -0.0715709 -0.2500231 0.1636161 0.0980469 0.0311239 0.2801820 -0.2839225 -0.0642630 0.0203630 -0.1456327 0.2672819 -0.0164864 0.5068528 -0.3067315 0.1584639 0.1454095 -0.1238922 -0.0175874 0.0661170 0.1652592 0.1636705 0.2999858 0.1680494 0.1119853 0.2096197 -0.2092190 0.0391131 0.0477127 -0.0454183 -0.0327981 -0.1398726 -0.0225353 0.0668137 -0.2805702 -0.0587545 0.1246996 -0.0562039 -0.1563076 -0.0598966 0.1523527 -0.0468506 -0.2053585 -0.2415242 0.1604880 -0.2553267 0.1170611 -0.0442717 -0.0136847 -0.1480078 0.1180596 -0.2464111 -0.0464943 -0.2546306 0.1897339 -0.0820243 0.1138625 -0.0392643 -0.2395570 -0.1699835 0.0248466 -0.1989405 -0.0936764 -0.0247431 -0.2730287 0.0183414 -0.0756145 -0.2481774 -0.1073838 -0.2895797 -0.2974396 -0.1707948 -0.4721789 0.1734476 -0.3036427 0.1276693 0.3905598 -0.2192190 0.4474803 0.2431029 -0.0621239 -0.0412754 0.3991638 0.2899874 -0.0216692 0.2979607 -0.1963445 0.1373192 0.0253887 0.1836546 0.1509323 0.4043721 0.0381191 0.1722205 -0.0731430 -0.1097114 0.1210524 0.3287687 0.0707360 -0.0413680 -0.0757431 0.1155179 0.1344202 0.0602423 0.4783401 0.1672452 0.4137393 0.2809523 0.1454978 0.4738824 0.3442271 0.3515743 0.4198152 0.2722793 0.1764487 0.5029528 0.2476709 0.3657606 0.3210167 0.0487634 0.2636955 0.3666752 0.3577688 0.0848342 0.1129999 -0.2052240 0.0912023 0.0273951 0.0938887 0.1333340 -0.0244309 0.2039612 -0.1454927 0.1892479 0.1242482 -0.0329355 0.0973948 0.1642826 0.0173480 0.0596520 0.2083520 0.1973166 -0.0933341 -0.0055547 -0.5095215 0.0982164 -0.0067756 0.0006727 0.3357201 -0.2094163 0.4368041 -0.0663330 -0.5020760 -0.2139892 0.2056499 0.3673127 -0.5521581 -0.1182456 0.2949575 0.4081692 0.5085661 0.0719016 -0.2178206 0.1827208 0.5024823 0.0749366 0.3602884 0.3162519 0.1952611 0.0578704 0.1114743 0.0384555 0.0850725 -0.0479143 0.1919391 0.0984337 0.2203539 0.0345851 -0.0120222 -0.0371720 -0.0117534 0.0056352 0.3241700 0.0199106 0.0197100 0.2871461 0.4824194 0.0721305 0.1192944 0.0547228 -0.3620251 -0.0077118 0.1774384 -0.0202258 0.1279428 -0.0984930 0.3693206 -0.2082467 0.0894891 0.0346671 0.0029946 -0.5247090 0.2820613 -0.0641036 0.3002012 0.0667984 -0.2482205 0.2216975 -0.3721553 0.0824785
0.4565784 0.0000000 0.8766361 0.8110240 0.5074722 0.7293291 0.6316256 0.7158790 0.4582817 0.3985951 0.3386595 0.7564757 0.7063868 -0.1149872 0.2981716 0.3435714 0.1599202 -0.5133699 0.6392866 0.4435478 0.7672398 0.7353080 0.2646514 0.0939230 0.6263213 0.5683526 -0.5707155 -0.1871676 0.4982701 -0.3817054 0.6983813 0.6756738 -0.0632916 0.1957360 0.4301087 0.4354507 0.5962533 0.6545068 0.3020984 0.4350294 0.6870114 0.5861876 0.1964426 0.3075063 0.4706716 0.5654512 0.5723140 0.6562891 0.2619199 0.5250038 0.4976504 0.3607279 0.4430226 0.3974888 0.5301540 0.4603057 0.6404436 0.4595409 0.5784123 0.4611763 0.6378397 0.4316437 0.4307323 0.5393325 0.7527419 0.5352523 0.3717728 0.3777744 0.4924735 0.4662354 0.4950829 0.6547216 0.3653005 0.7570940 0.4335717 0.5940833 0.6965949 0.2318284 0.4875022 0.6904647 -0.0228566 -0.0926679 -0.6177537 -0.6107244 0.1733716 -0.4120799 -0.2853187 0.0363361 -0.3069152 -0.4288991 0.2101560 -0.0547777 -0.5383471 0.4717656 -0.1158637 -0.0947936 -0.1120708 -0.4386207 -0.0828732 0.3228067 -0.4816276 -0.3735473 -0.4537201 -0.0065645 -0.1826401 -0.1396690 -0.4957481 -0.6022815 -0.3162492 -0.2951321 -0.1836159 -0.1944788 0.1608805 -0.2799195 0.1131196 -0.2908647 -0.3819305 0.2630622 -0.0089948 0.0477240 -0.1024819 -0.3333438 -0.5774529 0.3891075 0.1318931 0.1195281 -0.4037716 -0.3441446 0.3417784 -0.1062517 0.0074388 -0.4442571 -0.3505288 0.3633407 -0.2312405 -0.2711960 -0.2053564 0.2116535 -0.1175362 0.2028051 -0.4999767 0.0995705 -0.2833117 0.1896801 -0.0272290 0.1891007 -0.1114793 -0.0907919 -0.3418381 0.2508082 0.0272374 -0.1447046 -0.3862398 -0.2425146 -0.0765029 -0.3069877 -0.1127311 -0.0604889 -0.1233320 -0.3578830 -0.3229225 -0.2025818 -0.0485833 -0.2143462 -0.6704510 -0.1897316 0.2038004 0.0914376 0.1865437 -0.3576765 -0.2532012 -0.2792860 0.2771441 0.4177997 0.8012783 0.8115785 0.6624141 0.0765203 0.6533677 0.4028136 0.5515361 0.3844576 0.5183823 0.3732692 0.6351887 0.6353379 0.5603702 0.6803891 0.6547939 0.6981851 0.2256629 0.8027719 0.3965932 0.2012194 0.3401055 0.2662259 0.2805629 0.3234280 0.4052466 0.1793611 0.1065499 -0.1311381 0.5966184 0.2972545 0.0725180 -0.2972280 -0.2828137 0.4977193 -0.0513039 -0.0012830 0.1898026 0.3650175 -0.0022089 0.2645791 0.0930336 0.0997256 -0.0925859 0.4214608
0.4980305 0.8766361 0.0000000 0.6916326 0.6076785 0.5859357 0.5044274 0.6431040 0.2996452 0.2396892 0.2100390 0.6310101 0.7125620 -0.1340937 0.2302858 0.2852010 0.1508344 -0.4244463 0.5870616 0.4262109 0.6376597 0.7344078 0.1609208 0.0185819 0.5814748 0.4171657 -0.5189271 -0.2540441 0.3678093 -0.4501544 0.6690488 0.5299022 -0.1124752 0.0896749 0.2375160 0.4755721 0.4328714 0.5594519 0.1247576 0.2587867 0.5942337 0.5549366 0.0678057 0.1539093 0.3093012 0.5396898 0.4528981 0.5410052 0.2656648 0.5540601 0.3718875 0.1761078 0.3009923 0.2945823 0.4745800 0.5304181 0.5969095 0.3975088 0.7153433 0.3764756 0.5619635 0.2043544 0.4411545 0.4233161 0.6560413 0.5926144 0.3651291 0.2003895 0.6288291 0.3763007 0.5468101 0.5464971 0.2775132 0.6316903 0.5201640 0.4498802 0.5295472 0.3264207 0.4378589 0.5843964 0.0703419 -0.2196751 -0.6381669 -0.5158613 0.0777206 -0.2958041 -0.2351234 -0.1443570 -0.4306978 -0.5749745 0.0731854 0.0648282 -0.3805168 0.4010866 -0.2450105 -0.1662239 -0.0172205 -0.2553709 -0.0684977 0.4956637 -0.4352673 -0.1953607 -0.1221732 0.2481133 -0.0214307 -0.2415284 -0.2235089 -0.2653037 -0.1394851 -0.1809459 -0.1372950 0.0639121 0.2811423 -0.3315854 0.1479724 -0.3469404 -0.4663503 0.1473324 -0.0849172 0.0752304 -0.1403238 -0.3736269 -0.3413337 0.3546936 0.1763611 0.0897889 -0.3332811 -0.1314269 0.3018455 -0.0462559 0.0387331 -0.4193072 -0.2376907 0.4213088 -0.2764104 -0.1478683 -0.1347034 0.2667032 -0.1628353 0.2727613 -0.7222028 0.1967981 -0.0528386 0.1749704 -0.0148218 0.1919861 -0.0768353 -0.0265209 -0.3922493 0.3693081 0.1186479 -0.0183528 -0.3459897 -0.2593396 0.0532733 -0.1047535 -0.0048003 0.0475567 0.0505243 -0.1895114 -0.3578410 -0.0529033 0.0615084 -0.1381863 -0.6139219 -0.0125059 0.1857653 0.0671823 0.1383140 -0.2324758 -0.2840564 -0.3144052 0.2248870 0.4539862 0.6550785 0.7558661 0.5779417 0.1066462 0.6113793 0.4386003 0.5036536 0.3788720 0.5810204 0.4053367 0.7071554 0.5967528 0.5679092 0.6212293 0.5364381 0.5704626 0.3511293 0.6627683 0.3258136 0.3343310 0.3800083 0.3574422 0.3520668 0.3756830 0.4507840 0.1771116 -0.0379633 -0.2344205 0.6016676 0.4032015 0.1272331 -0.0301268 -0.1389522 0.3241035 -0.2141245 -0.0463814 0.2715086 0.4161080 0.1255604 0.3825427 0.2111119 0.0872386 -0.1539322 0.3068572
0.0836012 0.8110240 0.6916326 0.0000000 0.3554017 0.9516772 0.6262958 0.8853208 0.7086224 0.6814268 0.6269595 0.7891229 0.7689344 0.1302260 0.3861837 0.5161888 0.3952411 -0.4067311 0.7082107 0.5473518 0.8171140 0.6675651 0.5210048 0.2091180 0.6018286 0.7251607 -0.4833650 -0.0115809 0.6630763 -0.2925628 0.7350818 0.6856901 0.0705494 0.3331570 0.6179852 0.3609468 0.6197901 0.7760205 0.4973898 0.6738352 0.7764087 0.7310419 0.3789454 0.6127859 0.6474371 0.6456833 0.6917771 0.7895844 0.4469607 0.6678303 0.6501547 0.5941258 0.5963883 0.5809959 0.6639564 0.5918150 0.6983050 0.7235920 0.5911374 0.6486500 0.8607665 0.6459230 0.4673787 0.7683882 0.9383980 0.6200290 0.5517078 0.6375995 0.6097366 0.7076033 0.6257532 0.9187934 0.6315483 0.9162887 0.5041433 0.8483956 0.8599516 0.4329843 0.7892229 0.8341582 0.2185802 -0.1019713 -0.5743712 -0.6926663 0.1336688 -0.4756913 -0.6453464 -0.0097635 -0.4190510 -0.4239706 0.0138442 -0.1955647 -0.6850969 0.5264597 -0.0945384 -0.0778607 -0.2363304 -0.5819759 -0.0424229 0.3012555 -0.5950188 -0.5035524 -0.4850383 0.2400791 -0.3669885 -0.3029778 -0.6039627 -0.6465522 -0.5369547 -0.3929647 -0.4392504 -0.4113635 -0.0741798 -0.4580806 -0.2132895 -0.5154536 -0.5315858 -0.0149936 -0.2099814 -0.3668309 -0.3757796 -0.5257879 -0.7543859 0.1952382 -0.1439655 -0.1507839 -0.6480307 -0.5418415 0.0770499 -0.2451469 -0.2017644 -0.6632693 -0.4451063 0.4571487 -0.4932420 -0.4498553 -0.2411815 0.0330553 -0.1909237 -0.1880239 -0.6155707 -0.1521661 -0.4243184 -0.1378696 -0.1695687 0.3013442 -0.2081199 -0.2425887 -0.5309443 -0.0229588 -0.2173959 -0.4792538 -0.2840863 -0.4629780 -0.1851654 -0.5935425 -0.4353399 -0.1458584 -0.2527081 -0.5842734 -0.0970168 -0.3008485 -0.3203259 -0.5348782 -0.4652529 -0.3367963 -0.1143184 -0.2444903 -0.0904612 -0.5569654 -0.2232424 -0.4027088 0.1261252 0.4188413 0.6956893 0.6409383 0.3900759 -0.2574966 0.3608477 0.0588998 0.3594593 0.2313504 0.3826899 0.2627419 0.5303589 0.8187435 0.6342079 0.7145633 0.6540912 0.7386613 -0.1991266 0.8445568 0.2659847 -0.2321329 -0.0963790 -0.0926257 -0.0905869 0.1000576 0.5084523 -0.1143704 -0.1538639 -0.2657788 0.7941757 0.1004888 -0.0150926 -0.2624255 -0.4937197 0.5190102 -0.1840216 -0.0163377 0.0425315 0.0971762 -0.2201059 -0.0334411 0.0340977 0.0363118 0.2938626 0.3967351
0.2168693 0.5074722 0.6076785 0.3554017 0.0000000 0.2779586 0.2184649 0.2995862 -0.0156154 -0.0488028 -0.0245991 0.3729726 0.4649181 -0.1598906 0.0072011 0.0329760 -0.1164407 -0.3609902 0.2429675 0.2273216 0.4250944 0.2643786 -0.0668929 0.0641725 0.2113209 0.0700324 -0.6408308 -0.0823641 0.0634778 -0.2719887 0.3398351 0.1912898 -0.0112139 -0.0561550 0.0441463 0.0889926 0.0137855 0.3699218 0.0364260 0.1292373 0.4585896 0.1689632 -0.1065838 0.1079482 0.0321534 0.3200256 0.2141704 0.4388798 0.0223378 0.4549040 0.1753535 -0.0691682 0.0242727 -0.0064027 0.6542017 0.4843459 0.3635845 -0.0456429 0.4234514 0.2206358 0.2102079 -0.0288950 0.7630812 -0.0098287 0.2822381 0.4562983 0.2172222 -0.1591420 0.5419698 -0.0168219 0.3613352 0.1475423 0.0166948 0.2678803 0.3595072 0.0929537 0.2599834 0.0670519 0.0547707 0.3329790 -0.1290925 -0.2844025 -0.4643032 -0.5693000 -0.4482274 -0.3951058 -0.1089454 -0.3228462 -0.4760630 -0.7275829 0.1347268 0.0095542 -0.0600620 -0.0214278 -0.3783241 -0.2526388 0.2767688 0.0648485 -0.4525260 -0.0228487 -0.6133209 -0.0665252 -0.1617959 -0.0774629 0.1597180 -0.4737783 -0.3683695 -0.1919188 0.0503622 -0.2176224 -0.2687158 0.0121142 0.1881772 -0.3251618 0.1207172 -0.3165283 -0.3884332 0.1107595 -0.1398797 0.0884153 -0.2726726 -0.3315745 -0.1238541 -0.0787553 0.2155079 0.0420683 -0.3916356 -0.0844033 0.2497059 -0.3118798 -0.1489625 -0.3389557 -0.2865560 0.0577904 -0.2596206 0.0131704 -0.3240398 0.2697040 -0.1092379 0.3418764 -0.5552047 0.1541676 -0.1863190 0.4671750 0.0586677 -0.0067388 -0.0211319 0.0027061 -0.4823586 0.1097011 0.0608235 0.1218634 -0.1932953 -0.0867739 -0.1857096 0.1488100 -0.1466223 0.0969826 -0.3648029 -0.1708381 -0.5963814 -0.1655647 0.0022632 -0.1476807 -0.6843626 0.0055901 0.0130084 -0.1965017 -0.3339641 -0.3700110 -0.7438179 -0.6796252 -0.0016207 0.1275946 0.3600681 0.5784449 0.5758683 0.2310629 0.5223320 0.3636695 0.2465875 0.1033726 0.1969079 0.0596207 0.4553422 0.2895846 0.3408687 0.4970047 0.4373454 0.4747595 0.4539668 0.4159825 0.2119216 0.5089930 0.3238759 0.5205878 0.4802611 0.2330704 0.2775312 0.1970761 0.1136380 -0.0274794 0.0688495 0.5305287 0.4699885 -0.2325411 -0.0275295 0.2052223 0.0898868 0.4043807 0.1679122 0.5438473 0.3925291 0.4819523 0.2160282 -0.1542336 -0.3087717 -0.1518608
0.0177892 0.7293291 0.5859357 0.9516772 0.2779586 0.0000000 0.7631395 0.7841330 0.8209426 0.6942401 0.5576461 0.8537773 0.6406609 0.2120667 0.4730314 0.4290083 0.4081506 -0.3897863 0.6188209 0.4683291 0.8358982 0.6442523 0.4614713 0.3272053 0.5527372 0.6487818 -0.4512113 0.0891379 0.7524853 -0.2548502 0.7175792 0.6643902 0.1822291 0.4622127 0.5088120 0.3242784 0.5089927 0.7424197 0.5005980 0.6951841 0.7785030 0.7884784 0.3263303 0.7541295 0.7641611 0.5742627 0.5860091 0.7879307 0.5837346 0.6239138 0.5182330 0.5933536 0.7177301 0.5555388 0.6578506 0.5004716 0.5457610 0.7706685 0.5437671 0.5352027 0.9075738 0.5802178 0.5003667 0.6998459 0.9103505 0.4803532 0.4328574 0.6024176 0.4992206 0.6408747 0.4934220 0.8811169 0.5521623 0.8674208 0.3902329 0.8341067 0.8257965 0.2970445 0.7574741 0.7942324 0.1368558 -0.0026879 -0.4969230 -0.6160882 0.1450288 -0.4476175 -0.5280160 0.0816034 -0.3355370 -0.3394045 0.1441813 -0.1067336 -0.5814474 0.6197558 0.0120086 0.0287144 -0.2473218 -0.5056327 0.0125926 0.3292022 -0.5314692 -0.4394148 -0.5216743 0.2342268 -0.3112539 -0.1840049 -0.5911343 -0.6038243 -0.5375567 -0.3061528 -0.4736738 -0.4934131 0.0413791 -0.3132284 -0.1699204 -0.3566687 -0.3574590 0.0889801 -0.0809799 -0.3086333 -0.2681724 -0.3872053 -0.7914025 0.2264990 -0.1131191 -0.0932966 -0.5912146 -0.5786656 0.0821004 -0.1917672 -0.1601816 -0.7457751 -0.4926838 0.3306989 -0.5987923 -0.4265732 -0.2603838 0.0420905 -0.1370503 -0.2296498 -0.5250147 -0.1728556 -0.5934835 -0.2093087 -0.1654128 0.2619390 -0.2139556 -0.2555797 -0.6114134 -0.1328936 -0.3150160 -0.5620119 -0.2360034 -0.5071592 -0.1491844 -0.7378514 -0.5255703 -0.1255467 -0.3975387 -0.6753981 0.0248220 -0.2884089 -0.4630111 -0.5525412 -0.3583566 -0.3809669 -0.1883278 -0.3097036 -0.0673399 -0.5102807 -0.1190368 -0.3711908 0.0054143 0.2879222 0.6978728 0.5932541 0.3871911 -0.3005994 0.3089080 -0.0357292 0.3635283 0.2252411 0.3324693 0.2625119 0.4821496 0.7755129 0.6353629 0.7144512 0.7056982 0.7892420 -0.2120881 0.8465455 0.3299322 -0.2983827 -0.0818694 -0.1153146 -0.0606666 0.1549603 0.4353430 -0.1079099 -0.1216625 -0.2280946 0.7457776 0.1093477 0.0449829 -0.3577944 -0.4603396 0.6161996 -0.2018997 0.0033112 0.0004635 0.0673635 -0.1682909 -0.0347664 0.0439639 0.0966388 0.3276574 0.4230895
0.2241217 0.6316256 0.5044274 0.6262958 0.2184649 0.7631395 0.0000000 0.3777433 0.6995811 0.2918517 0.0169304 0.9279979 0.2772902 0.2513178 0.6495489 -0.0382589 0.1066956 -0.1602472 0.2652736 0.2713158 0.7117217 0.5834984 -0.0519209 0.5236994 0.3144781 0.2735860 -0.3263966 0.3016360 0.7213071 -0.0993400 0.5780635 0.4128842 0.4161307 0.6122863 0.0502078 0.2265512 0.1820328 0.3524313 0.2042079 0.4010751 0.4458460 0.7157967 -0.1216184 0.7646539 0.7991119 0.1708002 0.1291913 0.4108653 0.7091710 0.2258061 0.0142152 0.2338725 0.7963300 0.1680145 0.3473056 0.0613650 0.1189679 0.4607498 0.4192245 0.0242504 0.7668350 0.1065818 0.3367536 0.2769991 0.6739447 0.0478705 -0.0959357 0.1038621 0.0676298 0.1447192 -0.0093434 0.5197302 0.0281607 0.5872830 -0.0561220 0.4361613 0.5041826 -0.2231286 0.3045884 0.5068966 -0.2500455 0.0588347 -0.2221633 -0.2484953 0.0879521 -0.2874271 -0.1622941 0.3064713 -0.0953321 -0.2138545 0.3502703 0.1408152 -0.3650044 0.6249011 0.1377248 0.2223750 -0.3046556 -0.3255038 0.2643428 0.4969161 -0.3153229 -0.3129386 -0.5307772 0.1207491 -0.1651253 0.0736608 -0.5039347 -0.3549566 -0.4664717 -0.0313441 -0.4294178 -0.5271278 0.3488279 -0.0814088 0.0361346 -0.0274379 -0.1012941 0.2816199 0.0793934 0.0116685 -0.0310248 -0.0880060 -0.6465250 0.3104691 -0.0160263 0.1063689 -0.4010846 -0.4882466 0.1219168 -0.1431465 -0.1337146 -0.6394916 -0.6383688 -0.0557616 -0.5888523 -0.4328153 -0.4183611 0.0299266 -0.1973242 -0.0266228 -0.3632191 -0.0778077 -0.6521008 -0.1920334 -0.2754766 -0.1389803 -0.2115152 -0.1040445 -0.4241142 -0.1186753 -0.3677684 -0.3658349 -0.3549736 -0.4485618 0.0958403 -0.7004291 -0.3209053 -0.2191735 -0.3044445 -0.6791724 -0.0081007 -0.2584724 -0.6328912 -0.3258331 -0.3491145 -0.4695510 -0.1324088 -0.0499687 0.1936642 -0.3224860 0.0388559 -0.0520454 -0.1618171 -0.0017817 0.7988613 0.6920770 0.5778816 -0.1196130 0.4120710 0.0510184 0.4203104 0.2753271 0.3715613 0.3931129 0.4013939 0.5261486 0.4585086 0.5733818 0.6745122 0.7469916 0.1542776 0.6882572 0.4052150 -0.0185006 0.2659385 0.1422268 0.3201110 0.4169214 0.1606881 -0.0270347 0.0512307 -0.1989928 0.5495012 0.1739762 0.1854588 -0.4497221 -0.2512856 0.6651285 -0.2556498 -0.0275610 0.0613749 0.2622784 0.1189267 0.2863751 0.2232975 0.2110627 0.1703400 0.5097902
-0.0034053 0.7158790 0.6431040 0.8853208 0.2995862 0.7841330 0.3777433 0.0000000 0.4368912 0.7162638 0.8193790 0.5732608 0.9424919 -0.0598920 -0.0118352 0.8039555 0.5345140 -0.4838977 0.9071587 0.5933334 0.7042259 0.6670929 0.7855495 -0.2185114 0.7690262 0.8653306 -0.3702796 -0.3603406 0.3143384 -0.4590882 0.7408944 0.7110840 -0.3177417 -0.0774357 0.8249264 0.4158638 0.7864088 0.8516757 0.6159475 0.7549974 0.7686922 0.4895312 0.6749349 0.3181130 0.2876620 0.8528172 0.8706111 0.7384754 0.0551621 0.8337439 0.8520097 0.7956189 0.2091267 0.7467340 0.5904440 0.8006931 0.8841841 0.6847952 0.5645429 0.8637889 0.6895154 0.8046985 0.3493302 0.8943198 0.8429651 0.8001541 0.7862800 0.7477789 0.7755246 0.8658973 0.8227422 0.9323293 0.8099389 0.9495688 0.7460972 0.9008648 0.9389283 0.7309668 0.8888067 0.9073752 0.5521172 -0.1639848 -0.4716770 -0.6820906 0.2658463 -0.1461537 -0.7282534 -0.1760427 -0.1631046 -0.3269911 -0.0246068 -0.3276511 -0.7170169 0.2878198 0.1363076 -0.1360444 -0.2253521 -0.5824504 0.0526076 0.1630185 -0.3986231 -0.3313820 -0.2054102 0.2428650 -0.4246906 -0.3587445 -0.3332602 -0.5692740 -0.4207793 -0.3806571 -0.1444407 -0.2230677 -0.3301696 -0.5818359 -0.2676495 -0.5943483 -0.6232575 -0.1676413 -0.3713601 -0.4391701 -0.4660717 -0.5423246 -0.6264534 0.0527064 -0.3288671 -0.3192672 -0.5650882 -0.3867902 -0.1134925 -0.2744408 -0.3319647 -0.5217984 -0.3190331 0.7087895 -0.3105525 -0.3507816 -0.2656766 -0.1591680 -0.3474958 -0.2879171 -0.5758808 -0.3465379 -0.2389282 -0.0833713 -0.2043970 0.3404149 -0.3818511 -0.4308375 -0.5028055 -0.0411380 -0.0716789 -0.2683743 -0.3756564 -0.4195919 -0.3399914 -0.3309673 -0.4041528 -0.0614932 -0.2074228 -0.4078520 -0.1132642 -0.2939142 -0.0094277 -0.5597998 -0.4773573 -0.0786107 -0.0664784 -0.2515651 -0.2502391 -0.5825970 -0.1811230 -0.4694637 0.2113170 0.6076334 0.6008832 0.5826768 0.3568786 0.0233160 0.3567821 0.1681967 0.4408933 0.4155368 0.4457759 0.3672609 0.5877291 0.8472295 0.7251221 0.7326512 0.6871119 0.7136595 -0.1799486 0.8445153 0.3785376 -0.1970732 -0.1665977 -0.0635819 -0.1007904 0.1298485 0.7205109 -0.1919629 -0.1780909 -0.4042787 0.6882092 0.2647718 -0.2816440 -0.0990469 -0.6885981 0.4723703 -0.2101135 0.0321064 -0.1700228 0.2087854 -0.4876004 -0.0692408 -0.0499162 -0.0106365 0.3869588 0.4927994
0.1037714 0.4582817 0.2996452 0.7086224 -0.0156154 0.8209426 0.6995811 0.4368912 0.0000000 0.6582347 0.3426785 0.6375310 0.2853510 0.5302263 0.6821995 0.1454969 0.4105818 -0.0520355 0.2694844 0.4142183 0.4709363 0.6018646 0.2091039 0.5999476 0.3917815 0.4659575 -0.1874314 0.3907409 0.8017221 0.1711306 0.5872657 0.6299210 0.4707655 0.7476383 0.2980176 -0.0401452 0.3827142 0.5359722 0.4358580 0.5582826 0.5520144 0.6463932 0.0692874 0.8594776 0.8488009 0.3105685 0.3315830 0.5765417 0.8058392 0.3258044 0.2650350 0.3397490 0.8553948 0.3268208 0.4542566 0.2217752 0.2554790 0.6798508 0.2691960 0.2580630 0.7742251 0.3840183 0.3816333 0.4225691 0.7429504 0.2044908 0.2006256 0.4885242 0.2053164 0.3795718 0.2410941 0.6167156 0.3720791 0.5486405 0.1058841 0.5435267 0.4401449 0.0422520 0.5201799 0.3398519 -0.0189158 0.1175807 -0.3459042 -0.1985665 0.3100125 -0.4347682 -0.2759011 0.3160387 -0.3613519 -0.0898004 0.2272459 0.2094187 -0.2636660 0.6621445 -0.1518987 0.1713367 -0.0911426 -0.2738660 0.0103333 0.3774143 -0.3279792 -0.2557259 -0.4773148 0.2625969 -0.1339284 0.0663844 -0.4548746 -0.3734690 -0.5304683 -0.1411497 -0.6036028 -0.5795680 0.2254385 0.0517814 -0.2422637 -0.1642731 -0.1270061 0.1659905 0.0627403 -0.2194000 -0.0019264 -0.2138192 -0.5673262 0.3657700 0.0299136 0.0916509 -0.3506974 -0.4947040 0.1207460 0.0648937 0.0522166 -0.5475537 -0.3383136 0.0172502 -0.5254328 -0.3014478 -0.0450113 0.0980196 0.0441610 -0.2653362 -0.2269660 -0.0385327 -0.4947806 -0.3587285 -0.1074624 0.3871869 -0.0670670 -0.1017180 -0.2627722 -0.1860464 -0.5265512 -0.7651567 -0.1348280 -0.2813599 -0.0278446 -0.9300222 -0.3667411 -0.2405193 -0.1992434 -0.6647182 0.1329792 -0.2771554 -0.5933620 -0.2763254 -0.1581592 -0.5783897 -0.2506982 -0.1260376 0.2034506 -0.2919359 -0.0372565 -0.1012577 0.1270449 0.1226185 0.4359690 0.2395321 0.0267702 -0.5441765 -0.1148691 -0.4361069 -0.0108032 -0.1935365 0.0116689 -0.0508894 0.1906412 0.6012803 0.4019361 0.4617818 0.3530292 0.4875714 -0.4428187 0.4603265 0.1793510 -0.5003911 -0.1431859 -0.3426809 -0.2131981 0.0746889 0.1103606 -0.1481477 0.0774988 -0.1307619 0.6330255 -0.2052593 0.1083217 -0.3418783 -0.2274186 0.3813301 -0.0639178 -0.1417212 0.1373115 -0.3137869 0.0442903 -0.3462111 -0.1853057 0.0525263 0.3080031 0.2418331
-0.0715709 0.3985951 0.2396892 0.6814268 -0.0488028 0.6942401 0.2918517 0.7162638 0.6582347 0.0000000 0.8821366 0.2987851 0.6197078 0.4565121 -0.0083859 0.7094054 0.8594346 -0.2344072 0.6104658 0.4903041 0.3591818 0.5304022 0.7581642 -0.0239545 0.6305657 0.7632157 -0.0795443 -0.0654706 0.2751175 0.0084162 0.6237590 0.6812465 -0.1330408 0.1667030 0.7033912 0.0497170 0.6897511 0.7352878 0.9004531 0.8730230 0.6631239 0.2688366 0.6730412 0.4809163 0.3694293 0.6897395 0.6920898 0.6453184 0.1786607 0.6298729 0.6442887 0.7995908 0.3199966 0.6539230 0.5623029 0.6717086 0.5810350 0.6092739 0.1913050 0.6615615 0.5617507 0.7540905 0.4199794 0.7644558 0.6680250 0.4711633 0.6009452 0.7953090 0.5940808 0.7472774 0.5887597 0.7436724 0.7176473 0.6739330 0.6051859 0.7446734 0.6789229 0.5816532 0.7482503 0.5343303 0.5087226 -0.0494230 -0.3294710 -0.4153270 0.4266355 -0.0297978 -0.5105583 -0.1719986 -0.1127008 -0.1426382 0.1020896 0.0298347 -0.5218695 0.3340486 0.1088220 0.1536823 -0.1478963 -0.4600843 0.0408462 0.0827455 -0.0896211 -0.1565447 -0.1001859 0.3321030 -0.2421026 -0.1165884 -0.1678100 -0.4212284 -0.4609468 -0.1315228 -0.2306125 -0.2572125 -0.2978601 -0.3273315 -0.2370373 -0.4267842 -0.3711210 -0.0725829 -0.2273598 -0.4944158 -0.2811311 -0.4142222 -0.5214547 0.1598755 -0.3666599 -0.3623335 -0.3828985 -0.4584067 -0.2772937 -0.0919733 -0.2578586 -0.4307768 -0.2480106 0.4604211 -0.2682959 -0.3195388 -0.1610427 -0.3308075 -0.3000986 -0.5665496 -0.2222623 -0.4732823 -0.2897503 -0.3470756 -0.2773460 0.4423292 -0.4297558 -0.5005609 -0.2935282 -0.3850618 -0.3614295 -0.6777387 -0.3312990 -0.3616154 -0.4398382 -0.5727732 -0.3820940 -0.3032216 -0.2001975 -0.3895177 0.0418114 -0.3949662 -0.0984777 -0.3800623 -0.2368051 -0.3276747 -0.2707648 -0.2149772 -0.0786613 -0.4246046 -0.1113078 -0.2724642 0.5014065 0.6256110 0.4254967 0.2777041 0.1017472 -0.0409642 -0.0111832 -0.2102310 0.2509693 0.0856506 0.0196323 -0.0154879 0.2286822 0.6721549 0.5617957 0.5691770 0.4574752 0.5370079 -0.4881658 0.5454718 0.4336642 -0.4256478 -0.4072446 -0.2484071 -0.2199128 0.0774820 0.5281466 -0.3585869 0.0811861 -0.3592365 0.4858505 0.1103623 -0.1693902 -0.0590788 -0.7055669 0.3909151 0.0558835 -0.0302505 -0.3537995 -0.1663894 -0.2952563 -0.4369507 -0.4580232 0.1161257 0.4761695 0.2443163
-0.2500231 0.3386595 0.2100390 0.6269595 -0.0245991 0.5576461 0.0169304 0.8193790 0.3426785 0.8821366 0.0000000 0.1499972 0.7367434 0.0826167 -0.3169543 0.9137796 0.7500195 -0.3947710 0.7709963 0.4411858 0.3775006 0.3723489 0.9392950 -0.3884888 0.6306834 0.8090718 -0.1117749 -0.3952692 0.0471133 -0.2829399 0.4956883 0.5857944 -0.4619375 -0.2178982 0.8569175 0.2457233 0.7410529 0.7422337 0.8063500 0.8063873 0.6328710 0.1631625 0.8894364 0.1676294 0.0695514 0.7933824 0.8283001 0.6208083 -0.1661556 0.7159239 0.8364497 0.9050207 -0.0077095 0.7976183 0.4977174 0.7751522 0.7327155 0.5995939 0.1998888 0.8523148 0.4089248 0.8908988 0.2648299 0.8694954 0.5663673 0.6307596 0.7956236 0.8625971 0.6871755 0.8915651 0.7462757 0.7566480 0.8490508 0.6990132 0.7431217 0.8103442 0.7700439 0.8197688 0.8301823 0.6659137 0.7200932 -0.0604303 -0.2736159 -0.5297519 0.3411314 0.0794437 -0.6440108 -0.3248334 -0.0104781 -0.1042552 -0.0987371 -0.2687201 -0.5909389 0.1140002 0.2345787 0.0003434 -0.1251471 -0.5221398 0.0134892 -0.1201232 -0.0910951 -0.2077416 0.0029517 0.2505187 -0.3257426 -0.2366290 -0.1072696 -0.4772291 -0.2960838 -0.3016667 0.0187917 -0.0924130 -0.5528568 -0.4910739 -0.3050691 -0.5374788 -0.4651348 -0.2386625 -0.3565576 -0.5359682 -0.4029997 -0.4718290 -0.4343981 -0.0287749 -0.4305842 -0.4597590 -0.3933194 -0.3190006 -0.3085103 -0.1893197 -0.3110644 -0.3094935 -0.1150060 0.6880037 -0.0888014 -0.2188138 -0.1157677 -0.3332769 -0.2721230 -0.5164129 -0.2290332 -0.4979291 -0.1200286 -0.1677919 -0.1676152 0.4538214 -0.3784148 -0.4965365 -0.3196209 -0.2493086 -0.0810898 -0.3724567 -0.2034757 -0.2792524 -0.4787348 -0.2611341 -0.3502075 -0.0791720 -0.2052668 -0.1747455 0.0491874 -0.2774843 0.1685949 -0.4316616 -0.1839330 0.0005216 -0.1288010 -0.3053798 -0.3035087 -0.4335849 -0.0871188 -0.4010133 0.3898875 0.6629092 0.2741004 0.2053243 0.0648221 0.0731129 0.0694626 -0.0081282 0.2947173 0.2594136 0.1125300 0.0844166 0.2542897 0.6191198 0.5355231 0.5103157 0.4334476 0.4522333 -0.4587800 0.5595899 0.3431491 -0.3826837 -0.4651656 -0.2285425 -0.3047599 -0.0259187 0.6623399 -0.3035545 -0.0960690 -0.3119663 0.4307439 0.1818053 -0.3801458 0.0381434 -0.7427967 0.3126703 -0.0065707 0.0579745 -0.3800670 -0.0301649 -0.5661655 -0.3739194 -0.3373335 0.0126676 0.4589936 0.2509714
0.1636161 0.7564757 0.6310101 0.7891229 0.3729726 0.8537773 0.9279979 0.5732608 0.6375310 0.2987851 0.1499972 0.0000000 0.4504123 0.0585296 0.6047370 0.0948340 0.0268913 -0.3518911 0.4252941 0.3349333 0.8687637 0.5757332 0.0841240 0.4482336 0.3693404 0.3966666 -0.5247764 0.1981075 0.7602471 -0.2712491 0.6220632 0.4393631 0.3446140 0.5242615 0.2121153 0.3828151 0.2679264 0.4629439 0.1912472 0.4201680 0.5509786 0.8216604 -0.0223317 0.7130482 0.7809128 0.3065603 0.3014932 0.5307009 0.6151495 0.3613729 0.2160014 0.3023236 0.7548079 0.2427932 0.4486605 0.1948035 0.3170312 0.5074860 0.5870156 0.2225172 0.8527408 0.2324984 0.3623336 0.4190553 0.7789313 0.2457789 0.0984339 0.2154428 0.2141226 0.2963186 0.1826337 0.6728629 0.1996783 0.7481046 0.0907973 0.5942727 0.6794948 -0.0518026 0.4620048 0.7077192 -0.1783252 -0.0138875 -0.3463591 -0.5024656 -0.0135097 -0.4304801 -0.3419787 0.2472961 -0.1885414 -0.3214908 0.2654796 -0.0448169 -0.5093510 0.6107697 0.0877430 0.1025094 -0.3054455 -0.4166183 0.1222141 0.4461987 -0.4903613 -0.4316451 -0.6205783 0.0446535 -0.2439698 -0.1444672 -0.6419563 -0.5410453 -0.4441688 -0.2437033 -0.4385490 -0.5100063 0.1996005 -0.2779202 -0.0332488 -0.1967836 -0.2841293 0.1812262 -0.0378385 -0.0520576 -0.2003067 -0.2632878 -0.7357083 0.1826072 -0.0081084 0.1012748 -0.5504329 -0.4722000 0.2140932 -0.2839031 -0.1706353 -0.6863276 -0.6265957 0.1095365 -0.6010910 -0.4546138 -0.4091627 0.1274568 -0.1565699 0.0472818 -0.5129204 -0.0294323 -0.6331758 -0.0934783 -0.1912053 -0.1088505 -0.1569523 -0.0901846 -0.5584320 -0.0067237 -0.2437451 -0.2649768 -0.2901819 -0.4881505 0.0671696 -0.6037015 -0.3944932 -0.0918814 -0.3540125 -0.6803243 -0.0491307 -0.2139081 -0.5553907 -0.4391473 -0.4284748 -0.3542418 -0.0719599 -0.1533600 0.0602806 -0.4179043 -0.0331396 -0.1928037 -0.2217623 0.0573967 0.8114666 0.7637447 0.6232399 -0.1705203 0.5224484 0.1791708 0.4806464 0.3859532 0.5293290 0.5000857 0.5589772 0.6044607 0.5294981 0.6210847 0.7513840 0.7982356 0.1779842 0.8276500 0.3177955 0.0114699 0.2726554 0.1397624 0.2439564 0.3284141 0.2628176 0.0536072 -0.0873013 -0.1559259 0.6647506 0.1649790 0.1539913 -0.4864106 -0.2798497 0.7065254 -0.2698237 -0.0120304 0.1075413 0.3102216 -0.0106643 0.3280575 0.3072149 0.1687778 0.1156697 0.5226036
0.0980469 0.7063868 0.7125620 0.7689344 0.4649181 0.6406609 0.2772902 0.9424919 0.2853510 0.6197078 0.7367434 0.4504123 0.0000000 -0.1070501 -0.1654421 0.7816076 0.5287539 -0.4427215 0.9043024 0.6181972 0.5824919 0.7195505 0.7274959 -0.3498210 0.8244774 0.8098427 -0.3409351 -0.4754576 0.0983510 -0.4582438 0.7618810 0.7230900 -0.4468622 -0.2522743 0.7858232 0.3083873 0.7777266 0.8641342 0.5761497 0.7065508 0.7596293 0.2904165 0.6332985 0.1672792 0.0753632 0.9023455 0.8647853 0.7048114 -0.0903114 0.8999270 0.8385753 0.7076699 0.0059163 0.7163855 0.6250653 0.9031635 0.9264533 0.5633188 0.5304463 0.8647010 0.5219531 0.7234362 0.4531122 0.7664900 0.7258359 0.8753100 0.8147883 0.6088178 0.8696928 0.7609542 0.8867673 0.7935121 0.7418933 0.8381477 0.8217277 0.7507880 0.8273514 0.7533964 0.7732896 0.8169460 0.5921718 -0.2513995 -0.5507588 -0.6581019 0.2397718 -0.0897785 -0.6293925 -0.2738755 -0.2121742 -0.4628952 -0.0164736 -0.2511770 -0.6014841 0.1666900 0.0304205 -0.2557727 -0.0856630 -0.4665716 -0.0224674 0.1444064 -0.4024421 -0.2116766 -0.0658402 0.2738680 -0.3276842 -0.3614878 -0.2221691 -0.4365056 -0.3445101 -0.3278314 -0.0973331 -0.1263826 -0.2597186 -0.5466622 -0.2381847 -0.5917872 -0.6288193 -0.1807409 -0.3734298 -0.3832709 -0.4330486 -0.5060752 -0.4652832 0.0919950 -0.2824618 -0.3330572 -0.4887308 -0.2988032 -0.1263627 -0.2095020 -0.3238986 -0.4355484 -0.2775484 0.6808388 -0.2544985 -0.2657555 -0.3155765 -0.1568776 -0.4083223 -0.2116714 -0.6214137 -0.3117517 -0.0814932 0.0356938 -0.2214406 0.3501970 -0.4256181 -0.4523610 -0.4586678 -0.0249076 -0.0347830 -0.1708307 -0.4646304 -0.3443151 -0.3916725 -0.1707224 -0.2982223 -0.0570846 -0.1786083 -0.3050406 -0.2897649 -0.3205026 0.1179810 -0.4705767 -0.6041384 -0.0143438 -0.0739241 -0.1909641 -0.2959502 -0.5748270 -0.3544467 -0.5613551 0.3016735 0.6605288 0.5487121 0.5999552 0.3916207 0.1948986 0.3812323 0.2192291 0.4088883 0.3638946 0.3787846 0.2921038 0.5939723 0.8030753 0.7202781 0.7565944 0.6456454 0.6838631 -0.0641926 0.7641951 0.4215714 -0.0506185 -0.1073252 0.0634723 0.0470253 0.1889772 0.7767487 -0.1654601 -0.0486434 -0.4404534 0.5555543 0.4391167 -0.2521655 -0.0062014 -0.6437633 0.3500561 -0.1401314 0.1646387 -0.1378638 0.3315778 -0.3594612 -0.0010388 -0.1086897 -0.0712893 0.3308435 0.4236987
0.0311239 -0.1149872 -0.1340937 0.1302260 -0.1598906 0.2120667 0.2513178 -0.0598920 0.5302263 0.4565121 0.0826167 0.0585296 -0.1070501 0.0000000 0.3796405 -0.1480200 0.5109276 0.4955953 -0.2300833 0.2438056 -0.2373466 0.1481202 -0.0754886 0.5778018 -0.0298446 0.0843061 0.2150244 0.7009568 0.2204289 0.7432911 0.2403397 0.1037492 0.5624674 0.5876693 -0.0467771 -0.5829886 0.0124352 0.0150945 0.4449645 0.3493618 0.0208204 -0.0047582 -0.2063349 0.6133339 0.3969998 -0.1161303 -0.1165958 0.0167226 0.4898977 -0.0726048 -0.1758088 -0.0192250 0.4371339 -0.1775601 0.1246629 -0.0066065 -0.1511147 -0.0340624 -0.0313162 -0.1606347 0.2767761 -0.0845059 0.2383843 -0.0422225 0.2275432 -0.1605635 -0.1582827 0.0520961 0.0078061 -0.1103066 -0.1276429 0.0847712 0.0107215 0.0180702 -0.0416590 -0.0210185 -0.1129533 -0.1217734 0.0248484 -0.2121753 -0.0134608 -0.2410687 -0.0008075 0.1771677 0.0825797 -0.0751745 -0.1562684 0.0341180 -0.2268099 -0.1490502 0.0884373 0.4386612 -0.0973343 0.1960134 -0.2590707 0.2685262 -0.2021545 -0.1012697 0.0519298 0.2790521 0.0406625 0.0436996 -0.0168409 0.3955779 -0.0377008 -0.1031915 -0.0598861 0.1778694 -0.4848096 0.2780461 -0.6077640 -0.3064408 0.0040479 -0.0642365 -0.1950833 -0.1795483 -0.1807385 -0.1534892 -0.2035869 -0.4379109 -0.2395316 -0.2488600 -0.2318808 -0.0059844 -0.3397126 -0.2716069 -0.2495332 -0.3705505 -0.3854844 -0.1061860 -0.3223082 -0.2294897 -0.3275494 -0.2014206 -0.3884860 -0.4173221 -0.2019367 -0.3775672 -0.3851477 -0.5028296 -0.1085589 -0.3080901 -0.2113951 -0.6183476 -0.5338719 -0.0723289 -0.3694191 -0.2580298 0.0286031 -0.5096760 -0.6379950 -0.7908228 -0.3196027 -0.3623951 -0.1243923 -0.5581472 -0.2533014 -0.6927180 0.0656881 -0.4046466 0.0975070 -0.3291424 -0.5244881 -0.1490893 0.0245886 -0.7393209 -0.5816063 -0.0380550 0.1351193 -0.1713685 -0.1178661 0.1845497 0.2901081 0.1404054 0.1679611 0.0265912 -0.1350250 -0.2304964 -0.3820554 -0.5501992 -0.1937483 -0.4274134 -0.2864415 -0.2906214 -0.1263623 0.2456765 0.1380824 0.1495641 -0.0411771 0.0836286 -0.3845614 -0.1111598 0.1150011 -0.3093338 -0.3574245 -0.2325143 -0.0552509 0.0367208 -0.0281136 -0.4345448 0.1853524 -0.3683392 0.1433137 -0.2136705 0.2601773 0.1424596 -0.2393787 0.0438570 0.0951033 -0.1415289 -0.2926818 -0.4087401 0.3507170 -0.3343445 -0.3482144 0.1789173 0.3901377 -0.0653450
0.2801820 0.2981716 0.2302858 0.3861837 0.0072011 0.4730314 0.6495489 -0.0118352 0.6821995 -0.0083859 -0.3169543 0.6047370 -0.1654421 0.3796405 0.0000000 -0.4453544 -0.1750863 0.2225936 -0.2038019 0.0566447 0.3067973 0.2808739 -0.3854445 0.8866714 -0.0669669 -0.0368702 -0.1571671 0.6782639 0.8694724 0.3051772 0.1740487 0.1751062 0.8220946 0.9026245 -0.2210994 -0.0780187 -0.0863926 0.0001526 -0.1698957 -0.0772008 0.0611138 0.6737332 -0.5238448 0.6942335 0.8532057 -0.2486469 -0.1818063 0.1155353 0.8809343 -0.1621562 -0.2322189 -0.2936982 0.8804209 -0.3046420 0.0306706 -0.3472842 -0.1586025 0.2227255 0.2802191 -0.2825461 0.5951443 -0.2033016 0.0455707 -0.0639657 0.4709725 -0.1604492 -0.3090048 -0.0383640 -0.2444734 -0.1380116 -0.2421680 0.2325604 -0.1373592 0.2039821 -0.3783682 0.0824038 0.0195350 -0.4752016 0.0229374 0.0203220 -0.5486951 0.0207715 -0.1493597 0.0684325 -0.0083775 -0.5652835 -0.0115589 0.5194184 -0.3533267 -0.0340479 0.2298352 0.1527816 -0.0151432 0.4867506 -0.3151736 0.0744774 -0.2040382 0.0009673 0.0234696 0.4226715 -0.4186212 -0.1962119 -0.5142557 -0.0200661 -0.1339137 0.0024474 -0.4452574 -0.0956193 -0.3938544 0.0737385 -0.6143923 -0.4623350 0.4845563 0.2149548 0.0192667 0.1125279 0.0474496 0.2630668 0.2104140 0.0592053 0.1007714 0.0171674 -0.3949931 0.2334043 0.2226137 0.3276022 -0.1807658 -0.3368011 0.3249726 0.0423706 0.1639618 -0.3970170 -0.2567047 -0.3390794 -0.4830972 -0.2669065 0.0600808 0.2999090 0.1371918 0.0977446 -0.1629589 0.2677851 -0.4226171 -0.2733847 -0.0047080 0.0066470 0.1396448 0.1666831 -0.0712909 0.0769304 -0.4088149 -0.4344501 -0.0441711 -0.1554571 0.2417178 -0.6526080 -0.1757949 -0.2371034 0.0837837 -0.5854513 0.0863489 -0.0482490 -0.6931766 -0.1013481 -0.0595705 -0.5927303 -0.0730868 0.0949929 0.4082328 -0.0617117 0.0682180 0.2469484 -0.2178584 -0.2883609 0.3345296 0.1682396 -0.0020963 -0.6750019 -0.0878329 -0.3460584 -0.1922347 -0.2908370 0.0934814 0.0017671 0.1101449 0.2540423 0.0344963 0.0750550 0.0993336 0.1881659 -0.0830096 0.1616619 -0.1363369 -0.1963522 0.1723823 -0.2240583 -0.1205867 0.0049288 -0.3535649 -0.0028953 -0.1004500 0.0624385 0.4021872 -0.4785484 0.2961570 -0.3857831 0.2447864 0.1263332 -0.1853044 -0.3155254 0.3360909 -0.3443849 0.2399264 -0.0832269 0.1792252 -0.0324267 0.0033616 0.1248048
-0.2839225 0.3435714 0.2852010 0.5161888 0.0329760 0.4290083 -0.0382589 0.8039555 0.1454969 0.7094054 0.9137796 0.0948340 0.7816076 -0.1480200 -0.4453544 0.0000000 0.6929799 -0.4498862 0.8897919 0.3164416 0.3828017 0.3623449 0.9352218 -0.6028481 0.7147763 0.7972902 -0.1278127 -0.6621329 -0.1008707 -0.5228378 0.4135164 0.6073137 -0.6831105 -0.4472688 0.8426758 0.3629839 0.7870872 0.7582451 0.6815644 0.7042564 0.6256548 0.1150243 0.9256711 -0.0629025 -0.1175012 0.8616733 0.8745131 0.5805437 -0.3153560 0.7737927 0.8757165 0.8735725 -0.1952114 0.8198677 0.3504147 0.8130254 0.8099420 0.5783037 0.2691782 0.8760083 0.3425993 0.8708685 0.1478180 0.8276440 0.5175389 0.7373152 0.8486993 0.8093872 0.7468948 0.9015696 0.8050578 0.6750481 0.8388815 0.6792293 0.8465092 0.7818582 0.7521614 0.9019169 0.8215084 0.6917746 0.8276273 -0.1504087 -0.1534218 -0.4389883 0.2917840 0.3096629 -0.6104863 -0.4496114 0.1102968 -0.0657004 -0.0978549 -0.3295182 -0.4522503 -0.1024305 0.3389527 -0.0955754 -0.0455082 -0.4372937 0.0358276 -0.2205165 -0.0524346 -0.0643001 0.2148442 0.1919441 -0.2870716 -0.2999058 0.0872846 -0.2880918 -0.0866042 -0.1984892 0.2184491 0.1400670 -0.5208309 -0.4599371 -0.2109217 -0.5380853 -0.4918524 -0.2110962 -0.3978576 -0.3919103 -0.3900956 -0.4436626 -0.3359096 -0.0892967 -0.3697885 -0.4550679 -0.3257850 -0.1734860 -0.2682110 -0.2097523 -0.3169445 -0.2554933 -0.0394533 0.8372095 0.0355203 -0.0255709 -0.0643768 -0.2703037 -0.2947923 -0.3467625 -0.1871246 -0.4328171 -0.0340825 0.0784564 -0.0752447 0.4531387 -0.3812893 -0.4929196 -0.3019691 -0.0430536 0.1527037 -0.0911253 -0.1705248 -0.1199988 -0.4488139 -0.0280250 -0.2421332 0.0824358 -0.1553396 0.0085166 0.0450000 -0.1019856 0.3540955 -0.3606701 -0.1696991 0.2163423 0.0760534 -0.2262254 -0.3064753 -0.3357314 -0.0328068 -0.4454311 0.2951210 0.7113220 0.2552164 0.2267137 0.1486571 0.2806564 0.2121514 0.2067244 0.3858326 0.4085088 0.2110987 0.1767925 0.3456103 0.6509318 0.6110401 0.5937043 0.5045358 0.4748141 -0.2807177 0.5853062 0.5077296 -0.1901444 -0.3379020 -0.0163252 -0.1263687 0.1827595 0.7955169 -0.1927900 -0.1093105 -0.3135827 0.3098469 0.3891402 -0.5315150 0.1351590 -0.6728092 0.2292056 -0.1103000 0.1949163 -0.3892576 0.1963464 -0.6228081 -0.2093375 -0.1248961 -0.1530312 0.3720323 0.2972014
-0.0642630 0.1599202 0.1508344 0.3952411 -0.1164407 0.4081506 0.1066956 0.5345140 0.4105818 0.8594346 0.7500195 0.0268913 0.5287539 0.5109276 -0.1750863 0.6929799 0.0000000 0.0637285 0.5236586 0.2729296 0.0750039 0.4156537 0.6790306 -0.2086942 0.5756570 0.5882262 0.2455024 -0.1921455 -0.0193793 0.0308349 0.4168639 0.5421782 -0.2958937 -0.0466413 0.5377121 -0.0751058 0.5870370 0.5810175 0.8478924 0.7143045 0.4267888 0.0164873 0.6571727 0.2277191 0.0932276 0.6261567 0.5636404 0.3809905 0.0198014 0.6016931 0.4931279 0.6812700 0.0506560 0.5215592 0.3399712 0.6674760 0.4694226 0.4221625 0.0655715 0.5057504 0.3382499 0.5594479 0.3042637 0.6035354 0.4859314 0.3983424 0.5001203 0.6152285 0.6194497 0.6256979 0.5078106 0.5433939 0.5646917 0.4626431 0.6397267 0.5136794 0.4481859 0.5984812 0.5812114 0.3327865 0.6142498 -0.2538855 -0.1224632 -0.1017197 0.3873788 0.3149483 -0.4050984 -0.4219015 0.0135377 -0.1240575 0.0602023 0.0649963 -0.3380809 -0.0176708 0.1713779 0.0732221 -0.2068076 -0.3059004 0.1762301 -0.0190272 0.0776569 0.1124309 0.3383592 0.4170906 -0.2690038 -0.1414058 0.2442395 0.0460599 -0.3574639 0.2428850 -0.0719529 0.0296000 -0.2811846 -0.2833834 -0.1119889 -0.3853846 -0.3460432 -0.1574510 -0.3023721 -0.5331115 -0.3074239 -0.3031848 -0.3216379 0.0568020 -0.5252776 -0.6000889 -0.2339585 -0.4146012 -0.5513106 -0.0749405 -0.3922758 -0.4121026 -0.1798197 0.4466284 -0.2418734 -0.2457298 -0.1792452 -0.5537074 -0.5443251 -0.6756334 -0.1952513 -0.6282771 -0.1208631 -0.3890450 -0.4168482 0.3695410 -0.6416973 -0.6856120 -0.2054423 -0.4685018 -0.3786326 -0.5927259 -0.4681176 -0.3185652 -0.5802466 -0.3408634 -0.2569133 -0.4388434 0.0190692 -0.2055556 -0.0289023 -0.3852882 0.0503017 -0.2975501 -0.1735567 -0.2748166 -0.2981593 -0.1887860 -0.1301477 -0.3415578 -0.1367850 -0.2388542 0.5444387 0.7306423 0.3153703 0.1514570 -0.0035770 0.1677945 -0.1223174 -0.2397890 0.1487028 0.0079596 -0.1320859 -0.1416942 0.0962688 0.6105931 0.4861542 0.4924752 0.3668408 0.4288142 -0.4328674 0.3432160 0.5791549 -0.3098275 -0.5082470 -0.1674393 -0.1245999 0.2189865 0.5588383 -0.5608283 -0.0209723 -0.4900124 0.1876546 0.2377070 -0.2895400 0.1553636 -0.7061674 0.0964465 -0.1327890 0.0024313 -0.5810391 -0.1505872 -0.2977825 -0.4522464 -0.4585338 -0.0506358 0.5491375 0.1071884
