0.0000000 0.6050451 0.4555487 0.4118583 0.3349559 0.3273280 -0.0024412 0.3262762 0.0754954 0.1189810 0.1654448 0.2645942 0.3810554 0.2049071 0.2225106 -0.1944865 0.1649156 0.0941647 -0.2650966 -0.0026181 0.4154473 0.0060079 -0.3414939 0.1942588 0.2752242 0.0051780 0.0870238 0.0917056 0.3618936 0.1893576 0.0639578 -0.0051477 -0.1955424 0.0902094 -0.4399271 0.5158747 -0.0140012 0.1857600 -0.0176963 -0.1289263 -0.3075145 0.5254992 -0.3599683 0.0934162 0.3334206 -0.1515409 -0.2142082 -0.2917802 -0.2094886 -0.1515039 -0.3602407 -0.5154958 0.0655178 0.0989308 -0.0225941 -0.1420430 -0.0170295 0.1320331 0.4171079 -0.0631576 0.4280637 -0.1099426 -0.0583089 0.2996527 0.5551844 0.0228813 -0.0297591 0.1886977 0.0629911 0.3446405 0.2293072 0.5443576 -0.1015739 0.7295267 0.0437857 0.4798522 0.5344521 0.1615298 0.4028922 0.4833692 0.2109584 -0.1689780 0.1487632 0.0304985 0.0469882 -0.3930743 -0.1689746 -0.3715313 -0.3652135 -0.3472900 -0.4462507 -0.5604653 -0.3512408 -0.3067509 -0.5795483 -0.3711004 -0.3110021 -0.1541531 -0.4100829 -0.1531174 -0.2574619 -0.3910340 -0.0118854 -0.3463246 -0.3697664 -0.5281755 -0.5033697 0.0856516 -0.0284458 -0.1414908 -0.3552316 0.1995194 -0.0921220 -0.2899486 0.0736929 0.0129716 -0.1020685 0.1957164 0.0707856 0.0760547 -0.2219526 -0.2192898 0.0004820 0.1142299 -0.0572392 0.4509328 -0.2780319 -0.0518377 0.2499367 -0.0184750 -0.1841408 0.0798296 -0.2668650 0.2820904 0.1115228 0.2294690 -0.0569175 0.4242413 0.0120965 0.5128273 0.1349200 0.3332666 0.3184323 0.1517445 0.0850422 0.0241619 0.2470613 0.2439727 0.0274888 0.1283955 0.1848702 0.0958132 0.2893604 0.0670844 -0.4042504 0.0477490 0.0136116 0.1971488 -0.0183965 0.5623463 -0.3722897 -0.1100255 0.0254040 0.4401232 -0.2092146 0.0928327 0.0769917 -0.3003497 -0.0298527 0.0586853 -0.0810407 -0.4026866 0.5527020 0.5658929 0.5729055 0.4112826 0.5165136 0.5280099 0.5634924 0.6057231 0.2781556 0.6229693 0.5608745 0.5251578 0.5848740 0.5882352 0.2892328 0.1979552 0.7209071 0.5678285 0.2528604 0.4168573 0.4663831 0.3890463 0.4817082 0.3474482 0.3996851 0.5600847 0.4625555 0.3710860 0.1378450 -0.2359501 0.0497110 0.4419985 0.5830319 0.5642335 0.5958978 0.2921150 -0.2181450 0.0229038 0.1649267 0.4027082 0.3871541 0.6582929 0.2909310 0.0680034 -0.1359659 -0.2010533
0.6050451 0.0000000 0.7943310 0.8384554 0.3756545 0.8380514 0.3554935 0.6046300 0.6502364 0.6153182 0.4389264 0.7014299 0.2995576 0.4309291 0.6604798 -0.2181694 0.3359318 0.2914617 -0.1883784 -0.2951844 0.7130340 0.1976290 -0.3042893 0.4776027 0.0195004 -0.4904513 0.1164269 0.2155339 0.7489588 0.2026790 -0.1804065 -0.4269480 0.1550666 0.6119545 -0.3245347 0.6535489 -0.3260080 0.1000195 -0.2498195 -0.1703602 -0.0456894 0.6932898 -0.4438321 0.1130660 0.7424663 -0.5126129 -0.4199528 -0.1283449 0.2425337 -0.3531812 -0.2656900 -0.5948067 0.6367437 0.0535783 -0.1941626 -0.2996927 -0.2304731 0.3813525 0.6844685 -0.1785102 0.8585918 -0.1071297 -0.3357997 0.7593885 0.7713884 -0.2096101 -0.1455987 0.2659039 -0.3344019 0.7122430 -0.0871550 0.8058694 0.1160625 0.7483781 -0.5868833 0.7679407 0.8246485 0.1751651 0.5180759 0.6117289 -0.0846455 -0.0901741 0.1003143 -0.1781821 -0.0677828 -0.4330012 -0.5633121 -0.4284236 -0.4630579 -0.4060321 -0.4857317 -0.6102314 -0.3477555 -0.4777278 -0.4603384 -0.6027590 -0.4502461 -0.3335021 -0.5411446 -0.3507720 -0.3205891 -0.5058703 0.0491319 -0.5109018 -0.5073675 -0.3264521 -0.4418174 0.0439458 -0.3146610 -0.0875090 -0.4550172 0.2224867 -0.0623277 -0.2245989 0.1180186 0.0224901 -0.1198653 0.2237353 0.0248844 0.0761764 -0.2321349 -0.1262263 -0.2000009 -0.0199072 -0.1261149 0.5634440 -0.3146342 -0.1694539 0.3519471 0.1445892 -0.3076585 0.0233621 -0.2416375 0.3420604 -0.0499116 0.0241072 0.0468614 0.2989818 -0.2380142 0.4490646 0.0472943 0.2068905 0.1510075 -0.1575341 -0.1477564 0.0150814 -0.1565119 -0.0744723 0.2585048 0.0738932 0.0200832 -0.2769266 -0.0000440 0.0854686 -0.2465781 -0.2886994 -0.0587489 -0.1482732 0.4041907 0.4266942 -0.1594718 -0.0757719 -0.1396885 0.2834927 -0.3280360 -0.0982264 -0.0405633 0.1091261 0.3470851 0.0291896 0.0881024 -0.0984644 0.6090227 0.5799307 0.8564354 0.8210116 0.7308353 0.1910363 0.5499286 0.3250061 -0.0613949 0.4525379 0.6640357 0.4457733 0.3517729 0.3481832 -0.1548840 -0.3029684 0.6846427 0.6342709 0.0940961 0.6351710 0.4756975 0.2308680 0.4625037 0.4282240 0.5479464 0.4178790 0.1259621 0.5500432 -0.1655478 -0.3893592 0.0231240 0.3085400 0.1480109 0.0361529 0.5500359 -0.2597510 -0.5271397 -0.2953458 0.0737763 0.4406804 0.0881756 0.4787276 0.6302183 -0.4898656 0.1526960 -0.0211315
0.4555487 0.7943310 0.0000000 0.5812056 0.4599167 0.4810812 0.0196070 0.4517622 0.2850354 0.2377431 0.1427884 0.5808347 0.4212016 -0.1114139 0.3382186 -0.4871622 0.0347123 -0.0986274 -0.2348479 -0.1035222 0.6840316 -0.0572832 -0.4767146 0.1631929 -0.0941656 -0.5031395 -0.3150287 -0.2454696 0.5918322 -0.3360441 -0.2434774 -0.3816934 -0.0962419 0.3090600 -0.3487525 0.5941808 -0.3663330 0.1915348 -0.5517402 -0.5309117 0.1419174 0.5118089 -0.5634157 -0.2002332 0.5021774 -0.3899477 -0.5052004 0.1666041 -0.0488245 -0.4263775 -0.3213062 -0.6760230 0.3634351 -0.3573801 0.1838942 -0.0024753 -0.3586540 -0.0309603 0.4181022 -0.3250712 0.6820766 -0.4330383 -0.0304279 0.4568772 0.5345926 -0.2374793 -0.4652128 -0.1091257 -0.0791982 0.3604517 -0.2734154 0.6450759 -0.2433862 0.7399762 -0.4055927 0.4866948 0.6902138 -0.1150563 0.2111047 0.4339878 -0.2608803 -0.0793929 0.0009891 -0.0240788 -0.0910930 -0.1961837 -0.4194631 -0.1565544 -0.5157610 -0.4277803 -0.3487216 -0.3637444 -0.1929151 -0.1557980 -0.4292825 -0.4946121 -0.2075877 -0.3326558 -0.4913527 0.0033312 -0.3704630 -0.2164615 0.0024347 -0.1938157 -0.4665689 -0.3696106 -0.2881610 0.0654622 -0.3361688 -0.0444056 -0.4774933 0.0630747 0.1550031 -0.0044309 0.2627624 0.2803827 0.1805283 0.3540453 0.2825265 0.1747457 0.0088307 0.1673855 -0.1547988 0.3083247 -0.0289961 0.5336445 -0.1616274 -0.1710485 0.3562024 0.1449839 -0.2591138 -0.1406231 -0.3068560 0.3098730 -0.3917684 -0.0962447 -0.1019518 0.3163109 -0.2377066 0.4696799 -0.0166235 0.2170144 0.1222017 -0.1245804 -0.1422152 0.0090674 -0.1008848 -0.0145171 0.2869931 0.1182894 0.1028474 -0.2572870 -0.0363766 0.1415096 -0.1376685 -0.1563626 0.0814618 -0.2122358 0.5583669 0.3767835 0.1428178 0.0915886 0.0040870 0.2288075 -0.1040935 -0.0482472 -0.0035355 0.1340205 0.2753695 0.3383576 0.3402153 0.1465631 0.3726953 0.3592693 0.7296497 0.7207174 0.6475234 -0.0389355 0.5607661 0.3038260 -0.2516666 0.3946143 0.5019951 0.3630277 0.3994003 0.5022876 0.1075949 -0.0899646 0.6366313 0.5304944 0.1057276 0.4821871 0.2783292 0.1318989 0.3543384 0.4681506 0.5089784 0.3309049 -0.0171883 0.5451058 0.0979779 -0.2795025 -0.0260367 0.2677973 0.3202427 0.1438154 0.5725632 0.0152305 -0.2831255 -0.3247600 0.0558385 0.4160351 0.3126934 0.4952425 0.5301723 -0.2252204 -0.2235337 0.0905047
0.4118583 0.8384554 0.5812056 0.0000000 0.2404604 0.9290346 0.1929724 0.7916190 0.7942598 0.8101660 0.7544140 0.6561462 0.2335514 0.6420072 0.7279281 -0.0444784 0.4724053 0.5117090 -0.1008533 -0.3293289 0.7111175 0.1515583 -0.0815689 0.6420111 -0.0545972 -0.4065330 0.1952508 0.4851134 0.8655852 0.3919243 -0.2043283 -0.2592059 0.3549745 0.7615415 -0.1318520 0.6852553 -0.1798999 0.1839364 -0.0283006 0.1346599 -0.0048230 0.7721680 -0.2404711 0.2825945 0.8763833 -0.3598761 -0.2517855 -0.0027867 0.4276891 -0.1466166 -0.0039669 -0.2978934 0.7967455 0.2577139 -0.2879103 -0.1984243 -0.0890100 0.5263860 0.7256698 -0.0175621 0.8690945 0.0759354 -0.4521672 0.8714937 0.8386360 0.0042360 -0.0496173 0.4075775 -0.2845081 0.8342523 -0.0848821 0.8647168 0.3237351 0.7442111 -0.5824799 0.8246430 0.7847946 0.1010961 0.6077600 0.5520515 -0.2873944 -0.1074595 -0.1072428 -0.3613592 -0.2302516 -0.4701875 -0.6856950 -0.5629163 -0.5717872 -0.4306455 -0.4548484 -0.6115229 -0.2852490 -0.5617363 -0.4393064 -0.6794985 -0.6122667 -0.3007594 -0.5779324 -0.5045118 -0.4434592 -0.4535954 -0.0527997 -0.6225709 -0.6018982 -0.3695605 -0.4848387 -0.1617122 -0.4221622 -0.1237806 -0.5280784 0.1767443 -0.1258210 -0.2683344 0.1391657 -0.0777907 -0.2358254 0.2448120 -0.0929275 0.1143100 -0.2883850 -0.2118360 -0.2616205 -0.0949282 -0.2259144 0.4801760 -0.1719439 -0.2271588 0.2780484 0.0012266 -0.3909535 0.2482143 -0.0163128 0.3406339 0.0582016 -0.0630328 0.0290624 0.2212935 -0.2126924 0.3997959 0.0406675 0.1481969 0.0460452 -0.1775977 -0.0904371 0.0177630 -0.1746733 -0.1137548 0.3950314 0.1286831 -0.0524923 -0.3148160 -0.0497491 0.1322613 -0.1586776 -0.4360840 -0.0045257 -0.2003015 0.4655853 0.3192284 -0.1596212 0.0002932 -0.1542098 0.1768851 -0.2693810 -0.1479832 0.0346235 0.3506970 0.5273335 -0.0273585 0.2036466 0.1071317 0.6158690 0.6301308 0.7204572 0.7222034 0.6171858 0.1988212 0.5290142 0.3566052 0.0938621 0.4300676 0.6585202 0.4131051 0.3097792 0.2339037 -0.2368018 -0.3787099 0.5739350 0.5094007 0.1419446 0.5903125 0.2588026 0.1490422 0.4005363 0.3713388 0.4935069 0.2523514 0.0443153 0.4859471 -0.1046963 -0.3280910 -0.0293810 0.1894435 0.0770882 -0.1998780 0.5270713 -0.2798461 -0.4614759 -0.4837211 -0.0392792 0.2024587 -0.1084843 0.3158278 0.7445845 -0.5251280 0.2558696 -0.1156332
0.3349559 0.3756545 0.4599167 0.2404604 0.0000000 0.3158152 -0.1717109 0.3421160 0.0730645 0.0530366 0.0008276 -0.1608275 0.6743141 0.0664261 -0.1248965 0.0141285 0.4173337 -0.3358487 -0.1651448 0.2071776 0.0171257 0.3942795 0.0288565 -0.2485763 0.0027405 -0.1593468 0.1313279 -0.1500530 0.0024171 -0.2062047 -0.0113128 -0.1068604 -0.3485467 -0.0772666 -0.1570750 -0.0299519 -0.4524024 0.1768688 -0.3244956 -0.3244651 0.0378617 -0.0566256 -0.5158728 -0.2301695 0.0385387 -0.3408312 -0.4925919 0.3125203 -0.1958813 -0.3362791 -0.3435256 -0.4244497 -0.0602651 -0.1865199 0.1287174 0.1450885 -0.3576448 -0.0380682 -0.0110139 -0.2078062 0.1068984 0.1656591 0.1027120 0.0104789 0.1235896 -0.0125207 -0.0907683 0.2791815 -0.0832166 0.1776718 -0.0493444 0.0127780 0.2044690 0.3642149 -0.2906345 0.4724971 0.1644185 0.3299826 0.5443802 0.1851805 0.0587188 -0.0486057 0.1059420 -0.1105005 -0.2189863 -0.0054942 -0.2900568 -0.1683462 -0.5477886 -0.7441245 -0.2399514 -0.1405617 0.0579997 -0.1935852 -0.4767960 -0.3679604 -0.1078003 -0.3180679 -0.2397907 -0.0265909 -0.3939964 -0.1886490 0.2324832 -0.2357510 -0.4163472 -0.5456815 -0.0039829 0.0374032 -0.3708187 0.1208337 -0.3850088 -0.3594896 0.3599708 0.2877501 0.1023932 0.4506517 0.3466719 0.2705079 0.4279443 -0.2501362 0.0178831 0.3527339 0.0288044 0.5474434 -0.0688785 -0.1572833 0.4488542 -0.1401288 -0.1412123 0.4459241 0.1323337 0.1323554 0.2667900 0.1522255 -0.0642910 0.0721428 0.3037857 0.0252546 -0.0579190 0.1244551 -0.3073200 0.2872851 0.6398160 -0.3921367 0.1016123 0.4796339 0.0958483 0.1732904 0.1483821 0.1448297 0.0276647 -0.1380078 0.2571878 0.1377610 0.4488555 -0.0129831 -0.1176881 0.0255369 0.4949997 -0.0095482 0.4716479 0.0985410 0.4407641 -0.1491244 0.2930538 0.0997316 0.0695774 0.1469639 0.2701050 0.0996967 0.2504440 0.0242460 -0.1705675 -0.1145795 0.1607261 0.1191523 0.1645247 -0.0640644 0.1875253 0.2888855 0.1422249 0.2430091 -0.0170629 -0.0671872 0.0663383 0.3817081 0.2242013 0.2058745 0.0844822 -0.0376191 -0.3425888 -0.0186510 0.1501943 -0.0445594 -0.2391476 -0.1736615 -0.1464564 0.0191284 -0.0101212 -0.1785337 -0.0211005 -0.1980683 0.1008752 0.2628664 0.4149776 0.5230836 -0.0322167 0.1852986 -0.0958012 -0.1328624 0.3678424 -0.0861700 0.5121931 0.2587497 0.2069336 0.2041225 0.1706541 0.0730227
0.3273280 0.8380514 0.4810812 0.9290346 0.3158152 0.0000000 0.3704554 0.6682184 0.9034353 0.8957567 0.6699317 0.6051510 0.1189190 0.7335287 0.7535240 0.0421580 0.6026096 0.4807188 -0.1644608 -0.4025273 0.6104011 0.2713838 0.0040705 0.6110701 -0.1354642 -0.4638850 0.3899298 0.5465569 0.7742869 0.4930300 -0.2489312 -0.3749118 0.3726321 0.7585203 -0.0827498 0.5511581 -0.3155075 -0.0413237 -0.0033377 0.2102977 -0.0269416 0.6624368 -0.2570187 0.3456635 0.8140027 -0.4877750 -0.2834081 -0.0699148 0.5207108 -0.2021102 -0.0236523 -0.2778351 0.8032741 0.3264516 -0.4400875 -0.2937449 -0.1780780 0.6343953 0.6672847 -0.0710093 0.7841386 0.2094594 -0.5105320 0.8436917 0.7321414 -0.1255936 0.0199306 0.5020600 -0.4713466 0.8376255 -0.1004278 0.7241578 0.4498847 0.5816553 -0.6996584 0.8452964 0.6805978 0.2745810 0.6761531 0.5327980 -0.1726903 -0.1553400 -0.1038095 -0.4290770 -0.2895072 -0.4707028 -0.6984346 -0.5091468 -0.4921596 -0.4438500 -0.3798015 -0.5413598 -0.2493159 -0.5568758 -0.3690654 -0.6538225 -0.5860352 -0.3276012 -0.4691218 -0.5326614 -0.3502343 -0.5180478 0.0058547 -0.6248213 -0.5506122 -0.3332629 -0.4583212 -0.2039957 -0.4097932 -0.1761950 -0.4053622 0.0734773 -0.1614113 -0.2467071 0.1036889 -0.0677796 -0.1995067 0.1819621 -0.0935818 0.0072517 -0.2985955 -0.1890000 -0.2011213 -0.1352081 -0.2249839 0.3764411 -0.0959999 -0.1202219 0.2147672 0.0781584 -0.3402614 0.3104011 0.1035823 0.2750562 0.1040953 -0.0007058 0.1452013 0.1103634 -0.2174597 0.2864188 -0.0673322 0.1340979 0.0848350 -0.2446892 -0.0914892 0.1128496 -0.2246095 -0.1210979 0.2621463 0.0533328 -0.0793730 -0.2933091 -0.0404152 0.0817752 -0.0177998 -0.4192312 -0.1116921 -0.1600125 0.3684971 0.2429343 -0.1313163 -0.0906117 -0.1176098 0.1358211 -0.2957194 -0.1118450 -0.0091229 0.2866611 0.4623106 -0.2030946 0.0360480 -0.0528867 0.5229028 0.5105699 0.6809773 0.6694193 0.5708022 0.1474273 0.4206778 0.2489265 0.0860346 0.3115189 0.5674115 0.2946035 0.1741989 0.0954734 -0.3243268 -0.4070282 0.4412522 0.4036034 0.0261492 0.5011397 0.2881733 0.1131435 0.3175119 0.2216286 0.3810425 0.2011797 -0.0142802 0.3613023 -0.3088165 -0.3455871 -0.0417862 0.1478049 -0.1260002 -0.1993140 0.3207716 -0.4564151 -0.5335934 -0.4041302 -0.0211471 0.1518323 -0.2487247 0.2110659 0.6771900 -0.6242210 0.4294975 -0.0263986
-0.0024412 0.3554935 0.0196070 0.1929724 -0.1717109 0.3704554 0.0000000 0.0575616 0.3589450 0.2769132 0.0016149 0.5218033 -0.1858591 0.2841447 0.3539214 -0.0564621 0.0048441 0.1678160 -0.0593346 -0.1017192 0.2242092 0.2524661 -0.1243967 0.1323795 -0.0835647 -0.3490738 0.4437427 0.3672017 0.1604379 0.5060035 -0.0626197 -0.2873783 0.1263344 0.2065529 -0.0321069 0.1081498 -0.0905996 -0.3567031 0.0576853 0.2447134 -0.0728272 0.1864904 -0.1621950 0.1924254 0.2226032 -0.5244798 0.1673157 -0.2903152 0.2418704 -0.0263348 0.1231626 -0.1176441 0.3080100 0.2539441 -0.6140657 -0.6996305 0.1435690 0.3491382 0.4435693 0.2023768 0.3539882 0.0992833 -0.4646905 0.3613417 0.2851396 -0.1396173 0.2258556 0.1952041 -0.5716976 0.2847413 0.1166447 0.2097444 0.2065570 -0.0830320 -0.3711155 0.2168892 0.3035337 0.2133822 0.1850528 0.3503933 0.0735981 0.1689666 0.2135807 0.0390166 0.2049052 -0.0019457 -0.0252056 0.0266544 0.3150833 0.2741952 -0.1279573 -0.0405278 -0.1418172 -0.1021922 0.0853600 0.0670801 -0.0141129 0.0293437 0.0835958 -0.1403236 0.1834455 -0.1905947 0.0073117 -0.0244802 0.0819059 0.3147221 0.0808524 0.1061411 -0.0209351 -0.2538405 0.0449507 0.1929073 -0.3729823 -0.2914040 -0.2872245 -0.2968646 -0.2798237 -0.2772811 -0.3670151 -0.2632510 -0.4167949 -0.4201162 -0.4449022 -0.4309711 -0.3138011 0.0420169 -0.4583762 -0.2315249 -0.0935322 0.0648745 -0.2181582 -0.3702614 -0.1543075 0.0919233 -0.2446748 -0.2262680 -0.1674391 -0.3782582 -0.5084822 -0.2347769 -0.2190925 -0.4452753 -0.3208465 -0.2751563 -0.5486431 -0.3004542 -0.6163584 -0.4299583 -0.3588289 -0.4892060 -0.4186408 -0.4882597 -0.4433646 -0.4910947 -0.2596897 -0.4082468 -0.4307160 -0.4068188 -0.2928900 -0.0929627 -0.3884957 -0.5010472 -0.5486112 0.0063725 -0.7282209 -0.4571566 -0.5929214 -0.1563207 -0.0646148 -0.4825682 -0.5278326 -0.4319494 0.2320886 0.2495754 0.3927579 0.4325952 0.2998572 0.0010701 0.0070178 -0.2202316 -0.2563351 -0.0957819 0.1997489 0.0707847 -0.0420173 -0.1719844 -0.3407978 -0.4178433 0.1821113 0.2932809 0.0268726 0.3547527 0.3506002 0.1204168 0.1250969 0.0647662 0.1190030 0.2151710 0.0500607 0.1024091 -0.5343829 -0.1529783 -0.0302455 -0.0473745 -0.3203883 -0.1877101 -0.1163676 -0.5517493 -0.4737158 0.1815268 -0.0657717 0.3131927 -0.1887786 0.0139863 0.1853427 -0.4581811 0.2076886 0.1175845
0.3262762 0.6046300 0.4517622 0.7916190 0.3421160 0.6682184 0.0575616 0.0000000 0.4759740 0.4489684 0.7178899 0.4051609 0.6259315 0.5050002 0.3353234 0.2285895 0.3462346 0.4886275 0.2572523 0.0087548 0.4488906 0.3908168 0.1639650 0.3938947 0.2326514 -0.0839358 0.0603403 0.3988196 0.5371196 0.2860425 0.0487996 0.0054788 0.2455142 0.5289931 0.0078283 0.4425696 0.1837962 0.5993384 0.0682695 0.1075710 -0.0424812 0.5155518 -0.0449567 0.0314323 0.6795953 -0.0813576 0.0904165 0.1158985 0.1927483 0.1821951 0.1851889 -0.0652449 0.5857090 0.1790017 -0.1311924 -0.0011399 0.3567744 0.2467236 0.6486348 0.3992654 0.6786306 0.3019782 -0.4684982 0.6137069 0.7189164 0.3462373 0.2469032 0.4303347 -0.2398835 0.6447268 -0.0032541 0.6367346 0.4148329 0.5583999 -0.5311032 0.6457175 0.6219798 -0.0859496 0.5442679 0.3571161 -0.4351126 0.1757646 0.1774967 -0.1166826 0.0372673 -0.3878698 -0.5742374 -0.5249476 -0.6689329 -0.3649076 -0.7045111 -0.6365134 -0.2812172 -0.6235391 -0.5524924 -0.5150412 -0.5913620 -0.3565647 -0.5985600 -0.5181370 -0.6543970 -0.4690970 -0.0185293 -0.5765234 -0.6471373 -0.2963961 -0.1519891 0.0768505 -0.6041741 0.1287545 -0.7416387 0.3325617 -0.0421268 -0.2016556 -0.1021226 -0.1128231 -0.3696515 0.0504136 -0.2074572 -0.1392238 -0.4213198 -0.2403091 -0.4860098 -0.0417535 -0.3454975 0.1710973 -0.1659372 -0.6464190 -0.0555057 0.1864930 -0.2112508 -0.0219152 -0.0541243 0.3367878 0.0286110 -0.3784216 0.0207111 -0.0282992 -0.3594155 0.1772889 -0.0563610 -0.0191132 0.1152464 -0.4395930 -0.2459936 -0.1398367 -0.2457077 -0.2112887 0.4160059 0.0662367 -0.2487176 -0.5502852 -0.0450515 -0.0837327 -0.1229406 -0.6251721 -0.3103733 -0.2631141 0.5401772 -0.0292478 0.0080427 0.0000234 -0.2001084 -0.2338866 -0.1796619 -0.4036285 -0.1788260 0.3548878 0.4038291 -0.0713966 0.3051599 0.2730901 0.5008772 0.6088084 0.4910641 0.5565682 0.4429158 0.2419572 0.4033185 0.3180653 0.1963591 0.4732627 0.4338226 0.3868729 0.1056845 0.1359395 -0.3029351 -0.4861011 0.3377631 0.3821635 0.0579239 0.5039077 0.2250422 0.1076813 0.1318334 0.2346431 0.2904737 0.1956839 0.1402115 0.2656900 0.1086160 -0.2052687 0.0696536 0.2135225 0.3198763 -0.2790491 0.3373332 -0.0200258 -0.3372488 -0.4913860 0.1453007 0.0461155 0.1933308 0.2998674 0.5099616 -0.2617412 0.2590955 -0.1250584
0.0754954 0.6502364 0.2850354 0.7942598 0.0730645 0.9034353 0.3589450 0.4759740 0.0000000 0.8761923 0.5675845 0.5914496 -0.1751430 0.6716288 0.8633625 0.1167830 0.4116600 0.6149579 -0.2308803 -0.6604504 0.5124582 0.0958380 0.1095634 0.7453571 -0.3408773 -0.4648688 0.2477101 0.6174540 0.7229638 0.4534481 -0.4617368 -0.4835028 0.6108609 0.8031090 0.0094664 0.4179120 -0.2739421 -0.2692664 -0.0657247 0.2234296 -0.1174057 0.5623500 -0.1205307 0.3398628 0.7985554 -0.4012444 -0.2453644 -0.1976053 0.6594426 -0.0785254 0.0195479 -0.1572893 0.8553841 0.2478904 -0.4626785 -0.2348389 -0.1763592 0.5818282 0.4541912 -0.1295446 0.6414840 0.1911961 -0.5648990 0.7440931 0.5339801 -0.2726879 0.0149481 0.3512056 -0.4913821 0.6568011 -0.2170575 0.5727216 0.4297481 0.3010056 -0.6738256 0.5952696 0.4403203 0.2304093 0.4283933 0.2848276 -0.1676876 -0.0828028 -0.1520927 -0.4011293 -0.2543992 -0.4588487 -0.5996348 -0.3914101 -0.3070601 -0.2296561 -0.1854489 -0.3601787 -0.1469447 -0.4338896 -0.0965499 -0.4540307 -0.5066417 -0.1839241 -0.2776352 -0.4798187 -0.1570400 -0.4374586 0.0407944 -0.4974834 -0.3713581 -0.0945507 -0.4145491 -0.1968052 -0.2596541 -0.1289940 -0.1804271 0.0571631 -0.1359331 -0.1662783 0.2095171 -0.0202046 -0.1518796 0.2139892 -0.0614077 0.1397545 -0.1217191 -0.0825878 -0.0090609 -0.1798659 -0.0118022 0.3934482 -0.0382843 0.0679072 0.3285259 0.0691099 -0.1976381 0.4099186 0.1923329 0.1316860 0.2330408 0.0289457 0.2853107 0.1132935 -0.0199535 0.1815180 0.0143892 0.0977308 0.0014963 -0.1810385 0.0494436 0.0946185 -0.1750751 -0.0453773 0.2694047 0.0467530 -0.0500686 -0.1798490 -0.0332816 0.1262453 0.1300450 -0.3903197 -0.0227012 -0.0858058 0.3455425 0.1880419 -0.0543359 -0.0890253 -0.0885876 0.1141655 -0.2083605 -0.0493464 0.0923639 0.3006038 0.4753608 -0.2168147 0.0370086 0.0685787 0.4638235 0.3912747 0.4921837 0.5166949 0.3980050 -0.0720202 0.2455447 0.0375375 -0.0912349 0.1246380 0.4189610 0.1340958 -0.0629025 -0.1835680 -0.4767477 -0.5328117 0.2060321 0.2454300 0.0509626 0.3430684 0.0816576 0.0832708 0.3106045 0.1534988 0.3376176 0.0275133 -0.1201021 0.3348571 -0.3633371 -0.2679107 -0.0529298 0.0168441 -0.3966096 -0.4073624 0.2452967 -0.6342682 -0.4799463 -0.4334708 -0.1100629 -0.0010731 -0.4719198 0.0199237 0.4938181 -0.6588478 0.5458575 0.0279760
0.1189810 0.6153182 0.2377431 0.8101660 0.0530366 0.8957567 0.2769132 0.4489684 0.8761923 0.0000000 0.6864547 0.4878276 -0.1897924 0.7503139 0.7009801 -0.0139394 0.6945076 0.4456382 -0.1641257 -0.4813535 0.5442984 0.1578813 0.0135191 0.5848799 -0.1516073 -0.3941029 0.4869495 0.5053470 0.7234679 0.5594482 -0.1475626 -0.2455239 0.3762930 0.7160602 0.0659582 0.5374253 -0.2841945 -0.1596260 0.2356635 0.4243524 0.1549762 0.6148669 -0.0119113 0.4790823 0.6905594 -0.3181105 -0.1745566 -0.0035905 0.5581534 -0.2693922 0.1143080 -0.0259175 0.7271876 0.4947520 -0.4481038 -0.2496769 -0.2126011 0.7014456 0.5676144 -0.1403416 0.6038365 0.1566977 -0.4707355 0.7720640 0.5539274 -0.1389197 -0.0653585 0.4253293 -0.4489979 0.7665851 -0.1598225 0.6099482 0.3612597 0.4550672 -0.6234879 0.6956605 0.5581219 0.1676077 0.5258218 0.4832601 -0.2048605 -0.3964393 -0.3524541 -0.6218095 -0.4875522 -0.4596037 -0.7008633 -0.5044691 -0.3610412 -0.3524049 -0.1629009 -0.4491715 -0.1892772 -0.5205175 -0.1719702 -0.6001634 -0.5090348 -0.2997751 -0.4108376 -0.5788815 -0.2534707 -0.4621711 -0.1385303 -0.6285729 -0.4225505 -0.2464183 -0.5150908 -0.4470963 -0.3143609 -0.2476481 -0.1887507 0.0564390 -0.2791086 -0.3178950 0.1488311 -0.2095494 -0.2335412 0.1179282 -0.1953628 0.1053220 -0.2758627 -0.2852470 -0.0822310 -0.2597378 -0.2243465 0.3578304 -0.0848854 0.1091295 0.2176685 -0.1571538 -0.4475667 0.4509168 0.1195595 0.1790703 0.1314802 0.1296186 0.0492362 0.1143653 -0.1287337 0.2995831 -0.0668239 0.1651874 -0.0688325 -0.0186139 -0.0207158 0.1427485 -0.1576037 -0.1586242 0.2027061 0.0961769 0.0344189 -0.0648691 -0.0534674 0.1389715 -0.0490740 -0.2376306 0.0017064 -0.0633499 0.1703339 0.2846934 -0.2346965 -0.0025351 -0.0867865 0.2452156 -0.2381461 0.0588027 0.1224391 0.2637735 0.3349793 -0.2306199 -0.0489074 -0.1062110 0.4260035 0.3926946 0.5442009 0.5136401 0.4721739 0.2247509 0.3760377 0.2389497 0.1982038 0.2108147 0.5339580 0.2849445 0.1462648 -0.0562981 -0.3452143 -0.2905068 0.3487965 0.3046185 0.1345808 0.4019699 0.2152206 0.1012313 0.3591316 0.2185647 0.3806963 0.1546442 -0.1104602 0.3466960 -0.2294006 -0.1920585 -0.1516002 0.0767502 -0.3451140 -0.3433398 0.2437430 -0.4743043 -0.3263853 -0.2985544 -0.2107606 0.1183251 -0.5377328 0.0707090 0.6717154 -0.7324484 0.4100576 -0.0020324
0.1654448 0.4389264 0.1427884 0.7544140 0.0008276 0.6699317 0.0016149 0.7178899 0.5675845 0.6864547 0.0000000 0.3465177 0.1533861 0.7245567 0.5023933 0.3974363 0.6064491 0.6122565 0.2672341 -0.0319003 0.3861359 0.1176359 0.2951453 0.5701473 0.1231855 -0.1161059 0.3520946 0.5372303 0.6626810 0.4941041 0.0670218 -0.0855483 0.4686239 0.7161315 -0.1140232 0.4059217 0.0377170 0.3520248 0.3511126 0.3536086 -0.1102620 0.5669145 0.1180722 0.3758195 0.6460664 -0.0376159 -0.0271229 -0.0282692 0.4934185 0.2594425 0.0519156 0.1193778 0.6686965 0.5492683 -0.1647407 -0.0326954 0.1145425 0.5834274 0.5976778 0.1534777 0.5857503 0.4532213 -0.2532555 0.7237828 0.7238385 0.2960923 0.2860133 0.6584043 -0.0219831 0.8091238 0.1644088 0.6101950 0.5738463 0.4870359 -0.2204890 0.7214812 0.4938774 0.1517362 0.6160263 0.3777032 -0.1443810 -0.0139492 -0.0701262 -0.3004876 -0.0891055 -0.3430477 -0.4533832 -0.5562763 -0.3652228 -0.1362830 -0.5223422 -0.6466591 -0.4091035 -0.4656201 -0.3802555 -0.6054896 -0.7361061 -0.1856890 -0.4653583 -0.4772786 -0.2575167 -0.2458762 -0.0885011 -0.4926704 -0.6007001 -0.2764022 -0.2243556 -0.1331301 -0.4367964 0.0533492 -0.5280969 0.2193219 -0.0357265 -0.1074256 0.0959254 -0.1923321 -0.2828249 0.1817214 -0.1415911 0.1312916 -0.1628974 -0.2422218 -0.4147219 -0.3022611 -0.1264843 0.1384738 0.0068506 -0.3854604 0.0285580 0.0304135 -0.1437044 0.2190542 0.2386787 0.2667726 0.2534713 -0.1565580 0.1472962 0.0892048 -0.0533943 0.0715526 0.1496145 -0.0905347 0.0486761 -0.1331294 -0.1057539 -0.0181880 -0.2154051 -0.3113546 0.5548625 0.0940663 -0.2080764 -0.3221810 -0.1947977 0.1911315 -0.2135620 -0.4565583 -0.0115435 -0.2396295 0.2954610 -0.0045441 -0.2385212 -0.0217419 -0.2751188 -0.1000604 -0.2187326 -0.2684595 0.0666979 0.5522480 0.4247556 -0.1990411 0.2291344 0.2518872 0.3622586 0.4513064 0.3152713 0.3687597 0.2784888 0.3899439 0.2230434 0.2314301 0.3655295 0.2294785 0.3970336 0.2448673 0.2455559 0.1717178 -0.1911210 -0.2674038 0.2605749 0.2496062 -0.0570542 0.3604378 0.0972744 -0.1307974 0.1105995 0.1487064 0.1859403 0.0304222 0.0950141 0.1805027 -0.0457412 -0.2989048 -0.0868226 0.0152504 0.0690489 -0.4052271 0.2492492 -0.1659427 -0.3529077 -0.6307393 -0.0929245 -0.0550663 -0.2211784 -0.0309856 0.3953901 -0.3511060 0.2435416 -0.5025408
0.2645942 0.7014299 0.5808347 0.6561462 -0.1608275 0.6051510 0.5218033 0.4051609 0.5914496 0.4878276 0.3465177 0.0000000 -0.0357927 0.2039427 0.7462252 -0.3424967 -0.0998574 0.2832580 -0.2184049 -0.4340984 0.8727147 -0.1598572 -0.4477443 0.5904889 -0.1290516 -0.5330265 -0.1154271 0.3383205 0.8204270 0.2683557 -0.3821714 -0.4165594 0.4263350 0.6192259 -0.3994413 0.6731342 -0.1249284 -0.0762152 -0.1878419 -0.0228533 -0.1532621 0.7424524 -0.4061836 0.1402631 0.7275202 -0.5479910 -0.1475603 -0.2958326 0.3267859 -0.0097835 -0.1395206 -0.4523436 0.7045659 0.0339260 -0.3523123 -0.5068754 -0.0121142 0.3050629 0.6538986 -0.0783370 0.8089452 -0.2860234 -0.4513955 0.7482192 0.7180104 -0.1836636 -0.0982707 0.0464275 -0.4096624 0.5063572 -0.0078033 0.8306739 -0.0189950 0.4598841 -0.3774377 0.4299179 0.7608842 -0.0159761 0.1684982 0.5714385 -0.1704356 0.1725270 0.0333164 0.0380704 0.1866400 -0.2351068 -0.2450471 -0.0691928 -0.0805682 0.1337899 -0.2671032 -0.3187239 -0.1489450 -0.1239695 -0.0866595 -0.2711924 -0.2520644 0.0508236 -0.2607320 -0.1061330 -0.1339935 -0.1331724 -0.2031926 -0.1014117 -0.1840432 0.0660003 -0.1910546 0.0303040 -0.0936021 -0.1629550 -0.2923341 0.3584405 -0.1495969 -0.1807609 0.1529061 0.0441925 -0.0379828 0.1489753 -0.0158954 0.1316966 -0.1288874 -0.1626275 -0.4008773 -0.2071151 -0.1147750 0.5755334 -0.4111409 -0.2362798 0.2680475 0.0635727 -0.3023235 -0.2616614 -0.1922108 0.5032654 -0.3535422 -0.3095033 -0.1614530 0.0191057 -0.2738912 0.1783007 0.0556134 -0.2099033 -0.3332979 -0.0689161 -0.4450014 -0.3224589 -0.4904757 -0.3786313 0.1650966 -0.1467476 -0.2708898 -0.4578814 -0.4021937 -0.0384738 -0.4579162 -0.4900080 -0.0703560 -0.4655916 0.1851042 0.2602081 -0.3378532 -0.2717443 -0.5251289 0.2405341 -0.5622951 -0.4212737 -0.3074370 0.0221066 0.1675018 -0.0187891 0.0257695 0.0533735 0.6004570 0.5492606 0.7543106 0.8886719 0.7609207 0.0827087 0.5054738 0.0756077 -0.4056253 0.2571938 0.5759070 0.4592093 0.3068200 0.0896463 -0.3010050 -0.5414553 0.6388456 0.7282405 0.2199070 0.7167076 0.3651429 0.1466061 0.4813166 0.5226488 0.6114476 0.4588218 0.1754436 0.6204724 -0.0962185 -0.1539189 0.0411493 0.1497260 -0.0510059 -0.2986647 0.4545187 -0.2593425 -0.5517012 -0.3167896 -0.0178186 0.5338141 -0.1042021 0.3598311 0.5508226 -0.4926520 -0.1482476 -0.1266765
0.3810554 0.2995576 0.4212016 0.2335514 0.6743141 0.1189190 -0.1858591 0.6259315 -0.1751430 -0.1897924 0.1533861 -0.0357927 0.0000000 -0.0305349 -0.2591015 0.0823580 0.1329058 -0.1027350 0.1121724 0.4103896 0.0529019 0.5017830 0.0836291 -0.2160727 0.3960016 0.1612947 -0.0621699 -0.1067722 -0.0262004 -0.1344706 0.3225759 0.2603364 -0.2639863 -0.0868740 -0.0815661 0.0021552 0.1872619 0.7611787 -0.1160712 -0.2617397 0.0098257 -0.0282011 -0.1667549 -0.3561725 0.0302024 0.0135924 -0.0638259 0.2949527 -0.3615574 0.0204540 -0.0773769 -0.1629080 -0.1052240 -0.1818976 0.3609590 0.2280397 0.2699229 -0.2196774 0.1567369 0.3203762 0.1591918 0.1815042 0.0939392 0.0549633 0.3348941 0.4937419 0.2416162 0.1922747 0.0544865 0.1866193 0.1977751 0.1967387 0.1463540 0.3905118 -0.1696251 0.3220953 0.2827665 -0.0328471 0.3994525 0.1856703 -0.1953504 0.2449731 0.3561526 0.3446534 0.2503685 -0.0699500 -0.1091773 -0.2256736 -0.5739435 -0.4583757 -0.5137040 -0.2455260 -0.0999612 -0.2760170 -0.3900816 -0.0942205 -0.1866600 -0.3003883 -0.2537997 -0.0694836 -0.4799260 -0.1871700 0.1386493 -0.2179845 -0.4046832 -0.2380257 0.1584153 0.3446374 -0.4666646 0.3905169 -0.5863646 0.1197979 0.3129032 0.1856494 -0.1089565 0.2456980 0.0447800 0.0577614 0.1373772 -0.3125315 -0.1460992 0.1240807 -0.3526368 0.2483879 -0.2172045 -0.1801004 0.0895581 -0.6118038 -0.2983579 0.3724557 0.1359363 -0.3096547 -0.1145597 0.2471504 -0.1860039 -0.3413451 -0.0033506 -0.1239370 -0.2699845 -0.0433033 -0.2761749 -0.0698192 0.3828190 -0.5312171 -0.2215351 -0.0297099 -0.1667619 -0.1840865 0.2827715 -0.0938092 -0.3466399 -0.4864712 -0.0245833 -0.1680372 -0.0508828 -0.4053729 -0.4454509 -0.2726521 0.4277274 -0.2353421 0.2349417 -0.1178506 -0.0408860 -0.4326807 0.0764496 -0.3838670 -0.2429770 0.0049751 0.0508765 0.0225475 0.3170496 0.2375432 0.0658928 0.2203538 0.1499177 0.2118242 0.1840576 0.1376331 0.2162434 0.2852232 0.2738900 0.3554439 -0.0257132 0.0977585 0.1061356 0.3780629 0.1413720 -0.0112660 0.1513036 0.1401880 -0.1817735 0.1815879 0.2321780 0.0798673 -0.2008292 -0.0207246 -0.0689747 0.1105904 0.1652274 -0.1108443 0.2526313 -0.0372888 0.0549953 0.1746873 0.7289101 0.2529663 0.1002576 0.4116353 -0.1064457 -0.1818366 0.2768318 -0.0735095 0.7961054 0.3212836 0.1555993 0.3532825 -0.0998768 -0.0571970
0.2049071 0.4309291 -0.1114139 0.6420072 0.0664261 0.7335287 0.2841447 0.5050002 0.6716288 0.7503139 0.7245567 0.2039427 -0.0305349 0.0000000 0.5723091 0.4695833 0.6654414 0.6288998 0.2181209 -0.1946861 0.1689574 0.4288818 0.2943790 0.6068750 0.2092035 -0.0781267 0.6301521 0.7874931 0.4458130 0.8045056 0.0366727 -0.0618632 0.4817096 0.6753295 -0.0081307 0.2138225 -0.0560377 0.0489720 0.4263931 0.5470591 -0.1693546 0.3974814 0.0523960 0.5564389 0.5429321 -0.2607600 -0.0104631 -0.2597806 0.5985575 0.0833201 0.0844705 0.0628865 0.6081495 0.6017048 -0.5768175 -0.3557570 0.0776086 0.7371157 0.5635344 0.1893181 0.4586753 0.5465771 -0.4287999 0.6493129 0.4984299 0.1384154 0.4336349 0.7219213 -0.3286082 0.7482674 0.2492208 0.4197140 0.7159325 0.2230440 -0.3795527 0.6894198 0.3636994 0.5033691 0.6860639 0.3461623 0.1507469 -0.0382340 0.0073771 -0.4598075 -0.1895134 -0.4083349 -0.5195846 -0.4864594 -0.2593554 -0.2260011 -0.3329469 -0.5425412 -0.2938518 -0.5914260 -0.3202677 -0.4754196 -0.6168199 -0.1854353 -0.3516333 -0.6243085 -0.2343345 -0.4377958 0.0147731 -0.6135332 -0.3218535 -0.2116462 -0.3031259 -0.1968326 -0.1866422 -0.0789134 -0.2526285 0.1193459 -0.1877016 -0.2465743 -0.1801301 -0.2851977 -0.4034148 -0.0884953 -0.3007868 -0.1459684 -0.3205990 -0.3186213 -0.1529413 -0.3888428 -0.2552577 0.0483736 -0.0461497 -0.0598998 -0.0396118 0.0191742 -0.1622542 0.3909093 0.2405792 0.1295260 0.5105198 0.1847069 0.2713313 0.0241247 0.0285523 0.0508943 0.2051229 0.1543969 0.1018724 -0.1036644 0.0701589 0.2244325 0.0136420 0.0051494 0.2353967 0.2083177 -0.0878838 -0.0660574 0.1745527 0.1961419 -0.0647295 -0.2573621 -0.0565701 0.1181808 0.0830408 0.0218271 -0.2703742 -0.0011243 -0.0478480 -0.0157668 -0.1292445 -0.0145033 0.1313749 0.2282919 0.3557577 -0.3376713 -0.0454922 -0.1135908 0.3527279 0.3375934 0.2511666 0.2423538 0.1925174 0.3540265 0.0612756 0.0959419 0.3784168 0.1573963 0.3345502 0.1935332 0.0565854 -0.1225087 -0.3732554 -0.3463396 0.1292285 0.1478200 -0.1521725 0.2792154 0.2091762 -0.0631400 0.0833196 -0.0409336 0.0913964 0.0728979 0.1689003 0.0466798 -0.3345623 -0.1967960 0.2247584 0.1117459 -0.1823406 -0.1924881 -0.0145157 -0.2872150 -0.4356426 -0.2766603 0.1411417 -0.0322051 -0.3636539 -0.0278242 0.3286113 -0.4365074 0.5213514 -0.2702037
0.2225106 0.6604798 0.3382186 0.7279281 -0.1248965 0.7535240 0.3539214 0.3353234 0.8633625 0.7009801 0.5023933 0.7462252 -0.2591015 0.5723091 0.0000000 0.0060308 0.1145611 0.6116222 -0.2356410 -0.6228925 0.5995230 -0.1659039 -0.0934142 0.8770153 -0.2313909 -0.4675671 0.0582105 0.6218802 0.8211328 0.4090955 -0.5017302 -0.5032606 0.7135661 0.8336671 -0.3433159 0.4643836 -0.2524801 -0.2700415 -0.1499871 0.0791546 -0.2821535 0.6373304 -0.3122447 0.3639398 0.7766334 -0.4965973 -0.3772417 -0.4046754 0.6414996 -0.0197555 -0.2528350 -0.3753807 0.8144768 0.1674178 -0.3858992 -0.3394386 -0.2223277 0.5376090 0.4569008 -0.2382017 0.6924495 -0.0097242 -0.3818808 0.7611906 0.5837868 -0.2619875 0.0054403 0.2665038 -0.2523315 0.5860504 0.0206449 0.6868374 0.2938074 0.3532352 -0.3540848 0.5254280 0.4896665 0.3414744 0.3249960 0.3060491 0.1042327 0.1098986 -0.0854736 -0.2240743 -0.0328258 -0.4308490 -0.4133289 -0.2317425 -0.1337220 0.0188512 -0.2217840 -0.3958530 -0.2908394 -0.2237403 -0.1082458 -0.3607810 -0.5116330 -0.0205499 -0.2635657 -0.2358330 -0.0080553 -0.2735317 -0.0445496 -0.2687014 -0.2619645 -0.0220374 -0.3919562 -0.0844194 -0.0504184 -0.0863290 -0.1924393 0.1157480 0.0314154 -0.0390831 0.2825201 0.1036735 -0.0384289 0.3111527 0.0894761 0.2715363 0.0817510 -0.0195042 -0.0347552 -0.2268656 0.1498664 0.5061915 -0.1382128 0.1073382 0.4156181 0.1135139 -0.0552729 0.2153554 0.1207483 0.1671185 0.2171037 0.0987427 0.2930027 0.2350216 0.1962826 0.1575023 0.3142950 0.0688290 -0.0243589 -0.0309160 0.0594013 0.0914876 -0.0848807 0.0133434 0.3950823 0.1595713 -0.0722800 -0.1232136 -0.0352141 0.3174475 -0.1215222 -0.3048645 0.2207234 -0.0992937 0.3119806 0.2606147 -0.2208701 -0.0923797 -0.1496512 0.2220715 -0.2330425 -0.0600142 0.2066154 0.2152089 0.4501645 -0.0791403 0.1152669 0.1375775 0.4837422 0.3673158 0.4871743 0.5600484 0.4359098 -0.0714486 0.2124589 -0.0522788 -0.2751145 0.0827069 0.4363743 0.1829567 0.1841471 -0.0003481 -0.3078725 -0.4661808 0.3458726 0.3872936 0.0096963 0.3894037 0.0729210 -0.0211917 0.3732725 0.2506501 0.4130907 0.1076251 0.0362689 0.4294086 -0.2716568 -0.2039405 0.1313024 0.0713679 -0.2139774 -0.2749501 0.3721026 -0.4598799 -0.5144297 -0.5073952 -0.0096691 0.1548819 -0.3260942 0.0799038 0.3509083 -0.4603480 0.2425361 -0.2631585
-0.1944865 -0.2181694 -0.4871622 -0.0444784 0.0141285 0.0421580 -0.0564621 0.2285895 0.1167830 -0.0139394 0.3974363 -0.3424967 0.0823580 0.4695833 0.0060308 0.0000000 0.2444933 0.5480577 0.5403256 0.1727322 -0.5064074 0.3370642 0.8140250 0.2488973 0.1410415 0.3476055 0.2412307 0.5053417 -0.1901488 0.3039508 0.0337105 -0.0470613 0.4793349 0.2798874 0.1237818 -0.4946772 0.2419937 0.1824923 0.2737045 0.2788188 -0.4796535 -0.2477422 0.3276566 0.2320788 0.0318718 0.1781808 0.1989008 -0.2629906 0.4678615 0.7026923 0.0888693 0.3926132 0.2197678 0.3058366 -0.1280028 0.1256034 0.3111046 0.2885533 -0.0360296 0.4140879 -0.1229189 0.8854066 -0.0181120 0.0432629 0.0288916 0.2722628 0.7513993 0.6415606 0.1037718 0.2217355 0.3417936 -0.2452133 0.8058131 -0.3978335 0.1097323 0.1516538 -0.3875642 0.4284241 0.3389759 -0.3725676 0.2384277 0.4289302 0.3280270 0.1380116 0.3057720 -0.0715162 0.1137263 -0.0645466 0.0431406 0.1736929 -0.2378493 -0.1421851 -0.1448064 -0.0994483 -0.0832991 -0.0584199 -0.4061482 0.0867294 0.1764761 -0.1654851 0.1114584 -0.0049412 0.2589964 -0.0480041 -0.1004159 0.0121995 0.2267054 0.2372919 -0.0981102 0.2269131 -0.1292410 -0.0373759 0.0952258 0.1522622 -0.2914506 -0.1341935 -0.2477033 -0.1794534 -0.1361165 -0.2383917 0.0381005 0.0729054 -0.1058480 -0.2722636 0.0989389 -0.4758761 0.2916356 -0.3060162 -0.2923363 0.2936402 0.4625843 0.1854620 0.5178656 -0.1350422 0.6685219 -0.1677203 0.5144835 -0.1895298 0.1921571 -0.4696646 0.2296995 -0.1806926 0.1749626 -0.3000765 0.1159458 0.0002038 0.0093003 0.0309035 0.1995136 0.0227945 -0.2294452 -0.1579870 0.0817537 0.0425045 0.2420237 -0.2848782 -0.1677175 0.0672018 0.0426676 -0.5275322 0.0811796 -0.0910121 -0.0738838 -0.5650248 0.0886016 -0.2302817 -0.0196250 0.3438925 0.1957688 -0.3379240 0.0212228 0.2020429 -0.1010794 -0.0847155 -0.4546538 -0.4011629 -0.5115721 -0.0106009 -0.5659861 -0.3496587 0.2262473 -0.2899545 -0.3585005 -0.3785130 -0.3495499 -0.2480554 -0.2231575 -0.2926275 -0.5650867 -0.4447700 -0.5294296 -0.3175636 -0.2762704 -0.3988518 -0.5023278 -0.5165946 -0.5349037 -0.4613549 0.0423458 -0.5016427 -0.3595774 -0.2239486 0.1578819 -0.3031876 -0.1230871 -0.2718878 -0.4538622 -0.1833635 -0.2792826 -0.3461223 0.2204153 -0.5347568 -0.1547586 -0.5112444 -0.4535510 0.1407214 0.4659198 -0.3586409
0.1649156 0.3359318 0.0347123 0.4724053 0.4173337 0.6026096 0.0048441 0.3462346 0.4116600 0.6945076 0.6064491 -0.0998574 0.1329058 0.6654414 0.1145611 0.2444933 0.0000000 0.1137999 0.0210981 0.0656705 0.0904803 0.4291639 0.2557510 0.0794604 0.0823313 -0.0920183 0.7536604 0.2444177 0.2594892 0.4461321 0.2620666 0.0113339 -0.0537899 0.3138443 0.1231783 0.1795112 -0.2909780 0.0722870 0.4259067 0.4216699 0.2013540 0.2270749 0.0868928 0.3984963 0.2276812 -0.1049085 -0.1532633 0.2115323 0.2730777 -0.2460041 0.0544330 0.1443989 0.2619990 0.5875877 -0.1990565 -0.0153563 -0.2253811 0.6052286 0.3490369 -0.0614817 0.2097951 0.4809921 -0.0783917 0.4172771 0.3431828 0.1075144 0.1123818 0.6534314 -0.2026133 0.6682783 0.0437413 0.2102216 0.4947197 0.3765641 -0.3521412 0.7085540 0.2761650 0.3203030 0.7262096 0.3929547 -0.0254176 -0.5133869 -0.2645486 -0.5472361 -0.5216762 -0.2589602 -0.5039628 -0.5164244 -0.4075239 -0.5695898 -0.1923189 -0.3995879 -0.1887983 -0.4697976 -0.3249583 -0.6061335 -0.4567682 -0.3947896 -0.3154460 -0.4949331 -0.2400706 -0.3507847 -0.0066307 -0.5912280 -0.4930221 -0.4945649 -0.3278554 -0.4003072 -0.4103792 -0.1431985 -0.2286969 -0.1643133 -0.1608621 -0.1649527 0.0063026 -0.1947986 -0.1326112 0.0369680 -0.1127885 -0.1180532 -0.2638543 -0.1952849 -0.1033211 -0.1307351 -0.2870874 -0.0945783 0.2231929 -0.0037497 -0.1286361 -0.0828815 -0.2805040 0.4675269 0.2952764 0.0956952 0.1963360 0.1780235 0.0942936 0.0117574 -0.1362749 0.1378959 -0.2488962 0.1704961 0.2289684 -0.0861245 0.0273521 0.3065944 -0.0544417 -0.1480700 0.1102405 0.0446374 0.0308943 -0.0008838 0.0296418 0.0927301 0.0795763 -0.0597510 -0.1407156 0.0331491 0.0237588 0.0563397 -0.1083037 -0.0085350 0.0830770 0.0139882 -0.0538358 0.1144571 0.0961418 0.2530878 0.1461491 -0.3297772 -0.1022354 -0.2479327 0.0623115 0.1322387 0.2264919 0.1122133 0.1625059 0.4247011 0.1879667 0.3530533 0.6355239 0.1684843 0.2439644 0.0854847 0.1659569 0.1661713 -0.0043159 0.1606622 0.1316428 -0.0085409 -0.1473698 0.0922681 0.2210089 -0.0365237 -0.0199536 -0.1050477 -0.0454788 0.0202193 -0.0761903 -0.0958154 -0.2080763 -0.2525586 -0.2336866 0.0338426 -0.0716417 0.0094591 -0.0722102 -0.1586764 -0.1627274 -0.1526190 -0.1176444 -0.1046589 -0.2661180 -0.0385953 0.4245428 -0.3652563 0.3586800 -0.0849392
