0.0000000 0.3789038 0.3476500 0.1805797 0.1600852 0.3476137 0.6356446 -0.1668915 -0.2830220 -0.1778805 -0.1251826 0.3887862 -0.0419408 -0.1872428 -0.2313038 -0.0632392 -0.1415166 -0.1080731 -0.0817012 0.2782290 0.0600139 -0.0482685 -0.0867947 0.0433733 -0.0900465 -0.0943821 0.0519022 0.4079728 0.1245477 0.4731408 -0.1042000 -0.1688168 0.2969901 0.0879419 -0.2874186 0.1129141 -0.1911173 -0.1390399 0.2845237 0.3298562 -0.2564628 0.2160719 -0.0944816 0.1121110 0.0783811 -0.1207649 -0.1731489 -0.1989006 0.1099932 -0.0227623 -0.2970759 -0.1003545 0.1078379 -0.1591558 -0.0759343 0.0270018 -0.1042642 -0.0691052 0.1778752 -0.2996421 0.0110356 -0.3520506 0.1245503 -0.2343412 0.1531139 -0.0217524 -0.1012560 -0.0856260 0.0454653 -0.2003293 -0.0498629 -0.3500497 0.0342975 -0.2534628 -0.1356767 0.0987377 -0.2792262 0.0592894 0.1407134 -0.2249227 0.0329855 0.4723382 0.5099719 0.5135893 0.5784775 0.4191467 0.0443910 0.5330270 0.3814312 0.6692287 -0.1086921 -0.1744653 -0.0892574 0.3551452 0.1872697 0.3004507 -0.3948290 0.2155085 0.2403781 0.5566303 0.5879030 0.1083109 0.3675738 0.6680653 -0.0500599 0.4860804 0.4756582 0.3789582 0.2029297 0.4959886 0.4880999 0.4892231 0.3850347 0.1310688 0.1794280 0.2699912 -0.2069007 0.0667997 0.0394615 0.0685144 -0.1209403 -0.2184699 0.3500215 0.2794678 -0.0259288 0.2794858 0.3387001 0.3707974 0.1124556 0.6620193 0.3751168 -0.0638903 0.3793523 0.4204296 -0.1725882 0.4939844 0.5603081 0.0755389 0.1960762 -0.2185382 0.4245487 0.0637630 0.1655005 0.5061525 0.4022820 0.6843875 0.2219725 0.1274610 -0.0629300 0.3996227 0.0722899 0.4638575 0.2178053 0.1638613 0.3375689 0.4937954 0.4629471 0.3179284 0.3609274 0.4245425 0.3066106 0.3097125 0.7128452 0.5460587 0.5104983 0.6222257 0.1086566 -0.0648359 0.1563900 0.4356195 0.4219498 0.1433367 0.4601427 -0.0559466 0.3323665 0.5286700 0.3874190 0.0453839 0.2445963 0.3071873 -0.1389778 0.2169065 0.1374582 0.0648232 0.2955901 0.1124856 0.0362047 -0.3582589 -0.2922038 -0.3578694 0.0090704 -0.2829792 0.3760547 0.2641036 0.1594770 0.4403542 0.4947511 0.4870720 -0.0548462 0.3265355 -0.5138320 -0.2392651 0.3527413 -0.0190552 0.2264668 0.2417927 0.2942324 -0.0249937 -0.2579691 -0.0452315 0.3380227 -0.0015261 0.4177212 0.3213491 0.0025279 0.3283907 0.4746615 0.1676680
0.3789038 0.0000000 0.2232982 0.6693067 0.0217289 0.7817430 0.6720737 0.1268312 0.1164234 0.1512695 0.1437485 0.4529746 0.1531260 0.1386612 0.1355568 0.2154625 0.2943861 0.0218195 0.3690320 0.0290557 0.2831716 0.1665880 0.2565163 -0.4171324 0.4182486 0.2558760 0.3300510 -0.3010794 -0.2895513 -0.0061390 -0.1656842 0.3093740 -0.3405005 -0.4643890 -0.0897263 0.6562143 0.2211916 0.3261705 -0.4704540 -0.3742529 0.0739769 -0.0296264 -0.0125221 -0.5206749 -0.4585902 0.2002433 -0.0188448 0.2313704 -0.4421136 0.2035749 -0.4173864 -0.5233398 -0.4315581 -0.5354246 0.2656132 0.3290593 0.1967145 -0.2325821 0.7853100 -0.2563392 -0.1025126 -0.3093995 0.3683585 -0.2476829 -0.3968542 0.3342752 -0.3815578 0.1613024 0.1542847 0.2663550 0.0867857 -0.2750881 -0.2735747 -0.0736349 -0.0066858 0.4170177 0.0661296 0.1736931 0.2496895 0.1814719 0.3520982 0.4142624 0.4216515 0.3789282 0.3129050 0.2619606 0.2535824 0.2657530 0.0995230 0.3292596 0.1016083 0.1911567 0.3225865 0.1592211 -0.2106546 0.0247647 -0.0382019 0.2773382 -0.0499356 0.5084092 0.3853201 0.3074235 0.2677873 0.4625922 -0.0029853 0.0970578 0.1925690 0.3791127 0.2201391 0.2206279 0.0981405 0.5759384 0.2517676 -0.3145194 -0.1393713 -0.0806855 -0.5526791 -0.1288654 -0.2931161 0.1473745 -0.6214646 -0.7245092 0.5886725 -0.0578515 -0.2291868 0.3086618 -0.3052947 0.4644243 0.2679302 0.1397307 -0.2712694 0.2485470 0.1962141 0.1794224 -0.5198043 0.6285527 0.0694674 0.1844376 -0.0321895 0.0821402 0.0897989 0.1973206 0.1883723 0.2383351 -0.1442638 0.6043003 -0.0053650 -0.4239875 -0.6721832 0.5626155 0.4230060 0.0213321 0.1051016 -0.0491322 0.2248888 0.2366079 0.5119186 0.0205618 0.4579319 0.5306186 0.2645940 0.4864119 0.4351848 0.6291329 0.2509974 0.4227149 -0.0677294 -0.0702370 0.3193412 0.5202118 0.1848857 -0.2186130 0.2115892 0.5797420 0.8752832 0.6765215 0.4201245 -0.3335109 0.4234188 0.2959681 -0.3798899 0.7652679 0.7168165 0.6244493 0.7146036 0.0189875 0.4289074 0.0786481 0.0694490 -0.2282549 0.2629346 0.1456108 0.3427293 0.2855571 0.2348912 0.3854921 0.5276743 0.3536212 0.2377169 0.4582140 0.0947649 0.0652479 0.6245172 0.1846591 -0.0979174 0.4701579 -0.0196079 -0.2146304 0.0475773 0.1901592 0.6178340 -0.0222810 0.3393907 0.0087467 -0.1020372 -0.0818220 0.3345224 0.2902915
0.3476500 0.2232982 0.0000000 0.1198871 0.8392485 -0.0617354 0.2450143 -0.0066367 -0.0098945 -0.2430958 -0.1396046 -0.0087353 0.3834967 -0.0311453 0.0505670 -0.0456311 -0.1424033 0.4011700 -0.1438326 0.7508013 0.4113879 0.2698307 -0.0425006 0.0562988 -0.1121159 0.0215305 0.1523345 0.1147368 -0.0648756 -0.1723615 0.6206857 0.0674839 0.1422360 0.1510867 0.2024783 0.4168130 0.1469928 0.1122969 0.3346047 -0.1585181 0.4485992 0.2955639 0.0937052 0.1883896 0.1410983 -0.0139004 0.0914573 0.1967563 0.2995516 0.2693151 0.1739197 0.1819459 0.2254940 0.2051775 0.0474438 0.0807838 0.1746555 0.2811655 0.1553314 0.1636559 0.2156913 0.3123548 0.0832479 0.0630881 0.2970263 0.1309345 0.4035105 0.5097962 0.1464564 0.0132285 0.1772960 -0.2763416 0.5577566 -0.0094889 0.1116251 -0.0550377 -0.2470280 0.1162629 0.0194591 -0.1579155 -0.1056285 -0.1207310 -0.0497697 -0.0625340 0.1255224 -0.2622436 -0.1708786 -0.0210514 -0.0127615 0.0672908 -0.2162055 -0.2028028 -0.1361286 -0.4989751 -0.1480396 0.1202634 -0.3709741 -0.1671476 -0.3470625 -0.0677756 0.1382234 -0.2746741 -0.1435386 0.0166205 -0.2551314 -0.3302968 -0.0967789 -0.1414960 0.0227755 -0.1229752 0.2601036 -0.0907593 -0.2638360 -0.2515109 -0.2966879 -0.2481346 -0.2233768 -0.2171284 -0.4869000 -0.2017311 -0.2016179 -0.0933353 -0.2229626 -0.3829904 -0.2268890 0.0418722 0.0585782 -0.2691964 -0.0667949 0.0163690 0.1340477 0.2125428 0.0100201 -0.2440824 0.2856136 -0.0133779 0.0929707 -0.1655588 0.1686241 -0.2034770 -0.2822610 -0.0655668 0.6611912 -0.2064767 0.0141807 0.0939817 0.0521016 0.2085740 0.0041953 0.3156059 0.0182820 -0.1867820 -0.1221247 -0.5910035 0.1128126 0.1370033 0.2283052 -0.0460965 0.5528051 0.1689297 0.2335757 0.1995170 0.3163027 0.4372431 0.2382833 0.3203569 -0.1831896 -0.5018011 0.0291794 0.3721052 0.0277162 -0.1414210 -0.0284589 -0.3705726 0.0697417 0.5555833 0.2287973 0.2671606 0.6232387 0.5624573 -0.0438013 0.3027309 0.1765900 0.1562863 0.3291735 0.4297248 0.3965552 0.1348625 -0.0505915 -0.1748992 -0.1792929 -0.1775401 0.5016064 0.0546235 -0.2089732 0.1041472 0.3816861 0.6827940 -0.0338057 -0.0727720 0.2849061 0.1087214 -0.0531082 0.2778288 0.6739535 -0.0615935 0.0288451 0.3934008 0.4427524 -0.0135365 0.0531210 0.2079715 0.5926563 0.4007354 -0.1753052 0.3151082 0.7940568 0.6350029
0.1805797 0.6693067 0.1198871 0.0000000 0.0993213 0.8198877 0.2419870 0.4256146 0.5905264 0.6098932 0.4591199 0.3852576 0.0876116 0.4041504 0.2654440 0.2641744 0.5389392 0.1719816 0.3482875 0.0806809 0.3240035 0.2573163 0.5052621 -0.0780871 0.4003333 0.3783979 0.5601603 -0.3262759 0.1153832 -0.1117686 -0.0324690 0.3590576 -0.2607970 -0.2776551 0.2311615 0.4413446 0.2854930 0.3769324 -0.1812774 -0.1784828 0.1197140 0.0860129 0.3834512 -0.3930438 -0.2577716 0.3402784 0.1738097 0.3213970 -0.3640926 0.3680138 -0.0818300 -0.0289430 -0.2928491 -0.0794145 0.3733592 0.4097573 0.2907363 0.1142870 0.5992299 0.1231292 0.1598638 0.2064491 0.4391713 0.1042537 -0.3463072 0.4133174 -0.0236528 0.5335483 0.3529050 0.6178087 0.3892869 0.2149090 0.1101494 0.3661431 0.3077970 0.7068633 0.4535078 0.4629275 0.5855839 0.5372063 0.5426825 0.0843228 0.0044687 0.0424877 -0.0063695 0.1867915 0.3845387 -0.1814678 -0.0167245 -0.0595876 0.3912079 0.5074644 0.5010120 -0.2380529 -0.0476666 0.1232881 0.3328547 0.4302081 0.0483893 0.0387322 -0.0356471 0.2984027 0.0097165 -0.0081296 0.3860430 -0.0058313 0.0312697 0.2085723 0.2361595 0.0044021 0.2082262 0.3695946 0.1545158 -0.2348142 -0.0793330 -0.1087944 -0.3610725 0.2087056 -0.1412448 -0.0645008 -0.3627351 -0.3199754 0.3879110 -0.0627351 -0.2054206 0.1208956 -0.1191817 0.4237036 -0.0350110 0.0031765 -0.3314696 0.2888497 0.3315931 0.3981779 -0.5522647 0.5457165 0.1776498 -0.1646071 -0.2547400 -0.3216969 0.0766529 -0.2260901 0.2477771 -0.1561202 0.0048974 0.3184870 -0.3391234 -0.7010209 -0.6936349 0.1078764 -0.0585685 -0.1402418 -0.1998467 0.0618995 -0.2352402 -0.0598885 0.2181839 -0.2621738 0.1637964 0.1326267 -0.1468163 0.0583616 0.1358238 0.2504478 -0.1004742 0.1227028 -0.0531575 -0.2806436 0.2610341 0.2668607 -0.1771682 -0.0995809 0.0040934 0.3499711 0.5364447 0.2696024 0.2852679 -0.2699801 0.1002685 -0.0214896 -0.3814050 0.4710851 0.4244594 0.2835362 0.5456195 0.1247629 0.3694661 0.4925286 0.4616406 0.2947524 -0.1365640 0.4401591 0.4466354 -0.1824169 -0.1276387 -0.0396787 0.0358223 0.1433158 0.5471788 0.0354343 0.4213656 -0.1816973 0.1552755 -0.1997920 -0.2036685 0.5443928 -0.2248141 -0.1568456 0.4049572 0.3702301 0.0356232 -0.2961452 0.3075790 -0.1418672 0.2371650 0.0055546 0.2365661 0.4218395
0.1600852 0.0217289 0.8392485 0.0993213 0.0000000 -0.0454855 0.0355957 0.1351936 0.1348886 0.0041555 0.0287683 0.0743887 0.4494085 0.0993502 0.0502952 0.0587061 0.0337335 0.3266659 -0.0723676 0.7506876 0.4358525 0.4055563 0.1441374 0.1193377 -0.0449977 0.1476712 0.2770866 0.1328499 0.1428776 -0.2586840 0.7672607 0.1928562 0.0970183 0.2347408 0.4317699 0.3497650 0.2814295 0.2318252 0.4359502 -0.1160523 0.5765842 0.3944608 0.3874270 0.2195723 0.2301554 0.1903856 0.2807271 0.3400293 0.3597808 0.3872304 0.4351325 0.4793975 0.3326248 0.4046588 0.2365340 0.2242948 0.3222854 0.4831309 0.0580687 0.4520365 0.3524876 0.5971492 0.1810324 0.3624619 0.3825403 0.2607138 0.5988946 0.6174918 0.2666957 0.2250279 0.4084008 0.0619846 0.6582232 0.3107059 0.3361900 0.0087401 0.0210393 0.3415223 0.1340542 0.0866022 0.0585799 -0.3086915 -0.2023886 -0.1435293 0.0285661 -0.2837315 0.1072422 -0.1262175 -0.0721429 -0.0709293 0.0401138 0.0285798 0.0211194 -0.5799433 -0.0345887 0.0778952 -0.2423886 -0.0655984 -0.3198580 -0.1767227 0.0593234 -0.1226866 -0.2650617 -0.1326228 -0.0510812 -0.3546609 -0.1295855 -0.1457109 0.1381056 -0.1698527 0.2375465 -0.2222915 -0.3463642 -0.0825660 -0.2245723 -0.2401681 -0.0264406 0.0153249 -0.4001145 -0.2137156 -0.0195837 0.1844581 -0.2156259 -0.2646642 -0.0946759 0.1565879 0.1802166 -0.1877290 -0.1613647 0.1261038 0.1795103 0.2109827 0.0433173 -0.0736277 0.1102185 -0.0211784 0.1258962 -0.3517787 0.1818260 -0.2948024 -0.3490315 -0.1826995 0.6755093 -0.3540728 0.0414259 -0.0625614 -0.0780426 0.1403683 -0.1088267 0.2150633 -0.1096895 -0.2182286 -0.2341680 -0.4453672 0.0155650 0.2228528 0.2560267 0.0250511 0.4922613 -0.0743002 0.2830787 0.0320591 0.2454408 0.2662564 0.2286860 0.2179958 -0.1152215 -0.6117791 0.0542553 0.2206510 -0.0959830 -0.1052049 -0.0176311 -0.4784295 -0.1133086 0.2874761 0.0890558 0.1815887 0.3627087 0.2941617 -0.1584044 0.1862281 0.1175266 0.0988692 0.3089590 0.6182760 0.4547196 0.4470077 0.2362818 0.0954877 -0.3368512 0.0772413 0.5241008 -0.1694919 -0.3212300 -0.1126787 0.1739809 0.5678354 0.2011464 -0.2318008 0.4011363 -0.1825870 -0.3095246 0.0227345 0.6092972 0.0020396 -0.2462395 0.2998734 0.5483622 0.0455683 -0.2053565 0.0089406 0.5537491 0.0932675 -0.0338047 0.2278310 0.6311267 0.7008946
0.3476137 0.7817430 -0.0617354 0.8198877 -0.0454855 0.0000000 0.4835887 0.2338378 0.4289162 0.4843582 0.3425406 0.4206712 0.0438636 0.2905071 0.1805768 0.2903133 0.4928793 0.0589022 0.3506884 -0.0467816 0.0507016 0.1874692 0.4919677 -0.1762601 0.3824892 0.3177882 0.5104551 -0.1214881 0.0219257 0.1047480 -0.1885899 0.2847816 -0.1705780 -0.3029470 0.0555364 0.3770187 0.2022773 0.3181692 -0.3262760 -0.0753330 0.0101486 0.0846151 0.2783295 -0.4052502 -0.2962623 0.2883634 0.0870030 0.2555005 -0.3698742 0.2960064 -0.2394204 -0.2235600 -0.3212830 -0.3176295 0.4028219 0.4608278 0.2377467 -0.1127338 0.6683409 -0.0235652 0.0538650 -0.0637496 0.5346741 -0.0444819 -0.3763841 0.4192028 -0.1905309 0.2798771 0.3298468 0.4845597 0.3450618 0.0700017 -0.1092096 0.2032782 0.2540216 0.6470363 0.3537605 0.4586285 0.5558642 0.4283245 0.5547206 0.3122323 0.3304570 0.3553977 0.2673250 0.4642813 0.5071085 0.1289711 0.1357496 0.1889911 0.4602537 0.4629119 0.5513570 0.1013295 0.1037113 0.1734442 0.2283749 0.4772228 0.2625502 0.3406951 0.1981807 0.5047265 0.3022871 0.2766994 0.3673818 0.2635239 0.3142392 0.4435729 0.3690272 0.3342509 0.2406292 0.5513267 0.4005389 -0.0146333 0.0252587 0.1386158 -0.3728992 0.1238976 0.0051538 -0.0516987 -0.4501518 -0.5174535 0.7143282 0.1352031 -0.1743586 0.2268673 -0.1943920 0.7134231 0.0662617 0.2131136 -0.2867147 0.1616576 0.3437137 0.4404427 -0.6400248 0.7214948 0.2362999 -0.1036579 -0.1298928 -0.2538389 0.0774917 -0.0966417 0.0150382 0.1139332 0.0975521 0.5517107 -0.1829621 -0.5024586 -0.7777509 0.2690286 0.1081078 0.0230907 -0.0608494 0.0849182 0.0262836 0.2385384 0.4575067 0.0070740 0.2814152 0.2300086 0.1169795 0.1773214 0.3829163 0.3832103 0.1094564 0.2733786 -0.0333738 -0.0589688 0.3078186 0.2510209 -0.0589366 -0.2052675 0.0746274 0.4575540 0.6221682 0.3395436 0.2870781 -0.4343467 -0.0310130 -0.0780858 -0.5182333 0.5799818 0.5365032 0.4082822 0.5923699 0.0272162 0.3311549 0.2689915 0.3009428 0.1197685 -0.1012883 0.3579906 0.3419227 -0.0683872 -0.0018248 0.1125250 0.1969470 0.1091453 0.4997385 0.1659749 0.2089304 -0.2292267 0.3836704 -0.2118593 -0.2747528 0.6011900 -0.2352272 -0.4039830 0.2030690 0.2817509 0.3091941 -0.3268851 0.3181434 -0.3286799 0.0392774 -0.1662518 0.1556073 0.3368283
0.6356446 0.6720737 0.2450143 0.2419870 0.0355957 0.4835887 0.0000000 0.0815185 -0.3830972 -0.1386777 0.1190142 0.5343269 0.2852296 -0.2589304 -0.2626641 0.3010839 0.1314947 -0.2065044 0.3293480 0.1717034 0.2762188 0.2934493 0.1796850 -0.3440480 0.3269253 0.2224294 0.2350764 0.1242384 -0.1715228 0.4983049 0.0279764 0.2480141 -0.0109883 -0.2516709 -0.1355358 0.5806736 0.1789319 0.2874050 -0.1298376 0.0315503 0.1291709 0.0852366 -0.0695731 -0.3022018 -0.2865176 0.2041741 0.0060065 0.2114894 -0.2489592 0.1828535 -0.2927719 -0.5484630 -0.2480218 -0.6745428 0.2933420 0.3254837 0.1990135 -0.3207914 0.3857764 -0.2752000 -0.0819335 -0.5111223 0.3783868 -0.3055159 -0.1851778 0.2762497 -0.3071246 -0.0933488 0.1711965 0.0751287 0.0049408 -0.3152788 -0.2479123 -0.1709858 -0.0452617 0.3141156 -0.0872940 0.1432356 0.2630376 0.0287734 0.3032924 0.6527199 0.7796855 0.7295447 0.7532933 0.5519787 0.2066521 0.6205844 0.5951346 0.7201070 -0.1330430 -0.2735009 0.0921624 0.3770808 -0.0093471 0.1162065 -0.3140517 0.1684615 0.0353886 0.4577219 0.4350614 0.3415565 0.6678390 0.4638700 -0.0922571 0.3245055 0.5878166 0.5141732 0.4237731 0.5696288 0.4334870 0.6124745 0.4331627 -0.1425315 -0.2895808 0.0846729 -0.6080869 -0.2748143 -0.1459406 0.3197085 -0.4922778 -0.5725689 0.7006630 -0.0830183 0.0073832 0.4041486 -0.0860073 0.6055551 0.4795600 0.4297056 0.1159476 0.3481461 0.3921776 0.2985898 -0.1813934 0.6654739 0.4745348 0.4508433 0.4442625 0.1600443 0.2760409 0.4763567 0.3355241 0.6104219 0.3830303 0.8241282 0.4627304 0.1521797 -0.3839014 0.7600689 0.5959102 0.4067140 0.4214072 -0.0365155 0.5752867 0.6218785 0.7516146 0.4581048 0.6539662 0.7755497 0.5339893 0.7123280 0.7936303 0.8237256 0.5686120 0.7308075 0.0467295 0.0637463 0.2865949 0.6356550 0.4655844 -0.1703990 0.6007047 0.3441368 0.6124563 0.6590176 0.4116606 -0.4064594 0.4870124 0.2278156 -0.4378469 0.6320521 0.4540860 0.4713042 0.6134898 0.0924453 0.3339577 -0.1653465 -0.1490291 -0.3367057 0.3917068 -0.0436170 0.1374714 0.5914688 0.4710832 0.7120600 0.6568426 0.3103809 0.1346741 0.6241530 -0.3177862 -0.1333019 0.6605836 0.2723269 0.2310097 0.3285942 0.3309444 -0.1355098 -0.2208232 0.1357316 0.6818008 -0.0394032 0.4981193 0.1862478 0.0487957 -0.0231110 0.4155756 0.0419919
-0.1668915 0.1268312 -0.0066367 0.4256146 0.1351936 0.2338378 0.0815185 0.0000000 0.1399302 0.6990710 0.9387775 0.3098986 0.7462125 0.6059084 -0.1104370 0.8757138 0.8954382 -0.1898168 0.8300494 -0.0921063 0.3622605 0.7875111 0.8636863 -0.3982307 0.8307597 0.9239632 0.7619437 -0.1413370 -0.0465142 0.2690325 0.2993735 0.8665804 -0.5104788 -0.4329309 0.7773969 0.4741330 0.8982669 0.8788239 -0.0817355 -0.1309533 0.6233967 0.0344076 0.7678937 -0.5602936 -0.3474075 0.9247365 0.8724421 0.8583751 -0.5148875 0.8114599 0.5735780 0.1685684 -0.3753650 -0.2540389 0.8597456 0.8489513 0.8867776 0.0059323 0.2192272 0.6254623 0.1963346 0.2920723 0.7211032 0.2360578 -0.4888382 0.8561815 0.1582488 0.3671620 0.8197246 0.7433871 0.7761654 0.7259864 0.0690661 0.7065136 0.7986199 0.6911606 0.9045620 0.7867224 0.6299064 0.9228742 0.8613635 0.1999473 0.1598448 0.1933033 0.0822346 0.2757923 0.5448625 -0.1118624 0.1349929 -0.0697526 0.3953716 0.3798679 0.5895714 -0.3102047 0.2109723 0.0545763 0.6188826 0.6157273 -0.0916960 -0.2648696 0.0136181 0.5508873 0.3055406 -0.1433415 0.6064027 0.1450103 0.2832521 0.4606628 0.5781371 0.2044188 0.2167996 0.3299889 0.3233044 0.1832977 -0.1269868 0.2728976 -0.1277379 0.2618852 0.2339445 0.1894967 -0.3222314 -0.0059500 0.2583567 -0.3819100 0.1812530 0.2218125 -0.1657213 0.3567406 0.4029398 -0.0210170 -0.1208366 0.2964076 0.3856817 0.2874254 -0.2620080 0.4528010 0.3779428 0.2036497 -0.1441526 -0.0588881 -0.0921669 0.1468024 0.2557593 0.0102082 0.2215859 0.3022073 0.0902545 -0.3073376 -0.3487825 0.3157975 0.1674261 0.0149508 0.1753023 0.0369963 0.1629994 0.1367591 0.3509277 0.1467963 0.3261818 0.2320779 0.3373693 0.3566957 -0.0855585 0.0739322 0.2094256 -0.0747093 -0.1129233 0.1675675 0.5398542 0.4627848 0.2013479 0.0430232 0.1228638 0.4664245 0.1722072 -0.1345992 -0.2247215 -0.5223744 0.0319977 -0.4310649 -0.5531910 0.2990334 0.4564315 0.3008252 0.3369750 0.0896677 0.3313146 0.7378947 0.8899310 0.6581503 0.2033258 0.9169577 0.2322677 0.0776850 0.1561085 0.0365292 -0.3629246 -0.2813186 0.8808506 -0.0206905 0.1294172 -0.3569622 0.0871843 -0.3994152 -0.0936880 0.6622892 -0.5027559 -0.3863366 0.1610847 0.7948898 0.2029794 -0.3608459 0.4104389 -0.3211734 0.7772236 -0.4760033 0.2199644 -0.0544933
-0.2830220 0.1164234 -0.0098945 0.5905264 0.1348886 0.4289162 -0.3830972 0.1399302 0.0000000 0.6668136 0.2341080 -0.1302784 -0.2264285 0.6220010 0.7780035 -0.0684163 0.2732195 0.6376701 -0.1212758 0.1094467 -0.0252959 -0.0828803 0.3017895 0.4862713 -0.0701558 0.0163624 0.2782933 -0.0006563 0.4300008 -0.4329092 0.0034142 0.0146713 0.1757089 0.2909334 0.3273421 -0.0799743 -0.0136018 0.0086967 0.0043275 -0.1591904 0.1125319 0.4103366 0.4126473 0.1801286 0.3278371 0.0747825 0.0696403 0.0983180 0.2210240 0.2311185 0.2382547 0.4646069 0.2781324 0.5401752 0.0962510 0.1621113 0.0111001 0.5617679 0.1913515 0.3941981 0.5711636 0.6565369 0.1518615 0.5995179 0.1632525 0.0521044 0.4136844 0.5915540 0.0594424 0.5274826 0.3220431 0.4485224 0.4518340 0.5641967 0.2515040 0.3998408 0.3698085 0.3134677 0.4266684 0.3526326 0.1802880 -0.3656002 -0.4478168 -0.3728021 -0.3638750 -0.0241226 0.3473358 -0.5337759 -0.1065028 -0.4595736 0.6410111 0.6951801 0.4061238 -0.5011828 0.1966466 0.2627147 0.5281355 0.2576241 0.2761674 -0.3581625 -0.4301584 0.1151706 -0.3330042 -0.4605325 0.5055251 -0.1838257 -0.1365969 -0.1600321 0.1670748 -0.1531545 0.2210243 -0.0411471 -0.2723713 0.0633742 0.0739840 -0.2261410 0.1860625 0.2581702 -0.0646204 -0.2987644 0.1571433 0.1456380 -0.0861900 -0.1973706 -0.1849993 -0.2399758 -0.0394268 -0.0108533 -0.4383934 -0.4013620 -0.2574894 -0.0464791 -0.2761437 -0.1865631 -0.0562089 -0.0383844 -0.3505736 -0.6350680 -0.4053128 -0.5370233 -0.1001214 -0.5649797 0.0397397 -0.6465209 -0.2734353 -0.2297557 -0.4735038 -0.3728692 -0.2565253 -0.4157053 -0.4143676 -0.6040784 -0.4166971 0.0015794 -0.4042950 -0.4014488 -0.1838427 -0.5188041 -0.0759463 -0.5121823 -0.3841782 -0.3820887 -0.3704110 -0.2527766 -0.2996226 -0.4274643 -0.1353099 -0.1699304 0.0765497 -0.2320769 -0.3796330 0.0360949 -0.4767790 0.0008458 -0.0182185 -0.2211570 -0.0673107 -0.0444278 -0.3780275 -0.3460599 -0.2990493 -0.0937225 -0.0165243 -0.2004386 -0.0234333 0.2280667 -0.0242599 0.4606701 0.3712131 0.5385120 -0.5197172 0.3036923 0.3446890 -0.6396892 -0.5856466 -0.6002990 -0.3317517 -0.1584582 0.3318584 -0.4700251 0.7219667 -0.1912765 -0.3895451 -0.3004983 -0.1431451 0.2073753 -0.3784385 -0.1371170 0.6309228 0.0508394 -0.4575627 -0.4696298 -0.0192285 -0.5266531 -0.1378975 0.0357300 -0.0681964 0.3135785
-0.1778805 0.1512695 -0.2430958 0.6098932 0.0041555 0.4843582 -0.1386777 0.6990710 0.6668136 0.0000000 0.8230770 0.3101828 0.2395656 0.7860719 0.4278228 0.5514495 0.7974069 0.1153344 0.4879183 -0.1397962 0.2296458 0.3942995 0.7774493 0.0500325 0.4841552 0.5787146 0.7163374 0.0133609 0.3931132 0.1248641 0.0082485 0.5125540 -0.1960801 -0.0786570 0.6525985 0.1809498 0.4763849 0.5081428 -0.0235673 0.0192746 0.3108387 0.2897497 0.8123216 -0.2637687 0.0223902 0.6434431 0.5909747 0.4944964 -0.2051368 0.5763935 0.5082254 0.4446480 -0.0459112 0.1294909 0.5759186 0.6236537 0.5062525 0.3876935 0.1656244 0.6184042 0.4866393 0.5029406 0.5423677 0.5665164 -0.1902427 0.5221657 0.3216140 0.4688828 0.5122882 0.7981658 0.6611164 0.8313995 0.2223648 0.8327122 0.6252726 0.7341082 0.8623172 0.7039122 0.7211199 0.8461177 0.7241755 0.0129212 -0.0368873 0.0558086 -0.0590691 0.4081007 0.6846126 -0.2704192 0.1963666 -0.1947489 0.7622274 0.6958464 0.6770709 -0.3047694 0.4191789 0.3279329 0.8070249 0.6863473 0.3555800 -0.2167725 -0.1125721 0.6066073 0.1450290 -0.2125000 0.8321358 0.2265352 0.3145887 0.3731506 0.5762407 0.2156871 0.3736218 0.3412468 0.1344124 0.3177761 0.1261843 0.1477285 0.1251237 0.4770981 0.2545736 0.1196627 0.0051357 0.0927972 0.2014743 -0.1877740 0.1321661 0.1415313 -0.1242559 0.3453643 0.0595114 -0.1179570 -0.0874611 0.0170361 0.1169936 0.2308635 -0.3036944 0.3436042 0.1473387 -0.1892520 -0.2852049 -0.3265478 0.0563906 -0.2021292 0.0020344 -0.2296951 0.0740702 0.1754975 -0.1186174 -0.4153085 -0.3899224 -0.0541283 -0.1447107 -0.2080848 -0.0200808 0.3399792 -0.0466907 -0.0105698 0.1906413 -0.1135378 0.0457412 -0.1954468 0.0243390 -0.0184591 -0.1891367 -0.1269143 0.0601603 -0.2802132 -0.0160691 0.1447357 0.4951425 0.1473069 0.0522043 0.2870157 -0.0367408 0.4146971 0.1646772 -0.2382382 -0.1254609 -0.3818200 -0.3583781 -0.6343170 -0.5556747 0.0272450 0.2119587 -0.0221911 0.1172592 0.1497403 0.0429611 0.6733821 0.8124843 0.8030556 -0.1121619 0.8207826 0.3681190 -0.3077462 -0.1599574 -0.2756223 -0.4026463 -0.3636046 0.8000846 -0.1758101 0.3082927 -0.5680488 -0.1829017 -0.5682076 -0.3208183 0.6294828 -0.4895327 -0.5350430 0.2440299 0.5210403 -0.1409045 -0.5637089 0.1538430 -0.6748570 0.4657753 -0.3023509 -0.0412316 0.0246378
-0.1251826 0.1437485 -0.1396046 0.4591199 0.0287683 0.3425406 0.1190142 0.9387775 0.2341080 0.8230770 0.0000000 0.3474375 0.6459362 0.6303768 0.0260964 0.8858935 0.9478188 -0.1279184 0.7729775 -0.1341809 0.3213991 0.7362943 0.9405916 -0.3114848 0.7732653 0.8779455 0.8404772 -0.0112587 0.1188854 0.3984508 0.1923243 0.8122474 -0.3970441 -0.3295271 0.8070199 0.4245907 0.8104205 0.8184347 -0.0857687 0.0078334 0.5609509 0.1249308 0.8421358 -0.4917482 -0.2415670 0.8943427 0.8762524 0.7909179 -0.4304836 0.7752742 0.6324026 0.2137644 -0.2773606 -0.2258174 0.8495503 0.8554367 0.8389192 0.1167693 0.1397467 0.6917945 0.3004417 0.3358718 0.7696619 0.3345025 -0.4031252 0.8184796 0.2619216 0.3804687 0.8163289 0.8023868 0.8111782 0.7941027 0.1178863 0.7763990 0.8245119 0.7653957 0.9245746 0.8417066 0.7419160 0.9425839 0.9020809 0.2028912 0.2011127 0.2589642 0.1148323 0.4464546 0.6148085 -0.1367153 0.2700486 -0.0879844 0.4976736 0.3905660 0.6616381 -0.2913113 0.3083070 0.1708331 0.7469183 0.6819312 0.0957327 -0.2445980 -0.0213471 0.6635881 0.4205240 -0.1382955 0.7124978 0.2505544 0.4306713 0.5230224 0.6625023 0.2906105 0.3349287 0.3866414 0.3329075 0.2291753 -0.1665995 0.2772443 -0.1383900 0.2315006 0.2330692 0.1794127 -0.2991446 -0.0342346 0.3316999 -0.3852123 0.1475265 0.2003790 -0.2536136 0.4366404 0.3423286 -0.0643207 -0.1117968 0.1746106 0.3415976 0.3070850 -0.2457899 0.4527014 0.4049558 0.1340718 -0.1635804 -0.1364822 -0.0248339 0.0898103 0.1745792 0.0390892 0.2617940 0.3616673 0.1052570 -0.2720038 -0.3397373 0.2560207 0.1102992 -0.0212227 0.1276552 0.1823118 0.2049248 0.1759122 0.4323011 0.1081499 0.2635024 0.1487011 0.2887045 0.2750889 -0.0440049 0.0651002 0.1926696 -0.1192402 -0.0462139 0.2186854 0.5616770 0.4078685 0.2027787 0.1226941 0.1686523 0.5018737 0.1467728 -0.1777723 -0.2398481 -0.5762559 -0.1205626 -0.5535693 -0.6232328 0.2367136 0.3724090 0.1946488 0.2743621 0.1199303 0.2361776 0.7035362 0.8924975 0.7410704 0.1331037 0.9399099 0.3182651 -0.0132373 0.0928688 -0.0080813 -0.3770675 -0.3668548 0.9135762 -0.0525410 0.1322970 -0.4529301 0.0980705 -0.4169380 -0.1816298 0.7328636 -0.4504457 -0.5005953 0.1390340 0.8000822 0.1747084 -0.4626931 0.3746233 -0.5053491 0.7471531 -0.4701470 0.1974383 -0.0896310
0.3887862 0.4529746 -0.0087353 0.3852576 0.0743887 0.4206712 0.5343269 0.3098986 -0.1302784 0.3101828 0.3474375 0.0000000 0.2259134 -0.0504001 -0.1850269 0.2983454 0.2945077 -0.4261084 0.4734900 -0.0398820 0.6157649 0.3711333 0.2447451 -0.1885711 0.4282567 0.3380398 0.2480311 -0.1040928 0.2680693 0.2929647 0.0534016 0.3349879 -0.1418509 -0.1492969 0.0559138 0.4864482 0.2360207 0.3663678 -0.0228487 0.1518246 -0.0089475 0.2078545 0.1732410 -0.2349017 -0.1446287 0.4027386 0.1309534 0.1855582 -0.2410772 0.1847824 -0.0970196 -0.0752181 -0.1391090 -0.2474575 0.3638544 0.2823523 0.2121638 0.0266707 0.3442377 -0.0388119 0.1455886 -0.2050808 0.1634856 -0.0149475 -0.1024950 0.2737207 -0.1809500 -0.0274976 0.1985678 0.1919619 0.0928692 0.1252088 -0.1991838 0.1646751 0.0658999 0.3709408 0.2330418 0.2177352 0.2555808 0.2915082 0.3724567 0.3827501 0.3428942 0.2837234 0.2777536 0.4470288 0.5189172 0.2542725 0.4496680 0.4543908 0.2917790 0.1189126 0.1929106 0.2300622 0.2620326 0.0945318 -0.1093920 0.2865506 0.2450618 0.3542686 0.3051768 0.3815396 0.2066529 0.2800493 0.2172323 0.2880974 0.3746114 0.2648754 0.3790376 0.2873428 0.3681172 0.4697764 0.0931504 -0.0186031 0.0958434 0.0409790 -0.0730238 0.4500840 0.1395638 0.6471930 0.0948082 -0.0458759 0.3951693 0.1864691 0.1934282 0.6797831 0.2206149 0.4465362 0.4459705 0.5389348 0.2573239 0.2611676 0.2834237 0.6449559 -0.4043697 0.5802414 0.3836682 0.3298339 0.2060250 0.1950454 0.4757078 0.3408083 0.2717937 0.4423108 0.1514580 0.5270435 0.2849221 -0.1912311 -0.3793705 0.4943510 0.2757915 0.4243256 0.4277568 0.3621526 0.4630858 0.5485501 0.4435545 0.4180405 0.2544170 0.3159004 0.4019073 0.4171494 0.5261347 0.3896202 0.5612182 0.5107428 0.5178259 0.0449833 0.2671755 0.3829576 0.4563865 0.2713414 0.7774847 0.3929550 0.5990081 0.4247025 0.5888514 -0.2196591 0.3335552 0.0981789 -0.1783448 0.3731491 0.4082236 0.4171240 0.5621878 0.3297567 0.4154622 0.2524712 0.1966920 -0.0778089 0.4209540 0.2638738 0.1852542 0.4275089 0.5144018 0.5047617 0.4794557 0.2791765 0.3045254 0.6453963 -0.2725842 -0.4729774 0.2474788 -0.1624722 -0.0203693 0.2693239 0.2005990 -0.2194057 -0.2296076 0.1157970 0.2657110 -0.0095444 0.1721596 0.0592041 0.3494470 0.2004874 -0.0005000 0.0618073
-0.0419408 0.1531260 0.3834967 0.0876116 0.4494085 0.0438636 0.2852296 0.7462125 -0.2264285 0.2395656 0.6459362 0.2259134 0.0000000 0.2925670 -0.2909352 0.8406427 0.6700250 -0.1564538 0.7341860 0.2432122 0.3629319 0.9332938 0.6937996 -0.6049747 0.7195115 0.8449268 0.6851835 -0.0838944 -0.3029442 0.3150587 0.6475934 0.8377428 -0.4933655 -0.4536267 0.7265967 0.6130304 0.9047608 0.8790706 -0.1247513 -0.1690358 0.8268763 -0.0252883 0.5765893 -0.4912199 -0.3988967 0.7911910 0.8337986 0.8761296 -0.4032723 0.8028526 0.5665567 0.0018521 -0.3575726 -0.3641645 0.8039733 0.7733359 0.9050840 -0.0941305 0.2157944 0.5697865 0.0319410 0.2109044 0.6554733 -0.0083255 -0.3822771 0.8581843 0.2470612 0.3986834 0.7896226 0.4777923 0.7118418 0.3233275 0.1958215 0.4010885 0.7354822 0.4404845 0.5497647 0.6892543 0.4379256 0.6182934 0.6676694 0.2241939 0.3068486 0.2700330 0.2390708 0.1616779 0.3521747 0.0743623 0.1246000 0.0384298 0.1048365 0.0102056 0.3777165 -0.3652661 0.1342406 0.0757288 0.2507572 0.2921626 -0.2432377 -0.1543046 0.2006836 0.3687609 0.3807559 -0.0061758 0.2077617 0.0304032 0.2804197 0.4050387 0.4522629 0.1946910 0.1658480 0.1803155 0.2300694 0.0287292 -0.3436671 0.2229878 -0.3198706 -0.0967762 -0.0633701 0.0712281 -0.4972134 -0.1766561 0.1968446 -0.5012961 -0.0532896 0.2393213 -0.3381040 0.2122768 0.4315244 -0.0282903 -0.1463746 0.3039160 0.2910992 0.0673550 -0.0131518 0.3628831 0.3525729 0.2710512 0.0740993 0.0794745 -0.3989241 0.3005614 0.3812395 0.1116027 0.2040206 0.3424738 0.2445250 0.0120249 -0.2716991 0.5697722 0.3709880 0.0166257 0.1887497 -0.4242084 0.4440635 0.3817084 0.5074944 0.3754595 0.5410565 0.3749626 0.6242589 0.4784227 0.2023867 0.2831866 0.3930092 0.1372912 -0.1035576 0.0571561 0.4384565 0.5285933 0.2443530 -0.1288715 0.1485374 0.2548935 0.1091143 0.1682990 -0.2078560 -0.3956350 0.3134190 -0.0689475 -0.4168616 0.4617596 0.5305551 0.4641140 0.4577032 0.2033350 0.5555702 0.5996267 0.6267180 0.2606668 0.1991938 0.6358751 0.2264895 0.2297909 0.1865006 0.2187063 -0.0533381 -0.0034797 0.6607433 0.0299721 0.1038987 -0.1732421 0.1658029 -0.0790311 0.3183475 0.4546088 -0.3622143 -0.2149672 0.2089682 0.5894311 0.4116303 -0.0758524 0.6811463 -0.1323880 0.4570498 -0.4047639 0.5492640 0.1436556
-0.1872428 0.1386612 -0.0311453 0.4041504 0.0993502 0.2905071 -0.2589304 0.6059084 0.6220010 0.7860719 0.6303768 -0.0504001 0.2925670 0.0000000 0.5210664 0.4508079 0.6549054 0.2797598 0.3869213 -0.0224039 -0.0846300 0.3069206 0.6334812 0.0333264 0.4034751 0.5050408 0.5609140 0.1189828 0.1627806 -0.0234450 0.0714833 0.4579157 -0.1968399 -0.0616495 0.6171291 0.0606208 0.4858118 0.4363543 -0.0683661 -0.3692218 0.3802511 0.3488957 0.6989889 -0.2011308 0.0888496 0.5480192 0.5673768 0.4922303 -0.1125346 0.6607333 0.4888933 0.4102015 0.0330119 0.1609756 0.4598466 0.6144445 0.4976863 0.4001159 0.2294890 0.5815751 0.5026301 0.4975865 0.5335419 0.5800022 -0.1280392 0.4933818 0.3177863 0.4925672 0.4464239 0.7078581 0.6246560 0.6999270 0.3029240 0.7557248 0.5840893 0.5809476 0.7409631 0.6281880 0.5742738 0.6805542 0.5692998 -0.0624262 -0.1107160 -0.0191431 -0.1262480 0.1504979 0.4982590 -0.2755680 -0.0411339 -0.2466579 0.6002595 0.7080511 0.4668229 -0.3816518 0.2894657 0.2397598 0.7122514 0.5806930 0.1462955 -0.2732539 -0.0628222 0.3841690 0.0176102 -0.1432000 0.5980103 0.0772819 0.1502964 0.3364392 0.4416959 0.1439562 0.2537175 0.2738800 0.1032377 0.2954530 0.2177685 0.1273238 0.0954563 0.3376709 0.1404997 -0.1390099 -0.1254819 0.0689869 0.0124257 -0.3866101 -0.0154773 -0.1445247 -0.1297339 0.1244754 -0.0858438 -0.2362357 -0.1599925 -0.0001761 -0.0620986 -0.1715869 -0.1252605 0.2447113 -0.0767918 -0.3303821 -0.4918580 -0.4436667 -0.0281100 -0.3406471 -0.0716011 -0.3728189 -0.1724865 0.1655827 -0.2621396 -0.3322581 -0.2612894 -0.0511407 -0.1229431 -0.4386449 -0.1127641 0.0799537 -0.0529885 -0.2040090 0.0690678 -0.2290810 0.1435642 -0.1668299 0.0765806 0.0156764 -0.3504995 -0.1756652 0.0870940 -0.4298419 -0.3631831 0.2330452 0.4652578 0.1920989 0.1060944 0.2003013 -0.3534658 0.3238018 0.1030331 -0.2506561 -0.3969551 -0.2691901 -0.3908996 -0.6114314 -0.5764884 -0.0484450 0.2795535 -0.0750856 0.0022110 0.0623469 -0.0719793 0.5509617 0.7088281 0.7019638 -0.2102717 0.6819963 0.4471292 -0.3921147 -0.3524914 -0.4415053 -0.5486652 -0.4121842 0.6546180 -0.3919673 0.3274206 -0.4068991 -0.1842860 -0.4318823 -0.1529205 0.5941634 -0.6569550 -0.4367079 0.3151561 0.4304815 -0.0438208 -0.5398198 0.1933209 -0.6273882 0.2607365 -0.3131175 0.1331588 -0.0862106
-0.2313038 0.1355568 0.0505670 0.2654440 0.0502952 0.1805768 -0.2626641 -0.1104370 0.7780035 0.4278228 0.0260964 -0.1850269 -0.2909352 0.5210664 0.0000000 -0.2227094 0.0370090 0.8169607 -0.3199789 0.1811634 -0.0248328 -0.2629513 0.0780602 0.5150323 -0.2492651 -0.2259217 0.0594992 0.2129535 0.4658470 -0.2997077 -0.0832388 -0.1463256 0.3190460 0.4461736 0.2021045 -0.1470833 -0.2011122 -0.1759204 -0.0866604 -0.2367184 0.1211206 0.5132569 0.1561330 0.3361002 0.5012865 -0.1399998 -0.0766337 -0.0679516 0.4153890 0.1013112 0.2064732 0.2919726 0.4739306 0.4510333 -0.1345421 -0.0250289 -0.1821406 0.5945761 -0.0404767 0.2812553 0.5830532 0.4744770 -0.0226302 0.5929604 0.3865946 -0.2089167 0.4349063 0.4019608 -0.2093012 0.2447796 0.0732209 0.2415449 0.4293768 0.3738421 -0.0235501 0.1685707 0.0527138 0.0557326 0.2538462 0.0613700 -0.0628275 -0.2767947 -0.3248672 -0.2953668 -0.2630883 -0.0423620 0.1234597 -0.3670205 0.0498982 -0.3371545 0.3499335 0.3567435 0.1208231 -0.3264370 0.1393278 0.3420192 0.4264571 0.0278359 0.3004883 -0.2675084 -0.3073344 -0.0815346 -0.2408473 -0.3221938 0.2344953 -0.1452758 -0.0373386 -0.1970091 0.0485676 -0.0590637 0.2607861 -0.0936023 -0.4897786 0.0008865 -0.0387416 -0.4201882 0.1783881 -0.0058878 -0.2702342 -0.2088102 0.1900801 0.1190420 -0.2491691 -0.3864830 -0.2860531 -0.3741494 -0.1274890 -0.2160997 -0.4612968 -0.5128946 -0.1696916 -0.1940613 -0.6144326 -0.5352592 0.2563357 -0.2550958 -0.5478842 -0.5344763 -0.3304026 -0.3872122 0.0148471 -0.4312980 -0.0007609 -0.5870952 -0.4790435 -0.2220158 -0.2887417 -0.0599189 0.0507567 -0.3750904 -0.2328039 -0.7207585 -0.3289457 0.0093420 -0.1386357 -0.4366879 -0.1800004 -0.5163525 -0.0595772 -0.4462564 -0.3523059 -0.2788619 -0.4312995 -0.2626113 -0.1815104 -0.5421374 -0.1976192 -0.0283932 0.0599375 -0.2284072 -0.1221190 0.1530226 -0.2952010 0.0153077 -0.0366084 -0.1797077 -0.1546504 0.1273687 -0.3326407 -0.3020484 -0.1841144 -0.2746340 -0.1606986 -0.3658239 -0.2416326 0.1782132 -0.3021615 0.1121928 0.0245142 0.3026843 -0.3707968 0.0263933 0.3567407 -0.5338055 -0.5555912 -0.5625758 -0.1474888 -0.1924172 0.0612306 -0.3750464 0.5148492 -0.0468727 -0.2238653 0.1403477 0.0737843 0.1355011 -0.0772815 0.0111399 0.3391533 -0.1485517 -0.2726677 -0.3613925 -0.0344476 -0.4116609 -0.3557250 0.1567645 -0.0267721 0.0406359
-0.0632392 0.2154625 -0.0456311 0.2641744 0.0587061 0.2903133 0.3010839 0.8757138 -0.0684163 0.5514495 0.8858935 0.2983454 0.8406427 0.4508079 -0.2227094 0.0000000 0.8935282 -0.2775283 0.8862355 -0.1295908 0.2532681 0.8464415 0.8925724 -0.6123842 0.8653881 0.9591384 0.8121971 -0.0981078 -0.2414231 0.4670554 0.2614347 0.8878759 -0.5327236 -0.5520473 0.7347226 0.5477939 0.9075448 0.9120863 -0.2744438 -0.0400875 0.6308719 -0.0927159 0.6834961 -0.6348974 -0.4929586 0.9055955 0.8945914 0.8609761 -0.5750358 0.7667134 0.5303426 -0.0523776 -0.4877871 -0.4950221 0.8900494 0.8843303 0.9267939 -0.1734154 0.2825877 0.5607265 0.0519664 0.0982351 0.7671533 0.0183641 -0.5516573 0.9199585 0.1021012 0.2472417 0.8556020 0.6302490 0.7614461 0.5235255 -0.0293831 0.5210363 0.7878749 0.6473741 0.7861285 0.7844949 0.6025178 0.8302916 0.8805738 0.3978873 0.4415674 0.4267855 0.2935775 0.4890084 0.5770696 0.1031887 0.2885139 0.0916795 0.3684612 0.2540836 0.6800632 -0.1797679 0.2966890 0.1592108 0.5839805 0.6548701 0.0284067 -0.0425044 0.2088615 0.7299900 0.6130364 0.0723643 0.5631715 0.3201269 0.5189619 0.6639570 0.6764475 0.4061660 0.2551634 0.4801688 0.5129242 0.2207772 -0.2292497 0.4019730 -0.2841129 0.0484519 0.1892295 0.1988191 -0.5131191 -0.2803295 0.4372012 -0.3770355 0.0687530 0.3101368 -0.4367012 0.4570179 0.5454037 -0.0507034 -0.2058998 0.1327411 0.3441742 0.2255497 -0.2408546 0.5055738 0.3973597 0.3289367 -0.0520606 0.0437340 -0.2263602 0.3234746 0.1605348 0.2483581 0.2985661 0.4898025 0.2664462 -0.1624863 -0.3617735 0.5287828 0.3391675 0.0943361 0.2871100 -0.0523680 0.4415903 0.3515072 0.5880495 0.3559514 0.4575259 0.3675840 0.5902562 0.4875533 0.1369736 0.2560986 0.3764190 0.0563856 -0.0131988 0.3412887 0.6636484 0.5628348 0.3404554 0.0370417 0.1919491 0.5837652 0.2141676 0.0078240 -0.2405677 -0.7049676 0.0618464 -0.3846325 -0.6328207 0.4557501 0.5577480 0.4447100 0.4166160 0.0797461 0.4203711 0.5910342 0.7734577 0.4527085 0.2846036 0.8572345 0.1319461 0.2294676 0.2813717 0.2503817 -0.1942938 -0.2861493 0.8282340 0.1011242 0.0168430 -0.2978764 0.2612215 -0.3477652 -0.0807285 0.6694351 -0.4583771 -0.5896484 0.0780739 0.7878975 0.4746396 -0.3421125 0.5151416 -0.4542512 0.5859271 -0.6438944 0.3343157 -0.0645815
-0.1415166 0.2943861 -0.1424033 0.5389392 0.0337335 0.4928793 0.1314947 0.8954382 0.2732195 0.7974069 0.9478188 0.2945077 0.6700250 0.6549054 0.0370090 0.8935282 0.0000000 -0.1075736 0.8249967 -0.1020666 0.2231138 0.7619641 0.9733907 -0.4704865 0.8444308 0.9098581 0.8836351 -0.1537112 -0.0399823 0.3089742 0.1923189 0.8706215 -0.5605441 -0.4960481 0.7651397 0.4794271 0.8512579 0.8732649 -0.2866128 -0.1207345 0.5929660 -0.0060018 0.8038268 -0.6386540 -0.4092542 0.8965657 0.8509202 0.8417754 -0.5724077 0.8117139 0.5216891 0.0759989 -0.4325382 -0.3154973 0.8808467 0.8987628 0.8704685 0.0061923 0.3187674 0.6365335 0.1616349 0.3054147 0.8352720 0.2226412 -0.5536513 0.8943340 0.1733845 0.4570834 0.8285094 0.8295551 0.8444217 0.6991686 0.0690949 0.7119350 0.8370469 0.8213183 0.9246878 0.8843975 0.7716952 0.9671409 0.9624881 0.2397377 0.2359491 0.2850626 0.1138424 0.4018396 0.6522504 -0.0910585 0.1181941 -0.1173640 0.5181884 0.4801591 0.7371251 -0.2585947 0.2332827 0.1722787 0.7533470 0.6664343 0.0663801 -0.1404017 0.0607896 0.6716768 0.4031075 -0.0587478 0.6557636 0.2468839 0.3577710 0.5631694 0.5893578 0.2671138 0.1966777 0.3797554 0.3813421 0.1545972 -0.1724421 0.2947312 -0.2571725 0.1331307 0.1281646 0.0598408 -0.4696620 -0.1771144 0.4499269 -0.3377670 -0.0222561 0.1810485 -0.3704321 0.5292253 0.2948536 -0.0922918 -0.3280184 0.1883289 0.3588310 0.3163671 -0.3990453 0.5462516 0.3337756 0.1072534 -0.2203296 -0.1102401 -0.1559142 0.0755069 0.1021649 0.0342881 0.1569491 0.3727557 -0.0269006 -0.4376912 -0.5261468 0.2959058 0.1946284 -0.0599977 0.0422241 0.0725247 0.1593326 0.1916593 0.4599022 0.1291395 0.2479604 0.1966261 0.2916751 0.2677534 -0.0140061 0.0841310 0.1298055 -0.1112947 -0.0926754 0.1503662 0.5345031 0.3881925 0.0928322 -0.0396517 0.0545861 0.5570803 0.2380753 -0.1298807 -0.2963638 -0.6213278 -0.1613790 -0.5071503 -0.6322696 0.3764438 0.5196942 0.3290934 0.4004199 0.0516914 0.3383376 0.7478986 0.8979310 0.6576798 0.0880590 0.9464204 0.3210830 -0.0805689 0.0625170 -0.0504012 -0.3569569 -0.3569635 0.9588962 -0.0717768 0.2090241 -0.3824620 0.1838581 -0.3855584 -0.1992781 0.8188409 -0.5305545 -0.5261378 0.2056393 0.7579202 0.2623997 -0.4725727 0.4538848 -0.5616200 0.6364327 -0.5350196 0.2105267 0.0008292
