0.0000000 0.3905547 0.3476393 0.4456003 0.6162822 0.1811019 0.3457265 0.4866782 0.6676731 0.2924742 0.1992479 0.4702955 0.4536016 0.5006706 0.5744628 0.2018512 -0.0245596 0.5755165 0.3241146 0.1949028 0.3407418 0.1462619 0.2195625 0.4382604 0.1709957 0.2768740 0.1792171 0.1745685 0.3175112 -0.0019799 0.1408244 0.2505989 0.2202963 0.2832395 0.1130961 0.3511367 0.1124527 0.3926668 0.0260301 0.3461781 0.2045784 0.2680181 0.0554902 0.1539744 0.5814799 0.3156133 0.1736732 0.5763712 0.2924902 0.4143762 0.1588891 0.2084640 0.5393669 0.3842104 0.6328503 0.4466372 0.2772947 0.5371990 0.5093782 0.2676121 0.6631299 0.3863313 0.6114785 0.5801040 0.5962462 0.3048814 0.4712428 0.4822723 0.3568600 0.4518229 0.4285050 0.3926160 0.6052390 0.6031773 0.3482994 0.7088527 0.5365832 0.4919586 0.6786836 0.4876174 0.4268510 -0.0673586 -0.1117521 -0.1697669 0.1155870 -0.1064359 -0.3452268 -0.1271925 -0.0865607 0.0443424 -0.3410251 -0.3384290 -0.2822063 -0.0354742 -0.5131656 -0.4896204 -0.0903844 -0.2933585 -0.0029959 -0.1609733 0.1012476 -0.2792632 -0.0243053 -0.1422183 -0.0782456 -0.2623358 -0.1528219 -0.1886281 -0.1034531 0.0731464 -0.0236178 -0.1065805 -0.2364839 -0.1517236 0.0050380 -0.1234004 -0.1474989 -0.0484036 -0.1217856 -0.1272631 0.1249707 0.0369130 -0.1796673 0.1188819 0.1474637 0.0592473 -0.0058801 0.0265681 -0.1365061 0.1974157 0.0605875 0.0897097 0.0779294 -0.1008229 0.1383450 -0.0692768 -0.0280169 0.0476551 0.0130399 0.0588850 -0.1188301 0.1989764 0.3157032 -0.1162967 -0.1586607 -0.2778368 0.0645853 0.0977790 0.0321317 0.1171547 0.1160957 -0.0802562 -0.0397325 -0.2462545 -0.0519560 0.0600699 0.6054935 -0.0688353 0.4553930 0.2814845 0.0304305 0.0657844 0.0562584 0.4435488 -0.0912657 0.1347876 -0.0663654 0.0606798 0.5238866 0.0277208 0.0360282 0.0140685 0.7563212 0.6437453 0.3236027 0.1602072 0.4352679 0.2471216 0.5922989 0.5382380 0.4603276 0.5791793 0.3655510 0.4698647 0.6363024 0.7243488 0.5955110 0.6233000 0.5484715 0.4520046 -0.1001952 0.4744164 0.5494944 -0.5318400 -0.2807980 -0.2294841 0.1169091 0.4416573 0.4966175 0.0566920 0.3642228 -0.0510614 -0.2657124 -0.2801302 0.1486635 0.5895146 0.3716385 0.4877051 -0.0464489 0.6086775 -0.2040535 0.0891461 0.5444231 0.5495498 0.3578983 0.5399699 0.1363705 0.3299094
0.3905547 0.0000000 0.6610297 0.8310265 0.6674296 0.6224674 0.0445737 0.8611771 0.1492864 0.3534146 0.6110342 0.4397080 0.8017193 -0.2896126 0.2625515 0.3686986 -0.1317815 -0.1756146 0.3756442 0.5715382 0.7401580 0.7540830 0.0703731 -0.2530335 0.3609187 0.4262842 -0.3868586 -0.4632388 0.4115426 -0.4215454 0.7180812 0.1580279 -0.3160081 0.1473935 0.4873718 0.5814735 0.3573981 0.4714923 -0.3765980 -0.4776632 0.5911875 0.2952244 -0.0306697 -0.5869558 0.5501228 0.4310175 0.2989289 0.5000466 0.0278964 0.4488373 0.3545841 -0.2097969 0.7603536 -0.3625333 0.6594415 0.4541162 0.2664696 -0.0434874 0.2845544 0.3086648 0.7850705 0.1062355 0.6237999 0.6264460 0.5148060 0.2450102 0.3034049 0.1651280 0.4353879 0.6796506 0.4765873 0.7179547 0.5211307 0.7484694 0.3355172 0.7150622 0.8832975 0.5792604 0.5825080 0.7327457 0.5127763 -0.6522989 -0.5375597 -0.3547137 -0.3684863 -0.0984805 0.2903434 -0.5143529 -0.2480056 -0.4454584 -0.1750330 0.0724292 -0.2570134 -0.4405398 -0.2075791 -0.1442689 -0.1439186 -0.2124471 -0.2737405 -0.0620720 0.0790738 -0.3089477 0.0480441 0.0730879 -0.1125953 -0.0139382 0.1286289 -0.1657227 -0.0775689 -0.2251466 0.1723950 0.3429619 -0.2593445 -0.3103463 -0.1357940 -0.2226186 -0.2422771 -0.1910529 -0.3115246 -0.1395553 -0.0763096 -0.1681050 -0.0319784 -0.0867772 0.0705492 0.3037482 -0.2452129 -0.1611280 -0.0478199 0.2076314 -0.2499889 -0.1006760 -0.1971522 -0.0989402 0.0043746 -0.1459391 -0.2234669 0.0113122 -0.2103006 -0.0411427 -0.3894792 0.2239576 0.4290229 -0.1228886 -0.3399408 -0.2589162 -0.1542300 -0.0213507 -0.0317506 0.1110456 -0.1475304 0.0414569 -0.0930400 -0.3470175 -0.1186140 0.4506339 0.2587730 -0.2523435 0.4324073 0.0648107 -0.2960933 -0.0224356 0.2385924 0.0484784 -0.3768133 0.4073379 -0.2907645 -0.2922637 0.0208811 -0.3246518 -0.3444414 -0.2247281 0.5448893 0.2069454 0.3736013 0.5853277 0.8365288 0.5375575 0.7931089 0.5685933 0.4862719 0.6276039 0.2983535 0.5711368 0.5584930 0.6861155 0.6111972 0.5592182 0.7997382 0.8207549 0.2226286 0.7074818 0.7123446 -0.0273316 0.2025911 0.3650665 0.2214393 0.6082661 0.6589607 0.2646166 0.4579814 -0.4420992 0.1370131 0.2492731 0.0280154 0.2915449 0.1126732 -0.2298181 0.0056745 0.3493732 0.1836084 0.5653977 0.5687519 0.6990050 -0.2919383 0.1646974 -0.1353962 -0.3409851
0.3476393 0.6610297 0.0000000 0.4301256 0.4940377 0.2392858 0.1136362 0.7804569 0.1156351 0.0726932 0.1786055 0.3262524 0.8116280 -0.2936324 0.1530231 0.2799569 -0.3960782 -0.3044437 0.4518328 0.7113361 0.4749016 0.5766316 0.0394293 -0.3383192 0.3810490 0.4894818 -0.3433270 -0.3993734 0.1745679 -0.0472902 0.4664398 0.0405676 -0.3816445 -0.0676502 0.4884918 0.2947863 0.3797875 0.3600349 -0.3277028 -0.3147519 0.3473333 0.0769399 -0.1038879 -0.5872787 0.3539613 0.4483281 0.3632124 0.3851784 -0.2123840 0.4548366 0.4924054 -0.0039696 0.5347281 -0.1151592 0.5651482 0.4770161 0.2886433 0.0434026 0.1062869 0.4370681 0.5880004 0.3519536 0.5048040 0.3798507 0.2317110 0.1866424 0.4708268 0.2689576 0.3691611 0.6172341 0.5041069 0.3980037 0.5246044 0.4347254 0.1693732 0.5716578 0.6159813 0.5073809 0.4842061 0.5547981 0.3164927 -0.0604046 0.0713736 0.1465359 0.0170787 0.2908185 0.3741203 -0.3238900 0.1884564 -0.0202583 0.1402891 0.0643849 0.0325957 -0.1222151 -0.0322157 0.2197577 -0.1407110 0.1658182 0.1621476 0.2621714 0.3505635 0.2306621 0.4286088 0.2987833 0.2357285 0.2584301 0.2484688 0.1555437 0.0403762 -0.0925949 0.2892922 0.4026834 0.2311315 0.0182303 0.0150913 0.1190133 0.0335865 -0.0130484 0.0437310 -0.1798489 0.3132156 0.1914697 0.0905172 0.4272892 0.0382108 0.0306541 0.1884658 0.0181084 -0.0815472 0.3755821 -0.1159893 0.1184138 0.2028711 0.2758018 0.1669027 0.0207366 -0.0762564 0.1059336 -0.1373926 -0.0911849 -0.1099982 0.1077989 0.0844808 -0.0806865 -0.0461078 0.1391394 -0.0283957 0.0113735 0.0863302 0.0542706 -0.0539508 0.0460711 0.0437430 0.1715162 0.0003132 0.1849914 0.0470678 0.0031510 0.0343872 0.0591776 0.1010930 0.2277077 0.3741180 0.1096912 0.0420983 0.3795086 0.2701203 -0.0059175 0.2729888 0.1231783 0.2094618 0.1163700 0.2474800 -0.0696163 0.3580953 0.3764027 0.5905806 0.3422798 0.5856007 0.4866440 0.3859641 0.3928625 0.1220894 0.3327710 0.3936908 0.4498288 0.3601750 0.3695909 0.5218804 0.4372975 0.1345530 0.2902706 0.2521734 0.1441917 0.0717414 0.1498182 0.0839064 0.3240090 0.3875805 -0.0058892 0.4223062 -0.1516251 0.4302679 0.4817879 0.0699682 0.1964923 0.3077206 0.1505202 0.0666280 0.0941863 0.3084415 0.2090126 0.1422080 0.4976310 0.1377083 -0.0780962 -0.2202194 -0.2259734
0.4456003 0.8310265 0.4301256 0.0000000 0.7313134 0.8192137 -0.2503081 0.7272266 0.3148323 0.5378677 0.8459702 0.5167453 0.5605695 0.1408978 0.3934540 0.6079055 0.2184627 0.2054646 0.1258035 0.1613992 0.8062816 0.4893928 0.3296667 0.0542809 -0.0210760 0.2247581 -0.2669358 -0.3322513 0.6828643 -0.4269159 0.4595958 0.0178295 0.0029970 0.4672979 0.2125556 0.7733580 0.0519906 0.2698470 -0.0613025 -0.3508203 0.3399501 0.5644914 0.2120453 -0.3621423 0.6647295 0.2162170 0.0175239 0.4611354 0.3056693 0.3960548 0.0687049 0.0100666 0.8320782 -0.3243368 0.5559216 0.3205200 0.0368193 -0.0165440 0.5295659 0.0869959 0.7164178 -0.0011565 0.5358509 0.7948567 0.7139583 0.1131467 0.0729592 0.0521332 0.2583600 0.5980976 0.2105805 0.8472400 0.3430036 0.8446981 0.1951415 0.6710420 0.8458955 0.3372713 0.4922818 0.6049374 0.4019198 -0.5651606 -0.4207809 -0.2009817 -0.1258793 -0.0133860 0.0226260 -0.2139866 -0.2065830 -0.2500352 -0.3615647 -0.0606088 -0.2133047 -0.1861651 -0.5106549 -0.4053392 -0.1485656 -0.2091253 -0.3678522 -0.1487435 0.1882390 -0.3240215 0.0569329 0.0356028 -0.2789770 -0.2093792 0.2401043 -0.0647294 -0.1429296 0.0148308 0.0587191 0.1308100 -0.2757342 -0.1914661 -0.0895606 -0.1503126 -0.1596671 -0.1056220 -0.1921961 -0.0449093 -0.0676165 -0.0812231 -0.1212582 -0.0108963 0.0169172 0.1976876 -0.1252428 -0.1615851 -0.0472431 0.2217171 -0.2148748 -0.1844496 -0.1407454 -0.2911131 -0.1035574 -0.1936299 -0.2966530 -0.0695904 -0.2540257 0.0233065 -0.4123461 0.1968868 0.5123203 -0.2895329 -0.4197249 -0.4095659 -0.2551746 -0.1326489 0.0992169 0.0411247 -0.1861605 -0.0534916 -0.2422982 -0.3518356 -0.1436058 0.3434015 0.4552917 -0.3286666 0.5694808 0.0750567 -0.2063778 -0.0890685 0.2114780 0.1338128 -0.3515136 0.3598664 -0.2480326 -0.1300346 0.2162877 -0.3271752 -0.2822686 -0.0755205 0.5496051 0.2506582 0.1231511 0.4007542 0.6932074 0.5903364 0.7996339 0.6804628 0.5242215 0.7401929 0.5064435 0.6094415 0.6217007 0.6812510 0.6338165 0.5610174 0.7616667 0.7037525 0.1749285 0.8044707 0.7708074 -0.2671590 0.0936976 0.1924609 0.0771973 0.4615706 0.5551018 0.1630139 0.1217044 -0.5614691 -0.1965115 -0.1521276 0.0863759 0.3575170 -0.0068981 -0.2000327 -0.2326019 0.3071577 -0.1431454 0.6358303 0.6879488 0.6734582 -0.2724357 0.3208172 0.0377739 -0.2369372
0.6162822 0.6674296 0.4940377 0.7313134 0.0000000 0.4195774 -0.0824480 0.7760023 0.3890790 0.2871143 0.4837782 0.2308866 0.7057040 0.1772916 0.2565499 0.3055874 -0.1294045 0.1822573 0.2711341 0.2139722 0.5884207 0.5371263 0.2703688 0.1503675 0.2179191 0.4234228 -0.0494698 -0.2522876 0.4032578 -0.2840342 0.4485493 0.1605775 -0.1262847 0.2219585 0.3033790 0.5152289 0.2149307 0.4504467 -0.2476508 -0.2738514 0.2626502 0.2344802 0.1002861 -0.3598702 0.5718332 0.4837488 0.1779938 0.4998532 0.1183631 0.5682739 0.2167259 -0.0645286 0.7115858 -0.0984820 0.7969641 0.6656280 0.2767230 0.2082804 0.2014908 0.2467862 0.8045522 0.1868804 0.8861211 0.6753555 0.5909209 0.2882968 0.2854059 0.2680056 0.6466103 0.6947278 0.4281824 0.6031466 0.5124430 0.8235526 0.6421374 0.8353468 0.8702602 0.6128073 0.6785129 0.8057029 0.8160222 -0.3836700 -0.4714892 -0.3656293 -0.3866885 -0.2663643 -0.1002522 -0.1921250 -0.3275156 -0.3596018 -0.3176386 -0.0362055 -0.4203574 -0.1176155 -0.5195622 -0.4969353 -0.3707552 -0.2149928 -0.3736778 0.0535680 0.1657784 -0.3033401 -0.0285917 0.3250062 -0.3634050 -0.1588825 0.0553354 -0.2696446 -0.0733272 -0.3631039 -0.0195909 0.0501108 -0.4224298 -0.4115553 -0.3941451 -0.4008854 -0.4101781 -0.3969762 -0.3957891 -0.1343447 -0.1298781 -0.1911475 0.0905468 -0.2005501 -0.0021332 0.4865792 -0.2551654 0.1334873 0.0463720 0.1175538 -0.1335019 0.1882726 -0.0590929 0.1104171 0.0192041 0.1457379 0.0075645 0.0671332 -0.0456126 0.0366041 -0.1345771 0.2112618 0.7387212 0.0337406 -0.2385208 -0.2091068 -0.1083666 -0.0334812 -0.1973550 0.0050035 -0.0069831 0.2902618 -0.2055671 -0.2574020 -0.2321984 0.6359666 0.7204859 -0.1927150 0.6530953 0.3650600 -0.2733137 -0.0809292 0.3454322 0.4006479 -0.4030861 0.6070713 -0.1706632 -0.2962836 0.1798898 -0.3178433 -0.2548278 -0.3547290 0.5349256 0.2473223 0.0630792 0.6003554 0.7928314 0.7584590 0.8405800 0.7021426 0.8595945 0.5752310 0.1101306 0.4247563 0.6829317 0.8847659 0.9101627 0.9222926 0.9283735 0.8091089 -0.0053493 0.7232497 0.7903500 -0.4892272 0.0853480 0.1773692 0.3755609 0.7222930 0.8500419 0.4093521 0.4426924 -0.2604886 0.0498970 -0.0702757 -0.2507728 0.7308300 0.4557416 -0.1304428 -0.0853919 0.7101623 0.1411374 0.1591244 0.7442285 0.6502276 -0.0269884 0.5319385 -0.2379664 -0.0506878
0.1811019 0.6224674 0.2392858 0.8192137 0.4195774 0.0000000 -0.2831332 0.3115887 0.2714454 0.7544255 0.8798129 0.6381566 0.1376670 0.1097931 0.4711323 0.5440333 0.4690803 0.1235269 -0.3888713 -0.1708499 0.7904691 0.2349062 0.2149814 0.2596130 -0.4612034 -0.2505680 -0.1504066 -0.1552624 0.8608099 -0.2541746 0.0402810 -0.4389960 0.3857611 0.7678238 -0.2068117 0.8318771 -0.4122371 -0.1597476 0.3120707 -0.1936293 -0.0557194 0.7719927 0.1778510 -0.0683910 0.6876507 -0.2722508 -0.4031911 0.0327501 0.6195351 -0.0812069 -0.3507585 0.0305492 0.8020121 -0.4371970 0.1620059 -0.1527090 -0.4661843 -0.3424188 0.4392926 -0.3757786 0.3693605 -0.3833135 0.1655427 0.7518790 0.7634574 -0.3946955 -0.3693166 -0.4019727 -0.2376762 0.1466831 -0.2641565 0.8633219 -0.1036551 0.7327084 -0.2225139 0.2344882 0.5585991 -0.1386034 0.0443482 0.1544065 0.1522380 -0.4959228 -0.1824312 0.0431108 0.1461599 0.1386691 -0.1023597 0.1158429 -0.0760323 -0.1153669 -0.4415187 -0.2794091 -0.2110703 0.1149229 -0.4344876 -0.2294470 -0.2064753 -0.2786844 -0.3764793 -0.1112857 0.0722505 -0.3563378 -0.1232486 0.0127172 -0.3830493 -0.2345065 0.1094093 -0.0720778 -0.3795548 0.0170813 -0.1255465 -0.1623960 -0.1542103 -0.1406861 -0.1460033 -0.1134480 -0.1467784 -0.1127966 -0.1851405 -0.1755359 -0.2192349 -0.1336580 -0.3102605 -0.0136879 -0.2057964 -0.0752828 -0.2338690 -0.2943886 -0.3084800 0.1218973 -0.3202513 -0.3983259 -0.2986011 -0.3638455 -0.3977698 -0.3324511 -0.3772774 -0.3245420 -0.3406009 -0.1022609 -0.5515256 0.0351480 0.1895431 -0.4647940 -0.4357154 -0.3194772 -0.3294616 -0.1566218 0.0672825 -0.1154495 -0.3881719 -0.2818368 -0.2911189 -0.4379610 -0.0130124 0.1018237 0.0556022 -0.4610033 0.3674216 -0.2054480 -0.2333975 -0.2469796 0.1767044 -0.2496990 -0.3898307 0.1142918 -0.3207477 -0.2152369 -0.0633173 -0.3754447 -0.4325359 -0.0186774 0.2026829 0.0150042 -0.2540000 0.0129540 0.3298321 0.3631858 0.5281862 0.4878429 0.2547025 0.4823860 0.4891333 0.3773888 0.2048014 0.3945032 0.3546323 0.3456070 0.4625178 0.4541075 -0.0063151 0.7144039 0.5306552 -0.4080244 -0.1251815 -0.1858904 -0.1693887 0.0190665 0.2312952 -0.0558527 -0.1620626 -0.5675137 -0.1319974 -0.1195357 -0.0247883 0.1277256 -0.2863206 -0.2899231 -0.2525917 0.1238921 -0.0633309 0.7558098 0.4238469 0.3110791 -0.4123530 0.1642514 0.2842208 -0.2667968
0.3457265 0.0445737 0.1136362 -0.2503081 -0.0824480 -0.2831332 0.0000000 -0.0072846 -0.1136794 -0.3402604 -0.3251480 0.2340075 0.1036703 -0.0070418 0.0907305 -0.2098750 0.0027015 0.0353140 0.2539467 0.2814359 -0.3058133 0.1919799 0.0274397 0.0040529 0.3455409 0.2297310 0.4870572 0.2047469 -0.3213152 0.4798848 0.1464675 0.3076958 -0.0797659 -0.2336256 0.2069645 -0.3163043 0.2283538 0.2057407 -0.1369852 0.4144228 0.2690034 -0.2841471 -0.1022330 0.0920650 -0.0239606 0.1508087 0.1688895 0.1471692 -0.2409322 0.0325984 0.1893236 -0.0089562 -0.1257689 0.2781576 0.1209725 0.0491766 0.1990948 0.1920807 -0.0012035 0.2557457 0.1018507 0.2747998 0.1036754 -0.2603619 -0.1734427 0.1899139 0.3680754 0.2913414 0.1500822 -0.0075526 0.3607480 -0.2837466 0.3030082 -0.1828154 0.1845832 0.0476633 -0.0511185 0.3043702 0.1733671 0.1060380 0.1838184 0.1821078 0.0099076 -0.0929606 -0.0104498 -0.1313326 0.1483021 -0.3130088 0.0573602 -0.0396055 0.1120586 -0.2503391 -0.2589928 -0.1012654 0.5106069 0.1605702 -0.2532620 -0.2144550 0.5316220 0.1851541 -0.0135671 -0.1364386 -0.1162430 0.0077941 0.1620645 0.2769429 -0.3382814 -0.0452923 -0.0983604 -0.0069223 0.1779975 -0.1295716 -0.0077731 -0.1448848 -0.1324889 -0.1764947 -0.2262522 -0.0947264 -0.2004767 -0.3962652 -0.0949254 -0.1306390 -0.2700854 -0.0218827 0.0320913 -0.0725578 -0.2973044 -0.1806420 -0.2238920 -0.0425961 -0.0499627 -0.0955949 -0.2311828 0.0706000 -0.1508703 -0.1178899 -0.0254428 -0.1223850 -0.0388476 -0.3327718 -0.2786425 -0.2432256 -0.1358339 -0.0770125 -0.0905052 0.0547970 -0.0701157 -0.1342706 -0.1686637 -0.1430263 -0.1037094 -0.1714295 -0.1502557 -0.2571152 -0.2957561 0.0141996 -0.1907010 -0.2231557 -0.1192499 -0.2360942 -0.3714054 -0.2543329 -0.0004480 -0.1785447 -0.3140685 -0.0830512 0.0944297 -0.2284645 -0.2729205 -0.2517700 -0.2864496 -0.3246462 0.1401855 0.1964748 0.4967381 0.0480463 -0.0084363 -0.2339973 -0.1372128 -0.2421036 -0.1641713 0.0103154 0.0188497 0.1244297 0.1751942 0.0102765 0.0453337 0.0306360 0.0218530 0.0658107 -0.3455063 -0.1607010 -0.1146381 -0.0134175 -0.2042631 -0.0321883 0.0051551 0.0733358 0.1208506 -0.0650845 0.3929079 0.4325279 0.1535518 0.2024252 0.1181305 0.1800355 0.1896905 0.2965930 0.3913506 0.2889489 0.2403148 0.0051072 0.0639256 -0.1133842 0.3381019 0.3701821 0.3562491 0.2885409
0.4866782 0.8611771 0.7804569 0.7272266 0.7760023 0.3115887 -0.0072846 0.0000000 0.1610787 0.0752496 0.3719283 0.1952289 0.9540993 -0.1781120 0.0980588 0.3421956 -0.3621495 -0.0730210 0.6480356 0.6739376 0.5625057 0.7553630 0.1602250 -0.3290231 0.5630964 0.6783698 -0.4171512 -0.4750036 0.1809115 -0.3483340 0.7823822 0.3938392 -0.5136915 -0.1258474 0.6667417 0.3708513 0.5774354 0.6914729 -0.5215412 -0.4654455 0.6650703 0.0531230 -0.0095742 -0.6548946 0.4189353 0.7281108 0.5410397 0.7042496 -0.2059431 0.7619694 0.6194028 -0.1052968 0.6243005 -0.1102162 0.8318300 0.7680933 0.5396353 0.2542844 0.2277735 0.5859980 0.8678536 0.4355740 0.7815776 0.5257822 0.3496620 0.4972612 0.5867821 0.4816101 0.7102998 0.8833997 0.6937277 0.4964605 0.7366318 0.6379367 0.5336089 0.8766637 0.8553504 0.7715626 0.7977742 0.8969135 0.5961719 -0.3865066 -0.4248082 -0.3274646 -0.3930352 -0.1274638 0.2684045 -0.5133604 -0.2481357 -0.3725110 -0.0964565 0.1705615 -0.1687206 -0.4173104 -0.2496601 -0.2136476 -0.1491612 -0.0387014 -0.1746335 0.0370963 0.1846653 -0.0909356 0.2832634 0.2014004 -0.0303629 0.0001680 0.1902226 -0.0287084 0.0735738 -0.1936714 0.2149271 0.4549004 -0.1555474 -0.2101925 -0.0618504 -0.1194925 -0.1413467 -0.1308480 -0.1551534 -0.0698128 0.1130320 0.0009130 0.1407106 0.0749592 0.1206532 0.3812771 -0.0224791 0.0342231 0.1033228 0.2422582 -0.1508025 0.1212278 0.0189773 0.1466055 0.2026000 0.0449548 -0.1047553 0.1769271 -0.1307909 0.0620553 -0.1506792 0.2613483 0.4909852 0.0751542 -0.2116250 -0.1250024 -0.0912092 -0.0463675 -0.0283024 0.1619826 0.0706273 0.2549361 -0.0565002 -0.0439674 -0.1946226 0.5228557 0.4792204 -0.0585796 0.3715077 0.3069639 -0.1349958 0.1353425 0.3456605 0.3865685 -0.1901181 0.5601669 -0.0155781 -0.1555154 0.3019277 -0.1201834 -0.0320648 -0.1549414 0.6113197 0.2365869 0.5170989 0.7021801 0.8708524 0.6326685 0.8181701 0.6311339 0.6548482 0.5869889 0.1497237 0.5106641 0.7249745 0.7487242 0.6738841 0.6173380 0.8083674 0.7319759 0.2710541 0.5417258 0.6530327 0.0841650 0.2635267 0.4931772 0.3795310 0.7629467 0.7404595 0.3253163 0.5235482 -0.2904634 0.1220491 0.2100488 0.0178374 0.4345601 0.4000257 -0.0302950 -0.0579104 0.4047043 0.0855513 0.2606535 0.5161186 0.8293295 0.0435434 0.1532797 -0.3269146 -0.1825040
0.6676731 0.1492864 0.1156351 0.3148323 0.3890790 0.2714454 -0.1136794 0.1610787 0.0000000 0.6209089 0.2615759 0.5345808 0.1569722 0.4807875 0.7178460 0.0951585 0.0786905 0.5397267 -0.1106176 -0.1532153 0.4008153 -0.0813818 0.0129019 0.5943852 -0.1397785 -0.1229963 0.2214162 0.1680825 0.5416923 -0.1040249 -0.1259235 -0.1174575 0.4743732 0.5443653 -0.3043177 0.4200471 -0.1832252 0.1248811 0.3493948 0.2762284 -0.2195563 0.4164969 0.0278768 0.3115100 0.4293264 -0.0354315 -0.1735082 0.3529340 0.6028360 0.1498441 -0.2306022 0.1209260 0.4775230 0.1282337 0.4727562 0.1670534 0.0357335 0.2035200 0.3878029 -0.1836548 0.3000870 -0.0564553 0.4060830 0.5715921 0.6155940 -0.0009250 0.0178126 0.0797082 0.0454691 0.1051870 -0.0017531 0.4678482 0.2001375 0.5679776 0.0491866 0.4352432 0.3489883 0.1086149 0.3847633 0.1884367 0.2069688 -0.1690804 0.0299321 -0.0458738 0.2637278 0.1268136 -0.4338810 0.2423327 0.0402571 0.1063496 -0.3595111 -0.1739084 0.0687255 0.1511790 -0.7278071 -0.3512981 0.2253286 -0.1237210 -0.2922032 -0.1102515 -0.0278125 -0.1761507 0.0434164 -0.1532487 -0.0660855 -0.1968488 -0.0659716 -0.0277941 -0.0964735 0.2416070 -0.0891387 -0.1304413 0.0046210 0.1487828 0.2081746 0.1442233 0.1435392 0.1461661 0.1416433 0.1624768 0.3646781 0.2654350 -0.1160746 0.2122302 0.2068701 -0.0386356 0.2308246 0.0667980 -0.1198415 0.4100657 0.1723556 0.0935750 0.2174381 0.0808023 0.1635991 -0.0455322 0.0910989 0.0673923 0.1173368 0.0929305 0.0990215 0.2232897 0.1988456 -0.1237662 0.0345888 -0.1280501 0.1835518 0.2323169 0.1835787 0.2031506 0.0720253 -0.0110909 0.1613185 -0.0206491 0.2635359 0.0010966 0.4593450 0.0706317 0.5258891 0.2244670 0.3567726 0.2929403 0.2144173 0.2289440 0.2058110 0.1394496 -0.0455380 0.3242762 0.5474458 0.2533886 0.1313710 0.2317904 0.5094083 0.4836312 -0.1198442 0.0146541 0.2808345 0.2629094 0.4224392 0.4378739 0.4120580 0.4723807 0.3567851 0.4103659 0.2130371 0.5047061 0.3776675 0.4683436 0.3099865 0.3147732 -0.0819541 0.4356331 0.4659086 -0.6668817 -0.4591574 -0.4300387 0.0529338 0.1872740 0.3098787 0.0026293 0.1685903 -0.1406403 -0.1721697 -0.1704118 -0.0213149 0.4327443 0.0315611 0.5162832 -0.1175115 0.3796751 -0.1952156 0.0217743 0.3418625 0.3140418 0.0596107 0.3190333 0.1481432 0.1278277
0.2924742 0.3534146 0.0726932 0.5378677 0.2871143 0.7544255 -0.3402604 0.0752496 0.6209089 0.0000000 0.7444394 0.6529172 0.0023399 0.2931023 0.5422850 0.3981961 0.4087066 0.2422669 -0.4458958 -0.2382272 0.8056201 0.0701032 0.0343394 0.5139690 -0.4669790 -0.4915393 0.0078082 0.0910030 0.9034256 -0.2056482 -0.1447372 -0.4957626 0.6198316 0.8808975 -0.5284422 0.8505626 -0.5628300 -0.2489155 0.4247585 -0.0041937 -0.2395446 0.8282442 0.1366053 0.1553526 0.5827777 -0.4600906 -0.5972950 -0.1086283 0.7099142 -0.3222987 -0.5729467 0.0301173 0.5830215 -0.3771623 0.0668349 -0.3079966 -0.5186915 -0.3854189 0.4074264 -0.5498333 0.1167104 -0.5630596 0.0717449 0.6090852 0.7653836 -0.4815897 -0.5445671 -0.5341381 -0.3733028 -0.1987730 -0.4835129 0.7683760 -0.3307055 0.6675908 -0.3645332 0.0664953 0.3465873 -0.3423560 -0.0954163 -0.0335058 -0.0092642 -0.4748640 -0.0534501 0.1062982 0.2743434 0.2340631 -0.3229382 0.2357687 0.0447198 0.0852149 -0.4414635 -0.3563422 -0.0192909 0.1191143 -0.6302181 -0.3100849 0.0325547 -0.1600254 -0.2897035 -0.2583837 -0.0154304 -0.2535648 -0.1038946 -0.2581113 -0.1986793 -0.2069705 0.1401105 -0.0761759 -0.1549608 0.1443336 -0.0237605 -0.0286664 -0.0894907 -0.0445087 0.0039730 0.0127845 -0.0324827 -0.0431784 -0.0939784 0.1713570 0.0563434 0.0432932 -0.1489703 0.0498053 0.0720401 -0.0565294 0.0078173 -0.0181402 -0.1847530 0.3933765 0.0370476 -0.1556935 0.0166484 -0.2118328 -0.1162675 -0.1210581 -0.0574508 -0.0547498 -0.0172938 0.1892127 -0.1954983 0.3353731 0.0658883 -0.2756879 -0.0744010 -0.1045294 0.0819026 0.2200147 0.0332006 0.2179099 -0.1350365 -0.1460018 0.1133339 -0.2569527 0.3485064 -0.1150325 0.1072762 -0.0825979 0.3131981 0.0394239 0.1760403 0.1362558 -0.0011997 -0.0776252 0.0029532 0.0337401 -0.3054963 -0.0291278 0.1012954 0.0328992 -0.1971325 0.0591542 0.2165711 0.1166469 -0.3981398 -0.1225975 0.2560580 0.1223099 0.5124376 0.5444562 0.2227190 0.5146005 0.5712322 0.4481400 -0.1091863 0.2895222 0.1384166 0.2639458 0.2399038 0.2844193 0.1832026 0.6327831 0.4958930 -0.5881051 -0.1469877 -0.4450858 -0.0877297 -0.0557112 0.0694068 -0.0057485 0.0582772 -0.3572456 -0.0912658 -0.0961433 0.1237034 -0.0445897 -0.2452172 0.0187590 0.0527607 0.0966516 -0.0019636 0.5681575 0.3467794 0.1841795 -0.4091057 0.0840134 0.3191085 -0.0700061
0.1992479 0.6110342 0.1786055 0.8459702 0.4837782 0.8798129 -0.3251480 0.3719283 0.2615759 0.7444394 0.0000000 0.5621019 0.2420976 0.2615477 0.3423699 0.7674844 0.5825369 0.1882596 -0.1645246 -0.0592184 0.8538043 0.3482864 0.4444091 0.2388453 -0.2551617 -0.0968629 -0.0626062 -0.1230481 0.8642378 -0.2862401 0.2488620 -0.1625642 0.2981014 0.7325087 -0.0735667 0.8876508 -0.2252547 -0.0554629 0.2392143 -0.2109304 0.1399394 0.7668211 0.4591280 -0.2006357 0.5751232 -0.1564894 -0.3482256 0.0776990 0.3946309 -0.0223040 -0.2757415 0.1494345 0.6568543 -0.4674949 0.1730629 -0.1011069 -0.2846405 -0.3498903 0.4781483 -0.1887144 0.3277341 -0.3136406 0.1951172 0.6048322 0.6701667 -0.1489066 -0.3508050 -0.3353006 -0.0874978 0.1484632 -0.2271219 0.8263331 -0.1344674 0.6992313 -0.1193157 0.2564605 0.5797719 -0.0893645 0.0733525 0.2898770 0.1457678 -0.5438562 -0.3074931 -0.0047074 0.0114451 0.1797403 -0.0044535 -0.0628245 -0.0053974 -0.0420255 -0.3065119 -0.1339937 -0.1321401 -0.1457168 -0.4305814 -0.3063528 -0.1632375 -0.1177925 -0.2482886 -0.2680400 0.2072300 -0.2334958 -0.0129977 -0.1666027 -0.2127898 -0.1081890 0.4147558 0.0033914 0.0145139 0.0736062 0.2169380 0.1469804 -0.2480658 -0.2277420 -0.2295798 -0.1920449 -0.2503133 -0.2392255 -0.2863261 0.1744617 -0.1022508 -0.1510806 -0.0068804 -0.0742948 0.1108660 0.2095072 -0.1318901 -0.0029564 0.0857998 0.3842466 0.0204946 -0.1265930 -0.0058913 -0.3348179 -0.1538644 -0.0395371 -0.0721107 0.0466713 -0.0264379 0.2070965 -0.3401499 0.3348211 0.3694206 -0.2552804 -0.1664387 -0.2442919 -0.0438170 0.0560782 -0.0189532 0.2109986 -0.1296546 -0.0339661 -0.0608854 -0.3670027 0.0827971 0.1315791 0.1987822 -0.2077029 0.4104256 0.0424938 -0.1260131 -0.0359068 0.0086394 -0.0208258 -0.2691769 0.2459558 -0.3075484 -0.1953123 -0.0215323 -0.2811102 -0.3656383 -0.1448175 0.3065046 0.1082170 -0.1514270 0.1226838 0.4332959 0.3054953 0.6341636 0.6266911 0.2742120 0.7072171 0.6494380 0.6052708 0.2081289 0.3455337 0.3001767 0.3002322 0.4759913 0.4684317 0.3236833 0.7253928 0.6184424 -0.3609714 0.2350024 0.0488545 -0.0169958 0.1179838 0.2305752 0.1887310 0.0649598 -0.4628384 -0.1335730 -0.1005705 0.1629281 0.0138042 -0.1656834 -0.2996509 0.0518325 0.0723252 -0.0166809 0.7393520 0.5668900 0.3357721 -0.5195941 0.2565314 0.2675772 -0.1470018
0.4702955 0.4397080 0.3262524 0.5167453 0.2308866 0.6381566 0.2340075 0.1952289 0.5345808 0.6529172 0.5621019 0.0000000 0.1539102 0.2769985 0.6985307 0.3550596 0.4143436 0.1816708 -0.2250378 -0.0146020 0.5567633 0.1988361 0.1413501 0.2930928 -0.2639656 -0.1465557 0.3238641 -0.0424583 0.6693006 0.1132530 0.0223356 -0.3386710 0.3888864 0.6633439 -0.2835372 0.5914653 -0.3172579 -0.1814151 0.2323255 0.0881220 -0.0888091 0.5939802 0.0184474 0.0003316 0.4957620 -0.3411943 -0.4492390 0.1474143 0.4545291 -0.1665649 -0.3978443 -0.0068830 0.5440888 -0.3267438 0.2225335 -0.2609308 -0.2952367 -0.2624531 0.5307049 -0.3229200 0.2050622 -0.3388017 0.0911000 0.4871271 0.5777450 -0.2483026 -0.1959666 -0.2677918 -0.2796633 -0.0183118 -0.0781676 0.6541555 -0.0013318 0.5346182 -0.2975070 0.2123995 0.4490887 -0.0570950 0.0618370 0.0893205 -0.0419886 -0.2914036 0.0963333 0.2126205 0.4207100 0.4083362 -0.0091726 -0.0296247 0.3051485 0.1262599 -0.1510379 -0.3663764 0.0439130 0.1667183 -0.2016436 0.0241268 -0.0108943 -0.1255951 0.1658409 0.1334551 0.2259545 -0.1818919 0.1216218 -0.0341889 0.1051394 0.2625682 0.0832438 0.1869831 -0.2800584 0.4397658 0.2214435 -0.0841980 0.2010062 0.2419219 0.2186987 0.2389954 0.1763932 0.2675238 0.1429932 -0.1797390 0.2534064 0.2777622 -0.4819957 0.3964108 -0.0048479 -0.3628810 0.1322625 -0.3732832 -0.4282156 0.4764356 -0.1670017 -0.3711090 -0.0479597 -0.2180989 -0.2256238 -0.4097862 -0.3415539 -0.2935002 -0.3077346 -0.3649105 -0.4921034 -0.1582109 -0.0262969 -0.7058056 -0.3410664 -0.1780718 -0.2433779 -0.1687166 0.2980894 -0.1447527 -0.5183657 -0.4944565 -0.2224719 -0.2258699 -0.0527262 -0.1276688 -0.0066709 -0.4201340 0.3322601 -0.4557466 0.0333452 -0.0679670 0.1819640 -0.4182557 -0.1336814 -0.0174180 0.0850287 0.1976360 0.0912343 -0.1423637 -0.1728192 0.1843813 0.1806620 0.0475810 0.0035991 0.0248225 0.3281326 0.0146266 0.3297786 0.2368694 0.0163167 0.6754019 0.7434432 0.6814481 0.1867019 0.2248970 0.1805336 0.1749680 0.3180801 0.3619247 -0.2170116 0.5018811 0.3182955 -0.4043003 -0.4231985 -0.4028462 -0.4140935 -0.0845615 0.0856021 -0.3736565 0.1442685 -0.1011349 0.0138102 0.0599303 0.3772130 0.1312196 -0.2881510 0.3379432 0.1200682 0.0450774 0.0542190 0.6445628 0.3864151 0.0639217 -0.1603458 0.4134641 0.5675903 -0.1066983
0.4536016 0.8017193 0.8116280 0.5605695 0.7057040 0.1376670 0.1036703 0.9540993 0.1569722 0.0023399 0.2420976 0.1539102 0.0000000 -0.2740339 0.1036436 0.2592457 -0.4506019 -0.1917499 0.7223020 0.7962566 0.4740378 0.7756103 0.1032035 -0.4132484 0.7101752 0.7483887 -0.3379924 -0.4906564 0.0510910 -0.3372679 0.8258051 0.4544196 -0.5994945 -0.2400121 0.7281167 0.2526189 0.6844241 0.6942576 -0.5579505 -0.4489225 0.6576142 -0.0983660 -0.0040668 -0.6989259 0.2490293 0.7537586 0.6054074 0.6474606 -0.3402594 0.7192003 0.6911948 -0.1067584 0.4802955 -0.1135454 0.8147232 0.7659886 0.6433500 0.2192735 0.0614388 0.6650197 0.7607397 0.4623760 0.7717584 0.3499242 0.1840463 0.5743244 0.6291575 0.5090772 0.7621712 0.8259640 0.7482412 0.3680898 0.7340551 0.5169653 0.5737059 0.8302559 0.7905127 0.8138840 0.7664921 0.8802190 0.5801001 -0.3237057 -0.3753218 -0.3208711 -0.4267928 -0.0353884 0.4226752 -0.5793469 -0.1066818 -0.3087149 0.1064167 0.2972317 -0.0459942 -0.4871368 -0.1342387 -0.0397010 -0.0383950 0.1190858 -0.0475112 0.0991570 0.2438227 0.0618408 0.3569166 0.1951424 0.1733823 0.1650077 0.2676146 0.0153762 0.2624519 -0.2134392 0.3739263 0.5873897 -0.0815545 -0.1826088 -0.0642754 -0.0951437 -0.1327080 -0.1456338 -0.1508642 0.0550951 0.2431461 0.0351429 0.3092217 0.0905418 0.2867841 0.4696239 0.0320706 0.1856684 0.2386258 0.3714648 0.0256322 0.3147945 0.1568151 0.2720116 0.3819734 0.2112299 0.0892750 0.3522214 0.0509668 0.0943307 0.0295230 0.3376544 0.5035034 0.1892693 -0.0023369 0.0270053 0.0993987 0.1140265 -0.0217647 0.2803852 0.1665645 0.3670203 0.1338226 0.0568490 -0.0625063 0.5168039 0.4265096 0.1129212 0.3474435 0.3581792 -0.0279141 0.3017557 0.3281560 0.3820757 -0.0615611 0.6146412 0.0566337 -0.1263383 0.2607749 0.0026484 0.0384356 -0.1843854 0.5608721 0.2435110 0.5456241 0.7141682 0.8683020 0.5418290 0.7597346 0.5754663 0.6192609 0.5570075 0.0739331 0.5060078 0.5885188 0.6525001 0.5914684 0.5648714 0.7395497 0.6952029 0.3230491 0.4086342 0.5475612 0.1395402 0.3237917 0.5250663 0.4395120 0.7390295 0.7133780 0.4093196 0.6815354 -0.1577691 0.3363572 0.4171433 0.0541410 0.3808736 0.4716883 0.0212306 0.1432374 0.3651773 0.2948334 0.1084518 0.4476358 0.7167845 0.0133762 0.1326614 -0.3902645 -0.2036378
0.5006706 -0.2896126 -0.2936324 0.1408978 0.1772916 0.1097931 -0.0070418 -0.1781120 0.4807875 0.2931023 0.2615477 0.2769985 -0.2740339 0.0000000 0.2873850 0.4470191 0.6255575 0.8544632 -0.1852031 -0.5152936 0.0596297 -0.2937953 0.6199189 0.7686218 -0.3534211 -0.1781012 0.5643102 0.5554334 0.4008570 0.3751269 -0.3496479 0.0817633 0.6695775 0.5290897 -0.3835002 0.2314812 -0.3812160 -0.0628917 0.5441147 0.6188311 -0.2113549 0.3898500 0.5102115 0.5824038 0.2598362 -0.1748489 -0.3842556 0.1652626 0.4285327 0.0137558 -0.3627741 0.5607409 0.0613520 0.4327461 0.0243298 -0.0872007 -0.2096712 0.3429633 0.4379602 -0.1558967 -0.0228564 0.0727900 -0.0178269 0.1911761 0.3551389 -0.0380872 -0.1373564 0.0716669 -0.1325256 -0.1800648 -0.2782724 0.0773483 -0.1091054 0.1461740 -0.1197016 0.0482337 -0.0875566 -0.2470411 0.0844308 -0.0363416 -0.0639705 0.2915402 0.2028085 0.1516466 0.3859133 0.0456827 -0.6118876 0.3580146 0.0553012 0.3634645 -0.3842305 -0.4753062 -0.1073344 0.2958743 -0.4574885 -0.5221857 -0.1780815 -0.1133883 0.0995909 -0.1960881 0.0824098 -0.0751495 0.0257311 -0.2729323 -0.1651850 -0.2473156 -0.0096864 0.1603036 -0.0185607 0.3418984 -0.0235179 -0.3285450 -0.0431559 0.0493372 -0.0369548 0.0226714 -0.0434981 -0.0104551 0.0628446 0.1134636 0.0516492 0.1202678 -0.1159549 0.1662662 -0.0183857 -0.0699354 0.1509572 0.2095211 0.0205065 0.1847135 0.2232761 0.0619204 0.2068108 -0.0908022 -0.0711865 0.1154396 0.1188777 0.0317144 0.1402960 0.2380377 0.0111168 0.1064608 0.0663927 -0.1054706 0.0538254 -0.0351756 0.0618274 -0.0406683 -0.0822221 0.1179859 0.1814781 -0.0284077 -0.1108534 0.0096485 -0.0642765 -0.2197379 0.4064529 0.0082676 0.1308021 0.2056037 0.1399449 -0.0261045 -0.0694376 0.3398913 0.0536001 -0.0296457 0.1381516 0.1294976 0.3332169 0.0689358 0.0814053 0.0435611 0.2839951 0.3433376 -0.1158959 -0.2841221 -0.1911580 -0.0958515 0.0785723 0.2601841 0.0919291 0.3240827 0.4378790 0.2536383 0.1588695 0.1010521 0.0537960 0.1088350 -0.0508537 -0.1865429 -0.0706516 0.1081243 0.1510447 -0.5701571 -0.2015426 -0.3871264 -0.0740817 -0.1086646 -0.0770075 -0.0514848 -0.1174962 0.2357310 -0.5194069 -0.5627559 0.1883938 0.2255039 0.1928135 0.4657636 -0.0700132 0.2128126 -0.4678938 0.0270200 0.2073808 0.0164863 0.3568405 0.4909554 0.5130783 0.6820344
0.5744628 0.2625515 0.1530231 0.3934540 0.2565499 0.4711323 0.0907305 0.0980588 0.7178460 0.5422850 0.3423699 0.6985307 0.1036436 0.2873850 0.0000000 0.1824924 0.2539314 0.3663265 -0.2435903 -0.1326933 0.3001137 -0.1541509 0.0909509 0.3480657 -0.2535928 -0.0496914 0.2476500 -0.0420490 0.4742277 -0.2526681 -0.1611027 -0.2439578 0.4310598 0.5479375 -0.2034253 0.3697910 -0.2528742 -0.1474347 0.4690769 0.2373541 -0.3306456 0.3247367 0.1161639 0.2911362 0.3017532 -0.2210802 -0.1797307 0.1919820 0.6450845 -0.0176016 -0.1916467 0.2292733 0.4843914 0.0213545 0.2767615 -0.0520586 -0.0944499 0.1028668 0.2584950 -0.1833378 0.1900337 -0.0718575 0.2005853 0.5060367 0.4778227 -0.0645666 -0.0043426 0.0352610 -0.1114472 0.1177728 0.0379814 0.4659091 0.2065275 0.4507717 -0.0716061 0.3599747 0.3586286 0.0775409 0.2326148 0.0321135 0.0301480 -0.0441577 0.1880779 0.0549425 0.4225067 0.3928432 -0.0360880 0.1945088 0.3498780 0.2663535 -0.0545186 -0.0845393 0.2269504 0.2533063 -0.4751547 0.0266455 0.3880924 0.0686964 -0.0939865 0.0688182 0.2405072 -0.0183246 0.1188039 -0.0569112 0.1527402 -0.0908459 0.0505502 0.1026315 -0.1095586 0.3316656 -0.0140877 -0.2185610 0.1545808 0.2965633 0.2702430 0.2525284 0.2363180 0.2936486 0.2243260 0.0555430 0.3445543 0.2596451 -0.1706414 0.2969918 0.1814232 -0.1684775 0.1478886 -0.0512554 -0.1856194 0.3550004 0.0960751 0.0253614 0.0398431 -0.2328280 0.1631824 -0.1397817 -0.0960014 -0.0660972 -0.0214413 -0.2317579 -0.0524284 -0.0027067 0.2662792 -0.4467014 -0.0908515 -0.1997652 0.0231628 0.1079586 0.5101244 -0.0088307 -0.1841683 -0.2754742 0.0334055 -0.1267892 0.2661244 -0.1052873 0.3086528 -0.1009056 0.5945892 -0.1223653 0.2673139 0.1964778 0.1996381 -0.1185365 0.1055541 0.0804666 0.0284790 0.3111998 0.3583533 0.1095191 0.0288087 0.3247264 0.3567666 0.4651542 -0.1335001 -0.1499388 0.1725005 0.1169624 0.2615861 0.2556360 0.1986161 0.4473462 0.3584682 0.3428254 0.1235593 0.3094445 0.2981000 0.3060413 0.2526752 0.2555435 -0.2630341 0.2921313 0.2201045 -0.5186781 -0.5477701 -0.4603646 -0.2186615 -0.0779201 0.1750022 -0.1251427 -0.0541445 -0.2122393 0.0187382 -0.0223168 0.1922991 0.3881255 -0.0933741 0.3427521 -0.2007162 0.2003671 0.0084611 0.0960921 0.2969270 0.0866941 -0.0691180 0.4001927 0.2336429 -0.1454438
0.2018512 0.3686986 0.2799569 0.6079055 0.3055874 0.5440333 -0.2098750 0.3421956 0.0951585 0.3981961 0.7674844 0.3550596 0.2592457 0.4470191 0.1824924 0.0000000 0.6259305 0.2934745 0.0990671 0.0995147 0.5574523 0.2683153 0.8190114 0.1682067 -0.0509658 0.1741800 0.0208362 0.0784110 0.5999116 0.0205054 0.2351342 0.1685780 0.2379795 0.4876382 0.1813496 0.5832055 -0.0139124 0.0672800 0.3345577 0.0783633 0.2564943 0.5224389 0.7902978 -0.0994980 0.3264860 0.0511810 -0.1021753 0.2068558 0.1268200 0.1593505 0.0523728 0.6389244 0.3590376 -0.0321188 0.0858964 -0.0035825 -0.0869836 -0.0032797 0.3640165 0.2090299 0.1820966 0.1600307 0.0148327 0.3005934 0.3381198 0.0883752 -0.0600066 0.0190354 -0.0174782 0.1831410 -0.1116377 0.4390801 -0.0130799 0.3235984 -0.1932680 0.1988085 0.3022204 -0.0888565 0.1417073 0.2714256 -0.0829647 -0.0006575 0.0487749 0.2250705 0.1845721 0.3980982 0.0953682 -0.0454504 0.2576073 0.3168985 -0.0439930 -0.1010433 0.0621163 -0.1405798 -0.2603689 -0.1222665 -0.1363577 0.1931576 0.1160847 -0.2232748 0.4144211 0.2148512 0.3569971 -0.2629091 0.1172862 -0.0215755 0.5810080 0.3519020 0.3307050 0.1866723 0.4355618 0.3020097 0.0361797 -0.0837156 -0.1675496 -0.0028100 -0.1523625 -0.1829000 -0.0816614 0.3299955 0.1036458 -0.0113345 0.2717046 0.2489975 0.1811575 0.2033034 0.1348267 0.3432892 0.3648764 0.5109183 0.2994371 0.1987169 0.3570482 -0.1358989 0.1257785 0.2934584 0.2019184 0.3523050 0.2290932 0.4286428 -0.0435617 0.4441846 0.1946756 -0.0314433 0.1962224 0.0794908 0.1982435 0.1523138 -0.0573184 0.4386844 0.2431851 0.1277551 0.1449371 0.0445150 0.1649033 -0.1110765 0.1444382 0.1506033 0.0500222 0.2315316 0.1341730 0.2150545 -0.0448451 0.2395405 0.0662119 0.2510260 0.0928393 -0.0889690 0.1559406 0.0552297 0.0333417 -0.0020971 0.3095101 0.1709297 0.0811813 -0.0733852 0.1759776 0.0482217 0.4402628 0.5857863 0.1038625 0.5958829 0.5665924 0.4846200 0.1359706 0.0975904 0.0099509 0.0268646 0.1803206 0.0716194 0.5008744 0.2946791 0.2853363 -0.0795479 0.3994508 0.1277928 0.0095858 -0.0261750 -0.0112297 0.1909991 0.0647217 -0.1250439 -0.0920886 0.0064876 0.3442783 -0.1338445 0.1755738 0.0089496 0.1024019 -0.1322833 -0.0981255 0.4513186 0.2076592 0.2783548 -0.1115468 0.1541306 0.3112945 0.2362295
-0.0245596 -0.1317815 -0.3960782 0.2184627 -0.1294045 0.4690803 0.0027015 -0.3621495 0.0786905 0.4087066 0.5825369 0.4143436 -0.4506019 0.6255575 0.2539314 0.6259305 0.0000000 0.4862392 -0.4904806 -0.5398709 0.1802940 -0.1696975 0.6456766 0.5243456 -0.5259390 -0.3879853 0.5209703 0.4017233 0.5488549 0.2929442 -0.2731820 -0.1439929 0.6663133 0.6747373 -0.4035046 0.3663715 -0.5164058 -0.3662822 0.6972467 0.4248399 -0.2074432 0.5282440 0.6829547 0.4245489 0.1517662 -0.5074060 -0.6114780 -0.1975790 0.4284310 -0.3581149 -0.5394305 0.5093954 0.0515620 -0.0494412 -0.3543313 -0.5372250 -0.5351565 -0.2250019 0.3055645 -0.3771390 -0.3011227 -0.3006359 -0.3772253 0.0436709 0.2395336 -0.3273875 -0.5450070 -0.3782728 -0.4800928 -0.4266167 -0.5852019 0.1909097 -0.4911099 0.0237477 -0.4508431 -0.3332110 -0.1756907 -0.5556675 -0.3339173 -0.2750289 -0.2785175 0.0711812 0.1427180 0.2489272 0.3624508 0.2597518 -0.1799857 0.3087662 0.2091911 0.3235724 -0.2026588 -0.3535853 -0.0135436 0.1967298 -0.0958966 -0.1408476 -0.1643709 -0.0445769 0.1265952 -0.1664534 0.1328607 -0.0518894 -0.0434718 -0.2972890 -0.1109862 -0.0540197 0.1965403 0.2670495 -0.0017259 0.3389752 0.1452303 -0.2525296 0.0080447 -0.0055640 -0.1788064 -0.0479924 -0.1447048 -0.1029546 -0.0822958 0.1477125 -0.1508716 -0.1021657 -0.1268286 0.0220161 -0.0068142 -0.0843751 -0.1119910 0.0421553 0.0494994 0.2136179 0.1723261 -0.1622877 -0.0222958 -0.2961195 -0.3068632 0.0201954 0.0540708 -0.0501850 0.1003452 0.1164382 -0.2346065 0.0478885 -0.0402655 -0.2551539 0.0342296 -0.0084766 -0.0211758 -0.0699627 -0.0703380 0.0953584 -0.0633682 -0.1599396 -0.1138794 -0.2091665 0.0325670 -0.2519803 -0.1281637 -0.1591484 0.0087516 -0.1669797 -0.1007828 -0.1771984 -0.1298912 -0.2047283 -0.1528633 -0.0954129 -0.0273696 -0.1192444 -0.2217104 -0.2072971 -0.3188185 -0.1181029 -0.0261888 0.0910767 -0.2508545 -0.4206807 -0.3192390 -0.2170208 -0.0905141 0.0845799 -0.2391338 0.2548310 0.5180633 0.2431396 -0.1911242 -0.2641399 -0.2334378 -0.2170866 -0.2111911 -0.2208285 0.0283613 0.0952999 0.0181832 -0.3496082 -0.0211004 -0.2401663 -0.2265786 -0.4182972 -0.2966811 -0.0413594 -0.2794438 0.0448123 -0.2799106 -0.2488876 0.2198029 -0.1786064 -0.2245734 -0.0066420 0.0851494 -0.1409909 -0.1884439 0.4288522 0.0982347 -0.2665404 -0.1741659 0.3224920 0.7300594 0.3271318
