0.0000000 0.0295093 0.4228109 0.0126999 0.0334234 0.2838844 0.0283616 0.1516178 -0.1844222 0.4344135 0.6721798 0.2087983 -0.0100480 0.3136575 -0.0859851 0.0553676 0.1475654 0.3261642 0.3157840 0.2216960 0.3031518 0.1868310 0.5774811 0.0512595 0.5268633 0.1383458 -0.0638314 0.4330082 0.1661961 0.5527902 0.1339445 0.3480759 0.0565997 -0.1627342 0.2044591 -0.2984189 0.1892262 0.2890394 0.6364174 0.3182355 0.1506086 -0.4074256 0.5113952 -0.0031334 -0.5004823 0.2369652 0.3252503 0.3198018 -0.4523516 0.1263402 0.2380060 0.1334033 -0.5212166 -0.1360293 0.1460425 0.2429409 0.3619438 -0.4676910 -0.4754962 0.2398663 -0.4431629 0.0578485 0.3275750 -0.3534648 -0.4847396 0.2860117 0.3117769 -0.2286359 -0.0416030 -0.0167176 0.1903950 -0.1819428 -0.0669394 -0.1209980 -0.0160984 0.1780463 0.1005912 -0.0226793 0.1110183 0.2249346 -0.0670486 0.2501324 -0.3090751 -0.2408981 -0.2426247 -0.5500979 0.2080569 0.2640821 -0.5292403 -0.2243805 -0.6383580 -0.1548471 -0.4777470 -0.0577219 -0.5933663 -0.5969528 -0.5343103 -0.4545388 -0.4836836 -0.6104878 -0.4157333 -0.4158244 -0.4428393 -0.4897946 -0.4761418 -0.6106816 -0.4456022 -0.1983450 -0.2899077 -0.2258042 -0.3192908 -0.2378884 -0.0470912 -0.2518218 -0.3071344 -0.0860054 -0.1292356 -0.0860402 0.0531842 -0.1859611 -0.0570029 -0.0612019 -0.2938648 0.1404724 -0.2984763 -0.1370873 0.2334223 -0.3491594 -0.2688847 -0.1273437 -0.1633297 -0.4056768 -0.0565545 -0.2455647 -0.0147664 -0.2362232 -0.2187344 -0.2726739 -0.1822534 0.2695777 0.0236770 -0.1659843 -0.0623992 -0.1140430 -0.3665807 -0.1652972 -0.3812182 -0.4405319 0.2205309 0.0189582 0.1993792 -0.2946749 -0.3411772 -0.1625892 -0.1413128 -0.4474702 0.1628740 -0.4495101 0.0978536 0.3277631 -0.5042433 -0.1926624 -0.2463505 0.3587736 -0.5053423 -0.2566589 -0.0582014 0.0137711 0.2943108 -0.0672254 -0.4226116 -0.2384111 0.2669960 0.2515393 -0.0418579 0.1154407 0.4166729 0.1580939 0.3342847 -0.5294101 -0.7110473 -0.4715201 -0.5473371 -0.3494005 -0.4054109 -0.4229412 -0.2782812 0.2530317 0.1664660 0.1922514 -0.0690307 0.0578271 0.1882171 -0.0473225 -0.2256325 0.0081607 0.2295877 -0.1293046 0.0701592 -0.0783726 0.2489078 0.2322497 0.1581413 0.2247310 0.0723644 0.0107564 -0.0933419 -0.1698484 0.4087063 0.2873935 0.1220211 0.3429844 0.1541484 -0.2277981 -0.1305858 0.2907495 0.2644002 -0.1895140
0.0295093 0.0000000 0.1777915 0.6626321 0.0769380 0.3102027 0.4188609 0.2722552 0.2654315 0.3590062 0.6193803 0.5764235 0.1207235 -0.1494987 0.3982944 0.4970512 0.1748332 -0.1756801 0.1912078 0.1413714 0.4970213 -0.1028224 0.3018389 -0.1141193 0.1292279 0.2983511 0.2829703 -0.1865782 0.5025026 0.2069052 0.0371010 0.4840744 -0.0327926 -0.0400449 0.6942149 0.4097587 0.4811976 0.3395279 0.2869061 0.0665798 0.0466164 0.3261932 0.4534666 0.0892245 0.3004845 0.3339976 0.3974756 0.1744687 -0.0828701 -0.2067571 0.4698077 0.2136576 0.0726171 0.3069937 0.0405499 0.3007843 0.3784369 0.0926460 0.3389721 0.3900306 0.4364802 0.4037855 0.3409817 0.2943493 0.1954310 0.2299451 0.4845031 0.0616439 0.4700292 0.4168020 0.4921504 0.6429538 0.3078966 0.2895588 0.4021563 0.2820550 0.3437073 0.3035840 0.2965826 0.1075421 0.0446372 0.0363675 0.1096681 0.1194961 -0.0047835 0.1096236 -0.1974137 -0.0037954 0.1443309 0.1812539 0.1159213 0.0802794 -0.2482388 -0.0071243 -0.0382627 0.2058424 -0.1107726 -0.3063138 0.2447159 0.1724366 0.2776268 -0.1835654 0.1620222 0.1477989 -0.0663491 0.1676157 0.1469819 0.1791417 0.0206870 0.2044389 -0.0161587 0.1609377 -0.0083203 0.1034234 0.1822714 0.0982888 0.0175638 0.1314144 0.0905993 0.0159690 -0.0245162 -0.0578951 0.3320982 0.1214849 -0.1173182 0.0037521 -0.1025438 0.2683870 0.0736215 0.3720998 0.1167307 0.3319273 -0.0421327 0.0588697 0.2457773 0.3420805 0.0153600 0.0654298 -0.1030116 0.0523992 0.2807712 0.0102462 -0.0552642 -0.0157687 0.0321353 0.1285500 -0.0545682 0.0465479 0.3496441 0.0092246 -0.0852590 -0.0214636 0.0188881 0.1385920 0.2399778 0.2297756 -0.1909816 0.0984923 0.0577700 -0.1857501 0.4460934 0.0821464 -0.0753776 -0.3062554 0.1476487 0.1110288 0.0976623 0.0497522 0.0541439 -0.0664636 0.1957805 0.2483920 0.1757001 0.0604210 0.3312485 0.3341922 0.0945226 -0.0925325 0.0971795 0.2443872 0.2130063 0.5055898 0.3946219 0.3772214 0.3165451 0.2184251 0.2985847 -0.0558742 0.3030495 0.2858223 0.0519601 0.0826928 0.1903156 -0.3453578 0.0510327 0.1309287 0.0860134 0.2410337 0.0303022 0.0633884 -0.1647862 -0.5068629 -0.2297163 -0.1876703 0.2981655 0.1902292 0.0805519 0.1422551 -0.3198689 -0.5382654 -0.2184419 -0.1291155 0.1884006 0.1170871 0.3391748 0.0203319 -0.2370555 -0.0702239
0.4228109 0.1777915 0.0000000 0.2032073 0.6405708 -0.0488547 0.2617964 0.3604152 0.2175838 0.2759282 0.2935930 0.4704002 0.3434613 0.0672093 0.2571904 0.0593465 0.0005267 0.1261549 0.3615753 -0.0161460 0.4564573 0.2489405 0.6209182 -0.3342136 0.4996568 0.5679707 0.0757360 -0.2530886 0.5832988 -0.0440343 0.0797060 0.3786168 -0.3734089 -0.3419998 0.4475612 0.0068315 0.4597723 0.5408606 0.3451329 0.1545392 0.5170565 -0.0097729 0.4695143 0.2605207 0.0638156 0.4616759 0.5253959 0.3349943 -0.0851825 0.3120822 0.5550400 0.4520827 -0.2816311 0.2880320 0.2906364 0.5302007 0.6006427 0.0590235 0.0116626 0.5591787 0.2520842 0.3212173 0.4494885 0.1852045 0.2177361 0.5205808 0.6277319 0.2191541 0.4530947 0.3493393 0.4445398 0.2851664 0.5393237 0.3493997 0.3971672 0.4631698 0.2711776 -0.0867855 0.1523797 0.4057637 -0.1751276 0.1719491 -0.3198124 -0.1984058 -0.2314001 -0.0899046 0.1392837 0.2360478 0.0607772 0.0523862 -0.3680696 -0.0046303 -0.3463221 0.1690935 -0.3327434 0.0164700 -0.3613945 -0.5732958 -0.1194305 -0.1541964 -0.0476667 -0.5646142 -0.5333039 -0.1601710 -0.5179608 -0.0626301 -0.4914055 -0.6521203 -0.4800586 -0.5011414 -0.4206488 -0.5448223 -0.6173490 -0.6636557 -0.4202364 -0.6390235 -0.5726021 -0.3541478 -0.5172823 -0.5475032 -0.6032084 -0.5772769 -0.3276128 -0.2462988 -0.4790914 -0.3925375 -0.2884533 -0.3646179 -0.3803918 -0.0823532 -0.4201945 -0.3301500 -0.3450570 -0.0840892 -0.0559624 -0.3502005 -0.2831848 -0.2753824 -0.3295566 -0.2035608 0.2601615 -0.2030484 -0.5839393 -0.4702920 -0.3548182 -0.4321734 -0.2541923 -0.3277002 0.0299253 -0.2475119 -0.2946951 -0.5013414 -0.2941983 0.0415149 -0.3893094 -0.5087304 -0.1387333 -0.4422536 -0.0532533 -0.1529475 -0.3369367 -0.3586401 -0.5048658 -0.1347453 -0.4452011 -0.2967108 -0.1545221 0.1446460 0.0088236 -0.4056993 -0.2143944 -0.1257377 -0.2626185 0.0185806 0.2522550 0.4515465 0.3894221 0.1878929 0.3401624 -0.1739550 -0.2827928 -0.0645364 -0.0823109 0.1497519 0.0766818 0.3608938 0.1321254 0.2152829 0.2268699 0.3192746 -0.3719438 0.2018962 0.1119425 -0.4615829 -0.4377783 -0.3104619 0.1641142 0.1134567 0.3153606 -0.3203419 0.0652742 -0.0654919 -0.1832846 -0.2800903 0.2212071 0.0218598 -0.2426839 0.2205364 0.1668799 0.1163823 -0.1782093 -0.0048814 0.1659440 0.2049926 0.2576914 -0.1847565 0.0752280 0.0784340
0.0126999 0.6626321 0.2032073 0.0000000 -0.0481650 0.3762916 0.0411403 0.2873907 0.4256231 0.2783404 0.5523185 0.3777406 -0.0170218 -0.2736112 0.3011975 0.1721064 -0.0222521 -0.1153147 -0.0984847 0.0292032 0.3580558 -0.1146389 0.4825559 0.1574230 0.0299390 0.2490625 0.0338018 -0.1327906 0.5789912 0.0070372 -0.0452206 0.2826815 0.0771819 0.1865602 0.6110264 0.2408932 0.4336501 0.4234266 0.4355986 0.2022406 0.1524385 0.3596212 0.6013198 0.2675008 0.3907161 0.3214876 0.4093156 0.3434038 -0.0213186 0.0908530 0.3747943 0.2969224 0.2118327 0.1538667 0.2749604 0.4421936 0.3414361 0.0226322 0.0788595 0.3627182 0.2414787 0.1230331 0.2232185 0.2214156 0.2350639 -0.0509135 0.2484111 -0.0960000 0.1281503 0.2404854 0.2051523 0.4625283 0.1170321 0.1526184 0.1472060 0.1945478 0.1738277 0.0681528 0.0856411 -0.0691333 0.0071464 0.2047347 -0.3706828 -0.2053657 0.0507532 -0.1779946 0.1230529 -0.2288133 -0.0604339 -0.2382701 0.1055907 0.2437924 -0.3194834 -0.4603652 -0.1064162 0.1126840 -0.2020390 -0.3256614 -0.0856827 -0.2199845 -0.2469528 -0.1562220 -0.1660371 -0.2267125 -0.1338280 -0.0865793 -0.0218664 -0.0823790 -0.1085472 -0.1168006 -0.2070086 0.1384727 -0.3026399 -0.2136878 -0.2560164 -0.2564480 -0.4315226 -0.3240647 -0.3525847 -0.2157243 -0.4430501 -0.3587766 0.3625470 -0.3455443 -0.3009493 -0.0283800 -0.0339232 0.2035723 0.0408161 0.3999955 0.0926591 -0.0742447 0.1253659 -0.0197376 -0.1994531 0.0313609 0.0192566 0.0333965 -0.0747405 -0.0444762 -0.0929959 -0.1387175 -0.0678860 0.0454123 0.0331858 -0.1439062 -0.0186246 0.0709558 -0.0691310 -0.0806598 -0.0542475 -0.1304018 -0.0526251 -0.2097919 0.4358817 0.1262149 -0.2831754 -0.0126649 -0.1127830 -0.1686318 0.5636739 -0.0457062 -0.0723759 -0.1362396 0.2375081 0.1148917 -0.3203287 -0.2787422 -0.0466944 -0.2405822 0.0379733 -0.0313493 0.0620216 -0.2692947 0.0453583 0.0233531 -0.0403516 -0.1713148 0.0670429 0.2722694 0.2802015 0.4222010 0.1167271 0.3045311 0.0712036 0.2081141 0.0297695 -0.0451945 0.1253856 0.0666295 -0.0805952 -0.0283021 -0.0374292 -0.2116633 0.0084911 0.1383719 -0.2710133 -0.1529593 -0.2655924 -0.0572474 0.0154055 -0.5668029 -0.3704585 -0.1622599 0.3281785 0.1704808 -0.0784050 0.0371714 -0.1367732 -0.5261180 -0.3087242 -0.2056083 0.0175657 -0.0716665 0.2056198 -0.0793765 -0.0157887 -0.0050321
0.0334234 0.0769380 0.6405708 -0.0481650 0.0000000 -0.1450452 0.3045654 0.2875071 0.2280187 -0.0107172 -0.0789734 0.4095510 0.3481423 -0.1055613 0.3684994 0.1645132 0.1319747 -0.1053343 0.3825818 -0.3810680 0.3861349 0.0374653 0.2422405 -0.5095920 0.3187666 0.7788242 0.2184548 -0.5165628 0.5246486 -0.3338183 -0.1967056 0.2705582 -0.3807279 -0.2242336 0.4100201 0.4222173 0.3409018 0.4597190 -0.1248776 -0.2477311 0.1299260 0.3740474 0.0952854 0.0098094 0.3769966 0.4051856 0.3705375 -0.0367806 0.2424552 0.2910873 0.3989886 0.5782722 0.1784148 0.2949470 0.1339024 0.2464165 0.2908428 0.3582065 0.2110633 0.3648512 0.4827426 0.5612825 0.3334838 0.5148063 0.5154666 0.2921412 0.4770260 0.6102114 0.4459077 0.5704457 0.1717066 0.4478752 0.5387286 0.5810377 0.3682861 0.6061594 0.4716682 -0.2873119 -0.0022568 0.5838042 -0.3066979 -0.2866505 -0.1921608 0.0296019 0.0860116 0.2446058 0.1092495 0.2751521 0.4413076 0.4192235 0.2599932 0.3545838 0.1216666 0.3470669 0.0526050 0.3054665 0.2904141 -0.2441665 0.2307262 0.3190367 0.3582249 -0.2415909 -0.3476229 0.2734930 0.0980848 0.1936376 -0.1902199 -0.4667761 -0.1358562 -0.1539213 -0.0067713 -0.4943877 -0.5309806 -0.3812952 -0.1321769 -0.4112451 -0.2701947 -0.1437170 -0.4106097 -0.2201787 -0.3637206 -0.3978552 -0.2399763 -0.3161159 -0.0387857 -0.2754308 -0.5082569 -0.1692313 -0.1386873 -0.3690879 -0.3100321 -0.0264753 -0.2847844 0.4383482 0.0850706 -0.0358285 -0.0842278 -0.0357645 -0.1340152 -0.2606064 0.4940244 0.1570499 -0.3327799 -0.2213034 -0.0803973 0.0451714 0.0647514 -0.0393476 0.1855428 -0.0849817 -0.3852738 -0.1165677 -0.0346888 0.4616774 -0.3944605 -0.0066952 0.2200202 -0.1167927 0.3019181 -0.1848980 -0.2127044 -0.0520143 -0.1563471 -0.0964958 -0.1483215 0.0610622 0.3017405 0.4897991 0.1852748 -0.0654975 0.1742416 0.2253810 -0.3139541 -0.1433330 0.2949719 0.5047229 0.3290562 0.4191434 0.3180433 0.1573292 0.0654722 0.2294054 0.2286271 0.4020552 0.2714066 0.6015442 0.3199378 0.4236603 0.2953197 0.3706394 -0.1762315 0.2395798 0.0251514 -0.4060400 -0.2673527 -0.4108908 0.2135812 0.1245990 0.4858400 -0.2148372 -0.1846511 0.0052010 -0.2871939 -0.4225862 0.1589942 -0.0872463 0.0169210 0.3228053 -0.1954007 0.1772096 -0.2196642 -0.2959707 0.1923194 0.6118618 0.2487499 -0.5810800 -0.2329707 0.0219903
0.2838844 0.3102027 -0.0488547 0.3762916 -0.1450452 0.0000000 -0.1253096 -0.3904342 -0.1176590 0.3175439 0.4528485 0.0666642 -0.5641558 -0.1654191 -0.0852221 -0.2377769 -0.3174830 0.1674472 -0.3988995 -0.1205526 0.0448548 -0.4411079 0.4684000 0.1003918 0.0086190 0.0725676 -0.5555824 0.2038437 -0.0113368 0.2031963 -0.3841432 0.1401203 -0.0752995 -0.2300563 0.2461275 0.0100119 -0.1088204 0.0742571 0.6388246 0.0785182 -0.1083226 -0.0441662 0.5263912 -0.3502107 -0.2250882 0.3116164 0.0266932 -0.1595189 -0.6591361 0.3116473 -0.0038007 0.3583742 -0.3272454 -0.2655482 -0.0965193 0.2940310 -0.0985272 -0.6196573 0.1312062 0.0484144 -0.2728036 0.0264672 -0.2225936 -0.3511598 -0.4843125 -0.2364965 0.0411464 -0.4777559 -0.3321572 -0.2854425 -0.1749482 -0.1564704 -0.3409278 -0.3334912 -0.2999889 -0.1947135 -0.1870178 -0.2197544 -0.3264260 -0.2517587 -0.3537087 0.5103503 -0.1259229 -0.2774275 -0.0820077 -0.6185950 0.4445756 0.1366461 -0.5607945 -0.4044273 -0.1904848 0.1037497 -0.1128909 -0.2102648 -0.6114597 -0.5235182 -0.0539837 -0.2376789 -0.4481312 -0.3561111 -0.4171360 -0.2126961 -0.3972018 -0.5138277 -0.0513845 -0.5687470 -0.4028714 -0.1767837 -0.4606526 -0.2980259 -0.5703141 -0.3338238 -0.0283955 -0.2514169 -0.1401227 -0.0612367 -0.1798510 -0.1310331 0.0008481 -0.1770017 -0.0627908 -0.0081255 -0.0171836 0.0874825 -0.3074602 0.0334735 0.4401971 -0.2362043 -0.1255137 0.2573426 0.0948743 -0.3356786 0.2297485 0.0574342 0.1117623 -0.1627869 -0.0247705 -0.2021361 0.0393220 0.0000262 0.2085819 -0.0048448 0.3193902 -0.1205280 -0.1134793 -0.2157635 -0.1142981 -0.0851480 0.5274431 0.0392155 0.0074780 -0.3809050 -0.3060276 -0.1386183 0.2523238 -0.2926392 0.0005514 -0.4243826 0.2099413 -0.1164147 0.0188580 -0.2538444 -0.4329180 0.0046599 -0.1375892 -0.3151297 -0.2933120 -0.1436547 0.1656949 -0.3524687 -0.1790658 0.0752866 -0.1239521 -0.3388538 -0.1608452 0.0056794 -0.0685526 -0.0511175 -0.0705101 -0.1638408 -0.1421312 -0.1380817 -0.0215144 -0.1981919 0.0755555 -0.3095810 0.0890920 0.0208228 -0.0454075 -0.2226470 -0.1873906 -0.4138200 -0.0502896 -0.2120978 -0.0598224 -0.0189481 -0.0835472 -0.0635235 -0.3661406 -0.0552918 -0.0729405 -0.0702231 -0.1360782 0.1191341 0.2419740 0.1748396 -0.0103830 0.2223219 0.1818568 -0.2125573 -0.0948592 0.0507922 0.3248325 -0.0053402 -0.0326071 0.0467504 -0.0239252 -0.3185307
0.0283616 0.4188609 0.2617964 0.0411403 0.3045654 -0.1253096 0.0000000 0.4467381 0.1210371 0.4694505 0.1513098 0.6414942 0.5773090 0.3044051 0.5463797 0.0709624 0.3874992 -0.0103900 0.3742798 0.5355489 0.5600845 0.5005885 0.2376722 -0.0216598 0.2554443 0.1131373 0.6749163 -0.1310757 0.3995488 0.2577420 0.6188189 0.4791823 -0.0417086 0.0276243 0.2374781 0.2899499 0.4524662 0.0606050 -0.1530196 0.0864512 0.4867156 0.2465552 0.0868895 0.1090582 0.0907713 0.0965345 0.3081377 0.3613309 -0.0088725 -0.5834575 0.3263291 -0.1188946 0.0356203 0.2679130 -0.2765687 -0.0530794 0.3619317 0.2659726 0.4140592 0.2381609 0.4676024 0.1595299 0.6240276 0.4162774 0.2191571 0.6436934 0.3417485 0.4954596 0.7814880 0.5386303 0.4629671 0.5396762 0.2872191 0.5763839 0.7079630 0.4161567 0.5642199 0.0983678 0.0753869 0.3403927 -0.0978600 -0.3312008 0.0861419 0.0264209 -0.1314766 0.1886154 -0.7229609 0.3199033 0.3374004 0.2929686 -0.0458969 -0.3262542 -0.4036799 0.5948939 0.2759504 0.2373149 0.0025755 -0.4336192 0.6022295 0.3875876 0.5578290 -0.4732402 0.0839402 0.2841894 -0.2603413 0.2744317 -0.0855033 0.0356671 0.0756323 0.1842900 0.3036329 -0.0566912 -0.1232757 0.0965447 0.2644549 0.1086255 0.1862107 0.1722040 0.0975737 -0.1018572 -0.0329349 -0.0191084 -0.0597151 0.1002478 -0.2387006 -0.3091261 -0.4979066 -0.0733184 -0.1609497 -0.1685950 -0.3085091 0.2533671 -0.4287536 0.2511662 0.3349008 0.2092209 -0.3363745 -0.1327670 -0.3293211 -0.0437330 0.5090662 -0.2064396 -0.2426476 -0.1853435 -0.2545712 0.2971818 -0.2225895 -0.1313959 0.3175605 -0.2500138 -0.1175991 -0.0045224 -0.1621442 0.4426524 -0.0916417 0.1046363 0.0212381 0.0688373 0.2477349 -0.1395478 -0.0012040 -0.0197212 -0.2170901 -0.3967345 -0.1654303 0.0829870 0.5663562 0.4446784 -0.1284089 0.0133364 0.4666750 0.3617021 0.4809429 0.2857699 0.7114391 0.7216918 0.4601473 0.2795602 0.3203142 -0.1428228 -0.1027339 0.2181637 0.4771274 0.4485326 0.4826009 0.3061273 0.5361681 0.3411070 0.5869059 0.6201319 -0.0533489 0.4957646 0.4237333 -0.2361793 -0.2350705 -0.0414572 0.5427989 0.5662202 0.4295859 -0.1522427 -0.3610657 0.1305806 0.1653981 -0.0264601 -0.0195094 -0.0470257 -0.2369975 0.2668341 -0.4242793 0.1409970 -0.0773033 -0.0238597 -0.1070490 0.1371599 0.3224273 0.2644580 0.0313831 0.3939020
0.1516178 0.2722552 0.3604152 0.2873907 0.2875071 -0.3904342 0.4467381 0.0000000 0.5638308 0.2582279 0.2501610 0.5048822 0.8619825 0.0939265 0.5538872 0.4145636 0.2998189 0.0000597 0.7891917 0.4528168 0.4668776 0.7290000 0.2232180 -0.0328404 0.5458852 0.3011996 0.6981532 -0.3178080 0.6221587 -0.0755499 0.5316147 0.4485826 -0.0836387 0.1810219 0.3853360 0.0065106 0.6342190 0.5993478 0.0190335 0.1175986 0.4764974 0.1282740 0.2395147 0.3561589 0.1821886 0.3873036 0.5901934 0.6710749 0.3539611 -0.2398326 0.5142731 0.1018230 0.2313839 0.4815246 0.5117352 0.3744196 0.6362205 0.5115127 -0.0504663 0.4533576 0.4186434 0.2753722 0.7554239 0.5963989 0.6329755 0.5545272 0.4823091 0.6049703 0.6079382 0.7017213 0.4707263 0.6393567 0.5460408 0.7120115 0.7193838 0.6637952 0.5498282 0.0240876 0.2453477 0.2984224 0.0324057 -0.3699798 -0.2327172 0.0700540 0.0956915 0.1103726 -0.4785772 0.1904864 0.2180481 0.1145790 0.0766994 -0.1090823 -0.4152683 0.2323285 0.4436370 0.5799071 -0.2438329 -0.2411348 0.4131637 0.1492978 0.2608823 -0.1462104 0.0967164 0.2116426 -0.1590518 0.3743024 0.1559842 0.0123140 0.3344686 0.1699110 0.4516472 0.2717631 -0.2342067 -0.0136650 0.0696448 -0.0121581 0.0223871 0.1314724 -0.0800524 -0.0066784 -0.1980687 -0.0688035 -0.0536751 -0.1618238 -0.0365467 -0.1150934 -0.4469708 0.1435699 0.1095948 -0.1317347 -0.1594625 -0.0734979 -0.2988547 0.0700344 -0.4632772 0.1524778 -0.0999517 0.1998316 -0.1582893 0.1965266 0.0382441 -0.0833758 -0.3372257 0.2336265 0.0089641 0.1055590 -0.0535825 -0.0364900 -0.1280614 0.1127746 0.2354941 0.1509914 0.1269708 0.1340691 -0.1839826 0.2056135 0.0886708 0.1344945 0.1362322 0.3076700 0.0964540 0.2841420 0.1912586 0.0745602 0.0634846 0.2794157 0.2200491 0.2101363 -0.0411152 0.1373278 0.0987394 0.0839350 0.3201440 0.0965214 0.2375133 0.2863025 0.3394167 -0.0371273 0.3572663 0.0016775 0.0090505 0.2528101 -0.0017376 0.3841478 0.1248658 0.5351850 0.1051972 0.1581660 0.3369324 0.4729930 0.1819661 0.2924312 -0.0860747 -0.0381319 0.0256356 0.1851697 0.1477564 -0.1594726 0.1121297 0.0288408 -0.0858685 -0.3850216 -0.2271125 -0.2117159 -0.1782135 -0.4749357 -0.2328205 -0.2212547 -0.2736889 -0.2146232 -0.2530595 -0.4035436 -0.6310142 -0.2054288 -0.0290321 0.1430521 -0.0211470 0.4806417
-0.1844222 0.2654315 0.2175838 0.4256231 0.2280187 -0.1176590 0.1210371 0.5638308 0.0000000 0.2881374 0.0608557 0.2547386 0.3946823 0.1779232 0.6769716 0.0182364 0.1230921 0.1950835 0.3822693 0.0730084 0.1384417 0.2792627 -0.0350060 0.0997707 0.4719436 0.2815785 0.3924429 -0.3061482 0.4177950 -0.0705544 0.0353227 0.4908639 -0.1461514 0.1818143 0.4821350 0.1493674 0.6749406 0.6469160 0.1004916 0.0971360 0.2563944 0.2810744 0.2766428 0.2696405 0.4493688 0.6401346 0.6372236 0.4563875 0.5557303 0.0999691 0.6056318 0.2984195 0.5793150 0.6523365 0.4079894 0.4341505 0.6366130 0.6525646 0.1313723 0.6291147 0.4308174 0.2580023 0.2738263 0.5579493 0.6089409 0.3431129 0.4671990 0.4297632 0.4132217 0.4895338 0.4606648 0.5329185 0.5867960 0.2538035 0.5352988 0.3199469 0.0847133 0.1918858 0.3050384 -0.2272635 0.0384031 -0.3658905 -0.1736480 -0.0348817 0.0125860 0.1402545 -0.0829090 -0.1270897 0.2334112 0.0487011 0.3748046 0.1870448 -0.1939061 -0.0339757 0.3625958 0.5133085 -0.2354538 -0.1148105 0.2548296 0.1128851 0.1798899 0.0496242 0.1079359 0.3337665 -0.0613835 0.3651338 0.1755321 -0.0655562 0.1639168 -0.0149102 0.0898175 0.2511421 -0.2112307 -0.2019377 -0.0193313 -0.1685341 -0.2494390 -0.1890454 -0.2974853 -0.1298077 -0.3213938 -0.1647210 0.0942460 -0.3941289 -0.1123244 -0.0943193 -0.2012911 0.2098312 0.0534786 -0.0469642 -0.1273223 -0.0345382 -0.1541381 -0.3109399 -0.4491318 0.0559577 -0.1229472 0.1485192 -0.1264447 -0.2674750 -0.1860980 -0.1267419 -0.3669257 -0.0681619 0.0123484 0.0347371 0.0252012 0.0047386 -0.1977941 -0.0607270 -0.1317099 -0.0553400 0.2033798 -0.0868912 -0.0850587 0.1419922 -0.3709909 0.0286219 -0.2081041 -0.1744731 0.4818258 0.1675349 -0.0522146 -0.2312469 0.3450016 0.0456419 -0.1803893 -0.1377045 -0.1627682 -0.1066620 0.1259496 0.1218465 -0.1173825 -0.5171729 -0.2818317 -0.2140615 -0.2585303 -0.5130538 -0.0928457 0.2008931 0.2483688 0.2485661 0.0784526 0.1253882 0.2092400 0.4365417 0.0748445 -0.4126017 -0.1626845 -0.0745946 0.0227177 -0.2267713 -0.5021398 -0.2093299 0.0551302 0.0822690 -0.3978148 -0.3306274 -0.4628589 -0.0486947 -0.4647745 -0.6470888 -0.4529756 -0.6443709 -0.3155319 -0.4133944 -0.2776044 -0.3372453 -0.4204241 -0.6811080 -0.3512094 -0.7313495 -0.5569674 -0.1861139 -0.1641740 -0.0978616 -0.1807227 0.3208414
0.4344135 0.3590062 0.2759282 0.2783404 -0.0107172 0.3175439 0.4694505 0.2582279 0.2881374 0.0000000 0.6267236 0.5361869 0.2286358 0.4489485 0.3397982 -0.1163209 0.0770583 0.2320478 0.2081603 0.3517193 0.5468462 0.3249613 0.4544264 0.0879443 0.5698314 0.0850602 0.1921747 0.1034284 0.2249593 0.4457714 0.3792463 0.7006018 -0.2361670 -0.2819788 0.4008210 0.1250588 0.5555312 0.3620805 0.3734823 0.1387350 0.3803171 0.1640670 0.4821708 -0.1828143 -0.1863522 0.4064433 0.4594988 0.3802461 -0.3303657 -0.2655916 0.4855548 0.2088532 -0.1484329 0.3179295 -0.0986882 0.1648009 0.5149279 0.0642284 0.2815999 0.5422212 0.2329980 0.2581132 0.3433976 0.0970370 -0.0847178 0.5905482 0.5646986 0.2360922 0.4414647 0.2682125 0.5760390 0.1826130 0.2945642 0.1319760 0.4892723 0.2724324 0.2333064 0.2077698 0.1501570 0.0438996 -0.1430365 -0.1766505 -0.3137849 -0.3037635 -0.1913122 -0.3646261 -0.2529707 0.1283294 -0.1813763 -0.1426592 -0.3274344 -0.4005237 -0.7768077 0.1474170 -0.3240098 -0.1601846 -0.4365006 -0.7088363 0.0519300 -0.1956555 0.0062081 -0.5399368 -0.2082820 -0.1805323 -0.4023581 -0.2929252 -0.2525085 -0.1705799 -0.1632852 -0.0345056 -0.1184472 -0.0361823 -0.2354802 -0.2521725 -0.1665126 -0.0918523 -0.1413303 -0.1328042 -0.0425557 -0.3162627 -0.1307199 -0.1173816 -0.1749924 -0.0409493 -0.5334564 -0.2869956 -0.0033072 -0.3042906 -0.2710169 -0.0895178 -0.2490670 -0.1325500 -0.2428353 -0.1748153 0.1680298 -0.2735534 -0.4018812 -0.2739518 -0.3418785 -0.0197908 -0.0763734 -0.4144316 0.0251166 -0.3871899 -0.2960240 -0.1420254 -0.3685489 -0.3607884 0.1901934 -0.3150640 -0.1034843 -0.3639309 -0.2815500 -0.2385206 -0.1480320 -0.4066610 -0.1059046 -0.2913511 -0.0236594 -0.0789597 -0.1218908 -0.1472179 -0.5495663 0.0249651 -0.3278678 -0.3665674 -0.0853831 -0.1830098 0.0113822 -0.1376334 -0.1373537 -0.1003623 0.3412200 -0.1467029 0.1000291 0.2450473 0.3108632 0.0052030 0.2968719 -0.2678298 -0.2434868 0.0476777 0.1925280 0.1363975 0.3762414 0.0195574 0.3834825 0.2024682 0.3161969 0.2513486 -0.2038627 0.0326254 0.1546361 -0.3159482 -0.2802098 -0.0213706 0.1249108 0.2035531 -0.0857489 -0.2397008 -0.3427107 -0.0104347 -0.1166119 -0.1788623 -0.2247544 -0.0843828 -0.3667470 -0.0468813 -0.2924750 -0.1254701 -0.2782539 -0.0013667 -0.1000815 -0.1706487 0.0887724 0.3973098 0.2527859 0.2965307
0.6721798 0.6193803 0.2935930 0.5523185 -0.0789734 0.4528485 0.1513098 0.2501610 0.0608557 0.6267236 0.0000000 0.5366603 -0.0050486 0.1287947 0.1078781 0.3310791 0.1133014 0.1652343 0.2590680 0.2254568 0.6056606 0.0659741 0.5640240 0.0070315 0.4747252 0.2121227 0.0741512 0.2325112 0.3417350 0.4132106 0.1103375 0.5385211 -0.0513099 -0.2212317 0.5562296 0.0778266 0.3946930 0.4645988 0.6811510 0.2379728 0.0976440 0.0019308 0.6797250 -0.1178270 -0.1596638 0.3374702 0.4142687 0.3930206 -0.4984136 -0.0159937 0.4538186 0.3130543 -0.3155567 0.0853708 0.1461383 0.3986806 0.4202989 -0.2889757 -0.1759809 0.4576559 -0.0613698 0.3047019 0.2996029 -0.0332409 -0.2563132 0.2216273 0.4838693 -0.1560623 0.1380948 0.2107145 0.3123663 0.2102672 0.0018204 0.0954262 0.1112206 0.3087262 0.3465849 0.0256398 0.0824883 0.1920530 -0.1812991 0.1649337 -0.2022789 -0.0531324 0.0222605 -0.2861496 0.0888680 0.1458988 -0.2521280 -0.0529499 -0.3846459 -0.1417346 -0.6088307 -0.1930503 -0.4144910 -0.2461639 -0.5495824 -0.5702770 -0.1971118 -0.3464961 -0.2020686 -0.3319539 -0.1616530 -0.3031431 -0.4003177 -0.3420884 -0.1263031 0.0353223 -0.1966608 0.0911192 -0.2338217 0.0791429 0.0539476 -0.0382705 -0.0353074 0.0554936 -0.0575876 0.1196722 0.1615545 -0.0593917 0.0316232 0.0143843 -0.0945632 0.2360041 -0.2489186 -0.0783875 0.2270568 -0.1301974 -0.1318806 0.1982541 0.0178782 -0.2195008 -0.0213701 -0.0957164 0.0125555 -0.0755860 -0.1207364 -0.1485194 -0.2093127 0.2863923 -0.0281932 -0.1508957 -0.0660882 -0.0378748 -0.1903160 -0.1598129 -0.3041408 -0.2936793 0.1667077 0.0574683 0.1804578 -0.2056272 -0.1969431 -0.1938657 0.1458190 -0.1793468 -0.0873424 -0.1907789 -0.0460186 0.1403386 0.0272631 -0.0042196 -0.1487492 0.1367622 -0.1400192 -0.0544020 -0.1098016 -0.1621038 0.1356139 -0.0351266 -0.1883868 -0.1020173 0.3355185 0.0444841 0.0603405 0.1578756 0.4109444 0.0263755 0.4383896 -0.1073091 -0.3325121 0.0233286 -0.1776878 -0.0266846 -0.0790248 -0.2256748 -0.0381291 0.2051712 0.3958524 0.3463125 0.0482244 0.0161957 0.1850099 -0.1003901 -0.0815607 0.2298705 0.2405575 -0.1059775 -0.1111290 -0.0140364 0.0849069 -0.2408600 -0.2063637 0.0856463 0.1499361 0.0215886 -0.0978076 -0.1652934 0.0298628 -0.2341690 -0.2149480 0.1500136 0.1534158 -0.1536735 0.0147408 0.2656491 0.1855446 -0.0709039
0.2087983 0.5764235 0.4704002 0.3777406 0.4095510 0.0666642 0.6414942 0.5048822 0.2547386 0.5361869 0.5366603 0.0000000 0.3545498 -0.1529745 0.2391641 0.2734938 -0.0863789 -0.3039082 0.5402134 0.0868466 0.9664348 0.1820273 0.4147001 -0.4241085 0.5999072 0.6218841 0.4141534 -0.3818360 0.7222634 -0.0769317 0.1689573 0.6818926 -0.3243498 -0.2178665 0.7279183 0.6217868 0.6682535 0.5976971 0.2123428 -0.1980498 0.4353605 0.4932475 0.4515417 -0.1684893 0.2760614 0.4654598 0.6599719 0.4503658 -0.2297289 -0.0960324 0.7811142 0.3592748 -0.0116724 0.2460228 0.2113345 0.4632979 0.6062646 0.1548604 0.2145550 0.7223055 0.5975571 0.5861585 0.4969048 0.5761360 0.3400467 0.4308728 0.7474427 0.4677649 0.6792664 0.7985752 0.4029872 0.7546107 0.3718947 0.6870490 0.5695514 0.7758390 0.8120805 -0.1260103 0.0944117 0.6388546 -0.2843825 -0.3055071 -0.2246309 0.0419933 0.1585566 0.0669316 -0.2870871 0.2413433 0.2792701 0.2050396 -0.1594035 -0.1994290 -0.5575289 0.1800850 0.0551722 0.2186171 -0.1658532 -0.5630779 0.3563042 0.2826691 0.2752554 -0.4110081 -0.1987290 0.0369014 -0.2960970 0.1769103 -0.0970468 -0.1916132 -0.1643496 0.1281966 -0.0585955 -0.0578934 -0.2618970 -0.0532739 0.2055936 -0.0965810 0.0009960 0.2081244 -0.0472330 -0.1673277 -0.1183613 -0.0880915 -0.2402045 -0.0347397 -0.1420399 -0.3717063 -0.4634710 -0.2815495 -0.1844523 0.0162849 -0.3067752 -0.0052204 -0.4386350 0.3158263 0.2625114 0.0333226 -0.3021077 -0.1036346 -0.3912893 0.1996260 0.4470353 -0.1033369 -0.2615615 -0.2207982 -0.2560897 0.0739952 -0.2421914 -0.2256352 0.2534351 -0.0604841 0.0127254 -0.1573482 -0.1243465 0.2952382 -0.1372577 0.0322208 0.0345094 -0.0381960 0.2412560 0.0296151 0.1158175 0.0675304 -0.1236441 -0.1744126 -0.0519622 0.0705757 0.3516156 0.3041204 0.1818845 0.0744331 0.4680659 0.4421668 0.2747952 0.1461279 0.6096513 0.7034211 0.7592692 0.4551791 0.7811578 0.3422974 0.1562605 0.5176479 0.3980555 0.5901966 0.2852099 0.4175276 0.2930488 0.4164353 0.7973200 0.8026276 -0.0909162 0.4854466 0.4438427 -0.1747071 -0.2997873 0.0495214 0.5407469 0.2794265 0.3678555 -0.2578089 -0.0752308 -0.3467174 -0.1189567 0.0096400 0.1617745 -0.0881873 -0.2038496 -0.0022605 -0.3082437 -0.0684151 -0.1976545 0.0162001 0.0884808 0.3791363 0.4846745 -0.1768828 -0.1999862 0.0243466
-0.0100480 0.1207235 0.3434613 -0.0170218 0.3481423 -0.5641558 0.5773090 0.8619825 0.3946823 0.2286358 -0.0050486 0.3545498 0.0000000 0.2614592 0.5349531 0.3550418 0.4233622 0.0109533 0.7106528 0.4924553 0.3063877 0.8473463 0.0622887 -0.1037744 0.4072483 0.1468219 0.7263054 -0.3808331 0.4186085 -0.1012051 0.7079516 0.3392332 -0.2156342 0.0466409 0.1155198 -0.0736194 0.5127251 0.3535815 -0.2972428 0.0484969 0.4610991 0.1129635 -0.0581434 0.3536530 0.1219488 0.2174345 0.3659219 0.4666121 0.3884558 -0.4618754 0.3124164 -0.0922845 0.1655209 0.4968208 0.2510383 0.0798222 0.5027988 0.5975855 0.1484203 0.2507206 0.4701331 0.1474716 0.7354677 0.5238199 0.6183146 0.7034518 0.3696439 0.6591223 0.7155292 0.5580515 0.5680914 0.4962407 0.6175029 0.6947409 0.8242340 0.5113661 0.4561501 0.1331790 0.2556892 0.2949456 0.1157101 -0.4349664 -0.0837992 0.0411416 -0.0849567 0.2631170 -0.6512712 0.2017543 0.3407578 0.2365172 0.1173306 -0.2348450 -0.2978048 0.5131578 0.5025099 0.6488680 -0.0848278 -0.2133821 0.5406472 0.2813406 0.4974989 -0.2146445 0.2197837 0.3561360 -0.1099508 0.4496119 0.1238728 0.0403320 0.3654985 0.1547420 0.5979377 0.1372282 -0.2429858 0.0244641 0.0606872 0.0004862 0.0899726 0.1273057 -0.0609315 -0.0721177 -0.1706700 -0.0832230 -0.0008658 -0.0708198 -0.0992055 -0.1880030 -0.4867395 0.1631595 0.0313849 -0.1420309 -0.1686654 0.1174616 -0.3828620 0.1215343 -0.2749439 0.1787929 -0.1390139 0.0938708 -0.1876147 0.0001431 0.1100132 -0.1833984 -0.3379510 0.0637707 -0.0181740 0.1635589 -0.0774923 -0.0451071 -0.0890011 -0.1062046 0.0037110 0.0906049 0.0511238 0.2447922 -0.3506756 0.0722732 0.1000817 0.1317687 0.0955562 0.1179617 -0.0785685 0.1354451 0.0762332 -0.0327339 -0.0956412 0.1275440 0.3063819 0.3110448 -0.2007254 0.0681310 0.0209758 -0.0488350 0.2887272 0.2273925 0.3914819 0.4221225 0.2948345 0.0518958 0.2089402 -0.1611178 -0.0456274 0.1787412 0.1564873 0.4316858 0.3081354 0.5820259 0.2963567 0.2029380 0.3187501 0.4593111 0.0653915 0.4023377 0.0496419 -0.1479726 -0.0770839 -0.0144368 0.2104194 0.1728514 0.3167412 -0.0458031 -0.1424642 -0.0334141 -0.0506251 -0.2230617 -0.2143368 -0.3648856 -0.2546680 0.0418755 -0.2708920 0.0308932 -0.1922366 -0.3247018 -0.5984146 -0.1228957 0.0686022 0.2578369 0.0982866 0.5998611
0.3136575 -0.1494987 0.0672093 -0.2736112 -0.1055613 -0.1654191 0.3044051 0.0939265 0.1779232 0.4489485 0.1287947 -0.1529745 0.2614592 0.0000000 0.4568692 -0.2826177 0.6405891 0.7649153 0.0968397 0.5471424 -0.1311210 0.5417777 -0.0794456 0.4443496 0.2314212 -0.4735602 0.3683263 0.4989668 -0.3074997 0.6484292 0.5168538 0.1755493 0.0878470 -0.0149422 -0.3160205 -0.3997932 0.0790024 -0.1320336 -0.0011590 0.5105021 0.0960254 -0.3305879 -0.0767683 0.1536483 -0.3125761 -0.0842069 -0.0372874 0.2379716 0.1032795 -0.3858066 -0.0647397 -0.2248196 -0.0502893 0.3370251 -0.3930688 -0.3127797 0.1493756 0.2006484 -0.1406960 -0.0116062 -0.2746718 -0.2683373 0.1484406 -0.1317335 -0.3057379 0.4617410 -0.0508851 0.0575675 0.1415765 -0.1420638 0.3068158 -0.2853463 0.0273224 -0.2005697 0.1888225 -0.1553321 -0.1383103 0.2575458 0.1106275 -0.2738510 0.0370653 -0.2085214 0.1332984 -0.0612849 -0.3095388 0.0763649 -0.2521458 0.1538549 0.0013893 0.1780294 -0.1971514 -0.3149362 -0.3402559 0.3314239 0.0486035 -0.1039871 -0.4839467 -0.2942320 0.0688923 -0.1620857 0.1721578 -0.2277805 0.2057157 0.2387609 -0.4442309 -0.0860557 -0.0740538 0.1974975 0.0518375 0.0987179 0.1573580 0.0601122 0.2699676 0.0698823 0.0075676 0.2080369 0.1128526 -0.0197185 0.2245384 -0.0611876 0.1112765 0.1329751 -0.2076472 0.2328405 -0.3043194 -0.1575427 0.1757823 -0.0808351 -0.2738044 -0.3661031 -0.2323159 -0.0768497 -0.1789968 -0.4825890 -0.1290040 -0.1266567 -0.3310737 -0.2758689 -0.2571796 -0.3070247 -0.2750497 -0.3715366 -0.3586931 -0.2197921 -0.3130789 0.0560018 -0.3226966 -0.3520367 -0.1584897 -0.3061851 -0.1574779 -0.1138334 -0.1582025 -0.1009056 -0.1321274 -0.2626190 -0.2904879 -0.1413248 -0.3557737 -0.1849890 -0.1814738 -0.1177778 -0.2898038 -0.1427401 -0.1946701 -0.1929676 0.0136472 -0.0836412 -0.3851501 -0.0991147 -0.1982519 -0.2758123 0.3304702 -0.0760569 -0.2327577 -0.2090654 -0.1146559 -0.3654371 -0.1681387 -0.6661813 -0.7039323 -0.5783038 -0.3199335 -0.4802233 0.0013589 -0.3775135 0.0280282 -0.1333971 -0.1199095 -0.0587623 0.0158082 -0.1174071 -0.1665677 -0.0345131 -0.1116866 -0.0142798 0.0413320 -0.0570043 -0.2694765 -0.0499344 -0.4684589 0.3601146 0.0217746 -0.2370957 -0.5612855 -0.2223949 -0.3788921 -0.2476968 -0.1413483 0.0478580 -0.1530003 -0.1209035 -0.3528369 -0.5004889 -0.5042567 0.6198874 0.5687292 0.4911205
-0.0859851 0.3982944 0.2571904 0.3011975 0.3684994 -0.0852221 0.5463797 0.5538872 0.6769716 0.3397982 0.1078781 0.2391641 0.5349531 0.4568692 0.0000000 0.1122592 0.5840443 0.4507959 0.3159399 0.4243097 0.1607746 0.4805503 0.1737161 0.2461208 0.2326990 0.0905691 0.5541034 -0.0997730 0.3234024 0.2087215 0.3737388 0.4068529 0.0499558 0.1850865 0.2662626 0.0672665 0.4734514 0.3095326 -0.0401523 0.2437723 0.3315087 0.1310982 0.1544093 0.2933821 0.2162060 0.3356645 0.3479985 0.4237236 0.4564328 -0.1673253 0.2764719 0.1557722 0.4206301 0.5351463 0.0364766 0.1730630 0.4102387 0.5538161 0.3002760 0.2623916 0.3503513 0.1245791 0.5501807 0.4194881 0.3976863 0.5439329 0.2461291 0.5053185 0.5588127 0.3886337 0.4522218 0.4182622 0.4239415 0.3420908 0.6073939 0.2254221 0.1665560 0.1797897 0.1258544 -0.1720494 -0.0548396 -0.3301492 0.0601214 0.1152115 -0.0295477 0.2529433 -0.3313572 0.0900712 0.3108197 0.2814831 0.4163162 0.2133102 -0.1129225 0.2708260 0.3719799 0.4850167 -0.0534266 -0.1673015 0.4207736 0.1966546 0.3761245 -0.0618077 0.2411666 0.4260597 -0.0207486 0.3520721 0.1963305 0.1122404 0.3092718 0.2013828 0.3268627 0.1665037 -0.1214495 -0.0869159 0.0863033 0.0623266 -0.0253228 -0.0866862 -0.0497781 0.0596220 -0.1517745 -0.0695079 0.0718987 -0.1987984 -0.1304972 0.0723489 -0.1849848 0.3173369 0.1641602 -0.2310848 -0.0573806 0.1261361 -0.0171946 -0.0320310 -0.2502806 0.2305062 0.0139107 0.2258833 0.0315957 -0.2459193 0.1041424 0.0565326 -0.3458578 0.1154353 0.1284445 0.1204924 0.1620167 0.1755918 0.0292446 -0.0112494 -0.1353404 0.1593748 0.2363454 0.1796120 0.1270244 0.2475475 -0.1190801 0.1949841 0.0676800 -0.1523048 0.2797524 0.2441800 -0.1362361 -0.2252812 0.2293288 0.2442785 0.1943828 0.1481253 -0.1535769 -0.0055189 0.1701456 0.2020158 0.1890426 -0.3844207 -0.0370009 0.0564251 -0.1798792 -0.3862908 -0.1536391 -0.1890807 -0.1088403 0.1014042 0.1609739 0.1392970 0.4197300 0.3510928 0.4000155 -0.1208396 -0.0370164 0.0489640 0.2188979 -0.1310419 -0.3562176 -0.2158196 0.1936443 0.1189944 -0.0376384 -0.0693021 -0.1682834 0.1902253 -0.5836078 -0.2271684 -0.3765749 -0.6015983 -0.2245397 -0.3195931 -0.0998205 0.0200036 -0.5410665 -0.4237931 -0.3376877 -0.5972945 -0.4046135 -0.2645609 -0.2384184 0.1765298 -0.0281355 0.6218533
0.0553676 0.4970512 0.0593465 0.1721064 0.1645132 -0.2377769 0.0709624 0.4145636 0.0182364 -0.1163209 0.3310791 0.2734938 0.3550418 -0.2826177 0.1122592 0.0000000 0.2400061 -0.2813871 0.5813947 0.0410504 0.2916348 0.1323049 0.0914518 -0.2713185 0.2000524 0.3690676 0.2659488 -0.2064670 0.3013988 -0.1071440 0.1416423 0.3215699 0.1096119 0.1012958 0.4150400 0.1828124 0.3417173 0.3855318 -0.0086382 -0.2573926 -0.0086095 0.0999708 0.1171530 0.0668948 0.1566799 0.2094810 0.2743721 0.2027440 0.1478231 -0.0700103 0.2733129 0.0476498 0.1450261 0.0336096 0.4402330 0.2495450 0.2973503 0.0921626 -0.0367109 0.1763742 0.2144940 0.3522407 0.4351770 0.1329145 0.2828600 0.2597665 0.3121980 0.1627970 0.3163512 0.3092830 0.3454825 0.3529292 0.2712519 0.3372343 0.3286722 0.2714055 0.3533850 0.2365317 0.3077489 0.2990915 0.2085935 -0.1397265 0.1905560 0.3840955 0.1445224 0.3181569 -0.1418003 -0.1864731 0.1669624 0.2488445 0.3137210 0.2992636 0.2038496 -0.1303270 0.2057233 0.4074197 0.2053835 0.2538070 0.1751682 0.1094532 0.1971736 0.3603864 0.4310359 0.1271443 0.3684271 0.3070573 0.5011645 0.3986665 0.4954858 0.4842060 0.4062264 0.4267755 0.1707077 0.3440012 0.2746112 0.3255566 0.3536185 0.4249022 0.3578968 0.5168409 0.3642741 0.2661649 0.3265925 0.2288726 0.5404195 0.4574137 0.0735536 0.5788020 0.5820139 0.3595631 0.5822932 0.4590568 0.2978898 0.2255015 0.0664715 0.5602496 0.5796386 0.5754519 0.4048305 0.5476116 0.1819177 0.4875811 0.0979987 0.5095908 0.5417776 0.1389827 0.4293533 0.4447068 0.1587070 0.4750199 0.3100128 0.4449968 0.5075111 0.1985708 0.1863818 0.4166066 0.2585139 0.5298418 0.2127186 0.4146975 0.1566378 0.5334856 0.5094818 0.2579076 0.3344582 0.4299784 0.2761605 0.2091062 0.3300877 0.4868794 -0.0028411 0.1289153 0.2006369 0.2657006 0.1758639 0.1668427 0.1732337 0.1013788 0.1640619 0.3121149 0.2179072 0.3995245 0.0784606 0.2977533 -0.0074673 0.1923391 -0.0124986 0.0496822 0.2396952 0.3094899 0.5168235 0.1881305 0.1670961 0.1750314 0.4709866 0.4502608 0.2687377 0.1066921 0.3416481 0.5186664 0.4157963 -0.2196158 0.0138977 0.1127944 0.4347395 0.0509596 0.5756193 0.1084019 0.0076103 -0.1452940 0.1420405 0.1233755 0.1073310 0.0524029 0.2477349 -0.0095904 -0.3798371 -0.0321364
0.1475654 0.1748332 0.0005267 -0.0222521 0.1319747 -0.3174830 0.3874992 0.2998189 0.1230921 0.0770583 0.1133014 -0.0863789 0.4233622 0.6405891 0.5840443 0.2400061 0.0000000 0.3579889 0.2006598 0.3877558 -0.0761576 0.4442280 -0.0547026 0.3312943 -0.0552690 -0.2220575 0.5736004 0.2255659 0.0908179 0.5092163 0.4770242 0.0591949 0.3308340 0.3589697 -0.1278265 -0.0994116 0.1404337 -0.0783478 -0.2440228 0.3922721 -0.1749354 0.0166750 -0.1579148 0.4606113 0.1494237 -0.1555519 -0.0038050 0.0941888 0.4449030 -0.5228868 -0.1134006 -0.2517614 0.3265318 0.3147903 -0.2646570 -0.4269734 0.1002971 0.3616877 -0.2237741 -0.1922590 -0.1299455 -0.2167254 0.3686423 0.0597447 0.0041932 0.3063948 -0.1751332 0.1586440 0.2151827 0.1043196 0.3269064 0.0520659 0.1245772 0.0454550 0.2903330 0.0535633 0.1577787 0.3830219 0.3435029 0.0347599 0.3450817 -0.3548174 0.0510377 -0.0209033 -0.3018984 0.2999002 -0.2590784 -0.0887563 0.1756005 0.3009568 0.2475478 0.1918940 -0.0195816 0.1709855 0.3251623 0.2127153 -0.0273002 -0.0612997 0.1641147 -0.0389204 0.3183822 -0.0193096 0.3702000 0.3834744 -0.0808112 0.0489960 0.1498538 0.4820536 0.3402016 0.3134631 0.4708738 0.1584690 0.2559448 0.3787480 0.0157529 0.3765232 0.2648623 -0.0100370 0.2400498 0.1295509 0.0826047 0.1202002 0.2816682 0.0737471 -0.0352624 0.0052039 -0.0285568 0.3879373 0.0253137 -0.1784597 0.0629850 0.3594552 0.0098342 -0.1202177 -0.0539666 0.4071476 -0.0071923 -0.0061465 -0.0562494 -0.2461243 0.0372614 -0.0873644 -0.2875968 0.1631246 -0.0279318 0.4943522 -0.0472876 -0.0121460 0.0274995 -0.2192514 -0.2470588 0.1878632 0.0287267 0.3556821 0.1648590 0.2418604 -0.0276919 0.1824373 -0.0468116 -0.1775597 0.1638628 0.0571069 0.1040474 -0.1418503 0.1371293 0.1863769 0.3440415 0.3296893 -0.1755434 0.0790391 0.0494769 -0.0619500 0.5029922 0.1313774 0.0489192 -0.0103642 -0.1176803 -0.1214388 -0.2067809 -0.3515518 -0.3784547 -0.1723147 -0.2150987 -0.1010946 -0.1377915 -0.1509686 -0.0815996 0.0152272 0.0730688 0.1775337 0.1659835 0.2506462 0.0572243 0.0084565 0.0534183 0.0042537 0.0253312 0.0414748 0.0787635 0.1035527 -0.2612646 0.2829921 0.0531721 -0.1472290 -0.1519367 0.1001059 -0.0208341 -0.0092453 -0.1454458 0.0821950 -0.1321070 -0.1471142 -0.2204531 -0.2735809 -0.2131672 0.3256204 0.3509504 0.2942963
