0.0000000 0.8284926 0.6324510 0.8270656 0.3465590 0.7430598 0.7590882 0.6048853 0.8270110 0.6068356 0.5111046 0.8468642 0.5562984 0.6881739 0.7810821 0.5521427 0.6370222 0.7479542 0.4968171 0.3136572 0.8622235 0.6596005 0.4852505 0.6924177 0.5154401 0.3625730 0.5748336 0.4864471 0.5934258 0.3153667 0.3655460 0.3443962 0.4238474 0.6431338 0.1991021 0.6682285 0.2161554 0.5536458 0.1572586 -0.1570614 0.2515800 0.5548253 0.0210952 -0.0512197 0.5980262 0.4738609 -0.0747364 0.1802957 0.5833829 0.2054643 -0.0979332 0.0895783 0.6946312 0.2945989 0.2029259 0.2883282 0.1816324 0.2700192 0.0199633 -0.0593688 0.7831619 -0.1885767 0.0708071 0.6507400 0.7810001 0.1960308 -0.0367323 0.0195815 0.3055672 0.6370084 0.1322078 0.8661235 0.2604016 0.7529051 0.4070848 0.6952910 0.8387357 0.3260265 0.7019361 0.5109788 0.1259039 0.2056014 0.5863210 0.6332150 0.6221795 0.6188770 0.6602585 0.4231034 0.6033915 0.5028882 0.7071715 0.6337080 0.6338271 0.5068847 0.7675623 0.7091444 0.1914129 0.4320063 0.6772494 0.5845459 0.5779400 0.4860898 0.5351845 0.4329532 0.5149745 0.3299893 0.6612551 0.6465978 0.6510801 0.6411455 0.6324558 0.6662456 0.0811897 0.3649487 0.4404229 0.3874223 0.4607795 0.1633682 0.2867643 0.7284645 0.6699592 0.4889340 0.2737933 0.5185452 0.7780007 0.6825660 0.6466202 0.2438554 0.7067931 0.6075674 0.7105767 0.4107370 0.4118028 0.6449547 0.1219038 0.3455185 0.4153271 0.6786414 0.4029886 0.7336918 0.1318743 0.6149003 -0.2275065 0.5978542 0.5819224 0.4210569 0.2889388 0.1124820 -0.5467608 0.5649577 0.4734671 0.6762922 0.5057067 -0.0032838 0.0850864 0.4835643 -0.1547398 0.4117686 -0.2214443 0.5209824 0.2785871 0.7462986 0.5680990 0.0731142 0.2486320 0.5789393 0.3379067 -0.3513307 0.0172366 0.6862194 -0.4924719 -0.5339056 0.7734358 0.8509176 0.6633325 0.6496963 0.6124532 0.6865015 0.7532331 0.4967256 0.5062724 0.5721205 0.4065187 0.1840966 -0.1367947 0.5117508 -0.2601244 -0.3066249 0.4539943 0.3055024 0.6078243 0.0254451 -0.6454955 0.6717474 0.7323016 0.7508932 0.7115993 0.4649448 0.1229839 0.7274182 -0.1366749 -0.0022079 0.2524213 0.0917708 0.3105154 0.1056917 0.5527877 0.6302459 0.1584731 0.3845078 0.5459045 0.7091074 0.2489473 0.7675335 0.5836098 -0.2124565 0.3675248 0.4465870
0.8284926 0.0000000 0.9423905 0.9298959 0.6468128 0.9202151 0.9144876 0.8265043 0.9324522 0.8171830 0.7137041 0.9072101 0.8567637 0.7227600 0.9016735 0.6757389 0.7028672 0.6904016 0.6598495 0.5167932 0.8845218 0.8007560 0.6777032 0.6231236 0.6689213 0.5396315 0.5605413 0.2434715 0.7937863 0.1285481 0.5564885 0.4942592 0.4213153 0.7707353 0.4652046 0.8090793 0.3852260 0.7506755 0.3239030 0.1333376 0.3508070 0.7556137 0.2535474 -0.2261152 0.7972441 0.4901945 0.1860831 0.3557538 0.7368439 -0.1253007 0.1765169 0.4248804 0.7966124 0.5450822 0.4171369 0.2467237 0.3547361 0.5670530 0.0040630 0.2404940 0.9173049 0.1188178 0.3661811 0.7869061 0.8118473 0.3877441 0.2635937 0.3510932 0.6561762 0.8296230 0.4039316 0.9014525 0.6055166 0.7651015 0.7353636 0.8551885 0.8634559 0.6446688 0.8854426 0.5521220 0.4858328 0.4136576 0.6906003 0.7634930 0.6839497 0.7381408 0.8088198 0.5970692 0.6577114 0.5250692 0.7719541 0.6396483 0.6626386 0.6715380 0.7037979 0.7227752 0.2672335 0.5610697 0.5816850 0.6605151 0.3714795 0.5107640 0.5469767 0.5461599 0.5109260 0.1449841 0.7122439 0.6214170 0.6597725 0.5922890 0.5471223 0.5989924 0.3430170 0.5464057 0.4521255 0.5295946 0.5859927 0.2017085 0.3792925 0.8312538 0.7580296 0.5537031 0.5164987 0.6503589 0.8627227 0.7213238 0.6711166 0.4831167 0.6459196 0.6743809 0.6216962 0.6229402 0.3949877 0.7658954 0.1910649 0.4104955 0.4126475 0.6641283 0.4149406 0.8236580 0.0777274 0.6378567 0.1368551 0.7438821 0.5525583 0.5576584 0.2433530 0.0959697 -0.2361036 0.6296450 0.5718662 0.6578385 0.4226230 0.1520719 -0.1568225 0.6146701 0.1424030 0.3200789 0.1793383 0.6406252 -0.0343358 0.8038916 0.5742677 0.2919114 0.1155900 0.5453020 0.4878106 0.0263754 0.3638746 0.8161328 -0.2815697 -0.1800234 0.8134785 0.7044875 0.5659874 0.5953793 0.6023725 0.7248657 0.7769473 0.6676003 0.6838188 0.7968451 0.6367017 0.3469506 -0.2162476 0.5478254 -0.3026543 -0.2909394 0.4646967 0.3861222 0.8014615 0.1854203 -0.5422763 0.7893968 0.8417781 0.8477306 0.7615265 0.3821243 0.2334031 0.7615368 -0.1541736 -0.0036900 0.0541826 0.1405977 0.5790836 0.5567893 0.7021144 0.7223084 0.0865565 0.4179532 0.3661590 0.7633093 0.5628207 0.7890350 0.6479097 -0.0003026 0.2593350 0.2666569
0.6324510 0.9423905 0.0000000 0.8398654 0.6610982 0.8637409 0.8814398 0.8065690 0.8344096 0.7994909 0.7037012 0.8171920 0.9015205 0.7369444 0.8464827 0.6649607 0.6811818 0.5213087 0.6557980 0.6016110 0.7706310 0.7933931 0.6914567 0.4922676 0.6760528 0.5348125 0.5763455 0.1511169 0.7840400 0.1304056 0.6247322 0.5785668 0.3120269 0.6848037 0.5671303 0.7557595 0.4374398 0.7781213 0.4755181 0.2163327 0.4316616 0.7792549 0.4460144 -0.2899461 0.7716732 0.4852987 0.3567417 0.5120442 0.6954119 -0.1841368 0.3766875 0.6182314 0.7268285 0.6167533 0.5816664 0.3019461 0.4503873 0.6499249 0.1012548 0.4343485 0.8740309 0.3407469 0.5873921 0.7680003 0.7349665 0.5097191 0.4403843 0.5000929 0.8141695 0.8165347 0.5350105 0.8117209 0.7031337 0.6286954 0.8232261 0.8191069 0.7204267 0.7494697 0.8869853 0.5241893 0.5682297 0.3899431 0.6250118 0.7298308 0.6350050 0.6282792 0.7256060 0.6252189 0.5752019 0.4135780 0.6488439 0.4935372 0.5228292 0.6183160 0.5594067 0.5759915 0.2882912 0.4575957 0.4164989 0.5559468 0.1280748 0.3334633 0.3993454 0.4402811 0.3910267 -0.0663894 0.6250123 0.4967487 0.5597504 0.4908839 0.3419478 0.4819551 0.3965275 0.5422716 0.4017778 0.5407000 0.5929081 0.2211751 0.3918167 0.7679921 0.7061146 0.4990113 0.5647872 0.6121356 0.7669210 0.6014924 0.5456420 0.5679337 0.4526517 0.5648628 0.4442175 0.6460045 0.2232791 0.7018964 0.1583552 0.3454547 0.2713836 0.4794014 0.2892978 0.7365939 0.0021556 0.4757454 0.3125341 0.6545544 0.3844168 0.5010226 0.0949752 -0.0339371 -0.0092372 0.5117533 0.5155073 0.4982460 0.2208709 0.1712134 -0.3486819 0.4875071 0.3231411 0.1649256 0.3928109 0.6222620 -0.2759429 0.6611348 0.4053645 0.4117914 -0.0645531 0.4093686 0.4657381 0.2506901 0.5275805 0.7448217 -0.1611139 0.0387974 0.7472373 0.5242199 0.3421471 0.3918530 0.4241020 0.5902621 0.6219672 0.7318281 0.6863504 0.8337343 0.7584476 0.5053160 -0.1108679 0.4903599 -0.1617853 -0.1946230 0.3471189 0.2988681 0.7300056 0.1689838 -0.4126929 0.6651612 0.7744167 0.7242475 0.6416052 0.2028139 0.1872881 0.6330116 -0.1726822 -0.0899124 -0.1775277 -0.0049992 0.6476728 0.6482158 0.5975416 0.6928047 0.0876645 0.2824844 0.1219532 0.6375032 0.6666719 0.6425535 0.5175509 0.1459569 0.1634188 0.1214482
0.8270656 0.9298959 0.8398654 0.0000000 0.5165825 0.9333544 0.9108436 0.9353711 0.9780382 0.8633006 0.8005506 0.9501672 0.8729823 0.6144398 0.9792564 0.7250314 0.6484528 0.6578219 0.7447973 0.2899889 0.9176547 0.7495799 0.6898547 0.7662234 0.6954650 0.6138358 0.4226478 0.1949818 0.8635468 0.0325140 0.3637202 0.4389810 0.5516129 0.8952617 0.4621146 0.8222014 0.4292552 0.6887290 0.2968962 0.1348006 0.1406907 0.7289383 0.2172275 -0.2362546 0.8417625 0.4914963 0.1410537 0.1658836 0.9035000 -0.1276975 0.1401191 0.4503581 0.9485805 0.6523763 0.1822621 0.2056240 0.3478512 0.7023744 -0.0949823 0.1886672 0.8931298 0.1211948 0.1440646 0.9224035 0.9011913 0.3320731 0.2558453 0.4406943 0.4988130 0.9061745 0.4079611 0.9715327 0.6626383 0.7238906 0.7060463 0.9037262 0.8461834 0.6556128 0.9015577 0.3485688 0.3867645 0.3093849 0.5580278 0.6273991 0.4917130 0.6852297 0.6907489 0.4491122 0.5665774 0.4654690 0.7572938 0.6115648 0.5463500 0.6705014 0.6608597 0.6732456 0.1906170 0.4724366 0.6275562 0.7063500 0.4577195 0.4766721 0.5297759 0.5450514 0.4778348 0.1451947 0.6066864 0.5111086 0.5688769 0.4804932 0.5929179 0.4721012 0.2345985 0.4183466 0.4214072 0.4078102 0.4535219 0.0966702 0.2392206 0.7315704 0.6387424 0.4329096 0.4656877 0.5266965 0.8445899 0.6976944 0.6332061 0.4215800 0.6641336 0.6609705 0.6330046 0.5885452 0.4448005 0.7181996 0.1621775 0.4251759 0.4099565 0.6743572 0.4278390 0.7985948 0.1206172 0.6356148 0.1774592 0.7464490 0.5280852 0.5041681 0.2830702 0.1448462 -0.2298456 0.6677341 0.6389106 0.6391723 0.4659998 0.1640864 -0.0677802 0.6696428 0.1756067 0.3629498 0.1817208 0.6255782 -0.0120605 0.7719018 0.5686770 0.3134116 0.1433764 0.5467962 0.4610955 -0.0184609 0.3334460 0.7796265 -0.2447581 -0.1857660 0.7493861 0.5500979 0.4661217 0.5098170 0.5793179 0.6991744 0.8208444 0.6422949 0.6770745 0.7518314 0.5845283 0.2247272 -0.2566392 0.4324740 -0.4322496 -0.5218086 0.3337442 0.2216731 0.6897349 -0.0062409 -0.6877690 0.7217120 0.7686048 0.8029567 0.6792599 0.3787908 0.0885053 0.7253818 -0.3335501 -0.1138735 0.0012271 0.0446496 0.3501243 0.4338336 0.6219408 0.6719312 -0.1265694 0.3371868 0.2846189 0.7236757 0.3549911 0.8148966 0.5013255 -0.2561417 0.0903436 0.1647248
0.3465590 0.6468128 0.6610982 0.5165825 0.0000000 0.6428151 0.6731582 0.4871181 0.5753635 0.5403433 0.3712034 0.5954256 0.5685987 0.3555812 0.5162053 0.2820133 0.3109721 0.2409225 0.2599157 0.2573808 0.5941413 0.2139348 0.3098035 0.3174900 0.2382612 0.3113364 0.1816146 0.0466054 0.5420728 -0.0456405 0.2523756 0.1019399 0.3775043 0.5358657 0.1870325 0.5790162 0.2172275 0.3230618 0.0219950 0.3536693 0.1269626 0.5062855 -0.0321940 -0.0376166 0.5800615 0.2594559 0.1587842 0.0635541 0.4037860 -0.1284382 -0.0400937 0.1861953 0.4119630 0.2536664 0.2465463 0.0358044 0.1766973 0.2710392 -0.2265469 -0.0388313 0.6063938 -0.1693398 0.2347893 0.3068461 0.4911719 -0.0004563 -0.0486286 0.1352309 0.3658685 0.3229255 0.0719611 0.4231904 0.3092646 0.6460709 0.4525923 0.2979813 0.5893485 0.3734805 0.3560004 0.4411876 0.7905759 0.7738988 0.6870496 0.6952110 0.6521118 0.6663560 0.5681643 0.3866436 0.5079211 0.5968947 0.5143960 0.4583579 0.6611548 0.5819318 0.4596458 0.4842184 -0.1790136 0.7940016 0.4001498 0.5781164 0.3565741 0.6968541 0.5825921 0.5132394 0.1052732 0.2149652 0.5754294 0.5915571 0.2941470 0.3610194 0.3673685 0.5231059 0.6009429 0.5389753 0.0831922 0.3589452 0.4691324 0.2493548 0.3851864 0.6707711 0.6300399 0.5451721 0.3683194 0.7433104 0.6067103 0.4302778 0.5532826 0.1323926 0.5078213 0.5879026 0.4528949 0.4421081 0.4304289 0.5975815 -0.0021087 0.1411424 0.3687031 0.5125611 0.3291015 0.5611024 -0.1186127 0.4534733 0.0111846 0.5928995 0.3701487 0.4655227 0.1142258 0.0684436 -0.2153559 0.3506229 0.2510501 0.3779254 0.2266867 0.0385238 -0.0799256 0.6814058 -0.1393433 0.1902048 0.1297176 0.1662818 -0.1226441 0.5097356 0.4910360 -0.1576617 0.1603006 0.2387312 0.1534143 -0.0181994 0.1438455 0.3924968 -0.0987397 -0.0458593 0.4872662 0.5031977 0.5711606 0.5994562 0.6047469 0.6621134 0.6551289 0.5092944 0.5072320 0.5441083 0.2970150 -0.0274498 -0.5252577 0.6830190 -0.4999116 -0.2528526 0.6209377 0.6643522 0.8257658 0.6437669 -0.1782597 0.8195661 0.5885880 0.7279865 0.4210965 0.4424184 0.6097552 0.4022325 0.2780051 0.4132127 0.2249324 0.3794074 0.6341888 0.8642636 0.6427924 0.4995547 0.1668122 0.6730734 0.4259062 0.7075772 0.7965634 0.4577641 0.5402039 0.1605450 -0.0555272 -0.0401625
0.7430598 0.9202151 0.8637409 0.9333544 0.6428151 0.0000000 0.9439281 0.9244037 0.9053983 0.9669141 0.8928212 0.9145614 0.8996251 0.6072836 0.9326016 0.8437441 0.7924133 0.5640932 0.8412444 0.3445127 0.9097308 0.7644577 0.7981838 0.5226393 0.8166070 0.7754735 0.4406555 -0.0469004 0.9409913 -0.1014449 0.4225065 0.5967785 0.3042293 0.8997191 0.5999607 0.9453581 0.6461509 0.7809139 0.3254137 0.1587072 0.1675465 0.8906582 0.2921248 -0.4793733 0.9520312 0.6775491 0.4059919 0.2289351 0.7719807 -0.1921577 0.3091711 0.5402584 0.9011277 0.7267252 0.3373092 0.3670611 0.5830111 0.7240179 -0.1352214 0.3386699 0.9134105 0.2011898 0.2001891 0.8538815 0.8122567 0.4751546 0.3995755 0.5624816 0.5866765 0.8861030 0.5653807 0.8973389 0.7598275 0.6164438 0.8442824 0.8514581 0.7337854 0.8011659 0.8756134 0.3181137 0.5449803 0.5459362 0.7729203 0.8101609 0.6620575 0.8290033 0.7376126 0.6669514 0.7681817 0.6232284 0.8810239 0.7139741 0.7216149 0.8648236 0.7460316 0.7656786 0.2705244 0.6743419 0.7426579 0.8516244 0.5407796 0.5936544 0.6287394 0.7281869 0.5472921 0.2139983 0.7819525 0.6977088 0.6790025 0.6400532 0.7022763 0.6146014 0.4702036 0.6438884 0.5691456 0.5482766 0.6109009 0.2225397 0.4294451 0.8621942 0.8182130 0.6161583 0.6918653 0.7627337 0.9124216 0.7289133 0.8209158 0.5673798 0.6369564 0.7859422 0.6480295 0.7373451 0.5574377 0.8416886 0.2062899 0.4975958 0.4183101 0.6427289 0.4237063 0.8362287 0.1697810 0.6411064 0.2687118 0.7727783 0.5248127 0.6365860 0.2243308 0.1241046 -0.1517643 0.6672104 0.6423813 0.6661037 0.4231436 0.2548443 -0.0812432 0.7407605 0.1981799 0.3422081 0.2722664 0.6724139 0.0112067 0.8241253 0.6360700 0.3375427 0.1959863 0.5762421 0.5621525 0.1174578 0.4306506 0.8232903 -0.1445971 -0.0779402 0.7132116 0.5368400 0.4440913 0.4382425 0.4732416 0.5769847 0.7640781 0.7739477 0.7512971 0.8959638 0.6788258 0.3139664 -0.3070556 0.3989262 -0.4638155 -0.5920485 0.2544779 0.1863747 0.8097775 0.0385660 -0.6882140 0.7483183 0.8436938 0.8248608 0.7085500 0.3023999 0.1125092 0.7366483 -0.2849670 0.0490851 0.0000521 0.1081979 0.4908209 0.5570023 0.6997969 0.6299029 -0.0742165 0.4377309 0.3528863 0.7384869 0.4219246 0.6921045 0.6017831 -0.0484041 0.0638000 0.1595787
0.7590882 0.9144876 0.8814398 0.9108436 0.6731582 0.9439281 0.0000000 0.8674614 0.8935514 0.8863841 0.7530495 0.9580864 0.9035817 0.7583947 0.9394733 0.7020269 0.7031200 0.5257174 0.6919528 0.3863120 0.9354655 0.7161644 0.6608467 0.5672529 0.6912170 0.5881948 0.5716498 0.1778702 0.8822502 0.1730775 0.4341524 0.5145781 0.3604625 0.8245599 0.4897743 0.8464794 0.4889096 0.7269567 0.4564091 0.2115464 0.2327954 0.8190366 0.3653179 -0.3273507 0.8601029 0.6152203 0.3200749 0.3075566 0.7579506 0.0258458 0.2387013 0.5696323 0.8531992 0.6522256 0.3913811 0.3643858 0.4761302 0.6430114 -0.0413292 0.2813386 0.9000684 0.1579675 0.3456551 0.8469034 0.8999248 0.3994546 0.3192187 0.4705446 0.5923043 0.8154003 0.4518549 0.9133891 0.6552945 0.6669512 0.7518294 0.7634658 0.7543935 0.7155746 0.8601314 0.4447487 0.5604933 0.4399075 0.6999376 0.8191685 0.6984879 0.7302975 0.6878656 0.5393300 0.6741364 0.5295292 0.7505554 0.5690483 0.6125872 0.7013279 0.7243245 0.6405499 0.0772549 0.5660710 0.6554552 0.7020108 0.3986343 0.4997065 0.5075689 0.4986468 0.2898836 0.1386813 0.7216066 0.6731478 0.5136003 0.6336087 0.5127386 0.5912186 0.4843224 0.6287997 0.4378097 0.5661571 0.6776540 0.3280459 0.4684375 0.8558543 0.8280633 0.6511992 0.5223806 0.7222505 0.8274816 0.5874044 0.7032367 0.4636277 0.5160030 0.6265576 0.5246517 0.6815062 0.3360939 0.7355177 0.0032279 0.2606271 0.2462144 0.5195625 0.2512947 0.7499732 -0.0399769 0.4703423 0.1275298 0.6401526 0.3944386 0.4335605 0.0108966 -0.1208707 -0.2519729 0.4800933 0.4759460 0.5091589 0.2159017 0.0360744 -0.2760040 0.5795247 0.0514541 0.1549592 0.1489949 0.5229579 -0.1963591 0.6736843 0.4297200 0.1975988 -0.0279553 0.3671549 0.3415324 0.0138758 0.3299989 0.6878431 -0.3390530 -0.1990876 0.7915064 0.6123514 0.3818633 0.3978031 0.4406606 0.5834683 0.7273467 0.8464500 0.6770662 0.8379870 0.6755186 0.3329426 -0.2710641 0.5632425 -0.3801010 -0.5161382 0.2962728 0.2380040 0.7647757 0.0827857 -0.6437237 0.7016721 0.7753556 0.7630095 0.5979494 0.2669726 0.1147185 0.6026734 -0.2648158 -0.0425057 -0.0960876 -0.0495211 0.4805647 0.5556776 0.5570644 0.6362604 -0.0160942 0.3199710 0.2530046 0.7140080 0.5024458 0.6843566 0.4761470 0.0489120 -0.0310502 0.0627565
0.6048853 0.8265043 0.8065690 0.9353711 0.4871181 0.9244037 0.8674614 0.0000000 0.8959003 0.9254480 0.9089271 0.8576239 0.9416496 0.4666243 0.9456705 0.8022617 0.6313109 0.5053873 0.8558606 0.2210227 0.8121122 0.7238437 0.7731909 0.6180371 0.7710562 0.7607863 0.2896605 -0.0922375 0.9337385 -0.1849117 0.3147956 0.5242589 0.4261253 0.9239763 0.6219219 0.8386338 0.6067360 0.7264276 0.3537593 0.2578008 0.0375217 0.7874410 0.3529237 -0.4359563 0.8992516 0.5518619 0.3517681 0.1528517 0.9244806 -0.2693987 0.3372707 0.6533232 0.9662531 0.8471166 0.1807376 0.2377330 0.5088885 0.8910401 -0.1673707 0.3747337 0.8268814 0.3398387 0.1324830 0.9559174 0.8237974 0.4464934 0.4727395 0.7016724 0.5378440 0.9578954 0.5907125 0.8831567 0.8529981 0.5262043 0.8133552 0.9027009 0.6648017 0.8052831 0.8898559 0.1271252 0.4450023 0.3586160 0.5213793 0.5678408 0.3663903 0.6620554 0.5984817 0.4652224 0.5339735 0.3892574 0.7317597 0.5311860 0.4595259 0.7221702 0.5505859 0.5866482 0.2058047 0.4489574 0.5738792 0.7270064 0.3625786 0.4088137 0.4589706 0.5906738 0.4339742 0.0581938 0.5507036 0.4166170 0.5010713 0.4258207 0.5611253 0.3283099 0.3321990 0.4724964 0.4406790 0.4094808 0.4267891 0.0797080 0.2191955 0.6533119 0.5776562 0.3862179 0.5932178 0.5061053 0.7914243 0.6331526 0.6112379 0.5449055 0.5319186 0.6352018 0.5133524 0.6772946 0.4393574 0.7018787 0.1960380 0.4631821 0.3568277 0.5646287 0.3871417 0.7177813 0.1621310 0.5574060 0.4386711 0.7280769 0.4520644 0.5177765 0.2311715 0.1373497 0.0301006 0.6332808 0.6577621 0.5525151 0.3816109 0.3033836 -0.1546517 0.6697256 0.3782924 0.2923605 0.4071471 0.6389252 -0.1370461 0.6989855 0.4880333 0.4661276 0.0925760 0.4645138 0.5281146 0.2359710 0.5041717 0.7474868 -0.0287937 0.0861709 0.6030325 0.2734867 0.2322145 0.2794570 0.3881687 0.4981705 0.6889794 0.6723466 0.6564149 0.7829973 0.6214274 0.2425580 -0.2946222 0.2614044 -0.4720851 -0.6311026 0.1121562 0.0355420 0.6179435 -0.1276342 -0.6873665 0.5825118 0.6931112 0.6934332 0.5948157 0.1783661 -0.0493696 0.6465622 -0.4756955 -0.1623685 -0.1672014 0.0042304 0.3063104 0.5047836 0.5837353 0.5167134 -0.3072744 0.2217608 0.1166376 0.5960683 0.3030500 0.6950698 0.4148333 -0.1867232 -0.1038736 -0.0141503
0.8270110 0.9324522 0.8344096 0.9780382 0.5753635 0.9053983 0.8935514 0.8959003 0.0000000 0.8072154 0.7274850 0.9161555 0.8365656 0.6217823 0.9553645 0.6336911 0.5980237 0.7510140 0.6540377 0.2803564 0.8703283 0.6982792 0.6433897 0.7965994 0.6038285 0.5372590 0.4305932 0.2768792 0.7901344 0.0976056 0.3332306 0.3370650 0.6093174 0.8477656 0.4140756 0.7535000 0.3318889 0.6303142 0.2768817 0.2561470 0.1258311 0.6515685 0.1718640 -0.1114289 0.7774958 0.4147990 0.0656023 0.1179829 0.8917725 -0.1668693 0.0674008 0.3928689 0.8860467 0.5976414 0.1420017 0.0928759 0.2537015 0.6488507 -0.1495323 0.1317806 0.8506589 0.0653648 0.1402806 0.8539970 0.8667899 0.2604938 0.1919784 0.3477103 0.4977525 0.8461957 0.3301317 0.9213647 0.6023058 0.7529296 0.6422216 0.8440610 0.8458335 0.5868725 0.8486336 0.3603013 0.4252296 0.3156655 0.5402094 0.6023774 0.4839500 0.6735941 0.7061406 0.4145025 0.5179602 0.4068632 0.7700453 0.6026805 0.5481023 0.6203522 0.6492899 0.6855295 0.1434037 0.4748361 0.6027624 0.6652800 0.4455262 0.4871797 0.4952388 0.5317334 0.4459125 0.2348557 0.5539068 0.5053473 0.5484038 0.4581384 0.5964229 0.4208401 0.2783792 0.4241806 0.3229336 0.4396674 0.4685567 0.1193527 0.2502802 0.6816434 0.6311723 0.4788841 0.4463912 0.5258141 0.8072048 0.6811919 0.6418954 0.4050579 0.6635144 0.6385666 0.6247329 0.5414288 0.4578980 0.6823026 0.1635369 0.3830244 0.4190981 0.6899454 0.4236808 0.7643119 0.0884003 0.6339236 0.1588202 0.7334954 0.5445383 0.4719403 0.2945697 0.1538089 -0.2402992 0.6429242 0.5985520 0.6512138 0.4881243 0.1639584 -0.0317062 0.6962267 0.1436842 0.3712791 0.1510944 0.5860506 0.0247643 0.7810296 0.5937504 0.2934549 0.2138940 0.5269176 0.4725041 -0.0216555 0.3420845 0.7966673 -0.2180758 -0.1602495 0.7256909 0.6000247 0.5290844 0.5725160 0.6232074 0.7476312 0.8042688 0.5525440 0.5981937 0.6717119 0.4826913 0.1313416 -0.3237643 0.4926367 -0.4664402 -0.4633408 0.3911596 0.3094475 0.6666831 0.0699493 -0.6369951 0.7434905 0.7315445 0.8048822 0.6839752 0.3903339 0.1339657 0.7214526 -0.2829669 -0.0658357 0.0730779 0.1074846 0.3668079 0.5017427 0.6489846 0.6468832 -0.0688954 0.3786150 0.3547911 0.6942453 0.4623255 0.7971076 0.5410270 -0.2671568 0.1681756 0.2211616
0.6068356 0.8171830 0.7994909 0.8633006 0.5403433 0.9669141 0.8863841 0.9254480 0.8072154 0.0000000 0.9602406 0.8283702 0.8969846 0.5448026 0.8777937 0.9027751 0.8324018 0.4507767 0.9163061 0.3404228 0.8298316 0.7783032 0.8582125 0.3916644 0.8981349 0.8675658 0.4181498 -0.2357393 0.9591770 -0.2063796 0.4258768 0.7090145 0.1709100 0.8852696 0.7219977 0.9404153 0.7784432 0.8283440 0.4207369 0.1662229 0.1651765 0.9321554 0.4271705 -0.6385881 0.9644375 0.7441851 0.5737650 0.2798394 0.7359892 -0.2418009 0.4779246 0.6459777 0.8901180 0.8066453 0.3748966 0.4512169 0.7244549 0.7914802 -0.0741570 0.4954605 0.8400329 0.3601818 0.2074861 0.8562672 0.7223693 0.6158448 0.5648951 0.7151687 0.6149480 0.8960678 0.7216017 0.8289374 0.8567711 0.4155298 0.9104815 0.8384231 0.5744349 0.8873697 0.8717662 0.1994138 0.5050973 0.5289610 0.7275543 0.7713841 0.5976432 0.7918021 0.6689379 0.7153412 0.7785290 0.6042640 0.8546318 0.7032111 0.6535153 0.8966985 0.7172936 0.7318241 0.3637108 0.6217207 0.7549886 0.8339130 0.4946588 0.5194708 0.5819886 0.7277464 0.5463925 0.1876931 0.7412101 0.6533283 0.6185225 0.6007595 0.6773691 0.5530607 0.5191327 0.6695951 0.6521920 0.5807540 0.6220995 0.2698553 0.4716312 0.7969661 0.7853725 0.6045010 0.7845663 0.7443647 0.8435666 0.6272324 0.7972484 0.6574857 0.4980850 0.7243894 0.5316785 0.7855829 0.5154022 0.7783397 0.2173193 0.4993225 0.3111853 0.5005349 0.3293175 0.7376319 0.1975768 0.5288147 0.3999164 0.6766919 0.4063951 0.5895534 0.1394309 0.0776970 -0.0012344 0.6082197 0.6140350 0.5871502 0.3185567 0.3005123 -0.1161143 0.6889224 0.3094310 0.2408386 0.3714464 0.6603431 -0.0340515 0.7329186 0.5571896 0.4243299 0.1287877 0.5200697 0.5876649 0.2592040 0.5117261 0.7658596 -0.0248574 0.0375600 0.5926821 0.3548979 0.2602459 0.2278092 0.2689020 0.3883515 0.6237562 0.7937850 0.7810508 0.9218364 0.7523692 0.4122856 -0.1981271 0.2043887 -0.3858386 -0.6421495 0.0409800 -0.0026087 0.7140069 -0.0838207 -0.6590635 0.5955627 0.7468022 0.6837144 0.5933812 0.1865675 -0.0235519 0.6325029 -0.3412656 0.0469390 -0.0990212 0.0307792 0.4691278 0.5085542 0.5864324 0.5535368 -0.1201820 0.3562478 0.2334115 0.5978062 0.3231253 0.5584173 0.4727636 0.0050501 -0.0066968 0.1231974
0.5111046 0.7137041 0.7037012 0.8005506 0.3712034 0.8928212 0.7530495 0.9089271 0.7274850 0.9602406 0.0000000 0.7074705 0.8417690 0.3841759 0.7994488 0.9491442 0.8119005 0.3908688 0.9693619 0.2474714 0.7090850 0.7518211 0.9231191 0.3475593 0.9160374 0.9491012 0.3036652 -0.3849672 0.9195361 -0.3729647 0.3461179 0.7482647 0.1053570 0.8393146 0.8101621 0.8989805 0.8593011 0.8124551 0.3603026 0.0641918 0.0714575 0.8851395 0.4403662 -0.7115647 0.9170808 0.7624813 0.6316474 0.2347551 0.7263898 -0.3322825 0.5781143 0.6678351 0.8707451 0.8676676 0.3285811 0.4838946 0.7791559 0.8480899 -0.1086874 0.5752464 0.7421386 0.4827285 0.0982043 0.8450414 0.6069501 0.6699362 0.6603587 0.8132411 0.5639304 0.9125033 0.8015166 0.7582030 0.9184818 0.2705175 0.8954729 0.8652228 0.4562536 0.8927644 0.8342681 0.0011990 0.3494056 0.4488613 0.6267459 0.6102738 0.4160002 0.6922289 0.5499528 0.7102582 0.7005720 0.5097540 0.8063878 0.6504004 0.5631424 0.8744832 0.6262073 0.6654806 0.4864755 0.5245626 0.7018955 0.8168567 0.4553621 0.4187833 0.5058742 0.7452746 0.6504610 0.1239982 0.6475877 0.5063148 0.6481585 0.5143181 0.6907092 0.4474538 0.3706695 0.5492122 0.6516271 0.4561901 0.4520364 0.1083990 0.3135403 0.6639286 0.6303614 0.4319206 0.8258771 0.6136760 0.8024169 0.6523781 0.7336413 0.7290927 0.4876132 0.7227835 0.5402938 0.8007752 0.5648536 0.7523039 0.3913401 0.6501786 0.3836951 0.4988874 0.4184804 0.7051848 0.3911852 0.5655108 0.5668020 0.6861141 0.4440039 0.6427178 0.2782213 0.2396994 0.1897418 0.6931205 0.7196403 0.6355649 0.4096118 0.4908017 -0.0075131 0.6779247 0.5019271 0.3440455 0.5164584 0.7463143 0.0624598 0.7329913 0.5814364 0.5896218 0.2232787 0.6067944 0.7104758 0.4042601 0.6088419 0.7786557 0.1783148 0.2062799 0.4996277 0.1922554 0.1750854 0.1230511 0.1791085 0.2858043 0.5416981 0.6792729 0.7137727 0.8601741 0.7111646 0.3981377 -0.1415348 -0.0182033 -0.3567749 -0.6560623 -0.1072389 -0.1807934 0.5815708 -0.2611759 -0.6770221 0.4729446 0.6900214 0.5998591 0.5994076 0.0682620 -0.1770615 0.6591131 -0.4077384 0.0098780 -0.1570077 0.0211605 0.3831428 0.3757082 0.5796608 0.4194409 -0.1870767 0.2932771 0.1545962 0.4942741 0.1885583 0.5164281 0.4466191 -0.0542181 0.0023264 0.1355537
0.8468642 0.9072101 0.8171920 0.9501672 0.5954256 0.9145614 0.9580864 0.8576239 0.9161555 0.8283702 0.7074705 0.0000000 0.8451600 0.6767338 0.9573357 0.6743162 0.6183773 0.5358851 0.6672795 0.2927331 0.9857724 0.6769076 0.5702118 0.7023549 0.6377868 0.5285656 0.4628274 0.2752978 0.8679495 0.1474649 0.3720616 0.4157232 0.4953953 0.8728335 0.3338333 0.8386022 0.3939306 0.6438565 0.2808343 0.0731473 0.1740111 0.7535648 0.1757447 -0.2298589 0.8415743 0.5337066 0.1255496 0.1918598 0.8022108 0.1047619 0.0506557 0.4164713 0.9038316 0.5764841 0.2323408 0.3002995 0.3369172 0.5963716 -0.0671271 0.0811432 0.9296085 -0.0158801 0.1892641 0.8690045 0.9649455 0.2502643 0.1360586 0.3534196 0.4294994 0.8114063 0.2958734 0.9691154 0.5431823 0.7898597 0.6470492 0.7915958 0.8702582 0.5987212 0.8344433 0.4583061 0.4473568 0.3849744 0.6491979 0.7452115 0.6332370 0.7164312 0.6731781 0.4098851 0.6218710 0.5569562 0.7011235 0.5643123 0.6016998 0.6508360 0.6925413 0.6271015 0.0079427 0.5417207 0.6362672 0.7088896 0.4855875 0.5370310 0.5818659 0.4852361 0.3210460 0.1150599 0.7097767 0.6282489 0.5183668 0.5905773 0.5357249 0.6062380 0.2952947 0.4884573 0.4237087 0.4111586 0.5289611 0.1940730 0.3193020 0.8434149 0.7334763 0.5047892 0.3642456 0.6203322 0.8544432 0.6527430 0.6412034 0.2856089 0.6506702 0.6519408 0.6237322 0.5625718 0.3713175 0.7403865 -0.0241148 0.2835800 0.3476927 0.6346940 0.3522979 0.7934565 -0.0229536 0.5643897 -0.0208205 0.7022913 0.4831181 0.4590766 0.1370831 -0.0206572 -0.4058946 0.5387565 0.5086254 0.5358541 0.3391981 -0.0186180 -0.1865659 0.5863183 -0.0405408 0.2717353 0.0220464 0.4989231 -0.1125125 0.6943406 0.4684448 0.0999125 0.0178762 0.4236678 0.2609388 -0.1854701 0.1547019 0.6512901 -0.4501823 -0.3565103 0.8027307 0.6403779 0.4711437 0.5285524 0.5929830 0.6848516 0.8473350 0.7745027 0.6724651 0.7778451 0.5949785 0.2272671 -0.3016070 0.6077389 -0.4350177 -0.5300928 0.4228310 0.3041844 0.7709509 0.0864412 -0.6972111 0.7530195 0.8010730 0.8260589 0.6333464 0.4076528 0.1799863 0.6561073 -0.2799962 -0.1005050 0.0003412 0.0030712 0.3599254 0.4277211 0.5775639 0.6890694 -0.1043185 0.3306947 0.3114989 0.8108061 0.3650211 0.8046533 0.4875934 -0.1463967 -0.0475418 0.0452003
0.5562984 0.8567637 0.9015205 0.8729823 0.5685987 0.8996251 0.9035817 0.9416496 0.8365656 0.8969846 0.8417690 0.8451600 0.0000000 0.5818035 0.9056909 0.7589854 0.6453163 0.4552255 0.7978528 0.4430351 0.7979240 0.7840286 0.7443861 0.5018832 0.7550935 0.6857980 0.4406014 -0.0421834 0.9193319 -0.0564651 0.5197496 0.6175534 0.3235222 0.8446594 0.6503339 0.8150190 0.5896434 0.8244648 0.4821745 0.2960180 0.2545230 0.8360692 0.5063639 -0.4558279 0.8691338 0.5782503 0.4333730 0.4007559 0.8269754 -0.1395807 0.4174942 0.7510169 0.8741794 0.8350359 0.4246370 0.3365696 0.5443930 0.8423207 0.0006491 0.4623912 0.8560691 0.4078097 0.3874879 0.9062351 0.8096418 0.5380311 0.5348309 0.7202688 0.6893579 0.9272646 0.6224313 0.8429101 0.8486136 0.5232073 0.8533743 0.8729780 0.6584369 0.8232781 0.9092099 0.2996822 0.5056977 0.4139136 0.5891676 0.6748233 0.5066124 0.6707999 0.6642169 0.5322556 0.5765614 0.3913640 0.6606025 0.4662080 0.4734512 0.6658655 0.5685827 0.5506051 0.1860577 0.4508061 0.4964791 0.6218693 0.1814219 0.3735169 0.4246401 0.4815424 0.3233119 -0.0238749 0.6172900 0.4701640 0.4560977 0.5275030 0.4220924 0.3979455 0.4512709 0.6117849 0.4711080 0.5329282 0.5692161 0.2396868 0.3530973 0.7256688 0.6605708 0.4695970 0.5891176 0.5777098 0.7734846 0.5601133 0.5613188 0.5819993 0.4198473 0.5513086 0.4014529 0.7359777 0.2547143 0.6894558 0.1087001 0.3429647 0.2513788 0.4595545 0.2765252 0.6579795 0.0281276 0.4411648 0.4246274 0.6622432 0.3980230 0.4575718 0.0660920 -0.0483756 0.0634020 0.4887562 0.5140221 0.4510117 0.2039650 0.2187733 -0.4123531 0.5205397 0.3632825 0.1147605 0.4116919 0.5685852 -0.3369195 0.6113301 0.3249217 0.4363618 -0.1166166 0.3088576 0.4371106 0.3046985 0.5102661 0.6753037 -0.1084099 0.1026241 0.6446936 0.3225240 0.1726938 0.2309251 0.3101725 0.4336076 0.5962454 0.7715027 0.6589584 0.8343760 0.7254776 0.4039855 -0.2148744 0.3682893 -0.2995049 -0.4424112 0.1563442 0.1115717 0.6624212 -0.0188354 -0.5668638 0.5375900 0.6942283 0.6580171 0.5796569 0.1013076 -0.0061967 0.5864591 -0.3938708 -0.1561643 -0.2371908 -0.0091279 0.4901095 0.5927436 0.5517466 0.5240190 -0.1962212 0.1593702 0.0673762 0.5847354 0.4686022 0.6774983 0.4238923 0.1037836 -0.1144230 -0.0564374
0.6881739 0.7227600 0.7369444 0.6144398 0.3555812 0.6072836 0.7583947 0.4666243 0.6217823 0.5448026 0.3841759 0.6767338 0.5818035 0.0000000 0.6490142 0.4052331 0.6695284 0.5256866 0.3465009 0.6149665 0.6477406 0.6918643 0.4503600 0.3740494 0.4884681 0.1940247 0.9146057 0.5008065 0.4619533 0.6788092 0.5641070 0.4978133 0.1337045 0.3412833 0.3750499 0.4601918 0.1904537 0.6159626 0.7416697 0.1093988 0.5544546 0.5505006 0.5636617 -0.0921705 0.4422427 0.4470497 0.2520107 0.6136378 0.3930254 0.2009061 0.3083538 0.4507662 0.4520902 0.2816944 0.6362254 0.3970415 0.3389772 0.2497207 0.3733255 0.3843267 0.6202294 0.2434385 0.6834492 0.5472197 0.6166119 0.4948968 0.3227067 0.1649330 0.7034276 0.5076265 0.3858471 0.6822168 0.3448075 0.4056542 0.5299632 0.5039892 0.4955694 0.4770815 0.7175855 0.6306756 0.2947326 0.0164688 0.4220153 0.6591001 0.6702590 0.3559176 0.5308099 0.5130754 0.4775378 0.2483579 0.4835591 0.3797925 0.3264987 0.3198672 0.6180433 0.4572801 0.2454772 0.1481685 0.4368887 0.2378327 0.0568186 0.0663161 0.1194270 0.0545127 0.1378755 0.0715544 0.4566650 0.5140303 0.3491686 0.4986103 0.1486404 0.4679397 0.3449963 0.4550735 0.3352948 0.6402695 0.7347503 0.4950570 0.5787681 0.6103693 0.7156816 0.6489324 0.3456301 0.5028352 0.4626549 0.2359687 0.4270763 0.4546698 0.1119244 0.2064520 0.1818914 0.4384131 -0.1053142 0.3559831 -0.1041636 -0.0352464 -0.1613755 0.0981404 -0.1491701 0.4355848 -0.2115178 0.0611827 -0.0506401 0.1570306 0.0223102 0.0375370 -0.3102789 -0.4448000 -0.2470117 0.1237277 0.1527755 0.2549308 -0.1396113 -0.2128456 -0.3778766 0.0944011 -0.0129412 -0.1659689 -0.0165579 0.3702265 -0.2454830 0.3540957 0.1042493 0.1859193 -0.2649402 0.1567470 0.1838562 -0.0086535 0.2919824 0.4965819 -0.4563261 -0.3070853 0.7073262 0.6742615 0.2006227 0.1562418 0.1051092 0.3544282 0.3126537 0.6769191 0.4878556 0.6087861 0.6794336 0.6144938 0.2343309 0.4316124 0.1815094 -0.0494008 0.1252556 0.1089579 0.3977430 0.0124573 -0.3109216 0.3550877 0.4823667 0.3718601 0.3302921 0.0999643 -0.0340523 0.3025425 -0.0899754 -0.1233356 -0.2043975 -0.3689136 0.4903892 0.2567329 0.1353658 0.6078285 0.3997317 0.0749442 0.0629262 0.3209920 0.5017193 0.3370769 0.1903833 0.2335562 0.3170084 0.3328261
0.7810821 0.9016735 0.8464827 0.9792564 0.5162053 0.9326016 0.9394733 0.9456705 0.9553645 0.8777937 0.7994488 0.9573357 0.9056909 0.6490142 0.0000000 0.7375353 0.6464945 0.6006849 0.7655292 0.2846353 0.9126658 0.7439478 0.6626664 0.7109109 0.7211142 0.6105335 0.4309518 0.1854753 0.8980914 0.0768428 0.3675578 0.4679082 0.4879732 0.9012629 0.4566824 0.8252886 0.4618493 0.6931269 0.3700472 0.2149599 0.1430055 0.7688753 0.2803870 -0.2865730 0.8690781 0.5213248 0.2068424 0.1942207 0.8941540 -0.0899713 0.1825925 0.5469907 0.9515411 0.7127986 0.2076578 0.2381439 0.3995722 0.7629206 -0.0866254 0.2330355 0.9100663 0.1704479 0.2144674 0.9442371 0.9361120 0.3629471 0.3094961 0.5030462 0.5370781 0.9101246 0.4434154 0.9653579 0.6911948 0.6882235 0.7443242 0.8696725 0.7894817 0.7187660 0.9058916 0.3292850 0.4622889 0.3056904 0.5605976 0.6572549 0.5021385 0.6762701 0.6611507 0.4259836 0.5559565 0.4201586 0.7412984 0.5478197 0.4990902 0.6592681 0.6165526 0.6219183 0.1149950 0.4343644 0.5962925 0.6940023 0.4106578 0.4169224 0.4818515 0.5102026 0.3709920 0.0914449 0.6043015 0.5156854 0.5176118 0.5001626 0.5348781 0.4292418 0.3116394 0.4719925 0.4265963 0.4550013 0.5153767 0.1630205 0.2939215 0.7402030 0.6734017 0.4742470 0.4690376 0.5440614 0.8109908 0.6344750 0.6279300 0.4229246 0.5680186 0.6144798 0.5460651 0.5661367 0.3602621 0.7016475 0.0351037 0.3323404 0.2993652 0.5760839 0.3149799 0.7554109 0.0094908 0.5285188 0.1902332 0.6912287 0.4293157 0.4473382 0.1388795 -0.0035622 -0.2186525 0.5567848 0.5695792 0.5220451 0.3340286 0.0929032 -0.1952121 0.5962961 0.1780036 0.2581122 0.1978775 0.5851853 -0.1448776 0.6955590 0.4581052 0.3180376 0.0402184 0.4324116 0.4008189 0.0071755 0.3556455 0.7387910 -0.2820503 -0.1536512 0.7089387 0.4851999 0.3313509 0.4028552 0.4903684 0.6128796 0.7610223 0.7259933 0.6656498 0.7845938 0.6302077 0.2661197 -0.2658602 0.4751798 -0.4257344 -0.5538297 0.2668754 0.1733383 0.6596344 -0.0391999 -0.6973496 0.6560979 0.7477042 0.7512870 0.6088794 0.2928522 0.0579337 0.6476732 -0.4367169 -0.2128980 -0.1063926 -0.0548625 0.3012178 0.4633674 0.5473313 0.6611694 -0.2039659 0.2263343 0.1999870 0.6772016 0.3535693 0.7397627 0.4276845 -0.2287330 -0.0173812 0.0485839
0.5521427 0.6757389 0.6649607 0.7250314 0.2820133 0.8437441 0.7020269 0.8022617 0.6336911 0.9027751 0.9491442 0.6743162 0.7589854 0.4052331 0.7375353 0.0000000 0.8716712 0.3214984 0.9766089 0.2685420 0.6962104 0.7548389 0.9013301 0.2356138 0.9427986 0.9432297 0.3386738 -0.3640480 0.8902133 -0.3336382 0.3878748 0.8385587 -0.0726237 0.7588251 0.7649699 0.9202714 0.9083044 0.8137437 0.3018972 -0.1398245 0.1315078 0.9236995 0.4066024 -0.7855038 0.8989284 0.8650278 0.6793353 0.3059831 0.5748683 -0.1969908 0.5985344 0.6359775 0.7965347 0.8259902 0.4337447 0.6569064 0.8509124 0.7701680 -0.0588185 0.5685247 0.7669643 0.4555665 0.1318276 0.7764929 0.5730012 0.7053655 0.6436833 0.7644842 0.5456758 0.8587834 0.7899418 0.7340629 0.8382695 0.2585392 0.8744320 0.8248470 0.4190402 0.8771473 0.7871992 0.0231786 0.2757798 0.4466272 0.7059856 0.6577581 0.4901671 0.6775127 0.5085334 0.7734582 0.7589937 0.5415632 0.7887209 0.6217627 0.6098599 0.8703530 0.6201538 0.6456368 0.5280410 0.5130639 0.6862909 0.8340379 0.4774979 0.3698917 0.5135134 0.7529262 0.7084247 0.0471691 0.7439231 0.5642278 0.7737829 0.6332004 0.6953045 0.5604625 0.2849237 0.5473757 0.7403343 0.4171196 0.4377241 0.0757115 0.3095442 0.7274522 0.6692683 0.4058663 0.8178792 0.6430259 0.8341764 0.7189501 0.7591407 0.7146242 0.5110369 0.7720446 0.6009643 0.7683961 0.5527993 0.8224303 0.3913316 0.7012039 0.4152271 0.4963626 0.4445878 0.7489405 0.4369678 0.5776932 0.4851424 0.6858636 0.4754655 0.7211875 0.2819997 0.2199240 0.1371687 0.6761688 0.7208886 0.6364859 0.4116297 0.4886551 -0.0165687 0.5623029 0.4825458 0.4024050 0.4763288 0.8000962 0.1174206 0.7404924 0.5647817 0.5930443 0.2385478 0.6553009 0.7083327 0.3535104 0.5572577 0.7745557 0.1092033 0.1543688 0.5158421 0.2440384 0.1593394 0.1078014 0.1425504 0.2097881 0.5052418 0.7300646 0.6850641 0.8958782 0.7514176 0.4882520 -0.0785228 0.0012451 -0.2663390 -0.5939913 -0.1049143 -0.2262100 0.5790719 -0.3244444 -0.7165854 0.4317212 0.7681000 0.6013926 0.6588616 0.0044931 -0.1935672 0.7059605 -0.4282345 -0.0457684 -0.1877052 -0.0315327 0.3633720 0.2269451 0.5817651 0.4116803 -0.1499455 0.2383826 0.1766658 0.5191189 0.1129609 0.4724661 0.5078510 -0.0075534 0.0404297 0.1466414
0.6370222 0.7028672 0.6811818 0.6484528 0.3109721 0.7924133 0.7031200 0.6313109 0.5980237 0.8324018 0.8119005 0.6183773 0.6453163 0.6695284 0.6464945 0.8716712 0.0000000 0.4832845 0.8117243 0.5340249 0.6598579 0.8282922 0.8654688 0.1632890 0.8970093 0.7806202 0.6818280 -0.1572903 0.7215867 -0.0051645 0.5756670 0.8785940 -0.1473497 0.5763414 0.7637853 0.8120115 0.7803328 0.8661650 0.5174931 -0.1020729 0.4298766 0.8769328 0.5318056 -0.6533694 0.7575916 0.8519459 0.6820756 0.5350884 0.3899997 -0.1051848 0.6205603 0.5119574 0.6101073 0.5845243 0.6522272 0.6941955 0.8221995 0.4906956 0.2140308 0.6202541 0.6987601 0.4152446 0.3550400 0.6055189 0.4536068 0.8165885 0.6234091 0.5410143 0.6961651 0.7058039 0.7808294 0.6631738 0.6753278 0.1986563 0.8264944 0.7082504 0.3841451 0.7758431 0.7732963 0.2959216 0.2542517 0.4091274 0.7415734 0.7744341 0.7078305 0.6760295 0.6281343 0.9269877 0.8605047 0.5996743 0.8325056 0.7623454 0.6822404 0.8192266 0.8096567 0.7854807 0.6829712 0.5073355 0.7964720 0.6897575 0.4607028 0.3636491 0.4862297 0.6474082 0.7119994 0.2816407 0.7556122 0.7239003 0.7455315 0.6968783 0.6682276 0.6862267 0.4423945 0.6618601 0.7897468 0.6820175 0.6977673 0.3919004 0.6174260 0.7401157 0.8249562 0.6785293 0.8575096 0.7635054 0.7414916 0.5541923 0.8100689 0.7726132 0.3693889 0.6413420 0.4899855 0.7457303 0.4291607 0.6850263 0.3393020 0.5285941 0.2127612 0.3379014 0.2251282 0.6281692 0.3127743 0.4106342 0.3119960 0.4583064 0.3257157 0.5351530 0.0871950 0.0304197 0.0261191 0.5192962 0.5123393 0.6182390 0.2549017 0.3135196 -0.0081048 0.4661136 0.3194509 0.2048958 0.2861943 0.6948975 0.1985099 0.6800679 0.5360742 0.4891763 0.1924352 0.5996712 0.6737936 0.2931337 0.5186028 0.7513985 0.0116751 -0.0097052 0.5370277 0.4812238 0.2610858 0.1211718 0.0424418 0.2075451 0.3657295 0.6934901 0.7282477 0.8679871 0.8072106 0.6689360 0.1763493 0.0227982 0.0086727 -0.3495584 -0.0914090 -0.1363254 0.5394521 -0.1774391 -0.5109109 0.3997253 0.6675127 0.4943755 0.5687389 0.0892491 -0.1431313 0.5907040 -0.1439844 0.1756031 -0.0366212 -0.0465612 0.5902013 0.2202268 0.4488570 0.5219296 0.2831446 0.3575275 0.3103622 0.3968776 0.3022289 0.3327334 0.4675981 0.1830803 0.3857739 0.4990770
0.7479542 0.6904016 0.5213087 0.6578219 0.2409225 0.5640932 0.5257174 0.5053873 0.7510140 0.4507767 0.3908688 0.5358851 0.4552255 0.5256866 0.6006849 0.3214984 0.4832845 0.0000000 0.3458089 0.4055080 0.5063822 0.6463434 0.4192834 0.5842415 0.3811820 0.2276701 0.5063221 0.4091840 0.3469101 0.2628503 0.4139844 0.1945130 0.4343495 0.4768139 0.2388554 0.3706707 0.0329415 0.5096883 0.2231590 0.3244548 0.2985362 0.3186202 0.0884705 0.0942734 0.3733607 0.1632968 -0.1559819 0.1622733 0.5236779 -0.1711849 -0.0864727 0.0406508 0.4742125 0.2389884 0.0785472 -0.1264795 -0.0026286 0.2423000 0.0263000 0.0358747 0.5059251 -0.0629704 0.0806642 0.4556972 0.4634411 0.2321428 0.0719691 -0.0177057 0.4082072 0.5371672 0.1615562 0.5775008 0.2613667 0.5101226 0.3315660 0.5923132 0.6202637 0.2333333 0.5941892 0.4016604 0.1108030 0.1025813 0.3472874 0.3900245 0.3901902 0.5248797 0.7213420 0.3510195 0.4077688 0.2030392 0.6871929 0.6079856 0.4608132 0.3291843 0.6183511 0.7286831 0.3250385 0.2566537 0.5225385 0.3100418 0.3610614 0.3608446 0.3361580 0.3665189 0.5066128 0.5800005 0.3482193 0.4486005 0.4673549 0.4338116 0.5744871 0.2706630 0.2559365 0.4117093 0.3303993 0.5857434 0.4957790 0.2965065 0.3565549 0.3734389 0.4868794 0.5364639 0.3276724 0.3365961 0.4830338 0.4442754 0.5348306 0.3582860 0.4414623 0.3319790 0.3950476 0.2645249 0.3080714 0.3355435 0.1779875 0.2189626 0.2512729 0.4923785 0.2204904 0.3907325 0.0510328 0.4344602 -0.0158611 0.3880421 0.4632761 0.2017681 0.2454768 0.1242446 -0.2886145 0.3943720 0.2725897 0.5666503 0.4521017 0.0867525 0.0899398 0.4310066 0.0129487 0.2291287 -0.1549567 0.3877296 0.3144531 0.6222697 0.4813211 0.2428399 0.3127118 0.4024310 0.4679166 -0.0860322 0.1960038 0.6807537 -0.2020631 -0.2371537 0.4077215 0.6341388 0.5432808 0.5292506 0.4334547 0.5160516 0.4165030 0.0823594 0.3004279 0.3005905 0.1766220 0.0732351 -0.1028811 0.2923507 -0.1575636 -0.0469890 0.2996997 0.3178422 0.3303466 0.0940721 -0.3222839 0.4312475 0.3887118 0.4781646 0.5621093 0.3613453 0.0581480 0.5585885 -0.1276650 0.0678802 0.3928731 0.3080675 0.3130497 0.2507132 0.4515928 0.4449243 0.1666305 0.3003154 0.5651547 0.3119845 0.3475858 0.5554731 0.5073345 -0.1880613 0.6266988 0.6394521
