0.0000000 0.4257726 0.2791787 0.2763816 -0.2727036 0.2256759 0.1021760 0.0697169 0.2410586 0.2562037 0.2668443 0.3136294 0.0001416 0.1267803 0.1613693 -0.0483071 0.2424113 0.0210546 0.2204830 -0.2272557 0.3533481 0.2822800 0.2583057 0.1474623 0.3465470 0.1307622 0.1204895 -0.2797093 0.5877041 -0.1799284 0.0274698 0.2694504 -0.0747147 0.4733816 0.2629085 0.5643097 0.0600511 0.3122901 0.1759058 -0.3363620 0.2674391 0.6286786 0.3368943 -0.2376738 0.3475249 0.1929977 0.1997668 0.1134725 0.0129480 0.1852015 0.2961331 0.3233683 0.2627112 0.1881645 -0.2561022 0.0316761 0.1090629 0.2508035 0.4006048 0.3345353 0.1387859 0.3502933 0.0006811 0.1728180 -0.0228711 0.2400686 0.1803981 0.2184775 0.2658437 0.1659922 0.0296319 0.0685409 0.0825531 0.0886142 0.1850765 0.2710203 0.2294807 -0.2967744 -0.0378538 0.1811701 -0.1387124 0.1181873 0.0753888 -0.0321355 0.1655482 0.1126234 -0.1347118 0.2486585 0.2172550 0.3729933 0.1062367 0.0613501 -0.0135419 0.3853687 -0.0404862 0.4091920 0.2142192 0.1433770 0.1196311 0.2520986 0.1645734 0.0228646 0.0356350 0.0682733 0.3731316 -0.0366569 0.2976008 0.0554615 0.2165180 0.1437147 0.0850975 0.0573217 -0.2099853 -0.4034313 -0.1897726 -0.3328206 -0.3564690 -0.0326166 -0.0421657 0.0848984 -0.2025514 -0.3733075 0.0886148 0.0784402 -0.0723172 0.4998020 0.1733013 0.3076184 0.0008991 -0.1720015 -0.2464924 -0.0338192 -0.1903618 0.0770702 -0.3179075 0.2705037 -0.1000569 0.0594236 -0.3400921 0.2631524 -0.0703584 -0.0325352 -0.2387620 0.2503545 0.3558905 0.0910811 0.1754293 -0.0067522 -0.0367863 -0.1338241 0.0389442 0.5126948 0.3649427 0.2782444 0.1455727 0.2180308 -0.1122717 0.2757217 -0.3104033 0.2856236 0.0555785 0.1756949 0.1124016 0.1752567 0.2629553 0.4647812 0.1729696 0.3084750 0.0253320 -0.0228813 0.2750708 0.2066070 -0.0179822 0.2883868 -0.0222485 0.0610144 0.1191583 -0.1452350 0.1517200 0.0973806 -0.0292928 0.1390678 0.3338472 0.1047167 0.0279352 -0.3831250 -0.1931390 0.0416418 -0.0065396 -0.0725903 0.0795852 -0.0013129 -0.0952426 0.1955863 0.0814421 -0.1909210 -0.1550440 0.1043139 0.0585845 0.1841966 0.1139022 -0.0784335 0.2068002 0.0387845 0.0858027 -0.0121966 0.1363302 -0.1576146 -0.2766805 0.5757983 0.2841978 0.1249828 0.1530313 0.5069207 0.2003261 -0.2781283 0.3385613 0.2800450
0.4257726 0.0000000 0.6283045 0.3920409 0.2719249 0.2644647 0.2688977 0.4682247 0.5650892 0.5229827 0.5979235 0.6498095 0.5824220 0.3848352 0.5516155 0.2594487 0.3085234 0.3042745 0.6443594 0.1805574 0.7726902 0.6507031 0.5604336 0.6389693 0.7088892 0.5265420 0.4516801 -0.0731773 0.7362432 -0.0044907 0.4822522 0.7444436 0.2058507 0.6402868 0.5285691 0.6280515 0.5729381 0.7626714 0.3460916 0.1701616 0.4168380 0.5814073 0.5249623 0.1092114 0.6641621 0.6867404 0.6317458 0.4677010 0.4665155 0.4310338 0.5319639 0.6173262 0.5393284 0.6229769 0.2831199 0.5618491 0.5926922 0.6531253 0.2371984 0.5519812 0.4698261 0.6424948 0.4260061 0.5141068 0.4784434 0.4790041 0.5006468 0.4417338 0.6057035 0.4322938 0.2347259 0.4931428 0.3470893 0.5017984 0.3458805 0.6145579 0.5703454 0.1050207 0.4123789 0.5791429 0.2684969 0.0203645 -0.0443307 -0.1253789 -0.0814851 0.2221501 -0.0827380 0.0124100 0.2812803 0.2400139 0.0660722 0.0179588 0.0678285 0.3812037 -0.0525330 0.1274868 0.1067340 -0.1318331 0.3222192 0.1735771 0.2497930 -0.0064899 0.3407352 0.2629235 0.4171550 0.1342419 0.3399783 0.1513991 0.1835354 0.2386219 0.2513491 0.2610140 0.0029241 -0.3752026 -0.3146116 -0.6145896 -0.4760659 0.2085143 -0.0350599 0.3697050 -0.1245540 -0.5677804 0.0891973 -0.0196831 0.0565592 0.4797757 -0.1735305 0.0453878 0.3121431 -0.1458074 -0.2644215 -0.0762249 -0.1218910 0.1276824 -0.2475877 0.1266716 0.0470646 0.4783244 -0.0167043 0.6422713 -0.0700946 0.4748328 0.1982527 0.5203876 0.5141735 0.2189473 0.2598229 -0.0042180 -0.2821053 0.0093039 0.3404968 0.5903186 0.2891296 0.2320336 0.3578021 0.5591754 0.0895083 0.1715753 -0.0284916 0.4257523 -0.0733279 0.3642569 0.4015427 0.4650398 0.1815184 0.5324965 0.1302147 -0.0120479 0.5137913 0.1506993 0.3975513 0.2969473 0.2673556 0.4084869 0.2524839 0.2830774 0.6382016 0.4564531 0.6198264 0.4119379 0.4011816 0.2028296 0.1749032 0.0663678 -0.1469628 0.2100991 0.1396663 0.5374030 0.4379192 0.4214315 0.2178987 0.4178002 0.3526740 0.6914025 0.3903473 0.4043890 -0.0294180 0.5673689 0.4928149 0.5044928 0.2530522 -0.0207713 0.1517816 0.1600160 0.1314088 0.2006188 0.5653604 -0.3582442 -0.3385107 0.5385342 0.2432955 0.3662307 0.1599786 0.3964264 0.7351131 -0.2202854 0.7293813 0.6131459
0.2791787 0.6283045 0.0000000 0.4913002 0.3583648 0.4574240 -0.1901712 0.6569479 0.6536581 0.6593964 0.6040014 0.3789204 0.6142369 0.5105389 0.4372806 0.1606260 0.4611551 0.3961137 0.6862535 0.0418574 0.5143039 0.6532421 0.5966774 0.5899663 0.6736118 0.5681792 0.3044739 0.0115957 0.5619948 0.2063889 0.4748649 0.6142408 0.1328451 0.5870997 0.6601944 0.4170437 0.3710196 0.7584850 0.4097830 0.3886609 0.5124439 0.4272322 0.5075593 -0.0456503 0.6431432 0.5703932 0.5642167 0.6602763 0.2973206 0.3437537 0.5787084 0.5196174 0.6245748 0.4907208 0.3663644 0.5076906 0.5029976 0.5419393 0.3026364 0.6013938 0.5925312 0.5874167 0.4517190 0.5520197 0.6068545 0.3559065 0.5694170 0.4754120 0.6654728 0.4313107 0.4232379 0.4611215 0.5224817 0.6341622 0.4999337 0.6342437 0.5803718 0.3391366 0.5261680 0.5702860 0.3562180 0.1922274 -0.1607173 -0.2246583 0.0540162 0.2888654 -0.0120964 0.1558232 0.3299958 0.3708960 -0.0307417 0.0448460 0.2775952 0.2783973 0.1685327 0.1418102 0.1235674 -0.1025651 0.5274746 -0.0165637 0.4281757 0.2173001 0.1642914 0.2594145 0.3219024 0.1139092 0.3962758 0.3356119 0.2199319 0.6334806 0.1948751 0.2453853 0.1723772 -0.0876827 -0.0514558 -0.2235636 -0.1250849 0.0664825 0.1000625 0.0088593 0.0478762 -0.1678653 0.2863122 -0.1556670 -0.0554847 0.4085709 0.2178089 0.1243897 0.2649505 0.1531274 0.0053378 0.2526801 0.1148405 0.1076015 0.1825781 0.1332271 0.0269360 0.2454620 -0.0112621 0.2716420 0.0587644 0.3896332 0.3820921 0.5690081 0.1975949 -0.0757380 0.0334517 0.0223873 -0.0788064 0.0281101 0.1821515 0.4798814 0.3373916 0.0889009 0.3822467 0.5819862 0.4461778 0.0154149 0.0304371 0.5260627 0.0833397 0.4235388 0.4516084 0.6187800 0.3176421 0.6943449 0.2629202 0.0689723 0.4098195 0.4340980 0.3033390 0.3130995 0.0036657 0.6701542 0.2869848 0.0425767 0.5150249 0.5399976 0.5260152 0.2497663 0.3760616 -0.1444293 -0.1200084 -0.2553765 -0.1145834 0.2547532 0.2101150 0.6587902 0.4719369 0.4089187 -0.0002553 0.3565221 0.5232708 0.4072398 0.3886909 0.3306507 -0.0717524 0.5690864 0.4856504 0.2970373 0.4746774 0.1562639 0.2749787 0.1849093 0.3336412 0.3958689 0.3244375 -0.2126656 -0.1453880 0.3974590 0.2471541 0.2538498 0.2102826 0.1601529 0.5765423 0.0456287 0.6206637 0.5957353
0.2763816 0.3920409 0.4913002 0.0000000 -0.0770248 0.5059679 0.0314866 0.7578460 0.3645168 0.6166986 0.8393703 0.4573527 0.5439735 0.5345161 0.0459228 0.5328866 0.3400518 0.4200014 0.5898260 -0.1617734 0.6707349 0.6483878 0.5735890 0.2690932 0.6310470 0.5431510 0.0760256 -0.0223517 0.7628153 0.3540510 0.5666311 0.5726192 0.3918823 0.8314154 0.5821297 0.4813291 0.2916420 0.6298317 0.6324448 0.5319898 0.1570241 0.4685358 0.6944892 0.2572129 0.5498487 0.5750703 0.5109096 0.5727706 0.5686352 0.5080375 0.6078792 0.6201103 0.6955973 0.6352371 0.3705749 0.5227681 0.4782147 0.5987798 0.0498208 0.5935100 0.6213562 0.6420074 0.2721915 0.6995928 0.6728937 0.4924900 0.6259649 0.5383213 0.7058113 0.5427534 0.5839247 0.6557132 0.4834623 0.6285367 0.4715956 0.6614221 0.6254169 0.1418995 0.4702133 0.4384884 0.0735323 0.3309702 0.0210342 0.1394677 -0.2206646 0.4347647 0.3857911 0.2151418 0.5143609 0.2249977 0.1157926 -0.1127274 -0.0324836 0.3598785 0.2083684 -0.0708127 -0.3525564 -0.1378608 0.3837504 0.2433497 0.3591288 0.1401037 -0.0321616 0.2842494 -0.0570916 0.2359367 0.3207995 0.1591075 0.2722403 0.5363293 0.2294253 0.1987729 -0.0394003 0.1580298 0.0531167 -0.0600839 0.0975079 -0.1214813 -0.3316860 0.0836979 -0.0497506 -0.2582392 -0.0459961 -0.2458504 0.1075171 0.2724476 0.0283235 0.0039147 -0.1036655 0.2150329 0.1041407 0.0947721 -0.1087639 -0.1134662 -0.1355632 0.2164521 -0.1847302 0.0216092 -0.0078989 0.6667612 -0.3432688 0.1186454 -0.0775721 0.4745146 0.1828173 -0.1348022 -0.2276667 -0.3123581 -0.6178688 -0.0141402 -0.3298650 0.6204214 0.2401498 -0.4068496 -0.0445808 0.3717344 -0.0084536 0.1300668 -0.3389342 -0.1338817 -0.4342159 -0.1052558 0.4824004 0.1101167 -0.3827770 0.4023038 0.2404026 -0.2585856 0.0127097 -0.0998577 -0.2413435 -0.1753627 0.3591140 0.1782386 0.0790550 0.4096982 0.6257376 0.4206716 0.3429237 0.1820507 0.2477912 -0.0106733 -0.0900847 -0.1331086 -0.2219089 0.3753135 0.0858566 0.4010008 0.3142708 0.3940987 0.2085503 0.4190907 0.0376240 0.0779423 0.2006062 0.4196485 -0.1791118 0.5124941 0.2485825 0.1538428 0.2996285 0.1152053 0.2438622 0.3880870 0.2929902 0.4008498 0.5933498 0.1903839 -0.4231199 0.4197358 0.1200224 0.0944069 0.1681795 0.1095843 0.6944644 -0.0695195 0.3196786 0.4016016
-0.2727036 0.2719249 0.3583648 -0.0770248 0.0000000 -0.3906607 0.2322810 0.3600942 -0.0732810 -0.0426138 0.1678881 0.2170510 0.5614634 -0.1213675 0.4811816 0.1727426 0.0206138 -0.1643666 0.3130375 0.0060780 0.3020825 -0.0361851 0.2248949 0.2022798 0.2757957 0.4509641 0.4231796 -0.2563334 0.0098342 -0.3080712 0.0344122 0.3177457 -0.3363197 -0.0211212 0.1425439 -0.0710445 0.6342422 0.2852622 -0.3608123 -0.0725480 0.3121867 0.1055735 0.0715624 -0.2285145 0.4193423 0.4002787 0.3626716 0.4051407 -0.0589852 0.1212108 0.1470470 0.0133602 0.1028698 0.1924163 0.2825869 0.3749952 0.4795041 0.2635298 -0.0254896 0.1571828 0.1743649 0.1287238 0.3165273 0.0177685 0.2561562 0.2577913 0.2795023 0.2856949 0.2096859 0.1692820 0.1869704 0.1594962 0.2873094 0.1973292 0.3815895 0.1741927 0.1349663 0.4819321 0.4997573 0.4966931 0.6944464 -0.4346461 -0.2036689 -0.0267968 0.0963975 -0.1390139 -0.3918260 -0.0607689 -0.1818611 -0.2931405 -0.0694331 0.1006314 -0.2039204 -0.2605559 -0.1540502 -0.2438592 0.1125271 -0.4643710 -0.1128931 -0.1751472 -0.2235555 -0.4372640 0.1199872 -0.0059092 -0.1603391 -0.0976332 -0.3822331 -0.2731189 -0.3095165 -0.1783387 -0.2643246 -0.1578034 0.2281985 0.1006529 0.0672289 -0.0044495 0.0897804 0.2705344 0.1111562 0.1272704 0.0187805 0.0445337 -0.3253218 -0.1106486 -0.0973034 -0.0046376 -0.1174859 -0.4505766 0.1520985 -0.2296890 -0.2110690 -0.2677024 0.0154587 0.2070532 0.2058352 -0.4075352 -0.1857297 0.1595053 -0.1163502 -0.0483799 0.0366364 0.2086083 0.7328706 0.1913815 -0.1070299 0.1093865 -0.1598528 -0.3423185 0.1099140 -0.1249990 0.1443470 0.0260916 -0.1086599 -0.0025867 0.0310981 0.4537795 0.3214715 -0.3204110 0.4433354 0.2746365 -0.0279139 0.1542723 0.3645255 0.1892595 0.1502293 -0.0331520 -0.4264859 -0.2398877 0.4960801 0.2763861 0.2295356 0.2064480 0.2113388 0.2649798 0.2540900 0.2073763 0.3754271 0.2249075 0.3847035 0.3516328 0.1463603 0.1543094 -0.0323511 0.2988437 0.3798946 0.5369890 0.6530588 0.5892688 0.5468770 0.4660000 0.0935402 0.2444972 0.3972331 0.3696931 0.1662984 0.2414093 0.1228646 0.3025345 0.6198346 0.0986985 -0.0259113 -0.2440129 -0.2970680 -0.0723403 0.0027952 0.3848229 0.0445192 -0.4143943 -0.1899632 -0.2666078 -0.2553804 0.0400305 0.0402307 -0.1219197 0.0150978 -0.2036009 0.1267474 0.1717447
0.2256759 0.2644647 0.4574240 0.5059679 -0.3906607 0.0000000 -0.4656309 0.2874082 0.7543932 0.8635927 0.4902236 -0.0146097 0.0959213 0.6155671 -0.2404451 0.1659781 0.5789600 0.4474751 0.3938824 0.1231367 0.1738738 0.6911523 0.4719691 0.4524262 0.5106566 0.2024263 0.0355992 0.3354286 0.3593697 0.5739328 0.4076370 0.4234281 0.5522074 0.4026540 0.5994531 0.2950317 -0.2059260 0.4105458 0.8170001 0.6875746 -0.0934202 0.0443136 0.5572605 0.3778270 0.0878300 0.0856703 0.2298359 0.2479220 0.4378751 0.0029637 0.4243213 0.6204521 0.4657237 0.4368607 0.1099608 0.0151140 0.0266805 0.3444828 0.0795917 0.4654481 0.3147258 0.5493127 0.1032336 0.5735217 0.3811878 0.0478506 0.4023949 0.2900454 0.4041130 0.4394504 0.3607291 0.4227438 0.3691871 0.5191220 0.2137331 0.5531995 0.5881022 0.1314795 0.1877827 0.1407267 -0.0370290 0.7645872 0.1450413 -0.2226639 -0.2420384 0.3579823 0.4285300 0.0473767 0.5492036 0.4929810 -0.3012810 -0.4808210 0.1551318 0.6189918 0.0645428 -0.0613902 -0.4595902 -0.0273897 0.3693761 0.3799416 0.4351626 0.2974761 -0.0690044 0.4106638 -0.0491229 -0.1428050 0.4439420 0.3321628 0.1215217 0.4778794 0.0387962 0.0009371 -0.2568045 -0.3460668 -0.4511563 -0.3949860 -0.2611182 -0.4744658 -0.2733264 -0.2188804 -0.0862601 -0.2820182 0.1315913 -0.0304273 -0.3636366 0.0725483 0.1021186 -0.0228683 -0.3163487 0.0923904 -0.1973502 0.0576304 -0.2235479 0.0973628 -0.0491843 -0.0296077 0.0216304 -0.1671543 -0.1083517 0.2588737 -0.4652941 0.0097800 -0.3572765 0.1907284 0.1349590 -0.4113901 -0.2538047 -0.0727776 -0.5866800 -0.2563423 -0.2435630 0.2316504 0.2300655 -0.3168948 -0.0997126 0.0459825 -0.1264489 0.0904637 -0.4560998 -0.0916281 -0.3486806 0.0983191 0.0348206 0.1933308 -0.2613111 0.3273717 0.4053511 -0.1786899 -0.1335870 0.1372055 -0.1713158 -0.0438248 0.0337771 0.5071859 0.2754616 -0.2959962 0.2158953 0.5160739 0.1403708 -0.1949257 0.3827215 -0.3729772 -0.2555474 -0.4502942 -0.6049089 -0.0864633 -0.5039393 0.1924687 0.0567687 0.0366918 0.1044370 0.2811046 0.2768581 0.0106256 0.0660721 0.2552872 0.1269353 0.3772528 0.0375152 0.1294847 0.5105991 0.4560537 0.5035771 0.3608452 0.1318628 0.2726602 0.2340012 0.1912560 0.1085119 0.6533052 0.3528576 0.4427793 0.0294574 0.0726685 0.5887768 0.1713794 0.5453284 0.3319645
0.1021760 0.2688977 -0.1901712 0.0314866 0.2322810 -0.4656309 0.0000000 -0.0922301 -0.4170255 -0.3393819 0.0133782 0.6486416 0.1564477 0.0868915 0.2132846 0.2974888 0.0628732 0.0235776 -0.2201283 -0.1844332 0.3400061 -0.1177909 0.0723570 -0.2232563 0.0313571 0.0533234 0.4863828 -0.3108902 0.2647741 -0.1610956 -0.2561670 0.2507638 -0.2386989 0.1187282 -0.1516412 -0.0439013 0.6187052 0.1327434 -0.1868833 -0.1978682 0.1226817 0.3250902 0.1001421 -0.2085151 0.1725279 0.2527055 0.2007746 0.2666351 -0.1184456 0.1512837 0.0879418 0.0358171 -0.2432696 0.0715239 0.2424833 0.3181045 0.5110444 0.1093545 -0.0576646 0.0604203 -0.0524037 0.1287163 0.2060223 -0.1515677 -0.1082515 0.5972345 0.2486691 0.2233563 0.1350932 -0.0601208 0.2812284 -0.0324535 0.2203087 -0.1748899 0.3752753 -0.0174880 -0.0698583 0.0767230 0.2419814 0.1564487 0.2759134 -0.4583309 0.1668357 0.4256694 0.1063002 0.1107302 -0.0974777 0.1950245 -0.1876767 -0.1887076 0.2583920 0.2037024 -0.3624227 -0.3504047 -0.0148649 0.0409734 -0.0388809 -0.2998330 -0.0633125 0.0369972 -0.1418422 -0.3899870 0.3419862 -0.2305685 -0.0162470 0.3303761 -0.1116812 -0.1268088 0.0365866 -0.2236678 0.2436577 0.1647858 0.2252224 0.2535799 0.1585844 0.0386297 -0.0303805 -0.0580192 -0.3085483 -0.0576202 -0.3251647 -0.1582998 -0.2395410 -0.1539751 0.0287903 -0.0792851 -0.2209176 0.0477944 0.0439752 -0.1569204 -0.0524192 -0.5362307 -0.0519189 0.0051499 -0.3445609 0.2311241 0.0161569 -0.0017538 0.1028173 0.2576178 -0.1299663 -0.0113389 0.1055043 0.4034646 0.2759856 0.5660651 0.0690584 -0.1409768 -0.2193217 0.0447327 -0.0194656 0.4657014 -0.2441347 0.1572285 -0.0560294 0.3722847 -0.0566740 0.2934330 0.0721533 -0.1598451 -0.0053860 -0.3344867 0.3780888 -0.1247530 -0.0823699 0.0394006 -0.0574101 -0.0088814 0.2470584 -0.2841757 -0.0585232 -0.2195368 0.4708404 -0.1930435 0.2413727 0.7621484 0.4234240 -0.1033774 0.2565032 0.3738725 -0.0069056 0.4873291 0.4377494 0.3517863 0.4634056 0.3115460 0.5699577 0.1957476 0.3277675 0.3929935 0.0128272 0.1563510 -0.1213621 -0.0231072 -0.0471160 -0.0072925 0.0168765 0.0504638 0.2723707 0.0578314 -0.2096915 -0.4350069 -0.3174725 -0.1297857 -0.2196216 0.2105250 0.1080921 -0.0779169 -0.6941427 -0.1204507 -0.1154754 -0.3493950 -0.0398338 0.0331967 -0.1021064 -0.3255149 0.1126722 0.3160514
0.0697169 0.4682247 0.6569479 0.7578460 0.3600942 0.2874082 -0.0922301 0.0000000 0.4666963 0.6030404 0.8985035 0.3800866 0.8781113 0.3871284 0.4404663 0.5841370 0.3234943 0.1377497 0.8757393 0.0751754 0.7127816 0.6073045 0.7170074 0.3770693 0.7951959 0.8384778 0.2818623 -0.2478370 0.6329284 0.0681343 0.7202690 0.7084892 0.0886871 0.7961475 0.7117361 0.5393598 0.5486206 0.7746162 0.4398554 0.3957845 0.3317698 0.4598944 0.6931009 0.0722765 0.8004965 0.8336406 0.7254802 0.6592561 0.6009682 0.6504636 0.7274785 0.6254647 0.8812937 0.7533301 0.5250881 0.7169805 0.6836301 0.8161695 0.1098608 0.7284498 0.7562885 0.7002351 0.3375888 0.8169688 0.8756609 0.5399144 0.6638951 0.6276174 0.7378195 0.7414998 0.5823002 0.8150587 0.5026652 0.8158062 0.4306587 0.7375153 0.6994920 0.3067318 0.6650465 0.6498850 0.3536829 0.0262141 -0.3108834 -0.1880835 -0.2501192 0.0455232 0.0261990 -0.0600780 0.1717783 -0.0936215 -0.0478506 0.0124310 -0.0631263 0.2594822 0.0704433 -0.0895059 -0.1122854 -0.3525806 0.2385125 -0.0803774 0.0933945 -0.0404093 -0.1701497 0.3039954 -0.0704677 0.1171630 -0.0307066 -0.1155225 -0.0118977 0.4562205 -0.0150011 0.0488858 -0.0989313 0.0274826 0.0462964 -0.1727820 0.0065425 0.1755522 -0.0813976 0.2484454 0.0109190 -0.2310046 0.0183458 -0.1998888 0.1604537 0.2842796 -0.0679694 -0.0863963 -0.0166792 0.1536780 0.0100241 0.1415274 -0.0917534 -0.0132129 -0.0279708 -0.0759268 -0.3489576 0.1076813 -0.1891735 0.4102423 -0.1518269 0.1050729 0.3980897 0.3342004 -0.1283232 -0.2789925 -0.2928185 -0.3580205 -0.2849802 0.0438499 -0.0993907 0.3655589 0.1017321 -0.4037271 0.2319417 0.5638740 0.1768555 -0.2720249 -0.0540035 0.2497236 -0.3801731 0.1039712 0.4948618 0.4333931 -0.2160328 0.2735776 -0.0876165 -0.1536111 0.2234928 0.0533899 -0.0160600 -0.0083116 0.2814159 0.3919830 0.0716183 0.1457220 0.5569106 0.3765674 0.3910941 0.2741517 0.2215005 -0.0217798 -0.1706625 -0.1385231 -0.0377146 0.5447459 0.3300314 0.6276611 0.5773665 0.5629848 0.1370689 0.4016002 0.2946644 0.2161931 0.0962176 0.2776884 -0.3381487 0.6344615 0.4823293 -0.0024146 0.1735498 0.1571327 0.0568914 0.2826039 0.4379634 0.4350040 0.4052906 -0.1265005 -0.3343023 0.2892311 -0.0953960 0.2012936 0.2288368 0.0325357 0.6601141 -0.1056641 0.3259369 0.2884279
0.2410586 0.5650892 0.6536581 0.3645168 -0.0732810 0.7543932 -0.4170255 0.4666963 0.0000000 0.7825524 0.5357992 0.2509981 0.4013943 0.5723984 0.4075636 -0.0153201 0.5182618 0.4920281 0.7058656 0.2023119 0.3227285 0.6686550 0.4649817 0.8076214 0.6291362 0.3207283 0.2602839 0.3628463 0.4271096 0.4060947 0.5511550 0.5383233 0.5476296 0.5496732 0.5997553 0.4185543 -0.0136190 0.6134428 0.6640694 0.5589920 0.1635331 0.0883344 0.5063809 0.4188777 0.3536174 0.4438866 0.4524546 0.2791868 0.6657086 0.2463761 0.5112635 0.6825317 0.7099165 0.5486437 0.1772003 0.2617352 0.2376608 0.5573517 -0.0095253 0.5667100 0.3667638 0.5368845 0.1147976 0.6689553 0.5530050 0.0366406 0.3242938 0.1720183 0.4767769 0.4417344 0.2028226 0.5679170 0.2444952 0.6106512 0.0681218 0.5683071 0.6121997 0.0042973 0.2444778 0.3775262 0.0756328 0.3684160 -0.3078660 -0.5114108 -0.3941021 -0.0250447 -0.0632433 -0.3345239 0.2317529 0.2417205 -0.4427483 -0.4581743 0.1396915 0.4676869 -0.2591634 -0.1020896 -0.1853917 -0.0336678 0.1622830 0.0579811 0.1994752 0.2053253 -0.1463703 0.2255480 0.0944328 -0.3212495 0.3777154 0.2356388 0.0824887 0.5413445 -0.0824008 0.0534591 -0.3067717 -0.5383950 -0.5190077 -0.6514597 -0.5005159 -0.0570018 0.0197014 0.0603692 0.0328110 -0.4221354 0.2901013 0.1705537 -0.0242324 0.2102223 -0.0306999 0.1377395 0.0378016 0.0970567 -0.3149264 0.2510099 -0.2696977 0.1823621 -0.1660384 -0.0875810 -0.1463230 0.0681979 -0.2212016 0.2091121 -0.1478447 0.2226970 -0.0949196 0.1968946 0.0345702 -0.3798080 -0.1488939 0.0585109 -0.2717642 -0.1099594 0.0670492 0.2235887 0.1410417 -0.1304653 0.3760778 0.2314629 0.1358205 -0.1099397 -0.1399004 0.3067090 -0.2024670 0.3537994 0.0442220 0.4872828 0.0032732 0.4594304 0.2630275 0.0688376 0.2542858 0.1730717 0.1039690 0.1375255 -0.1492604 0.5799717 0.2062576 -0.3436700 0.2969315 0.5326657 0.1314562 -0.1955605 0.2907715 -0.4179844 -0.4346874 -0.5642724 -0.6068956 -0.1031077 -0.3901438 0.3280748 0.2163767 0.1653713 -0.0822842 0.3202901 0.4343278 0.3569477 0.0338213 0.2265276 -0.2254339 0.5739932 0.2641617 0.1016707 0.4126240 0.5064679 0.2777954 0.0864434 0.2162491 0.1334748 0.1502872 -0.1377998 0.0153415 0.7881823 0.2590974 0.4655082 -0.0481533 0.1230505 0.7250619 -0.0936924 0.6315539 0.3871718
0.2562037 0.5229827 0.6593964 0.6166986 -0.0426138 0.8635927 -0.3393819 0.6030404 0.7825524 0.0000000 0.7750870 0.1081899 0.4145062 0.6147058 0.0573332 0.3863157 0.5990012 0.2952242 0.6805525 0.2413220 0.4763840 0.8337371 0.7036025 0.5692233 0.8099001 0.5893781 0.2355659 0.0462406 0.5360425 0.3584734 0.6388469 0.7492005 0.3421859 0.5875678 0.7817079 0.5405862 0.2002839 0.7035601 0.7830577 0.6237584 0.0914298 0.3464734 0.7283104 0.2224469 0.4723591 0.4775903 0.6078000 0.5231132 0.5025394 0.3174084 0.6700455 0.7598391 0.6930260 0.7188771 0.3978806 0.3996219 0.3801859 0.6833205 0.2571653 0.6979012 0.5795567 0.7882107 0.4165417 0.7586422 0.6565517 0.3103417 0.6648497 0.5900668 0.7266546 0.7034339 0.5023623 0.6347426 0.5386651 0.7287712 0.4173749 0.7868201 0.7147115 0.2816207 0.5228946 0.4096273 0.2195763 0.6500889 -0.0183527 -0.3535818 -0.2203925 0.2651850 0.2909007 0.0167494 0.4568819 0.3729890 -0.2078567 -0.3483808 0.0647580 0.5851591 0.0816630 -0.0757535 -0.3372808 -0.2656184 0.4341255 0.2109143 0.4145686 0.1677215 -0.1077314 0.4881555 0.0472698 -0.0999409 0.2774878 0.1657145 0.0917581 0.4004003 0.0563675 -0.0175127 -0.1697370 -0.3564881 -0.4438139 -0.5409611 -0.3156200 -0.2662925 -0.2357267 0.0071136 -0.0792297 -0.3303315 0.1419644 -0.1642721 -0.3536368 0.2994497 0.0312552 -0.1330633 -0.1611838 -0.0555005 -0.3143139 0.0705226 -0.2249378 0.0824075 -0.0132981 -0.1353340 -0.1732221 -0.0273898 -0.2554543 0.3634395 -0.4690268 0.1049841 0.0515149 0.3041045 0.1366084 -0.4203402 -0.3138211 -0.3195798 -0.5584882 -0.2401406 -0.0225216 0.3047268 0.2274270 -0.3482353 -0.0168383 0.3439002 -0.0552816 -0.0874720 -0.3804642 0.1590874 -0.4556122 0.1308973 0.2932529 0.3585559 -0.2757756 0.4369183 0.2239735 -0.2586535 0.0629387 0.1391624 -0.0796547 0.0185949 0.1783877 0.7082408 0.2948507 -0.2069257 0.3544820 0.5076136 0.4693388 0.0916771 0.4925139 -0.1848483 -0.0712563 -0.2952857 -0.4391975 0.1787997 -0.2128647 0.4904712 0.2806887 0.2276699 0.1911635 0.2955893 0.3886452 0.1659396 0.1468631 0.2433424 0.0283938 0.4841127 0.2525843 0.1876235 0.4440304 0.3577862 0.3010454 0.3106756 0.1734858 0.4282803 0.3917134 -0.0853295 -0.0455269 0.6282874 0.1571201 0.4409343 0.1781480 0.1108228 0.7018162 0.1265319 0.7461913 0.4302750
0.2668443 0.5979235 0.6040014 0.8393703 0.1678881 0.4902236 0.0133782 0.8985035 0.5357992 0.7750870 0.0000000 0.4362245 0.7291708 0.5588269 0.3047988 0.6988890 0.4723752 0.2363337 0.8187453 0.0733503 0.7719506 0.7643083 0.8419482 0.3873553 0.8937700 0.8499848 0.3421827 -0.2456352 0.7309090 0.1726497 0.6910140 0.8581188 0.2012619 0.8784384 0.8146305 0.6005955 0.5636334 0.8220752 0.6589961 0.4398151 0.1698115 0.5206159 0.8548379 0.1298622 0.7376073 0.8137789 0.7658289 0.6431466 0.6291143 0.6164074 0.8077225 0.7706339 0.8391922 0.8132613 0.5203181 0.6889255 0.6996325 0.8530197 0.2155802 0.8067983 0.7160230 0.8565467 0.3786915 0.8828542 0.8408562 0.6452953 0.7694719 0.7315444 0.8106831 0.8279719 0.6555815 0.8393438 0.5377934 0.8351048 0.5181344 0.8454051 0.8107494 0.2340459 0.6548305 0.5945892 0.2858511 0.2719392 -0.0993694 -0.1399908 -0.2934359 0.1694897 0.1883024 0.0094450 0.3421489 0.0548449 0.0141384 -0.1224386 -0.0717735 0.3689319 0.1112906 -0.0869623 -0.2266579 -0.3961881 0.3039916 0.0858209 0.1378387 -0.0972476 -0.1890635 0.3240373 -0.0518667 0.0893074 0.0177487 -0.1620610 -0.0068330 0.3660806 0.0222856 -0.0615749 -0.2305787 -0.1559323 -0.1370462 -0.4091248 -0.1741372 -0.0438519 -0.2940283 0.2559842 -0.0635240 -0.3772146 -0.0557165 -0.2301030 -0.0181590 0.3788152 -0.1031870 -0.1760941 -0.1009083 -0.0422040 -0.1671585 -0.0114222 -0.2053136 0.0109353 -0.2104249 -0.0826592 -0.3826722 0.0803348 -0.2409279 0.5478911 -0.4158851 -0.0108721 0.1962913 0.3969087 0.0617804 -0.3204913 -0.3243566 -0.4720239 -0.5371984 -0.2005722 -0.1774769 0.5248022 0.1752186 -0.4692099 0.0147433 0.5712309 -0.1207226 -0.0543323 -0.3707715 0.0720674 -0.5789920 -0.0335639 0.4362856 0.3361065 -0.3658009 0.3561080 -0.0359157 -0.2079848 0.1661191 -0.0452223 -0.1492617 -0.1004719 0.4147642 0.4450186 0.1444249 0.1834163 0.6228291 0.3823430 0.4585207 0.2135183 0.2639698 0.0644770 -0.0079225 -0.0827724 -0.0867264 0.4602739 0.1961435 0.6056295 0.5354000 0.5342286 0.3410057 0.4389262 0.2308222 0.2147970 0.1533488 0.2782657 -0.2658806 0.6505124 0.4501247 0.1027562 0.2656342 0.1024542 0.1372874 0.3201403 0.2891183 0.4783265 0.5406409 -0.0760030 -0.4015108 0.4847299 -0.0260078 0.2873311 0.2455221 0.1991972 0.7546277 -0.0942807 0.5308592 0.4161157
0.3136294 0.6498095 0.3789204 0.4573527 0.2170510 -0.0146097 0.6486416 0.3800866 0.2509981 0.1081899 0.4362245 0.0000000 0.5826281 0.4381552 0.5624947 0.3049273 0.3060961 0.4918523 0.3578907 -0.1531818 0.7086006 0.3825457 0.4166731 0.3269675 0.4373442 0.3031729 0.5886362 -0.0815144 0.7215492 0.0640237 0.2327588 0.5484236 0.1898500 0.6699959 0.2931319 0.3197978 0.5947601 0.6440861 0.2035927 0.1468098 0.4670516 0.4496185 0.4172694 0.0472454 0.5647408 0.6574326 0.5390356 0.5693335 0.4001671 0.4887325 0.5283863 0.4887036 0.3965517 0.4274277 0.3531931 0.5867690 0.7202844 0.4885566 -0.0058252 0.5332460 0.3913077 0.4726815 0.2314074 0.4006425 0.4384951 0.6266891 0.4924230 0.3659961 0.4988514 0.2388868 0.4401201 0.4562003 0.4567630 0.3963595 0.4965359 0.4715749 0.4783578 0.1324474 0.4602878 0.6276883 0.3369140 -0.3138481 -0.0749036 0.2057951 -0.1562840 0.1324063 -0.2396044 -0.0413083 0.0409336 -0.0668862 0.0955305 0.0847399 -0.0498883 0.0468055 -0.1748132 -0.0570256 -0.0328430 -0.1055416 0.0179928 0.1818302 -0.0511282 -0.1069563 0.2231219 -0.0019906 -0.0041160 0.1595870 0.2263876 0.0807004 0.0316532 0.3658506 0.1495557 0.2579735 0.0686512 0.0249238 0.0805177 -0.1478714 -0.1150452 0.1750970 -0.0205873 0.1367447 -0.0153984 -0.2662299 -0.0534841 0.1277917 0.2936650 0.1426210 -0.0635163 0.2182896 0.2040644 0.2240287 -0.0074397 -0.2244311 -0.0750938 0.2382948 -0.4945460 0.3790578 0.0262140 0.2135109 0.0590247 0.4520442 -0.1106381 0.2346571 0.0070504 0.7102890 0.2841932 0.3927360 0.0721834 0.0040799 -0.3597272 0.0179451 -0.0868061 0.8090448 0.0460898 0.1016960 0.3494588 0.5949555 0.1225401 0.2191134 -0.0195957 0.1146809 -0.0159984 0.0413708 0.5050293 0.3081713 0.0603059 0.3594657 0.0217598 0.0478878 0.4362601 -0.1636673 0.0443365 -0.0622532 0.1815666 0.0637731 0.3320193 0.7324433 0.8148841 0.4017591 0.3089894 0.2707837 0.2123140 0.1804617 -0.0087233 -0.0063370 0.0928997 0.3836767 0.3823244 0.5211189 0.5962880 0.6823051 -0.0564456 0.6057889 0.2910498 0.4193258 0.1578807 0.3656225 -0.2390801 0.6716306 0.6310395 0.1716603 0.0893414 -0.1068402 -0.0328585 0.0466102 0.1122571 0.3364377 0.2090083 -0.0005008 -0.6850175 0.3467402 0.0445855 -0.0173168 0.0110713 0.2857847 0.4422827 -0.3950304 0.3732444 0.5122588
0.0001416 0.5824220 0.6142369 0.5439735 0.5614634 0.0959213 0.1564477 0.8781113 0.4013943 0.4145062 0.7291708 0.5826281 0.0000000 0.2767820 0.5921585 0.5301453 0.3132218 0.0640497 0.8193028 0.0860599 0.7897407 0.5203339 0.6907267 0.4428518 0.7754792 0.7723629 0.5260330 -0.2797292 0.6550357 -0.1031800 0.6307157 0.7209314 -0.0009726 0.6952309 0.6397949 0.5164225 0.7165146 0.8007471 0.1901562 0.2876253 0.4818376 0.4826312 0.5931373 0.0098580 0.8553850 0.8438488 0.7663635 0.7161463 0.5551634 0.6391993 0.7175280 0.6145508 0.7818302 0.7549610 0.5207812 0.7219507 0.8002017 0.8234302 0.0275992 0.7219347 0.7178767 0.6664360 0.3174576 0.7099955 0.8027271 0.6026946 0.6753246 0.6212332 0.6432065 0.6871766 0.5642410 0.7985142 0.6031352 0.7657040 0.5031879 0.7160085 0.6770763 0.4211729 0.7349319 0.7944027 0.5266951 -0.2614319 -0.3063714 -0.1339615 -0.2307290 -0.0524440 -0.2412810 -0.1707414 -0.0400862 -0.2692092 -0.1790216 0.0673402 -0.1657567 0.2401818 -0.1554006 -0.1631293 -0.1232354 -0.3779119 0.0689720 0.0376086 -0.0450047 -0.1683700 0.0875575 0.3109780 -0.1425665 0.0792869 -0.0763096 -0.0813512 -0.1520749 0.3341084 -0.0587619 0.1015870 -0.0129954 -0.0109891 -0.0174414 -0.1502179 -0.0636465 0.2766835 0.0396662 0.1740010 -0.0917439 -0.2649699 -0.0875100 0.0087808 0.2063979 0.0775026 -0.2199674 -0.0556815 0.0000191 0.1891460 -0.0889854 -0.1171820 -0.1698604 0.2149229 -0.1730299 -0.0388192 -0.1980181 0.1054570 -0.2032348 0.3576750 -0.0700771 0.2196893 0.4554896 0.4154050 -0.1244659 0.0455478 -0.2327986 -0.2638693 -0.2474904 0.1118822 -0.0134841 0.3766307 -0.0729194 -0.2171563 0.3798642 0.6430380 0.3200358 -0.3718541 0.2241281 0.3709142 -0.2149429 0.1643600 0.5885993 0.4643316 -0.0839061 0.1353864 -0.2161756 -0.2079940 0.3043228 0.0483055 0.1275401 0.0165948 0.2506567 0.3468717 0.2283029 0.2985645 0.6806462 0.4461252 0.4505842 0.4618810 0.3707799 0.1119035 -0.1438804 -0.0101297 0.0457938 0.6391896 0.4379819 0.7252988 0.7391561 0.7192662 -0.0326874 0.5237389 0.4541370 0.3808458 0.0356204 0.3472683 -0.2232173 0.7289651 0.6775253 0.0051608 0.0226333 0.0974806 -0.0594242 0.2196098 0.3509769 0.4431517 0.2433044 -0.2629793 -0.4491767 0.2274160 -0.1300869 0.2366614 0.0832670 -0.0034096 0.6006391 -0.3059860 0.3155310 0.3276881
0.1267803 0.3848352 0.5105389 0.5345161 -0.1213675 0.6155671 0.0868915 0.3871284 0.5723984 0.6147058 0.5588269 0.4381552 0.2767820 0.0000000 0.1305841 0.3357283 0.8401685 0.7354643 0.2485397 -0.1946951 0.2440214 0.5914744 0.5580659 0.2561737 0.4455221 0.2611823 0.4433641 0.2445838 0.3601438 0.7748708 0.1689481 0.5551554 0.3532269 0.5525840 0.5708678 0.0824886 0.1716559 0.5001467 0.8353029 0.6994947 -0.0037938 0.1054143 0.6311474 0.1316024 0.2048558 0.3564036 0.3587426 0.4322396 0.3359486 0.2360609 0.5494186 0.5967062 0.3914076 0.3644666 0.3242104 0.2757642 0.4410614 0.3752754 0.1141886 0.5902567 0.3635931 0.6022460 0.1463039 0.5937111 0.4951341 0.4977092 0.5677777 0.3925681 0.4923465 0.4243382 0.7265682 0.4979878 0.4302635 0.5097916 0.4705170 0.4981509 0.5652380 0.2010241 0.3771607 0.2797695 0.1302316 0.4361156 0.1505263 0.1631797 -0.0805945 0.4329556 0.3926625 0.2060139 0.4544705 0.4007654 0.0107701 -0.3101012 0.2074144 0.1417540 0.2926342 0.1188313 -0.2213759 -0.0240561 0.4659338 0.1099270 0.2865612 0.1290347 -0.1234481 -0.0048481 0.0159309 0.2115438 0.3107677 0.1945657 0.1202506 0.5583272 0.1851797 0.0096145 -0.2100628 -0.0751234 -0.1375244 -0.3020757 -0.1479304 -0.4193210 -0.3690696 -0.2669770 -0.1250655 -0.2406262 0.1241147 -0.2154435 -0.2309695 0.0026607 0.1314547 0.1533602 -0.1378516 0.1682341 0.0158562 0.0200620 -0.0040253 -0.0048228 -0.1830527 0.0149047 -0.1376162 -0.1196867 0.0180297 0.3124329 -0.3534137 -0.1040885 -0.1798848 0.3986974 0.0440725 -0.3206407 -0.2400199 -0.0225616 -0.4656163 -0.1337379 -0.2693625 0.4678761 0.1058803 -0.3782203 0.0299614 0.1803462 -0.0018626 0.3724977 -0.4366125 -0.1247323 -0.1709082 0.0054412 0.0789045 0.3992572 -0.0761996 0.4034408 0.3906298 -0.0461025 0.2833893 0.0470072 -0.3308693 -0.2703211 0.3001388 0.3325240 0.3619246 0.1327955 0.5091176 0.4482218 0.1168473 -0.1995808 0.2058422 -0.0331009 -0.0382841 -0.3021555 -0.1055408 0.1359084 0.0321490 0.2705617 0.3032377 0.3488341 0.0934064 0.4353475 0.2347799 -0.0196399 0.0432527 0.1855176 -0.2168721 0.5387575 0.2716721 -0.1300501 0.6019885 0.2232572 0.3369465 0.2043852 0.3437260 0.4970703 0.2885188 0.3866783 -0.1565623 0.5096264 0.3172856 0.2296442 0.1729112 0.2545567 0.5943245 0.0987664 0.6645996 0.7651284
0.1613693 0.5516155 0.4372806 0.0459228 0.4811816 -0.2404451 0.2132846 0.4404663 0.4075636 0.0573332 0.3047988 0.5624947 0.5921585 0.1305841 0.0000000 -0.0271926 0.0799604 0.1436122 0.5733446 0.0506343 0.4026125 0.1910752 0.1967573 0.5447771 0.3990453 0.4037508 0.4113853 -0.0700487 0.3252686 -0.1768793 0.2932400 0.4058987 -0.0090860 0.4421804 0.1552094 0.2754796 0.4788091 0.5004576 -0.0948137 -0.1177576 0.4248461 0.2787630 0.1049152 -0.0153941 0.5918925 0.6798243 0.4996500 0.2798783 0.3578915 0.4647179 0.3344444 0.2174832 0.4907957 0.3004697 0.2374693 0.5404092 0.5209404 0.4790040 -0.0585512 0.3536038 0.2628562 0.1879526 0.1865974 0.2978206 0.4173478 0.2306001 0.1879901 0.0690536 0.3574138 0.1827126 0.0315010 0.3922278 0.0454408 0.2877425 0.0330224 0.2411827 0.1732033 -0.1230502 0.3123480 0.4431102 0.2425727 -0.5650300 -0.6782365 -0.3807180 -0.3214073 -0.4311205 -0.6132161 -0.4666484 -0.3682965 -0.3164090 -0.2174091 0.0388814 -0.1170446 -0.2285364 -0.4066479 -0.0930379 0.2659906 -0.1391133 -0.1375669 -0.4318548 -0.2200421 -0.1940540 -0.1427694 -0.2623753 0.1654357 -0.1876298 -0.0318237 -0.1573648 0.0044426 0.2001823 -0.0448460 0.1048853 -0.0112025 -0.1802101 -0.0900289 -0.3835860 -0.3021887 0.4689872 0.2588602 0.3054571 0.0634174 -0.2285262 0.1470457 0.1306963 0.4104281 0.2945325 -0.1650153 0.2138839 0.4703397 -0.0489434 -0.2377754 0.1749486 -0.1333166 0.0404459 -0.2540273 -0.0528186 -0.3860599 0.2566820 -0.2432186 0.0510339 0.3686527 0.2752875 0.4565164 0.1838847 -0.0525049 0.0184888 0.0158145 -0.0448967 0.2821276 0.1350390 0.3567304 0.2019236 -0.1202362 0.2010855 0.6113875 0.4440580 0.4094596 -0.2235334 0.3843315 0.5510364 0.0543867 0.2571574 0.1924363 0.4399007 0.2688909 0.3546426 -0.1542399 0.2502687 0.5577041 0.0965000 0.3474237 0.2155411 -0.1264855 0.2025756 -0.1039482 0.0985390 0.2925270 0.0699194 0.1337283 0.1227845 -0.0779226 0.0684917 -0.1469200 -0.1258174 0.0068229 0.0942156 0.2498747 0.3502997 0.3296799 0.2941616 -0.2104883 0.0895421 0.2017196 0.4582748 0.0042568 -0.0174796 -0.5388836 0.3897982 0.4055255 0.0074646 -0.1847662 -0.0846357 -0.4263406 -0.4544020 0.1496788 0.0179934 -0.0020789 -0.4927192 -0.3945924 0.2723880 -0.2386522 -0.0731684 -0.0774752 0.1064357 0.3232812 -0.4370756 0.2836037 0.2417836
-0.0483071 0.2594487 0.1606260 0.5328866 0.1727426 0.1659781 0.2974888 0.5841370 -0.0153201 0.3863157 0.6988890 0.3049273 0.5301453 0.3357283 -0.0271926 0.0000000 0.2815562 -0.0555221 0.3603983 0.2214886 0.5682666 0.5677498 0.7554697 -0.2048522 0.5888979 0.7794459 0.2797867 -0.5732008 0.4320966 -0.0481711 0.4423035 0.6786023 -0.1857116 0.5240377 0.5697664 0.2881251 0.6863438 0.5443948 0.3699770 0.1703286 0.0806670 0.3848583 0.5823110 -0.2294351 0.5215590 0.5305470 0.5366474 0.5678675 0.1822956 0.4078671 0.6421961 0.3898984 0.3971678 0.4821267 0.5618456 0.5757964 0.6757626 0.5491658 0.3454699 0.6219182 0.6307227 0.6683053 0.3729395 0.6205649 0.6279102 0.7794716 0.7698615 0.8041453 0.5351221 0.7378547 0.7266496 0.6476859 0.5849539 0.6569643 0.5631110 0.6779551 0.6203214 0.4222695 0.6625228 0.4019162 0.3572673 0.0478258 0.1447022 0.1268253 -0.1979081 0.1979621 0.3325790 0.1291107 0.1985833 -0.1699027 0.2089207 0.2322855 -0.0282738 0.1556952 0.3219353 -0.0763347 -0.1881837 -0.4472946 0.2581489 0.1421232 -0.0544704 -0.2205185 -0.1747900 0.3408310 -0.2901267 0.3398975 -0.2830827 -0.4423691 -0.3531834 0.0630144 0.0567899 -0.2121013 -0.0943800 0.1620710 0.2039821 -0.0129079 0.1959620 -0.0769266 -0.2871259 0.1896341 -0.0247376 0.0124269 -0.2997894 -0.3434065 -0.1624453 0.1525985 -0.0374011 -0.3816471 -0.2392503 -0.0446954 0.0394123 -0.4089742 0.0374897 -0.0407962 -0.2379380 -0.1027392 -0.1773062 0.0371005 -0.0265848 0.2924605 -0.4746637 -0.3110948 0.2709791 0.2957634 0.0447161 -0.1944394 -0.2762442 -0.5653776 -0.5494280 -0.2777805 -0.3004005 0.3754123 0.0798817 -0.4575732 -0.2522825 0.4733984 -0.3921945 0.0100123 -0.4316635 -0.1831915 -0.5514660 -0.2424559 0.3730965 0.1742423 -0.4468832 -0.1063642 -0.3366528 -0.3625725 -0.0417191 -0.0878743 -0.2470940 -0.2030143 0.4957720 0.1082924 0.1241004 0.3520513 0.4925360 0.1692125 0.3659257 0.3353746 0.2030164 0.3848352 0.2999944 0.2586409 0.2967813 0.6930021 0.4508525 0.5191173 0.5573705 0.5959941 0.4878704 0.3858396 0.1715517 -0.0166199 0.1291954 0.1686168 -0.0358411 0.4719380 0.4053879 0.0392945 -0.0613297 -0.2644987 -0.0336900 0.3178202 0.2359963 0.5841908 0.3251366 0.1632617 -0.3442254 -0.0920401 -0.3490292 0.0615122 0.3968180 0.2213287 0.3181597 0.1609314 0.2339864 0.1088482
0.2424113 0.3085234 0.4611551 0.3400518 0.0206138 0.5789600 0.0628732 0.3234943 0.5182618 0.5990012 0.4723752 0.3060961 0.3132218 0.8401685 0.0799604 0.2815562 0.0000000 0.3951807 0.2332371 -0.2981464 0.2235868 0.4393301 0.6388699 0.2136472 0.5219829 0.2639758 0.6779419 0.0463039 0.3073178 0.5422136 0.0101127 0.5616286 0.0802004 0.4079527 0.6611969 0.1521837 0.2040964 0.4455796 0.6567344 0.5308603 -0.0110268 0.1816317 0.7109704 -0.0636467 0.2403628 0.2720268 0.3903738 0.4273843 0.1964712 0.1695427 0.5871846 0.6807802 0.3456889 0.4346979 0.1663813 0.0933782 0.4277693 0.4373032 0.1513508 0.6568456 0.2975298 0.6731843 0.0085134 0.5291982 0.3724513 0.5089305 0.5980767 0.4996078 0.3802737 0.5506361 0.7772340 0.4671082 0.5409453 0.4852696 0.5973525 0.5157286 0.5982519 0.3555674 0.4320408 0.3959453 0.3206106 0.4006238 0.2580604 0.1464093 0.0920263 0.2678975 0.1476268 0.2094184 0.2897888 0.3031928 -0.2076598 -0.4009842 -0.0419936 0.3014766 0.0918047 0.1220055 -0.2878145 -0.1696441 0.2332951 0.2968038 0.1120919 -0.1252906 -0.0631549 0.1109982 -0.1498574 -0.0046101 0.0483805 0.0745161 -0.1301101 0.2940416 -0.1256008 -0.2223427 -0.3734289 -0.3193305 -0.3656722 -0.3528098 -0.2967961 -0.5297654 -0.3735021 -0.4753457 -0.3798378 -0.3342878 -0.0615932 -0.0356863 -0.4855069 -0.2229643 0.0270440 0.0528243 -0.4846867 0.0236946 -0.2755396 -0.2700290 -0.2662512 0.2941992 -0.2153058 -0.2074342 -0.2189112 -0.4057407 -0.3655631 0.1312691 -0.4798782 -0.2795791 -0.1617254 0.2790896 -0.1978346 -0.2751093 -0.4483694 -0.1375073 -0.3977945 -0.2500753 -0.3474185 0.3154993 -0.0613019 -0.4257061 -0.0432446 0.1755226 0.0281759 0.1095246 -0.3193512 -0.0076107 -0.1523744 0.0153499 0.0773165 0.3927756 -0.0339862 0.1591549 0.1861947 -0.1185143 0.1688641 0.0372332 -0.2922844 -0.2968249 0.3382517 0.5341275 0.5328714 -0.0391796 0.4262048 0.3529037 0.1274546 -0.1032209 0.3053781 0.0312862 0.0469311 -0.1227520 0.0555774 0.0908017 0.0173633 0.3159469 0.4172017 0.3632020 -0.0027742 0.4343176 0.3381783 -0.0675315 -0.2047557 0.0067241 -0.0628327 0.5168977 0.3905680 -0.3484437 0.5535198 0.2920008 0.3478168 0.2768602 0.2801110 0.5793595 0.0346744 0.2140996 -0.1418629 0.5508223 0.3494858 0.4481114 0.0735652 0.1919121 0.4374918 -0.1128701 0.6461692 0.7312423
