0.0000000 0.3915509 0.2856772 0.1976822 0.4116430 0.2567672 0.2225099 0.0628426 0.0213772 0.2380892 0.0373156 0.2201792 -0.2017177 0.1801458 -0.2490981 -0.1731695 0.2207957 -0.0458755 -0.2136971 0.0642516 0.1965311 -0.2931132 -0.3923116 -0.1939738 -0.2627318 -0.1874156 -0.1475659 0.1894587 -0.0592927 0.1386782 -0.3957708 -0.3559893 0.0047480 -0.0891599 -0.2057168 0.1889150 -0.2789862 -0.3437756 -0.0626405 0.1159484 -0.4218661 0.0727806 -0.3637539 0.0784160 -0.0514480 -0.2761495 -0.1447349 -0.3812236 -0.0681936 -0.4730054 -0.2003273 -0.2220939 -0.0647371 -0.1976612 -0.2862532 -0.2962801 -0.2081560 -0.4668120 -0.2474743 -0.2805723 -0.1471199 -0.2898932 0.0281345 -0.0493282 -0.1631725 -0.2471850 -0.2610371 -0.3869550 -0.1543838 -0.3217363 -0.2858727 0.3017071 -0.2359652 0.3025440 -0.1913212 -0.4171827 0.0432162 -0.2795935 -0.2539898 0.0301215 -0.3073478 0.5109150 0.2662917 0.4777006 0.3081293 0.3889147 -0.0070366 0.3255778 0.2584678 0.3710834 0.3194863 0.2104958 0.6721155 0.0821354 0.0771764 0.1088222 0.2608929 0.7591931 0.3107306 0.1784319 0.3476306 0.7352384 0.4793160 0.0665774 0.4145071 0.0796272 0.4181087 0.5262105 0.5364256 0.2952677 0.2885212 0.4449098 0.3831958 0.5366611 0.3172771 0.5978096 0.2458140 0.1558026 0.2589219 0.3293086 0.2659461 0.2809298 0.1660090 0.6019864 0.3488983 0.3737730 0.5007822 -0.1345365 0.3607704 0.3924558 0.2078654 0.0174944 0.3575619 0.5565867 -0.1765730 -0.2519663 0.2721046 0.1526250 0.0584532 0.3011169 -0.4756767 0.1502406 -0.1183838 0.2681311 0.1604695 -0.4523893 -0.1468261 -0.0776673 -0.4384471 -0.0021909 0.0384822 0.2832184 -0.2793323 -0.4006171 0.0073091 0.0696830 -0.2444353 0.0495623 -0.2562477 -0.2073379 -0.0906545 -0.1107767 -0.3534427 -0.2503561 -0.1235189 0.2120621 -0.4010726 -0.2034035 -0.1583539 -0.0758806 -0.2283094 -0.3160614 0.4956462 0.3105026 0.2688423 0.4205799 0.4352664 0.2896430 0.4060751 0.3046857 0.1750366 -0.0935118 -0.0672940 -0.0355664 -0.0816272 -0.1260798 -0.1173109 0.0724363 0.1207747 0.0400316 0.5849951 0.1771622 0.3714173 0.3022613 0.5133438 0.4071018 0.5065319 0.4660201 0.1996565 0.4569622 -0.1465840 0.3441911 0.1792027 0.3831032 0.2759558 0.3787327 0.4357258 0.4752251 -0.2029456 0.2860971 0.1620607 0.2602908 0.0447349 0.0908803 0.2284914 0.0267636 0.0157508 0.0239901
0.3915509 0.0000000 0.6540476 0.6796323 0.5194834 0.7718085 0.1409664 0.3333940 0.7146676 0.7841324 0.3971365 0.2317817 0.0239027 0.8426327 0.1909751 -0.1521938 0.7299665 0.5062454 -0.1874673 0.1693670 -0.1217359 0.1883181 -0.2439827 0.5813921 -0.1607009 -0.3251858 0.3036506 0.7066360 0.2989000 0.6298380 0.3323572 -0.2076600 0.6984244 0.6627299 -0.3889697 0.2439057 -0.3485460 -0.0631786 0.3060698 0.2714251 0.1841481 0.2359549 -0.4104195 0.6062389 0.3440922 -0.2658430 -0.3803108 0.0984615 0.3306295 -0.1545963 -0.4740204 -0.1823114 0.1609287 -0.2713754 0.0371276 -0.1692664 -0.3227963 -0.0900730 0.0509850 -0.4445450 0.1872461 -0.3726165 0.1486929 -0.1645579 0.1002697 -0.2791004 -0.3704601 -0.2675085 -0.0346889 -0.4070175 -0.3773675 0.1575524 -0.1539491 0.5335323 -0.2476239 -0.2342430 -0.0445135 -0.3078008 -0.2469460 -0.2801325 -0.2123563 0.3389976 0.3332927 0.2549481 0.2995636 0.4718344 0.2843357 0.1034953 0.5330106 0.5726588 0.3185030 0.1539766 0.4432076 0.3970712 0.2509009 0.1568055 0.2895821 0.3676744 0.4311845 0.5603938 0.5610753 0.4548908 0.2150612 0.5516266 0.2164249 0.1819071 0.2455668 0.1069859 0.2127584 0.1427299 0.2508671 0.4626267 0.3684966 0.0555124 -0.1521389 0.1725853 -0.2057266 -0.1602669 -0.1274236 -0.0378092 -0.0554668 -0.1633668 0.3502850 0.0935195 0.0332884 0.2509136 0.0362838 0.2521313 0.2254711 0.0337469 -0.0346665 0.0325152 -0.1124848 0.2099813 0.0264422 0.1501408 0.2045706 0.2031277 -0.0648228 0.3470180 -0.0401798 0.3056538 0.1020885 0.1726824 0.2910404 -0.1443102 -0.1598673 -0.2055487 0.0242410 0.0715859 0.1104640 0.0592514 -0.1881301 0.0436422 -0.2218089 -0.3843645 -0.0029669 0.2421395 0.0112510 -0.2116747 -0.1721730 -0.0518711 -0.5851390 -0.2184298 -0.2351838 -0.1704963 -0.1739056 0.0930245 0.0146733 -0.0780357 -0.2553683 -0.1989772 0.7183851 0.3989043 0.4095263 0.2620018 0.1803533 -0.1435419 0.0737720 0.2099406 0.0452254 0.2786289 0.2745578 0.2767727 0.2208122 0.2920940 0.1296255 0.4902760 0.0500081 -0.2216884 0.1001227 -0.1011134 0.1011515 0.0534630 0.2136805 0.2232531 0.1319636 0.2942606 -0.2357395 0.1714622 0.1475936 0.2992074 0.3540302 0.4153184 0.6292529 0.4619007 0.3162782 0.5454744 0.1286853 0.1040235 0.1851310 0.1532061 0.5366559 -0.1348212 0.3367615 0.3805066 0.2309375 0.0617204
0.2856772 0.6540476 0.0000000 0.5778646 0.7745236 0.5149322 0.1751603 0.4880393 0.4094459 0.5302084 0.3518110 0.2171167 0.1020180 0.4549499 0.1038190 -0.0207274 0.4088472 0.1494598 -0.0658731 0.3012590 -0.0570587 0.1460621 -0.1779539 0.3142813 -0.0990312 -0.1582094 0.2206322 0.3657878 0.1358970 0.4316354 0.3046025 -0.1105591 0.3611908 0.2846190 -0.1764900 0.0177407 -0.1745367 0.0005605 0.0732138 0.1169954 0.1541833 0.0213619 -0.1997197 0.2242566 0.0532961 -0.1384422 -0.1813567 0.1252406 0.1109007 -0.0168054 -0.2397949 -0.1173981 -0.0482312 -0.2196010 0.0231984 -0.1467850 -0.1672416 -0.2045505 0.0946468 -0.2528205 -0.0753763 -0.2835624 0.1080668 -0.1331400 -0.1290571 -0.0618650 -0.2895930 -0.2993761 -0.0202497 -0.2879528 -0.2100484 0.1298645 -0.1596523 0.3375932 -0.0212917 -0.0979249 -0.2812685 -0.1635585 -0.1401317 -0.3306584 -0.1065434 0.1322851 0.3275414 0.4515228 0.4112828 0.4581449 0.1339327 0.4191383 0.4633944 0.5199220 0.3283610 0.1656017 0.3802242 0.1338302 0.2669715 0.0704309 0.4747496 0.3965638 0.5240107 0.3277562 0.4769458 0.4445240 0.3279997 0.2274949 0.3116288 0.1008534 0.2688171 0.1007544 0.4137527 0.0252272 0.2627166 0.3819545 0.1516794 0.0744685 -0.1555502 0.1681389 -0.1170420 -0.0866299 -0.1178246 -0.1065929 -0.1031856 -0.1589720 0.3006053 0.1292594 0.0432427 0.3330573 -0.0276300 0.0410107 0.4212504 0.0378284 0.1833948 -0.0582286 -0.0465894 0.3944267 -0.2412716 -0.0009523 0.2518669 0.4456520 0.0693533 0.4859596 -0.1960480 0.3385911 -0.1351635 0.3407256 0.3528474 -0.3814334 -0.0301445 -0.0571422 -0.2738917 0.3162642 0.4314718 0.2888327 0.0582039 -0.1339120 -0.0274452 -0.2493464 -0.3232250 0.3592399 -0.1826299 -0.2909359 -0.0912992 0.1093831 -0.5411372 -0.4474905 -0.0879960 0.1981238 -0.2921638 -0.0366334 -0.2361583 -0.0423711 -0.2801877 -0.2646774 0.5019909 0.3524239 -0.0352842 -0.0482931 0.0284390 -0.0482095 0.0518512 0.1293508 0.1047480 0.0902594 0.1038545 0.0761774 0.1450170 0.1167537 0.1744832 0.3624999 -0.1886305 -0.3350831 -0.1130369 -0.1868716 0.2915548 -0.3176197 -0.0475584 -0.0849738 -0.0002005 0.3466723 -0.1153837 0.2423043 0.0926185 0.2340339 0.3484278 0.4483881 0.1864294 0.0164173 0.1971579 0.2488149 -0.1165395 -0.1063508 0.2271645 0.1125100 0.2704096 -0.4151460 0.3524287 0.2157859 0.1003231 0.0194209
0.1976822 0.6796323 0.5778646 0.0000000 0.6045407 0.6468046 0.0215791 0.7932597 0.7948871 0.7422476 0.6476374 0.4102475 0.2792412 0.6772489 0.3541031 0.1978675 0.7857694 0.4136520 0.2007480 0.3240080 0.0861293 0.3402653 0.0966745 0.5214528 0.2413088 0.0911342 0.1478258 0.4463631 0.5531688 0.3544332 0.3711611 0.2847959 0.5772967 0.7011360 0.0186675 0.3553576 0.1236737 0.3196036 0.4569223 0.3346340 0.4917212 0.2881165 -0.0438630 0.4994134 0.3854415 0.1693826 0.0056424 0.4545157 0.5707133 0.1480938 -0.0993083 0.2645050 0.3830254 0.0157094 0.3710929 0.1916194 0.1092591 0.2450671 0.2445916 -0.0363502 0.1837627 -0.0637008 0.4062880 0.1048874 -0.0250732 0.1751379 -0.0587213 -0.0243938 0.2783325 0.0370012 -0.0066732 0.2916020 0.2273684 0.3416791 0.1461196 0.2655889 0.0585277 0.0470365 0.1463320 -0.1447127 0.0627466 0.4280308 0.6841449 0.5529866 0.6155060 0.6915513 0.1637825 0.5153725 0.5472738 0.6555300 0.1311518 0.2119289 0.3654519 0.1461867 0.2445586 0.2600803 0.3426898 0.3366876 0.4631458 0.3012201 0.5553292 0.3899571 0.5028966 0.3635517 0.1577032 0.3066931 0.4813285 0.2582567 0.2299689 0.4151231 0.2309962 0.4841798 0.1390488 0.2014511 0.1134249 0.1843101 -0.0162401 0.1701605 0.0686667 0.2421337 0.1776963 0.0194333 0.4117354 0.3466612 0.4337222 0.4822497 0.1280536 0.2985399 0.6566799 0.2580774 0.4466347 0.0474494 0.0543255 0.3418240 -0.0087325 0.3035610 0.6186984 0.5159616 0.2837593 0.5798105 0.1238992 0.5432534 0.2115859 0.3116106 0.6297300 -0.0057189 0.1822603 0.1812993 0.1798284 0.4199313 0.4483812 0.2516518 0.2475974 0.2677257 0.1750062 -0.2058582 0.2059240 0.4215356 0.3365415 0.1214209 0.1103470 0.3635419 -0.3329139 -0.0324599 0.1284948 0.1363989 0.0835609 0.2579960 0.3025663 0.2841660 0.0316244 0.1555098 0.3533005 0.2194383 0.0135813 0.0566019 0.0535388 -0.1633272 -0.0166380 -0.0720914 -0.1453912 0.2376437 0.2832273 0.1901948 0.3174894 0.0190940 0.2733208 0.3627856 0.0144728 -0.1369448 0.0605873 -0.1401928 0.0247696 -0.4472344 0.2224185 0.0681352 0.0345660 0.1229005 -0.1749707 0.2242616 0.1620636 0.0799536 0.2117455 0.3713627 0.4684170 0.2986397 0.3694409 0.0175994 0.1106119 -0.0380656 0.0922605 0.1884484 0.5816763 0.1499148 0.3357519 0.4462258 0.1741043 -0.0946299
0.4116430 0.5194834 0.7745236 0.6045407 0.0000000 0.2819591 -0.0931863 0.4072104 0.3903250 0.3753200 0.0881127 0.4013118 -0.0439534 0.4205697 0.0383334 -0.3305927 0.4063500 0.2511604 -0.2540689 0.3020258 0.2644580 -0.1480338 -0.4155969 0.2879408 -0.2603833 -0.3124208 0.0676681 0.3798089 0.2075790 0.3752346 0.0828008 -0.1680753 0.3806627 0.3369000 -0.3323776 0.0910171 -0.2364620 -0.1369945 0.0290035 0.1372682 -0.0281735 -0.0024820 -0.3524515 0.2201088 0.0470739 -0.2174400 -0.3004251 0.0218389 0.1978373 -0.1974449 -0.3971180 -0.1469557 -0.0052260 -0.3663515 -0.0007917 -0.2088757 -0.2265475 -0.1921273 0.0013244 -0.3438215 -0.1811657 -0.4433300 0.0275125 -0.0392300 -0.2997374 -0.0880391 -0.4003847 -0.5160971 -0.0808387 -0.3273258 -0.3378752 0.3305138 -0.2702305 0.4610383 -0.1500727 -0.2410350 0.0430315 -0.3155701 -0.2783788 -0.1696073 -0.3152493 0.2289065 0.2842498 0.3155836 0.3089921 0.2815314 -0.1162086 0.4281409 0.2731893 0.3778137 0.1028224 0.0331670 0.4355340 0.0121136 0.0638048 -0.0217730 0.3805447 0.3714525 0.4895840 0.2094401 0.4467098 0.3895501 0.1903752 0.0599153 0.2055947 0.1587083 0.1132076 0.0431209 0.3486118 -0.0390820 0.3073094 0.2337490 0.2511360 0.1176999 -0.1024388 0.1848387 -0.1884483 -0.1209472 -0.1642163 -0.0827546 -0.1193633 -0.1873991 0.3230528 0.2646937 0.1820588 0.5173941 -0.0378929 -0.1012367 0.6279658 0.0510100 0.1720844 -0.2650119 -0.1288703 0.4894064 -0.2924771 -0.1063524 0.2449339 0.4519689 -0.0835981 0.6312739 -0.2649946 0.4004025 -0.0892943 0.4312514 0.4597957 -0.4534761 -0.1619582 -0.2004773 -0.2688728 0.2868014 0.3948010 0.4442563 -0.0165820 -0.1836071 -0.2147299 -0.1838215 -0.2256393 0.1860810 -0.0889436 -0.2746077 -0.3044550 0.0303332 -0.5098030 -0.3787017 -0.2675371 0.2299580 -0.3314136 -0.1612508 -0.2311858 -0.1550486 -0.4401388 -0.3727096 0.2727420 0.0947813 -0.1874164 0.1467108 0.3235992 0.2259469 0.3487966 0.1908995 0.1579276 0.1084687 0.0706980 0.0508271 0.0449439 -0.0937613 0.0785536 0.3340244 0.0934203 -0.0431499 -0.0580766 0.0889100 0.4970788 -0.4785590 0.1300973 0.1592441 0.2747984 0.5608199 -0.0210908 0.3720663 0.2352538 0.2132234 0.3559792 0.4480852 0.3379805 0.0555717 0.2059956 0.2485264 -0.0294569 -0.0087991 0.1484631 0.3459827 0.5275124 -0.2047684 0.4868150 0.1741161 -0.0870540 -0.2006056
0.2567672 0.7718085 0.5149322 0.6468046 0.2819591 0.0000000 0.4782866 0.4225675 0.7234850 0.9187200 0.5315664 0.0223895 0.0420068 0.8078691 0.3112289 -0.0023507 0.7672697 0.3955799 -0.0107422 0.1767488 -0.4322017 0.2480305 -0.1168576 0.4234312 0.0042854 -0.1139854 0.2571810 0.5185363 0.1257838 0.4718609 0.2002097 -0.0151476 0.4940720 0.4386108 -0.2085136 0.0927222 -0.1585163 0.0888367 0.3311965 0.0673709 0.3946679 0.1052285 -0.3007908 0.4365758 0.1676428 -0.1081682 -0.2155617 0.2498885 0.2585739 -0.0292038 -0.3249396 -0.1703341 0.0455596 -0.3210749 0.1253185 -0.0574340 -0.1606342 -0.1544501 0.1165487 -0.2905826 0.0987407 -0.2746009 0.1886347 -0.2093849 -0.0528632 -0.1016456 -0.2032039 -0.1803909 0.0013392 -0.3583786 -0.1461633 0.0442919 0.0109652 0.2395287 -0.1159061 -0.0590172 -0.2552839 -0.1129245 -0.0549593 -0.3436369 -0.0265373 0.3206181 0.4781756 0.4452724 0.4170504 0.6654022 0.3159955 0.2447069 0.6654823 0.6499021 0.4376254 0.2587295 0.2926798 0.2729691 0.3859166 0.2422673 0.3610420 0.3427625 0.4495159 0.5465107 0.5727819 0.4180047 0.4553614 0.5745717 0.3553407 0.1868674 0.4696096 0.3138275 0.3667945 0.3825771 0.3328381 0.4152858 0.2086290 0.2927667 -0.0313364 0.2588281 0.0262351 -0.0258465 0.0526280 0.0939287 0.0767462 0.0560965 0.2474157 0.0375356 0.1368430 0.1149995 0.1780692 0.1831900 0.2471869 -0.0839663 0.0059357 0.0350214 -0.0475193 -0.0004439 -0.0318350 0.1520204 0.2300741 0.1539788 0.0743745 0.2757326 0.0883246 0.2113945 0.0936441 0.0843275 0.0894357 -0.0520323 0.0175623 -0.0059009 0.1356589 0.0364489 0.1067898 -0.0879728 -0.0395487 0.1963388 0.0275610 -0.4150323 0.0043548 0.1998808 0.0442349 -0.1094575 -0.0387426 0.0280519 -0.5278186 -0.1966126 -0.0753371 -0.1602095 -0.0835667 0.2526091 0.1178078 0.0791052 -0.0428173 -0.0110321 0.5438082 0.4726607 0.2836774 -0.0250885 -0.1469984 -0.4844789 -0.3232518 -0.2297294 -0.3320996 0.1893123 0.2085754 0.2011823 0.2869722 0.0458352 0.2489473 0.3843172 -0.1612782 -0.3537618 0.1321531 -0.3060426 -0.1289383 -0.0042909 0.2126127 0.0486056 -0.1445622 0.0094187 -0.3428558 -0.0623992 0.0205115 0.0183456 -0.0139167 0.2380630 0.5305737 0.3234637 0.0706398 0.3105456 0.1384144 -0.0190169 -0.1253867 -0.1590101 0.3431519 -0.2727094 0.0587762 0.3155576 0.2074826 -0.0722616
0.2225099 0.1409664 0.1751603 0.0215791 -0.0931863 0.4782866 0.0000000 -0.0722346 0.1698240 0.2746654 -0.0005969 0.2226620 -0.4254150 0.2349035 0.3717697 -0.0671403 0.0617162 0.1003060 -0.3563694 -0.3062462 -0.0294477 -0.3189886 -0.3170991 0.0144316 -0.3825115 -0.3107771 0.3766195 0.2057514 -0.2681817 0.3146844 -0.4409360 -0.4005843 0.0029899 -0.2239986 -0.3055416 -0.3438023 -0.4070695 -0.4467088 -0.2771411 -0.2556309 -0.2512709 -0.4688752 -0.4070392 -0.0902404 -0.5711052 -0.4400280 -0.3296243 -0.4280244 0.0961335 -0.4232883 -0.3014870 -0.5400638 0.0519364 -0.4899290 -0.5727156 -0.5147586 -0.4471538 -0.4688539 -0.3433496 -0.4064523 -0.4621840 -0.3652613 -0.4980224 0.1167096 -0.1316902 -0.4306653 -0.3959547 -0.2926025 -0.6117658 -0.2649728 -0.3332113 0.3879781 -0.2947998 0.1144911 -0.4415149 -0.1428541 0.0948464 -0.3537468 -0.2724668 0.1497534 -0.2122452 -0.1933452 -0.1676271 0.2648898 0.0317116 0.2359350 0.1984829 0.1011806 0.2458998 0.1099238 0.4687215 0.5021146 0.3048952 0.0535132 0.2858010 0.3273217 0.5371558 0.4197554 0.2744194 -0.1700878 0.2250623 0.2891117 0.2735606 -0.0762430 0.5625566 0.1983762 0.1823741 0.3449542 0.3918887 0.0103431 0.2543484 0.0869960 0.1068499 0.2299733 -0.2338287 0.2016100 0.0518955 -0.3170745 -0.0789248 -0.1851215 -0.1602143 0.0607802 0.1798517 -0.0734900 -0.3113339 -0.1501837 0.0839054 0.1150127 -0.1276254 -0.1547925 -0.1577195 0.2911690 0.0091975 0.1578431 -0.0968180 0.0661835 0.0500673 0.0468289 0.2741154 0.2119631 -0.2825128 0.0752804 -0.6476801 0.4897848 -0.0189150 -0.0975071 0.4043791 0.3521737 -0.2970081 0.1128600 0.1269960 0.2813988 0.2027776 -0.1057231 0.2648662 0.1202818 -0.4901241 0.3761269 -0.5134302 -0.2804879 0.1372751 0.0709200 -0.3218319 -0.4675056 0.1796513 0.2589259 -0.2362551 0.0473773 -0.2286577 0.0689068 -0.0096000 -0.1553306 0.1873827 0.3730007 0.2163920 0.1806266 0.1709486 0.0443853 -0.0071955 -0.0831459 0.0720804 -0.4850412 -0.4046733 -0.4333218 -0.2739283 -0.4668827 -0.1569646 -0.3281237 0.0309257 0.1018369 0.1441953 0.1255171 0.3015383 0.3576421 0.3027893 0.1695598 0.2101784 0.2461510 0.3482315 0.0572653 0.2001900 0.2308777 0.1097089 0.5010636 -0.1343682 -0.0418124 0.0242214 0.2707650 0.1963920 0.2858412 0.0511196 0.1812380 -0.4558492 0.0148492 0.2018259 -0.2991664 0.5445518 0.3651532
0.0628426 0.3333940 0.4880393 0.7932597 0.4072104 0.4225675 -0.0722346 0.0000000 0.4628854 0.5343003 0.7607005 0.2358425 0.6396334 0.2626760 -0.0050510 0.5106310 0.5296419 -0.0501594 0.5839827 0.4465031 0.0157316 0.4926106 0.4781767 0.1181105 0.5463620 0.5631885 -0.3075606 -0.0067527 0.5360984 -0.1339512 0.2832198 0.6491153 0.1721450 0.3892187 0.4944641 0.4254070 0.5690374 0.6093582 0.4937173 0.2902048 0.5964351 0.3728909 0.3905613 0.1656743 0.4007030 0.5671212 0.5020502 0.6025082 0.5199789 0.4637142 0.3984549 0.5676133 0.4054653 0.3608711 0.5737506 0.4937800 0.5489913 0.4638539 0.4911856 0.4470928 0.2704814 0.3922536 0.5603598 0.3077333 0.0140134 0.5904925 0.3900732 0.4012129 0.5730608 0.4753365 0.4629818 0.1298656 0.6196787 -0.0081496 0.5958683 0.6725505 -0.1059397 0.4726196 0.5548126 0.0349172 0.4001704 0.2014412 0.7128878 0.6914794 0.7853525 0.7207019 -0.0378428 0.4988327 0.3584285 0.4775095 -0.0747288 0.2177576 0.2280803 -0.1908952 0.0975840 0.1940447 0.2378199 0.2760909 0.1762015 0.0654897 0.2719735 0.2558577 0.6844637 0.1899269 0.0328803 0.1289557 0.6705199 0.2938754 0.2044665 0.5672044 0.0032449 0.3439369 -0.3208542 0.3306436 0.4070216 0.2821920 0.3754001 0.5313767 0.4182442 0.4540258 0.4864988 0.3699099 0.3697444 0.4410508 0.5543097 0.5657216 0.2982738 0.2736721 0.6611117 0.3658708 0.7154887 0.1963183 0.3067422 0.2098027 0.0625425 0.3669190 0.6644302 0.7040757 0.5729904 0.5824255 0.2170181 0.5954391 0.3003647 0.2549226 0.5024616 0.1103156 0.4009911 0.4693627 0.2334145 0.6279213 0.6811998 0.3134577 0.5151562 0.2900106 0.5524603 0.1308630 0.2417312 0.4728342 0.4575015 0.4269302 0.4350105 0.6809303 0.0991862 0.1547543 0.4657841 0.4247009 0.3232367 0.3361900 0.4724803 0.6390123 0.3867386 0.4515492 0.1367420 0.1869514 -0.0859399 -0.2068168 -0.2990393 -0.2019054 -0.2879168 -0.2506369 -0.2696465 0.1754335 0.2856594 0.0773352 0.4699823 -0.0661490 0.4804023 0.2837120 -0.1280392 -0.1980029 -0.0283851 -0.2143475 -0.2348720 -0.6326669 0.0667509 -0.1151811 -0.1620365 -0.2796146 -0.0576989 0.2797785 -0.1301702 0.0145485 0.0809772 0.2026858 0.2025187 0.0978265 0.3965223 -0.3435282 -0.1560844 -0.0922630 0.1511525 0.0171604 0.3539431 0.1157842 0.0660569 0.1266817 -0.0638747 -0.2090648
0.0213772 0.7146676 0.4094459 0.7948871 0.3903250 0.7234850 0.1698240 0.4628854 0.0000000 0.7402363 0.3855302 0.4688567 0.0435600 0.8310026 0.6234644 -0.0717244 0.5896820 0.7364310 -0.1300919 -0.0518775 0.0379335 0.1709160 -0.1660429 0.8152031 -0.0449727 -0.2613223 0.3700914 0.6607806 0.6022076 0.4727466 0.2934963 0.0019072 0.7938800 0.8795769 -0.3596259 0.3404242 -0.2425005 0.0843515 0.1468481 0.1798217 0.3965976 0.2269401 -0.4012540 0.6422539 0.3483695 -0.1937468 -0.3949432 0.2945207 0.6677858 -0.0189562 -0.4813431 -0.0978658 0.4176350 -0.3014280 0.1597942 -0.1158942 -0.2791020 0.2250315 0.1391947 -0.4082527 0.1991736 -0.3867772 0.1553194 0.1243384 0.1599853 -0.1996727 -0.3889439 -0.2136407 -0.0245180 -0.2405298 -0.3310099 0.3360294 -0.0695960 0.5924818 -0.2384167 0.0342098 0.1701152 -0.2777383 -0.1359829 -0.1797070 -0.1324361 0.2493469 0.3538561 0.2285296 0.2935253 0.5284679 0.4251462 0.3218179 0.5452218 0.5705387 0.2502074 0.2084234 0.2691664 0.4672931 0.3147658 0.3454291 0.2980336 0.2322806 0.4866621 0.4312872 0.4900618 0.3612686 0.1819467 0.5028145 0.1678058 0.5225840 0.2031598 0.0370336 0.0948923 0.1261924 0.2660651 0.3951713 0.2427746 -0.0601618 -0.2619601 -0.1064575 -0.3763368 -0.2476704 -0.3107436 -0.1696999 -0.2276592 -0.3205066 0.3641754 -0.1610529 0.0330370 0.1410994 -0.1770013 0.3963780 0.4039361 -0.0421644 0.0605686 0.1284484 -0.3297231 0.0939179 0.2541856 0.4291549 0.3269743 0.3160670 0.0261809 0.4718600 0.3097519 0.5090704 0.1808527 0.2537305 0.5173045 0.1377283 0.1166219 0.0085129 0.3734915 0.2132783 0.2923025 0.0911269 0.1950121 0.4257182 -0.0756520 -0.3630817 0.3031861 0.3995179 0.2946540 0.0131503 -0.1363094 0.1722346 -0.4685847 -0.0915577 -0.0995991 -0.0658983 0.1029197 0.3207451 0.2629570 0.1068117 -0.0657827 0.1029245 0.2970824 0.0952889 0.2223123 0.2466721 0.1887828 -0.1201180 0.0172230 0.0914553 -0.0308257 0.2707087 0.2885120 0.2647498 0.2630982 0.1846587 0.2520582 0.4739931 0.1147326 -0.1149727 -0.2084741 -0.1380851 0.0155693 -0.1991669 0.1833128 0.1783577 -0.0791373 0.1866896 -0.2765285 -0.0455066 0.2569586 0.0631413 0.1555306 0.3100648 0.6774677 0.5149622 0.1268158 0.1298897 0.3008889 -0.0467559 -0.1295448 0.1203458 0.5279257 0.0617508 0.3496842 0.4311446 0.3542400 0.0753266
0.2380892 0.7841324 0.5302084 0.7422476 0.3753200 0.9187200 0.2746654 0.5343003 0.7402363 0.0000000 0.6522769 -0.0254501 0.0298775 0.8865875 0.2284365 0.0983124 0.8625562 0.3888207 -0.0104883 0.3242262 -0.4149766 0.2591101 -0.0865177 0.5355062 -0.0076559 -0.0708918 0.1409649 0.6128009 0.1195081 0.4955786 0.2509941 0.0138704 0.6316255 0.5478269 -0.1359359 0.0422393 -0.1021801 0.0960242 0.5458060 0.3653126 0.3688342 0.0298730 -0.2171009 0.6509064 0.1621004 -0.0427981 -0.1536931 0.2495788 0.4067311 -0.0748839 -0.2521800 0.0107207 0.0476609 -0.1501757 0.1883307 0.0523859 -0.0739653 -0.0220853 -0.0135552 -0.2167074 -0.0061142 -0.2008295 0.2470575 -0.1848308 -0.1797521 -0.0348372 -0.1563787 -0.1621101 0.1063021 -0.2676172 -0.1179486 0.1063761 0.0549579 0.2208137 -0.0486054 0.0426979 -0.2732364 -0.0158691 0.0330285 -0.4618876 0.0522389 0.4183134 0.5867752 0.5278732 0.4157063 0.6713061 0.2002019 0.2310941 0.5786691 0.6237771 0.3204039 0.2533995 0.3570468 0.0585218 0.2929862 0.2237165 0.3628298 0.3630777 0.3674032 0.4314121 0.4821564 0.3733517 0.5374969 0.3902008 0.3164819 0.1349159 0.5347119 0.4394770 0.3785411 0.5126423 0.2998410 0.5338540 0.3166031 0.3934004 0.0773449 0.3816154 0.0910491 0.0755761 0.1565104 0.2257442 0.1976549 0.1321102 0.3312773 0.1540286 0.3338661 0.2453938 0.2916081 0.2179404 0.3187578 0.1732293 0.2208121 -0.0285146 0.1250354 0.1027785 -0.1506887 0.2105424 0.4771751 0.2300794 0.1597922 0.2787607 0.0207708 0.1873603 0.1506253 0.0637432 0.2562945 -0.1297097 0.0082312 0.0241592 0.0660181 0.0133643 0.1341446 -0.0770051 -0.0924145 0.0836767 0.0908872 -0.4862391 0.0126584 0.1405020 0.0739081 -0.1308285 0.0248697 0.0490570 -0.5266069 -0.2319567 -0.0134892 -0.2192160 -0.1531507 0.0898490 0.1060735 0.1010761 -0.0722331 -0.0099775 0.3847570 0.2227392 0.0440495 -0.1481785 -0.2197030 -0.4996526 -0.3365242 -0.2814457 -0.4485746 0.0699036 0.0647354 0.0658005 0.1373781 -0.0034816 0.0966785 0.2668922 -0.3081454 -0.4905588 0.2121900 -0.4397748 -0.1998268 -0.1514595 0.1167853 -0.0499370 -0.1166007 0.0020090 -0.4592816 0.0235207 0.0989578 -0.0970997 0.1588229 0.3122572 0.5893937 0.3548098 0.0959390 0.3566725 0.1399380 -0.2102078 -0.0100897 -0.2265101 0.4485110 -0.2256047 -0.0637311 0.3187651 0.0977948 -0.1237765
0.0373156 0.3971365 0.3518110 0.6476374 0.0881127 0.5315664 -0.0005969 0.7607005 0.3855302 0.6522769 0.0000000 -0.1408747 0.5730273 0.3935292 -0.0289015 0.7678051 0.6539731 0.0401448 0.5946885 0.3234638 -0.3688504 0.6876606 0.5940864 0.1374864 0.5550355 0.5515341 -0.1553680 0.0948966 0.2547764 0.0087747 0.3763595 0.5075956 0.1630382 0.3502523 0.5289238 0.2307661 0.4763249 0.5384750 0.7333241 0.4040434 0.5718973 0.2732067 0.4209855 0.3547981 0.3603741 0.4792249 0.4941576 0.5511142 0.3242411 0.2902160 0.4403243 0.5543132 0.2006672 0.5133118 0.5072218 0.4680667 0.5127882 0.4132883 0.3509455 0.4477358 0.2675263 0.4724263 0.5714218 0.0336704 0.0712439 0.5041656 0.4760612 0.4743161 0.5600845 0.3957265 0.5039812 -0.1121904 0.6310315 -0.1354610 0.5531367 0.5915199 -0.3347379 0.5691995 0.5898121 -0.2248919 0.5278948 0.3115357 0.6983948 0.6881592 0.7097223 0.6724194 0.0040646 0.2725187 0.3787319 0.4204667 -0.0002390 0.1455027 0.1092758 -0.1443689 0.0741758 0.1281032 0.1790780 0.1905290 -0.0232245 0.1895372 0.1146969 0.2455011 0.7014174 0.2610086 0.0864780 -0.0432697 0.7386816 0.5161593 0.1717581 0.7489106 -0.0985801 0.4618566 -0.1279919 0.4344003 0.4732209 0.3875440 0.4700043 0.5456070 0.5454383 0.5499428 0.5762459 0.4603724 0.1948124 0.3621641 0.5621401 0.3570414 0.4090196 0.2264175 0.3441348 0.4988926 0.6090944 0.1349754 0.4906261 0.0100538 0.0314462 0.3090472 0.6699799 0.4407140 0.5526305 0.1563699 0.0903360 0.2953212 0.3456193 -0.0955588 0.3426270 0.0971627 0.3198747 0.4287825 0.1699529 0.3011574 0.2549390 -0.0286949 0.2476469 0.1212490 0.5274480 -0.1735889 0.1286844 0.2922289 0.3592138 0.2197003 0.5107106 0.4449014 -0.0304274 0.0755363 0.4595313 -0.0116523 0.1764356 0.1689635 0.3447801 0.4938218 0.3379642 0.3585601 0.1476136 0.1274462 -0.0617207 -0.4070120 -0.5414915 -0.5644873 -0.5759320 -0.4806948 -0.4934092 0.0984507 0.1877564 0.1012331 0.4047732 0.0723825 0.3878606 0.1848753 -0.3525467 -0.4359734 0.1797010 -0.5034336 -0.5334379 -0.3502862 -0.1205573 -0.3520566 -0.3011775 -0.4419108 -0.3003902 0.1354513 -0.2300405 -0.2165474 0.0390391 0.0611523 0.1712785 0.1601364 0.3222645 -0.1907111 -0.0874395 -0.2783145 0.1423740 -0.3147551 0.2274986 -0.0540584 -0.2125961 0.1811477 -0.0245282 -0.0927728
0.2201792 0.2317817 0.2171167 0.4102475 0.4013118 0.0223895 0.2226620 0.2358425 0.4688567 -0.0254501 -0.1408747 0.0000000 -0.0845924 0.1474419 0.4022739 -0.2081378 -0.0489055 0.4170174 -0.2980393 -0.4488004 0.8618316 -0.3704511 -0.2751438 0.2923255 -0.2824993 -0.3433740 0.1968926 0.2243552 0.6437995 0.1171790 -0.2874561 -0.2031346 0.2681290 0.4167941 -0.3842886 0.4041315 -0.3308710 -0.2746722 -0.4144182 -0.1308641 -0.2305218 0.1080805 -0.4387341 -0.0005397 0.0535110 -0.3608045 -0.3703402 -0.2296434 0.5944402 -0.2575475 -0.3962944 -0.2406730 0.7001294 -0.3317426 -0.3181828 -0.4617814 -0.4016944 0.1180517 0.0209372 -0.4009480 -0.0040960 -0.3940964 -0.2847940 0.6949043 0.3278744 -0.3553630 -0.4935953 -0.2423521 -0.3791611 0.0446514 -0.4547538 0.8175224 -0.2372078 0.7474022 -0.3682742 -0.0255190 0.7852837 -0.5301804 -0.3624488 0.5842407 -0.4770482 -0.1320366 -0.1235209 0.1138995 0.1947434 0.1163915 0.0522641 0.3484163 -0.0078632 0.0391778 -0.0902820 0.1630015 0.3363870 0.3392634 -0.0935821 0.1918062 0.2370083 0.3206668 0.2353821 -0.1856661 0.1431499 0.3242292 -0.0108234 0.0068880 0.0357205 0.4532679 -0.0969203 -0.1087423 -0.0855180 -0.2961007 -0.0298344 0.0198567 -0.0472409 -0.2529375 -0.3455364 -0.2484596 -0.4096417 -0.3782216 -0.4408390 -0.3451180 -0.3794869 -0.3696240 0.3086981 -0.0033739 -0.2198693 0.2593763 -0.3527820 0.1962956 0.4044568 -0.0327514 0.0461872 0.2513217 -0.3163973 0.4327844 0.2734073 0.2276088 0.1782289 0.4787910 0.1295245 0.7307370 -0.0971171 0.6922067 -0.3546485 0.7894080 0.6141647 -0.0055177 0.3227064 0.1969386 -0.0136333 0.5207996 0.4896323 0.7239632 0.4669207 0.1084265 0.0066241 0.3663271 -0.0265667 0.6130342 -0.0133289 -0.0171890 -0.0926641 0.3453529 -0.1706336 -0.1948089 0.0226740 0.5869811 0.0477376 0.1201105 0.0415964 0.1386017 -0.1266944 -0.0783519 0.1455037 0.0842464 0.3392285 0.7642471 0.7866099 0.7588808 0.6921132 0.5748483 0.6969846 -0.0038846 0.0742958 -0.0544910 0.0272507 -0.1117413 0.1101485 0.1267511 0.6898307 0.6141016 -0.2545555 0.6121561 0.5838383 -0.0809335 0.4420973 0.5886575 0.5026950 0.5465166 0.5791963 0.3833121 0.2627650 0.4680469 0.3104080 0.5542460 0.1513846 0.1738353 0.4585198 -0.0098399 0.0930828 0.3981248 0.1272067 0.8257356 0.1237586 0.5570497 0.8661254 -0.1084470 0.4018363 0.2786240
-0.2017177 0.0239027 0.1020180 0.2792412 -0.0439534 0.0420068 -0.4254150 0.6396334 0.0435600 0.0298775 0.5730273 -0.0845924 0.0000000 -0.2135080 -0.3423002 0.5480730 0.1462632 -0.2798239 0.8720436 0.2917173 -0.1416512 0.7542569 0.8272966 -0.2577953 0.8340066 0.8043056 -0.5044285 -0.4740138 0.5581135 -0.5507101 0.4290880 0.8358492 -0.2769178 0.1799705 0.7382470 0.6457108 0.8001723 0.8561066 0.3944555 -0.0436016 0.7018412 0.7492974 0.7038538 -0.2281577 0.7312622 0.7876203 0.7609812 0.7858415 0.0684791 0.7714748 0.6640207 0.6601489 0.2681159 0.5971723 0.8053194 0.6999445 0.7848486 0.6580815 0.9033932 0.7545475 0.7477246 0.7281327 0.7256210 0.1821720 0.3718910 0.8160009 0.7729749 0.7950953 0.8263403 0.6712282 0.8013737 -0.4151969 0.8645836 -0.2436584 0.8428729 0.6917794 -0.1870973 0.7118749 0.7291343 0.2002116 0.5927878 0.0028611 0.4599628 0.2468451 0.6702267 0.3893463 -0.0670993 0.1694904 0.1674770 0.1852705 -0.3117515 -0.1309811 -0.2235047 -0.0018539 -0.0989692 -0.0338582 -0.1997884 -0.1680204 -0.1987362 0.2109390 -0.0225217 -0.0252279 0.2980543 0.4461587 -0.3135386 -0.0481652 0.4206420 -0.0971269 -0.1966487 0.3916385 -0.2832712 -0.0284182 -0.6642518 0.0417676 0.4858681 -0.0043335 0.4042549 0.6276585 0.4550204 0.4168348 0.5112344 0.3712337 0.0578790 0.2159853 0.3550452 0.3452486 0.1314190 0.1709433 0.3375260 0.1148777 0.4056653 0.2149057 0.1762140 -0.3268254 0.4577493 0.2907697 0.1240835 0.4168427 0.3290844 0.1892148 0.5133645 0.4446996 0.6400754 -0.2038222 0.0581408 0.4683054 0.2043298 0.2839646 0.5690055 0.5016395 0.3648217 0.0071766 0.4138294 0.4901073 0.3716280 0.2756407 0.5109431 0.2324259 0.7244512 0.6864992 0.4213468 0.5894407 0.5410099 0.6170358 0.3826694 0.2171767 0.6818616 0.5144986 0.6272126 0.6127009 0.5549005 0.6033870 0.0896704 0.1897699 0.1913594 -0.2282062 -0.4761120 -0.2810378 -0.4715158 -0.2539151 -0.2060432 0.5605483 0.6800981 0.4944403 0.8542061 0.3225273 0.8032818 0.5257098 0.0565971 -0.0195483 -0.1909966 -0.0914022 -0.5033585 -0.4100950 -0.0813342 -0.1404540 -0.3850278 -0.6475346 -0.0294984 0.1031553 -0.5290312 -0.0398991 -0.2995474 -0.3945445 0.0750223 0.0267963 0.3354126 -0.6221662 -0.3246698 0.0248725 -0.0081917 -0.1475161 0.3001375 -0.0024434 -0.1005094 0.0739539 -0.2997590 -0.3079305
0.1801458 0.8426327 0.4549499 0.6772489 0.4205697 0.8078691 0.2349035 0.2626760 0.8310026 0.8865875 0.3935292 0.1474419 -0.2135080 0.0000000 0.4268190 -0.1556145 0.7726511 0.7087808 -0.3367067 0.1196810 -0.2239667 0.0956410 -0.3620819 0.7751144 -0.2740174 -0.4313642 0.4168000 0.8672313 0.1659241 0.7524889 0.2630579 -0.2514322 0.8349060 0.7163317 -0.4799910 0.0111162 -0.4187961 -0.1577848 0.3754552 0.4063596 0.2027388 -0.0456953 -0.4933132 0.8022754 0.1303659 -0.3518901 -0.5028319 0.0638876 0.4593133 -0.2936433 -0.5685499 -0.1939450 0.0679766 -0.3508952 -0.0260885 -0.2070359 -0.3971858 -0.0708469 -0.1801419 -0.5223219 -0.0751972 -0.4572109 0.0142093 -0.2120282 -0.1417295 -0.3299170 -0.4519345 -0.3880336 -0.1572185 -0.4821344 -0.4411210 0.2290950 -0.2229878 0.4600757 -0.3745391 -0.2077489 -0.0534248 -0.3124743 -0.2365552 -0.4366765 -0.1560520 0.3034158 0.3067701 0.2160801 0.1105677 0.4116203 0.2787179 0.0374224 0.4837081 0.4955485 0.3441427 0.2350543 0.3776134 0.2302746 0.2861493 0.2650418 0.3887686 0.2786154 0.4059976 0.4168669 0.4887623 0.3139489 0.1990596 0.3457345 0.3153181 0.2820182 0.2208970 0.2340827 0.2770070 0.2066178 0.3571605 0.4631285 0.5408923 0.1457128 -0.2309220 0.1792040 -0.2546744 -0.2893183 -0.1823112 -0.0918834 -0.1209245 -0.1819176 0.3624344 -0.0447405 0.0470357 0.1699528 0.0474568 0.2750285 0.2102105 0.0610687 -0.0107863 -0.0466212 -0.1076455 0.1634235 -0.0479246 0.2309956 0.3325538 0.1558932 -0.0210031 0.2785385 0.0074310 0.2050814 0.0546955 0.1518727 0.3703940 -0.1033926 -0.0540758 -0.1225688 0.0925416 -0.0548278 0.0299369 -0.0113609 -0.1478407 0.0909228 -0.1600687 -0.5568579 0.0239979 0.1698784 0.0241364 -0.2847064 -0.1485643 -0.0923927 -0.6519869 -0.2862827 -0.1796010 -0.3185300 -0.2010345 0.0562502 0.0249287 -0.0978549 -0.2374462 -0.1409600 0.3727650 0.0932403 0.1094828 0.0845768 0.0861163 -0.2829038 -0.0572605 -0.0357903 -0.2210888 0.0558249 0.0273119 0.0721073 -0.0155020 0.0525320 -0.0767309 0.2606180 -0.1070335 -0.3175221 0.0730349 -0.2828560 0.0423629 -0.0228551 0.1317459 0.0921127 0.0580680 0.2918056 -0.3911784 0.0368518 0.3875230 0.0679242 0.3598355 0.4172376 0.6774477 0.4634343 0.0749021 0.5393929 0.4011536 -0.0698753 0.0672031 -0.0115175 0.5243956 -0.1619519 0.1547822 0.3499803 0.3039518 0.0867034
-0.2490981 0.1909751 0.1038190 0.3541031 0.0383334 0.3112289 0.3717697 -0.0050510 0.6234644 0.2284365 -0.0289015 0.4022739 -0.3423002 0.4268190 0.0000000 -0.0443407 0.0930722 0.6655627 -0.2880291 -0.3313945 0.1231192 0.0236363 -0.2956028 0.6827965 -0.1177835 -0.4022264 0.8185372 0.5226017 0.2131679 0.5540049 0.2071977 -0.1339986 0.5548580 0.4271270 -0.4413907 -0.1326699 -0.3563690 -0.0880050 -0.2879354 0.0192294 0.1891925 -0.1879997 -0.4259492 0.4021014 -0.1169550 -0.3412158 -0.5186041 0.0789856 0.3516192 -0.0702169 -0.4582812 -0.2511644 0.2348172 -0.3710131 -0.1719426 -0.2993871 -0.4333848 -0.0626081 -0.2072133 -0.4666497 -0.1284371 -0.4350824 -0.1750396 0.0031341 0.1056547 -0.3784937 -0.4950738 -0.3509310 -0.3516575 -0.3314270 -0.4387124 0.2895620 -0.3340585 0.3332983 -0.4087571 -0.0983245 0.1700704 -0.3521119 -0.2519302 -0.1792980 -0.1537322 0.0050627 -0.0653373 -0.0940044 -0.2432911 0.0753149 0.5732740 0.1525153 0.3049006 0.2662836 0.4501995 0.2898494 0.0450174 0.4599807 0.5408919 0.4269978 0.2982444 0.0134754 0.5468450 0.1385704 0.3779893 0.1215093 -0.1742999 0.0960568 0.2610781 0.5881186 -0.1783609 -0.1185698 0.0740311 -0.2411712 0.3370325 0.2361109 0.3420892 -0.2901652 -0.5285007 -0.3721363 -0.5575339 -0.5024523 -0.5707504 -0.4996811 -0.5696671 -0.5533815 0.1396066 -0.4035466 -0.3509177 -0.3019536 -0.4143489 0.3444133 -0.0006422 -0.1947828 -0.1580972 0.1496754 -0.4466867 0.1948886 0.0965768 0.2873927 0.0967085 0.0326032 -0.0129557 0.0815150 0.1962387 0.1592241 -0.1578654 0.1665495 0.4051429 0.1215407 0.2942031 0.1042636 0.1775618 0.0603431 0.1315670 -0.0105692 0.3101804 0.3131949 -0.0738945 -0.3620629 0.1197711 0.3979329 -0.0001436 -0.1375330 -0.1198679 0.0186611 -0.4294655 -0.2028439 -0.0398782 -0.0309554 -0.0118504 0.2212181 0.0364534 -0.0841578 -0.0199909 0.0736227 0.0366923 0.0200924 -0.0376505 0.1186486 0.2720905 -0.0189080 0.1839392 0.1434673 0.1097684 -0.0733556 -0.0685444 -0.0251451 -0.1672790 0.0598741 -0.1232880 0.0199119 -0.0019266 -0.0467016 -0.3602114 -0.1565003 0.1831091 -0.0404187 -0.0795861 -0.1093200 -0.1417224 0.2971193 -0.1508358 -0.3134935 0.5443148 0.0292378 0.1492299 0.2578843 0.0677226 0.2578810 -0.2181820 -0.0406881 0.5609130 -0.0212623 -0.0694153 0.1200954 -0.0505162 0.1033202 0.3111292 0.4050825 0.6991433 0.4489528
-0.1731695 -0.1521938 -0.0207274 0.1978675 -0.3305927 -0.0023507 -0.0671403 0.5106310 -0.0717244 0.0983124 0.7678051 -0.2081378 0.5480730 -0.1556145 -0.0443407 0.0000000 0.1063242 -0.2187663 0.7139200 0.1019422 -0.2153336 0.6566880 0.7655141 -0.1624602 0.6825359 0.7248605 -0.1701908 -0.2513076 0.1113160 -0.2766381 0.2611739 0.5940407 -0.2075737 -0.0346333 0.7463174 0.1131889 0.6336522 0.5630429 0.4607696 0.3512537 0.4105038 0.1739012 0.6580484 0.0591905 0.1884781 0.5909406 0.7009637 0.4361303 0.1365173 0.3961303 0.7580891 0.6979153 0.2020891 0.7879350 0.3874818 0.5111059 0.6558983 0.4572986 0.2619072 0.6925198 0.2188524 0.7439791 0.4743874 0.1654743 0.2158175 0.5738281 0.6690908 0.6897269 0.5448918 0.6514568 0.6705376 -0.1780320 0.6848897 -0.3976995 0.6870187 0.7171584 -0.3012988 0.7332688 0.7201631 -0.0410050 0.6601724 0.0680996 0.4046775 0.5065432 0.4311394 0.3255516 -0.0218704 0.1157146 0.0059566 0.0491509 -0.1026019 0.1160539 -0.1120795 -0.2549749 0.0066075 0.1031036 -0.0114410 0.0046069 -0.2753396 -0.1503967 -0.2417615 0.0329375 0.5114816 -0.0984733 -0.0427136 -0.1152945 0.5481049 0.4172654 0.0125321 0.5697390 -0.3139687 0.3042444 -0.2997093 0.2730744 0.4806885 0.2050645 0.5134338 0.5866345 0.5449798 0.4751306 0.5287245 0.4630052 -0.0244448 0.2766267 0.3983420 0.1272129 0.3246949 0.1850416 0.0687567 0.5732815 0.6467655 0.2614673 0.5909509 0.0365710 0.0828068 0.2603462 0.5734655 0.3456511 0.6587011 -0.1344327 0.0646520 0.1168877 0.2372082 -0.2053877 0.2635844 0.1801605 0.5067015 0.6121391 0.1020619 0.2831828 0.2106749 -0.0574669 0.4265597 0.0384338 0.7006397 0.0707206 0.1207820 0.3038867 0.3000151 0.3168533 0.7018899 0.5084722 0.2983317 0.1823361 0.6782275 0.1501290 0.2677120 0.1154162 0.3401227 0.5584103 0.5625601 0.5211180 -0.1362574 -0.0220914 -0.1782685 -0.4863199 -0.5657734 -0.3837294 -0.4833306 -0.3754354 -0.3319033 -0.1043053 0.0154493 -0.0810873 0.2148261 0.0766402 0.2285536 -0.1372584 -0.4010395 -0.3386192 0.0615941 -0.4840883 -0.5815741 -0.2454497 -0.3384396 -0.5441565 -0.3667621 -0.5714498 -0.1077152 0.0524780 -0.2677091 -0.2338449 -0.0049373 -0.0971842 -0.3364729 -0.0278099 0.2336717 -0.4854165 -0.1213259 -0.2768518 0.2423262 -0.3359510 -0.2603778 0.1114833 -0.3390275 0.0024500 0.0530455 0.1569986
0.2207957 0.7299665 0.4088472 0.7857694 0.4063500 0.7672697 0.0617162 0.5296419 0.5896820 0.8625562 0.6539731 -0.0489055 0.1462632 0.7726511 0.0930722 0.1063242 0.0000000 0.3044182 0.1284539 0.4427496 -0.3272855 0.3441217 0.0583895 0.3589411 0.1416668 0.0391584 0.0903750 0.4767511 0.1211367 0.4501681 0.3354296 0.1582987 0.4968715 0.4922680 -0.0112350 0.0824159 0.0629922 0.2186228 0.7458969 0.3367766 0.4249484 0.1298306 -0.0460973 0.5105338 0.2864573 0.1334418 -0.0043127 0.3627795 0.2789763 0.0156486 -0.1242603 0.1746597 0.0692442 -0.0356600 0.3345450 0.2234558 0.0951991 0.0099216 0.0963152 -0.0444600 0.0975376 -0.0467298 0.3501344 -0.2335554 -0.1909647 0.1398829 0.0270390 -0.0558638 0.2517422 -0.1260097 0.0265610 0.0305552 0.2067985 0.1085960 0.0866798 0.0783850 -0.1444279 0.0956504 0.1041669 -0.3166070 0.0657610 0.5019932 0.6582299 0.4583547 0.4729257 0.5575836 -0.0066079 0.1532755 0.4705349 0.5212460 0.0980976 0.1080099 0.2693179 -0.0295719 0.1394707 0.0914285 0.2413413 0.2050291 0.2428279 0.3929006 0.4931919 0.2152430 0.4698823 0.3987337 0.1601426 -0.0089821 0.4843978 0.3849020 0.2230395 0.5580795 0.2060981 0.4069231 0.2487283 0.3702976 0.2210887 0.3856125 0.1724032 0.2168614 0.2683195 0.3876288 0.3474692 0.2187715 0.3129394 0.3707164 0.4546747 0.4018821 0.3102565 0.1473121 0.3482239 0.1679853 0.2064230 -0.1532201 0.1798726 0.0772183 -0.2036421 0.1128223 0.4299939 0.1844045 0.1350272 0.2489883 -0.0311945 0.1577858 0.2283849 0.0093905 0.2209383 -0.0727737 -0.0613820 -0.0132530 0.0931637 0.0564888 0.0318390 -0.0428387 -0.1485793 0.0748018 0.0288316 -0.3970716 0.0591072 0.0383312 0.1873274 -0.0452419 0.0601027 0.0581532 -0.3874453 -0.0562842 -0.0099352 -0.2484086 -0.0872005 0.0943658 0.1635614 0.1013462 -0.0697732 -0.0207827 0.4031902 0.2934968 0.0333213 -0.1285970 -0.1834943 -0.4910061 -0.2872794 -0.3741841 -0.4574863 0.1936274 0.1767742 0.1494549 0.2194066 -0.0563966 0.1116694 0.2417101 -0.1116590 -0.2571264 0.3570536 -0.2361962 -0.1733844 -0.2074831 0.2184932 0.0342108 0.0581668 -0.0258287 -0.3504376 0.1567788 0.0811304 -0.1080018 0.1179014 0.2272182 0.5061890 0.1883926 0.2473168 0.2780223 0.1196676 -0.0756164 0.0694941 -0.0602972 0.6314570 -0.0614398 0.0301088 0.3600502 -0.0396875 -0.3115171
