0.0000000 0.5338939 0.3337479 0.3795709 0.3037491 0.4249827 0.6407333 0.1092454 0.5210802 0.2146794 -0.0240512 0.6067530 -0.0280886 0.1888427 0.6560004 -0.3933896 -0.1867070 0.3263747 -0.2069580 -0.1602979 0.5264750 -0.2031845 -0.1953211 0.4347824 -0.0440466 0.0123052 0.0219945 0.3149053 0.4383970 0.1732927 -0.0121300 -0.1282546 0.4243342 0.4029319 0.0908158 0.4358364 -0.0809726 -0.0963663 -0.1246982 0.0827690 -0.1251871 0.1747018 -0.1018923 0.0628982 0.4370884 -0.1713140 -0.1268048 -0.0122830 0.3042280 -0.1271121 -0.1179078 -0.2016551 0.2352324 -0.2083448 -0.0786210 -0.0256329 -0.1747349 -0.1174382 -0.2418196 -0.1589678 0.2034801 -0.1195741 0.1258850 0.4667301 0.4223069 -0.1996997 -0.0941635 0.0104206 0.0472699 0.0918750 -0.0555264 0.2913206 0.3041319 0.4365966 0.0824042 0.3153236 0.4227250 0.1808176 0.3904418 0.3372477 0.2000600 0.0602050 -0.1638823 0.0693007 -0.0662017 -0.1082500 -0.0855596 0.0531121 -0.1109440 0.0129710 -0.0542916 -0.2030363 -0.1597503 0.1618455 -0.0697770 -0.0908653 -0.2872535 -0.0384736 0.0230396 0.1777519 0.1276927 0.0383436 -0.1889814 0.0016240 -0.0519521 0.1662895 -0.2450895 -0.1507301 -0.1804820 0.0567021 0.2023124 0.0066957 -0.0135331 0.0094954 0.3349833 0.2363409 0.2276067 0.4358204 0.2443499 0.3631183 0.3277279 0.2021693 0.1984708 0.1563824 0.3317542 0.1855981 0.1159671 0.1820443 -0.0015858 0.1387341 0.2483503 0.0892958 0.1375073 0.1110125 0.1917095 0.4013596 0.2224317 -0.0749538 0.1608151 0.1780691 0.3458312 0.1482524 0.3400278 0.0053902 -0.0314042 0.2263920 0.0350707 0.0343793 0.5993621 0.4555197 0.3803436 -0.1486698 -0.0128026 0.4049106 0.5213091 0.0798289 0.2542558 0.1395638 0.2957700 0.2428549 0.3799593 0.2873356 0.1502567 0.2534933 0.2408154 0.0133257 0.2639877 0.5626622 0.2372658 0.1396111 0.2092018 0.2747243 0.6916222 0.3589758 0.5829823 0.4843863 0.4021013 0.1027317 0.3018758 0.2293052 0.0846861 0.2168144 0.1596247 0.2779757 0.0584539 0.0368859 -0.4258605 -0.0321880 -0.0345966 0.1089960 0.1492091 0.1873187 0.1480220 0.2165053 0.0712796 0.1514170 0.0829014 0.0310666 0.4284983 0.2925278 -0.1417398 -0.2570180 -0.0437962 0.1461665 -0.0248260 0.1085315 0.1634117 0.3526256 -0.3574889 -0.2227951 -0.1878053 0.0295524 -0.2996721 0.4064184 0.3345285 -0.1451566 -0.0024204 -0.1750786
0.5338939 0.0000000 0.6712071 0.6151446 0.6643502 0.8025502 0.6208293 0.5032924 0.7195997 0.5408435 0.4106875 0.4714198 0.5649960 0.5263963 0.7455085 0.2050219 0.4347008 0.6957249 0.4647106 0.4299539 0.4962425 0.5022277 0.2898243 0.6137895 0.4732825 0.3764533 0.3988271 0.5406818 0.4194910 0.4525830 0.5407184 0.3985398 0.5652521 0.3207951 0.3621044 0.6879343 0.3818301 0.4880795 0.3062164 0.5804501 0.5404312 0.6452065 0.2559700 0.6508468 0.7147060 0.4144966 0.4007278 0.6581352 0.4751205 0.4532156 0.3932828 0.2639867 0.1210336 0.0122681 0.4807500 0.4785221 0.3723337 -0.0191926 0.3266529 0.4339691 0.3598024 0.1589015 0.4854281 0.3450190 0.4773774 0.4569592 0.3924688 -0.0661296 0.5614331 0.0218561 0.5827697 0.0455886 0.4327736 0.1479280 0.6049610 0.1779083 -0.0657653 0.7089984 0.6444365 0.0864477 0.6291819 -0.0561905 0.1316079 0.0168738 -0.0864900 0.1022218 0.0493480 0.1370428 0.0244701 0.2015010 0.0089673 -0.0626012 0.0446926 0.3939067 0.0932703 0.0438705 -0.0423769 0.0081859 0.2484568 0.3875531 0.1580769 0.2286125 0.2817003 0.4033143 -0.0081441 0.2560095 0.0154964 0.1636967 0.3469291 -0.1769585 0.1856933 0.1039290 0.2119798 0.0614348 0.0541176 0.2153703 0.0813244 0.1676364 0.1072776 -0.0561650 0.2114736 0.0853951 -0.1703409 0.3905144 0.1816059 0.1391104 0.4931722 0.0301947 -0.0098585 0.5737378 0.4737567 0.0157997 0.2709440 -0.0720406 -0.0051236 0.2974474 0.3626859 0.2357518 0.3305586 0.0584916 0.3428938 0.0115322 -0.0114760 -0.0647603 0.1939916 0.4926091 0.2842156 0.1443767 0.2444910 0.0414856 0.1275591 -0.1273295 0.0135593 0.4253927 0.4840668 -0.2554990 -0.1502848 0.2170966 0.0543698 0.0629703 0.3659897 -0.1453138 -0.2652362 0.1229642 0.2881014 -0.2064209 0.0802192 0.2725694 0.0381475 -0.0618549 0.1954561 0.1021626 0.5003071 0.3104569 0.5336956 -0.0286400 0.1849529 0.1638430 0.4047581 0.5885279 0.3985982 0.4411414 0.6295472 0.5767148 0.3351685 0.4767002 -0.0095672 0.1442888 -0.3360238 -0.2339206 0.0486356 -0.1832710 -0.2010308 -0.0123474 -0.0020137 0.0253935 -0.3226635 -0.3189347 0.2571746 0.1352361 -0.0826310 -0.2794169 0.0212787 -0.1403909 0.3866582 0.3591159 -0.0709080 0.2258056 0.0687702 -0.2642842 -0.0534402 0.0778867 0.3097631 0.2846238 0.1685157 0.4043791 0.1661741 -0.1221760
0.3337479 0.6712071 0.0000000 0.3493488 0.7556678 0.4926032 0.3133583 0.4466054 0.4334545 0.3293142 0.3973417 0.1234380 0.4824684 0.1639607 0.4148752 0.2000300 0.2685455 0.3103211 0.3470073 0.4602624 0.1926584 0.3368038 0.1238048 0.2514318 0.2902869 0.2301423 0.1522998 0.1843951 0.3196226 0.1383667 0.4606829 0.1429516 0.2418332 0.3265301 0.0526698 0.4965513 0.0634697 0.1738377 0.0969304 0.3495069 0.2095540 0.7468192 0.0333310 0.3780714 0.7647272 0.1073249 0.1044238 0.2493142 0.3679474 0.1889635 0.0985539 0.2462591 0.0855713 0.0576222 0.1924036 0.2004408 0.0642512 0.1861792 0.3005693 0.1181415 0.3106103 0.0725330 0.3040431 0.3653937 0.2936701 0.2086129 0.1842965 0.0405300 0.3449716 0.2263153 0.5296307 -0.0856574 0.5995772 0.1604517 0.4692718 0.2542744 -0.1917766 0.6434163 0.5773552 -0.0020960 0.5383259 0.3864149 0.2760512 0.2329553 0.1409681 -0.0120283 0.1356670 0.3774082 -0.0621549 0.0533580 -0.0700396 -0.0202607 0.0243768 0.4090749 -0.0325524 -0.1356526 -0.1663867 -0.1614327 0.1279792 0.2437891 -0.0621831 -0.1927743 0.0370532 0.2914503 -0.3229880 0.0569189 -0.2178282 -0.1500490 0.0190667 -0.2871737 0.0415843 -0.3504209 -0.1542337 -0.0877869 -0.1209201 -0.0105878 -0.0392312 -0.1977024 -0.1687715 -0.3543057 -0.0250409 -0.0583308 -0.2112288 -0.0960398 -0.1831470 0.0492920 0.2882373 -0.0778433 -0.0493704 0.2625227 0.2294134 0.0458540 0.1182498 -0.2378567 -0.0546115 -0.0626719 0.1371676 0.0792621 0.1610807 -0.1488146 0.0466794 -0.0035930 -0.3096636 -0.2566616 0.0396474 -0.0027669 0.1048945 -0.0011998 -0.2002724 -0.0672664 -0.0268726 -0.2744175 -0.0941229 0.0031592 0.0203826 -0.2292578 -0.2865756 -0.1243019 -0.1994820 -0.0742799 0.0247236 -0.2176882 -0.2261973 -0.0731347 0.0002219 -0.3535055 -0.0440399 0.0198342 -0.1307390 -0.2577171 -0.0087913 -0.2485429 0.0251032 0.1505565 0.2432422 -0.2719183 -0.0409247 0.2220474 0.1564138 0.4446309 0.3326964 0.3945547 0.6684299 0.5770385 0.3382345 0.5020268 0.1542307 0.2063715 -0.4254035 -0.4314312 -0.3096159 -0.2900042 -0.3075515 -0.3711327 -0.1631176 -0.2622921 -0.4260046 -0.4051407 0.1050621 0.0178745 0.0823594 -0.3754520 0.0942354 -0.2101216 0.6826434 0.4951866 0.2392936 0.0866913 0.0933648 -0.4038326 0.0181197 -0.1660295 0.4949156 0.2265227 0.1701937 0.5670605 -0.0643937 -0.3059954
0.3795709 0.6151446 0.3493488 0.0000000 0.5322496 0.8988128 0.2575084 0.7026724 0.8653090 0.8724205 0.6294998 0.2504594 0.5081609 0.7893764 0.7805768 0.2987877 0.7154044 0.7331747 0.3635897 0.4905351 0.1581290 0.4494632 0.3053670 0.6963682 0.4488694 0.4142552 0.6168622 0.7820935 0.1756073 0.7574981 0.4922389 0.4507329 0.8539549 0.3678693 0.5492454 0.3108097 0.5124988 0.5517571 0.6915277 0.7289712 0.5427546 0.3764110 0.5458110 0.6454181 0.4508231 0.5096134 0.5243413 0.5442100 0.4832133 0.5138240 0.5246058 0.4911756 0.2477271 0.0636481 0.5483310 0.6110636 0.5042462 -0.1400636 0.3822047 0.5190313 0.5042519 0.2070878 0.5835732 0.3713670 0.5166055 0.4095422 0.4335440 -0.1626707 0.4398199 -0.1083719 0.2189265 0.3603202 0.1098275 -0.0184362 0.2739802 -0.1252882 -0.1829332 0.3435976 0.1836690 -0.5076864 0.3429753 0.1082211 0.0905356 -0.1450273 -0.3937058 0.3778174 0.4757615 -0.3363027 0.3515745 0.1472531 0.6826770 0.3166118 0.4237051 -0.0133880 0.5801998 0.4472771 0.1735538 0.5106611 0.5323295 0.0521893 0.3576003 0.4984733 0.1218604 -0.1355756 0.2140087 0.5605516 0.1631995 0.1006083 0.4346161 -0.1473136 0.5031466 0.1435600 0.3042313 0.2530559 -0.0154068 0.2359616 0.2181433 -0.0594579 0.0065915 -0.1770479 0.3638188 0.3358322 -0.4987573 0.2493570 0.2826028 -0.1626297 0.5267530 0.1063006 -0.4366066 0.3135798 0.1232264 0.0646229 -0.0095992 -0.1199103 -0.1811388 0.2159999 0.0096764 -0.1294806 -0.0099668 -0.3503883 -0.0900874 -0.4794310 -0.0800933 -0.2775443 -0.1752991 0.2099919 0.0693970 -0.1907999 0.0235296 -0.4007516 -0.3573604 -0.4509756 -0.1544329 0.2817567 0.2023967 -0.5003065 -0.3449707 0.1707426 0.2774617 -0.3853840 0.4388848 -0.2451323 -0.1041627 -0.2164246 0.4721443 -0.2099959 0.5239695 0.6697476 0.0197124 -0.0375584 0.5572032 0.3609864 0.1905286 0.0373262 0.3581804 -0.1096664 -0.1124361 -0.1650620 0.1282236 0.4042412 0.0763758 0.2496642 0.4727252 0.2242002 0.3462919 0.1660525 -0.3521927 -0.5179142 -0.5131915 -0.3933386 -0.3022674 -0.5351564 -0.5330358 -0.3277305 -0.4599635 -0.3265603 -0.6206898 -0.5263055 -0.1847841 -0.3153765 0.0599214 -0.2522007 0.2836815 0.1538048 0.4965018 0.3883967 -0.5314879 -0.0854962 0.1973111 -0.2785736 0.0860895 -0.3346416 -0.0397857 -0.3140625 -0.3901438 0.1337483 0.0249348 -0.3338596
0.3037491 0.6643502 0.7556678 0.5322496 0.0000000 0.5498499 0.1030817 0.5612446 0.4315277 0.5488730 0.5457292 0.0243592 0.4593136 0.3009409 0.4328595 0.3146308 0.3409826 0.4479572 0.4397955 0.2854021 0.2206194 0.2618239 0.2562547 0.3754126 0.4120067 0.4741688 0.1854218 0.3366994 0.2671934 0.2365693 0.2948161 0.2614621 0.4160301 0.2875566 0.2682114 0.4748985 0.2560056 0.2419061 0.1861800 0.3874090 0.2438850 0.5797517 0.1828885 0.5019312 0.7140125 0.2546391 0.2192212 0.2970162 0.4227298 0.2190056 0.2377817 0.3057134 0.0893238 0.1374137 0.1537356 0.2519224 0.2026445 0.0941990 0.1839957 0.2928804 0.2424608 0.1972862 0.2440404 0.5115057 0.4172319 0.2879289 0.3213135 0.0327440 0.3174186 0.1813242 0.4964312 0.0412440 0.4770174 0.2017625 0.3294480 0.2520984 -0.1476519 0.4962674 0.4774392 -0.1313854 0.4686195 0.1725901 0.1351005 -0.0165103 -0.1810520 0.0468890 0.1441371 0.1565810 -0.0530493 -0.0438813 0.1756223 0.0389803 0.1518831 0.2895963 0.1531611 -0.1494219 -0.1371120 0.0943793 0.1377479 0.1594027 -0.0032808 0.1427595 0.2168952 0.3961531 -0.1248038 0.2073972 0.0356509 -0.0501418 0.2561419 -0.1145069 0.0462417 0.0006903 -0.0603358 -0.0903453 -0.1538383 0.0156379 -0.0845026 -0.2570384 -0.2380668 -0.3482666 -0.0406657 -0.0862497 -0.4557095 -0.0282638 -0.1670072 0.1695047 0.2746011 -0.1319659 -0.0477561 0.1401489 0.1320808 0.0530648 -0.0406951 -0.4199137 -0.2733764 -0.1229591 -0.0249992 0.0152042 0.0669647 -0.1679139 -0.1048901 -0.1145147 -0.3870338 -0.3859405 -0.1425789 0.0129999 -0.0170311 -0.1605216 -0.2078087 -0.2045584 -0.1096087 -0.4780686 -0.2244313 -0.0495462 -0.0512710 -0.5261250 -0.3781696 -0.2083354 -0.2750544 -0.1802699 -0.0646487 -0.3391572 -0.4972106 -0.1242219 -0.0591885 -0.6081741 -0.0350596 0.1131741 -0.1617858 -0.2286804 -0.0341069 -0.1883726 0.0983967 -0.1381742 -0.0061486 -0.3705527 -0.1922211 -0.0758881 0.0698863 0.3128936 0.1780800 0.1340783 0.4788725 0.2741667 0.1616197 0.4825966 -0.2539738 0.0711392 -0.4099657 -0.4591645 -0.1522102 -0.3894012 -0.4336021 -0.3294579 -0.1198256 -0.2288909 -0.4862373 -0.4331107 -0.0001121 0.0156639 -0.1685904 -0.5494787 -0.1226393 -0.2813820 0.4976593 0.3200505 -0.0163629 -0.0595092 -0.0640609 -0.5636732 -0.2532033 -0.2579692 0.1282227 -0.1115739 -0.0863488 0.1526144 -0.2978679 -0.4409803
0.4249827 0.8025502 0.4926032 0.8988128 0.5498499 0.0000000 0.4207756 0.7500154 0.9229293 0.8161992 0.5807276 0.4111018 0.7175647 0.8397359 0.8658339 0.3378868 0.7220985 0.8538369 0.5620633 0.6696500 0.3227795 0.6897756 0.3378919 0.7798578 0.6194228 0.4764697 0.7615910 0.8181070 0.2345254 0.8232580 0.7036833 0.5844656 0.8020718 0.2628491 0.5526791 0.5291224 0.6060500 0.7227659 0.6949308 0.8409235 0.7078397 0.5319042 0.5653786 0.7695599 0.4943792 0.6428063 0.6428555 0.7507286 0.4965859 0.6926032 0.6091623 0.5537440 0.1333776 0.0297734 0.6969481 0.7198021 0.6156297 -0.1122226 0.5554985 0.6083217 0.5650372 0.2083447 0.6642334 0.3090976 0.4507046 0.5683195 0.4922495 -0.2075949 0.6360686 -0.1183155 0.4434322 0.2113539 0.1998895 -0.0191505 0.5483347 -0.0373429 -0.1825901 0.5962365 0.4211094 -0.2781081 0.5452093 0.1039192 0.2916932 0.0408471 -0.2176466 0.4450741 0.4746812 -0.0799072 0.4120779 0.3053414 0.5151558 0.3425138 0.3652910 0.2032382 0.5089984 0.4563886 0.1980767 0.3841891 0.6293516 0.3203021 0.4705557 0.3429893 0.3416937 0.1252336 0.1732254 0.5900579 0.1971224 0.3015477 0.4666479 -0.1452313 0.4477552 0.0912066 0.3221600 0.1913618 -0.0550012 0.2128401 0.1492298 0.0821685 0.0678212 -0.1029514 0.3585979 0.2425824 -0.3257400 0.4689590 0.3153190 -0.2086309 0.6355559 0.1514794 -0.3945177 0.5292087 0.3155124 0.0742677 0.1743978 0.0257654 -0.1415966 0.3840710 0.2153630 -0.0272048 0.1366681 -0.2948041 0.1196743 -0.4558972 -0.0743842 -0.0615523 -0.0010975 0.4831016 0.1810297 -0.0752831 0.0852988 -0.3821674 -0.2819007 -0.2560773 -0.1272690 0.4757465 0.3564702 -0.3564789 -0.4229912 0.2607874 0.2327145 -0.3050818 0.5280768 -0.2940760 -0.0287511 -0.2114142 0.4837408 -0.0903248 0.4875273 0.5404551 -0.0699696 -0.1219902 0.5329583 0.2860834 0.3197969 0.3196625 0.5387719 -0.0620327 0.0885192 0.0617809 0.3747372 0.6107779 0.2790417 0.4437040 0.6196461 0.4358532 0.4536704 0.3423384 -0.1455981 -0.3042853 -0.4791104 -0.3128306 -0.1424535 -0.4040843 -0.4372413 -0.2164167 -0.3944975 -0.2283993 -0.5667949 -0.5015178 -0.0124915 -0.2837038 0.1570666 -0.1779476 0.3252798 0.2041857 0.5089883 0.4163014 -0.4493487 0.0563555 0.3211088 -0.2302646 0.2596137 -0.1374060 0.2592330 -0.0355856 -0.2239786 0.4097743 0.2606782 -0.2414991
0.6407333 0.6208293 0.3133583 0.2575084 0.1030817 0.4207756 0.0000000 0.0196984 0.6269451 0.1353026 -0.1269640 0.8462813 0.1532467 0.3595264 0.6772037 -0.3933114 0.0088465 0.4571047 -0.0106554 0.1420493 0.6824648 0.1592127 -0.1362559 0.5582640 0.0803927 -0.1508038 -0.0050006 0.4045239 0.3158190 0.2241806 0.3060305 -0.0501664 0.3068206 0.1647051 0.0706417 0.5743293 -0.0562685 0.0977268 -0.0085980 0.1355707 0.0812418 0.2736309 0.0325055 0.0928216 0.2482251 0.0000833 0.0322523 0.2219686 0.2089337 0.0917406 0.0578879 -0.0622335 0.2143598 -0.3710716 0.1140601 0.1079792 -0.0748066 -0.3385446 0.1198490 -0.0370026 0.2220502 -0.2343650 0.2294425 0.0578757 0.3286820 -0.1105175 -0.1597073 -0.3085094 0.1845104 -0.2242106 -0.0336669 0.1320133 0.0151086 0.2186654 0.2882397 0.0815541 0.3095487 0.3397235 0.4623902 0.4012379 0.4287638 -0.1925784 -0.0593038 0.0292810 0.0223934 -0.0981132 -0.0561426 0.0840586 -0.0677992 0.1073972 -0.1964308 -0.1657578 -0.1160224 0.2278841 0.0438391 0.1859430 0.0227705 -0.1081778 0.1653297 0.1921879 0.0744211 0.0921512 0.0076721 0.1221243 0.0965444 0.2566959 -0.1699072 0.1091791 0.0160107 -0.1011585 0.1445771 0.1182795 0.1953037 0.1679281 0.3443498 0.3601477 0.2791750 0.4356350 0.3841953 0.3227759 0.3448070 0.2579998 0.3496555 0.3801287 0.2830115 0.2223764 0.4339996 0.2540423 0.1152059 0.4776573 0.4858815 0.3333041 0.4135953 0.3788258 0.4652347 0.5804205 0.4626893 0.2731592 0.4009421 0.4726715 0.6861894 0.2938576 0.5188645 0.3426751 0.3279334 0.5485620 0.3848244 0.3882904 0.7401502 0.4447437 0.4993810 0.2260096 0.2990560 0.6137973 0.7481264 0.3150321 0.3449516 0.4035826 0.4276450 0.4497366 0.6125708 0.2640183 0.1760837 0.5063703 0.4722088 0.1817646 0.1032203 0.2870313 0.4828389 0.1694245 0.2694662 0.3987918 0.6689540 0.7067665 0.9022040 0.5301381 0.6379309 0.3161131 0.6118181 0.5027132 0.3051953 0.4000637 0.4011803 0.4805162 0.3872112 0.2162895 0.1024489 0.2977370 0.0665619 0.2234624 0.2432843 0.3481924 0.3596349 0.4479460 0.2365952 0.4219105 0.2370597 0.2051864 0.5701220 0.3575878 0.0083469 -0.1290832 -0.0660144 0.1827691 -0.0740741 0.4408437 0.1381621 0.5310282 -0.0680341 0.0796605 -0.0845847 0.4399016 0.2360027 0.6533755 0.5210648 0.2927938 0.3156829 0.2146609
0.1092454 0.5032924 0.4466054 0.7026724 0.5612446 0.7500154 0.0196984 0.0000000 0.5987671 0.8911151 0.8661480 0.0404801 0.8823321 0.6016039 0.4919428 0.6670528 0.7585259 0.5061974 0.8148005 0.7449661 0.0393379 0.6937576 0.6167828 0.4365394 0.7286850 0.7201573 0.8065873 0.5331817 0.1583069 0.7014684 0.7498414 0.6445229 0.4836098 0.2176394 0.7592409 0.4888512 0.6719527 0.7869933 0.7183192 0.8102091 0.6669036 0.6594864 0.8043782 0.7175801 0.5300226 0.7641323 0.8002414 0.6191609 0.4123725 0.7476707 0.7963230 0.7451937 0.1321506 0.2941745 0.7919186 0.8471572 0.7567976 0.1480173 0.7482570 0.7628128 0.7342528 0.4615447 0.8370413 0.5245549 0.4156758 0.7387979 0.8021433 -0.0323541 0.8259794 0.2187385 0.6723599 0.2366738 0.3712295 -0.0816943 0.7388821 0.0027517 -0.3940233 0.7565642 0.3989492 -0.4620167 0.6803594 0.5407999 0.5929347 0.3502481 0.0099869 0.7117937 0.5835894 0.2072889 0.6326860 0.5040122 0.7184246 0.4184552 0.3008733 0.4292033 0.7070894 0.4136652 0.1207770 0.3611962 0.7287757 0.5001724 0.6015547 0.1864574 0.4531745 0.1900533 0.0361379 0.6340367 0.4528864 0.4719374 0.3679665 0.0286092 0.4794913 -0.1624990 0.5627938 0.5111845 0.0969352 0.4326011 0.3999295 0.0922552 0.1860795 -0.0784269 0.5136695 0.4816301 -0.6885470 0.4703233 0.4508054 -0.5229367 0.6762385 -0.2437813 -0.6622299 0.5608123 0.1654626 0.1219707 -0.1457193 -0.1499802 -0.4068134 -0.0544138 -0.1373070 -0.4043954 -0.2788273 -0.6703694 -0.3522853 -0.7914203 -0.3492198 -0.3134773 -0.3990567 0.2074460 -0.1957829 -0.4766153 -0.2124887 -0.7001880 -0.6737042 -0.4777568 -0.4034934 0.1916105 -0.0174062 -0.4565168 -0.7758746 -0.1644630 -0.0003612 -0.6501027 0.3220635 -0.5430288 -0.0040458 -0.5827450 0.2245688 -0.3229284 0.4522836 0.4150684 -0.4189704 -0.5134402 0.4270802 -0.0286483 -0.0108755 0.0282111 0.1368920 -0.3980068 -0.1593481 0.2389861 0.2316915 0.6812401 0.5135906 0.6500069 0.7441641 0.5506614 0.6708737 0.4270023 -0.0258659 -0.4671809 -0.6177111 -0.5398177 -0.3904935 -0.6563626 -0.6800404 -0.5216482 -0.6821808 -0.5686484 -0.7131968 -0.6900189 -0.1247988 -0.6408349 -0.0274601 -0.3482739 0.3737169 0.0358178 0.6092633 0.3919867 -0.6847033 -0.4110863 0.1003124 -0.5433444 0.1863814 -0.5483004 0.2235614 -0.4103937 -0.5921748 0.2194076 -0.2399459 -0.6091562
0.5210802 0.7195997 0.4334545 0.8653090 0.4315277 0.9229293 0.6269451 0.5987671 0.0000000 0.7303204 0.4063661 0.5879129 0.5719735 0.8575358 0.9315888 0.0787025 0.5860584 0.8703121 0.3452885 0.6032096 0.4371652 0.5641186 0.1433050 0.8615284 0.4623270 0.2775013 0.5847405 0.8779618 0.1962383 0.7889894 0.6545683 0.4199785 0.8266281 0.2235394 0.4506042 0.5331956 0.4420930 0.5618829 0.6073686 0.7071592 0.5412451 0.4444571 0.4842805 0.5876260 0.3731445 0.4701406 0.4971115 0.6004965 0.4633344 0.5396508 0.4858395 0.4173445 0.1944630 -0.1840509 0.5405861 0.5842067 0.4319593 -0.3079579 0.4531699 0.4250779 0.5215446 -0.0004804 0.5728223 0.2356711 0.4545787 0.3134408 0.2535134 -0.3714519 0.4737005 -0.2590060 0.1676285 0.2675065 0.0249539 0.0178468 0.4043000 -0.0928044 -0.0363424 0.4645333 0.3595249 -0.2040216 0.4741585 0.0761411 0.1708289 -0.0179751 -0.2807801 0.3418309 0.4573180 -0.1835052 0.3514226 0.2011452 0.4709353 0.2817594 0.3039451 0.0904457 0.5267789 0.5049257 0.1689363 0.3474777 0.6013158 0.1985892 0.4044310 0.3272635 0.1811265 -0.0181314 0.1754548 0.6144972 0.0346300 0.1997494 0.3754312 -0.2251254 0.4587007 0.0423939 0.2737869 0.2054277 0.0100261 0.2717979 0.2038604 0.0762607 0.1072759 -0.0787650 0.3884110 0.3171607 -0.1944678 0.4202653 0.2829537 -0.1711145 0.6799614 0.2552071 -0.3883730 0.5103635 0.3079529 0.2489762 0.2159850 0.1540118 0.0219734 0.5263098 0.2368817 -0.0311895 0.1693199 -0.1521619 0.2728069 -0.3579073 0.0736762 0.0517959 0.0405804 0.5201337 0.2369607 0.0272367 0.2740822 -0.2455026 -0.1466315 -0.1950854 -0.0383273 0.5737604 0.4776904 -0.1945935 -0.2623292 0.3451470 0.3532550 -0.1835583 0.6556782 -0.1699403 0.0818767 -0.0661410 0.5862297 -0.0099083 0.5239985 0.5882144 0.1226571 -0.0643342 0.5880908 0.4157828 0.3757051 0.4364542 0.7106361 0.1363713 0.2169742 0.0184799 0.4405578 0.5714107 0.1853144 0.4311060 0.5826431 0.4140497 0.4608574 0.2243010 -0.1965016 -0.2812530 -0.3773481 -0.1811034 -0.1484908 -0.2293325 -0.2528966 -0.0967660 -0.3576511 -0.1168170 -0.4219051 -0.3566713 0.0647300 -0.2120978 0.2020338 -0.1723051 0.2978827 0.3362069 0.3971465 0.5398199 -0.3769571 0.2156597 0.2724964 -0.1521742 0.2140268 -0.0327056 0.2041327 0.0697906 -0.1098690 0.3664410 0.2759275 -0.1826571
0.2146794 0.5408435 0.3293142 0.8724205 0.5488730 0.8161992 0.1353026 0.8911151 0.7303204 0.0000000 0.7958611 0.0933533 0.7171584 0.7828416 0.5690676 0.5086123 0.8214289 0.6138068 0.6083255 0.6119231 0.0238807 0.5663961 0.5105980 0.5658395 0.5775177 0.6302527 0.7392212 0.7122223 0.0436554 0.8163086 0.6019090 0.5524871 0.6896290 0.2399344 0.7709449 0.3364023 0.6680965 0.6914045 0.7841033 0.8307906 0.6063816 0.4425206 0.7677343 0.7560634 0.4292909 0.6744272 0.7328193 0.5986476 0.4381281 0.6605342 0.7558472 0.6080068 0.1027883 0.2314763 0.6742042 0.7621254 0.7087508 -0.0090254 0.6073178 0.7306663 0.5524155 0.3171875 0.6909601 0.3907917 0.3716275 0.6433453 0.6408517 -0.1215433 0.6282714 -0.0105425 0.4691848 0.2227340 0.1195243 -0.2096393 0.4900335 -0.2575498 -0.4122567 0.5437547 0.1533282 -0.6146030 0.5017529 0.3154580 0.3603030 0.1401295 -0.2048534 0.6166161 0.5561204 -0.1175775 0.5737748 0.3910836 0.8069198 0.4419923 0.4784996 0.2404733 0.7502622 0.5007080 0.2586329 0.5709080 0.6892371 0.3577984 0.5890513 0.5093838 0.3352007 0.0370322 0.3004455 0.6392277 0.4067958 0.3803174 0.5343277 0.0645485 0.6337318 0.0830622 0.5556284 0.4818248 0.1305669 0.3810812 0.3415499 0.0223961 0.0843812 -0.1358294 0.4346860 0.4234194 -0.6437555 0.3355762 0.4341129 -0.3241467 0.6281277 -0.1299069 -0.4926762 0.4273343 0.2111664 0.1551049 -0.0464799 -0.1853746 -0.2667074 0.0307050 -0.0402646 -0.2092256 -0.0898117 -0.5707411 -0.2473561 -0.6716320 -0.1116736 -0.3562084 -0.2554947 0.1549359 0.0108304 -0.2750747 -0.0313854 -0.5451389 -0.5989870 -0.5308134 -0.1720294 0.2308215 0.1677875 -0.5471737 -0.5872274 0.0776771 0.1972931 -0.6219678 0.4440442 -0.2931477 -0.0739331 -0.4762986 0.4760688 -0.3260662 0.5118151 0.6123877 -0.2160356 -0.2044870 0.5800887 0.2178490 0.1317594 0.0243650 0.2768231 -0.2440082 -0.1884373 0.0252493 0.0770049 0.5354977 0.3245456 0.4688679 0.6584791 0.4121703 0.5585369 0.1734847 -0.1601487 -0.5627194 -0.6103677 -0.5002750 -0.3799614 -0.6520204 -0.6237822 -0.4346102 -0.5918560 -0.4682728 -0.6519606 -0.6292793 -0.2540124 -0.5135744 0.0607226 -0.2501936 0.3290074 0.0847104 0.5621921 0.3370386 -0.6893420 -0.2295491 0.2019686 -0.3806986 0.1185545 -0.5114150 0.0481596 -0.5019248 -0.6194878 0.1220959 -0.1431724 -0.4019503
-0.0240512 0.4106875 0.3973417 0.6294998 0.5457292 0.5807276 -0.1269640 0.8661480 0.4063661 0.7958611 0.0000000 -0.0234664 0.6977845 0.3744917 0.3402444 0.8559431 0.7116566 0.2725090 0.7241594 0.5755704 0.0557138 0.5263348 0.8502810 0.3540885 0.6820668 0.8126693 0.5860842 0.3273702 0.3616279 0.4737320 0.6002713 0.6203694 0.4603905 0.5374711 0.7550374 0.4243990 0.5912582 0.6369510 0.6237454 0.6896859 0.6483632 0.5760799 0.7465541 0.6775374 0.5622478 0.6654165 0.6844173 0.5239792 0.6502430 0.4888344 0.7170573 0.7510035 0.4300320 0.6279377 0.6916451 0.6813731 0.6631963 0.4343566 0.5286417 0.7323312 0.6534019 0.7381893 0.7197649 0.6075798 0.5057366 0.7020574 0.8251566 0.2916262 0.6144532 0.4925827 0.6733047 0.4041728 0.4691398 0.0350420 0.5585911 0.1081290 -0.2805950 0.6071218 0.2410069 -0.4470011 0.5884273 0.4267707 0.3342895 0.1860107 -0.0121532 0.4401778 0.2408363 0.0973841 0.3752725 0.3091930 0.5774490 0.0768430 0.0961102 0.3406966 0.4778968 0.1170091 -0.0928973 0.1652842 0.3909346 0.3319728 0.2794433 0.1863909 0.1387293 0.0386025 -0.1252769 0.2907737 0.2871921 0.2200284 0.1492548 0.0016168 0.1789564 -0.2344628 0.5063730 0.4667938 0.1491025 0.3711568 0.3595571 0.0074600 0.1554985 -0.1480490 0.3083583 0.3872293 -0.7677657 0.3269046 0.2877595 -0.3632886 0.3950165 -0.4633702 -0.5278242 0.2920726 -0.1131076 -0.2240865 -0.3955649 -0.3547683 -0.5893620 -0.3381904 -0.2847951 -0.3721912 -0.3676453 -0.5205284 -0.5929795 -0.5960436 -0.4384236 -0.3880167 -0.4495263 -0.0432247 -0.3463002 -0.5800513 -0.3681447 -0.6312387 -0.6276114 -0.4022789 -0.4650947 -0.1854846 -0.2980629 -0.4519059 -0.5841037 -0.2930452 -0.1332287 -0.5193993 -0.0572789 -0.5685765 -0.2675461 -0.4025107 -0.0413224 -0.3967348 0.1073778 0.2443870 -0.3367171 -0.4699772 0.1500052 -0.1181221 0.0363268 -0.1915301 -0.0611024 -0.3736163 -0.2682501 0.0369228 0.0680833 0.4226598 0.3548717 0.5472496 0.6037486 0.5042567 0.6068232 0.3350571 0.0617499 -0.3673927 -0.4730851 -0.4426636 -0.2756265 -0.6378938 -0.6237903 -0.4201370 -0.4559870 -0.4034689 -0.5203223 -0.5372353 -0.1676737 -0.4488373 -0.2373590 -0.4317878 0.0320165 -0.3463507 0.5485715 0.1837679 -0.5147010 -0.3896895 -0.0217589 -0.4995742 -0.1444845 -0.4660031 0.0808717 -0.4580089 -0.5603371 0.0710286 -0.4008574 -0.6310927
0.6067530 0.4714198 0.1234380 0.2504594 0.0243592 0.4111018 0.8462813 0.0404801 0.5879129 0.0933533 -0.0234664 0.0000000 0.1272396 0.3181357 0.7485159 -0.2085421 -0.0417236 0.4351318 0.0590770 0.1095446 0.9015346 0.1660374 0.0565002 0.7131435 0.2394560 0.0167608 0.0631302 0.4172935 0.5664898 0.2399839 0.3123393 0.0835891 0.3975944 0.3597908 0.1289017 0.6649180 -0.0112744 0.1552822 0.0192445 0.1481729 0.1816988 0.1727172 0.1404962 0.1293081 0.1402662 0.0872502 0.0826313 0.2280160 0.4637215 0.0362505 0.0879727 0.1447634 0.5078606 -0.1396957 0.1497826 0.0956249 -0.0333774 -0.1664680 0.0420339 -0.0102093 0.3507860 0.0533341 0.2364624 0.2198262 0.4792076 -0.1217759 -0.0831114 -0.1358653 0.1136059 -0.0103877 -0.1037338 0.4464576 0.0461405 0.4639400 0.2075231 0.3484739 0.6064884 0.2097372 0.4502692 0.5619289 0.4209913 -0.2494863 -0.1474165 -0.0472448 -0.0377686 -0.1379782 -0.1590805 0.0360968 -0.0892854 -0.0117554 -0.1519308 -0.2813183 -0.2818167 0.1071688 0.0252166 0.0965980 -0.1392623 -0.1964827 0.1134424 0.0880128 0.0044112 -0.0436147 -0.0698493 -0.0364929 -0.0317330 0.2349115 -0.1830904 0.1128421 -0.2280729 -0.0615956 -0.1433655 0.0457201 0.1812065 0.1228617 0.3134144 0.3298697 0.2700287 0.5103964 0.4678580 0.4649284 0.3222479 0.2431663 0.3610954 0.5519878 0.3114162 0.1111376 0.2764154 0.1920439 -0.0362941 0.3073506 0.1917213 0.0912750 0.1620344 0.4582835 0.2517192 0.5957871 0.3191780 0.0685905 0.1963666 0.5401091 0.5288227 0.2110779 0.3895172 0.5525349 0.1874578 0.5999414 0.1193016 0.1421917 0.6587060 0.3120693 0.4783179 0.4094230 0.0526985 0.5091159 0.5119601 0.4564164 0.3452762 0.2989898 0.3711147 0.5127399 0.4149366 0.0860060 0.1875480 0.5498122 0.2385037 0.3175342 0.0297448 0.2304606 0.4711235 0.0577013 0.1491383 0.4073867 0.7795907 0.7280379 0.7931233 0.6784473 0.7630360 0.2054151 0.7758562 0.3840755 0.1435712 0.3391552 0.1861083 0.3452927 0.3738327 0.2489564 -0.0029086 0.2957398 0.2985980 0.4562188 0.5082701 0.4933076 0.4526713 0.6277832 0.3054843 0.5821199 0.4172420 0.4019938 0.6672565 0.3401429 -0.1037786 -0.1521368 -0.2559735 0.1757342 -0.2769450 0.2705016 0.1278142 0.4937913 -0.1542863 0.1241354 -0.1730568 0.5958934 0.1011293 0.6891522 0.4852953 0.1108639 0.3088699 0.0828994
-0.0280886 0.5649960 0.4824684 0.5081609 0.4593136 0.7175647 0.1532467 0.8823321 0.5719735 0.7171584 0.6977845 0.1272396 0.0000000 0.6313670 0.4422067 0.6457131 0.7627859 0.5707951 0.9211043 0.9074693 0.1289168 0.9064036 0.5633636 0.4605801 0.8118589 0.6577731 0.8330330 0.5352625 0.0662101 0.6967692 0.9082547 0.7271318 0.3642464 -0.0190318 0.6760439 0.5902951 0.7295488 0.8708023 0.6988703 0.8214986 0.7930074 0.6986910 0.7672146 0.7134054 0.4052262 0.8122099 0.8478917 0.7789631 0.3105303 0.8540335 0.8285078 0.7392645 -0.0318108 0.1284652 0.8657877 0.8548678 0.8081558 0.0111179 0.8797490 0.7898381 0.6453879 0.3283857 0.7815022 0.2342289 0.2183187 0.8217710 0.7021155 -0.2341807 0.8745761 0.0355422 0.7501499 0.0015809 0.2309258 -0.2349113 0.8693040 -0.0600903 -0.4622320 0.8702618 0.4722113 -0.2914546 0.7869730 0.4066341 0.7264861 0.4182209 0.1273804 0.7204690 0.5696443 0.3404943 0.6484515 0.5639129 0.5066527 0.4385730 0.3032649 0.5080906 0.6311606 0.4465035 0.2220989 0.2769603 0.7727467 0.6359450 0.6144459 0.1473911 0.6525326 0.4017643 0.0212703 0.6199664 0.4707906 0.6591925 0.4627634 -0.0107157 0.3952746 -0.1640922 0.5582192 0.4216935 0.0008485 0.3576864 0.2648845 0.0949403 0.1778052 -0.1257986 0.4046418 0.3313331 -0.4440898 0.5880264 0.3182725 -0.4575347 0.7892874 -0.1406328 -0.4836605 0.7308840 0.3616242 0.2132856 0.1078644 -0.0420076 -0.3338488 0.0847617 0.0844522 -0.1558133 -0.0444000 -0.5361547 -0.1201290 -0.6742007 -0.3500441 -0.1031276 -0.1322911 0.4578133 0.0155258 -0.2626397 -0.2354973 -0.6845277 -0.5837502 -0.2678340 -0.2611023 0.3381013 0.0689753 -0.3427698 -0.7820220 -0.0092146 -0.0638956 -0.5426279 0.3385777 -0.5676593 -0.0086974 -0.5160463 0.2549919 -0.2023858 0.3499978 0.1684276 -0.4172875 -0.5199582 0.3750523 -0.1080789 -0.0059273 0.2605210 0.2711909 -0.4086189 -0.0605734 0.3333164 0.3713855 0.7752270 0.5912488 0.7336897 0.8239096 0.6736200 0.7150180 0.4785998 0.2722430 -0.2491989 -0.5871438 -0.4610251 -0.2453472 -0.5270843 -0.5748306 -0.3937423 -0.5427287 -0.4149863 -0.6101546 -0.6392053 -0.0573677 -0.5362861 0.1214650 -0.2098167 0.3920735 0.0688082 0.6015718 0.4396456 -0.5505861 -0.1926810 0.3227655 -0.4118258 0.3869195 -0.2743373 0.5495431 -0.1537943 -0.4079541 0.5418804 0.0462298 -0.3712779
0.1888427 0.5263963 0.1639607 0.7893764 0.3009409 0.8397359 0.3595264 0.6016039 0.8575358 0.7828416 0.3744917 0.3181357 0.6313670 0.0000000 0.6772922 0.2014709 0.7631629 0.8661622 0.4513234 0.6753918 0.1827476 0.6870016 0.1707984 0.7801960 0.5089995 0.3504326 0.7387501 0.9524966 -0.1493767 0.9546891 0.6516520 0.5595195 0.7749010 -0.1114748 0.5417136 0.3058046 0.6671218 0.6916998 0.8076145 0.8267992 0.6602312 0.2526721 0.6327746 0.7034118 0.0978154 0.6234465 0.6799301 0.7181264 0.2807214 0.7163139 0.6618218 0.4825440 -0.1201740 -0.1792839 0.6094520 0.6715234 0.6603469 -0.4128876 0.5756663 0.6093406 0.3454710 -0.0801185 0.4785216 -0.0514014 0.1524455 0.4987827 0.2837138 -0.5331886 0.4644642 -0.4940648 0.1767068 0.0312130 -0.3156370 -0.3600944 0.3373607 -0.4304310 -0.3308770 0.3571159 0.0810753 -0.4387411 0.3489702 -0.0417272 0.2500801 -0.0690260 -0.3940782 0.5222698 0.6166340 -0.3451744 0.5254558 0.2308582 0.6492285 0.5550212 0.5997718 -0.0431836 0.6972846 0.6793020 0.4671792 0.6449235 0.7425897 0.2216992 0.5742084 0.5797563 0.4401271 -0.0065136 0.4729221 0.6975016 0.2782667 0.4602074 0.7143275 -0.1132971 0.6199970 0.2363605 0.3794792 0.2072358 -0.1397825 0.1426541 0.0459548 -0.0853262 -0.0682661 -0.2151732 0.2546914 0.1760513 -0.2160344 0.3956698 0.2638840 -0.2450120 0.6923053 0.2886587 -0.3166774 0.4964117 0.4071552 0.3261026 0.3480389 0.1336037 0.0010395 0.4971288 0.3145632 0.1193586 0.2901499 -0.3206475 0.2381306 -0.5007794 0.0531580 0.0480304 0.1867135 0.5295117 0.4099745 0.1523696 0.1331401 -0.4305457 -0.3638071 -0.2186839 0.1317243 0.5984047 0.4509803 -0.3437026 -0.4421577 0.5231057 0.3492459 -0.4264454 0.6657202 -0.1222987 0.0654962 -0.3107583 0.7299641 0.0226049 0.6141906 0.5477120 -0.0039414 0.0294668 0.7280622 0.4391708 0.1716503 0.3270207 0.5375081 -0.0311010 0.0121376 -0.1078685 0.2329679 0.4546525 0.0779935 0.2860431 0.4929251 0.2315708 0.3744012 0.0457663 -0.1508544 -0.4341839 -0.4421289 -0.2567419 -0.1984480 -0.3469998 -0.3511408 -0.2015247 -0.4587730 -0.2220458 -0.4949287 -0.4322775 -0.2195705 -0.3958161 0.4294301 0.1261107 0.4590954 0.4547583 0.4070433 0.3913165 -0.5559857 0.1650679 0.5641087 0.0063779 0.4523786 -0.1013649 0.2261692 -0.2116642 -0.3806785 0.3613360 0.3773878 0.0158904
0.6560004 0.7455085 0.4148752 0.7805768 0.4328595 0.8658339 0.6772037 0.4919428 0.9315888 0.5690676 0.3402444 0.7485159 0.4422067 0.6772922 0.0000000 0.0219742 0.3828913 0.7951723 0.2826068 0.4209525 0.6488521 0.4318220 0.1486029 0.8630471 0.4488182 0.2506920 0.4546169 0.7453326 0.4634007 0.6083359 0.5435270 0.3524046 0.7659722 0.3898338 0.3450759 0.6509984 0.3008176 0.4650887 0.4106238 0.5558253 0.4595474 0.4477929 0.3553809 0.4857309 0.4489368 0.3822412 0.3630790 0.5117300 0.5427255 0.3962929 0.3369932 0.3763144 0.3859527 -0.1200586 0.4409386 0.4628499 0.2813179 -0.1893730 0.2818440 0.2879355 0.5627803 0.1098970 0.5318699 0.4047771 0.6321660 0.1806760 0.2250819 -0.1969045 0.4139147 -0.0699556 0.1264158 0.4434904 0.2084129 0.3383211 0.3702318 0.2312911 0.2651919 0.4139898 0.5309300 0.0878848 0.4835028 -0.0250289 0.0256819 -0.0909411 -0.2638072 0.1520095 0.2530443 -0.1091968 0.1493532 0.0911417 0.2731981 0.0613901 0.0695950 0.0877422 0.3227696 0.3120324 -0.0169349 0.1397891 0.4186198 0.1175305 0.2356751 0.1520823 0.0860515 -0.0109045 0.0361896 0.4979386 -0.0632049 0.0952461 0.1327077 -0.2308787 0.2039030 0.0519084 0.1731198 0.1096497 0.0466448 0.2629413 0.2082428 0.2258341 0.2103365 0.1208379 0.3972876 0.2888896 -0.0819183 0.4925574 0.3117961 -0.0931572 0.5177544 0.2604718 -0.3557465 0.4371432 0.2201057 0.1002431 0.1329835 0.2400555 0.0272112 0.5720404 0.2297375 -0.0758642 0.1177224 0.0726388 0.3289797 -0.1958145 0.1000378 0.1885760 0.0087603 0.5591706 0.1171927 -0.0276028 0.3804060 -0.0872961 0.0923573 -0.0308302 -0.1266489 0.5507082 0.4582197 -0.0253736 -0.0771603 0.2568259 0.3385961 0.0799515 0.5447721 -0.1695848 0.0832221 0.1658926 0.3943392 0.0714518 0.3864764 0.5338044 0.2331590 -0.0545008 0.4159305 0.4209180 0.5406463 0.4691029 0.6902628 0.2897128 0.4177841 0.0627251 0.6175904 0.5358929 0.1610526 0.3731537 0.4303169 0.3532566 0.3844758 0.3686917 -0.2853096 -0.0892414 -0.1553331 0.0054501 0.0890830 -0.0201925 -0.0733822 0.1142591 -0.1588427 0.0900178 -0.2339852 -0.1415591 0.3300586 -0.0331703 0.0104456 -0.2638387 0.0964024 0.2639844 0.2005923 0.4646360 -0.2285717 0.2362171 0.0426158 -0.1442459 0.0234199 0.1452467 0.1184984 0.2891127 0.1122322 0.2402989 0.2440579 -0.2211612
-0.3933896 0.2050219 0.2000300 0.2987877 0.3146308 0.3378868 -0.3933114 0.6670528 0.0787025 0.5086123 0.8559431 -0.2085421 0.6457131 0.2014709 0.0219742 0.0000000 0.6378357 0.1149056 0.7746430 0.5681610 -0.0432912 0.5947761 0.8964786 0.1707013 0.6838106 0.7950606 0.5633920 0.1398556 0.2680100 0.3402802 0.5561106 0.6988340 0.2397592 0.3410494 0.6163346 0.2883426 0.6189511 0.6401180 0.5551000 0.6103164 0.7352078 0.4379717 0.6585920 0.6636126 0.3349469 0.6844244 0.6812965 0.5756072 0.5485580 0.4830587 0.6846640 0.7372434 0.2707357 0.7172780 0.6852347 0.5943649 0.7081596 0.5284976 0.5001281 0.7459587 0.4433781 0.7816087 0.5369000 0.3414176 0.2372690 0.7900841 0.8097197 0.3370616 0.5317171 0.4827146 0.7352336 0.1930572 0.3606861 -0.1086740 0.5189873 0.0925635 -0.3512612 0.5140538 0.1118861 -0.3425639 0.4678224 0.2735625 0.3470345 0.1548409 0.0606922 0.3801972 0.0871543 0.1308806 0.3114916 0.2484946 0.3677800 0.0217875 0.0173377 0.2686443 0.2749355 -0.0216149 -0.0870284 0.0300368 0.2373349 0.3197829 0.1569795 0.0800093 0.2403491 0.1019023 -0.1929870 0.0631660 0.3072093 0.3029109 0.1564732 -0.0078174 -0.0669778 -0.2584231 0.4233180 0.2942833 -0.0404789 0.1553751 0.1171980 -0.0985389 0.0492386 -0.2429130 0.0420429 0.1239516 -0.6391459 0.3228770 0.0979016 -0.3675110 0.2069951 -0.5187307 -0.3695396 0.2185381 -0.1763582 -0.4018755 -0.3752031 -0.3579739 -0.6617917 -0.4222987 -0.2454846 -0.2302465 -0.3156095 -0.4686455 -0.6006390 -0.5014472 -0.5943867 -0.2383444 -0.2704671 -0.0056115 -0.3133538 -0.4925716 -0.5928390 -0.6767558 -0.6286414 -0.1583796 -0.4283669 -0.2988918 -0.4793338 -0.3740694 -0.6113032 -0.2645892 -0.3532632 -0.4845500 -0.3102487 -0.6279517 -0.3536442 -0.4382732 -0.2463924 -0.2677318 -0.1202539 -0.1258703 -0.4765358 -0.4950826 -0.0643177 -0.3137987 -0.1330301 -0.2537176 -0.3098324 -0.4832118 -0.3598806 -0.0265262 -0.0213637 0.2262361 0.2500570 0.4043857 0.4010725 0.3721926 0.4217065 0.2764101 0.2779660 -0.2156616 -0.3301701 -0.3372032 -0.1294017 -0.5360289 -0.5391971 -0.3596536 -0.3135142 -0.3201849 -0.3836797 -0.4275888 -0.2648423 -0.4167572 -0.1561749 -0.1656265 -0.0072325 -0.4350404 0.4312195 -0.0555101 -0.3927528 -0.3857684 0.1524835 -0.2992146 0.0001785 -0.2846549 0.2094151 -0.4208911 -0.5398659 0.1449460 -0.2359727 -0.4389410
-0.1867070 0.4347008 0.2685455 0.7154044 0.3409826 0.7220985 0.0088465 0.7585259 0.5860584 0.8214289 0.7116566 -0.0417236 0.7627859 0.7631629 0.3828913 0.6378357 0.0000000 0.5067208 0.7070512 0.7801607 -0.1155087 0.7737911 0.5422952 0.4322612 0.6453558 0.5433789 0.7864108 0.6063003 -0.0441428 0.7791626 0.7239773 0.6678248 0.5002045 0.0835416 0.6355220 0.2351563 0.7300130 0.7939835 0.8889994 0.8686664 0.7861169 0.4696257 0.7827171 0.7367040 0.2992536 0.7545443 0.8018966 0.7335267 0.2925800 0.7973724 0.7880187 0.7645106 0.0189804 0.2347577 0.7883650 0.7868760 0.7951067 -0.0078058 0.7795055 0.7662740 0.5074840 0.2809099 0.6593452 0.0753481 0.2168783 0.7414578 0.5716428 -0.2128401 0.6097781 -0.1281537 0.4784542 0.0891262 -0.0373102 -0.3988248 0.4758812 -0.3530543 -0.5926503 0.4913723 0.1075255 -0.6474216 0.4951280 0.1171617 0.3771100 -0.0041908 -0.2224752 0.5687049 0.6258588 -0.1997855 0.5244773 0.2919356 0.6989719 0.5338212 0.6406332 0.0626927 0.6897626 0.5965794 0.5172213 0.6278585 0.7103772 0.2000318 0.4675670 0.5370984 0.4501013 -0.0376278 0.3828638 0.5597906 0.4449214 0.4937974 0.6334946 -0.0801403 0.5311755 0.1543507 0.5133918 0.3822941 -0.1261670 0.1549132 0.1495625 -0.1674833 -0.0707103 -0.2756069 0.2562078 0.2301898 -0.4797534 0.2850037 0.3006691 -0.3548271 0.5894336 0.0326829 -0.3636878 0.4664658 0.3341924 0.1011803 0.1894411 -0.0623167 -0.1876887 0.0417690 0.1861641 0.1095057 0.1430729 -0.4942716 -0.1713892 -0.5967352 -0.1664953 -0.2040584 0.0529275 0.1767774 0.2743298 -0.0582644 -0.2666042 -0.6643849 -0.6007017 -0.2987960 0.0738515 0.2100671 0.0457205 -0.4918288 -0.5635707 0.2791329 0.2477350 -0.5608356 0.3287827 -0.2827275 -0.0554130 -0.4115683 0.5197285 -0.0909868 0.4474516 0.4180114 -0.1013557 -0.0628303 0.6190459 0.2563987 -0.1334784 0.0386537 0.1885167 -0.4006253 -0.2196430 0.0372102 0.0829363 0.5141135 0.2428868 0.3993801 0.6306304 0.3414389 0.5838726 0.2621558 0.1621526 -0.4478463 -0.5837225 -0.5210968 -0.3834270 -0.6780387 -0.6239847 -0.4648219 -0.5518189 -0.4168531 -0.6608746 -0.5791513 -0.3012766 -0.5504322 0.3182521 0.0513271 0.4645696 0.1248076 0.6917586 0.3989077 -0.6135804 -0.1853074 0.5411504 -0.0816361 0.3822822 -0.3225354 0.4006069 -0.4211804 -0.5365401 0.4583722 0.1247523 -0.0850014
