0.0000000 0.7563209 0.6946642 0.4963044 0.5255048 0.5836879 0.4720207 0.4645736 0.3745650 0.4156588 0.3996743 0.7493660 0.5106128 0.2496473 0.2889847 0.2083311 0.2942602 0.1151774 0.1378847 0.2433374 0.6272203 0.2058095 0.2360320 -0.0311434 0.2205742 0.1729763 0.2362624 0.0975112 0.4420376 0.4731273 0.2546574 0.0024040 -0.0507259 0.1242959 0.1164745 0.3255837 0.1338960 0.0994943 0.2938003 0.3285744 0.1630760 0.3034476 0.0476711 0.1899815 0.1982566 0.0982523 -0.0135570 -0.0499340 0.3389209 -0.1345431 0.0254352 0.2406948 0.4135381 0.3221318 -0.0690888 0.0521584 -0.0611595 0.2997016 0.0472997 0.0376176 0.3234804 0.1660830 -0.1203798 0.4391492 0.3890114 -0.2085455 -0.0117295 0.2767502 0.0550435 0.1207154 -0.0955581 0.3856794 0.0882738 0.1700911 -0.1459662 0.0516490 0.0941543 0.2794252 0.4080959 0.1916309 0.4506614 0.4601993 0.2505670 0.0621473 0.2585297 0.0510407 0.3331050 0.1497348 0.1289476 0.1639804 0.2430570 0.4846595 0.1864143 0.1476586 0.5724319 0.1748572 0.4372200 0.2101959 0.3191084 0.1565994 0.0966442 0.2116733 0.3614837 0.1134652 0.4229217 0.3852783 0.2920915 0.4272027 0.4404809 0.4522216 0.2488928 0.4614457 0.1760785 0.2847518 0.0679415 0.0337245 0.0717779 -0.1435434 -0.0468366 0.1070246 0.1251096 0.0464211 0.7101493 0.0447162 0.2166628 0.5070046 -0.0410670 0.6187733 0.5726189 0.0888934 0.5206243 0.4821691 0.3297370 -0.0684868 0.5548001 0.2509607 0.3027049 0.5655756 0.5457261 0.1898451 0.2223100 0.3364925 0.2377887 0.3401863 0.3932077 0.3039792 0.5273594 0.4911416 0.2142489 0.2943427 0.3130675 0.3031092 0.5202430 0.4135982 0.2359523 0.3031226 -0.0085417 0.4223451 0.2543240 0.3353889 0.3329171 0.3754348 0.2879840 0.2156653 0.2985492 0.3687504 0.5382060 0.3850572 0.4888081 0.1444689 0.4141588 0.1902879 0.3403164 0.1912604 0.5895449 0.3898406 0.6787311 0.1723122 0.7240714 0.3971162 0.1183829 0.2145202 0.2079515 0.2772938 0.2228986 -0.0124003 0.0561668 -0.1999571 0.1091721 0.3644759 0.0609948 0.2616945 0.1284906 0.4341238 0.5093148 0.5252805 0.0927911 -0.1407481 0.0326808 0.4651536 0.2536202 0.0247410 0.4799083 0.6081216 -0.0503820 0.3395293 0.5048683 0.6325595 0.2842563 -0.1190837 0.4597870 0.5380883 0.1135311 -0.0012818 0.4090606 0.4685642 0.1178153 0.2223086
0.7563209 0.0000000 0.5280007 0.5745819 0.2542560 0.7687995 0.4321126 0.4486654 0.4371891 0.5422614 0.4736644 0.6781235 0.4935262 0.2459585 0.2954934 0.2169722 0.2958110 0.0398939 0.1761521 0.2372831 0.6675209 0.1532504 0.2138327 0.0398244 0.2833818 0.2390852 0.3634532 0.2767046 0.5047937 0.5958191 0.0751238 -0.0540781 0.0665349 0.1945005 0.2888335 0.4776146 0.1196553 0.0563698 0.5115264 0.5154604 -0.0020764 0.5651496 0.3384358 0.5218518 0.4748327 0.1532550 0.1818043 -0.1321147 0.4412661 -0.2070084 0.3003901 0.2985154 0.4948728 0.4167644 -0.1164722 0.0969571 -0.1038267 0.4814493 0.3153293 0.1368847 0.5772411 0.2028879 -0.1636104 0.5126170 0.2309373 -0.3397346 -0.0014918 0.2855515 -0.0907231 0.2252952 -0.1917136 0.3880646 0.0748488 0.1409016 -0.3626930 0.1216468 0.1739765 0.0270896 0.2571647 0.2372243 0.2210111 0.4268369 0.1918926 0.0800778 0.1720463 0.0055239 0.0370045 0.2741641 -0.0121774 -0.0173236 -0.0386363 0.2599238 0.0341583 0.1215593 0.1657097 0.0165118 0.4305239 0.1067584 -0.0031937 0.2478234 0.2279255 0.1145099 0.4686018 0.0635782 0.1876468 0.0587125 -0.0371873 0.4655026 -0.0059512 0.2589841 -0.1036274 0.3140585 0.2847064 0.1813943 -0.1791618 -0.2025617 -0.2257612 -0.3625159 -0.2936971 -0.1294516 -0.1525479 -0.1259904 0.5384790 -0.1165320 0.0493711 0.2009460 0.0318395 0.3653101 0.3693492 -0.0091829 0.3057041 0.1678124 0.1384351 -0.1378332 0.2942983 0.0109524 0.1304296 0.3602267 0.2565861 0.0541246 -0.1211269 0.1245629 -0.0257814 0.4966000 0.3313606 0.1868918 0.1978529 0.1306448 -0.1025452 0.1956371 0.1973891 0.4854160 0.4116629 0.1906192 0.1059654 0.3600858 -0.1283336 0.2009456 -0.1292033 0.1395678 -0.0162628 0.3254295 0.3069811 -0.0034973 0.0223682 0.2957193 0.3438236 0.0891159 0.3603535 0.1823837 0.1564309 0.0922640 0.5082161 0.2535515 0.5324314 0.2015396 0.4340154 -0.1706616 0.6336244 0.5109135 0.1838335 0.3438291 0.4362130 0.3246401 0.3534631 -0.0624043 0.1158439 -0.1796496 0.1360190 0.4524622 -0.0011783 0.3159301 0.1353829 0.2041448 0.2799024 0.3603625 -0.2272360 -0.0153129 -0.0967291 0.1229697 0.2263316 0.0754301 0.6700294 0.5843966 -0.0950272 0.1246703 0.1863993 0.6059622 0.2199523 -0.0516582 0.4802743 0.2241327 -0.1301185 -0.3432784 0.0438936 0.0989751 0.2078018 0.2570927
0.6946642 0.5280007 0.0000000 0.6739505 0.7120500 0.3782554 0.4829547 0.7511597 0.1933947 0.4503577 0.4747394 0.6925884 0.6069180 0.1967916 0.0822312 0.4848916 0.4884780 -0.1849182 0.2500177 0.5177012 0.5182685 0.4997461 0.4103174 -0.2667108 0.3894221 0.4491289 0.4355134 -0.0418466 0.2980987 0.5176599 0.4697260 0.2296000 -0.2368861 -0.0717870 0.4192310 0.2073558 0.3820584 0.3534514 0.4036805 0.5223520 0.2090327 0.1735727 0.2646906 0.1736190 0.1601234 0.4342976 0.3799338 0.0692348 0.2838816 0.2792549 0.3249539 0.3464193 0.4487526 0.4692785 0.1057973 0.3589663 0.1344337 0.3445353 0.0149494 0.1691554 0.3205088 0.1619092 0.0356630 0.5860795 0.5629261 -0.0998029 0.0171040 0.3194848 0.2280824 0.3041381 0.0401938 0.5944503 0.0904478 0.4264386 0.0109890 0.2363479 0.4335304 0.3871724 0.4410336 0.3870984 0.4177910 0.3577532 0.0323505 -0.0665337 0.1666767 -0.2005185 -0.0127926 -0.0119215 -0.0799131 -0.0958762 0.1328367 0.2885802 -0.0729152 -0.1426936 0.3660449 0.2575245 0.3826110 -0.0169489 -0.0095852 -0.0799504 -0.1619592 -0.0455833 0.0696754 -0.2144556 0.3774721 0.1543516 0.0827767 0.2794390 0.2889805 0.2537507 -0.0375570 0.1919237 0.0009689 -0.0164710 -0.1706921 -0.2478313 -0.1514025 -0.3069005 -0.3488838 -0.0354966 0.0126165 -0.0379380 0.6376655 -0.2685310 0.0473558 0.2412650 0.1835889 0.2447783 0.3318145 0.0712941 0.3092942 0.2366495 0.3162763 -0.1009960 0.3691735 0.0628761 0.1162566 0.2910220 0.2637574 0.0233148 -0.0306516 0.1150906 0.1217669 0.1860975 0.0466584 0.0212553 0.1945254 0.1136268 -0.0154439 0.1468873 0.2355114 0.1656833 0.3016085 0.1372701 0.0437461 0.0274793 -0.3355715 0.1504386 -0.0195036 0.1892914 -0.0246911 0.2460287 -0.0924060 -0.1021488 0.1135914 0.1549488 0.1610426 -0.0672049 0.0791580 0.1156244 0.3085701 0.1337925 -0.1017424 0.1426536 0.6608272 0.5642246 0.6548796 0.1103751 0.5712644 0.2692725 0.0422738 0.1848167 0.1693952 0.2393379 0.2514525 0.1382209 0.0310026 -0.0786578 0.4590857 0.5219291 -0.1755421 0.5004833 0.3235819 0.1025713 0.2287412 0.2032851 0.3036707 0.0446214 0.0944855 0.3607297 0.4088289 0.1566375 0.3927978 0.7455402 -0.2292387 0.1584679 0.4060048 0.8077097 0.4126114 -0.0071667 0.4670440 0.5202440 -0.0148672 -0.0460778 0.4258659 0.7079544 0.0366893 0.2244314
0.4963044 0.5745819 0.6739505 0.0000000 0.3159960 0.6328786 0.6021720 0.7443478 0.4612368 0.6570667 0.6422569 0.6932607 0.3771405 0.3395698 0.4969408 0.5175773 0.4801825 0.0353853 0.2604761 0.2070046 0.6187080 0.2721917 0.4566055 0.1100615 0.3912692 0.5214073 0.4206516 0.3065410 0.5478629 0.5456865 0.1852158 0.2018546 0.2324548 0.3110632 0.5511948 0.5234047 0.5497040 0.3549404 0.5042560 0.5362800 0.1471312 0.5430027 0.4413966 0.4474024 0.6243742 0.6055733 0.5462218 0.1471952 0.5561716 0.2478951 0.4722727 0.2804614 0.6454466 0.2831900 0.1078121 0.5321205 0.3148349 0.3491708 0.3573829 0.2870011 0.5051837 0.0770321 0.0067735 0.5972408 0.2254460 -0.0694150 0.1345868 0.2526897 0.2160990 0.4885007 -0.0007444 0.6002950 0.0730190 0.1985727 -0.1199701 0.3533975 0.4607404 0.0050079 0.1365208 0.3140647 0.1062109 0.2936991 0.1776360 0.1496523 0.2586662 0.0002040 0.0406811 0.2122317 0.0394866 -0.0149507 0.2228642 0.5044254 -0.1745757 0.1712276 0.3275840 0.3255835 0.5357248 -0.0360066 -0.0178699 0.1183712 0.1369697 0.0626214 0.2312392 0.0685305 0.2086815 0.0088018 0.1164460 0.3036985 0.2194734 0.1831225 0.0808429 0.3435039 0.2189099 0.0081330 -0.1737341 -0.0372118 -0.2351461 -0.3009171 -0.2702021 -0.0849082 -0.1759192 -0.2967796 0.5466506 -0.0594105 0.0982914 0.0680228 0.2703692 0.2440105 0.3217235 0.0422402 0.2796634 0.1987116 0.3147916 0.0511043 0.0402681 0.0298996 0.2241712 0.2883839 0.2048786 0.2346875 -0.2316803 0.1331151 -0.0895434 0.2434164 0.2604933 0.1334884 0.1629610 0.0102747 -0.2399661 0.2346967 0.3335270 0.3930050 0.3778173 0.0127519 -0.0908299 0.1750702 -0.2952903 0.1358050 -0.2810828 0.2175606 -0.2703429 0.3429453 0.1256805 -0.0670810 0.0101062 0.3341521 0.3142184 -0.0982825 -0.0211415 0.3079666 0.1938890 0.0071687 0.2677792 0.3076255 0.6416530 0.4475393 0.4784281 -0.0125871 0.6019560 0.6041460 0.5109620 0.5429768 0.5041828 0.4658194 0.4026371 -0.0499164 0.1161354 -0.1665453 0.2739457 0.5375825 -0.0151416 0.3610701 0.1172247 0.1418482 0.2022814 0.2783749 0.1736294 0.2651182 -0.0318345 0.1731574 0.3209767 0.2327312 0.5345410 0.5411505 -0.2095680 -0.0111739 0.2869364 0.6712155 0.2461368 0.2586519 0.5906688 0.5242311 -0.1115502 -0.0552558 0.3560251 0.3378451 0.0941409 0.2004636
0.5255048 0.2542560 0.7120500 0.3159960 0.0000000 0.1806559 0.3670944 0.6380417 0.1387663 0.3807647 0.4061461 0.5381931 0.6872910 0.3141917 -0.0590304 0.4138909 0.4904731 -0.0977135 0.2465851 0.6494129 0.2537840 0.6675656 0.4760263 -0.3161331 0.3255065 0.3603347 0.3147467 -0.0358532 0.1846420 0.5164013 0.7097980 0.3398532 -0.3987551 -0.2017497 0.4041003 0.0360975 0.3627721 0.4123207 0.4493642 0.4591380 0.4941255 -0.0048835 0.3362335 0.1860247 -0.0959586 0.3635805 0.4115668 0.3101827 0.1352380 0.2714716 0.3707667 0.5605474 0.3034461 0.6220236 0.3909712 0.4181543 0.2469762 0.4198426 -0.0881940 0.2217983 0.2263206 0.4379828 0.3868883 0.5131994 0.8247397 0.1159285 0.0597944 0.4331482 0.3778027 0.2695670 0.1707703 0.5416655 0.2001919 0.6966128 0.3217977 0.1716162 0.4820708 0.6306764 0.6574486 0.5583752 0.6076668 0.2259206 -0.1619177 -0.2170469 0.0047853 -0.3710906 0.0046863 -0.2209844 -0.1670735 -0.2107826 0.0009606 0.0155007 0.0601745 -0.2901426 0.1868057 0.0126993 0.1937358 0.1245328 -0.0285408 -0.1871277 -0.3844506 -0.1444068 -0.1119934 -0.1608790 0.5148382 0.2197259 0.0945787 0.1296658 0.2991069 0.2824821 0.0700924 0.0848678 -0.1071263 0.1974911 0.0415388 -0.1162815 0.1272787 -0.2805860 -0.1007024 -0.1214108 0.0134911 0.1355262 0.5757638 -0.1921156 -0.0152779 0.3603050 0.2465027 0.2461491 0.3143850 0.2643108 0.3003452 0.1676042 0.3122936 0.0191756 0.4337721 0.1146804 0.1467416 0.3611686 0.3481675 0.0585133 0.1274032 0.2254127 0.2667306 0.2267041 -0.0126527 0.0557019 0.2893159 0.2862031 0.1402142 0.2016262 0.0821939 0.0992838 0.3404232 0.0995019 0.2307806 0.0695555 -0.3181508 0.1875985 0.1604844 0.0932234 0.2346912 0.2089279 -0.0989013 -0.1251938 0.2173618 0.1030034 0.1389865 0.1542993 0.0517561 -0.1000698 0.3207251 -0.0535218 -0.0466465 0.1693034 0.4381691 0.5070731 0.6832979 0.3462184 0.2722068 -0.1596761 -0.3001039 -0.0654553 -0.0182076 0.0362115 0.0964124 0.4794713 0.1270397 0.2314178 0.6335528 0.3497975 -0.1222676 0.6115205 0.5532097 0.1021344 0.1955171 0.1456971 0.2935083 0.1216738 0.4117637 0.2816624 0.4517836 0.0782872 0.1037157 0.5746754 0.1215021 0.4443162 0.4465331 0.7211224 0.4280026 0.0058944 0.1756695 0.3158380 0.3831062 0.1363396 0.4142206 0.7492191 0.1381101 0.2809695
0.5836879 0.7687995 0.3782554 0.6328786 0.1806559 0.0000000 0.7320617 0.5297195 0.8457016 0.8411567 0.7211047 0.6724788 0.4596890 0.4875266 0.6693763 0.5001304 0.5964794 0.1893514 0.4104110 0.2765022 0.6745585 0.2140420 0.6044504 0.3281918 0.4675650 0.6144516 0.3844722 0.4436830 0.8185902 0.4250746 0.2195609 0.2468302 0.4288633 0.5992016 0.6444332 0.7148064 0.5461939 0.3077884 0.7029120 0.6161707 0.1696656 0.7713110 0.6551513 0.7366764 0.8056323 0.4108077 0.4906730 0.0663370 0.6901288 0.0753882 0.6057115 0.6259892 0.8008418 0.5909764 0.0393949 0.3369016 0.2938177 0.6332294 0.4473704 0.4716356 0.7299387 0.4626056 -0.0524695 0.6903390 0.2648603 -0.0581416 0.3571219 0.5770911 0.1878015 0.5341632 0.1404871 0.5825831 0.3887593 0.0626584 -0.0669808 0.4482057 0.4375561 0.2330314 0.3864451 0.4268256 0.3162809 0.1483308 0.0101589 0.0424719 0.1942227 -0.0680508 0.1379622 0.1136495 -0.0673802 -0.0114348 0.0180223 0.1828143 0.1424015 0.1026568 0.1169395 -0.0001105 0.2865349 0.1781094 0.0485537 0.3408374 0.2087043 0.1694383 0.1670992 0.0585482 0.0369937 0.1300659 0.0232117 0.1793065 0.0935430 0.2607069 0.0500680 0.3319467 0.1790127 0.1814657 -0.0866627 -0.1185105 -0.1900497 -0.3116609 -0.2586895 -0.0738456 -0.2328043 -0.3905168 0.5003190 -0.2099683 0.1308263 0.1878489 0.0751868 0.3778046 0.3718727 -0.0187687 0.2311462 0.3456062 0.1723875 -0.2524618 0.3514969 -0.0017840 0.1577555 0.3850185 0.2157920 0.2921799 -0.1462829 0.2325804 0.2382488 0.2759096 0.3822684 0.0674196 0.2028207 0.1224411 0.1177562 0.3024757 0.2938719 0.4404947 0.4001995 0.0013414 -0.1729448 0.1085875 0.1252968 0.2464820 0.0839698 0.2223723 -0.1438503 0.3131672 0.1622425 0.2295302 -0.0192378 0.2982274 0.2932159 0.0493477 0.4740125 0.3014354 0.2821329 0.2036386 0.5832852 0.3971085 0.5791606 0.3075210 0.4080604 -0.1372128 0.6823948 0.5939072 0.1702146 0.5195725 0.6199049 0.4568619 0.4141053 -0.0444488 0.0909789 -0.1621096 0.1917357 0.5464714 0.1041982 0.4046046 0.1658781 0.1083630 0.2518876 0.2534436 -0.1241488 0.3273767 0.0060434 0.1964947 0.3128255 0.1113919 0.5253565 0.3433041 0.0737718 0.3619010 0.1230154 0.4867540 0.2360824 0.1719712 0.4405314 0.2520484 0.0476440 -0.0484329 0.2251837 0.1318661 0.3484699 0.2174480
0.4720207 0.4321126 0.4829547 0.6021720 0.3670944 0.7320617 0.0000000 0.5559069 0.8028355 0.7995808 0.6423752 0.7137258 0.4325439 0.7058724 0.6294299 0.6134863 0.8226596 0.2352027 0.3767198 0.2921352 0.5124443 0.2634002 0.7683166 0.2800392 0.3778732 0.6477120 0.4647884 0.3342685 0.5782163 0.3697720 0.3086990 0.2141956 0.3014198 0.5086426 0.6498638 0.4584248 0.5784351 0.3144854 0.7003650 0.6261529 0.2802931 0.4541547 0.6931420 0.4847906 0.6073371 0.5898926 0.5758776 0.1094370 0.5459257 0.3398248 0.5676810 0.7531893 0.7983575 0.5679579 0.0794560 0.4651695 0.3536719 0.4688001 0.1231831 0.4692398 0.4059117 0.4896440 0.0362546 0.6683496 0.2446310 0.0371925 0.4142028 0.5775975 0.2967883 0.6263929 0.3469366 0.7282928 0.4978494 0.1336126 0.1672450 0.6403048 0.6177939 0.4698615 0.5139305 0.5968991 0.5437514 -0.0146650 -0.0871762 -0.0977810 0.1263331 -0.1824631 0.1251066 -0.0208166 -0.0579689 -0.0871784 0.0919468 0.1559121 -0.0083506 -0.0643923 0.2455449 -0.0649102 -0.0342986 0.0087832 -0.0213748 0.0688007 -0.0699031 -0.0921649 -0.2014658 -0.1683736 -0.0411228 0.1148707 0.0890269 -0.0090423 0.1779977 0.2682102 0.0088694 0.1301327 -0.2150919 0.0597411 -0.0574135 -0.2272504 -0.1178315 -0.3627266 -0.2368177 -0.1590117 -0.2641312 -0.4119691 0.3981946 -0.2213225 -0.0749104 0.0668016 0.0353340 0.1825850 0.1953987 0.0120605 0.1230569 0.1877938 0.2244695 -0.0102334 0.1706228 -0.0643859 0.1138438 0.1855689 0.1025562 0.2312153 -0.1791447 0.1162575 0.1213297 0.0869020 0.1115871 -0.1210212 0.0566770 0.0101428 -0.0312731 0.1318033 0.1774814 0.2503963 0.1330983 -0.2272452 -0.3552149 -0.2391793 -0.0461499 0.1047295 0.1748779 -0.0040578 -0.2478918 0.0618603 -0.2421223 -0.0436198 -0.1819346 0.1206660 0.0555263 0.0507678 0.2778258 0.0022762 0.1845084 -0.0174638 0.3488646 0.7180134 0.8277905 0.6782966 0.6428026 0.4410500 0.5689620 0.4280282 0.2265323 0.3551888 0.3513642 0.3979700 0.2763069 0.0132936 0.1065025 -0.1059103 0.2299560 0.5842986 -0.0990344 0.5213444 0.4578051 0.0600666 0.1102365 0.1790391 0.1194249 0.5756012 0.4426487 0.0586974 0.3652717 0.3501992 0.3486326 0.3263726 -0.0344304 0.5764325 0.3060204 0.5908331 0.3223329 0.5088850 0.4643845 0.4472290 0.1078316 0.0997262 0.4146813 0.3597294 0.5686973 0.5079987
0.4645736 0.4486654 0.7511597 0.7443478 0.6380417 0.5297195 0.5559069 0.0000000 0.3198549 0.7375396 0.8508899 0.7217196 0.7643478 0.2880562 0.1416075 0.8322526 0.7452484 -0.3022597 0.6481650 0.6588413 0.6992077 0.7713211 0.7442187 -0.3492961 0.6934607 0.7536789 0.2076335 -0.1063270 0.6545806 0.3305830 0.6826794 0.4891458 -0.1723561 0.0183633 0.6668325 0.6123448 0.7397668 0.6553335 0.5302052 0.4434378 0.4867113 0.5651273 0.5266897 0.4163434 0.4793780 0.7095689 0.6732076 0.3630662 0.6056367 0.4873397 0.6552412 0.5762554 0.5530335 0.6652213 0.3972122 0.7140120 0.5969891 0.7017861 0.4062763 0.6128743 0.6621825 0.5616431 0.2740418 0.8042732 0.5140430 0.2430668 0.4695228 0.6815640 0.5273623 0.7136035 0.4206154 0.6769464 0.4916766 0.5949277 0.3184560 0.5968436 0.7199461 0.5040478 0.6623037 0.7020617 0.4748013 0.4351149 0.1299171 0.1945860 0.3186517 -0.0100666 -0.0030285 0.1782186 0.1021401 -0.0078419 0.0949362 0.3339709 0.1091596 0.0505804 0.2946919 0.1576958 0.4062913 0.1917168 -0.0212875 0.1943072 0.0757725 0.0753809 0.1426022 0.0249415 0.3430791 0.2198553 0.1701950 0.3443762 0.2881910 0.3061587 0.0582514 0.3167023 0.2060248 0.0551053 -0.0474448 -0.1259735 -0.1673643 -0.2160726 -0.2775574 -0.0016888 -0.0389862 -0.1050329 0.6517277 -0.3620167 0.1738172 0.1903895 0.4271803 0.2311083 0.3456776 0.1902559 0.2144883 0.2099834 0.3065049 -0.0044660 0.3415590 0.0509497 0.1105024 0.2791614 0.1718434 0.3464870 -0.0841648 0.2622197 0.2973565 0.3651743 0.0998959 -0.0456370 0.1243173 0.0496416 0.0629443 0.4108582 0.3880787 0.2856316 0.3204812 0.0347625 0.0350023 0.0779285 -0.1857729 0.0770937 0.0452692 0.3073460 -0.1204518 0.3803212 -0.0415441 -0.0134807 0.0768247 0.2110564 0.2087138 -0.0133094 0.0453972 0.2607487 0.1812364 0.0501373 0.1539384 0.1402766 0.5624466 0.4064173 0.6341982 0.0785754 0.6825123 0.4769452 0.2542926 0.5467985 0.5601015 0.5474574 0.5124150 0.2141491 0.2407246 0.0888094 0.6457918 0.5415364 0.0399521 0.5779320 0.3154825 0.1466326 0.2502466 0.2420257 0.3428461 0.3754961 0.2556335 0.2633096 0.2525057 -0.0940737 0.1851196 0.4686751 0.1435971 0.4006286 0.3615398 0.6469613 0.1231032 -0.0431415 0.2239095 0.3855552 0.2943158 0.0953949 0.4387990 0.4185636 -0.0632381 0.0163265
0.3745650 0.4371891 0.1933947 0.4612368 0.1387663 0.8457016 0.8028355 0.3198549 0.0000000 0.7514761 0.4958496 0.4678389 0.2900338 0.7854287 0.8439721 0.3543592 0.6180787 0.5746735 0.2212614 0.1429117 0.3703334 0.0364039 0.6129076 0.6455118 0.2283555 0.5591150 0.5317630 0.6841720 0.6295438 0.4185003 0.1886385 0.2240733 0.6123472 0.7690050 0.6832695 0.4451493 0.5581569 0.2434539 0.7324659 0.6634262 0.1901897 0.5309037 0.7210237 0.6686705 0.7134326 0.3523595 0.5101748 0.1083544 0.5479568 0.0752368 0.5794227 0.7003789 0.8240212 0.5233508 0.0301701 0.2607700 0.2509919 0.4528986 0.1841325 0.3759128 0.4747767 0.4081638 -0.0402814 0.5618257 0.2825337 -0.0393757 0.3091367 0.4701076 0.1406655 0.4232355 0.1971030 0.5802846 0.3618907 -0.0506337 0.0157905 0.3946102 0.4128500 0.3584515 0.3313109 0.3573641 0.4324501 -0.2816139 -0.3218467 -0.2261018 -0.0360033 -0.3206501 0.0184824 -0.2028901 -0.2907127 -0.1961563 -0.1473565 -0.0539483 -0.0222939 -0.1313313 -0.0737749 -0.1786454 0.0369600 -0.0425505 -0.1238785 0.0561584 -0.1113627 -0.0834177 -0.2485987 -0.1477148 -0.1983469 -0.0657084 -0.0723290 -0.1868836 0.0133556 0.1013127 -0.0477094 0.0998047 -0.2227949 0.0224082 -0.1293080 -0.2325769 -0.1364717 -0.3509489 -0.2641143 -0.1578624 -0.3247050 -0.5176571 0.2317091 -0.1927063 -0.0135877 0.0730240 -0.1203556 0.1480081 0.1857908 -0.1844240 0.0618299 0.1730402 0.0115247 -0.3164641 0.1659536 -0.2028898 0.0160732 0.2349627 0.0889602 0.1144383 -0.2614733 0.0424603 0.1764431 -0.1089428 0.1599502 -0.1830833 0.0760987 -0.0078055 0.0463296 0.0401240 0.0818551 0.1080527 0.1640818 -0.2543986 -0.4789215 -0.1872354 0.1216451 0.0897107 0.1654253 -0.0210671 -0.2838394 0.0186767 -0.0907806 0.1252192 -0.2038337 0.0491466 0.0667701 -0.0225129 0.4543393 0.0629883 0.1798163 0.0916784 0.4217725 0.5058886 0.5127096 0.3688455 0.3036176 0.1279982 0.4432701 0.3565670 0.0463152 0.2667333 0.3409322 0.2207389 0.1523399 0.0436089 -0.0097929 -0.1157113 0.1373461 0.4810700 -0.0318731 0.3640453 0.3168879 -0.1051509 0.0661437 0.0002682 -0.1568128 0.3511862 0.1008701 0.0594008 0.4792399 0.3994224 0.4899414 0.2832948 -0.0036742 0.4141164 0.0616277 0.3262798 0.4196649 0.4839790 0.4998930 0.2257134 0.0209274 -0.0308704 0.2324382 0.1341767 0.6411798 0.4115878
0.4156588 0.5422614 0.4503577 0.6570667 0.3807647 0.8411567 0.7995808 0.7375396 0.7514761 0.0000000 0.8480538 0.6018446 0.6647848 0.6168029 0.4533797 0.7264259 0.8692278 0.0088483 0.6042457 0.5167671 0.5398688 0.5138230 0.8629001 0.0904095 0.6572163 0.7916488 0.3463236 0.2798368 0.7876145 0.3773639 0.5180752 0.5056310 0.2443184 0.4263619 0.8310046 0.7421859 0.7748060 0.5638014 0.8063213 0.6328116 0.3932449 0.8037372 0.8100688 0.7599373 0.8289562 0.6318045 0.7575330 0.2787856 0.7702194 0.3047803 0.8239722 0.7800076 0.7871598 0.7206732 0.2866885 0.6402255 0.5936733 0.7752866 0.5783504 0.6869030 0.8558000 0.6587600 0.2454742 0.8173145 0.4480338 0.2077853 0.5447167 0.7181418 0.4608392 0.7213050 0.4458878 0.7036585 0.5709757 0.4364309 0.2985643 0.6405733 0.7033341 0.5394267 0.6478408 0.7170256 0.5041257 0.1838130 -0.0612227 0.0680309 0.2065766 -0.1182043 0.0512360 0.0640193 -0.0699599 -0.0851047 0.0182805 0.1188629 0.1534427 0.0228118 0.0658592 -0.1157783 0.2339635 0.2295672 -0.1185269 0.3194664 0.0912294 0.0652074 0.0163787 0.0027862 0.0853410 0.1434165 0.0252619 0.1527731 0.1340396 0.2674079 0.0389575 0.2891596 0.1190600 0.1454762 -0.0448083 -0.1221305 -0.1831401 -0.3133395 -0.2546986 -0.1000277 -0.2439867 -0.4083486 0.5309726 -0.2763361 0.1401879 0.2725558 0.2025153 0.3148321 0.3966563 0.0975665 0.2130345 0.2642100 0.2505221 -0.0931576 0.2949472 0.1018152 0.2120390 0.3730445 0.2427974 0.3618774 -0.1792962 0.2915760 0.2940914 0.4037694 0.2871094 -0.0245491 0.1956441 0.1269191 0.0880078 0.4086613 0.3228880 0.4290406 0.3793908 -0.0827693 -0.1115543 0.0930205 0.0248456 0.1591931 0.1454885 0.2396571 -0.2319525 0.3061781 0.0290771 0.0797394 -0.0491965 0.2989320 0.2032651 0.0796158 0.3254969 0.2011861 0.2149323 0.1524356 0.4733220 0.4528511 0.6214029 0.3653011 0.4656359 0.0888616 0.5978899 0.5414025 0.2107098 0.6415026 0.7459772 0.6322437 0.6223590 0.2752965 0.3406272 0.1321838 0.5239253 0.6362157 0.1265943 0.5652541 0.3879939 0.0957161 0.2788873 0.1670723 0.0725682 0.4679602 0.2502255 0.1944064 0.3524402 0.0622418 0.3698116 0.3062807 0.1916850 0.5513261 0.2416783 0.5060604 0.2072571 0.2212367 0.3501428 0.2312467 0.2636904 0.0862136 0.3399009 0.2514588 0.3061458 0.2538991
0.3996743 0.4736644 0.4747394 0.6422569 0.4061461 0.7211047 0.6423752 0.8508899 0.4958496 0.8480538 0.0000000 0.6712702 0.6802420 0.2667308 0.2617497 0.8747377 0.7842807 -0.2933712 0.7628733 0.6296356 0.7347153 0.6698602 0.8405462 -0.2569559 0.7820074 0.8120230 0.0921932 -0.0957913 0.8204876 0.1880194 0.5507684 0.5719533 -0.0367091 0.1442259 0.7126149 0.7904466 0.8051788 0.6825516 0.5716913 0.3643332 0.5189519 0.7441029 0.6243106 0.5314971 0.6353468 0.7618146 0.7091282 0.4441999 0.6760639 0.5107257 0.7417317 0.6664112 0.5756960 0.6810907 0.4780542 0.7640059 0.7608320 0.7858722 0.5966799 0.8170207 0.8006677 0.7172751 0.3875629 0.7394351 0.3648844 0.4225189 0.6799407 0.8216077 0.6368188 0.7971881 0.5811549 0.5574941 0.6409315 0.4457024 0.4269275 0.6752273 0.6318571 0.4281133 0.6486889 0.6816927 0.3415642 0.4037871 0.1807013 0.2702185 0.3903703 0.1246202 0.2356904 0.2361284 0.1721643 0.0475888 0.1993071 0.3412856 0.3252980 0.1894331 0.3149995 0.1286227 0.3045339 0.3330655 0.1240937 0.4086923 0.2651817 0.2165469 0.1784705 0.1539880 0.2892218 0.2920194 0.2243912 0.3247685 0.3180607 0.4410250 0.1433218 0.4216464 0.3358160 0.2847483 0.1414211 -0.0245666 -0.0591202 -0.1354975 -0.1136439 0.0823623 -0.0105650 -0.1154766 0.6390468 -0.3283440 0.2980797 0.2187488 0.4467077 0.3900311 0.4141806 0.2706762 0.2529546 0.3654510 0.3922277 0.0383300 0.3722341 0.1653684 0.2435440 0.3611337 0.2225517 0.5118275 -0.0638179 0.4171842 0.3753833 0.4522207 0.3277885 0.0711683 0.2075196 0.1741469 0.1760074 0.5282540 0.3977538 0.4737508 0.3999933 -0.0143847 0.0407450 0.0906149 0.0313242 0.2474579 0.1228545 0.3278782 -0.0600326 0.4296280 0.0673069 0.1628165 0.0951238 0.3366164 0.2527092 0.0378533 0.1845101 0.3268286 0.2296274 0.0885937 0.4757217 0.2623429 0.4932472 0.3188098 0.5727136 0.0570261 0.7357835 0.6015451 0.3113164 0.7184750 0.7360790 0.6856595 0.6135574 0.1896419 0.3886557 0.1681031 0.4876011 0.4116236 0.2626414 0.4001925 0.0870360 0.1880484 0.3502394 0.3228592 0.2788908 0.4415132 0.2295736 0.2851212 0.0486882 -0.2599719 0.0760926 0.1664730 0.3711123 0.5302674 0.3265118 0.5081321 -0.1248568 -0.1166901 0.0529089 0.1854885 0.4356029 0.2012071 0.3671102 0.1967372 -0.0726102 -0.0618586
0.7493660 0.6781235 0.6925884 0.6932607 0.5381931 0.6724788 0.7137258 0.7217196 0.4678389 0.6018446 0.6712702 0.0000000 0.4513383 0.3021905 0.4702671 0.5460374 0.5329327 -0.0616167 0.3260500 0.2741446 0.8705733 0.3845933 0.4922908 -0.0491084 0.3586824 0.4237176 0.2851802 0.0771626 0.6454926 0.4467898 0.3247047 0.0390454 0.0791671 0.2558842 0.3397696 0.5376556 0.3788690 0.2178375 0.4229778 0.4179409 0.2553499 0.4373613 0.3258374 0.4041996 0.3711831 0.4335867 0.3452354 0.0584499 0.5880214 0.2153656 0.3080351 0.5065599 0.6434061 0.5513258 0.0570532 0.3743438 0.2250725 0.5369128 0.0904648 0.3316114 0.3750665 0.4008970 -0.0960710 0.7078001 0.2401405 -0.0883704 0.2698341 0.5543013 0.2341843 0.6092293 0.1141772 0.7056788 0.3910066 0.2266858 -0.0391500 0.5249711 0.5674543 0.2525030 0.5050617 0.5503710 0.4989840 0.4789171 0.3557732 0.2194737 0.3912621 0.1408035 0.1754473 0.3463353 0.2593704 0.1924908 0.2759896 0.5402685 0.1901050 0.2067678 0.5388916 0.2732025 0.4096958 0.2747851 0.2975688 0.1872520 0.2278248 0.2596595 0.3276243 0.1181159 0.3862535 0.2833993 0.3326830 0.4633366 0.3936643 0.4637633 0.1828230 0.4490154 0.2356638 0.2201475 0.0625740 -0.0158923 -0.0048338 -0.1399088 -0.0749312 0.0855941 0.0617383 0.0110286 0.6279820 -0.0240231 0.1641261 0.1930223 0.2433932 0.3530047 0.3997429 0.2312822 0.3332695 0.3421169 0.3578474 0.0881909 0.4143662 0.0596625 0.1819791 0.3574738 0.2322587 0.3885606 0.0238964 0.3059978 0.2264839 0.3610240 0.2793327 0.2243720 0.2295194 0.1654538 0.0628032 0.3454539 0.3762251 0.4389582 0.3795095 0.1697601 0.0358680 0.1436946 -0.0733601 0.2842978 0.1213240 0.2654657 0.0974863 0.4083412 0.0942109 0.1202936 0.1460287 0.2891940 0.4137559 0.1431379 0.2607760 0.2664953 0.2699095 -0.0255364 0.3892636 0.4525201 0.8111792 0.6918458 0.8821553 0.2228300 0.7847579 0.5002053 0.3183764 0.3746842 0.3259065 0.3962089 0.2487522 -0.1908168 -0.0161903 -0.2739625 0.2896543 0.6178575 0.0591045 0.5919241 0.3491689 0.3784759 0.3351227 0.6165150 0.3198850 0.4580056 0.4217295 0.2879418 0.1843809 0.0530314 0.2896669 0.4905175 0.0155696 0.4739597 0.4743581 0.7789474 0.1524661 0.1071699 0.3826567 0.6534132 0.1694888 0.0942457 0.5073041 0.4219409 0.2253963 0.2314270
0.5106128 0.4935262 0.6069180 0.3771405 0.6872910 0.4596890 0.4325439 0.7643478 0.2900338 0.6647848 0.6802420 0.4513383 0.0000000 0.3839394 -0.1384764 0.6816385 0.7493875 -0.1869454 0.6902251 0.8592101 0.4443569 0.8024426 0.7153875 -0.4131220 0.7091333 0.6782019 0.1987153 -0.1386199 0.4781007 0.3234029 0.7940092 0.5288632 -0.4132864 -0.1660810 0.6302838 0.4328418 0.5690492 0.6717025 0.5810061 0.4346374 0.6140798 0.4793309 0.5524503 0.3009002 0.3409220 0.5519460 0.5371435 0.4014585 0.3439416 0.3028085 0.6372672 0.6370257 0.3284514 0.6815324 0.4675038 0.5800692 0.4520905 0.6626404 0.3961728 0.5786463 0.6735209 0.6820471 0.4661915 0.6203439 0.6761153 0.2743989 0.4238651 0.6477781 0.5071130 0.3949701 0.4677153 0.3953852 0.4945974 0.7177133 0.4167933 0.3661793 0.4541331 0.7183840 0.8095674 0.6640844 0.5708024 0.3384829 -0.1160420 -0.0180744 0.1355887 -0.2206803 -0.0279285 -0.0486654 -0.1003717 -0.1855582 -0.2220938 -0.0533852 0.0414729 -0.1263650 0.0921058 -0.2503347 0.0780696 0.0571750 -0.2071033 0.2043454 -0.1310650 -0.2405145 -0.0058589 -0.0526939 0.1657998 0.2681427 0.0159477 0.2477941 0.1278496 0.3111228 -0.0939177 0.1374025 0.0042574 0.1395105 -0.0455406 -0.2855183 -0.1215055 -0.3659416 -0.3270728 -0.1711333 -0.1355235 -0.0756864 0.6016687 -0.5222897 0.0494974 0.3902495 0.3114483 0.2737479 0.3753703 0.1191545 0.2628907 0.1202029 0.2529010 -0.1086514 0.3729535 0.0396083 0.1404483 0.3601028 0.3319421 0.1138268 -0.0849698 0.2306003 0.2742691 0.4205848 0.0653762 -0.2245066 0.1886683 0.2017000 0.0990302 0.2962996 0.0946332 0.1845853 0.2721486 -0.0664466 0.1481908 0.0775199 -0.1409705 0.0500885 0.1736253 0.0747759 -0.0209709 0.1806003 -0.0339358 -0.1079113 0.0028185 0.1414985 0.0617568 0.1434458 0.2131372 -0.0663998 0.1583117 0.0835036 0.1492679 0.0936715 0.3666754 0.0809838 0.4594579 0.1819304 0.5543877 0.2912293 -0.0690432 0.3733060 0.4717620 0.4467461 0.5152507 0.5147951 0.4376964 0.3712094 0.6293289 0.2843174 -0.0359610 0.4034045 0.3277041 0.0635049 0.2711371 -0.0065783 0.0273781 0.0470161 0.1669933 0.1979160 0.2643862 -0.1026830 0.2367427 0.4797549 0.2826761 0.5258870 0.3506712 0.5091091 0.1629742 -0.1665558 0.0983478 0.0462383 0.3912757 -0.0084203 0.2525525 0.3757634 0.0128407 0.1410368
0.2496473 0.2459585 0.1967916 0.3395698 0.3141917 0.4875266 0.7058724 0.2880562 0.7854287 0.6168029 0.2667308 0.3021905 0.3839394 0.0000000 0.5807123 0.2041348 0.6306370 0.6783928 0.0780248 0.2185884 0.0730386 0.0958448 0.5306760 0.5101649 0.0847755 0.3910142 0.6482779 0.6703035 0.2548615 0.5584989 0.3064751 0.2191779 0.3232122 0.4589865 0.6159255 0.1065652 0.4564408 0.2475529 0.7243732 0.6658494 0.3118048 0.2551033 0.6894903 0.4923765 0.4509520 0.3222009 0.5241631 0.2067177 0.3073108 0.0534281 0.5181011 0.6529328 0.5930440 0.4301295 0.1318557 0.2882948 0.1620662 0.3144394 0.0213317 0.2161473 0.2930717 0.3329303 0.1503010 0.4164542 0.4089175 -0.0067683 0.1319513 0.2622504 0.1144112 0.2267976 0.2256903 0.4966141 0.2331906 0.2493953 0.1398209 0.2338077 0.3881567 0.5483655 0.3959828 0.3988031 0.6094311 -0.3623011 -0.4761530 -0.3651615 -0.2022590 -0.5022891 -0.1865032 -0.3410499 -0.4167492 -0.3971616 -0.3250689 -0.2201806 -0.2586339 -0.3222841 -0.2105785 -0.3750621 -0.0413323 -0.2486404 -0.4392325 -0.2206449 -0.4098859 -0.4240390 -0.4242480 -0.2896018 -0.2358915 -0.2617446 -0.1696602 -0.2365614 -0.0717470 0.0046646 -0.2134605 -0.0838444 -0.4656432 -0.1267854 -0.2290153 -0.3918452 -0.1389277 -0.4533536 -0.3019318 -0.3225640 -0.3920460 -0.4479954 0.1513462 -0.1284559 -0.2020141 0.0824896 -0.2060286 -0.0226574 0.0737331 -0.2363233 -0.0375147 -0.1272791 -0.1113456 -0.1206093 -0.0272107 -0.2525320 -0.0791314 0.1232855 0.0677253 -0.0892279 -0.3092887 -0.0969473 0.0165991 -0.0892785 -0.0748036 -0.3348126 0.0133240 -0.0669522 -0.1828488 -0.0910943 -0.0592667 -0.0684663 0.0448414 -0.3286070 -0.4211489 -0.1743842 -0.1041462 -0.0768767 0.1467635 -0.2119157 -0.3131023 -0.1221752 -0.2139300 -0.2248182 -0.2828714 -0.0652152 -0.0652997 0.0422540 0.2832956 -0.2217328 0.0084219 -0.1243887 0.1881988 0.5882947 0.5018621 0.3775538 0.3070505 0.4984842 0.1879095 0.0875248 0.0325162 0.0545893 0.1038427 0.0758503 0.0777796 0.3758183 0.1513555 0.1689167 0.3138913 0.4244287 -0.1755057 0.3929993 0.6033803 -0.1593919 -0.0107682 -0.1320320 -0.1145730 0.2193719 0.3102741 -0.0886034 0.6307578 0.6196406 0.5164762 0.4163832 -0.0645208 0.4552407 0.2072559 0.3084029 0.5434739 0.6561237 0.5416648 0.1988368 0.0507471 -0.1303823 0.2230160 0.1761664 0.7931626 0.7001142
0.2889847 0.2954934 0.0822312 0.4969408 -0.0590304 0.6693763 0.6294299 0.1416075 0.8439721 0.4533797 0.2617497 0.4702671 -0.1384764 0.5807123 0.0000000 0.1111986 0.2598913 0.6447504 -0.0706198 -0.2516744 0.3683976 -0.2455514 0.2738777 0.8024406 -0.0518149 0.2693803 0.4814038 0.7347293 0.5034206 0.3749377 -0.1063629 -0.0311030 0.7973525 0.8462731 0.3761999 0.3217674 0.3507545 -0.0003348 0.4002917 0.4457785 -0.0000482 0.3371161 0.3908344 0.4947740 0.5536140 0.1936692 0.2796864 0.0023443 0.4532960 0.0040555 0.2421441 0.3550715 0.7088952 0.1797794 -0.1296316 0.0908156 0.0778918 0.1367582 -0.0052607 0.0944740 0.1421743 0.0448744 -0.2783748 0.3429851 -0.0269342 -0.1672919 0.0936953 0.1607936 -0.0279288 0.2936536 -0.0638889 0.4743249 0.1116399 -0.3270627 -0.2179946 0.2582879 0.2678571 -0.0341099 -0.0451654 0.0895752 0.1789627 -0.2651393 -0.0867868 -0.0683030 0.0710015 -0.1115936 0.0470407 -0.0313026 -0.0976063 0.0223693 0.0700144 0.2021225 -0.0654164 0.0809266 0.0898629 0.1433727 0.2079173 -0.0394047 0.1064849 0.0076705 0.0500807 0.0999520 -0.0868839 0.0290185 -0.1275938 -0.1007260 0.1061702 -0.1114737 0.1413801 0.0794907 0.1387158 0.2177530 -0.0821248 0.0015302 -0.0618312 0.0098221 -0.0225851 -0.1143423 -0.0542533 0.0152877 -0.1610102 -0.3746530 0.1011552 0.1590374 0.0661844 -0.0385071 -0.1099191 0.1011190 0.1397516 -0.1396500 0.0774989 0.2150886 0.0272270 -0.1633800 0.0422106 -0.1919857 0.0412023 0.1902624 0.0374520 0.1991521 -0.1880603 0.0467279 0.0831941 -0.2486634 0.2293204 0.0298038 0.0937486 -0.0360055 -0.0043642 0.0151311 0.1469204 0.1120577 0.1715059 -0.1249046 -0.4546423 -0.0985511 0.1702785 0.1612908 0.0710944 0.0519609 -0.1883626 0.1034047 0.0521801 0.2488920 -0.0679162 0.1059280 0.2309346 -0.0388057 0.3407575 0.2455548 0.2047073 0.0428923 0.3508079 0.4726665 0.4737339 0.4436384 0.2626957 0.0599732 0.3413239 0.3343924 0.2361133 0.1738439 0.1384554 0.0720167 -0.0710752 -0.2855520 -0.2509441 -0.3626602 -0.0942039 0.4286985 0.0418827 0.2513808 0.1694459 0.0306476 0.0573304 0.1978574 0.0041086 0.3711581 0.0719998 0.0971063 0.3703784 0.4631943 0.4183766 0.2018661 -0.1395408 0.1500527 0.0755459 0.2608994 0.3381339 0.5623826 0.5399271 0.4475518 -0.1239831 0.0463866 0.3142400 0.0981212 0.5701220 0.3281922
0.2083311 0.2169722 0.4848916 0.5175773 0.4138909 0.5001304 0.6134863 0.8322526 0.3543592 0.7264259 0.8747377 0.5460374 0.6816385 0.2041348 0.1111986 0.0000000 0.8555981 -0.4034240 0.8901980 0.6779635 0.6126740 0.8101674 0.9053181 -0.3223888 0.8496702 0.9056620 0.0355349 -0.2802149 0.7191344 -0.0227520 0.7013685 0.5589064 -0.1028997 0.1190138 0.6982269 0.7106690 0.7892098 0.7510058 0.4158173 0.2400730 0.6034195 0.6120741 0.5803616 0.2878677 0.5386904 0.8317685 0.6833905 0.4717352 0.5546011 0.6953845 0.7123498 0.6462225 0.4858963 0.6137950 0.5116482 0.8077950 0.7730357 0.6431687 0.4970517 0.8545032 0.6105870 0.7433930 0.3678122 0.7023257 0.2634208 0.4914661 0.7987308 0.8198319 0.7321253 0.8170421 0.7230504 0.5395856 0.7765029 0.4399103 0.5627421 0.8412482 0.7306412 0.5106866 0.6867571 0.7917335 0.3423318 0.3446916 0.1406784 0.3034014 0.4424759 0.1089571 0.0258057 0.2323521 0.2444068 0.1376681 0.0813773 0.1849840 0.2091509 0.1690072 0.2876465 0.0362837 -0.0094299 0.2246776 0.1047041 0.4343839 0.2074215 0.0237776 -0.0046276 0.1265189 0.1133785 0.4142298 0.2832130 0.2512909 0.2957647 0.4071574 0.1282127 0.2677297 0.1534436 0.1862266 0.1803928 -0.0350411 -0.0140285 -0.0615322 -0.1271347 0.0986007 0.0152342 -0.0907753 0.4199262 -0.4710453 0.2282905 0.1477649 0.5884114 0.1315643 0.2982027 0.3398514 0.2179211 0.2122750 0.4475502 0.0802338 0.2053305 0.0237952 0.2273021 0.2281385 0.1193604 0.4712178 -0.1656086 0.3340906 0.3257668 0.2773197 0.1270877 -0.1931917 0.0109142 0.0129144 0.1591155 0.4081160 0.1984024 0.2999839 0.1306505 -0.2315477 -0.0603701 -0.1397158 0.0738666 0.0325310 0.1922469 0.1435113 -0.1944631 0.2250748 -0.1399868 0.1199064 -0.0322632 0.1534727 0.0345057 -0.0000827 0.0921516 0.2135624 0.1458753 0.1378972 0.2182754 0.2279336 0.4737183 0.2639234 0.4614162 0.1306096 0.6070249 0.5505845 0.2532443 0.6620595 0.6480146 0.6866217 0.6045426 0.1159024 0.3516557 0.1738772 0.5292627 0.3778434 0.1489535 0.4442436 0.1737721 0.1292747 0.2180534 0.1020477 0.3396768 0.5903900 0.3577594 0.1744845 -0.0402168 -0.2445380 -0.1243291 0.0970058 0.3877763 0.5221144 0.2875226 0.4675607 -0.1604003 -0.0601490 -0.0707888 0.1946082 0.4573765 0.3007040 0.4494754 0.3189573 -0.1339296 -0.1166373
0.2942602 0.2958110 0.4884780 0.4801825 0.4904731 0.5964794 0.8226596 0.7452484 0.6180787 0.8692278 0.7842807 0.5329327 0.7493875 0.6306370 0.2598913 0.8555981 0.0000000 -0.0561727 0.7141756 0.6661667 0.4513055 0.6783120 0.9636776 -0.0796659 0.6885505 0.8556107 0.3153355 0.0348943 0.6356558 0.2207422 0.6977961 0.5284604 0.0064377 0.2514462 0.8148512 0.5723008 0.7712662 0.6583283 0.7007316 0.5211917 0.5732315 0.5827054 0.7858857 0.4603715 0.6084353 0.7414579 0.7561310 0.3991474 0.5684261 0.5144759 0.7926885 0.8438568 0.6484228 0.7305684 0.4184454 0.7142041 0.6355384 0.6837600 0.3756517 0.7545176 0.6362759 0.7630353 0.3622199 0.7563269 0.4373976 0.3612015 0.6737321 0.7853909 0.5983778 0.7300691 0.6930972 0.6662270 0.7337794 0.5049605 0.5256955 0.7636591 0.7607652 0.7387903 0.7937195 0.8402980 0.6257180 0.0952082 -0.1600008 0.0086603 0.1946285 -0.1864131 -0.0734546 -0.0218901 -0.0488315 -0.1253354 -0.1169262 -0.0261045 0.0853591 -0.0971444 0.0861661 -0.2509841 -0.0887003 0.0784199 -0.1722060 0.2158178 -0.0805385 -0.1958102 -0.2434602 -0.1242906 -0.0356717 0.1886794 0.0704822 0.0579949 0.1562762 0.3022305 -0.0661512 0.1112239 -0.1478310 0.0745382 0.0163862 -0.2697333 -0.1011668 -0.2967697 -0.2705314 -0.0993193 -0.1839843 -0.2944976 0.3869357 -0.4540882 0.0591090 0.1949509 0.2817578 0.0996151 0.2767256 0.1506179 0.1528005 0.0961706 0.2901606 -0.0067409 0.1741895 -0.0461218 0.1422863 0.2305586 0.1435311 0.2679678 -0.2653992 0.2016484 0.2574059 0.2309553 0.0443105 -0.3083581 0.0223745 0.0094661 0.0339122 0.2521958 0.0961374 0.2078615 0.0960929 -0.3241424 -0.2192990 -0.1998361 -0.0145911 -0.0162701 0.2466769 -0.0087367 -0.2870192 0.0658673 -0.2515837 -0.0563695 -0.1888734 0.0651263 -0.0515927 0.0210473 0.2136622 -0.0296050 0.0880925 0.0428318 0.2516603 0.4775927 0.6208285 0.4013692 0.5189582 0.3684300 0.5344786 0.4304996 0.1432685 0.5155585 0.5488989 0.5776091 0.5368610 0.3294275 0.3935070 0.2592067 0.5966240 0.5337330 0.0106110 0.5623237 0.4801908 0.0186406 0.1830284 -0.0032182 0.1812034 0.5315058 0.4555838 0.0922543 0.2643699 0.0702070 0.1548424 0.2833307 0.2493042 0.6731139 0.3202999 0.5011545 0.1433405 0.2201259 0.2016847 0.2034947 0.3732455 0.1243444 0.4060229 0.3366091 0.2910719 0.2746125
