0.0000000 -0.1646218 0.0848755 -0.6637263 0.4625996 -0.5261220 -0.4374736 -0.2827305 -0.5875775 -0.2388617 -0.3399282 -0.4487373 -0.1522803 -0.1800965 -0.3888695 -0.3025581 -0.3667639 -0.3306038 -0.1522828 0.3774655 -0.5577058 0.2247378 -0.2702442 -0.4773112 0.0549929 -0.1904770 0.2614834 -0.2117757 -0.6643719 0.2223863 0.1675989 0.4706403 -0.6047263 -0.6844618 -0.0492999 -0.1313890 0.0826538 0.3619250 -0.2308403 -0.1541729 0.3360609 -0.2618386 -0.0842316 -0.3415398 -0.3123645 0.0835791 -0.0714110 0.4174338 -0.6616957 0.1701233 0.0279825 -0.1822992 -0.6698479 -0.1503449 0.4609246 0.1073460 0.0793978 -0.2939058 0.4627065 0.0053723 0.1434722 -0.1179078 0.4285298 -0.3862576 -0.6472931 0.3928365 -0.0490826 -0.2817346 0.2438911 -0.1923783 0.5265156 -0.4123480 -0.0443224 -0.2285703 0.3980458 -0.0101942 -0.2008916 0.4486155 0.3424321 0.4320858 0.4574153 -0.1159422 -0.3585273 -0.2007900 -0.3702576 -0.1356663 -0.2599554 -0.1097526 -0.2225988 -0.1580453 -0.1066860 -0.2727246 -0.1612798 0.2581369 0.1235916 -0.1422036 -0.1796841 -0.2843076 -0.0796508 0.2161794 0.1668027 0.0494404 -0.0641671 0.4616478 -0.1744381 0.0729142 -0.1840018 -0.2360090 -0.1912085 -0.2060024 -0.1864517 -0.2613452 0.0020004 0.0750638 -0.0076090 0.1319763 0.3332852 0.4204854 0.3805352 0.2413836 0.3027848 0.2825124 -0.0191876 -0.0727745 -0.0367443 0.1950338 0.2204266 0.0653748 -0.1683655 -0.1544367 -0.1218997 -0.1167535 0.0190881 -0.0277856 -0.1528805 -0.0906300 -0.0308899 -0.2388898 -0.1177376 -0.0390912 -0.2160943 -0.1971089 -0.1354356 -0.1984626 0.0557149 -0.5258615 -0.0233081 0.1372074 0.1571828 -0.0119359 -0.1352053 -0.1067013 -0.1615398 -0.2820343 0.0038757 -0.1867399 -0.2468627 -0.0872412 0.0302856 -0.1290022 -0.4255875 -0.2318713 -0.3278852 -0.1191271 -0.3525945 -0.1788801 -0.1702004 -0.0994416 -0.1446815 -0.3313585 -0.1627152 -0.2055292 0.7610036 0.3923926 -0.0502692 -0.3083295 -0.0996261 -0.1506573 -0.1498688 0.0952294 -0.1450257 0.3971112 0.4752661 0.5045947 0.5695448 -0.2691719 0.4435601 0.4247692 -0.1727621 -0.3980524 0.0380192 -0.2515050 -0.5785273 -0.0871256 0.0528132 0.0216756 -0.1868409 -0.6774788 0.2140923 0.0871664 -0.3137147 -0.0975987 -0.0495870 -0.4042599 0.1016175 0.4316917 0.3258712 0.0624203 -0.0319715 0.1297787 0.0650722 -0.0501019 0.3202317 -0.0248050 0.1611601 0.2879198 -0.1696748 0.0079098
-0.1646218 0.0000000 0.4523737 0.4175336 0.0872021 0.3956425 -0.2043846 0.1813240 0.3426006 0.0997493 0.2370612 -0.0997891 0.0702437 0.2562511 0.4593174 0.1274390 0.4077938 0.5854928 0.4859808 -0.0178228 -0.0806694 0.3196701 0.3196941 -0.1033038 0.7007051 0.6586354 0.4735712 -0.0364211 0.2116854 -0.0821814 0.0572557 0.4874200 -0.1022344 0.1409118 0.5364749 -0.1750213 0.6759731 0.2977646 0.4685769 0.2558354 -0.0624625 -0.3152880 0.5245511 0.1210826 0.1718013 0.5618674 0.4920349 0.1067299 -0.1269298 0.3893616 0.4396690 0.4040369 0.1072279 0.4352465 0.1484366 0.4285600 0.6295258 0.3859226 -0.4896261 0.5317630 -0.3580685 0.5552684 0.0669490 0.3462832 0.0692418 0.3323305 0.3579011 0.4403027 0.3508391 0.3912367 0.0760791 0.2918328 0.1595273 0.3238086 0.1574712 0.1695392 0.3416162 -0.1512048 -0.2370654 -0.2400976 -0.1802946 0.1034284 0.3171794 0.1121153 -0.0881313 0.4245657 0.4781865 -0.4698183 0.4911384 0.2917368 0.3869749 0.4362358 0.1437801 -0.5105594 0.3256149 0.3084883 0.5503408 0.1832596 0.5468349 -0.3903213 -0.2412431 0.1920064 0.3200299 -0.4205428 0.3482801 0.1044669 0.1982960 0.2077605 0.2417630 -0.1671710 0.1962796 0.1715039 -0.2431194 -0.1658013 -0.1561835 -0.2096454 -0.2034809 -0.0772977 -0.2517531 -0.0181430 -0.3351092 -0.2648318 -0.1890286 -0.1698673 0.1018117 -0.0191471 -0.2459046 -0.0901425 0.2875637 -0.0722951 0.1494885 -0.2034595 -0.0601182 -0.2775527 -0.4405360 0.1954086 -0.0767709 0.3546276 -0.0487958 0.0545526 -0.0250330 0.2409654 -0.0152799 0.1542481 0.1489958 0.3114715 -0.0024223 -0.1035327 -0.4731257 -0.0749068 0.2445056 0.2998744 0.2179696 0.0637141 -0.3164499 0.1280550 0.2117868 0.1323540 -0.1001579 0.3257453 -0.1360579 0.2777922 0.1283836 0.1756610 -0.0885935 0.2996337 -0.0881651 -0.1938913 0.0437985 0.1877153 -0.3306656 -0.4595053 -0.2408425 -0.1483461 0.7074350 0.0036401 -0.0888575 0.1814549 -0.0363886 -0.1264368 0.2671715 0.0693773 -0.2724611 0.0732045 -0.3585864 0.2963907 -0.2847326 -0.1935470 0.1429352 0.1344686 0.1832454 -0.0046702 -0.0131189 0.2145550 0.1533278 0.0730047 -0.1952880 -0.2755629 -0.0768135 -0.2195660 0.2420194 -0.2590537 0.3196412 0.0502093 0.1762127 -0.0975913 -0.3241126 0.0701728 0.0789174 -0.3836750 0.0976352 -0.1744650 0.0801380 -0.1992983 -0.1217537 -0.1527985 0.2856388 0.0587975
0.0848755 0.4523737 0.0000000 0.2441021 0.5963411 0.3020578 -0.0758378 0.4596554 0.1673474 0.1872479 0.1950045 0.2500870 0.3723349 0.5259916 0.3258362 0.1959715 0.0351299 0.4127596 0.3712665 0.1640266 0.1469120 0.5010859 0.2264500 0.3506032 0.5703346 0.5854216 0.3194360 0.2768462 0.2597102 0.6031535 0.2014709 0.6429387 0.0124359 0.3570720 0.5231430 -0.2769023 0.7519379 0.5921107 0.6804363 0.6097125 0.3473376 -0.4280102 0.5142341 0.4253326 0.4498638 0.5848361 0.5634303 0.4599967 -0.0988363 0.5268848 0.6443244 0.5890825 0.2543371 0.5816977 0.5536243 0.5883658 0.6630498 0.2685551 -0.1736609 0.6787469 0.1524903 0.5977450 0.5833546 0.4425248 0.2088387 0.4260900 0.4643032 0.3362073 0.5986801 0.4405065 0.3266255 0.5084000 0.3220861 0.6221111 0.3785050 0.3610330 0.6500764 0.2862324 0.1587149 0.1878657 0.0736004 -0.0826402 -0.0395328 0.0594569 -0.2036159 0.2648762 0.4541181 -0.6398193 0.2057724 -0.0120395 0.2264104 0.4153369 0.0563779 -0.4043028 -0.2220769 -0.0277681 0.3637457 0.1097023 0.2898708 0.0763365 -0.2100432 0.2168094 0.1364086 -0.0750923 0.1777027 -0.0638947 -0.0274117 -0.1325725 0.1345409 -0.4067015 0.0196224 -0.2074980 -0.1771388 -0.1374349 -0.2400453 -0.1769192 -0.0865586 0.0032393 -0.1166038 -0.3090220 -0.2952288 -0.1195688 -0.3255382 -0.1421884 -0.1178225 -0.4540427 -0.3012900 -0.0870002 -0.2652612 -0.2567030 -0.2011700 -0.2896650 -0.1904081 -0.1172718 -0.3671216 0.0490164 -0.1653692 -0.0615369 -0.2489850 -0.4028915 -0.1330179 -0.0814187 -0.1126985 -0.2346284 0.0552335 -0.0962127 -0.0714103 -0.2347539 -0.4478132 -0.1575820 -0.2213477 0.0112510 -0.2089968 -0.2177611 -0.4328107 -0.2499248 0.0280587 -0.1368438 -0.1395341 -0.1456880 -0.1647093 -0.0311941 -0.1510120 -0.1498120 -0.3045965 -0.0934398 -0.1309968 -0.1200146 -0.2665301 -0.0363244 -0.4835097 -0.7615640 -0.1245707 -0.4598322 -0.0009042 -0.3079170 -0.1310745 -0.1082903 -0.0200807 -0.3129209 -0.0996702 -0.1738933 -0.1138481 0.0039679 -0.0907502 0.3706915 0.1211112 0.2099053 0.4502570 0.3204821 -0.2713364 0.2394803 0.2148553 -0.3908799 -0.4772398 -0.5182657 -0.7159633 -0.1981907 -0.1606228 -0.6224157 0.0386177 -0.2965583 0.0641533 -0.3484579 0.1049010 -0.3461968 -0.4798849 -0.1081592 0.0816578 -0.4411072 -0.1258138 -0.5245799 0.0428703 -0.4165881 -0.1437801 -0.0887288 0.1937592 0.1445147
-0.6637263 0.4175336 0.2441021 0.0000000 -0.2665206 0.7996166 0.0681436 0.6731805 0.5881117 0.5234077 0.6932663 0.2082488 0.4668794 0.4695845 0.1629566 0.6632096 0.3583522 0.5682766 0.4937835 -0.2825724 0.5448581 0.1333444 0.4557803 0.3427139 0.2041572 0.4533722 -0.3180886 -0.0885985 0.5777491 -0.2586237 -0.0007779 -0.1360795 0.3870257 0.6323202 0.2596248 0.2381446 0.2637803 0.0458011 0.2953061 -0.0362808 -0.1569575 0.2059716 0.2928702 0.1465249 0.5020804 0.2809924 0.3596615 -0.1893393 0.3501705 0.1483212 0.3040801 0.2242930 0.5221770 0.1150513 -0.1794937 0.2033007 0.2225568 0.0119554 -0.4409024 0.1842954 -0.1808124 0.3054266 -0.3032826 0.3367196 0.4371616 -0.2340123 0.0600529 0.0975913 -0.1873131 0.1719901 -0.4120734 0.5363448 -0.1244231 0.2594526 -0.3155909 -0.0683798 0.2819980 -0.4030112 -0.4245895 -0.4356939 -0.5767299 0.0067199 0.3186579 0.1408947 0.0444609 0.2888041 0.3443810 -0.0682875 0.3446734 0.0592599 0.0792148 0.1819640 0.0389286 -0.3686076 -0.1528140 0.0737593 0.0998765 0.2344093 0.1054963 -0.2214079 -0.2248940 0.0597900 0.2085194 -0.4605982 0.1067222 -0.1791128 0.1220980 0.2291224 0.1887849 0.0278558 0.1409765 0.1350161 -0.0395704 -0.0642058 -0.0095760 0.0002318 -0.2326964 -0.2433094 -0.3518066 -0.2167854 -0.3745595 -0.3086214 0.3960578 -0.1383586 0.0239949 -0.1579371 -0.2587953 0.3523751 0.2173620 0.2430082 0.1729768 0.2308416 0.1978637 0.0202225 -0.0567096 0.3948617 0.2222603 0.4218601 0.2051090 0.0678609 0.3321606 0.3579061 0.1422493 0.0618293 0.1578068 0.6368771 0.1527958 0.0405480 -0.1059635 -0.0049321 0.2283400 0.1884848 0.2005064 0.4275522 0.0302242 0.1984047 0.2479603 0.1238107 0.0163260 0.2012576 0.4202246 0.3313062 0.2398794 0.0944121 0.3134180 0.2463820 0.2474420 0.0525068 0.0359716 0.3941636 0.1111768 -0.1697826 -0.7582101 -0.4945932 0.2481959 0.3264134 0.0595574 0.0721289 0.3689953 -0.0612068 0.0439623 -0.2197429 -0.3607139 -0.3318216 -0.5112658 0.1047845 -0.4233940 -0.4105262 0.0582054 0.3617667 -0.0358835 0.1105000 0.4673595 0.0386413 -0.0781388 -0.0600614 -0.1301755 0.6049129 -0.3572025 -0.1049863 0.1515926 -0.3144452 0.1164452 0.1503061 0.1003438 -0.3164116 -0.3573740 0.0130447 -0.0311187 -0.5801084 -0.2044242 -0.1183504 -0.4353404 -0.0511415 -0.2405688 -0.3911748 0.1847139 -0.0111568
0.4625996 0.0872021 0.5963411 -0.2665206 0.0000000 -0.0627632 0.0520125 0.0375077 -0.0949918 -0.0576818 -0.2490484 -0.0606598 -0.1533749 0.2245677 -0.0839069 -0.3208204 -0.3114083 -0.0908714 -0.0383863 0.2969296 -0.1570351 0.2582027 -0.2786564 0.0223560 0.2756880 0.1974904 0.2733875 -0.0431702 -0.1384125 0.4288029 0.2390106 0.6343567 -0.2491535 -0.0216973 0.2382833 -0.3443579 0.5374338 0.5522929 0.3870335 0.3518269 0.4154650 -0.4238119 0.1746061 0.2170324 0.1592656 0.2955888 0.3585294 0.5210665 -0.2244174 0.5654655 0.3472841 0.3071238 0.0326322 0.4412540 0.6718844 0.4005006 0.4087538 0.3101281 0.2117948 0.4171671 0.0784102 0.2982633 0.6447994 0.2064291 -0.0389979 0.5581670 0.4072672 0.1880754 0.5226310 0.1844715 0.6498604 0.0603489 0.2474048 0.4051319 0.3651258 0.2806016 0.2128873 0.4790478 0.2923816 0.2992767 0.4444214 -0.3041129 -0.3682350 -0.1966060 -0.0903098 -0.2377876 0.0607553 -0.6124973 -0.2529131 -0.3014555 0.0703355 0.0704102 -0.0377247 -0.3703720 -0.1323139 -0.1134392 -0.0282774 -0.0576326 -0.0145733 0.0514508 -0.3283575 0.0548947 -0.1257275 0.1394583 0.0019847 0.0416413 -0.2558800 -0.3513083 -0.1229634 -0.3798505 -0.0854153 -0.2655686 -0.0777504 -0.1234897 -0.1003952 -0.1347097 0.0807693 0.2635043 0.0446634 -0.1635484 0.0652742 0.1427729 -0.3320346 -0.2180367 -0.2359017 -0.1109220 0.0607863 -0.3000269 -0.4506898 -0.3325257 -0.2550922 -0.4107685 -0.1499065 -0.3555055 -0.3802256 -0.2983713 -0.2475778 -0.3995324 -0.2955778 -0.5007861 -0.4698876 -0.3457860 0.0396599 -0.3843434 -0.0225798 -0.4845812 -0.2912925 -0.3314033 -0.2692091 -0.2891321 -0.3910937 -0.1611815 -0.4855711 -0.5741550 -0.4071638 -0.4155124 -0.0916337 -0.3796852 0.1228643 -0.2904319 -0.4497593 -0.2536620 -0.4194268 -0.2518912 -0.5993440 -0.4005137 -0.4886899 -0.0384023 -0.2271148 -0.3096989 -0.4067443 -0.4598107 0.1032212 -0.4986888 -0.2606411 -0.6107162 -0.2275130 -0.4552118 -0.2214390 -0.3988362 -0.2123644 -0.1583237 0.0832931 0.0856533 0.4079980 0.1589724 0.5776359 0.6269471 0.3870965 -0.0512336 -0.3743013 -0.1219379 -0.1278770 -0.5383200 -0.3573593 -0.4690918 -0.6580012 -0.4896811 0.0153272 -0.3317303 -0.1317347 -0.3419649 -0.2083732 -0.6297561 -0.2412651 -0.1183047 -0.3673730 -0.2635747 0.0968572 -0.2471431 -0.3265274 -0.6477785 0.0797764 -0.6530037 -0.3304690 0.0768710 0.1531489 0.2208206
-0.5261220 0.3956425 0.3020578 0.7996166 -0.0627632 0.0000000 0.3431007 0.8076281 0.6142459 0.8038781 0.7244660 0.4336198 0.5216084 0.5242597 0.2400171 0.6503088 0.5793493 0.5318280 0.5734134 -0.4431103 0.7569698 0.0389413 0.5020920 0.4478223 0.0384784 0.5406523 -0.1082047 -0.1295611 0.6803952 -0.1278807 -0.2651952 -0.1464767 0.4205414 0.6636580 0.4621060 0.3457159 0.2821737 0.1165421 0.5396880 0.2264419 -0.1805933 0.2673788 0.4940694 0.1781794 0.6307685 0.4163704 0.4819449 -0.1647090 0.5125024 0.3031278 0.4739750 0.5278014 0.7116721 0.4299259 -0.0082081 0.3555065 0.2989118 0.3261780 -0.5361537 0.3864021 -0.0751830 0.5612045 -0.1446422 0.5684350 0.6343712 -0.0749673 0.3924565 0.3579460 -0.0800229 0.3969923 -0.0713226 0.6392332 0.2562898 0.4038384 -0.0576788 0.2660572 0.3972431 -0.1279945 -0.1025633 -0.1371607 -0.2708209 -0.0348404 0.1949523 0.1294657 0.1566942 0.1710148 0.1073444 -0.1470276 0.2356434 0.0598103 0.0501808 0.2337157 0.1382117 -0.3305843 -0.1888008 0.1033005 0.1628310 0.3779904 -0.1752605 -0.2085989 -0.1704780 0.1728942 0.2965241 -0.3182767 0.1265407 -0.1920574 0.0978434 0.4017365 0.1145831 0.1475542 0.0945805 0.0602358 0.0046098 0.1383779 0.2253688 0.2116869 0.0682938 0.1628769 -0.0313467 -0.1007353 -0.1840028 -0.0708445 0.4332612 -0.0821646 0.0543989 -0.1671169 -0.0200711 0.4103062 0.1434127 0.3760660 0.2186137 0.4074257 0.3594484 0.1302040 0.2700015 0.3655057 0.3965560 0.4395865 0.4291579 -0.0061345 0.4833238 0.2915972 0.2720767 -0.0010397 0.4420879 0.4111925 0.3941707 0.3051921 -0.0323166 0.0322783 -0.0092798 0.2052990 0.1797786 0.3307341 0.2517149 -0.0143742 0.1029195 0.3146918 -0.0127751 0.0482370 0.5091331 0.3230001 0.0180873 -0.0379051 0.3331147 0.1776388 0.2299251 -0.0636100 -0.1723869 0.2982851 0.2743432 -0.2353351 -0.5748189 -0.5373630 0.0419568 0.3041800 0.2967040 0.1467220 0.4357814 -0.0553406 0.0100271 -0.4208508 -0.4668454 -0.4545481 -0.5504513 0.2526242 -0.3259068 -0.2479269 0.2464588 0.5465896 -0.0655942 0.2034651 0.6339880 -0.0530055 -0.1464346 -0.1802746 -0.2449601 0.5543099 -0.0522362 -0.1903718 0.0764906 -0.1975253 0.0351579 -0.1251375 -0.0854834 -0.1754144 -0.3964190 -0.3014182 -0.1321215 -0.4162898 -0.2595538 -0.2437492 -0.4788124 -0.0997474 -0.1113399 -0.5701391 0.1932225 -0.0872985
-0.4374736 -0.2043846 -0.0758378 0.0681436 0.0520125 0.3431007 0.0000000 0.0693039 0.4076486 0.0662447 -0.2007845 0.5417543 0.0144300 -0.2237803 0.0923929 -0.2597696 -0.0116739 -0.2867722 -0.3714761 -0.0443106 0.4905211 -0.3049930 -0.3192033 0.3812452 -0.3635734 -0.2576969 -0.3988060 0.1019539 0.3374082 -0.2204141 -0.1472796 -0.2863503 0.5649613 0.3562018 -0.2484691 -0.0104384 -0.1947062 -0.2172155 0.0689243 0.2353221 0.0025415 0.0954782 -0.1838581 0.3327867 0.0457847 -0.1311925 0.0272284 -0.1022910 0.6664323 0.0465053 -0.2122570 0.0995692 0.3430634 0.1086877 -0.0721036 -0.0397365 -0.2042747 0.2830567 -0.2947702 -0.2051809 -0.2278804 -0.1570597 -0.0960413 0.0518769 0.3374054 -0.1681600 -0.0722266 0.0227617 -0.1243841 -0.1610179 -0.1657325 -0.0942808 -0.0118204 -0.0145545 -0.3024990 -0.0342948 -0.0674630 -0.2069215 -0.0670937 -0.1045194 -0.0002182 -0.2525961 -0.2254016 -0.3453065 0.1653439 -0.5266639 -0.2023728 -0.0715258 -0.4032103 -0.1347927 -0.0353870 0.1975469 0.0696035 -0.1501399 -0.3172125 -0.1095275 -0.0839739 0.1602616 -0.5740255 0.0768483 -0.0892608 -0.0801675 -0.1637405 0.0813630 0.0069151 -0.2848231 0.0178103 0.0787216 0.0839854 0.2700223 -0.0856012 0.2408657 0.1974433 0.1724170 0.4294554 0.2587649 0.1962748 0.2157732 0.1040127 0.0693896 0.1770246 0.1865880 -0.1346870 0.1395723 0.0030942 0.1871399 0.1842504 -0.2049876 0.0193816 0.0545022 0.0266224 0.1242043 0.1255640 -0.0861560 0.5046645 -0.1353484 0.1153524 -0.0169989 0.2376096 -0.3544617 0.1210240 -0.2401493 0.0555159 -0.1092734 0.2219965 -0.0475697 0.1252651 0.0514331 -0.1200827 -0.2706827 -0.4721475 -0.1662742 -0.1076067 -0.1757403 0.0682105 -0.3689783 -0.3181407 -0.0285773 -0.3076060 -0.3485408 0.1996184 -0.1424047 -0.3138338 -0.3020058 0.1538018 -0.3470010 -0.1314772 -0.3609535 -0.4061659 -0.1174852 0.3164847 0.0367063 -0.3788216 -0.3161048 -0.2872074 0.2437171 0.1345317 -0.2197671 -0.0148915 -0.2887617 -0.1821076 -0.5739636 -0.4751000 -0.5999834 -0.1854081 0.0040503 -0.0641642 -0.0002569 0.0172833 0.0372614 -0.1235266 -0.0948120 0.2380732 -0.1904097 -0.0146000 0.0231773 0.0739573 0.2729696 -0.0593378 0.1244989 0.1541783 0.2185173 -0.0700145 -0.0348832 -0.3279839 -0.2215947 -0.0950452 -0.1990385 0.0696864 0.1029528 -0.1594244 -0.1948995 -0.2639130 -0.4261224 -0.4460558 -0.2112993 0.3998439 0.2118703
-0.2827305 0.1813240 0.4596554 0.6731805 0.0375077 0.8076281 0.0693039 0.0000000 0.3693582 0.8582477 0.8137398 0.4628087 0.7763854 0.7116153 0.1592311 0.7619717 0.4063984 0.4937992 0.6511562 -0.4220810 0.7300991 0.0984455 0.5775972 0.4893161 -0.0326313 0.5179518 -0.0677100 0.0132376 0.6478124 0.2607942 -0.2639144 -0.0982892 0.2406631 0.5769854 0.5185428 0.3728936 0.2501024 0.1457196 0.5854103 0.2666605 -0.1188683 0.3192485 0.5487573 0.1631550 0.7285183 0.4383991 0.5107078 -0.1372263 0.2763874 0.2895505 0.6549033 0.5267008 0.6567838 0.3037189 0.0164773 0.3893670 0.3381732 0.0968498 -0.2999285 0.4327819 0.2476030 0.5421314 -0.0823753 0.5860859 0.5794677 0.0166346 0.4153388 0.2228341 0.0137951 0.4506529 0.1182481 0.7485624 0.3377782 0.5722273 0.2553653 0.4376039 0.5967911 0.2849260 0.2674447 0.2378633 -0.0180236 0.0035971 0.1223174 0.2118162 0.0430884 0.1939835 0.0311292 -0.1663209 0.0982286 -0.1347019 -0.1506865 0.1021627 0.1118634 -0.2735823 -0.4274032 0.0431991 0.1599428 0.3003520 -0.2108952 -0.2487448 -0.1715369 0.1274410 0.1345901 -0.3279485 0.0356014 -0.0744800 -0.1203075 0.2260071 -0.0579244 -0.0202569 -0.0410878 -0.3133217 -0.1758556 0.0842671 0.0854126 0.0695904 0.0577334 0.0790156 -0.0438050 -0.2831064 -0.1776333 -0.0295552 0.5117632 -0.1567973 -0.0359501 -0.4257179 -0.0603423 0.5409124 -0.0509262 0.2611893 0.0875477 0.4226519 0.2641155 0.1323968 0.2377312 0.4080506 0.2823154 0.3044907 0.2433812 -0.0383215 0.5045070 0.1673024 0.3890787 -0.2443386 0.2469677 0.2957925 0.2698284 0.1560404 0.0803047 0.0045239 -0.0590057 0.0226329 0.0547171 0.3502786 0.1597877 -0.1647709 0.2228362 0.1828464 0.1650046 0.0354065 0.5518605 0.2236420 -0.0786204 -0.0110363 0.2895935 0.0667174 0.2578050 0.1059728 -0.0767657 0.2677112 0.2161170 -0.2902945 -0.3398856 -0.4679782 -0.2747771 0.1136466 0.3234610 0.1899808 0.4174562 -0.0108602 -0.2422106 -0.4495902 -0.2478742 -0.3456746 -0.3829939 0.3470397 -0.1032672 -0.0612396 0.3637812 0.6886031 -0.2643990 0.4722072 0.6931386 -0.1600207 -0.3938502 -0.3166135 -0.3835245 0.5812691 0.0724518 -0.3167327 -0.0603233 -0.1582648 -0.0411379 -0.2553533 0.0437125 -0.1568059 -0.4075637 -0.3912265 -0.1639742 -0.3751518 -0.2997544 -0.2343272 -0.3891840 -0.0066837 -0.0302134 -0.5823819 -0.1583674 -0.2648115
-0.5875775 0.3426006 0.1673474 0.5881117 -0.0949918 0.6142459 0.4076486 0.3693582 0.0000000 0.2603746 0.1257846 0.4845837 0.3532638 0.2024753 0.3510509 0.1461812 0.1771899 0.1691827 0.0061195 -0.1090375 0.4562143 0.2722883 -0.0306874 0.4414063 0.2545345 0.1411845 -0.2180936 0.1823101 0.6373937 -0.1949156 0.2123100 0.1216583 0.6325492 0.6427683 0.0001891 -0.2137754 0.2546199 0.2152754 0.2430049 0.2111371 0.1668326 -0.0651642 0.0596840 0.4167582 0.4867681 0.2235275 0.3480772 0.1435023 0.6045157 0.2000324 0.0935901 0.2904427 0.4662363 0.2081678 0.1483308 0.2552776 0.3185814 0.2769736 -0.6128781 0.0971473 -0.2932931 0.2812630 0.0721779 0.2522474 0.4124766 0.2176721 0.1027192 0.1745020 0.2011567 0.0830104 -0.0918755 0.2410047 0.1107298 0.3336391 -0.1846702 0.0624407 0.2634364 -0.2128661 -0.2341559 -0.2599500 -0.0476436 -0.2578594 0.0368157 -0.2244173 0.0449928 -0.0685103 0.3583702 -0.2477105 -0.0069223 0.0094079 0.0726108 0.3431230 -0.0771654 -0.5171577 -0.1876898 -0.0687393 0.1530518 -0.0024296 -0.0667025 -0.2807748 -0.2968887 -0.1728980 0.0189994 -0.2672396 -0.0402416 -0.2551268 -0.1343686 -0.0070800 -0.1362429 -0.1966582 0.0302426 0.0699992 -0.0894380 -0.2118478 0.0321603 -0.0941044 -0.2234200 -0.2027844 -0.2931740 -0.3342990 -0.2957000 -0.2008734 -0.1346849 -0.1789365 -0.0267444 -0.1260433 -0.1850608 -0.0666731 0.0244063 -0.0302880 0.0020165 -0.1725908 -0.0653800 -0.0917784 -0.0703110 -0.1176822 0.0170943 0.1102045 -0.0545446 -0.3795001 -0.0844525 -0.0412062 0.1846449 -0.2535760 0.0220490 0.1562543 -0.0078535 -0.1509426 -0.5696308 -0.2125905 -0.2782451 -0.0725020 -0.1649013 -0.1640644 -0.2299132 -0.2327110 -0.1689169 -0.0595126 -0.3637789 -0.1071979 0.1701695 -0.0349075 -0.1688389 -0.2443836 0.0081387 -0.1116429 -0.1470725 -0.4098787 -0.2465428 0.0131364 -0.0965124 -0.3543606 -0.5951690 -0.5457500 0.1748788 0.0995112 0.0001951 -0.1784386 0.0920773 -0.3801206 -0.0980536 -0.4969651 -0.6873515 -0.6829829 -0.5380158 0.1008534 -0.1230326 -0.0010608 0.1830263 0.1438388 -0.3405227 0.0021200 0.3014172 -0.3156700 -0.2848825 -0.2532373 -0.2178823 0.3506598 -0.1118384 -0.1631698 0.3854337 -0.1247288 0.0884514 -0.0173133 0.0537553 -0.0922342 -0.5481359 0.1757222 0.1409146 -0.3471920 -0.4092078 -0.3319073 0.0203283 -0.2747609 -0.3388008 -0.0024674 0.5651380 0.3820614
-0.2388617 0.0997493 0.1872479 0.5234077 -0.0576818 0.8038781 0.0662447 0.8582477 0.2603746 0.0000000 0.8744304 0.2864531 0.5868671 0.6084452 0.0273043 0.8245389 0.6454820 0.3884190 0.6445378 -0.4624442 0.6565601 0.0343736 0.7109491 0.2774494 -0.1744514 0.5682211 0.0275091 -0.2830629 0.5040360 0.1019937 -0.3742842 -0.2558880 0.0823324 0.4072025 0.6247215 0.4566270 0.0917829 0.0632194 0.5534376 0.2001712 -0.2283518 0.4067986 0.6226724 -0.0507403 0.6348332 0.2784833 0.3857362 -0.1884502 0.2686422 0.2820235 0.5949648 0.5605549 0.6935543 0.3947699 -0.0109520 0.2807258 0.2019857 0.1979805 -0.2355867 0.4448446 0.2306131 0.5919266 -0.1440680 0.5910012 0.5943298 -0.0555675 0.4882126 0.3398834 -0.1397348 0.4885427 0.1509399 0.7222986 0.4132005 0.4128289 0.1716718 0.4034556 0.3927437 0.1915654 0.2021081 0.1354680 -0.0575891 0.0288829 0.0645602 0.2678142 0.2196145 0.1666700 -0.2109674 0.0147074 0.1127078 -0.0764169 -0.2541805 -0.0826541 0.0383297 -0.1608944 -0.3377187 0.0125242 0.0315159 0.2195334 -0.3428510 -0.2813194 -0.1704498 0.0558814 0.1319616 -0.3261670 -0.0890089 -0.1415895 -0.1462077 0.3055253 -0.2154673 0.0958587 -0.1452413 -0.3161494 -0.1116471 0.1609497 0.1177602 0.1906087 0.1471026 0.2155747 0.1330661 -0.1650223 -0.0694257 0.0443405 0.6088437 -0.1967651 -0.0876895 -0.3780310 0.0692778 0.5175493 -0.1050888 0.3576928 0.0841611 0.4930561 0.3551767 0.1867760 0.3633232 0.2565982 0.3490886 0.2377686 0.4047879 0.0599327 0.5150899 0.1718411 0.3717170 -0.1318454 0.2792203 0.1479388 0.3419318 0.3948903 0.2503891 0.0980304 -0.0583174 0.0255876 0.0384562 0.3197649 0.4221794 -0.1271425 0.1034066 0.2779413 0.1992410 -0.0830759 0.4888278 0.1473414 -0.1033962 -0.1026618 0.2366044 0.0798987 0.2109808 0.1389195 -0.1322728 0.1124776 0.3344340 -0.0669165 -0.1986212 -0.3478458 -0.3143600 0.0838549 0.3400408 0.2319409 0.4024489 0.0894937 -0.1457771 -0.3557712 -0.1786223 -0.2711963 -0.3616559 0.2579034 -0.1090178 -0.0749740 0.3248521 0.6905681 -0.1775009 0.3714658 0.6968032 -0.1211845 -0.3056302 -0.3601493 -0.2807909 0.5753457 0.1251095 -0.2864203 -0.1251444 -0.1278009 -0.2260890 -0.3223638 -0.0975011 0.0354044 -0.3222393 -0.4544623 -0.2190580 -0.2378879 -0.2980066 -0.2383147 -0.4052815 0.2123531 0.1758232 -0.5575605 -0.1952793 -0.3439889
-0.3399282 0.2370612 0.1950045 0.6932663 -0.2490484 0.7244660 -0.2007845 0.8137398 0.1257846 0.8744304 0.0000000 0.1272847 0.5897954 0.6320564 0.0671785 0.9240574 0.6643222 0.6055724 0.7727740 -0.5003244 0.5516806 0.0176163 0.8613535 0.2074410 -0.0703002 0.6594851 0.0016847 -0.2474454 0.4575144 0.0552905 -0.3613499 -0.3010988 -0.0309161 0.3553316 0.6603827 0.5311789 0.1308048 -0.0671385 0.4595672 0.0466878 -0.3666479 0.4564555 0.6243487 -0.1477628 0.5248988 0.2466657 0.3079836 -0.3461172 0.0775249 0.1010892 0.5778271 0.4182263 0.5810030 0.2404203 -0.2383243 0.1472067 0.1803336 0.0463034 -0.2063550 0.4175836 0.2269478 0.5389147 -0.3220156 0.5730890 0.5237779 -0.2488193 0.3688656 0.3234483 -0.2762987 0.5105116 -0.1026527 0.7955177 0.2589050 0.3827390 0.0854789 0.2988626 0.4445095 0.0091245 0.0037597 -0.0454576 -0.3723774 0.2082503 0.3196662 0.4452631 0.1788426 0.4529534 0.0301379 0.1038668 0.4207486 0.0886582 -0.0444441 0.0249100 0.1788125 -0.1038645 -0.1426395 0.2193713 0.1816628 0.3296950 -0.0103583 -0.2622126 -0.0941753 0.1931384 0.2695477 -0.4440674 0.1228727 0.0397369 0.0545710 0.4104867 0.0281885 0.1782308 0.0459271 -0.1511282 -0.0909273 0.1718558 0.0463869 0.1138460 0.0133275 0.0206541 -0.0376213 -0.1129847 -0.1732262 -0.0937849 0.6383986 -0.1359843 0.0454924 -0.4034198 -0.0686186 0.5940102 0.0923589 0.4007833 0.2062268 0.5105517 0.3272934 0.1902155 0.1986208 0.4585630 0.3377029 0.3834873 0.3762158 0.2392711 0.5553439 0.3201547 0.2727227 0.0494315 0.2105500 0.4293642 0.2746833 0.2867993 0.2765642 0.1348269 0.2405971 0.1482825 0.2268970 0.5598590 0.3166572 0.1544072 0.3159563 0.2818291 0.2345103 0.1509416 0.4973770 0.3119410 0.2133769 0.1273744 0.3383453 0.2975234 0.3618825 0.2838001 0.0822568 0.3235903 0.2454926 -0.0285943 -0.3120694 -0.2801087 -0.0945100 0.1971224 0.3023239 0.3897012 0.4399531 0.2344122 0.0308989 -0.1292968 -0.0485107 -0.0629922 -0.4015910 0.3133221 -0.3091360 -0.3284448 0.2649458 0.7279854 0.0122818 0.4230832 0.6689149 0.1313917 -0.1588040 -0.1794376 -0.1891569 0.5768411 -0.0409504 -0.2972756 -0.1037126 -0.2514765 -0.0738554 -0.1054817 0.0682651 -0.1237087 -0.2656750 -0.3316256 -0.2238736 -0.3817004 -0.1336469 -0.0710707 -0.4371364 0.3362746 0.2422805 -0.5529567 -0.3510586 -0.4859491
-0.4487373 -0.0997891 0.2500870 0.2082488 -0.0606598 0.4336198 0.5417543 0.4628087 0.4845837 0.2864531 0.1272847 0.0000000 0.5040823 0.2780840 0.6359038 0.1628889 0.2592777 0.2927028 0.1090801 -0.4621429 0.8005590 -0.1682144 0.0729572 0.8406785 -0.2249136 0.0208987 -0.0077753 0.6919706 0.7798514 0.3881784 -0.2954022 -0.2015246 0.7270054 0.6902891 0.0694443 0.2210592 0.0261195 -0.0997945 0.3813454 0.5832734 -0.0760740 0.3289698 0.1510090 0.6553719 0.5937374 0.1933344 0.2351636 -0.1840306 0.7214600 -0.1274885 0.2089326 0.4521173 0.5538995 0.2691172 -0.0092563 0.1484090 0.1291788 0.3723218 -0.3365628 0.1442711 0.4386690 0.2391233 0.1192709 0.4495181 0.7005120 0.0300697 0.2690019 0.2952870 0.1962551 0.2943992 0.0840174 0.3942058 0.4721153 0.5176528 0.2602176 0.5035335 0.6055322 0.3130738 0.4032466 0.3861647 0.1861024 0.1654156 0.2529258 0.0688311 0.1951176 0.0574008 0.2556560 0.0705570 0.0583258 0.2510707 0.1883216 0.4845458 0.2581648 0.0515875 -0.2171800 0.2079818 0.3977242 0.3754104 -0.1692614 0.0678200 0.2819124 0.1553344 0.1664569 0.1051891 0.3031224 0.0544895 0.0534653 0.1756992 0.1730235 0.1125548 0.2803595 0.0671104 -0.1066886 0.0814337 0.1784491 -0.0443024 -0.0618752 -0.0463528 -0.1279093 -0.2005211 -0.1556025 -0.1412376 -0.0258187 0.2732500 0.2010522 -0.3385078 -0.1703330 0.1981926 0.0426329 0.1183859 0.0658102 0.3200658 -0.0980569 0.3605592 0.4811719 0.1941449 0.1057862 0.2841157 0.0625001 -0.1160624 0.3630409 0.1143870 0.2275152 -0.0479206 0.1777199 0.1693285 0.2581088 -0.0789687 -0.2338592 0.0858955 -0.1701872 0.1078562 0.1554212 0.1184793 -0.0061645 -0.0912457 0.0382830 0.2170088 -0.2190444 0.0614602 0.4738438 0.2245835 0.0708293 0.0155875 0.3893143 0.0954921 0.2155690 -0.1487755 -0.0692935 0.2987005 0.1041721 -0.1861142 -0.2666346 -0.3500694 -0.3497035 0.3496361 0.6254493 0.3368080 0.4309409 0.0888788 0.0336601 -0.4654427 -0.3499181 -0.4845400 -0.3851584 0.5318225 -0.0441043 0.0318632 0.4440124 0.4712536 -0.1693634 0.5544480 0.5030280 -0.1053988 -0.3171453 -0.1788117 -0.1645472 0.3814820 0.1944062 -0.3178078 0.0516368 0.2255272 0.0459027 0.0877011 0.0178825 -0.2747493 -0.3018673 -0.2030151 -0.1352469 0.0235492 -0.1664911 0.0213256 -0.1356653 -0.0354905 0.0718623 -0.2529958 0.0801438 -0.0321988
-0.1522803 0.0702437 0.3723349 0.4668794 -0.1533749 0.5216084 0.0144300 0.7763854 0.3532638 0.5868671 0.5897954 0.5040823 0.0000000 0.4953956 0.1232293 0.5775212 0.2467817 0.3308164 0.3696033 -0.2366075 0.6196642 0.3486986 0.4298240 0.4680916 0.0186592 0.3259634 -0.2122475 0.1598747 0.5526302 0.3347043 0.0406318 0.0256323 0.2076864 0.3791735 0.3144326 0.3565839 0.1158643 0.1535233 0.2355708 0.1007413 0.1875490 0.4210033 0.2785230 0.0130658 0.5028230 0.2492351 0.3420857 0.0500034 0.0688088 0.0937329 0.4256470 0.2441715 0.2801620 -0.0956888 -0.0096801 0.1425100 0.2337557 -0.2611257 -0.1368268 0.1688627 0.2995217 0.2686049 -0.0665260 0.2543256 0.2655149 0.0794553 0.0893092 -0.0131804 0.0090079 0.1679910 0.0801534 0.5252187 0.1576621 0.4591404 0.2769953 0.2918469 0.6189842 0.2061905 0.1684552 0.2246592 -0.0746428 0.1697496 0.1598999 0.1319888 0.0410246 0.2657583 0.2333216 0.0830301 0.1437148 0.0650285 -0.0291656 0.3248744 0.2335776 -0.0554186 -0.3980232 0.0984818 0.3975415 0.2272921 -0.1876251 -0.0935892 0.1245335 0.1794719 0.1426325 -0.0556768 0.1679746 0.0854275 -0.0191333 0.2473989 0.0166134 0.0861366 0.0803160 -0.0791964 -0.0276955 0.2720842 0.2423666 0.1899164 0.1896227 0.0579758 0.0113641 -0.1404302 0.0355330 0.1141507 0.3356137 -0.0130375 0.2301896 -0.5307557 -0.0154857 0.5860651 0.1023709 0.2683488 0.2213320 0.3239320 0.2714256 0.2377330 0.2504634 0.3439462 0.3202264 0.3413322 0.2296283 -0.1456366 0.3618836 0.0118201 0.4173192 -0.2905160 0.1770631 0.2165481 0.2415894 0.0586175 -0.0965204 -0.0843865 -0.1418857 -0.0576592 0.1034335 0.2566565 0.0193473 -0.2100392 0.0447873 0.1236641 -0.2069251 0.0226962 0.4403136 0.0902022 -0.0997369 -0.0276564 0.3510126 0.0072616 0.2747058 -0.2392020 -0.1496289 0.2019162 0.0983785 -0.3717626 -0.2360997 -0.2330088 -0.1592785 0.2877942 0.3681938 0.2748436 0.4540051 0.2045592 -0.2160678 -0.1754894 -0.0416951 -0.1555890 -0.1883571 0.2789659 0.0887223 0.1194410 0.4035478 0.5686091 -0.1850997 0.3990567 0.4644613 -0.1569707 -0.4329255 -0.2800235 -0.4154044 0.3636220 -0.1099708 -0.3896866 0.2747441 -0.0367595 0.2090040 -0.1816769 0.5214527 0.0904091 -0.2006566 0.0450420 0.1926840 -0.3351175 -0.1070562 -0.1465193 0.0694828 0.2260210 0.1114622 -0.0980396 -0.0638470 -0.0666933
-0.1800965 0.2562511 0.5259916 0.4695845 0.2245677 0.5242597 -0.2237803 0.7116153 0.2024753 0.6084452 0.6320564 0.2780840 0.4953956 0.0000000 0.2857317 0.5692785 0.2289964 0.6222832 0.7149460 -0.2656591 0.5248143 0.2503118 0.4371739 0.5551597 0.1485030 0.6598701 0.1542338 0.1487286 0.5807291 0.5831615 -0.0890530 0.1005149 0.1091905 0.5949914 0.5782221 0.3687652 0.3850335 0.3447372 0.6326945 0.2707944 -0.0488598 0.2332642 0.4756328 0.2302613 0.5551125 0.3691551 0.4022493 -0.0196131 0.1414598 0.1732971 0.6039223 0.4036221 0.6095744 0.4090100 0.0407875 0.2301377 0.3630891 0.1947716 -0.0080390 0.5155144 0.2619525 0.5529647 0.0146514 0.5962523 0.4782493 0.1646943 0.5747849 0.2944853 0.0643875 0.5082722 0.2940903 0.7310158 0.3964230 0.6119501 0.3333146 0.4138666 0.5972287 0.3625834 0.2213732 0.1747482 0.0112569 -0.0131136 0.0984251 0.2443269 -0.0220615 0.2786941 0.2612931 -0.2584846 0.2376173 -0.1546460 0.0257857 0.2459884 0.2478481 -0.2584316 -0.0961392 0.1621548 0.3110237 0.3989695 0.2048122 -0.1174335 -0.1830874 0.2898973 0.1195997 -0.2676938 0.1799241 0.1989932 0.0203413 0.1637516 0.0344492 -0.0214674 0.1763720 -0.1759669 -0.0796815 0.1082091 0.0032700 0.0485766 0.0734902 0.1308301 0.0515967 -0.1354029 -0.0132399 0.0329951 0.2627290 0.0268028 0.0799645 -0.4390697 0.0817549 0.4236737 -0.0588792 0.2150395 0.1630767 0.2459451 0.2229963 0.1529286 -0.0070939 0.4271505 0.2100232 0.1982748 0.1674844 0.0256035 0.2952999 0.2610471 0.4512787 0.1116215 0.2697784 0.2656613 0.2159560 0.0585762 0.0750430 0.0775921 0.1929871 0.3865863 0.0425363 0.2776183 -0.0355056 0.0960236 0.2780388 0.2847803 0.2499704 0.1197007 0.4570824 0.2684774 0.1650588 0.0036794 0.1646950 0.3564728 0.2049374 0.2374122 0.0447986 0.2599946 0.1225350 -0.0707381 -0.1440034 -0.4586906 -0.1250178 -0.0989904 0.2345780 0.1685602 0.3376340 0.1091015 -0.1512778 -0.0765941 0.1008994 0.0948522 -0.0566496 0.3018200 0.1783942 0.1834467 0.5688983 0.5530177 -0.1091520 0.2877676 0.5753515 -0.1857407 -0.3182175 -0.4524754 -0.4893209 0.3943714 -0.0335872 -0.3981728 0.0241244 -0.2973976 -0.1184394 -0.2770389 -0.0205997 -0.2347444 -0.5168426 -0.4944303 -0.1095835 -0.4873306 -0.3110988 -0.1750040 -0.2795842 -0.0101769 0.0904556 -0.2905544 -0.1205273 -0.1402475
-0.3888695 0.4593174 0.3258362 0.1629566 -0.0839069 0.2400171 0.0923929 0.1592311 0.3510509 0.0273043 0.0671785 0.6359038 0.1232293 0.2857317 0.0000000 0.0604546 0.4503128 0.5935424 0.2815277 -0.3057284 0.3264307 -0.0979168 0.1920572 0.5212234 0.1643758 0.3296167 0.4870090 0.7427728 0.5982427 0.3396171 -0.3352761 0.0526425 0.4306450 0.4780287 0.3487290 -0.0341946 0.3757379 -0.1060673 0.5677147 0.7247011 -0.3605633 -0.0229881 0.4348672 0.7421963 0.4159027 0.3165632 0.2890749 -0.2722954 0.4727817 -0.1602384 0.3446661 0.5752714 0.3873054 0.5045072 -0.0358019 0.2057740 0.4208350 0.6066689 -0.3917388 0.4330202 0.2950328 0.4362059 0.1276784 0.5183596 0.5901829 0.1454090 0.4038749 0.5467385 0.3525964 0.4943227 0.0407730 0.3910113 0.4996414 0.5038994 0.2774813 0.4601574 0.6144107 0.2100666 0.2148256 0.1436486 0.0642517 0.2196475 0.3924747 0.0799715 -0.0409964 0.3079454 0.5538329 -0.1705524 0.4089899 0.4524854 0.4797028 0.6379894 0.2070837 -0.1724580 0.2531393 0.4547119 0.6690393 0.2919468 0.4250492 -0.2227383 0.1249095 0.1160946 0.2051190 -0.2560182 0.4516214 0.1864203 0.0745395 0.1070496 0.2219935 -0.1154161 0.3502330 0.1010210 -0.4231943 -0.2467011 -0.1851860 -0.4206998 -0.4256082 -0.2795885 -0.3917105 -0.1926471 -0.4897694 -0.5183752 -0.2993479 0.0922511 0.1187970 -0.2447872 -0.4619432 -0.0887994 0.1182164 -0.1973888 -0.0586359 0.0553529 -0.4436011 0.0737078 0.0683017 0.2353118 -0.2587616 0.2770007 -0.2467596 0.0599686 0.2455799 0.2452895 -0.0024687 0.2419584 0.0013400 0.3213081 0.0010417 -0.2577551 -0.4429877 0.0462196 0.1716838 0.3266540 0.2352806 0.1713947 -0.3182631 0.2076897 0.1262430 0.2028346 -0.2280010 0.2818503 0.1564275 0.2839587 0.3513123 0.1076722 0.1356840 0.4011460 0.0209588 -0.1288808 0.0825277 0.2866790 -0.2466082 -0.2323662 -0.0486214 -0.1542612 0.1321548 0.1732463 0.4886695 0.4637640 0.1733750 0.0514794 0.2536462 -0.1397516 -0.2639257 -0.1244288 -0.4735902 0.6426729 -0.2449133 -0.1958122 0.3299314 0.3292655 0.0395308 0.4456929 0.2194293 0.1851468 -0.0309711 0.0056223 -0.1071346 -0.0059578 0.1675733 -0.4128351 -0.0756939 0.0450780 -0.0122699 0.1961494 -0.0720786 -0.4425038 -0.4606902 -0.1584617 -0.3346263 -0.0916283 -0.1108191 0.0869752 -0.1058898 -0.0634123 0.1131263 -0.2004016 0.0666971 -0.1218331
-0.3025581 0.1274390 0.1959715 0.6632096 -0.3208204 0.6503088 -0.2597696 0.7619717 0.1461812 0.8245389 0.9240574 0.1628889 0.5775212 0.5692785 0.0604546 0.0000000 0.6453849 0.5238551 0.7311143 -0.4260896 0.5236249 0.1627815 0.8644831 0.2175749 0.0204004 0.5923098 0.0218830 -0.1981248 0.4432338 0.0723286 -0.2276338 -0.2350540 0.0732501 0.4008910 0.5694769 0.4526313 0.1288046 0.0778120 0.4105752 0.0897301 -0.2091847 0.3923240 0.6018551 -0.0314823 0.6315695 0.3114513 0.3409391 -0.1717212 0.1483861 0.1673457 0.5610956 0.4372614 0.5385291 0.2414968 -0.0564522 0.2849991 0.2180167 -0.0104991 -0.2179260 0.4088170 0.2870389 0.5004951 -0.1402489 0.4418360 0.4680894 -0.1643493 0.3066107 0.1922628 -0.1265594 0.4014510 -0.0919589 0.7065268 0.1986307 0.2866878 0.0717811 0.1919990 0.3709622 -0.0206515 -0.0013118 -0.0163737 -0.3457553 0.2225934 0.3223823 0.4478106 0.1576322 0.4759986 -0.0001153 0.1968328 0.4005593 0.1520647 -0.1879485 -0.1258648 -0.0734344 0.0196902 -0.2318197 -0.0097727 0.0432054 0.1274291 -0.0522762 -0.1434874 0.0132449 0.0656978 0.2221537 -0.3048805 -0.0742022 -0.1881848 -0.0116317 0.2196978 -0.0579401 -0.0025214 -0.0507893 -0.2322456 -0.1908962 -0.0001838 -0.1698311 0.0326321 -0.1256081 -0.1067555 -0.0575549 -0.2384451 -0.3193540 -0.2557269 0.6164312 -0.0985565 -0.0560716 -0.4164564 -0.2482295 0.5735628 0.0016141 0.3088385 0.0395267 0.4499277 0.1825493 0.3334746 0.1350062 0.3460226 0.2497702 0.3615080 0.2608269 0.2919279 0.5141176 0.4316219 0.1002195 0.0858162 0.1204840 0.3271120 0.3329113 0.3433567 0.2190444 0.3035390 0.2418164 0.1531995 0.2254220 0.4923367 0.3967992 0.1819462 0.2499153 0.3185384 0.1807149 0.1157425 0.4415434 0.2809457 0.1863897 0.0912718 0.3092649 0.3056031 0.3798453 0.2630501 0.0443854 0.2620633 0.1963723 -0.0525736 -0.2590523 -0.1721199 -0.0989493 0.2438782 0.2541474 0.3771581 0.4825788 0.2644833 0.0800269 -0.0628177 -0.0624488 -0.0935238 -0.4079552 0.1770198 -0.3060422 -0.2997417 0.1563733 0.5800134 -0.0185499 0.4133669 0.5697407 0.0492895 -0.2232257 -0.2752418 -0.1261863 0.6003348 -0.0710152 -0.2623329 -0.1507793 -0.1713744 -0.1189608 0.0435505 0.1533263 -0.0087656 -0.1644563 -0.1417366 -0.2117880 -0.2871125 -0.1018004 0.0038143 -0.3402638 0.4709404 0.3273523 -0.4504316 -0.2163416 -0.3349210
-0.3667639 0.4077938 0.0351299 0.3583522 -0.3114083 0.5793493 -0.0116739 0.4063984 0.1771899 0.6454820 0.6643222 0.2592777 0.2467817 0.2289964 0.4503128 0.6453849 0.0000000 0.5406232 0.6001756 -0.5421997 0.4045380 -0.0698350 0.8272294 0.0612601 0.0186615 0.6416108 0.4400068 -0.1182100 0.4347766 -0.0706849 -0.4691789 -0.2186276 0.0169008 0.2230164 0.7312098 0.3190668 0.1948647 -0.1534046 0.5314026 0.3950010 -0.4434020 0.3278738 0.7637669 0.0913102 0.5024323 0.2975149 0.3447380 -0.3180994 0.2459095 0.1336105 0.5232839 0.6767754 0.5242828 0.5144561 -0.0750918 0.2573674 0.3056227 0.5103626 -0.4342126 0.5390492 0.2258386 0.6471276 -0.0924876 0.6083207 0.5994698 -0.0450970 0.4978616 0.6396967 0.0233101 0.6071659 0.0263726 0.6066645 0.4914917 0.3466387 0.1894233 0.4140133 0.4167878 -0.0294310 0.0419393 -0.0234959 -0.2396289 0.4016327 0.4979745 0.4413730 0.3779725 0.4999114 0.0666426 0.1897682 0.5544972 0.5495835 0.1564953 0.1730653 0.1015430 -0.0240345 0.1351841 0.3542438 0.4079441 0.2289743 0.0471706 -0.3417492 0.0903101 0.1019956 0.3500831 -0.3496955 0.2384879 0.0009070 0.0833555 0.3773764 0.0407778 0.1223200 0.1034015 0.0097049 -0.3156567 -0.0136120 -0.1020243 -0.1128911 -0.2113755 -0.0627253 -0.1304684 -0.0849872 -0.3568561 -0.3608014 0.2756544 -0.0592938 0.0712608 -0.2948526 -0.3071997 0.2373280 0.1542037 0.1992315 0.0899141 0.3598158 -0.0344457 0.1792510 0.2043648 0.1551710 0.0771116 0.4319456 0.2186756 0.3021608 0.4219581 0.3685274 0.0189933 0.2213302 0.1175823 0.2273200 0.2448488 0.2301376 -0.0592765 0.2286982 0.2053461 0.1869384 0.3305988 0.3223441 0.2776535 0.1761550 0.1785805 0.3470603 -0.0139828 0.1875238 0.1889382 0.2974599 0.2060679 0.1441501 0.2076639 0.3309959 0.1407655 0.0389635 0.0420893 0.1970009 0.0305178 -0.0738879 -0.1713235 -0.0958204 0.0653708 0.2934581 0.4550286 0.6158116 0.3612256 0.2861648 0.4134368 -0.0836727 -0.2309155 -0.1121446 -0.5661074 0.5149794 -0.4133369 -0.3565961 0.2584316 0.5899028 0.1634554 0.4549916 0.4291896 0.2974895 0.0200381 -0.0741701 0.0019724 0.2161293 0.1375933 -0.3505889 -0.1254239 -0.0645895 -0.1011861 0.1105682 0.0274481 -0.0062946 -0.2168779 -0.1712192 -0.2671102 -0.0803023 0.0024576 -0.0103251 -0.1948700 0.4225437 0.4059287 -0.4441635 -0.1311122 -0.4188170
