0.0000000 0.8982472 0.8597086 0.7604195 0.5681070 0.5177564 0.1881869 0.5132569 0.6548039 0.6744282 0.5435962 0.7498550 0.3912204 0.4436806 0.7199890 0.3179337 0.4909750 0.1873487 0.4369373 0.1283470 0.6996427 0.2940837 0.5073842 0.3713564 0.4416059 0.4915150 0.4100257 -0.1113580 0.5881083 -0.0700012 0.2857855 0.3525752 -0.0131511 0.1699214 0.5461613 0.5712233 0.4573289 0.3674495 0.3616125 0.1768419 0.2874909 -0.0148571 0.5320797 0.0249049 0.4482741 0.5026880 0.5609149 0.2957434 0.4133211 0.4134298 0.5040331 0.4417567 0.6628893 0.3999745 0.1987056 0.4227632 0.3891254 0.5689972 -0.3458339 0.3171348 0.4428343 0.2859968 -0.0655970 0.6425035 0.6822993 0.2290156 -0.0077361 0.2759678 0.2274538 0.4941681 0.2408361 0.5577069 0.0464618 0.4834693 0.3939362 0.2601045 0.3248702 0.3203152 0.1810091 0.4866705 0.5787921 -0.0341314 0.0375245 -0.2405374 -0.3006345 -0.1745372 -0.0160229 -0.3235706 -0.1358944 -0.3205496 0.1024009 0.0926689 0.1252121 -0.2759118 0.2295638 0.2812973 0.2401846 -0.1594363 0.1915893 -0.3350725 -0.2127599 -0.1673176 -0.1388869 -0.2064736 0.3091255 0.4041592 -0.1407623 -0.1036534 0.2316063 0.0522607 0.4758240 0.1017369 -0.0450535 -0.0037381 -0.1032231 -0.0141785 0.0509029 -0.1024629 0.0398887 0.0490631 -0.0635152 -0.1229460 0.0138220 0.0548051 0.3262683 0.3474516 -0.2151706 -0.0605926 0.4850580 0.0307512 0.3374846 0.0799474 0.0237951 0.2140931 0.3412064 0.0520090 0.4021535 0.5486218 0.4344514 0.6490008 0.1636553 0.6065855 0.1376638 0.6445230 0.4495975 -0.1950680 0.3495864 0.3184703 0.0760690 0.6214655 0.6141699 0.5458536 0.4331903 -0.0295362 0.0379871 0.3383252 0.2317582 0.2900642 0.0547414 0.4996621 -0.0457800 0.4550977 0.0423791 0.4763365 0.0819084 0.4099506 0.0159311 -0.1156101 -0.0715789 0.0573373 0.0296919 -0.1319771 0.0731614 0.1663272 0.1024743 0.6830582 0.7513718 0.6614839 0.6525591 0.6477136 0.3727928 0.5040814 -0.1639005 0.1634458 -0.1506088 0.6480825 0.2960708 0.1813833 0.3823398 0.2779674 -0.0451683 0.7008577 0.6738342 0.2882612 0.3470060 0.4341190 0.2996196 0.6398220 0.7449723 0.4677430 -0.0258266 -0.1757194 0.1652345 0.2664504 0.4048193 0.3207796 0.2162048 -0.1219607 -0.2508759 0.0691860 0.0008903 0.4202007 0.4395565 0.6122215 0.3810137 -0.0439902 0.0351062 -0.1148943
0.8982472 0.0000000 0.7965837 0.6468532 0.4620858 0.5375708 0.2858373 0.3923403 0.6575068 0.5713070 0.3195703 0.7632297 0.2377055 0.4350673 0.6781565 0.0469038 0.2679031 0.2939997 0.1631924 0.0524728 0.6325172 0.0443810 0.2346250 0.4108431 0.1783719 0.2094246 0.3380219 0.1660305 0.5758069 0.1116429 0.0340610 0.1342042 0.2773294 0.3583082 0.3320700 0.6008368 0.1862309 0.1287593 0.4383411 0.3010122 0.0989733 0.1265814 0.3873739 0.3212351 0.5660693 0.2725440 0.3212335 0.0770679 0.6326576 0.2179765 0.2506530 0.3619200 0.7059416 0.3740125 -0.0085026 0.2248424 0.1161017 0.6468699 -0.2843589 0.0392989 0.4464393 0.0815720 -0.2620658 0.4805868 0.6107780 -0.0546226 -0.2757974 0.1140330 0.0104163 0.2827125 -0.0515689 0.3923489 -0.1760644 0.3085545 0.2235950 0.0347852 0.1461972 0.0946126 -0.0781547 0.3379147 0.3809759 0.1480521 0.2308200 -0.1334277 -0.1965665 -0.0541879 -0.0076913 -0.1941316 -0.0766361 -0.1864178 0.0609425 -0.0013986 0.0412379 -0.2020420 0.1136299 0.1684978 0.0877748 -0.2050291 0.0356133 -0.2121750 -0.2437707 -0.0944827 0.0330630 -0.2305983 0.1810040 0.2928761 -0.0450033 0.0346310 0.1858824 0.1648592 0.3375136 0.0972347 0.1836685 0.0743909 0.0085919 0.1038207 0.1208652 0.0976272 0.1584380 0.1959278 0.0920403 -0.0544323 0.0564807 0.3123789 0.5239063 0.4634042 -0.1290632 -0.0228559 0.5832799 0.1140597 0.4519780 0.0809780 0.1374620 0.2429509 0.4356028 0.1569498 0.4416981 0.6105646 0.4958980 0.7081048 0.2638725 0.6617267 0.0849351 0.5700782 0.5454564 0.0144060 0.4449727 0.4155597 0.0572114 0.6879721 0.6999667 0.6528734 0.5229209 0.0726072 0.1416274 0.3710681 0.2774738 0.4120918 0.0333687 0.6168494 0.0432937 0.5519982 0.1445853 0.5716167 0.1732983 0.4267561 0.0813207 -0.1026041 0.0058463 0.1755590 0.0250796 -0.0973156 0.1011998 0.1364690 0.2418422 0.7879700 0.7307194 0.5552769 0.6074181 0.6251563 0.4137387 0.5301619 -0.0603471 0.2127299 -0.1064170 0.5041970 0.1276630 0.0388668 0.3032459 0.1647070 0.0378601 0.5702712 0.6617613 0.3107943 0.4170076 0.4879551 0.3006322 0.6016338 0.6658468 0.5555314 -0.0096528 -0.1120636 0.2040993 0.2842833 0.5485998 0.4434285 0.2520858 0.0364324 -0.2061940 0.0655033 0.0611156 0.4529421 0.4788006 0.6320098 0.3529814 0.0755278 0.0813310 -0.0293362
0.8597086 0.7965837 0.0000000 0.9052098 0.8004954 0.5608851 -0.0745095 0.8059571 0.7053527 0.8407756 0.6514145 0.6989706 0.7051733 0.5576998 0.7636381 0.4054366 0.6573870 0.2972551 0.4923454 0.4488153 0.6158923 0.4285385 0.5688436 0.3606045 0.5242990 0.5319209 0.5099235 -0.0021531 0.4367301 -0.0419861 0.4658584 0.5565465 -0.0158100 0.0828954 0.6294751 0.3085214 0.5758963 0.5266804 0.3957286 0.2370225 0.5297704 -0.2451841 0.6221063 0.0302063 0.3284502 0.6216588 0.6330374 0.4879604 0.4477699 0.5333072 0.5773608 0.5506899 0.7039199 0.5163942 0.3946942 0.5407294 0.4943490 0.6495536 -0.3629852 0.4217256 0.3271948 0.4434349 0.0855001 0.7383071 0.8169625 0.3241012 0.0818823 0.4898880 0.2893525 0.5768239 0.3268166 0.6845902 0.2223309 0.7153968 0.4279571 0.3651363 0.4602694 0.3456938 0.3075902 0.5923336 0.6354085 -0.1389437 -0.0737176 -0.4104477 -0.5006280 -0.2094272 0.0882582 -0.5565345 -0.1332740 -0.4645820 0.2203766 0.2267508 0.2444180 -0.3561288 0.2938881 0.3928828 0.3354523 -0.0435755 0.2447992 -0.4470304 -0.2057845 -0.0340290 -0.1075866 -0.1630427 0.3721136 0.5252748 -0.0367999 0.0694408 0.2604197 0.2269988 0.4575906 0.1057816 0.0864963 0.2668904 0.0769513 0.2564979 0.3243289 0.1223671 0.2763821 0.1696814 0.1447384 0.1391227 -0.1125281 -0.0076262 0.3562978 0.2674671 -0.0264933 -0.1610509 0.5162286 0.0344024 0.3418690 -0.0250207 0.0955870 0.1454451 0.1601034 -0.0980028 0.3213352 0.5166679 0.3654198 0.6456172 0.0218878 0.5535291 0.1336828 0.5529467 0.3435895 -0.1919807 0.2083487 0.1879998 0.0561823 0.5391396 0.5046724 0.3689776 0.3459818 -0.1285673 -0.0217957 0.2520673 0.1890092 0.2142576 0.0630113 0.4143618 -0.0157627 0.4022342 0.0221947 0.5056952 0.1015078 0.2768616 -0.0422783 -0.1630810 -0.1123981 -0.0247397 0.0049032 -0.1519740 -0.2489002 -0.0211708 -0.1501405 0.4715416 0.7157200 0.6961891 0.5448196 0.4717565 0.2609265 0.2016160 -0.3489978 -0.0714432 -0.1893402 0.7896909 0.4550734 0.4039156 0.5980566 0.2579283 -0.0770574 0.6091027 0.5529556 0.2189659 0.2849280 0.4073850 0.2725261 0.6867916 0.8234294 0.4500993 0.0410766 -0.1836764 0.1119141 0.2107879 0.5408492 0.5529134 0.1451752 -0.0653214 -0.1818695 0.0723211 -0.0645267 0.4983464 0.5659746 0.6606235 0.5119796 -0.1521831 -0.0915388 -0.2865415
0.7604195 0.6468532 0.9052098 0.0000000 0.7144159 0.6440320 -0.1479542 0.9015532 0.7378947 0.9324647 0.8520605 0.7052288 0.7940347 0.6702899 0.8404892 0.5971109 0.8189802 0.4500117 0.6557345 0.4218267 0.6553337 0.6104749 0.6962090 0.5261335 0.6831589 0.6748119 0.4934409 -0.0503310 0.5686969 -0.1543951 0.5830777 0.6838690 -0.1749257 0.0718541 0.7452342 0.3136134 0.7193042 0.7089209 0.3910372 0.2184192 0.6596344 -0.1874247 0.7424946 -0.1847518 0.3809257 0.7619637 0.7757213 0.6518378 0.3177157 0.7133996 0.7096542 0.6594416 0.6902296 0.5672095 0.5599987 0.6859258 0.6643312 0.6315767 -0.2189953 0.5568906 0.4884850 0.6222854 0.2037982 0.8143847 0.8465333 0.5102886 0.2361437 0.7041173 0.4642468 0.7622762 0.5211733 0.7834380 0.4642133 0.7648732 0.5994017 0.5515497 0.5257077 0.5627744 0.4996396 0.5887079 0.7907242 -0.1967791 -0.0779082 -0.4246806 -0.4914917 -0.0790570 0.1931930 -0.5489491 -0.0007603 -0.3692245 0.3504135 0.2929101 0.2380916 -0.4084980 0.4420660 0.5365237 0.4004827 0.0746173 0.3668238 -0.5062562 -0.0403480 0.1206592 -0.0501805 -0.1169030 0.4173801 0.6614686 0.0674127 0.1602616 0.2167590 0.3302291 0.5298551 0.0273462 0.0413390 0.4047075 0.1307722 0.3530331 0.4512782 0.1073951 0.3458524 0.1037095 0.2022502 0.2974327 -0.2704458 -0.1146250 0.2119205 0.2673164 0.0829038 -0.2995386 0.4026065 -0.0408577 0.1985232 -0.2006324 0.0124807 -0.0492199 -0.1156478 -0.3383915 0.1266842 0.3892870 0.2059989 0.5066542 -0.1504294 0.4061156 0.1784618 0.4519209 0.1313766 -0.3388350 0.0553051 0.0024545 0.1699588 0.4487308 0.3705217 0.2377741 0.2508498 -0.1896151 -0.0626416 0.2154339 0.2060078 0.0968835 0.1759494 0.2987383 -0.0244091 0.3810220 0.0609405 0.3981192 0.1232104 0.3100893 -0.0130483 -0.0756791 -0.1056898 -0.0089496 0.1350506 -0.0414409 -0.2175186 -0.0390849 -0.2153482 0.3541105 0.6342750 0.5604683 0.5609247 0.4620009 0.0875813 0.2345684 -0.2550724 0.0408102 -0.0599786 0.8558706 0.5445258 0.3214767 0.5932177 0.2998658 -0.2011648 0.6401084 0.4384856 0.1355806 0.2175253 0.3639000 0.1867397 0.6210942 0.7743955 0.3665602 -0.2643004 -0.4238125 -0.2171346 -0.0453945 0.4080343 0.4448497 0.0165250 -0.1804709 -0.4455316 -0.1140970 -0.3619886 0.3553123 0.4245122 0.5338830 0.3870997 -0.2149037 -0.1853863 -0.3303469
0.5681070 0.4620858 0.8004954 0.7144159 0.0000000 0.4495609 -0.1454729 0.8128663 0.5011561 0.5884568 0.4325749 0.4081972 0.7872965 0.3541501 0.5195787 0.2368186 0.4765869 0.2321554 0.3135510 0.7103875 0.3435922 0.3651754 0.3474362 0.2895538 0.3306210 0.2871964 0.3471100 0.0172268 0.1431992 -0.0359638 0.5749402 0.4145618 0.0392743 0.0477462 0.3345423 0.0447518 0.4127868 0.4061307 0.2623492 0.2105076 0.5230783 -0.2958988 0.3089494 0.0286319 0.1854830 0.4263780 0.4042428 0.4233140 0.3692046 0.3660915 0.3169024 0.3012753 0.4744109 0.2901878 0.3346650 0.3780548 0.3525589 0.4493017 -0.2310890 0.2071576 0.1623515 0.2476522 0.1557885 0.6612143 0.6688592 0.2926022 -0.0485926 0.4636976 0.1519775 0.4724755 0.1957267 0.6259201 0.2189081 0.8198470 0.1863668 0.3562621 0.3864605 0.1900749 0.2682008 0.6487400 0.4983881 -0.0810994 -0.1472214 -0.3157567 -0.4211393 -0.1715992 0.1920694 -0.5455488 -0.0792144 -0.5111605 0.3189344 0.2819076 0.2847517 -0.2677084 0.3147247 0.3875378 0.3181326 0.1617737 0.1946247 -0.3916402 -0.3238112 0.1440946 -0.1525618 -0.1849188 0.3380731 0.4619084 0.0935738 0.0988382 0.1766573 0.2691117 0.2964862 0.0541366 0.1101032 0.3499160 -0.0088308 0.2702024 0.3194988 -0.0297998 0.1856617 0.1013963 0.1758519 0.2033941 -0.1891858 -0.1576363 0.2592184 0.0614942 0.0178817 -0.2348840 0.3480242 -0.1162101 0.2032664 -0.0800767 -0.0814332 -0.0156860 -0.0035321 -0.2828305 0.0977224 0.2887385 0.1650219 0.4290497 -0.2804756 0.3075869 -0.0126280 0.2634909 0.0817861 -0.2961727 -0.0658776 -0.1173707 -0.2039837 0.2425530 0.3001579 0.0028762 0.0774669 -0.4465823 -0.3711579 -0.0507720 -0.0128778 -0.1463509 -0.1308580 0.2354023 -0.3168189 0.1326495 -0.1375546 0.3814663 -0.2086317 -0.0114085 -0.3047202 -0.4251317 -0.2961518 -0.2302572 -0.2732418 -0.3618615 -0.2767649 0.0057347 -0.1932521 0.1689717 0.3937914 0.5677089 0.2571374 0.1544101 0.0804141 -0.1414989 -0.3288491 -0.2194684 -0.1478298 0.7523076 0.5278192 0.6773466 0.5711265 0.2821759 -0.1371517 0.3488628 0.3434525 0.0370554 0.0988111 0.1945862 -0.0074820 0.6123892 0.7588062 0.2572218 0.1753921 -0.0028064 0.1885840 0.1486659 0.5556709 0.6081847 0.0927761 0.0824789 -0.0036427 0.3385407 0.1031059 0.4017638 0.6367889 0.6214441 0.4925549 -0.0813210 -0.1096421 -0.2662705
0.5177564 0.5375708 0.5608851 0.6440320 0.4495609 0.0000000 0.4216496 0.6051264 0.6846492 0.5486794 0.4493389 0.5328896 0.5642241 0.6571302 0.6492532 0.3177499 0.3838594 0.6624216 0.3131905 0.4151969 0.2207349 0.2907362 0.2899969 0.7624326 0.2627134 0.2824003 0.4395261 0.4405779 0.4754012 0.2737354 0.3490557 0.3085020 0.2497680 0.3540334 0.3563074 0.2424687 0.3559449 0.3177403 0.5492723 0.6026576 0.3612619 0.4399257 0.4307825 0.1797802 0.5640540 0.4611134 0.4769189 0.3429018 0.4573833 0.3766264 0.2978880 0.4727082 0.3554551 0.4512032 0.3873115 0.5211346 0.3680722 0.5462366 0.4192983 0.1520854 0.4689272 0.2834440 0.2724892 0.2958424 0.4022401 0.2562641 -0.0049459 0.5019028 0.3782250 0.2467340 0.2126345 0.1231814 0.2052275 0.2080427 0.3708576 0.1503697 0.1637306 0.1606699 0.1411451 0.3215647 0.2477018 0.2405048 0.3831255 0.2431467 0.1583117 0.3682159 0.4114020 0.1286410 0.4546647 0.2222840 0.2793217 0.2149505 0.0632263 0.2947394 0.4075322 0.4249742 0.2280422 0.1301392 0.4730474 0.1975863 0.3060387 0.2676402 0.3087140 0.2527072 0.2817425 0.5238333 0.4404158 0.3825440 0.1829303 0.5892376 0.3734933 0.1682153 0.2308865 0.4196713 0.3226837 0.3673796 0.4069677 0.2872731 0.2864439 0.3896181 0.3352965 0.2659131 -0.1216726 0.1701039 0.5048507 0.5139258 0.1242244 -0.1969796 0.5602163 0.0932554 0.3740646 -0.2259083 0.0597319 0.2121571 -0.0556299 -0.2238834 0.2617375 0.4764610 0.3360497 0.3827097 -0.1332363 0.4073873 0.1384328 0.1776035 0.2852873 -0.1874426 0.2393240 0.1472227 0.1666581 0.4800503 0.4313421 0.1721981 0.4015431 -0.1589604 0.0023961 0.0174803 0.4348581 0.1053981 0.2644734 0.5307260 -0.0556477 0.5104116 0.1012855 0.6708410 0.1935130 0.2752554 0.0638551 -0.0476291 0.0903360 0.2889277 0.0904639 0.0985162 0.3302116 0.2740524 0.3920068 0.4821850 0.1771535 0.1802155 0.1185434 0.2442556 0.1315270 0.3838629 0.3660291 0.5676401 0.4749965 0.3508671 0.4693703 0.1365415 0.2502431 0.1861492 0.1041424 0.1829830 0.2475114 0.1526399 0.3541199 0.3630143 -0.1656106 0.4866976 0.3686844 0.4742594 -0.1943610 -0.1057441 -0.2324392 -0.2585154 0.6268052 0.4592687 0.5532121 0.2972972 -0.3784708 0.0533837 -0.2492727 0.1782373 0.5961897 0.5956412 0.4648167 0.1935641 0.2377472 0.2170915
0.1881869 0.2858373 -0.0745095 -0.1479542 -0.1454729 0.4216496 0.0000000 -0.2092898 0.0236305 -0.2330952 -0.1344955 0.2752236 -0.2241093 -0.0482882 0.0433522 -0.0120083 -0.3651814 0.1114015 -0.0422362 -0.0417616 0.0362072 -0.1346875 -0.0655918 0.2853022 -0.1674418 -0.1019892 -0.0980364 0.2938406 0.2518695 0.0319441 -0.1203237 -0.2490355 0.3500044 0.3980656 -0.0854775 0.2710520 -0.1660195 -0.2377594 0.0694817 0.0993312 -0.2462096 0.6332330 -0.0514515 0.2710742 0.4696683 -0.1341296 -0.1107007 -0.2286362 0.2145308 -0.2188493 -0.1959929 -0.1823878 -0.1084357 -0.1114551 -0.1468521 -0.0294773 -0.1501794 0.0114622 0.4630245 -0.2732283 0.3290050 -0.2910562 -0.0786092 -0.2867189 -0.2301896 -0.1950432 -0.2799914 -0.3549454 -0.0321608 -0.3189470 -0.1523475 -0.4191013 -0.3483044 -0.4245903 0.0257766 -0.3010328 -0.2941525 -0.1072467 -0.2584565 0.0355803 -0.2030411 0.5238596 0.4699655 0.7404542 0.7561471 0.3568753 -0.0462762 0.7585979 0.2663262 0.4787466 -0.2595789 -0.2429471 -0.2555445 0.7258896 -0.1441530 -0.2533171 -0.2356991 -0.1357423 0.0645373 0.6643356 0.1336988 0.0185347 0.2288125 -0.0242223 -0.2148664 -0.2037904 0.1714331 0.0862487 -0.1547260 0.1367953 -0.1088236 -0.0347388 0.1409613 -0.0963744 -0.1686953 -0.1336010 -0.1772571 -0.0568253 -0.1173791 0.1188337 0.0137684 -0.1351600 0.1318182 0.5658272 0.2457366 0.3144915 -0.1555298 0.0896956 0.1949898 0.0177682 0.1034305 0.0123645 -0.0825534 0.3787074 0.2411596 0.2016113 0.1811365 0.2142639 0.1611316 0.1907782 0.1104219 0.2200979 -0.1216112 0.0253096 0.3396746 0.2472538 0.2510864 0.2330149 -0.0137845 0.1593766 0.2418015 0.1279556 0.2393705 0.0435824 0.0122808 0.0160851 0.2012176 0.0957888 0.0209577 0.3101855 -0.1188184 0.1750535 0.0401728 0.3963255 -0.0197972 0.0034371 0.0289399 0.0257771 0.2232161 0.2547618 -0.0457473 0.0680193 0.8922148 0.8244909 0.9651678 0.6972081 -0.0016703 -0.0854932 0.0422850 0.1906119 0.2754582 0.5143712 0.4528277 0.6369439 0.5670772 -0.2935720 0.0645848 -0.2956699 -0.4563759 -0.2542858 0.2343175 -0.1618267 -0.0581080 0.1496510 0.2746711 0.2084834 -0.0978150 0.1365373 -0.0107611 0.2226779 0.0120211 0.1755647 0.1421830 0.1190408 0.2363257 -0.0214801 0.3751973 0.4029060 -0.0497056 0.2203788 0.1382637 0.1087652 0.3068126 0.2476933 0.1772141 0.5692222 0.6070355 0.7134715
0.5132569 0.3923403 0.8059571 0.9015532 0.8128663 0.6051264 -0.2092898 0.0000000 0.5963399 0.8249308 0.7867421 0.4634380 0.9633263 0.6044637 0.6667735 0.6275699 0.7732709 0.5040352 0.6749952 0.6838004 0.3846421 0.7312857 0.6326270 0.4524155 0.6857334 0.6224742 0.4699740 0.0489952 0.2926729 -0.1320219 0.7696035 0.7575224 -0.1309245 0.0177950 0.6535711 -0.0092781 0.7302248 0.7779961 0.3356648 0.2754599 0.8242471 -0.2830569 0.6169286 -0.1655104 0.2240843 0.7699719 0.7338963 0.7727102 0.2331986 0.7409576 0.6192356 0.5665453 0.4838134 0.4778982 0.6993080 0.7447582 0.7090225 0.4806352 -0.0801745 0.5375699 0.3077675 0.5986580 0.4148550 0.6829906 0.6891036 0.6196553 0.3073957 0.7372407 0.5644473 0.6442291 0.5816824 0.6727234 0.5604344 0.7885406 0.5910760 0.5348982 0.5029805 0.5655421 0.5682395 0.6026716 0.7157688 -0.1852031 -0.1279174 -0.3599401 -0.4373721 -0.0404971 0.3207243 -0.5393841 0.0688586 -0.3824908 0.4303808 0.4111460 0.3389023 -0.2729341 0.4701693 0.5710862 0.4873467 0.2468375 0.4492338 -0.4072718 0.0042605 0.2569054 -0.0343338 -0.0872452 0.4730118 0.6663183 0.1683523 0.2533511 0.2442533 0.3905079 0.4929104 0.0394250 0.0608149 0.5040471 0.1202346 0.3851467 0.4905725 0.1308110 0.3394410 0.1530740 0.2925547 0.3937135 -0.2417512 -0.1778813 0.1599517 0.1361460 0.2062733 -0.2435582 0.2993331 -0.0298274 0.1613654 -0.1649880 0.0457843 -0.0996144 -0.2191200 -0.3954022 0.0400084 0.2495086 0.1002930 0.3196892 -0.2503373 0.2363172 0.2038379 0.2200903 -0.0287898 -0.3070632 -0.0833825 -0.1252282 0.1550879 0.2493784 0.1601689 -0.0444966 0.1189764 -0.2563264 -0.1437302 -0.0053359 0.2037847 -0.0305214 0.2233693 0.1357101 -0.0346848 0.2586344 -0.0194167 0.3430505 0.0968066 0.1189176 -0.0756002 -0.0938135 -0.0389503 -0.0094892 0.1052651 -0.0061267 -0.2524965 -0.0330172 -0.2649815 0.1486683 0.3702374 0.3806232 0.2607861 0.1269887 -0.1233593 -0.0742808 -0.2871480 -0.0988695 0.0007649 0.7435878 0.5789864 0.4229429 0.5482730 0.2554896 -0.1857876 0.3999448 0.1863397 0.0003802 0.0965845 0.1989165 -0.0246831 0.4637845 0.6681827 0.2307315 -0.1137914 -0.2782645 -0.2033073 -0.1602355 0.3646813 0.4764102 0.0242919 -0.0970328 -0.2645385 -0.0321756 -0.3086485 0.2476387 0.4410338 0.3952432 0.3516610 -0.1964617 -0.1657703 -0.3109004
0.6548039 0.6575068 0.7053527 0.7378947 0.5011561 0.6846492 0.0236305 0.5963399 0.0000000 0.8242908 0.4913426 0.7655183 0.4773642 0.9169341 0.9370732 0.2217733 0.6033515 0.4901667 0.3100703 0.2539455 0.5713758 0.2629717 0.3923674 0.8121927 0.3968377 0.4467485 0.7564927 0.3629672 0.6368822 0.3856446 0.3739306 0.4912801 0.3144509 0.5367386 0.5090283 0.5260878 0.5321185 0.4308410 0.7522954 0.5318622 0.4835533 0.2052201 0.6047102 0.3552948 0.6688521 0.5914518 0.6054916 0.4648116 0.7378415 0.5414281 0.4680288 0.7886881 0.8313983 0.8378052 0.4528122 0.5515524 0.4805558 0.8968042 -0.1103967 0.3438324 0.4789632 0.4273013 0.1211269 0.6494656 0.7654616 0.3640302 -0.0241660 0.5683818 0.2992200 0.5117958 0.2210610 0.4256311 0.0757358 0.4180070 0.3379113 0.2353474 0.4368788 0.1634059 0.1449422 0.4378057 0.4119303 0.2565925 0.3271491 -0.1815385 -0.2904706 0.2628117 0.5543556 -0.2257684 0.4027270 0.0602411 0.6291523 0.5787060 0.4979468 -0.1585418 0.6853793 0.7455077 0.5835502 0.3563088 0.5163920 -0.1771951 0.2826524 0.3971285 0.3551487 0.2460275 0.6504310 0.8014475 0.4082819 0.4246003 0.5736870 0.5246650 0.7016970 0.4451230 0.4352539 0.5131343 0.4213893 0.5204417 0.5706491 0.4257963 0.5044395 0.5961470 0.5404260 0.3874170 0.1560247 0.2617932 0.7061263 0.5370908 0.3531399 0.0789623 0.6657085 0.3536740 0.6472011 0.0988525 0.4202877 0.3333661 0.1393666 0.0155716 0.5005659 0.7083896 0.6060424 0.5924484 0.1830514 0.6769675 0.4528446 0.5858483 0.4557954 0.0698572 0.5013672 0.4260402 0.3677654 0.7129002 0.6022343 0.5036156 0.6268169 0.1157234 0.3113639 0.5196006 0.4717730 0.4066767 0.3459510 0.6480177 0.2507346 0.6369521 0.4140963 0.6382995 0.3909468 0.6418154 0.3619322 0.1216623 0.0229848 0.2078969 0.3015900 0.1276835 -0.0545352 -0.0670734 -0.0619489 0.4410771 0.5983601 0.5617486 0.5003303 0.5240118 0.4014672 0.4814420 0.0981374 0.3538114 0.0103184 0.6256251 0.3328226 0.3182781 0.5713216 0.4513192 0.2233860 0.5899483 0.5508876 0.3830818 0.4386469 0.5162388 0.1937179 0.5435977 0.5619796 0.6312002 -0.1151355 -0.2670089 0.0476324 0.0795694 0.6491002 0.5632372 0.2540757 -0.0351124 -0.3022720 -0.0523059 -0.0668498 0.3321741 0.5813737 0.5802943 0.3594145 -0.0131605 -0.0355500 -0.1773035
0.6744282 0.5713070 0.8407756 0.9324647 0.5884568 0.5486794 -0.2330952 0.8249308 0.8242908 0.0000000 0.8304967 0.7290287 0.7018880 0.8146987 0.8754481 0.6002437 0.8848516 0.3647574 0.6534598 0.3243323 0.6621226 0.5785959 0.7376331 0.5560540 0.7123767 0.7439086 0.6612487 -0.0011589 0.5752116 -0.0142923 0.5413810 0.7503014 -0.0929772 0.2049778 0.8259528 0.3323375 0.7823335 0.7314060 0.5412747 0.2418658 0.6816903 -0.2100363 0.8497742 -0.0716555 0.4326709 0.8189923 0.8390476 0.6884089 0.4069017 0.7696557 0.7852401 0.8286101 0.7969833 0.7364437 0.6253213 0.7351995 0.7160183 0.7444757 -0.3178960 0.6560063 0.4230793 0.6880228 0.2123320 0.8213089 0.8820579 0.5458298 0.2773748 0.6951756 0.4836109 0.7547312 0.5213074 0.7321849 0.3706075 0.6785190 0.5466473 0.4850531 0.5647751 0.4871626 0.4357332 0.5086251 0.7011959 -0.1595254 -0.0600342 -0.4907317 -0.5581390 -0.0230787 0.3076223 -0.5461360 0.0923190 -0.2620351 0.4717931 0.4308744 0.3744603 -0.4430801 0.5421493 0.6377954 0.5102176 0.1492273 0.4217738 -0.5151004 0.1221157 0.1922294 0.0454854 0.0402337 0.5173636 0.7570978 0.1070438 0.2333413 0.3361194 0.3489042 0.6175788 0.1216259 0.1299154 0.4584755 0.2317051 0.4490939 0.5354777 0.2398940 0.4563144 0.2323516 0.3265942 0.3673262 -0.1662472 -0.0007725 0.2903473 0.2165361 0.1839811 -0.1845725 0.3697246 0.0637027 0.2604826 -0.1170070 0.1673426 0.0120451 -0.0943294 -0.2532337 0.1768104 0.4093136 0.2494229 0.4457560 -0.0303127 0.4101746 0.3129358 0.4742995 0.1432446 -0.1610299 0.1370306 0.1049627 0.3359918 0.4378686 0.3115477 0.2634069 0.2877968 -0.0278631 0.0981383 0.3606015 0.2510911 0.1984962 0.2753520 0.2717623 0.1282346 0.3680838 0.1887148 0.3390054 0.2328142 0.4098452 0.1743092 0.0907663 -0.0576197 -0.0026847 0.2780702 0.0650199 -0.3158601 -0.1440585 -0.3461096 0.3214128 0.7115318 0.6155214 0.5885557 0.4779286 0.1835893 0.2502401 -0.2834131 0.0272808 -0.1647774 0.8148086 0.4691407 0.3285069 0.6295688 0.2809357 -0.1298532 0.6443878 0.4054228 0.1486428 0.1790332 0.3238552 0.2338279 0.5523715 0.7072563 0.3321318 -0.2879687 -0.4611909 -0.1952034 -0.0075379 0.3870167 0.4156229 -0.0772512 -0.3077431 -0.4657777 -0.2198582 -0.3773386 0.2904296 0.3633084 0.4334785 0.2948082 -0.3117171 -0.2934895 -0.4554151
0.5435962 0.3195703 0.6514145 0.8520605 0.4325749 0.4493389 -0.1344955 0.7867421 0.4913426 0.8304967 0.0000000 0.5751279 0.7272102 0.5425594 0.6762542 0.9026895 0.8860957 0.3307769 0.8908725 0.3153923 0.6030853 0.7990855 0.9169521 0.3958867 0.8666585 0.8883442 0.3791339 -0.2620447 0.5215828 -0.4676289 0.6783225 0.8122367 -0.4520162 -0.0842075 0.9004528 0.1913711 0.8671916 0.8591955 0.1746967 -0.0545935 0.7348789 -0.2430613 0.8467768 -0.4926359 0.2323558 0.8554743 0.8717602 0.7781674 -0.0379037 0.7955087 0.8711366 0.6356972 0.4639155 0.4984206 0.7107581 0.7828615 0.8423068 0.3602191 -0.1137281 0.8055262 0.4815712 0.8083737 0.4101554 0.7259651 0.6573958 0.7255702 0.5851954 0.7139643 0.6795934 0.8372070 0.8040210 0.7314242 0.6796209 0.6592385 0.7693751 0.7294548 0.6235114 0.8024000 0.7599534 0.5751148 0.8483798 -0.2638396 -0.1756697 -0.3887234 -0.3980494 -0.0746616 0.1235899 -0.4299849 0.0018580 -0.2812606 0.2662476 0.2728870 0.2558146 -0.3323067 0.4235518 0.4860232 0.4201242 0.1319751 0.4570516 -0.4410774 0.1599441 0.1084943 -0.0769796 -0.0488338 0.3686619 0.5983693 -0.0039921 0.1166455 0.1414244 0.2013119 0.5030500 -0.0403494 -0.0959056 0.3460290 0.0635129 0.2769335 0.3977156 0.0221685 0.3198078 -0.0341553 0.1239974 0.3353376 -0.3137411 -0.1947515 -0.1655530 0.1394903 0.1096728 -0.3155450 0.1201221 -0.1041027 -0.0963890 -0.2638333 -0.0653156 -0.0922127 -0.3151593 -0.4056895 -0.0574872 0.1228733 -0.0391991 0.2809193 -0.2238068 0.1633766 0.1644542 0.3749067 -0.0784962 -0.3490282 -0.1464284 -0.1589116 0.2483052 0.1662432 0.0191799 0.0099777 0.0316618 -0.1695017 -0.0434341 0.1848517 0.0994988 -0.0352763 0.2325605 -0.0535812 0.0199198 0.1280775 -0.0060165 0.1078464 0.0844308 0.1701521 -0.0120587 0.0821812 -0.0434014 -0.1070355 0.2402853 0.0767010 -0.1296007 0.1025380 -0.2340003 0.2267328 0.5235924 0.4144716 0.5174616 0.3741796 -0.0186437 0.2202549 -0.2541290 0.0722982 0.0581280 0.7003989 0.5840607 0.2003566 0.4376613 0.2095346 -0.1991890 0.5903264 0.1799885 0.1153321 0.1513653 0.2728092 0.2482534 0.4202354 0.5846343 0.1617183 -0.3836663 -0.5391358 -0.3449161 -0.0775577 0.0331054 0.0880473 -0.2167922 -0.3721625 -0.5007213 -0.3175391 -0.5130199 0.2588487 0.1637218 0.2293412 0.2575116 -0.2518906 -0.1545479 -0.2789158
0.7498550 0.7632297 0.6989706 0.7052288 0.4081972 0.5328896 0.2752236 0.4634380 0.7655183 0.7290287 0.5751279 0.0000000 0.2915636 0.6423014 0.8736296 0.3179750 0.5506830 0.2538844 0.3403520 0.1321115 0.8868734 0.1880772 0.5416364 0.6582699 0.3642548 0.4610880 0.4695592 0.0854227 0.8744156 -0.0674355 0.2209746 0.3339434 0.0930186 0.4963757 0.6005746 0.7549154 0.4395870 0.3103498 0.4680978 0.1266919 0.2481273 0.2258611 0.7192504 0.1122114 0.7858040 0.4342687 0.5074794 0.2540364 0.5967624 0.3420651 0.5073362 0.6493838 0.8583719 0.6488806 0.2003047 0.3455103 0.3524794 0.7554135 -0.1793693 0.3544854 0.7429362 0.4427074 -0.2009270 0.7576709 0.8194634 0.1880849 -0.0456255 0.3551457 0.0883714 0.6314552 0.2103543 0.5958479 0.0598924 0.4705036 0.3469837 0.3719542 0.4731792 0.2976680 0.2262432 0.5576249 0.5780734 0.2505176 0.3074326 -0.0812469 -0.1404803 0.1663333 0.1358517 -0.1019776 0.1554951 0.0154562 0.2685276 0.1732941 0.2367404 -0.1795693 0.3550905 0.3296047 0.2223745 0.0576484 0.2561014 -0.2529544 0.0122425 0.2101999 0.2426632 -0.0826530 0.2405132 0.4553444 0.2141176 0.2806365 0.1883535 0.4176283 0.4078200 0.1422519 0.3166826 0.3985092 0.2141885 0.4344887 0.4596336 0.2632542 0.4725480 0.2907815 0.3375515 0.3038871 -0.1082522 0.4059262 0.4077361 0.4385157 0.0974187 -0.1899323 0.5075116 0.0723437 0.2846029 -0.1535822 0.0878188 0.2760424 0.0942389 -0.0949708 0.2694860 0.5601579 0.3457789 0.7430219 0.0457006 0.6453422 0.0710186 0.6635520 0.4145021 0.0186026 0.2935689 0.2530133 0.1330617 0.5956386 0.5623699 0.5196835 0.4403536 -0.0340556 0.1050044 0.5304447 0.1571489 0.2559641 0.0517607 0.5072503 0.0019909 0.4206948 0.2676185 0.5190400 0.1071073 0.4286905 0.1263181 0.0026796 -0.1242763 -0.0222074 0.1165265 -0.0655823 0.1026053 0.2446846 0.1820005 0.7256708 0.8417015 0.7013942 0.8650617 0.8337705 0.5579082 0.7031893 0.0041807 0.3965285 0.1078175 0.7097615 0.4242952 0.1662172 0.4543536 0.2892580 0.0823686 0.7541056 0.6097362 0.4517072 0.4638682 0.6380227 0.4507517 0.7020624 0.6946549 0.5617695 -0.2784863 -0.4807904 0.0531100 0.3466535 0.5838989 0.4253797 -0.0376977 -0.0166160 -0.4375634 -0.0987416 -0.1156340 0.5580981 0.5785776 0.6783565 0.4033466 0.0937532 0.0561318 -0.0283509
0.3912204 0.2377055 0.7051733 0.7940347 0.7872965 0.5642241 -0.2241093 0.9633263 0.4773642 0.7018880 0.7272102 0.2915636 0.0000000 0.5242777 0.5255308 0.6437203 0.7230341 0.5119560 0.6678786 0.7560808 0.1985098 0.7466081 0.5984938 0.3813085 0.6543835 0.5879590 0.4414681 0.0809877 0.1329637 -0.1490022 0.8334724 0.7476117 -0.1548663 -0.0830536 0.5902489 -0.1690121 0.7090483 0.7663003 0.2626874 0.2902576 0.8573432 -0.2816662 0.5277373 -0.1880835 0.0768642 0.7371351 0.6967348 0.7921451 0.1257360 0.7034442 0.5895239 0.4917580 0.2941388 0.4394706 0.7416617 0.7373078 0.7141777 0.3478079 0.0522034 0.5502067 0.1865612 0.6196731 0.5940650 0.5678706 0.5258165 0.6717715 0.4179502 0.7702417 0.6259094 0.5864879 0.6236103 0.5685068 0.6481551 0.7383958 0.5896470 0.5699784 0.5106329 0.5475410 0.6226580 0.5686339 0.6311568 -0.1266802 -0.0864214 -0.2635509 -0.3458931 0.0227574 0.3897512 -0.4606363 0.1461873 -0.3217821 0.4496300 0.4727444 0.3985698 -0.1396604 0.5117738 0.5932427 0.5371977 0.3514937 0.5389409 -0.2637951 0.1113824 0.3126892 0.0298614 0.0472317 0.4941423 0.6618103 0.2493410 0.3189652 0.2705673 0.4184465 0.4839099 0.1042072 0.0763414 0.5321766 0.1743004 0.3923252 0.5012994 0.1716445 0.3440745 0.1849970 0.3180736 0.4362417 -0.1576458 -0.2279643 0.0653487 0.1054047 0.2887623 -0.1830854 0.2361857 0.0509779 0.1306517 -0.1240313 0.0715449 -0.0395155 -0.2643139 -0.3662276 0.0262113 0.1602639 0.0496914 0.2251422 -0.2823117 0.1494478 0.2314692 0.1532396 -0.0933621 -0.2827660 -0.1452271 -0.1794877 0.1409758 0.1577534 0.0485966 -0.1458489 0.0596164 -0.2664768 -0.1495744 -0.0625536 0.2300676 -0.0951442 0.2608109 0.0572194 -0.0190104 0.1963065 -0.0195161 0.3233253 0.0926418 0.0513207 -0.0785840 -0.0719099 0.0224268 -0.0025543 0.0987063 0.0475552 -0.2294100 0.0028026 -0.2564942 -0.0043177 0.1756883 0.2929401 0.0730454 -0.0108566 -0.1439509 -0.1688744 -0.2210071 -0.0949673 0.0956414 0.6187323 0.6288593 0.4812575 0.5230484 0.3014396 -0.1057013 0.2792486 0.0716495 0.0095515 0.0980913 0.1562226 -0.0879904 0.3330874 0.5413861 0.1750485 0.0029626 -0.1485713 -0.1361528 -0.1840730 0.3131875 0.4639462 0.1040693 -0.0314734 -0.1166981 0.0230142 -0.2016542 0.2236430 0.4439989 0.3303935 0.4070249 -0.1114397 -0.0518656 -0.2346909
0.4436806 0.4350673 0.5576998 0.6702899 0.3541501 0.6571302 -0.0482882 0.6044637 0.9169341 0.8146987 0.5425594 0.6423014 0.5242777 0.0000000 0.8329274 0.3582159 0.7097967 0.5883021 0.4057894 0.2681231 0.3986358 0.3757546 0.4489801 0.8330886 0.4675982 0.5098286 0.8145071 0.4562276 0.5524302 0.4034845 0.4334415 0.5839051 0.2941552 0.5597744 0.5950511 0.3239625 0.6080956 0.5316447 0.8338169 0.6241470 0.5907181 0.1826569 0.7108256 0.3175125 0.6163860 0.6712985 0.7046392 0.5815546 0.6550193 0.6313028 0.5693822 0.9201685 0.7243123 0.8932222 0.6032057 0.6621175 0.5973108 0.8167990 0.0087052 0.4949127 0.3782999 0.6039197 0.2766335 0.5712096 0.6498369 0.4938491 0.1850889 0.6592641 0.4697797 0.5104430 0.3522098 0.3566612 0.2369405 0.3475109 0.3950631 0.2890494 0.4911080 0.2262124 0.2498540 0.3285279 0.3648323 0.2655553 0.3736957 -0.0951399 -0.1906060 0.4462623 0.6781417 -0.1208540 0.5693469 0.2501751 0.7148677 0.6484141 0.5538839 -0.0916880 0.7510565 0.7866508 0.6355102 0.4443359 0.6210859 -0.1213816 0.5065746 0.5246345 0.5014918 0.3988810 0.6499748 0.8426374 0.5330470 0.5792266 0.5476595 0.6353164 0.6987892 0.4092654 0.4053774 0.6341291 0.4911961 0.6036344 0.6736409 0.5337414 0.5808113 0.6210858 0.6507459 0.5236715 0.1424001 0.2970828 0.5662698 0.3890662 0.4872306 0.0637382 0.4564441 0.3938385 0.5164610 -0.0053201 0.4351173 0.2500175 -0.1035581 -0.1163607 0.3349223 0.5167695 0.4167989 0.3518024 0.0827871 0.4660195 0.5130059 0.3823574 0.2290853 0.0944517 0.3533976 0.2945598 0.5261539 0.5282455 0.3395088 0.2839566 0.4948908 0.1761487 0.3347909 0.4121666 0.5212854 0.3075432 0.5061251 0.4504342 0.3208571 0.5413564 0.4461361 0.5052626 0.4576264 0.5615033 0.4638339 0.2975778 0.1353192 0.2582908 0.4428748 0.3105727 -0.0887625 -0.1102200 -0.1386269 0.3055270 0.4404895 0.4041210 0.3312139 0.3574192 0.2585353 0.3561988 0.1201326 0.3416043 0.0713217 0.5006662 0.3359747 0.2547499 0.5641598 0.4411114 0.2035427 0.4836832 0.3721210 0.2737653 0.2992372 0.3611022 0.0757237 0.3513373 0.3836413 0.4352992 -0.2293039 -0.3823821 -0.1346984 -0.1190576 0.5124885 0.4489757 0.1816887 -0.1005633 -0.3673284 -0.2744609 -0.2393383 0.1239931 0.4672727 0.3656161 0.2209120 -0.0777191 -0.1138962 -0.2480576
0.7199890 0.6781565 0.7636381 0.8404892 0.5195787 0.6492532 0.0433522 0.6667735 0.9370732 0.8754481 0.6762542 0.8736296 0.5255308 0.8329274 0.0000000 0.3909671 0.6892864 0.4582981 0.4643477 0.2533339 0.7551248 0.3962028 0.5605902 0.7684150 0.5450236 0.5842837 0.6434500 0.1757940 0.7527447 0.0931649 0.4455889 0.5931011 0.0882682 0.3934192 0.6425627 0.5808431 0.6434746 0.5466969 0.5648799 0.3051834 0.5346954 0.1177374 0.7139263 0.1107459 0.6394970 0.6652020 0.6705553 0.5393841 0.5888164 0.5954849 0.5846107 0.7580196 0.8401810 0.7906007 0.4994460 0.5873093 0.5735562 0.8175829 -0.1563893 0.4674279 0.6202669 0.5444380 0.0929884 0.7670327 0.8510863 0.4413247 0.0835716 0.5943683 0.3385520 0.6783348 0.3862934 0.6059715 0.2279355 0.5582576 0.5072921 0.4170769 0.5584082 0.3928717 0.3481918 0.6068268 0.6378001 0.1462362 0.2204255 -0.2349765 -0.3207700 0.1550966 0.3643344 -0.2889431 0.2522894 -0.0666835 0.4979450 0.4662101 0.4291029 -0.2325040 0.5915107 0.6509978 0.5239505 0.2828042 0.4799666 -0.2887642 0.1772659 0.3138546 0.2446557 0.0562603 0.5676952 0.7228278 0.3008797 0.3403062 0.4670713 0.4545723 0.6493716 0.3419048 0.3463903 0.4839851 0.3214866 0.4774518 0.5481918 0.3302620 0.4943387 0.4553123 0.4419326 0.3934927 0.0140593 0.2053898 0.5407548 0.5448715 0.2926648 -0.0418842 0.6436617 0.2336972 0.5051184 -0.0135862 0.2947071 0.3008839 0.0351164 -0.0751733 0.4197370 0.6890525 0.5268069 0.6946231 0.1007140 0.6973055 0.3468802 0.6931768 0.4469368 -0.0340856 0.4118010 0.3416622 0.2982256 0.6984476 0.5938576 0.4906142 0.5786305 0.0382135 0.2388870 0.5442309 0.3544356 0.3492733 0.2697554 0.5816537 0.2005074 0.5910798 0.3506294 0.6003933 0.3249458 0.5724300 0.2562005 0.0823030 -0.0517394 0.1124733 0.2720072 0.0628301 -0.0388520 0.0326279 -0.0432255 0.4948287 0.7062475 0.6190500 0.6820117 0.6432248 0.3736368 0.5386627 -0.0196999 0.3219932 0.0480569 0.7552565 0.4471461 0.2884513 0.5861048 0.4303835 0.1572260 0.7248204 0.5712641 0.4507495 0.4886578 0.6264760 0.3562946 0.6451462 0.6810938 0.6603829 -0.2012265 -0.4379720 -0.0180200 0.1521778 0.5595084 0.4865105 0.1060298 -0.0793739 -0.3780708 -0.1172618 -0.1726893 0.4672072 0.5632062 0.6176887 0.4101737 -0.0234255 -0.0194134 -0.1464890
0.3179337 0.0469038 0.4054366 0.5971109 0.2368186 0.3177499 -0.0120083 0.6275699 0.2217733 0.6002437 0.9026895 0.3179750 0.6437203 0.3582159 0.3909671 0.0000000 0.7556975 0.1852036 0.9485742 0.3173887 0.3434787 0.8614144 0.9276443 0.1994036 0.8720709 0.9104859 0.3066396 -0.3186255 0.2982467 -0.5331386 0.7203493 0.8029111 -0.5227672 -0.1897353 0.8681602 -0.0323086 0.8596583 0.8551066 0.0269749 -0.1498653 0.7333767 -0.2328221 0.7515907 -0.5651952 0.0586692 0.8284709 0.8377554 0.7886777 -0.2797732 0.7660683 0.8443634 0.4792722 0.1413211 0.3455219 0.7699122 0.8113079 0.8704041 0.1001976 0.0492266 0.8417408 0.3122153 0.7646501 0.6052410 0.4546281 0.3426002 0.7877298 0.7471444 0.5826570 0.7994886 0.6352060 0.8895509 0.4732098 0.6827458 0.4308305 0.7761643 0.6230872 0.4876552 0.8080710 0.7550287 0.4064547 0.6827238 -0.2513096 -0.2003117 -0.1979438 -0.1805590 -0.0302203 0.1137833 -0.2148870 0.0520725 -0.1468636 0.1690989 0.2577909 0.2107245 -0.0675330 0.3542435 0.3736909 0.4009702 0.1297542 0.5194652 -0.1914980 0.3157863 0.0828113 -0.0885228 0.0487329 0.3020367 0.4733848 -0.0321341 0.0864443 0.0695200 0.1050750 0.4251601 -0.1037776 -0.2198073 0.2386330 -0.0505222 0.1341043 0.2545163 -0.0476702 0.1959675 -0.1139367 0.0448862 0.2674418 -0.2163091 -0.1821976 -0.3523919 -0.0425467 0.0918143 -0.1901233 -0.1138231 -0.0808792 -0.2387837 -0.1770213 -0.0725987 -0.0606216 -0.3235384 -0.3257176 -0.1386864 -0.0910358 -0.1905079 0.0108479 -0.1896606 -0.0616418 0.2017194 0.1663954 -0.2119873 -0.2223384 -0.2375075 -0.2114400 0.3337817 -0.0730442 -0.2360656 -0.1950689 -0.1134050 -0.0756218 -0.0251529 0.0684569 0.1309148 -0.0936978 0.3311595 -0.2635056 0.0614747 -0.0350445 -0.0499403 -0.0268644 0.0859887 0.0294490 0.0372553 0.2372120 0.1508762 -0.0462389 0.3157477 0.2338630 0.0405197 0.2648827 -0.1225773 0.1179757 0.2717758 0.1972707 0.2640482 0.1543997 -0.0980029 0.1107612 -0.2056809 0.0816165 0.1798672 0.4085441 0.5603290 0.0889303 0.1857792 0.0377963 -0.1942428 0.3251685 -0.1308198 -0.0265638 -0.0027866 0.0552134 0.0819497 0.1517798 0.3345729 -0.0719689 -0.2843780 -0.3455187 -0.3216502 -0.1441244 -0.1852560 -0.1006053 -0.1971887 -0.3476460 -0.3570545 -0.2558260 -0.4607826 0.0740797 0.0085129 -0.0245053 0.1588409 -0.1615150 -0.0085959 -0.1199585
0.4909750 0.2679031 0.6573870 0.8189802 0.4765869 0.3838594 -0.3651814 0.7732709 0.6033515 0.8848516 0.8860957 0.5506830 0.7230341 0.7097967 0.6892864 0.7556975 0.0000000 0.2956359 0.7574652 0.3760856 0.5452062 0.6907441 0.8481377 0.4371877 0.7762230 0.8233262 0.6537525 -0.1667071 0.5019279 -0.1722693 0.6571081 0.7937647 -0.3580226 0.0475823 0.8877634 0.1863999 0.8605771 0.8017944 0.4310776 0.1796046 0.7449925 -0.2518416 0.8914898 -0.3179347 0.2663433 0.8382125 0.8996115 0.7583639 0.1280874 0.7739812 0.9013980 0.8538264 0.5979388 0.6946501 0.7059075 0.7542650 0.8440181 0.5024323 -0.1883216 0.8777521 0.3633027 0.9029371 0.3727058 0.8148812 0.7486668 0.7402728 0.6288092 0.7948220 0.6289874 0.8373268 0.7368608 0.7558461 0.6628368 0.7277001 0.6018175 0.6953131 0.7449372 0.6326676 0.6984378 0.4861397 0.7596113 -0.2263700 -0.0888387 -0.4220878 -0.4868879 0.0437923 0.3372556 -0.4979100 0.1637989 -0.1821924 0.5056837 0.4761928 0.4572054 -0.4180596 0.5878683 0.6163557 0.5653673 0.2518924 0.5343010 -0.5301736 0.2585474 0.2463339 0.0795963 0.1586176 0.5062262 0.7228491 0.1636862 0.2692495 0.3005940 0.3537076 0.5950053 0.1028632 -0.0704411 0.4787985 0.2310456 0.4118061 0.5430855 0.2071280 0.4294567 0.1323404 0.2824985 0.4222690 -0.2098129 -0.1710695 -0.0276944 0.0240608 0.2408110 -0.2484750 0.1079030 0.0633999 0.0346204 -0.2281578 0.0871647 -0.0393372 -0.3381135 -0.4276079 -0.0031884 0.1479590 0.0202729 0.2230298 -0.1980504 0.1753438 0.2943866 0.3646435 -0.1203395 -0.2940631 -0.0922585 -0.1027941 0.3623159 0.2133002 0.0148144 0.0192771 0.0804742 -0.0784700 0.0357933 0.2182174 0.1759752 -0.0108128 0.3276903 0.0035900 0.0958647 0.1732360 0.0965497 0.1283387 0.1693849 0.2558859 0.1365349 0.1790654 -0.0455870 -0.0832479 0.3122190 0.1426753 -0.3656056 -0.2048561 -0.4689240 0.0739942 0.5101837 0.4842031 0.4612880 0.3557349 0.0618492 0.1396879 -0.2412954 0.0019980 -0.0684335 0.7524838 0.5725788 0.3648072 0.6887199 0.4459854 -0.1501189 0.6697671 0.3397627 0.1127886 0.0645390 0.2025281 0.1864694 0.3897965 0.5023027 0.1237516 -0.2807546 -0.5140684 -0.2495540 -0.0821105 0.1584030 0.2084424 -0.1736110 -0.3272102 -0.4032230 -0.3130244 -0.4024617 0.1534054 0.2457658 0.2424219 0.2203651 -0.3191784 -0.2826700 -0.4466744
