0.0000000 0.6357336 -0.1406088 0.0242784 -0.3589509 0.3589159 0.3959119 -0.2027529 -0.0686454 -0.1358231 -0.1083557 0.5144133 -0.3193172 -0.2225607 0.2088190 -0.1482214 -0.1410948 -0.3253513 -0.0035628 -0.4649184 0.5227562 -0.1026280 0.0153434 0.0221812 -0.0554972 0.0569500 -0.2666739 -0.2605674 0.4669266 -0.2964632 -0.4166568 -0.2021502 -0.0441131 0.1034231 0.0931809 0.6660928 0.0593399 -0.0676118 -0.0699385 -0.0030208 -0.0714457 0.4688374 -0.0956639 -0.1075778 0.1632129 -0.0815660 0.0734511 -0.2167647 0.1242461 -0.0843642 0.1000193 -0.1912644 0.2274024 0.0240644 -0.1932646 -0.1352607 0.0641184 0.2111361 -0.3684388 0.0564020 0.0663703 -0.1032170 -0.3317130 0.1790943 -0.0446197 0.0520784 0.1039964 0.0288283 -0.2565459 0.2025815 0.1745672 0.2762480 0.1807043 -0.0896494 0.0791397 0.0982132 0.0843291 0.2488047 -0.0924764 -0.1252975 0.0511765 0.0970293 0.1191078 -0.0362974 0.4109742 -0.1102297 -0.0574465 0.0348868 0.0827860 0.3086710 -0.0700293 -0.3112316 0.0218794 0.2183574 -0.1603238 0.0008240 -0.0679193 0.2834002 0.3588039 0.2679865 0.5577817 0.1667296 -0.1043803 -0.1915437 0.1991352 0.2369662 0.1157261 0.1079630 0.4228535 0.2295445 0.4478572 0.1085328 0.1552644 0.0976492 -0.0753055 0.0782093 -0.2443706 0.1865419 -0.0873817 0.0800335 -0.0330386 -0.1750356 0.3372224 0.4578261 0.2996692 0.4657473 -0.0235341 0.3179763 0.4803664 -0.0236646 -0.0695105 0.2285672 0.0281138 0.1208862 0.3497628 0.4859245 0.1215616 0.5916998 0.2538275 0.2895923 0.2864104 0.6100340 0.1454099 0.5593398 0.4005934 0.3772028 0.3618967 0.3746764 0.2844378 0.4680187 0.4065569 0.5296573 0.4366307 0.3038110 -0.1520907 0.4703705 0.5771386 0.3661451 0.3974205 0.3854458 -0.1880826 0.4671251 0.4207990 0.5261705 -0.0020253 0.1463922 0.2954472 0.5602529 0.4939823 0.4744527 0.0386315 0.0878669 0.5593340 0.3349856 0.3879206 0.2112170 0.1674454 -0.2335373 0.3571615 0.0865022 0.0238445 0.2140266 -0.0217151 -0.1417719 -0.3404023 -0.1674860 -0.3679889 -0.3727737 0.0555923 0.4172702 0.2856754 0.1715202 0.0878553 0.1938601 0.4649159 0.3344069 0.3414913 -0.0707662 0.0380750 0.4663980 -0.0634477 -0.0110393 -0.0525431 0.0273085 0.0566251 0.0878070 0.3024566 -0.0275761 -0.0457804 -0.0511804 -0.0123684 0.0299454 -0.0785770 -0.0257653 0.1018897 0.1504325 -0.0512649 -0.0704104
0.6357336 0.0000000 0.5465507 0.4622503 0.1516235 0.5472670 0.3397764 0.3519601 0.0911739 -0.1250126 -0.0386999 0.7878355 0.3952347 -0.3068786 0.4416845 -0.1465706 -0.2148891 -0.1424519 0.0197373 -0.0245724 0.6558010 0.1024120 0.0727300 0.2499128 -0.0206997 0.0001109 -0.3429295 -0.1611339 0.6579190 -0.2893837 0.0794899 -0.0458000 0.0679963 0.2153833 0.0099315 0.4803582 0.0471087 0.1434602 -0.0603470 0.1922170 0.1157843 0.4590186 -0.0176775 0.0020066 0.4582268 -0.0720166 0.1366466 0.0724216 0.1522124 -0.1534617 0.0668309 -0.0612477 0.3666534 -0.0927296 -0.0373320 0.1134701 0.1485635 0.2816573 -0.2112901 0.1085407 0.3949335 -0.0708475 0.2028424 0.4169278 0.3248846 0.3773899 0.2574012 0.1206344 0.2376273 0.3401762 0.4013048 0.4442302 0.3080003 0.5132006 0.4945178 0.2051848 0.4106230 0.4269897 0.1124580 0.3613817 0.4061178 -0.2521199 -0.1810572 -0.2029935 -0.1528159 -0.3190720 -0.1543686 -0.4085773 -0.0851329 -0.0961788 0.1832099 -0.0883086 0.0349708 0.0052209 0.1797664 0.2060493 0.1336202 0.3416424 0.0540479 0.1963749 0.2802577 0.0304936 -0.1932430 -0.0266230 0.2503989 0.3409704 0.0483182 0.0286795 0.3385438 0.1363237 0.2246678 -0.1091740 0.1343243 0.3408412 0.1022773 -0.0529238 -0.2932261 -0.2277526 -0.3797043 -0.4062385 -0.3759378 -0.3924480 -0.0058318 0.0783872 -0.1119299 0.1521190 -0.3742909 0.0642194 0.2333226 -0.3419248 -0.3830647 -0.0398577 -0.2731811 -0.1801068 0.2809351 0.3129897 -0.0504457 0.3841890 0.0880887 -0.0024226 0.2847182 0.2939974 0.2223506 0.1106362 0.1765530 0.2645751 0.3952616 0.3679913 0.2635674 0.3173109 0.1174270 0.3808231 0.4555927 0.3048512 0.2710509 0.2714724 0.4264948 0.4280407 0.4480552 0.2154091 0.2695986 0.4349472 0.0692213 0.3021138 0.2078083 0.0105326 0.0348333 0.4297001 0.3270279 0.3462496 0.0040451 0.0845488 0.0320589 0.0498609 0.7458505 0.4100125 0.3508864 -0.1550553 0.3476478 0.1172977 0.0335668 0.2091421 0.0649752 -0.2200701 -0.2914437 0.3452504 -0.0122106 0.2704901 0.6123420 0.7318216 -0.0095314 0.6125804 0.4452489 -0.0363868 0.2712488 0.2842224 0.1610705 0.2292664 0.5372060 0.2564696 0.3646732 -0.3699896 -0.0005272 0.2409261 0.3763629 0.6033816 0.1175957 -0.0247728 0.3246296 0.1240736 -0.1931828 -0.0449038 0.3062775 -0.0678694 0.1297271 0.0440501 0.2813428 0.3883030
-0.1406088 0.5465507 0.0000000 0.4617941 0.7513441 0.0364193 0.1734095 0.4537319 -0.0828918 -0.1753078 -0.1227619 0.4920010 0.8524171 -0.0561008 0.1829326 -0.2329501 -0.1297755 0.4332302 -0.2119005 0.6547383 0.1122939 -0.0264892 -0.0882987 -0.0663799 -0.2129909 -0.2365697 0.0809842 0.0410794 0.1237283 0.1921604 0.4862229 0.0688050 -0.1821183 -0.1612330 -0.1110901 -0.1357919 -0.0703450 0.0374527 0.0806233 0.2663158 0.1271162 -0.0873049 0.1233195 -0.1178301 0.2370397 -0.1273369 -0.0690632 0.2882467 -0.2269070 -0.0364175 -0.0186347 0.1404888 -0.0384862 -0.1666471 0.1163383 0.1335452 -0.0909032 -0.0189631 0.2617401 0.0572147 0.2984179 -0.0168945 0.6821324 0.0619487 0.2877837 0.2142106 0.0320831 -0.1110561 0.3596814 -0.0309326 0.0203064 -0.0116997 -0.0906766 0.5900402 0.2327654 -0.0204026 0.1368202 -0.0198120 -0.0086887 0.4425119 0.1967069 -0.3092913 -0.2462266 -0.0717896 -0.4492930 -0.1788903 -0.0509447 -0.3711321 -0.1025426 -0.2526797 0.2777601 0.1233430 0.0400359 -0.1985009 0.4344398 0.1926855 0.1450092 -0.1340522 -0.0497967 -0.3246489 -0.1520082 -0.2321323 -0.1089430 -0.0652700 -0.0477736 0.0124913 -0.1283096 -0.0571963 -0.0689981 0.0497208 -0.2820656 -0.1394741 0.1705707 0.4388175 0.3025395 0.0413532 0.0274031 -0.5190019 -0.2980886 -0.4139224 -0.1935548 -0.2649153 -0.5274653 -0.2106217 -0.1047410 -0.0287785 -0.2557582 -0.3954923 0.0358838 -0.2355582 -0.0310929 -0.1920952 -0.2064918 -0.3039659 0.0815115 -0.2840301 -0.0231204 0.1109198 0.0871932 -0.1474108 -0.0508249 -0.2369186 0.1634458 -0.4121107 -0.0468483 -0.1327435 0.1043111 -0.0134872 0.1529042 -0.2720223 -0.2807944 -0.1292848 0.0494494 0.0156980 0.2414919 -0.2687634 0.0197197 0.0416668 0.0173742 -0.1883369 0.2380871 -0.1020368 -0.4069727 -0.2027692 0.1369944 -0.0693485 -0.2589754 0.1085535 -0.0924860 -0.0874562 0.0375084 0.1406038 -0.4821972 -0.1409381 0.5129964 0.4286827 0.3076190 -0.0140429 -0.1232088 -0.0804475 0.0763444 -0.0985736 -0.0144192 -0.3824284 0.0793237 0.4761622 0.4566689 0.7420887 0.4631450 0.3025805 -0.2331075 0.3316542 0.5161581 -0.1377524 0.0055766 0.1936986 0.0379714 0.4741617 0.6168658 0.1274857 0.5743320 -0.0904367 0.0917316 0.3222364 0.6202386 0.7132849 0.1159106 0.1990319 0.3778263 0.5261733 -0.2377375 -0.0249379 0.6397158 -0.0948489 0.0530080 0.1503276 0.1287847 0.2656412
0.0242784 0.4622503 0.4617941 0.0000000 0.0436029 0.6926840 0.1710635 0.8136520 0.1095034 0.4238056 0.5217954 0.3449929 0.6416829 0.1379175 -0.0015356 0.3989708 0.2502738 -0.0884458 0.3603967 0.3265860 0.1472099 0.5737059 0.3170098 0.0837251 0.3628437 0.2983308 0.1575053 -0.0494759 0.2612998 0.1141663 0.6100531 0.4473167 -0.0252318 0.1644827 0.2370688 -0.2402812 0.3732371 0.3563405 0.4927332 0.5481770 0.4910330 -0.1075532 0.4748222 0.0733144 0.1860484 0.1079027 0.4114089 0.2152842 0.1743274 -0.2201905 0.2756549 0.5055045 0.3995800 0.2671907 0.1427679 0.1965606 0.4218856 0.4611452 -0.2211698 0.3965805 0.5710870 0.1867335 0.4022863 0.5728977 0.6804831 0.4521257 0.3789097 0.3043505 0.5008651 0.4870528 0.3440494 0.5224603 0.3216677 0.8644812 0.4833137 0.4051862 0.6367647 0.4137355 0.4793501 0.7460159 0.6904534 -0.4640303 -0.4669020 -0.6139786 -0.4705492 -0.5728072 -0.4592829 -0.3422781 -0.3763454 -0.4821146 0.2144278 -0.1364561 -0.2339313 -0.2796714 -0.0087712 -0.1245961 -0.2004811 0.0125524 -0.5102612 -0.2107152 -0.3186154 -0.4590566 -0.5119417 -0.2079477 -0.0863247 -0.0304511 -0.3512699 -0.5475952 -0.1494747 -0.4545264 -0.4050996 -0.3841124 -0.1950362 -0.0369347 -0.1872221 -0.2878594 -0.0866654 -0.4845160 -0.3036918 -0.4465119 -0.3199747 -0.2251235 -0.3556830 -0.4232143 -0.3789786 -0.0922778 -0.5931232 -0.2882299 -0.1721123 -0.4704745 -0.2820683 -0.1957813 -0.2924044 -0.1588525 -0.1558107 -0.0266188 -0.1454355 -0.0261746 0.0505028 0.1548704 -0.0502068 0.0499421 0.0951897 -0.1197330 -0.0975455 -0.0576769 0.0764038 0.1895041 -0.1714867 0.1647780 0.2104178 -0.1471508 0.0463885 -0.0124723 0.0868240 -0.2032090 -0.0076515 -0.0005658 0.1646604 -0.0279165 0.0404903 -0.0014401 -0.2432595 -0.1468269 -0.0590807 -0.0625625 -0.4513179 -0.0961574 -0.3783206 -0.0714185 -0.2586504 -0.2490351 0.0426095 -0.3179906 0.1125541 0.2878770 0.2603017 -0.2644854 -0.0021946 -0.3123220 -0.2555916 0.2885487 -0.2456340 0.1525340 -0.2391750 0.6397449 0.1598531 0.5647935 0.7324588 0.4769212 -0.2720418 0.6750451 0.4234749 -0.1381909 0.0786177 0.1451197 0.2738466 0.2969874 0.7553737 0.0896531 0.2537304 -0.1868411 -0.3003642 0.0182081 0.0589691 0.4559484 0.0072452 0.3349533 0.3650026 0.2744252 -0.3981276 0.0496510 0.2273492 -0.2522310 -0.1673947 0.2398117 0.3871292 0.2507097
-0.3589509 0.1516235 0.7513441 0.0436029 0.0000000 -0.3484310 0.0183446 0.0676240 -0.1777021 -0.3429580 -0.4690702 0.2652145 0.6252827 -0.1046369 0.2150755 -0.5645127 -0.3016825 0.4425566 -0.5775068 0.5943901 0.0107180 -0.4135195 -0.5092263 -0.2046843 -0.5529397 -0.6329641 -0.1060957 0.0488300 -0.0523458 0.1283462 0.3186507 -0.2580302 -0.1859027 -0.3214220 -0.5416205 -0.2695968 -0.5461869 -0.3223802 -0.1562530 0.0133077 -0.2419667 -0.1008749 -0.3017335 -0.1510769 -0.0274437 -0.4126917 -0.4935558 0.1551090 -0.4169765 -0.0393746 -0.4180150 -0.1622656 -0.4151340 -0.4436611 -0.0212763 -0.0893251 -0.5060276 -0.4875000 0.6034228 -0.3968620 -0.0149668 -0.2409037 0.6339468 -0.4015853 -0.0883338 -0.0289868 -0.3849290 -0.4118985 0.1932413 -0.5573176 -0.3329272 -0.4331869 -0.4850042 0.1655296 -0.1110076 -0.4980346 -0.3684551 -0.4205552 -0.4758970 -0.0680901 -0.2588038 -0.1786211 0.0544617 0.1959939 -0.2367153 0.1569701 0.2199218 -0.1742816 0.1372934 -0.0877347 0.3757443 0.4798031 0.1824763 -0.1461686 0.5056003 0.4186538 0.3721685 -0.2438667 0.0713215 -0.1577111 -0.1633103 -0.1879195 0.3091309 0.1051366 0.0856891 -0.0519788 0.0643553 0.2804248 0.0782720 0.2325027 -0.0762459 0.2108583 0.3492468 0.4094507 0.0670346 -0.0134325 0.0063925 -0.5053518 -0.2629973 -0.3435575 -0.1735507 -0.2334122 -0.3000132 -0.2574436 -0.1175610 -0.1421570 -0.0120931 -0.2096300 -0.0067525 -0.2179264 -0.0780422 -0.1770403 -0.1936875 -0.3840852 0.2630336 -0.1306458 -0.1681973 -0.0449995 -0.1888182 -0.2477390 0.0527694 -0.2839436 0.2961709 -0.2833823 -0.2594179 0.1060627 0.0204658 -0.1736349 0.1313969 -0.3947120 -0.2640501 0.0094800 0.1785581 0.1940832 0.4023094 0.0263352 -0.0043548 0.1436367 -0.1745864 0.0908967 0.3341030 0.0085239 -0.2624943 0.0205314 0.2229187 0.2203826 0.0240400 0.0365229 0.1428654 0.1568051 0.1671149 0.2412400 -0.5396377 -0.2772360 0.2275606 0.3370482 0.2877965 0.2307555 -0.0975473 0.0191744 0.2584150 -0.2531329 0.2825752 -0.3141470 0.3564434 0.2766197 0.5295050 0.6286021 0.0449115 -0.1060523 -0.0792066 -0.1934923 0.2730631 -0.0310699 -0.0910641 0.1166768 -0.1419649 0.2203605 0.1745653 -0.0956862 0.6498318 0.0173983 -0.0822078 0.3337932 0.6748949 0.6496141 -0.0883934 0.3299117 0.3604181 0.2838167 -0.2481774 0.0006401 0.6805277 -0.1631426 -0.1191481 0.3072591 -0.2154159 0.0652638
0.3589159 0.5472670 0.0364193 0.6926840 -0.3484310 0.0000000 0.1638004 0.5627920 0.4492846 0.6529291 0.6260672 0.2769323 0.2438439 0.1538685 0.1369067 0.5077818 0.4278489 -0.2937624 0.4868176 -0.1247866 0.2924363 0.5693762 0.5093228 0.3311548 0.4344155 0.4988724 -0.0612442 -0.1496899 0.4515332 -0.1381036 0.2239342 0.3250624 0.1625824 0.3959438 0.4283933 0.0907758 0.4740655 0.3571697 0.4172467 0.4374235 0.2818149 0.2023440 0.4485225 0.1796250 0.2674627 0.2791957 0.5445155 0.0388239 0.4796964 -0.2103903 0.3753575 0.4213441 0.5853992 0.4494936 0.0676497 0.2617650 0.5641983 0.7256369 -0.2807732 0.4565836 0.4826897 0.3298098 0.0411170 0.8037599 0.5513277 0.5341947 0.5330797 0.5403865 0.3558749 0.7076289 0.5800357 0.7652520 0.5391344 0.6696952 0.5879165 0.5134134 0.7328007 0.5661592 0.4369217 0.6003697 0.5991821 -0.4193092 -0.4587165 -0.6416447 -0.2975552 -0.6780618 -0.4726368 -0.4650758 -0.4302501 -0.4691536 -0.1343451 -0.2693963 -0.1578612 -0.2956517 -0.3193524 -0.2021568 -0.1783465 0.2686524 -0.4649639 0.1639886 -0.0743459 -0.3227046 -0.4695658 -0.0976563 0.1145514 0.0977336 -0.2835345 -0.4453805 0.0541011 -0.4217825 -0.0971915 -0.3641757 -0.3067820 -0.1433399 -0.1438800 -0.3248332 -0.3212694 -0.2513264 -0.3563105 -0.3819923 -0.4128315 -0.3371920 0.1458544 -0.2242910 -0.3547900 -0.0888934 -0.4940255 0.0787806 -0.1346208 -0.4063126 -0.4105766 -0.1254757 -0.2037716 -0.0951354 -0.0964525 0.2390566 -0.1620331 0.0151719 -0.0114944 0.1412940 0.1488243 0.2288520 0.1427565 0.2131058 0.0519902 0.1154915 0.2585077 0.3426619 -0.1202457 0.3877760 0.3846299 0.2863243 0.2606006 0.1878307 0.1679276 0.1827540 0.0988517 0.3233680 0.2567292 0.2403668 0.0911948 0.3110225 0.0916798 0.1004305 0.0833022 0.0081832 -0.2074089 0.0713392 -0.1430266 0.1577794 -0.1263465 -0.1720268 0.2073452 0.0346078 0.2053066 0.1322432 0.0974284 -0.4572913 0.1027909 -0.2718901 -0.4985113 0.1893948 -0.1310107 0.1629368 -0.1831799 0.4056890 0.0097057 0.1877671 0.7519629 0.5864350 -0.0533904 0.7426896 0.2452496 -0.0912127 0.0867831 -0.0046288 0.1635380 0.1355315 0.5640581 0.0538692 -0.0060107 -0.4734408 -0.2116279 -0.2125247 -0.2433346 0.1723036 -0.1259387 -0.0215035 0.0175688 -0.0853708 -0.2698773 0.0057623 -0.1755808 -0.0313337 -0.1617338 -0.0893650 0.4397888 0.3834572
0.3959119 0.3397764 0.1734095 0.1710635 0.0183446 0.1638004 0.0000000 -0.3560574 -0.0103637 0.0320539 -0.3366144 0.6335301 -0.0779308 0.3787207 -0.2599794 -0.4459457 0.1001784 0.3825298 -0.5142439 0.2674674 0.1271966 -0.4230189 -0.3060112 0.1280538 -0.5699396 -0.2718722 0.4038696 0.3390131 0.0563578 0.4204827 -0.0327127 -0.4821315 0.1040500 0.2112958 -0.0184215 -0.0037373 -0.1033275 -0.6282944 0.3479644 0.4492589 -0.3103140 0.1698743 0.0550228 0.1829130 0.3240210 -0.4757569 -0.1970951 -0.6275620 0.2687044 -0.4828334 0.0507289 0.1830344 0.4192176 0.0909915 -0.6882490 -0.6156502 -0.3947097 0.0905898 0.1003763 -0.0088266 0.4945033 0.0198058 -0.1534451 0.0086444 0.4958344 -0.4573761 -0.2219863 -0.1635112 -0.3886959 -0.1406890 -0.4871505 0.2146047 -0.2375566 0.0310596 -0.3588986 -0.3296657 -0.1981736 -0.3655886 -0.3427125 -0.0500656 -0.0937335 -0.2844581 -0.1396433 -0.1087512 -0.1855546 -0.1955381 -0.2816933 -0.4231992 -0.4093395 -0.0814257 -0.3936752 -0.3953707 -0.6775394 -0.5426016 -0.3288656 -0.2760545 -0.5818433 -0.5290996 -0.1137812 -0.4626957 0.0278860 -0.4285154 -0.3023356 -0.5766394 -0.5722039 -0.3336475 -0.2249586 -0.1440603 -0.1977943 0.1926687 -0.0506344 -0.0148540 0.2654464 -0.0287684 -0.1226968 0.2609234 0.2407353 0.3373642 0.2885549 0.1888715 0.3388156 0.1619956 -0.1923993 0.1219343 0.0535738 0.1225730 -0.1535342 0.0082228 -0.1438294 -0.3617355 -0.1896260 -0.0984435 -0.4696241 -0.3940125 -0.0867260 -0.0536136 -0.3591024 -0.1341713 -0.2659144 0.2635249 -0.3192298 -0.0916041 -0.0328110 -0.2778496 -0.2277497 -0.1751727 -0.4150988 -0.3872113 -0.3694610 -0.0673952 0.2154423 -0.1367351 -0.2474189 -0.3431607 -0.3270513 -0.1213471 0.0420541 -0.2457497 -0.2010941 0.2448681 -0.4078002 -0.0458067 -0.3616890 0.1138135 -0.5353216 -0.3377410 -0.3106366 -0.3004131 -0.1024068 0.0495175 -0.5812149 -0.5810298 -0.0187378 0.0715564 0.4453859 0.6000464 0.4435164 -0.2474708 0.0678100 -0.1167292 -0.3078683 0.1567828 0.0628411 0.1209676 0.2489026 0.4125949 0.2568553 0.1260208 0.1442980 0.4301357 0.2141431 0.2656885 0.3831313 0.2381249 0.2762524 0.3525435 0.5711813 0.2749418 0.2137376 0.2469025 0.1667816 0.1381283 -0.1120909 0.3192852 0.1483814 0.1175363 0.0426644 0.1729189 0.2348799 0.0779458 -0.1991105 0.4017761 -0.0302620 -0.3033827 0.0358369 0.3610764 -0.2357872 -0.2409325
-0.2027529 0.3519601 0.4537319 0.8136520 0.0676240 0.5627920 -0.3560574 0.0000000 0.2444711 0.3511364 0.6793445 0.0550415 0.7025505 -0.0630626 0.2112763 0.6063487 0.1993523 -0.1718518 0.6461001 0.1668196 0.1041990 0.7588314 0.5323560 0.1444759 0.6634041 0.4687408 -0.0738310 -0.1427625 0.2680875 -0.1114875 0.5276821 0.6924938 0.0046064 0.1244779 0.2806463 -0.1544738 0.4662216 0.7047125 0.2110446 0.2508126 0.6278508 -0.1355613 0.4317965 0.0414309 0.1444783 0.4216466 0.5526761 0.5279565 0.0919273 0.0841940 0.2810452 0.3631800 0.2483849 0.1985985 0.4916972 0.5804685 0.6570284 0.4495184 -0.2796793 0.4241527 0.3172938 0.1990308 0.4946320 0.6256143 0.4246896 0.7032535 0.5558903 0.4042478 0.7204328 0.6285527 0.6794913 0.4671251 0.5148375 0.8604386 0.7149161 0.6293098 0.8021670 0.6650722 0.7101716 0.8242956 0.7613272 -0.3190983 -0.4099310 -0.4620306 -0.4446692 -0.4657735 -0.3139471 -0.1877449 -0.1740690 -0.4387857 0.3383905 -0.0296930 0.0994551 0.0285944 0.1799330 0.0183614 0.1132655 0.3201158 -0.4327424 0.0477982 -0.2868539 -0.1671587 -0.3753229 0.1994907 0.1773724 0.1586200 -0.2301497 -0.4067326 -0.0755005 -0.5264013 -0.3820857 -0.4565839 -0.3116715 0.0746013 0.0672733 -0.3722819 -0.2254331 -0.6011960 -0.4488870 -0.5824215 -0.5407910 -0.3223283 -0.2726102 -0.4608666 -0.4479105 -0.1419491 -0.5028522 -0.2928044 -0.1144153 -0.2311181 -0.2003023 -0.1518722 -0.0610934 0.0709106 -0.1727617 -0.1060899 0.0784503 0.0192860 0.1987245 -0.0520475 0.0620324 0.0068547 0.0508491 -0.0826645 0.0569463 -0.0604050 0.2854003 0.3701993 0.0342498 0.1195736 -0.0546045 -0.1118324 0.0820326 0.0941847 0.2608926 -0.2193882 -0.0979114 0.0805190 0.2426239 -0.2759465 0.2792398 -0.0648582 -0.1291668 -0.2975870 0.1937210 -0.0362082 -0.3354623 0.0474788 -0.3255540 -0.1994816 0.0487512 0.0688976 -0.0687291 -0.2947591 0.0301989 -0.0380981 -0.0094887 -0.1481794 -0.0641701 -0.1942815 -0.0993947 0.1469223 -0.2597657 0.0444580 -0.3660504 0.3917513 0.0209022 0.4742308 0.7221976 0.3465260 -0.4313072 0.6250026 0.2546813 -0.3435389 -0.1122238 -0.0905718 -0.0912662 0.2057701 0.6471620 -0.0120090 0.1460284 -0.3465885 -0.1546432 -0.1539386 -0.0553479 0.3500065 -0.0023288 0.0285401 0.1731398 0.2486582 -0.2307768 -0.1846987 0.1754397 -0.0186497 -0.0883048 -0.1169883 0.5600070 0.4979469
-0.0686454 0.0911739 -0.0828918 0.1095034 -0.1777021 0.4492846 -0.0103637 0.2444711 0.0000000 0.5482576 0.4900319 -0.1584736 0.1367718 0.4382558 0.2638908 0.3026448 0.5797339 0.2734947 0.2987678 0.0015090 -0.0996891 0.1614820 0.2838983 0.6375784 0.2499027 0.2569962 0.0048692 0.3038367 0.3237990 0.0609717 0.0636223 0.3571694 0.4375790 0.4674675 0.2187022 0.0471725 0.3506733 0.1688844 0.2881498 0.2396632 0.1918909 0.3182885 0.2346032 0.3780943 0.4485515 0.4141483 0.3926462 0.0859191 0.5175576 0.0979400 0.2196117 0.3054660 0.4508132 0.4354059 0.1397943 0.4157163 0.3982588 0.5689193 0.1798130 0.2290770 0.1596745 0.3763753 0.1721259 0.6660110 0.2487822 0.3853366 0.3615515 0.3588112 0.4589321 0.5368439 0.4234322 0.6155616 0.3983894 0.3899774 0.3493716 0.3890648 0.5347213 0.4060408 0.3782492 0.4656844 0.1926232 -0.2596123 -0.2187048 -0.1556096 -0.3978961 -0.3457705 -0.2786655 -0.2341421 -0.2864171 -0.3461372 -0.4818016 -0.5027412 -0.2553106 -0.2105231 -0.3511045 -0.2536122 -0.1484179 0.1181662 -0.4309731 0.1465808 -0.2848377 -0.1345944 -0.2874700 0.3886165 -0.0353256 -0.0818797 -0.1791402 -0.1004044 -0.0170319 -0.2731421 -0.0988900 -0.3423115 -0.2868878 -0.1076478 0.2773861 -0.3083722 -0.2699766 -0.0412396 -0.2254917 -0.3586850 -0.4361764 -0.2406887 0.2146533 -0.4158742 -0.5322014 -0.2260293 -0.1092086 0.0774554 -0.4209004 -0.0523375 -0.2451319 -0.1175296 -0.0221017 0.2589912 -0.4023720 -0.0840461 0.0914643 -0.4185657 -0.0065034 -0.2714461 -0.1079857 -0.1983831 -0.0729273 0.0147866 0.1437705 -0.1499518 0.1642015 0.1220233 -0.2372885 -0.0944588 -0.0831036 0.1477171 -0.1034899 0.0096744 -0.0058373 0.0459278 -0.1965112 0.1453969 -0.1636224 -0.1218571 -0.0949271 -0.1188856 0.0669289 -0.2831161 -0.1086335 -0.1561764 -0.1188362 -0.2666818 -0.2095667 -0.2587777 0.0264409 -0.0425879 -0.0750253 -0.0653450 -0.0648803 -0.3872116 -0.4639691 -0.5969363 -0.3768631 -0.1967316 -0.5788951 -0.2868833 0.0183175 0.0832119 0.0887780 0.0621070 0.0262395 -0.0868457 0.3372611 0.1214844 -0.3291920 0.3250314 -0.3343656 -0.5585494 -0.4693554 -0.6399091 -0.2639013 -0.2335327 -0.0232731 -0.1600612 -0.2152037 -0.2234119 -0.1476775 -0.6089503 -0.3061265 -0.2043106 -0.2353537 -0.3853207 -0.2404317 -0.1531438 0.0183552 -0.3893969 -0.2602274 0.2740850 -0.1278046 -0.1504163 0.3547650 0.4528964
-0.1358231 -0.1250126 -0.1753078 0.4238056 -0.3429580 0.6529291 0.0320539 0.3511364 0.5482576 0.0000000 0.7389611 -0.2841780 0.1501076 0.6562822 -0.3372965 0.6123885 0.8700129 0.1015640 0.4645229 0.0925833 -0.3556416 0.4806401 0.4406035 0.1940964 0.3950596 0.4316783 0.4286006 0.0439317 -0.1617002 0.2686275 0.2162681 0.3522211 0.0912171 0.2236687 0.3884639 -0.3728488 0.4708292 0.2581334 0.6118157 0.3198879 0.0857053 -0.2595809 0.5805058 0.1560234 -0.0451851 0.4007800 0.4017528 -0.0232581 0.3763672 0.0081043 0.2628918 0.5562737 0.3872547 0.6105082 0.1419401 0.2182729 0.3977335 0.6147259 0.0845796 0.3566106 0.3449132 0.4339143 0.0239811 0.6251654 0.4227854 0.2428549 0.2998202 0.3762250 0.2609054 0.5082846 0.2476809 0.5522714 0.1859976 0.4756346 0.1953152 0.3379421 0.5068015 0.1554757 0.3001837 0.4770001 0.3465333 -0.4419683 -0.5085602 -0.6029160 -0.3895336 -0.5815543 -0.5101912 -0.2454001 -0.4862679 -0.5089317 -0.4963476 -0.3127377 -0.3205521 -0.4702005 -0.6413405 -0.4103213 -0.3262405 -0.0932155 -0.6820529 -0.1939531 -0.4658224 -0.5516440 -0.4227030 -0.2058611 -0.1591863 -0.2810533 -0.4012470 -0.6149499 -0.2331268 -0.6532225 -0.4182576 -0.2996736 -0.5882265 -0.4910515 -0.1857006 -0.3364594 -0.1740825 -0.1810675 -0.1259609 -0.0193071 -0.2177984 -0.2023082 0.1486031 -0.4902685 -0.2900724 -0.0289710 -0.3014545 -0.0128750 -0.2144392 -0.1710988 -0.0317072 0.0512414 0.1531530 0.0310463 -0.3198318 -0.2098727 0.0351386 -0.1981612 0.0628447 0.2684612 -0.2475732 0.0037646 0.1815043 0.0886587 0.0535948 -0.3356331 0.0038336 0.0414520 -0.4094406 0.0772591 0.3554180 0.0650089 -0.1536436 -0.1759039 -0.1131483 -0.0743249 -0.1864659 -0.0060608 -0.1967385 0.0580234 -0.3050355 -0.1348168 -0.0214515 -0.1661319 -0.2578454 -0.0886125 -0.4741309 -0.2298867 -0.3968654 -0.1641423 -0.1635714 -0.1935722 0.0394341 0.1969782 -0.3147283 -0.0566125 -0.1537581 -0.5784069 -0.3688417 -0.5470049 -0.8485496 -0.1239751 -0.1981332 0.2962961 0.2596273 0.2432074 0.2889810 0.1252700 0.4315525 0.0542138 0.0700649 0.3701866 -0.0698769 -0.0198286 -0.0473920 -0.2118464 0.1619981 0.1259008 0.3244746 0.0612789 -0.2070980 -0.1588136 -0.1782625 -0.5662958 -0.5642432 -0.3089757 0.0284145 -0.0648477 -0.3103053 0.1039337 -0.1287198 0.0679829 -0.3336654 0.2357279 -0.1950058 -0.0693478 0.2850546 0.1587652
-0.1083557 -0.0386999 -0.1227619 0.5217954 -0.4690702 0.6260672 -0.3366144 0.6793445 0.4900319 0.7389611 0.0000000 -0.3871111 0.1987065 0.2673141 -0.0924182 0.9327340 0.7050190 -0.1485360 0.8592436 -0.0464102 -0.2879311 0.7670987 0.8357886 0.0811817 0.8456574 0.7792329 0.2440103 -0.2038047 -0.0162832 0.0242331 0.2962257 0.8186891 -0.0849675 0.1036815 0.6691739 -0.1659279 0.7845510 0.6961033 0.4846417 0.2625238 0.6120999 -0.2500580 0.7351701 -0.0126870 -0.0616191 0.7497750 0.7611872 0.3701664 0.2526375 0.2079441 0.5350117 0.6134988 0.3070751 0.7166608 0.4899001 0.6251320 0.8410761 0.8004491 -0.2693869 0.6471469 0.1709998 0.5420795 0.1409618 0.7884615 0.3058163 0.5931639 0.6476985 0.6150386 0.5066254 0.8107998 0.6633739 0.5883068 0.5670208 0.5328702 0.5512607 0.7630886 0.7511070 0.6139696 0.7555548 0.6707665 0.6185669 -0.1735706 -0.4023564 -0.4596474 -0.3300587 -0.4435183 -0.3787870 -0.0302647 -0.2453148 -0.3183565 -0.2049221 -0.3952967 -0.1296148 -0.0913254 -0.2711347 -0.3742064 -0.2817701 0.1293148 -0.3915200 -0.0273710 -0.2658342 -0.2233225 -0.4576860 0.1057660 -0.0294091 -0.0460330 -0.3306665 -0.5537316 -0.1938617 -0.6042616 -0.4193703 -0.4662409 -0.5828185 -0.2758981 0.1284771 -0.4072513 -0.2244054 -0.3170996 -0.2699794 -0.2442559 -0.3208480 -0.1544401 -0.0465580 -0.3967338 -0.3535885 -0.0351941 -0.2281454 -0.1783187 -0.1890396 0.0464231 0.0383077 -0.0663667 0.2259382 0.2524040 -0.4502520 -0.2474127 0.1907083 -0.0899769 0.3095749 0.1309190 -0.1467478 0.0950800 -0.1198203 0.1355394 0.1864465 -0.2932572 0.1838544 0.2887246 -0.1782958 0.1486295 0.1289940 -0.0847970 -0.1284685 -0.0911663 -0.1744939 -0.2342392 -0.2462348 -0.0571834 0.0055014 -0.2830067 -0.1922935 -0.1989751 0.0066992 -0.4135674 -0.0816091 -0.0994716 -0.3993133 -0.0816667 -0.5186828 -0.3858239 -0.0159439 -0.0444375 0.2762109 0.0003822 -0.3224356 -0.3495884 -0.3889777 -0.4881491 -0.3411733 -0.4061155 -0.5143488 -0.0543108 -0.3627261 0.1434327 -0.2604864 0.0240604 -0.1235483 -0.0209992 0.4619412 0.0947451 -0.2667368 0.4252072 -0.0808052 -0.2867955 -0.1671914 -0.2761489 0.0336129 0.0068220 0.3562122 0.0606702 -0.3263272 -0.1930794 -0.1137131 -0.5295724 -0.5453154 -0.2701544 0.0849416 -0.1535208 -0.3114193 0.0989716 -0.0718832 -0.1860356 -0.3396556 0.1997427 -0.0874569 -0.2997708 0.4804210 0.3270551
0.5144133 0.7878355 0.4920010 0.3449929 0.2652145 0.2769323 0.6335301 0.0550415 -0.1584736 -0.2841780 -0.3871111 0.0000000 0.2217715 -0.1498124 0.1771595 -0.4256523 -0.3111042 0.0290942 -0.3093670 -0.0095418 0.7297845 -0.2282961 -0.2152174 0.1549404 -0.3565418 -0.1955078 -0.1523164 0.0981268 0.3847924 0.0300172 -0.0870179 -0.4310128 0.1193925 0.2237668 -0.1398568 0.3662416 -0.1608347 -0.2748959 -0.0126837 0.2967532 -0.1535584 0.3976618 -0.1488868 0.1691524 0.4873505 -0.4366207 -0.0859667 -0.3502173 0.1796332 -0.4541285 0.0093153 -0.0809257 0.3623115 -0.2708370 -0.4351822 -0.3490922 -0.2185415 -0.0413618 -0.1084178 -0.0263122 0.6203299 -0.1501139 -0.0233206 0.0871314 0.4778657 -0.1503270 0.0031542 -0.0938313 -0.1931523 -0.0331684 -0.0647443 0.2607029 0.0588521 0.3286603 0.0312130 -0.1455569 0.0738413 0.0017587 -0.1772906 0.0860784 0.2723787 -0.1845530 -0.0331146 0.0003231 -0.0707877 -0.1396168 -0.0765665 -0.4772410 -0.1130675 -0.0118671 0.0906118 -0.0498968 -0.1987394 -0.1412210 -0.0004874 0.0431807 -0.0638424 -0.0350489 0.0396704 0.0277924 0.3487865 -0.1756764 -0.2218073 -0.1485466 -0.0823111 -0.0487735 -0.0868436 0.0182798 0.0473164 0.1616732 0.1870264 -0.0810140 0.3834889 0.1875162 -0.1996487 0.1419819 -0.0477411 -0.0928824 -0.1447393 -0.2747035 -0.0992797 -0.1801106 -0.0744369 0.1572072 -0.1150822 0.0575170 -0.3418034 0.0569907 0.1001777 -0.5109173 -0.4649218 -0.2081645 -0.5613628 -0.4350818 0.2224601 0.2100553 -0.4295397 0.2097540 -0.2978051 0.1737011 0.0233565 0.0540889 0.1454102 -0.1684490 -0.1768012 0.1873429 -0.0853815 -0.0820193 -0.0616694 0.0410456 0.0269316 0.0999191 0.1495564 0.0113610 0.1631472 0.1659083 0.1834181 0.0433396 0.1347673 0.3479583 0.1032178 0.2351691 -0.2020935 0.3740848 -0.1141217 -0.2369669 -0.0735206 0.1001774 0.2972531 0.4014051 -0.3900938 -0.3053280 -0.0709222 0.0249513 0.8077737 0.7759953 0.7686277 0.1795730 0.5906848 0.2967583 0.1692694 0.4848130 0.2680718 0.1089957 0.0001406 0.5905054 0.2169524 0.3952667 0.4797904 0.7457561 0.1886102 0.5244969 0.6980745 0.3125100 0.4266629 0.5654066 0.4722886 0.5016708 0.5363531 0.2275864 0.5607970 -0.2675759 -0.0866697 0.5484509 0.3731144 0.5427807 -0.0298256 0.0093436 0.3957049 0.1403019 -0.2440299 0.3721839 0.1995711 -0.2908124 0.2515598 0.1622852 -0.0719901 0.0611935
-0.3193172 0.3952347 0.8524171 0.6416829 0.6252827 0.2438439 -0.0779308 0.7025505 0.1367718 0.1501076 0.1987065 0.2217715 0.0000000 0.0473369 0.2034786 0.0363376 0.0872552 0.2746054 0.0491855 0.6347041 -0.0079013 0.2440023 0.0002682 0.0504121 0.0488582 -0.1364835 0.0197341 0.0155072 0.1347745 0.1422492 0.7249055 0.3012171 -0.0901253 -0.0856909 -0.1088247 -0.3201536 -0.0089174 0.2781750 0.2688987 0.3607984 0.2472969 -0.1406263 0.2474081 -0.0563606 0.2164942 0.0337874 0.0318769 0.4791276 -0.1297909 -0.0452632 -0.0518504 0.2893734 -0.0116725 -0.0497135 0.3503501 0.3223901 0.0903106 0.1077120 0.3123552 0.0551721 0.3114162 -0.0031046 0.7990516 0.2655539 0.3176344 0.4511450 0.0660843 -0.0422427 0.6341031 0.1047088 0.1949041 0.1177796 -0.0173366 0.7943432 0.4231366 0.1106978 0.3596208 0.1599816 0.1711459 0.6029694 0.3203807 -0.4459108 -0.3794100 -0.2793241 -0.4824628 -0.3179256 -0.0773369 -0.2373059 -0.1133723 -0.3686778 0.2411829 0.1761988 0.1108574 -0.1611184 0.2999333 0.1200077 0.2451447 0.0397249 -0.3167630 -0.1851624 -0.3312354 -0.3233527 -0.1740858 0.1080313 0.0552841 0.0198050 -0.1834568 -0.2261000 -0.0737607 -0.2439157 -0.3815309 -0.2008442 -0.1621965 0.1702417 0.1677158 -0.2735551 -0.1511700 -0.7044743 -0.5314976 -0.5935844 -0.4465508 -0.4030089 -0.4276678 -0.5561031 -0.3160123 -0.2731477 -0.4447404 -0.4102859 -0.1256043 -0.3445888 -0.1042403 -0.2494214 -0.1563846 -0.2054137 -0.0135728 -0.2337903 0.0342468 -0.0203652 0.1487723 -0.3035163 -0.0576300 -0.2816028 0.2695212 -0.2953250 0.0020231 -0.1667349 0.2415760 0.1663874 0.0908227 -0.1897888 -0.2065290 -0.0443951 0.1002545 0.0593699 0.2890440 -0.1909331 -0.0068785 0.1679708 0.1073620 -0.1848767 0.3085560 -0.0790256 -0.3207083 -0.2449949 0.2600949 0.0320084 -0.2904641 0.0360389 -0.1975189 -0.1397824 0.1392174 0.2101716 -0.4044060 -0.3129831 0.1611158 0.1630797 0.0961223 -0.1036930 -0.2318671 -0.2012814 -0.1041388 -0.1463716 -0.0578875 -0.2744471 0.1331023 0.5503271 0.5266861 0.8299524 0.5346875 0.1394244 -0.4255406 0.3293365 0.2660315 -0.3127018 -0.2693352 -0.1437659 -0.1553762 0.2813495 0.5703738 -0.1402995 0.4173423 -0.1836244 -0.1344838 -0.0533769 0.4790899 0.6540193 -0.0766503 0.1996690 0.3080204 0.4039429 -0.4189131 -0.2792118 0.6830033 -0.0570130 -0.1777553 0.1715569 0.3148137 0.3239999
-0.2225607 -0.3068786 -0.0561008 0.1379175 -0.1046369 0.1538685 0.3787207 -0.0630626 0.4382558 0.6562822 0.2673141 -0.1498124 0.0473369 0.0000000 -0.5770739 0.1937321 0.7312914 0.6594837 -0.0047012 0.3650342 -0.3696602 -0.0733266 0.0447305 0.2574834 -0.0641680 0.1628839 0.7376798 0.6462902 -0.2510915 0.8314610 0.0367183 0.0578866 0.2997298 0.3443421 0.2743672 -0.3898086 0.3217041 -0.2811823 0.6472813 0.4920816 -0.1306735 -0.1399332 0.4215035 0.4899380 0.2163197 0.0742299 0.2121086 -0.2769173 0.4783060 -0.1063412 0.3386044 0.4962653 0.4132923 0.3908748 -0.2365054 -0.1802430 0.0087101 0.3051361 0.2781618 0.2903325 0.3011081 0.3699410 -0.1065598 0.2605574 0.4680666 -0.3377334 0.0710649 0.0687805 -0.1960263 0.1342264 -0.3497587 0.3577363 -0.0879093 0.2365129 -0.4199817 0.0306607 0.1394404 -0.3340198 0.0289055 0.2907442 -0.1077788 -0.2952885 -0.2592528 -0.2790708 -0.3270530 -0.4208006 -0.3509688 -0.2852155 -0.5592006 -0.4887615 -0.6901485 -0.5150501 -0.5074304 -0.6411206 -0.7083162 -0.5867438 -0.4458902 -0.5621668 -0.5786880 -0.6285224 -0.5437989 -0.7215196 -0.4881649 -0.3959124 -0.6407276 -0.6876953 -0.6740224 -0.4272264 -0.6220891 -0.5236437 -0.6506580 -0.3828434 -0.0742641 -0.2615601 -0.0437289 0.2495079 0.3888117 0.1521836 0.3362354 0.1946816 0.3114064 0.2466896 -0.1790655 -0.2420215 -0.0175366 -0.0086436 0.0492850 -0.2916938 -0.3396181 -0.0220286 0.1989449 -0.1166182 -0.0398244 0.1031642 -0.5623497 -0.5020680 -0.0476646 -0.3806898 -0.0901951 0.1703927 -0.5866227 -0.4528634 -0.2059169 -0.3229676 -0.0641715 -0.4568313 -0.4366733 -0.5060656 -0.5981384 -0.5172315 -0.0229390 -0.2998507 -0.5959949 -0.4542595 -0.4762000 -0.3899517 -0.4812192 -0.4293048 -0.6834380 -0.1574202 -0.5842982 -0.5380128 -0.3314977 -0.4244821 -0.5776710 -0.3253269 -0.4143337 -0.5188782 -0.5092770 -0.3645983 -0.3578531 -0.3222455 -0.1315554 0.1455926 -0.2543720 0.1208168 -0.0456832 -0.5366039 -0.5081910 -0.5262095 -0.7243702 -0.2703512 -0.2772052 0.1061884 0.5054926 0.2612059 0.3503557 0.1290927 0.1414648 -0.0384473 -0.0352318 0.1342082 -0.0301732 -0.0854892 -0.1277470 -0.1852400 0.2717815 0.2695075 0.1383502 0.1491051 -0.1016938 0.3846459 -0.0124675 -0.4005072 -0.3111572 -0.2540718 0.0073569 0.0146383 -0.2749227 0.4085164 0.0343476 0.2335378 -0.2754129 0.2280169 -0.0645846 0.1165140 0.0938573 -0.0150919
0.2088190 0.4416845 0.1829326 -0.0015356 0.2150755 0.1369067 -0.2599794 0.2112763 0.2638908 -0.3372965 -0.0924182 0.1771595 0.2034786 -0.5770739 0.0000000 -0.2050659 -0.3373872 -0.2513605 -0.0922278 -0.2707563 0.3049672 -0.0421591 -0.0559582 0.0886986 -0.0658466 -0.1658186 -0.7743667 -0.3136316 0.5317618 -0.6547412 -0.0168553 0.1157072 -0.0336129 -0.1277188 -0.1916204 0.3086629 -0.1800387 0.1161318 -0.3191155 -0.1374726 0.1962131 0.3367912 -0.2526511 -0.2108360 0.1235174 -0.0712369 -0.0695171 0.2265453 -0.2707816 0.0193104 -0.1495462 -0.1962822 -0.2621222 -0.1672045 0.1983552 0.3105691 0.1001691 -0.0621822 -0.0478799 -0.0993517 -0.2895857 -0.0539555 0.3889517 0.0025880 -0.3873067 0.5570397 0.1652189 0.1707188 0.4863906 0.1049545 0.5097847 -0.1027443 0.3354954 0.1237153 0.4820502 0.1568124 0.1388932 0.4696020 0.0578629 0.0646284 -0.0047456 -0.0170215 0.0103306 0.0681306 0.1160472 -0.0552307 -0.0070372 0.0391837 0.1587160 0.0723850 0.4396333 0.1014748 0.4581053 0.4597446 0.4538287 0.2993313 0.3882434 0.6513013 0.2168518 0.7150527 0.3228874 0.5294116 0.1311742 0.6287102 0.6445746 0.4493131 0.3777482 0.2643569 0.6158104 0.2544589 0.5891375 -0.0008820 0.1181392 0.3422313 0.2239065 -0.3920016 -0.5875826 -0.3025708 -0.5564961 -0.5887998 -0.6330905 -0.6205493 0.2879411 0.0936247 -0.1522271 -0.1451459 -0.2060579 0.2382650 0.1327238 -0.1210767 -0.2018606 -0.0012797 0.0045914 0.1687724 0.4904682 0.5001582 0.1883000 0.1799042 0.2009879 -0.4326638 0.6877235 0.2121586 0.2741740 0.3750613 0.3457018 0.5962815 0.7155650 0.6863180 0.6598588 0.2438395 -0.1483279 0.4118814 0.5839515 0.6588385 0.5737771 0.4164002 0.4555721 0.6490058 0.5809613 0.0257505 0.4545366 0.3551346 0.4169636 0.1999773 0.5729727 0.3239360 0.4928545 0.4454217 0.3539932 0.2063942 0.5675418 0.3610999 -0.1207200 -0.1381783 0.3268733 -0.2869511 -0.2062848 0.0499552 0.0990859 0.2471801 0.3437950 0.0180868 0.1528851 -0.1861858 -0.4092782 -0.1674255 -0.1952449 -0.0211378 0.0265236 0.0640073 -0.3493286 0.0509570 -0.1379257 -0.4198324 -0.2041051 -0.2639252 -0.5517421 -0.3597823 -0.1356210 -0.2007774 -0.0250395 -0.4866629 -0.2293081 -0.0847992 0.3568480 0.2900790 -0.2913429 -0.1522107 0.0604706 -0.4608190 -0.1020049 -0.5496665 0.2885297 -0.2899944 -0.3407880 0.1201840 -0.1250846 0.1057379
-0.1482214 -0.1465706 -0.2329501 0.3989708 -0.5645127 0.5077818 -0.4459457 0.6063487 0.3026448 0.6123885 0.9327340 -0.4256523 0.0363376 0.1937321 -0.2050659 0.0000000 0.5750019 -0.2510475 0.9145053 -0.1663169 -0.1966912 0.7859239 0.8999980 0.0429337 0.9186347 0.9052932 0.2464564 -0.1680031 -0.0755009 0.0476693 0.1752431 0.7940483 -0.0417350 0.1438962 0.7597511 -0.0820463 0.8443967 0.7306314 0.3850163 0.1953872 0.6392752 -0.2481703 0.7013699 0.0684516 -0.0853295 0.7745468 0.8332542 0.3707761 0.2874761 0.2266482 0.6465867 0.5469958 0.3036375 0.6437436 0.4838762 0.5978424 0.8735093 0.7174091 -0.4012337 0.7260528 0.1318517 0.5647495 -0.0772484 0.6918629 0.2839154 0.4493481 0.7228137 0.6789701 0.3105769 0.7932220 0.6212503 0.5281552 0.6437271 0.3983565 0.4557324 0.8032447 0.7090202 0.5677782 0.7999078 0.5818644 0.6051497 0.0135010 -0.2920400 -0.3798591 -0.2291192 -0.3421011 -0.2757483 -0.0443512 -0.2055615 -0.2999788 -0.1479156 -0.2886574 -0.0225969 -0.0463342 -0.2580588 -0.3840463 -0.2149929 0.1417364 -0.3052535 -0.0172027 -0.2057379 -0.1268371 -0.4273715 0.0792409 -0.0243083 -0.0591798 -0.3587809 -0.5197592 -0.2990782 -0.6042048 -0.4169195 -0.5052574 -0.4760657 -0.2599816 0.0926442 -0.1951558 -0.0439884 -0.1972743 -0.0956923 -0.1168108 -0.1188443 0.0392717 -0.0580256 -0.1941154 -0.2219326 -0.0457748 -0.0754416 -0.2191235 -0.1571040 0.1671220 0.1057027 -0.1031678 0.2456801 0.2826107 -0.4835667 -0.2535954 0.1362727 -0.0672809 0.2223180 0.1599289 -0.1297282 0.0522129 -0.2927480 0.0616217 0.1287015 -0.2499404 0.0623522 0.1617384 -0.1845288 0.0859983 0.0155533 -0.1870108 -0.1930308 -0.1217841 -0.1760793 -0.2826579 -0.3624587 -0.1696722 -0.0502272 -0.3406385 -0.1355783 -0.2225932 0.0160435 -0.4364005 -0.0488579 -0.1488910 -0.2961885 -0.0826755 -0.5028019 -0.3790044 -0.0549599 -0.0612862 0.2851759 0.0841541 -0.3098918 -0.3250083 -0.3094437 -0.2887768 -0.1877794 -0.2686181 -0.3544351 0.0485783 -0.3820047 0.1684391 -0.3060951 -0.0263351 -0.2321226 -0.0968702 0.3912752 0.0896259 -0.1931361 0.3891015 -0.0185403 -0.1640320 -0.0919604 -0.1669609 0.0545207 0.1071796 0.3418076 0.0452227 -0.3049385 -0.1368686 0.1128188 -0.3756956 -0.5774562 -0.3198998 0.0718419 -0.1961984 -0.3221282 0.1415794 0.1303557 -0.0434355 -0.4499826 0.2882776 0.0979420 -0.4659510 0.5093920 0.3321702
-0.1410948 -0.2148891 -0.1297755 0.2502738 -0.3016825 0.4278489 0.1001784 0.1993523 0.5797339 0.8700129 0.7050190 -0.3111042 0.0872552 0.7312914 -0.3373872 0.5750019 0.0000000 0.3671510 0.3718292 0.1284770 -0.5263679 0.2142402 0.5060665 0.0271904 0.3043406 0.4344176 0.6149438 0.0753616 -0.3806402 0.4741017 0.1228373 0.3817514 -0.0957291 0.0265288 0.5349043 -0.3772533 0.5587500 0.1337260 0.7559714 0.4369914 0.1390331 -0.3776800 0.7562426 0.0519480 -0.0454331 0.4237975 0.4026258 -0.1021467 0.2550246 0.0167083 0.4231306 0.7451417 0.2647824 0.7910095 0.0910306 0.1942983 0.3455797 0.6624072 0.1724355 0.4965558 0.2830632 0.6601225 0.0155255 0.5561693 0.3285794 0.0754820 0.3332309 0.4254272 0.1324702 0.4729253 0.1329533 0.4473354 0.1997800 0.3495259 0.0025233 0.3499553 0.3517469 0.0203041 0.2571142 0.4000023 0.2113942 -0.3636688 -0.5079591 -0.4122188 -0.4156668 -0.4622480 -0.4601246 -0.1969295 -0.4805253 -0.3641980 -0.6993304 -0.5184935 -0.4547933 -0.4775054 -0.6874847 -0.6751182 -0.5203077 -0.3060743 -0.4995495 -0.3295758 -0.3651971 -0.5436107 -0.5611647 -0.1225145 -0.3842922 -0.5547539 -0.5149826 -0.6741780 -0.3987738 -0.5920668 -0.4712716 -0.4403786 -0.5274933 -0.5087970 0.0004356 -0.2760375 -0.1269209 -0.1775984 -0.1186567 -0.0086958 -0.0909337 -0.1583889 -0.0114231 -0.4244725 -0.2217885 0.0223571 -0.1600187 -0.2247123 -0.2157835 -0.0715713 0.1804230 -0.1040794 0.2096863 0.0630833 -0.4615014 -0.5095563 0.1009101 -0.2073545 0.1814958 0.2257331 -0.4659870 -0.1430064 0.0026043 -0.0238319 0.1697944 -0.5245731 -0.0660174 -0.0811663 -0.4376463 -0.2230499 0.0633703 -0.1352830 -0.3912865 -0.3658991 -0.4074484 -0.2684699 -0.3534723 -0.2310416 -0.4047696 -0.1857480 -0.6159507 -0.4556338 -0.1530062 -0.4121662 -0.4731847 -0.3042390 -0.5454645 -0.3029398 -0.5423505 -0.4306296 -0.2265665 -0.2610225 0.0230691 0.2928505 -0.2475694 -0.0831458 -0.2389756 -0.5850291 -0.5328551 -0.5127345 -0.8559778 -0.2260537 -0.2510172 0.2094509 0.2891041 0.1174161 0.3376269 0.0566848 0.2581859 -0.0680955 -0.0102300 0.2211814 -0.0590430 -0.0394426 -0.1058807 -0.2111566 0.2660117 0.2016181 0.2527067 0.1485743 -0.3070691 -0.0395167 -0.1475044 -0.6030320 -0.5103305 -0.4613224 0.0802467 -0.2333770 -0.5334240 0.1893915 -0.1023570 0.0327915 -0.3610739 0.2195797 -0.1031179 -0.1175272 0.0973546 -0.0059926
