0.0000000 0.3844336 0.4909635 0.1963411 0.1567933 0.3307862 0.5980928 -0.5715899 0.3847192 -0.2149071 -0.6149719 0.7989443 -0.4470919 0.1280898 0.7781407 -0.7879651 -0.4979202 0.2963581 -0.8490586 -0.1193207 -0.0072233 -0.7045676 -0.7364139 0.6925170 -0.8407939 -0.7725612 -0.2877667 0.7040816 0.7500288 0.5571365 -0.5543834 -0.8303333 0.6787896 0.5035777 -0.7723762 -0.2032237 -0.7796391 -0.7541987 -0.1148531 0.3571429 -0.6621740 0.0483145 -0.7118989 0.5826405 0.2949172 -0.8082749 -0.7304948 -0.6381036 0.0709409 -0.6836307 -0.6939821 -0.5881343 -0.0284398 -0.2488611 -0.6739178 -0.7248128 -0.7724442 -0.2463366 0.5980556 -0.6726265 0.1513405 -0.5471577 -0.6660197 -0.4701633 -0.4047045 -0.6880633 -0.7088690 -0.3857098 -0.5816706 -0.5417411 -0.6349235 -0.4887036 -0.6374190 -0.0379973 -0.6608120 -0.6161538 0.0431325 -0.6624651 -0.7477248 0.2061944 -0.6963731 0.3929815 0.2368937 0.5750443 0.0378166 0.4275429 0.1387165 -0.2257194 0.1113609 -0.1604498 0.0751949 0.1038381 0.1144320 -0.3946426 -0.3004378 -0.0268028 -0.0035038 0.3857806 -0.2814705 -0.5024795 -0.2024741 0.3688920 0.4781312 -0.4322493 0.2273588 -0.2834229 0.5389503 0.3215041 0.2882281 0.3111401 -0.0341510 0.1182181 -0.0996920 -0.1255884 -0.2481475 -0.2740285 -0.4018405 -0.4594278 -0.3614418 0.0943970 0.0032746 -0.3505412 -0.0712998 0.0204649 -0.0042032 0.4129390 -0.2932159 -0.0611180 0.3639476 -0.0636103 0.0446693 -0.3216454 -0.3118641 0.5263782 -0.1988990 0.1651026 0.1323781 0.2608217 0.0455016 0.1797206 -0.3132510 0.3625451 -0.3705217 0.4382636 0.1181791 0.1729500 -0.1870341 -0.3016115 -0.2314642 0.1583753 0.1967678 0.1616017 -0.1784709 -0.2900604 -0.5512924 0.2287576 -0.1005499 -0.5289815 -0.2192355 0.2277154 -0.5209626 -0.0447200 0.1907101 -0.0166772 -0.5207964 -0.0233408 -0.0386565 -0.1371175 -0.0963569 -0.0823614 -0.2675649 -0.1853313 -0.4120284 -0.2323104 0.2470477 0.1237326 0.0854476 -0.1528796 -0.2994931 -0.0954141 0.2290239 0.4537452 0.4099522 0.4698829 0.3395879 0.0988924 0.3145214 0.0867916 0.4837990 0.3883095 0.2938883 0.3736567 0.3375678 0.2635007 0.4283602 0.3037003 0.2310224 0.2156649 -0.3676999 0.4765159 -0.1487350 0.4810222 0.2326953 0.5068784 0.3096468 -0.3559341 0.7538221 -0.0759988 -0.1978881 0.5587002 0.2171235 -0.0146704 -0.1103054 0.1341465 0.2286224 -0.0751783 -0.3600409 -0.2211985
0.3844336 0.0000000 0.6834244 0.6090078 0.5232597 0.6546530 0.6534605 0.2135004 0.5165078 0.1960282 0.0292970 0.7199368 0.2795382 0.4951268 0.6620821 -0.0892138 0.0379432 0.3864907 -0.1051235 0.4129492 0.2187900 -0.0771797 -0.1928848 0.5776571 -0.1015821 -0.0661408 0.0125952 0.5377135 0.5200905 0.3501505 0.0204137 -0.0938639 0.5489749 0.5758480 -0.1853357 0.0759385 -0.1010951 -0.1177984 0.4391040 0.4518587 -0.0827449 -0.1609706 -0.0382741 0.4870640 -0.0169517 -0.0673835 -0.0262119 -0.0985262 0.1888252 -0.1467690 0.0059160 -0.0777581 0.1266727 -0.1200185 -0.0642790 -0.0658930 -0.0829279 -0.1039672 0.3575525 0.0377056 0.0551199 -0.1423617 -0.0827015 -0.0922079 0.0219363 -0.1240977 -0.0698783 -0.2480760 -0.0133879 -0.2542264 -0.0806609 0.1071575 -0.1945103 0.4463920 -0.1711486 -0.1523873 0.4994788 -0.2833256 -0.2965705 0.4579394 -0.1814599 0.4474161 0.4137747 0.2336314 -0.0814450 0.4168438 0.0926565 -0.0052317 0.0213010 -0.0574560 0.0753335 0.0705050 0.5975648 -0.2772370 -0.0325924 0.1028858 0.3463649 0.5778416 -0.0464443 -0.2511622 -0.0644485 0.5457610 0.6146985 -0.2624381 0.2447459 -0.1196993 0.4316169 0.2962658 0.1466810 -0.0714319 0.0206001 0.2889357 0.0235923 0.0569463 0.0253474 0.1071725 -0.0809906 -0.0731210 0.0405384 0.4553258 0.4843882 0.2163652 -0.2098149 0.4206606 0.0240935 0.0104618 0.1480819 -0.0665697 -0.0263365 0.2939298 -0.0288669 -0.2312577 0.0749363 0.3033638 -0.2114807 0.0815261 -0.0117544 -0.0622866 -0.1522925 -0.2437336 -0.1225314 -0.1033584 -0.5012252 0.0880290 0.0210681 0.1251472 -0.1463223 -0.1734103 -0.1799953 -0.2562392 -0.2307763 -0.0849659 -0.1877783 -0.2787786 -0.2205184 -0.2826035 -0.4739821 -0.2521389 -0.4757649 -0.2577090 -0.2074348 -0.2581314 -0.2028534 -0.4016535 -0.2699250 -0.2504029 -0.2768936 -0.1235480 -0.3392524 -0.2395270 -0.2699553 -0.1393464 -0.0380389 0.2092837 0.6915021 0.3317565 0.1588002 0.1020401 -0.0882802 0.1478287 0.4619687 0.5743906 0.1701533 0.2078900 0.1819297 0.2429881 0.3536460 0.2144012 0.6236416 0.5104255 0.3382307 0.4179042 0.4517151 0.1230610 0.1818298 0.0899851 -0.0043608 0.0916328 0.0000276 -0.0779944 -0.1452942 0.4128994 0.3983779 0.4067754 0.3875742 0.1584998 0.2407439 0.1474229 -0.0149363 0.3883076 0.3874494 -0.1810784 0.2821453 -0.0008552 -0.1570067 0.1838255 -0.0570041 -0.0681841
0.4909635 0.6834244 0.0000000 0.8542371 0.8164813 0.7697295 0.7511305 0.2141756 0.8743355 0.4994161 -0.0269833 0.7310732 0.2693990 0.6604485 0.8516246 -0.2624438 0.0226205 0.6103137 -0.2972291 0.3499538 0.0757907 -0.2863495 -0.2404934 0.7324037 -0.2790597 -0.2949723 0.1050244 0.7371612 0.5927246 0.4637893 -0.0665881 -0.2754784 0.7374924 0.7185456 -0.3793389 -0.1843883 -0.3809204 -0.2909481 0.3057027 0.5221759 -0.1762142 0.0253415 -0.3537805 0.6781332 0.1553804 -0.3819721 -0.4305625 -0.2494168 0.4077763 -0.4339891 -0.3461032 -0.3480355 0.3425764 -0.0422289 -0.3386764 -0.4401841 -0.4089916 0.0436903 0.3473010 -0.3079661 0.0199281 -0.2996481 -0.4338116 -0.0424714 0.1601907 -0.3758020 -0.3815397 -0.2745432 -0.3879084 -0.2275519 -0.3300459 0.0664092 -0.3341088 0.4728134 -0.3527432 -0.1603113 0.2751943 -0.3734886 -0.2944530 0.1928323 -0.4362124 0.4535610 0.2208120 0.0863314 -0.2172890 0.1816682 -0.1142465 -0.3280695 -0.1415028 -0.2450079 -0.1084390 -0.2345654 0.3280413 -0.2676024 -0.4054071 -0.2525271 0.1975177 0.3216772 -0.3266967 -0.2045455 -0.3832138 0.5471193 0.3884268 -0.2106056 0.0187243 -0.4272425 0.2531507 -0.0198656 0.2144679 -0.2320995 -0.2124778 0.6146157 -0.1711434 -0.0977345 -0.0748383 -0.1549670 -0.3338669 -0.3213129 -0.2439467 0.1623782 0.3423623 -0.1204701 -0.2029114 -0.0347642 0.1955196 0.0730943 0.0458270 0.1038217 0.1539476 0.0801586 0.1196194 -0.2418156 0.0803403 0.2955475 -0.1276608 0.1646957 0.0017358 -0.0652864 0.0115969 -0.2643284 0.0340788 -0.0485319 -0.3460661 0.1156887 -0.0470678 -0.0653031 -0.2040760 -0.1961421 0.1378589 -0.1217281 -0.0610776 0.0775470 -0.2959138 0.0291572 -0.0928917 -0.0224217 -0.1592937 -0.0838410 -0.1001329 -0.1853161 -0.0190515 -0.2099113 -0.0734278 -0.3330951 -0.1323396 0.0346415 -0.0930402 0.0475710 -0.2091475 -0.2428586 -0.0378443 -0.0361468 -0.0689284 0.0366720 0.2362067 0.3290030 0.0714324 -0.1129019 -0.2701138 0.0447492 0.2675221 0.4656851 0.2252303 0.4040182 0.1844041 0.3388238 0.0758943 0.4470051 0.3909344 0.1924507 0.0784009 0.0828015 -0.1014718 -0.1871242 0.0435731 -0.1481119 -0.4080872 -0.3679075 -0.4635279 -0.0572538 -0.1506255 0.2604516 0.0591598 -0.0571379 0.5672906 0.2093096 0.1440833 -0.0015565 -0.0325815 0.2837033 0.1726599 -0.6114689 0.5363158 -0.2062374 -0.5059952 0.2387145 0.1507783 0.2242362
0.1963411 0.6090078 0.8542371 0.0000000 0.7091035 0.6962134 0.4939725 0.5073166 0.8322254 0.7748011 0.4019448 0.4592360 0.4478720 0.7939040 0.5889037 0.1284076 0.4607306 0.4798748 0.0069656 0.2791440 0.0216724 -0.1225733 0.1729641 0.5436653 -0.0249365 0.0810881 0.4356294 0.4955224 0.4075263 0.2887163 0.0209549 -0.0049374 0.5601679 0.6196418 0.0051538 -0.2650914 -0.0336852 -0.0961652 0.5832738 0.6235988 -0.0234786 0.0616055 0.0116809 0.6043814 0.2081440 -0.1619726 -0.2386891 -0.1046908 0.4853180 -0.3293550 -0.1570978 0.0041067 0.3936268 0.2393049 -0.2062194 -0.3028792 -0.1886089 0.2938688 0.0210441 -0.1366744 -0.2114285 -0.0138526 -0.3423460 0.2369368 0.2994593 -0.2297663 -0.2003356 -0.0337432 -0.3318003 0.0835177 -0.2240543 0.3121611 -0.1467943 0.5160721 -0.2505060 0.1672578 0.3555372 -0.2215616 -0.0445275 0.2283369 -0.2804948 0.3300583 0.3395420 0.0366329 -0.2068036 0.2274950 -0.0580768 -0.2315579 -0.0275800 -0.0924159 0.0507426 -0.1007598 0.5034681 -0.1607302 -0.2316950 -0.0167992 0.3375041 0.4083611 -0.1144848 -0.1475256 -0.2212415 0.5190819 0.3960622 -0.0622191 0.1507139 -0.1811388 0.2534826 0.1025172 0.2948599 -0.2058009 -0.0146967 0.5925042 0.1804021 0.1536317 0.1634947 0.1614837 -0.0368791 -0.0300518 0.0462274 0.1549661 0.3089528 0.1178583 -0.1720503 0.1158560 0.1844851 -0.1511988 0.1141590 0.1298413 0.0437310 0.1626882 0.0778577 -0.1571850 0.1473471 0.2617387 -0.0689878 0.1715545 0.0510342 -0.1268294 0.0095314 -0.3054271 0.0675889 -0.1057163 -0.1999319 0.0044217 -0.0463388 0.0654955 -0.1674874 -0.1464050 0.2502063 -0.2079089 -0.2222044 0.0474844 -0.2817993 0.1264930 0.0447060 -0.1349624 -0.1157910 0.0800451 -0.0768298 -0.2799198 0.1531000 -0.2659225 -0.1573166 -0.2669691 0.0062167 0.0352510 -0.0891059 0.1705759 -0.1715117 -0.1921303 0.0743181 0.0666142 -0.1838890 -0.1634560 -0.0029286 0.1555678 -0.0439490 -0.1616079 -0.2422620 -0.0930693 0.1366791 0.2050619 -0.0633450 0.1144403 -0.0729909 0.1194943 -0.2524967 0.3203454 0.2192788 -0.0046156 -0.0517365 0.0013618 -0.1912383 -0.3594066 -0.1941128 -0.3601018 -0.5272043 -0.4441520 -0.3593002 -0.2192814 -0.0749694 0.2048664 0.1682949 -0.1443593 0.4994672 0.2953416 -0.0588614 0.1299021 0.0898442 0.2129950 0.3078029 -0.6601772 0.6008857 -0.2762459 -0.6075665 0.2850333 0.0013485 0.0700230
0.1567933 0.5232597 0.8164813 0.7091035 0.0000000 0.5555368 0.5328053 0.4349490 0.6333664 0.4302788 0.0408579 0.4851845 0.5381380 0.4530573 0.5624581 -0.1181721 -0.0269199 0.4211982 0.0005615 0.5736119 0.1311348 0.1275536 -0.1470330 0.4257957 0.0214029 -0.1493110 -0.0143284 0.4859503 0.2946141 0.2178968 0.3315946 0.0233551 0.3821025 0.4171273 -0.2029283 -0.2081787 -0.1702833 0.1076290 0.1527421 0.1856037 0.2772008 -0.2671558 -0.1684438 0.3572112 -0.2271937 -0.0278014 -0.0927761 0.1734658 0.2150616 -0.0240567 -0.0335889 -0.2740165 0.1862135 -0.1060503 0.0934797 -0.0302396 -0.0595162 0.0007482 0.0240829 0.0048302 -0.2139042 -0.1487210 -0.0009673 0.0639778 0.3002288 0.0506114 -0.0080625 -0.1775507 -0.0252948 -0.1133377 0.0763744 0.2084857 0.0140901 0.5835799 0.1008526 0.0377723 0.3138927 0.0315564 0.1216429 0.2677331 0.0493371 0.1916921 -0.0269698 -0.2419169 -0.4468953 -0.1647012 -0.3520310 -0.3961501 -0.3877026 -0.3248722 -0.3732165 -0.3538016 0.1539776 -0.1116429 -0.3325867 -0.3665780 0.1708029 0.1256146 -0.2576420 0.0397435 -0.4137385 0.3223234 0.1769590 0.0870771 -0.1907178 -0.3936307 -0.0135785 -0.0835389 -0.1846809 -0.1210121 -0.3017043 0.4784308 -0.0268096 0.1953999 0.2219594 0.0845876 -0.0500697 0.0290695 0.1043791 0.1916964 0.3840712 0.1129300 -0.1198955 0.1091695 0.2777702 -0.3112662 0.2907695 0.0747557 -0.1920083 0.1920643 0.0678948 0.0646756 0.3615242 -0.0783455 0.0052346 -0.0929933 -0.1957587 -0.2739930 -0.1383939 -0.4793292 0.2210648 -0.2443207 -0.2357682 -0.1780827 -0.1237332 -0.2541960 -0.0832113 -0.0099082 0.2512360 -0.1689232 -0.1161949 -0.0175513 -0.0972138 0.1014719 0.3252594 -0.1032653 -0.2607176 0.1532574 -0.0721871 -0.3488625 0.2752732 -0.1781543 -0.1281671 -0.4524876 0.2028770 0.0731257 -0.1525987 0.0019570 -0.2890624 -0.2983784 0.0867309 -0.0720760 0.2154802 0.3113576 0.2287545 0.3149896 0.0508481 -0.0806451 -0.1135023 0.0898246 0.1465581 0.1688378 -0.0699691 0.0996355 -0.1051014 0.4570497 0.0414638 0.5662420 0.2995710 0.1711913 -0.0320038 0.0682894 -0.1619368 -0.3660704 -0.2757634 -0.3523460 -0.5547301 -0.4025761 -0.1820582 -0.4159401 0.0778635 0.2174197 -0.1215922 -0.1851593 0.6691702 0.5065677 -0.2478632 0.1042565 0.1809283 0.2895397 0.0294944 -0.6758310 0.8412351 -0.2709388 -0.6611624 0.4192125 0.3777411 0.2953334
0.3307862 0.6546530 0.7697295 0.6962134 0.5555368 0.0000000 0.8510543 0.0594985 0.8800293 0.5089432 -0.0659064 0.6106817 0.0546654 0.7564632 0.7282905 -0.2481028 0.0989246 0.7450282 -0.3183865 -0.0382393 -0.3035835 -0.4040915 -0.2276915 0.8407063 -0.2956405 -0.2294921 0.2963622 0.8126675 0.4137179 0.7360774 -0.2853823 -0.2427765 0.8436568 0.8643938 -0.3101897 -0.1364580 -0.2743716 -0.4283007 0.5693853 0.4814034 -0.2760838 0.0247856 -0.2364002 0.8066036 0.2876326 -0.3685763 -0.3733228 -0.3667187 0.3575487 -0.5652497 -0.3715270 -0.3637020 0.2938130 -0.2001080 -0.4491821 -0.4758121 -0.4101162 -0.1452498 0.3701316 -0.4115127 0.3265283 -0.5313027 -0.5156597 -0.2834924 -0.0647813 -0.5277863 -0.5175497 -0.5897187 -0.4798761 -0.4443975 -0.5414362 0.0663234 -0.6264483 0.2189652 -0.5605575 -0.3591850 0.3245870 -0.5455412 -0.4427259 0.3104487 -0.4231440 0.5629682 0.2737389 0.1342061 -0.3347103 0.2506132 0.0058261 -0.2466662 -0.0130721 -0.2343428 0.1899650 -0.0398731 0.4918825 -0.3186753 -0.2629534 -0.0524577 0.1829409 0.3756456 -0.2109200 -0.3051135 -0.2065777 0.5769733 0.4384131 -0.3411987 0.3622269 -0.2996178 0.3377920 -0.0751542 0.5014476 -0.1232471 0.1554711 0.5120363 -0.3241953 -0.2092100 -0.1019151 -0.2391551 -0.4900444 -0.3750850 -0.3569015 0.2734663 0.3985381 -0.2368648 -0.0448875 0.1306144 -0.0813314 0.1536186 -0.0867916 0.2466906 -0.0450952 0.3896540 0.1858760 -0.0145947 0.1354689 0.2535918 0.1765807 0.5349939 0.1331964 -0.1678153 -0.0155998 -0.1779589 0.1072066 -0.1298135 -0.3462445 0.3662460 0.1076597 0.3411967 -0.0959432 -0.0779120 -0.2027055 -0.0129685 0.0424938 0.1570125 -0.2827921 0.1214832 -0.2256053 0.0980468 -0.1856636 -0.1330369 -0.2162916 -0.0061283 -0.2474254 -0.2248086 0.1489404 -0.1991398 -0.2931000 -0.1513135 -0.1548102 -0.2522320 -0.3305351 -0.2761597 -0.3289605 -0.2285583 -0.0672835 -0.0134316 0.3121334 -0.0717423 -0.3086804 -0.4434882 -0.5522036 -0.3302129 -0.1471287 0.3246964 0.3737349 0.4600824 0.3741050 0.2411238 0.3164920 0.0774274 0.4281605 0.3381130 0.4014765 0.2398762 0.1255110 0.1140015 0.2215676 0.1023322 -0.0969789 -0.0079065 -0.2078697 0.0379184 0.1484083 0.1934556 0.1691918 0.0922628 0.5590650 -0.0590347 0.0837582 0.2257715 0.2453866 0.1633635 -0.0277317 -0.3301174 0.3928680 -0.1716367 -0.2522725 0.0049857 -0.0232851 0.0286546
0.5980928 0.6534605 0.7511305 0.4939725 0.5328053 0.8510543 0.0000000 -0.2289922 0.7176138 0.1592325 -0.4378354 0.8387845 -0.1567199 0.5045094 0.8561162 -0.5676008 -0.3071699 0.6922470 -0.5767355 -0.0008946 -0.2156971 -0.5612336 -0.5468559 0.8831772 -0.5113143 -0.5112454 0.0353857 0.8812277 0.5794015 0.8130079 -0.3524945 -0.4945242 0.8003669 0.7543526 -0.5141267 -0.2220911 -0.5117905 -0.5705995 0.2786367 0.3923708 -0.3578420 -0.1109283 -0.4091450 0.7102818 0.1681945 -0.5225341 -0.4545527 -0.4390047 0.0954056 -0.5811955 -0.4497037 -0.5693052 0.0607501 -0.4109754 -0.4963933 -0.5423075 -0.5521288 -0.4028877 0.6056456 -0.4859866 0.3611002 -0.6679502 -0.5398367 -0.5337677 -0.2327868 -0.5921008 -0.6150108 -0.7065807 -0.4960745 -0.6855085 -0.5744870 -0.1943766 -0.6914766 0.2643727 -0.5652410 -0.5453520 0.4036893 -0.5514569 -0.5996229 0.4092263 -0.4672449 0.5291322 0.1772943 0.2741360 -0.4138770 0.2930908 -0.0466950 -0.3865251 -0.0490684 -0.3257972 0.1138947 -0.0139386 0.3662845 -0.3696634 -0.2998599 -0.0866581 0.1481000 0.3785120 -0.3051294 -0.3197972 -0.3026091 0.5903312 0.4931162 -0.3543224 0.3173050 -0.4223486 0.3429495 0.0259855 0.3040194 -0.0786374 -0.0167599 0.3668079 -0.4250716 -0.3000725 -0.2958403 -0.4210398 -0.6077975 -0.5572247 -0.4787141 0.1946012 0.2963830 -0.2665787 -0.0400800 0.1604501 0.0012417 0.2202931 0.0038967 0.1163761 0.0634757 0.4109358 0.2809953 -0.0919251 0.1498039 0.2437444 0.0519760 0.4115391 0.0792262 -0.1003057 0.0252141 -0.2520887 -0.0358628 -0.1077851 -0.5109806 0.3268655 0.0923028 0.1931592 -0.1480287 -0.1391944 -0.3199040 -0.0670132 -0.0281439 0.0652171 -0.2918198 -0.0853553 -0.3183172 0.0445119 -0.3445579 -0.3907083 -0.3291390 -0.1016340 -0.3754867 -0.2427874 -0.0169872 -0.3581726 -0.4106112 -0.2641996 -0.2697727 -0.3188245 -0.4083414 -0.3927584 -0.4496242 -0.3353157 -0.1580978 0.1936394 0.5659208 0.0559296 -0.2052363 -0.4452203 -0.5368331 -0.2245812 0.0108472 0.4450115 0.4386182 0.5130874 0.4571618 0.4358956 0.5654825 0.2096345 0.7055389 0.6209454 0.4096171 0.4458405 0.3492000 0.1698509 0.3389740 0.1801589 0.0004502 0.1422460 -0.2495423 0.0873250 0.1624050 0.3060737 0.0180282 0.2648042 0.6297514 -0.0469215 0.3358216 0.1935927 0.1902272 0.4018429 -0.1134108 -0.3165704 0.3387914 -0.1511087 -0.1698174 0.0417598 -0.0160803 0.0557713
-0.5715899 0.2135004 0.2141756 0.5073166 0.4349490 0.0594985 -0.2289922 0.0000000 0.1939297 0.6103578 0.8583319 -0.2816470 0.9358309 0.4027084 -0.1355822 0.8190589 0.6936727 0.0885887 0.8346723 0.6424728 0.2495634 0.7224750 0.6965399 -0.2002339 0.7985806 0.7374220 0.4295680 -0.1986481 -0.2174409 -0.3297440 0.7655720 0.7938435 -0.1737509 -0.0057187 0.6164585 0.1703527 0.6963553 0.7328539 0.4850024 0.2745911 0.6828064 -0.0523764 0.6668045 -0.1003183 -0.1375018 0.7227775 0.6257301 0.6315472 0.2880586 0.5495219 0.6662500 0.6227412 0.3323624 0.4804152 0.6082059 0.5915704 0.6976882 0.4725197 -0.5198734 0.6965184 -0.3959368 0.6381622 0.5210640 0.6486330 0.6372679 0.6326138 0.6752695 0.4946957 0.5067911 0.5919970 0.6099308 0.6696002 0.6230088 0.4966706 0.5859289 0.6804440 0.2460028 0.4444833 0.5982638 0.0249782 0.3731814 -0.1202088 0.0525149 -0.3525203 -0.0420813 -0.1916031 -0.1993542 0.0938691 -0.1729808 0.1592996 -0.1355617 -0.1919104 0.1293833 0.2878673 0.1507015 -0.0221505 0.0929935 -0.0124685 0.2318549 0.3946862 0.0955242 -0.0085412 -0.0630953 0.4703006 -0.3522374 0.0707712 -0.2587553 0.0559640 -0.3099694 -0.2917554 -0.0941578 0.1969368 0.4240854 0.3378468 0.3834535 0.5315582 0.4895422 0.4667007 0.5024870 0.0681270 0.2932548 0.6132735 -0.3001206 0.1931235 0.0154903 -0.5319214 0.4714206 -0.2521692 -0.4330432 0.0299836 -0.3441195 -0.1336269 0.2811556 -0.2753745 -0.2548569 -0.4725192 -0.3873145 -0.4352547 -0.3688270 -0.5393474 -0.0058745 -0.5166013 -0.0039084 -0.6263086 -0.4032580 -0.2406737 -0.2475090 -0.1787612 0.4089790 -0.5293160 -0.5385239 -0.3748115 -0.1758813 0.0351738 0.4888812 -0.5413780 -0.2052889 0.3840690 -0.0554075 -0.5984142 0.5907383 -0.3017396 -0.4707267 -0.3740234 0.4375910 -0.0355491 -0.1883379 0.2766254 -0.0826894 -0.0859909 0.3526139 0.2670050 0.3164933 0.2025176 -0.1262062 0.1115188 0.0406672 0.2076173 0.2758963 0.3630563 0.2462242 -0.1486744 -0.6007728 -0.5281469 -0.4300586 0.0604645 -0.4288412 0.2599001 -0.2245793 -0.3329903 -0.3241035 -0.1970775 -0.3244851 -0.5482178 -0.5270998 -0.5262133 -0.5999394 -0.4624544 -0.0697178 -0.6212340 0.0398149 0.0185019 -0.0226546 -0.3161450 0.0459995 0.4752170 -0.6184219 0.3079598 0.2276843 -0.0966468 0.0878013 -0.4077174 0.4976223 -0.2982982 -0.6308095 0.6040481 0.2115103 0.0991407
0.3847192 0.5165078 0.8743355 0.8322254 0.6333664 0.8800293 0.7176138 0.1939297 0.0000000 0.7114065 0.1049230 0.5724239 0.1655002 0.8534107 0.7945423 -0.1585817 0.2233317 0.7810224 -0.2633825 0.0546499 -0.1708518 -0.3882969 -0.0735121 0.8187898 -0.2431359 -0.1833727 0.4099829 0.8002177 0.5184827 0.6139093 -0.1995504 -0.2087994 0.8580180 0.8825444 -0.2654820 -0.1931612 -0.2737177 -0.3799082 0.5285851 0.6508822 -0.2840833 0.2195325 -0.2693058 0.8438871 0.4598489 -0.3963579 -0.4841897 -0.3711557 0.5425185 -0.5972917 -0.4392415 -0.2683346 0.4953868 0.0942829 -0.4942561 -0.5476840 -0.4493815 0.1254771 0.2407854 -0.4437744 0.1841160 -0.3423957 -0.6064430 -0.0760552 0.1267937 -0.5497085 -0.5265855 -0.3230262 -0.5723870 -0.2236368 -0.5404698 0.1457622 -0.5297312 0.2804467 -0.5334977 -0.1870334 0.2383305 -0.5266903 -0.3731039 0.2042212 -0.5186940 0.4476402 0.2050443 0.0847492 -0.2293869 0.1204550 -0.1154211 -0.3010059 -0.0599042 -0.2209641 0.0664433 -0.1827500 0.2760942 -0.2433587 -0.4085490 -0.1727820 0.0442408 0.2051289 -0.2929923 -0.2469654 -0.3259709 0.4439314 0.2537082 -0.2267834 0.1216937 -0.3935535 0.1861328 -0.1302230 0.4383681 -0.2184285 -0.0227663 0.5671450 -0.1859035 -0.1156964 -0.0212551 -0.1438995 -0.3377703 -0.2831037 -0.2784352 0.1494323 0.2870741 -0.2658443 -0.2079753 -0.0546846 -0.0504178 0.1500320 -0.1455279 0.1446757 0.0643584 0.1053674 0.0621782 -0.2197604 -0.0239958 0.3214675 0.0311916 0.3321928 0.0845949 -0.1030602 0.0034863 -0.1831627 0.0149840 -0.0599821 -0.3116421 0.2635754 0.0129649 0.0961239 -0.1986083 -0.2170975 0.0476771 -0.0235512 0.0174891 0.1858912 -0.3598651 0.1099052 -0.1732781 0.1458201 -0.0663714 -0.0506412 -0.1016569 -0.0400996 -0.1040189 -0.2286134 0.1210003 -0.1673839 -0.1972158 0.0279574 -0.1045959 -0.0653892 -0.2252552 -0.2025178 -0.0978500 -0.0962686 -0.1163671 -0.1473565 0.0413448 -0.0383094 -0.2218429 -0.3539195 -0.4645489 -0.1900047 -0.0290240 0.2363356 0.2250996 0.3600475 0.2542250 0.2301147 0.0205674 0.1674847 0.2726649 0.1213649 0.1735474 0.1043164 -0.1093107 -0.0863982 0.1146350 -0.0326522 -0.2927945 -0.2298951 -0.4625174 0.0631294 0.0201436 0.2409194 0.1421953 -0.0603625 0.5516018 -0.0292918 0.1072616 0.1827097 0.1250184 0.1745330 0.0570923 -0.5127744 0.4307731 -0.2083215 -0.3881132 0.1643254 -0.0216643 0.0891885
-0.2149071 0.1960282 0.4994161 0.7748011 0.4302788 0.5089432 0.1592325 0.6103578 0.7114065 0.0000000 0.6877049 0.0362757 0.4627085 0.8538459 0.2547378 0.4493674 0.7711995 0.4768887 0.3087431 0.1097152 -0.0725435 0.0433974 0.5735548 0.3249730 0.2798202 0.4222373 0.7630263 0.2603911 0.1590030 0.1444824 0.0778451 0.2905476 0.3769388 0.5129047 0.3639782 -0.2246695 0.2731260 0.0768821 0.6651496 0.5718751 0.0370196 0.2077993 0.2451481 0.4944596 0.4146087 0.0672655 -0.0875571 -0.0512969 0.5944129 -0.2404360 -0.0335517 0.2361690 0.5612307 0.4984840 -0.1424467 -0.1626232 0.0116871 0.5236642 -0.3277574 -0.0338519 -0.1401275 0.1779572 -0.2696768 0.4199244 0.5039870 -0.1520429 -0.0761090 0.1758495 -0.2749180 0.3316508 -0.1852142 0.5368167 -0.0714416 0.3797264 -0.1541324 0.4098701 0.2759438 -0.0925070 0.1582733 0.1779710 -0.0570726 -0.0009287 0.0739182 -0.1807828 -0.1257705 -0.1015556 -0.1076105 -0.1176773 0.0225858 -0.0124715 0.1432712 -0.0601919 0.2357484 0.0810998 -0.1477335 0.0262238 0.0697776 -0.0177015 -0.0382758 0.1185961 -0.1400530 0.0706477 -0.1166346 0.1401244 0.0638172 -0.0689620 -0.1375760 -0.2121778 0.2950107 -0.2729480 0.0848891 0.3776863 0.1940221 0.2264631 0.3529756 0.2938025 0.1984428 0.2217372 0.2063028 0.0467255 0.1111643 0.0348416 -0.0729989 -0.0115962 -0.0166862 -0.1885850 -0.0293509 0.2242586 -0.0459115 0.0483988 -0.0032293 -0.0216156 0.0670877 0.1189695 0.1554903 0.1764015 0.1072146 -0.1349973 0.0690362 -0.2738571 0.1705536 -0.1511339 -0.0192911 -0.0303215 -0.0255089 -0.0403142 -0.0623864 -0.0602959 0.3594802 -0.1124581 -0.1916125 0.1330700 -0.2648089 0.2591791 0.1508185 0.0031377 0.0316571 0.3073519 0.0391238 -0.2186375 0.2866615 -0.2320586 -0.0456514 -0.0930794 0.1536703 0.1518850 -0.0243695 0.1932322 -0.1093239 -0.0982927 0.1882028 0.1153629 -0.1423074 -0.2647422 -0.3087112 -0.1543749 -0.1979803 -0.2279214 -0.1611692 -0.1340814 -0.1062956 -0.1747541 -0.2417389 -0.1258302 -0.1730497 0.1175523 -0.4394195 0.1098856 -0.0464720 -0.1966606 -0.1392482 -0.0799355 -0.3079046 -0.3120618 -0.2531324 -0.3027719 -0.4579196 -0.3665924 -0.2139722 -0.2007054 0.0534884 0.0861451 0.2093646 -0.3031922 0.2165560 0.1404221 -0.2862084 0.2588833 0.1630086 -0.0432818 0.2044354 -0.5191385 0.3948285 -0.2807915 -0.5109946 0.3480305 -0.0736435 -0.0144844
-0.6149719 0.0292970 -0.0269833 0.4019448 0.0408579 -0.0659064 -0.4378354 0.8583319 0.1049230 0.6877049 0.0000000 -0.4516615 0.7074023 0.4081245 -0.3059756 0.9297725 0.9156756 -0.0554965 0.8153038 0.2939515 0.1709484 0.5663391 0.8950478 -0.2919006 0.7550988 0.8561514 0.6289091 -0.3463558 -0.2407066 -0.3915028 0.4982923 0.7587351 -0.2136466 -0.0576949 0.7533154 0.0854962 0.7523155 0.6077933 0.5695863 0.3607793 0.4536484 0.1377610 0.7388790 -0.0615001 0.1284414 0.6275783 0.5106507 0.4355037 0.3628635 0.3847941 0.5541939 0.7892853 0.3749365 0.7070887 0.4201485 0.4467051 0.5996749 0.6376825 -0.6272109 0.5697369 -0.3794173 0.7398437 0.3382720 0.7028004 0.5842297 0.4524219 0.5545155 0.6408204 0.3401846 0.7158919 0.4167551 0.6284670 0.5291402 0.2886137 0.3988237 0.7299335 0.1203411 0.3273734 0.5146837 -0.0539794 0.2917869 -0.2723131 0.0626469 -0.2935391 0.1323353 -0.1582245 -0.0717897 0.1982244 -0.0062839 0.2376930 0.0527215 -0.0196530 0.1299626 0.2471579 0.1769503 0.1580947 0.0626324 -0.0763532 0.2398465 0.2984275 0.1642025 -0.1666715 -0.1876343 0.3544685 -0.1748925 0.2391646 -0.2737008 0.0331385 -0.0799925 -0.2712166 0.0435634 0.0387913 0.5536073 0.3891103 0.4158826 0.5779174 0.5977156 0.5330798 0.5219786 -0.0477848 0.0311038 0.4827639 -0.2110623 0.1092075 -0.0810858 -0.4116911 0.2119904 -0.1212949 -0.2237659 -0.1083342 -0.3170846 -0.1177506 0.0412620 -0.1105999 -0.0967736 -0.2744665 -0.1333363 -0.2081979 -0.1570902 -0.2657564 0.0075183 -0.2788308 0.1426492 -0.4191124 -0.2264320 -0.0870293 -0.1075178 -0.1030785 0.4195615 -0.3413240 -0.4187564 -0.1814535 -0.1250790 0.1087754 0.3380255 -0.3490460 -0.0054503 0.4192913 0.0149495 -0.3622468 0.4933989 -0.1846553 -0.3134257 -0.0741056 0.3686541 0.0657908 -0.0231231 0.3464849 0.0570558 0.1013540 0.3815220 0.3207479 0.0343705 -0.1401654 -0.3507193 -0.0611801 -0.0016324 0.1877795 0.2532941 0.2112440 0.1221803 -0.2757777 -0.5841225 -0.5554555 -0.4648400 -0.1436061 -0.6256399 0.0304615 -0.3685963 -0.4744950 -0.3798956 -0.2764196 -0.3209574 -0.4438633 -0.4602064 -0.4313108 -0.4347021 -0.3776057 -0.0209041 -0.4026862 -0.0639827 -0.0348741 0.1830866 -0.2880506 -0.2045589 0.2358988 -0.4934292 0.2103941 0.0938480 -0.2303864 0.2302221 -0.2250991 0.1446995 -0.2498471 -0.3954494 0.3981348 -0.0448907 -0.0638555
0.7989443 0.7199368 0.7310732 0.4592360 0.4851845 0.6106817 0.8387845 -0.2816470 0.5724239 0.0362757 -0.4516615 0.0000000 -0.1801785 0.3819707 0.9054278 -0.6458484 -0.3592223 0.4818005 -0.6322793 0.1263804 0.2119384 -0.5771654 -0.6278849 0.8085944 -0.6162502 -0.5529606 -0.0954252 0.8067907 0.8670525 0.6607521 -0.4080612 -0.6542709 0.7248710 0.6292209 -0.5514260 -0.1572232 -0.5988658 -0.6335163 0.0882572 0.3490389 -0.5318805 -0.1181924 -0.5469229 0.6204828 0.0834379 -0.6086161 -0.5276230 -0.5762692 0.0452220 -0.6008739 -0.4589008 -0.6095544 -0.0400391 -0.3872032 -0.5626276 -0.5704457 -0.5976810 -0.3353991 0.5273536 -0.4372377 0.0746761 -0.5706622 -0.5214588 -0.4115397 -0.1947368 -0.5561055 -0.5311665 -0.5214567 -0.4533289 -0.5882758 -0.4666426 -0.2684157 -0.5671047 0.3867255 -0.4834033 -0.4746224 0.4405225 -0.4419025 -0.5934722 0.4842285 -0.4722880 0.4013684 0.3396572 0.4477705 -0.1584130 0.4012440 0.0842949 -0.1464263 0.1257889 -0.1013525 0.1247100 0.1449832 0.3304606 -0.2949380 -0.1186408 0.1115009 0.2826162 0.4352363 -0.1471388 -0.2517573 -0.1496181 0.3902110 0.4667446 -0.3039624 0.3517750 -0.1667804 0.3583918 0.2590924 0.2725680 0.0034492 0.0453440 0.1479849 -0.1752775 -0.1023899 -0.1967721 -0.2558778 -0.3739436 -0.3637775 -0.2325366 0.2113241 0.1976808 -0.0891372 0.0236881 0.2964918 0.2448166 0.1948420 0.0493853 0.0900667 0.3312795 0.3038833 0.3047098 -0.1678604 0.0931670 0.5493372 -0.1144327 0.2383169 0.2680857 0.2610798 0.1860790 -0.0938929 -0.0919517 0.2253882 -0.4799580 0.3681730 0.2811361 0.1325542 -0.0037565 -0.0755512 -0.2126620 0.0836815 0.0748418 0.2183582 -0.0704420 -0.2019647 -0.3069909 0.0717619 -0.2963452 -0.4481754 -0.3321213 -0.0105429 -0.3570446 -0.0433115 0.0292479 -0.2275342 -0.3580368 -0.1160739 -0.1384523 -0.1171911 -0.2176886 -0.1685876 -0.3080615 -0.1332759 -0.3302605 0.1277169 0.5619899 0.3250386 0.1898861 -0.1060197 -0.1958978 -0.0204678 0.2885610 0.5445868 0.3569822 0.4655571 0.2607522 0.4009421 0.4156758 0.3047960 0.8081477 0.6569649 0.2591135 0.5418083 0.4315371 0.1608120 0.2680141 0.1436016 0.0446625 0.1537961 -0.2442910 0.2025655 -0.1389870 0.4522978 0.2261569 0.3807809 0.4645842 -0.1607097 0.5490245 0.0259781 -0.1210798 0.5592539 0.2417989 -0.3203557 0.1806374 -0.0104021 -0.0653208 0.0557620 -0.1321530 -0.0657198
-0.4470919 0.2795382 0.2693990 0.4478720 0.5381380 0.0546654 -0.1567199 0.9358309 0.1655002 0.4627085 0.7074023 -0.1801785 0.0000000 0.3130261 -0.0607500 0.6930974 0.5474552 0.0131643 0.7648129 0.8036138 0.3253069 0.7947939 0.5373810 -0.1795816 0.7361179 0.6230384 0.2510811 -0.1228115 -0.1214552 -0.2753018 0.8451264 0.7376479 -0.1170643 0.0053081 0.4716579 0.1676178 0.5880342 0.7622973 0.4018940 0.2677535 0.7497154 -0.1783508 0.5767240 -0.0349470 -0.2102750 0.6844670 0.6240007 0.7123467 0.3181320 0.5973195 0.6943059 0.5561554 0.3435222 0.4466238 0.6779662 0.6267490 0.6933744 0.4610763 -0.4762008 0.7293354 -0.3900208 0.6307090 0.6042642 0.6340653 0.7038256 0.6995568 0.7060427 0.5149744 0.6254047 0.5524786 0.6631365 0.6461276 0.6701475 0.6015094 0.6461543 0.6309903 0.2511565 0.4596252 0.6057091 0.0797546 0.4406519 -0.1118829 -0.0775444 -0.3380073 -0.0397164 -0.2712140 -0.2750141 0.0214200 -0.3106986 0.0763612 -0.3482874 -0.3116286 -0.0054121 0.2745468 0.0198814 -0.2081639 -0.0121408 -0.0987859 0.0967992 0.4465711 0.0224796 -0.0496304 -0.0769305 0.5166903 -0.4946449 -0.0877519 -0.2571446 0.0302617 -0.4607285 -0.1708475 -0.2583994 0.1610524 0.4000718 0.3716253 0.3568841 0.5003347 0.4528607 0.3930715 0.4760429 0.0407592 0.2876306 0.5838783 -0.2680988 0.1842064 0.0162257 -0.5419985 0.4979194 -0.2306208 -0.4316144 -0.0464049 -0.4177166 -0.0724348 0.2777532 -0.2838219 -0.2225177 -0.5245506 -0.4771071 -0.4456529 -0.4448834 -0.5586367 0.0603133 -0.5023386 0.0496321 -0.6252124 -0.4575844 -0.2997648 -0.2560917 -0.1973984 0.4764577 -0.5009510 -0.4792153 -0.3677065 -0.1292055 0.0402682 0.5209949 -0.4761895 -0.1935488 0.4397622 -0.0020891 -0.5526122 0.6265242 -0.2427179 -0.4081186 -0.3701069 0.4914151 0.0681044 -0.1147709 0.2851377 -0.0421214 -0.0250054 0.4166849 0.2886312 0.3007698 0.2921623 0.0201192 0.2910539 0.1831306 0.2615902 0.3611742 0.4983694 0.3848674 0.0045014 -0.5681155 -0.4468390 -0.4217581 0.2817335 -0.3079946 0.4842830 -0.1461380 -0.3082627 -0.3298385 -0.1653215 -0.3020469 -0.5565314 -0.5176182 -0.5196254 -0.6261545 -0.4660291 -0.0085493 -0.6292697 -0.0347786 0.0508981 -0.0921687 -0.2575168 0.0689250 0.5238960 -0.5896185 0.2133207 0.1391530 -0.0625546 0.0307353 -0.4003547 0.5374097 -0.2791406 -0.6125316 0.6923354 0.2057569 0.0541663
0.1280898 0.4951268 0.6604485 0.7939040 0.4530573 0.7564632 0.5045094 0.4027084 0.8534107 0.8538459 0.4081245 0.3819707 0.3130261 0.0000000 0.5752705 0.1748457 0.5772998 0.7489748 0.0437801 0.1416020 -0.1099835 -0.1567829 0.2848378 0.6573121 0.0373902 0.2100631 0.6575404 0.5860736 0.4336058 0.4437139 -0.0911184 0.0562788 0.7039237 0.8505133 0.1065555 -0.0520008 0.1023216 -0.1779135 0.7340295 0.7541456 -0.1981471 0.2843017 0.0336549 0.7291375 0.5987975 -0.1232872 -0.2309881 -0.2574759 0.6921627 -0.4490219 -0.2056268 0.0328490 0.6552997 0.3286467 -0.3364418 -0.3328640 -0.1552437 0.3954558 0.0770393 -0.2013773 0.1876801 -0.0773799 -0.4445465 0.2324777 0.3728337 -0.3682016 -0.2931376 -0.0679560 -0.4141839 0.0869917 -0.4073392 0.5086361 -0.3614458 0.3821969 -0.4245333 0.1667455 0.4938486 -0.3628670 -0.1485168 0.4379966 -0.2686232 0.3267812 0.2439770 0.1640053 -0.0424109 0.2184167 0.0475071 -0.0714957 0.2039327 0.0365811 0.2948929 0.0071018 0.3755531 0.0526049 -0.1303807 0.0752336 -0.0146135 0.2047906 -0.0057961 -0.0098981 -0.0480371 0.2985962 0.1627737 0.0091053 0.2007883 -0.1926603 0.2140197 -0.1103486 0.4827612 -0.1042863 0.2054923 0.4902002 -0.0148089 0.0608540 0.2282093 0.2177460 -0.0082017 0.0140770 0.0451654 0.3448854 0.3813872 -0.0605005 -0.1680810 0.1234467 -0.2000997 0.1148538 -0.1278229 0.1188141 -0.0519430 0.1589657 -0.0910352 -0.2123289 -0.0503955 0.3140271 -0.0331654 0.2581549 0.0596072 -0.1544834 -0.0856015 -0.2418347 -0.0846447 -0.1544925 -0.2826796 0.1586125 -0.0602685 0.0491318 -0.2629076 -0.2960096 0.0320842 -0.1821841 -0.2288805 0.0440901 -0.4591782 -0.0414948 -0.2304528 -0.0671307 -0.1560440 -0.0469102 -0.1940399 -0.2004142 -0.0776151 -0.4066733 -0.0364137 -0.1988966 -0.2297814 -0.0706062 -0.2437582 -0.0474268 -0.2680346 -0.2612723 -0.1379282 -0.0792091 -0.1663129 -0.2046951 0.0453590 -0.1532120 -0.1983946 -0.2792568 -0.2488541 -0.0950424 0.0672495 0.1619441 0.0352238 0.1205010 0.2127086 0.2270237 -0.0191267 0.0161286 0.2956551 0.1593503 0.2729237 0.2943853 0.0566337 0.0463496 0.1486303 0.0549545 -0.1461207 -0.0247372 -0.1875207 0.0623281 0.0631153 0.2812107 0.3513861 0.0694742 0.3174163 -0.0056697 0.0751131 0.4394287 0.1413238 0.1641258 0.2788807 -0.3262107 0.3203188 -0.0256892 -0.2669136 0.3730866 -0.2922214 -0.2266532
0.7781407 0.6620821 0.8516246 0.5889037 0.5624581 0.7282905 0.8561162 -0.1355822 0.7945423 0.2547378 -0.3059756 0.9054278 -0.0607500 0.5752705 0.0000000 -0.5344020 -0.2305602 0.7136180 -0.5714913 0.1455354 0.0285091 -0.5461298 -0.5202201 0.9265379 -0.5354334 -0.5316801 0.0229435 0.9317182 0.7904855 0.7001070 -0.3152315 -0.5384180 0.8869642 0.8020917 -0.5949328 -0.1291720 -0.5829640 -0.5871330 0.2249107 0.5519716 -0.4793991 0.0401156 -0.5346743 0.7748103 0.3085749 -0.5855646 -0.5759009 -0.5353041 0.2497041 -0.6319592 -0.5308238 -0.5310016 0.1993359 -0.2048283 -0.5839327 -0.6143572 -0.6143327 -0.1951220 0.5249445 -0.5080872 0.1983801 -0.5323229 -0.6169646 -0.3724677 -0.1345161 -0.6224438 -0.6029292 -0.4698781 -0.5305711 -0.5313411 -0.5540831 -0.1981100 -0.6345224 0.2648705 -0.5676133 -0.4854171 0.2755829 -0.6277198 -0.6630283 0.3139019 -0.6406324 0.4553758 0.2355664 0.3351458 -0.1711369 0.2800984 -0.0133315 -0.2895538 -0.0193703 -0.2352475 0.0832070 -0.0127479 0.2562694 -0.3672651 -0.3263551 -0.0910919 0.0621962 0.3578092 -0.3046523 -0.3469447 -0.3086509 0.4569904 0.4239865 -0.3559645 0.1554677 -0.3866562 0.3266513 0.1413950 0.2736529 -0.0544214 -0.0769746 0.3290845 -0.2146238 -0.1633857 -0.1656955 -0.2535261 -0.4165741 -0.4121007 -0.3313100 0.1817065 0.2318039 -0.2414829 -0.1991773 0.0817204 -0.0031887 0.2564773 -0.1028244 -0.0544416 0.1817178 0.1121251 0.0629950 -0.3724086 -0.0887096 0.4272020 -0.1941603 0.1529356 0.0481971 0.0311725 -0.0270643 -0.1831181 -0.2281421 0.0430841 -0.5807730 0.2795126 0.0303683 0.0581846 -0.2628458 -0.3339267 -0.1529074 -0.0576817 -0.0080853 0.0820993 -0.3487906 -0.2231068 -0.3789474 0.0441316 -0.3106013 -0.4196826 -0.3536055 -0.0830107 -0.3484728 -0.2449523 0.0018188 -0.3247362 -0.4194539 -0.1270845 -0.2204981 -0.1536270 -0.3164609 -0.2836400 -0.2768394 -0.1946047 -0.1900536 0.0149461 0.3639590 0.1434272 -0.0182633 -0.2150610 -0.3740512 -0.0015239 0.2483375 0.4735709 0.3342706 0.4275489 0.3381099 0.3412440 0.3225377 0.2315989 0.5899945 0.4639122 0.2797066 0.3917846 0.2517104 0.1066587 0.3077288 0.1632685 -0.0540528 0.0293031 -0.4836106 0.1972725 -0.0377132 0.5325272 0.2325810 0.3220908 0.5086129 -0.1889850 0.4622857 0.1559205 0.0116020 0.5303630 0.1455015 -0.3440989 0.2125026 -0.1088507 -0.1644615 0.1987074 -0.1052207 0.0046778
-0.7879651 -0.0892138 -0.2624438 0.1284076 -0.1181721 -0.2481028 -0.5676008 0.8190589 -0.1585817 0.4493674 0.9297725 -0.6458484 0.6930974 0.1748457 -0.5344020 0.0000000 0.8059625 -0.1977480 0.9338024 0.3360788 0.1489522 0.7377232 0.9232185 -0.5187901 0.8984514 0.9288592 0.5047079 -0.5597299 -0.4743154 -0.5299615 0.6452502 0.9003960 -0.4414543 -0.2605003 0.8391870 0.2424958 0.8790314 0.7870076 0.4562093 0.1860953 0.6248858 0.1043158 0.8659560 -0.3092475 0.0101054 0.8247987 0.7345746 0.6352877 0.2432990 0.6340691 0.7435762 0.8972902 0.3154815 0.6576049 0.6473907 0.6852020 0.8008854 0.5759122 -0.6020470 0.7479704 -0.2450843 0.8317366 0.5819911 0.7013455 0.5804799 0.6573495 0.7322433 0.6872847 0.5737316 0.7591389 0.5995048 0.6590557 0.6866823 0.2024417 0.5778256 0.7722945 0.0725783 0.4763472 0.6402229 -0.1270056 0.4707086 -0.2775143 -0.0368605 -0.3414804 0.1976580 -0.2045622 -0.0623989 0.2727191 -0.0329611 0.2737014 -0.0109586 -0.0717468 0.0156450 0.3593355 0.2397219 0.0901882 -0.0371097 -0.1888155 0.2800352 0.4017809 0.2362217 -0.2208365 -0.2598969 0.4444101 -0.3024304 0.2187111 -0.3393157 -0.0489253 -0.2467287 -0.2909457 -0.0255640 -0.0389372 0.4263118 0.2602609 0.3069848 0.5191571 0.5784354 0.5016433 0.4739633 -0.0536846 0.0450685 0.5037909 -0.2263161 0.0529224 -0.1751291 -0.3880300 0.2611980 -0.2039143 -0.3359729 -0.1423440 -0.3891920 -0.0958658 0.0489109 -0.3088536 -0.1405319 -0.3710880 -0.2802847 -0.3056358 -0.2589688 -0.2767195 -0.0138935 -0.4104107 0.2082895 -0.5480904 -0.3448297 -0.1844805 -0.1506461 -0.1107660 0.3568842 -0.4311823 -0.4807616 -0.3340017 -0.1126651 0.0594096 0.3602600 -0.4286275 -0.0057898 0.4457202 0.0568828 -0.4014724 0.5166080 -0.1875322 -0.3876682 -0.0919738 0.4023750 0.0074239 -0.0518025 0.3051376 0.0905053 0.1000900 0.3708779 0.3064986 0.2052722 0.0244310 -0.2450902 -0.0557100 0.0090174 0.2615335 0.3496075 0.3156880 0.1589429 -0.2755631 -0.5801860 -0.6041588 -0.3863796 -0.1427527 -0.4923177 -0.0288115 -0.4439073 -0.4817420 -0.3371851 -0.3076227 -0.2814333 -0.3645225 -0.3984647 -0.3494698 -0.3252994 -0.2854744 0.1379076 -0.4427394 -0.0294326 -0.1942785 0.0335869 -0.2937187 -0.3417089 0.3230570 -0.5669039 0.1917695 0.1001457 -0.3722762 0.0673962 -0.0380079 0.0585175 -0.1482767 -0.2925530 0.3618636 0.0499279 -0.0152001
-0.4979202 0.0379432 0.0226205 0.4607306 -0.0269199 0.0989246 -0.3071699 0.6936727 0.2233317 0.7711995 0.9156756 -0.3592223 0.5474552 0.5772998 -0.2305602 0.8059625 0.0000000 0.0219434 0.6331167 0.1291841 0.0393029 0.3661724 0.8605601 -0.1408325 0.5570994 0.7956118 0.7421645 -0.2195102 -0.1071342 -0.2057033 0.2257362 0.5724345 -0.0183399 0.1443428 0.6944193 0.0031610 0.6542654 0.3761835 0.6836525 0.4872231 0.2196942 0.2274096 0.6136671 0.1608178 0.3598433 0.3953745 0.2938246 0.2117604 0.5624938 0.1027839 0.3500586 0.6774151 0.5169854 0.7214901 0.1727894 0.1926473 0.4054112 0.7327359 -0.5140276 0.3486937 -0.2266097 0.5928324 0.0912039 0.7151469 0.6118903 0.2152988 0.3173488 0.5602235 0.1105896 0.6975770 0.1343595 0.6888246 0.3083271 0.2998481 0.1106369 0.7044215 0.2222387 0.1709621 0.4172589 0.0861643 0.2015410 -0.1566114 0.1109702 -0.1006827 0.2058146 0.0033247 0.0816654 0.2093383 0.1907734 0.2895014 0.2092869 0.0654335 0.2212574 0.2916860 0.1440318 0.2147345 0.0343689 -0.0371461 0.2331017 0.2907269 0.2278878 -0.1117653 -0.1512024 0.3137704 0.0367582 0.2170025 -0.0875153 -0.0569450 0.2145163 -0.1289245 0.2058955 0.1420923 0.4462571 0.3274868 0.3868311 0.5281807 0.4694331 0.3976341 0.4098576 0.0134135 0.0400087 0.2998223 -0.0331753 0.0797180 -0.1165716 -0.2260307 0.0390889 0.1328237 -0.0725415 -0.0615733 -0.2120862 -0.0037665 -0.0172329 0.0794480 0.0598228 0.0425195 0.0499832 -0.1023068 -0.0290073 -0.1212580 0.0977576 -0.1360387 0.2529691 -0.1542710 -0.1132550 0.0621006 -0.0607725 -0.0732961 0.3793289 -0.1988804 -0.3086700 -0.0250567 -0.1670088 0.1950334 0.1523882 -0.1817761 0.1384840 0.3978089 0.1185482 -0.1874122 0.3614260 -0.1708415 -0.1396915 0.0927118 0.2310395 0.1340475 0.0710616 0.3290891 0.1148446 0.1297970 0.2960454 0.3044160 -0.2049235 -0.3468997 -0.3576682 -0.1049023 -0.0206402 0.0390891 0.1810119 0.0519309 0.0464936 -0.1649246 -0.4085847 -0.3398322 -0.2994006 -0.0754556 -0.5517061 0.0033915 -0.2668285 -0.4247004 -0.2260782 -0.1780577 -0.2722562 -0.2727350 -0.2906017 -0.2955929 -0.3121943 -0.2710659 0.0615884 -0.1888351 -0.1033648 -0.0863142 0.2641158 -0.2325372 -0.2401587 0.1216043 -0.3355417 0.1948973 0.0074656 -0.2688883 0.3056158 -0.1646940 0.0703105 -0.1204331 -0.2641656 0.3193112 -0.2886214 -0.2743406
