0.0000000 0.5329555 0.1554530 0.1386539 0.1561837 -0.0421103 0.6613098 0.0622463 0.1749979 -0.0651015 -0.0530272 0.4155877 0.0574596 0.0456597 0.4165250 0.0253995 0.0590547 0.3076148 -0.4326663 0.4118309 0.2863199 0.0895340 0.0305065 0.4064620 -0.0771002 -0.0128314 -0.0643517 0.2555043 0.3124599 0.3271609 0.3243712 0.1250377 0.3454741 0.3357950 0.0766154 0.0660268 0.0314989 -0.0070313 0.2894641 0.3348914 0.2754157 0.2396867 0.4088043 0.3986326 0.0937179 -0.1047898 0.0741551 0.3709855 0.3174331 0.1623972 0.1973094 0.1629949 0.1204255 0.5523124 0.0798613 0.1834815 0.0509454 0.4210652 0.2963138 0.2804098 0.2140152 0.3401412 0.3471883 0.2390831 0.2459442 0.1807397 -0.0048377 0.2415605 0.2911461 0.1292305 -0.0516134 0.3257856 0.0029446 0.3416347 0.0372985 -0.0502794 0.2275336 0.3031146 0.2496419 0.3864348 0.3947077 -0.0580875 -0.2347138 -0.2956106 -0.2087289 -0.0236256 -0.2930990 0.1387001 -0.0190274 0.0671408 -0.0118511 -0.0442326 -0.0277108 0.0218012 -0.0800414 -0.1282004 0.0697809 -0.0991670 0.0583791 -0.0446091 0.0019071 -0.0345190 0.0645599 -0.1241503 -0.1299074 -0.0555447 0.0113188 -0.2787300 0.0574025 -0.1894102 0.0742475 -0.0408061 -0.3564432 -0.1802977 -0.0668733 -0.1498995 0.0205506 0.1297221 -0.0388239 0.0733675 0.0710618 0.0928689 -0.2275130 0.1142008 0.0072126 -0.0190547 0.2442038 -0.2297256 -0.0100687 0.0440825 0.1273124 0.0005612 0.2080157 -0.0121018 0.0776241 -0.2594029 0.0642294 -0.0544791 0.1121151 -0.1406237 -0.2463091 -0.1076966 0.1009964 -0.3071776 -0.0563096 -0.3809737 0.1355319 0.1401370 -0.1492041 -0.1708738 0.0660882 -0.2398662 0.0844830 -0.0750267 0.1483263 -0.2616621 0.1074885 0.0806294 0.1120012 0.1007499 0.1015881 -0.0555438 -0.3508167 0.1088475 0.1424776 -0.4065126 -0.1823830 0.1593963 0.2803012 -0.0282796 0.1300661 0.2989087 0.2344758 0.4457466 0.3962834 0.2784420 0.3846801 0.2113901 0.2867521 0.0582012 -0.0087845 0.1500491 0.2352585 0.1162981 0.2832843 0.6416912 0.3684764 0.3772621 0.2868325 0.3882591 0.0636199 0.3713024 0.3595451 0.0101378 -0.0158416 0.1053453 0.0009644 0.3016617 0.3766381 -0.0088678 0.5865626 0.0649461 -0.0325847 -0.0169766 0.4588125 0.2664494 -0.2596681 0.1258034 0.3809578 0.0929604 0.0681500 0.2300400 0.4203149 0.3353509 0.0931996 0.4961101 -0.2275821 -0.1669632
0.5329555 0.0000000 0.1924241 0.5654288 -0.2993276 0.6118454 0.2790403 0.1269921 0.4703138 0.3965862 0.2332320 0.7035484 -0.0714860 0.1051498 0.4342168 0.0839037 0.1650852 -0.0012687 -0.1014960 0.2817495 0.5341177 0.5566404 -0.1344548 0.5622976 0.4098654 0.0665832 0.4187820 0.2942043 0.5103519 0.3889555 0.4694252 0.1568179 0.4831914 0.4470045 -0.1103084 0.5637662 0.1028891 0.0764784 0.4925790 0.4302637 0.5147556 0.5001080 -0.0727346 0.4517403 0.3167559 -0.1029369 0.1092668 0.1880709 0.6071498 0.2307798 -0.1267359 0.1917727 0.4968600 0.5400148 -0.0783141 0.0463489 0.0749046 0.4760110 0.5538560 -0.0081710 0.6032204 -0.0313027 0.3138576 0.4761280 0.3368609 0.1574485 -0.1292998 0.1116462 0.2827287 0.2080630 0.2232390 0.5688248 -0.1149731 0.4233337 0.2643283 0.1070811 0.3256325 0.6178901 0.4154551 0.5203863 0.4965126 -0.5103814 -0.3015124 -0.3542112 -0.2415135 -0.0404791 -0.3226302 0.1838078 -0.0470817 -0.0359201 -0.2026091 -0.2537640 0.0019910 0.1853915 -0.2133265 -0.2221326 -0.1665516 -0.1936431 -0.1260380 0.0242504 -0.1046684 -0.1849734 0.1026856 -0.3395278 -0.0027780 -0.1910546 -0.0340048 -0.1249689 -0.1574553 -0.1134221 -0.1560751 -0.1116261 -0.0129024 0.2332311 0.2769926 0.0892959 0.3199706 0.5073447 0.2887164 0.4607270 0.2298848 0.2454377 -0.1784735 0.2982122 0.3673277 0.2273473 0.1815533 -0.0341327 0.3815529 0.2992970 0.4645948 -0.0229944 0.3069770 0.3006656 -0.0322278 0.0018218 0.3458163 0.2600380 0.2752211 0.1533979 -0.1568583 0.2674949 0.0844520 0.0007310 0.2454652 -0.1616761 0.2668542 0.1932148 0.3106569 0.1527509 0.1814548 -0.0797618 0.2026631 0.0556475 -0.1675157 -0.1838806 0.3455715 -0.0276041 0.2246584 0.1352944 0.1225124 0.0586941 -0.1852707 0.0019410 0.1127892 -0.1935423 -0.1547537 0.4453233 0.2790225 0.0155084 0.0861756 0.2138739 0.4907482 0.5661578 0.7138024 0.6336605 0.5975560 0.3228112 0.4819892 0.3110523 -0.0673969 0.2762553 0.4694743 0.2978629 0.5744648 0.1221604 0.5220630 0.4367689 0.4490051 0.2760885 0.3916135 0.5210118 0.6166839 0.1916018 0.2728408 0.2779390 0.2163539 0.6837723 0.7123012 0.2005530 0.2288542 -0.2471033 0.1118494 0.0638841 0.4796222 0.1418779 0.1292281 0.5708646 0.0945846 0.0038496 0.1698973 0.3041799 0.1932483 0.5328974 0.3283597 0.1540371 -0.1706726 -0.0874886
0.1554530 0.1924241 0.0000000 0.3749688 0.5153061 0.1611876 0.0024742 0.3110112 0.0910703 0.1451815 -0.1110096 0.1591769 0.4761743 0.2057752 0.1541131 -0.2366933 0.4731611 0.0535850 -0.4372807 0.4998981 0.2356899 -0.1679934 -0.0490367 -0.1868476 -0.2580042 -0.1714325 0.0542858 -0.0016314 0.1062146 0.1665986 0.3828550 0.0625170 0.1276171 0.0967933 -0.1029086 0.0334962 -0.1036894 -0.2639369 -0.0331410 -0.1082355 -0.0130694 -0.0024191 -0.0791431 -0.0044632 0.1159904 -0.1318336 -0.2585449 0.2260550 0.1606527 -0.0559651 -0.1491627 -0.2150273 0.1330423 0.0747058 0.1396758 -0.0104946 -0.1988519 0.1896875 0.0420934 -0.0832330 -0.0402627 -0.0284839 0.2729735 0.2502959 0.1787866 -0.0887132 -0.5769217 0.0625568 -0.1507417 0.1131740 -0.3841786 0.0045860 -0.2293602 0.1907348 -0.3520903 0.1014537 0.1025784 0.0497541 0.2424836 0.6081914 0.2975341 -0.1982497 -0.3727291 -0.2804214 -0.1556213 -0.1594608 -0.1612258 -0.4889876 -0.2285529 -0.3324714 -0.1078771 0.1292552 -0.2586295 -0.4272158 -0.0094609 -0.0046447 -0.0552161 -0.3768673 -0.0142839 -0.1279701 -0.1755463 -0.2004019 -0.0651454 -0.1099986 -0.0752896 -0.0178072 -0.0720092 -0.2534323 -0.2042207 -0.0072475 -0.0864867 -0.1413386 -0.1248226 -0.0191809 0.2837357 0.0214003 0.0536076 -0.1142356 0.0227824 -0.1114146 -0.1505789 -0.1047211 0.0404469 -0.2347646 -0.3193390 -0.2378714 -0.1724912 -0.0215875 -0.3084484 -0.0624312 -0.1769061 0.1157057 -0.0983464 0.1066251 0.2975766 0.0261837 -0.0088147 -0.3560518 -0.1578057 -0.3149115 0.1507094 -0.3345601 0.6086555 -0.2066964 -0.1412603 0.1009613 -0.2322198 -0.0229190 0.2699640 -0.3587327 -0.0544464 -0.1426975 -0.3144833 0.1478509 0.1176536 -0.2069458 -0.0859887 0.0310477 0.0807791 -0.1897969 0.0274593 -0.2620498 -0.2195395 0.0240412 -0.0341223 0.0397404 0.1380537 0.3801889 0.1142512 -0.0941480 0.0296421 0.1260903 0.0434193 0.0891258 0.0715208 0.0235037 0.3207177 0.4575940 0.1292230 0.1769161 0.0305386 -0.0678409 0.0056901 -0.0379120 0.1226049 0.1010689 0.3636485 0.5858921 0.2605558 0.1336399 0.1034304 0.2840401 0.2725531 0.0794158 -0.0744121 -0.0743004 -0.0786822 0.0955460 0.1716101 -0.2301366 0.0718012 -0.1399069 -0.0058159 -0.0920645 0.3882073 0.4677580 -0.0520527 0.0014808 0.0152977 -0.0609784 -0.0140814 -0.1216294 0.3343561 0.1824062 0.1055106 0.3018325 0.1875583 0.2798976
0.1386539 0.5654288 0.3749688 0.0000000 -0.1942229 0.4950997 0.1260825 0.6458156 0.1599855 0.4620412 0.4738140 0.3425201 0.2935376 0.1651618 -0.0144181 0.2765394 0.3847105 -0.3068994 0.1017130 0.1430475 0.3490308 0.2278307 0.2794428 0.0035684 0.1771235 0.3495177 0.0783247 -0.0543034 0.2908480 0.1503233 0.2399876 0.3129333 -0.0284911 0.0590896 0.2640486 0.4228775 0.4151135 0.0620371 0.3206180 0.2621652 0.2786559 0.1741616 0.1700524 0.0259730 0.0588609 0.0717714 0.1748974 0.2015455 0.1673254 0.1690342 0.0775043 0.1657316 0.1046339 0.2656271 -0.0461097 0.0407967 0.2802040 0.3502308 0.2297576 0.2471439 0.2502518 0.3002930 0.0870250 0.3745372 0.3614390 0.3325839 -0.1570150 0.3015160 0.0583187 0.3375439 0.0228440 0.2513242 0.1240198 0.4383117 0.2141216 0.4538041 0.3878895 0.5578242 0.6597680 0.4290669 0.4749591 -0.4696794 -0.2954122 -0.2728181 -0.2139557 -0.1326869 -0.2988273 -0.2818736 -0.2533726 -0.2165752 -0.1955806 -0.0272360 -0.0689220 -0.0519482 -0.1353523 -0.0733503 -0.2590141 -0.1533582 -0.2051819 0.0595052 -0.1499678 -0.2326547 0.1446916 -0.0443505 -0.0625192 -0.1226542 0.0096803 0.0585868 -0.1304865 0.1605539 -0.1834325 -0.0191083 0.1881775 0.4297149 0.4870972 0.2467418 0.3607094 0.2457489 0.1226369 0.1487436 -0.0381659 -0.0022667 -0.2057742 0.1940958 0.1381317 -0.0706104 0.0166538 0.0065451 0.1065170 0.4122682 0.3394299 0.1916104 0.1545478 0.2385901 0.2748016 0.0337966 0.2498836 -0.0370288 0.0721046 -0.2493264 0.0180871 -0.1447309 0.3540359 -0.2208138 0.1103892 -0.0780585 -0.0525111 -0.0121289 0.2749370 -0.0114955 -0.0488829 -0.1712320 -0.0789638 -0.0726324 -0.1425789 -0.1024594 0.1064794 -0.1820723 0.2239507 -0.2417658 -0.0575567 -0.2415193 -0.2266620 -0.3442006 -0.1423131 0.0257134 0.0669245 0.2398884 -0.0010149 -0.1304818 -0.1453150 -0.0646636 0.0847812 0.2362201 0.4159134 0.4823949 0.3043243 0.2442006 0.1264370 0.1056343 -0.1190672 0.1133658 0.1755800 0.2073450 0.3607615 0.1410368 0.4268770 0.3300682 0.4059099 0.2516455 0.2806540 0.4577681 0.4049617 0.1791916 0.1444695 0.0348656 0.0435363 0.2939974 0.3794072 -0.0470087 0.2486557 -0.0154389 0.4489028 0.1490571 0.1843094 0.1349237 -0.0685092 0.3302542 0.1132050 0.1274804 0.3291884 -0.0625078 0.0292288 0.3346815 0.2399958 0.0449039 0.2035715 0.2878325
0.1561837 -0.2993276 0.5153061 -0.1942229 0.0000000 -0.2567175 0.1640335 0.3198156 -0.0600264 -0.2316527 -0.3540017 0.0974730 0.5421861 -0.1023948 0.2489889 -0.4084363 0.0231297 0.1904868 -0.6097604 0.2364716 0.1614409 -0.6472270 -0.1982098 -0.1386564 -0.6587883 -0.4962806 -0.1510468 -0.1840088 0.0477859 -0.1141405 -0.1304581 -0.2795788 -0.0234615 0.0247511 -0.3419830 -0.3585767 -0.4567354 -0.4565375 -0.2411195 -0.2608546 -0.4638686 -0.2813089 -0.0416369 -0.1082642 -0.2069523 -0.3182561 -0.4304439 0.0890102 -0.1874170 -0.0971297 -0.2412325 -0.2474983 -0.2945928 -0.2847870 0.2474684 -0.0786665 -0.4247574 -0.2180526 -0.1181020 -0.2602615 -0.4069746 -0.0724021 0.2559693 -0.2171817 -0.3065841 -0.2272769 -0.4085314 -0.1788521 -0.0911276 -0.2483433 -0.4336728 -0.3673815 -0.2707169 -0.2534989 -0.2441533 -0.3703555 -0.1588609 -0.3674524 -0.1395919 0.2539670 -0.0043504 -0.0185417 -0.2237074 -0.2614312 -0.2727209 -0.2018301 -0.0496318 -0.3898438 -0.0248284 -0.0652598 0.1210014 0.2642122 -0.2567204 -0.2967480 0.2425118 0.1807211 0.0919987 -0.2822011 0.0632872 -0.2360613 0.0297254 -0.1561440 -0.2689971 0.0910851 -0.0810816 0.1507816 -0.0799041 -0.3043318 0.1092280 -0.0683449 0.0940792 -0.0808473 -0.0274512 -0.1422168 -0.0071348 0.0818026 0.0642893 0.0180857 0.0707014 0.0277177 0.0916935 0.1267985 0.1098154 -0.2744942 -0.4098937 0.0108386 0.0838602 -0.0111748 -0.2321777 -0.3662038 -0.3906538 -0.0655854 -0.2183242 -0.0860891 -0.0267521 -0.0925515 -0.2728274 -0.4218856 -0.2262647 -0.2675238 0.0241412 -0.3473193 0.2216773 -0.0377765 -0.2371523 0.0581385 -0.2734705 -0.1822341 -0.2047807 -0.5062566 -0.3138732 0.0165927 -0.1431993 0.1599422 -0.1573650 0.2555555 -0.2140483 0.2454676 -0.1815679 -0.2405163 -0.2080817 -0.1274417 0.0213014 0.0612673 -0.1025568 0.1281561 0.2125195 0.2512088 0.0648784 -0.0061419 0.1393910 0.1793733 -0.4369840 -0.0142427 -0.1217765 -0.1346739 0.1335144 0.2372072 0.0484756 -0.2349465 -0.1489106 -0.3038582 -0.2235288 -0.3017110 -0.1438679 0.0069083 0.0115875 0.1526276 -0.0460617 0.0196750 0.0952810 -0.0304303 0.0899376 0.1986832 0.0661857 0.1736822 0.2045311 -0.0265711 0.0123731 0.0545287 -0.0342531 -0.1813693 -0.4811240 0.0656289 0.4259176 0.3905163 -0.3818649 -0.6819853 -0.0930347 -0.1985298 -0.4533428 0.0713015 0.3318818 -0.2353243 -0.2119652 -0.0894624 -0.2744302 -0.2894896
-0.0421103 0.6118454 0.1611876 0.4950997 -0.2567175 0.0000000 0.0878140 0.2426333 0.3510617 0.7621489 0.4053777 0.6232754 0.1061313 0.4089265 0.2530096 0.1462325 0.5050890 0.0818159 0.0545063 -0.1368208 0.5936306 0.2153379 -0.1019372 0.5853524 0.1514511 0.0032338 0.6008811 0.4019521 0.6059112 0.3994730 0.0197892 0.0446737 0.5012160 0.5750619 -0.1154130 0.6066223 0.0607201 -0.1595041 0.5042327 0.5370818 0.0607683 0.5263203 -0.1656228 0.5628590 0.5472926 -0.1161775 0.0321953 -0.2047888 0.6500847 -0.0358280 -0.1139603 0.2744418 0.4407346 0.4291369 -0.2439618 -0.0363259 0.0252557 0.5475860 0.3540045 -0.0208048 0.4681475 -0.0721104 0.1197986 0.5392407 0.1130049 0.1290970 0.0207440 0.1581411 0.0045768 0.2915460 0.2336567 0.3877259 0.0429437 0.2659979 0.1964026 0.1318171 0.0921145 0.3180551 0.3046927 0.3935302 0.0945433 -0.3635613 -0.1391489 -0.2582891 -0.2641656 -0.1216222 -0.0893494 0.2337430 -0.1498755 -0.0888483 -0.4653213 -0.4976763 -0.1658021 0.3862090 -0.3303700 -0.2814686 -0.4279507 -0.1670888 -0.3332102 0.2067967 -0.0450548 -0.1501062 -0.0415173 -0.0025581 -0.1275220 -0.3825414 -0.1571911 -0.1537583 -0.3668282 -0.1565958 -0.4352643 -0.2359052 0.1303849 0.2786570 0.2714324 0.1382616 0.2506069 0.3585242 0.1419704 0.3344578 0.0633923 0.0493672 -0.1799496 0.1111212 0.0747533 0.3125032 0.0131166 -0.1867418 0.2478234 0.1773371 0.1788326 -0.3317279 0.1455654 0.1588541 -0.4108550 -0.1219760 0.0604380 0.2436506 0.0142662 0.2972618 -0.2403633 0.3693696 -0.0475661 0.1745286 0.1459642 -0.1717617 0.1246304 -0.0713970 0.3095206 0.1795934 0.2424957 0.1718488 0.3084620 -0.0241908 -0.4271996 0.0062381 0.2230664 -0.0340361 0.1030901 0.2132871 0.0174176 0.2814066 0.0396342 -0.0734625 0.0135774 0.1880127 0.2415681 0.5195334 0.1763384 0.2322094 0.1629129 0.2378735 0.2190640 0.2428943 0.5237825 0.5659480 0.4924864 0.2412462 0.5356871 0.4116562 0.0780027 0.2861441 0.2527353 0.2782008 0.3313709 -0.1699638 0.3177240 0.4137010 0.1871847 -0.0172043 0.3396682 0.1882216 0.2575188 0.1751871 0.2727776 0.2094782 0.4519944 0.4483650 0.6847689 0.3100993 -0.0648873 -0.3136105 0.0343630 0.1494625 0.3014736 0.3842582 0.1733955 0.3183274 -0.1327540 0.0199806 0.1226713 0.2974016 0.2586122 0.6350540 0.4093161 -0.1272868 0.0861027 0.0806138
0.6613098 0.2790403 0.0024742 0.1260825 0.1640335 0.0878140 0.0000000 0.1351863 0.2557870 0.1282925 0.2691648 0.6161940 0.1034002 0.3144778 0.5438031 0.1228411 0.2523945 0.3989034 -0.3490898 0.0701355 0.5990165 -0.1237163 0.1366297 0.3704809 -0.4308089 -0.1501724 -0.2165787 0.2310389 0.5287679 0.3046858 -0.1800955 -0.1457475 0.2787311 0.4332984 0.1443326 0.3049727 -0.0392350 -0.0373509 0.3045350 0.4336267 -0.1740621 0.3964884 0.4276148 0.4481245 0.2417200 0.1532301 0.0796500 0.2860841 0.3573705 0.3474080 0.2276950 0.1692704 0.0152447 0.4405341 0.2476977 0.3022720 0.1004076 0.5143978 0.4185860 0.4526567 0.2652264 0.4253685 0.0122460 0.3227601 0.1347736 0.2659870 0.3271246 0.3626998 0.3106128 0.2766955 0.1012114 0.2226692 0.1785624 0.3789751 0.2271747 -0.0116883 0.2956258 0.3034867 -0.0172193 0.1941838 0.2826657 0.0785469 0.0667640 -0.1063676 -0.0608730 0.1003155 -0.2353842 0.3152483 0.0799611 0.1341092 0.0205035 -0.1000033 0.1425161 0.2842305 -0.1218934 -0.1545379 -0.0070435 0.0616320 -0.1419926 0.1385465 0.1078881 0.1122706 0.1297364 -0.0127130 -0.1239404 -0.0677503 0.0311707 -0.0528379 0.1451527 -0.0081413 0.0808633 0.1191203 -0.0346193 0.0360610 0.0088273 0.0248673 0.0816985 0.2770807 -0.0793853 0.2958318 0.0169816 0.0275160 0.0420604 0.2745889 0.0958197 0.4485127 0.3190378 -0.0253916 0.3774325 0.2187169 0.2464711 0.1111151 0.2559837 0.1095954 0.0972886 -0.0097144 0.1075323 0.2027658 0.2164120 0.2137989 0.0194613 0.2350109 0.0399626 0.0895440 0.1277409 -0.0876598 0.2824999 0.2611496 -0.0010467 0.2305031 0.4627923 0.2874022 0.4518926 0.1543305 0.2158722 0.1297764 0.4145707 0.3946070 0.3283831 0.4428208 0.2114658 0.3908461 0.0142882 0.3689949 0.3563456 0.0958176 0.2283124 0.0990142 0.4054862 0.4232607 0.2975786 0.4728159 0.1278364 0.6120348 0.6517028 0.6275464 0.5677673 0.3855821 0.5714891 0.2392668 0.1937123 0.2583702 0.3455777 0.2913834 0.4270417 0.6684799 0.4767008 0.3075537 0.3055959 0.3741572 0.4168302 0.2768534 0.4138167 0.4596133 0.4453617 0.5256016 0.4895603 0.5308767 0.4850872 0.4645251 0.2512375 0.0141353 -0.0663341 0.4313786 0.1951287 0.2991803 -0.1293683 -0.2517327 0.1250940 0.0009676 0.1049082 0.5262945 0.1492220 0.1942897 0.1690599 0.3679447 -0.2355941 -0.1705569
0.0622463 0.1269921 0.3110112 0.6458156 0.3198156 0.2426333 0.1351863 0.0000000 0.0266743 0.2937870 0.3876312 0.2531763 0.7537766 -0.1349734 0.0368531 0.2859145 0.2749913 -0.2182390 0.0777442 -0.1396088 0.2287255 -0.2420278 0.4816745 0.0136017 -0.1710220 0.3609783 0.1806003 -0.3637879 0.2290779 -0.1896331 0.0747662 0.2402249 -0.3033069 0.0528218 0.3936439 -0.0079518 0.3574247 -0.1115247 0.0748716 0.2329659 -0.1786188 -0.1709176 0.4229223 -0.0569629 -0.1218803 0.0268678 0.2139582 -0.0862313 -0.0573295 -0.0840921 0.2268587 0.3086213 -0.2249339 0.0996079 -0.0106930 0.1819745 0.2264975 0.2100482 -0.0291560 0.3019095 -0.1579372 0.4514834 0.3727205 0.0895477 0.1784405 0.3193315 0.0345516 0.3905499 0.2945513 0.3376213 0.1261307 0.0640856 0.3800113 0.2620897 0.4274732 0.4454993 0.4928981 0.4277887 0.5598431 0.4004479 0.4286470 -0.4566691 -0.3341874 -0.2501681 -0.4077967 -0.2069590 -0.0601134 -0.4683400 -0.2438154 -0.2393653 -0.2031242 0.0883360 -0.3860456 -0.1787445 -0.0460577 -0.0056567 -0.2624525 -0.2119619 -0.1938274 -0.1977732 -0.1220511 -0.2958931 -0.1189915 -0.0073196 -0.2649660 -0.0699157 -0.0836076 -0.0239768 -0.0983929 0.1191853 -0.2309760 -0.0277935 0.1485435 0.2143008 0.2418350 0.1648574 0.3102244 0.2241922 0.0203713 0.0767397 -0.0946894 -0.0447363 -0.2451754 -0.0743181 -0.2687118 0.0768149 0.0236608 -0.1419303 -0.0091533 0.2121869 0.0624922 -0.0887754 -0.0245987 0.0324776 0.0191940 -0.1515127 -0.1285266 -0.2640088 -0.0860394 -0.2379193 -0.2053174 -0.3178576 0.1227697 -0.3035495 -0.1708146 -0.2533503 -0.2435000 -0.2676907 -0.1146330 -0.1353934 -0.1841493 -0.2361720 -0.1691754 -0.1611732 -0.2209597 0.0251980 -0.0457826 -0.1735751 0.0174230 -0.1682742 -0.2175906 -0.2805097 -0.1604711 -0.1706171 -0.2042258 -0.0858561 0.0751777 0.1761725 0.0003873 -0.1680181 -0.0961578 0.0883447 -0.3793296 -0.0746389 0.0949456 0.2444843 0.2305595 0.2169695 0.0424745 -0.1806264 -0.1137423 -0.1722740 -0.1316602 -0.1245154 0.0333537 0.1178333 0.0590477 0.1038106 0.4607825 0.4609082 0.2866733 0.5138155 0.3160170 0.2408487 0.2317744 0.1934153 0.2868595 0.0509565 0.2423105 0.1647929 0.3743294 0.1280075 0.3003862 0.3217276 0.2760483 0.4312553 -0.1079047 -0.1987186 0.2888976 0.2113113 0.2347575 0.1725668 0.1913891 0.2539754 0.3307890 -0.0790167 0.1729287 0.1430898
0.1749979 0.4703138 0.0910703 0.1599855 -0.0600264 0.3510617 0.2557870 0.0266743 0.0000000 0.5669798 0.4734182 0.4978291 -0.3085674 0.3956461 0.8584344 0.0063029 0.2839735 0.4734985 -0.0705486 0.1024243 0.3465259 0.1507768 0.0015912 0.6340681 -0.0072018 -0.2646387 0.3928292 0.3650229 0.4659267 0.4224686 -0.1011964 -0.4715862 0.3348466 0.4447437 -0.2076511 0.4872554 -0.4098723 -0.1319704 0.4765069 0.3006991 -0.0019359 0.4186696 -0.2457033 0.3607581 0.3763365 -0.2022149 -0.2798314 -0.1187592 0.4159201 0.1472543 -0.4482678 0.0283035 0.4650956 0.2669274 -0.2271753 -0.2505657 -0.4052180 0.2497413 0.2475735 -0.2261056 0.3670341 0.0076858 0.1184366 0.5769174 0.3097876 -0.4213720 0.0047860 0.0287250 0.3907246 0.3871201 -0.1553460 0.6100927 -0.0569922 0.6136041 0.1496499 0.1434589 0.2736921 0.1890272 0.3216901 0.4089694 0.3677044 -0.0061751 0.2148673 0.1972916 0.3722129 0.2607696 -0.1670173 0.3646760 0.4854041 0.4281732 0.3350452 0.2471445 0.4551054 0.2307458 0.3741197 0.2396345 0.4124360 0.2190575 0.4506798 0.3115897 0.3919487 0.2275876 0.2135302 0.0185478 0.4822196 0.2203224 0.4459741 0.1971424 0.3885853 0.4633841 0.3774121 0.4693466 0.2601670 0.4621463 0.5905686 0.3472861 0.4296178 0.4128725 0.2604648 0.3832248 0.3511524 0.3356987 0.4509768 0.3893368 0.1912489 0.3058484 0.2990951 0.3376192 0.3607631 0.0799856 0.2303168 0.1529140 0.2723462 0.2026869 0.1271126 0.2986447 0.2298665 0.3672611 0.2717131 0.4024234 0.3411176 0.4769443 -0.0478110 0.3255049 0.2617835 0.2061925 0.3699107 0.3376644 0.2067764 0.3405922 0.2405484 0.3160704 0.4897752 0.3551732 -0.2016369 0.3408770 0.5476990 0.1823414 0.2611631 0.4848482 -0.0388257 0.4708141 0.1769264 0.4586350 0.2365299 0.0034956 0.0421221 0.2869978 0.4022597 0.4108790 0.2768985 0.2648999 0.6112133 0.5581915 0.5463768 0.3251227 0.4052875 0.1726581 0.4222848 0.3350285 0.1906067 0.3401393 0.4236216 0.3879968 0.2398478 0.0906655 0.0884946 0.0776311 0.3353437 0.1393444 0.2018792 0.1992989 0.5605356 0.1603064 0.3017565 0.3531410 0.1916090 0.4997049 0.5726496 0.2818750 -0.2270807 -0.4619938 -0.2524759 -0.0840616 0.2405559 0.1709644 -0.1251412 0.1857321 -0.2268269 -0.1358789 -0.1805032 0.3322149 0.1718008 0.1762460 0.2995218 -0.2840021 -0.3599522 -0.4509325
-0.0651015 0.3965862 0.1451815 0.4620412 -0.2316527 0.7621489 0.1282925 0.2937870 0.5669798 0.0000000 0.6266514 0.4737324 -0.1011734 0.5539735 0.3303904 0.2567702 0.7053207 0.2923187 0.0885319 -0.1411788 0.3934641 -0.0103066 0.2558073 0.4811738 -0.0476088 -0.0098965 0.5836938 0.4051436 0.4752661 0.4784291 -0.2359505 -0.0925353 0.3144521 0.4783824 0.0907289 0.4413279 0.0087255 -0.2373913 0.7114335 0.5521371 -0.0496469 0.3605010 0.1022147 0.4098232 0.4714751 -0.0661630 -0.1216561 -0.3038000 0.4821886 0.0467771 -0.1393345 0.5015030 0.3801663 0.4903245 -0.3791782 -0.1608357 -0.1590821 0.5357407 0.1383597 0.0634978 0.2709063 0.2978644 -0.1982253 0.6554218 0.2794847 -0.1557752 -0.0062486 0.3507935 0.0164261 0.5988857 -0.0739371 0.5267315 0.1933528 0.5481428 0.0384401 0.4197429 0.2834090 0.2735211 0.3927600 0.4207666 0.1679011 -0.1817255 -0.0202071 -0.1230869 -0.0850782 -0.1553377 -0.1197265 0.1482484 -0.1385678 -0.0890038 -0.1834945 -0.2337945 0.0252132 0.2703457 -0.1596026 -0.1439976 -0.1955328 -0.0111625 -0.0735224 0.2408168 -0.0299751 -0.1052668 -0.1406610 0.0256856 0.0006810 -0.2715969 -0.0713561 -0.0922330 -0.1336375 -0.0000785 -0.2550918 -0.0825086 0.0799607 0.3233482 0.3885729 0.1541062 0.3060669 0.1160749 0.0636889 0.1354675 -0.0084586 -0.0275443 -0.1098839 0.0200535 0.0157685 0.2622871 -0.1203470 -0.1329397 0.1560307 -0.0497417 -0.0320934 -0.1560157 0.0440391 -0.0504426 -0.2164758 -0.0875710 -0.0622446 0.2014725 -0.0679111 0.2159785 -0.0825166 0.2926214 -0.1721667 0.0516683 0.0818758 -0.1159769 0.0753015 -0.0387523 0.0746037 0.1281292 0.1748123 0.0997381 0.2322436 -0.1763087 -0.4222371 -0.0603756 0.1034290 -0.1106055 -0.0138484 0.2797434 -0.2215303 0.1882410 -0.0821941 -0.0203806 -0.1546188 0.0275653 0.0511537 0.1938571 -0.0806419 0.1309416 -0.0318129 -0.0062728 0.3311589 0.2446433 0.4657039 0.4215024 0.4762307 0.3010897 0.4370730 0.4399345 0.3547129 0.2817985 0.2202678 0.3460524 0.1193179 -0.1509435 0.0826477 0.2585006 0.2541542 0.0532973 0.1236875 0.2031333 0.3377495 0.0701256 0.2127685 0.1151532 0.2115416 0.3692355 0.5881830 0.1981265 -0.0270318 -0.1910114 0.0691002 0.0061560 0.0827262 0.3930831 -0.0508664 0.1750196 -0.0200917 0.1983361 -0.0004310 0.1135983 0.0446830 0.4042991 0.3507363 -0.1652307 0.1655981 0.0995804
-0.0530272 0.2332320 -0.1110096 0.4738140 -0.3540017 0.4053777 0.2691648 0.3876312 0.4734182 0.6266514 0.0000000 0.3519542 -0.0873596 0.4079859 0.2869354 0.7826189 0.4082551 0.1213576 0.5950192 -0.3331426 0.4028823 0.1738997 0.6277093 0.3815390 0.2044202 0.4282958 0.2615494 0.1673961 0.5174461 0.3082340 -0.2368509 0.2122198 0.1040717 0.3566487 0.4072384 0.6413717 0.3002429 0.3147085 0.5724901 0.5777323 0.1415796 0.5236349 0.3363010 0.3162478 0.4819317 0.2829316 0.1349731 -0.0382468 0.4185319 0.0838954 0.0338415 0.4364840 0.3662985 0.4954746 -0.1386880 0.0820460 0.1096208 0.5457982 0.4058213 0.2715360 0.5026793 0.5486423 -0.1099131 0.7219478 0.5542653 0.1313662 0.4146866 0.6144758 0.2083245 0.8293481 0.2189681 0.6551739 0.5610301 0.7656016 0.2719958 0.7341809 0.5556027 0.3372055 0.5592246 0.0382961 0.0542058 0.0791539 0.3355484 0.3329293 0.3261647 0.4308484 0.1726559 0.3143442 0.2988184 0.2255056 0.1237081 0.1674243 0.3290693 0.4931536 0.1497589 0.2776850 -0.0029465 0.4197981 0.1312127 0.3946538 0.2648928 0.4017642 0.4227538 0.0742017 0.2447722 0.2087275 0.4319144 0.4893172 0.3205742 0.4833439 0.2007647 0.4778342 0.4560810 0.6384898 0.5153226 0.4771302 0.5110591 0.2608282 0.1807798 0.3080346 0.2337218 0.1861673 0.2451041 0.4162472 0.3566113 0.3276647 0.3125906 0.3613958 0.4749325 0.3716345 0.4940065 0.3001562 0.5737770 0.2587051 0.1670962 0.4177931 0.4352278 0.6282318 0.5069124 0.4263398 0.3386458 0.3864395 0.0768538 0.3224459 0.5332942 0.2126636 0.5115014 0.3512056 0.4189940 0.4565033 0.3686228 0.4401535 0.4666350 0.2201230 0.0307149 0.0867374 0.4532501 0.3141728 0.4737394 0.3664052 0.3136114 0.3998685 0.2529909 0.2061344 0.4055728 0.2432544 0.3360998 0.2629076 0.2609499 0.4240292 0.3790531 0.3591779 0.1935641 0.1972998 0.4110030 0.3840939 0.1151575 -0.0862551 0.4017484 0.4066726 0.2475324 0.5008745 0.5185118 0.6264646 0.4310189 0.1708079 0.1977991 0.0794619 0.3313801 0.2668907 0.3689875 0.1843062 0.1879741 0.2867490 0.3758211 0.1711977 0.1484024 0.1943177 0.2852697 0.3063931 -0.0513886 -0.0327868 0.3231055 0.1187677 -0.0708827 0.0666665 0.2174113 0.2738665 -0.0786940 0.1271204 0.3131358 0.1314359 0.0351230 0.3682680 0.4244545 -0.1005832 0.0529089 0.1218070
0.4155877 0.7035484 0.1591769 0.3425201 0.0974730 0.6232754 0.6161940 0.2531763 0.4978291 0.4737324 0.3519542 0.0000000 0.1102376 0.1500014 0.6378890 0.0712846 0.2273801 0.1030411 -0.2722370 0.0215088 0.9151624 0.1445796 -0.1601496 0.5953427 -0.1232799 -0.2598931 0.3408413 0.1996514 0.8099329 0.2612505 -0.0388365 -0.1210693 0.5010082 0.6407992 -0.2695492 0.6213223 -0.1217588 -0.0936758 0.4523827 0.4730187 0.0326770 0.5441054 0.0285641 0.5440554 0.3831656 -0.0066802 -0.0787601 0.1476810 0.6451775 0.3913510 -0.2368348 0.2483110 0.3262100 0.4834599 0.1913396 0.1650291 -0.1155802 0.5253094 0.6887004 -0.0006005 0.5221768 0.0234450 0.1461333 0.4209022 0.0812684 0.0856812 -0.0077391 0.1762753 0.2529567 0.2393142 0.2015909 0.3720473 -0.0424873 0.2894939 0.3109104 -0.0517935 0.2811948 0.4457647 0.1055990 0.3487327 0.3227426 -0.4632658 -0.1773789 -0.4106794 -0.3115843 -0.0279360 -0.3395218 0.2316600 0.0071908 -0.0115775 -0.2311872 -0.3045911 -0.0530419 0.3401928 -0.2620781 -0.2284755 -0.2649173 -0.2472264 -0.3006463 0.0032977 -0.0428622 -0.1354470 0.0068936 -0.2864846 -0.1247158 -0.1921436 -0.0564047 -0.1878650 -0.0885770 -0.1273253 -0.1660253 -0.1074968 0.0909946 0.2401466 0.2048197 0.1847151 0.3799169 0.6436930 0.2713938 0.6926434 0.2545480 0.2630837 0.0425615 0.2190639 0.2680066 0.7303259 0.2319661 0.0638422 0.6447665 0.1767847 0.3297582 -0.0723919 0.2879916 0.2654054 -0.2273430 0.0970575 0.1882891 0.3498890 0.2421716 0.4793807 -0.0862709 0.5089401 0.0156642 0.2645128 0.2617450 0.0391793 0.2711792 0.1283254 0.2539818 0.2326262 0.4105565 0.3503282 0.4694709 0.2762898 -0.2827390 0.1162051 0.5059880 0.3038595 0.2649161 0.3496609 0.0996384 0.3854651 0.0730883 0.2461261 0.2403795 0.1603940 0.2402942 0.5220657 0.4131159 0.3385401 0.3274926 0.5372413 0.2078555 0.7157927 0.8944581 0.8824044 0.8065536 0.5418199 0.8187452 0.3866375 0.0251290 0.2357161 0.4951025 0.3088239 0.6619034 0.0855198 0.6255906 0.4171632 0.3212192 0.1780374 0.7304510 0.3658954 0.5590043 0.6471376 0.7318814 0.7308128 0.7144075 0.8374227 0.7918063 0.6912863 -0.0663070 -0.4826773 -0.2498861 0.4255919 0.5931380 0.3976043 0.0593237 0.0086545 -0.1578286 -0.2718924 -0.1005582 0.6262775 0.2300251 0.3721973 0.2486392 -0.0520151 -0.4219125 -0.3489375
0.0574596 -0.0714860 0.4761743 0.2935376 0.5421861 0.1061313 0.1034002 0.7537766 -0.3085674 -0.1011734 -0.0873596 0.1102376 0.0000000 -0.2187643 -0.0826719 -0.0321379 0.1141832 -0.1868157 -0.1758506 -0.1445403 0.1589867 -0.3952796 0.1527187 -0.1153873 -0.3501188 0.1952193 -0.0308761 -0.3347897 0.1028602 -0.3019832 0.2211938 0.2318007 -0.1909655 0.0883225 0.2620937 -0.2547634 0.2778603 -0.1497938 -0.3103548 0.0510010 -0.3737745 -0.2657083 0.2780077 0.0248623 -0.0875332 0.0378378 0.2439690 -0.0195568 -0.0400251 -0.2849532 0.3441744 -0.0113237 -0.2493290 -0.0521040 0.1993010 0.3715530 0.2728275 0.1089054 -0.1256239 0.2650283 -0.2698299 0.1462379 0.5859862 -0.1619973 0.0254780 0.4060644 -0.0016486 0.1867137 0.2201405 -0.0043789 0.1671569 -0.2298455 0.2171763 -0.0789083 0.2921296 0.1262346 0.2725065 0.2315779 0.1756081 0.3937338 0.2800723 -0.3960926 -0.4865200 -0.3362506 -0.5068391 -0.3032668 0.0155964 -0.5634791 -0.3883737 -0.4233543 -0.3921602 -0.1123169 -0.6192186 -0.3768111 -0.2316173 -0.1689249 -0.3274594 -0.3922438 -0.3630649 -0.4105136 -0.2627309 -0.3481988 -0.2635528 -0.0774624 -0.4685340 -0.2131334 -0.3245999 -0.2584987 -0.3997474 -0.1470654 -0.4022015 -0.2778156 -0.0889877 -0.2117320 -0.1065401 -0.1321503 -0.0734776 0.0616587 -0.1969001 -0.0713370 -0.3010379 -0.2468856 -0.3175746 -0.3116637 -0.5634462 0.0001545 -0.0898264 -0.3246528 -0.2352220 0.0996754 -0.1751583 -0.3067790 -0.2308292 -0.0729614 -0.1318077 -0.3105096 -0.3089704 -0.4757827 -0.2453822 -0.2801420 -0.3326106 -0.4235958 0.2345407 -0.3503240 -0.4014739 -0.3365458 -0.4077667 -0.3267603 -0.0868533 -0.2343762 -0.0592696 -0.2828851 -0.3536906 -0.0955172 0.0483459 -0.0717062 -0.0738938 -0.1386583 -0.0149845 -0.1618310 -0.0550975 -0.3190218 -0.2343323 -0.0957079 -0.1122446 -0.0567345 0.1719502 0.2471956 0.0954129 -0.1947078 -0.0666829 0.2445866 -0.5542715 -0.2687791 -0.1677240 0.0455658 0.1702081 0.2280033 -0.0666966 -0.3374255 -0.2578035 -0.3980668 -0.3407245 -0.3979063 -0.0580086 0.2437989 0.1396846 0.3075996 0.3309856 0.3446013 0.2437648 0.4048583 0.0723814 0.1467773 0.0987483 0.1262285 0.3627552 -0.1162813 0.1295505 0.1422422 0.3326868 0.2066851 0.1526738 0.3312046 0.2574912 0.4746668 0.0844424 -0.3879926 0.2242931 0.1172390 0.2452108 0.2338186 0.3111408 0.2669594 0.2134922 0.1647188 0.1855674 0.2194435
0.0456597 0.1051498 0.2057752 0.1651618 -0.1023948 0.4089265 0.3144778 -0.1349734 0.3956461 0.5539735 0.4079859 0.1500014 -0.2187643 0.0000000 0.3496106 0.1185737 0.6345209 0.7326158 -0.0054196 0.1535250 0.2560829 -0.0648216 0.0693099 0.3584733 -0.1257923 -0.1577212 0.0351535 0.8042834 0.3277589 0.8627339 -0.2308089 -0.1991145 0.5455125 0.4650258 0.0748892 0.3976483 -0.2184271 -0.1196205 0.5919741 0.4110832 -0.0866737 0.5817518 -0.0432059 0.5349724 0.6653367 -0.1267146 -0.2603286 -0.0070790 0.4818936 -0.1014087 -0.0814110 0.0190200 0.4770270 0.3507316 -0.2443744 -0.2494443 -0.2052578 0.4409987 0.1845304 0.0493847 0.3747047 0.2226605 -0.2729017 0.7235859 0.2997287 -0.1118843 0.0463770 0.1834832 -0.2662460 0.3765086 -0.2752032 0.4719696 -0.0009055 0.5384810 -0.3545766 0.1573788 -0.0266492 -0.1924535 0.1164802 0.2265189 -0.2677902 0.4910914 0.3190789 0.2762107 0.3399248 0.1931570 0.2277438 0.4333081 0.1775051 0.2191026 0.1797226 0.0283120 0.3886802 0.3916549 0.2070796 0.2180968 0.1833800 0.4326010 0.2341716 0.6356242 0.3307026 0.4142345 0.1981260 0.4430627 0.3078884 0.1124692 0.1459386 0.1160372 0.1957244 0.1207728 0.1866304 0.2441578 0.1914755 0.2844434 0.3357871 0.2193940 0.1098221 -0.1397047 -0.0002454 -0.0403278 0.0539807 0.0177207 0.1063305 0.1389016 0.0221311 -0.1283318 0.1489386 0.0499903 -0.0831479 -0.1009997 0.0150348 0.0408637 0.1530961 0.0179308 0.0431677 0.0777973 0.2172005 0.2794526 0.1605403 -0.0073376 0.2708863 0.0943585 0.1207187 0.3441764 0.3143329 0.0393400 0.3281907 0.3308361 0.2874629 0.0093335 0.1253789 0.3281426 0.3163901 0.0497283 0.0511016 0.1204968 0.1179253 0.3112603 0.1494376 0.1874339 0.2144820 0.3500911 0.0738666 0.1321415 0.2415312 0.2342218 0.2503572 0.2813593 0.1078811 0.4263339 0.2629451 0.0747248 0.4377012 0.1987184 0.2456700 0.0678363 0.1197312 -0.0869912 0.3124893 0.4384930 0.3517871 0.5315505 0.3704112 0.5381541 0.1976054 0.2678316 0.1908152 0.4098316 0.0612072 0.0357763 -0.0241178 -0.2261753 0.1251518 -0.1140618 -0.1163424 -0.1958086 -0.0605264 0.1699587 0.2967354 -0.1544876 -0.1260651 -0.0362994 -0.0155804 -0.2503111 -0.2061997 0.0580211 -0.0621123 0.1149489 -0.2243724 0.1749851 0.0007420 -0.1818046 0.0573415 0.2049924 0.0754984 0.1334313 0.1552199 0.2269602
0.4165250 0.4342168 0.1541131 -0.0144181 0.2489889 0.2530096 0.5438031 0.0368531 0.8584344 0.3303904 0.2869354 0.6378890 -0.0826719 0.3496106 0.0000000 -0.0516974 0.2302533 0.6092608 -0.2840628 0.1494293 0.5392054 -0.0041129 -0.0861139 0.6997599 -0.2028281 -0.3717779 0.2695073 0.3744010 0.6072421 0.4326111 -0.0581832 -0.4252823 0.4748550 0.6130215 -0.2527016 0.4122246 -0.4355035 -0.0962875 0.4208852 0.3957533 -0.0911299 0.4873016 -0.1411110 0.5136483 0.4320054 -0.1246174 -0.1888775 0.0939765 0.5364437 0.1563071 -0.2990873 0.0266237 0.4231391 0.3329507 0.0650551 0.0045559 -0.3137282 0.3515802 0.3240146 -0.1173574 0.3619457 0.0498900 0.3202338 0.5106902 0.2491745 -0.2139659 0.0981927 0.0923401 0.5043713 0.2848282 -0.0579325 0.5132456 -0.0247705 0.4961163 0.2163476 -0.0542560 0.2576287 0.1462060 0.1830560 0.4605901 0.3457882 0.0652712 0.1645094 0.1174425 0.2300965 0.2119026 -0.1745639 0.3635808 0.4567014 0.3873003 0.2845439 0.2000469 0.3807219 0.2038992 0.2971843 0.2031538 0.3709376 0.1455099 0.3025729 0.1735297 0.3286496 0.2009878 0.1869159 -0.0645941 0.3401393 0.2020614 0.3298992 0.1253050 0.3436838 0.3198188 0.3255871 0.3733505 0.1903248 0.2726454 0.3398279 0.2693861 0.3185814 0.4435182 0.2077559 0.4271621 0.3642860 0.3679326 0.4358348 0.4157225 0.1086645 0.4109207 0.4816961 0.3081598 0.3733522 0.1108103 0.2448882 0.1275827 0.3330193 0.3062369 0.0711069 0.2712239 0.2220103 0.3121902 0.3176967 0.3832280 0.2780035 0.4039613 0.0689374 0.3418289 0.2628558 0.1756881 0.4112843 0.3776389 0.1915932 0.2695082 0.2997666 0.3842665 0.5392385 0.4793893 -0.0466278 0.3406962 0.6143740 0.4291296 0.3646545 0.5485636 0.1452935 0.5494452 0.2192471 0.6090560 0.4150480 0.0251750 0.1730607 0.4028452 0.6138788 0.5397973 0.4636444 0.5045814 0.3890817 0.5766057 0.5751553 0.3886431 0.4915816 0.2229108 0.5173651 0.2422075 0.0750658 0.2532519 0.3794911 0.2577615 0.2953767 0.2836197 0.1971882 0.1654608 0.3574245 0.2572837 0.3056688 0.2524139 0.6178077 0.2839117 0.3548120 0.4996278 0.4051082 0.6092503 0.6656577 0.4266381 -0.0891985 -0.3996889 -0.3805207 0.0722738 0.4044233 0.3041856 -0.1281066 -0.0539256 -0.1595790 -0.1735400 -0.1965692 0.5300839 0.3250221 0.2503950 0.3013729 -0.1150497 -0.4901054 -0.5042881
0.0253995 0.0839037 -0.2366933 0.2765394 -0.4084363 0.1462325 0.1228411 0.2859145 0.0063029 0.2567702 0.7826189 0.0712846 -0.0321379 0.1185737 -0.0516974 0.0000000 0.2447047 -0.0483238 0.7919042 -0.3316159 0.1910897 0.2817986 0.7792185 0.2015939 0.4431531 0.7676934 0.2161352 -0.0071240 0.3172215 0.1423796 0.0384337 0.6952598 -0.0002999 0.2189327 0.6229428 0.4067018 0.6757824 0.6598796 0.4430317 0.6082390 0.4170512 0.4179265 0.5864377 0.2096863 0.3876231 0.5636294 0.5036571 0.1605804 0.3696552 -0.0296755 0.4219855 0.6341869 0.2708916 0.5911651 0.0653540 0.4187043 0.4833226 0.5980938 0.2694936 0.5077169 0.4067760 0.7003952 0.0168161 0.5353455 0.5888426 0.4719277 0.5936086 0.8216230 0.2337535 0.7898207 0.4589757 0.5376252 0.8153458 0.5614344 0.3004412 0.7866081 0.5183977 0.2984443 0.5725195 -0.1614919 -0.0924325 0.2178605 0.3035468 0.3724807 0.2303363 0.3923259 0.2848359 0.2050987 0.1440545 0.0643859 -0.0313177 0.1039068 0.1845035 0.3558828 -0.0418122 0.2104561 -0.1591437 0.3772646 -0.0431549 0.1668773 0.0288731 0.3491032 0.4602053 -0.1026507 0.0216595 0.1552565 0.3062161 0.5441600 0.1609782 0.2906316 0.0467112 0.3067028 0.2403453 0.3239159 0.0595199 0.2341979 0.2249534 -0.0401483 0.0140619 0.0142306 0.1064362 0.0682030 0.0756112 0.3700033 0.3290934 0.1116266 0.3128838 0.2724174 0.2785148 0.4777257 0.5379183 0.3382077 0.6682728 0.3383421 0.1707655 0.3758891 0.4434211 0.5362239 0.5173846 0.2619230 0.1793355 0.1219007 0.1770331 0.0993298 0.5208538 0.1358856 0.4833465 0.2751701 0.3580410 0.3301309 0.2714247 0.2441051 0.2412005 0.1292708 0.3080898 -0.2910645 0.2585324 0.3078497 0.5042650 0.2632227 0.5563785 0.2042621 0.2165774 0.1408694 0.4700518 0.0386728 0.2461850 0.1188681 0.2417425 0.2699888 0.3830936 0.3290420 -0.0904320 -0.1646761 0.0736530 0.1213882 -0.2008160 -0.3266658 0.1356605 0.2460500 0.1262107 0.3568285 0.3059798 0.3887541 0.2656153 0.1827587 0.0237870 -0.0958114 0.2022520 0.3239606 0.1215327 0.1782784 -0.0613742 0.0927805 0.0746360 -0.0881358 -0.0745474 -0.0735666 -0.0103420 0.1109698 0.2735878 0.2953022 0.5528804 0.0829868 -0.1197032 -0.0051733 0.3547867 0.3781554 0.2351230 0.2610529 0.5382508 0.0059232 0.0808879 0.4872432 0.4570173 0.1542835 0.2499649 0.3983504
0.0590547 0.1650852 0.4731611 0.3847105 0.0231297 0.5050890 0.2523945 0.2749913 0.2839735 0.7053207 0.4082551 0.2273801 0.1141832 0.6345209 0.2302533 0.2447047 0.0000000 0.4001026 -0.0482392 0.2242772 0.2791258 -0.0342955 0.4390290 0.1677841 -0.1855758 0.1172535 0.4125212 0.2539529 0.2098572 0.4938007 0.0545518 0.0651463 0.1065493 0.2267429 0.2924574 0.2360557 0.0917255 -0.2539705 0.4478120 0.3899088 -0.1188490 0.2265503 0.2286601 0.1874077 0.3364981 0.0796725 0.0001509 -0.1501962 0.3531888 -0.1353362 0.2065107 0.3749669 0.0992984 0.4111653 -0.2378934 0.0335959 0.0511876 0.6739552 -0.0826737 0.3729644 -0.0103771 0.4707386 -0.1160546 0.6522033 0.2122441 0.0283652 0.0828825 0.5699592 -0.0348267 0.6423217 -0.1197834 0.2840292 0.3314003 0.4896255 -0.1320238 0.4382453 0.1486126 0.1078740 0.4258630 0.4505647 0.1824901 0.1675534 0.0155489 0.0036261 -0.0381414 -0.0847720 -0.0629100 0.0019294 -0.1797235 -0.1327425 -0.2649912 -0.1579791 -0.1030556 0.0712915 -0.1704991 -0.2381915 -0.2911271 -0.1110207 -0.1641749 0.2521215 -0.0653639 -0.0970611 -0.0097031 0.1021025 -0.1958984 -0.2928169 -0.0573050 -0.0433450 -0.1754494 0.0166799 -0.2475119 -0.0278218 -0.1159946 0.0850379 0.1825900 -0.0645704 -0.0512681 -0.2951895 -0.2368124 -0.2786464 -0.3202635 -0.3263010 -0.0058275 -0.0122796 -0.2157513 -0.0469664 -0.1752083 -0.2025369 -0.1528240 0.1606629 -0.0111749 0.0280475 0.0598176 0.0985929 0.1247749 -0.0627417 -0.1036813 -0.0587045 -0.1816150 -0.0775792 0.0366047 -0.0944296 0.1570289 -0.0850026 0.0185942 -0.0191987 -0.0247952 -0.1062879 0.0980244 -0.0277716 0.1772553 0.0908039 0.0810063 -0.0783511 0.0085596 -0.1369465 -0.0714452 0.0275614 0.0819405 0.3389107 0.0276203 0.1421286 0.0817226 0.1451627 -0.0128968 0.1089100 0.2160666 0.1016803 0.0860632 0.2492118 0.0787844 0.0467863 0.2497922 0.1605158 0.2856159 0.2361742 0.4073723 0.3954846 0.3386938 0.5393966 0.5549773 0.2596500 0.0231371 0.1907231 -0.0775311 0.0995818 -0.0257586 0.2505316 0.1998740 0.2220259 -0.1003228 0.1995807 0.3022377 0.0916989 -0.0513505 -0.0050848 0.0890041 0.1641666 0.3424722 -0.0335766 0.2605420 0.0575495 0.3425023 0.1636880 0.0093483 0.5906509 -0.0607704 0.0939040 0.2718355 0.2810000 0.3265673 0.1147233 0.2143283 0.4634175 0.5636542 0.3206314 0.5600646 0.4783725
