0.0000000 0.5129060 0.4273194 -0.1435388 0.2479164 -0.0797887 0.0952221 -0.3236074 -0.1411648 -0.2324231 -0.5206854 -0.3986448 0.2414037 -0.0782287 -0.2197983 -0.5451948 -0.3297578 0.1695560 -0.4494972 0.4184310 -0.6431219 0.1425239 -0.3188308 -0.0503439 -0.1422264 -0.4821577 0.0266192 0.0188217 -0.3569425 -0.0104213 0.1422462 0.3501584 -0.1925286 -0.4282730 -0.4293423 -0.4909028 -0.2095605 0.1998910 -0.0584862 0.3308624 0.3020407 -0.4736074 -0.4162901 -0.0889314 -0.6801611 -0.0067375 -0.4790359 0.3473097 -0.3206085 0.1370769 -0.5165956 -0.0959421 -0.5258984 -0.1071062 0.4091654 0.0813508 -0.3956840 -0.3324755 0.2472797 -0.4942339 -0.3286004 -0.5220215 0.3301759 -0.5392518 -0.3055025 -0.1384112 -0.5365994 -0.6180727 0.2826080 -0.6906209 -0.4035367 -0.3953334 -0.6461044 -0.0236834 -0.0642880 -0.7063944 -0.3214870 0.0938217 -0.4625279 -0.0465509 0.2547602 -0.4815903 -0.5024470 -0.3879238 -0.3182117 -0.1790987 0.1972364 0.0203885 -0.1459304 -0.3408180 -0.0260436 -0.0280219 -0.3385648 0.0828068 0.1378968 0.4601149 -0.2161625 -0.3218615 0.1137400 0.1202673 -0.1224739 -0.0601370 -0.4977342 -0.0470254 0.0708871 0.1294536 -0.3226241 -0.3048236 0.1156965 -0.3846150 -0.0840181 -0.5924856 -0.2890985 0.0497935 -0.2528956 -0.2791054 -0.0477974 -0.3918125 -0.3672628 -0.2922607 -0.1149554 0.0289961 -0.3431849 -0.2392096 -0.1886484 -0.4763945 -0.0526334 -0.1797885 -0.3832513 -0.1941395 -0.2129535 -0.2388525 -0.2876037 0.0316819 -0.3135572 -0.2452303 -0.1949829 -0.3316275 -0.1110447 -0.3403268 -0.1543972 -0.2710854 0.1281548 -0.4136842 -0.1442767 -0.5319497 -0.1635562 -0.1903284 0.1100309 -0.2322842 -0.2969528 -0.3876706 -0.2598965 -0.2849715 -0.1801146 -0.4812997 0.0874492 -0.1388319 0.2330605 -0.3221670 -0.1558620 -0.1960484 -0.3962647 -0.1360288 0.0497202 -0.4423112 -0.3335207 0.0610673 0.0267073 -0.0951293 0.0515595 0.2681935 0.1989807 -0.1254114 -0.2306401 0.0219178 -0.2333397 0.2586954 -0.3505219 -0.3055813 0.1050972 -0.0256813 0.1544093 0.2474533 0.4376717 0.3795306 0.5936485 0.5686345 0.5101980 0.2044207 -0.4661228 0.0665162 0.3450355 -0.4169210 -0.4612099 -0.4692370 -0.1520246 0.3696048 0.1667675 -0.4308408 0.1214622 -0.3303817 -0.1740944 -0.1255940 0.4942413 0.1663817 -0.3102992 0.1315453 0.0160993 -0.2020662 -0.3018070 -0.2739423 0.6335770 0.1293141 -0.1695832 0.5106047 -0.0291549 -0.0970370
0.5129060 0.0000000 0.5337296 0.4458449 0.4477231 0.2672561 0.2872731 0.0769149 0.0302847 0.0785877 0.0463159 0.0440233 0.5271400 0.1291497 0.1900783 -0.2697166 0.0675111 0.4020858 -0.0488483 0.5965942 -0.1427425 0.0747274 0.0850788 0.1932367 -0.0734033 -0.0082154 0.0558149 -0.1200588 -0.1644595 0.0437950 0.3958594 0.3091902 -0.0213612 0.0249507 -0.2030549 -0.1623280 -0.0550748 0.2581851 0.2077901 0.0046407 0.3962899 -0.1372341 -0.0890494 -0.1943084 -0.2276339 0.0861967 -0.3173670 0.3078613 0.0436158 0.2890489 -0.1359961 0.1093984 -0.0015146 -0.0096841 0.2231487 0.1808666 -0.2530663 0.0166216 0.2997621 -0.1784800 0.1439831 -0.1231990 0.2798055 0.1468130 0.1326423 -0.0400973 -0.0801525 -0.1287744 0.2555101 -0.1047862 -0.1008823 0.1694391 -0.0998233 0.2519853 -0.0809970 -0.0701403 0.0585523 0.0144984 0.0805790 0.4138237 0.0460295 -0.1275589 -0.2154804 0.0049902 -0.0834628 0.1551577 0.4159172 0.1368053 0.2374347 0.0748317 0.1865288 -0.0163283 -0.2761728 0.1475517 0.1969484 0.2149533 -0.1573322 -0.2789977 0.2190594 0.2825372 -0.0855051 -0.0970567 -0.1382970 0.0689803 0.0298578 0.0896944 0.0339133 -0.1917156 0.1907992 -0.2585535 -0.1004788 -0.2789773 -0.3071038 -0.3030778 -0.2938282 -0.2574869 -0.2044187 -0.3406482 -0.1893667 -0.2279142 -0.2433976 -0.0790567 -0.4317322 0.0485543 -0.2399773 -0.2672854 -0.2933694 -0.4640013 -0.1545847 -0.0358782 -0.1753397 -0.2483027 -0.0966461 0.3695265 -0.2025868 -0.3644503 0.0297928 -0.0408319 -0.0540646 -0.2578809 -0.0087027 -0.0897555 -0.1245267 -0.3231186 0.0756492 -0.3150782 -0.1242523 -0.0691028 -0.0829066 -0.1970111 -0.3570502 -0.3849393 -0.2733287 -0.2535917 -0.1282766 -0.4208225 -0.3714589 -0.0954769 -0.0995522 -0.5828664 -0.2837372 -0.4313765 -0.1797386 -0.4216635 -0.3056678 -0.4754784 -0.3007454 -0.2027206 -0.3021368 -0.4271125 -0.1112671 -0.1027515 -0.0030513 -0.1092094 0.4364857 0.2162078 -0.0105246 0.3899705 -0.0372881 0.0697668 0.3387748 0.2021339 0.3492815 0.2219316 0.3880480 0.5034744 0.5314584 0.5665739 0.4092830 0.1751009 -0.2073674 -0.1361760 0.1031400 -0.1860109 -0.1956074 -0.2253274 0.0937025 0.2190844 0.2770488 -0.1826044 -0.1830798 -0.1355861 0.0966214 -0.0354363 0.5473520 -0.0694793 0.0491661 0.2135680 -0.1090777 0.0010268 -0.0109670 -0.1543417 0.3761679 0.1682536 -0.0408506 0.3123153 -0.1392066 -0.1851225
0.4273194 0.5337296 0.0000000 0.1205884 0.8103988 -0.0167455 0.2165107 0.3648658 -0.4178715 0.2051320 0.1713172 0.0169657 0.7213487 -0.0757574 -0.3205252 0.1658951 0.1098594 -0.1742957 0.3808714 0.3649513 -0.1553732 0.4660649 0.0939866 -0.1655765 0.3146362 0.1892341 -0.2064870 -0.6173409 -0.3614664 -0.4114380 0.4879595 0.3908763 -0.4147398 -0.2161281 0.0670875 -0.3582669 0.3377418 0.5368270 0.2499665 0.2192925 0.3780935 -0.3760989 0.0841397 -0.4656732 -0.2425544 0.5156456 0.0942682 0.4160279 0.3305216 0.5892159 0.0552607 0.3781895 0.0576893 0.3394854 0.5372557 0.5537868 0.1897051 0.3947303 0.2208437 0.0881889 0.2495985 0.1461150 0.3755563 0.3337631 0.3995544 0.3005985 0.0731338 0.0995735 0.4568275 0.0868474 0.2154520 0.2497855 0.0146319 0.7250880 0.4383547 0.0533543 0.4065668 0.3704644 0.2037471 0.5122135 0.4731939 -0.2397769 -0.1708780 -0.1227047 -0.2628547 -0.0008652 -0.0595730 -0.2772856 -0.1000604 -0.0832690 -0.0990449 -0.1700312 -0.0542495 -0.0942523 -0.1189168 -0.1435634 -0.1609639 -0.2983152 0.0301204 -0.0487247 0.0180349 -0.1185147 -0.0610558 0.0697708 -0.0744736 -0.2573418 -0.0807556 -0.1841591 -0.2594324 -0.2424522 -0.4341392 -0.0834791 -0.1222279 -0.1453383 -0.2266858 -0.2106808 -0.3214411 -0.2392835 -0.1091429 -0.2390178 -0.3723235 -0.3234105 -0.1714151 -0.1032048 -0.2863846 -0.1424372 -0.3597067 -0.2785549 -0.1021943 -0.2962921 -0.2169870 -0.2477415 -0.3506632 -0.1403104 -0.1853846 -0.0909887 -0.1288601 -0.1006825 -0.1087000 -0.0558549 -0.0049324 0.0223455 0.3372080 -0.1211351 -0.0928524 -0.1984343 -0.1069922 -0.0204020 -0.0976064 -0.1400024 -0.0030857 0.0193388 -0.1228387 -0.1971805 -0.4122598 -0.0488715 0.1313771 -0.1834685 0.4238910 -0.1248003 -0.5788902 -0.2904693 -0.1385342 0.0081495 -0.4476287 -0.1748630 -0.1673144 0.0448567 0.0721191 -0.0654082 -0.0912992 0.1159913 0.4403809 0.1713564 0.0296747 0.4397490 0.3467463 0.4778829 -0.1261850 -0.1535936 0.0774034 -0.0339122 0.1833537 -0.0417420 0.1932969 0.6902504 0.4148608 0.5784115 0.7918264 0.5293429 -0.0454195 0.3866920 0.5578066 0.1543097 -0.0057663 0.0023741 0.2826349 0.4798990 0.7215093 -0.0707400 0.0979228 -0.1422400 0.0716389 0.3872750 0.2050786 0.2683992 0.0109743 0.1277447 0.0514181 0.0583281 0.0130034 0.0840317 0.2586603 -0.0893670 -0.1638870 0.2323358 -0.2498505 -0.3340161
-0.1435388 0.4458449 0.1205884 0.0000000 0.0674944 0.7172639 0.3484428 0.6985983 0.1832239 0.6859211 0.5955509 0.5227020 0.4805735 0.3918959 0.3530762 0.3311023 0.6628332 0.1727346 0.4517765 0.3415158 0.3939308 0.1997779 0.6550904 0.5086735 0.2449702 0.5160636 0.3676635 -0.1046276 0.4905276 0.1192894 0.4321574 0.1383672 0.1654236 0.6116471 0.3594639 0.4095697 0.1905926 0.1587160 0.2973199 -0.1752842 0.1557584 0.2949032 0.3782575 -0.1912313 0.3409218 0.1722924 0.2257407 0.0148367 0.3542620 0.2979319 0.3887477 0.2906084 0.7199873 0.0788135 -0.0713057 0.1360656 0.2114614 0.2418961 -0.2461637 0.3095033 0.1156136 0.3278227 0.0932456 0.6074054 0.3462265 0.0929563 0.4309232 0.4205261 0.1752893 0.5271599 0.3608727 0.6828397 0.4962547 0.1254977 0.1283104 0.5188852 0.4218054 -0.0441901 0.5032563 0.1516756 -0.2195884 0.4863707 0.5081021 0.5358216 0.5304206 0.4290752 0.5380724 0.1663631 0.4315225 0.4680398 0.4118627 0.4816161 0.2416253 0.2024794 0.1737830 0.1320603 0.2945692 0.0525271 0.3112939 0.3087695 0.3100163 0.1244403 0.3302999 0.1532408 0.3006573 0.2405790 0.5155785 0.1922661 0.3169825 0.3026810 0.1446466 0.3944746 -0.0192010 -0.3299534 -0.1667571 -0.1125103 -0.1976428 -0.0393639 -0.0599832 0.0543364 -0.0567807 -0.2137547 0.2024433 -0.1770723 0.0099417 0.0548599 -0.1142025 0.2962806 0.1593535 0.2356658 0.1688013 0.0628153 0.2509765 0.0296997 -0.1587035 0.4174970 0.1956838 0.2240693 0.1754303 0.0016824 0.4399865 0.1818254 0.0649627 -0.0658680 0.2838437 0.3910723 0.2212040 0.2444879 0.3064370 0.0592477 0.0075352 -0.0526607 0.1724671 0.4548394 0.0432304 -0.1184402 -0.0480593 0.1790877 -0.2653153 -0.0177421 -0.0512296 0.1599363 0.0771528 0.2542129 -0.0776125 0.0723695 0.3629788 0.1130283 0.0492467 0.2264705 0.2346999 0.0042185 0.1041745 0.3487763 0.4553594 0.0379564 -0.0181700 -0.1656191 -0.0695511 -0.0556994 -0.2651826 -0.3449327 -0.1540348 -0.3158833 -0.1471502 -0.1062949 -0.1612287 -0.0269944 -0.1542110 -0.0160757 0.1012457 -0.4898182 -0.5842557 -0.0657263 0.0342353 0.0183319 -0.0580648 -0.4301427 -0.0724410 0.1671019 -0.2372852 0.4175691 0.4704806 -0.0807965 -0.0018066 -0.1925618 0.2004607 0.5212593 0.0807766 0.4449832 0.4372535 -0.0855058 -0.3363283 0.0234022 0.3807913 0.0762573 0.3125443 0.3251720
0.2479164 0.4477231 0.8103988 0.0674944 0.0000000 0.0183219 0.2915196 0.2863868 -0.1869474 0.1605189 0.0787651 0.0968444 0.6055771 0.1595019 -0.1163177 0.0554249 0.0868804 -0.0416169 0.2198149 0.2527711 -0.1333696 0.2988016 0.2166017 -0.0686830 0.1329756 0.1505699 -0.2052848 -0.4133430 -0.3633206 -0.2468434 0.3361543 0.2680522 -0.3981028 -0.2659825 -0.1393258 -0.5003591 0.3550769 0.4514746 0.2894962 0.3065319 0.2685033 -0.4757172 -0.1194056 -0.6396476 -0.3412681 0.4576412 0.0111580 0.3614938 0.1429176 0.5445245 -0.1552403 0.1950250 -0.1206239 0.0905342 0.4588227 0.5067487 0.1613597 0.2952397 0.2144171 -0.0951075 0.0951584 0.0042801 0.3013384 0.3161650 0.3453193 0.2512405 -0.0476950 0.1266389 0.2654131 0.1078562 0.1100867 0.0585378 -0.0206725 0.7079684 0.2371209 0.0566217 0.5075084 0.1601778 0.1412827 0.3491404 0.3222847 -0.1656110 -0.1379725 -0.2248683 -0.3658475 -0.1987201 -0.1616151 -0.4144021 -0.3404181 -0.1809806 -0.3515629 -0.3639367 -0.2284985 -0.1444080 -0.3959939 -0.2924756 -0.3600425 -0.4745288 -0.2163950 -0.0998161 -0.0907840 -0.4004217 -0.2417024 0.0782671 -0.2850627 -0.3397787 -0.1779217 -0.3155251 -0.4522435 -0.2666020 -0.4794235 -0.0469440 -0.2562977 -0.3222592 -0.3900504 -0.3479107 -0.5011123 -0.3257521 -0.1581262 -0.4641875 -0.5098678 -0.4186643 -0.1885546 0.0449437 -0.4952336 -0.2850402 -0.4061277 -0.3083167 -0.2626112 -0.3246603 -0.4304715 -0.3343884 -0.4612235 -0.1530377 -0.2786221 -0.1335827 -0.3267077 -0.2689714 -0.3253506 -0.2398155 -0.2288341 -0.2297748 0.1746685 -0.2053696 -0.3529095 -0.2107509 -0.3351927 -0.2386851 -0.4224562 -0.2988589 -0.1165130 0.0452060 -0.2608651 -0.3496574 -0.2849301 0.0510631 -0.0538831 -0.4021906 0.1856287 -0.1410193 -0.6786196 -0.4476150 -0.0938841 -0.0894662 -0.5990749 -0.1064024 -0.0865427 -0.2912598 -0.2027544 -0.2355499 -0.3255203 -0.2111347 0.4117722 0.1678774 0.1413366 0.4074444 0.2945745 0.4956941 -0.2185066 -0.1592796 0.0990531 -0.0574110 0.0576410 -0.1187154 0.1192861 0.6042579 0.2775933 0.6141881 0.7603720 0.3206734 -0.2163002 0.3184835 0.4075261 0.1626345 -0.0999329 0.0126934 0.2042625 0.3514034 0.6432145 -0.1996568 0.0302632 -0.0191084 0.0326333 0.3198161 0.1311046 0.2367826 -0.1458273 0.0818854 -0.1236741 0.1703672 -0.0003508 0.1017719 0.2411956 -0.0158554 -0.1393268 0.1716288 -0.1125915 -0.3395474
-0.0797887 0.2672561 -0.0167455 0.7172639 0.0183219 0.0000000 0.6624726 0.5165308 0.6139504 0.4594791 0.2820426 0.6147310 0.0957008 0.4022514 0.5354201 0.2859895 0.2850108 0.0977166 0.2645103 0.1046975 0.5380993 0.0336847 0.2895163 0.3259171 0.1140514 0.2484178 -0.0342346 0.0727778 0.6116625 -0.0029673 0.1406579 -0.1157535 0.2091730 0.4893427 0.1144861 0.5738650 0.0084396 -0.1545936 0.0528018 -0.1567375 -0.1532231 0.3943358 0.1040995 0.0637990 0.2213846 -0.0568972 0.1680787 -0.3095381 0.2756596 -0.0206250 0.2304132 0.0662429 0.4278246 0.1060911 -0.3702366 -0.1465505 0.0580460 0.1409243 -0.3966815 0.1251414 0.0299313 0.1450299 -0.2654497 0.3707919 0.1760559 -0.2307586 0.2674467 0.2749772 -0.2349745 0.3572783 0.1553903 0.3998338 0.2580248 0.0689757 0.0129428 0.4206937 0.3943826 -0.1090018 0.3808662 0.3304668 -0.2585472 0.7568105 0.6314350 0.5259324 0.4466228 0.3675148 0.3295244 0.0474918 0.2576401 0.6015708 0.3214754 0.4715715 0.2086097 0.2574052 0.2443037 0.3429002 0.3787822 0.1785557 0.4574020 0.1836286 0.5543641 0.1423845 0.3341160 0.4793392 0.3792979 0.5832649 0.4968395 0.1706766 0.2952860 0.2971859 0.5281520 0.4694080 -0.0399127 -0.3300142 -0.1231373 -0.0954892 -0.2194260 0.1049654 0.0739543 0.1015746 -0.0502296 -0.1099084 0.4119141 0.0432332 0.0771932 0.1563811 0.2284704 0.4422758 0.4018139 0.5708037 0.4303741 0.1095342 0.4019247 0.3075681 -0.1910223 0.5842517 0.4941262 0.4585661 0.4085202 0.2896535 0.5452282 0.3409326 0.3093639 0.2135083 0.5047547 0.4440781 0.5429191 0.5502482 0.3499448 0.4258128 0.4359970 0.2394763 0.6128140 0.5142196 0.1835527 0.0876554 0.2507905 0.4838724 -0.0824101 0.4176031 0.2543152 0.5842328 0.3325551 0.4750854 0.1884174 0.4686797 0.6427813 0.1918142 0.2659094 0.4687881 0.3520254 0.0715904 0.2332235 0.5182377 0.5767748 0.1370210 0.1474747 -0.0386957 0.2226496 0.2928143 0.0155403 -0.0958265 -0.3284130 -0.4370404 -0.3905380 -0.1599923 -0.3585479 -0.1924538 -0.2908632 -0.1547050 0.1699245 -0.2082302 -0.3960741 0.0660025 0.1312879 0.1507623 0.0127925 -0.2075664 -0.1282414 0.3078198 0.0039303 0.6340952 0.5819289 0.0308890 -0.0750888 0.0138234 0.3160029 0.6657643 0.1305218 0.7688868 0.6326682 0.2664617 -0.1964174 0.5869162 0.6422616 0.1106088 0.5664939 0.4912779
0.0952221 0.2872731 0.2165107 0.3484428 0.2915196 0.6624726 0.0000000 0.3014015 0.6061986 0.0129952 -0.0529272 0.7705790 -0.1311404 -0.0415837 0.6158108 -0.0745967 -0.1922327 0.1153075 -0.0022575 -0.1125049 0.6072553 -0.3073767 -0.0857988 0.2683832 -0.1918241 -0.0472704 -0.4202367 -0.0459567 0.4289052 -0.2429544 -0.1555366 -0.2685850 0.2877585 0.2408592 -0.3314748 0.1869222 -0.1396685 -0.3628289 -0.0749361 0.1598658 -0.4312336 -0.0806609 -0.2951094 0.1014415 -0.2234397 -0.1735012 -0.1463404 -0.5056983 0.2553495 -0.1441610 -0.1099108 -0.1369217 0.0811170 0.0197793 -0.4879100 -0.3312950 -0.1893560 0.0936544 -0.5376241 -0.1066173 -0.2425465 -0.1208700 -0.5815762 0.2815033 0.1938409 -0.5613096 0.0223994 0.0577224 -0.5013799 0.1479309 -0.1588504 0.0504162 -0.0043594 0.3103887 -0.1119451 0.2231110 0.4331661 -0.4010384 0.2056924 0.4333615 -0.2663090 0.5169749 0.5141447 0.3513594 0.1497981 0.3261846 0.3773605 -0.3376068 0.2388747 0.4192383 0.2545098 0.2278667 0.1987931 -0.1472187 0.2969118 0.3285884 0.0669743 0.3001188 0.4025176 -0.2034473 0.3570234 0.3177013 0.3582556 0.2580941 0.1537745 0.4974813 0.4867642 0.1749435 0.2428427 0.3927196 0.3433253 0.4799959 0.0621373 -0.0950934 0.0553054 0.1866737 -0.0313986 0.2871400 0.4364331 0.0751071 -0.1025869 -0.0362874 0.3955476 0.0860827 -0.0059490 0.2926745 0.3052763 0.1948056 0.4699610 0.5154820 0.3301264 0.1762085 0.3599637 0.2254726 0.0169084 0.4199000 0.3868851 0.4368922 0.3472435 0.3909713 0.2409891 0.3660411 0.2511773 0.4594632 0.3456987 0.4989894 0.3684744 0.2828491 -0.0463385 0.4876286 0.5178904 0.5469011 0.5170383 0.1241886 -0.0671802 0.4331365 0.2565049 0.2384136 0.0304830 0.2898062 -0.0459295 0.3524192 0.5793874 0.3935184 -0.0536212 0.5037054 0.5397008 0.0014627 0.2791982 0.2615848 -0.0032207 -0.1270400 0.2253939 0.2151267 0.5774308 0.6319677 0.5649792 0.3750452 0.4002540 0.3544706 0.1767690 -0.0071985 -0.5864095 -0.6401868 -0.6019449 0.0729835 -0.4057195 -0.1397781 -0.0644297 0.1781700 0.2668671 0.1440285 -0.0116766 0.3843130 0.3645771 0.4482537 0.3021219 0.0122475 -0.1185824 0.4001075 -0.1324440 0.3917694 0.1501010 0.1251825 -0.1428361 -0.2538820 0.4733890 0.3586523 0.0174696 0.5163622 0.4380148 0.5959587 -0.2706913 0.3321855 0.7603969 0.0718096 0.3378147 0.1254749
-0.3236074 0.0769149 0.3648658 0.6985983 0.2863868 0.5165308 0.3014015 0.0000000 -0.1287549 0.8490856 0.8248093 0.6351418 0.5273137 0.1568884 0.0351556 0.7819967 0.7177354 -0.3652463 0.8367674 0.1878191 0.5394932 0.3776340 0.6527873 0.1531791 0.4394887 0.8011166 0.1258423 -0.4588811 0.3349932 -0.2189754 0.3410660 -0.0233179 -0.1404836 0.3697149 0.6776339 0.2671760 0.4861865 0.2662753 0.3416291 0.0513870 -0.0714827 0.2363051 0.6453749 -0.3347212 0.4974698 0.4843252 0.6576875 -0.0775268 0.6158211 0.3971926 0.7095732 0.6244486 0.8382831 0.4465318 0.0026832 0.3585105 0.6642200 0.6300710 -0.3184406 0.7153944 0.4082950 0.7420885 -0.0188668 0.8852763 0.7372232 0.3924283 0.7564701 0.7667972 0.2388400 0.8000460 0.7304432 0.8256980 0.7721816 0.5877731 0.5729926 0.7659973 0.7609324 0.2539015 0.7469726 0.3634007 0.1234895 0.4934927 0.5488330 0.4320153 0.3429986 0.3430365 0.0483801 -0.1768012 0.1911565 0.3657757 0.0233032 0.2271494 0.3219820 -0.0268462 -0.1672581 -0.2572610 0.1590368 0.0336660 0.0532874 0.0543028 0.3276111 0.0833535 0.4553042 0.1249461 0.0020473 -0.1133207 0.3738834 0.1730785 -0.1260327 0.2336720 -0.1792251 0.6355069 0.1185892 -0.2821516 -0.1446012 0.0349566 -0.2887478 0.1078060 0.1695807 0.0837839 -0.1490516 -0.4468592 0.4568564 -0.0185532 -0.0437147 0.2589324 -0.1558408 0.4344663 0.3554385 0.1203654 0.1732114 0.1392582 0.1254305 -0.2870578 -0.1671271 0.6348516 0.2024368 0.3476076 0.2375359 0.3381014 0.4150786 0.3842382 0.4590186 0.3111288 0.2360914 0.5964527 0.3300091 0.3730013 0.1898882 0.2523791 0.4082859 0.3836759 0.3717983 0.5229566 0.0580286 0.3800527 0.2155682 0.1395506 0.0357454 0.3823309 -0.1757053 0.3014200 0.3134359 0.5433440 -0.2165707 0.4564116 0.5474590 0.1586435 0.2212823 0.4827023 0.1530114 -0.0169788 0.3705097 0.6155967 0.3252092 0.3332959 0.4260698 -0.0580499 -0.0177393 -0.1036308 -0.3935952 -0.4391403 -0.2702647 -0.5664647 -0.4081961 0.0808276 -0.3997622 -0.1986056 0.0697660 0.3506223 0.4065732 0.0979319 -0.1148825 0.4491406 0.3696776 0.4124139 0.2861995 -0.0604589 0.3541763 0.3628646 0.1044866 0.3475461 0.6154042 0.4398721 -0.4593502 0.0412109 0.1898554 0.5347965 0.2683561 0.5271586 0.6542201 0.2963803 -0.4814042 0.0043029 0.3856764 0.0420435 0.3304487 0.3530328
-0.1411648 0.0302847 -0.4178715 0.1832239 -0.1869474 0.6139504 0.6061986 -0.1287549 0.0000000 -0.1395602 -0.3113298 0.5237299 -0.5353472 0.2706996 0.6256302 -0.2627386 -0.3123777 0.3330967 -0.3526525 -0.2522124 0.4881439 -0.5631717 -0.2802257 0.1091813 -0.4474105 -0.3636597 -0.3926429 0.3027120 0.3842307 -0.0891687 -0.4167256 -0.5150333 0.3186363 0.1938060 -0.4765382 0.3471448 -0.5573236 -0.6272494 -0.3177001 -0.1918400 -0.5245099 0.1181515 -0.4200410 0.3809676 -0.1174243 -0.6253221 -0.3736220 -0.6060839 -0.0934495 -0.5984841 -0.3021097 -0.4999959 -0.0792575 -0.2099538 -0.7030315 -0.6660601 -0.4593850 -0.2155729 -0.4125560 -0.3413372 -0.2971288 -0.3439745 -0.6111395 -0.0738372 -0.1382327 -0.6739761 -0.2340047 -0.2069403 -0.7291547 -0.1110234 -0.4364000 -0.0685522 -0.2236089 -0.1777832 -0.6758728 -0.0152518 0.1066393 -0.7155694 -0.2329212 0.0061781 -0.7040157 0.5088000 0.4068362 0.2694745 0.1274396 0.1586702 0.3420809 -0.0821747 0.1276946 0.3153552 0.2387592 0.1003333 0.0427045 -0.0461578 0.1370700 0.3251113 0.0388556 0.2337472 0.1971142 -0.0848853 0.1999383 0.1620608 0.1338056 0.2825197 0.1101068 0.5707377 0.3033283 0.1119546 0.3269960 0.2832645 0.5436023 0.2574698 0.0095457 -0.1796165 0.0885680 0.0631816 0.0032925 0.2539569 0.2614692 0.0199383 -0.0553382 0.1151767 0.1878691 0.2380687 -0.0011958 0.0987572 0.2746727 0.2077006 0.2876752 0.5124329 0.2206957 0.0347153 0.2792794 0.4882127 -0.1148480 0.1710228 0.3175989 0.3044388 0.1276502 0.2354471 -0.0222917 0.1333825 -0.0138978 0.3055934 0.2589637 0.2183377 0.1708243 0.0701025 -0.0004035 0.3314629 0.2896580 0.2323418 0.3040965 -0.0134809 0.1289730 0.1527925 0.0339074 0.1480379 -0.1682330 0.2049727 0.2664974 0.3558137 0.3439210 0.1285365 0.0752093 0.2988092 0.3348166 -0.1005084 0.0783848 0.1291750 0.0357302 -0.1363065 -0.0316713 0.0725309 0.4184703 0.1443240 0.1878332 0.1376418 0.4175858 0.4606505 0.3413484 0.1679278 -0.2955985 -0.2961503 -0.3926204 -0.3419737 -0.3892980 -0.3261952 -0.4213006 -0.1642885 0.0709542 -0.1310961 -0.3169617 0.1177606 0.1237292 0.2250103 0.0100040 -0.1879342 -0.5180927 0.2212773 -0.2757955 0.3733581 0.0473775 -0.2919274 -0.1589589 -0.3835121 0.2439601 0.2334129 -0.2392243 0.4063050 0.2349780 0.3595305 -0.2729377 0.3918166 0.5307087 -0.1390870 0.2769319 0.2246113
-0.2324231 0.0785877 0.2051320 0.6859211 0.1605189 0.4594791 0.0129952 0.8490856 -0.1395602 0.0000000 0.7635115 0.3646399 0.5598460 0.4963333 -0.2070093 0.7314087 0.8635962 -0.3405634 0.7167498 0.3022487 0.2751383 0.5598212 0.6651750 0.0903046 0.5689628 0.7207818 0.3610104 -0.3197238 0.3033372 -0.0167209 0.4848584 0.1398626 -0.2195877 0.2946827 0.7146825 0.2783360 0.4772863 0.4277773 0.5161084 0.0176393 0.1067391 0.3159680 0.7299761 -0.2868313 0.5071241 0.5030150 0.6631682 0.1232316 0.4407852 0.3771664 0.6691730 0.6772941 0.7835588 0.3950753 0.1833864 0.4274721 0.6883807 0.5328539 -0.0753388 0.6485508 0.4135072 0.6748261 0.2201552 0.6750653 0.5990826 0.5881343 0.6797680 0.6892295 0.4162005 0.6685851 0.7529624 0.7790501 0.7022618 0.3421624 0.4309840 0.6252996 0.5377453 0.3122854 0.5555424 0.1408830 0.0650185 0.3417244 0.4150148 0.3307301 0.3080539 0.2495387 0.0990502 -0.0304999 0.0782447 0.1972853 0.0324006 0.2561637 0.2378979 0.0800610 -0.2496547 -0.1562966 0.2391473 -0.1118600 0.0087838 0.2028752 0.2540889 -0.0249300 0.2424971 0.1012476 0.1005422 -0.1115142 0.1620010 0.1591310 -0.0477449 0.0993908 -0.1291202 0.3454488 0.1945881 -0.2297521 -0.1499599 -0.0427884 -0.2296439 0.0145289 -0.0420310 0.0858858 -0.0463339 -0.3154985 0.3326373 -0.0278696 -0.0170392 0.0076460 -0.2115122 0.5078458 0.1470363 -0.0203198 0.1123935 0.0079996 0.0084275 -0.3083211 -0.3543551 0.5250211 0.0943529 0.2027404 0.1613927 0.1526831 0.3129434 0.2046944 0.5110482 0.0764149 0.1741799 0.3040666 0.2113774 0.2518889 0.4073560 0.0413640 0.1779866 0.1316339 0.1604126 0.5721086 0.0621473 0.1175894 0.2189959 0.0209638 0.0928066 0.3263617 -0.1362227 0.2948082 0.0356606 0.4617766 -0.1116579 0.2757562 0.3993411 0.2610208 0.2340014 0.5385328 0.2997664 0.1856474 0.2827719 0.5749761 0.1382953 -0.0583241 0.0632157 -0.2823961 -0.2873881 -0.3120850 -0.4917076 -0.5324053 -0.0085264 -0.3293776 -0.0595668 -0.0497914 -0.1968274 -0.1271599 0.0664122 0.1761609 0.2251230 -0.1000293 -0.2940679 0.1692651 0.1004454 0.0857635 -0.0115819 -0.2024505 0.2993773 0.0941416 0.2184683 0.3032501 0.5220654 0.1856314 -0.3528762 0.1674762 -0.0382360 0.5474986 0.3187155 0.4692451 0.4072302 -0.0305337 -0.3300020 0.0405986 0.1288768 0.0727967 0.3034645 0.4511660
-0.5206854 0.0463159 0.1713172 0.5955509 0.0787651 0.2820426 -0.0529272 0.8248093 -0.3113298 0.7635115 0.0000000 0.3833548 0.4785530 0.0809039 -0.0250577 0.8644199 0.8024370 -0.3156550 0.8950348 0.3312429 0.4468444 0.3955130 0.6756977 0.0435476 0.5166173 0.8815931 0.2943891 -0.4149359 0.2067389 -0.0079613 0.4671806 0.0164397 -0.1576593 0.3327374 0.7939768 0.4122196 0.5183656 0.2952811 0.4751356 -0.1917904 0.0838763 0.4488508 0.8297279 -0.3183274 0.7143792 0.5114312 0.7482770 -0.0109581 0.5143301 0.3568658 0.8847772 0.6964681 0.8433198 0.4061461 -0.0064715 0.3900289 0.7239809 0.5811176 -0.1471218 0.8515646 0.5483360 0.8749506 0.0482318 0.8530495 0.5819207 0.5412332 0.8856763 0.8765279 0.2907645 0.8861408 0.8369928 0.8305160 0.9217313 0.3289154 0.5760502 0.8649907 0.4249253 0.3773016 0.8313065 0.3052920 0.1620946 0.3790408 0.4469851 0.4685585 0.3475261 0.3802059 -0.0067162 0.0490218 0.2723441 0.3727129 0.0257583 0.1594982 0.2797491 0.0212755 -0.1015347 -0.4157541 0.2540935 0.0584228 0.0671091 0.1035364 0.1758433 0.0461801 0.5170178 0.0013092 -0.0196802 -0.2171431 0.2988428 0.2500653 -0.1647961 0.1949854 -0.1413941 0.5302718 0.2405482 -0.1049639 0.0831533 0.2305664 -0.0600418 0.2155133 0.2431358 0.2694639 0.0747522 -0.1779895 0.2268895 0.1454381 0.1492264 0.3368259 -0.0969089 0.1515479 0.3661019 0.1173767 0.2345013 0.0615309 0.2558578 -0.1761695 -0.0305406 0.3011659 0.2368004 0.3727802 0.2586698 0.2962497 0.3392285 0.3652585 0.1359857 0.2218245 0.2752979 0.4588200 0.2763519 0.3490161 0.1089436 0.1059845 0.1620874 0.1978738 0.2145653 0.5148105 0.0998307 0.2496050 -0.0602540 0.1147431 -0.1561407 0.1795114 -0.0864550 0.1638416 0.2459945 0.2061004 -0.1493709 0.2859516 0.3496027 0.1041307 0.0121720 0.2588340 0.0942858 -0.0964201 0.1929364 0.4743357 0.3627503 0.1345403 0.2605487 -0.1277817 0.0232791 0.0125752 -0.3302524 -0.2922475 -0.0302175 -0.3359431 -0.2310643 -0.0423433 -0.2744760 -0.2644471 -0.1419596 0.1334335 0.4599343 -0.0657766 -0.1536066 0.3915794 0.3921241 0.3710687 0.2800544 -0.0957759 0.2771590 0.3646835 -0.0034343 0.2789972 0.6012283 0.4814188 -0.2729851 0.0164154 0.2770884 0.3105643 0.2441538 0.2962583 0.5812494 0.2043174 -0.4379309 -0.0134827 0.1407590 -0.1868402 0.1593968 0.2984912
-0.3986448 0.0440233 0.0169657 0.5227020 0.0968444 0.6147310 0.7705790 0.6351418 0.5237299 0.3646399 0.3833548 0.0000000 -0.1426924 -0.0057496 0.5580150 0.3185582 0.1573087 -0.0570626 0.3464921 -0.2090774 0.8966078 -0.3142964 0.1656213 0.2194893 -0.1220373 0.3445599 -0.3123517 -0.1997777 0.4962497 -0.3108610 -0.2330584 -0.5341617 0.2610314 0.4066262 0.0933615 0.3165168 -0.0327725 -0.4079686 -0.0403560 -0.0079339 -0.6385444 0.1048745 0.1237813 0.0933095 0.2451457 -0.1334324 0.1814729 -0.6706763 0.4732419 -0.2099422 0.3153437 0.0865642 0.5617405 0.1764815 -0.6389427 -0.3257784 0.1356191 0.3568885 -0.6760393 0.3460162 0.0614407 0.3533298 -0.6773040 0.6946749 0.5545948 -0.3166607 0.4485582 0.4640424 -0.4915435 0.5691292 0.1922301 0.5051274 0.4598574 0.4366032 -0.0067222 0.6125917 0.6928783 -0.4034877 0.4560765 0.3503041 -0.3639769 0.6378071 0.6699931 0.4644344 0.2410549 0.3785188 0.2736619 -0.3953709 0.3064210 0.4350036 0.1497348 0.1217512 0.2825681 -0.3308702 0.0161951 -0.0643307 0.0174103 0.3125607 0.1173747 -0.2659590 0.2454931 0.2951081 0.5445299 0.0730820 -0.0761555 0.1835485 0.5214160 0.2420351 0.1002971 0.4570585 0.1044580 0.7518926 0.1769754 -0.2273274 0.0737332 0.3049212 -0.0819520 0.3933274 0.5738301 0.1463234 -0.1482486 -0.2429405 0.5290641 0.1606552 -0.0384252 0.4726859 0.0888186 0.3623415 0.6118400 0.4137795 0.2776931 0.2858182 0.3515530 0.0186254 0.0381446 0.5592181 0.3718446 0.5707825 0.3157926 0.5719335 0.2022946 0.5086321 0.2837356 0.6850123 0.3482321 0.7788862 0.3496001 0.2557882 -0.0708911 0.5336405 0.5933111 0.6874810 0.4996722 0.2698522 0.0791773 0.6736782 0.1364722 0.1440388 -0.1045610 0.3615293 -0.0545335 0.3778722 0.6893807 0.4750031 -0.2089402 0.6347835 0.6085354 -0.0668319 0.2218674 0.3510744 -0.0781208 -0.2897941 0.1699188 0.3450676 0.6177004 0.5936543 0.7013102 0.1655056 0.4377676 0.3123677 -0.0414513 -0.1661112 -0.5808728 -0.7722679 -0.7758181 -0.1287531 -0.7238132 -0.5008881 -0.2436455 0.3428741 0.5488237 0.1457526 -0.1660669 0.6784469 0.6182035 0.7281378 0.4208632 -0.1483475 -0.1183703 0.5778097 -0.1715089 0.3855024 0.2895101 0.2323018 -0.5903871 -0.4437614 0.4734574 0.4127484 0.0756488 0.5395708 0.6152291 0.6843907 -0.7078103 0.0727479 0.7939163 -0.0983535 0.3684739 0.3000014
0.2414037 0.5271400 0.7213487 0.4805735 0.6055771 0.0957008 -0.1311404 0.5273137 -0.5353472 0.5598460 0.4785530 -0.1426924 0.0000000 0.2250433 -0.3671463 0.3291307 0.5962009 -0.1483807 0.5084474 0.6502342 -0.2743865 0.6812529 0.5791483 0.0600756 0.5007937 0.4572284 0.3387761 -0.4486654 -0.2080057 -0.0431224 0.7801387 0.6468279 -0.4637544 -0.0085163 0.4152907 -0.1514250 0.4751757 0.8192662 0.4994641 0.1461280 0.7113853 -0.0150233 0.4141993 -0.6411085 0.0638958 0.6934588 0.2857279 0.7217379 0.2551791 0.7952148 0.2722133 0.5596395 0.3169356 0.2690559 0.7289347 0.7984519 0.4137213 0.3777568 0.4292472 0.2531453 0.3515780 0.2836216 0.7500795 0.4105092 0.3661293 0.6526597 0.2490654 0.2546197 0.8239331 0.2453791 0.4677819 0.4692912 0.2845376 0.4607270 0.4532889 0.1859430 0.3277271 0.4623555 0.3414099 0.2726821 0.3441391 -0.1086881 -0.0613771 0.0744905 0.1341234 0.1358901 0.0963220 0.1802110 0.0503053 0.0422976 0.0139957 0.1120906 0.0426489 0.3346145 -0.1292751 -0.1041749 -0.0069619 -0.3541973 0.0465503 0.4383606 0.1077758 -0.1759859 -0.0433258 0.1519534 0.0591262 -0.2152230 0.0558275 -0.0797404 -0.1170399 -0.1724926 -0.3702292 -0.0641893 -0.1256833 -0.2277797 -0.3314203 -0.3731201 -0.3514547 -0.3723187 -0.4016766 -0.2123389 -0.1765320 -0.3163803 -0.2118532 -0.1240642 -0.1627422 -0.3186790 -0.4012800 -0.1035547 -0.3172404 -0.2627616 -0.2222626 -0.3088131 -0.2961245 -0.1304135 -0.3687493 -0.0172075 -0.1916640 -0.2602490 -0.1914781 -0.3637106 0.1627829 -0.1882605 0.1086429 -0.4880271 -0.1511279 -0.2369380 -0.1578084 -0.0090612 0.1399057 -0.3831239 -0.3001270 -0.3928218 -0.2791780 0.0747896 -0.2087999 -0.3854165 -0.0706030 -0.1531558 0.1089192 -0.2383614 -0.4035977 -0.3368145 -0.3678650 -0.0688527 -0.3481149 -0.3535974 -0.0881607 0.1109858 -0.1220013 -0.0775695 0.1462228 0.1939622 0.2499930 0.2183754 -0.0595659 0.0645110 -0.0963958 0.1138867 -0.4286224 -0.3708455 -0.1632774 -0.2266792 0.3756493 0.1646440 0.4410847 0.5166356 0.5229252 0.6359834 0.6147282 0.1933626 -0.2211743 -0.0530643 0.0924548 -0.1995422 -0.2711810 -0.2958086 -0.0035788 0.1817505 0.6358832 -0.2374661 0.0616907 -0.0631698 0.3674358 0.1688353 0.3038498 0.3502901 -0.2033694 0.2184726 0.0187993 0.0165005 0.0713811 -0.3588071 0.2561634 -0.0953311 -0.3664946 0.2188384 -0.1804458 -0.1560983
-0.0782287 0.1291497 -0.0757574 0.3918959 0.1595019 0.4022514 -0.0415837 0.1568884 0.2706996 0.4963333 0.0809039 -0.0057496 0.2250433 0.0000000 -0.0110691 0.1229605 0.5034933 0.2568052 0.0352525 0.0647566 -0.0636669 0.1990148 0.4530553 0.3055925 0.1816793 0.1131520 0.3829134 0.3524184 0.3426523 0.4045241 0.2263082 0.1922425 0.1272538 0.3355186 0.0423067 0.1182241 0.1724124 0.2528908 0.4435063 0.0313207 0.2320928 0.1181271 0.1207186 -0.0556889 0.0984322 0.0877265 0.1040163 0.2274072 -0.0706818 0.1832427 -0.0520080 0.0748827 0.1685164 -0.0773428 0.1756831 0.1716928 0.1196169 0.0220731 0.1843733 -0.1198728 0.0285678 -0.0102941 0.2780396 0.0330626 0.0402512 0.2082625 0.0175701 0.2280575 0.1172788 0.1471147 0.1758750 0.1224806 0.1338154 -0.1375228 -0.1318511 0.1331384 0.1127553 0.0695883 0.0448601 -0.2193340 -0.1105778 0.1466095 0.1094654 0.0668575 0.0612199 -0.1143757 0.0772240 0.1474476 -0.2201787 -0.0096449 0.0965103 0.1459147 -0.0965733 0.2271043 -0.2201441 0.0360792 0.2214823 -0.3356599 -0.0273971 0.1895941 0.1215776 -0.3536503 -0.2709974 0.2053563 0.2493604 0.0595801 -0.1891798 -0.1070665 0.0761917 -0.1781825 0.1555955 -0.2081215 -0.1666001 -0.3090997 -0.3436176 -0.4163772 -0.2719411 -0.2433098 -0.3668998 -0.2107187 -0.1396155 -0.0544002 -0.0203547 -0.0998626 -0.2142204 -0.4401034 -0.1871098 0.1693775 -0.3001596 -0.1298924 -0.1585628 -0.1706726 -0.1873845 -0.0236179 -0.3199418 0.1014934 -0.1810260 -0.2126500 -0.1425892 -0.2926241 0.0634894 -0.2540880 0.1876717 -0.2906964 -0.0865841 -0.2124463 -0.1204647 -0.0315024 0.2204932 -0.2672655 -0.1551867 -0.2179286 -0.1195769 0.1139185 0.1937716 -0.2851520 0.0251402 -0.1246999 -0.0824092 0.1537666 -0.1025742 0.0692568 -0.3257248 0.0950014 0.0260131 -0.0699500 -0.0037316 -0.0986671 -0.0912259 0.1800426 0.0704558 0.0254940 0.1079895 0.2909839 0.1112764 -0.5028960 -0.4262377 -0.3298625 -0.3902379 -0.2647336 -0.2785781 -0.3384796 0.1369588 0.0069002 0.2564865 -0.1582768 0.0581733 0.0945907 -0.0583568 -0.3689959 -0.3263394 -0.4956779 -0.5396930 -0.3867414 -0.4570070 -0.4556448 -0.4401149 -0.3996698 -0.0823248 -0.3656678 0.0351668 0.4636628 0.0641837 -0.3554221 0.0768078 0.2099258 -0.2942475 0.1671392 -0.1291611 0.4750914 -0.1129302 -0.4293466 0.0332257 0.1976811 -0.0457990 -0.0482185 0.2192731 0.2465223
-0.2197983 0.1900783 -0.3205252 0.3530762 -0.1163177 0.5354201 0.6158108 0.0351556 0.6256302 -0.2070093 -0.0250577 0.5580150 -0.3671463 -0.0110691 0.0000000 -0.2032959 -0.1496231 0.5408696 -0.1356165 -0.1952023 0.5127407 -0.5799149 0.0343949 0.5959842 -0.4317865 -0.0308248 -0.0632763 0.4354654 0.4636072 0.2413251 -0.3119864 -0.4273070 0.6437515 0.5348101 -0.3497968 0.2444831 -0.2314443 -0.6457599 -0.3137279 -0.2191416 -0.3964677 0.1031208 -0.3516801 0.2038356 0.0939662 -0.4947726 -0.3098147 -0.5852968 -0.0675324 -0.3252543 -0.1609164 -0.4286315 0.1043482 -0.3744591 -0.6939116 -0.5772136 -0.4421428 -0.2549192 -0.4968522 -0.2343211 -0.2083830 -0.1706689 -0.5576505 0.1525645 -0.0327561 -0.7375310 -0.0694193 0.0518976 -0.6829005 0.1125210 -0.3715582 -0.0451306 0.0044875 -0.0897102 -0.2635070 0.1705710 0.1149727 -0.4451828 0.1752682 0.1173622 -0.3313331 0.4788745 0.2725348 0.2129168 0.1108961 0.0706197 0.2286383 -0.0108452 0.2200922 0.3223738 0.1816146 0.1515822 -0.1225824 -0.0564162 0.2656485 0.2221346 0.1241504 0.1474946 0.1949214 -0.1427344 0.0591361 -0.0188313 0.1443951 0.0388285 0.1286208 0.3645145 0.3345377 -0.1067357 0.2026994 0.1849523 0.3735933 0.3073643 -0.3170574 -0.3481351 -0.1580653 -0.0302124 -0.1463663 0.0137750 0.1795117 -0.0730117 -0.1799929 -0.0774155 0.1359807 0.0255257 -0.0863517 0.2761616 0.1299575 -0.0588097 0.3446973 0.4016870 0.1716454 0.3341385 0.3367182 0.4051667 0.3281325 0.1691351 0.3133243 0.3530137 0.2454182 0.1613843 0.2215753 0.2083822 -0.2881100 0.2991176 0.2958179 0.4600988 0.2736416 0.2200736 -0.2861737 0.3346345 0.1796278 0.2588428 0.3818432 0.0639615 0.3427011 0.2201102 -0.2628013 0.3591888 -0.5343139 -0.0413007 0.2458887 0.1335442 0.4518387 0.0018948 0.1835573 0.2936375 0.2779106 -0.3593852 -0.2011479 -0.1452088 -0.1604779 -0.4649786 -0.0763326 0.0082889 0.7593023 0.1652176 0.1453866 0.1427806 0.4966765 0.5616270 0.2957379 0.2431731 -0.5084706 -0.3186868 -0.5095928 -0.1246991 -0.4265503 -0.2119064 -0.4854749 -0.2776106 0.0717621 -0.2949656 -0.3853241 0.0830687 0.1885902 0.2589273 0.0494476 -0.3002753 -0.4957837 0.2974929 -0.2686399 0.4693679 0.2011463 -0.0207310 0.0703167 -0.4285588 0.3994910 0.2241943 -0.0468570 0.4570205 0.4234182 0.3279808 -0.2202400 0.2896244 0.6567274 0.0280569 0.5091865 0.2637524
-0.5451948 -0.2697166 0.1658951 0.3311023 0.0554249 0.2859895 -0.0745967 0.7819967 -0.2627386 0.7314087 0.8644199 0.3185582 0.3291307 0.1229605 -0.2032959 0.0000000 0.6744942 -0.5443462 0.9275240 0.1058474 0.4451042 0.4828685 0.5097383 -0.1859571 0.6205311 0.8128126 0.0795288 -0.4303064 0.2118546 -0.1686978 0.3599018 -0.0452735 -0.2477960 0.2140958 0.8305883 0.4495582 0.5592893 0.2746217 0.3767160 -0.1438762 -0.0239161 0.4558366 0.8163142 -0.1961542 0.6912181 0.5309089 0.8856696 -0.0761323 0.5615181 0.2943038 0.8887305 0.6905874 0.7348613 0.5600829 0.0014456 0.3923646 0.8156618 0.6523845 -0.1877796 0.8610195 0.5621789 0.8881484 -0.0292744 0.7308409 0.5510113 0.5595910 0.8532043 0.8636433 0.2079257 0.8395336 0.8633560 0.7226801 0.8317693 0.3518577 0.6654098 0.8198924 0.4497885 0.5011302 0.7502621 0.3235413 0.2725712 0.4509553 0.4865725 0.4074641 0.2660258 0.2715367 -0.2949601 -0.0651904 0.0628120 0.3572233 -0.0748691 0.1348062 0.3529023 0.0201315 -0.1897698 -0.4331715 0.3551040 0.1093337 0.0453213 -0.0027156 0.3339127 0.0285450 0.4908942 0.1778146 0.0386053 -0.1830434 0.1900247 0.2552837 -0.2814060 0.1637467 -0.0496667 0.5478996 0.2940098 -0.0431427 0.1196878 0.2070454 -0.0929818 0.2938259 0.2519048 0.3152163 0.0707131 -0.1888849 0.4179192 0.1726964 0.1981602 0.3884191 0.0130430 0.3398628 0.4528130 0.1447006 0.3417091 0.0932676 0.2149048 -0.2265483 -0.0352107 0.4630990 0.3140387 0.4325961 0.3454770 0.4761726 0.4051593 0.4602898 0.4319630 0.3753338 0.3333749 0.4650088 0.4311171 0.5133127 0.2369055 0.2782820 0.4518083 0.3969663 0.4399770 0.5929868 0.0816087 0.3943546 0.2728295 0.2396459 0.1396051 0.5528267 0.0088765 0.4415955 0.2953635 0.4495944 -0.0144415 0.5229532 0.4722365 0.2784962 0.2607501 0.5262116 0.2167054 0.0853851 0.3453149 0.6580942 0.1748614 0.0863007 0.3297392 -0.1657733 0.0745794 0.0379154 -0.3318945 -0.2775435 -0.0874101 -0.3965558 -0.3304364 -0.0821457 -0.3847783 -0.3813822 -0.1294016 0.1278129 0.5235094 0.1614038 0.0111038 0.4690951 0.4323282 0.4078980 0.2860353 0.0342235 0.3530836 0.4239721 0.2353742 0.3640416 0.6128421 0.5930216 -0.4290731 0.2630954 0.2507821 0.3212653 0.3242176 0.4453784 0.6093220 0.3286203 -0.4038815 0.1350188 0.1315138 -0.2127647 0.2110634 0.3441168
-0.3297578 0.0675111 0.1098594 0.6628332 0.0868804 0.2850108 -0.1922327 0.7177354 -0.3123777 0.8635962 0.8024370 0.1573087 0.5962009 0.5034933 -0.1496231 0.6744942 0.0000000 -0.0552680 0.6928546 0.3562547 0.1425908 0.4794557 0.8508452 0.3325135 0.5627128 0.6974921 0.6889659 -0.0733272 0.3629733 0.3513425 0.5289150 0.2380476 -0.1164066 0.4698716 0.6637322 0.2952993 0.4780736 0.4365652 0.6721642 -0.0733420 0.2696575 0.4383584 0.6827048 -0.4064742 0.6285586 0.4435953 0.5614974 0.2274379 0.1894548 0.4155543 0.5946809 0.5462134 0.7573504 0.1152002 0.2198365 0.4270855 0.5900393 0.2897399 0.1253884 0.5471944 0.4477991 0.5801012 0.3683640 0.5992508 0.5052899 0.6021708 0.6106964 0.7428910 0.4568472 0.6498627 0.7272292 0.6775829 0.7630436 0.1462122 0.4404819 0.6260629 0.3192805 0.3684008 0.5768069 0.0006817 0.0656432 0.1778502 0.2712174 0.3041938 0.3586221 0.2260798 0.0775047 0.2574717 0.0666424 0.1322841 0.1167980 0.3185669 0.2312919 0.2393489 -0.1602394 -0.1931152 0.3003831 -0.1401184 0.0791978 0.2710823 0.0794404 -0.0602186 0.2485185 -0.0775447 0.1842106 -0.1362158 0.1256572 0.1352799 -0.0685335 0.0226391 -0.0713633 0.1661264 0.0989310 -0.0947489 -0.1123247 -0.0382191 -0.0932723 -0.0265278 -0.1232491 0.0272963 0.0543542 -0.1271968 0.0776183 -0.1771189 -0.0193400 -0.1400912 -0.1633243 0.2280185 -0.0711019 -0.0722838 0.0257663 0.0896340 0.0145534 -0.3079158 -0.2116370 0.3115782 -0.0810648 -0.0338573 0.0053788 -0.1366245 0.3143085 -0.0485411 0.1268555 -0.1433060 -0.0044802 0.1653826 0.0411080 0.1560427 0.2619488 -0.2410720 -0.1088755 -0.1230148 -0.0023582 0.5032280 0.2457190 -0.1103157 -0.0962603 0.0097399 -0.2477357 0.1334344 -0.0092369 0.1024609 -0.1779460 0.1840868 0.0393656 0.0706042 0.2071490 0.0786277 -0.0662025 0.3136772 0.2501168 0.0607490 0.1023479 0.3315612 0.1133870 -0.2406875 -0.1757679 -0.4370385 -0.4204086 -0.3874394 -0.6013448 -0.5728918 0.1127215 -0.1486518 0.1018594 -0.0038465 -0.0498096 -0.0527580 -0.0959184 -0.1198004 -0.0026410 -0.3684902 -0.4663544 -0.0717946 -0.1417328 -0.1444188 -0.2212898 -0.3440716 0.1095456 -0.1221721 0.0137517 0.4418432 0.5132763 0.0485546 -0.1439139 0.0689309 -0.1504045 0.1938117 0.1166805 0.3523683 0.3108052 -0.2832258 -0.3312066 -0.0327375 0.0378405 -0.1928623 0.2085312 0.4332781
