0.0000000 0.8696578 0.1427975 0.3787705 -0.1972080 -0.0441310 0.1660935 0.0996104 -0.1491714 0.4593043 0.4302188 0.2253143 -0.1658915 0.3523383 -0.0598988 0.2303137 0.3905738 -0.1045638 -0.1712096 0.0589933 0.5460748 -0.3818443 0.4926699 -0.1195662 -0.1875634 0.1570953 0.3918731 0.0807797 -0.2624069 0.2845264 0.2368227 0.1253319 0.0109253 -0.1443532 0.4898772 0.4004282 0.4869674 -0.2170279 0.3173591 -0.2824527 -0.0820812 -0.4415600 0.3074417 -0.1337961 -0.2517716 0.2157965 0.3832492 -0.2048877 0.0703195 -0.3262666 0.3332031 -0.0785357 0.2287684 -0.5048113 -0.1188973 0.1966977 0.3403112 -0.1341794 0.0645507 0.2859652 0.0985331 -0.1312742 0.4064387 0.1354356 0.1987366 0.3119899 0.3855103 -0.1843509 0.0987129 0.3301974 0.3978122 0.4960323 -0.1384469 0.1853813 0.3220932 0.1709606 0.2758600 0.5491270 0.1387426 0.3071324 0.4669962 0.2289095 0.4635165 0.5372528 0.5095355 0.5306058 0.3743304 -0.0577642 0.3414688 0.3294838 0.3879623 -0.0076312 0.1358611 -0.1457139 0.1834955 0.1706110 0.0292749 0.4253498 0.0135532 0.1918180 0.0353841 0.5933103 0.4396974 0.0408892 0.2020331 -0.2774780 0.5259045 0.1320916 0.6142900 0.2994753 0.0876033 0.5256253 0.0386039 0.1890554 -0.0777063 0.2479346 0.1437381 0.1361458 0.2265000 0.2668620 0.0635985 0.0640057 0.2932379 0.1557073 -0.1049980 0.4797410 0.2125880 0.1716597 0.7232591 0.3430068 0.4685156 0.2936190 0.3293729 0.6565609 0.1392800 0.2025794 0.5433667 0.6127496 0.5399007 0.5693643 -0.0538897 0.5535157 0.1193767 0.3764945 0.5642643 -0.2199379 0.2886880 0.1415654 -0.2875863 0.3003093 0.5141940 0.1749998 0.4537317 -0.3312168 -0.0172459 0.2129321 0.5354580 0.1025893 0.1864402 0.5374405 -0.0802367 0.3579884 0.2306487 0.5332029 -0.1706056 0.1038260 -0.2119557 -0.3886726 0.3064671 0.4245164 -0.1967854 -0.1225832 0.9351405 0.8661967 0.8806839 0.4832930 0.4771511 0.0911238 0.5806836 0.4402086 0.3305667 0.5438226 0.1465884 0.0386367 0.1283124 0.1424527 -0.0362321 0.0520776 0.1146598 0.2170318 0.2804111 0.2156104 0.0942341 0.1973154 0.4802453 0.4636575 0.4535366 0.3175062 0.4640877 0.5058762 0.8065543 0.3001863 0.5355469 0.5118909 -0.2025082 -0.1709906 -0.2913855 -0.0148269 0.6230112 0.5700568 -0.0534159 -0.1809757 -0.0904656 -0.4225195 -0.0472902 -0.1809165 0.5974784 0.1248212
0.8696578 0.0000000 -0.1145947 0.3670639 -0.3017042 0.1147663 0.0513996 -0.0596596 0.0764871 0.4487060 0.3015053 0.1437780 -0.3385636 0.2733693 0.1464556 -0.0631997 0.3616612 0.0731999 -0.1823225 -0.0084393 0.2884275 -0.4225640 0.2772797 0.0374312 -0.2182198 -0.0727592 0.3285741 0.1400591 -0.2089826 0.3476103 0.0443485 -0.1248867 0.0643560 -0.0364047 0.3332897 0.2319673 0.2972245 -0.2206575 0.2095241 -0.1627402 -0.1074784 -0.3544307 0.1665647 -0.0395277 -0.2686077 0.1873581 0.3166866 -0.1429315 0.1357975 -0.0359957 0.2979938 -0.1383599 0.2298523 -0.3490475 -0.0548336 0.1838958 0.2510364 -0.0103069 -0.1561665 0.2006543 -0.1185526 -0.1122729 0.0724975 0.1797512 -0.0612261 0.1273340 0.2459923 -0.1631110 0.0228918 0.2882103 0.1491365 0.1485848 -0.0456511 -0.1453510 0.0785309 0.1624627 -0.0436726 0.3095643 0.1197190 0.1663263 0.1114105 0.1965419 0.2859980 0.3895070 0.3801113 0.5191274 0.4146619 0.0625170 0.4069966 0.3401093 0.4037887 0.1474800 0.2123873 0.0980869 0.2004665 0.2117614 0.1384532 0.3745864 0.0205000 0.2441641 0.1307284 0.5183924 0.4195637 0.2894655 0.2987088 -0.1845911 0.4935912 0.2016676 0.5335748 0.2359771 0.1331398 0.3745337 0.0202658 0.0629117 -0.2093747 0.1178812 0.0641786 0.0236784 0.1552753 0.0768211 0.1087463 0.0724866 0.1790717 0.0604096 -0.0885657 0.2603286 0.2373391 0.0245723 0.5875112 0.2988882 0.4548948 0.2843732 0.3761268 0.3652695 -0.0144924 0.0620836 0.4673843 0.4109858 0.5365888 0.2532524 0.0511742 0.3689172 -0.1429082 0.1565463 0.4633102 -0.1547693 0.2196215 0.1220808 -0.4255898 0.2088233 0.3071764 0.1055734 0.2670020 -0.1747924 0.0204393 0.1210546 0.2749324 0.0313488 -0.0965471 0.2927410 -0.0652177 0.2485263 0.2212292 0.3473889 -0.1040064 0.1058223 -0.0560906 -0.3815836 0.1436756 0.2717888 -0.0889247 -0.1194283 0.9235442 0.7218914 0.8744280 0.1669494 0.1087936 -0.1938621 0.2067753 0.0528410 0.1436820 0.3050358 -0.0487650 0.0621752 0.0060343 -0.1888739 -0.2345036 -0.2373465 -0.1949884 -0.1248024 0.0080339 -0.1398980 -0.1379449 -0.0560292 0.1912403 0.1504950 0.2853394 0.0562512 0.1603617 0.2901675 0.5279883 0.3792069 0.5487170 0.3252593 -0.1001225 -0.3223762 -0.0869176 -0.1552443 0.5299551 0.2511165 0.0905916 -0.2757484 -0.1630808 -0.2189116 -0.2645444 -0.1724532 0.4519630 0.0025321
0.1427975 -0.1145947 0.0000000 0.2383186 0.7342313 -0.3095520 0.2545099 0.5834891 -0.1963744 -0.0222858 0.2094078 0.1992922 0.7407194 0.0734169 -0.0232196 0.5227726 0.0639919 -0.1044734 0.1021484 0.5575800 0.2470759 0.6586047 0.2050254 0.0373508 0.2379098 0.2834495 -0.0442658 -0.0277487 0.2453242 -0.1001874 0.3751419 0.4656467 0.0045825 0.2181297 0.2306835 0.4000116 0.2141119 0.2526014 0.1016978 -0.0448975 0.4921078 0.5104845 0.2080781 0.0381045 0.4763328 -0.1194767 0.2242721 0.4479144 0.0337853 -0.5147979 0.1758995 0.0727145 0.1849992 -0.0995878 0.1314941 0.1245958 0.2675490 0.1035397 0.5825700 0.2451009 0.5471088 0.1195264 0.5542681 0.1482743 0.7308911 0.5705346 0.3154045 0.2024949 0.5588200 0.2186282 0.5437573 0.6938201 0.1807047 0.8054770 0.6634805 0.2235272 0.7020472 0.3409372 0.2779135 0.3576030 0.6901411 0.2365971 0.2148151 -0.0028405 0.0303177 -0.1779814 -0.1238535 -0.1645961 -0.1516459 -0.0548834 -0.1953630 -0.2730685 -0.1394161 -0.3933570 -0.0048374 -0.2078530 -0.2353350 -0.0569238 0.0131136 0.0166022 -0.1017853 -0.1816521 -0.3054571 -0.1773207 -0.2286087 -0.2148979 -0.2054120 -0.3258442 -0.0186958 -0.0841554 0.0123747 -0.1680698 -0.0783917 -0.0854008 0.0523713 -0.0662603 -0.1594676 -0.0752474 -0.1217700 -0.0449084 -0.1335474 -0.1814852 0.1570565 0.2140787 -0.1454422 0.0389146 -0.1811437 0.3309732 -0.0316834 -0.0298450 -0.0713762 0.1902286 -0.1426700 0.3757209 0.2648743 0.0362107 0.0033793 -0.1189424 -0.0674113 0.1336726 -0.2466791 0.0514828 0.4973028 0.1494186 -0.0378986 -0.3193329 0.0018358 0.0391376 0.1532677 0.1803698 0.2003109 0.0035949 0.0415953 -0.2695015 0.0601289 -0.0395966 0.3078926 0.0128243 0.3348683 0.1883700 0.1601310 0.1168848 -0.0033906 0.1337886 -0.0363081 -0.0560378 -0.2497507 -0.1456196 -0.0108058 0.1722705 -0.0983920 -0.1545298 -0.0590530 0.0088609 -0.0278527 0.4807352 0.5743180 0.4349264 0.4685445 0.6318303 0.4553530 0.4485211 0.5929324 0.4107665 0.0630543 0.7236517 0.3009749 0.8115634 0.7310197 0.6779944 -0.0360277 0.5217741 0.1291434 0.1747554 0.1147521 0.2746547 -0.0994153 0.1751714 0.5687896 -0.0481075 0.2742040 -0.3258238 -0.3320960 -0.0073668 0.1551732 0.4457631 -0.2522530 0.0297346 0.0641172 0.4169378 -0.2756079 0.0457652 0.5704381 -0.0575724 0.4002930 0.0749840 0.2069037 0.0369011
0.3787705 0.3670639 0.2383186 0.0000000 0.3566519 0.1812836 0.3459458 0.7201095 0.0116689 0.2834579 0.4950866 0.5567942 0.2445765 0.3143540 0.1547220 0.2006523 0.2785854 0.0697718 0.2388405 0.2780202 0.6013502 0.2167332 0.4030255 0.2427574 0.4575011 0.5866689 0.2506698 0.0661662 0.3687500 0.1575817 -0.2925952 0.3776827 0.0017037 0.2599303 0.3769075 0.6055720 0.4805806 0.1725862 0.4784389 0.2589392 0.1970979 0.2725220 0.3822090 0.0699240 0.3730796 0.3438477 0.5885554 0.2068549 0.1368076 -0.0821704 0.4759521 0.4225727 0.4040297 0.1833349 0.1577624 0.3218807 0.5195061 0.2967111 0.0043890 0.5075813 0.1721494 0.3772768 0.1414651 0.3669677 0.5462932 0.3137065 0.5774841 0.3313111 0.3875107 0.3740382 0.5226674 0.2795956 0.3690258 0.2735958 0.4767311 0.4196857 0.1194716 0.5981731 0.5194024 0.4281665 0.5104199 0.4551626 0.3700078 0.1225940 0.2153793 0.2101285 0.1266627 0.2044711 0.0362239 0.3410153 0.0435871 -0.3902452 0.1606647 0.0372803 0.0582976 -0.3739095 -0.2647469 0.2161904 0.0654067 -0.0045721 0.1972272 0.2540408 0.0993390 0.2964657 -0.0029438 -0.3816352 -0.1567106 0.0774252 0.2660930 -0.1791852 0.1698447 -0.2723720 -0.4114967 -0.5080060 -0.5092839 -0.3353036 -0.4116727 -0.2557768 -0.3246948 -0.1462855 -0.2352957 -0.4252735 0.2992765 0.0591078 -0.2947777 0.1392782 0.0669155 0.3930087 0.0256519 0.2847966 0.3746235 0.3028785 0.4094098 0.1372683 0.1909363 0.3601921 0.3322738 -0.0286234 0.2178331 0.0883016 -0.3239691 0.4255280 0.1323158 0.5312325 0.3363338 -0.0717480 0.1628513 0.1496113 -0.5673385 0.4126490 0.7289813 0.5616066 0.3252723 -0.3870487 -0.0126530 0.4092440 0.5266322 0.2308555 0.0406338 0.6530531 -0.1151304 0.3774961 0.4085467 0.5713120 -0.0108933 0.1204370 -0.3507191 -0.5184316 0.0265529 0.3929044 -0.0934050 -0.3776765 0.2342066 0.0212850 0.1340517 0.0306210 0.3068582 -0.3879967 0.4291244 0.4216085 -0.2906936 -0.0287184 0.2464876 0.4245107 -0.1357584 0.2235288 -0.1220669 0.1626338 0.0019990 -0.1486915 0.1790893 -0.0876350 -0.3198852 0.1876432 0.4762989 0.1675766 0.2294285 0.1311463 0.5598060 0.0946144 0.3130501 -0.0734518 0.1885530 0.3322341 0.0484432 0.2330777 -0.1305541 0.3425148 0.4196803 0.1851277 0.0044344 -0.1444385 0.0771509 -0.0550895 0.3561020 0.3709170 -0.0580279 -0.0635347
-0.1972080 -0.3017042 0.7342313 0.3566519 0.0000000 -0.2525264 -0.0461159 0.6988757 -0.3370178 -0.3202957 -0.0891746 0.0337289 0.7844966 -0.2124444 -0.1654689 0.3162425 -0.2807861 -0.2531631 0.1921050 0.3106293 0.0904128 0.6284417 0.0419328 0.0092875 0.4156255 0.3926369 -0.3257656 -0.1622669 0.4177999 -0.3011325 0.0586657 0.3130535 -0.0577288 0.2384115 0.0284705 0.3921594 0.1473856 0.2367283 -0.0235100 0.0686463 0.4042869 0.6807376 0.0252071 0.0317445 0.5288856 -0.1911842 0.1905392 0.4582318 -0.0053420 -0.2301292 0.0840015 0.0939600 0.0106946 0.1500212 0.1708416 0.0194415 0.1811349 0.2251617 0.4179663 0.2454349 0.2913482 0.2344964 0.2096381 0.1211729 0.5010706 0.2991421 0.2677443 0.3704301 0.3756129 0.0837415 0.3735930 0.2028982 0.3728571 0.4780181 0.4855000 0.1809011 0.2894818 0.2780737 0.3545670 0.2258029 0.4126624 0.5450257 0.2025009 -0.0789876 -0.0446028 -0.1041859 0.0757427 -0.0851327 -0.1902622 -0.0305738 -0.1540585 -0.1720246 0.1571292 -0.1676275 0.0506545 -0.3442798 -0.1647235 0.0025742 0.1246445 -0.0341248 0.0655521 -0.1622847 -0.1710234 0.0715628 -0.1264647 -0.1597475 -0.3630071 0.0203557 -0.1062181 -0.2142094 0.0069717 -0.4631568 -0.1901121 -0.3497369 -0.2576582 -0.3644406 -0.4315367 -0.2602661 -0.3806529 -0.1773221 -0.1665655 -0.3118946 0.0496920 0.0691488 -0.0751062 -0.1479898 -0.1443479 0.2851937 -0.2528144 -0.1161877 -0.0396059 0.2087916 0.0068527 -0.0351763 0.0653277 0.0424618 -0.0793122 -0.2752756 -0.1047072 -0.0850851 -0.2450631 0.0135808 0.1974511 0.0766056 -0.1005756 -0.0953016 0.0190451 0.0778313 0.0797047 0.2071827 0.2151462 0.1659997 -0.0426896 -0.1244448 0.2035128 0.1358348 0.1183125 0.0858184 0.0683259 0.1556820 0.2410810 0.1042327 0.1492093 0.0999497 0.0987152 0.0051919 -0.0997830 -0.0529379 -0.0808497 0.1396072 0.1184170 -0.1375887 -0.3923331 -0.4320266 -0.3342326 0.0056852 0.1303286 -0.0338211 0.1393742 0.3339425 -0.0314167 0.0245707 0.4352274 0.5078104 -0.0203344 0.4372813 0.0570336 0.4904957 0.3772915 0.2748855 -0.0618521 0.1318560 -0.0378055 0.0465853 -0.0076491 -0.0165640 -0.2523207 -0.0168164 0.3277918 -0.2110346 -0.0604527 -0.3072407 -0.3142121 0.0452813 0.5304390 0.6953114 0.1434664 0.3389907 -0.1185108 0.0430815 0.0365761 0.1213300 0.6023467 0.2116525 0.3925299 0.3551681 -0.3258138 -0.1311519
-0.0441310 0.1147663 -0.3095520 0.1812836 -0.2525264 0.0000000 -0.0646362 -0.1325516 -0.0078130 -0.2798400 -0.1672029 -0.2274560 -0.3102074 -0.3475372 0.1360983 -0.4524607 -0.1336157 0.2510309 0.1694862 -0.0164655 -0.1880213 -0.2374802 -0.4327688 -0.0285705 0.0156884 -0.2604526 -0.2922912 -0.5060229 -0.2420327 -0.4753006 -0.3388187 -0.2938498 -0.6125936 -0.2338433 -0.4566304 -0.0454512 -0.4490018 0.0840928 -0.3964831 -0.3264985 -0.2947529 -0.0184913 -0.3701138 -0.5745347 0.0169923 -0.1029491 -0.3736889 -0.1290361 -0.5575033 0.2264052 -0.3354390 -0.2955636 -0.4742489 -0.3155493 -0.0746905 -0.3109551 -0.3648043 -0.4208201 -0.3774728 -0.3619587 -0.1560762 -0.3410554 -0.4650189 -0.4724585 -0.3425747 -0.5005160 -0.2546807 -0.3880896 -0.2810428 -0.4574317 -0.2069820 -0.3987334 -0.3732267 -0.4048936 -0.5417193 -0.4852675 -0.4846625 -0.3480846 -0.4908425 -0.5233438 -0.3774546 0.2019749 0.0702460 0.1028338 -0.2764205 0.0323188 -0.1826701 -0.1456711 -0.1914391 -0.1499455 -0.3458669 -0.2412310 -0.1527457 0.1641772 -0.6566784 -0.3512190 -0.2283066 -0.0792387 -0.6136047 -0.4085098 -0.2640449 0.0889488 0.1710350 0.1065921 -0.5322415 -0.4026746 -0.1603410 -0.0031090 0.0926268 -0.5011733 -0.4688326 0.1570349 -0.5015191 -0.5279789 -0.4227626 -0.3792220 -0.3356700 -0.3090259 -0.3370210 -0.3833275 -0.4448064 -0.3721119 -0.3003722 -0.5464815 -0.3781099 0.1426184 -0.4956630 -0.4509952 0.1155828 -0.3759945 -0.1835606 -0.4137459 -0.2400226 -0.1338077 -0.0372005 -0.3278107 -0.0656809 -0.0866300 -0.1169968 -0.2788074 -0.4784988 -0.3275360 -0.3413739 0.2670601 -0.0819680 -0.1587598 -0.3707734 -0.4385644 -0.3622811 -0.5332500 0.1433318 0.2776938 -0.2662497 -0.3921655 -0.4875536 0.2367489 0.3235215 -0.2684606 -0.3347107 0.3020780 -0.6188373 -0.4871283 0.1467924 0.3990093 -0.5437717 -0.0790415 -0.3361205 -0.4937072 0.0293820 -0.3470721 -0.5399009 -0.4203064 0.0792994 -0.0864890 -0.1969384 -0.5152405 -0.3846265 -0.2839997 -0.1638694 -0.1465430 -0.4010124 -0.1399140 -0.4416762 -0.1304399 0.0553587 -0.1681751 0.1443778 -0.3263641 -0.2350290 -0.4207574 0.0760555 -0.3600559 -0.3933850 0.2322343 0.0700929 0.0264165 0.0672026 -0.2033801 -0.3087770 0.0454769 -0.2860806 -0.1293059 0.0965865 -0.4335269 -0.4855569 -0.2712320 -0.1463087 -0.4670770 -0.1863545 -0.3519954 0.0201699 -0.0404248 -0.4745796 -0.1400808 -0.0070913 0.1465047 -0.0881227 -0.0876504
0.1660935 0.0513996 0.2545099 0.3459458 -0.0461159 -0.0646362 0.0000000 0.3535385 0.3506462 0.6064694 0.7505226 0.7028955 0.1136609 0.6005245 0.5781562 0.5481967 0.6642846 0.5127771 0.2858429 0.3742156 0.4273805 0.4883700 0.4532161 0.5262735 0.4009123 0.2615445 0.5516031 0.4496558 0.4387476 0.3693246 0.1254327 0.5908598 0.3531342 0.3177562 0.4081961 0.0097164 0.3088764 0.4644342 0.5040318 0.2238424 0.3986907 0.1073392 0.6450751 0.3498790 0.2825105 0.6775273 0.5689549 0.2921913 0.3970201 0.0567156 0.5089813 0.6418962 0.6117124 0.3079107 0.4334512 0.6622470 0.5383400 0.2881386 -0.0096648 0.4451436 0.1692331 0.3814656 0.4414825 0.3841297 0.5630538 0.4701330 0.5093662 0.2644652 0.6883426 0.3708825 0.6285052 0.5905007 0.3823905 0.4201477 0.5079988 0.4946843 0.4945600 0.3355512 0.5138452 0.4299437 0.4305320 -0.2508112 0.2099269 0.1926628 0.2607779 0.0135185 -0.2107927 0.3883065 0.3943143 0.3170806 0.2536404 -0.1140198 0.1528239 -0.1136979 0.2848533 0.0917977 0.1237364 0.2556181 0.0986065 0.2684589 0.0875950 0.2295051 -0.0075697 0.0471232 0.1627808 -0.0647736 0.1680181 -0.1917203 0.3319027 0.0148651 0.4787483 0.1221433 -0.0420900 -0.0163187 0.2354505 0.2619153 0.2365140 0.2227418 0.2216190 0.2541071 -0.0018610 -0.0651837 0.2208001 0.0033741 0.0780092 0.1125932 -0.0525959 0.3386276 0.1360979 0.2925323 0.4711074 0.0355005 0.3680503 0.4713121 0.2858313 0.5200879 0.5194801 -0.0598762 0.3352524 -0.1331212 0.0970405 0.1673344 0.6836342 0.3720206 0.4816424 0.2584979 0.3295606 0.3697214 -0.0578421 0.2934718 0.2209321 0.3895086 0.5087346 -0.0832350 -0.0063442 0.2575943 0.3742893 0.4957301 0.5767058 0.2481359 -0.0252501 0.4337197 0.3256321 0.1679767 0.1910117 0.3158015 -0.0808889 -0.0540523 0.3282610 0.3027517 0.1204509 0.2190636 0.1332613 0.1478726 0.0875826 0.4289985 0.5227582 0.2836291 0.3547952 0.3415615 0.3430197 0.1927832 0.1203429 -0.0347112 -0.4195694 0.2933750 -0.0357495 0.3809708 0.3258109 0.1976653 0.0241667 0.2836851 -0.1152999 -0.1659609 0.2050839 0.0478629 0.1416202 -0.0054699 0.3923311 0.0360762 0.4309700 0.3399926 0.2325792 0.1587297 -0.2748542 -0.3586755 -0.5670991 -0.0727978 0.6051004 0.5097830 0.0160242 -0.3562551 -0.0838949 -0.4622668 0.2365004 -0.0061836 0.4965308 0.1909945
0.0996104 -0.0596596 0.5834891 0.7201095 0.6988757 -0.1325516 0.3535385 0.0000000 -0.1001807 0.0430215 0.4979810 0.5198046 0.7423695 0.2161614 -0.0319077 0.5126136 0.1891590 -0.1273642 0.4617600 0.2075531 0.6295325 0.5779531 0.4328643 0.1742912 0.5391431 0.7196523 0.0897334 -0.0568540 0.4059815 -0.1066354 0.0577199 0.4661754 -0.0475522 0.2054003 0.3537403 0.5962520 0.5075019 0.3607988 0.4131689 0.1961753 0.1895973 0.4723531 0.4297336 0.0791942 0.4301214 0.2388093 0.5291587 0.3360030 0.1134160 -0.2918331 0.3918356 0.4715670 0.3733343 0.2998807 0.1653684 0.2965487 0.4583623 0.3551320 0.3820400 0.4983200 0.3212260 0.5365468 0.3543668 0.4078106 0.7778829 0.3614821 0.5785150 0.5194694 0.5082314 0.3887181 0.5351839 0.3777243 0.4452037 0.5878823 0.5724160 0.4975380 0.4527931 0.5400116 0.5197660 0.5314147 0.6155651 0.3545544 0.4336256 0.1321568 0.2446712 0.2152067 0.1612409 0.1504497 0.0467218 0.3289654 -0.0257405 -0.2892447 0.2118766 -0.0868478 0.1073924 -0.2840896 -0.2489025 0.2651679 0.1814311 0.0131266 0.2063040 0.2148815 0.0894089 0.0523618 -0.1031105 -0.2191194 -0.1226686 0.0446727 0.1864368 -0.1369716 0.2399456 -0.2516561 -0.2841016 -0.3127789 -0.2317474 -0.2486740 -0.3677297 -0.1313015 -0.3069033 0.0362966 -0.1758772 -0.3359199 0.2137294 0.1229283 -0.2357070 0.2143336 0.1107662 0.3483384 -0.0521045 0.2123322 0.2532930 0.0955975 0.2819020 0.3039634 0.0521324 0.2362090 0.2455201 -0.0120511 0.0887413 0.1056141 -0.2577610 0.3212552 0.2487752 0.3839804 0.2830283 -0.0607300 0.1741845 0.1552713 -0.2896354 0.2938792 0.6077965 0.4769212 0.3363044 -0.1806405 0.0070359 0.4135694 0.4767829 0.3830032 0.3329604 0.5557331 0.1606357 0.3900148 0.4231656 0.3518104 0.1056981 0.2840730 -0.0893288 -0.0870210 0.2555914 0.4734701 0.0868109 -0.0578049 -0.1217454 -0.1702887 -0.0850629 0.2542672 0.5262217 -0.0153232 0.5450431 0.6312870 0.0872918 0.2355893 0.5378107 0.4714415 -0.0760846 0.4611867 -0.0681941 0.4520506 0.2923308 0.1299980 0.2338734 0.2722615 -0.0616539 0.1683692 0.4436331 0.1965447 0.1922073 0.1662569 0.7022505 0.1328529 0.2677913 -0.2533290 0.0047263 0.3167412 0.1226120 0.3403930 -0.2164096 0.3288738 0.3237075 0.2851441 -0.0325460 -0.0555937 0.1712850 -0.0623028 0.4981331 0.1681940 -0.0632178 0.1442182
-0.1491714 0.0764871 -0.1963744 0.0116689 -0.3370178 -0.0078130 0.3506462 -0.1001807 0.0000000 0.5333785 0.4127349 0.3902014 -0.1494563 0.6275910 0.8247471 0.0089257 0.6670558 0.8180864 0.0471507 0.1933634 -0.2154942 0.2108715 0.1130625 0.7735628 -0.0090006 -0.0468973 0.5988345 0.6163937 0.2757938 0.5758538 -0.0696914 -0.1364662 0.4904538 0.3794088 0.2241706 -0.4123012 -0.0409753 0.0325210 0.3808085 0.5530382 0.0308584 0.0791184 0.3598217 0.6027001 0.0714672 0.2129289 0.2136790 0.0498730 0.4443217 0.1360699 0.3371859 0.5063109 0.5448289 0.5869397 -0.0355235 0.2241551 0.2142811 0.4569266 -0.4071919 0.2506923 -0.3096074 0.5166242 -0.3004621 0.4514891 -0.0064581 0.0931528 0.1692887 0.3763463 0.2696938 0.3970642 0.0069907 -0.0994549 0.4566915 -0.1122871 0.0352293 0.4796527 -0.0556983 0.0722650 0.3585666 0.3172428 -0.0975622 -0.3169918 -0.1743796 -0.2814192 -0.0894195 -0.2670123 -0.1276059 0.2822554 0.1152886 0.0005305 0.0692526 0.2781518 0.1027049 0.2830174 0.1789270 0.2311962 0.3482072 0.1020799 0.1554344 0.2106354 0.1571434 -0.1458666 -0.2930862 -0.0283761 0.2650759 0.2723744 -0.0295743 -0.1779830 -0.1322611 -0.1054062 0.4273942 -0.2768462 0.1185463 -0.0241751 0.1860455 0.0601861 0.0869348 0.2127802 0.0823375 -0.1298822 0.2184615 0.0785050 0.1923246 0.3933402 0.2271832 -0.4538432 0.2937412 0.1588494 -0.3137629 0.4939309 0.2243051 0.1418730 0.2843077 -0.1893019 0.0683883 0.0590736 -0.0029351 -0.4329926 -0.0474385 -0.6017012 0.3203848 -0.3582097 0.0486166 -0.3889817 -0.0940218 0.1319987 -0.0472611 0.0561541 -0.0043923 -0.0629141 -0.3280085 -0.0961711 -0.0369068 0.3388699 -0.0106374 -0.1670587 -0.2808390 0.0598143 -0.0660726 -0.4255967 0.1750458 0.0886907 0.0008283 -0.4527387 0.2884002 0.1334427 0.2662468 0.0721018 -0.2012692 -0.0371947 0.2324817 0.1633967 -0.0994883 -0.1755446 -0.0797638 -0.1388288 -0.1117113 -0.0819975 -0.3450288 -0.2711637 0.1868761 0.0765826 -0.1021469 0.0799847 -0.6011033 -0.3474987 -0.4706782 -0.1724411 -0.2559002 -0.3503533 -0.6132311 -0.2840292 -0.4700354 -0.5674381 -0.5020279 -0.5812037 -0.3825085 -0.4684912 -0.1783740 -0.5095891 -0.2913016 -0.0432470 -0.0190857 -0.2936042 -0.2098469 -0.5573463 -0.2475432 -0.4496041 0.1585607 -0.2954967 0.1892396 -0.5537580 -0.2937005 0.0149007 -0.1092156 -0.3047465 0.3052659 0.4522472
0.4593043 0.4487060 -0.0222858 0.2834579 -0.3202957 -0.2798400 0.6064694 0.0430215 0.5333785 0.0000000 0.7601300 0.7659596 -0.1800309 0.9239125 0.6123893 0.4255193 0.8462221 0.5260559 -0.1524648 0.1917962 0.4050772 -0.0179082 0.6563451 0.6373937 -0.0296213 0.2751012 0.8423870 0.8144004 0.4186473 0.8246133 0.2007885 0.2600852 0.7647524 0.5189925 0.7479430 0.0920594 0.5104304 0.0671229 0.7436796 0.4492384 0.2270516 -0.1331357 0.7983457 0.6823627 -0.1627071 0.6454921 0.7385837 0.1417273 0.7653352 -0.0824404 0.7874641 0.6631878 0.8435203 0.3535116 0.0599150 0.6103394 0.6444695 0.5519918 -0.3036100 0.7137354 -0.2743646 0.4978859 0.1950398 0.7267614 0.1862611 0.4790258 0.6949156 0.4058953 0.4642978 0.7616402 0.5213366 0.4589973 0.5093558 0.1969520 0.5109812 0.7441224 0.4040196 0.5639875 0.6891945 0.6883258 0.4159226 -0.2894875 0.0183744 0.0367820 0.3382660 0.0617743 0.0680410 0.3804713 0.4016861 0.3987707 0.4156990 0.1628094 0.2350132 -0.0331636 0.4606602 0.3645069 0.2563742 0.3406345 0.3271331 0.3926292 0.2493060 0.2624748 0.0075362 0.0663611 0.4160926 0.1069382 0.2618604 -0.1180935 0.1468496 0.2612969 0.5768865 0.0031283 0.3185915 0.2675778 0.2421573 0.4355638 0.3503042 0.3352700 0.4110703 0.2989741 0.2951727 0.1334522 0.3012892 0.5159890 0.2999582 -0.1430341 0.4191563 0.4056653 0.0883716 0.7318852 0.5490332 0.4316125 0.5395020 0.2918224 0.3246462 0.5300181 0.4050980 -0.0076458 0.3086404 -0.0039535 0.4233042 0.3350019 0.5818590 0.2038462 0.3748445 0.3286461 0.2630265 0.2508129 -0.0318629 0.4595858 0.0718056 0.1721544 0.5517523 0.1838866 0.1307184 0.1487130 0.2033783 0.3030812 0.4502328 0.0445593 0.0609133 0.5575457 0.2708784 0.0249301 0.2591305 0.2442514 0.1374445 0.0587679 0.1668533 0.3225809 0.2289676 0.3555622 0.3965132 0.3167307 0.4244681 0.2999492 0.3809962 -0.0302941 0.2307414 0.1599852 0.2955025 0.2633964 0.2266394 0.1650269 -0.5266394 -0.1662579 -0.4868687 0.0243232 -0.0362572 -0.0195387 -0.2301996 -0.0242710 -0.2963568 -0.3310534 0.0714356 -0.1813969 0.0225691 0.0196069 0.3429181 -0.0919936 0.5332055 0.4530555 0.4587136 0.4615301 -0.2507514 -0.4243925 -0.4515310 -0.0017600 0.7102014 0.4806311 0.1470440 -0.4455998 -0.2349689 -0.3497502 -0.1140556 -0.1530796 0.5056471 0.3292713
0.4302188 0.3015053 0.2094078 0.4950866 -0.0891746 -0.1672029 0.7505226 0.4979810 0.4127349 0.7601300 0.0000000 0.8032377 0.1272727 0.8235680 0.4194809 0.6327295 0.8140591 0.3460367 0.2103899 0.1460768 0.6805280 0.1952585 0.7948099 0.5299170 0.1865854 0.5236646 0.6898922 0.4523360 0.3328665 0.4574989 0.2973020 0.3355064 0.3689065 0.3702950 0.7783818 0.3207517 0.5158103 0.2682308 0.8108663 0.2975086 0.0604466 -0.0585750 0.8605398 0.4282927 0.0247574 0.5951045 0.7012982 0.0930190 0.5064258 -0.2370386 0.7518964 0.7582301 0.7872705 0.3759835 0.0674552 0.5052046 0.5668840 0.5207445 0.0630277 0.7017272 0.0282215 0.6877557 0.3401350 0.6777417 0.5535386 0.3917556 0.7644733 0.4925685 0.4881073 0.7617304 0.5530638 0.5520197 0.4733085 0.4153146 0.5026862 0.7709351 0.5567376 0.6076758 0.5977044 0.7351726 0.5443064 -0.2145904 0.3821933 0.2862563 0.5307245 0.3135335 0.1694222 0.3977623 0.4907685 0.5787015 0.3874824 0.0843639 0.3211404 0.0169752 0.4136228 0.3322004 0.1409008 0.5405012 0.3696831 0.3573353 0.3597198 0.4693998 0.2246919 0.0200026 0.2780759 0.1393607 0.3919728 0.0429227 0.3966479 0.2448582 0.6477313 0.1403283 0.1937742 0.2197164 0.2608863 0.3445973 0.2570799 0.3863498 0.3371829 0.3631162 0.1715563 0.0611403 0.2576235 0.3982173 0.0906749 0.2087233 0.4010271 0.4073765 0.2344379 0.6379090 0.5526933 0.2199997 0.5106426 0.5653951 0.1564583 0.4294243 0.5169623 0.1715616 0.3439812 0.1187634 0.1676560 0.3671671 0.4959638 0.2907770 0.5519247 0.1422692 0.3445243 0.2600235 -0.2893499 0.3803470 0.4246896 0.3599743 0.6862164 0.0230543 -0.0220145 0.3085028 0.4587769 0.4858532 0.5112968 0.3753626 0.1130578 0.5973782 0.4097307 0.1533002 0.1817539 0.4166744 0.0537492 -0.0247532 0.3513792 0.5299296 0.1343577 0.2687710 0.3005175 0.2717567 0.3074915 0.4821226 0.6697042 0.1228879 0.5650218 0.5245888 0.4066544 0.4758062 0.4561320 0.2744498 -0.2834921 0.1210236 -0.3017619 0.1676679 0.1178314 0.0530594 0.0741294 0.2562681 -0.0887184 -0.0873139 0.3556313 0.0432332 0.2666471 0.2600845 0.6312611 0.1741305 0.5697710 0.1765080 0.3742377 0.3977826 -0.3676729 -0.4272948 -0.6339701 -0.0678212 0.6967841 0.5300847 -0.0393256 -0.4955356 -0.3412902 -0.4408000 0.0190372 -0.3500298 0.4696714 0.4381009
0.2253143 0.1437780 0.1992922 0.5567942 0.0337289 -0.2274560 0.7028955 0.5198046 0.3902014 0.7659596 0.8032377 0.0000000 0.2969002 0.7869183 0.4958970 0.4479059 0.7159051 0.3669223 0.0768592 0.3195888 0.6559198 0.3153941 0.5870271 0.6103133 0.2062948 0.4563078 0.6617102 0.6190574 0.5837378 0.5936355 -0.0373546 0.4169839 0.5871644 0.4946490 0.6233409 0.2926831 0.5474694 0.2197418 0.6656039 0.5375691 0.2568272 0.2091144 0.7813479 0.5368694 0.1018943 0.5976469 0.7395139 0.3038309 0.6126372 -0.1625356 0.7082055 0.7514405 0.8576328 0.4779553 0.0995871 0.5838149 0.6549819 0.5711571 -0.0272359 0.7157744 -0.0217705 0.6691699 0.2681207 0.7834706 0.5879336 0.5090570 0.7471957 0.6396026 0.5495762 0.7408263 0.5789082 0.5553918 0.6016182 0.5369710 0.6441913 0.8120159 0.6007503 0.5723026 0.7675447 0.7831349 0.5984339 -0.1880082 0.0195176 -0.1443342 0.1705236 -0.0226583 0.0262253 0.3649226 0.1769999 0.3721004 0.0987374 -0.1737281 0.0681635 -0.1511753 0.2802713 -0.0200579 -0.1530861 0.1281448 0.2070383 0.1700723 0.1772667 0.1215805 -0.1159054 0.0408421 0.0713225 -0.0996286 -0.0766707 -0.2642135 -0.0087605 0.0354101 0.5082764 -0.2664616 -0.0062237 -0.0363249 0.0400030 0.1439915 0.0236004 0.0639063 0.0883284 0.1640610 0.0156108 -0.1576863 0.3354466 0.4116558 -0.0416538 -0.1045250 0.2909106 0.4168433 -0.1826007 0.6529622 0.4112911 0.2511658 0.4743500 0.2656497 0.3399414 0.5171024 0.2897102 -0.1609131 0.1099368 -0.0083470 0.2046016 0.4158641 0.6381662 0.4256657 0.2753163 0.3092372 0.2068736 0.2319272 -0.1525343 0.5311550 0.2735742 0.3735512 0.5329444 0.1252189 0.0570621 0.3163147 0.3098120 0.4109435 0.5825058 0.2318992 0.0376286 0.5846190 0.3746710 0.1201098 0.2718476 0.2691738 0.0661832 0.0508396 0.2025836 0.3638181 0.1784398 0.2314395 0.1138389 0.0334494 0.1100054 0.3308415 0.5872238 0.0441571 0.4257419 0.4117688 0.2179807 0.1969168 0.4754811 0.2737548 -0.4462657 0.1605115 -0.3198763 0.3315431 0.1597759 0.0743881 -0.0308362 0.1826823 -0.1947160 -0.1271992 0.3385004 -0.0256277 0.1242028 0.1860047 0.6398200 -0.0916136 0.4186098 0.1370612 0.2420848 0.4215154 -0.2330506 -0.1567298 -0.4387091 0.2211893 0.5942487 0.4757589 0.0133393 -0.1952070 -0.1092874 -0.1700035 0.2837089 0.1066865 0.2550681 0.2438037
-0.1658915 -0.3385636 0.7407194 0.2445765 0.7844966 -0.3102074 0.1136609 0.7423695 -0.1494563 -0.1800309 0.1272727 0.2969002 0.0000000 -0.0134304 -0.0779934 0.3905514 0.0262630 -0.2005967 0.0466701 0.3747654 0.2171707 0.6519827 0.1829466 0.1531867 0.1164905 0.3449779 -0.0485143 -0.0374821 0.2477315 -0.1413154 0.1538330 0.2347064 -0.0016414 0.0898603 0.1515618 0.2721639 0.2119476 0.0817547 0.0173372 0.1899126 0.1772939 0.5099209 0.2261923 0.0401461 0.2743583 -0.2202366 0.1823524 0.3071785 -0.0481655 -0.4815713 0.1551626 0.1714150 0.1251712 0.1650685 -0.1292351 -0.0438046 0.1510558 0.1664525 0.5158360 0.2808774 0.2721364 0.3815751 0.2380793 0.2582781 0.6673035 0.3108720 0.3535591 0.5458165 0.3149397 0.2373634 0.3413961 0.3485350 0.3668506 0.7598871 0.5095116 0.3285496 0.5824915 0.2832228 0.3550239 0.4176096 0.5417841 0.3210413 0.0163148 -0.2818094 -0.2476965 -0.1694339 0.0821695 -0.2515720 -0.2481306 -0.1689105 -0.2495509 -0.1577218 -0.1195297 -0.3864217 -0.1204600 -0.2622143 -0.3027606 -0.1105024 -0.0799312 -0.2238116 -0.1717259 -0.1263050 -0.2614225 -0.2901292 -0.2922485 -0.2888590 -0.3519527 -0.2656303 -0.1625229 -0.3186139 -0.0049399 -0.3449563 -0.3288088 -0.3148775 -0.2127785 -0.3961475 -0.5037161 -0.3335079 -0.4601750 -0.2438469 -0.3557015 -0.4150976 -0.0190784 0.1165869 -0.3371407 -0.1369581 -0.1420834 0.0515263 -0.2334315 0.0738183 0.0079816 -0.0452732 0.0373462 0.1809653 0.1914539 -0.0544342 -0.0048789 -0.2586611 -0.0827861 -0.0635385 -0.1374937 0.0582584 0.3495889 0.1362161 -0.0237108 -0.1276505 0.0151236 0.0449272 0.1385862 0.2064938 0.0920017 0.1285580 0.0510028 -0.0063984 0.0051142 0.1317738 0.1332204 0.0737205 0.4240859 0.0758131 0.0962059 0.1710911 0.1192394 -0.0454489 0.0134076 -0.0154718 0.0122488 0.1436471 0.1294813 0.0825773 -0.0079395 0.0294016 -0.3310047 -0.3135972 -0.2939797 0.2243348 0.4133497 0.3356970 0.2996112 0.5016802 0.3444482 0.3056937 0.5376224 0.2282709 -0.0602343 0.5462432 0.0288909 0.6401067 0.4794709 0.3986134 -0.1054994 0.3673799 0.0810663 0.0882263 0.0730175 0.0890573 -0.2337451 0.0702838 0.5117412 -0.2200652 -0.0035369 -0.3811026 -0.2129012 0.0643552 0.1161648 0.4410874 -0.0581640 0.2337833 -0.0507394 0.2007133 0.0173882 0.2685421 0.3718214 0.1399557 0.5655312 0.2151591 -0.1085216 0.2350712
0.3523383 0.2733693 0.0734169 0.3143540 -0.2124444 -0.3475372 0.6005245 0.2161614 0.6275910 0.9239125 0.8235680 0.7869183 -0.0134304 0.0000000 0.6028014 0.5084658 0.9088929 0.5444329 -0.0250135 0.2058323 0.4227526 0.1216584 0.7326819 0.6800540 0.0617947 0.4510249 0.9052543 0.8107735 0.4499637 0.7923112 0.2260032 0.2969377 0.7360108 0.5153987 0.7807435 0.1058511 0.5701524 0.1185174 0.8458554 0.5657497 0.1930535 -0.0580078 0.8287068 0.7320538 -0.0142514 0.5907331 0.7383619 0.1313155 0.7388309 -0.1612670 0.7721855 0.7987107 0.8629418 0.4745451 -0.0061785 0.5717645 0.6563150 0.6101044 -0.2718221 0.7364815 -0.2010623 0.6478815 0.2309862 0.7482004 0.3232880 0.4963075 0.7143533 0.5328989 0.5018131 0.8082872 0.5707529 0.4570268 0.5928373 0.2897424 0.5901269 0.8181041 0.4311024 0.6750443 0.7341440 0.7695407 0.5009134 -0.2492154 0.1471844 0.0329470 0.3414817 0.0403519 0.0751763 0.3930401 0.3437436 0.3844558 0.3861672 0.1643711 0.2511917 -0.0264341 0.4577086 0.3174539 0.3018288 0.3840202 0.3885606 0.4052548 0.3166095 0.2248682 -0.0455343 -0.0329165 0.4178528 0.1447332 0.1835845 -0.1658500 0.1357280 0.1491817 0.6359121 -0.0831398 0.2679697 0.2209812 0.2972521 0.3796201 0.2859415 0.3820533 0.3350756 0.3250001 0.3331885 0.1436119 0.4215058 0.6725670 0.3369612 -0.1507942 0.5427267 0.5348723 -0.0041207 0.8421229 0.5506562 0.4688230 0.5701824 0.2883518 0.3792194 0.5797044 0.3679667 0.0048183 0.2440782 0.0034776 0.4267756 0.3296091 0.5557459 0.1688040 0.3409618 0.3175120 0.3088266 0.2899085 0.0595195 0.4394284 0.1656971 0.2503981 0.5806874 0.2482624 0.1808915 0.2132661 0.2569647 0.4018200 0.4942748 0.0963984 0.2098324 0.6222569 0.3227317 0.0158898 0.3691605 0.3526212 0.2104571 0.1391421 0.2121199 0.4622991 0.3086610 0.3739719 0.2105517 0.1874946 0.2682615 0.3553112 0.4469365 0.0181715 0.2630226 0.2432426 0.3269970 0.3317653 0.2634179 0.2111532 -0.5715796 -0.1084654 -0.5162142 0.0825445 -0.0086359 -0.0108330 -0.1970197 0.0743986 -0.2740980 -0.3501453 0.0785474 -0.2013433 0.0006550 -0.0263571 0.4030592 -0.1165249 0.4566951 0.2081702 0.2984053 0.3874634 -0.2403681 -0.3604591 -0.4618768 -0.0038177 0.6383938 0.3710038 0.0625856 -0.4733588 -0.2291171 -0.3259555 0.0171682 -0.2036441 0.4766033 0.5106232
-0.0598988 0.1464556 -0.0232196 0.1547220 -0.1654689 0.1360983 0.5781562 -0.0319077 0.8247471 0.6123893 0.4194809 0.4958970 -0.0779934 0.6028014 0.0000000 0.0599961 0.7026774 0.9490403 -0.0046509 0.4310055 -0.2048211 0.3239737 0.1043247 0.8863510 0.0873749 -0.1179542 0.5727435 0.6668100 0.5117234 0.5383144 -0.0924319 0.0304025 0.5566281 0.5351356 0.2012765 -0.3652212 -0.0484565 0.2227676 0.2794276 0.4737064 0.3078862 0.2585023 0.3882856 0.5638174 0.2265025 0.3468408 0.3474294 0.3047759 0.4869129 0.2405745 0.4050651 0.5051994 0.5392394 0.4425507 0.1482538 0.3886546 0.3201157 0.4311334 -0.5498370 0.3546641 -0.3620443 0.4074845 -0.2086280 0.4286431 0.0248979 0.2153589 0.3293813 0.3724269 0.4629674 0.3866807 0.3416952 0.0675065 0.5668024 -0.0165488 0.2430954 0.4903427 0.0396797 0.1598917 0.5100235 0.3062092 0.0172961 -0.1321473 -0.0796836 -0.1940701 -0.1408595 -0.2655345 -0.1332057 0.3384224 0.2112030 0.0399176 0.1389982 0.2205806 0.1808984 0.1142763 0.1602655 0.0994683 0.3735014 0.1108104 -0.0009496 0.2693626 0.1005502 -0.0768579 -0.2606094 0.1660280 0.1978387 0.0025296 -0.1137608 -0.3148224 -0.0240534 -0.3124513 0.4206693 -0.2669814 -0.0350981 -0.2437798 0.0767884 0.0368723 0.0370031 0.0915895 0.0577588 -0.1280117 0.1095404 -0.0618259 0.1910692 0.2554746 0.2603892 -0.5419182 0.0476575 0.2203332 -0.2280852 0.4615775 0.3669206 0.2592629 0.3823336 -0.1001711 0.3526159 0.2847831 0.1737455 -0.4897736 0.1131343 -0.6827500 0.3387746 -0.2512709 0.3718907 -0.0510058 0.0374428 0.3563374 0.0640919 0.1546962 0.1373090 0.0748283 -0.2435450 0.2186136 0.1230067 0.2627099 0.1183088 0.1250663 0.0016104 0.1993109 0.1592182 -0.2594599 0.0359730 0.1939995 0.2819440 -0.1667925 0.2721227 0.2456230 0.2091606 -0.0250511 -0.0067527 -0.0114519 0.2284588 0.2149599 -0.0141162 -0.1762303 -0.0865662 -0.1530618 -0.1355139 -0.1004583 -0.3545649 -0.2567526 0.1439606 0.0379581 -0.1773501 0.0862703 -0.7985372 -0.2915600 -0.4861699 -0.0441544 -0.1112592 -0.2510029 -0.6398480 -0.2948732 -0.6229610 -0.6673156 -0.4663591 -0.6093573 -0.4551351 -0.5660181 -0.1572067 -0.5968666 -0.1136694 0.1938667 0.0922724 -0.2741456 -0.1893207 -0.5121686 -0.3047563 -0.4493363 0.2770588 -0.1321643 0.2468001 -0.5356764 -0.1836646 -0.1492668 -0.0390075 0.0025433 0.3481716 0.2961856
0.2303137 -0.0631997 0.5227726 0.2006523 0.3162425 -0.4524607 0.5481967 0.5126136 0.0089257 0.4255193 0.6327295 0.4479059 0.3905514 0.5084658 0.0599961 0.0000000 0.4054190 0.0710839 0.1534434 0.3020191 0.4756613 0.3700010 0.7433405 0.1841519 0.2451802 0.7078292 0.4645005 0.2936156 0.2305024 0.2249446 0.5452636 0.6164264 0.2704833 0.1071150 0.7435224 0.2119384 0.6564674 0.2560802 0.6579911 0.0819951 0.3187175 0.0043353 0.7818769 0.3160473 0.0637606 0.4216012 0.6649108 0.1650495 0.3344454 -0.4267663 0.6635590 0.5982490 0.4725303 0.2512033 0.1254870 0.4502905 0.6781007 0.2719561 0.2756379 0.6985305 0.2290032 0.4442095 0.6581273 0.3631747 0.5809482 0.6749872 0.6736793 0.2823588 0.6241507 0.4513708 0.6932847 0.6365388 0.2709911 0.6135610 0.6641516 0.5029295 0.7168658 0.5890890 0.4997171 0.5910501 0.6922238 -0.0101945 0.2758762 0.2364803 0.4424395 0.0417503 -0.1040588 0.0440443 0.2197434 0.2401188 0.2352630 -0.0097375 0.3105016 -0.3770690 0.2981309 0.1506261 0.1122194 0.4682978 0.3453393 0.1166087 0.0425220 0.3134998 0.0540936 -0.3244407 0.1778365 0.0248870 0.2825472 0.1103998 0.2778777 0.3183631 0.3100428 0.2222649 0.1934131 0.2873479 0.2754079 0.2926447 0.1586491 0.3449761 0.1766310 0.3598296 0.0215022 -0.1194192 0.1967313 0.2459174 0.1964073 0.2832524 0.1113177 0.4029154 0.2846983 0.3383771 0.4648708 0.0982558 0.2967433 0.6331067 0.2027231 0.3775421 0.4765135 0.1137136 0.3013323 0.1270366 -0.0448687 0.2064490 0.6254145 0.1945817 0.4672493 0.0607426 0.2420116 0.2337363 0.0985367 0.2516015 0.2439482 0.1712191 0.4741827 -0.1273938 -0.0559195 0.1540050 0.3345288 0.3147717 0.5672068 0.2727364 0.1874074 0.4114237 0.2023202 0.0890445 0.0831670 0.1508141 -0.0925116 0.1562383 0.3621330 0.3516823 0.1383976 0.2814336 0.0405174 0.2038868 0.1317448 0.5960056 0.6726510 0.4431522 0.5548247 0.6002431 0.4513138 0.5191404 0.4805863 0.1931790 -0.2683939 0.4561528 -0.0347820 0.5335875 0.5639418 0.4838683 0.0821038 0.4851989 0.0873217 0.0076518 0.2491396 0.2393025 0.0820234 0.1767551 0.5178676 0.2012744 0.5880017 0.2656763 0.3098314 0.4833310 -0.0510999 -0.0379290 -0.5297615 0.1155723 0.6656662 0.6186579 0.1610437 -0.2076523 0.0980942 -0.6177931 0.2322381 -0.2065793 0.4615285 0.4739885
0.3905738 0.3616612 0.0639919 0.2785854 -0.2807861 -0.1336157 0.6642846 0.1891590 0.6670558 0.8462221 0.8140591 0.7159051 0.0262630 0.9088929 0.7026774 0.4054190 0.0000000 0.6364092 -0.0596941 0.2206170 0.3199072 0.1482861 0.6485146 0.7622913 -0.0527347 0.2620870 0.8823966 0.7221585 0.3185799 0.7017697 0.2114316 0.1270250 0.5768226 0.3955445 0.6540630 0.0188518 0.3916518 0.1126259 0.6853446 0.4951066 0.0828245 -0.0971026 0.7402271 0.5805772 -0.0547517 0.4803082 0.5872519 0.1012714 0.5354107 -0.1044504 0.6489463 0.6770588 0.7044827 0.3448455 -0.0750238 0.4611370 0.4721366 0.4611252 -0.3093364 0.5808363 -0.2367030 0.5661887 0.1248045 0.6028772 0.2814680 0.3236321 0.6392789 0.4943062 0.4197407 0.6864766 0.5023557 0.3711659 0.5511235 0.2552080 0.4406441 0.7052976 0.3603808 0.5488245 0.5929770 0.6144755 0.3786655 -0.1737457 0.1845300 0.0866175 0.1976204 0.1299022 0.1401186 0.2569721 0.4314841 0.3124368 0.4224960 0.2700404 0.2263059 -0.0776258 0.2852612 0.3691226 0.3630517 0.4257112 0.1168696 0.3206487 0.1777988 0.3655363 0.0696530 -0.0564595 0.3539980 -0.0133125 0.2674209 -0.1950208 0.3171755 -0.0792071 0.5765771 0.0856261 0.0513155 0.0553300 0.1599232 0.2069274 0.1416892 0.2081904 0.1924707 0.1614582 0.1427481 0.0275920 0.2105825 0.4576991 0.1437662 -0.1247493 0.3742484 0.2823904 0.1656912 0.7626729 0.6320690 0.2670731 0.6220523 0.4190653 0.4097664 0.4501298 0.5326742 0.0515024 0.4193577 -0.1168275 0.4096279 0.2527783 0.5214940 0.2311462 0.4878779 0.2750054 0.3763411 0.3253635 0.0209816 0.3558431 0.1487695 0.3402726 0.6013418 0.2337423 0.0831508 0.3114107 0.3289035 0.4048296 0.5433930 0.1192967 0.0335400 0.5892470 0.4253097 0.0529943 0.2436472 0.3978024 0.2395666 0.0937769 0.3674801 0.4019134 0.1795587 0.3812169 0.3153842 0.2270778 0.2858058 0.3208364 0.3812279 0.1070755 0.2036277 0.2069360 0.4442818 0.4180226 0.0903494 -0.0130797 -0.5755138 -0.1236738 -0.5063696 0.0275552 -0.0252476 -0.0442988 -0.2579917 0.0676443 -0.2934995 -0.3780756 0.0229573 -0.2113942 -0.0398761 -0.1397958 0.3003808 -0.1281487 0.3950759 0.2031478 0.3766756 0.2243107 -0.4569761 -0.5346370 -0.4720650 -0.2290041 0.5873395 0.3185154 0.1106396 -0.4355834 -0.3763268 -0.3503834 0.0625595 -0.2149958 0.5531542 0.6173159
