0.0000000 0.5515349 0.5448597 -0.0690431 0.6288899 -0.4296048 -0.3324272 -0.0582653 -0.3153008 -0.4342414 -0.2466391 -0.3121752 -0.4588327 0.2986753 -0.2096654 -0.1719374 0.0909818 0.0236945 -0.5602703 0.3156975 -0.0784380 -0.4409859 -0.2627792 -0.1210794 -0.5641676 -0.2706901 0.1276907 0.0962840 -0.2543814 0.3520145 -0.1708931 -0.3126451 -0.1891017 -0.1841039 -0.4135043 -0.1353973 -0.3850211 -0.5848293 0.4483511 0.2502991 -0.3162329 -0.4825735 -0.1712921 0.1757074 -0.4455154 -0.4936812 -0.3676745 -0.5363302 -0.0091961 -0.5855410 -0.5576191 0.1035169 -0.1543306 0.3108822 -0.6344829 -0.5741721 -0.5049353 0.0596360 0.2037847 -0.5326411 -0.1494474 0.0026260 -0.5466505 -0.1524555 -0.3428814 -0.3979114 -0.2776136 -0.1414854 -0.5549243 -0.1790832 -0.6201743 -0.2929017 -0.2694448 -0.2278665 -0.5898839 -0.5099572 -0.4470156 -0.6418009 -0.6499782 -0.4217387 -0.3030163 0.0248894 0.3806946 0.2935375 0.2307012 0.1221714 0.2616350 0.0211256 -0.1277909 0.1340543 0.2012236 0.1609991 0.2947284 -0.0005542 0.2324402 0.1621483 0.3064507 0.2870141 -0.2078385 0.2892437 0.1449297 0.2957394 0.3468853 -0.5680221 0.3463848 -0.0423062 0.3770617 0.2009467 0.2780911 0.6522754 0.0777048 0.4418574 -0.0287292 0.2331686 0.4937478 0.3287779 0.3245384 0.4415578 0.2237498 0.4208877 0.1693001 0.4016704 -0.1094845 -0.1254241 0.2587002 0.2672873 -0.4355182 0.1359739 0.3083062 -0.3335575 -0.2406985 0.0964647 -0.5864814 -0.2024006 0.3348706 -0.1148477 -0.3000920 0.2545974 -0.3012905 0.5131156 0.0922354 0.3295253 -0.2415571 0.1909377 -0.2162281 -0.2691610 0.0505856 0.4188527 -0.0128799 0.2433657 -0.0712241 -0.0865281 0.4528883 -0.0096216 0.3262794 -0.1477455 0.0324661 0.2766164 -0.0621129 0.2010673 0.4128078 0.3428666 -0.5635815 -0.0967052 0.2475464 -0.3460516 -0.3680070 -0.1384158 -0.1122831 0.2142529 -0.1700208 -0.3479902 0.6302329 0.3485887 0.3242112 0.4112632 0.2622500 0.3894149 0.1140276 -0.1053992 0.4009691 -0.2569381 -0.2711275 -0.5105590 0.0176586 -0.1128136 0.1893451 -0.2273878 -0.4047975 -0.3135513 0.5020684 -0.1452950 0.2909090 0.4781761 0.4002646 0.4908679 0.5047089 0.3355646 -0.2520356 0.2710173 0.0043495 -0.4645040 -0.5314491 0.1786770 0.3209131 0.0377145 0.5118465 -0.0701743 0.0222970 -0.2878267 -0.3436972 0.0492810 0.4409194 -0.1073306 0.0009326 -0.1305986 -0.1167672 -0.1337920
0.5515349 0.0000000 0.8356093 0.5441548 0.5421233 0.2567665 0.2791381 0.4395751 0.4863034 0.0713309 0.0846417 0.4502315 0.2321166 0.8176892 0.5111134 0.0949315 0.4041680 0.6798912 -0.0698391 0.2696054 0.5752028 -0.1316962 -0.0127437 0.5139890 0.0733676 0.2387353 0.6283495 0.7094028 0.4383098 0.7661698 -0.0230985 0.2557074 0.4366039 0.4066933 0.2192041 0.5888922 0.3238461 0.0510854 0.8111161 0.7330596 0.0866051 0.1981021 0.3915356 0.7464430 0.2760732 0.1503875 0.2307777 0.1988891 0.6595561 0.0582186 0.0152293 0.6311570 0.5209943 0.7720503 -0.0263082 0.0452580 0.1809039 0.7419497 0.0510958 0.1133613 0.2920225 0.6847520 -0.0000998 0.5684403 0.3981234 0.1748669 0.3819530 0.6080273 0.0419450 0.5858555 0.0343897 0.3101103 0.3574417 0.4446289 0.0306310 0.1000197 0.1256974 -0.0796757 0.0352348 0.2233997 0.0743446 -0.2954781 0.4022422 0.0860984 -0.0526053 0.1592816 0.1184527 0.1831986 0.0651327 0.2562796 0.4070054 0.3272591 0.3706389 -0.0537691 0.4499440 0.3919169 0.2123951 0.3812726 0.0438986 0.0869075 0.1917935 0.3420238 0.2483820 -0.1777686 0.1900240 0.3863850 0.3050752 0.2814319 0.2671687 0.3264566 0.2685526 0.2992765 0.1298613 0.3153497 0.4034322 0.4300296 0.4576601 0.3135829 0.2981701 0.2827690 0.2434519 0.3918045 -0.0445236 -0.0535717 0.0043176 0.1321832 -0.1484014 -0.0668006 0.0857967 -0.0076951 -0.1320409 -0.0171382 -0.2278668 0.2090666 0.1612723 -0.0205505 -0.0246042 0.2447722 -0.2461636 0.5303110 0.1902513 0.2346545 -0.1413048 0.2630877 0.0084726 -0.2078366 0.0344686 -0.0145163 0.1261532 0.2250794 0.2469420 0.2349179 0.3195172 -0.0160859 0.1122801 -0.3301751 -0.1838741 0.2462851 -0.0817140 0.3379994 0.2723964 0.3301762 -0.5571564 -0.2546915 0.2237579 -0.0882976 -0.2412158 -0.2221253 -0.2430095 0.2177874 -0.1567934 -0.2071286 0.5892077 0.6019047 0.8607931 0.7478392 0.5687909 0.3928078 0.6042725 0.5837336 0.1820889 0.2986405 0.1324641 -0.1680224 -0.0157298 0.4649941 0.3104246 0.4704065 0.2571623 0.2998817 0.3342564 0.5174867 0.8094685 0.1516124 0.3914027 0.2992588 0.2596889 0.8056137 0.3657806 0.2893515 0.2172549 -0.2388119 -0.2705372 -0.1572119 0.3259991 0.2358274 0.3271147 0.3776509 0.0992137 0.0856118 -0.0708843 0.1642255 0.3557629 0.1030549 0.3184305 0.4037811 -0.1670798 0.2300651
0.5448597 0.8356093 0.0000000 0.5641604 0.6900217 0.2154558 0.0794578 0.5835115 0.3742544 0.1338846 0.2519961 0.3005479 0.3020359 0.7163857 0.2684088 0.2410605 0.6518943 0.4645533 0.0721125 0.2382854 0.4392160 0.0455461 0.3277336 0.4058854 0.1934887 0.2535919 0.6897481 0.5327075 0.3403882 0.6687309 -0.0390753 0.3699553 0.3604177 0.3016758 0.2820065 0.4033037 0.4417190 0.0735922 0.7729095 0.5967400 0.2870261 0.1345819 0.5571993 0.5877220 0.1174921 0.1573902 0.2380016 0.1808747 0.4984220 0.0588876 0.0856619 0.5023943 0.3250611 0.6040445 -0.0689616 0.0756664 0.2668435 0.6050364 0.3677625 0.0287776 0.2829406 0.4781069 0.0265526 0.4334039 0.3375636 0.3330920 0.2521576 0.5121581 0.0713943 0.4842268 -0.0030571 -0.0371256 0.2636203 0.4133779 -0.0197648 0.0734084 0.1220571 -0.0982050 0.0068307 0.1396503 0.1169484 0.0440905 0.5210542 0.1457446 -0.0087944 0.1558876 0.2165267 -0.0533118 -0.0781123 0.0690418 0.5244986 0.3732554 0.4813957 -0.1255636 0.3989083 0.4987143 0.2294440 0.4410089 -0.1243158 0.0391074 0.1062128 0.3856784 0.3304283 -0.2360881 0.3607613 0.3392203 0.3408460 0.3975990 0.2799103 0.4000149 0.2064821 0.3227345 0.2684768 0.4258811 0.4053930 0.4854093 0.4519893 0.2997549 0.3717692 0.3389739 0.3563222 0.4963492 0.0473237 0.0646583 0.0903790 0.1235038 -0.0227678 -0.0044446 0.1595551 0.0888107 0.0201026 -0.0619523 -0.1522946 0.4579050 0.0868990 0.0702127 0.0771430 0.2424716 -0.1123733 0.5545233 0.1156400 0.2583447 -0.0596240 0.3383156 0.1369036 -0.0267752 0.1311854 -0.0887051 -0.0984322 0.2635600 0.2937938 0.3548714 0.4481685 0.0576292 0.0489355 0.0463256 0.0933465 0.2605896 0.0467538 0.3843932 0.2133329 0.3298599 -0.2624076 0.0072847 0.1602089 0.1284576 -0.0484404 -0.2670337 -0.1097493 0.2511601 -0.3308620 -0.2643491 0.5804265 0.4971004 0.6836345 0.6396807 0.4810130 0.4761433 0.4980352 0.3931860 0.3902981 0.1504621 0.1829998 -0.2403622 0.1641394 0.6340748 0.5982129 0.5863014 0.1647187 0.1380562 0.4839221 0.3169698 0.7016186 0.3781513 0.4834358 0.4236108 0.3561142 0.5836108 0.2076517 0.2005173 0.3630989 -0.0104122 -0.1577824 0.1210813 0.3249038 0.3684624 0.3088579 0.2904903 0.3228544 0.2276937 -0.0436319 0.2990514 0.3210247 0.0970228 0.0881369 0.2621765 -0.1241253 0.2601377
-0.0690431 0.5441548 0.5641604 0.0000000 0.1747604 0.8468470 0.5441414 0.9064729 0.8027695 0.6582674 0.8196984 0.7488364 0.7425430 0.5084872 0.5733655 0.5923509 0.4385315 0.5186602 0.6376658 -0.2077702 0.6623578 0.5323038 0.5966928 0.5192285 0.7175219 0.7510218 0.4502232 0.4311015 0.6545674 0.2742636 0.2553215 0.5472378 0.5214828 0.5205400 0.8341620 0.6921083 0.7801085 0.7667801 0.3137755 0.3123529 0.4362607 0.6643867 0.7235219 0.3712974 0.6180129 0.7839752 0.7963870 0.6878683 0.5553768 0.6824851 0.7594566 0.4376343 0.6000384 0.2959101 0.6521342 0.7187700 0.7645663 0.5161892 0.1281087 0.7255810 0.6158288 0.5336391 0.6633832 0.7467127 0.7460462 0.5638231 0.6909060 0.5939757 0.7277679 0.7679407 0.6422418 0.4501517 0.6266236 0.8435099 0.6573553 0.7165675 0.7942636 0.6707778 0.7073433 0.6991703 0.5169208 -0.0783914 0.4540191 0.0887222 0.0795430 0.1761773 0.0326058 0.2331633 0.0828046 0.1587265 0.2099241 0.2706578 0.3561391 0.3386880 0.0555540 0.3358884 0.1471935 0.3483995 0.1145193 0.2558268 0.2524332 0.3649767 0.3934245 0.3004836 0.1058623 0.4808003 0.2816710 0.4899984 0.3261879 -0.0159871 0.3021152 0.2438072 0.3536347 0.3542156 0.1253673 0.3372651 0.2829534 0.0589968 0.3454154 0.1286316 0.2287151 0.3202455 0.0113822 0.3504009 -0.0562795 0.2103668 0.5519366 0.0282283 0.2601113 0.6035517 0.3323869 -0.3259916 0.2656527 0.6192093 -0.0020289 0.4146004 0.3359686 0.3343472 -0.0198063 0.5132652 0.2303780 0.2271000 0.1676313 0.3469491 0.2039034 0.3805630 -0.1576950 -0.3441718 0.1146417 0.2921764 0.6902354 0.4362375 0.0186291 0.1885821 0.0556987 0.1488015 -0.1328093 0.2581209 0.0197369 0.3483635 0.2460328 0.3170519 0.2388337 -0.1156317 0.2757353 0.4779255 0.3704946 -0.1509804 0.0589110 0.2447174 0.0160506 0.1125923 0.0507633 0.4838209 0.4055325 0.4317810 0.4634971 0.3710649 0.5868070 0.6921785 0.1279699 0.4501882 0.3692189 -0.0315307 -0.0782406 0.7339468 0.4247793 0.7066515 0.8295859 0.7407713 0.3020432 0.7369947 0.7093402 0.1432096 0.3249321 0.2954053 0.2116901 0.6105031 0.4983169 0.3386204 -0.0572809 0.0893198 0.0775987 -0.1166221 -0.0235041 0.3726246 0.1666129 0.0505706 0.0304691 0.2809965 0.2215365 0.4711277 -0.0570397 0.0863004 0.4578900 0.2050354 -0.3443604 0.1990839
0.6288899 0.5421233 0.6900217 0.1747604 0.0000000 -0.1690623 -0.3376882 0.2960887 -0.0513588 -0.0386312 -0.0037677 -0.2413024 -0.0041476 0.4057761 -0.1426307 0.0785803 0.6668736 0.1931774 -0.2124058 0.1020287 -0.1570318 -0.4282006 0.0746578 -0.1120557 -0.0448800 -0.0259131 0.5007750 0.1216027 -0.2642551 0.5045362 -0.2656759 0.3384444 -0.2164788 -0.2385734 -0.0847360 -0.1919146 0.2326629 -0.3387566 0.6596179 0.4728594 -0.0566780 -0.3528525 0.3465289 0.1641609 -0.3711888 -0.0861333 -0.1036879 -0.1709730 -0.0402961 -0.2892024 -0.2539780 0.4610025 -0.1976226 0.4645400 -0.3229003 -0.1981901 0.0525178 0.2034408 0.2868645 -0.2826515 -0.0966117 0.2003450 -0.2423736 -0.1529377 -0.1757118 0.1752364 -0.0912157 0.2667230 -0.1758647 0.0500113 -0.3164111 -0.4006625 0.0923916 -0.0916441 -0.2936777 -0.2818694 -0.2979424 -0.3380909 -0.2238665 -0.3563219 0.1804781 0.1105003 0.2277591 -0.0191060 -0.2174260 0.0559506 0.1536992 -0.4078859 -0.1311421 -0.0549701 0.2820876 0.2339545 0.2239027 -0.1048879 0.4507995 0.3366553 0.0768865 0.1567854 -0.1492323 0.3392489 0.1945200 0.1259424 0.1494336 -0.1543148 0.3035487 0.1925799 0.1868899 0.1250941 0.1744932 0.4578262 0.1656231 0.2500668 0.2276479 0.3781154 0.3603588 0.3633513 0.3854942 0.2162466 0.3062252 0.3079132 0.2850107 0.4062526 0.0548912 0.1029169 0.1977580 -0.0145324 -0.4165895 -0.0269562 0.0645402 -0.2520151 -0.1155399 0.1562139 -0.3520460 0.1698248 0.1329533 -0.2223040 -0.0646852 0.0163739 0.0593037 0.3536481 -0.1749715 0.1364844 -0.0728222 0.1487137 0.1301466 -0.1331743 0.4137465 0.5125613 -0.1541142 0.0784748 -0.0582503 0.1924516 0.4488428 -0.1310147 0.1824041 0.0208992 0.1348961 0.1811649 0.0588295 0.1512514 0.0682255 0.0710290 -0.3346955 0.0057040 0.0114026 -0.1400766 -0.2854271 -0.3462706 -0.2217865 -0.0511009 -0.5304897 -0.4038118 0.3005663 0.2826124 0.2374122 0.1492603 -0.0444927 0.1587435 -0.0304016 -0.1869492 0.3991524 -0.2252642 -0.0038400 -0.2122421 0.2696935 0.1052257 0.3956114 0.3485863 -0.0879857 -0.3152646 0.3971405 -0.2341454 0.2566734 0.2269882 0.2336430 0.0684151 0.1431885 0.0955390 -0.0529355 -0.0708292 0.1317886 -0.2559362 -0.4068888 0.1421060 0.0756441 0.4267710 0.0075608 0.1440309 0.0055103 -0.1211583 -0.3379600 -0.0870599 0.3153824 -0.1801216 -0.1752724 0.0902721 0.1269452 0.2651741
-0.4296048 0.2567665 0.2154558 0.8468470 -0.1690623 0.0000000 0.6961898 0.7094379 0.8828666 0.7488790 0.7505199 0.7992702 0.7874507 0.3278988 0.6769203 0.4306382 0.3173682 0.5021389 0.6816842 -0.2278016 0.6377101 0.6384866 0.4109468 0.5607618 0.7723576 0.6708063 0.4047402 0.3565549 0.7412423 0.1654213 0.2790533 0.5651723 0.5695245 0.5896376 0.7548613 0.7268889 0.7148074 0.8872990 0.0969186 0.2238963 0.5103194 0.8503412 0.4995784 0.3012432 0.8022414 0.7839795 0.7089689 0.8059716 0.5458075 0.8105531 0.7740487 0.2952206 0.6685423 0.1587917 0.7795475 0.7353772 0.7445973 0.4690879 0.0201661 0.8073511 0.5739388 0.4966567 0.6529714 0.7625466 0.7737580 0.5909031 0.7095077 0.6038238 0.7435553 0.7690710 0.7427508 0.5952572 0.6318767 0.7830302 0.7565001 0.8527880 0.8172768 0.7649127 0.7988829 0.7272930 0.4850438 -0.2860652 0.0997803 -0.1754096 -0.1412815 0.0179460 -0.1228799 0.1916104 0.0801365 0.0420877 0.0163917 0.0665855 0.0650046 0.2143117 -0.0897499 0.0796303 -0.1640112 -0.0042900 0.2332756 0.0163044 0.0238298 0.0275985 0.0673547 0.3394510 -0.2289673 0.3689115 -0.0578881 0.1978753 0.1626337 -0.4020074 0.2114438 -0.1165503 0.1160006 0.0609078 -0.1959350 0.0349314 -0.0020742 -0.2549039 0.0008588 -0.2537147 -0.0833090 -0.0368556 -0.0327194 0.1189214 -0.3815598 -0.0479729 0.5276915 -0.0576279 -0.0322126 0.4797480 0.1251991 -0.3721482 0.2613098 0.4560384 -0.1818917 0.3066889 0.1656439 0.0857948 -0.1522738 0.2218164 0.1043026 0.0081713 0.1102468 0.1739070 0.0267894 0.2322540 -0.3480619 -0.5482193 -0.0022397 0.0813140 0.6513816 0.3582046 -0.3125057 0.0560527 -0.1257109 0.1311967 -0.1638380 -0.0078007 0.0204551 0.2301090 -0.0448648 0.0771529 0.2708108 -0.1106020 0.0615252 0.4596721 0.3229545 -0.1462180 -0.0086901 0.0430986 0.0233029 0.1965808 -0.2177594 0.2995260 0.2135531 0.1592827 0.3061300 0.1493278 0.4859302 0.6799400 -0.0536053 0.5294076 0.4848925 0.2065018 -0.0304489 0.6103690 0.2723639 0.6159346 0.8637209 0.7319807 -0.1029317 0.6906858 0.4271694 -0.2077710 -0.0083544 -0.0262650 -0.0675989 0.3988639 0.5155039 0.1565524 -0.1327842 0.1896370 0.1598502 -0.1923698 -0.1857649 0.2619209 -0.0625312 0.0172673 -0.1400251 0.3353064 0.2474333 0.3179370 -0.2741605 0.1170900 0.4550471 0.2253575 -0.2094339 0.2345014
-0.3324272 0.2791381 0.0794578 0.5441414 -0.3376882 0.6961898 0.0000000 0.2986816 0.6608544 0.3601007 0.3686970 0.7887454 0.3570832 0.2932512 0.5359006 0.0074450 0.0127734 0.5134536 0.2565883 -0.0882307 0.6705213 0.2989560 0.0766178 0.5824857 0.2953988 0.4376053 0.1841058 0.4478015 0.6685061 0.1038512 0.0706187 0.1551142 0.5738395 0.5644473 0.5344758 0.7140119 0.3198898 0.5273427 0.0129076 0.1973162 0.2632806 0.7208262 0.1582566 0.3975244 0.6904647 0.4475276 0.4321158 0.4861962 0.5764605 0.4765450 0.4489166 0.1464548 0.6144144 0.1882094 0.4398893 0.3823464 0.3020357 0.4884297 -0.0035821 0.5252607 0.5045354 0.4700464 0.3503540 0.7519104 0.6397539 0.2286804 0.4800632 0.4327537 0.4012870 0.7201241 0.4066144 0.6794707 0.2694875 0.6352177 0.5298034 0.5598738 0.6450171 0.4771701 0.4726271 0.6404784 0.1677947 -0.6526773 0.0653767 -0.0708840 -0.0548811 0.0532784 -0.1805348 0.3480002 0.1237803 0.1601150 0.2217224 0.1201356 -0.0469380 -0.0908704 0.1445723 0.0559632 -0.0607302 -0.1790380 0.4656431 -0.1844108 -0.0400163 -0.0802263 -0.0542991 0.0105495 -0.1300781 0.2779719 -0.1629779 -0.0541912 0.1013706 -0.4379216 0.3327143 -0.1486663 -0.1657559 -0.1894907 -0.1079800 -0.0334560 -0.1239771 -0.2597482 -0.2377624 -0.3088031 -0.3349261 -0.2790399 -0.2526817 -0.2447719 -0.4350094 -0.1748086 0.2267669 -0.4052232 -0.0831710 0.1734074 -0.1151738 -0.3294039 0.0668314 0.0618925 -0.1511240 0.0206102 -0.0477129 0.0808333 -0.3306087 0.1116032 0.0672060 -0.1077597 0.0287056 -0.0236431 -0.1369042 -0.1254376 -0.3343569 -0.4200662 0.2256480 -0.0958083 0.4253609 0.1208001 -0.3290599 -0.0493808 -0.1046109 -0.0358503 -0.1294714 -0.2165907 0.0355074 0.2234311 -0.1920082 -0.0982918 -0.0479892 -0.0337711 -0.1576797 0.1290320 0.0032802 0.0367548 -0.0595374 0.0091514 0.2049000 0.1651519 -0.2639687 0.4838208 0.4361566 0.5367933 0.5778375 0.3530589 0.5662258 0.7050587 0.1119284 0.6416245 0.4059334 0.2495875 0.0862217 0.4685492 0.1496184 0.3040370 0.6416672 0.6737762 -0.1397290 0.7109159 0.4147318 0.0114151 -0.0125424 0.1512852 -0.0054040 0.4944885 0.4699055 0.0198955 0.0077694 0.1692551 0.3120224 -0.0645466 0.0080478 0.1575422 0.0033006 0.1489627 -0.0192281 0.3756697 0.2638724 0.2478407 -0.1513448 0.2549511 0.5837647 0.3936510 -0.1296626 -0.0420310
-0.0582653 0.4395751 0.5835115 0.9064729 0.2960887 0.7094379 0.2986816 0.0000000 0.6547683 0.5946311 0.8508509 0.5957981 0.8111143 0.4016918 0.4440452 0.7190201 0.5250453 0.3482466 0.7483968 -0.3115612 0.5580942 0.4778182 0.7332950 0.3647340 0.7461731 0.6831529 0.3872290 0.2814293 0.5319547 0.1677191 0.2803339 0.5946515 0.3595835 0.3886600 0.7150160 0.5082498 0.8025746 0.7032749 0.2373930 0.1526303 0.4416132 0.5104106 0.7979927 0.2131369 0.4933967 0.7975827 0.7159585 0.5853566 0.3931417 0.5871961 0.7056174 0.3568666 0.4570425 0.1151059 0.5660720 0.7108286 0.7802759 0.3149753 0.2971007 0.5907111 0.6222672 0.3420156 0.6299075 0.5707737 0.6861813 0.5556933 0.5387029 0.4372097 0.7113695 0.5410267 0.5953351 0.2748052 0.5351265 0.7808536 0.5210385 0.5736504 0.7390286 0.6782683 0.6612491 0.6659287 0.6926304 0.1594583 0.4402796 0.0179137 -0.0209978 0.1682339 0.0505736 -0.0250924 0.0048981 0.0770418 0.1796283 0.2940110 0.3117933 0.2142106 -0.0405841 0.4211008 0.2673111 0.3244438 0.0630543 0.2729284 0.2010989 0.3272718 0.3752239 0.2924692 0.1463648 0.4641621 0.3101340 0.5141037 0.2518676 0.0816061 0.1962671 0.2408418 0.4393390 0.4454134 0.1252271 0.3795756 0.3388150 0.0805524 0.4500243 0.2088772 0.4030018 0.4531749 0.0508677 0.4693270 0.1206261 0.2354722 0.5482038 0.0062369 0.2996513 0.6828428 0.4906066 -0.3077265 0.3403375 0.6894374 -0.0920261 0.3321557 0.4716395 0.2611803 0.2020385 0.3938385 0.0523434 0.1468116 0.2696932 0.2571104 0.3022117 0.4266252 -0.0553694 -0.2293127 -0.0190941 0.2721044 0.6103301 0.3423864 0.0331597 0.1016984 -0.0601644 0.2575714 0.0436149 0.1941684 0.1390506 0.3347717 0.1248720 0.2479375 0.3635832 0.1045596 0.1249813 0.4295459 0.3576792 -0.2373136 0.2085757 0.2697077 -0.1884773 -0.0138907 0.1049325 0.2880046 0.3109272 0.2884205 0.3363889 0.3347241 0.4902806 0.5102568 0.1749058 0.3373786 0.3196608 -0.0601733 0.0190046 0.7055619 0.5582130 0.8025644 0.7496133 0.6727132 0.3325739 0.6064254 0.5815833 0.1748598 0.3077617 0.2509347 0.1314964 0.4698951 0.5798173 0.1974134 0.0125938 0.2104063 0.0959978 -0.0280982 -0.1762549 0.3698537 0.0446551 0.0016715 0.1734703 0.4197979 0.1542867 0.4459637 -0.2226546 -0.0085171 0.4281343 0.1344527 -0.4654131 0.0406649
-0.3153008 0.4863034 0.3742544 0.8027695 -0.0513588 0.8828666 0.6608544 0.6547683 0.0000000 0.6883519 0.5518902 0.8916280 0.6732949 0.6067334 0.8443488 0.2952690 0.3853909 0.7685160 0.5271482 -0.2592783 0.7858129 0.4513531 0.2839764 0.7949890 0.6768760 0.7128688 0.4892596 0.6638393 0.8668747 0.4178993 0.1375002 0.4991839 0.7952149 0.8014626 0.7235431 0.8144595 0.7281592 0.7684566 0.3782285 0.4769460 0.3348223 0.7318327 0.5960925 0.6241868 0.8740259 0.7273874 0.7390401 0.7322885 0.8083398 0.7235144 0.6810174 0.5084412 0.8656704 0.4555397 0.6967461 0.6736235 0.7098091 0.7432159 -0.0999222 0.7466668 0.4094961 0.7244453 0.6643983 0.8948443 0.7705157 0.4395390 0.7251099 0.7341622 0.6922057 0.8691659 0.6442317 0.7139205 0.6566980 0.7847983 0.6916110 0.7406106 0.6948734 0.6063201 0.6999240 0.7120537 0.4758881 -0.4282244 0.0363803 -0.2414793 -0.2791770 -0.0555368 -0.2074034 0.1767460 -0.0048066 0.0072401 0.0799085 0.0945597 0.0514965 0.0769648 -0.0296100 0.1120950 -0.2321938 0.0747245 0.0577152 -0.0269556 -0.0907656 0.0326769 -0.0387772 0.2209731 -0.2253041 0.3615220 -0.0850229 0.1228397 0.0059153 -0.3660264 0.0934381 -0.1982070 -0.0274112 -0.0234091 -0.1251197 -0.0092113 0.0348665 -0.2218881 -0.0279603 -0.2580794 -0.0875196 -0.0229806 -0.1874497 -0.0127842 -0.4308687 -0.1375342 0.3172920 -0.2749712 -0.2207581 0.3410399 -0.0619177 -0.4265260 0.1233236 0.4529928 -0.2070054 0.1269868 0.0631955 0.0013310 -0.2790326 0.2011639 0.0716078 -0.1070774 -0.0613710 0.0490885 -0.0857909 0.0428402 -0.3453621 -0.5471941 -0.0533152 -0.0037921 0.5017820 0.2657072 -0.2614948 -0.1235657 -0.1194573 -0.0854859 -0.3243966 -0.0701717 -0.1767553 0.0950664 0.0420677 0.0529754 -0.0253558 -0.3030208 0.0669949 0.2348427 0.1316970 -0.3635303 -0.2187360 -0.0549781 -0.1540630 -0.0428402 0.0404914 0.3200070 0.4759471 0.3783220 0.4928278 0.2587356 0.6403348 0.7389744 -0.1318022 0.4524984 0.2999535 0.0601908 -0.2106812 0.6473398 0.3214007 0.7017506 0.6900262 0.6750669 -0.1526503 0.7469718 0.6513069 -0.2098865 -0.0580036 0.0182173 0.0096792 0.6073418 0.5937760 0.1261967 0.0223052 0.0341172 -0.0261510 -0.2303082 -0.2133730 0.3349401 -0.2128318 0.0729515 -0.0865393 0.3086364 0.0900780 0.3055567 -0.2512277 0.0506509 0.4498767 0.2790032 -0.1481669 0.3354875
-0.4342414 0.0713309 0.1338846 0.6582674 -0.0386312 0.7488790 0.3601007 0.5946311 0.6883519 0.0000000 0.7575896 0.5138031 0.6479199 0.2904129 0.4755356 0.3557084 0.5871484 0.3292609 0.6130903 -0.4330192 0.2698780 0.5857942 0.4757971 0.3119793 0.7273753 0.6225504 0.2552327 0.1665196 0.3852559 0.0163621 0.2183551 0.4924132 0.3138320 0.2938646 0.5844353 0.2486177 0.6926289 0.6802431 0.0190035 0.0622285 0.2969825 0.4418240 0.5534984 0.0346097 0.4905809 0.6624837 0.5725869 0.5476535 0.2274246 0.6133647 0.6020257 0.1947746 0.3220842 0.0001072 0.7085098 0.6351436 0.7219804 0.2359376 0.2795272 0.6034705 0.4324622 0.2586470 0.7300423 0.4450988 0.4949443 0.5021608 0.3832561 0.3899960 0.6631225 0.6279911 0.6184960 0.2789500 0.4701038 0.5548878 0.5843554 0.8527619 0.6101198 0.6376658 0.7436453 0.5016034 0.7030652 -0.1293142 0.0886152 -0.2575605 -0.2822034 -0.0855645 -0.1034419 -0.1866217 -0.0344568 -0.1857070 -0.1457393 -0.0759278 0.0361376 0.1469738 -0.2105235 0.1171439 -0.3829734 -0.0616751 -0.1032283 0.2838100 0.0891670 -0.0707245 0.0478449 0.3488771 -0.2122986 0.2364552 -0.1474132 0.1594226 -0.0397149 -0.3309663 -0.0587406 -0.0869649 0.1725257 0.1116923 -0.2299176 -0.0156493 0.0002689 -0.3133514 0.0746810 -0.2273554 -0.0082081 0.0594090 0.1413227 0.2694750 -0.3093509 -0.1849471 0.5141115 0.0152523 -0.0680486 0.4519570 0.1636212 -0.0994831 0.3764176 0.4591610 -0.0159989 0.3141012 0.1711826 -0.1647059 0.0289000 0.0511253 0.1114539 -0.2314041 0.3309561 0.0416516 0.0012671 0.3414237 -0.1273495 -0.1985216 -0.1356836 -0.1341665 0.3678715 0.2963458 -0.1968056 0.0536409 0.3070726 0.4310380 0.1245023 -0.0072179 0.1182626 0.0759192 0.1498759 -0.0153712 0.4084178 0.1221957 0.1690769 0.4194746 0.3960438 -0.2020371 0.1180436 -0.0210063 -0.1085970 0.0961948 -0.2364076 0.3117345 0.0413408 -0.0445440 0.1048583 0.2267334 0.1917578 0.2591072 0.2306090 0.1598248 0.2581845 0.0523236 0.1588687 0.5350352 0.4692363 0.6578092 0.6364491 0.4214472 0.0022082 0.3253442 0.2826574 -0.0066176 -0.0705732 0.0096332 0.0614536 0.1101031 0.4372101 0.0014337 -0.0109828 0.1836969 0.2513791 0.2320676 -0.4663263 0.6664240 -0.1903713 -0.1734015 -0.0040800 0.3657213 0.2930544 0.4198823 -0.3961443 0.3200644 0.3187311 0.2386832 0.1813791 0.3643785
-0.2466391 0.0846417 0.2519961 0.8196984 -0.0037677 0.7505199 0.3686970 0.8508509 0.5518902 0.7575896 0.0000000 0.5028453 0.7038431 0.0874616 0.2470854 0.7284830 0.3744036 0.0643070 0.7916802 -0.4990965 0.3727507 0.7219980 0.7966708 0.1624726 0.7252599 0.6945910 0.0761306 -0.0321921 0.3831067 -0.2148128 0.3789050 0.3900111 0.2011488 0.2210698 0.6865845 0.3398462 0.6532615 0.7623358 -0.1683454 -0.2119664 0.3657987 0.5499862 0.5768389 -0.1307441 0.4073084 0.7406394 0.6720531 0.5026848 0.1252204 0.6003370 0.7206805 -0.0171918 0.2581052 -0.2551598 0.6507100 0.6913389 0.7095924 0.0208262 0.3944098 0.5940796 0.6890788 0.0271464 0.6618252 0.4448674 0.6183485 0.4923282 0.3667209 0.1750445 0.7216885 0.4335817 0.6027154 0.1952305 0.3671217 0.7307862 0.5856310 0.7249256 0.8327495 0.7699037 0.7358642 0.6780067 0.6997091 0.1542210 0.4278786 0.1105450 0.1431150 0.2212715 0.1461537 0.0532226 0.0601130 0.0821328 0.1034512 0.2513291 0.3216422 0.3478634 -0.2038205 0.3201318 0.1119545 0.2081759 0.0896422 0.3755033 0.2236369 0.2861219 0.4539221 0.2762929 0.1495558 0.4310632 0.2678864 0.5210932 0.3406440 -0.0356172 0.2052541 0.2753237 0.3904822 0.3787220 0.0686218 0.3008129 0.2303455 0.0193224 0.3788272 0.1217864 0.2785269 0.3589871 0.0883316 0.4863361 0.0618922 0.2596310 0.7662335 0.0850202 0.3942348 0.7804093 0.5340854 -0.3092169 0.4552009 0.6237093 0.0461738 0.5235916 0.4564629 0.2795993 0.1745633 0.3790868 0.1861813 0.1611066 0.4205430 0.3194382 0.2478021 0.5836619 -0.1136121 -0.2265827 0.0444741 0.2961821 0.7269946 0.4087875 -0.0259303 0.2581133 0.1545624 0.5277746 0.1974260 0.2295223 0.2955337 0.4016939 0.2182526 0.2943716 0.6110988 0.2586393 0.2533027 0.6183756 0.5768270 -0.0555503 0.4312792 0.3529253 0.0621520 0.2421663 -0.2351064 0.2358860 -0.0165046 0.0996723 0.2551362 0.3805928 0.3278141 0.3911308 0.3045325 0.3497602 0.3620767 0.0251860 0.1035378 0.6370741 0.5090085 0.5965569 0.7773388 0.6608386 0.3116263 0.5107727 0.3510383 0.2586297 0.2402396 0.3186387 0.2241230 0.2525952 0.4700845 0.2793542 -0.1335743 0.3049130 0.2990848 0.1809610 -0.2917077 0.4070720 0.1155544 -0.2382274 0.1175471 0.4287843 0.3653917 0.6209439 -0.3465209 0.2073729 0.4923491 -0.0447062 -0.3604369 0.0151761
-0.3121752 0.4502315 0.3005479 0.7488364 -0.2413024 0.7992702 0.7887454 0.5957981 0.8916280 0.5138031 0.5028453 0.0000000 0.6013324 0.4740860 0.8553353 0.2904855 0.1352462 0.6867773 0.5007719 -0.2137679 0.9017226 0.4406067 0.2685618 0.8340884 0.5862130 0.7184880 0.3183126 0.6484726 0.9335599 0.2516075 0.2475868 0.3589090 0.8426422 0.8562290 0.7428485 0.8713785 0.6366114 0.7707778 0.2188584 0.3084619 0.4404440 0.7714338 0.5276700 0.5740078 0.8847663 0.7406603 0.7702428 0.7277782 0.8180308 0.7520284 0.7013989 0.4478961 0.8807290 0.2986539 0.7140230 0.7111935 0.6272629 0.6152807 -0.1384043 0.7526745 0.4403021 0.6605007 0.6779011 0.9318198 0.7701063 0.3166512 0.7218181 0.5660898 0.6915701 0.7756904 0.6431010 0.8137032 0.5112136 0.8210991 0.6798381 0.6428454 0.7638401 0.6587155 0.6559231 0.8275200 0.3931617 -0.3877952 0.2301861 -0.0682364 -0.0827961 0.0931389 -0.1374601 0.3461746 0.1522878 0.1811643 0.0921200 0.1615619 0.0402969 -0.0305738 0.0126136 0.2122087 0.0796730 0.1178698 0.2618588 -0.1104718 0.0271855 0.1035349 0.0802801 0.2188134 -0.1125209 0.3728178 0.0004727 0.2156719 0.0222664 -0.3464361 0.1914520 -0.1503914 -0.0100527 -0.0192085 -0.0761308 0.0604298 0.0602452 -0.1525735 -0.0004501 -0.2094321 -0.0571001 -0.0285450 -0.1973297 -0.0054016 -0.3340468 -0.0580577 0.3547252 -0.2568838 -0.1207283 0.3993733 0.0517770 -0.3840254 0.1796416 0.3614283 -0.2037432 0.1875073 0.1354151 0.0977675 -0.1926248 0.0831415 0.1421951 -0.1632074 0.0748400 -0.0404368 -0.0384454 0.0757818 -0.3296708 -0.5448290 0.1006286 -0.0506319 0.4355525 0.1218398 -0.2440077 -0.0146855 -0.1346261 -0.1415282 -0.1857036 -0.0942386 -0.0756839 0.0969814 0.0033481 0.0734327 0.0020646 -0.1403823 0.0284710 0.1838851 0.1441708 -0.1157773 -0.0068489 0.1128142 0.0593941 0.0693030 0.0864753 0.3486227 0.5256660 0.5539785 0.6511524 0.3121058 0.7387196 0.8209602 -0.1083909 0.4436836 0.2084184 -0.0135506 -0.2339342 0.6207985 0.2344480 0.5433065 0.6736706 0.7953492 -0.1318612 0.8574409 0.6399563 -0.0737471 -0.0080718 0.1631329 -0.0086372 0.6430811 0.5841873 0.0919825 0.1738309 0.1188702 0.1169233 -0.2548971 -0.0865377 0.1881761 -0.0947088 0.0834768 0.1621283 0.3415139 0.1425231 0.2511628 -0.2231320 0.0562820 0.4892014 0.3536108 -0.2668134 0.0035136
-0.4588327 0.2321166 0.3020359 0.7425430 -0.0041476 0.7874507 0.3570832 0.8111143 0.6732949 0.6479199 0.7038431 0.6013324 0.0000000 0.2236309 0.5337716 0.6125134 0.4470603 0.2703310 0.8315889 -0.1080034 0.4479116 0.5827059 0.5941656 0.2960855 0.8585217 0.4711403 0.4461689 0.1783953 0.5311107 0.1129920 0.4443669 0.7689760 0.3090079 0.3248807 0.6530122 0.5217795 0.8281328 0.8177127 0.0875999 0.1145135 0.6687211 0.6910364 0.6223506 0.1315647 0.5971229 0.8052446 0.6228072 0.8253124 0.3269732 0.7384013 0.7075804 0.2916181 0.4304161 0.0521805 0.7251865 0.7814130 0.8474052 0.2982477 0.1638395 0.6311985 0.5746560 0.3110944 0.6593490 0.4935183 0.6779890 0.7838196 0.5600333 0.5221408 0.7465605 0.5359291 0.7716272 0.3018817 0.5658816 0.6573635 0.6400281 0.6471755 0.6734525 0.7550465 0.7614822 0.6360452 0.6221620 0.1108972 0.1803175 -0.1921735 -0.2300031 0.1004277 -0.0356397 -0.0814210 0.1801816 0.0615708 0.0418321 0.1312691 0.1397156 0.0936669 -0.0645151 0.3249562 0.0826840 0.1112908 0.2127799 0.0300734 0.1585869 0.1086294 0.1268319 0.5563619 -0.1345682 0.4452431 0.0525750 0.3126683 0.1004524 -0.2325790 0.1485422 0.0110198 0.4713233 0.3039143 -0.1487560 0.2110932 0.1792182 -0.1406668 0.2777056 -0.0799349 0.2789406 0.2009073 0.2974199 0.4043292 -0.1227328 -0.0320860 0.6063867 0.1064074 -0.0280297 0.6578849 0.4474985 -0.0575501 0.6115345 0.6815847 -0.1493288 0.3499702 0.5744623 -0.0408763 0.3758026 0.0194175 0.0969793 -0.0362270 0.4373952 0.1388822 0.3955104 0.4194412 -0.0422457 -0.4212060 0.0569424 0.1080420 0.4628449 0.3743973 -0.1913172 0.1731200 -0.3131144 0.2013250 0.0617056 0.0516532 0.2668176 0.1895429 -0.1873398 0.0272937 0.4834030 0.1399817 -0.0455819 0.5309771 0.4520234 -0.0007580 0.2274877 0.1275633 -0.0403763 0.2196347 -0.0995807 0.1674576 0.2385099 -0.0026761 0.0024062 -0.1035311 0.2400081 0.4667528 -0.0992347 0.5025797 0.5913908 0.3739091 0.1589481 0.5504877 0.2746060 0.7792712 0.7998616 0.6082127 -0.0830536 0.5023286 0.2999108 -0.2804305 -0.0022368 -0.2181109 -0.3016341 0.2077304 0.5852831 -0.0312765 0.1148609 0.5151619 0.3894402 -0.1780995 -0.1334798 0.2076982 -0.1113770 0.3022118 0.1849252 0.5494917 0.3972798 0.2461499 -0.2559560 0.1315237 0.3116906 0.3974105 -0.2931723 0.2122978
0.2986753 0.8176892 0.7163857 0.5084872 0.4057761 0.3278988 0.2932512 0.4016918 0.6067334 0.2904129 0.0874616 0.4740860 0.2236309 0.0000000 0.6228293 -0.1174947 0.5458488 0.8761674 -0.0142454 0.1533116 0.5975566 -0.1339283 -0.0364556 0.7105961 0.1591911 0.3254739 0.6516384 0.9004750 0.5393536 0.8354710 -0.3027253 0.2617636 0.6191255 0.5809866 0.2735067 0.5327841 0.3644821 0.0866873 0.8299544 0.8304100 -0.0388003 0.1050308 0.5441496 0.8711583 0.4543055 0.2027775 0.2407065 0.1665838 0.7783914 0.0861269 0.1346549 0.6662529 0.6419818 0.8289925 -0.0064204 0.0805241 0.2290830 0.8600448 0.0832646 0.2573009 0.2532271 0.8198491 0.1628202 0.6530318 0.4738171 0.0975101 0.4730076 0.6931543 0.0875409 0.7661172 0.1364248 0.4305613 0.5021265 0.4646550 0.0545541 0.3469027 0.1649076 -0.0301163 0.1351147 0.2560407 0.1314556 -0.4144915 0.0550184 -0.2306889 -0.3142140 -0.2699473 -0.2740197 -0.0573794 -0.3281116 -0.1929062 0.1749230 -0.0385884 0.0683741 -0.1066496 0.1796198 0.0576004 -0.1510476 0.1665175 -0.2524276 -0.0914976 -0.1521616 0.0394542 -0.1574261 -0.1985589 -0.1335706 0.0217404 -0.0313205 -0.0308948 -0.1421121 0.0836145 -0.1134787 -0.0449690 -0.1175629 0.0378121 0.0396923 0.0531700 0.0939370 -0.0249248 0.0019366 0.0849546 0.0022799 0.1202564 -0.1887859 -0.1546237 -0.1394462 -0.0670155 -0.1802033 -0.2387356 -0.0392064 -0.1071417 -0.2245826 -0.1941690 -0.2827001 0.0823303 -0.1617718 -0.2404694 -0.2605215 0.0521908 -0.4373080 0.3600526 -0.0997349 -0.0178898 -0.4108795 0.0448541 -0.2565169 -0.3324026 -0.1885897 -0.1498008 -0.2407234 -0.0830342 0.0878102 0.0189700 0.0471339 -0.3366590 0.1397806 -0.2409817 -0.3398357 -0.0449386 -0.4353771 0.1032359 0.2202291 0.0311837 -0.4872320 -0.3266801 0.0436212 -0.2356985 -0.3498702 -0.5585968 -0.5328906 -0.1227744 -0.4334485 -0.4955673 0.5685653 0.5321615 0.8097307 0.6382185 0.5843227 0.4787889 0.6604733 0.5255956 0.1523748 0.1296839 -0.0809065 -0.3314394 -0.0723993 0.5743018 0.4920874 0.6055116 0.2107945 0.2912842 0.2827127 0.4929705 0.7881911 0.1689454 0.3491278 0.2763393 0.3088695 0.7458168 0.4381717 0.1387618 0.1115711 -0.3619867 -0.2989644 -0.0209196 0.0230387 0.4202312 0.0612486 0.1763363 -0.0838268 0.1305984 -0.2221068 0.1677559 0.0792678 0.0919298 0.2744726 0.4086204 0.0566314 0.2920764
-0.2096654 0.5111134 0.2684088 0.5733655 -0.1426307 0.6769203 0.5359006 0.4440452 0.8443488 0.4755356 0.2470854 0.8553353 0.5337716 0.6228293 0.0000000 0.0550734 0.1971371 0.8258682 0.3096914 -0.0384832 0.8010473 0.2077713 -0.0569851 0.8457415 0.4685196 0.5190682 0.4313093 0.7607501 0.8666314 0.4697648 0.1795467 0.3799428 0.7923267 0.8341023 0.4791620 0.7689390 0.5284503 0.5845885 0.3998323 0.5079495 0.3235663 0.5370063 0.4596391 0.6761049 0.8464478 0.5903921 0.5557586 0.6349521 0.8409720 0.6167602 0.4910522 0.6154577 0.8955599 0.4755487 0.5862563 0.5474524 0.5050267 0.6712005 -0.2788247 0.6515224 0.2262042 0.7804933 0.5527444 0.8304272 0.6128548 0.1904936 0.7087015 0.6156955 0.4968578 0.7289180 0.5437415 0.8465732 0.5722552 0.6229643 0.4600815 0.5579937 0.4932974 0.4586485 0.5086840 0.6168400 0.3327659 -0.4572830 0.0012299 -0.3088465 -0.3453397 -0.1266827 -0.2926619 0.1483607 0.0477339 0.0326594 -0.1999614 -0.1066840 -0.1700620 -0.0819716 -0.0636508 0.0329928 -0.0751038 0.0147420 0.1092677 -0.1189589 -0.0362372 -0.0809755 -0.1714987 0.2402372 -0.3877423 0.1580859 -0.1497781 0.0224613 -0.2079533 -0.3256226 -0.0376842 -0.3119943 -0.1111852 -0.0958314 -0.2248513 -0.0908756 -0.0152254 -0.2431034 -0.1066460 -0.2820017 -0.1150012 -0.0863599 -0.1268202 -0.0742511 -0.3972065 -0.1810353 0.0781820 -0.1326903 -0.2965311 0.1383987 -0.1520453 -0.2049585 -0.0009077 0.1229720 -0.2507533 -0.0030392 -0.0859205 -0.1312065 -0.2958358 -0.0856191 0.0211096 -0.3169094 -0.1056490 -0.2007998 -0.2402332 -0.1246254 -0.4065756 -0.4375040 -0.0806406 -0.2612008 0.1333895 -0.0921084 -0.3472439 -0.2045363 -0.0917398 -0.3856643 -0.3197883 -0.1827165 -0.2815368 -0.1213942 0.0104576 -0.0688474 -0.2424332 -0.2961807 -0.0177292 -0.1070127 -0.0977881 -0.2846507 -0.2518076 -0.0995107 -0.1561752 -0.1548028 0.3029931 0.2952900 0.5583995 0.3646248 0.4691041 0.1063968 0.6475300 0.6887325 -0.2711550 0.2002513 -0.0026221 -0.1467264 -0.3047304 0.4164092 0.1365770 0.5124390 0.4988231 0.5980943 -0.2455926 0.6945758 0.5437552 -0.3198191 -0.1075913 -0.0881146 -0.1651110 0.5825341 0.5598428 -0.0196952 0.1478072 -0.1380566 -0.1497378 -0.3799249 -0.1730781 0.1497651 -0.2018800 0.1003613 -0.0181536 0.1722876 -0.0838027 -0.0404879 -0.2047315 -0.0411021 0.3496755 0.4614347 -0.1156420 0.0751870
-0.1719374 0.0949315 0.2410605 0.5923509 0.0785803 0.4306382 0.0074450 0.7190201 0.2952690 0.3557084 0.7284830 0.2904855 0.6125134 -0.1174947 0.0550734 0.0000000 0.1096547 -0.1596908 0.7862819 -0.4452556 0.2559555 0.5907921 0.8219487 -0.0151485 0.7056824 0.6205514 0.0397984 -0.1520258 0.2063706 -0.1842632 0.4342445 0.4035076 0.0614487 0.0650585 0.5803230 0.2753507 0.6258036 0.6416076 -0.0937627 -0.2213649 0.3816592 0.4983791 0.5431555 -0.1805314 0.1738291 0.6584768 0.6589389 0.4818943 -0.0146267 0.5631371 0.6169520 0.0719237 0.0949525 -0.2480807 0.5696714 0.6712187 0.7124678 -0.1183197 0.0960934 0.4888975 0.5672474 -0.0647206 0.4578089 0.2041656 0.5320286 0.5578044 0.3449774 0.1421776 0.6743455 0.0466131 0.5801903 0.0124768 0.4051896 0.5868692 0.5356429 0.3859485 0.6483845 0.6966527 0.6662225 0.5768521 0.5464212 0.5648431 0.5354723 0.3526129 0.3708986 0.5229664 0.4904596 0.2931712 0.3602753 0.4040355 0.3064071 0.5755361 0.5559220 0.3764764 0.0688072 0.5089710 0.4021654 0.5289071 0.1936883 0.2442359 0.3881842 0.5688506 0.6489084 0.4025405 0.4421669 0.6716388 0.5749629 0.7416578 0.5513372 0.2140557 0.3648976 0.4551546 0.5940519 0.6361919 0.3572428 0.5759901 0.5938581 0.4476927 0.7097903 0.4564366 0.6841660 0.6139705 0.2150991 0.6346664 0.4609182 0.5953905 0.7258840 0.2582863 0.4898874 0.8263955 0.7614844 -0.1842968 0.5641473 0.7298672 0.1345069 0.6156715 0.7374474 0.5549110 0.5468982 0.4068344 0.2934886 0.4649130 0.4501116 0.5668606 0.6980295 0.6958709 0.3541565 -0.0965104 0.2064964 0.6522743 0.7247890 0.6090329 0.3872697 0.4570273 -0.0093714 0.2816896 0.1875907 0.5439179 0.3994543 0.5360144 0.2334058 0.6159573 0.5475597 0.1963619 0.4492393 0.7222567 0.6144741 0.1594617 0.5756551 0.6419388 0.2532895 0.4951810 -0.1539832 -0.2165283 -0.1288724 -0.0038745 0.0742960 0.0304427 0.2178875 0.3548102 -0.0362160 0.3186717 0.3016588 0.1734744 -0.0979809 0.4863575 0.1597802 0.4486934 0.5875615 0.5549550 0.3251488 0.4226480 0.2838401 0.0523093 0.3077456 0.1561399 0.0754270 0.1761029 0.3418277 0.4844170 -0.0253456 0.3104973 0.2077303 -0.2093690 0.0022148 0.0358798 0.2076766 -0.0227019 0.2415988 0.1636238 0.3216454 0.3979727 -0.0907534 0.0599246 0.1991911 -0.2576667 -0.4786730 0.0669229
0.0909818 0.4041680 0.6518943 0.4385315 0.6668736 0.3173682 0.0127734 0.5250453 0.3853909 0.5871484 0.3744036 0.1352462 0.4470603 0.5458488 0.1971371 0.1096547 0.0000000 0.3702055 0.2092168 -0.0279884 0.0629678 0.0617207 0.3385860 0.1833080 0.4010146 0.2159561 0.6602785 0.2648660 0.0960417 0.4612208 -0.1296229 0.6108908 0.1051273 0.0488374 0.2215457 0.0075441 0.5936379 0.1230295 0.5388061 0.4396999 0.2696992 0.0182926 0.5889501 0.2351256 0.0713293 0.2584269 0.1362617 0.2138665 0.1712745 0.1124533 0.1118255 0.4036426 0.0658324 0.3725791 0.0976739 0.1604372 0.4343485 0.3874176 0.5697550 0.0561950 0.2006663 0.3122755 0.2084271 0.1784168 0.1935161 0.5053845 0.0941572 0.4858987 0.1807038 0.4880160 0.1077244 -0.1928283 0.2794862 0.2325202 0.0522106 0.3107542 0.0780943 0.0458967 0.2115252 0.0030176 0.4970579 -0.0424454 0.0999167 -0.3328284 -0.5244292 -0.1626171 -0.0620419 -0.6261821 -0.2492426 -0.3498643 0.1758415 0.0213714 0.0850411 -0.2676862 0.1899589 0.2957860 -0.2943850 -0.0723550 -0.2230162 0.1490838 -0.0202061 -0.1275172 -0.0813102 -0.0137018 -0.0134742 0.1601126 -0.1529423 0.0176394 -0.0795063 0.0085898 -0.0458629 -0.0504604 0.1985910 0.2233842 -0.0311360 0.1388571 0.1298746 -0.2100663 0.0989394 -0.0667797 0.1000467 0.1989805 0.1685561 0.0832617 -0.1929425 -0.3567408 -0.0483228 -0.1135779 -0.1713492 -0.0077192 -0.0780651 0.0960293 -0.0050935 0.4102857 -0.0647849 -0.1117930 -0.0044887 -0.2945940 0.0306701 0.1184151 -0.1841847 -0.2166924 0.1303082 0.0069488 0.0323675 -0.0288729 0.1770888 0.0909901 -0.3613980 -0.2031203 0.0545246 0.2668522 0.1130655 -0.1686095 0.1517130 0.3823028 0.3008551 -0.0849518 0.1521229 0.1106132 -0.0876736 -0.1654052 0.0191159 0.2404821 -0.1396927 0.1183212 -0.0308614 -0.4224068 -0.1429472 -0.1712987 -0.6118955 -0.3537565 0.1281691 0.4217070 0.3137572 0.1036712 0.0260364 0.2743497 0.0842462 -0.0157071 0.5175675 -0.0288709 0.2609214 -0.0356645 0.5171540 0.5034856 0.7316431 0.7644205 0.2331920 -0.0738481 0.1903711 -0.0476585 0.2946603 0.1651890 0.0736111 0.0037567 0.0622739 0.0614149 0.2578135 -0.2773664 0.2964992 0.1384298 0.0318653 0.4148000 -0.2099216 0.7718464 -0.1992947 0.1417878 0.1585801 0.3883049 -0.0098091 0.1920769 -0.0747064 0.1871094 0.0026006 0.3965729 0.3319693 0.4555391
