0.0000000 0.2692933 0.3202430 -0.3993057 0.5548976 -0.4196972 0.1992553 -0.3239700 -0.3437364 -0.5824579 -0.5983116 0.0283872 0.2472689 -0.1315834 0.1972521 -0.4311626 -0.6299792 0.4507708 -0.2897002 0.2800343 0.0301596 0.1832711 -0.4550954 0.2119989 0.1188384 -0.2054566 -0.1287825 0.4747003 -0.1734298 -0.1120160 0.4667837 0.5812515 0.3668946 -0.0059592 -0.2586544 0.4830124 -0.0478415 0.3579074 -0.3903035 -0.0480054 0.6381660 0.1584489 -0.4244733 0.1567195 -0.4059920 -0.1008570 -0.2915487 0.7494533 -0.1429333 0.0250414 -0.3246679 -0.4200549 -0.3005073 -0.2967439 0.6814200 0.1461442 -0.0534640 -0.4517965 0.4566106 -0.3007448 -0.1917292 -0.4506745 0.5745657 -0.3815365 -0.1638289 0.4242582 -0.2969201 -0.3320611 0.1458764 -0.3177186 -0.1411219 -0.4437726 -0.2974164 -0.0483565 -0.3552167 -0.2851956 -0.2375413 -0.2296797 -0.2563180 -0.1695463 0.2526137 -0.3036158 -0.1172486 0.0782247 0.0820757 -0.1846546 -0.0686988 -0.0501212 -0.0236207 0.1340078 -0.4154103 -0.1730103 -0.0844831 -0.2044264 -0.0679047 0.1489783 -0.2636698 -0.0381306 0.1198215 0.2951998 0.1886254 0.0217667 -0.2095663 0.0207653 0.0816795 0.2982938 -0.0584734 -0.2392204 0.2944951 -0.1533722 0.2643320 0.0667483 0.0439848 -0.1633636 -0.0577462 0.0748121 -0.1898609 0.0801315 -0.0887948 -0.0336859 -0.0566691 -0.1256009 0.1018956 -0.1382451 -0.3249670 0.0701118 -0.1115903 0.0806623 -0.1418247 -0.1125217 -0.0884547 -0.0742740 -0.2125357 -0.2207498 -0.0263927 -0.0371285 0.1761926 0.1042661 0.0867531 0.2471502 -0.4345686 0.2038226 0.0641655 0.2843215 0.1645303 -0.1947124 -0.1200737 -0.0743882 -0.3948480 0.1134229 0.2113411 0.1980117 0.0414986 -0.5287396 -0.2224224 0.0403832 -0.5563207 -0.1493880 -0.4999598 0.0997461 -0.2609985 -0.0623162 -0.0986959 -0.2078695 0.0016942 -0.2545185 -0.5032717 -0.4477803 -0.3796316 -0.1561662 -0.3488686 -0.3126200 -0.1061414 -0.0232080 0.3152495 0.2028533 0.0520895 -0.0750951 0.2319120 0.2213678 0.0926901 0.2567357 0.2930800 0.1202074 0.4820470 0.4507800 0.5092101 0.6922979 -0.1445503 -0.2998267 0.0413788 -0.2601358 0.0249029 -0.0353380 0.0500643 0.0397837 -0.0779127 0.1446522 0.2777620 0.0649670 0.2812458 0.3555281 0.3641316 0.3285230 0.0380631 0.4908916 0.1547901 0.0945971 0.3685321 0.3771854 0.4369646 0.3232123 0.2531840 0.0881095 0.1021083 0.3200790 -0.1053234 0.0676784
0.2692933 0.0000000 0.4288463 0.1963652 -0.0929627 0.3092127 -0.1899712 0.0115628 0.0957850 -0.0353120 -0.1221456 0.0450990 0.1661407 -0.3667119 0.0505896 -0.1133161 -0.0086621 -0.1780508 -0.0930071 0.2815847 0.1480341 0.2715039 -0.1844130 -0.0951486 0.2708281 -0.2044348 0.2933039 -0.0659832 -0.1105885 -0.3518209 0.1873135 0.2304070 -0.0292258 -0.1749340 -0.0989046 0.4387998 0.0647138 0.1099334 -0.0579606 -0.1033198 0.1111991 0.2067824 -0.0506983 -0.1568623 -0.1967123 0.1398872 -0.3396859 0.2716157 -0.0620651 -0.0035913 -0.2087435 -0.2524124 -0.0104886 -0.1817612 0.2348372 0.0245462 -0.0430198 -0.1472904 0.1030299 -0.1077533 0.0325945 -0.2009776 0.2614352 -0.0843028 0.0438995 0.0634635 -0.1478981 -0.0060278 -0.2272668 -0.0973751 -0.0862393 -0.0072427 -0.0960676 0.0954547 -0.2704382 -0.1441747 -0.0885195 -0.0618666 -0.1130735 0.2433525 0.1283548 -0.2676987 -0.1582045 -0.0432396 0.1727716 -0.2464824 0.1742994 -0.3050200 -0.0386028 0.1798808 -0.1876589 0.2757713 -0.3066408 -0.1928274 0.1487577 0.1350277 -0.2843808 -0.1356355 0.1536076 0.1477555 0.3223135 -0.0297587 -0.2825287 -0.1191726 0.1799803 0.2624841 -0.0819786 -0.1287373 0.1144148 -0.0417100 0.4433959 0.1965091 0.1927307 0.0009506 0.1702330 0.0727273 -0.1463029 0.1163405 -0.0582887 0.2696521 0.2902188 0.1922907 0.1804131 0.0544558 -0.1283028 0.3680221 -0.1212669 0.2033571 0.3539394 -0.0527105 -0.1609534 -0.0571736 -0.2618264 0.1296565 -0.1590027 0.1807607 0.0654306 0.3530601 0.0239473 0.4682042 -0.3209116 0.2681555 0.0941793 0.1954310 -0.0111763 -0.3267177 -0.2000400 -0.1987028 -0.2629939 0.0585182 0.3177069 0.0558300 -0.1738153 -0.5529918 -0.4265643 -0.2664760 -0.2725737 -0.2582636 -0.1325688 0.0630235 -0.3012215 0.1189347 -0.3556326 -0.3060236 -0.2975486 -0.4547456 -0.3556040 -0.3769012 -0.3183043 -0.0357258 -0.3428524 -0.4519570 0.1136257 0.5121086 0.6137065 -0.0926275 -0.2280064 -0.3146580 0.2364950 0.3742999 0.0440970 0.1019040 0.1619478 -0.0495101 -0.0653762 0.1691109 0.1652512 0.2272375 0.1848814 0.0794290 0.3512987 -0.0155164 0.0452126 0.3349986 0.3875885 0.3741128 0.4217235 0.2593993 0.2034064 0.5712622 0.4186871 0.1583902 0.3373741 0.5420808 -0.4794640 0.0544571 0.5324108 0.3127684 0.5158302 0.3279724 0.2314728 0.4246602 -0.3323512 0.1005401 0.1944320 -0.0580815 0.2294881 -0.0195040
0.3202430 0.4288463 0.0000000 0.2132258 0.3306274 0.2352746 0.1465653 0.1191854 0.1332244 0.0091135 -0.1163083 0.4792697 0.4808060 -0.5172795 0.2982741 -0.0579497 -0.4418675 -0.1524377 -0.0716219 0.5396521 0.4762146 0.4088918 -0.2000493 -0.0593546 0.1989323 -0.1130014 0.3511109 -0.0479718 0.1564089 -0.1728297 0.4558240 0.3172288 -0.0831360 -0.1425051 0.0846483 0.4427298 0.1522391 0.3428497 -0.0733758 0.0680465 0.2044795 0.4228053 0.0160089 0.1919864 0.1538883 0.1704691 0.1954111 0.3832809 0.0202942 -0.2724645 0.0869791 -0.1909211 0.2193887 0.0543217 0.4597348 0.4419087 0.3260492 -0.0799854 0.1170432 0.0339269 0.1936796 -0.2389637 0.2680702 0.0895448 0.2976685 0.0594163 -0.1086465 -0.0234370 0.0738457 -0.0480841 -0.0227145 0.1471145 0.0341742 0.4061745 -0.1496721 0.0905453 0.1325324 0.0744926 0.1721529 0.5388609 0.4621597 -0.2382486 -0.1580162 -0.1023894 -0.0401488 0.1072115 0.0106823 -0.3838612 0.1594527 0.2598537 -0.1959225 -0.0796763 -0.5418477 -0.0126873 0.1179943 0.2690316 -0.2177737 -0.0290396 0.0384344 0.4074789 0.2418190 0.2634765 0.0146130 0.2119207 -0.0826857 0.1804307 0.0839899 -0.0060389 -0.0455041 0.1522556 0.1999979 0.1263286 0.3894318 0.2474228 0.4744213 0.5472452 0.0001166 0.3123037 0.3088413 0.3405833 0.0138656 -0.1852372 0.0418250 0.4859723 0.1033583 0.4012729 -0.2918969 -0.1459465 0.3987370 -0.0423331 -0.1198750 -0.0554213 -0.1988861 0.2727694 -0.1406291 -0.0693465 -0.1257226 0.0339182 -0.1881267 0.2466510 -0.1777776 0.2046165 -0.0349683 0.0334791 -0.1665332 -0.2288251 -0.3041384 -0.2469503 -0.2132307 -0.0699551 -0.0708669 0.1482155 -0.1552977 -0.2728396 -0.3464694 0.2148451 -0.3441499 -0.2020663 -0.2178000 -0.1661394 -0.2097690 0.1688138 0.0235762 -0.2597501 -0.0098362 -0.0008544 -0.0235299 -0.1411542 -0.2202108 0.1399005 -0.0919131 -0.0669010 -0.6345374 0.2481831 0.2016641 0.3203368 0.1925739 -0.2168141 0.5517485 0.3812968 0.3807774 0.2125736 0.0472832 -0.2305477 -0.0283971 0.3850063 0.0141075 0.3469680 0.3646248 0.0229437 0.3882765 0.3102805 0.3899254 0.4161253 0.4380762 0.5811429 0.3372075 0.5477221 0.6000209 0.3496967 0.6137555 0.1947447 0.1929679 0.3628822 -0.2434066 0.5904189 0.4687740 0.2281537 0.5994202 0.2575375 0.1644520 0.6717078 0.3000743 0.4706502 0.4716664 0.2242262 0.4374059 0.6119697
-0.3993057 0.1963652 0.2132258 0.0000000 -0.2968175 0.8944053 -0.5060505 0.8412727 0.6812341 0.7652505 0.8073241 0.2299714 0.2086379 0.0360819 0.2700295 0.7102303 0.6085237 -0.1502065 0.4383369 -0.2039674 0.2685538 -0.0442162 0.5507695 0.1041022 0.0541069 0.4294047 0.6480982 -0.1333898 0.3161196 0.3403773 -0.2341521 -0.2827794 -0.1579293 -0.0005176 0.5546802 -0.1129228 0.2489627 0.0091919 0.7144183 0.5058718 -0.2555447 0.1340734 0.7234242 0.1594127 0.6143104 0.4758281 0.4786173 -0.2485867 0.2895735 -0.1295642 0.5280980 0.6373973 0.5866214 0.5432253 -0.2829662 0.1593708 0.3351146 0.6323724 -0.3248014 0.5536705 0.5362067 0.5014986 -0.3808876 0.6859074 0.6462696 -0.1787510 0.3939304 0.6856408 -0.0890405 0.6555803 0.3753926 0.7527816 0.6377649 0.5642015 0.4007941 0.6897219 0.5954015 0.5377096 0.6878798 0.5704673 0.0391544 0.1034726 -0.1967538 -0.2276365 -0.3879665 0.1090161 -0.1519991 -0.3960389 -0.1103814 -0.1566950 -0.0243914 0.0734742 -0.2332572 0.0700392 -0.0596530 -0.0329423 -0.1025965 0.0747058 -0.3484959 -0.1059954 0.0250189 0.1944620 0.1195196 0.0306536 -0.0171863 -0.1535897 0.0218324 0.2512716 -0.0464106 0.3392938 0.0064532 -0.0290632 0.2265322 0.3493298 0.1710886 0.1549934 0.0013062 -0.2004067 -0.0144968 0.1308327 0.1019893 -0.0086444 -0.1139115 0.2136477 0.1112499 0.1688709 -0.0616644 -0.1246135 0.2310934 0.0984178 -0.2144404 -0.0073412 -0.1323611 0.4474462 -0.0050444 0.1440432 -0.2275554 0.0570733 -0.3985331 -0.0909927 0.2290056 -0.0238612 0.0619587 -0.2459435 -0.3578983 0.1630499 -0.2000530 -0.2937853 0.1522642 -0.0366974 -0.0780658 -0.0872105 -0.2385642 0.1711970 -0.2810916 0.1039527 0.2013857 -0.1207380 0.2580911 -0.0172037 0.2254836 0.1331337 0.0895442 -0.0459441 0.0596105 -0.0751733 0.2130576 0.0740149 -0.0525110 0.0809366 0.1148547 0.0072381 -0.0140653 0.0655937 -0.2135125 -0.2063942 -0.1965883 -0.3149459 -0.1152961 0.0467107 0.1070694 -0.1004986 -0.1428032 -0.1004263 -0.4203521 -0.0039134 -0.4276080 -0.3196206 0.6178447 0.5390005 0.1256312 0.4542652 -0.0518481 0.1381239 0.1112220 0.1919315 0.0799115 -0.1061452 -0.0250007 0.0803523 0.2600887 -0.0962112 -0.2790431 -0.0150026 -0.2740485 -0.1550047 0.0973402 0.0188971 0.1924114 -0.0338110 -0.2595731 0.1546538 -0.1930714 -0.0254452 0.0634696 -0.0290985 0.5360867 0.1509651
0.5548976 -0.0929627 0.3306274 -0.2968175 0.0000000 -0.3566057 0.0007890 0.0155485 -0.3164159 -0.2664420 -0.3315672 -0.1112627 0.5128112 0.2404180 -0.1826497 -0.0856453 -0.4470707 0.3766773 0.1705573 0.3356037 -0.1473392 0.2881298 -0.1663751 -0.0821317 0.3444733 0.0743791 -0.0602862 0.1399125 -0.3614815 0.1371732 0.4880613 0.6416145 -0.1064629 -0.3429904 0.1333894 0.2525011 0.2568764 0.5529676 -0.1857713 -0.0277866 0.3959017 0.3359474 -0.1194621 -0.0457506 -0.3252421 0.2412120 0.1549921 0.4531622 -0.4525799 0.2185874 0.0874499 -0.2456611 -0.4001217 -0.1186720 0.4479853 0.5450956 0.3015185 -0.3017037 0.6660209 0.0006857 0.1810217 -0.1593783 0.6409358 -0.2172478 -0.0906358 0.4459883 0.0468415 -0.1550319 0.6391321 -0.2123289 0.2110419 -0.2125221 -0.0035654 0.3624416 0.1708177 -0.2088262 -0.1711545 0.0862963 0.0307375 -0.0171461 0.7372389 0.1061648 0.2791266 0.1021366 0.3135888 0.2313255 0.2225225 -0.0094925 0.4274567 0.4708111 0.1996664 -0.2947759 -0.1528732 -0.1026562 0.2875512 0.1279374 -0.2743762 0.1011655 0.1898546 0.3125191 0.2208374 0.1628795 0.1075296 0.1653629 0.1414447 0.1648585 0.0842417 -0.0724790 0.3813570 -0.1253720 0.2028252 0.1916716 -0.1136226 -0.1568839 -0.1042351 0.1319161 -0.1261911 0.0278523 -0.2388514 -0.1007397 -0.2393058 -0.1834293 -0.0049794 -0.3105086 -0.4679032 -0.1271123 -0.0439371 0.0067016 -0.2091934 -0.3000293 -0.2705274 0.1694317 -0.0089385 -0.2051350 0.2778109 0.1003675 -0.0373421 -0.1591756 -0.0889733 0.2533939 -0.0388662 0.2613970 0.2517444 0.3796332 0.0607812 0.0674116 -0.1143951 -0.0593671 -0.4555568 0.2776206 0.3964287 0.3624206 0.1164941 -0.2142919 -0.1180276 0.3134390 -0.1275385 -0.0152962 -0.2641870 0.4380707 -0.1503832 0.3487944 0.2293168 0.2858586 0.2327109 0.1700797 -0.2007779 -0.4346002 -0.0964656 0.2531533 -0.3109020 -0.0657771 -0.1934852 -0.0939077 0.0983253 0.0406410 -0.0519358 -0.2605340 0.2039877 0.4051885 0.3730500 0.4328333 0.4756883 0.3126276 0.5469478 0.5633083 0.3857685 0.7594773 0.0736827 -0.3667291 0.0311542 -0.2869250 -0.1404547 0.1535437 0.0788582 0.1191559 -0.1508127 0.1382630 0.7312637 -0.1887608 0.2038965 0.2010181 0.4729372 0.3780708 0.1061654 0.6738623 -0.2277537 -0.1319687 0.4403897 0.3305540 0.5276760 -0.0271002 0.4495641 0.1159523 -0.0746971 0.4826050 0.2716136 0.3747984
-0.4196972 0.3092127 0.2352746 0.8944053 -0.3566057 0.0000000 -0.4140908 0.7896600 0.8118469 0.8321848 0.8024301 0.3709739 0.2483839 -0.0642161 0.3348859 0.6372358 0.5236325 -0.3074333 0.4866277 -0.0553708 0.3986627 0.1559520 0.5089557 0.0238883 0.2627051 0.3674798 0.7119877 -0.1847385 0.3336583 0.1943092 -0.1233279 -0.1610680 -0.1073914 0.0406015 0.5468387 -0.0293980 0.3307256 0.0309043 0.6458945 0.4643785 -0.3224201 0.2057019 0.6990916 0.1740227 0.6844474 0.4657593 0.4637584 -0.2188941 0.4031159 -0.1591458 0.5399183 0.5792028 0.6418636 0.5650627 -0.2984027 0.1491385 0.3981025 0.6604653 -0.3275646 0.5785221 0.6161277 0.6042472 -0.4086164 0.7378265 0.6983962 -0.1458982 0.4839433 0.7486717 -0.1887512 0.6866693 0.4229634 0.7889318 0.6911219 0.6010947 0.3206991 0.6967568 0.6685359 0.5881272 0.7057708 0.7093971 0.0776888 -0.0738342 -0.1906165 -0.2264610 -0.3003213 0.2526899 -0.1796642 -0.4986494 0.0255076 0.0483244 -0.0494484 0.0782126 -0.2314178 0.2766595 0.1933517 0.2162940 -0.0113744 0.2850581 -0.0689159 0.0909600 0.3419865 0.4621052 0.2886587 0.3038953 0.1501291 0.1130368 0.3137650 0.4641455 0.0793224 0.4651359 0.1279673 0.1935923 0.5027373 0.6168748 0.4335659 0.3411491 0.0512256 0.0422781 0.1250692 0.3122342 0.2737578 0.0328153 -0.0208981 0.4024981 0.2780109 0.3360207 -0.0213072 -0.0043190 0.3755648 0.2041870 -0.0992744 0.0277631 0.0296179 0.6753683 0.0188879 0.1767821 -0.0991267 0.1496411 -0.2557411 0.0393631 0.2765214 0.1244906 0.0523939 -0.1399216 -0.3153279 0.1507543 -0.1759558 -0.2744904 0.2191648 0.0456722 -0.0558929 0.0792300 -0.1865420 0.1988980 -0.2325575 0.1633313 0.2757362 0.0714871 0.3532544 -0.0205455 0.3011949 0.2959244 0.2169682 -0.0126712 0.0364241 0.0645933 0.3689351 0.1554393 0.1015982 0.2403004 0.2286146 0.0964410 -0.0060203 0.2158221 -0.1505525 -0.1300340 -0.1081066 -0.2843854 0.0197867 0.1189785 0.1978588 0.0082273 -0.0797059 0.0359995 -0.4550510 0.1149691 -0.4252684 -0.3403599 0.7218552 0.7005825 0.2768792 0.6144716 0.1435365 0.2670971 0.2516875 0.3003174 0.3125395 0.1171523 0.0745177 0.2507196 0.3142632 -0.1726086 -0.1635191 0.0276944 -0.4703854 -0.2704941 0.1935609 -0.0882899 0.3420944 -0.0879928 -0.2494090 0.2350152 -0.3914452 0.0924944 0.2456289 -0.2705127 0.6212164 0.2571700
0.1992553 -0.1899712 0.1465653 -0.5060505 0.0007890 -0.4140908 0.0000000 -0.6219301 -0.1309508 -0.4198797 -0.3944113 0.4349578 -0.4622675 -0.3919345 0.1446958 -0.4875358 -0.5419477 0.0090498 -0.5921162 0.0755180 0.2522207 -0.1868924 -0.4246493 0.1746337 -0.3448515 -0.3853843 -0.3968200 0.1563082 0.1516228 -0.2790643 -0.0675682 -0.1196420 0.3696113 0.3239926 -0.5204617 -0.0871707 -0.3675288 -0.3148053 -0.4777208 -0.2386337 -0.0702241 -0.3683690 -0.5122711 0.1566783 -0.1460739 -0.4444394 -0.2496029 -0.0088709 0.1109022 -0.3130708 -0.4850980 -0.3381208 -0.0682080 -0.2764046 0.0388323 -0.2097945 -0.2477597 -0.3931387 -0.2528198 -0.4742426 -0.6016142 -0.3623115 -0.1598767 -0.3411767 -0.3784076 -0.1115959 -0.5335071 -0.5387004 -0.1406306 -0.4435687 -0.5965477 -0.4704088 -0.5569111 -0.5744658 -0.5141075 -0.4332974 -0.3739926 -0.6395257 -0.5653723 -0.3189451 -0.4484994 -0.1243131 -0.1946043 0.1011773 -0.0767351 -0.1153342 -0.1457955 0.3175452 0.0158772 -0.0715423 -0.4132621 -0.2385054 0.1657429 0.1785610 -0.1885553 -0.1626684 0.0838536 -0.0581136 0.0129820 0.1172937 -0.2014495 -0.0790017 -0.1766495 0.0388174 -0.2479741 -0.1101939 -0.0560996 -0.2086943 -0.4632648 -0.2447260 -0.3074687 -0.1584620 0.1958427 0.0828466 0.2663776 0.2487418 0.1902998 0.2838384 0.4947863 -0.0720641 -0.2715487 -0.1667559 0.0077477 0.2650479 0.2870737 -0.0403080 -0.1179267 -0.1622881 -0.0917024 0.1268906 0.3213752 -0.3057769 0.1056035 -0.0932949 -0.2795586 -0.3336974 0.1595555 -0.0355960 0.2880326 -0.1011146 -0.1786495 0.0250610 -0.4890575 -0.0200302 0.2656862 -0.0844497 0.2663752 0.2676272 -0.0133818 -0.0466268 -0.3703653 0.0006384 0.2625969 0.0727319 0.3362353 0.1770853 -0.3040579 0.1744409 -0.2667456 -0.4936934 0.1389197 -0.2730311 0.0199018 -0.3238576 0.0643259 0.1176428 -0.2307369 0.0730617 -0.0404812 -0.2135200 0.2429486 0.1850588 -0.3931293 -0.1504482 0.0034608 0.7092183 0.7735109 0.6972734 0.4400672 -0.3797945 -0.1991713 -0.1784393 -0.4774766 -0.3855218 0.0150143 -0.2808459 0.1552506 -0.1822093 -0.5555065 -0.3523287 -0.1026212 -0.0572281 0.5146205 -0.2151609 -0.1955774 -0.1614069 0.0337196 0.3106086 -0.1435821 -0.0117335 -0.1711237 -0.0221272 -0.0530087 -0.2252898 0.4078622 0.1975015 0.2008339 0.1531248 -0.3976530 -0.0647643 -0.0153799 0.0478128 0.3165665 0.4867956 0.3352139 -0.0214046 -0.1775158 0.2898116
-0.3239700 0.0115628 0.1191854 0.8412727 0.0155485 0.7896600 -0.6219301 0.0000000 0.5743783 0.8153860 0.8501532 0.0727910 0.4590079 0.2857956 0.1440770 0.8721750 0.5876363 -0.1262450 0.8105173 -0.0181471 0.1008628 0.2180505 0.7684751 -0.0236102 0.4561923 0.7487241 0.7418010 -0.1848038 0.0999418 0.3649102 -0.0364194 0.0808581 -0.1928059 -0.1035623 0.8467762 -0.1106508 0.6553334 0.3020736 0.8136361 0.5736386 -0.1702679 0.1839453 0.8834945 0.1717868 0.5671194 0.7001518 0.7280921 -0.1669301 0.2725416 0.0707548 0.8104254 0.7452360 0.4843842 0.6901836 -0.2093845 0.4430410 0.6389881 0.7359499 -0.0955929 0.7960084 0.7572421 0.7599054 -0.1751533 0.7537565 0.6681897 0.1007722 0.7252135 0.7870090 0.2688085 0.7705502 0.7099218 0.8192741 0.7981803 0.7950614 0.7121181 0.7127871 0.6707949 0.7979624 0.8079351 0.5541329 0.3139543 0.0939756 -0.1107544 -0.2360061 -0.2538921 0.3189208 -0.1076682 -0.3616353 0.0650030 0.0266206 0.1815322 0.0841383 -0.0538436 0.1422072 0.2293335 0.1876647 -0.0021233 0.2503267 -0.0995467 -0.0744465 0.2123631 0.3330252 0.2307096 0.2138519 0.2325337 -0.0889116 0.2204389 0.2941013 0.2085100 0.3879010 0.1314481 0.0366030 0.2128459 0.3807678 0.1206938 0.2426108 -0.0568343 -0.1078751 -0.0514081 0.1220370 0.1548988 0.0217550 -0.1170552 0.0924219 0.0780969 0.2425645 0.2593391 -0.0761216 0.2223013 0.2075661 -0.0635664 0.1262848 0.1960428 0.4001521 0.2313561 0.1699091 0.0027169 0.1911698 -0.2134710 -0.0269975 0.3527654 0.2024710 0.1898092 -0.0455466 -0.1475566 0.1761477 -0.0959512 -0.1030936 0.0770423 0.0971615 0.0637609 0.1796647 -0.0487634 0.2354037 -0.0998686 0.1919051 0.3293708 0.0826082 0.3012924 0.1712158 0.3020493 0.4101754 0.3121250 0.1510975 0.1778206 0.1864850 0.4027242 0.0638941 0.0746318 0.2916734 0.1557410 0.1392399 0.0769740 0.0210016 -0.3546025 -0.3169994 -0.2815960 -0.3801475 -0.1709621 0.1653586 0.1857661 0.0491068 0.0535803 0.1445554 -0.1772343 0.1929401 -0.3116409 -0.1371329 0.7776194 0.5830776 0.1044061 0.4272579 -0.1272233 0.1771936 0.1481162 0.1777118 -0.0058568 -0.0857457 0.1942895 0.1002706 0.3747045 -0.1086860 -0.1105211 0.0427142 -0.3054226 -0.1339660 -0.0531506 -0.1729107 0.3662654 -0.0508207 -0.1592327 -0.0392539 -0.2699116 -0.1702424 -0.0113657 -0.0116985 0.5246742 0.2936954
-0.3437364 0.0957850 0.1332244 0.6812341 -0.3164159 0.8118469 -0.1309508 0.5743783 0.0000000 0.8306408 0.6981568 0.6259037 -0.0780563 -0.0008811 0.6849418 0.5259757 0.2780877 0.0452133 0.2000082 -0.1861578 0.6203102 -0.1451067 0.2969212 0.3996065 -0.0087208 0.2485611 0.4183451 0.2483637 0.6779362 0.5099963 -0.3374573 -0.3649381 0.3128050 0.4747529 0.3640495 0.0041319 0.1038999 -0.2485818 0.6375847 0.7297846 -0.5039230 0.2036608 0.5528990 0.5446264 0.8459621 0.1302451 0.3720005 -0.4121028 0.6234918 -0.3770733 0.4155334 0.6759390 0.8245735 0.7210603 -0.5326667 -0.1472141 0.1661872 0.7473342 -0.4302856 0.4771469 0.4907225 0.5458222 -0.6280531 0.8299755 0.7724845 -0.2898927 0.3281945 0.6998710 -0.2303785 0.7273881 0.2643893 0.7302447 0.6178334 0.4600123 0.0745573 0.7770226 0.7597090 0.4932799 0.6962617 0.7241283 -0.0224859 -0.0554651 -0.1389993 -0.2515564 -0.5110648 0.3784710 -0.3608382 -0.5263377 0.0525804 0.0421851 -0.2495433 -0.3500778 -0.2153435 0.3090008 -0.0036480 0.3355194 -0.0277050 0.4176168 -0.2195985 0.1334615 0.3100243 0.5145043 0.4326848 0.3460517 -0.0185006 0.3245389 0.3653068 0.5762467 0.0768051 0.4680204 -0.0407367 0.1464684 0.4618370 0.5511616 0.3902952 0.2450828 0.0728872 0.1143143 0.0461404 0.1857605 0.0406208 -0.2601591 0.0037202 0.2138507 0.2760896 0.2275045 -0.2616867 -0.0056561 0.2851211 0.0713566 -0.1195242 -0.0041254 -0.0153495 0.6910031 -0.0088772 0.1375178 -0.0214274 0.1598516 -0.1243922 -0.0473275 0.3743766 0.2322115 -0.0368189 -0.1786849 -0.1668733 0.2874102 0.1470132 -0.0620464 0.3074177 0.3365196 -0.1565951 0.1733500 0.1282196 0.3367585 -0.0255883 0.3424988 0.2214113 0.2020106 0.2453819 -0.1703996 0.3905466 0.3489740 0.3195693 -0.0484444 0.2191355 0.1676751 0.2759515 0.1725906 0.1574002 0.2810213 0.1977300 0.2339967 -0.0699287 0.1132135 -0.1777710 0.0082887 0.0293456 -0.1572785 0.1288560 0.0626238 0.3493599 0.1239350 -0.1526787 0.0605600 -0.5560208 0.0084589 -0.6070620 -0.4779121 0.5816492 0.6720239 0.1162176 0.7008724 0.1312526 0.1764439 0.1395788 0.1923838 0.2027201 0.0983675 0.0756402 0.0431671 -0.0277457 -0.2870112 -0.3371090 -0.2514012 -0.3948027 -0.2666000 0.0759997 -0.2194312 0.1073272 -0.2670648 -0.2971791 0.2056452 -0.2375823 0.2845001 0.3406733 -0.3154226 0.5171692 0.2748965
-0.5824579 -0.0353120 0.0091135 0.7652505 -0.2664420 0.8321848 -0.4198797 0.8153860 0.8306408 0.0000000 0.8308933 0.2922247 0.0783452 0.1984230 0.3846978 0.7424542 0.5846048 -0.1875878 0.5983686 -0.2151240 0.3917510 -0.0693422 0.6534200 0.1260949 0.2163846 0.5967098 0.5969805 -0.0644420 0.4643937 0.4582518 -0.3761902 -0.2504276 0.0153281 0.1987034 0.7075666 -0.0266741 0.4218684 -0.0852701 0.8429519 0.6804036 -0.5192604 0.2784896 0.8546895 0.3660634 0.7379048 0.4344865 0.6471773 -0.4647963 0.4880458 -0.1583614 0.7410736 0.8200943 0.6450115 0.7775082 -0.5592492 0.0433639 0.4193836 0.8404289 -0.3359359 0.7560251 0.5970168 0.7583661 -0.5412227 0.8203183 0.6766006 -0.1721712 0.6681382 0.8134240 -0.0486504 0.7892788 0.5898010 0.8028125 0.7934542 0.5955800 0.5024146 0.7729095 0.7079317 0.6826239 0.7704275 0.6567464 0.1041563 0.1366162 -0.0413208 -0.2122839 -0.3956435 0.3700729 -0.1601182 -0.4804637 0.0413611 0.0462888 0.0961204 -0.0110870 -0.0079556 0.2486076 0.1886782 0.3305141 0.1954508 0.4781254 -0.0789575 -0.0317149 0.2970843 0.4117968 0.4241416 0.2622802 0.2115680 0.1363067 0.3791399 0.5539964 0.1395172 0.5071451 0.1298773 0.2405558 0.3310584 0.4911059 0.2808877 0.2205545 0.0852423 0.0244733 -0.0301427 0.3095391 0.2474481 0.0587926 -0.0051692 0.1366492 0.2499257 0.3172709 0.0619295 0.0376267 0.4398414 0.1718950 -0.0304982 0.0866584 0.1654957 0.6530841 0.1493292 0.2086823 0.0414800 0.2478879 -0.1502101 0.0477960 0.4613794 0.2955004 0.0435955 -0.0102785 -0.0876983 0.3435771 0.0997267 -0.0450648 0.2622173 0.2797793 0.0297307 0.2651943 0.0623922 0.4395774 0.0140389 0.3338752 0.4218196 0.2358045 0.4016524 0.0724726 0.4134983 0.5489046 0.3762501 0.2059876 0.2052378 0.2739753 0.4502366 0.2016910 0.2534151 0.4772508 0.2034845 0.3172148 0.1038883 0.2365631 -0.1882762 -0.1562655 -0.1433798 -0.2579787 0.0028818 0.2154771 0.3006882 0.1911547 -0.0014604 0.1842836 -0.5065058 -0.0551587 -0.6183950 -0.4632286 0.6642962 0.6685905 0.2517421 0.5560251 -0.0135301 0.3443258 0.3053270 0.3064627 0.2467986 0.0527294 0.1487889 0.1523595 0.1444694 -0.1732635 -0.2079162 -0.0973379 -0.3558128 -0.3073668 0.0885546 -0.2048364 0.1229478 -0.1488305 -0.2452321 0.0554430 -0.3404338 0.1549493 0.2547809 -0.2954405 0.5441751 0.3141794
-0.5983116 -0.1221456 -0.1163083 0.8073241 -0.3315672 0.8024301 -0.3944113 0.8501532 0.6981568 0.8308933 0.0000000 0.1404107 0.1200329 0.1993111 0.1545202 0.9133609 0.7263774 -0.1947259 0.6600536 -0.1172179 0.0875579 0.0746073 0.7658339 0.0163318 0.2451158 0.6203211 0.5921552 -0.2484738 0.2207242 0.3089348 -0.2281043 -0.2479985 -0.1229022 0.1174278 0.6483809 -0.4215807 0.4195910 0.0026618 0.7930943 0.5201593 -0.3632652 -0.1584132 0.7935666 0.1447317 0.6850016 0.4826675 0.6043639 -0.4202253 0.4709965 -0.0478816 0.6749363 0.8269821 0.6677136 0.7205591 -0.4351842 0.2077585 0.4501874 0.8485628 -0.4033869 0.7013949 0.6097908 0.8407129 -0.4849807 0.8454483 0.6595476 -0.0725927 0.6159159 0.8145781 0.0704969 0.8501718 0.5117096 0.8561183 0.7093564 0.5272259 0.6051364 0.7416639 0.7069435 0.6949772 0.7010373 0.4268210 -0.0874273 0.0244181 -0.1558947 -0.2687312 -0.3687913 0.3285529 -0.2531384 -0.1635240 0.0126703 -0.1446800 0.0456710 0.0244017 0.0076224 0.3547443 0.0552718 0.0065754 0.0671779 0.1938124 -0.2429235 -0.1904775 0.0421039 0.2647619 0.2039735 0.2032539 0.0679151 -0.1579508 0.1219964 0.2810312 -0.0206789 0.2888064 -0.1259758 -0.1527227 0.2177018 0.4045772 0.2018090 0.1329025 0.0381986 -0.0595763 0.0892920 -0.0364317 0.0522398 -0.1043310 -0.0793825 0.1442375 0.3249165 0.1403584 0.2505606 -0.0630386 0.1051440 0.3399814 0.1304108 0.1535342 0.3294561 0.3691713 0.2055965 0.1328436 0.0253464 0.1561774 -0.0151182 -0.2511398 0.5094169 0.0810390 0.1426693 -0.2781656 -0.1410214 0.2055743 0.1619058 0.0832489 0.3684024 0.0992735 -0.2153867 -0.0072080 0.0793922 0.4580061 0.1941325 0.0873430 0.5266590 0.2468449 0.4932889 -0.1040913 0.4949969 0.1910818 0.2449794 0.0173665 0.1831123 0.2448081 0.5096009 0.3083234 0.1898907 0.1021323 0.3765237 0.2153048 0.0712987 -0.1357898 -0.5612045 -0.3107101 -0.1644741 -0.1785139 -0.3278732 -0.2109288 -0.0659775 -0.2685040 -0.2908766 -0.0812426 -0.3598801 -0.0861206 -0.4216989 -0.5223119 0.5896885 0.6532890 -0.1380942 0.4986781 -0.1009167 -0.0838273 -0.1098569 -0.0912587 -0.1159914 -0.2295232 -0.1824563 0.0015886 0.0035716 -0.4748388 -0.4560776 -0.3488187 -0.2591754 -0.4380416 -0.1591525 -0.2127513 0.0370741 -0.4377945 -0.4866110 -0.2349055 -0.3900609 -0.2251182 -0.1006201 -0.2342096 0.3690011 0.1391737
0.0283872 0.0450990 0.4792697 0.2299714 -0.1112627 0.3709739 0.4349578 0.0727910 0.6259037 0.2922247 0.1404107 0.0000000 -0.1243172 -0.3124262 0.6791602 -0.0733436 -0.4328484 0.0066505 -0.2711143 0.1263975 0.9045657 -0.0841654 -0.2720004 0.4399767 -0.1469278 -0.1179770 0.0419262 0.3054241 0.7042179 0.1411467 -0.1644007 -0.2884507 0.4856015 0.5378270 -0.0718671 0.1893645 -0.1776718 -0.2875927 0.0510915 0.4098841 -0.4005806 0.1315820 0.0195781 0.6602639 0.5896977 -0.3295481 0.1468000 -0.2050926 0.5665611 -0.6859703 -0.0487065 0.1518888 0.5670968 0.3603353 -0.1988877 -0.2061783 -0.0633760 0.2472321 -0.4358578 -0.0628137 0.0517118 0.0150844 -0.5090767 0.3833420 0.4138006 -0.4144428 -0.2208292 0.1509428 -0.3435675 0.1598575 -0.2451488 0.2526931 0.1257948 0.1776039 -0.3940584 0.3778389 0.4387784 -0.0244987 0.2539554 0.6348820 -0.0839283 -0.1659518 -0.2170143 -0.0504826 -0.3363180 0.3375712 -0.4709570 -0.2366267 0.2424006 0.2467231 -0.4785540 -0.5284624 -0.1673464 0.3437247 0.0751596 0.3245499 -0.0677892 0.3335763 0.0264051 0.4385569 0.2160977 0.5225977 0.3331671 0.4206930 -0.3579683 0.2802048 0.3767584 0.2894617 -0.2062314 0.3654501 -0.2573132 0.0924982 0.4348950 0.4098252 0.6099300 0.3625519 0.2868859 0.5062490 0.4219671 0.3369087 0.0302826 -0.3108940 -0.1942341 0.5166165 0.4647754 0.2959730 -0.4481708 -0.3939377 0.2931226 0.0574845 -0.0274647 -0.3668928 -0.1193345 0.4406026 -0.4194840 -0.4044978 -0.1126892 -0.0322281 -0.1982708 -0.1106775 -0.0188604 0.0901085 -0.4803928 -0.2784705 -0.1929562 -0.0679610 0.0014867 -0.0636278 0.1708367 -0.0666273 -0.4969851 0.0259532 0.1367287 0.1618638 0.0033634 0.3033370 -0.3108619 0.1310947 -0.1303374 -0.6032765 0.2275217 -0.0156377 0.1591998 -0.4359996 0.1176897 0.1608657 0.1187996 0.2518654 -0.0370358 -0.0556802 0.3344405 0.2788030 -0.3725395 0.1453581 -0.0117241 0.6481550 0.6404518 0.3278135 0.6741657 -0.0134760 0.3752086 0.1538615 -0.3258473 -0.1627860 -0.3933520 0.1105778 -0.3422620 -0.2908084 0.3024050 0.3203918 0.2629131 0.7643123 0.6775748 0.1815816 0.1772438 0.2864333 0.3389063 0.5415494 0.1667142 0.1017475 0.0217520 -0.0475413 -0.1989043 -0.2492702 -0.1957138 -0.0024481 0.2808501 -0.1507184 -0.0120555 -0.1045162 -0.2128109 0.4953373 0.0786031 0.5762083 0.7132010 -0.2995794 0.3707277 0.5317275
0.2472689 0.1661407 0.4808060 0.2086379 0.5128112 0.2483839 -0.4622675 0.4590079 -0.0780563 0.0783452 0.1200329 -0.1243172 0.0000000 0.1522804 -0.0988717 0.2673731 -0.0197879 -0.0671641 0.5523505 0.4688619 -0.1333721 0.8045573 0.2301843 -0.2520053 0.6905470 0.2868307 0.5688953 -0.1866855 -0.2770730 -0.1005087 0.8149881 0.7258580 -0.3307468 -0.4023427 0.4321401 0.1533650 0.6134678 0.8977891 0.0817740 -0.0707376 0.5562778 0.3743583 0.2448555 -0.1704933 0.0508386 0.6481417 0.3137219 0.5620266 -0.1431555 0.3523211 0.4058572 -0.0935895 -0.0092881 -0.0013896 0.5604570 0.7899052 0.5590332 0.0373859 0.5057476 0.2868744 0.6097730 0.1023308 0.6134485 0.1536222 0.2791676 0.3926520 0.3854892 0.2335168 0.3625543 0.1982887 0.4541409 0.3492316 0.3091857 0.7378314 0.4682137 0.1924336 0.2856134 0.5433170 0.4538810 0.4049652 0.7928488 -0.1730577 0.0407007 -0.1301100 0.3365628 0.1526714 0.3315342 -0.2449884 0.2872881 0.3821930 0.3325869 0.1996754 -0.2535044 -0.0037180 0.4966957 0.1720597 -0.0486268 0.0621936 0.3145472 0.2861500 0.3755316 0.3029543 0.1052942 0.3735143 0.2459874 0.1127489 0.1598501 0.0882272 0.3257556 0.0081862 0.3349037 0.1529798 0.1723716 0.2264073 0.2083821 0.3434673 0.0634463 0.2084578 0.1052771 0.1401377 0.1815640 0.0842797 0.0683438 0.2919557 -0.1221890 0.1119941 0.2749932 0.0965320 0.0338930 0.1863434 -0.0146240 0.2078930 0.2501579 0.1398038 0.3021819 0.2152911 0.0333503 -0.0918045 -0.0793522 0.1319487 0.1040770 0.1123668 0.4650480 0.1311117 -0.1128649 -0.0699372 -0.3150846 -0.1326804 -0.0868024 -0.0450919 0.1950012 0.2485271 -0.0939282 -0.1340611 -0.2125785 0.0242123 0.1541066 0.0199914 0.2169921 0.3277372 -0.1352517 0.2908916 0.0989817 0.1589132 0.1733143 0.1934070 0.3294967 0.0212769 0.1480010 0.2581469 0.0067702 0.0409095 -0.2594059 -0.0382782 -0.1224987 -0.2948163 -0.3358182 -0.5191672 -0.0980643 0.3084035 0.1592263 0.0920051 0.3335840 0.1136342 0.3411964 0.6791631 0.2644897 0.6186547 0.6553619 0.2384838 0.1243293 0.1748055 -0.0068033 0.1822306 0.2016761 0.2281131 -0.0524571 0.0988666 0.5465992 0.0438981 0.6223912 0.1156373 0.2689363 0.3994328 -0.1712791 0.4411330 -0.0572928 0.1062180 0.7536428 0.1785009 0.1146898 0.1920680 0.1432004 -0.1077187 -0.1178977 0.3279417 0.2780769 0.2231600
-0.1315834 -0.3667119 -0.5172795 0.0360819 0.2404180 -0.0642161 -0.3919345 0.2857956 -0.0008811 0.1984230 0.1993111 -0.3124262 0.1522804 0.0000000 -0.0824370 0.2834404 0.3397852 0.5650731 0.3214365 -0.3295502 -0.3582667 -0.1043488 0.1912996 0.3739213 0.1129840 0.2764682 -0.1086713 0.2666663 0.0131409 0.4589742 -0.0664548 -0.0089104 0.1122875 0.1809047 0.1515893 -0.2703821 0.3014950 0.1663456 0.1901838 0.0732990 0.0381562 -0.0307021 0.1659693 0.0138315 -0.0543495 0.2411014 0.0649331 -0.1728100 -0.0650731 0.2194264 0.1246270 0.1701081 -0.1564206 0.0414308 -0.3469832 0.0278921 -0.0909414 0.1182672 0.1795084 0.0379502 0.1690688 0.1571241 0.0151970 0.0618213 -0.0777148 -0.0587008 0.1445433 0.0872921 0.2785589 0.1322868 0.1713334 0.1288622 0.0315300 0.1813332 0.5047309 0.0276569 0.1491954 0.1753893 0.1494669 -0.1110663 0.2208842 0.4704902 0.4056876 0.1636236 0.3172355 0.1268885 0.3796209 0.2482045 0.3044893 0.2510675 0.5615225 -0.1437129 0.3778095 -0.0064359 0.3038164 -0.2363276 0.0620554 0.2020161 0.1463961 -0.0203381 0.0122442 -0.0235636 0.2103234 0.1479994 0.1185547 -0.1327590 0.0274074 0.1326773 0.2597229 -0.1669701 0.0715481 0.0230548 -0.4240126 -0.2759238 -0.4610443 -0.3373439 0.0740946 -0.1233588 -0.3996520 -0.2374025 -0.1010985 0.0787455 -0.0915589 -0.4438436 -0.2524477 -0.3553768 0.2546186 0.1011453 -0.2779628 0.0370637 -0.0554536 0.1238591 0.1813072 -0.1669144 0.3108935 0.2534750 0.2067413 0.0157888 0.0397197 0.0502291 0.3017566 0.1775880 0.2863185 0.2301421 0.2446481 0.2338140 0.2934562 0.3034852 0.0028091 0.3394417 0.3889473 0.2310455 0.4592346 0.1847187 0.2314626 0.0357219 0.2696090 0.1520405 0.2412254 0.3788033 0.0605362 0.2742991 0.0220967 0.3519838 0.4264542 0.1629390 -0.0033712 0.0436580 0.2827857 0.1541121 -0.0779268 0.2585115 0.4054689 -0.2807744 -0.1667281 -0.4489224 -0.4295072 -0.1999795 -0.4764088 -0.0797813 -0.0960579 0.0097565 0.1144821 0.2033546 0.1542065 0.0414644 -0.0587490 -0.0007097 0.1014712 0.0568402 -0.2845406 -0.1204486 -0.5398219 -0.2085332 -0.2245431 -0.3077638 -0.3823083 -0.5576798 -0.0143499 -0.4348729 -0.2430776 0.0820593 0.0598778 0.0330178 0.2993089 0.0001396 -0.3717711 -0.0506530 -0.1935951 0.0257913 0.0688591 -0.3987426 0.1902576 -0.1980038 -0.3889748 0.3010523 0.0071905 -0.2798569
0.1972521 0.0505896 0.2982741 0.2700295 -0.1826497 0.3348859 0.1446958 0.1440770 0.6849418 0.3846978 0.1545202 0.6791602 -0.0988717 -0.0824370 0.0000000 0.0861751 -0.2038678 0.3736920 -0.2291465 -0.1354691 0.7156385 -0.2034565 -0.0896385 0.7320965 -0.2110321 0.0270187 0.1749824 0.7014852 0.8590181 0.4613473 -0.1494056 -0.2025029 0.7319323 0.7543804 0.0349733 0.3304927 -0.0551088 -0.1683839 0.3207314 0.6694434 -0.0981099 0.2927395 0.1694165 0.8265022 0.6375939 -0.1517664 0.1049048 -0.0290062 0.7029633 -0.4907368 0.1116329 0.3612445 0.7055131 0.4761262 -0.1762084 -0.2736950 -0.0772295 0.4291398 -0.2929854 0.1468228 0.1276829 0.0464484 -0.3956230 0.5027155 0.5596527 -0.2290974 -0.0183531 0.2884844 -0.3170289 0.4305569 -0.0225344 0.3649564 0.2141903 0.1972320 -0.2524777 0.5593491 0.5862600 0.1848722 0.4117773 0.5519973 -0.0413846 -0.1891917 -0.2259168 -0.1884924 -0.5445278 0.1091941 -0.3382605 -0.4914184 -0.1399466 -0.0541087 -0.4983924 -0.4119977 -0.1352612 0.0731328 -0.2257435 0.3820177 0.0735724 0.3447101 -0.2058681 0.2198881 0.2183229 0.3333410 0.2595153 0.2682197 -0.1146764 0.4260069 0.2281979 0.3875813 0.0514199 0.3037713 0.0525968 0.0720450 0.3782582 0.3215791 0.2900388 0.2271989 0.1067706 0.2420078 0.1182118 0.2120719 0.0165308 -0.2766197 0.1171437 0.2384814 0.2289835 0.2644413 -0.3374372 0.0382702 0.2968689 0.1133924 0.0232448 -0.1405421 -0.1382453 0.5134076 -0.1186650 0.0362210 0.2114161 0.2569388 0.0396328 0.0116758 0.1014382 0.2980899 -0.1025508 -0.0660481 0.1111416 0.1558953 0.2438389 0.0909654 0.2315886 0.3358863 -0.1918767 0.2610007 0.2911034 0.1295569 0.0033847 0.3321738 -0.1880031 0.1145904 -0.0462823 -0.3092562 0.1551199 0.2031766 0.1380616 -0.2502607 0.2995596 0.0494460 0.0136923 0.1421447 0.0422959 0.1695468 0.0406737 0.2485805 -0.2604870 0.0612179 0.0125036 0.2054335 0.1131082 -0.0650832 0.2487606 0.0918304 0.2992604 0.1950704 -0.1324061 -0.0728295 -0.3799218 0.0363327 -0.4472106 -0.2190732 0.3312809 0.4522969 0.1003702 0.5780547 0.1786419 0.1057574 0.1867551 0.2148469 0.1108503 0.1292556 0.0731474 0.0332884 0.0851511 0.0541849 -0.2918815 -0.1954261 -0.1438402 0.0795998 0.3025710 0.0565371 0.0454258 -0.0885509 -0.1810756 0.5231951 0.1336092 0.4686823 0.4851764 -0.0684919 0.1329714 0.2034015
-0.4311626 -0.1133161 -0.0579497 0.7102303 -0.0856453 0.6372358 -0.4875358 0.8721750 0.5259757 0.7424542 0.9133609 -0.0733436 0.2673731 0.2834404 0.0861751 0.0000000 0.7187035 -0.0726039 0.7716478 -0.0119255 -0.0889183 0.1880010 0.8239607 -0.0539841 0.3821749 0.7504088 0.6420278 -0.2252852 0.0506539 0.3152371 -0.0777468 -0.0334598 -0.1692720 0.0017998 0.7250575 -0.3351489 0.5861236 0.1802357 0.8090377 0.5461675 -0.2024165 -0.1124192 0.8007435 0.0931399 0.5142131 0.6090986 0.6365645 -0.2893026 0.3545181 0.1306490 0.7545992 0.8137420 0.5451547 0.7263286 -0.2956494 0.3617012 0.5334404 0.8266304 -0.2250495 0.7651902 0.6226348 0.8173331 -0.2624011 0.7790797 0.6235268 0.0709020 0.6865920 0.8002428 0.2771726 0.8474867 0.6110829 0.7932858 0.6951308 0.5986677 0.7169798 0.6787423 0.6127044 0.7629782 0.6852715 0.3180549 0.1146641 -0.0453008 -0.1734231 -0.3761288 -0.3627602 0.2660748 -0.1556615 -0.2086824 -0.0384777 -0.1505815 0.0986649 0.1043387 -0.0537157 0.2064776 0.0364115 0.0222227 -0.0101739 0.0881550 -0.2459928 -0.2128745 0.0239293 0.1270768 0.0689547 0.1122286 0.1169114 -0.1585600 -0.0307791 0.1208120 0.0609608 0.1890258 -0.0186832 -0.1967570 0.0386350 0.1973054 0.0420906 0.0487811 -0.1279237 -0.1166379 -0.0939114 -0.1084307 -0.0184410 -0.1484239 -0.0950714 -0.0811114 0.1285294 0.1633339 0.3607849 -0.0371313 0.0995835 0.2714838 0.1087947 0.2166491 0.3547257 0.1866261 0.2937232 0.1799013 0.1033861 0.2502865 0.0784701 -0.1545655 0.4248938 0.2268011 0.2786515 -0.1642222 -0.0257536 0.1004288 0.1951731 0.1616455 0.1610929 0.2077095 -0.0388362 0.0559528 0.1324333 0.2793904 0.1850190 0.0343176 0.4729133 0.1365871 0.3753150 0.0305763 0.3130156 0.3039532 0.1812798 0.0397763 0.1493230 0.1698869 0.3868215 0.0968037 0.0482099 0.1479777 0.1274376 0.0602719 0.1055425 -0.1239691 -0.5173807 -0.4412646 -0.3559085 -0.3807826 -0.4121914 -0.0694121 -0.0572906 -0.1988967 -0.1625483 -0.0816371 -0.2460071 -0.0497883 -0.3764298 -0.3409038 0.5731453 0.4801465 -0.1872639 0.2864637 -0.2965924 -0.0303085 -0.0547655 -0.0389512 -0.2328075 -0.2763220 -0.0166501 0.0534875 0.1003376 -0.4095726 -0.3287715 -0.2037730 -0.2654556 -0.2534000 -0.1827328 -0.1582295 0.1864241 -0.3503299 -0.3431749 -0.2819016 -0.3213942 -0.3210762 -0.2416548 -0.0672647 0.3041269 0.1370312
-0.6299792 -0.0086621 -0.4418675 0.6085237 -0.4470707 0.5236325 -0.5419477 0.5876363 0.2780877 0.5846048 0.7263774 -0.4328484 -0.0197879 0.3397852 -0.2038678 0.7187035 0.0000000 -0.2184918 0.5711567 -0.3863472 -0.3438235 -0.0844000 0.7310855 -0.1431503 0.1189321 0.5032215 0.4610551 -0.3567514 -0.0735827 0.1154198 -0.3189766 -0.2632033 -0.2975122 -0.1085896 0.4416902 -0.4038569 0.2916725 -0.0392054 0.6158989 0.1412628 -0.1946560 -0.2172846 0.6151749 -0.2789056 0.1649838 0.5103828 0.2560161 -0.3363099 0.1116236 0.2915129 0.4468475 0.5584265 0.1850599 0.2764777 -0.4063653 0.0126847 0.1727625 0.5122439 -0.2685722 0.4888325 0.2439360 0.5721273 -0.3056850 0.3769043 0.1668402 -0.0612254 0.5012343 0.5594797 -0.0728552 0.5293004 0.3934661 0.4676348 0.4254635 0.1465813 0.6214821 0.3327471 0.2182518 0.4054958 0.3105599 -0.0486369 -0.2173870 0.1522097 -0.0543711 -0.1739420 -0.1441669 -0.1358225 0.1523716 -0.0308152 -0.2414804 -0.2976991 0.2515532 0.4884966 0.1747008 0.0544619 -0.0227880 -0.3158118 0.1745310 -0.0111853 -0.1809819 -0.4054276 -0.1196156 -0.2026448 -0.1024921 -0.1777752 0.2112013 -0.3108735 -0.2061664 0.0713825 -0.0522991 -0.0141806 0.0972511 -0.0606366 -0.1197373 0.0407039 -0.1410522 -0.2312690 -0.0190901 -0.3197265 -0.2097256 -0.0651459 0.1815029 0.3014638 0.0306016 -0.1579139 0.0217481 -0.0152263 0.4074951 0.1967804 0.0640933 0.2610429 0.0923450 0.1628991 0.2277715 0.1116048 0.2321656 0.3391212 0.0649358 0.1780256 0.0324442 -0.0410996 0.3112049 0.0173344 0.2591188 -0.0426795 -0.0203241 0.1972292 0.1232347 0.0422833 0.2058193 0.0966858 0.1723065 -0.0920695 -0.0606166 0.2453315 0.0918411 -0.1730177 0.5636869 0.0518832 0.5121355 0.2211041 0.2249154 0.1326027 -0.0798439 0.1856664 -0.0096891 -0.0735965 0.1973712 0.1033217 0.1276417 0.0727507 0.0457786 -0.0297570 0.4296268 0.0174703 -0.2127772 -0.5357429 -0.4728258 -0.2867852 -0.6058147 -0.1561326 -0.3806108 -0.3214136 -0.1447683 -0.0772384 -0.3140282 -0.3676517 -0.2943915 -0.4606640 0.1877273 0.3147772 -0.1177294 -0.0784667 -0.4306189 -0.0647570 -0.0682012 -0.1380861 -0.1188202 -0.4659309 -0.3678569 0.0501372 -0.0490734 -0.2330143 -0.2359987 -0.0630802 -0.0654017 -0.4312469 -0.0790371 0.0947563 -0.1319020 -0.1616281 -0.2809269 -0.3649181 -0.4132198 -0.3462168 -0.3754920 -0.1240561 0.1134921 -0.2942053
