0.0000000 0.3058960 0.2467539 0.4114603 -0.0099429 0.1866283 -0.0816144 0.3166780 -0.1736072 0.1042817 0.2619417 -0.1423637 0.2156446 -0.3352979 0.0568517 0.0265046 -0.2534476 -0.0678354 0.1905906 0.0737274 0.0992217 0.2139281 -0.1391718 0.1145078 0.2403517 0.0507742 -0.1384729 -0.2092564 0.2542179 0.0047486 0.2427538 0.1760782 0.1021088 0.1486521 -0.0633534 0.1994714 0.0662082 0.1031122 0.1599309 0.1166093 0.0604665 0.2038025 0.0609762 0.1061938 0.0306792 0.1387992 0.2478850 -0.0617831 0.2171800 -0.1190859 0.1275306 0.0110189 0.2233867 0.1466675 -0.1615242 0.0210542 0.2059337 0.2445192 0.1232064 -0.0661800 0.1764078 0.1119021 -0.0721383 0.2051361 0.2481659 0.0640095 0.4033693 0.1035208 -0.0334187 0.3137729 0.2888729 0.1984119 0.4199554 0.2278718 0.1349147 0.3270882 0.3362031 0.1641304 0.2852592 0.3684590 0.1899029 0.1776333 0.0721110 0.0218229 0.2506885 0.0501655 0.0125489 0.3271835 0.0823281 0.2664161 0.0908596 0.1373431 -0.0411815 0.3837186 0.2642652 0.0154298 0.0233767 -0.2678789 -0.2108698 0.1106525 -0.2021000 -0.2700926 -0.1814314 0.2489749 0.0391514 -0.1640298 -0.1455674 -0.3176105 -0.1724332 -0.1217057 -0.0523402 -0.2286954 -0.1512575 -0.0956876 0.0026683 -0.1707412 -0.0344225 0.0859987 0.0614041 0.1318192 0.1096999 -0.2028238 -0.3352846 0.1783562 0.0585250 -0.0008369 -0.5787294 -0.3057850 -0.0157855 -0.0596830 0.0860682 -0.1278570 0.2077999 0.0365208 -0.0589109 -0.3902251 0.1203107 0.0801005 0.2050626 0.0003131 -0.2472965 0.1566881 -0.1044084 -0.1914664 0.0742740 -0.5103723 0.0563735 -0.0157081 -0.1886976 0.0479092 0.1631350 -0.2469341 -0.0426310 -0.4172980 -0.0871824 -0.2755335 0.1393580 -0.1011900 -0.1162770 0.1424760 -0.3765185 0.0038577 -0.5500288 0.0881848 -0.3498186 -0.2179221 -0.5019390 -0.1371006 0.1929954 0.0482107 -0.1536723 0.0524491 -0.0369883 -0.0241752 0.3032481 0.3781519 0.1308045 0.0678882 0.1492340 0.2517826 0.4096229 0.3295528 0.2343208 0.1949963 0.1568844 0.2464926 0.0112935 0.3603032 0.3604196 0.5051677 0.2194883 0.4051087 0.6635159 0.0138186 0.0049987 -0.0012521 0.0691844 0.4519414 0.2725976 0.0800787 0.2533398 -0.0374079 -0.3026685 -0.0378033 0.2014334 0.1838522 0.1564513 0.3625915 0.2283024 -0.0615780 -0.1867355 -0.3183610 0.3681032 0.4980808 0.3512370 0.2798425 -0.0427414 0.3096454
0.3058960 0.0000000 0.2384203 0.5201531 0.1178910 0.5712613 0.4290679 0.2897427 0.2549128 0.5029048 0.3497764 0.4872058 0.2955928 0.2206600 0.4176601 0.2745459 -0.2864190 0.2681936 0.3408887 0.4123942 0.5227297 0.3136672 0.2424537 0.1822586 0.2281204 0.3181126 0.1597272 0.2392318 0.5495912 0.2399012 0.2587421 0.0295958 0.1453705 0.2276424 -0.0551223 0.6075700 0.1468526 0.2101096 0.3723414 0.0239720 -0.0073122 0.7368859 0.1424051 0.0808660 0.3707280 0.1435251 0.1076163 0.1870972 0.1729021 0.3768433 0.0840258 0.0692514 0.3049321 0.2291934 0.2134696 0.1505925 -0.0005796 0.2769691 0.6578378 -0.0447528 0.5735856 0.1799557 0.2389251 0.3004923 0.3601837 0.1242713 0.1948704 0.3134187 0.1977730 0.4811686 0.2321419 0.1507224 0.4650309 0.2248331 0.2613565 0.4887020 0.3489153 0.4316922 0.5462152 0.4090344 0.3352535 -0.0963648 0.0161452 0.2285398 0.2812380 0.2187684 -0.5298017 0.3015952 0.2740689 0.2312619 -0.4361128 -0.3988138 0.0081108 0.5909967 0.0564939 -0.3928355 -0.3377867 0.0493632 -0.2039093 0.5875376 -0.0015518 0.1891703 0.0531391 0.7251652 -0.3536452 -0.3362468 0.4542893 0.3320541 0.0224952 0.5290273 -0.0869653 0.3497833 0.2871082 0.4768050 0.4670634 0.4351923 0.4063355 0.3076243 0.2696717 0.1453484 -0.0105709 -0.0432287 -0.5427592 -0.0025318 0.0748492 0.0596532 0.1556623 -0.4878933 0.1164629 0.1579190 0.1246349 -0.2412597 0.1738373 0.3140896 -0.3571647 -0.4398577 0.0504680 0.0337309 -0.0168878 0.3234410 -0.2801594 0.1750707 -0.0646276 -0.4665007 -0.0494271 -0.4138589 -0.2403795 -0.3460817 -0.1948926 0.0692221 0.1666574 -0.4604997 -0.2155478 -0.4557248 -0.3407368 -0.2666938 -0.1806784 -0.3853331 -0.0279392 -0.2110308 -0.7362960 -0.1905788 -0.1114673 -0.2345982 -0.5685201 -0.3205702 -0.3898701 0.1073105 -0.1111410 -0.1628720 -0.3675161 -0.1196713 0.3385463 0.6380521 0.8331048 0.5893985 0.5255870 0.3707250 0.5394017 0.6150567 0.6077024 0.7648934 0.7846933 0.7072857 0.6823816 0.4008404 0.4911432 0.2362570 0.3271529 0.4301050 0.1689894 0.4251970 0.5225159 0.3012706 0.3670575 0.4258657 0.4382773 0.4060083 0.2438378 0.0996931 -0.2974221 -0.3800634 -0.3016033 0.2252850 0.0989599 0.2776146 0.1555559 0.1505740 -0.1562234 -0.1074851 -0.0398128 0.2625329 0.1910104 0.2216281 0.3528891 0.0082793 0.4611415 0.3286644
0.2467539 0.2384203 0.0000000 0.6830129 0.6574364 0.4474086 0.4514676 0.7069076 0.1858230 0.3513443 0.5038663 0.2854791 0.7646217 -0.0185446 0.4127574 0.2625708 0.0386411 0.2698546 0.4809307 0.5106068 0.2965357 0.7126399 0.2308922 0.6991215 0.5091347 0.3383139 0.0553698 0.3546167 0.5603050 0.5219180 0.6737551 0.4412563 0.4849518 0.4891357 0.0516243 0.2123454 0.3914779 0.5492426 0.1965026 0.3955640 0.5480233 0.3457474 0.0934769 0.3094279 0.3891426 0.4477533 0.2678022 0.3700606 0.4275820 0.3737445 -0.1523969 -0.3514990 0.4615261 -0.0887499 0.3974233 0.4287293 0.3843982 0.2465391 0.2250871 -0.2994454 0.4128360 -0.4413943 0.3069394 0.3604980 0.5697539 0.3753616 0.2299562 -0.5112563 0.2517245 -0.2280193 0.4652756 0.3274029 0.0729223 0.3489211 0.4501655 -0.0871421 0.1806935 0.4653462 0.4645093 0.4925859 0.6115585 -0.0573533 0.0293871 0.0890605 0.1075545 0.1597829 0.0222541 0.1152926 0.1538545 -0.0009456 -0.1423928 0.0213465 0.0569495 0.3415444 0.1886626 0.0111508 -0.1132841 0.1303193 -0.1056918 0.1652686 -0.1394320 0.0242119 0.2310964 0.4952760 -0.2292133 0.1394064 0.1597829 0.1254534 -0.2154591 0.0822353 -0.1007920 0.1981378 0.0863647 0.1286586 0.1957503 0.0682958 0.1694618 0.3047890 0.2199016 -0.2207146 -0.0067792 0.0614016 -0.2952259 0.1726953 -0.4174392 -0.3992216 0.0686151 -0.3273352 -0.5963249 -0.1623488 -0.3734655 -0.1931587 -0.1937330 -0.1075993 -0.3082965 -0.2837533 -0.3135633 -0.5724612 -0.2636430 -0.2988682 -0.2702277 -0.3930313 -0.0902056 -0.4694118 -0.4342035 -0.2935740 -0.5141865 -0.4277722 -0.2929677 -0.4107521 0.0916679 -0.4945232 -0.5150343 -0.2777933 -0.4514265 -0.1087239 -0.4794044 -0.5588876 -0.2918375 -0.1777092 -0.5256249 -0.6128450 -0.0675121 -0.4672227 -0.7101560 -0.1857930 -0.2141470 0.1970291 -0.6782342 -0.6198075 -0.4267633 -0.4501390 0.2735250 -0.1506951 0.2078687 0.5244460 0.4559201 0.3657473 0.1736461 -0.0217109 0.1662157 0.0166659 0.1440258 -0.0617116 0.1417873 0.5018691 0.5127832 0.5396377 0.2541947 0.2532907 -0.0252090 0.5351239 0.2800723 -0.3252740 -0.2252895 -0.1155544 -0.3505123 0.3039090 0.5467353 -0.4099931 0.1321932 -0.2997123 -0.1100668 0.2114890 0.7582622 0.5781776 -0.1249389 0.5968138 0.2138492 -0.0584217 -0.1240241 -0.1761722 0.6316679 0.5072315 0.5376676 0.5448911 0.2499234 0.3242202
0.4114603 0.5201531 0.6830129 0.0000000 0.4537864 0.6450885 0.3329296 0.7562609 0.4491751 0.4197185 0.7420003 0.5002267 0.6467652 -0.1198421 0.5143474 0.5394400 -0.1653568 0.0684844 0.5794743 0.4884705 0.6349634 0.5465656 0.3781339 0.4525275 0.4614217 0.5572703 -0.1691952 0.1475653 0.5972175 0.3884170 0.5350443 0.3824681 0.3958896 0.3901035 0.2940467 0.5665652 0.3562114 0.4342606 0.3552117 0.1652936 0.2982114 0.6131561 0.4245836 0.1844321 0.4385361 0.4613409 0.4186637 0.3002102 0.2319832 0.2434892 0.1502144 -0.1478996 0.4356516 0.0174644 0.3469567 0.3746079 0.4011698 0.3507888 0.4711962 0.0038738 0.7046689 -0.1135350 0.2794526 0.3893275 0.6956968 0.2846850 0.3098442 -0.1588766 0.2640636 0.2535779 0.4315153 0.4880517 0.3904003 0.6040717 0.3273649 0.3562153 0.6003201 0.4991669 0.5892032 0.5850871 0.4424310 -0.1109874 0.2643755 0.3410536 0.4910921 0.3243166 -0.0602893 0.3799547 0.4655192 0.3781613 -0.0979004 -0.0622617 -0.0788904 0.4354909 0.4769445 -0.0000658 -0.2040568 0.1063060 -0.0060866 0.3496499 0.0654411 0.0237908 0.2912849 0.7087839 -0.3512927 -0.0474589 0.2910552 0.2114624 -0.0136969 0.3721125 0.1016669 0.3066070 0.1041922 0.2452247 0.3847344 0.1770269 0.2991981 0.4359449 0.2531024 -0.0396554 0.0811425 0.0872933 -0.4165349 0.1096310 -0.2133482 -0.4189160 0.1894661 -0.4205695 -0.3661055 -0.0526876 -0.2022946 -0.3065744 0.0162759 0.1163876 -0.5664272 -0.3720682 -0.1847273 -0.3577544 -0.1901829 0.0658142 -0.3947515 -0.1193736 -0.3219187 -0.4794826 -0.3220405 -0.3834935 -0.4637554 -0.5201014 -0.4946139 -0.3577763 0.1692643 -0.5320087 -0.3884000 -0.4041508 -0.6414520 -0.2772485 -0.4541526 -0.5583965 -0.5514116 -0.1226617 -0.8293417 -0.4590485 -0.0567572 -0.2673338 -0.8180610 -0.4700609 -0.4717192 0.0115235 -0.4024365 -0.3486738 -0.4748831 -0.2302660 0.3905341 0.2935275 0.7126301 0.8129582 0.8165601 0.6777812 0.5269159 0.4156859 0.5220939 0.4967187 0.5237969 0.4149586 0.4071386 0.6919181 0.5804909 0.6455067 0.6254774 0.5136137 0.0812607 0.7314907 0.5529642 0.1330840 -0.1540817 0.1277647 -0.0456864 0.5039344 0.3987340 -0.2371386 -0.1857439 -0.3348462 -0.2275503 0.1605512 0.6314687 0.4908390 0.0567739 0.3984792 0.0363103 -0.1432492 0.0974460 -0.0295618 0.7113155 0.5999439 0.5566829 0.1944494 0.5009217 0.4393415
-0.0099429 0.1178910 0.6574364 0.4537864 0.0000000 0.1498327 0.4380919 0.6946102 -0.1494548 0.0724034 0.3710957 0.2060808 0.8237525 0.2556523 0.0828259 0.4139705 0.2787426 0.2843350 0.4870450 0.6424771 0.2003186 0.6852998 0.4028872 0.4756231 0.4903144 0.2384130 -0.2128820 0.4725353 0.1581013 0.7036539 0.6428426 0.3788958 0.2490013 0.2131622 0.0847990 0.0947398 0.3177558 0.7131340 0.4766326 0.3237463 0.6661768 0.0095891 0.2909627 0.2538757 0.1116220 0.4957052 0.3521161 0.6884478 0.2164420 0.6844003 0.1859237 -0.0127323 0.2034479 0.0621781 0.7404647 0.7131982 0.5545299 0.1997189 0.2435253 0.0347949 0.3014080 -0.0039503 0.7274793 0.2155870 0.4813530 0.6286021 0.5318016 -0.2415071 0.5243033 -0.1452988 0.6570311 0.2334870 0.2833188 0.2548742 0.6513520 -0.2448578 0.0477831 0.4638406 0.3098905 0.3731392 0.4762039 -0.2636582 -0.0284235 0.1161769 -0.0136461 0.2248000 0.0994718 0.2501526 0.2530664 0.0474109 -0.2086012 -0.3181477 -0.4386443 0.4092177 0.3176529 -0.2298176 -0.4243180 -0.2898882 0.0386386 0.3777368 -0.2892009 -0.2192097 0.2223147 0.4546150 -0.5083602 -0.0554257 -0.1288415 -0.0488692 -0.3103517 0.0163884 -0.1455587 -0.1037998 -0.0481512 0.0604608 0.0625944 0.0192237 0.0413487 -0.0355018 0.1938701 -0.1494489 0.0896044 0.2448095 -0.4731709 0.0185740 -0.1972751 -0.1489858 -0.0148869 -0.5957497 -0.2819982 -0.1408243 -0.3403703 -0.3643427 -0.3554528 -0.1823295 -0.4459079 -0.3767942 -0.2619192 -0.3429713 -0.3315930 -0.3170135 -0.4428439 -0.2836786 0.2990031 -0.5726946 -0.2767106 -0.2121502 -0.4820008 -0.3819476 -0.2575001 -0.4544742 -0.0287762 -0.3206725 -0.5434005 -0.4367002 -0.3988186 -0.2930277 -0.6566772 -0.4635173 -0.0576005 -0.3646485 -0.5084722 -0.5521967 -0.1448126 -0.5636351 -0.5133985 -0.2471916 -0.2837561 0.1766717 -0.4616282 -0.5218143 -0.2077982 -0.3006005 0.0784859 -0.2900302 0.1206294 0.2652493 0.4079199 0.0449962 0.1073742 -0.2893702 -0.1459286 -0.1137085 -0.0016212 -0.1622387 0.1958806 0.5403043 0.5918549 0.6403051 0.0915014 -0.0541560 0.0976832 0.3795167 0.0572611 -0.2310187 0.1057935 0.2182662 -0.1232707 0.2852278 0.5214880 -0.0920196 -0.0161193 -0.0587750 0.2837652 0.1788529 0.6548076 0.5374413 0.0917330 0.4760131 -0.1023672 0.0442158 0.1279184 -0.3809292 0.3226809 0.4728271 0.4819609 0.3837208 0.1429732 0.1437571
0.1866283 0.5712613 0.4474086 0.6450885 0.1498327 0.0000000 0.7210640 0.1462295 0.7187882 0.4884116 0.2952558 0.6870911 0.2436744 0.1836659 0.7542120 0.0390986 -0.0837506 0.2616629 0.0118755 0.5789977 0.3263937 0.0335734 0.0786733 0.6693755 -0.1473096 0.1013424 0.0969898 0.3831804 0.7210653 0.2699955 0.2852813 -0.1787768 0.7569760 0.7874627 0.1278381 0.2152196 0.1485424 0.0012993 0.3154975 0.5152668 0.0373205 0.4980991 0.1757827 0.5613465 0.6096920 -0.0644247 0.0474391 0.0215551 0.6398622 0.1145115 0.0947585 0.1248554 0.7978640 0.4022736 0.1517970 0.1101908 0.0928319 0.6170033 0.2217088 -0.0166359 0.2392199 -0.0574830 0.1018517 0.6154197 0.5820028 -0.0281986 0.0394245 0.1535970 0.1885841 0.2182261 -0.0471093 0.2350509 0.0954482 0.2069116 0.0733708 0.1069153 0.0563623 -0.0108916 0.2187049 -0.0233788 0.0816250 -0.3797272 -0.3186283 -0.1844139 -0.1011085 -0.2617988 -0.4270162 -0.2516538 -0.0440006 -0.1366677 -0.1405158 -0.1083888 0.2167057 0.0272635 0.0442154 -0.1481686 -0.0275006 0.1738686 -0.1120256 0.2520714 -0.1456079 -0.1089327 -0.1054244 0.4494638 -0.1972862 -0.2447403 0.2491077 0.0263781 -0.0844380 0.4076110 -0.0010348 0.2751638 0.0502091 0.2670972 0.4996895 0.2621837 0.3689991 0.2910477 0.1399875 -0.1149518 -0.1969811 -0.0722192 -0.2793254 -0.3131019 -0.1422786 -0.3257096 0.1936452 -0.4404376 -0.2169432 -0.2373984 -0.0900704 -0.2756251 0.1661736 -0.2796329 -0.2208197 -0.4989254 -0.1489644 -0.1104290 0.0303172 0.2732549 -0.4016139 0.0167634 -0.2610013 -0.4480751 -0.2206414 -0.5171813 -0.2842464 -0.3432806 -0.4675255 -0.0080480 0.0793088 -0.6206026 -0.2317762 -0.4238922 -0.4362875 -0.5109475 -0.0985709 -0.4688300 -0.3508134 -0.0062610 -0.6717952 -0.0423193 -0.2876523 -0.0611895 -0.6386514 -0.5743924 -0.5153120 -0.1480508 -0.1557890 0.0008843 -0.6059916 -0.3435206 0.3041972 0.4697293 0.6776204 0.8212800 0.4953735 0.7112763 0.2048669 0.2801350 0.5111625 0.3224679 0.3326529 0.2658357 0.0946122 0.1333074 0.1588189 0.2216291 0.1922373 0.3709216 -0.0604418 0.1316005 0.3458975 0.2985830 -0.2044685 0.3008888 0.2277673 0.2047962 -0.1173395 -0.1383667 0.0136553 -0.3789615 -0.2376834 0.4384276 0.2917524 0.1372819 0.0405087 0.2123963 0.2280805 -0.0960103 0.0171762 0.4706369 0.5303494 -0.0063823 0.2158183 0.2266116 0.5461570 0.2911811
-0.0816144 0.4290679 0.4514676 0.3329296 0.4380919 0.7210640 0.0000000 0.1050160 0.4570748 0.3725704 0.0454099 0.6821337 0.3312779 0.5672039 0.6774506 -0.0817474 0.1111974 0.6359270 -0.0241715 0.7048323 0.0248505 0.1040889 0.0596917 0.7362217 -0.1947650 -0.0381539 0.0608610 0.7425392 0.5455197 0.5222937 0.2963740 -0.3021988 0.6871850 0.7343832 -0.0756697 -0.0927752 0.0329953 0.0214165 0.2785617 0.5937443 0.0670588 0.2238882 -0.0261765 0.5111133 0.5090044 -0.0693183 -0.0947356 0.0747845 0.6415855 0.3875670 -0.1511484 0.1168906 0.6992115 0.3146165 0.2744268 0.2178317 -0.0728276 0.4299440 0.0550635 -0.2944939 0.0001614 -0.1166797 0.2356916 0.5559444 0.5019703 -0.0763323 -0.1137055 0.0831477 0.1534178 -0.0272886 -0.1327204 0.1792645 -0.0624063 0.0951034 0.0639126 -0.2435802 -0.1573559 -0.1277557 -0.0741333 -0.1931072 -0.0644188 -0.3144037 -0.4065855 -0.1667486 -0.3129633 -0.3215496 -0.5785815 -0.1963358 -0.1404867 -0.3557751 -0.5296767 -0.4413429 -0.0476469 0.1901620 -0.2940257 -0.5293274 -0.2849142 0.0124727 -0.3093637 0.5114017 -0.3779120 -0.1938642 -0.1005767 0.4936345 -0.4946437 -0.4954287 -0.1115688 -0.1177994 -0.2829741 0.0361553 -0.2488721 -0.0234936 -0.1781346 -0.0519332 0.1436252 -0.0122683 0.0011689 -0.1119100 -0.1558403 -0.3621263 -0.5080440 -0.2875240 -0.2393759 -0.6170055 -0.3412485 -0.3314073 0.0926153 -0.5527560 -0.3158438 -0.5079080 -0.3398862 -0.4292600 -0.1686545 -0.5463603 -0.3371837 -0.5405131 -0.3912348 -0.3129534 -0.2848284 -0.0526917 -0.5057971 -0.3377613 0.0314790 -0.5819056 -0.3586907 -0.4796192 -0.5567043 -0.5556773 -0.4025566 -0.3047129 -0.2797254 -0.5474805 -0.5167067 -0.4645042 -0.5431573 -0.4644984 -0.2465928 -0.6039229 -0.0487293 -0.3478581 -0.5532798 -0.2570657 -0.2495572 -0.3670004 -0.5547423 -0.3834979 -0.3620078 -0.0404237 -0.3263513 -0.2196522 -0.4563470 -0.4311661 0.2470572 0.2093793 0.3390557 0.4699082 0.2145021 0.2928617 -0.1223365 -0.1691206 0.1468900 -0.0066865 0.0996519 -0.0515200 -0.0035593 0.0412528 0.1439227 0.1521680 -0.0439591 0.1331585 -0.2484447 -0.0267594 0.1205059 -0.0526025 -0.2109326 0.1493642 -0.0024793 0.0617492 -0.2095770 -0.2653841 -0.0522775 -0.3769107 0.0268148 0.4047393 0.2639326 0.0821411 -0.1796008 0.3543897 0.0651594 -0.1828629 -0.0076187 0.1718195 0.2926255 0.0185342 0.2374168 0.2832169 0.5597138 0.2799819
0.3166780 0.2897427 0.7069076 0.7562609 0.6946102 0.1462295 0.1050160 0.0000000 -0.0172913 0.2740939 0.7784265 0.2333679 0.8974098 -0.1280699 0.1864942 0.7474135 -0.0915359 0.0678058 0.9032399 0.4083669 0.5734359 0.8895258 0.5912673 0.3058667 0.8543620 0.7030122 -0.2517602 0.1705976 0.3955064 0.4929966 0.6454817 0.7373874 0.0737663 0.0848558 0.3056015 0.5373345 0.5917854 0.8283904 0.2044291 0.0138231 0.6497937 0.4904510 0.3932094 -0.0928180 0.1991293 0.8549515 0.6791325 0.6232384 -0.0472974 0.5826036 0.1710468 -0.3648639 0.0973295 -0.3516358 0.6404432 0.7177666 0.6713057 -0.0675207 0.6122302 -0.0283928 0.7423884 -0.2119754 0.5596322 0.0439340 0.5074157 0.6397276 0.4599705 -0.4908801 0.4962917 -0.0848741 0.7608482 0.3789432 0.4520801 0.5071628 0.6428303 0.1975538 0.5537309 0.8111307 0.7188070 0.8229641 0.7435819 0.0069341 0.3958093 0.4683869 0.5068472 0.6196400 0.2423455 0.5531689 0.5801897 0.4071438 -0.0188164 -0.0331947 -0.1591086 0.5384740 0.5826748 0.0115711 -0.2600858 0.0391125 0.1578227 0.3600730 0.0454449 0.1280254 0.4837029 0.6514381 -0.3065090 0.2037111 0.2568042 0.2726410 -0.0339434 0.2229576 0.1345932 0.2485307 0.1032921 0.1963426 0.1734470 0.1037635 0.1566436 0.2352921 0.2370809 -0.0669564 0.1564683 0.1115060 -0.3813406 0.2770576 -0.2535405 -0.2139629 0.1383032 -0.3054764 -0.3256106 0.1155320 -0.1968776 -0.2428113 -0.1614991 0.2564060 -0.5142782 -0.1615492 -0.1353483 -0.3999281 -0.2202211 -0.1402640 -0.1527590 -0.2425152 0.0743299 -0.3471695 -0.2456504 -0.1082143 -0.3929892 -0.3697545 -0.1469264 -0.4220335 0.2602765 -0.2230559 -0.3765669 -0.1799266 -0.4516760 0.0539554 -0.5324104 -0.3339677 -0.1722224 -0.1430069 -0.5555232 -0.5736963 0.1106945 -0.3993377 -0.5515066 -0.0433194 -0.0898955 0.3301459 -0.4950122 -0.5309707 -0.1068014 -0.1004754 0.3122521 -0.0312865 0.3883516 0.4691232 0.6823460 0.3396522 0.4726413 0.2860498 0.3307306 0.3913521 0.4833614 0.3214366 0.5938256 0.7985629 0.7887763 0.7019990 0.5408561 0.3113939 0.1506898 0.8267923 0.3898094 -0.1343041 0.0599402 0.1250972 -0.2121919 0.4379979 0.7721932 -0.1553079 -0.2193178 -0.2239812 -0.0545358 0.0252666 0.7905633 0.6065943 0.0780515 0.5062195 -0.1336998 -0.1123967 0.0466325 -0.3746133 0.5604189 0.7126755 0.6428595 0.2354427 0.2188405 0.3793067
-0.1736072 0.2549128 0.1858230 0.4491751 -0.1494548 0.7187882 0.4570748 -0.0172913 0.0000000 0.5570312 0.2279601 0.7781369 -0.0791236 0.2393291 0.8525471 0.0798753 -0.0165165 0.3058345 -0.0571386 0.3127023 0.2970056 -0.1916887 0.1866789 0.4680704 -0.3229374 0.2505093 0.1211468 0.2818848 0.6188491 0.0862459 0.0405878 -0.2691156 0.4360479 0.5531126 0.3574379 0.2075582 0.1760396 -0.1947943 -0.0862393 0.3826035 -0.1388075 0.5153141 0.1488360 0.1439289 0.6608825 -0.0368698 0.0604164 -0.0926056 0.2413698 -0.0200266 0.0020208 -0.0732033 0.5504988 0.0027121 0.0307235 0.0101840 -0.0554861 0.2278901 0.1817450 -0.0162822 0.2897036 -0.1964929 -0.0579541 0.4338800 0.4792461 -0.2197210 -0.3141737 0.0414034 0.1173146 0.1952510 -0.3691922 0.4305811 -0.0229605 0.3920386 -0.1756920 0.2893743 0.2943853 -0.1080778 0.1399377 -0.1241146 -0.0643203 -0.3277667 -0.1150521 0.0251275 0.0720533 -0.2421680 -0.4154516 -0.2299203 -0.0956736 -0.1927014 -0.0519505 0.1104330 0.3363659 -0.1974909 -0.2006825 -0.0013463 0.1865305 0.3869699 -0.1302864 0.1405102 0.0759617 0.0056273 -0.0511522 0.2735842 0.0165223 -0.0875432 0.2462525 0.1120393 -0.0916881 0.3129690 -0.1033781 0.2406054 -0.1104026 0.0812208 0.1982750 0.0895299 0.1304221 0.1256885 -0.2025594 -0.2472437 -0.4035443 -0.3173318 0.2206403 -0.4565514 -0.2873126 -0.3104096 0.4136844 0.0634511 -0.2136065 -0.1438490 -0.0530047 -0.0099618 0.2140636 -0.1504263 -0.0411052 0.0160213 -0.0796173 -0.1493780 0.0495500 0.2213587 -0.0162404 -0.0055549 -0.1997471 -0.1246046 -0.1564914 -0.0463980 -0.1199331 -0.2180088 -0.2550884 -0.0614422 -0.1024901 -0.2325224 0.0594893 0.0812149 -0.3376293 -0.1050100 -0.0788834 -0.1920313 -0.2329068 -0.0809426 -0.3295813 0.0091276 0.0715271 -0.0444109 -0.3369573 -0.3244875 -0.1265070 -0.0662448 -0.1735581 -0.0308024 -0.3856301 -0.2715787 0.3021524 0.5121765 0.3978544 0.4487143 0.4051998 0.6786897 0.1583041 0.2829622 0.4323327 0.3099976 0.3323031 0.3497497 0.0707685 0.0819544 0.0752827 -0.0270236 0.1866101 0.2817646 -0.3616615 0.0346463 0.1026208 0.0526899 -0.3875754 0.0084001 -0.1380807 -0.0798900 -0.3026458 -0.1659315 -0.0396816 -0.3837574 -0.2383763 0.0677694 0.1648148 -0.0424497 -0.0347558 0.0254640 0.2605143 -0.2288436 0.0965402 0.4679049 0.4612853 -0.0452002 -0.0195872 0.0624123 0.6521340 0.3112805
0.1042817 0.5029048 0.3513443 0.4197185 0.0724034 0.4884116 0.3725704 0.2740939 0.5570312 0.0000000 0.6077511 0.6761997 0.1661852 0.4617244 0.6489456 0.3877208 0.3231813 0.4954162 0.2708084 0.4366722 0.4295098 0.1631518 0.5684062 0.4599109 0.2020988 0.5977339 0.0790129 0.4413701 0.8179405 0.3565306 0.2920041 0.2207850 0.2765410 0.5947903 0.5916992 0.4608124 0.5603728 0.2068065 0.1587272 0.3370991 0.1438181 0.7131592 0.5253983 0.0169963 0.8493945 0.4357031 0.4521174 0.2712806 0.2702135 0.2957682 0.3093374 0.0285167 0.6117988 -0.0125873 0.3048419 0.2721627 0.2241241 0.2504343 0.4571655 0.1719765 0.5455947 0.0725013 0.2098980 0.5769540 0.6693115 0.1727181 0.1207040 0.1678764 0.2570332 0.3868650 0.1061428 0.6476663 0.5088767 0.6067876 0.2342076 0.6132373 0.5086947 0.2196422 0.4733661 0.2721229 0.3325447 -0.2095866 -0.1497630 0.0059208 0.1838460 -0.0619626 -0.4725058 -0.0485464 -0.1471982 -0.1310878 -0.3401260 -0.0571523 0.2315564 0.0541920 -0.2068456 -0.1949192 -0.0776293 0.1562832 -0.4994471 0.3407767 -0.2268072 0.0079177 -0.1887991 0.4293228 0.0147321 -0.0273998 0.3809455 0.1041189 -0.3006723 0.4734415 -0.2634727 0.2280621 0.0486502 0.2863962 0.3444295 0.2963639 0.3218930 0.2464848 0.1248345 -0.0611183 -0.1535646 -0.2810455 -0.2600623 -0.2799422 -0.0492433 0.0027594 0.0707738 -0.0953523 0.0306825 0.1346546 0.2371171 0.1850477 0.1753318 0.1017642 0.1062799 -0.1048266 0.1333751 0.0354814 0.1799717 0.3476893 0.0663829 0.2705794 0.1858225 -0.1348437 0.1382978 -0.0956386 0.0249658 -0.1510941 0.1661933 0.2220818 0.3167514 0.0220363 0.0557066 -0.0215247 -0.1076452 0.2934414 -0.0685283 0.0095327 0.2163836 0.0360992 -0.4084314 -0.0045315 -0.0004707 -0.0839630 -0.3127646 0.0994439 -0.0121125 0.3711127 -0.1546047 -0.1986118 -0.1801805 -0.1507756 0.0207017 0.3075317 0.4603770 0.4215259 0.4120407 0.3908555 0.3473706 0.4850877 0.5749772 0.5197764 0.5394892 0.4860076 0.4689524 0.5451591 0.3926385 0.3935857 0.3623475 0.4506432 -0.0660848 0.2364909 0.2320679 -0.1610400 0.0987426 0.1514518 -0.1696363 0.0134299 0.2087318 0.0838363 -0.0194557 -0.5690198 -0.3762749 -0.2800257 0.1799183 0.0207336 0.1907856 0.1216255 0.1907675 -0.3821762 -0.1919001 0.1106986 0.2327030 0.1635786 0.2775935 0.0336176 0.2642726 0.0870403
0.2619417 0.3497764 0.5038663 0.7420003 0.3710957 0.2952558 0.0454099 0.7784265 0.2279601 0.6077511 0.0000000 0.3404956 0.5827856 -0.0309905 0.2749626 0.8417979 0.0132165 0.0480085 0.7557946 0.3055134 0.7021771 0.5499388 0.7098074 0.2259396 0.7227072 0.8818349 -0.2592509 0.2124231 0.5360096 0.4392350 0.4373710 0.7253737 0.1516752 0.2206804 0.6536029 0.6548210 0.6864343 0.5668046 0.2226391 -0.0091434 0.4197285 0.6458203 0.6922281 -0.0921583 0.4284887 0.7754208 0.7904028 0.4404317 -0.0362647 0.3434011 0.3956502 -0.1278333 0.2279928 -0.2579722 0.4697808 0.4668052 0.5991672 0.0217442 0.5935890 0.2090045 0.7940780 -0.0397417 0.3169169 0.1452439 0.5684074 0.4047458 0.3417145 -0.2358297 0.2995148 0.1460191 0.5371654 0.4803210 0.5803931 0.6176511 0.3734618 0.5144860 0.7147617 0.5938300 0.6707144 0.7181478 0.5365107 0.0625486 0.3602475 0.2881756 0.5343439 0.4576152 0.0993531 0.3467716 0.4835861 0.4078289 -0.0323682 -0.0134357 -0.0292491 0.2775283 0.5485248 0.0480776 -0.2288812 0.0916080 0.0187804 0.2761834 0.0808740 0.0705939 0.2798654 0.5745294 -0.1402516 0.2347329 0.3790532 0.2431010 0.1369848 0.4124961 0.2887628 0.4301356 0.1602983 0.2322771 0.3229911 0.1926143 0.2768333 0.3784864 0.2801231 0.1489757 0.3124526 0.1425767 -0.4658064 0.1866621 0.0688461 -0.0826829 0.2761861 -0.2324894 -0.0061407 0.3096028 0.2090685 -0.0093246 0.1266039 0.3995161 -0.3207891 -0.0886879 0.1389185 -0.0378406 0.0689721 0.3305848 -0.0206335 0.1734657 -0.0024121 -0.0431007 0.1135384 -0.0513393 -0.1094845 -0.2441271 0.0469898 -0.0405544 0.5514793 0.0628637 -0.0296272 -0.1033768 -0.3015189 0.2855906 -0.2678527 -0.0533775 -0.1487834 0.2268078 -0.5165199 -0.1926071 0.2107583 -0.0252456 -0.4168560 0.0869366 -0.0553412 0.2703117 -0.2850302 -0.2248029 -0.1198167 -0.0070454 0.1881307 0.2010541 0.5770710 0.5829324 0.7103543 0.5734573 0.5730660 0.6004714 0.6050066 0.5387778 0.5668536 0.4582002 0.5901998 0.8495451 0.6679650 0.7183067 0.6831821 0.4539775 0.2543254 0.7079061 0.3292564 0.1013864 0.1764014 0.2627398 -0.1390943 0.2530722 0.5663602 0.0593833 -0.3356282 -0.4065832 -0.2295072 -0.1880874 0.5039920 0.3245308 0.2541285 0.2571674 -0.1096716 -0.2895394 -0.0459513 -0.2161187 0.4353437 0.4417182 0.5625395 -0.0773845 0.1372946 0.2330178
-0.1423637 0.4872058 0.2854791 0.5002267 0.2060808 0.6870911 0.6821337 0.2333679 0.7781369 0.6761997 0.3404956 0.0000000 0.2497842 0.3868468 0.8336151 0.2890286 0.1183557 0.3832806 0.2178930 0.6996859 0.4572467 0.1647720 0.4164825 0.4610056 -0.0653373 0.3545746 -0.1777099 0.3920560 0.7858362 0.2150408 0.3269059 -0.1904831 0.3309677 0.6218040 0.3115524 0.3901496 0.2215103 0.1049069 0.0112891 0.2925624 0.0106791 0.6533178 0.2314608 -0.0082445 0.7872499 0.2322794 0.1881893 0.1700944 0.2213522 0.3278043 0.0940094 -0.1543306 0.6386184 -0.0580431 0.3700842 0.3690592 0.0804145 0.2631881 0.3885909 0.0052440 0.4169090 -0.1417540 0.2853347 0.5848107 0.7142302 0.0829360 -0.0882379 0.1747343 0.3694695 0.2927175 -0.0498220 0.5844134 0.2490897 0.5388816 0.1759989 0.3248374 0.3534977 0.0990110 0.2138644 -0.0397977 0.0884372 -0.2981926 -0.0512117 0.2709698 0.2157116 0.0390734 -0.4016949 0.0711349 0.0990900 -0.0096187 -0.2504424 -0.0436802 0.2474608 0.1292175 -0.1095531 -0.1709699 -0.0094840 0.2830739 -0.1973372 0.5909702 -0.1708533 0.0265115 0.1640779 0.5641944 -0.2295428 -0.2030672 0.3134862 0.2589415 -0.3112302 0.4259923 -0.2038052 0.1544011 -0.0759292 0.2351338 0.3123501 0.2547163 0.2377617 0.0379733 -0.0311504 -0.4321033 -0.5315991 -0.2731674 0.0586746 -0.5962877 -0.3900713 -0.3756323 0.2548674 -0.1329925 -0.2501933 -0.3105036 -0.2301477 -0.2296446 -0.1209057 -0.2492717 -0.2758623 -0.3007509 -0.2981533 -0.2522948 -0.2139869 0.1162664 -0.2703226 -0.1700373 -0.0322973 -0.4382471 -0.3142353 -0.3056585 -0.3843337 -0.5142809 -0.2647676 -0.2619332 -0.1360043 -0.3393510 -0.2675847 -0.1778054 -0.4602515 -0.1363388 -0.2236182 -0.4138876 -0.0854220 -0.2814775 -0.4882828 -0.1615167 -0.0341805 -0.2230687 -0.3813611 -0.2459702 -0.1272476 0.2302430 -0.2235494 -0.1534329 -0.1569728 -0.0834125 0.2908322 0.4331692 0.5406050 0.5376085 0.5535582 0.4501854 0.2962443 0.2649609 0.3839935 0.4736220 0.5240917 0.4874090 0.3572233 0.3316516 0.2443281 0.2255702 0.1764354 0.2576854 -0.3471983 0.0909934 0.1490230 -0.0022998 -0.2604726 0.1610907 -0.0945821 0.0700517 -0.1256225 -0.2069471 -0.1385168 -0.4074935 -0.0759468 0.1141197 0.2865713 0.0417660 -0.0648786 0.2399852 0.1794570 -0.2015193 0.2657083 0.3540391 0.3682101 0.1283190 0.2413947 0.0997470 0.6525214 0.2305565
0.2156446 0.2955928 0.7646217 0.6467652 0.8237525 0.2436744 0.3312779 0.8974098 -0.0791236 0.1661852 0.5827856 0.2497842 0.0000000 -0.0585919 0.2257124 0.5407883 -0.1209150 0.1374646 0.7554580 0.6133658 0.4230582 0.9007326 0.4555839 0.4464413 0.7112415 0.4641241 -0.2949639 0.3019058 0.3998167 0.5485733 0.7346124 0.5414153 0.2049242 0.2149833 0.1374542 0.3581508 0.5281981 0.8398935 0.2293038 0.1638722 0.7630855 0.3556535 0.2255596 0.1016538 0.1601792 0.7094886 0.5465312 0.6841639 0.1332484 0.6864011 0.1646080 -0.2883253 0.2266295 -0.2097293 0.7396191 0.7863419 0.6806742 0.0159652 0.5197108 -0.0588904 0.4946284 -0.2079262 0.7016342 0.0684613 0.4595600 0.6942019 0.4946920 -0.4924721 0.5925866 -0.2657829 0.7736626 0.1668396 0.3300993 0.2471609 0.7018658 -0.1082537 0.2135826 0.7242634 0.5761000 0.6325359 0.7185508 -0.0150536 0.2295676 0.2876492 0.2350929 0.4751061 0.2148876 0.3723124 0.4848360 0.2596281 -0.0266756 -0.0763698 -0.1125151 0.5176397 0.5057843 -0.1130538 -0.2410652 -0.0396340 0.1970946 0.3645416 -0.0181201 0.0348180 0.4560030 0.5989726 -0.4087074 0.0550990 0.1517390 0.1939255 -0.1341064 0.1373041 0.0718111 0.1458377 0.0394742 0.1755517 0.1699394 0.0964493 0.1328284 0.0793326 0.2183055 -0.1070348 0.0907281 0.1458867 -0.4094528 0.2155569 -0.2459269 -0.1981434 0.1320431 -0.4987859 -0.3365865 -0.0154570 -0.2778693 -0.4800500 -0.2394682 0.0200938 -0.5770162 -0.4034142 -0.2239893 -0.3869577 -0.2546388 -0.2209558 -0.3850998 -0.3405955 0.1307436 -0.5067254 -0.3314206 -0.2974105 -0.4789698 -0.3949884 -0.3181965 -0.4482889 0.1786724 -0.4161511 -0.4571436 -0.4007870 -0.4628788 -0.1764779 -0.4672297 -0.4898090 -0.1482421 -0.1303984 -0.5755736 -0.5135973 0.0643727 -0.3846591 -0.5444424 -0.1352046 -0.1875433 0.2278172 -0.4996128 -0.4595783 -0.1880807 -0.1476410 0.3272040 -0.1386990 0.2954480 0.4734193 0.5510484 0.2638689 0.3102482 0.0781679 0.1421017 0.2096316 0.3398024 0.1280381 0.4733525 0.5744119 0.7220147 0.6677377 0.3118661 0.1682254 0.1924334 0.6705579 0.3197592 -0.0394823 0.1006427 0.2883872 -0.0370555 0.4321085 0.7074736 -0.1439302 -0.1948538 -0.1585826 0.0284598 0.2549040 0.8187818 0.6757439 0.0813371 0.5993227 -0.1673984 0.0003228 0.0114774 -0.2784739 0.5502425 0.6172897 0.6921721 0.4008535 0.1926460 0.2957748
-0.3352979 0.2206600 -0.0185446 -0.1198421 0.2556523 0.1836659 0.5672039 -0.1280699 0.2393291 0.4617244 -0.0309905 0.3868468 -0.0585919 0.0000000 0.3534705 -0.0355745 0.5411373 0.8335349 -0.1743892 0.2976627 -0.1590578 -0.2128681 0.3186192 0.4689035 -0.2238209 0.0778490 0.3158132 0.8128622 0.1696260 0.5994703 -0.0879803 -0.1771394 0.2551464 0.3559434 0.2852362 -0.1654216 0.2269395 -0.0143870 0.4419089 0.5042528 0.0225258 0.0077352 0.3187412 0.2830528 0.4063052 0.0201707 0.0105342 0.2592447 0.3192055 0.4345627 0.1837021 0.4993343 0.3506398 0.3319651 0.2589019 0.1217335 -0.0830050 0.1722183 0.0775443 0.1153350 -0.0057817 0.4078433 0.3230391 0.3998151 0.2541192 -0.0272363 0.0318900 0.3112262 0.1409019 0.1917292 -0.1515434 0.2767345 0.1971485 0.1355834 0.0137885 0.0293146 -0.0518831 -0.1300678 -0.0104074 -0.1670311 -0.1051358 -0.4985234 -0.5789361 -0.3699428 -0.4516478 -0.5019917 -0.7523886 -0.2752457 -0.4729969 -0.6102847 -0.6660244 -0.6622583 -0.3142838 -0.0393207 -0.5774422 -0.7195230 -0.4203586 -0.1529796 -0.5788400 0.3261803 -0.3733872 -0.1900280 -0.5073794 0.1494665 -0.3016780 -0.4416080 -0.2075189 -0.3106962 -0.3223465 0.0590885 -0.4683774 -0.1852685 -0.2473412 -0.1005025 -0.0860063 -0.0775023 -0.1329689 -0.2638710 -0.2625332 -0.0237956 -0.3191106 -0.3709145 -0.3251692 -0.5595981 0.0494778 0.2276262 0.0151614 -0.3682784 0.1743498 -0.0108980 0.1059833 0.0031182 0.0391500 -0.2360503 0.0751152 -0.0523346 0.0669612 0.0941587 0.0273042 0.1623326 -0.0331740 0.1653256 0.5656134 -0.2243280 0.1785110 0.1503252 -0.0424571 -0.0410954 0.1588729 0.1556803 -0.1185430 0.0875419 -0.0600762 -0.0335423 -0.0571383 -0.0503735 -0.2133776 0.0390455 0.5219584 -0.3152023 -0.2114223 -0.0131911 -0.1324499 -0.3476286 -0.1342472 -0.0956416 -0.0843402 0.1430534 0.0008128 -0.1592997 -0.2134887 -0.3496763 -0.1962424 0.0951212 0.0547616 -0.0857405 -0.0647395 -0.0183940 -0.1628584 -0.1454267 -0.0138031 -0.0525589 -0.0004015 -0.0466864 0.0941661 0.1120329 0.2661802 0.0858832 -0.0072959 0.0554643 -0.0160667 -0.1767834 -0.0904191 -0.2567717 0.2747333 0.1606371 -0.0106258 -0.1781018 -0.1378899 0.2054967 -0.1286536 -0.4881328 -0.1253571 -0.2422785 -0.1987089 -0.2341597 0.0913663 -0.2101121 -0.2301411 -0.4697575 -0.3213409 -0.0753572 -0.2766691 -0.1447664 -0.1318071 -0.1315431 0.2357044 -0.0331201
0.0568517 0.4176601 0.4127574 0.5143474 0.0828259 0.7542120 0.6774506 0.1864942 0.8525471 0.6489456 0.2749626 0.8336151 0.2257124 0.3534705 0.0000000 0.0912989 -0.0844315 0.5837791 0.1017478 0.5485831 0.2880302 0.0810472 0.2606671 0.6675724 -0.1607720 0.3018689 0.0533279 0.4954164 0.8176796 0.3099900 0.2196307 -0.2092551 0.4649323 0.6976874 0.2954459 0.2208102 0.3533825 -0.0058540 -0.0536817 0.5740240 0.0609397 0.5961690 0.0694258 0.1786120 0.7431122 0.1500057 0.2028492 0.0485844 0.3954745 0.2224366 0.0047451 -0.1142373 0.7096516 -0.0397097 0.1710367 0.2353462 0.0916526 0.1955280 0.2786403 -0.1689148 0.2915643 -0.2106893 0.1473466 0.5049019 0.6070678 -0.0616948 -0.1298242 -0.0397758 0.2769302 0.0776210 -0.1497489 0.4654011 0.1659313 0.3899172 0.0485597 0.2041928 0.2873757 0.0461228 0.2389344 0.0156472 0.1146305 -0.2156338 -0.1776987 -0.0043210 0.0023897 -0.2150742 -0.5262845 -0.0857063 -0.0734186 -0.2223334 -0.1897577 0.0231206 0.2801729 0.1068850 -0.2381268 -0.2488855 0.0594466 0.2077551 -0.3134279 0.4156745 -0.1658556 -0.1301172 -0.0431560 0.4916774 -0.1838542 -0.2813897 0.1175633 -0.0089720 -0.3644474 0.1400114 -0.3312945 0.0943802 -0.2554573 -0.0478766 0.0543974 -0.0612507 -0.0320850 -0.0937862 -0.3091495 -0.4057581 -0.6053231 -0.5364772 0.0700984 -0.5162682 -0.4453109 -0.3268658 0.2311578 -0.1938190 -0.3242034 -0.2979733 -0.1839848 -0.3222102 0.0575621 -0.3038685 -0.2121338 -0.2989575 -0.2104683 -0.2643613 -0.0590776 0.0710127 -0.2289078 -0.1639793 0.0013156 -0.4151827 -0.2723519 -0.3280961 -0.3041499 -0.3746642 -0.3040818 -0.2056955 -0.1537146 -0.4166040 -0.0850196 -0.1522332 -0.4859505 -0.2255686 -0.1270868 -0.3688971 -0.0429570 -0.1634517 -0.4961150 -0.0935506 -0.0584306 -0.1904390 -0.4488147 -0.2738651 -0.2040833 0.0790560 -0.1811546 -0.1357910 -0.3481410 -0.2458607 0.3362276 0.4056371 0.4120830 0.5510692 0.4012280 0.5921428 0.1107750 0.2274407 0.4565180 0.3566514 0.4173307 0.3275060 0.2103726 0.1617590 0.2245227 0.2050705 0.2702409 0.4441632 -0.3091921 0.2237759 0.3703669 -0.0467943 -0.3099739 0.0948375 -0.1204778 0.1782193 -0.0866321 -0.2132515 -0.0407261 -0.4980910 -0.2717025 0.1253421 0.3218640 0.1016390 -0.0995046 0.3221307 0.2246684 -0.3308319 -0.0502587 0.2681398 0.5218478 0.2355476 0.2974592 0.2781130 0.6623302 0.4307274
0.0265046 0.2745459 0.2625708 0.5394400 0.4139705 0.0390986 -0.0817474 0.7474135 0.0798753 0.3877208 0.8417979 0.2890286 0.5407883 -0.0355745 0.0912989 0.0000000 -0.0431777 -0.0224776 0.8719757 0.2303937 0.7706846 0.6061842 0.8416273 -0.0635804 0.7787344 0.8966525 -0.2499067 0.1504476 0.3186770 0.4101540 0.3693534 0.7430277 -0.1395338 -0.0786450 0.5588682 0.7070611 0.6363879 0.6623761 0.1175890 -0.1344740 0.4440220 0.5852508 0.5728108 -0.3169955 0.2408041 0.8247609 0.8115478 0.5321018 -0.3251135 0.5061815 0.3864095 -0.2241590 -0.0933099 -0.3976264 0.6055813 0.6138443 0.6393829 -0.1812086 0.6833374 0.2465252 0.8290347 -0.0388595 0.4281223 -0.1204741 0.4081865 0.5375106 0.3312087 -0.2220830 0.4864005 0.0542247 0.5827531 0.3207880 0.5742778 0.5200724 0.5309130 0.4152613 0.6440116 0.6861574 0.6266719 0.6967207 0.5456509 0.0227074 0.4493018 0.4884740 0.5701775 0.6927736 0.2419620 0.4907617 0.6736511 0.5307439 0.0464271 -0.0481481 -0.1783287 0.3323523 0.6063655 0.1270694 -0.2919128 -0.0345999 0.2942430 0.3939127 0.0411186 0.0569913 0.5014166 0.5397095 -0.1782650 0.3558831 0.4076229 0.4050331 0.1328689 0.4023518 0.2791810 0.4574538 0.2358182 0.2680487 0.2309400 0.2499047 0.2334341 0.2210413 0.2465365 -0.0117069 0.2414320 0.2519029 -0.3174781 0.1199094 -0.0376367 -0.0155575 0.3908798 -0.0910548 0.0511580 0.3090464 0.1223816 -0.0068444 -0.0712701 0.4745965 -0.3365639 0.0589781 0.0643791 -0.0526963 -0.0572250 0.2861964 0.1342266 0.1030705 0.1705836 -0.0022738 0.0637657 0.1002495 -0.0956986 -0.2200266 0.2333735 -0.1094598 0.4567250 0.1897875 0.0245953 0.0749984 -0.2414988 0.3367978 -0.3697007 0.0483113 0.0342320 0.0466568 -0.3459745 -0.2089989 0.3363467 -0.1138232 -0.1804231 0.2447135 0.2070003 0.4638709 -0.2048446 -0.2266648 0.1858260 0.1719867 0.3296197 0.3276994 0.5117309 0.3561091 0.7490275 0.4342004 0.6368352 0.5517592 0.4993689 0.5647064 0.5956021 0.5482236 0.6880823 0.8145917 0.6815165 0.5612779 0.4885217 0.1667556 0.0751944 0.6482454 0.1479088 0.1221805 0.2586076 0.3648222 -0.0604495 0.2611156 0.5800353 0.0743769 -0.3290201 -0.0838219 0.1284014 -0.0694925 0.4976079 0.4002944 0.2422765 0.2834179 -0.1198102 -0.0091607 0.3085798 -0.1300025 0.2857776 0.4277186 0.5494187 -0.0772358 0.1943122 0.2917237
-0.2534476 -0.2864190 0.0386411 -0.1653568 0.2787426 -0.0837506 0.1111974 -0.0915359 -0.0165165 0.3231813 0.0132165 0.1183557 -0.1209150 0.5411373 -0.0844315 -0.0431777 0.0000000 0.2436284 -0.2478062 0.1603039 -0.2364524 -0.1680144 0.2291485 0.2714257 -0.0768563 -0.0552543 0.0472264 0.2465727 0.0153674 0.2187757 0.0398241 0.0769325 0.1859626 0.3462079 0.3703011 -0.2601012 0.0874261 0.0563143 0.4176907 0.2768905 0.0680111 -0.3040066 0.5236133 0.2217888 0.3582579 0.0865379 -0.0068251 0.2468228 0.3073413 0.0439791 0.3132762 0.3723752 0.3263864 0.3288207 0.1970763 0.1122702 0.0765914 0.4265324 -0.2897098 0.4127018 -0.1369434 0.3520637 0.2015831 0.5782657 0.3431360 0.2104909 0.2708355 0.3326431 0.0761830 0.2844596 0.0628413 0.4898428 0.1460351 0.3148817 0.1731497 0.0371847 -0.0852671 -0.2478797 -0.1508548 -0.2494827 -0.0731907 -0.5252222 -0.5089915 -0.3264871 -0.2988167 -0.3853893 -0.1387326 -0.3174664 -0.5758458 -0.4510521 -0.2624942 -0.1643404 -0.2097967 -0.3925868 -0.3101052 -0.0778069 -0.1333818 -0.1311988 -0.4667556 -0.0926367 -0.4954660 -0.1646211 -0.4345811 -0.2755367 0.0685729 0.0483744 -0.1018311 -0.2672924 -0.4506549 0.1702297 -0.3743249 -0.2694649 -0.0096292 0.1323993 0.1760169 0.1817634 0.2190812 0.1179843 0.2673311 -0.0938245 0.0021432 0.0847317 -0.1273098 -0.2497546 0.0333597 -0.0187335 -0.3931345 0.0443259 -0.0371271 -0.0988100 -0.0483961 0.3943077 -0.2200389 -0.3328429 0.3999589 0.0765039 -0.0435720 -0.0024510 -0.0258737 -0.0725540 0.0649872 0.1531428 0.3113220 -0.0736627 0.0923243 0.1973651 0.0877552 0.0955501 0.2451475 0.1657256 0.0120010 0.2202530 -0.1582560 0.1230406 0.2344976 0.1759173 -0.2119149 0.1769607 0.2190861 -0.1540746 0.1195178 -0.0422489 -0.2950462 -0.1850733 0.0618799 0.0444568 0.0413145 0.2737096 0.0145907 -0.1792817 0.0691258 -0.1520003 -0.6035741 -0.4543137 -0.2578530 -0.1703477 -0.1343487 -0.3167840 -0.1982956 -0.3910000 -0.3293291 -0.3669275 -0.4091567 -0.3405457 -0.2678407 0.1984377 -0.0373733 0.2316163 -0.1039717 -0.1063509 -0.0555778 -0.3778030 -0.3162880 -0.4615465 -0.0442703 -0.1905871 -0.3116468 -0.2562728 -0.0245029 0.0370615 0.3381042 -0.1463248 0.0705624 -0.3928942 -0.1368439 -0.3325708 0.0346249 -0.2942535 0.1796641 -0.1767725 -0.0687759 -0.1561624 -0.3246746 -0.1694852 -0.2922795 -0.1032610 -0.3014000 -0.5690378
