0.0000000 0.3723678 0.3263947 -0.0685113 0.2272079 0.2000490 0.2392400 -0.0781959 0.0501176 -0.0654286 -0.1462544 -0.0039597 0.1595650 -0.1205992 0.0628236 -0.2809974 -0.1828307 0.0807253 -0.2848567 0.2285948 -0.1349002 -0.1795094 -0.3715765 0.2796471 -0.3793667 -0.3834683 -0.2750265 0.1882395 -0.2648771 0.0869439 -0.0687556 -0.2496779 0.2661002 0.0351008 -0.3451175 -0.0838434 -0.3912765 -0.3226993 0.0252279 0.0557580 -0.3005761 -0.3011283 -0.2431704 0.2123541 -0.4040729 -0.3129749 -0.4273117 -0.3393894 0.0121914 -0.3780021 -0.4629091 -0.3484725 -0.0053068 -0.2393036 -0.2604379 -0.3111243 -0.4316017 -0.3324954 -0.2963851 -0.5503743 -0.3925050 -0.5616312 -0.1452700 -0.1891138 0.0715427 -0.3986283 -0.4947053 -0.5080504 -0.2667233 -0.2800938 -0.4237348 0.1808788 -0.4546873 0.2834626 -0.3505530 -0.2441929 0.2350429 -0.2135697 -0.0615149 0.2874196 0.1928619 -0.1444842 -0.1512416 -0.2650559 -0.3625616 -0.2713533 -0.1532310 -0.0009525 -0.2630409 -0.2714531 -0.3730227 -0.2897123 -0.1663588 0.0312263 -0.2569156 -0.2434377 -0.2019561 -0.0554100 -0.2848712 0.0120302 -0.3348054 -0.2729416 -0.1781779 -0.0979983 -0.2618582 -0.2159286 -0.3393557 -0.1996633 -0.3007213 -0.1948255 -0.2643970 -0.1375786 -0.1653779 -0.2297410 0.2721552 -0.0237673 0.1778461 0.2644049 0.1933844 0.3046622 0.2823794 0.2220589 -0.2310327 0.0707827 0.1110749 -0.1948225 -0.1999038 -0.1213883 -0.0998445 -0.2553994 -0.2216624 -0.1199614 -0.1631700 -0.0271375 -0.1636745 -0.0554658 -0.0891745 -0.1202418 -0.1272133 -0.1795299 -0.0815294 -0.1920294 -0.2381038 -0.0246441 -0.0871180 -0.1383244 -0.2444028 -0.2306454 -0.1944118 -0.2064519 -0.3227605 -0.0223169 -0.3306162 -0.0871391 -0.2943010 -0.2139459 -0.2404955 -0.2336937 -0.0918730 -0.2743730 -0.1723660 -0.2004928 -0.1559520 -0.3256244 -0.2405533 0.0375100 0.0384537 -0.0056344 -0.1894306 -0.2346953 -0.0175706 -0.0441790 -0.0154685 0.2200551 0.2683385 0.5104676 0.3311014 0.1895267 0.1530576 0.0062107 0.1709652 0.0510418 -0.1686560 0.0226515 -0.1689020 -0.2167945 -0.1105332 0.0660884 0.4741207 0.3538774 0.1176726 0.2690027 0.3462559 -0.0089730 -0.0708351 -0.1268789 -0.2510738 0.5259733 0.2854033 -0.2162552 -0.0159020 0.0790297 0.0138268 0.2856333 -0.0140233 0.3557594 -0.1857142 0.0851068 -0.1473835 0.0550173 0.1222494 -0.0776526 0.0736003 0.0224009 0.0519759 -0.0810049 0.0636744 0.0836884
0.3723678 0.0000000 0.4172942 0.6340337 0.4449895 0.7380668 0.7454897 0.3691858 0.6132499 0.4231696 0.3073582 0.8166651 0.2643821 0.2783454 0.5777614 0.1831288 0.2082362 0.3651239 0.2197454 0.3181997 0.2541052 0.0617832 0.0341979 0.4945980 0.1559915 0.0660405 0.0705025 0.3767769 0.3274048 0.2846629 0.1778931 -0.0035499 0.4806934 0.5601985 0.0064746 0.1532389 -0.0519646 -0.0414319 0.2102398 0.2389968 0.0362826 0.0859644 0.0838317 0.3839815 0.2346885 -0.0603144 -0.1157605 -0.0970289 0.4134131 -0.1908983 -0.1347585 -0.0036041 0.4641215 0.1274898 -0.0966552 -0.0784828 -0.1619288 0.2274889 0.0946054 -0.2305129 0.0906997 -0.1877386 -0.0158209 0.3377313 0.2676311 -0.2257444 -0.2932382 -0.0086555 -0.1926031 0.1738747 -0.2732096 0.3511977 -0.0843989 0.3688886 -0.1528051 0.2346445 0.3921744 0.0342415 0.1846849 0.0328211 0.0256097 0.4206695 0.2683541 0.0903577 0.1263104 0.0446978 -0.0426186 0.3540382 0.0084460 -0.0605541 -0.1554543 -0.0275834 0.0900377 0.3994596 -0.0512293 -0.1277952 0.0391014 0.3057299 -0.0141352 0.3607216 -0.0780889 0.0491257 0.1304785 0.3220406 -0.0622590 -0.1581579 0.0503055 0.0189418 -0.0709426 0.3595552 -0.1056018 0.2168254 0.0352927 0.0951726 0.5995222 0.2966635 0.2368200 0.4244385 0.2494001 0.1385360 -0.1171779 -0.1553159 -0.0739222 0.2657060 0.1062612 -0.1467865 -0.2671745 0.0582258 -0.0145054 -0.0908494 -0.0453168 0.2087911 -0.0697122 0.3408250 -0.0669882 0.1100281 0.0499527 -0.0147963 -0.0329891 0.0358407 0.0595622 0.0059499 -0.2071873 0.1135929 0.0553060 -0.0209390 -0.0317172 -0.1192083 -0.2359384 -0.0470801 -0.2170359 0.1081843 -0.0389902 -0.0581622 -0.2725731 -0.0576361 -0.2759554 -0.0310026 -0.1760091 -0.3596401 -0.0138008 -0.0785182 -0.2044411 -0.2206289 -0.1038961 0.0539362 -0.0730429 -0.1264771 -0.1467427 -0.0190623 -0.0513086 -0.0643990 0.3926711 0.4840704 0.6386001 0.4304164 0.2738600 0.2713060 0.2941914 0.2630191 0.3055167 0.2247033 0.1216667 0.2539184 0.2202393 -0.0510559 0.2127362 0.0633844 0.3988813 0.0426949 0.3800961 0.0215941 0.1944613 0.3437037 -0.0528625 -0.0096219 -0.0962063 0.5428406 0.1280720 0.0115824 0.1106218 0.1808665 0.0886311 0.3036591 0.4490269 0.3159291 -0.1628639 0.4280664 -0.1018124 0.1460820 0.1819722 0.2496795 0.3759718 0.5013450 0.2506011 0.0356890 0.4726402 0.5085168
0.3263947 0.4172942 0.0000000 0.5146171 0.8008458 0.3029378 0.2895861 0.5893977 0.2182681 0.0834249 0.2422831 0.2459541 0.7523395 0.0392913 0.2405466 0.1847168 0.1740734 0.0462294 0.3102952 0.6370558 -0.0622023 0.4855231 0.2462626 0.1608445 0.3737976 0.3217850 0.1336138 0.0881246 -0.0388022 0.0430703 0.5467356 0.5647117 0.0860484 0.2764786 0.2523687 -0.1468653 0.3513657 0.5373187 0.0454106 0.0958382 0.4911527 -0.0566831 0.1541065 0.0710842 0.0849402 0.4064583 0.1535368 0.5199029 0.0698097 0.3455071 0.1178278 0.1344327 0.3720472 0.0847788 0.5086692 0.4132253 0.3030893 -0.0160078 0.1718413 0.1154717 0.2697563 0.1140724 0.5669601 0.2371045 0.5974314 0.3167374 0.0688003 0.1595910 0.4572243 0.2718295 0.1176427 0.2936414 0.2478095 0.6032751 0.2182653 0.3260872 0.3587631 0.1720933 0.5646221 0.2830185 0.6360676 0.0258255 -0.0408323 -0.2359741 -0.2461352 -0.1077113 -0.1089322 -0.1617204 -0.2007792 -0.1617664 -0.1550290 -0.0037370 0.2217039 -0.2010667 -0.0180981 0.0588981 0.1097801 0.1539334 -0.0572116 -0.2675540 -0.0831199 -0.0525350 -0.0352751 -0.1970266 0.1297690 0.1766505 -0.0302393 -0.0063992 -0.0547155 0.0544531 0.0821115 -0.0371249 0.2018086 0.0450640 0.1204092 0.2601729 -0.0944158 0.1007094 0.0877899 -0.0127842 0.0165265 -0.1113119 0.2045812 0.2072019 0.1253517 -0.0682111 0.0771539 0.1692159 0.0906648 0.1583954 0.1970593 0.2429041 0.2459796 0.4617053 0.4461371 0.3723976 0.3042170 0.2819554 0.2920157 0.3554140 0.4773511 0.3038523 0.1880443 0.4069931 0.3417861 0.2518093 0.2395930 0.1732862 0.1632810 0.2827237 0.1985852 0.5651608 0.1536357 0.2141840 0.1238665 0.5598508 0.2498938 0.4087567 0.1272423 0.1658799 0.1650073 0.1623470 0.3998618 0.3202675 0.1934584 0.7124693 0.1709807 0.0472200 0.0681081 0.1002979 0.1999221 0.1572425 -0.3884347 -0.0330558 0.1595763 0.3139899 0.1636483 0.0048207 0.0180419 -0.1502570 -0.1726754 -0.1738102 -0.0379981 -0.0863552 0.4548306 0.4327450 0.5179955 0.7730573 0.5394702 0.0801846 -0.0355983 -0.1298812 -0.0647297 0.1050856 -0.0002758 0.0182509 0.1324167 0.2999226 0.6529357 0.1667001 0.2295317 0.4549270 0.3603891 0.4466309 0.5238259 0.4212219 0.1545409 0.2887475 0.3539134 0.5323231 0.3811835 0.3586448 0.7348419 0.5310505 0.2994144 0.4813031 0.3539552 0.3823196
-0.0685113 0.6340337 0.5146171 0.0000000 0.2236926 0.5848198 0.4607740 0.8554225 0.7242981 0.7520783 0.8150141 0.6364665 0.4952826 0.6701853 0.7063994 0.6395660 0.7157485 0.5189465 0.6218778 0.4309110 -0.1428369 0.3115035 0.6274106 0.4824671 0.5256541 0.6017885 0.6065443 0.5263054 0.1586119 0.5838735 0.3623710 0.3685743 0.5265822 0.7693164 0.5801551 -0.1920892 0.3958648 0.3698150 0.5855690 0.5594978 0.3123481 0.0093721 0.6381662 0.4863748 0.2801656 0.4936799 0.4140677 0.3161362 0.6551941 0.3683515 0.4119995 0.5578667 0.8845026 0.5853417 0.3759844 0.4260147 0.2786660 0.6341887 -0.0509929 0.2743194 0.3169979 0.3250938 0.3877900 0.8194234 0.7673131 0.2475982 0.0969723 0.5589960 0.2935953 0.7384407 0.1635528 0.7393139 0.4262473 0.7147028 0.4346792 0.7940419 0.6191847 0.5694975 0.6960372 0.2147548 0.4366826 0.3010067 0.3070581 0.3065141 0.3285430 0.1945907 0.1748838 0.2002480 0.1440664 0.1652380 0.1679465 0.3074885 0.4752145 0.1631365 0.2724246 0.2966935 0.3701256 0.5609227 0.3040905 0.0652607 0.2136345 0.2915735 0.3443804 0.1646950 0.4178450 0.3150237 0.4136638 0.3377645 0.2503401 0.6392053 0.3305090 0.4701766 0.4684035 0.4317541 0.3966089 0.5988039 0.3715857 0.3101571 0.3224944 0.2289754 0.0409212 -0.0239221 0.2094297 0.5101825 0.4290550 0.2900453 0.0941942 0.3653590 0.4316577 0.4375759 0.5436819 0.4876898 0.4355673 0.7261852 0.3901969 0.5575955 0.5851548 0.5143932 0.5287825 0.6114346 0.4502289 0.5833883 0.0222623 0.6098402 0.5891856 0.2697811 0.4877197 0.3709221 -0.0161805 0.4494533 0.3368494 0.6227299 0.4725351 0.0189089 0.1962605 0.4433275 0.0143784 0.4466374 0.0486993 0.1818067 0.2343155 0.3152005 0.0725381 0.3587266 0.2286076 0.2778519 -0.0451264 -0.1250656 0.1484123 0.3917391 -0.0772357 0.0654287 0.1165423 0.3039328 0.2278821 -0.0339335 -0.3082727 -0.1872349 -0.2789716 -0.2309399 -0.2358518 -0.2123904 -0.0360476 -0.1191630 0.0966040 0.2699382 0.0884718 0.0956929 0.3490637 0.0661595 0.4157911 -0.0476636 -0.1092734 0.6376452 0.3325182 0.3960287 0.3659759 0.3308142 0.3323223 0.5208256 0.0718778 0.1975226 0.1587206 0.1906790 0.4103923 0.2713924 0.4292398 0.3741317 0.0970031 0.3032287 0.2648586 0.6193644 0.4391199 0.6581710 0.5561927 0.2221157 0.1944200 0.2130617
0.2272079 0.4449895 0.8008458 0.2236926 0.0000000 0.3889819 0.2985400 0.3319987 0.0809861 -0.1145484 -0.0317167 0.2401230 0.6770016 -0.1651538 0.0766855 0.0893539 -0.0978038 -0.1052877 0.3170294 0.5208221 0.3699000 0.6024313 0.0631355 0.0340770 0.4224682 0.2468261 -0.0762400 -0.1048010 0.1995810 -0.2180101 0.6231623 0.5478809 -0.1030171 -0.0090165 0.1316836 0.2669011 0.3694005 0.5405435 -0.2004459 -0.0961960 0.5831304 0.2878618 -0.0181368 -0.0808561 0.3888687 0.3130740 0.1607527 0.5098306 -0.1674143 0.2731660 0.1319056 0.0294881 -0.0144833 -0.0736282 0.4521012 0.3782858 0.3671971 -0.1636178 0.5753090 0.1924173 0.4872942 0.1620975 0.5368069 -0.1350295 0.2047555 0.3596760 0.2174726 0.0598831 0.4204866 0.0039883 0.1933882 -0.2017309 0.2042048 0.1666117 0.0757332 -0.0360526 -0.1559598 -0.1965848 0.1575225 -0.0957525 0.2279019 0.1910102 0.0207485 -0.2707240 -0.2271073 -0.0294440 -0.1336157 -0.0444081 -0.0914999 -0.1255504 -0.1745570 -0.0949705 0.0222089 -0.0078104 -0.0599478 -0.1240758 -0.0108503 -0.0637289 -0.1124799 0.0214006 -0.0805457 -0.1438099 -0.0714720 -0.0390966 -0.0711633 -0.0211588 -0.1731968 -0.1479834 -0.1508620 -0.1661098 -0.0575292 -0.2196625 -0.0139078 -0.1000262 -0.0024918 -0.0493095 -0.3218622 -0.0265366 -0.1835990 -0.2033307 -0.1271062 -0.2492007 0.1996268 -0.0931957 -0.0949564 -0.2016587 0.0303525 0.0676626 -0.0495486 -0.1287819 -0.0686965 0.1352310 -0.0122584 0.0883753 0.2670335 0.1057151 -0.0268944 0.0787496 0.0227814 -0.0077179 0.3552382 0.0130568 0.2409579 -0.0447121 0.0406823 0.1961044 0.0745632 0.0158470 0.2323054 0.0918589 0.0093468 0.1878089 0.0220259 0.2986747 -0.0006575 0.2812006 0.2998788 0.2213199 0.1106279 -0.0196483 0.1183389 0.0806358 0.3929854 0.1178944 0.1540744 0.6281798 0.2310066 0.1693333 0.0334067 -0.0492816 0.3463905 0.1831397 -0.1970333 0.0149822 0.3961986 0.4746617 0.5485826 0.3099642 0.5055163 0.3432985 0.2707323 0.2813207 0.3168531 0.3242130 0.7275208 0.5326506 0.8141897 0.8362308 0.2176294 -0.3044231 -0.2664644 -0.2444468 0.0710212 -0.2576750 -0.1698589 -0.2062747 -0.2782097 0.1596642 0.2774631 -0.0827405 0.3721524 0.2894248 0.1873437 0.2026591 0.5824649 0.1834024 -0.1492920 0.2794957 0.3639704 0.2500571 0.1831406 -0.0220286 0.7070793 0.2431677 -0.1662039 0.5773532 0.5535159 0.6447412
0.2000490 0.7380668 0.3029378 0.5848198 0.3889819 0.0000000 0.7525725 0.4138984 0.8379670 0.6992970 0.4837528 0.6936288 0.3762663 0.6661232 0.8061815 0.4365686 0.4847979 0.7128745 0.4742067 0.2708617 0.2676643 0.3063591 0.3347032 0.7682225 0.3861137 0.3820806 0.3791749 0.7033092 0.3903000 0.6103764 0.3528777 0.0915947 0.6825961 0.6713688 0.3530861 0.2376767 0.1978862 0.1264498 0.5786928 0.6095993 0.2084090 0.2666505 0.4217972 0.6725346 0.3989313 0.1924253 0.2365620 0.0713034 0.5916528 0.0531194 0.2041018 0.2835420 0.5263897 0.3832811 0.0872989 0.1333895 0.0976857 0.3219512 0.1997158 0.0991495 0.2720743 -0.0308072 0.1254332 0.3894741 0.2346506 0.0867769 -0.0342417 0.0544540 0.0429280 0.2169097 0.0453199 0.3452409 0.0237657 0.4309483 0.1067874 0.2302648 0.2297703 0.0869574 0.1615912 0.2645577 0.0558104 0.4728787 0.3172237 0.1435192 0.2265384 0.1400491 0.0536534 0.3726984 0.1077272 0.0791059 -0.0029556 0.1529838 0.2010449 0.4559785 0.0328338 -0.0723946 0.1387197 0.3344460 0.0267682 0.5037230 0.0365597 0.1295203 0.2599557 0.4988586 0.0723908 -0.1257496 0.2277039 0.2035725 0.1446340 0.4290796 -0.0829604 0.3828430 0.1293210 0.2793465 0.3998279 0.3353496 0.2791975 0.3056331 0.1555917 0.2629328 0.1409708 -0.0043171 0.0339366 0.3167595 0.3730585 -0.0117290 -0.0154895 0.0882758 0.1361857 0.0062581 0.0875005 0.1741669 -0.0449060 0.2292140 -0.0878756 0.0726205 0.0781052 0.0960333 0.0574027 0.0458640 0.0796139 0.1080406 -0.1802132 -0.0964602 0.0853075 -0.0802279 0.1249993 0.0682332 -0.2038246 0.0793961 -0.0958724 0.0530220 0.1163667 -0.1412886 0.0046725 0.0053520 -0.1473402 -0.0768982 -0.0186950 -0.1657164 0.0026401 0.1016322 -0.2011761 -0.0756892 -0.0288742 -0.0699912 -0.0329066 -0.0203663 0.0106034 0.0766600 -0.0825502 -0.0494290 0.2712617 0.5127778 0.7663288 0.5558764 0.3464811 0.3295363 0.3326227 0.2811052 0.3287692 0.3391741 0.2576112 0.3264799 0.2300315 0.1277638 0.2699945 0.1395066 0.4027022 0.0468035 0.2626908 0.4261278 0.5974358 0.1600473 -0.0375487 -0.0752911 -0.1262385 0.6988880 0.2194118 0.0443978 0.4426285 0.2755218 0.1534083 0.2166941 0.4870744 0.0466522 -0.1594344 0.4791843 0.2175161 0.1846503 0.2610264 0.2030425 0.4019403 0.2407836 -0.0664862 0.3250809 0.6138792 0.5862889
0.2392400 0.7454897 0.2895861 0.4607740 0.2985400 0.7525725 0.0000000 0.2098701 0.6478982 0.4028683 0.3153199 0.8458487 0.2194521 0.4549857 0.7033203 0.1525905 0.4014514 0.5076002 0.1102335 0.2930084 0.2390133 0.0328837 0.2133452 0.5974139 0.0418329 0.0679712 0.3546044 0.5349907 0.3710690 0.4601341 0.2000636 -0.1720690 0.5066288 0.6667950 0.1317025 0.1602452 -0.0646338 -0.0797283 0.4119620 0.4668549 0.0621450 0.1321358 0.2275354 0.5191774 0.2230262 -0.0636782 -0.0730689 -0.0458804 0.4638271 -0.1591503 -0.0858397 0.1237857 0.4872492 0.3082876 -0.0863926 -0.1025202 -0.1318258 0.2687758 0.1593044 -0.1413677 0.0482575 -0.1856513 -0.1359392 0.3513533 0.1729960 -0.1694684 -0.3198856 -0.0354756 -0.1685995 0.1085435 -0.2222697 0.3565311 -0.1914690 0.4227264 -0.0977610 0.1678402 0.4164397 -0.0144360 0.0444621 0.3220025 -0.0196800 0.6101735 0.4398482 0.2546714 0.3380310 0.2238956 0.0482167 0.5618785 0.1761707 0.1262295 0.0749559 0.1754472 0.2035208 0.5938178 0.0847196 0.0902081 0.1856630 0.4006146 0.1136438 0.5383593 0.0810723 0.2629408 0.3093131 0.6198112 0.1037192 -0.0430684 0.3394745 0.2301176 0.1320358 0.5085307 -0.0563811 0.4785889 0.0549819 0.1835978 0.6192314 0.2871495 0.4043172 0.4840609 0.3807210 0.2732931 0.0451460 0.0564178 -0.0063831 0.4676833 0.2882723 -0.1279972 -0.0872286 0.1190922 0.0107034 0.0701561 0.0360289 0.1569470 0.0336095 0.4258135 -0.1468341 0.1002450 0.1231437 -0.0290481 0.0311508 0.0555813 -0.0803185 0.0724217 -0.0972715 -0.0215340 0.0887784 -0.1135470 0.1265272 0.0846661 -0.1922078 0.0267651 -0.1637734 0.0587664 0.1249150 -0.1359511 -0.0120131 -0.0171417 -0.1466149 -0.0795174 0.0243389 -0.2043065 0.1488269 0.1094319 -0.2391308 -0.0567443 0.0365121 -0.0689763 0.0549655 0.0233528 0.0932025 0.1444975 -0.0139160 0.0357410 0.3822240 0.5236499 0.8215258 0.6727253 0.4234132 0.5108114 0.3578437 0.3047029 0.4223091 0.3090180 0.1142324 0.2557619 0.2059533 -0.0230751 0.2761609 0.1658500 0.5833651 0.3466697 0.3998215 0.4566112 0.5480686 0.2018241 -0.1987934 -0.1328405 0.0495222 0.7202203 0.3005030 0.0161013 0.3714146 0.4829521 0.4403687 0.6050063 0.6016570 0.3824727 -0.1669045 0.5776779 0.0322807 0.4665694 0.4793733 0.3242270 0.5089972 0.5182219 0.1286963 0.2128468 0.6709281 0.6747939
-0.0781959 0.3691858 0.5893977 0.8554225 0.3319987 0.4138984 0.2098701 0.0000000 0.4599636 0.5672744 0.8555831 0.3118359 0.7968759 0.5282043 0.4733096 0.8258874 0.7404977 0.2824549 0.8122046 0.6733615 -0.2347548 0.6484913 0.7937648 0.2270631 0.6969408 0.8169129 0.6405947 0.2983544 -0.0215995 0.4034486 0.6598785 0.5941294 0.2542866 0.4933660 0.7756460 -0.2270631 0.6406393 0.6677528 0.4790987 0.4474658 0.5711520 0.0792794 0.7452949 0.2455758 0.3817159 0.7280276 0.6705709 0.6173480 0.3534201 0.6741125 0.6851086 0.7097677 0.7427789 0.4958579 0.7070126 0.7152941 0.5633008 0.4460067 0.0713736 0.5532283 0.5525992 0.5738936 0.7288675 0.6252951 0.8815063 0.5782666 0.4335981 0.6938475 0.6576023 0.8055053 0.5025203 0.5765377 0.6769225 0.6824972 0.6954440 0.8041799 0.3512622 0.6029767 0.7591359 0.0934697 0.5968126 0.2483830 0.3648276 0.3778390 0.3637404 0.3562248 0.3906368 0.1806552 0.3303068 0.3565888 0.4074882 0.5136817 0.6631791 0.1119568 0.5092919 0.5317710 0.6164194 0.5839131 0.5110551 -0.0196668 0.4210091 0.3511047 0.4617126 0.0423547 0.6736194 0.6076525 0.4582050 0.4476751 0.4671868 0.4324803 0.5970426 0.4733260 0.6005923 0.4641578 -0.0209495 0.4870346 0.1846769 -0.0563018 -0.0046159 0.0968354 0.0937133 -0.0001638 0.5183265 0.2415301 0.3313504 0.4888061 0.4460262 0.5995705 0.6101700 0.6432544 0.7415912 0.6996827 0.6882810 0.7117945 0.7042727 0.7735435 0.7400085 0.7043571 0.7369263 0.7566353 0.7688674 0.7853917 0.3833507 0.6242114 0.7598467 0.5771528 0.7282960 0.6674317 0.3349824 0.7477836 0.6358034 0.7718127 0.7318325 0.3520771 0.5557716 0.6248236 0.3810405 0.7330440 0.3882538 0.4741827 0.5068567 0.6091337 0.4241851 0.6123908 0.5561846 0.5420645 0.2954509 0.2216592 0.4507627 0.5945523 0.2554476 0.3871979 -0.1193062 0.2214517 0.1564150 -0.1146543 -0.3732909 -0.1669066 -0.3240530 -0.2453784 -0.2184642 -0.1944034 0.0493898 -0.1107086 0.1636495 0.6256412 0.2189657 0.3059964 0.1304114 -0.1553068 0.1832370 -0.1728079 -0.1584612 0.4738305 0.4406888 0.4359508 0.1491855 0.0862222 0.2453150 0.6152095 0.3078003 0.0733551 0.1890044 0.0172481 0.4113610 0.2514895 0.6653958 0.2871092 0.3717078 0.1888858 0.2689104 0.4972773 0.4892470 0.4968048 0.4467311 0.5182348 0.0976253 0.1736636
0.0501176 0.6132499 0.2182681 0.7242981 0.0809861 0.8379670 0.6478982 0.4599636 0.0000000 0.7939741 0.5622509 0.6795336 0.2088533 0.8560679 0.9746746 0.4160793 0.6298038 0.9335111 0.3839488 0.1578270 -0.0311149 0.1044999 0.4419444 0.8663049 0.2920385 0.3482915 0.5146959 0.9015653 0.2040520 0.8422533 0.1453310 0.0131970 0.9008291 0.8224936 0.3809839 -0.0809440 0.0846946 -0.0122537 0.7754525 0.7821328 0.0122538 -0.0321664 0.5257450 0.8638497 0.1384025 0.1586809 0.1552361 -0.0596756 0.9019304 -0.0016024 0.1397026 0.3495758 0.7626088 0.5800654 0.0030321 0.0524247 -0.0261828 0.5884727 -0.1415210 0.0025061 0.0469546 -0.0699523 0.0291382 0.7182295 0.3678002 -0.0448103 -0.2038309 0.1737121 -0.0517317 0.4233503 -0.1011570 0.6439090 0.0121959 0.5993080 0.1240976 0.4748306 0.5632445 0.2759207 0.3033439 0.3697552 0.0966329 0.2767544 0.1295583 0.0871291 0.1531064 -0.0477637 -0.1077258 0.1877903 -0.0833424 -0.0940169 -0.1118267 0.0308927 0.1230560 0.2784530 -0.1057098 -0.0673065 0.0338402 0.3219045 -0.0736213 0.2789122 -0.0978466 0.0903740 0.1104956 0.3206584 0.0442863 -0.1478933 0.2200276 0.1115404 0.0450021 0.5672190 -0.1502007 0.3447317 0.0752340 0.2192775 0.5066825 0.3916272 0.4566406 0.4496082 0.4089178 0.3259158 0.0984253 0.0330540 -0.1924199 0.4314533 0.4029166 0.0132501 -0.1855004 -0.0135312 0.1565393 0.0644200 0.1498478 0.0806547 0.0384952 0.3722585 -0.0966775 0.0922411 0.2046114 0.1270090 0.1605856 0.1521288 -0.0001362 0.1563438 -0.3384777 0.1033381 0.1806877 -0.1552837 0.1356448 0.0643609 -0.3987088 0.0237633 -0.0975847 0.1122855 0.1143262 -0.3102149 -0.0645080 0.1042243 -0.3610935 -0.0249358 -0.2273083 -0.1766376 -0.1257488 -0.0110651 -0.2850152 -0.0835439 -0.1353570 -0.1226658 -0.2383406 -0.2960467 -0.1593180 0.0239727 -0.3502083 -0.2784743 0.3579693 0.4730007 0.5126047 0.2790924 -0.0300682 0.0080151 -0.0638840 -0.0849062 -0.0065087 -0.0354297 -0.0902137 -0.0312377 -0.0931103 -0.0296251 -0.0196969 -0.0324412 0.5448467 0.3344131 0.3365761 0.4091783 0.4103071 0.3049445 0.0330292 0.0549256 0.1861944 0.7084648 0.2894948 0.1497500 0.1345543 0.2803521 0.0535550 0.2080234 0.2745204 0.0254897 -0.0101025 0.4508220 -0.0266914 0.2527423 0.1980172 0.3738155 0.2151887 0.4124531 0.2341400 0.0706826 0.4033518 0.3185970
-0.0654286 0.4231696 0.0834249 0.7520783 -0.1145484 0.6992970 0.4028683 0.5672744 0.7939741 0.0000000 0.7978779 0.5082279 0.1905419 0.8825496 0.7395437 0.6415818 0.7550334 0.7458538 0.5757220 0.0740405 -0.0750719 0.1273651 0.5588064 0.7063498 0.4000015 0.5568579 0.6499151 0.7592259 0.2527949 0.8098177 0.1541706 0.0833448 0.7025066 0.7971565 0.5518582 -0.0274402 0.2850158 0.1100600 0.8024327 0.7400219 0.0968274 0.1088542 0.6848849 0.7172123 0.2558039 0.3757189 0.4378601 0.0550363 0.7696084 0.2145466 0.4032582 0.5249824 0.7665657 0.6234381 0.1117002 0.2564884 0.1605958 0.6319051 -0.1318480 0.2353377 0.1768944 0.1551973 0.1019492 0.7176073 0.4781792 0.1805464 0.0642768 0.3223989 0.1162675 0.5073983 0.2002180 0.6584439 0.2070588 0.5378334 0.4251947 0.5439000 0.4234110 0.5126460 0.4276556 0.4033664 0.2331808 0.2829314 0.3135593 0.3414409 0.4238820 0.2524828 0.2869006 0.2379422 0.2088291 0.2447833 0.2284943 0.3751993 0.3926397 0.2083329 0.2802960 0.2135459 0.2434230 0.5214013 0.2458931 0.2519135 0.2294344 0.3561887 0.4507931 0.3557133 0.3229961 0.1637718 0.5098014 0.4770755 0.3324736 0.7395175 0.2287713 0.5957200 0.5101331 0.6445909 0.4031395 0.7136620 0.6052890 0.3305913 0.3793406 0.5022521 0.4082652 0.2939870 0.0841808 0.6223650 0.7178743 0.3571150 0.1836206 0.2011307 0.4287068 0.3384893 0.4652055 0.2662075 0.2128183 0.4191400 0.0171848 0.2813932 0.3820619 0.3838874 0.3397751 0.4171654 0.1286190 0.4387317 -0.2413129 0.2991593 0.3729775 -0.0173142 0.3077501 0.2168717 -0.2378497 0.2871819 0.2000249 0.3176219 0.3069921 -0.3216956 0.1273361 0.0928262 -0.1893799 0.0286538 -0.0514441 0.1126971 -0.0082263 0.2110778 -0.2997451 0.1792206 -0.0217488 -0.2435176 -0.2798558 -0.2501043 0.0640249 0.2920645 -0.3646307 -0.1570497 0.1313365 0.3004827 0.2362742 0.0652964 -0.2046318 -0.1437249 -0.2082863 -0.1506575 -0.1770130 -0.0474711 0.0719779 -0.0130915 -0.1215920 0.0260683 -0.1692230 -0.2504255 0.2164195 0.0988322 0.5080996 0.3865065 0.2731585 0.5979753 0.3812759 0.3521362 0.3268521 0.4703567 0.2431479 0.4330043 0.0744653 0.0418426 0.0462550 0.0585566 0.2752413 -0.0283667 0.2302113 0.3267275 0.0457849 0.0953619 0.1766523 0.5156523 0.1901035 0.2381652 0.2244024 0.0936124 0.0994527 0.0817421
-0.1462544 0.3073582 0.2422831 0.8150141 -0.0317167 0.4837528 0.3153199 0.8555831 0.5622509 0.7978779 0.0000000 0.3990619 0.5470858 0.7802177 0.5986637 0.8772980 0.9200389 0.4584007 0.7867492 0.4956371 -0.2196051 0.4512731 0.8500553 0.3682287 0.5974772 0.8044966 0.8469059 0.4894360 0.1208528 0.6510747 0.5080169 0.3486001 0.3954770 0.6584276 0.8234359 -0.1345720 0.5502092 0.4521702 0.7437507 0.6779326 0.4231939 0.1530717 0.8813184 0.4574777 0.3981084 0.6394114 0.6837717 0.4318623 0.5478321 0.5563036 0.7020560 0.8123696 0.8237648 0.6981188 0.5151948 0.5730383 0.4358464 0.6627722 -0.0063387 0.5330808 0.4416913 0.5344731 0.4548095 0.7437058 0.7743432 0.4503246 0.3526501 0.6887700 0.4617807 0.8104849 0.4681207 0.6644588 0.5831653 0.6397223 0.6979560 0.7975313 0.3734490 0.6965088 0.6608633 0.2032045 0.4662337 0.4165161 0.5533956 0.6049196 0.6266827 0.5491099 0.5509607 0.4274060 0.5320816 0.5713829 0.5852610 0.6748084 0.7245860 0.3439032 0.6548975 0.6382250 0.6705497 0.7069353 0.6432722 0.2333068 0.5649828 0.5436540 0.6858238 0.3435518 0.7381100 0.6252130 0.6970861 0.6339658 0.6223969 0.6853876 0.6579076 0.7524481 0.7120634 0.6313578 0.1803576 0.6277356 0.4720454 0.1311964 0.1864724 0.3405603 0.2907290 0.2197043 0.4943420 0.4773332 0.5636946 0.5787720 0.4623912 0.6210107 0.6660467 0.6409608 0.7541288 0.6967399 0.6285950 0.6982214 0.5337552 0.7110977 0.7138134 0.6812533 0.7004017 0.7437981 0.5828707 0.7974764 0.2473696 0.5659212 0.7228642 0.3954815 0.7379890 0.6743593 0.2147356 0.7257234 0.5810596 0.6603747 0.7646734 0.1304724 0.5542382 0.3903597 0.2522127 0.5052222 0.3871318 0.4433749 0.4651590 0.6403516 0.1172943 0.5743568 0.4831777 0.1583090 0.1826114 0.1893074 0.5239316 0.6790946 0.0805607 0.3423977 0.0301832 0.3480107 0.2357092 -0.0800843 -0.3750755 -0.0563114 -0.3046451 -0.1736441 -0.1161337 -0.0662766 0.1074723 -0.0208630 -0.0043895 0.4423130 0.0241596 -0.0083475 0.0628306 -0.0472207 0.3914308 0.1201947 0.0625748 0.6016230 0.4925576 0.4941646 0.2357551 0.1848098 0.1715467 0.6488818 0.3238721 0.1037542 0.2323685 0.0323330 0.3890870 0.2097614 0.6144295 0.3270039 0.3389865 0.2113261 0.3306236 0.5581840 0.3996028 0.4366392 0.3824090 0.4218640 0.0835215 0.1439246
-0.0039597 0.8166651 0.2459541 0.6364665 0.2401230 0.6936288 0.8458487 0.3118359 0.6795336 0.5082279 0.3990619 0.0000000 0.1201012 0.4596647 0.6976501 0.2792819 0.4067055 0.4795921 0.2785646 0.1790413 0.4187868 0.0594047 0.1836852 0.5487819 0.2436349 0.1385868 0.2974691 0.4597516 0.6361893 0.3925358 0.1728120 -0.0390487 0.5139078 0.7855663 0.0903949 0.3190369 -0.0053253 -0.0085642 0.3166002 0.3329437 0.1204945 0.3187940 0.1956573 0.4494394 0.4288311 -0.0331342 -0.0202581 -0.0158727 0.5597169 -0.1535191 -0.0092812 0.1320690 0.5884276 0.2899442 -0.1041842 -0.0977970 -0.0859796 0.3965404 0.2408547 -0.0606956 0.1994001 -0.0342548 -0.1223689 0.5569097 0.2324059 -0.1316193 -0.1729492 0.1321993 -0.1921888 0.2813776 -0.1162399 0.4080578 0.0311623 0.3440400 -0.0003835 0.3553626 0.4362524 0.2142651 0.2189295 0.1673045 -0.0224596 0.6497630 0.4466419 0.3351303 0.4306763 0.2384028 0.0473209 0.5631516 0.1996376 0.1424575 0.0755487 0.1786642 0.2411327 0.5689616 0.0846376 0.0797898 0.1863816 0.4853748 0.1605420 0.5260242 0.1419863 0.3596150 0.2734691 0.6186747 0.1031613 -0.0360561 0.3943459 0.2170541 0.1794865 0.6524237 0.0069652 0.4674218 0.1139693 0.2685455 0.7047162 0.3720654 0.4194797 0.5614502 0.4120318 0.3118162 0.0240154 0.0210935 0.0036505 0.4705692 0.2707113 -0.1161442 -0.1575316 0.1258772 -0.0896270 0.0366575 -0.0167312 0.2324663 -0.0685391 0.4231299 -0.0901244 0.0835071 0.0220277 -0.1161620 -0.0937151 0.0814122 -0.0463976 0.0313278 -0.0926257 0.0594562 0.0038428 -0.0423067 0.0086678 -0.0590046 -0.2065937 0.0114260 -0.1015995 0.0587470 0.0858954 -0.0967592 -0.1256268 0.0104068 -0.1938640 -0.0447396 -0.0754134 -0.2134793 0.1124194 0.0568967 -0.2266300 -0.0317163 0.0136939 -0.0771673 -0.0355550 -0.0773617 0.0111840 0.1427914 -0.0778105 -0.0336158 0.4890243 0.4909029 0.6312033 0.3695843 0.2378970 0.3533603 0.3010155 0.3370093 0.3277376 0.3045919 0.2666643 0.3412622 0.2997779 -0.0709198 0.2407990 0.0138222 0.4148232 0.2052435 0.5603172 0.2399428 0.2769244 0.3616896 -0.1156429 -0.0650949 0.0539566 0.5250755 0.1514691 0.0073469 0.1352056 0.3778753 0.2306612 0.3969441 0.5592594 0.2451359 -0.1999400 0.4747863 -0.0730267 0.3655954 0.2976675 0.3412285 0.4246438 0.5397182 0.2077499 0.1014904 0.6058779 0.5751480
0.1595650 0.2643821 0.7523395 0.4952826 0.6770016 0.3762663 0.2194521 0.7968759 0.2088533 0.1905419 0.5470858 0.1201012 0.0000000 0.2220034 0.2684521 0.6435657 0.4927306 0.0751147 0.7051175 0.8351923 -0.0868065 0.8179755 0.6414351 0.0752832 0.6187222 0.6884935 0.4243851 0.1053587 -0.0846458 0.1251733 0.8421567 0.6103017 0.0255263 0.1670777 0.6601225 -0.0805188 0.5992305 0.7310226 0.2418032 0.2784836 0.6756922 0.1537908 0.5483508 0.0957400 0.4023558 0.6524883 0.5545207 0.6970042 0.0148029 0.6323173 0.5719399 0.5375855 0.3777314 0.2872623 0.7596009 0.6897677 0.5568623 0.1009434 0.2948258 0.4924338 0.5980227 0.4762337 0.8195145 0.1874718 0.6704920 0.5902871 0.4265561 0.4692181 0.7113534 0.4911972 0.4908940 0.1776270 0.5258898 0.4972165 0.5315826 0.4204866 0.0211213 0.2433347 0.5041058 0.0679290 0.5435258 0.1907955 0.2353539 0.1185494 0.1137885 0.2592919 0.2381698 0.1258252 0.2468061 0.2470634 0.2805663 0.3696204 0.4745390 0.1178554 0.3917776 0.3950840 0.5015957 0.2956473 0.3359835 0.0072427 0.2720126 0.1396222 0.2977871 -0.0139542 0.5014451 0.4873074 0.2124500 0.2235060 0.3251746 0.0791020 0.4276185 0.2212569 0.3530645 0.1709616 -0.2029668 0.1451497 -0.1003650 -0.1922980 -0.2289029 -0.0816593 0.0543023 -0.0580257 0.5349750 -0.0376557 0.1297089 0.2099709 0.4411318 0.5044331 0.3874292 0.4036801 0.4877115 0.5667711 0.5147034 0.4287110 0.7023477 0.6073767 0.4900462 0.5205418 0.5586624 0.4622030 0.7601295 0.5529686 0.4996283 0.2833175 0.5335353 0.5382893 0.6257609 0.5989166 0.4419982 0.6174865 0.4506975 0.5750455 0.6002096 0.4884536 0.5469843 0.5440200 0.5178306 0.6362767 0.4788977 0.3550714 0.5008106 0.5566302 0.5560293 0.5039768 0.5744042 0.7285560 0.5141580 0.4476593 0.4706104 0.4073476 0.4717789 0.5099928 -0.2569556 0.2453625 0.3708967 0.2811438 0.0865567 0.2104908 0.0533146 0.0132891 0.0994394 0.0473601 0.1396217 0.0740655 0.3726111 0.7983271 0.5550233 0.6964242 0.1337849 -0.1946011 -0.2012326 -0.1054199 0.1028180 -0.0272796 0.1020678 0.0536338 -0.2023828 0.0725341 0.2822876 0.2844866 0.5558799 0.1940206 0.2402369 0.0644812 0.4954488 0.2075114 0.4041223 0.2448545 0.5831960 0.2278638 0.2642020 0.1598883 0.6685501 0.2952250 0.0571944 0.7615949 0.2911677 0.4164533
-0.1205992 0.2783454 0.0392913 0.6701853 -0.1651538 0.6661232 0.4549857 0.5282043 0.8560679 0.8825496 0.7802177 0.4596647 0.2220034 0.0000000 0.8718210 0.6052473 0.8381571 0.8701756 0.5345038 0.1729516 -0.1487964 0.2061032 0.6823813 0.7452912 0.4039230 0.5724031 0.8217255 0.8670761 0.1770751 0.9430437 0.2465158 0.1164904 0.7724117 0.7853515 0.6486803 -0.0830591 0.3124103 0.1374763 0.9533445 0.9259831 0.1693323 0.0749477 0.7973148 0.8349440 0.2147703 0.4024167 0.4676093 0.1302326 0.8788590 0.2681060 0.4627955 0.6659220 0.8043887 0.7935895 0.2122190 0.2851308 0.2106114 0.7539924 -0.1072413 0.3186537 0.1799228 0.2318238 0.1368486 0.7965535 0.4791851 0.2200375 0.0762240 0.4215959 0.1802421 0.6046521 0.2059055 0.6924347 0.2599532 0.6208089 0.4381455 0.6055628 0.4571902 0.4916219 0.3979798 0.3612602 0.2082676 0.3621336 0.3431081 0.3731786 0.4275114 0.2645513 0.2265638 0.3221680 0.2389082 0.2740421 0.2561275 0.3434181 0.3831686 0.3396526 0.2556150 0.2813867 0.2919591 0.4885568 0.2631965 0.3289099 0.2518217 0.3436723 0.4180505 0.4263672 0.3646960 0.1984363 0.5167823 0.4065295 0.3317533 0.6754091 0.2070000 0.5879214 0.3900470 0.4474215 0.3812208 0.5072431 0.6005582 0.3812704 0.4168405 0.4855922 0.3427584 0.2726919 0.0669119 0.5734587 0.6299214 0.3732444 0.1320350 0.2414723 0.4787690 0.3112174 0.4423819 0.2797313 0.3009870 0.4843683 0.0951631 0.3128914 0.4479532 0.4194090 0.4337532 0.4167208 0.1611416 0.4627274 -0.1269199 0.2660820 0.4386726 -0.0217285 0.4364771 0.3744772 -0.1542798 0.3312595 0.2265225 0.2994295 0.4283607 -0.2446432 0.2489841 0.1726245 -0.0977959 0.1153263 0.0579804 0.1827895 0.0908384 0.3138065 -0.1943475 0.2547214 0.1072792 -0.1640167 -0.1218279 -0.1159228 0.1811959 0.3560282 -0.2544233 -0.0555984 0.2289292 0.3673095 0.3405678 0.0785430 -0.2179363 -0.0676701 -0.2044857 -0.1472550 -0.0769690 -0.0241009 0.0129563 -0.0231040 -0.1371178 0.1497508 -0.0751172 -0.1062491 0.3305100 0.2325182 0.3912133 0.4421739 0.3636120 0.4187812 0.3265265 0.3263843 0.2974441 0.5414450 0.2354060 0.4312056 0.2289928 0.2436988 0.1510270 0.1052445 0.2735618 0.0583113 0.2897920 0.4276348 0.1340074 0.2775549 0.3076403 0.4778345 0.2325288 0.3533244 0.2316932 0.2347148 0.2551199 0.2045647
0.0628236 0.5777614 0.2405466 0.7063994 0.0766855 0.8061815 0.7033203 0.4733096 0.9746746 0.7395437 0.5986637 0.6976501 0.2684521 0.8718210 0.0000000 0.4373625 0.7036291 0.9123453 0.3849649 0.2711924 -0.0483601 0.1480027 0.5099374 0.8198095 0.2799845 0.3549016 0.5989987 0.8855098 0.2102662 0.8491005 0.2267665 0.0066266 0.8634056 0.8407278 0.4299942 -0.0822038 0.0845585 0.0088587 0.8167412 0.8298705 0.0622322 -0.0045062 0.5864475 0.8617699 0.1709918 0.1613120 0.1661551 -0.0118431 0.8956340 0.0277348 0.1793099 0.4299964 0.8038867 0.6510450 0.0551204 0.0663710 -0.0189994 0.6272491 -0.1094419 0.0422367 0.0857115 -0.0089233 0.0636788 0.7562862 0.4220699 -0.0282237 -0.1856377 0.2489095 -0.0113325 0.4971460 -0.0665957 0.6721958 0.0644983 0.6529302 0.1707657 0.5338845 0.5924976 0.3267613 0.3493057 0.3990046 0.1622367 0.3670485 0.2224908 0.1632554 0.2156041 0.0395962 -0.0561095 0.3009765 0.0024409 -0.0010977 -0.0282208 0.1017087 0.2001391 0.3769080 -0.0325506 0.0423869 0.1301057 0.3857583 0.0063185 0.3291147 -0.0224541 0.1753504 0.1806785 0.3944677 0.1338864 -0.0515115 0.3034633 0.1534163 0.1208684 0.6067659 -0.0783745 0.4210201 0.0856453 0.1882397 0.5394685 0.3541178 0.4959040 0.5052361 0.4545054 0.3724549 0.1305137 0.0855201 -0.1055581 0.4457677 0.4099716 0.0116506 -0.1454071 0.0904266 0.1671926 0.1073166 0.1709432 0.1649754 0.0988891 0.4402097 0.0022167 0.1748992 0.2482971 0.1448028 0.2083293 0.1928619 0.0688654 0.2047272 -0.2285112 0.1331723 0.2227078 -0.0874444 0.2128971 0.1551201 -0.3093528 0.1009646 -0.0448948 0.1652687 0.2025765 -0.2231436 0.0277508 0.1750067 -0.2716924 0.0445989 -0.1077096 -0.1174736 -0.0228401 0.0905870 -0.2084371 0.0000085 -0.0273663 -0.0466655 -0.1003629 -0.1683937 -0.0322681 0.1133791 -0.2570233 -0.1599012 0.3898282 0.5580106 0.5791665 0.3173149 -0.0132528 0.1112647 -0.0425448 -0.0569904 0.0664082 -0.0062683 -0.0802106 -0.0113235 -0.0646187 0.0449177 0.0315484 0.0349496 0.5758576 0.3896423 0.3482641 0.4497082 0.4529007 0.2711728 -0.0068488 0.0230007 0.1545246 0.7115321 0.3345083 0.1451640 0.2338556 0.3828524 0.1639446 0.2891580 0.3170359 0.1253874 0.0185363 0.4969154 0.0518601 0.3675191 0.3015770 0.3761535 0.3003139 0.4885178 0.2458328 0.1621577 0.4782662 0.3960434
-0.2809974 0.1831288 0.1847168 0.6395660 0.0893539 0.4365686 0.1525905 0.8258874 0.4160793 0.6415818 0.8772980 0.2792819 0.6435657 0.6052473 0.4373625 0.0000000 0.8303615 0.3262012 0.9364399 0.5163758 -0.0202149 0.6868328 0.8493679 0.2072461 0.7472193 0.8844459 0.6982799 0.3137456 0.1910166 0.4265261 0.6618235 0.4199503 0.2299205 0.4243215 0.8265454 0.0476088 0.6172787 0.5689800 0.5344557 0.4838069 0.5366582 0.3609777 0.8183623 0.2885362 0.6099636 0.6575892 0.7612295 0.5189874 0.3215863 0.6127312 0.8062509 0.7690872 0.5750690 0.5155144 0.5697147 0.6293911 0.5484009 0.4577254 0.2042662 0.6579574 0.6542665 0.6282445 0.5894610 0.4939512 0.5966343 0.5950701 0.5648909 0.6786276 0.5666378 0.7107400 0.6421671 0.3366673 0.6672464 0.3560635 0.7257965 0.6430389 0.0194454 0.5531215 0.5094953 0.0470068 0.3252512 0.3704184 0.4911284 0.5430010 0.6037408 0.5462204 0.5490708 0.3770388 0.5609976 0.5634454 0.6130526 0.6787704 0.6621768 0.3401969 0.6369298 0.5655065 0.6606270 0.5660522 0.6180517 0.2624801 0.5846930 0.4898227 0.6084477 0.3187594 0.7060817 0.5712668 0.6069732 0.5388772 0.6716020 0.5051116 0.6243621 0.6063782 0.5815403 0.5670149 -0.1181752 0.4168517 0.2262319 -0.1523953 -0.1374738 0.1599185 0.2199980 0.0945547 0.5586609 0.1140043 0.3904760 0.4911571 0.5532432 0.5713793 0.5273726 0.5895112 0.6621081 0.6563473 0.5221777 0.4332573 0.5396067 0.5973632 0.5303119 0.5413840 0.5555094 0.5893543 0.6007502 0.6822325 0.3500472 0.2963843 0.5464618 0.4827034 0.6598637 0.6239244 0.2653322 0.6962484 0.5932111 0.4841831 0.7457350 0.2519555 0.6065255 0.3603223 0.3358521 0.4955173 0.4163486 0.4281011 0.4609060 0.6231092 0.2222697 0.5298732 0.5186531 0.1937853 0.2897266 0.3089357 0.5302345 0.5929124 0.1785067 0.3636795 0.0311121 0.3457774 0.2678819 -0.0731870 -0.2793454 0.0104536 -0.1595758 0.0122680 0.0243281 0.0953682 0.2856431 0.1348490 0.1165703 0.5606888 0.1547845 0.0702820 -0.1951465 -0.2706771 0.1721953 0.0498348 0.0871349 0.3214268 0.3535896 0.2776866 -0.0778990 -0.0515847 -0.0353108 0.4607146 0.4266033 -0.0585465 0.0776830 -0.1977190 0.3497738 -0.0619096 0.5053772 0.2504537 0.4519384 -0.0364430 0.1495151 0.2881474 0.3195597 0.1414908 0.0809689 0.5565916 0.1172779 0.2005363
-0.1828307 0.2082362 0.1740734 0.7157485 -0.0978038 0.4847979 0.4014514 0.7404977 0.6298038 0.7550334 0.9200389 0.4067055 0.4927306 0.8381571 0.7036291 0.8303615 0.0000000 0.5810221 0.6784610 0.5085400 -0.2668474 0.4019149 0.8923747 0.4018031 0.4486673 0.7020455 0.8926289 0.5827817 0.0726041 0.7136566 0.4899996 0.1514801 0.4572001 0.6682084 0.7961202 -0.1969660 0.3675471 0.2871531 0.8210500 0.7818191 0.3051652 0.0924403 0.9120799 0.5631788 0.3410170 0.4763194 0.5557227 0.2981252 0.6125838 0.4235562 0.6286465 0.8192287 0.8137078 0.7738820 0.3844763 0.4219975 0.2865672 0.6857532 -0.0789566 0.4501712 0.3585843 0.4485488 0.3544032 0.7529042 0.6759541 0.3499823 0.2312173 0.6623414 0.3738168 0.7975076 0.3983064 0.6588268 0.4732797 0.6292009 0.6583974 0.7662572 0.4071896 0.6537375 0.5774542 0.3705107 0.4217189 0.4065918 0.4990596 0.5158843 0.5679781 0.4832843 0.4621314 0.4129508 0.4518291 0.4834595 0.5296585 0.6261210 0.6364604 0.3434673 0.5488098 0.5947326 0.5784373 0.6486856 0.5210520 0.2034628 0.4730153 0.5616947 0.6205583 0.3605878 0.6659303 0.5342012 0.7105083 0.5579630 0.5804786 0.7604443 0.5203393 0.7304349 0.5456081 0.5314993 0.2387958 0.5303210 0.5632252 0.2326444 0.3257390 0.4063220 0.3322248 0.3021535 0.4114691 0.4478789 0.5770440 0.4174483 0.3954954 0.5575391 0.5349653 0.6089931 0.6642571 0.5778654 0.5466057 0.6307137 0.4542541 0.6427716 0.6319277 0.5345127 0.6196288 0.6369314 0.4716132 0.6976778 0.1722002 0.4459248 0.6104643 0.3540085 0.6596596 0.6124588 0.0864916 0.6203190 0.4770896 0.5582390 0.6980866 0.0386677 0.5371585 0.4159298 0.1439705 0.4168363 0.3124167 0.3531890 0.3602757 0.5548616 0.0655899 0.4798328 0.3971214 0.1086506 0.1703095 0.1425271 0.4562993 0.5702530 -0.0360772 0.2168877 0.1710307 0.4766259 0.3259229 0.0202365 -0.3393501 -0.0094782 -0.3207466 -0.2116447 -0.0976898 -0.1199634 -0.0170127 -0.1140313 -0.1084904 0.3690120 -0.0335294 -0.0071661 0.1591855 0.1390372 0.3345858 0.3298980 0.2441201 0.4339615 0.2994329 0.2943064 0.2230420 0.2673726 0.2677217 0.4936926 0.3446311 0.1848734 0.2919532 0.1581143 0.3460900 0.1451488 0.4954236 0.4440775 0.2951518 0.2725052 0.3741952 0.5203773 0.3714422 0.4051933 0.3056311 0.4116695 0.1512356 0.1851803
