0.0000000 -0.0008516 0.6357721 -0.1003367 0.6047636 -0.1757320 0.1456874 -0.1562075 0.2797994 -0.2216486 -0.3042528 0.1652268 0.2926331 -0.1827151 0.6293016 0.2077485 -0.0767284 0.1514220 0.0487162 -0.0071318 0.0590057 -0.2137657 0.3126195 -0.1907741 0.1149183 0.2135924 0.0951481 -0.2478177 -0.2811617 0.4323073 -0.4175562 0.0280661 -0.1918465 -0.2436531 0.0468897 -0.2750987 0.1779235 0.0764404 0.1055156 -0.4176676 0.4450850 -0.4142141 0.1384180 -0.3664721 -0.5264263 0.1779153 0.0038828 0.2229525 -0.3990531 0.4502989 -0.0203696 -0.1484980 -0.3253212 -0.2202970 0.3385174 0.1564242 -0.0049497 -0.4343734 -0.4366751 -0.0204961 -0.3359901 -0.2583551 0.1325399 -0.2854846 -0.4182247 0.0244759 -0.1207828 -0.2228012 0.1412372 -0.3394520 -0.0267876 0.0792980 0.0416072 -0.2386533 0.2825178 -0.2940129 -0.2485853 -0.0154839 -0.3703370 -0.2323512 0.0360380 -0.3356501 -0.2965648 -0.3037124 -0.2968303 -0.1867851 0.1577293 -0.3375403 -0.1786414 -0.1350555 -0.0376718 0.2178401 -0.3941061 -0.5191006 0.6293870 0.6732471 -0.2729745 -0.3337304 -0.0830090 -0.4643144 -0.4242577 -0.4017744 -0.1121007 -0.6390360 -0.2370893 0.5152960 -0.1517464 0.3450397 0.0261359 0.0502413 -0.1385420 0.3429740 0.5589462 0.5181537 -0.3339458 0.2762645 0.6171269 0.5023070 0.2911611 0.0230459 0.1815546 0.5482295 -0.0536049 -0.2511355 -0.2156613 -0.3172550 0.4129580 -0.2267539 -0.4828436 -0.3914727 -0.1179018 -0.1631892 0.0618038 0.0923115 0.2624864 0.0798902 -0.0216554 -0.4556183 -0.2680957 0.2256720 0.0434747 -0.1391749 0.3680012 0.3110315 -0.0810759 0.3707745 -0.3581989 -0.2052964 -0.0173311 0.1204425 -0.0213611 0.2053946 -0.0903198 -0.0026352 -0.2254764 0.1345754 0.4028951 0.0354088 0.5800745 0.1183745 0.4198418 0.2586433 -0.1983345 0.3532269 0.4148622 0.3029439 -0.1178861 -0.3119081 0.0362002 0.1310841 -0.0404943 -0.0946786 -0.5462014 -0.5040031 -0.1927193 -0.1042221 -0.1166876 0.2109457 0.0685067 0.4715704 0.5540044 0.5599743 -0.5778470 -0.4309963 -0.1548305 -0.4204127 0.3376386 -0.1573634 0.4033393 -0.1086486 0.1907623 -0.0166741 -0.0403565 0.2256675 0.0911044 -0.1723258 0.0935610 0.2256269 0.1706637 -0.3458893 0.5022664 -0.2436804 0.1457172 0.4722303 0.3080603 0.0900390 -0.4929161 -0.0394331 0.5797800 -0.0260788 -0.1672011 0.1724479 0.4625394 0.1272862 -0.4033724 -0.0566345 -0.1917495 0.1022138
-0.0008516 0.0000000 0.3974266 0.6585723 0.4737072 0.4416119 0.3231751 0.7306253 0.2310043 0.3938675 0.5632405 0.4107975 0.4058388 0.3501012 -0.0291173 0.2953434 0.1384456 0.0989800 0.3804043 -0.8486657 0.3999699 -0.0383601 -0.0523192 0.2476144 -0.0217196 0.2308076 -0.2956397 0.3752766 0.4369963 0.4069488 0.0032629 -0.2535898 0.2484095 0.3141347 0.2219843 0.3062190 -0.2683926 -0.1672388 0.2046992 0.4827728 -0.4160384 0.4700897 0.1124331 0.3144099 0.7690926 0.2156395 0.4601878 -0.5944967 0.5917022 -0.0600175 0.4418250 0.2917386 0.3623468 0.4640512 -0.3677178 0.2931603 0.0719898 0.7592787 0.7712857 0.4478941 0.8216304 0.4557501 0.4786472 0.6125950 0.7593171 -0.3986578 0.7053150 0.5110338 0.3570763 0.8345402 0.2432817 0.4904213 0.4310763 0.6321772 0.0578664 0.6866644 0.7827870 0.4865605 0.8502303 0.7846636 0.3469855 0.0455483 -0.3476878 -0.2443286 -0.1628020 -0.2183280 0.0215387 -0.3117116 -0.3746210 -0.5472107 0.2426360 0.2977479 0.2300587 -0.2504457 -0.0179038 -0.0593416 -0.1269232 0.2817677 0.2041155 -0.1402428 0.2622386 0.2051657 -0.0814749 -0.6027830 0.2324513 0.0276732 -0.1118347 -0.1390720 -0.5455311 -0.2476985 0.1239061 -0.1541822 -0.1646490 -0.3148135 -0.1153146 -0.4437009 -0.0637233 0.1951673 -0.3088159 -0.3083246 -0.5475830 -0.4263694 0.2191900 -0.2277619 -0.3062766 -0.3277385 -0.2531056 -0.7165352 0.1243955 0.4031346 -0.3555632 -0.8156183 0.0511972 -0.0770345 -0.3077617 -0.8453197 -0.7537549 -0.1609433 -0.7009590 -0.3116742 -0.4648441 -0.3847738 -0.1944091 -0.3989795 -0.8347047 -0.6460311 -0.7424593 -0.9374817 -0.2229081 -0.2342717 -0.2559516 -0.1836257 -0.4166833 -0.4380554 -0.2659613 0.0387432 -0.4894696 -0.9305104 -0.2904007 -0.3931941 -0.3812276 -0.3334209 0.4052773 -0.5026755 -0.5271652 -0.3721690 -0.4946057 -0.3852693 -0.3564219 -0.3635058 -0.6532247 -0.5083286 -0.4536516 -0.2189981 0.2219010 -0.4993773 -0.3600019 -0.3949581 0.2945044 -0.3479027 -0.2950708 0.1833780 0.3245774 0.5142312 0.7918137 0.6993782 0.1127019 0.2692941 0.1851159 0.1920348 -0.2957454 -0.3118422 -0.6019026 -0.1580420 -0.2699264 0.1354987 0.0342120 0.2057372 0.0582287 -0.3424291 -0.5097694 -0.6364880 -0.3744870 -0.5366888 -0.0595134 -0.0872017 -0.3662151 -0.1216179 -0.3564287 -0.4774914 -0.5133962 -0.0855720 -0.1525399 0.0506383 0.2844779 0.0467277 0.0210466 0.0490221
0.6357721 0.3974266 0.0000000 -0.1905827 0.9463140 -0.4552951 0.0616384 0.2838784 0.0330707 -0.4454826 0.2184780 -0.0426061 0.7998674 -0.5541326 0.4813235 0.7218897 -0.1807329 -0.5073310 0.4770644 -0.3678099 -0.0985747 -0.0136175 0.3643710 -0.6097463 0.3372217 0.5850047 -0.2751313 -0.5839260 -0.5162628 0.1889008 -0.4041010 -0.0252145 -0.5853930 -0.5651093 0.3656151 -0.4563390 0.2402502 0.2591184 0.4027800 0.0651579 0.5242707 -0.5036953 0.4884463 0.2297206 -0.0585233 0.5325915 0.5203599 0.1936697 -0.2003013 0.4396853 0.5461690 0.3853465 -0.4599910 0.4445422 0.4063081 0.5624655 0.3388818 0.3205182 0.0554388 0.5700002 0.2247830 0.2754643 0.6741201 -0.2867209 -0.0756546 0.1440108 0.4722375 0.2564640 0.4985673 0.1342533 0.5459231 -0.2074382 0.6715172 -0.1675046 0.5677402 0.3181132 0.0361449 0.5132393 0.2281349 0.4403262 0.4182710 -0.7132560 -0.5812986 -0.4000403 -0.3509138 -0.3881659 0.3533265 -0.6202164 -0.4210451 -0.4544163 0.1902833 0.3020613 -0.4902207 -0.7841846 0.4291812 0.3882118 -0.4577941 -0.2620892 -0.2387391 -0.7662753 -0.4231832 -0.6381607 -0.4497441 -0.7050352 -0.3200583 0.2058430 -0.2683394 0.0179563 -0.3059063 -0.3575650 -0.4369993 0.2759162 0.6740321 0.5281205 -0.1501815 0.4870396 0.4909651 0.7584778 0.3469339 0.2537557 0.1478951 0.3374201 -0.0256694 -0.3855938 -0.1475573 -0.1646335 0.4566461 -0.4870631 -0.0620303 -0.1429074 -0.0915617 -0.4837518 0.2637523 0.5109920 -0.1649872 -0.2127365 -0.3881391 -0.3060373 -0.2675509 0.3242508 -0.3789719 -0.0775104 0.5910517 0.3753277 -0.5402569 -0.0370966 -0.5420757 -0.5920966 -0.3285024 0.4213195 0.3082352 0.1818250 -0.0608924 -0.4479158 0.1271843 0.4592449 0.3866039 -0.5155377 0.6890066 0.3671076 0.3981581 0.3977018 0.1876624 0.4104393 0.1999060 0.3349089 -0.0235262 -0.6963999 -0.2123072 0.0158136 -0.5509933 -0.4954841 -0.4758265 -0.4948759 0.0408740 -0.4838493 -0.3977880 0.2286275 0.0307184 0.5078173 0.5475330 0.6126518 -0.5981561 -0.1865593 0.4522666 0.0831203 0.7747805 0.4898951 0.8534301 0.4750083 0.3772966 0.2211972 -0.0772274 0.5538648 0.2681154 0.2469427 0.5780002 0.7285002 0.5309442 -0.2034195 0.2714655 -0.7424905 -0.0675668 0.2124469 -0.1580170 0.3645195 -0.3646462 0.3135766 0.2412019 0.0174323 -0.3890838 0.0679977 0.5167838 0.5418378 0.1950460 0.4058042 -0.5712871 -0.4016018
-0.1003367 0.6585723 -0.1905827 0.0000000 0.0232480 0.8146205 0.2893411 0.5002634 0.1168702 0.8667834 0.1768154 0.4900371 -0.2898434 0.8757922 -0.4311668 -0.4491119 0.3773157 0.6728140 -0.1029999 -0.4849812 0.7688344 -0.2377838 -0.4588742 0.8414550 -0.2956295 -0.3430372 -0.0064070 0.8589207 0.9221445 0.4560998 -0.0626250 -0.2236139 0.8455515 0.8748741 -0.3467808 0.7861773 -0.5882551 -0.5906453 -0.3842385 0.1856737 -0.8296387 0.8065943 -0.4812234 -0.1972834 0.6260654 -0.2389507 -0.1250243 -0.8562823 0.8412191 -0.4229580 -0.2224738 -0.2514858 0.8537085 -0.1232709 -0.8105477 -0.2854921 -0.4826543 0.2590034 0.5089634 -0.3185105 0.4481947 -0.1803338 -0.1355307 0.9706667 0.8137162 -0.8258692 0.1718379 0.0663084 -0.1650386 0.6609791 -0.4710906 0.9351739 -0.2865873 0.9224614 -0.5552402 0.3643991 0.8730042 -0.1322111 0.5340933 0.3802515 -0.3195972 0.5523782 0.0288395 -0.0020335 0.0661090 -0.0358671 -0.4878779 0.2142729 -0.1713042 -0.0812339 -0.2733227 0.0400791 0.5833001 0.1553285 -0.1765348 -0.3344380 0.3187102 0.3675298 0.4700570 0.2326037 0.2368999 0.6092445 0.2710843 -0.3639090 0.5828834 -0.1116147 -0.0559134 0.0711553 0.0383573 0.1123013 0.6566750 -0.2392098 -0.6895170 -0.4796565 -0.1560012 -0.9154195 -0.2497499 -0.2291388 -0.5837277 -0.3766313 -0.5595876 -0.6393434 0.3928151 -0.1637919 -0.1506043 -0.2004677 -0.6843841 -0.3257134 0.0836302 0.2990748 -0.3697689 -0.4100508 -0.1702827 -0.4197343 0.1808128 -0.5337585 -0.4254488 0.1328632 -0.5620749 -0.5662015 0.1053097 -0.2980066 -0.5433146 -0.8357581 -0.3479031 -0.5308683 -0.3545072 -0.4904796 0.2145536 -0.5641916 -0.4114918 -0.5245719 -0.1341917 0.1912742 -0.6384429 -0.4737214 -0.6041881 -0.5003837 -0.7424422 -0.6876859 -0.6831955 -0.5035697 0.1611160 -0.6695250 -0.5730664 -0.4981347 -0.3277415 0.2605299 0.1367422 -0.1979515 -0.0674655 0.0463826 -0.3887356 -0.3804733 -0.1243820 -0.2737017 -0.3547839 -0.7511371 0.4813263 -0.5490076 -0.6122844 0.0343502 0.7728541 0.6842625 0.2030095 0.5782015 -0.6114816 -0.2125589 -0.5529370 -0.5415404 -0.3688222 -0.7778705 -0.8459624 -0.4525522 -0.3049794 -0.0229977 -0.5318833 -0.5004745 -0.6484375 -0.2236835 -0.6378809 -0.1333876 -0.0930401 -0.5729942 0.3388914 -0.7114127 -0.1381245 -0.2412983 -0.2338325 -0.7577979 -0.1326821 -0.4408565 -0.6680778 -0.6630435 -0.0416035 -0.1717421 0.3460658 0.4667085
0.6047636 0.4737072 0.9463140 0.0232480 0.0000000 -0.2693877 0.1725431 0.2833715 0.0326886 -0.2059963 0.1315593 0.0869701 0.6175492 -0.3898258 0.3399582 0.5151334 -0.2520780 -0.3683862 0.2960141 -0.4413913 0.1994635 -0.2350725 0.1696670 -0.4236441 0.1257010 0.3917840 -0.3749127 -0.4362696 -0.3005870 0.1319325 -0.5993932 -0.2078042 -0.3936803 -0.3640355 0.1331916 -0.1729140 -0.0347976 -0.0373558 0.1438387 -0.0073799 0.2988328 -0.3006670 0.2399949 0.0710676 -0.0000648 0.3280142 0.3471194 -0.0451457 -0.0542419 0.2083993 0.3438966 0.2001713 -0.2791135 0.3525787 0.1352071 0.3268914 0.0615364 0.3427510 0.0584595 0.3649824 0.2298653 0.1213959 0.5174232 -0.0782391 0.1141564 -0.1390950 0.3784275 0.1902778 0.2859196 0.2245657 0.3100852 0.0440642 0.4907964 0.0739658 0.2989700 0.3283067 0.2652101 0.3418917 0.2627891 0.4566982 0.1965275 -0.6641925 -0.5743374 -0.3479185 -0.2096711 -0.3216831 0.2150826 -0.5338719 -0.3475303 -0.3508280 0.1470434 0.2827098 -0.3780625 -0.7572992 0.4305842 0.2933365 -0.3059153 -0.2124390 -0.1206311 -0.6843866 -0.3648537 -0.4974048 -0.3732577 -0.7094229 -0.2077037 0.1969524 -0.1751368 0.0967937 -0.1511798 -0.1883785 -0.2280116 0.3561279 0.5058783 0.5413907 -0.0999472 0.2692268 0.4269600 0.7278690 0.2629895 0.3514349 0.1924527 0.2571540 0.0358552 -0.5056822 -0.0078415 -0.0752006 0.3633208 -0.4996305 0.0170836 -0.1372379 -0.0574037 -0.4740797 0.2118220 0.4571668 0.0769805 -0.1823203 -0.3905241 -0.1840418 -0.2823040 0.2595891 -0.1514680 -0.0300280 0.5284769 0.1492354 -0.5156163 -0.0254999 -0.5017921 -0.6168408 -0.0811876 0.3587413 0.3143888 0.0075794 0.0276088 -0.2080000 -0.0282199 0.3206066 0.3359043 -0.5719399 0.5375109 0.2446168 0.2234080 0.3912626 0.2301648 0.3444688 0.1153815 0.3448147 0.0830602 -0.4818488 -0.0310540 0.1217804 -0.4299572 -0.3551378 -0.5962287 -0.6317895 0.0230179 -0.4852420 -0.5142878 -0.0139716 0.2944034 0.4811889 0.4331890 0.7169445 -0.3807812 0.0366488 0.3975429 0.2091399 0.6045419 0.4178257 0.7168741 0.2457425 0.4658268 0.0300100 -0.3261382 0.5668980 0.3694380 0.4234180 0.5295955 0.5276121 0.2713159 -0.1406979 0.1178704 -0.7637640 -0.0949055 0.0987809 -0.1481358 0.1579696 -0.2861224 0.2834677 0.2088805 -0.2535659 -0.3591677 -0.0909467 0.2502925 0.3035302 0.2003754 0.4120922 -0.6644004 -0.4255939
-0.1757320 0.4416119 -0.4552951 0.8146205 -0.2693877 0.0000000 0.4967196 0.0947466 0.5390138 0.9448420 -0.0288853 0.6678878 -0.5773814 0.8854621 -0.1903492 -0.6030205 0.0149532 0.8069119 -0.4350716 -0.4798953 0.7241330 -0.4967896 -0.5824202 0.8993533 -0.6480830 -0.5604625 -0.1990187 0.9076066 0.9103842 0.1838806 -0.0567850 -0.5381981 0.8922232 0.9103234 -0.4940638 0.8691177 -0.7527704 -0.7283625 -0.4662201 -0.0340228 -0.9030962 0.8504864 -0.6664819 -0.4691924 0.4426922 -0.5910999 -0.4160101 -0.8224558 0.5296967 -0.6358709 -0.4441051 -0.4315040 0.7735839 -0.3368199 -0.8270195 -0.5509934 -0.6361571 0.0423996 0.2550104 -0.4251862 0.2653366 -0.1254341 -0.2980768 0.7433454 0.6202871 -0.7399808 -0.1627877 -0.0890007 -0.4573715 0.3585350 -0.6135354 0.8531993 -0.4988913 0.6545882 -0.7238908 -0.0235074 0.6067562 -0.3231553 0.2270965 -0.0241291 -0.3645901 0.5541458 0.0825441 0.0486126 0.1683185 0.1243712 -0.4570179 0.1855625 0.1093926 -0.0262060 0.0036391 -0.1283738 0.3900446 0.3383317 -0.2772935 -0.2501597 0.1943239 0.1682326 0.2181958 0.4942569 0.4559024 0.6273840 0.2359026 -0.0682421 0.2817077 -0.0050613 0.2047242 -0.0389825 0.0057013 0.3844397 0.4945098 -0.1282654 -0.7497950 -0.6692135 0.0207517 -0.9479994 -0.4969308 -0.4509014 -0.5725623 -0.3032094 -0.4524140 -0.5469909 0.0257830 -0.0193601 -0.0461372 0.0017808 -0.5875102 -0.2333593 0.1541925 0.1461078 -0.1934321 -0.2552645 -0.4170999 -0.6948070 0.2224148 -0.3666728 -0.2275891 0.1224014 -0.4229896 -0.3263720 0.2177484 -0.0939643 -0.5405725 -0.6308511 -0.0086301 -0.2394608 -0.1762631 -0.2524694 0.4571079 -0.5129792 -0.5336078 -0.2026311 -0.3991902 0.3291654 -0.7169892 -0.3805420 -0.6772276 -0.2476365 -0.7449473 -0.8063980 -0.8055247 -0.5599731 0.0073451 -0.7489351 -0.6393590 -0.2929755 -0.4254597 0.4379041 0.0811171 -0.1361577 0.0486999 0.1519481 -0.4269900 0.0479963 0.1192901 0.1675457 0.1165673 -0.7095109 0.5842982 -0.6404855 -0.7455368 0.0373391 0.8217873 0.6576061 0.0180138 0.2148524 -0.7441485 -0.6240546 -0.6139356 -0.5830537 -0.3293400 -0.5894725 -0.6464129 -0.4405023 -0.1996223 0.0451017 -0.5127764 -0.7098054 -0.6191745 -0.0130467 -0.7228784 -0.0174991 -0.3179948 -0.4797598 0.0791094 -0.4514731 0.0349343 -0.7168322 -0.4396629 -0.6442964 -0.0867733 0.0430977 -0.7180471 -0.6555590 -0.0004340 -0.5723987 0.4339256 0.4614394
0.1456874 0.3231751 0.0616384 0.2893411 0.1725431 0.4967196 0.0000000 0.1402325 0.7557513 0.3828396 0.1325580 0.9563910 -0.0797076 0.1596545 0.5275939 -0.3338181 -0.5211428 0.2943567 -0.4000325 -0.6743470 0.6328448 -0.5854121 -0.5390206 0.1895672 -0.5349314 -0.5476882 -0.4327694 0.2089758 0.2419191 0.1448326 -0.4777579 -0.6396086 0.1779804 0.2039166 -0.4171495 0.3249216 -0.6100113 -0.5134588 -0.2368163 -0.2501979 -0.2619912 0.1818886 -0.4220474 -0.4256188 0.0048073 -0.5448505 -0.2971811 -0.4284772 -0.0932284 -0.4773460 -0.2951829 -0.3173265 0.0516159 -0.2792822 -0.4279557 -0.3197297 -0.3071245 -0.0498941 -0.0458537 -0.0395441 0.1371310 -0.0590925 0.0254993 0.1281821 0.2107252 -0.2636675 -0.2899996 -0.1383374 -0.4048135 -0.0155431 -0.3113235 0.3753343 -0.1049330 0.0889972 -0.2864522 -0.2136173 0.2213693 -0.1088699 0.0131103 0.0516229 -0.1264643 -0.1130044 -0.2685940 -0.1336057 0.0369455 -0.1527788 -0.1789833 -0.1934154 -0.0722112 -0.1942911 0.2618140 -0.2647118 -0.2357174 0.1931522 0.1620239 0.1116824 -0.3527387 -0.4751310 -0.1761370 0.3064484 0.3683279 -0.0737331 -0.2902215 -0.0054418 -0.4341342 0.0805111 -0.0461632 -0.3875522 -0.4238185 0.1967146 0.0351784 0.3923352 -0.3194581 -0.1053557 0.6719727 -0.3241311 0.0597211 0.3426676 0.3111097 -0.0945688 -0.2880524 0.0658398 -0.6490670 0.3598702 -0.2302533 -0.1996610 -0.0884266 -0.7319018 -0.1547667 -0.0476091 -0.5137256 -0.5221677 -0.5243895 -0.0102535 0.1350904 -0.3689318 -0.5733152 -0.4317121 -0.6082497 -0.1241300 0.0482243 -0.3560714 -0.2147801 0.1113804 -0.2115222 0.1359364 -0.4806811 -0.2312304 0.2414925 -0.1092077 -0.4932538 0.5215424 -0.7276909 0.1720309 -0.4939708 0.4623684 -0.1938494 -0.0921954 -0.0985091 -0.3877688 -0.4070534 -0.2018813 0.5156036 -0.2780592 -0.4585672 0.3592027 -0.2268030 0.1708228 0.0269433 -0.2205747 -0.1599665 -0.0716768 -0.4941231 0.0898104 0.7682548 0.5807948 0.5002402 -0.0627384 0.7691654 0.2385132 -0.0036504 0.5387636 0.1907800 0.2639084 0.3153862 -0.0509478 -0.0744976 -0.3547623 0.0937648 -0.2257265 0.1529483 0.1326875 -0.1636979 0.1724374 0.0265818 0.2479650 -0.2676204 -0.0745151 -0.0090315 -0.2971527 -0.3665606 -0.2909592 -0.2779318 0.1933994 -0.1495606 0.2891432 -0.3626172 -0.5283763 -0.3628171 -0.1816014 -0.4414036 0.4493036 -0.1679008 0.0280649 0.1635560 -0.5983259 0.0327348 0.1244418
-0.1562075 0.7306253 0.2838784 0.5002634 0.2833715 0.0947466 0.1402325 0.0000000 -0.1921988 0.0908641 0.6804638 0.1810372 0.5683061 0.1950662 -0.1890357 0.2246220 0.5017278 -0.0986067 0.6564334 -0.5897326 0.1516126 0.4423811 -0.0527470 0.0863530 0.4831865 0.2720007 0.1500735 0.2210986 0.2389143 0.6148885 0.2225157 0.2889666 0.1042201 0.1552095 0.3337575 -0.0249391 0.0782827 0.1736125 0.3908710 0.7070214 -0.1788456 0.1269796 0.3290593 0.5528391 0.7393006 0.5084066 0.6608951 -0.3902015 0.6263060 0.1254920 0.5805164 0.5448469 0.3332995 0.5317706 -0.2221565 0.5655934 0.3947806 0.6180247 0.8306984 0.5078086 0.8109472 0.3806074 0.5548898 0.5208078 0.6465381 -0.1494365 0.7387538 0.5781248 0.5742267 0.7926129 0.3978251 0.2040659 0.5859463 0.4604438 0.2702258 0.8244392 0.6137095 0.6552692 0.8646483 0.9180902 0.3936199 0.1989483 -0.0605254 -0.0170914 -0.1423544 -0.3009799 -0.0229603 0.0199042 -0.5161890 -0.3354730 -0.2209228 0.2070049 0.3375718 0.0495462 -0.0408835 -0.3045328 -0.0400268 0.2419316 0.2598618 -0.0931519 0.0836554 0.0574204 -0.0839845 -0.3671221 0.3325249 -0.3864926 -0.4425655 -0.2576502 -0.5152022 -0.5021303 0.1894264 -0.1949163 -0.2492409 -0.2458165 0.0956881 -0.2230146 0.0950320 0.3772671 -0.0151316 -0.4295116 -0.6548949 -0.4735365 0.2911402 0.2251075 -0.4171428 -0.4864089 -0.4460347 -0.5961400 -0.0606287 0.5882724 -0.6736933 -0.6627830 0.1968167 0.3510849 -0.4920389 -0.7807800 -0.7996917 -0.2705631 -0.7266457 -0.4766857 -0.5695543 -0.5807868 -0.2216177 -0.3031364 -0.8584985 -0.7169158 -0.7412135 -0.7098392 -0.5512074 -0.1350681 -0.1505617 -0.1597905 -0.2451638 -0.5095341 0.0138559 0.2315928 -0.2370824 -0.6753274 -0.2110794 -0.0526056 -0.1594469 -0.1967651 0.6720934 -0.2592737 -0.3967481 -0.3877681 -0.2498301 -0.3592928 -0.1479694 -0.4240804 -0.5459695 -0.3646229 -0.0245277 -0.2557998 0.1887817 -0.4365061 -0.2833470 -0.0230521 -0.0266260 -0.1101258 -0.0776303 0.0002768 0.2010609 0.3423493 0.8106044 0.7498401 0.1383206 0.5655003 0.0683718 0.2982487 -0.3535152 -0.0799771 -0.2734905 -0.2058256 -0.4626381 -0.1867579 -0.2201272 0.4228572 0.1906971 -0.5295546 -0.3403567 -0.3728103 0.1699498 -0.1999434 0.1310582 -0.1008783 -0.4669817 0.2689167 -0.1396241 -0.0389474 -0.2770260 -0.3176547 0.0141072 0.2020370 0.1977090 0.2735951 0.2720864 0.1471663
0.2797994 0.2310043 0.0330707 0.1168702 0.0326886 0.5390138 0.7557513 -0.1921988 0.0000000 0.3434243 0.0086348 0.7559035 -0.1279898 0.1735899 0.6836257 -0.1145385 -0.5085233 0.3682141 -0.3798242 -0.5546812 0.3001842 -0.5814298 -0.3198440 0.1971030 -0.5643221 -0.3271502 -0.4840191 0.2322290 0.1541621 0.0682039 -0.2619340 -0.6711426 0.1831752 0.1865835 -0.2594988 0.2156991 -0.4448552 -0.3517414 -0.0778024 -0.3316195 -0.2008735 0.1570067 -0.3125778 -0.5108368 -0.0830715 -0.4627933 -0.2980698 -0.2428529 -0.2508874 -0.3159506 -0.2045791 -0.2752235 0.0012335 -0.3164716 -0.1827317 -0.2488232 -0.2544287 -0.1582168 -0.1829198 0.0130441 0.0304729 0.1081704 0.1172606 -0.0697849 -0.0261426 -0.1248655 -0.2816742 -0.1943409 -0.3077947 -0.1863681 -0.1990309 0.2532276 -0.1159913 -0.1548731 -0.1879701 -0.4008780 -0.0570584 -0.0992597 -0.1593156 -0.2491743 0.0079503 -0.1243418 -0.3381230 -0.2958265 -0.1777166 -0.1576872 -0.1008598 -0.4020868 -0.0331250 -0.3714495 0.4113776 -0.2508682 -0.4270692 -0.0128371 -0.0142040 0.2623327 -0.5293414 -0.4961046 -0.4324580 0.1433445 0.2469767 -0.1165322 -0.3255476 -0.1456260 -0.5603578 0.2504796 0.0533751 -0.3402999 -0.4051971 0.1897243 -0.2738377 0.1761214 -0.1326367 -0.3433186 0.2539094 -0.2656234 -0.1741859 0.0093820 0.0011101 -0.1200782 -0.2475487 0.0457105 -0.6560584 0.1452872 -0.2623723 -0.0398382 0.0004237 -0.5148736 -0.0161670 -0.2702606 -0.2316331 -0.4217851 -0.5698265 -0.4221762 -0.0502908 -0.2850036 -0.3140813 -0.3159345 -0.4175718 0.1869475 -0.1134618 -0.0693272 -0.0734366 0.2765431 0.0280959 0.1588899 -0.3548708 -0.2009249 0.1967827 -0.0845494 -0.5018274 0.6306285 -0.8302531 -0.0198811 -0.5501811 0.3288592 -0.3138293 -0.0687327 -0.0079878 -0.4801411 -0.3904657 -0.2970868 0.0002407 -0.3669249 -0.4250575 0.3219654 -0.5564010 -0.0522896 -0.2638477 -0.2238236 -0.2791664 -0.2166649 -0.6198475 0.2719657 0.5286269 0.4904808 0.5802706 -0.0922968 0.4948506 -0.0904477 -0.1888980 0.4347823 0.0774521 0.0955302 0.1189812 -0.4012980 -0.0989260 -0.6519741 0.1306172 -0.1104091 0.0338835 0.0951079 -0.0805355 0.0988632 0.0578392 0.1132610 -0.1156434 -0.1570532 0.0953364 -0.0585570 -0.3189182 -0.3239098 -0.5075515 0.0962157 -0.2450507 0.3996003 -0.1848196 -0.8565460 -0.4159066 -0.1087093 -0.4068346 0.7851122 -0.0311663 0.0495216 0.1649374 -0.7876728 0.1625718 0.2218287
-0.2216486 0.3938675 -0.4454826 0.8667834 -0.2059963 0.9448420 0.3828396 0.0908641 0.3434243 0.0000000 -0.0160715 0.5472857 -0.6501290 0.8716181 -0.3811149 -0.6610027 0.0651675 0.7374107 -0.5116577 -0.3737066 0.8090250 -0.5572341 -0.6941229 0.9014587 -0.6728897 -0.6429813 -0.2584284 0.8688138 0.9300847 0.0853430 -0.2032219 -0.5396765 0.9068988 0.9322503 -0.6554112 0.9425126 -0.8315548 -0.8232796 -0.6676736 -0.1151032 -0.9340016 0.8736155 -0.7971077 -0.5160547 0.4280960 -0.6296651 -0.5158808 -0.8401818 0.6687303 -0.7391776 -0.5477562 -0.5332291 0.8406614 -0.3995160 -0.8945574 -0.6540874 -0.7704063 0.0612535 0.1970866 -0.5740007 0.1936703 -0.3135973 -0.3409950 0.8310613 0.6676120 -0.8641998 -0.2065357 -0.2225664 -0.5651904 0.3673586 -0.7187102 0.9143866 -0.5843768 0.7681457 -0.8436316 0.0055178 0.6961655 -0.4603913 0.2302048 0.0168932 -0.5827991 0.4804931 0.0014052 -0.0193338 0.1304197 0.0186288 -0.6469076 0.1858506 0.0151546 -0.0009941 -0.1753704 -0.2524688 0.3886907 0.2253114 -0.3902470 -0.4117163 0.2490231 0.1529613 0.2121540 0.3581977 0.2646659 0.5914895 0.1738973 -0.1092893 0.3407273 -0.1218964 0.1013732 -0.0453384 0.2191533 0.3205348 0.5292847 -0.2089288 -0.8136808 -0.5951543 -0.0206829 -0.9762794 -0.5298727 -0.4981022 -0.6675495 -0.1605335 -0.3892317 -0.6299060 0.1086216 -0.1900274 0.0347500 0.1508855 -0.6774171 -0.1427506 0.3081651 0.0229998 -0.1450357 -0.1955698 -0.4611097 -0.6623436 0.3267597 -0.2690128 -0.1846498 0.3670858 -0.2750664 -0.3494998 0.3301163 0.0186240 -0.5264478 -0.7270889 0.0760942 -0.3188777 -0.0179195 -0.1699898 0.5204059 -0.5228139 -0.4198010 -0.3675960 -0.1670834 0.4404901 -0.7800230 -0.5143495 -0.6676743 -0.2486099 -0.8024296 -0.8103699 -0.8787352 -0.5366466 -0.0714005 -0.7221805 -0.6695602 -0.2621668 -0.2867569 0.4945101 0.1887561 -0.0947284 0.0915512 0.1833045 -0.4478123 -0.1776711 -0.0668713 0.0323003 -0.1161482 -0.8728987 0.6537405 -0.6197674 -0.7982003 0.0757353 0.8867817 0.7234044 -0.0972405 0.2678375 -0.8217884 -0.5785420 -0.6657331 -0.7141860 -0.1610408 -0.7532473 -0.8018756 -0.3094584 -0.0266139 0.1934344 -0.5053300 -0.7987053 -0.8059737 0.1399600 -0.7552552 -0.0502958 -0.3008113 -0.5769571 0.1346304 -0.6410207 0.2059781 -0.5213045 -0.4479968 -0.7998463 -0.0590101 -0.2205403 -0.8633004 -0.8202401 0.0946283 -0.4406154 0.2882523 0.4305369
-0.3042528 0.5632405 0.2184780 0.1768154 0.1315593 -0.0288853 0.1325580 0.6804638 0.0086348 -0.0160715 0.0000000 0.1325256 0.5174731 -0.0747940 0.0409797 0.4413258 0.2769675 -0.3431125 0.3737641 -0.4468723 -0.0963215 0.3299429 -0.0588256 -0.1772189 0.2345493 0.1253020 -0.2475599 -0.0114560 -0.0225220 0.2525344 0.2324165 0.0864594 -0.1956730 -0.1300641 0.2703187 -0.2187822 0.1248585 0.3240756 0.2767736 0.3209051 0.0430677 0.0935707 0.2460825 0.5425065 0.4971798 0.3004745 0.4232897 0.0240137 0.4316994 0.0673777 0.4965906 0.3176257 -0.0291837 0.2886565 0.1047868 0.4419074 0.4762354 0.6252250 0.5386930 0.5658292 0.5375298 0.3306294 0.6146588 0.2334917 0.2911967 0.2116069 0.5575413 0.1629962 0.3769146 0.4197369 0.4441720 -0.0546911 0.5254909 0.1626031 0.3736404 0.4533401 0.2573222 0.4235774 0.6322665 0.7131736 0.3180432 -0.1764867 -0.5543919 -0.5802319 -0.6386320 -0.6965692 -0.2191910 -0.5224110 -0.7821999 -0.8029696 0.0639384 -0.2951614 -0.1118750 -0.2111564 -0.4106146 -0.2237297 -0.5552248 -0.0815248 -0.2141362 -0.2952880 -0.0336175 -0.1844587 -0.5284121 -0.3037290 -0.1629028 -0.2571381 -0.6720936 -0.7358352 -0.6949535 -0.8568639 -0.3752917 -0.6063131 -0.1438652 -0.3394888 0.1208541 -0.0137344 0.0017786 0.0602005 -0.1530237 -0.4455777 -0.7481060 -0.3719593 -0.1960463 0.1481789 -0.6981376 -0.3291738 -0.3092901 -0.6498453 0.1667540 0.0659620 -0.5903359 -0.7852237 -0.3078431 0.0614863 -0.7818014 -0.8122840 -0.8009812 -0.0478877 -0.3846164 -0.4489182 -0.8161962 -0.4945127 -0.3807027 0.1277571 -0.6064909 -0.8199804 -0.4123180 -0.4168113 -0.7406960 -0.3306423 -0.4050425 0.2475044 -0.4530168 -0.7531805 -0.1060803 0.2604855 -0.5668540 -0.5062573 -0.2615681 -0.3091462 -0.2826457 -0.5660037 0.2935856 -0.5186370 -0.6164308 -0.2902930 -0.5662996 -0.6401509 -0.6998125 -0.8542040 -0.8366512 -0.8362221 -0.0000824 -0.0166825 0.2686928 -0.2960256 -0.1226608 -0.0221557 -0.0786932 -0.1895019 -0.1675694 -0.1473090 0.0023235 0.0153533 0.6924563 0.3518800 0.2484293 0.3628532 0.3035536 0.3888580 -0.2107205 -0.0208100 -0.0905991 0.0553623 -0.2733482 -0.0203003 -0.1365046 0.4098064 0.3081765 -0.2597349 -0.2706168 -0.4389311 -0.4230915 -0.4038597 0.0618195 0.2215101 -0.2476406 0.2561253 -0.6195622 0.0113030 -0.7326314 -0.0585311 0.1679669 0.3301800 0.5701175 -0.0958746 0.1200388 0.2397233
0.1652268 0.4107975 -0.0426061 0.4900371 0.0869701 0.6678878 0.9563910 0.1810372 0.7559035 0.5472857 0.1325256 0.0000000 -0.1779241 0.4041659 0.4298049 -0.4175142 -0.3320790 0.5259798 -0.4143929 -0.6547229 0.7151169 -0.5521890 -0.5068729 0.4147616 -0.5608720 -0.5796158 -0.3054091 0.4443447 0.4569670 0.3070311 -0.3597342 -0.5796935 0.3886152 0.4066676 -0.4167349 0.4572642 -0.6233833 -0.5484762 -0.2846849 -0.2452682 -0.4039281 0.3839977 -0.4800399 -0.4518724 0.0816512 -0.5633722 -0.3337664 -0.5215799 0.0651667 -0.4447978 -0.3563782 -0.4107924 0.2155105 -0.3662989 -0.5132446 -0.3691550 -0.3631523 -0.0744413 0.0302224 -0.1416554 0.1449074 -0.1345581 -0.0883828 0.3291642 0.2931564 -0.3710615 -0.2656501 -0.1653721 -0.3991389 0.0673672 -0.4284551 0.5754039 -0.2322303 0.2737275 -0.3533869 -0.2063927 0.3270956 -0.1829268 0.0549484 0.0348719 -0.1725849 0.0981954 -0.2110127 -0.1538867 0.0017090 -0.1171869 -0.2536356 -0.1287721 -0.0838701 -0.2080113 0.2121684 -0.2057635 -0.0426621 0.2385393 0.1565784 0.1467005 -0.2401588 -0.3019659 0.0058469 0.3823807 0.4349449 0.1459749 -0.1209915 -0.0978247 -0.2347094 0.1795986 -0.0363072 -0.2804415 -0.4032592 0.2205549 0.2046686 0.2430270 -0.4140476 -0.2156040 0.4875307 -0.5104414 0.0622926 0.1858466 0.1191746 -0.3007685 -0.4323996 -0.0196332 -0.4926175 0.3154677 -0.3313427 -0.3332760 -0.1977918 -0.7194108 -0.2423533 0.0030776 -0.5559965 -0.5569169 -0.5338165 -0.2150018 0.1668589 -0.4726384 -0.5721822 -0.4319249 -0.6902900 -0.3161993 0.0607435 -0.4706469 -0.4139024 -0.0804483 -0.2466370 0.0322801 -0.5041912 -0.2834354 0.2389621 -0.3478396 -0.6619380 0.3717440 -0.7372111 0.1840187 -0.6206746 0.2351678 -0.3691552 -0.1239425 -0.2950534 -0.5811625 -0.4819594 -0.3911966 0.4136688 -0.4668728 -0.4971464 0.1174490 -0.3784816 0.2029713 -0.0195567 -0.3062885 -0.1242103 -0.0716228 -0.5016418 0.0486601 0.6363996 0.5006168 0.4236881 -0.1973308 0.7402528 0.0451052 -0.1260377 0.4007366 0.3077857 0.2859574 0.2714359 0.0087899 -0.2284358 -0.4516480 -0.0825844 -0.3715788 -0.0688075 -0.0948339 -0.2970239 -0.0662454 -0.1619118 0.0860567 -0.4426877 -0.2250222 -0.1607592 -0.4051217 -0.3881564 -0.1893084 -0.2962040 0.0385782 0.0619696 0.0891559 -0.4427186 -0.5769796 -0.3399815 -0.3230723 -0.4644091 0.3478171 -0.2394424 -0.1438688 0.0103008 -0.6817306 0.1967080 0.3384741
0.2926331 0.4058388 0.7998674 -0.2898434 0.6175492 -0.5773814 -0.0797076 0.5683061 -0.1279898 -0.6501290 0.5174731 -0.1779241 0.0000000 -0.5722080 0.3896055 0.8544575 0.1230436 -0.6371197 0.8298133 -0.3385372 -0.4535830 0.5155869 0.5309359 -0.6796268 0.7091293 0.7745436 0.0289786 -0.5527039 -0.5790758 0.3509437 0.1358062 0.3644223 -0.6695515 -0.6447795 0.7432527 -0.7177396 0.5937885 0.6742914 0.8024106 0.4743773 0.6040951 -0.5647307 0.8371001 0.6793490 0.1810300 0.8265538 0.8683842 0.3335739 -0.1323385 0.6580402 0.8867225 0.7626354 -0.4794585 0.7000018 0.5690160 0.9154695 0.8042721 0.4752878 0.3899972 0.8953399 0.4692025 0.5986868 0.8231521 -0.3116903 -0.0557263 0.4897361 0.7428273 0.5562668 0.8487167 0.2854408 0.8820600 -0.4815728 0.9412962 -0.2778455 0.8700427 0.5449206 -0.0640226 0.8526694 0.4523430 0.6411078 0.7842000 -0.4557911 -0.3394570 -0.2452217 -0.3708198 -0.3577541 0.5114957 -0.4560630 -0.4749717 -0.4928963 0.1805596 0.3626476 -0.2877532 -0.4559772 0.3011408 0.2679309 -0.4497161 -0.0734458 -0.1563278 -0.5655308 -0.2191309 -0.5453346 -0.3690336 -0.4668349 -0.2095693 0.0041035 -0.3803474 -0.1712242 -0.6318792 -0.6183533 -0.4705690 0.0483488 0.6019743 0.2866738 -0.0515628 0.5880814 0.4610933 0.7017241 0.4121489 -0.1002061 -0.1478755 0.1979267 0.0209565 0.0483980 -0.3715603 -0.4105965 0.3288000 -0.4912268 -0.1836193 0.2181543 -0.2999400 -0.5237494 0.4011140 0.6241042 -0.6193215 -0.4440737 -0.5167988 -0.4850926 -0.3745127 0.1066485 -0.7509259 -0.3413935 0.3878469 0.4387693 -0.7340402 -0.2701963 -0.6468505 -0.5895954 -0.7540751 0.3482540 0.1900685 0.2769062 -0.2081266 -0.8049506 0.4406573 0.6054080 0.2774082 -0.4957483 0.5840332 0.4700744 0.5010386 0.2496621 0.4034306 0.3118178 0.1543571 0.0406478 -0.1562197 -0.8401467 -0.4278281 -0.2537384 -0.6809467 -0.6133359 -0.0224905 -0.1331728 0.1994839 -0.4426785 -0.1792862 0.5380716 -0.3820735 0.3672127 0.5343267 0.1829656 -0.6186406 -0.2961904 0.7199584 0.2367176 0.8501036 0.7376313 0.7893932 0.8096565 -0.0172031 0.4663537 0.2683627 0.2515856 -0.1558683 -0.1191782 0.4232747 0.9596968 0.8232397 -0.4215552 0.2891032 -0.5350958 0.0749868 0.2209082 -0.1287420 0.5330873 -0.5105138 0.4135156 0.1533650 0.4254631 -0.3630508 0.1303433 0.7226284 0.8224316 0.1904064 0.4351817 -0.1933537 -0.2813348
-0.1827151 0.3501012 -0.5541326 0.8757922 -0.3898258 0.8854621 0.1596545 0.1950662 0.1735899 0.8716181 -0.0747940 0.4041659 -0.5722080 0.0000000 -0.4540967 -0.6292990 0.4259455 0.8848876 -0.2482903 -0.1984093 0.5963163 -0.1683240 -0.3831301 0.9872030 -0.3527514 -0.4256662 0.2125245 0.9921476 0.9687357 0.3931743 0.1963892 -0.1244547 0.9742414 0.9704591 -0.3457559 0.7950667 -0.4895640 -0.5298572 -0.3917942 0.0968145 -0.8584757 0.8499145 -0.5274545 -0.3118996 0.4647258 -0.3629330 -0.2998325 -0.7339032 0.6805538 -0.3897432 -0.3919264 -0.3640523 0.8731710 -0.3168804 -0.7478487 -0.4246830 -0.5105604 -0.0356504 0.3397910 -0.5013973 0.2122605 -0.2374688 -0.4173584 0.8596338 0.5986008 -0.7026099 -0.0629242 -0.0423971 -0.2719973 0.4222104 -0.6053104 0.8616591 -0.5404132 0.7610639 -0.6306295 0.0871744 0.6056394 -0.3097906 0.2503656 -0.0034155 -0.3602065 0.8160704 0.3231073 0.1778955 0.1840583 0.2124842 -0.4471354 0.4348634 0.1050351 0.1363111 -0.2614120 0.0298691 0.6875490 0.4264111 -0.2207287 -0.2690793 0.4658943 0.4544116 0.5161962 0.5073357 0.3729719 0.8022077 0.5113747 -0.0871251 0.6380147 -0.0221350 0.1468695 0.1971597 0.1627974 0.3201703 0.7214361 -0.2935857 -0.7369243 -0.6193708 -0.2393299 -0.9383233 -0.3654159 -0.5381620 -0.6574868 -0.4882319 -0.4936880 -0.5841139 0.3907053 -0.0086020 -0.0876371 -0.1668145 -0.6708895 -0.0065600 -0.0215021 0.2917264 -0.2056385 -0.0903274 -0.1830307 -0.6699214 0.2341388 -0.3196835 -0.0878593 0.1389777 -0.3751119 -0.5375583 0.2393469 -0.2078040 -0.6504767 -0.8188449 -0.0278574 -0.3308919 -0.1027340 -0.1819454 0.3152727 -0.6507377 -0.4991220 -0.4960868 -0.1248796 0.3194338 -0.5867068 -0.6362398 -0.6281896 -0.1613657 -0.8275286 -0.7224860 -0.6307655 -0.5708030 -0.0811987 -0.7019587 -0.4374065 -0.5959554 -0.3573120 0.4596220 0.1629694 -0.1222454 0.2105893 0.2645305 -0.1676195 -0.0741711 -0.2030567 -0.0347849 -0.0846204 -0.6639925 0.2812214 -0.7150095 -0.6978948 -0.2470908 0.8030293 0.5388150 -0.0964751 0.3248360 -0.8176050 -0.4815111 -0.8153302 -0.6426593 -0.5705821 -0.7451778 -0.6214404 -0.7126316 -0.4454619 -0.2714603 -0.6740629 -0.7298926 -0.7127425 -0.1569683 -0.5334323 0.2502377 -0.0241467 -0.5069064 0.4057117 -0.7286596 -0.0400603 -0.4498062 -0.1623014 -0.5928236 0.1004137 -0.2796490 -0.6631063 -0.7628909 -0.2822675 -0.3694466 0.6096954 0.6217668
0.6293016 -0.0291173 0.4813235 -0.4311668 0.3399582 -0.1903492 0.5275939 -0.1890357 0.6836257 -0.3811149 0.0409797 0.4298049 0.3896055 -0.4540967 0.0000000 0.3315765 -0.4811215 -0.1153267 -0.0359030 -0.2526570 -0.1572600 -0.2076045 0.1946724 -0.4590269 -0.0443711 0.0838684 -0.2298992 -0.4196017 -0.5145081 0.1647735 -0.2566919 -0.2170774 -0.4845333 -0.5062142 0.1491974 -0.4804064 0.1648787 0.2254914 0.3160016 -0.3788491 0.5536674 -0.5076474 0.2230984 -0.1992874 -0.5024408 -0.0004384 0.0298741 0.3915767 -0.7038977 0.2926676 0.1129920 -0.0154974 -0.6431562 -0.1448653 0.4803355 0.2076278 0.2700767 -0.2860288 -0.4020764 0.3448999 -0.2100574 0.1251589 0.3230362 -0.6124308 -0.5467936 0.4535225 -0.1747593 -0.1609191 0.0839518 -0.4909522 0.2253821 -0.2990149 0.2547183 -0.6287581 0.4457450 -0.4406080 -0.5206785 0.1482429 -0.3691228 -0.2293713 0.3239830 -0.5219982 -0.4374993 -0.3972206 -0.3727678 -0.2862243 0.2839904 -0.5817426 -0.1805972 -0.4005347 0.4253509 -0.0796201 -0.7088550 -0.2746646 0.4199950 0.6672064 -0.7186167 -0.6471413 -0.4915182 -0.2137948 -0.0597361 -0.5856746 -0.4622494 -0.2236697 -0.7745993 0.4330422 -0.1666418 -0.2496692 -0.5289470 -0.1031629 -0.5760732 0.3404962 0.5037895 0.2727208 0.2334775 0.4534034 0.4525660 0.5049405 0.5557333 -0.0626275 -0.0004163 0.6101746 -0.7048049 0.2390458 -0.4083068 -0.3089822 0.5132819 -0.5164679 -0.4025256 -0.3748474 -0.2659405 -0.3680594 -0.2652839 0.1289619 -0.1710578 -0.1255504 -0.2661240 -0.6618857 -0.3093666 0.2898451 -0.3008560 -0.2479790 0.2477843 0.7818172 -0.1032411 0.3897192 -0.4095906 -0.0991727 -0.2125056 0.1845055 -0.2738670 0.8548328 -0.6568017 -0.2903985 -0.0864941 0.6582405 0.2125393 0.1299160 0.5942702 0.0730580 0.3085811 0.0717063 0.0733695 0.1834774 0.1208395 0.5032633 -0.3315116 -0.4365286 -0.3572212 -0.2128670 -0.3263991 -0.3803422 -0.3683905 0.1591957 0.5042932 0.4094663 0.5298099 0.5328333 0.0967697 0.5161079 0.5391353 0.4700760 -0.6535015 -0.5215128 0.1586445 -0.5899335 0.5333539 -0.2007859 0.6463837 0.2696122 0.1899549 0.5275154 0.4101941 0.3588172 0.0532163 -0.0672122 0.1484194 0.4418000 0.6059184 -0.3263977 0.3574550 -0.2951996 -0.2228811 0.5660625 -0.1108805 0.7554807 -0.5028468 -0.3161720 0.0441475 0.3726799 -0.4740211 0.7790668 0.6438472 0.5859770 -0.0171150 -0.4486694 -0.1112079 0.0089175
0.2077485 0.2953434 0.7218897 -0.4491119 0.5151334 -0.6030205 -0.3338181 0.2246220 -0.1145385 -0.6610027 0.4413258 -0.4175142 0.8544575 -0.6292990 0.3315765 0.0000000 0.0105299 -0.7033132 0.6937876 -0.1483401 -0.6369154 0.4323014 0.6787576 -0.7280091 0.5329420 0.8501200 -0.1505010 -0.6110113 -0.6401437 0.0179111 0.2133457 0.2390553 -0.7316271 -0.7068642 0.7776812 -0.7009574 0.6229941 0.7005327 0.7327751 0.3295557 0.6178383 -0.4671604 0.8150546 0.6748787 0.0982786 0.7477714 0.7492280 0.5014764 -0.2186403 0.6592300 0.8437370 0.6635556 -0.5827401 0.6680909 0.7160511 0.7967893 0.7428363 0.5182464 0.2543855 0.8523609 0.3107903 0.6400561 0.7290988 -0.4301956 -0.1987390 0.5744431 0.7018830 0.4401746 0.7617706 0.1555281 0.8917364 -0.5794810 0.8314740 -0.3528421 0.8415231 0.3920887 -0.2050717 0.6994958 0.3173898 0.4257379 0.7559408 -0.5662000 -0.4522824 -0.3923012 -0.4551286 -0.3038351 0.5466144 -0.6367333 -0.3635861 -0.5801529 0.4104095 0.3296758 -0.3787989 -0.6550959 0.1240794 0.3380838 -0.4768196 0.0107595 -0.2722074 -0.6654343 -0.2428043 -0.4908483 -0.3632772 -0.4415534 -0.2647618 0.1861978 -0.1981369 -0.1163765 -0.5114514 -0.5887268 -0.6630903 -0.1471571 0.7456743 0.2380486 -0.3177427 0.6491710 0.2747135 0.3564242 0.1411526 0.0270001 0.0291091 0.2301694 0.0357234 -0.2656646 -0.2453980 -0.1547356 0.4930833 -0.2393897 0.0476209 0.0059566 0.1093090 -0.3617641 0.3583114 0.3248362 -0.6269540 -0.2801163 -0.2216089 -0.1931379 0.0087109 0.2779845 -0.7243296 -0.0390184 0.4341419 0.4853238 -0.4897392 -0.2437250 -0.3115894 -0.4497181 -0.6654673 0.3151060 0.2599143 0.2196634 -0.0876059 -0.8323827 0.4728234 0.3657712 0.1486882 -0.4607944 0.5532074 0.3871941 0.4872918 0.1747460 -0.0154938 0.2358876 0.1988310 -0.0131152 -0.2319722 -0.9025252 -0.6449736 -0.2156847 -0.6818127 -0.7096278 0.0024948 0.0112469 0.0074584 -0.5411466 -0.2600226 0.3961521 -0.5031832 0.1399840 0.3795212 0.0129972 -0.6463734 -0.3814084 0.5130864 0.0776243 0.8469507 0.6135253 0.8274252 0.8472539 0.0132414 0.3728997 0.2734111 0.2813770 0.0065118 0.0145940 0.6614561 0.8241053 0.7785602 -0.0907172 0.3362999 -0.5108385 -0.2457526 -0.0375216 -0.2455725 0.5517680 -0.2053759 0.3528211 0.0209349 0.3310406 -0.3795647 0.2055280 0.7046059 0.7605650 0.2792149 0.4001453 -0.3513999 -0.3743963
-0.0767284 0.1384456 -0.1807329 0.3773157 -0.2520780 0.0149532 -0.5211428 0.5017278 -0.5085233 0.0651675 0.2769675 -0.3320790 0.1230436 0.4259455 -0.4811215 0.0105299 0.0000000 0.2447328 0.4945588 0.2406942 -0.1933181 0.6938065 0.2169514 0.3350521 0.6105320 0.2489039 0.7069287 0.3984494 0.2961699 0.6605695 0.6082972 0.7695769 0.3304081 0.3081584 0.3018276 -0.0871600 0.4403237 0.3972953 0.2306345 0.4102262 -0.0915489 0.1501294 0.2559502 0.3531604 0.3512694 0.5208959 0.3500048 -0.0135301 0.5922350 0.4061050 0.2582100 0.2378023 0.4258930 0.0724790 0.0332049 0.3866566 0.3155016 0.0296175 0.4287505 -0.0009395 0.2001916 -0.0793564 0.0649245 0.4634958 0.1867944 -0.0245714 0.4009254 0.1465668 0.4868998 0.3612857 0.0943934 0.1799529 0.0637069 0.3442064 0.1966147 0.3963082 0.1869537 0.1945564 0.3396939 0.2908460 0.0844395 0.6013228 0.2783909 0.0213755 -0.2617814 -0.1470991 -0.2102845 0.3159913 -0.3661050 -0.0457433 -0.6111624 0.1407666 0.5535973 0.1356070 -0.1758213 -0.2224972 0.2763725 0.4807758 0.4343547 -0.0616775 -0.1996829 0.3234187 0.3192948 -0.2717026 0.6605536 -0.2249824 -0.4183892 0.1336759 0.0425480 -0.4213870 0.3357170 -0.6206321 -0.2136211 -0.3011865 -0.5383832 -0.2136537 0.0714325 -0.2516982 -0.4075544 -0.6305647 -0.5393038 -0.4290741 0.6466234 0.0930453 -0.4188890 -0.4399633 -0.5140641 0.1452853 -0.2177086 0.3080701 -0.3645306 -0.0591208 0.2259780 -0.1266248 -0.3256387 -0.3246853 -0.1087553 0.0266383 -0.2235684 -0.5593344 -0.3161858 -0.3874416 -0.4026655 -0.4142418 -0.2497667 -0.5909639 -0.1389975 -0.1266140 -0.5240583 -0.4507782 -0.2002057 -0.4651444 0.2026429 -0.3079949 -0.0166964 -0.4362220 -0.2640031 -0.1035436 -0.3714330 -0.1311175 0.0265317 -0.3583181 -0.1217143 -0.2720733 -0.0284982 -0.7301160 -0.2842875 -0.1858661 -0.0922127 -0.3399580 -0.0700098 -0.0858956 0.3086178 -0.2760974 -0.5736616 -0.5079709 -0.3808649 -0.0641411 -0.5580692 -0.4240908 -0.1941284 -0.5386184 0.1346157 -0.0799917 0.0348561 0.3091181 -0.2582127 0.1946599 -0.4318267 -0.0736639 -0.6485597 -0.4453232 -0.1325114 -0.6130370 -0.6385921 -0.7156022 -0.5257130 -0.0288327 -0.1627675 -0.3688302 0.0593498 0.2836305 0.4069863 -0.2450285 0.6744900 -0.5504584 -0.2337812 0.3485562 0.2268484 0.0256933 0.1174257 -0.5593279 0.0437915 -0.2224793 -0.3170302 0.1871640 0.6223792 0.6001920
