0.0000000 -0.0307440 -0.1117711 -0.1894964 -0.0945519 -0.3017671 -0.2424825 0.0425388 -0.2458801 0.0010007 -0.0835461 -0.2504433 -0.1857374 -0.3305462 -0.2887866 -0.1095854 -0.2679212 -0.8070377 -0.0772207 -0.1921899 0.1222595 -0.3430117 -0.0765388 -0.7226265 -0.1314763 -0.0961485 -0.3354888 -0.6852883 -0.5733867 -0.4099208 -0.2298099 -0.1017068 -0.7561377 -0.8479648 -0.1745745 -0.2447100 -0.0442748 -0.2068302 -0.1869120 -0.0507311 -0.1700001 -0.4150861 -0.0048202 -0.5317747 -0.7907306 -0.0820441 -0.1674312 -0.1827502 -0.6017067 -0.0980411 -0.1605793 0.0831096 -0.7532448 -0.1484427 -0.1674246 -0.2627963 0.0954038 -0.2994656 0.0532304 0.0318584 -0.5961437 -0.2802989 -0.1552173 -0.3532257 -0.5880962 -0.0042349 -0.0210744 -0.3287653 -0.1992253 -0.1094579 -0.2459900 -0.1158566 -0.3516346 -0.3175465 -0.2196706 -0.1535944 -0.0409355 -0.1702086 -0.3571056 -0.0981763 -0.2328819 0.1300942 -0.1593248 -0.1546145 -0.1750250 -0.0702295 -0.6186946 -0.0477138 -0.2581022 -0.0101773 -0.0491141 -0.2107263 0.1017335 -0.1866643 -0.1770030 -0.2585244 -0.3468044 0.0872903 -0.4025484 -0.2528601 -0.5103123 0.4103196 0.1205249 -0.6528177 -0.2904566 -0.4838247 -0.1349855 0.1404406 -0.0212227 0.0386557 -0.4570738 0.1142842 -0.2895720 -0.0506714 0.1134312 -0.0974362 -0.1169922 0.1568540 0.0027525 0.3527982 -0.0251018 0.0388013 0.0701582 -0.1490677 -0.0172739 0.4812348 0.0081117 -0.1342293 0.3482425 -0.0613064 0.0111361 -0.4281219 0.0714421 -0.3759680 -0.3888541 -0.1022536 0.0779629 0.4405005 0.2969408 0.4944175 -0.1847021 0.4324634 0.1151679 0.4831915 0.0109253 -0.0196215 0.0613818 0.0819645 0.0783005 0.1544719 0.1112380 0.0444358 0.1265071 -0.0734360 -0.1136079 0.0226683 0.2378474 -0.1462943 0.2570767 -0.1066145 -0.0412054 0.1473087 0.0491964 0.2534039 -0.1105765 -0.0563438 -0.1110704 -0.0848803 0.0957266 0.2737876 -0.2103266 -0.0641939 0.5138516 0.4716850 0.1329966 0.2543805 0.1461545 0.3911515 0.2361392 0.2715784 0.3613341 0.1621191 -0.2579009 -0.1327278 -0.1094892 -0.4706788 0.3627366 -0.0238005 0.0310780 0.2286165 0.4664238 0.1608322 0.3377865 0.3897785 0.5073552 0.5024727 0.5175026 0.2510347 0.0570282 0.4632940 0.3024930 0.0065978 0.1530755 0.2202709 0.0484635 0.0052078 0.4668432 0.3463975 0.1541175 0.2989253 0.2560585 0.5245616 0.0286484 0.4443280 0.4085336 0.2741815 0.0955875 -0.4806846
-0.0307440 0.0000000 0.3572856 0.0416684 -0.1172237 0.2797149 0.4014862 -0.0557123 -0.1037734 -0.1519728 -0.0526346 0.1730774 -0.1725985 -0.0375487 0.0279074 -0.1867648 -0.0223005 -0.0264157 -0.0326768 0.1191969 0.3804203 0.0389611 -0.0007880 -0.1718518 0.0762001 -0.0725478 -0.2910898 -0.1376887 -0.0510384 -0.2525759 -0.1408760 0.0382998 -0.0204024 -0.0361970 -0.1361654 -0.0474071 -0.2304304 -0.1869828 0.0770427 0.1012883 -0.2940781 0.2760078 0.2656243 -0.0544502 0.0843178 -0.2778089 -0.2652644 -0.2098301 0.0766543 -0.3163465 -0.3252540 0.1392420 0.0842079 -0.0692015 -0.1340656 -0.2008785 -0.2090455 0.1284527 0.0286689 -0.0665960 0.0584990 -0.2971931 0.2228555 0.1162218 0.0518842 -0.0667882 0.0985917 -0.4382539 0.0237516 -0.1090892 0.0290951 0.1276605 -0.2510346 -0.0740205 0.0392890 -0.1998409 -0.0866691 -0.0860329 0.0009061 0.0198340 -0.0017818 0.4993596 0.4387561 0.2296951 0.2941501 0.0795645 0.1361645 -0.3536295 -0.0201039 0.4486087 0.0105155 -0.1792180 0.3183974 -0.2796747 -0.0368157 -0.0109840 0.0490637 0.2803811 0.2447030 0.0424693 0.0845794 0.0690272 0.0311765 0.0454551 0.2213148 0.2246449 0.5149485 0.1635762 0.3147043 0.3880984 0.1919643 0.7709445 0.2999837 -0.0751570 0.2129102 0.0132034 -0.1977597 0.2798131 0.0036098 0.2889403 -0.1250371 -0.2829641 0.3902487 0.0846361 0.2419330 -0.0118217 -0.2783547 0.3792153 0.1961637 -0.2716346 -0.2077343 -0.1274911 -0.0742587 0.0647271 -0.3037741 0.1262216 -0.1054493 0.4486328 -0.0579101 0.3572507 -0.0439127 0.2928983 -0.2160812 0.2621251 0.0223102 -0.0068224 0.0931118 -0.1734788 -0.3049598 0.3032374 0.2841655 0.2873567 0.3321239 -0.0919546 0.5512410 0.1340498 -0.1558396 -0.0368645 -0.2535665 0.1557955 0.1486953 0.2144497 0.0672790 -0.1674269 0.1100408 0.0773792 -0.0386284 -0.2989947 -0.4062524 0.1491162 -0.1741572 -0.2632474 -0.1652898 0.2130788 0.6355386 0.3273864 0.3013718 0.1834429 0.2648308 0.0810253 -0.0564994 0.0510011 0.1565499 -0.0682240 0.2098590 0.1295723 -0.0363292 -0.2230179 0.1613075 0.3566566 0.3046281 0.1299530 0.2322944 0.2478484 0.2177373 0.2393788 0.5483969 0.2112747 0.0662106 0.2304187 -0.0893641 -0.1527373 -0.2445080 -0.1017705 0.0947881 -0.0736084 0.3277699 -0.1015316 0.0204700 -0.2466963 0.0109532 0.2548469 0.1265097 0.3267801 0.1324610 -0.2082277 -0.1247802 -0.1568844
-0.1117711 0.3572856 0.0000000 0.1418764 0.5382211 0.2178456 0.3867580 0.1952492 0.1865101 0.2434879 0.1565675 0.2704775 0.3534708 0.1280421 0.1354052 0.2747821 0.1878879 -0.1156101 0.3565408 0.4635308 0.1607684 0.2013834 0.2530971 -0.0365353 0.3222405 0.3780161 0.0238459 -0.0821167 0.1888856 -0.0888397 0.3032700 0.2143413 -0.1727842 -0.0053840 0.2208389 0.1926017 0.3455007 0.1898092 -0.1649576 -0.0672450 0.3052350 0.2677616 0.2205727 -0.2397756 0.1144634 0.2617181 0.2558816 0.2423325 -0.2711052 -0.0852106 0.1122227 0.0039131 -0.0112193 -0.1350837 0.1486677 0.1507314 0.2967912 0.1103445 0.2204429 0.0898296 0.0931873 -0.2675106 0.2609016 0.1243738 -0.0258179 0.2268057 0.0671331 -0.0912507 0.1870321 0.1163190 0.3023185 0.1687603 -0.2010165 0.0216615 0.2724030 0.1000102 0.1696238 0.0750235 0.1425264 0.1331523 -0.0108924 -0.2044450 -0.1065131 -0.2663417 -0.2935120 0.3978936 0.2103873 -0.5983959 0.2562742 0.1752115 0.3453988 -0.1046732 0.6397747 0.0397480 -0.2036259 0.1071512 -0.0095933 0.7882638 0.0217681 -0.3080804 -0.0716400 0.4512725 0.0908608 -0.0322655 0.4473114 -0.0028003 0.6527677 -0.0080166 0.6659152 0.2131666 0.1388693 0.6719701 0.0263410 0.0532494 -0.3829096 0.0419886 -0.0225923 -0.2667799 -0.1371618 -0.0639784 -0.2609483 -0.0498170 0.0204204 -0.4921313 0.0265529 0.1908214 -0.0750516 0.4790986 0.4731115 -0.5076735 -0.5006919 -0.0085168 -0.3041116 -0.2698000 0.0565131 0.1856361 -0.4913559 0.2460349 0.2920813 -0.1887711 -0.2131545 -0.1666911 -0.3217193 0.1100559 -0.4303770 -0.0344965 -0.2673559 -0.4531787 -0.4268326 -0.1056949 -0.2654063 -0.1513466 -0.3561733 -0.3653948 -0.2203746 -0.0337557 -0.2348729 -0.5049077 -0.2608836 -0.2482820 -0.1770206 -0.3198136 -0.1984600 -0.2126569 -0.4378903 -0.3716023 -0.4378860 -0.5059862 -0.4689730 -0.2791320 -0.5980312 -0.6728513 -0.6429996 -0.3951837 0.1563034 0.3273098 0.2350772 0.0633308 0.0887282 -0.0549875 -0.1232598 0.1663911 0.3663678 0.2359583 0.2607625 0.0502189 -0.1260293 0.0040840 0.1527519 0.1124811 0.0297726 0.0184173 -0.0421679 -0.2073467 0.0849603 -0.1371245 -0.0990734 -0.1882696 0.0240335 0.1066060 -0.1348498 -0.2195432 -0.0763396 -0.1663247 0.5810452 0.1718197 0.1627336 0.1783501 0.2271026 -0.1152455 0.2531433 -0.2448552 0.2505975 0.2248954 0.1182946 0.1754296 -0.0591076 -0.3605509
-0.1894964 0.0416684 0.1418764 0.0000000 -0.0844802 0.8880134 0.4870254 0.7912585 0.7174287 0.6995622 0.6549960 0.7498389 0.0079258 0.6271064 0.7827319 0.3727235 0.5881469 0.3906325 0.2636452 -0.3814462 0.1529065 0.2097644 0.4986569 0.4582575 0.2146914 0.3811257 0.3270245 0.4555720 0.7010387 0.5287894 -0.4317412 0.1634688 0.2921210 0.4055218 0.5269061 0.3138396 0.3208759 0.3436222 0.5362019 0.5749964 -0.1323539 0.6788531 0.5687920 0.5030225 0.6447472 0.2496436 0.5058187 0.2312087 0.5271101 0.6347121 0.5823703 0.5865080 0.6276912 0.7478533 0.3902362 0.4179068 0.0046673 0.7292144 -0.1797854 0.6178413 0.7749033 0.6254614 0.5809191 0.8148135 0.7623000 0.0483939 0.5987321 0.6211937 0.4882195 0.7233199 0.2794282 0.8454990 0.6103625 0.8637348 0.3980746 0.7361537 0.6399372 0.4024852 0.6116631 0.0244337 0.0260900 0.3837108 0.0649972 0.1732250 0.3728434 0.1396762 0.1737902 0.5282086 0.0183774 0.2611386 0.5849573 0.3112121 0.2230665 0.3315730 0.1513595 0.2005043 0.2452190 0.1861103 0.1794171 0.3893269 0.3610308 0.0774779 -0.0297062 0.3940417 0.4419622 0.1202418 0.0129100 -0.1284172 0.2888021 -0.0094277 0.3818518 -0.0081780 0.1116955 0.0238110 -0.2687099 0.0311609 0.1194365 -0.0963151 0.1012185 -0.2270463 0.0903259 0.0578208 0.2432092 0.3484635 -0.2996988 -0.2593868 0.0770231 0.3083694 -0.0703179 0.1532793 0.1795919 0.0899876 0.1669278 0.3855347 -0.1710880 0.4375159 0.1910161 -0.2999265 0.2937302 -0.4532115 0.3598651 -0.5049346 -0.7096925 -0.2471754 0.0857330 0.4907963 -0.1640981 -0.0009304 -0.2152897 -0.4640345 -0.4322248 0.0376891 -0.3254222 0.2973384 -0.1685260 0.0060914 -0.5647422 0.0677227 -0.6544086 -0.2959834 -0.0615537 -0.5364208 0.0938221 -0.5510250 -0.2434062 0.3480333 0.1744820 0.1225085 -0.6537996 -0.5770111 0.1535353 -0.1445634 -0.3505897 -0.5164523 -0.3344034 -0.1980196 -0.1970875 -0.4652031 -0.3240907 -0.4999306 -0.8848332 -0.5763882 0.0131913 -0.1511093 -0.4769270 0.6030095 -0.6592101 -0.3451322 0.4150557 0.4293519 -0.3873640 0.0931455 -0.5853774 -0.4940957 -0.4034093 -0.4486128 -0.3607543 -0.3805721 -0.2295825 -0.2886942 -0.3687663 0.0401713 0.3846416 0.4281312 -0.1559899 -0.1969126 -0.4821055 -0.4999201 -0.4987557 -0.5525969 0.0048029 -0.3108007 -0.4131134 -0.6251266 -0.6071854 -0.6628946 -0.0668551 0.1053595
-0.0945519 -0.1172237 0.5382211 -0.0844802 0.0000000 -0.2598470 -0.2427202 -0.1100089 -0.2273928 -0.1293263 -0.0181830 -0.2105435 0.3201562 -0.1358614 -0.3268924 0.1390626 0.2492490 -0.2924365 0.0859311 0.6926576 -0.0863997 0.2031829 0.0871124 -0.1797118 0.2368978 0.3854079 0.3637794 -0.1939415 -0.1106217 0.0652790 0.7036668 0.3809212 -0.1360151 -0.0718856 0.2913857 0.3036223 0.6234517 0.3152099 -0.3855594 -0.4839736 0.4940720 0.1249336 -0.0468238 -0.4050736 -0.0392187 0.4630137 0.4131626 0.3486838 -0.4126631 0.0334056 0.3927362 -0.2795910 -0.1209106 -0.3611561 0.1139722 0.3475036 0.6269883 -0.1733406 0.0045084 0.2066601 -0.0376147 -0.1637295 -0.0819569 -0.1681831 -0.2143239 0.5397784 0.0603764 -0.1276264 0.2506678 -0.0589350 0.5343163 -0.0921907 -0.2396338 -0.0576362 0.4057535 0.0867203 0.0505863 0.3546891 0.0953250 0.4101111 0.1792445 -0.4660176 -0.2315601 -0.1718552 -0.1964534 0.4946217 0.1317500 -0.1738385 0.4337973 0.1741616 0.1380930 -0.1549594 0.4562182 0.0176550 -0.2229309 0.1714860 0.1566787 0.6423035 -0.0958519 -0.1785359 0.1003207 0.4849809 0.3222417 -0.1092784 0.3644474 -0.0280515 0.5633215 -0.0403113 0.5324718 0.0049947 0.1478793 0.3895743 0.2811912 0.1707145 -0.1032870 0.2388845 0.2428777 -0.0480496 0.0328827 0.2109595 0.2079217 0.2415955 -0.2566252 -0.1949639 0.4069583 0.4135522 0.1765445 0.1060530 0.5741468 0.0134205 0.0124235 -0.0840499 -0.2731159 -0.0728639 0.4030714 -0.2008169 -0.3165064 0.0632776 0.4924239 -0.0823738 -0.2302140 -0.2816159 -0.1316137 -0.2576736 -0.4619823 -0.3438005 -0.3069304 -0.4753180 0.0825193 -0.3905891 -0.3428574 -0.4579137 -0.3895808 -0.3762696 -0.3630263 -0.4824390 -0.2936480 -0.4871435 -0.1944620 -0.1735608 -0.3574280 -0.2358304 -0.4487643 -0.1721014 -0.3517716 -0.5012192 -0.3019795 -0.2443282 -0.0993802 -0.0183686 -0.3579482 -0.1763542 -0.3580457 -0.1924265 -0.0751209 0.1907410 0.1429704 0.1821371 0.1260446 0.1459630 0.0435834 0.4870880 0.5282763 0.4803691 0.0312876 -0.0955234 0.0508556 0.2490651 0.0815733 -0.0275379 0.1447405 0.1432825 0.1258577 -0.1641703 0.1975117 -0.0527173 -0.0860678 0.2033769 0.3665096 0.2144510 0.1443660 -0.3210706 -0.4940387 -0.4652230 0.5746136 0.1989215 0.1739164 0.2947375 0.2837189 0.0154103 -0.1492912 -0.1317426 0.3742414 0.0918461 0.2723581 0.2585243 0.0654546 -0.3476796
-0.3017671 0.2797149 0.2178456 0.8880134 -0.2598470 0.0000000 0.7300908 0.7354374 0.7784707 0.6798175 0.5206981 0.8584022 -0.0497383 0.6582013 0.8965719 0.2008528 0.4570638 0.5412886 0.1836260 -0.3932941 0.1906610 0.1756541 0.4403614 0.5716153 0.1482322 0.2380103 0.2593575 0.5584892 0.8126635 0.5322885 -0.4806061 0.0410566 0.3376066 0.4994342 0.4072130 0.2343745 0.0733032 0.2046207 0.5929483 0.6748898 -0.1938753 0.7375610 0.5080843 0.5794307 0.7094976 0.0146287 0.2521078 0.0796807 0.5840509 0.4154209 0.3223543 0.5524450 0.6783559 0.7520834 0.2441718 0.2155432 -0.1979883 0.7744265 -0.1246045 0.4107369 0.7659845 0.5678561 0.5846416 0.8347572 0.7764193 -0.0891885 0.5153126 0.6175261 0.3366078 0.7167121 0.2132106 0.8361832 0.6162271 0.8150259 0.2966522 0.6479840 0.5838616 0.2782972 0.6204240 -0.0452152 0.0754894 0.5060162 0.2551843 0.2310016 0.3435093 0.2330735 0.2931901 0.3132161 0.0988384 0.2069100 0.5784899 0.3485160 0.2661528 0.3742801 0.3409185 0.2023315 0.2057110 0.1746288 0.3635261 0.4677150 0.2474721 0.0699661 0.0266793 0.5433302 0.3752349 0.1961345 0.1380508 0.0472640 0.2612973 0.1047398 0.4293205 0.1161474 0.1737057 0.0347102 -0.2648667 -0.0451370 -0.0150308 -0.1689665 -0.0154936 -0.3514491 -0.0931812 -0.1125125 0.4262815 0.2723722 -0.4391985 -0.3529013 0.0029342 0.4296730 -0.1833226 0.0418685 0.0715860 0.1482596 0.1646154 0.4400220 -0.2348035 0.4282195 0.1623855 -0.2088557 0.1496355 -0.3948463 0.2475050 -0.3586997 -0.6163665 -0.1796538 0.1348041 0.4216896 -0.0854686 0.0424747 -0.3273052 -0.1793225 -0.2282154 0.0863336 -0.1599867 0.1900391 0.0306890 0.1510632 -0.4378868 0.1034937 -0.5464058 -0.1502563 0.1108142 -0.3596198 0.1473762 -0.4366994 -0.0344165 0.3171466 0.0685770 0.0206527 -0.6401620 -0.5185314 0.1803107 -0.1939198 -0.4598632 -0.5384132 -0.1232026 -0.1422631 -0.1424198 -0.5078698 -0.3374028 -0.5184093 -0.8110549 -0.5991299 -0.0325119 -0.1901617 -0.3588194 0.6192732 -0.6616229 -0.2999394 0.4372107 0.4500616 -0.4128699 0.0358060 -0.5418390 -0.4092908 -0.4403358 -0.3991695 -0.2666742 -0.4135231 -0.2858153 -0.2761142 -0.4423183 -0.0101689 0.3998540 0.4547026 -0.0620055 -0.0854709 -0.4356423 -0.4702613 -0.4409206 -0.6810213 0.0430026 -0.2625736 -0.2939159 -0.3976129 -0.6183562 -0.6064831 -0.2064147 0.2212344
-0.2424825 0.4014862 0.3867580 0.4870254 -0.2427202 0.7300908 0.0000000 0.3732450 0.5188225 0.4067237 0.2269048 0.8111089 -0.1337319 0.4491073 0.7265854 0.0426371 0.2397115 0.3701348 0.0055697 -0.1559379 0.3920159 -0.0254511 0.3555675 0.4445078 -0.0002096 0.1056163 0.2190661 0.4622989 0.6377158 0.3832618 -0.3411365 -0.2523787 0.1996132 0.3517006 0.2395716 0.3374510 -0.3034132 -0.1854826 0.4413880 0.6300299 -0.0880898 0.6163775 0.3448877 0.4661389 0.4897769 -0.2890715 -0.1207220 -0.1821445 0.4193369 -0.1270163 -0.1759064 0.3899807 0.4877566 0.5240621 -0.1676191 -0.2677554 -0.5168281 0.6114387 0.0324025 -0.1522520 0.5299498 0.1618537 0.2043899 0.6154758 0.5617205 -0.4001466 -0.0806908 0.3564876 -0.1941308 0.4739660 -0.2098482 0.5718444 0.1333337 0.4650894 -0.1222619 0.2539965 0.3361303 -0.1934132 0.2375207 -0.1717507 -0.1233950 0.5340125 0.5045063 0.3141468 0.3547789 0.3874682 0.4971026 -0.0460041 0.1877968 0.2610793 0.5650033 0.3513575 0.3625163 0.1168557 0.3062358 0.1917408 0.1567737 0.2678771 0.2663148 0.1421744 0.1247244 0.2556207 0.0828718 0.3265497 0.3209557 0.2481952 0.3944363 0.3196824 0.2996332 0.5202203 0.3547538 0.3587847 0.2262158 0.1748877 -0.0405261 0.0426077 -0.0714638 -0.0154036 -0.0840093 -0.1945330 -0.1680121 -0.1755558 0.3862922 -0.0454783 -0.2512050 -0.1855336 -0.0247246 0.3907374 -0.0536620 -0.1713714 -0.0265243 0.1932247 0.1646165 0.0384915 -0.0682986 0.3646748 0.0676938 0.1523138 0.0311434 -0.1068357 0.2784347 -0.0225755 -0.2846797 0.0018415 0.3188948 0.1996989 0.0798984 0.1573763 -0.1804787 0.1250104 -0.0304486 0.2610582 0.1449339 0.1993098 0.1968864 0.1919377 -0.1446565 0.2141007 -0.2740237 0.0227650 0.3112316 -0.0446070 0.0993067 -0.1267733 0.1706499 0.2042294 0.0321348 0.0032844 -0.4053263 -0.2124894 0.1078613 -0.1625524 -0.3788773 -0.2094938 0.4002096 0.2748436 0.2437925 -0.1801111 -0.0184880 -0.1038031 -0.3074619 -0.1372739 0.1056834 0.0043170 -0.0465828 0.5029916 -0.2989468 -0.2767076 0.2946355 0.3534565 -0.1449522 -0.0333674 -0.3629679 -0.0143062 -0.1554282 -0.0283397 -0.0325852 -0.5153438 -0.3478666 -0.0079548 -0.3529426 0.0803406 0.2257050 0.3655706 0.3049365 0.0212127 -0.0280358 -0.2571525 -0.0878280 -0.4554150 0.2073025 -0.2383695 -0.0944221 0.0763193 -0.2540628 -0.3004320 -0.2146836 0.2158463
0.0425388 -0.0557123 0.1952492 0.7912585 -0.1100089 0.7354374 0.3732450 0.0000000 0.8587453 0.8992062 0.7422065 0.5441087 0.3007081 0.7472484 0.7405951 0.4865210 0.6103910 0.1458058 0.5555077 -0.4327207 -0.1784175 0.4111995 0.6399946 0.2267124 0.5020498 0.5740685 0.4178142 0.1912082 0.5011659 0.4560016 -0.4004484 0.3567597 -0.1311389 0.0746460 0.7048770 -0.1017341 0.4603666 0.5541927 0.5321841 0.5764980 0.1356438 0.2360900 0.6088478 0.2199945 0.3162414 0.4353650 0.5796285 0.4575334 0.1681126 0.6047081 0.6112062 0.6519341 0.2714224 0.6823847 0.4976207 0.4140221 0.1211581 0.6878887 -0.2538269 0.6168019 0.4156937 0.4733124 0.4359519 0.6531160 0.3980278 0.0617025 0.6430580 0.5169836 0.5235639 0.8089076 0.3416642 0.8176568 0.5798657 0.7100588 0.4309491 0.8252688 0.7047755 0.4153715 0.6927180 0.1516831 0.0792698 0.2822326 -0.1552823 -0.1024561 0.1936426 0.1633483 -0.0134082 0.3599396 0.0099691 0.1132867 0.6707328 0.2311798 0.2865297 0.3804131 0.3143380 0.1495633 0.0780288 0.1981784 0.0583203 0.3095850 0.0004832 0.2007203 -0.0818534 0.2660586 0.3200151 -0.1408708 -0.0631941 -0.1264816 0.3547933 -0.1510748 0.2789820 -0.0342045 0.0100077 0.0968671 -0.4021043 -0.0857005 -0.0094030 -0.2928587 -0.1927112 -0.3576854 -0.0945453 -0.0505358 0.3126698 0.0231635 -0.4983402 -0.1920766 0.0098683 0.3348153 -0.0870476 -0.0320622 -0.0176191 -0.1741650 0.0725505 0.1533491 -0.4584558 0.3860192 0.0125041 -0.2725755 0.3623140 -0.4757773 -0.0602603 -0.3679175 -0.6062051 0.0297661 -0.0914994 0.2356890 -0.0271799 0.0340533 -0.3622149 -0.2849264 -0.4593837 -0.0954279 -0.2290805 -0.0454288 -0.2965816 0.0831163 -0.3011972 -0.1859761 -0.3455337 -0.2838909 -0.1438341 -0.5568536 -0.0091958 -0.2861148 -0.3102878 -0.0359547 -0.2230343 -0.0987494 -0.5442339 -0.6179816 -0.0863149 -0.3807119 -0.3020574 -0.4983142 -0.4136133 -0.2598782 -0.2992646 -0.4303403 -0.4519492 -0.6078344 -0.6034176 -0.5879623 -0.2450650 -0.2837566 -0.4903677 0.2539028 -0.5421645 -0.0717819 0.4551360 0.4624917 -0.4192248 0.1293505 -0.4418652 -0.4560222 -0.3840857 -0.4113853 -0.3178795 -0.2992700 -0.1584263 -0.2936111 -0.2328854 -0.0928118 0.4545054 0.3806104 -0.2115865 -0.0329323 -0.4680073 -0.2852748 -0.2264655 -0.4955502 0.0802527 -0.1696516 -0.1811995 -0.3344632 -0.5462244 -0.2293279 0.0690214 0.0849157
-0.2458801 -0.1037734 0.1865101 0.7174287 -0.2273928 0.7784707 0.5188225 0.8587453 0.0000000 0.9310926 0.6862032 0.5715777 0.4094322 0.8632783 0.8946047 0.4773767 0.5980319 0.4344000 0.4818655 -0.4168452 -0.3384350 0.4306226 0.6751299 0.5695354 0.4572671 0.4709117 0.4206415 0.5361385 0.6801383 0.5893130 -0.3777606 0.2762998 0.1305908 0.3321551 0.6344934 -0.1855994 0.2756153 0.5236040 0.5640417 0.6514744 0.2388490 0.2878225 0.5541174 0.4592162 0.4909751 0.3460348 0.4646512 0.4506097 0.3486238 0.5962170 0.4618701 0.6065513 0.4659404 0.7260385 0.5172853 0.3646927 -0.0113179 0.7331586 -0.1882735 0.3823790 0.4540135 0.4824956 0.5369012 0.6903385 0.4859376 0.0015664 0.4805609 0.6926833 0.4260317 0.7838694 0.3084440 0.7433067 0.6618946 0.6900127 0.3806569 0.7947825 0.6624591 0.3450556 0.6953519 0.0198278 0.1280609 0.3379022 -0.0423624 -0.0313342 0.1994794 0.1139082 0.1336553 0.2844617 0.1444895 0.1442973 0.6613791 0.3793188 0.1687358 0.4594862 0.4969436 0.0724540 0.0595201 0.0431934 0.2820363 0.3555947 0.0568187 -0.0282374 -0.1548394 0.4979004 0.2676501 -0.0733206 -0.0815910 -0.0637502 0.2493443 -0.1045110 0.3759952 -0.1039623 -0.1693901 -0.1192322 -0.5891184 -0.3412266 -0.2466179 -0.5364275 -0.4141239 -0.6196993 -0.3859299 -0.2978086 0.3017160 -0.1562433 -0.6670577 -0.4666300 -0.1870861 0.3079151 -0.2856188 -0.1937165 -0.1800910 0.1202892 -0.0849103 0.1242075 -0.1967114 0.4400081 -0.0762739 -0.3601550 0.1397116 -0.6695938 0.1107507 -0.4725199 -0.3545013 -0.1474085 -0.0571771 0.3602655 -0.0658104 0.0548942 -0.3214746 -0.1892648 -0.3748822 -0.1260145 -0.2229875 0.0825369 -0.2184188 0.2491741 -0.1127122 -0.1043486 -0.1722091 -0.1324632 -0.0240213 -0.4958829 0.1235274 -0.1265596 -0.1546103 0.0017345 -0.2500182 -0.0513798 -0.3449638 -0.6594200 0.0189347 -0.2981427 -0.4680345 -0.6732585 -0.4706543 -0.4488100 -0.4999719 -0.6302049 -0.6977428 -0.7407200 -0.6296298 -0.6971771 -0.2465866 -0.2863595 -0.4452406 0.2186184 -0.7003025 -0.0618325 0.3919400 0.2897232 -0.5510300 -0.0171483 -0.6146707 -0.4708988 -0.5899609 -0.5616273 -0.5580484 -0.5295250 -0.3086056 -0.5192225 -0.4055220 -0.0470588 0.5207382 0.3524427 -0.1372398 0.1040170 -0.6341569 -0.3900674 -0.2561912 -0.4928939 0.0640138 -0.5012729 -0.1415174 -0.3284010 -0.7255026 -0.2046428 0.1011936 0.3113134
0.0010007 -0.1519728 0.2434879 0.6995622 -0.1293263 0.6798175 0.4067237 0.8992062 0.9310926 0.0000000 0.8106365 0.5090783 0.4341664 0.7962870 0.8003070 0.6469009 0.6578743 0.2240213 0.6246925 -0.3688689 -0.3269358 0.4544767 0.7739193 0.3175838 0.5457490 0.6337911 0.3787239 0.3225851 0.4829400 0.4603127 -0.3326759 0.3385233 -0.1513175 0.0549005 0.7130640 -0.2188413 0.3965469 0.5502485 0.4652916 0.5768337 0.2978390 0.1796814 0.5780078 0.2387863 0.2676872 0.4898260 0.5578863 0.4852460 0.1121746 0.6279395 0.4664449 0.5975016 0.2317426 0.6193943 0.5077198 0.4048007 0.0912013 0.6368137 -0.0686007 0.4087186 0.3400670 0.2869297 0.4949700 0.5892467 0.3099462 0.0399623 0.4701079 0.5364599 0.4176957 0.7819070 0.3143357 0.7344187 0.4842565 0.6303942 0.3553051 0.8100587 0.6965440 0.3656788 0.6415280 0.0517650 0.0606951 0.2838526 -0.1160651 -0.0831693 0.0976014 0.1507066 -0.0505577 0.2751466 0.0759061 0.1117384 0.6656205 0.3811577 0.2841657 0.4627943 0.3230788 0.1258543 0.0425760 0.1445686 0.0852134 0.2141098 -0.0293810 0.1006949 -0.1220425 0.3013457 0.3422565 -0.1419595 -0.1212618 -0.0670686 0.3129392 -0.1728666 0.2248910 -0.0557918 -0.2226522 -0.1324633 -0.6008418 -0.2835484 -0.1876841 -0.4893073 -0.3022779 -0.4445094 -0.3377974 -0.2257503 0.3674310 -0.2619925 -0.5599222 -0.2543748 -0.1102705 0.4531834 -0.0761560 -0.2200813 -0.1795966 0.0973705 -0.0414187 0.0289661 -0.2447458 0.4958544 -0.0675754 -0.2106403 0.3134919 -0.5716931 0.0254007 -0.3772679 -0.4079038 0.0119423 -0.0958388 0.3800265 -0.1015520 -0.0079874 -0.3249447 -0.2057163 -0.4199663 -0.1319738 -0.2934317 0.0401210 -0.3340203 0.2713338 -0.1374557 -0.2306916 -0.2018114 -0.1892283 -0.1605621 -0.5142036 0.1781368 -0.1318859 -0.2803958 -0.0356147 -0.2818098 -0.0857593 -0.3832335 -0.6031762 -0.1060905 -0.3526819 -0.3433650 -0.6249084 -0.4736372 -0.3801724 -0.4756359 -0.5300490 -0.6437564 -0.6884064 -0.5840207 -0.6457882 -0.1895442 -0.2409559 -0.3801740 0.1406346 -0.5912336 0.0475663 0.3828111 0.3158405 -0.3747937 0.0221259 -0.5363564 -0.4209043 -0.4106398 -0.4693167 -0.4674112 -0.4739596 -0.2638834 -0.3786157 -0.2648213 -0.0758539 0.5944002 0.4251586 -0.0408035 0.1611553 -0.4806347 -0.1919714 -0.1285550 -0.4189342 0.2183444 -0.3964845 -0.0984004 -0.2435155 -0.5352546 -0.0820765 0.0980777 0.1330351
-0.0835461 -0.0526346 0.1565675 0.6549960 -0.0181830 0.5206981 0.2269048 0.7422065 0.6862032 0.8106365 0.0000000 0.3430448 0.3672160 0.6668874 0.5645988 0.8723435 0.8334152 0.1809234 0.7544625 -0.1611811 -0.3469802 0.5810438 0.8988429 0.0782347 0.6953583 0.8178223 0.3297846 0.1370434 0.2043747 0.2310646 -0.2060058 0.4652535 -0.1882722 -0.0344841 0.8460574 -0.1830589 0.5072228 0.5954270 0.3546949 0.3667356 0.3307491 0.1570685 0.7120597 0.1195336 0.2244488 0.6497374 0.7506886 0.5220034 0.1246245 0.6522348 0.5489732 0.5946131 0.2067735 0.4523992 0.4886686 0.5534591 0.1412890 0.5527992 0.1173483 0.5011778 0.3886480 0.0848382 0.3872031 0.5404056 0.3024106 0.0266902 0.4916846 0.2681567 0.5220790 0.6576188 0.3975564 0.6619062 0.3336627 0.5693632 0.4340831 0.7758855 0.6641279 0.4841126 0.6221674 0.1691318 0.0355999 0.2480953 -0.0770814 -0.0052114 0.2190401 0.1450218 0.0646772 0.4039341 0.0912133 0.2841119 0.5605388 0.3822610 0.2869196 0.3888231 0.1216933 0.2715392 0.2330645 0.1279277 -0.0040867 0.1903637 0.2490501 -0.0314350 -0.2254749 0.2826259 0.5791869 0.0824389 -0.1111536 -0.2471838 0.4529358 -0.2133682 0.3021628 -0.0114446 -0.1169410 -0.0380115 -0.3695804 -0.0666738 0.0101109 -0.2331930 -0.0734086 -0.1230639 -0.0861545 -0.1173297 0.2734944 -0.1550471 -0.0962169 -0.1335629 -0.0691584 0.5615367 0.1084456 -0.1253369 -0.0439576 0.2169892 0.0435403 0.0680510 -0.1397764 0.6303197 -0.0226535 -0.0927599 0.4341976 -0.4641806 0.2101621 -0.2651216 -0.5249562 0.0652504 0.0063360 0.3935284 0.0431498 -0.0103526 -0.1668717 -0.2689286 -0.4308383 0.0841158 -0.1856525 0.2141749 -0.1477333 0.2765748 -0.3169908 -0.1378985 -0.3743158 -0.1647199 -0.2499373 -0.4531784 0.3015811 -0.3067655 -0.2711606 0.1148758 -0.0474375 0.0573088 -0.4070877 -0.4896659 -0.0805766 -0.2050405 -0.1900370 -0.4883221 -0.3986951 -0.2662078 -0.3858333 -0.4282574 -0.5117072 -0.5695272 -0.6048647 -0.4776392 0.1680477 -0.0108158 -0.1335120 0.2124258 -0.5178492 -0.0456503 0.3724808 0.3656999 -0.2111626 0.1079039 -0.4479938 -0.4109250 -0.2572244 -0.4328507 -0.3982795 -0.3719620 -0.1208716 -0.2939076 -0.2506755 -0.1137381 0.4108079 0.2420876 -0.0862477 0.1270359 -0.3832486 -0.2647022 -0.1520644 -0.4564784 0.2027074 -0.4030016 -0.0585245 -0.3322735 -0.3876972 -0.2279841 0.0687891 0.0334258
-0.2504433 0.1730774 0.2704775 0.7498389 -0.2105435 0.8584022 0.8111089 0.5441087 0.5715777 0.5090783 0.3430448 0.0000000 -0.2790388 0.4965113 0.8175921 0.1440733 0.2482055 0.5037293 0.1109972 -0.3453673 0.4893763 -0.0645494 0.2577544 0.5577377 -0.0112946 0.1843435 0.2991355 0.5434707 0.8181230 0.5088717 -0.3694214 -0.1862918 0.3282476 0.5007116 0.2737420 0.5012927 -0.0566033 -0.0234803 0.6286293 0.7395287 -0.1786654 0.7722014 0.4080535 0.6541861 0.6814151 -0.0749296 0.1497838 -0.0982584 0.6059555 0.1681715 0.1307253 0.5049137 0.6519902 0.7351349 -0.0059645 0.0396572 -0.3468747 0.7553948 -0.0604124 0.1572378 0.7882550 0.4673789 0.3874685 0.8394178 0.7922207 -0.2699084 0.1725513 0.5776598 0.0576581 0.7068645 -0.0569374 0.7897294 0.4159431 0.7915612 -0.0018037 0.4868164 0.5906906 0.0589384 0.4273012 -0.0002154 -0.0053341 0.3215410 0.1944587 0.1563672 0.1904887 0.2973989 0.4063988 0.2449549 0.0306127 0.0148761 0.4808766 0.2632900 0.3225005 0.3921669 0.0657292 0.2350390 0.2321645 0.2408794 0.0622714 0.3510594 0.0531761 0.1657116 -0.0469149 0.3655162 0.4041626 0.2164321 0.1419683 -0.0322000 0.2685254 0.0982641 0.2302898 0.1041305 0.1889408 0.1576453 -0.1931256 0.1079026 0.1062278 -0.1206631 0.1153687 -0.2752663 -0.0104083 0.0156244 0.2806413 0.1655475 -0.3280860 -0.1770764 0.1411428 0.4186997 -0.0398309 -0.0233742 0.0557421 0.1388785 0.2267542 0.3461375 -0.0921546 0.2784611 0.0639284 -0.0728813 0.1297763 -0.2276297 0.1858865 -0.2630826 -0.6507469 -0.1108225 0.1208450 0.2277644 -0.2307120 -0.0491875 -0.2327250 -0.1924826 -0.2355885 0.0716789 -0.2894270 0.1550391 -0.1539466 -0.0466714 -0.5101667 0.0743848 -0.6271418 -0.2757240 0.0686723 -0.2652799 -0.0146422 -0.4787680 -0.0864360 0.2352586 0.1612663 0.0770537 -0.6351437 -0.3746796 0.1731187 -0.1473554 -0.3481764 -0.4080173 0.0890810 0.2331743 0.2434284 -0.1752607 -0.0479334 -0.2626899 -0.5945727 -0.4010499 0.0232925 -0.0764174 -0.2243887 0.7634890 -0.4361028 -0.1931379 0.4731101 0.4350718 -0.3288064 0.1469738 -0.3394092 -0.3654773 -0.3033844 -0.2846441 -0.2041975 -0.4104700 -0.1976355 -0.1136770 -0.2222892 0.2142790 0.4679296 0.6699125 0.1484640 -0.0403557 -0.2367201 -0.1446813 -0.3141921 -0.4450424 0.2148307 -0.0934046 -0.2740154 -0.3196091 -0.4080530 -0.4297486 -0.5077994 0.3242306
-0.1857374 -0.1725985 0.3534708 0.0079258 0.3201562 -0.0497383 -0.1337319 0.3007081 0.4094322 0.4341664 0.3672160 -0.2790388 0.0000000 0.4722605 0.0440439 0.5090209 0.5414213 0.0722273 0.5770057 0.1017429 -0.6511539 0.7934085 0.5326638 0.1151987 0.7010513 0.5391495 0.2937626 0.0793668 0.0073765 0.1307023 0.3940202 0.7226835 -0.0776216 0.0080009 0.4992181 -0.4475672 0.5958990 0.7354213 -0.0709607 -0.1489536 0.6470250 -0.3562819 0.1428224 -0.1529488 -0.0001608 0.6681426 0.4978155 0.8238074 -0.2253776 0.4460772 0.3590970 0.0096812 -0.0107425 -0.0905659 0.7344309 0.5635242 0.5652323 0.0220215 -0.1425801 0.1374680 -0.2016315 -0.1446037 0.3228502 -0.1070165 -0.2043293 0.5329047 0.1291406 0.0069083 0.5114865 0.0682086 0.5042905 0.0133314 0.0562853 -0.0354058 0.4641466 0.3200761 0.1641763 0.3986460 0.4268227 0.3429444 0.3151731 -0.1849850 -0.3354663 -0.4085736 -0.1226881 -0.0037069 -0.1594166 -0.2472192 0.2219951 0.0261590 0.3111650 0.0752075 0.2241676 0.1514005 0.1483956 0.0050902 -0.0028071 0.2162625 0.0555927 -0.0893532 0.0904307 0.0125199 -0.0342794 0.2309662 0.1218774 -0.1568983 0.1156024 -0.0746367 0.1701747 -0.1586712 0.0818448 0.0167285 -0.1743341 -0.1805844 -0.4139435 -0.2042207 -0.1272861 -0.4069792 -0.4006436 -0.3848038 -0.2549086 -0.0833774 0.0536730 -0.4606526 -0.1831530 -0.4093324 -0.1417788 0.0662399 -0.2132943 -0.2729188 -0.3324267 -0.0753784 -0.3908905 -0.3042769 0.1010887 -0.0199580 -0.3972293 -0.4383964 0.0283298 -0.6878448 -0.1577081 -0.4932429 0.1837503 -0.2738149 -0.4489029 -0.0263860 0.0139204 -0.0995164 -0.0218630 -0.2611509 -0.5318116 -0.4272865 -0.1037884 -0.1756796 -0.1632615 0.0594023 0.0767802 -0.3398600 0.2386497 -0.1719693 -0.0191152 -0.5707288 -0.1807991 0.0426559 -0.1515342 -0.5031073 -0.4937083 -0.2410073 0.0735150 -0.5750097 -0.2042520 -0.3270320 -0.2591545 -0.3924222 -0.4619046 -0.4745977 -0.5123344 -0.2302844 -0.5694724 -0.5411422 -0.0480638 -0.2685892 -0.0971511 -0.0612377 -0.1650127 -0.4070443 -0.3841707 0.2622084 0.0159529 -0.1393273 -0.3832310 0.0005513 -0.1701425 -0.3444435 -0.4603007 -0.5089572 -0.5226029 -0.0220491 0.1558168 -0.5829234 0.0182975 -0.4546271 -0.1542732 -0.4136114 -0.0541565 0.3263391 -0.4484707 -0.0361100 0.2571862 0.0087917 -0.3128631 -0.4964578 0.3750020 0.0557535 -0.2954048 0.3801686 0.5554524 0.0411442
-0.3305462 -0.0375487 0.1280421 0.6271064 -0.1358614 0.6582013 0.4491073 0.7472484 0.8632783 0.7962870 0.6668874 0.4965113 0.4722605 0.0000000 0.7597854 0.5359327 0.7606974 0.4862621 0.5293218 -0.2675399 -0.2847347 0.6418611 0.7163946 0.5342992 0.6589557 0.6243398 0.6033355 0.5611979 0.5707929 0.6677377 -0.0903545 0.5172493 0.1625100 0.3417545 0.7373987 -0.2340783 0.3753155 0.6243592 0.7626313 0.7163969 0.4412448 0.1901158 0.6783609 0.5208315 0.4773452 0.4756724 0.5620599 0.6231198 0.4292013 0.5525626 0.4923073 0.7066058 0.5257336 0.7485313 0.5981421 0.4431527 0.0625047 0.8235478 -0.4663130 0.3675489 0.4124357 0.4218955 0.4843998 0.7118318 0.4931363 0.1122215 0.4312377 0.5568675 0.4714460 0.7779433 0.2996593 0.7297328 0.5648901 0.6910547 0.4953279 0.8092150 0.6930471 0.3793363 0.7904290 0.2925247 0.1889149 0.3286940 -0.1150817 -0.1447715 0.2903362 0.1278219 0.2963170 0.2363758 0.1306208 0.1724873 0.7264147 0.4214181 0.3175538 0.2965138 0.3558281 0.2433259 0.3928044 0.1444470 0.0770668 0.3135839 0.1285216 0.0284716 -0.2505643 0.4042456 0.5115726 0.1033689 -0.0044295 -0.1933764 0.3265941 -0.1335730 0.5067389 0.0037022 0.0162901 -0.0930108 -0.4749698 -0.1731456 -0.1437882 -0.4142945 -0.3560860 -0.5833316 -0.2733369 -0.2330740 0.2667410 -0.1393030 -0.5623335 -0.5945969 -0.1821844 0.2876489 -0.3652367 -0.2150290 -0.2131284 -0.0907824 -0.1326949 0.0190056 -0.2504723 0.2707167 -0.1687519 -0.4494763 -0.0104072 -0.6829452 0.1331870 -0.5915860 -0.3146137 -0.1962829 -0.1005904 0.1921790 -0.0968190 0.0009148 -0.1105321 -0.3369542 -0.4947894 -0.1482636 -0.1642528 0.1985926 -0.1664313 0.1026117 -0.1584074 -0.0878711 -0.2085075 -0.1295460 -0.0894364 -0.5165617 0.0157317 -0.1499913 -0.0901252 -0.1215537 -0.0331673 0.2014361 -0.2492087 -0.6076748 0.1737059 -0.0846307 -0.2678093 -0.5033391 -0.3549450 -0.3234449 -0.3316275 -0.3377241 -0.6135311 -0.7095950 -0.5378996 -0.6564258 -0.2637863 -0.3269892 -0.5651942 0.3049547 -0.6348033 0.1130619 0.4965376 0.4095561 -0.5713456 0.2138253 -0.3465146 -0.4994949 -0.6437044 -0.5799937 -0.4320478 -0.2737138 -0.0765871 -0.6187243 -0.0968315 0.0513851 0.4111403 0.3068466 -0.1455788 0.0791587 -0.6559527 -0.2901446 -0.0271737 -0.2857160 -0.0498900 -0.3824224 -0.0294958 -0.3566009 -0.6290922 -0.0686686 0.1635069 0.4273647
-0.2887866 0.0279074 0.1354052 0.7827319 -0.3268924 0.8965719 0.7265854 0.7405951 0.8946047 0.8003070 0.5645988 0.8175921 0.0440439 0.7597854 0.0000000 0.2825888 0.4600245 0.5351435 0.2291586 -0.4792502 -0.0228441 0.1440573 0.5243569 0.6608222 0.1820060 0.3152022 0.4093617 0.6721073 0.8030090 0.6725165 -0.5290852 -0.0094271 0.2594754 0.4449657 0.4878357 0.0680883 0.0292989 0.2227756 0.6728922 0.8022960 0.0136746 0.5730672 0.5355447 0.6508699 0.6416383 0.0901305 0.2744030 0.1309184 0.5578188 0.4282457 0.2646204 0.6417115 0.6271812 0.8412482 0.2361105 0.1531686 -0.2914834 0.8465913 -0.1551461 0.2290147 0.6805046 0.5175644 0.4857153 0.8555124 0.7014508 -0.2159752 0.3297092 0.7255731 0.1947636 0.8285832 0.0917896 0.8422962 0.5890064 0.8153012 0.1698318 0.6963288 0.6531377 0.1740976 0.5642839 -0.0989321 0.0439730 0.4955770 0.1633165 0.1867820 0.3368852 0.1290270 0.2503749 0.3797275 0.0464293 0.1652859 0.5743580 0.3570890 0.1173211 0.4049283 0.3736918 0.0402277 0.0562664 -0.0211989 0.2238839 0.3973730 0.0754702 -0.0508216 -0.1755180 0.4769460 0.2806203 -0.0124625 -0.0844007 -0.0124287 0.2037183 0.0218192 0.3216459 -0.0267355 -0.0517747 -0.1306548 -0.4652874 -0.2924375 -0.2523985 -0.3825223 -0.2602973 -0.4762038 -0.3301107 -0.3378650 0.3140581 -0.0056429 -0.5636191 -0.3965246 -0.1845333 0.3391521 -0.2140414 -0.1518941 -0.0704677 0.2571256 0.0042457 0.2451387 -0.1046883 0.4379697 0.0383285 -0.1949619 0.0582258 -0.4458183 0.2169021 -0.3816975 -0.4527047 -0.1540293 0.1231328 0.3465201 -0.1979938 0.0108865 -0.3238601 -0.1596561 -0.2128129 -0.0085238 -0.2324922 0.1569786 -0.1903601 0.1632173 -0.1978598 0.0094025 -0.3395839 -0.0298115 -0.0373383 -0.3171902 0.1398956 -0.1709525 -0.1101084 0.1721040 -0.0681629 0.0078892 -0.4246110 -0.4679602 0.1034341 -0.2052200 -0.4348453 -0.5716042 -0.2123010 -0.2591797 -0.2924677 -0.5615390 -0.5031306 -0.5458923 -0.6570523 -0.6095264 -0.1590152 -0.2519751 -0.3980340 0.5171609 -0.6074840 -0.0865618 0.4307465 0.3598015 -0.3983165 0.0027648 -0.5965395 -0.3278921 -0.4619619 -0.3948870 -0.3977176 -0.5641471 -0.3783683 -0.3438440 -0.4544234 0.1273344 0.5405298 0.5510217 -0.0294687 0.0320387 -0.4736399 -0.3712539 -0.3866926 -0.5332261 0.1563865 -0.3944340 -0.2594769 -0.3554831 -0.6211010 -0.3718319 -0.1617940 0.3868242
-0.1095854 -0.1867648 0.2747821 0.3727235 0.1390626 0.2008528 0.0426371 0.4865210 0.4773767 0.6469009 0.8723435 0.1440733 0.5090209 0.5359327 0.2825888 0.0000000 0.7299485 0.1200185 0.8872481 0.0974321 -0.3441905 0.6480218 0.7994601 -0.0044095 0.7757494 0.8399204 0.2391253 0.0351185 0.0301682 0.0383598 0.1438461 0.5133210 -0.2225043 -0.0887411 0.7287473 -0.1826785 0.5430175 0.6020894 0.1757738 0.1633722 0.5383664 -0.0851776 0.5458369 -0.0173383 0.0609243 0.7563949 0.7451134 0.6136612 -0.0524565 0.5121557 0.4425603 0.3723493 0.0396772 0.1690065 0.4944987 0.5633733 0.2586494 0.2986754 0.2229550 0.3130829 0.1613098 -0.1629711 0.2717556 0.2749011 0.0755647 0.0931129 0.2503958 0.0821609 0.4387317 0.4170975 0.3349332 0.3551592 0.1160845 0.2888487 0.3454309 0.5666549 0.5064781 0.3796383 0.4692117 0.2475673 0.0004551 -0.1010061 -0.2445958 -0.2110456 -0.0714344 0.1204879 0.0855952 0.1307025 0.1146972 0.1248236 0.4371973 0.3685109 0.3526166 0.3475429 -0.0865913 0.3784750 0.3338140 0.2332965 -0.1424100 -0.0607242 0.1692139 -0.0373645 -0.2684951 0.1312870 0.6362337 0.1898868 -0.0707500 -0.3422138 0.4343196 -0.3081419 0.2090242 -0.0392950 -0.2266201 -0.0344164 -0.4112585 0.0279301 0.1079284 -0.2995253 -0.0294056 -0.1390584 -0.0963234 0.0079359 0.1448907 -0.4034451 -0.0074415 -0.0745929 0.0086788 0.5709382 0.1656001 -0.2643560 -0.2376384 0.1963509 -0.0212431 -0.1387683 -0.0162856 0.5333428 -0.2166255 -0.0908166 0.3646622 -0.5013615 0.1278320 -0.2451891 -0.3530959 0.1302174 -0.1625361 0.3331817 0.0198322 -0.0996549 -0.0796309 -0.2484343 -0.4831334 0.0268152 -0.2865134 0.1898288 -0.2293660 0.2820769 -0.2525296 -0.2309860 -0.2714711 -0.2762816 -0.2751885 -0.4481442 0.2650755 -0.2785049 -0.3196231 -0.0344160 -0.0383063 0.0928146 -0.2590407 -0.4496173 -0.1561344 -0.1859086 -0.1422291 -0.4556990 -0.4035340 -0.1463231 -0.2576572 -0.1896306 -0.4045772 -0.4801648 -0.3843674 -0.3519298 0.2173735 0.0858036 0.0787697 0.0474353 -0.3641044 0.0738213 0.2142994 0.1339082 -0.2043984 0.0902411 -0.2651771 -0.4557884 -0.2189819 -0.4753484 -0.4676084 -0.3262305 -0.0112151 -0.3241814 0.0126358 -0.0389126 0.4143776 0.1547079 0.0365381 0.1990695 -0.3086538 0.0096590 0.1579987 -0.1117367 0.2966080 -0.4147049 0.0544589 -0.2546166 -0.2219322 0.0782645 0.0943260 0.0174543
-0.2679212 -0.0223005 0.1878879 0.5881469 0.2492490 0.4570638 0.2397115 0.6103910 0.5980319 0.6578743 0.8334152 0.2482055 0.5414213 0.7606974 0.4600245 0.7299485 0.0000000 0.2559323 0.5768396 0.0551567 -0.3365724 0.7574445 0.8987005 0.1894122 0.7375157 0.8290196 0.5910017 0.2669875 0.2479801 0.4474904 0.1226125 0.6384949 -0.0227686 0.1124436 0.9189494 -0.0784307 0.5848742 0.6569309 0.3650615 0.2779740 0.4907850 0.2079085 0.6220041 0.1491545 0.3164538 0.6508817 0.7348084 0.6506907 0.1672939 0.5877325 0.5882172 0.4708428 0.3500744 0.3968276 0.5377042 0.5834014 0.2590716 0.5571440 -0.1812719 0.4533355 0.3958250 0.1237717 0.3279882 0.4871453 0.3419689 0.2394934 0.4258374 0.2424812 0.5484914 0.5636268 0.4862855 0.5882646 0.2653758 0.5502760 0.5754933 0.7487010 0.5627302 0.5289501 0.6991827 0.3306751 0.1252407 0.2619228 0.0205529 0.0326866 0.3904120 0.3110988 0.2194621 0.3314014 0.2646006 0.3706919 0.7206862 0.4602521 0.4183779 0.2229602 0.2111247 0.4031777 0.4709343 0.2970641 0.0841524 0.1738937 0.4826642 0.1674201 -0.0136822 0.3375215 0.6694794 0.2118489 0.1747765 -0.0647170 0.4742741 0.0012790 0.5134405 0.1274945 0.1957377 0.0568078 -0.2000868 0.1041313 0.1320914 -0.0791532 -0.0453232 -0.1082672 0.0850026 0.0090060 0.2674353 -0.0442886 -0.0123113 -0.2694602 0.0295985 0.4313499 -0.0210568 0.0290134 0.0951939 0.0970372 0.0139402 0.0281595 -0.0215341 0.4079976 0.0083625 -0.2723921 0.3265360 -0.5598542 0.2731761 -0.4755386 -0.3495097 -0.2588875 0.0124994 0.2428120 0.0665532 0.0333192 0.0631788 -0.4448845 -0.5784212 -0.0474027 -0.0549923 0.2728252 -0.0432700 0.0668351 -0.3256778 -0.0409236 -0.3341615 -0.1047908 -0.1360468 -0.5328117 0.0906027 -0.2750634 -0.1036505 -0.0213527 0.0206929 0.1903673 -0.2867551 -0.5065577 0.0959969 -0.0230333 -0.1791748 -0.3926438 -0.2956767 -0.2719422 -0.3350794 -0.3349199 -0.4753269 -0.5028643 -0.5340548 -0.3398732 0.2032268 0.0135544 -0.3445082 0.2475721 -0.5201820 0.0562220 0.3499156 0.3298553 -0.2686575 0.1352069 -0.4021158 -0.3826827 -0.3499514 -0.4264800 -0.3589345 -0.2160349 -0.0003943 -0.3723016 -0.1380511 -0.2075391 0.0735724 -0.0065312 0.0188571 0.1024850 -0.4163305 -0.3134222 0.0237348 -0.4357336 -0.1082636 -0.4748588 0.0652971 -0.3038381 -0.3597660 -0.1749002 0.2827102 0.0787121
