0.0000000 0.3735485 -0.0845163 -0.3138137 0.0057664 -0.7238127 -0.5949452 -0.3946194 0.0449799 0.4359173 0.0697466 -0.2550343 -0.0736086 0.5362578 0.1233142 -0.0227211 0.2460333 0.2238296 0.2233894 -0.4006284 -0.1308251 -0.0697979 -0.2712990 0.0450197 0.4362511 0.2312934 0.0331411 0.6646488 -0.2809342 0.5795170 -0.4210955 0.1943020 0.1672574 0.3650366 0.2995405 0.0676981 0.5279667 -0.1552425 0.2767831 -0.1072399 -0.2868030 0.1344180 -0.0841242 0.5342260 0.3173956 0.0957072 0.1397114 -0.4137867 0.2449240 -0.5485802 0.1529699 0.2108328 0.3485637 0.4234260 -0.6063708 -0.0588565 0.5549369 0.4368016 0.3576990 0.1919645 0.1892368 0.1936091 -0.4089933 0.4935947 0.2912775 0.2125230 -0.0375235 0.1199948 -0.3525960 0.2806447 0.1573993 0.0608690 0.0631772 0.2407395 -0.1118798 0.3355517 0.0917551 -0.1086803 0.1289527 0.2916757 0.0143517 0.1560986 -0.1086526 -0.0116003 -0.3134309 -0.3959009 0.0634555 -0.2837479 -0.1469927 -0.4448682 0.3798900 -0.0187420 -0.2219101 -0.2991094 0.4496648 0.0365629 -0.1116563 0.1819460 0.2131099 -0.2281562 -0.2712002 0.3478484 0.2553208 -0.0546669 0.0636579 0.0513605 0.3580153 0.2104963 0.2288738 0.4306165 0.0592314 0.4178521 -0.1360789 -0.4341397 0.3956142 0.0231425 -0.2266450 0.1912412 -0.2839404 -0.0284613 -0.6367612 -0.5003576 0.0066040 -0.7190586 0.0588348 0.2858289 -0.2366365 -0.1205081 0.1924507 -0.2283421 0.0650211 -0.3607125 0.2191095 -0.1733159 -0.3265671 -0.1022313 0.1726352 0.0733591 0.1155029 -0.3450207 -0.0325193 -0.4079524 -0.1634990 -0.0158927 0.3345061 -0.0206771 -0.1960419 -0.2516282 -0.2181507 -0.4785447 -0.4051051 -0.0101002 -0.1118481 -0.2431111 -0.2343457 -0.1148609 -0.3407655 -0.3972150 -0.2579976 -0.3010062 -0.5880111 -0.4774793 0.0950172 -0.2465605 -0.6228796 -0.3471389 -0.4478927 -0.6770809 -0.6213164 -0.4117349 -0.7262068 -0.7126870 -0.0383975 0.0036148 -0.0207073 0.0382080 -0.1538613 -0.4303605 0.0233196 -0.0099710 -0.4975197 0.0156541 0.0695817 -0.0072515 0.1835051 0.1347454 0.4231816 0.5808501 0.3591012 0.3819805 0.1399572 -0.2821768 -0.2262885 0.0228977 -0.0076182 0.0492752 0.2344763 0.0253112 0.0245094 0.5128858 0.4437481 0.4118668 0.3688458 0.2689815 -0.3149745 -0.1054774 0.2837112 -0.0312591 0.0309568 0.2573728 0.1924121 -0.3277088 -0.6307371 0.0318213 -0.0741505 0.0367344 0.2076917 0.0751010
0.3735485 0.0000000 -0.1261071 0.3065863 0.1475995 0.1885775 0.2510681 -0.0731864 0.8687943 0.6036718 0.1159803 0.5471674 -0.1432197 0.6724272 0.3953451 -0.1637853 0.0508110 0.5078733 -0.4138614 0.0276282 0.4142062 0.0651819 0.1099411 0.0341007 0.1628324 0.2978466 -0.1974916 0.4899383 0.4586907 0.5043184 0.0379718 0.2582087 0.2367712 0.2723790 0.2615028 0.4829113 0.5556962 -0.1747181 0.7179401 0.0348516 -0.2561735 0.2448075 -0.0242287 0.6327790 0.5723050 0.3087097 0.4171627 -0.2627285 0.4225907 -0.5218480 0.2395118 0.0582621 0.5078057 -0.0304590 -0.5150849 0.1564821 0.3380036 0.3109859 0.4564409 -0.1703277 0.4880094 -0.0264383 -0.4115256 0.5398172 0.5598725 -0.2938359 -0.6401760 -0.2059607 -0.3166090 -0.0692540 -0.3920892 0.6986181 -0.5718317 0.5600725 -0.5547884 -0.0892439 -0.2726533 -0.6749994 -0.1738412 0.2626992 -0.3330550 -0.3384370 -0.2835132 -0.2717745 -0.2987881 -0.4517211 -0.5510573 0.1816943 -0.5641874 -0.6515020 0.0823840 -0.1124077 0.0317773 -0.0302153 0.4417404 -0.0185936 -0.0539926 0.1278345 0.0824630 -0.5726942 -0.3074566 0.2921902 -0.3762001 -0.0205302 0.0979512 0.2476911 -0.1169151 -0.1449945 -0.0061779 0.0546121 0.0761086 -0.2053169 -0.5933397 -0.6792031 0.1997856 -0.5035302 -0.5427046 -0.2457588 -0.5490455 -0.1611530 -0.5120554 -0.7368617 0.3810789 -0.8369478 -0.1060447 0.4300422 -0.2464556 0.2785026 0.2249839 -0.0703822 0.1058696 -0.3121219 0.0253079 -0.2259248 -0.2361727 0.0220578 0.2464625 0.2382840 0.2461201 0.1964013 -0.1363711 -0.3235755 0.2886865 -0.2479172 0.2785679 -0.0725408 0.1077692 0.0316928 0.1273287 -0.2648670 -0.2537257 0.0141013 0.1108350 -0.0268625 -0.1220766 0.0539850 -0.1086795 -0.0443274 0.1866932 -0.3523586 -0.1399622 -0.2523384 0.2182612 -0.3237187 -0.2838822 0.1193736 -0.2674673 -0.3728685 -0.3240950 -0.2085307 -0.2073158 -0.2490041 -0.3520866 0.1359871 0.6642391 0.7018181 0.5532546 0.0131918 0.2374577 -0.4912688 -0.5168643 0.0892287 0.4399983 0.5168667 0.1815186 0.8460335 0.4563429 0.3254509 0.0112596 -0.3906432 0.3610111 -0.0141872 0.1730248 0.0628732 0.4687217 0.0496808 0.3672626 0.1209237 0.1750777 0.1537694 0.4699787 0.1293057 0.0773664 0.3657569 0.7191048 -0.0896602 0.6697711 0.0254509 0.0159209 0.1046493 0.1281002 0.2670685 0.2277033 0.1575451 0.3306687 0.1696851 0.1645997 0.4156259
-0.0845163 -0.1261071 0.0000000 -0.6392294 0.7476316 0.0520309 0.0129179 0.4546701 -0.3341568 -0.8086976 -0.5474910 -0.1316946 0.6225957 -0.6682114 -0.4314601 -0.3950116 -0.8442072 -0.5234051 -0.0226992 0.6663028 0.2732482 0.4235585 -0.4305349 -0.2462525 0.1294448 0.2999320 -0.6948263 -0.3343837 -0.1563583 -0.4453952 0.5632811 0.4839611 -0.8794382 -0.8226025 0.2199718 -0.4210335 -0.1310079 0.3933960 -0.4126989 0.2997095 0.4306983 -0.3883868 -0.2564776 -0.4700812 -0.2798919 0.1394343 0.0675274 0.6084160 -0.5077441 0.4972195 0.2127817 0.0462659 -0.3683741 -0.0037734 0.7194686 0.2840442 -0.1175790 -0.0916215 -0.1441061 0.2479642 -0.0771379 0.3465128 0.6324773 -0.2122864 -0.5835731 0.2167252 0.4843356 0.2069681 0.6096931 0.5889593 0.0021992 0.1176340 0.3208404 0.4765982 0.5320813 0.4188660 0.9514344 0.2639506 0.1365527 0.0023289 0.4621267 0.3281418 0.2280965 0.4102006 0.4224633 0.3287020 0.4269142 -0.5053190 0.1042816 -0.5191621 0.3153237 -0.2692352 -0.5455388 -0.1468602 -0.2376837 -0.2393817 0.1216468 -0.6347940 -0.1623756 -0.1040739 -0.0309786 -0.4228053 -0.3884147 0.0649476 -0.0191532 -0.2850323 -0.4939572 -0.2768962 -0.0182024 -0.2567284 0.0641619 -0.5288711 0.1116275 0.0976984 -0.1600284 -0.4943323 -0.1057427 -0.5758202 -0.1306451 -0.5176276 0.2948284 -0.0852137 -0.0327490 0.1838957 -0.3883912 -0.5557205 -0.1199023 0.0670411 -0.3501206 -0.4242992 -0.3463385 -0.0153488 -0.4521694 -0.2514410 0.1798577 0.1959238 -0.2083075 -0.1354552 0.0759783 0.0834023 0.3185457 0.5206284 0.2109191 0.0738046 -0.2084019 0.4355383 0.6278948 0.3997329 0.2118201 0.6604783 0.3688138 -0.2785361 0.4164679 0.4001800 0.1751141 0.0723194 0.6372120 0.0889187 0.1903129 0.5590253 0.1282483 0.8419680 0.0356097 0.5773790 0.4274291 0.0196015 0.3124028 0.5181289 0.5410379 0.7555161 0.4017871 0.4142588 -0.3824158 0.1161018 0.0035959 0.1371681 0.2781069 0.3349338 0.2179660 0.4001813 0.5759179 0.2301578 -0.5509128 -0.1888717 0.2508748 -0.2884321 0.0207958 -0.1784321 0.5956587 0.4296602 -0.6100382 0.4169266 0.0574725 -0.2676279 -0.5302013 -0.1293929 -0.2919678 0.0436646 0.3669748 -0.5316297 0.2869223 -0.1833715 -0.0207398 -0.1040399 -0.1564531 0.3261473 -0.4601057 -0.5712468 0.4549813 0.1008236 -0.0319993 0.1282639 0.2904185 -0.1848164 0.0316439 0.0830518 -0.4321157 -0.5937985
-0.3138137 0.3065863 -0.6392294 0.0000000 -0.3057267 0.4049859 0.2689989 0.2026583 0.4446773 0.6166430 0.7426980 0.4544054 -0.1967955 0.5073293 0.6834609 0.4473121 0.6446163 0.6075372 -0.0298386 -0.2733639 0.1347241 -0.1940430 0.7191849 0.3791304 -0.1658005 -0.2313496 0.5333242 -0.0317152 0.7345393 0.0453524 -0.1178638 -0.4556137 0.6547849 0.6709678 -0.0349939 0.5095840 0.0964046 -0.1630389 0.3442566 -0.5678565 -0.3486606 0.3826974 0.4882276 0.0603429 0.5102764 -0.0205886 0.0337775 -0.3163256 0.6686464 -0.1224516 -0.0535648 -0.1745137 0.6271071 0.1624067 -0.3355585 0.1496319 -0.0254095 0.4146863 0.0910360 0.0218453 0.0858728 0.0164041 -0.1437413 0.4357606 0.7150219 -0.2511099 -0.4088290 0.2026390 0.0279904 -0.2054007 -0.1676706 0.1305691 -0.1098463 -0.0284610 -0.2508505 -0.0750072 -0.7421598 -0.1267787 0.1636314 0.2925284 -0.1330906 -0.5536652 -0.5931070 -0.6523603 -0.3564312 -0.3296693 -0.8331851 0.4040627 -0.2279543 0.2986849 -0.5175666 -0.1964324 0.4292527 0.1523940 0.1280464 -0.1961598 -0.4600541 0.6912844 -0.0499408 0.0239466 -0.2766992 0.5986281 0.1314859 -0.3611392 -0.2196159 0.2182501 0.3493531 -0.0135818 0.1279660 -0.0357521 0.2626802 0.1965931 -0.3867187 -0.2564602 -0.0190132 0.1050255 -0.2521582 0.1207134 -0.1237138 0.4721969 -0.1925708 -0.1128374 -0.1899310 -0.0995021 0.5885881 0.6463029 0.0243329 -0.1751888 0.6154385 0.3151216 0.5648012 -0.0937603 0.1734828 0.4906773 -0.2026632 -0.4749358 0.4119306 0.6093003 0.1982629 0.3415717 -0.5304098 -0.0691652 -0.1108562 -0.5264451 0.3996661 -0.7334412 -0.3637756 -0.4442693 -0.1662973 -0.4433647 -0.1610720 0.2174170 -0.0515194 -0.4424264 -0.4056654 -0.3844744 -0.5935439 -0.0471976 -0.2081364 -0.5284594 -0.1657733 -0.5111515 -0.4852811 -0.7449987 -0.3768291 -0.0619628 -0.4560705 -0.3783901 -0.4539071 -0.5719893 -0.2285388 -0.2895802 -0.2447778 -0.3308868 0.2716678 0.2425653 0.0975495 0.0799821 -0.0429893 -0.3394910 -0.2603301 0.0187855 0.6229534 0.6732850 -0.3887808 0.5748975 -0.1711234 0.3030398 -0.6445257 -0.7525946 0.7086241 -0.0648349 0.1893601 0.1465786 0.7346136 -0.1172290 0.3205126 -0.0112411 0.0041416 0.2939279 -0.3939956 -0.2163539 -0.3882413 0.0769342 0.5485546 -0.3369737 0.6033922 0.2298445 -0.5881680 -0.1548599 -0.1745693 0.3766618 0.1465081 0.4647000 0.1966308 -0.4603798 0.6023779 0.8189494
0.0057664 0.1475995 0.7476316 -0.3057267 0.0000000 0.2035173 0.1317641 0.6892731 -0.0252052 -0.5442535 -0.2205787 -0.2668090 0.6195264 -0.5066262 -0.2982436 -0.0996417 -0.7032348 -0.3764030 0.2671513 0.5986382 0.0980525 0.4353879 0.0016998 -0.3138792 0.4166466 0.6937462 -0.7667447 -0.4611825 0.0970875 -0.5912087 0.5136314 0.5840767 -0.7304959 -0.5414093 0.6783390 -0.3449101 0.2348064 0.3160900 -0.1453703 0.2277148 0.2483725 -0.1173836 0.2793912 -0.0957116 0.0841055 0.2535841 0.3820512 0.4448287 -0.0987045 0.2365028 0.5613202 0.4316966 -0.0889326 0.3146489 0.3747419 0.4511550 0.2513368 0.2957459 0.2321174 0.5016442 0.1251316 0.6327899 0.4813175 0.0404716 -0.2095652 0.3876283 0.3886459 0.4019593 0.5919961 0.5889604 0.0425095 0.3396094 0.3052454 0.6940632 0.4392435 0.4476243 0.6757121 -0.0317450 0.1471868 0.0527647 0.2376303 -0.1620822 -0.3257713 -0.0742381 0.1338126 0.0292359 0.2134247 -0.3697221 0.0279208 -0.7001323 0.5164174 -0.2876321 -0.1069051 -0.1372539 -0.0741149 -0.1866043 0.2300179 -0.1611352 -0.0961001 -0.1992408 -0.0193273 0.0231089 -0.3806680 -0.0307511 0.2932793 -0.2569357 -0.2156412 -0.3225201 0.1197815 -0.2307375 0.5497986 -0.4897448 -0.0104910 -0.0787622 -0.1633067 -0.5502866 -0.2506621 -0.8017181 -0.4082718 -0.5518677 0.2822168 -0.1937516 0.2598934 -0.1070053 -0.2403916 -0.3338065 0.1339332 0.3420357 -0.1973885 -0.1154094 -0.0083445 -0.0141755 -0.0519137 -0.0671153 -0.0238162 0.1488576 0.2258841 0.1295435 0.4147282 -0.1177743 0.1612634 0.4526046 0.3328865 -0.0067392 0.1894416 0.1817369 0.7790909 0.5129520 0.2512544 0.3999859 0.0389470 -0.0043803 0.7944142 0.2330000 0.2483732 -0.0248692 0.4659317 0.2235596 0.2559664 0.2376223 0.1288616 0.6423890 -0.0285904 0.3493817 0.3198961 -0.0277431 0.0622740 0.1670791 0.3285850 0.5840019 0.2469724 0.2196270 -0.6383414 -0.2125720 0.1080733 0.0696119 0.1081230 -0.0750146 -0.2221629 0.0559224 0.1446370 0.0560102 0.0073744 0.3890177 0.2427449 0.1598793 0.1595228 0.0541060 0.3567756 0.0844527 -0.5134040 0.0153245 -0.2436170 -0.6795236 -0.5134571 -0.4843705 -0.3549319 -0.3026228 0.2748294 -0.4555898 -0.0569806 -0.3467592 -0.4864445 -0.4470140 0.1984356 0.0115473 -0.2506620 -0.8483556 0.0013999 -0.1246927 -0.4993418 -0.1467274 0.3814050 -0.3289845 0.0373403 0.0370798 -0.1596773 -0.3416326
-0.7238127 0.1885775 0.0520309 0.4049859 0.2035173 0.0000000 0.5554784 0.3267903 0.5322514 -0.1055392 0.0877551 0.5277635 -0.0983825 -0.2102077 0.0684950 0.1812518 -0.2575585 -0.1277977 -0.2296500 0.1979475 0.2970286 -0.0923314 0.4417478 -0.0699358 -0.2839790 0.2259044 -0.1429137 -0.5016184 0.5897822 -0.4571091 0.2094427 0.1316103 0.0411088 -0.2035901 0.1614040 0.2823704 -0.0294259 -0.0582368 0.0133693 0.3344130 0.1619208 0.2183202 0.2697900 -0.0015644 -0.0513066 0.0450361 0.3054593 0.3089996 0.1963559 0.1227255 0.1523163 0.0789523 -0.0511033 -0.2675328 0.1757285 0.1653784 -0.1469489 -0.2278409 -0.1644988 -0.0511853 -0.0192994 -0.0862902 0.0913038 -0.0550444 0.0079018 0.0222445 -0.2886243 -0.2005734 0.2066457 -0.3348152 -0.3171675 0.5192065 -0.2981755 0.0605019 -0.1487386 -0.2911021 -0.2192953 -0.2184814 -0.1596226 -0.1726702 -0.2695563 -0.2588930 0.0379445 0.0836239 0.4296765 0.3398358 -0.1805915 0.2586337 0.0573966 0.0392288 0.0512843 -0.0337804 0.1023857 0.0567215 -0.2936739 0.0035730 0.1039088 -0.0706867 -0.3540193 -0.0886418 -0.0733378 -0.1301462 -0.2709316 -0.1592923 0.3624083 -0.0216851 -0.2688304 -0.0009158 0.0063523 -0.0357228 0.0807969 -0.3976552 0.0341179 0.2825947 0.0896648 -0.4175969 -0.0362704 -0.4881736 -0.1785924 -0.2241535 0.4559316 0.1517309 0.3466194 0.1804150 -0.1542056 -0.2029053 0.2752211 0.4812301 -0.0864205 0.2297204 0.0906341 0.3909280 0.0530369 -0.1333919 0.5246072 0.2933209 0.1206973 -0.0258730 0.2530456 0.0801623 0.2354625 -0.0354957 0.6870759 -0.3042177 -0.0897064 0.1056934 0.4712690 0.4292338 0.6176739 0.4369557 -0.0504036 -0.0379308 0.4439048 0.4935814 0.4483654 0.2692594 0.4778210 0.5104865 0.6539791 -0.0734274 0.7010598 0.2823349 0.1356792 0.1207510 0.5661858 0.4561988 0.4428415 0.5386824 0.4884401 0.3491464 0.6129823 0.5643936 -0.0755943 0.0613462 0.3586849 0.1518128 0.2520479 0.2050714 -0.0847733 -0.0197810 0.1930702 0.2213237 0.4316289 0.3180996 -0.1154283 0.2147496 -0.2330021 -0.5034107 -0.5028432 -0.6002647 -0.1557847 -0.0059878 0.0281761 -0.3164075 0.0063888 -0.2760591 -0.4090377 -0.2896959 -0.0092276 -0.7002731 -0.3094662 -0.1726983 -0.3373427 -0.4033751 0.6565639 -0.0597511 -0.0196606 -0.1765745 0.0860274 -0.0709842 -0.2047927 0.2263394 0.6900365 -0.1671375 0.5494284 0.0935531 -0.1652491 0.0403496
-0.5949452 0.2510681 0.0129179 0.2689989 0.1317641 0.5554784 0.0000000 0.1656129 0.4377528 -0.1324670 -0.3471653 0.4389429 -0.0936439 -0.1991986 -0.0970955 -0.4333098 -0.4016123 -0.0070913 -0.4926872 0.6588574 0.1279597 0.1307681 -0.0847523 -0.1541993 -0.2216762 0.0135882 -0.4700455 -0.3131418 0.1832045 -0.1859225 0.5341804 -0.0433207 -0.2158084 -0.3429395 -0.1218017 -0.0416270 -0.2900666 -0.0094201 0.1020327 0.2745024 0.1301310 -0.0248048 -0.1774899 -0.0694410 0.0137264 0.0341362 -0.0565556 0.0847503 -0.3281919 -0.0234559 -0.0073800 -0.2538661 -0.2759034 -0.6265498 0.2120319 -0.1382592 -0.4203241 -0.3961871 -0.0987474 -0.4304761 0.0214483 -0.4359116 0.2546296 -0.3664300 0.0447688 -0.5100572 -0.3745027 -0.4156948 -0.0685653 -0.3053754 -0.2657779 0.2315258 -0.5099466 0.0310542 -0.3314136 -0.5405257 -0.2245096 -0.4309563 -0.3588870 -0.2096326 -0.2800835 -0.6613389 -0.0343811 -0.2360223 -0.0282701 -0.0846715 -0.3362564 0.3962859 -0.4049123 -0.0263361 -0.1952232 0.1128845 0.5743080 0.2126640 -0.1808359 0.0839628 0.3203176 -0.1132777 -0.1107516 0.0117651 0.2840186 -0.1682318 -0.5353552 0.2123312 0.1134273 0.0500572 -0.4158025 -0.4511829 -0.2468321 -0.5363978 -0.0389347 -0.5600582 -0.0726101 0.0276041 -0.5502371 -0.0835876 0.0535763 -0.1043322 0.1178711 0.0947381 0.4700837 0.1712456 0.4375191 0.2442513 -0.1637135 0.1233597 0.2124905 0.5066737 -0.1095482 0.4190450 -0.0035681 0.2259470 -0.0487711 0.2298228 0.0236282 0.4029284 0.0936247 0.0290470 0.0892634 0.3759308 0.1150108 0.3036621 0.1752272 0.3717942 -0.0235986 0.2771708 0.4219788 0.5183957 0.2688026 0.3076411 0.2548014 0.4558448 0.2410366 0.2900489 0.3242103 0.4728339 0.3073105 0.6504535 0.3809537 0.0975938 0.5661151 0.3782399 0.3684560 0.1698082 0.5411071 0.7162973 0.3924579 0.4222771 0.4684292 0.3094617 0.7269946 0.6455561 0.0118618 -0.0271061 0.1380234 0.2194900 0.3357139 0.1496064 -0.1358163 -0.6431011 -0.1661136 -0.5089942 -0.0609844 0.1599448 -0.1566249 0.4123133 -0.1830831 -0.3784345 -0.2678951 -0.6556282 0.1332975 0.0684973 0.0736106 -0.0414503 0.2201438 -0.1048551 0.1361359 -0.0710456 0.0109127 -0.1468905 -0.1308064 -0.6343432 -0.4603471 -0.0188165 0.7713846 0.1938147 0.0837741 0.0448179 -0.2425047 -0.5134670 -0.3713912 0.1895307 0.7601790 -0.1409389 -0.0073263 0.1533867 -0.3996244 -0.1205239
-0.3946194 -0.0731864 0.4546701 0.2026583 0.6892731 0.3267903 0.1656129 0.0000000 -0.1728281 -0.4314905 0.0853829 -0.2430067 0.8349780 -0.4431291 -0.1772771 0.0270025 -0.3256195 -0.2436868 0.3241228 0.4836888 -0.0101540 0.6337734 0.4130060 -0.3118997 0.4172624 0.3804471 -0.3550405 -0.6823027 0.2796322 -0.7042406 0.6891299 0.3515960 -0.5089804 -0.2096058 0.2409586 -0.4012131 0.1834036 0.6585644 -0.1261929 -0.3303376 0.4145461 -0.3670826 0.5850271 -0.4200498 -0.0221551 0.4560706 0.3965245 0.6349846 0.0151428 0.6715508 0.5568528 0.3595056 -0.0043939 0.2749498 0.5048879 0.7897321 0.1902003 0.3591655 0.1614869 0.5488866 0.0393405 0.7661547 0.4804060 -0.0649556 -0.1819321 0.1920938 0.5585137 0.5331325 0.8544273 0.3991730 0.2254068 -0.0692278 0.4544807 0.4179330 0.6567698 0.3356083 0.3931538 0.1957191 0.1011493 -0.0717996 0.1835464 -0.1808671 -0.5966938 -0.3628856 -0.1803602 -0.1867543 -0.1809826 -0.3279641 -0.1297271 -0.3384039 -0.1273621 -0.1789386 0.0897830 0.0109945 0.1283159 -0.1189521 0.0033374 0.1414878 0.1857974 -0.2533113 0.0564118 0.1759729 -0.3144681 -0.0059736 -0.0954491 0.1331512 -0.1089236 -0.2574769 -0.1409996 -0.4197632 0.7389113 -0.3767417 -0.3231229 -0.1833487 -0.3082251 -0.2515684 -0.0715434 -0.6511194 -0.0441411 -0.2362292 0.2883093 0.0111566 -0.0463026 0.1578789 0.1059518 -0.1897267 0.2416760 0.0195640 0.0380588 0.0740015 0.2222384 0.0516894 -0.1378204 0.2624033 -0.1630395 -0.2589979 0.1860582 0.4690405 0.3121426 0.1871312 -0.2661466 0.5745041 0.0880461 -0.3002523 0.1169549 -0.3890938 0.3088499 0.0080121 -0.0044456 0.0658082 0.1491536 -0.1900351 0.5125480 -0.1474462 -0.1346992 -0.5315281 0.1178757 -0.0656718 -0.0329513 0.1968553 -0.0738679 0.5172976 -0.5628483 0.1180358 0.1925270 -0.3472044 -0.2930430 0.1239500 0.2504408 0.4382015 0.1776307 0.2082115 -0.8232143 -0.1615395 0.2683501 0.1728195 0.1935607 0.1909908 -0.1283830 -0.0235439 0.3076606 0.2688321 0.0940451 0.5305259 0.1090573 0.1844934 0.0007191 0.0293061 0.0849010 -0.1228675 -0.2655527 0.2339455 0.1280040 -0.2946288 -0.1968858 -0.2383977 -0.2440703 -0.0727588 0.0478124 -0.3403311 -0.3799228 -0.4930300 -0.5493947 -0.3061354 0.2254241 -0.3502970 0.0278517 -0.6969904 -0.2210987 -0.3657475 -0.4494587 0.1899770 0.2996587 -0.0862341 -0.2270391 -0.2953760 0.1289929 0.0670686
0.0449799 0.8687943 -0.3341568 0.4446773 -0.0252052 0.5322514 0.4377528 -0.1728281 0.0000000 0.6050989 0.1482857 0.6584281 -0.4129798 0.5735309 0.3494398 -0.0075782 0.0820206 0.3989894 -0.4508570 -0.0740462 0.3300072 -0.1507974 0.2712456 0.0048188 -0.0513755 0.2775450 -0.0917289 0.2931292 0.5245425 0.3560897 -0.0800934 0.1716614 0.4089907 0.2667303 0.2061853 0.5783391 0.4305249 -0.3254370 0.6545107 0.2537932 -0.2254551 0.3899449 0.0628476 0.6942259 0.4139512 0.1859422 0.4225729 -0.2512626 0.4533066 -0.5641782 0.1687041 0.0868029 0.3516516 -0.2303723 -0.5438174 0.0009012 0.2219435 0.0316285 0.2977300 -0.3025894 0.3772293 -0.2629110 -0.5045216 0.3640184 0.5137488 -0.2631512 -0.7829911 -0.4368850 -0.4446053 -0.4338995 -0.4451269 0.7475298 -0.7402174 0.2687950 -0.7081819 -0.3998787 -0.5465952 -0.7425927 -0.3269199 0.0437132 -0.5682378 -0.4166880 -0.1197093 -0.1642186 -0.0863812 -0.2261059 -0.4844715 0.4043483 -0.4046107 -0.3462227 0.1093660 0.0634483 0.2124409 0.0257899 0.2422117 0.1403566 0.0930759 0.1389213 -0.0581186 -0.4373423 -0.1905035 0.1742031 -0.3088485 -0.0292711 0.3450795 0.2280788 -0.1197847 -0.0042364 -0.0168804 0.1422899 -0.0247435 -0.1982380 -0.3708326 -0.3488704 0.2656581 -0.4227029 -0.3328075 -0.2096738 -0.4360620 -0.1337504 -0.2316238 -0.4306617 0.5615545 -0.6149038 -0.1629950 0.3135863 -0.0096891 0.5074231 0.1143138 0.1712455 0.1204980 -0.0082060 0.2019555 -0.2663190 0.0690405 0.2441588 0.2412130 0.0532690 0.2393591 0.0683601 0.0448075 -0.4812542 0.5221843 -0.2082051 0.1622431 0.0452894 0.1756977 0.2244737 0.3852092 -0.1287946 -0.3381752 0.0921753 0.1542064 0.2034821 0.1919256 0.3019659 0.0585905 0.2409976 0.4744069 -0.4179406 0.2650895 -0.2771049 0.3989360 -0.2367560 -0.0002415 0.3863086 0.0376817 -0.1262008 -0.1065883 -0.1578424 0.0634284 0.0089077 -0.0536582 0.1696365 0.6128183 0.4997810 0.4162211 -0.0606982 0.0528695 -0.4976640 -0.5071666 0.0378545 0.6231067 0.4547075 0.0636056 0.7511162 0.2642128 -0.0160992 -0.3391187 -0.6155282 0.2884010 -0.1893858 0.0572268 -0.0426607 0.4099484 -0.0270035 0.1313753 -0.0806688 -0.0162879 -0.0796709 0.2051221 0.1351198 -0.0050351 0.1089791 0.8399678 -0.1187593 0.5456557 0.1303478 0.0137655 0.0386553 0.0471400 0.1597045 0.3881476 -0.0132074 0.4884569 0.2830051 0.0409535 0.3620550
0.4359173 0.6036718 -0.8086976 0.6166430 -0.5442535 -0.1055392 -0.1324670 -0.4314905 0.6050989 0.0000000 0.5885217 0.3697422 -0.5161774 0.9668159 0.6468675 0.2929577 0.7976185 0.7212866 -0.1052854 -0.6579305 0.0374289 -0.3474344 0.3572965 0.3218072 0.0187813 -0.1312698 0.5736687 0.6336878 0.3583301 0.6942289 -0.5432269 -0.2720442 0.8709384 0.8848263 -0.0183097 0.6254580 0.4466957 -0.3960941 0.6391781 -0.3616681 -0.5185774 0.4520383 0.1733764 0.6456534 0.5567046 0.0301755 0.1314793 -0.6541665 0.7095677 -0.6595091 -0.0687236 -0.0474413 0.6859537 0.1583989 -0.8745689 -0.1031916 0.3316380 0.3829767 0.3073652 -0.1525094 0.2585628 -0.1774114 -0.7044849 0.6181994 0.7924277 -0.2198891 -0.6324062 -0.1177831 -0.5728469 -0.3366888 -0.1469061 0.2198685 -0.3827358 -0.0542261 -0.5981546 -0.1594488 -0.7960985 -0.3840157 -0.0245417 0.2897800 -0.3755021 -0.2726312 -0.3171682 -0.3948168 -0.4707212 -0.4987175 -0.6260966 0.3328908 -0.3329660 0.0502446 -0.1983110 0.0421403 0.2298785 -0.0175377 0.4610270 0.0677060 -0.3326165 0.6001403 0.1468274 -0.2089286 -0.3296591 0.5753214 0.2647986 -0.2001249 -0.0476406 0.3345269 0.4492023 0.2518478 0.1332526 0.3768244 -0.0152902 0.4750895 -0.4094622 -0.4776052 0.3833578 0.1394785 -0.2684854 0.3897026 -0.2253573 0.3715688 -0.6606209 -0.4143174 0.0179628 -0.6516170 0.3699080 0.7168057 -0.1539976 -0.1087687 0.5281642 0.1482052 0.3788331 -0.2492351 0.3329957 0.0774217 -0.2740487 -0.2910585 0.3100090 0.3189355 0.0894579 0.0137198 -0.3596645 -0.6272297 -0.0946701 -0.3549243 0.3788821 -0.4742131 -0.5551135 -0.5001367 -0.1845877 -0.7342223 -0.4717945 0.1229119 -0.3386397 -0.4123388 -0.3688298 -0.1792322 -0.6753218 -0.2777551 -0.1949689 -0.6865570 -0.3890049 -0.8996347 -0.0623762 -0.7404940 -0.6845898 -0.1284513 -0.5282908 -0.7205051 -0.7660746 -0.8184802 -0.6353583 -0.6599949 0.0685692 -0.0317205 0.3078283 0.2707485 0.0371531 -0.2304446 0.0637840 -0.3781589 -0.6636000 0.0222324 0.6185394 0.3762125 -0.1385413 0.5765944 0.2133066 0.4694974 -0.3860119 -0.4014496 0.7214365 -0.2944049 0.0666745 0.3127674 0.6895517 0.1443732 0.4572278 0.0830233 -0.1261245 0.5887815 0.1122976 0.3289882 0.1883962 0.3692091 0.3053489 -0.3210679 0.7561736 0.4563078 -0.2939967 0.1250571 0.2156031 0.0833745 -0.3192347 0.3572173 0.1923457 -0.1185428 0.5360431 0.7403086
0.0697466 0.1159803 -0.5474910 0.7426980 -0.2205787 0.0877551 -0.3471653 0.0853829 0.1482857 0.5885217 0.0000000 0.1354151 -0.2342542 0.5111103 0.8030524 0.8675889 0.7928246 0.6252454 0.3209469 -0.6114000 0.1604932 -0.4242836 0.7754794 0.6280099 -0.1622015 -0.2020119 0.7435256 0.1399975 0.6965136 0.0559545 -0.5463574 -0.5026426 0.7103542 0.7369034 0.2942885 0.6266131 0.1453096 -0.3803541 0.2172111 -0.5638743 -0.6294568 0.6100960 0.5887282 0.1116305 0.6540135 -0.2921943 -0.0645657 -0.5013997 0.9087025 -0.2067679 -0.1543841 -0.0392297 0.8508240 0.7046895 -0.4137309 0.0647188 0.1313121 0.7352127 0.1962224 0.3138043 0.1323609 0.2874150 -0.1658566 0.7389411 0.7359846 0.1656022 -0.2283970 0.5906153 0.0674349 0.1563942 -0.1670380 0.1683451 0.2547465 0.1073051 -0.0960264 0.4106391 -0.5083454 0.1064073 0.5732159 0.5874495 0.2137195 -0.2110565 -0.5797733 -0.5254704 -0.1631782 -0.0642348 -0.4572331 0.2669289 0.2793625 0.3060176 -0.1807337 -0.4869480 0.0380949 0.1004774 -0.0265305 -0.4562516 -0.6363153 0.7016360 -0.2213799 0.2227418 -0.4683782 0.6809014 0.4697224 -0.6009906 -0.1978515 -0.1525324 0.6002238 0.1168627 0.4782158 0.2765068 0.2427097 0.4717649 -0.1417489 -0.1445483 0.2583055 0.0109785 -0.4559137 0.0624622 -0.4335265 0.3026768 -0.4355169 -0.2691404 -0.4644724 -0.2294589 0.6329606 0.5105562 -0.1928215 -0.4653038 0.6079421 -0.0575168 0.4940245 -0.3344643 0.1947875 0.3327321 -0.2071209 -0.7075200 0.3879988 0.4860114 0.1451907 0.0555459 -0.5519290 -0.1346257 -0.2153235 -0.6670685 0.4756925 -0.7935798 -0.4299155 -0.5577015 -0.3318097 -0.4152113 -0.2541179 0.0865457 -0.0351979 -0.5726620 -0.5047103 -0.5512241 -0.7144224 -0.3060537 -0.4339902 -0.5259348 -0.4225452 -0.6681499 -0.6514993 -0.8364832 -0.6752049 -0.4085463 -0.5522756 -0.6417482 -0.7360031 -0.7519005 -0.6510796 -0.7074342 -0.2262381 -0.5558259 0.0235107 -0.0188368 -0.2201101 -0.0744450 -0.0459598 0.1627201 -0.1055616 0.1863062 0.6838562 0.6496822 -0.2955067 0.3027613 -0.0589139 0.6207574 -0.4157506 -0.2965181 0.5548469 -0.1647995 -0.0209688 -0.1000645 0.4934350 -0.2743403 0.1977747 -0.0958703 0.2259434 0.3174580 -0.3382772 0.1642225 -0.2713302 -0.0966995 0.0610269 -0.2308606 0.3059392 0.1391952 -0.4798965 0.3086451 -0.0779162 0.1590377 -0.1797815 0.5647351 0.3538257 -0.5082427 0.8897274 0.8164132
-0.2550343 0.5471674 -0.1316946 0.4544054 -0.2668090 0.5277635 0.4389429 -0.2430067 0.6584281 0.3697422 0.1354151 0.0000000 -0.4444568 0.4073679 0.5750958 -0.0678254 0.0922794 0.4325766 -0.6518792 0.0100759 0.6378178 -0.3798091 -0.0009768 0.4393058 -0.5533972 -0.3005246 0.1604410 0.2611931 0.6124649 0.3161518 -0.0784550 -0.2852974 0.3858698 0.0879188 -0.1367358 0.6832289 -0.1591330 -0.4005797 0.2045129 0.0583798 -0.2559572 0.3968325 -0.3507036 0.0315300 0.3036810 -0.1959576 -0.1448769 -0.2503763 0.2459753 -0.2933495 -0.3379223 -0.5935885 0.3437587 -0.3467404 -0.1314017 -0.2335104 -0.3978459 -0.1088759 -0.2866112 -0.4012984 -0.0107539 -0.5168993 -0.0183605 0.3503238 0.4425709 -0.4207751 -0.7390591 -0.2971979 -0.1819349 -0.2001508 -0.5566820 0.5512155 -0.4982416 0.0866412 -0.5346421 -0.1761282 -0.3660156 -0.2171144 0.0695386 0.3521882 -0.0232500 -0.2078989 0.2176410 0.0969674 0.2748392 0.1252864 -0.5659391 0.3283512 -0.2508933 0.0496668 -0.2392073 -0.2858888 -0.1625658 -0.0190887 -0.1824641 -0.3075985 -0.4183741 -0.0779806 -0.4578026 -0.0143660 -0.4990384 0.0169426 -0.1327022 -0.3451625 -0.1436832 -0.0207060 -0.1823857 -0.0483344 0.1767228 0.0784706 -0.4147204 -0.1245113 -0.1654210 -0.0755933 0.1697056 -0.3070742 -0.3633375 0.0918125 -0.2498720 0.2213759 -0.1484621 -0.2872390 -0.0623557 -0.1279749 0.1007258 0.3978977 -0.3153190 0.0212116 0.3451122 -0.0836928 0.0957792 -0.0692286 -0.1908712 -0.0354240 0.2685966 0.0472690 0.0906794 0.1460173 0.0839341 0.4536678 0.0644631 -0.1901486 0.2515496 -0.3651217 0.0817489 0.0545860 0.0327586 -0.0300459 0.2631171 0.1893637 0.0400153 0.0914826 -0.0884195 0.2435425 -0.0751571 0.2756357 0.0117774 0.2339386 0.2358396 -0.2863209 0.1991536 -0.1568170 0.1453544 -0.3677984 -0.0284942 0.5065046 0.1960758 0.1684469 -0.0641459 -0.2025154 0.1976250 0.0978995 0.0883322 0.0856068 0.3265139 0.5200651 0.4986719 0.4298571 0.4409543 -0.0768664 -0.0114766 0.1143427 0.1262874 0.1153063 -0.3329740 0.3662485 -0.2180242 -0.0429642 -0.3554020 -0.5719006 0.5137665 0.2261258 0.3106506 0.2838387 0.6560424 0.0219984 0.3133362 0.1463430 0.3242709 -0.0379431 0.3053154 -0.0097219 0.1063170 0.3893597 0.5840320 0.2726062 0.3874525 0.3954991 0.1214965 0.2377183 0.2838011 0.6139334 0.4102783 0.4367333 0.6726782 -0.1093994 -0.0118965 0.3161906
-0.0736086 -0.1432197 0.6225957 -0.1967955 0.6195264 -0.0983825 -0.0936439 0.8349780 -0.4129798 -0.5161774 -0.2342542 -0.4444568 0.0000000 -0.4330300 -0.4418328 -0.3146534 -0.4162926 -0.3942607 0.3004217 0.4782828 -0.1351166 0.8410347 0.0203256 -0.5130339 0.6297961 0.3582732 -0.4451662 -0.4600906 -0.1554104 -0.4654521 0.7495483 0.5447329 -0.6879841 -0.2884221 0.0125582 -0.6723392 0.2691875 0.8872340 -0.1669421 -0.3457117 0.6274840 -0.7162469 0.2991822 -0.4376257 -0.2734564 0.6470859 0.4084936 0.7589509 -0.2851233 0.7477064 0.5952055 0.3828680 -0.2121608 0.1665850 0.5364800 0.8299910 0.3099326 0.2294108 0.1503767 0.5100836 0.0036504 0.7737377 0.3918094 -0.2151407 -0.4575141 0.1684082 0.7762511 0.4068187 0.7848002 0.4513284 0.4378312 -0.3337368 0.5040311 0.3483613 0.7936439 0.3481856 0.6637898 0.3049009 -0.0445406 -0.2099998 0.1918637 0.1730410 -0.3665517 -0.1129999 -0.2842265 -0.3126113 0.0134925 -0.6230161 -0.2768805 -0.4954753 -0.1287382 0.0254465 -0.1368146 -0.1163373 0.3745538 0.0701196 0.0850924 -0.0812727 0.4649106 -0.4337182 0.1376526 -0.0015233 -0.3261500 0.2357114 -0.2190507 0.3176716 -0.1957141 -0.1538720 -0.3360168 -0.3758340 0.6161743 -0.3115584 -0.3904430 -0.3120923 -0.2487700 -0.1338872 0.0934022 -0.4924177 0.1755816 -0.2883211 0.1371942 -0.0287784 -0.0870670 0.0752890 -0.0412340 -0.3120579 0.1524280 -0.0901250 -0.0919352 -0.0839552 0.0227047 0.0063540 -0.2633236 0.0860718 -0.2400750 -0.2003046 -0.0449109 0.3370242 0.1572571 0.1302117 -0.1876381 0.5031557 -0.0455495 -0.1410032 -0.0624768 -0.2368763 0.1592273 -0.1243676 -0.1123772 -0.0451853 0.1897450 -0.4177404 0.2636229 -0.1540978 -0.2222519 -0.5686424 0.1521402 -0.3306404 -0.1434029 0.3637758 -0.3001714 0.5657120 -0.4713624 0.3238144 0.1179833 -0.5267335 -0.3673455 0.1106750 0.2566146 0.5349362 0.0546050 0.1545766 -0.7621259 0.1566230 0.2550738 0.2204474 0.2487741 0.2148880 0.0598157 0.0455391 0.3326068 0.3663804 -0.2694042 0.1526153 0.3057000 -0.0352832 0.1593614 0.0178316 0.4391606 0.2821600 -0.4036845 0.3582260 0.2333874 -0.0183958 -0.3397480 0.0786020 -0.1820122 0.1589622 -0.0704785 -0.2120161 -0.0531332 -0.3156188 -0.1386649 -0.0207764 -0.1172851 -0.3527575 0.0336668 -0.6612780 0.0554136 -0.3367391 -0.1621099 0.1403316 -0.0318138 -0.1660127 -0.5079996 -0.1810090 -0.0590606 -0.1502293
0.5362578 0.6724272 -0.6682114 0.5073293 -0.5066262 -0.2102077 -0.1991986 -0.4431291 0.5735309 0.9668159 0.5111103 0.4073679 -0.4330300 0.0000000 0.6593124 0.1747679 0.7340409 0.7721470 -0.2213026 -0.5842823 0.1837768 -0.2563798 0.2407798 0.3496694 0.0152656 -0.1864478 0.5232220 0.7704293 0.3416766 0.8106138 -0.4758066 -0.2297767 0.7776370 0.8106940 -0.0728840 0.6359144 0.4428026 -0.3493965 0.6861325 -0.3779609 -0.5186008 0.3579264 0.0192480 0.6005266 0.5823165 0.0662025 0.1019685 -0.6265584 0.6421832 -0.6062944 -0.1155443 -0.1243228 0.7155476 0.1499802 -0.7975715 -0.0668894 0.3046534 0.4068528 0.3513848 -0.2035051 0.3427873 -0.1588024 -0.6798928 0.6545746 0.7467936 -0.3047925 -0.6279461 -0.1058359 -0.5527530 -0.2216070 -0.2214086 0.2522624 -0.3940431 0.0795743 -0.5882060 -0.0725213 -0.6462338 -0.3842543 -0.0008249 0.3688943 -0.2718027 -0.1370665 -0.2628078 -0.3392597 -0.4798521 -0.5024226 -0.6126044 0.2769737 -0.3795427 -0.0821869 -0.2384980 -0.0405667 0.0480015 0.0106967 0.5076109 -0.0117950 -0.3807047 0.4551528 0.1828750 -0.2949441 -0.3675609 0.4930511 0.1627688 -0.1499502 -0.1931805 0.3307364 0.3253496 0.1652801 0.0810216 0.3168794 -0.1046228 0.3924364 -0.5158896 -0.6088042 0.3639099 0.0228465 -0.3849248 0.3515870 -0.2871948 0.2920438 -0.8018051 -0.5808491 -0.0620682 -0.7385239 0.2916848 0.6913458 -0.3416096 -0.2209521 0.4954449 -0.0538343 0.2509100 -0.4045584 0.1432831 -0.0210244 -0.3535253 -0.3589742 0.1870137 0.2946153 -0.0040533 0.1378296 -0.4099188 -0.5662509 -0.1600178 -0.3635827 0.3032522 -0.4524803 -0.5864301 -0.5564773 -0.2728294 -0.7041970 -0.3515878 -0.0010410 -0.4292528 -0.4495905 -0.4900853 -0.2344272 -0.6719501 -0.4182375 -0.2802832 -0.5712640 -0.5154067 -0.8310118 -0.0819336 -0.7139454 -0.7568667 -0.2058384 -0.5707099 -0.7372404 -0.7899318 -0.7819589 -0.6926956 -0.7029913 -0.0182725 0.0539640 0.3885748 0.4357089 0.2013733 -0.0760449 0.2733362 -0.3236028 -0.5700935 0.1061057 0.4768021 0.3235363 -0.0279181 0.5863509 0.3273385 0.5469992 -0.1793340 -0.2531779 0.7152859 -0.1104927 0.2168329 0.4307018 0.7275707 0.2703982 0.5729065 0.2634154 0.0044158 0.6169396 0.3398369 0.4087474 0.3347018 0.5528205 0.2587918 -0.2176698 0.7679929 0.4886842 -0.1490144 0.2487270 0.3816367 0.2248117 -0.3278698 0.4636320 0.1841036 -0.0826255 0.5400460 0.7387949
0.1233142 0.3953451 -0.4314601 0.6834609 -0.2982436 0.0684950 -0.0970955 -0.1772771 0.3494398 0.6468675 0.8030524 0.5750958 -0.4418328 0.6593124 0.0000000 0.5588313 0.6617834 0.8491100 -0.1475551 -0.3928090 0.5418475 -0.5524852 0.4084228 0.8745681 -0.4674063 -0.4443855 0.6269018 0.4527304 0.7791194 0.3703391 -0.5024304 -0.6670640 0.6812293 0.5711728 0.1753226 0.8583157 -0.0892504 -0.6183929 0.2935986 -0.4389290 -0.8089821 0.7128912 0.0702975 0.0688215 0.8260552 -0.4818558 -0.3523652 -0.7150153 0.7518773 -0.4097744 -0.4672291 -0.5117274 0.9185597 0.4450032 -0.3787586 -0.2387673 -0.2164910 0.6094127 0.0705953 -0.0412570 0.1752194 -0.1009178 -0.0510313 0.8292770 0.8754389 -0.1969396 -0.5993093 0.3936631 -0.1251245 0.2278153 -0.5079533 0.4066819 -0.0313370 0.2562165 -0.4091944 0.3726774 -0.4737019 -0.0364404 0.6255347 0.8452569 0.3604213 -0.2794835 -0.3474272 -0.4309820 -0.0514167 -0.0114474 -0.6137152 0.4112434 0.1028231 0.2075164 -0.2632475 -0.6928214 -0.1113146 0.1400380 -0.1679566 -0.6932975 -0.7781963 0.4440265 -0.4466620 0.2818425 -0.6348453 0.5431874 0.2815736 -0.6408591 -0.3965540 -0.2953079 0.3593182 -0.1224791 0.5315637 0.1571704 -0.1474836 0.2993895 -0.1867342 -0.2564830 0.1429608 -0.1514326 -0.7058586 0.1975170 -0.5596235 0.3965578 -0.5773860 -0.5164423 -0.5283388 -0.3095798 0.5555389 0.7135447 -0.5449317 -0.5174222 0.6722123 -0.2641933 0.3364714 -0.5476853 -0.0780366 0.2969225 -0.2350070 -0.6285270 0.3026176 0.4427234 0.0445862 0.3850817 -0.4885816 -0.0624939 -0.2924887 -0.5534949 0.4652101 -0.5556194 -0.3637898 -0.4819079 -0.3498605 -0.2172759 -0.0296044 0.2341094 -0.1709681 -0.4610561 -0.5867709 -0.2817359 -0.6779249 -0.1915116 -0.4413997 -0.4724827 -0.4128858 -0.6147520 -0.4288323 -0.9091675 -0.7116792 -0.0777085 -0.3869851 -0.5658696 -0.7566528 -0.7981496 -0.5395504 -0.6569725 -0.1311844 -0.5202600 0.0518876 0.2837448 0.0953683 0.1897454 0.2893080 0.0721438 -0.1153133 0.0198131 0.4066173 0.5222011 -0.3821396 0.4442393 -0.0783922 0.6893519 -0.2856001 -0.3748379 0.8083584 0.0747194 0.1603835 0.1210911 0.7993605 -0.1794598 0.5611506 0.1268269 0.5612527 0.4579962 0.0836879 0.1140570 -0.1297857 0.2932248 0.2474411 0.1889022 0.3834396 0.4096015 -0.3533361 0.4657522 0.1294366 0.4643149 0.0308093 0.8270037 0.5544652 -0.4631132 0.7464916 0.7883406
-0.0227211 -0.1637853 -0.3950116 0.4473121 -0.0996417 0.1812518 -0.4333098 0.0270025 -0.0075782 0.2929577 0.8675889 -0.0678254 -0.3146534 0.1747679 0.5588313 0.0000000 0.5751349 0.3093477 0.4590061 -0.6139885 0.0692781 -0.5545187 0.7291190 0.5424136 -0.2515012 -0.0686032 0.6364933 -0.0538682 0.5398009 -0.1930828 -0.6587293 -0.4063832 0.5578681 0.4631000 0.4548358 0.5301675 0.0179311 -0.4819720 -0.0178775 -0.1934427 -0.5661281 0.6712878 0.5977714 0.1085538 0.4341678 -0.4661699 -0.0833392 -0.3963294 0.7848173 -0.1708501 -0.1729992 0.1240164 0.5878099 0.7171235 -0.2743098 -0.0816427 0.0917997 0.5280611 0.1020032 0.3607054 0.0457651 0.2653059 -0.1018557 0.5453986 0.4577391 0.4431519 -0.0961044 0.5471862 0.0701459 0.1293128 -0.1596595 0.2079215 0.3296005 0.0119213 -0.0217372 0.4014492 -0.3422435 0.1730498 0.5691813 0.4270806 0.2307874 -0.0442342 -0.3297972 -0.2432839 0.1957222 0.3242101 0.0007229 0.2575782 0.6708584 0.4063937 0.1531453 -0.4357752 -0.0545806 0.0987598 -0.3228868 -0.3995141 -0.4011275 0.4916841 -0.4007093 0.4031171 -0.3273618 0.4317676 0.5383348 -0.5806603 0.0982447 -0.4156678 0.5419486 0.1985281 0.5594318 0.3864634 0.1574434 0.4254427 0.2491032 0.2477837 0.3342027 -0.0466394 -0.3079880 -0.0750508 -0.4511569 0.0656497 -0.1603591 -0.0361890 -0.3328965 -0.0290808 0.4042608 0.1287176 -0.0547821 -0.2884706 0.2976766 -0.0824552 0.3118602 -0.1425516 0.2748094 0.1294214 0.0811092 -0.4584115 0.2799709 0.1343356 0.1045432 -0.2383109 -0.2536960 -0.1508896 -0.0111463 -0.5031049 0.3087768 -0.4883084 -0.1787426 -0.2263547 -0.1163559 -0.0897808 -0.2635459 0.0675876 0.1347095 -0.2833486 -0.1309866 -0.3005247 -0.3846266 -0.0977840 -0.1982486 -0.3639237 -0.0984054 -0.4772446 -0.4411339 -0.5241493 -0.3704266 -0.2854169 -0.1824994 -0.3804060 -0.4562725 -0.5132605 -0.4456983 -0.4996056 0.0047776 -0.5704050 -0.1937637 -0.3537760 -0.4643026 -0.2086468 -0.2324515 0.4251049 0.0724932 0.1677499 0.6574486 0.4561531 -0.2243146 -0.0201561 -0.1258134 0.3615649 -0.3921806 -0.1038419 0.1657268 -0.3078082 -0.2733591 -0.4166452 0.0774922 -0.4346130 -0.1734941 -0.3281423 0.1926517 -0.0147262 -0.4644557 0.2729463 -0.2966058 -0.4688207 -0.1348749 -0.1007256 -0.1378874 0.0121046 -0.3047665 0.4168553 -0.1611627 -0.1281792 -0.1185743 0.2848247 0.4606174 -0.3024305 0.6925198 0.4824885
0.2460333 0.0508110 -0.8442072 0.6446163 -0.7032348 -0.2575585 -0.4016123 -0.3256195 0.0820206 0.7976185 0.7928246 0.0922794 -0.4162926 0.7340409 0.6617834 0.5751349 0.0000000 0.6529247 0.1733202 -0.7989351 -0.0972587 -0.4196945 0.4882745 0.5010544 -0.1232885 -0.4440503 0.9129755 0.4349725 0.2888620 0.4634169 -0.6479706 -0.5860552 0.8918609 0.9255548 -0.1740679 0.5033394 0.1354395 -0.3314767 0.3062863 -0.6302024 -0.5364614 0.3910520 0.2995393 0.2272726 0.4190612 -0.1985373 -0.1688437 -0.6140238 0.6791553 -0.3244436 -0.2896727 -0.1556890 0.6542295 0.3716438 -0.6186434 -0.1236892 0.1336591 0.4384472 0.1212551 0.0094749 0.0526647 -0.0524532 -0.4773382 0.5093613 0.6528275 -0.0865626 -0.2898731 0.2074743 -0.3223829 -0.1922046 0.0174372 -0.1898552 0.0459750 -0.3035544 -0.2632185 0.0515024 -0.7231163 0.0698574 0.2560314 0.3399428 -0.0512165 -0.0774785 -0.3353066 -0.4143895 -0.4052232 -0.2916012 -0.4733843 0.2833741 0.0297349 0.4910247 -0.4096972 -0.0724790 0.1632421 0.0790495 0.2401392 -0.0986877 -0.5318394 0.6833810 0.0966465 0.1514490 -0.2765003 0.5731015 0.5620892 -0.3174216 -0.3081740 0.1798107 0.6305785 0.3001321 0.2075849 0.3372666 -0.0139613 0.6893659 -0.2000908 -0.2147377 0.2738110 0.4207654 -0.1279393 0.5560489 -0.0124279 0.5559599 -0.5615225 -0.1265977 -0.4291774 -0.2324488 0.6160222 0.6226293 -0.1634991 -0.5186364 0.5779316 0.0829735 0.4096437 -0.2576201 0.2474228 0.3132511 -0.2870595 -0.6050454 0.2009333 0.3511669 -0.0889754 0.0357049 -0.5351116 -0.3947348 -0.4255493 -0.4131175 0.3053396 -0.7199601 -0.8180828 -0.7696268 -0.4631604 -0.7229258 -0.2923946 0.0690999 -0.5021968 -0.6492330 -0.5692581 -0.4662389 -0.8700107 -0.4531586 -0.5374792 -0.5545646 -0.5362880 -0.9097118 -0.4598468 -0.8033675 -0.7728158 -0.3999326 -0.6045177 -0.7107364 -0.8136156 -0.9106248 -0.7419308 -0.7447253 0.1322729 -0.2374577 -0.0287909 -0.0467243 -0.2525140 -0.1414641 0.0337571 -0.0395018 -0.3218269 0.0631757 0.4666386 0.2496986 -0.2832501 0.1795390 -0.0236829 0.5127057 -0.4119151 -0.1927669 0.7028199 -0.1964303 0.0884613 0.3605285 0.6185465 0.1359913 0.3985905 0.1219928 -0.1068243 0.6422598 -0.1747172 0.3036517 0.1207995 0.2524438 -0.1259876 -0.3060775 0.4819166 0.5195023 -0.4091485 0.1774935 0.2009597 0.0895305 -0.5141050 0.5229631 0.0346869 -0.3881793 0.7355378 0.7757084
