0.0000000 0.6572921 0.6948516 0.2598798 0.5083207 0.0887268 0.2885374 0.4753821 0.5844067 0.1802196 0.2184048 0.4552928 0.3821848 0.5155099 0.5937120 0.5316630 0.5265609 0.4330918 0.2699865 0.6098706 0.2882405 0.4369408 0.4930184 0.3771575 0.5539554 0.6412948 0.3772661 0.5647931 0.2095242 0.5329838 0.8186821 0.6506220 0.2727480 0.2321672 0.7155258 0.2120012 0.6467457 0.6748708 0.3306274 0.6169187 0.7473413 0.4608204 0.4496952 0.3192762 0.4838012 0.5750155 0.6942406 0.7566620 0.3271397 0.7937206 0.6395396 0.3543833 0.4661539 0.4636400 0.4554402 0.6188005 0.6869661 0.2036861 0.8274615 0.5960447 0.5945133 0.4936905 0.4939798 0.4540499 0.3533869 0.6825622 0.4533667 0.1452745 0.5981669 0.5403509 0.5158282 0.5143062 0.1332797 0.4318630 0.6174316 0.5446525 0.5287464 0.5296012 0.4743050 0.4454907 0.2264363 0.1090406 0.3562818 0.4409257 -0.2632954 0.1233694 0.2234865 0.2478935 0.0555934 -0.1962984 0.4405093 0.5732274 0.4751253 0.4104422 0.3800090 0.3056938 0.4427178 0.1582565 0.0274458 0.2298484 -0.3263253 0.0488740 0.1259042 0.0435174 0.2676926 0.2425999 -0.1074331 0.1767507 0.1785237 -0.1060682 0.2938003 -0.3955933 0.0295811 0.2201741 0.0933760 0.2337180 0.3273533 0.3383968 0.3392605 0.3521347 0.4741289 0.4734065 0.6058068 0.3113639 0.1821218 0.2642314 0.4033944 0.5102773 0.2483910 0.2763949 0.4289456 0.5255692 0.4784961 0.1492860 0.5516148 0.4773929 0.2781916 0.3163667 0.4982091 0.3414751 0.3997365 0.3887289 0.5589166 0.3996640 0.4871277 0.0794271 0.5867777 0.5212109 0.5316282 0.4287429 0.5968921 0.6670203 0.3763073 0.2557842 0.7734370 0.6596181 0.3398680 0.5836415 0.5928155 0.2984750 0.2240811 0.3481949 0.2652162 0.1669864 0.4260892 0.8774448 0.1253748 0.8280585 0.7896543 0.7404318 0.7914594 0.7683063 0.8956068 0.5154776 0.4189712 0.4041541 0.2743272 0.1665102 0.0867870 0.2069124 -0.1437845 0.0169650 0.4827560 0.3117480 0.6535479 0.2833464 0.6566370 0.5339758 0.4358440 0.2498861 0.4159713 0.6768736 0.4036221 0.2027170 0.1841518 -0.2732374 0.3219643 0.4522219 0.4737294 0.2587736 0.8767325 0.4630685 0.3581888 0.3261413 0.8564333 0.6236685 0.5374286 0.7479693 0.7417962 0.5685015 0.2896324 -0.0053208 0.6302065 0.5352578 0.8192113 0.5365297 0.6757386 0.6967526
0.6572921 0.0000000 0.5997083 0.4415478 0.2150503 0.5284596 0.3732967 0.1687296 0.5267044 0.5784634 0.4491293 0.5016603 -0.0147781 0.5401731 0.6012263 0.5571604 0.5715986 0.3613815 0.1192542 0.7761435 0.4487976 0.2411036 0.5892933 0.5148825 0.2659674 0.4642137 0.3783788 0.4400872 0.4899882 0.5036320 0.3651048 0.2645497 0.4072779 0.3716118 0.5439229 0.4449862 0.3240368 0.3427714 0.4157289 0.5660603 0.3195486 0.6000254 0.4194672 0.4460594 0.3901867 0.5029397 0.3774246 0.4075681 0.5079289 0.4726221 0.3292826 0.4326215 0.4081664 0.5174598 0.3243987 0.3755412 0.2955679 0.3337485 0.4541557 0.2379895 0.2579837 0.1622260 0.0007085 0.3977291 0.0705351 0.2761064 0.0797787 -0.1570409 0.2392103 0.3295183 0.1545995 0.3792077 -0.2125984 0.0498164 0.4246411 0.2081970 0.2696530 0.2074390 0.0299759 0.1653771 -0.1112826 0.3779138 0.5959447 0.4472857 0.0722252 0.4537066 0.3226120 0.5019830 0.2094983 0.1130081 0.6481326 0.7394998 0.7496928 0.3889209 0.4500689 0.4969882 0.7539742 0.6078955 0.1689214 0.2279324 0.0454062 0.4250787 0.5923527 0.0102537 0.5739539 0.4362738 0.3927423 0.4553043 0.4805294 0.2203865 0.3112924 -0.0604038 0.1695457 0.2278248 0.1056958 0.1779955 0.3268464 0.4171484 0.3508759 0.3747929 0.5003542 0.4843659 0.7151217 0.0411841 0.0908652 0.1859676 0.4967630 0.6754330 0.2612914 0.4028366 0.4195533 0.7214087 0.5942551 0.1377366 0.5894825 0.7312478 0.4315426 0.2391342 0.4939207 0.2280268 0.6347258 0.3735512 0.5985231 0.3212677 0.4995082 0.5584486 0.5473353 0.5390186 0.5925741 0.5404243 0.5961026 0.4983563 0.4266462 0.6757307 0.7598794 0.5883529 0.4129747 0.6696215 0.2855486 0.1549908 0.6086285 0.4372697 0.3690020 0.1501890 0.7380617 0.7426428 0.3956198 0.4350370 0.4674230 0.5736274 0.5129586 0.3486495 0.6534655 0.3925381 0.4518634 0.0525363 -0.0862339 -0.1136208 0.1100360 0.3835655 -0.1776195 0.2764132 0.5810771 0.5250286 0.3817668 -0.2470326 -0.0233855 -0.0643359 0.0570323 0.0018813 0.2163469 0.3465892 0.1068133 -0.1455357 0.0367308 -0.3077313 -0.0490252 0.1772576 -0.0148201 0.0219113 0.7338342 0.2778035 0.4483892 0.2345427 0.5952150 0.1093104 0.3579318 0.6241048 0.6350524 0.1192419 0.4582389 -0.1122888 0.0658915 0.0440843 0.7766789 0.3415565 0.6383870 0.7224957
0.6948516 0.5997083 0.0000000 0.3335988 0.5910571 0.1964930 0.2578812 0.5992913 0.2477759 0.0535646 0.2216306 0.3359801 0.6273736 0.3509530 0.3887878 0.3890903 0.5933527 0.2140464 0.2151755 0.5930343 0.2091837 0.3428580 0.3745129 0.3690083 0.3190041 0.3884771 0.3918244 0.5695548 0.3504610 0.5597889 0.5821710 0.5155653 0.4042315 0.3423124 0.6033211 0.0307573 0.5523321 0.5106884 0.5736125 0.6862612 0.5007672 0.4137465 0.6675453 0.3037151 0.5442432 0.5247837 0.5902342 0.4799234 0.2979028 0.5637774 0.6093806 0.6384935 0.5259446 0.4418639 0.1836646 0.4646723 0.5885021 0.0546341 0.6036942 0.6348721 0.3877979 0.4541222 0.2827027 0.3584424 0.3748216 0.5123370 0.5264623 0.1143009 0.3321633 0.3408413 0.3840429 0.5001105 0.2194254 0.4191054 0.4234889 0.2612912 0.4439791 0.4837069 0.3843510 0.3988340 0.1518534 -0.2233472 -0.0599266 0.3455701 -0.4164594 0.1200556 -0.0462976 -0.2229945 -0.0808258 -0.1300968 0.2143767 0.3477733 0.4163089 -0.1331648 0.2654187 0.1327352 0.5902510 0.0481876 -0.0853621 -0.3140466 -0.2635653 0.0100435 0.2870995 -0.1388359 0.1055853 0.1283432 -0.0155414 0.0992807 -0.0061779 -0.1663528 0.0721912 -0.3821548 -0.3693896 -0.1321045 -0.3012743 -0.2511013 -0.1324635 0.0575500 -0.0458531 0.0771837 0.0931486 0.1036382 0.3671278 -0.0862717 -0.1693000 -0.0027006 0.2501794 0.3309598 -0.0138740 0.0317375 0.0554930 0.2314263 0.2519256 -0.0286548 0.1892706 0.3447174 0.0890706 0.0670731 0.2216716 0.2174788 0.1011420 0.1416359 0.5385173 0.2451686 0.2535787 -0.0568637 0.2714424 0.2156480 0.1792075 0.2543228 0.6990716 0.4239798 0.0754935 0.0487124 0.3662542 0.4473268 0.4685324 0.1611796 0.3574257 0.4618189 0.0232226 0.2491444 0.1283086 0.5097280 0.1976798 0.6225786 -0.0744365 0.5384254 0.5220386 0.6879296 0.3786635 0.4128228 0.5706988 0.5733621 0.5472412 0.5352121 0.3787324 0.2688396 0.0226053 -0.0215083 -0.1937388 -0.4148871 0.1054933 -0.1832111 0.3598008 0.2396261 0.3157426 0.2743540 0.3563745 0.2686698 0.2405612 0.6946816 0.3705445 0.1230897 0.0294586 -0.1527684 0.3060078 0.4495495 0.4082962 0.0580033 0.7104285 0.2427131 0.1634835 0.2983974 0.5583163 0.3644453 0.2160510 0.5762683 0.5876319 0.4129420 -0.0373339 0.0367014 0.5342907 0.4540860 0.6970759 0.3867820 0.4163773 0.5717186
0.2598798 0.4415478 0.3335988 0.0000000 0.3738986 0.7498981 0.5541995 0.5074949 0.5162635 0.7326913 0.7354558 0.7116087 0.2470387 0.5499993 0.3736588 0.2857770 0.5869236 0.2362376 -0.1904677 0.2533704 0.7607880 0.2769018 0.2314345 0.4376420 0.0816183 0.2235676 0.4957833 0.3676680 0.6173177 0.4880187 0.1554461 0.0945888 0.3663933 0.6783086 0.2375201 0.7279544 0.3025235 0.2768633 0.3401770 0.5117959 0.1265747 0.6751314 0.1296805 0.1688201 0.5765469 0.4438151 0.2949040 0.1522543 0.5460615 0.2194368 0.2195130 0.4971303 0.7871181 0.4728457 0.3559991 0.3643066 0.3332385 0.4555811 -0.0864064 0.0650478 0.2442134 0.2025962 0.3032604 0.8228912 0.6007701 0.2020506 -0.0330809 0.5193785 0.3111866 0.6868833 -0.1602376 0.8358397 0.3942220 0.6755873 0.2040104 0.6406943 0.7450756 -0.1208181 0.2597121 0.3868455 -0.1920693 0.2019585 -0.0441778 0.2467273 -0.1828406 0.1310220 0.1813853 0.1830983 0.3011160 0.7475156 0.0927491 0.5196145 0.1704073 0.0755783 0.5990899 0.2921896 0.2427800 0.1884210 0.5822068 -0.2526844 0.5126250 0.0910387 0.2904072 0.1878959 0.0552877 0.4611225 0.4768876 0.3977365 0.2919937 0.2581252 0.3816573 0.3667912 0.2459296 0.4308465 0.2333050 0.3585320 0.4318337 0.5785938 0.5338063 0.4246193 0.5194158 0.4503322 0.2104540 0.3402054 0.0729287 0.1517720 0.5886302 0.3336048 0.1361709 0.4514911 0.3683023 0.3987006 0.4597515 0.3143425 0.0651725 0.3287472 0.3490466 0.1292259 0.2404010 0.5679181 0.0516568 0.1989247 0.3946162 0.5405390 0.4884387 0.3501091 0.2553014 0.1667740 0.3042649 0.1806616 0.3797802 0.4214993 0.3136392 0.3045161 0.2201026 0.3313339 0.5770517 0.2958755 0.6341092 0.5954339 0.2007009 0.3164170 0.1477416 0.5645530 0.3467040 0.2320735 0.3566484 0.2945727 0.4691870 0.4561193 0.2860391 0.2279598 0.1108958 0.4101650 0.8790639 0.6213198 0.6345372 0.5596286 0.8500180 0.7405423 0.4004229 0.1423144 0.4264235 0.0923296 -0.2329220 0.4122714 -0.0721828 0.3057315 0.6158373 0.7105154 0.4909345 0.4048782 0.6823149 0.4663379 0.4291749 0.3766350 0.4539050 0.6239144 0.2559962 0.1919462 0.1661386 -0.3482085 -0.0275565 0.5050128 0.2293301 -0.1401668 0.0104876 0.1222464 -0.0630969 -0.1620557 -0.1656945 0.5746745 0.1610025 0.3599886 0.5784772 0.0305391 0.2401392 0.4662495
0.5083207 0.2150503 0.5910571 0.3738986 0.0000000 0.0260455 0.4564092 0.7652034 0.1154207 0.0026586 0.0782977 0.3238184 0.7857628 0.3435819 0.2796152 0.3429163 0.5502794 0.3777775 0.2979927 0.2276919 0.1112461 0.4919895 0.4544131 -0.1073051 0.6911883 0.6241202 0.5452526 0.4471596 0.0159596 0.5536639 0.6670037 0.7517048 -0.1528178 -0.0191382 0.6841793 0.0057979 0.6748594 0.8503500 0.3524006 0.4021431 0.6352463 0.2349957 0.4562845 -0.1349224 0.5889752 0.7450523 0.8026615 0.7482113 -0.1050782 0.5603065 0.6856290 0.4226599 0.6274571 0.1861529 0.7188878 0.7690511 0.7839329 -0.2648945 0.5926548 0.7730252 0.7452950 0.6684217 0.7191711 0.4626009 0.8487556 0.8096744 0.8540040 0.3489902 0.7851099 0.5645433 0.6849887 0.5377156 0.5743620 0.6620288 0.7304078 0.5074221 0.5030627 0.7407580 0.7783381 0.7427237 0.4665850 -0.1328586 -0.0867541 0.2704054 -0.3044810 0.0320651 0.0226400 -0.2768190 -0.2260417 -0.1169740 0.0471726 0.1750560 0.3231801 -0.2404989 0.2340183 -0.1921208 0.1722104 0.1445440 0.0181197 -0.3793158 -0.1698902 0.3047004 0.1504338 -0.2728588 -0.2133126 0.0636179 0.0901059 0.1225406 0.0620633 -0.0300761 -0.0293334 0.0948256 -0.0456911 0.1062117 0.0551085 -0.0496440 0.0467870 0.3047697 0.0909946 0.1019735 0.1057112 0.1344551 0.2470571 0.0747168 -0.1556996 -0.0878259 0.2622599 -0.0215091 -0.1659202 -0.0583210 -0.0051829 -0.0388931 -0.0818610 -0.0507419 -0.1646576 -0.0759503 -0.1279765 -0.0734276 -0.0940704 0.3685024 -0.4198136 -0.2065374 0.3220572 0.1840029 0.0482488 -0.0640651 -0.0630230 -0.2010286 -0.0745289 -0.3161877 0.2156985 0.2673685 -0.0800301 -0.3395275 0.0052517 0.5171985 0.3548624 -0.0575573 0.5514878 0.6330348 -0.2665797 -0.0466828 -0.0162606 0.6054636 -0.0698550 0.3790887 -0.1499907 0.3728782 0.3967339 0.4921700 0.2153916 0.2566830 0.5084201 0.6530136 0.5079177 0.6144538 0.6278566 0.4566105 0.2451940 0.0316938 -0.0561356 -0.3908141 0.1230226 -0.0704477 0.4348951 0.6408978 0.6481958 0.5914480 0.5074776 0.3639450 0.2952172 0.7459963 0.5409517 0.2910492 0.0396163 0.0214199 0.5123319 0.5525279 0.6215382 0.1164058 0.5161991 0.3258087 0.0529606 0.5516242 0.3256360 0.5022546 0.4509705 0.5734601 0.3523572 0.5179275 -0.1591381 0.3930639 0.6104772 0.4111119 0.5759689 0.6781480 0.2348460 0.4465249
0.0887268 0.5284596 0.1964930 0.7498981 0.0260455 0.0000000 0.7422528 -0.0074470 0.6184908 0.7408153 0.6449582 0.7836318 -0.1234920 0.6122299 0.5658618 0.1295877 0.5573769 0.3512106 -0.1339257 0.3920405 0.8288754 -0.0572887 0.3481990 0.4723710 -0.1959414 0.1375111 0.5275311 0.3035538 0.8392299 0.4363366 -0.0813943 -0.0200434 0.4658048 0.6852051 0.1770739 0.8129585 0.2658051 0.0198667 0.5282111 0.4816867 -0.1023081 0.7767952 0.2123938 0.3558401 0.3629242 0.3350410 0.1495713 0.0366970 0.6595676 0.0562608 0.1623674 0.5222690 0.5745288 0.4741584 0.2529889 0.2338805 0.1929927 0.5521193 -0.1575785 -0.0206371 0.0319257 0.0311102 -0.0717733 0.6544247 0.1667584 0.1144466 -0.1442670 0.1671572 0.1555822 0.5212957 -0.1199576 0.5707011 0.0506140 0.1321366 0.2137205 0.3544213 0.3051029 -0.1994372 -0.0032561 0.0034299 -0.4201588 0.1093460 0.0321239 0.0742421 0.0301284 0.1472578 0.0037535 0.3088008 -0.0492274 0.5712499 0.0662788 0.3038601 0.2468481 0.0273585 0.2825394 0.1640143 0.3407208 0.1918249 0.2571283 -0.3167645 0.2121435 0.0667035 0.5222257 -0.2441535 0.0488491 0.1055048 0.4073765 0.3987275 0.0204327 0.3403157 -0.0026360 0.1742865 0.3132354 0.4876276 0.2445982 0.4049762 0.3635796 0.3343129 0.2584486 0.1763524 0.3807943 0.4052317 0.0451051 -0.0979670 -0.0889249 -0.0840254 0.5014117 0.2538944 -0.0365221 0.1754176 0.0895858 0.3228589 0.3994768 -0.1534240 -0.0862997 0.2406165 0.0567860 -0.1781438 0.0209884 0.2983183 0.1050512 -0.0139214 -0.0109830 0.0988473 0.1518500 0.3144087 0.0524614 0.0011559 0.2257906 0.1027345 0.3248275 0.0279040 0.1148801 0.4164161 0.1719276 0.1384597 0.3325440 0.2013947 0.1948339 0.3089584 0.2033552 0.0450666 -0.0631780 0.4351095 0.3756780 0.0867098 0.2206586 0.1321112 0.1700555 0.0988267 0.0364377 -0.0877103 0.0009011 0.3298903 0.6247329 0.1547499 0.1736586 0.0099324 0.5899017 0.5439497 -0.1164116 0.0953114 0.5251777 0.2291661 -0.0164736 -0.1457779 -0.4677849 -0.2716161 0.0624080 0.2699495 0.2487170 0.0648060 0.2162416 0.0809936 0.1085139 -0.0291483 0.0009529 0.1083533 -0.1937409 -0.1270695 0.0452634 -0.4508046 -0.2350173 0.2143614 0.2554252 -0.1902818 -0.3083793 0.1651837 -0.1675813 -0.5107678 -0.1673370 0.1058847 -0.1614073 -0.0019824 0.4079352 -0.1383691 0.1886377 0.5454775
0.2885374 0.3732967 0.2578812 0.5541995 0.4564092 0.7422528 0.0000000 0.2315653 0.6511642 0.5244600 0.4391706 0.8614608 0.1956802 0.6476671 0.7235536 0.2312000 0.6498386 0.6319504 0.2031532 0.4444765 0.7275266 0.1655183 0.6453988 0.2330451 0.2409031 0.4622593 0.6853384 0.4677291 0.6744278 0.6046665 0.2899916 0.4682074 0.2019658 0.4081490 0.4939420 0.6838830 0.5491702 0.4307570 0.5450404 0.4416439 0.2608675 0.7223090 0.4374050 0.2453090 0.4281647 0.5531826 0.5066458 0.5251003 0.4385855 0.2021416 0.4723161 0.4846769 0.7109708 0.3884632 0.6627304 0.5773889 0.5256867 0.3138096 0.1956220 0.3992420 0.4656905 0.3626814 0.4027640 0.7230484 0.5237358 0.6464529 0.3854433 0.2207449 0.6761729 0.7446164 0.5198914 0.6515108 0.2578941 0.2863947 0.7051043 0.5480845 0.3546972 0.3978311 0.4372558 0.3083752 0.0404933 -0.0260756 0.0216395 0.1998582 0.1336044 0.1003782 -0.1446714 0.1366266 -0.4141227 0.2420483 0.0264029 0.0984720 0.1908778 -0.1473104 0.2086296 -0.1242623 0.1447906 0.0732103 0.0613260 -0.4509298 -0.1233548 0.1164639 0.5196418 -0.5835570 -0.2697356 -0.1134735 0.2418381 0.3564707 -0.2143599 0.3815152 -0.2667054 0.0757225 0.3660351 0.5923294 0.3978828 0.4316437 0.3234063 0.2374778 0.0610092 -0.0115463 0.2487371 0.3742305 -0.0486349 -0.2573354 -0.3544274 -0.3144015 0.4197228 -0.1105602 -0.3752921 -0.1434704 -0.1690036 0.0245700 0.0791175 -0.4438555 -0.2973062 -0.1845521 -0.3196298 -0.4794964 -0.3207343 0.3394124 -0.2605921 -0.3977307 -0.2119467 -0.1610976 -0.1550607 -0.0291560 -0.2541812 -0.3416010 0.0568410 -0.3248970 0.2027196 -0.1427154 -0.2152048 -0.0459582 0.0419362 0.1615903 0.1507517 -0.0052133 0.3026105 0.4547217 -0.1375052 -0.3266879 -0.3759530 0.5682686 0.0939480 0.1276246 -0.1840518 0.2075092 0.1600301 0.0280028 0.0296271 -0.0770735 0.3389519 0.6625208 0.5299106 0.2304431 0.3589676 -0.0220786 0.5320217 0.3211813 -0.3789393 -0.1266542 0.5666884 0.3203420 0.4472199 0.1248400 0.0082444 -0.0372238 0.1932320 0.3093664 0.2565826 0.3640773 0.3437309 0.0706311 -0.0866016 -0.2244886 0.1518198 0.1838624 0.1412367 -0.1695809 0.2124401 -0.1954608 -0.4359560 0.2857800 0.4044462 0.3033278 -0.0874340 0.4773650 -0.0113224 -0.1473480 -0.3351666 0.1009766 0.3007791 0.1102203 0.4928018 0.2905543 0.3571656 0.7500861
0.4753821 0.1687296 0.5992913 0.5074949 0.7652034 -0.0074470 0.2315653 0.0000000 0.0658331 0.2046559 0.4147563 0.3697316 0.8273771 0.1189844 0.0569567 0.5361918 0.3579397 0.0130039 0.3489253 0.3237752 0.2741778 0.3022203 0.3061871 0.0959304 0.4047567 0.5033106 0.1225104 0.3543163 0.2151412 0.3844086 0.6197584 0.4664009 0.1730150 0.2958143 0.5070985 -0.0235568 0.3687707 0.5234302 0.3067488 0.3812846 0.4623101 0.1465531 0.4309128 0.0990165 0.4482343 0.3798002 0.4950580 0.4318420 0.1469142 0.3840579 0.4497343 0.3549522 0.6985921 0.3660979 0.2713398 0.3308920 0.5109831 0.0858207 0.4134002 0.4837832 0.4395959 0.4272760 0.5154792 0.5216208 0.7990511 0.5192085 0.5017821 0.5619374 0.4352870 0.5768443 0.3090303 0.6772545 0.5606764 0.8352616 0.3316872 0.5009437 0.6730417 0.3818592 0.4355473 0.4759116 0.1926159 -0.0288984 -0.1566246 0.2763871 -0.2871987 0.1680177 0.0741477 -0.3426157 0.1198675 0.1842828 0.1521647 0.2623402 0.1253401 -0.1046675 0.4623407 -0.0230992 0.1339842 0.0221149 0.1894801 -0.2692851 0.1444349 0.1449366 -0.0078902 0.1641858 -0.1294319 0.2258173 0.0819719 -0.0502691 0.0770918 -0.2060965 0.2510804 -0.0132250 -0.2583052 -0.0918474 -0.2318280 -0.1881955 -0.1191768 0.0958260 0.0745201 -0.0037023 -0.0342192 -0.0658039 0.0726971 0.1745585 -0.2373571 -0.0728491 0.0400269 0.0792277 -0.1641032 -0.0408721 0.0168123 0.1721005 -0.0946620 0.1476713 0.0490785 0.0946541 -0.0105682 0.0488995 0.0482586 0.3870576 -0.1575725 0.0055646 0.4391539 0.3790290 0.2080409 -0.2177476 0.0907982 0.0462832 0.2043680 -0.0636875 0.3367535 0.4540263 -0.0291214 -0.3113139 0.1356565 0.2941473 0.3195996 0.0147773 0.5627741 0.5712853 -0.1899805 0.1482161 -0.0661500 0.4387612 -0.1368160 0.3779987 -0.1718258 0.3560095 0.4592167 0.5518253 0.3323153 0.4221154 0.4601888 0.6483919 0.6934932 0.8631220 0.8469292 0.7534105 0.3914567 0.0909464 0.2845408 -0.3022760 -0.1038445 -0.2392874 0.0850727 0.7217597 0.5419473 0.6319953 0.7328060 0.6173383 0.1723952 0.5937920 0.7210381 0.3241966 0.0852119 0.2214353 0.5509320 0.7171329 0.5448953 0.1311730 0.4614315 0.2285862 0.1425914 0.6850455 0.3055143 0.3636187 0.4190336 0.4069850 0.3679888 0.5245858 -0.0907505 0.5338888 0.7127693 0.7144433 0.4454486 0.4409031 0.1884374 0.2867430
0.5844067 0.5267044 0.2477759 0.5162635 0.1154207 0.6184908 0.6511642 0.0658331 0.0000000 0.5632852 0.4213640 0.7449706 0.0064015 0.8807398 0.9035315 0.2498976 0.6837330 0.7534900 -0.0461745 0.4427570 0.6862068 0.3070395 0.5236389 0.7071363 0.3019955 0.4477095 0.6422195 0.6847464 0.6076561 0.6867997 0.4455500 0.4515989 0.5687690 0.6468100 0.5146601 0.8056673 0.5921092 0.4299360 0.4662743 0.7002075 0.5154531 0.7926175 0.3715619 0.5540583 0.3912629 0.5363378 0.5143687 0.5393892 0.7672042 0.4886874 0.5186473 0.5018567 0.5739441 0.6557310 0.4648518 0.5465628 0.5092500 0.6381743 0.2750382 0.3228623 0.4067934 0.4051134 0.4012539 0.6710793 0.2276783 0.4534839 0.0775318 0.2442762 0.5064231 0.6980790 0.2750330 0.6905723 0.1891949 0.3035066 0.4600626 0.7313765 0.6113661 0.2014942 0.3856474 0.3465990 0.0165723 0.2511001 0.3445702 0.4863352 0.0946476 0.2195206 0.2698830 0.4576858 0.1417836 0.2917508 0.1451851 0.4454485 0.1503882 0.3682358 0.4486063 0.4281975 0.2075513 0.0593056 0.3035697 0.0654653 -0.1055289 -0.2429035 0.3969215 -0.1053718 0.1336134 0.2526053 0.2118175 0.5155980 0.0336142 0.3313822 0.0603001 -0.0925577 0.4698551 0.6998511 0.5813518 0.6726696 0.6400668 0.4872749 0.4246265 0.3709065 0.6842689 0.6892167 0.2175266 0.1990216 0.1286517 0.1651571 0.6544150 0.2999118 0.1432273 0.3480506 0.4144474 0.3861585 0.5891275 -0.0373888 0.3447730 0.2545816 0.2078250 0.0189156 0.3209261 0.3103653 0.3180101 0.1151084 0.1004231 0.1407250 0.3935191 0.2145802 0.3755892 0.2854771 0.4508537 0.2041513 0.3026300 0.2369924 0.2637816 0.4217737 0.5408171 0.2103321 0.1365422 0.5611175 0.4333942 0.1950924 0.2600946 0.0676659 -0.0302814 0.1659443 0.4859331 0.4143539 0.1588998 0.5015515 0.4199177 0.2592146 0.5147422 0.3204759 0.4357326 0.4211132 0.4737769 0.1861972 0.1737117 0.0097809 0.4612349 0.6011094 -0.0866926 0.1944425 0.7290357 0.4529378 0.3763412 0.0860446 0.1720951 0.2209302 0.3855902 0.3520519 0.4632888 0.4623282 0.3097509 0.1982649 0.2305376 -0.1584789 0.1516736 0.2440540 0.2656193 0.1083393 0.4576633 -0.0540419 -0.1603999 -0.0295086 0.7278078 0.2341772 -0.0104372 0.3658847 0.2513064 0.0413714 0.0213637 -0.1101720 0.3633553 0.2182740 0.5698440 0.1236426 0.7009576 0.7918931
0.1802196 0.5784634 0.0535646 0.7326913 0.0026586 0.7408153 0.5244600 0.2046559 0.5632852 0.0000000 0.7068681 0.6892006 -0.1048052 0.4845425 0.4825263 0.4391534 0.3720370 0.2888078 0.0123211 0.5825858 0.7780396 0.0839290 0.4557451 0.5690041 0.0008184 0.3011029 0.2137560 0.3311574 0.7378772 0.4191252 0.1061079 -0.0106087 0.4773068 0.6404300 0.2128112 0.7325957 0.0088657 0.0259057 0.2844614 0.3408277 0.0318805 0.5538167 0.1691980 0.5112209 0.1367369 0.2209127 0.0518588 0.0960221 0.6828630 0.0373260 0.0134822 0.2475399 0.5239411 0.4740637 0.1905987 0.0913661 -0.0019151 0.6537292 -0.1554872 -0.1663079 -0.0468612 -0.1345033 -0.0552012 0.5364190 0.1799354 0.0454335 -0.3153737 0.1230649 0.1084637 0.4516015 -0.1903405 0.5360934 -0.0529499 0.1807602 0.1412097 0.3392881 0.3981507 -0.2028819 -0.1409753 -0.0155470 -0.3409837 0.5098465 0.3984110 0.2384423 0.2405102 0.4755215 0.3121389 0.4016600 0.3546772 0.5773390 0.4098600 0.5401101 0.2350458 0.2223967 0.5127895 0.3657232 0.2828078 0.3985255 0.3962034 0.0246885 0.4484554 0.3075927 0.5053824 0.0952991 0.2159027 0.3857385 0.5348435 0.4119086 0.3397630 0.2891595 0.2401877 0.2453019 0.3296030 0.4692824 0.2607967 0.3472953 0.4261863 0.3775624 0.3472152 0.1368082 0.4068530 0.3660252 0.1810875 0.0720754 -0.1298178 -0.0898480 0.3479935 0.3726805 -0.0422493 0.2868410 0.2545457 0.5385804 0.2971453 0.0774955 0.2611072 0.4215674 0.2325109 -0.0752528 0.1755904 0.1889717 0.3721390 0.0521915 0.1544279 0.1921030 0.3076476 0.4362042 0.2030123 0.2036668 0.4389159 0.1712222 0.1418693 0.1775931 0.1640105 0.4787958 0.3741656 0.0529587 0.1571226 0.4245935 0.1820557 0.0592687 0.4237068 0.1249174 -0.0920938 0.0535252 0.4491395 0.1427861 0.2258598 0.0011209 0.1344462 0.1067642 0.1547969 0.0046942 0.2246567 0.4565059 0.5943327 0.1649975 0.1798713 0.1403963 0.5604302 0.5700053 0.1303427 0.3425053 0.4055766 0.4085792 -0.1147696 -0.1336162 -0.3084549 -0.1365530 0.2049092 0.2656227 0.0130605 0.0086922 0.2045684 -0.1019549 -0.0091229 -0.0114588 -0.0707847 0.1192231 -0.1718837 -0.1810847 0.2333550 -0.1130963 0.0326410 0.2853780 0.2376645 -0.1855860 0.0098781 0.2699338 0.1618979 -0.1837472 0.1919014 0.1233014 -0.0202230 0.0181093 0.3519292 0.1539624 0.4096569 0.4867521
0.2184048 0.4491293 0.2216306 0.7354558 0.0782977 0.6449582 0.4391706 0.4147563 0.4213640 0.7068681 0.0000000 0.7697997 0.1359964 0.2519976 0.2013030 0.6669428 0.4235012 -0.0727117 0.2970337 0.3887442 0.8655712 -0.2389847 0.3804773 0.2742027 -0.1620132 0.2826553 0.0606765 0.0541186 0.7368341 0.1129368 0.1300384 -0.0970764 0.4572232 0.6199059 0.1693666 0.6130710 0.0504974 -0.0538592 0.3321557 0.2823308 -0.1090979 0.6566163 0.1953168 0.4026961 0.5129960 0.1125085 0.0448743 -0.0507938 0.6718395 -0.0337357 0.0564164 0.2274094 0.7456487 0.5933401 0.0295574 -0.0339108 0.0850986 0.7669147 0.0108111 -0.1347389 0.1756984 -0.0646140 -0.0669759 0.7851789 0.4105842 0.0531219 -0.2055512 0.5156081 0.0468142 0.6537959 -0.2163918 0.6655093 0.1079660 0.4502756 0.0636678 0.4909485 0.4506015 -0.3051233 -0.2039114 -0.0727532 -0.5857609 0.4511582 0.1419155 0.3013549 0.0187319 0.4042422 0.2419138 0.2184598 0.2783306 0.7435737 0.4775037 0.5793714 0.3351039 0.3113388 0.7255553 0.4213220 0.4513726 0.3381624 0.5867933 0.0106215 0.5655548 0.2181634 0.3746847 0.2704602 0.3550074 0.4243151 0.5115134 0.3713626 0.2533580 0.3046742 0.5212394 0.2086380 0.3403161 0.3540776 0.0973938 0.3741516 0.3178707 0.3060713 0.4498278 0.2417487 0.3217621 0.3538871 0.0877182 0.0538395 -0.0251333 -0.0504283 0.3688378 0.4592574 0.0001022 0.2376776 0.1732169 0.5984871 0.3946874 0.1780478 0.2055329 0.4300150 0.2346976 0.1087095 0.1748072 0.3187051 0.3410612 0.2714282 0.3269417 0.3465621 0.3717053 0.2182124 0.2961511 0.3559357 0.5821490 0.3260755 0.3153711 0.4185577 0.3737809 0.4068617 0.4400876 0.2077737 0.4907984 0.4094804 0.4540686 0.3100969 0.4032208 0.4313203 0.1435030 0.2935277 0.4056229 0.3523633 0.3590254 0.2496910 0.4298314 0.3866961 0.2988732 0.2331893 0.2231838 0.2284515 0.6755841 0.3872000 0.4222066 0.2679330 0.7255648 0.6042978 0.2404548 0.3053101 0.3989921 0.2144605 -0.1279273 0.2307798 -0.2244151 0.0329691 0.3808702 0.5055096 0.1896523 0.0670751 0.5170329 0.0904267 0.1003706 0.0324515 0.0521515 0.3967163 -0.1756559 -0.0856456 0.1621504 -0.3249485 0.0540723 0.5303976 0.3812897 -0.1913150 -0.0321425 0.2011586 0.0080735 -0.3301997 -0.0288530 0.3153246 0.0313392 0.3406796 0.3863223 -0.1959663 0.0948254 0.3133371
0.4552928 0.5016603 0.3359801 0.7116087 0.3238184 0.7836318 0.8614608 0.3697316 0.7449706 0.6892006 0.7697997 0.0000000 0.2026864 0.6020100 0.6545174 0.4992401 0.6197274 0.4099241 0.2871984 0.5592963 0.9487119 0.0255063 0.5838715 0.3654860 0.0673476 0.4768085 0.4655210 0.3895907 0.8321372 0.4811116 0.3847382 0.3085389 0.4130341 0.6222789 0.4465090 0.7678513 0.4617371 0.2846934 0.5386309 0.5086411 0.2067149 0.8329015 0.3756837 0.4252338 0.5325333 0.4181278 0.4172332 0.3910923 0.6697886 0.2408948 0.4025467 0.4124681 0.8252567 0.5750133 0.4400796 0.4110070 0.4741569 0.6421589 0.2421020 0.2347709 0.3979313 0.1980605 0.2807714 0.8849149 0.5071404 0.5406869 0.1472859 0.3697609 0.5270409 0.8466828 0.2672496 0.7912234 0.1673523 0.4350062 0.5473646 0.6562790 0.5042864 0.1253395 0.2090681 0.1419623 -0.2629624 0.1557474 0.0745267 0.2400128 -0.0078287 0.1823358 -0.0104697 0.2427941 -0.1545242 0.4519417 0.2777357 0.3821395 0.2618152 0.1520714 0.4592335 0.1271463 0.3161368 0.1092019 0.2568281 -0.2358739 0.0750719 0.0784867 0.4325665 -0.2275194 -0.0214531 0.0748340 0.2478964 0.3563569 -0.0954707 0.2942436 0.1293307 -0.0465150 0.3861138 0.6198878 0.3035531 0.5505360 0.4471676 0.3061016 0.3078668 0.1129198 0.3821183 0.4909048 0.0678811 -0.0637834 -0.2162729 -0.2051023 0.4520902 0.2484812 -0.2243743 0.0356222 0.0183326 0.3917225 0.3064677 -0.2053956 -0.0029973 0.1615023 -0.0864459 -0.2305657 -0.0527083 0.3802351 0.0822359 -0.0375083 0.0300607 0.1157485 0.1189810 0.0203517 0.0690114 0.0453793 0.4067533 0.0554761 0.3560610 0.1938714 0.0846803 0.2037766 0.3733813 0.2527645 0.3229920 0.2607091 0.4713150 0.3898735 0.0905839 0.0076556 -0.1723897 0.4335157 0.2709719 0.3560434 0.0439176 0.4352535 0.4558570 0.2606572 0.3061841 0.2325827 0.4467274 0.5842401 0.6757601 0.3847556 0.4617431 0.1228586 0.6927930 0.4942769 -0.1803382 0.0609062 0.6155036 0.3278108 0.3253742 0.2063338 0.0066537 0.0792546 0.3465843 0.4732868 0.3015586 0.3090194 0.5025260 0.1316029 0.0171170 -0.2164615 0.1515652 0.3309339 0.0555923 -0.1258112 0.3118192 -0.2629343 -0.2508006 0.4594715 0.5890364 0.2559791 -0.0672645 0.5131016 0.0757953 -0.2050983 -0.2169525 0.1647955 0.3123332 0.3544092 0.5810186 0.1479479 0.3648934 0.7169810
0.3821848 -0.0147781 0.6273736 0.2470387 0.7857628 -0.1234920 0.1956802 0.8273771 0.0064015 -0.1048052 0.1359964 0.2026864 0.0000000 0.1913392 0.1173284 0.4003531 0.4872828 0.1745709 0.4693530 0.2035792 0.0905284 0.2182119 0.3631013 0.0355561 0.4966673 0.5447185 0.2805022 0.4813600 0.1368048 0.4596301 0.7023187 0.6822250 0.1953339 0.1823978 0.5957870 -0.1749158 0.5577088 0.6136842 0.4867623 0.4477415 0.5993298 0.1351794 0.6433350 0.1974075 0.5132647 0.5247753 0.6644666 0.5144604 0.1157212 0.4229038 0.6913733 0.4487942 0.6141222 0.3516639 0.2203744 0.4564258 0.6545743 0.0149561 0.4893909 0.7358969 0.5468237 0.5722769 0.4653681 0.3169162 0.7076804 0.5947169 0.7189024 0.5235577 0.4205637 0.4362274 0.4791842 0.4947715 0.6676681 0.6599132 0.3550581 0.4463269 0.5052709 0.5151973 0.5659487 0.5308614 0.2050702 -0.1487218 -0.2501547 0.2950617 -0.4912837 0.1823720 0.1062344 -0.6904084 -0.0850156 -0.1393573 -0.0135539 0.0852212 0.1225777 -0.3893848 0.2905214 -0.0950668 0.2152403 -0.0701047 -0.0025190 -0.5031125 -0.1988541 0.0071784 0.1028365 -0.1838785 -0.1916247 0.0051553 0.0167908 0.0090610 -0.1326791 -0.2717104 -0.1042537 -0.1166153 -0.3071001 -0.1044317 -0.2223738 -0.2973561 -0.2055275 0.0144299 -0.1373005 -0.1644949 -0.1349570 -0.1205612 -0.1076922 -0.0896810 -0.2613931 -0.2887403 0.0508745 -0.0175557 -0.2974597 -0.2486937 -0.1580880 -0.1506030 -0.2198219 -0.1501707 -0.1969393 -0.0764875 -0.2339590 -0.1208985 -0.1107442 0.0113471 -0.4026130 -0.2720775 0.2364475 0.0021312 -0.0092336 -0.3120584 -0.0540905 -0.1560006 -0.1624592 -0.3446652 0.0726049 0.1929064 -0.1660103 -0.4296061 -0.0772828 0.1281434 0.2609215 -0.1387492 0.3266887 0.4181513 -0.3073982 -0.0276696 -0.1876863 0.4560252 -0.2049261 0.2139238 -0.3368630 0.2174677 0.2564248 0.4386313 0.0614853 0.1642396 0.3097926 0.5974254 0.4906854 0.7046429 0.6522118 0.5517801 0.1194130 -0.1766825 -0.0065305 -0.6673466 -0.2850867 -0.5204076 0.2030701 0.6748032 0.5518393 0.5427632 0.5348597 0.3377981 -0.0101282 0.6239283 0.4201095 0.1306454 -0.1617200 -0.0066624 0.3043663 0.4175994 0.4739034 -0.1421517 0.4680388 0.2987178 -0.0761305 0.3787834 0.3643138 0.3014919 0.1472974 0.4172391 0.3778875 0.5373745 -0.2524900 0.1694500 0.6546780 0.5073823 0.2395048 0.4450293 0.0482448 0.1612069
0.5155099 0.5401731 0.3509530 0.5499993 0.3435819 0.6122299 0.6476671 0.1189844 0.8807398 0.4845425 0.2519976 0.6020100 0.1913392 0.0000000 0.9116841 0.1666478 0.8361394 0.8817609 -0.1113847 0.3739488 0.5137936 0.4080186 0.5747334 0.6827125 0.4859772 0.5588079 0.8573115 0.8204601 0.5073364 0.8756434 0.4930639 0.6227517 0.5229841 0.6000691 0.6786807 0.6877463 0.7706934 0.6513543 0.6287337 0.8357536 0.6547936 0.7284054 0.5042681 0.4910511 0.4707811 0.8173860 0.7264411 0.6548183 0.6633917 0.6441974 0.7189078 0.7172815 0.5911739 0.6715182 0.6075747 0.7495610 0.6779988 0.4254133 0.3206825 0.5577460 0.4942569 0.6143574 0.4451419 0.5777924 0.3139639 0.5185416 0.3154121 0.2332722 0.5602920 0.6361204 0.3559402 0.6622756 0.3769541 0.3228811 0.5215985 0.6951441 0.6221812 0.3425367 0.5761700 0.5633642 0.1349093 0.2022551 0.3230172 0.5028103 -0.0172110 0.2933991 0.3871361 0.2855080 0.1409432 0.1934891 0.0232341 0.4200328 0.2859514 0.1710069 0.3851552 0.3567796 0.2861733 0.2073369 0.2474070 -0.1154372 -0.1710961 -0.1009961 0.5023773 -0.2557741 0.1148435 0.2569470 0.3413616 0.5756431 0.1307765 0.2729750 -0.1096083 0.0724728 0.3797796 0.6027358 0.5498234 0.4887210 0.5550987 0.6006598 0.3730610 0.3753442 0.6557929 0.6153310 0.2585607 0.1665881 0.1488696 0.1510757 0.7134967 0.2868485 0.1666131 0.3386973 0.4248707 0.2761458 0.5109112 -0.0843694 0.2283470 0.2616774 0.1879709 0.0132796 0.3148841 0.2413467 0.1312517 -0.0284960 0.1710458 0.0992755 0.3743695 0.3646986 0.3210235 0.1538594 0.2440313 0.0085720 0.2037220 0.1825573 0.2132423 0.3707369 0.3685448 0.2887915 0.1795994 0.4789925 0.3725352 0.2626021 0.1980816 0.0207038 0.0112670 0.2798951 0.4760685 0.3561122 0.1632856 0.3878735 0.2952666 0.2984851 0.3758809 0.1614319 0.3245142 0.4885633 0.5371841 0.2338355 0.1670274 0.1031000 0.3443071 0.5178773 -0.0974983 -0.0258231 0.5878811 0.2797485 0.3679892 0.1136159 0.2094031 0.2613065 0.3454710 0.2295984 0.4117022 0.5778790 0.2147447 0.1737104 0.1803341 -0.1003459 0.1548090 0.2159191 0.3314288 0.0655027 0.5343603 0.0990436 -0.0913705 -0.0278219 0.6430769 0.1514015 0.0326661 0.3903238 0.3090775 0.1485466 0.0553329 -0.1088154 0.2999154 0.1005526 0.5603393 0.2672862 0.6312735 0.7596585
0.5937120 0.6012263 0.3887878 0.3736588 0.2796152 0.5658618 0.7235536 0.0569567 0.9035315 0.4825263 0.2013030 0.6545174 0.1173284 0.9116841 0.0000000 0.2305647 0.7578866 0.9074608 0.0534823 0.5940423 0.5306351 0.4198423 0.6908463 0.6753348 0.4706027 0.5455933 0.7625601 0.8281501 0.5650872 0.8475771 0.5330735 0.6517558 0.5027179 0.5015732 0.6713844 0.6684883 0.6776093 0.5766529 0.5818665 0.7372287 0.6349556 0.7307652 0.5825980 0.5786964 0.3470163 0.6914356 0.6564653 0.7109097 0.6521883 0.5380895 0.6556424 0.5873658 0.5156395 0.5760027 0.5727664 0.6918627 0.5888915 0.4234553 0.3869272 0.5344964 0.4573102 0.4825738 0.4144346 0.4978185 0.2073670 0.6031963 0.3111621 0.0071704 0.6034430 0.5641291 0.5219333 0.5620234 0.1396606 0.1390163 0.6469281 0.5640667 0.4605695 0.4848882 0.4930631 0.4270728 0.2001041 0.1534793 0.3885666 0.5036430 0.1198344 0.2950333 0.2011667 0.3022158 -0.0536500 0.0035439 0.1533720 0.3486162 0.2565793 0.1098799 0.2870621 0.2854054 0.3025817 0.1295223 0.0599992 -0.1150145 -0.3327990 -0.0895906 0.5863602 -0.4192628 0.0497173 0.1137160 0.2121955 0.5310790 -0.0254399 0.3127947 -0.2155561 -0.1563094 0.3484599 0.6201062 0.5216257 0.4621908 0.4937363 0.3895965 0.1752372 0.1793021 0.5389620 0.5784729 0.2481348 -0.0704134 -0.0897023 -0.0454533 0.5827952 0.1905953 -0.0561713 0.1570400 0.2230334 0.2111406 0.3966822 -0.2783197 0.2140589 0.1554936 0.0218529 -0.2058001 0.1418856 0.1302163 0.1674851 -0.1549454 0.0253798 -0.1112760 0.1790823 0.2012260 0.1816507 0.0676112 0.2258721 -0.0134204 0.2414109 0.0327066 0.0287025 0.3003625 0.4126069 0.1823211 0.0486179 0.4107334 0.2334032 0.1405624 0.1740154 -0.1449188 -0.1783746 0.2130675 0.4254606 0.3679105 -0.0460188 0.3603808 0.2330416 0.1784348 0.3202759 0.1149360 0.5190529 0.6050721 0.3775428 0.0679268 0.0412509 -0.1501487 0.2167971 0.3522886 -0.3707652 -0.0348258 0.6297151 0.4155817 0.5574345 -0.0656076 0.1847194 0.0775205 0.2041471 0.1181542 0.2770166 0.5407945 0.1035601 -0.0358618 -0.0311585 -0.3601646 0.0225574 0.0657921 0.2686652 -0.0896887 0.5924732 0.1439181 -0.2081693 -0.1267822 0.6985564 0.3217160 0.0066499 0.5540887 0.4260534 0.1797958 0.0204055 -0.3039142 0.3960893 0.0251780 0.5816959 0.4011360 0.7801278 0.8865299
0.5316630 0.5571604 0.3890903 0.2857770 0.3429163 0.1295877 0.2312000 0.5361918 0.2498976 0.4391534 0.6669428 0.4992401 0.4003531 0.1666478 0.2305647 0.0000000 0.4224395 0.0538330 0.7616756 0.6280770 0.4803809 -0.1002218 0.7074292 0.1054479 0.3266228 0.6944105 -0.0356257 0.1816462 0.3942047 0.1821313 0.6108460 0.3392133 0.2769260 0.1957664 0.5493720 0.1860784 0.1849248 0.2945494 0.3127359 0.2427208 0.3221332 0.4086937 0.4795864 0.5010823 0.4807647 0.3158368 0.3525863 0.3773148 0.4360200 0.2439316 0.3355820 0.0666760 0.5943131 0.5361968 0.1642616 0.1666899 0.2671490 0.5181910 0.5440305 0.2447037 0.4670591 0.0920748 0.0345660 0.4582632 0.4020719 0.3617792 0.1943320 0.2547807 0.2383112 0.4797564 0.2494543 0.3854652 -0.0066106 0.2908280 0.3672188 0.3573824 0.2604641 0.1926968 -0.0706118 0.0607681 -0.2886367 0.6267688 0.5304940 0.5253179 0.0268535 0.6918031 0.4747262 0.0812184 0.2312453 0.1310297 0.8528137 0.6955976 0.6616801 0.3431647 0.6976079 0.4470538 0.6718390 0.6100772 0.3232512 0.2409671 0.2032227 0.5563371 0.4788741 0.1359561 0.5577626 0.4100681 0.4397683 0.3839100 0.3985490 0.1576605 0.4476319 0.0018747 0.2621834 0.2146517 0.0414477 0.1533986 0.2268670 0.2511723 0.3061712 0.1002118 0.2199248 0.2942481 0.3594625 -0.0942884 -0.0870034 -0.1974703 0.2166784 0.5687597 -0.0956653 0.0788941 0.1368144 0.6157117 0.1967473 0.0607897 0.4281000 0.5226284 0.1551224 0.1196698 0.2057418 -0.0375762 0.4316272 0.1658145 0.4789510 0.1261686 0.2878563 0.2232422 0.3692755 0.4390526 0.5659081 0.2291003 0.1353606 0.4705760 0.3336296 0.3291018 0.6386759 0.3545850 0.3448277 0.5361551 0.3206637 0.0264889 0.4972137 0.3989052 0.1778093 0.0075717 0.4634001 0.6328301 0.2101325 0.2783416 0.4125042 0.5059410 0.3782881 0.3088551 0.6832136 0.3793933 0.3638841 0.2046698 0.1715944 0.0530822 0.2113486 0.2051391 -0.0584848 0.1784475 0.2583244 0.3106929 0.3355482 0.1788684 0.2148082 0.1471206 0.2296077 0.0883597 -0.1205811 0.2213822 0.2315741 -0.3157082 -0.3063982 -0.4132712 -0.1936601 0.1896844 -0.1124485 -0.2939407 0.6535919 0.3560229 0.3548315 0.4711819 0.6176739 0.1229026 0.3656291 0.6663958 0.6183977 0.2127475 0.3211337 -0.0561036 0.2451035 0.2354975 0.4254664 0.3565047 0.3028808 0.3377356
0.5265609 0.5715986 0.5933527 0.5869236 0.5502794 0.5573769 0.6498386 0.3579397 0.6837330 0.3720370 0.4235012 0.6197274 0.4872828 0.8361394 0.7578866 0.4224395 0.0000000 0.7191906 0.1792289 0.4008363 0.5331537 0.3532651 0.7176649 0.4866816 0.5701763 0.6043526 0.8469564 0.7603022 0.5239715 0.7990279 0.5411142 0.6815902 0.4720850 0.4917657 0.7228505 0.5990132 0.7402745 0.6922071 0.6619208 0.7643599 0.6216181 0.8248082 0.6947481 0.4598575 0.7868771 0.8622168 0.7592858 0.6386541 0.6255637 0.5088286 0.7571226 0.7357338 0.8070428 0.6848241 0.5572844 0.7404613 0.6877610 0.4119471 0.4085941 0.6447778 0.7124514 0.6600407 0.4337361 0.6774539 0.5640430 0.5505979 0.4767113 0.4095703 0.5449410 0.6888874 0.4304914 0.7131798 0.4919060 0.4595128 0.5561358 0.7192157 0.6267278 0.4372068 0.5866648 0.6580175 0.0647602 0.2657212 0.2644357 0.7035708 -0.1447742 0.4354645 0.4058787 0.0003957 0.0922432 0.2127751 0.2048614 0.5421070 0.4798218 -0.0310598 0.6194691 0.4504093 0.5700328 0.3440164 0.3989198 -0.2730773 -0.0359758 0.0698880 0.6930156 -0.2751346 0.2524440 0.3987831 0.5390584 0.7075579 0.2211880 0.3962260 -0.0099920 0.1900134 0.3392563 0.4891783 0.4222449 0.3095327 0.4099203 0.5744439 0.3263453 0.3896421 0.5660430 0.5771047 0.2766120 -0.0327725 0.0684961 0.0085626 0.7829691 0.3077789 0.0615414 0.2901261 0.3065812 0.1961230 0.4940729 -0.0497095 0.1051640 0.2433123 0.1927658 0.0139829 0.2178531 0.2072460 0.0152548 -0.0686162 0.3664943 0.0732711 0.3782242 0.3425214 0.2842847 0.1324533 0.1456199 -0.0349502 0.2646997 0.2620487 0.2588634 0.3001286 0.3273943 0.3627162 0.5112590 0.4333847 0.4841126 0.4780877 0.2861042 0.2059322 0.1084675 0.5934494 0.5310654 0.4503221 0.1854510 0.3302735 0.3678846 0.5310279 0.2668821 0.0940327 0.3954893 0.5118758 0.6250203 0.3352411 0.2859539 0.1261554 0.4018419 0.4847267 -0.1063974 -0.1451361 0.5160181 0.1387562 0.3363442 0.3139262 0.1863000 0.2614360 0.4400648 0.3166262 0.3924419 0.7271732 0.3514164 0.1135023 0.0871633 -0.1246790 0.1497799 0.3436550 0.3279792 -0.0530646 0.5966900 0.0785430 -0.0958308 0.0858685 0.6738683 0.0249800 0.0307612 0.4506103 0.3668122 0.1560989 -0.1044611 -0.0295152 0.3358381 0.1215711 0.6499197 0.2620051 0.5074204 0.6898192
0.4330918 0.3613815 0.2140464 0.2362376 0.3777775 0.3512106 0.6319504 0.0130039 0.7534900 0.2888078 -0.0727117 0.4099241 0.1745709 0.8817609 0.9074608 0.0538330 0.7191906 0.0000000 -0.0276212 0.3256411 0.2591401 0.5441465 0.6395883 0.5156923 0.6777344 0.5412141 0.8404316 0.8307703 0.2703652 0.8569662 0.4997066 0.7588439 0.2853361 0.2780455 0.6619025 0.5255820 0.6989926 0.7119664 0.4501168 0.6160531 0.7288187 0.5335429 0.5217192 0.3841895 0.2870560 0.7732514 0.7130654 0.7793550 0.4189146 0.5242623 0.6823854 0.5327446 0.3988264 0.4160960 0.6977549 0.7870102 0.6054088 0.1743638 0.3265018 0.6206612 0.5507093 0.6267515 0.5574408 0.3355096 0.2757832 0.6042201 0.4501373 0.0358062 0.6688759 0.4651251 0.6155635 0.4336720 0.3202220 0.1390067 0.6448130 0.5585192 0.4289082 0.6144568 0.6868577 0.6281601 0.4411341 0.1487596 0.3799517 0.5304515 0.1628349 0.2691189 0.2853388 0.1809353 -0.0423411 -0.1102167 -0.0329777 0.2028779 0.1529140 -0.0286746 0.2057972 0.2021392 0.1011200 0.1320723 0.0689267 -0.1440074 -0.3575323 -0.0744235 0.5238571 -0.4725758 -0.0560120 0.1156296 0.2527682 0.5492864 0.0244981 0.3446811 -0.3673710 0.0581206 0.3817932 0.5873364 0.6416245 0.3952485 0.4635417 0.4486853 0.1316331 0.1966846 0.5049957 0.5105841 0.1722717 -0.0208400 -0.0182024 -0.0123084 0.5749780 -0.0275563 -0.0391996 0.1488743 0.2335528 -0.0477789 0.2500776 -0.2599322 0.0769160 -0.0628297 -0.0159999 -0.2150777 0.0632561 0.0759854 -0.0741469 -0.3274118 -0.0544030 -0.2086530 0.1084684 0.2254642 0.0556462 -0.1162063 -0.0234217 -0.2824107 -0.0223714 -0.1048166 -0.0573026 0.1208216 0.1684567 0.1144902 -0.0572196 0.2921219 0.1910698 0.1490451 0.0600252 -0.2691673 -0.2095888 0.2120997 0.3072328 0.1813118 -0.1028731 0.1719776 0.0437064 0.0623778 0.1665834 -0.0526633 0.3699654 0.5317645 0.2330709 0.0080334 0.0108343 -0.1173067 0.1226144 0.2839123 -0.2889664 -0.1029613 0.5063926 0.3462924 0.5155198 0.0434106 0.3091494 0.1858410 0.2183325 0.0495931 0.2628217 0.5887378 0.0329960 0.0024329 -0.0148220 -0.2279067 0.0695603 0.0260129 0.3999712 -0.0399665 0.4913571 0.2524340 -0.2465879 -0.2551947 0.5200674 0.2692080 0.0639711 0.4107537 0.3532069 0.3116448 -0.0046546 -0.2704209 0.3884242 -0.1142120 0.4210356 0.4726611 0.7002896 0.7281761
