0.0000000 0.4495645 0.5005625 0.2075747 0.4873550 0.1037563 0.3236077 0.3364782 0.1478024 0.2341265 0.1922917 -0.0409523 0.2204008 0.2317217 0.3853966 -0.1548159 -0.0673563 0.5054837 -0.3072549 0.5196403 0.1345147 -0.0113615 -0.1160850 0.2749931 -0.2528493 -0.1436337 -0.0936412 0.4181225 0.0044224 0.1666940 0.3472446 -0.2085092 0.3195371 0.2341675 -0.1625895 0.1226100 -0.2169504 -0.1749993 -0.0886060 -0.0872655 -0.0792880 0.1187918 -0.1753859 0.3245839 0.3584079 -0.2069746 -0.2109078 -0.2466442 0.3778753 -0.5035682 -0.2721790 -0.1483409 0.2520933 0.1198493 -0.2083527 -0.3190814 -0.2216016 0.2765402 0.2190295 -0.2817937 0.2459466 -0.1229594 0.1077872 0.4128267 0.2493472 -0.0595680 -0.3163682 0.0411238 -0.0647478 0.1949155 -0.1622064 0.2313731 -0.0439724 0.3969909 -0.0920464 0.1988092 0.1348719 0.1234013 0.2914745 0.2550949 0.2928514 -0.0981793 0.0593302 0.0202797 0.0704079 0.0672314 -0.1051435 0.0060562 -0.0507719 -0.0140420 -0.0780081 0.0059927 0.4397794 -0.1812230 -0.1072484 -0.3264952 0.2119990 0.5022139 -0.0754544 -0.1076182 -0.1814651 0.2466194 0.2248225 -0.0198244 0.0284869 -0.3921090 0.3341504 0.3669190 0.5527787 0.6105888 -0.0245178 0.7933569 0.4887096 0.5965259 0.5338007 0.8002979 0.5868796 0.6067803 0.7287071 0.7189891 0.6889360 0.3860215 0.1768530 0.4657998 0.7506311 0.4753814 0.0291365 -0.1375020 0.2754471 0.4137268 0.4433156 -0.0685866 -0.0886443 0.4006757 -0.1706653 -0.1197509 0.2187665 0.0795302 0.0322151 0.0884266 -0.2710475 -0.0549771 -0.2626921 0.2037418 0.3028130 -0.2532019 -0.0662717 -0.0850493 -0.4238731 -0.2351362 -0.2171712 -0.0301372 -0.1213527 -0.3677528 -0.1786301 -0.0829902 -0.1688665 -0.0786477 -0.2703600 0.0514430 -0.1735672 -0.2572768 -0.2188436 0.0899118 -0.0883127 -0.3209492 -0.2399030 -0.3912613 -0.2138927 -0.1359825 -0.3412338 -0.3477055 0.7602226 0.3497902 0.3975040 0.0273411 -0.1388787 0.3790042 -0.1183569 -0.2688949 -0.2960052 -0.1513077 0.0791077 0.0245954 0.3423315 0.3480073 0.4194144 0.4969422 0.0934922 -0.1778478 0.6849130 -0.1443724 -0.1751649 0.3178335 0.6522083 0.4910701 -0.0300654 -0.0602506 0.0285857 -0.0451944 0.4237617 -0.0126140 0.6711489 0.6570102 0.6962838 0.7275531 -0.0331991 0.5541426 0.4399849 0.2082355 0.7441784 -0.0756242 0.6908420 0.3985604 -0.1387614 0.5572104 0.5217040 0.4426346
0.4495645 0.0000000 0.4004670 0.2747606 0.2897802 0.6834927 0.6070602 0.0711387 0.3774937 0.3913819 -0.2826846 0.0735907 0.2972387 -0.1977523 -0.0135963 -0.3966191 -0.3886752 0.5020481 -0.0204914 0.0379363 0.2646784 -0.0780973 -0.5038901 0.4492055 -0.2492101 -0.4727325 -0.4842326 0.3270578 0.2324652 -0.2595695 -0.0762573 -0.4118902 0.3618140 0.1345023 -0.5626876 0.7941002 -0.4113220 -0.2385988 -0.5015555 -0.3859244 -0.3206481 0.8831099 -0.5889206 0.2210012 0.6373631 -0.3685800 -0.4109085 -0.3748546 0.2174618 -0.6086824 -0.5555681 -0.5206411 -0.1020419 -0.3043069 -0.3926909 -0.4102941 -0.2883258 0.0154648 0.8605784 -0.5744792 0.8995051 -0.4936968 0.2695680 0.1164895 0.2722732 -0.2007099 -0.4892264 -0.2873968 0.0289151 -0.2075439 -0.2319148 -0.2377965 -0.3540845 0.3310219 -0.0311225 -0.2971438 -0.5031621 -0.2109590 -0.1559863 -0.1020499 0.2508180 0.3809718 0.4803196 0.4500031 0.4546651 0.2352188 0.2290193 0.4460631 0.1857091 0.1860235 0.2337704 0.3535512 0.0841848 0.4193858 0.1096878 0.3010918 0.3451550 -0.1620771 0.0950905 0.5399482 0.1389545 -0.1489420 0.2167791 0.2201492 0.2282457 0.2123279 0.0102646 0.3210797 -0.0224458 0.3042655 0.0269806 0.0481995 0.2046852 0.1316994 0.0675936 0.1314733 0.1372289 0.1028658 0.2729565 0.0960396 0.3131607 0.3245668 0.2405301 0.3644107 0.1218880 0.0615138 0.2649659 0.2875636 -0.2880675 0.2657470 -0.1273867 0.0715079 0.0494172 0.2247626 -0.0177177 0.0523976 -0.1045772 -0.3841996 -0.2442037 -0.1308947 0.0309943 -0.3652138 0.2069649 -0.0107515 -0.0866312 0.1351921 -0.2183887 -0.1619370 0.1619618 -0.2157658 -0.0140542 -0.0710713 -0.2199651 0.0707137 -0.1492933 0.1535185 0.1715335 -0.0372175 0.2658531 0.0446365 0.1391417 0.0973384 0.3300798 0.1867544 0.1460522 0.1508915 0.1996624 0.1388747 0.1194493 0.3076408 0.2339187 0.1189352 0.2822796 0.3031445 0.3525215 -0.0822861 0.2252409 0.5427940 0.5345690 0.5319097 0.5040381 0.6806893 0.7912794 0.7460077 0.8167433 0.8217290 0.8743068 0.4680826 -0.2006887 -0.5425871 0.1139338 -0.5117391 0.0929471 0.2576314 0.2769644 0.2771284 -0.2521906 0.0493558 0.4042837 -0.2997390 0.3467302 0.2449706 0.2463565 0.0880548 -0.0389794 0.7156136 -0.3999993 0.2158805 0.1439474 0.0492958 0.0978836 -0.2170504 0.1512968 -0.3457925 -0.4470990 0.4585410 0.4801810 0.4769271
0.5005625 0.4004670 0.0000000 0.8928567 0.9013269 0.6165978 0.2726325 0.8473402 0.6063204 0.7341221 0.5041462 0.3452971 0.7605445 0.5805426 0.6050336 -0.1638851 0.1296658 0.8007546 -0.0554866 0.6015785 0.3417172 0.3755296 -0.2010171 0.7726842 0.0206932 -0.0775217 -0.0056898 0.8179861 0.3453327 0.4425993 0.4920151 0.0389235 0.7851215 0.7979848 -0.1841261 0.2154961 -0.0674285 0.1984947 0.2972901 0.2936511 0.2611645 0.2504531 -0.1272523 0.7953007 0.6899782 0.0637938 -0.1393594 0.2111240 0.8752381 -0.1254519 -0.2824421 -0.0163793 0.7962491 0.1917981 0.1902575 0.1187472 0.0046929 0.5423799 0.2948718 -0.3425922 0.4566024 -0.3005943 0.6286135 0.8682301 0.9142256 0.2884137 -0.3557516 0.0409710 0.4014973 0.2586122 0.1562182 0.7278331 -0.0082091 0.9348814 0.5535276 0.2655807 0.3240172 0.3804884 0.4944899 0.4548785 0.7683552 -0.2665305 -0.2707365 -0.2711646 -0.4708413 -0.3920572 -0.2983985 -0.3733872 -0.3940776 -0.4703544 -0.2819389 -0.0385615 0.3260472 -0.3183092 -0.2840152 -0.0004446 -0.0149121 0.0587435 -0.3268342 -0.2438200 -0.3545276 -0.1298148 -0.2449627 -0.0795344 -0.1375735 -0.2602245 -0.2778898 -0.0920227 -0.0420144 0.3939885 -0.4018226 0.2164526 -0.1886352 0.5464110 0.5361843 0.4142123 0.5611760 0.5429671 0.4950174 0.4121984 0.6578386 0.6039942 -0.0730666 0.2040895 0.4096994 -0.1600781 0.2976388 0.0361109 -0.3297486 0.2469063 -0.0172670 -0.2658248 -0.1126850 0.0424761 -0.4166403 -0.3009514 -0.1586517 -0.3464947 -0.3623078 -0.2813738 -0.2234183 -0.4263547 0.1510626 -0.1291175 -0.0667506 -0.1269498 -0.3313717 -0.3579843 -0.1199507 -0.4476858 -0.3415633 -0.2528415 -0.3201428 -0.0240417 -0.4114851 -0.0854383 0.0815642 -0.2049842 0.0688435 -0.2498854 -0.1784493 -0.2557148 0.0957218 0.1001213 -0.1173242 0.0343929 0.1276462 -0.0236589 0.1048989 0.0183539 -0.0530398 -0.0676696 0.0482694 -0.2656057 -0.1913463 -0.1494508 -0.0419763 0.1181726 0.0625039 -0.2360210 -0.2524688 -0.0489767 0.1734547 0.1394382 0.5389479 0.6373136 0.6351867 0.8470340 0.5890091 0.2694252 0.2593518 0.0754557 -0.1175882 -0.1957331 0.0399749 0.0297212 -0.4031281 0.0375468 0.4338062 -0.3422331 0.0306753 0.0660271 0.2262789 -0.0923359 0.2606860 0.6640961 -0.1172442 0.6047385 -0.0344064 0.3391317 0.2248675 -0.4415396 0.4859395 0.0559167 -0.2829486 0.6273553 0.6103522 0.5187709
0.2075747 0.2747606 0.8928567 0.0000000 0.7816654 0.7526301 0.2825752 0.8189982 0.7568645 0.8454023 0.5122259 0.5793197 0.6890877 0.6451481 0.6541548 -0.1663668 0.1447400 0.7672069 -0.0104519 0.3035081 0.4910560 0.4194529 -0.2024753 0.8479621 0.0912144 -0.0651370 0.0547710 0.8080834 0.5345510 0.5577445 0.3103508 0.1309801 0.7797953 0.9134786 -0.1721663 0.2427430 -0.0217495 0.3240088 0.4759466 0.5273056 0.3106152 0.2291045 -0.0857589 0.8058952 0.6238450 0.1231869 -0.1350568 0.3613450 0.8870237 0.1170276 -0.2059942 0.1432346 0.8414885 0.4039721 0.3284346 0.2561165 0.0726796 0.7040754 0.3120180 -0.2168795 0.4234751 -0.1048707 0.5830444 0.8681079 0.9017873 0.3270231 -0.1991886 0.3030874 0.4516243 0.4559057 0.2498140 0.7458254 0.1764096 0.8531452 0.6154567 0.4483029 0.4510669 0.4391249 0.6327312 0.5324270 0.7448306 -0.2951877 -0.3545206 -0.2852894 -0.5030886 -0.5006673 -0.3737955 -0.3429900 -0.4683793 -0.5036572 -0.3945559 -0.1672239 0.1363225 -0.2072398 -0.3892282 0.0110432 -0.1921857 -0.1200906 -0.4081093 -0.2163561 -0.3884376 -0.2154296 -0.4407997 -0.1169298 -0.2682640 -0.2475830 -0.3718827 -0.3184063 -0.2710839 0.2868221 -0.5319817 0.0261077 -0.4483083 0.4234180 0.5026366 0.2527555 0.5220257 0.4682267 0.3982170 0.3013282 0.5364002 0.5463932 -0.3061562 0.0902932 0.2843760 -0.2749075 0.1579635 -0.0794671 -0.3548353 0.0028820 -0.1911589 -0.3893856 -0.2624712 -0.1496497 -0.5158601 -0.4027616 -0.3215548 -0.4074437 -0.4636044 -0.3059888 -0.2749556 -0.4708989 0.1195467 -0.2049427 -0.2105215 -0.1793553 -0.4171796 -0.4610743 -0.1186795 -0.4484170 -0.3432423 -0.2675814 -0.3859813 -0.0146628 -0.5286251 -0.0824440 0.0691459 -0.3078236 0.0621774 -0.3590518 -0.3317827 -0.2707587 0.0885303 -0.0123323 -0.2674916 0.0487445 0.1219949 0.0142609 0.1252273 -0.0029326 -0.0768998 -0.0016620 -0.1211423 -0.3894002 -0.3266610 -0.1032585 0.1181810 -0.0127918 0.2055855 -0.1028959 -0.0803515 0.0432366 0.1806780 0.1565595 0.5017600 0.5514575 0.5808923 0.7184664 0.7105189 0.4966087 0.1533557 0.1727786 -0.0957069 -0.2016292 -0.1146606 -0.0071747 -0.3607474 0.0437655 0.4730671 -0.2786513 -0.2194431 0.0176689 0.0085191 -0.3159901 -0.0624244 0.4655807 -0.0794480 0.5586398 -0.2877107 0.2454680 -0.0232402 -0.4104919 0.1637096 -0.0358140 -0.1268604 0.3233406 0.5723614 0.5243810
0.4873550 0.2897802 0.9013269 0.7816654 0.0000000 0.5326701 0.2984981 0.8447982 0.3767929 0.5677985 0.4868571 0.2208204 0.8552084 0.5147449 0.5260216 -0.0491844 0.1974052 0.6732934 0.0091558 0.7217655 0.2097650 0.4374825 -0.0886214 0.5930449 0.0456302 0.0211687 0.0432434 0.7946612 0.1741876 0.4502029 0.5709759 0.0730224 0.7208785 0.7304548 -0.0483724 0.0502477 0.0028532 0.2728246 0.2183779 0.2151371 0.2974170 0.1919316 0.0084958 0.6894947 0.7187024 0.1429784 0.0382653 0.2246698 0.7820801 -0.0462371 -0.1816797 -0.0525872 0.8044437 0.1003711 0.2511781 0.1703459 0.0749243 0.3746738 0.2176468 -0.3220254 0.3825678 -0.3041714 0.7539834 0.8187127 0.9275431 0.3671445 -0.3664397 -0.0732903 0.5126658 0.1931851 0.1459663 0.7376857 -0.1221222 0.8761303 0.5828136 0.2172343 0.3845976 0.3834456 0.3632142 0.2763043 0.6349626 -0.4875384 -0.3843952 -0.4761565 -0.5293166 -0.4463934 -0.3949824 -0.5872130 -0.5251599 -0.5726678 -0.3651656 -0.0731281 0.2607998 -0.5273623 -0.3803568 -0.1419454 -0.0710430 0.0819143 -0.3876975 -0.3492610 -0.4346126 -0.1929384 -0.2585321 0.0145689 -0.2215253 -0.3993271 -0.3669063 -0.1114110 -0.0418493 0.5454132 -0.4589717 0.3719397 -0.1282009 0.5808570 0.6493675 0.4834069 0.5812125 0.6643378 0.5689716 0.4596950 0.5820735 0.4081189 -0.0183678 0.1377380 0.3949619 -0.2782877 0.0195442 -0.0049768 -0.3375609 0.1753120 0.0377892 -0.2398083 -0.1836949 0.1492581 -0.4303843 -0.2979350 -0.0728568 -0.3128737 -0.3066232 -0.4482521 -0.2045572 -0.4605964 0.1106805 -0.0837701 -0.0079135 -0.1175427 -0.3151420 -0.3408912 -0.1703607 -0.5268082 -0.4665160 -0.1918955 -0.3016240 -0.0342732 -0.4141761 -0.0688008 0.0148866 -0.1717380 -0.0030264 -0.2552861 -0.2105970 -0.2895141 0.0957209 0.0680511 -0.1481285 0.0286530 0.1149097 -0.1128269 0.0062174 -0.0770229 -0.1002240 -0.1922450 -0.0247465 -0.3887134 -0.3987840 -0.4063990 -0.2348813 -0.1049154 -0.0973292 -0.3832571 -0.4556377 -0.1715342 0.0848940 0.0777418 0.4608357 0.6088328 0.4825531 0.8123652 0.5423660 0.2746596 0.3128204 0.0194893 -0.3649407 -0.2722808 -0.0102033 -0.0889879 -0.4600639 -0.2121898 0.1083423 -0.4804604 0.0399249 -0.0953907 0.1689467 -0.1313478 0.3725134 0.4798865 -0.2851368 0.4146062 0.0913394 0.1986877 0.2811661 -0.4439418 0.4499505 0.0370932 -0.3175333 0.5143559 0.5706778 0.4437948
0.1037563 0.6834927 0.6165978 0.7526301 0.5326701 0.0000000 0.6667497 0.4192367 0.7295753 0.7593118 0.0221987 0.5432363 0.5675809 0.1857971 0.2975452 -0.3748009 -0.2237631 0.6006032 0.0815363 -0.0050790 0.5117233 0.2800807 -0.4827666 0.7316040 -0.0429793 -0.3561368 -0.2783101 0.5531664 0.6207248 0.1679979 0.0462275 -0.1112486 0.5542733 0.6498874 -0.4713836 0.6837657 -0.2242228 0.1903538 -0.0020395 0.1388056 0.0082877 0.7514749 -0.4170073 0.4763608 0.7616473 -0.1138035 -0.2985722 0.1113071 0.5494555 -0.0827131 -0.4239076 -0.2190903 0.3830862 0.0547908 0.0858269 0.0190622 -0.0356071 0.4249208 0.7879695 -0.4397271 0.8381318 -0.3074823 0.5478982 0.5236397 0.6720609 0.1552635 -0.3334984 0.0662757 0.4263555 0.1729869 0.0979091 0.2460291 -0.0740510 0.5920932 0.4362806 0.0849985 -0.0587111 0.1404903 0.2388091 0.0906418 0.5170996 0.1337019 0.1038034 0.1197508 0.0331845 -0.1230983 -0.0335928 0.0652184 -0.1298930 -0.1182262 -0.0705229 0.1663930 0.0873573 0.2244450 -0.1317800 0.3631814 0.1212931 -0.2293304 -0.1464935 0.3469561 -0.0450901 -0.1800382 -0.1084779 0.1435216 0.0379464 0.1323270 -0.1927189 -0.0067220 -0.2650524 0.3297640 -0.3120787 -0.1196910 -0.2662725 0.2579853 0.2887925 0.0754461 0.3040154 0.2245355 0.2650155 0.0260527 0.3517088 0.4715982 -0.0668225 0.1714483 -0.0182871 -0.4272983 0.2156317 0.1673206 -0.5745948 -0.0008273 -0.3818865 -0.2021828 -0.1914105 -0.1064936 -0.3182883 -0.2169738 -0.4279321 -0.6172030 -0.5711116 -0.4200411 -0.0459511 -0.6221560 0.3266347 -0.2545813 -0.3997993 0.0774914 -0.4985725 -0.4954253 0.2093671 -0.4034428 -0.1749047 -0.2325837 -0.4064980 0.2117243 -0.4830920 0.1071677 0.2651882 -0.2614792 0.3616264 -0.1996278 -0.1282142 0.0006712 0.4009625 0.1328144 -0.1052871 0.2709852 0.3344017 0.2891788 0.2899724 0.2913959 0.2511995 0.2871681 -0.0821322 -0.2782783 -0.1979051 -0.2489182 0.2403989 0.0743082 0.5543331 0.4327841 0.4287523 0.5954734 0.7061639 0.6777322 0.8271934 0.8143771 0.7784340 0.5180329 0.2482520 0.0291097 -0.0733555 -0.2525050 -0.1303105 -0.1234095 -0.1821764 -0.0301996 -0.5393779 -0.1373434 0.4170038 -0.5237941 0.0034678 0.2195865 0.0014373 -0.3286890 -0.3013539 0.5074853 -0.4726186 0.2395017 -0.1352001 0.1939876 -0.0813782 -0.4352840 -0.0820050 -0.4107223 -0.3419862 0.2306694 0.5120140 0.5266005
0.3236077 0.6070602 0.2726325 0.2825752 0.2984981 0.6667497 0.0000000 0.0309760 0.5187319 0.3580510 -0.2507787 0.4963250 0.2499803 -0.0583934 0.2957684 -0.5143261 -0.3985660 0.3280441 -0.2282152 0.1011133 0.3951619 0.0899523 -0.4746898 0.3631000 -0.3124254 -0.4312552 -0.1818612 0.2716686 0.4450730 0.0872961 0.1087586 -0.2540070 0.2132460 0.3299454 -0.4684378 0.6717241 -0.3098686 -0.0321033 -0.1767977 -0.0127887 -0.1675761 0.7297236 -0.4076147 0.1931432 0.6008736 -0.2855376 -0.3456137 -0.1922992 0.2186701 -0.2250353 -0.4502008 -0.2536597 0.0617466 -0.0373423 -0.1147045 -0.2312962 -0.1792092 0.1516416 0.7636728 -0.4262553 0.6740901 -0.2212367 0.3707636 0.2930114 0.2713264 -0.0381478 -0.3553025 0.0101862 0.2321000 0.0113499 -0.0603047 0.0568814 -0.1611470 0.3291091 0.1079085 -0.0701082 -0.1172703 0.0255987 0.0544744 -0.0889364 0.2689098 0.2993340 0.2872149 0.1807052 0.3060297 0.1681976 0.1373448 0.1940075 0.0761523 0.1832981 0.1140656 0.3238980 0.1597064 0.2486159 0.0782544 0.2566557 0.3892455 0.1580008 0.0899302 0.5638627 0.2054898 0.0498560 0.3301304 0.4591814 0.2554028 0.1941670 0.1512961 0.4034056 0.1622349 0.5483765 0.0443568 0.2424517 0.3190295 0.3947587 0.3069242 0.3380102 0.2506226 0.2089999 0.3186471 0.0169256 0.1799614 0.2594086 0.3571613 0.3822341 -0.1101609 -0.2783389 0.2193212 0.3125847 -0.4327383 0.2307404 -0.1077543 0.1289500 0.0984924 0.3404339 0.0086187 0.0590462 -0.1343913 -0.4065589 -0.3180676 -0.3928287 0.1858435 -0.4228534 0.3168046 0.0103113 -0.2497565 0.2462742 -0.2927424 -0.2696620 0.3027766 -0.2704420 -0.1478667 -0.0080220 -0.1344375 0.3182778 -0.1415679 0.2421297 0.2838359 -0.0001581 0.3903080 0.0762368 0.0563611 0.1085901 0.3918632 0.2563939 0.0757861 0.2697484 0.3286181 0.3143965 0.2432905 0.1931312 0.2674612 0.2801880 0.2366107 -0.1251492 0.0867584 -0.1225253 0.0823052 0.0896888 0.4009568 0.4500915 0.3820646 0.5682940 0.7518653 0.6957907 0.7790226 0.6156570 0.5218808 0.2704218 0.0154071 -0.1075735 -0.0351004 -0.2880562 -0.1268562 -0.0803204 -0.0501263 -0.0513469 -0.4757730 -0.1453340 0.1496030 -0.5910265 0.4321305 0.2853346 0.3684410 0.1719931 0.0465687 0.4144353 -0.5846448 0.1746194 0.3984923 0.3128633 0.3207184 -0.1141745 0.2354490 -0.0911378 -0.1747196 0.2766453 0.4933158 0.5492574
0.3364782 0.0711387 0.8473402 0.8189982 0.8447982 0.4192367 0.0309760 0.0000000 0.3439410 0.7097469 0.8383245 0.2199029 0.7639203 0.8223320 0.6244637 0.3047914 0.5726886 0.6674048 0.2753300 0.6647264 0.1689332 0.5962341 0.2754804 0.5943914 0.4129125 0.3729326 0.3936008 0.7905200 0.2195878 0.7273215 0.5981633 0.4153444 0.7156127 0.7437553 0.2775192 -0.1702185 0.2991396 0.5318842 0.5766208 0.5078813 0.5827349 -0.0656853 0.3193310 0.8005074 0.5559357 0.4651993 0.2641039 0.5638078 0.8217199 0.2288512 0.1247902 0.3135544 0.9103439 0.4159758 0.5312390 0.4645494 0.3106066 0.5264214 -0.0348836 0.0132417 0.1066840 -0.0112824 0.6247762 0.8249964 0.8756821 0.5257006 -0.0489541 0.1980788 0.5114861 0.4300234 0.3794437 0.8410057 0.2368029 0.7931957 0.7017008 0.5369807 0.5981525 0.6500569 0.6683916 0.4724298 0.8047778 -0.6100215 -0.5437555 -0.5441077 -0.6126476 -0.4652564 -0.4117076 -0.6083921 -0.4643150 -0.5472499 -0.3814048 -0.1462881 0.2224446 -0.5642396 -0.3112638 -0.2200397 -0.1325030 -0.0946052 -0.2985390 -0.5125997 -0.4041164 -0.1810385 -0.4283291 -0.1554983 -0.2437484 -0.4247979 -0.3389879 -0.2786897 -0.0231126 0.2796728 -0.3921717 0.2191507 -0.4166309 0.4028061 0.4638421 0.2710086 0.4208354 0.5041442 0.3612006 0.4067459 0.5594813 0.3723542 -0.1293992 0.0444081 0.4378877 -0.1970027 0.0379099 -0.0457372 -0.1212318 0.1865690 0.1763809 -0.1652775 -0.1983061 0.0115495 -0.2704566 -0.2013363 0.0386335 -0.0426801 -0.1396133 -0.0603845 -0.1172764 -0.1023274 0.1476325 0.0759237 0.1376815 -0.0912865 -0.1032096 -0.1557943 -0.1675692 -0.1870599 -0.1313790 0.0070440 -0.0803117 -0.0398566 -0.2939955 0.0783371 0.0861279 -0.0337773 0.0042024 -0.0626731 -0.1342766 -0.0982588 0.0599537 0.1314434 -0.0338012 0.0769489 0.0920265 -0.1064371 0.1093601 0.0767116 -0.0658233 -0.1295430 -0.0166096 -0.2100374 -0.2578862 -0.1766619 -0.1108064 -0.0479673 -0.1773874 -0.5424312 -0.5251730 -0.4000126 -0.1937334 -0.2286566 0.1436378 0.3263078 0.2537521 0.7063288 0.6526782 0.5395783 0.2062936 0.2539436 -0.2459945 -0.3949738 -0.1388804 -0.1421597 -0.1785349 -0.0901290 0.2213009 -0.1138203 -0.0878008 -0.2875797 0.0185704 -0.1742613 0.2539565 0.3852234 0.1165773 0.4244317 -0.0732981 0.0407805 0.1141313 -0.3690469 0.2541589 0.0510756 -0.1221992 0.4363632 0.4866779 0.3953337
0.1478024 0.3774937 0.6063204 0.7568645 0.3767929 0.7295753 0.5187319 0.3439410 0.0000000 0.6837083 0.0644378 0.7618271 0.2424403 0.3408227 0.6315483 -0.5774713 -0.2687134 0.6942004 -0.3092152 -0.1040651 0.5557143 0.1709083 -0.5220948 0.8569165 -0.1857674 -0.4180223 -0.1390136 0.5474949 0.6250148 0.2763907 0.0217026 -0.1279994 0.5957012 0.7413162 -0.4876594 0.5179486 -0.3163363 0.0542344 0.2351312 0.4010758 0.0129851 0.3993654 -0.4186938 0.5845091 0.3705904 -0.2327397 -0.4840118 0.0832426 0.6894273 0.0253309 -0.4705232 -0.0297512 0.4637344 0.3759588 0.0834679 -0.0287214 -0.2116101 0.7584983 0.5257188 -0.3631760 0.5251655 -0.1371358 0.2820718 0.6617736 0.5306897 -0.0020759 -0.3089297 0.3657863 0.1645656 0.3210041 0.0464132 0.4393601 0.0886958 0.6523472 0.3536080 0.2171286 0.1312494 0.1132833 0.4280370 0.4995045 0.4596146 0.1318101 -0.0695858 0.0549248 -0.1394009 -0.2928295 -0.2191223 0.0570500 -0.2695510 -0.2166269 -0.2624924 -0.1047377 0.0482361 0.1762285 -0.2768625 0.1794800 -0.0523821 0.0362891 -0.3314180 0.2303013 -0.1870636 0.0039623 -0.1440385 0.0120121 -0.0503456 0.0243120 -0.1362235 -0.0226698 -0.1277101 0.3329639 -0.3621968 -0.0332029 -0.3195758 0.4238116 0.4505451 0.2710353 0.5243286 0.3571675 0.3657369 0.1943424 0.3682233 0.5554791 -0.3041456 -0.0224038 0.0397524 -0.1854059 0.2579805 -0.0974252 -0.4421591 -0.1618361 -0.4282134 -0.3755552 -0.1617437 -0.2316612 -0.3764248 -0.4096712 -0.4917415 -0.5454820 -0.5425546 -0.2432786 -0.2297358 -0.4961895 0.1472588 -0.3574778 -0.4783999 -0.1668236 -0.4882439 -0.5031747 0.0568570 -0.3231472 -0.2058558 -0.4003452 -0.3721747 0.0627876 -0.3960870 -0.1997776 0.1079900 -0.3648326 0.2312968 -0.3084121 -0.3277606 -0.1424415 0.0733310 -0.0422018 -0.2503793 -0.0101199 0.1011310 0.2227206 0.2428620 0.0828308 -0.0230399 0.2814074 -0.0534751 -0.2743136 -0.0694946 0.1073869 0.2639483 0.1873926 0.4620308 0.3609367 0.4107749 0.4687284 0.4983539 0.5139226 0.6664163 0.5629185 0.6604103 0.5674420 0.5274534 0.2668131 0.1098243 0.1359056 0.2238686 0.0012193 0.0066001 0.1465160 -0.3375301 0.2774403 0.6137301 -0.2460962 -0.0657253 0.1935997 0.0370024 -0.2029323 -0.2855938 0.3836810 -0.2213879 0.5698950 -0.2129976 0.3579032 -0.0683630 -0.2458575 0.1253629 -0.0724210 -0.0796673 0.3234663 0.6336375 0.5878506
0.2341265 0.3913819 0.7341221 0.8454023 0.5677985 0.7593118 0.3580510 0.7097469 0.6837083 0.0000000 0.5732094 0.4264626 0.5480958 0.7054967 0.4935614 -0.0033064 0.2784880 0.6921733 0.2368591 0.2027792 0.4690153 0.4228484 -0.0542422 0.7415070 0.2692307 0.0334926 0.1566538 0.6378387 0.7393523 0.5375304 0.2013128 0.2340736 0.6116125 0.8080996 -0.0959733 0.3623637 0.0440574 0.4024503 0.4623976 0.4725995 0.2712274 0.3882284 -0.0099330 0.7056040 0.7201919 0.2085064 -0.0638494 0.4098345 0.7379517 0.1292264 -0.1137538 0.2269717 0.6744580 0.4418496 0.3323249 0.2915053 0.1557389 0.7247660 0.4472090 -0.1096900 0.4963586 0.0225087 0.4378793 0.7422519 0.7359639 0.3499480 -0.0745468 0.3897500 0.4115143 0.5730822 0.2827086 0.5324806 0.2926387 0.6601052 0.5572676 0.5323350 0.2965934 0.4311874 0.6736525 0.4141356 0.7749113 -0.1385277 -0.2560560 -0.1562857 -0.2499407 -0.3428643 -0.3032547 -0.1544241 -0.2656991 -0.2725291 -0.3359808 -0.1539045 0.1475544 -0.1136109 -0.2620196 -0.0226772 -0.1049446 -0.1906275 -0.2730699 -0.0463601 -0.2474388 -0.0870819 -0.3148763 -0.2494640 -0.2057822 -0.2353902 -0.1107563 -0.1274297 -0.1301287 0.2188726 -0.4009862 0.0225604 -0.3582718 0.3392260 0.3356115 0.1606562 0.3299922 0.2893882 0.2773172 0.2314253 0.5293041 0.5522697 -0.1899141 0.1814365 0.2543831 -0.1647752 0.2077360 0.0099528 -0.2802639 0.0333312 -0.1568786 -0.2406910 -0.3651174 -0.1510012 -0.3780715 -0.2528553 -0.3423623 -0.3814827 -0.5116966 -0.0990109 -0.1173832 -0.3487868 0.2774138 -0.0830094 -0.2590961 0.0228866 -0.4457892 -0.4778938 0.0346722 -0.3116349 -0.0883037 -0.1396839 -0.3617438 0.1298142 -0.5396962 0.1868979 0.2892874 -0.2616196 0.2643776 -0.0510749 -0.2525765 -0.0790976 0.3182617 0.2696814 -0.1969827 0.2331131 0.3123029 0.2208545 0.4009159 0.3324035 0.1346629 0.2590050 0.1400043 -0.0876311 -0.0293565 -0.0561044 0.2122403 0.1631880 0.3214282 0.0502083 0.1190020 0.1483030 0.3469989 0.2568072 0.5189301 0.5159927 0.5029665 0.5537674 0.4308163 0.3367654 0.1087683 0.0083941 -0.0554050 -0.1719753 -0.0680006 0.1025304 -0.3029204 -0.0171739 0.5009725 -0.2114981 -0.1396066 0.1106929 0.2036816 -0.0499423 -0.1757350 0.5199201 -0.1130491 0.3308899 -0.2187981 0.2632170 0.1253188 -0.3592598 -0.0231388 -0.1305978 -0.1309821 0.2477643 0.4842090 0.5148559
0.1922917 -0.2826846 0.5041462 0.5122259 0.4868571 0.0221987 -0.2507787 0.8383245 0.0644378 0.5732094 0.0000000 0.0105340 0.4598693 0.9385678 0.5272781 0.6332301 0.8686413 0.4015884 0.4123141 0.5637431 -0.0082199 0.5573602 0.6570417 0.2900097 0.6231372 0.6804072 0.7121116 0.5232873 0.1598357 0.8130504 0.5135777 0.6550556 0.4393619 0.5354590 0.6154325 -0.4674099 0.5341015 0.6124663 0.7860694 0.6328671 0.6678856 -0.3935456 0.6610947 0.6421239 0.2748973 0.6824942 0.5002223 0.6938560 0.5927715 0.4394382 0.4718368 0.6392506 0.7840936 0.5999314 0.6332475 0.6224385 0.4635337 0.4878519 -0.3718936 0.3986182 -0.3065173 0.3490996 0.3237895 0.6152658 0.5473625 0.5533600 0.2989059 0.4020870 0.3676032 0.6066036 0.4576781 0.7318440 0.5038225 0.4512941 0.5518486 0.7338998 0.7027575 0.7067222 0.7618961 0.4818304 0.6930715 -0.6811114 -0.6852572 -0.6386692 -0.6200434 -0.4624186 -0.4697564 -0.6043412 -0.3939074 -0.4520552 -0.4438588 -0.3450818 0.1104672 -0.6550903 -0.2772354 -0.4546812 -0.2815618 -0.1204144 -0.2405895 -0.6643035 -0.3779089 -0.1067309 -0.4937106 -0.3699984 -0.3558153 -0.5517369 -0.1794008 -0.3558958 0.0586973 0.0419331 -0.2880194 0.2229262 -0.3957628 0.2305346 0.2648546 0.1424998 0.1930548 0.3088003 0.1541535 0.3533720 0.4096927 0.1928855 -0.1582265 0.0061674 0.4374536 0.0184928 -0.0616615 -0.1238002 0.1886305 0.1374044 0.3399240 -0.0617070 -0.2461735 -0.0352338 -0.1272029 -0.0743076 0.1617886 0.2479352 0.0365671 0.2371603 -0.0369213 0.2523731 0.0969092 0.2457224 0.2509208 -0.0402724 0.0714977 0.0059484 -0.1946159 0.0625610 0.0681818 0.1920724 0.0965518 -0.0423058 -0.1476877 0.1989213 0.1185699 0.0787243 -0.0529012 0.1500526 -0.1113809 -0.0240459 0.0046489 0.2209421 -0.0206955 0.0866963 0.0668554 -0.1050599 0.1758098 0.1191832 -0.0807667 -0.0980788 0.1078288 0.0197325 -0.0592560 0.0178962 -0.1232848 -0.0662172 -0.3686070 -0.6977019 -0.6192388 -0.6791632 -0.4922860 -0.5670016 -0.2800636 -0.1396090 -0.2014197 0.3656900 0.5197777 0.6497868 0.1887189 0.3722472 -0.1546468 -0.3757884 -0.1207416 -0.1018382 0.1284190 -0.0314169 0.0960377 0.2112324 -0.2084945 -0.3489730 0.0768733 0.0404425 0.2116672 0.1133916 0.4090570 0.2162455 -0.1173814 -0.0389853 0.1540829 -0.1537821 0.0759076 0.1979025 0.1323641 0.1730452 0.2197158 0.1936053
-0.0409523 0.0735907 0.3452971 0.5793197 0.2208204 0.5432363 0.4963250 0.2199029 0.7618271 0.4264626 0.0105340 0.0000000 -0.0142228 0.1948611 0.4797514 -0.6000126 -0.3031133 0.2786349 -0.4967872 -0.2048545 0.8137428 -0.1059946 -0.5134718 0.4940889 -0.3883503 -0.4780006 -0.1499290 0.2423589 0.6547041 0.2720824 -0.1730699 -0.2824173 0.2087183 0.5206410 -0.5052780 0.4411520 -0.4287188 -0.1131478 0.2765047 0.3744810 -0.1422068 0.1757318 -0.4209099 0.2813955 0.1285063 -0.3618744 -0.5826202 -0.0462147 0.3874279 -0.0093349 -0.5092237 -0.0508405 0.3751977 0.2832876 -0.0354178 -0.1861867 -0.3822958 0.5598983 0.2018474 -0.3768303 0.1915402 -0.1186278 0.0075198 0.5180926 0.3051048 -0.2314056 -0.3300038 0.3124103 -0.0814549 0.1996706 -0.1500429 0.4938359 0.0285594 0.4588078 0.0902377 0.2331247 0.4387977 0.0452789 0.4128953 0.5912687 0.1997100 0.1462854 -0.0662366 0.0451838 -0.2053040 -0.1972696 -0.0939691 -0.0342016 -0.2058753 -0.2059732 -0.1503383 0.0144268 0.2056188 0.1548965 -0.1948073 0.2288209 0.0394709 0.1635537 -0.2117287 0.0651574 -0.1521247 0.1799922 -0.0927061 0.0254930 -0.0298647 0.1145381 0.0228236 0.0019822 -0.1637858 0.2459128 -0.2871754 -0.1325345 -0.1444670 0.4003458 0.3036710 0.2369788 0.3585547 0.1669297 0.2132376 0.0114413 0.1913874 0.4290941 -0.3277444 0.0615400 -0.0919181 -0.2479628 0.2093914 -0.2097131 -0.3356971 -0.1489539 -0.3739922 -0.3761356 -0.1126818 -0.0887059 -0.2867318 -0.4179671 -0.4169283 -0.3802014 -0.3744931 -0.1476599 -0.3015263 -0.3764947 -0.1339882 -0.2652199 -0.3820218 -0.3200134 -0.3739604 -0.3930519 -0.1180292 -0.2779230 -0.2446372 -0.3082174 -0.3115571 -0.1255094 -0.3476742 -0.2522861 -0.2301953 -0.3743447 -0.0680762 -0.4521374 -0.3672922 -0.2462737 -0.2180944 -0.3981114 -0.3339231 -0.2225725 -0.2048592 -0.0589086 -0.1355555 -0.2675645 -0.2318636 -0.0008322 -0.0226961 -0.3361902 -0.0974051 0.3600566 0.5445552 0.0674017 0.5496781 0.3434217 0.3214508 0.3024393 0.2138148 0.2438174 0.3281789 0.1715714 0.3142434 0.1710483 0.6917090 0.5552647 -0.0645728 0.5071962 0.2143480 -0.0107094 -0.1381498 0.0467333 -0.1477124 0.2770999 0.5240305 -0.1634468 -0.1628032 0.0409105 -0.0830612 -0.1846602 -0.0601036 0.1320122 -0.1230532 0.5010088 -0.2851006 0.2894899 -0.1217467 0.1463575 0.1906977 0.2752045 0.3968414 -0.0264418 0.2399415 0.1938054
0.2204008 0.2972387 0.7605445 0.6890877 0.8552084 0.5675809 0.2499803 0.7639203 0.2424403 0.5480958 0.4598693 -0.0142228 0.0000000 0.4695004 0.4127025 0.2107860 0.3037696 0.5861811 0.3716007 0.6816509 -0.1047710 0.7011545 0.0999184 0.5346828 0.3607109 0.2716645 0.1840318 0.7657876 0.0516706 0.4652816 0.6936032 0.3826833 0.7115595 0.6603664 0.1732196 -0.0178718 0.3622187 0.5554441 0.2657606 0.2822416 0.5382843 0.2680085 0.2213239 0.6685110 0.7791904 0.4589351 0.3698398 0.4765543 0.6772021 0.1869357 0.1457020 0.1184092 0.6843658 0.0881948 0.4840966 0.4851116 0.4707979 0.1688567 0.3140433 -0.0220530 0.4342329 -0.1325134 0.9379541 0.6079374 0.8963895 0.6725932 -0.0200984 -0.0569251 0.8216476 0.2204153 0.4837268 0.5190674 0.0694143 0.6754154 0.7448765 0.1982203 0.1665351 0.5546996 0.2880239 -0.0855742 0.7519260 -0.4341389 -0.2896866 -0.4299987 -0.4043990 -0.3236189 -0.2241800 -0.4726683 -0.3326607 -0.3615241 -0.1951536 0.0413638 0.0801051 -0.3809742 -0.1653486 0.0405989 -0.0347447 -0.2035680 -0.1627360 -0.1628107 -0.1592457 -0.4290003 -0.2933883 0.1813172 -0.1027449 -0.2004072 -0.4702297 -0.2795514 -0.1378861 0.2957503 -0.2835124 0.1785536 -0.2840364 0.2520119 0.3867609 0.1248930 0.2997452 0.4128022 0.2772461 0.1879163 0.3890809 0.2500792 0.1815345 0.1585624 0.2071023 -0.4682933 0.1039413 0.3326716 -0.3864616 0.2901148 0.1077244 0.0224169 -0.0100622 0.0626642 -0.2410328 0.0195536 0.0290166 -0.2410114 -0.2413859 -0.5267418 0.1559060 -0.3572182 0.4609293 -0.0077877 0.0382102 0.2570171 -0.1547156 -0.1860337 0.1902772 -0.3294290 -0.2491424 0.0232946 -0.0911643 0.3297654 -0.2339730 0.2409718 0.4272017 0.1022671 0.3150138 -0.0029510 0.1085382 0.0231237 0.4726473 0.4230152 0.1380834 0.4500755 0.4946611 0.2207034 0.3267457 0.2481591 0.3027785 0.0846477 -0.2421614 -0.4478724 -0.5001495 -0.6021647 -0.4493292 -0.3338177 -0.2577203 -0.3822479 -0.4032388 -0.1306869 0.1659495 0.1077163 0.4511831 0.6175811 0.4077433 0.6713187 0.2397692 0.1458798 0.0087458 -0.3102223 -0.5155904 -0.5070168 -0.3184747 -0.3905247 -0.5767188 -0.3978018 -0.0547154 -0.5463893 0.0677852 0.0652340 0.0836361 -0.3163225 0.0738290 0.3981168 -0.2332537 0.1438449 0.1418628 0.1346368 0.1243989 -0.6891801 0.1242993 -0.3375554 -0.5641111 0.4447860 0.4980937 0.5074176
0.2317217 -0.1977523 0.5805426 0.6451481 0.5147449 0.1857971 -0.0583934 0.8223320 0.3408227 0.7054967 0.9385678 0.1948611 0.4695004 0.0000000 0.7246716 0.4465127 0.7524179 0.5895878 0.2760041 0.4734435 0.0938931 0.5986043 0.5110553 0.5233021 0.5421075 0.5569492 0.6886585 0.6637637 0.3118189 0.8825401 0.4896974 0.6285487 0.5965811 0.7359856 0.4869037 -0.3369029 0.4555051 0.6213182 0.8419040 0.7664492 0.6502307 -0.2827411 0.5613929 0.7880319 0.3487240 0.6137232 0.3828966 0.6915739 0.7586477 0.4873729 0.3767346 0.6638065 0.8592298 0.7511843 0.6548505 0.6205986 0.4146819 0.7022640 -0.1920742 0.3521886 -0.1760704 0.3964610 0.3890872 0.7504683 0.6165859 0.5452572 0.2670039 0.5704314 0.4182189 0.7474945 0.4676493 0.7802127 0.5595010 0.5531018 0.5931204 0.8024946 0.7047550 0.7029473 0.8512817 0.5617575 0.7546806 -0.6437223 -0.7089913 -0.6337890 -0.6062163 -0.5582085 -0.5772745 -0.5456701 -0.4872806 -0.4750336 -0.5712999 -0.4588732 0.0261977 -0.5865260 -0.3996364 -0.4767795 -0.3619764 -0.1076950 -0.3685795 -0.5495313 -0.4297976 -0.1313581 -0.5353124 -0.3391021 -0.4194042 -0.5879522 -0.1906203 -0.3711527 0.0321437 0.1938746 -0.3974680 0.2964090 -0.4265805 0.3694064 0.4387402 0.2676623 0.3687852 0.4425171 0.3039921 0.4401451 0.4870445 0.3123535 -0.2407135 0.0251357 0.4554355 0.0187805 -0.0525094 -0.1675175 0.1084637 0.0592066 0.2353105 -0.1642683 -0.3079302 -0.0890316 -0.2525453 -0.1820267 0.0276695 0.0970441 -0.1207584 0.1295167 -0.0927821 0.1096665 0.1328665 0.1555562 0.0980239 -0.0714251 -0.0784854 -0.1496665 -0.1704641 -0.0395012 -0.0201086 0.0972633 -0.0081028 -0.0020142 -0.2501421 0.1560126 0.1850401 -0.0201082 0.0266597 0.0880976 -0.2414311 -0.0744453 0.0411447 0.2470154 -0.1273522 0.0966591 0.1206124 -0.0143097 0.2751829 0.1361242 -0.0944881 0.0058020 0.1220672 -0.0418133 -0.0594202 0.0241219 -0.1098837 -0.0517042 -0.2741191 -0.5692580 -0.4662393 -0.5211873 -0.3162768 -0.3888696 -0.0802849 -0.0144913 -0.0530004 0.4784386 0.6007256 0.6929950 0.2750527 0.3292076 -0.1196663 -0.3134379 -0.0683429 -0.0169979 0.0436210 0.0198742 0.1805713 0.1435727 -0.2452175 -0.2601164 0.1375921 0.0287888 0.0718261 0.1494097 0.3210057 0.3179744 -0.1540608 0.0520293 0.1724245 -0.1942634 0.0625965 0.1707907 0.1243494 0.1916017 0.4307164 0.4136602
0.3853966 -0.0135963 0.6050336 0.6541548 0.5260216 0.2975452 0.2957684 0.6244637 0.6315483 0.4935614 0.5272781 0.4797514 0.4127025 0.7246716 0.0000000 -0.0260445 0.2698106 0.7544326 -0.1922791 0.3957109 0.1428131 0.5115544 0.1177866 0.7212870 0.1486891 0.2036226 0.4670171 0.7947647 0.1394562 0.7861141 0.5342733 0.3544350 0.7385820 0.7643679 0.1679952 -0.1503734 0.2178016 0.3909981 0.6424460 0.7440061 0.5213817 -0.1524707 0.2264655 0.8268449 0.2498097 0.2903337 0.0845012 0.4186966 0.8295474 0.3152271 0.0946859 0.4562395 0.7528350 0.7414400 0.4770778 0.3578857 0.1863482 0.7006344 0.0403587 0.1388929 -0.0079425 0.2854230 0.4570571 0.7581039 0.5637898 0.3519112 0.0832502 0.5734368 0.3649235 0.5969318 0.3568508 0.7295930 0.4392276 0.6370515 0.4661149 0.6043159 0.5890323 0.5942234 0.7259568 0.5756069 0.6612923 -0.4668439 -0.4792405 -0.4483963 -0.4395692 -0.4370132 -0.4460919 -0.3283755 -0.4520112 -0.3578760 -0.4400454 -0.3051662 -0.0151431 -0.3141417 -0.3613012 -0.3154041 -0.2015069 0.1041211 -0.3276320 -0.2492291 -0.3069550 -0.1583169 -0.3545498 0.0867309 -0.2218548 -0.3923882 -0.2127461 -0.2789237 0.1310990 0.4575160 -0.3019197 0.4596118 -0.2825425 0.5182023 0.6449403 0.5055539 0.6409894 0.6379798 0.5442723 0.5305549 0.4860690 0.3389074 -0.1573121 0.0818474 0.4408881 0.0197542 -0.0065019 -0.1292250 0.0229898 0.1314713 0.2208063 -0.1607312 -0.0341935 0.0415311 -0.2106471 -0.1963460 0.0790505 0.0295347 -0.0626750 -0.0657495 -0.1085681 -0.0110418 0.0631450 0.0778775 0.0924858 -0.1630912 -0.0251203 -0.0921461 -0.1544182 -0.0643855 -0.1556103 0.0214521 0.0723718 -0.0374518 -0.0827328 -0.0396008 0.1124073 0.0366013 0.0068949 -0.0458201 -0.2071401 -0.0823349 -0.0943097 0.1060841 -0.0533375 -0.0399934 -0.0054370 -0.0618570 0.1150654 -0.0646421 -0.1962230 -0.0635352 0.0899492 -0.1611722 -0.0470390 0.0877464 -0.1848995 -0.0480699 -0.2417019 -0.3896236 -0.3119390 -0.2617398 -0.1069484 -0.1290137 0.2053970 0.1917641 0.2412383 0.6263236 0.6633969 0.5932129 0.3581206 0.2647569 -0.0529646 -0.1802659 0.0339060 -0.0078559 -0.0535998 0.1523717 0.1953212 0.0217221 -0.0015589 -0.1807806 0.1415549 -0.0230030 0.1194922 0.2511696 0.2213581 0.6542325 0.0514568 0.1147914 0.1506167 -0.2057253 0.3107347 0.2074198 0.0526872 0.4033321 0.7754883 0.7285349
-0.1548159 -0.3966191 -0.1638851 -0.1663668 -0.0491844 -0.3748009 -0.5143261 0.3047914 -0.5774713 -0.0033064 0.6332301 -0.6000126 0.2107860 0.4465127 -0.0260445 0.0000000 0.8680597 -0.1196386 0.7840123 0.3184765 -0.6028231 0.5375619 0.9564849 -0.2795358 0.8590132 0.9499731 0.7436956 0.0563837 -0.3781030 0.4590863 0.3946523 0.8127475 0.0057578 -0.1220053 0.9318870 -0.6982708 0.8471255 0.6689473 0.4469576 0.3074868 0.6899935 -0.4542910 0.8941328 0.1237321 -0.0651051 0.8801182 0.9062417 0.6736294 -0.0487487 0.5540719 0.8780924 0.6343812 0.1559004 0.3151923 0.6331613 0.7259341 0.7560290 -0.1697923 -0.4564924 0.7546473 -0.4818930 0.5276378 0.1649208 -0.1438001 -0.0048711 0.6147498 0.6772805 0.1857232 0.3688515 0.2969743 0.5703095 0.0488238 0.4944250 -0.2556296 0.3383552 0.4172528 0.2350921 0.5642543 0.2481696 -0.1888924 0.2558454 -0.5634655 -0.3755113 -0.4219003 -0.1624041 -0.0479366 -0.1108315 -0.3081353 0.0110984 -0.0077369 -0.0679383 -0.1389911 -0.2158067 -0.4066018 0.0913386 -0.3753703 -0.1711614 -0.3897473 0.1721504 -0.3984326 0.0428817 -0.2609953 -0.2942982 -0.0985194 -0.1312975 -0.2769358 -0.1499087 -0.3504410 0.0799402 -0.3062991 0.1481742 0.0485567 -0.3273976 -0.3672302 -0.2368623 -0.3329199 -0.3484787 -0.1292917 -0.2903736 -0.0154918 -0.1175081 -0.4003237 0.1425116 -0.1085272 0.1473310 0.0342191 -0.2839792 0.1363739 0.4216249 0.1588295 0.5309070 0.3796942 0.0042194 0.0180470 0.3321955 0.4148819 0.5087751 0.6046840 0.4575935 0.3740780 0.3820694 0.6342856 0.2208113 0.4821900 0.5123987 0.3215754 0.5127123 0.4714434 0.0856022 0.5032513 0.4482589 0.5833457 0.5171503 0.1674444 0.3175586 0.4957503 0.3085774 0.5008418 0.0742836 0.5512972 0.3191242 0.3950540 0.2079435 0.4150919 0.3639781 0.3372897 0.2188807 0.0306771 0.2311383 0.3367418 0.2240164 0.0038795 -0.0702079 0.2241497 -0.0224349 -0.1869002 -0.3750382 -0.2463499 -0.6177225 -0.6476976 -0.5582420 -0.6522580 -0.5555750 -0.6233713 -0.5936156 -0.4095351 -0.5604464 -0.1350070 -0.1595170 0.1997789 -0.0953823 -0.0429395 -0.3018137 -0.3881945 -0.2666672 -0.3275624 0.3130571 -0.2835084 -0.4159035 0.3720688 -0.0720652 -0.4162211 -0.1619479 -0.0430884 -0.0220158 -0.2752831 0.4769494 -0.3750882 0.0722021 -0.4639227 -0.0725391 -0.0987513 -0.3771429 -0.1825576 -0.0307052 -0.1174708 -0.1495194 -0.0686762
-0.0673563 -0.3886752 0.1296658 0.1447400 0.1974052 -0.2237631 -0.3985660 0.5726886 -0.2687134 0.2784880 0.8686413 -0.3031133 0.3037696 0.7524179 0.2698106 0.8680597 0.0000000 0.1635764 0.6270639 0.4486658 -0.3260630 0.5347360 0.8970550 0.0099068 0.7873533 0.8741399 0.8383594 0.3067862 -0.1220307 0.6641891 0.3965001 0.7604142 0.2659146 0.2081315 0.8412233 -0.6123722 0.6894314 0.6432459 0.6437499 0.4825420 0.6783858 -0.4262564 0.8545946 0.4372836 0.1037802 0.8312632 0.7469000 0.6889241 0.2977622 0.5581630 0.6914745 0.6679514 0.5026061 0.4617213 0.6429513 0.7059433 0.5730600 0.1574499 -0.4686266 0.5764857 -0.4517608 0.4203626 0.2577379 0.2515515 0.2686333 0.5317631 0.4462944 0.2550521 0.3216133 0.4134171 0.4465415 0.4289317 0.4297517 0.1307495 0.4487448 0.5399745 0.4943016 0.5714545 0.4601193 0.2110632 0.4513849 -0.7319181 -0.6860895 -0.6845520 -0.4870231 -0.4060566 -0.4385289 -0.5600142 -0.3360518 -0.3695951 -0.3925115 -0.3656871 -0.2176163 -0.6509752 -0.2117336 -0.5274666 -0.3623317 -0.3878612 -0.1575540 -0.5963992 -0.2790786 -0.2979328 -0.5181903 -0.2937314 -0.3796625 -0.4995276 -0.2998758 -0.4114632 -0.0449681 -0.1207339 -0.1613777 0.1007511 -0.4151462 -0.0588735 0.0214573 -0.1361397 -0.1216131 0.0925731 -0.0942866 0.1570178 0.0787419 -0.1613650 -0.0603665 -0.1520934 0.2174674 0.0335553 -0.2416848 -0.0211670 0.2553746 0.0523083 0.3604126 0.1602614 -0.1536686 0.0092686 0.1280434 0.1517434 0.3202083 0.3989301 0.2385613 0.3261833 0.1895229 0.4737303 0.2089843 0.3768003 0.3370566 0.1581043 0.2889706 0.2540301 -0.0222898 0.3000371 0.2629039 0.4049923 0.3235898 0.0938533 0.1343217 0.3613619 0.2100008 0.3110023 0.0535625 0.3616921 0.0948064 0.2033574 0.1278242 0.2988854 0.1707862 0.2358662 0.1646026 0.0017987 0.2464292 0.2447602 0.0787411 -0.0325885 -0.0526909 0.1753252 -0.0012282 -0.0433853 -0.2083634 -0.0862338 -0.4622184 -0.6570378 -0.5738985 -0.6765820 -0.5427375 -0.5999551 -0.4968417 -0.3209475 -0.4516135 0.1585623 0.2436519 0.5028104 0.0527888 0.2679455 -0.0868564 -0.3995857 -0.2036393 -0.2220166 0.3185617 -0.0278804 -0.0940207 0.3444780 -0.2409163 -0.4885766 -0.1223627 -0.0485977 0.0288185 -0.2325660 0.4301247 -0.1661421 -0.1084443 -0.3528130 -0.0602073 -0.0120814 -0.2006676 -0.0002499 0.1324256 -0.0015060 0.0585219 0.0460140
