0.0000000 0.7982445 0.6787583 0.6222469 0.6121103 0.4468814 0.1716894 0.6996462 0.2597172 -0.4145064 0.2353652 0.3787020 0.7061839 0.1466088 0.3676217 0.1839402 -0.0817075 0.3916358 0.1801234 0.7340819 0.4196362 0.3940384 0.0878010 0.4610926 0.3465857 0.4438739 -0.4128666 -0.1366865 0.5688213 -0.4110813 0.4730681 0.2826966 0.2875377 0.4958551 0.2274157 0.3370617 0.4129445 0.2778976 0.0903464 -0.3771016 0.3595290 0.4506140 -0.3295507 0.2231810 0.4928719 0.3076181 0.3099862 0.1115797 0.3891298 -0.0358945 0.1937670 -0.4344419 0.5102606 -0.1949309 0.4563408 0.3382415 0.4304330 0.0847439 0.0489383 0.1149016 0.4690827 -0.2025425 0.4889966 0.2682698 0.4567988 0.4862644 0.3006071 -0.3617953 0.2971257 0.3606651 0.4817055 0.3749115 0.3546899 0.7205803 0.4914078 0.3921172 0.6001839 0.4890751 0.3731372 0.5813796 0.5791456 -0.1010262 -0.3183400 -0.2043981 -0.1938784 -0.2397656 -0.1457162 -0.4984847 -0.2916761 -0.4364200 -0.0772742 -0.5229848 0.0484017 -0.7304896 -0.2738450 -0.4481037 -0.3281817 -0.1516895 -0.2348671 -0.3117989 -0.5343884 -0.1332461 -0.4719972 -0.7502328 -0.1607997 -0.0775378 -0.2540845 -0.5693395 0.1871610 -0.2508028 -0.1806174 -0.0832570 -0.3151084 -0.5474940 -0.0038216 -0.5914775 -0.6820234 0.0245409 -0.7253834 -0.1275831 -0.3338769 -0.5338231 -0.0425031 -0.5123299 -0.1083645 -0.1440086 -0.5905255 -0.2820817 -0.1039471 -0.3439324 -0.5381723 -0.2156384 -0.1056080 0.2025303 -0.1323787 -0.2996043 -0.3540954 0.0320209 -0.2259178 0.0367965 -0.1915485 -0.0905321 -0.1468627 -0.3039747 -0.1964681 -0.3341374 -0.1708676 -0.1133425 -0.2528580 -0.1579726 -0.0843985 -0.1719643 -0.3169047 -0.3280808 0.0560152 -0.4186978 -0.3686075 -0.4318430 -0.1969488 -0.2240206 -0.0862303 -0.3340431 -0.6721210 -0.2551098 -0.3418543 -0.6785557 -0.6795740 -0.3035210 -0.3888863 -0.2506515 -0.4030637 -0.4177003 0.5902287 0.0050876 0.5857001 0.1228009 0.2442280 -0.1430773 0.1935179 -0.1983982 -0.3904742 -0.4284903 0.0785170 -0.1879779 0.2597691 0.5616639 0.2200397 0.4145579 0.5605808 0.5139071 -0.1116746 0.5259170 0.1448660 -0.1246872 -0.2249849 0.0554811 -0.0297261 -0.1403129 0.3382195 -0.0356496 0.2889560 0.0942558 -0.2383989 -0.3619748 -0.3452885 0.2338742 0.0233987 0.2806742 0.5018032 0.3723413 -0.2017727 -0.2697487 -0.3806442 -0.1934616 -0.1217638 0.4765118 0.0759703 -0.3846669
0.7982445 0.0000000 0.5539633 0.8726076 0.3796471 0.8113705 0.2821759 0.8826394 0.5690086 -0.1799307 0.6228501 0.6534800 0.5998386 0.3533800 0.6766105 0.5108704 0.1078955 0.5872743 0.5406384 0.7405679 0.5554521 0.7018182 0.3542225 0.6182101 0.5580354 0.5321122 -0.4707589 -0.1048611 0.6945608 -0.4278812 0.5996691 0.1533537 0.3731601 0.6955215 0.2402411 0.4883190 0.4028622 0.4819198 0.0637254 -0.3916847 0.3727000 0.5449464 -0.3588258 0.2516362 0.6151554 0.5384902 0.4454106 0.1119002 0.4930633 0.1132549 0.2920603 -0.4016334 0.7429036 -0.0995771 0.4207277 0.5316448 0.5137163 0.1329860 0.1391893 0.2006139 0.6075981 -0.0605850 0.0774566 0.5404069 0.7548520 0.3904173 0.4568177 -0.3056751 0.1175254 0.5085883 0.5003685 0.5865460 0.5213703 0.8610378 0.4182175 0.5984661 0.8535700 0.4800659 0.6050264 0.7217854 0.4235854 0.0350933 -0.1904190 -0.2124338 0.0536649 -0.1760166 -0.0964403 -0.1709651 0.0038410 -0.1995404 0.2035725 -0.2657716 0.3150602 -0.5600183 0.0819337 -0.0780314 -0.0635661 0.1085833 0.0187084 -0.1232451 -0.3111590 0.2252553 -0.4165022 -0.4701126 0.1933339 0.1685877 -0.2753820 -0.5893860 0.3233038 -0.2232258 0.0839629 -0.0516586 0.0982792 -0.1272157 0.0656061 -0.1915793 -0.4556484 0.1493484 -0.4077138 0.0104252 -0.2006148 -0.5451688 0.1137991 -0.1481685 0.0579984 0.0126147 -0.4338734 -0.2106400 0.1031388 0.0145470 -0.1769485 -0.2836590 0.0309627 0.3058486 -0.3998183 -0.5535302 0.0000025 0.1510329 -0.0011131 0.0963634 -0.2426326 -0.0595293 -0.3887103 -0.3241804 -0.0988000 -0.2306619 0.0138828 0.0669596 -0.4213661 -0.0836159 -0.0906835 -0.1587263 -0.1947993 -0.1370325 -0.0288884 -0.3321942 -0.2489915 -0.2732782 -0.1791054 -0.2821556 -0.0236623 -0.1896970 -0.4627640 -0.3101337 -0.1754923 -0.5782995 -0.5479142 -0.0856268 -0.1973509 -0.2991967 -0.2151551 -0.1550674 0.7311985 0.1054346 0.5635374 0.2136279 0.2733369 -0.0940022 0.2425875 -0.1351822 -0.2786385 -0.2301414 0.2769633 0.1376355 0.1336213 0.6950334 -0.0222709 0.1165338 0.5731370 0.7278885 -0.1741681 0.7639547 0.1788224 -0.0680105 -0.0931498 0.1281308 -0.0493564 0.1162920 0.2855550 0.0107227 0.4498008 0.0206030 -0.2833883 -0.3895624 -0.5498243 -0.0772870 0.0063709 0.4876263 0.5665031 0.2773676 -0.3087679 -0.1286144 -0.6414263 -0.1593572 -0.2033661 0.6155721 0.3142596 -0.1680529
0.6787583 0.5539633 0.0000000 0.4967275 0.8684749 0.2549367 -0.0370428 0.6167690 0.0491801 -0.4668506 0.3173666 0.3360735 0.8855412 -0.0733031 0.4942006 0.1443804 -0.4328617 0.3864292 0.1031104 0.6812648 0.1261818 0.4205097 0.1783503 0.3572290 0.2741451 0.3058429 -0.5498050 0.0435412 0.1989219 -0.5365994 0.2285270 0.6482755 0.3573315 0.5045022 0.1794053 0.1496287 0.2944617 0.2440487 -0.0970334 -0.3315566 0.3873205 0.2811011 -0.3350397 0.4655098 0.2189841 0.3174542 0.2360787 0.1468064 0.3844696 -0.0511123 0.1056027 -0.1020478 0.4068158 0.1824466 0.6844139 0.4273899 0.3285864 0.2829740 0.2202253 0.1466170 0.2177773 -0.1663692 0.6680015 0.3158589 0.3292764 0.4415042 0.1030699 -0.3323395 0.4301505 0.2748348 0.2429046 0.4350575 0.1931451 0.5869723 0.4058510 0.2816991 0.4457153 0.3000229 0.2091296 0.6363867 0.4373027 -0.1558940 -0.2947883 -0.4117608 -0.4722035 0.0365888 0.2926600 -0.4643161 -0.1232951 -0.3370378 -0.1311841 -0.4224957 -0.0559346 -0.3777130 -0.3726880 -0.2284473 -0.1287675 -0.2183673 -0.2897318 -0.2933400 -0.3281539 -0.3409537 -0.3842258 -0.5959209 0.2067403 -0.1798072 -0.1618636 -0.4189927 0.0302354 -0.3176904 0.0140655 -0.2832167 -0.3634941 -0.5005497 -0.3275168 -0.4956360 -0.5426470 -0.2568647 -0.5999633 -0.2668145 -0.4431501 -0.3198936 0.0336184 -0.6402362 -0.3141493 -0.3239883 -0.3620286 -0.0495077 -0.3981054 -0.3462596 -0.5029730 0.1691889 0.1074558 0.0225506 0.1945400 -0.0241824 -0.1657310 -0.1443393 -0.1628190 -0.3101050 0.1947081 -0.3428629 -0.0585225 -0.3698578 -0.2627582 -0.5346290 -0.0042104 -0.0790841 0.0729478 -0.2312752 -0.1908430 -0.3846380 -0.0175070 0.1126021 -0.0206342 -0.5289713 -0.4876756 -0.1528359 -0.0184455 -0.3087072 0.0071910 -0.1869204 -0.5348243 -0.3641789 -0.1361181 -0.5501085 -0.3381721 -0.2318389 -0.1410576 -0.2009796 -0.3303554 -0.2996924 0.4623547 -0.2487838 0.4467788 0.0208454 0.1057181 -0.2114074 -0.0162567 -0.3294771 -0.4687466 -0.2811824 0.2631855 -0.0746274 0.6600231 0.5112464 0.4928454 0.4592464 0.6006356 0.3137649 -0.0865979 0.3970656 0.0976217 -0.3935667 -0.4294364 -0.2707898 -0.1792947 -0.3317022 0.3932457 -0.2086663 0.0928124 0.4692910 -0.0123111 -0.1757916 -0.0190480 0.3434156 -0.2206211 0.0909273 0.2156899 0.5364127 0.2281311 -0.2073839 -0.1400883 0.2471471 0.1223758 0.3726032 -0.1309166 -0.4879482
0.6222469 0.8726076 0.4967275 0.0000000 0.3597932 0.8056510 -0.0278932 0.9344811 0.5914699 -0.0999206 0.7831168 0.5526128 0.6469084 0.4332203 0.7652029 0.6310257 0.0350679 0.6331836 0.7249504 0.6326230 0.3850094 0.8142931 0.4835428 0.6588955 0.7590298 0.7210167 -0.3891219 0.0019757 0.6521342 -0.1344797 0.6058967 0.3665357 0.4088460 0.7928960 0.4105424 0.3463201 0.6055392 0.7034715 0.2898283 -0.0652700 0.5496928 0.4505089 -0.3343189 0.3745460 0.6154484 0.7180786 0.7001001 0.3578479 0.6057255 0.4214470 0.4637283 -0.3401344 0.7675987 0.0501410 0.5789915 0.7617664 0.7021645 0.2334727 0.0680748 0.3656528 0.5370804 0.1131830 -0.0294491 0.7439557 0.8041277 0.5214467 0.6445108 -0.1263087 0.1967352 0.7637055 0.6412518 0.6562674 0.6818973 0.8406229 0.5131716 0.7781059 0.8717545 0.5596260 0.7092471 0.6920087 0.3582451 0.0525045 -0.1354818 -0.3332133 0.0412154 -0.1427895 -0.0245365 -0.1224248 0.1539312 -0.0568010 0.3371531 -0.1179534 0.2352157 -0.3646960 0.2429011 -0.0306998 0.0022448 0.0910402 0.1149327 -0.0532289 -0.2143985 0.1543994 -0.3641328 -0.4780345 0.2752322 0.2637566 -0.2297978 -0.5507579 0.3506469 -0.3017786 0.2807039 -0.0494756 0.1346364 -0.1040039 -0.1378595 -0.1962541 -0.5286326 -0.1399202 -0.3955822 -0.1599107 -0.3385685 -0.6784824 0.1188320 -0.1958944 -0.2320063 -0.0639363 -0.4450315 -0.0215997 -0.0629430 0.1235847 -0.2357219 -0.0842588 0.1942738 0.4954270 -0.2708729 -0.4781649 0.1241937 0.0116926 -0.0320173 -0.0695665 -0.1373303 -0.2484741 -0.3281126 -0.2293217 -0.1172085 -0.3382388 0.0188031 0.1254089 -0.3021032 -0.2145109 -0.1567019 -0.0929936 -0.1360111 -0.1128442 0.1273633 -0.2374703 -0.2620594 0.0191076 0.0109122 -0.3453533 0.2129689 -0.1967630 -0.3365938 -0.3748404 0.0496619 -0.4561256 -0.5185146 -0.0322196 -0.2034595 -0.3669313 -0.0142330 -0.0797357 0.6719767 -0.0096097 0.3622200 -0.0301950 -0.0564027 -0.2980118 -0.0406206 -0.2358742 -0.3830396 -0.2112468 0.3005469 0.1619692 0.0919018 0.6657025 -0.1981997 -0.0709846 0.3460651 0.4689581 -0.2930327 0.6210703 -0.1318322 -0.2252457 -0.2089263 -0.1077787 -0.3030682 -0.1513613 0.1364437 -0.1416977 0.1201883 -0.0025515 -0.3395792 -0.4982762 -0.4633037 -0.2862524 -0.1064834 0.3424804 0.2834433 0.0618373 -0.4030487 -0.3505668 -0.7006319 -0.1330247 -0.1948952 0.5422196 0.3246664 -0.0739122
0.6121103 0.3796471 0.8684749 0.3597932 0.0000000 0.0216226 -0.2739258 0.5152493 -0.1556532 -0.3782016 0.1605507 0.0782389 0.8209274 -0.2047957 0.3327947 0.0531456 -0.2240502 0.1822270 0.0444522 0.4905270 0.1199655 0.1939576 0.0639584 0.2142087 0.2113552 0.3589626 -0.1766022 -0.0873281 0.1649833 -0.3982171 0.0711253 0.7858228 0.2723553 0.3273444 0.1969300 0.2059164 0.4238481 0.1761448 0.0155857 -0.2248647 0.2882446 0.3417634 -0.2473927 0.2457520 0.2008695 0.2645789 0.2479767 0.0796511 0.2458874 -0.0716563 0.0589426 -0.1506648 0.3186368 -0.0317611 0.7038349 0.4002432 0.3888502 0.0171655 0.2463789 0.1367752 0.0892284 -0.3017915 0.6942073 0.1434705 0.2991019 0.6160973 0.0593258 -0.3959356 0.5230002 0.1449353 0.3140261 0.2694847 0.1755469 0.5171984 0.4995176 0.1776032 0.3095471 0.3980253 0.1044586 0.4960443 0.4555455 -0.3664976 -0.3782989 -0.6111101 -0.7088435 -0.1551885 0.1014683 -0.6842931 -0.4114088 -0.5693317 -0.3758976 -0.6115671 -0.2708638 -0.4039402 -0.5521861 -0.3800065 -0.2249108 -0.3487656 -0.5139829 -0.4833365 -0.4370293 -0.4867654 -0.4317604 -0.7428683 0.0071500 -0.2644366 -0.2879485 -0.3484097 0.0951443 -0.4171717 -0.3036390 -0.3614517 -0.5092476 -0.6115107 -0.5635760 -0.6356318 -0.5546817 -0.3495786 -0.5392206 -0.2375030 -0.3838067 -0.2615132 -0.1620154 -0.7355389 -0.4441604 -0.3951647 -0.3769178 -0.0909750 -0.5840478 -0.3321036 -0.6653122 0.2444890 0.0713284 0.1037367 0.3073424 0.0891850 -0.3634908 -0.4352300 -0.4971815 -0.3482618 0.0517962 -0.4164296 -0.0180937 -0.1452440 -0.4230629 -0.4659646 -0.3277227 -0.3098371 0.0405025 -0.2661662 -0.0500503 -0.2131294 -0.2795438 -0.1521922 -0.0423563 -0.4013819 -0.4945008 -0.1981067 -0.1330334 -0.1725042 0.0153702 -0.3301356 -0.4148098 -0.2352816 -0.2395765 -0.5365466 -0.2910530 -0.3955753 -0.3678279 -0.1592632 -0.3863999 -0.5730316 0.4401241 -0.3930603 0.2505656 -0.2765832 -0.1341409 -0.4685880 -0.0903647 -0.2891568 -0.5832969 -0.3085700 0.2430337 -0.2037261 0.7352004 0.5223864 0.6348496 0.6083132 0.4981839 0.0655833 0.0814366 0.2027858 -0.1869518 -0.3644784 -0.4374655 -0.4068599 -0.2064130 -0.5961042 0.2953932 -0.2552061 -0.0034889 0.3671049 -0.2004473 -0.2570516 -0.1043142 0.3667467 -0.3904037 -0.1085021 0.1682617 0.3083787 0.0493750 -0.2817026 -0.1368220 0.0836738 -0.0490317 0.3874168 0.0399507 -0.3528496
0.4468814 0.8113705 0.2549367 0.8056510 0.0216226 0.0000000 0.3293912 0.7446087 0.6757414 -0.0117972 0.7263216 0.7703821 0.3339649 0.5020979 0.7629334 0.4667085 0.0974560 0.6719226 0.6229101 0.4741590 0.4936574 0.6507120 0.3008966 0.5767183 0.6012570 0.4549337 -0.3483923 0.1174741 0.6551015 -0.0726972 0.4544639 0.0598139 0.3063708 0.7400293 0.2605072 0.4199900 0.3058567 0.5411535 0.1367447 -0.0953223 0.2711152 0.5208555 -0.1559080 0.3348515 0.7083428 0.4625865 0.4630333 0.2419682 0.5135547 0.2505263 0.4359187 -0.2095705 0.7317003 0.1189033 0.2307635 0.4573793 0.4102019 0.3303402 0.1451444 0.2982292 0.7242574 0.2428586 -0.1126698 0.8040154 0.7979097 0.2200974 0.5531102 0.0260886 0.1386812 0.6458026 0.4293128 0.8190585 0.5860694 0.8215167 0.2378314 0.6890333 0.8928624 0.2809546 0.6128961 0.7037430 0.1428476 -0.0633156 -0.3128891 -0.1615867 0.1475563 -0.2455384 -0.1577278 -0.0040082 0.1499162 -0.0135920 0.4931208 0.0391297 0.3816036 -0.3216024 0.2165279 -0.0522896 -0.0102918 0.2497094 0.0421535 -0.0464834 -0.3100375 0.3172437 -0.5005070 -0.1951298 0.2698687 0.0825445 -0.2994670 -0.5748548 0.1814212 -0.2162340 0.3168740 0.0587423 0.1674800 0.0033051 0.1902473 -0.0008189 -0.1939246 0.1239750 -0.1579560 0.0847959 0.0184974 -0.4537516 0.0976932 0.0594879 0.0985077 0.3338428 -0.2761780 -0.0978910 0.2870628 0.1380097 0.2193757 -0.3222472 0.1814896 0.2168256 -0.5628498 -0.6954987 0.4663712 0.3774286 0.3504026 0.2549520 -0.2447703 0.1872785 -0.3660520 -0.1354926 0.1718416 -0.2936429 0.3062635 0.3110986 -0.4100886 0.2039850 -0.0567165 0.1606414 0.0961568 -0.1258515 0.1696894 -0.0667091 -0.1182680 0.0494920 0.0266337 -0.2481177 0.0975287 -0.0358281 -0.2508448 -0.3142125 0.0341538 -0.1949411 -0.3977810 0.0978871 -0.0355382 -0.3209580 -0.0405869 0.1122900 0.5087060 0.1721538 0.4408247 0.1801183 0.1336608 -0.0163723 0.0676125 -0.2157454 -0.2788383 -0.2926378 0.2535593 0.0721457 -0.0581701 0.5591672 -0.3919396 -0.2952716 0.3679012 0.6022464 -0.1866446 0.7052446 0.1026823 -0.1376235 0.1026896 0.1306283 0.0848890 0.2706630 0.3400971 0.2206024 0.3703471 -0.0781394 -0.2822545 -0.3698926 -0.3079105 -0.2223836 0.3110041 0.6608560 0.4430913 0.2734131 -0.3790055 -0.1619755 -0.4219252 0.1447198 0.0225527 0.4684112 0.2500351 -0.0120351
0.1716894 0.2821759 -0.0370428 -0.0278932 -0.2739258 0.3293912 0.0000000 -0.1240777 0.2896374 -0.0762351 -0.0027972 0.5395949 -0.2114366 0.1798738 0.1381498 -0.1881565 0.0890456 0.0948224 -0.2153945 0.2757157 0.5063893 -0.0483979 0.0054248 0.1085938 -0.4016524 -0.3553212 -0.1766735 -0.0228833 0.0493405 -0.1936699 0.3027254 -0.5463818 -0.1120922 -0.0712553 -0.2278818 0.4760716 -0.4796207 -0.4104620 -0.2484022 -0.3867591 -0.3074281 0.2665400 0.0844204 -0.0628250 0.2493500 -0.1562341 -0.4102912 -0.4385949 -0.0765007 -0.4134930 -0.2366358 -0.0170254 0.0498938 0.2502443 -0.3580030 -0.2332726 -0.4357307 0.2581248 0.5091414 -0.3841342 0.5583136 -0.1040294 -0.0411525 -0.0588168 0.0930223 -0.4802061 -0.3348536 0.0253877 -0.3902179 -0.1384545 -0.3924657 0.1709467 -0.3812558 0.1332261 -0.4321200 -0.2552000 0.0874830 -0.3648152 -0.1642394 0.0235249 -0.2029450 -0.0211997 -0.1100927 0.3600417 0.2724897 -0.0529617 -0.2279223 0.1984426 -0.0460731 -0.0168919 -0.1020460 -0.0986636 0.1944968 -0.1538159 -0.1355995 0.0506495 -0.0491033 0.1331380 -0.0696294 0.0813076 -0.0626928 0.1834781 -0.1503240 0.2119457 -0.0711614 -0.1642301 -0.1720568 0.0017384 -0.2345641 0.2793383 -0.1753971 0.1164002 0.0090170 0.0737947 0.2985324 0.1051003 0.1793720 0.4061032 0.1779777 0.6526877 0.5450701 0.3049200 0.0575486 0.2456397 0.7369321 0.6238409 0.3625865 -0.4670310 0.7398081 -0.0029831 0.3253197 -0.4009261 -0.0851575 -0.1023205 -0.3207858 -0.3827297 0.0451764 0.5627909 0.3394511 0.7263169 -0.1001449 0.6520561 -0.0249432 0.0200304 0.0291656 0.1631923 0.1984289 0.0413436 -0.1765922 0.4734555 0.3350237 0.2160494 0.0334391 0.2796735 -0.2517206 0.2825975 0.1289824 -0.1169793 -0.1470254 0.3087234 -0.1150101 0.3924289 -0.3061430 0.4333230 -0.0623830 -0.0663234 0.0257774 0.1108951 0.3469954 0.4082197 0.1242575 0.3378379 0.1937709 0.7198711 0.6223561 0.6438113 0.7897667 0.5927147 0.7892653 0.5139295 0.4849013 0.2365075 0.4318389 0.3198075 0.1058781 0.2437661 0.0583023 0.1940040 0.2866316 0.5002207 0.4049634 0.2584379 0.4915139 0.6261879 0.6843239 0.8325995 0.6418185 0.7627717 0.1096922 0.5859696 0.4886145 0.0458180 0.3262547 0.2860008 -0.0472840 0.3277522 0.4215844 0.2412566 0.4921479 0.4114693 0.2048104 0.5247383 0.2220145 0.2950069 -0.0221719 0.1199413 -0.2120167 -0.2468748
0.6996462 0.8826394 0.6167690 0.9344811 0.5152493 0.7446087 -0.1240777 0.0000000 0.5074724 -0.1545640 0.6937609 0.5045522 0.7156518 0.3673872 0.7253723 0.6174458 0.0360815 0.6506734 0.7148255 0.6523857 0.3551702 0.7809821 0.4123445 0.6660548 0.7797229 0.7596671 -0.3985369 0.0287757 0.6709397 -0.2279822 0.5266825 0.4637020 0.4992582 0.8062898 0.4581418 0.3213231 0.6721534 0.7118349 0.2807401 -0.1604105 0.5662716 0.4842097 -0.2910430 0.4031786 0.5924526 0.7038328 0.7102726 0.3227440 0.6258842 0.3648033 0.5165448 -0.3173911 0.7954560 -0.0867230 0.6553278 0.7487570 0.7665533 0.1531820 0.0136715 0.4350777 0.4500228 0.0395510 0.1186009 0.6386537 0.7650396 0.6690932 0.6620700 -0.2730930 0.3662777 0.6428685 0.7414920 0.6274771 0.7364425 0.8625198 0.6799148 0.7524753 0.8807452 0.6992949 0.7445579 0.8065154 0.5659476 0.0080422 -0.2117248 -0.4283575 -0.1232349 -0.1664281 0.0377613 -0.2807415 0.0180239 -0.2096062 0.2576808 -0.2330216 0.2270544 -0.5168870 0.1090851 -0.1034388 -0.0879132 0.0904180 -0.0147201 -0.2327853 -0.3367426 0.1629828 -0.4235002 -0.6060260 0.2454929 0.2037740 -0.2699722 -0.6252624 0.3565097 -0.3745099 0.1928528 -0.1230243 0.0797045 -0.1598442 -0.1325415 -0.2290915 -0.4907793 -0.1451114 -0.4143594 -0.2427381 -0.4160341 -0.6845125 0.0610122 -0.2732899 -0.2601122 -0.2160785 -0.5905648 0.0266772 -0.2089456 0.0452221 -0.3061721 -0.0404904 0.1805809 0.4133826 -0.2083908 -0.4115582 0.0851715 -0.1073384 -0.1076154 -0.1901670 -0.1642456 -0.3322835 -0.3609131 -0.3298156 -0.1801501 -0.3810738 -0.0258327 0.0705764 -0.2796417 -0.2116985 -0.2633605 -0.1916944 -0.1764366 -0.2436848 0.1344997 -0.4131483 -0.3721175 -0.1419022 -0.0843141 -0.4610558 0.0724458 -0.3584379 -0.4023529 -0.5137542 -0.0959508 -0.5446469 -0.5894538 -0.1515062 -0.3619641 -0.5049646 -0.2467731 -0.3022154 0.6311898 -0.1989456 0.3157012 -0.0706068 -0.0732353 -0.3667020 -0.1019995 -0.3365070 -0.5080952 -0.3388119 0.1812162 0.0246719 0.1428237 0.6182961 -0.0537454 0.0131395 0.4748379 0.5327972 -0.3173485 0.6860556 -0.0345527 -0.3104038 -0.3380460 -0.2111875 -0.3463447 -0.1998835 0.3536831 -0.2710809 0.2545953 0.0354617 -0.3919349 -0.5058353 -0.4306045 -0.1319234 -0.1711354 0.4672144 0.3626974 0.1459034 -0.3967853 -0.3244111 -0.6841641 -0.1366106 -0.1030535 0.5652154 0.3250496 -0.0901520
0.2597172 0.5690086 0.0491801 0.5914699 -0.1556532 0.6757414 0.2896374 0.5074724 0.0000000 -0.0257363 0.4123763 0.5013601 0.1475137 0.9283315 0.5506201 0.5111961 0.3591862 0.8085316 0.7130115 0.4108638 0.4558386 0.7361654 0.6945641 0.8489208 0.6509651 0.5856977 -0.2780900 0.5124397 0.5821328 0.1602464 0.7904529 0.0266906 0.7074794 0.7016537 0.4209904 0.3534099 0.3253399 0.6320417 0.3931644 0.0479477 0.5429296 0.2365134 0.1127805 0.6311864 0.3252030 0.4663832 0.4020104 0.3450311 0.7996231 0.3446879 0.4511740 -0.0438298 0.7206779 0.2585108 0.2976170 0.4433244 0.4200731 0.6180248 -0.1174127 0.3184306 0.3137215 0.2657981 -0.4811015 0.4032936 0.5022404 0.0708473 0.5767750 0.0433650 -0.2754036 0.5186285 0.4394002 0.3039401 0.4207940 0.3921830 0.1359647 0.6624736 0.6094219 0.3359372 0.7662399 0.4468520 0.1641046 0.3881033 0.0671677 -0.1441054 0.4090882 -0.1967771 -0.1096958 0.3677299 0.3693331 0.2773523 0.1162357 0.0254340 0.3021798 -0.1487657 0.5214945 0.4520488 0.1888191 0.4030129 0.4525607 0.3211225 0.1457851 0.1964261 -0.1999226 0.0655317 0.2716795 0.5379339 -0.3342127 -0.4414261 0.0692697 -0.3126192 0.2763374 -0.2215329 0.4919830 0.3594407 0.1982011 0.3836169 0.0123020 0.0836759 0.1085353 -0.0479678 -0.0363683 -0.2538073 0.3393985 0.3704575 0.1956765 0.0612801 -0.0239978 0.0996779 0.3171733 0.4916510 0.2655775 0.0047038 0.2934940 0.4042524 -0.2665155 -0.4372695 0.2889945 0.2163449 0.3046498 0.0753949 -0.0438052 -0.0004121 -0.0824961 -0.3329072 -0.0902533 -0.0536477 0.1733548 0.2010301 -0.2221307 -0.0501008 -0.1453178 -0.1112784 -0.0088905 0.0242023 0.0171967 -0.0143998 0.0088889 0.0441496 0.1527914 -0.2792642 -0.0076705 0.0775393 -0.2750897 -0.1851957 -0.0126241 -0.1876065 -0.1881507 0.2826060 0.0503887 -0.3735627 0.3061122 0.1686461 0.2077620 0.0575480 0.1060949 0.2422635 0.2603351 0.0476625 0.3209076 0.0780951 0.1589311 0.1889164 0.1584448 0.4574274 -0.3151865 0.2317034 -0.3262887 -0.1809791 0.0829428 0.4934744 -0.3347400 0.5382019 0.1567026 0.1146259 0.0208006 0.2093191 -0.1841027 0.3487583 -0.0320724 -0.0759400 0.5022581 0.0485864 0.2806463 0.1295654 -0.3354354 -0.4514804 -0.0582432 0.4194284 0.1371902 -0.0994164 -0.1151074 0.0304393 -0.5149437 -0.0889423 -0.3575578 0.1524664 0.1201426 0.1169871
-0.4145064 -0.1799307 -0.4668506 -0.0999206 -0.3782016 -0.0117972 -0.0762351 -0.1545640 -0.0257363 0.0000000 0.2110485 -0.0685110 -0.5121806 -0.0903365 -0.1361564 0.4457695 0.4473779 -0.4041463 0.2437614 -0.6053837 0.1527971 -0.0636387 0.2325871 -0.3484788 0.0588327 -0.0391580 0.6046098 -0.1603573 0.0141428 0.2513729 -0.3007491 -0.3198042 -0.3667335 -0.2274520 0.1305187 0.0791474 -0.1371734 0.1317298 0.1193425 0.4017035 -0.0242348 0.0688931 0.4364178 -0.3788763 0.0309488 0.1754410 0.1060560 0.0643389 -0.3302106 0.4757007 0.1610831 0.4195178 -0.1914009 -0.0116726 -0.1103155 0.0979896 0.0364450 -0.1394450 0.1220464 0.1656526 -0.0059424 0.3387754 -0.3895557 0.0422384 -0.0635407 -0.0421251 0.0738411 0.4970469 -0.1317382 0.0737583 -0.0576853 -0.1708737 0.2101582 -0.1610788 0.0189479 0.0535679 -0.2450832 -0.0490059 0.0120993 -0.4959443 -0.1608512 0.3159426 0.4381272 0.2488970 0.3139537 0.2576868 0.1985979 0.2458083 0.2577312 0.2668895 0.2424781 0.4574778 0.2643793 0.1601399 0.3147754 0.2917664 0.4325063 0.1456753 0.2961467 0.1075957 0.3550457 0.2725199 0.4201065 0.2857404 0.1823231 0.0572769 0.2284102 0.4211247 -0.0151544 0.2149702 0.0265742 0.0088973 0.4169499 0.5546528 -0.0178617 0.5419034 0.5597882 -0.0068034 0.5483677 0.2271497 0.3657745 0.4158393 -0.0188304 0.6009267 0.2340388 0.2687156 0.2413755 0.0114752 0.1811557 0.3837678 0.2894072 -0.0609668 0.1236458 0.0368027 -0.1210375 0.0620699 0.1932147 0.0537570 0.0757985 0.1924527 -0.1210240 0.2199816 -0.0117899 0.4323905 0.0757786 0.4011764 0.1992093 0.2656454 -0.1116131 0.3331043 0.4220644 0.2420261 0.0823695 0.0727865 0.1551918 0.5072039 0.4773234 0.3266607 0.0788983 0.4554774 0.4156415 0.1640863 0.5796168 0.3198917 0.4356142 0.5228793 0.3171614 0.0123094 0.0234292 0.2444205 0.1425333 0.1481851 -0.1707188 0.2028913 -0.2843151 -0.3187465 -0.3199852 -0.1749543 -0.0640496 0.2832245 -0.0102384 0.1159362 0.0388280 0.0272044 -0.4781826 0.0352410 -0.4335217 -0.2017600 -0.6674043 -0.4574837 0.2098828 -0.5001009 -0.4596211 0.2158660 0.3514946 0.0563405 0.0839103 -0.0513578 -0.3537434 0.1538841 -0.0434925 -0.2628185 0.0792511 -0.2248055 -0.0527954 -0.2966693 0.1369980 -0.1654996 0.0223946 -0.4625936 0.1312485 -0.0618124 0.0973001 0.0186064 0.2126022 -0.1522819 0.5381958 0.4555566
0.2353652 0.6228501 0.3173666 0.7831168 0.1605507 0.7263216 -0.0027972 0.6937609 0.4123763 0.2110485 0.0000000 0.6777103 0.4326960 0.3019128 0.7908893 0.6799142 0.0259118 0.4885103 0.6095188 0.3239919 0.2620287 0.7291080 0.5262788 0.3628395 0.6236946 0.4430334 -0.1318006 0.0386048 0.3971385 -0.0572646 0.2898868 0.2632154 0.1654108 0.6314448 0.4325239 0.1908092 0.3974129 0.6250603 0.1387326 0.1405096 0.3230066 0.2866638 -0.1606654 0.2466111 0.4536345 0.6027912 0.5603533 0.4213140 0.3376087 0.4292093 0.4362232 -0.0434746 0.5194933 0.2525472 0.4783016 0.6389833 0.5461099 0.2081004 0.0767846 0.4375975 0.4217390 0.2532883 -0.1144598 0.8326906 0.6429445 0.3642204 0.4496046 0.0802049 0.1756844 0.7288650 0.3117394 0.7075706 0.5880320 0.6940087 0.3056903 0.7054891 0.6799739 0.2843164 0.5256355 0.4269801 0.1031201 -0.0066349 -0.1080539 -0.2186750 0.0072163 -0.0650284 0.0829072 -0.0662475 0.1996044 -0.0038141 0.4892531 0.3185634 0.3700155 -0.1106550 0.2870113 0.0943637 0.2983992 0.1448033 0.1204724 -0.0508630 -0.0617554 0.1746212 -0.1732185 -0.1114160 0.4080987 0.0284898 -0.1141287 -0.2873692 0.0273890 -0.1944229 0.3271809 -0.1401841 0.2375011 0.0423866 -0.2733845 0.0187492 -0.3322449 -0.2463978 -0.1886345 -0.1387018 -0.2948642 -0.5171944 0.0510245 -0.1134681 -0.2154874 0.0201943 -0.3511079 0.0712607 -0.0819535 -0.0065898 -0.0788853 -0.2342830 0.0973218 0.1932396 -0.3887020 -0.4694413 0.2255363 -0.0229802 0.0236923 -0.0998736 -0.2610700 -0.2693435 -0.4448459 -0.1741948 -0.0977793 -0.1635890 0.0748506 0.1137836 -0.4092683 -0.1144487 -0.0783181 -0.0960836 -0.0494189 0.1085565 -0.0090288 -0.0970576 -0.1991082 0.1227995 -0.0795926 -0.2224264 0.3193054 -0.0560753 0.0549431 -0.3316282 0.2880721 -0.1963840 -0.1190879 -0.1389090 -0.1724387 -0.2195055 -0.0382328 -0.0411007 0.5698283 0.0450666 0.1660751 -0.1716720 -0.2353279 -0.3332612 -0.2407199 -0.3004806 -0.4398102 -0.2533615 0.2696513 0.0477200 0.0120846 0.5184700 -0.3052188 -0.2215306 0.1724282 0.2513938 -0.1577377 0.3211528 -0.2802350 -0.2335085 -0.1449266 -0.2000819 -0.1521536 -0.1572822 -0.0176740 -0.0520049 -0.0246412 -0.1401401 -0.2496959 -0.4866509 -0.3451051 -0.3600145 -0.1128457 0.3032804 0.3298638 0.0168703 -0.2324570 -0.2917462 -0.4706375 0.0492303 0.0833205 0.5162885 0.4322235 0.0114465
0.3787020 0.6534800 0.3360735 0.5526128 0.0782389 0.7703821 0.5395949 0.5045522 0.5013601 -0.0685110 0.6777103 0.0000000 0.3048973 0.3683334 0.8451785 0.2259727 -0.0556097 0.6031691 0.2616923 0.3908346 0.6705098 0.4529071 0.2542345 0.4837230 0.3061523 0.2261027 -0.3002713 0.2599584 0.5612240 -0.0709971 0.3018309 0.0326792 0.2704074 0.6476570 0.2975271 0.5613297 0.1394265 0.2391191 0.0776652 -0.0517432 0.0313904 0.5989501 0.0140484 0.3462102 0.6728352 0.4022346 0.2503033 0.0454235 0.4095622 0.0399313 0.3075681 -0.0177609 0.6177998 0.3397676 0.2891966 0.4064182 0.2784787 0.4577676 0.2644549 0.2365769 0.6987355 0.1315828 0.1348024 0.6312759 0.6439729 0.2125308 0.2149133 0.0654288 0.2413611 0.4926247 0.1963162 0.7457787 0.3619258 0.7046881 0.2011763 0.4905118 0.7008647 0.2005042 0.4525274 0.5536359 0.1753810 -0.1626284 -0.3255505 -0.1244380 -0.1099251 -0.1218933 -0.0343152 -0.2083802 -0.0705975 -0.2278573 0.3892714 0.0173344 0.5628732 -0.4158840 0.0031147 -0.0925693 0.0682815 0.3308625 -0.0815718 -0.2724189 -0.3594395 0.2081706 -0.3400659 -0.1229510 0.4043255 -0.1205932 -0.2946425 -0.2931376 -0.0615901 -0.2249922 0.1412747 -0.1459708 0.1508670 -0.0072961 -0.0798749 -0.0137894 -0.1651802 -0.1037875 -0.1540300 0.2510040 0.0817005 -0.2660081 -0.1258352 -0.0695617 0.2372503 0.3773231 -0.1299976 -0.3071876 0.2614135 -0.0141770 0.0822576 -0.3968285 0.2581854 0.0297056 -0.4740078 -0.6542472 0.2372910 0.2653553 0.1013834 0.3589603 -0.3113925 0.1643224 -0.3705130 -0.1750155 -0.1889763 -0.2036574 0.1112776 -0.0412409 -0.4755783 0.1780776 0.1227020 0.0720599 -0.0066757 0.0944073 -0.0372488 -0.0422826 -0.3645306 -0.0640396 -0.2551021 -0.0500998 0.1485180 0.0685322 -0.2575738 -0.1263736 0.1560815 -0.3157714 -0.2988351 -0.2639689 -0.1591891 -0.0701248 -0.2082462 0.0117632 0.5080689 0.2529969 0.4541113 0.0461622 0.1437951 -0.1125370 0.1867305 -0.0069311 -0.2283260 -0.1556283 0.4281399 0.0902679 0.0946290 0.5884153 -0.1724647 -0.0136994 0.3587423 0.4997384 0.2072339 0.5479260 0.0815398 0.0259155 0.2061258 0.2539522 0.3595206 0.2488514 0.2068512 0.3468395 0.2683687 -0.2048211 -0.0469654 -0.3080263 -0.2914207 0.0847419 0.2072609 0.4109214 0.5615471 0.3364661 -0.0703977 -0.0386924 -0.1738952 0.3371309 0.2245385 0.4033994 -0.0485316 -0.4416286
0.7061839 0.5998386 0.8855412 0.6469084 0.8209274 0.3339649 -0.2114366 0.7156518 0.1475137 -0.5121806 0.4326960 0.3048973 0.0000000 0.0646513 0.5800972 0.2025542 -0.3014169 0.5151673 0.1983897 0.7442542 0.0867876 0.5535227 0.2599065 0.4718111 0.4493849 0.4584755 -0.4601463 0.0020029 0.3530744 -0.4464842 0.3151718 0.7468196 0.4029850 0.6435547 0.2791002 0.1015866 0.4909391 0.4345467 0.0650674 -0.2017397 0.4809059 0.2496033 -0.4245783 0.4460451 0.2866331 0.3549717 0.3800392 0.3559618 0.4889937 0.0489289 0.1666602 -0.3004359 0.5477318 0.1265695 0.7610682 0.4955362 0.5098478 0.2158369 0.0229735 0.2327185 0.2181286 -0.1520335 0.5510266 0.4733790 0.4977901 0.5746512 0.2640533 -0.3128695 0.4244462 0.4731632 0.3913687 0.4772852 0.3383240 0.6487860 0.4504924 0.4983929 0.5717371 0.3988611 0.3680030 0.7081103 0.4311863 -0.2065834 -0.3321316 -0.5311701 -0.4676566 -0.1016142 0.1335472 -0.4791368 -0.1208758 -0.3597733 -0.0603987 -0.4071921 -0.0207562 -0.3284905 -0.3011416 -0.3068023 -0.1013416 -0.1997819 -0.2539200 -0.2480291 -0.3888828 -0.3668200 -0.4283519 -0.6642834 0.1331228 -0.1026990 -0.1991773 -0.5205004 0.1330002 -0.4932412 -0.0003689 -0.2831053 -0.3051445 -0.5621207 -0.3377744 -0.5957637 -0.7805788 -0.2824274 -0.7564461 -0.4427319 -0.6203602 -0.6208938 -0.0231406 -0.7143431 -0.5379450 -0.3838155 -0.5187162 -0.0975817 -0.4435686 -0.3328572 -0.5819007 0.0295052 0.0529395 0.1828298 0.0168844 -0.1829117 -0.2253949 -0.1416069 -0.2949917 -0.3530558 -0.0164874 -0.4359630 -0.1679999 -0.3489447 -0.2031327 -0.5083570 -0.1809935 -0.1874637 -0.1257903 -0.4067486 -0.2164082 -0.3506108 -0.1588198 -0.0978968 -0.0105176 -0.5455134 -0.5375140 -0.1737739 -0.0826045 -0.3489077 0.0653443 -0.2930524 -0.4560786 -0.4117815 -0.1677985 -0.6125948 -0.3942409 -0.2750964 -0.2831291 -0.3019302 -0.3067159 -0.3824873 0.6130061 -0.2794818 0.3925723 -0.1146653 -0.0896656 -0.3286997 -0.1983953 -0.4847331 -0.5606914 -0.3351610 0.1819516 -0.0930137 0.5360783 0.5434504 0.3366136 0.3569125 0.5324473 0.2580275 -0.2726606 0.4769142 -0.0467785 -0.5383042 -0.5760720 -0.3664638 -0.2636294 -0.4551376 0.2638379 -0.2043346 -0.0762435 0.2735442 -0.1965256 -0.2576775 -0.1503810 0.1115872 -0.2408476 0.0731264 0.1035077 0.2988440 -0.0453598 -0.3333988 -0.3126142 -0.0390421 -0.0882779 0.4664604 0.0088335 -0.3995866
0.1466088 0.3533800 -0.0733031 0.4332203 -0.2047957 0.5020979 0.1798738 0.3673872 0.9283315 -0.0903365 0.3019128 0.3683334 0.0646513 0.0000000 0.4245644 0.3844192 0.3896898 0.8047359 0.6448317 0.3102938 0.3002509 0.6502299 0.6422400 0.8111720 0.5991780 0.5627851 -0.1284048 0.6498719 0.4335080 0.3889997 0.7657014 0.0628144 0.7477431 0.6061950 0.4901592 0.2157001 0.3677420 0.6005620 0.4949939 0.1635296 0.5095319 0.0888005 0.2148716 0.6755521 0.2043028 0.3481455 0.3648423 0.4060647 0.8050184 0.3136035 0.4762570 -0.0247534 0.6007156 0.2335388 0.2583625 0.3549996 0.3957825 0.6092912 -0.2466438 0.3370671 0.1647326 0.2340718 -0.4877950 0.2935276 0.3400870 0.0840524 0.5379551 0.0068249 -0.2472055 0.4490443 0.4281397 0.2271341 0.3399766 0.2549220 0.1215662 0.5941428 0.4894384 0.3286568 0.6940524 0.3286656 0.1429649 0.2953190 -0.0366280 -0.2054763 0.3125297 -0.3574124 -0.2375578 0.3073679 0.2418961 0.2108960 -0.0085045 0.0525507 0.1368770 -0.1160244 0.4659571 0.4017683 0.0873768 0.3656471 0.3582911 0.2476093 0.1053801 0.0969091 -0.2278527 0.0948289 0.0603756 0.4524249 -0.4253007 -0.4544815 -0.1348887 -0.3713205 0.1762321 -0.3047353 0.3880081 0.2668575 0.1204595 0.3293283 -0.0026941 -0.0280437 0.1318130 -0.1306553 -0.1070792 -0.2789303 0.2712501 0.2656831 0.1059571 -0.0322790 -0.0879745 0.2394415 0.2196545 0.3751707 0.1992578 0.0533890 0.1966988 0.3485347 -0.1633096 -0.3618033 0.1990097 0.0413509 0.2208178 -0.0194926 -0.1066708 -0.1199776 -0.0232276 -0.3839044 -0.1989844 -0.0635712 0.0044269 0.0604903 -0.1621711 -0.1291739 -0.2799091 -0.1021584 -0.1452871 -0.0923693 -0.0340068 -0.0078818 -0.0711113 -0.0222954 0.1231779 -0.3810081 -0.1044054 -0.0512010 -0.2836462 -0.2358341 -0.1071224 -0.1810134 -0.1254384 0.2047842 -0.0732021 -0.4708436 0.2871011 0.0174748 0.0640943 -0.0360508 -0.0982469 0.1484746 0.1613768 -0.0104029 0.2216163 0.0341013 0.1474254 0.1195646 0.0024139 0.3184979 -0.3564992 0.0140755 -0.2732827 -0.1725120 0.0323624 0.3726433 -0.3383857 0.3775212 0.0815679 0.1463902 -0.0314052 0.1272249 -0.2337868 0.2688653 -0.0634698 -0.1925415 0.4305971 -0.0326879 0.3149509 0.2345635 -0.2498424 -0.4357797 -0.1764357 0.4120341 0.0786748 -0.1781014 -0.1667763 0.0416648 -0.4371237 -0.1307654 -0.3670376 0.0954992 0.0327674 0.1343112
0.3676217 0.6766105 0.4942006 0.7652029 0.3327947 0.7629334 0.1381498 0.7253723 0.5506201 -0.1361564 0.7908893 0.8451785 0.5800972 0.4245644 0.0000000 0.3826060 -0.0620833 0.7363357 0.5144086 0.4618786 0.5347634 0.6468570 0.4422789 0.6716036 0.5837364 0.5382868 -0.3187629 0.2821647 0.6221351 -0.0277753 0.3699108 0.4438270 0.4637583 0.8617798 0.4646779 0.5107818 0.4510609 0.5350531 0.2977807 0.0851944 0.3018454 0.5949610 -0.0795216 0.5083525 0.6786928 0.6340567 0.5280666 0.2651959 0.6346367 0.2783563 0.4235717 -0.0911263 0.8188893 0.3706466 0.6198627 0.7015569 0.5792596 0.4799700 0.2233025 0.3815095 0.5817349 0.1101359 0.1098887 0.7718396 0.8184599 0.4978751 0.4195636 0.0068872 0.3512757 0.6725918 0.4543900 0.7715377 0.5458711 0.7844059 0.4162430 0.7099756 0.8218956 0.4270441 0.6522970 0.7455485 0.2629571 -0.1778501 -0.2985811 -0.4550318 -0.2673976 -0.1124208 0.0668843 -0.2601807 0.0115299 -0.2120813 0.3434784 -0.0869430 0.4690478 -0.3108579 0.0427813 -0.0328080 0.1450194 0.3310879 -0.0735350 -0.2608476 -0.3261107 0.0971848 -0.3680728 -0.3102906 0.5343682 0.0406744 -0.3382609 -0.3768660 0.1427495 -0.4633565 0.2367136 -0.2402563 0.1820461 -0.0301873 -0.3156937 -0.0863745 -0.3216433 -0.3485184 -0.2208436 0.0048712 -0.1564517 -0.4720213 -0.1426938 -0.2034456 -0.1164879 0.1371779 -0.2211797 -0.1992489 -0.0082248 0.1601779 -0.0634159 -0.1500251 0.4652672 0.3033431 -0.3368486 -0.5837704 0.2856971 0.0507349 -0.0721588 0.0764450 -0.2262467 -0.1223021 -0.3997765 -0.1562689 -0.2664887 -0.3654555 0.0035468 -0.0828554 -0.4220419 -0.0278029 0.0382866 0.0240016 -0.0496877 0.0269204 0.0419693 -0.1382589 -0.4821348 0.0947196 -0.1803620 -0.1779866 0.2898951 -0.0455698 -0.2415407 -0.2541364 0.1987923 -0.3783549 -0.3457084 -0.2638409 -0.2459437 -0.2268398 -0.1260319 -0.0915072 0.6031877 -0.0055474 0.3369303 -0.1814971 -0.1331321 -0.3666096 -0.0434047 -0.1550449 -0.3907485 -0.0987577 0.5182569 0.2025160 0.2340068 0.6988641 -0.1241637 -0.0104409 0.3330978 0.3650264 0.0204620 0.6108525 -0.1486681 -0.2229692 -0.0675887 -0.0543234 0.0148430 -0.0924207 0.1567433 0.0956582 0.0703017 -0.0931524 -0.1605680 -0.3713934 -0.3095804 -0.0860407 -0.0589145 0.2747212 0.2860125 0.1174260 -0.1777014 -0.1978366 -0.3792412 0.2540969 0.0419427 0.4474917 0.0224637 -0.3485993
0.1839402 0.5108704 0.1443804 0.6310257 0.0531456 0.4667085 -0.1881565 0.6174458 0.5111961 0.4457695 0.6799142 0.2259727 0.2025542 0.3844192 0.3826060 0.0000000 0.2048895 0.3223154 0.8129198 0.1744013 0.1142593 0.6936366 0.7760724 0.3934630 0.7605556 0.6541301 -0.0372840 0.0386399 0.3631764 -0.0428267 0.4378245 0.1751293 0.2404260 0.4400249 0.5991352 -0.0376908 0.4983554 0.7802190 0.3016564 0.2409562 0.6499389 0.0057393 0.0677306 0.2266324 0.1046332 0.7240955 0.6759793 0.4997017 0.3321442 0.7240674 0.5889549 0.1450024 0.3686935 0.1291561 0.5018134 0.6506997 0.6717204 0.1524070 -0.1666908 0.5671862 0.0137389 0.4033392 -0.4307031 0.4431935 0.2903065 0.3489299 0.6655217 0.1567737 -0.1158533 0.6088267 0.4812857 0.1456103 0.6796802 0.3424088 0.4277734 0.6717962 0.3687318 0.4844450 0.6847573 0.1759726 0.3605197 0.5781444 0.4320024 0.0467172 0.4038886 0.1742594 0.3044274 0.2424294 0.4616660 0.3245571 0.3066888 0.3621411 0.3195937 -0.0592176 0.6315788 0.4562752 0.4842975 0.1519155 0.5478630 0.3078820 0.3742307 0.2167356 0.2177624 -0.0376701 0.4006118 0.4769310 0.1577156 -0.0590264 0.2296908 0.0362557 0.3940512 -0.0810618 0.5403889 0.3901232 -0.0894161 0.3733962 -0.0687523 -0.1808651 0.0476695 -0.3591751 -0.3836400 -0.3418903 0.3517018 0.2895186 -0.1941891 -0.3178779 -0.3456294 0.3100445 -0.1580102 0.2934451 -0.0951613 0.0923599 0.1611991 0.4418037 -0.0884940 -0.0034830 0.1691981 -0.1223830 0.0808742 -0.3111638 0.0479456 -0.3393948 -0.1608511 -0.1611931 -0.0565939 0.1980563 0.2491816 0.4061293 -0.1348028 -0.1196038 -0.0757909 -0.2852299 0.0717711 0.1626193 0.2012593 -0.0458160 0.2320630 0.2145899 0.1520172 -0.1559426 0.3270354 0.0874710 0.1795518 -0.2258009 0.3584443 0.0042324 -0.0522633 0.1107618 -0.1059906 -0.1998571 0.2058198 0.0159511 0.2130957 -0.1199164 -0.0494296 -0.0472351 -0.1312967 -0.2151323 -0.1443623 -0.1544047 -0.1620522 -0.0247104 0.0118132 0.2259873 -0.3416751 0.2064306 -0.4204295 -0.3049160 -0.1384767 0.1772639 -0.4521762 0.1419516 -0.1353738 -0.1035375 -0.2736585 -0.2126236 -0.5837720 -0.1522941 -0.0944715 -0.4569042 0.1581846 0.1405971 -0.0093706 -0.3419683 -0.2746912 -0.5178338 -0.2599096 0.2167076 0.1313430 -0.2682295 -0.1112135 -0.2766050 -0.5997065 -0.2340143 -0.0749983 0.1967454 0.6306843 0.4705832
-0.0817075 0.1078955 -0.4328617 0.0350679 -0.2240502 0.0974560 0.0890456 0.0360815 0.3591862 0.4473779 0.0259118 -0.0556097 -0.3014169 0.3896898 -0.0620833 0.2048895 0.0000000 0.0375806 0.3360732 -0.1229239 0.3843737 0.1568526 0.2664564 0.1689911 0.0937227 0.1169461 0.5566444 -0.0996709 0.2813261 0.1358513 0.2086537 -0.2838821 0.1833558 -0.0267828 0.0289527 0.4381189 0.0640764 0.1230950 0.2328734 -0.1199272 0.0311621 0.2592194 0.2747268 -0.2539612 0.1413869 0.0209446 -0.0045327 -0.0844386 0.0996464 -0.0027658 0.0263489 -0.0726892 0.2608000 -0.3702342 -0.1604361 -0.0141026 0.0806336 -0.2564743 0.0228448 0.0081151 0.0999219 -0.1179408 -0.5066826 -0.1840142 0.2766984 -0.0117882 0.0911951 -0.1329408 -0.3466675 -0.1268292 0.1200473 -0.1726572 0.0280912 0.0134722 -0.0564317 0.0398823 0.1025558 0.1187604 0.1677118 -0.1238969 -0.1280088 0.0329185 0.0562704 -0.1811129 0.1766663 -0.3340588 -0.3790077 0.2124214 -0.0439683 -0.0217454 -0.2778712 -0.1112442 -0.0124737 -0.0237192 0.1231096 0.2775744 0.0696254 0.2127487 0.0360145 0.0218045 0.0998352 0.3191018 -0.0760678 0.1370241 -0.2006819 0.2402685 -0.3494689 -0.1651104 0.0646403 -0.1733590 -0.4464742 -0.1803508 0.2785736 0.3641146 0.0852334 0.3395803 0.3231250 0.4217736 0.4590454 0.3431162 0.3762432 0.1708613 -0.0879318 0.4384451 0.4314550 0.1241871 0.1736202 -0.1231557 0.2971147 0.4180084 0.2814688 -0.1973371 -0.2024681 0.0968780 -0.3094861 -0.3845975 -0.1894958 -0.0883392 -0.2076015 0.1867310 -0.5354602 0.0904273 -0.2544112 -0.0145058 -0.2168910 0.2315891 -0.4293467 -0.3198555 -0.4088183 -0.0159405 0.0903462 0.0792801 -0.5307539 -0.4354972 -0.4397529 0.1527869 0.0811694 -0.3600065 -0.3157010 0.0505308 -0.2904121 -0.2289997 0.0459824 0.1460490 -0.3984298 -0.1375202 0.0906981 -0.0194444 -0.2164952 -0.1636306 -0.0246755 -0.2752291 0.1229987 0.0992858 -0.2104544 -0.1078398 0.0185284 -0.1481707 0.3486810 0.3414260 0.1771865 0.1965073 0.0206631 0.1984299 -0.2947340 0.1205815 0.0364967 0.1826603 -0.0848917 0.0602342 0.1649252 0.0270655 -0.2230440 0.4046224 0.2626483 0.2084652 0.1363913 0.2057463 -0.3152960 0.0954481 0.4677274 -0.4059979 -0.0240194 0.1446155 -0.4953371 -0.3349372 -0.2059797 0.0969131 0.1650105 -0.4641938 -0.2801004 0.2648796 -0.3049058 -0.4768744 -0.5501190 0.1425118 0.5786240 0.4218925
