0.0000000 0.5144005 0.8549790 0.5111250 0.7951844 0.3611395 0.3366881 0.4130914 0.1041716 0.2257478 0.1986182 0.1923592 0.4232725 -0.0819471 -0.0125749 0.0729210 0.1634768 -0.1943935 0.2403305 0.5580143 0.0464721 0.3632302 0.1391025 -0.0570225 0.5453612 0.0300014 0.1861765 -0.1242650 0.1235083 -0.0016834 0.4869723 0.5953880 0.3063483 0.4384799 0.0707881 0.1102966 0.3035867 0.4618887 0.1509496 -0.0511303 0.4667858 0.4484121 0.0918651 -0.0703963 0.6261968 0.3820228 0.2274852 0.5902972 0.2524364 -0.1630175 0.1708564 0.1411410 0.4907863 -0.0075168 0.2973269 0.2877287 0.4159905 0.2247077 0.4122612 0.1185297 0.6253265 0.2602435 0.3565694 0.4497234 0.6290731 0.6016785 0.1658929 0.2706464 0.6404153 0.1588111 0.4478452 0.3447402 0.2915572 0.5998350 0.5450875 0.2307346 0.3440908 0.5477322 0.4712724 0.2500562 0.3873075 0.2294828 0.4291048 0.5962169 0.3813720 0.6799286 0.2499259 0.1592471 0.4544010 0.1373817 0.5294867 0.2673661 0.5077159 -0.0458791 0.4299782 0.3787552 0.5435139 0.5540471 0.3927906 0.4424247 0.1975190 0.6429336 -0.0727020 0.0077930 0.5990472 0.4751799 0.5519350 -0.1824578 0.3498817 0.2660291 0.2798860 0.1569005 0.2766907 0.2344835 0.4499295 0.4420883 0.4241792 0.4519450 0.4593848 0.5573688 0.4015037 0.2001112 -0.0617910 0.3793264 0.6845722 -0.0601300 0.0144952 0.4649753 0.1217995 0.3722533 0.3894317 0.4332544 0.0954784 0.2376712 -0.0014619 0.3129572 0.4177519 0.4129170 0.1032655 -0.1368800 0.4227299 0.2472484 0.5493491 0.3154040 0.6595723 0.2267760 0.4944467 0.3954832 0.3402263 0.5762891 0.1852607 0.4721819 0.4014098 0.5524061 0.1630425 0.4745285 0.4119493 0.6391559 0.4725562 0.1496560 0.4489633 0.4910895 0.5384915 0.3275121 0.4066123 0.4830265 0.5203401 0.3206270 0.2167102 0.3639649 0.3810525 0.2525916 0.5942248 -0.4137719 -0.0252692 -0.2065033 -0.1482326 -0.2287454 -0.1475562 -0.1212231 0.0204220 0.1144935 0.4565301 0.4538319 0.4706638 0.3386728 0.4044466 0.3593025 0.1337079 -0.2523462 0.1760450 -0.1797782 -0.5362319 -0.1010789 -0.0729409 -0.1559518 0.0569326 0.0017111 0.1315929 0.0807411 0.2407808 -0.2305709 0.2417370 -0.0951416 0.4317245 0.5971418 -0.0754842 0.5903580 0.1873573 -0.2764143 0.0741635 -0.4658073 0.6875506 0.6536193 -0.0406400 0.3516307 -0.4605586 -0.4550096
0.5144005 0.0000000 0.6177093 0.8617761 0.6083131 0.8492372 0.7980313 0.5620933 0.7319411 0.6757853 0.6560255 0.8021053 0.4082521 0.3094818 0.5708882 0.4513549 0.5733974 0.1629201 0.3933408 0.2792316 0.7009371 0.3700592 0.6085318 0.5091699 0.6448054 0.6405014 0.6156289 0.2399437 0.5509637 0.2506778 0.2680678 0.4771533 0.7680861 0.7985355 0.6779713 0.6992367 0.6168230 0.6449593 0.6128998 0.1371487 0.4391616 0.7436298 0.5256739 0.4574139 0.7025530 0.6550753 0.7940298 0.5703442 0.7654341 0.3993990 0.6552312 0.5415821 0.8295048 0.5963667 0.5555508 0.6279248 0.6789595 0.6423231 0.4366459 0.6382675 0.6795805 0.6743221 0.6323202 0.8439040 0.7802128 0.5772685 0.7319113 0.6146067 0.5920998 0.7470864 0.5856145 0.7149721 0.6984698 0.7797955 0.6722423 0.6700544 0.7017353 0.6013946 0.6526532 0.3236400 0.4984108 0.6029511 0.5987922 0.7233169 0.6030054 0.6042714 0.4280197 0.0541259 0.5142364 0.4964280 0.4500673 0.3398756 0.5064059 -0.2119601 0.5556498 0.3654790 0.5207743 0.5845858 0.5523578 0.1867182 0.4682764 0.6144501 0.2254207 -0.0806013 0.4354556 0.6220315 0.6044649 0.3513324 0.3623789 0.4031306 0.6320638 0.1487703 0.6661719 0.4132226 0.3998890 0.6728935 0.3708585 0.5903972 0.7931081 0.5747729 0.6968748 0.4939333 0.4541215 0.7671200 0.7346629 0.3042573 0.3769108 0.7221523 0.2740645 0.7650647 0.7584000 0.3665286 -0.0569029 0.3453276 -0.4189045 0.5279879 0.4877984 0.7588264 0.3398778 -0.0197642 -0.0296747 0.4204395 0.2997179 0.3626479 0.5968087 0.4951912 0.3407258 0.1770447 -0.0334723 0.4996174 0.2709487 0.4673329 0.2900364 0.3404774 -0.2682315 0.4265128 0.2151573 0.1919962 0.2694365 0.2576201 0.1449305 0.5213803 0.6740514 0.2562680 0.1018024 0.5863248 0.4355380 0.0898131 -0.0653436 0.2634324 0.1256393 0.0152044 0.5886894 -0.0118961 0.6017390 0.1903697 0.1606093 -0.1059531 0.3832858 0.3407801 0.2219450 0.4761637 0.4677530 0.5357631 0.5185228 0.2005576 0.2674487 0.2047445 0.2679243 -0.1021745 0.2119888 -0.0625316 -0.5074977 0.1867618 0.1744556 -0.0063739 0.2757187 0.1007374 0.2331153 0.2170331 0.1249748 -0.5267175 0.4656363 -0.0530448 0.4557941 0.3608145 0.0368347 0.2892326 0.5053017 -0.3773689 0.4291886 -0.5222472 0.5188073 0.2369760 -0.3306393 0.3067294 -0.2121551 -0.7849474
0.8549790 0.6177093 0.0000000 0.5684138 0.9272071 0.4056047 0.3312668 0.4588767 0.2212239 0.4842318 0.3844421 0.2330523 0.5101126 -0.0055132 -0.0075118 0.2754471 0.3991020 -0.2033470 0.2785484 0.6467408 0.0253498 0.4085885 0.3090582 -0.0459606 0.5839143 0.2068186 0.2834897 -0.0786180 0.0641525 0.0117706 0.6113268 0.6454861 0.3431384 0.3725729 0.1834654 0.1211164 0.3954319 0.6071631 0.2871695 -0.1230676 0.5908022 0.5125247 0.2459591 0.1061363 0.6132023 0.3108965 0.3527833 0.6986613 0.3480929 0.0133914 0.2813745 0.2504655 0.4752080 0.2114392 0.5312508 0.4081138 0.4589586 0.3913373 0.6254100 0.2442172 0.7659578 0.3866183 0.5375902 0.4500292 0.5695965 0.5628540 0.3031451 0.4143666 0.6909021 0.3474948 0.5314917 0.3084682 0.4101867 0.5365581 0.6873492 0.3525390 0.2827788 0.7301248 0.6546036 0.3140454 0.4829765 0.3230406 0.4930827 0.6754649 0.6279861 0.6701095 0.3077910 0.1410141 0.5785681 0.4001727 0.5289598 0.2591591 0.3731427 0.0064945 0.4833632 0.3379743 0.3520122 0.4913627 0.3957556 0.4860197 0.2565358 0.6734870 0.0339848 0.0011168 0.5217671 0.4949211 0.7207608 0.0098927 0.5394256 0.4313703 0.3692151 0.3471646 0.5803583 0.5229008 0.6554998 0.5988586 0.6109037 0.6564592 0.6100822 0.6068256 0.4229232 0.4000276 0.2091288 0.3893916 0.6537416 -0.0299634 -0.0089912 0.5299079 0.2921144 0.3495296 0.4262048 0.2626549 0.0457411 0.2759955 -0.0590666 0.4430408 0.5129535 0.4223179 0.2027679 -0.0800008 0.2599795 0.2848251 0.4509804 0.4161186 0.7441434 0.3541289 0.3316971 0.2215501 0.1001725 0.5948413 0.3960470 0.7539680 0.3007742 0.3410612 -0.1299535 0.6929165 0.2570927 0.5364229 0.3007154 0.3592079 0.2194016 0.4620485 0.4966384 0.3664506 0.2217504 0.6288397 0.3511263 0.0660415 -0.0455309 0.1926065 0.1397086 -0.0378100 0.4980668 -0.3712474 0.1303568 -0.0798038 -0.0300614 -0.1272901 -0.0297811 -0.0703626 0.0747971 0.1856078 0.6222003 0.5343454 0.6547596 0.5390169 0.5334432 0.4490301 0.0832231 -0.3032041 0.1971757 -0.1823293 -0.5608866 -0.1338017 -0.0815070 -0.2545473 -0.0749328 -0.0803229 0.2041593 -0.0508811 0.4030239 -0.1115139 0.2843069 -0.1752619 0.4475622 0.6219741 -0.0062730 0.6000674 0.4031022 -0.0950198 0.1602886 -0.5621715 0.6425390 0.6062874 0.0101176 0.3968630 -0.5394339 -0.5478172
0.5111250 0.8617761 0.5684138 0.0000000 0.6675119 0.9570281 0.8648687 0.7847811 0.7982540 0.8134684 0.7911116 0.7824058 0.6186748 0.1974511 0.5221374 0.5785494 0.6761610 0.0561557 0.5088831 0.4728807 0.5735107 0.3965408 0.6949628 0.3783288 0.6065835 0.6899166 0.6271052 0.1425985 0.3850527 0.1785827 0.3392916 0.4329018 0.7931643 0.7928614 0.7376872 0.6021862 0.6244884 0.7155901 0.6949463 0.2096454 0.3843558 0.7225744 0.6335270 0.5625666 0.8188778 0.7067724 0.8325477 0.6145325 0.9265219 0.6185560 0.7540082 0.6705194 0.9276871 0.7114561 0.6183960 0.6929062 0.6770790 0.8097115 0.4167308 0.7265006 0.7838482 0.7901312 0.6531473 0.8957049 0.8501674 0.4632845 0.7756616 0.7063704 0.6490999 0.7832005 0.5076540 0.7763506 0.8006667 0.8518247 0.7280023 0.7893270 0.8024678 0.5946860 0.7610361 0.4858594 0.5864805 0.4666403 0.4807364 0.6759668 0.6384998 0.6264165 0.2659725 0.2657533 0.6767320 0.6247713 0.4768617 0.3908757 0.4591828 -0.0369970 0.5163394 0.2318821 0.5516190 0.5148359 0.5405085 0.1830909 0.6061705 0.5341617 0.2191398 0.1324350 0.3562781 0.5712073 0.5868156 0.3516368 0.1925469 0.3697995 0.5257914 -0.0471834 0.5222201 0.3212367 0.2884395 0.5735791 0.2923540 0.4621703 0.6847112 0.3422919 0.5781222 0.2379062 0.2128230 0.7161547 0.6298190 0.1569240 0.2807673 0.4765771 0.0322217 0.7528287 0.6977669 0.3150357 -0.1416772 0.3987832 -0.4018682 0.3769186 0.5111537 0.5762586 0.4475059 -0.1773555 -0.0540518 0.2646548 0.3870218 0.4032091 0.5110276 0.3573653 0.4576405 0.3874946 0.0699966 0.3753707 0.1371033 0.3679410 0.3513243 0.3828236 -0.1227974 0.3201964 0.2385462 0.2724359 0.3043021 0.0752177 0.2509122 0.4672629 0.5850605 0.1248841 0.2046957 0.5300109 0.4279029 0.1698803 -0.0394433 0.2343512 0.2122794 0.0653524 0.5703997 0.0061666 0.5554503 0.2921113 0.2614784 0.0853873 0.4184970 0.4560041 0.4264186 0.5234369 0.4935621 0.5230842 0.4968630 0.1611751 0.1464498 0.1063909 0.2819678 -0.0586819 -0.0447931 -0.0071847 -0.5550692 0.0709761 0.0573687 -0.1021991 0.3450293 0.1836636 0.3794577 0.1555307 0.1905116 -0.3027832 0.3126552 0.0073814 0.5030716 0.4421271 0.0103833 0.3705488 0.2865498 -0.2195889 0.2154520 -0.5018683 0.4470768 0.3430177 -0.3707358 0.2448448 -0.1983894 -0.7135832
0.7951844 0.6083131 0.9272071 0.6675119 0.0000000 0.5202597 0.4297286 0.5484187 0.3256944 0.5358615 0.4426816 0.3268092 0.6717209 0.0464577 0.0826177 0.3321622 0.4632635 -0.1452754 0.2682830 0.7891175 0.0650714 0.4451795 0.3755133 0.0019062 0.5796920 0.2439220 0.3622833 -0.0130835 0.0611499 0.0493543 0.6814514 0.6446697 0.4008108 0.4420508 0.2331528 0.1916973 0.4522813 0.7017425 0.3432222 -0.0551700 0.6430799 0.5871826 0.3197326 0.2259148 0.7357827 0.3698620 0.4153697 0.7768436 0.4762301 0.1309303 0.3089968 0.3340942 0.5783523 0.3373899 0.7181438 0.5566251 0.5423914 0.5534112 0.6718585 0.2837297 0.8697077 0.4701579 0.6832412 0.5205229 0.6421833 0.5517054 0.3352923 0.4978360 0.8169975 0.4454648 0.5245412 0.3770461 0.4826545 0.6243803 0.7837095 0.4758280 0.4033425 0.7702825 0.7646575 0.4143002 0.5561750 0.3068804 0.5380353 0.7232051 0.6880416 0.7158778 0.3464471 0.2290017 0.7089884 0.5253514 0.5974147 0.3823169 0.4046520 0.0685671 0.5157275 0.3974306 0.4512602 0.4943495 0.4299078 0.4717125 0.3889450 0.6653550 0.2005134 0.1502338 0.5506639 0.5470944 0.6786868 0.1058293 0.4773531 0.3644556 0.4127797 0.2064465 0.4954647 0.4416050 0.5505219 0.5387187 0.4864617 0.5614659 0.5711964 0.4632299 0.3607956 0.2729926 0.1836277 0.4122555 0.5593740 -0.0454151 -0.0981385 0.4110159 0.2510929 0.4222206 0.4540524 0.2349306 -0.1438273 0.3703858 -0.1321878 0.3392309 0.4741263 0.4239985 0.1577919 -0.1232868 0.1720928 0.2951114 0.5049705 0.4199122 0.7341106 0.3245640 0.3363897 0.2427763 0.1145840 0.4820933 0.2537651 0.7456312 0.3381027 0.3050652 -0.1448576 0.6252296 0.3099609 0.5368494 0.3596217 0.2436457 0.2693553 0.4546992 0.4872030 0.2852774 0.2599536 0.5946183 0.3354649 0.1055028 -0.0168947 0.1863856 0.1722192 -0.0032782 0.5106103 -0.2112641 0.2118231 0.0976812 0.1040520 -0.0186886 0.0863937 0.0581373 0.1545149 0.2370568 0.6513162 0.5162298 0.6780868 0.6209351 0.5191151 0.4554971 0.1937236 -0.1850592 0.0899102 -0.0761481 -0.5063934 -0.1469598 -0.0803411 -0.2108971 -0.0054372 0.0439318 0.2789022 -0.0335051 0.4384218 -0.0247216 0.2923585 -0.1279349 0.4891747 0.6652743 0.0817911 0.6907153 0.3715434 0.0127056 0.1340950 -0.5146656 0.6506709 0.5956127 -0.0272278 0.4853994 -0.5170687 -0.5070773
0.3611395 0.8492372 0.4056047 0.9570281 0.5202597 0.0000000 0.9111602 0.6411695 0.8870757 0.7373292 0.7122203 0.8887588 0.4632577 0.3280424 0.6833219 0.4768011 0.6006961 0.2220481 0.3422665 0.3026793 0.7105252 0.2262185 0.6437803 0.5572436 0.4251618 0.6287858 0.6921101 0.3043589 0.4844322 0.3412085 0.1383887 0.2776304 0.8377397 0.8512613 0.7247401 0.7226277 0.5090002 0.5511322 0.7544633 0.2989753 0.2147436 0.7169032 0.6058344 0.5434216 0.7892631 0.5946871 0.7979152 0.4452948 0.9159120 0.6082206 0.7046788 0.6373290 0.9530192 0.6980291 0.5290310 0.5942595 0.5663479 0.7116101 0.2365245 0.6772399 0.6915166 0.7146479 0.6127430 0.9036242 0.8427135 0.3078166 0.7161479 0.5556881 0.5118608 0.7346267 0.3218787 0.8793311 0.6819581 0.8666635 0.5601380 0.7215200 0.8633256 0.4120215 0.6527114 0.4603501 0.5362731 0.4841978 0.4137279 0.6002729 0.6017255 0.4867957 0.2584393 0.2336819 0.5409308 0.5751423 0.3639214 0.3052936 0.3951296 -0.0952174 0.4199232 0.1226630 0.4404720 0.4349159 0.5110488 0.0973015 0.6098456 0.3934879 0.2737440 0.1191984 0.2481779 0.5111002 0.4631996 0.4799131 0.1197823 0.3653058 0.5209035 -0.0560348 0.4847757 0.2822331 0.1978194 0.5427588 0.2046782 0.3408079 0.6064018 0.2243427 0.5299898 0.2074058 0.3008990 0.7212557 0.5485375 0.1862669 0.2762796 0.4916932 -0.0120950 0.7508392 0.6655612 0.2299726 -0.2505358 0.4885024 -0.5096407 0.3574295 0.4341280 0.5405657 0.4093723 -0.1187661 -0.1756516 0.2254423 0.2366393 0.4356441 0.4379904 0.3359602 0.3860411 0.3363020 -0.0375472 0.2634156 0.1394238 0.3123966 0.2450021 0.2916843 -0.1635274 0.2574437 0.1350786 0.1581877 0.1599080 0.0803860 0.1830088 0.3840143 0.5627117 0.0538527 0.0945612 0.4548496 0.3302781 0.0778205 -0.1395706 0.1467191 0.0958596 -0.0075035 0.5413966 0.0581503 0.5640990 0.3755830 0.3635469 0.1595561 0.5696949 0.6088376 0.5354430 0.6196743 0.3436258 0.4425283 0.3113260 0.0168194 -0.0538494 -0.0083564 0.3103140 0.0199069 -0.0738083 0.0282827 -0.5214879 0.1562638 0.1082600 -0.0479824 0.4145073 0.2260313 0.3699390 0.1696798 0.1350865 -0.2718282 0.4201963 0.1439022 0.4013821 0.2465331 -0.0399120 0.2642529 0.3184984 -0.1875979 0.3337316 -0.3976971 0.2868267 0.1938166 -0.3932318 0.2032009 -0.0459383 -0.6355367
0.3366881 0.7980313 0.3312668 0.8648687 0.4297286 0.9111602 0.0000000 0.6416232 0.7908962 0.6376874 0.6401429 0.8615543 0.4800648 0.3658994 0.6841374 0.4832926 0.6177361 0.2561610 0.4262686 0.3131680 0.6671278 0.3453020 0.6481038 0.5093220 0.5466991 0.6525272 0.8073603 0.3018320 0.4784590 0.3811362 0.1842001 0.4363683 0.7001918 0.8013370 0.7333664 0.7779366 0.6256729 0.5854318 0.6777748 0.4755136 0.3074124 0.7740090 0.6269473 0.5228946 0.8124853 0.5947318 0.7601426 0.5193941 0.8081951 0.5289490 0.6934969 0.6241069 0.8834300 0.7083759 0.5346462 0.5868784 0.6552856 0.7034157 0.3022659 0.6629218 0.7189054 0.7385397 0.5851316 0.8187867 0.8549105 0.4370912 0.7020515 0.5970891 0.5146068 0.6611374 0.3698298 0.8774064 0.7035081 0.9139351 0.5382726 0.6947032 0.8750825 0.4102868 0.7090045 0.5961102 0.6338660 0.3770153 0.4861114 0.6042814 0.4657172 0.5239671 0.2616936 0.0629822 0.3924289 0.4838407 0.4499191 0.4144857 0.4267052 -0.2980998 0.6177571 0.2214127 0.4315068 0.4908207 0.6541945 -0.0615415 0.5053214 0.4401604 0.3889826 -0.0116656 0.1588844 0.6342739 0.4568894 0.6076916 0.0090261 0.4689351 0.6342307 -0.0652938 0.5342643 0.3618774 0.1686597 0.5529583 0.2380444 0.3210710 0.6416154 0.2519347 0.5668073 0.3396378 0.1809718 0.7215047 0.5148734 0.3098566 0.2546476 0.4103630 -0.0026716 0.7486629 0.6253456 0.1443646 -0.2164307 0.5252665 -0.6483624 0.4431330 0.3497605 0.5973603 0.3180724 0.0727255 -0.2908189 0.3467260 0.1232027 0.5497935 0.3738627 0.4003846 0.3339892 0.2787369 -0.0834907 0.2729067 0.1543433 0.2642167 0.2381441 0.2315777 -0.1320808 0.2360713 0.1516623 0.1200780 0.1421064 0.1090527 0.2896888 0.3735004 0.6395709 0.0654653 0.1131201 0.4264987 0.3497787 0.0718766 -0.0977040 0.1264625 0.1075535 0.0058293 0.5713753 0.1335804 0.7057323 0.4676109 0.4404014 0.2195565 0.6147127 0.7061871 0.5175878 0.7345724 0.4410548 0.5325680 0.3382837 0.1181901 0.0289114 0.2110448 0.4996204 0.1804767 -0.0376062 0.1973565 -0.3915907 0.3186690 0.2706887 0.1192710 0.5348865 0.3876852 0.4997493 0.2991153 0.2269484 -0.4936857 0.3506177 0.3149663 0.4024931 0.2601919 -0.1498428 0.1955156 0.2379915 -0.3365968 0.2533016 -0.2846521 0.4151879 0.2206443 -0.4589893 0.1492023 -0.0441473 -0.5219069
0.4130914 0.5620933 0.4588767 0.7847811 0.5484187 0.6411695 0.6416232 0.0000000 0.4966332 0.8210713 0.8232668 0.3541799 0.8698574 -0.1682691 0.0924253 0.7869343 0.7527408 -0.3005931 0.8465754 0.5073444 0.0722501 0.5493134 0.7602608 -0.1385712 0.6940273 0.7857215 0.4281001 -0.2804255 -0.0723504 -0.2519758 0.4145402 0.4020382 0.3853649 0.3495223 0.7541856 0.1400262 0.6851334 0.7469710 0.4113988 0.1221981 0.3841680 0.3958608 0.7210637 0.5170082 0.5517998 0.7633207 0.7962826 0.6061625 0.7495965 0.7024659 0.8248463 0.7395381 0.5875799 0.7043342 0.5325642 0.6697487 0.6744321 0.8687203 0.6283300 0.8207447 0.7138689 0.8722138 0.4191934 0.5671227 0.5689327 0.4810163 0.8190822 0.8718759 0.5807825 0.6080098 0.7137057 0.3751828 0.9227158 0.5903781 0.8196621 0.7524694 0.4908922 0.7568609 0.7803566 0.5413636 0.6992355 0.3298885 0.3074584 0.4715037 0.4649676 0.6192185 0.0024795 0.2842762 0.7083258 0.5540657 0.4301650 0.3214745 0.2684463 0.1130197 0.5068211 0.3204785 0.5061923 0.3281137 0.5394243 0.2468206 0.4577251 0.5032919 0.2392702 0.2483410 0.1788165 0.5184721 0.5170929 0.1934280 -0.0476564 0.2867282 0.3229347 -0.2647072 0.3539614 0.1909174 0.1365140 0.3157555 0.2267661 0.3656970 0.5071766 0.1533159 0.3617394 0.0604137 -0.0192977 0.4708096 0.3841802 -0.0260722 0.1169469 0.0398722 0.0078061 0.5485118 0.4710035 0.1767663 0.0946934 0.1859617 -0.2891715 0.1697723 0.4468235 0.3101355 0.4329478 -0.2478093 -0.1020249 0.0918537 0.3755224 0.3024870 0.2857511 0.1320314 0.3014173 0.3529664 0.0804250 0.1948680 -0.0213930 0.0837029 0.1853756 0.2452064 -0.0768447 0.0615305 0.1686138 0.1110997 0.3636491 -0.1531052 0.2142468 0.2166410 0.3223628 -0.0768006 0.1840100 0.2173889 0.2662920 0.1261365 0.0683050 0.1440404 0.2322895 0.0876334 0.2586056 -0.0825236 0.4473549 0.1249810 0.1189205 0.1392175 0.0981034 0.1865044 0.2588562 0.3331190 0.6764325 0.5903814 0.6844790 0.3159266 0.3995958 0.3228375 0.3290687 -0.0069988 -0.2283138 0.1061204 -0.2729642 -0.1129823 -0.0775044 -0.1949127 0.1215089 0.1277059 0.4857426 -0.0231243 0.2800730 -0.2678762 -0.1751660 0.0028564 0.3255028 0.6424717 -0.1122890 0.1713824 -0.0136177 -0.1152858 -0.1789753 -0.4063271 0.4835483 0.2592769 -0.4118134 0.2090102 -0.1982781 -0.4847608
0.1041716 0.7319411 0.2212239 0.7982540 0.3256944 0.8870757 0.7908962 0.4966332 0.0000000 0.7258579 0.6429808 0.9143291 0.3219998 0.6111190 0.8436655 0.4172025 0.5815765 0.5275439 0.2903307 0.0119014 0.7180023 0.0536897 0.5256960 0.7213058 0.2013708 0.5579760 0.6855846 0.5743279 0.5425428 0.5651557 -0.0903673 -0.0169389 0.8245771 0.7217747 0.6082356 0.6617174 0.2440147 0.3449161 0.8303308 0.2892136 -0.0118008 0.6148380 0.5209747 0.6560307 0.6167826 0.3596647 0.6597132 0.2056371 0.8341553 0.5923022 0.5612580 0.5421065 0.8376324 0.6381109 0.3313553 0.3435148 0.2933852 0.5933843 0.1176223 0.5294533 0.5323809 0.5403605 0.5195398 0.7974723 0.7436970 0.0635699 0.6038524 0.4097485 0.2683392 0.6507752 0.2327916 0.7506872 0.5454746 0.7412220 0.4418354 0.6184326 0.7162266 0.3130397 0.4714077 0.3000241 0.4381410 0.3130196 0.1051995 0.3188037 0.3933319 0.1400373 -0.0170244 0.0425483 0.3478456 0.3791732 0.1610863 0.0668885 0.0946401 -0.1563417 0.2349567 -0.0318078 0.2051591 0.1487738 0.2842448 0.1175622 0.4736964 0.0769797 0.0920947 0.1358366 -0.0078057 0.3158613 0.2298396 0.5199125 -0.0374001 0.2673702 0.3992020 -0.1400059 0.4868448 0.3085089 0.1514784 0.4558085 0.1941751 0.2195492 0.5090705 0.0190675 0.4179377 0.2822363 0.4695681 0.6359122 0.3533773 0.0981879 0.3367636 0.4272048 -0.1066221 0.6038679 0.4947897 -0.0027035 -0.3181907 0.4617635 -0.6059920 0.1411232 0.2229202 0.3612746 0.2504366 -0.1656779 -0.4385976 -0.0244088 0.0472474 0.3108160 0.1888350 0.2391956 0.0740356 0.0277290 -0.3025850 -0.0233343 0.0087141 0.2120674 -0.0519686 -0.0018862 -0.3823388 0.1281322 -0.1616123 -0.1437987 -0.0786594 -0.0421122 -0.1194878 0.0837977 0.2675382 -0.2095204 -0.1972974 0.2716395 0.0255384 -0.1930476 -0.4035376 -0.1341632 -0.1964127 -0.2816756 0.2588401 -0.0027263 0.4706190 0.3753142 0.3867638 0.3315675 0.5740759 0.5838944 0.5955324 0.5949757 0.2707895 0.4453474 0.2356430 -0.0333293 -0.1670859 -0.0247622 0.3185568 0.1094113 -0.2083556 -0.0089474 -0.4120091 0.0468522 0.0067297 -0.1206204 0.2563301 0.1381579 0.2548422 0.0116704 -0.0207622 -0.1915529 0.3992546 0.1333722 0.1621026 0.0690896 -0.1528562 0.0332163 0.3773802 0.0321136 0.3739859 -0.2308462 0.0426296 -0.0443882 -0.1977009 0.2085039 0.2146999 -0.4389800
0.2257478 0.6757853 0.4842318 0.8134684 0.5358615 0.7373292 0.6376874 0.8210713 0.7258579 0.0000000 0.9441151 0.5386215 0.6753307 0.0892068 0.2987053 0.8441567 0.9111486 -0.0693418 0.6567686 0.3592810 0.2650754 0.2950732 0.8586307 0.1225600 0.5011680 0.8370659 0.6269003 0.0156564 0.0284199 0.0407330 0.2717871 0.2283596 0.5382935 0.4132505 0.8053570 0.2585573 0.5339675 0.6277854 0.7241110 0.1480438 0.2682218 0.4045441 0.8280393 0.6433443 0.4943305 0.5591180 0.8156230 0.4581062 0.8076838 0.8065420 0.8381762 0.8314577 0.6192221 0.8208378 0.5554062 0.5998573 0.5100903 0.8372069 0.4814935 0.8210548 0.6780814 0.8575770 0.5349363 0.5915299 0.5319580 0.2665986 0.8257379 0.7814014 0.4971677 0.6719193 0.5638596 0.4677590 0.8358133 0.5542497 0.7182933 0.6714895 0.5335941 0.6704598 0.7189465 0.5041844 0.6645722 0.4284032 0.2982190 0.4289647 0.6022705 0.4055850 0.0290743 0.1039290 0.6557024 0.6492401 0.2973939 0.1599131 0.0388694 -0.0131426 0.3941415 0.1008453 0.2318286 0.1265066 0.4374065 0.1529036 0.4548201 0.3123480 0.1344450 0.0723591 0.0295763 0.4010866 0.5314890 0.3479329 0.1934288 0.3552003 0.3938808 0.0199523 0.5756720 0.3363239 0.2781828 0.4062903 0.2765658 0.3789035 0.5016576 0.1866494 0.3006788 0.2058148 0.3851136 0.4247055 0.3439906 0.1050136 0.1235713 0.2474696 0.1675950 0.4716398 0.4525238 -0.0399935 -0.0853990 0.2794185 -0.4440057 0.2938045 0.4867082 0.3218174 0.3934579 -0.1150355 -0.2553561 0.0750469 0.0950992 0.3914024 0.3250897 0.1844799 0.0423376 0.0801906 -0.2654570 0.0992598 0.1910260 0.3626063 0.0122210 0.0028839 -0.4371497 0.3104388 -0.1635007 -0.0971151 -0.0011636 0.0498353 -0.1330100 0.1227328 0.2090037 -0.1583558 -0.1438549 0.4415390 0.0131581 -0.2189666 -0.3256990 -0.1251260 -0.1547518 -0.3077000 0.2720246 0.0128440 0.5387146 0.3442678 0.3533831 0.2754464 0.3647868 0.2791766 0.3414998 0.3628917 0.5012103 0.4378594 0.5491612 0.2804093 0.2085077 0.2388413 0.3276455 0.0815257 -0.0681787 0.1612759 -0.2583711 0.0144690 0.0492020 -0.1491293 0.1533414 0.1515663 0.4809446 -0.0169686 0.3728701 -0.1368637 0.0637524 0.0008834 0.1976781 0.4415534 -0.0574522 0.1268208 0.3130265 0.1069134 0.1894656 -0.3164040 0.2098302 0.0938590 -0.3250396 0.1276581 -0.0179571 -0.5144770
0.1986182 0.6560255 0.3844421 0.7911116 0.4426816 0.7122203 0.6401429 0.8232668 0.6429808 0.9441151 0.0000000 0.4881118 0.6556119 -0.0292879 0.2282690 0.9359637 0.9280155 -0.1774019 0.7009462 0.3523190 0.2995643 0.2837037 0.9392381 0.0774372 0.5428215 0.8864484 0.6213836 -0.0995653 0.0106382 -0.0763447 0.2355192 0.2372930 0.4963577 0.3761617 0.8752275 0.2801612 0.5959803 0.5982779 0.6257796 0.2680305 0.2678105 0.3425249 0.8769824 0.6149172 0.4230600 0.6603765 0.8353967 0.4245706 0.7674039 0.8169809 0.8856685 0.8837039 0.5502229 0.8869907 0.5464550 0.7011485 0.5879223 0.8336557 0.4724492 0.8752572 0.6168560 0.9121003 0.5321987 0.5259528 0.4438342 0.3499159 0.8405235 0.8425592 0.5139644 0.6289699 0.5664914 0.4446966 0.8579959 0.5235212 0.6797593 0.6260653 0.5535971 0.6359178 0.6998515 0.5559185 0.6758992 0.5263662 0.3790438 0.4068627 0.5771042 0.3940248 0.0377761 0.1324844 0.6091952 0.6894241 0.1928844 0.1679058 0.0272734 -0.0436433 0.3823266 0.0520566 0.2419896 0.1055640 0.4777974 -0.0200761 0.4297090 0.2877602 0.1433149 -0.0206069 -0.0323809 0.3987206 0.5014955 0.3151664 0.1647094 0.2899803 0.3606858 0.0240078 0.4809663 0.1755581 0.0847638 0.2618130 0.0762149 0.2423786 0.4162516 0.1769422 0.2440716 0.0588002 0.3246287 0.3557789 0.2915635 0.2329387 0.0776697 0.1610574 0.1617633 0.4371779 0.4518295 -0.0234423 -0.0457943 0.1938061 -0.4291637 0.2984081 0.4855813 0.3275885 0.4304438 -0.0361368 -0.2488189 0.1207947 0.0618188 0.3696987 0.2454748 0.0692333 0.0459479 0.0790256 -0.2483715 0.0687309 0.1633155 0.2320895 0.0089917 -0.0233024 -0.4330820 0.2548636 -0.1685070 -0.1822926 -0.0011751 0.0314407 -0.1201098 0.0970322 0.1841854 -0.1752177 -0.1492329 0.4439242 0.0346592 -0.1767629 -0.2629608 -0.1177833 -0.1153357 -0.2515910 0.3304377 0.0937095 0.6325836 0.4135272 0.4091485 0.2761965 0.4073583 0.2924896 0.2607004 0.3046855 0.4305524 0.3340884 0.5111576 0.2784069 0.2572322 0.2677253 0.3312369 0.0743849 0.0211470 0.2746593 -0.1917039 0.1586278 0.1924308 -0.0231321 0.2594293 0.1923897 0.5372923 0.1133966 0.3740180 -0.2424137 0.0111749 -0.0358796 0.1569062 0.3772021 -0.0816412 0.0141571 0.1982238 -0.0044405 0.2321842 -0.3147725 0.1683719 -0.0165622 -0.5455974 -0.0549073 -0.0051988 -0.4902902
0.1923592 0.8021053 0.2330523 0.7824058 0.3268092 0.8887588 0.8615543 0.3541799 0.9143291 0.5386215 0.4881118 0.0000000 0.1940178 0.6789237 0.9252025 0.2337129 0.4462153 0.6036192 0.1470754 0.0762047 0.8899966 0.1540695 0.4213639 0.8409824 0.3226157 0.4771422 0.7123263 0.6573626 0.7520663 0.6513594 0.0128480 0.2099959 0.8819699 0.8925598 0.5444043 0.8866988 0.3574926 0.4022869 0.7770125 0.3677214 0.1637265 0.7803757 0.3927107 0.6066938 0.7258990 0.4140980 0.6102254 0.3338197 0.7960990 0.4006325 0.4573347 0.4177629 0.8894664 0.5575806 0.3997236 0.4084647 0.4189774 0.5414587 0.0736008 0.4261242 0.5086281 0.4682353 0.5633988 0.8701971 0.8286289 0.2445393 0.5393999 0.3706175 0.3513497 0.6995204 0.2045737 0.8417154 0.4860469 0.7965174 0.3815368 0.6215505 0.7868449 0.2181026 0.4371575 0.2484373 0.3143913 0.3043424 0.3126963 0.4456030 0.3464537 0.2584198 0.2500672 -0.0281513 0.2815009 0.3385338 0.3264803 0.2782234 0.3695373 -0.2936959 0.4061069 0.1348060 0.3751074 0.4048429 0.3853818 0.0005700 0.4862988 0.2372952 0.1382034 0.0035618 0.2045434 0.4646687 0.2622712 0.5116160 0.0774432 0.2674764 0.5973418 -0.0449601 0.4984578 0.3318876 0.1952929 0.5513010 0.1995454 0.3005734 0.6180991 0.2439343 0.5876956 0.4306863 0.3568145 0.7410075 0.4971936 0.2745077 0.4008977 0.5766907 -0.0381600 0.7173388 0.6288733 0.1930826 -0.3720503 0.4779406 -0.5555640 0.3052655 0.2305942 0.6044383 0.2081039 -0.0477442 -0.2848116 0.2396288 0.1184063 0.2924481 0.3322577 0.4361472 0.2520056 0.0963913 -0.1240020 0.1883423 0.0438516 0.2829146 0.2142299 0.1875980 -0.2256929 0.2077312 0.0913159 0.0599691 0.0795415 0.0600760 0.1167578 0.3531254 0.5221966 0.0270356 0.0233735 0.4103157 0.2963319 0.0393858 -0.1816239 0.1094016 0.0085909 -0.0549823 0.4546229 0.1592175 0.5851198 0.4209818 0.3552106 0.1482091 0.6123081 0.6458928 0.4839521 0.6400955 0.2165084 0.4048394 0.1756196 -0.0327545 -0.1497216 -0.0268103 0.3117927 0.1164634 -0.0076171 -0.0030777 -0.4247743 0.2220385 0.1693090 0.0731165 0.4243464 0.2473753 0.1611993 0.2417391 -0.0552018 -0.3891691 0.5658969 0.1528827 0.3878127 0.0423266 0.0047789 0.2084057 0.4409845 -0.2416289 0.4176659 -0.2545415 0.2358025 0.0929638 -0.2080343 0.2468406 0.0525096 -0.5425712
0.4232725 0.4082521 0.5101126 0.6186748 0.6717209 0.4632577 0.4800648 0.8698574 0.3219998 0.6753307 0.6556119 0.1940178 0.0000000 -0.1289779 -0.0193503 0.6763105 0.6839068 -0.2744447 0.6194021 0.6734949 -0.1554406 0.6492348 0.6269537 -0.2376083 0.6170799 0.5848070 0.3596611 -0.2454518 -0.1777596 -0.2746819 0.6008395 0.4587674 0.2384352 0.2296612 0.5379102 0.0362863 0.6050976 0.7257329 0.2173438 0.1056802 0.5200871 0.3806799 0.5989640 0.4853446 0.5565704 0.6312151 0.6441065 0.6759117 0.5907626 0.4908955 0.5969710 0.5971442 0.4394895 0.6134938 0.6775726 0.7049796 0.6698705 0.8114000 0.7738828 0.5893362 0.7901074 0.7202038 0.4566728 0.4010616 0.4786452 0.5083556 0.5868210 0.7846701 0.7079872 0.5017459 0.6438618 0.1612126 0.7608366 0.4926605 0.8727484 0.6774138 0.2658662 0.8182124 0.7868348 0.5166564 0.6822010 0.2644128 0.3280808 0.4543516 0.5479879 0.6517543 0.0798483 0.3498950 0.8073225 0.6131580 0.4851149 0.3511603 0.2017879 0.2120791 0.5779021 0.4778461 0.4615617 0.2827222 0.6019401 0.3747326 0.5338282 0.5170682 0.3414639 0.3875458 0.2363527 0.6168395 0.4196465 0.2153163 -0.0323338 0.2068063 0.3930404 -0.3293586 0.2810121 0.2014417 0.1756047 0.2398215 0.2039435 0.3095034 0.4163106 0.0777126 0.2534026 0.0305864 -0.0733127 0.3924714 0.2654208 -0.2310389 -0.1404262 -0.1570099 0.0527202 0.4828385 0.4419378 -0.0045710 -0.1456225 0.3280145 -0.2960408 0.0545137 0.3962744 0.2616644 0.2473911 -0.2262640 -0.1689824 0.0506176 0.4029556 0.3148582 0.3804009 0.1491599 0.1608677 0.1724378 -0.0070496 0.0901802 -0.0826921 0.2460031 0.1180209 0.0903234 -0.2149066 0.1082133 0.1554890 0.1427661 0.3507025 -0.1849359 0.1447593 0.1138150 0.2126778 -0.1455131 0.1109764 0.1634841 0.1402639 0.0089478 0.0181156 0.0089153 0.1068800 -0.0023277 0.1200445 -0.0911425 0.3644341 0.1561322 0.1112610 0.1443610 -0.0065406 0.0945820 0.1745893 0.2676484 0.7716136 0.6073410 0.7595292 0.6312598 0.5658198 0.5133375 0.3196018 -0.0036584 -0.3197855 0.1329990 -0.1672272 -0.2758065 -0.2029153 -0.2862812 -0.0925218 0.0886247 0.4367697 -0.2197601 0.4350799 -0.0673900 -0.0236406 0.0282685 0.3033504 0.5952554 -0.0879643 0.3327344 0.1498482 0.0773659 -0.1358358 -0.3048846 0.5142403 0.2198512 -0.2651362 0.4420986 -0.3501175 -0.3420838
-0.0819471 0.3094818 -0.0055132 0.1974511 0.0464577 0.3280424 0.3658994 -0.1682691 0.6111190 0.0892068 -0.0292879 0.6789237 -0.1289779 0.0000000 0.8684688 -0.1991908 0.0759079 0.9592507 -0.2051599 -0.1921148 0.5891090 -0.0012147 -0.1385303 0.8540575 -0.0773625 -0.0440599 0.4247089 0.9617009 0.7290808 0.8883134 -0.1117352 -0.0560649 0.5555377 0.4736790 -0.0517686 0.6237752 -0.1684696 -0.0085023 0.4716940 0.3163034 -0.0268021 0.5605665 -0.1077998 0.4912648 0.3780401 -0.1484495 0.0276140 0.0254589 0.2656007 -0.0899762 -0.1601557 -0.1185409 0.4118580 0.1134102 0.0641636 -0.0993665 -0.0723568 0.0492890 -0.0793777 -0.2203998 0.1820084 -0.1527338 0.2905866 0.4005403 0.4818584 -0.0396071 -0.0514645 -0.1049028 -0.0041673 0.2825907 -0.1043880 0.3555450 -0.0660622 0.3924111 0.0438894 0.1995260 0.2369126 -0.0543466 0.0286135 -0.0812839 -0.0284946 -0.1953713 -0.1171001 -0.0136415 -0.0891059 -0.2272201 -0.0614393 -0.3130270 -0.1550281 -0.1142936 0.0679775 0.0119484 -0.0321944 -0.3785060 0.1626575 -0.0228008 -0.0452674 0.0392074 -0.0243970 0.0053972 0.1177230 -0.1900305 -0.1686624 -0.0301212 -0.0816461 0.1429029 -0.1639828 0.4118285 -0.1294922 0.0534148 0.3469517 -0.1094946 0.3265245 0.3729344 0.1719930 0.3227888 0.2183550 0.0841000 0.3445540 -0.0081912 0.3545732 0.5489643 0.3170947 0.4378060 0.1422877 0.0387348 0.3148889 0.3222314 -0.2438894 0.2764909 0.2130587 -0.1895093 -0.4980208 0.3747593 -0.4881243 -0.0364880 -0.2501724 0.2347708 -0.2367463 0.0098840 -0.5139241 -0.0599221 -0.1132248 0.0705029 -0.0299935 0.3172951 -0.1875997 -0.4141315 -0.3840670 -0.1325004 -0.1035839 0.2178792 -0.1078329 -0.2303722 -0.3901988 0.1162289 -0.1875061 -0.1579337 -0.2250805 -0.0057298 -0.2135697 -0.0469382 0.0619184 -0.1653263 -0.2827156 0.1223799 -0.0955095 -0.2614116 -0.4110961 -0.2492016 -0.3380675 -0.3437552 -0.0105099 -0.0009938 0.2200697 0.2629189 0.2179150 0.2581419 0.3844348 0.4328264 0.3734869 0.4562610 0.1003874 0.3351503 -0.0000845 0.0540791 -0.1897994 0.0491368 0.1591338 0.1161029 -0.1771877 -0.1213637 -0.2264897 -0.0070852 -0.0361540 -0.0371546 0.0622172 0.0536128 -0.1305669 -0.0375064 -0.2306004 -0.1791788 0.5707553 0.1131088 0.0892912 -0.3198576 -0.1144508 0.0388971 0.4842521 0.0702243 0.3832190 0.0770001 -0.0413515 -0.0839205 0.3075639 0.2801094 0.1838897 -0.0882579
-0.0125749 0.5708882 -0.0075118 0.5221374 0.0826177 0.6833219 0.6841374 0.0924253 0.8436655 0.2987053 0.2282690 0.9252025 -0.0193503 0.8684688 0.0000000 -0.0091915 0.2257090 0.8450291 -0.0490563 -0.1671680 0.8488706 0.0010669 0.1469119 0.9462378 0.0604742 0.2402694 0.5877229 0.8573932 0.8124389 0.8107826 -0.1890368 -0.0189160 0.7891291 0.7603998 0.2996749 0.8345855 0.0735516 0.1309428 0.6668710 0.3882574 -0.0501041 0.6676658 0.1495344 0.5665976 0.5593616 0.1599954 0.3546002 0.0899207 0.5975854 0.2058589 0.1831737 0.1677312 0.7174784 0.3520962 0.1584244 0.1297028 0.1487733 0.2936967 -0.1169418 0.1446858 0.2855760 0.1684359 0.3815447 0.7028233 0.6914059 0.0352274 0.2809770 0.1019495 0.0936948 0.5102328 -0.0141774 0.6913072 0.2148587 0.6311867 0.1450929 0.4421711 0.5885170 -0.0130556 0.1744075 0.0560253 0.1140660 0.0808348 0.0378778 0.1698158 0.0891193 -0.0366437 0.0617312 -0.1294752 0.0251886 0.0896318 0.1447969 0.1036652 0.1873991 -0.3250955 0.2312241 0.0114736 0.1869710 0.2167074 0.1914319 -0.0237265 0.3521889 -0.0348928 0.0010945 0.0341505 0.0271151 0.2950075 -0.0195645 0.5014188 -0.1210499 0.1333419 0.4629983 -0.1579219 0.3523532 0.2766715 0.0835070 0.4114596 0.1264047 0.1243111 0.4530352 0.0428709 0.4777523 0.4197753 0.3218110 0.6372386 0.3079957 0.1527003 0.4007784 0.4432231 -0.2114800 0.5586959 0.4513325 0.0417307 -0.4578720 0.4497486 -0.5477132 0.0930731 -0.0187890 0.4119955 0.0388483 -0.0718661 -0.4301689 0.0374209 -0.0164335 0.1481872 0.0987593 0.3429300 0.0788618 -0.0894412 -0.2276558 -0.0325592 -0.1012907 0.1154328 0.0340374 0.0082079 -0.2497593 0.0355734 -0.0486443 -0.0913923 -0.0700401 -0.0576431 -0.0187728 0.1318457 0.3075743 -0.1297517 -0.1190230 0.1766515 0.1153456 -0.0725947 -0.2720976 -0.0473436 -0.1371444 -0.1454055 0.2060905 0.0986854 0.4063149 0.3507579 0.3010805 0.2179586 0.5551413 0.6297698 0.5032843 0.6110828 0.0773362 0.3479151 -0.0061544 -0.1358574 -0.2970361 -0.1099349 0.2353694 0.1410890 -0.1505676 -0.0677429 -0.3293377 0.1282243 0.0611529 0.0278525 0.3000355 0.1624790 -0.0044801 0.1186890 -0.2439181 -0.3015193 0.5797256 0.1954076 0.2191866 -0.2118379 -0.0878592 0.0448733 0.4052876 -0.1319112 0.3933370 -0.0803191 0.0329780 -0.0851238 -0.0299737 0.2369445 0.1966168 -0.3108298
0.0729210 0.4513549 0.2754471 0.5785494 0.3321622 0.4768011 0.4832926 0.7869343 0.4172025 0.8441567 0.9359637 0.2337129 0.6763105 -0.1991908 -0.0091915 0.0000000 0.9145823 -0.3388325 0.7488505 0.3422185 0.0525403 0.2791616 0.9349752 -0.1643305 0.5232201 0.8564106 0.5355626 -0.2896512 -0.2282898 -0.2560897 0.2434146 0.2265132 0.2057581 0.0936739 0.8031997 0.0669998 0.5968970 0.5388287 0.4155725 0.2509293 0.2786913 0.1499740 0.8723650 0.4917438 0.2316720 0.5590795 0.7108135 0.3769491 0.5520594 0.7799841 0.8190227 0.8491322 0.2869666 0.8492709 0.5145627 0.6622475 0.5552878 0.7675644 0.5509850 0.8328804 0.5371951 0.8815241 0.4570393 0.2570655 0.2072054 0.3387911 0.7495008 0.8377734 0.4597661 0.4491467 0.5843135 0.2252844 0.8049726 0.3433838 0.6324429 0.4839837 0.3848931 0.6507613 0.6770758 0.6010741 0.7097483 0.4609153 0.3469632 0.3005920 0.4871451 0.3223223 -0.0450962 0.0822635 0.5097176 0.6425257 0.1083561 0.1291994 -0.1185524 -0.0239524 0.3595774 0.0443477 0.1015699 -0.0298836 0.4595370 -0.0943342 0.2825698 0.2294189 0.2350829 -0.0479041 -0.1823713 0.3368219 0.4478063 0.2999569 0.1073502 0.2821712 0.2470402 0.0393435 0.4149412 0.1259706 -0.0103571 0.1016618 0.0000794 0.1293099 0.2597046 0.0723810 0.0484484 -0.0343854 0.2605076 0.1300866 0.0875405 0.2388448 -0.0717145 -0.0585792 0.2391920 0.2429882 0.2684761 -0.1706969 0.0692895 0.0897576 -0.3908953 0.2282995 0.4185006 0.1876358 0.3629496 0.0710287 -0.3025525 0.0965895 -0.0460280 0.3592313 0.1156387 -0.0714210 -0.1140859 -0.0148207 -0.3156841 -0.0368271 0.1521859 0.1447802 -0.1367693 -0.1912048 -0.4585211 0.1734661 -0.2543128 -0.3093095 -0.0714226 0.0204333 -0.1738779 -0.0654857 0.0259147 -0.2343018 -0.2225700 0.3157720 -0.1160413 -0.2707842 -0.2782509 -0.2317572 -0.1824283 -0.3149665 0.1967373 0.1238261 0.6162011 0.4311450 0.4271863 0.3291088 0.3201483 0.1877704 0.1354055 0.1763273 0.4538501 0.2683376 0.5369504 0.3983910 0.3876650 0.4294080 0.3798732 0.1514379 0.0435221 0.4049749 0.0121268 0.1871517 0.2480196 0.0378198 0.1867069 0.1991589 0.6060499 0.0911284 0.4713255 -0.2182850 -0.2072528 -0.0311696 0.0070539 0.4056750 -0.1617574 -0.1321687 0.0431537 0.0379559 0.1077572 -0.2132159 0.1257911 -0.1123698 -0.6072272 -0.1664721 0.0220977 -0.2684275
0.1634768 0.5733974 0.3991020 0.6761610 0.4632635 0.6006961 0.6177361 0.7527408 0.5815765 0.9111486 0.9280155 0.4462153 0.6839068 0.0759079 0.2257090 0.9145823 0.0000000 -0.0921419 0.6375511 0.4134506 0.1893576 0.3044044 0.9291161 0.0315876 0.5336762 0.8254142 0.7632980 -0.0070288 -0.0817997 0.0515298 0.3008287 0.3034930 0.3606193 0.2869311 0.8071244 0.2418406 0.5579138 0.5790379 0.6756869 0.3987958 0.3239460 0.3282581 0.9168483 0.6538053 0.4138717 0.5288106 0.7394796 0.4597815 0.6572275 0.7144384 0.7999995 0.8980637 0.4472482 0.8842647 0.5966144 0.6431157 0.5303546 0.8181162 0.5039656 0.7793612 0.6539753 0.8794856 0.5142862 0.3939507 0.4248224 0.3243990 0.7517536 0.8169127 0.5248905 0.5324674 0.5307075 0.3770000 0.7971679 0.5033009 0.6536025 0.5434202 0.4881248 0.6316202 0.7120777 0.6418511 0.7488529 0.4418905 0.3871544 0.3444344 0.5284952 0.3547910 0.0315922 -0.0565014 0.5714293 0.6576968 0.2615389 0.1728456 -0.0743733 -0.1801699 0.4756250 0.1209015 0.1585653 0.0153209 0.5303634 -0.0631215 0.3616966 0.2358145 0.1685744 -0.0994105 -0.1072907 0.4552148 0.4480159 0.3913086 0.1667987 0.3138319 0.4795071 0.0816103 0.5265825 0.2467302 0.1173259 0.2308427 0.0941764 0.1972525 0.3689401 0.1648149 0.1490952 0.1626483 0.3378043 0.2695025 0.1712018 0.2693936 -0.1143416 0.0746724 0.2439475 0.3472844 0.3481998 -0.2171421 -0.2148605 0.3319294 -0.5511587 0.3407798 0.4334957 0.3051381 0.2467344 0.0996951 -0.3715335 0.1650925 -0.0920968 0.4944388 0.2797117 0.1373107 -0.1390770 -0.1081334 -0.3934458 -0.0385287 0.1688993 0.3664823 -0.0487743 -0.1879491 -0.5414301 0.3523332 -0.2698325 -0.2365956 -0.1077335 0.0374528 -0.1362748 0.0147418 0.1507472 -0.2752004 -0.2211682 0.4645943 -0.0888757 -0.3163805 -0.3384692 -0.2612999 -0.2568226 -0.3846757 0.3129878 0.1895475 0.6927929 0.5738171 0.5644394 0.4220811 0.4719738 0.3311456 0.2668824 0.3681332 0.4626753 0.3301003 0.5066328 0.4814945 0.3001538 0.5017943 0.5154932 0.2876205 0.0654791 0.4740844 0.0097419 0.2347460 0.2962271 0.1004256 0.2887524 0.3683910 0.6283595 0.1495354 0.5848170 -0.2181548 0.0531280 0.1584237 0.1007450 0.3940990 -0.0645980 0.0932221 0.3015860 0.1185747 0.2530366 -0.1194202 0.2262606 -0.0067267 -0.4319251 0.0404912 0.0133570 -0.3289777
