0.0000000 0.5363611 -0.2885189 0.3570145 -0.4107156 0.5010049 0.2021191 0.0026364 0.2561952 0.3034201 0.4266421 0.5409849 -0.2915896 0.0282399 0.3456642 0.2657098 0.2172706 0.0042900 0.1453026 -0.2108911 0.5576586 -0.3466287 0.5002379 0.3469538 -0.1922708 0.3642046 0.2716698 -0.2432218 0.4846460 0.1083007 0.0761814 -0.2851622 0.4686001 0.5098994 0.3204410 0.6522883 -0.0455833 -0.2309648 0.2292288 0.3623903 -0.3379010 0.4791866 0.1118622 0.2471763 0.4260280 0.0142720 0.0033923 -0.4316582 0.4969971 -0.1853963 0.0464296 -0.0101919 0.4890611 0.2421581 -0.3760485 -0.3537284 -0.0083507 0.4097224 0.2059254 -0.0303141 0.1217570 -0.0333487 -0.4254370 0.3221139 0.1766228 -0.2278692 0.0343482 0.2254149 -0.2751952 0.3328800 -0.1127783 0.2793723 0.1017557 -0.1087552 0.1394267 0.2467994 0.1722096 0.0041195 0.0150817 -0.3966568 -0.2201278 0.1603037 0.2651342 0.1372878 -0.0028299 0.0804885 0.2343163 0.0894955 -0.0116029 0.1770504 -0.0509260 -0.1271514 0.0801639 -0.1606466 0.0201916 -0.1693495 -0.1409701 0.0401105 0.2478438 -0.0439941 0.2646739 0.3440454 0.2191674 -0.1101224 0.0167860 0.1220157 0.3752525 0.2225281 0.4952269 0.2671036 0.4528354 0.4837265 0.3328671 0.0903203 -0.1923389 0.0907494 0.1046046 0.0417843 0.2431809 0.4988548 0.4049123 0.1377498 0.2514079 0.5303914 0.4280541 0.4069446 0.3938013 -0.1755391 0.4925101 0.4204206 0.3268457 0.3227917 0.4697279 0.6014132 0.3604448 0.5332588 0.2259224 0.2838564 0.1222112 0.3910542 0.2120302 0.3521784 0.2852704 0.1924456 0.1096915 0.5165572 0.1149961 0.0925256 0.0038122 0.5040774 0.4881303 0.1752385 0.3220816 0.1075302 0.2343674 0.3772471 0.4143671 0.2330813 0.1765416 0.5224425 0.5312270 0.4761234 0.2856662 0.3872913 0.4484951 0.3274607 0.1551527 -0.1726301 0.2409652 0.4660619 0.2103333 0.1447635 0.5987715 0.1688472 0.4308837 -0.1854896 -0.0538748 -0.1512794 0.5394645 0.6145354 0.0053270 0.6099080 0.4197682 0.3616393 -0.0483229 -0.2281158 -0.3789069 -0.5942793 0.1013607 0.4229402 0.5192372 0.1452464 -0.2862132 0.4452859 0.5431000 0.4484625 0.2418117 -0.1432008 -0.6778267 0.4228636 -0.2610259 -0.3592610 0.1928740 0.1355855 -0.1327550 -0.3227168 0.3350864 0.1963707 0.2037908 -0.2664122 0.1209711 0.3043533 -0.2463696 -0.0004603 0.0036804 -0.1618648 -0.0189506 0.0756847
0.5363611 0.0000000 0.0770069 0.7787886 -0.3060972 0.6477742 0.2127295 0.5299834 0.2742956 0.4574142 0.6203325 0.6788123 0.0629224 0.0640793 0.3752357 0.5042842 0.3394797 -0.1735457 0.6344111 0.2075326 0.6778297 0.1353529 0.3265739 0.3356749 0.0326209 0.2991118 0.2557517 -0.0726475 0.6036994 0.4142063 0.5619869 -0.0774479 0.3762704 0.5689188 0.2796922 0.5503855 0.3638356 0.2110593 0.7092566 0.5251217 0.0677997 0.5410344 0.5224385 0.1674877 0.4621370 0.3223427 0.4649730 -0.0553386 0.6183658 0.2848846 0.4215830 0.4659141 0.6336601 0.4463051 -0.2055861 -0.0277320 0.4628534 0.6517249 0.3205920 0.3713957 0.1018792 0.3408136 -0.2401587 0.6681462 0.3477160 0.0553588 0.3485366 0.5557355 -0.1396660 0.6188416 0.0596865 0.7079047 0.3148912 0.4147555 0.2508367 0.4886833 0.6527775 0.1051851 0.4214978 0.0887498 0.0407926 -0.0841646 0.1706339 -0.0839463 -0.1693345 0.1288389 0.3837546 -0.0600120 -0.0717510 -0.0372757 -0.0223228 -0.1218255 0.2079913 -0.1590183 -0.1035140 -0.2692995 -0.0108684 -0.1953741 -0.0505544 -0.1374990 0.1005842 0.0079482 0.0720955 -0.0263810 0.1576294 0.0034410 -0.0531618 0.0084845 0.4600640 -0.2267617 0.1130837 0.0341028 0.0279492 -0.0676671 -0.3682888 0.0033518 -0.1030013 -0.0915583 0.0921227 0.5270430 0.5390577 0.0076588 0.0364779 0.5778516 0.5719787 0.6778676 0.5953865 -0.3216762 0.5877023 0.6816131 0.6012794 0.4276365 0.7394972 0.5636576 0.4746045 0.4638690 0.5154583 0.4466016 0.4898535 0.5126627 0.3138040 0.4469943 0.2643313 0.4137266 0.2734519 0.4630309 0.4810026 0.4529631 0.2543876 0.5728730 0.5246446 0.2232426 0.3953685 0.2286472 0.3599720 0.4918478 0.1108688 0.4056645 0.1609304 0.5138257 0.4284628 0.3678183 0.4165501 0.2173230 0.6623075 0.2649515 0.3098935 0.2072713 0.2895905 0.2542299 0.3797315 0.3742648 0.3381304 0.2179883 0.6755672 0.3234848 0.2916062 0.2934811 0.4771548 0.4561616 0.1194217 0.4171915 0.3533937 0.1448667 0.0489331 -0.0469523 -0.2505540 -0.2717712 0.5100948 0.5848371 0.4219341 0.1781574 0.1458316 0.4310084 0.5998618 0.5747966 0.6167934 0.4258752 -0.1161005 0.6628290 0.2503144 0.3604841 0.7492422 0.7214631 0.0420524 0.0590726 0.6066604 0.7030324 0.1744916 0.3788079 0.6297613 0.5850183 -0.1151725 0.2118375 0.3184345 -0.0465026 0.1922210 -0.0194907
-0.2885189 0.0770069 0.0000000 0.0517083 0.8745856 -0.3371969 0.1875344 0.7280225 -0.5487094 -0.4797155 -0.2434352 -0.1183803 0.9606636 -0.5740565 -0.3386346 0.0682724 -0.4143579 -0.2445529 0.3816945 0.9022417 -0.0132449 0.9194303 0.0926320 -0.4587323 0.8912031 0.2521535 -0.2811892 -0.1828311 -0.3204389 -0.3146381 0.1892952 0.8305123 -0.4788490 -0.3648720 0.4740059 -0.3788930 0.6707788 0.8462589 0.0792127 0.0677988 0.8816514 -0.3411783 0.3919002 -0.1248112 -0.0117083 0.7259576 0.4056853 0.7606233 -0.3350026 0.5253762 0.2576305 0.1212001 -0.0777094 0.0511446 0.8741595 0.9103781 0.6422562 -0.0831344 0.5730882 0.3576256 0.5057938 0.1687666 0.8241951 -0.0192420 0.3878906 0.9171177 0.0832462 -0.0162687 0.7009670 -0.0374328 0.7392629 0.1171914 0.0119733 0.5465461 0.5788601 -0.2006124 0.0538922 0.5646354 0.3122808 0.4012140 0.6008994 -0.1526529 -0.2413946 -0.3366101 -0.2923402 -0.1515678 0.1329965 -0.3657796 -0.2885571 -0.3267055 0.1953376 0.0713891 0.1033339 -0.3300209 -0.2686155 -0.2797005 -0.2617964 0.1111608 -0.3318138 -0.0933452 -0.1781144 -0.0906815 -0.2376610 -0.0461172 -0.3671641 -0.2228295 -0.1233696 -0.3612886 -0.2447430 -0.2934185 -0.3118265 -0.1058345 0.0466775 0.0551903 0.1153163 0.0073724 0.0042174 0.0404346 0.1566693 -0.2097619 -0.1772398 0.2193637 0.1928371 -0.0401893 -0.1686727 0.0590377 0.4101198 -0.1121617 -0.1723469 -0.1394509 -0.2621193 -0.3850210 -0.0064422 -0.0914139 -0.1713545 -0.4812017 -0.2114903 -0.2342795 0.0339863 -0.2511195 -0.5219603 -0.2419451 -0.1159029 0.0676027 -0.3245767 -0.5049559 -0.1127440 -0.1085774 -0.1848486 -0.2783203 -0.2083728 -0.3784580 -0.3822288 -0.3292538 0.0834300 -0.1052987 -0.1678209 -0.3446578 -0.1268684 -0.0613010 -0.3804251 -0.4979125 -0.2165255 -0.1617411 -0.1278848 -0.3456257 -0.3271949 -0.0066015 -0.2565806 -0.3192127 -0.3556020 -0.3412104 -0.1758429 0.0761623 0.2478278 0.4977924 0.4103973 0.4836055 0.0619319 -0.2037293 0.3753578 -0.2945768 0.2659963 0.1924375 0.6941947 0.7080783 0.7925683 0.7835367 0.2189611 -0.1090731 -0.1847436 -0.0552842 0.5046390 0.1011047 0.1673345 -0.0885571 0.0511912 0.4414121 0.4812119 -0.0553690 0.2606548 0.4222492 0.1179131 0.3753054 0.7037210 0.7777012 -0.0652293 0.2826673 0.2275154 0.6187471 0.0517886 -0.3426099 0.8653349 0.3747134 -0.3079662 0.7835928 0.0384320 -0.2341039
0.3570145 0.7787886 0.0517083 0.0000000 -0.3669102 0.8796993 0.1899749 0.6449121 0.5143265 0.6134075 0.8151141 0.8572014 0.0700467 0.1364615 0.6373059 0.6663907 0.0529582 0.1340262 0.8376645 0.1711831 0.8623836 0.0531080 0.1841648 0.5691479 -0.0627853 0.2585964 0.0955449 0.2354749 0.8119862 0.5217081 0.7864561 -0.2534329 0.6643336 0.8159751 0.1415931 0.6644742 0.2521439 0.1665921 0.6792762 0.5521226 -0.0560918 0.7309975 0.5137078 0.4653774 0.7541019 0.2504900 0.5513377 -0.1074509 0.8571196 0.3866018 0.5326373 0.5908709 0.9028027 0.6261956 -0.2525113 -0.1476808 0.4922157 0.9285025 0.3068650 0.4804712 0.1544031 0.5078317 -0.4333905 0.9173580 0.6328030 0.0009103 0.5875967 0.8581857 -0.4366035 0.8649249 0.1504651 0.8855287 0.6458675 0.6011089 0.2905526 0.7651922 0.8806666 0.2007430 0.6966778 0.3909870 0.2052937 -0.3298183 -0.0226426 0.1580633 0.0679674 0.3374571 0.2725384 -0.1263297 0.3174511 0.1173428 -0.0707054 -0.1378613 -0.0224431 -0.3140042 -0.0020987 -0.2384454 -0.3053201 -0.4042337 0.0273434 -0.1007277 0.0081050 -0.1647300 0.0583982 -0.0926058 -0.0418266 -0.0513262 -0.2775535 -0.0843182 0.5083912 -0.2046122 0.1492665 0.0023936 -0.3099775 -0.3782295 -0.5452313 -0.3038144 -0.3493547 -0.3278047 -0.1812071 0.5900500 0.5268151 -0.2658146 -0.3104328 0.5361630 0.6750549 0.7756363 0.3870285 -0.4097664 0.7603380 0.7192345 0.6648277 0.2202192 0.7109923 0.3634389 0.2050889 0.3465139 0.4946259 0.5203787 0.4756748 0.5913538 0.0598778 0.4746714 -0.0801617 0.5947490 0.2962057 0.4068002 0.4465684 0.4272687 -0.0338126 0.6878460 0.5680829 0.3201165 0.4518060 -0.0565869 0.0661655 0.5325608 0.0995925 0.3389399 -0.1215821 0.6598223 0.1175071 0.4374976 0.5033632 0.3493567 0.4714647 0.3143785 0.1446449 0.0086541 0.2440388 0.3198359 0.2414492 0.1212456 0.1136165 -0.0391802 0.4590883 0.4791801 0.5154879 0.4933548 0.5500483 0.5760320 0.2238939 0.4396680 0.2900373 -0.0057596 -0.0406749 0.0206013 -0.3716241 -0.3206490 0.7831842 0.8241743 0.4987840 0.4407761 0.4089521 0.5060128 0.6905428 0.7728073 0.8556344 0.6695363 0.0955414 0.7644583 0.0953418 0.3070410 0.4259175 0.6554414 -0.2382823 -0.0337131 0.6311343 0.6875018 -0.1396325 0.5127126 0.5142107 0.7282378 -0.1267100 0.5111173 0.4162241 -0.2667626 0.4378003 -0.0766951
-0.4107156 -0.3060972 0.8745856 -0.3669102 0.0000000 -0.6560873 0.1274152 0.3789557 -0.6886766 -0.7473766 -0.6110719 -0.4254573 0.8150161 -0.6201190 -0.5083682 -0.2569323 -0.5065758 -0.0844702 -0.0095245 0.7657220 -0.3501896 0.7578092 -0.1253425 -0.5596905 0.8172440 0.0613501 -0.4010953 -0.1838893 -0.6199962 -0.5547461 -0.1956344 0.8782994 -0.6437074 -0.6465134 0.3231790 -0.6459894 0.4671627 0.6607921 -0.2971128 -0.1980388 0.8121934 -0.6384824 0.0417773 -0.2268455 -0.3240964 0.5472059 0.0949385 0.6918779 -0.6655443 0.2847090 -0.0467748 -0.1931261 -0.4433899 -0.1789368 0.8889095 0.8786117 0.3365369 -0.4416746 0.4097261 0.0771334 0.4413531 -0.0368810 0.9302829 -0.4091908 0.1262920 0.8053077 -0.1944880 -0.3565082 0.8227703 -0.3990950 0.5708744 -0.3057307 -0.2442822 0.2307593 0.3897952 -0.5095479 -0.3649908 0.4367502 -0.0106258 0.2544155 0.4875422 -0.0283434 -0.2637441 -0.2962184 -0.2639715 -0.2179118 0.0455685 -0.2758854 -0.3395166 -0.3728214 0.2470114 0.1605490 0.0003938 -0.2220627 -0.1990662 -0.1935246 -0.2243399 0.2096402 -0.3106893 -0.0756450 -0.2026842 -0.0072181 -0.2994033 -0.0136796 -0.4054501 -0.1860502 -0.0030536 -0.3741229 -0.4463934 -0.1211984 -0.3762095 -0.1056609 0.1107279 0.1373342 0.3149558 0.0688161 0.0614004 0.1272085 0.1272660 -0.4502314 -0.4007916 0.2522094 0.2409495 -0.3430992 -0.4351988 -0.2847221 0.1181285 0.0385751 -0.4911420 -0.5119454 -0.5467109 -0.5470793 -0.4009447 -0.2462006 -0.3219805 -0.6598595 -0.4465002 -0.4112467 -0.1811198 -0.4912320 -0.6186443 -0.3977744 -0.1276947 -0.1609017 -0.4084957 -0.7027381 -0.2615572 -0.2598831 -0.2799340 -0.5652621 -0.4132901 -0.4756484 -0.4901187 -0.3969042 0.0486859 -0.2425459 -0.1225195 -0.4612291 -0.1072923 -0.3056881 -0.4584295 -0.6355127 -0.3303608 -0.2368923 -0.3536548 -0.4705843 -0.4538388 -0.0997808 -0.3653289 -0.4069287 -0.5088060 -0.4443255 -0.2729326 0.1526403 0.0558749 0.3272135 0.2043084 0.2964935 -0.1267565 -0.3753956 0.3606870 -0.4406895 0.1096769 0.1819388 0.6837422 0.6612723 0.9146294 0.8636900 -0.1587798 -0.4821942 -0.3621244 -0.2169499 0.2475155 -0.0938607 -0.1518892 -0.4153354 -0.3354084 0.0500508 0.3987182 -0.3511136 0.1045916 0.2824884 -0.1303216 -0.0059893 0.7232050 0.7292483 -0.3080012 -0.1379827 0.1333817 0.3237173 -0.2035975 -0.6483506 0.8573890 0.1574701 -0.4474842 0.8132849 -0.2096626 -0.0939594
0.5010049 0.6477742 -0.3371969 0.8796993 -0.6560873 0.0000000 0.1424877 0.3091285 0.7454324 0.8027456 0.8209538 0.8691425 -0.2772790 0.2818985 0.8385540 0.5110983 0.2488871 0.2706938 0.5574105 -0.2448465 0.8295678 -0.3333883 0.1491806 0.7643267 -0.4218737 0.0591126 0.2101571 0.3759020 0.9311211 0.6356274 0.5850558 -0.5726588 0.8533312 0.9241790 -0.0962915 0.8055303 -0.0998903 -0.1833139 0.5210585 0.4937714 -0.3890358 0.8277530 0.2374182 0.4961271 0.7823602 -0.0358151 0.3096615 -0.3768653 0.9506277 0.1741726 0.3589950 0.4544531 0.9012712 0.4772408 -0.5791982 -0.4906232 0.1766966 0.8715465 0.1223988 0.2755978 0.0609186 0.3699264 -0.7312763 0.8564362 0.5330787 -0.3472112 0.5174032 0.7936398 -0.6317933 0.8088582 -0.1590322 0.8003268 0.6306372 0.4047558 0.1714117 0.8010609 0.8095102 0.0688683 0.5817770 0.3083379 0.0658365 -0.3261544 0.0096803 0.2793409 0.2559712 0.3345471 0.1621564 0.0228089 0.4199436 0.3277292 -0.2194228 -0.1666938 -0.1491438 -0.2396573 0.0683985 -0.1354137 -0.2045896 -0.4889140 0.0736796 -0.1707272 0.0346885 -0.1571105 0.1405631 -0.2247600 0.0348679 -0.0607321 -0.1456848 0.0763486 0.5664608 0.0047230 0.2095511 0.1320878 -0.2269032 -0.3929590 -0.5399480 -0.3040573 -0.3669726 -0.3168021 -0.2347650 0.6776868 0.5150372 -0.3909041 -0.3605501 0.5411720 0.7199693 0.6497437 0.1967511 -0.3273603 0.8393242 0.7542009 0.6873712 0.3375809 0.6380526 0.4717410 0.2306015 0.5728698 0.5263628 0.6128799 0.4050134 0.7276238 0.2912210 0.5724633 0.0047518 0.6742289 0.3608575 0.6321231 0.4151182 0.4096247 0.0845350 0.7516359 0.6783855 0.4645806 0.5414152 0.1192865 -0.0030190 0.6029005 0.3179429 0.3754063 0.0337301 0.7289955 0.2206053 0.6484132 0.5878641 0.5584594 0.4503294 0.3963087 0.2668171 0.0691346 0.4431695 0.5444874 0.3419713 0.2439707 0.2036679 -0.0329797 0.3206338 0.2574019 0.4237524 0.3624839 0.5697826 0.6920755 0.1321910 0.5628632 0.2179464 -0.0174692 -0.2552401 -0.1577238 -0.6104413 -0.5777399 0.6820424 0.8323517 0.6119816 0.5755180 0.2789128 0.4996728 0.6348231 0.8243891 0.8316470 0.4537200 -0.0573636 0.7395963 -0.1006572 -0.0055803 0.2500885 0.4371036 -0.4846795 -0.3072563 0.6303134 0.4818150 -0.2164232 0.1554511 0.3776303 0.8352873 -0.3584636 0.4768499 0.4549764 -0.5319162 0.4494291 0.1262986
0.2021191 0.2127295 0.1875344 0.1899749 0.1274152 0.1424877 0.0000000 0.0875154 0.0593863 -0.1371333 -0.1031929 0.3982697 0.2380558 -0.2398282 0.1982240 -0.0983641 -0.2262413 -0.0421249 0.1329991 0.3416429 0.3061056 0.0574592 0.0752163 -0.0149654 0.1914361 0.0474239 0.4681671 0.0485032 0.0182849 -0.1083101 0.0352999 0.1520800 -0.0509804 0.0201947 0.3428323 0.0235872 0.1900194 0.3517371 -0.0543097 0.0212068 0.2814448 -0.0431776 0.1415553 0.0344846 0.1106584 0.4632508 0.2622525 0.3251397 -0.0040453 0.2359295 0.2046848 0.1795672 0.1921857 0.1821751 0.2020755 0.2900952 0.2867106 0.1260025 0.1412797 0.1829318 0.2291618 0.0742668 0.2108085 0.0770950 0.3471802 0.1683192 0.1132305 0.1069368 0.0440904 0.1461927 0.0600214 0.1706564 0.0802331 0.1997537 0.2072620 0.2340167 0.1771561 0.2945417 0.2456573 0.2559781 0.1721750 0.0335981 -0.1995224 0.0309169 0.0654849 -0.3616378 -0.1199665 -0.1955906 -0.3978620 -0.1123417 -0.3668027 -0.5501243 -0.1443537 -0.2626770 -0.5896555 -0.6999973 0.1202209 -0.0675607 -0.5276017 -0.3481590 -0.2756254 -0.2572126 -0.3588540 -0.3162780 0.0602936 -0.4232170 0.0774036 -0.2013583 -0.1208079 -0.0240893 -0.3803901 -0.0085690 0.3883564 0.1790242 0.0392682 0.1167822 0.2027357 0.1638821 0.0487047 0.1685633 0.1998294 0.2437080 -0.2303494 0.3118536 0.2900262 0.0950595 0.2966156 -0.2240201 0.1244026 0.1647586 0.1745464 -0.0783062 0.0967642 -0.0352131 -0.0212923 -0.0286694 0.1540278 0.0951783 0.0619699 0.0347508 -0.2794105 0.0060315 -0.3050089 0.1974306 0.1011320 0.1569269 0.1031137 -0.0016068 -0.1591099 -0.0014519 0.0745174 -0.0084617 -0.1095405 -0.0413577 0.0166894 0.0532941 -0.0963442 -0.2071651 -0.2035990 0.2009807 0.0031782 -0.1156680 -0.1139257 0.0726606 0.0914558 -0.4080369 -0.2559520 -0.1757032 -0.1187966 -0.0726950 -0.2049474 -0.1345462 0.0352313 -0.1547854 0.2685809 0.1646099 0.1664248 0.0801264 0.2542417 0.1181594 0.1310509 -0.0503169 -0.0460571 -0.1754514 0.1401717 0.2710814 0.1832004 0.2048022 0.3716701 0.2687823 0.1581446 0.2734150 0.1400369 -0.0235183 0.1289871 -0.0326165 0.0749936 0.0544284 -0.0833971 -0.0482186 -0.2983983 0.0096450 0.1913098 0.1233806 0.2260723 -0.0306140 0.1387899 0.1409686 0.1006977 0.1542372 0.1208982 -0.0723911 0.2645292 0.2060433 -0.0992991 0.0779861 0.0824989 0.3481822
0.0026364 0.5299834 0.7280225 0.6449121 0.3789557 0.3091285 0.0875154 0.0000000 -0.0733616 0.0901030 0.3689762 0.3832333 0.7467387 -0.3957547 0.1721269 0.4542767 -0.1927901 -0.0721604 0.7814195 0.6915635 0.4628684 0.7100325 0.1579041 0.0743618 0.5365202 0.2755956 -0.1982807 -0.0026940 0.2651043 0.1165787 0.7179127 0.4008386 0.1311649 0.2612948 0.3876755 0.1586176 0.5938865 0.6862246 0.4938382 0.4700196 0.6121616 0.2368908 0.6095481 0.2584643 0.4767015 0.5996358 0.6267751 0.4499680 0.3492316 0.6413076 0.5395808 0.4903639 0.5237699 0.4538982 0.4652355 0.5246626 0.7401395 0.5472299 0.6044969 0.5710067 0.4595873 0.5118410 0.3001470 0.6121016 0.6690701 0.6154743 0.4549219 0.5758257 0.1965150 0.5419638 0.6339995 0.6541967 0.4796185 0.7798716 0.5582175 0.2699719 0.5739428 0.4724875 0.6577449 0.5478100 0.5743434 -0.2939072 -0.1869827 -0.1468645 -0.1905866 0.1024320 0.3672912 -0.2849529 -0.0344750 -0.2021014 0.1129726 0.0570609 0.0002409 -0.3531993 -0.1505166 -0.2986224 -0.4281640 -0.3517824 -0.1543654 -0.0935205 -0.0732781 -0.2298904 -0.1425925 -0.0437382 -0.3476465 -0.1570313 -0.3228619 -0.3265978 0.1246453 -0.4040457 -0.0633857 -0.1075635 -0.2159326 -0.2935764 -0.3620859 -0.2380997 -0.2958419 -0.3044764 -0.0787966 0.1624208 0.0854946 -0.0576781 -0.0357276 0.2287851 0.1914010 0.4701032 0.4911580 -0.3258300 0.3127216 0.3111122 0.1448731 -0.1352014 0.3280622 0.2057479 -0.0656129 -0.1250217 0.0877110 0.1116202 0.2875282 0.2021583 -0.2791648 0.0985537 -0.0937421 0.4463397 -0.1400894 -0.0240078 0.1644951 0.1759387 -0.1356060 0.2015856 0.2162710 -0.1495948 0.0106339 -0.2523339 0.0539271 0.2985566 -0.0064743 -0.1062083 -0.1437176 0.3634683 -0.2976309 -0.1011645 0.2417782 0.1151907 0.1558185 -0.0755614 -0.1237021 -0.0090956 -0.0144748 -0.0427843 -0.1433472 -0.1750059 -0.1539152 0.0233210 0.4087593 0.7182418 0.6327405 0.7157324 0.3789166 0.2553277 0.4662690 0.0862821 0.3828182 0.1466518 0.4804589 0.5117368 0.3223965 0.3419527 0.5816000 0.3705717 0.1785051 0.1797060 0.6295252 0.4676498 0.5706655 0.4733511 0.5556173 0.7676655 0.4630285 0.4132907 0.3127253 0.4738167 0.2803385 0.6874978 0.3405822 0.6224932 0.3491700 0.6706155 -0.0670976 0.6764933 0.2246110 0.2736421 0.5099855 0.6726091 0.1733843 0.3932783 0.2338193 -0.2472113
0.2561952 0.2742956 -0.5487094 0.5143265 -0.6886766 0.7454324 0.0593863 -0.0733616 0.0000000 0.8813769 0.6375167 0.6486026 -0.4455394 0.5657374 0.8907769 0.0468352 0.4341997 0.4966996 0.1950053 -0.3601872 0.4754165 -0.4896436 -0.1462498 0.8619941 -0.4939811 -0.1562338 0.4485934 0.7205213 0.7399334 0.8659716 0.4253187 -0.5781653 0.8375560 0.7242778 -0.1559587 0.5349660 -0.2917700 -0.3042859 0.4165352 0.1846453 -0.5137730 0.6168678 0.1015303 0.4972819 0.5163011 -0.1702819 0.1815909 -0.3820718 0.7078582 0.1850600 0.2940410 0.1809140 0.5694664 0.3408009 -0.5834420 -0.5960724 -0.0955121 0.6024475 -0.4042239 0.1793339 -0.2659031 0.2425845 -0.8146260 0.5156263 0.0920940 -0.5987104 0.4818160 0.5200324 -0.7346392 0.6177410 -0.3019433 0.3711360 0.5236021 0.0059910 -0.1642398 0.7726713 0.5389453 -0.1337059 0.2706681 0.1642487 -0.2694520 -0.0393901 0.0794314 0.4273031 0.6013865 0.1269702 -0.0760052 0.3848164 0.3448756 0.6510436 -0.1751796 -0.2183096 -0.0051692 0.1800974 0.0154912 0.0656467 0.0080895 -0.3371850 0.0823963 -0.1333086 0.1731870 0.0056798 0.0451517 -0.0637859 0.2905124 -0.0360387 0.0947678 0.1664474 0.5171059 0.1890942 0.2276126 0.3026465 -0.0664897 -0.2749511 -0.3565764 -0.1755899 -0.2483221 -0.1362310 -0.2113909 0.6473602 0.6339774 -0.3719431 -0.6348519 0.4331447 0.6390923 0.5317714 -0.1413900 -0.2779561 0.6561842 0.6379081 0.6715198 0.3248482 0.4260298 0.3060434 0.3126426 0.6199692 0.6476776 0.7271022 0.4463322 0.6643426 0.4177466 0.6791772 -0.2812664 0.4094115 0.6256122 0.5903950 0.5368256 0.4748231 0.2449903 0.5959686 0.5447570 0.6970141 0.6798406 0.3079182 0.0368598 0.1860610 0.0883607 0.4400229 -0.0465571 0.4215275 0.1380988 0.5090616 0.2536810 0.3285493 0.1872030 0.4866666 0.4025910 0.0700013 0.3662135 0.4032576 0.4509708 0.3508610 0.2141416 -0.0656844 -0.1008896 -0.1049493 0.0167365 0.0117756 0.1610315 0.3751171 -0.1621313 0.2411225 -0.2977296 -0.4904925 -0.6820932 -0.5071538 -0.7397397 -0.6281789 0.3304538 0.6076787 0.4087141 0.4669763 0.1442779 0.0001136 0.3081257 0.4316516 0.4573719 0.0723536 -0.2180700 0.5837518 -0.2860032 -0.3755834 -0.0538504 -0.1001702 -0.6060198 -0.6602645 0.5173603 0.2001761 -0.2969045 -0.2107007 0.0741759 0.6115081 -0.5296521 0.2695004 0.4515516 -0.8166456 0.2429608 0.3193479
0.3034201 0.4574142 -0.4797155 0.6134075 -0.7473766 0.8027456 -0.1371333 0.0901030 0.8813769 0.0000000 0.8020565 0.6187954 -0.3600668 0.4594516 0.8134253 0.2692669 0.6017337 0.2520911 0.3309413 -0.3869316 0.5150336 -0.3472920 0.0842554 0.7533510 -0.4595893 -0.0382725 0.3940466 0.5634299 0.7889885 0.8761244 0.4932577 -0.5884753 0.8027866 0.7227116 -0.1020865 0.6345783 -0.1702688 -0.2305128 0.6256769 0.4208708 -0.4647593 0.7092412 0.2762338 0.5131401 0.5665320 -0.1483278 0.3054590 -0.3608889 0.8218020 0.2292164 0.4250956 0.3373435 0.6259416 0.4057254 -0.5812153 -0.5533426 0.0721545 0.6897845 -0.2205550 0.3287797 -0.2040395 0.3796814 -0.7976143 0.6796505 0.1477531 -0.4571958 0.5931210 0.6559341 -0.6504902 0.7288559 -0.1393060 0.5624937 0.6191468 0.1801481 0.0023275 0.7709304 0.6606301 -0.0647051 0.3839188 0.1408226 -0.1686126 -0.1319984 0.1388247 0.1796205 0.3671908 0.1071886 0.0635446 0.2836003 0.2627486 0.5142932 -0.1541059 -0.0828680 0.1417298 0.1191990 0.0066988 0.0778239 0.0723505 -0.3584176 0.0391182 -0.1401849 0.1422375 -0.0755127 0.1121013 -0.1439598 0.2930787 -0.0840991 -0.0759375 0.1389601 0.5347220 -0.0237851 0.1971419 0.2049074 -0.1967178 -0.3871161 -0.5196199 -0.2955671 -0.3662193 -0.2966645 -0.2448586 0.6488875 0.5677616 -0.4631799 -0.4277105 0.4370960 0.6129112 0.5714224 0.0170812 -0.2343320 0.7325708 0.7808639 0.7161495 0.4207460 0.5564367 0.4004582 0.3475329 0.7049098 0.6870042 0.6925788 0.5015179 0.7236371 0.5932650 0.6578124 0.0017645 0.4948044 0.5364514 0.6683413 0.5138717 0.5001477 0.4327749 0.7023499 0.6010295 0.6668152 0.6425897 0.4425037 0.0288517 0.3138184 0.1350912 0.4707091 0.1275213 0.4661469 0.1826210 0.5712256 0.3743083 0.3668300 0.2971942 0.5568497 0.5514460 0.2904206 0.5167654 0.4468766 0.5600437 0.4829988 0.3431496 0.0418264 0.0370173 -0.0008258 0.1565626 0.1455398 0.2455333 0.4281278 -0.0808373 0.3468544 -0.0935322 -0.3267267 -0.5447285 -0.4001814 -0.7134512 -0.6186648 0.4205128 0.6205752 0.4637604 0.3912232 0.2036532 0.1922241 0.4394840 0.6089965 0.5919570 0.2863795 -0.1115381 0.6481460 -0.0056724 -0.2410456 0.1693654 0.1976752 -0.5815814 -0.4802948 0.5954441 0.3887987 -0.2040542 -0.1206049 0.2577627 0.7769568 -0.4897588 0.2685163 0.5077797 -0.6798418 0.3226563 0.1733429
0.4266421 0.6203325 -0.2434352 0.8151141 -0.6110719 0.8209538 -0.1031929 0.3689762 0.6375167 0.8020565 0.0000000 0.6651563 -0.2039101 0.3733525 0.5976726 0.7290779 0.3398994 0.0708184 0.6939813 -0.1700627 0.6890136 -0.2104825 0.3376864 0.5428268 -0.2527954 0.4376341 0.2547132 0.2324179 0.7496588 0.6486066 0.6236413 -0.4826617 0.6980246 0.7364385 0.1574499 0.7026871 0.1382778 -0.1156900 0.6635171 0.4498435 -0.4154886 0.7497310 0.4908408 0.4964732 0.6598102 0.0331777 0.3901224 -0.4197810 0.8686203 0.1514711 0.4674360 0.4272358 0.7664495 0.5878067 -0.4932714 -0.4229752 0.2902109 0.8630444 0.0960926 0.3946158 -0.1132207 0.4227378 -0.6728024 0.8315580 0.3111614 -0.2038887 0.6009004 0.8062183 -0.6505266 0.8568319 0.0713945 0.7265824 0.6408554 0.3738768 0.1545337 0.7654879 0.7501061 0.0960576 0.4876024 0.0961811 -0.0222833 -0.3536218 -0.0701908 -0.0076858 -0.0145732 0.1866162 0.0432629 -0.1042615 0.3229531 0.3290876 -0.1388105 -0.1551477 0.1901828 -0.2215468 -0.0457660 -0.0976504 -0.2272308 -0.3521087 0.1192893 -0.1787611 0.0001994 -0.1502724 0.1246523 -0.1830374 0.0017353 -0.1054581 -0.3004740 0.0356406 0.5158155 -0.2566033 0.2674236 0.0891553 -0.3792085 -0.4446588 -0.6681668 -0.3444914 -0.3749837 -0.4070202 -0.2391936 0.6481376 0.5394778 -0.2845815 -0.2464969 0.4374417 0.6118104 0.7712558 0.2912953 -0.3006391 0.7746405 0.7278903 0.6149842 0.3180901 0.6832704 0.3748468 0.2962021 0.4546228 0.4449297 0.5309557 0.3406890 0.6723310 0.2802379 0.5122506 0.0025417 0.4490786 0.2434430 0.4827620 0.3174066 0.2649124 0.0687068 0.7315370 0.5076616 0.3613319 0.4950994 0.0374801 -0.0686147 0.3145300 0.0872192 0.3100944 -0.0934179 0.5066712 0.1729883 0.5293975 0.3498369 0.2779613 0.3671030 0.4291324 0.2281852 -0.0141365 0.2868824 0.3805540 0.3041547 0.1703294 0.3164751 -0.0822057 0.2617197 0.1444168 0.2777018 0.2343854 0.4100520 0.5061251 0.0574019 0.4156021 0.2021932 -0.0659260 -0.2511748 -0.2237789 -0.5711915 -0.5320280 0.6098474 0.7162444 0.5754362 0.3664772 0.2559968 0.4715183 0.6977535 0.7867110 0.6856523 0.4913248 -0.0890446 0.7177724 0.1271267 -0.0681798 0.2951849 0.4415942 -0.5901398 -0.3162990 0.4902234 0.5034108 -0.0125991 0.2259704 0.4195175 0.8204743 -0.3164824 0.2538909 0.3352888 -0.4459046 0.4860041 -0.1887987
0.5409849 0.6788123 -0.1183803 0.8572014 -0.4254573 0.8691425 0.3982697 0.3832333 0.6486026 0.6187954 0.6651563 0.0000000 -0.1003104 0.1497881 0.7909493 0.3425888 0.0465463 0.3141200 0.5698115 0.0959488 0.9330977 -0.1740977 0.1058651 0.6894025 -0.1622255 0.0440363 0.2397613 0.3012823 0.8848814 0.4926809 0.6136923 -0.3241561 0.7637654 0.8607778 0.0859144 0.7499863 -0.0134963 0.0092818 0.5857497 0.4631869 -0.1756499 0.7911013 0.3355124 0.5551605 0.8085256 0.1710412 0.3894878 -0.2249839 0.8274447 0.2698334 0.3773362 0.3625097 0.8838549 0.4575615 -0.3322511 -0.2570677 0.2834938 0.8032844 0.2392577 0.2946134 0.2655979 0.2886970 -0.5097109 0.7531048 0.6030622 -0.1772756 0.4230307 0.6666588 -0.4574452 0.7429779 -0.0429353 0.7337077 0.4829533 0.3637407 0.1866965 0.7434133 0.7434800 0.1291938 0.5585360 0.2650856 0.1013058 -0.1203480 0.1495687 0.3772086 0.3423981 0.2903885 0.2950692 0.1668260 0.2470878 0.2654526 -0.0617850 -0.2105269 -0.1561956 -0.1857318 0.0248710 -0.2577512 -0.3242475 -0.2995323 -0.0098970 -0.1052582 0.1689113 0.0409139 -0.0456124 -0.0676675 0.0893489 -0.0301225 -0.0453931 -0.0901629 0.6200122 0.0219887 0.1769213 0.2434987 -0.0893811 -0.3342310 -0.4612782 -0.3013164 -0.3062721 -0.1873871 -0.1686734 0.7154418 0.6362073 -0.3715381 -0.3481345 0.5843311 0.7920131 0.7437427 0.2064765 -0.4805900 0.8232378 0.7357947 0.7803188 0.1890186 0.6351595 0.4520551 0.3289620 0.5223019 0.6454520 0.6513864 0.6018346 0.6219484 0.0813799 0.6065073 -0.1455318 0.6170305 0.5168159 0.4625240 0.5558535 0.5465593 -0.0576226 0.7409721 0.6546572 0.5350591 0.5022503 0.0163223 0.0809961 0.5791451 0.2006277 0.4322346 -0.0792306 0.7381029 0.1240593 0.4485223 0.4877595 0.4822826 0.3205369 0.4187443 0.1308962 -0.0355215 0.2756655 0.3943832 0.2432103 0.1205988 0.2514313 0.0278716 0.3956123 0.2715445 0.4088807 0.3420091 0.6379073 0.6754903 0.1757024 0.5660215 0.2658753 -0.0357001 -0.1266390 -0.0742800 -0.4487170 -0.4659982 0.6600491 0.8193290 0.5737109 0.5313726 0.2953489 0.4134496 0.6681951 0.6708242 0.7395462 0.4201456 -0.1687956 0.7489781 -0.2043478 0.0748448 0.2689969 0.4312664 -0.2553358 -0.2664254 0.6789385 0.5229662 -0.2178990 0.1927382 0.3117675 0.5587963 -0.2296014 0.4525785 0.2869275 -0.3985347 0.2095544 0.1257676
-0.2915896 0.0629224 0.9606636 0.0700467 0.8150161 -0.2772790 0.2380558 0.7467387 -0.4455394 -0.3600668 -0.2039101 -0.1003104 0.0000000 -0.6339027 -0.2187866 0.0044746 -0.3463664 -0.2087047 0.3836323 0.8469171 -0.0230096 0.9267390 0.0615359 -0.3811125 0.8585814 0.2032959 -0.1565956 -0.0550231 -0.3023965 -0.2136790 0.2429722 0.7961921 -0.4084521 -0.3526465 0.5294244 -0.3519164 0.6772232 0.9121279 0.1140450 0.1649305 0.9118062 -0.3125538 0.4701759 -0.0453838 0.0296958 0.7676853 0.5310462 0.8419785 -0.2704972 0.6705239 0.4176983 0.2427239 -0.0295926 0.1572757 0.8938327 0.9162227 0.7144737 -0.0099994 0.5198825 0.5042382 0.5040707 0.3210852 0.7824375 0.0723877 0.4339401 0.9022313 0.2519088 0.0956466 0.6485000 0.0777057 0.8049408 0.1754481 0.1873306 0.6033646 0.6348017 -0.0981579 0.1269070 0.6264608 0.4088359 0.4856486 0.6155403 -0.1066186 -0.2712477 -0.3251169 -0.2195793 -0.2689105 0.1371702 -0.3499710 -0.3871218 -0.2972985 0.0920018 0.0321990 0.1015698 -0.3090910 -0.4094761 -0.3719773 -0.1917803 0.0057449 -0.4350841 -0.1493398 -0.2081416 -0.1932962 -0.2550671 -0.1392616 -0.3476817 -0.3451756 -0.1053073 -0.3440187 -0.2603374 -0.2695779 -0.3598410 -0.0734235 0.1073339 0.0459973 0.0793696 0.0075237 0.0046334 0.0108644 0.1356886 -0.1721665 -0.1829087 0.2017429 0.1295533 0.0190524 -0.1453484 0.0160693 0.4487572 -0.0859701 -0.1434118 -0.0541218 -0.2423721 -0.3355890 -0.0272322 -0.0709279 -0.2376032 -0.4064595 -0.1715490 -0.1857502 0.0138651 -0.1798233 -0.4556262 -0.2162615 -0.1407033 0.1466991 -0.3191939 -0.3371068 -0.1101551 -0.1162985 -0.0894817 -0.2687695 -0.1553220 -0.3478589 -0.3563823 -0.2146988 0.0327360 -0.0875320 -0.1465939 -0.4163646 -0.0971974 -0.0100930 -0.4514948 -0.4673015 -0.1802549 -0.1080952 -0.1466015 -0.4028656 -0.2564445 0.0463913 -0.1681516 -0.2749998 -0.3328068 -0.2910157 -0.1776775 0.0338230 0.1855096 0.5167119 0.4199209 0.5026727 0.0724736 -0.1581974 0.4023255 -0.3019320 0.1894016 0.0769225 0.6251659 0.7131270 0.7556569 0.7761092 0.2666158 -0.0634428 -0.1313395 -0.0093650 0.5472024 0.1078502 0.1851681 -0.0542526 0.0646112 0.4618589 0.5071812 -0.0847142 0.2501777 0.3267426 0.0752059 0.3608670 0.6814965 0.7604518 -0.0071095 0.2995240 0.1424694 0.5194820 -0.0213715 -0.2648786 0.8584572 0.4778703 -0.1699927 0.7355235 0.0521339 -0.1524049
0.0282399 0.0640793 -0.5740565 0.1364615 -0.6201190 0.2818985 -0.2398282 -0.3957547 0.5657374 0.4594516 0.3733525 0.1497881 -0.6339027 0.0000000 0.2162445 0.1800162 0.4979709 0.0107321 -0.1090797 -0.4279749 0.0181063 -0.5241439 0.1311988 0.3369146 -0.4807100 0.0799909 0.4014117 0.2460588 0.3644925 0.6083636 0.1426410 -0.5364765 0.3320529 0.4012261 -0.3606257 0.1420373 -0.3370367 -0.5644688 0.1089037 -0.4560908 -0.6511797 0.2254816 -0.2072646 -0.1838404 0.0272419 -0.4511832 -0.2932274 -0.5197392 0.2894757 -0.3423472 -0.2468076 -0.2678640 0.1126643 -0.1366964 -0.6215036 -0.6479313 -0.4558871 0.1316046 -0.6769358 -0.3481886 -0.7167704 -0.3696903 -0.6485490 0.0371058 -0.3790294 -0.6442566 -0.1321371 -0.0680591 -0.6368899 0.0432572 -0.5672326 0.0055939 -0.1805415 -0.3405924 -0.5611396 0.2627447 0.1360840 -0.5312464 -0.3289967 -0.3356432 -0.6066927 -0.0583580 0.0741418 0.1861513 0.2733361 0.1313623 -0.5237073 0.2442036 0.4843860 0.4632096 -0.2068230 -0.3768804 0.0671643 0.3701465 0.2424263 0.4018996 0.1380185 0.0735473 0.4442768 0.0660404 0.1261927 0.1632057 0.1443775 0.2360546 0.2738199 0.3250364 0.0873631 0.3222926 0.1851450 0.1107303 0.3477452 0.0151760 -0.0545760 0.0634255 0.0204273 0.1096316 0.1387560 0.1288684 0.0833370 0.1805826 0.3868367 -0.0314689 -0.4251850 0.2002467 0.1847114 0.2949005 -0.1905205 -0.2826720 0.1518440 0.1599113 0.2590107 0.2256061 0.3569169 -0.1250031 0.2784812 0.2500424 0.2438521 0.1742413 0.0801628 0.1360467 0.3108341 0.1819384 -0.2938379 -0.2712185 0.3224837 0.1460705 0.1144115 0.0838770 0.0961276 0.1992691 -0.0122646 0.3165750 0.2918769 0.0755834 0.0911407 -0.3706961 -0.3610262 0.3743259 -0.2539610 -0.1878673 0.4087535 0.1875860 -0.2886701 -0.2801330 0.1571054 0.4769983 0.2765150 -0.1407561 -0.1180239 -0.0139370 0.3858954 0.2320085 0.2504749 -0.2719167 -0.3651776 -0.5760669 -0.4809549 -0.5082531 -0.4191273 -0.2445158 -0.7706483 -0.1284176 -0.4562636 -0.3928820 -0.7831291 -0.7522965 -0.7111591 -0.5545053 0.0185173 0.3421893 -0.1135424 0.0852164 -0.0964717 -0.4424751 -0.1668334 -0.0288269 0.1244586 -0.0572720 -0.3136111 0.2483464 -0.2717986 -0.3194339 -0.1041356 -0.3409883 -0.6065187 -0.7656627 -0.1203889 0.0756518 0.1761857 -0.0625591 0.0985674 0.1975856 -0.6597988 -0.3102269 -0.0410780 -0.7433297 0.3034410 -0.1384529
0.3456642 0.3752357 -0.3386346 0.6373059 -0.5083682 0.8385540 0.1982240 0.1721269 0.8907769 0.8134253 0.5976726 0.7909493 -0.2187866 0.2162445 0.0000000 0.0807533 0.2765394 0.6071221 0.3370858 -0.2094303 0.6451987 -0.3084317 -0.1371185 0.9043476 -0.3395218 -0.2048433 0.2677134 0.7184961 0.8244764 0.7307658 0.4621721 -0.4156077 0.8858154 0.7710549 -0.0813817 0.5938312 -0.1779923 -0.1027553 0.4513855 0.3787338 -0.2735709 0.6580174 0.1439647 0.6326977 0.6560956 0.0386919 0.3333253 -0.2171259 0.7770543 0.3449839 0.3978511 0.2826912 0.6960047 0.4183818 -0.4099972 -0.3878600 0.1231443 0.7023110 -0.0744808 0.3150043 0.0678661 0.3993354 -0.6567288 0.6587110 0.3985715 -0.3705027 0.5709400 0.6557872 -0.5359706 0.7092141 -0.1106387 0.5371486 0.6538372 0.2468501 0.1188129 0.7675967 0.6272611 0.0767766 0.4807475 0.3689381 0.0100559 -0.1325926 0.0318370 0.3800919 0.5270332 0.1618563 0.1469835 0.2780872 0.2771525 0.4566153 -0.1284254 -0.1005116 -0.1579975 -0.0573286 -0.0284676 -0.1361966 -0.1648700 -0.4823797 -0.0947123 -0.2584787 0.0703956 -0.0990080 -0.0644797 -0.2532171 0.1172488 -0.1701388 0.0088235 -0.0491256 0.4990551 0.1673013 0.0644550 0.2693374 -0.1111456 -0.4177000 -0.4301839 -0.3402000 -0.4466758 -0.2764778 -0.3035009 0.6510711 0.5200285 -0.4977755 -0.5400457 0.4350951 0.6724980 0.5224132 -0.0424113 -0.3448365 0.7321610 0.6530006 0.6454899 0.1909379 0.3843898 0.4182514 0.1762848 0.5709843 0.6090542 0.7354835 0.4984705 0.7054369 0.2746901 0.6908487 -0.1684815 0.6623961 0.5385147 0.5600602 0.5488966 0.5256735 0.1826941 0.6504852 0.6937194 0.6547414 0.6385513 0.2121670 0.0630147 0.4939749 0.3216481 0.3582897 0.0679657 0.6389070 0.0009080 0.5198150 0.5009248 0.5704934 0.2021180 0.4096878 0.3259884 0.1183789 0.4737267 0.4996455 0.3391978 0.2786806 0.2057171 0.1142583 0.1448232 0.2108404 0.3341944 0.3435192 0.4249130 0.5761887 0.1795708 0.3745123 -0.0642963 -0.3048655 -0.3755934 -0.1969003 -0.5318161 -0.4834930 0.4673937 0.6338806 0.5194014 0.5390510 0.2624075 0.2678132 0.4680256 0.5941787 0.6252064 0.2387935 -0.0757531 0.6676651 -0.2677229 -0.2019531 -0.0110248 0.1062595 -0.3981355 -0.3897292 0.6663652 0.2726555 -0.4179674 -0.1232764 0.0907345 0.6387139 -0.2927631 0.5051539 0.4563948 -0.6046190 0.2081990 0.4188651
0.2657098 0.5042842 0.0682724 0.6663907 -0.2569323 0.5110983 -0.0983641 0.4542767 0.0468352 0.2692669 0.7290779 0.3425888 0.0044746 0.1800162 0.0807533 0.0000000 0.0514017 -0.2252135 0.7205414 0.0104825 0.4662136 0.0379390 0.5823806 0.0733994 -0.0030645 0.6879282 -0.0848748 -0.1929646 0.3968234 0.1390347 0.4200040 -0.2024495 0.2641430 0.4254917 0.1782985 0.3583867 0.3629388 0.0072753 0.3701068 0.2364184 -0.1781727 0.3530142 0.3214180 0.1470497 0.3391677 0.1161506 0.2479996 -0.2515415 0.5490250 -0.0612408 0.2228132 0.2915589 0.5049358 0.4560964 -0.2323700 -0.1353430 0.3511507 0.6353098 0.3043878 0.2286426 -0.1091742 0.2692702 -0.2582455 0.6223287 0.3108274 0.1313126 0.3004873 0.5902316 -0.3262345 0.5322223 0.2102488 0.6050971 0.3373017 0.4476437 0.2282387 0.3468742 0.5059633 0.1160978 0.3165658 0.0152494 0.1067327 -0.5707517 -0.2870315 -0.3504067 -0.5205880 0.1943828 -0.0828322 -0.5627808 0.3220911 -0.1651157 -0.1277729 -0.1330369 0.1365145 -0.4955427 -0.0249687 -0.1717594 -0.2664326 -0.2237726 0.1413330 -0.1928518 -0.3297596 -0.3004568 0.0612957 -0.2523503 -0.2886686 -0.0774639 -0.5252422 -0.1589422 0.0944595 -0.4537810 0.0768413 -0.3110992 -0.5304073 -0.3648525 -0.5110241 -0.3434656 -0.3043410 -0.4604072 -0.1850902 0.1788022 0.1357285 -0.0416656 -0.0056582 0.1641731 0.2056633 0.5271127 0.4018561 -0.2892511 0.3811973 0.2800966 0.1663108 0.0089404 0.5005862 0.0159473 -0.0443954 -0.0825510 -0.0405687 0.0001157 -0.0072160 0.2161818 -0.0994496 0.0200504 0.0835160 0.1650616 -0.2183568 0.0229987 -0.0771189 -0.1006144 -0.2148732 0.4024452 0.1640014 -0.1305649 0.0949405 -0.3462509 -0.0472171 0.1837368 -0.0496669 0.0340253 -0.2157952 0.2198678 0.1983994 0.2480921 0.1706479 0.0133398 0.4154567 0.1437740 -0.0667194 -0.2026862 -0.0490351 0.0879801 0.0187020 -0.0906745 0.2118701 -0.0845418 0.3923137 0.2895989 0.3281811 0.2804989 0.2528858 0.2133278 0.0975855 0.1739913 0.3257949 0.2141503 0.1221763 0.0635431 -0.1870104 -0.1718226 0.5515663 0.4618776 0.2555468 0.0849793 0.1756300 0.4664052 0.4782769 0.5937117 0.5660776 0.5895957 0.0880649 0.4567473 0.2183646 0.2490769 0.3703685 0.5308124 -0.3215270 0.0255257 0.1213287 0.4628843 0.2153945 0.5791229 0.5654531 0.5412963 -0.0206033 0.0776413 0.0017989 -0.0483195 0.5714999 -0.4078003
0.2172706 0.3394797 -0.4143579 0.0529582 -0.5065758 0.2488871 -0.2262413 -0.1927901 0.4341997 0.6017337 0.3398994 0.0465463 -0.3463664 0.4979709 0.2765394 0.0514017 0.0000000 -0.1834068 -0.1812139 -0.3746513 -0.1330909 -0.2532452 0.3551494 0.2952539 -0.3582648 0.0005396 0.5513192 0.1980026 0.2384732 0.6148214 0.0525692 -0.3278863 0.2759863 0.1738169 -0.1306186 0.0595372 -0.1508401 -0.2827618 0.2753356 -0.0527028 -0.3018341 0.0645962 -0.0732206 -0.0534807 -0.1135691 -0.2317481 -0.0952860 -0.2636963 0.2977187 -0.1143343 -0.0238818 -0.1737316 -0.0074949 -0.0030741 -0.4296209 -0.3815720 -0.2082623 0.1182915 -0.4586710 -0.0896722 -0.5294138 -0.0419654 -0.4000414 0.1147411 -0.3674286 -0.4046493 0.0405435 0.0395713 -0.2509474 0.1249662 -0.3125730 0.0892130 -0.0100839 -0.1427768 -0.2372707 0.1067873 0.0762308 -0.3403541 -0.2626119 -0.2808975 -0.4268056 0.0039507 0.0823022 -0.3107180 -0.0517454 -0.3783179 -0.2079843 0.2412266 -0.1947757 0.1514535 -0.2918333 -0.2386753 0.2585333 0.3975440 -0.1623311 0.0793583 0.4492776 -0.1837912 -0.0137388 -0.2776266 -0.0449977 -0.0816833 -0.1310016 -0.0999909 0.2961121 -0.0640378 0.0281280 0.0707601 -0.0196522 -0.1925283 -0.0137906 -0.0890024 0.0992020 -0.0832345 -0.2509857 -0.0310974 -0.0857485 -0.1521960 -0.0505733 0.1098759 0.2049486 -0.0932473 -0.2093758 0.1024830 0.0104791 0.1397647 0.0309214 -0.2893062 0.1002768 0.2814471 0.1918896 0.2545665 0.2262986 0.1524157 0.2373799 0.3967282 0.3306637 0.1630108 0.1935862 0.2031124 0.6410954 0.2013813 0.1268416 -0.0641332 0.2038246 0.4313386 0.2095725 0.1967483 0.5759216 0.1349431 0.1184022 0.2505166 0.2807900 0.5146212 0.2664852 -0.1446953 -0.1661300 0.2186982 0.1539480 -0.1905955 0.3878982 0.0937923 -0.1252453 -0.1598866 0.2784645 0.2977760 0.5390209 0.2594717 0.1768756 -0.0222955 0.4611349 0.5386846 0.5103095 0.2073709 -0.0747702 -0.3025009 -0.2547196 -0.2018841 -0.2989744 -0.1860943 -0.4101234 -0.1587788 -0.3524908 -0.3232725 -0.4921090 -0.4654913 -0.4030408 -0.3136846 -0.0811226 0.0632981 -0.0657423 -0.1223625 -0.0986221 -0.2488889 -0.0669468 0.0303613 0.0384145 -0.0297486 -0.2169007 0.1912718 -0.0179369 -0.3158002 0.2465544 -0.0763105 -0.3008788 -0.3520451 0.0993027 0.2506497 0.1670012 -0.2850002 0.1805894 0.3121898 -0.3637058 -0.1855704 0.1172226 -0.4115009 0.1188173 0.1963915
