0.0000000 0.4048550 0.4275463 0.3685289 0.1742633 0.1969197 0.3686364 0.4605244 0.4246088 0.3580252 0.2712746 0.3223467 0.2577049 -0.0358147 -0.0301223 0.3274043 0.5567769 0.0316242 0.5001508 0.4509506 0.1079290 0.5672969 0.3136875 -0.2217909 0.5516807 0.1054734 0.3654174 -0.2467386 -0.1444388 0.0761072 0.5304225 0.4326190 -0.3130169 -0.2008738 -0.0696973 -0.0290671 0.0768312 0.4067864 0.2971464 -0.0092086 0.5494827 -0.0368151 0.3143959 -0.2838089 -0.1855815 0.3422173 0.1001855 0.4222597 -0.2349065 0.4050723 0.0768418 0.1973341 0.0293281 0.0060025 0.3377185 0.2124220 0.1482072 -0.1530525 0.3221184 0.0467539 -0.1478884 0.0605132 0.1193833 0.1106461 -0.1327130 0.2635863 -0.1424135 -0.2975496 0.1009742 0.2703490 0.0515761 0.3763680 -0.1918197 0.1576782 0.3614036 0.1579145 0.3650499 0.1806491 0.0928448 0.4182783 0.1907654 -0.0173483 0.1122728 0.0460513 0.2019714 -0.0955341 0.1766054 0.3968072 0.1531788 0.4133603 -0.0318130 0.2230485 0.1880529 0.0048443 0.1928263 -0.0150109 -0.0758298 0.1851672 -0.1908532 0.2835130 0.3100879 -0.2179815 -0.2269755 0.0998898 -0.1865242 0.1047518 -0.2852157 -0.0743981 -0.2659011 -0.1955538 -0.2310135 -0.4071370 0.2308769 0.3477905 -0.2524643 0.2857290 0.4405949 -0.2951265 0.2596272 0.0144483 0.5074559 0.5134618 -0.0539365 -0.0018061 0.2417054 0.0577033 0.5827099 -0.1484189 0.4873324 0.3964124 0.4528857 0.3661602 0.4582961 0.2265244 0.2373300 -0.0498257 0.3770328 0.4910601 0.5522812 -0.0025010 0.1171874 0.2670877 0.0136055 -0.1326091 0.3148855 0.0880537 0.6141372 0.6550076 0.1106684 0.3727746 -0.3376880 0.0148750 0.4986219 -0.0480227 0.4749425 -0.1197506 -0.0587213 0.3748308 0.0722366 -0.3561111 0.4171506 0.1372096 -0.0322079 -0.2966133 0.4432308 0.1585955 -0.1080446 -0.1044590 -0.0855114 0.0471739 0.1233349 0.0566279 0.8360756 0.6659774 0.3653623 0.2539228 -0.0404931 0.0749391 -0.0228632 -0.1221902 -0.1044513 -0.1910310 0.0106109 0.0700204 0.4494179 -0.4248389 0.3026532 0.1910292 0.5212879 0.3795063 -0.2592342 0.3854324 0.3297457 -0.1926600 0.0280019 -0.0840285 -0.3280578 -0.0941647 0.3470736 -0.2582507 -0.2247492 -0.0113102 -0.5207428 -0.1751169 0.6347513 0.4222526 0.1464144 0.0164579 -0.0563209 0.0601976 -0.5001202 0.0157873 0.4748500 0.2938520 -0.0683281 0.2354157 0.3241556 0.2105483
0.4048550 0.0000000 0.5819270 0.7180025 0.2576305 0.7470108 0.8109956 0.5382134 0.7483821 0.0551315 0.1191089 0.6460452 0.4185411 0.6248364 0.5550537 -0.3017411 0.3407416 0.7448314 0.1635463 0.1117677 0.6297794 0.0730284 0.0972395 0.6382953 0.0209067 0.0987856 0.1870458 0.5793901 0.6192197 0.6275239 0.0636227 0.3045718 0.5508863 0.6394160 0.1171642 0.4348959 0.2036539 0.2451309 0.7452469 0.3615263 0.1507244 0.5809407 0.5071446 0.5857507 0.6117358 0.3856455 0.3478537 0.3486713 0.6056081 0.1215510 0.3974377 0.5668521 0.6950606 0.6511371 0.2179040 0.2163017 0.1507558 0.1609514 0.2924496 0.4301092 0.4897586 0.6181698 0.0944294 0.4953208 0.6635340 -0.2426990 -0.0840838 0.1280651 -0.1943271 0.2941495 -0.3620498 0.6052774 -0.1181253 0.4075891 0.2088264 0.2201670 0.7399349 0.3498712 0.3497920 0.5972788 0.6046021 -0.0476116 -0.2945039 -0.3148575 -0.0229065 -0.4663985 -0.2418550 -0.2971362 -0.4039329 -0.2944446 -0.4248860 -0.1981432 -0.4556847 -0.4299601 0.0027588 -0.1861513 -0.3867270 -0.2890712 -0.2616286 0.6387951 -0.2343755 -0.4510887 -0.4057860 0.0476788 -0.3235806 0.0091559 -0.4860204 -0.3691510 -0.3897621 -0.3049699 -0.2851105 -0.5109569 -0.2432379 -0.0406633 -0.1471832 0.0285665 0.0616935 -0.2418172 -0.1490010 -0.4992809 -0.0901618 0.1347258 -0.2723823 -0.4295549 -0.4309341 0.1380297 0.0305298 -0.3446332 0.1841567 -0.1123607 -0.1672862 0.0852405 -0.1154801 0.2922211 0.0607574 -0.3236808 -0.2546474 0.0053406 -0.0528964 -0.1687686 -0.1652813 -0.2152041 0.1266897 -0.2067125 -0.3695299 -0.2671251 -0.0330167 0.0738519 -0.1579841 -0.1023307 -0.4471985 -0.5192972 -0.1515382 -0.2231457 0.0131587 -0.1929419 -0.2902183 -0.1288376 -0.0845713 -0.4039199 0.1665464 -0.1497212 -0.1840549 -0.3834608 -0.0729096 -0.3743588 -0.4856309 -0.2437340 -0.2996234 -0.3421765 -0.1374977 -0.2665466 0.2823417 0.1821534 0.7556135 0.5697376 0.3766049 0.3953124 0.5129039 0.4465740 0.5151057 0.3538596 0.3328577 0.4856698 0.4805922 0.0316044 0.3343587 0.1640181 0.7430495 0.6696297 -0.2778070 0.7844183 0.5718474 -0.0852873 0.1068612 0.2323597 0.1305095 0.2691768 0.6115842 0.0295290 -0.0155431 -0.2022861 -0.4056582 0.1326117 0.1598022 0.2931767 -0.0292704 0.1811307 -0.1282237 -0.0700284 -0.4869048 0.4186158 0.1822361 0.4936040 0.3476931 0.1025849 0.3688041 0.1485200
0.4275463 0.5819270 0.0000000 0.6346063 0.4138506 0.4972557 0.4662640 0.5092707 0.8290121 0.2246484 0.2878588 0.6580540 0.7066501 0.0689534 0.5197756 0.0547692 0.4242348 0.2079283 0.3469457 0.6040879 0.2555231 0.4484995 0.4926537 0.2725126 0.5133176 0.2376204 0.5546163 0.1467757 0.3941976 0.5451714 0.6389743 0.7393151 0.1452765 0.2833474 0.3464312 0.0639499 0.3462310 0.6153872 0.6337261 0.5777398 0.6676015 0.3623386 0.4662366 0.3259821 0.3477898 0.5876610 0.4331330 0.7008918 0.2956428 0.4322392 0.3830231 0.5763380 0.5710288 0.5777033 0.6956049 0.4957741 0.4265789 -0.1210132 0.4208207 0.3530174 0.4176058 0.3436107 0.4356688 0.3798109 0.4372137 0.2545339 -0.0106129 0.1094744 0.3324530 0.4084841 -0.0374998 0.6584223 -0.0488986 0.5811603 0.3567598 0.4573010 0.6682511 0.5617524 0.6389325 0.7055461 0.8669853 -0.3171981 -0.0713766 -0.0231377 0.3474926 -0.2385925 0.1665737 0.0194566 -0.0177403 0.1290644 -0.0838739 0.1027248 -0.2439713 -0.3832222 0.5479687 -0.0972257 -0.4328040 -0.2524379 -0.0194612 0.5342455 -0.1815060 -0.3934524 -0.4449365 0.1582508 -0.4780736 0.2624767 -0.5084535 -0.3168218 -0.5391158 -0.3406070 -0.4208974 -0.5545442 -0.0349738 0.0525958 -0.2789450 0.1106318 0.3737259 -0.0866031 0.3269750 -0.3229992 0.4234383 0.4586300 -0.3170923 -0.0559753 -0.0947976 -0.4109950 0.4889312 -0.3502949 -0.0982593 0.4598360 0.4508856 0.1489430 0.5217015 0.5299021 0.2666713 -0.2529746 0.3778324 0.2838035 0.5093996 -0.1505999 -0.0031979 -0.0910081 0.2783653 0.0051062 0.1479292 -0.1108732 0.5145986 0.5281927 0.0398735 0.0591577 -0.6219976 -0.1585517 0.2650478 -0.1176427 0.3582030 -0.2266681 -0.2932693 0.1649342 -0.0490112 -0.6742588 0.3129746 -0.3053160 -0.1429703 -0.5880856 0.2566670 0.0234544 -0.4130890 -0.2582440 -0.3636974 -0.4267692 0.0497540 0.0468189 0.0544207 0.0548014 0.1126200 0.0807200 -0.1899763 -0.1072842 -0.1344281 -0.1446641 0.0216947 -0.1315587 0.2094965 0.2685158 0.5725437 0.1824628 0.6476415 0.5537572 0.4722300 0.3210396 -0.5179871 0.5355206 0.2191516 -0.6067234 -0.3411790 -0.4394485 -0.4836399 -0.1405986 0.8434917 -0.5538149 0.1909538 -0.3411297 -0.6339389 -0.1167891 0.6781856 0.8081211 -0.3717846 0.2983326 0.3598251 -0.1158621 -0.5558322 0.0159138 0.7435824 0.4100095 0.1397914 0.5337474 0.1991306 -0.1309734
0.3685289 0.7180025 0.6346063 0.0000000 0.4146698 0.7361778 0.3961574 0.7013362 0.8461410 0.2982212 0.4775886 0.4366385 0.5589485 0.5227863 0.2964395 0.0398225 0.5619576 0.5433482 0.2669108 0.1295013 0.4171250 0.2667726 0.3598065 0.3518751 0.1841004 0.2433084 0.1129164 0.1837753 0.5050505 0.5331359 0.1720230 0.3532105 0.2342140 0.4119500 0.2529929 0.4073853 0.1995638 0.5446467 0.6774488 0.3286084 0.2793204 0.5701301 0.3723289 0.2738726 0.4516587 0.5292504 0.4565577 0.6302052 0.3270332 0.4045721 0.4016164 0.4512245 0.5810672 0.6201622 0.5486760 0.5530420 0.3607373 0.0772896 0.1867347 0.4363883 0.4737284 0.6188314 0.3121289 0.3773006 0.5588019 0.0960783 0.1819240 0.4391965 0.0983412 0.4981998 0.0696765 0.6492157 0.3334072 0.4292524 0.3436196 0.5172156 0.5236314 0.6427959 0.6376100 0.3963854 0.6442248 0.2473800 0.1483762 0.0764013 0.1972714 0.0457307 0.0546772 -0.1609758 0.1273235 0.1126210 0.0352631 0.1827262 -0.0561008 -0.2947334 0.4168341 0.1643707 -0.0179275 0.1289632 0.1809160 0.7376233 0.1747805 -0.0117006 -0.0057319 0.3579394 0.0703850 0.3841753 -0.0801312 0.1161671 -0.0366194 0.1702865 0.1157818 -0.1407966 0.0673388 0.0527343 0.0576348 0.0592170 0.0866911 -0.0104244 0.0902844 -0.1534306 0.0746577 0.0707653 0.1765762 -0.2482494 0.0243314 -0.0848238 0.1670493 0.0893485 -0.0540417 0.2216437 0.0939613 0.4386340 0.1441601 0.4925034 0.3517783 0.1324244 0.1407285 0.1588894 0.1738645 -0.0245996 0.2318997 0.0965067 0.3588071 0.0334038 0.0829175 0.0746771 0.2566751 0.3885454 0.2966445 0.2484860 -0.2496258 -0.2127658 0.2253904 0.1978987 0.3880954 0.1120669 0.0992765 0.2969645 0.2683911 -0.3119453 0.5458382 0.0195243 0.2049685 -0.1568831 0.3393292 0.0931356 -0.0640259 0.1609133 0.0916821 -0.1741619 0.2956360 0.2160486 0.1075731 0.0649883 0.3275752 0.2188666 0.0740447 0.0425461 0.1888868 0.2024087 0.2220181 0.2819773 0.3735876 0.5354231 0.3914953 0.0217917 0.2545344 0.0870480 0.3143976 0.3775467 -0.2247577 0.3916512 0.1220673 -0.3026780 -0.1168497 -0.1366321 -0.0986964 -0.1643607 0.5391274 -0.1677339 -0.1395534 -0.0197575 -0.2942801 0.0221393 0.2300235 0.3498102 -0.1636579 -0.1250643 -0.1467714 -0.0432364 -0.3795052 0.0406204 0.2289503 0.2532925 0.1396534 -0.0050036 0.0105994 -0.0475856
0.1742633 0.2576305 0.4138506 0.4146698 0.0000000 0.3011393 0.0845150 0.5469829 0.4065853 0.2091432 0.2037942 -0.0273640 0.4148647 0.3604303 -0.1198277 0.0731891 0.4158446 0.4171990 0.1068336 -0.1111983 0.0163763 0.1920073 0.3465106 0.0219710 -0.0586126 0.1135971 -0.1653384 -0.0093491 0.0555225 0.1384788 0.0875045 0.0998344 0.0441262 0.0447086 0.2346097 0.2972894 -0.1091195 0.3029183 0.3024744 0.0380129 0.1488326 0.3817518 0.3338118 -0.0335480 0.3935426 0.2962341 0.1268703 0.3318973 0.0045616 0.0952716 0.1280438 0.3045236 0.1988300 0.2152346 0.3136627 0.2430979 0.0258783 -0.0568151 0.3618697 0.1510173 0.7076879 0.3981185 0.0750614 0.1908441 0.5095546 0.0072936 0.0852575 0.2969532 0.0925975 0.3591728 0.0598914 0.3520211 0.2164735 0.4815850 0.2702298 0.2467267 0.1827178 0.5339371 0.3011894 0.0173022 0.4269074 -0.0371353 -0.0175708 -0.1678714 -0.0401032 0.1578813 -0.2748205 -0.1043165 0.0601402 -0.0259845 -0.0065350 -0.0766287 -0.0799065 -0.1701832 0.2216846 0.0432071 -0.1644057 0.0316627 0.2394815 0.2640687 0.1594071 0.0671142 0.1197732 0.2840216 0.0017472 0.2689830 0.1601814 0.0788019 0.1027401 0.1716836 0.2275784 0.1974916 0.0957602 0.0642444 0.1393754 0.0638265 0.0144549 0.4352228 0.1700736 0.1148915 0.0323422 0.0134776 0.0980991 0.0500195 0.0789524 0.0636605 -0.0305974 0.0242559 -0.0506539 -0.0208833 -0.0800661 0.1742684 -0.0303830 0.3254246 0.0257246 0.1025173 0.0425101 -0.0385222 -0.0334488 0.0743742 0.0344182 0.0791368 0.1399454 0.4793824 0.0884679 -0.0017939 0.0094450 0.0809335 0.0376674 0.2452639 0.0514231 0.1924846 0.0439034 -0.0498745 0.3005921 0.0251992 -0.1011201 0.1104598 0.0215105 -0.0318140 0.1728376 0.1094909 -0.0527403 -0.0849252 0.1270131 0.0691841 -0.1628697 -0.0999698 -0.0554830 -0.1403857 0.0124427 -0.0127914 0.1634093 0.2938442 0.1242342 0.2629751 0.1874033 0.1607280 0.0452968 0.1617244 0.1695734 0.4050630 0.4941755 0.5060198 0.1019904 0.5174922 0.3070265 0.1713445 0.2355072 0.3607058 0.0608773 0.1061627 0.2523012 -0.0304514 0.1127931 -0.0383529 0.0572301 0.1961007 0.2546545 0.0128322 -0.1001597 -0.2205787 -0.3738393 -0.0762034 0.0457362 0.1994987 -0.0063710 0.1224484 0.0205549 0.3024988 -0.3602138 0.0754769 0.2117772 0.3785871 0.4008347 -0.1159785 0.1346792 -0.1499996
0.1969197 0.7470108 0.4972557 0.7361778 0.3011393 0.0000000 0.4822878 0.4293858 0.7756150 0.4881014 0.5253135 0.3541042 0.4356996 0.4596445 0.2463014 0.0400113 0.6330914 0.5806663 0.2036034 0.1350560 0.6117345 0.2471028 0.3901105 0.2958260 0.0321412 0.1447640 0.0600425 0.1691602 0.5864783 0.3660490 0.0919493 0.2593807 0.2170792 0.4058155 0.1276166 0.6511134 0.0415447 0.3400361 0.3533245 0.2107426 0.2832877 0.6552131 0.3598807 0.3107292 0.4444520 0.3564371 0.1892248 0.4934044 0.5766260 0.0544415 0.1932307 0.1813938 0.6757683 0.4788652 0.3095337 0.4237608 0.1323868 0.4520370 0.2291871 0.1779540 0.3829161 0.4392755 0.2948462 0.7057227 0.4893960 0.0770547 0.0686975 0.3532584 0.1139990 0.6429298 0.0452852 0.7169988 0.3296483 0.5725938 0.3990823 0.6525622 0.7214153 0.5960243 0.6393068 0.5648156 0.6278336 0.2905616 0.0965725 0.1087879 0.3725393 -0.0141044 -0.1951324 -0.0136783 0.0208126 0.1002118 -0.1277559 -0.1049858 -0.0492802 0.0116101 0.0079567 0.0907576 -0.0563789 0.0726538 0.0582739 0.8238040 0.1783919 0.0134285 -0.0224167 0.3903612 0.0424224 0.1551264 -0.0493880 0.0375854 -0.0112315 0.1387509 0.1560145 -0.1874515 0.1076676 0.2336835 0.1266811 0.2026861 0.1363332 0.0204340 0.1797055 -0.2454477 0.0181910 0.1117428 -0.0153995 -0.0025328 -0.0343109 0.0883316 0.0132186 0.0381773 0.1721178 0.0658661 0.0073816 0.2905124 0.0106793 0.2716510 0.2799769 0.0782149 -0.0136887 0.2507069 0.1488913 0.0487994 0.2581465 0.0664534 0.1693967 -0.1234963 -0.0336131 0.1249990 0.1799786 0.2852923 0.2315533 0.1832788 -0.1657653 -0.2784473 0.2348999 0.1326908 0.3186793 -0.0125458 -0.0630705 0.2639805 0.2143847 -0.2992497 0.4516581 0.1580155 0.1445742 -0.2032146 0.2602526 -0.0618866 -0.1237676 0.1347213 0.0524378 -0.0819195 0.2590359 0.1076672 -0.0230083 -0.2215237 0.4010444 0.2191772 0.1243016 0.0532436 0.3251448 0.1396683 0.1380233 0.4524345 0.5695039 0.7854207 0.6200986 0.0089141 0.2617187 0.1432793 0.3459557 0.2748487 -0.2973512 0.4594737 0.1244568 -0.3567045 -0.0425600 -0.0464977 0.0081412 -0.1746889 0.5543812 -0.0312079 -0.0387846 -0.0433411 -0.1882777 -0.0406135 0.2040168 0.3471139 -0.0023704 -0.1281963 -0.1706834 0.0051815 -0.2800975 0.1922211 0.1371202 0.2298846 0.1931484 -0.0572863 0.2561675 0.2992462
0.3686364 0.8109956 0.4662640 0.3961574 0.0845150 0.4822878 0.0000000 0.2897547 0.5305518 -0.2164073 -0.1958997 0.8113671 0.2475841 0.2946393 0.6169674 -0.3812433 -0.0280977 0.5026487 0.1133102 0.1460583 0.6576408 -0.0080390 -0.0062401 0.5967087 0.0561085 -0.0795479 0.3305063 0.6059767 0.4908971 0.5883331 0.0395196 0.1972093 0.5492105 0.5549087 0.0105611 0.2835200 0.1780108 0.0905334 0.5620095 0.3971226 0.0884711 0.4083635 0.2817303 0.5619778 0.5145300 0.3519002 0.1876089 0.1479514 0.5546352 0.0186946 0.2150607 0.4358694 0.5519542 0.4425662 0.0258780 0.0784812 0.0899944 -0.0293560 0.3464273 0.2337779 0.4068953 0.3199991 -0.0716678 0.3710405 0.5126413 -0.2370374 -0.2766969 -0.0463701 -0.1383220 0.0991090 -0.4394930 0.4438986 -0.3588938 0.2997784 0.0920713 -0.0322711 0.6629510 0.0629686 0.0970247 0.5119697 0.4257708 -0.2336705 -0.5056490 -0.5280718 -0.0859112 -0.5867258 -0.0887877 -0.2540004 -0.5625378 -0.3754990 -0.4794498 -0.2402219 -0.5502277 -0.4536518 -0.0754556 -0.2842835 -0.4839853 -0.3950497 -0.4543944 0.4650845 -0.3073764 -0.6034562 -0.5481625 0.1440943 -0.4802700 -0.0064704 -0.6966749 -0.6691103 -0.6119735 -0.6090170 -0.5360938 -0.6902454 -0.4597366 -0.1535246 -0.4492638 -0.1370517 0.0124663 -0.4689992 -0.3213829 -0.5393516 -0.0901401 0.1754136 -0.4420525 -0.3231159 -0.6308561 0.2124666 0.0785570 -0.4988879 0.1529279 -0.1197908 -0.1561818 -0.0480991 -0.0073019 0.1929563 -0.0355213 -0.5730749 -0.3680146 -0.1057970 -0.0455692 -0.0556972 -0.3937657 -0.3169726 0.0116635 -0.1892592 -0.5370276 -0.3937964 -0.0511741 0.0057359 -0.3411914 -0.1847484 -0.3701060 -0.5034884 -0.1980273 -0.4511105 -0.0128478 -0.4433244 -0.3805088 -0.3403474 -0.2458480 -0.3082871 -0.0142326 -0.1614951 -0.3316915 -0.4019656 -0.1489372 -0.4819041 -0.5832498 -0.4637632 -0.4466698 -0.2657253 -0.3147560 -0.3700598 0.3399691 0.1521846 0.8333298 0.7377334 0.5577606 0.5372764 0.6430785 0.5028316 0.6223171 0.2171104 0.1008915 0.2400054 0.4553322 0.0207016 0.3025797 0.1492143 0.8455043 0.8191525 -0.1487938 0.8252553 0.7006486 0.1063491 0.2801214 0.4313837 0.2000878 0.4064408 0.5374936 0.0956298 0.0903349 -0.2537764 -0.3538456 0.3048041 0.1890959 0.2778063 0.1060516 0.3951380 -0.1489465 -0.0865837 -0.3898314 0.6684150 0.0981348 0.4707344 0.4747978 0.2816339 0.2900391 0.2427176
0.4605244 0.5382134 0.5092707 0.7013362 0.5469829 0.4293858 0.2897547 0.0000000 0.5658565 0.3759077 0.5769991 0.0721891 0.6733322 0.4285589 -0.1124982 0.3182343 0.5367444 0.4451735 0.6836017 -0.0025709 0.0155451 0.1752953 0.4427535 0.0794581 0.3762990 0.4987179 -0.1603591 -0.0067417 0.0476938 0.2880871 0.1042835 0.4541403 0.0187346 0.0779436 0.3958543 0.1910151 0.2616530 0.6740780 0.5750056 0.1930672 0.2148598 0.3175443 0.7318329 0.1139966 0.2926736 0.6950745 0.6382838 0.6125045 0.0893549 0.5349328 0.6206280 0.6117917 0.2536043 0.4101717 0.4893853 0.5836302 0.4630053 -0.0085492 0.5618195 0.6083025 0.5063926 0.7390351 0.1601742 0.3489436 0.4526170 0.1865691 0.3982142 0.0656053 0.1948270 0.4177285 0.1963340 0.6167959 0.2205473 0.5299728 0.5201429 0.3422291 0.5013769 0.5912192 0.3807135 0.3448023 0.5237022 0.0845254 0.1444912 -0.0901590 0.1126471 0.1339026 -0.1833354 -0.1702362 0.0732315 0.0465391 0.0047037 0.1195498 0.0684642 -0.3437753 0.3850180 0.1879161 -0.1067202 0.1592372 0.4609752 0.4309875 0.1266327 0.0191065 0.1738466 0.2179066 0.0374361 0.3744296 -0.0062671 0.2551553 0.0603858 0.1809626 0.1789609 -0.0495252 0.3023675 0.1823584 0.2150384 0.2259525 0.1262920 0.1118656 0.1038098 -0.1390468 0.0805359 0.1631831 0.2073888 -0.2970858 0.0582427 0.0848880 0.2228785 0.0864740 0.2021405 0.1439451 0.0890102 0.3123514 0.1184606 0.4316896 0.2043338 0.1175337 0.1876792 0.2967340 0.2402128 -0.0123730 0.0943379 0.2262185 0.3683459 0.2424214 0.2202055 -0.0492865 0.2476919 0.3776793 0.1778911 0.3582718 -0.1897080 -0.0422680 0.2703344 0.0461714 0.3412813 0.2463379 0.1468294 0.2813131 0.1781226 -0.1117722 0.4377832 0.2350115 0.2001396 0.0947098 0.3115555 0.1857095 -0.0500472 0.0687392 0.1084456 0.0807200 0.2000081 0.0885522 0.2337285 0.3199357 0.4105696 0.3926778 0.2359916 0.4480362 0.0504728 0.3127603 0.3844521 0.2746126 0.5013162 0.3944409 0.4564442 0.1995125 0.3488236 0.1991019 0.5601192 0.5689724 -0.2011811 0.3381144 0.3322235 -0.1639805 0.0518799 -0.0363887 -0.0206873 0.2089870 0.5653870 -0.0517860 -0.1311196 -0.3098989 -0.3156908 -0.0380824 0.1821459 0.3502781 -0.0409256 0.1305818 -0.0434021 0.1568320 -0.3714410 0.0187581 0.3057524 0.6773455 0.4812556 0.0244079 -0.0051106 -0.1951455
0.4246088 0.7483821 0.8290121 0.8461410 0.4065853 0.7756150 0.5305518 0.5658565 0.0000000 0.4135902 0.4420292 0.6046068 0.5484453 0.3530630 0.4361015 -0.0273585 0.6294473 0.4781080 0.2316487 0.3662858 0.4726284 0.3343745 0.3919302 0.2871022 0.2455164 0.1106038 0.3155152 0.1440874 0.5488569 0.4737544 0.3368213 0.4481862 0.1629389 0.3919657 0.1759939 0.3801902 0.1217258 0.4939113 0.6220230 0.3769171 0.4239420 0.6047625 0.3964681 0.2939603 0.4869530 0.4678828 0.2935359 0.6246269 0.4611487 0.2971887 0.2529883 0.4147087 0.7196236 0.5973334 0.5228548 0.4313649 0.2397666 0.2045204 0.2245237 0.2547648 0.4924347 0.4401465 0.2554855 0.5830133 0.5671715 0.1093776 -0.0577354 0.3002191 0.0916275 0.5693246 -0.0793491 0.8310694 0.1257301 0.5950859 0.2459864 0.5632657 0.7115610 0.5564542 0.6780799 0.6206804 0.7135567 0.0056684 -0.0240045 0.0101136 0.3036668 -0.1888329 -0.0351894 -0.0745227 -0.0118096 0.1230283 -0.1755871 -0.0028223 -0.2252459 -0.3344164 0.2936750 -0.0986917 -0.2895221 -0.1143513 -0.0593757 0.7843186 0.0219907 -0.2824223 -0.2954123 0.2946763 -0.2587429 0.2293409 -0.3355518 -0.1456550 -0.3596213 -0.1285817 -0.1587267 -0.3949094 0.0593828 0.1949156 -0.1291498 0.1856718 0.3132004 -0.1313785 0.2618219 -0.3315267 0.2860994 0.3505040 -0.2065112 -0.1354553 -0.0947808 -0.2818736 0.3651433 -0.2290283 -0.1661666 0.3375855 0.2606946 0.2230178 0.3084573 0.3872350 0.2197980 -0.1156454 0.1970404 0.1359614 0.3307600 -0.1355734 0.0900544 -0.1170950 0.1570165 -0.0729633 0.0405526 -0.0136814 0.3748177 0.4819537 0.0939788 0.0200212 -0.5053820 -0.3174766 0.2330196 -0.0331351 0.3962801 -0.1837038 -0.2700075 0.2129261 -0.0072804 -0.5961432 0.4684700 -0.2215212 0.0097721 -0.5203202 0.2590077 -0.0315152 -0.3393815 -0.1451019 -0.2463131 -0.4028513 0.0802698 0.0050895 0.0780477 -0.0195880 0.2706177 0.1336449 -0.0455394 -0.0594554 0.1192018 0.0279247 0.1047184 0.1381365 0.2904908 0.4776432 0.4977863 0.0753329 0.4005000 0.2704195 0.4477309 0.3563486 -0.4501947 0.4975854 0.1062093 -0.5129831 -0.2778364 -0.3008670 -0.3236875 -0.2789615 0.6826117 -0.4087170 -0.1212071 -0.2537938 -0.4779165 -0.0709422 0.4143469 0.5250414 -0.3390975 -0.0663834 -0.0073654 -0.1555534 -0.4434408 0.1013748 0.4092723 0.2433985 0.0839785 0.1199614 0.1971416 -0.0355131
0.3580252 0.0551315 0.2246484 0.2982212 0.2091432 0.4881014 -0.2164073 0.3759077 0.4135902 0.0000000 0.8754678 -0.2929126 0.2965684 0.0064383 -0.4920378 0.6235264 0.8695066 -0.0026855 0.5140560 0.2781473 -0.0042909 0.4037612 0.5245780 -0.5857028 0.3275690 0.2909257 -0.0933561 -0.6608869 -0.1166015 -0.3513850 0.2435266 0.2423829 -0.6344832 -0.3776803 0.0144890 0.2805571 -0.1417439 0.3615573 -0.1380896 -0.2600490 0.3902889 0.1671541 0.3064815 -0.4706053 -0.1780544 0.2025315 -0.0200035 0.4358585 -0.0469694 0.0996210 -0.0610762 -0.2065359 0.1087410 -0.0843790 0.2803047 0.3223686 0.0735855 0.5655739 0.1733413 -0.1393792 -0.0835604 0.0311659 0.2227551 0.6390383 -0.0943798 0.4763596 0.2357780 0.0764328 0.2785865 0.7670005 0.4922783 0.6512073 0.4644140 0.5075320 0.4364846 0.7442359 0.3894821 0.4716010 0.5464903 0.3555426 0.1852290 0.3258484 0.4410082 0.4611333 0.6102387 0.3752610 -0.1407317 0.4231945 0.4890577 0.6147211 0.1089912 0.0338519 0.4941674 0.4208185 -0.0321517 0.1420752 0.1679994 0.4119768 0.3069035 0.4059471 0.4789155 0.2897692 0.2653113 0.3225939 0.1841950 0.0769553 0.3337003 0.5528367 0.2444681 0.4695434 0.4043581 0.1198295 0.8258407 0.8177026 0.4662804 0.7301566 0.6070399 0.2440000 0.7547169 0.1741494 0.5421493 0.4911131 0.1055781 0.3280350 0.5598840 -0.1288368 0.4677803 0.2123284 0.1975218 0.4438495 0.4916713 0.2743120 0.3447205 -0.0596498 0.2506433 0.3542828 0.4846772 0.5546485 0.5672435 0.0583267 0.4521950 0.3914737 -0.0204190 -0.0724912 0.5767601 0.3569563 0.5716888 0.6396730 0.4266915 0.4140250 -0.0342448 0.1388134 0.6813089 0.2871292 0.6002622 0.1489721 0.0919476 0.6280737 0.2656037 -0.2048343 0.6080801 0.2791752 0.3453985 -0.0424072 0.5412125 0.3886247 0.2114785 0.2899002 0.2453661 0.1424725 0.4221887 0.3170261 0.0347450 -0.1462584 -0.1859190 -0.3467851 -0.3832734 -0.2978719 -0.3004501 -0.4414123 -0.4852940 0.0098722 0.3319953 0.4061512 0.4468711 -0.1305530 0.1543339 0.1445409 -0.0373214 -0.2269100 -0.3865862 -0.1284354 -0.3965299 -0.5861387 -0.3025584 -0.5015135 -0.4185140 -0.5844879 0.2623508 -0.3410061 -0.3825700 -0.0962615 -0.1138754 -0.4775327 0.3356577 0.2704387 -0.1295655 -0.4415668 -0.1363998 0.0133643 -0.0775337 -0.3605229 0.2606034 0.0277500 -0.2574747 -0.1766322 0.0094335 0.1016205
0.2712746 0.1191089 0.2878588 0.4775886 0.2037942 0.5253135 -0.1958997 0.5769991 0.4420292 0.8754678 0.0000000 -0.2907856 0.4633981 0.1253127 -0.4528680 0.6936060 0.8210829 0.1238702 0.6386252 0.1593412 -0.0378397 0.3132681 0.5357797 -0.4100698 0.4127894 0.4225988 -0.2072305 -0.5350089 -0.0344183 -0.1828546 0.1816626 0.3685156 -0.4829185 -0.2507093 0.1695883 0.3111508 -0.0064610 0.6093963 -0.0019383 -0.0964306 0.3650724 0.2424685 0.4016071 -0.3032447 -0.1144392 0.3749141 0.2516076 0.6114225 -0.0233836 0.4159281 0.1974813 0.0182235 0.1520675 0.1090168 0.4915721 0.5722583 0.2823884 0.3650084 0.2449050 0.1241873 0.0131248 0.2958343 0.3513271 0.5036546 0.0112902 0.4986430 0.4077262 0.2008172 0.4143386 0.7104413 0.5469786 0.6507002 0.5864997 0.5229935 0.5456570 0.7390865 0.4046566 0.5526094 0.5853956 0.3397666 0.3261055 0.4442382 0.5991416 0.5543766 0.6454694 0.5652921 -0.0265250 0.2649842 0.5815913 0.5551933 0.2870650 0.2176283 0.5566850 0.3006977 0.2212109 0.3679264 0.3199563 0.5151990 0.6203540 0.5187597 0.5355777 0.4905865 0.4897738 0.4282780 0.3783611 0.2904380 0.4347473 0.6980888 0.4074384 0.6027722 0.5458859 0.2217898 0.7021633 0.5808669 0.4511911 0.5016407 0.3610937 0.2281211 0.5285721 0.1287975 0.3306606 0.2445167 0.3754603 0.1959185 0.5251353 -0.0888850 0.3234202 0.4229257 0.1985091 0.4182253 0.4181175 0.3643834 0.3259630 0.1835181 0.3419142 0.5084364 0.4893834 0.5884690 0.5516444 0.1199548 0.5423349 0.4706377 0.2181752 0.0565332 0.5840049 0.4453930 0.5635537 0.6376927 0.5622430 0.5258767 0.0188299 0.1238787 0.6838697 0.4733598 0.5632260 0.4055384 0.3343894 0.6593140 0.4402897 -0.1166106 0.7032710 0.3898688 0.5546475 0.1717710 0.6336549 0.5204368 0.4016969 0.4752864 0.4319483 0.3044940 0.5978975 0.4914604 -0.0915418 -0.1591111 -0.1061575 -0.2232948 -0.2897480 -0.1772291 -0.2738520 -0.2446382 -0.2939848 0.1407593 0.5388681 0.4955750 0.5242193 -0.0836492 0.1424758 0.1581878 -0.0124446 -0.1233607 -0.3112043 -0.0793973 -0.3702010 -0.5463911 -0.2461342 -0.4465918 -0.3345219 -0.5042557 0.3766994 -0.2588154 -0.1993868 -0.0320825 -0.0125277 -0.3497944 0.3054065 0.3152794 -0.0580127 -0.3794961 -0.0520690 0.0965116 -0.0363371 -0.3839758 0.2554034 0.1435525 -0.0443858 -0.1332723 -0.1910063 -0.0579024
0.3223467 0.6460452 0.6580540 0.4366385 -0.0273640 0.3541042 0.8113671 0.0721891 0.6046068 -0.2929126 -0.2907856 0.0000000 0.2373931 0.0566860 0.8636450 -0.4386134 -0.0961294 0.2210809 -0.0809283 0.4124962 0.6372823 0.1863059 0.0220465 0.5973022 0.1654882 -0.1848638 0.6595269 0.5378442 0.5969696 0.6600550 0.3197563 0.3036647 0.4956430 0.5699860 0.0031838 0.1380707 0.2411323 0.1098495 0.5914176 0.5727166 0.2774531 0.3775120 0.0324226 0.5510427 0.4537793 0.2728657 0.1366724 0.2095774 0.4914833 0.1023473 0.1015750 0.3784891 0.6133977 0.5173472 0.1867594 0.0730172 0.1417527 -0.1542354 0.1232397 0.1335086 0.2855357 0.0995481 0.0601550 0.1852498 0.3869070 -0.1305808 -0.3900949 0.0419470 -0.0797494 -0.0121061 -0.4204725 0.3472660 -0.3664137 0.1224955 -0.0816308 0.0079448 0.5147639 0.0533122 0.2624055 0.5328598 0.5010498 -0.3824777 -0.4500380 -0.3433244 -0.0387918 -0.6091661 0.2470696 -0.0967517 -0.3945546 -0.1612270 -0.2921176 -0.0111114 -0.5340967 -0.5142496 0.2359769 -0.2790039 -0.4536789 -0.4466642 -0.5232875 0.4314462 -0.3450238 -0.6630913 -0.7277987 0.0303583 -0.5553104 0.1099821 -0.8049924 -0.7538812 -0.7535160 -0.7012040 -0.6905463 -0.7573813 -0.4815363 -0.2633995 -0.6016362 -0.1913829 0.1153220 -0.4276639 -0.1228908 -0.3900717 0.1593248 0.2615964 -0.4808379 -0.1451781 -0.4552923 -0.1315024 0.2851311 -0.5030615 -0.1350895 0.2056368 0.1405763 0.0109877 0.2802653 0.3831472 0.1017923 -0.5318904 -0.0438781 -0.0936463 0.1325633 -0.0580738 -0.2563331 -0.3204904 0.0740561 -0.1739014 -0.3209930 -0.2937339 0.1642963 0.1803607 -0.2102658 -0.1999644 -0.4982099 -0.4021921 -0.0954139 -0.3089153 0.0594561 -0.5144624 -0.3743254 -0.2049857 -0.1945806 -0.5022025 0.0214971 -0.4138281 -0.3501882 -0.5929917 -0.0612400 -0.3607994 -0.5456954 -0.4040866 -0.4843152 -0.4744237 -0.2228530 -0.1887824 0.2179602 0.0661225 0.4333102 0.3752385 0.1867090 0.0601526 0.3886871 0.1739696 0.2817907 -0.0754868 -0.1375865 0.0679537 0.3355555 -0.1213641 0.2974672 0.1577086 0.5213672 0.5048654 -0.2022980 0.7260489 0.4569822 -0.1449224 0.0041270 0.0893067 -0.1070821 0.0598948 0.5407030 -0.2120652 0.2026398 -0.1615413 -0.3786341 0.2982897 0.3764298 0.4251170 -0.1460816 0.3207055 0.0445938 -0.3216741 -0.3433266 0.5019419 0.2717285 0.1232655 0.1451857 0.4594569 0.2596999 0.1422988
0.2577049 0.4185411 0.7066501 0.5589485 0.4148647 0.4356996 0.2475841 0.6733322 0.5484453 0.2965684 0.4633981 0.2373931 0.0000000 0.0900597 0.0775311 0.3800083 0.4107913 0.2100141 0.6300794 0.4416585 -0.0024831 0.4252610 0.7940647 0.0335341 0.5712961 0.7539046 0.3082423 -0.0484822 0.0697516 0.5364063 0.5318373 0.7483494 -0.0427952 0.0341226 0.7263636 0.0018236 0.6707858 0.8157927 0.5607187 0.5099109 0.5729243 0.1849504 0.6276513 0.1689606 0.1626957 0.8676919 0.8094343 0.8415940 0.0983099 0.5316410 0.7298269 0.6339615 0.2485910 0.5211345 0.7766569 0.8328802 0.8112314 -0.0784528 0.7155574 0.6790715 0.4344809 0.5384450 0.7170848 0.3530291 0.3137800 0.5247034 0.6116798 0.2324226 0.5913762 0.5263700 0.4784424 0.5682115 0.3789508 0.6483272 0.7232504 0.5806776 0.5135220 0.7963856 0.6260548 0.4056473 0.8168249 0.0644425 0.2829982 0.2271081 0.5209198 0.2119793 0.2714867 -0.1268581 0.2804654 0.1783577 0.3159311 0.3832366 0.1476358 -0.2379378 0.6568420 0.3631304 -0.0318209 0.1620121 0.4000848 0.4172726 -0.0703822 0.0284672 0.0542759 0.3653855 -0.0342972 0.4809886 -0.0491746 0.1514847 -0.0590157 0.1435191 0.0003178 -0.1044205 0.1255200 0.0730008 0.1164760 0.1692477 0.2029474 0.0602886 0.2617678 -0.1094033 0.2221300 0.2309716 0.1144901 -0.2589233 0.0717645 -0.0258792 0.3161295 0.0842183 0.1737272 0.3416744 0.3503742 0.4224956 0.3643697 0.4127905 0.5269150 0.0938027 0.3265922 0.4539930 0.4458942 -0.0106783 0.2146061 0.1554779 0.6344684 0.1370848 0.2611965 0.0245442 0.4188655 0.4463839 0.2828409 0.2878685 -0.1923909 0.1153569 0.3560623 0.1431353 0.4297758 0.2227952 0.1871547 0.3164509 0.2667938 -0.1496411 0.4703289 0.1615999 0.2482018 0.0055943 0.4003711 0.3421724 -0.0123626 0.0873603 0.0976231 0.0750368 0.3463418 0.2649803 -0.1177758 -0.1198015 0.1414998 0.1281311 -0.0180350 0.1450567 -0.1424598 0.0774750 0.1803951 0.0094249 0.4044186 0.2707535 0.6814111 0.3791614 0.6868336 0.5117565 0.3738015 0.3486058 -0.2507535 0.2228438 0.1156130 -0.3350470 -0.1055502 -0.2241458 -0.0773184 0.0794711 0.7048441 -0.1124383 0.3848159 -0.0660690 -0.2191476 0.0965906 0.4949032 0.7339237 -0.0743273 0.3226114 0.4513602 0.3100064 -0.2446911 -0.0064316 0.5927808 0.6386370 0.3276684 0.4912131 -0.0221764 -0.0504285
-0.0358147 0.6248364 0.0689534 0.5227863 0.3604303 0.4596445 0.2946393 0.4285589 0.3530630 0.0064383 0.1253127 0.0566860 0.0900597 0.0000000 0.1177127 -0.3191127 0.1843450 0.9380163 -0.1233894 -0.5558719 0.4773542 -0.4969350 -0.2713410 0.5858823 -0.5430323 0.0886057 -0.4962400 0.5791910 0.5829128 0.3875291 -0.5351600 -0.1880978 0.5759615 0.6635008 0.0822973 0.5661909 -0.0280251 -0.0645211 0.6108154 0.1367916 -0.3479734 0.6479185 0.3948242 0.4935976 0.7428760 0.0259593 0.1740510 0.0090707 0.5392217 -0.0664957 0.2814538 0.4537631 0.5581709 0.6215512 -0.0279771 -0.0638409 -0.1043940 0.3713693 0.0222532 0.3902248 0.6087882 0.7637424 -0.1774774 0.3497619 0.7762165 -0.4379674 0.1196821 0.4626501 -0.4503365 0.1700885 -0.2969197 0.3693648 0.2097921 0.2878973 -0.0225619 0.0577739 0.3496959 0.0985802 0.1200652 0.1149227 0.2059039 0.0476146 -0.3227186 -0.2828121 -0.3377952 -0.1617305 -0.5821831 -0.4023455 -0.2970587 -0.4255079 -0.3951244 -0.3379651 -0.4042220 -0.1991195 -0.2613057 -0.1960580 -0.1621354 -0.2192327 0.0437096 0.2718093 -0.1401190 -0.0747132 -0.0033559 -0.1077267 0.0418346 -0.2079562 0.0897911 0.0284562 0.1510176 0.1336438 0.2300335 0.0596869 -0.0741069 -0.0069962 0.3148798 0.0784380 -0.1116701 0.2429624 -0.2537761 -0.1470787 -0.3824847 -0.2117013 -0.0115229 -0.4457977 -0.3631737 0.2775681 -0.3338622 -0.0746541 -0.1130212 -0.5124590 -0.6103912 -0.2056232 -0.6581898 0.0153940 -0.3324355 -0.1099908 -0.5381091 -0.3810815 -0.5821821 0.0008869 -0.2335468 -0.1340261 -0.0872889 0.0525566 -0.4465178 -0.3248615 -0.5247866 -0.3949516 -0.1933595 -0.1363467 -0.0033732 -0.3783264 -0.4629992 -0.1275698 -0.3237800 0.0370851 -0.1193142 -0.3251575 -0.0827169 0.0160222 -0.0937069 -0.1530643 -0.1242113 -0.0036971 -0.3811712 -0.4529874 -0.2552542 -0.0441714 -0.0770904 -0.3393862 -0.2379443 -0.3179472 0.0632065 0.1415257 0.5513044 0.4549018 0.4994185 0.4054426 0.5723643 0.5605264 0.4347386 0.5787386 0.3364171 0.4437254 -0.0148751 0.2573390 0.0093065 -0.1026472 0.2973134 0.4515444 0.1404669 0.4238366 0.3450169 0.1430241 0.2756876 0.3047084 0.3937569 0.3048402 0.1630008 0.3018812 -0.3363041 -0.2233516 -0.0387043 0.0612198 -0.4488641 -0.3065507 -0.0797927 -0.2446599 -0.4307639 -0.1503429 -0.1432092 0.2539551 -0.2912596 0.2118257 0.2602860 -0.5375719 -0.0976325 -0.2250907
-0.0301223 0.5550537 0.5197756 0.2964395 -0.1198277 0.2463014 0.6169674 -0.1124982 0.4361015 -0.4920378 -0.4528680 0.8636450 0.0775311 0.1177127 0.0000000 -0.6253718 -0.3010484 0.2245006 -0.3087759 0.2736323 0.4996044 -0.0018266 -0.1893501 0.7798500 -0.0258324 -0.2794979 0.5140000 0.7116537 0.6902485 0.6255057 0.1529547 0.1975065 0.7124298 0.7198975 -0.0417420 0.0749119 0.1765048 -0.0583956 0.5090166 0.5471715 0.0663597 0.3617147 -0.0604095 0.7410171 0.5119960 0.0412377 0.1060372 0.0193540 0.5865314 -0.0023275 0.1092296 0.3755633 0.6090661 0.5462328 0.0467805 -0.0943235 0.0216153 -0.1512864 -0.0838911 0.1583218 0.2724919 0.1265295 -0.0143094 0.0369714 0.4197007 -0.3607609 -0.4173077 0.0872141 -0.2413715 -0.2055615 -0.5929865 0.0969266 -0.4098199 -0.0572751 -0.3279067 -0.1070103 0.3308444 -0.0602571 0.1900881 0.4254296 0.4198905 -0.3963584 -0.4910923 -0.3807029 -0.2295999 -0.6966715 0.0964866 -0.3342472 -0.5516193 -0.4311077 -0.3730804 -0.1815974 -0.6957896 -0.6206364 0.1467059 -0.3799835 -0.5013640 -0.6203839 -0.5368263 0.2615778 -0.5717654 -0.6577358 -0.7032214 -0.2274350 -0.5595204 -0.0448624 -0.7627763 -0.7624013 -0.7043250 -0.6964777 -0.6841380 -0.6379512 -0.6433646 -0.4953418 -0.5384031 -0.3602369 -0.1215708 -0.3740465 -0.2623457 -0.5248613 -0.1083204 0.0108627 -0.4927325 -0.2428392 -0.5753504 -0.2459238 -0.0212010 -0.5268660 -0.2825389 -0.0037801 -0.0838197 -0.2051520 0.0338619 0.3360834 -0.0811648 -0.5155082 -0.1947836 -0.3080568 -0.1309087 -0.2460792 -0.3352410 -0.5231679 -0.0150201 -0.1866192 -0.4536562 -0.2931305 -0.1276357 -0.1396204 -0.3674043 -0.4637193 -0.5249340 -0.4662026 -0.4091009 -0.3187777 -0.2806027 -0.3844865 -0.4599753 -0.3850871 -0.3391658 -0.4716468 -0.2014182 -0.5786146 -0.3514583 -0.5549266 -0.3312706 -0.4287530 -0.5670570 -0.4373832 -0.5660637 -0.5983366 -0.3501561 -0.3235366 -0.0541074 -0.0595500 0.2670662 0.2194404 0.0780010 -0.0223710 0.2925392 0.1997812 0.3206034 -0.0125920 -0.1222978 0.0214169 0.0709177 -0.0273181 0.1660427 0.1088009 0.3396984 0.2603961 -0.2227245 0.6056540 0.3483193 -0.0803238 -0.1249756 0.0730999 -0.0391526 0.1153315 0.3934009 -0.1718844 0.3128904 -0.1351420 -0.2898055 0.3080680 0.1424018 0.2547407 -0.2445975 0.3393476 0.1859700 -0.3277473 -0.2724497 0.3610351 0.1576106 0.0241267 0.0886535 0.3689477 0.2951294 -0.0370502
0.3274043 -0.3017411 0.0547692 0.0398225 0.0731891 0.0400113 -0.3812433 0.3182343 -0.0273585 0.6235264 0.6936060 -0.4386134 0.3800083 -0.3191127 -0.6253718 0.0000000 0.4739027 -0.3187616 0.7686198 0.2371062 -0.3744659 0.3987696 0.6885654 -0.6662815 0.6251494 0.5993687 -0.1466040 -0.7307438 -0.3960985 -0.2039901 0.3519526 0.4803242 -0.6581159 -0.5379099 0.3385534 -0.1183735 0.2401391 0.6721490 -0.2497569 -0.0049787 0.5509734 -0.2099670 0.2774768 -0.4843287 -0.4758601 0.4633171 0.3006707 0.6065650 -0.3539696 0.5610386 0.2327381 0.0007753 -0.2705211 -0.1427553 0.5136507 0.6145152 0.4887945 0.0610770 0.4873471 0.1403064 -0.2669699 0.0669942 0.4605792 0.1204696 -0.4302225 0.8277800 0.5705512 0.0746753 0.7104861 0.5290271 0.8387685 0.1919436 0.5760980 0.3425030 0.6647622 0.5841355 0.0972231 0.3447710 0.2523384 0.1553234 0.1018680 0.3513063 0.6558492 0.5951478 0.5808662 0.6876004 0.2162211 0.4735325 0.7088766 0.6558773 0.5059808 0.3627045 0.7480676 0.5092029 0.3221140 0.4073337 0.4018265 0.6175766 0.5940547 -0.0394210 0.5589232 0.5685930 0.5694288 0.3433869 0.3950831 0.1898617 0.5184322 0.6513517 0.4508801 0.4895858 0.4428961 0.2636418 0.6266997 0.4834573 0.3167600 0.3926124 0.2922928 0.1278931 0.4498706 0.3117792 0.3309580 0.2288436 0.4308972 0.2603705 0.5941751 0.0521431 0.3239060 0.4516178 0.3822460 0.3571747 0.4384436 0.3215949 0.3540232 0.0751463 0.2689304 0.4900791 0.5193083 0.6707228 0.5702335 0.2658905 0.4299659 0.5769912 0.0822049 0.1898950 0.7048524 0.4621876 0.5783382 0.5504222 0.3834207 0.5967402 0.2165390 0.5233923 0.7297811 0.3201662 0.4475210 0.4830009 0.3875843 0.6124668 0.2789339 0.1637963 0.5000489 0.5461505 0.5653389 0.3894932 0.5870475 0.6876960 0.4984522 0.3480638 0.4029817 0.5591519 0.4966744 0.4045038 0.0988847 0.0015156 -0.2475352 -0.2173244 -0.2917351 -0.1087590 -0.4477073 -0.3389584 -0.4125609 -0.1472389 0.2828140 0.0900689 0.4950939 -0.1112139 0.3253521 0.3451350 -0.0945719 -0.2126957 -0.1247365 -0.2684186 -0.3200968 -0.3524817 -0.1123921 -0.4084087 -0.2688150 -0.3628760 0.1993682 -0.1178323 0.0065238 0.1170031 0.0376621 -0.2520807 0.4772937 0.4138197 0.1732132 -0.2355218 0.1993564 0.3140081 0.0129320 -0.4805218 0.3669130 0.1557962 -0.1201968 0.0309846 -0.2858672 -0.0928648
0.5567769 0.3407416 0.4242348 0.5619576 0.4158446 0.6330914 -0.0280977 0.5367444 0.6294473 0.8695066 0.8210829 -0.0961294 0.4107913 0.1843450 -0.3010484 0.4739027 0.0000000 0.2276134 0.4278771 0.3074340 0.0659196 0.5561845 0.5203551 -0.3761892 0.3362118 0.2077570 0.0306069 -0.4816480 -0.0158344 -0.1455478 0.3798347 0.3365309 -0.4693854 -0.2395329 0.0258534 0.3450429 -0.1339977 0.4932891 0.0989992 -0.1956281 0.4767038 0.2694634 0.3684264 -0.3727096 -0.0796667 0.2614593 0.0668020 0.5775498 -0.0781454 0.2745251 0.0376140 -0.0133899 0.1986697 0.0654183 0.4570910 0.4121932 0.0802879 0.3135017 0.1662490 -0.0188765 0.0478498 0.1944395 0.3194232 0.4774915 0.0501887 0.3366610 0.1085353 0.0922085 0.2146633 0.6879813 0.3100754 0.6639268 0.3477235 0.4748320 0.4694617 0.6572343 0.4162711 0.5937695 0.5385019 0.3646413 0.3635391 0.3845922 0.4978948 0.4609014 0.5517073 0.3343933 -0.0622858 0.3263401 0.4787438 0.5644742 0.1540842 0.1772775 0.4241367 0.2398370 0.1494860 0.2372494 0.1887854 0.4261036 0.2617254 0.6362308 0.5401089 0.2626770 0.2239500 0.3549687 0.2034434 0.2367043 0.2496351 0.4678694 0.2078377 0.4227557 0.3605168 0.0913742 0.5781526 0.5796304 0.2517679 0.4815539 0.4234939 0.1426113 0.5657443 0.1103814 0.4358620 0.3468398 0.2121707 0.1840979 0.5278707 -0.0920298 0.3755209 0.2300447 0.2843487 0.4286936 0.4445789 0.4754583 0.3578860 0.1919422 0.3846940 0.4105146 0.4900858 0.5529963 0.5547000 -0.0096693 0.5383070 0.3615424 0.1601886 -0.0463188 0.5175818 0.4256100 0.6010162 0.6915926 0.4838150 0.4499597 -0.1566485 0.0641380 0.6407762 0.3706531 0.6426071 0.1866275 0.1047680 0.6738348 0.3574313 -0.3232407 0.6963368 0.2835863 0.3253181 -0.1517122 0.6223345 0.3938784 0.1900824 0.3019224 0.2469192 0.1096621 0.4811499 0.3530424 0.2342913 0.1291532 0.0022651 -0.1633413 -0.3085062 -0.2466246 -0.2184858 -0.2853734 -0.3266448 0.1389368 0.4731646 0.5565814 0.4736164 -0.1533200 0.1921099 0.1460684 0.1142378 -0.0344159 -0.3614012 0.0285214 -0.2028773 -0.5045838 -0.2474224 -0.4026579 -0.3794738 -0.4743555 0.3316003 -0.3137036 -0.2738835 0.0363772 -0.2887194 -0.3907828 0.4230464 0.3592283 -0.0352244 -0.3388432 -0.0454365 0.1590906 -0.2804031 -0.2741291 0.3671409 0.1314043 -0.1313860 -0.0971388 0.2383436 0.1635392
