0.0000000 0.4231767 0.6574381 0.3087153 0.5932900 0.1412447 0.2370616 0.2891982 0.2071997 0.0343006 0.1074340 0.1035377 0.3922768 0.0246465 0.2427102 0.0467414 -0.0852201 0.1145209 0.0497421 0.3760782 0.2045653 0.2772161 0.0666568 0.1894530 0.3117413 0.1675829 -0.2858398 -0.0992924 0.1225415 -0.2746993 0.4631818 0.2750835 -0.0086880 0.1917345 0.0860538 -0.0255988 0.1788039 0.1977374 -0.2365062 -0.3044525 0.3547804 0.1452203 -0.0553157 0.0204299 0.0374035 0.0316262 0.0072462 0.2790646 0.3775913 0.0663920 0.0559399 -0.1724619 0.2994818 -0.4071984 0.2219790 0.0172852 0.0469367 0.3331035 0.2848600 0.0355686 0.3207156 0.1113507 -0.0077209 0.3584226 0.2121146 0.1573948 0.1055244 0.0493207 -0.0085678 0.2824358 0.0699728 0.4235909 0.1812487 0.3972001 0.1320345 0.1596451 0.2561076 0.0394140 0.0779495 -0.0240581 0.1692975 0.0435137 -0.0531713 -0.2480240 -0.3104736 -0.1342095 -0.0269444 -0.3002597 -0.2772367 -0.1779109 -0.0319162 0.1519460 0.1421264 -0.0051553 -0.3536464 -0.0902281 0.1068336 0.0129497 -0.1880585 0.1207992 -0.1502132 -0.1516238 -0.2472381 0.0138981 0.0332215 -0.2201275 -0.3867423 -0.3056284 -0.1283734 -0.4522176 -0.1600408 -0.3812465 -0.2397933 -0.1974403 -0.2432902 -0.1483829 -0.0244892 -0.0951262 -0.1370504 -0.0327750 0.0292100 0.1352995 0.0342502 -0.1265135 -0.1021057 0.1052420 -0.0303331 0.0740195 -0.1948294 -0.0120916 -0.2473801 0.0168543 -0.1118201 0.0794618 -0.0799835 0.0773370 -0.2002910 -0.2389912 -0.3548279 0.0938708 -0.4500990 -0.0988277 0.0286558 -0.1421872 -0.3576533 -0.1962784 -0.3218714 -0.3221638 -0.3912627 -0.3869921 -0.0544697 -0.3937445 -0.2477328 -0.2283341 -0.0690611 -0.3831191 -0.0337014 -0.2785812 -0.0625285 0.2663659 -0.1121892 -0.3939758 -0.2421492 0.3755466 -0.3762956 -0.4025405 -0.1786513 -0.1983751 -0.1986683 -0.0869810 -0.4203159 -0.4193727 -0.2311500 -0.1189858 0.2385100 0.1367572 0.1742660 0.1737575 0.2393285 0.3650198 0.0486075 0.0515759 0.1082711 -0.0041926 0.2067327 0.3827822 0.1212599 0.1686529 0.2678660 0.1792191 -0.0484240 0.2448247 0.1745113 0.1067739 0.1627343 -0.0259366 0.0380517 0.1181018 0.2145404 0.0906593 0.0270541 -0.5014738 0.0009075 -0.0428478 0.3827608 0.3414166 0.0607559 0.2171369 -0.0994698 -0.4997631 0.0079615 -0.1012486 0.5169726 0.1357932 -0.0241710 0.3010922 0.1831383 -0.1422581
0.4231767 0.0000000 0.7233147 0.4243614 0.6601386 0.2270571 0.0076965 0.5029888 0.1026492 0.1765340 0.1159783 0.0306796 0.6239410 0.0277505 0.0728828 0.2076329 0.3468878 0.0236540 0.1556640 0.3871367 0.0866738 0.5258988 0.1977118 0.1181183 0.5344978 0.1221562 -0.1207905 -0.1222739 0.0433246 -0.0980469 0.4269403 0.5174107 0.0557742 0.2081192 0.0626119 -0.0322850 0.1622147 0.4184617 0.0532188 -0.1490760 0.4776476 0.3786805 0.1036628 0.0233437 0.3769673 0.2539592 -0.0161635 0.4645322 0.1957046 0.0354647 0.0330122 0.1002279 0.3051801 0.0651020 0.3831178 0.1078618 0.1646208 0.1153009 0.2272106 0.0801366 0.6687613 0.3040684 0.1274448 0.1889832 0.4266882 0.3908704 0.2478194 0.2875606 0.1452646 0.2644429 0.2598153 0.3593758 0.2958909 0.6153116 -0.1011362 0.2654712 0.3053123 0.1911850 0.4156951 0.2220113 0.3950530 0.2304396 0.2629446 0.0303024 -0.1212318 0.1464244 0.1247632 -0.1611867 -0.0155050 -0.2053180 0.4606780 0.3647852 0.2846194 -0.1837480 0.0881349 0.2141112 0.4743753 0.2077123 0.1166978 0.1433275 0.1001404 0.2771206 0.1262659 0.2413516 0.3840556 0.0254391 -0.1216333 -0.0861506 -0.0322263 0.0708929 0.0573453 -0.3542858 0.0199442 0.1702455 -0.0615911 0.1218878 0.2223224 0.1328253 0.2048668 0.0424761 0.0476600 -0.0276190 0.1884957 -0.0537551 0.1458973 -0.0685271 -0.0196780 0.2340409 0.0168136 -0.1404219 -0.0035200 0.3987795 -0.0189035 0.0472397 0.2752023 0.3315937 -0.1222381 0.1755118 0.2191548 0.0237127 -0.1711776 0.0151190 0.6095984 -0.0681744 0.1291507 -0.1209150 0.2720921 0.2441396 0.0376944 0.1645230 0.4015891 -0.2998120 0.1700212 -0.0657669 0.2973795 -0.1990047 0.5505231 -0.0589117 0.4046363 0.4728698 0.2985745 0.1355541 -0.2574043 0.4449794 0.1403783 -0.2845979 -0.0854224 0.0340025 0.0227718 0.0729316 -0.0072480 0.1008129 0.5285651 0.2267007 0.6051651 0.2989699 0.4396314 0.1264013 0.5041511 0.4597148 -0.0721815 0.2162996 0.1847982 0.0546830 0.1494162 0.6736479 0.1668388 0.2714831 0.3916521 0.1622201 -0.0133705 0.1802516 -0.1395995 0.1541073 0.0427235 -0.1325179 -0.1391854 -0.1694872 0.4190096 -0.1782967 0.3128847 -0.2428463 -0.0701686 -0.1441440 0.3513738 0.5659036 -0.0001692 0.1481774 0.1938012 -0.1719663 -0.0614470 -0.2860897 0.5511014 -0.1183954 -0.1968048 0.3345299 0.2840141 0.0518909
0.6574381 0.7233147 0.0000000 0.3122981 0.9672128 -0.0000740 -0.2777404 0.5818095 0.0589171 0.0819764 0.1297815 -0.1529716 0.8254072 -0.1308039 0.1089789 0.1840014 0.1316083 -0.0653857 0.1874185 0.7291887 0.0386320 0.7600844 0.2003786 0.0721451 0.8124037 0.3268794 -0.3531114 -0.2296629 0.1010250 -0.3302046 0.7895624 0.8208728 0.1058762 0.2984887 0.2386681 -0.1314990 0.5408772 0.7446331 -0.1232327 -0.2403974 0.8726929 0.3406353 0.1488704 0.1168660 0.1913016 0.4012940 0.1142691 0.8261927 0.3780326 0.2433374 0.2099548 -0.0289339 0.3451618 -0.2274133 0.6751817 0.3091394 0.3046077 0.2717703 0.3808485 0.0982859 0.6916829 0.2238463 0.2199610 0.2757666 0.2969415 0.5102037 0.2831261 0.1016625 0.2909036 0.2568153 0.1701038 0.3429413 0.2730119 0.8014151 0.1254686 0.2720449 0.3613147 0.0816660 0.1945639 0.2721583 0.1408187 0.0459149 0.0373152 -0.2097081 -0.3522714 -0.0942413 -0.1024442 -0.3367994 -0.2657829 -0.2356244 0.1577404 0.3906357 0.3133394 -0.1503629 -0.2391015 -0.0155921 0.4305110 0.2579341 -0.1153743 0.0971175 -0.0348458 0.0669814 -0.0501764 0.0992246 0.1073992 -0.1398807 -0.3681945 -0.1852458 -0.3747944 -0.2899268 -0.2163322 -0.4309574 -0.0554182 0.0637762 -0.1692233 0.0640982 0.1821473 0.0413558 -0.0724180 0.0720987 0.1736522 0.1347485 0.0318070 -0.3632554 0.1298720 -0.1162304 0.2371108 0.1718915 -0.1314947 -0.0903014 -0.0665530 0.1831731 0.0691536 -0.1803120 0.2890896 0.1371380 -0.1423199 -0.0689798 0.0204065 -0.1305029 -0.3360357 -0.1776307 0.5705553 -0.2759391 -0.1489282 -0.3227998 0.0164143 -0.0735229 -0.0167074 -0.1870180 0.0142648 -0.3293935 0.0791457 -0.2206018 0.0893938 -0.3601205 0.1973078 -0.2133580 0.2349608 0.1801831 0.1083240 -0.1715228 -0.4265118 0.3057032 -0.0718767 -0.3683965 -0.2130168 -0.0845540 -0.0672088 -0.0370770 -0.2431531 -0.1224834 0.1643356 0.0013614 0.2720908 -0.0210210 0.1840741 0.1781263 0.2921257 0.3340245 -0.0992422 -0.0657639 0.0887659 -0.1272535 0.2895198 0.7404061 0.3713516 0.5102424 0.4721062 -0.0228443 -0.2199268 0.0541275 -0.2316390 -0.0491028 -0.1538582 -0.3391566 -0.3721437 -0.1967886 0.1294168 -0.3181341 0.0395550 -0.3857206 -0.1083948 -0.2628898 0.5798806 0.5659478 -0.1755494 0.3299104 0.0336041 -0.4000343 -0.1807950 -0.4282426 0.7148490 -0.1221596 -0.2345164 0.5095562 0.1529248 -0.2224139
0.3087153 0.4243614 0.3122981 0.0000000 0.2562268 0.8158821 -0.0774053 0.7652475 0.5348543 0.7773126 0.7871964 0.6317742 0.5003300 0.5475027 0.6994987 0.7094182 0.5451846 0.5116111 0.7254861 -0.1606953 0.7413402 0.4078470 0.6428250 0.5768077 0.3950706 0.6766680 0.1290361 0.2259666 0.7372083 0.0987214 0.3306714 -0.0060318 0.3836002 0.6358501 0.7052795 0.5301185 0.4744004 0.3894417 -0.0806098 0.0127537 -0.0117154 0.5626559 0.5996298 0.1018026 0.7577583 0.6532980 0.6457942 -0.1199413 0.4995733 0.6455470 0.6686821 0.4218448 0.7165225 0.2913809 0.2967471 0.5943559 0.5698066 0.2434644 -0.5058474 0.6152106 0.0472055 0.6479263 0.4625388 0.7960372 0.8115400 0.5370268 0.5888164 0.5303358 0.5652214 0.7574509 0.8233838 0.8296577 0.6486959 0.2353537 0.5910481 0.7925429 0.6101736 0.7839631 0.8276135 -0.1534373 0.7703761 0.5207734 0.3099620 0.0102264 -0.0370204 -0.0402075 0.6672133 -0.2742218 0.0202046 0.0590837 0.5160152 0.4974246 0.4928725 -0.3517499 0.4602783 0.1844962 0.3147988 0.2538328 0.5199504 -0.2206703 0.2272611 0.0355939 0.1575808 0.5277315 0.2604954 0.2954265 0.0707244 0.3059820 -0.1222422 -0.1965380 0.1794254 0.1454412 0.2793931 -0.2005709 -0.3756295 0.1547013 -0.2491673 -0.0753492 0.1434049 -0.0531595 0.0008094 -0.2061461 0.5232909 0.2551873 -0.0157455 0.2735907 0.0931495 0.5927008 -0.0062374 0.5860248 0.4334235 0.5899311 0.2600331 0.5928820 -0.2050501 0.7139325 0.5670347 0.1360380 0.2153500 0.1015829 -0.2974509 0.1725142 0.4313082 0.2388200 0.2453450 0.3505389 0.2140668 0.2939695 -0.2285216 0.3078254 0.1810716 -0.0738068 0.2372880 -0.2549149 0.3399453 0.1731882 0.5047209 0.2049281 0.5303977 0.3661180 0.3763351 0.1685331 0.1571507 0.3409567 0.2809522 -0.2764236 -0.2270813 -0.0532361 0.0408558 -0.0320885 -0.1631298 0.0572680 0.3157668 -0.4230664 0.2421676 0.4484325 0.4220650 -0.6124242 0.6362064 0.4116145 -0.4883592 -0.0533135 -0.2824521 -0.1894839 -0.5481915 0.3270682 -0.5987966 -0.5112063 -0.1668593 0.5199258 0.3970505 0.6424720 0.3054415 0.3974839 0.4028756 0.1691113 0.2917866 0.4701219 0.6414766 0.1865428 0.7268297 0.1913543 0.5278578 0.4375221 -0.3611504 0.2618266 0.0047062 -0.0086771 0.6589239 0.0226136 0.5819831 0.0769242 -0.0127794 -0.4402518 -0.1525082 0.1471170 0.0197579 -0.2136062
0.5932900 0.6601386 0.9672128 0.2562268 0.0000000 -0.0853571 -0.3565108 0.6269478 -0.0376812 0.1079000 0.1516266 -0.1665144 0.8655110 -0.1475516 0.0608396 0.2592850 0.1663777 -0.0784734 0.1900666 0.6860316 -0.0305752 0.8452523 0.2333906 0.0381680 0.7673509 0.3741858 -0.4035945 -0.1636254 0.0533711 -0.2836195 0.8864917 0.7806714 0.1209966 0.3069811 0.2550108 -0.2427443 0.5525262 0.8008282 -0.2634113 -0.3185486 0.8952525 0.2341124 0.1252936 0.0555916 0.1793326 0.4625251 0.1550714 0.8456660 0.3009478 0.3331713 0.2471030 -0.0834936 0.2903759 -0.2965504 0.7698308 0.4209763 0.3326931 0.1064266 0.3133026 0.1004265 0.6420474 0.2038975 0.3165273 0.1915707 0.2633603 0.4662397 0.3389947 0.0696005 0.3381778 0.2056477 0.1375599 0.2630193 0.2862416 0.8237586 0.0908899 0.2474434 0.3140248 0.1098686 0.1993108 0.1817364 0.1228356 0.0026859 0.0466458 -0.1855440 -0.3070295 -0.0580413 -0.0493097 -0.3776162 -0.2221364 -0.1835119 0.1724842 0.3648461 0.3450786 -0.2784717 -0.2627306 -0.0939995 0.3913299 0.2791241 -0.1332688 -0.0148932 -0.0285598 0.1056696 -0.0613562 -0.0107110 0.0274781 -0.1778701 -0.3669815 -0.1788630 -0.3808738 -0.2998690 -0.2859280 -0.3861033 -0.0405859 0.0817549 -0.0704974 0.0579263 0.1423180 0.0553480 -0.1417961 0.0723515 0.1468895 0.1135679 0.0397211 -0.4270699 0.1234715 -0.1841737 0.2757925 0.1807696 -0.1426617 -0.0526991 -0.0622579 0.2101940 0.1004087 -0.1935254 0.3551207 0.1463959 -0.1246934 -0.1008530 0.0114674 -0.2430384 -0.2805290 -0.2296870 0.6117773 -0.3177541 -0.2053624 -0.2853441 -0.0584832 -0.1292447 0.0531083 -0.2359508 -0.0066971 -0.3263358 -0.0385987 -0.1900014 -0.0106053 -0.3495898 0.1485652 -0.2524289 0.2396710 0.0969601 0.0444559 -0.2587573 -0.3526965 0.2122533 -0.1667557 -0.3236116 -0.2066219 -0.0453774 -0.1217655 -0.1381597 -0.2666945 -0.1423220 0.2106841 0.0679133 0.2955597 0.0383329 0.1998927 0.2373856 0.2564063 0.2653734 -0.2154315 -0.1900091 -0.0497644 -0.2558330 0.2142945 0.7667877 0.3510910 0.4810535 0.4107057 -0.1201713 -0.2130191 -0.0787152 -0.2894273 -0.0271237 -0.1848309 -0.3400484 -0.3874914 -0.2723409 -0.0382449 -0.3514273 -0.0804681 -0.4285408 -0.0811599 -0.2682257 0.5729241 0.5426504 -0.1805210 0.3728166 -0.0821572 -0.4575359 -0.1998351 -0.4584912 0.6121014 -0.1615230 -0.2176565 0.5974241 0.0311838 -0.3806193
0.1412447 0.2270571 -0.0000740 0.8158821 -0.0853571 0.0000000 0.1148785 0.5041501 0.7627501 0.7785540 0.7563299 0.6592082 0.2472500 0.6620222 0.7392987 0.4721712 0.5082214 0.6230126 0.5746129 -0.3108437 0.7496110 0.0989276 0.5586596 0.6016313 0.0926976 0.4955028 0.2503836 0.1103293 0.8043554 -0.0838206 0.0482562 -0.2414020 0.2498606 0.5430947 0.5182377 0.6397396 0.3211133 0.0320377 -0.1507107 0.1289170 -0.3400634 0.4004608 0.4599394 0.0051736 0.6825819 0.4325729 0.5530407 -0.3722820 0.3159352 0.3527711 0.5271531 0.4535913 0.6557784 0.5393097 0.1162691 0.4091262 0.4940098 0.3151214 -0.6002935 0.5660930 -0.0715236 0.6609674 0.5165385 0.7469326 0.8043847 0.3712736 0.4248391 0.6637413 0.4706131 0.7709756 0.5885169 0.8090274 0.6089839 0.1144207 0.4652960 0.6412924 0.5731714 0.7388628 0.6940046 -0.2277670 0.7403517 0.4263246 0.3723573 0.2490073 0.2307254 0.1032025 0.6231743 -0.2045075 0.1028768 0.1469063 0.4042076 0.3352120 0.4779475 -0.3631168 0.4894855 0.2452248 0.1595013 0.1776893 0.5830334 -0.1159801 0.1739651 0.0446038 0.2318788 0.5883345 0.2107305 0.3561842 0.2660163 0.4398375 0.1932380 0.0219493 0.4226877 0.2784720 0.1828154 -0.2336927 -0.3729909 0.0802780 -0.1450799 -0.0445782 0.2923790 0.0451742 0.0257474 -0.0177697 0.4718228 0.4302648 -0.0143563 0.4165857 -0.0197601 0.4967422 0.2050855 0.5241754 0.3435530 0.5466112 0.1877074 0.7301053 -0.3773482 0.4867455 0.4680726 0.2351447 0.2928202 0.1945741 -0.2647516 0.3410079 0.1584877 0.4318540 0.1080332 0.3968554 0.1298301 0.1977677 -0.3082143 0.3178215 0.0737017 -0.1329642 0.2302372 -0.1790360 0.2137374 0.1634084 0.5757263 0.0195313 0.5998963 0.3795252 0.0852472 0.2138697 0.2830444 0.3079472 0.1484168 -0.2341966 -0.0769759 0.0856610 0.1831959 -0.0242246 -0.0906579 0.1125227 0.2275008 -0.6604308 0.0921897 0.3463697 0.3318462 -0.7703504 0.5435731 0.2518608 -0.4199144 0.0227422 -0.2174847 -0.0902741 -0.6182016 0.1648942 -0.7245171 -0.6288085 -0.1432905 0.6131634 0.4293835 0.6493181 0.3147274 0.3749652 0.4541029 0.2413172 0.3922029 0.6470792 0.6619332 0.3340010 0.5963708 0.1877527 0.4884770 0.4254295 -0.6836295 0.0756964 0.1023410 -0.3237614 0.5116277 0.0484734 0.5747746 0.1955222 -0.2941288 -0.3449777 0.0396531 -0.0898749 0.0749458 0.0249814
0.2370616 0.0076965 -0.2777404 -0.0774053 -0.3565108 0.1148785 0.0000000 -0.3225094 0.1212822 -0.2293740 -0.1399639 0.4291241 -0.4076578 -0.0771277 0.0998805 -0.2633422 -0.0545600 0.1514096 -0.5200414 -0.2036268 0.0372937 -0.5653633 -0.0466924 0.1577252 -0.6051862 -0.2005281 0.2693110 0.0164206 -0.1438159 -0.1204613 -0.3992901 -0.4778147 0.0273305 0.0531975 -0.2390956 -0.1306240 -0.4326701 -0.6661766 0.0448931 0.1024596 -0.5060504 -0.3589734 -0.2093439 0.1072706 -0.0802751 -0.5305869 -0.1724705 -0.5210935 0.1395764 -0.5334827 -0.2913124 0.0813464 0.1301312 0.0620866 -0.5555369 -0.4425434 -0.1875194 0.0402094 -0.1237163 -0.0286611 -0.2784449 0.1699140 -0.2723023 -0.0649889 -0.0324718 -0.2317752 -0.1519471 0.3040230 -0.2236738 0.0940133 -0.0563228 0.1065335 0.1496898 -0.4732720 -0.1371241 0.0114716 -0.1850308 -0.0675906 -0.0954741 -0.1577833 -0.0627501 0.1550969 0.3668401 0.3527234 0.3867875 0.4307331 0.2014744 0.3577618 0.3316275 0.3321045 -0.0289186 -0.3101160 -0.1032414 0.3259619 0.0613271 0.3413378 -0.1447124 -0.1125253 0.2782105 0.1956209 0.3413042 0.1122207 0.2924477 0.0110738 0.1611296 0.3337511 0.3548673 0.1517110 0.6182494 0.2727584 0.4867781 0.2513560 0.0782782 0.1547260 0.2580153 0.1039981 0.2167626 0.2472784 0.2829668 0.3045185 0.2378850 0.1213369 0.0505775 0.4409244 0.2142963 0.3350427 -0.2833445 -0.0797389 0.3473783 -0.0349799 0.0024532 -0.0292023 -0.0597631 0.1382227 -0.2957483 -0.0323914 -0.0777030 0.3242119 -0.1592270 0.3533950 -0.1082292 0.4668617 -0.4428394 -0.0372664 0.1244407 0.2176495 -0.0403280 -0.1089048 -0.2129305 0.0921310 -0.0463528 -0.0071645 0.0254752 0.2169184 0.1132836 -0.1118098 -0.0471945 0.1028713 -0.1027845 0.0783476 0.1811363 0.2119491 0.1858554 -0.0515653 0.0421913 0.0624910 0.3895098 0.2838003 0.0485445 0.3346102 0.2458425 0.1520317 -0.0613619 0.1538296 0.2523294 0.4190995 0.1773058 0.1311007 0.0042055 -0.0779657 0.0999389 0.1018989 -0.0036139 0.0921294 -0.0803300 -0.3898809 -0.1592709 -0.2657746 -0.0312485 0.2864162 0.4919755 0.2909566 0.5826462 0.4469396 0.5411058 0.4976371 0.4268899 0.2155843 0.1234545 0.4235558 0.1576604 -0.1286799 0.1149753 0.3664282 -0.0390202 -0.2022511 0.4476727 -0.4300989 -0.0220214 -0.2671455 0.1636673 0.4820997 -0.1286606 0.4237077 0.2998018 -0.4486185 -0.1218721 0.3108026
0.2891982 0.5029888 0.5818095 0.7652475 0.6269478 0.5041501 -0.3225094 0.0000000 0.4100696 0.7511772 0.7732255 0.4499460 0.8815681 0.4266258 0.5775951 0.8274593 0.6488756 0.4110653 0.5773516 0.0649053 0.5276643 0.7735696 0.6983040 0.3969856 0.5073259 0.7843029 0.0318666 0.0829509 0.5397311 -0.1208430 0.7473926 0.2702232 0.2400415 0.5850506 0.6672370 0.1382242 0.6297169 0.6822244 -0.4561378 -0.2999605 0.3679922 0.3202716 0.5068682 -0.1247042 0.7286123 0.7107541 0.5574071 0.2936155 0.3143703 0.6456148 0.6317614 0.2867820 0.6185693 0.1580260 0.7341995 0.7406624 0.5568170 -0.0617003 -0.4698209 0.4616595 0.1842807 0.6595422 0.6369708 0.5769841 0.7932419 0.5031439 0.6293270 0.4934392 0.6022870 0.6438945 0.6256955 0.6750443 0.7016891 0.5854363 0.5685158 0.6797997 0.5572807 0.7905078 0.7266918 -0.1903364 0.7425411 0.2164654 0.2220177 -0.1119587 -0.2016638 -0.0865945 0.6450522 -0.5659055 -0.0939115 -0.0424471 0.4575707 0.4824901 0.5319928 -0.6007766 0.1957749 -0.0294366 0.3913971 0.2619836 0.3608749 -0.3688919 0.1095591 0.1082861 0.0900681 0.3431954 0.0165350 0.0768950 -0.1794932 0.2156689 -0.3502547 -0.3572102 -0.0883894 -0.0579277 0.1351666 -0.1029695 -0.2577682 0.0925976 -0.1517429 -0.1215965 -0.1538083 -0.0463819 -0.0369653 -0.1108594 0.3784896 -0.1933609 -0.0263368 0.0713134 0.1813593 0.5369430 -0.0716439 0.4061726 0.2454694 0.6151368 0.2227440 0.4297209 -0.0493887 0.5245527 0.3626381 0.0789739 0.1404275 -0.1574116 -0.4707503 -0.0526939 0.6385104 0.1085794 -0.0063937 0.0553202 -0.0138369 -0.0406230 -0.1700518 0.1021265 0.1126871 -0.2626104 0.0090634 -0.4336283 0.0216224 -0.1325804 0.3537643 -0.1815190 0.5665978 0.2538358 0.1869634 -0.1135595 -0.1283820 0.1648112 -0.0117958 -0.4717192 -0.4126103 -0.0770459 -0.2233784 -0.3369740 -0.3819737 -0.1178130 0.5238312 -0.2256437 0.3900512 0.4597814 0.5438914 -0.3140176 0.6601525 0.2775574 -0.7811463 -0.4527284 -0.5651616 -0.6091479 -0.5495581 0.6519363 -0.4181713 -0.2618576 0.0492965 0.3716460 0.2283108 0.3649330 0.0258189 0.3604376 0.1847358 0.0610145 0.1011224 0.2255277 0.3218822 0.0314604 0.4326251 -0.0862561 0.5095922 0.2866127 -0.0423003 0.4746028 -0.0560989 0.2311146 0.4628721 -0.1371589 0.4176449 -0.0337087 0.0675734 -0.4856701 0.0037485 0.5058357 -0.1521485 -0.5472456
0.2071997 0.1026492 0.0589171 0.5348543 -0.0376812 0.7627501 0.1212822 0.4100696 0.0000000 0.6427844 0.6614696 0.4852844 0.2363057 0.7886607 0.8040845 0.3803594 0.4047438 0.6980224 0.3617550 -0.1561114 0.6806113 0.0368124 0.3590028 0.4827645 0.0357819 0.4394220 0.3205793 -0.0264318 0.6786191 -0.1760390 0.0681095 -0.1278684 -0.1900822 0.2401570 0.3069948 0.5340466 0.2694890 0.0191798 -0.3378077 -0.2025907 -0.2145257 0.2894253 0.1921848 -0.3436152 0.4516585 0.2160872 0.3046497 -0.2233967 0.0031930 0.1362642 0.3016395 0.1818325 0.3653930 0.4764185 0.2171201 0.2525653 0.2308534 0.4725086 -0.4602275 0.2137840 -0.2071433 0.5226991 0.3780633 0.6008568 0.5528268 0.1977750 0.2386247 0.5718163 0.3351090 0.7921178 0.2489221 0.7181489 0.4802819 0.1759396 0.5775510 0.4465635 0.4805725 0.5665674 0.3549988 -0.2428683 0.5875548 0.1310659 0.0882684 0.0495374 0.0226561 -0.0222717 0.4718630 -0.3039160 0.0542094 0.0900759 0.0837292 0.2678000 0.3050565 -0.2587314 0.3052832 0.1166615 0.0870383 0.0003197 0.3216057 -0.2026871 -0.0719176 -0.1470004 0.0311685 0.3630310 -0.0995799 0.1682773 0.0374396 0.3038297 0.0040375 -0.0505298 0.2446523 0.0844720 0.0452937 -0.2142398 -0.3841696 0.0330951 -0.0248853 -0.0916782 0.1449752 0.0672518 0.0006401 0.1189647 0.4094178 0.0917459 -0.0650568 0.4049929 0.0648487 0.3335313 0.1442314 0.4227386 0.1830378 0.3569276 0.1173437 0.5970915 -0.3464459 0.2184957 0.2904499 0.2140282 0.2107451 0.1831390 -0.3976931 0.2128016 0.0837468 0.4509817 -0.0116798 0.0142617 0.0190139 -0.0369214 -0.4024644 0.0481683 -0.1476711 -0.2338627 0.1356178 -0.3781364 -0.0446560 -0.2494668 0.3390441 -0.2961769 0.4427549 0.2759048 -0.1808977 -0.0164820 -0.1478703 0.3308574 -0.0471365 -0.4910744 -0.2138031 -0.0997132 0.1451515 -0.0270700 -0.3198873 -0.0952045 0.0256453 -0.5870440 0.0442198 0.1412413 0.3278551 -0.5476425 0.5207114 0.2342778 -0.3350371 0.0434439 -0.1434848 -0.0564716 -0.4673929 0.1552968 -0.5664979 -0.4381933 0.0198197 0.6223284 0.3255755 0.5631358 0.2064462 0.2765454 0.3775071 0.2057635 0.2304055 0.6743994 0.4434574 0.3124281 0.4457617 -0.0452891 0.4905904 0.3717474 -0.3425328 0.2020913 0.0961793 -0.0767644 0.3845402 -0.0750360 0.5456367 0.2472009 -0.1503806 -0.1429489 0.3157907 0.0041663 0.0828829 -0.0366004
0.0343006 0.1765340 0.0819764 0.7773126 0.1079000 0.7785540 -0.2293740 0.7511772 0.6427844 0.0000000 0.9636557 0.6579837 0.4520941 0.8191418 0.7879878 0.7786685 0.7594327 0.7333640 0.6649384 -0.3254030 0.7971071 0.3286864 0.7719935 0.5935789 0.1629488 0.7287709 0.3588607 0.2550593 0.7968455 0.0729371 0.3226570 -0.1639054 0.2030820 0.5011360 0.6594747 0.5916655 0.4870266 0.2799566 -0.4334230 -0.1416907 -0.1560174 0.4382208 0.5363869 -0.2336232 0.7975965 0.5996052 0.6072312 -0.2222442 0.1750883 0.5796282 0.6084776 0.4142787 0.5673082 0.4855072 0.3491762 0.6604972 0.5358724 0.0014741 -0.7275252 0.4912958 -0.0957938 0.6865136 0.5677166 0.7345572 0.8375477 0.4117452 0.4977167 0.6020046 0.5281168 0.7894177 0.6282304 0.7946756 0.6150318 0.2095015 0.6656454 0.6473013 0.5512073 0.8982894 0.7562676 -0.3499762 0.8175580 0.3502845 0.3144175 0.1707689 0.0530102 0.1033961 0.7293634 -0.3705342 0.2165330 0.2339693 0.5000792 0.4435207 0.5187334 -0.5460782 0.5585791 0.1093285 0.2453658 0.2102396 0.5840363 -0.4091800 0.1737441 0.1214419 0.2004820 0.4793432 0.0790632 0.2704645 0.1300367 0.4908252 -0.0359300 -0.1700572 0.2202097 0.2472724 0.2615470 -0.1987258 -0.3059386 0.0588139 -0.2655778 -0.1339026 0.0343949 0.0186351 -0.0378719 -0.0889199 0.4808394 0.1951068 0.0009864 0.3784911 0.0024033 0.5213558 0.1595917 0.6350757 0.4229400 0.5123072 0.1787159 0.6721095 -0.3399096 0.4647748 0.5743495 0.2201988 0.3545538 0.1269819 -0.3675272 0.2595178 0.3345481 0.3383099 0.0701719 0.2352906 0.0399366 0.0940664 -0.2320165 0.2577247 0.0350186 -0.3049092 0.0682914 -0.4264250 -0.0171698 -0.0884014 0.4077136 -0.1516318 0.6858701 0.3136918 0.0737620 0.0849567 0.0598075 0.1677651 0.0147669 -0.4805337 -0.4087809 -0.0539040 0.0031646 -0.2012103 -0.3296302 -0.0379232 0.4037898 -0.4756752 0.1284772 0.3921405 0.3975248 -0.6522995 0.6065075 0.2801088 -0.6754009 -0.2468884 -0.5143861 -0.3970345 -0.7509689 0.2975629 -0.7159644 -0.6401539 -0.2863890 0.4628694 0.4425018 0.5637160 0.1847715 0.4019555 0.4206546 0.2238799 0.3631245 0.5724738 0.5072605 0.3272822 0.5332199 0.1128868 0.6733939 0.4883926 -0.5397090 0.0774754 0.1574638 -0.0117140 0.4236882 0.0929745 0.6699427 0.2143513 -0.2997626 -0.4177469 0.2082319 0.2241902 -0.1862117 -0.4333905
0.1074340 0.1159783 0.1297815 0.7871964 0.1516266 0.7563299 -0.1399639 0.7732255 0.6614696 0.9636557 0.0000000 0.7509948 0.4820671 0.7486630 0.8756533 0.8084069 0.7187803 0.7634125 0.6529805 -0.2644038 0.8362538 0.3415908 0.8253743 0.6789676 0.1773482 0.8413104 0.3196848 0.2752800 0.8457559 0.0019715 0.3958128 -0.1535331 0.3160835 0.6348661 0.7501631 0.5744088 0.5910276 0.3331511 -0.4901811 -0.1671775 -0.1110763 0.4029172 0.5745729 -0.1694797 0.7868479 0.6412987 0.7215573 -0.1940313 0.3158666 0.6285638 0.7030163 0.4196915 0.6738633 0.4176576 0.3773272 0.7291017 0.6427772 0.0603320 -0.7643893 0.5551879 -0.1407393 0.7594764 0.6091079 0.7913280 0.8412846 0.4765230 0.5888433 0.6453762 0.6469564 0.8686223 0.6820591 0.8546236 0.7172084 0.1720450 0.7537299 0.7456572 0.6022361 0.9237320 0.7363907 -0.3555065 0.7522199 0.4248740 0.4060878 0.2249031 0.0648340 0.1466292 0.7672455 -0.3204613 0.2347985 0.3121816 0.4619545 0.4763833 0.5557278 -0.4885660 0.5289886 0.1615601 0.2767196 0.2671108 0.6257097 -0.3700854 0.2925868 0.0959380 0.2903621 0.4864334 0.0496376 0.3612259 0.1635415 0.5817404 -0.0542685 -0.2258095 0.2561073 0.3155779 0.3440506 -0.1810946 -0.2912331 0.1288926 -0.2281894 -0.0838719 0.0461155 0.1314005 0.1018244 -0.0484247 0.5533971 0.2321531 0.0993884 0.4601382 0.1169081 0.5889407 0.2492132 0.7457715 0.5142677 0.5151593 0.3089552 0.6731156 -0.3875636 0.5023149 0.6647922 0.3036421 0.3436810 0.1776673 -0.4125681 0.3519495 0.3030887 0.2457795 0.0922226 0.3102935 0.0063740 0.0099075 -0.2571843 0.2410792 -0.0775562 -0.2898897 0.1103663 -0.3998400 -0.0453677 -0.1578026 0.3384654 -0.1153794 0.6726115 0.2416246 0.1631009 0.1224928 0.0749441 0.1013207 0.0432767 -0.4775746 -0.3352382 0.0320110 0.0539124 -0.0988722 -0.2884228 0.0141326 0.3769800 -0.4982642 0.1224338 0.4410666 0.4103928 -0.6241255 0.5993178 0.2808379 -0.7029510 -0.3102259 -0.5921491 -0.4565446 -0.7862238 0.2622038 -0.7436481 -0.6701030 -0.2616090 0.5069962 0.5611262 0.6258622 0.3074092 0.5130181 0.5225997 0.3199843 0.4116850 0.6456486 0.4578100 0.3949779 0.5413639 0.0642815 0.7455239 0.6090564 -0.4994102 0.0264485 0.2321231 -0.0268158 0.4491407 -0.0442087 0.7104992 0.3039069 -0.2931553 -0.3475029 0.2473720 0.1613515 -0.3062516 -0.5108778
0.1035377 0.0306796 -0.1529716 0.6317742 -0.1665144 0.6592082 0.4291241 0.4499460 0.4852844 0.6579837 0.7509948 0.0000000 0.1036606 0.5110621 0.7982920 0.5461404 0.4652453 0.7324319 0.3067693 -0.5262224 0.8077731 -0.0986774 0.5933107 0.7248958 -0.2595150 0.5622614 0.3619508 0.3751256 0.6396088 -0.0011585 0.0096624 -0.5350199 0.4574223 0.6413989 0.5001892 0.4469256 0.1760645 -0.1177323 -0.3214634 -0.0743392 -0.4600442 0.0625366 0.4100053 -0.0234859 0.5735656 0.2430790 0.5756854 -0.5333412 0.4405712 0.2967527 0.4774702 0.4112621 0.6706337 0.3238585 -0.0738309 0.3621191 0.4443180 -0.0065293 -0.7981189 0.4616553 -0.4152715 0.6938873 0.3179520 0.6326209 0.6537249 0.2260709 0.4615447 0.5873381 0.4292110 0.6724940 0.6074911 0.7130921 0.6375198 -0.2394890 0.5107297 0.6365726 0.4818977 0.7421380 0.5774100 -0.2920823 0.5980101 0.5977200 0.6209419 0.4136344 0.2697975 0.3243482 0.7756780 0.0286958 0.3620261 0.4149321 0.2882905 0.1835729 0.3207500 -0.2174597 0.4698443 0.2730289 0.1025711 0.1923621 0.6876003 -0.1117194 0.5211138 0.1208457 0.5332363 0.4267410 0.0484803 0.5384401 0.3906127 0.7093368 0.1864787 -0.0447036 0.4286274 0.4846824 0.4773056 -0.0479549 -0.0473434 0.2527371 -0.1582535 0.0824837 0.2150800 0.2807481 0.2524467 -0.0660422 0.5779190 0.5567946 0.2604863 0.6429463 0.0138914 0.5700773 0.4461871 0.7135278 0.5734792 0.4451517 0.3599674 0.7284855 -0.5741492 0.5667560 0.6637463 0.4899719 0.1728370 0.4492309 -0.3360038 0.5845574 -0.0322827 0.2688852 0.2641202 0.5864062 -0.0504732 -0.0901297 -0.3684607 0.3065461 -0.0236077 -0.0907155 0.0620465 -0.1938577 -0.0341733 -0.0607290 0.1485122 0.0794331 0.4512725 0.2333963 0.4453807 0.2738305 0.2797752 -0.0666698 0.1269721 -0.2733470 -0.0697728 0.1731440 0.0172348 0.0996530 -0.0442232 0.1106400 0.4247737 -0.2200071 0.3537531 0.7496783 0.5515401 -0.3793177 0.5934505 0.2903275 -0.5455326 -0.2284532 -0.6014200 -0.3833568 -0.7972577 -0.1253109 -0.8132221 -0.8067765 -0.1747608 0.7121484 0.8673596 0.7910121 0.7772632 0.8002136 0.8332120 0.7206075 0.7508316 0.7777248 0.5222240 0.6976209 0.5926149 0.0472435 0.8141600 0.8832387 -0.5135070 -0.1388612 0.5144271 -0.2250291 0.4405241 -0.0618670 0.7999539 0.7236366 -0.4000758 0.0712696 0.4363476 -0.1917805 -0.4802961 -0.3942232
0.3922768 0.6239410 0.8254072 0.5003300 0.8655110 0.2472500 -0.4076578 0.8815681 0.2363057 0.4520941 0.4820671 0.1036606 0.0000000 0.1017402 0.2984021 0.5867051 0.4748773 0.0927898 0.4104701 0.4091607 0.2197146 0.9146021 0.5200298 0.1477670 0.6912367 0.5878595 -0.1947773 -0.1998543 0.3062356 -0.3778227 0.8806926 0.5937055 0.1487111 0.5012484 0.5134543 -0.1019914 0.6466598 0.8112118 -0.4195061 -0.3091515 0.6758106 0.2576583 0.3882640 -0.0650091 0.5223229 0.6285119 0.3993177 0.6488061 0.2856819 0.5095759 0.5209162 0.1697805 0.5167480 -0.0015611 0.8618221 0.6355357 0.5038225 -0.0171594 -0.0960424 0.3631261 0.4893521 0.5159668 0.6185770 0.3389582 0.6027834 0.4884002 0.5809622 0.3647795 0.5409016 0.4335207 0.3867205 0.4607199 0.5987839 0.8217665 0.2873512 0.4656241 0.4362746 0.4993351 0.5106637 -0.0251168 0.4911251 0.0761272 0.1533365 -0.1539399 -0.2588620 -0.1295096 0.3187490 -0.5509138 -0.2507109 -0.1902052 0.3491105 0.4897852 0.4822219 -0.5712887 -0.0739046 -0.0407863 0.4735438 0.3158844 0.1104401 -0.1875461 0.0380198 0.0946469 -0.0169232 0.2219866 0.0399955 -0.0696216 -0.3303021 0.0077577 -0.4000587 -0.3448942 -0.1883064 -0.2515880 -0.0330988 -0.0388476 -0.2177200 0.0514227 0.0438357 -0.0563998 -0.1537758 0.0192857 0.0415562 0.0243693 0.1772573 -0.3451557 0.0454531 -0.0603559 0.2465430 0.3622940 -0.0571206 0.1241624 0.0515509 0.4974330 0.1555704 0.1263600 0.2160120 0.3051769 0.0645754 0.0142957 0.1121464 -0.3044229 -0.3837157 -0.1987209 0.7247676 -0.1238230 -0.1936526 -0.1619087 -0.0785471 -0.1438256 -0.0197558 -0.1084538 0.0309400 -0.3486254 -0.0290844 -0.3157959 -0.0235308 -0.2842542 0.3654861 -0.3215369 0.5124023 0.1755345 0.0580357 -0.2276172 -0.2548465 0.2128869 -0.1383381 -0.4025674 -0.2991812 0.0286278 -0.1395708 -0.2977251 -0.3049045 -0.0958067 0.4582288 -0.1225579 0.3834653 0.2510580 0.4499006 -0.0565961 0.5299185 0.2608861 -0.5800066 -0.3691698 -0.3317926 -0.4937217 -0.1995438 0.8231710 -0.0432522 0.1414512 0.3215940 0.1538349 -0.0272674 0.0861606 -0.2575595 0.1944003 -0.0373928 -0.1295052 -0.1620523 -0.0503178 0.1377844 -0.1713761 0.1299950 -0.2514592 0.1968167 -0.0385401 0.2224793 0.5643626 -0.1340455 0.2770506 0.2015069 -0.2866799 0.0537324 -0.2881572 0.2827343 -0.4309276 -0.1183181 0.5279175 -0.0143755 -0.4449613
0.0246465 0.0277505 -0.1308039 0.5475027 -0.1475516 0.6620222 -0.0771277 0.4266258 0.7886607 0.8191418 0.7486630 0.5110621 0.1017402 0.0000000 0.7524575 0.5093147 0.5345023 0.8289471 0.4629328 -0.4141353 0.7408543 -0.0368601 0.3987423 0.4763488 -0.0849899 0.4443669 0.4616618 0.2922138 0.6103230 0.2402213 -0.0004442 -0.3113155 -0.2050249 0.0503062 0.2695862 0.6200664 0.1455707 -0.0362268 -0.3561293 -0.2370515 -0.3355084 0.3206023 0.1543538 -0.4331986 0.4937495 0.2343249 0.2244526 -0.3869844 -0.1639587 0.2415514 0.1966582 0.1293563 0.1587536 0.4724905 0.1097077 0.2760808 0.1009153 0.1986623 -0.5902659 0.0664962 -0.3212394 0.3625825 0.2275619 0.5918521 0.5129855 0.1104474 0.0835703 0.3879912 0.1686102 0.6707057 0.2636703 0.6479954 0.2488263 0.0490405 0.6361075 0.3791225 0.4344174 0.6274491 0.4315537 -0.2797773 0.6734577 0.0948503 -0.0033243 0.0224953 -0.0134446 0.0155316 0.5122616 -0.3478940 0.2404516 0.1863932 0.1649780 0.1741963 0.1756167 -0.3378533 0.4635946 -0.0727587 -0.0608320 -0.1531249 0.3249977 -0.4588082 -0.1430733 -0.1152535 -0.0022515 0.2040234 -0.1542386 0.0599957 0.0460616 0.3335220 -0.0251171 -0.0829957 0.1086387 0.1040538 0.1006029 -0.2877786 -0.3449930 -0.1046089 -0.3367423 -0.2451463 -0.0341331 -0.1435618 -0.2282241 -0.1433555 0.3965423 0.0817233 -0.1832454 0.2812803 -0.1376889 0.2752227 -0.0051963 0.4879231 0.2223478 0.2232977 -0.0331282 0.6138299 -0.4336351 0.2310960 0.3684080 0.0703361 0.2006660 0.2289709 -0.3746077 0.1700292 0.0554943 0.4931166 0.0387374 0.0312551 0.0085960 0.0720813 -0.4174089 0.1894332 0.0897319 -0.2870071 -0.0315560 -0.5364129 -0.1088461 -0.1660588 0.2300053 -0.2549264 0.4031794 0.3853825 -0.1569883 -0.0109461 -0.1615436 0.3071019 -0.0800127 -0.5762159 -0.4969581 -0.3531396 -0.0354949 -0.1713303 -0.4807911 -0.2335160 0.1090745 -0.3788279 0.0594471 0.2126532 0.3084270 -0.5074174 0.5069673 0.2845314 -0.3970482 -0.0130023 -0.2854816 -0.1342528 -0.5875234 0.0746986 -0.6362289 -0.5687597 -0.2337274 0.5099741 0.3111561 0.5542851 0.2378295 0.2254191 0.3241916 0.1671514 0.2922510 0.6245224 0.4426730 0.3139020 0.5013001 0.0626594 0.6215390 0.4199370 -0.3942843 0.1239808 0.1193116 0.0516655 0.3475353 0.1773839 0.7084266 0.2901230 -0.1967926 -0.1768021 0.3715614 0.2374745 0.0129626 -0.2397344
0.2427102 0.0728828 0.1089789 0.6994987 0.0608396 0.7392987 0.0998805 0.5775951 0.8040845 0.7879878 0.8756533 0.7982920 0.2984021 0.7524575 0.0000000 0.5819874 0.4412388 0.8916437 0.5199343 -0.2392365 0.9095933 0.1045325 0.5641024 0.8204302 0.1078457 0.7177031 0.2397323 0.3371996 0.8613868 -0.0048301 0.2316418 -0.1822060 0.2517551 0.5426402 0.5445704 0.6729553 0.4948162 0.1914577 -0.4227117 -0.2645260 -0.1490317 0.3580009 0.3607124 -0.2294630 0.5447815 0.4593462 0.6194558 -0.2219934 0.3131594 0.4042127 0.5300600 0.2439937 0.5794796 0.3531393 0.2522776 0.5157227 0.5308128 0.3447897 -0.6301774 0.3462210 -0.2414123 0.6571751 0.4173567 0.8364023 0.6761776 0.4599717 0.4315133 0.5625205 0.5673021 0.8934899 0.5379059 0.8658685 0.5838831 0.0863653 0.7642441 0.6674539 0.7297065 0.7476918 0.4910275 -0.1669572 0.6020606 0.4623374 0.3687540 0.2462671 0.0413100 0.1642650 0.6285375 -0.1553338 0.2152817 0.2708538 0.1892125 0.3419389 0.4416331 -0.2050209 0.4289256 0.1599676 0.1422919 0.1980501 0.5263518 -0.1129689 0.2302753 -0.0105827 0.3738026 0.4589353 -0.1074048 0.3941882 0.1926162 0.6253122 -0.0525801 -0.1697545 0.2842702 0.2508280 0.4066870 -0.1207053 -0.2753936 0.2289213 -0.1061829 0.0080386 0.1719599 0.2279009 0.2450354 0.1018991 0.6765650 0.2733102 0.1653024 0.5627865 0.2439814 0.6539172 0.2953376 0.7761353 0.5393699 0.4472228 0.4384000 0.7201573 -0.5241304 0.4999471 0.6781640 0.4003985 0.3144840 0.4139262 -0.4319957 0.4567852 0.1135653 0.3927231 0.1960145 0.3581618 0.0305552 -0.0597172 -0.4255529 0.1738353 -0.1579895 -0.1820824 0.1849029 -0.3701113 -0.1021371 -0.2404106 0.1638125 -0.0879482 0.5035393 0.2354107 0.2075351 0.1628328 -0.0003542 0.0768006 0.0904773 -0.4936567 -0.2441333 -0.0429305 0.1014948 0.0631912 -0.2657155 -0.0068225 0.2304251 -0.5270764 0.1092809 0.3729631 0.3790418 -0.5158409 0.5900843 0.4011271 -0.4535860 -0.1046457 -0.4175020 -0.2520023 -0.6443975 0.1324846 -0.7045144 -0.6110012 -0.0524475 0.6884485 0.6091345 0.8058651 0.5524508 0.4998030 0.6035273 0.3765383 0.4316818 0.8411544 0.5152512 0.4730006 0.5693318 -0.1093374 0.7310757 0.6790833 -0.3830187 0.0230159 0.2585895 -0.0243660 0.4459762 -0.1851975 0.7399990 0.4663977 -0.1591028 -0.0039550 0.3637649 0.0570299 -0.3268608 -0.4267661
0.0467414 0.2076329 0.1840014 0.7094182 0.2592850 0.4721712 -0.2633422 0.8274593 0.3803594 0.7786685 0.8084069 0.5461404 0.5867051 0.5093147 0.5819874 0.0000000 0.6675741 0.4255380 0.6719512 -0.2246563 0.5573297 0.5395360 0.7404941 0.4210952 0.2152501 0.7999203 0.1250937 0.2537550 0.5522420 0.1553509 0.5167815 -0.0818028 0.2031996 0.4980081 0.6932028 0.2837006 0.4747050 0.5027205 -0.5126673 -0.3986754 0.0157056 0.3549698 0.4895992 -0.3196161 0.7440366 0.6923859 0.6462131 -0.0475716 0.1336567 0.7499139 0.6850389 0.2093160 0.4860954 0.1273019 0.4983520 0.7591590 0.5162327 -0.2225294 -0.6616137 0.4729808 -0.0613838 0.5796957 0.6077970 0.4933188 0.7161655 0.3280210 0.7120546 0.4451014 0.5916986 0.6468532 0.6941410 0.5840922 0.6814030 0.1824613 0.5990896 0.6371643 0.4005726 0.8726151 0.7288942 -0.4891705 0.7305931 0.3106543 0.2353823 -0.0345041 -0.2156335 -0.0771955 0.8245947 -0.4352786 -0.0011214 0.0172238 0.6030227 0.5889286 0.4872069 -0.5486785 0.3469006 0.0570733 0.3882732 0.2363985 0.3754032 -0.4449013 0.1974412 0.0699256 0.0480785 0.3625831 0.0695116 0.1202887 -0.1482758 0.2585380 -0.2973642 -0.4236618 -0.0714115 0.0467787 0.1595164 -0.1977794 -0.2546763 0.0538290 -0.2717625 -0.1992819 -0.1897818 -0.1125498 -0.1700963 -0.2703728 0.5512626 -0.0386156 -0.1333391 0.1453792 0.1911474 0.5894064 -0.0089173 0.5976367 0.3248995 0.6010629 0.2794601 0.5742650 -0.1326044 0.5976449 0.5478544 0.1782062 0.2046965 -0.0465655 -0.2797843 0.0380855 0.4659448 0.1138297 0.0849719 0.2450953 -0.0173672 0.0010441 -0.0821032 0.2119057 0.1611293 -0.2417917 -0.0433665 -0.2903231 -0.0871788 -0.1192065 0.3211800 -0.0691488 0.4802987 0.2481117 0.2085474 0.0140739 0.0222464 0.1168819 0.0333016 -0.3769101 -0.3274230 0.0304379 -0.0964757 -0.2231218 -0.2616187 -0.0306215 0.5230765 -0.1473848 0.3440041 0.5530033 0.5251781 -0.3535980 0.5950070 0.2945015 -0.7242328 -0.3347552 -0.6175723 -0.5339193 -0.7114293 0.4026508 -0.6547697 -0.6002758 -0.2909047 0.3722861 0.4049585 0.3250253 0.0621539 0.5069088 0.3535102 0.3315900 0.3670337 0.3138067 0.2348558 0.2746449 0.4383641 0.0106505 0.5763486 0.4900378 -0.2640027 0.1279989 0.1598584 0.2591525 0.5155965 -0.0074354 0.4898268 0.1768760 -0.2562448 -0.4982420 0.0867802 0.2547047 -0.2205577 -0.5730214
-0.0852201 0.3468878 0.1316083 0.5451846 0.1663777 0.5082214 -0.0545600 0.6488756 0.4047438 0.7594327 0.7187803 0.4652453 0.4748773 0.5345023 0.4412388 0.6675741 0.0000000 0.3775591 0.2945232 -0.1550888 0.4258778 0.3309943 0.8713549 0.1965626 0.1212266 0.5209826 0.6387537 -0.0991320 0.3834568 -0.0981665 0.2765764 0.0061304 0.0430670 0.3959227 0.6202519 0.1983969 0.3664003 0.2005750 -0.2533818 0.0693923 -0.0767490 0.3196986 0.6145066 -0.1071796 0.8266815 0.3785218 0.4240284 -0.1360045 0.0739067 0.3203001 0.4709098 0.6537343 0.4984610 0.6661387 0.2266620 0.5002812 0.4568944 -0.2626500 -0.5595313 0.5453983 0.1139512 0.7969080 0.4530455 0.3177750 0.7125301 0.3864749 0.4441121 0.8098516 0.4158297 0.6163303 0.6017750 0.5565421 0.7035850 0.2032633 0.4367078 0.5096218 0.1028290 0.7358594 0.7270895 -0.3265970 0.6571426 0.2235004 0.4049170 0.2446208 0.2246809 0.2846283 0.6821076 -0.1895904 0.3964310 0.3816227 0.6833697 0.3503198 0.4334873 -0.4940776 0.6381134 0.3943536 0.3781905 0.2317649 0.6957746 -0.4848444 0.4148515 0.2736793 0.1935479 0.3695675 0.3958910 0.3976500 0.1803755 0.3370420 0.2512093 0.0704318 0.4300577 0.2896939 0.1878863 0.0101742 -0.0950046 0.0897826 -0.0091061 0.0281156 0.1253487 0.1728287 0.0649878 -0.0902430 0.1795359 0.1961358 0.2228177 0.2654692 -0.2574461 0.1929414 0.3286570 0.2754149 0.3605926 0.4529380 -0.0530822 0.2429536 0.0005484 0.1996404 0.2894675 0.3586332 0.4387506 -0.1264080 -0.2562189 0.2504784 0.5388408 -0.0928199 0.1277954 -0.0357797 0.2203613 0.2566729 0.1074082 0.2399062 -0.0112454 -0.3703239 0.1908192 -0.2607521 0.2912177 -0.2389458 0.5869345 -0.0814999 0.8195026 0.1784649 0.1975618 0.1929959 -0.0347422 0.1495344 0.1566723 -0.3434599 -0.2260331 0.2310421 0.1092002 -0.0333996 -0.0232505 0.2605904 0.4876674 -0.1534158 0.2057977 0.3964950 0.4183390 -0.4466249 0.5022892 0.1035363 -0.6597949 -0.2593298 -0.3942050 -0.3589608 -0.5554643 0.3544776 -0.3868607 -0.3743789 -0.3185483 0.1752505 0.4134036 0.2986201 -0.0617236 0.4329548 0.3482699 0.1580244 0.1475341 0.1128229 0.3361605 0.1182565 0.4848387 0.2185897 0.4689251 0.2883801 -0.3050147 0.0758664 0.1649019 -0.2048378 0.3075953 0.0573905 0.4057030 0.0430926 -0.2441618 -0.5830210 0.0487455 0.0941570 -0.1187532 -0.1493859
