0.0000000 0.3309363 0.6443159 0.6367827 0.4526477 0.5478191 0.6876154 0.1679042 0.6250935 0.1741898 -0.3115382 0.6983476 0.0985006 -0.0581919 0.1398226 -0.3895713 -0.0396417 0.1762501 -0.4804307 0.5919195 0.3164372 -0.2686461 -0.3189146 0.1605722 -0.3789580 -0.3265781 -0.2634040 -0.2281417 -0.1023156 -0.2071065 0.2545399 -0.3199490 0.1704623 0.3551062 -0.2683782 0.0634827 -0.1966454 -0.2431254 0.0131017 -0.2363634 -0.2759971 -0.2313382 -0.0414610 0.0740316 0.0528314 -0.1525149 -0.0800847 -0.1857809 0.2865639 -0.0740403 -0.1084133 -0.0916611 0.3975193 0.1079200 -0.2139194 -0.1427894 -0.1181175 0.1323267 -0.2895956 -0.1179822 0.1744813 0.1105023 -0.1952754 0.0959220 0.3053777 -0.0953457 -0.1594797 0.0322363 -0.1614586 -0.1637020 -0.2636979 0.0342769 -0.0948582 0.0750278 -0.3517976 -0.3420095 -0.1980628 -0.4069065 -0.2246313 -0.1788381 -0.3878170 0.1435832 0.0335559 -0.0936269 -0.0028935 -0.0712522 0.0245868 -0.2796785 -0.0316853 -0.2100169 -0.1047201 -0.0371442 0.0435091 -0.4407799 -0.0985960 -0.2046583 -0.1627630 0.0752848 -0.3840559 -0.5727688 -0.4795406 -0.0442579 -0.1851729 -0.4044307 -0.2630368 -0.3844391 -0.1817206 -0.2163446 -0.1301657 -0.3626312 -0.2873536 -0.0482925 -0.2043660 -0.4055192 -0.2530337 -0.2236814 -0.4764162 -0.4213665 -0.2587792 -0.2557074 -0.6107022 -0.6112556 -0.2423189 -0.5237268 -0.1320379 0.2332466 -0.6742698 -0.2810385 -0.0995376 -0.4936284 -0.2891346 -0.2263285 -0.6327325 -0.3000753 -0.2843236 -0.2152925 -0.2978708 -0.2411252 -0.5008874 -0.2986448 -0.5038105 -0.1932535 -0.3421699 -0.0482141 -0.2105928 -0.4589726 -0.3058107 -0.3902243 -0.2535523 -0.2825296 -0.3046223 -0.0332113 -0.1186785 -0.4107370 -0.3464066 -0.2810964 -0.2190212 -0.3465120 -0.1960244 -0.2160428 -0.3895863 -0.2633329 -0.3391427 -0.1133265 -0.3297502 -0.2740641 -0.2858177 -0.2713521 -0.1272007 -0.2467412 -0.3660967 -0.3173910 0.6861891 0.4264985 0.3704375 0.8288596 0.7428575 0.4145622 0.6351152 0.4224761 0.4859947 0.1404714 -0.2177574 -0.1733201 -0.3132719 0.2042055 0.0511774 -0.0331381 -0.1326176 -0.2382444 0.1248239 -0.1003579 0.4505638 0.4685900 0.4796074 0.5501407 0.3184880 0.1493362 -0.3128293 0.2475448 0.3269871 0.1889449 0.1671741 0.2544790 0.5908610 0.2628685 -0.0121682 0.3833999 0.3098252 0.1437827 0.0755413 -0.1596731 0.3661494 0.3146795 0.2973699 0.3285816 0.4899873 0.3829826
0.3309363 0.0000000 0.7296781 0.6767626 0.7677676 0.6532375 0.6265131 0.6622723 0.3096229 0.0345585 0.2318317 0.3202250 0.8458809 0.4645982 0.7310129 0.4355781 0.1180265 -0.2212617 0.3104488 0.4031311 0.8005586 0.3639053 0.4785494 0.3275757 0.1183998 0.1967018 0.4650335 0.5127034 0.8557702 0.5612636 0.4496070 0.3010686 0.0242182 0.3332078 0.1430065 0.8851179 0.2845812 0.0473121 -0.1015382 0.0835835 0.3380779 0.7500945 0.2727613 -0.3623796 0.1816550 0.1883156 0.4160967 0.2175822 0.0123056 0.1853258 0.3140249 0.1804893 0.1985557 -0.2725078 0.2001919 0.3257338 0.4273005 -0.3611944 0.5677679 0.2483037 0.3836696 0.1122459 0.4543402 0.2563926 0.3169550 0.5120275 0.1328382 -0.3019344 0.4120935 0.1002421 0.2721743 0.5049247 -0.0428642 0.6969682 0.2925946 -0.0059348 0.4589632 0.1550504 0.1177889 0.6315547 0.2536164 -0.1081145 -0.4326843 -0.3540303 -0.2596221 -0.4415182 -0.2985765 -0.3150061 -0.4964103 -0.3264809 -0.6122016 -0.5525590 -0.4654789 -0.4201550 -0.6241193 -0.5590646 -0.5960789 -0.3744910 -0.3915741 -0.3146777 -0.4068892 -0.4801236 -0.5262684 -0.3774682 -0.6588781 -0.6135897 -0.2353341 -0.4951065 -0.6184442 -0.1750990 -0.5326778 0.0818222 -0.3465178 -0.2434587 -0.0614566 -0.0269607 -0.0823136 -0.1592926 0.0518889 -0.6786895 -0.6151434 -0.0006301 -0.4699146 -0.6833180 -0.7877045 -0.1233708 -0.2391682 -0.6030336 -0.5545755 -0.5457747 -0.6591770 -0.2949575 -0.4293206 -0.3226822 -0.3515422 -0.6675390 -0.6001385 -0.4655445 -0.5324819 0.1279655 -0.4740731 0.0876022 -0.1562679 0.3837927 -0.5552040 -0.5340339 -0.2522997 -0.3681856 -0.2635765 0.0719177 0.3078440 0.4698771 0.0391538 -0.3331987 -0.2691455 0.3131037 0.0494551 -0.3619806 -0.0497721 0.4966235 -0.2993149 0.1371942 -0.0679862 0.4489610 -0.2592785 -0.0578462 -0.2940114 -0.0938143 0.0699033 0.1507084 -0.1632390 -0.1168972 0.6237882 0.6307159 0.9195778 0.2210783 0.1000054 -0.1098209 0.5753200 0.7293075 0.5928865 0.9032224 0.7500434 0.7916595 0.5928900 0.3777125 0.7150939 0.6563247 0.6509553 0.3514527 -0.2491215 0.5140748 0.0216157 0.4501012 0.1526995 0.1661294 0.4120989 -0.4559728 0.5314094 -0.0306252 -0.3174807 -0.5170069 -0.3010143 -0.1799949 0.6349083 0.6543873 -0.1162979 -0.6282164 -0.2805868 -0.0695472 -0.3733669 -0.3534090 0.7348033 0.2505297 0.0738618 -0.0697526 -0.1191341 -0.1890825
0.6443159 0.7296781 0.0000000 0.8547299 0.9230286 0.6656934 0.6416508 0.7525920 0.5324058 0.3709581 0.3106351 0.4631979 0.7474517 0.3345656 0.3766259 0.1837996 0.1658027 -0.1415267 0.1060378 0.4869966 0.5554811 0.2884439 0.2396136 0.3360924 0.0749212 0.0848341 0.2910894 0.2800280 0.3546177 0.3125628 0.4919848 0.1399339 0.1519156 0.4060264 0.0906667 0.4083588 0.1569173 0.0530644 -0.0223396 -0.0265445 0.2598870 0.2010423 0.3120425 -0.2525422 0.2146533 0.1887220 0.2920901 0.1569115 0.1257697 0.1991986 0.2497668 0.1932492 0.2924307 -0.1860028 0.1792360 0.3072894 0.2694406 -0.1276808 0.1130869 0.2073314 0.4334002 0.1311472 0.2958647 0.3018873 0.4249738 0.3139205 0.0532365 -0.2548689 0.3038883 -0.0871653 0.0759524 0.3773027 -0.1337620 0.5440437 0.0895848 -0.2290268 0.1529449 -0.0609439 -0.0438080 0.2508733 0.0278867 -0.2083066 -0.3851995 -0.3138517 -0.2469069 -0.3686750 -0.2589505 -0.4073153 -0.3136219 -0.2952854 -0.3551174 -0.1829879 -0.2247831 -0.5933146 -0.3389823 -0.3248179 -0.3074612 -0.1920447 -0.2738287 -0.6280994 -0.4858838 -0.3350051 -0.3242452 -0.5258152 -0.4313655 -0.4945217 -0.2911716 -0.3642234 -0.3890351 -0.3474497 -0.3716708 -0.1785105 -0.2977739 -0.2933701 -0.2608457 -0.2046739 -0.3628881 -0.3841847 -0.2628707 -0.6102927 -0.6532707 -0.3569322 -0.3009466 -0.5889573 -0.3890536 0.0185251 -0.3680369 -0.3190407 -0.2447511 -0.3164284 -0.3239642 -0.1584387 -0.3603308 -0.1425654 -0.2549338 -0.3268639 -0.2802061 -0.1888565 -0.3232546 0.0688734 -0.3303521 0.1291082 -0.0893735 0.1294911 -0.2924359 -0.3957217 -0.0845095 -0.2458190 -0.0847730 -0.0042120 0.0515797 0.3175690 0.1078695 -0.1670587 -0.2018513 0.2242356 0.0975663 -0.2083678 0.0824737 0.2200679 -0.2227101 -0.0144434 0.0068303 0.2843137 -0.1921456 0.0515232 -0.0771344 0.0079466 0.1422521 0.0395211 -0.0865444 -0.0358252 0.5650661 0.5024497 0.6415781 0.4887066 0.4975326 0.2337679 0.6996362 0.6139379 0.6337429 0.5532348 0.2115764 0.2783840 0.0699402 0.5295938 0.4926540 0.3845993 0.3209419 0.0626706 -0.2455169 0.2073424 0.3678476 0.4242281 0.2546464 0.3531048 0.3404169 -0.0131143 0.2420925 0.1426429 0.0532411 -0.2394418 -0.1543840 -0.1262203 0.6703964 0.2507041 0.1007009 -0.1282404 0.0591177 -0.0069222 -0.1762422 -0.1762825 0.5965261 0.3639974 0.3307539 0.0569612 0.2346080 0.1917900
0.6367827 0.6767626 0.8547299 0.0000000 0.7368983 0.8347611 0.7239403 0.6885945 0.6145234 0.5814662 0.3115795 0.4979419 0.6088807 0.3424462 0.4206725 0.1213542 0.0827209 -0.2501173 -0.0525505 0.4230369 0.4901191 0.1981152 0.1644383 0.3120964 -0.1118965 -0.0920420 0.2775450 0.3544924 0.3060479 0.4330527 0.4781783 -0.0280118 0.1420360 0.3358145 -0.0393508 0.3159952 0.0549104 -0.1447311 -0.0631760 -0.1235891 0.1882347 0.1177899 0.2582992 -0.3163235 0.0079529 -0.0422895 0.1920957 -0.0430644 0.0563361 0.0134730 0.1793648 0.1414164 0.2279676 -0.2329268 0.0014046 0.1186887 0.1503439 -0.1389152 0.0431051 0.1149981 0.2709568 0.0564159 0.2165516 0.2000279 0.2570241 0.2123829 -0.0206003 -0.2191055 0.1469239 -0.0574293 0.0022020 0.2201016 -0.1198049 0.3684615 0.0040634 -0.2637840 -0.0023271 -0.1396865 -0.0608168 0.1068235 -0.0528592 0.0102292 -0.2773336 -0.2687043 -0.2997525 -0.2965682 -0.1358687 -0.3404529 -0.3107640 -0.3079062 -0.3895396 -0.2408682 -0.1878670 -0.4608676 -0.3601394 -0.3200013 -0.3463102 -0.0847744 -0.3095393 -0.4825120 -0.4052043 -0.2104672 -0.2895141 -0.3911511 -0.4363905 -0.4883346 -0.1382418 -0.3928855 -0.3279885 -0.2949437 -0.3976742 -0.0719092 -0.2619538 -0.2513584 -0.1763461 -0.1508260 -0.3018691 -0.3213780 -0.2161401 -0.4679277 -0.5616650 -0.3228358 -0.3681237 -0.5756202 -0.2414882 0.1217803 -0.3836958 -0.3891633 -0.0444824 -0.3722552 -0.1842187 -0.3207073 -0.5099638 -0.4146215 -0.3278433 -0.4254491 -0.2552688 -0.0803227 -0.3028535 0.0440492 -0.3916556 0.1024839 -0.1977957 -0.1519988 -0.1807799 -0.5126401 -0.1071208 -0.2637332 -0.2266375 -0.0776448 0.0158786 0.1888417 0.0722991 -0.2951212 -0.3297487 -0.0131227 -0.0060579 -0.2997571 -0.0475451 0.2768110 -0.3283709 -0.0214790 -0.1689546 0.2368617 -0.2327507 -0.1185353 -0.2128229 -0.1170640 0.0416870 0.0252426 -0.2045275 -0.1303928 0.3924149 0.3347733 0.5387143 0.6041041 0.6046725 0.3035372 0.5728456 0.3730289 0.4399349 0.3892477 0.1653081 0.2068562 0.0908920 0.3189065 0.2829475 0.1613609 0.1576838 -0.0801892 -0.2456875 0.0306269 0.4230977 0.2179565 0.2590029 0.3037834 0.1431658 0.0577919 0.1127574 0.1772708 0.0044671 -0.0907490 0.0100158 0.0522789 0.7131738 0.2942908 0.2547490 -0.0889736 0.0397598 0.1214454 0.0392279 -0.1231241 0.6728259 0.3939980 0.3668623 0.1227059 0.3391016 0.2788868
0.4526477 0.7677676 0.9230286 0.7368983 0.0000000 0.6752650 0.6193314 0.7177902 0.4619562 0.1938713 0.2718873 0.2287050 0.8346656 0.2469936 0.3024366 0.2043492 0.0382600 -0.3004116 0.1745706 0.4979822 0.5766086 0.2750644 0.2806898 0.2028532 0.0941290 0.0858111 0.3270677 0.3213699 0.4867898 0.4408994 0.4178722 0.1591539 -0.0005610 0.2590186 0.0450640 0.5424804 0.1213374 0.0219983 -0.1108223 0.1297218 0.2642681 0.4057723 0.2506633 -0.4096316 0.2707915 0.1344315 0.2548988 0.1173918 -0.0499632 0.1555876 0.1792588 0.1729251 0.1508680 -0.2514331 0.1081371 0.2545161 0.2301365 -0.2428529 0.2735571 0.1308382 0.4413650 0.0862524 0.3445114 0.2238169 0.2858281 0.2621718 -0.0396235 -0.3260822 0.2743371 -0.1175849 0.0196835 0.3750826 -0.2295818 0.5381463 0.0810081 -0.2519575 0.1628084 -0.1093870 -0.0948133 0.2932165 0.0320857 -0.1415016 -0.3202391 -0.1981237 -0.1223695 -0.2474074 -0.1559207 -0.3229284 -0.2100168 -0.1291698 -0.2641181 -0.1417783 -0.1454144 -0.5748537 -0.2687998 -0.2828682 -0.2443138 -0.1444327 -0.1174167 -0.5134543 -0.3734250 -0.2714474 -0.2274565 -0.5023567 -0.3297308 -0.4038259 -0.1871821 -0.2446308 -0.3020132 -0.1910606 -0.2055167 -0.0433760 -0.3047872 -0.2270616 -0.1525776 -0.1365506 -0.2189164 -0.2372862 -0.1546348 -0.5951581 -0.5303658 -0.2549273 -0.2170630 -0.6157503 -0.4946487 -0.2452173 -0.3719300 -0.2009208 -0.3988266 -0.3923866 -0.4070587 0.0291227 -0.3287277 -0.0533428 -0.1265973 -0.2085314 -0.2057254 -0.2856683 -0.2322095 -0.0119811 -0.2065069 0.0573357 0.0067988 0.2505814 -0.3096940 -0.2293655 0.0029502 -0.0807982 -0.0123089 0.0159468 0.0984600 0.3500428 0.0897311 -0.0671807 -0.1082816 0.3286173 0.1067864 -0.1123763 0.0897584 0.2138510 -0.1153429 0.0184384 0.1016548 0.2593097 -0.0966821 0.0977351 -0.0444931 0.0735889 0.1101876 0.0526789 -0.0249581 0.0189131 0.5788874 0.6519424 0.6960989 0.3110418 0.2504285 0.0055793 0.6065335 0.6204836 0.5825238 0.6595291 0.3966471 0.4405918 0.2120029 0.4525564 0.5342416 0.4551006 0.3575036 0.0669194 -0.3400087 0.1996312 0.1204424 0.3193585 0.0125771 0.1224810 0.1919434 -0.1878750 0.2735452 -0.1293508 0.0484841 -0.3216968 -0.1976864 -0.2418256 0.5777330 0.2936476 -0.1040647 -0.3011472 0.0669975 -0.1345156 -0.2735045 -0.3353968 0.7038232 0.3131586 0.1375885 -0.0059902 0.2011212 0.1509271
0.5478191 0.6532375 0.6656934 0.8347611 0.6752650 0.0000000 0.8919606 0.4576888 0.7761850 0.4072757 0.0289879 0.2855992 0.5261090 0.1557606 0.2373384 -0.1368838 -0.2839565 -0.4755021 -0.1573417 0.5404437 0.4950834 -0.0134416 -0.0605438 0.0160871 -0.2820992 -0.3476578 0.1805650 0.3441791 0.3801214 0.5443756 0.3231853 -0.1772999 -0.0619435 0.1104229 -0.2971660 0.4378792 -0.1835143 -0.3993902 -0.0949688 -0.0105120 0.0630214 0.2614230 0.0467425 -0.3738211 0.0740068 -0.2779087 0.0304094 -0.2950551 -0.0488344 -0.2831801 -0.0708404 0.0234330 0.2027976 -0.0983945 -0.2712369 -0.0884108 -0.0642938 -0.1410965 0.1842534 -0.1789240 0.3195477 -0.0342055 0.2609888 0.0432245 0.0942276 0.0026924 -0.3117431 -0.2421205 -0.0194977 -0.0540963 -0.2418770 0.1211417 -0.2557647 0.2790795 -0.1244046 -0.4161044 -0.1118601 -0.3899627 -0.2983421 0.0205581 -0.3114759 0.3322935 -0.0616196 -0.0071031 -0.0041757 -0.1434272 -0.0342431 0.0117103 -0.1514079 -0.0652859 -0.3624089 -0.3466344 0.0194065 -0.1684146 -0.3018426 -0.4289585 -0.4471319 0.1610091 -0.2876964 -0.1206216 -0.2938180 -0.0295636 -0.1511512 -0.1600876 -0.4229559 -0.4903415 0.1695435 -0.1939156 -0.1721868 0.0610189 -0.2856866 0.3085080 -0.1427253 -0.0201626 0.1872058 0.1726422 0.0359122 0.0206752 0.1461424 -0.3126100 -0.3384787 -0.0974942 -0.3380227 -0.5103643 -0.3252152 -0.1033955 -0.3861457 -0.3139452 -0.2051566 -0.5270307 -0.2826674 -0.1534058 -0.5650623 -0.4721533 -0.3987206 -0.2983127 -0.1348845 -0.3032277 -0.2526674 -0.1955867 -0.4470073 -0.2198866 -0.3070568 -0.0449769 -0.0802980 -0.5212466 -0.1780690 -0.1910736 -0.3327266 -0.3084581 -0.1674602 0.0571839 -0.2026354 -0.3826839 -0.4112924 -0.1524532 -0.2154175 -0.3648355 -0.2257709 0.1863898 -0.3781984 -0.2128843 -0.2787134 0.0276874 -0.2820908 -0.2798299 -0.3433692 -0.1918947 -0.1828172 -0.1520916 -0.2645831 -0.2187935 0.4745661 0.4976234 0.5142553 0.6239252 0.4614983 0.2446853 0.3728283 0.2882115 0.3203134 0.3704151 0.3274405 0.3325388 0.2331357 0.1628717 0.2607958 0.0305494 0.0428773 -0.2595495 -0.2635816 -0.0490225 0.2362901 0.0219454 0.0544406 0.1046178 0.0136270 -0.0228807 -0.0247721 -0.0394505 -0.0044676 0.0154475 0.1393195 0.2411856 0.6403500 0.3785238 -0.0309285 -0.1149189 0.0296214 0.0510059 -0.0202200 -0.1319236 0.7510539 0.4380098 0.3260649 0.1950109 0.2682963 0.1236769
0.6876154 0.6265131 0.6416508 0.7239403 0.6193314 0.8919606 0.0000000 0.2954733 0.7033741 0.2499856 -0.1301742 0.5203366 0.3902226 0.1936565 0.2361009 -0.2614557 -0.2054495 -0.2289964 -0.3013576 0.5071620 0.6209139 -0.2331578 -0.1490751 -0.1320392 -0.4147022 -0.3892089 0.0204023 0.1066462 0.3412921 0.3172825 0.1398238 -0.2687583 -0.2210299 0.0355864 -0.3379112 0.4570469 -0.2131404 -0.4401765 -0.1627842 -0.1663854 -0.1994213 0.1900851 -0.0699054 -0.3348709 0.0807686 -0.3271779 -0.0562955 -0.3365294 -0.0731390 -0.3477385 -0.1616276 -0.1718603 0.2728673 -0.0696609 -0.3735497 -0.2329932 -0.1148472 -0.0606715 0.0450533 -0.2407359 0.3016495 -0.1256402 0.0011652 0.1050629 0.2146357 -0.0650102 -0.3278660 -0.2165767 -0.1536736 -0.0620038 -0.2900879 0.1345527 -0.3230997 0.2879872 -0.3070411 -0.3883505 -0.1094200 -0.4296162 -0.2740902 0.0371295 -0.3843664 0.2512899 -0.0982867 -0.1317644 -0.0842274 -0.2694359 -0.1137358 -0.1125110 -0.2775414 -0.2621270 -0.4637519 -0.4334317 -0.1046501 -0.2181291 -0.4316967 -0.6331004 -0.5144113 0.0091860 -0.5574320 -0.2092158 -0.5975297 -0.1445838 -0.2872782 -0.3055407 -0.5823515 -0.7000882 -0.0118553 -0.2723438 -0.3019340 -0.0547587 -0.4611395 0.1934255 -0.3091907 -0.2023440 0.0792948 0.0314858 -0.0974154 -0.0991376 0.0615182 -0.3719460 -0.5004733 -0.2280647 -0.4467880 -0.6258219 -0.3603528 -0.0197485 -0.5257955 -0.4688232 -0.2575743 -0.6436602 -0.4154143 -0.2957630 -0.6844935 -0.4780830 -0.5144467 -0.4102031 -0.3299155 -0.3019121 -0.4088514 -0.1648628 -0.6363905 -0.2215178 -0.4573339 0.0908158 -0.2623332 -0.6726870 -0.2933553 -0.3274125 -0.4005231 -0.3727556 -0.2055374 0.0216604 -0.2362117 -0.5223699 -0.4750341 -0.1683167 -0.3734612 -0.4863450 -0.3946818 0.1657934 -0.4788850 -0.2598266 -0.3577203 -0.0613547 -0.4132867 -0.3625757 -0.4285815 -0.2955668 -0.3109692 -0.2652866 -0.3678536 -0.3344672 0.6869767 0.6296118 0.6290366 0.7875255 0.6163855 0.3647952 0.5971702 0.4929280 0.5355675 0.4325654 0.2152365 0.2281931 0.0660661 0.2552931 0.3112680 0.1381317 0.0449722 -0.2375580 -0.1080759 0.0631265 0.3480949 0.2713649 0.1983184 0.3251224 0.2320214 0.0293521 -0.0773743 0.0916733 0.0807888 -0.0601274 -0.0256194 0.2092057 0.6854050 0.4702864 -0.0609956 -0.0231482 0.0974126 0.0396945 -0.1565011 -0.0970641 0.6968504 0.6295303 0.4181503 0.0975589 0.3328507 0.1901754
0.1679042 0.6622723 0.7525920 0.6885945 0.7177902 0.4576888 0.2954733 0.0000000 0.1561366 0.4849667 0.7768005 0.2509756 0.8546113 0.5663313 0.4822680 0.5820651 0.3317188 -0.1607862 0.5903418 0.1518343 0.4771557 0.5325452 0.5884352 0.2746684 0.4962677 0.4466945 0.5742322 0.5046860 0.4858098 0.5444019 0.3853618 0.5058782 0.0676260 0.4271175 0.3746155 0.4072116 0.3804251 0.3438532 -0.0787884 -0.0603970 0.5376003 0.4090633 0.4646984 -0.3775252 0.4731627 0.4020091 0.3770317 0.4002680 0.0055038 0.3322938 0.3957757 0.2819332 0.2491218 -0.2962956 0.4089845 0.4596048 0.4244880 -0.0973926 0.4785141 0.3794399 0.6407168 0.1508358 0.4555601 0.4720155 0.5625930 0.5116518 0.2588670 -0.1135223 0.5123025 0.1835165 0.3500988 0.5367988 0.0122012 0.6777643 0.4280949 0.1027804 0.4231938 0.3201459 0.2585381 0.5333337 0.4245683 -0.2786056 -0.4697732 -0.4469355 -0.4489891 -0.4575740 -0.3459260 -0.3733820 -0.5008612 -0.3912173 -0.5033151 -0.3116709 -0.4699810 -0.4102253 -0.5084431 -0.3522881 -0.3921083 -0.4239936 -0.2284433 -0.4091853 -0.3500630 -0.5128152 -0.4163112 -0.3485994 -0.4524131 -0.4257135 -0.3659263 -0.4679811 -0.5499662 -0.3402249 -0.4505787 -0.2536955 -0.3144000 -0.2434995 -0.2146297 -0.1743559 -0.1903733 -0.2391691 -0.1466257 -0.5843172 -0.4728254 -0.0404491 -0.2097195 -0.3936695 -0.3992591 0.0422655 -0.0488626 -0.3113037 -0.2233251 -0.1244736 -0.2783990 -0.3045383 -0.0813210 -0.1407200 -0.1278602 -0.4446607 -0.3253680 -0.1140860 -0.2901201 0.3449694 -0.0971757 0.3119196 0.1496797 0.1373819 -0.3195190 -0.2322753 -0.0492279 -0.1742962 0.0391076 0.2912183 0.3507246 0.3875766 0.1863440 0.0251302 0.0215339 0.4395747 0.3262211 -0.1140683 0.2582481 0.4970040 0.0344050 0.2737404 0.1979420 0.5033410 0.0179276 0.1882628 0.0942025 0.1819463 0.3151881 0.3102680 0.1161884 0.1446666 0.2133861 0.2730821 0.5464878 0.1377853 0.2185438 0.1505059 0.5111172 0.4734974 0.5178770 0.5679410 0.4345339 0.4686354 0.4477764 0.6952062 0.6875559 0.5422611 0.5571521 0.4133297 -0.3086628 0.4575234 0.3232911 0.2887228 0.1492522 0.2512908 0.3765303 0.0752717 0.6218172 0.2163012 -0.3096929 -0.3272673 -0.2352009 -0.3216783 0.4155345 0.3050555 0.2003772 -0.4250712 -0.3342773 -0.0414625 -0.3061251 -0.0710975 0.4337129 0.2652982 0.2520337 -0.2525829 -0.1375804 -0.0540892
0.6250935 0.3096229 0.5324058 0.6145234 0.4619562 0.7761850 0.7033741 0.1561366 0.0000000 0.3519854 -0.2402155 0.3479726 0.1682768 -0.0084668 0.1031284 -0.3218984 -0.3038746 -0.2990548 -0.2683178 0.4877317 0.2905755 -0.0423677 -0.2557518 0.2106343 -0.2041677 -0.3170406 0.0376699 0.2640073 0.0619847 0.2257615 0.4167327 -0.1917656 0.3295173 0.3372854 -0.2260297 0.1266310 -0.1897594 -0.3417202 0.2153379 -0.0571153 0.0936363 -0.0894044 0.0930819 0.1477721 0.0989139 -0.1628379 0.1227279 -0.2936258 0.4236900 -0.2607852 0.0073719 0.0337842 0.5018431 0.2525592 -0.2790304 -0.0206837 -0.1014829 0.2535405 -0.0421759 -0.1112936 0.2944949 0.1314851 0.2274645 0.1454369 0.1743579 -0.1113856 -0.2133993 0.0303818 -0.0301863 0.0794862 -0.2482679 0.1406327 0.0114410 0.1763730 -0.1130274 -0.3339553 -0.1709689 -0.3723820 -0.2612158 -0.2205123 -0.3548594 0.2958447 -0.0731461 0.0728469 0.0704188 -0.0853178 0.0240169 0.1375967 0.0372940 0.0457335 -0.0970814 -0.0962244 0.2884890 -0.0189866 -0.0342742 -0.1472859 -0.2032117 0.4084125 -0.1372047 -0.1516121 -0.0508509 0.0861824 -0.0448075 -0.0976526 -0.1146839 -0.2829957 0.1879438 -0.0874752 0.1013147 0.0198243 -0.0785658 0.2427039 -0.1413085 0.0256968 0.0566629 0.0932725 -0.0563341 -0.0513876 0.0222023 0.0301276 -0.1619055 -0.2209180 -0.1651618 -0.3320387 0.0176973 0.2400376 -0.3153619 -0.0891667 0.1287206 -0.2609764 0.0840288 0.0749364 -0.3438144 -0.4159320 -0.3169018 -0.0061261 0.1714930 -0.0903263 0.0330389 -0.2066479 -0.3295144 -0.1581589 -0.2885780 0.0053757 0.2859536 -0.3695495 0.0128960 -0.0346305 -0.2805248 -0.2835051 -0.2697649 0.1063377 -0.0466483 -0.3094051 -0.3591058 -0.3425759 -0.1940485 -0.1080789 -0.1047173 -0.0738039 -0.3336661 -0.2588149 -0.3040575 -0.1411551 -0.1823946 -0.2153174 -0.2550062 -0.1486787 -0.1113012 -0.1671255 -0.1897929 -0.1170435 0.3450550 0.3300807 0.1647640 0.6590673 0.5162038 0.2774889 0.2056544 0.0846100 0.0487044 0.0033068 0.0110786 0.0273984 -0.0038689 0.0535678 0.0372879 -0.2819956 -0.1508712 -0.3403216 0.0280531 -0.1772331 0.2931306 -0.0229207 0.2960447 0.1201607 0.0383880 0.1002361 -0.2937039 0.1878705 0.1787511 0.2658255 0.2734903 0.4625873 0.4742276 0.2102305 0.1257979 0.2272026 0.1812047 0.0957524 0.1196018 0.0871070 0.4027380 0.2827701 0.4174674 0.5636611 0.3396559 0.2104281
0.1741898 0.0345585 0.3709581 0.5814662 0.1938713 0.4072757 0.2499856 0.4849667 0.3519854 0.0000000 0.5943451 0.3453116 0.2094158 0.3445976 -0.0196659 0.0452506 0.2565917 -0.0480178 0.0331579 0.0815620 -0.0149217 0.2526206 -0.0142440 0.0727462 0.1051909 -0.0618921 0.1009531 0.0944408 -0.1793236 0.1093241 0.1358566 0.0192628 0.0628134 0.1051354 -0.0482403 -0.2858152 0.0136448 0.1325872 0.1143678 -0.2523779 0.1986318 -0.3339589 0.2683115 -0.0845506 -0.0704287 0.0481378 0.0007079 0.1179087 0.0468652 0.0845293 0.0962167 0.1831364 0.1111227 0.0584432 0.1804691 0.1211799 -0.0407668 0.2766872 -0.2108889 0.0458838 0.1455150 0.0022072 0.0655128 0.3098513 0.2382992 -0.0495343 0.0260531 0.1087485 0.0444399 0.1596465 -0.0543156 0.0242467 0.0144871 0.1276962 0.0222905 -0.0146374 -0.1040103 -0.0258716 0.0892786 -0.0771675 -0.0418740 -0.1429887 -0.2158773 -0.3073925 -0.4348089 -0.3422132 -0.2558856 -0.2470828 -0.2836186 -0.3693024 -0.2542888 -0.0469277 -0.2029955 -0.1917518 -0.1596956 -0.1281478 -0.0968822 -0.1397805 -0.1408946 -0.2692047 -0.2286925 -0.1442557 -0.1604746 -0.2113502 -0.1546360 -0.2143783 -0.1566543 -0.2984824 -0.1310164 -0.3059797 -0.2012489 -0.3283206 -0.0350330 -0.0880119 -0.1433809 -0.1528175 -0.2178469 -0.2001895 -0.2472999 -0.0593908 -0.1048510 -0.1120083 -0.0542704 0.0094330 0.2762211 0.2546577 0.0853057 -0.0413067 0.3220391 0.2559137 0.3355817 -0.2769093 0.0088540 -0.1674357 -0.0308574 -0.0828124 0.1350264 0.3541572 0.1740675 0.2837218 0.1087732 0.2587960 0.1624544 -0.3781436 0.1339324 -0.1343878 0.2757597 0.1852689 0.1875069 0.0706383 0.0763345 -0.0742786 0.1618430 0.1588656 0.0558820 0.0716746 0.2156467 0.1020912 0.2066083 0.2820931 0.0813583 0.1666929 0.2138461 0.1945218 0.1543475 0.2142966 0.2715449 0.2173822 0.2216040 0.2485422 0.2297858 0.2602264 -0.1751943 -0.2536005 -0.0908243 0.3352629 0.5077319 0.4397279 0.1734886 -0.1366109 0.1083952 -0.1969750 -0.2690624 -0.2527225 -0.1457523 0.3333266 0.0358113 -0.0771302 -0.1038898 -0.1166238 -0.0889419 -0.0943725 0.5179933 -0.1841828 0.1229595 0.1509229 -0.0343859 0.4644425 0.0439007 0.3808992 0.0737788 0.0291666 0.1165908 0.0706315 0.2825225 -0.1841490 0.5117191 0.2182814 0.0643234 -0.0676113 0.1684572 0.2764110 0.1449493 0.2278914 0.4084418 0.0510492 0.2831923 0.3199180
-0.3115382 0.2318317 0.3106351 0.3115795 0.2718873 0.0289879 -0.1301742 0.7768005 -0.2402155 0.5943451 0.0000000 0.0613727 0.5347177 0.6045043 0.2881159 0.6927560 0.5068584 -0.0479970 0.6733743 -0.2906824 0.1874608 0.5102159 0.6255416 0.1671388 0.5772945 0.5428806 0.5510259 0.3909524 0.2485519 0.3810846 0.1207419 0.5266316 -0.0055245 0.1924293 0.4732411 0.0844751 0.4067734 0.4953867 -0.0709816 -0.1286027 0.5408462 0.1816324 0.4660696 -0.2997322 0.2652329 0.4115586 0.2840041 0.5012867 -0.1044889 0.3557141 0.4121427 0.2571466 0.0564852 -0.2643682 0.5187961 0.4216091 0.3522084 0.0519255 0.3179813 0.4046685 0.4097121 0.0459744 0.3304876 0.4986940 0.4294423 0.4022952 0.3525780 0.0050935 0.4387712 0.2961886 0.4105170 0.3978853 0.0848366 0.4793773 0.4459171 0.3294295 0.3920324 0.5012052 0.4355591 0.4664335 0.5560834 -0.4562925 -0.5108514 -0.4799579 -0.5793718 -0.4806047 -0.4450543 -0.3260033 -0.5284586 -0.4274614 -0.4432928 -0.2231354 -0.5430831 -0.2029931 -0.4282470 -0.2361335 -0.2436774 -0.5266343 -0.1191676 -0.1989073 -0.2213338 -0.4864252 -0.3269348 -0.2291672 -0.3026353 -0.2337706 -0.3550696 -0.3819777 -0.4558974 -0.2860226 -0.3467960 -0.3803401 -0.1883278 -0.0931346 -0.1773488 -0.1681655 -0.0673916 -0.1224865 -0.1537173 -0.3026091 -0.1355295 0.1838598 -0.0881538 -0.0177568 -0.0745788 0.1330806 0.3419317 -0.1731937 0.0464238 0.2705290 0.0347331 -0.3407106 0.2625125 -0.0160472 0.0483427 -0.3159936 -0.1767690 0.2417585 0.0040059 0.6033596 0.2085055 0.5288852 0.3141349 -0.0305451 -0.1996098 0.0104839 0.1647685 0.0484283 0.2178003 0.4841462 0.4742579 0.2626857 0.3285313 0.2579526 0.2796475 0.5153887 0.4044192 0.1046167 0.3289448 0.5535481 0.3014177 0.4453088 0.3857320 0.4726118 0.2473579 0.3465365 0.2988094 0.2830475 0.3555081 0.4365419 0.3077876 0.3014589 -0.2399405 -0.1272187 0.1681173 -0.1706836 0.0330758 0.1284929 0.2351452 0.1612565 0.2539155 0.2490308 0.2034768 0.2170672 0.3126357 0.5829880 0.4919856 0.4304756 0.4241230 0.4445331 -0.1663859 0.3909628 0.2788269 0.0917922 0.0532477 0.1491518 0.2361891 0.2219859 0.6437967 0.3254204 -0.3869105 -0.4138933 -0.3794305 -0.4806981 0.0660616 -0.0419272 0.3923766 -0.3874516 -0.4183355 -0.1379491 -0.2821944 0.1767527 0.0374276 0.1372948 0.2125614 -0.4856791 -0.2772096 -0.1041619
0.6983476 0.3202250 0.4631979 0.4979419 0.2287050 0.2855992 0.5203366 0.2509756 0.3479726 0.3453116 0.0613727 0.0000000 0.0871089 0.4182446 0.4664817 0.0127374 0.4838966 0.5551612 -0.1359530 0.2437219 0.5015976 -0.0408762 0.0522852 0.2226039 -0.0106532 0.1233471 -0.0595494 -0.1655506 0.0648825 -0.2954036 0.1442541 0.0597891 0.1467842 0.4490887 0.0890875 0.1175635 0.2032109 0.1538767 0.1311672 -0.4670983 -0.1546033 -0.1218907 0.2305407 0.1753047 0.1193407 0.1661294 0.1698440 0.1889710 0.3846866 0.1646204 0.2101511 -0.0713203 0.5415477 0.1880068 0.0729259 0.0312218 0.1551194 0.4425358 -0.1242874 0.2130663 0.2665002 0.1731487 -0.2616606 0.5801288 0.6560496 0.1194131 0.2650281 0.3368582 0.0192201 0.3371103 0.1150013 0.3579523 0.2188848 0.3831882 -0.0895041 0.2313848 0.2238611 0.0994820 0.3553125 0.2300749 0.0924158 -0.2700621 -0.4137218 -0.6300002 -0.5989270 -0.5672033 -0.3337166 -0.6372114 -0.5596913 -0.7612785 -0.4762148 -0.2853125 -0.5042225 -0.5042556 -0.5098328 -0.4677350 -0.3123775 -0.4780332 -0.6743162 -0.6719529 -0.7048309 -0.5138993 -0.6373228 -0.6248211 -0.4900089 -0.6473569 -0.6424211 -0.6434166 -0.5235783 -0.7298857 -0.6246509 -0.4527665 -0.5805802 -0.6940573 -0.5746469 -0.5779179 -0.6495056 -0.6242747 -0.4688627 -0.2803977 -0.6875129 -0.5270237 -0.3307080 -0.5820546 -0.1296688 0.5754944 -0.4239915 -0.5358735 0.0147605 -0.2944132 -0.2259454 -0.5793740 -0.4255701 -0.3813278 -0.2264891 -0.5493842 -0.5609289 0.0547203 -0.4778289 0.2796545 -0.3956794 0.3095565 -0.1381056 0.1894329 -0.4392739 -0.4877409 -0.0726419 -0.2639368 -0.0794480 0.1735225 0.2381678 0.2558176 0.2904369 -0.2689326 -0.0980621 0.0619287 0.0249353 -0.1498839 -0.0253829 0.2496066 -0.1871014 0.2653361 -0.0583456 0.2158611 -0.0966770 0.0124145 -0.0746873 -0.0555885 0.1230426 0.2009035 -0.0903458 -0.0263620 0.5719311 0.3291195 0.4657482 0.6809316 0.7202462 0.3975899 0.7934181 0.5490382 0.6186939 0.2624904 -0.1232048 -0.0895525 -0.1131116 0.4906702 0.3495889 0.3361111 0.2035975 0.2406796 0.3664389 0.3557915 0.5663833 0.6391042 0.7005652 0.6595223 0.6249892 0.1679356 0.0798713 0.6375005 0.1334792 -0.1986569 -0.2205381 -0.0293741 0.4941581 0.4583365 0.2998603 0.1454785 0.0723921 -0.0437479 -0.2116851 0.0198278 0.1937490 0.3716556 0.3434101 0.0769110 0.3537517 0.3807102
0.0985006 0.8458809 0.7474517 0.6088807 0.8346656 0.5261090 0.3902226 0.8546113 0.1682768 0.2094158 0.5347177 0.0871089 0.0000000 0.4726762 0.4996111 0.4957031 0.1810337 -0.2598764 0.5191982 0.3731903 0.5242427 0.5750232 0.5526511 0.2218640 0.3621177 0.3665341 0.5291746 0.5163299 0.6866478 0.6144385 0.4415170 0.4655071 -0.0548977 0.2640547 0.2716903 0.6553705 0.3931220 0.1854804 -0.0789609 0.1454452 0.4422346 0.6734195 0.3554521 -0.4832729 0.3199167 0.3132651 0.4158758 0.2980013 -0.1216958 0.2452446 0.3391119 0.2513608 0.0595709 -0.3447995 0.3204683 0.4253208 0.4816578 -0.3881362 0.5813612 0.3224719 0.4646031 0.0625055 0.4919584 0.2528996 0.3469516 0.5523385 0.1642945 -0.3743486 0.4922440 0.0073801 0.3144495 0.4532687 -0.1518995 0.6792963 0.3923765 -0.0509788 0.4201267 0.2128992 0.0779858 0.5867463 0.3409345 -0.2394224 -0.4088499 -0.3302024 -0.2546084 -0.3822377 -0.2690490 -0.3333546 -0.4078179 -0.2381678 -0.4488945 -0.3161379 -0.3909564 -0.4495656 -0.4609271 -0.3794417 -0.3589852 -0.3637689 -0.1412761 -0.3027640 -0.2874342 -0.4134488 -0.3465068 -0.3232435 -0.4407624 -0.4250363 -0.2377509 -0.3394049 -0.4931162 -0.1456220 -0.3267184 -0.0723826 -0.2605153 -0.1615614 -0.0583179 -0.0411152 -0.0391798 -0.0815505 0.0278549 -0.6473689 -0.4192621 0.0813026 -0.1966278 -0.4379714 -0.6257921 -0.3002710 -0.0594802 -0.2790565 -0.5135054 -0.2451151 -0.4566428 -0.0859622 -0.0876922 -0.0046768 -0.1049555 -0.3867981 -0.3179425 -0.3484691 -0.2679331 0.1692193 -0.1144277 0.1232213 0.1468857 0.3141348 -0.4291285 -0.2089782 -0.0420589 -0.1161887 0.0508278 0.1681804 0.3229053 0.3983232 0.0766272 0.0464477 -0.0156185 0.5343377 0.2728884 -0.1389099 0.1947411 0.4804154 -0.0278428 0.2056099 0.2499233 0.4985302 -0.0362627 0.2195135 0.0759216 0.2103485 0.2410089 0.2599339 0.1265864 0.1362015 0.3651012 0.4569078 0.7153674 -0.0067986 -0.0175230 -0.1042049 0.4256539 0.5324147 0.5452123 0.7740610 0.6676022 0.6911369 0.5457645 0.5438105 0.7094403 0.6845845 0.6112622 0.3323990 -0.4213123 0.4421134 -0.0219779 0.2319550 -0.1155975 -0.0229480 0.2178614 -0.2961408 0.6247341 -0.1655246 -0.2348165 -0.5002299 -0.2645978 -0.3450310 0.4730598 0.3843062 -0.1201441 -0.5910284 -0.2082311 -0.1786358 -0.3927843 -0.2877704 0.6374286 0.1955042 0.0268865 -0.1596158 -0.1371074 -0.1488593
-0.0581919 0.4645982 0.3345656 0.3424462 0.2469936 0.1557606 0.1936565 0.5663313 -0.0084668 0.3445976 0.6045043 0.4182446 0.4726762 0.0000000 0.5684006 0.5718995 0.6220245 0.2732257 0.4938558 -0.1628491 0.4794886 0.4396820 0.7237133 0.1140705 0.4346913 0.5758750 0.6799800 0.4876838 0.4593090 0.3763739 0.1003876 0.6773565 -0.0659053 0.1963405 0.6236601 0.3622125 0.7120170 0.3186120 0.2374914 -0.0553010 0.3055761 0.3958161 0.6368405 -0.1712360 0.3306638 0.5233351 0.6241143 0.3430589 0.0351569 0.2809486 0.6203059 0.3320378 0.2295943 0.0162021 0.4397224 0.4989877 0.7084647 0.0701204 0.4280662 0.6633824 0.4464435 0.2826031 0.3780629 0.5821081 0.5561242 0.7355038 0.6539156 0.1494760 0.6453812 0.5137824 0.7485000 0.6079326 0.3674746 0.6708360 0.5970447 0.4772884 0.6049669 0.6970315 0.6152853 0.6249370 0.6505008 -0.6387245 -0.7661692 -0.8158841 -0.8409452 -0.7899454 -0.6416585 -0.5335856 -0.8661234 -0.7402701 -0.7962529 -0.6529492 -0.7789287 -0.1760373 -0.7978171 -0.5824828 -0.5446334 -0.7075172 -0.5094727 -0.2204423 -0.4856868 -0.7655594 -0.6957444 -0.1599347 -0.6299980 -0.6528832 -0.5821845 -0.6940156 -0.7923785 -0.4895918 -0.7227530 -0.4631595 -0.5756872 -0.3135254 -0.4205128 -0.3875597 -0.3108613 -0.4214499 -0.3351256 -0.4760296 -0.5122692 -0.0666792 -0.5691006 -0.4553259 -0.2461214 0.2897667 0.0735351 -0.6879902 0.0037555 -0.0280139 -0.1173354 -0.7176666 -0.0359386 -0.2986666 -0.3794446 -0.7193117 -0.4329863 0.1948568 -0.1971349 0.7018078 -0.2374583 0.5807265 0.0163486 0.1474303 -0.2656334 -0.4293421 0.0877241 -0.1288897 -0.0088915 0.4088974 0.5926742 0.4571190 0.3568116 -0.0921686 -0.0369862 0.4581949 0.3071332 -0.0622252 0.1785181 0.7315929 -0.0410400 0.4722520 0.1460244 0.5962934 -0.0117105 0.2134115 0.0097917 0.2001077 0.3467617 0.4572614 0.1984409 0.2297141 0.0559674 0.1384591 0.4575501 0.1268411 0.2420076 0.2610539 0.4564176 0.4083244 0.4894255 0.5129756 0.4101127 0.4334909 0.4314160 0.6140869 0.6415541 0.5493111 0.6707033 0.5784090 -0.0845075 0.6281602 0.3502085 0.2013144 0.1855658 0.0967759 0.4630079 -0.0151117 0.7016637 0.4181617 -0.4492508 -0.5603942 -0.6822022 -0.4712342 0.0561948 0.3050402 0.2916675 -0.5605322 -0.5363094 -0.1109395 -0.6106817 0.1357090 0.0391864 0.3413342 0.3045217 -0.4326747 -0.1351591 -0.0050004
0.1398226 0.7310129 0.3766259 0.4206725 0.3024366 0.2373384 0.2361009 0.4822680 0.1031284 -0.0196659 0.2881159 0.4664817 0.4996111 0.5684006 0.0000000 0.6747664 0.3525900 0.0777941 0.4432280 -0.0152682 0.7279186 0.3872051 0.6417400 0.6428394 0.3224555 0.5093949 0.5019317 0.5865528 0.7630269 0.3730385 0.4743307 0.4445336 0.3986927 0.6577707 0.4449613 0.7079557 0.4759088 0.2471934 -0.0093409 -0.2096506 0.4589338 0.5936853 0.3719867 0.0291573 0.1447056 0.3367867 0.5592768 0.3826654 0.3939323 0.2764801 0.5413644 0.0871486 0.4831850 -0.2141807 0.2938858 0.3647894 0.5335524 -0.0443377 0.5458827 0.4894057 0.3087617 0.1824948 0.3450538 0.5030468 0.4892496 0.6006188 0.4525155 0.0177422 0.4467638 0.4324155 0.5397429 0.6393560 0.3319696 0.6736649 0.4485443 0.4005825 0.6361263 0.5235104 0.5067914 0.6814736 0.5963421 -0.2128387 -0.5972987 -0.5221188 -0.5151597 -0.5441487 -0.2930828 -0.3603041 -0.6293105 -0.5072731 -0.6140222 -0.5276441 -0.5902714 -0.2563571 -0.6926761 -0.4333201 -0.5298818 -0.4916402 -0.4475763 -0.2886570 -0.2375163 -0.6220950 -0.6896457 -0.3556083 -0.5615931 -0.5263528 -0.4100822 -0.6682121 -0.6538238 -0.3604644 -0.6134692 -0.0685208 -0.5320611 -0.3831652 -0.2784197 -0.2351229 -0.1702603 -0.2502265 -0.0659659 -0.3726250 -0.4888676 0.0352108 -0.4455166 -0.5601094 -0.5517216 0.4239265 -0.0522454 -0.6847453 -0.2037788 -0.3562966 -0.4221776 -0.4691437 -0.2526679 -0.5279225 -0.2817514 -0.8113365 -0.6970193 -0.1987034 -0.5021932 0.3944006 -0.4232520 0.3852199 -0.1697700 0.4083994 -0.4937974 -0.4967755 -0.2345328 -0.4356727 -0.3559433 0.3721870 0.5242523 0.6130899 0.3248322 -0.3859127 -0.1830415 0.1915102 0.0787251 -0.2639109 -0.0285866 0.5215056 -0.2401663 0.3746539 -0.1590371 0.4502972 -0.1642656 -0.0840971 -0.3362849 -0.1992016 0.1224911 0.3084357 -0.2094203 -0.1308434 0.3297636 0.3160495 0.7020227 0.0854954 0.0268852 -0.1934956 0.4525504 0.5657852 0.3130881 0.6821149 0.6235081 0.6570511 0.6380894 0.2789244 0.6199741 0.5720003 0.6783285 0.6098604 0.1645528 0.6322069 0.0472780 0.5789176 0.5542428 0.3259572 0.5994476 -0.4143050 0.5548640 0.3878533 -0.5336928 -0.5185966 -0.3923057 -0.1741365 0.4688164 0.7322221 0.2082165 -0.6234799 -0.5008364 0.0056907 -0.3313774 -0.1544661 0.3565004 0.0545435 0.0610396 -0.0094612 -0.3344471 -0.2877055
-0.3895713 0.4355781 0.1837996 0.1213542 0.2043492 -0.1368838 -0.2614557 0.5820651 -0.3218984 0.0452506 0.6927560 0.0127374 0.4957031 0.5718995 0.6747664 0.0000000 0.5853289 -0.0374279 0.8605004 -0.4037873 0.4378924 0.6603166 0.9193505 0.5402112 0.7386820 0.7969423 0.7805236 0.6349253 0.6299843 0.3977505 0.3495019 0.7391638 0.3247140 0.4134394 0.7370665 0.4829193 0.6082403 0.6683792 0.1097044 0.1622028 0.7794598 0.5595458 0.6336309 0.0357411 0.2627842 0.6524895 0.6502242 0.7266766 0.2011413 0.6091622 0.7421960 0.4460889 0.1719069 -0.1525697 0.6852122 0.6718585 0.6165627 0.0027764 0.6032353 0.6760047 0.3567545 0.3622530 0.5473828 0.5755293 0.3938612 0.6395473 0.6499423 0.1227703 0.6898578 0.5341817 0.7113849 0.7249866 0.4681798 0.7063648 0.7250608 0.6726357 0.7999588 0.8119985 0.7302054 0.8020313 0.8603908 -0.5098958 -0.7074114 -0.5036805 -0.5522633 -0.4984003 -0.5096350 -0.3053327 -0.5606554 -0.3603949 -0.4684434 -0.3590203 -0.6085042 -0.1667804 -0.4920208 -0.1737054 -0.3307696 -0.5670858 -0.0711429 -0.1953836 -0.0006300 -0.5713477 -0.4619766 -0.2048505 -0.3335368 -0.1748636 -0.3506539 -0.4581928 -0.5344880 -0.2589643 -0.3627184 -0.2320264 -0.2326812 -0.0517253 -0.2439197 -0.1482850 -0.0172334 -0.1660705 -0.1276618 -0.3048083 -0.1864347 0.2411660 -0.2127705 -0.1819166 -0.3196703 0.2382299 0.3960054 -0.3566830 -0.0346027 0.1444679 -0.1516083 -0.3064605 0.2179882 -0.0793305 -0.0176648 -0.4860018 -0.3974330 0.1591949 -0.0994137 0.7381245 0.0949535 0.7172966 0.2700720 0.3325921 -0.2901972 -0.0150634 0.1512408 -0.0369606 0.0744210 0.7041189 0.7760400 0.6903739 0.5553857 0.1117639 0.2290305 0.5547977 0.4896061 0.1871482 0.3970328 0.7034895 0.2258593 0.6266162 0.2820629 0.7003723 0.2268051 0.3252603 0.0937501 0.2091674 0.4780718 0.5722498 0.2502144 0.2982548 -0.1046012 0.0993687 0.3791720 -0.3834195 -0.2610279 -0.2330120 0.2264529 0.3989375 0.1732332 0.5422089 0.5601755 0.5930684 0.6145065 0.4046924 0.6226927 0.6011258 0.8078320 0.8214868 -0.0091332 0.7078916 0.0576100 0.3194325 0.2325498 0.1065027 0.4090621 -0.2335707 0.8376069 0.2791368 -0.5510865 -0.5864101 -0.5630049 -0.5020898 -0.0608522 0.2657489 0.3479999 -0.7091200 -0.5847449 0.0141503 -0.3306835 0.0460440 -0.0094468 -0.0737613 0.0156436 -0.4409971 -0.5043135 -0.3330698
-0.0396417 0.1180265 0.1658027 0.0827209 0.0382600 -0.2839565 -0.2054495 0.3317188 -0.3038746 0.2565917 0.5068584 0.4838966 0.1810337 0.6220245 0.3525900 0.5853289 0.0000000 0.6428819 0.4609406 -0.1268295 0.1407030 0.5511906 0.6348610 0.2981185 0.5839077 0.7300303 0.4272730 0.0017696 0.0755413 -0.2750694 0.1528725 0.6811099 0.1636578 0.2223302 0.6961167 0.0113823 0.7632101 0.7418883 0.5241071 0.1399738 0.2564069 0.0899066 0.7602763 0.2320734 0.1318772 0.7732953 0.6215372 0.7298395 0.2332192 0.7313317 0.7527250 0.5506937 0.0655771 0.3293464 0.7550734 0.6369746 0.6674801 0.3311693 0.1422277 0.7911346 0.1759653 0.5730744 0.1147708 0.6470578 0.5179959 0.5591052 0.8530704 0.4500876 0.5913927 0.5326054 0.7079074 0.5248953 0.6034690 0.5304737 0.5448007 0.7304963 0.6728160 0.7549672 0.8094437 0.6138609 0.7010336 -0.8834336 -0.7352119 -0.8040802 -0.7832972 -0.6349360 -0.7090749 -0.7942829 -0.6305802 -0.7002985 -0.4033871 -0.1893732 -0.7281370 -0.5201270 -0.3871625 -0.1528179 -0.0984923 -0.7704658 -0.2141515 -0.5845425 -0.3573248 -0.5958249 -0.5241320 -0.3923822 -0.2682576 -0.2480892 -0.7156641 -0.5207159 -0.5579413 -0.7384809 -0.4036849 -0.7399610 -0.2733234 -0.3803545 -0.6850804 -0.5757336 -0.5554873 -0.6406873 -0.6016416 -0.3195268 -0.4286094 -0.2469545 -0.1351727 -0.1894543 -0.0329448 0.3101877 0.2096134 -0.2991063 0.0754556 0.3411743 0.0127006 -0.4651670 0.2356323 0.2170011 0.1204199 -0.3455208 -0.3544396 0.3954320 -0.0736627 0.8033422 0.2616825 0.8206255 0.4996609 0.2109836 -0.3537020 0.0907978 0.4461820 0.2010650 0.5181702 0.7617349 0.8073850 0.5527577 0.7160161 0.4095536 0.4566686 0.7190574 0.7274659 0.4465205 0.6374480 0.6229327 0.3828942 0.7916554 0.6016851 0.7907334 0.4248893 0.6909745 0.5161381 0.5777010 0.7655119 0.7700122 0.5973170 0.6189471 0.0564559 0.0417645 0.1991207 -0.0990054 0.1891274 0.1662143 0.4792757 0.3792497 0.5096294 0.2961086 0.0433084 0.0699162 0.0623109 0.5991345 0.4446474 0.6036758 0.5971124 0.7046662 0.1356982 0.6021750 0.3356105 0.3505995 0.2495920 0.1927720 0.3906624 0.0151811 0.6538121 0.3794124 0.0256712 -0.5519381 -0.5873890 -0.6080046 -0.2146484 -0.0166188 0.3383538 -0.2253811 -0.1192317 -0.1400786 -0.3781383 0.1146277 -0.2885863 -0.0142164 0.0344222 -0.4307645 0.0832543 0.2411369
