0.0000000 0.6824443 0.4570564 0.6020884 0.2707945 0.3986273 0.4713760 0.2805588 0.0110313 -0.1937278 0.1609610 0.6638171 0.3182939 -0.2119047 0.0560295 0.0637634 -0.3036342 -0.1504403 0.2676829 -0.6221719 0.5917735 0.1257807 0.3527235 0.3011831 0.2257232 0.2698170 0.3725527 -0.0424351 0.0840038 -0.0447082 0.1634092 0.3400051 0.1598896 -0.0255958 0.3818384 0.6278772 0.3883881 0.2969284 0.1059444 0.0394299 0.3245282 0.4828104 0.3037608 0.0824839 0.0231192 0.3974434 0.3589840 0.3011744 -0.1883712 0.2219676 0.3878570 0.3536967 -0.0798456 -0.3255495 0.2889138 0.3078119 0.3487574 -0.4756280 0.2334443 0.3261990 0.2416755 0.0321984 0.2449476 -0.2119378 0.2780034 0.4633044 0.4362680 -0.2124890 0.3944390 -0.2485340 0.3769755 0.2650995 0.0758273 0.4738818 0.3982737 0.1861750 0.3496139 0.3622404 0.3773372 0.4033320 0.3422491 -0.3596693 -0.5388780 -0.2838391 -0.1737654 -0.2732410 -0.6595229 -0.0370480 0.1243861 -0.5197684 0.7880753 0.6510371 0.1233205 -0.2854380 0.3294095 0.4989658 0.1605888 -0.1834628 -0.3133063 -0.2765037 -0.0501007 0.0888481 -0.1322175 -0.2428085 0.2176051 0.1700722 0.3494260 -0.1248362 0.4443857 0.1469747 0.6354375 -0.2965269 0.2047007 0.3953292 0.2429555 0.3129327 0.4804937 0.2480864 0.3384085 -0.1269708 0.1650614 0.3145657 0.2348670 0.2275894 -0.4062307 -0.2208901 0.4285484 0.1443222 -0.4400924 0.3128743 -0.0774441 -0.0506264 0.4025752 0.3150199 0.1239513 0.3790036 0.1891245 -0.4613180 -0.0180132 -0.1733565 0.1007281 -0.4123186 0.3867472 0.1884224 -0.0509120 0.7281260 -0.3030593 -0.2110085 -0.3380638 -0.2197247 0.0478423 0.5114866 -0.2466703 0.5200946 0.1963973 0.3723889 0.3010817 0.3960261 0.0202507 0.3106339 0.6684388 -0.0619940 0.5026222 0.1282578 0.4049148 0.4963648 0.6117246 -0.1967825 -0.4432833 -0.1596104 0.6081116 0.1108173 0.6714759 0.7487386 0.6521268 0.1677820 0.3766768 0.1225317 0.4199508 0.2949889 0.2816532 0.2745639 0.4704473 0.1941479 0.4821165 0.4182608 0.3480250 0.3240996 0.4021691 0.4626911 -0.2567488 0.4059535 0.1578462 0.0789971 -0.0911181 0.0336827 0.1996950 0.0479947 0.4186052 -0.0578727 0.6955913 0.6784006 0.6865939 0.6042973 -0.1750271 -0.1769386 0.2435649 0.6899591 0.8383479 0.6648512 0.6047794 0.3222102 0.1045338 -0.1687975 0.2287211 0.7473982 0.7195600 0.7850270
0.6824443 0.0000000 0.8293785 0.4171795 0.6232107 0.3805407 0.2347299 0.4166955 0.0086950 -0.0718221 -0.0078816 0.4974855 0.7634821 -0.0937302 0.0252240 -0.2060257 -0.2710074 -0.1159637 0.3871538 -0.0629704 0.5023484 0.4355012 0.1130760 0.2924270 0.3658123 0.2252116 -0.0800214 -0.0616857 0.1313316 -0.0307553 0.2341718 0.4759602 0.0459165 0.0831543 0.0377638 0.4703881 0.2256531 0.4659133 -0.2360375 -0.2790560 0.5547930 0.3608902 -0.1333651 -0.1333456 -0.0150515 0.2472986 0.1396726 0.6760603 -0.0097888 0.1452359 0.0990239 -0.1075985 0.1895700 -0.4385125 0.6505487 0.3239247 0.2260017 -0.3226341 0.1393533 0.0504011 0.2205908 -0.1212624 0.6194169 -0.0484324 0.4653191 0.6202968 -0.0083415 -0.2770117 0.4917554 -0.1603594 0.2471168 0.0975602 -0.0552580 0.5131794 0.4947027 -0.0353782 -0.0940606 0.3437582 0.3605620 -0.1369924 0.3129535 -0.1101814 -0.3255852 -0.4865608 -0.3281464 0.0366954 -0.3821929 -0.4492448 -0.3412084 -0.6237273 0.3157645 0.1424680 -0.0604792 -0.6373837 -0.1577246 -0.0260653 -0.2068394 0.0162378 -0.4135244 -0.4970734 -0.3383394 0.2544151 -0.0629133 -0.3055834 -0.1641618 0.1426140 0.3327118 -0.2395924 0.3785989 -0.0804766 0.5455151 -0.0875307 0.1815993 0.1167444 0.2765516 0.2473359 0.3993469 0.5718448 0.5644974 0.0954964 0.1304266 0.0872990 0.1984752 -0.1365136 -0.3686227 -0.0504767 0.0643887 0.1015112 -0.2415530 0.0401111 -0.2288334 0.2180634 0.1803611 0.3557812 0.4413922 0.2665849 0.4768925 -0.1546637 -0.0731278 -0.0509557 0.0160823 -0.2849459 0.5172093 0.3302307 -0.0597995 0.5347537 -0.2642481 -0.2786232 -0.2009637 -0.2701170 -0.1684031 0.4416407 -0.2604945 0.3424836 -0.0379773 0.4793455 0.2299042 0.1397226 0.1583946 0.2898799 0.1699320 -0.2272089 0.4748508 0.1634135 -0.1173972 0.3535612 0.3110379 -0.3690283 -0.4417216 -0.3683220 0.1519579 -0.1718537 0.3106428 0.2483661 0.4693015 -0.2420362 0.0602915 -0.2281314 0.2862294 0.1258048 -0.1646382 0.0695074 0.2362872 0.1343144 0.6289367 0.6612907 0.7253516 0.6284569 -0.0224398 -0.1791198 -0.0659543 -0.2598110 -0.5166736 -0.1557855 -0.0334781 -0.3702669 -0.3366563 -0.5494604 0.3566516 -0.0834414 0.4260789 0.3720058 0.3436998 0.2448129 0.2067680 0.1786175 0.2987155 0.3291784 0.5055081 0.1933463 0.5627189 0.0096946 0.3841071 0.0070361 0.6332535 0.7559170 0.4377824 0.3964559
0.4570564 0.8293785 0.0000000 0.0786842 0.8974979 0.1364709 0.0657169 0.3625716 -0.1091256 -0.0825357 -0.2723128 0.3826408 0.8103172 -0.0318935 -0.0974409 -0.4559862 -0.1218426 0.0606866 0.2060818 0.0225561 0.3952260 0.3537173 -0.0746457 0.2542206 0.2600988 0.1638087 -0.2190850 0.1632845 -0.0504933 -0.0038228 0.2382445 0.3841502 0.1675828 -0.0304704 0.0198718 0.2354337 0.1477968 0.2483721 -0.4665222 -0.3707057 0.4795757 0.1198949 -0.2766540 -0.1083279 -0.1378259 0.0201440 -0.0022461 0.4625146 0.1329203 -0.1334664 -0.0653528 -0.2631204 0.1005835 -0.1817057 0.5386255 0.1102859 0.1363749 -0.0541404 -0.0154646 -0.0986211 0.1332964 -0.0430943 0.5816970 0.1214868 0.3528924 0.4506105 -0.1340655 -0.0425860 0.3856360 -0.0216565 0.0035572 -0.0954032 -0.1669815 0.5298069 0.3193277 0.0419507 -0.1614479 0.1084260 0.3020849 -0.0708587 0.1006616 -0.0364689 -0.3219596 -0.4731542 -0.4015074 0.0591017 -0.2183464 -0.7191414 -0.1679410 -0.6785279 0.1563140 0.1524102 -0.0516782 -0.7328667 -0.0931054 -0.0239336 -0.4625659 0.2019869 -0.3112486 -0.3804827 -0.5071608 0.2554410 -0.1711238 -0.4070852 -0.1175513 0.2509935 0.4093417 -0.3431122 0.2227757 0.0252113 0.3497379 0.1166689 0.0429714 0.1019337 0.4050158 0.3233577 0.4748754 0.6693842 0.6271364 0.3802272 0.3302159 0.1913401 -0.0109881 -0.2549502 -0.2306788 -0.0299764 0.0880265 -0.0745628 -0.1699117 -0.1661298 -0.3675509 0.2728349 0.1838183 0.0723928 0.5877693 -0.1178159 0.2006305 -0.1564436 0.0298919 -0.1964143 -0.2974876 -0.3145882 0.5106414 0.0605724 -0.3666293 0.1143656 -0.3751579 -0.4103876 -0.2382594 -0.3691162 -0.3249885 0.2196095 -0.2609804 -0.0404015 -0.1619460 0.3400460 -0.0116023 -0.1649095 -0.1432568 0.1524606 -0.1080473 -0.2623937 0.3652832 0.0063480 -0.3137933 0.1327747 0.0925512 -0.6118747 -0.4544396 -0.3889062 -0.0861744 -0.3814725 0.1796472 0.1111370 0.4390341 -0.2880036 0.1554283 -0.1655442 0.3781239 0.2904871 0.0375646 0.2213832 0.0782979 0.1884184 0.4773546 0.5899482 0.7450693 0.8308300 0.0074387 -0.3425487 0.2207822 -0.3842485 -0.5849567 0.0028995 0.0658667 -0.2903248 -0.3285051 -0.5565827 0.1425450 0.0669368 0.3042246 0.3391718 0.0791625 0.0531224 0.3305412 0.2329293 0.3234975 0.1528408 0.1667709 0.2630805 0.4529577 -0.0434388 0.6666688 0.3503766 0.5189807 0.5604586 0.4010759 0.3387317
0.6020884 0.4171795 0.0786842 0.0000000 -0.0986024 0.4947219 0.1371427 0.6953679 0.1884062 0.0946407 0.6324196 0.4512825 0.4187711 0.0646215 -0.0075615 0.5354647 -0.2361038 -0.0980595 0.6914975 -0.3066326 0.6101884 0.6057218 0.4359688 0.2926663 0.6659583 0.5329386 0.1911881 0.1203274 0.4539715 0.1803845 0.3044335 0.6886743 0.3782508 0.4512985 0.4044740 0.6430155 0.6099204 0.6649007 0.3948862 0.0871372 0.3721466 0.5742631 0.4698722 0.4378588 0.4753352 0.6439707 0.5625380 0.3420453 0.3179572 0.7343631 0.6061295 0.4915211 0.4439357 -0.2787391 0.2908803 0.5264169 0.5752854 -0.3289529 0.1901633 0.5426277 0.5076714 0.3007490 0.4486109 0.1376830 0.6110555 0.6234241 0.6885660 -0.0408656 0.6431328 0.1407462 0.8484851 0.7417922 0.5299396 0.5235580 0.7254918 0.4514963 0.4741162 0.8114497 0.5878226 0.1773447 0.6429451 -0.2547689 -0.3643409 -0.4016889 -0.1984577 -0.4875862 -0.5155863 0.3945168 -0.0619022 0.0385448 0.5662102 0.4479462 -0.0062036 0.0322236 0.0347628 0.4705981 0.3180333 -0.4630224 -0.1627476 -0.0794139 0.3777160 -0.4895145 0.0032655 0.1979840 -0.0992616 -0.0492482 -0.2848930 0.1341773 -0.1167927 -0.3636201 0.2977370 -0.4770029 0.5433710 0.3017656 0.1694665 0.0882132 0.4637036 0.2755260 0.1893082 -0.1453735 0.1084653 0.3225276 0.6030517 0.2175158 -0.2912229 -0.2221891 0.3707030 0.5154368 -0.5568021 0.2896092 0.0207554 -0.1075830 0.3440132 0.4513933 -0.1345705 0.4413660 0.4156566 -0.4518901 -0.1711966 -0.2154708 0.0379055 -0.5983754 0.1775593 0.1228991 -0.2430045 0.5574202 -0.2041588 -0.2836199 -0.3491028 -0.3967643 0.1180815 0.1464621 -0.3870329 0.4069177 -0.1763414 0.3487199 0.5717349 0.2334757 0.3263923 0.3974186 0.6402402 -0.1570581 0.5124699 0.4539407 0.4113503 0.3325420 0.4440183 -0.0475877 -0.4588869 0.0622005 0.5094798 0.1619464 0.6896414 0.5881690 0.2562756 -0.0454835 0.1521193 -0.2126533 0.2619381 0.1490015 -0.0226375 0.2183922 0.1825323 0.0704954 0.1971545 0.4821108 -0.1705050 -0.0405089 0.0681392 0.4032936 -0.1122286 0.3854434 -0.0359864 0.1555990 -0.1249979 0.0096584 0.1594727 -0.1770468 0.3819779 -0.1856498 0.6753887 0.2639207 0.6520225 0.3757950 -0.3881175 -0.0374703 -0.3605956 0.6822189 0.8452076 0.2112313 0.5003833 0.1500341 -0.4061833 -0.4470365 -0.0396378 0.5984407 0.5276357 0.5086331
0.2707945 0.6232107 0.8974979 -0.0986024 0.0000000 -0.0724100 -0.1061746 0.1857367 -0.2557304 -0.1391677 -0.4131166 0.2251221 0.7558658 -0.0441272 -0.1414224 -0.5051494 -0.1014037 0.1898298 0.0278519 0.1714710 0.4092976 0.3690009 -0.1521492 0.1282719 0.2617547 0.1739564 -0.3607146 0.1289942 -0.2505768 -0.1092670 0.4401597 0.3953887 0.0752358 -0.2196194 0.0761289 0.2188446 0.2191334 0.1285889 -0.5183428 -0.5335858 0.5612103 0.0011762 -0.2642207 -0.2161813 -0.3179648 -0.0195215 0.0355442 0.3438866 0.1034937 -0.1647281 -0.0606112 -0.2358152 -0.0917155 -0.1394314 0.4606996 0.0778458 0.2090040 -0.0901543 -0.2314168 -0.1013131 -0.0469962 0.0798075 0.6136584 0.0710293 0.1790340 0.4330278 -0.1604313 0.0808708 0.4305962 -0.0286864 -0.0208882 -0.3120101 -0.2556082 0.5398242 0.2910625 0.0690304 -0.2591642 -0.0006083 0.2629183 -0.0350992 0.0289848 -0.0419437 -0.2859116 -0.3769875 -0.4251843 0.0984778 -0.0928984 -0.7823618 -0.0653040 -0.6950205 0.1201554 0.0434915 -0.1017163 -0.7689168 -0.1261745 0.0007372 -0.5187121 0.3034854 -0.4093128 -0.3626751 -0.6926564 0.2733783 -0.2058543 -0.4954355 -0.0059182 0.1231848 0.3611602 -0.2997785 0.2224818 0.1001085 0.2359167 0.1465098 -0.0178492 0.1407585 0.5626654 0.3573065 0.6054163 0.7687026 0.7381847 0.5274244 0.5025357 0.3158576 0.0570974 -0.1256710 -0.1014417 -0.0387095 0.1680493 0.0662770 -0.1415571 -0.2147721 -0.3695688 0.4535083 0.2589524 -0.0335813 0.7760803 -0.1399898 0.0217643 -0.1993136 0.1081220 -0.2921611 -0.4146990 -0.3472859 0.5483221 0.0896057 -0.5120546 0.0406622 -0.3904949 -0.4499689 -0.3601859 -0.4210833 -0.3138276 0.2870431 -0.3068818 -0.1694331 -0.2429557 0.5099931 0.0115594 -0.2744135 -0.2371051 0.2311441 -0.1916539 -0.2474177 0.5004915 0.1017042 -0.3854270 0.1725776 0.0910239 -0.7240355 -0.4111476 -0.3296421 -0.2663237 -0.5896729 0.1944879 0.0615893 0.2890091 -0.4200588 0.1372796 -0.3105106 0.4808576 0.4148584 0.0301525 0.3935493 0.0079917 0.2547313 0.2609647 0.5403945 0.6145729 0.9088540 0.0314557 -0.3400626 0.4371875 -0.3910455 -0.5676203 0.2626126 0.1295964 -0.1441459 -0.1357301 -0.5056884 0.1245932 0.1644809 0.2496621 0.2281438 -0.0233645 0.0779477 0.2925649 0.0779863 0.1661964 0.1116052 0.0153584 0.2198287 0.3340079 0.0016109 0.7269085 0.4914441 0.2606140 0.5530705 0.4115979 0.3129893
0.3986273 0.3805407 0.1364709 0.4947219 -0.0724100 0.0000000 0.7707075 0.3399287 0.6066719 0.3915514 0.5973885 0.7244765 0.2221600 0.0341499 0.4377320 0.4127569 0.1070966 0.0053651 0.5843445 -0.3234421 0.3650867 0.0065582 0.3034586 0.1612716 0.1297865 0.1588578 0.1568801 0.1996966 0.5571973 0.1563787 -0.3331647 -0.0274690 -0.0086038 0.3925591 0.0735247 0.3427067 -0.0161878 0.3964008 0.0172189 0.2987979 -0.0843476 0.5930573 0.0736893 0.2858288 0.5211641 0.3259501 0.0524399 0.2150604 0.1499551 0.5658992 0.1470998 0.0256293 0.3811029 0.2788437 0.3422905 0.3374468 0.0430457 0.2475189 0.2518192 0.2473173 0.4934977 0.1990572 0.1732207 0.1932591 0.5265109 0.2161105 0.3182951 0.2526821 0.2608954 0.2727676 0.3105399 0.2818444 0.3425311 0.2667489 0.3834509 0.4164511 0.3943023 0.4444862 0.3691972 0.1450044 0.2235365 0.2195762 0.0642190 0.0159765 -0.0722446 -0.4758247 -0.4889847 0.2042211 -0.1884582 -0.1207393 0.0652212 -0.0029723 -0.2386591 -0.0375722 -0.0306568 0.2042507 0.1141072 -0.2944852 -0.3665440 0.0860198 0.3221145 -0.3914420 -0.2051130 -0.1756639 -0.1007419 -0.0115569 -0.3696200 -0.1202495 -0.1897917 -0.5646024 -0.1737091 -0.3098599 0.2087668 -0.2779402 -0.2239633 -0.1151864 -0.1712153 -0.0054332 -0.2278359 -0.4857237 -0.5969827 -0.5215263 0.1048215 -0.2933313 -0.5380044 -0.3370033 -0.3364965 -0.1555806 -0.3132919 -0.3555415 -0.2471579 0.0149507 -0.1186895 -0.1444767 0.0285940 0.0111040 -0.0460544 0.1728969 0.1362089 -0.0932279 0.3017747 -0.0706407 -0.1745804 0.2292817 -0.0460744 0.2581354 0.2575796 -0.0340918 0.0440689 -0.1740062 0.1147843 0.0831266 0.2350795 0.4055661 -0.0714750 0.1222957 -0.0478727 0.2316026 0.0519782 -0.0981330 0.1763190 -0.1183273 0.0610105 -0.1831071 0.1243002 -0.1504946 -0.0766737 0.2879198 -0.4438178 -0.2245911 0.3076488 0.4427887 -0.0356202 -0.0486728 -0.0223068 0.1336591 0.1813669 0.1801064 0.1114653 0.1650144 -0.0259610 -0.1507276 -0.0607781 -0.1415533 0.1903562 0.4116396 0.0302825 -0.0255469 0.2341485 0.2868366 -0.0182650 0.1439694 -0.0989214 -0.1184920 -0.2323065 -0.1383952 -0.1413728 -0.0786530 0.0821934 -0.1663249 0.0546067 -0.0719019 0.0031423 -0.1831872 -0.2998225 0.0174750 -0.0926701 0.0441057 0.4343418 0.0318868 -0.0188848 -0.2153971 -0.0933408 -0.0741859 0.2161337 0.3029104 0.3750677 0.0767807
0.4713760 0.2347299 0.0657169 0.1371427 -0.1061746 0.7707075 0.0000000 -0.1197448 0.3447484 0.1245430 0.1806149 0.6499059 -0.1214898 -0.2021302 0.3054223 0.1527962 0.1704688 -0.2312929 0.2432252 -0.5707575 0.1842072 -0.4375256 0.3027310 -0.1500878 -0.1702241 0.0649075 0.2865895 -0.0302929 0.0945401 -0.0935399 -0.4967650 -0.3665014 -0.2616642 -0.1271659 0.1677685 0.1761369 -0.1738352 0.1028478 -0.0447217 0.2955803 -0.2516680 0.3369248 0.0929212 -0.0336641 0.0354126 0.2092713 -0.0435275 0.0418332 -0.3639395 0.2424794 0.0678433 0.0839053 -0.1578733 0.3860350 0.2240730 0.1481423 -0.1441287 0.1583196 0.1394321 0.1576870 0.0942827 0.0832831 -0.1660030 -0.1738390 0.1087796 -0.0343979 0.1616918 0.1326221 -0.0863389 -0.0112361 -0.0377856 -0.0812910 -0.0006591 0.1540435 0.0589347 0.2096901 0.4692358 0.0361850 0.2017840 0.4780708 -0.0283377 0.2185889 -0.0431036 0.2570453 -0.0013891 -0.3288430 -0.5457196 0.0028853 -0.0502224 -0.3372557 0.1457515 0.1057379 -0.1383259 -0.1534065 0.1795509 0.1136751 0.1784706 -0.2322585 -0.3653536 0.0092151 0.0404504 0.0266538 -0.3789163 -0.4045107 -0.0367698 -0.0672984 -0.1132740 -0.3383261 -0.0314167 -0.2332167 -0.1183710 -0.4027096 -0.2556912 -0.3399163 -0.3432576 -0.2235463 -0.3154755 -0.3037590 -0.3577206 -0.6347896 -0.6129196 -0.5076890 -0.2524723 -0.0979383 -0.6969629 -0.2425294 -0.2379375 -0.3877623 -0.3612204 -0.3982793 -0.4099838 -0.0508282 -0.0651399 -0.2964915 0.0077180 -0.0203330 -0.3014123 0.0157224 0.1781993 -0.0351528 0.3240215 0.1124719 -0.0599484 0.1814976 0.1360857 0.3023492 0.1664216 0.0578638 0.1711123 0.0875350 0.1333394 0.2516063 0.3878464 0.3791213 0.1516512 0.0000968 -0.2152504 0.2880880 -0.0883089 -0.0850255 0.1020058 0.1208425 -0.0199647 -0.3356234 0.1759114 -0.0614044 0.0467380 0.3866554 -0.1616372 -0.1522608 0.3559435 0.4746678 -0.0585931 0.0555378 0.1760559 0.5263008 0.4755089 0.5660778 0.2355443 0.3241689 0.3047283 -0.1503864 -0.0846881 -0.3176059 0.0402941 0.1636949 0.1598534 0.0599957 0.6269778 0.4966209 -0.3052627 0.3736795 0.2904832 -0.1178205 -0.1067607 0.0161818 0.1372128 0.3714561 0.0381403 -0.1129738 -0.0208412 0.1381204 -0.0199156 -0.0693747 -0.3145777 -0.0338302 0.1712530 0.0504817 0.2920424 0.3587103 -0.1257813 0.0413412 0.1852589 0.1911805 0.2202966 0.1609154 0.3615125 0.1878638
0.2805588 0.4166955 0.3625716 0.6953679 0.1857367 0.3399287 -0.1197448 0.0000000 0.3597163 0.5253608 0.6206592 0.3970492 0.6564018 0.5969916 0.0720666 0.4375021 0.2476182 0.1370027 0.6233701 0.0074503 0.4833208 0.6850767 0.3453557 0.4439210 0.6125447 0.4529103 0.2289623 0.5364872 0.4437755 0.5314600 0.0824048 0.6990593 0.4319650 0.5151054 0.2407429 0.3700877 0.4224164 0.4599648 0.2026600 0.1125979 0.2780947 0.3573663 0.2155257 0.5565522 0.4719894 0.3304223 0.2954749 0.1792252 0.6666316 0.4926372 0.3259707 0.1582826 0.5658325 0.0504743 0.2455517 0.3167539 0.3644760 0.2370850 0.0303267 0.2929016 0.4657975 0.3670049 0.6066539 0.6959770 0.6025232 0.4512355 0.3848909 0.2713345 0.5911395 0.6312118 0.5915912 0.6436887 0.6673427 0.5607714 0.7067442 0.6640865 0.3549794 0.7402718 0.6541539 0.0208678 0.6745885 -0.0090120 -0.4981011 -0.7921884 -0.5338131 -0.6110695 -0.3399438 0.1665059 -0.3729872 0.0404308 0.1323314 0.2800994 -0.2940897 -0.0152843 -0.3710994 0.0927610 -0.1089323 -0.4715756 -0.1966105 0.2013758 0.2723532 -0.5680680 -0.2689705 0.4511160 -0.4114794 -0.1470748 -0.4091901 -0.2307909 -0.3997981 -0.5976456 -0.0135014 -0.2750114 0.4806048 -0.0060757 0.2137492 0.0722424 0.3993782 0.4646841 0.1987288 0.0230934 0.0842276 0.1455546 0.3440038 0.0023105 -0.2187909 -0.2760144 0.0664749 0.1804284 -0.3400592 -0.0207105 -0.0438255 -0.0632322 0.1976601 0.5334614 0.1000983 -0.0552987 0.4748946 -0.2580277 0.1584394 -0.2273404 -0.2323888 -0.5865158 0.1393643 -0.0389900 -0.4884678 0.0447383 -0.0424741 -0.1741370 -0.2702358 -0.5343698 -0.1654458 -0.3046479 -0.4675497 0.0336063 -0.3453613 0.2104620 0.4075355 -0.1552622 0.3859823 0.1677717 0.2517538 -0.3261291 0.3315887 0.2925173 0.0514554 -0.0944092 -0.0058820 -0.2013869 -0.5021957 -0.1367133 0.0875268 -0.0334808 0.3826588 0.2642412 0.3459748 -0.1002481 0.2244662 -0.1683502 0.3501064 0.2509964 0.1081027 0.4615761 -0.0382964 0.2560581 0.1658946 0.4843435 -0.0861852 0.1591009 -0.1825726 -0.0097564 0.3402653 0.0943238 -0.3294297 0.1922282 -0.1133677 0.0261630 -0.0459815 -0.3758613 0.3005043 -0.0202527 0.6341024 0.1484703 0.4578625 0.2232267 -0.2225933 0.4251444 -0.3426966 0.2768319 0.5275906 0.1069365 0.5323973 0.1471947 -0.0999422 -0.0428980 0.1159435 0.3139952 0.3805938 0.3923369
0.0110313 0.0086950 -0.1091256 0.1884062 -0.2557304 0.6066719 0.3447484 0.3597163 0.0000000 0.8295171 0.7487665 0.4624320 -0.1014755 0.5847164 0.8900895 0.4727328 0.4887842 0.4256357 0.0938166 0.0990562 0.0489264 -0.1409106 0.1416076 0.4263453 -0.2193729 -0.2439911 0.5088567 0.5346026 0.6316173 0.5863217 -0.4303919 -0.1132550 -0.0560604 0.4650532 -0.2594292 -0.0157743 -0.3006143 -0.1104733 0.1250691 0.5735125 -0.2130806 0.2138545 -0.0147751 0.2484935 0.5114801 -0.0912512 -0.2643713 -0.1170508 0.2239340 0.3120324 -0.1836636 -0.0910146 0.2608903 0.5243497 -0.1910757 -0.0628355 -0.2420093 0.5915158 0.0272460 -0.0251941 0.1499225 0.2016200 -0.2055327 0.5818200 -0.0200194 -0.2270955 -0.0048221 0.6090038 -0.0914679 0.6615400 -0.0707569 0.2956537 0.5020524 -0.2582942 -0.0561491 0.3793223 0.0476408 0.0948179 -0.0786731 -0.2155173 -0.0400235 0.2800196 -0.0080794 -0.1663479 -0.0765730 -0.3185222 -0.0271916 0.3993593 -0.0916133 0.3464253 -0.1428701 -0.0615762 -0.4509385 0.4846369 -0.2203563 -0.0782928 -0.1593423 -0.5217972 -0.0120095 0.6662477 0.5043762 -0.4106832 -0.0828598 0.2973901 -0.1526659 -0.0594424 -0.3043372 -0.0561295 -0.2038224 -0.4104539 -0.3019540 -0.0404466 0.1662480 -0.4133998 -0.5178390 -0.2519127 -0.4452868 -0.2905304 -0.5485011 -0.4952162 -0.5716352 -0.5818743 -0.2294263 -0.3512768 -0.2385204 -0.2325269 -0.4983184 -0.3595007 0.1307065 -0.3168784 -0.0000109 -0.2231745 -0.2786240 -0.0456220 -0.1193972 -0.3264861 -0.1661169 0.4305084 0.4725900 0.2033272 0.1602773 0.1869531 -0.6422836 0.0165427 -0.0029835 -0.2249938 0.5925889 0.4479934 0.0003389 -0.0017121 0.1322721 -0.3095247 0.2985178 0.0707773 0.0058263 -0.2134941 -0.2304374 0.0715248 0.0651957 -0.3519884 0.1181753 -0.0548938 -0.3320695 -0.3397675 0.0573351 -0.3834850 -0.4232944 0.2731517 -0.1280006 -0.0928510 0.0436062 0.3784655 -0.3671326 -0.3156768 -0.1357908 -0.0516374 -0.0692949 0.1373311 -0.1536260 -0.0958859 -0.1473438 -0.0125052 0.0027069 0.2973266 0.1022058 -0.2159186 -0.2880707 -0.3835043 -0.2496584 0.0214946 0.2962030 -0.0605220 -0.1318706 -0.2102899 -0.3525224 0.1111389 -0.1886769 -0.1266373 -0.2116795 0.2437795 -0.0031711 -0.1510561 -0.1882641 -0.2102763 0.0629263 0.1005518 0.1600336 -0.3226601 0.1263701 -0.1950339 -0.1759077 -0.1136888 -0.2636983 -0.1766692 0.1331455 -0.1501284 0.0316147 -0.0473894
-0.1937278 -0.0718221 -0.0825357 0.0946407 -0.1391677 0.3915514 0.1245430 0.5253608 0.8295171 0.0000000 0.6901089 0.3567196 0.0614737 0.8691648 0.6790799 0.4805478 0.7452424 0.3723813 0.1428763 0.2472740 0.1159912 0.0448401 0.1376466 0.2660432 -0.0421116 -0.0907315 0.4754324 0.6093594 0.4597513 0.6274932 -0.4512180 0.0487356 -0.1169407 0.3097634 -0.1815120 -0.0085634 -0.2253527 -0.1333245 0.0884113 0.4110438 -0.1555210 0.1494195 -0.0533192 0.2340721 0.3792586 -0.1135994 -0.2408202 -0.1954883 0.3188675 0.2977405 -0.1744669 -0.1431883 0.1788104 0.6216356 -0.1744180 -0.0750409 -0.2266131 0.7596494 -0.1380344 -0.0741760 0.0695729 0.3118091 0.0560502 0.7969220 -0.0183714 -0.2213151 -0.0763545 0.6905906 0.0015195 0.9049879 -0.0112355 0.2121803 0.6046582 -0.0142805 0.1430726 0.6050837 0.1690811 0.1797630 0.1653420 -0.1185350 0.1823278 0.3157826 -0.2210437 -0.4855767 -0.4161993 -0.5340573 -0.0858566 0.2856473 -0.4439617 0.2835044 -0.3882319 -0.1527877 -0.5455423 0.3635963 -0.6267835 -0.3305879 -0.1694014 -0.5557598 -0.2728224 0.7623036 0.2712710 -0.4289893 -0.3475774 0.5287913 -0.4307395 -0.4773695 -0.5717974 -0.3354664 -0.4290805 -0.6844388 -0.4972275 -0.1837585 0.0299817 -0.5856413 -0.3836859 -0.3713497 -0.3265530 -0.1051483 -0.4100044 -0.3556277 -0.4553296 -0.5230552 -0.2527129 -0.1452788 -0.2554937 -0.1870226 -0.4507580 -0.2650143 0.1195662 -0.4055013 -0.0286269 -0.0644485 -0.1011622 0.1776139 0.0852373 -0.3340180 0.0322252 0.3380622 0.6692262 0.1943045 0.0768175 0.0903474 -0.3577170 0.0369643 -0.1688412 -0.3072087 0.6405122 0.4511743 0.0419976 -0.0430718 0.0818952 -0.4329495 0.1443763 0.0055940 -0.1164518 -0.0300869 0.0164728 -0.0990743 0.3370989 -0.1691881 -0.0125731 0.0153553 -0.1546818 -0.0886111 0.0054810 -0.3939000 -0.4328551 0.2601802 -0.0372598 -0.0018823 -0.1167893 0.2289907 -0.2941646 -0.3032964 -0.0245376 0.0464557 0.1677799 0.1768247 0.1231931 0.1420519 0.0593486 0.3220403 -0.1965679 0.3403959 -0.1076104 -0.1241173 -0.3250599 -0.2052700 -0.2124038 -0.0380694 0.5388770 0.0243757 -0.1744995 0.0927940 -0.1264691 0.3215427 -0.0254577 -0.0852395 -0.0716783 0.3140529 0.1184318 -0.2602620 -0.0993170 -0.0710102 -0.1454370 0.3645022 -0.1132517 -0.3755967 0.0107429 -0.2183962 -0.1090085 0.1587289 -0.1506291 0.1364652 0.0609585 -0.2504166 -0.0485099 -0.0443245
0.1609610 -0.0078816 -0.2723128 0.6324196 -0.4131166 0.5973885 0.1806149 0.6206592 0.7487665 0.6901089 0.0000000 0.3728401 0.0476075 0.5451921 0.5541306 0.8410523 0.3146771 0.3164211 0.5004994 -0.1473774 0.1943035 0.2595694 0.4317712 0.4458161 0.2112575 0.1776948 0.5128290 0.4850628 0.6830355 0.6056163 -0.2650364 0.2116584 0.2277311 0.6462319 0.1347218 0.2065635 0.2120242 0.2932137 0.5355805 0.6072811 -0.0180173 0.3807569 0.4086422 0.6243763 0.6978609 0.3677529 0.2582704 0.0186698 0.4937455 0.6920983 0.3405404 0.3362537 0.5113378 0.2260647 -0.0400518 0.3599353 0.2431018 0.2890481 0.0930655 0.4078513 0.3878228 0.4098193 0.1171238 0.4929697 0.2724990 0.1499873 0.5161813 0.4353865 0.3371389 0.5911851 0.5225628 0.5369083 0.8508324 0.0169263 0.4001280 0.6157847 0.3153181 0.6362195 0.3373696 0.0015561 0.4852801 0.1186803 -0.0792361 -0.3208128 -0.2374363 -0.6239507 -0.1803131 0.6875282 -0.1740090 0.3597435 0.0810722 0.0611304 -0.2199979 0.5707078 -0.2268214 0.1881327 0.2421751 -0.4971469 -0.1476357 0.5702333 0.6509821 -0.7391144 -0.0404782 0.5951773 -0.0389124 -0.1789419 -0.5451988 0.1457545 -0.2868737 -0.5974463 -0.2590277 -0.1733256 0.5478973 -0.0350952 -0.1685479 -0.0113435 -0.0850115 -0.0596477 -0.3258994 -0.3890453 -0.3861803 -0.2436385 0.2955691 -0.1142622 -0.1558197 -0.4192438 -0.1849275 0.0467492 -0.1197898 0.0414488 0.1967375 -0.3608391 -0.0991029 0.2971212 -0.3210395 0.0005981 0.1165973 0.1078674 0.1899820 -0.0312423 0.1730805 -0.1948777 -0.3856470 -0.0626442 -0.1425577 0.0739111 0.4034110 0.2522626 -0.1424035 -0.1988647 0.1056097 -0.3543595 -0.0629873 0.2500511 -0.1283290 -0.0412137 0.1776377 0.0931540 0.3557895 -0.1611226 0.4786584 -0.1502982 -0.0426946 -0.0297300 0.3407145 -0.1797705 -0.1666720 0.2135161 -0.3464158 -0.0238184 0.3056695 0.3651514 0.0755632 0.0669734 -0.0592539 0.0423646 0.0019721 0.0558363 -0.0678117 -0.0912605 -0.0627117 0.1522017 0.0210864 0.2587683 0.0165618 0.0510023 -0.5078561 -0.4479942 -0.2335621 0.2132307 0.2057289 0.2709216 0.0911897 -0.0196331 -0.4176821 0.1243014 -0.0175629 0.0085063 0.2365760 -0.1086801 0.3476123 -0.1658384 0.2787830 0.0884216 -0.3296236 0.1373814 -0.3425788 0.0001012 0.5103034 -0.1575136 0.0069646 -0.0336926 -0.5916910 -0.4396350 -0.2140624 0.0144610 0.1914523 0.1093925
0.6638171 0.4974855 0.3826408 0.4512825 0.2251221 0.7244765 0.6499059 0.3970492 0.4624320 0.3567196 0.3728401 0.0000000 0.2791730 0.1682133 0.4219876 0.1321372 0.0282729 0.0809894 0.2604921 -0.3120449 0.7502297 -0.0845388 0.0764277 0.3249298 0.0890946 0.0160453 0.3195640 0.3069297 0.4717917 0.1426152 -0.1509626 0.1886247 0.0580091 0.1640788 0.0342271 0.6604427 -0.0447044 0.0581030 -0.2190109 0.0871537 -0.0303816 0.7596190 -0.0936808 0.0617550 0.3625311 0.0668792 -0.0915575 -0.0032927 -0.0697781 0.2392687 -0.0250349 -0.0822500 0.0107976 0.2463783 0.0814523 -0.0071642 -0.0899191 0.1504174 0.2878385 0.0073162 0.4712186 0.0913737 0.1454650 0.3141599 0.3733739 0.0580219 0.2070382 0.2595307 0.1518134 0.3270017 0.1781688 0.3751200 0.1696474 0.4912798 0.2952947 0.5142447 0.5326392 0.2234753 0.3103381 0.3125156 0.1118861 -0.1477754 -0.4568859 -0.2904015 -0.0996028 -0.5515314 -0.7713727 0.0802076 -0.0586023 -0.2191293 0.3493149 0.5239042 -0.1985849 -0.1529248 0.0130443 0.3628570 -0.0750719 -0.3813200 -0.4166041 0.1421135 0.1221482 -0.1623491 -0.2984492 -0.2281208 -0.0738276 -0.1045507 -0.0941048 -0.3173603 0.0695590 -0.2866029 0.2171050 -0.4328366 0.0274580 -0.1913835 -0.1116613 -0.1389552 0.1527660 0.1338464 0.0738746 -0.2000981 -0.1512849 -0.1743335 -0.0917875 0.1569445 -0.4470820 -0.0700787 0.1175345 0.0283096 -0.2356527 -0.1144802 -0.0852464 0.2992500 0.4389021 0.0185513 0.3267228 0.1599409 0.1001354 -0.0205414 0.4765478 0.0098808 0.2363614 -0.1849300 0.0705727 0.3475411 -0.0941336 0.4315393 0.1228608 -0.1191032 -0.2155111 -0.1657108 0.2719040 0.3743907 0.1093077 0.5373811 0.1222580 0.3990532 0.2047733 0.3968276 -0.0941950 0.2111510 0.3904409 0.1053340 0.3748603 0.1106618 0.3172594 0.2056312 0.3533355 0.1613746 -0.3414767 -0.0116913 0.4550933 0.3072418 0.3271483 0.3965543 0.4627359 0.1886381 0.5084430 0.2797540 0.5110569 0.5020078 0.3680172 0.3058091 0.2690555 0.2171429 0.3083273 0.3020615 0.1249818 0.1660754 0.4733537 0.4716616 0.2263470 0.3586107 -0.1053566 0.3236549 0.1813053 0.3603295 0.1886868 -0.0696530 -0.0042460 0.3545019 0.4087411 0.3013136 0.2665043 0.2742393 -0.2796852 -0.2064937 0.1699868 0.4051210 0.5422651 0.4297120 0.3787131 0.3477844 0.0614703 0.0917803 0.3178397 0.4917207 0.5262603 0.5179463
0.3182939 0.7634821 0.8103172 0.4187711 0.7558658 0.2221600 -0.1214898 0.6564018 -0.1014755 0.0614737 0.0476075 0.2791730 0.0000000 0.1263695 -0.1988660 -0.0802731 -0.1006657 0.0843770 0.5946845 0.1563126 0.5161031 0.7946075 0.0971328 0.2274032 0.6893849 0.4990253 -0.3507328 0.2212398 0.1085806 0.1083440 0.3969333 0.7195540 0.2884378 0.2087863 0.1965204 0.3576822 0.4778463 0.6246078 -0.2035582 -0.3888774 0.6873756 0.2238912 -0.0490903 0.1235185 0.0753984 0.3619789 0.3184978 0.6226117 0.4467987 0.3281641 0.2512524 -0.0435491 0.4022459 -0.2532647 0.7048777 0.4492067 0.4673639 -0.0970612 -0.1228867 0.1886060 0.2702752 0.2331088 0.9129183 0.2424538 0.5980780 0.7477052 0.1519803 0.0362838 0.7521424 0.1729197 0.4785360 0.1127955 0.1917512 0.7227909 0.7287965 0.2951673 -0.0469318 0.5512692 0.6232672 -0.1103544 0.4802540 0.0269721 -0.2777686 -0.6349584 -0.5835955 -0.1681475 -0.2123470 -0.4827708 -0.4003022 -0.5032042 0.0969015 -0.0056858 -0.1126924 -0.6438848 -0.3749176 -0.0285910 -0.2818911 0.0803571 -0.4634969 -0.3387297 -0.3797902 -0.1126506 -0.1565082 -0.1312824 -0.2796977 -0.0177594 -0.0336093 -0.2056115 -0.0655582 -0.3710927 0.1564660 -0.0613502 0.3210013 0.1345582 0.5375346 0.2875856 0.6301802 0.8599155 0.7063748 0.4016628 0.3578303 0.2786583 0.3817154 -0.1686008 -0.2221106 -0.1301984 0.1338064 0.2881466 -0.3524339 -0.1283267 -0.3221688 0.2815121 0.2367087 0.2830627 0.5242476 0.0521344 0.4170519 -0.2675440 -0.0943458 -0.3177512 -0.3303410 -0.5607527 0.5770455 0.0750282 -0.5566997 0.1959434 -0.3740871 -0.5248744 -0.3435292 -0.5624273 -0.3246025 0.0943550 -0.4823664 -0.0093650 -0.4586006 0.5315714 0.2960520 -0.2750349 0.1589824 0.3177170 -0.0283075 -0.3538268 0.5801129 0.3152527 -0.2709894 0.1675550 0.0982694 -0.6047366 -0.5758601 -0.2965638 -0.1028380 -0.4441286 0.3369519 0.1241584 0.2688157 -0.4008548 0.1017332 -0.3968486 0.4174631 0.2933475 -0.1200021 0.3157317 -0.1242405 0.1245081 0.2694529 0.7897804 0.4534624 0.7403918 -0.1478831 -0.3390761 0.3399009 -0.3141905 -0.6690055 0.1618126 0.0208044 -0.2927916 -0.2742779 -0.6557158 0.3623729 -0.1168359 0.4447183 0.0675613 0.2102438 0.0633987 0.0803562 0.3509209 -0.1911763 0.2265201 0.3168523 0.0112279 0.4381549 -0.0757966 0.3805294 0.1993653 0.2650258 0.6199894 0.4071384 0.2666199
-0.2119047 -0.0937302 -0.0318935 0.0646215 -0.0441272 0.0341499 -0.2021302 0.5969916 0.5847164 0.8691648 0.5451921 0.1682133 0.1263695 0.0000000 0.4923802 0.4894002 0.7319744 0.4807408 0.0845325 0.3653162 0.0715140 0.1954132 0.2238454 0.4402718 0.1461187 0.0757343 0.4260494 0.7140290 0.2819232 0.7924991 -0.2967324 0.2561525 0.1265748 0.3040090 0.0013681 -0.0927624 0.0043553 -0.1181557 0.2648276 0.4046846 -0.0364980 -0.0539589 0.0980230 0.3148942 0.2010436 -0.0542141 -0.0411269 -0.2139290 0.4319157 0.2014095 -0.0162850 0.0172172 0.1951928 0.4860089 -0.1493235 -0.0184056 -0.0432305 0.6105347 -0.3360865 0.0475349 -0.0788356 0.4219210 0.1402060 0.7686591 -0.1117307 -0.1359765 -0.0034916 0.6233870 0.0950310 0.8814548 0.0767869 0.1952127 0.6529095 0.0442374 0.1827701 0.5987179 0.1165183 0.2280101 0.2345851 -0.0584993 0.3228712 0.3409175 -0.3851523 -0.6354463 -0.4575765 -0.4863186 0.0580422 0.3072018 -0.4597443 0.3309559 -0.2262016 -0.0211441 -0.5596028 0.3694446 -0.6482791 -0.3537852 -0.3706860 -0.4852954 -0.1636946 0.6694653 0.2293705 -0.4444629 -0.3615983 0.6688791 -0.4499351 -0.4406381 -0.4833602 -0.3363681 -0.3985521 -0.4955006 -0.3926607 -0.1050328 0.1763544 -0.3736379 -0.0804850 -0.1610470 -0.0652268 0.1062298 -0.1496668 -0.1182628 -0.1460026 -0.2139264 -0.1024908 0.0881491 -0.0191795 -0.2148441 -0.2585401 -0.1185342 0.0907687 -0.1655013 0.1497326 -0.0971537 -0.0131104 0.4267258 0.0774027 -0.3656303 0.2004625 0.0936963 0.5306784 0.0049171 -0.2354725 -0.1686609 -0.2699999 -0.1164512 -0.2619726 -0.3012197 0.3368518 0.2657388 -0.2183162 -0.2553856 -0.1964918 -0.5206239 -0.2617010 -0.2090237 -0.2952803 -0.0158931 0.0630025 -0.3398339 0.2918270 -0.1788798 -0.0525741 -0.1727154 -0.0291549 0.0088829 -0.1391498 -0.3419177 -0.3665633 0.0226402 -0.1135228 -0.0886542 -0.2832968 -0.1285912 -0.1419260 -0.1379284 0.2472157 0.0879862 0.2283437 0.1231861 0.2113087 0.1846903 0.2022323 0.5099913 -0.2410096 0.3294866 -0.2392533 -0.1673300 -0.4063148 -0.1404712 -0.3186711 -0.1640199 0.6219098 0.0420497 -0.1266164 0.2332908 -0.1401624 0.3757662 0.0795898 -0.0462853 0.1255152 0.2764269 0.3325444 -0.1990639 0.0966804 0.1370270 -0.0304982 0.4961931 -0.1888973 -0.2849921 0.0655975 -0.1282744 0.0923940 0.3190856 -0.0591147 0.1526096 -0.0688028 -0.2771349 -0.0208119 0.1220461
0.0560295 0.0252240 -0.0974409 -0.0075615 -0.1414224 0.4377320 0.3054223 0.0720666 0.8900895 0.6790799 0.5541306 0.4219876 -0.1988660 0.4923802 0.0000000 0.3400776 0.3537214 0.5899466 -0.1558773 0.2028528 0.0305219 -0.2720484 0.0273943 0.5006690 -0.3440925 -0.3798695 0.4521941 0.4494459 0.5082133 0.5282700 -0.3294278 -0.1767203 -0.1398137 0.3124686 -0.3168218 -0.0304694 -0.3279066 -0.2554306 0.0914406 0.5236762 -0.0870737 0.1252215 -0.0615791 0.0000403 0.2969253 -0.1554578 -0.2758439 -0.0600233 -0.0124054 0.1693242 -0.2446008 -0.0949118 0.0288970 0.3940630 -0.2069090 -0.0959773 -0.2549737 0.3739105 -0.0990356 -0.0803381 -0.0862269 0.1490531 -0.2906539 0.3244229 -0.3131245 -0.2676995 -0.1121246 0.5627918 -0.1561950 0.4575436 -0.2021684 0.0197200 0.3317281 -0.3912114 -0.2320184 0.1861077 -0.1905822 -0.1231466 -0.2814955 -0.2686566 -0.2157403 0.2581394 0.0351939 -0.0605139 0.0184786 -0.0891321 0.0999964 0.3256423 0.0019618 0.2517591 -0.0241243 -0.0881195 -0.3822687 0.4602765 -0.1868462 -0.0965846 -0.2673780 -0.3187064 -0.0809147 0.5927880 0.3044587 -0.1800072 0.0504629 0.1556864 0.0651181 -0.0368400 -0.0411750 0.0575467 0.1480362 -0.1192683 -0.1396441 0.1108175 0.1253923 -0.2782155 -0.4258821 -0.1287755 -0.3880609 -0.2395142 -0.3738179 -0.3593923 -0.4208017 -0.5023820 -0.2607550 -0.2465503 -0.0836822 -0.1521358 -0.4030388 -0.2730491 0.2875807 -0.1552422 0.1361342 -0.1219908 -0.2075374 -0.0753171 -0.0087201 -0.2174142 -0.2253199 0.4759354 0.4687395 0.2575461 0.1714488 0.2760349 -0.6133708 0.0756909 0.1207731 -0.0739625 0.5285963 0.4473500 -0.1757092 0.0764657 0.1261132 -0.0727007 0.2813935 0.1172891 0.0700357 -0.0806633 -0.2982044 0.1056974 -0.0999789 -0.3544606 0.1518548 0.0020149 -0.2536354 -0.3574826 0.0250310 -0.1636107 -0.2990169 0.1522804 -0.0678761 -0.1023914 0.0097892 0.1793679 -0.3878253 -0.2891220 -0.0817624 -0.1229554 -0.1392799 0.1214200 -0.1755398 -0.1427340 -0.1953081 -0.0005422 0.1141062 0.3990188 0.1008561 -0.3718050 -0.2298174 -0.3324978 -0.2789076 -0.0484870 0.3606025 -0.1317915 -0.1053537 -0.1586475 -0.3335982 0.1946269 -0.1537963 -0.0903319 -0.1666106 0.3543415 -0.0172940 -0.1784973 -0.2227166 -0.0923746 0.2644787 -0.0847409 0.3478595 -0.3494201 0.0857742 -0.2205152 -0.2405391 -0.0385856 -0.1853600 -0.2146007 0.0762408 -0.0931965 0.0031999 -0.0195262
0.0637634 -0.2060257 -0.4559862 0.5354647 -0.5051494 0.4127569 0.1527962 0.4375021 0.4727328 0.4805478 0.8410523 0.1321372 -0.0802731 0.4894002 0.3400776 0.0000000 0.3888676 0.3100782 0.5429765 -0.1798944 0.0101347 0.2510721 0.7084037 0.3495685 0.3886502 0.4941396 0.3846640 0.4605211 0.3557669 0.6474378 -0.2568908 0.1833157 0.3173907 0.5102992 0.5078972 -0.0047104 0.4682361 0.4186551 0.8361890 0.7076400 -0.0080642 0.0912959 0.7387983 0.7002725 0.3992690 0.6286328 0.5837182 -0.0025606 0.4761551 0.7801885 0.6589795 0.6701808 0.4526123 0.2631015 0.1179638 0.6016513 0.4894410 0.1488018 -0.2449977 0.7345544 0.1006170 0.6833273 0.1045483 0.2130779 0.1189153 0.2466476 0.7120858 0.4214586 0.4147978 0.4683718 0.6489875 0.3026554 0.8818037 0.0384214 0.4460145 0.6225764 0.3861190 0.6952898 0.4835649 0.2882279 0.6193179 0.3956113 -0.0292396 -0.1221250 -0.2202289 -0.6207740 -0.0347827 0.7654249 -0.1923736 0.3618406 0.1962154 -0.0126914 -0.2941922 0.5624507 -0.1798010 0.1421990 0.1829394 -0.4090152 -0.1530260 0.4167003 0.5975573 -0.8040005 -0.1889916 0.5618641 -0.0469120 -0.2380688 -0.6575332 0.1265581 -0.4095805 -0.5056464 -0.4305522 -0.2356638 0.5893650 0.0560253 0.0650718 0.1125042 0.0009354 -0.0150777 -0.2638322 -0.4214303 -0.3505995 -0.1299372 0.4755132 0.1011941 -0.1131286 -0.6117892 -0.1466753 0.1042169 -0.3511984 0.0640043 0.1792374 -0.4477012 -0.1872441 0.3198882 -0.4185319 -0.0762549 0.0221084 -0.1751133 -0.0642590 -0.3653384 -0.1007034 -0.4115538 -0.3782145 -0.2248128 -0.2075370 0.1073534 0.1079675 0.0402868 -0.3127699 -0.3971537 -0.2111343 -0.4275125 -0.3544336 0.0088160 -0.4083595 -0.0790824 0.0617864 -0.2073894 0.2648548 -0.2640438 0.3059347 -0.3490794 0.0340900 -0.0834089 0.1399658 -0.2413121 -0.2034178 0.1490164 -0.4300011 -0.1685936 0.0977176 0.0804132 0.1037375 0.0982083 0.0449448 0.3082960 0.1661734 0.1588826 0.0212944 0.0315125 0.1147441 0.1795871 -0.3003010 -0.1162531 -0.4057060 0.0190179 -0.7148640 -0.4395835 -0.1152486 0.2512204 0.1120062 0.4308835 0.3774897 0.0873756 -0.5537659 0.1114960 0.2191864 0.3415353 0.4994341 -0.3880651 0.3745934 -0.2814881 0.3318869 0.1285880 -0.3984574 0.2694445 -0.6054644 -0.0182420 0.5229536 -0.0824403 -0.0844406 0.0121857 -0.4626765 -0.3241945 -0.5268764 -0.1056889 0.2574859 0.1567267
-0.3036342 -0.2710074 -0.1218426 -0.2361038 -0.1014037 0.1070966 0.1704688 0.2476182 0.4887842 0.7452424 0.3146771 0.0282729 -0.1006657 0.7319744 0.3537214 0.3888676 0.0000000 0.1607902 0.0072429 0.0518692 -0.2259489 -0.1137235 0.4291549 -0.0656356 -0.0917285 0.1517238 0.4691419 0.4793494 -0.1732554 0.5045025 -0.5363426 -0.1829725 -0.2345929 -0.1355526 0.1931561 -0.3748871 -0.1103683 -0.1941211 0.2097311 0.4336019 -0.2572241 -0.3496568 0.1987354 0.2254420 -0.1688246 -0.0274974 -0.0795741 -0.3447532 0.1889830 0.1273226 0.0030127 0.0830479 -0.1028326 0.7739961 -0.0706648 -0.0042750 -0.1242351 0.7747339 -0.4774800 0.1028482 -0.3668739 0.4674622 -0.0289064 0.5381349 -0.2626170 -0.2215216 -0.0762915 0.6473951 -0.0582288 0.7210508 -0.1735638 -0.2073932 0.4309462 -0.0135823 0.0683748 0.5302226 0.2160084 0.0415649 0.2763749 0.2584482 0.2228847 0.5752199 -0.2611118 -0.2734733 -0.5363767 -0.4757752 0.0493234 0.0515545 -0.4088040 0.0371125 -0.3967246 -0.2597339 -0.6574518 0.1695624 -0.4851252 -0.4861724 -0.2356906 -0.4727238 -0.2594201 0.5810875 0.0138248 -0.2612229 -0.7162463 0.3739851 -0.4772192 -0.4745938 -0.5375813 -0.6315600 -0.5923593 -0.5090071 -0.7228831 -0.2120127 -0.2154308 -0.6115210 -0.2114424 -0.2677988 -0.3367434 -0.1781995 -0.4895031 -0.5041655 -0.4975173 -0.4697316 -0.3180928 -0.0858261 -0.4051601 -0.4446476 -0.5408155 -0.5758794 -0.1377236 -0.6334186 -0.3392666 -0.2348525 -0.3332586 0.0978105 0.0817799 -0.6612199 -0.2747519 0.0153003 0.5320052 -0.1385957 -0.2506422 -0.0114282 -0.2584349 -0.1751535 -0.2832864 -0.5033868 0.4025113 0.4050331 0.1297069 -0.1469218 -0.2923945 -0.5850568 -0.0080434 -0.3958555 -0.2359715 -0.2305495 -0.2489038 -0.4424670 0.2690501 -0.3175155 -0.3398232 -0.1704092 -0.2343472 -0.3437414 -0.2761449 -0.6496283 -0.6248686 0.1569065 -0.0325549 -0.2520922 -0.4203489 0.0221687 -0.3700135 -0.3656329 0.0828998 0.3794562 0.4120921 0.3654964 0.2686737 0.3474667 0.3431600 0.3840508 -0.5258613 -0.0227994 -0.4414535 -0.1276992 -0.2770985 0.0104221 0.0325668 -0.0062996 0.3067667 0.1369096 0.1833388 0.0594552 -0.2951090 0.1899148 0.2063705 0.3360796 0.1000694 0.0174166 0.0505214 -0.1326767 -0.1253835 -0.0842730 -0.2109233 0.6248758 -0.2054317 -0.5060348 -0.1461202 0.0685338 -0.1992618 0.1765602 0.2776837 0.5492530 -0.0974011 -0.4360587 0.0622092 0.0306442
