0.0000000 0.7842957 0.4998337 0.4305530 0.2752992 0.4163174 0.4997576 0.4859291 0.5023512 0.1868787 0.4254371 0.1291181 0.2719968 0.2846625 0.5215789 -0.0250247 -0.0035861 0.6324847 0.1543930 -0.1227220 -0.1007448 0.0699465 -0.1417233 0.2619794 -0.1196424 -0.1206955 0.3606988 0.6077436 0.0746229 0.6201174 -0.0509890 -0.2156334 0.1747232 0.0323892 -0.0696392 -0.1124329 -0.2727010 0.2026243 -0.0302028 0.2622113 0.0257096 0.4933280 -0.1005661 0.1795149 0.1976649 0.5323659 -0.1077483 0.0217927 0.0095153 0.0422972 -0.0848675 -0.0967305 -0.0009095 -0.1272996 -0.0257230 0.1472628 -0.2401493 0.0566977 0.4875085 -0.1110691 0.1855377 -0.0145647 0.4087410 0.1125770 0.0656840 -0.0161429 -0.1332398 -0.3898540 0.5655893 -0.2139840 0.0717970 0.0103998 -0.1633439 -0.2553578 0.3610338 -0.1696984 -0.5172120 0.2953936 0.0232030 -0.1016648 0.1613882 -0.1928980 0.0510709 -0.2923254 -0.1272240 -0.1696526 -0.4877538 0.7156427 -0.0151830 0.1900624 -0.1648547 -0.0808307 -0.3161289 0.1611440 0.0888149 0.2634680 0.3242918 -0.2411660 -0.2855954 -0.3924288 -0.1273188 -0.4525578 -0.1894488 0.2415523 0.0575046 0.4934895 -0.4203457 -0.0198378 -0.0738460 -0.2866730 -0.0559878 -0.2159096 -0.2279472 -0.3124778 -0.4703100 -0.4364373 -0.3668702 -0.2953643 -0.3576504 -0.1890049 -0.1458114 -0.0424948 0.2622794 0.0723302 -0.0266234 -0.1642166 0.1858339 0.2078876 -0.1090373 -0.0861308 -0.4402482 -0.4825698 -0.2963235 0.1846427 -0.3104802 0.1250220 -0.3323946 -0.1783501 -0.5934643 -0.0385419 -0.1474120 -0.0621612 0.1274102 -0.2611083 -0.0865699 0.0216601 -0.5260627 -0.5030320 0.1512716 0.0688787 -0.0080630 0.0433341 -0.3095032 0.2899570 -0.0375990 -0.0357571 0.4302211 -0.2124169 0.2384971 0.1149961 0.2361631 0.1925421 -0.1264181 0.0414698 0.0424697 0.0414479 0.2437344 0.3961250 0.3502602 0.3434987 0.4246444 0.3767947 0.6306858 0.4902139 0.4202331 -0.3229251 -0.3290392 -0.0276959 -0.3838379 0.2424039 0.0502191 0.3171339 0.2556071 0.1915415 0.2412879 -0.2655290 0.3892679 -0.1003975 -0.2765537 -0.2536556 -0.1317629 -0.5548881 0.0609806 0.0238510 -0.1579627 -0.0688881 -0.0627610 0.2293828 0.1299444 -0.2150894 -0.2092525 -0.1690938 -0.2254210 -0.4002369 0.2576151 0.2707013 -0.0410308 -0.1044254 0.0900192 0.2860245 0.0121878 -0.0162756 0.0991982 0.3425720 -0.1633312 0.2948275 -0.0819169 -0.3226513
0.7842957 0.0000000 0.7059551 0.5976102 0.4618089 0.7702233 0.7255213 0.8286464 0.7102221 0.4014691 0.7017417 0.3794703 0.5539746 0.4139138 0.6242384 0.0861634 0.0806377 0.6060424 0.1639049 -0.0027728 -0.2734014 -0.0143987 -0.0516212 0.4144068 -0.0924224 -0.0206881 0.1790908 0.6637225 0.1435850 0.5972231 -0.0331648 -0.0708155 0.3208527 0.2539028 -0.0060114 -0.2812950 -0.0871686 0.2232584 -0.0477733 0.1914696 -0.0955438 0.4318476 -0.0577563 0.3182025 0.5830156 0.4868318 -0.0555546 -0.1160476 0.2130708 -0.0649581 -0.1044252 -0.0769045 0.2672260 -0.1599909 0.0126248 0.1022961 0.0002520 0.0602817 0.4942326 -0.0132046 0.4494256 -0.0122704 0.3061799 0.1845659 0.2842246 0.3606588 -0.0916382 -0.4577246 0.5327723 -0.1572180 0.0632857 0.3509176 -0.0959551 -0.2258183 0.4200738 0.0391607 -0.3665881 0.3734561 0.2727039 0.1816173 0.4713221 -0.1016538 -0.0034984 -0.4222649 -0.1875571 -0.2598771 -0.5125653 0.6795486 0.1172268 0.0192893 -0.3013608 -0.1367694 -0.4084782 -0.1149599 -0.1488927 0.0558525 0.1736542 -0.4223139 -0.4278674 -0.4660483 -0.3168033 -0.4041971 -0.1101344 -0.2095102 -0.1194284 0.3009299 -0.3298045 0.0804729 -0.1426428 -0.3394504 -0.2087553 -0.3656348 -0.3686399 -0.3204924 -0.4228773 -0.3949776 -0.3131535 -0.1746357 -0.2668847 -0.3628731 -0.1684179 -0.1751446 0.2048479 0.1448871 -0.0030821 -0.3695769 0.1108268 0.2149123 -0.1551670 -0.0491810 -0.3819617 -0.4427654 -0.2667607 0.1342054 -0.4022049 0.2185116 -0.3483335 -0.2550984 -0.5780776 -0.2663251 -0.0203716 -0.2409996 0.0180924 -0.4770078 -0.2355467 0.1244154 -0.6007983 -0.5766338 0.1066930 -0.0601956 -0.0723854 -0.0170068 -0.4888815 0.3617947 -0.1505719 0.0437883 0.3108015 -0.2684815 0.2260064 -0.2142525 0.0156543 0.1462977 -0.0272805 -0.2944130 -0.0854006 0.1478078 0.3604549 0.3463553 0.2973343 0.4002168 0.3596679 0.3152499 0.3165152 0.0699883 0.3949024 -0.3040529 -0.5268780 -0.4423736 -0.6434066 -0.1605295 -0.3801156 -0.0318398 0.1432519 -0.0690393 0.1307615 -0.4428104 0.3134516 -0.3096993 -0.4641718 -0.4853430 -0.4861862 -0.5575519 0.0032913 -0.3628529 -0.4554542 -0.3778023 -0.3932252 0.4776707 0.4624181 -0.4405359 -0.3045751 -0.4432982 -0.1579715 -0.4229785 0.5836574 0.6768057 -0.2773636 0.2664071 -0.0752379 0.3039982 -0.0364114 -0.3678709 0.4248327 0.5828796 -0.5258812 0.5894910 0.0226751 -0.2117423
0.4998337 0.7059551 0.0000000 0.1390439 0.6437662 0.4269326 0.2146604 0.7377511 0.2006876 0.1130937 0.6799761 -0.0721857 0.8829068 0.1702805 0.1115730 0.4671810 0.4255060 0.0028725 0.5785215 0.2466191 -0.5006285 0.4644712 0.4960088 0.0004352 0.4491584 0.5383236 0.3963264 0.4070849 -0.2626224 0.4599073 0.4322815 0.4829017 -0.0658299 -0.0021667 0.5227533 -0.1328390 0.4825389 0.6380383 0.2976025 0.2153415 0.4269505 0.5896688 0.4451562 0.1559799 0.4425918 0.6894956 0.4310246 0.3543736 -0.1001015 0.2119063 0.4124491 0.4354976 0.1040856 0.3402185 0.2064253 0.5145549 0.4720551 0.0898454 0.5622919 0.4572263 0.6548344 0.3213384 0.2721830 0.2251384 0.0288359 0.6549945 0.3667497 0.1085899 0.2852872 0.2553186 0.4209238 0.3740383 0.3203722 0.2425386 0.5601266 0.4111150 0.1584286 0.5185115 0.4787175 0.5415241 0.5821433 0.0231951 0.1134443 0.1408761 -0.1426387 -0.3162064 -0.5642332 0.5788993 0.2566258 -0.2895087 -0.4917871 -0.5058521 -0.1836491 -0.1191504 -0.3501054 -0.3162158 -0.3182390 -0.3664534 -0.6221275 -0.2535188 -0.6586398 -0.5161882 -0.2881133 -0.5296209 -0.3920581 0.1002488 -0.2593682 0.0074365 -0.3142695 -0.1775679 -0.4072263 -0.4052807 -0.2071326 -0.2028749 -0.0540085 -0.2626518 -0.1896732 0.1882027 -0.0416947 -0.3924642 -0.1677322 -0.2592023 -0.0989805 0.2727906 0.1606249 -0.3991964 -0.0607850 -0.0297673 -0.1094309 -0.0446365 -0.1899477 -0.2094899 -0.1189059 0.4044459 -0.3142090 -0.0659110 -0.3168160 -0.3696251 -0.6099265 -0.5996519 -0.1976493 -0.4112365 -0.1523046 -0.4020187 -0.3273652 -0.2732034 -0.4958567 -0.4710376 -0.3523832 -0.1605620 -0.5341819 -0.0840317 -0.3804722 -0.0890492 -0.2543252 -0.3901069 -0.1021576 -0.1985993 -0.2472282 -0.6319004 -0.0804209 -0.2679548 -0.4018353 -0.5308646 -0.2777890 -0.2471894 -0.2254563 -0.2386301 -0.2925325 -0.2018489 -0.1742516 -0.1803982 0.1050441 -0.0656334 0.2451539 -0.0225990 -0.3709087 -0.3001688 -0.3909482 0.0384727 -0.3315421 0.0479941 0.3477984 -0.0543370 0.4564524 -0.0973279 0.6109651 0.1072359 -0.1416358 -0.2801632 -0.4637298 -0.1812454 -0.0253321 -0.1728479 -0.4521167 -0.2752994 -0.2901839 0.5013726 0.5713347 -0.5054350 0.0162533 -0.5686249 -0.1472659 -0.2325236 0.6827063 0.7401229 -0.6056872 0.4280182 0.0001261 0.4117327 0.2073809 -0.3022713 0.6628732 0.5286910 -0.4535412 0.5681563 -0.1326793 -0.3593254
0.4305530 0.5976102 0.1390439 0.0000000 0.0082426 0.8509142 0.4831050 0.6623988 0.9041637 0.8022861 0.4046836 0.6278374 0.1667671 0.5251720 0.9184964 -0.1126655 -0.0293123 0.5944011 -0.1806825 -0.1021937 0.0487428 -0.0428842 -0.3037119 0.8778306 -0.2606992 -0.3333205 -0.3678480 0.4480602 0.7544833 0.0675984 -0.0488045 -0.1821705 0.8487998 0.7611327 -0.2725149 -0.4689613 -0.2183882 -0.0231632 0.0428527 0.2721340 -0.2830953 -0.1952175 -0.2657795 0.6767835 0.6816795 0.2494003 -0.2099860 -0.1005716 0.7848478 -0.0575340 -0.3112766 -0.1966077 0.6993885 -0.1679349 0.2470638 0.1132464 -0.0565462 0.3390419 -0.0189698 -0.1389984 0.1149153 0.0579092 0.4826995 0.3680832 0.5741472 0.1722140 -0.1488498 -0.3945992 0.5649300 -0.0345769 0.0356977 0.4334260 -0.1556070 -0.5713082 0.4036075 -0.0678747 -0.5957809 0.4268045 0.3340212 -0.0308641 0.5109113 -0.0953391 -0.1711669 -0.5080381 -0.3615765 -0.0697209 -0.1899996 0.0854287 -0.1349016 0.2977045 0.3943305 0.5506068 -0.0754822 -0.3460907 0.3771846 0.5780999 0.7425752 0.0591281 0.0592996 -0.5805996 0.1610191 0.2593954 0.2406238 0.1508312 0.5321982 0.3474498 0.1245534 0.1991380 0.4711693 -0.0614521 0.4375593 0.1239635 -0.1899230 -0.0353578 -0.1762547 -0.1474079 -0.1799860 -0.0823850 -0.0462580 0.0746145 0.0538393 0.0616964 0.5926546 0.2152401 0.2983832 -0.0926661 0.2273638 0.6343615 0.1085915 0.3618415 0.1617343 0.0120291 0.0075481 -0.0165552 -0.0394278 0.7327357 0.2752755 0.2948857 0.1425411 0.1280529 0.5188055 0.1746095 0.4157798 -0.1626467 0.3297839 0.7243482 0.0352190 0.0549809 0.6344732 0.3259073 0.4936231 0.1812742 -0.0159000 0.8285487 0.1536864 0.5758480 0.7114345 0.0635589 0.7658328 0.1086351 0.1571459 0.6042108 0.6238489 -0.0877220 0.3106322 0.7016428 0.8707503 0.8624145 0.8125176 0.8443820 0.7140645 0.7386532 0.2497276 -0.2206739 -0.1966715 -0.6126203 -0.5871737 -0.6899214 -0.5446120 -0.5676705 -0.6064312 -0.4597089 -0.5230192 -0.4002963 -0.2945730 -0.7889737 -0.1216640 -0.8350153 -0.8332046 -0.7782690 -0.2895265 -0.7669691 -0.4298304 -0.5818655 -0.2791685 -0.5333964 -0.5662822 0.3861786 0.3403238 -0.1949887 -0.0572373 -0.2664188 -0.0613858 -0.3299400 0.3656047 0.4195831 0.3728709 0.2728269 0.2742313 0.1196749 -0.0129835 -0.6297392 0.3136503 0.4258164 -0.5415840 0.4925496 0.5605971 0.3160257
0.2752992 0.4618089 0.6437662 0.0082426 0.0000000 0.3091004 0.2859012 0.3749827 0.1127929 -0.2167596 0.4825388 0.1304133 0.5589365 -0.3083763 0.1737596 0.1867963 -0.0215885 0.1592681 0.0214405 0.6843096 -0.4932665 0.1213289 0.0798298 0.1352559 0.0668137 0.1608087 0.2348910 -0.0095272 -0.1869076 0.1424506 0.2975176 0.3490166 0.0228728 0.1545083 0.1946733 -0.4306376 0.2738258 0.2676298 -0.1846319 -0.3987436 0.1876687 0.3282387 0.1509863 -0.1619078 0.4900496 0.3818309 0.0976218 0.1339236 0.0668760 -0.1598917 0.0221389 0.1340979 0.2038926 0.0697488 0.5565918 0.4277238 0.3425686 -0.0607207 0.7155959 0.0224204 0.7863174 -0.1430414 0.4412199 0.0517825 0.1169044 0.6612542 0.0582266 -0.1015021 0.4834911 -0.0136683 0.0163444 0.0369364 -0.0803324 0.2781347 0.3119516 0.1503084 0.0597229 0.1668147 0.0376694 0.1742121 0.4653800 -0.2357469 -0.0347934 -0.0084015 0.4480093 -0.1710720 -0.2008274 0.2154977 0.1450855 -0.2104750 -0.6672077 -0.4946796 -0.3773764 -0.0064391 -0.4554019 -0.2792650 -0.4360791 -0.5450186 -0.4408962 -0.1811629 -0.4840816 -0.5824083 -0.3214307 -0.4487569 -0.6262733 -0.1249231 -0.3093443 -0.0163257 -0.6775706 0.1537109 -0.6792349 -0.2378792 0.2125214 0.1101924 0.0485072 0.0582567 -0.0427772 0.1702639 0.0966050 -0.3992903 0.0158277 0.0511716 0.0300177 0.3049247 -0.1014521 -0.5695873 0.1028177 -0.0602563 -0.4693512 -0.1342195 -0.3520091 -0.4281806 -0.2426611 -0.0075126 -0.5418783 -0.4061045 -0.6246715 -0.8083581 -0.7070422 -0.7472948 -0.5273546 -0.8265741 0.0988211 -0.6611160 -0.7279636 -0.4927836 -0.7983385 -0.7526001 -0.3083236 -0.3597215 -0.5895197 -0.6142481 -0.8388929 -0.2154417 -0.3758130 -0.4418509 -0.1783815 -0.7996061 -0.0955839 -0.7940559 -0.2282080 -0.2238993 -0.4059880 -0.7840345 -0.6758645 -0.6195550 -0.3147917 -0.2513871 -0.2674374 -0.3094878 -0.1985891 -0.1985553 -0.2571406 -0.2893210 0.0899478 -0.1700620 -0.4064188 -0.3173901 -0.5001129 -0.1602098 -0.3078579 -0.1152285 0.2749959 -0.1247703 0.4669048 0.0253420 0.6011815 0.2360956 -0.1942931 -0.3091142 -0.3836571 -0.0370636 0.1207499 -0.2158935 -0.4900153 -0.3467503 -0.4117958 0.2699771 0.4752433 -0.6673958 -0.2939829 -0.0871341 -0.2591135 -0.5578229 0.5079993 0.5394527 -0.7935353 0.1225887 0.2093469 0.5942585 -0.1298447 -0.1294513 0.6306480 0.5918349 -0.6267728 0.5232223 -0.4921073 -0.5090846
0.4163174 0.7702233 0.4269326 0.8509142 0.3091004 0.0000000 0.5974581 0.8422700 0.9147065 0.7897100 0.7782590 0.5510350 0.5080731 0.4760037 0.8487445 0.0524723 0.2220104 0.5151649 -0.0669356 0.1630536 -0.1877648 0.0796276 -0.1094794 0.7471886 -0.1227476 -0.1461579 -0.2465266 0.4097400 0.5255986 0.1215843 0.1305871 0.0572343 0.6932000 0.6769581 0.0409013 -0.4886624 0.1027793 0.1726065 0.1550057 0.2620054 -0.1427349 0.0449004 0.0371461 0.5401863 0.7766712 0.4645080 0.0348228 -0.0634847 0.6695296 -0.1268099 -0.0826662 0.0552386 0.7043415 -0.0269151 0.2818352 0.2468930 0.2742237 0.2621708 0.3207100 0.1195245 0.4442778 0.1990413 0.4873010 0.4096752 0.6506202 0.5026599 0.0821022 -0.2634080 0.5775539 0.1195021 0.2222112 0.6591644 0.0557221 -0.2412203 0.5632757 0.1876874 -0.3556097 0.5401255 0.5156243 0.2862592 0.7500129 -0.2881616 -0.2620165 -0.5029997 -0.2417374 -0.3440624 -0.4880548 0.2825095 -0.1807360 -0.0530683 0.0345799 0.1976882 -0.1567256 -0.3806336 0.0859246 0.3543581 0.4412991 -0.1077665 -0.2064960 -0.5992953 -0.1152260 -0.0458761 -0.0243890 -0.2249112 0.2377450 0.3688223 -0.0269033 0.1649862 0.2140442 -0.0490690 0.1636240 -0.0031405 -0.0722906 0.0210660 -0.0465703 -0.1831541 -0.1800019 0.0967300 0.1122429 -0.0329008 0.1107366 0.0858518 0.5310000 0.4442536 0.3150817 -0.2595088 0.3245756 0.6020572 0.0233141 0.4186477 0.0885921 0.0227098 0.1317208 0.1531005 -0.1328116 0.5639363 0.1303697 -0.0217579 -0.1513564 -0.1719678 0.4013109 -0.1230190 0.3685026 -0.3062346 0.0447651 0.4821345 -0.2411085 -0.1397036 0.4401464 0.2727992 0.2513845 0.0429111 -0.2856868 0.7089165 0.1939602 0.4316865 0.5592062 -0.1028011 0.6060486 -0.2422801 0.2374649 0.5092694 0.4856379 -0.3770257 0.1847886 0.4961149 0.6621678 0.6269995 0.5427255 0.6271715 0.5798149 0.5552326 0.1945494 -0.2795708 0.0003703 -0.4917309 -0.6743210 -0.7823878 -0.6297482 -0.5091754 -0.6963927 -0.4338828 -0.2555781 -0.3491397 0.0027370 -0.6640719 0.1792755 -0.6227438 -0.7365437 -0.7470505 -0.4126731 -0.6613617 -0.2708680 -0.6073822 -0.4377747 -0.6156139 -0.6386647 0.5655428 0.7029139 -0.4111730 -0.2327833 -0.5740797 -0.2324419 -0.4800628 0.4620965 0.7246890 -0.0960779 0.4260036 0.0470801 0.3042587 -0.1538097 -0.6906877 0.5430885 0.7182094 -0.7420315 0.6945354 0.3700161 -0.0000320
0.4997576 0.7255213 0.2146604 0.4831050 0.2859012 0.5974581 0.0000000 0.4186352 0.5899898 0.2029565 0.3473488 0.6338074 0.0322494 0.3066623 0.5722502 -0.4818851 -0.1649865 0.8013108 -0.3901587 -0.1729404 0.1751098 -0.5046993 -0.5412969 0.3598523 -0.6103619 -0.5529651 -0.1111822 0.4457081 0.1204280 0.4011395 -0.5187671 -0.4903564 0.3166907 0.0552599 -0.4769046 -0.0227319 -0.4563426 -0.2848474 -0.4628682 -0.2056117 -0.5461619 0.1443609 -0.3682611 -0.0140318 0.2931218 0.0904903 -0.2528306 -0.5390080 0.0922532 -0.0294510 -0.3745494 -0.5106181 -0.0197185 -0.6249653 -0.1589165 -0.2220114 -0.2739437 -0.4404816 0.3553135 -0.3659652 0.0944715 -0.3429694 0.0874157 -0.3860484 0.2565610 0.0137414 -0.4469059 -0.7747623 0.5271648 -0.6309940 -0.3944465 -0.0234274 -0.3517664 -0.3561101 -0.1698425 -0.3978149 -0.4242589 -0.2151591 -0.1239579 -0.1580028 0.0332648 0.0821931 0.2748650 -0.4556761 -0.0180245 0.1845722 -0.0094481 0.5059494 0.2061373 0.1530347 -0.1548524 0.1773436 -0.2701552 -0.0071550 0.0810740 0.2291360 0.2620909 -0.3853355 0.0944730 -0.3104732 0.2327076 -0.0749379 0.2815490 -0.0513330 -0.1581831 0.3553733 -0.0321757 0.3085696 -0.1502330 -0.0543426 -0.2360939 -0.0671098 -0.1517299 0.0578412 -0.2247941 0.1062768 0.1781913 -0.1377305 -0.0637961 -0.2010549 0.1644454 0.1617992 0.3319148 -0.0290923 -0.3348114 -0.4062178 0.3616946 0.2655045 -0.3337405 -0.1033808 -0.4057907 -0.4722328 -0.1861279 -0.3651168 -0.2690848 0.0678748 -0.4521939 -0.1828543 -0.3764537 0.0459260 0.0160082 -0.0817375 0.2129335 -0.4980866 -0.1919819 0.0964311 -0.4960113 -0.5975628 0.4475808 -0.2668544 -0.0245398 -0.0433279 -0.4392957 0.4420166 -0.0545877 0.1701643 0.2826241 -0.3163791 0.3989105 0.1264610 -0.1060263 0.2176831 0.0779354 0.0002302 0.0189823 0.1757806 0.5241518 0.4859316 0.5246705 0.5470898 0.5767065 0.5541193 0.2454682 0.0872205 0.5497491 -0.2097574 -0.1843341 -0.2032697 -0.4195673 -0.1240570 -0.1259083 0.1619995 0.2791188 0.2605093 -0.0979703 -0.1209537 0.0727834 -0.1916421 -0.2207498 -0.1781811 -0.3439057 -0.3519269 0.2217679 -0.3113369 -0.3349786 -0.2191924 -0.2323248 0.0725884 0.2357452 -0.3016113 -0.4370715 -0.1145212 0.1911819 -0.2050606 0.4042049 0.4235778 -0.2115163 0.0370914 -0.2376524 0.1261490 -0.1199871 -0.0569275 0.0412614 0.5544813 -0.1963401 0.3493463 -0.0284639 -0.0912624
0.4859291 0.8286464 0.7377511 0.6623988 0.3749827 0.8422700 0.4186352 0.0000000 0.6608116 0.6297285 0.7715497 0.3881202 0.8017026 0.3661448 0.5517944 0.3770487 0.3707560 0.1999925 0.4169446 0.0230330 -0.2613168 0.2906245 0.3120101 0.4625911 0.2799266 0.3172344 -0.0889173 0.4122675 0.3471736 0.2334563 0.3046779 0.3034256 0.4268902 0.4934974 0.3128781 -0.2842893 0.3017008 0.4998477 0.2559877 0.2771327 0.1116739 0.4066939 0.2574810 0.4422707 0.8037273 0.6110162 0.2703466 0.0824293 0.4044152 0.0009228 0.1910163 0.2451313 0.5512275 0.0832865 0.1039499 0.3003376 0.3868035 0.2407314 0.3218963 0.3571024 0.5976463 0.2930856 0.2559171 0.4348779 0.4984772 0.5226196 0.2542501 -0.1148641 0.2960148 0.2588685 0.3890891 0.7284123 0.2666615 -0.0122232 0.6161997 0.4483088 -0.0383990 0.7080908 0.6796422 0.5723408 0.7167169 -0.0349216 -0.1721881 -0.3422261 -0.2739787 -0.4899450 -0.5854479 0.5362044 -0.0212708 -0.0913481 -0.2316207 -0.1440985 -0.2220233 -0.1458317 -0.1713593 -0.0468499 0.1645896 -0.1799283 -0.3803994 -0.3212685 -0.3444178 -0.2558823 -0.2230757 -0.3251302 0.0229087 0.2296552 -0.2373551 -0.0054690 0.0768720 -0.3330921 0.0511032 -0.3533121 -0.2571076 -0.2286103 -0.1771807 -0.4035401 -0.3646102 0.0072126 -0.0701086 -0.1737805 -0.1040922 -0.1116765 0.3292325 0.4282036 0.3434056 -0.1719820 0.1386699 0.4120383 0.1513273 0.2995247 -0.0147406 0.0355680 0.0119445 0.3711084 -0.1025180 0.5193380 0.0231114 -0.0857353 -0.3622365 -0.2064550 0.3113297 -0.1814763 0.0325187 -0.1608495 -0.0099134 0.3698540 -0.3050396 -0.1853332 0.0917538 0.2407574 0.0660502 0.2335572 -0.2452270 0.4559222 0.0582350 0.2904333 0.4188936 0.0124896 0.2925891 -0.3935226 0.1494335 0.2624942 0.2386171 -0.3543556 0.0753142 0.3376258 0.3828318 0.3036282 0.2501295 0.3453066 0.2215686 0.2407317 0.2010874 -0.1830484 0.1520942 -0.1778272 -0.4986042 -0.5894387 -0.4718235 -0.2989661 -0.5425214 -0.3077196 -0.1032050 -0.3042533 0.1456309 -0.5792447 0.2065296 -0.4624501 -0.5090386 -0.5740827 -0.3815096 -0.4189489 -0.1003148 -0.3512184 -0.3457149 -0.3791343 -0.4208887 0.7741579 0.6813815 -0.3307906 -0.1783316 -0.7213319 -0.2569800 -0.2986925 0.5618638 0.7836352 -0.2135166 0.5132489 -0.1094803 0.1384189 -0.0541681 -0.5451716 0.5365545 0.5290559 -0.6436047 0.5522123 0.2116412 -0.0506812
0.5023512 0.7102221 0.2006876 0.9041637 0.1127929 0.9147065 0.5899898 0.6608116 0.0000000 0.8182942 0.6266278 0.4773680 0.2192277 0.6348189 0.9346545 -0.0898439 0.0602096 0.7078393 -0.2152148 0.0217544 -0.1788678 -0.0956308 -0.3386294 0.8095883 -0.3314309 -0.3484680 -0.1694560 0.5615697 0.5607458 0.2648038 -0.0824011 -0.2222215 0.7295486 0.6765404 -0.1759446 -0.5808564 -0.1619750 -0.0753962 0.1140401 0.3823096 -0.3153118 -0.1628966 -0.2265750 0.6610475 0.6253044 0.2796973 -0.2481523 -0.1794269 0.7217822 -0.2324864 -0.3201219 -0.1481465 0.6727793 -0.0945848 0.2019569 0.0466561 -0.0466670 0.3948843 0.1424694 -0.1377073 0.1608901 0.0502379 0.5224207 0.4307935 0.5236946 0.2492861 -0.1577296 -0.4188209 0.6019681 -0.0474637 0.0343516 0.4730484 -0.2159832 -0.5248804 0.4662056 -0.0902596 -0.6651421 0.3814836 0.2481537 -0.0584641 0.5593553 -0.3314396 -0.2599401 -0.5940587 -0.3263545 -0.2070300 -0.3920204 0.1776745 -0.1842043 0.1483667 0.2761983 0.4244571 -0.2052292 -0.4458991 0.2525286 0.5747735 0.6460538 -0.0986380 -0.1590525 -0.7059328 -0.0277064 0.0573529 0.1094737 0.0121272 0.4361321 0.3996683 -0.0156010 0.2048478 0.3235974 -0.1043958 0.2694410 0.0778342 -0.2147507 -0.1275490 -0.2377530 -0.2894226 -0.2854148 -0.1168002 -0.1041813 -0.0720678 -0.0492980 -0.0431729 0.5114711 0.1990229 0.1943725 -0.2370465 0.1891828 0.5775620 -0.0189061 0.2636345 -0.0138652 -0.1063945 -0.0324769 0.0710611 -0.1658721 0.6142659 0.1590592 0.1371549 -0.0295060 -0.0435826 0.4012942 0.0514789 0.3683442 -0.2715924 0.1382048 0.5953150 -0.1630770 -0.0905259 0.5287095 0.3140362 0.4323049 0.0343824 -0.2039318 0.7765996 0.1553604 0.4645694 0.6340967 -0.0707773 0.6447391 0.0523933 0.2347328 0.5525612 0.5238641 -0.2021694 0.2440298 0.6096386 0.7961675 0.7895437 0.6883138 0.7993054 0.7288255 0.6848287 0.2877112 -0.1456177 -0.1094438 -0.6969973 -0.7372299 -0.7349910 -0.6972454 -0.5144978 -0.6404201 -0.3994443 -0.3926479 -0.3638951 -0.2141066 -0.7374181 0.0227980 -0.7264822 -0.8395354 -0.7962842 -0.4113547 -0.8534649 -0.4276600 -0.6363627 -0.4269879 -0.6466395 -0.6460055 0.3464948 0.4292126 -0.3617553 -0.1476346 -0.3176885 -0.1773014 -0.4804567 0.3259274 0.4905268 0.1857007 0.2532435 0.2128245 0.3396378 -0.0564930 -0.6659492 0.3834407 0.5539804 -0.6193498 0.6200323 0.4468457 0.0789182
0.1868787 0.4014691 0.1130937 0.8022861 -0.2167596 0.7897100 0.2029565 0.6297285 0.8182942 0.0000000 0.5885621 0.2414584 0.3060236 0.6996924 0.6935681 0.1146769 0.4371866 0.2621425 0.0313872 -0.1268050 -0.1059850 0.1728786 -0.0068767 0.6434547 -0.0098528 -0.0614364 -0.3680786 0.3373388 0.5656723 -0.0178564 0.1289594 0.0211048 0.6410901 0.6524451 0.1250282 -0.3899419 0.1582706 0.1024929 0.4971149 0.6149149 -0.1441151 -0.2160282 0.0842057 0.7197060 0.5125332 0.3339365 0.0720163 -0.0222213 0.6969833 -0.1083535 0.0083635 0.1596235 0.7053189 0.1574902 0.1276166 0.1561090 0.2254414 0.5095870 -0.1033826 0.2352962 0.0504066 0.4036384 0.3842844 0.5710488 0.5931174 0.2405581 0.1682966 0.0131116 0.2728650 0.3555493 0.3489968 0.7548689 0.1733147 -0.2884751 0.5760641 0.2350960 -0.3369788 0.5930869 0.5611933 0.2619279 0.6053519 -0.2250856 -0.2860180 -0.3322129 -0.4627366 -0.3344192 -0.4438883 0.0598354 -0.2440091 0.0979738 0.4872502 0.4905685 0.1415417 -0.4684178 0.3472986 0.5427586 0.6365228 0.2352691 -0.0458696 -0.4856836 0.0295813 0.3070331 0.0982044 0.0464568 0.6511578 0.4187128 0.1835001 0.2541457 0.6378684 -0.0529483 0.5788787 0.2101316 -0.1130582 -0.0188240 0.0514790 -0.2703880 -0.2741859 0.0492172 0.0567200 0.1631287 -0.0033245 -0.0191899 0.5444008 0.3389440 0.4731303 0.0181203 0.1736755 0.7087987 0.2846840 0.5345131 0.3386576 0.4057870 0.2682240 0.2846186 0.2437515 0.8481608 0.5711845 0.4350450 0.2625407 0.1424010 0.7540286 0.2817590 0.3047664 0.1637900 0.4480975 0.7920048 0.2677080 0.4048584 0.5186549 0.6320380 0.5805788 0.3822508 0.2262666 0.8384854 0.4149972 0.6468142 0.6532552 0.3705415 0.5825171 0.1020358 0.4220920 0.5880079 0.6892841 -0.0408148 0.5389998 0.8232331 0.7547860 0.7003404 0.5772915 0.7053983 0.6141342 0.6111598 0.3085278 -0.1853577 -0.2974499 -0.5102064 -0.5517750 -0.6579745 -0.3472440 -0.4165018 -0.6046521 -0.4104586 -0.4868890 -0.3614956 -0.2306319 -0.6562210 -0.0795545 -0.6982154 -0.6853194 -0.6816854 -0.2268536 -0.6738555 -0.5395285 -0.4974290 -0.2313613 -0.5297111 -0.5213507 0.4490241 0.5256493 -0.1581754 0.1324031 -0.5258968 -0.1382152 -0.1512895 0.1646189 0.4575142 0.3372370 0.4273831 0.1141120 0.1533611 0.0681757 -0.6732269 0.3289134 0.3968360 -0.4416555 0.4615407 0.6413162 0.2002157
0.4254371 0.7017417 0.6799761 0.4046836 0.4825388 0.7782590 0.3473488 0.7715497 0.6266278 0.5885621 0.0000000 0.0180320 0.7706783 0.3576274 0.4684797 0.2889268 0.5941290 0.1993428 0.2204998 0.3684458 -0.5260180 0.3472957 0.2218568 0.2812463 0.1702506 0.2253227 0.1499410 0.2831310 0.0198385 0.2658479 0.3735724 0.3161598 0.1932230 0.3134581 0.5193619 -0.3863764 0.4954712 0.4128130 0.4775813 0.4156191 0.1637974 0.3181688 0.4338422 0.2793033 0.5252804 0.6930918 0.3461757 0.1150456 0.2740684 -0.1604531 0.2885739 0.4330580 0.4752182 0.3150774 0.2549851 0.4156716 0.5438178 0.3033431 0.5621941 0.4433824 0.5814968 0.3973989 0.4699345 0.4923564 0.4032630 0.6641974 0.3692557 0.0906656 0.4210281 0.3794110 0.4835567 0.7162458 0.2958439 0.1957220 0.7504806 0.4168925 -0.0658554 0.6366174 0.5590520 0.5253225 0.7985735 -0.4559950 -0.2469453 -0.2513902 -0.1288007 -0.5988541 -0.8134712 0.4686123 -0.2132483 -0.3759061 -0.2741053 -0.2493298 -0.1980771 -0.2711265 -0.1262758 0.1030463 0.0083597 -0.2511272 -0.4822432 -0.4841351 -0.4501140 -0.4452011 -0.3862234 -0.4340876 -0.0583341 0.4215936 -0.2817798 0.0526393 -0.0912549 -0.0856977 -0.1234811 -0.1565587 0.0502121 -0.0239288 0.0782560 -0.3316257 -0.3060714 0.1727363 0.1316328 -0.1965192 -0.0197135 -0.0071728 0.3396504 0.5370493 0.2663013 -0.3760249 0.2544203 0.4488687 -0.0831208 0.3489538 -0.0649032 0.0832469 0.1802936 0.4620046 -0.0791596 0.2899917 0.0003484 -0.2947594 -0.4602443 -0.4582861 0.2036607 -0.3582897 0.2259683 -0.2337142 -0.2055546 0.1108492 -0.4295456 -0.2287691 0.0630414 0.2756440 -0.1006203 -0.0509480 -0.3921412 0.3914237 0.2424404 0.0817938 0.2977595 -0.1641721 0.1646829 -0.4873407 0.3851816 0.1921230 0.0999942 -0.5181686 0.0585669 0.1220367 0.1830547 0.1806361 0.0284807 0.1435975 0.2762149 0.2072353 0.2988964 -0.0425959 0.1240181 -0.3360675 -0.6426144 -0.5657933 -0.5147069 -0.1460254 -0.5149841 -0.1578324 0.1051195 -0.1773360 0.3467883 -0.3313556 0.5319095 -0.1376627 -0.4213303 -0.5243587 -0.4135964 -0.4723284 -0.1691305 -0.3606766 -0.5027098 -0.5267304 -0.5094283 0.5395850 0.8636537 -0.5760708 -0.2218259 -0.7321228 -0.4631648 -0.5277710 0.3244012 0.7426452 -0.4721261 0.3478145 -0.0849966 0.5329700 -0.1300935 -0.5316533 0.6212621 0.7585234 -0.6685241 0.6549257 0.0109220 -0.4978453
0.1291181 0.3794703 -0.0721857 0.6278374 0.1304133 0.5510350 0.6338074 0.3881202 0.4773680 0.2414584 0.0180320 0.0000000 -0.0228543 -0.0496740 0.6150403 -0.2541698 -0.3845706 0.4815348 -0.3084176 -0.1043460 0.5016620 -0.2786169 -0.3306266 0.6621442 -0.3087718 -0.4110339 -0.5574228 0.0784840 0.7193090 -0.2428277 -0.1762077 -0.1625226 0.7046559 0.5278962 -0.4641635 -0.0665406 -0.3445035 -0.0738255 -0.5226034 -0.4270526 -0.3115954 0.0211173 -0.2899485 0.1323523 0.6057773 -0.0012419 -0.1595874 -0.2507551 0.4976710 0.0713422 -0.3032751 -0.3784417 0.3613319 -0.5404164 0.0341121 -0.0900263 -0.0900610 -0.2977773 0.0629909 -0.2495939 0.2261738 -0.2186301 0.0101203 -0.1818233 0.5575829 -0.0251489 -0.2201513 -0.5622920 0.3094424 -0.3535555 -0.2190411 0.0988136 -0.1455400 -0.3183825 -0.1858469 -0.1136029 -0.1819119 0.0050900 0.1316950 -0.0228090 0.1175261 0.1049035 -0.1263383 -0.5526501 0.0193694 0.0571338 0.1949123 0.0915817 -0.1228013 0.1694052 -0.0383615 0.2638712 -0.1177419 0.0864271 0.0448475 0.1462648 0.4486279 0.0586600 0.2931268 -0.1155593 0.3980184 0.1804371 0.1633522 0.0358327 0.1214410 0.0506707 0.0733562 -0.0384429 0.1529847 -0.0091269 0.2027060 0.0176769 0.0247797 0.1672851 -0.1124555 0.1910658 0.1887118 0.0023120 0.1556651 0.2389887 0.3909551 0.3963143 0.4354071 0.2369982 0.0966644 0.1006989 0.4404438 0.3362905 0.1447089 0.2756981 0.1094091 -0.0995518 0.0823152 -0.3024967 -0.1408008 0.3110009 -0.0197140 0.0235121 0.0280612 0.2879024 0.1828838 0.0436482 0.2994460 -0.1966500 0.1348699 0.3557506 -0.1031770 -0.1526812 0.4943924 -0.0161573 0.3287773 0.0990326 -0.1721091 0.4318135 0.0829316 0.5292155 0.4649006 -0.1272514 0.7118070 0.0447516 -0.0380098 0.5446457 0.5449159 0.0258499 0.1140698 0.3487742 0.5997043 0.5624703 0.6906609 0.5845237 0.3993095 0.4591442 -0.0856084 -0.3241956 0.2073249 -0.0190727 -0.0233085 -0.3218015 -0.1795910 -0.4174479 -0.2169338 -0.3468544 -0.2329981 -0.1360088 -0.1247631 -0.4359852 -0.2474906 -0.5696931 -0.3463387 -0.2466244 0.0484303 -0.1163655 0.2442537 -0.2290668 0.0907355 -0.0333496 -0.1113681 0.3496943 0.1171489 0.1478964 -0.4223638 -0.1122541 0.0623889 -0.1667242 0.2706515 0.2519667 0.0997484 0.1607113 -0.1200739 -0.3206543 -0.3787522 -0.1738507 -0.0313262 0.2418793 -0.3151540 0.1387752 0.2807252 0.4366130
0.2719968 0.5539746 0.8829068 0.1667671 0.5589365 0.5080731 0.0322494 0.8017026 0.2192277 0.3060236 0.7706783 -0.0228543 0.0000000 0.0863264 0.1228508 0.6809282 0.6038292 -0.2250357 0.6770529 0.3163371 -0.4450749 0.6405341 0.7040360 0.0874868 0.6633833 0.6964840 0.1174943 0.1532556 -0.0373208 0.0969309 0.6766287 0.7308551 0.0645712 0.2278552 0.7419041 -0.1711469 0.7347281 0.8013240 0.4659185 0.2363814 0.5464699 0.5958352 0.6813815 0.2074831 0.5991384 0.7660229 0.6220163 0.4350157 0.1039776 0.1147230 0.5896219 0.6708270 0.3568574 0.4722827 0.2487542 0.5974880 0.7423430 0.2067250 0.5259957 0.7031950 0.8005129 0.5366184 0.2452878 0.4428716 0.3267279 0.7180616 0.6303658 0.3591449 0.1114313 0.5795115 0.6717712 0.6951465 0.5837513 0.4703709 0.6976986 0.7406989 0.3917080 0.7609564 0.7514308 0.8110060 0.7447219 -0.1530107 -0.2107613 0.0752390 -0.0661614 -0.6337056 -0.6940777 0.4820994 -0.0198674 -0.3869223 -0.4872634 -0.5326551 -0.0569745 -0.0873623 -0.4374934 -0.3488467 -0.2650011 -0.1143345 -0.6041840 -0.1164360 -0.6346883 -0.4586132 -0.5106780 -0.5356012 -0.2282440 0.0733608 -0.2644944 -0.1022679 -0.1346371 -0.1457014 -0.1550063 -0.3252105 0.0058844 -0.0980075 0.1180563 -0.3231942 -0.2893183 0.3029129 0.1369539 -0.1331172 -0.0438170 -0.0947630 0.0652556 0.5862422 0.4530274 -0.1384091 0.0831959 0.1643960 0.1744283 0.2908739 0.0717976 0.1607137 0.1589109 0.5997719 -0.1273787 0.1412987 -0.0262488 -0.3230595 -0.4986060 -0.4814122 0.0196197 -0.3985340 -0.1060952 -0.1105568 -0.2013936 -0.0884398 -0.3380706 -0.1700325 -0.3346660 0.1944015 -0.2733008 0.0773028 -0.2694184 0.0123276 0.0178745 -0.0867529 0.0598705 -0.0521697 -0.0924110 -0.7159171 0.1892421 -0.0100679 -0.0828411 -0.5407289 -0.1122397 -0.0949827 -0.1854091 -0.2111786 -0.2712928 -0.1934109 -0.2217048 -0.2134590 0.0262756 -0.2286823 0.1153952 0.0899425 -0.3307669 -0.3818557 -0.2287118 -0.0131536 -0.3869431 -0.1576658 0.1782208 -0.1828233 0.5498551 -0.1925880 0.5466206 0.0066433 -0.1636868 -0.3066478 -0.2379902 -0.0526375 0.0120628 -0.0887897 -0.2505867 -0.2156602 -0.2515845 0.7679884 0.7517747 -0.3438628 -0.0186846 -0.7722174 -0.3395987 -0.2251235 0.5077670 0.7859260 -0.5830125 0.5769332 -0.0972319 0.2805069 0.0097228 -0.3672141 0.6613608 0.5024314 -0.5524629 0.5179788 -0.0192764 -0.2922188
0.2846625 0.4139138 0.1702805 0.5251720 -0.3083763 0.4760037 0.3066623 0.3661448 0.6348189 0.6996924 0.3576274 -0.0496740 0.0863264 0.0000000 0.4580758 -0.0155929 0.3361655 0.4418716 0.0491018 -0.3944593 -0.1765516 -0.0394125 -0.1205992 0.3501894 -0.1723107 -0.1360871 0.0224989 0.7773208 0.0609326 0.5023226 -0.2172401 -0.2494941 0.3258083 0.1614893 -0.0633007 -0.2187039 -0.0765094 -0.1203918 0.4011218 0.7234018 -0.2460167 -0.2805525 -0.1309245 0.7256520 0.0998997 0.1189161 -0.1132574 -0.1026802 0.2826744 0.1004762 -0.0984069 -0.0396962 0.1892176 0.1344401 -0.1351093 -0.0624964 -0.1372273 0.3388922 -0.1931906 0.0208532 -0.2988776 0.2438612 0.2123480 0.2117648 0.0656655 0.0202992 -0.1021605 -0.1739331 0.2118896 -0.0203765 0.0538150 0.2891159 -0.0924635 -0.5458352 0.2248676 -0.1694233 -0.5084094 0.1260454 0.1374315 -0.1010802 0.2027161 0.0710343 0.1646758 -0.0335985 -0.6589664 0.1167079 -0.2158903 0.1241351 0.2681121 0.2195046 0.5960457 0.5600378 0.1955685 -0.6485035 0.3490795 0.5048633 0.5146398 0.0592292 -0.2014257 -0.5486708 -0.1124369 0.3944588 0.4624873 0.0063685 0.5161958 0.3240273 0.3637241 0.5142875 0.5397312 -0.0759630 0.3069460 0.2126568 -0.5056841 -0.2503767 -0.1296531 -0.2337194 -0.1086620 -0.0259190 -0.2228110 -0.1318864 -0.2599831 -0.4362960 0.0672645 -0.2196961 0.1190958 -0.1903550 -0.2212385 0.2652439 0.0756646 -0.0441865 0.0545321 -0.0111262 -0.0754353 0.1364528 -0.0072576 0.4869064 0.2745873 0.5512571 0.2441590 0.0599855 0.4257579 0.4710207 -0.0324624 -0.0694670 0.3712153 0.4663058 0.2576145 0.1809445 0.2866312 0.2212788 0.2969954 0.3006559 0.2920389 0.5370479 -0.0017969 0.1725809 0.2520333 0.3970313 0.1522667 0.3486483 0.0397164 0.1660846 0.2224966 0.1220589 0.4005169 0.6605221 0.5590421 0.4763651 0.3810309 0.6366537 0.5118574 0.4783256 0.2884541 -0.0329399 -0.1694955 -0.5023592 -0.4314030 -0.4093964 -0.3799703 -0.1845868 -0.4328998 -0.0191054 -0.1739310 -0.0671119 -0.3712962 -0.3219359 -0.0458361 -0.4458752 -0.4639191 -0.4503474 -0.4564210 -0.6914571 -0.6231584 -0.4989757 -0.3708199 -0.4892148 -0.4311358 0.0268375 0.1126562 -0.2129131 0.4802530 -0.2164492 0.3619096 0.1860846 0.3899438 0.3620769 0.3217066 0.4159795 0.2173367 0.2967669 0.5998052 -0.4883087 0.2525062 0.2561047 -0.0573997 0.4896128 0.6260158 0.2585249
0.5215789 0.6242384 0.1115730 0.9184964 0.1737596 0.8487445 0.5722502 0.5517944 0.9346545 0.6935681 0.4684797 0.6150403 0.1228508 0.4580758 0.0000000 -0.1438973 -0.1022061 0.7699448 -0.3131832 0.0981541 0.0073139 -0.0448072 -0.4096713 0.9255384 -0.3578230 -0.4657701 -0.2743619 0.4718405 0.6905704 0.0858264 -0.0145310 -0.1829456 0.8693800 0.7381619 -0.2844461 -0.5624424 -0.2398868 -0.0400044 -0.0393845 0.1994260 -0.2295144 -0.1509780 -0.2499558 0.6155691 0.6324075 0.3133926 -0.2549579 -0.0539995 0.7805406 -0.1122108 -0.3403342 -0.1702966 0.6613208 -0.1353307 0.3640250 0.1865682 -0.0595729 0.2841165 0.2355023 -0.1958264 0.2109152 0.0404869 0.6457383 0.3292916 0.5949940 0.1979105 -0.1432933 -0.4167740 0.7354305 -0.0898819 0.0280619 0.3130223 -0.2192832 -0.5257199 0.4017470 -0.1442964 -0.6820112 0.3484540 0.2004665 -0.1532185 0.5114887 -0.3775130 -0.2892875 -0.5334684 -0.1926643 -0.1169177 -0.2674292 0.1018145 -0.2388725 0.2208135 0.2932312 0.4810229 -0.0902933 -0.3625186 0.3018159 0.6567381 0.7461678 0.0523032 -0.0618794 -0.6870686 0.1026991 0.1193521 0.1170273 0.1516834 0.4944387 0.3937908 0.0706453 0.1896562 0.3639329 0.0924620 0.3408038 0.2491468 -0.0189197 0.0518144 -0.1428617 -0.1150911 -0.1423493 0.0048589 0.0372088 0.1285694 0.1686031 0.1742620 0.5944652 0.3014236 0.2872622 -0.1260650 0.3478284 0.5974568 0.0341568 0.3413511 0.0924566 -0.1356294 0.0295526 -0.0044498 -0.2415919 0.5245349 0.1490533 0.1016281 -0.0085164 0.0169943 0.2835244 0.0518177 0.5127573 -0.3104214 0.1764291 0.5060325 -0.1506129 -0.1084351 0.5988275 0.3057994 0.4530821 -0.0334736 -0.2058557 0.7498020 0.1515851 0.4594679 0.6950156 -0.1607365 0.8073061 0.0670008 0.2584936 0.6799140 0.5739005 -0.1765126 0.2280673 0.5315087 0.7749840 0.8549299 0.8002230 0.8194493 0.7564267 0.7308128 0.2393489 -0.2063447 -0.1363826 -0.6786999 -0.6385032 -0.6664301 -0.6067565 -0.4730010 -0.5541449 -0.3836581 -0.3803575 -0.3027450 -0.0893209 -0.6908355 0.1009141 -0.7053855 -0.8259742 -0.7532976 -0.2197222 -0.7932885 -0.3487177 -0.5418509 -0.2640457 -0.5379237 -0.5643619 0.3321267 0.3463119 -0.2475763 -0.1332372 -0.1896516 -0.1422606 -0.5049640 0.3343080 0.4316973 0.2020473 0.2191833 0.3570663 0.3188184 -0.0971149 -0.5616340 0.3513782 0.5626240 -0.5860790 0.6041352 0.4694868 0.1659974
-0.0250247 0.0861634 0.4671810 -0.1126655 0.1867963 0.0524723 -0.4818851 0.3770487 -0.0898439 0.1146769 0.2889268 -0.2541698 0.6809282 -0.0155929 -0.1438973 0.0000000 0.3163631 -0.4828847 0.8367575 0.2104250 -0.3978523 0.6756051 0.8828996 0.0128070 0.8879154 0.8560404 0.0621091 0.0804536 0.0528534 -0.1057574 0.7599033 0.8149467 0.0273712 0.2638365 0.7008114 -0.2111887 0.6462210 0.7683861 0.4220684 0.2630437 0.7103941 0.4375428 0.5807862 0.3654786 0.4007207 0.3939406 0.3956243 0.5979744 0.1567361 -0.0234776 0.4984449 0.7088674 0.3302211 0.6334394 0.1497003 0.3860013 0.5233612 0.4538201 0.1883009 0.6142719 0.6113828 0.5250963 0.0242865 0.6217806 0.2291320 0.4198289 0.6481652 0.6151349 -0.3211646 0.7545279 0.6679436 0.5399708 0.5443420 0.4699562 0.5414790 0.8296072 0.4899422 0.6802112 0.5850241 0.6205951 0.4425907 -0.2541851 -0.5688486 0.2085666 0.0242177 -0.6933586 -0.5028792 0.0918475 -0.0790050 -0.1948293 -0.3093841 -0.5096509 0.0845570 -0.1094305 -0.6697851 -0.5046007 -0.2472450 0.2325739 -0.7579218 0.1598458 -0.7514180 -0.2692658 -0.6084453 -0.2700361 0.0289362 -0.4102405 -0.2125241 -0.2759585 0.0937918 -0.2189835 0.1070896 -0.2404109 -0.1114245 -0.3737096 -0.0813807 -0.5455299 -0.5230292 0.1666499 -0.1009021 0.0583150 -0.2674567 -0.3560516 -0.3416368 0.3582390 0.6132152 0.3716456 -0.3180411 -0.2437276 0.5251383 0.1108950 0.2219029 0.1902503 0.0486075 0.6702081 -0.2649595 0.0248866 0.1864258 -0.1364704 -0.1985660 -0.2950396 -0.1806576 -0.2071524 -0.5201766 0.1837787 -0.0874976 -0.1066418 -0.0198371 0.1777962 -0.6978982 0.3569663 0.0737485 0.1029989 -0.0022221 -0.3460976 -0.1631360 -0.0874127 -0.1441865 0.1208818 -0.2854669 -0.5203189 0.1452614 -0.0018857 -0.0283587 -0.3490912 -0.1722262 -0.1093705 -0.4265034 -0.4263699 -0.4483017 -0.3254253 -0.6004094 -0.6063116 -0.3174105 -0.3599842 -0.2173482 0.2728841 -0.1099818 -0.1872786 0.0250151 0.0434901 -0.2202133 -0.2977339 -0.1046818 -0.3315983 0.4692748 -0.1893563 0.2626227 -0.0273403 -0.0641132 -0.1375672 0.1144852 0.1822459 -0.0333892 0.1423723 0.1872881 0.0603067 0.0123740 0.7122771 0.2301105 0.1213979 0.2867159 -0.4193857 -0.2812250 0.0336290 0.2275770 0.3872989 -0.2456475 0.6132109 0.0840089 0.0298929 0.0773961 -0.2083292 0.4335166 -0.1097815 -0.3007444 0.2437326 0.1414216 0.0931356
-0.0035861 0.0806377 0.4255060 -0.0293123 -0.0215885 0.2220104 -0.1649865 0.3707560 0.0602096 0.4371866 0.5941290 -0.3845706 0.6038292 0.3361655 -0.1022061 0.3163631 0.0000000 -0.3634832 0.4739223 -0.0269337 -0.1751766 0.5882751 0.5435479 -0.2141211 0.4766393 0.4931957 0.0556430 -0.0250943 -0.2494346 -0.0125034 0.4446591 0.4625798 -0.1732986 -0.1229988 0.7705572 0.1968195 0.7575000 0.5132964 0.8339221 0.5588694 0.3670412 0.2517636 0.7703674 0.0791124 -0.0056232 0.6532055 0.7886727 0.2960065 -0.1389399 0.2983285 0.7613855 0.6986549 0.0540814 0.5464204 -0.0285579 0.4757453 0.6905998 0.1235315 0.1593912 0.8049930 0.1492448 0.7261056 0.1140183 0.2285745 0.1150373 0.2939208 0.6474683 0.5312487 -0.1048396 0.5763734 0.6810539 0.5893404 0.6786331 0.4367151 0.4669883 0.4951147 0.3712871 0.4946588 0.5947148 0.6574858 0.4013563 -0.0481087 0.0869211 0.2945326 -0.3140142 -0.3960344 -0.5767976 0.3372737 -0.1137695 -0.3824127 0.0351360 -0.1197495 0.3556888 -0.0994408 0.1377002 0.0693140 -0.0566960 0.1914378 -0.1191898 -0.0524481 -0.1719919 -0.0626988 -0.2218493 -0.2782994 0.1161629 0.4966573 0.0659992 0.1333964 0.2174044 0.0722368 0.1736850 0.0985467 0.2046585 0.1954069 0.5124563 -0.0813530 -0.0106027 0.3957559 0.3421399 0.1265619 0.1144000 0.0938952 0.2667854 0.4819261 0.3752729 -0.0512048 0.2387570 0.4572727 0.2320521 0.4753417 0.2765450 0.6257974 0.5082113 0.6065872 0.5075982 0.3317535 0.3679623 0.1694577 -0.0721973 -0.0605889 0.4697304 0.1271702 0.1392935 0.3768983 0.2661892 0.1059536 0.1942764 0.3417699 0.0275712 0.4710221 -0.1105254 0.4362613 0.3044661 0.2538330 0.5215197 0.0921296 0.1912942 0.4491523 -0.0715217 -0.1703681 0.5103864 0.0521786 0.0807037 -0.0100985 0.4551276 0.2032724 -0.0440598 -0.0702664 -0.1677078 -0.1009637 0.0692738 0.0899111 0.4059127 0.1227129 0.0516956 0.0670142 -0.0480474 -0.0371798 0.2154427 0.3102098 -0.0638124 0.2153976 0.2629230 0.1793915 0.3234110 0.1546886 0.3824659 0.1909914 0.1398481 0.0100965 -0.0175100 -0.0247291 -0.1497712 0.1140297 -0.0920193 -0.0657567 -0.0171169 0.3077862 0.6124809 -0.1589642 0.2529794 -0.7114166 -0.1378037 0.1589813 0.0412815 0.4034653 -0.2484356 0.3303014 -0.1971904 0.2109010 0.2353901 -0.1561302 0.2356988 0.3636036 0.0036062 0.1735362 0.1357972 -0.3270638
