0.0000000 0.4536655 0.5488887 0.4102998 0.2843218 0.4786875 0.2181795 0.2627585 0.4772754 0.4121806 0.0964238 0.4560628 0.1965023 0.3712117 0.3385607 -0.0234645 0.2426018 0.4001840 -0.2047948 0.0199885 0.3047052 -0.2030206 0.0410476 0.3173552 -0.2537695 -0.1062317 0.2020523 0.2457191 0.2064840 0.2818614 -0.1750931 -0.1609899 0.1877749 0.0661204 0.0042703 -0.0943058 0.0427356 -0.2475114 0.1220958 0.0495020 -0.2387351 0.0986002 0.1098052 0.0761418 0.2132118 -0.1001877 0.0261395 -0.2231709 0.0610154 -0.1882306 0.0726884 0.0954381 -0.3305089 -0.1900471 -0.2263361 -0.1019473 0.0421816 -0.2528129 0.3001176 0.0694164 0.1698671 0.0309617 0.0130975 0.1202152 -0.2110836 0.0821671 0.0238259 -0.2920065 -0.1869179 -0.2159002 -0.0601954 -0.0726330 -0.1877326 0.1343207 -0.1977556 -0.3428825 -0.2083785 -0.3224697 -0.3338885 -0.0355701 -0.0645649 -0.0825863 -0.4438574 -0.4501772 -0.5288889 -0.3930050 0.0397180 -0.5396168 -0.3683227 -0.4623458 0.0548882 -0.0294421 -0.0140460 -0.3104631 -0.0258268 0.0263926 0.0257726 -0.0224742 0.0256565 -0.2125953 -0.1037404 -0.0939084 -0.3678897 -0.1104587 0.2304519 -0.0506262 -0.1492270 -0.2572856 -0.0113241 -0.1589183 0.0366323 -0.1417257 -0.2400390 -0.0721721 -0.0363031 -0.0107256 0.0674711 -0.0550618 0.0294269 -0.0982872 0.1084441 0.0849616 -0.0204001 -0.0845398 -0.0010928 0.0732168 0.0647500 0.1671869 -0.0186993 -0.0379166 -0.0045986 -0.1484295 -0.0845784 0.1282058 0.1075926 0.0496554 -0.1183845 0.1522129 0.0581428 -0.0535987 0.1847282 -0.1418174 0.2575187 0.0282259 -0.1413561 0.0128139 0.0483131 -0.0312710 0.1796987 -0.1523406 -0.0152813 0.0369228 0.0991255 0.2446566 0.0829304 0.0012720 0.3297056 0.0728909 0.1686939 0.1315222 0.0500832 0.1277551 0.2466759 0.2786590 0.1282368 0.2042198 0.4288472 0.1787763 0.4798362 0.2068529 0.1950574 0.1699047 0.3080446 0.1873161 0.2688463 0.3059933 0.4364231 0.2684974 0.1347151 -0.0985971 -0.0386932 0.3050389 0.3369106 0.4134143 0.2791093 -0.1098393 0.3496782 0.2324220 0.3179712 0.1900560 -0.2670858 0.0841229 0.2843049 -0.0116636 -0.0265279 0.1422901 -0.0051901 0.2632757 0.2062789 0.0803956 0.3723941 0.1298683 0.2562593 0.2638100 0.3198752 0.2216814 -0.0626791 0.3048424 0.2458935 -0.0113562 -0.0554408 -0.0116456 0.3246503 -0.0986823 -0.2147525 0.3509952 0.0822450 0.1765402
0.4536655 0.0000000 0.4161978 0.6474346 0.3284333 0.4803469 0.6663628 0.3647497 0.5171873 0.3134920 0.0253394 0.6207816 0.1478600 0.3807681 0.4113654 -0.1773963 0.3485704 0.2009746 -0.2013753 0.3797905 0.2757521 -0.0845156 -0.1402055 0.5482017 -0.2520665 -0.2950553 0.4196019 0.5541449 0.1479869 0.5716907 -0.1434961 -0.2051896 0.3346890 0.2733958 -0.2241223 0.1028216 -0.2922730 -0.3308193 0.4287357 0.5661053 -0.3031954 0.1242658 0.0373931 0.5173196 0.0004221 -0.2675878 -0.1620521 -0.2739661 0.3594651 -0.5538027 -0.2093573 0.2433175 -0.0601615 0.0958587 -0.3237691 -0.3537097 -0.3205105 -0.0695307 0.2155335 -0.3560990 0.1479118 -0.1068033 -0.1732550 0.0705533 0.0907220 -0.2386634 -0.2136115 -0.3481055 -0.1560693 -0.3507534 -0.3488768 0.0933520 -0.3739395 0.1327757 -0.3597779 -0.3948575 -0.5389983 -0.5548153 -0.4052483 -0.1280806 -0.1426670 0.0844146 0.1510810 0.1108815 0.1413973 0.2077633 0.2903977 -0.2395297 0.1720985 0.0247817 0.4820603 0.4170921 0.4264338 -0.0507740 0.2242468 0.3576240 0.1746570 0.4757451 0.1757237 0.0710757 0.0270083 0.3685307 0.1968783 -0.1620082 0.4707261 0.1848218 0.4119527 0.2502684 0.3002582 0.4313450 0.1426863 0.3714657 0.2509154 0.4141558 0.4711697 0.4549692 0.4617529 0.3307693 0.4498453 0.1855967 0.3594913 0.4476006 0.0846667 0.1036224 -0.3590275 -0.1706994 0.2523238 0.1078656 -0.4058450 -0.1230006 -0.3588220 -0.0254691 -0.2528440 -0.0142553 -0.0038464 0.1260507 -0.2651922 -0.4402575 -0.5326518 -0.3116335 0.1625825 -0.4023750 0.0628118 -0.3184531 -0.3958213 0.2920229 -0.3971901 -0.2938291 0.1184066 -0.1216025 -0.2516519 -0.2991498 -0.1809594 0.2413683 0.1458776 -0.1136914 -0.0660379 -0.2845444 -0.0816064 -0.2981275 0.2780556 -0.1545515 0.1334820 -0.2327029 0.1906950 -0.1986015 0.2722811 0.1730639 0.0342309 -0.2320453 0.2106662 0.2149978 0.0766582 0.2406222 0.5438403 0.4049724 0.4131870 0.0159756 0.2939180 0.0558979 -0.0096998 0.3516793 0.4524084 0.5069249 -0.0102329 0.2006668 0.0308973 0.0653095 -0.0444344 0.0033899 0.1534055 -0.0166658 0.1586171 0.2930280 0.0262967 0.4733491 -0.2591045 0.2165350 0.2170209 -0.0550480 0.0743692 0.0779475 -0.2105635 -0.2338086 0.5123731 0.2910420 -0.4095565 -0.1945808 -0.0566713 -0.0187024 -0.4917105 -0.5155468 0.2459872 -0.0892158 -0.5326298 -0.3867773 0.1190260 0.1563909
0.5488887 0.4161978 0.0000000 0.6427562 0.7643238 0.6449116 0.3907308 0.7343474 0.5375424 0.5161941 0.0658343 0.4889119 0.7734789 0.5046508 0.1873309 -0.1087581 0.3254425 0.1531153 -0.3360953 0.5157128 -0.0152499 0.1307173 -0.0742737 0.3592056 -0.2663011 -0.3642596 0.4069253 0.3697825 -0.1321883 0.4716163 0.0765341 -0.3063038 0.3750556 -0.0032488 -0.1840086 -0.4556401 -0.2818458 -0.2423854 0.3340036 -0.1147147 -0.0207205 -0.3538440 0.1289855 0.0694676 -0.2331416 -0.3130303 -0.2118795 -0.1654352 0.2195259 -0.3907780 -0.1949027 0.1110694 -0.2486302 -0.5293992 -0.1413443 -0.1288918 -0.1481771 -0.5273733 0.2460372 -0.1536663 0.1558765 -0.2388129 0.4590630 0.5337186 0.3548237 -0.0284841 -0.2311842 -0.4638314 0.0679525 -0.4770740 -0.2311056 0.1379461 -0.4205477 0.6798065 -0.2075944 -0.5204714 0.0130590 -0.4505240 -0.3220392 0.0893024 0.2700644 -0.2353719 -0.3045110 -0.4365866 -0.2895384 -0.2885203 -0.0040384 -0.2952973 -0.2401356 -0.1687682 0.1739913 0.1601602 0.1693655 -0.4608337 0.1626732 0.2292142 0.3427697 0.2698190 0.2401995 -0.2499301 0.0286006 0.0596415 -0.0791255 -0.0219698 0.3830897 0.1603654 -0.0016068 0.0824852 -0.0863055 0.1955059 0.0940658 -0.0590537 0.0282930 0.3328731 0.1675248 0.2134163 0.3111110 0.2250888 0.2409501 0.0563717 0.3403248 0.3505851 -0.0547009 0.1846849 -0.1133872 -0.2470459 0.3592499 -0.0113169 -0.2614463 0.3178164 0.0594794 -0.1793102 0.0148671 0.2530304 -0.1015647 -0.3232742 -0.0882453 -0.1247316 -0.3220452 -0.2859573 -0.1087525 -0.2608936 0.2668136 -0.1374832 -0.4220728 -0.2495941 -0.1829143 -0.2706709 -0.0675650 -0.1859979 -0.3090270 -0.4098939 0.0315316 -0.0317299 0.2916428 -0.3845156 0.1743177 -0.3775174 0.0691558 -0.1187431 0.3651076 -0.1452275 -0.1510029 0.1146794 0.2111217 -0.3611654 -0.0353804 -0.0009449 0.1783637 -0.2244098 0.1008943 0.0856361 -0.1016348 0.1263358 0.2974907 0.3565640 0.3698850 0.0433476 -0.0674540 -0.3225066 -0.2525250 -0.0191709 0.0908457 0.3178164 0.1536467 0.5924395 0.4556474 0.5632160 0.6523830 0.5737400 -0.1371634 0.6050744 0.5912550 -0.1439714 -0.3559222 -0.0801960 -0.1673550 0.5735807 0.5418886 -0.1635221 0.6051992 0.3930782 0.5106940 0.5591377 0.6662069 0.5535975 -0.2392266 0.5974639 0.5031040 0.4292971 0.1947108 0.1407109 0.6550794 0.0127655 -0.5086784 0.4314283 -0.1475397 -0.1463858
0.4102998 0.6474346 0.6427562 0.0000000 0.3486911 0.6681811 0.3189015 0.8294350 0.7721501 0.7679357 0.5672915 0.5199997 0.4735525 0.6723379 0.6051314 0.3138261 0.6959016 0.4671752 0.1838993 0.3674980 0.0717735 0.3521603 0.3321089 0.7324455 0.2006986 0.0981773 0.6741261 0.5872751 0.1490999 0.6418056 0.2803760 0.2154943 0.5265424 0.2200450 0.2124999 -0.1802860 0.1036920 0.1279640 0.6535032 0.4324217 0.0293420 -0.1206411 0.5202259 0.5633700 -0.0227838 0.1661728 0.2094559 0.1314752 0.7552997 -0.2472061 0.1356222 0.5493896 0.1287866 0.1484033 0.1978956 0.1986498 0.1227477 0.1790268 0.3731446 0.0993608 0.1356443 0.2185801 0.3281090 0.6071157 0.4156722 0.1565823 0.1355241 -0.0125335 0.3694374 0.0370288 -0.0378086 0.4283193 -0.1395945 0.5485313 0.0936794 -0.0633659 0.1865255 -0.2969068 -0.1499041 0.0541155 0.0963627 -0.0907643 0.0371300 -0.0426553 0.1617393 0.2959471 0.3583939 -0.2460517 0.1774707 0.0867286 0.5493824 0.5587806 0.5227144 -0.1199609 0.3930796 0.5292437 0.5368748 0.6723088 0.2729102 0.1312324 0.2571949 0.5993217 0.5001705 0.1033351 0.6848010 0.4714303 0.5833802 0.5411259 0.4158779 0.6002741 0.4206879 0.5313518 0.3398183 0.5620635 0.5698626 0.5506041 0.6091319 0.5865666 0.5623580 0.4745240 0.5382710 0.5351598 -0.0446892 0.2101231 -0.3003147 0.0205391 0.4089796 -0.1321025 -0.0679380 0.1124619 -0.1664679 -0.1223139 -0.1675322 0.1007454 -0.0767764 -0.2115274 -0.1137877 -0.1427832 -0.4641886 -0.0331491 -0.2811322 0.0203720 0.2530666 -0.1879543 -0.2337194 -0.1694689 -0.3321321 -0.4532655 -0.1639386 0.2444198 0.0075858 -0.4670285 0.0500862 -0.1803100 0.1942298 -0.6033942 0.0443003 -0.5765432 -0.0426710 -0.0063481 0.2545419 0.1569471 -0.3832001 0.1730562 0.1655394 -0.5595297 -0.2545801 -0.1562114 0.1782223 -0.0072814 -0.2057172 -0.0144387 -0.1033392 -0.0928193 0.1846972 0.1832075 0.1303199 -0.2929000 -0.0905329 -0.2770709 -0.3415747 -0.0447371 0.4226756 0.6019177 0.0800721 0.4575906 0.0802720 0.1860560 0.3128032 0.4327652 0.4479574 0.4099279 0.2637616 0.3547404 0.0155985 0.5063710 0.1443784 0.3477272 0.3147180 0.2364493 0.3010913 -0.1525468 -0.0106857 0.1404501 0.4580965 0.2283978 -0.0102739 0.1810573 0.1727151 -0.1253729 -0.1383342 -0.1011252 0.3042474 -0.1773611 -0.4096525 0.0994488 -0.3062225 -0.2501334
0.2843218 0.3284333 0.7643238 0.3486911 0.0000000 0.4336833 0.3663133 0.5353690 0.3290340 0.3427153 -0.0026661 0.2699130 0.6559182 0.3630514 -0.0528517 -0.1065077 0.1745624 0.0839497 -0.2971957 0.6258307 0.0107964 0.1087704 -0.0202351 0.2335371 -0.3040898 -0.3639942 0.1522149 0.2661841 -0.0959037 0.3289609 0.0184512 -0.4514780 0.3022975 0.2333789 -0.1894053 -0.2451707 -0.4080360 -0.2995535 0.2933843 -0.1053378 0.0552306 -0.1354877 0.1104983 0.0198909 -0.0327794 -0.3750738 -0.3199039 -0.1754959 -0.0352265 -0.3950982 -0.3048383 0.1067770 -0.1518616 -0.3227525 -0.2270704 -0.2017174 -0.3237734 -0.4310689 0.2601630 -0.2885511 0.2137215 -0.3319985 0.3871984 0.1126257 0.0929974 -0.2090680 -0.3770772 -0.3488708 -0.0134538 -0.4595575 -0.2956403 -0.0826635 -0.3906052 0.3293567 -0.2774130 -0.4529765 -0.2638813 -0.4732739 -0.3476534 -0.0219007 0.0240996 -0.2283759 -0.3762935 -0.4734693 -0.3615061 -0.4099854 -0.3233099 -0.2763681 -0.4154573 -0.3192243 -0.0526654 -0.0552524 0.1606670 -0.5712333 -0.0949802 -0.0739715 0.1207335 0.2110093 0.0586182 -0.3921401 -0.2315982 -0.0060385 -0.1567961 -0.2061260 0.1197898 -0.1378324 -0.0726252 -0.1244643 -0.1980719 0.0893694 -0.1737301 -0.0386893 0.0989148 0.1607856 0.2460033 0.3083631 0.3644893 0.2386434 0.3464046 0.1026026 0.3679276 0.4260806 -0.2622552 -0.0143925 0.0160007 -0.1236619 0.1861287 -0.1665258 -0.1628036 0.1939855 0.0605201 -0.3082668 -0.1048693 -0.0938168 -0.3026422 -0.3028122 -0.2062962 -0.1095253 -0.3370471 -0.0736809 -0.2008645 -0.1517353 0.0133899 -0.1687908 -0.4154098 -0.0912680 -0.2118623 -0.3210729 -0.1685343 0.0039599 -0.1293835 -0.1155629 -0.1003245 -0.0520548 -0.0171801 -0.1421392 0.0013870 -0.2307084 -0.0583920 -0.1128266 0.0895835 -0.1752429 0.1274381 0.0229203 0.0199875 -0.1955646 0.0511052 -0.0485080 0.0436860 -0.2138626 0.0847370 0.0734082 0.1975390 0.3343065 0.2528201 0.2442209 0.3142887 0.0211690 0.0539979 -0.2014083 -0.2172815 -0.0399723 -0.0000310 0.0992818 0.2956645 0.4503444 0.5789514 0.4713805 0.4351179 0.2964410 -0.1049088 0.1831532 0.2349195 -0.0574294 -0.0972008 -0.0877188 -0.2340030 0.1942201 0.2061877 -0.0841777 0.3718649 0.4619769 0.2071520 0.2268322 0.6325038 0.5451348 -0.1795962 0.2731950 0.3646281 0.3379708 -0.0013878 -0.0227454 0.7112369 -0.0565582 -0.5515002 0.1726938 0.1895532 0.1973810
0.4786875 0.4803469 0.6449116 0.6681811 0.4336833 0.0000000 0.5259788 0.4461339 0.8638503 0.7255084 0.0495046 0.6664109 0.2037749 0.7944401 0.4855420 -0.1930672 0.4548374 0.3944593 -0.3227786 0.3365395 -0.0647575 -0.1732930 -0.1317401 0.6242523 -0.2521711 -0.3646136 0.6237847 0.5731931 -0.0641483 0.6155915 -0.1170641 -0.2699333 0.6489408 0.1316525 -0.2749531 -0.2098390 -0.2613815 -0.3283915 0.5482071 0.1626705 -0.1340230 -0.1944761 0.2159416 0.4481976 -0.2345023 -0.2058966 -0.1479052 -0.2713993 0.6188668 -0.3998202 -0.1982079 0.3666565 -0.2251412 -0.1985799 -0.1692908 -0.1132294 -0.1571312 -0.1735465 0.1887279 -0.1833624 0.0841758 -0.0847031 0.2389534 0.6428077 0.1006669 -0.0491197 -0.2484463 -0.3988757 0.0033368 -0.4040126 -0.3463759 0.2077941 -0.5439253 0.6896554 -0.2638741 -0.5367613 -0.0675415 -0.6513343 -0.5534309 0.1387441 -0.0257050 -0.3617043 -0.4263767 -0.3722604 -0.1400953 -0.1018839 0.0205262 -0.4209192 -0.1435069 -0.1527902 0.2135203 0.1647194 0.1443323 -0.4981581 0.1717780 0.2996244 0.2742910 0.3261183 0.1771259 -0.1610619 -0.0741204 0.2187727 0.1051792 -0.1074091 0.4861732 0.1668729 0.1916690 0.2560378 -0.0160287 0.2262498 0.1177572 0.0362709 0.1658120 0.4220865 0.2560960 0.2884720 0.3334446 0.2906321 0.2507646 0.2581470 0.4271447 0.3770296 -0.1377725 0.2819880 -0.0022213 0.0080607 0.4223720 -0.1672696 -0.0639730 0.1838342 0.0988725 -0.1610993 -0.1309977 0.1280819 0.0474433 -0.3451172 -0.2001247 -0.2549205 -0.2872091 -0.1897741 -0.2172077 -0.1875669 0.0067060 -0.3114253 -0.2449226 -0.2990347 -0.2226606 -0.3385323 -0.1631632 -0.0822174 -0.2561297 -0.2778005 0.1036377 -0.1247597 0.1992236 -0.5833766 -0.0605533 -0.3187060 -0.2461063 -0.3329954 0.2483158 0.1292782 -0.4223945 0.0180014 0.2367651 -0.1919161 -0.0591471 -0.0102122 0.3446838 0.0097053 -0.0915353 0.0597322 -0.0769056 0.4224065 0.6486646 0.7253206 0.6002096 0.0904682 -0.2462317 -0.5614867 -0.4230064 0.1275642 0.2496109 0.4103511 0.0356841 0.3042062 0.2757805 0.5870896 0.7572620 0.6865531 0.1252665 0.6009299 0.6961158 -0.1850508 -0.1882386 0.0612056 0.0668592 0.7263630 0.6970688 0.0779450 0.3972827 0.0152058 0.0571525 0.4537066 0.6643812 0.6195495 -0.2736833 0.3471169 0.1687622 0.1406194 -0.1409681 0.1462647 0.5289184 -0.0356484 -0.6600966 0.1163294 -0.1429122 -0.1705950
0.2181795 0.6663628 0.3907308 0.3189015 0.3663133 0.5259788 0.0000000 0.0539892 0.3912876 0.0469285 -0.4653203 0.7634066 0.0355626 0.2129903 0.2039693 -0.5830874 -0.1249007 -0.0163841 -0.5459576 0.2537206 0.1686081 -0.4134322 -0.5579407 0.3575765 -0.4988147 -0.6951255 0.1569767 0.6076252 -0.0849649 0.5167564 -0.4848576 -0.4539037 0.4992875 0.2048327 -0.6674029 -0.0291671 -0.6866744 -0.6103648 0.1018944 0.3079769 -0.3777174 0.0286668 -0.4717480 0.4203122 -0.1200693 -0.5927221 -0.5995500 -0.5357687 0.3148430 -0.6298087 -0.6392369 -0.2832277 -0.1417127 -0.2454668 -0.5175026 -0.5624204 -0.6245530 -0.2862871 0.0764642 -0.7551852 0.3281492 -0.6268675 -0.0744251 0.2795551 0.1581329 -0.4497677 -0.6291726 -0.5728120 -0.2237644 -0.6572001 -0.5542495 0.1799114 -0.5952828 0.4358744 -0.5769865 -0.5508772 -0.4698619 -0.5722261 -0.3706622 0.1264079 0.0970060 0.1123164 0.0619461 0.1054577 0.1253405 -0.1069995 -0.1101307 0.0737892 -0.0188290 -0.0185876 0.0415478 -0.0591111 0.0016707 -0.0604921 -0.0829080 -0.0876053 -0.1478745 0.0172393 -0.0458608 0.0983603 -0.2921405 -0.1035182 -0.1379116 -0.2221054 0.0106465 -0.1880933 0.0224698 0.0428139 -0.1040148 0.2190775 -0.2208621 -0.0879128 -0.0568602 0.2522201 0.1372637 0.0077900 0.1549599 0.0482108 0.0563203 -0.1513663 0.1226135 0.2169612 -0.1036668 0.1558230 -0.4871314 -0.3990925 0.0528873 0.0185610 -0.6203307 -0.2393412 -0.4677839 -0.1303119 -0.4089663 -0.1101539 -0.1694079 -0.2102284 -0.5678822 -0.6348300 -0.5789144 -0.4546970 0.1426651 -0.6248711 -0.1389437 -0.4995180 -0.6757832 -0.0762586 -0.5595221 -0.4573666 0.0345416 -0.4384466 -0.4118363 -0.3261243 -0.4411032 0.2211136 0.0269060 -0.1527885 -0.1324280 -0.4385421 -0.2197653 -0.3856704 0.1593890 -0.3884195 0.0033898 -0.3102344 0.0338234 -0.0042646 0.3234484 0.2771810 -0.0341524 -0.3344059 0.2494156 0.2086503 0.0658589 0.4847611 0.8737070 0.8098012 0.8169074 0.5463136 0.3630825 0.0882184 0.3039689 0.6277351 0.3305746 0.3945070 -0.1363514 0.5057911 0.1750926 0.6092351 0.3730098 0.3854111 -0.1721060 0.2808066 0.5490951 -0.0876207 -0.2419702 0.0756311 -0.3159482 0.5883372 0.6820314 -0.2508416 -0.1762322 0.0533752 -0.1713091 -0.0628995 0.4934542 0.7156517 -0.6137031 -0.0994685 -0.3045852 0.3405520 -0.5220985 -0.3268693 0.5092767 0.3704073 -0.5524003 -0.4250318 0.1853080 0.0876645
0.2627585 0.3647497 0.7343474 0.8294350 0.5353690 0.4461339 0.0539892 0.0000000 0.5231697 0.6093271 0.6227384 0.2170171 0.8402039 0.4174870 0.3731409 0.4761246 0.5346267 0.3464616 0.2571836 0.3314574 -0.0826321 0.6644593 0.4761782 0.4185596 0.3156354 0.2222807 0.4102485 0.2304138 -0.0497965 0.3048643 0.5903381 0.2195158 0.2587420 -0.0306205 0.3733905 -0.4435249 0.1858444 0.3352062 0.4150951 0.0212076 0.4154558 -0.4175068 0.5271959 0.1436781 -0.1892649 0.2041792 0.2700816 0.4000857 0.4562448 -0.0388528 0.2600414 0.4064787 0.0978741 -0.0442870 0.3970472 0.3573435 0.2403508 0.0023288 0.2998515 0.2827519 0.0108703 0.2394479 0.6134830 0.5186307 0.5479351 0.2735643 0.2454081 0.1188599 0.4649572 0.0973654 0.1781696 0.2803979 0.0428874 0.5040461 0.2810730 -0.0005210 0.3207835 -0.0760177 0.0500028 -0.0725121 0.2948615 -0.1944100 0.0450798 -0.2250689 0.0318301 0.1333356 0.2325345 -0.1482454 0.0490873 0.1106663 0.3693835 0.4798785 0.5590395 -0.1684405 0.3850533 0.4924348 0.6813602 0.6606886 0.4339440 -0.0096236 0.3663277 0.4498197 0.4569491 0.3319191 0.6053513 0.5105684 0.3403417 0.4485152 0.2511722 0.4178968 0.4658062 0.3535577 0.3531621 0.4607463 0.3355191 0.4039295 0.4326393 0.4473855 0.4233875 0.3086158 0.3638923 0.3750339 -0.0173299 0.0423350 -0.2500853 -0.1021228 0.4264234 -0.0803764 -0.0983137 0.3589902 -0.0116632 0.0100005 0.1221304 0.2311727 -0.1219868 -0.2258863 0.1092135 -0.1141304 -0.4242139 -0.1111425 -0.2583679 0.0271149 0.3857854 -0.0508740 -0.2173956 -0.2115210 -0.2452551 -0.3108446 -0.1332661 0.1621365 -0.1077098 -0.5382386 0.0359334 -0.1614101 0.2767838 -0.5686505 0.1903502 -0.5180972 0.1724725 0.0236233 0.3690511 -0.0100949 -0.4067238 0.1536657 0.2265184 -0.7411068 -0.3975748 -0.1109609 0.1165524 -0.1967462 -0.0734318 0.0940296 -0.1969034 -0.2152274 -0.1174618 -0.1163236 -0.1235047 -0.4365559 -0.1315188 -0.2458463 -0.3722612 -0.3286075 0.0495030 0.2877972 0.1662085 0.5763116 0.1969100 0.1670301 0.2866141 0.3215267 0.2586988 0.3477028 0.1167685 0.1776909 -0.1788125 0.2843475 0.0182796 0.1880979 0.1621230 0.0912554 0.5099151 0.1140761 0.3377706 0.3466188 0.3247918 0.1005360 0.1029076 0.4241182 0.4953366 0.0987660 0.2922285 0.0777924 0.3326349 -0.2190083 -0.2990444 0.4311625 -0.3345960 -0.2953940
0.4772754 0.5171873 0.5375424 0.7721501 0.3290340 0.8638503 0.3912876 0.5231697 0.0000000 0.7969064 0.3500583 0.5634666 0.1986568 0.8085966 0.7596575 0.1421607 0.5327636 0.7346311 0.0593665 0.3123484 -0.0770827 0.0671197 0.1272642 0.8314704 0.1130753 -0.0287371 0.6254987 0.7375442 0.0913125 0.7029127 0.0453625 0.0793660 0.6972677 0.2802574 0.0076403 -0.1437915 0.0079361 -0.0608961 0.5997427 0.4062919 -0.0614636 -0.0396772 0.3650932 0.6174378 -0.0056990 0.1054158 0.1709708 -0.0463760 0.7191962 -0.2579123 0.0710132 0.4805660 -0.0181945 0.0659223 0.0620882 0.1506112 0.0719604 0.1098391 0.3159357 0.0207811 0.0917935 0.1687100 0.3677504 0.5802104 0.1133924 0.1349574 0.0582720 -0.1374700 0.2829952 -0.1096013 -0.0702412 0.3466779 -0.2503953 0.5344765 0.0045629 -0.2108908 0.0217103 -0.4115117 -0.2900312 0.1740801 0.0211559 -0.1703011 -0.2920690 -0.2853741 -0.0933232 -0.0265449 -0.0198923 -0.3769990 -0.1488068 -0.1729533 0.2709443 0.1682319 0.1385145 -0.3335376 0.1552008 0.2944474 0.1610173 0.3520482 0.1521924 -0.0785847 -0.0719160 0.3268031 0.1724006 -0.0842196 0.4687429 0.1925798 0.3288372 0.2477206 0.0513972 0.3660821 0.1697005 0.2209252 0.1110601 0.3727232 0.4533565 0.4303802 0.5421707 0.5162164 0.4764423 0.3983663 0.5407581 0.5513782 -0.2964806 0.0749853 -0.1562962 0.0465728 0.3215213 -0.2634482 -0.0511073 -0.0308818 -0.1306083 -0.2718252 -0.3334921 -0.1470924 -0.1266143 -0.3869428 -0.3374346 -0.2462888 -0.4486841 -0.0407956 -0.3053935 -0.1185153 0.0289070 -0.4614118 -0.3509326 -0.3527312 -0.3869969 -0.5007727 -0.2084465 0.0731944 -0.0668859 -0.2542521 0.0035697 -0.1549679 -0.0004630 -0.5648522 -0.0855862 -0.3865895 -0.2364339 -0.2266323 0.0574675 0.1447644 -0.4233998 0.1094644 0.0193679 -0.2280727 -0.0790545 -0.0640977 0.3293797 0.0468738 -0.1630808 -0.0372960 0.0080407 0.2922497 0.4481800 0.4970399 0.3554406 -0.1423270 -0.3192491 -0.5743402 -0.4965046 -0.0441617 0.3404244 0.5063797 0.0995058 0.2517516 0.1998773 0.3605068 0.5208791 0.5241483 0.2496492 0.3938361 0.4424504 0.0094660 -0.0200618 0.2334466 0.0322682 0.4819720 0.4851364 0.1388879 0.4029108 -0.1991003 -0.1678326 0.1632709 0.4849617 0.4042097 -0.1943049 0.1829965 0.2116066 -0.1058005 -0.2991922 -0.0719336 0.3681582 -0.1396175 -0.5581203 0.0609673 -0.0517743 -0.0378088
0.4121806 0.3134920 0.5161941 0.7679357 0.3427153 0.7255084 0.0469285 0.6093271 0.7969064 0.0000000 0.6062561 0.2524512 0.2973216 0.8858720 0.4952751 0.3610748 0.8614439 0.6200472 0.2109287 0.4307028 -0.1789999 0.2535855 0.4424308 0.6339972 0.1762721 0.1390948 0.7818232 0.4275727 0.1191442 0.4784374 0.3230874 0.1776135 0.4017869 0.3129063 0.2606770 -0.2085465 0.1690485 0.1819010 0.6282622 0.2592376 0.0959427 -0.0633832 0.6339739 0.4352315 -0.0136731 0.2635917 0.2977787 0.1856390 0.6517649 0.0243495 0.2053578 0.6935384 0.1864365 0.2352461 0.2753059 0.3182579 0.2565689 0.2700686 0.2469615 0.2149857 -0.0518593 0.3813019 0.3870231 0.5538448 0.1330759 0.2783361 0.2049203 0.1090350 0.3674623 0.1761628 0.0864928 0.4190659 -0.0182505 0.4517056 0.1867218 -0.0085235 0.3031726 -0.2064315 -0.1244998 0.3110410 0.0745319 -0.1032992 -0.2846784 -0.2202715 -0.0257536 0.1450371 0.1835440 -0.3626006 0.0132474 -0.0394716 0.3296637 0.3312884 0.3903016 -0.3576323 0.2534034 0.3442985 0.3979853 0.4742415 0.1964252 -0.1973207 0.0900360 0.4960298 0.3335149 -0.1701052 0.5305468 0.3192326 0.4523388 0.3172046 0.3101807 0.3831395 0.3056996 0.4616205 0.2136843 0.3537426 0.5325935 0.5725761 0.5710281 0.5759463 0.5367221 0.5777896 0.6231420 0.5497112 -0.1585600 0.2112715 0.1748419 0.3165085 0.4128168 -0.3317603 0.2850287 0.1811227 0.1680608 -0.3272721 -0.0858308 -0.0151855 0.0176552 -0.2839130 -0.0450510 0.1918646 -0.0783616 0.2653094 -0.4808874 0.3963411 0.1645327 -0.1745966 0.1009406 -0.2477574 0.0611966 -0.1766909 -0.3304766 0.4939980 0.2750381 -0.0386163 0.4348665 -0.4149736 0.1241650 -0.4573488 0.0366077 -0.1427707 -0.1143866 0.1744562 0.0383786 0.5679643 -0.3193276 0.4972312 0.1155597 -0.2211404 -0.2738841 -0.3456078 0.4083187 0.4382730 -0.4067360 -0.1713626 0.1965749 0.1940553 0.1341878 0.1936493 0.0144782 -0.3954904 -0.5165786 -0.6481071 -0.6661409 -0.3120801 0.1640432 0.2623044 0.1004965 0.0808795 0.1252489 0.1298728 0.4469573 0.4677614 0.4178208 0.4069282 0.2833946 0.0992864 0.0653438 0.1713127 0.2847726 0.2398794 0.2231686 0.3935297 0.3763513 -0.2225095 -0.1194686 0.1934828 0.5344055 0.3068519 0.1553841 0.1854438 0.2108682 -0.3393675 -0.1526898 0.1155473 0.3880113 -0.1655869 -0.2796127 0.1870848 -0.2015347 -0.1337060
0.0964238 0.0253394 0.0658343 0.5672915 -0.0026661 0.0495046 -0.4653203 0.6227384 0.3500583 0.6062561 0.0000000 -0.1805293 0.3170950 0.3366099 0.4460958 0.9406173 0.6503292 0.6259870 0.8391087 0.0305013 -0.0251287 0.7453099 0.9337438 0.3627280 0.7729522 0.8231736 0.3180591 0.0575740 0.3082609 0.0591203 0.7080726 0.7403860 0.0448219 0.1858076 0.8885099 -0.0768576 0.7437283 0.7695006 0.3583162 0.2247679 0.4977913 0.0258472 0.8311550 0.2010026 0.2721086 0.7962283 0.7866416 0.7306519 0.4226583 0.4521625 0.7506880 0.6503704 0.4146929 0.5746720 0.7632334 0.7930467 0.6871719 0.6392773 0.3837595 0.7398674 -0.0361471 0.7762872 0.4485441 0.1652871 0.1384689 0.5859479 0.7471781 0.6921727 0.6827913 0.7607924 0.6085013 0.2628318 0.5861290 -0.0600428 0.7118944 0.6239754 0.5068065 0.3924422 0.3897075 0.0013903 0.0561635 0.0549586 0.1178808 -0.0079809 0.1119295 0.3178007 0.2427510 -0.1012646 0.1153270 0.0823316 0.2730662 0.3722483 0.4464287 0.1288736 0.2126175 0.3208172 0.4346915 0.4832680 0.2021418 0.1642364 0.3368199 0.5092624 0.5052476 0.3132687 0.3984567 0.4001574 0.4345076 0.3275090 0.4251045 0.3328547 0.4456275 0.5643616 0.2472378 0.1661668 0.3949101 0.4312903 0.4255251 0.4715707 0.4617992 0.4944529 0.3307383 0.3112455 -0.1514743 -0.1999650 -0.0275453 0.3789809 0.1637904 -0.2347647 0.4196910 0.0642287 0.0284062 -0.0991041 0.0168270 -0.0836901 -0.0955817 -0.0217610 0.1789053 0.3535480 -0.0137080 0.4705429 -0.3992493 0.5967022 0.2414765 0.1263713 0.2785158 -0.0813024 0.0709283 -0.1206677 -0.2294622 0.6655083 0.5132998 -0.0050147 0.2411914 -0.3144219 -0.0684460 -0.2687929 0.1098813 -0.1413553 0.1075244 0.4324789 -0.1209939 0.4502631 -0.2519154 0.4403399 -0.0467174 -0.3786028 -0.4070457 -0.3160187 0.1910839 0.3442126 -0.3868640 -0.1440470 0.1313957 -0.3358459 -0.5369168 -0.5366495 -0.5712770 -0.6836159 -0.2929326 -0.2118005 -0.4320987 -0.5224623 0.1399927 0.1561094 0.2989228 -0.0466708 -0.0084224 -0.3485275 -0.1608085 -0.0888347 0.5131966 -0.1327639 -0.4272446 0.4438446 0.3153772 0.4355440 0.3087620 -0.3943257 -0.4069331 0.4921951 0.1692865 -0.3772404 -0.1610180 -0.1237065 -0.1099764 -0.3646729 0.5971355 0.0135509 0.2206643 -0.5358146 0.0793839 0.0495383 -0.0995046 -0.3147215 0.1975358 0.2621137 -0.2050895 -0.0872901
0.4560628 0.6207816 0.4889119 0.5199997 0.2699130 0.6664109 0.7634066 0.2170171 0.5634666 0.2524512 -0.1805293 0.0000000 0.0476021 0.4727082 0.5429119 -0.3350998 0.0786589 0.2212441 -0.3012150 0.1925533 0.5253007 -0.2764532 -0.3644075 0.6066955 -0.2751838 -0.4256336 0.3400197 0.6840638 0.3459742 0.7131154 -0.3600984 -0.1627315 0.6737582 0.2867915 -0.3762653 0.0914401 -0.2358826 -0.3777039 0.3361722 0.3327377 -0.3303681 0.1063387 -0.0946757 0.5337856 0.0671295 -0.1847147 -0.2004336 -0.3910989 0.4493775 -0.4609647 -0.2130456 -0.0335150 -0.2427391 -0.3165618 -0.2441434 -0.1866257 -0.1624212 -0.2280167 0.4122689 -0.3091587 0.4954350 -0.2669373 0.0791991 0.4286476 0.0145005 -0.0101774 -0.2738875 -0.5049955 0.0414536 -0.4576107 -0.3426102 0.0577252 -0.5450452 0.4674581 -0.2832081 -0.4825271 -0.3041236 -0.5461443 -0.4936626 0.0329222 -0.0678585 -0.0581308 -0.0409391 0.0067193 0.0374028 -0.0577392 0.1032391 -0.2000532 0.0116929 -0.0474022 0.2517004 0.1235656 -0.0737763 -0.0241910 0.0732995 0.1991604 0.0448893 0.0650404 0.1068360 0.2736906 0.0099456 -0.0231223 -0.1447847 0.1107652 0.2908336 0.0088385 0.0510848 0.0944843 -0.0032638 0.2307915 -0.0123350 -0.0947366 -0.1523454 0.2442140 0.0875525 -0.0070216 0.1809152 0.0319374 0.0699540 -0.0473648 0.1357090 0.1740955 -0.2092360 -0.0166328 -0.3974371 -0.0589666 0.0370661 0.0108936 -0.2665657 -0.2891165 -0.3126576 -0.1748454 -0.3902572 -0.0726967 -0.0227947 -0.1074475 -0.4612281 -0.3539844 -0.3584039 -0.2178860 0.0523134 -0.4147901 -0.0690639 -0.2299566 -0.4704748 -0.1198023 -0.4212792 -0.4909391 0.0333061 -0.3077438 -0.2331910 -0.2375899 -0.3708847 0.1895876 0.0008621 -0.2074151 -0.0784465 -0.4329174 -0.2204380 -0.2803330 0.0914347 -0.2759189 -0.1151089 -0.2054723 -0.0007914 -0.0180057 0.2698181 0.2364036 0.1201789 -0.2138211 0.1151370 0.1441200 0.0018635 0.3148759 0.6688149 0.6947721 0.7510671 0.3623242 0.2759150 -0.0970045 0.0865313 0.4552074 0.6172854 0.7021771 0.2157124 0.3917105 0.3574936 0.5947467 0.5042997 0.3819980 -0.0030086 0.3834032 0.5534128 0.0810880 -0.0256371 0.1814547 -0.2498665 0.6321407 0.6181491 0.0023025 0.0709796 -0.0065819 -0.0827702 0.1341787 0.4921137 0.5828568 -0.2586625 0.1161027 -0.0686540 0.3064603 -0.3633785 0.0181472 0.4175259 0.1732429 -0.4913370 -0.1348602 0.0828524 0.0525000
0.1965023 0.1478600 0.7734789 0.4735525 0.6559182 0.2037749 0.0355626 0.8402039 0.1986568 0.2973216 0.3170950 0.0476021 0.0000000 0.1319253 0.0208821 0.2738714 0.2423230 0.0875487 0.0298532 0.3213504 -0.1252429 0.5893296 0.2949546 0.0169678 0.0945819 0.0183952 0.0910314 -0.0301493 -0.2116606 0.0288936 0.5378244 -0.0218786 0.0196593 -0.1805991 0.2162753 -0.5793016 -0.0245369 0.2208370 0.0682216 -0.2736082 0.4990204 -0.5243741 0.2117373 -0.2165930 -0.3029131 -0.0472896 0.0133353 0.3434917 0.0532857 0.0092878 0.0893286 0.0461214 -0.0224048 -0.3467946 0.2678565 0.1744270 0.0634789 -0.3129751 0.2188742 0.1460835 0.0444548 -0.0556217 0.6368586 0.3369196 0.5306912 0.1262512 0.0537530 -0.0408611 0.2852871 -0.1051952 0.1428932 0.0773133 0.0104582 0.4277278 0.1449188 -0.1217676 0.2289536 0.0121861 0.1455201 -0.0159336 0.4812187 -0.1215202 0.0135553 -0.3024179 -0.1339938 -0.1746593 -0.0175179 0.0281833 -0.1415984 0.0387675 0.0458007 0.1548980 0.3502299 -0.1968685 0.1338189 0.1876431 0.4859808 0.3026029 0.3296337 -0.1446692 0.2017493 0.0307289 0.0940646 0.2973863 0.2318522 0.2247122 -0.0965569 0.0792049 -0.0667199 0.0769046 0.1732063 -0.0057026 0.0718532 0.1762486 -0.0141595 0.0738879 0.1182398 0.1079968 0.1059939 -0.0684162 0.0754909 0.1240805 -0.0008174 -0.1000519 -0.2209523 -0.2894682 0.2535360 -0.0210052 -0.2557859 0.3810099 0.0039741 0.0092271 0.2150829 0.2842323 -0.1886857 -0.2404566 0.1184235 -0.1074637 -0.3163671 -0.2183614 -0.1517206 -0.0896984 0.3230037 0.0543549 -0.2663724 -0.2268976 -0.1357450 -0.1419247 -0.1302645 -0.0854908 -0.2372261 -0.4109682 -0.0629583 -0.1096604 0.2673855 -0.2998146 0.2116401 -0.3540665 0.2217329 0.0552273 0.3446290 -0.2589337 -0.1673171 0.0767741 0.1457467 -0.5785299 -0.3190764 -0.0815617 -0.0666799 -0.3454445 0.0644919 0.0746943 -0.1356794 -0.1109916 -0.1516346 -0.1584006 -0.1093862 -0.2279539 -0.0345556 -0.1050868 -0.1752747 -0.3446335 -0.2151108 -0.0565756 0.2112920 0.6339956 0.3750429 0.2973395 0.2940127 0.2304766 -0.1466087 0.3060692 0.1396173 -0.0804048 -0.3805769 -0.0873287 -0.1796539 0.1370141 0.1593587 -0.1743657 0.5366623 0.3927666 0.5719602 0.4516207 0.3189994 0.1895101 0.0595373 0.5347824 0.6061341 0.3851667 0.4797715 0.2182155 0.5046938 0.0473215 -0.1201243 0.5362546 -0.1154171 -0.1215394
0.3712117 0.3807681 0.5046508 0.6723379 0.3630514 0.7944401 0.2129903 0.4174870 0.8085966 0.8858720 0.3366099 0.4727082 0.1319253 0.0000000 0.4884149 0.0699508 0.7701619 0.5085930 -0.0013513 0.5300903 0.0016989 -0.0104861 0.1199864 0.7493290 -0.0344721 -0.1039106 0.8230720 0.6415136 0.2369810 0.7277391 0.0236468 -0.0159036 0.6460372 0.4126496 0.0024144 -0.0497333 0.0089107 -0.0820011 0.7784478 0.4167456 -0.1444897 0.0353966 0.5191347 0.6292430 -0.0220490 0.1236656 0.1284340 -0.1141903 0.6284753 -0.1763324 0.0396306 0.6572367 -0.0417152 0.0354949 0.0466427 0.1404621 0.0943636 0.0975385 0.3176230 0.0336210 0.0604214 0.1735932 0.2805385 0.5042177 -0.0608772 0.1257304 -0.0145078 -0.2180463 0.2471565 -0.0893327 -0.1771413 0.2104022 -0.3421926 0.4372374 -0.0400748 -0.2575205 0.0454144 -0.4534728 -0.4041179 0.2496385 -0.0780615 -0.2009005 -0.3504748 -0.2129170 -0.0571065 0.0678074 0.0671487 -0.4653584 -0.0331385 -0.1221638 0.2864568 0.2611241 0.1563031 -0.4247751 0.1644574 0.3275029 0.2415060 0.3328525 0.0940923 -0.1250602 -0.0240852 0.3842208 0.1851201 -0.2183951 0.4460849 0.1839149 0.3922048 0.2643485 0.1563889 0.4196207 0.0948177 0.3342130 0.1654644 0.3932474 0.5358670 0.5655457 0.6125285 0.5562122 0.5486837 0.5983582 0.6783132 0.6060241 -0.2304775 0.2142840 0.2126861 0.3298470 0.3721946 -0.3063894 0.2929259 0.0752802 0.1880062 -0.3542537 -0.2234080 -0.0926811 0.0267656 -0.2352103 -0.1362508 0.1465016 -0.0550249 0.2288218 -0.4657774 0.2727241 -0.0646314 -0.1855375 0.0365497 -0.1681615 0.0227753 -0.2605902 -0.3459024 0.3892170 0.1990131 0.0234300 0.2993541 -0.3619478 0.0436595 -0.4056093 -0.1437155 -0.1828369 -0.3119994 -0.0321649 -0.0294870 0.3995336 -0.2599602 0.2665363 0.0150355 -0.1045927 -0.1643440 -0.3189958 0.2659335 0.2724892 -0.4103025 -0.2338454 0.1161859 0.2694044 0.2829592 0.3681874 0.1970200 -0.2757409 -0.4616082 -0.6799355 -0.6755972 -0.2441660 0.3020772 0.3243952 0.1596463 0.0741604 0.2396575 0.2465874 0.4958037 0.4694150 0.4307570 0.4504721 0.4013379 0.1071671 0.1607558 0.1147173 0.1539152 0.3589483 0.3164184 0.3316331 0.3135380 -0.1772398 -0.1959494 0.1913740 0.6981597 0.5024962 0.0758948 0.1639416 0.1202353 -0.1838424 -0.2632551 0.1428360 0.4324062 -0.0828918 -0.4190375 0.0460598 -0.0079842 0.0249107
0.3385607 0.4113654 0.1873309 0.6051314 -0.0528517 0.4855420 0.2039693 0.3731409 0.7596575 0.4952751 0.4460958 0.5429119 0.0208821 0.4884149 0.0000000 0.3576304 0.3072539 0.7953785 0.4261767 0.0110890 0.2310606 0.2867057 0.2335575 0.7850420 0.4415475 0.2776827 0.4045697 0.5792155 0.4488788 0.5244069 0.2445234 0.4784091 0.4903500 0.3549082 0.2155957 0.1025078 0.3602705 0.3141277 0.3130594 0.4068026 0.0957199 0.1351356 0.2733014 0.5686541 0.2094748 0.4685819 0.4897019 0.2643858 0.6390018 0.0923989 0.3873103 0.2675301 0.2432783 0.2220199 0.3891257 0.4364129 0.4416572 0.3762798 0.3389720 0.2546802 0.1890218 0.4271365 0.3614292 0.4357548 0.1545334 0.5344645 0.4172160 0.2307419 0.5515368 0.2771211 0.3506469 0.3812847 0.1619786 0.2676501 0.4001612 0.1816447 0.1449937 0.0379022 0.0602917 0.1359675 0.0674981 0.1063295 0.1497216 0.1001803 0.1912013 0.2525782 0.2341785 -0.1234662 0.1783619 0.1462865 0.4505458 0.2811980 0.1407137 0.1976927 0.3142670 0.3793393 0.1535463 0.2833376 0.3309915 0.1966745 0.3130680 0.3243569 0.2010689 0.2523569 0.4511071 0.3166625 0.3309214 0.2313596 0.2450619 0.2958333 0.4021030 0.2676195 -0.1022276 0.0988077 0.2682978 0.1799801 0.3154247 0.3306446 0.2970252 0.2171463 0.1871012 0.2364821 -0.3277595 -0.3042583 -0.3534922 0.1827874 -0.0144672 -0.2033074 -0.0343155 -0.3980175 -0.4154377 -0.2145990 -0.3605523 -0.3780758 -0.0640483 -0.1876216 -0.4358891 -0.3137527 -0.4679193 0.0739078 -0.1726022 -0.0997125 0.1250214 -0.3924969 -0.3400576 -0.3423062 -0.5020202 -0.5090913 -0.0450816 0.0295634 0.0569471 -0.1887634 -0.2696730 -0.0007830 -0.1584114 -0.3032550 0.0002514 -0.3229377 -0.0696980 -0.0799656 -0.0946915 -0.0114447 -0.3727183 0.0796344 -0.1597518 -0.1757063 -0.0105649 0.1184925 0.3024572 0.0389156 -0.0538744 0.0621984 0.0693494 0.1133284 0.1911239 0.1916335 0.1129336 -0.2739855 -0.1518909 -0.3378383 -0.2629704 -0.0794612 0.4114357 0.6124128 0.1810624 0.1271140 0.0231863 0.0513055 0.1664697 0.1045582 0.2811090 0.0980879 0.0982929 0.1981656 0.1339831 0.3374913 -0.1249601 0.1899228 0.2092006 0.2164277 0.2980907 -0.3127440 -0.3278507 -0.1294231 0.0129073 -0.0265560 -0.0168954 -0.0937402 0.1924347 -0.2025690 -0.3406054 -0.0903470 -0.0143752 -0.2597360 -0.2029627 -0.0284397 -0.0652549 -0.0117773
-0.0234645 -0.1773963 -0.1087581 0.3138261 -0.1065077 -0.1930672 -0.5830874 0.4761246 0.1421607 0.3610748 0.9406173 -0.3350998 0.2738714 0.0699508 0.3576304 0.0000000 0.3961147 0.5992389 0.9319355 -0.1465694 -0.0500295 0.8041739 0.9443582 0.1599921 0.8881858 0.9287329 0.0487925 -0.1186250 0.2698566 -0.1648222 0.7474875 0.8337064 -0.1280283 0.0735386 0.9502278 -0.1094628 0.8358602 0.8782245 0.0986749 0.0669482 0.6287081 0.0041654 0.7074090 -0.0045639 0.2999999 0.8756362 0.8576689 0.8436717 0.2092650 0.6185344 0.8436035 0.4444880 0.4176978 0.5349784 0.8539389 0.8871899 0.7751764 0.6209948 0.3224546 0.8235149 -0.0662955 0.7956630 0.4964855 0.0066619 0.0748411 0.6603561 0.8536647 0.8036520 0.7212739 0.8420569 0.7761772 0.1673320 0.7641141 -0.2316659 0.8354709 0.7488301 0.5086157 0.5979136 0.5642912 -0.0506997 0.1118879 0.1344325 0.1839101 -0.0018409 0.0749576 0.2103654 0.1242195 0.0334748 0.0379990 0.0822728 0.0811106 0.1848220 0.2891424 0.2567321 0.0965249 0.1826412 0.2957387 0.2912238 0.2100060 0.1949901 0.3146590 0.2954899 0.3592455 0.4326212 0.2105456 0.3102268 0.2215148 0.1638713 0.2669314 0.1727572 0.3877826 0.3733379 0.1133316 -0.0043620 0.1891716 0.2254662 0.2440381 0.2993612 0.2907013 0.2972947 0.1302374 0.1471398 -0.2051212 -0.3920140 -0.0864417 0.2881451 0.0209259 -0.1947381 0.3579437 0.0035240 -0.0110766 -0.0450262 0.0504129 -0.1403340 -0.1496584 0.0109729 0.1939418 0.3407871 0.0388149 0.4367383 -0.2932561 0.5403595 0.2258401 0.1259464 0.2575039 -0.0769635 0.0889680 -0.0345809 -0.1560493 0.5434418 0.4775911 0.0558537 0.1417833 -0.2153285 -0.1453771 -0.1122741 0.1464596 -0.0300963 0.1884416 0.4322243 -0.1864032 0.3188645 -0.2041160 0.3763618 -0.1191394 -0.3002356 -0.3486151 -0.2033971 0.1503409 0.2682419 -0.2651164 -0.0790337 0.1423128 -0.3572277 -0.6536942 -0.6609473 -0.6646495 -0.6512193 -0.2609671 -0.1218179 -0.3224820 -0.5660904 0.0023213 0.0062258 0.3163739 -0.1114401 -0.0143376 -0.4038228 -0.2836155 -0.2548994 0.3247907 -0.3005094 -0.5656621 0.3235573 0.2467353 0.2938620 0.1758813 -0.5363471 -0.5239949 0.3705445 0.1230799 -0.3521827 -0.1268054 -0.1759931 -0.3299063 -0.4868200 0.6225148 0.0165163 0.2507697 -0.4597726 0.1706582 0.0586186 -0.2088787 -0.2442936 0.3360090 0.3067931 -0.1059649 -0.0108291
0.2426018 0.3485704 0.3254425 0.6959016 0.1745624 0.4548374 -0.1249007 0.5346267 0.5327636 0.8614439 0.6503292 0.0786589 0.2423230 0.7701619 0.3072539 0.3961147 0.0000000 0.3905493 0.2922930 0.5065047 -0.0552697 0.3276641 0.5239108 0.4487091 0.1757087 0.2045134 0.8143729 0.2507745 0.2699590 0.3664737 0.4070266 0.2249335 0.2038397 0.3761959 0.3861386 0.0115974 0.2090902 0.2767583 0.7087955 0.4262795 0.1121488 0.0743176 0.7551741 0.4260017 0.0316504 0.3030193 0.3000805 0.2687226 0.5618794 0.0799125 0.2549794 0.8505365 0.2949320 0.4049874 0.3035838 0.2699676 0.2161235 0.3771955 0.3039124 0.2678957 -0.0147102 0.4418566 0.1313467 0.3163087 0.0975485 0.1764324 0.2244134 0.1644491 0.2893275 0.2692904 0.0448715 0.2597872 0.0343797 0.2117276 0.1839562 0.1211289 0.2345246 -0.1494791 -0.0775603 0.2837754 -0.0837016 0.0376196 -0.0497343 0.0550285 0.1949523 0.4002811 0.3852029 -0.2272897 0.2524485 0.1420606 0.4478551 0.4588754 0.5072999 -0.1539446 0.2351896 0.4082837 0.4290548 0.5078907 0.1204460 0.0026289 0.2261045 0.5880671 0.4679306 -0.1212622 0.5083368 0.3348699 0.5479253 0.3546735 0.4264413 0.4068516 0.2697666 0.6197437 0.2752352 0.3307527 0.5640549 0.6419803 0.5391387 0.5089891 0.5387197 0.5848386 0.5417090 0.4779859 -0.0569382 0.1989412 0.2337314 0.3676793 0.3214581 -0.3719189 0.3858814 0.1517522 0.1829431 -0.2975978 -0.0468581 0.0547395 0.0089602 -0.1076228 0.1176195 0.3260022 0.0461809 0.3985371 -0.5482532 0.5726491 -0.0016351 0.0783869 0.3722182 -0.0236952 0.2278102 -0.0329272 -0.4576595 0.6329425 0.3677028 0.1029784 0.4776000 -0.5513313 0.0800636 -0.3035162 -0.1774509 -0.0442515 -0.2474564 0.2260128 -0.0214753 0.5525156 -0.1650044 0.3485984 0.0379988 -0.2596077 -0.4258925 -0.5718017 0.0836520 0.4172595 -0.5737519 -0.3824666 0.1352958 0.0312475 -0.0699210 -0.0736882 -0.2472660 -0.5619252 -0.4479788 -0.4772918 -0.6104834 -0.3907860 0.2354701 0.1293210 0.1349690 -0.0654149 0.0300774 -0.1357394 0.0996039 0.1483708 0.5252362 0.2325992 0.0228669 0.3177292 0.2248993 0.2519865 0.3155944 -0.0403827 -0.0693420 0.3815701 0.2692860 -0.1330876 -0.2009244 0.0273630 0.5325758 0.0660307 0.3416063 0.0028005 0.1679736 -0.4108112 -0.1229023 0.1312777 0.2741586 -0.1302314 -0.0484635 -0.0062599 -0.1246602 -0.0258993
