0.0000000 0.5483964 0.8365629 0.5881000 0.4287159 0.4950318 0.1357916 0.4204645 0.3366725 0.5484455 0.3425972 0.1697188 0.3278909 0.2607475 0.1022321 0.1134036 0.2326034 0.3157181 0.1015026 0.4278816 0.0705319 0.0769699 0.1486689 0.5496384 0.0234808 0.1359047 -0.2931290 -0.0728122 0.3155862 -0.3654705 -0.0036844 0.1070948 0.2575939 0.4124377 0.2832973 0.0771881 0.0788908 0.0591686 0.3240005 -0.1938432 0.1709783 0.3610161 0.2109192 0.4173490 0.4154279 -0.0204776 0.1169445 0.1335501 0.3786855 -0.4323445 0.1855974 0.1333789 0.6385832 0.0849451 -0.0483314 -0.0128165 -0.0110529 0.3806625 0.5135647 0.0380837 0.5355072 -0.0570143 0.2666279 0.4054924 0.3842938 -0.0708438 -0.2049274 -0.0357352 0.0500470 0.0150724 -0.0458346 0.5765552 -0.2348977 0.5742879 0.1217540 0.0433641 0.2417770 0.0216238 -0.0646773 0.0410299 0.0968951 -0.1883057 -0.4165696 -0.6400422 -0.6601788 -0.1243463 -0.2685919 -0.5585882 -0.1499493 -0.3109588 -0.3356044 -0.1572334 -0.3409883 -0.0327105 -0.1887756 -0.2076798 0.0652946 -0.0311145 -0.0721528 0.2207667 -0.2952340 -0.0374988 0.2102075 0.2958206 -0.0817602 -0.0647132 -0.0779221 0.3952711 -0.2256635 0.2788323 -0.1659041 0.0715474 0.4703816 0.4679235 0.5068700 0.3091859 0.3100949 0.3360650 0.1529939 -0.1831659 -0.1606349 -0.1940794 -0.3727548 -0.8112083 -0.5044679 -0.3023818 -0.2853707 -0.2077987 -0.5023746 -0.3272212 -0.3089634 -0.1499700 -0.2485358 -0.3139057 0.0156757 -0.3247615 -0.3330942 -0.3306351 -0.4251981 0.1719157 -0.1073735 -0.0885708 0.1168133 -0.1897642 -0.3386206 -0.5251857 -0.2686494 -0.3057185 0.1194043 0.2021760 0.1568945 -0.1374980 -0.0902524 -0.1024547 -0.2308335 -0.0290601 -0.0606690 -0.2995834 0.1031465 0.1249216 -0.2044580 0.0659200 -0.0134152 -0.0935743 -0.1096227 -0.1450271 0.0556880 0.1712115 0.0756058 -0.0317193 0.0108176 0.1077219 -0.1122101 -0.0468642 0.3433906 0.7563273 0.3060651 0.3282655 0.0506112 -0.0143928 0.2140290 0.0188653 0.3549469 0.0584969 0.3161240 0.3626982 0.2026110 0.2634354 0.6458388 0.5624398 -0.2703305 0.2008261 0.0527223 -0.3378838 -0.3035727 -0.4350396 -0.2305151 0.4632104 0.2639538 -0.1562984 0.0029945 -0.4630248 -0.3328818 -0.2099808 0.1230370 0.2905980 -0.3158272 0.4633171 -0.1215435 0.2013927 -0.1265781 0.1229409 0.1604160 -0.0977366 -0.2140118 -0.2774517 0.0313250 0.0768251
0.5483964 0.0000000 0.5918886 0.7336052 0.3654502 0.9317193 0.2280644 0.3837897 0.7804991 0.7504241 0.4468782 0.5716634 0.1732074 0.6086508 0.5649921 0.3010697 0.4681924 0.2965433 0.0686343 0.3040523 0.4907987 -0.1148561 0.3805614 0.3911178 -0.1260275 0.1680065 -0.0094331 0.1822933 0.8027385 0.0014659 -0.1067767 -0.1429148 0.4315416 0.5048471 0.5579013 0.5455356 0.1609966 -0.1605152 0.4258950 -0.0882746 -0.0922584 0.5783533 0.6078815 0.5826026 0.5385858 -0.0091423 0.3281211 -0.1315749 0.5536627 -0.1092158 0.4225266 0.4032009 0.6601663 0.2822519 -0.1818718 -0.0838283 0.1201797 0.8058649 0.3399396 0.1450450 0.4420207 0.0976476 0.0261684 0.6621677 0.6193405 -0.0054972 -0.1222198 0.3996646 -0.1671453 0.3103489 -0.0689336 0.4883264 -0.0474859 0.3904556 -0.1072644 0.1725612 0.0076284 -0.0809633 -0.0949666 -0.2251831 0.0094463 -0.1665505 -0.0251651 -0.1131384 -0.1581252 0.0237678 -0.2928581 -0.1506287 -0.1334836 -0.2082827 -0.3431159 -0.1749681 -0.2526207 0.2135466 -0.1885032 -0.2669385 -0.0408818 0.0761634 -0.3335804 0.5720119 -0.3312974 0.0628865 0.3579508 -0.0020338 -0.3060073 -0.2347351 -0.1633426 0.4437441 -0.3907992 0.1466924 -0.4131315 -0.0381692 0.3309869 0.4032256 0.3662203 0.2807403 0.2641559 0.3514981 0.2756392 -0.2640758 -0.2078006 -0.0393829 -0.6058439 -0.3800335 -0.5243730 -0.4109995 -0.1881927 -0.5899999 -0.6827283 -0.4770534 -0.5683580 -0.3732693 -0.4377679 -0.4062726 -0.4898894 -0.6642762 -0.5719898 -0.4706139 -0.5464921 0.1676688 -0.4801149 -0.0117378 -0.2053068 -0.2470210 -0.4301043 -0.5689481 -0.3512442 -0.4556987 -0.0869912 0.1978299 0.1945334 -0.2843706 -0.1613025 -0.4058186 -0.3589066 0.1577830 -0.2001747 -0.4821696 -0.0299324 0.0929102 -0.3757775 -0.1115843 0.0046963 -0.2241853 -0.3063989 -0.3339509 -0.2284873 0.1211591 0.0127269 -0.1753202 -0.2757275 0.0375957 0.1219898 -0.1698045 0.5443495 0.6491751 0.2339548 -0.0146198 0.1346766 0.3039426 0.1049175 0.1433632 0.3702455 0.1545434 0.2221213 0.2023808 0.0520023 0.0198638 0.4475160 0.1608913 -0.3525883 -0.0210900 0.0396953 -0.1237949 -0.4093001 -0.3703442 -0.3543924 0.2939079 0.1111325 -0.3156084 -0.0255599 -0.4746948 -0.3260429 -0.3325197 0.2640824 0.1946088 -0.4747008 0.2887488 -0.0888209 0.1817949 -0.1119075 -0.0191051 0.3140102 0.1920477 -0.0258283 -0.1246556 0.1124119 0.0919120
0.8365629 0.5918886 0.0000000 0.8594367 0.6583801 0.4285371 -0.0288888 0.7059576 0.5583019 0.7502301 0.6767509 0.0617581 0.6228916 0.4825042 0.0877766 0.4889615 0.5447703 0.3938317 0.3088945 0.7461917 -0.0163206 0.2814834 0.3995793 0.5039546 0.1429133 0.2932601 -0.0298098 -0.1370339 0.3253569 -0.0839427 0.2574075 0.2207217 0.0926615 0.3348169 0.5899841 0.0626231 0.2739165 0.2225460 0.5460011 0.0116763 0.3698226 0.5705089 0.5528587 0.4110627 0.6946762 0.1467939 0.3433604 0.2841399 0.2685836 -0.1312622 0.4523761 0.4931476 0.6507361 0.0477106 0.1205654 0.1042729 0.1493985 0.4955422 0.5534514 0.2063888 0.7129078 0.0485262 0.3663774 0.5879148 0.5845402 0.0534749 -0.0773695 0.2988090 0.1154503 0.3243824 0.0446886 0.8391459 -0.0409168 0.7975030 0.1066552 0.2948764 0.3753050 0.0752600 0.0355338 0.0612910 0.1627324 -0.2754319 -0.4446920 -0.7216122 -0.7044284 -0.1891048 -0.2382758 -0.4896815 -0.1656354 -0.3475841 -0.3381864 0.0079138 -0.3048519 -0.0964346 -0.2073686 -0.0278974 0.3464907 -0.1252483 -0.0882301 0.1087564 -0.3609616 -0.1510053 0.0035144 0.1010405 -0.0510664 -0.0940730 -0.0794624 0.2800845 -0.1821373 0.0735193 -0.1766672 0.0222091 0.4494881 0.3062611 0.3363716 0.1673325 0.2068493 0.2999910 0.1266708 -0.3955127 -0.2211576 -0.1921883 -0.2874071 -0.5851852 -0.6519813 -0.3222040 -0.2695419 -0.1463567 -0.5576644 -0.3192057 -0.4584305 -0.0162545 -0.3159905 -0.2267526 -0.0707307 -0.3706781 -0.4428020 -0.4095320 -0.4953648 0.2351812 -0.2188261 -0.0050075 0.1521817 -0.1488145 -0.3170309 -0.5423876 -0.3131724 -0.4165549 0.1692058 0.3465906 0.3574074 -0.1890780 -0.2057401 -0.1965962 -0.1845835 0.2393495 -0.1169651 -0.4972724 0.1492878 0.2115588 -0.2565192 -0.0929424 0.2067785 -0.2698467 -0.2326980 -0.2426745 0.0734867 0.2390742 0.2525589 0.0080236 -0.0324815 0.2747345 -0.0308012 -0.0183698 0.2440281 0.7215863 0.2447072 0.3855903 0.0182637 0.1155747 0.3379018 0.0564969 0.3346917 0.0149151 0.2415878 0.4953716 0.2860812 0.3944784 0.8090557 0.4348853 -0.4433137 0.3642458 0.1802355 -0.3762722 -0.3742331 -0.4718023 -0.3628444 0.5958108 0.4100200 -0.2825875 -0.1239249 -0.4900042 -0.5965545 -0.3596972 0.1402966 0.3064618 -0.4077449 0.4378813 -0.4224346 0.3218969 -0.3245356 -0.1088617 0.2091284 -0.0864739 -0.1069521 -0.4659017 -0.1464614 -0.1561512
0.5881000 0.7336052 0.8594367 0.0000000 0.4915492 0.6051842 0.0419573 0.7345543 0.8390865 0.9060936 0.8080659 0.3282421 0.5590268 0.7247196 0.3395774 0.6626559 0.7573166 0.4694121 0.3872377 0.7099416 0.2342855 0.2878069 0.5969615 0.4804386 0.1810805 0.4851592 0.0976976 0.0725076 0.4335660 -0.0317910 0.2543800 0.1923411 0.0525446 0.2395157 0.7929038 0.3634932 0.3917475 0.2261467 0.5354323 0.0389713 0.3524750 0.7045403 0.7187130 0.3650863 0.7482509 0.2319218 0.4475749 0.2563013 0.1667890 0.2102554 0.5814397 0.5759073 0.5749714 0.2583397 0.1092150 0.1100437 0.2401218 0.6356207 0.4881402 0.2943399 0.6477811 0.2301278 0.1964571 0.7165375 0.6527649 0.1270765 0.0012774 0.5572813 0.0716785 0.5808741 0.0817837 0.8197378 0.1201684 0.7275626 0.0425989 0.4683783 0.4311088 0.0863787 0.1086629 0.0172874 0.1543682 -0.3268159 -0.2201931 -0.4070707 -0.4133240 -0.0976807 -0.2519611 -0.1898593 -0.1551578 -0.1994309 -0.2831910 0.0961206 -0.2144826 0.1076973 -0.1580548 0.0428273 0.3315032 -0.0908838 -0.1167542 0.2613209 -0.2204638 -0.1044369 0.0672128 0.0563955 -0.1028128 -0.0831783 -0.1313612 0.3079070 -0.2730829 0.0227549 -0.2171702 0.0208065 0.3976240 0.3059438 0.3236048 0.1679472 0.2235333 0.3511040 0.1874996 -0.3897986 -0.2241089 -0.1880748 -0.3155258 -0.3981309 -0.6797341 -0.3551035 -0.2787623 -0.2256646 -0.6069872 -0.3748045 -0.5567673 -0.0177947 -0.3575000 -0.1625322 -0.1905747 -0.4434248 -0.4947167 -0.4800816 -0.5094826 0.3207957 -0.2998762 0.0270780 0.1058975 -0.1313721 -0.3050944 -0.5202322 -0.3381438 -0.4235906 0.1902599 0.3877103 0.4217124 -0.2254889 -0.2890594 -0.2774492 -0.1274918 0.3458022 -0.1135946 -0.5615426 0.2088736 0.2210114 -0.2786713 -0.2226305 0.2750948 -0.3169648 -0.3431377 -0.2847060 -0.0129025 0.3180263 0.3032659 -0.0423266 -0.1449191 0.2939581 0.0828366 -0.0072244 0.4178666 0.7476111 0.3053409 0.1841532 0.1406918 0.3988320 0.3632752 0.2775775 0.4353389 0.1525784 0.2693255 0.3502825 0.2166736 0.3374008 0.7554576 0.3287273 -0.4295610 0.3853199 0.2807898 -0.3078700 -0.3747063 -0.4307537 -0.4600438 0.4441845 0.3924829 -0.3644372 -0.1456975 -0.3852534 -0.5598683 -0.4342197 0.0846787 0.1784087 -0.4606502 0.2349316 -0.4061683 0.3183662 -0.3064526 -0.1244438 0.0931052 -0.0525070 0.0251340 -0.3660546 -0.0524071 -0.0882301
0.4287159 0.3654502 0.6583801 0.4915492 0.0000000 0.2142058 -0.0995699 0.5222058 0.3998019 0.4758561 0.3547491 -0.1304990 0.5321188 0.3353572 0.0519377 0.3023493 0.2735108 0.4653800 0.0917595 0.5263000 -0.3375112 0.0675705 0.1728286 0.3701502 -0.1233972 -0.0886627 0.2894130 -0.1760588 0.4261525 0.2935550 0.3468159 -0.1407260 0.1619775 0.3598364 0.3411330 -0.1159305 0.0396127 -0.0403108 0.6654870 0.3829774 0.0074125 0.5975127 0.5240277 0.5392276 0.5976404 -0.0800803 0.1731723 0.0251684 0.3289938 -0.1719012 0.2178292 0.6235718 0.4462491 -0.0289965 0.0415305 -0.0175966 0.0043528 0.2826481 0.6642438 -0.0073180 0.7467661 -0.0357655 0.4619319 0.2848204 0.4889506 -0.0493566 -0.2054122 0.1901719 0.0335722 0.0396986 -0.0361913 0.5276421 -0.1171107 0.6305105 0.0336385 0.0385613 -0.0722831 0.0325928 -0.1679322 -0.0022918 0.0998795 -0.2313808 -0.3675837 -0.5061691 -0.3486242 -0.4470063 -0.1974233 -0.4883000 -0.4043631 -0.5282683 -0.3491797 -0.1319641 -0.1547842 -0.2767434 -0.3538996 -0.0667748 0.1964028 -0.1071177 -0.2986476 -0.0152176 -0.5174047 -0.1746927 -0.1154042 -0.0332508 -0.0600129 -0.1684784 -0.0684912 0.0879209 -0.0911784 -0.0078143 -0.1524508 -0.1012138 0.2305679 0.0611083 0.0493671 0.0240913 0.0314558 0.1202696 0.0703290 -0.3162297 -0.1174982 0.0146615 -0.0366216 -0.0547626 -0.2294088 -0.1992842 0.0109499 -0.0364960 -0.2988468 -0.1770720 -0.2864249 -0.0488216 -0.1317759 -0.1861042 -0.0671615 -0.2110592 -0.2973839 -0.2335378 -0.2499178 -0.1402130 -0.1152836 -0.0257718 0.0843242 -0.0866764 -0.1367110 -0.2672851 -0.2120891 -0.2909272 0.0614256 0.1430748 0.2518550 -0.0751449 -0.1407595 -0.1391838 -0.1975976 0.2491165 0.0861420 -0.2471585 0.1051274 0.2900636 -0.0448783 0.0153972 0.1401671 0.0140086 0.0175723 -0.1315435 0.1623707 0.1230344 0.3581798 0.3975073 0.1462136 0.3916136 0.0950608 -0.1239609 -0.2858772 0.1332780 -0.2370894 0.4501302 -0.3761950 -0.1371842 0.1737384 -0.2109302 0.2428668 -0.1503520 0.3312674 0.8090434 0.6636087 0.4229409 0.5071204 -0.2045167 -0.4875564 0.2656039 0.1271047 -0.3334835 -0.4062196 -0.3373945 -0.1630655 0.6946812 0.4072319 -0.2024440 0.0601799 -0.1945888 -0.5930265 -0.4048993 0.0362178 0.1167009 -0.2526135 0.2032303 -0.2984749 0.4783116 -0.3905994 -0.4807275 0.5628893 0.1164797 -0.1501284 -0.3198509 -0.0700563 -0.1497756
0.4950318 0.9317193 0.4285371 0.6051842 0.2142058 0.0000000 0.3747670 0.2296125 0.7500221 0.7174994 0.3347209 0.7054864 -0.0161291 0.5831983 0.6251919 0.2015571 0.4243372 0.2964653 0.0056455 0.1422130 0.5615279 -0.2251102 0.3885645 0.4407405 -0.1386216 0.2134618 -0.1160471 0.2011125 0.8130441 -0.1839177 -0.2895075 -0.1772740 0.4484522 0.5102475 0.4619793 0.5712390 0.1158557 -0.2683863 0.2413070 -0.2249559 -0.2347061 0.4921140 0.4498491 0.4667575 0.4378921 -0.1064171 0.1944753 -0.2594468 0.5214308 -0.1339893 0.3021083 0.2100274 0.6558993 0.3389650 -0.3501976 -0.2246389 0.0251643 0.7838427 0.2341547 0.0633529 0.3099881 0.1139959 -0.1677703 0.6592351 0.5835989 -0.1100744 -0.1837614 0.3325831 -0.3073389 0.2705116 -0.1583126 0.3740891 -0.0870492 0.2685292 -0.2164115 0.0895390 -0.0449298 -0.1647569 -0.1772474 -0.3355858 -0.1254701 -0.1397646 0.0355226 -0.0320661 -0.0624429 -0.0381614 -0.4245571 -0.1696535 -0.2672041 -0.2619662 -0.4260872 -0.2771455 -0.2832621 0.2028180 -0.2892989 -0.3951124 -0.2133723 -0.0202648 -0.4119126 0.5785042 -0.3302029 -0.0084470 0.3684492 -0.0021265 -0.4039561 -0.3100689 -0.1646642 0.4626886 -0.5321600 0.2465519 -0.4768866 0.0131357 0.2737513 0.4269102 0.4455031 0.2764254 0.2384333 0.3091144 0.2409686 -0.2068650 -0.2810415 -0.1706431 -0.5899769 -0.4180843 -0.4320754 -0.4429667 -0.3268199 -0.5851202 -0.6770036 -0.6087874 -0.5936398 -0.4675671 -0.5082322 -0.4527715 -0.5049524 -0.6265481 -0.5959659 -0.5228684 -0.5626639 0.0880923 -0.4293383 -0.1111384 -0.2640117 -0.2653965 -0.4605863 -0.5170832 -0.4061205 -0.4366293 -0.1260028 0.1362155 0.1341506 -0.2739742 -0.2378644 -0.4166276 -0.4122200 0.0628936 -0.1499613 -0.4459789 -0.0621345 0.0920274 -0.3744733 -0.0854356 -0.1088728 -0.1081847 -0.2975048 -0.3321226 -0.2865207 0.0456812 -0.0284792 -0.1400329 -0.3248888 0.0120956 -0.0502003 -0.2253561 0.5505087 0.6077168 0.2268165 -0.1644216 0.1166550 0.2303593 -0.0545129 0.0556948 0.2881234 0.0514142 0.1810702 0.0904297 0.0058099 -0.0612577 0.2975454 0.0823117 -0.3078077 -0.1500579 -0.0529053 -0.1665604 -0.4205099 -0.4047515 -0.3734470 0.1219273 -0.0409660 -0.3256960 -0.0258649 -0.3367390 -0.2216495 -0.3320403 0.0820628 -0.0354216 -0.5082805 0.1162406 0.0413854 0.1097225 -0.0226135 -0.0031659 0.1340579 0.0311179 -0.1531980 -0.0566794 0.2589387 0.2852813
0.1357916 0.2280644 -0.0288888 0.0419573 -0.0995699 0.3747670 0.0000000 -0.2958569 0.2579535 0.2573195 0.1123758 0.7124076 -0.4524881 0.1442481 0.1046441 0.0691603 0.3056190 -0.1223348 -0.2426928 0.1250826 0.4015816 -0.4760412 0.4802079 -0.1304596 -0.2709525 0.1434788 0.3641698 -0.3054159 0.5278846 0.1355027 -0.5774505 -0.4341964 -0.0947963 0.3078108 -0.0042774 0.2934079 -0.3317826 -0.4988802 0.1998055 0.1727044 -0.4990350 0.0784518 -0.0377318 -0.1988635 0.2245652 -0.4882946 -0.4578659 -0.6290329 0.0604652 -0.2005040 -0.2726040 0.1131931 0.2999496 -0.3379378 -0.6990223 -0.6988278 -0.5619714 0.1930089 -0.0724705 -0.4784837 -0.0392874 -0.2804758 -0.7692038 0.1583421 0.1605653 -0.6736302 -0.5054644 -0.1292620 -0.7074182 -0.0147995 -0.6171608 0.0445685 -0.4454786 -0.1795247 -0.5700269 -0.3108072 -0.2142820 -0.6239871 -0.5644709 -0.6580617 -0.7011353 -0.2997310 0.0306313 -0.0576086 0.0094563 -0.4016081 -0.3783732 -0.1429476 -0.5080507 -0.4351265 -0.5493792 -0.5108115 -0.4215796 -0.1116816 -0.5527919 -0.6080502 -0.5746740 -0.3079949 -0.5674784 0.1026534 -0.4651722 -0.2252172 -0.0390757 -0.0859942 -0.6646144 -0.5682768 -0.0634159 0.1778111 -0.4981940 0.2833661 -0.4826444 0.2481082 0.0081569 0.1723806 0.2691468 0.0939510 0.0543771 0.1168921 0.0703654 0.0844330 -0.1014952 -0.2618210 -0.3223898 -0.2999248 0.0333890 -0.0052659 -0.2845416 -0.2073264 -0.1863819 -0.2020015 -0.2201640 -0.2997562 -0.2331801 0.1044645 -0.2202237 -0.1411521 -0.1542184 -0.1809917 -0.2708668 -0.0426736 -0.0859793 0.0033726 -0.1752515 0.0211707 -0.2071018 -0.0513665 -0.1561971 -0.2599637 -0.0378812 -0.1051886 -0.1693395 -0.2305093 -0.0971111 -0.0627245 -0.2641186 -0.1635697 -0.2069881 -0.2427231 -0.2532723 -0.0741336 -0.3132929 -0.1529612 -0.0326037 -0.0521490 -0.1753813 -0.2422212 -0.1047205 -0.0711877 -0.0843039 -0.0125076 -0.2848411 0.0225715 -0.1025017 -0.1404380 0.2715422 0.2969749 0.2134249 0.1418660 0.0591860 0.1238137 -0.0536828 -0.1974207 -0.0654906 -0.1472646 -0.0237184 -0.1120336 0.0291042 -0.1764099 -0.2076816 -0.0253887 0.0728472 -0.5472788 -0.4053348 0.0768119 -0.0400496 -0.0139495 0.0392288 -0.1298030 -0.6315610 0.0512925 -0.4015500 -0.0546240 -0.1680861 -0.0776761 -0.0053296 -0.3801550 -0.0711265 0.1254324 -0.1558639 -0.5310533 0.1468283 0.2296852 -0.1909479 0.0928266 0.2454147 0.0755296 0.5623907 0.3007817
0.4204645 0.3837897 0.7059576 0.7345543 0.5222058 0.2296125 -0.2958569 0.0000000 0.4105536 0.5065749 0.8000531 0.0012308 0.9268881 0.3412588 0.3839611 0.7688315 0.5050169 0.2094292 0.8235736 0.6691581 -0.1502876 0.7590711 0.3085712 0.1785978 0.6439863 0.5398129 -0.0595995 0.0292464 -0.0265118 -0.0797018 0.6785764 0.6067278 -0.2616378 -0.2873634 0.7325705 0.0152316 0.7270259 0.6666585 0.4335004 0.1123347 0.6426473 0.7151020 0.6003382 0.2080205 0.5510646 0.6534969 0.7438852 0.5919888 -0.2031548 0.4911147 0.7850241 0.5089295 0.0589677 0.3155342 0.5050377 0.4964484 0.6040943 0.3362318 0.5626123 0.6236206 0.7160343 0.4287019 0.4376413 0.4995840 0.5210156 0.4804605 0.4235300 0.6087446 0.4284908 0.5304824 0.5358476 0.6768043 0.5349940 0.7396157 0.4921128 0.7306916 0.4709220 0.5435332 0.4957200 0.4154541 0.4593813 -0.3742270 -0.4756045 -0.4665013 -0.4060556 -0.1448253 -0.0200954 -0.3703758 -0.1414021 -0.1792363 0.0567963 0.3475853 0.2024534 0.0442024 -0.0007739 0.4316073 0.5409585 0.1264332 0.1125366 0.1508577 -0.0217099 -0.0092207 0.0831531 0.2724028 0.3224098 0.2425818 -0.2646505 0.2053982 -0.0224903 -0.1263825 0.0523004 -0.3858147 0.5375002 0.3118290 0.2142421 0.3643778 0.3302165 0.3165039 0.3093492 -0.4090543 -0.0046851 0.1382130 0.0786431 -0.2115394 -0.3237119 -0.3769806 -0.0415705 0.1090410 -0.2486039 -0.0284702 -0.0975174 0.2958485 -0.0897225 -0.2576784 0.0710341 -0.1729195 -0.1945407 -0.2537189 -0.1886714 0.2950473 0.0024625 0.0536451 0.2290128 -0.1622364 -0.1108842 -0.3391491 -0.1438994 -0.1308540 0.0783087 0.5035772 0.5311734 0.0183793 -0.1910615 -0.0663621 0.2025637 0.3540717 0.1904697 -0.2278600 0.2837793 0.3394850 0.0878402 0.1665186 0.3564317 -0.0187886 0.0533329 0.0761842 0.1725752 0.0860949 0.3326173 0.2687802 0.2245793 0.3632968 0.1560718 0.0820063 -0.0156407 0.3049044 -0.0572105 0.0824466 -0.1338900 0.1339619 0.1846362 0.2951630 0.5530764 0.1902206 0.1879449 0.4404350 0.1879121 0.3308899 0.4683565 -0.0322520 -0.5768707 0.5376993 0.1908536 -0.5784437 -0.4516147 -0.5712305 -0.6394188 0.2057653 0.5386349 -0.5197252 -0.2546957 -0.3203724 -0.6027089 -0.6604013 -0.0543678 0.2695814 -0.3474418 -0.1631355 -0.6188956 0.3295509 -0.5009334 -0.3988615 0.0483079 -0.2348021 -0.1842725 -0.3826573 -0.2736169 -0.2921333
0.3366725 0.7804991 0.5583019 0.8390865 0.3998019 0.7500221 0.2579535 0.4105536 0.0000000 0.8960061 0.5417542 0.5964910 0.2169624 0.8285998 0.5070042 0.4547843 0.6772607 0.5921111 0.1230690 0.4417373 0.3906058 -0.0116731 0.5904051 0.5655286 -0.0483936 0.3581026 0.2687343 0.2774506 0.6837205 0.0778652 0.0604788 -0.1087440 0.2969382 0.4323455 0.6919431 0.5696823 0.2217085 -0.0649201 0.4439163 0.0877339 0.0485879 0.6295660 0.6868159 0.4358939 0.6411969 -0.0115226 0.2295346 -0.0274553 0.2932545 0.1711394 0.3773282 0.5012036 0.5918439 0.4073137 -0.1101202 -0.1183681 0.0667683 0.6479303 0.3750348 0.1014994 0.4390179 0.1886561 -0.0006878 0.6477864 0.5749994 -0.0212591 -0.1557986 0.4982950 -0.1597059 0.4884129 -0.0959016 0.5590729 0.0098710 0.4419440 -0.1638765 0.2577145 0.2077078 -0.0750218 -0.0909290 -0.1909714 0.0200079 -0.3060275 0.0193414 -0.0326809 -0.0032369 -0.1672223 -0.3166484 0.0391508 -0.2917456 -0.2145871 -0.3401848 0.0089812 -0.1727279 0.2080382 -0.2296519 -0.1731373 0.0460940 -0.0944226 -0.2869151 0.3593888 -0.2137122 -0.0754962 0.1072631 -0.0670379 -0.3084923 -0.2211756 -0.1083394 0.2624909 -0.4054171 0.0827871 -0.2688444 0.1400526 0.1776509 0.2544113 0.2950775 0.0981941 0.1624672 0.3073253 0.1807661 -0.1913170 -0.1890618 -0.1976047 -0.2931378 -0.1813535 -0.4622367 -0.2205451 -0.2286421 -0.2545331 -0.5436207 -0.4071381 -0.5786177 -0.1770741 -0.3180060 -0.0322476 -0.3570722 -0.3981639 -0.4460722 -0.4537101 -0.4299005 0.2058239 -0.3936755 0.0121190 0.0629903 -0.1039706 -0.2359843 -0.3826003 -0.3377141 -0.4132051 0.2769610 0.2404004 0.3281292 -0.2447736 -0.3234965 -0.2652668 -0.2104047 0.2892125 0.0039698 -0.5160042 0.2682926 0.2251436 -0.3352998 -0.3139687 0.1518645 -0.1473606 -0.4101988 -0.3483311 -0.0017169 0.4439062 0.4040669 0.0154261 -0.2348993 0.3501737 0.1907080 0.0087800 0.5240244 0.6058590 0.2487061 -0.0076682 0.1412678 0.4926498 0.2276636 0.2831923 0.3900436 0.1809134 0.3129011 0.2253532 0.2555553 0.1952093 0.5403835 0.1409105 -0.2782163 0.1528440 0.2395915 -0.1424022 -0.2708608 -0.2348489 -0.3202908 0.3268941 0.2371157 -0.2008802 0.0597793 -0.0811930 -0.3192541 -0.3147977 0.0703162 0.0381741 -0.4025343 0.1189312 -0.0757691 0.3182963 -0.1449759 -0.0847943 0.1523425 0.0709936 0.1534301 -0.0209616 0.2730258 0.2452300
0.5484455 0.7504241 0.7502301 0.9060936 0.4758561 0.7174994 0.2573195 0.5065749 0.8960061 0.0000000 0.7169683 0.4750499 0.2984334 0.8656451 0.2722097 0.5261196 0.8292824 0.5951190 0.1298179 0.5943632 0.3274681 -0.0038187 0.7077744 0.5920938 -0.0631284 0.4010938 0.1756894 0.0869592 0.6456558 -0.0075233 0.0093160 -0.0276969 0.1935823 0.4514299 0.7239020 0.4644013 0.1845046 -0.0536970 0.5422283 0.0209187 0.0997067 0.6902043 0.7185929 0.3947436 0.7843085 -0.0358642 0.2081179 0.0042535 0.3047277 0.0442545 0.3883380 0.5715008 0.7527288 0.2437198 -0.1528845 -0.1566365 -0.0014659 0.7362851 0.4834918 0.0863055 0.6066918 0.2122676 -0.0193772 0.7684184 0.7156177 -0.1237852 -0.1997228 0.5039396 -0.1831605 0.5359495 -0.1658674 0.7569178 -0.0530008 0.6435930 -0.2031730 0.2747502 0.2826252 -0.1682179 -0.1400727 -0.2235165 -0.0808761 -0.2221162 -0.0411182 -0.3113807 -0.3574152 -0.1744677 -0.4253392 -0.1491805 -0.2767974 -0.2911727 -0.4895662 -0.0963511 -0.3420061 0.1563785 -0.2968645 -0.1538141 0.1542585 -0.2318093 -0.2622896 0.3794403 -0.3302796 -0.2282944 0.0212317 0.0412072 -0.2775560 -0.2548189 -0.0953996 0.3475984 -0.3789357 0.1168868 -0.3317241 0.1282906 0.3249019 0.2545334 0.3794258 0.0931949 0.1556505 0.3432010 0.1472548 -0.3693626 -0.3165380 -0.3141736 -0.3343650 -0.4031881 -0.6547661 -0.3628708 -0.3756179 -0.2785998 -0.6607207 -0.5526073 -0.6595067 -0.1506708 -0.4402628 -0.1808208 -0.2247439 -0.4687843 -0.5671266 -0.5346426 -0.5464371 0.1495604 -0.2969424 -0.0583618 0.0504580 -0.1002630 -0.3440382 -0.5072581 -0.3955407 -0.4571419 0.1855036 0.2908641 0.3366373 -0.2764394 -0.3378546 -0.3314352 -0.2395860 0.3145133 -0.0884631 -0.5951704 0.1741568 0.2565690 -0.3001151 -0.2733916 0.2365812 -0.2198681 -0.3549241 -0.3543557 -0.0594276 0.3100687 0.3315425 -0.0143432 -0.2189179 0.3343900 -0.1248651 -0.1908650 0.3965579 0.7677436 0.3341738 0.1951447 0.1045600 0.3221873 0.3431337 0.1464949 0.3578715 0.0719712 0.3809206 0.3736855 0.3263747 0.3280608 0.7179736 0.2764910 -0.4149586 0.2233478 0.2265977 -0.2339599 -0.3833992 -0.4052938 -0.3591976 0.4776637 0.2409383 -0.3226827 -0.0858012 -0.2834615 -0.4861179 -0.3455122 -0.0009824 -0.0159835 -0.5096780 0.2617642 -0.2686952 0.2759922 -0.1942333 -0.1321900 0.0802254 -0.1052376 -0.0880782 -0.3060942 0.1506897 0.0939743
0.3425972 0.4468782 0.6767509 0.8080659 0.3547491 0.3347209 0.1123758 0.8000531 0.5417542 0.7169683 0.0000000 0.2642105 0.6533777 0.5516212 0.1984310 0.9119875 0.8763493 0.1593109 0.6236256 0.7870014 0.1409757 0.4751457 0.7611579 0.0518465 0.4185183 0.6759802 0.1898385 -0.1696912 0.2017481 0.0622679 0.3072167 0.4117005 -0.4212371 -0.1433253 0.8298271 0.1807867 0.5065324 0.4093550 0.5251136 0.1245909 0.4672520 0.7190792 0.7123635 -0.0126871 0.7839192 0.4072844 0.5278847 0.3317779 -0.2085136 0.4572935 0.7047707 0.6731761 0.3004585 0.0184371 0.1763563 0.1578912 0.3075686 0.5379038 0.4040831 0.4241751 0.6713272 0.3969558 -0.0200671 0.7071627 0.6936872 0.1358834 0.2251659 0.7064357 0.0733216 0.7453836 0.1788546 0.8365257 0.3517111 0.7226136 0.0834857 0.6651671 0.4985615 0.1103159 0.2323690 0.0358007 0.0187813 -0.3712025 -0.3030694 -0.4915348 -0.5311604 -0.1693262 -0.2434572 -0.2933808 -0.1895644 -0.2435165 -0.2582163 0.1066437 -0.1168170 -0.0037554 -0.1733238 0.2205221 0.4453678 -0.1121285 -0.0617215 0.1832351 -0.2134651 -0.1798221 -0.0292864 0.1523501 0.0225192 -0.0357743 -0.1438916 0.3261241 -0.1398511 0.0011155 -0.1724406 -0.1099757 0.5353587 0.2787475 0.3092040 0.2823728 0.2916507 0.4006264 0.3204580 -0.4427509 -0.1041986 -0.0301054 -0.0834628 -0.2772393 -0.4959081 -0.3642959 -0.1923448 -0.0371472 -0.4007045 -0.1958833 -0.3351576 0.2087009 -0.2691445 -0.1656689 -0.0425670 -0.2980313 -0.3638696 -0.3510877 -0.3692793 0.3359462 -0.0501647 0.1070117 0.1215918 -0.0371826 -0.2109881 -0.3473437 -0.1921656 -0.2624038 0.0593813 0.5237376 0.5094178 -0.1264131 -0.2217995 -0.1606894 0.0983328 0.4603615 -0.0918441 -0.4449703 0.0877209 0.3042333 -0.0640144 -0.0428067 0.5024618 -0.2464827 -0.1083952 -0.0883187 0.0280966 0.0530350 0.2320559 0.0606245 0.0026630 0.3496851 -0.1034748 -0.1789356 0.0826839 0.5301392 0.2268359 0.2106006 0.0439434 0.2469780 0.2932733 0.1385052 0.3227748 0.0106642 0.0993326 0.3519483 0.1503537 0.3447730 0.4837320 0.0663209 -0.4992958 0.3488307 0.0279929 -0.4321311 -0.3898287 -0.5538160 -0.5517998 0.2105526 0.1963672 -0.5031330 -0.5809925 -0.4856260 -0.7198186 -0.5774298 -0.1074358 0.0146347 -0.4102326 0.0467163 -0.8070590 -0.0169640 -0.3697470 -0.2569435 -0.2025975 -0.2798304 -0.0646469 -0.5460430 -0.1304688 -0.3115714
0.1697188 0.5716634 0.0617581 0.3282421 -0.1304990 0.7054864 0.7124076 0.0012308 0.5964910 0.4750499 0.2642105 0.0000000 -0.2038375 0.4485979 0.6187145 0.2750228 0.4403356 0.1178092 0.0562569 0.0492481 0.7114766 -0.1811144 0.5334577 0.0946185 -0.0149662 0.4173888 0.1363684 0.2670988 0.6138776 -0.1181453 -0.3480204 -0.2029767 0.0243836 0.1658159 0.3643400 0.6344086 0.0560400 -0.1953206 0.1118108 -0.0283422 -0.2080358 0.3978821 0.2494507 0.0283772 0.3750692 -0.1107970 -0.0303873 -0.2790687 0.0160079 0.1617491 0.1532852 0.1517286 0.3010892 0.2652313 -0.3960997 -0.3028431 -0.0983611 0.5022395 0.1246114 -0.0029231 0.1398091 0.2226983 -0.4559437 0.5061339 0.4488416 -0.1695544 -0.1279667 0.3434099 -0.3190854 0.3852509 -0.1577460 0.2172952 0.0048678 0.0611531 -0.1571296 0.1696230 0.1252474 -0.1637793 -0.1247207 -0.2912664 -0.2415854 -0.1834216 0.1609683 0.2104755 0.1690681 -0.0522028 -0.3878374 -0.0043844 -0.3517380 -0.2298936 -0.3560955 -0.2133603 0.0234706 0.1189416 -0.2626415 -0.3162121 -0.3015923 0.1429899 -0.3645956 0.3974670 -0.1108813 0.2211602 0.4801174 0.1721162 -0.3016924 -0.2308264 0.0662432 0.5436403 -0.2927311 0.4514976 -0.2522058 0.2825467 0.3394304 0.5669463 0.5740223 0.4569397 0.4481259 0.4796773 0.4392124 0.2499551 0.1534223 -0.0017619 -0.2904660 -0.3036328 0.0432589 0.0477814 -0.0842322 -0.1567567 -0.1365396 -0.1793620 -0.1202043 -0.0760157 -0.0576744 0.0318179 -0.2364398 -0.0974601 -0.0459650 -0.0497339 -0.0804163 0.3168528 -0.0330896 0.2707841 -0.0461010 0.1033129 0.0284817 -0.0204265 0.0664745 -0.0008999 0.1208309 0.2694936 0.1562285 0.0464087 0.0888255 0.0725685 0.0087254 0.0980691 0.0272285 -0.0531255 0.0337148 0.2074638 -0.0904946 0.0927548 0.1430519 0.1479966 -0.0119406 0.0177560 0.0087432 0.1680038 0.0531728 0.0597952 -0.0978150 0.1938235 0.0926815 -0.1218378 0.4886827 0.4701537 0.4114559 -0.1302101 0.3125130 0.4707454 -0.0930706 0.0911536 0.1973862 0.0316865 0.0983288 -0.0701240 -0.0081076 -0.0571026 -0.1037932 -0.0051419 0.0843764 -0.2367526 -0.3106393 -0.1054100 0.0213878 -0.1484067 -0.1143577 -0.2357878 -0.2864755 0.0408088 -0.2392383 -0.0442498 0.0460586 -0.1010211 -0.1026750 -0.0625863 -0.0379925 -0.0564183 0.0185679 -0.1765593 0.3406724 0.3180403 -0.1473271 0.0671388 0.2507101 0.2285941 0.6261290 0.5001648
0.3278909 0.1732074 0.6228916 0.5590268 0.5321188 -0.0161291 -0.4524881 0.9268881 0.2169624 0.2984334 0.6533777 -0.2038375 0.0000000 0.1743508 0.2353040 0.6506175 0.3281023 0.1504927 0.8017204 0.6081267 -0.2783927 0.8556205 0.1652954 0.1118462 0.6647842 0.4073762 -0.0546773 0.0447753 -0.2085420 -0.0123849 0.8393981 0.6751969 -0.2956436 -0.3698400 0.6004760 -0.1474704 0.7022524 0.7811558 0.3360137 0.1324804 0.7717576 0.5692656 0.5154303 0.1515759 0.4387196 0.7329724 0.7533503 0.7442101 -0.2820731 0.4665112 0.7334779 0.4383407 -0.0696218 0.2670735 0.7052912 0.6705394 0.6834676 0.1443590 0.5133956 0.6796758 0.6604504 0.4424566 0.6303646 0.3529776 0.3902427 0.6205632 0.5695612 0.5450310 0.6238290 0.4632488 0.6688869 0.6017530 0.6339133 0.7155905 0.6106354 0.7436264 0.5187074 0.6781710 0.6463342 0.6108178 0.6255994 -0.4125825 -0.6034103 -0.4847982 -0.4177857 -0.1414431 0.0554322 -0.3798938 -0.0389934 -0.1296187 0.1847693 0.4393630 0.3048561 -0.0146890 0.1408247 0.5414687 0.6725276 0.1720875 0.2789537 0.0406590 0.0769161 0.0372777 0.0219393 0.2369070 0.4747658 0.3662627 -0.1712973 0.1046385 0.1552388 -0.1264906 0.2276410 -0.3386983 0.4647515 0.2273814 0.1080649 0.3206306 0.3174548 0.2691893 0.3202117 -0.2520692 0.1801315 0.3228761 0.3019476 -0.0208477 -0.1690937 -0.1808087 0.2036112 0.2949508 -0.0512472 0.2321135 0.0698275 0.4223988 0.1340962 -0.0825289 0.1677176 -0.0005591 -0.0292152 -0.0863950 -0.0114675 0.3094921 0.0683135 0.1283228 0.3935434 -0.0632434 0.0296427 -0.1592881 -0.0025162 0.0113810 0.2105062 0.4938707 0.5210932 0.1166890 -0.0813662 0.0947474 0.3682418 0.3914860 0.2995333 -0.0677818 0.4025442 0.3270547 0.2178828 0.2074359 0.4210525 0.0346817 0.1359963 0.1877761 0.3249230 0.1732137 0.4001805 0.2768119 0.3750611 0.4074894 0.2200383 0.1681294 -0.1240577 0.1418188 -0.0794525 0.1460908 -0.1110472 0.1029719 0.1811618 0.2930053 0.4744215 0.1814151 0.1279189 0.4649677 0.2367819 0.4272455 0.4289178 -0.0562933 -0.3962511 0.6355898 0.2308066 -0.5086379 -0.2461805 -0.4102917 -0.4813907 0.2281873 0.6571453 -0.3472556 -0.1988955 -0.2621227 -0.5360275 -0.5319323 -0.1223660 0.3812124 -0.1691117 -0.1259626 -0.5912404 0.3386544 -0.5063364 -0.4392845 0.0239726 -0.2651187 -0.1942888 -0.2975280 -0.3117991 -0.2838149
0.2607475 0.6086508 0.4825042 0.7247196 0.3353572 0.5831983 0.1442481 0.3412588 0.8285998 0.8656451 0.5516212 0.4485979 0.1743508 0.0000000 0.2891247 0.4548597 0.8103664 0.6785751 0.0464261 0.3838987 0.4668056 -0.0682375 0.6984836 0.4969572 -0.1413069 0.3963373 0.3340375 0.4171480 0.5566757 0.1150605 0.0172346 -0.0930896 0.1748801 0.3036875 0.6879649 0.6762417 0.1884267 -0.0994615 0.4475884 0.0995635 0.0522133 0.6935922 0.6995930 0.3441405 0.7262564 -0.0062691 0.2029493 0.0054762 0.1501257 0.1698215 0.3204452 0.5714596 0.5938478 0.3792827 -0.0876368 -0.0553818 0.0466483 0.6969273 0.4816271 0.1167779 0.5463031 0.4320082 0.0342247 0.7391814 0.7124452 -0.0432962 -0.1001075 0.6359738 -0.0903307 0.6398709 -0.1326688 0.5909412 0.0777876 0.5709773 -0.1828841 0.3377635 0.3226897 -0.1489761 -0.0724759 -0.1149836 -0.0245469 -0.0884261 0.2100202 0.0113895 -0.1360037 -0.0531424 -0.5166263 0.0931579 -0.2280625 -0.2281944 -0.4827518 -0.1633428 -0.1922100 0.3829430 -0.2658721 -0.1363040 0.0777511 -0.2090046 -0.2691791 0.5501898 -0.2058505 -0.1531538 0.0673611 0.1043326 -0.1859050 -0.2598103 0.0039225 0.3262383 -0.2061268 0.1014510 -0.2966678 0.1794177 0.2642791 0.2022967 0.3365071 0.0603153 0.1671680 0.3518218 0.2139236 -0.1267489 -0.1084509 -0.1845906 -0.2029712 -0.1715823 -0.4399266 -0.0628175 -0.1900254 -0.1174670 -0.3763652 -0.4221655 -0.4645214 0.0923927 -0.2216446 0.0881462 -0.0599901 -0.1937811 -0.3141229 -0.2338362 -0.2193126 0.1932244 -0.1022824 0.1648865 0.0868307 0.2577485 -0.0181127 -0.1478075 -0.0982233 -0.1327949 0.2332520 0.3403675 0.3403964 0.0057959 -0.0801567 -0.1584118 -0.0068082 0.4989109 0.0473912 -0.3285701 0.2566039 0.3470464 -0.0753500 -0.1908042 0.4586724 -0.0716073 -0.1919499 -0.1384743 0.0095833 0.3665320 0.3419576 -0.0152377 -0.1685533 0.3172865 -0.0026107 -0.1249734 0.4026462 0.6247805 0.4516587 0.2490012 0.3220822 0.5328303 0.4388722 0.2660548 0.3880113 0.1974284 0.5066960 0.3903055 0.4355407 0.4818096 0.6234418 0.2333043 -0.1280965 0.3135239 0.3022816 -0.0009294 -0.0625784 -0.1254259 -0.0440650 0.4187179 0.3250316 -0.0339352 0.0567925 -0.0843694 -0.2773114 -0.0703458 -0.1884784 -0.0513372 -0.1983465 0.1834973 -0.0944264 0.3844750 0.0131980 -0.0338461 0.1193673 0.0461242 -0.0369829 -0.0298525 0.3618063 0.3177570
0.1022321 0.5649921 0.0877766 0.3395774 0.0519377 0.6251919 0.1046441 0.3839611 0.5070042 0.2722097 0.1984310 0.6187145 0.2353040 0.2891247 0.0000000 0.3083194 0.1337475 0.0769022 0.4872021 -0.0475612 0.3235217 0.2712036 0.0848240 0.1003397 0.3817575 0.3370424 -0.0740744 0.5048540 0.3226639 -0.1130403 0.1658590 0.1796836 0.1767395 -0.1137390 0.4347907 0.4093604 0.5204844 0.2020035 0.1029654 0.0476081 0.0615649 0.4505286 0.3369408 0.3346722 0.1590353 0.3949639 0.5181825 0.0679743 -0.0057749 0.3715170 0.5280819 0.1508957 -0.0296431 0.6712058 0.0848789 0.2351926 0.4776586 0.4289178 0.1856720 0.4495784 0.2144531 0.3880948 0.0480115 0.3941328 0.3780067 0.3530136 0.2986250 0.4780147 0.1058553 0.3003510 0.3524719 0.0889917 0.4318703 0.1256600 0.2728884 0.4070505 0.0532948 0.3697071 0.3059433 0.1305025 0.3101587 -0.2175913 -0.0435615 0.2133286 0.2754392 0.0327353 -0.0943310 -0.0216145 -0.2263043 -0.1079322 0.0645602 0.1515712 0.3867842 0.2885667 -0.0413689 0.0144401 -0.0471830 0.3445090 -0.1652363 0.4606564 0.0927845 0.3009490 0.5025637 0.1552622 0.0520909 0.0573640 -0.2276631 0.2934916 -0.2092268 0.0512652 -0.0654323 -0.2419397 0.3161380 0.4841673 0.3195631 0.4837210 0.3939770 0.2953182 0.4002362 0.0217281 0.1317703 0.2114623 -0.0722468 -0.0902827 0.0592827 -0.1668452 0.0295345 -0.0009672 -0.1171227 -0.1062957 -0.0075326 0.0622897 -0.0519470 -0.2055971 -0.1727978 -0.0593098 -0.0477770 -0.1083820 -0.0190057 0.2122372 -0.0560396 0.1439173 0.0464022 -0.1011303 0.0414097 -0.1124845 -0.0053985 0.0427792 0.0663585 0.3170739 0.2659132 0.1231406 -0.0073236 0.0619621 0.1242312 0.0878330 0.3495687 0.0607039 0.2701343 0.2478782 0.0498852 0.2859047 0.0776773 0.2897689 0.0873409 0.1560063 0.1306087 0.1517418 0.2233542 0.2998363 0.0843171 0.2413310 0.4477642 0.1900567 0.3789713 0.0918438 -0.0651164 -0.4155907 0.0227025 0.3133139 -0.2355766 0.2913875 0.4351774 0.2143224 0.0302212 -0.0084441 -0.1319887 -0.1386382 -0.1413071 -0.2789547 -0.1827970 -0.0078901 -0.0795616 -0.2282673 -0.2102486 -0.2460043 -0.4355934 -0.2702198 0.1488385 -0.2346202 0.0441040 0.0560445 -0.0288311 -0.3801709 -0.0807228 0.1772407 -0.1767193 -0.3402563 0.0616431 0.2382206 -0.0320171 -0.0963940 0.0269848 0.1229524 -0.0305717 0.3985152 0.3080226 0.3496573
0.1134036 0.3010697 0.4889615 0.6626559 0.3023493 0.2015571 0.0691603 0.7688315 0.4547843 0.5261196 0.9119875 0.2750228 0.6506175 0.4548597 0.3083194 0.0000000 0.7897812 0.0913269 0.7339021 0.7321741 0.1510892 0.5500069 0.7400935 -0.1115858 0.5555178 0.8024608 0.2828279 -0.1025580 0.0797404 0.0699635 0.3270443 0.4535505 -0.6007674 -0.3507906 0.8137670 0.1792164 0.6022859 0.4646360 0.3719483 0.1641641 0.4716320 0.7174570 0.6098570 -0.1893719 0.7560122 0.4620547 0.5529922 0.3590723 -0.4410240 0.6223673 0.7327339 0.6268913 0.0844586 0.0195142 0.2043618 0.1916411 0.3619728 0.3911187 0.3293026 0.4779916 0.6192063 0.4737945 -0.0119806 0.6489628 0.6756134 0.2048913 0.3116191 0.7779892 0.1115911 0.8047731 0.2525740 0.7617651 0.4682953 0.6685236 0.1529711 0.7534458 0.5526197 0.1894614 0.2851746 0.0900356 0.0107449 -0.3919818 -0.3274366 -0.3909610 -0.3768520 -0.2508793 -0.2961799 -0.3366133 -0.3393328 -0.3548575 -0.2571302 0.0896758 0.0464562 -0.1591714 -0.2590943 0.1869253 0.3565910 -0.0463441 -0.1488895 0.0289812 -0.2178023 -0.0852234 0.0389673 0.1217451 0.0663545 -0.0620055 -0.0615592 0.3334479 -0.0684457 0.0586484 -0.1322742 -0.0709288 0.5627999 0.3622708 0.3440197 0.3825976 0.3846054 0.4343936 0.4475906 -0.2437725 0.0857405 0.0826701 0.0259967 -0.1486368 -0.2013675 -0.1432607 -0.0847253 0.1289230 -0.1328038 -0.0493691 -0.1268916 0.3654548 -0.1168846 -0.0321122 -0.0313949 -0.0574634 -0.1465602 -0.1131020 -0.1428113 0.4978033 0.1004922 0.3381414 0.1000745 0.1560443 0.0366694 -0.0480770 0.0262033 -0.0586925 0.0507477 0.6719602 0.6535126 0.1370106 -0.0633958 0.0304900 0.2182009 0.6112025 -0.0266729 -0.2483817 0.0427752 0.4515906 0.0513433 0.1373090 0.5886566 -0.0807834 0.0514061 0.1062037 0.1176347 -0.0003552 0.1926420 0.1761880 0.0858985 0.3914978 0.0393593 -0.0675545 -0.0133439 0.3173738 0.1953225 0.1388132 0.1121016 0.3319341 0.1489114 0.0517960 0.2149979 -0.1139208 -0.0694718 0.3368857 0.1316997 0.3608267 0.2548935 -0.1188822 -0.3660866 0.3318085 -0.1718578 -0.5193207 -0.2336896 -0.5289343 -0.4752413 0.0108030 0.1245763 -0.3475670 -0.6636114 -0.3607010 -0.6393701 -0.5521552 -0.2381855 -0.0511167 -0.1890661 -0.1622608 -0.7956442 -0.0253844 -0.2291873 -0.1680176 -0.2168031 -0.2353836 0.1128214 -0.4484100 -0.0008870 -0.1980533
0.2326034 0.4681924 0.5447703 0.7573166 0.2735108 0.4243372 0.3056190 0.5050169 0.6772607 0.8292824 0.8763493 0.4403356 0.3281023 0.8103664 0.1337475 0.7897812 0.0000000 0.3404718 0.3075753 0.6561198 0.3862628 0.1343183 0.9361125 0.1534497 0.1088628 0.6462750 0.3635754 -0.0226952 0.4063810 0.1324820 0.0218473 0.1233024 -0.2980094 0.0649803 0.7910917 0.4354492 0.2904873 0.0893964 0.4939429 0.1245090 0.2094218 0.6961906 0.7076014 -0.0267456 0.8517505 0.1224551 0.2698096 0.0787283 -0.1247742 0.3528065 0.4801154 0.6741538 0.4902115 0.0164640 -0.0879354 -0.0890696 0.0592549 0.6514996 0.3577537 0.2010618 0.5868877 0.4070749 -0.2020263 0.8002908 0.7717003 -0.0933522 0.0055371 0.7210058 -0.1522367 0.8042908 -0.1078341 0.7860654 0.1691661 0.6474154 -0.1995298 0.5046229 0.4551080 -0.1835962 -0.0169068 -0.1904174 -0.2103136 -0.2357633 -0.0043416 -0.2809220 -0.3959086 -0.1615035 -0.4849586 -0.1175939 -0.2800031 -0.3147894 -0.5155451 -0.1386708 -0.2575448 0.0882180 -0.3372024 -0.0326945 0.2185771 -0.2819308 -0.2620873 0.2936339 -0.3060175 -0.2473342 -0.0533742 0.0809712 -0.1957201 -0.2756214 0.0178335 0.3657839 -0.2012728 0.1202373 -0.3302435 0.1573835 0.4090274 0.2253373 0.3593608 0.1368165 0.2075213 0.3922898 0.2661909 -0.2833852 -0.1303692 -0.1926569 -0.1741102 -0.2444241 -0.4690557 -0.1654568 -0.2642476 -0.0780589 -0.3735525 -0.3389978 -0.4425368 0.1694191 -0.2932559 0.0366689 -0.0750460 -0.2260361 -0.3540821 -0.2841460 -0.3237777 0.2898687 -0.0466109 0.1882872 0.0439000 0.1967231 -0.1045154 -0.1796132 -0.1210835 -0.2106857 0.1073734 0.4561194 0.4209644 -0.0762432 -0.1460990 -0.1683856 0.0320496 0.5248189 -0.1493827 -0.4438157 0.0500775 0.3170828 -0.1109783 -0.1735491 0.5576944 -0.2413413 -0.1789980 -0.1504958 -0.0393876 0.1318539 0.2242507 -0.0295667 -0.1626572 0.3272868 -0.1995900 -0.2617923 0.2015747 0.6197181 0.4413448 0.2916906 0.2414036 0.4099073 0.3601027 0.0829229 0.2121704 -0.0331864 0.2121130 0.3389700 0.2845576 0.4297954 0.4982988 0.1401867 -0.2739710 0.2378570 0.0349836 -0.1994001 -0.1800978 -0.3393893 -0.2571000 0.2542951 0.0737459 -0.2444697 -0.4738762 -0.3322942 -0.5600953 -0.2983563 -0.2221200 -0.1597061 -0.2831147 0.1348895 -0.5916988 -0.0006373 -0.1128972 -0.0860654 -0.1822934 -0.1790514 0.0153509 -0.3966251 0.1627116 -0.0229191
