0.0000000 -0.1027726 0.4203747 0.5050216 0.3285338 0.0298952 0.1390076 0.5221154 0.1390203 0.2106765 0.3016716 0.2533381 0.4273620 0.4412415 -0.0816686 0.1594262 0.0614743 -0.2865774 0.2212774 -0.0520603 0.2699585 0.3619016 0.0191563 -0.0159404 0.2330144 0.0137635 -0.5943406 0.2406615 0.4222811 0.0989485 0.3377661 0.0780708 0.1250339 0.2741572 0.0246058 0.2068648 -0.1389008 0.0143004 0.2176626 0.0757719 -0.1506896 0.2871996 -0.0086942 0.3502204 0.2779573 -0.0983614 -0.0696574 0.0337508 0.3124942 -0.3952576 0.0814322 -0.1938514 0.3275607 0.0374725 -0.2172526 -0.2493985 -0.0912543 0.2076739 0.1459671 0.0288171 0.3044652 0.0054243 -0.1243578 0.3605046 0.3281744 -0.0013077 0.0812305 -0.2471052 -0.1060210 0.1146030 0.0614392 0.4187812 0.0280456 0.4225176 0.1531418 0.0627779 0.3717803 0.0601586 0.2082198 0.3597127 0.3046496 -0.4823188 -0.6307683 -0.3216113 -0.3962356 -0.3988176 -0.4066408 -0.2871447 -0.5555054 -0.6536802 -0.6534432 -0.2495091 -0.2506781 -0.0649065 -0.7280720 -0.5635526 0.1471040 -0.1441602 -0.6253914 -0.0467327 -0.7155714 -0.4456097 -0.5231604 -0.1145370 -0.2437607 -0.5997255 -0.6079275 -0.1895881 -0.4899806 -0.3111578 -0.6601992 -0.5548323 0.1279120 -0.1974495 -0.0781808 0.3174678 0.3493610 0.3847046 0.4918762 0.2123512 0.3054783 0.3879137 0.0217294 0.2507274 0.0770070 0.1684956 0.2582100 -0.5649399 0.0148831 0.0314895 0.0190858 -0.4958366 0.3554421 -0.1271571 -0.2703827 -0.6787488 -0.0058529 0.2912545 0.0821895 -0.2266117 -0.6136656 -0.0351279 -0.3109330 -0.0578398 -0.0728219 -0.4356129 0.0921257 0.1136095 0.1575006 0.0318989 -0.0337471 -0.2073637 -0.0535591 -0.2806278 0.1325381 0.1039411 -0.4685604 -0.3106817 -0.1171278 -0.2026179 -0.0070810 -0.4087067 -0.2927910 -0.4254949 -0.2557125 -0.3157218 -0.4590612 0.0695021 0.0063275 -0.4964717 -0.0780748 0.2518830 -0.0715210 0.4588672 0.4682524 0.3557941 0.3521541 0.3960997 0.2817906 -0.0194757 -0.1643332 -0.3188073 -0.2038962 -0.3672831 0.0392061 0.3808929 0.4224890 0.1441110 0.3770548 0.4487451 0.2406294 0.3104156 0.4729000 -0.2001512 0.1160814 0.0005955 0.3211687 0.5027771 0.6169534 0.2361152 0.0477542 -0.6871501 -0.1740237 -0.2944340 0.0946735 0.1548952 0.0148528 0.1195378 -0.2091875 -0.3445379 -0.1458166 0.0099128 0.0809512 0.6165158 0.4385655 -0.3969166 -0.2230389 -0.1743436
-0.1027726 0.0000000 0.5410554 0.5316672 -0.2490316 0.8516626 0.5887214 0.4013561 0.6393511 0.6423217 0.4044570 0.6533102 0.2274292 -0.5751811 0.7603490 0.0433820 0.1772782 0.5197724 0.4705057 0.2167742 0.6756166 0.5071402 0.2129281 0.6006789 0.4356375 0.2555314 0.3367422 -0.1606987 0.5744008 -0.3377685 0.3170226 0.3035652 0.3443776 0.5459627 0.4734035 0.6250096 0.4239448 0.4860897 0.1439894 -0.0964825 0.2550569 0.6061602 0.3566567 0.4494772 0.5892527 0.5912980 0.5001618 0.2247575 0.5813551 0.5318356 0.4954911 0.2950156 0.5910768 0.5856588 0.5528309 0.5884137 0.4604329 0.7372863 0.3953705 0.4447775 0.5425788 0.3324563 0.6057568 0.5313708 0.5253393 0.1569455 0.2313009 0.2753036 0.5089204 0.4923938 -0.0191887 0.4312325 0.3443698 0.3987935 -0.2069803 0.3729599 0.4147456 -0.1068336 0.5092487 0.3421729 -0.3352963 0.1898981 0.1599742 0.1019570 0.0522941 0.1224770 0.1671846 -0.2559647 0.2032743 -0.2073729 -0.1883950 -0.2693924 0.2397795 -0.2779101 -0.1707028 -0.4285012 -0.1521010 0.2833969 -0.0841890 -0.1770325 -0.2787971 0.0909539 -0.2210788 0.1345528 -0.3143023 0.0518180 0.1931932 -0.0043167 -0.0484310 0.2794525 -0.1602038 0.1365082 0.1232196 0.2355909 0.0491069 -0.5125007 -0.3108823 0.0939084 0.4610995 0.4047683 0.0833644 0.1398848 -0.4236160 0.3384721 0.2252568 -0.0021603 0.0912855 -0.3306029 0.2360930 -0.0479495 0.1920819 -0.5006614 0.2149231 0.0931083 -0.5154036 -0.0284341 0.0218450 0.0666189 -0.0428402 0.2904305 -0.2251228 -0.3159765 -0.3029610 -0.3355671 -0.2053173 0.1952262 -0.0396004 -0.0715176 -0.3995328 0.0120492 0.3840872 -0.2182440 -0.0221481 0.0304892 -0.0192941 0.1919253 -0.3432159 -0.1298048 -0.5790976 0.1063665 0.1807299 0.2059729 0.4223357 -0.4534903 0.3664816 0.2257146 0.2619729 -0.3901672 -0.4747079 -0.0851648 -0.1993240 -0.1704851 0.7951413 0.3667695 0.4309542 0.4001940 0.6377908 0.0983339 0.6801474 0.6703361 0.0230725 0.0921761 0.2082369 0.0224698 0.2451041 0.4881191 -0.2160911 -0.0878020 0.1675434 0.4368630 0.4339117 0.3986823 0.2528920 0.0032082 0.3416212 0.0619181 0.5935424 0.0013425 -0.0757783 0.3656381 0.0973760 -0.2480228 0.1261518 0.5725301 -0.2798412 -0.5992199 0.0549324 0.5439971 -0.1191337 -0.4704537 -0.0644201 0.3520174 -0.5126877 -0.1376461 0.1440800 0.0445494 0.0864422 0.1565610
0.4203747 0.5410554 0.0000000 0.8433214 0.2752133 0.7610570 0.5663538 0.7423105 0.5629922 0.6271621 0.4991006 0.7660036 0.6428362 -0.2155145 0.5960824 -0.0492346 0.2373646 0.1466048 0.4129708 0.4587390 0.8246760 0.5586127 0.1058539 0.5505809 0.3428991 -0.0088526 -0.0107545 -0.0375334 0.8626989 -0.2843643 0.4401391 0.2594801 0.4367633 0.7644421 0.3257347 0.7445427 0.1566965 0.3439403 0.2748527 -0.0966270 0.0379375 0.7735458 0.2152581 0.6608256 0.8352998 0.3015955 0.2408537 0.2102426 0.7837221 0.0876745 0.3400317 0.0576961 0.8759787 0.5186185 0.2210785 0.2513840 0.2554588 0.7660117 0.4063156 0.2729092 0.8420124 0.0897101 0.3791170 0.8264985 0.8420657 0.2854663 0.0881222 0.0882981 0.2320766 0.5458222 0.1803057 0.7274697 0.1216230 0.7449190 0.1075615 0.3949271 0.7153893 0.1441583 0.6747590 0.8279315 0.1470077 -0.0944153 -0.4415310 -0.3903382 -0.4146827 -0.4035887 -0.0162184 -0.4873176 -0.3713213 -0.7289447 -0.6547521 -0.7007485 -0.1978027 -0.4327287 -0.5378455 -0.6877470 -0.2621320 -0.1575653 -0.4353160 -0.3183332 -0.6950628 -0.3517055 -0.6233906 -0.1972718 -0.5117841 -0.4115943 -0.3409746 -0.0678471 -0.4237525 -0.0691355 -0.4919652 -0.4233346 0.0533824 -0.0388557 -0.1912011 -0.4840534 -0.1506190 0.3318555 0.5813616 0.0831165 0.0435175 0.0887473 -0.6385609 0.4626078 -0.1039476 -0.2173414 0.0713024 -0.7505174 -0.2179840 0.0796160 -0.0002930 -0.8198087 0.0819181 0.1619277 -0.7243641 -0.4581628 0.1927931 -0.0561693 0.0411497 0.1265197 -0.4743927 -0.0933787 -0.3202406 -0.4503172 -0.0005937 -0.0691123 0.3029927 0.2840071 -0.1227493 0.2691031 0.3965018 -0.4560573 0.2678276 -0.1007579 0.2427529 0.1798879 -0.5533711 -0.1433127 -0.5204399 0.1810282 0.2293962 -0.0691996 0.2790272 -0.6287711 0.2351297 -0.0397725 -0.0768796 -0.1381983 -0.3423653 -0.4162561 -0.1798704 0.0651873 0.2726654 0.4713159 0.4357659 0.5353490 0.7220428 0.2497783 0.7766287 0.3551971 -0.3683742 -0.1488381 0.0274133 -0.1937641 0.3144379 0.9087708 0.4052268 0.0393565 0.4442469 0.6953398 0.0424395 0.7791568 0.6664335 -0.5216949 -0.0768561 -0.4374020 0.5448283 0.2120209 0.6440690 0.0430517 0.0102654 -0.7773370 -0.2179702 0.0638123 -0.1758415 -0.2896907 -0.4891761 0.3585154 -0.4407128 -0.5505309 -0.2329425 0.4951838 -0.1255449 0.4477414 0.5001910 -0.3108063 -0.0369510 0.3737908
0.5050216 0.5316672 0.8433214 0.0000000 0.2807550 0.7474273 0.6739680 0.8756817 0.6665363 0.6017295 0.6496985 0.8377722 0.7726695 -0.1511954 0.5799925 0.2395794 0.2182949 0.1987930 0.5825721 0.3405444 0.8634816 0.6289717 0.3590504 0.5895040 0.5047658 0.2725636 -0.1743259 0.0855227 0.8577211 -0.4450817 0.6179399 0.4229667 0.5152657 0.7813874 0.4952151 0.8009126 0.3457689 0.5180449 0.3581088 -0.1294144 0.1914362 0.8013272 0.3686065 0.7379000 0.8300963 0.4677539 0.4479423 0.4416095 0.7938187 0.2387562 0.5290590 0.2091497 0.8777900 0.5302323 0.3787944 0.3856068 0.4236931 0.6582333 0.4153641 0.4284752 0.8533991 0.3025739 0.5121290 0.7692569 0.8215351 0.3869154 0.3256327 -0.0046635 0.3987238 0.5503601 0.2069779 0.7527163 0.3419291 0.7809964 0.2330389 0.4350817 0.7666739 0.2144188 0.7826775 0.8485299 0.1932370 -0.2000633 -0.3726489 -0.2806048 -0.4865215 -0.5153120 -0.2435817 -0.4102608 -0.4116190 -0.7230525 -0.6971130 -0.2904437 -0.1645098 -0.2536579 -0.6141920 -0.6214107 -0.0652615 -0.1010846 -0.6393481 -0.1754507 -0.6732110 -0.4789319 -0.6317070 -0.1583452 -0.5363417 -0.4489544 -0.4105294 0.0245173 -0.4982061 -0.0264168 -0.6145655 -0.3999284 0.3409333 0.2007298 0.0476530 -0.1310858 0.0186948 0.4298256 0.7342623 0.2516575 0.2963795 0.4020532 -0.4711643 0.7743451 0.0628016 -0.1701741 0.2868182 -0.7997644 -0.1367117 0.3996549 0.2785937 -0.8920382 0.3869291 0.3610526 -0.7812357 -0.4383969 0.3555305 -0.0035308 0.0219871 0.0332095 -0.5796747 -0.2044045 -0.4851614 -0.2703413 0.0324601 0.0858048 0.2861232 0.2765922 -0.1347823 0.1733891 0.3341337 -0.2723531 0.2122939 -0.1644510 0.2334585 0.3180936 -0.6782080 -0.0585386 -0.5335840 0.0012992 0.2437317 -0.1760996 0.3606998 -0.8135599 0.1948113 0.0355321 -0.0655547 -0.0900132 -0.2946397 -0.5469245 -0.0527072 0.2590091 0.2643213 0.4319443 0.5615310 0.5754385 0.7239934 0.2206306 0.7575797 0.2641593 -0.4948739 -0.2367305 0.2000121 -0.1663960 0.3033240 0.8844891 0.3641263 0.1379303 0.5371913 0.7892754 0.1996537 0.8226486 0.7033906 -0.4271323 0.0680296 -0.2691397 0.6717273 0.2043816 0.6878432 0.1551028 0.3918675 -0.6511359 0.0937551 0.1838950 -0.1727230 -0.3079840 -0.3500398 0.2658921 -0.1971951 -0.5161278 -0.0195599 0.4303467 -0.2535462 0.2566312 0.4746271 -0.2752425 -0.0927435 0.2133089
0.3285338 -0.2490316 0.2752133 0.2807550 0.0000000 -0.1874486 0.0529172 0.0732364 -0.1539954 -0.2323477 0.0715981 -0.0163408 0.4109601 0.2608085 -0.2522646 0.0530926 -0.1513056 -0.3586697 -0.2432268 0.3482364 -0.0295214 0.1289991 -0.1093376 0.0037428 -0.1619367 -0.1129366 -0.4776494 0.4457484 0.0694539 0.0935435 0.2490667 0.0600579 0.2576285 0.1763732 -0.1078745 -0.1185877 0.0430140 -0.0359206 0.1881890 -0.0709472 0.2802465 -0.0998772 -0.0346339 0.3499563 0.0021665 -0.1748898 -0.1269398 0.3880831 0.2250425 -0.1966310 -0.0279027 0.0691435 0.0619004 -0.0955055 -0.1125669 -0.2034753 -0.0942518 -0.0950511 -0.5070977 0.0966520 -0.0553044 -0.1645661 -0.1150566 -0.0529245 -0.1457374 0.0144633 -0.2670362 -0.5617648 -0.1257491 -0.2466794 -0.3493022 -0.1334991 -0.3520404 0.2777926 -0.0769739 -0.4655365 -0.0666838 -0.0901014 0.0257278 0.2353611 0.4625152 -0.1725324 -0.2960903 -0.7464772 -0.7623520 -0.6703203 0.1905254 -0.2840414 -0.6605618 -0.5314338 -0.5618896 -0.2824893 -0.3893168 -0.2904039 -0.5146397 -0.4787501 0.0210845 -0.1202884 -0.6533574 -0.4577186 -0.4299368 -0.5899929 -0.5364863 -0.7517748 -0.6205035 -0.8229599 -0.7186115 -0.4968111 -0.5878194 -0.5557528 -0.6576074 -0.5168876 -0.2183802 -0.4312064 0.3007523 0.2065094 0.2893094 -0.1633430 0.0288554 -0.1797183 0.1770835 0.3061422 -0.2182377 0.1391228 -0.1624572 -0.2294523 0.1085101 -0.4844305 -0.6418945 0.4111687 -0.1249414 -0.3535119 -0.2535122 0.0076594 -0.2475786 -0.4489806 -0.2832665 -0.4566222 -0.3060595 -0.4443889 -0.3789504 -0.3253746 -0.0683850 0.0851279 -0.2847178 -0.1684901 -0.0487699 -0.0050137 -0.0860170 -0.2635604 -0.1760570 -0.0420471 -0.2961272 -0.3054926 -0.1478182 0.1172630 -0.0882365 -0.3659025 0.0342719 -0.1541376 -0.1662347 -0.3785916 -0.0079882 -0.1361619 -0.3590425 -0.1183507 -0.0845185 -0.1355826 0.0880429 -0.0470051 -0.1033243 0.0549863 -0.5354508 -0.3294955 0.1398142 -0.0395068 -0.0856739 -0.1679010 -0.1574438 -0.4670587 -0.4561527 -0.4814867 -0.5378212 -0.5341001 -0.4505075 0.1173214 0.4183629 0.7160219 0.1952821 -0.0295785 -0.1422045 0.0002997 0.1104365 -0.2486811 -0.2139635 -0.3736584 -0.0171592 0.0260806 0.5116906 -0.1066448 0.3355489 -0.1980074 -0.3487321 -0.5436797 0.3979939 0.2983468 -0.1732244 -0.4686498 0.1875520 0.3532023 -0.1978418 -0.3866418 0.3589882 0.0862498 -0.1244962 -0.2698578 -0.3852783 -0.1660630
0.0298952 0.8516626 0.7610570 0.7474273 -0.1874486 0.0000000 0.6892747 0.6793770 0.7408686 0.7861298 0.5369325 0.8490548 0.4972499 -0.5238146 0.8478828 0.0512397 0.3058375 0.4827527 0.6078009 0.3747164 0.8768520 0.6251839 0.3034468 0.6430849 0.5300958 0.2662089 0.3134286 -0.2501582 0.7713003 -0.4632749 0.5172326 0.3957008 0.3593395 0.6932181 0.5611136 0.8112078 0.4184116 0.5746209 0.2030182 -0.1148843 0.1991360 0.7835744 0.4204632 0.5103114 0.8108569 0.6508868 0.5704610 0.2901656 0.6827316 0.5274427 0.5766617 0.2828917 0.8263940 0.6835451 0.5743966 0.6356124 0.5219011 0.8121510 0.5668228 0.4695234 0.8263629 0.3906711 0.6627583 0.7682411 0.8416500 0.3358100 0.3655269 0.3574629 0.5414774 0.6955478 0.2616853 0.7205721 0.4312349 0.6177455 0.0970576 0.5917268 0.6946939 0.1102783 0.7139941 0.6728431 -0.2006502 0.0640591 -0.0135733 0.0848467 -0.0139137 0.0339524 -0.0103458 -0.3588200 0.1056051 -0.3631005 -0.3618041 -0.3203618 0.1046359 -0.2799217 -0.2514106 -0.4661680 -0.2197732 0.1127288 -0.1685233 -0.1116740 -0.3467184 -0.0621136 -0.3030825 0.1680401 -0.3320310 0.0143816 0.0899517 0.1751779 -0.1174453 0.3023581 -0.1991196 -0.0471589 0.2464657 0.2876290 -0.1052859 -0.5509017 -0.3205416 0.3401168 0.6231484 0.3124536 0.0971856 0.0904538 -0.5536313 0.6105761 0.1387188 -0.0377846 0.0814706 -0.5290906 0.1667454 0.0639184 0.2405827 -0.7071977 0.2623295 0.2676642 -0.6956208 -0.1338701 0.3442151 0.1506110 0.1052514 0.3671666 -0.3529880 -0.1706227 -0.3879259 -0.3574957 0.1138414 0.1653506 0.2776685 0.2051876 -0.3041335 0.1909694 0.4891726 -0.2944359 0.2714798 -0.0714793 0.1542498 0.2243928 -0.5242325 -0.0247542 -0.6448337 0.1625601 0.2515684 0.1374412 0.4920847 -0.6620390 0.4148265 0.2116860 0.1574512 -0.2292649 -0.4499536 -0.3082086 -0.1216094 -0.0202474 0.6974323 0.5399805 0.4451897 0.6194132 0.8104338 0.2974013 0.8608492 0.5528283 -0.2394115 0.0240074 0.3067804 0.0497893 0.4766809 0.7888775 0.0176791 -0.1451492 0.3591101 0.6847135 0.2458421 0.7517122 0.5887471 -0.2634732 0.1710643 -0.1095069 0.7156198 0.1622844 0.2887475 0.2648733 0.0816934 -0.4804311 0.0597110 0.5532038 -0.3529625 -0.6251115 -0.2356717 0.6413190 -0.3478525 -0.6205556 -0.1312774 0.6878893 -0.4804877 0.1379030 0.4596955 -0.0921941 0.1382610 0.4295593
0.1390076 0.5887214 0.5663538 0.6739680 0.0529172 0.6892747 0.0000000 0.5809245 0.5821879 0.6774450 0.6951281 0.7835150 0.5355872 -0.1924392 0.5704296 0.3001251 0.4531687 0.2165573 0.4041757 0.2549044 0.6813591 0.4226356 0.5738556 0.5244944 0.4680479 0.3809649 0.3348840 -0.0380100 0.5621206 -0.0659517 0.5507519 0.5831429 0.3565411 0.5564563 0.7859768 0.6149502 0.6006105 0.7130325 0.6666729 0.3126348 0.5895997 0.6426667 0.6981845 0.5292511 0.6237714 0.6423537 0.6622824 0.6768000 0.5823877 0.5272060 0.7162565 0.6197580 0.6769378 0.8500437 0.6913509 0.6426015 0.6781149 0.7432434 0.4408214 0.7079164 0.6611127 0.5491905 0.7019602 0.5953929 0.6353247 0.4781543 0.4242456 0.4128319 0.6228097 0.5740452 0.3164187 0.6383691 0.5343452 0.5248396 0.3223427 0.3915953 0.5621972 0.1318345 0.7062852 0.5719316 0.1752453 0.0585313 -0.0335102 0.1967316 -0.0868627 -0.1506785 -0.1639688 0.0271621 0.1498887 -0.2309221 -0.3966777 -0.2230406 0.0276214 0.0336999 -0.1540529 -0.3478037 -0.1870797 0.4167918 -0.2381443 -0.1113408 -0.3185114 0.1204902 -0.4337541 0.0072094 -0.3833477 -0.0360505 0.1344922 0.0452445 0.0583456 0.3444867 -0.2483454 -0.2052771 0.0104121 0.5080418 0.1349654 -0.2407736 0.0101143 0.5422936 0.3616227 0.1479813 0.2287906 0.0628509 -0.5100674 0.5357735 0.5196600 0.0248233 0.0923727 -0.5926600 0.2689917 0.1195398 0.4639316 -0.5347489 0.1736804 0.0077031 -0.6030385 -0.4236502 0.2477293 0.3879287 0.3991241 0.0362551 -0.3382382 0.1084297 -0.5539991 -0.5723438 0.2311401 -0.2565009 0.5691620 0.5178467 0.0913347 -0.0134337 0.0777879 -0.6287924 0.4171604 -0.2013542 0.1981841 -0.1902190 -0.6634640 -0.1557323 -0.4829589 -0.2243829 0.1704959 -0.3401726 0.0666662 -0.8099369 0.0859012 -0.2109531 -0.1055552 0.0275324 0.0583330 -0.5679721 -0.0450814 0.3887957 0.3801754 0.4839323 0.5841170 0.7243183 0.7253469 0.2052033 0.6250325 0.1177928 -0.5865620 -0.3311372 0.3153400 -0.1807012 0.2915450 0.5904491 0.0820293 -0.1086521 0.3184745 0.6803331 -0.0428718 0.5890913 0.5964404 -0.5417262 -0.1019366 -0.2464851 0.6652053 0.2944152 0.3722933 0.2509442 0.1938238 -0.4878334 -0.0909645 0.2336711 0.2366291 -0.0673647 -0.1139065 0.2755599 -0.2597534 -0.5165034 -0.2214839 0.5052273 -0.1066536 0.1750953 0.3390472 -0.2631177 -0.3223958 0.0997501
0.5221154 0.4013561 0.7423105 0.8756817 0.0732364 0.6793770 0.5809245 0.0000000 0.5542866 0.5748655 0.7831090 0.6890527 0.8530999 0.0032450 0.3914777 0.4078717 0.5622538 0.1177999 0.7460675 0.1961980 0.7323035 0.6965514 0.5209374 0.3346425 0.6500337 0.3806171 -0.0372888 -0.1129283 0.7280730 -0.3816853 0.5866187 0.5149641 0.2927920 0.6018957 0.5392696 0.6946615 0.3325413 0.6096453 0.4269117 -0.0054401 0.0832404 0.6697485 0.4559606 0.5601941 0.6967573 0.5005223 0.4705736 0.3240832 0.6347115 0.2677363 0.5702307 0.2248736 0.8014194 0.5769566 0.4021753 0.4337453 0.4643236 0.6668414 0.5593236 0.4489666 0.8474062 0.4113387 0.5298995 0.8908437 0.8572045 0.3884881 0.4909847 0.2418765 0.4898386 0.7652232 0.3776038 0.9276564 0.4977416 0.8820748 0.4204937 0.6264321 0.9123402 0.2691894 0.7513692 0.7938610 0.2049328 -0.3604074 -0.4375829 -0.2212219 -0.3539142 -0.3533232 -0.3657322 -0.4425077 -0.3205611 -0.6011197 -0.6325091 -0.1376503 0.0964091 -0.0531923 -0.5768229 -0.4883439 0.1845167 -0.0446258 -0.5404307 0.0502756 -0.5218709 -0.4721594 -0.5751863 0.0453771 -0.2976243 -0.3174659 -0.3602343 0.0478074 -0.4502671 -0.0413620 -0.5249317 -0.3228480 0.2082580 0.0818583 -0.0586750 -0.0944653 0.1069119 0.4302569 0.6059840 0.2684445 0.2135624 0.2243348 -0.3716553 0.7398049 0.1149994 -0.0366142 0.1214229 -0.6790703 0.0758428 0.3874640 0.3119541 -0.7288979 0.4261480 0.5029705 -0.5289435 -0.4381126 0.4667653 0.2092118 0.1484069 0.0974698 -0.4473963 -0.0848765 -0.3083793 -0.2039495 0.1745316 -0.0150217 0.3739103 0.4156036 0.1042554 0.3435162 0.3461048 -0.2174914 0.3690627 0.0085951 0.4982100 0.3170469 -0.5377887 0.1449176 -0.3852475 0.0926552 0.5204411 -0.0651060 0.3842881 -0.6829614 0.4145209 0.1433894 -0.0081550 0.2053006 -0.1146082 -0.5147511 0.2759247 0.4622280 0.3085354 0.6209759 0.6522902 0.7341289 0.7158513 0.5266305 0.7119585 0.2130797 -0.3748554 -0.1904070 0.2601664 -0.1418217 0.4840519 0.8210441 0.2088123 0.0535904 0.7294495 0.9293991 0.2441162 0.8553789 0.7999505 -0.2934137 0.0952635 -0.0796849 0.5674190 0.4498852 0.7334345 0.1015083 0.4294796 -0.5900321 0.1358861 0.1965169 -0.3747452 -0.2697592 -0.2766823 0.3305487 -0.2362655 -0.5209497 -0.0500484 0.5530950 -0.4780493 0.3282379 0.7005862 -0.2198295 0.1244304 0.3494086
0.1390203 0.6393511 0.5629922 0.6665363 -0.1539954 0.7408686 0.5821879 0.5542866 0.0000000 0.8875971 0.4814521 0.8584262 0.4499060 -0.0744566 0.8763267 0.1699929 0.1852845 0.7659960 0.6347821 0.3534255 0.8320061 0.5512808 0.3817207 0.8368942 0.6397802 0.4556929 0.1856315 0.2951475 0.7794858 -0.0731355 0.7234163 0.6028652 0.6601907 0.8251807 0.6005209 0.8400832 0.5697604 0.6756730 0.4187117 0.2793109 0.4121374 0.8773454 0.4680842 0.7444108 0.8536947 0.7239692 0.6592262 0.5217313 0.8044443 0.5935629 0.6356080 0.3574300 0.8231156 0.6990203 0.6205990 0.6628925 0.6345440 0.6869665 0.4596680 0.5544100 0.8077442 0.4999775 0.6860738 0.5323206 0.6665296 0.5498706 0.5411984 0.1444431 0.6036483 0.5049406 0.4973330 0.5470079 0.4839462 0.4091292 0.2646249 0.5131879 0.5826058 0.2288068 0.6813479 0.5608461 -0.2033906 0.3526602 0.2192223 0.2355936 0.0684458 -0.0398651 -0.1431879 -0.3172017 0.1195861 -0.2830571 -0.2478687 -0.1530926 -0.0848980 -0.4199576 -0.1886983 -0.2906622 -0.1902680 0.1125271 -0.0562913 0.0125100 -0.2352728 0.0703614 -0.2262470 0.1756663 -0.1657246 0.0780318 0.1296085 0.3111154 0.0435965 0.5242996 -0.0473280 0.0009699 0.4599588 0.5202394 0.1380531 -0.2432992 -0.3336823 0.4805782 0.4934311 0.2549607 0.1155060 0.1496189 -0.4307073 0.5121633 0.0994432 -0.0478975 -0.0117324 -0.5233010 0.2125872 0.0331310 0.3522790 -0.5414764 0.1571219 0.0125759 -0.5728274 -0.1492846 0.2013870 0.1017749 -0.0308374 0.5049297 -0.4015530 0.0603068 -0.2250607 -0.1918035 -0.0240824 0.1869710 0.1567310 0.1585232 -0.3336351 0.4162132 0.6470337 -0.1077246 0.1948105 -0.3014256 0.0895438 0.4204007 -0.5304552 -0.1361347 -0.5100577 0.3165816 0.0558266 0.1832768 0.3290117 -0.5795096 0.1903356 0.0084930 -0.1683665 -0.4753799 -0.6121674 -0.3180000 -0.2797045 -0.0227223 0.4300526 0.3519441 0.1647647 0.3749821 0.7002509 0.0109935 0.7366362 0.5283694 -0.3456254 0.1591689 0.4593568 0.2359498 0.3829334 0.7266095 0.0336267 -0.2007865 0.2471688 0.5777301 0.2076631 0.6661864 0.4185181 -0.1617831 0.0889514 -0.1469633 0.6000603 -0.1173896 0.1201959 0.2460851 0.0927296 -0.4458437 -0.0732743 0.4711986 -0.1434224 -0.4954986 -0.1854718 0.4104315 -0.2544391 -0.6349475 -0.2000070 0.5280882 -0.2965908 -0.0401812 0.1835516 -0.1602134 -0.0476054 -0.0003336
0.2106765 0.6423217 0.6271621 0.6017295 -0.2323477 0.7861298 0.6774450 0.5748655 0.8875971 0.0000000 0.5607189 0.8574231 0.4151026 -0.0287280 0.8600559 0.1208919 0.4037064 0.6304079 0.6325734 0.3197498 0.8212537 0.6202320 0.3717652 0.6790955 0.6780155 0.3735649 0.3132688 0.0776779 0.7492918 0.0709068 0.6532503 0.5916253 0.3988651 0.7007983 0.6108320 0.7780853 0.4695164 0.6631746 0.4568388 0.3735004 0.3757164 0.8349629 0.4858133 0.5637461 0.8082581 0.7121419 0.6147491 0.4041249 0.6893493 0.5139014 0.6438045 0.3093877 0.7980867 0.7910251 0.5748945 0.6259546 0.5825494 0.8339048 0.6192740 0.5551177 0.8182450 0.4913864 0.6424078 0.6440661 0.7535580 0.4497991 0.4932843 0.3913536 0.5492385 0.6248018 0.4998198 0.6671308 0.5207816 0.4230658 0.2546051 0.6127207 0.6217758 0.1292430 0.6731842 0.5513544 -0.2084830 0.2170002 0.1724253 0.2953770 0.2220512 0.1012531 -0.0250402 -0.2434817 0.1873563 -0.3060466 -0.2907799 -0.2958442 -0.0093541 -0.2516954 -0.1935113 -0.3467650 -0.2787653 0.2235084 0.0124248 0.0258923 -0.3110464 0.1618772 -0.2648834 0.3186037 -0.1708387 0.0947948 0.1715678 0.2553390 0.0826274 0.5166647 -0.0943288 -0.1152003 0.2579384 0.4425569 -0.0481233 -0.3312664 -0.3328803 0.6001433 0.5135879 0.2085291 0.0566117 0.0004362 -0.4549399 0.4671328 0.1952084 0.1269185 -0.0691568 -0.5418468 0.3553508 -0.2256627 0.2687820 -0.5171171 0.1414403 -0.1561396 -0.5321715 -0.2717149 0.1550034 0.3718838 0.1447100 0.4674073 -0.4686746 0.1727949 -0.3005380 -0.3900963 0.1075693 -0.1478636 0.2849212 0.2375489 -0.1791463 0.3205491 0.5055205 -0.3511688 0.2856795 -0.3836308 0.1039088 0.1372469 -0.6393592 -0.2222851 -0.5775001 0.1975981 0.0691339 0.0014557 0.0963850 -0.6453980 0.1271969 -0.1914636 -0.2768185 -0.3876392 -0.4964071 -0.4608466 -0.3057337 -0.0121706 0.5758325 0.6424249 0.3301478 0.6302621 0.8514093 0.3430007 0.8131851 0.5096443 -0.3009252 0.1107377 0.4301396 0.1278267 0.4357530 0.7413270 -0.0195182 -0.3391860 0.2266469 0.6481352 0.1227714 0.6892893 0.5672263 -0.2861926 0.0439388 -0.1144440 0.6690751 0.1728169 0.1813397 0.3472720 -0.1535812 -0.5840880 -0.2508846 0.4729622 -0.1164996 -0.4196118 -0.0920018 0.6289955 -0.5300314 -0.7286996 -0.3596090 0.7267913 -0.2919261 0.2479502 0.4194677 -0.2552600 -0.0349453 0.1344325
0.3016716 0.4044570 0.4991006 0.6496985 0.0715981 0.5369325 0.6951281 0.7831090 0.4814521 0.5607189 0.0000000 0.5160801 0.7860027 0.1216031 0.3176027 0.7586589 0.7769992 0.1556638 0.7680728 0.0279838 0.4721715 0.7363762 0.7969083 0.3054275 0.8185073 0.7032118 0.1595012 0.0294906 0.4708147 -0.1575136 0.5963821 0.7842188 0.2787842 0.4551440 0.7798799 0.4014822 0.6454431 0.8405425 0.6385973 0.2263294 0.5136327 0.4304085 0.7811499 0.5207169 0.4359296 0.7497601 0.7429771 0.5799115 0.5546199 0.5358637 0.8307332 0.5456870 0.5925338 0.7332051 0.6494042 0.6752557 0.7219781 0.7396616 0.6117185 0.7188780 0.6608082 0.7263039 0.7162813 0.7484438 0.6086936 0.4721226 0.6709770 0.5461392 0.7412268 0.8369727 0.3186248 0.7994428 0.7760655 0.7703641 0.3985780 0.6929077 0.7959092 0.2139708 0.7705909 0.5134907 0.2873015 -0.1069019 -0.1948993 -0.1414710 -0.1190619 -0.3606092 -0.0621917 -0.1008145 -0.0678352 -0.3525939 -0.4760555 -0.0730016 0.1856243 0.2081482 -0.3211438 -0.3783261 0.0865192 0.1999342 -0.4561506 -0.0769469 -0.2566811 -0.3104798 -0.6610341 0.0702642 -0.4512634 -0.2396718 -0.2503230 -0.1295006 -0.3465071 0.0297408 -0.4652515 -0.3285787 -0.0923922 0.1455737 0.1035905 -0.0981535 0.0537242 0.3783902 0.3161616 0.1437356 0.0657836 0.0222808 -0.3082299 0.6172837 0.2383088 0.0007927 -0.1011045 -0.6577514 0.1881269 0.2394696 0.3146913 -0.5349434 0.0995703 0.2453883 -0.3961807 -0.4074368 0.1392587 0.2450735 0.0914481 -0.0748846 -0.4053566 -0.1267636 -0.2174682 -0.3139838 0.1082624 -0.1707441 0.2323246 0.3147000 0.1614192 0.0911031 0.1106937 -0.2747491 0.1430527 0.0101179 0.2850030 0.0999040 -0.4385695 -0.0560099 -0.2217037 -0.0377462 0.5239356 -0.2296530 0.2019101 -0.5804741 0.2314411 -0.0071389 -0.0034706 0.1590720 0.0686796 -0.4858330 0.2692747 0.4991484 0.3469077 0.5262406 0.6573948 0.7014911 0.5668858 0.5639780 0.4314933 -0.0445363 -0.3070503 -0.3922549 0.2128702 -0.3777782 0.2728558 0.5713730 -0.1314205 0.1070413 0.6338942 0.7844144 0.1764443 0.5617185 0.5294204 -0.1596647 0.0495035 0.0379918 0.4223268 0.4018039 0.5100468 0.1232472 0.4654049 -0.3787326 -0.0563232 0.2057455 -0.1970284 -0.0464153 -0.0065466 0.3016324 -0.2541050 -0.3457448 -0.2944985 0.4360103 -0.4842609 0.1466978 0.5632082 -0.0938702 -0.0397736 0.1279256
0.2533381 0.6533102 0.7660036 0.8377722 -0.0163408 0.8490548 0.7835150 0.6890527 0.8584262 0.8574231 0.5160801 0.0000000 0.5374794 -0.2601845 0.8563905 -0.0075547 0.1970863 0.4415174 0.5109275 0.5074435 0.9717253 0.4707493 0.3088652 0.7823627 0.4653562 0.1972656 0.1735971 0.0798938 0.8733628 -0.2046219 0.6149671 0.4378742 0.5470951 0.8234168 0.5889442 0.9408086 0.4004422 0.5706794 0.4386969 0.1226581 0.2745810 0.9459791 0.4127736 0.6954058 0.9390689 0.5923493 0.5391774 0.4747384 0.8055968 0.4104317 0.5578327 0.2747121 0.9201423 0.7129043 0.5070540 0.5234162 0.5297261 0.7325472 0.5098788 0.4682861 0.8993059 0.3347828 0.6113413 0.6726368 0.8462382 0.4971654 0.3499167 0.1389916 0.4687365 0.5168042 0.4373715 0.6779131 0.3712223 0.5158651 0.2644789 0.4627103 0.6496186 0.2000648 0.7616171 0.7503642 -0.0502026 0.1050265 -0.0146776 0.1374420 -0.1395676 -0.1467713 -0.2024870 -0.2926348 -0.0339380 -0.4815783 -0.3891988 -0.3066469 -0.1020845 -0.3489614 -0.2668762 -0.3729284 -0.2830484 0.1101405 -0.2134943 -0.0459401 -0.5116555 -0.0049545 -0.2818190 0.0850360 -0.2602204 -0.0484057 0.0635343 0.3386454 -0.0355697 0.4128620 -0.2330946 -0.1471564 0.4253468 0.5014311 -0.0740066 -0.3151129 -0.2808677 0.5542122 0.6223399 0.2135277 0.2163482 0.2017223 -0.5778005 0.6127095 0.1312871 -0.0466677 0.1811322 -0.6041811 0.0972438 0.1012898 0.3231114 -0.6792100 0.2948728 0.0574931 -0.8061884 -0.2905263 0.3551678 0.1760386 0.1409642 0.3740355 -0.5254505 0.1333303 -0.5410148 -0.3867965 0.1474681 0.0371506 0.4109699 0.3297996 -0.2316994 0.3331798 0.5188797 -0.3905668 0.3969988 -0.3576761 0.1750691 0.1886255 -0.7531774 -0.1325129 -0.6532442 0.1372459 0.0230546 -0.0684102 0.2299422 -0.8308698 0.1463417 -0.1522419 -0.2119464 -0.2793438 -0.4506435 -0.5584494 -0.2877132 0.1145852 0.4111173 0.4872091 0.3905192 0.6112650 0.8819496 0.1087414 0.9083759 0.4717551 -0.5153838 0.0711438 0.4592607 0.1599141 0.4624551 0.8768300 0.2547458 -0.2525008 0.2638068 0.6948322 0.0624262 0.8044319 0.6513672 -0.5188418 -0.0101220 -0.3425531 0.7635119 0.0922309 0.3806380 0.2708760 0.0545545 -0.6445995 0.0066559 0.4131848 -0.0488160 -0.4033364 -0.3496628 0.4164485 -0.3561905 -0.7098719 -0.0588315 0.6421867 -0.1791914 0.2183117 0.3421862 -0.3625255 -0.1365857 0.2324553
0.4273620 0.2274292 0.6428362 0.7726695 0.4109601 0.4972499 0.5355872 0.8530999 0.4499060 0.4151026 0.7860027 0.5374794 0.0000000 0.1202761 0.2428202 0.5097972 0.5107101 0.0489808 0.5900045 0.3129615 0.5508679 0.6428105 0.5493035 0.3646452 0.5848679 0.4803823 -0.1446784 0.1671153 0.5911502 -0.2274018 0.7314085 0.6751668 0.4837656 0.6226015 0.6050722 0.4673067 0.5406716 0.6758635 0.5955484 0.1405691 0.3670782 0.4602902 0.5829987 0.6803144 0.5411611 0.5594132 0.5650401 0.5961289 0.6806770 0.3875201 0.6429852 0.4256861 0.6958468 0.5533309 0.4863391 0.5115757 0.5981713 0.5443644 0.2795334 0.6019363 0.6847903 0.4957025 0.5644872 0.7052812 0.6075141 0.5805293 0.5100657 0.1228188 0.5949582 0.6694846 0.3834337 0.7565614 0.4883280 0.8875263 0.4890927 0.4566260 0.8208260 0.4100940 0.7617225 0.7746916 0.4964979 -0.1740895 -0.4283534 -0.3903934 -0.4782047 -0.4420510 -0.2385636 -0.4533899 -0.2939560 -0.5534636 -0.5943608 -0.1619702 0.0034799 -0.1410791 -0.5228028 -0.5308689 0.1412026 0.0667371 -0.6584071 -0.2179160 -0.4197623 -0.5432637 -0.6368680 -0.2836111 -0.4292697 -0.4782513 -0.4654756 -0.1816744 -0.4824136 -0.1980950 -0.5560569 -0.4356195 -0.0319339 -0.1249087 0.0799116 -0.1004481 0.0959708 0.1710899 0.3055902 -0.0084149 0.0316641 0.0888999 -0.5517779 0.6481263 -0.0070551 -0.2533454 -0.1600330 -0.7594634 -0.1709573 0.4501261 0.1711984 -0.6932098 0.0791631 0.4373369 -0.4900800 -0.5610123 0.1913075 -0.0147770 -0.0728523 -0.1346565 -0.5094698 -0.2449911 -0.2731543 -0.1775210 -0.0072970 -0.1221408 0.2708878 0.3678146 -0.0366727 0.1937782 0.2071127 -0.2136276 0.2031892 -0.1513917 0.3847288 0.2905288 -0.4381075 -0.0579706 -0.3357247 -0.0028742 0.3907306 -0.1909321 0.3471644 -0.6241966 0.2223737 0.1077022 -0.0335142 0.1316067 -0.0112462 -0.4325241 0.2495014 0.4394417 0.1219662 0.3937482 0.5784611 0.6409904 0.5146910 0.4042802 0.4712379 -0.1505918 -0.5447308 -0.4145012 -0.0205040 -0.4199353 0.1936911 0.6579961 0.2653979 0.3836460 0.8243597 0.7790636 0.0477271 0.7236204 0.7255490 -0.2958651 -0.1616412 -0.2651821 0.3409921 0.4555909 0.8060877 -0.1117613 0.6085125 -0.4597768 -0.0679542 -0.0371135 -0.1639612 -0.0175668 -0.3580290 0.0940869 -0.0116814 -0.2342984 -0.2710446 0.3673942 -0.2866638 0.2480207 0.5897980 -0.2907016 -0.0279834 0.2312747
0.4412415 -0.5751811 -0.2155145 -0.1511954 0.2608085 -0.5238146 -0.1924392 0.0032450 -0.0744566 -0.0287280 0.1216031 -0.2601845 0.1202761 0.0000000 -0.3844105 0.3590655 0.2386909 0.0000347 0.0134349 -0.2383018 -0.2830040 0.0963154 0.1971216 -0.2627848 0.1812528 0.2347390 -0.3460958 0.4936510 -0.1278277 0.6448358 0.1787758 0.2980838 -0.0600208 -0.1050350 -0.0400689 -0.2658246 0.0265251 0.0660277 0.3667174 0.5565909 0.2066902 -0.1630199 0.0746516 0.0339073 -0.1819141 -0.1012804 -0.0723608 0.1452691 -0.1185475 -0.2033993 0.0475873 0.0511387 -0.1531927 -0.0232252 -0.1247877 -0.1731434 -0.0489620 -0.1142036 -0.1783213 0.1267444 -0.1312430 0.1151509 -0.1530200 -0.1145522 -0.2373335 0.0058891 0.1597986 -0.0769388 -0.0861499 -0.0613627 0.1375467 -0.0247936 0.0851052 -0.0185331 0.2766593 -0.0630337 -0.0113002 0.0168246 -0.1341927 -0.1175095 0.2306246 -0.0909749 -0.0158572 -0.0876314 0.0293756 -0.2068045 -0.0608589 -0.0072939 -0.2532608 -0.0136620 -0.1998139 0.1813330 -0.1547335 0.1524993 -0.2835985 -0.0262091 0.3148771 0.0272662 -0.1426345 0.1529769 0.0257493 -0.1663593 -0.2339148 -0.0628141 0.0266307 -0.2917087 -0.3558887 -0.1741043 -0.1457253 -0.0857851 -0.1799048 -0.2407121 -0.0855911 -0.0954554 0.3618425 0.6297462 0.4471048 0.2657019 -0.1476536 -0.1997401 -0.0049469 0.0148946 0.3225940 -0.0300543 0.0281683 0.0932712 -0.2048293 -0.1082669 0.0183423 -0.0677442 -0.0351487 0.1983901 -0.0835739 -0.2146115 0.4679876 -0.2576265 -0.2739721 0.1242048 -0.0708315 -0.2152938 -0.0387890 0.2050977 0.3635041 0.0991480 -0.1315111 -0.4177462 -0.0559052 0.1143887 0.4668870 0.0639029 -0.2422782 0.0461152 -0.0703144 -0.1978296 0.1513227 -0.0068019 0.0533808 -0.0507702 0.3224339 -0.1113651 0.0718698 -0.2705117 -0.4063256 0.1288780 -0.2455421 -0.3318902 -0.4259134 0.0946773 0.2459342 -0.1184157 0.1858319 0.2969121 -0.4433798 0.0963234 -0.0499959 -0.0144376 -0.2009692 0.1863742 -0.3302451 -0.4078726 -0.1869623 -0.2288042 -0.1117112 -0.1938116 -0.2720041 -0.1536589 -0.0333610 0.1190885 0.1440002 0.0512093 -0.1504843 -0.0636938 0.0975983 0.0601282 -0.2131119 0.0606719 -0.2958650 0.1905801 0.1591464 -0.1161078 0.0333820 -0.0662510 -0.3738782 -0.5122733 0.2431637 0.4646272 0.1956474 -0.3312538 -0.0744931 0.1057927 -0.3200704 -0.1670214 0.2176099 0.1359774 0.1048971 -0.1938060 -0.2094221 -0.4188075
-0.0816686 0.7603490 0.5960824 0.5799925 -0.2522646 0.8478828 0.5704296 0.3914777 0.8763267 0.8600559 0.3176027 0.8563905 0.2428202 -0.3844105 0.0000000 -0.1034692 0.0445638 0.7297268 0.4736255 0.4038774 0.8567840 0.4173131 0.1741155 0.8549522 0.4480803 0.2228106 0.2763817 0.0644449 0.7602986 -0.2226612 0.4742180 0.3779914 0.5200928 0.7546781 0.4773949 0.8219877 0.3990980 0.4730816 0.1847698 0.0566412 0.2706153 0.8485856 0.3038172 0.5585687 0.8353191 0.6364894 0.5314170 0.3037206 0.7047233 0.5105024 0.4849721 0.1993369 0.7691133 0.5942348 0.4954718 0.5769692 0.4875036 0.6930215 0.5115118 0.3790283 0.7549979 0.3118562 0.5842694 0.4908010 0.6834446 0.4220735 0.3086994 0.2448740 0.4280865 0.4490622 0.3602377 0.4548223 0.3759441 0.2597937 0.0550935 0.5222454 0.4733002 0.1704720 0.6570860 0.5466937 -0.2827705 0.4033424 0.2671164 0.2827031 0.2017271 0.0831776 0.1129072 -0.1880662 0.2237434 -0.2435181 -0.0954336 -0.3055729 -0.1051306 -0.3827519 -0.0182620 -0.2572603 -0.4800778 0.0688137 0.0730850 -0.1272263 -0.2420453 0.1715676 -0.0953756 0.2065195 -0.2102299 0.1792895 0.2622002 0.3487496 0.1085526 0.5240988 0.0390035 0.0195619 0.4131280 0.5132696 -0.0758068 -0.4865268 -0.5448914 0.3794472 0.5127470 0.1164618 -0.0455929 0.0248078 -0.5252495 0.4483719 -0.0365827 -0.1396228 -0.0064418 -0.4064329 0.0876554 -0.1721371 0.1315568 -0.5291001 0.1070246 -0.0414272 -0.6518845 0.0183168 0.1664526 0.0212749 -0.0545134 0.4594569 -0.3503506 0.0063986 -0.3527014 -0.3752756 0.0098767 0.2077277 0.1145519 0.0329772 -0.4540001 0.2430632 0.5336255 -0.2451991 0.1933515 -0.3044772 -0.0650646 0.1849635 -0.5653208 -0.1349538 -0.6747085 0.2171076 -0.0652979 0.1179208 0.2657163 -0.5922348 0.1546382 -0.0606657 -0.1111535 -0.5448781 -0.6709309 -0.3259958 -0.4584763 -0.2533110 0.6000850 0.3741859 0.1051785 0.3509932 0.7009233 0.0084501 0.7873232 0.6031575 -0.2382918 0.2408739 0.4580796 0.2647310 0.3316792 0.6998916 0.0252569 -0.3312598 0.0319942 0.4212511 0.0518536 0.6283535 0.3696161 -0.2886635 0.0115838 -0.2582037 0.5809793 -0.1604800 0.0179294 0.2033752 -0.1346164 -0.3912465 -0.0324643 0.5781305 -0.2011187 -0.5480432 -0.2705486 0.5647337 -0.3752642 -0.6161728 -0.1329361 0.6428029 -0.2209165 0.0304594 0.2047180 -0.1420167 0.0245048 0.2156294
0.1594262 0.0433820 -0.0492346 0.2395794 0.0530926 0.0512397 0.3001251 0.4078717 0.1699929 0.1208919 0.7586589 -0.0075547 0.5097972 0.3590655 -0.1034692 0.0000000 0.6066801 0.1279796 0.6194920 -0.4320679 -0.0715839 0.5537028 0.8360952 -0.0593810 0.7334644 0.8935496 0.0193273 0.1200943 -0.0280044 -0.0727451 0.4546576 0.7399511 0.0756874 0.0361641 0.5956014 -0.0973203 0.6546797 0.6925857 0.4290340 0.2375756 0.5620225 -0.0554021 0.6885507 0.2374870 -0.0777848 0.5914898 0.6457626 0.5170248 0.1350599 0.5053630 0.6957040 0.5795093 0.0651081 0.3882377 0.5595187 0.5619570 0.6079393 0.2853876 0.3031273 0.6306771 0.1612096 0.7722320 0.5242155 0.2837783 0.0843644 0.3366824 0.7290568 0.4157894 0.6503460 0.5385165 0.1509478 0.3797942 0.7431692 0.4690868 0.4004027 0.4723041 0.4379837 0.2123755 0.4036043 0.0883303 0.3017307 -0.0669018 -0.0543667 -0.0642913 -0.0078541 -0.3168360 -0.0932283 0.0879494 0.0208737 -0.0055960 -0.2991298 0.3073678 0.0780677 0.4618896 -0.1967725 -0.1360517 0.3032360 0.0856438 -0.3537520 0.0780885 0.1970525 -0.2822515 -0.5404379 0.1040594 -0.3555326 -0.1459668 -0.2581116 -0.2955264 -0.3119892 -0.0738949 -0.2987892 -0.2391788 -0.1546121 0.0675893 0.4339287 0.2434427 0.3107336 0.1510674 0.0293054 0.1505810 0.0882520 0.0484395 0.1430757 0.4308698 0.3158048 0.0465078 -0.1563893 -0.3865106 0.2344995 0.3036485 0.3600160 -0.1994523 0.0107295 0.2885554 0.0984136 -0.1971512 0.0145685 0.1747485 0.0391228 -0.2630403 -0.1173306 -0.2822818 0.1092401 0.0511575 0.0370089 -0.0577135 -0.0496630 0.0862564 0.2359608 -0.1815150 -0.1639496 0.1233318 -0.1683785 0.1722626 0.0530903 0.1202988 -0.0389759 0.0080770 0.1326414 -0.1564194 0.4597728 -0.1692074 0.1696038 -0.1530192 0.0780761 0.1914819 0.1386780 0.2092384 0.2517226 -0.1492732 0.4416463 0.4261383 0.1070722 0.1396727 0.3427423 0.2441020 -0.0096580 0.3970811 -0.1595859 -0.3023377 -0.0463678 -0.4982543 0.0686915 -0.4255097 -0.0206282 0.0577186 -0.2883318 0.3655280 0.5350953 0.4265252 0.2541384 0.1284116 0.1039887 0.2923469 0.1512925 0.3704185 0.0312440 0.2075692 0.2236185 0.0094946 0.6223295 0.1123439 0.0310476 0.0641631 -0.1593367 0.1441145 0.3258166 0.0333557 0.1159166 0.1169557 -0.2378970 0.0564625 -0.3932002 -0.1863368 0.2856800 0.3111880 0.0167479 -0.2563394
0.0614743 0.1772782 0.2373646 0.2182949 -0.1513056 0.3058375 0.4531687 0.5622538 0.1852845 0.4037064 0.7769992 0.1970863 0.5107101 0.2386909 0.0445638 0.6066801 0.0000000 0.0483803 0.6384246 -0.0683498 0.1591540 0.5622708 0.6870424 -0.1236415 0.6823866 0.5080626 0.4989880 -0.3070388 0.0869330 0.1152130 0.3131687 0.6326931 -0.1914249 0.0207059 0.5416300 0.1422777 0.4091713 0.6935130 0.5252372 0.3966251 0.3277211 0.1300829 0.6001146 0.0557821 0.1248506 0.5311050 0.4758366 0.2869676 0.1137942 0.4374187 0.5707953 0.4303321 0.2711196 0.6470203 0.5110318 0.5291577 0.5027301 0.5577538 0.5319431 0.5283894 0.4018619 0.5472658 0.5071512 0.5932948 0.4213958 0.2466384 0.5162530 0.6962486 0.5733063 0.7450791 0.3195925 0.6487653 0.5812840 0.5414253 0.3984780 0.5881044 0.5677992 0.0229206 0.3992236 0.2331931 0.0973152 -0.2378380 -0.0330176 0.0018435 0.1082302 -0.0026886 0.0042397 -0.0616271 0.1067094 -0.0619014 -0.2483591 0.0387314 0.4052973 0.3634508 -0.1052336 -0.0582377 0.2644092 0.2564080 -0.0232967 0.2381707 0.0435627 -0.0577029 -0.3808212 0.2891031 -0.0569481 0.0524305 0.0017741 -0.1164732 -0.0707525 0.0727085 -0.1551246 -0.1110604 -0.3548023 0.0101917 0.0172205 -0.0854088 0.1122319 0.2862355 0.0015895 0.1097607 -0.0103094 -0.2475216 -0.1366890 0.2997934 0.3416421 0.2590591 -0.2423260 -0.2800527 0.4110127 0.0836529 0.3212218 -0.1027455 -0.0066900 0.2349964 0.0682054 -0.2627392 0.2216429 0.4446733 0.3368060 0.1199059 -0.0329563 0.1667162 0.1089902 -0.1868308 0.3233811 -0.3067237 0.3693509 0.4455131 0.4400793 0.2218095 0.1009961 -0.1959745 0.3445205 0.1569334 0.4400770 -0.0413365 -0.1363113 0.1861870 0.0013527 0.1338405 0.6393674 -0.0289932 0.1296843 -0.1996213 0.3831683 0.0579478 0.0717516 0.3576357 0.2330121 -0.2387743 0.4771395 0.4825886 0.2597541 0.5176331 0.5243051 0.6769582 0.4224488 0.6809735 0.2545650 -0.0156547 -0.1055984 -0.1412101 0.2612475 -0.1589690 0.3691146 0.3019973 -0.3175254 -0.0453370 0.4840879 0.6193591 0.0869387 0.3720166 0.4276233 -0.0231920 0.0392137 0.2106500 0.2291165 0.4728087 0.2974532 0.1050727 0.2357964 -0.1346580 -0.1379107 0.1972349 -0.2391785 -0.0012989 0.1601618 0.2809010 -0.2881493 -0.1760178 -0.2967938 0.4805833 -0.5246569 0.1351151 0.5323483 0.0477277 0.2281002 0.2662966
