0.0000000 0.3689288 0.1033835 0.3694567 0.0907623 0.3131640 0.3973018 0.2838887 0.3457950 0.2125444 -0.0504273 0.4764838 0.0749320 0.0156498 0.4749895 -0.2480355 0.2581954 0.0263713 -0.1547441 -0.4971581 0.3825973 -0.0777066 0.0023110 0.3954185 -0.0582972 0.0384014 -0.1410619 -0.1803782 0.4047247 -0.3451680 0.0253866 -0.1257420 0.2049213 0.4257595 0.0054510 0.3419608 -0.0831030 0.0304966 -0.3850787 -0.3279987 -0.2626924 0.3146566 -0.2751415 -0.0513217 0.2918580 -0.1771575 -0.2277936 -0.3197202 0.3128379 -0.0843687 -0.1879016 -0.3739533 0.4461763 -0.1823786 -0.3468766 -0.1529827 -0.1325275 0.2503305 -0.0854228 -0.1633026 0.1665144 0.2176226 -0.4685327 0.3102657 0.2975108 -0.4059826 0.3465380 0.3250050 -0.1397774 0.4121277 0.1331515 0.4585458 0.4155351 -0.0352752 0.1913202 0.3679248 0.2822547 0.2712427 0.4519980 0.3404616 0.2208476 0.1133650 0.0972793 0.1765421 0.1690159 0.1123373 0.0345983 0.1235025 0.1417652 0.1261124 0.1194395 0.2255527 0.1712809 0.1553817 -0.0100471 -0.0101575 0.0979559 0.2003876 0.0166476 0.1696921 0.0297130 0.2220215 0.1575376 0.2573357 0.0160397 0.1118576 0.2058457 0.1328781 0.2489122 0.1772651 0.0779802 0.2737209 0.5261040 0.0933909 0.1512433 0.4292026 0.1556579 0.1058153 0.4395500 0.2851788 0.1915179 0.0930429 0.2707963 0.2874030 0.3993340 0.4304545 0.2290559 0.1203878 0.4965873 0.4602178 0.4388021 0.1820484 0.2537479 0.3181891 0.3228323 0.3396737 0.5748694 0.4488203 0.5211248 0.4998286 0.0982609 0.4215207 0.5278229 0.5448726 0.5294366 0.3350794 0.4772559 0.4746171 0.5017920 0.4006785 0.4571388 0.4793580 0.2845233 0.1349808 0.1852523 0.4538838 0.2519623 0.4083569 0.4290930 0.3146594 0.2176639 0.3835120 0.0664174 0.2183663 0.3791789 0.4130317 0.2419783 0.1838091 0.2451858 0.2482617 0.1942221 0.1741416 0.4388073 0.4595431 0.4348223 0.3982615 0.4677203 0.2125599 0.5014155 0.5827987 0.4160467 0.3840937 0.2998402 0.2431560 -0.1594097 -0.0261683 -0.3145783 -0.2645477 0.0621507 0.3693697 0.4394925 0.3429598 0.2213940 0.5481943 0.4346159 0.5576794 0.4764514 0.4550832 0.2254335 0.4551049 -0.2362470 -0.2104639 -0.1276118 0.1254604 -0.2475612 -0.1120281 0.4974041 -0.4929363 -0.4854330 -0.3653465 -0.0498530 0.4544164 -0.2490583 0.1371776 0.2787114 -0.3565014 -0.1826727 -0.2827446
0.3689288 0.0000000 0.6967911 0.7084753 0.1198317 0.7818171 0.7918625 0.5476128 0.6344537 0.6279149 0.2323751 0.8107744 0.3767140 0.2301910 0.6382188 -0.0085280 0.4972407 -0.0826434 0.3568497 -0.2018163 0.9097328 0.2897021 0.1911968 0.4119409 0.1227991 0.2889081 0.0170825 -0.1151937 0.8902615 -0.3187026 0.0461378 -0.1202809 0.2738334 0.7307460 0.0017604 0.8658475 0.0307375 0.3647378 -0.4604596 -0.4448163 -0.0448810 0.7846547 -0.3229791 -0.0109947 0.7357632 -0.0256812 -0.1251195 0.1706542 0.5792479 0.3825372 -0.1648497 -0.4441565 0.7188276 0.1750191 0.2025528 0.3403988 -0.0373641 0.7639317 0.4512681 -0.0717677 0.7056204 0.4156294 -0.2442730 0.4473583 0.5346509 -0.0791290 0.5806667 0.6284813 0.1683693 0.6194722 0.3713922 0.5414108 0.7640382 0.0005392 0.4389593 0.7425068 0.4605012 0.4053780 0.7114534 0.4439469 0.3852333 0.4016270 0.6196497 0.7108141 0.6337057 0.7016144 0.3277483 0.3799336 0.6331882 0.5138892 0.4914907 0.5544037 0.6277626 0.6494795 0.5585108 0.5364770 0.4834739 0.7171443 0.6091222 0.5785575 0.5458037 0.6206256 0.4287686 0.6234112 0.4930678 0.6345610 0.6071668 0.3964699 0.6386985 0.5224353 0.5406765 0.6014900 0.5588767 0.2323105 0.4354300 0.6717621 0.3167990 0.3532905 0.6425807 0.5498664 0.3420613 0.1299476 0.3961832 0.4503178 0.6351613 0.7264266 0.2537816 0.3057021 0.6794211 0.6289526 0.6708285 0.3908693 0.2084232 0.8532708 0.5197264 0.5719076 0.7533816 0.6467969 0.6661517 0.8317605 0.4273504 0.7079236 0.7221792 0.8393077 0.6754832 0.5298318 0.6188832 0.6740590 0.7767286 0.7034985 0.6599379 0.6885413 0.4864433 0.3778062 0.3770417 0.6447629 0.5307135 0.5712443 0.7662328 0.5586693 0.4869396 0.6185896 0.0776558 0.5214436 0.5905799 0.5645774 0.3522560 0.4858891 0.6016339 0.4814120 0.4526320 0.4765681 0.5871359 0.6386372 0.6915159 0.4846776 0.6130126 0.3482668 0.7870503 0.8627906 0.6779099 0.7760519 0.8051403 0.8070181 0.3550958 0.0405214 -0.2155921 -0.2609613 0.0504738 0.2021980 0.7152304 0.2832120 0.0614646 0.6788665 0.7403204 0.7583503 0.7225844 0.3874864 0.3728917 0.7021831 -0.4807458 -0.6004808 -0.0794517 0.1322590 0.0722777 0.3529032 0.6251434 -0.5431705 -0.4852115 -0.5449515 -0.0600623 0.6767910 0.1038973 0.6025757 0.2595645 -0.4781850 -0.5163462 -0.5335682
0.1033835 0.6967911 0.0000000 0.6694771 0.5283958 0.6671573 0.7282152 0.7237989 0.4943753 0.5220780 0.4019342 0.7494873 0.7169822 0.2349075 0.5658372 0.2160194 0.2749038 0.0077862 0.5028600 0.2160498 0.6759709 0.5878745 0.3153504 0.2234016 0.5340535 0.4025767 0.0397920 -0.3521712 0.5516319 -0.4929218 0.3935888 0.3711464 -0.0784780 0.4792627 0.0220877 0.4999959 0.1724720 0.6347971 -0.5430286 -0.6414966 0.2279170 0.3408485 -0.1910661 -0.4295766 0.3363495 0.3200626 -0.0136692 0.3725783 0.1248083 0.2637425 -0.0881267 -0.4100421 0.6292433 -0.1258690 0.2563914 0.1310765 0.0890991 0.4701807 0.4239127 0.0134898 0.7776795 0.1694516 0.0294111 0.6737021 0.7965591 0.1326076 0.4384071 0.3443055 0.3312959 0.6508518 0.7471101 0.7288868 0.6371426 0.4934223 0.6806840 0.7300097 0.7071650 0.7457609 0.7180385 0.6734009 0.7206735 0.1264451 0.4102726 0.5647378 0.4522529 0.5071609 0.4051650 0.1304507 0.5057410 0.3137716 0.3181585 0.3564916 0.3712067 0.4849778 0.5275113 0.7656120 0.3468953 0.4531327 0.4985316 0.4541458 0.5253299 0.2498971 0.1101831 0.6141607 0.3865638 0.5371454 0.3170148 0.1376390 0.3465681 0.2770926 0.2746783 0.3548156 0.3178474 0.0277882 0.1826890 0.4963697 0.0217207 0.0592276 0.4286613 0.2274253 0.0439267 -0.1754270 0.1435227 0.1003325 0.4448314 0.4277744 -0.0322755 0.2477817 0.3492823 0.3471084 0.4951184 0.0728727 0.0539742 0.7547261 0.1221314 0.3964401 0.3913192 0.3943062 0.3788922 0.5561078 0.1632399 0.3759607 0.4668442 0.7801002 0.4013924 0.1746072 0.3936245 0.3177934 0.4848281 0.3575700 0.5012296 0.6334584 0.2916037 0.2407440 0.1073940 0.4659657 0.3716550 0.2448399 0.4546853 0.4741724 0.2885131 0.3413995 -0.1495458 0.4066366 0.3489093 0.3364833 0.0942610 0.3163775 0.3446636 0.3561419 0.1802904 0.2566527 0.5450520 0.6896122 0.7004895 0.6308235 0.6857859 0.4869193 0.6419347 0.5046181 0.6406093 0.5816687 0.5062330 0.6430126 0.3287350 0.3895826 0.0297883 0.0742721 0.4964797 0.3857679 0.4575915 0.6039617 0.2802659 0.5979132 0.4570739 0.5302305 0.4477901 0.4833887 0.6871267 0.3992360 -0.2342152 -0.5935295 -0.2964003 0.0381734 -0.0207553 0.4126098 0.2241436 -0.3015311 -0.1847436 -0.3849086 -0.3571852 0.4959880 0.0919500 0.6263168 -0.0315221 -0.1186049 -0.2895655 -0.2867958
0.3694567 0.7084753 0.6694771 0.0000000 0.1781083 0.9306691 0.8856099 0.8812160 0.8438866 0.7738528 0.5843070 0.8763529 0.6455678 0.2862455 0.8429836 -0.0231944 0.5408645 0.1454393 0.3350323 -0.2050662 0.7664988 0.4008791 0.2093557 0.6141116 0.3127083 0.4567939 0.1244928 -0.1225639 0.7477382 -0.3587276 0.1179359 -0.0910775 0.3222049 0.8285414 0.1529471 0.6913822 0.2591097 0.3095937 -0.4365509 -0.4449260 -0.1564069 0.5357324 -0.1444035 -0.1674715 0.6245414 0.1874508 0.0515198 -0.1174876 0.5813155 0.2969881 0.0057819 -0.3588261 0.9217809 0.1231277 -0.1771404 0.1489574 0.1285367 0.7488418 -0.0397049 0.0521299 0.5635563 0.5447040 -0.6129241 0.8384713 0.6627604 -0.2640530 0.7751164 0.7111463 -0.3152581 0.8518432 0.3265466 0.7965210 0.7465709 0.0918194 0.3253220 0.6498501 0.7018728 0.4227469 0.7806484 0.7024356 0.5321071 0.3217907 0.4053911 0.5979322 0.5680712 0.4800167 0.1200994 0.5263064 0.5742594 0.5774101 0.3102668 0.4506743 0.4484792 0.5009849 0.4777479 0.5305336 0.4668775 0.5786835 0.3883539 0.6800077 0.5453929 0.3426406 0.1015488 0.7272513 0.5723520 0.6512765 0.3007027 0.0069663 0.5219409 0.1698592 0.4224747 0.4218220 0.4808572 -0.0450681 0.1073932 0.6173390 0.0637499 0.0284182 0.7073864 0.2761109 0.0828041 -0.1430546 0.5460855 0.3728982 0.2610510 0.5198912 0.0534178 0.4093968 0.4214890 0.4589050 0.3681727 0.4608514 0.2242610 0.7039033 0.4274984 0.5662594 0.5360073 0.3959570 0.3804639 0.6321952 0.3364317 0.5354268 0.5888679 0.7514248 0.5629861 0.4791378 0.5270276 0.5151026 0.5984993 0.4741199 0.5266757 0.8409088 0.4735629 0.4812938 0.2155860 0.8552636 0.6435778 0.5569577 0.6672573 0.5539798 0.6369626 0.5577852 0.2333998 0.6594930 0.6744877 0.7274198 0.4274065 0.5903837 0.4935941 0.5295441 0.5110544 0.5384283 0.6997178 0.8373682 0.8327905 0.5357797 0.4687386 0.1773948 0.5064321 0.6309527 0.6707351 0.7301661 0.6226876 0.6114018 -0.1729576 -0.1154467 -0.5559328 -0.5248239 0.2637740 0.4699139 0.5587856 0.6130768 0.4059384 0.6052166 0.6165595 0.6167918 0.5524087 0.5086535 0.4758118 0.4675612 -0.3785784 -0.2752781 0.0512012 0.2155596 -0.4375039 -0.0935589 0.2367040 -0.5266158 -0.3657448 -0.3059187 -0.0265754 0.5866845 -0.3854222 0.2717804 -0.2749113 -0.4824756 -0.3648840 -0.4083097
0.0907623 0.1198317 0.5283958 0.1781083 0.0000000 0.0119178 0.2659477 0.3120538 -0.1068398 -0.1666002 0.1891904 0.3398035 0.3894003 -0.1032292 0.0157210 0.3162008 -0.2670596 -0.1512107 0.1301243 0.4595883 0.2471762 0.2799146 0.2826784 -0.2573726 0.2521177 0.3060250 -0.1872606 -0.2558829 0.0091369 -0.2325304 0.6842652 0.4437600 -0.3504373 -0.1009430 0.1945902 -0.0480167 0.3109756 0.1342525 -0.1454457 -0.1565326 0.2578811 -0.2050175 0.0428499 -0.1156815 -0.0764402 0.1858603 0.0831929 0.0689741 -0.1302527 -0.3791459 0.0382797 -0.0453525 0.2005602 -0.2072311 -0.1278906 -0.2441519 0.1841432 -0.1484316 0.1191076 0.0683765 0.5188621 -0.1167948 0.2836810 0.3313849 0.7318193 -0.0111983 -0.0785732 -0.1072297 0.2265019 0.2170661 0.5475186 0.5207193 0.1883633 0.8315613 0.3175472 0.3647066 0.4578845 0.7059952 0.3686276 0.4256680 0.6956884 -0.2083567 -0.1689615 -0.0304338 -0.1608555 -0.0973237 -0.1323504 -0.3220833 -0.1902814 -0.2396904 -0.4206746 -0.3480391 -0.3456195 -0.1708955 -0.1611229 0.1038954 -0.2618525 -0.2664142 -0.1928977 -0.1252479 -0.2135294 -0.3664581 -0.3510670 0.1688370 -0.2808558 -0.1943816 -0.2382505 -0.2811668 -0.3143671 -0.2372001 -0.3832731 -0.2144198 -0.1690840 -0.3473653 -0.3533852 -0.1416288 -0.4264089 -0.4085499 -0.1410583 -0.2919257 -0.4096482 -0.4169075 -0.1744656 -0.3286905 -0.0542047 -0.0186555 -0.4353218 -0.1537092 -0.0108450 -0.1695946 0.0167898 -0.0977683 -0.1952948 0.1537480 0.1284821 -0.0030879 -0.0395757 0.0690485 0.0953845 -0.0147094 -0.0249611 -0.0896290 0.0444517 0.3203081 -0.0633300 -0.1863273 0.1111652 0.0063222 0.0178757 -0.0922156 0.0262909 0.1572974 -0.0372335 -0.2747841 -0.0969183 0.0444934 -0.2351067 -0.1931493 -0.1202988 -0.1530077 -0.2923424 -0.1550471 -0.0612592 -0.2143826 -0.2537749 -0.1348120 -0.2265859 -0.3102712 -0.1677856 -0.1853574 -0.4295055 -0.3004072 0.1972260 0.3583559 0.4192957 0.6581059 0.6631242 0.4581240 0.4905380 0.1036249 0.1645339 0.0105636 -0.0957236 0.0363574 0.2119172 0.6732280 0.1975535 0.3664440 0.7715482 0.5655186 -0.0151792 0.5968877 0.4433893 0.4437836 0.0335953 0.1747858 0.0109846 0.3900110 0.6668393 -0.0240722 0.3329979 -0.0220286 -0.0805968 0.3096459 0.2486468 0.3597205 -0.1195479 0.0353248 0.2570269 0.2171672 -0.0478545 0.3287234 0.2925407 0.4959705 0.0509144 0.3432394 0.2276559 0.2142565
0.3131640 0.7818171 0.6671573 0.9306691 0.0119178 0.0000000 0.8870187 0.8317501 0.9379276 0.8423713 0.4997525 0.8849156 0.5773832 0.3980287 0.8998738 -0.0558467 0.6110987 0.2288084 0.3562842 -0.3214615 0.8322233 0.4474108 0.2443844 0.7131597 0.3514367 0.4382315 0.2256568 -0.0487212 0.8286270 -0.2849305 -0.0177072 -0.0635757 0.4565601 0.8974658 0.1185553 0.7870346 0.1977999 0.4631574 -0.4048296 -0.4425397 -0.0544575 0.6105049 -0.1573113 -0.1344813 0.6642307 0.1956903 0.0305632 0.0778613 0.6495184 0.5063972 -0.0168898 -0.3879644 0.9169600 0.1621467 0.0428317 0.2741823 0.0891098 0.8715087 0.0231989 0.0501781 0.5534380 0.6033199 -0.5969259 0.7838890 0.5469475 -0.2097373 0.8457361 0.7934942 -0.2519538 0.8570774 0.3217494 0.7137233 0.8452386 -0.0814256 0.3332674 0.6792930 0.6304959 0.3516660 0.7599021 0.6186012 0.4096168 0.4239368 0.5524108 0.6912838 0.6800578 0.6037989 0.3593749 0.5760146 0.6841195 0.6522312 0.5619206 0.6007511 0.5830951 0.6118058 0.6315377 0.6011677 0.5869599 0.6896068 0.5587092 0.7229726 0.6605773 0.4777660 0.2269836 0.6689198 0.6809755 0.7611416 0.4620533 0.1637802 0.6611840 0.3297386 0.5505793 0.5657982 0.5396081 0.0697404 0.2546859 0.6969059 0.1887199 0.1785587 0.7461742 0.4373578 0.2305629 -0.0480407 0.6141266 0.4821794 0.4559713 0.6160646 0.1872676 0.4687375 0.5544364 0.6078311 0.5353799 0.4411824 0.2642406 0.8485808 0.3935615 0.6292374 0.6429557 0.5331396 0.5018468 0.7654636 0.3593107 0.6794087 0.6644368 0.8128606 0.6589619 0.5139639 0.6338328 0.6292999 0.7008888 0.6272418 0.6366158 0.8500717 0.5937002 0.5472516 0.3081150 0.8542675 0.7133931 0.6410364 0.7735026 0.6558454 0.7214053 0.6920370 0.2210959 0.7174463 0.7955267 0.7631248 0.4929586 0.6769045 0.6160401 0.6315744 0.6178452 0.6352650 0.6995311 0.8405960 0.8193089 0.4620898 0.4448894 0.2053883 0.5563408 0.7025297 0.6897422 0.8006414 0.6771407 0.6856707 -0.0849695 -0.2627268 -0.5294637 -0.5583154 0.0887824 0.3329235 0.6428599 0.4806834 0.3086085 0.5773706 0.6904160 0.6682469 0.6680181 0.5360886 0.4026357 0.5834653 -0.4752947 -0.4275109 -0.0504560 0.1098212 -0.3813766 -0.0263793 0.3985480 -0.5951191 -0.4850148 -0.4567149 -0.0916699 0.6132111 -0.2969157 0.3578989 -0.1286456 -0.5810147 -0.5008447 -0.5064844
0.3973018 0.7918625 0.7282152 0.8856099 0.2659477 0.8870187 0.0000000 0.7456269 0.7970939 0.6705714 0.4661128 0.9535303 0.5593083 0.3853620 0.8893780 0.1496808 0.5167308 0.1680237 0.3530040 -0.1935014 0.8540638 0.4210142 0.3462267 0.6351586 0.2565642 0.4261529 0.2889502 -0.0637891 0.7713781 -0.2279031 0.2250032 0.0358427 0.3857897 0.7631956 0.2470024 0.6652669 0.3110524 0.3997902 -0.3336604 -0.4044533 -0.0320170 0.4571737 -0.0482183 -0.1057355 0.5307013 0.1678325 0.0701065 0.0448688 0.5923125 0.3024355 0.0531497 -0.2843708 0.8720763 0.1143094 -0.0714481 0.1570241 0.1663270 0.7075180 0.0092558 0.1315880 0.5742239 0.4903615 -0.4445816 0.7663029 0.7339742 -0.2176150 0.6966747 0.5979279 -0.1076010 0.8024299 0.5028928 0.8095326 0.7915643 0.1993265 0.4307240 0.6982125 0.7834847 0.5847827 0.7501534 0.7020157 0.5851151 0.2721900 0.4153372 0.5135153 0.4360336 0.4342837 0.1493184 0.2818075 0.4271846 0.3579892 0.2824083 0.3673135 0.3515583 0.4255263 0.4030418 0.4665550 0.2598532 0.5381195 0.3285579 0.5022547 0.4145458 0.2852766 0.1676112 0.5811047 0.3483381 0.5219076 0.3420346 0.1385293 0.4040528 0.2697222 0.2894101 0.4333498 0.4836250 0.0442633 0.1652336 0.6325683 0.0890395 0.0874920 0.6656047 0.2887177 0.1102545 -0.1023176 0.4243639 0.3185786 0.3953657 0.4609735 0.0515421 0.2501150 0.4153622 0.4559062 0.4869265 0.3415620 0.1055536 0.7507244 0.3548974 0.5004185 0.5324184 0.4327936 0.4509605 0.6637371 0.3084083 0.5015948 0.6022793 0.8367150 0.5169269 0.3795809 0.4992282 0.4692122 0.6196782 0.4732772 0.5869550 0.7585240 0.4298021 0.3729733 0.2788231 0.8197753 0.4467932 0.4341707 0.5887829 0.4911796 0.4896658 0.4918478 0.1726600 0.4773991 0.5665871 0.5802507 0.2990591 0.3921991 0.3699352 0.3530283 0.3019999 0.3363781 0.7976073 0.8978815 0.8311718 0.6672197 0.6784820 0.4117563 0.7141940 0.7261517 0.7311393 0.7008183 0.5116927 0.6269222 -0.0594560 0.0212068 -0.4347680 -0.3834263 0.3951639 0.5339328 0.5247963 0.6550751 0.4708181 0.6997573 0.5628281 0.6580280 0.5839978 0.6123161 0.5532889 0.4421806 -0.2099956 -0.3707023 -0.0609735 0.4066846 -0.2254894 0.1518717 0.3231011 -0.4295136 -0.2704912 -0.3115650 -0.0539686 0.7458719 -0.1201822 0.5522103 -0.0298042 -0.2750958 -0.2129422 -0.3157437
0.2838887 0.5476128 0.7237989 0.8812160 0.3120538 0.8317501 0.7456269 0.0000000 0.7693770 0.7367842 0.6898249 0.8153000 0.8732379 0.2772169 0.7653596 0.1115478 0.4863061 0.1577507 0.5097786 0.0697380 0.6799907 0.6643855 0.2712073 0.4728885 0.6193606 0.4998226 0.0432243 -0.3002336 0.6642160 -0.5223648 0.3359505 0.1499720 0.1569765 0.7497179 0.0813369 0.5339914 0.1925236 0.5164867 -0.4969366 -0.5475493 0.0164062 0.3780823 -0.1622958 -0.3921089 0.5500308 0.4198115 0.0484062 0.0327892 0.3457180 0.2986738 -0.0499698 -0.4294208 0.8940649 -0.0484557 -0.1146396 0.1108484 0.0869179 0.6452617 0.0218526 -0.0333834 0.6552742 0.4265328 -0.5649689 0.9372660 0.7164517 -0.2522565 0.7389700 0.6756152 -0.2347148 0.9148758 0.4988693 0.8657784 0.7684282 0.2040910 0.4440865 0.7210228 0.7289879 0.5564808 0.8365060 0.8284509 0.6814742 0.2446407 0.3742544 0.5981807 0.5757496 0.4406312 0.2556905 0.5127599 0.5871256 0.5759816 0.3091481 0.3391911 0.3518989 0.5062391 0.5313166 0.5971494 0.4182226 0.4179210 0.4173867 0.7208408 0.5935806 0.2004118 -0.1155831 0.7788412 0.5601185 0.6548897 0.1701760 -0.1417105 0.4550019 0.0662450 0.3550735 0.3004022 0.3629352 -0.1872099 0.0106152 0.5092772 -0.1052998 -0.0754054 0.6012046 0.2293516 -0.0288859 -0.3288126 0.2814052 0.2924156 0.2855932 0.5076104 -0.1044147 0.2487459 0.4333710 0.3076864 0.4119038 0.2515496 0.1350275 0.6676062 0.2303032 0.3876861 0.4243039 0.4249730 0.3344979 0.5589376 0.0646027 0.4970399 0.4491163 0.6939613 0.5373856 0.2119714 0.5535047 0.4444677 0.5137739 0.3823535 0.3885886 0.7657741 0.5069629 0.2416819 -0.0359058 0.6712475 0.5294091 0.5176747 0.5623755 0.4739367 0.4401796 0.5051592 0.1555852 0.5590855 0.6290024 0.6752591 0.2889127 0.5584178 0.5088248 0.5983988 0.4978203 0.5714671 0.5754862 0.8671257 0.8997126 0.6552206 0.5353136 0.3103793 0.4817470 0.5554244 0.6464646 0.7317552 0.5676449 0.6480044 -0.1107819 -0.0478336 -0.4257387 -0.3710688 0.4109122 0.5948397 0.5265179 0.7554043 0.5717903 0.5889764 0.5866845 0.6050311 0.5459178 0.6392035 0.6794311 0.4515127 -0.3648286 -0.2624950 -0.0818295 0.1389965 -0.4777800 -0.1276592 0.1891116 -0.4369248 -0.3264721 -0.2324616 -0.2260635 0.5294024 -0.4508290 0.2150642 -0.3265029 -0.4052521 -0.3113004 -0.2917534
0.3457950 0.6344537 0.4943753 0.8438866 -0.1068398 0.9379276 0.7970939 0.7693770 0.0000000 0.7765465 0.5489308 0.8163606 0.4522711 0.5118969 0.9408892 -0.0830395 0.6193675 0.5128756 0.2340505 -0.4429940 0.7331319 0.3961089 0.3164314 0.8646825 0.3448570 0.4777882 0.3623142 0.1651307 0.7496457 -0.0968228 -0.0457945 -0.0129016 0.6309388 0.9040927 0.2461128 0.7049191 0.2760986 0.4713668 -0.2206047 -0.2654832 -0.0101023 0.4983831 0.0016775 -0.0318112 0.6130114 0.2898702 0.1381078 0.0519930 0.6837318 0.5717480 0.0841771 -0.2416801 0.8776858 0.2302730 0.0055223 0.3185893 0.1647740 0.8610370 -0.2116901 0.1378356 0.3838900 0.6570363 -0.6946242 0.7244289 0.3921302 -0.2353222 0.8389923 0.7933030 -0.3453474 0.7982700 0.3064666 0.6210332 0.7764865 -0.2594869 0.3228114 0.5266637 0.5242333 0.2970241 0.6111410 0.5341574 0.2428917 0.4060082 0.4361484 0.5615794 0.5847176 0.4722224 0.3670370 0.5372210 0.5873261 0.5745588 0.5809991 0.5810932 0.4907417 0.4522520 0.4973109 0.4457501 0.5779742 0.5546934 0.4540300 0.5917630 0.5652661 0.3520096 0.0742027 0.4869513 0.6664227 0.6297342 0.3258328 0.0272424 0.5986190 0.1927315 0.4658633 0.4347295 0.4031892 -0.0548201 0.1222525 0.5422030 0.0579484 0.0712493 0.6115036 0.2979005 0.0938025 -0.1592657 0.6145482 0.3715966 0.3654523 0.4940391 0.0701831 0.3801991 0.4927944 0.4800791 0.4187163 0.3367954 0.1237797 0.7199972 0.2939064 0.5164548 0.5399545 0.4594220 0.4088084 0.6852433 0.2421276 0.6420483 0.5982360 0.7252382 0.5861333 0.3682643 0.6071646 0.6261911 0.6361624 0.6007076 0.5626323 0.8002714 0.5933075 0.4780779 0.3771966 0.8851442 0.6501356 0.6099465 0.7182935 0.5857848 0.7438075 0.6845563 0.3664333 0.6453181 0.7967288 0.8039966 0.4710077 0.5987482 0.5025509 0.5825603 0.5740937 0.5865932 0.5721476 0.7823914 0.7729812 0.3452872 0.3012462 0.0629332 0.4446963 0.5733400 0.4676991 0.6523965 0.5380119 0.5127558 -0.3205155 -0.4602498 -0.6805286 -0.6866638 0.0093705 0.3712591 0.4774064 0.4053135 0.3411145 0.4083095 0.5467519 0.5318162 0.5910836 0.4871199 0.2614387 0.4677531 -0.4047082 -0.3035192 -0.1070752 0.1249820 -0.4054907 -0.2205856 0.3504307 -0.6475304 -0.4614261 -0.3784368 -0.1423314 0.5425483 -0.3053094 0.3036938 -0.0913355 -0.5847597 -0.4305911 -0.4459176
0.2125444 0.6279149 0.5220780 0.7738528 -0.1666002 0.8423713 0.6705714 0.7367842 0.7765465 0.0000000 0.6202765 0.6803834 0.6220746 0.6008592 0.7270193 0.0361736 0.8578233 0.1756562 0.3949520 -0.2629352 0.6604390 0.4811731 0.3826024 0.4981795 0.5082221 0.4111085 0.3020674 -0.2817349 0.7272569 -0.3948211 -0.0793347 0.0184974 0.2415654 0.8210748 0.0975794 0.6255383 0.0484305 0.4721085 -0.3864323 -0.4669713 -0.0705932 0.5142738 -0.1265549 -0.3307139 0.5786533 0.2080876 -0.0381711 0.1213907 0.4334249 0.5037614 -0.0951415 -0.3675454 0.7897830 0.2507516 0.1757776 0.2483084 -0.0614809 0.8514775 0.1885050 -0.0525052 0.5061781 0.5628494 -0.4344588 0.7340683 0.4378752 -0.0409728 0.7128972 0.8293392 -0.0983887 0.8436140 0.2351971 0.5787581 0.7391319 -0.0482925 0.4343168 0.6495949 0.5128924 0.2318713 0.6396383 0.4988891 0.3696955 0.4618272 0.5833523 0.6126614 0.6014394 0.5447244 0.4255209 0.6216726 0.6409338 0.6302642 0.4934757 0.4973181 0.5493973 0.6775771 0.5647748 0.6222816 0.5228066 0.5802337 0.4921137 0.6901775 0.6336601 0.4591764 0.3262147 0.6943906 0.6866034 0.7190444 0.4583179 0.2620047 0.6226517 0.4246669 0.5051176 0.5367630 0.5106429 0.2420382 0.4160064 0.6591998 0.3373794 0.3356663 0.6676595 0.5287855 0.3772202 0.1277925 0.3976275 0.4515924 0.4373596 0.5658077 0.3411857 0.3802908 0.5002003 0.5715101 0.5391982 0.2778142 0.4085157 0.6287892 0.1461331 0.4584279 0.5323812 0.4888347 0.4041088 0.6645984 0.2314266 0.5780121 0.4514049 0.5682722 0.5577130 0.4372420 0.5141796 0.4397783 0.5177717 0.5402665 0.5635397 0.6873101 0.5046105 0.5430212 0.0991628 0.6103393 0.6678040 0.5382120 0.6587986 0.6408943 0.6009645 0.6726027 0.0499589 0.6921816 0.7073245 0.6149589 0.3068403 0.7009014 0.7434942 0.7499123 0.6631066 0.6955598 0.3681536 0.6208513 0.6869782 0.3181032 0.2943389 0.2313636 0.4304728 0.6091632 0.6038099 0.7258714 0.5887058 0.6805446 0.1036471 -0.1479329 -0.2650448 -0.3571414 -0.0184317 0.2071544 0.6259016 0.3824060 0.2171397 0.4287889 0.6198070 0.5629138 0.5349858 0.4310639 0.3202717 0.5327093 -0.4693051 -0.3751534 0.0069995 -0.0647680 -0.3756506 -0.0133992 0.3709761 -0.3332253 -0.4767309 -0.4468034 -0.1373122 0.3636121 -0.3814976 0.1848837 -0.0174364 -0.5919527 -0.4186984 -0.3086729
-0.0504273 0.2323751 0.4019342 0.5843070 0.1891904 0.4997525 0.4661128 0.6898249 0.5489308 0.6202765 0.0000000 0.4768736 0.6687400 0.6318673 0.5055318 0.5258671 0.6520352 0.4691606 0.5133506 0.1848091 0.3843296 0.6460293 0.6849860 0.3114696 0.6391372 0.7286008 0.4564239 -0.0603570 0.3655982 -0.0928268 0.5357750 0.3846394 0.1084189 0.4712913 0.5040565 0.1882487 0.4744514 0.4493055 0.0544289 -0.0768794 0.2854624 -0.0204199 0.3666416 -0.2324792 0.2467665 0.5937707 0.3692664 0.1547521 0.2063765 0.3120698 0.2465902 0.1278406 0.5783437 0.4528050 0.0221648 0.2554812 0.2976109 0.5697408 -0.1863797 0.2230206 0.3098867 0.5129244 -0.3335881 0.6360652 0.4308781 0.0502347 0.5114154 0.5741467 -0.1191353 0.6779350 0.4242726 0.4756227 0.4710545 0.1799458 0.4968275 0.3816097 0.4870561 0.3818453 0.3339221 0.4584029 0.4138968 0.2354946 0.1067288 0.1709407 0.1301789 -0.0102762 -0.0160974 0.2986681 0.1152478 0.1639956 -0.0512749 -0.0407794 -0.0159934 0.1638046 -0.0090688 0.2001499 0.1208469 -0.0140911 -0.0208846 0.3007042 0.2035286 -0.2056544 -0.2921155 0.4188971 0.3319118 0.1641415 -0.1665486 -0.2932628 0.0462527 -0.1313429 -0.0523746 -0.0895856 -0.0752012 -0.2136333 -0.0997645 0.0862725 -0.2190435 -0.1106372 0.2310102 -0.0802636 -0.2315987 -0.3283411 -0.0415439 -0.0386871 -0.0761401 0.0150122 -0.3234885 -0.2058769 0.0458973 -0.1476921 0.0274341 -0.0411471 -0.1036062 0.1689398 -0.0571938 -0.0960100 -0.0398190 0.0948120 -0.0517777 0.1490987 -0.1461479 0.1628413 0.0426505 0.2423227 0.1110762 -0.1693349 0.2267518 0.1100824 0.0932721 0.1054716 0.0684241 0.4136805 0.3539291 0.0302549 0.0007070 0.5127873 0.1775031 0.2060185 0.1952487 0.1540224 0.2029601 0.2963699 0.4169789 0.2681411 0.3406365 0.4698500 0.0236459 0.2688220 0.2548090 0.3836501 0.2488978 0.3887359 0.0057472 0.5221801 0.6551019 0.4284996 0.2231299 0.1845057 0.2232474 0.1789127 0.1109197 0.2620508 0.1023970 0.3423007 -0.1873743 -0.0515966 -0.2691550 -0.2089733 0.3893632 0.5556841 0.0448220 0.5419808 0.5682835 0.1090775 0.0697154 0.0895997 0.0815119 0.2443726 0.3562420 -0.0220104 0.0579038 0.1095737 0.0202355 0.2522413 -0.1097684 -0.1596332 -0.0623142 -0.0723728 0.0612503 0.0889391 -0.1319696 0.1765490 -0.1718547 0.1149922 -0.1227479 -0.1649879 0.0787015 0.1811102
0.4764838 0.8107744 0.7494873 0.8763529 0.3398035 0.8849156 0.9535303 0.8153000 0.8163606 0.6803834 0.4768736 0.0000000 0.6016545 0.3469030 0.8867345 0.0887234 0.4929037 0.1717951 0.3405454 -0.1947785 0.9220823 0.4533131 0.3400458 0.6088239 0.3470514 0.4612163 0.1447726 -0.1168223 0.8486284 -0.3365072 0.2465054 0.0792213 0.3676532 0.8385003 0.2133648 0.7396649 0.2633004 0.4578640 -0.4042925 -0.4351425 -0.0574567 0.5465853 -0.1323588 -0.1046081 0.6566739 0.2428302 0.0493874 0.0218294 0.5929058 0.3217795 -0.0002858 -0.3673668 0.9357300 0.0526880 -0.0552884 0.2001700 0.1348169 0.7270117 0.0700375 0.0780926 0.7051574 0.5037821 -0.4635916 0.7994301 0.7776372 -0.2614920 0.7122127 0.6822723 -0.0556428 0.8434300 0.5754174 0.8740483 0.8697068 0.1855017 0.5116790 0.7872862 0.7543202 0.6775780 0.8545870 0.7744226 0.6486511 0.2396116 0.4223384 0.5862157 0.5217556 0.5274522 0.2792742 0.3087925 0.5269487 0.4395155 0.3591055 0.4128310 0.4009925 0.4695246 0.4718968 0.5381930 0.3400422 0.5529848 0.4233412 0.5432747 0.4778372 0.3315003 0.1067282 0.6504857 0.4290938 0.5843143 0.3602494 0.0894200 0.5095983 0.2587450 0.3706191 0.4489657 0.4769960 -0.0447024 0.1283849 0.6111997 0.0168439 0.0369782 0.6249055 0.3090481 0.0680700 -0.1809152 0.3986073 0.2776877 0.4671244 0.5839851 0.0063761 0.2639177 0.5475935 0.4770243 0.5578589 0.3177199 0.0864475 0.7906014 0.3831864 0.5305503 0.6064561 0.5381514 0.5402044 0.7463042 0.2938476 0.5999489 0.6498978 0.9096354 0.5865656 0.3457488 0.6234995 0.5839688 0.6941648 0.5758889 0.6253516 0.8219018 0.4955020 0.3245236 0.2788742 0.7838119 0.4709221 0.4759017 0.6619512 0.5185786 0.4926176 0.5825403 0.1091379 0.4884313 0.6114976 0.6116399 0.2413543 0.4085498 0.4639889 0.4514812 0.3359739 0.4035788 0.7356071 0.9132577 0.9243242 0.7229568 0.7583013 0.4306145 0.8083931 0.7722863 0.6990948 0.7382325 0.6168675 0.6612947 -0.0114559 0.0274756 -0.4627744 -0.3909502 0.4077493 0.6302491 0.6013063 0.6932139 0.5126751 0.7917581 0.6696787 0.7698140 0.6947096 0.7112439 0.6450407 0.5629348 -0.3044345 -0.4283386 -0.1012811 0.3534824 -0.2649649 0.0703038 0.4036186 -0.5611306 -0.3858786 -0.3367457 -0.1376662 0.8207098 -0.1742914 0.5855260 0.0517030 -0.3791609 -0.2850576 -0.3569189
0.0749320 0.3767140 0.7169822 0.6455678 0.3894003 0.5773832 0.5593083 0.8732379 0.4522711 0.6220746 0.6687400 0.6016545 0.0000000 0.2594817 0.5105203 0.3309253 0.4397412 -0.0486460 0.6853683 0.4513424 0.4658879 0.8137299 0.3105132 0.1422728 0.7402282 0.3734363 0.0552723 -0.5032234 0.4592321 -0.5940263 0.5149079 0.3059569 -0.1286913 0.4901212 -0.0146334 0.2464987 0.0661621 0.5698607 -0.4717209 -0.5842009 0.1813023 0.1449066 -0.1326932 -0.5788285 0.3161479 0.4753703 0.0146453 0.2449105 0.0436825 0.1847648 -0.0964534 -0.3908658 0.6743167 -0.1222917 0.0200222 0.0433115 0.0181283 0.4277357 0.2493233 -0.1059106 0.6454376 0.1689392 -0.2609666 0.8449227 0.7313599 -0.0828446 0.4933382 0.4456579 0.0101877 0.8048331 0.5749230 0.7498070 0.5988609 0.4444406 0.5064624 0.6987388 0.7146630 0.5854139 0.7210804 0.7852216 0.7860813 0.1425975 0.3393359 0.4655280 0.4066910 0.3160539 0.2263423 0.3690255 0.4357236 0.4082575 0.1310088 0.0717633 0.1494194 0.4585108 0.4774952 0.5948562 0.1499666 0.2029526 0.3224763 0.6206006 0.4839192 0.0287875 -0.1907043 0.7531944 0.3468048 0.5167126 0.0218685 -0.1674392 0.2084003 0.0134164 0.1660332 0.1175503 0.2072981 -0.1777630 -0.0017521 0.3552381 -0.1661671 -0.0997173 0.4230042 0.1508806 -0.0828808 -0.3680983 -0.1316244 0.1601426 0.1986513 0.3476384 -0.2019362 -0.0339980 0.2442473 0.0729971 0.3484266 -0.0367356 0.0283360 0.4779494 -0.0619534 0.0642160 0.1781896 0.2725051 0.1416022 0.3286462 -0.2399114 0.2390771 0.1345625 0.4679382 0.3348436 -0.0479771 0.2981590 0.1120991 0.2463927 0.0837615 0.1260504 0.4695776 0.2793314 -0.0527427 -0.4079180 0.3482266 0.2355593 0.2796574 0.2678386 0.2348831 0.0520569 0.2026467 0.0041837 0.2905113 0.3283225 0.3902127 0.0434164 0.3615217 0.3688819 0.4285849 0.3077197 0.3944037 0.4072448 0.6927575 0.7272663 0.6579079 0.5218002 0.4536506 0.3698195 0.4452789 0.6491683 0.6325790 0.4019784 0.6400551 0.1033858 0.2485076 -0.0717312 -0.0280868 0.5309345 0.5014714 0.3886667 0.7676682 0.5609259 0.4606442 0.4136928 0.4527878 0.3401315 0.5662558 0.7718676 0.2821809 -0.1830358 -0.1573998 -0.0394787 0.1501412 -0.3253734 0.0968626 0.0369119 -0.0241985 -0.0651731 -0.0683261 -0.2225659 0.3356214 -0.3560173 0.1876451 -0.3435032 -0.0919489 -0.0868227 -0.0328099
0.0156498 0.2301910 0.2349075 0.2862455 -0.1032292 0.3980287 0.3853620 0.2772169 0.5118969 0.6008592 0.6318673 0.3469030 0.2594817 0.0000000 0.4988717 0.3663727 0.7645601 0.6726175 0.2105980 -0.1888776 0.2791608 0.4348416 0.8470498 0.4402161 0.5103632 0.5451125 0.8387840 0.1729365 0.2360723 0.2573959 0.1375512 0.4903851 0.3198144 0.4306765 0.6084414 0.1518076 0.4172340 0.5502448 0.2992308 0.0940303 0.4425074 -0.1198807 0.5300121 -0.0367199 0.0291319 0.4189150 0.3490406 0.4660186 0.3032788 0.5035393 0.3162130 0.2627473 0.3956195 0.5375826 0.4167200 0.3259058 0.2649461 0.6068397 -0.1176705 0.3506535 0.1008235 0.5054648 -0.0147659 0.3769996 0.2185373 0.3062945 0.3668382 0.4902930 0.1428693 0.5020822 0.3561989 0.1824267 0.3955329 0.0523537 0.5159317 0.2807618 0.3540905 0.2169303 0.0528761 0.1029222 0.0760208 0.3382093 0.2140812 0.0127522 -0.0100521 -0.0410961 0.3576114 0.1508218 0.0016236 0.0107260 0.2227915 0.1189087 -0.0358471 0.0907551 -0.0285882 0.1425976 0.1178724 -0.0589577 -0.0326368 -0.0003940 0.0268856 -0.1598597 -0.0442521 0.0271935 0.2374733 0.0235287 -0.0208134 -0.0044307 0.0119273 0.0713150 -0.1274595 0.0075011 -0.0615729 0.0252886 0.0718104 0.0468783 -0.0208224 0.0350343 0.0278256 0.0128002 -0.0408715 -0.1071577 0.0604774 -0.0781490 0.1145846 -0.0175118 -0.0331541 -0.1116574 0.0800604 0.0671278 0.1549702 -0.2965944 -0.0997609 0.1870078 -0.3153741 -0.0908817 0.0173728 0.1147118 0.0120503 0.1993362 -0.1946075 0.1601783 0.0511811 0.2042513 0.0269528 -0.1066471 0.1304248 0.0984042 0.0992744 0.1902824 0.2118654 0.1916005 0.1575984 0.1347911 0.1539824 0.4107806 0.0899494 0.0266794 0.1744431 0.1298189 0.2215720 0.2679652 0.2754822 0.0948465 0.2155293 0.2213984 -0.0171300 0.0613097 0.1866874 0.2333796 0.0625669 0.1089204 -0.0569429 0.2743935 0.3673174 0.0833903 0.0788973 0.1192545 0.2641645 0.1983655 0.0137733 0.1249055 -0.0956109 0.1706629 -0.0708214 -0.0340375 -0.0739596 -0.1332108 0.0379394 0.1414830 -0.0339409 0.1754588 0.1955503 -0.0989826 -0.0309199 -0.0087599 0.0169771 0.1874533 0.0506085 -0.0215790 0.1885306 -0.0149862 -0.0688488 0.1154480 0.1460263 0.1403237 0.1002410 0.0541470 0.0523764 -0.0489238 -0.0758490 0.0814393 0.1808875 0.3735157 0.3492811 -0.0947166 0.1036845 0.2012489
0.4749895 0.6382188 0.5658372 0.8429836 0.0157210 0.8998738 0.8893780 0.7653596 0.9408892 0.7270193 0.5055318 0.8867345 0.5105203 0.4988717 0.0000000 -0.0300630 0.5897195 0.4577406 0.2131249 -0.3948449 0.7440126 0.3834527 0.3260812 0.8674067 0.3118071 0.3805736 0.3738834 0.0674771 0.7441852 -0.1821907 0.0614329 0.0255005 0.5950646 0.8638064 0.2084758 0.6224757 0.2172170 0.4627271 -0.3079164 -0.3799111 -0.0640276 0.4272196 -0.0389446 -0.1547901 0.5416600 0.2415246 0.0455605 0.0095292 0.5931787 0.4302221 0.0091757 -0.3071314 0.8806883 0.0722924 -0.1013998 0.1607402 0.0992839 0.7472614 -0.1717056 0.0746280 0.4310814 0.5088320 -0.6397416 0.7829333 0.5367882 -0.2950276 0.7423550 0.6632989 -0.2589698 0.8138022 0.4540444 0.7506724 0.7547011 -0.0875660 0.4348255 0.5660855 0.6373709 0.4856044 0.6682779 0.6505278 0.4024157 0.3094884 0.4063536 0.5113436 0.4875096 0.4358535 0.2997559 0.3734877 0.5059777 0.4405854 0.4562820 0.4660234 0.4029810 0.4022926 0.4347847 0.4489805 0.3953654 0.5072713 0.3730729 0.5120666 0.4924580 0.2962494 0.0850549 0.4972972 0.4921321 0.5528898 0.3022494 0.0645771 0.4914203 0.2139629 0.3489026 0.4097469 0.4519603 -0.0259612 0.1241607 0.5865741 0.0410066 0.0537741 0.6252674 0.2691191 0.0741481 -0.1767694 0.4963059 0.3087530 0.4012866 0.4532585 0.0428410 0.2833513 0.4450225 0.4410317 0.4685178 0.2633405 0.0885712 0.6919854 0.2206987 0.4673982 0.5193201 0.4440124 0.4213820 0.6819138 0.1760483 0.5523878 0.5698266 0.7823405 0.5716321 0.3000188 0.5450993 0.5142337 0.6065167 0.5114245 0.5871263 0.7983681 0.5034274 0.3953044 0.2764947 0.8558727 0.5370907 0.5230250 0.6269819 0.5682611 0.6176738 0.5798066 0.2555499 0.5536914 0.6970634 0.7270271 0.3515057 0.4876214 0.3815558 0.4614107 0.4291758 0.4350243 0.6819707 0.8598818 0.7924935 0.4909877 0.4676444 0.2332260 0.5360045 0.6224158 0.5879776 0.6534760 0.4694533 0.5043355 -0.3082509 -0.2810892 -0.6162414 -0.5718009 0.1882742 0.5014015 0.4763473 0.5514298 0.4394540 0.5346011 0.5238733 0.5889106 0.5933920 0.5854988 0.3946317 0.4365196 -0.3223090 -0.3344761 -0.1860311 0.2427755 -0.4203299 -0.1219063 0.3359384 -0.5578666 -0.4047056 -0.3722900 -0.2201547 0.6098737 -0.2930283 0.4156037 -0.0764507 -0.4106739 -0.2973384 -0.3760672
-0.2480355 -0.0085280 0.2160194 -0.0231944 0.3162008 -0.0558467 0.1496808 0.1115478 -0.0830395 0.0361736 0.5258671 0.0887234 0.3309253 0.3663727 -0.0300630 0.0000000 0.2456752 0.1167728 0.7002909 0.4816403 0.0967592 0.6090285 0.6710457 -0.2568604 0.5225758 0.6372762 0.4080253 -0.1135878 -0.0559801 0.1512165 0.8049225 0.6407010 -0.2771025 -0.1646939 0.6077849 -0.1657612 0.5518548 0.4713458 0.3543816 0.1196282 0.5685252 -0.3891138 0.5799775 -0.0921897 -0.2957892 0.6123670 0.5396277 0.4559743 -0.1368954 0.2376297 0.5001610 0.4626783 -0.0035914 0.4030655 0.3224229 0.3437980 0.4275840 0.0650094 -0.0559225 0.4501925 -0.0130773 0.2619448 0.2042886 0.1166209 0.2214490 0.2694938 0.1408729 0.0157550 0.3368492 0.1901322 0.4240274 0.0764142 0.1717002 0.4204137 0.3937394 0.1480141 0.3633248 0.3010724 -0.0770449 0.1330318 0.2799615 0.0261137 -0.0802433 -0.2066440 -0.2835741 -0.3758796 -0.1204599 -0.2068117 -0.3733838 -0.3725634 -0.2786670 -0.2985161 -0.3061346 -0.0892604 -0.3418238 -0.1261757 -0.3667025 -0.2375820 -0.2693095 -0.1382752 -0.1745073 -0.4233198 -0.1810774 0.0352369 -0.2339742 -0.2721143 -0.2069924 -0.0793686 -0.3354095 -0.0380141 -0.3396419 -0.1850871 -0.1463934 0.0539759 0.0193269 -0.0786143 -0.0993494 0.0486169 -0.0185568 -0.1326206 -0.1270887 -0.0634700 -0.5551073 -0.1573960 -0.0597008 -0.3215902 -0.2743585 -0.5859486 -0.2090829 -0.3493377 -0.0192529 -0.3147534 -0.2899481 -0.1184000 -0.2821875 -0.3984440 -0.3274830 -0.1276147 -0.2132318 -0.1903003 -0.2882337 -0.1592001 -0.1293306 -0.0128540 -0.2527363 -0.4057121 -0.1198188 -0.2632435 -0.1382222 -0.1569378 -0.1621823 -0.1252610 0.0654691 -0.3134508 -0.0433448 -0.0026481 -0.3810203 -0.2322599 -0.2112098 -0.2708033 -0.4017396 -0.0853139 0.1127697 -0.2543797 -0.1351863 -0.1307385 -0.2420063 -0.2282967 -0.0774637 -0.0507445 -0.2132947 -0.0362359 -0.1059875 0.1822121 0.2205627 0.3918709 0.3035315 0.3674374 0.2377751 0.0158596 -0.0346358 -0.0824831 -0.2880060 0.1803769 0.1216289 0.3165951 0.2301284 0.2701278 0.5385771 0.3794615 -0.2139326 0.3921757 0.4749508 0.0037355 -0.2868464 -0.1299913 -0.1534406 0.0626242 0.2875103 -0.2687279 0.4919524 0.1104118 0.0023112 0.4083016 0.3565756 0.2407572 -0.0785267 0.3704606 0.4724418 0.2514279 0.0417260 0.1142858 0.2520584 0.0961430 0.2276782 0.3392363 0.4773670 0.4850042
0.2581954 0.4972407 0.2749038 0.5408645 -0.2670596 0.6110987 0.5167308 0.4863061 0.6193675 0.8578233 0.6520352 0.4929037 0.4397412 0.7645601 0.5897195 0.2456752 0.0000000 0.2968031 0.3547018 -0.2388134 0.4892059 0.4779665 0.6197739 0.3942419 0.4631521 0.4383420 0.5730629 -0.1977897 0.5707154 -0.1597544 0.0590537 0.1625651 0.1769127 0.6307724 0.3238225 0.3798968 0.1704152 0.4323581 -0.0634573 -0.1914142 0.1292589 0.2623960 0.1806502 -0.2094545 0.3537661 0.2309806 0.1347450 0.2126304 0.3529864 0.4517245 0.0836169 -0.0368471 0.5952119 0.5346544 0.2114694 0.3030161 0.0817174 0.8065626 0.0698294 0.1042099 0.2517521 0.6294464 -0.3295906 0.4893172 0.2818264 0.1337428 0.5662177 0.7592262 0.0304812 0.6829319 0.2342169 0.3297477 0.6058154 -0.0759430 0.4773830 0.4723148 0.3707415 0.1550833 0.3323276 0.2537189 0.2261960 0.4517230 0.4001574 0.2856682 0.2415769 0.2086670 0.2811200 0.3918577 0.2745578 0.2809719 0.2889109 0.2457875 0.2707413 0.3823550 0.1916632 0.3174116 0.2211242 0.2749258 0.1449601 0.3661157 0.2658455 0.1996798 0.2392291 0.3834652 0.3787524 0.3350185 0.2327452 0.2005109 0.3378834 0.3069630 0.1798971 0.2740668 0.3203912 0.2357056 0.3547738 0.4283178 0.2764064 0.3235766 0.4766235 0.3610752 0.2738054 0.1477217 0.1572223 0.2781593 0.2761181 0.2782539 0.2240739 0.0164627 0.3003518 0.3533848 0.3643298 0.0004697 0.2192246 0.3502477 -0.0634877 0.1251845 0.3016319 0.3025104 0.2067555 0.4389760 0.0001618 0.3640428 0.2453331 0.3747254 0.3359816 0.2044817 0.2942386 0.2352565 0.2778783 0.3531083 0.3590638 0.4718671 0.3517145 0.3186227 0.0647461 0.5701013 0.3451627 0.3534467 0.4114043 0.3763013 0.3109074 0.4900642 0.2679590 0.4106832 0.4853751 0.5040262 0.1669719 0.4368028 0.5296807 0.5289514 0.4425443 0.5059147 0.0935487 0.4490237 0.5527183 0.2289044 0.2009062 0.2120970 0.3706688 0.5217409 0.3767186 0.4658885 0.3124363 0.5073455 0.0382429 -0.1102472 -0.1802879 -0.2704230 -0.0486183 0.1973889 0.3548847 0.2737458 0.2250882 0.1906794 0.3098654 0.2975204 0.2654094 0.2773553 0.1579867 0.2636587 -0.1414581 -0.1166892 0.1457711 0.1242680 -0.0877764 0.0643164 0.3022069 -0.0928218 -0.2312668 -0.2612809 0.0431073 0.1919546 -0.1794453 0.1570659 0.2365807 -0.3746691 -0.1087278 0.0288009
