0.0000000 0.6542475 0.5335436 0.3423701 0.3655850 0.1462572 0.2846185 0.2169880 -0.0115659 -0.0830029 0.0297682 0.3450153 0.2528128 0.2827827 0.4182155 0.1317115 0.4455063 0.2322767 0.0691024 0.3242907 0.3321855 0.1995942 0.2582718 0.1263835 0.0820642 0.0109831 0.5210051 0.0857374 0.2572902 0.3262216 0.3244302 0.0530884 0.1833307 0.1228158 0.1376213 0.3453793 0.1102925 0.1163766 0.3548609 0.3092662 0.2194023 0.2441271 0.2903963 0.1385015 0.1191126 0.0729688 0.1447998 0.1577195 0.1873537 0.0308735 0.1991792 0.4196763 0.2138387 0.3323266 0.2016731 0.1047863 0.2690720 0.1968396 0.1030147 0.1751479 0.3973926 0.3650402 0.0380532 0.3454408 0.2216838 0.3244866 0.2135892 0.3754745 0.2432788 0.2458269 0.1448929 0.4988744 0.6134172 0.4888288 0.3099800 0.2521678 0.3200821 0.3625229 0.4231181 0.4193605 0.4121502 0.6546297 0.2591818 0.3433504 0.2707937 0.1814717 0.0103703 0.3091389 0.2478232 0.2865021 0.3435563 0.4891321 0.2035660 0.3426719 0.2543270 0.4317418 0.5614279 0.0987089 0.2969215 0.1411215 0.0351431 0.2642289 0.1824739 -0.1261659 0.4894301 0.3737557 0.4252984 0.3061869 0.6059367 0.3860408 0.3765873 0.3881770 -0.1414412 -0.1287244 -0.2218870 -0.2261031 -0.1243264 0.0618225 -0.0171807 0.4431614 0.3861340 -0.0289922 0.4682319 0.3375303 0.2786152 0.3469000 0.2472518 0.4931462 0.2428440 0.3753520 0.3155126 0.3497282 0.2894786 0.5442844 0.3420739 0.6381658 0.3840298 0.2373552 0.3994520 0.4526655 0.3076974 0.3906439 0.5060550 0.4882726 0.5311483 0.5782295 0.4330935 0.4881834 0.3876068 0.4862403 0.4789591 0.5608598 0.4649336 0.2630763 0.4936056 0.5831206 0.5162475 0.6223655 0.3678951 0.5148762 0.2155728 0.5629558 0.5245511 0.5944813 0.3780819 0.5677226 0.4476576 0.2381393 0.4599062 0.4292863 0.2085923 0.1792212 0.6069669 0.4763570 0.5418578 0.4767349 0.3210959 0.4773758 0.4381978 0.5229846 0.2414835 0.0300545 0.0797878 -0.0644411 0.1602186 0.2426491 0.2410635 0.2986069 0.6261507 0.4908473 0.5740721 0.5323706 0.4335591 0.2848788 0.4593758 0.5418862 0.4372947 0.4020025 0.4977896 0.4144179 0.5393819 0.5949802 0.7252161 0.5516562 0.6906194 0.5602024 0.6703183 0.7404885 0.5880674 0.5731083 0.6175246 0.7431384 0.5175426 0.5925275 0.6622629 0.4376099 0.4339847 0.3625559
0.6542475 0.0000000 0.4395655 0.6602772 -0.0630618 0.5415963 0.6859700 0.4619955 0.5221235 0.3786567 -0.0169731 0.7042483 0.0034942 0.5402729 0.7600330 0.1752083 0.4722507 0.6742667 0.1884815 0.0923447 0.7206571 0.2850125 0.4030134 0.6206703 0.1844812 0.0385597 0.6913567 0.6163740 0.7345769 0.7281157 0.3718659 -0.1269691 0.6323704 0.6270692 0.0223990 0.4438776 -0.0785655 0.1407359 0.5883424 0.6485061 0.1974809 0.5006266 0.2759263 0.4506865 0.5691807 0.0628161 0.0744873 0.0904646 0.5797439 0.0785714 0.0929272 0.6032118 0.6496744 0.5651050 -0.1088719 -0.0203197 0.0524884 0.3810057 -0.1066699 0.0249640 0.2694830 0.4818950 -0.4544894 0.6472111 0.4557479 -0.0275672 0.2059631 0.4282212 -0.0668031 0.4107581 -0.0213066 0.7038342 0.6694616 0.0921499 0.2681587 0.3690950 0.4986606 0.3945095 0.4058559 0.3190476 0.2475500 0.5135255 0.3405236 0.3099705 0.2210478 0.2211785 0.2149221 0.1645717 0.3214612 0.1361705 0.3518708 0.3435999 0.1067330 0.2433756 0.4693698 0.3894568 0.5834813 0.2548408 0.4363667 -0.1101019 0.1828969 0.3524317 0.3173209 -0.0211645 0.4784100 0.5128287 0.3470770 0.4507840 0.3942872 0.4228522 0.3918857 0.0950572 0.0300864 -0.0292812 -0.1628548 -0.1780310 -0.0612605 0.1451451 0.0434184 0.2049516 0.3239277 0.0390386 0.5624638 0.4646740 0.3006095 0.2332133 0.3533030 0.6990354 0.1500839 0.5849199 0.4858153 0.4930911 0.5185077 0.6281088 0.3895329 0.7159386 0.5666703 0.2726901 0.5228687 0.3128605 0.2774960 0.3634381 0.5217162 0.5687099 0.5935361 0.6476058 0.5825752 0.6600387 0.3812539 0.5501425 0.5043671 0.5725392 0.5542316 0.2911415 0.5520638 0.4779077 0.5644371 0.7381139 0.3535266 0.5493187 0.3188408 0.6747419 0.5458798 0.6054787 0.5420242 0.6459525 0.6181645 0.3326427 0.5896918 0.6394145 0.2541124 0.2636349 0.2439519 0.2334456 0.6378704 0.5209575 0.4248168 0.3265196 0.4014728 0.4101855 -0.0324154 -0.1039132 -0.1996551 -0.2876546 -0.1446391 -0.3057115 -0.2421377 -0.1836893 0.3843772 0.5090604 0.0712732 0.5114692 0.2448236 -0.2138002 0.1730794 0.1789437 0.1660360 0.2064252 0.3205889 0.2663406 0.4047061 0.1608335 0.3949061 0.2861428 0.4748487 0.4502055 0.2460017 0.4292689 0.4506722 0.1149561 0.3181484 0.6856968 0.1129470 0.2970289 0.6278453 0.1365595 0.6129806 0.5173251
0.5335436 0.4395655 0.0000000 0.2903168 0.6647126 0.0031175 0.1987962 0.2932147 -0.0007863 0.2353553 0.4077878 0.0236442 0.4298488 0.0682343 0.1107160 0.2942425 0.3768170 0.0397051 0.1807200 0.2965432 0.0259830 0.1898347 0.3350406 -0.0145677 0.1179784 0.0546268 0.1649424 0.0072991 -0.0086381 0.0805771 0.3885379 0.2167210 0.0740037 0.0649785 0.1694951 0.0673686 0.1076958 0.1450183 0.3123366 0.2170590 0.3509427 0.0904385 0.3089547 0.0574198 0.0688499 0.0504385 0.1642823 0.1871908 0.1437012 -0.1681320 0.2918804 0.3771219 0.2522604 0.2419262 0.2051157 0.1294046 0.2599427 0.2196713 0.5924534 0.2998576 0.6304770 0.3290151 0.0250412 0.3065317 0.1547773 0.4688313 0.4387131 0.3160320 0.2673196 0.3943598 0.4223635 0.3923438 0.3896210 0.5073269 0.6295029 0.3610274 0.1230560 0.3214601 0.1424939 0.1578482 0.2337085 0.4895829 0.1752829 0.1377729 0.0113552 0.0558839 -0.1658427 0.0684100 -0.0123706 0.0729911 -0.0042181 0.2212582 -0.2275014 0.0763498 0.1522491 0.2606074 0.1215427 -0.2843413 0.0416911 0.4564111 -0.1942910 -0.1370731 -0.1274555 -0.2745256 0.0358817 0.2027261 -0.0305277 0.0915083 0.0256142 0.0326832 0.1637976 -0.2076083 -0.2317019 -0.2447863 -0.3968391 -0.3927035 -0.2800657 -0.3648314 -0.1291543 -0.2067148 -0.2332050 -0.1184854 0.2749953 0.0833603 -0.2294722 -0.1795160 0.0067471 0.1342378 -0.2077972 -0.0490298 -0.1908824 -0.1157991 0.2145392 0.2825191 0.0394759 0.3165521 -0.1501869 -0.2883529 -0.1789036 -0.0319810 0.1713597 -0.1042090 0.3122792 0.1404365 0.0331676 0.4099088 -0.1559292 -0.0158965 0.0459718 0.0706404 0.0621573 0.0553290 0.0446692 0.1947348 0.3099676 0.1843748 0.1889272 0.2553393 0.2453608 0.0658349 0.3644803 0.3024679 0.3766837 0.2882928 0.2771901 0.3377623 0.3077124 0.1070516 0.2763701 0.1555036 0.2229036 0.0795268 0.1526721 0.2679326 0.2512881 0.2652285 0.0956056 0.3369916 -0.0054903 -0.0231216 0.1869122 -0.0251842 0.4851815 0.2451434 0.4743610 0.3786137 0.4878667 0.3981322 0.4608663 0.0609178 0.1466264 0.2335141 0.2826954 0.0801590 -0.0445705 0.0491727 0.2183750 0.2827313 0.3697407 -0.0051032 0.5618388 0.2855343 0.1889994 0.1327281 0.6682396 0.4723015 0.1358498 0.5600169 0.4642652 0.3701295 0.2391956 0.3737007 0.5134108 0.7020362 0.3757212 0.4425127 0.2252802 0.1237175
0.3423701 0.6602772 0.2903168 0.0000000 -0.0076688 0.8623174 0.8057205 0.6065195 0.6740186 0.5511927 0.1514126 0.8390545 0.0767689 0.5475893 0.8034787 0.1405980 0.2920252 0.6809185 0.1460367 0.0675683 0.6729696 0.2365289 0.2434516 0.7846551 0.0695330 0.0022883 0.4794541 0.7203546 0.7732006 0.6855498 0.5193454 -0.1403395 0.8459056 0.7886055 -0.0831144 0.2040202 -0.0306996 0.0953456 0.4159203 0.6664637 0.1708716 0.3924584 0.1673900 0.6660150 0.6056108 0.0540899 0.0525861 0.0434911 0.8042513 0.2162187 0.0556663 0.5226963 0.8190950 0.6258288 -0.1858455 -0.0114891 -0.0019482 0.4229451 -0.2589448 0.0835138 0.1519020 0.5045517 -0.4744537 0.8748864 0.7226478 -0.1702668 0.2086278 0.5028288 -0.2821954 0.6597138 -0.0222668 0.7587811 0.6369723 0.0640987 -0.0212699 0.5744255 0.6650589 0.4011113 0.4929355 0.2302960 0.1275494 0.3796742 0.1847596 0.1791407 0.0980018 0.1969419 0.3735254 0.2421659 0.3158280 0.2208007 0.3423268 0.2713179 -0.0427297 0.1403994 0.5568112 0.4974752 0.2826734 0.2953322 0.5702422 -0.2219588 0.2082953 0.3397261 0.2730559 -0.0918111 0.2130448 0.6185815 0.2772006 0.4282736 0.2014725 0.5090624 0.4034935 0.2043252 0.4513416 0.4283680 0.1775738 0.3074528 0.4383975 0.4420450 0.4725762 0.1794757 0.2979206 0.5185481 0.4007201 0.7392516 0.1591119 0.2907281 0.5307885 0.5334438 0.1029803 0.6345655 0.3783742 0.2838945 0.6171459 0.7009483 0.2251750 0.6151369 0.3647153 0.0022751 0.2085230 0.3176863 0.3203727 0.1521677 0.3882075 0.5154271 0.4355821 0.7090360 0.3325473 0.4526602 0.4907299 0.5360339 0.5304162 0.4934569 0.2920144 0.3913885 0.6514909 0.5022189 0.4571845 0.6459982 0.3561135 0.4733030 0.4137796 0.5632595 0.6582078 0.3936100 0.5820831 0.6269603 0.6658248 0.4380532 0.5878901 0.5797712 0.3188666 0.3992021 -0.1950285 0.0525082 0.3793155 0.3861176 0.4527702 0.1700173 0.3538069 0.2462884 -0.2467944 -0.2554103 -0.3488219 -0.4417832 -0.2899075 -0.3807055 -0.3415635 -0.4049042 0.1119223 0.5063898 0.1084252 0.4686645 0.0238587 -0.1388043 0.3339438 0.2522488 -0.0589772 0.0412306 0.1390000 0.1952781 0.2553020 0.0287412 0.3889063 0.3833064 0.2343165 0.1215143 0.1401915 0.2810724 0.4305735 0.0309663 0.3348710 0.6494210 0.0248364 0.0750364 0.5656222 -0.0551942 0.6606087 0.5024027
0.3655850 -0.0630618 0.6647126 -0.0076688 0.0000000 -0.1297052 -0.0784759 -0.1589074 -0.2036038 0.0089851 0.2537769 -0.2645481 0.3225767 -0.1651583 -0.0971980 0.0305987 0.0884893 -0.3157610 -0.1642345 0.3337258 -0.4560956 -0.1972740 -0.1350866 -0.4014763 -0.2389262 -0.2348026 -0.1920444 -0.5037799 -0.3916589 -0.3671426 0.1687092 0.1281281 -0.2425834 -0.3280471 -0.0336067 -0.3285142 -0.0365063 -0.1697820 -0.1607444 -0.2216241 0.0113564 -0.4099447 -0.0387976 -0.2509354 -0.5159145 -0.1553668 -0.0549131 -0.1285925 -0.1653634 -0.3597990 0.0814025 -0.1152160 -0.1268041 -0.1633535 0.1320893 -0.0882611 0.0774035 -0.2353590 0.6224697 0.0749575 0.4687525 -0.0964782 0.3523160 0.0303694 -0.1137390 0.4069699 0.0734286 -0.0651021 0.2191520 0.1100830 0.2430710 0.2445753 0.1149443 0.7706351 0.3659349 0.0869675 0.0894727 0.0456200 -0.0828417 0.0201545 0.2641323 0.2926140 -0.2111706 -0.2961257 -0.3314759 -0.3812995 -0.3774772 -0.2067623 -0.4735607 -0.2249201 -0.2755401 0.0233375 -0.4185348 -0.1744394 -0.2512303 0.1859099 -0.1127593 -0.5925615 -0.3708659 0.5113123 -0.3808455 -0.5560833 -0.4615068 -0.2118572 -0.2826093 -0.0727531 -0.4178064 -0.2851704 -0.1447319 -0.3664190 -0.0120635 -0.1134875 -0.0899062 -0.1758302 -0.1714522 -0.1358596 -0.1151714 -0.3990792 -0.0098687 -0.3233770 -0.5031673 -0.0086603 0.0248501 -0.0235976 -0.5469200 -0.4383572 -0.3596114 -0.2430545 -0.3496872 -0.3905075 -0.5626389 -0.4082018 -0.2294688 0.0170064 -0.0395209 -0.0057378 -0.5341935 -0.5180758 -0.5026197 -0.3213419 0.2040809 -0.4197280 0.2445872 -0.2804816 -0.3478825 0.1976034 -0.4472121 -0.2428707 0.0890490 -0.2281122 -0.2704749 -0.3746716 -0.3816717 0.2211922 0.1600875 -0.0099462 -0.0181146 -0.1295412 0.2363617 -0.2496198 0.3630270 -0.0991832 0.1331778 -0.0558148 0.1004221 -0.1525123 -0.0219131 0.1076330 -0.0257003 -0.1760866 0.2250265 0.0720037 0.3757695 0.5390679 0.0935244 0.0388894 -0.2397599 0.3072182 -0.2860380 -0.1977199 0.5014825 0.4025569 0.6593761 0.6793412 0.7681232 0.5985771 0.7754208 0.6782282 0.5903321 -0.0379676 0.2186585 0.1350650 0.4202255 0.3146323 -0.1745306 -0.0202656 0.1496952 0.2944221 0.3734614 -0.2127312 0.5629627 0.4099481 0.2821043 0.3436700 0.5543132 0.4113461 0.1152155 0.4992079 0.4672571 0.5359973 0.3015386 0.1857839 0.6059266 0.5737691 0.0130798 0.4991537 -0.0104873 -0.1025853
0.1462572 0.5415963 0.0031175 0.8623174 -0.1297052 0.0000000 0.8634842 0.3656666 0.8813160 0.6880773 0.0073418 0.8793309 -0.1312472 0.5260620 0.8372077 0.0391609 0.0534215 0.6164206 -0.0355567 -0.0076328 0.6819157 0.1465727 0.0454235 0.8364958 -0.0465230 -0.1373291 0.3490345 0.7180502 0.7301363 0.6140301 0.3299546 -0.2176218 0.8510456 0.8190495 -0.2456265 0.1696316 -0.0979702 0.0030883 0.2687381 0.6185020 0.0835921 0.2842863 -0.0781770 0.7127976 0.5002638 0.0614060 0.0305138 -0.0579052 0.8534809 0.3282498 -0.0266149 0.2972586 0.7818165 0.5233483 -0.2165823 -0.0330536 -0.0780877 0.3456670 -0.4733573 -0.0280432 -0.0456068 0.3359556 -0.3612065 0.8593985 0.6826598 -0.3577990 0.0512762 0.3375225 -0.2575023 0.4945016 -0.1179383 0.7497335 0.5035314 0.0381623 -0.1399757 0.3956558 0.6933131 0.3181201 0.4566101 0.1581389 0.2038056 0.2723142 0.1185728 0.0262465 0.0029016 0.0867757 0.4183257 0.0430828 0.1575190 0.0407743 0.2736778 0.1404263 -0.0674422 -0.0254704 0.3995253 0.4659935 0.2035150 0.3165348 0.4325410 -0.2923748 0.2207152 0.2737068 0.1846617 0.0821271 0.1819594 0.5566458 0.1278607 0.3478173 0.1464022 0.3749641 0.3436166 0.1972782 0.5571791 0.4484014 0.3432484 0.4359423 0.5272369 0.5756772 0.5167642 0.2018486 0.2896230 0.5761242 0.4167966 0.6874233 0.2011526 0.2813199 0.5236983 0.5652113 0.1083353 0.6391974 0.4118203 0.4260907 0.6355537 0.6169269 0.3849704 0.5705317 0.4069208 0.0523050 0.2825346 0.1676481 0.3977530 0.0657377 0.4535517 0.4090265 0.3589562 0.6070860 0.4049543 0.5495698 0.6100186 0.4941223 0.4720235 0.3906854 0.2444683 0.4216356 0.6188669 0.4178104 0.4105681 0.5026410 0.3693702 0.4346683 0.4604075 0.4527161 0.5594261 0.3012027 0.5841636 0.4858691 0.5900413 0.3916682 0.4182601 0.5750930 0.3378772 0.3887481 -0.2667605 -0.0596787 0.3307142 0.3747307 0.5122519 0.0913698 0.4214611 0.3183029 -0.1288830 -0.0844882 -0.4497998 -0.3241573 -0.4163595 -0.4018943 -0.5560434 -0.5003041 0.0642592 0.6057875 0.0665754 0.5080662 0.0205803 -0.1435957 0.3120695 0.1804650 -0.0686933 -0.0514336 0.1606172 0.1835283 0.1353959 -0.1412766 0.1956472 0.4623326 0.0201616 0.0773912 -0.0110564 0.0661373 0.2554584 -0.1289933 0.2039685 0.4724723 -0.2375260 -0.2065182 0.3193382 -0.1933930 0.5724916 0.4265224
0.2846185 0.6859700 0.1987962 0.8057205 -0.0784759 0.8634842 0.0000000 0.3808109 0.8153175 0.7499834 -0.1295885 0.9225866 -0.0991564 0.6246986 0.8270584 -0.0428209 0.1671694 0.7164911 0.0410482 -0.0712852 0.7966847 0.2439062 0.0382226 0.8574091 0.0259179 -0.1301631 0.4817954 0.7496270 0.7868368 0.7279044 0.3835701 -0.2134005 0.8239563 0.8365996 -0.1989398 0.2458098 -0.1584447 0.0731609 0.3650119 0.6659167 0.1433573 0.3463178 -0.0619118 0.5893912 0.4746528 0.0523616 0.0134887 -0.0900587 0.7264828 0.2767965 -0.0452879 0.3685230 0.7583097 0.4241515 -0.3185343 0.0039942 -0.1395523 0.1733033 -0.2885140 -0.1276466 -0.0209855 0.2487738 -0.4581361 0.8128335 0.6558263 -0.3857081 -0.0162864 0.2412016 -0.1599556 0.3544605 -0.2224831 0.8312190 0.5313902 0.1108941 0.0069312 0.3408951 0.8050975 0.2554040 0.4288838 0.1859057 0.2734077 0.4499344 0.1311418 0.0030996 -0.0149694 0.1570992 0.3401493 0.0221739 0.2175837 0.0999580 0.3985638 0.3718809 0.0541524 -0.0753877 0.4585188 0.5076321 0.3227926 0.3510932 0.5579152 -0.3440566 0.2245168 0.2554776 0.0871612 -0.1321332 0.2505219 0.6164436 0.0679697 0.2544725 0.1417736 0.3852211 0.4360304 0.0289247 0.4169826 0.3418570 0.2527453 0.2535225 0.3809855 0.4624876 0.4189186 0.2204598 0.2739892 0.3928796 0.3486122 0.6683458 0.2940894 0.3482392 0.4205581 0.5113437 0.2432500 0.5661469 0.4649490 0.3875972 0.6637042 0.5778273 0.2564333 0.5240644 0.4798449 0.2144180 0.3790773 0.2551432 0.2697306 0.2017266 0.2858734 0.3727634 0.4640602 0.4413387 0.4422806 0.5380457 0.3869027 0.4325923 0.3836958 0.3521475 0.3590563 0.2506040 0.6153132 0.2065251 0.3176088 0.5696419 0.2219129 0.2797330 0.3442267 0.4161412 0.4479922 0.3311429 0.4702374 0.5393380 0.5375196 0.2327639 0.4071991 0.4474850 0.2287518 0.1317451 -0.1753322 0.0693584 0.6289866 0.6556939 0.6671524 0.4433004 0.4977925 0.3858242 0.1123111 -0.0521404 -0.4016111 -0.3931372 -0.3065927 -0.3646272 -0.4446780 -0.4405330 0.3290175 0.6991835 0.0593831 0.6743789 0.3216437 -0.0298867 0.2667132 0.3137645 0.2070594 0.2393382 0.2544539 0.4084206 0.1629554 -0.2364972 0.1227912 0.4534305 0.2142325 0.1838666 0.2033327 0.1431753 0.1307918 -0.1405609 0.1937425 0.6450653 -0.2116690 0.0229771 0.5289126 -0.1945718 0.4923476 0.3842348
0.2169880 0.4619955 0.2932147 0.6065195 -0.1589074 0.3656666 0.3808109 0.0000000 0.2625446 0.3596612 0.5130639 0.4124740 0.6477983 0.3902022 0.3625275 0.6550693 0.5895069 0.5321674 0.8452510 -0.2134109 0.5491162 0.8130266 0.7756340 0.5356727 0.7840619 0.7191296 0.2909332 0.5436377 0.5398607 0.4328636 0.3770826 0.5889510 0.4668405 0.5417963 0.6246108 0.4768276 0.5952400 0.7701286 0.6171525 0.5265320 0.6813395 0.6722495 0.7372167 0.4170316 0.7052192 0.6623325 0.6153529 0.5509426 0.5353072 0.2834448 0.6047515 0.7334898 0.6684234 0.6112692 0.2941744 0.5788153 0.5702503 0.6135672 -0.0727765 0.5462073 0.3057391 0.6540152 -0.3983323 0.6637335 0.6401413 0.3767409 0.7090202 0.6451419 0.0657071 0.7148572 0.4961255 0.2655545 0.3734715 -0.1897859 0.4606378 0.7448614 0.4600734 0.5532003 0.4440832 0.3674010 -0.1821933 0.4671839 0.5379044 0.5296728 0.6113088 0.6078499 0.2743412 0.7183682 0.6409372 0.5698994 0.3550644 0.2990143 0.1738729 0.3432784 0.6608295 0.4026168 0.3875601 0.3830619 0.6032349 0.1022836 0.2885901 0.4902355 0.6115277 -0.0490530 0.2660383 0.5221274 0.5192492 0.5746635 0.2954148 0.4403404 0.4604853 0.1069931 0.0950115 0.1790827 -0.2051537 -0.0571564 0.0742524 0.2097153 0.0688953 0.1053759 0.3039132 0.1163747 0.4004304 0.2990031 0.0997363 0.3260661 0.5366869 0.4969027 -0.0723261 0.4535038 0.3392799 0.2525686 0.4887330 0.4412788 -0.1491268 0.4429501 0.3206259 -0.0120113 0.2368525 0.4153913 0.1974765 0.3084965 0.2521448 0.6057704 0.4046618 0.5109288 0.2570088 0.2636077 0.0933197 0.4797199 0.5237836 0.5824049 0.3685321 0.2042181 0.2773262 0.4300950 0.3933017 0.5012789 0.2019468 0.3992584 0.0789046 0.4706879 0.6534867 0.4060091 0.3139592 0.6401713 0.7593519 0.3385368 0.5936314 0.5205746 0.2093662 0.3103132 -0.2855159 -0.3180255 0.1432896 0.2724664 0.4002317 -0.0493483 0.3384846 0.1571325 -0.5087437 -0.3513292 -0.2250208 -0.4497182 -0.2363112 -0.3141133 -0.2888936 -0.4704369 -0.1445116 0.2591788 0.0575993 0.2923023 -0.3219741 -0.4289029 0.2883692 0.1167406 0.0653539 0.0079366 -0.0204101 0.3286573 0.1651284 -0.1562759 0.0447737 -0.0418684 0.2036503 -0.0577810 -0.0670191 0.1339836 0.1274480 -0.1964090 -0.1241293 0.3245710 -0.0487711 0.1025837 0.4431652 -0.0411790 0.3326913 0.3775592
-0.0115659 0.5221235 -0.0007863 0.6740186 -0.2036038 0.8813160 0.8153175 0.2625446 0.0000000 0.8185512 -0.1094387 0.7524871 -0.1387592 0.6295835 0.8269982 -0.0035713 0.1312688 0.6897706 -0.0590915 -0.2009044 0.6132916 0.1293273 0.0221534 0.8064261 -0.0277527 -0.1938548 0.3662725 0.6920497 0.6333495 0.6556009 0.1605988 -0.2017300 0.7537742 0.7376536 -0.2706465 0.2267002 -0.1507807 0.0245056 0.3577981 0.7287146 -0.0286640 0.3354334 -0.1296929 0.6624356 0.4145793 0.0733418 0.0392990 -0.1201508 0.7423909 0.2892748 -0.0386103 0.2923160 0.6326895 0.5200254 -0.2735079 -0.0199737 -0.0976625 0.2901740 -0.2968890 -0.0711106 -0.0068288 0.3111473 -0.3458304 0.6836441 0.4876482 -0.3762471 0.0685035 0.3137500 -0.1721428 0.3424653 -0.0997219 0.5960689 0.4590458 -0.0331828 -0.0162564 0.3097054 0.5502182 0.3499669 0.3925003 0.2274149 0.2644130 0.1348029 0.0243239 -0.1019356 -0.1216956 0.0173137 0.3649933 -0.1545581 0.0862547 -0.1158102 0.1057235 0.0082382 -0.0636835 -0.0569236 0.3223517 0.2432255 0.1289649 0.2432965 0.3268566 -0.1609250 0.1408096 0.1827188 0.1101931 0.0979542 0.1146687 0.3795339 0.0390688 0.2596699 0.1311733 0.1569228 0.2576476 0.0410637 0.3105129 0.2095119 0.0982851 0.2104090 0.2747919 0.2986193 0.3073634 0.0701759 0.1823471 0.3674844 0.4001660 0.4693607 0.1673671 0.1682880 0.4474297 0.5171941 0.0666899 0.5294255 0.3766395 0.4246897 0.5925780 0.5438649 0.4599537 0.5206836 0.4340041 0.1386644 0.3431182 0.1013419 0.3900766 0.1087858 0.4326943 0.3954298 0.2989389 0.4883663 0.4398592 0.5924125 0.4938437 0.4445344 0.3656543 0.3094097 0.2491891 0.4140849 0.4431874 0.2899748 0.4225871 0.4362239 0.3704115 0.3771442 0.4494322 0.4313474 0.4003427 0.3625475 0.5773050 0.4371853 0.5336078 0.3840133 0.4334464 0.5733564 0.4158471 0.3920038 -0.2596895 -0.0491073 0.4140471 0.3721994 0.4659309 0.1622783 0.3565480 0.2393059 -0.0196884 -0.0409398 -0.2847704 -0.1980845 -0.3066539 -0.3718802 -0.4962077 -0.4076224 0.0615321 0.4868650 -0.0373978 0.4586411 0.1516866 -0.1623449 0.1646756 0.1035745 -0.0013162 0.0811045 0.2381065 0.1324530 0.2092327 -0.2331681 -0.0754087 0.3327014 -0.0558083 0.2473860 -0.1316218 -0.0069804 0.1015027 -0.1808370 -0.0233081 0.2901621 -0.2715154 -0.1915084 0.2042024 -0.2235571 0.6246887 0.4982968
-0.0830029 0.3786567 0.2353553 0.5511927 0.0089851 0.6880773 0.7499834 0.3596612 0.8185512 0.0000000 0.1932732 0.5809328 0.1126924 0.5616434 0.6399950 0.1835022 0.2265038 0.6091575 0.1703182 -0.1304720 0.4837734 0.2672994 0.1332459 0.6242889 0.1092384 -0.0004099 0.2293391 0.5051421 0.4718763 0.4746879 0.2168857 0.0666981 0.5434748 0.6386078 -0.0238768 0.1799986 0.0277350 0.1924010 0.4041290 0.5420817 0.2508118 0.2830490 0.0821801 0.3836316 0.3496064 0.2612971 0.2196284 -0.0201752 0.5660405 0.2309138 0.1765202 0.3404799 0.6556224 0.3352353 -0.1772102 0.2267859 0.0742657 0.1932810 -0.0752538 0.0874667 0.1073588 0.2465859 -0.1853874 0.6510208 0.5197309 -0.1493383 0.2112859 0.2524321 0.0997912 0.3483553 0.1090658 0.5545887 0.3486650 0.1005554 0.2736712 0.2722909 0.5198080 0.3273496 0.2882247 0.1886297 0.2604895 0.3331407 0.1308871 -0.1019212 -0.0659757 0.1243490 0.2866663 -0.0563599 0.0724655 -0.0396842 0.1573505 0.1674454 -0.0629255 -0.1399362 0.2918324 0.4170857 0.0970177 0.1039390 0.2667812 0.0149775 0.1636941 0.0177260 0.0823785 0.1156976 0.0175731 0.4475882 -0.0840919 0.2489282 -0.0190349 0.1300679 0.3195738 -0.1300374 0.3696973 0.2271761 0.0988415 0.2426091 0.2823170 0.1854621 0.3570024 -0.1297956 -0.0494424 0.3720187 0.3947139 0.3695726 -0.0480507 -0.0171855 0.2827088 0.3729030 -0.1022389 0.3027206 0.1113779 0.2024520 0.5665375 0.3390203 0.1856484 0.3864984 0.1652217 -0.0768471 0.0827360 -0.0856983 0.3463429 -0.0493576 0.3430599 0.2264121 0.0742755 0.3709840 0.1691431 0.3430499 0.2511811 0.2328721 0.1002990 0.0807877 0.1308114 0.3271445 0.4558460 0.1427449 0.2456718 0.3004191 0.2433745 0.1138188 0.5226097 0.2637864 0.4629048 0.2161263 0.5045354 0.3553888 0.5094413 0.2845648 0.3064146 0.3169434 0.3881769 0.1939721 -0.2527683 -0.0738600 0.3864796 0.3763463 0.4329625 0.2038589 0.2735357 0.1161924 0.1458995 0.0600246 -0.0616842 -0.0330345 -0.1363127 -0.2129191 -0.3435750 -0.3233163 0.1114404 0.2989237 -0.1079319 0.4215992 0.1358111 -0.1693501 -0.0367278 -0.0129435 0.1335820 0.1541665 0.2686375 0.1608946 0.2915998 -0.2959340 -0.2439075 0.2272114 0.0328796 0.1891955 -0.2280198 -0.0351831 0.0042228 -0.2032139 -0.1297712 0.1416098 -0.2659395 -0.0486078 0.1272091 -0.2429699 0.4095745 0.2478306
0.0297682 -0.0169731 0.4077878 0.1514126 0.2537769 0.0073418 -0.1295885 0.5130639 -0.1094387 0.1932732 0.0000000 -0.0948405 0.6357445 0.0412422 -0.1389369 0.8367532 0.4374718 -0.0678022 0.6070038 0.2207991 -0.0136073 0.4068945 0.6665956 -0.1222144 0.3918215 0.6384286 0.0142679 -0.0633901 -0.1145836 -0.1251091 0.3235551 0.6230786 -0.1066365 0.0384065 0.6824084 0.1973937 0.6753611 0.4266374 0.3587295 0.0495621 0.7031845 0.1976422 0.7153815 -0.0726203 0.2668319 0.5978289 0.6663235 0.4891684 0.1288671 0.0604037 0.7269896 0.4734149 0.3834551 0.2868810 0.5685123 0.6081496 0.7102801 0.5113747 0.1175943 0.8091956 0.5655129 0.5056997 0.3851550 0.3536344 0.4834671 0.7271860 0.7241617 0.5249457 0.4932011 0.6578659 0.8261933 0.0426980 0.2118167 0.3173332 0.6360080 0.5017813 0.0388851 0.4790780 0.3294459 0.3229263 0.1289632 0.1948711 0.2292443 0.2407349 0.2888097 0.2801950 -0.0714716 0.4410374 0.1251296 0.2392781 -0.0701971 -0.0245119 -0.2610863 0.1196988 0.0401950 0.2356928 -0.1187026 -0.2661962 -0.0842261 0.5010750 0.1088356 -0.1013205 0.1647940 0.2937168 -0.0360032 0.1253026 0.1704402 0.1600964 -0.0377417 0.0419872 0.0837975 0.0371316 -0.0639607 -0.1348171 -0.2455759 -0.1061830 -0.0937606 -0.1184967 -0.0369190 -0.1327372 -0.0959767 0.0237908 0.4188624 -0.0928214 -0.3356647 -0.2037742 0.1084809 0.1404688 -0.4455010 0.0024526 -0.2817077 -0.2013193 0.1229754 0.0594901 -0.2502609 0.1330001 -0.2526871 -0.4708848 -0.3118178 -0.1914911 0.1818122 -0.2090782 0.3344204 0.1591847 -0.2323430 0.3563046 -0.2657607 -0.1555400 -0.0443970 -0.0223001 0.0242100 0.0518609 -0.1112621 0.2359643 0.0460726 0.3083006 0.2016424 -0.0262616 0.2464489 0.1384405 0.3114721 0.0958059 0.5532044 0.1179178 0.1965569 0.1673726 0.4095347 0.1625196 0.1329842 0.0938145 0.2587799 0.2230029 -0.1994323 -0.1639064 -0.2016432 -0.0427596 0.0897140 -0.2391957 0.1236604 -0.0844156 -0.2900920 -0.1610002 0.2988249 0.1525263 0.0836518 0.3727116 0.0642233 0.1159351 -0.0692803 -0.0921731 0.1898223 0.0650037 -0.4743456 -0.1866206 -0.0173691 -0.2145005 -0.0324119 -0.0886970 0.2507230 -0.1531147 0.1382207 0.1704406 -0.0747181 -0.0725949 0.1488385 0.0895226 -0.3021881 0.0927016 0.1723678 0.1872663 -0.2169788 -0.1243236 0.1978310 0.2762327 -0.0377219 0.1499482 0.0521053 -0.0059865
0.3450153 0.7042483 0.0236442 0.8390545 -0.2645481 0.8793309 0.9225866 0.4124740 0.7524871 0.5809328 -0.0948405 0.0000000 -0.1193611 0.6833789 0.8597274 0.0292905 0.2123824 0.7389224 0.0600459 0.0681569 0.9012789 0.2652150 0.1443086 0.8967479 0.0476713 -0.0283856 0.6344086 0.8371664 0.8825503 0.8238795 0.4906951 -0.2302700 0.8838119 0.8918613 -0.1094288 0.4077207 -0.0527867 0.0910116 0.4680203 0.7163126 0.1705153 0.4622143 0.0637931 0.6766970 0.6099833 0.1016922 0.0816984 0.0382497 0.7888673 0.3679418 0.0062800 0.4677494 0.8027954 0.5627729 -0.1955297 0.0571472 -0.0490747 0.3461647 -0.5238058 -0.0115723 0.0012017 0.3973455 -0.4016607 0.8302054 0.7306087 -0.3480148 0.0175093 0.4013679 -0.1133536 0.4637342 -0.1961525 0.8167548 0.6413569 0.0343572 -0.0772374 0.4115074 0.7650060 0.3796533 0.6108608 0.3152981 0.3416876 0.4348599 0.2019134 0.1742539 0.1364797 0.2680885 0.4753568 0.1593929 0.3931528 0.2627314 0.5204852 0.4469704 0.1416811 0.0666209 0.5595572 0.5389736 0.3864033 0.4317548 0.6716899 -0.4350246 0.4345439 0.4033039 0.2349133 0.0499733 0.3873313 0.7032576 0.3135515 0.3680833 0.2966582 0.5770302 0.5001424 0.3216781 0.4504957 0.4050896 0.3349688 0.3269237 0.4496102 0.6158400 0.4791252 0.4479295 0.4949419 0.4689784 0.4574785 0.7731196 0.4484089 0.4698769 0.5625772 0.6302675 0.3348241 0.7343348 0.5923502 0.4858952 0.7267500 0.6530215 0.3263195 0.6129380 0.6003401 0.2997632 0.4762058 0.3829331 0.2992141 0.3034173 0.3760812 0.4739476 0.5426274 0.5279574 0.5688604 0.6250930 0.5247337 0.5535853 0.5332526 0.5159285 0.4575807 0.3042409 0.6721180 0.3727382 0.4330717 0.6460184 0.3016233 0.4793951 0.3303023 0.5190875 0.4898901 0.4006726 0.5361977 0.5890567 0.5650703 0.3039205 0.4578291 0.5588481 0.2505482 0.2498425 -0.1432708 0.0756771 0.6101689 0.6220042 0.6942312 0.3458883 0.6324270 0.5356537 -0.0573484 -0.1425847 -0.5721296 -0.5575254 -0.5048195 -0.3949588 -0.5692292 -0.4949016 0.2183338 0.7200817 0.2244725 0.6768471 0.1800359 0.0251131 0.4392541 0.3900568 0.1477142 0.1384968 0.2514242 0.4143655 0.0683310 -0.0827347 0.3066978 0.5307970 0.1737224 0.1700122 0.3086164 0.1510170 0.2046611 -0.0546507 0.3281405 0.7094870 -0.1625632 -0.0566796 0.5521668 -0.1409071 0.5657428 0.4409697
0.2528128 0.0034942 0.4298488 0.0767689 0.3225767 -0.1312472 -0.0991564 0.6477983 -0.1387592 0.1126924 0.6357445 -0.1193611 0.0000000 0.2112236 -0.0682608 0.6874499 0.6011107 0.0504465 0.7399676 -0.0934678 0.0246455 0.7423577 0.6578790 -0.0112736 0.7291729 0.7184408 0.0164605 -0.0277212 -0.0875340 -0.0220560 0.3192052 0.9131626 -0.0583169 0.0094368 0.8255455 0.4057478 0.8469280 0.8127726 0.5204620 0.2597016 0.7202253 0.3974820 0.7780934 0.0890199 0.1414805 0.7512913 0.8059803 0.6521427 0.1122881 0.1619313 0.8395466 0.5431323 0.1829940 0.3896503 0.6912876 0.7981431 0.8572692 0.4437244 0.3503079 0.7985168 0.6345421 0.5347689 0.2102253 0.2470067 0.2681582 0.8162558 0.7955281 0.5898852 0.5813943 0.5613877 0.8224502 -0.0540962 0.2322291 0.2106835 0.7744788 0.6485869 0.1578353 0.6620796 0.4216619 0.5482428 0.1160715 0.4654229 0.2979447 0.3687468 0.4802829 0.4006232 0.0172426 0.6162667 0.3821929 0.5291037 0.1151105 0.2993421 0.0371362 0.3319811 0.3892238 0.2920483 0.1546979 -0.0751639 0.2927596 0.6322533 0.1298037 0.0861901 0.2128272 0.0009444 0.0454659 0.2425371 0.3354234 0.1990406 0.2959207 0.0425497 0.3568204 0.2268482 -0.2743656 -0.1511215 -0.4298077 -0.3145333 -0.2187604 -0.2063237 -0.1695479 0.0449373 0.0387410 -0.1303044 0.3241133 -0.0657005 -0.1991264 0.0868344 0.2688520 0.1436491 -0.2759364 -0.0158668 -0.1167406 -0.0515009 0.1920305 0.1827705 -0.1793402 0.1969556 -0.0894381 -0.2759409 -0.0949638 0.2084497 0.2230721 0.0596036 0.2907947 0.2843764 -0.0136472 0.3140375 -0.1064959 -0.0406258 0.0107493 0.1627306 0.2316693 0.2443305 0.0112660 0.2195847 0.0702735 0.2827913 0.2651778 0.0970768 0.2788236 0.1564705 0.0942120 0.1826440 0.4081495 0.2868349 0.1462701 0.2973619 0.4519468 0.2341607 0.3625538 0.2415622 0.3098671 0.3093471 -0.0512260 -0.0555332 0.0886482 0.1959419 0.1753253 0.0826871 0.2114176 0.0688083 -0.1814076 -0.0846215 0.2883592 0.0652814 0.2806798 0.3666622 0.3240836 0.1427111 0.0719621 0.0239033 0.4211590 0.2718704 -0.0617848 0.0265429 0.2855707 0.1562727 0.2739420 0.2237595 0.2488039 0.1766098 0.3774243 0.1722972 0.0248580 0.0939721 0.3427825 0.2406900 0.0435182 0.2900008 0.1658085 0.1841150 -0.1142601 0.1145506 0.3471310 0.3329008 0.1562216 0.3654556 0.1122879 0.1982806
0.2827827 0.5402729 0.0682343 0.5475893 -0.1651583 0.5260620 0.6246986 0.3902022 0.6295835 0.5616434 0.0412422 0.6833789 0.2112236 0.0000000 0.7478419 0.2621401 0.7108608 0.8778092 0.2656958 -0.0905209 0.6894825 0.2797161 0.3534215 0.5873664 0.1763776 0.1832943 0.8061134 0.5604671 0.6409407 0.8684558 0.2930701 0.0279211 0.5375829 0.6016159 0.2344012 0.6466930 0.1718512 0.2208451 0.7911113 0.8315589 0.1168805 0.6758295 0.3384211 0.4012369 0.4811295 0.3492209 0.3330458 0.0426435 0.4798486 0.4419271 0.2513226 0.7495491 0.5903342 0.6744641 0.0074193 0.3140034 0.2189480 0.3484169 -0.0610335 0.2489324 0.4162122 0.6223232 -0.1850511 0.5468895 0.6272393 -0.0429265 0.2785104 0.6177303 0.1991535 0.4687204 0.0632768 0.5102004 0.7802459 0.1567011 0.2202413 0.4728645 0.5301612 0.5743240 0.7133933 0.6606000 0.5399056 0.3083040 0.0391772 0.1476019 0.1230611 0.3326277 0.4516658 0.2212834 0.4343063 0.3075488 0.3784552 0.4273466 0.2931497 0.3736022 0.4822445 0.3301136 0.4072915 0.2705930 0.5330993 0.0041454 0.4680673 0.2806415 0.2066696 0.2708695 0.4484496 0.4755662 0.4147463 0.2658134 0.4811816 0.3383237 0.5432647 0.4283064 -0.0266839 -0.0033398 -0.1365903 0.0208241 0.0441282 0.1522167 0.1961857 0.4000102 0.4366655 0.1769041 0.6555672 0.4816093 0.3527435 0.3340027 0.4647300 0.5907138 0.3046644 0.6177910 0.4646964 0.3987030 0.5616046 0.7074701 0.3420071 0.6454095 0.6037365 0.3882109 0.5031926 0.4161329 0.4551201 0.4829773 0.4763380 0.5832863 0.4768126 0.5197704 0.6065072 0.7005160 0.3414807 0.5740578 0.4374148 0.4637014 0.4813565 0.4708044 0.4194134 0.4071033 0.7206512 0.6586933 0.5599191 0.5350785 0.4286935 0.6028169 0.4552420 0.7015471 0.6383330 0.5789367 0.5863833 0.5336542 0.7234927 0.6065425 0.5703338 0.4940181 0.0871114 0.3416158 0.8070356 0.6261788 0.5725177 0.4873820 0.6358260 0.5178032 0.0908454 0.0421126 -0.0320968 -0.2655875 -0.1216477 -0.1245311 -0.2016483 -0.1361915 0.3263274 0.4793931 0.3887832 0.6171680 0.3532879 0.2104894 0.3965385 0.4656620 0.4311539 0.5082646 0.5121979 0.4102854 0.3479776 0.1864439 0.2379763 0.5017578 0.2086650 0.5871044 0.4051888 0.2565370 0.1597351 0.2396713 0.1124049 0.5689303 0.1120577 0.2604162 0.5913253 -0.0596939 0.7891785 0.7598930
0.4182155 0.7600330 0.1107160 0.8034787 -0.0971980 0.8372077 0.8270584 0.3625275 0.8269982 0.6399950 -0.1389369 0.8597274 -0.0682608 0.7478419 0.0000000 0.0146267 0.3780860 0.8285367 -0.0167259 0.0268397 0.7045251 0.1308216 0.1322923 0.7676221 -0.0133472 -0.1588988 0.6409297 0.6543552 0.7902009 0.7926664 0.3052777 -0.2383029 0.7750489 0.7276894 -0.1783445 0.3616593 -0.1478372 0.0156035 0.5097454 0.7317285 -0.0206310 0.4396171 0.0766034 0.5890817 0.4818988 0.0362978 0.0057137 -0.1150940 0.7029613 0.2421343 -0.0137735 0.4774809 0.6768478 0.5886034 -0.2684410 -0.0545440 -0.0597926 0.2917544 -0.3090607 -0.0662759 0.1075139 0.4212881 -0.4031808 0.7233811 0.5244857 -0.2794363 0.0723471 0.4319325 -0.1464614 0.4093519 -0.1680349 0.7494486 0.6977680 0.0788734 -0.0092213 0.3551785 0.6028917 0.4344674 0.5099280 0.3935274 0.3642388 0.4248654 0.1563370 0.0951355 0.0461845 0.1228541 0.4405642 0.0369913 0.2634608 0.0695049 0.3729445 0.3160563 0.1509419 0.1528968 0.4746265 0.4694402 0.4858892 0.3266863 0.4857278 -0.2299119 0.2725868 0.3397330 0.3073868 0.1415521 0.3742992 0.5842743 0.3138433 0.4579057 0.4510566 0.4170085 0.4988991 0.3368796 0.3555832 0.2555042 0.1281591 0.2381930 0.3076067 0.3799562 0.3732797 0.2933528 0.3820146 0.4207668 0.5601624 0.6702815 0.2980676 0.2850306 0.4834352 0.6745803 0.2357046 0.6729756 0.4980721 0.5211243 0.5996482 0.7230833 0.5543958 0.7545238 0.5595421 0.2653896 0.4816147 0.3422590 0.4554192 0.3229096 0.5870794 0.5578579 0.5165740 0.6952565 0.6091892 0.7465571 0.6272739 0.6525007 0.5398020 0.5238172 0.4588460 0.4576489 0.6680231 0.5609369 0.6196594 0.7226335 0.4595945 0.5955710 0.4821900 0.6565941 0.5983837 0.5617148 0.7084080 0.6046126 0.6389861 0.5177232 0.6294909 0.6776925 0.4270651 0.4503790 0.1722222 0.2700027 0.6349388 0.4362293 0.4164099 0.2950120 0.4434344 0.4548628 0.0436634 0.0345808 -0.3046002 -0.2860650 -0.2700496 -0.3893918 -0.3772878 -0.3114628 0.2680857 0.5309520 0.1693417 0.5518099 0.2786695 -0.0429756 0.3152104 0.3078510 0.0925121 0.1824689 0.3454499 0.2702132 0.4230664 0.1156457 0.4093021 0.5358446 0.2020930 0.3905529 0.2260225 0.2736024 0.3855149 0.0859590 0.3761924 0.6226623 -0.0212771 0.0224393 0.4942203 -0.0731031 0.7986300 0.6027158
0.1317115 0.1752083 0.2942425 0.1405980 0.0305987 0.0391609 -0.0428209 0.6550693 -0.0035713 0.1835022 0.8367532 0.0292905 0.6874499 0.2621401 0.0146267 0.0000000 0.6581276 0.1621240 0.8139178 0.1187543 0.2621356 0.6244148 0.9119668 0.0322260 0.6980900 0.8521592 0.2516032 0.1390565 0.1341975 0.1252407 0.1897977 0.7378426 0.0131321 0.1910903 0.8351607 0.6114663 0.8048587 0.6596751 0.6006105 0.2536020 0.7615494 0.6009782 0.8421029 0.0916778 0.5245705 0.8215994 0.8110811 0.6187155 0.2418764 0.3757007 0.8238714 0.6852700 0.4660512 0.5245071 0.7091146 0.7668422 0.8220292 0.7129131 0.0253986 0.8680015 0.6383281 0.7093515 0.1534386 0.4097432 0.5684737 0.6976045 0.9043397 0.7062003 0.5226126 0.7252006 0.8197186 0.0720903 0.3665755 0.1398388 0.7091022 0.6831389 0.1263243 0.6185463 0.5166469 0.4832688 0.1150445 0.3452634 0.4921503 0.5166428 0.5990686 0.6137756 0.2090627 0.5690633 0.4645406 0.4766286 0.1626771 0.1474263 0.1179737 0.3155503 0.2609107 0.2330823 0.2626313 0.0844386 0.1331469 0.3666523 0.3757864 0.2269535 0.4405668 0.4589646 0.3402397 0.2702826 0.4726409 0.4024008 0.2817914 0.1701849 0.4143884 0.2129081 -0.2191753 -0.2649664 -0.3227284 -0.2652314 -0.2534947 -0.0102369 -0.2167914 0.1404993 0.1986519 -0.1269246 0.6587679 -0.0283123 0.0395938 0.0694049 0.3295388 0.4673692 -0.1273130 0.2657096 0.1377274 0.2124155 0.2872892 0.3158471 -0.0201550 0.3840097 0.1585927 -0.0620748 0.1339610 0.1534836 0.3746552 0.1946827 0.5039310 0.4258029 0.1482061 0.4103689 0.1541877 0.1862445 0.0979441 0.3524842 0.3471635 0.3317958 0.3052828 0.3126638 0.0400791 0.4001453 0.4814926 0.2466153 0.4181303 0.4190635 0.2608266 0.4066877 0.5973895 0.4349025 0.3411927 0.4070228 0.5829801 0.3112361 0.3872049 0.4118959 0.3430210 0.3818290 -0.1266183 -0.1924581 -0.0311607 0.0655034 0.2371616 -0.1721056 0.3765670 0.2882293 -0.3071894 0.0179066 0.1851626 0.0072375 -0.0975705 0.1973116 -0.1423624 -0.0966765 -0.0793789 0.0613283 0.2789468 0.1388691 -0.4842275 -0.1851295 0.2077443 -0.0137052 0.1495294 -0.0587281 0.2577721 0.1461935 0.0975873 0.0467882 -0.0666669 0.0112183 0.1902094 0.1587386 -0.1358561 0.0279032 0.0236982 0.0397109 -0.2434043 0.0503439 0.0726720 0.2629380 0.1575691 0.0536991 0.1637164 0.2285161
0.4455063 0.4722507 0.3768170 0.2920252 0.0884893 0.0534215 0.1671694 0.5895069 0.1312688 0.2265038 0.4374718 0.2123824 0.6011107 0.7108608 0.3780860 0.6581276 0.0000000 0.6090201 0.6374943 -0.0574159 0.3574177 0.4359912 0.7222285 0.1184980 0.4761963 0.5502009 0.6728469 0.1547501 0.2983768 0.5139173 0.1755785 0.4317276 0.0785832 0.1720513 0.6509949 0.6413925 0.4784041 0.4506261 0.7952414 0.5489548 0.3718859 0.6758746 0.7514492 0.0065766 0.4028137 0.5696903 0.5624211 0.2378719 0.1166708 0.2267137 0.5843193 0.8575533 0.3714921 0.5776678 0.3040243 0.5129757 0.5647401 0.4149249 0.2870393 0.5659467 0.6794186 0.7094441 -0.0356205 0.3316232 0.4710246 0.4994944 0.6533266 0.7089386 0.3809854 0.5339160 0.4714661 0.1970479 0.6646619 0.2637982 0.6004457 0.5708059 0.2408917 0.6159513 0.5685144 0.7300190 0.3460658 0.3637027 0.1940563 0.3172329 0.3377929 0.4387016 0.1441451 0.4604666 0.4400670 0.3621293 0.2101032 0.2919221 0.2827073 0.4886272 0.3131646 0.1962162 0.4673269 0.1097128 0.2697501 0.3525568 0.2553382 0.2422192 0.3726739 0.2309409 0.4539661 0.2404565 0.5305599 0.3147984 0.5564691 0.1745405 0.4732099 0.2855291 -0.3982797 -0.3755521 -0.5577089 -0.3817711 -0.3711543 -0.2205442 -0.2268066 0.2401238 0.3206093 -0.2025150 0.6624004 0.0782048 0.1439121 0.1745555 0.2746062 0.4865005 0.1045418 0.3622729 0.2657341 0.2155906 0.2382086 0.5470246 0.1145577 0.5659865 0.4056060 0.2477414 0.3839646 0.4142186 0.3602773 0.5269102 0.4750539 0.6399397 0.4111170 0.5150457 0.4196735 0.4797940 0.0454040 0.5014498 0.4004482 0.4843564 0.4724127 0.3508691 0.1217883 0.5055913 0.7280503 0.5828099 0.4918206 0.5341256 0.2592545 0.5910510 0.5932677 0.7595641 0.4593284 0.5835514 0.6378778 0.4707344 0.7327512 0.4974295 0.4631993 0.4237168 0.3099455 0.3260421 0.5483641 0.3664895 0.2781145 0.3131270 0.4323845 0.3473414 -0.0234830 0.0197270 0.3326860 -0.0573494 0.1666230 0.1334702 0.1261903 0.1401277 0.3385888 0.1906589 0.3859181 0.3752781 0.1170825 0.0321081 0.2581089 0.3108720 0.4092518 0.4837937 0.5280221 0.3148335 0.4687117 0.3472504 0.2400226 0.1992954 0.3697072 0.6008453 0.3012167 0.3743667 0.2085075 0.3732021 -0.0325468 0.4048102 0.3483810 0.5952095 0.5784015 0.0911430 0.6246858 0.6447705
0.2322767 0.6742667 0.0397051 0.6809185 -0.3157610 0.6164206 0.7164911 0.5321674 0.6897706 0.6091575 -0.0678022 0.7389224 0.0504465 0.8778092 0.8285367 0.1621240 0.6090201 0.0000000 0.3132126 -0.2229973 0.7374798 0.2814534 0.3433243 0.7064378 0.2196296 0.1344639 0.7361200 0.6646200 0.8052168 0.8979039 0.1686114 -0.0970754 0.6470590 0.6914034 0.0840479 0.5105792 -0.0239868 0.2041779 0.6821518 0.7759767 0.0311864 0.6836695 0.2548468 0.4264019 0.6237355 0.2308877 0.1389003 -0.0330152 0.5494260 0.3631623 0.0490140 0.7027030 0.6697025 0.6199001 -0.2410336 0.1213591 0.0223628 0.2910058 -0.1127387 -0.0008927 0.1589411 0.5334329 -0.5188594 0.6020396 0.6007243 -0.2234773 0.1916309 0.4735819 -0.1506303 0.3808724 -0.1156813 0.5237564 0.6614496 -0.1186917 0.0497417 0.3695220 0.5533960 0.3428735 0.4607998 0.3657444 0.1629678 0.2933699 0.2096482 0.2132566 0.1925764 0.3723335 0.4688567 0.2646208 0.4781529 0.2591303 0.3973973 0.3547833 0.3613445 0.3768993 0.5453057 0.3299631 0.5122861 0.4529965 0.5617063 -0.1778050 0.3826768 0.4251627 0.4398179 0.1295040 0.4478558 0.5052264 0.3995542 0.4857367 0.3939637 0.4572166 0.4725131 0.2163356 0.1697480 0.1893808 -0.0874156 0.1530909 0.1652957 0.2408234 0.2906414 0.2231961 0.3916884 0.2603597 0.5481358 0.5478236 0.3519389 0.3292325 0.4539451 0.6586406 0.2840376 0.6966695 0.5569208 0.4737687 0.5613108 0.6947802 0.2585772 0.6656826 0.6647328 0.4280983 0.5557039 0.4276192 0.4100175 0.5294021 0.3574139 0.6565596 0.6075041 0.5476170 0.6722468 0.7340837 0.2831485 0.6379684 0.4499943 0.5411330 0.5820328 0.4176068 0.4550686 0.4138870 0.6639868 0.7832440 0.4238754 0.5066765 0.3685365 0.6567515 0.5169931 0.6523032 0.6305847 0.6603209 0.6713285 0.5730351 0.7805287 0.6421887 0.4660249 0.4274569 0.0551707 0.1638953 0.6819955 0.5071364 0.4915233 0.3366861 0.4620387 0.3817600 -0.0240314 -0.0360710 -0.1748232 -0.3807743 -0.2318455 -0.5180890 -0.3748894 -0.3963157 0.1501754 0.4239254 0.0255946 0.4303540 0.2090803 -0.1480258 0.2284910 0.3353359 0.3019974 0.3606263 0.2025762 0.4390159 0.3255923 0.0086484 0.2115353 0.2836943 0.1579779 0.3251883 0.2417287 0.2098117 0.1627061 0.0045903 0.0749785 0.5158608 -0.0738087 0.1317181 0.6315789 -0.2365187 0.7601801 0.7383275
