0.0000000 0.4508995 0.5095557 0.3361373 0.3804674 -0.1017701 0.5251821 0.5678519 -0.0029439 -0.1684060 0.2139377 0.2911476 0.2436816 0.0323923 0.0821611 0.3573266 0.0509338 0.1620653 0.4435439 0.0843742 0.1406234 0.1373293 0.3227940 0.0769518 0.1478256 0.4577161 -0.2345320 0.1775169 0.1029410 -0.1208208 0.3112725 -0.0247267 0.0893446 0.1157396 0.1707634 0.0756039 0.3402727 -0.1469725 -0.4720593 0.1973224 -0.0254648 0.0972539 -0.0487911 0.1068445 0.2107604 0.2599292 0.1765950 -0.0623643 0.0770557 0.2422958 0.3042216 -0.0044090 0.1086625 0.4295811 -0.0071609 0.2198630 0.3927459 0.3301853 -0.1255601 0.1841091 0.1213984 0.3161073 0.0569812 0.2318940 0.2680825 0.3804689 0.4123504 0.4004553 0.4573834 0.2423087 0.1536482 0.1402422 0.2426794 0.4733710 0.3959155 0.2896327 0.2989305 -0.1297242 0.1419563 0.3793302 -0.1954900 0.1440424 0.4326973 0.4656872 0.0460307 0.4088224 0.0286252 0.5067280 0.3483122 0.3482343 -0.0986169 -0.0984696 0.0063231 0.3938582 0.5908674 -0.1914737 -0.0932588 0.1365678 0.3204969 0.0884097 0.4966724 0.3801051 0.2942019 0.1288516 -0.1285704 0.2805650 -0.1891505 0.2269916 -0.0262905 -0.1714318 -0.1813155 -0.0982293 -0.0336421 0.0379790 -0.2450968 -0.2140507 -0.1033969 -0.1455276 -0.0683591 -0.2667704 -0.2474380 -0.1244185 -0.2385711 -0.0371381 -0.0981545 -0.1332999 -0.1968070 -0.3555893 -0.1522870 -0.2433340 -0.2616393 -0.0718838 0.0497938 -0.2354450 0.1906335 -0.3107334 -0.1993823 0.0951898 -0.0759877 0.3188881 -0.2831806 0.1999138 0.1028611 -0.1888569 -0.1265500 -0.2490955 0.1740001 0.1873547 0.2545455 0.3693674 0.2899039 0.0602244 0.4597797 0.0462989 0.2597169 -0.0142471 0.2313406 0.4668955 0.0423455 0.2476705 0.2907041 0.3679956 -0.0298183 0.2644890 0.5087426 0.1056015 0.0367918 0.2844728 0.3418001 0.4486302 0.4733412 0.3307008 0.3017257 0.0047884 0.3667409 0.3966831 0.3273346 0.6110420 0.1025230 0.2426068 0.4769735 0.4461035 -0.0882454 0.1095644 0.0318664 0.4333438 0.0606062 0.2913285 0.2338690 0.1820050 -0.3575984 0.4343327 -0.1203309 0.0995728 -0.1470880 0.1580831 0.0283670 0.0736754 0.1994929 0.0095052 -0.6143325 0.1400179 -0.1023140 -0.2150564 0.2033831 -0.2021184 0.2113608 -0.2352980 -0.4786146 0.1047966 0.0517921 -0.0535923 0.2691265 0.3111220 0.1756044 -0.1307726 -0.0248330 0.0340659
0.4508995 0.0000000 0.2830245 0.4505619 0.2629977 0.3607283 0.4122707 0.3296236 0.1217194 0.1709159 0.2705464 0.5397955 0.0101305 -0.0867679 0.2741933 0.0029752 -0.1126003 -0.0291882 0.0471806 -0.0754645 0.3716694 -0.4407938 -0.0315083 0.2883682 -0.1866214 -0.0704028 -0.3208811 0.1398058 0.2698019 -0.1550043 -0.1539057 -0.3879151 0.1724680 0.2854909 -0.3303555 0.2459999 0.1117284 -0.1940205 -0.3084854 0.1442957 -0.2093205 0.2220841 -0.2303440 0.0480392 0.3724709 0.0597318 -0.2418628 -0.2063247 0.1744136 0.0757993 -0.2048197 -0.1987364 0.3239117 0.1844072 0.0271083 0.0328187 0.0222677 0.2206928 0.1892241 -0.1746096 0.3696334 -0.0581525 0.1289436 0.4043284 0.5324661 -0.1178136 0.0317746 0.1223856 0.0607122 0.1370396 -0.1948556 0.3712373 -0.0154479 0.4946454 0.1249481 0.2697376 0.4047540 -0.1640453 0.1445269 0.5347954 0.2808920 -0.0438306 -0.0066170 -0.0922726 -0.3412752 0.0271571 -0.2974550 0.1026855 -0.1077921 -0.1363805 -0.1634637 -0.0084210 -0.1339248 0.2424836 0.1221863 -0.0702820 0.1116062 0.1734660 0.1198893 -0.0703659 0.0043435 0.1124424 -0.0338941 -0.0170139 -0.1727521 0.1855890 -0.4456829 0.0681839 -0.1892238 -0.1861619 -0.3169422 -0.2317206 0.1240714 0.2640270 0.2865813 0.1298815 0.1583935 -0.0937522 0.0929526 -0.1737938 -0.1966745 0.0061866 -0.2383300 -0.0799447 -0.2375484 -0.1204566 -0.3446185 -0.1558615 -0.3442192 -0.3282457 -0.4896521 -0.4487324 -0.3889503 -0.1987362 -0.2887483 -0.3090950 -0.3992449 -0.1377962 -0.4594468 0.0528712 -0.4945098 -0.0149307 -0.0144355 -0.2153503 -0.4243619 -0.0590881 -0.3182328 -0.4581999 -0.2166280 0.0124412 0.1261132 -0.0404177 0.0452363 -0.1833189 -0.0658844 0.1164072 0.0206045 0.0312472 -0.1508484 0.0885779 -0.0657904 -0.0462482 0.1122489 0.0580560 0.0174330 0.0245433 -0.0847603 -0.1344733 -0.1550683 -0.1191562 0.0494382 -0.1391295 0.5186639 0.3212539 0.5260443 0.6025211 0.5107085 0.4813030 0.3336870 0.3335060 0.3537925 0.1470398 0.1004412 -0.0524331 0.0540099 0.6372882 -0.0449035 0.1640066 0.2703964 0.4106238 -0.1097562 0.5319476 0.0354415 0.0944212 -0.0810662 -0.0780117 0.1004985 0.1897912 0.3849325 -0.0720664 -0.3865109 -0.2117704 -0.2278035 -0.2281187 0.2700866 0.3057250 0.0970566 0.0030250 -0.3114951 0.1922926 -0.1332715 0.0441275 0.4239607 0.2176102 0.2520945 -0.1643623 -0.0608840 -0.3121184
0.5095557 0.2830245 0.0000000 -0.0028720 0.8569145 -0.4635694 0.5088190 0.5373349 -0.1347239 -0.3416332 -0.1565198 0.1485241 0.8100441 -0.0085165 0.0105163 -0.0764863 0.0848984 0.0014322 0.2011813 0.3617251 -0.0555271 0.3899419 0.1205096 -0.0387802 0.1886237 0.2614056 0.0132943 0.0715753 -0.1587428 -0.1875175 0.7111650 0.2448420 -0.2335927 -0.2579761 0.0934573 -0.2286618 0.4074190 0.4423559 -0.4357266 0.0481822 0.5368729 -0.1899166 0.1450080 -0.1720670 -0.1974109 0.3373154 0.0758163 0.5196705 -0.2803616 0.5497860 0.0039282 -0.0608467 -0.3034577 0.1326668 0.5380022 0.5165476 0.2657585 -0.2169977 -0.1554849 0.0736532 -0.2281180 0.0290837 0.6330701 -0.2030161 -0.1507590 0.2651206 0.0319710 -0.0233976 0.5664949 -0.2914802 0.0212270 -0.3066113 0.0875497 0.4478571 0.4423411 -0.1333965 -0.1925629 0.1214185 -0.1453841 -0.0330182 0.1550160 -0.2818881 0.0234551 0.0624770 -0.1265481 0.3827827 0.0857224 0.1682856 0.2353735 0.1503128 0.1545906 0.1445839 0.2969178 0.2940912 0.2842275 -0.0983835 0.0247828 0.4805437 -0.0433180 0.0682142 0.1070502 0.4805597 0.2412924 0.0649396 -0.1064464 0.1093714 -0.1857636 0.1332293 -0.0700635 -0.1784271 -0.3009493 -0.2934177 -0.0408706 0.1878137 -0.0509508 -0.0489251 0.1593689 -0.0793034 -0.0283900 -0.1130554 -0.0534334 0.0600880 -0.5224916 -0.3970589 0.1038757 -0.1742338 -0.3343770 -0.5760611 -0.0774998 -0.4725995 -0.2858410 -0.2282089 0.1396458 -0.4348623 0.1347539 -0.5300897 -0.0695972 -0.0400236 0.1131908 -0.3096125 -0.3892155 -0.1792104 -0.1042316 -0.2538059 0.1223799 -0.3952486 0.3653038 0.2935885 0.1300319 -0.0921455 -0.3402189 -0.1533555 0.4172378 -0.1238810 0.2971785 -0.1308099 -0.2010778 0.5666420 -0.2376540 -0.2927300 0.3713971 -0.0190634 -0.2217441 -0.1811164 0.4588844 -0.1462034 -0.0744321 0.2508546 0.0052384 0.0644470 0.6093348 0.2105643 -0.0191113 -0.4631872 0.2123482 0.1979808 0.1433741 0.5994635 -0.0965355 -0.1574442 0.2268379 0.0318348 -0.2620595 -0.0559684 0.0229166 0.1820583 0.5600002 0.7063211 0.6548787 0.3360408 -0.3735350 0.4152742 0.3181175 -0.1739312 -0.2391917 -0.2064630 -0.2743569 0.4932889 0.5644965 -0.2186389 -0.0391177 -0.0868818 -0.0336622 -0.4267470 0.4678775 0.3311980 0.0329381 0.1002282 -0.0802282 0.3837754 0.0523996 -0.5441420 0.4486299 -0.0570407 -0.2694743 0.1413973 -0.1091561 0.1505437
0.3361373 0.4505619 -0.0028720 0.0000000 -0.1675331 0.6211428 0.1485662 0.5892734 0.5116493 0.6147442 0.7209782 0.6496610 -0.0620044 0.4019828 0.3380967 0.5078919 0.2862827 0.4809382 0.4851302 0.0669307 0.6199117 -0.2989754 0.3386290 0.4919883 0.1484798 0.1749481 -0.3816208 0.1978383 0.5100901 -0.0848332 0.0997194 -0.1400697 0.3927149 0.4187831 -0.0760772 0.5368694 0.2480942 0.0102437 0.0093537 -0.0086408 -0.0605599 0.5799485 0.0954679 0.1980780 0.6055927 0.4078375 0.0276252 -0.1183362 0.3905039 0.0160576 0.1376539 0.2480154 0.5731778 0.5985548 -0.1723519 0.0811462 0.2524608 0.6860480 0.1631185 0.2545953 0.6553714 0.3748275 -0.2121425 0.6947623 0.6426532 0.0017890 0.5259122 0.6731878 0.0020981 0.7191203 0.2702033 0.6153548 0.6334182 0.3810423 0.0971435 0.7097605 0.5265679 0.0524261 0.6093273 0.3945691 0.1722031 0.1768830 0.4143490 0.3084920 0.0029552 0.2372333 0.0492487 0.1456459 0.0705683 0.2746515 0.0653257 0.0843168 0.0408102 0.1106680 0.2449679 -0.0310259 -0.1284787 0.2600289 0.2991958 -0.4268870 0.4825791 0.2309578 0.4680693 -0.3753844 0.1102793 0.3248614 0.1185083 0.0247889 0.4295578 0.2059864 0.4217825 0.4103004 0.1381004 -0.2781062 0.3554232 0.0046899 -0.3897702 0.1628861 -0.0393285 0.1645067 -0.1628860 -0.1722000 0.3557066 0.1857239 0.1872781 0.2437378 0.1866058 0.3770342 0.3438611 0.3596586 0.2990459 -0.0972606 0.0131232 0.3420153 0.2254009 0.2869442 0.2088134 0.6185106 0.0837473 0.5372650 0.1220225 0.6647115 0.0211534 0.1783352 0.2282613 0.3970608 0.1785724 -0.0122672 -0.0444093 0.4913798 0.3061577 0.2449959 0.4106564 0.2191629 0.1033509 0.1267221 0.3001564 -0.2566090 0.0992962 0.4028151 0.0548195 0.5479115 0.1634692 0.3909567 0.1497399 -0.0490964 -0.0299470 0.0955378 0.2625087 0.4772877 -0.1419823 0.2291946 0.0757508 0.4344318 0.5605200 0.5748573 0.5666740 0.2265532 0.6053861 0.4864493 0.2303488 0.1325808 0.1242265 -0.1735523 0.1411058 0.4407436 -0.2788424 -0.1418972 -0.2226873 0.0339268 0.3535235 0.0335382 -0.4246738 0.4488407 0.1789255 0.3689986 0.3307157 -0.3492499 -0.2368745 0.3580920 -0.2168719 -0.1497743 0.1269191 0.1890747 0.2054856 -0.2499747 0.6588437 -0.3981621 -0.1904170 -0.5452681 0.3901100 0.4017642 0.3111262 0.1628337 0.3053412 -0.3239463 0.0633689 -0.5642466
0.3804674 0.2629977 0.8569145 -0.1675331 0.0000000 -0.4280499 0.6015143 0.4039561 -0.2536941 -0.3838623 -0.1945814 0.1615987 0.6792274 -0.3001290 -0.0200667 -0.2321093 -0.0901797 -0.0121587 0.0011247 0.2295225 0.0039868 0.2958464 -0.0357736 -0.1061014 -0.0386834 0.1969203 0.0912640 -0.0436862 -0.0881646 -0.2933668 0.4169233 -0.0485042 -0.2271627 -0.1391977 -0.0099584 -0.1436308 0.2969123 0.1551904 -0.3617522 -0.0509290 0.2882409 -0.1745107 0.1120392 -0.1447837 -0.1493250 0.2144376 -0.0902767 0.2839477 -0.2152763 0.3061789 -0.1733169 -0.1458963 -0.2324247 -0.0115376 0.3982832 0.3671309 0.1186561 -0.2817067 -0.1845278 -0.1197908 -0.2204791 -0.2110837 0.6047462 -0.1881640 -0.0631246 0.0759946 -0.2298062 -0.2998441 0.4079798 -0.3728703 -0.1025350 -0.2314467 -0.1825501 0.4938997 0.4250918 -0.1887940 -0.1240708 0.1511002 -0.2663494 0.0533461 0.1471341 -0.5379546 -0.2328172 -0.1049771 -0.2118897 0.4680987 0.2226304 0.0683454 0.2529759 0.0057843 0.3361274 0.0159637 0.4828436 0.1371060 0.2969046 0.1557104 0.3172108 0.5889488 -0.0979639 0.0406240 0.1120164 0.5881696 0.1214232 0.0281710 0.1926151 0.1975205 -0.1633594 0.2588505 -0.0984766 -0.1345121 -0.2588633 -0.3542730 0.0444239 0.4433008 -0.1251179 0.0155022 0.2632681 -0.0610120 0.0778452 -0.1564249 -0.0914639 0.0148507 -0.4944617 -0.2835105 0.0148313 -0.2188658 -0.4846822 -0.5693409 -0.1469085 -0.4722713 -0.3710603 -0.1422909 0.0530914 -0.5309461 0.2218270 -0.4536176 -0.1761717 -0.1461805 0.1347263 -0.3061037 -0.2253535 -0.2290183 -0.0578049 -0.2146849 0.0246437 -0.3485733 0.4401221 0.3357857 0.4035609 0.0056248 -0.2095915 -0.1730069 0.3902528 -0.0173599 0.4449812 -0.0547128 -0.1828000 0.6648648 -0.1391811 -0.2722880 0.4844219 -0.0097655 -0.1576186 -0.2380467 0.5299206 -0.0171747 -0.0465047 0.4123261 0.0616948 0.0235728 0.7305781 0.2861886 0.0360055 -0.4307567 0.1607922 0.1616236 0.2240714 0.5609477 0.0007404 -0.0511590 0.2891457 -0.0544592 -0.3159955 -0.1520183 -0.1098210 0.3379862 0.5435605 0.7945440 0.7417580 0.3492208 -0.4605495 0.3905195 0.2984337 -0.2295408 -0.2043607 -0.3031160 -0.2294570 0.4475054 0.6081557 -0.2506055 0.0090935 -0.2041061 -0.1370528 -0.4939491 0.5061348 0.4791390 -0.0002783 0.2742337 0.0750848 0.6314359 -0.0951840 -0.4699924 0.5796012 0.1088082 -0.0951861 0.3644987 -0.1208628 0.1190495
-0.1017701 0.3607283 -0.4635694 0.6211428 -0.4280499 0.0000000 0.1146859 0.0088551 0.7247439 0.9009030 0.5727251 0.6835506 -0.4036553 0.4799337 0.5725935 0.2362006 0.2050163 0.3725041 0.1395020 0.0458343 0.6786841 -0.6744976 -0.0430720 0.5507750 -0.0457979 -0.0785021 -0.0650505 0.3853782 0.7008956 0.3349621 -0.4941635 -0.3010790 0.5642152 0.6864446 -0.2052001 0.7375432 0.0557050 -0.3189206 0.5849396 0.2011934 -0.3649081 0.7100573 0.0056319 0.4950607 0.7653639 0.0720152 0.0706697 -0.3946119 0.7352943 -0.3267468 0.0494538 0.1005199 0.8147437 0.2365093 -0.3499690 -0.2473375 0.0485067 0.6438354 0.4835577 0.0293429 0.7780286 -0.0626097 -0.3993012 0.7543703 0.7720193 -0.1961912 0.0325828 0.1608096 -0.2333304 0.5590363 -0.2637442 0.8212824 -0.0104663 0.2271847 -0.3425519 0.5559528 0.6700620 -0.3729385 0.2955445 0.6076796 -0.1081412 0.3194255 0.2398429 0.0829605 -0.1048103 -0.1028745 -0.0986825 0.0581659 -0.0886499 0.1174000 -0.0503672 -0.1923527 -0.1203905 -0.0707253 -0.0410785 -0.1056299 -0.1733780 0.0327424 0.1282416 -0.2721295 0.1868533 -0.1090084 0.0770562 -0.1613877 0.0531984 0.0812048 -0.0197855 -0.0035491 0.3251185 0.1627201 0.3512438 0.3675464 0.2427598 -0.1891768 0.5263022 0.2041442 -0.3644508 0.2573785 0.2022787 0.1932335 -0.0710339 -0.3097892 0.3625238 0.5071442 0.1437294 0.1952748 0.1827265 0.4526776 0.1030437 0.4405090 0.2830372 -0.1338499 -0.1904716 0.4621032 -0.2064439 0.4308655 0.1312714 0.3446220 -0.0276849 0.3420633 0.1163687 0.4536532 -0.1140219 0.2237597 0.0105417 0.6016535 -0.1064802 -0.2711052 -0.1877353 0.2268336 0.2057720 0.2313427 0.0414184 0.2488955 -0.0104890 0.2385781 0.1435072 -0.4920781 -0.0025988 0.2176261 -0.1543199 0.2659723 0.2624926 0.1711755 -0.1910578 0.0056426 0.0835263 0.0218860 0.1905411 0.1752827 -0.3598617 0.1076001 0.1956896 0.8944895 0.5382313 0.5795047 0.6012853 0.1478948 0.7234047 0.6503556 0.2193249 0.3208300 0.5010963 0.1580097 0.2581506 0.4410722 -0.4700412 -0.3670241 -0.2620648 0.1468651 0.5287084 0.0941719 -0.5350014 0.5084287 0.3182893 0.3372727 0.4896803 -0.4442788 -0.1903650 0.2825886 0.0206351 -0.1095185 -0.0788462 0.2616687 0.0498751 -0.2458018 0.3412603 -0.2019193 0.0579927 -0.2650086 0.0422915 0.6490443 0.2288990 0.2285372 0.4131148 -0.2179328 0.4055717 -0.3177190
0.5251821 0.4122707 0.5088190 0.1485662 0.6015143 0.1146859 0.0000000 0.4330599 0.1739650 0.0663625 0.2578322 0.5566088 0.3260545 0.1684528 0.2507813 0.1187605 0.1439172 0.2753340 0.3494740 0.3750239 0.4373794 0.1660412 0.2303412 0.1246288 0.3630475 0.4705551 0.2005775 0.3007198 0.3900719 -0.1521516 0.2068498 -0.0093129 0.1554704 0.3303125 0.3680405 0.4800768 0.6255625 -0.2079068 -0.0204448 0.0266872 -0.0665886 0.4478152 0.4019421 0.0269682 0.4662985 0.4597048 0.4011360 -0.1506497 0.1840905 0.2950540 0.3560762 0.2689749 0.3166343 0.3003864 0.1019867 0.3163643 0.5422820 0.2824776 0.1278614 0.2812852 0.4133874 0.0538224 0.1108929 0.3841796 0.5105792 0.3594158 0.0898395 0.0268496 0.5188600 0.1669990 -0.2132647 0.3561313 -0.1478706 0.7639641 0.4360224 0.2781046 0.4397433 -0.2014624 -0.1315978 0.4686845 -0.2165350 -0.1145473 0.2060048 0.2192806 -0.3004715 0.7536417 0.3505679 0.3738677 0.3288303 0.1479342 0.0849001 -0.4233701 0.0919765 0.0983066 0.3895723 -0.1249350 0.0714279 0.4479671 0.0734718 -0.1370953 0.5130099 0.7756215 0.4095794 -0.0450528 0.0529231 0.3428655 -0.2437693 0.3076590 0.1609140 -0.3082223 -0.2493140 -0.0446229 0.3133721 0.1936044 0.2524193 0.1166137 -0.1200146 0.0680109 0.2122363 -0.0599031 -0.2045053 -0.2930067 -0.2706407 0.0200518 0.1159613 0.0705368 -0.2611937 -0.3388415 -0.0560684 -0.2515724 -0.2188576 -0.3284279 -0.1910267 -0.2919399 0.1689599 -0.2490343 -0.3532725 0.0910547 -0.0200493 0.1833953 -0.0638208 0.1258967 0.0872654 -0.0235206 -0.1048575 -0.0022036 0.2283306 0.0039346 0.3941190 0.2329627 0.1944227 0.1971896 0.4893372 0.1509360 0.4557686 0.2643015 0.1186924 0.4215493 -0.0701521 0.1374882 0.3502597 0.2972997 0.2118423 0.0883346 0.4969437 0.3215411 0.2270786 0.4584343 0.3205517 0.1363756 0.6057988 0.4021625 0.4911786 0.1904189 0.7801906 0.6619013 0.6509293 0.7175463 0.5453394 0.6667880 0.6974898 0.5307823 0.1086859 0.1223118 0.1135834 0.8327864 0.2247592 0.6035805 0.5945799 0.5164642 -0.1379853 0.4112511 -0.3056939 0.2830516 0.1094475 0.0876752 0.0404535 -0.1032285 0.3447962 0.0205409 -0.2462736 -0.3177067 -0.4733305 -0.4484888 0.3684969 -0.0266834 0.1811067 -0.2429854 -0.1063265 0.2720449 -0.2084933 -0.0774007 0.6105276 0.3254271 0.3309303 0.4153408 0.1711362 -0.0579440
0.5678519 0.3296236 0.5373349 0.5892734 0.4039561 0.0088551 0.4330599 0.0000000 -0.0124980 0.0491580 0.5849930 0.4105276 0.6471875 -0.0074197 -0.0288127 0.6236916 0.3982237 0.2027858 0.7455425 0.4350069 0.4031966 0.2954760 0.5136569 0.0093649 0.4908557 0.6417911 -0.2515704 -0.1788239 0.1668323 -0.5640174 0.6683962 0.3022700 -0.0730298 -0.0200851 0.3198567 0.3027457 0.7073080 0.3387426 -0.3617727 -0.1466655 0.4101901 0.3447325 0.4301280 -0.1832450 0.2992512 0.7972841 0.3593542 0.3470345 -0.0911634 0.5756562 0.4356120 0.4731654 0.0839099 0.7340568 0.4001409 0.7092903 0.6948369 0.5688665 0.2009698 0.5742041 0.3630761 0.5594423 0.3368647 0.3970206 0.2742899 0.5077722 0.6433522 0.6877264 0.6219570 0.4981592 0.3747357 0.1134559 0.6283017 0.5119252 0.4597088 0.5813358 0.2766682 0.0629793 0.4097054 0.3158496 0.0494404 -0.0846705 0.3624599 0.3428255 -0.0776396 0.6042143 0.3127472 0.2240144 0.3371428 0.3155456 0.1165346 -0.0120294 0.2340225 0.3876489 0.3636975 -0.1255631 -0.0443478 0.4004398 -0.0007360 -0.1047910 0.4312956 0.6180849 0.5718764 -0.0557867 0.0564186 0.2435270 -0.0309375 0.3231997 0.3603714 -0.2452938 0.0339356 0.0508368 0.2362477 0.2110731 0.2714301 0.2384007 0.0769440 0.3547905 0.2503813 0.3142715 0.1229678 0.0502970 -0.0116166 0.0910772 0.3818498 0.0703701 0.1307662 -0.1142579 0.2482290 0.1605843 0.2298100 -0.0206334 0.3178112 0.0652772 0.5210080 -0.0795927 0.2370711 0.4193009 0.2907133 0.3838857 0.0122646 0.4995400 0.0384372 0.0401655 0.3298229 0.0327130 0.5589241 0.3976532 0.2648028 0.4640873 0.1303629 0.1911116 0.7146741 0.1348878 0.4214741 0.1001860 0.1746713 0.4061755 0.0038785 0.2051968 0.4590166 0.4638332 0.0707746 0.2025443 0.6376867 0.0706742 0.0696349 0.3409208 0.2540583 0.3487669 0.4417751 0.4059570 -0.0519310 -0.1250574 0.4442500 0.4166813 0.4212071 0.4214528 0.3960723 0.3229265 0.2308401 0.1763537 0.0827637 0.0275209 0.3534653 0.4488149 0.2531226 0.3767410 0.2156668 0.0656052 0.0629940 0.2497372 -0.1864457 0.1942960 0.0833117 0.0987784 -0.0794916 -0.1019015 0.1996779 0.0171792 -0.0387546 -0.1174583 -0.1735131 -0.1846611 0.5365497 -0.0457379 0.3810982 -0.2544678 -0.0089610 -0.1744793 0.1815490 -0.0142267 0.6083500 0.1563526 0.1510455 0.2028729 -0.2051537 -0.2728973
-0.0029439 0.1217194 -0.1347239 0.5116493 -0.2536941 0.7247439 0.1739650 -0.0124980 0.0000000 0.7117656 0.2117523 0.7022546 -0.1471929 0.8036815 0.8917589 0.0609219 0.1453223 0.6550499 0.1322206 0.3734783 0.6284745 -0.4502868 -0.1631409 0.7464453 0.1499083 -0.1182610 0.2137685 0.8011507 0.7188438 0.6518595 -0.1504418 -0.0018073 0.7382474 0.6543127 -0.1633587 0.5911352 0.1170974 -0.0167373 0.5957969 0.4521628 -0.0248058 0.6053568 0.0971843 0.6988477 0.6511837 0.1085539 0.1514373 -0.0331145 0.8045811 -0.0086062 0.0183951 -0.0099900 0.7016083 0.0637845 -0.0694564 -0.0677410 0.0414251 0.3820728 0.4561511 -0.0557727 0.6149233 -0.2405898 -0.1492776 0.4103196 0.5682693 -0.0913780 -0.1052634 0.0543467 0.0079143 0.2679937 -0.4081639 0.5239099 -0.0688810 0.0447030 -0.3214396 0.3741853 0.3693090 -0.4302072 0.0820705 0.3805484 -0.3606754 0.5059840 0.4568492 0.1924947 -0.1563938 -0.0576439 -0.1534123 0.1988499 0.0158406 0.2781248 -0.0273770 0.0030305 0.0004232 0.0655467 0.0989132 -0.2641737 -0.3169386 0.2480273 0.2723027 -0.1184633 0.2408244 -0.0478093 0.2258249 0.0081312 -0.1771136 0.1490145 -0.0434792 -0.1480249 0.2488595 0.1028218 0.2940007 0.3354471 0.0012361 -0.5198391 0.3795191 -0.0832694 -0.5699917 0.2004519 -0.0193911 0.0822003 -0.2483835 -0.5446007 0.1243555 0.2577673 0.1605077 -0.0201342 0.0953640 0.2453767 0.0853032 0.3684551 0.3100267 -0.1956404 0.1476754 0.3980084 -0.1883007 0.3031046 0.4025589 0.3885313 0.2479697 0.1278843 0.1267316 0.2975458 -0.4342063 0.0898437 0.3280764 0.4970819 0.1490909 0.0172953 -0.3369955 -0.0688614 -0.1415272 0.0296986 0.1907193 0.3005960 0.0138302 -0.1040621 -0.2232982 -0.2524036 -0.3649558 -0.1289206 0.0845510 0.1491376 -0.1392781 -0.1684572 -0.0640407 -0.3219779 -0.1793511 0.0665064 0.0080018 0.1817815 -0.1525602 0.1336677 0.0321043 0.7098511 0.5261903 0.4775519 0.4923434 0.1465182 0.5763623 0.3777696 0.0074380 0.4019960 0.4960934 0.2702530 0.3312142 0.1726970 -0.3112694 -0.3316042 -0.2053107 0.1711725 0.3989619 0.0384768 -0.5246231 0.3195321 0.0281712 0.1619532 0.2911732 -0.4530275 -0.3647931 0.0869774 0.0016941 0.1794997 0.0026681 0.1036200 0.1437402 -0.4174923 0.3142884 -0.2954392 -0.0234656 -0.3026772 0.0963087 0.3992319 0.0400623 -0.0899010 0.0645089 -0.2638237 0.3890636 -0.1304025
-0.1684060 0.1709159 -0.3416332 0.6147442 -0.3838623 0.9009030 0.0663625 0.0491580 0.7117656 0.0000000 0.6432628 0.6418384 -0.2814821 0.6469311 0.4730162 0.3340600 0.4530791 0.4321948 0.2236765 0.1047122 0.6486822 -0.6268419 0.0639564 0.5110312 0.0522811 -0.0338110 -0.0318510 0.2831071 0.6309347 0.3165314 -0.2844841 -0.1463270 0.4275269 0.5450054 -0.1377040 0.6933277 0.0703712 -0.1407792 0.6193554 0.0607268 -0.1559025 0.6978193 0.0832544 0.3540173 0.6878913 0.1565112 0.0827443 -0.2162812 0.6131463 -0.3379281 0.0694383 0.1785428 0.7301466 0.2638103 -0.3475991 -0.2042218 0.0481059 0.6168378 0.3680111 0.0993688 0.7081610 0.0436945 -0.4004179 0.7537304 0.6846492 -0.2246734 0.1109983 0.2064108 -0.2447983 0.5858979 -0.1892253 0.7891488 0.1300342 0.2941690 -0.3962328 0.5522142 0.6567648 -0.3402783 0.3628901 0.5487443 -0.1099048 0.1917875 0.2147830 0.1356179 0.1131492 -0.0465402 0.0160758 0.1290226 0.0172011 0.2863739 0.0297392 -0.1590439 -0.1214807 -0.0596181 -0.1279041 -0.1148364 -0.3032432 0.0406220 -0.0585480 -0.3657450 0.1946032 -0.0940646 0.1437831 -0.2553454 0.0553430 -0.0543624 0.1387210 -0.0353514 0.4850117 0.2776455 0.4310167 0.5158611 0.2658631 -0.2455459 0.5286278 0.2346793 -0.3898920 0.2457479 0.1519464 0.2897562 -0.0111554 -0.2152792 0.3888512 0.3497276 0.3053116 0.3077723 0.2780291 0.4759888 0.2898372 0.4449180 0.3899376 -0.0308880 -0.0994857 0.5082340 -0.1438156 0.4637368 0.1998888 0.5132848 0.0675805 0.2831325 0.1187534 0.5362080 -0.1023376 0.2999788 0.1649005 0.6114887 -0.0249665 -0.2000149 -0.1359641 0.2226923 0.0318267 0.2830659 0.1104226 0.2950243 -0.0508165 0.2754116 0.1339525 -0.5197093 0.0326835 0.1400518 -0.2029980 0.3681037 0.2588352 0.1822377 -0.1576978 -0.0105525 0.1503373 0.1499211 0.3303888 0.3397429 -0.2866133 0.2956078 0.0711178 0.7230423 0.4692870 0.5650593 0.5892876 0.2671036 0.7138149 0.5621206 0.2158346 0.2023791 0.3610067 0.0356781 0.2019550 0.3236619 -0.4375032 -0.3260281 -0.2573410 0.1761618 0.6365063 0.1039164 -0.4919035 0.6427503 0.4561272 0.5053437 0.5681521 -0.3190953 -0.0782925 0.3804571 0.1595125 -0.2634596 -0.0508420 0.3276907 0.0725067 -0.2860214 0.4175240 -0.1708970 0.1895579 -0.3711730 0.1480275 0.5862544 0.2324468 0.2007368 0.3523755 -0.3339948 0.3383261 -0.3082333
0.2139377 0.2705464 -0.1565198 0.7209782 -0.1945814 0.5727251 0.2578322 0.5849930 0.2117523 0.6432628 0.0000000 0.5028753 -0.0539896 0.2385497 -0.0216485 0.7864252 0.6134004 0.3361729 0.6886520 0.0807809 0.6241914 -0.2278607 0.5058897 0.1896065 0.3693943 0.4404777 -0.3607743 -0.2066245 0.4492203 -0.3814037 0.0975330 0.0403502 0.1266941 0.3344635 0.2015724 0.7117246 0.4149278 -0.0882729 0.1174555 -0.2692720 -0.0006463 0.7245621 0.2805672 -0.0561269 0.6821001 0.6265069 0.2853166 -0.1213826 0.2261359 -0.0352696 0.4507600 0.5484605 0.5535988 0.6729801 -0.2295765 0.2060741 0.5142327 0.8816552 0.2702221 0.5290798 0.7649207 0.5771446 -0.3293807 0.9003616 0.6858957 0.1779304 0.7019292 0.7064330 0.0857121 0.9319904 0.2990696 0.7065404 0.6051295 0.5433348 0.0630647 0.8638006 0.7805082 -0.1487380 0.6866210 0.6133636 -0.0260354 -0.0401302 0.3474976 0.3688413 0.2478146 0.4200610 0.3992815 0.3527891 0.3146315 0.4524647 0.0928070 -0.3406837 -0.0444909 0.1824527 0.1336748 -0.1466080 -0.1800343 0.1175111 -0.0891045 -0.4576998 0.4868731 0.3036183 0.4548439 -0.3235052 0.1691380 0.0279299 0.2467880 0.3161507 0.6846842 0.0891975 0.3763491 0.5580521 0.5374566 0.1557856 0.5188028 0.4521459 -0.1040462 0.3995753 0.3378735 0.5091835 0.2157353 0.0974494 0.4917345 0.3423958 0.4546830 0.4733421 0.4735601 0.4327259 0.4301560 0.4846804 0.4196750 0.1795750 -0.0607319 0.4707530 0.3346195 0.4374966 0.0863439 0.6269530 0.0196767 0.7188674 0.2945401 0.8402455 0.2417667 0.4238112 0.1716106 0.5456270 0.1479018 -0.0897144 0.2602233 0.6620471 0.4114801 0.5582707 0.4811734 0.4205091 0.0917112 0.5323298 0.4883667 -0.1424287 0.2992027 0.5492267 0.0365109 0.7027485 0.5138948 0.5386363 0.3004229 0.3940572 0.4002066 0.3694457 0.5565349 0.5340244 0.0488166 0.5145099 0.1922870 0.4087569 0.4872363 0.5695262 0.6053288 0.3615989 0.7298015 0.6793263 0.3934157 0.1171846 0.1966171 -0.1178184 0.2030600 0.5822260 -0.3228425 -0.1042450 -0.2216596 0.0810112 0.5754865 0.0988005 -0.5770810 0.7359082 0.6171581 0.6107602 0.5016062 -0.3889476 -0.0051243 0.4571037 -0.0382260 -0.4369370 -0.2536689 0.2823090 0.2002548 -0.3436737 0.5777251 -0.2335582 0.1606930 -0.4819162 0.1413680 0.5567880 0.4828432 0.4611971 0.6238191 -0.0357415 -0.1326975 -0.6032032
0.2911476 0.5397955 0.1485241 0.6496610 0.1615987 0.6835506 0.5566088 0.4105276 0.7022546 0.6418384 0.5028753 0.0000000 0.0488559 0.4805580 0.7421221 0.1844388 0.1199657 0.6505405 0.2684170 0.2845734 0.9131351 -0.3868319 -0.0254405 0.6467247 0.1466691 0.1232484 0.0582527 0.5123000 0.8457458 0.1308263 -0.0436874 -0.1495858 0.6286927 0.7137152 -0.0915737 0.7429420 0.3175825 -0.1759059 0.3227400 0.2315872 -0.0923515 0.7201608 0.1873742 0.4696015 0.7961711 0.3362915 0.1133226 -0.1473019 0.6925795 0.0315656 0.0420227 0.0601402 0.7719894 0.2543583 -0.0699984 0.0722694 0.2101556 0.5101001 0.4028520 0.0179376 0.7629771 -0.1558591 -0.0831779 0.6608386 0.8470130 -0.1157452 -0.0005128 0.1461558 0.0905596 0.4112026 -0.3705367 0.6496709 0.0500502 0.4729407 -0.1606199 0.6023521 0.6218519 -0.3452123 0.3271300 0.7333146 -0.1814626 0.1750983 0.2690513 0.2604322 -0.2246071 0.2824109 0.0758656 0.2789249 0.0940741 0.2394263 0.0122995 -0.1694936 0.1990127 0.2644469 0.0673966 -0.1920911 -0.1310128 0.5288357 -0.0224089 -0.2606325 0.3124809 0.3962436 0.3742457 -0.1440027 -0.1114455 0.1728626 -0.0844359 0.2676071 0.2327061 -0.0013010 0.0913689 0.2034628 0.3302932 0.0123315 0.3664158 0.2258281 -0.2365203 0.3747919 0.2760272 0.1186659 -0.2387551 -0.3997994 -0.0074346 0.2446565 0.1339762 -0.1455282 -0.1005104 0.0375305 -0.0633827 0.2363817 0.0564073 -0.2990734 -0.0094785 0.2529279 -0.1046049 0.1440719 0.1479690 0.3249503 0.0397435 0.2211817 -0.0432794 0.3644915 -0.4197633 0.0156207 0.1567791 0.3963125 0.1941588 -0.0596886 -0.0720494 0.1227250 -0.0299272 0.0223975 0.3535442 0.2690596 0.0867644 0.0390055 -0.1812716 -0.0491606 -0.3931862 -0.0618203 0.1992385 0.2943859 -0.0171185 -0.1360127 0.1893390 -0.1548207 -0.1001016 0.2768886 0.1440706 0.2203757 0.1526321 0.2875772 0.1764397 0.6373969 0.7844031 0.8951885 0.9116748 0.5700972 0.8291414 0.6348817 0.2629229 0.3093001 0.3149091 0.0438335 0.2321083 0.6452157 -0.2584802 -0.0557443 0.0513230 0.4140158 0.2453454 0.4618800 -0.3850341 0.3663954 0.0241201 0.1336700 0.2993893 -0.1893269 0.0881740 -0.0266888 -0.0601898 -0.0378590 -0.2049622 -0.0151029 0.5749865 -0.1728506 0.3450082 -0.1832439 0.0514284 -0.0150820 0.0310902 0.3714055 0.5669763 0.2623622 0.3131946 -0.0221374 0.1298816 -0.3178202
0.2436816 0.0101305 0.8100441 -0.0620044 0.6792274 -0.4036553 0.3260545 0.6471875 -0.1471929 -0.2814821 -0.0539896 0.0488559 0.0000000 -0.0790547 -0.0582004 0.1540033 0.2862758 -0.1101975 0.4100488 0.6504773 -0.0359726 0.5050851 0.2111021 -0.2220230 0.4350286 0.4637060 0.1484407 -0.1156256 -0.2099728 -0.2812892 0.7975769 0.5570471 -0.3505912 -0.3880174 0.2861682 -0.1585143 0.6395537 0.6851065 -0.2456639 0.0335284 0.7393774 -0.1241288 0.4409454 -0.2047312 -0.2127335 0.5834929 0.3624008 0.7523339 -0.3303796 0.7440264 0.2283063 0.2540609 -0.3901039 0.3075433 0.8116296 0.8144471 0.5145747 -0.0271085 0.1821449 0.3698622 -0.1739001 0.1719598 0.7918851 -0.2157017 -0.2856261 0.5231037 0.1377428 0.1054908 0.7607428 -0.1951088 0.0942162 -0.4267248 0.1444539 0.2518965 0.3776032 -0.0524284 -0.2688299 0.0414335 -0.1578682 -0.0865912 0.0279556 -0.1932614 0.0941140 -0.0024831 -0.2180930 0.3396296 0.1420915 -0.0069528 0.2116411 0.1292157 0.1347891 0.1349680 0.3039564 0.3149156 0.1675059 -0.1585008 -0.0667918 0.3714250 -0.1843615 0.2500098 -0.0046511 0.4095536 0.2500380 0.2570880 -0.1085583 0.0185680 -0.2053482 0.1568922 0.0487921 -0.3640635 -0.2259138 -0.3158758 0.0038261 0.2396595 0.1469464 0.1888159 0.2691047 0.2701993 0.2682035 0.2254748 0.2641250 0.0984679 -0.4273413 -0.0811444 0.3899301 -0.1524388 -0.0526747 -0.5007534 0.0618529 -0.1452159 0.1018729 -0.1116025 0.4731186 -0.1988480 0.2821587 -0.3978966 0.3164886 0.0474743 0.4680388 -0.2828740 -0.2116218 -0.0705446 -0.1635546 -0.1785342 0.3846603 -0.2590341 0.6138956 0.5602601 0.1053188 -0.0858581 -0.4295870 -0.1178257 0.4906995 -0.1028497 0.4351029 -0.1673730 -0.2680974 0.5855546 -0.2700352 -0.3737890 0.4743177 -0.0663863 -0.2503394 -0.2865190 0.5002306 -0.1988607 -0.0730313 0.2372964 -0.0544152 -0.0612228 0.5506271 0.2131620 -0.3189575 -0.4817861 0.0873513 0.0190538 0.0075493 0.3313883 -0.0620588 -0.1605974 -0.0339973 0.0866957 0.0635507 0.2413023 0.3940816 0.0208775 0.6680987 0.6209750 0.5485211 0.1203675 -0.1638101 0.2736765 0.2267217 -0.2196856 -0.1584521 -0.2965214 -0.4291452 0.2686380 0.4657694 -0.3265501 0.3461127 0.0366438 -0.1050127 -0.4110138 0.5236579 0.2828211 -0.0750229 0.0306195 0.1777949 0.2657789 0.0686037 -0.4725502 0.4401090 -0.2153353 -0.3668734 0.3750266 -0.0676731 0.2634069
0.0323923 -0.0867679 -0.0085165 0.4019828 -0.3001290 0.4799337 0.1684528 -0.0074197 0.8036815 0.6469311 0.2385497 0.4805580 -0.0790547 0.0000000 0.5766113 0.1629339 0.3262834 0.6044508 0.2214533 0.3126685 0.4263705 -0.1786111 0.0205318 0.5919230 0.3284860 -0.0104427 0.1361112 0.6749732 0.5317377 0.5529573 0.1378631 0.2213556 0.5332070 0.4297328 0.1006731 0.4593314 0.1594595 0.0731712 0.4903360 0.2247345 0.1164941 0.5328435 0.1429640 0.3796254 0.4778066 0.1480893 0.3329281 0.0317150 0.5250246 0.0462713 0.2852821 0.1245547 0.5108588 0.0995504 -0.1424556 -0.0559933 0.1752094 0.3328789 0.2014597 0.1840302 0.4599802 0.0623962 -0.3152073 0.3616073 0.3730720 0.0602955 0.1334490 0.2040238 0.0443710 0.3209596 -0.2210383 0.4278634 0.1511363 0.0861721 -0.2759795 0.3398739 0.2927481 -0.3409570 0.1850957 0.2202041 -0.3480847 0.5018508 0.4906898 0.4327599 0.1533188 0.0560121 0.0249658 0.3383231 0.1324316 0.4303330 -0.0913655 -0.0712140 -0.1421565 0.0667147 0.0132910 -0.4141664 -0.4694146 0.1146824 0.0803570 -0.2461956 0.2360642 0.0309664 0.3524912 -0.1392592 -0.2750942 -0.0739790 0.1334556 -0.1161806 0.3653852 0.1243749 0.1909331 0.4744296 0.0856914 -0.5844850 0.3281453 -0.0511493 -0.5693769 0.1136142 -0.1385019 0.1512469 -0.1454748 -0.3402719 0.1618613 0.0291339 0.2816876 0.1993749 0.2399643 0.2265656 0.2509807 0.2589212 0.3293623 -0.1153640 0.0602357 0.3627393 -0.1791582 0.2478250 0.2287751 0.4376571 0.0677278 0.1297566 0.0348125 0.3112943 -0.2749161 0.1573919 0.2990223 0.3607035 -0.0009499 -0.0983711 -0.2520111 -0.0537488 -0.1808010 0.1759427 0.1461527 0.2176853 -0.0965276 0.0364155 -0.0616801 -0.3419579 -0.2150668 -0.0316395 -0.1162271 0.2618048 0.0124214 0.0505047 -0.1046970 -0.1495529 0.1109273 0.1197971 0.2170753 0.3173318 -0.1368057 0.2261531 0.0458761 0.4991846 0.4860420 0.4522195 0.3876497 0.2720960 0.4446773 0.3103855 0.1179581 0.3774078 0.2740193 0.1648080 0.1931194 0.0293042 -0.2811072 -0.2714436 -0.2256989 0.1224439 0.4686311 0.0037044 -0.4182532 0.4884804 0.2079805 0.4347643 0.3320580 -0.2654649 -0.2341762 0.2844630 -0.0224989 0.0470093 0.0291941 0.2216629 0.0473231 -0.5171614 0.3243033 -0.3196201 -0.0326639 -0.4476740 0.1025880 0.2977460 -0.0230300 -0.0313649 0.0397239 -0.3209681 0.3511990 -0.0304544
0.0821611 0.2741933 0.0105163 0.3380967 -0.0200667 0.5725935 0.2507813 -0.0288127 0.8917589 0.4730162 -0.0216485 0.7421221 -0.0582004 0.5766113 0.0000000 -0.1600861 -0.1368195 0.6212198 -0.0379874 0.3321605 0.6057736 -0.4295692 -0.3670891 0.7603978 0.0249746 -0.1819077 0.2588900 0.8423567 0.7219613 0.6150778 -0.1993523 -0.0802901 0.7748667 0.6731862 -0.2811280 0.4993576 0.0390209 -0.0748930 0.4880223 0.6135360 -0.0373700 0.4890515 -0.0109328 0.7632341 0.5897179 -0.0302360 0.0050990 -0.0191919 0.8008721 0.0721716 -0.1524159 -0.2269926 0.6224448 -0.1205848 0.0516731 -0.0548530 -0.0966221 0.1876839 0.4881508 -0.2840365 0.5079977 -0.5067442 0.0375444 0.2044182 0.5108842 -0.1813927 -0.3650072 -0.1727986 0.0511593 0.0008526 -0.5998791 0.3133368 -0.3169383 -0.0391074 -0.3222700 0.2120337 0.2278380 -0.4823195 -0.0678191 0.4196890 -0.3689287 0.5067714 0.3769270 0.1158621 -0.3258317 -0.0866510 -0.2094177 0.2220988 0.0411535 0.1786866 -0.0067069 0.0722612 0.1221315 0.2547260 0.1147231 -0.2386926 -0.1432223 0.3440330 0.2297262 0.1296522 0.1126268 -0.0085358 0.1771059 0.2428387 -0.2569587 0.1369979 -0.2006540 -0.0202743 0.0114675 -0.0989495 0.0681152 0.0770451 -0.0163430 -0.3050490 0.2520482 -0.0513973 -0.3079449 0.1910622 0.0295398 -0.0457403 -0.2877778 -0.4978884 -0.0636832 0.1516743 -0.0501730 -0.3169448 -0.1084626 0.0605035 -0.2447391 0.2240821 0.0543108 -0.2325567 0.1658490 0.2324279 -0.2582486 0.1360974 0.3248239 0.1138450 0.1583437 -0.0458982 -0.0235477 0.0579730 -0.5865536 -0.0686641 0.2010708 0.3460902 0.1437868 0.0580349 -0.3652396 -0.2240168 -0.2144135 -0.1577058 0.1690628 0.2415044 -0.0190328 -0.2240187 -0.4314836 0.0001479 -0.5735949 -0.3145385 0.2487825 -0.0231561 -0.2780234 -0.4106496 0.0384523 -0.3954373 -0.3061726 0.0566064 -0.1967277 0.0160470 0.0197007 0.0650568 0.0097773 0.6274758 0.5174617 0.4907945 0.4851217 0.1862599 0.4877004 0.2925006 -0.0523041 0.3932403 0.5154753 0.3461087 0.3265807 0.1836160 -0.2547994 -0.2651716 -0.0975999 0.2136572 0.1741251 0.1791336 -0.3669492 0.0852608 -0.2025498 -0.0904024 0.1445275 -0.2907972 -0.2370566 -0.1767063 -0.0159415 0.3281410 -0.1037028 -0.0597850 0.3456521 -0.2329966 0.1060816 -0.1195669 0.0156596 0.0224112 -0.0913203 0.2530537 0.1389306 -0.0678191 -0.0016338 -0.1280059 0.2935741 0.0009533
0.3573266 0.0029752 -0.0764863 0.5078919 -0.2321093 0.2362006 0.1187605 0.6236916 0.0609219 0.3340600 0.7864252 0.1844388 0.1540033 0.1629339 -0.1600861 0.0000000 0.7276757 0.1230561 0.9016508 0.2884249 0.2732844 0.0185422 0.7543205 -0.1698228 0.6028966 0.7471615 -0.1323735 -0.2653979 0.0501698 -0.3534943 0.3185011 0.4225998 -0.1785057 -0.0914449 0.4780718 0.3671062 0.6024146 0.2182096 -0.0300303 -0.0587048 0.2141562 0.3982183 0.4591967 -0.1424076 0.3342970 0.7281688 0.4980477 0.1688939 -0.0850050 0.2358849 0.6417289 0.7412530 0.1127974 0.8681020 0.0777866 0.4929204 0.6902473 0.7965431 0.3485434 0.7435565 0.4348062 0.8059146 -0.0562136 0.5349723 0.2518049 0.5851695 0.8512203 0.8396090 0.4334621 0.7396052 0.5442472 0.2798161 0.6405371 0.3241738 0.2560104 0.6002963 0.4309547 -0.0904616 0.4064911 0.3182391 -0.1622973 0.0865844 0.5485118 0.2866954 0.1307723 0.4089657 0.3175586 0.3213695 0.3603304 0.4537241 0.0544037 -0.0658036 -0.2232814 0.2871359 0.3244490 -0.1200207 -0.2202041 -0.1973433 0.0986996 0.0084380 0.4737098 0.1793439 0.4341805 0.0725668 0.0189978 0.1432795 -0.0055830 0.1426171 0.4724352 -0.1772078 0.2559086 0.2559871 0.1690167 -0.0132220 0.3050366 0.2556700 -0.0148344 0.2779576 0.3212709 0.3845641 0.2869500 0.1605638 0.2809945 0.2772278 0.3581574 0.2750415 0.4914840 0.1815031 0.2868617 0.3417804 0.3819976 0.2594587 0.3838976 0.2581044 0.4970266 0.1380866 0.2042952 0.4695028 0.2789868 0.5576787 0.1612713 0.6467535 0.3409532 0.1171883 0.1581252 0.2251250 0.2625742 0.2576429 0.2511510 0.5799396 0.3395651 0.3413104 0.4859643 0.2082331 0.2588679 0.2079327 0.4419026 0.1261165 0.3320427 0.4270777 0.1890441 0.5633778 0.2033032 0.4655306 0.4244377 0.2104057 0.2186285 0.3092657 0.4821770 0.4905367 0.1842960 0.4922427 -0.0088431 0.1054706 0.2390022 0.2323435 0.2208766 0.2050624 0.3672385 0.4291302 0.2143700 0.2900251 0.3350530 0.2412038 0.4719518 0.2965256 0.0010525 -0.0227071 -0.1828526 -0.1436420 0.3063443 0.0408893 -0.4442672 0.4274595 0.3602046 0.4002040 0.0814039 -0.3648605 -0.0311012 0.1838884 0.0629581 -0.1264601 -0.1963284 0.0254165 0.1273438 -0.3558017 0.2653481 -0.4080275 0.0795311 -0.5335861 0.2617441 0.2082957 0.1579967 0.1056357 0.2213372 0.0017711 -0.0945752 -0.2034472
0.0509338 -0.1126003 0.0848984 0.2862827 -0.0901797 0.2050163 0.1439172 0.3982237 0.1453223 0.4530791 0.6134004 0.1199657 0.2862758 0.3262834 -0.1368195 0.7276757 0.0000000 -0.0628381 0.7015106 0.5150808 0.1302578 0.0002202 0.7016730 -0.2362316 0.6183528 0.5672408 0.1715801 -0.2797057 -0.0670176 -0.1214713 0.4226969 0.5492901 -0.3643282 -0.2419613 0.4906694 0.2582349 0.5712633 0.4582074 0.1455337 -0.1867412 0.4685630 0.3148924 0.5816609 -0.2548707 0.2063750 0.6763961 0.5050028 0.4075528 -0.1548392 0.2594596 0.4947788 0.6895711 0.0283388 0.6378548 0.2181370 0.4773581 0.5432431 0.5183465 0.3656226 0.6563883 0.3405852 0.6500050 0.0742508 0.4654094 0.1603019 0.4477153 0.6122161 0.5287702 0.4231448 0.5195783 0.3227119 0.2908069 0.4260966 0.4986366 0.2325577 0.3701127 0.4149311 -0.1558997 0.1340023 0.2342146 -0.1660085 -0.1053724 0.2912331 0.0323797 0.1826272 0.2986161 0.1812849 0.2242267 0.2371184 0.3714626 0.0577777 -0.0763275 -0.3324946 -0.0055825 0.0819543 -0.0286978 -0.3657415 -0.2317954 -0.0912500 -0.0771790 0.3750613 0.0602995 0.2135088 -0.0013070 0.0697634 0.0697724 0.0253891 -0.1764042 0.5104453 0.0083707 0.3035145 0.2971304 0.0642856 -0.1250810 0.4839084 0.1354113 -0.1716703 0.0684631 0.1212249 0.2685501 0.1561724 0.0284076 0.1520223 0.0270180 0.3819884 0.3357521 0.3661952 0.1970167 0.3311162 0.1783255 0.3388639 0.1064747 0.1905508 0.2039627 0.2864614 0.1027129 0.1520969 0.4020895 0.3089139 0.2465716 0.1239387 0.4763723 0.3128131 0.2019127 0.1793878 0.1700609 0.1955692 0.1721176 0.0356415 0.2878061 0.0217061 0.3273574 0.3514713 0.1770976 0.2296415 0.3016152 0.3116096 -0.0122852 0.2809862 0.2028489 0.1034673 0.3254221 0.2318196 0.2888047 0.2417163 0.1799627 0.1843910 0.1412129 0.3248360 0.3027342 0.0502783 0.4138853 0.0935860 0.0536991 0.1997973 0.1287765 0.1113105 0.2905091 0.2543437 0.2822637 0.2941804 0.2287220 0.3027825 0.2046235 0.4955573 0.2288715 0.2001017 0.1876444 0.1687225 0.3012274 0.3122258 0.1623997 -0.3581520 0.4493423 0.4372283 0.3612866 0.1131186 -0.2070791 0.1694186 0.1464149 0.2942135 -0.3760420 -0.2855805 -0.0821064 -0.0720862 -0.2697447 0.1239033 -0.2818224 0.2168642 -0.4101547 0.1746624 -0.0176124 0.1259960 -0.0986008 0.0921246 -0.0818149 0.0292746 -0.2033796
