0.0000000 0.6237646 0.3236632 0.2102216 0.0657492 0.2206257 0.2042412 0.2759536 0.0214734 0.2154745 0.1903516 0.1054442 0.3110950 0.3394666 -0.1628414 0.1866035 0.4219733 -0.0800973 -0.0597441 -0.0098186 -0.1120038 -0.0547248 0.2541583 -0.3309546 -0.2219745 -0.3859992 0.3169874 0.0266358 -0.4178900 0.1363903 -0.0439677 0.1996662 -0.4585593 -0.3865380 -0.2283061 -0.2305623 -0.0418742 -0.1202626 -0.2720996 -0.6048262 -0.0799176 -0.0985500 -0.1990988 -0.3383065 -0.0354534 -0.2516599 -0.1148442 -0.1894662 -0.3003370 -0.0621502 -0.2829516 -0.1774707 -0.2941890 -0.4519156 0.0980083 -0.1615632 0.1336038 -0.1693515 -0.1603511 -0.3486805 -0.1349070 -0.0651426 0.1703287 0.0408144 0.2309136 0.2323015 -0.0673890 0.0150343 -0.0022674 -0.1591541 0.2434982 0.1095199 -0.1162011 0.1859976 0.1328158 -0.1322256 0.0018757 -0.1164964 -0.0736411 0.0354939 0.1280326 0.4063317 0.2956882 -0.1412161 -0.3672722 0.3413299 0.3075982 0.3622453 0.1270647 0.2166998 -0.0117713 0.1232490 0.4170919 0.0542607 -0.1586049 0.0448546 0.0021082 0.0843763 0.0760395 -0.0695319 0.2593963 0.1456320 0.0516694 0.2046519 0.0025610 0.0215628 0.1751008 -0.0224177 -0.0980952 0.1164396 -0.1858854 -0.1555623 0.0507192 0.4418462 0.2766123 0.0768429 0.2081675 0.0945588 -0.0804457 0.2146725 0.3240173 0.2824740 0.1120257 0.0063693 0.0093148 0.1120157 0.0491720 0.2768297 -0.0644852 -0.0330365 0.1743608 -0.0749052 -0.0406447 0.1362074 -0.1393280 -0.2263102 0.1093647 -0.1885243 0.0910578 -0.1695026 0.3696070 -0.1298474 -0.0860402 -0.0364060 0.0776021 -0.3133259 0.1796324 0.2499640 0.3006365 -0.0809492 -0.1944696 -0.2577996 0.2068271 0.5310647 0.6838027 -0.3215700 0.0037641 0.2129214 -0.0110302 0.0180418 0.3034385 0.0100150 0.1025380 0.0534716 0.5658088 0.4350325 0.5116881 0.5577533 0.2850219 -0.0686611 0.5997731 0.5070597 0.4634056 -0.1743044 -0.0479376 -0.1288692 -0.0987053 -0.2149498 -0.1029286 -0.2946023 -0.3749575 -0.3500753 -0.2730783 -0.3176619 -0.0568671 0.0474611 -0.0057678 0.1418360 0.2443456 0.1989549 0.1609054 -0.1482206 0.1991487 -0.0632579 0.1472867 -0.1751351 -0.0353050 0.3869776 0.1805885 -0.0409791 0.1284542 0.0519274 0.0897059 0.1367636 0.3478812 0.3882351 -0.0807997 0.5121490 0.0619979 0.2685814 -0.0218932 -0.0404644 0.2978793 0.2539457 -0.0465334 -0.1881590 -0.1699410 -0.0317200
0.6237646 0.0000000 0.5606133 0.1860171 0.1831867 0.3863959 0.0284841 0.2653423 0.5272495 0.4928901 0.3483225 0.1886952 0.2435419 0.5442212 0.3906170 0.2568716 0.4827773 0.2092493 0.0218473 0.2147205 0.0973687 0.0991120 0.3824718 0.2335809 0.0478382 -0.1029474 0.3544560 0.3102151 0.0287464 0.2791382 0.1622974 0.3619149 0.0112599 0.0759269 -0.2208956 0.0254283 0.2408775 0.1616952 -0.0151447 -0.3021858 0.1821899 -0.0183865 0.0600902 -0.0587646 -0.0369639 0.0959486 -0.1113857 0.1432191 0.0515773 0.1849774 -0.3353670 0.0322684 0.1187481 -0.1623019 0.4588744 0.1717730 0.3004630 0.0901222 -0.0232432 -0.0859829 -0.0356174 0.0206456 0.4925819 0.3011812 0.2137474 0.4124683 0.1991297 0.1891146 0.3216728 0.1434936 0.5008995 0.2292219 0.0910641 0.1166163 0.4343481 0.1137615 0.2167687 0.2889065 0.1825628 0.2771226 0.4685648 0.4205398 0.6247734 0.3121473 -0.0412653 0.4649675 0.5724186 0.1960938 0.3786147 0.3359546 0.3334274 0.4035994 0.3027638 -0.4477109 0.1746619 0.3686269 0.0720577 0.1205321 0.1271428 -0.2594008 0.4349386 0.2688146 0.1761071 0.2000755 0.2832767 0.1603197 0.2393314 0.3031056 0.0362043 0.3179037 0.1599647 0.0107894 0.0358140 0.3214603 0.2489209 0.0765542 0.1241093 0.2613346 0.1141600 0.1219616 0.1099508 -0.0777380 -0.0202339 0.0443595 0.1493107 0.0290617 -0.3039122 0.5462272 0.1913054 0.1089898 0.2753745 0.1194700 0.2019722 0.0701408 0.2737074 0.1411923 0.1936756 0.1826084 0.1321635 0.1881936 0.7054654 0.1835227 0.3064686 0.2149171 0.1613707 0.0512351 0.1692895 0.2093398 0.5305113 0.0202976 0.1977380 -0.0602853 0.0473572 0.5683743 0.5838605 -0.1396324 0.0854157 0.0268122 0.0321740 0.2536416 0.4441292 0.2584146 0.1828296 0.1524325 0.5763583 0.2196904 0.4740795 0.4143795 0.3551482 0.1928459 0.4693894 0.4862910 -0.0896023 -0.2565259 -0.0188240 -0.0676240 -0.0067661 -0.0638224 0.0607478 0.0596660 -0.1360948 -0.1036618 -0.2109253 -0.1747793 -0.0177902 0.2090272 0.2721044 0.3931757 0.2375052 0.1857012 0.0951671 0.1689809 0.2614427 -0.0073710 0.1235913 0.0832927 0.1601246 0.2163309 0.3693700 0.2312449 -0.0035369 -0.2939465 -0.0601463 0.0342519 0.4978610 0.5171785 0.0821167 0.4997878 -0.0877255 0.0915306 0.1803430 0.1402505 0.4943604 0.1903321 -0.0766619 -0.1250741 -0.3168157 -0.2810148
0.3236632 0.5606133 0.0000000 0.0903155 0.8439546 0.0128358 -0.0359907 0.4117408 0.2841768 -0.0554724 -0.1756262 -0.1704178 0.4818698 0.3123015 0.1542484 -0.3673415 -0.0895430 0.4358906 -0.5252146 0.5053330 -0.2066822 -0.0743537 0.1839719 0.2030263 -0.2943539 -0.1754333 0.5396124 0.0905858 -0.2798895 0.3539930 0.5383427 0.2527629 0.1890484 0.1339305 0.2186665 -0.3883385 0.2938401 -0.0143524 -0.0162218 0.1175552 0.4213540 -0.5010464 0.0509505 0.1526445 -0.4465480 -0.2118578 -0.0664435 0.3972871 0.2419178 -0.2666443 -0.1293941 -0.1388745 0.1802834 -0.1841745 0.4431241 -0.3288219 0.3411537 -0.0062480 -0.0960182 -0.1619906 -0.3834522 -0.3405704 0.4588638 -0.2139391 -0.2936732 0.5631417 -0.1645875 -0.2214579 0.5543677 -0.3171584 0.4003782 -0.2479757 -0.3362742 -0.1535076 0.2061255 -0.4083863 -0.1450866 -0.0559703 -0.3758006 -0.0865574 0.2542052 0.2303177 0.4746638 0.4072303 -0.0046827 0.3727817 0.4552697 0.3853477 0.4417624 0.2195362 0.4541763 0.3571361 0.1971358 -0.0818666 -0.0275411 0.3625664 0.5461015 -0.0747412 0.1314593 -0.2545108 0.3484604 0.1465053 -0.0788532 -0.2377673 0.3256889 -0.2509477 -0.1342680 0.0572082 -0.2671824 0.0806996 0.0389930 -0.3415791 -0.0954581 0.1698271 0.2408087 -0.0055575 0.2210450 0.1602843 -0.1225972 0.0902065 0.1599459 -0.2564862 0.3372215 -0.1003915 0.2134323 -0.1353061 -0.4921399 0.3030105 0.0978390 -0.2830499 0.1233366 -0.3280433 0.0197204 -0.5787588 0.2145392 0.0470660 -0.1934266 0.3264284 0.2723497 -0.0579465 0.5436343 0.3794744 0.2983078 -0.3326344 0.1001949 -0.3267010 0.5016606 0.5849636 0.5142242 -0.2846262 0.1665679 -0.3168228 0.6107786 0.4653675 0.7238415 -0.4752765 0.0794237 0.3597264 -0.2556412 0.1901529 0.5979310 0.3453265 -0.2668615 -0.0526056 0.7636254 0.4499843 0.3051976 0.2313013 0.2820781 0.2903265 0.3301355 0.3683512 0.0716545 -0.0870413 -0.1740709 -0.0238093 0.0749804 0.1346258 -0.0580381 -0.0553469 0.0080939 -0.3852159 -0.5867141 -0.4897210 0.2436210 0.1629643 0.7598113 0.7491991 0.0950010 -0.0937557 -0.1707834 -0.2053629 -0.1424882 -0.2133833 -0.1026336 -0.3031658 -0.0787128 -0.1984649 0.1647288 0.0926693 0.1205637 -0.1112980 -0.1390202 -0.3381906 0.7320010 0.6876398 0.5384615 0.1697820 -0.0861456 -0.0295469 -0.2180789 -0.1787347 0.6272926 -0.1160836 -0.4560016 0.3340251 -0.3246021 -0.2057899
0.2102216 0.1860171 0.0903155 0.0000000 -0.1053033 0.7494505 0.4638539 0.7168786 0.1615223 0.5340251 0.5383827 0.7009002 0.4392759 0.0037487 0.1564376 0.3971698 0.2375128 -0.3061586 0.3016103 -0.2982530 0.5877346 0.2846344 -0.1739825 -0.0004721 -0.0371105 -0.0755208 -0.2850816 0.1932083 0.3144834 0.0005307 0.1133675 0.2171672 -0.0370285 -0.0426966 -0.4618200 0.3956031 -0.1128054 0.1953635 -0.2538488 -0.1777105 0.1835633 0.3657193 -0.4807944 0.2417306 0.4525021 -0.0590032 -0.1738395 0.0479651 -0.0303352 -0.2289316 -0.4161868 -0.1936286 0.0061763 -0.1776328 0.2732547 0.1737395 0.1103056 0.5740993 0.4673563 -0.2084650 0.5327323 0.0964941 0.5480636 0.5705582 0.6986995 0.2487285 0.1465037 0.3938641 0.3251179 0.4147863 0.1419020 0.5969672 0.2008085 0.8110538 0.3524480 0.4290416 0.5683658 0.2956324 0.4379766 0.5785260 0.3065267 0.3076347 -0.0939719 -0.0604868 0.1787460 0.0048824 -0.0655015 0.3056615 0.0866186 0.2965080 0.0045181 -0.4036220 -0.0403281 0.3575265 0.2880475 -0.0542247 -0.3817759 0.0399404 0.1985942 0.0597694 -0.0540753 -0.0619886 -0.1276614 0.3038744 0.0334494 0.4509223 0.3035016 0.2998497 0.3986027 0.0629671 0.0497542 0.3520411 0.3923593 0.2156021 0.2117877 0.2122427 0.1441025 0.3401198 0.3446975 0.3781396 0.2210101 0.2932952 0.3732732 0.5044432 0.2117977 0.2840074 0.3453986 0.2255305 0.1001745 0.4964364 0.2169499 0.2545885 0.2752634 0.3842119 0.1685155 0.0791030 0.2444362 0.0887193 -0.1609242 0.5203310 0.0432388 0.2958907 0.1162566 0.3854819 0.1108162 0.1664116 -0.1557568 -0.1719988 -0.0244476 0.4958184 0.1711961 0.3334287 0.0337601 0.1706514 0.0585296 0.3909382 0.3437999 0.1643497 0.6956001 0.4129772 -0.0120948 0.5685925 0.6313211 0.5303359 0.0388520 0.4435188 0.4108992 0.3268962 0.6224623 0.4130380 0.3022494 0.4958836 0.2277884 0.3335296 0.3046187 0.5181645 0.5596935 0.4468583 0.5987318 0.4540872 0.2437470 0.4409775 0.4164288 0.4409913 0.4655183 0.6028975 0.2262387 0.3573123 0.8053528 0.5159343 0.3792046 0.4185470 0.5621904 0.4606897 0.4553886 0.3868175 0.3488460 0.7802106 0.5674787 0.2660856 -0.1487958 -0.3012614 -0.1107926 0.3733134 0.2107557 0.0899067 0.3235475 0.1517079 -0.1356601 -0.2169058 -0.0511887 0.3464309 0.3183262 0.7613520 0.3746304 -0.0885786 -0.2907791 -0.0692035
0.0657492 0.1831867 0.8439546 -0.1053033 0.0000000 -0.3071626 -0.2708504 0.2657506 0.0895922 -0.3821588 -0.4685646 -0.4377644 0.4654431 0.0677209 -0.0056328 -0.6289367 -0.4617460 0.5292525 -0.6666206 0.4808661 -0.3012905 -0.2486071 -0.0100055 0.1879590 -0.4202512 -0.2202170 0.3649397 -0.1762285 -0.3261087 0.1672001 0.4754785 0.0599428 0.2445225 0.2112567 0.3084082 -0.4686162 0.2363755 -0.1521995 -0.0852999 0.1941539 0.2700065 -0.6054952 0.0078711 0.0825186 -0.5081186 -0.3075386 -0.0694176 0.2953657 0.3455646 -0.4476071 -0.0280889 -0.2345439 0.2556809 -0.2169370 0.0818878 -0.5810635 0.1459466 -0.0359024 -0.2146979 -0.2297150 -0.5683264 -0.5151358 0.1879431 -0.3833683 -0.6171954 0.3610787 -0.4040621 -0.4544473 0.3608348 -0.5211349 0.1593004 -0.4734357 -0.5033893 -0.3915856 -0.1068480 -0.5961688 -0.2960661 -0.2766219 -0.5891430 -0.4020227 -0.0150223 0.0287802 0.2316064 0.3719872 -0.0297870 0.1942747 0.3366239 0.2957883 0.3572065 0.0612025 0.5372721 0.3875589 0.1878555 0.0100698 -0.1465751 0.4372155 0.6955792 0.0621128 0.0565125 -0.1522387 0.2391944 0.2405999 -0.0683112 -0.3037314 0.3589779 -0.3079167 -0.2677401 -0.0705647 -0.2583343 -0.0569104 0.0532502 -0.3194729 -0.1023278 0.1342098 0.2529446 0.0812739 0.2922490 0.1515562 -0.0987343 0.0843286 0.1588225 -0.1028284 0.3124971 -0.1247075 0.1488452 -0.1592538 -0.3485648 0.1196110 0.0140447 -0.2947090 0.0766323 -0.3190598 0.0499709 -0.6944384 0.1336345 0.1199442 -0.1849220 0.2527975 0.2783594 -0.2382545 0.4094027 0.3301851 0.1282519 -0.4258229 0.0865557 -0.2865626 0.4854655 0.5990128 0.4360241 -0.2903947 0.0630875 -0.2416276 0.6567927 0.3691540 0.5070542 -0.4502364 0.0599834 0.5129690 -0.4214301 -0.0120134 0.4460723 0.2996571 -0.3488328 -0.2128993 0.6095116 0.4716579 0.2043082 0.1052325 0.0769201 0.2606676 0.1364418 0.1634395 0.1392621 -0.0077777 -0.1004487 -0.0759303 0.0403522 0.1249590 -0.0926083 -0.0329567 0.0870948 -0.3889584 -0.6121924 -0.4539722 0.2135424 -0.0963960 0.6982468 0.6125817 -0.0622702 -0.1971789 -0.1737493 -0.4460071 -0.5015076 -0.1354254 -0.1166931 -0.3062747 -0.1478588 -0.4021521 -0.1815043 -0.0200219 0.0780056 0.0753682 -0.0992683 -0.4063478 0.5981928 0.5893618 0.5714997 -0.1280259 -0.1597380 -0.0910029 -0.2996208 -0.3681141 0.4280114 -0.2774023 -0.4349820 0.3076518 -0.1510529 -0.1158517
0.2206257 0.3863959 0.0128358 0.7494505 -0.3071626 0.0000000 0.3828484 0.5897801 0.6427688 0.9242882 0.8564880 0.7711554 0.4098916 0.5349280 0.5709230 0.7475131 0.6382228 -0.0126265 0.5792995 0.1087717 0.6852102 0.5142248 0.2221564 0.1833754 0.2837671 0.1632681 0.0290160 0.6053893 0.5203933 0.3962717 0.2004150 0.3323493 -0.0528273 -0.0375711 -0.4087871 0.6132694 0.0992746 0.5144176 0.0879167 -0.1240150 0.3163872 0.5943720 -0.0804031 0.3837273 0.6290314 0.3649593 -0.1006864 0.2631019 -0.1763857 0.2522212 -0.3836159 0.2301775 -0.0418210 0.2090470 0.5535897 0.5121829 0.3026564 0.5367434 0.4204502 0.1619271 0.6635402 0.5139707 0.6238881 0.7822149 0.8088452 0.4292594 0.6107845 0.7113866 0.4501910 0.7594174 0.5265584 0.8480534 0.5511861 0.7370752 0.7102355 0.7182138 0.6407901 0.6409319 0.7477675 0.7150532 0.5624982 0.3764854 0.2567123 0.0729293 0.1823658 0.2091392 0.0867700 0.0421669 0.2151938 0.4453527 -0.0116663 -0.1231541 -0.0862741 -0.1230192 0.5350055 0.1238579 -0.3557213 0.0163131 0.2653446 -0.2958797 0.2166600 -0.0538801 -0.0382069 0.2678665 -0.0127869 0.4977647 0.4015555 0.3926226 0.3413864 0.0854871 0.1514383 0.3445283 0.1828978 0.0501727 0.0303809 0.0539206 0.0371952 0.2927340 0.2339886 0.2049614 0.0399224 0.1340826 0.2329926 0.2732371 0.0075026 0.0359026 0.1385052 0.4227795 -0.0724183 0.4007929 -0.0265510 0.1531336 0.0818344 0.4228336 0.1312628 -0.0265442 0.0557044 -0.1658534 -0.5116714 0.4617893 0.1112289 -0.0852672 0.0591308 0.3433457 -0.2319567 0.1161523 -0.5161085 -0.4739810 0.1143210 0.3312148 0.0461967 0.0166885 -0.3423688 0.1635240 0.0648315 0.3833537 0.1850383 -0.3246745 0.5770130 0.2709982 0.1313640 0.4481627 0.6124484 0.4373036 0.1364504 0.2098832 0.4219562 0.4207412 0.6341580 0.3756901 0.4508289 0.6158872 -0.1381682 0.1622536 0.2434105 0.2637299 0.2841744 0.2209740 0.4907659 0.2578819 0.0111175 0.3457152 0.4548469 0.3896496 0.1843228 0.5342135 0.0784824 0.2238822 0.5603259 0.4197076 0.3676040 0.5652559 0.5442107 0.3208415 0.2684257 0.3304888 0.3192428 0.6476225 0.6499341 0.1091236 -0.1679837 -0.3597844 -0.2844973 0.0593973 0.2272350 0.0835786 -0.0824246 0.0962988 0.0098342 -0.2144359 -0.0532852 0.2565945 0.3513238 0.4725173 0.3469845 -0.3092933 -0.4195512 -0.4212280
0.2042412 0.0284841 -0.0359907 0.4638539 -0.2708504 0.3828484 0.0000000 0.4939113 -0.1857106 0.2639783 0.3555642 0.4914721 0.2055026 0.0140098 -0.1386109 0.3324372 0.4853693 -0.5066726 0.4552600 -0.2973735 0.1115826 0.4780536 0.3000260 -0.2025181 0.2958355 0.2584755 0.1478507 0.1611016 -0.0283554 0.4181896 0.1679728 0.5219013 -0.1414659 -0.1986601 0.0568926 0.1203991 0.1724792 0.3244510 0.0569845 -0.0023984 0.3356828 0.2335989 -0.1491465 0.1724560 0.1617860 0.2409751 0.1774417 0.2087730 -0.0913090 0.2036108 0.0616209 0.1202588 -0.1887042 0.0040374 0.3565275 0.4165865 0.3861531 0.3055055 0.2333766 0.1968461 0.4469823 0.4376279 0.2650825 0.3495913 0.5102565 0.1540022 0.3720679 0.4026336 0.1377431 0.3627403 0.2153603 0.2747044 0.4102400 0.4987937 0.3374486 0.3128001 0.0160601 0.3784135 0.4094396 0.5243596 0.5119701 0.1080769 -0.0382137 -0.2667851 -0.1324084 0.0825391 -0.0642949 -0.1335797 -0.0318527 -0.0319402 -0.4016174 -0.6147564 0.0731873 0.1104325 0.2112371 -0.3900363 -0.3651706 -0.1408116 0.0644884 -0.0638158 -0.2164241 -0.3125469 0.0321889 0.0790741 -0.3936676 0.0855203 0.1409355 0.2002383 -0.0826886 -0.0597428 -0.2477461 -0.0785503 0.0476702 -0.0858366 -0.2819838 -0.1673473 -0.1307127 -0.2270057 -0.0839989 -0.0817231 -0.0364972 0.0294735 0.2608918 0.1079980 -0.1715782 0.1380934 0.1651845 0.0911946 -0.1187713 -0.0425988 -0.2526863 0.0878837 -0.0707098 0.1717947 0.3575633 -0.2873976 -0.2609961 -0.1514402 -0.1977757 0.3884294 -0.2131940 -0.1151494 0.2022073 0.1347674 -0.1982448 -0.2124711 -0.2573759 -0.3534249 -0.2419092 -0.0705712 -0.0154777 0.0328897 -0.1891758 -0.2344442 -0.0662987 0.1591551 0.1673206 -0.2803989 0.4981442 0.2304677 -0.2535580 -0.0372225 0.1366365 0.3731800 -0.0847831 0.0318302 -0.1673386 0.0484182 0.3613052 0.2278584 -0.0026337 0.2753046 0.1500706 0.3395278 0.4044440 0.4683737 0.3545707 0.4142896 0.1923738 0.2795742 0.2453739 0.1870104 0.2665755 0.0904287 0.1235123 0.5814172 0.0577471 0.2245951 0.0732890 -0.1515456 -0.0439365 0.4220983 0.4215789 0.0574767 -0.0033911 0.1707231 0.0480233 0.4379830 0.6927761 0.2456481 0.1045162 -0.2011733 0.2223966 0.3998721 0.0314224 0.1006956 0.0192526 0.2647412 0.2198389 0.1445501 0.2720926 0.5232395 0.3554479 0.3612186 -0.0131851 0.2734672 0.0177683 0.2732919
0.2759536 0.2653423 0.4117408 0.7168786 0.2657506 0.5897801 0.4939113 0.0000000 0.2523425 0.4172876 0.4034676 0.4011565 0.7729243 0.1826537 0.1207232 0.1689964 0.2156071 -0.0398541 0.2992371 0.1221215 0.3002515 0.3373881 0.0490081 0.0185771 0.0571108 0.0611682 0.0754403 0.1430729 0.0573892 0.3398688 0.4199094 0.5423344 0.0618704 0.0149036 -0.1324810 0.1829834 0.2653919 0.3758795 -0.1783026 -0.0872474 0.4574619 0.1328507 -0.2987467 0.2774887 0.1465458 0.1660201 -0.0579099 0.3782999 0.1164265 -0.2053054 -0.2681989 -0.1882557 0.0926523 -0.2373837 0.4927012 0.1861707 0.3860863 0.4676201 0.4269291 -0.0291557 0.3584270 0.1676211 0.6936118 0.4342817 0.4293498 0.5315970 0.2215717 0.3208412 0.5907315 0.3199439 0.4871424 0.3614643 0.2598343 0.5861574 0.5340653 0.2904770 0.3213252 0.4327764 0.3445463 0.4601957 0.5005222 0.1539201 0.1336393 0.0371518 -0.0369027 0.1872602 0.0933231 0.0515605 0.2875401 0.2177958 0.2495757 -0.0989527 0.0156058 -0.0192936 0.3601696 0.1545590 0.1378138 -0.0712798 0.2665072 -0.1984215 0.0828503 -0.0967806 -0.0324563 0.0348704 0.1055647 0.2906915 0.1635247 0.2898453 0.1784293 -0.0413490 0.1069663 0.0789575 0.2071494 0.0581471 0.1039740 0.1243796 0.2325446 0.2844269 0.2506881 0.2099635 0.1620469 0.2404702 0.3619882 0.2276833 -0.0242065 0.1123350 0.0526768 0.1911904 -0.0895506 0.1834448 -0.0759202 -0.0396256 -0.0652770 0.0306860 0.2459426 0.0801813 -0.1209009 0.0265981 -0.2409261 0.3727839 0.0501483 0.2210939 0.3509440 0.2660237 -0.0121801 -0.0166836 -0.1224021 -0.0534206 0.0237085 0.1061512 0.3303172 0.1896500 0.1125916 0.1062680 0.1871244 0.2686039 0.5535513 0.1767012 0.4680184 0.5615135 0.1909274 0.5659274 0.3033571 0.5359300 0.2798362 0.4690017 0.2031798 0.2042241 0.5562826 0.5772867 0.1942676 0.4410616 0.1436695 0.2239919 0.2915969 0.3526951 0.4035413 0.3918663 0.4473157 0.3786202 0.2666754 0.1915461 0.1587195 0.1478977 0.5160311 0.6373470 0.5450383 0.6657814 0.4570944 0.1233138 0.1615607 0.2419608 0.2141702 0.2377170 0.1958066 0.1914519 0.3180099 0.4394333 0.5982648 0.2563323 -0.0086495 -0.1495056 0.0889217 0.2808904 0.3426986 0.3241064 0.4066815 -0.0149603 0.0292865 -0.1434357 0.0452054 0.1354616 0.5280355 0.3947800 0.1268945 0.0586031 -0.2408154 -0.1720749
0.0214734 0.5272495 0.2841768 0.1615223 0.0895922 0.6427688 -0.1857106 0.2523425 0.0000000 0.6997891 0.5511236 0.3274140 0.3591711 0.7681136 0.8573384 0.4197783 0.3959473 0.6404003 0.2552119 0.6402205 0.4924360 0.3031667 0.2909001 0.5123048 0.1952899 0.1958484 0.3166694 0.5758288 0.5316944 0.4765878 0.3865224 0.1847299 0.2331479 0.2732152 -0.1126438 0.4778068 0.4150082 0.5579061 0.3325427 0.1303534 0.3785641 0.3736590 0.3358171 0.4114047 0.3777207 0.5370684 0.0285520 0.5041844 0.0833595 0.4917459 -0.1929195 0.3677412 0.2464847 0.4165488 0.5768677 0.4266498 0.4302599 0.3050468 0.2024265 0.3344742 0.2789248 0.2761798 0.4924142 0.4806656 0.2673535 0.5814662 0.5341138 0.4435293 0.5893178 0.5233335 0.7185397 0.5314866 0.3953179 0.1455823 0.6886998 0.4403665 0.4382502 0.6256104 0.4751280 0.4207176 0.5089468 0.3089065 0.6164552 0.4886552 0.2690897 0.3745128 0.4377470 -0.0365819 0.4766461 0.4532806 0.4379206 0.5618028 -0.0335294 -0.4913363 0.6324734 0.6581027 0.1798129 0.1378182 0.3584326 -0.6157349 0.5458934 0.2253814 0.1337318 0.0267651 0.2845137 0.3660811 0.2963121 0.4064437 0.2299910 0.2161936 0.3937985 0.2583982 -0.0059139 0.0076209 0.1113079 0.1110688 0.1450586 0.3413425 0.2087135 0.0233077 -0.1178310 -0.0662607 0.1059082 -0.0389927 -0.0641283 -0.2765694 -0.2451589 0.4885734 -0.0689799 0.2003520 -0.0151454 -0.0667811 0.1240345 0.0494285 0.1522377 0.2158354 -0.0240740 -0.0681664 -0.4130822 0.2471455 0.3677772 -0.1081532 0.1188344 0.2000720 -0.2523578 0.1681252 -0.3423518 -0.2455893 0.3238031 0.0517542 0.1630304 -0.1476869 -0.2476923 0.2736343 0.2118791 0.2085871 0.0319728 -0.3242463 0.0217007 0.1270588 0.5203667 0.3791236 0.3459497 0.1127878 0.4475835 0.1460270 0.3553891 0.2820223 0.4054073 0.4163597 0.4095965 0.5103010 -0.3514450 0.0771732 0.1222972 -0.0501937 -0.0001770 0.0321192 0.2750525 0.1442686 -0.0455021 0.1710915 0.1699925 0.1793130 0.0385035 0.1138695 0.2495869 0.2597144 0.1277292 0.2241988 0.1710470 0.3233039 0.0959907 0.1270058 0.0159071 0.1666495 0.2013887 0.0744258 0.3562396 -0.0297161 -0.1834629 -0.3344076 -0.3249681 -0.3887585 0.3861170 0.3106148 -0.0858735 -0.0872860 -0.1567535 -0.2904402 -0.0508285 0.0325084 0.3101713 -0.0737709 0.1655083 -0.2768139 -0.3180613 -0.5563946
0.2154745 0.4928901 -0.0554724 0.5340251 -0.3821588 0.9242882 0.2639783 0.4172876 0.6997891 0.0000000 0.9240410 0.7233397 0.3047008 0.6427448 0.6178395 0.8544670 0.7645204 0.0124957 0.6662196 0.1549737 0.6971968 0.5170687 0.3867797 0.1858026 0.4279719 0.2530829 0.0498654 0.6873183 0.5511798 0.4191923 0.1262794 0.3949822 -0.1140235 -0.0832808 -0.4250783 0.7015418 0.1297772 0.5359524 0.1492067 -0.2287171 0.3003037 0.6756318 0.0209900 0.2622714 0.6542998 0.4400872 -0.1818247 0.2586768 -0.2716921 0.3982632 -0.4460347 0.3558526 -0.1122671 0.2558509 0.5717478 0.5678220 0.2524255 0.3931401 0.3955247 0.2029638 0.6642745 0.6638610 0.6072789 0.7942140 0.7691371 0.4163782 0.7073460 0.8192253 0.3863424 0.8304558 0.5782984 0.8353188 0.6490684 0.6465695 0.7801028 0.8030307 0.6488553 0.6883777 0.8032725 0.7070482 0.5199906 0.4318701 0.4203730 0.1514857 0.2240278 0.3621839 0.2258824 -0.0887004 0.3024909 0.4859653 0.0879347 0.0136403 0.0769405 -0.3760257 0.5977927 0.2152690 -0.3587448 0.1552758 0.3229561 -0.3777333 0.3337999 0.1083364 0.1536720 0.3130895 0.1017959 0.5897176 0.5001082 0.4884537 0.4303709 0.2092944 0.3286202 0.4173626 0.2038878 0.1342930 0.0699179 0.1144076 0.0986873 0.3559550 0.2927388 0.2407973 0.0901120 0.1421532 0.1025093 0.2670710 0.0830777 0.1475018 0.1180898 0.4942607 0.0729133 0.4334756 0.0855034 0.3137629 0.0768563 0.5048069 0.1500764 0.0176487 0.1762251 -0.0922594 -0.4744315 0.4979829 0.2582290 -0.0695088 0.0479953 0.4116397 -0.1456431 0.1779946 -0.5518570 -0.5244975 0.2441164 0.4042413 0.0722019 0.0289092 -0.4869842 0.2282851 0.0268767 0.3515622 0.1707038 -0.4381426 0.5030301 0.2530773 0.1293089 0.4448830 0.5592922 0.4270167 0.1127649 0.0486395 0.4169471 0.4626408 0.5762345 0.3600572 0.4610481 0.6119826 -0.2907181 -0.0274434 0.2293028 0.1565635 0.1649231 0.0987994 0.4661767 0.2340391 -0.1040401 0.3130307 0.4724702 0.3807787 0.0882751 0.4811251 0.0098708 0.1524214 0.4258903 0.3398709 0.4539152 0.5929151 0.4998570 0.3578324 0.3460828 0.4316818 0.4302957 0.5533985 0.5739536 0.2498185 -0.2766496 -0.4533861 -0.3403127 0.0571417 0.2289054 0.0191691 -0.1444668 0.1415485 -0.0165753 -0.2354170 -0.0041187 0.2326197 0.3642942 0.4456465 0.3831979 -0.3996910 -0.4989343 -0.5735628
0.1903516 0.3483225 -0.1756262 0.5383827 -0.4685646 0.8564880 0.3555642 0.4034676 0.5511236 0.9240410 0.0000000 0.7856818 0.3740308 0.6016592 0.5049405 0.9351186 0.7720993 -0.0475123 0.7728778 0.0233811 0.7349149 0.6564670 0.4067286 -0.0369936 0.5528609 0.4559761 -0.0572982 0.6236160 0.5003412 0.3337491 0.1744271 0.5128017 -0.2790260 -0.2490367 -0.2412690 0.7453767 0.2694979 0.6518868 0.2581991 -0.2824323 0.3744453 0.8032999 0.1023701 0.2015744 0.7545685 0.4980563 0.0143478 0.3210006 -0.4236364 0.4335683 -0.2528235 0.4778872 -0.2801327 0.3599299 0.5501008 0.6218176 0.3696316 0.3389286 0.6153479 0.3513085 0.8413241 0.7538990 0.5876542 0.6933926 0.8525369 0.4411090 0.8115631 0.9189518 0.3514340 0.8665221 0.6296535 0.7699197 0.8151301 0.7591994 0.7940375 0.9005285 0.6626469 0.7532626 0.8826638 0.7996497 0.4510422 0.4077622 0.4340007 0.2740618 0.4026958 0.4608002 0.1271944 -0.0420458 0.4105235 0.5703542 0.0269197 -0.1696915 0.1065547 -0.2813051 0.6802376 0.1007192 -0.4800236 0.2003259 0.4349359 -0.3352167 0.4110272 0.1568171 0.1445381 0.5433947 -0.0580006 0.7218875 0.5947195 0.6037378 0.5172044 0.3574609 0.3609303 0.5331016 0.2724465 0.2287007 0.0727405 0.1790576 0.1460968 0.3950758 0.3292961 0.3343497 0.1816267 0.3282352 0.2787791 0.3415071 0.0626825 0.2366664 0.3356625 0.5257238 0.0820858 0.5460644 0.1336270 0.3688137 0.0451059 0.6169764 0.1220638 -0.0502000 0.2037856 -0.1675565 -0.5716390 0.5923743 0.2573036 -0.0740818 0.0108574 0.4031006 -0.1519589 0.1452127 -0.6242370 -0.6146327 0.1882549 0.5047714 0.0938362 0.0817805 -0.5722078 0.2921135 -0.0816187 0.3899031 0.1548149 -0.5073345 0.6679981 0.2683348 0.0944703 0.5018808 0.5903479 0.4372460 0.0032739 0.0935127 0.4244652 0.5370054 0.6801098 0.3971644 0.4622645 0.5866063 -0.2268754 0.0461918 0.3871494 0.3725730 0.3094039 0.2110296 0.5301569 0.3177691 -0.0201239 0.4376816 0.6346278 0.5312191 0.2896266 0.5786760 -0.0039511 0.2009800 0.4169208 0.2870724 0.5555805 0.6240800 0.5414125 0.5104388 0.4379775 0.5407652 0.4186720 0.6724041 0.6482159 0.3022807 -0.4296316 -0.4182290 -0.3998231 0.1102897 0.0955102 -0.0312646 -0.1274081 0.0421489 -0.1765208 -0.2492095 -0.0977394 0.2988285 0.2555782 0.5676883 0.5245486 -0.3520659 -0.5533618 -0.5493229
0.1054442 0.1886952 -0.1704178 0.7009002 -0.4377644 0.7711554 0.4914721 0.4011565 0.3274140 0.7233397 0.7856818 0.0000000 0.2263610 0.2774310 0.4789538 0.7745660 0.4698279 -0.2838510 0.6922720 -0.2360585 0.8549655 0.6115908 -0.0170838 0.1682046 0.4556078 0.2886467 -0.3005750 0.6574277 0.6808660 0.1511580 0.0446583 0.2466682 -0.0008977 0.0147759 -0.4293674 0.7893309 0.0334256 0.5407072 -0.0254701 -0.2115214 0.1424370 0.7712019 -0.2980774 0.4309210 0.7975341 0.3324756 0.0313701 0.0885200 -0.1589643 0.3182022 -0.2658004 0.1348149 -0.0305997 0.1210378 0.2991910 0.5247290 0.2038193 0.5387955 0.4900569 0.2217224 0.8009261 0.4506682 0.3097687 0.7564360 0.8449426 0.1864102 0.6005886 0.6532616 0.1903317 0.8094267 0.3254860 0.8560777 0.5966441 0.7959468 0.5281479 0.7925492 0.8141343 0.5979457 0.7408241 0.8701685 0.3258466 0.2385171 0.1142317 0.0232635 0.2753727 0.1386240 -0.1082107 0.0118333 0.0603021 0.3866220 -0.1582663 -0.3503596 0.0457085 0.0303851 0.5870535 0.0281642 -0.4800308 0.1321728 0.3614971 -0.3116844 0.1023903 -0.0014479 0.0635107 0.3736179 0.0171348 0.6823246 0.4405159 0.4999836 0.5080556 0.1968947 0.1524329 0.5754233 0.4679724 0.2497799 0.1108295 0.2626333 0.1404514 0.3746594 0.4349266 0.4051112 0.2068031 0.2310374 0.4665195 0.5171025 0.2813137 0.3060280 0.5141365 0.5126757 0.1494471 0.7072577 0.2519653 0.2879150 0.4523983 0.7365569 0.1122110 0.2611932 0.4284263 0.0398237 -0.3685879 0.7699511 -0.0004732 0.0907451 -0.0478096 0.4415496 0.0230759 0.3973658 -0.4791260 -0.6150758 0.1579510 0.5485515 0.0893383 0.2446217 -0.3010298 0.1539272 -0.1530952 0.5872851 -0.0417577 -0.2080421 0.5983167 0.1546088 -0.0217927 0.4670128 0.8022538 0.2919656 0.0394393 0.3152593 0.3959798 0.4725678 0.6506312 0.3740928 0.4391604 0.5701997 0.1623805 0.3191809 0.3345988 0.6238683 0.6681445 0.5123886 0.7940965 0.4826988 0.2042954 0.6457196 0.6984953 0.6834443 0.2454426 0.4374982 -0.1366545 0.1339190 0.6756001 0.5963870 0.4453605 0.8517598 0.7787949 0.5390005 0.4488093 0.6105117 0.4679014 0.8398551 0.6407278 0.3530851 -0.3062800 -0.3916697 -0.3573816 0.2605632 -0.0247460 -0.1833071 0.0095839 0.0924981 -0.1058962 -0.2400627 -0.0545107 0.5742002 0.0939502 0.6831830 0.6515672 -0.3070538 -0.3094003 -0.2067342
0.3110950 0.2435419 0.4818698 0.4392759 0.4654431 0.4098916 0.2055026 0.7729243 0.3591711 0.3047008 0.3740308 0.2263610 0.0000000 0.4180427 0.1984005 0.1454455 0.0893144 0.3414052 0.1466373 0.3606074 0.2961584 0.3426615 0.1420455 -0.1317811 0.0411821 0.2220851 0.1137761 0.1690494 -0.0275554 0.2739672 0.5958182 0.5304471 -0.1659925 -0.1930134 0.0809324 0.1660560 0.3964786 0.4486834 -0.0684768 -0.2157435 0.5211362 0.1916857 -0.0934567 0.2316201 0.2383638 0.1646762 -0.0267105 0.5635827 -0.1196117 -0.0871073 -0.2097074 0.0230088 -0.1446966 0.0266867 0.4843446 -0.0037487 0.4707484 0.2948167 0.4123568 0.0433435 0.2516018 0.1918425 0.6440466 0.1719839 0.1598312 0.7033203 0.2674562 0.3723622 0.6515224 0.2092979 0.6813791 0.1198346 0.2836571 0.3020126 0.5581684 0.1913214 0.1802479 0.3904734 0.2204248 0.2733812 0.3228314 0.3939269 0.4723963 0.4601294 0.2516459 0.4837394 0.2675936 0.1904328 0.6504193 0.5471593 0.3916143 0.0439459 0.2956908 -0.0601972 0.4200919 0.3730424 0.1943400 0.2773610 0.4747811 -0.3882573 0.5435966 0.3124386 0.0762674 0.2605805 0.0550854 0.3652315 0.3264853 0.3781370 0.2524747 0.1844655 0.2552969 0.2390170 0.2632180 0.3180236 0.3693607 0.3635853 0.5412708 0.4835991 0.2966475 0.3711590 0.3012396 0.4584316 0.6072455 0.2139216 -0.0651043 0.0409542 0.1954249 0.3408016 -0.1894794 0.2167153 -0.0127953 -0.0584509 -0.0022299 -0.0646919 0.1655616 -0.0263046 -0.1076250 -0.2167336 -0.4414833 0.2335558 0.3060444 0.0314558 0.0302273 0.0100409 -0.2182325 -0.2289520 -0.2408265 -0.0822819 0.2809247 0.0982806 0.0443504 -0.1044463 0.0252713 0.4096613 0.2730369 0.0859395 0.2603159 0.0664664 0.2667327 0.2225445 0.3298766 0.5785062 0.2293972 0.2235559 0.4175523 0.5618877 0.4076423 0.4973328 0.6040948 0.5632141 0.4357376 0.5739976 0.1949157 0.2566710 0.4996388 0.3390621 0.3433464 0.3432202 0.3681567 0.2920115 0.2069168 0.1195964 0.1359852 0.1589019 0.5214671 0.4288500 0.5919578 0.6878538 0.2420226 -0.0334545 0.3621109 0.0217518 -0.0860925 0.4444820 0.2681345 0.2198206 0.1468789 0.2856273 0.3524178 0.1304739 -0.2628421 -0.1372924 -0.2222756 -0.1074123 0.4487738 0.4619854 0.3441189 -0.3280415 -0.2823170 -0.2450549 -0.2977832 -0.0397332 0.4385196 0.2710530 0.2139111 -0.0242134 -0.3967076 -0.4435795
0.3394666 0.5442212 0.3123015 0.0037487 0.0677209 0.5349280 0.0140098 0.1826537 0.7681136 0.6427448 0.6016592 0.2774310 0.4180427 0.0000000 0.6256647 0.4927369 0.6256582 0.5904623 0.2504498 0.6292752 0.2525975 0.5359165 0.6201542 0.1258544 0.3781723 0.3656472 0.5599012 0.6570630 0.1481827 0.6958055 0.5617926 0.4882618 -0.1649876 -0.1411529 0.1822627 0.2425962 0.5272124 0.6280524 0.4406242 -0.0622884 0.5477150 0.2849180 0.4793927 0.1943179 0.2530710 0.5042246 0.2068674 0.5715817 -0.2941344 0.5070801 0.0000257 0.5674240 -0.1848226 0.4174804 0.6342098 0.3658246 0.6229456 0.0069906 0.2212011 0.4471474 0.2911872 0.4907176 0.4991898 0.2505451 0.2733098 0.6680553 0.6729667 0.5049908 0.5357439 0.4262950 0.8390352 0.3511779 0.4742204 0.1094257 0.6807545 0.3608537 0.1684968 0.5713871 0.4389812 0.3674357 0.5710052 0.3088395 0.7266667 0.4850115 0.1220459 0.5415609 0.4311247 -0.0907803 0.5520944 0.4167639 0.2051841 0.3535785 0.1290021 -0.5207394 0.4636676 0.4207682 0.1111606 0.0769369 0.2411295 -0.5235276 0.5839667 0.1574548 0.0290542 0.1818527 0.0229778 0.2075912 0.2147073 0.2504597 -0.0086985 0.1417341 0.1624172 -0.0061264 -0.2426618 0.0481654 -0.0705456 -0.1038451 0.0615887 0.0983413 -0.1525941 -0.0265672 -0.0707636 -0.0561487 0.3415658 -0.2715656 -0.2166240 -0.2832593 -0.1769104 0.6964099 -0.2022607 -0.0073587 -0.1302014 -0.0919118 -0.1359239 -0.0147120 0.1258985 -0.1492867 -0.1826138 -0.2926639 -0.4343731 0.0529093 0.5067528 -0.3062460 0.0612240 -0.1268874 -0.4377910 -0.2327783 -0.3056837 -0.1988550 0.5478601 -0.0788095 -0.1721409 -0.5060784 -0.2323620 0.4506839 0.4011131 -0.1334962 -0.1240963 -0.5190145 0.0898219 -0.0629989 0.4287538 0.2719848 0.0803688 0.0249927 0.5254284 0.1299320 0.4519942 0.5408270 0.5812607 0.3271333 0.5327394 0.6102076 -0.2040119 -0.0308429 0.1212616 -0.0017560 -0.0278596 0.0162136 0.0261372 -0.0904736 -0.1774716 -0.0881632 0.0233822 -0.0414449 0.0698822 0.2200472 0.2353147 0.3447179 -0.0423625 -0.0514780 0.1233946 0.1986300 0.1151828 -0.0125369 -0.0802700 -0.0019546 -0.0783654 0.1039674 0.4345949 -0.1259634 -0.0284592 -0.0856974 -0.4085352 -0.4456657 0.4055251 0.4964879 -0.2526965 0.0526226 0.0475690 0.0544518 -0.2388993 -0.0570083 0.4023407 -0.1093614 -0.0164541 -0.1004043 -0.4520724 -0.5781281
-0.1628414 0.3906170 0.1542484 0.1564376 -0.0056328 0.5709230 -0.1386109 0.1207232 0.8573384 0.6178395 0.5049405 0.4789538 0.1984005 0.6256647 0.0000000 0.4269047 0.2231525 0.5598602 0.3267707 0.3463833 0.5608757 0.4031273 0.0759939 0.7495976 0.4415806 0.3769409 0.0445465 0.7802748 0.7815278 0.3849739 0.2690221 0.1064348 0.5104835 0.5394019 -0.1336865 0.5505688 0.3438311 0.5898332 0.3588748 0.3014665 0.2771389 0.3915592 0.2648593 0.7122163 0.4228069 0.5930929 0.1153336 0.3944597 0.3018386 0.4769439 -0.1212330 0.4091417 0.4623525 0.5308482 0.4306407 0.4973969 0.3036030 0.5821368 0.1787855 0.4327310 0.3240109 0.2523068 0.2960744 0.5834818 0.2209541 0.2575682 0.5698870 0.3909781 0.3783374 0.6469449 0.5338353 0.5521603 0.4713112 0.1123615 0.5143212 0.5267620 0.5617958 0.6645341 0.5527722 0.5490629 0.4927554 0.0661955 0.3721035 0.4649816 0.2691784 0.0919986 0.0725076 -0.1837513 0.2205886 0.3022178 0.2403513 0.3284860 -0.1817150 -0.4355674 0.5821722 0.4822905 -0.0401219 0.0331041 0.1383231 -0.4617555 0.3298694 0.0561969 -0.1037714 0.1364341 0.0921581 0.3350686 0.0537877 0.2799137 0.1309211 0.0194274 0.1795798 0.2929199 -0.0377206 -0.1381705 -0.0515048 -0.0128693 -0.0650246 0.2278394 0.1660645 -0.0597731 -0.2756857 -0.2511563 0.1951600 0.0237247 0.0126842 -0.3701015 -0.1625938 0.5403029 -0.1534539 0.3654174 -0.0622177 -0.0707100 0.3386871 0.2123548 0.2359414 0.3726241 0.0827802 -0.0723290 -0.4920722 0.4110547 0.2471912 -0.1087125 0.1278700 0.1513240 -0.3297417 0.4026563 -0.4603795 -0.4641517 0.4090237 0.0424541 0.0226037 -0.0840305 -0.3628086 0.1601558 -0.1047354 0.3882746 -0.2799015 -0.3867502 0.0857009 -0.0522655 0.3073292 0.2971042 0.4390403 -0.1266425 0.2782146 0.0774800 0.2530193 0.2221120 0.3838327 0.3544102 0.3015811 0.3528695 -0.3319460 0.1812538 0.1681490 0.2349131 0.3307965 0.3434118 0.3917147 0.2999385 0.2656382 0.3944804 0.2624565 0.3810610 -0.0140127 0.0528414 0.0842778 0.2117932 0.2496988 0.3005298 0.0079006 0.6229316 0.3307423 0.1600748 -0.0965674 0.2752891 0.0656155 0.2139163 0.3630334 -0.0589956 -0.1268540 -0.2411312 -0.3953694 -0.3677848 0.0665386 0.1062397 -0.2360646 -0.2469813 -0.0465864 -0.1170899 -0.0230429 0.2911663 0.0257733 -0.0218962 0.2780791 -0.2867178 -0.1971480 -0.4685708
0.1866035 0.2568716 -0.3673415 0.3971698 -0.6289367 0.7475131 0.3324372 0.1689964 0.4197783 0.8544670 0.9351186 0.7745660 0.1454455 0.4927369 0.4269047 0.0000000 0.7757285 -0.2048246 0.8029589 -0.0850189 0.7094844 0.5564416 0.4081670 -0.0512004 0.5414176 0.3616003 -0.1139143 0.6033801 0.5268041 0.2322186 -0.0989256 0.3099841 -0.3415187 -0.2735990 -0.3287185 0.7567725 0.1025269 0.5011689 0.2242547 -0.3570833 0.0968468 0.8338128 0.0754370 0.1330008 0.8180395 0.4057594 -0.0260456 0.0559279 -0.4881543 0.4664276 -0.2433088 0.4703812 -0.3179939 0.3515544 0.3133306 0.5451209 0.1592406 0.2792070 0.4011949 0.3152201 0.7605130 0.7449389 0.2997450 0.7072296 0.8284142 0.2027963 0.7649396 0.8601922 0.0449532 0.8456405 0.4408013 0.7982470 0.7649566 0.6966687 0.6254146 0.8850075 0.6710586 0.6017498 0.8188147 0.6955960 0.2599152 0.3702586 0.3252217 0.1106695 0.3291744 0.4029610 0.0196395 -0.0224202 0.2129578 0.5461921 -0.1751612 -0.2305899 0.1214371 -0.2528043 0.5444025 -0.0251466 -0.5861951 0.2160153 0.3802817 -0.3123284 0.3624371 0.1644099 0.1779432 0.5254990 -0.1241253 0.6749629 0.5977732 0.5616491 0.4788079 0.3525542 0.2742522 0.5545315 0.3159068 0.2724571 0.0647652 0.1761030 0.0995053 0.3660812 0.3160664 0.3745532 0.2590540 0.3537059 0.1461213 0.4171977 0.1451412 0.2836274 0.4295237 0.4417417 0.0936015 0.5541996 0.1554874 0.3604588 0.0924914 0.7383390 -0.0615637 -0.0976426 0.2832615 -0.2323101 -0.5640178 0.5044169 0.1502898 -0.2095904 -0.2296037 0.3374781 -0.1328475 0.1652593 -0.6960006 -0.7111473 0.1542842 0.4882833 -0.0503037 0.0266825 -0.6465983 0.2592375 -0.1623216 0.3521407 -0.0473689 -0.5197535 0.5159012 0.0375364 0.0106951 0.2979657 0.6182411 0.2377164 -0.0861460 0.0384238 0.4115029 0.5572555 0.4709918 0.1326606 0.5010918 0.4983697 -0.2228799 -0.0846327 0.2808950 0.2451041 0.1994348 0.0482617 0.4827881 0.1630080 -0.1890198 0.3609416 0.6092294 0.4939438 0.0210156 0.3451847 -0.3184585 -0.0941371 0.3685549 0.3644644 0.5823840 0.6192852 0.5283790 0.4787048 0.4425078 0.4962947 0.4243825 0.6570825 0.4667395 0.2445082 -0.4914920 -0.3951946 -0.4424567 0.0755629 -0.0446392 -0.2587637 -0.2773702 0.0638193 -0.1693522 -0.2656613 -0.1242084 0.2515877 0.0813928 0.5198990 0.5472541 -0.5390589 -0.5003860 -0.4816664
0.4219733 0.4827773 -0.0895430 0.2375128 -0.4617460 0.6382228 0.4853693 0.2156071 0.3959473 0.7645204 0.7720993 0.4698279 0.0893144 0.6256582 0.2231525 0.7757285 0.0000000 -0.1294991 0.5628922 0.1002717 0.2755131 0.4460786 0.7548004 -0.1759505 0.3721454 0.2197179 0.4216240 0.4218560 0.0825094 0.5834480 0.0860146 0.5212040 -0.4119294 -0.3717539 -0.0693092 0.3414380 0.2912182 0.4064849 0.3677345 -0.2338481 0.3410479 0.4620554 0.2965276 -0.1207572 0.3598893 0.3846604 0.0534918 0.2152272 -0.4589753 0.5056972 -0.1225145 0.5193393 -0.3732935 0.2251839 0.5344187 0.5378086 0.4108179 -0.0226640 0.2638452 0.2740099 0.5143518 0.6957143 0.4428549 0.4646057 0.6887761 0.3967990 0.6546987 0.7101808 0.1922059 0.5566111 0.5474904 0.5479725 0.5937344 0.5247158 0.6676192 0.5729281 0.2407621 0.5216361 0.6229661 0.5466157 0.5142570 0.3871240 0.4559190 0.0136094 0.0242505 0.5179635 0.3450400 -0.0688241 0.2965665 0.2971571 -0.0767766 -0.0442110 0.1810289 -0.3471102 0.4109448 -0.0240046 -0.3393753 0.0264888 0.2487419 -0.2753862 0.2717731 0.0252341 0.2128799 0.2512171 -0.1056303 0.3360879 0.4359590 0.3988374 0.1253719 0.2723452 0.1565403 0.0551108 -0.0640960 0.1085127 -0.1537598 -0.1356457 -0.0732087 0.0042242 -0.0737395 0.0301379 0.0793083 0.1051684 -0.0312012 -0.0039615 -0.0882921 0.1445628 -0.0163700 0.3830479 0.0747384 0.0316073 0.0009729 0.2385655 -0.2553262 0.3349609 0.1161858 -0.3587916 -0.0762836 -0.1695156 -0.2784828 0.2434017 0.2888107 -0.2189124 0.1005364 0.2148875 -0.1346608 -0.1928440 -0.3504666 -0.3393289 0.0902478 0.1284558 0.0250569 -0.1541394 -0.4347339 0.2108258 0.2068070 -0.0356121 0.1877614 -0.5510038 0.4011282 0.2380961 0.1513531 0.1289341 0.1807907 0.4202839 0.1397054 -0.0983164 0.2407270 0.3773612 0.4471373 0.1756672 0.3779529 0.5174490 -0.2771204 -0.1665193 0.1420477 -0.0002782 -0.1204752 -0.1298478 0.0636222 -0.0538875 -0.3465171 -0.0357870 0.2268119 -0.0031009 -0.0105261 0.4589243 -0.0562601 0.0686355 0.0436080 0.0034781 0.2604314 0.3417977 0.3900669 0.0325678 0.1612345 0.1439847 0.2270085 0.3809017 0.6188143 0.2022561 -0.1391573 -0.3472083 -0.0968050 0.1005839 0.2488860 0.1505916 -0.2441643 0.4693087 0.0715328 0.0057121 0.1122145 0.1730750 0.4625470 0.2864468 0.0439158 -0.1530378 -0.4087787 -0.2912939
