0.0000000 0.5076634 0.1497831 0.6690407 -0.3691464 0.7348009 0.5465061 0.3739856 0.7149812 0.7156956 0.6328414 0.6919647 0.0517652 0.8092953 0.6309296 0.5866543 0.5533512 0.7692235 0.4974856 -0.0939346 0.4996810 0.5718131 0.4784225 0.7473453 0.5154757 0.5685724 0.2092240 0.6858383 0.5578940 0.5436313 0.2268256 0.0016518 0.6105783 0.7149135 0.6294843 0.3105593 0.3649210 0.4802504 0.3966047 0.2187733 0.3207254 -0.0717650 0.2828404 0.3056919 -0.2292085 0.4534563 0.4597549 0.4408553 0.5158599 0.4003994 0.6108684 0.2870405 0.6379251 0.2570207 0.2863812 0.3666304 0.3819439 0.4876914 -0.4251288 0.4346072 -0.0167679 0.5340428 0.3066665 0.6658765 0.1393718 0.1850080 0.6739303 0.5050245 0.3209480 0.7362931 0.2554030 0.7594986 0.4400822 0.6180928 0.1429559 0.5097263 0.7086076 0.0733061 0.2573655 0.4133239 0.1928360 0.3421783 0.5251319 0.4869165 0.6396068 0.4102862 -0.1244646 0.4498384 0.5654766 0.5910261 0.2024825 -0.0055699 -0.1288817 0.5112979 0.3050380 0.1955888 -0.0553021 -0.1820805 0.1494920 0.4551979 0.5418627 -0.1078430 0.3546939 0.5483851 0.0407975 0.0969334 0.2905363 0.0966098 0.0151238 0.1219807 0.0787548 0.2663241 0.1952177 0.2626674 0.4504156 0.4290656 0.1442426 0.4688987 0.3531733 0.4693447 0.6011411 0.2026609 0.0380657 0.4483403 0.4362069 0.3773292 0.2035646 -0.0523644 0.3615660 0.5445363 0.2242352 -0.1388346 0.3282202 0.6130158 -0.3603940 0.0119073 0.3619712 0.1491152 0.0530122 0.4921011 0.0138107 0.3517276 0.1987367 0.1939009 -0.0288385 0.0214785 -0.1068735 -0.0586248 0.1124191 0.3990350 0.4038793 0.1263233 -0.0552946 0.1798873 -0.1290125 0.2538017 0.1510139 -0.3131253 0.3406155 0.2175208 -0.1427938 0.0722375 -0.2170582 -0.1354919 -0.1322856 -0.4402717 -0.1009655 0.1143479 -0.0552408 -0.1022972 0.0724466 0.1580790 0.5029609 0.1041348 -0.1074519 0.2747266 0.4903195 0.3588905 0.4303938 0.2996403 0.3755078 0.3038461 0.0752852 0.3824984 -0.3237014 -0.0830363 -0.4085123 -0.1613578 0.4655352 0.7790846 0.2304163 0.7341185 0.6744328 0.0851299 0.1749688 0.2279729 0.3117340 0.4605889 0.5381501 0.4394997 -0.3694694 -0.3445630 -0.3358125 0.0420984 -0.3795897 0.1443540 0.2984584 -0.4113513 -0.3299827 0.3648373 -0.1634272 0.0730568 -0.2551558 0.1068721 0.0258170 -0.3435248 -0.0070551 -0.2767200
0.5076634 0.0000000 0.6478187 0.6712964 0.0043105 0.7273285 0.4292265 0.7074516 0.7218594 0.5544181 0.7085536 0.6839466 0.6081169 0.4726939 0.7025858 0.6385193 0.5205868 0.4750164 0.8298113 0.0497800 0.5683364 0.9169744 0.5141532 0.5506386 0.8275196 0.8387535 0.1861780 0.3585410 0.8273278 0.3554712 0.7448490 0.5135142 0.5540561 0.7869809 0.6977263 0.7127044 0.6380127 0.7425107 0.4381320 0.1758198 0.7126888 0.6075307 0.4345381 0.4125174 0.4303051 0.7387938 0.6296839 0.6474807 0.6608090 0.6985417 0.6103930 0.5492738 0.8275177 0.5790429 0.6083800 0.6913898 0.6487145 0.6363039 -0.2125896 0.6535229 0.4084310 0.7035798 0.5179090 0.6783872 0.4909390 0.5653930 0.7364090 0.7220838 0.6833039 0.7866303 0.6370450 0.5556953 0.7027977 0.6298415 0.4747588 0.8147620 0.6212753 0.3082794 0.6163494 0.6547181 0.4446832 0.2859752 0.4599761 0.5167529 0.5288326 0.3946155 0.0452605 0.4383744 0.5636938 0.6376740 0.3699604 0.1363740 -0.2846719 0.4508144 0.3117094 0.3192330 -0.0013710 -0.2476624 0.1886056 0.6662048 0.7690087 -0.1146086 0.4419075 0.2566984 0.1030849 0.3391275 0.1839166 0.1115433 0.2582136 -0.0705662 0.3871686 0.2585299 -0.0952495 -0.2213973 -0.0912639 -0.0177951 -0.3236537 0.1051041 -0.1755878 0.2501469 0.2680049 -0.2415042 -0.0088745 0.1049020 0.1734359 0.4206825 -0.0952921 -0.0826826 0.4702196 0.2519988 0.1764084 0.2034262 -0.1299799 0.4835319 -0.0751111 -0.0067335 0.0997450 0.4548485 0.1563648 0.3609330 -0.0527698 0.3164470 0.1777274 0.2266907 0.0547114 -0.2040394 0.0429869 -0.0527235 -0.0947070 0.1944411 0.4720299 0.1462743 0.0555114 -0.1565731 -0.2591349 0.2744750 0.2004428 -0.1892585 0.2542076 0.5221229 -0.1894395 0.1449069 0.0608416 0.1845926 -0.1682580 -0.0714869 -0.2977025 -0.1773717 -0.0470319 0.2011508 -0.2057694 -0.1017365 0.4747985 0.2278138 -0.0097683 0.1958203 0.4609298 0.3757892 0.7997596 0.7587351 0.5258355 0.8877109 0.6756718 0.8618613 -0.2059906 0.3976250 -0.1070194 0.1285962 0.2937745 0.4183349 0.1238164 0.5539330 0.4751803 0.0316085 0.1754052 0.1587632 0.2625196 0.4116611 0.5665879 0.4343254 -0.0955464 0.0798010 -0.0362567 0.0106730 -0.5852255 -0.0026756 0.4385165 -0.3105645 -0.1908939 0.3302140 0.2317077 0.0075375 -0.3953383 -0.2056315 -0.0714584 -0.2008914 -0.1437683 -0.1508203
0.1497831 0.6478187 0.0000000 0.4065407 0.6619335 0.4011805 0.3821405 0.3312333 0.5532849 0.2912385 0.2917470 0.4615705 0.5223173 0.3070584 0.5904629 0.2583541 0.2353070 0.3935318 0.5209290 0.3109508 0.1076355 0.6843361 0.1871945 0.4594376 0.7508452 0.5893325 0.0647758 0.3709865 0.3401556 0.2307629 0.8085448 0.6028151 0.4506340 0.4511013 0.4019641 0.2991637 0.6490722 0.5350818 0.1071561 0.0730197 0.7713700 0.2210751 0.0648806 0.4423875 0.0867380 0.4920407 0.2694114 0.5801828 0.5133457 0.5590090 0.1869388 0.2201406 0.3971904 0.3117208 0.5661634 0.4927645 0.3838739 0.5494309 0.0064961 0.3270073 0.2867247 0.3712825 0.3638675 0.3568905 0.2804382 0.3740858 0.3318860 0.5708427 0.3931170 0.4141436 0.4366709 0.2234612 0.5424621 0.4295099 0.2208989 0.5378829 0.2550415 0.2671091 0.6015828 0.4006172 0.5913714 0.2100957 0.1704879 0.2351101 0.3078215 -0.0403181 -0.0215240 0.2767676 0.0947021 0.2792399 -0.0194899 -0.1546210 -0.4345465 0.1960901 -0.1670170 -0.1406020 -0.2015918 -0.3940639 -0.2402702 0.3281817 0.3483338 -0.3140268 0.0039593 0.1436341 -0.1816813 -0.1032302 -0.1477028 -0.2349052 -0.0161104 -0.4135447 0.0400355 -0.0966003 -0.2905516 -0.5448230 -0.3741630 -0.2820753 -0.3628262 -0.0610228 -0.2221879 -0.1185935 -0.0505711 -0.2936948 -0.2192420 -0.1362050 -0.1177316 0.1111532 -0.2093443 -0.4023929 -0.0085266 0.0485719 -0.1117426 0.0115019 -0.3225439 0.1092740 -0.1365229 -0.2992629 -0.1586012 0.0016673 -0.2031123 -0.1154616 -0.4767101 -0.2182425 -0.1882853 -0.2730355 -0.4016450 -0.3470686 -0.3194927 -0.4375187 -0.4575962 -0.3466236 -0.0075662 -0.3752820 -0.3477130 -0.5272058 -0.5662895 -0.1159383 -0.2575120 -0.5099132 -0.2891551 0.2158448 -0.5431196 -0.2663756 -0.1367867 -0.0426086 -0.5071638 -0.2793699 -0.6288985 -0.6511438 -0.5353036 -0.1677840 -0.6972707 -0.5523452 0.4611081 0.3047158 0.0491194 0.2395321 0.3544413 0.2658931 0.4192752 0.4035213 0.4309711 0.6031667 0.6333241 0.5566235 0.1194264 0.6241397 0.3282634 0.3682181 0.2663428 0.1546747 0.0066972 0.3163697 0.2993632 0.0328669 -0.0380440 -0.0268601 0.1395687 0.2381757 0.3810039 0.2157160 0.1237056 0.1224207 0.1885349 -0.0653701 -0.1668733 0.3323290 0.0194634 -0.0833578 0.0373157 -0.0577476 0.1453289 -0.2126324 0.0478496 -0.1799117 -0.2672097 0.1793406 0.0320069 -0.0395991
0.6690407 0.6712964 0.4065407 0.0000000 -0.1378099 0.9284086 0.6713004 0.8053611 0.7911640 0.8894873 0.8878704 0.9410648 0.5210802 0.6263872 0.7357805 0.8804525 0.6429054 0.6822450 0.7704607 -0.1924718 0.8392124 0.6763390 0.5267443 0.6157680 0.7019844 0.6325289 0.4125084 0.5117889 0.7228606 0.5971259 0.4232046 0.1764322 0.5526477 0.6944330 0.5220663 0.5252142 0.3184914 0.6349407 0.4800343 0.3387030 0.6151514 0.2663412 0.5077500 0.3443610 -0.0594423 0.4785895 0.3742327 0.6242147 0.6393958 0.4812384 0.4691014 0.2894429 0.6788047 0.4413349 0.4980660 0.4293514 0.3370526 0.6630610 -0.7359506 0.2684953 -0.0873030 0.4002555 0.2666905 0.7871314 0.1983091 0.1530086 0.5187980 0.5259927 0.2894100 0.7186291 0.1746435 0.7492764 0.2889716 0.6879649 -0.0239624 0.4588338 0.7211192 -0.1670404 0.1333079 0.2696627 -0.0108689 0.7879423 0.8352039 0.8271080 0.8341272 0.7709466 0.3335842 0.5020451 0.7809739 0.7257528 0.4582361 0.3017335 0.0692420 0.4622328 0.5084533 0.4438742 0.3032814 0.0089671 0.1425607 0.6078854 0.6887589 0.1170282 0.5343736 0.3530405 0.2993488 0.3861910 0.5758636 0.2906695 0.2562697 0.1932412 0.2386472 0.4479304 0.2549252 0.1469897 0.2838805 0.3514520 -0.1712566 0.2142812 0.0774799 0.5642732 0.6003791 -0.1223272 0.1363569 0.4101822 0.6272079 0.4921302 0.2402651 0.0704847 0.6499556 0.5218004 0.4976532 0.0707368 0.2401067 0.7224218 -0.3721547 0.0490122 0.6062868 0.4617502 0.4120905 0.6488629 -0.0722901 0.4573384 0.0071200 0.3937919 0.3661916 0.0443827 0.1526795 0.1726290 -0.1465726 0.3864939 0.5016977 0.3609072 0.0498919 0.0496997 -0.1005758 0.3801519 0.2491231 -0.0856948 0.1646403 0.4783351 -0.1599777 0.0846679 0.1405253 0.2832462 -0.1170680 -0.2137214 -0.2213730 -0.1326174 -0.1879127 0.0579721 -0.1025097 -0.0646084 0.5148269 0.1599111 -0.0744480 0.2823376 0.6232017 0.3691484 0.8626702 0.5489424 0.3087747 0.5308424 0.1071867 0.4319291 -0.6541210 -0.0257367 -0.5134130 -0.1536748 0.4108630 0.7620592 0.2464245 0.6227156 0.6703427 -0.1163070 0.1688177 0.2172462 0.4116003 0.4715199 0.6235256 0.5915893 -0.1682228 -0.0953809 -0.0269194 0.2377128 -0.3013237 0.3450661 0.5754601 -0.0076483 -0.1977572 0.5837458 0.1078674 0.0467582 -0.2332732 0.0958155 0.0918364 -0.1388647 -0.0610630 -0.2018043
-0.3691464 0.0043105 0.6619335 -0.1378099 0.0000000 -0.2290902 0.0168824 -0.0810386 0.0198640 -0.2535626 -0.3217461 -0.1164461 0.2592049 -0.2169546 -0.0013916 -0.3093356 -0.3012555 -0.1248671 0.0600994 0.3107794 -0.3471914 0.1355326 -0.3226386 -0.0844447 0.3263625 0.1330811 -0.1789428 -0.1015574 -0.2501213 -0.1491529 0.4401001 0.4422976 -0.0635970 -0.2055834 -0.0650108 -0.0279390 0.3781250 0.1395281 -0.2968606 -0.1422640 0.4231594 0.0234473 -0.3733792 0.0712347 0.0037344 0.0951576 -0.0876464 0.2103351 -0.0608854 0.2126792 -0.2673021 -0.1312936 -0.2449365 -0.1255695 0.2646495 0.1909813 0.1011620 -0.0099841 0.3855896 -0.0142376 0.3272690 -0.1110240 0.1851897 -0.2531751 0.0930817 0.1705890 -0.1409379 0.0078308 0.0900686 -0.2178903 0.1187697 -0.2465930 0.0689051 0.0983370 0.0012309 0.0777975 -0.1872962 0.0852771 0.2009057 0.0682881 0.2870329 -0.0547874 -0.2872472 -0.2949834 -0.2315776 -0.4501195 -0.1004720 -0.1766778 -0.4360413 -0.2380963 -0.1978618 -0.2280830 -0.2350218 -0.2478763 -0.4705107 -0.5069658 -0.2296142 -0.2643491 -0.3143539 -0.1705181 -0.2358845 -0.2017118 -0.4052350 0.0139200 -0.2467076 -0.4055769 -0.3695337 -0.3925055 -0.0635394 -0.5485591 -0.0812661 -0.3504472 -0.4845082 -0.6630327 -0.6203326 -0.6865822 -0.3075095 -0.3761781 -0.4764584 -0.4500278 -0.5314070 -0.4582173 -0.2828217 -0.5812655 -0.5427338 -0.1939894 -0.4678633 -0.5020674 -0.3353872 -0.5116722 -0.3972907 -0.3300015 -0.4757041 -0.4244638 -0.2082855 -0.4721358 -0.4005241 -0.1969605 -0.3001593 -0.3764467 -0.6759585 -0.4849597 -0.4355648 -0.5869536 -0.5163166 -0.3138736 -0.3025168 -0.4220312 -0.5729408 -0.5333055 -0.2974407 -0.5200936 -0.3629007 -0.6081715 -0.4796812 -0.2888150 -0.4306725 -0.3308382 -0.5711557 0.0125816 -0.4599793 -0.2617164 -0.0724651 -0.0111386 -0.3878829 0.0374340 -0.4878729 -0.6864898 -0.4845395 -0.1646032 -0.6572864 -0.6211443 0.2159244 0.2965712 0.2540670 0.3481525 0.1720344 0.1189073 -0.1252458 0.0441262 0.2063745 0.1877599 0.4384124 0.1692070 0.4822653 0.6811058 0.6835185 0.5625520 0.1437868 -0.2671319 -0.0589652 -0.0511032 0.0127993 0.1440313 -0.1489011 -0.1224334 -0.0465173 -0.0679895 0.1010156 -0.0737140 0.2773884 0.1431911 0.3753571 -0.1112266 0.2961715 0.4152026 -0.3042678 0.1722874 0.1719722 -0.3459747 0.0653770 -0.2209718 0.3935551 0.0545707 -0.2242140 0.4773876 0.2109909 0.1443810
0.7348009 0.7273285 0.4011805 0.9284086 -0.2290902 0.0000000 0.6278992 0.7513537 0.8094587 0.8982732 0.8577977 0.8848215 0.4736185 0.6822706 0.7492039 0.8316746 0.6318403 0.6513826 0.8110927 -0.1659992 0.7285130 0.7100978 0.5926066 0.7128285 0.7563267 0.7024724 0.2305015 0.4760611 0.7479996 0.4442141 0.4458537 0.2937948 0.6000461 0.7722092 0.6802478 0.5588877 0.4594093 0.7167287 0.5181446 0.1496236 0.6147649 0.2636743 0.5248597 0.2866225 -0.0578525 0.5484631 0.4451621 0.6759255 0.6491130 0.5409768 0.5410005 0.4135079 0.7897509 0.4125875 0.5443863 0.4867220 0.4359498 0.6284934 -0.6511605 0.4342578 -0.0007238 0.6151989 0.3447342 0.8089967 0.2447883 0.2396373 0.6368603 0.5970798 0.3807949 0.8244833 0.2830232 0.8333725 0.4479362 0.6950011 0.0811688 0.5774915 0.8074776 -0.0074132 0.2513473 0.4074370 0.0840630 0.5768390 0.7004551 0.7601371 0.8130337 0.6538726 0.1080892 0.4494800 0.7035294 0.6347190 0.3470917 0.2129362 -0.0912058 0.4420188 0.3653926 0.3566721 0.1731249 -0.1216675 0.0640629 0.5740329 0.6634903 -0.0199154 0.5791181 0.4010259 0.2262737 0.2309986 0.4659997 0.2652131 0.1957777 0.1223374 0.1826978 0.3004863 0.2857265 0.1920866 0.2373471 0.3601418 -0.1518458 0.1967588 0.0907150 0.3559433 0.4705576 -0.0183586 0.0875985 0.3523547 0.5622107 0.3388038 0.2452992 0.0141911 0.5605377 0.5645879 0.5097270 0.1765637 0.2539419 0.6823926 -0.3429041 0.0252795 0.5449193 0.4160064 0.3938568 0.4886811 -0.0406179 0.4744855 0.0617372 0.2385464 0.2724326 -0.0410398 0.1693113 0.1821929 -0.0873721 0.3844571 0.4508623 0.2118642 0.0925230 0.0201436 -0.0205045 0.1679829 0.2280627 -0.0900369 0.2112622 0.3920118 -0.0707319 0.0709607 0.0087992 0.1020022 -0.0961833 -0.2796357 -0.1914873 -0.0969750 -0.1331521 -0.0035604 -0.0825859 -0.0124606 0.4638875 0.0343761 -0.2394469 0.1729837 0.4656871 0.1815761 0.7345237 0.4391552 0.1744931 0.5507401 0.1930156 0.4948199 -0.5923475 -0.0634011 -0.5234911 -0.2053924 0.4269614 0.8348381 0.0142856 0.7193166 0.7046610 -0.2304473 -0.0000599 0.1062765 0.2628110 0.4696655 0.6523484 0.4397036 -0.1942817 -0.0496374 -0.1477006 0.0733987 -0.4616238 0.1542043 0.4412572 -0.2251793 -0.1610905 0.6284026 0.1724431 -0.1108713 -0.4074092 -0.0839297 -0.0803753 -0.3343993 -0.1242270 -0.3185610
0.5465061 0.4292265 0.3821405 0.6713004 0.0168824 0.6278992 0.0000000 0.3703483 0.6890805 0.7089160 0.5843592 0.8429119 0.2031138 0.5895606 0.6228689 0.5541725 0.5466564 0.8114799 0.4046976 0.1282329 0.5153094 0.4009857 0.3942041 0.5902340 0.4806241 0.4078185 0.6503313 0.5769258 0.3871447 0.7394242 0.3848253 -0.0873005 0.4706030 0.4071358 0.4023257 0.1512023 0.2511257 0.3020037 0.2978858 0.3150059 0.3844775 -0.0987428 0.0794511 0.3254732 -0.3574291 0.2748129 0.1096865 0.3081130 0.4377866 0.2847111 0.1927370 0.1024777 0.3202294 0.3200062 0.2032669 0.1887151 0.0971506 0.5725756 -0.5146205 0.0005217 -0.2778773 0.2226748 -0.0684287 0.6253279 0.1415468 -0.1258502 0.2842232 0.5240423 -0.0179233 0.4956143 -0.1491021 0.6577297 0.1601724 0.6127204 -0.3823869 0.1278232 0.5455816 -0.4491683 -0.0856325 -0.0668457 -0.0741896 0.4839486 0.4237851 0.4853572 0.5611852 0.2907775 0.0949386 0.1795071 0.2920357 0.3546763 0.0378875 -0.0701105 -0.0172329 0.0632024 0.0514996 0.1402199 -0.0177296 -0.1625288 -0.2921578 0.1035617 0.2839093 -0.2014105 0.0525452 0.2454936 -0.0693112 0.1498200 0.2292065 -0.0146074 -0.1225109 0.1186569 -0.2125198 0.2083246 0.1721909 -0.0259389 0.2388901 0.2154390 0.0192443 0.0836857 0.0565815 0.5620434 0.5985325 0.0691819 0.0538703 0.1074753 0.2865274 0.6519117 0.1634432 -0.0247185 0.4422163 0.2759975 0.1565498 -0.0312402 0.2392671 0.4249533 -0.5304340 -0.1764175 0.3769771 0.1891882 0.2331360 0.4039271 -0.2328628 0.1850511 -0.2648426 0.0956912 -0.0316126 -0.3595613 0.0420501 0.0672114 -0.1919318 0.1366994 0.0318406 -0.0161933 -0.1932190 -0.2195907 -0.0999562 0.2018266 -0.2053659 -0.2114721 -0.1099394 -0.1094276 -0.0763666 -0.3027410 -0.3750890 -0.2562207 -0.1775692 -0.4655037 -0.5736689 -0.2551626 -0.4478466 -0.5147545 -0.2820169 -0.1767888 0.5609906 0.5022598 0.3684083 0.6080615 0.7710868 0.5968594 0.5017236 0.1734719 0.3738094 0.1418495 -0.0377082 0.1204005 -0.5082474 0.0351857 -0.4139368 0.0027010 0.5173321 0.6299710 0.5161719 0.3456399 0.4833208 0.2541863 0.5121450 0.5861987 0.6466011 0.7332439 0.4908106 0.7355186 0.1418713 0.3023731 0.2341382 0.5586455 -0.0531138 0.4332307 0.4773457 0.3350204 0.1785400 0.6095509 -0.0487062 0.4120952 0.0504711 0.4470471 0.3825266 0.0299055 0.3782973 0.1273498
0.3739856 0.7074516 0.3312333 0.8053611 -0.0810386 0.7513537 0.3703483 0.0000000 0.5762191 0.6446153 0.8266555 0.6573780 0.8067791 0.2780825 0.4291570 0.8215656 0.3903494 0.3401244 0.8417906 -0.1623433 0.7557536 0.6781608 0.3944387 0.2651077 0.6937889 0.6932605 0.2491110 0.1203686 0.7339189 0.3535322 0.4605743 0.3466923 0.2457308 0.5523074 0.4894786 0.6417123 0.3724452 0.7723968 0.3488376 0.2171317 0.6726740 0.5964487 0.4321894 0.0751450 0.4205194 0.5709113 0.4720990 0.7168440 0.3676476 0.6553826 0.4733228 0.3157727 0.6794813 0.3541539 0.6703637 0.6012513 0.4866789 0.3518353 -0.4440437 0.3865783 0.2841813 0.3594889 0.5270589 0.5605899 0.4519863 0.3608773 0.4673496 0.2918739 0.5149660 0.5370261 0.2911835 0.5540700 0.2618206 0.5568560 0.1798010 0.5179664 0.5887628 -0.0155240 0.1585005 0.4068868 -0.0999052 0.6144215 0.6960098 0.7013269 0.6259963 0.7588595 0.3025181 0.3507596 0.7485488 0.6642804 0.6455599 0.4813105 0.1631739 0.4007299 0.6123538 0.5363808 0.4215104 0.1685456 0.4106307 0.6504362 0.7133408 0.3310718 0.6217218 0.3866191 0.4945004 0.4970387 0.6279979 0.4555630 0.5904058 0.2704278 0.5254598 0.5615013 0.2116573 0.1498959 0.1368075 0.1709176 -0.2202462 0.0649324 -0.1206740 0.3772750 0.2957273 -0.2783231 0.3190854 0.2461567 0.3837881 0.3792766 0.1193896 0.2948447 0.6177668 0.2892901 0.3901167 0.2826089 0.1585338 0.5755702 -0.2072786 0.2370749 0.4456551 0.6345473 0.4357125 0.6939158 0.0796407 0.5788319 0.1497702 0.4708711 0.4480016 0.0640098 0.3418577 0.3348508 -0.0558934 0.5016108 0.7438357 0.5481298 0.2938968 0.0574522 0.0698618 0.4315358 0.4902226 0.2461941 0.2891181 0.7760644 0.1011957 0.4189667 0.3969930 0.5849526 0.1479246 0.2399997 0.0117694 -0.0319670 0.0494609 0.4704087 0.1022688 0.0264619 0.4761831 0.1769639 0.0002134 0.2474893 0.4967806 0.3090375 0.8686574 0.6732383 0.2911727 0.7263526 0.3479604 0.6529303 -0.4691306 0.1275914 -0.3471804 -0.0736888 0.2251716 0.5142086 0.1155214 0.5068339 0.5134309 -0.1352755 0.1066942 0.1352450 0.2374817 0.2657448 0.5226935 0.4190636 -0.1360581 0.0215783 0.0169717 0.0843000 -0.5038128 0.0158934 0.5295789 -0.1215122 -0.2122232 0.5290738 0.2875593 0.0107396 -0.4877903 -0.1151940 -0.0012655 -0.1176069 -0.1152150 -0.1621831
0.7149812 0.7218594 0.5532849 0.7911640 0.0198640 0.8094587 0.6890805 0.5762191 0.0000000 0.8225678 0.7223644 0.8465047 0.3496297 0.7087001 0.9371594 0.7189960 0.6762697 0.7928955 0.7453840 0.2079027 0.5794313 0.7663862 0.4884913 0.8350706 0.7704245 0.7290649 0.3342711 0.6369056 0.6689685 0.5584273 0.6102008 0.1861521 0.8077675 0.8091045 0.6867431 0.4299325 0.5709664 0.5897235 0.4673310 0.2083165 0.5826619 0.1848153 0.2318266 0.5711950 -0.1622994 0.5191687 0.4876762 0.5099912 0.8108327 0.4638556 0.5608547 0.3576172 0.7760411 0.4914698 0.4287397 0.4297676 0.4379891 0.8250858 -0.4516344 0.3735538 -0.0043330 0.5749032 0.2518992 0.8435479 0.2986188 0.1875644 0.6917439 0.8281518 0.2339274 0.8663728 0.3336643 0.8303056 0.6197804 0.8195148 -0.0450116 0.5864128 0.7761045 -0.0829626 0.2756722 0.3518134 0.2014001 0.5445156 0.5878997 0.6278261 0.7221607 0.3371715 -0.2078483 0.6536172 0.5123626 0.7038914 0.0404256 -0.1121175 -0.4336620 0.6013623 0.0917973 0.0138636 -0.2490469 -0.5231951 -0.1243523 0.6526614 0.6565529 -0.4184223 0.1843868 0.3762678 -0.2209179 0.0487830 0.0812850 -0.0413516 -0.1063512 -0.1867897 -0.0082891 0.0659052 -0.0269008 -0.1770757 -0.0239328 0.0756877 -0.0868561 0.3207976 0.0112827 0.3391197 0.4573928 -0.0470101 -0.2987835 0.2948160 0.2657316 0.5122998 -0.0605983 -0.3223964 0.3016450 0.3438655 0.1039498 -0.1071777 -0.0253746 0.5089462 -0.5539689 -0.2576249 0.2282224 0.1383419 -0.0089260 0.3274366 -0.3555515 0.1161756 -0.1260176 0.0595191 -0.1357130 -0.2784336 -0.2424200 -0.2674985 -0.3051146 0.0335747 0.2073890 0.0287702 -0.3284307 -0.2426514 -0.4619157 0.3745512 -0.1278369 -0.4852839 -0.0111707 0.2069258 -0.4291208 -0.2611633 -0.1436449 -0.1539078 -0.4636173 -0.3651492 -0.5099232 -0.3509389 -0.4161422 -0.2565348 -0.3315047 -0.2654167 0.7794302 0.3831935 0.0237129 0.4305525 0.6897323 0.5290840 0.6634313 0.4405156 0.5220915 0.5513636 0.3212370 0.5236816 -0.3278162 0.2283588 -0.2497728 0.1064079 0.6031210 0.7291517 0.2554164 0.6315881 0.6431905 0.0558401 0.2366848 0.2984493 0.4986746 0.5773404 0.6626188 0.6261706 -0.0893525 -0.1025440 -0.1042961 0.1618610 -0.4481833 0.3657357 0.3653103 -0.1307357 -0.1148432 0.4227201 -0.0943641 0.1085438 -0.1570024 0.0899210 -0.0332661 -0.1269365 0.1670422 0.0076944
0.7156956 0.5544181 0.2912385 0.8894873 -0.2535626 0.8982732 0.7089160 0.6446153 0.8225678 0.0000000 0.8914651 0.9096611 0.3255227 0.7696334 0.7616468 0.9089485 0.8150294 0.7885904 0.6354766 -0.1140450 0.7848538 0.5728997 0.7420927 0.7730800 0.5803603 0.5566906 0.5099898 0.5808515 0.7047491 0.6513717 0.3184850 0.0531912 0.7051828 0.7647077 0.5991939 0.4445829 0.2708181 0.5132973 0.5598977 0.2737173 0.4189453 0.1320319 0.4786936 0.3657346 -0.2325088 0.3349122 0.3163999 0.4788146 0.7150394 0.3017187 0.4685870 0.2830921 0.7298510 0.4274666 0.3127587 0.2570501 0.1922897 0.7190970 -0.7709056 0.1614368 -0.2651873 0.4129320 0.1785053 0.9017432 0.1881441 -0.0428624 0.4853421 0.5638937 0.0921809 0.7826496 0.0287494 0.9041231 0.1999231 0.7441364 -0.2124806 0.3384041 0.8224648 -0.3604126 -0.0701578 0.1633325 -0.1734259 0.6593863 0.7641968 0.7718742 0.6995416 0.6487445 0.0631421 0.4614595 0.6106020 0.5876713 0.1290387 0.0607924 -0.0913028 0.4063883 0.3078859 0.2210067 0.0317863 -0.1893592 -0.0346370 0.4704338 0.5038621 -0.1293278 0.3969498 0.3319123 0.0225935 0.1838846 0.3848524 0.2177583 -0.0321902 0.1720714 -0.0424212 0.2252182 0.3891709 0.2643239 0.3622830 0.4711874 0.1043867 0.4624953 0.2854895 0.4784533 0.6462342 0.1744813 -0.0169979 0.4975558 0.6821400 0.4280944 0.3807434 0.0022677 0.4545318 0.6732613 0.5680787 -0.0259289 0.4051573 0.7342630 -0.4635124 0.0265749 0.6927271 0.2564033 0.3807191 0.5311268 0.0218689 0.4317864 0.0020268 0.1903551 0.2494608 0.0825850 0.0980121 0.1404345 -0.0194493 0.3558354 0.2952717 0.1377316 -0.0176289 0.1837375 -0.0368720 0.2448521 0.2049230 -0.1768587 0.2057539 0.2079715 -0.0396591 -0.0373611 -0.0807953 0.0215522 -0.0710098 -0.4551069 -0.2531654 -0.0724049 -0.2640596 -0.1205522 -0.0131483 0.0384217 0.5926084 0.1832557 -0.1212149 0.2737744 0.5736581 0.2962825 0.6878628 0.2225848 0.1209224 0.3824492 0.0474848 0.3089438 -0.6253517 -0.1193774 -0.5202136 -0.1017897 0.5606187 0.8730238 0.1774136 0.6336182 0.7142524 -0.2141720 0.1495955 0.1936800 0.4795345 0.4936478 0.6573210 0.5553383 -0.3503708 -0.2107457 -0.2584035 0.2317289 -0.4249732 0.3343039 0.4578482 -0.0509593 -0.2786747 0.6633234 -0.1603107 0.0818469 -0.2194121 0.1340513 0.1253048 -0.1586688 -0.0974516 -0.3299031
0.6328414 0.7085536 0.2917470 0.8878704 -0.3217461 0.8577977 0.5843592 0.8266555 0.7223644 0.8914651 0.0000000 0.8646857 0.5499966 0.6560593 0.6483372 0.9703443 0.7770862 0.6979643 0.7331964 -0.1364928 0.8956392 0.7002794 0.7488425 0.5959039 0.5973592 0.6381079 0.5152551 0.4948220 0.8554220 0.6640204 0.4010120 0.1373788 0.5808301 0.7711600 0.5757902 0.5989840 0.2329954 0.6187360 0.5915996 0.4360963 0.5060731 0.4322222 0.6040260 0.3382683 0.1485015 0.4549699 0.4176974 0.5681671 0.6616368 0.4427896 0.5539892 0.3876146 0.7977922 0.5737907 0.4379254 0.3978281 0.3078143 0.6570055 -0.6580078 0.3035311 -0.0721266 0.4570201 0.3095903 0.8655371 0.3853897 0.1485178 0.5389319 0.5295213 0.2961819 0.7494229 0.1821944 0.7767295 0.2455108 0.6689477 0.0224507 0.4329925 0.7430820 -0.2061075 0.0619731 0.2781621 -0.1052341 0.6965939 0.8421947 0.8199078 0.6907372 0.7975899 0.2370911 0.4769339 0.7826930 0.7196358 0.4171477 0.2998623 0.0902366 0.4621895 0.5931770 0.5164648 0.2682110 0.0557287 0.3034960 0.6321207 0.7044667 0.1532572 0.5934640 0.3783431 0.2989545 0.4920125 0.5703027 0.4255283 0.2904877 0.3757549 0.2963400 0.5208778 0.4062220 0.3497487 0.4369689 0.5134703 0.0530468 0.4307308 0.2402143 0.5784402 0.6619537 0.1064452 0.2464970 0.5390705 0.7102344 0.4821093 0.3619266 0.2683080 0.6222389 0.6556881 0.5968053 0.1523761 0.3564970 0.7981739 -0.2066163 0.3045717 0.6574784 0.5042603 0.4475415 0.7123965 0.2338124 0.6016145 0.1698439 0.4621742 0.4268934 0.2154841 0.2551691 0.2770875 0.1108900 0.5041232 0.5574362 0.4222358 0.1948070 0.3030426 0.0585534 0.4155000 0.4776140 0.0563866 0.3847450 0.4862056 0.1110342 0.2348440 0.1785128 0.3422771 0.1240630 -0.1801568 -0.0455082 0.0851206 -0.0206370 0.2050685 0.1461525 0.1606539 0.5014385 0.1967378 -0.0214752 0.1881143 0.5393665 0.3397961 0.8715109 0.4813029 0.2451625 0.5827988 0.1905607 0.5102321 -0.6210156 -0.0175078 -0.4880589 -0.1069729 0.3997406 0.7185174 0.2101508 0.5511374 0.5727904 -0.2049034 0.2140245 0.1815287 0.4022037 0.3957303 0.6040169 0.5311652 -0.3783811 -0.1717539 -0.2429228 0.1461915 -0.5145733 0.1706340 0.5939706 -0.1084090 -0.3965795 0.6059244 -0.0293781 0.1275145 -0.3423726 0.0672274 0.1734592 -0.1742044 -0.2670388 -0.3312134
0.6919647 0.6839466 0.4615705 0.9410648 -0.1164461 0.8848215 0.8429119 0.6573780 0.8465047 0.9096611 0.8646857 0.0000000 0.3846934 0.7209962 0.8132781 0.8440757 0.7530594 0.8187581 0.6936324 -0.0765700 0.8097805 0.6681476 0.6160225 0.7189714 0.6771639 0.6218818 0.5678767 0.6210652 0.7069820 0.7188683 0.4763040 0.1056958 0.6572690 0.7104736 0.5685328 0.4767831 0.3365263 0.5412561 0.5293875 0.3909494 0.5656617 0.1848196 0.4538490 0.4540277 -0.1785915 0.4651391 0.3568920 0.5219731 0.7112462 0.4166939 0.4635865 0.3091608 0.6437174 0.5188858 0.3828964 0.3713994 0.2880708 0.7733976 -0.7076533 0.2250692 -0.1986491 0.4170576 0.1307503 0.8586570 0.1807376 0.0755759 0.5294948 0.6624501 0.1965112 0.7667834 0.1237368 0.8078533 0.3156106 0.7541838 -0.1177774 0.4141874 0.7529173 -0.2745882 0.1035261 0.1928793 0.0244818 0.7090544 0.7482471 0.7564777 0.7623181 0.6266888 0.2302096 0.4535511 0.6469568 0.6541470 0.2727618 0.1160631 -0.0218692 0.3656372 0.3533844 0.3321575 0.1216508 -0.1172409 -0.0319217 0.4846705 0.6009953 -0.0702457 0.3709346 0.2830048 0.1018893 0.3307163 0.4145769 0.1590506 0.0563492 0.1438128 0.0571956 0.3372046 0.2387039 0.0696974 0.2881721 0.3429122 -0.0852901 0.2633531 0.1137291 0.6156161 0.6907650 -0.0157924 0.0335341 0.3520098 0.5802325 0.6230945 0.2379261 -0.0207854 0.6226827 0.5062385 0.4375105 -0.0012389 0.2504452 0.6943357 -0.4191614 -0.0655169 0.5633520 0.3825875 0.3633686 0.5807575 -0.1112475 0.3785874 -0.0645948 0.3039907 0.2347816 -0.0999650 0.0875042 0.0940906 -0.1315726 0.2930451 0.3120972 0.1976294 -0.0550885 -0.0172406 -0.1538128 0.3428824 0.0888609 -0.2050453 0.1144261 0.2398636 -0.1659103 -0.0844013 -0.0976928 0.0545184 -0.1681699 -0.4101498 -0.4151435 -0.1682915 -0.2928300 -0.1765864 -0.1861622 -0.0816820 0.5697725 0.3297168 0.0935713 0.4052899 0.7246795 0.4985992 0.8126819 0.4499806 0.3768192 0.4630489 0.1093670 0.3686573 -0.6314690 0.0151068 -0.4854176 -0.0396007 0.5339730 0.7727812 0.3752835 0.5723738 0.6514463 0.0150957 0.3449004 0.3799154 0.5806093 0.6410658 0.6579588 0.7208171 -0.1264841 0.0129433 0.0073980 0.3770113 -0.2742288 0.4227014 0.6119747 0.1016207 -0.1451331 0.6275856 -0.0115505 0.2242173 -0.1221485 0.2577373 0.2535011 -0.1173712 0.0244217 -0.1355020
0.0517652 0.6081169 0.5223173 0.5210802 0.2592049 0.4736185 0.2031138 0.8067791 0.3496297 0.3255227 0.5499966 0.3846934 0.0000000 -0.0385202 0.2344861 0.5332122 0.0707336 0.1186453 0.6333806 0.2396393 0.4156952 0.6445886 0.2288982 0.0965385 0.5951979 0.5959050 0.1696490 0.0758235 0.5192366 0.2586946 0.6628600 0.5764091 0.1289054 0.3476033 0.3776930 0.4072285 0.4237919 0.7028723 0.2784627 0.3245368 0.6816324 0.5417179 0.3687241 0.2042858 0.6201458 0.4787260 0.3270122 0.7287937 0.2560550 0.6903857 0.2897609 0.4144864 0.5368385 0.4243758 0.8122761 0.6015414 0.4704931 0.2626756 -0.0584120 0.3892693 0.5220461 0.2952957 0.6687934 0.3568741 0.6996289 0.5266851 0.2543125 0.2450772 0.5581627 0.3109273 0.3466885 0.2073804 0.2822972 0.3599135 0.2500966 0.4678614 0.2919210 0.1785201 0.3504856 0.4559634 0.1582966 0.4193763 0.4247777 0.5441178 0.4430625 0.4651774 0.2991744 0.2295834 0.4762733 0.4458721 0.5549593 0.5235019 0.1156548 0.2696218 0.4184073 0.4326884 0.4315334 0.1433629 0.3551223 0.5475084 0.5702714 0.3299445 0.4731788 0.3740299 0.4650574 0.4332803 0.4704755 0.3873336 0.6040129 0.1769930 0.5697369 0.4204642 0.0653227 -0.0248241 -0.1012805 -0.0466743 -0.3791704 -0.2065479 -0.2859930 0.0411885 -0.0701812 -0.4498220 0.4367346 0.0277696 0.0635739 0.0324835 -0.1699577 0.3405205 0.2521985 0.1148566 0.1431066 0.4128477 -0.1039793 0.4189344 0.0278084 0.3029942 0.2472167 0.5193967 0.3241347 0.3708499 -0.0217854 0.3857256 0.1654830 0.2238746 0.1938094 0.0079515 0.3578944 0.2763687 -0.1541787 0.2816686 0.6186893 0.2895867 0.2992979 -0.1031857 0.0677791 0.1732242 0.3818191 0.2317650 0.0817017 0.7353524 0.0206432 0.3561751 0.4865695 0.5140131 0.0990680 0.3504122 0.0528655 -0.1828828 -0.0322607 0.4654694 -0.0908540 -0.1638683 0.3118034 0.0260704 -0.0731023 0.0942170 0.2725425 0.1238693 0.6532508 0.6329581 0.2110236 0.6327168 0.4998162 0.6486461 -0.0604364 0.5258319 0.1165918 0.1497088 0.0571582 0.1994222 -0.0843568 0.3661966 0.3087496 -0.3143913 -0.1521133 -0.1846412 -0.0620413 0.0134494 0.4040242 0.0819626 0.0782892 0.1122921 0.1367011 -0.1284600 -0.2166540 0.1282124 0.2380355 -0.0110217 -0.0628681 0.2828964 0.3589966 -0.2799809 -0.1702054 -0.2771008 -0.2462803 0.2902843 -0.0707389 -0.0034951
0.8092953 0.4726939 0.3070584 0.6263872 -0.2169546 0.6822706 0.5895606 0.2780825 0.7087001 0.7696334 0.6560593 0.7209962 -0.0385202 0.0000000 0.7291347 0.5897518 0.8318362 0.8611046 0.4646953 -0.1607141 0.5353790 0.4738016 0.6095852 0.8881894 0.4778244 0.3915064 0.2997196 0.7680507 0.6457585 0.5923457 0.1252079 -0.0179555 0.7742323 0.8057282 0.4474061 0.4091136 0.2128110 0.3230079 0.3756448 0.1402336 0.2630881 0.0572270 0.2577843 0.3547423 -0.3776636 0.2432147 0.2266232 0.2740262 0.6557086 0.1437323 0.3927460 0.1266149 0.5947905 0.2553922 0.0609528 0.1340877 0.1044066 0.6182296 -0.5528615 0.1871727 -0.3147058 0.4986697 0.0936219 0.6942827 -0.0340489 -0.0640761 0.5934834 0.5351668 0.1011690 0.6914136 0.2071982 0.7370333 0.3026442 0.5504989 -0.0248361 0.3430159 0.6285042 -0.1051463 0.0727008 0.1789018 0.0706561 0.3390777 0.4525693 0.3762348 0.4734954 0.3110085 -0.2205900 0.3931001 0.3939131 0.4253921 -0.1524263 -0.3496981 -0.2957870 0.3127362 0.0829301 -0.0260104 -0.2820133 -0.3441653 -0.1172610 0.2937262 0.3355251 -0.3227204 0.1051243 0.2351978 -0.2008595 -0.1497415 0.0156656 -0.1825442 -0.2846177 -0.0925945 -0.2313607 0.0223389 0.0897760 0.1457384 0.3476024 0.4782586 0.4190218 0.6363285 0.4943031 0.3514348 0.6326350 0.5161341 -0.1741741 0.4492626 0.5548287 0.3297723 0.4029629 -0.2080456 0.3060778 0.6608549 0.3656136 -0.2429057 0.3102886 0.4034849 -0.2380048 -0.0344037 0.3274462 0.0289377 0.0036944 0.2738896 0.0747886 0.2441976 0.0451793 -0.0381105 -0.0465397 0.1296178 -0.2142462 -0.1507234 0.1274679 0.1669172 0.0115627 -0.1004811 -0.2043718 0.2589371 -0.2195485 0.0532508 0.1395572 -0.3919852 0.3000705 -0.0621392 -0.1486678 -0.1206910 -0.3114741 -0.1699687 -0.1690759 -0.5829576 -0.2398542 0.0171032 -0.1443245 -0.2522504 -0.0050833 0.1399504 0.5661463 0.2692814 -0.0526291 0.1744397 0.3827893 0.2685657 0.4101360 0.0387037 0.2274860 0.3387400 0.1474099 0.3050940 -0.3930752 -0.1313710 -0.3362949 -0.0626274 0.5200214 0.7353363 0.0977954 0.5461483 0.5952302 -0.0282351 0.1234575 0.1501130 0.2965677 0.3893379 0.4794685 0.4115715 -0.5636592 -0.3266177 -0.5001239 -0.0379747 -0.4647691 0.2085653 0.3141077 -0.3188182 -0.4533565 0.3177853 -0.4186335 0.0750019 -0.2444479 0.1602338 0.1369616 -0.3600024 -0.1863790 -0.4422934
0.6309296 0.7025858 0.5904629 0.7357805 -0.0013916 0.7492039 0.6228689 0.4291570 0.9371594 0.7616468 0.6483372 0.8132781 0.2344861 0.7291347 0.0000000 0.6304828 0.7436412 0.7733689 0.6238870 0.1985026 0.5185464 0.6892885 0.4724430 0.8765001 0.6511786 0.5598855 0.3409475 0.7191674 0.6413458 0.5514525 0.5404587 0.1170933 0.8881735 0.8368950 0.5305569 0.3780474 0.4310055 0.3980901 0.4655812 0.2161712 0.4496266 0.1547345 0.2717021 0.6988366 -0.2192706 0.3765619 0.3583432 0.3323929 0.9136644 0.2727487 0.4499334 0.3178975 0.7385064 0.5443966 0.2614620 0.2633546 0.2846878 0.9180544 -0.5266230 0.2584002 -0.1596910 0.5312562 0.0829262 0.8211258 0.1572238 0.0845531 0.6092187 0.8681826 0.1180030 0.8185943 0.3330002 0.6985457 0.6046136 0.6659281 -0.0630593 0.5029937 0.6305981 -0.0480779 0.3156113 0.2444333 0.2966491 0.5176447 0.5593979 0.6162014 0.7023455 0.2999008 -0.1328757 0.7375647 0.4921966 0.6842478 -0.0696852 -0.1883756 -0.5234005 0.6195208 0.0509199 0.0141500 -0.2948681 -0.5929852 -0.2061463 0.6424137 0.6339041 -0.5121305 0.1255576 0.1457785 -0.3111793 0.0253132 -0.0408851 -0.1595446 -0.2580242 -0.2844094 -0.0947442 -0.0298924 -0.1485692 -0.2856773 -0.1014218 0.0899412 -0.1099957 0.3345550 0.0445673 0.3124515 0.4829898 0.0216317 -0.4178261 0.3473677 0.3176345 0.4644264 -0.0378859 -0.4097077 0.2386848 0.4139515 0.1089035 -0.0983493 -0.1431761 0.4475070 -0.3761664 -0.2575369 0.1580718 0.0381490 -0.0863894 0.1456593 -0.3258625 -0.0105750 -0.1439021 0.0248323 -0.1516532 -0.2229577 -0.3528649 -0.3784780 -0.3239562 -0.1344141 0.0196525 -0.0711130 -0.4346802 -0.2187570 -0.5640725 0.3017734 -0.2008767 -0.6122905 -0.0592143 0.0633588 -0.5656365 -0.4074117 -0.1537004 -0.2197336 -0.5950796 -0.4614579 -0.5486740 -0.3979579 -0.4508832 -0.3324474 -0.4346164 -0.3231094 0.6616353 0.2830742 -0.0882018 0.2172310 0.5293051 0.4243021 0.6307335 0.4021843 0.4754266 0.5007114 0.2632427 0.4307277 -0.3638967 0.1636447 -0.2484201 0.0374043 0.4786980 0.6169519 0.2028563 0.4947228 0.5133957 -0.0153412 0.1863475 0.2077610 0.4289992 0.5071508 0.5185284 0.5615471 -0.0791409 -0.1119212 -0.1200548 0.1421942 -0.3736795 0.3785128 0.3481305 -0.0773666 -0.0928245 0.2960178 -0.1123784 0.0511369 -0.0692141 0.0070377 -0.0622119 -0.1158649 0.0757903 -0.0017909
0.5866543 0.6385193 0.2583541 0.8804525 -0.3093356 0.8316746 0.5541725 0.8215656 0.7189960 0.9089485 0.9703443 0.8440757 0.5332122 0.5897518 0.6304828 0.0000000 0.7463929 0.6510252 0.6890104 -0.1382555 0.8917621 0.6345038 0.7548693 0.5605576 0.5607534 0.6158313 0.5621156 0.4350127 0.7946438 0.6367990 0.3737135 0.1300206 0.5546819 0.7274758 0.5782044 0.5301490 0.2408652 0.5999551 0.5721308 0.4052758 0.4925982 0.3510385 0.5912245 0.3155916 0.0924227 0.4287154 0.4270920 0.5648146 0.6355780 0.4252157 0.5517061 0.3355732 0.7625453 0.4987933 0.4383674 0.3799942 0.2836038 0.6434530 -0.6801243 0.2236538 -0.1065554 0.3481443 0.3161691 0.8607741 0.3247204 0.1096170 0.4705236 0.4794662 0.2490971 0.7344467 0.1180665 0.7870216 0.1826375 0.6780341 -0.0363516 0.4032736 0.7545684 -0.2762630 -0.0071985 0.2613816 -0.1833349 0.6988082 0.8397092 0.8225260 0.6564668 0.7977066 0.2329278 0.4646330 0.7394846 0.6778558 0.3642106 0.2659796 0.0693279 0.4593736 0.5503362 0.4400312 0.2204574 0.0317154 0.2157341 0.6035011 0.6332126 0.1096393 0.5265822 0.3175143 0.2268001 0.4670417 0.5524110 0.4047132 0.2204400 0.3522494 0.2042127 0.4526849 0.4708394 0.3396485 0.4343036 0.5159429 0.0602152 0.4797722 0.2842197 0.5781206 0.6658632 0.0689415 0.1879386 0.5753730 0.7033149 0.4842867 0.4008370 0.2628734 0.5584149 0.6554646 0.5967742 0.1652528 0.4381181 0.8216172 -0.2737962 0.2346005 0.7155823 0.4367171 0.4605723 0.7253763 0.2256050 0.5785076 0.2073373 0.4719335 0.4415344 0.1803941 0.2444770 0.2709992 0.1222756 0.5106234 0.5627534 0.4143657 0.1864343 0.2903695 0.0675791 0.4429852 0.4490878 0.0380444 0.3807206 0.4803585 0.0917127 0.2224114 0.1578233 0.3163182 0.1170022 -0.2114928 -0.0835208 0.0814470 -0.0812990 0.2075882 0.1659501 0.1673507 0.5401143 0.2006554 -0.0627441 0.2162785 0.5579046 0.3520416 0.8554551 0.4249377 0.1869199 0.5227531 0.1498924 0.4351169 -0.5881685 -0.0511494 -0.4736818 -0.0613257 0.4181842 0.7208355 0.2420029 0.5647868 0.6129898 -0.2000134 0.2246144 0.1983515 0.4771692 0.3905986 0.6079157 0.5535005 -0.3720030 -0.2042011 -0.2405339 0.2368588 -0.5189087 0.2071998 0.5736852 -0.0558409 -0.3738630 0.6399506 -0.0960021 0.1579887 -0.3218797 0.0581273 0.1920597 -0.1046675 -0.1812522 -0.2823733
0.5533512 0.5205868 0.2353070 0.6429054 -0.3012555 0.6318403 0.5466564 0.3903494 0.6762697 0.8150294 0.7770862 0.7530594 0.0707336 0.8318362 0.7436412 0.7463929 0.0000000 0.7503672 0.4587533 -0.1279417 0.7370186 0.4552525 0.7885439 0.7783652 0.3569636 0.3367392 0.5676387 0.6321700 0.7530103 0.6643527 0.1598434 -0.0893992 0.8128956 0.8113457 0.3962006 0.5263535 0.0542864 0.2122076 0.5859965 0.3200363 0.1557910 0.2914565 0.4734672 0.4969868 -0.1835099 0.1716395 0.2413440 0.1254323 0.7993800 -0.0057598 0.4051285 0.2482117 0.6546743 0.5313078 -0.0392823 0.0496856 0.0218436 0.7731677 -0.6957698 0.0572720 -0.4317361 0.3661961 -0.0434347 0.8332477 0.0464070 -0.1489302 0.4782180 0.5930818 -0.0329249 0.6979795 0.1159067 0.7293112 0.1509966 0.5843766 -0.1549317 0.2285011 0.6424040 -0.3595645 -0.1165794 0.0305771 -0.1324990 0.4845276 0.6054902 0.5501986 0.4174853 0.4896376 -0.0325075 0.4707840 0.4816460 0.5057253 -0.1040540 -0.2046418 -0.2053235 0.3281448 0.2366083 0.1228216 -0.1975464 -0.2959304 -0.0336687 0.3896460 0.3957630 -0.2803845 0.1605981 -0.0182228 -0.1913342 0.1310929 0.0606102 -0.0286813 -0.2594598 0.0166679 -0.1480215 0.0604587 0.1470189 0.1219258 0.2710288 0.4462593 0.3410108 0.6426679 0.3705745 0.4601540 0.6931108 0.4087923 -0.2316049 0.4873078 0.6671387 0.4773337 0.3846906 -0.1196671 0.4062004 0.6466591 0.5167699 -0.1947447 0.2647062 0.5269217 -0.1570573 0.0309716 0.4876706 0.1903358 0.2241314 0.3543479 0.1971225 0.3381048 0.0503117 0.1394104 0.2206937 0.2078832 -0.0366351 -0.0082940 0.1578280 0.1930876 0.0093885 0.0375754 -0.0950207 0.3638498 -0.1555681 0.2407215 0.2323729 -0.2619878 0.3327426 -0.0375479 -0.0541039 -0.0910256 -0.1458576 -0.0161969 -0.0642032 -0.4930541 -0.2468417 0.0525052 -0.1111328 -0.1123625 0.0598538 0.1721365 0.5198877 0.3200584 0.0200632 0.1265768 0.4190232 0.3127705 0.6116223 0.1324764 0.1711173 0.4027402 0.1188621 0.2690479 -0.5378607 -0.1228617 -0.3760826 0.0391543 0.5212257 0.6420867 0.1880369 0.3763262 0.4888426 -0.1477287 0.2662837 0.1980558 0.4805994 0.4221101 0.5000717 0.5421070 -0.5406623 -0.2607527 -0.4282089 0.1631884 -0.4731517 0.2791364 0.5346655 -0.0275763 -0.4964419 0.4577760 -0.4194501 0.2452923 -0.1476229 0.2296807 0.3313875 -0.2145587 -0.3103400 -0.3775476
