0.0000000 0.5382102 0.5266406 -0.0565551 0.3722837 0.0602140 0.3112266 0.3740640 0.1466593 0.0871597 0.4363293 0.2392150 0.4254574 -0.0122682 0.0732191 0.5140976 0.3685548 -0.1264844 0.4620577 0.0670779 0.2210202 0.3518097 0.4016323 -0.1369996 0.4588479 0.5361852 0.5210005 -0.3676828 -0.0078073 0.4268614 0.1932238 0.4131787 -0.2477315 0.1039565 0.3784477 0.3258199 0.4690771 0.5843697 0.4995176 0.3097802 0.3558911 0.2375120 0.4676628 -0.0646266 0.2643940 0.4951022 0.5012238 0.5343265 0.0276330 -0.0851268 0.4504000 0.5129322 0.1512230 0.3515519 0.6468963 0.5068993 0.4746519 0.2100576 0.2239381 0.4257792 0.1100263 0.3808941 0.6244639 0.3785048 0.0547381 0.5234594 0.3864021 0.2786965 0.6016953 0.3955764 0.4227501 0.5028233 0.2837010 0.3095398 0.4088653 0.3099469 0.4965392 0.3033832 0.3568874 0.5439300 0.1442950 -0.0805272 -0.0972080 -0.1305821 -0.4177761 -0.5092981 -0.4599397 -0.0517259 -0.5090127 -0.2048185 -0.1478040 0.2343934 0.2378504 -0.1890104 -0.1595508 0.1798105 0.1844842 0.1125669 -0.0407656 0.3740790 -0.1627991 -0.2005138 -0.1481856 0.1596132 -0.0537896 0.1925134 -0.1132714 -0.0925864 -0.1342965 0.1307527 0.0660889 0.2602055 0.1036170 0.0164873 0.2897624 0.2560041 0.2257394 0.0827497 0.2862146 0.3922407 0.4636020 0.4692386 0.2772117 0.3509132 0.2124789 0.3101444 0.2199809 0.0672153 0.2593599 0.1783979 0.1867425 -0.1009089 0.1684358 -0.0599415 -0.2593197 0.0490355 -0.0849810 0.1684006 0.0049025 0.0667375 -0.0267283 0.2136709 0.1139132 0.1094621 0.0050054 0.3161384 -0.0564076 -0.0439880 -0.2196252 -0.0407189 -0.0785585 0.4563942 -0.0095005 0.2172164 0.0061315 0.0500227 0.0803069 0.1186705 -0.1246212 0.0522631 0.0490080 0.1062218 0.2459918 0.0720662 0.0152159 0.3609419 0.4398005 0.0449700 0.0644963 0.1263693 0.1708036 0.0740749 0.5904429 0.6207734 0.2406003 0.3276223 0.5710278 0.4736955 0.4072855 0.3053072 0.3250512 0.6574529 0.0955829 0.2561715 0.2013956 0.1430697 0.2287860 0.3210748 0.2828151 0.3948074 0.4745086 0.3879684 0.3566395 0.3155370 0.5106452 0.1297790 0.4859499 0.4330654 0.3057673 0.3989967 0.1534792 -0.0260040 -0.0126974 0.1075027 0.0389188 0.2410491 0.2438301 0.1601191 0.0417475 0.0016215 -0.0314049 -0.0327338 0.1182200 0.3575998 -0.0038597 0.0521486 0.1773658 0.3322187
0.5382102 0.0000000 0.2529810 0.3025068 -0.0326888 0.4700667 0.5767684 0.2655198 0.5216902 0.3648490 0.2557004 0.5474620 0.1237511 -0.0186130 0.2876708 0.4111309 0.1733151 -0.0938171 0.1597109 -0.3445022 0.2626858 0.0922327 0.3349478 0.1337736 0.0125292 0.2121554 0.0401543 0.1629090 0.6211756 0.4042535 -0.0113804 -0.1476161 0.2664271 0.5250374 0.1349197 0.4950257 -0.0349744 0.1315543 0.3114154 0.4067256 0.0490855 0.1641216 0.2542743 0.3180896 0.3930653 0.0823299 0.0856910 0.1054833 0.5422347 -0.2970948 0.1306927 0.3756589 0.6011168 0.3238773 0.1848085 0.0597592 -0.0276983 0.2115444 -0.1660582 0.0632217 -0.0058538 0.0834136 0.1991010 0.1705385 0.1660524 -0.0283951 0.0272182 -0.0103045 0.1118796 0.1408965 0.0046511 0.2855832 -0.0764843 0.1331515 -0.0158169 0.1824355 0.2164665 -0.0308402 0.2637239 0.4912460 0.1068233 0.0257822 0.2862020 0.1791030 -0.2590854 0.0304147 -0.1336618 -0.3203146 -0.1321018 0.0711291 0.1449008 0.6470733 0.3623829 0.1451467 0.0263724 0.3868088 0.4242804 0.1566981 0.0481578 0.3069193 -0.0717739 0.1139224 0.2589886 0.1213931 0.3208229 0.3525175 0.1928249 0.2134797 0.3431147 0.4183723 0.1862242 0.5283420 0.5399851 0.2444814 0.3680494 0.5214694 0.1858882 0.2304450 0.2957491 0.4410009 0.3817391 0.3054738 -0.0308616 0.2847661 0.2618462 0.1549172 0.2930137 0.0001242 0.3458683 0.3310691 0.2941255 -0.1312105 0.2627857 0.2593445 -0.4806006 0.2115539 0.2071710 0.2662676 0.1539625 0.3987392 -0.0472552 0.1110807 -0.3494226 0.0110332 -0.0688537 0.2440779 -0.0422544 -0.0720587 -0.1150293 -0.2075690 -0.1899682 0.2518668 -0.0882482 0.0454108 0.0536381 0.5451289 0.1331665 -0.0399283 -0.1422465 -0.1419534 0.0316808 -0.0815250 0.4156791 -0.0203570 -0.0407192 0.2666319 0.1401013 0.1296013 0.1240460 -0.0048553 0.1145159 0.1244451 0.2979197 0.4146818 0.4737776 0.4956690 0.4627729 0.2966633 0.1127163 -0.1344134 -0.0868105 0.1493915 -0.2105929 0.0049780 -0.1279376 -0.1445461 -0.1757171 -0.0703752 0.3467364 0.3254828 0.4726709 0.4658400 0.4279639 -0.0816873 0.2984125 0.2095398 -0.0221457 0.3487956 0.0846162 0.0680892 0.0647618 -0.1722158 0.3229529 0.6562115 -0.1130402 0.0883542 -0.0822600 -0.4920089 -0.0508506 -0.0871068 0.3436021 0.2908744 -0.3100515 0.0385814 -0.0936250 -0.4181881 0.5411218 0.5703954
0.5266406 0.2529810 0.0000000 0.4848133 0.7882590 0.4092312 0.4682519 0.7485718 0.3135129 0.1207088 0.5359960 0.2474890 0.7984484 0.1687245 -0.1014999 0.5705497 0.4234416 -0.1564317 0.6533276 0.4894520 0.3346759 0.6623829 0.4660132 -0.0156524 0.6520357 0.5745488 0.5769507 -0.3509095 0.0386753 0.4801187 0.6277984 0.6451187 -0.4512481 -0.2502052 0.4786209 0.1789660 0.6325552 0.7648308 0.5288341 0.4449647 0.7194659 0.3011384 0.4382851 -0.1560818 0.5761093 0.6843500 0.6362258 0.7658716 -0.2394789 0.3079794 0.5308925 0.4829809 -0.1600099 0.3343820 0.7339511 0.6869490 0.6152904 0.3343556 0.3615208 0.5443758 0.5285462 0.3941926 0.6469176 0.6188567 0.3319573 0.6221749 0.5437657 0.4622822 0.6033777 0.5353517 0.5963220 0.3917316 0.5178537 0.6127618 0.5919118 0.5671556 0.5637592 0.5771911 0.5377166 0.4854996 0.4375535 0.1919170 -0.2581662 0.0798640 -0.0587678 -0.3558343 -0.0673856 -0.3838611 -0.3819813 -0.3166448 0.1153899 0.0044544 0.3248906 -0.7058845 -0.3717007 0.0949986 0.0475752 0.2630519 -0.2667341 -0.2163146 -0.4504994 -0.0178787 -0.3614199 -0.3576508 -0.0025827 -0.0799706 0.2551546 -0.3187958 -0.0152568 0.0347910 -0.0413109 0.3603067 -0.2225849 0.0234421 0.2279708 0.0677831 0.2957138 0.1732810 0.0794889 0.2640135 0.3210161 0.5329061 0.1903464 -0.3150593 0.3185493 0.3958598 0.3789296 -0.0750554 0.2675401 0.1055725 0.2351980 -0.0620186 -0.0087309 -0.3738638 -0.0211742 -0.1800688 -0.0699141 0.2246931 0.0855501 -0.3256540 -0.0703107 0.1043902 0.2330064 0.0370086 0.2036526 -0.0616605 0.1015097 0.0489591 -0.3111614 -0.0896715 -0.0693157 -0.0257199 0.0618712 0.0499355 0.0910054 -0.4766707 -0.0905623 0.0398941 -0.1282687 0.1888999 -0.0320923 -0.0060879 -0.4105638 0.1112506 -0.0306674 0.0079543 0.1415677 -0.2667749 -0.1726336 -0.0315239 -0.1000753 -0.2621060 0.1210231 0.2929514 0.2776042 0.2750694 0.5608110 0.4775241 0.6589877 0.5293590 0.3515200 0.4405388 -0.0501944 -0.0503247 0.2152923 0.5202854 0.4293460 0.5601685 0.4552810 0.2313326 0.2429524 0.2033314 0.1860486 0.3896111 0.4839298 0.1443316 0.2131532 0.5302669 0.6188885 0.4059571 0.7638725 0.0766577 -0.1788832 -0.1541303 0.4589741 0.4402618 0.4109443 0.4125103 0.8124979 0.3480126 -0.0446407 -0.3608668 0.5039182 0.6801690 0.2187005 0.3373524 0.2632217 0.2070161
-0.0565551 0.3025068 0.4848133 0.0000000 0.3110648 0.8034409 0.6323897 0.4144079 0.7758565 0.5486647 0.3119929 0.5130624 0.3728189 0.4121860 0.1533625 0.3874445 0.3492604 0.1436090 0.3458021 0.0627511 0.2583453 0.4045412 0.3038324 0.3663820 0.2416705 0.1761111 0.2039490 0.0794855 0.5050851 0.2353334 0.3987580 0.2087584 0.0940653 0.1095741 0.1609882 0.2351021 0.1766059 0.2958962 0.3068050 0.2623928 0.3962640 0.0978361 0.2098013 -0.0188618 0.4415996 0.2640229 0.2185954 0.3338382 0.1892565 0.1389321 0.1929183 0.3939488 0.3460206 0.3194411 0.3421109 0.2663025 0.1859073 0.2385791 -0.0713040 0.1917315 0.3337999 0.1999325 0.2573971 0.5606521 0.6855361 0.2082647 0.1962275 0.2322719 0.2154531 0.3136056 0.2816197 0.4494089 0.2894636 0.5213824 0.2131371 0.5499696 0.3717315 0.3327177 0.5825262 0.3453551 0.3223428 0.0905479 -0.1369020 0.2990207 0.2368848 0.1557423 0.1394865 -0.4779540 -0.0684791 -0.1393042 0.4082396 0.2218579 0.3964935 -0.3050851 -0.1568652 0.2148602 0.1243558 0.1651446 -0.1743684 -0.5420983 -0.3695135 0.2700452 0.2135179 -0.4844821 0.2321476 0.0184702 0.3250433 0.1563692 0.3579461 0.4017758 0.1003012 0.3085614 0.2475776 0.1793727 0.1682445 0.1846777 0.0686127 0.1199558 -0.1657295 0.2345792 0.0349653 0.2888740 -0.2347247 -0.6272178 0.2324388 0.0279527 0.3449924 -0.0875122 0.1814858 0.2030974 0.1869607 -0.1622374 0.0598835 0.0935749 -0.3094044 0.0280028 0.2392026 0.1420066 0.1524122 0.0476932 0.0146468 -0.1384241 -0.3760380 -0.2132205 0.0997339 -0.3198288 0.0483174 -0.0626806 -0.2642914 -0.2688864 -0.2808822 -0.2215842 -0.0337714 -0.0821818 -0.1002469 -0.0968094 -0.2181440 -0.0429280 -0.1794785 -0.1422775 -0.2306484 -0.2446419 -0.3036111 -0.1536634 -0.2297857 -0.0305980 -0.1424708 -0.2364600 -0.2416628 -0.2836411 -0.2315746 -0.2505008 -0.0442124 0.1674585 0.2772649 0.3019860 0.1971010 0.0251556 0.0780477 -0.1339062 -0.1086922 -0.1510096 -0.3260726 -0.4068247 -0.1187938 0.2549313 0.0621458 0.2407617 0.5194304 0.3374047 0.1689874 0.3059025 0.2429610 -0.1757055 0.1222152 0.0575611 -0.0777798 0.0807698 0.2530421 0.0602844 0.4300260 0.0029873 -0.2410383 0.2252021 0.1916836 0.1694434 -0.1608997 -0.0945268 0.5685098 0.3184486 -0.0864662 0.1884945 0.1042899 0.1036360 -0.0259172 -0.0183117 0.5920079 0.2037424
0.3722837 -0.0326888 0.7882590 0.3110648 0.0000000 0.0810279 0.0856999 0.7245879 -0.0663602 0.0613691 0.5661474 0.0536741 0.7773097 -0.1517981 -0.1325439 0.5301782 0.2744740 -0.2570034 0.6389113 0.7001773 0.2940655 0.5394653 0.4468724 -0.3363061 0.6419527 0.5849713 0.4689242 -0.5525221 -0.2134288 0.2005775 0.6396375 0.7085488 -0.5665555 -0.2642362 0.4657079 0.1922676 0.6480559 0.6873846 0.4152347 0.0610215 0.6155132 0.6261201 0.3891689 -0.2504781 0.6589052 0.5384549 0.5838836 0.7418463 -0.3174357 0.3203167 0.3787533 0.3264963 -0.1785923 0.2281799 0.6567405 0.6118605 0.6229109 0.3177227 0.7379182 0.4210491 0.7474622 0.3706580 0.6995537 0.4512116 0.3824720 0.7096043 0.4428289 0.4456093 0.6488224 0.5982881 0.5141031 0.5116914 0.5098574 0.8186353 0.6243179 0.5547723 0.7045712 0.5328581 0.4920097 0.5663106 0.2270098 0.1800147 -0.2636130 0.0170958 0.1333344 -0.3445223 0.2281745 -0.0747866 -0.1212334 -0.1044725 0.2135121 -0.0430126 0.2684992 -0.4491426 -0.2174143 -0.0585231 -0.1025328 0.3631551 0.0045201 0.0081691 -0.1106408 0.1432059 -0.4025438 -0.2152066 -0.0006843 -0.0579636 0.2899634 -0.2925903 -0.0831154 0.0772564 -0.0014847 0.3704098 -0.2584242 0.1774753 0.4009949 0.1817600 0.4472868 0.2912444 0.1314638 0.3095636 0.3449807 0.5795250 -0.0327084 -0.2192498 0.2481370 -0.0285233 0.1940162 -0.1804272 0.0096232 -0.1405619 0.0676554 -0.0980463 -0.1808445 -0.1872731 -0.1308529 -0.2915392 -0.1983420 0.0775041 0.0064485 -0.2070628 -0.2257729 0.1172883 0.1430870 -0.0275139 0.1629133 -0.1557934 0.0375093 -0.1006381 -0.3458828 -0.0907848 -0.0215895 -0.0821134 0.0735259 -0.1181727 -0.0161367 -0.5811433 -0.1330960 0.0040481 -0.1359972 0.2716094 -0.2247833 -0.0115962 -0.6300293 0.1620802 -0.1216492 -0.0913098 0.1345513 -0.3771574 -0.2299231 -0.0212182 -0.2634331 -0.3668777 0.1508217 0.4500808 0.1583166 0.2402022 0.4180409 0.6170420 0.5080271 0.5437527 0.5841755 0.6133561 0.3752154 0.3071619 0.6535749 0.8266094 0.8222037 0.8843134 0.5533652 0.3112655 0.2550725 0.2163005 0.3357717 0.2106352 0.1411677 -0.1086158 0.1298957 0.4558313 0.6285455 0.0812014 0.6248660 -0.1102088 -0.1899770 -0.1700599 0.6391432 0.3008826 0.1917086 0.6623363 0.7440727 0.2657775 -0.0361015 -0.3016462 0.7360557 0.5522160 0.0007119 0.5312192 0.1697341 0.1176449
0.0602140 0.4700667 0.4092312 0.8034409 0.0810279 0.0000000 0.7214135 0.0788642 0.7297494 0.3417867 0.0011254 0.4470506 0.0946647 0.2798954 -0.0997614 0.1328655 0.1940704 -0.0448089 0.0971445 -0.2569267 0.2521279 0.1372421 0.1026583 0.3221475 0.0329878 -0.0004013 0.0979101 0.0134841 0.4446988 -0.0091919 0.1141272 0.0613663 0.0495777 -0.0133659 0.0217555 0.1900235 -0.0189895 0.1886272 0.1266687 0.1516755 0.3243395 0.0032414 0.0274277 -0.1666644 0.1017245 0.1339645 0.0153956 0.2310040 0.0108995 -0.0946560 0.0594007 0.2006323 0.2666485 0.1628146 0.1597278 0.0991627 -0.0059557 0.0064778 -0.1350115 0.0757349 0.0874264 0.0406152 0.0441811 0.2878421 0.4557231 0.0157947 0.0752916 0.0856030 0.0229520 0.0458749 0.0705995 0.1762092 0.1274746 0.2092272 -0.0463574 0.3147529 0.1583437 0.0659238 0.3140231 0.2680782 0.0874122 0.0529677 -0.1435516 0.2296785 0.1960651 -0.0430027 -0.1040770 -0.2848357 -0.3359819 -0.1430763 0.2477221 0.3032993 0.2819524 -0.1420051 -0.2538095 0.3396208 0.1600826 0.0722891 -0.2101101 -0.2611149 -0.3739160 0.1590684 0.1906079 -0.1754422 0.2307526 0.0366651 0.0943972 -0.0043757 0.2378651 0.1654843 0.0919247 0.1304096 0.2866375 0.0477682 0.1447368 0.1674730 0.0424138 0.1498134 -0.1018295 0.0901779 0.0065067 0.1907421 -0.0378839 -0.4537366 0.0354251 0.1608775 0.2240658 -0.0056116 0.0554860 0.1167424 0.0131205 -0.1136448 0.0090910 -0.0551195 -0.2439839 -0.0136625 0.0697136 0.0279471 0.0230657 0.0192933 0.0236290 -0.2925770 -0.2244672 -0.2072518 -0.1288552 -0.1245653 -0.0837020 -0.0784348 -0.1062213 -0.3529228 -0.3513572 -0.1965307 -0.2002215 0.0069375 -0.0723526 0.1658318 0.0822421 -0.0978942 0.0351784 -0.1956256 -0.0135839 -0.2966149 -0.1646493 -0.0463839 -0.1782263 -0.0783007 -0.0649548 0.0626835 0.0426328 -0.3204153 -0.0191576 -0.0536470 0.0085974 0.1542455 0.2374905 0.2829154 0.2556669 -0.0258438 0.1334011 -0.1727990 -0.2110380 -0.2337130 -0.3440243 -0.4731276 -0.1735273 -0.0832769 -0.0885186 0.0809181 0.4519614 0.2449938 0.0961598 0.2177140 0.2663312 -0.2262114 0.1652863 0.0845944 -0.0538436 0.1556166 0.0205018 0.0582526 0.1784812 -0.2133201 -0.2128394 0.3063134 0.0913059 0.2727654 -0.1821481 -0.2849935 0.3853528 0.1079591 -0.1273507 0.2508280 0.0642559 0.1245883 -0.0157123 -0.2128452 0.7416362 0.0377290
0.3112266 0.5767684 0.4682519 0.6323897 0.0856999 0.7214135 0.0000000 0.2072431 0.6591726 0.4108065 0.2071667 0.7210123 0.1388206 0.3958208 0.3833960 0.2774697 0.4031172 0.2613909 0.1269694 -0.2728113 0.4599735 0.1760063 0.2507025 0.4403351 0.1389903 0.0585836 0.2976203 0.1222047 0.6367165 0.3035891 0.1271867 0.0280546 0.1458562 0.2963947 0.0635960 0.4865119 -0.0344524 0.1380956 0.2525820 0.4838524 0.2073664 -0.0251260 0.1348604 -0.0809467 0.2900186 0.1325403 0.1276122 0.1544898 0.2406222 -0.2578873 0.1212274 0.3363370 0.5086501 0.2584208 0.2175398 0.0948416 0.0409720 0.2002711 -0.2028874 0.0831600 -0.0972075 0.0863909 0.1532603 0.4339256 0.4427850 0.0507886 0.0517840 0.1285341 0.1327239 0.1857387 0.1164861 0.1889778 0.0978403 0.1657761 -0.0347887 0.4194211 0.2025239 0.1182500 0.4559839 0.5243417 0.1408088 -0.2757964 -0.2865863 -0.1181587 -0.3510408 -0.2204064 -0.3435863 -0.6915920 -0.5453843 -0.4602319 0.3276574 0.3084120 0.5104047 -0.3698378 -0.3715619 0.0867344 0.0663551 0.1321098 -0.5031027 -0.2894259 -0.6558578 0.0391734 -0.0367005 -0.4560848 -0.0539741 -0.0550825 0.3319300 -0.0451154 0.1728104 0.3698659 -0.1875613 0.3874624 0.3433879 0.2612944 0.3422785 0.4425998 0.2865169 0.3355334 0.3429707 0.3792305 0.4173411 0.5274470 0.0379962 -0.0663044 0.3177622 0.0254144 0.3418544 -0.1919912 0.1281343 0.4232259 0.2669196 -0.3691483 0.0481124 -0.0574060 -0.3376891 -0.0088978 0.1494036 0.1298191 -0.0016086 0.0670891 -0.0938387 -0.2410832 -0.2759951 -0.2354170 -0.1717115 0.0525287 -0.2123962 -0.1781032 -0.2951676 -0.3918796 -0.4051756 -0.1686841 -0.3293975 -0.0009399 -0.2708726 0.1135986 -0.1793991 -0.2574366 -0.1533188 -0.3042878 -0.1402457 -0.3593785 0.1167704 -0.2273639 -0.2815656 -0.0185456 -0.1533610 -0.0759052 0.0256977 -0.3152888 -0.0924808 -0.0569587 0.1011622 0.3212738 0.6294317 0.4781881 0.3493311 0.1180023 0.1598942 -0.1260640 -0.2975829 -0.2003800 -0.4490611 -0.3891897 -0.2785484 -0.0772127 -0.1579869 0.0986688 0.4002594 0.3024312 0.4047674 0.5255318 0.4151216 -0.1110014 0.1316419 0.2637259 -0.1757911 0.2366518 0.1278409 -0.0257896 0.2335865 0.0389800 0.0001165 0.3345957 0.0219228 0.4088241 -0.1891475 -0.3012399 0.3177458 0.1272541 -0.0035393 0.1196122 -0.0416820 0.1904621 0.1618058 -0.0700979 0.5827022 0.4087231
0.3740640 0.2655198 0.7485718 0.4144079 0.7245879 0.0788642 0.2072431 0.0000000 0.3170698 0.3270512 0.6955339 0.3424994 0.9266086 0.1408227 0.1673598 0.7444973 0.4401350 -0.0157983 0.7174139 0.5418129 0.3611461 0.7747638 0.5984912 -0.0199473 0.6441865 0.6406954 0.4742437 -0.1963424 0.1951628 0.5967354 0.6690610 0.4861026 -0.2496750 0.0060458 0.4636855 0.3860827 0.5710875 0.6478347 0.5709773 0.3562965 0.4961126 0.4473399 0.5025132 0.0580340 0.8160817 0.5219928 0.5843227 0.5893545 0.0589399 0.3559923 0.4498506 0.5324621 0.0625850 0.3667800 0.6572236 0.5671424 0.4975080 0.4159898 0.2810966 0.4031753 0.6524031 0.3608262 0.6937044 0.5851398 0.4412486 0.5083827 0.4010805 0.3696216 0.5661363 0.6112253 0.5118304 0.5397977 0.3873728 0.7286353 0.6079374 0.5379212 0.6205227 0.5691016 0.5927047 0.5284781 0.5254547 0.3679760 0.1576934 0.3672675 0.1192340 -0.0154526 0.2218044 -0.4051250 0.1392794 0.0019143 0.2447023 0.1886886 0.2275282 -0.5533608 0.0024592 0.1620087 0.1807472 0.2284112 0.0507821 -0.1787752 -0.1704135 0.0656240 -0.1429091 -0.3694461 0.2009705 0.1483488 0.2494146 -0.0245445 0.2285205 0.1466390 0.1931571 0.4728849 -0.1192508 0.0345178 0.1140573 0.0792306 0.0736021 -0.0420516 -0.0826209 0.3229672 0.2460701 0.3513621 0.0864122 -0.2712315 0.4493252 0.2463754 0.3989150 0.0254769 0.4579251 0.3046350 0.4534645 0.0255869 0.1735492 0.1265968 -0.1069520 0.0237604 0.2264437 0.4088488 0.2844463 -0.0339885 -0.0226567 0.3791950 0.1047669 0.2119307 0.4396146 -0.0409409 0.2961942 0.1468849 -0.3187065 0.1115649 0.1349003 0.2302304 0.3096533 0.0579068 0.1650219 -0.4233721 -0.0585307 0.1886975 -0.1691603 0.2680350 -0.0929534 0.1782131 -0.2540512 0.1651021 0.0708881 0.2451073 0.2342145 -0.4006939 -0.2629223 0.1628893 -0.2179294 -0.3268812 0.2114315 0.2952692 0.2119223 0.2183284 0.4786727 0.4614435 0.4642893 0.4553042 0.4405372 0.5433355 0.0722500 0.1540335 0.2180634 0.6505905 0.3793530 0.4944361 0.4150132 0.3277165 0.2944066 0.3269393 0.1608384 0.4457315 0.4497561 0.0982495 0.2086961 0.4390281 0.6654279 0.3499016 0.7440185 0.1218655 0.1335628 -0.0079568 0.2849980 0.2273250 0.4036957 0.3870229 0.6524961 0.3048780 0.3198812 -0.3572009 0.2073340 0.5679827 0.1336941 0.3197493 0.1395898 0.3370749
0.1466593 0.5216902 0.3135129 0.7758565 -0.0663602 0.7297494 0.6591726 0.3170698 0.0000000 0.6607870 0.2095294 0.6154868 0.3174436 0.6447319 0.3091688 0.3560394 0.4818126 0.3284583 0.2481692 -0.2524501 0.1593007 0.4288376 0.2511459 0.5771971 0.2035749 0.1304221 0.2538610 0.2074437 0.6010562 0.3466330 0.1862469 0.0321756 0.3179899 0.2276735 0.0619088 0.3282855 0.0602238 0.2334845 0.3004886 0.3844060 0.2565833 -0.1088644 0.1556190 0.0779952 0.1723383 0.2074883 0.1449174 0.1995400 0.3098329 0.0852394 0.1731803 0.4361128 0.4555019 0.2801608 0.2771989 0.1753339 0.0333833 0.0890513 -0.4518107 0.1152546 0.0249529 0.0896444 0.1889910 0.4254078 0.4172889 0.0191289 0.1267281 0.0781477 0.0808675 0.1371441 0.2145684 0.3272726 0.1445072 0.1475504 0.0936546 0.3569201 0.0994532 0.2543571 0.4643117 0.1605470 0.3389154 0.1242628 0.1214418 0.3926341 0.0319398 0.2245396 -0.0402253 -0.4942799 -0.1461177 0.0091669 0.2795679 0.4139566 0.2029403 -0.3132594 0.1100697 0.5000095 0.3187043 0.0354536 -0.0058838 -0.4760795 -0.2515517 0.1598383 0.4432699 -0.3967646 0.3390948 0.2987189 0.0710509 0.2488048 0.4780494 0.3308745 0.3583735 0.2872833 0.4622550 -0.0347015 0.0163711 0.1183617 -0.1733977 -0.0838290 -0.1871797 0.2611606 0.0435651 0.1356450 0.1419241 -0.4534169 0.2620043 0.2623827 0.3708017 0.2187748 0.4386269 0.4104553 0.3249420 -0.0347508 0.2908954 0.2431723 -0.1602407 0.2940521 0.4544417 0.2701694 0.2635486 0.0109554 0.2658471 0.0452352 -0.2327208 0.0936392 0.2435487 0.0119561 0.1761434 0.1321773 -0.1718726 -0.0281351 -0.1168797 0.1974066 0.1163416 0.2719612 0.0367691 0.0479358 0.1410187 0.2045090 -0.0104404 -0.0896487 -0.0098635 0.0300898 0.1681975 0.0335857 -0.0196936 0.3174919 0.1494347 -0.0738105 -0.0068376 -0.0299065 -0.1154262 -0.1057095 0.1295428 0.0697719 0.0862234 0.0651067 0.0869022 -0.2490487 -0.0361163 -0.1600516 -0.2341328 -0.1106199 -0.4095043 -0.4256384 -0.4910559 -0.1804899 -0.3734369 -0.1829111 0.1624842 0.1944919 0.3299943 0.2242347 0.0229219 -0.0815437 0.3232074 -0.0151891 0.1142023 -0.0759396 0.0179530 0.2841385 0.2062358 0.1640243 -0.0862962 0.2289144 -0.2545860 0.1931821 0.0122090 -0.3735671 0.2367798 0.2600465 0.0278082 0.0828638 -0.3333114 0.0253462 0.1132197 -0.2015630 0.5659823 0.1657819
0.0871597 0.3648490 0.1207088 0.5486647 0.0613691 0.3417867 0.4108065 0.3270512 0.6607870 0.0000000 0.6006881 0.3434951 0.3447071 0.4050547 0.4576964 0.6320432 0.7852382 0.2432905 0.4407128 -0.0051035 -0.1439258 0.4299624 0.6839179 0.1586613 0.4436512 0.3994341 0.3870104 0.0689780 0.2858673 0.3787780 0.4063127 0.2544090 0.1469919 0.1668429 0.4708732 0.3796488 0.2739220 0.3434204 0.5530548 0.3151500 0.3664749 0.2346729 0.4840256 0.2800401 0.2773360 0.3354933 0.4120600 0.3310090 0.5116832 -0.1209237 0.4076236 0.5771476 0.4500609 0.6385883 0.4271776 0.3660673 0.3154338 0.6086117 -0.2713489 0.3323079 0.0904137 0.4562095 0.4629269 0.4683040 0.1894088 0.3090528 0.3960016 0.4826472 0.3801520 0.5373607 0.4619301 0.5108610 0.4427572 0.2677444 0.3710329 0.6143054 0.1674569 0.4999016 0.7307410 0.2471070 0.4274527 -0.0470164 0.0149904 0.0665747 -0.0659061 0.4344950 0.3260681 -0.3017909 0.1221973 0.3166140 0.2967614 0.5704186 0.3043100 -0.1067385 0.3648916 0.2201517 0.2824308 0.4228796 0.2727514 -0.3320212 0.1518575 0.5926564 0.6219119 -0.5029276 0.3025738 0.4585098 0.3574399 0.5652906 0.6310540 0.5059985 0.3403850 0.5963049 0.6263388 0.4130252 0.3232766 0.4197086 0.1289247 0.1852464 0.0741063 0.5598075 0.3920542 0.4184058 -0.1150244 -0.1073978 0.5251681 -0.2013085 0.5234474 0.0952439 0.4027315 0.3667431 0.4234260 -0.1503011 0.2399802 0.3802677 -0.2753651 0.3971737 0.5415255 0.2974181 0.3930446 0.0097149 0.0833441 0.1956531 -0.4422082 0.1044756 0.3614154 0.2386380 0.2180289 0.0553423 -0.3894013 0.1103563 0.0105288 0.1955723 0.1804514 0.2111030 -0.0716844 0.0014497 -0.0322642 0.2419563 -0.2950831 0.0269416 -0.2073405 0.1100168 0.2607456 0.0132451 -0.1522217 0.5222566 0.2827933 -0.3172854 -0.3111433 0.1044029 -0.3020597 -0.2663787 -0.1556133 0.2260055 0.0980483 -0.0210093 -0.2556269 -0.3500748 -0.3532286 -0.1596140 -0.2192799 0.0067231 -0.0147811 0.1108296 -0.2076868 -0.0532610 -0.1670492 0.0807707 0.0519452 0.0537356 0.4677841 0.1282002 -0.0764280 -0.4165504 -0.1894581 -0.4040176 -0.2221665 -0.3844208 0.0442465 -0.0863959 0.3313826 0.2637926 0.2328667 0.3322761 0.0542996 0.3406758 -0.1421759 -0.1593200 0.2569345 0.3610818 0.3311061 0.2020931 -0.0539054 -0.2678283 -0.1663580 0.1222281 0.5059443 0.5078115
0.4363293 0.2557004 0.5359960 0.3119929 0.5661474 0.0011254 0.2071667 0.6955339 0.2095294 0.6006881 0.0000000 0.1600470 0.7043533 -0.0533255 0.1742138 0.9405370 0.7501583 -0.2464471 0.8094405 0.5259429 0.0728169 0.6424517 0.9318547 -0.3896895 0.7748564 0.8486895 0.7565414 -0.3817534 -0.0279465 0.6084250 0.7410261 0.7329240 -0.4429256 -0.0860090 0.8635443 0.4051152 0.7887336 0.7536442 0.9247681 0.4997315 0.6695086 0.5520151 0.8958274 0.1298911 0.6864303 0.7666254 0.8789087 0.7433179 0.2239151 0.0777973 0.8169825 0.8245762 0.1173568 0.8468183 0.8356401 0.8133388 0.8284766 0.8660500 0.2385392 0.7779850 0.5280040 0.8241553 0.8847080 0.7172925 0.1636241 0.8148863 0.7848783 0.8217676 0.8273371 0.9324839 0.8448156 0.7245534 0.7871019 0.6153237 0.7714641 0.7823095 0.5894992 0.8060274 0.8833387 0.5029611 0.7471387 0.0243503 -0.1076868 -0.1345458 -0.1266393 0.0236658 0.2138000 -0.1967455 0.0864600 0.0344591 -0.0848419 0.1059828 0.2480263 -0.3150461 0.0902000 -0.2055855 -0.0094100 0.3517754 0.0827519 -0.1504221 0.0463614 0.2341430 0.0266417 -0.4582900 -0.1478185 0.2281853 0.3155101 0.1760062 0.1265384 0.2936518 -0.0241676 0.5387189 -0.0073470 0.2603480 0.3642358 0.2141621 0.3168910 0.1878037 0.1247174 0.4886939 0.4944995 0.5988799 -0.1166648 -0.0183104 0.4434810 -0.0759414 0.3139679 -0.1881868 0.2925368 0.1036604 0.2956573 -0.2396997 0.0060683 -0.0251935 -0.3332153 -0.0262499 0.1153716 0.2433854 0.2021749 -0.0873215 -0.3042352 0.2707404 -0.2281493 0.0722440 0.2662873 0.0173094 0.1027751 -0.1061968 -0.6363664 0.0738854 0.1012754 0.1580045 0.1159604 -0.1177650 -0.1637255 -0.3011929 -0.3505631 -0.0045613 -0.5756782 0.2686206 -0.4328798 0.0645310 -0.0065966 0.0077819 -0.2643558 0.3942278 0.2571010 -0.6048735 -0.6705116 0.0783393 -0.3912849 -0.4747233 0.0457491 0.3976927 0.2128490 0.1418591 0.2071371 0.2091677 0.2641679 0.3765810 0.2809246 0.5397754 0.2324907 0.3845215 0.2240645 0.4679300 0.3259383 0.5347316 0.2768177 0.2812775 0.3298257 0.2292692 0.0924641 0.1277799 0.0599018 -0.2093571 -0.0245912 0.1821542 0.6545417 0.0675997 0.6564834 0.2937267 0.1228920 0.0659326 0.3172526 0.4231092 0.1356922 0.2567820 0.5114585 0.5311199 0.1737642 -0.0609763 0.3531035 0.2358332 -0.0903016 0.3988932 0.2179946 0.7017334
0.2392150 0.5474620 0.2474890 0.5130624 0.0536741 0.4470506 0.7210123 0.3424994 0.6154868 0.3434951 0.1600470 0.0000000 0.2089734 0.2212315 0.6362332 0.2796377 0.1975676 0.3132892 -0.0025438 -0.2791292 0.6830733 0.1376648 0.1388106 0.4528698 0.0315764 -0.0434108 0.1890309 0.1307470 0.8225426 0.1428945 -0.0037565 -0.1201289 0.2908306 0.5273489 -0.1810107 0.6555971 -0.1956831 -0.0494895 0.0743094 0.2521606 -0.0672453 0.1797859 -0.0598032 -0.1657328 0.4993062 -0.1346365 -0.0624173 -0.0268954 0.3422213 -0.3347632 -0.1553776 0.1050611 0.7808632 -0.0325191 0.0496130 -0.1486810 -0.1953615 -0.0358879 -0.1697706 -0.2495810 0.0687092 -0.2354000 0.0698845 0.2323056 0.5946684 -0.1619695 -0.2687359 -0.1862108 -0.0786462 0.0571077 -0.1190582 0.2217485 -0.1356167 0.1957241 -0.2274154 0.2300551 0.2261134 -0.0315583 0.3264493 0.4890031 0.0243899 0.0238623 -0.0911284 0.0662257 -0.1692862 -0.2302527 -0.1997778 -0.5541985 -0.2312557 -0.1908271 0.3408219 0.2956896 0.2863617 -0.2230009 0.0161760 0.3294756 -0.0252826 -0.0741398 -0.2442598 -0.1612684 -0.4356677 -0.0755878 -0.1283303 -0.3481291 -0.0159058 0.1989187 0.0662428 -0.1535052 0.0449316 0.2578201 -0.0442745 0.2831117 0.2245620 0.0226148 0.2549414 0.2786051 0.0530458 0.1130540 0.1553118 0.2444792 0.1960247 0.2590814 0.0683909 -0.0544011 0.2074083 -0.0970126 0.1573067 -0.1221020 0.0825732 0.4443474 0.2308646 -0.2650403 0.0789696 0.2172420 -0.3112966 -0.0697712 0.1598001 0.1177363 -0.0421945 0.2414234 -0.1343747 -0.0609340 -0.2356049 -0.1029562 -0.1194512 -0.0194948 -0.1762856 -0.1861305 -0.3181600 -0.2956103 -0.2273876 0.0656993 -0.1911070 -0.0529410 -0.2391600 0.0348788 0.0181789 -0.1737244 -0.0265483 -0.1635486 -0.2009159 -0.2114998 0.2185821 -0.0424749 -0.1909963 0.1292243 -0.0376538 -0.2394581 0.0897799 -0.2459683 -0.2379512 -0.1524357 0.3882220 0.4084271 0.3611551 0.2809632 0.3539571 0.1568852 0.1322154 -0.0641135 -0.0263399 0.0172559 -0.1976059 -0.1932249 -0.1826787 0.0249637 -0.1131366 0.0998505 0.3409157 0.5418899 0.4389390 0.7103713 0.4673451 0.1413436 0.1611291 0.2300210 0.0118798 0.3093298 0.1181373 -0.0374785 0.0441124 -0.0709177 0.1507678 0.2258705 -0.2638519 0.2875355 -0.2337924 -0.3082374 0.0513136 -0.1067229 0.1389153 -0.1299119 -0.3257386 0.3120107 0.3114318 -0.0543252 0.4676543 0.2994712
0.4254574 0.1237511 0.7984484 0.3728189 0.7773097 0.0946647 0.1388206 0.9266086 0.3174436 0.3447071 0.7043533 0.2089734 0.0000000 0.1895442 0.0154498 0.7255017 0.5544421 -0.0794668 0.8237442 0.6502967 0.2490747 0.8562694 0.5992747 -0.1134360 0.8203743 0.7359507 0.6201510 -0.4320682 -0.0707765 0.4708396 0.7575130 0.7013426 -0.4538453 -0.2702239 0.5409694 0.2935122 0.7348180 0.8200614 0.6127804 0.2682319 0.6770656 0.4754000 0.5213541 -0.1265519 0.6567256 0.6957333 0.7004396 0.7610489 -0.1784171 0.4167604 0.5494164 0.5485482 -0.1400544 0.3724053 0.7855447 0.7335960 0.6469937 0.3989537 0.3598526 0.5343296 0.7142761 0.4355158 0.8097541 0.6217745 0.3463235 0.6578924 0.5668417 0.4785245 0.6597629 0.6624037 0.6784884 0.5703410 0.5778729 0.7125009 0.7581833 0.5913633 0.6257674 0.7526478 0.6337682 0.4246970 0.5892577 0.3498110 0.0255386 0.3289259 0.1552207 -0.0586749 0.2562352 -0.2497049 0.0350440 0.0437146 0.1408115 0.0630964 0.0693206 -0.6307482 0.0584151 0.1948503 0.0498679 0.2073355 0.1625707 -0.1976154 -0.0885490 0.0841764 -0.1437290 -0.3758760 0.1201030 0.1673711 0.1275261 -0.1331968 0.1331003 -0.0037104 0.2195792 0.3856829 -0.1727783 -0.1071446 0.1078090 -0.0533559 0.0593889 -0.0632132 -0.1628445 0.2431955 0.2030973 0.3846137 0.2234246 -0.3870283 0.3149717 0.2604540 0.3285218 0.0173520 0.3440750 0.0996225 0.2655043 -0.0283903 0.0396119 -0.0245210 -0.0092158 -0.0860475 0.0832528 0.2325581 0.1650595 -0.2860520 -0.0482606 0.3109873 0.2400632 0.2756764 0.4349550 -0.0683573 0.2382427 0.0959918 -0.4110020 0.1659022 0.2094068 0.2626776 0.2797329 0.0940362 0.1249742 -0.6129338 0.0185541 0.2272088 -0.1336058 0.4032067 -0.1267281 0.2288427 -0.3433967 0.3018466 0.0097819 0.2733656 0.3429200 -0.4856904 -0.3244678 0.1710826 -0.3186183 -0.4578041 0.2076417 0.3026042 0.0065444 0.0126912 0.3827454 0.3286845 0.5250521 0.6082673 0.5261986 0.6296562 0.2252167 0.1960978 0.2742609 0.6408165 0.4243077 0.5552812 0.3265818 0.2337991 0.2467633 0.1609578 -0.0103727 0.4501100 0.4054334 -0.1503351 0.2774307 0.3504327 0.6805893 0.3699162 0.7307351 0.1617593 -0.0496312 -0.2498885 0.2703364 0.3888039 0.4139512 0.4940439 0.6846133 0.4254143 0.1559169 -0.4832041 0.3335136 0.5927196 0.1030105 0.4383444 0.1358447 0.1707647
-0.0122682 -0.0186130 0.1687245 0.4121860 -0.1517981 0.2798954 0.3958208 0.1408227 0.6447319 0.4050547 -0.0533255 0.2212315 0.1895442 0.0000000 0.3410163 -0.0096995 0.3809732 0.8026927 0.1281475 -0.0691476 -0.2070282 0.4700353 -0.0647280 0.8200437 0.2166579 -0.0722132 0.1042131 0.4288909 0.2648565 0.3303405 0.1800026 -0.0413987 0.4389905 0.1399065 -0.1117910 -0.0943830 -0.0261800 0.1030043 -0.0068207 0.3083105 0.1577733 -0.5714391 -0.0904740 0.1793750 -0.1935087 0.1155992 0.0105248 0.0360179 0.1706846 0.3334289 0.0423364 0.1680892 0.0659964 0.0038849 0.1359268 0.0900852 -0.0472557 -0.0391220 -0.4637895 0.0142944 -0.3319603 -0.0422275 0.0106432 0.3906076 0.1754587 -0.0729539 0.0458082 -0.0209081 0.0185164 -0.0192031 0.1373110 0.0719360 0.0328175 -0.0643052 0.0955167 0.2299984 -0.1051611 0.1843915 0.2188303 -0.1688620 0.0961441 -0.1160577 -0.0975605 0.2512505 -0.2246392 0.2384223 -0.1794022 -0.6086146 -0.2810760 -0.2256427 0.3122583 0.1885939 0.1803563 -0.5017068 -0.0435044 0.3233572 0.3107507 0.0742642 -0.1929668 -0.6705032 -0.4118623 0.1011829 0.2947238 -0.4698749 0.2675706 -0.0601403 0.1293240 0.2223668 0.3903050 0.2001261 0.1798290 0.0936782 0.3864606 -0.0010893 -0.2408982 0.0173794 -0.2423946 -0.2190099 -0.1345450 0.1231569 -0.0340642 0.0519062 0.1497071 -0.3461907 0.2947620 0.3566430 0.4419794 0.3118979 0.4623457 0.5430109 0.4022144 0.1532283 0.3100634 0.0857798 0.2331927 0.4337348 0.4722790 0.2652118 0.2338561 -0.2779008 0.5675845 0.0203529 0.0926682 -0.0024759 0.3214904 0.1358858 0.2529682 0.3139342 0.2040477 0.1021757 -0.1770586 0.0456181 0.2060796 0.4970067 0.1865552 -0.1911833 0.0242065 0.3649844 0.1801965 -0.3260829 0.3278290 0.0873544 0.0476927 -0.2373442 0.2166200 0.1058532 -0.0347430 0.2031735 0.2088390 0.0176923 0.1989723 0.2067753 -0.1263053 -0.1844518 0.0662147 -0.0286815 -0.1974310 -0.4248231 -0.2745702 -0.2843982 -0.4800028 -0.3465798 -0.5965451 -0.5731399 -0.5556537 -0.2568170 -0.4064445 -0.3427665 -0.2001036 -0.1326961 0.2243361 -0.1144413 -0.3202058 -0.0465311 0.3040459 0.1060395 0.0844739 -0.4335386 -0.2393278 0.4219190 0.1467631 0.4303564 -0.2256665 -0.1624368 -0.1542120 0.0001688 0.2278565 -0.0514265 0.1446506 0.1476616 -0.0970999 -0.0499011 -0.2562348 -0.1744979 0.2465615 -0.0656280 -0.0765554 -0.1728011
0.0732191 0.2876708 -0.1014999 0.1533625 -0.1325439 -0.0997614 0.3833960 0.1673598 0.3091688 0.4576964 0.1742138 0.6362332 0.0154498 0.3410163 0.0000000 0.1612687 0.3139966 0.6561205 -0.1377323 -0.1608741 0.1745300 0.0154674 0.1227456 0.5230709 -0.0584155 -0.2118149 0.0196442 0.5019054 0.6346380 0.3246684 -0.0334847 -0.2601802 0.5972568 0.7272080 -0.1889719 0.3826047 -0.3137975 -0.2725371 -0.0269151 0.3161465 -0.2585351 0.0249058 -0.0987773 0.3107955 0.3231988 -0.2627980 -0.1162881 -0.2185367 0.6932027 -0.2951043 -0.1947467 -0.0003628 0.7481211 0.0132091 -0.0539117 -0.2179016 -0.2288087 0.1363966 -0.2812166 -0.3124077 -0.2134210 -0.2066643 -0.0401368 0.0793748 0.1324903 -0.2173830 -0.2806248 -0.1951704 -0.1543980 -0.0058000 -0.1453389 0.0454084 -0.2372590 -0.0664728 -0.1823261 0.0809002 -0.1026400 -0.0696807 0.2111704 0.1590434 -0.0758958 -0.2691840 -0.1203087 -0.1920562 -0.5392047 0.1376774 0.0628159 -0.5790684 0.0135945 0.0868619 0.4969285 0.4193546 0.5280608 -0.0920174 0.3535489 0.2335378 0.2248113 0.3431400 -0.0163295 -0.2494429 -0.0898836 0.3211384 0.1246483 -0.5044189 0.1468391 0.3761385 0.4554488 0.2450235 0.3086169 0.5872567 0.0598132 0.5527677 0.4456131 0.4674055 0.3880031 0.4787483 0.2652915 0.3265308 0.4632721 0.5296797 0.4557546 0.3085002 -0.0993800 0.3278123 0.5504779 -0.2985484 0.4524110 0.0211759 0.2970738 0.5910277 0.5131404 -0.0739725 0.3893095 0.3361335 -0.0058509 0.3184955 0.4849514 0.3006892 0.2718318 0.1850854 0.1806078 0.3111872 -0.1934452 0.0017281 0.1786990 0.2607948 0.1398049 0.1226017 -0.0498526 0.1317313 0.0099420 0.0440602 0.1610912 0.2062054 0.0735045 0.0168900 -0.0521522 0.1601007 0.0266311 -0.1505832 0.0199370 0.1486582 0.4698114 -0.1677864 0.1328739 0.3177105 -0.0433781 -0.1629698 0.1444443 0.1532011 -0.0389559 0.1184564 -0.0660794 0.2351597 0.2809666 0.0820122 -0.1782889 -0.0691529 -0.3651934 -0.1987096 -0.2420793 -0.1040605 -0.1167561 0.1414539 -0.2365813 -0.1358951 -0.1791043 -0.1113829 -0.1536217 0.1133818 0.5540504 0.4031905 0.1324811 -0.1575963 -0.1882587 0.0293294 -0.1622565 -0.1654271 -0.1342709 -0.1268700 0.0326016 0.1989482 0.4342438 0.2162914 -0.0703854 0.0400251 -0.1182550 -0.1318239 -0.1541951 -0.1874607 0.3971871 -0.0916525 -0.3242661 -0.1053178 0.3235060 0.1781997 0.0534540 0.4681578
0.5140976 0.4111309 0.5705497 0.3874445 0.5301782 0.1328655 0.2774697 0.7444973 0.3560394 0.6320432 0.9405370 0.2796377 0.7255017 -0.0096995 0.1612687 0.0000000 0.7050196 -0.2255882 0.7962883 0.3364390 0.1411705 0.6496406 0.9501845 -0.2889405 0.7290462 0.8662446 0.7103463 -0.3196470 0.0956350 0.6648301 0.6109605 0.6346571 -0.3522934 -0.0279454 0.8404269 0.4498042 0.7635116 0.7579721 0.9194459 0.5064635 0.6137764 0.5075424 0.8879514 0.1812837 0.6714969 0.7384348 0.8611013 0.7045250 0.2582842 0.0284275 0.8088160 0.8483350 0.1840121 0.8236308 0.8010755 0.7547377 0.7699922 0.7817468 0.0919055 0.7348658 0.4659237 0.7679359 0.8457779 0.6610537 0.2377841 0.7438431 0.7231915 0.7577593 0.8158121 0.8615854 0.7817713 0.7242429 0.6986997 0.6036664 0.7097052 0.7334136 0.5681187 0.7239660 0.8249475 0.5210262 0.6905699 0.2122930 0.0262653 -0.0060110 -0.0393551 -0.0017329 0.1111083 -0.1533937 0.0542199 0.0517649 -0.0767268 0.2545331 0.2090930 -0.3398196 0.0591828 -0.0478706 0.1199630 0.2579851 0.0571638 -0.0657025 -0.0099173 0.1304859 0.1283908 -0.3129288 -0.0105742 0.2490313 0.1824519 0.2506480 0.2379639 0.2675127 0.1337502 0.5011022 0.0642070 0.1902591 0.2484033 0.2058055 0.1671251 0.0433886 0.0455396 0.4938188 0.4290547 0.4985963 0.0297172 -0.0235096 0.4958878 0.1155610 0.3993261 -0.0074734 0.4395519 0.2385451 0.4133502 -0.1463865 0.1290443 0.0903583 -0.3722014 0.1282302 0.2463004 0.3928140 0.3205062 0.0187508 -0.1912443 0.3348133 -0.2685902 0.2023275 0.3717218 0.1508883 0.1970217 -0.0079320 -0.6117425 0.0623754 0.0983535 0.3716073 0.1854665 0.0211180 -0.1176281 -0.1755200 -0.2068487 0.1123777 -0.5645885 0.2697136 -0.3503105 0.1141539 0.1068076 0.1117191 -0.2029787 0.5154748 0.4384827 -0.4821808 -0.5447601 0.1149242 -0.3269723 -0.4329661 0.1989395 0.3699280 0.1812993 0.1539030 0.2960369 0.1980044 0.2659836 0.3288869 0.3117135 0.5695696 0.1345256 0.2999529 0.0883574 0.3876909 0.1870039 0.4434889 0.3084413 0.2874011 0.4087677 0.2716667 0.1150714 0.1937524 0.2553160 -0.0830145 0.1259550 0.1926615 0.5620637 0.2350302 0.6697813 0.3088209 0.2010715 0.1887847 0.1930821 0.3818877 0.2158627 0.1223557 0.5157704 0.5179575 0.2520152 -0.0319005 0.1912214 0.2548968 -0.1062462 0.2203894 0.3416853 0.6690025
0.3685548 0.1733151 0.4234416 0.3492604 0.2744740 0.1940704 0.4031172 0.4401350 0.4818126 0.7852382 0.7501583 0.1975676 0.5544421 0.3809732 0.3139966 0.7050196 0.0000000 0.1213351 0.6006709 0.2492214 -0.0426708 0.5820714 0.7569283 -0.0053714 0.6752325 0.5540188 0.7757534 -0.2198497 -0.0116240 0.5175442 0.5791507 0.6052063 -0.2390271 -0.1625442 0.6453686 0.3539129 0.5606555 0.6218989 0.7492222 0.4527339 0.6041105 0.3056426 0.6556167 0.0196822 0.2478449 0.6295531 0.6987561 0.6100155 0.1581634 0.0103005 0.6679758 0.7072360 0.1372078 0.7309095 0.7338259 0.6784801 0.6351139 0.6557477 -0.0880406 0.6150214 0.1940148 0.6732276 0.6970151 0.5988834 0.0170137 0.6262549 0.6634985 0.6883778 0.6110437 0.6603420 0.7448817 0.4766675 0.6602687 0.2746164 0.6144686 0.6312604 0.2313383 0.7183774 0.7953912 0.2705841 0.6226194 -0.1680555 -0.1994716 -0.1549161 -0.2260840 0.0969257 0.1256535 -0.2855151 -0.1180945 0.1218057 0.1187389 0.2874800 0.3186400 -0.4494305 0.2372497 0.0479357 0.1796876 0.4511699 0.1293180 -0.3989068 0.0137718 0.3858701 0.2919222 -0.6533863 0.0274254 0.4220076 0.2755833 0.2932716 0.3468193 0.3168692 0.2162108 0.5061910 0.2170485 0.2530961 0.2971792 0.1874093 0.2226417 0.1997904 0.1297868 0.5437995 0.5414129 0.5445654 0.1873276 -0.0860001 0.5690002 -0.0140345 0.5366897 0.1174592 0.4168698 0.3156424 0.4295733 -0.1245445 0.2627190 0.0415943 0.0069988 0.2421426 0.3962983 0.3063883 0.3736153 -0.2549511 0.0880171 0.3377562 -0.0001225 0.2514391 0.4283201 0.2743057 0.2850908 0.1833284 -0.4584353 0.3347593 0.2194868 0.2374469 0.2682060 0.3189450 0.0057242 -0.3226171 -0.0368055 0.2953471 -0.2180067 0.2744714 -0.1441464 0.3040257 0.2091711 0.1375371 -0.0283079 0.6083845 0.4141270 -0.4540338 -0.3900122 0.2907130 -0.2634204 -0.3040246 -0.1091468 0.2584214 0.0276966 -0.1432583 -0.1130460 -0.1935635 0.0255304 0.2881800 0.0233342 0.2902286 0.1315075 0.2604046 -0.1005722 0.0732304 0.0171542 0.2626466 -0.0271821 0.0092768 0.3828632 0.0792682 -0.1489206 -0.0667905 -0.0200652 -0.4018231 0.0538331 -0.1382478 0.3289236 0.1494636 0.5390939 0.3782652 0.1604268 0.0213452 0.2042907 0.5480897 0.1982222 0.2232021 0.4409710 0.4744775 0.2028457 -0.1192914 0.2341274 0.1498387 0.0702946 0.5175067 0.3576674 0.5006158
