0.0000000 0.6488338 -0.1044454 -0.4680101 0.0992239 0.0982891 0.4070385 0.0582603 -0.0291656 0.2981614 0.2419227 0.2970459 0.0696716 0.2824428 -0.5805623 0.3045150 0.5677979 -0.1312270 0.1412057 -0.4276081 0.2754121 -0.1016715 0.4773997 -0.6949847 -0.1674797 0.2769473 0.0271312 -0.3200335 -0.2159102 0.0822807 -0.1586643 -0.2183957 -0.6520963 -0.7239676 0.1170922 -0.0715012 0.0942295 -0.0487967 0.0469345 0.1144891 -0.0220095 0.0205444 -0.1034229 0.0332022 0.2621984 -0.1026392 -0.2326744 -0.0465505 -0.0411038 -0.1041031 -0.2043742 0.0266860 -0.0676989 0.4429382 -0.0618904 -0.2048688 -0.0434451 0.5920226 0.3641223 -0.1217565 0.1710869 -0.0699717 -0.0116622 0.3971123 -0.2101033 -0.3783525 -0.0846140 0.2695179 -0.3524841 0.4264431 -0.1758042 0.1227633 0.0078651 -0.1378195 -0.0305141 0.0264773 -0.0485682 -0.2375155 -0.1481194 0.0398941 -0.2196593 0.4664451 0.2118971 0.3416476 0.3270852 0.4203243 -0.3732266 0.3687665 0.4848305 0.3197292 -0.3618818 -0.1013549 -0.0630082 0.1811160 -0.0009744 -0.0884002 -0.1202858 0.2549125 0.2491644 0.2318280 0.1550767 0.1221436 0.2439047 0.2273410 -0.0441800 -0.0500134 0.2413749 0.2846192 0.2064562 -0.0310803 0.2314491 0.3562668 0.2779978 -0.1487183 0.0715135 0.1044282 0.0349970 0.0685762 0.0537728 0.2581233 0.3868724 -0.0542921 0.3789647 0.3368801 -0.1207298 0.1693869 0.4215605 0.2999934 -0.0381409 0.3463329 0.2015827 0.0081420 0.3809709 0.0188895 -0.2346860 0.3922707 0.0179450 -0.1110042 0.0697885 -0.0336610 0.2608893 -0.1920053 0.0969553 0.4257885 0.0592575 0.1996803 0.0320901 0.1799863 -0.1344783 -0.0454229 -0.0915363 0.0882234 -0.1217104 0.1700812 0.2720738 0.0836115 0.2180675 0.1173521 0.2638473 -0.1150311 0.3340980 -0.2201526 0.1068945 -0.1417608 0.1593814 0.0327666 0.1517574 0.2395386 0.0978906 -0.1541181 0.1274888 0.0904155 0.4495613 0.2306051 0.4852895 0.5046476 0.6325598 0.6664109 0.5856579 0.6360105 0.6199249 0.4506698 0.4220129 0.3266081 0.4042453 -0.1586949 0.4376781 -0.1347207 0.1703849 0.3864187 0.3752448 0.3272731 0.6567102 0.4359930 0.4095952 0.4517363 0.4079110 -0.0470289 0.3894789 0.1530409 0.4847753 0.0796926 0.6463399 0.6668215 0.4007035 -0.2955554 0.2347693 0.0777328 0.3311780 -0.2313215 0.4881954 0.4608775 -0.2135829 0.3290950 0.0548271 0.2461022 -0.1521866 0.0201609
0.6488338 0.0000000 0.0562421 -0.1260017 0.0647325 0.4024223 0.4635380 0.2784049 -0.0297348 0.1782973 0.1742751 0.4009567 0.1567503 -0.0061272 -0.4453032 0.2308204 0.4805285 -0.5345187 0.2329997 -0.2232217 0.4636087 0.0882321 0.4723028 -0.5606730 -0.3476093 0.0933028 -0.3378338 -0.4850187 0.2067716 0.0762442 0.1460208 -0.4975720 -0.4887258 -0.4594800 -0.0529356 0.2831128 -0.2488848 -0.1476263 0.0938160 0.0364021 0.1557945 0.3128531 -0.0022476 0.0663103 0.4278520 -0.3232905 -0.4696377 -0.0904746 0.0439859 -0.5149218 -0.2691867 0.0629500 0.1170135 0.2114074 -0.2134968 -0.5235401 -0.3763960 0.3703642 0.1996695 -0.1100688 0.1402931 0.1722390 -0.2749282 0.3952143 -0.0052027 -0.4000680 0.0270115 0.2187475 -0.3154813 0.4924198 -0.2349870 0.1192406 -0.1003692 0.0379033 -0.3148975 -0.0014259 -0.0503032 -0.3378485 -0.1537523 -0.0024404 -0.2407653 0.2148090 0.2247504 0.6244207 0.6054327 0.5419337 -0.2349819 0.4857867 0.5871879 0.5167132 -0.2916931 -0.2047021 0.1654171 0.4503079 0.1850517 -0.0710278 0.0561010 0.5345565 0.2533971 0.3984037 0.4429289 0.5461221 0.5053142 0.5543005 0.1846631 -0.1721215 0.5659386 0.4673122 0.4532953 0.4484714 0.3942293 0.6208834 0.3641840 -0.0356628 0.5603533 0.2841475 0.0982208 0.4711903 0.4224884 0.5313238 0.5071335 0.3535703 0.3783866 0.5319846 0.2241791 0.4984767 0.2685136 0.4021097 0.2980657 0.5234660 0.3802218 0.3646402 0.3886334 0.2062028 -0.0336756 0.4437644 0.2410461 0.2100239 0.2238991 -0.0897527 0.3583133 -0.1889183 0.1009755 0.3530599 0.2834382 0.3051543 0.2661989 0.2566842 0.0370574 -0.1173418 -0.1509894 0.0991014 0.0684292 0.2898001 0.0859725 0.0518137 0.0569718 0.3417802 0.1931552 -0.2419861 0.4014317 -0.1435542 -0.0003833 -0.2985427 0.2368495 0.0047979 0.2767631 0.2895093 -0.0061871 -0.0884066 0.2813632 0.1473375 0.3708964 0.4501532 0.7176262 0.4546570 0.5433852 0.1680575 0.4972460 0.5313604 0.1738383 0.5906418 0.4373699 0.3163742 0.2017820 -0.3889449 0.2101036 -0.4431528 0.0704265 0.2283497 0.6086229 0.1433806 0.3834570 0.6531807 0.6217528 0.6276888 0.4660790 0.1198802 0.2917655 0.4491617 0.5037062 -0.2546979 0.7305050 0.6019134 0.5722077 -0.1327224 0.4061700 0.2399266 0.2441990 -0.4289160 0.6289047 0.4629280 0.2110350 0.3662895 -0.0976002 0.1403374 0.0426874 0.2052521
-0.1044454 0.0562421 0.0000000 0.4767103 0.7653035 0.4618654 0.3500720 0.2148633 -0.0523768 -0.0367519 0.0766361 0.2910022 0.4918729 -0.1144119 0.1780890 -0.6174952 -0.1679005 -0.0799273 -0.1661910 0.2016364 0.1463959 0.2741618 -0.5390519 0.3938125 -0.1180709 -0.2264514 -0.4466111 0.1304648 -0.0117287 0.1682524 0.2417132 0.0739375 0.3357321 0.2338809 -0.0902307 -0.3412752 -0.1594635 0.0477828 0.0858218 0.1519879 0.0990593 -0.5410394 -0.1084007 -0.1172748 -0.3967023 0.0572613 -0.2076780 0.0884800 -0.4478474 0.0742972 -0.2909130 0.0208307 -0.3762185 -0.1359148 -0.0532789 0.1386182 -0.2361691 -0.2211268 -0.2410850 -0.2599396 -0.6607327 -0.2278036 -0.3121213 -0.4061529 -0.6047532 -0.0491807 -0.5168347 -0.4660849 -0.3844197 -0.3248121 -0.2872980 -0.3815268 -0.5911786 -0.3631151 -0.4587729 -0.6166315 -0.4743779 -0.3546733 -0.5820167 -0.5592485 -0.4888333 -0.3332380 -0.1744199 -0.0040625 -0.0869293 0.1986068 -0.2659545 -0.0951436 -0.1330002 -0.1847891 -0.0109417 -0.0685097 -0.0571352 0.0074284 -0.1384743 -0.0185019 -0.0109036 -0.0613540 -0.0976857 -0.1047988 -0.1457081 -0.1679693 0.2794766 0.0079589 -0.0187910 0.0146559 0.1206959 -0.0588961 -0.1101928 0.1847796 0.0534262 0.0475403 0.2454610 0.1329351 0.0218998 0.1733343 0.2428224 -0.0201124 0.0578588 -0.0119607 0.0528548 0.3560492 -0.1572208 0.0461908 0.2091264 0.0961808 -0.0139625 -0.2311420 0.0004201 -0.1762784 -0.1483014 -0.0607276 -0.2031357 -0.0615755 -0.3359246 -0.2168220 -0.2558299 -0.1920991 -0.2510622 -0.5231226 -0.2748962 -0.2360818 -0.3293114 -0.1454166 -0.1189727 -0.1953366 -0.2519662 -0.2941192 -0.1883194 -0.3957782 -0.5911208 -0.0971161 -0.2258570 -0.3724446 -0.3576642 -0.2839802 -0.4114972 -0.1950878 -0.2765993 -0.5012011 -0.3888087 -0.2627061 -0.1603696 -0.3732051 -0.3518772 -0.1667906 -0.1143506 -0.0165283 -0.1768092 -0.1873251 -0.2367029 -0.2039793 -0.4324528 -0.1508407 -0.0815105 0.1143783 0.0080760 -0.0416826 -0.2982747 -0.3510502 -0.1120601 -0.0513969 -0.0778130 0.0480752 0.1763661 -0.4948966 0.2884405 0.0788837 -0.3052916 -0.5800436 0.0635669 -0.6368183 -0.5023097 -0.2023053 -0.0501772 -0.1546445 -0.0204230 -0.1688930 -0.6765036 0.0642975 -0.0072914 0.3962220 0.1057168 -0.0470861 0.3259149 -0.4340712 -0.0653941 -0.0995978 -0.0460060 -0.2542167 0.0830512 -0.2630822 -0.0296669 -0.0740762 -0.5531517 -0.3673352 -0.0505644 -0.0068957
-0.4680101 -0.1260017 0.4767103 0.0000000 0.2396467 0.6410805 -0.2957803 0.6192717 0.3602446 0.2033383 0.3619700 0.0844334 0.6545994 -0.1609523 0.7105184 -0.0676805 -0.1195261 0.1037412 0.2425510 0.6649884 0.1252361 0.5897092 -0.1551470 0.4658050 0.2195957 -0.1377388 -0.3713014 0.2805513 0.5138687 -0.0733753 0.6481220 0.2560562 0.4718808 0.5981659 0.0276045 0.2564176 -0.0731098 0.4014542 0.0190155 0.1611230 0.5423807 -0.0347195 0.0741089 -0.0813774 -0.0839627 0.2822566 0.0856303 0.4974924 -0.1376830 0.0580086 0.0459374 0.0690631 0.2930354 -0.0153509 0.3712333 0.2505389 -0.0251423 -0.1188097 -0.6327254 0.0024851 -0.5005057 0.0242033 -0.3843617 0.0425039 0.2117100 0.1062859 -0.1144221 -0.4277586 0.1922577 0.0848331 -0.0819408 0.1352769 -0.2714007 0.4564547 0.0315279 -0.0793222 0.0556557 -0.0994310 -0.0566203 -0.2674279 -0.1736013 -0.0994261 0.2780699 0.2382090 0.2059549 0.1549611 0.2536169 0.0699016 0.0994949 0.0286531 0.3675033 0.3144450 0.2611548 0.1155808 0.2242830 0.3919800 0.2936544 0.1124792 0.1033379 0.0168334 0.0862753 -0.1659208 0.2711470 0.0848596 0.3327799 0.4428612 0.1778561 0.1615417 0.2287245 0.3545253 0.3518546 0.1647725 0.0198921 0.0899989 0.3524526 0.2685842 0.3237591 0.2341497 0.3024810 0.1719286 0.1622192 0.5507358 -0.0993585 0.2267887 0.2865667 0.2971217 0.0591659 0.0259796 0.3427518 0.1208017 0.1187958 0.2583279 -0.0736591 0.1633034 0.2066954 -0.0032633 0.0740942 0.1771563 0.0121253 -0.2928549 0.0172312 -0.0114291 -0.1605671 -0.2427119 0.0849948 0.0509655 0.0439291 -0.0921670 0.0174384 -0.0897126 -0.2187733 0.0366554 0.0685660 0.0307987 -0.1179143 0.1037659 -0.3364969 0.0653714 -0.2913295 -0.1943070 -0.1029081 0.0656257 0.0928047 -0.0575518 -0.0664079 0.0949822 0.0406524 -0.3601741 -0.2233502 -0.0148431 -0.0497761 -0.2190084 -0.2610403 -0.3390862 -0.3514337 -0.2803768 -0.2463372 -0.6124099 -0.4735254 -0.5603762 -0.5157413 -0.4706696 -0.4598224 -0.3818281 -0.5650394 -0.1699903 -0.5268203 -0.2063220 -0.1349704 -0.4294815 0.0292601 -0.5324978 -0.6383991 -0.2121800 0.0650197 -0.0490000 -0.1658820 0.0039386 -0.6373457 0.2169441 -0.1263720 -0.0783877 -0.2656685 -0.3651650 -0.0691606 -0.1530887 -0.1343282 0.0726810 0.2665082 0.1116842 -0.1092904 -0.2954924 0.0114500 -0.1263329 -0.2577087 -0.4444254 -0.1297928 -0.0821047
0.0992239 0.0647325 0.7653035 0.2396467 0.0000000 0.3527210 0.5977847 0.2292600 -0.1284286 -0.1441846 -0.1055579 0.5236791 0.5204553 -0.2399980 0.0082833 -0.5862758 -0.2363891 -0.1415692 0.0057900 0.2238069 0.2814800 0.3057018 -0.6002937 0.2093397 -0.2274487 -0.2956632 -0.3562450 -0.1276873 -0.0689386 -0.0566238 0.3900710 0.1543836 0.1318127 0.0751451 -0.3111112 -0.2153887 -0.0103594 0.0403493 -0.2382379 -0.2077724 0.0704532 -0.4346747 -0.3566895 -0.4727774 -0.3788756 0.0607754 -0.2719841 0.0947372 -0.6111966 0.0044198 -0.4545210 -0.2474008 -0.3791045 -0.2085823 -0.0834945 -0.0360022 -0.1648244 -0.2165924 -0.1394146 -0.4499684 -0.5513399 -0.4199806 -0.0533539 -0.4553274 -0.6596343 -0.0621429 -0.6180994 -0.4038620 -0.2682299 -0.3622617 -0.4178327 -0.4981606 -0.5752696 -0.4496532 -0.4598666 -0.5078774 -0.5883528 -0.5124864 -0.6723505 -0.3673391 -0.7133033 -0.2149615 0.0312959 0.0689554 0.0156678 0.3708608 -0.2275627 -0.0687099 0.0721240 -0.0267103 0.2579778 0.2748943 0.1736991 -0.0208229 0.0336683 0.1334704 0.3277675 0.1869543 0.1546087 0.1397293 0.0243259 -0.0082140 0.4337041 0.0823943 0.1581631 0.1941126 0.2482597 0.1845105 0.0727247 0.1785546 0.2709742 0.1535251 0.3560128 0.2731750 0.0360442 0.3047399 0.2670367 0.1415409 0.1634801 0.2383963 0.2396632 0.4281423 0.1717876 0.1546146 0.3843568 0.1142371 0.1113773 0.0260874 0.1178667 0.0050964 -0.0071574 0.0926421 -0.0301531 -0.1362118 -0.1465271 0.0065241 -0.1322194 -0.1805634 -0.1495588 -0.4869175 -0.0280641 -0.2018165 -0.0603251 -0.1235988 -0.0136126 -0.0584586 -0.1651879 -0.1418389 0.0263487 -0.3110750 -0.5910355 -0.0266972 -0.2284879 -0.0971288 -0.1955219 -0.2853288 -0.3999086 -0.0443491 -0.1007688 -0.5141839 -0.1824020 -0.3065757 -0.1755630 -0.5386242 -0.2749636 -0.0825795 0.0085165 0.1843322 -0.1611128 -0.1893531 -0.0996951 -0.0820902 -0.3453658 0.1204319 0.2207509 0.4686992 0.3680862 0.2496645 0.0053367 -0.1322141 -0.0715374 0.0071485 -0.0762378 -0.0872121 0.1623457 -0.5097147 0.2929900 0.1224642 -0.1216860 -0.3352504 0.2989585 -0.2566863 -0.0663811 0.0565961 0.0895926 -0.0131863 0.0875083 -0.2382061 -0.4747799 0.1498353 0.1352963 0.3647368 0.3155158 0.1351197 0.6706612 -0.5098452 0.1429173 -0.0439868 0.0739329 -0.0325719 0.3039769 -0.0817346 0.1568039 0.1209131 -0.7277922 -0.3309551 -0.2048723 -0.2292624
0.0982891 0.4024223 0.4618654 0.6410805 0.3527210 0.0000000 0.1104837 0.5840723 0.5233956 0.4819546 0.5826797 0.3733982 0.6589008 0.0579902 0.4180862 0.0416888 0.3309054 -0.0107628 0.1821562 0.3649599 0.3126077 0.4354341 0.1505999 -0.0338143 -0.1540746 0.0291910 -0.4192876 -0.0010761 0.4697962 -0.1590212 0.4644443 -0.0442812 0.0541155 0.2186282 0.0019465 0.2500867 -0.1344227 0.1119045 0.0305355 0.0989497 0.3185275 0.1457377 -0.1569474 -0.0808163 0.2997537 0.0600676 -0.2689250 0.2059156 0.0670765 -0.1836605 -0.2336242 -0.0331900 0.5225887 0.2723820 0.1176805 -0.1011803 -0.2064993 0.3153718 -0.0859199 -0.2536236 -0.1869914 -0.0992268 -0.5500252 0.3562597 0.1023256 -0.1658769 -0.2864712 -0.3508885 -0.0398695 0.3398889 -0.2442262 0.2740281 -0.4216321 0.4240421 0.0041851 -0.1857034 0.0075055 -0.3136921 -0.2729703 -0.2136968 -0.4151699 0.2498688 0.5041178 0.6129217 0.5533966 0.5145552 0.0455052 0.5422939 0.5119576 0.3839876 0.2571634 0.3241822 0.4241404 0.4784775 0.2828903 0.3388534 0.3953976 0.3472848 0.3173149 0.4128580 0.3985399 0.0508584 0.6235397 0.4928249 0.3467320 0.4827124 0.5443766 0.5936204 0.4443440 0.5945717 0.5592472 0.5390402 0.6322959 0.4204334 0.5880561 0.6393602 0.6597472 0.4622878 0.5497417 0.3936548 0.5525287 0.7373271 0.1969974 0.5481680 0.2811477 0.5295157 0.5550930 0.2422659 0.3648412 0.4742198 0.2499791 0.2377088 0.2490721 0.2547953 -0.0780780 0.3086112 0.0088556 0.1636214 0.0272825 -0.4572444 0.1787484 -0.2180765 0.1587765 0.0117235 0.1473809 -0.0076527 0.0956422 0.0039279 0.1606823 -0.2249476 -0.3663843 0.1026162 0.0750658 0.1589688 0.1358242 0.0042913 -0.1700491 0.1309768 0.0219009 -0.3477066 0.2548537 -0.0129538 0.0907638 -0.2179536 0.1627554 0.0926859 0.2620655 0.0681331 0.0423819 0.0691218 0.1711027 0.0404097 -0.1749922 -0.1256957 0.0753419 0.1580267 0.1887581 -0.1350426 -0.1491647 -0.0573565 -0.0956736 0.1157773 0.0790514 0.0914222 -0.1801087 -0.2916954 -0.1637984 -0.2759112 0.0680160 -0.1957292 0.2928518 -0.3531175 -0.1889484 -0.0023863 0.3965017 0.1953789 0.0634862 -0.0743230 -0.4413889 0.3440324 0.0971136 -0.2259543 0.0870644 -0.0403583 0.2243551 -0.4137614 -0.0475877 0.1477196 0.3629614 -0.3080444 0.0841209 -0.1855407 -0.0072856 -0.0355936 -0.4121050 -0.2551472 -0.5011592 -0.2973829
0.4070385 0.4635380 0.3500720 -0.2957803 0.5977847 0.1104837 0.0000000 0.0034968 -0.4744819 -0.3753194 -0.2865512 0.4962539 -0.0290810 -0.3442430 -0.4835497 -0.2237949 -0.1913480 -0.6483735 -0.0979570 -0.3562231 0.1771796 -0.2391926 -0.1583172 -0.0553399 -0.4271386 0.1512950 -0.0134326 -0.1943515 -0.3534769 0.1455469 -0.0233112 -0.1067891 -0.0100893 -0.1496822 -0.0027105 -0.1529966 0.2624901 -0.0508362 0.0806686 -0.0049069 -0.1420461 -0.2369890 0.0352223 0.0554593 -0.1399361 0.0809553 -0.0855126 -0.1238363 -0.1109067 -0.0301947 -0.1198378 0.1404172 -0.3191150 -0.1286113 -0.1055288 -0.1677252 -0.1778882 -0.1019540 0.3797267 -0.0662742 -0.2154333 0.0316900 -0.1884496 -0.3470886 -0.6233375 -0.2197243 -0.2259153 0.2463559 -0.5114398 -0.0564010 -0.2283586 -0.4044649 -0.2131262 -0.4873645 -0.6070786 -0.1300120 -0.2384135 -0.2111302 -0.3205631 0.1587436 -0.3252762 0.0189587 0.0089443 0.0327739 0.0199365 0.4177897 -0.1239580 -0.0758016 0.0662899 -0.1166208 0.1317361 0.0267863 0.3704940 -0.2285230 -0.2876659 -0.0425701 0.2625478 0.5116228 -0.1547183 -0.0281492 -0.1139505 0.3091328 0.2960965 -0.0303668 0.1563096 -0.1877348 0.1827986 0.1809414 0.1095542 -0.0052183 0.0096873 0.1071589 0.2129161 0.1131402 -0.0108677 -0.0110533 0.0402306 0.0145565 -0.0412157 0.1252919 0.1764050 0.2182687 0.0813209 -0.0384398 0.0462821 -0.0143273 0.0620737 -0.1058662 -0.1525240 -0.0218949 -0.1753058 -0.0803275 0.0345906 -0.3812930 -0.3723744 -0.1644580 -0.2436835 -0.3714817 -0.3181958 -0.5213539 -0.1978668 -0.5109482 -0.2120680 -0.2124624 -0.2314538 -0.1742393 -0.2711160 -0.2201220 -0.2096695 -0.5031577 -0.6668861 -0.3768161 -0.4518395 -0.2041217 -0.1457436 -0.5767822 -0.4614270 -0.2035177 -0.2406887 -0.7438768 -0.1168144 -0.6242472 -0.5683101 -0.7697620 -0.2724475 -0.4419993 -0.2578043 0.2538287 -0.2643611 -0.4954861 -0.1742392 -0.1495106 0.0419377 0.5859171 0.7158755 0.8133947 0.5742463 0.5332604 0.2193775 0.2322681 0.2286543 0.4379314 0.3920865 0.3354548 0.5898933 -0.4533796 0.6199505 0.0015697 0.3046920 0.1267724 0.2632145 0.2522608 0.4460530 0.3140168 0.1818669 0.1332522 0.0199650 0.2115493 0.1496120 -0.0313948 0.2996172 -0.0480541 0.4022373 0.2505340 0.6902130 -0.1551796 0.0503120 0.0717028 0.0855061 -0.2510522 0.2757052 0.1872200 0.3711671 0.0052220 -0.3775964 0.2832756 -0.0402266 -0.2706187
0.0582603 0.2784049 0.2148633 0.6192717 0.2292600 0.5840723 0.0034968 0.0000000 0.3167280 0.3946023 0.5481639 0.5402202 0.8313249 0.0001188 0.3523156 0.1998388 0.3545173 -0.1629085 0.7121967 0.1659448 0.6446431 0.7728898 0.2046987 -0.1444049 0.0461508 -0.0480731 -0.3306861 -0.0965890 0.6391832 -0.0760399 0.5611984 -0.1366293 -0.1887735 -0.0567825 0.0423125 0.6633341 0.0906363 0.5595298 0.1188118 0.2291446 0.6777458 0.4230339 0.0529408 -0.1246450 0.5157351 0.3581794 0.0297865 0.5534195 -0.3415387 -0.0529870 -0.0868252 0.1922205 0.3162328 0.4637271 0.5189763 0.1130495 0.0925031 0.4138633 -0.3892991 0.0622259 0.0309437 0.2315499 -0.4241411 0.4622607 0.2500702 -0.1617835 -0.0151526 -0.2238183 0.2482783 0.6030768 -0.2467847 0.3857304 -0.1645140 0.5036203 0.1003211 0.1868594 0.2064188 -0.2248051 0.0223997 0.0387858 -0.3158745 0.2258169 0.4996099 0.5723010 0.6721046 0.6411723 0.0212112 0.3754648 0.6339540 0.5076116 0.3489631 0.4841712 0.4651932 0.2915534 0.5311293 0.6514676 0.5835887 0.6449784 0.4941579 0.3204590 0.4029291 0.2334135 0.5915670 0.2673278 0.8047413 0.5301658 0.5373223 0.5629418 0.7186487 0.4464877 0.8259293 0.6777193 0.2753935 0.0943848 0.6542824 0.4157229 0.3116267 0.4479692 0.3769290 0.5409019 0.4703707 0.7643825 0.5498626 0.5429602 0.4396891 0.5584300 0.3319432 0.5800953 0.6404885 0.6051433 0.4733498 0.6481480 0.2915731 0.5285573 0.3193345 0.4404954 0.4796740 0.3926714 0.2719689 0.0878106 0.4482361 0.1815166 0.1464346 0.2340423 0.4141618 0.4814109 0.4130236 0.3257704 0.0857349 0.1657131 0.0817309 0.3001766 0.3611263 0.4630014 0.3451152 0.2454084 0.0032141 0.4708643 0.0252297 -0.0408041 0.4684941 0.2010496 0.2539878 0.0415678 0.4089340 0.3252774 0.3065497 -0.1386233 -0.0834221 0.1411091 0.3720384 0.0375426 0.3371591 0.2690101 0.2049468 0.1905596 0.4339462 -0.1316217 0.2496204 0.0257916 -0.2766994 -0.0962629 -0.3050630 -0.3943851 -0.4821209 -0.4610774 -0.5598747 -0.7640056 0.1555498 0.0488670 0.5358920 0.0277757 -0.0001917 0.4301762 0.5846795 0.5033002 0.3177295 -0.0864436 -0.0935002 0.5189445 0.4113280 -0.3617879 0.2321969 0.2446882 0.3124595 -0.3459247 0.3355823 0.3057424 0.6214360 -0.0382207 0.3994843 0.3809392 -0.0920517 0.3661999 -0.0345944 -0.4595661 -0.3067562 -0.3338755
-0.0291656 -0.0297348 -0.0523768 0.3602446 -0.1284286 0.5233956 -0.4744819 0.3167280 0.0000000 0.8772379 0.7447864 -0.0414171 0.5062343 0.7100735 0.6532877 0.3166018 0.5147671 0.7053667 0.4448354 0.2278274 0.1135148 0.2885007 0.3514000 -0.1329152 0.4104785 0.1412381 -0.0326803 0.2395525 0.4251326 -0.0657515 0.1855455 0.2512269 -0.2218447 -0.0175192 0.0539150 0.2079295 -0.0286946 0.2550238 -0.0298528 0.1058739 0.3069487 0.2676907 -0.3645485 -0.1376229 0.4196078 0.1470965 -0.0448484 0.3163278 0.1599162 -0.1587771 -0.1159813 -0.2527197 0.6674866 0.4707735 0.1834709 0.0852119 0.3992385 0.4513879 -0.1268221 -0.1122319 0.2155118 -0.3266533 0.0993551 0.6636602 0.5841229 0.3673638 0.0496089 -0.5415913 0.5020892 0.2800521 0.2608130 0.7010736 0.0118075 0.5510302 0.7070715 0.0818304 0.2874370 0.1804999 0.1162416 -0.1261471 0.0738619 0.3402241 0.5007429 0.4100896 0.4687191 0.1920539 -0.0304462 0.4438513 0.3783074 0.4239776 0.0368672 0.3019380 0.3031782 0.4673468 0.4713839 0.0976717 0.2328409 0.0684663 0.5783323 0.3960291 0.3656072 0.0436815 0.3475401 0.2761071 0.1275436 0.6264017 0.3818686 0.3887931 0.3413565 0.4910214 0.4370652 0.4646764 0.4933372 0.3800087 0.4925967 0.6269252 0.3981576 0.3158644 0.4639297 0.0877553 0.1356425 0.2038823 0.1798899 0.4251722 0.0819546 0.1346813 0.3299147 0.2891239 0.2365462 0.4017518 0.2084866 0.2594763 0.2126681 0.4021026 0.3367518 0.3326713 0.1272066 0.1695929 0.1045595 0.0951318 0.2734803 0.0423226 0.4596677 0.1922020 0.1353623 -0.0224855 0.1328186 0.0894584 0.3785977 0.0028639 0.2456900 0.2820819 0.2229711 0.2136951 0.3200987 0.3192722 0.1546786 0.1342160 0.3235343 0.3574196 0.2505628 0.2473687 0.3262475 0.2884296 0.1806692 0.3475336 0.3281835 0.0592465 0.2460188 0.3529942 0.1994959 0.1895435 -0.1580520 -0.3799607 -0.3804934 -0.4322232 -0.1365243 -0.1486587 0.0122238 0.0794424 0.0096030 0.0036814 -0.0471705 -0.0777165 -0.3243252 0.1480731 -0.3250204 -0.1368149 -0.3239740 -0.2664213 -0.0511461 -0.1874390 -0.3033675 -0.2395026 0.0209029 -0.1110578 -0.0591130 -0.3900667 -0.1874729 0.0211576 -0.0750473 -0.0138541 -0.0896100 -0.1915782 -0.1841931 0.0638353 0.0319793 0.1663680 -0.0120561 0.1835634 -0.0638903 -0.3027100 -0.2234017 0.2670015 0.1948643 -0.2234789 -0.6091368 -0.1656066
0.2981614 0.1782973 -0.0367519 0.2033383 -0.1441846 0.4819546 -0.3753194 0.3946023 0.8772379 0.0000000 0.8994862 0.0751641 0.5522462 0.7814315 0.4183883 0.4304688 0.7685828 0.5897113 0.4621172 0.0220245 0.2603851 0.2701780 0.5810412 -0.3774731 0.2794954 0.2088109 -0.0596362 0.1153568 0.4060414 -0.0399013 0.0587559 0.0257381 -0.4501711 -0.3073256 0.1570548 0.2190356 0.0244176 0.2594703 0.1440493 0.3029763 0.2728175 0.2745859 -0.2537052 -0.0602788 0.5376609 0.1521132 -0.0535678 0.2525163 0.0546080 -0.0808345 -0.1129346 -0.0537690 0.5788738 0.6667255 0.2043687 0.1078805 0.4002890 0.6878188 -0.0530848 -0.0213042 0.2700418 -0.2468070 -0.0209125 0.7916060 0.4561138 0.1003422 0.0353946 -0.4343323 0.3186112 0.4903630 0.1215485 0.7689265 -0.0161945 0.4891539 0.6039552 0.0532010 0.3145037 0.0497271 0.0655838 -0.0990933 0.0078826 0.4057716 0.4136083 0.4266465 0.5049272 0.3020081 -0.2697845 0.5489112 0.5231386 0.5313892 -0.1822824 0.1121284 0.1777305 0.4956541 0.4763293 0.0815002 0.1127230 0.1333507 0.6614961 0.3933065 0.4095837 0.0800990 0.3597069 0.2956485 0.0936116 0.5294566 0.4375718 0.3561995 0.3257075 0.4135595 0.4958310 0.5574821 0.5152073 0.2724165 0.4548819 0.5172664 0.3164711 0.2130095 0.3132594 0.0678238 0.1301506 0.1299188 0.2986298 0.4353103 -0.0472002 0.1515298 0.3665439 0.3541741 0.2052097 0.4173670 0.2101083 0.2738397 0.2310769 0.4535544 0.2278189 0.3818269 0.1066110 0.1332804 0.0885868 0.1678475 0.2805787 0.0018392 0.4470479 0.3885952 0.1486133 0.0510216 0.1481793 0.1260340 0.2406412 0.0143099 0.3012807 0.2861634 0.2209586 0.2036346 0.3503274 0.3231847 0.3363222 0.1607260 0.4293989 0.3751943 0.3078563 0.2258552 0.3990940 0.3824327 0.2718551 0.3370554 0.3526496 0.1034742 0.3573501 0.3382137 0.2430644 0.2396429 0.1558774 -0.1981280 -0.1971959 -0.2756660 0.0898070 0.0977074 0.2734569 0.3388582 0.2190156 0.1903182 0.0608299 0.0182921 -0.2190531 -0.0556859 -0.2525171 -0.3633644 -0.2441805 -0.0492129 0.0226062 -0.0309039 -0.0602210 -0.0496330 0.1331927 0.0962817 0.1070178 -0.4216691 0.0046727 0.0401722 0.1980322 0.0605517 0.1519983 0.0722737 -0.0597017 -0.0863932 0.0713190 0.2444524 0.2401170 0.1003486 0.1229503 -0.0411332 -0.3407394 0.4339046 0.3312197 -0.1942433 -0.4932506 -0.0687665
0.2419227 0.1742751 0.0766361 0.3619700 -0.1055579 0.5826797 -0.2865512 0.5481639 0.7447864 0.8994862 0.0000000 0.2362139 0.6320360 0.6724835 0.4904809 0.4944337 0.7531711 0.4341442 0.4130915 0.0661943 0.3487402 0.3478644 0.6178598 -0.2273699 0.3429522 0.4050285 0.0915801 0.2567773 0.4555830 0.0973421 0.2074484 0.1033757 -0.2616877 -0.1277358 0.4389305 0.2817267 0.1962983 0.4161774 0.4224739 0.5542867 0.4629872 0.2441880 0.0697353 0.1493421 0.5573417 0.3614812 0.1854044 0.4170784 0.1028939 0.1200682 0.1614072 0.2708005 0.6263430 0.7504610 0.4402735 0.3315681 0.4436767 0.7072627 -0.1295515 0.2353073 0.1864938 0.0308338 -0.2105573 0.7693248 0.4413750 0.0365253 0.1972355 -0.2268849 0.3359104 0.6788600 0.1554371 0.8073769 0.0745485 0.6395434 0.5127409 0.2176356 0.5108907 0.1267174 0.2083158 0.0264456 0.0556559 0.4583178 0.4254875 0.4341763 0.4751092 0.3610472 -0.2989404 0.4064398 0.4547319 0.3729704 -0.0909656 0.0902977 0.2381355 0.3311557 0.2738062 0.1828525 0.1731205 0.2340483 0.4446121 0.2277562 0.2648306 0.0762795 0.4148680 0.1370277 0.2217127 0.4599243 0.3516275 0.3869802 0.3306293 0.3201613 0.4534024 0.5312650 0.4387506 0.1324675 0.4183564 0.3535680 0.2469854 0.1510261 0.1639668 0.0457511 0.1545811 0.2222285 0.2072990 0.3614884 -0.1792951 0.2295029 0.4717804 0.2531352 0.1548590 0.3792700 0.1112016 0.1499750 0.1872766 0.4299079 -0.0061680 0.2634941 0.0339929 0.0704943 -0.0936641 0.0551821 0.0950986 -0.0764322 0.2131485 0.2333380 0.0379848 0.0141560 0.0081966 -0.0587172 -0.0030653 -0.0799212 0.1461685 0.1168456 0.1443148 0.0924852 0.2987214 0.1694983 0.1716149 0.0350757 0.1638727 0.2030532 0.2529805 0.1657410 0.2812207 0.2990057 0.2661176 0.1557854 0.1799182 -0.1709526 0.1468916 0.1887109 0.1104339 0.0231174 0.2331542 -0.1110465 -0.1182743 -0.1037380 0.1996628 0.0735384 0.1646827 0.1736551 0.1451859 0.0337516 -0.1170858 -0.1053615 -0.3009791 -0.0980246 -0.3396808 -0.4411767 0.0424339 0.0638125 0.0256489 0.0147187 -0.0250316 -0.0264662 0.2504106 0.2160616 0.0640952 -0.2007254 -0.0005406 0.0510325 0.3033286 -0.0128488 0.0158669 0.0664839 -0.0570576 -0.1335326 -0.0651912 0.3833121 0.3742712 0.0844262 0.0169982 0.0575987 -0.3955331 0.2629634 0.3536482 -0.2271455 -0.4242957 -0.1873691
0.2970459 0.4009567 0.2910022 0.0844334 0.5236791 0.3733982 0.4962539 0.5402202 -0.0414171 0.0751641 0.2362139 0.0000000 0.5150603 -0.0097004 0.0469734 -0.0616043 0.3270218 -0.3573637 0.2782860 0.1295183 0.8898844 0.5619453 0.0564256 -0.1297476 -0.1008712 0.0693244 -0.0901630 -0.1801640 0.4840122 0.2087414 0.5725578 -0.1231679 -0.2030501 -0.1416148 0.0111900 0.3831664 0.1759110 0.2642310 0.1798731 0.0566539 0.4602332 0.1801539 0.0379024 -0.1747870 0.3033996 0.1992237 -0.1458396 0.3114174 -0.3274904 0.0412804 -0.2175017 0.1111605 0.0540270 0.1469571 0.2460787 0.0206624 -0.1195883 0.1433480 -0.1881044 -0.1903324 0.0428464 0.0214903 -0.0528113 0.0806751 -0.1995923 -0.4497809 -0.2037894 0.0731426 0.0741554 0.3432056 -0.5165746 0.0435563 -0.2036301 0.0740894 -0.3009312 0.0304084 -0.1328331 -0.5060921 -0.3282859 -0.1254623 -0.6454792 0.1147139 0.2645576 0.4652653 0.4563310 0.5609257 -0.5273169 0.2611049 0.4625035 0.3723846 0.1066883 0.2029903 0.2936915 0.2333525 0.2799161 0.3595872 0.5381530 0.5376249 0.3903045 0.3869382 0.4019624 0.3408704 0.6795551 0.3187856 0.5341160 0.1268037 0.4349951 0.5632727 0.4232935 0.3194088 0.5296937 0.5652443 0.5351386 0.1384980 0.4582469 0.4131559 0.1648363 0.4322156 0.2528887 0.5511844 0.4144129 0.4974664 0.5866453 0.4521035 0.3894685 0.5395109 0.4884908 0.5323624 0.4552011 0.4157749 0.3350019 0.4374347 0.2161337 0.4253641 -0.0989145 0.4265522 0.3124471 0.2624834 0.1581385 0.0093956 0.3506115 0.1391397 0.1979944 0.3558712 0.3781157 0.4191207 0.2300443 0.1568738 0.0734752 0.0797254 -0.1628012 0.3009735 0.2530098 0.4348107 0.0663583 0.0474573 0.0587379 0.4142080 0.1510895 -0.1999437 0.4259353 0.1148426 0.1917195 -0.1299479 0.3961724 0.2507846 0.4131987 0.2251417 0.0516670 0.1753263 0.4289610 0.2285275 0.3313153 0.5699821 0.6188068 0.6247778 0.8822730 0.2060649 0.4797907 0.1294065 -0.2119437 0.0294857 -0.2599269 -0.3816805 -0.2008627 -0.4680148 -0.1611934 -0.4758326 0.1911139 0.0760992 0.6967374 0.1118705 0.3765246 0.6234778 0.6887041 0.6311798 0.5971391 -0.0995636 -0.0412208 0.5709860 0.3143711 -0.1977526 0.4376550 0.5851036 0.6219891 -0.5518532 0.4969309 0.2015404 0.1788319 -0.2535565 0.5335408 0.5907597 -0.1580500 0.3204390 -0.3874150 -0.5359280 -0.0946429 -0.2079280
0.0696716 0.1567503 0.4918729 0.6545994 0.5204553 0.6589008 -0.0290810 0.8313249 0.5062343 0.5522462 0.6320360 0.5150603 0.0000000 0.2294613 0.4675129 -0.0560990 0.3890380 0.1946037 0.5792194 0.3315165 0.5967171 0.7902293 -0.0027347 -0.0738377 0.1709740 -0.1565286 -0.3559857 -0.0274748 0.5484468 -0.1049374 0.6235728 0.0949084 -0.1794045 -0.0611024 -0.0683410 0.3967546 -0.0371414 0.4384978 -0.0018682 0.1401210 0.6166168 0.1506310 -0.2465707 -0.3698097 0.2842701 0.2474497 -0.1166144 0.5281479 -0.5434429 -0.0859757 -0.2795128 -0.0699171 0.2141913 0.4283215 0.3331990 0.1235932 0.1900105 0.3828890 -0.4159253 -0.1605767 -0.1631292 -0.1878933 -0.2219652 0.3602608 0.0930220 0.0464695 -0.2102199 -0.5636449 0.2779769 0.3345404 -0.1845919 0.3196790 -0.3309403 0.3208609 0.1698743 -0.1103981 -0.0133790 -0.3079046 -0.2247638 -0.2488250 -0.4737577 0.1131393 0.4394084 0.5264829 0.5682598 0.6184431 -0.2097269 0.3314487 0.5541038 0.4657560 0.2136592 0.4225869 0.3125520 0.3767680 0.5004413 0.4365168 0.5073008 0.4085903 0.5973121 0.4037197 0.3969151 0.1724288 0.6932876 0.2892095 0.5561441 0.6101996 0.5702776 0.5295697 0.5721403 0.5156557 0.7581672 0.6736620 0.4721989 0.2518329 0.5753661 0.5621155 0.3824313 0.4493977 0.4339577 0.4630333 0.4276662 0.6626072 0.4524719 0.5818690 0.4404978 0.4763182 0.3600314 0.4854929 0.5486461 0.5202594 0.3921439 0.5077415 0.2596902 0.4853544 0.2350690 0.4227581 0.3348402 0.2726149 0.1693883 -0.0164780 0.3634834 0.1133076 0.2098150 0.2149268 0.3397516 0.2749068 0.2326119 0.1833270 0.2012148 0.0095118 -0.0244752 0.3237722 0.2466597 0.3066693 0.2235665 0.1808642 -0.0708739 0.3080184 0.1227819 0.0023805 0.2640320 0.1750391 0.2756902 -0.0109533 0.2137497 0.3059706 0.3400825 -0.0623908 -0.0199642 0.1883062 0.2396405 0.0605560 -0.0248306 0.0036916 0.0200817 0.0947537 0.3486300 -0.0965043 0.1642522 -0.0501351 -0.2493943 -0.1317980 -0.3228846 -0.3807611 -0.4129191 -0.4735559 -0.3899671 -0.4712168 -0.1602670 -0.2358533 0.4374263 -0.1936591 -0.2016733 0.1795406 0.4135707 0.3131200 0.2502150 -0.3056402 -0.3583090 0.4168125 0.3920502 0.1009520 0.2476818 0.2160698 0.4330382 -0.4326289 0.2998337 0.3169659 0.4353151 0.1007069 0.3567224 0.1484777 -0.1308829 0.4715866 -0.1965970 -0.6140651 -0.4319248 -0.2415959
0.2824428 -0.0061272 -0.1144119 -0.1609523 -0.2399980 0.0579902 -0.3442430 0.0001188 0.7100735 0.7814315 0.6724835 -0.0097004 0.2294613 0.0000000 0.2805053 0.3352611 0.6795775 0.7209475 0.3025710 -0.2379574 0.1536735 0.0601816 0.4409932 -0.2803245 0.5882686 0.3974180 0.3424979 0.3292431 0.0665983 0.3619409 -0.1563295 0.2640622 -0.4464421 -0.4122260 0.3587989 -0.0901868 0.1187522 0.2630787 0.3035860 0.3943166 0.2371805 0.0603233 -0.1406280 0.1438167 0.3663439 0.1870854 0.1198965 0.2892934 0.1143548 0.0789564 0.0606255 0.0070302 0.2592972 0.6516345 0.2086925 0.2999517 0.5552935 0.5812372 0.0520332 0.1100778 0.3729888 -0.1813726 0.3793044 0.6120430 0.3444712 0.3540674 0.2414409 -0.2162682 0.3619363 0.3108162 0.4083921 0.6416671 0.2574165 0.2098003 0.7086619 0.1519525 0.3026557 0.3522217 0.2074958 -0.1296378 0.2429802 0.3572764 0.1713503 0.1721705 0.2308352 0.0575365 -0.4562046 0.1684695 0.1502322 0.2020583 -0.4010184 -0.0907060 -0.0803629 0.2182480 0.1340029 -0.2356551 -0.1389176 -0.1312290 0.3465091 0.1151968 0.0526342 0.0394699 0.1390664 -0.0377877 -0.1208487 0.1928067 0.0838707 0.1316080 0.0860592 0.0997022 0.0861882 0.3100789 0.3458709 0.0263422 0.1626969 0.2884184 0.0116516 -0.0105058 0.0618119 -0.1594506 -0.0956476 -0.2512017 0.1166977 0.2132664 -0.2709952 -0.0716937 0.2797712 0.1626664 -0.0927207 0.1985695 0.0324072 -0.0227267 0.1396504 0.3655959 -0.0077723 0.2312200 0.0452191 -0.0289304 -0.0253720 0.3388306 0.1027636 0.1009300 0.2516788 0.4180705 -0.0039264 -0.0022726 -0.0438884 -0.0060522 0.0329994 0.0457455 0.3607070 0.2470648 0.1295171 0.0210240 0.2766358 0.2966729 0.3156031 -0.0105742 0.2856739 0.4921165 0.1588054 0.2097386 0.3262207 0.4187149 0.1524628 0.2588164 0.1827192 -0.0280152 0.1957280 0.2764624 0.0644921 0.1025881 0.0672789 -0.2518236 -0.2848938 -0.3065501 0.0451571 0.1984921 0.2584560 0.2370126 0.3177265 0.0483581 -0.0361056 -0.0411372 0.0016510 0.2023841 0.0285424 -0.0280996 -0.3384703 -0.1643507 -0.1116741 -0.0236807 -0.0582320 -0.1610517 -0.0123007 -0.0449176 0.1187793 -0.3360415 0.0989373 -0.1288602 0.1151433 0.3112764 0.0496161 0.1547398 -0.1985078 0.0983175 0.1381661 0.2032541 -0.2273212 0.1396561 0.0180396 0.0180944 -0.5422171 0.3376004 0.4975257 -0.1247763 -0.3991358 -0.0054699
-0.5805623 -0.4453032 0.1780890 0.7105184 0.0082833 0.4180862 -0.4835497 0.3523156 0.6532877 0.4183883 0.4904809 0.0469734 0.4675129 0.2805053 0.0000000 0.0564307 -0.0264619 0.5413124 0.2192681 0.5403684 0.0729070 0.4079490 -0.0335007 0.5594055 0.5001731 0.0728158 0.0396637 0.6345445 0.4975755 0.0750507 0.4646780 0.4843459 0.4729103 0.6229931 0.2124895 0.1571819 0.1169804 0.5107058 0.2227073 0.2691955 0.5037191 -0.0275675 0.0916339 0.0559400 0.0151689 0.4471170 0.3333000 0.5708100 0.1588525 0.3070935 0.2291031 0.0854535 0.5270036 0.0583123 0.4906829 0.5023600 0.3182351 -0.0792961 -0.4795175 0.1168946 -0.2105428 -0.1084523 0.0267622 0.1235426 0.3649580 0.3567135 0.0049418 -0.4860169 0.4583139 0.0052201 0.1376722 0.3994059 -0.1355534 0.4878876 0.4124094 0.0161181 0.2389659 0.1824856 0.0542553 -0.2442715 0.0363965 -0.1319185 0.1555028 -0.0268827 0.0078000 -0.1465845 0.0503727 0.0000411 -0.0973236 -0.0659199 0.2427326 0.2560691 0.2707824 0.0246261 0.1909720 0.1417740 0.2872636 -0.0774617 0.2125140 -0.0433433 0.0173498 -0.1548418 0.0866982 -0.0987303 0.1496587 0.4366982 -0.0428744 0.0401564 0.0377699 0.1628003 0.1437449 0.0376191 0.1178434 0.2043289 0.2014947 0.2845868 0.1746144 0.0207226 0.0831078 -0.1606624 -0.2049993 0.2119864 -0.1924740 -0.0062883 0.0025329 -0.0295654 0.0317886 -0.0458774 0.0913697 -0.0455631 -0.1426693 0.0927755 -0.3011810 0.2027691 0.1807888 -0.0975898 -0.0599625 0.0163963 -0.1489650 -0.0678164 -0.0644148 0.0305578 0.0118732 -0.1601935 -0.0877926 -0.1262912 -0.1317349 -0.2589941 0.1003193 -0.0843632 0.0067336 0.0450105 0.0702397 -0.0140264 -0.1667055 0.1097741 -0.1605757 -0.0672618 -0.1773023 0.0884954 -0.1194073 0.1860877 0.1240117 0.2249368 -0.0468108 0.1537522 0.0514587 -0.2930521 -0.0627767 0.1748122 -0.0563951 -0.1111368 -0.2327018 -0.3252262 -0.4846460 -0.4129683 -0.2852203 -0.5274010 -0.4656816 -0.5921372 -0.5200125 -0.5708445 -0.5255555 -0.4641940 -0.5201342 0.0064240 -0.5392862 -0.1110064 -0.2058025 -0.4846386 -0.2778340 -0.4038386 -0.5469026 -0.4526100 -0.2046064 -0.3331014 -0.2972339 -0.0536606 -0.5608835 -0.0889004 -0.3096354 -0.0297934 -0.5408828 -0.5247215 -0.3215692 0.0167505 -0.2244530 0.2071964 -0.0618413 0.2842654 -0.3208376 -0.4282455 -0.1735733 -0.1148337 0.0113849 -0.4689100 -0.2666761 -0.1546024
0.3045150 0.2308204 -0.6174952 -0.0676805 -0.5862758 0.0416888 -0.2237949 0.1998388 0.3166018 0.4304688 0.4944337 -0.0616043 -0.0560990 0.3352611 0.0564307 0.0000000 0.4034191 0.0577064 0.4695395 -0.1320540 0.0152890 -0.1043125 0.8601339 -0.2544902 0.3230960 0.6914005 0.4095083 0.1353878 0.1402931 0.2295810 0.0274877 0.1348810 -0.2433460 -0.1204274 0.5700206 0.2520512 0.4411660 0.4157486 0.3417795 0.4245505 0.3278185 0.3251677 0.4105115 0.4074548 0.4652226 0.3977022 0.4421827 0.3186834 0.5391359 0.1576970 0.5491602 0.4211251 0.5711572 0.4651706 0.4951583 0.2384662 0.3900800 0.4558001 -0.0749178 0.5578379 0.3444733 0.4870643 0.1061231 0.6629254 0.6584056 0.0218392 0.6281777 0.5024369 0.2795794 0.7226363 0.3063892 0.6051571 0.6098634 0.6251854 0.4164023 0.7549151 0.6887332 0.4538060 0.6567224 0.5192226 0.5308417 0.6062452 0.3663990 0.2158821 0.2888217 0.0053410 0.1037084 0.0504833 0.2258747 0.1371044 0.0563149 0.0502175 0.3277876 -0.1060367 0.1129238 0.0894420 -0.0095985 0.3071914 0.1054121 -0.0832138 0.0143237 0.0890925 -0.0746080 -0.1506415 0.0982104 0.0830136 -0.0231424 0.1488593 0.1590103 -0.0404912 0.1817211 0.1427959 -0.1620964 -0.3192351 0.1485186 -0.0972351 -0.1893844 -0.0549246 -0.0426171 -0.0732323 -0.0525820 -0.1182210 0.1272716 0.0227031 -0.4378564 -0.0740298 0.1680628 0.1111936 -0.1026093 0.1922998 -0.0121065 0.0988541 0.0861954 0.0119954 0.2142204 0.1265076 -0.0321577 -0.0605158 -0.1249330 0.1212693 0.0379145 -0.1347721 0.0571966 0.0515384 -0.1407504 0.1833128 -0.0181856 -0.0825256 -0.2678795 0.0534358 0.2233684 -0.1464718 -0.0179373 0.1174323 0.2636653 0.2686353 0.1893979 0.0562818 -0.0360505 0.1941040 0.2540262 -0.0504253 0.0994264 0.2341346 0.1680312 0.0115197 -0.1051905 -0.3492761 -0.1404720 -0.1449457 -0.0454375 -0.2337353 0.6401649 0.1582766 0.0833263 -0.0373040 0.1321915 0.2055979 0.3114432 0.3861874 0.3621073 0.0738149 -0.0962034 -0.1395332 -0.2764067 0.3321408 -0.3038468 -0.2927962 0.3985285 0.5291461 -0.0834304 0.4829960 0.4063803 0.2287895 0.1458629 0.2392652 -0.0317814 0.1043579 0.5843409 -0.1325617 0.2036543 -0.2806737 0.0853172 -0.0043213 -0.2560567 0.3909620 -0.0530707 0.2582976 0.3079069 0.3478455 0.0769877 0.2054833 -0.1201842 0.0025779 0.6106296 0.4079708 -0.0303131 -0.0927984
0.5677979 0.4805285 -0.1679005 -0.1195261 -0.2363891 0.3309054 -0.1913480 0.3545173 0.5147671 0.7685828 0.7531711 0.3270218 0.3890380 0.6795775 -0.0264619 0.4034191 0.0000000 0.2337689 0.3256428 -0.1761690 0.5525913 0.3135944 0.6880927 -0.7319381 0.1065507 0.2169449 0.0274916 -0.2251714 0.4318005 0.0195732 0.0180596 -0.3094491 -0.7458559 -0.6312851 0.1570889 0.4035972 -0.0860948 0.0129150 0.2091609 0.2336769 0.2396671 0.5281512 -0.1394809 -0.0167154 0.7686443 -0.1067169 -0.2272881 0.0685677 -0.0278861 -0.2380398 -0.1674923 0.0193410 0.4129101 0.7658141 0.0456947 -0.1207756 0.1783566 0.8403150 0.1400179 -0.0352605 0.5844426 -0.0200365 -0.0936181 0.8616551 0.3915685 -0.2301991 0.1794302 -0.0251727 0.2813673 0.7287400 0.0043677 0.7183633 0.1501978 0.4491516 0.4279763 0.1880000 0.3179563 -0.1132880 0.1239170 0.0166985 -0.0906610 0.5232575 0.3952906 0.6497461 0.6682338 0.4899591 -0.4827399 0.6458206 0.6927190 0.6896235 -0.3773278 -0.0600663 -0.0441971 0.6416855 0.3924702 0.1256656 0.0744775 0.2244416 0.5496045 0.5495453 0.5528861 0.2988067 0.5164974 0.4814174 0.2163639 0.2424511 0.5274706 0.5524453 0.4686258 0.4046814 0.4858730 0.7231586 0.5843482 0.1241167 0.5315116 0.4294401 0.2245511 0.4107673 0.3357749 0.3774517 0.4295171 0.1320934 0.5370333 0.6341289 0.0446493 0.5117336 0.6192983 0.6023140 0.3778358 0.6531694 0.4965410 0.2966701 0.5520467 0.6877918 -0.0021342 0.6486670 0.4072150 0.4172143 0.3473895 0.4345493 0.4722350 0.2512257 0.4938775 0.6662737 0.4455479 0.3182842 0.3994077 0.4035258 0.2390656 0.2716545 0.4538438 0.4762104 0.4693281 0.4482413 0.5329719 0.3723652 0.5588288 0.3851643 0.5807501 0.4625751 0.6306438 0.4361356 0.5249133 0.4262600 0.6363244 0.4012352 0.5453819 0.2045157 0.4447493 0.4820187 0.5143291 0.4367417 0.3762767 0.0615682 0.1806005 0.0342300 0.4549555 0.2060445 0.5797234 0.5534755 0.2545913 0.3374187 0.1365952 0.0479365 -0.1603916 -0.0485237 -0.2004734 -0.4793602 -0.0074043 0.2765326 0.4165738 0.1972465 0.2880491 0.3739560 0.5898671 0.6015154 0.5380061 -0.2673368 0.3039559 0.3987943 0.4441776 -0.0950862 0.3735921 0.5940737 0.1166789 -0.2491645 0.3532408 0.2714292 0.2541715 -0.2346017 0.3050988 0.4898605 -0.4496723 0.5225972 0.3341539 -0.2386501 -0.3152335 0.0150127
