0.0000000 -0.5155565 -0.4728726 -0.3605340 -0.5278101 -0.1302469 -0.0665934 -0.0265370 -0.0144315 -0.2491444 -0.1331729 -0.1597032 0.0374946 0.1116018 0.0241602 0.1024074 -0.3102235 0.1227115 0.2335980 -0.3874169 -0.2058934 0.1215286 -0.1067891 0.2328760 0.2579938 0.1389855 -0.2426460 0.2021637 -0.1290956 -0.0433523 -0.1444335 0.3801691 0.2000960 0.0002885 -0.0377224 -0.2394646 0.1548401 0.0963433 -0.3573418 -0.3062142 0.2334818 -0.1572024 -0.1355417 -0.0219009 0.0892340 0.1262211 0.1733504 0.0308420 -0.0314596 0.0578055 0.0042450 -0.2744110 0.0103526 -0.1821276 0.1469968 0.1756242 0.1954079 -0.0857871 -0.3690928 -0.0275143 -0.2009572 -0.0067379 -0.0672496 -0.0563466 -0.2150302 0.1673753 0.0010941 -0.0721291 -0.0706841 0.1303938 0.0658833 -0.1453452 -0.0424457 -0.2732505 0.3162735 0.3052039 -0.0729411 -0.0292903 -0.0084306 -0.1896343 -0.2268434 0.0845521 0.2723140 0.1890251 0.3103732 0.0606297 0.1566941 -0.0290248 0.4505647 0.3383285 0.4157263 0.1970013 0.2100658 0.1640687 0.0301574 -0.1836784 0.0217160 0.0676669 0.3191688 0.1524225 0.4747071 0.3055732 0.1168504 0.2444022 0.2058450 0.0369617 0.2104263 0.1843877 0.6173224 0.0922908 0.1902375 0.1067389 0.0482778 0.0196820 -0.1058572 -0.0213877 -0.0937307 -0.2519990 -0.2016721 -0.4015783 -0.2600262 -0.3327133 0.0373916 -0.0805138 -0.2015415 -0.4095381 -0.3638095 -0.0521992 -0.2422114 -0.3285315 -0.2434809 -0.0352234 -0.2329527 -0.3183239 -0.5735373 -0.1456542 -0.1828007 -0.1678800 -0.0941048 -0.2474528 -0.2579854 -0.2397028 -0.2100438 0.0223042 -0.0948525 -0.2319151 -0.2300569 -0.3162146 -0.1147081 -0.0474621 -0.2603650 -0.3625321 -0.2837726 -0.3333941 -0.0021556 0.2826670 -0.1249740 -0.2679055 -0.1497124 -0.3426469 -0.0484182 -0.1963315 0.1801800 0.0664846 -0.1750008 -0.2021029 -0.3487073 -0.0167921 0.0138833 -0.0437927 -0.1216695 0.0581138 0.2199500 -0.1618784 -0.4958295 -0.3734620 -0.4188858 -0.6164579 -0.4304466 -0.3145455 -0.2785060 -0.3100422 -0.0167357 -0.1695582 -0.3664982 -0.2507916 -0.4758725 -0.2026367 -0.3740697 -0.2568778 -0.4572967 -0.2244451 -0.3259537 0.0102585 -0.3447221 -0.1304271 -0.2176010 -0.2475338 -0.3101043 -0.2209475 -0.0691714 0.2794939 0.5378676 0.5008359 -0.4100456 -0.4872048 -0.2605223 0.0459966 -0.0174991 0.1356279 0.5044729 -0.0678388 -0.3494294 -0.1582618 -0.3324481 0.1644556 0.0727874 -0.2313803
-0.5155565 0.0000000 0.7543761 0.8676210 0.5334629 0.7459625 0.5677376 0.5493607 0.6427532 0.5559896 0.4095951 0.6524970 0.3933754 0.2155474 0.5122472 -0.0115396 0.6000979 0.2151146 -0.1274444 0.3890192 0.6086622 -0.2315492 0.3689689 0.2630608 -0.2384473 -0.0145949 0.6560336 -0.0040589 0.6059424 0.2553044 0.2847883 -0.1994846 0.3284521 0.5420602 0.3388680 0.6016514 0.0285484 0.0422422 0.6448939 0.6535723 0.0355073 0.5479967 0.4993929 0.4822221 0.4803960 0.0543463 0.1474934 0.1564763 0.5703101 0.2440666 0.3033004 0.5729747 0.5334608 0.5756589 0.0106090 0.1276131 0.0551175 0.5193837 0.2437013 0.3540858 0.5654724 0.5596595 0.1835029 0.5194282 0.6648576 -0.0527666 0.3245801 0.4973548 -0.0381234 0.3921852 0.1166158 0.5110094 0.3254307 0.5205314 -0.1163608 -0.0482959 0.3030366 0.0935046 0.3132381 -0.0159074 0.1190783 0.2076906 -0.0708305 -0.2112515 -0.1451702 -0.3664045 -0.1888269 0.1692474 -0.2607213 -0.2638978 -0.0878200 -0.4282286 -0.4366815 0.0925818 -0.0172758 -0.1604167 -0.1216671 -0.4584676 -0.0416398 0.0114749 -0.1823459 -0.6336327 -0.4863238 -0.1849655 -0.1873681 -0.0424809 -0.5686951 -0.3230992 -0.3641080 -0.5159691 0.1482001 -0.5549906 -0.4678992 -0.5112420 -0.5235444 -0.5238376 -0.5168157 -0.3096683 -0.2726505 -0.1254728 -0.0662379 -0.1913251 0.2415996 0.1779665 -0.1121194 0.1102693 0.4273189 0.2612124 -0.2211257 0.1550035 -0.0158667 0.1355332 0.4604914 0.2124563 0.4486244 0.3571632 0.0166942 -0.0462869 -0.0036386 0.2774366 0.6105701 0.1168709 0.5169347 -0.0874858 -0.1045854 0.3266544 0.0570780 0.2218929 0.5810793 0.1363947 0.0617478 0.0639682 0.1236014 0.6784066 0.2300327 -0.2927860 0.3750984 0.3296109 0.5437266 -0.2069425 0.4274995 0.1847682 -0.3488817 -0.0080724 0.3396761 0.2895882 0.3914347 0.6656680 0.3908282 0.3044303 0.6174684 0.5785730 -0.1109964 0.3825531 0.7742355 0.6704313 0.4601935 0.1336428 0.4044695 0.3511956 -0.0058150 0.2570564 0.0614010 0.0010779 0.4695391 0.5254737 0.3698861 0.0903144 0.3804759 0.5673386 -0.2188445 0.3379515 0.1566054 -0.3130038 -0.2122997 -0.0686383 0.2799762 0.1407229 0.0796116 0.1128634 -0.2809051 -0.2781078 -0.3543933 -0.3419883 0.3106035 0.2694878 0.1826772 -0.0172825 -0.4180216 -0.2676843 -0.4996707 -0.4057353 0.2605770 -0.1012793 0.5083073 -0.3273258 0.4089285 0.5132625
-0.4728726 0.7543761 0.0000000 0.7561970 0.8437275 0.7208786 0.5121932 0.6703069 0.6845398 0.6766740 0.5834480 0.5496490 0.4897370 0.1988371 0.4054551 0.3825180 0.7250963 0.1552611 0.2126369 0.5954857 0.6104546 0.2001915 0.5507415 -0.0048646 0.1844131 0.3866621 0.5782009 -0.1146094 0.5463017 0.2312746 0.4603096 0.1303668 0.0725909 0.2924889 0.6455084 0.5797291 0.4177008 0.4034320 0.7937183 0.6279954 0.2679156 0.5842086 0.7409767 0.5030082 0.4381224 0.4383515 0.4952187 0.4268404 0.4611574 0.4705734 0.6001762 0.7860168 0.4164771 0.7165414 0.3366867 0.3979010 0.3543472 0.5067856 0.0120400 0.5484092 0.3883404 0.5369792 0.4823737 0.4592466 0.5293548 0.2086605 0.4712607 0.4494959 0.3451415 0.3677689 0.3859582 0.5500646 0.4615118 0.6436915 0.2307460 0.0725232 0.4115673 0.3031004 0.4621396 0.2665244 0.3023489 0.5321073 -0.1013231 -0.4424288 -0.4671941 -0.5194566 -0.2802943 -0.1831962 -0.5490611 -0.5432710 -0.0888927 -0.3967427 -0.3611281 -0.4552190 -0.0726498 -0.1673226 -0.0860655 -0.3887452 -0.4468075 -0.4569908 -0.4293359 -0.5925832 -0.4914749 -0.5480062 -0.2162546 -0.2594634 -0.6243031 -0.3008019 -0.4774793 -0.4250254 -0.1363504 -0.5652986 -0.3874510 -0.3728891 -0.3647452 -0.3961475 -0.3356006 -0.2069852 -0.1271207 -0.2346900 -0.2646864 -0.1134883 0.3940371 0.1353338 -0.2841268 0.1406610 0.4781473 0.3828740 -0.1492043 0.1290306 -0.1511703 0.1928583 0.5082371 -0.1165122 0.4987262 0.1635254 -0.2510191 -0.0534603 -0.0902559 0.2427540 0.5015523 0.0305600 0.4621483 -0.4496594 -0.4408471 -0.0904802 -0.1154637 0.0708580 0.4672280 0.0181645 0.0774411 -0.2219552 -0.0104694 0.4031527 0.1839331 -0.4345501 0.0124842 0.1564719 0.2209063 -0.2603828 0.5393231 0.1018445 -0.4524735 -0.2917804 0.3501011 -0.0139917 0.1929687 0.4357058 0.0552267 0.2157906 0.4916354 0.4600220 -0.1235408 0.0345524 0.4243694 0.4524432 0.2641833 0.1170520 0.2164210 0.0765651 -0.1227715 0.1067899 0.2268248 0.1082003 0.3866455 0.3420804 0.2643172 0.4413059 0.5843714 0.5716763 -0.0890329 0.3777939 0.2517168 -0.2802891 -0.0987927 0.0583623 0.0636529 0.1644953 0.3352490 0.0791472 -0.1738031 -0.4035128 -0.3363758 -0.4911623 0.5245280 0.3016316 0.2848525 0.1753216 -0.1724663 -0.0759147 -0.3901475 -0.4169945 0.4940125 0.0371324 0.3841545 -0.0915959 0.3401377 0.3090956
-0.3605340 0.8676210 0.7561970 0.0000000 0.6124351 0.7517166 0.4499765 0.7900989 0.6824695 0.7579205 0.6000559 0.5877760 0.5329901 0.0566182 0.4515218 0.1726464 0.7019578 0.0890506 -0.0732126 0.3241032 0.6008169 -0.2268041 0.5575355 0.1061282 -0.1686774 0.1865814 0.7339298 -0.2459099 0.6696712 0.0281665 0.2154933 -0.1133729 0.2199940 0.5294217 0.5353789 0.5697804 0.1988863 0.1071661 0.7790018 0.7722254 0.0597532 0.6823440 0.6836823 0.6491600 0.6711781 0.1435412 0.3151634 0.1714794 0.7228088 0.3529313 0.4941959 0.7455147 0.6628797 0.7638761 -0.0106078 0.1589000 0.2210165 0.6910207 0.2214457 0.5652207 0.6217300 0.7628510 0.2302394 0.6517245 0.7610348 0.0537078 0.5354804 0.6437504 -0.0180099 0.4964592 0.3037120 0.5574865 0.4588638 0.5714663 0.1085451 0.1001129 0.3591923 0.2486354 0.5135584 0.0009668 0.2628863 0.2702937 -0.2407087 -0.4405806 -0.3139657 -0.5832930 -0.3066797 -0.0082962 -0.4079395 -0.4262741 -0.0932016 -0.5730059 -0.5711831 -0.0188285 -0.2146209 -0.3648804 -0.2934684 -0.6422202 -0.2725527 -0.0500328 -0.2675079 -0.7861638 -0.7298457 -0.3532263 -0.3777968 -0.2628800 -0.7248234 -0.5394759 -0.4257431 -0.6603098 -0.0287544 -0.7269101 -0.6538678 -0.6738059 -0.6362367 -0.6885421 -0.6691068 -0.4457471 -0.4307341 -0.1884648 -0.1779812 -0.3970451 0.3953447 0.0037208 -0.2136366 0.0375266 0.1990491 0.2550260 -0.3549078 -0.0501792 -0.1927408 0.1925499 0.3078299 -0.0809408 0.4560363 0.2839054 -0.2790827 -0.1744672 -0.2909368 0.2910276 0.5178259 -0.0891930 0.5873617 -0.2584697 -0.3174090 0.0952021 -0.2111006 -0.0326422 0.5597061 0.0159411 -0.0247347 -0.1973680 -0.1053711 0.5970132 0.0324695 -0.4176801 0.3166188 0.0350863 0.5110151 -0.3929899 0.3309420 -0.0156846 -0.5601508 -0.1382546 0.1612557 0.0708069 0.2210216 0.6785650 0.1648884 0.1483615 0.5989668 0.5639620 -0.3286759 0.1558282 0.5826935 0.5051777 0.2848194 -0.0185443 0.2544637 0.2738745 -0.1159157 0.0954154 0.1201133 -0.1911269 0.3886198 0.5871776 0.3166920 0.1163945 0.3322599 0.5585575 -0.1615884 0.3052201 0.0848497 -0.4172502 -0.2520118 -0.1036231 0.1727967 0.0866450 0.1981980 -0.0041901 -0.4539665 -0.3778111 -0.4792979 -0.4668381 0.3088758 0.2710023 0.0958725 -0.0992907 -0.5778313 -0.1868577 -0.5689139 -0.4732072 0.3082802 -0.2243171 0.5178775 -0.4230937 0.1598938 0.2197214
-0.5278101 0.5334629 0.8437275 0.6124351 0.0000000 0.4058018 0.1162482 0.5840374 0.3325684 0.4791016 0.3357324 0.2401859 0.6074872 0.0755147 0.1738581 0.2120227 0.4963457 0.1523124 0.0661953 0.4799070 0.3859756 0.1744272 0.3767639 -0.1381172 0.1008055 0.3072738 0.5683348 -0.0356145 0.3829680 0.2632038 0.2977504 0.2717808 0.0132727 0.0984144 0.5458753 0.3887325 0.4434803 0.4516559 0.6613817 0.6044967 0.3748505 0.5542630 0.6046928 0.3253036 0.4129983 0.3163594 0.4160742 0.5066967 0.2782651 0.4807781 0.5592929 0.6469933 0.2749552 0.6061356 0.4025894 0.3729951 0.4082360 0.3503379 0.1341647 0.5279316 0.3533204 0.4734656 0.5679607 0.2825700 0.4002243 0.3848586 0.4026935 0.3558417 0.4469719 0.1785021 0.4548903 0.3558642 0.4236005 0.6033659 0.3127451 0.1330494 0.3742802 0.2783132 0.4420992 0.4560640 0.3599857 0.5284797 -0.1378648 -0.6713742 -0.5858404 -0.4993327 -0.0960557 -0.3955619 -0.4720155 -0.5137984 -0.0589472 -0.4434929 -0.5445969 -0.5982537 -0.0752315 -0.1113893 -0.1271035 -0.4832088 -0.4622765 -0.5272168 -0.4428555 -0.5907205 -0.5142780 -0.5966407 -0.2604374 -0.1361060 -0.5842975 -0.4393150 -0.5070123 -0.4165153 -0.1131082 -0.5315654 -0.3632557 -0.3361105 -0.3215429 -0.3579603 -0.2685129 -0.1793056 -0.1203989 -0.2286527 -0.2901367 -0.0471998 0.5446818 0.0022377 -0.2882451 -0.0315040 0.3899852 0.2681806 -0.2222751 0.0840634 -0.1958968 0.1164071 0.3054192 -0.2633673 0.6539834 0.0593589 -0.3768488 -0.0798115 -0.2184831 0.0831724 0.2725671 -0.0640312 0.5599432 -0.5569284 -0.5208090 -0.1414710 -0.1672160 -0.0032535 0.3844128 -0.1532462 -0.0686536 -0.2401424 -0.1430151 0.2731509 0.1263327 -0.4821862 -0.0664480 -0.0950190 0.2276669 -0.2748212 0.2512235 -0.0482026 -0.5935768 -0.4483588 0.0679203 -0.2224815 0.0873135 0.2534696 -0.1554721 -0.0219978 0.1794776 0.1776338 -0.4499916 -0.0372971 0.2770605 0.0983188 -0.0778388 -0.0351229 0.0630380 0.1403671 0.0702387 0.1438587 0.4508089 0.1063678 0.3301253 0.3779981 0.3434650 0.7093681 0.6075710 0.3852653 -0.0346874 0.2303098 0.3115301 -0.2470599 -0.1352896 -0.0804814 -0.2330796 0.2670271 0.4718663 -0.1273392 -0.3328336 -0.3709212 -0.3682278 -0.5419788 0.5286559 0.4887291 0.2127216 0.0564946 -0.2332726 0.1197428 -0.3156437 -0.3898703 0.5343029 -0.0358668 0.4821900 -0.2015778 0.2526674 0.1645092
-0.1302469 0.7459625 0.7208786 0.7517166 0.4058018 0.0000000 0.8514808 0.6885218 0.8336559 0.6250517 0.6572695 0.7863358 0.4098037 0.2372302 0.6571063 0.3327286 0.7049539 0.2306185 0.2256196 0.4181142 0.8141568 -0.0288386 0.5159201 0.4025477 0.1108444 0.2609780 0.5049350 0.0804362 0.7331658 0.1752584 0.2852387 0.0038150 0.4287581 0.6333977 0.5863727 0.7097131 0.2235001 0.1930129 0.6660842 0.4500848 -0.0221972 0.5542965 0.7038752 0.5881278 0.5932065 0.3338358 0.4038209 0.1330336 0.6997246 0.3907507 0.5013851 0.6241293 0.7149683 0.7220099 0.1075877 0.2569951 0.1935459 0.7366089 -0.2103809 0.4654145 0.5180310 0.5758531 0.2036553 0.7245665 0.7753099 -0.0383630 0.4058894 0.6009286 0.0260428 0.6612665 0.2165770 0.7629630 0.4313929 0.6943029 0.0820087 0.2669036 0.5237527 0.2827634 0.4894803 0.1172229 0.2378114 0.3228845 -0.0051809 -0.2823486 -0.2387435 -0.4584052 -0.2936776 -0.0622016 -0.2508362 -0.3283927 0.0602365 -0.2660035 -0.2611820 -0.1279904 -0.0677226 -0.2859630 -0.1578407 -0.3177300 -0.1418140 -0.1491585 -0.1186182 -0.4990088 -0.4857890 -0.2231008 -0.1645620 -0.1637272 -0.6184334 -0.2633646 -0.1658718 -0.5323542 0.0402532 -0.5941723 -0.5223212 -0.5306628 -0.5582415 -0.5798131 -0.5789021 -0.4345836 -0.4411882 -0.4080520 -0.2819274 -0.4190041 0.2838322 0.2362541 -0.2978223 0.1324362 0.3320900 0.5233926 -0.2310491 0.2150527 -0.0087710 0.3476074 0.6732955 0.0514747 0.2563927 0.4029505 -0.0697515 -0.0303568 0.0217494 0.2076859 0.6376736 0.1069450 0.4286482 -0.1232285 -0.1155367 0.0156127 0.0104189 0.1179162 0.6459002 0.1585029 0.0072336 -0.1498795 0.1085671 0.5964407 0.1559496 -0.2539707 0.2242322 0.3024618 0.4457286 -0.3102131 0.5625325 0.1551865 -0.2666402 -0.1563713 0.4108536 0.1957966 0.3121049 0.7018849 0.3056000 0.3563956 0.7799217 0.8055998 0.1726471 -0.0896752 0.5123881 0.6803372 0.3877229 -0.0244833 0.3443989 0.0970885 -0.1300956 0.1719207 -0.1416903 0.1242751 0.1452395 0.5070016 -0.0498243 -0.0428783 0.4282157 0.6921690 -0.4157109 0.5622545 0.1807099 -0.5069820 -0.3579893 -0.1704210 0.2825836 0.1481958 0.1687631 0.1420050 -0.2883477 -0.5141615 -0.2243991 -0.3985086 0.0800527 -0.0701590 0.0958565 -0.0997099 -0.3141540 -0.3857218 -0.3695603 -0.5156924 -0.0028290 -0.0743637 0.1905497 -0.1812248 0.4033177 0.2644874
-0.0665934 0.5677376 0.5121932 0.4499765 0.1162482 0.8514808 0.0000000 0.3863839 0.8021135 0.5235475 0.5753556 0.6960199 0.1809979 0.2425749 0.6149048 0.3637518 0.6462885 0.1094135 0.3547080 0.4807841 0.6280086 0.0147181 0.5058426 0.4487422 0.1883826 0.2488212 0.1446578 0.1227520 0.5355594 0.0742879 0.3821659 -0.1424763 0.3718366 0.5241509 0.4448212 0.5426255 0.0650050 0.1124479 0.5052886 0.2025408 -0.0806757 0.2705612 0.5465044 0.5649477 0.3706500 0.3807974 0.2842778 0.0756929 0.5054969 0.2533256 0.3279202 0.4434036 0.4942949 0.5700995 0.1070396 0.2507335 0.0433291 0.6633443 -0.2278052 0.2628754 0.3838113 0.3645354 0.0388595 0.6829128 0.5751128 -0.1263135 0.2348400 0.5980836 -0.0030778 0.6840359 0.0066276 0.6650985 0.3930786 0.5287756 -0.0508094 0.2807531 0.3234230 0.0468799 0.2475294 -0.0145705 -0.0917178 0.1656588 0.0276885 0.1261470 0.0028671 -0.1915184 -0.4165050 0.0649284 -0.1676331 -0.1698588 -0.1284391 -0.1661365 0.0223194 -0.0700522 -0.1663879 -0.2090951 -0.0950108 -0.0231134 -0.0704742 -0.2128374 -0.0539918 -0.2290506 -0.1159791 -0.1507530 -0.0979951 -0.1009577 -0.3181986 0.0838365 -0.1777190 -0.2134371 -0.0532261 -0.2603294 -0.1835555 -0.1947422 -0.2236356 -0.2286915 -0.2450115 -0.1588624 -0.2344936 -0.3757813 -0.3061803 -0.2205748 -0.1555217 0.2475841 -0.3210289 -0.0015780 0.1979813 0.3279299 -0.1866850 0.2954109 -0.0157906 0.1981839 0.7347852 0.1330767 -0.0418309 0.3513350 0.0903548 -0.0248376 0.1120463 -0.0661580 0.5151587 0.0440106 -0.0139424 -0.1081909 -0.0382575 0.0551282 0.1673080 0.2023575 0.3578991 0.0316521 -0.1393957 -0.1512690 0.2594511 0.4571381 0.3524936 -0.1226555 0.1247938 0.5445751 0.1266581 -0.1222430 0.7368955 0.1976674 -0.0399138 0.0272312 0.6411500 0.3027056 0.3975340 0.4500718 0.5096132 0.5224443 0.6708239 0.6811137 0.5528373 -0.0569766 0.4508160 0.7284181 0.4681590 0.0945614 0.2593346 -0.1748180 -0.1957232 0.0891835 -0.2886394 0.1011761 0.1992144 0.3044241 -0.0189463 -0.1586894 0.2152156 0.4824127 -0.3217721 0.3768689 -0.1163210 -0.2378140 -0.2235843 -0.0649436 0.2092052 -0.1179408 -0.0970342 0.0010159 0.0310555 -0.4045426 0.0369354 -0.1682514 0.1313503 -0.1467213 0.0283828 0.1022128 -0.0443116 -0.5881626 -0.1466996 -0.3255644 0.0396905 0.2062677 0.0263417 0.1117581 0.2720993 0.4064069
-0.0265370 0.5493607 0.6703069 0.7900989 0.5840374 0.6885218 0.3863839 0.0000000 0.6250707 0.8044089 0.8084258 0.3529771 0.7981149 -0.1640315 0.2493060 0.5655709 0.6648708 -0.0796839 0.4028267 0.1906559 0.5388814 0.1802241 0.7491075 -0.0892086 0.3187178 0.6143554 0.4428122 -0.3263184 0.5508374 -0.1269079 0.2915023 0.3583933 0.0214423 0.2785164 0.8747584 0.4011922 0.6517618 0.5462727 0.7932527 0.6547698 0.2870734 0.5854801 0.9094459 0.6065068 0.7125777 0.5525206 0.7594967 0.4762739 0.6342722 0.7428550 0.8620589 0.8524849 0.5853122 0.8939928 0.2870572 0.4655712 0.6783999 0.7939482 0.1068153 0.8852312 0.5286805 0.8390408 0.4185755 0.7637807 0.6783131 0.4249142 0.8027424 0.7425263 0.2683570 0.7403809 0.6935857 0.7540891 0.7786741 0.7479374 0.5510665 0.5765597 0.6001614 0.5629315 0.8361258 0.3509761 0.3578156 0.4118797 -0.3889941 -0.6697251 -0.5478333 -0.6949808 -0.4472431 -0.4698015 -0.5482362 -0.7107961 -0.0397275 -0.6807163 -0.6703378 -0.4088636 -0.3968331 -0.6203912 -0.4921306 -0.7389671 -0.4727848 -0.3760657 -0.4306030 -0.7392613 -0.8042470 -0.5958782 -0.5209219 -0.4379480 -0.8199435 -0.6113232 -0.4202205 -0.7067651 -0.3139054 -0.8021385 -0.6965943 -0.7533296 -0.7097751 -0.7786352 -0.7494498 -0.6394054 -0.6173973 -0.5436371 -0.5147486 -0.6664551 0.3905067 -0.0680906 -0.4092454 -0.1554618 -0.0222272 0.1212398 -0.4313529 -0.1568993 -0.3623884 0.1944082 0.3206182 -0.3676201 0.1759519 -0.0585058 -0.5452605 -0.2633460 -0.3171437 0.0461853 0.2812948 -0.1932229 0.4749852 -0.4358549 -0.5286913 -0.4024033 -0.3582461 -0.1940597 0.4284601 -0.1942889 -0.2273477 -0.5701349 -0.4769400 0.2701033 -0.0412888 -0.5231592 -0.1324925 -0.3152895 0.2585445 -0.6143959 0.2958146 -0.3409648 -0.6034733 -0.4937476 -0.0999723 -0.3657550 -0.1403861 0.4574812 -0.1516645 -0.1082874 0.3683196 0.4496571 -0.2637823 -0.1765562 0.1629150 0.1334268 -0.1615889 -0.2574194 -0.0260914 -0.1530287 -0.4319876 -0.2355921 0.3132771 -0.1851956 0.2990383 0.4034552 0.1845408 0.2720305 0.3959931 0.3941408 -0.3422376 0.3184580 0.0275084 -0.4633242 -0.4444543 -0.2861805 -0.1612662 0.0274365 0.3324717 -0.2132529 -0.4991378 -0.4803941 -0.4006395 -0.4506430 0.0719892 0.2280917 -0.2166831 -0.2812303 -0.4597086 -0.1347015 -0.3883573 -0.7026939 0.1334289 -0.2771772 0.1311011 -0.3068395 0.1421106 0.0532724
-0.0144315 0.6427532 0.6845398 0.6824695 0.3325684 0.8336559 0.8021135 0.6250707 0.0000000 0.7696996 0.6626293 0.7467363 0.3127077 0.3745034 0.7201778 0.3769018 0.8271014 0.2279337 0.2466347 0.3763402 0.6554336 -0.0411101 0.6597642 0.4238860 0.1085519 0.3469061 0.4526715 -0.0621316 0.7244349 0.1209420 0.2585502 -0.0793752 0.4124416 0.6662190 0.5770507 0.6654295 0.2245729 0.0988138 0.7770676 0.5807598 0.0185000 0.6363570 0.7336576 0.8054525 0.6496279 0.3587148 0.3853826 0.0949030 0.7742449 0.2507747 0.4515964 0.6885458 0.6991559 0.7856709 0.0368064 0.2518587 0.1805703 0.7864270 -0.0356422 0.4160337 0.5395508 0.6013339 0.1550412 0.7507056 0.6952903 -0.0690614 0.3643802 0.6807388 -0.0510258 0.7071038 0.1803995 0.6241617 0.4168536 0.5276097 0.1492179 0.2199265 0.3747763 0.1458173 0.3748782 -0.1058137 -0.0095443 0.2154552 -0.1570783 -0.1326125 -0.1479873 -0.4895633 -0.4952763 0.0265811 -0.3395298 -0.3336287 -0.1003571 -0.4301555 -0.2337573 -0.0745343 -0.2908190 -0.4103058 -0.2476604 -0.4196580 -0.2301636 -0.1709164 -0.1398249 -0.6033781 -0.4954097 -0.3322218 -0.2810981 -0.3061288 -0.6141004 -0.2406616 -0.2562216 -0.4742843 -0.0810894 -0.5962349 -0.5043819 -0.4841784 -0.5011005 -0.5141778 -0.5186759 -0.4353228 -0.3929091 -0.4064501 -0.3992843 -0.4742400 0.0199228 0.0391217 -0.3717498 -0.0666538 -0.0112839 0.2781957 -0.2710687 -0.1335015 -0.2551771 0.0936664 0.3786943 -0.1218358 0.0604398 0.1634961 -0.2378228 -0.0297858 -0.0843704 0.1479296 0.5651794 -0.0558350 0.2964368 -0.2946537 -0.2347648 0.0718120 -0.0211497 0.1204668 0.5192141 0.0029131 -0.2009411 -0.4297753 0.0333564 0.5627696 0.1616113 -0.4371080 0.1473352 0.3074021 0.2556401 -0.5059452 0.6250673 0.0992335 -0.3682181 -0.1342191 0.4527835 0.1088700 0.2775074 0.6646529 0.3684630 0.4683792 0.7292190 0.7985263 0.2518111 0.0758235 0.4170865 0.5824897 0.3330792 -0.0788107 0.1261027 -0.0994709 -0.3572633 -0.0546271 -0.1104285 -0.2117019 0.2813691 0.4467984 0.1281076 0.0440831 0.3156705 0.5989433 -0.4049498 0.2889132 -0.1356954 -0.3858554 -0.3530475 -0.0738921 0.1472525 -0.1436033 -0.0367495 -0.0451777 -0.2305640 -0.2749150 -0.1571567 -0.2632792 0.2391501 -0.1356057 0.0621035 0.1666815 -0.3601344 -0.2561637 -0.2956192 -0.3918195 0.2386849 -0.0917977 0.1639671 -0.0830305 0.2639514 0.3224972
-0.2491444 0.5559896 0.6766740 0.7579205 0.4791016 0.6250517 0.5235475 0.8044089 0.7696996 0.0000000 0.9040403 0.3809438 0.5127678 -0.1370406 0.2644616 0.6061117 0.8873912 -0.2995075 0.3714212 0.4096892 0.4209291 0.0611174 0.8879604 -0.1529521 0.2160837 0.5815926 0.3433309 -0.5751798 0.5131638 -0.2975139 0.3731065 -0.0238004 -0.1041395 0.3156823 0.7782148 0.3879613 0.4362286 0.3182656 0.9367446 0.7181445 0.0976986 0.5414573 0.8891426 0.8188201 0.5810039 0.5457041 0.5709139 0.3073322 0.6892556 0.4565188 0.6808720 0.9219740 0.4880340 0.9185480 0.1233977 0.3728190 0.4279689 0.8687602 0.2717165 0.7157673 0.4891777 0.7293683 0.3038075 0.8045779 0.6160965 0.1851967 0.6759061 0.7986362 0.1929913 0.7364662 0.4420233 0.6498677 0.6900017 0.5775234 0.3162238 0.3564425 0.4011309 0.2978561 0.5591068 0.0660544 0.0773023 0.1844613 -0.5165356 -0.3711425 -0.4392281 -0.5531446 -0.7194000 -0.2251961 -0.7054737 -0.7084279 -0.3652186 -0.7209305 -0.4428589 -0.3229073 -0.5759377 -0.5740330 -0.4443308 -0.5716819 -0.5956210 -0.3853914 -0.5621766 -0.7092749 -0.6254296 -0.6620843 -0.5646118 -0.5887133 -0.7118279 -0.4693238 -0.6393917 -0.5611610 -0.5037049 -0.6462146 -0.5404729 -0.5766553 -0.4528418 -0.5585110 -0.5268528 -0.4020140 -0.3907491 -0.2812142 -0.4057672 -0.4924981 -0.0065826 -0.1421854 -0.3700540 -0.0803904 -0.1868043 -0.0588580 -0.3253755 -0.2049482 -0.4067632 -0.0539794 0.2111581 -0.2312583 0.0941944 -0.1383351 -0.4614399 -0.2543828 -0.3737375 0.0833471 0.2979666 -0.2223100 0.1928270 -0.4416688 -0.4649986 -0.2572277 -0.2369609 -0.0571065 0.2166947 -0.2252127 -0.2311530 -0.5579968 -0.2578017 0.2983544 0.0211436 -0.5671046 -0.1398792 0.0008714 0.0288492 -0.4902452 0.4742407 -0.2764969 -0.5330756 -0.3629589 0.1527180 -0.1924738 0.0664759 0.3616628 -0.0162646 0.0541978 0.4438794 0.4192315 -0.0080728 -0.0506026 0.2893689 0.3426093 0.0841276 0.0107997 -0.0519683 -0.2560700 -0.5236508 -0.2793844 0.1174365 -0.3740589 0.4638084 0.3160255 0.3676170 0.1421069 0.2659469 0.3589835 -0.0220362 0.1325676 -0.2062728 -0.2486193 -0.1215650 -0.0244398 -0.0403474 -0.2758529 0.1085624 -0.2331425 -0.2305525 -0.3825708 -0.4642589 -0.4352601 0.3234578 0.1706922 -0.1577814 -0.0417974 -0.3611270 -0.2980312 -0.5062983 -0.4104975 0.4088349 -0.1387444 0.1089396 -0.1393161 -0.1646480 0.1668057
-0.1331729 0.4095951 0.5834480 0.6000559 0.3357324 0.6572695 0.5753556 0.8084258 0.6626293 0.9040403 0.0000000 0.3443994 0.4804870 -0.2879976 0.1705845 0.7875777 0.7625713 -0.4010473 0.6164465 0.3646533 0.4760949 0.2906175 0.8644480 -0.2201512 0.4731818 0.7168804 0.1141802 -0.5666875 0.4387259 -0.4355710 0.4449691 0.1249655 -0.2033166 0.2013764 0.8569928 0.3360306 0.5579408 0.4802269 0.8006375 0.4824802 0.0656229 0.3685206 0.8924974 0.6509885 0.4512727 0.7073692 0.7220056 0.3458108 0.5847197 0.6135584 0.7698439 0.8688857 0.4230958 0.8465832 0.1836329 0.4231056 0.5310006 0.8238333 0.0626996 0.7685585 0.3671754 0.6075660 0.2515574 0.8025421 0.5705007 0.2296468 0.7347798 0.7035921 0.2688012 0.7896429 0.5277597 0.7930068 0.7609049 0.6511183 0.3753423 0.5152435 0.5607123 0.4766073 0.6797183 0.2458927 0.1891529 0.2258383 -0.5079392 -0.3882825 -0.5315392 -0.4554838 -0.7122371 -0.3723141 -0.7257876 -0.7833390 -0.3062863 -0.5600837 -0.3254942 -0.4400975 -0.4987770 -0.5253352 -0.3997105 -0.4040719 -0.6023315 -0.4530026 -0.6132372 -0.5087814 -0.5192708 -0.5988326 -0.4707827 -0.5939807 -0.6631237 -0.4067380 -0.5545243 -0.5122479 -0.5937397 -0.5824531 -0.4674176 -0.5282016 -0.3909570 -0.5108954 -0.4778838 -0.3636869 -0.3972133 -0.3128292 -0.3736063 -0.5078643 -0.0168416 -0.0025001 -0.2805118 0.0516696 -0.1293912 0.0279543 -0.1771974 -0.0107113 -0.2202145 0.0764178 0.3740749 -0.1714319 -0.0126976 -0.1173484 -0.3268463 -0.1801029 -0.1788206 0.0747201 0.2879718 -0.0606055 0.0817261 -0.3417959 -0.3731182 -0.4713936 -0.1573646 -0.0199667 0.1721911 -0.1259334 -0.1005336 -0.4953588 -0.2368855 0.1551767 -0.0264631 -0.4668302 -0.2715647 -0.0413664 -0.0478162 -0.3679411 0.4269425 -0.2768931 -0.3425131 -0.3847390 0.0986320 -0.2302198 -0.0079336 0.2527169 -0.1087631 -0.0181579 0.4062989 0.3778839 0.1498849 -0.2630286 0.1580547 0.3299444 0.0689665 0.0415303 0.0189942 -0.3951089 -0.5723333 -0.3036393 0.0157533 -0.1698917 0.3206379 0.1896308 0.1405629 0.0000577 0.3212903 0.3643719 -0.0237780 0.3295000 -0.0636933 -0.2833356 -0.1176967 -0.0757309 0.0107843 -0.1573018 0.1873244 -0.1140623 -0.1317064 -0.4992446 -0.4360841 -0.4435609 0.0907225 0.0642217 -0.2259270 -0.1788640 -0.1517236 -0.3835222 -0.4470803 -0.4498605 0.1433807 -0.0647843 -0.1281076 -0.0237519 -0.1832327 -0.0024331
-0.1597032 0.6524970 0.5496490 0.5877760 0.2401859 0.7863358 0.6960199 0.3529771 0.7467363 0.3809438 0.3443994 0.0000000 0.0022649 0.3839036 0.9327970 -0.0475039 0.4817311 0.5024586 -0.1386804 0.3302197 0.8910184 -0.2643139 0.1686208 0.6660136 -0.2346782 -0.1167105 0.4851337 0.2096919 0.9015985 0.1562364 0.0082493 -0.4026587 0.6269882 0.8571188 0.1749876 0.9160109 -0.2193775 -0.2656164 0.4583967 0.3959706 -0.3991986 0.7036369 0.3814189 0.5061466 0.6120974 -0.0487045 0.0035386 -0.2925040 0.7234072 0.0190467 0.0820310 0.3486540 0.8239031 0.4432829 -0.3232490 -0.1789407 -0.2592174 0.5054293 -0.2736079 0.0134546 0.6609311 0.1981537 -0.2657757 0.5339283 0.7934474 -0.4544391 0.0074634 0.3305342 -0.3673437 0.3678183 -0.1828518 0.5319818 0.0682297 0.4755187 -0.2768467 -0.0445271 0.4406727 0.0637501 0.2471868 -0.1645021 0.1376575 0.0939266 -0.0836802 -0.1417600 -0.2072140 -0.1813666 -0.1640077 0.0679171 -0.2159295 -0.1180254 -0.0984236 -0.0372959 -0.2151751 0.1311759 0.0718677 0.1231442 0.0010685 -0.2195007 -0.0002477 0.1403429 -0.0462002 -0.4568186 -0.3632767 0.1826974 -0.0290220 0.1038263 -0.5323343 -0.3046730 -0.1428532 -0.4531305 0.1206644 -0.5403321 -0.4703295 -0.3892214 -0.4105166 -0.3947784 -0.3802338 -0.1689435 -0.3057161 -0.0695973 0.0063974 -0.2297962 0.0773027 0.2294075 0.0728505 0.2157990 0.2848244 0.6056917 0.0893873 0.1913009 0.2698860 0.4449271 0.5173433 0.0084690 0.3644349 0.5964645 0.1488152 0.4020587 0.3379138 0.3118651 0.9180522 0.3308919 0.5207273 -0.0659014 0.1508963 0.3450046 0.3564805 0.3991050 0.8108610 0.3252465 0.1157422 0.0877980 0.4918012 0.8375247 0.1444045 -0.3361760 0.5957208 0.4430295 0.6355157 -0.1401930 0.2750110 0.6094755 -0.1758106 0.2564549 0.5616392 0.4675565 0.5788896 0.8353715 0.6371568 0.7435731 0.9083042 0.9025498 0.1534158 -0.0049805 0.6054898 0.7581628 0.6599676 0.0510848 0.5270850 0.3488389 0.1963161 0.4936777 -0.4226660 0.2390695 0.0088465 0.7168858 -0.1005361 -0.1608886 0.4934703 0.9056447 -0.2955352 0.7007953 0.2208834 -0.5685734 -0.3714357 -0.2223548 0.4249600 0.4297666 -0.0438926 0.2966937 -0.3735041 -0.3101671 -0.2661712 -0.4290255 0.0898069 -0.2189949 0.4386960 0.0627386 -0.3437427 -0.2340431 -0.3806436 -0.2943988 0.0200626 0.0839581 0.4368280 -0.2295492 0.2828885 0.0683963
0.0374946 0.3933754 0.4897370 0.5329901 0.6074872 0.4098037 0.1809979 0.7981149 0.3127077 0.5127678 0.4804870 0.0022649 0.0000000 -0.2035518 -0.0087168 0.3429186 0.4115296 -0.1453195 0.3291613 0.2424154 0.1981943 0.1794208 0.5191239 -0.1499073 0.2645257 0.4696947 0.3570604 -0.0764324 0.2528641 0.0675098 0.3374920 0.5582772 0.0196950 0.0325485 0.6933771 0.1062023 0.6229229 0.6820765 0.5864479 0.5510717 0.5907283 0.3682188 0.6988256 0.3951731 0.5608368 0.5340038 0.6635209 0.7311274 0.3192305 0.7514773 0.7481865 0.6338250 0.2789474 0.6816867 0.6282244 0.6776456 0.7143145 0.5679894 0.1799679 0.7910090 0.3532590 0.7255426 0.6699174 0.5374349 0.3834603 0.6646668 0.6640418 0.6486982 0.4982323 0.5834426 0.6325818 0.4924871 0.7290056 0.6061678 0.5695429 0.6197313 0.4116084 0.2755923 0.6287598 0.4254932 0.1082002 0.4740435 -0.1423824 -0.6382933 -0.4405944 -0.5113281 -0.1563718 -0.5286582 -0.2569969 -0.4830044 0.1095003 -0.6517300 -0.7139609 -0.4669141 -0.2368239 -0.4939752 -0.3805477 -0.6860044 -0.2385241 -0.4331535 -0.2854706 -0.5530107 -0.5840182 -0.5775007 -0.3157518 -0.1355548 -0.6125923 -0.5029497 -0.2909702 -0.6020870 -0.1225360 -0.5902482 -0.5017996 -0.6122138 -0.6405496 -0.6380069 -0.6063248 -0.5821851 -0.5454075 -0.7005765 -0.6426693 -0.5118107 0.4215888 -0.1842514 -0.6304782 -0.4974247 0.0416668 -0.0872310 -0.6969353 -0.1561045 -0.5691905 -0.0199290 0.2191987 -0.3882675 0.1753533 -0.2126700 -0.6293401 -0.5216587 -0.4747284 -0.3281311 -0.0107870 -0.3821980 0.3659843 -0.4772282 -0.6721633 -0.3668402 -0.4054178 -0.2832119 0.2430074 -0.4230336 -0.4923208 -0.5345345 -0.5775056 0.0723937 0.2504399 -0.3137609 -0.3126754 -0.3428146 0.1485607 -0.6196897 0.2791163 -0.5586017 -0.5720767 -0.6001895 -0.2275539 -0.4932478 -0.2131388 0.2267064 -0.1484855 -0.3107251 0.0348541 0.1759223 -0.2779734 -0.1203279 0.0840032 -0.1694449 -0.5570225 -0.4947788 -0.3423857 -0.2000364 -0.3197143 -0.2154292 0.5931403 -0.1327423 0.3273082 0.2029463 0.2290339 0.5158154 0.2347079 0.0448081 -0.4079564 -0.0113299 -0.1248276 -0.1968359 -0.4294827 -0.3038731 -0.4749549 -0.1248289 0.1994050 -0.5536053 -0.5129974 -0.3049817 -0.1198604 -0.1764524 0.1278952 0.3589060 -0.3868944 -0.3119666 -0.4255873 -0.1353097 -0.1310484 -0.6894826 0.2347845 -0.2465869 0.1298166 -0.2761029 0.2674718 0.2696240
0.1116018 0.2155474 0.1988371 0.0566182 0.0755147 0.2372302 0.2425749 -0.1640315 0.3745034 -0.1370406 -0.2879976 0.3839036 -0.2035518 0.0000000 0.5103626 -0.3127591 0.1705649 0.7820067 -0.2681741 -0.0894235 0.1815206 -0.2119411 -0.1001191 0.6581302 -0.1895672 -0.1924591 0.4393353 0.6529321 0.1796875 0.7293986 -0.2385734 0.0271926 0.6670568 0.4207425 -0.1796875 0.2085722 -0.0944399 -0.2115665 0.0123206 0.0737285 0.0458923 0.1366592 -0.1349045 0.0828537 0.0778987 -0.2324133 -0.2372500 -0.1425262 0.1252808 -0.2904419 -0.2716211 -0.1938799 0.2483907 -0.0226640 -0.0552964 -0.1676634 -0.2730321 -0.0820136 -0.2039770 -0.3484440 -0.0368677 -0.0372919 0.0523943 -0.1086761 0.0529448 -0.3606700 -0.4825531 -0.1075715 -0.3041607 -0.0651196 -0.3090128 -0.0913097 -0.4110059 -0.0543335 -0.2430483 -0.3219140 -0.0144254 -0.2910361 -0.3719125 -0.0797552 -0.1583932 0.2979880 0.3919792 0.1490701 0.2792995 -0.1453261 0.3133478 0.3414663 0.3973640 0.4135502 0.4900108 0.3248734 0.1779285 0.2124477 0.3743402 0.1120922 0.4108242 -0.0308312 0.4735912 0.2047139 0.5150392 -0.1011224 -0.0495348 0.1036038 0.3296595 0.3516361 -0.0490036 0.1445866 0.2890345 -0.0312189 0.6240124 -0.1033110 -0.1319412 -0.0228839 -0.2187908 -0.1036805 -0.1440827 -0.2541615 -0.1069375 -0.2044078 -0.1528772 -0.0983039 0.2089460 -0.0033931 -0.0348618 -0.0005076 0.1350668 0.3235725 0.0356864 -0.2110413 0.0115838 -0.1167186 0.0110911 0.1351362 0.0175266 0.2524295 0.1515715 0.3214158 0.2684941 0.2170588 0.3081131 0.2314447 0.2660827 0.0303092 0.1118769 0.4649807 0.2376091 0.3073957 0.3949915 0.2908085 -0.0216255 0.0389807 0.3045548 0.3952653 0.2622521 0.0810790 0.2582063 0.3298078 0.2449844 -0.1840421 0.2488502 0.3890414 0.1623413 0.1033942 0.3607435 0.2941678 0.2608278 0.3745994 0.3474801 0.4061677 0.2601927 0.4332649 0.2523154 0.4322488 0.3416280 0.3256734 0.3217380 0.0176129 0.3624717 0.2441219 0.2527262 0.1915792 -0.0962100 0.1064463 -0.1339288 0.1489165 -0.1481159 0.1309705 0.2286965 0.3114700 -0.5142843 0.0852951 0.2832793 0.0165984 -0.2319017 0.0784075 0.0849325 0.0917065 -0.0560908 0.1660731 -0.0207821 0.2287568 0.3397825 0.1813852 0.0622224 -0.2513199 0.2441670 0.3491177 -0.0590819 0.2233665 0.2301347 0.2689394 -0.0331151 -0.2419440 0.2209112 -0.0570611 0.5675958 0.3181857
0.0241602 0.5122472 0.4054551 0.4515218 0.1738581 0.6571063 0.6149048 0.2493060 0.7201778 0.2644616 0.1705845 0.9327970 -0.0087168 0.5103626 0.0000000 -0.1551762 0.3873669 0.6555673 -0.1787429 0.2415309 0.7588387 -0.3155262 0.0673935 0.8273993 -0.2767531 -0.1833479 0.4495524 0.3714909 0.8764034 0.2614925 -0.1139057 -0.3525279 0.7888922 0.9155184 0.0674761 0.8754110 -0.2485427 -0.3115381 0.3694641 0.3926834 -0.3269341 0.7321452 0.2711824 0.5485156 0.6786856 -0.1040960 -0.0702579 -0.2993541 0.7285843 -0.0559063 -0.0102526 0.2176420 0.8064487 0.3810109 -0.3237112 -0.1669412 -0.2649730 0.4619069 -0.2805191 -0.0874836 0.6515239 0.1445597 -0.3199295 0.4717287 0.7190431 -0.3979055 -0.1065631 0.3108669 -0.3999181 0.3550570 -0.2222324 0.3856973 0.0086643 0.3537472 -0.2614755 0.0010954 0.3681389 -0.0632408 0.1468449 -0.2448243 -0.0419761 0.0521412 -0.0096405 -0.0688058 -0.0630020 -0.1076753 -0.0972718 0.0898083 -0.0235866 0.0560374 -0.0689180 -0.0577701 -0.2026881 0.1811308 0.0178572 0.1120160 -0.0148534 -0.2361331 0.1265527 0.1506207 0.0986793 -0.4160999 -0.2924900 0.2306604 -0.0228166 0.1725544 -0.4485439 -0.2524023 -0.0115272 -0.4110023 0.2342879 -0.4763208 -0.4256356 -0.3456511 -0.3954789 -0.3550511 -0.3536999 -0.2076722 -0.3066494 -0.1367027 -0.0493992 -0.2691344 0.0383916 0.2134690 0.0550695 0.0242135 0.1353746 0.5226634 0.0495492 0.0959642 0.2193685 0.2903854 0.3855277 -0.0386711 0.2780265 0.5208237 0.1348062 0.4475843 0.3404362 0.2094983 0.8411373 0.2954169 0.5039742 -0.0803764 0.1856017 0.4257015 0.4100603 0.4362142 0.7932150 0.2969681 -0.0323029 -0.0001265 0.4905111 0.8035787 0.1783830 -0.3175350 0.6373847 0.4634860 0.6331051 -0.2365024 0.2556408 0.6267809 -0.1600546 0.2976688 0.5524772 0.4790471 0.6155969 0.8343542 0.7175598 0.8207381 0.8552160 0.8886358 0.1292255 0.0623084 0.5298284 0.6061368 0.4985361 -0.1773440 0.3655628 0.3367885 0.2238840 0.5008852 -0.4236326 0.1474562 -0.0706428 0.7364043 -0.1255663 -0.1168712 0.4323343 0.8106023 -0.4376111 0.5321873 0.1108386 -0.5379635 -0.4980619 -0.2958738 0.2712272 0.3622827 -0.1955773 0.1650839 -0.4299588 -0.1686811 -0.1511388 -0.3392323 0.0249382 -0.3369029 0.3831695 0.1336587 -0.4178350 -0.1494441 -0.2657136 -0.2715415 -0.0064018 0.0035412 0.4676523 -0.2242413 0.3347422 0.1016691
0.1024074 -0.0115396 0.3825180 0.1726464 0.2120227 0.3327286 0.3637518 0.5655709 0.3769018 0.6061117 0.7875777 -0.0475039 0.3429186 -0.3127591 -0.1551762 0.0000000 0.4255745 -0.4391034 0.9182665 0.2317476 0.1620278 0.7402011 0.7704636 -0.4042443 0.8776863 0.9390646 -0.3110047 -0.5008985 0.0077654 -0.4438592 0.6200306 0.4676821 -0.4415036 -0.2460231 0.8412658 -0.0303192 0.7829010 0.7281507 0.4560647 0.0646649 0.3819627 -0.0200812 0.7120076 0.3519784 0.0502908 0.8557480 0.8725326 0.5286782 0.1200882 0.6665842 0.8180718 0.6659535 -0.0251474 0.5658400 0.4459240 0.5874709 0.7490465 0.4690373 -0.0030551 0.7574516 -0.0228429 0.4471068 0.3342553 0.4793317 0.1230068 0.5342188 0.7465599 0.4276682 0.5524129 0.5981777 0.7073937 0.5792146 0.7293213 0.4487255 0.6680776 0.5853343 0.3787828 0.5821970 0.5952677 0.3895077 0.2143988 0.2606229 -0.3468679 -0.1962990 -0.3674909 -0.3523943 -0.6841059 -0.4266527 -0.5882716 -0.6931071 -0.2404046 -0.4082063 0.0402227 -0.6430881 -0.5142492 -0.5554648 -0.3338329 -0.0624571 -0.6868752 -0.7154394 -0.5304847 -0.0905164 -0.1608239 -0.6262564 -0.3814567 -0.7266655 -0.2364602 0.0226677 -0.3397113 -0.0043806 -0.6587251 -0.1714486 0.0166293 -0.0478844 0.0323272 -0.0695916 -0.0524871 -0.1122734 -0.0319864 -0.3482421 -0.4069774 -0.2206141 -0.0422314 0.1383862 -0.2900081 -0.0227251 -0.1588939 -0.0797515 -0.0875511 0.0970998 -0.2015053 0.0086581 0.3282016 -0.2071416 -0.2743413 -0.2943909 -0.2463307 -0.2147717 -0.1367845 -0.0542955 -0.1266024 -0.1470559 -0.3004902 -0.3950829 -0.4175430 -0.7248376 -0.2607912 -0.1746213 -0.2604551 -0.2010884 -0.0694089 -0.6086267 -0.4022104 -0.3681969 -0.0791320 -0.3304001 -0.6239491 -0.1792295 -0.5001617 -0.2552367 0.4499655 -0.3873177 -0.2136262 -0.4499913 0.0125100 -0.4719113 -0.3626222 -0.2198874 -0.3871346 -0.2216471 -0.0375463 -0.0463979 0.2218772 -0.3223260 -0.2917082 0.0140405 -0.1406895 0.0422939 -0.1707687 -0.7198030 -0.7324959 -0.5936398 0.1774841 -0.2058451 0.2949089 -0.2077270 0.1161902 0.1734168 0.1888921 -0.0054661 0.0404184 0.0793057 -0.1020282 -0.0476250 -0.0100228 0.0637225 -0.1990706 -0.2754368 0.3104909 -0.1323075 0.3039587 -0.2970878 -0.0482148 -0.1336878 0.0961804 0.0546884 -0.2028804 0.1243086 0.3388536 -0.0859884 0.0246207 -0.2779509 0.1117176 0.0932774 -0.3964888 0.4424014 -0.1513382 -0.1077654
-0.3102235 0.6000979 0.7250963 0.7019578 0.4963457 0.7049539 0.6462885 0.6648708 0.8271014 0.8873912 0.7625713 0.4817311 0.4115296 0.1705649 0.3873669 0.4255745 0.0000000 -0.0603413 0.2198972 0.4433249 0.4406631 -0.0915478 0.7906555 0.0247971 0.0842187 0.4132851 0.4822406 -0.2785918 0.4980424 0.0652713 0.1823500 -0.0724263 0.0743285 0.3828335 0.6471305 0.4280852 0.3138581 0.1813770 0.9053805 0.6873597 -0.0236176 0.4851772 0.7779315 0.7596315 0.5423161 0.4093521 0.3637251 0.1916721 0.6319857 0.2743119 0.4860410 0.7471149 0.5008152 0.8634769 0.0892008 0.2513894 0.2200532 0.8060569 0.0408167 0.4804269 0.3557237 0.5853753 0.3371279 0.6852121 0.5564836 -0.0237470 0.3662961 0.7354239 0.0811322 0.6378191 0.1999623 0.5603481 0.4631723 0.5300856 0.0983823 0.1861804 0.2786201 0.1189442 0.3511668 0.0724090 0.0289147 0.2829999 -0.3151304 -0.2835795 -0.3005002 -0.5850771 -0.5294626 -0.1303700 -0.5312495 -0.5204735 -0.2080892 -0.5066022 -0.3607584 -0.2826925 -0.4087788 -0.4597600 -0.3153003 -0.4971092 -0.4180722 -0.3264957 -0.3591350 -0.6975827 -0.5711084 -0.6900774 -0.4637232 -0.3575650 -0.6648062 -0.3447683 -0.5378899 -0.5402256 -0.3002152 -0.5579985 -0.5714168 -0.5503650 -0.4708343 -0.5523183 -0.5218941 -0.4452390 -0.4352911 -0.3349199 -0.4600640 -0.4903940 -0.0119680 -0.2305068 -0.4395670 0.0287599 -0.0457876 0.0619935 -0.2534247 -0.2490349 -0.4170685 -0.0325345 0.3026479 -0.1306916 0.1219406 -0.0913767 -0.4346653 -0.1502657 -0.2945508 0.0838711 0.3388748 -0.1558427 0.2250536 -0.3076677 -0.3643322 -0.0707291 -0.1609622 -0.0049621 0.3244517 -0.1481604 -0.2103754 -0.3958312 -0.0952778 0.4355789 0.1240063 -0.3887601 -0.0423655 0.1805268 0.0589690 -0.3467939 0.6141513 -0.1152019 -0.3364403 -0.3138849 0.3521669 0.0089629 0.2243990 0.3888305 0.0817943 0.2093290 0.5307153 0.5300708 0.0820321 -0.0737915 0.3542104 0.3999227 0.2010692 0.1331447 0.0891899 -0.1132893 -0.2674076 -0.1107231 -0.0213765 -0.1760957 0.2314714 0.2812112 0.1799852 0.1260341 0.2690948 0.3840038 -0.1233384 0.1742184 -0.1067950 -0.1402877 -0.0484992 0.1023587 0.0434206 -0.2543831 0.0987320 -0.1078770 -0.2291471 -0.4423904 -0.3831540 -0.4550379 0.2810567 0.0930084 -0.1573295 -0.0889247 -0.3758599 -0.3869717 -0.4904330 -0.2946306 0.3306762 -0.1641598 0.1088705 -0.2817331 0.0559425 0.3964061
