0.0000000 0.5838126 0.6216479 0.3250507 0.5974512 0.1109135 0.1594967 0.3640925 0.3444515 0.0412674 -0.0694232 0.5836809 0.7141821 0.2429075 0.5648957 -0.3875824 -0.1244379 0.3332898 -0.5288150 0.8161778 0.4212256 -0.4055039 -0.4218302 0.5267861 -0.6662542 -0.6766987 -0.0043477 0.3314282 0.4264992 0.1799233 0.1358763 -0.5225255 0.4403124 0.3144819 -0.6218606 0.3321563 -0.5552932 -0.3991694 0.0238623 0.1363179 -0.1839629 0.4870345 -0.3585866 0.3537847 0.5801698 -0.3788317 -0.4563437 -0.2302681 0.5024178 -0.1308427 -0.4678206 -0.1448334 0.5276085 -0.1487632 -0.1604913 -0.3118332 -0.3286660 0.2031724 0.6818209 -0.4524067 0.6655281 -0.4366195 0.3982260 0.3268065 0.4029420 0.0089334 -0.3945110 -0.1761404 0.0742598 0.0267910 -0.3122600 0.4283878 -0.3503079 0.4313965 -0.0290026 -0.2576911 0.1830476 -0.2570030 -0.3985288 -0.2298355 -0.1130806 0.3950101 0.6061795 0.2463122 0.2249892 0.4053530 0.2554586 0.3882129 0.1063223 0.3220677 0.0256772 0.0641601 0.0843396 0.2561728 0.2552841 -0.0240306 0.0521847 0.0303995 0.4289552 0.3870467 0.3359551 0.4155571 0.6046586 0.0323345 0.0165674 0.4127594 -0.0079586 0.0256921 0.2692283 0.2230431 0.5699836 -0.0919446 0.1828058 0.3670103 -0.0138602 -0.0552809 -0.0714206 -0.0179397 -0.0923147 -0.0540563 -0.0875834 -0.1615314 -0.6617859 -0.0403401 0.0406218 -0.3454908 -0.2836852 -0.5612573 -0.5070801 -0.4193885 -0.3440539 -0.4205024 -0.3196970 -0.6790246 -0.2750557 -0.6368009 -0.4800504 -0.4054131 -0.4274802 -0.3665874 -0.2894708 -0.3979383 -0.6453079 -0.6810962 -0.4583080 -0.4903857 -0.4596796 -0.3837765 -0.5093305 -0.6061612 -0.5393401 -0.5446755 -0.3901937 -0.3088671 -0.4445314 -0.6055411 -0.5622907 -0.3186492 -0.5647262 -0.5725207 -0.4788352 -0.4291389 -0.6646257 -0.3741200 -0.4920346 -0.5577260 -0.2947071 -0.4737322 -0.4006046 -0.5247282 -0.4450607 -0.4991319 -0.0756277 0.5161009 0.6292591 0.3604583 0.5999827 0.6865594 0.5413004 0.6953639 0.5493533 0.4373836 0.4809265 0.3373442 0.6925885 0.4068282 0.4927621 0.1817871 0.4120956 0.4766620 -0.1248811 0.3144069 0.3629535 -0.2614798 -0.3032955 -0.2792775 -0.4843865 0.1942946 -0.3443393 -0.4320530 -0.0528615 0.1050314 0.2537107 0.0623281 0.4485371 0.0433588 -0.1133105 0.0830821 -0.2786420 0.0712129 -0.0703411 -0.1405206 0.4657832 0.2633427 0.3455833 0.2944395 0.3261118 0.4695828
0.5838126 0.0000000 0.5804270 0.3728763 0.4457894 0.3748156 0.5098784 0.2910221 0.5749347 0.3475787 0.0653411 0.8387829 0.4492778 0.5239929 0.8795426 -0.3908593 -0.0404715 0.5585149 -0.6647714 0.6592503 0.5929921 -0.4452902 -0.2993508 0.7417236 -0.6330246 -0.5069549 0.2918810 0.5889547 0.7304550 0.4864233 0.1829896 -0.5486638 0.5753434 0.5397571 -0.4740976 0.5272557 -0.5143130 -0.5185477 0.4038339 0.4590742 -0.1059882 0.6344658 -0.2103089 0.5387520 0.6129892 -0.5965934 -0.6032157 -0.2841192 0.7076782 -0.2926453 -0.5222861 0.1718461 0.6917890 0.3269240 -0.1693346 -0.5754784 -0.5576426 0.6258311 0.3883842 -0.5452902 0.5590117 -0.0880172 -0.1306499 0.6487876 0.3909560 -0.5763544 -0.5037813 0.3642893 -0.4732516 0.4311364 -0.6308325 0.5467995 -0.2046642 0.4504841 -0.4979843 0.0884234 0.5187127 -0.4987273 -0.2410737 0.0402368 -0.3113128 0.6219083 0.6503770 0.3625886 0.3866975 0.4152615 0.1880467 0.5038997 0.2169633 0.3973654 -0.0191311 -0.0487480 -0.0895150 0.3354538 0.2545638 0.0267177 -0.1440139 -0.1259904 0.3877444 0.2958720 0.3867846 0.3197081 0.5857525 0.1101294 -0.0435271 0.2872623 0.2404352 0.3512093 0.2564559 0.5881846 0.3915861 0.3827955 0.6669115 0.6644900 0.4695747 0.4452787 0.4106043 0.2389374 0.3053498 0.0811899 0.2187445 0.3422144 -0.4263523 0.1088523 0.0513854 -0.2366223 -0.1184858 -0.5948838 -0.4821286 -0.2389400 -0.2768387 -0.5054926 -0.5057013 -0.4945889 -0.2377687 -0.5032225 -0.4695287 -0.5127213 -0.5297670 -0.1460293 -0.3592299 -0.4451137 -0.4275434 -0.5442013 -0.3161575 -0.5105439 -0.5004498 -0.4985383 -0.3601988 -0.3464314 -0.2285102 -0.1935416 -0.4537080 -0.2143356 -0.4696531 -0.3712596 -0.3402317 -0.4065399 -0.3097342 -0.1927556 -0.4546888 -0.5024309 -0.4125904 0.0082195 -0.4820095 -0.2309626 0.0606521 -0.0501989 -0.0487914 -0.1948919 -0.2328231 -0.2346529 0.1664745 0.7900213 0.7625180 0.4219944 0.5692071 0.6142923 0.6426584 0.8593518 0.6244146 0.5589273 0.4863483 0.4169162 0.6323170 0.2718696 0.2383498 0.0460583 0.4103284 0.6061389 -0.0114900 0.4266221 0.2236231 -0.1336787 -0.1189459 -0.2181630 -0.2151638 0.1214498 -0.3958276 -0.2866452 0.1432626 0.1675197 0.3172629 0.0663898 0.3828434 -0.1317877 -0.3690642 0.1517086 -0.0328664 0.1670805 0.1922326 0.2880001 0.4920485 0.6150070 0.4939031 0.2746119 0.5320027 0.5524696
0.6216479 0.5804270 0.0000000 0.8429918 0.9438752 0.7931168 0.7809011 0.8395491 0.8721048 0.6424959 0.5818066 0.7568224 0.8009542 0.1348250 0.5836700 -0.2314767 0.3368019 0.6716688 -0.4056070 0.6195406 0.8499405 -0.2167276 -0.3878131 0.7421920 -0.2750732 -0.6060226 0.1408176 0.4957366 0.7711690 0.2598842 0.4622732 -0.1424536 0.8387480 0.7910193 -0.6004003 0.4485064 -0.6975358 -0.3330929 0.2295694 0.4889144 -0.4736081 0.3270842 -0.2548551 0.6665529 0.5123775 -0.5562030 -0.6299902 -0.5552765 0.7360207 0.2886516 -0.6479225 -0.0192434 0.8581176 0.2358671 0.3486237 -0.2293115 -0.6959199 0.4873842 0.8173113 -0.6183408 0.8900706 -0.2099887 -0.1818077 0.7095134 0.8505114 -0.3838210 -0.4433595 0.1662907 -0.2889559 0.4108434 -0.4653307 0.7783994 -0.3946103 0.7651287 -0.3944578 0.2383773 0.4785966 -0.5867891 -0.2756973 0.2711164 -0.4810792 0.4468176 0.1968211 0.3425105 0.4541288 0.3269588 0.4461173 0.3377851 0.3108680 0.2282691 0.2009451 0.2547797 0.1968143 0.3209081 0.3375110 0.3171786 0.0942305 -0.0162890 0.3444943 0.0365664 0.1656493 0.1784129 0.3333716 0.1454375 0.1408952 0.2946680 0.3628306 0.5689835 0.2294755 0.3266200 0.2525478 0.3434623 0.3812954 0.1450405 -0.1086758 -0.1044137 -0.0744519 -0.3590167 -0.2663013 -0.4491444 -0.2859293 -0.0286718 -0.5820906 -0.4665466 -0.3648818 -0.5769664 -0.3852993 -0.6825101 -0.5893439 -0.5711348 -0.4736807 -0.6531338 -0.6301738 -0.6145637 -0.4132278 -0.5259778 -0.6461675 -0.5986280 -0.5902539 -0.3889462 -0.4839333 -0.5202410 -0.4682084 -0.4687827 -0.5190853 -0.5859465 -0.5497691 -0.5472704 -0.3729761 -0.5161229 -0.4208938 -0.1099725 -0.5172207 -0.3125706 -0.6109687 -0.2569751 -0.1484393 -0.5230573 -0.1968037 -0.1748090 -0.5640038 -0.6380277 -0.4221018 0.1560147 -0.6348810 -0.2674309 -0.0051124 -0.1739209 0.0398755 -0.2365489 -0.3527199 -0.2381875 0.5674481 0.7427068 0.8662162 0.8655198 0.9104247 0.8511544 0.9464190 0.6972531 0.7355614 0.6936592 0.4418363 0.5494804 0.7524715 0.6479327 0.5149453 0.6350870 0.7106937 0.6766721 -0.5055098 0.3951052 0.2409354 -0.5623985 -0.5300633 -0.6077668 -0.6151591 -0.0614688 -0.0768015 -0.6498500 0.5520558 0.2387867 0.4908721 0.4509965 0.8291300 0.3620485 -0.4423577 0.7526152 0.3901509 0.2476808 0.2625078 0.1156048 0.8944119 0.6204627 0.6744883 0.5731371 0.8520728 0.8976543
0.3250507 0.3728763 0.8429918 0.0000000 0.7973885 0.8882384 0.6981092 0.8470855 0.7980722 0.6415012 0.7035328 0.5213604 0.6151648 -0.0988189 0.3946810 -0.0691928 0.4856109 0.5251092 -0.1797282 0.2901453 0.7822888 -0.0391747 -0.2648575 0.6367757 0.0277390 -0.4505915 0.0674424 0.2552371 0.7432415 0.0414792 0.4903830 0.1505971 0.7440534 0.7698797 -0.4006568 0.4192672 -0.5655945 -0.1540230 0.0688754 0.3376894 -0.5538306 0.2576641 -0.1012233 0.4972514 0.4992530 -0.3941516 -0.4039814 -0.5388052 0.5495411 0.4873809 -0.4382698 -0.0612624 0.7368949 0.1742803 0.5367115 -0.0111654 -0.5847289 0.4054403 0.5913458 -0.4524221 0.7367536 -0.0632768 -0.2776679 0.6011475 0.8421825 -0.3352615 -0.2335042 0.2942412 -0.2444017 0.4527342 -0.2933915 0.6303328 -0.1997400 0.6372975 -0.3158263 0.4471345 0.3538532 -0.5009004 -0.1223071 0.3352040 -0.4656164 0.3058265 -0.0224685 0.4810451 0.5611723 0.2787849 0.4994107 0.4288164 0.4495750 0.2849966 0.3139491 0.3170743 0.1753729 0.4463886 0.3219835 0.3867335 0.0695296 -0.0422995 0.2628235 0.0715593 0.2149522 -0.0357393 0.0780143 0.3650689 0.1915079 0.2283238 0.2936877 0.6299725 0.2119761 0.1554907 0.0534342 0.3907585 0.1848627 -0.1524082 -0.3129451 -0.3328745 -0.3255297 -0.6660067 -0.4824713 -0.7616156 -0.5776666 -0.2375675 -0.4195800 -0.6629568 -0.6738871 -0.7805255 -0.4958934 -0.5887014 -0.6234625 -0.7001950 -0.6103614 -0.6714620 -0.6969249 -0.4963306 -0.5147001 -0.3973181 -0.7307781 -0.6685629 -0.6182230 -0.5051241 -0.4935219 -0.5942870 -0.3259676 -0.3539369 -0.5873138 -0.5195592 -0.5511888 -0.5602139 -0.2382317 -0.3884394 -0.3239919 0.0250279 -0.5710318 -0.2546481 -0.6427071 -0.1506709 0.0354174 -0.6534560 -0.0090268 0.0654048 -0.5282995 -0.6252437 -0.1653103 0.3247985 -0.5708293 -0.0652547 0.1107427 -0.0333188 0.2159433 0.0313240 -0.2084674 -0.0727193 0.6131381 0.5279434 0.6766076 0.8443453 0.7739180 0.7015229 0.7977717 0.4434258 0.7101464 0.6896014 0.4008793 0.5855858 0.5265364 0.4833099 0.1392282 0.6169806 0.5279450 0.4858304 -0.7670113 0.1522105 0.0561587 -0.7624380 -0.7520943 -0.8006220 -0.7610308 -0.2278915 0.0677041 -0.8079917 0.7401664 0.4473742 0.5207611 0.5673213 0.8149202 0.5249228 -0.4851888 0.8935246 0.5994178 0.3685523 0.3826796 0.0244350 0.8463018 0.5754331 0.6663097 0.7395146 0.7854554 0.8539628
0.5974512 0.4457894 0.9438752 0.7973885 0.0000000 0.7399960 0.6999802 0.8870305 0.7951183 0.6612115 0.6609779 0.6532683 0.8595903 0.1269233 0.4228582 -0.1223054 0.4702820 0.6419020 -0.3023858 0.6422636 0.8618799 -0.1399224 -0.2391853 0.6346444 -0.1807762 -0.4964624 0.2248682 0.5105767 0.7114326 0.2668636 0.5018046 -0.0373398 0.7871311 0.7406199 -0.4631147 0.5184490 -0.6005459 -0.2313415 0.2512561 0.4859165 -0.5007640 0.3793111 -0.1561978 0.5836357 0.5116549 -0.4622264 -0.5311477 -0.5503273 0.6253262 0.4177848 -0.5508419 -0.0173774 0.7878404 0.1817185 0.4726641 -0.0951660 -0.6110804 0.3513424 0.8011922 -0.5308324 0.8852923 -0.2286833 -0.1892201 0.5961691 0.7974178 -0.2629876 -0.4284444 0.0602766 -0.2268113 0.3453883 -0.4308492 0.6684442 -0.4538150 0.6657675 -0.3243295 0.1992916 0.3632831 -0.5944913 -0.3616679 0.1616994 -0.5472132 0.4531058 0.1596206 0.3379720 0.4350363 0.3714082 0.5254097 0.2353521 0.3340933 0.1708881 0.2735173 0.3418472 0.3032734 0.3465601 0.3299624 0.3717700 0.1642715 0.0375492 0.3281380 0.0459272 0.1381154 0.1972863 0.3275396 0.2260891 0.2474742 0.2863748 0.4008581 0.6079523 0.2343738 0.3429475 0.2444665 0.2979454 0.2845383 0.0308881 -0.1535613 -0.2137917 -0.1731391 -0.4075320 -0.3296947 -0.5116186 -0.3744623 -0.1320468 -0.6386344 -0.6405800 -0.3975132 -0.6682260 -0.5205658 -0.7159386 -0.6064147 -0.7046397 -0.5151318 -0.7259789 -0.6710629 -0.7310588 -0.4847976 -0.5992264 -0.6800720 -0.6253911 -0.6194559 -0.4708990 -0.5427575 -0.5496230 -0.5458996 -0.5493143 -0.5768102 -0.6491157 -0.5947089 -0.6231041 -0.4091438 -0.5770547 -0.4924831 -0.1932932 -0.5234593 -0.3558169 -0.7168485 -0.3378110 -0.2039401 -0.5901590 -0.2572355 -0.2240102 -0.6391469 -0.6715138 -0.4225858 0.0561536 -0.6985128 -0.3142306 -0.0703907 -0.2552849 -0.0158889 -0.2904460 -0.4110921 -0.3030337 0.6505534 0.6869571 0.7473505 0.7900862 0.8800102 0.8492986 0.9241939 0.6050519 0.7437725 0.7042597 0.5320807 0.5821094 0.7111679 0.5211770 0.3859483 0.6286085 0.6237299 0.5574749 -0.6066905 0.2611883 0.1354784 -0.6764492 -0.6390274 -0.7165570 -0.7020976 -0.2653897 -0.1617021 -0.7273793 0.5124694 0.2131832 0.4790796 0.4719823 0.9047043 0.5233934 -0.4501076 0.7297605 0.3586763 0.1131800 0.1911700 0.0069045 0.9179246 0.4867368 0.5948685 0.5798467 0.8336723 0.8759993
0.1109135 0.3748156 0.7931168 0.8882384 0.7399960 0.0000000 0.8925199 0.7651577 0.9133273 0.8309602 0.7827900 0.5596176 0.4069717 -0.0492273 0.4574797 -0.1513722 0.5020151 0.7010772 -0.2864123 0.1430044 0.7868014 -0.1709842 -0.2466848 0.7023579 0.0248947 -0.3841792 0.2694917 0.4290356 0.8086388 0.2298073 0.3576285 0.1121299 0.8524037 0.8890222 -0.3812065 0.3456006 -0.5807087 -0.2958335 0.2138103 0.5320473 -0.6320995 0.1666891 -0.1522631 0.6063617 0.3357733 -0.5722058 -0.5612799 -0.6789774 0.6225342 0.3865410 -0.5691287 -0.0024846 0.7588672 0.3491847 0.4891682 -0.1781137 -0.7489865 0.5536307 0.5526108 -0.5510472 0.6687440 -0.0296193 -0.6357131 0.7078018 0.8407664 -0.6179255 -0.3724195 0.3366961 -0.5617623 0.5075586 -0.4840051 0.6866804 -0.3156491 0.7183306 -0.5806480 0.4773579 0.5024025 -0.6659989 -0.1623779 0.4642452 -0.6311192 0.2472427 -0.1614068 0.3097691 0.4306981 0.1009779 0.3174381 0.1166786 0.3003726 0.0334946 0.1308582 0.1910294 0.1147859 0.1746740 0.1469320 0.3053346 0.0181802 -0.0675749 0.0564906 -0.2597289 -0.0496008 -0.1411800 -0.0355170 0.1374084 0.1080026 0.0046065 0.3964637 0.6966704 0.1194933 0.2255210 -0.1051424 0.4517160 0.2098918 -0.1426368 -0.2037446 -0.2203392 -0.1520231 -0.5127907 -0.3507556 -0.5674929 -0.3720806 -0.0245607 -0.3344047 -0.6298216 -0.5062720 -0.5837262 -0.3565445 -0.5746798 -0.4222179 -0.5097090 -0.4067670 -0.6328396 -0.6180309 -0.3412472 -0.3915345 -0.2875170 -0.5450664 -0.5080791 -0.4946486 -0.2673632 -0.5017283 -0.4618220 -0.1955960 -0.1394089 -0.3825428 -0.4881807 -0.4633359 -0.5252697 -0.2038014 -0.3420647 -0.2482293 0.2266754 -0.4842821 -0.2744401 -0.5745036 0.0205779 0.1233358 -0.5410105 0.0740671 0.1202148 -0.5257771 -0.5774728 -0.1012179 0.4480789 -0.5666972 0.0372852 0.1185692 0.0380168 0.3027625 0.0014745 -0.2429622 -0.0524666 0.7809900 0.6449027 0.6841615 0.8686816 0.7663450 0.6765810 0.8140340 0.4185013 0.6038557 0.5601114 0.2309719 0.4425902 0.4168018 0.5473568 0.2408483 0.7076224 0.6353675 0.5929605 -0.5706327 0.3724829 0.1847274 -0.5661953 -0.5197403 -0.5783666 -0.4779683 -0.1223270 -0.0061189 -0.5501008 0.7498024 0.3608405 0.4815717 0.5543049 0.7239647 0.4138457 -0.4537871 0.9104597 0.7036848 0.4639838 0.4467737 0.3156931 0.8349707 0.7279145 0.7176220 0.5049596 0.8666074 0.8771701
0.1594967 0.5098784 0.7809011 0.6981092 0.6999802 0.8925199 0.0000000 0.7018816 0.9512949 0.8130985 0.7175108 0.7658400 0.3757243 0.2308939 0.5917754 -0.0994184 0.4653630 0.8028840 -0.2984562 0.2397241 0.8330916 -0.2092356 -0.1552810 0.7424573 -0.0726279 -0.2807359 0.4295435 0.6188008 0.8227284 0.4383220 0.3271819 -0.0337616 0.8428031 0.8836687 -0.3134998 0.3899895 -0.4807870 -0.3465812 0.4351803 0.6088696 -0.4969570 0.2195526 -0.0971207 0.5924462 0.3425599 -0.5883647 -0.5714912 -0.5999742 0.6933988 0.1615336 -0.5427798 0.1412217 0.8072984 0.4255805 0.2679094 -0.3488773 -0.7237594 0.5983179 0.5452074 -0.5067578 0.6892381 0.0395035 -0.6572581 0.8116704 0.7383038 -0.6901290 -0.3723516 0.3632433 -0.6209585 0.5658166 -0.5114983 0.7855763 -0.2868535 0.6990566 -0.5919922 0.4131010 0.5630919 -0.6140535 -0.1375293 0.4768325 -0.5663974 0.3070448 -0.0420829 0.1156031 0.2719070 0.0529073 0.1834931 0.0281511 0.1388372 -0.0604466 0.0198202 0.1079751 0.1243461 0.0410043 0.0960595 0.1890012 0.0296063 -0.0062730 0.0413360 -0.3298538 -0.1490483 0.0047431 0.0953699 -0.0443077 0.0664863 -0.0224902 0.4495206 0.6265973 0.1010762 0.3718156 -0.0543982 0.4879849 0.4312371 0.1253099 0.0903707 0.0576834 0.0864299 -0.2219143 -0.0860121 -0.2700771 -0.1068590 0.1695904 -0.3337621 -0.3938461 -0.2147040 -0.4113265 -0.2222911 -0.5482126 -0.3464371 -0.3309379 -0.2287279 -0.5648163 -0.5137581 -0.3289231 -0.3175682 -0.3172082 -0.3939957 -0.3854333 -0.3901663 -0.2066317 -0.4870926 -0.4154319 -0.2043447 -0.1843322 -0.2629766 -0.5164209 -0.3847942 -0.4699430 -0.2292450 -0.4151158 -0.3484185 0.1141723 -0.4398848 -0.2802016 -0.5060634 -0.0598483 0.0134500 -0.4283825 0.0003787 -0.0682332 -0.4987157 -0.5978078 -0.2495384 0.3213569 -0.5397975 -0.0572790 0.0346448 0.0014507 0.1982512 -0.1156823 -0.2770053 -0.1096614 0.6858758 0.7420910 0.8101274 0.8412619 0.8105575 0.7207989 0.8608727 0.5504032 0.5280607 0.5008236 0.1879329 0.4234958 0.5124927 0.5634521 0.3768775 0.5602675 0.6525869 0.6529923 -0.2825241 0.4956120 0.2539085 -0.3774205 -0.3139757 -0.3733805 -0.2570953 0.0074347 -0.1261792 -0.3308103 0.6773687 0.3031058 0.5198594 0.5068405 0.6575919 0.2156798 -0.3810533 0.7724075 0.6265248 0.3776687 0.4735819 0.4109479 0.7486772 0.6979948 0.5894038 0.2946887 0.8489764 0.8339196
0.3640925 0.2910221 0.8395491 0.8470855 0.8870305 0.7651577 0.7018816 0.0000000 0.7723049 0.7077811 0.8647793 0.5455563 0.8032225 0.0969689 0.2134362 0.2347973 0.7011364 0.5547682 0.0442874 0.4880894 0.8955010 0.2069067 0.0167805 0.4352164 0.1494812 -0.2155271 0.2768389 0.3556416 0.6248429 0.1969324 0.7296118 0.2589138 0.6068331 0.6735186 -0.1686846 0.6476032 -0.3619166 0.0721724 0.2778976 0.3997797 -0.3138563 0.4071536 0.1506205 0.3077911 0.6018553 -0.2283875 -0.2875395 -0.3183010 0.3952821 0.5813540 -0.2890802 0.1567557 0.6979997 0.1945302 0.6239810 0.1046513 -0.4499647 0.1830864 0.6230584 -0.3118448 0.8588742 0.0864810 -0.2451712 0.5768191 0.7357528 -0.1593517 -0.1421826 0.2817143 -0.1149661 0.4679686 -0.1956718 0.6154244 -0.1474414 0.5167653 -0.1788468 0.4349874 0.2899075 -0.3656755 -0.0871142 0.3147655 -0.3327020 0.3812709 -0.0153500 0.3378339 0.4462552 0.3162833 0.5852432 0.3025418 0.4068534 0.2185914 0.4379568 0.4595351 0.3612819 0.4628215 0.3977747 0.4873386 0.2151653 0.0466596 0.3334633 0.0826759 0.1602782 0.1128133 0.1720303 0.3922839 0.3555630 0.3524219 0.4129139 0.6577133 0.3157160 0.2794343 0.2243026 0.4470953 0.2731152 -0.1270865 -0.2773784 -0.3480077 -0.3971368 -0.6522780 -0.5320070 -0.7081384 -0.6151591 -0.3404330 -0.4770484 -0.7489565 -0.5911490 -0.7043558 -0.6317869 -0.6007667 -0.6065424 -0.7682369 -0.5867558 -0.6592767 -0.7003279 -0.5828543 -0.5026122 -0.4471954 -0.6822355 -0.5990481 -0.5694970 -0.4558532 -0.4977344 -0.5043005 -0.4088349 -0.4326038 -0.5874476 -0.5167981 -0.5334666 -0.5819890 -0.2635032 -0.4652252 -0.4298728 -0.1060762 -0.5487012 -0.2488827 -0.6946400 -0.2026961 -0.0359238 -0.6100205 -0.0841795 -0.1122398 -0.5674422 -0.6697403 -0.2546905 0.1609957 -0.6124316 -0.1563199 0.0126725 -0.1168868 0.1098890 -0.1003510 -0.2695698 -0.1557730 0.6625865 0.4506537 0.6091864 0.6855695 0.7251824 0.6977229 0.8472202 0.4714221 0.6909970 0.7847623 0.5559457 0.7700525 0.6656783 0.3488854 0.1501147 0.4742503 0.4031326 0.3163571 -0.6865815 -0.0101600 -0.1776975 -0.7627565 -0.6760693 -0.8343381 -0.7211989 -0.4719815 0.0412947 -0.7728373 0.7405001 0.4808627 0.6254703 0.6517986 0.9284063 0.6434394 -0.3743519 0.8734811 0.6278349 0.2244358 0.4849669 0.0478333 0.8474375 0.3302768 0.5437373 0.6183893 0.7848700 0.8511373
0.3444515 0.5749347 0.8721048 0.7980722 0.7951183 0.9133273 0.9512949 0.7723049 0.0000000 0.8167011 0.7010204 0.8094296 0.5208669 0.2207770 0.6736997 -0.1865729 0.4574633 0.8673068 -0.3935383 0.3637687 0.8738201 -0.2640884 -0.2392247 0.8239486 -0.1745667 -0.4238840 0.4142521 0.6530508 0.8980628 0.4613529 0.3798805 -0.0662198 0.9014745 0.9263766 -0.4222543 0.4380453 -0.5666932 -0.3537889 0.4034806 0.6706496 -0.4934738 0.3214492 -0.1323320 0.6439119 0.4729864 -0.5921828 -0.6036144 -0.5856606 0.7229560 0.2498522 -0.5928142 0.1371561 0.8492242 0.3793907 0.3256098 -0.2796041 -0.7260032 0.5810600 0.6256453 -0.5809284 0.7831494 -0.0280982 -0.5340789 0.7920191 0.8047556 -0.5934592 -0.4387558 0.3079220 -0.5165529 0.5015147 -0.5504737 0.7778300 -0.3685460 0.7225945 -0.5429502 0.3388876 0.5138522 -0.6742489 -0.2499232 0.3693292 -0.5968006 0.3958964 0.0905446 0.2716182 0.4159282 0.1955486 0.3185566 0.1491738 0.2566390 0.0971180 0.1314577 0.2105815 0.1867084 0.1585531 0.2464861 0.2863987 0.1372078 0.0357705 0.2099093 -0.1708532 0.0167219 0.0991364 0.2302902 0.0627807 0.1341810 0.1330605 0.4656678 0.6696631 0.2127880 0.4234115 0.1272264 0.4583059 0.4060524 0.1427094 -0.0163115 -0.0242627 -0.0027381 -0.3447284 -0.1793037 -0.3670221 -0.2052502 0.0778401 -0.3942669 -0.4642786 -0.2919668 -0.5240605 -0.2715599 -0.6058815 -0.4818350 -0.4345357 -0.3453580 -0.5950007 -0.5591233 -0.4278911 -0.2859866 -0.3462102 -0.5065374 -0.4972075 -0.4789385 -0.2433188 -0.4290351 -0.4755966 -0.2522085 -0.2752721 -0.3651621 -0.5082128 -0.4471053 -0.4890560 -0.2033338 -0.4528813 -0.3432994 0.1004848 -0.4736532 -0.2050512 -0.5471197 -0.0922628 0.0292827 -0.4561225 0.0006165 -0.0531140 -0.5134192 -0.5850217 -0.2624660 0.3739660 -0.5487659 -0.0426476 0.1075817 0.0250727 0.2575552 -0.0839683 -0.2343194 -0.0798472 0.6481413 0.7781735 0.8625863 0.8512257 0.8523192 0.7959200 0.9062993 0.6270219 0.6272759 0.5899472 0.2959407 0.4815405 0.5635324 0.5969501 0.3587547 0.5727008 0.6549052 0.6693654 -0.3769200 0.4614385 0.2835528 -0.5026082 -0.4351446 -0.4934673 -0.4291229 -0.0295489 -0.1705145 -0.4708511 0.6351154 0.3041058 0.5505197 0.4576736 0.7513831 0.2975391 -0.4549627 0.7824631 0.5364811 0.3579298 0.4698006 0.3420552 0.8458982 0.7788958 0.6806000 0.3888166 0.9157304 0.9133963
0.0412674 0.3475787 0.6424959 0.6415012 0.6612115 0.8309602 0.8130985 0.7077811 0.8167011 0.0000000 0.8377847 0.5617115 0.4232251 0.3599241 0.3785327 0.0874583 0.7188419 0.7833783 -0.1997418 0.2564955 0.7613164 -0.0596514 0.1467321 0.5951302 0.0928589 -0.0701404 0.6116625 0.6990089 0.7690223 0.5516613 0.4136673 0.1939004 0.7524220 0.8654653 -0.0576960 0.4496118 -0.3282469 -0.1525114 0.5617986 0.7981057 -0.3186208 0.2874401 0.1811981 0.5909918 0.3732039 -0.4896050 -0.4758716 -0.4384294 0.6013987 0.3171852 -0.4037635 0.3914709 0.7494691 0.6975378 0.4596685 -0.1967787 -0.6176989 0.5979227 0.3574247 -0.3870661 0.6149926 0.2750468 -0.7319903 0.7524388 0.7196732 -0.5493448 -0.2947312 0.5686520 -0.6280817 0.6962473 -0.4980728 0.6879312 -0.1429983 0.6298962 -0.6460541 0.6252387 0.6412128 -0.6033834 0.0326933 0.5830308 -0.5013493 0.1831608 -0.1786437 0.1212362 0.2327927 -0.0287827 0.1861071 -0.1572181 0.1374335 -0.1629670 0.0630247 0.1029734 0.0475520 0.0127490 0.0355708 0.2483433 -0.0241005 -0.1908959 -0.0723963 -0.3606000 -0.2231974 -0.1912404 -0.1046136 0.0485728 0.0929652 -0.1051533 0.3863109 0.6061943 0.0478242 0.3115298 -0.1590531 0.4117584 0.1762640 -0.2161985 -0.0857418 -0.2203809 -0.1351268 -0.3737199 -0.3327832 -0.4477252 -0.3459946 -0.0721917 -0.3724927 -0.6694195 -0.3502446 -0.3539033 -0.5077517 -0.6250181 -0.2259675 -0.4876974 -0.2858597 -0.6533959 -0.6319473 -0.2465353 -0.3223940 -0.2684933 -0.3682713 -0.3205107 -0.3824317 -0.0072614 -0.4693791 -0.2090389 -0.1459119 -0.0531390 -0.1861969 -0.4178282 -0.3554197 -0.4748199 -0.2019547 -0.2059959 -0.1615827 0.3105633 -0.3027259 -0.2790567 -0.5203516 0.0635204 0.1104058 -0.3836988 0.0748977 0.1025056 -0.4843503 -0.4704392 -0.1150412 0.3600093 -0.5181178 0.0276738 0.0551370 0.0596994 0.2790331 -0.0489412 -0.2674159 -0.0610544 0.6475857 0.5778021 0.5467858 0.5916273 0.5829877 0.5437831 0.7352823 0.4191706 0.4832381 0.5342416 0.2136686 0.4052119 0.2916221 0.4171016 0.1214703 0.5503416 0.5422861 0.5085336 -0.4170667 0.3248044 0.0233683 -0.4330580 -0.3157417 -0.4517585 -0.2491690 -0.2982129 0.0420161 -0.3404803 0.5676524 0.1730272 0.2773816 0.4142037 0.6129646 0.3876292 -0.2939492 0.7390929 0.5839236 0.2515953 0.3566470 0.4656215 0.7934065 0.5725637 0.5961810 0.3610326 0.8208266 0.7953719
-0.0694232 0.0653411 0.5818066 0.7035328 0.6609779 0.7827900 0.7175108 0.8647793 0.7010204 0.8377847 0.0000000 0.3577016 0.4583471 0.1077549 0.0133296 0.4304070 0.8898890 0.5546336 0.2397942 0.1564612 0.7972984 0.3432666 0.3091894 0.2954077 0.4558460 0.1346501 0.5126875 0.3783883 0.5490832 0.3128302 0.6609847 0.5140389 0.5115007 0.6575628 0.1553695 0.5870716 -0.1042831 0.2179165 0.3887263 0.4728852 -0.2744659 0.3021322 0.3717167 0.1808320 0.4264585 -0.1448832 -0.1428097 -0.2642911 0.2370192 0.6396149 -0.0986992 0.3332499 0.5543774 0.3591959 0.7245544 0.1763808 -0.3667864 0.1756777 0.3598646 -0.0987015 0.6263038 0.3671033 -0.6045270 0.5335856 0.6188367 -0.2505029 0.0277690 0.4390171 -0.3013944 0.5610418 -0.1160040 0.5016083 0.0313111 0.4075768 -0.2644956 0.6457887 0.3178370 -0.2913138 0.1205977 0.5120391 -0.3085474 0.2194271 -0.2887546 0.2331776 0.3482963 0.1044266 0.4473353 0.0017043 0.3493813 -0.0052870 0.3915317 0.4304787 0.3597599 0.2832635 0.2280922 0.4878968 0.2156844 0.0712291 0.0808304 -0.1741636 -0.0676109 -0.0858448 -0.1297704 0.3542536 0.4093339 0.1251682 0.5028057 0.7111375 0.2506222 0.2668536 -0.0498114 0.5613495 0.1593460 -0.3387235 -0.2189019 -0.3754117 -0.3859337 -0.6193243 -0.5056145 -0.6378397 -0.5829725 -0.3042056 -0.2355809 -0.8356579 -0.5335198 -0.5169993 -0.5917113 -0.4479407 -0.2797130 -0.6102092 -0.3433287 -0.5582754 -0.5618462 -0.3015887 -0.3780996 -0.2061334 -0.3995840 -0.3303724 -0.3140289 -0.2463216 -0.4255667 -0.2573462 -0.1259903 -0.1211778 -0.2757235 -0.3618341 -0.2982171 -0.4401233 -0.1091035 -0.2197623 -0.2428970 0.1992651 -0.3277673 -0.1858919 -0.5617500 0.0195238 0.1758406 -0.4490797 0.1509620 0.0984626 -0.4530724 -0.5148883 0.0163650 0.3215627 -0.4627932 0.1116552 0.0821484 0.0564319 0.2898210 0.0683382 -0.1710203 -0.0019256 0.7453066 0.3242829 0.3880276 0.5566467 0.5124173 0.4629150 0.6770343 0.2322112 0.5070792 0.6386194 0.3877399 0.6508912 0.3789933 0.1704214 -0.0570730 0.4496923 0.2743993 0.1822372 -0.5843037 -0.0508572 -0.2863543 -0.6196411 -0.5089119 -0.6763520 -0.4458938 -0.5538449 0.1606062 -0.5084631 0.8225399 0.4549770 0.5114219 0.6519255 0.7591768 0.6896302 -0.2218761 0.8620608 0.8196140 0.2547587 0.5334750 0.1812804 0.7418428 0.2366906 0.4278377 0.4658405 0.7244615 0.7288702
0.5836809 0.8387829 0.7568224 0.5213604 0.6532683 0.5596176 0.7658400 0.5455563 0.8094296 0.5617115 0.3577016 0.0000000 0.5369998 0.6106233 0.8658351 -0.2020119 0.2545707 0.7817112 -0.4964793 0.6109803 0.7932513 -0.3660011 -0.1519319 0.8447282 -0.4627290 -0.4012201 0.4808968 0.7846402 0.8603527 0.6374021 0.2542796 -0.3781051 0.7611549 0.7603286 -0.3750330 0.5192495 -0.4565068 -0.4248606 0.5989095 0.6287897 -0.2275915 0.5484343 -0.0544142 0.5784410 0.6328392 -0.5404823 -0.5327696 -0.3708800 0.7821059 -0.1186629 -0.4532355 0.3009409 0.8456893 0.4020238 -0.0529097 -0.4717720 -0.5638939 0.6071150 0.4931238 -0.4457763 0.7219327 0.0292920 -0.2374674 0.7883997 0.5758794 -0.5203482 -0.3733287 0.3553476 -0.4289320 0.5346496 -0.5216372 0.7602183 -0.2062730 0.5835899 -0.4182508 0.2153712 0.5433184 -0.4951148 -0.1736082 0.2427465 -0.3596404 0.5574485 0.5105369 0.2655206 0.3570055 0.3468958 0.2475227 0.3192171 0.2026171 0.2487249 0.0647222 0.1076636 0.1389074 0.2055334 0.2850171 0.1229399 0.0911278 0.0776680 0.3533486 0.1100842 0.1897720 0.3838566 0.5283137 0.0388051 0.0862116 0.2491675 0.3869323 0.4240041 0.2603431 0.5863428 0.2881487 0.3922016 0.5973011 0.5279407 0.3935585 0.3127704 0.2899473 0.0583297 0.1738118 -0.0162781 0.1021980 0.2550328 -0.4792393 -0.1005890 0.0745171 -0.3761208 -0.1686815 -0.6375354 -0.4354839 -0.3030640 -0.1885703 -0.5674527 -0.4673584 -0.5429047 -0.2828979 -0.5187508 -0.4239830 -0.4038194 -0.4130536 -0.2766252 -0.4068689 -0.4327016 -0.4017968 -0.5396910 -0.2817581 -0.5938023 -0.3907824 -0.4338494 -0.3289355 -0.4880640 -0.4350197 -0.1898964 -0.3920620 -0.2399216 -0.4876450 -0.4068255 -0.2667866 -0.3562232 -0.2237085 -0.2994224 -0.4796391 -0.5667428 -0.5066784 0.0503369 -0.4875828 -0.2468048 -0.0222642 -0.0889226 0.0318820 -0.2060759 -0.2642618 -0.1938339 0.2465824 0.7963037 0.9350469 0.6596228 0.7897786 0.7694146 0.8222480 0.8193783 0.5915211 0.5537907 0.3888661 0.4445106 0.6599061 0.4648607 0.3502869 0.2140410 0.5602167 0.7039795 -0.1088032 0.5130384 0.3308953 -0.3140621 -0.2877797 -0.3115724 -0.3132448 0.0895455 -0.2865582 -0.3198626 0.3423053 0.1697713 0.4330804 0.2254844 0.5639822 0.0593399 -0.3275262 0.3862065 0.1482275 0.1101890 0.2592871 0.2051159 0.6748429 0.6382165 0.4345320 0.3500745 0.6822419 0.7043048
0.7141821 0.4492778 0.8009542 0.6151648 0.8595903 0.4069717 0.3757243 0.8032225 0.5208669 0.4232251 0.4583471 0.5369998 0.0000000 0.2424898 0.2870599 0.0272725 0.3715676 0.4024245 -0.1616302 0.8390005 0.7074668 0.0750279 -0.1407793 0.3780765 -0.1968272 -0.4031921 0.0838838 0.3539028 0.4690205 0.1724831 0.6555884 -0.0403754 0.4660954 0.4391127 -0.3420151 0.5909502 -0.4205848 -0.0104416 0.2211385 0.3383734 -0.0907898 0.4809247 -0.0042568 0.3869609 0.6062374 -0.1999198 -0.3242583 -0.1521716 0.4454901 0.3656378 -0.3431427 0.0917927 0.6297004 0.1386887 0.3931975 0.0339086 -0.3252037 0.1688729 0.6719789 -0.3720253 0.8307683 -0.1308974 0.1952782 0.4416924 0.5868799 0.0609406 -0.2740040 0.1092214 0.1071117 0.2998603 -0.2406705 0.5178607 -0.2443142 0.4428090 -0.0653067 0.1293035 0.2505724 -0.3255882 -0.2267300 0.0202000 -0.2198880 0.4653594 0.3024880 0.3279135 0.3801123 0.4463404 0.5501154 0.4352407 0.3285406 0.3432261 0.3647133 0.3373488 0.2301683 0.5111589 0.4464911 0.3703599 0.1213135 -0.0718104 0.4863508 0.3384150 0.3374549 0.2778828 0.4309526 0.3382518 0.2242997 0.4744816 0.2296610 0.4069645 0.2582546 0.2964738 0.4535599 0.1884678 0.3309701 0.1173340 -0.1644468 -0.1806277 -0.2242708 -0.3628876 -0.3469802 -0.5052904 -0.4191413 -0.2530541 -0.6303316 -0.4774467 -0.4197563 -0.5628093 -0.5743813 -0.6274525 -0.6829659 -0.7104838 -0.6187594 -0.6026614 -0.6639695 -0.7140907 -0.4410839 -0.5846898 -0.7000084 -0.6519806 -0.6430111 -0.4222350 -0.4005274 -0.4868311 -0.5896693 -0.6363191 -0.6446163 -0.5004541 -0.5860306 -0.5498538 -0.3625045 -0.4785602 -0.4066645 -0.3519143 -0.5019239 -0.2358459 -0.6207857 -0.3735216 -0.2705900 -0.5322296 -0.3233599 -0.2713054 -0.5005685 -0.5777087 -0.4604148 -0.1107443 -0.5821235 -0.4042898 -0.0559635 -0.2448273 -0.1318671 -0.2797060 -0.3071102 -0.2847497 0.3536376 0.4538853 0.5528073 0.4550179 0.6268390 0.6533134 0.7331971 0.5874242 0.6590394 0.7259007 0.6368351 0.6528085 0.7464451 0.3357094 0.2714897 0.3210737 0.3829710 0.3214275 -0.5599712 -0.0120257 -0.1270390 -0.6315795 -0.5600478 -0.7223256 -0.7119669 -0.3892393 -0.0790631 -0.7491636 0.3000146 0.1815221 0.3811960 0.3200126 0.7893066 0.4258375 -0.3954362 0.4968896 0.1287725 -0.0646779 0.1290416 -0.0965410 0.7230189 0.2277552 0.4441814 0.5645504 0.6111607 0.6839732
0.2429075 0.5239929 0.1348250 -0.0988189 0.1269233 -0.0492273 0.2308939 0.0969689 0.2207770 0.3599241 0.1077549 0.6106233 0.2424898 0.0000000 0.4446126 0.2467647 0.3465264 0.4553036 -0.1058999 0.4889435 0.3500291 -0.0131652 0.4869531 0.3337973 -0.1775189 0.2645154 0.6876036 0.7704221 0.4028748 0.7894849 0.1894586 -0.1374850 0.1953988 0.2968384 0.2965353 0.4276056 0.2106933 0.0112044 0.8265250 0.6115171 0.4055289 0.5103920 0.4879523 0.2325916 0.4329449 -0.0693640 -0.0268234 0.2480507 0.4014136 -0.2626039 0.1359349 0.7508383 0.4224621 0.6644885 -0.1852307 -0.2813747 0.0213274 0.4074164 -0.1021246 0.1322602 0.2340014 0.5079387 -0.1230203 0.4688916 0.0455069 -0.1306991 0.0407168 0.5665767 -0.2281744 0.5721790 -0.1840248 0.3817679 0.2894682 0.0953932 -0.1882109 0.3134417 0.4317970 -0.0431954 0.2677647 0.2421638 0.1043816 0.2951076 0.4172937 -0.0303752 -0.0104098 0.0965857 -0.0400774 0.0036051 -0.0511832 0.0225260 -0.0162400 -0.0585107 -0.0103885 0.0100495 0.0692644 -0.0331534 0.0036776 -0.0499002 0.1121636 0.1067208 0.0270529 0.2570074 0.2897301 -0.0137404 0.0525792 0.0572180 0.1926028 0.0542498 0.0677560 0.5097086 0.1068499 0.2148902 0.4366919 0.3820786 0.6111556 0.3898540 0.3509733 0.3896605 0.3417967 0.2646075 0.2241934 0.1957042 -0.2339762 0.0899195 0.3419350 0.1131733 -0.1851333 -0.3277623 0.0192237 -0.0369909 0.1281134 -0.2751026 -0.1982615 -0.1656611 -0.0438258 -0.2523026 0.0568247 0.0392401 -0.0280311 0.0897050 -0.1093281 0.0650614 -0.1146123 -0.2783453 0.1617467 -0.2222576 0.0076893 -0.0884031 -0.1246894 -0.0225509 -0.1085475 -0.0711677 0.0780154 -0.0590291 -0.1210946 -0.2752967 -0.1986565 0.0526832 -0.1040157 -0.1848142 -0.1046336 -0.1393304 -0.2974190 -0.1347510 -0.0862963 -0.1294521 -0.0363504 0.0506028 -0.0157491 -0.0754268 -0.0587450 -0.0422845 -0.2360235 0.3341537 0.3608895 -0.0460483 0.1518570 0.1898564 0.2733881 0.4802041 0.1454609 0.2494879 0.2105877 0.1870018 0.2034247 -0.0255472 -0.0748619 -0.2729799 0.0796934 0.2404620 0.2139172 0.1603250 -0.0582495 0.0412810 0.1103586 0.0379533 0.1549695 -0.1286349 -0.0950252 0.1459117 -0.0989913 -0.1808903 -0.0668183 -0.1644840 0.0669953 -0.0995489 0.0252846 -0.1732523 -0.1882951 -0.3523906 -0.0561502 0.1536265 0.2117744 0.0725679 -0.0797899 0.0406629 0.2134616 0.1591160
0.5648957 0.8795426 0.5836700 0.3946810 0.4228582 0.4574797 0.5917754 0.2134362 0.6736997 0.3785327 0.0133296 0.8658351 0.2870599 0.4446126 0.0000000 -0.5785990 -0.1215803 0.6914706 -0.7924717 0.4437654 0.5017489 -0.6973497 -0.4362106 0.9059035 -0.7172355 -0.6135259 0.2679382 0.6698826 0.8146288 0.4880476 -0.0981228 -0.6205120 0.7444626 0.6845423 -0.5862117 0.2188423 -0.6027006 -0.7007593 0.3588861 0.5415769 -0.3309532 0.3858117 -0.3665813 0.6897406 0.4365555 -0.6916264 -0.6620849 -0.4898380 0.8202498 -0.3733625 -0.6236622 0.0465513 0.7158983 0.3176962 -0.3119550 -0.6462998 -0.6264749 0.7268772 0.3878686 -0.6274825 0.4883279 -0.2309370 -0.1974955 0.6670333 0.4780257 -0.6356492 -0.5837410 0.2173996 -0.5226209 0.3421915 -0.6903128 0.6182289 -0.3798307 0.5642551 -0.5497905 -0.0095669 0.5110720 -0.6307229 -0.3501596 0.0597918 -0.4737821 0.4081337 0.5341850 0.2139776 0.2601780 0.2257282 0.0011680 0.2709540 0.0454824 0.1890570 -0.2080507 -0.1753494 -0.1510561 0.0227381 0.0958141 -0.1296426 -0.1126600 -0.0895638 0.2118033 0.0430187 0.1518711 0.2336495 0.4814634 -0.1619380 -0.2056351 0.0597721 0.1369251 0.2266420 0.0834519 0.4264204 0.2077967 0.1459108 0.4441361 0.5605021 0.3414328 0.3608769 0.3871223 0.1875289 0.2821198 0.1133800 0.2584405 0.3651881 -0.4095264 0.1379642 0.1432429 -0.2678672 0.0382972 -0.5505877 -0.4096696 -0.1231422 -0.1776050 -0.4455385 -0.3641963 -0.3894795 -0.1634841 -0.4240380 -0.3768040 -0.4024479 -0.4244180 -0.1379031 -0.3089598 -0.4406918 -0.3279952 -0.4011865 -0.2535194 -0.4852612 -0.4040574 -0.3721451 -0.2919364 -0.4290668 -0.2950054 -0.1308855 -0.3879533 -0.2080564 -0.3454083 -0.3097907 -0.2688067 -0.2983914 -0.2449928 -0.2245692 -0.3902956 -0.4086636 -0.4506979 0.0910907 -0.4019404 -0.2294863 0.0015595 -0.0640536 0.0123458 -0.2089846 -0.2306606 -0.1878843 0.0907755 0.7979609 0.8367026 0.5580839 0.6592512 0.6679910 0.6086861 0.7423477 0.4560557 0.2978260 0.1642283 0.1282816 0.4256100 0.5266394 0.3638747 0.2095317 0.5770454 0.7605187 0.0290469 0.6587882 0.5787350 -0.1279525 -0.1463895 -0.0818691 -0.1741283 0.3895719 -0.4394087 -0.1890020 0.0628433 0.0370115 0.2392163 -0.0107748 0.2922003 -0.2477706 -0.3760115 0.1725932 -0.0997653 0.2100397 0.1183257 0.3067467 0.4734251 0.8131264 0.4950271 0.1737604 0.5366588 0.5592164
-0.3875824 -0.3908593 -0.2314767 -0.0691928 -0.1223054 -0.1513722 -0.0994184 0.2347973 -0.1865729 0.0874583 0.4304070 -0.2020119 0.0272725 0.2467647 -0.5785990 0.0000000 0.6861794 -0.2306728 0.8651000 -0.1385279 0.1093314 0.8369757 0.8820551 -0.5183838 0.7588399 0.8389324 0.2988873 -0.1204689 -0.2695584 0.0441675 0.5079390 0.6810532 -0.4435438 -0.2345855 0.8579964 0.3726085 0.6997925 0.7828801 0.2989434 -0.0761884 0.4925052 0.1333005 0.8936561 -0.5773899 0.1518275 0.6040260 0.6289970 0.5894682 -0.5068690 0.3846430 0.7228662 0.5782038 -0.2238639 0.1388883 0.3687293 0.4768340 0.4988675 -0.4621737 -0.3774709 0.6681453 -0.0903696 0.7440508 -0.0256481 -0.1621781 -0.2640760 0.4109043 0.6609602 0.3888737 0.3006446 0.2281223 0.5528061 -0.1847813 0.6770026 -0.4499897 0.3740276 0.4461989 -0.2452736 0.5451890 0.5941822 0.2301670 0.4928227 -0.0396978 -0.2473307 -0.0955068 -0.0678872 -0.0374109 0.2071897 -0.0372465 0.0940784 -0.0183944 0.4166700 0.3642425 0.3331505 0.2253230 0.1159499 0.2870758 0.2474745 0.1654055 -0.0025747 0.1195297 -0.0138470 0.0037369 -0.2037696 0.3754097 0.4237335 0.1560480 0.1505562 0.0921982 0.1986342 0.0428668 -0.0378543 0.3352944 0.0457988 -0.3004724 0.0075674 -0.1945129 -0.3642350 -0.2687573 -0.2558080 -0.2442401 -0.4120004 -0.4228757 0.2175695 -0.2759192 -0.1828743 0.0142588 -0.3736979 0.2298388 0.1409089 -0.1754327 -0.0015972 0.0951518 -0.0279266 0.1719722 -0.0586603 0.1888850 0.1363466 0.1759537 0.1770403 0.0072259 0.0812094 0.2281455 0.2118623 0.1192308 0.1228861 0.2118028 0.2068070 0.0917729 0.2102534 0.2845455 0.0881772 0.0937337 0.1540522 0.1551134 0.0194209 0.1174241 0.2218304 0.0793879 0.2445343 0.1406922 0.1537159 0.0822154 0.3079561 -0.0112354 0.1962758 0.2458889 0.0663192 0.1525835 0.1067588 0.2965879 0.2202989 0.2063754 -0.0391219 -0.4527164 -0.3068347 -0.2925354 -0.2879397 -0.2628460 -0.1045168 -0.1919937 -0.0366392 0.2365219 0.1764845 0.4084833 -0.0874903 -0.5355640 -0.5458676 -0.3942672 -0.5565786 -0.6138162 -0.0737076 -0.6954971 -0.7958464 -0.1174720 -0.0411539 -0.2222214 0.0267016 -0.6465572 0.3847818 -0.0047432 0.3066314 0.3041666 0.2031106 0.3346746 0.1264949 0.4264338 0.2899066 0.1181846 0.3506978 -0.2058333 0.3269556 -0.1112324 -0.1017464 -0.6451529 -0.3105169 0.0675462 -0.1103321 -0.1575128
-0.1244379 -0.0404715 0.3368019 0.4856109 0.4702820 0.5020151 0.4653630 0.7011364 0.4574633 0.7188419 0.8898890 0.2545707 0.3715676 0.3465264 -0.1215803 0.6861794 0.0000000 0.4202242 0.4313280 0.1319793 0.6578287 0.4921564 0.6638017 0.1256496 0.5653420 0.4424462 0.6542822 0.4152150 0.4098392 0.4172670 0.6336628 0.6144899 0.2856425 0.4732712 0.4955237 0.6162034 0.2181676 0.4334009 0.5384804 0.4771276 -0.0185195 0.3810719 0.6975159 0.0061161 0.4441303 0.0977189 0.1395145 0.0245855 0.0675654 0.6014813 0.2340773 0.5846267 0.3847487 0.4367588 0.6656091 0.2900127 -0.0588085 0.0422839 0.0876776 0.2118251 0.4277432 0.5986882 -0.4767162 0.3567821 0.3672330 -0.0138273 0.2411491 0.5177908 -0.1514879 0.5503074 0.0578904 0.3090556 0.2756245 0.1325327 -0.0964422 0.6586411 0.1700794 -0.0778295 0.2878274 0.4275023 -0.0954403 0.1937131 -0.2016897 0.1844899 0.2606772 0.1061041 0.4183558 -0.0611306 0.3009420 -0.0195136 0.4405361 0.4558717 0.4113266 0.2823859 0.1974465 0.4525259 0.2870179 0.1391242 0.0563853 -0.0463768 -0.0414235 -0.0177610 -0.1184914 0.4287742 0.4971454 0.1318000 0.4525106 0.5655716 0.2710315 0.3082764 -0.0570771 0.5177653 0.1077997 -0.3581965 -0.0691721 -0.3464215 -0.3928780 -0.4974667 -0.4185231 -0.5320621 -0.5725773 -0.3915716 -0.1740783 -0.7715161 -0.3925902 -0.4086245 -0.6521671 -0.3319225 -0.1406787 -0.5703936 -0.2309434 -0.4660109 -0.4563455 -0.2315407 -0.3127468 -0.1526633 -0.2356460 -0.1739338 -0.1773160 -0.1905646 -0.2995707 -0.0975620 -0.0451200 -0.1184653 -0.1174410 -0.2490153 -0.1454722 -0.3161901 -0.0344230 -0.0599232 -0.1655238 0.1841660 -0.1315087 -0.0979529 -0.4566091 -0.0360339 0.1629266 -0.2880542 0.1698870 0.1101455 -0.3170743 -0.3300994 0.0930392 0.2056220 -0.2832176 0.1678990 0.0716552 0.0875296 0.2611295 0.1527006 -0.0656790 0.0574766 0.4669677 0.1432634 0.2038541 0.2823244 0.2982506 0.2970537 0.4805870 0.1610573 0.4150945 0.5839134 0.3995442 0.6097244 0.1962512 -0.1090507 -0.3401001 0.1659494 -0.0072153 -0.0571130 -0.4668274 -0.2795230 -0.4721191 -0.5422740 -0.4427288 -0.5997529 -0.3452066 -0.6962378 0.1845602 -0.3755402 0.6278204 0.3507338 0.3777018 0.5228322 0.6229032 0.7153775 -0.0525183 0.6030761 0.6099915 -0.0133955 0.4018288 0.0463187 0.5834710 -0.0388176 0.1928212 0.4074179 0.5375532 0.4989704
