0.0000000 0.6987364 0.4492968 0.5621861 -0.0915355 0.3869514 0.7700439 0.2556887 0.5272965 0.1978166 0.2690995 0.5899605 0.0435993 0.5782721 0.6031993 0.0257269 0.4501742 0.5051858 0.1329995 -0.5410348 0.4627094 0.1351573 0.1266364 0.2750603 0.1088773 -0.1233585 0.2890094 0.3642906 0.5319669 0.3438215 -0.2443094 -0.1736729 0.0279041 0.2513636 0.0479724 0.4532534 -0.2274776 -0.0340562 0.4070664 0.2790571 -0.2955216 0.4834343 0.2075662 0.4975936 0.4240473 -0.1131887 -0.0080634 -0.3430200 0.4048789 -0.4529497 0.1569976 0.2145326 0.3777369 0.1712380 -0.3206468 -0.2743489 -0.1502095 0.2719737 0.4415940 0.1735804 0.4697982 0.1790679 -0.5604118 0.4304335 0.4443477 -0.4438550 0.5057435 0.2520693 -0.3564116 0.3653261 0.3029859 0.4665167 0.4437099 0.4445715 -0.0560209 0.4442915 0.4713075 0.1195430 0.5052218 0.5096156 0.5367776 -0.0785493 0.1636971 0.5423939 0.3269504 0.1073339 -0.4523196 0.2300826 -0.0024951 0.1156743 -0.2138248 -0.0693167 0.1793198 0.1414059 -0.0591998 0.0456661 -0.1081084 0.2804989 -0.4135153 0.3987672 -0.1038611 0.1562130 0.3377086 0.2548004 0.5210809 0.1068828 0.2665624 0.3344725 0.2270505 0.3045495 0.2652021 0.0189013 0.0005542 0.0943514 -0.1612215 -0.0784658 -0.1307320 -0.1288947 -0.2820784 0.0287214 -0.1408965 -0.1948356 0.5160402 -0.1914499 -0.1485271 0.2153387 -0.3468575 0.0836915 0.1751143 -0.1763911 -0.3017076 -0.2035970 -0.2318625 0.2877131 0.2139878 0.0168872 -0.1554168 0.3815800 -0.2603993 0.5067693 0.0381634 0.5093638 0.3192796 0.3160005 0.1235132 0.0724750 -0.0372091 -0.1302411 0.3228618 0.4644762 0.6006737 0.2053144 0.4260653 -0.0145470 0.3455462 0.3351652 0.4655525 -0.0264759 0.6398446 0.5071377 -0.0530213 0.7045253 0.2550764 0.3737468 0.0880193 0.1744739 0.3156216 0.2026339 0.3302275 0.5444495 0.0336158 0.0223606 0.5812474 0.3885158 0.5352261 0.5628079 0.5846690 0.4526319 0.4935833 0.5135408 0.3309910 0.4427776 0.3949293 0.4533640 0.5670678 0.4844289 0.3190418 -0.0786434 0.6319130 0.6297901 0.2983170 0.5755198 0.6025005 0.3791172 0.3483176 0.4568135 0.2926966 0.4686740 0.5357980 0.4236569 -0.1374294 -0.7610203 -0.5265769 -0.0087192 -0.5936928 0.0765558 0.0871468 -0.4936799 -0.1402493 -0.4869740 -0.3363667 0.3953918 -0.5682948 -0.0327192 0.2809007 -0.5635297 0.0320876 0.0578830
0.6987364 0.0000000 0.5846222 0.8099606 0.0107678 0.8663360 0.7712254 0.6831227 0.7875393 0.7353015 0.6527728 0.8876028 0.3489605 0.7609498 0.7456780 0.3488350 0.6706377 0.5117870 0.3162865 -0.4302486 0.8238323 0.0618660 0.1807096 0.4381424 0.1368113 -0.1636116 0.5046359 0.4540672 0.8822379 0.6456851 -0.2653384 -0.1944483 0.0443343 0.4898145 -0.0730477 0.8554267 -0.3541047 0.0037475 0.5992433 0.3774546 -0.2479361 0.8530365 0.1853807 0.4445982 0.7108181 -0.0892490 -0.0508371 -0.2880832 0.3527213 -0.4628363 0.0429670 0.1477323 0.6231395 0.1302880 -0.1681342 -0.2370798 -0.1413788 0.4334778 0.8074549 -0.0106559 0.8028997 -0.0539980 -0.5588481 0.6850148 0.7579180 -0.2646361 0.3545314 0.3432114 -0.1828568 0.5800790 0.3892049 0.7734726 0.5200622 0.7930325 0.0496999 0.7727009 0.8354266 0.0745805 0.6558634 0.7691547 0.6896396 0.1175576 0.3827424 0.5115029 0.3750350 0.3003832 -0.2702022 -0.0013014 0.2061584 0.2211827 -0.0575654 -0.0211295 0.4129913 -0.0522332 0.3475777 0.2085090 0.0243705 0.4533700 -0.0661745 0.7156362 0.0739899 0.3912265 0.4985555 0.3774389 0.3619734 0.1574771 0.3805536 0.4247355 0.1982380 0.4382373 0.3224817 0.2515813 0.3103627 0.3779251 0.1812857 0.2714374 0.2182886 0.2988861 0.1196549 0.3315035 0.2285262 0.0039807 0.2852992 0.2590480 0.2093947 0.3719079 -0.2239221 0.2408725 0.3895333 0.0743330 0.1382236 -0.3199176 -0.1868797 0.6696564 -0.0678779 0.1566790 0.2824141 0.5700225 0.0548975 0.7646376 0.1182770 0.5060816 0.1472258 0.6456008 0.5308309 0.2939810 0.1530550 0.0691133 0.3164217 0.5797680 0.5082320 0.4178402 0.3929204 0.0403346 0.4237419 0.6921189 0.1764964 0.1631862 0.5178456 0.1410760 -0.1686454 0.4462701 0.6801686 -0.0488607 -0.2242086 0.4508332 0.5088376 0.3959830 0.2083006 0.2776763 0.0941480 0.2112673 0.2673422 0.0249447 0.8416100 0.9040232 0.9145219 0.4098344 0.8725560 0.8102866 0.5897651 0.7437147 0.7034606 0.7597461 0.7987427 0.7948455 0.3548412 0.0926269 0.8404746 0.8245691 0.3776468 0.8521380 0.7610816 0.3157143 0.4410430 0.5374880 0.2582536 0.6398231 0.7677902 0.3936056 -0.4485362 -0.7512854 -0.2658151 0.2185199 -0.5160134 0.5708111 0.2972607 -0.3550481 -0.4623218 -0.3315115 -0.2745945 0.5083105 -0.5665628 0.2521859 0.6205946 -0.4507787 -0.2391970 -0.1042112
0.4492968 0.5846222 0.0000000 0.7221282 0.5919103 0.5344785 0.5403509 0.6647892 0.5352325 0.3966518 0.7274194 0.4143453 0.5770943 0.4983630 0.5695933 0.5451560 0.5447294 0.4253015 0.5603704 0.1428742 0.2202893 0.4382418 0.5424809 0.2895301 0.5159596 0.3783453 0.4413432 0.1367122 0.4779974 0.3173572 0.2492446 0.3927214 -0.0675359 0.4990859 0.4497493 0.2707798 0.1512812 0.4394169 0.6412648 0.5684925 0.1186724 0.5221383 0.5575480 0.6430432 0.7458071 0.4712701 0.4571918 0.1363482 0.6295849 0.0385457 0.5181270 0.5226120 0.6587453 0.5390502 0.1986989 0.3820564 0.1921386 0.7484593 0.4834446 0.3642196 0.6151445 0.4245143 -0.0071423 0.7086457 0.7646036 -0.0983044 0.4419456 0.4958957 0.2602304 0.7485677 0.0788300 0.6180399 0.6100386 0.7075407 0.3622849 0.7424942 0.5962341 0.2470933 0.4790067 0.6172250 0.6298663 -0.1797008 -0.0356860 0.3440793 0.0706993 -0.0149920 -0.1073505 -0.3896473 -0.0204483 -0.2759369 -0.0839594 0.0561935 -0.1613431 -0.3741008 0.1197375 0.3734952 -0.1720948 -0.0292079 -0.1398335 0.1513592 -0.2297422 -0.1165900 -0.0171752 -0.0559853 0.2580230 -0.1013371 -0.0572057 0.0639186 -0.1183988 -0.0234981 0.0221976 -0.2426476 0.0061323 0.1136653 -0.0019161 -0.0714134 -0.0921211 -0.0302791 -0.3019082 -0.1866987 -0.2887311 -0.2659115 0.0396919 -0.2262663 -0.1564829 -0.1584634 -0.4544420 -0.0618100 -0.0366949 -0.2945252 -0.2670551 -0.0378499 -0.3443909 0.5055896 -0.0499566 -0.2734182 -0.1457062 0.1200419 -0.3452749 0.1254921 -0.3924705 0.0146581 0.1527839 0.2577080 0.2687000 -0.2102068 -0.4690587 -0.3249295 -0.2770658 -0.1553121 -0.1210628 0.0310664 -0.1931478 -0.5520931 -0.2479309 0.3352947 -0.0469556 0.0005270 0.0489799 -0.0997892 -0.2647566 -0.0488189 0.3786307 -0.0446010 -0.2868261 0.0240531 -0.0974552 -0.3006377 -0.2764373 -0.1868144 -0.3359360 -0.4363994 -0.1437746 0.0145619 0.2762704 0.4681123 0.4402403 0.0818796 0.2974172 0.2735693 0.0255522 0.1499381 0.0790870 0.1463795 0.5424580 0.7909267 0.6902767 0.4545070 0.5840863 0.5107708 -0.1606038 0.6119509 0.6527888 0.1397530 -0.0009213 0.1701841 -0.2185631 0.4303609 0.6618810 -0.0391153 -0.0425824 -0.3586286 -0.2726868 0.0475372 -0.0840796 0.5221358 -0.1569293 0.0209050 0.0115011 0.1138554 -0.3360815 0.1572980 -0.1280855 -0.1144659 0.3437703 0.0188363 0.0297313 -0.0108864
0.5621861 0.8099606 0.7221282 0.0000000 0.2416823 0.7811293 0.8477487 0.9133848 0.5617485 0.5779133 0.8993451 0.7270611 0.6680481 0.7176317 0.5951951 0.7395829 0.8706944 0.3462447 0.7189322 -0.3454531 0.5584644 0.4618960 0.6602637 0.1367587 0.5593849 0.3388690 0.7656460 0.1517454 0.6442369 0.5185522 -0.0538314 0.2154008 -0.2792914 0.3294800 0.4272767 0.6165209 0.0403617 0.3611141 0.9181030 0.6478252 -0.0239590 0.6778726 0.6824732 0.6589688 0.7966933 0.3741545 0.4066260 -0.0082307 0.3799327 -0.1920279 0.5098257 0.6520385 0.5480215 0.6040601 0.1085868 0.2074883 0.2203871 0.7561954 0.5586242 0.4389909 0.7212027 0.4302500 -0.3272248 0.7013728 0.7229938 -0.1478367 0.6832545 0.7190406 0.0751207 0.9073166 0.4542079 0.8766534 0.8102484 0.8727866 0.3405942 0.9192269 0.9008240 0.2352250 0.6542801 0.7725106 0.8220525 -0.2767616 0.0382823 0.4386115 0.1440181 0.1163712 -0.3536635 -0.4110510 0.0873507 0.0741221 -0.0589020 -0.0094001 0.2111078 -0.4073291 0.3289204 0.2024749 -0.1480757 0.2665670 -0.0337466 0.4178094 -0.1009446 0.1047351 0.2815934 0.1089262 0.1695005 -0.1438074 0.2084241 0.2318870 -0.0238328 0.2438429 0.1131295 0.0782200 0.1194232 0.1768063 0.0226072 0.0690554 0.0416339 0.0414206 -0.0908006 0.1144668 0.0362023 -0.1219787 0.1062964 0.0386275 0.0506580 0.2102748 -0.2077588 0.0713086 0.2774525 0.0148471 0.0050600 -0.4412026 -0.1187741 0.8254508 -0.2300847 0.0120371 0.2551037 0.4398310 -0.0766225 0.6039749 -0.1619441 0.1880054 0.1579062 0.7115313 0.6053500 0.1513362 -0.2111952 -0.0829923 0.1203914 0.2805511 0.1794838 0.3201761 -0.0631316 -0.1622140 0.0747880 0.6019881 0.0043840 0.0540401 0.4745166 -0.0232215 -0.3459275 0.1228713 0.7258072 -0.1618406 -0.4197166 0.3507106 0.3265951 0.1264731 0.0099765 -0.0314677 -0.0845422 -0.0376288 -0.0173650 -0.1837057 0.5679840 0.7594194 0.7601654 0.2869727 0.6767950 0.5562203 0.3893370 0.4762179 0.3083351 0.4498907 0.6342399 0.8631127 0.4808770 0.2918438 0.8417243 0.7778468 0.1691711 0.8474322 0.7583003 0.2148666 0.2975793 0.4644966 0.0653715 0.6326029 0.8823839 0.2283878 -0.1828907 -0.6887306 -0.2069127 0.3272029 -0.4917303 0.6792919 0.0374522 -0.2182308 -0.1760503 -0.2693301 -0.2606578 0.6176388 -0.6189167 -0.0498610 0.5189271 -0.2462856 -0.0315077 0.0427412
-0.0915355 0.0107678 0.5919103 0.2416823 0.0000000 0.1106385 -0.0171380 0.3975174 0.1199228 0.1153370 0.3914231 0.0000692 0.6403795 0.0653092 0.2083349 0.6078966 0.2931039 0.1357397 0.6200512 0.4313633 -0.1069100 0.2838013 0.4938768 0.2488025 0.4613249 0.5387051 0.3977044 0.0306379 0.0322420 0.3015617 0.5229153 0.6137799 0.0261956 0.3489457 0.4737488 -0.1088929 0.4595665 0.6872418 0.3209002 0.5382436 0.3566693 -0.0855910 0.4415257 0.3571146 0.2423862 0.7080084 0.5921077 0.5493998 0.4136964 0.5040191 0.5509335 0.4050438 0.3328125 0.3697506 0.5806560 0.6242407 0.4667219 0.4508813 -0.0977189 0.4221161 0.0267112 0.3614046 0.5923708 0.3363474 0.3942902 0.3616532 0.2887742 0.1621556 0.4022030 0.3659928 0.0725854 0.1976205 0.2438909 0.3346846 0.4723795 0.2422446 0.1764091 0.4265871 0.3085461 0.2047430 0.2784886 -0.0770724 -0.1598834 0.1308888 0.0269358 0.0279971 0.2467354 -0.3298514 0.1558163 -0.1398567 0.1519471 0.0747882 -0.3516207 -0.4038785 0.3125742 0.4231642 -0.3677800 -0.2664173 0.1348174 -0.1737351 -0.0505424 -0.2388296 -0.3147040 -0.2388992 0.0626336 -0.0666706 -0.2071128 -0.2411495 -0.1825344 -0.2790999 -0.0200555 -0.2305294 -0.1591489 -0.0833100 -0.0371388 -0.1006082 -0.1009095 -0.1601509 -0.1848271 -0.3642179 -0.3451021 -0.1618583 -0.0556156 -0.2424035 -0.3420189 -0.3550188 -0.2433110 -0.1532793 -0.3309673 -0.3520251 -0.4018055 0.3186749 -0.1930086 0.0587886 -0.1266001 -0.3033051 -0.2991971 -0.3514818 -0.4343526 -0.4183647 -0.6529018 -0.4742867 -0.2075264 -0.0415109 -0.0956296 -0.2360492 -0.5380207 -0.3187216 -0.6725189 -0.6459722 -0.4266945 -0.0474734 -0.4816606 -0.6017081 -0.4472691 0.1138102 -0.2467949 0.1143830 -0.3756917 -0.3332411 -0.2438575 -0.3926994 0.1529432 -0.1115676 -0.2679194 -0.0938811 -0.3280405 -0.6089975 -0.3396497 -0.4472600 -0.5547153 -0.6323963 -0.3877266 -0.0019528 -0.0871798 0.0215940 -0.0107787 -0.1667461 -0.0446859 -0.0301902 -0.1359363 -0.1739275 -0.3807703 -0.2459053 -0.1511418 0.4082778 0.4705028 0.5295755 0.1654506 0.0924603 -0.3769195 0.1979122 0.1863172 -0.1527212 -0.2612443 -0.1906035 -0.3894453 0.0688473 0.2479379 -0.3682782 -0.0009740 0.2216639 -0.0151111 0.0135764 0.1829416 0.2143400 -0.3140913 0.0760504 0.0763547 0.4595872 -0.0303479 -0.0477516 0.2694191 -0.1158737 -0.1203948 0.2683636 0.0977371 0.1490853
0.3869514 0.8663360 0.5344785 0.7811293 0.1106385 0.0000000 0.6173032 0.7511153 0.8485808 0.9175129 0.7215179 0.8581911 0.4610993 0.7657721 0.7100098 0.4944662 0.6155080 0.5209681 0.4795606 -0.2627377 0.7892333 0.1215208 0.2514709 0.5248100 0.2594614 -0.0435196 0.5219718 0.4781026 0.8359055 0.6349271 -0.1238027 -0.0392431 0.0916009 0.5588068 -0.0084932 0.8286573 -0.2833867 0.1466657 0.6735751 0.5177475 0.0007100 0.7469291 0.2543633 0.5141628 0.6489484 0.0192604 0.0329127 -0.0906966 0.4267859 -0.2599073 0.0949062 0.2433045 0.6780634 0.2277774 0.0907998 -0.0806132 -0.1190535 0.5903506 0.6817085 0.0103612 0.6870769 -0.0146347 -0.2634171 0.7855273 0.7680173 -0.0931697 0.2082320 0.3841147 0.0242014 0.6593827 0.3102380 0.8119038 0.4510856 0.8524895 0.2179835 0.8350720 0.9012926 0.1846867 0.6989769 0.8162780 0.7017579 -0.0184648 0.1239370 0.1814872 0.0640374 0.0772655 -0.2817768 -0.3171494 0.0383183 0.0023974 -0.1347452 -0.1096274 0.2925647 -0.3776187 0.3840910 0.1677059 -0.1316464 0.2668659 0.0915458 0.5127874 -0.0923318 0.1917381 0.2659633 0.1507618 0.0392437 -0.1140393 0.1467353 0.1588536 -0.0825188 0.1670410 0.1206173 0.0751255 0.2534852 0.2611457 0.1888344 0.2464657 0.2481903 0.3236060 0.1603370 0.2833231 0.2376458 -0.0163126 0.0362733 0.2971164 0.2216206 0.1824836 -0.2443627 0.1612299 0.2274231 0.0692952 0.1797087 -0.3147987 -0.3079308 0.7514690 -0.1894801 0.0222778 0.2423463 0.3700349 -0.0275543 0.6383362 -0.0470841 0.2203820 0.1225801 0.5542912 0.4284734 0.2054630 0.0198875 0.0670715 0.1744163 0.4268963 0.2480181 0.3174804 0.1265219 -0.1419215 0.2595369 0.5632099 -0.0658302 0.0586225 0.2810498 -0.1658455 -0.3006941 0.0974442 0.6334004 -0.3136315 -0.4535228 0.3529640 0.2691920 0.2572132 -0.0142608 -0.0294537 -0.0394700 0.1330872 -0.0000040 -0.0305945 0.7806815 0.8846109 0.8866937 0.4026718 0.8450031 0.7341862 0.4854266 0.5959687 0.5301368 0.5818323 0.6517060 0.7442429 0.3200639 0.2932110 0.8466420 0.7761292 0.2129921 0.8666285 0.7513450 0.1515991 0.2301439 0.3604890 0.1254749 0.6952886 0.7718584 0.1370655 -0.3738747 -0.5994194 -0.1922767 0.1439256 -0.2604037 0.6442060 0.0861845 -0.3172513 -0.4384131 -0.3314248 -0.2668501 0.4312149 -0.4656875 0.0892666 0.5455985 -0.3412905 -0.3541588 -0.1744478
0.7700439 0.7712254 0.5403509 0.8477487 -0.0171380 0.6173032 0.0000000 0.6467272 0.5834529 0.3856748 0.6270394 0.7438234 0.2670691 0.7240878 0.7153209 0.4908156 0.7059389 0.4968409 0.4940932 -0.5715022 0.5537526 0.2471409 0.3975893 0.2116393 0.4028911 0.1299178 0.5602357 0.2885186 0.6452587 0.5038665 -0.3229607 -0.0107852 -0.1254405 0.2495909 0.2403068 0.6051004 -0.1518332 0.0674402 0.6661063 0.4275381 -0.3076929 0.6385569 0.4540211 0.5663348 0.6278268 0.0712573 0.1522278 -0.2667599 0.3129987 -0.4730417 0.3218624 0.4279756 0.4004917 0.3244900 -0.2100191 -0.1366985 -0.0326237 0.4419724 0.5998598 0.2849685 0.6503725 0.2746942 -0.5313828 0.5066514 0.5611645 -0.4112251 0.6212829 0.4681660 -0.2072513 0.6933841 0.4036870 0.7364112 0.6904276 0.6913044 0.1603458 0.7087422 0.7344975 0.2654983 0.6306231 0.6337925 0.7762860 -0.3587457 0.0333830 0.4774072 0.2027358 0.0663785 -0.6359964 -0.1453149 0.0122024 0.1238002 -0.1865924 -0.1325056 0.1534872 -0.2166558 0.0838296 0.0988636 -0.1485445 0.1729850 -0.3494288 0.4105494 -0.2004147 0.0284004 0.2992317 0.2262706 0.3511539 -0.0392572 0.1140368 0.1515558 0.0099935 0.1450093 0.1497216 -0.0221085 -0.0806089 -0.0048765 -0.1872032 -0.1184477 -0.1425660 -0.1257284 -0.2439199 0.0223904 -0.0806439 -0.2420342 0.2863848 -0.0625804 -0.0869676 0.2584533 -0.3271936 0.2387131 0.2785503 -0.0999036 -0.1576090 -0.3461718 -0.2373166 0.5633177 0.1432928 0.1284284 0.1498639 0.5252261 -0.0132085 0.6145107 0.0363353 0.4773445 0.2385107 0.6358995 0.5635000 0.1819500 -0.0014032 0.0996360 0.3881575 0.4965958 0.5038869 0.4600666 0.1555008 -0.0001731 0.2032436 0.5794767 0.3367674 0.0621296 0.6789187 0.3785377 -0.3327699 0.3898446 0.5619497 0.1628088 -0.3387950 0.4703699 0.4481558 0.3223488 0.2476722 0.2529857 0.0509829 0.0817674 0.2885781 0.1542665 0.6373924 0.7294213 0.7467065 0.4801520 0.6507802 0.6383292 0.5416530 0.5676011 0.4443149 0.5665738 0.7147639 0.6848628 0.3612172 0.0484130 0.7798937 0.7865111 0.2252503 0.7248572 0.7309261 0.3635203 0.3551778 0.5319558 0.2851967 0.6850936 0.7213352 0.3986115 -0.1088212 -0.8516517 -0.3374559 0.2684774 -0.6093334 0.4931769 0.1356084 -0.3197985 -0.0583022 -0.4433124 -0.2846487 0.5629010 -0.6612090 0.0472367 0.4838340 -0.4192084 0.1631926 0.0961918
0.2556887 0.6831227 0.6647892 0.9133848 0.3975174 0.7511153 0.6467272 0.0000000 0.4498803 0.6308619 0.9479691 0.6276453 0.8079460 0.6098558 0.4769842 0.8514728 0.8724332 0.1919909 0.7839398 -0.2483011 0.5169914 0.3480409 0.6799663 0.1019183 0.5772021 0.4241210 0.8026051 0.0497028 0.5775125 0.5573941 0.0085922 0.3280676 -0.3196503 0.3490662 0.4390542 0.5636666 0.1319306 0.4511035 0.8500506 0.6066121 0.0536220 0.6296674 0.6552144 0.4833242 0.8027698 0.4757306 0.4467906 0.1102475 0.2386286 -0.0498026 0.4899509 0.5931648 0.5244200 0.5346355 0.2039872 0.2791013 0.3272798 0.7038364 0.5412451 0.3994543 0.7269857 0.3336304 -0.1583712 0.6436175 0.7134610 0.0688662 0.5780636 0.6366504 0.2053227 0.8546278 0.4794870 0.8590681 0.7237440 0.8716746 0.4427613 0.8413260 0.8539337 0.2950686 0.6191242 0.7071688 0.7266357 -0.1582986 0.0514630 0.3065351 0.1303532 0.2029185 -0.1787094 -0.4797167 0.2156294 0.1314131 0.0425098 -0.0562197 0.1201840 -0.4645395 0.5037396 0.2526395 -0.2055117 0.1436308 0.1306755 0.3692681 -0.0239638 0.0880233 0.2003980 0.1588020 0.0179751 -0.0737521 0.1341884 0.1142189 -0.1326818 0.1718839 0.0887398 0.1110405 0.0779387 0.1051332 -0.0106021 0.0406094 -0.0013784 0.0084675 -0.0523536 0.0294580 0.0136171 -0.1450731 -0.0952329 0.0549055 0.0060454 0.1075372 -0.1410417 0.0776378 0.1561228 -0.0090798 0.0420273 -0.3445171 -0.0563526 0.8049666 -0.3955766 0.0077621 0.3239366 0.2934074 0.0006425 0.4513076 -0.2624104 0.0226855 -0.0856587 0.7073312 0.6280025 0.1341753 -0.2373969 -0.1226786 -0.0528428 0.1454485 0.0167837 0.3475800 -0.2688164 -0.1848942 -0.0757525 0.6064195 -0.1301009 0.0941376 0.3066645 -0.2001836 -0.4108678 -0.1678675 0.7473399 -0.3045292 -0.5463131 0.3710225 0.2829910 0.0565070 -0.0807268 -0.2575250 -0.1613394 -0.0681209 -0.1682170 -0.2961539 0.4589615 0.6616793 0.6565825 0.1135011 0.6122407 0.4617953 0.3210083 0.3804028 0.2424841 0.3702489 0.5306754 0.8648689 0.4535668 0.3382026 0.7297630 0.6764733 0.0171125 0.7492505 0.6042131 0.0068193 0.1243245 0.2776517 -0.0844383 0.4937059 0.8084439 0.0312584 -0.2289135 -0.4452247 -0.0191252 0.3669795 -0.3582508 0.7799548 0.0229638 -0.1004388 -0.1843961 -0.0062688 -0.1331850 0.5363540 -0.4688822 0.1149808 0.5386669 -0.1024107 -0.0600836 0.0197037
0.5272965 0.7875393 0.5352325 0.5617485 0.1199228 0.8485808 0.5834529 0.4498803 0.0000000 0.8239181 0.4761691 0.7969271 0.1265458 0.8367123 0.8879609 0.2092203 0.3580258 0.8514789 0.2578193 -0.1840275 0.7216722 -0.0164889 0.0481535 0.7774714 0.1325535 -0.1980725 0.3168758 0.7610616 0.8327256 0.6823345 -0.2231932 -0.1058583 0.3636794 0.6350891 -0.1236618 0.7324620 -0.4098659 -0.0343630 0.4171193 0.4753855 -0.0820142 0.6015370 0.0530939 0.5470970 0.4338941 -0.1684550 -0.1151881 -0.2305396 0.5451516 -0.3894848 -0.0238367 0.0508590 0.6660130 0.0177310 -0.0909904 -0.2766529 -0.3404555 0.3531697 0.6258943 -0.1420651 0.5357103 -0.1248884 -0.2233337 0.6951293 0.7204921 -0.2008319 0.0425830 0.0495151 -0.0143811 0.4153677 0.1080936 0.6532713 0.1888436 0.7190222 0.2136161 0.5938580 0.6922231 0.2786420 0.6546697 0.6697691 0.6135347 0.0141859 0.0699554 0.1509206 0.0568577 -0.0229988 -0.4293759 -0.0951627 -0.1056423 -0.1613410 -0.2399852 -0.0730754 0.1530626 -0.2753353 0.1067109 0.2470400 -0.1149315 0.0829937 -0.2946033 0.3698797 -0.3068892 0.0473898 0.1909388 0.0810630 0.2800930 0.0344806 -0.0243179 0.0593477 -0.1298377 -0.0115803 0.1867398 -0.1589902 0.1036653 0.1320991 0.0320813 0.0627041 0.0826995 0.1781709 -0.0192478 0.1153187 0.0111861 -0.1531407 0.2913802 0.1154354 0.0352254 -0.0472590 -0.4731414 0.2710768 0.0143896 -0.1397140 -0.0665101 0.0350727 -0.5287131 0.4595687 0.2231038 0.0053494 -0.0371292 0.2389491 -0.1292001 0.4168470 0.0215149 0.2782191 0.2487849 0.3222132 0.2200125 0.0598846 0.1478128 0.1497614 0.1713937 0.4139032 0.4256498 0.3710982 0.3113042 -0.2100480 0.2821646 0.4524067 0.2367338 0.0721467 0.2786012 0.1052656 -0.2054659 0.2636679 0.3698485 0.0276014 -0.2955208 0.3606255 0.1384014 0.2057281 0.1028526 0.1685663 -0.1045117 0.0551664 0.1360663 0.3796011 0.7631462 0.8017142 0.7975300 0.4106906 0.7131012 0.6798368 0.3966364 0.4976103 0.4801513 0.5058803 0.6128772 0.6048920 0.2821136 0.2016281 0.7562382 0.7331178 0.1757742 0.7426601 0.7433867 0.2525537 0.0881222 0.2589688 0.1195310 0.7327778 0.5606447 0.0176545 -0.1913654 -0.5252867 -0.2673773 0.0511661 -0.1260672 0.3926289 -0.0735952 -0.3019427 -0.2095794 -0.3489299 -0.1969306 0.2610095 -0.2511752 0.0622961 0.4612531 -0.3283699 -0.0966433 0.0076493
0.1978166 0.7353015 0.3966518 0.5779133 0.1153370 0.9175129 0.3856748 0.6308619 0.8239181 0.0000000 0.6554718 0.7505747 0.3431090 0.7414401 0.6156078 0.3806469 0.4830231 0.5442589 0.3370839 -0.1654570 0.7490370 -0.0663666 0.1770132 0.5792986 0.0967253 -0.1403472 0.4779873 0.5793816 0.7637406 0.7189540 -0.1583297 -0.0971941 0.1764164 0.5723246 -0.1119842 0.7763258 -0.3754191 0.0274164 0.5183149 0.5126516 -0.0180316 0.6320064 0.1085106 0.3896375 0.5189780 -0.0345231 -0.0653618 -0.1614795 0.3536118 -0.2165584 -0.0454782 0.0717857 0.6604492 0.0593212 0.0166176 -0.1409213 -0.2168999 0.4077575 0.6089057 -0.1683037 0.6103517 -0.1809575 -0.1993594 0.7054098 0.7407573 0.0482758 0.0269144 0.1144529 0.1683949 0.4683014 0.2258500 0.7381263 0.1948616 0.7889470 0.3188900 0.6340907 0.7803747 0.1791806 0.5874146 0.7015096 0.5363940 0.1554651 0.0704759 0.0475610 0.0940870 0.1239058 -0.2190027 -0.1906385 0.0579330 -0.0222942 -0.1159636 -0.0705554 0.3002392 -0.2702017 0.3494603 0.2206576 -0.0621880 0.1847437 0.0485916 0.4611197 -0.1062061 0.2161880 0.2273237 0.1790447 -0.0053693 0.0569143 0.0959229 0.0871079 -0.1894799 0.1611232 0.1509821 0.0857332 0.2465338 0.2372272 0.1926956 0.2390736 0.2423049 0.3306556 0.2124088 0.2484728 0.2341620 -0.0012282 0.0184535 0.3005233 0.2113795 0.0457157 -0.3126844 0.1738638 0.1033957 0.0035920 0.2058109 -0.1837647 -0.3697627 0.6583427 -0.2197144 0.0372612 0.1913362 0.2256364 0.0468515 0.4927830 -0.0390226 0.1131868 0.0299567 0.5314485 0.3334704 0.1351473 0.1512342 0.1152684 0.1226170 0.3326006 0.2124938 0.3578533 0.1446172 -0.1255262 0.2515069 0.4781375 -0.0256020 0.0464776 0.2093005 -0.2230725 -0.2750331 -0.0049356 0.5039509 -0.3119936 -0.4278525 0.3336282 0.1913789 0.2678382 0.0299323 -0.0312728 -0.0777902 0.2172047 -0.0139846 0.0508330 0.7007068 0.7486525 0.7466294 0.2079130 0.7367715 0.5921778 0.3231895 0.4418109 0.4518565 0.4563096 0.5294814 0.6320236 0.1766253 0.1833345 0.7141607 0.6872662 0.1500898 0.7767143 0.6549366 0.0317214 0.0620865 0.1774242 -0.0723286 0.5673368 0.5982014 -0.0751786 -0.3970720 -0.3336227 -0.1150914 0.1276539 -0.1189172 0.6120478 -0.0454436 -0.2034096 -0.4147007 -0.1643366 -0.0811257 0.3736972 -0.3238365 0.1908771 0.5081451 -0.2321721 -0.3224797 -0.1293011
0.2690995 0.6527728 0.7274194 0.8993451 0.3914231 0.7215179 0.6270394 0.9479691 0.4761691 0.6554718 0.0000000 0.5577647 0.7258341 0.6609307 0.4472617 0.8060809 0.8611708 0.2783939 0.7129177 -0.1662248 0.4142137 0.4055193 0.7714286 0.0730873 0.5527273 0.4200966 0.8273908 0.0813144 0.5023424 0.5421928 0.0095716 0.3166670 -0.3600250 0.3108030 0.4775154 0.4835633 0.0578906 0.3768894 0.8890179 0.7132826 0.0375141 0.5581942 0.7063689 0.5679399 0.7725994 0.4875003 0.4451694 0.0230317 0.3007373 -0.0508054 0.5019536 0.6460468 0.5375562 0.6044453 0.1275208 0.3236982 0.2199516 0.7428371 0.4937277 0.3614654 0.6962685 0.4054395 -0.1703791 0.6623210 0.7457630 0.0208351 0.5658701 0.6139097 0.3329277 0.8853197 0.3365126 0.8742044 0.7069905 0.8854200 0.5363998 0.8312644 0.8272403 0.2404211 0.5154750 0.6685289 0.6940540 -0.2071790 -0.0950978 0.2805024 0.1037153 0.1349518 -0.2365347 -0.5102252 0.1157713 -0.0050943 0.0172365 0.0312138 0.1289961 -0.4670692 0.3519740 0.2692751 -0.1182061 0.1039534 0.0094976 0.2814484 -0.1425960 0.0572173 0.1559086 0.0746492 0.0571850 -0.0861321 0.0789820 0.0931880 -0.1979949 0.1647312 0.1125051 0.0437011 0.0713767 0.1143469 0.0038164 0.0114411 -0.0255050 -0.0024932 -0.1052899 -0.0075885 -0.0465084 -0.1871357 -0.0470519 -0.0278605 0.0089682 0.0184293 -0.3148582 0.0891434 0.1390728 -0.1203025 0.0051592 -0.3224193 -0.2064736 0.8009218 -0.3543872 0.0006240 0.2327574 0.2883145 -0.0113916 0.3905069 -0.2651074 -0.0081099 0.0096945 0.7156477 0.6146589 0.0308989 -0.2365556 -0.0813756 -0.0675366 0.0493961 -0.0370801 0.3253877 -0.2854763 -0.2590984 -0.0852485 0.5154604 -0.0677970 0.0747241 0.2981487 -0.1765875 -0.4022217 -0.1967236 0.6365669 -0.2400177 -0.5388472 0.2974539 0.1611306 -0.0130972 -0.1382193 -0.2451157 -0.2464156 -0.1158292 -0.2266158 -0.2508068 0.4169616 0.6027609 0.5794996 -0.0150596 0.5027681 0.3354075 0.1768197 0.2567379 0.1335707 0.2533821 0.5263573 0.8436240 0.4253726 0.2951757 0.7102593 0.6668539 -0.0145605 0.7627474 0.6560793 0.0560312 0.0747061 0.2487641 -0.2399801 0.4659822 0.7506122 -0.0519367 -0.1585139 -0.3938092 -0.1011766 0.3280646 -0.3021675 0.8173023 -0.1214060 0.0419937 -0.0907552 0.0028607 -0.1327593 0.5093716 -0.4558722 0.0293748 0.4788647 -0.0100996 -0.0023965 0.0342700
0.5899605 0.8876028 0.4143453 0.7270611 0.0000692 0.8581911 0.7438234 0.6276453 0.7969271 0.7505747 0.5577647 0.0000000 0.3031189 0.7609443 0.8469910 0.3892492 0.5944370 0.5765346 0.3890619 -0.4817978 0.9478476 -0.0637662 0.0962544 0.6316633 0.0357597 -0.2080188 0.4537157 0.5890498 0.9502937 0.7421886 -0.2401097 -0.2408073 0.3056440 0.6522161 -0.1034609 0.9603836 -0.3230363 0.0474847 0.5222415 0.3704739 -0.2300941 0.7586822 0.1121717 0.4001046 0.6017766 -0.0413838 -0.0444150 -0.1527721 0.4399733 -0.4081474 0.0290071 0.0821175 0.7031496 -0.0050921 -0.0291272 -0.2187253 -0.0559399 0.3605410 0.7372212 -0.0057800 0.7143038 -0.1574665 -0.3676410 0.7271041 0.7825097 -0.0222143 0.3463422 0.1875003 -0.0234231 0.5431393 0.5086159 0.8171532 0.3646413 0.8026502 0.2168717 0.7205868 0.8696870 0.2344043 0.7531898 0.7924999 0.6781446 0.1309738 0.3189524 0.4616455 0.3680948 0.2908777 -0.3683891 0.0836788 0.2520926 0.2771934 -0.0615532 -0.0193685 0.3211196 -0.0686459 0.4300433 0.3202674 0.0048339 0.2710940 -0.0312404 0.7467041 0.0276461 0.2481703 0.4178829 0.4621466 0.2910415 0.1823490 0.2698348 0.2036215 0.0724189 0.2660045 0.2377272 0.1651297 0.0891347 0.1427503 0.0689510 0.1745020 0.1898102 0.2266943 0.1568584 0.2200212 0.2304558 -0.0435147 0.2654309 0.3198559 0.0667866 0.3176011 -0.2155147 0.2199250 0.2820627 0.0702670 0.1335481 -0.2407368 -0.1868501 0.6957883 0.0174038 0.1179295 0.2738677 0.4580982 0.0891595 0.7401621 0.1207485 0.3997546 0.1354311 0.6038153 0.4480424 0.2501933 0.1775267 0.1239088 0.4225104 0.4862592 0.4706399 0.4536596 0.3612747 0.0599363 0.2469154 0.6657247 0.1380520 0.0224715 0.5459076 0.0362987 -0.4424185 0.4633526 0.7147134 -0.1448956 -0.3801194 0.5654247 0.5590497 0.4779588 0.3739367 0.3789259 0.1919442 0.3441180 0.2952218 0.1911284 0.8589725 0.8944131 0.9579247 0.4893310 0.9664407 0.9011501 0.6419016 0.7659393 0.6960332 0.7682636 0.7115421 0.7674549 0.2981487 0.1256523 0.8927744 0.9296576 0.2376086 0.9052271 0.7844941 0.1441979 0.2836833 0.3813337 0.2361766 0.6809738 0.7740804 0.3166205 -0.5344885 -0.7422728 -0.2646218 0.2307422 -0.4696495 0.5130969 0.2169866 -0.4774198 -0.5051363 -0.3747997 -0.2330012 0.6408689 -0.5108630 0.2189799 0.7025409 -0.6273959 -0.2161650 -0.0339253
0.0435993 0.3489605 0.5770943 0.6680481 0.6403795 0.4610993 0.2670691 0.8079460 0.1265458 0.3431090 0.7258341 0.3031189 0.0000000 0.2409745 0.1525750 0.8135093 0.7094845 -0.1139066 0.8112422 0.0244116 0.2334548 0.5360559 0.7028898 -0.0169023 0.5739911 0.5885426 0.6751527 -0.1952931 0.2696810 0.2677792 0.4682291 0.5315889 -0.3071592 0.3114850 0.5817306 0.2259320 0.4775501 0.8174763 0.7336889 0.5692899 0.4569830 0.2696583 0.7008426 0.4023425 0.5717115 0.7444768 0.6840319 0.5525481 0.3097223 0.4320918 0.6542919 0.6764804 0.4534023 0.6475897 0.6144792 0.6450878 0.6558485 0.7535241 0.1241433 0.6148612 0.3681221 0.5084157 0.2888336 0.5665144 0.5412931 0.4194267 0.6103443 0.6479683 0.3772020 0.6900043 0.4556073 0.5694944 0.6209908 0.6017584 0.4347079 0.6592101 0.5803066 0.2638069 0.4846335 0.5156880 0.4653727 -0.0216414 0.0306681 0.2416600 0.0946649 0.2321502 0.2731180 -0.4546536 0.3344468 0.1732352 0.2432485 0.0416986 -0.0032473 -0.4351011 0.6373925 0.2314975 -0.3077018 0.1121577 0.4575997 0.1399277 0.2030449 0.0746404 0.0426811 -0.0298910 -0.1512969 -0.1884513 0.1930083 0.1002034 -0.0021092 0.1341261 0.0168363 0.1615109 0.0590732 0.0776960 0.0262755 0.0575897 0.0230250 -0.0346858 -0.0379922 -0.0441900 -0.0362381 -0.0949856 -0.1487872 -0.0440855 -0.0689795 0.0162281 0.0097606 -0.2302172 0.0034933 -0.0195267 -0.0466659 -0.1773963 0.0856540 0.6002461 -0.5267068 -0.1935762 0.1106353 0.0010412 -0.2823952 0.1821151 -0.5052461 -0.3058221 -0.2704368 0.3316554 0.2317929 -0.0493592 -0.5220076 -0.4062357 -0.3802335 -0.2424477 -0.3613061 -0.0812949 -0.4397485 -0.3671723 -0.2451687 0.2533516 -0.4627869 -0.0405500 -0.0561409 -0.4964205 -0.3300207 -0.3118992 0.5202559 -0.4704074 -0.4086975 0.0028619 -0.0128334 -0.3067494 -0.2868725 -0.4065594 -0.3077981 -0.3157050 -0.2729793 -0.4230714 0.1024362 0.3214881 0.3191211 -0.0978448 0.3148014 0.1693226 -0.0027924 0.0951500 -0.0925343 0.0307663 0.0970510 0.6585811 0.4153885 0.4310097 0.4585833 0.3540247 -0.1257637 0.5066250 0.2955662 -0.2228469 -0.0239970 0.0390694 -0.2259028 0.1316509 0.6301254 -0.0898937 -0.1699996 -0.1386785 0.0053284 0.1627887 -0.1521950 0.4770516 -0.0680795 -0.1644620 -0.2060602 0.1600184 -0.1264228 0.3865218 -0.1742433 -0.0842119 0.2741470 -0.0377486 -0.1724436 0.0374668
0.5782721 0.7609498 0.4983630 0.7176317 0.0653092 0.7657721 0.7240878 0.6098558 0.8367123 0.7414401 0.6609307 0.7609443 0.2409745 0.0000000 0.8040009 0.3485396 0.6222399 0.8196289 0.4011648 -0.4377976 0.6802395 0.1318612 0.3378230 0.4472220 0.2283518 -0.0837392 0.6252896 0.6485064 0.7131168 0.7681217 -0.4476518 -0.1105494 -0.0143949 0.3516161 0.0644170 0.6861114 -0.3897679 -0.0648932 0.6419793 0.6092472 -0.2367143 0.5038159 0.3005676 0.5791850 0.4440906 -0.0561693 -0.0027597 -0.3843062 0.3059789 -0.5342915 0.1184088 0.2914956 0.4694402 0.2138407 -0.2407298 -0.2355296 -0.2278194 0.3574365 0.5321142 0.0146302 0.5652204 0.0554371 -0.3717921 0.5434827 0.6456184 -0.2019001 0.3460790 0.2578631 0.1181785 0.5252333 0.3383271 0.7806551 0.3841302 0.7896862 0.4295912 0.5913344 0.7255496 0.3593279 0.5864815 0.5529669 0.7298887 -0.1071434 0.0337709 0.3173474 0.1616120 0.1067032 -0.5540010 -0.1471428 -0.0371090 -0.0185607 -0.0673588 0.1582421 0.3244710 -0.3136710 0.1512458 0.3571629 0.0330294 0.1742790 -0.4600456 0.3613762 -0.3826392 0.1260720 0.3860786 0.1033012 0.4395497 0.1828178 0.0997494 0.1795313 -0.0744329 0.1471676 0.3771998 -0.0432571 0.0796088 0.0617026 -0.1208060 -0.0247808 -0.0508733 -0.0274454 -0.0744267 0.1294547 -0.0287574 -0.2251881 0.4875809 0.0277840 0.0312088 0.0089112 -0.4058234 0.4073731 0.1287536 -0.1178564 -0.0466351 -0.0733788 -0.3218734 0.6007208 0.2053657 0.2468219 0.1687799 0.3956024 0.0683861 0.5175108 0.1573714 0.2872775 0.2790849 0.6406720 0.4569295 0.2212309 0.1892369 0.2416006 0.3099439 0.4459484 0.5433769 0.6167121 0.2110075 0.0133459 0.3005407 0.5988966 0.3963140 0.0745299 0.5600868 0.2832353 -0.2519351 0.2690129 0.5491359 0.1990670 -0.3328815 0.5487183 0.3246041 0.3105210 0.2568307 0.2459974 -0.0786667 0.1408503 0.0418693 0.2734743 0.7381800 0.8194031 0.7991913 0.1795180 0.6817408 0.5719036 0.3749409 0.4409665 0.3426701 0.4596913 0.6111030 0.6771435 0.1638489 -0.0045541 0.7704745 0.7831968 0.3479999 0.7643290 0.7987407 0.3945846 0.1717471 0.4235271 0.1430897 0.7825173 0.6019027 0.0642999 -0.1030996 -0.5218036 -0.0627079 0.4033203 -0.4287111 0.5160103 -0.1031561 -0.2492575 -0.0479467 -0.2980131 0.1120989 0.5836631 -0.5326776 -0.0346007 0.5102229 -0.3311914 0.1658747 0.1995905
0.6031993 0.7456780 0.5695933 0.5951951 0.2083349 0.7100098 0.7153209 0.4769842 0.8879609 0.6156078 0.4472617 0.8469910 0.1525750 0.8040009 0.0000000 0.3055237 0.4244584 0.8494134 0.3692881 -0.2969695 0.7421681 -0.0646042 0.0668578 0.7795700 0.1239629 -0.1429726 0.3290187 0.7249456 0.8594106 0.7332561 -0.2490616 -0.1071036 0.4178122 0.6798661 -0.0346881 0.7378842 -0.2924978 0.0225698 0.3803186 0.4016501 -0.2314884 0.5920447 0.0889859 0.4885627 0.4788722 -0.0478934 -0.0211517 -0.1744745 0.5416806 -0.4403794 0.0796706 0.0673944 0.6536004 -0.0367539 -0.0810416 -0.2288300 -0.1585561 0.2841917 0.6493849 -0.0151842 0.5820045 -0.1055317 -0.1906644 0.6399311 0.7365908 -0.1308019 0.2432604 0.0449965 0.0250807 0.4542414 0.2978053 0.6883392 0.2682146 0.7294793 0.3188341 0.5663914 0.6810911 0.4376898 0.7121896 0.6316152 0.6877200 -0.0169352 0.1569238 0.3652897 0.2121519 0.0816774 -0.4888488 0.0319547 0.0436182 -0.0102958 -0.1499545 0.0117783 0.0300592 -0.1904309 0.1737725 0.4353192 -0.0768834 -0.0356785 -0.3843227 0.4564263 -0.2964982 -0.0491009 0.2015415 0.2610216 0.4704943 0.1985532 -0.0575568 -0.0223750 -0.0826514 -0.0841789 0.2373251 -0.2085001 -0.1296515 -0.0696825 -0.1524537 -0.0982038 -0.0675867 -0.0102915 -0.1265364 -0.0604037 -0.1258896 -0.2784650 0.3901868 0.0365979 -0.1803773 -0.0244696 -0.4515125 0.3310899 0.0063603 -0.2083906 -0.1923872 0.1169903 -0.4040802 0.4390086 0.3847752 0.0510615 0.0004375 0.2857893 -0.0523520 0.3929632 0.0647921 0.3444650 0.2534889 0.3606734 0.3143228 0.0902110 0.1100864 0.1429343 0.2596444 0.3348758 0.4913794 0.5066971 0.2826789 -0.1219623 0.0987405 0.5882662 0.3582958 0.0693784 0.4241311 0.2475280 -0.3914348 0.3949281 0.5107219 0.1790574 -0.3390911 0.5402285 0.3276740 0.2580759 0.3094777 0.3289919 0.0017127 0.0623757 0.1930235 0.4929673 0.7484210 0.7882357 0.8183901 0.4408371 0.7408039 0.7555305 0.5130325 0.5652251 0.4940987 0.5817834 0.6580738 0.7121524 0.4018121 0.2085561 0.7889595 0.8265368 0.0900836 0.7417253 0.7795064 0.2570343 0.0769961 0.2687049 0.1791306 0.7496882 0.6130796 0.1118903 -0.2403329 -0.5860894 -0.2186292 0.1978852 -0.2716516 0.3868959 0.0208142 -0.3478160 -0.1552383 -0.2280574 -0.1454345 0.3983356 -0.2667006 0.0944367 0.5693184 -0.4481209 0.0904885 0.1174702
0.0257269 0.3488350 0.5451560 0.7395829 0.6078966 0.4944662 0.4908156 0.8514728 0.2092203 0.3806469 0.8060809 0.3892492 0.8135093 0.3485396 0.3055237 0.0000000 0.7312178 0.0467689 0.9279996 -0.0174536 0.2252518 0.4372552 0.7898853 0.0461705 0.6784043 0.6739631 0.7692998 -0.0643675 0.3006501 0.4405218 0.2896929 0.5324208 -0.2573030 0.2668281 0.6506648 0.2805974 0.4296341 0.6560834 0.7777347 0.6793099 0.2175235 0.3216491 0.7699413 0.4972318 0.5978797 0.7456176 0.6957852 0.4028074 0.2860889 0.2944683 0.7145244 0.7088620 0.3889412 0.6188060 0.5104043 0.5901546 0.5494393 0.6847583 0.1694636 0.6270606 0.3892345 0.5331832 0.1828520 0.5176275 0.5295848 0.2353281 0.6561675 0.5942998 0.3123873 0.8130407 0.4377047 0.6540658 0.6837667 0.6808416 0.5551603 0.6880334 0.6742431 0.4405104 0.5679804 0.5516129 0.6487931 -0.3733131 -0.2235713 0.1844845 -0.0130510 0.0183290 -0.1360462 -0.5479156 0.1317541 0.0481089 0.0161465 -0.0848547 -0.0971646 -0.5534337 0.3981865 0.1931376 -0.3588944 -0.0572077 0.1950138 0.0978071 -0.0538717 -0.1595117 -0.1005588 -0.0831502 -0.1680482 -0.2686328 -0.0615359 -0.1666895 -0.2671857 -0.0922823 -0.1186113 -0.0379635 -0.1249821 -0.0676271 -0.0381667 -0.0541843 -0.0296980 -0.0891559 -0.0961475 -0.1357416 -0.0795546 -0.1292622 -0.2112681 -0.0293217 -0.1341562 -0.0083159 -0.1263034 -0.1062426 0.0261699 -0.0729504 -0.1014268 -0.2678689 -0.0660525 0.6230239 -0.3630179 -0.1348584 0.1428413 0.0866570 -0.1294243 0.1588588 -0.4802756 -0.2241929 -0.1283563 0.5278823 0.4458295 0.0168854 -0.3759389 -0.1332974 -0.2362531 -0.1846414 -0.2477669 0.2125681 -0.4324302 -0.3406048 -0.2592837 0.4202837 -0.2537435 0.0382187 0.1061157 -0.3359802 -0.4775001 -0.3225230 0.5921780 -0.3432970 -0.5771891 0.2032139 0.0717680 -0.1637534 -0.1514863 -0.4114669 -0.2750751 -0.2405503 -0.2920042 -0.2947364 0.1873838 0.3721837 0.3713764 0.1002308 0.3564018 0.2490481 0.1917342 0.1432333 -0.0976944 0.0771136 0.1780676 0.6657812 0.4501312 0.4722292 0.5518627 0.4786420 -0.1858232 0.5703193 0.4448395 -0.1006152 0.0048886 0.1180885 -0.2385348 0.3507193 0.6736971 -0.0884543 -0.0886616 -0.2206467 -0.0028418 0.3129652 -0.1915797 0.5919233 -0.1320341 -0.0592882 -0.0344348 0.0920092 -0.0896399 0.4692505 -0.2748442 -0.0789375 0.2574992 0.0869376 0.0688698 0.1287785
0.4501742 0.6706377 0.5447294 0.8706944 0.2931039 0.6155080 0.7059389 0.8724332 0.3580258 0.4830231 0.8611708 0.5944370 0.7094845 0.6222399 0.4244584 0.7312178 0.0000000 0.1826435 0.6452362 -0.5212627 0.4719116 0.2942129 0.6874292 -0.0222275 0.3775681 0.2661168 0.8917345 0.0027741 0.4535827 0.5374596 -0.1043701 0.0986150 -0.4645723 0.1666295 0.3631878 0.4945970 -0.0096761 0.3299056 0.8380423 0.5634905 -0.1239173 0.4651661 0.6270183 0.3911707 0.6497256 0.3659255 0.3238311 -0.0671644 0.1245322 -0.1763268 0.4178084 0.5895202 0.3691045 0.4909354 0.0164992 0.1705684 0.2231502 0.5961178 0.4397219 0.3746503 0.6249782 0.3541788 -0.2700726 0.5143560 0.6172384 -0.0032771 0.7356524 0.6231048 0.1194446 0.7799686 0.5913064 0.8296526 0.8041245 0.7923378 0.4460100 0.7341343 0.7585937 0.2915901 0.5575302 0.5402942 0.6773472 -0.1243988 0.0804793 0.4985669 0.3338160 0.3365510 -0.1827359 -0.2935301 0.3298697 0.3538794 0.2024314 0.0633654 0.2439938 -0.3002531 0.5028540 0.1756706 -0.1086126 0.2178170 0.0493469 0.3984041 0.0323404 0.2351095 0.3239838 0.2687490 0.2358376 0.0290763 0.2644467 0.1999421 0.0929396 0.2975853 0.4123137 0.2507944 -0.0274025 0.0053624 -0.1569385 -0.0487382 -0.1409799 -0.1561961 -0.1195514 -0.0009039 -0.0757369 -0.3038723 0.1869954 -0.0815797 -0.0802792 0.2277670 -0.2745754 0.2576484 0.2670392 -0.1969669 -0.0933839 -0.2670598 -0.1069249 0.6750971 -0.2329499 0.2467574 0.2714228 0.4799187 0.0517720 0.5191660 -0.1227150 0.2306884 -0.0965742 0.7277132 0.5997271 0.2470260 -0.1540287 -0.0142639 0.0649956 0.1982167 0.1942318 0.4318503 -0.1710822 -0.0363361 0.1299002 0.5771412 0.1003114 0.1188129 0.4547621 0.0865765 -0.4270399 0.0347104 0.6708912 -0.0194622 -0.5221514 0.3754079 0.3495859 0.0515395 0.0243120 -0.0193015 -0.2365670 -0.1094524 -0.0397744 -0.1727268 0.5317314 0.6572142 0.6327961 -0.0056318 0.5726754 0.4412530 0.3723643 0.4162512 0.2197114 0.4087048 0.5020171 0.8049954 0.2755155 0.0781406 0.7164492 0.6955324 0.1420684 0.7184182 0.5666316 0.1679531 0.2422320 0.3864332 -0.0279701 0.3555937 0.6922844 0.2006862 -0.2924639 -0.5246984 -0.1218588 0.3650167 -0.6274934 0.7116048 0.1311727 -0.2225583 -0.2282987 -0.1093470 -0.1022341 0.6212631 -0.6445116 0.0967105 0.4463415 -0.3127502 -0.0680108 -0.0277370
