0.0000000 0.2636406 0.2447357 -0.2549482 0.0187812 -0.2180816 0.2047946 -0.2340605 -0.3778028 -0.3319228 -0.3316613 0.2422893 -0.1773420 -0.1582653 -0.1757201 -0.3213827 -0.2788889 -0.0683416 -0.2860330 -0.3907213 0.5455400 -0.3657946 -0.5013370 -0.0832662 -0.3762137 -0.4580207 -0.5304742 0.0100763 0.1487423 -0.1116990 -0.1159837 -0.5266724 -0.1422635 -0.1479967 -0.6517161 0.2751638 -0.6093602 -0.3790456 -0.4804554 -0.3985742 -0.3994959 0.1704420 -0.6833669 -0.0457745 0.2325640 -0.4260989 -0.6761508 -0.3611914 -0.1253503 0.1594392 -0.7088135 -0.5308734 -0.0161300 -0.3586022 -0.3915330 -0.2607761 -0.5476908 -0.1866778 0.2270788 -0.5528970 0.2344685 -0.2304808 0.1296765 -0.0891145 -0.0222217 -0.2914958 -0.1903584 -0.0977522 0.0830788 -0.0549145 -0.1255437 -0.0841079 0.0460665 -0.0061337 -0.1368265 0.1466486 0.3828867 0.0901476 0.1368181 0.2505144 0.0270236 0.3109122 0.0187906 0.1807594 0.1770033 0.5137774 0.4782284 0.1081224 0.2222423 0.1268247 0.0530507 -0.0618736 -0.2465674 0.1356085 0.0326908 -0.4015180 -0.3899847 -0.3179678 0.0329725 0.2073970 -0.0436770 0.2089029 -0.1914725 0.3891833 -0.3690643 -0.4046924 0.1360932 -0.1007004 -0.0912059 0.2181255 -0.0852468 -0.0766802 -0.1268177 0.0098140 0.3228495 0.3095849 0.2853996 0.2540701 0.2267596 0.0606438 0.1798695 0.0717767 -0.1731303 0.2273989 0.1115041 0.2179696 -0.0848851 0.1643878 -0.0052609 -0.0537199 -0.1083260 0.4917617 0.0872977 0.2892623 -0.0175647 0.2261463 0.1390437 0.0497921 -0.0309805 0.1363427 0.4179272 0.3287959 0.2101811 0.2161056 -0.0197404 0.2288079 0.3923160 0.4209069 0.1783822 0.1888816 -0.1870321 0.1408040 0.2734706 0.2243683 0.3780210 0.1515532 -0.0082520 0.2000251 -0.1193592 -0.1701397 -0.0446838 0.0746546 0.1753749 0.1456324 -0.1585466 0.0612154 0.2460491 -0.1318434 0.0959021 0.0758470 0.2189988 0.0645801 0.5016808 -0.2762205 0.0106586 0.0500340 0.0963490 -0.1274113 0.3032182 0.0547443 -0.0479124 0.1695064 0.2339102 0.2372597 0.0031913 0.1198892 0.1716831 0.0078355 0.4543433 0.6841160 -0.0830187 0.6506711 0.5094495 -0.1676130 -0.0033294 0.1361854 0.1881687 0.3129667 -0.0655833 0.3054949 -0.4464168 -0.0244310 0.2606638 0.1377839 0.0372617 0.1688857 0.2748899 0.3007386 -0.4033794 0.1837053 0.3478052 0.4015785 0.3944159 0.4877765 0.6579742 -0.0055780 0.1012954 -0.0926477
0.2636406 0.0000000 0.6510893 0.6441539 0.3429819 0.5874964 0.8103261 0.6198824 0.5991584 0.5092677 0.5645369 0.8982357 0.4594023 0.5700926 0.7428800 0.5045931 0.4439185 0.5607603 0.6120504 0.4331523 0.6238858 0.5925877 0.4359133 0.6946193 0.5542094 0.5027707 0.2347397 0.4638655 0.8522489 0.2306244 0.4210489 0.4592352 0.5421470 0.7393612 0.2267581 0.5443351 0.3527473 0.5244863 0.1849770 0.1739219 0.5641399 0.7460507 0.1794463 0.2907740 0.8139371 0.4812850 0.1983192 0.4457759 0.4819493 0.0702587 0.0708540 0.1977013 0.7099324 0.3809524 0.3498199 0.5419986 0.3315579 0.5019270 0.6255651 0.1143786 0.7681990 0.3966199 0.3667737 0.5521251 0.7670420 0.3942984 0.2645959 0.5314056 0.5400147 0.4938335 0.3267046 0.5502310 0.5729408 0.6303172 0.4863811 0.6222952 0.4850840 0.6020412 0.6544931 0.1518564 0.5431705 0.2924707 0.4684501 0.1081071 -0.0846317 0.0858732 0.2008561 -0.1339875 0.1197413 0.0254958 0.2664364 0.2506116 0.4054108 -0.3276169 0.1641883 0.2506019 0.3064161 0.3797572 0.1730017 -0.0832839 0.0794538 0.2224707 0.1540434 0.2496432 0.3302367 0.1986078 0.0736648 0.1758489 0.2028653 0.4749183 0.1256501 0.1419076 0.1494504 0.2297339 0.3176274 0.0968362 0.2375900 0.2784233 0.2657366 0.2766523 0.2738619 0.1513210 0.3578517 0.1964777 0.3362785 0.1142935 0.1526236 0.2238806 0.0367275 0.2305560 0.1049141 0.3811733 0.2452523 0.2546006 0.3967043 0.2098130 0.1323550 -0.2159622 -0.2434330 0.0187714 0.2436645 0.0461078 0.3777780 0.1217410 -0.1089970 0.1809522 -0.0644249 -0.0396784 0.3570132 0.0897273 0.1038332 0.0390626 -0.0091019 0.2034621 0.1200850 0.1646452 0.3179685 -0.0290840 0.2523029 0.2096321 0.2238033 0.1006961 0.1867454 0.5124148 0.2379388 0.0808867 0.1708709 0.1831636 0.4804957 0.2561521 0.1112588 0.1876395 0.2799370 0.5212139 0.7817809 0.7094382 0.4701562 0.2395101 0.4404006 0.6161990 0.5436481 0.4796437 0.6064257 0.3696277 0.5441462 0.7876258 0.3469705 0.3834750 0.4307684 0.3899692 0.1109272 0.3819666 0.5000297 0.1254969 0.1800048 0.2921710 -0.2001690 0.4879345 0.0951190 0.0297776 0.0878299 -0.0083674 0.2583978 0.2980126 0.6815016 0.6506953 -0.2074145 0.6696868 0.1652572 0.2265801 0.2966805 0.0132588 0.7177992 0.6838149 0.3422506 0.1649199 0.1076990 -0.2403857
0.2447357 0.6510893 0.0000000 0.5011475 0.7593310 0.1909868 0.5478317 0.5505375 0.1226729 0.2582959 0.3570372 0.5563673 0.5150572 0.2934796 0.2332215 0.3607056 0.2200932 0.1810324 0.3879911 0.3287745 0.4093051 0.5536810 0.2189047 0.1819659 0.3042565 0.2503400 0.0077638 0.0542397 0.3746416 -0.1076837 0.3818718 0.2198084 -0.0722818 0.2026200 -0.1626561 0.0785931 0.1249095 0.3814515 -0.2818004 -0.3412281 0.4135700 0.2153647 -0.2669681 -0.2783907 0.5512508 0.1668419 -0.1435788 0.4515508 -0.1708800 0.1668037 -0.1916671 -0.1834422 0.2711414 -0.1355628 0.2498012 0.3357972 0.0561334 -0.1271846 0.2693310 -0.1686001 0.3970978 0.0842671 0.4990086 0.0716742 0.3530650 0.2788879 0.0264655 0.1666039 0.5438678 0.1446504 0.3459036 0.0652645 0.1807639 0.2872653 0.4891540 0.2190750 0.2153138 0.4135612 0.2347782 0.2225161 0.1522855 0.3672642 0.2309531 0.1616290 0.0041151 0.3627084 0.3610627 0.2138891 0.4866085 0.3368467 0.4777267 0.1966940 0.2007411 0.0385257 0.2913149 0.0658005 0.0554310 0.1318677 0.3193569 0.0961714 0.1793446 0.1425765 -0.0757536 0.1896045 0.1241620 0.0735593 0.2442622 -0.1132724 0.2854334 0.3374901 0.0460872 0.1049800 -0.2915938 0.1316559 0.2534583 0.0874601 0.2659788 0.2398831 0.0616795 0.1667447 0.3015612 0.3056894 0.1929769 -0.0792644 0.2617478 -0.0306902 0.1053620 0.0285219 -0.0431236 0.0626548 0.1004015 0.2162233 0.1082447 -0.1576508 0.2909680 0.0282325 -0.0710174 -0.2724031 -0.1265599 -0.2014077 0.3947007 -0.1647030 0.3652687 -0.2765168 -0.2435425 0.0444162 -0.2650514 -0.1948248 0.4945019 -0.2725901 -0.3096824 -0.2251491 -0.3207668 0.3926794 -0.0771643 -0.1283439 0.2374225 -0.2860421 0.1064646 -0.1717383 0.0065868 -0.2772490 -0.0913741 0.1637904 -0.1093438 -0.0720274 -0.1253979 0.1287479 0.3362833 -0.0390085 0.0826338 0.2007588 0.1264875 0.6045987 0.4999582 0.4850431 0.5666148 0.4167911 0.4856183 0.1750949 0.3065933 0.2810470 0.2439375 0.2950494 0.3563496 0.4749437 0.3655897 0.4305634 0.2634858 0.3176982 0.0423065 0.2542999 0.2200733 -0.0062813 0.0872877 0.1818111 -0.1753381 0.1553734 0.0780106 -0.0635491 -0.2743336 -0.1464700 -0.1234117 -0.1494571 0.7204357 0.2464805 -0.3328371 0.4438484 -0.1617012 0.0979185 -0.0019335 -0.0182127 0.5942992 0.4033111 0.1783964 0.2462733 -0.1031579 -0.3640876
-0.2549482 0.6441539 0.5011475 0.0000000 0.3676110 0.7928945 0.5921529 0.9142299 0.7487496 0.8149947 0.8662290 0.5128129 0.7417069 0.8101591 0.5722846 0.7560967 0.5680806 0.6630566 0.7220891 0.6790175 0.1320482 0.8395371 0.7229075 0.6978489 0.7635495 0.7280408 0.6151929 0.4946755 0.5975289 0.5117479 0.6530091 0.7522200 0.5975649 0.7494459 0.5400218 0.3659557 0.6759433 0.8027802 0.5810656 0.5289394 0.8490661 0.4488209 0.4934326 0.3227914 0.5586440 0.6666157 0.5193785 0.7928652 0.5750536 0.0400465 0.5567470 0.5636864 0.7810376 0.5661116 0.6564391 0.7096991 0.6783027 0.5667735 0.2592070 0.5892841 0.4930055 0.6614832 0.5071823 0.6460457 0.7277544 0.6865134 0.5622314 0.6624263 0.6588398 0.6488323 0.6281355 0.6108524 0.6971441 0.6713325 0.6870219 0.6329704 0.2355798 0.7238018 0.5947339 -0.0739548 0.6302942 0.1248966 0.3964248 0.0653516 -0.1477203 -0.0698879 0.0993675 -0.0751390 0.0871798 0.0727406 0.2100441 0.1252988 0.3883178 -0.2837705 0.1178869 0.3720038 0.3403105 0.5177884 0.1363809 -0.2646040 0.1025184 0.2695069 0.1462581 -0.0838057 0.4587826 0.3716954 -0.0198874 0.0564873 0.2690975 0.2315778 0.0774923 0.0429530 0.0030467 0.1936017 0.0789337 -0.0396923 0.1768177 0.0957868 0.1222327 0.0578404 0.1321769 0.1475962 0.2627922 -0.0297109 0.1073232 -0.0799347 0.2292826 0.0018960 0.1030985 0.2254709 0.2590809 0.0139344 0.2852122 -0.0283404 0.3823601 0.0380187 0.0849424 0.0514804 -0.0112551 -0.0866811 -0.0892071 -0.0186672 0.2055294 -0.0256798 0.0013960 -0.0617012 -0.1114614 -0.0822863 0.1462898 0.0038396 0.0499247 0.0866147 -0.0262974 -0.1696119 -0.0454534 -0.1067478 0.0368811 -0.0767010 0.1959140 0.0574965 0.2604736 0.0472440 -0.1163328 0.0989970 0.2754616 0.0074412 0.0248258 -0.0210154 0.2572825 0.2291260 0.0580267 0.1564995 0.1411994 0.5512054 0.5555049 0.5218108 0.3084400 0.2687874 0.2174361 0.3251767 0.2982259 0.2076908 0.3262313 0.1207977 0.3506811 0.5979294 0.1410759 0.4185865 0.2016960 -0.0408511 -0.1396783 -0.0502721 0.1652132 -0.0697274 -0.0361493 0.0984477 -0.1004512 0.1535984 0.1041407 -0.0687843 0.6187767 0.0902723 -0.0601081 -0.0854997 0.4931790 0.6032720 -0.1510166 0.3567790 0.6365832 0.2957917 0.0351636 -0.1948696 0.5367873 0.1096276 -0.1177382 0.2978171 0.3645568 0.1748535
0.0187812 0.3429819 0.7593310 0.3676110 0.0000000 0.0722401 0.3978866 0.5035319 0.0191240 0.1196438 0.3211334 0.3630006 0.5690702 -0.0260624 0.0272354 0.3396044 0.1422944 -0.0274116 0.2961335 0.5105575 0.3402263 0.4637871 0.2133286 -0.0778519 0.2692301 0.2443477 -0.1006149 -0.2827635 0.1951306 -0.4020273 0.5947922 0.2822526 -0.1858287 0.0913360 -0.0320065 -0.1090885 0.2282595 0.3976975 -0.3118137 -0.4057090 0.2783209 0.0158004 -0.1864167 -0.4166567 0.3285965 0.2344340 -0.0366178 0.4399511 -0.1702345 0.4090771 -0.0607250 -0.1989012 0.1742316 -0.0317865 0.3964751 0.3825778 0.1474586 -0.0740999 0.0787069 -0.1123646 0.1900698 0.0153600 0.6694045 0.1505502 0.2950428 0.3517659 -0.0540752 0.2045927 0.4808540 0.1590167 0.4296113 0.0854787 0.0034137 0.3994532 0.5705663 0.1866742 0.2866141 0.3247323 0.1473874 0.4483418 0.0833762 0.2133835 0.1473843 0.3088948 0.0592206 0.4026930 0.3411420 0.2170373 0.4178876 0.4027894 0.5231690 -0.0041764 -0.0155131 -0.0291735 0.4753943 0.0336049 -0.0873429 0.0740532 0.3832712 -0.0282163 0.1908042 0.3170622 -0.0283102 0.1621562 0.0520950 0.0174963 0.3175771 -0.1484177 0.2064009 0.2844156 0.0206989 0.2421659 -0.4816009 0.0777652 0.2232477 0.1580106 0.2879795 0.3131763 0.1200651 0.2713145 0.3326444 0.2260536 -0.0402159 -0.0920185 0.1080731 0.1419000 -0.1157851 -0.3152369 0.0380497 -0.0802918 -0.0285670 -0.1183649 -0.1293161 -0.1309489 -0.0571934 -0.3503893 -0.2599938 -0.3223724 -0.2220836 -0.1971493 0.0494672 -0.1797608 0.0379729 -0.4660830 -0.4642114 -0.3264476 -0.4958216 -0.3768705 0.1898565 -0.3161138 -0.4398604 -0.4517181 -0.3469393 0.1039581 -0.3513760 -0.4274026 0.0354873 -0.5198216 -0.0612066 -0.4238275 -0.3559162 -0.3560282 -0.4633392 -0.1388249 -0.3815048 -0.4199824 -0.3306133 0.0403628 -0.0205389 -0.2452097 -0.2003891 -0.1578173 0.1385779 0.3649983 0.3785799 0.4529454 0.6816810 0.6330401 0.6389459 0.1100642 0.2181443 0.2866037 0.0814612 0.2849044 0.3221898 0.3669510 0.3853596 0.6124854 0.4179697 0.2694712 0.1920729 0.2385178 0.3008400 0.1906757 0.2866499 0.4132844 -0.0446959 0.1500043 0.3239711 0.0580272 -0.2880410 -0.0277656 -0.3481608 -0.3422464 0.5705135 0.1349794 -0.0972685 0.1969430 -0.1561652 0.2554900 -0.3459203 -0.0399653 0.3810465 0.1785997 0.1457848 -0.0943573 -0.0105357 -0.2448476
-0.2180816 0.5874964 0.1909868 0.7928945 0.0722401 0.0000000 0.7104500 0.7315635 0.8749576 0.9266270 0.8785716 0.5393606 0.5346057 0.8179709 0.5822747 0.8603847 0.8066169 0.7216785 0.7758246 0.3948875 0.1298657 0.7170191 0.7787926 0.6929285 0.8135371 0.7374858 0.7553939 0.4646329 0.6277908 0.5487049 0.4583976 0.6966704 0.7155720 0.8121242 0.5808141 0.5401480 0.5987238 0.6775615 0.7556482 0.7135848 0.7517272 0.6291114 0.6860705 0.3490193 0.5209082 0.6698605 0.5025388 0.5896526 0.7064190 0.0015626 0.5471169 0.7731135 0.8380195 0.7146441 0.5538517 0.6287282 0.6117389 0.7605133 0.4532502 0.6435070 0.6471066 0.8710733 0.3706572 0.7663909 0.7094283 0.5543966 0.7367377 0.8234038 0.4888251 0.8285633 0.6778882 0.7323234 0.9100796 0.7152205 0.6663578 0.8029969 0.4073364 0.8325432 0.7956562 -0.0230353 0.7455576 -0.2168966 0.2544261 0.0572677 -0.0757518 -0.1679808 -0.0711527 -0.0226925 -0.1367630 -0.0658813 -0.0510478 0.1104912 0.3058999 -0.1687862 -0.0177277 0.3313641 0.3467981 0.4543644 0.0082915 -0.1091845 0.0045481 0.1665909 0.1221478 0.0706949 0.3825218 0.3512532 -0.0674958 0.1976571 0.0759630 0.3000101 0.0615200 -0.0122998 0.0957020 0.3515508 0.1776968 0.0926962 0.2929256 0.1125575 0.2092464 0.1217465 0.2102292 0.1716242 0.2416679 0.1497821 0.2212796 0.0490086 0.2225202 0.1325300 0.2623729 0.2374725 0.3173576 0.0252460 0.2687063 0.2061605 0.4181093 0.1556794 0.1407430 0.1534238 -0.0089618 0.1055808 -0.0023130 0.1686578 0.2652341 0.1474519 0.1150717 0.1045365 0.0441213 0.0334471 0.2315483 0.2392389 0.2741146 0.2725807 0.2487209 -0.1050840 0.1257809 0.0190453 0.0160725 0.1255131 0.2262907 0.1807892 0.3533931 0.3107795 -0.0938800 0.1291652 0.4881548 0.0478730 0.1776213 0.0166577 0.3832791 0.5460097 0.2668789 0.4316710 0.3190720 0.2560961 0.5695984 0.5764371 0.1721307 0.0638341 0.1253388 0.4702621 0.3829496 0.2560556 0.5067911 0.1884779 0.4933540 0.5712031 0.2717540 0.4134526 0.3096819 0.0561539 -0.0706942 0.0653075 0.2268252 -0.0562379 0.0892383 0.0868651 -0.0452832 0.1853860 0.1213802 0.0129974 0.5917229 -0.0897946 -0.0890606 -0.0088279 0.3549495 0.8039843 0.0029329 0.1373722 0.5738924 0.1368199 -0.1421006 -0.1571797 0.4978562 0.1197633 0.0186777 0.2477827 0.5328666 0.2433303
0.2047946 0.8103261 0.5478317 0.5921529 0.3978866 0.7104500 0.0000000 0.6060321 0.5985014 0.6678544 0.6728502 0.8810870 0.5165399 0.5970382 0.5717575 0.6098210 0.6508839 0.4918535 0.6582033 0.3501981 0.5288313 0.6605924 0.5721376 0.5613774 0.6671547 0.5216282 0.4982916 0.3714804 0.7759529 0.2230426 0.5344060 0.5375140 0.5364267 0.7369655 0.2481819 0.4854112 0.3650800 0.5504405 0.2803798 0.2718740 0.6319326 0.6802848 0.2621442 0.1675372 0.7621382 0.5002617 0.1917897 0.5168436 0.5101687 0.0534557 0.0814633 0.3684203 0.7978341 0.5081566 0.4454888 0.5506620 0.3392771 0.5398951 0.6389772 0.1317997 0.8426283 0.5558198 0.5404891 0.7162350 0.8332161 0.4429201 0.3320979 0.7187798 0.5593862 0.6629720 0.6039800 0.6843267 0.6830895 0.8196493 0.7210559 0.7722796 0.6939659 0.7635786 0.7709674 0.4320887 0.5956647 -0.0437389 0.2918053 0.1674351 -0.0384256 0.1167102 0.2144165 -0.0596788 -0.0346885 -0.0065301 0.0371970 -0.0447606 0.0298680 -0.2377749 0.1126525 -0.0012895 0.0252246 0.0952398 -0.0305486 -0.0855810 -0.1099819 0.1522017 -0.0200818 0.1919073 0.0117658 -0.0040884 0.0295451 0.0331785 -0.1476793 0.3818075 -0.1292911 0.0847630 -0.0141469 0.1811673 0.3594040 0.2151587 0.3803508 0.3622670 0.2436706 0.3011739 0.3213840 0.1113609 0.1340374 0.2341993 0.3849518 0.0707467 -0.1221800 0.0083578 0.1171005 -0.0430023 0.0534577 0.1919420 -0.0942724 0.2946692 0.2253802 -0.0201518 -0.1799901 -0.1856432 -0.3708663 0.1134571 0.0686610 0.0727706 0.2769628 0.0147489 -0.2800919 -0.0112920 -0.2583933 -0.2565396 0.1973234 0.1094486 0.1661725 -0.0471949 0.0131820 -0.0199011 -0.0385411 0.0186724 0.1197568 -0.2207351 0.0796385 0.1129388 0.0028471 0.1175661 -0.0974049 0.3475473 0.1477586 -0.2105669 0.0920991 -0.0428785 0.4049118 0.3862199 0.0189720 0.1965004 0.5091816 0.2507468 0.7422376 0.8588751 0.5885923 0.3922883 0.5832530 0.6043137 0.5098799 0.4348383 0.5906122 0.3860163 0.7248962 0.8677387 0.6743443 0.7112595 0.6733654 0.4696090 0.1393953 0.4650764 0.5901215 0.1546263 0.2557860 0.3222533 -0.1404679 0.4805268 0.3796690 0.0515855 0.0916895 -0.0937567 -0.1575679 0.0677664 0.6455938 0.8198948 -0.0935250 0.3146701 0.1477445 0.2197711 -0.1522162 0.0637708 0.6964111 0.4496370 0.4482868 0.0330819 0.2631797 -0.1350953
-0.2340605 0.6198824 0.5505375 0.9142299 0.5035319 0.7315635 0.6060321 0.0000000 0.6585593 0.7292653 0.8906922 0.5400213 0.9102101 0.6032528 0.4491961 0.8623166 0.6120091 0.4557723 0.8376098 0.7056189 0.1431914 0.9095083 0.7797711 0.4896613 0.8314236 0.8196687 0.5630824 0.2344803 0.5130808 0.2437247 0.7622895 0.8218847 0.3906960 0.6350068 0.6066386 0.1855906 0.7689338 0.9086822 0.4097037 0.3512105 0.8105349 0.3508235 0.5053560 0.1094566 0.5991628 0.7995114 0.5953996 0.8632272 0.3989156 0.3093283 0.6109360 0.5044779 0.6939717 0.5496935 0.7797624 0.8745448 0.7904467 0.4545301 0.3024684 0.6175909 0.4948143 0.6770830 0.7324398 0.5546484 0.6657149 0.8672582 0.6413135 0.6738411 0.8615283 0.6122746 0.7718716 0.5410026 0.6577922 0.6627626 0.8556858 0.5737271 0.3021792 0.7684983 0.5386549 0.0373654 0.5187414 0.2144952 0.4878552 0.2690437 0.1085986 0.1264561 0.1941695 0.1684972 0.3054852 0.3295706 0.4002864 0.2256638 0.4250414 -0.0660048 0.3936110 0.4652356 0.3587202 0.5279245 0.3528454 -0.0097943 0.2932000 0.3962721 0.2566664 0.0862985 0.5301253 0.4723784 0.2575823 0.1457685 0.4133183 0.3954573 0.2659368 0.3078679 -0.1058745 0.3532729 0.3150280 0.2192742 0.3867123 0.3342305 0.3592680 0.2659007 0.2654563 0.1743554 0.1175466 0.0151055 0.1984979 0.0410025 0.0547495 0.0238601 0.1920316 0.0810258 0.1784168 0.1345944 0.1285659 0.1456500 0.1923163 0.0576463 -0.0591369 0.0116641 -0.1790291 0.0518833 0.0494842 0.0598240 0.1853653 0.0257158 -0.1264502 0.0061332 -0.2459801 -0.1885633 0.1516777 0.0381337 0.0796238 0.1222563 -0.0151092 -0.0099596 -0.1351014 -0.0243444 0.0425204 -0.0674441 0.1184703 0.0738273 0.0751693 0.0542373 -0.0640898 0.1214999 0.1987540 0.0763756 0.0088433 0.0064712 0.1931468 0.2096876 0.1121014 0.1549510 0.0799603 0.5825505 0.5956175 0.5884395 0.4513587 0.4114067 0.3264646 0.3517008 0.4530897 0.3477760 0.3160602 0.2219488 0.4777869 0.6037676 0.3395711 0.5756430 0.3296421 -0.0049549 0.0811095 -0.0063670 0.1579641 0.1092405 0.1840494 0.2573898 -0.0449898 0.0512739 0.1224177 -0.0070509 0.4449397 -0.0076007 -0.1907432 -0.1121435 0.5849906 0.5417955 -0.1217496 0.3086692 0.4072443 0.2605213 -0.0927434 -0.2340279 0.5473577 0.1949887 -0.0521496 0.0665180 0.2610636 0.1006493
-0.3778028 0.5991584 0.1226729 0.7487496 0.0191240 0.8749576 0.5985014 0.6585593 0.0000000 0.8232747 0.7810806 0.5863313 0.3947665 0.7185747 0.8351253 0.7569478 0.7234296 0.7235118 0.7628162 0.5457498 0.0726383 0.6647682 0.7490261 0.8050591 0.8002368 0.7191302 0.6373505 0.5099556 0.6715175 0.4476905 0.3991623 0.7322157 0.8118329 0.8612418 0.6751434 0.4907335 0.6310655 0.6578627 0.6989062 0.6556172 0.7078465 0.6888652 0.7327324 0.5007929 0.4475030 0.6710870 0.6389353 0.5660087 0.7645806 -0.1693297 0.5751709 0.6860676 0.7366469 0.7544116 0.5325432 0.5667229 0.6094409 0.7738731 0.4644893 0.5128959 0.5660408 0.6590292 0.2365896 0.6802596 0.7101779 0.4377213 0.4602684 0.6589238 0.3168487 0.6162518 0.3890141 0.6416274 0.6551867 0.6158448 0.5172664 0.5867909 0.2085510 0.5832922 0.5812158 -0.1366653 0.5596266 -0.1354353 0.2703079 -0.1347234 -0.2022580 -0.3329659 -0.1852812 -0.1921407 -0.2217738 -0.1826429 -0.0493840 0.2384000 0.4918134 -0.3269177 -0.0525403 0.4751970 0.5725989 0.5700575 -0.0061544 -0.1432163 0.0613173 0.2065502 0.2818510 0.0518817 0.5183395 0.4253494 -0.1378933 0.3719704 0.1663674 0.2245146 0.0976313 0.0258221 0.3489504 0.3059645 0.0089805 -0.0938864 0.0470142 -0.0606260 0.0436888 0.0525084 0.0430748 0.0997076 0.3925714 0.0788221 0.1147088 -0.0079478 0.2650894 0.1717525 0.0898127 0.2527631 0.2013957 0.0239023 0.2078700 0.0574491 0.4787618 0.1563136 0.0632797 -0.0456993 -0.1154356 0.1073460 -0.1018468 0.0818140 0.2681861 0.1654843 0.0831033 0.1171658 -0.0312671 -0.0727032 0.2275866 0.2654304 0.4203061 0.2006208 0.1976788 -0.1287933 0.0806179 0.1474308 0.1854970 0.0837715 0.3817802 0.3695303 0.4569245 0.3600347 0.0683724 0.2775065 0.5855310 0.0940534 0.1451171 0.1740401 0.4168077 0.4906161 0.1847733 0.3041670 0.0075001 0.3571135 0.6117426 0.4924651 0.1041422 0.1012792 0.0248430 0.5887543 0.4869146 0.3121461 0.5121529 0.1833528 0.4637840 0.5242446 0.1267051 0.2927571 0.1245386 -0.1445751 0.0221190 -0.1104187 0.1113799 0.0196779 0.0621645 0.0091015 -0.0814261 0.1886356 0.0146554 -0.1118680 0.6136682 0.0480654 0.0343735 0.2080053 0.4188406 0.5824775 -0.1542421 0.2824742 0.6628179 0.1078749 -0.0436019 -0.1447243 0.2939856 0.1333834 -0.1057210 0.2064886 0.2912788 0.0662071
-0.3319228 0.5092677 0.2582959 0.8149947 0.1196438 0.9266270 0.6678544 0.7292653 0.8232747 0.0000000 0.9177048 0.4792198 0.5089951 0.8831245 0.5159520 0.8262031 0.8684829 0.6628669 0.7286628 0.4127357 0.0741156 0.7220342 0.7586523 0.6641703 0.7698862 0.7145125 0.8291527 0.4479535 0.5959583 0.5351822 0.4423031 0.6901192 0.6191995 0.7777541 0.5337411 0.4682921 0.6054627 0.6387709 0.7225991 0.6520904 0.7552626 0.5933482 0.6660483 0.2121265 0.5791766 0.5735848 0.4549104 0.6374499 0.5837820 -0.1165130 0.4997575 0.7798546 0.8038600 0.6652537 0.5535261 0.5495544 0.5615440 0.6404370 0.4636357 0.5572696 0.6646726 0.8161549 0.3535433 0.6846833 0.6882199 0.5181084 0.6311378 0.7707044 0.4595480 0.7627066 0.6820564 0.6880000 0.8055769 0.6619827 0.6841887 0.6906716 0.3118681 0.7753792 0.6962751 0.0260173 0.6743563 -0.1848491 0.1706303 0.0481582 -0.0833260 -0.1397358 -0.1200483 0.0088003 -0.0686029 -0.0060707 -0.1195892 0.0062841 0.2137247 -0.1542527 -0.0260212 0.2718461 0.2475886 0.3415383 0.0117685 -0.0876549 0.0568516 0.0731817 0.1012379 0.0569643 0.3147015 0.3300435 -0.0378104 0.1547854 0.0230932 0.2572823 0.0222720 -0.0013323 0.0945134 0.3581793 0.1454446 0.0966105 0.2869355 0.1258225 0.1407850 0.1295300 0.2643966 0.2436795 0.2291709 0.2265293 0.3154995 -0.0575453 0.1364835 0.0954272 0.2421269 0.1678892 0.3444672 0.0129737 0.1502432 0.1047994 0.4908784 0.1680779 0.0301172 0.1594441 0.0077452 0.0863393 0.0172462 0.1148535 0.1869021 0.1163981 0.1029475 0.1366039 -0.0053790 -0.0229462 0.1489584 0.1840583 0.2562548 0.2462934 0.1637283 -0.1737220 0.1472333 0.0283114 -0.0816819 0.0814215 0.0644787 0.1114233 0.3831280 0.2284853 -0.1287773 0.0405974 0.4598920 0.0431711 0.0305715 -0.1747349 0.2666133 0.5175456 0.2022694 0.3543382 0.1561187 0.2930777 0.5081950 0.6026561 0.2617083 0.2395936 0.1495451 0.4867902 0.4420233 0.2529116 0.4914329 0.2180893 0.5737244 0.5819796 0.3399773 0.4897597 0.2504307 -0.0132230 -0.0873018 -0.0271153 0.1113614 -0.0810618 0.0624606 0.0524939 -0.0286986 0.1829267 0.2387811 -0.0367517 0.5433408 -0.1396966 -0.1632760 -0.0362593 0.4127422 0.7230021 -0.0819720 0.0531837 0.5149147 0.0529791 -0.2037177 -0.1251923 0.4142338 0.0290365 -0.0941454 0.2878691 0.4380396 0.1393466
-0.3316613 0.5645369 0.3570372 0.8662290 0.3211334 0.8785716 0.6728502 0.8906922 0.7810806 0.9177048 0.0000000 0.5437671 0.7384236 0.7258448 0.4881749 0.9251552 0.8407581 0.5386053 0.8641328 0.5744744 0.1579242 0.8252747 0.8638115 0.5940005 0.8816035 0.8695742 0.7465330 0.3120531 0.6219807 0.3450731 0.6677291 0.8497631 0.5188781 0.7773196 0.6719614 0.3552327 0.7698804 0.8219551 0.6010007 0.5343557 0.8127183 0.5207455 0.6713058 0.1093352 0.6573288 0.7676390 0.5875546 0.7864773 0.5137577 0.1983103 0.6025132 0.7453515 0.7843498 0.7157940 0.7288676 0.7619956 0.7181025 0.6344318 0.4316233 0.6320719 0.6184094 0.8490748 0.5772977 0.6687586 0.6864649 0.7177715 0.6812613 0.8435723 0.6719134 0.7680496 0.7886893 0.6475109 0.7770428 0.7074107 0.8184073 0.6792448 0.3482843 0.8008731 0.6711898 0.0419446 0.6401846 -0.0201699 0.3617598 0.3049543 0.1312401 0.0453413 0.0698012 0.1728070 0.1514973 0.2389727 0.1852535 0.1253036 0.3276612 -0.0909469 0.2988252 0.4598259 0.3420828 0.4694281 0.2695361 -0.0204260 0.2502443 0.2051740 0.2033654 0.1330777 0.4802355 0.4855907 0.1801457 0.2338023 0.1938983 0.4403234 0.2041435 0.2300390 -0.0655031 0.4501706 0.3475516 0.2425497 0.4459241 0.3582118 0.3493966 0.3062090 0.3565066 0.2250420 0.1346251 0.1746372 0.3391314 0.0731435 0.0016242 0.0644017 0.2864474 0.0897915 0.2555242 0.0839784 0.0775728 0.1798809 0.2660024 0.1415124 -0.0362032 0.1469946 -0.1423683 0.1687247 0.0381448 0.1724257 0.1076882 0.1404780 0.0086205 0.1097589 -0.1143896 -0.0987921 0.0735326 0.2130593 0.2584844 0.2492218 0.1696100 -0.0818070 0.0392073 0.0650331 -0.0845702 0.0606491 -0.0156495 0.1383317 0.2051136 0.2365280 -0.0856713 0.0915217 0.3819005 0.0830961 -0.0755602 -0.1523458 0.1584474 0.4244601 0.1716707 0.2356969 0.1387087 0.3702929 0.5312406 0.6400504 0.3801767 0.3821403 0.2751399 0.5274682 0.5368119 0.3910521 0.4524514 0.2850891 0.6051901 0.6094326 0.3992961 0.6244265 0.3394455 -0.0296171 0.0464814 -0.0350764 0.1205692 0.0745328 0.2135611 0.2449400 0.0544762 0.0971543 0.1996048 0.0750408 0.4653376 -0.1939619 -0.2021677 -0.0738799 0.5240548 0.6957647 -0.0476054 0.1023826 0.4025684 0.0382266 -0.2072408 -0.2866973 0.4789878 0.1095724 -0.0534120 0.1270178 0.3075480 0.0582849
0.2422893 0.8982357 0.5563673 0.5128129 0.3630006 0.5393606 0.8810870 0.5400213 0.5863313 0.4792198 0.5437671 0.0000000 0.4060901 0.4358119 0.7267500 0.4805299 0.5092301 0.3766554 0.6382949 0.3596019 0.6533690 0.5597840 0.5034929 0.5912772 0.6189877 0.5094105 0.2757262 0.3727752 0.8329845 0.0809533 0.4092258 0.5212273 0.5054462 0.7220412 0.2761784 0.4782978 0.3644752 0.4992754 0.0884902 0.0926721 0.5043998 0.7309141 0.1863893 0.2331887 0.8068342 0.5048574 0.2391740 0.4222769 0.4690446 -0.0055298 0.0214367 0.2033367 0.6960996 0.4678102 0.3282084 0.5165466 0.3078312 0.5261420 0.7044740 -0.0053603 0.8199584 0.3948942 0.4174557 0.5979473 0.7889844 0.3440073 0.1446240 0.6107471 0.5320007 0.5283921 0.3182742 0.5883500 0.5000771 0.6792577 0.5519685 0.6275908 0.6637279 0.6049765 0.6613795 0.3799014 0.5147842 0.2669552 0.3826226 0.1430941 0.0250535 0.1928846 0.3732081 -0.0611392 0.0984276 0.0667040 0.1510647 0.1886247 0.2526506 -0.2410784 0.2573964 0.1980005 0.2524205 0.2400930 0.1330885 -0.0147854 0.0862292 0.2739124 0.1339633 0.2765983 0.2128131 0.1600075 0.1446698 0.1801884 0.0511939 0.4966642 0.0966674 0.2634135 0.1298516 0.2447151 0.4012604 0.2010915 0.3487806 0.4002797 0.2782751 0.3941750 0.3604343 0.1879875 0.2396151 0.2321187 0.4179161 0.1742539 -0.0762474 0.1651164 0.0172591 -0.0119165 -0.0236712 0.3422367 -0.0512785 0.2943578 0.3022189 0.1146315 -0.1830273 -0.3483071 -0.4812056 0.2772826 0.1346301 0.1427612 0.3739953 0.1929980 -0.2540940 0.1427961 -0.2115337 -0.2292795 0.2809137 0.2401192 0.3443710 0.0479224 0.0652820 0.1335500 0.0516966 0.2941058 0.3577347 -0.0649554 0.2120912 0.3644602 0.1489446 0.2623075 0.2046507 0.5644917 0.3001053 0.0386487 0.0553839 0.1500736 0.4559128 0.3667148 0.0848179 0.1632062 0.2864099 0.3799211 0.7952818 0.8099507 0.6258242 0.4509809 0.5914723 0.7190474 0.6341238 0.5953309 0.6488670 0.4825206 0.6904858 0.8256274 0.5179068 0.5056371 0.6293789 0.5079461 0.2502917 0.5224270 0.6294786 0.2278068 0.3489682 0.3558235 -0.0559467 0.5901848 0.2494695 0.0793786 0.0441987 0.0389034 0.0635633 0.3525403 0.7152660 0.6677980 -0.1386524 0.5595127 0.0890447 0.2106820 0.0690102 0.0953989 0.6384536 0.6945665 0.5351772 -0.0752831 0.0388732 -0.2349667
-0.1773420 0.4594023 0.5150572 0.7417069 0.5690702 0.5346057 0.5165399 0.9102101 0.3947665 0.5089951 0.7384236 0.4060901 0.0000000 0.3870158 0.2333070 0.7204503 0.4199865 0.2354949 0.7554517 0.6291188 0.0686314 0.8649927 0.6904411 0.2495344 0.7506993 0.7502559 0.4696995 0.0983426 0.3031768 0.1323138 0.8261282 0.7703086 0.1829005 0.3961014 0.5434425 -0.0391909 0.7257765 0.9047211 0.2597626 0.2122752 0.7603499 0.0861431 0.3778923 -0.0489479 0.4276936 0.8020327 0.5506043 0.8671799 0.1979611 0.5231745 0.5741777 0.3680688 0.4917846 0.3761459 0.8322207 0.9169348 0.7645152 0.2433161 0.1365342 0.5940700 0.3165992 0.5438538 0.8328279 0.4076143 0.5027993 0.9120149 0.6307506 0.5464995 0.9051123 0.4661862 0.8461126 0.3708968 0.5261850 0.5753629 0.8797978 0.4352464 0.2727320 0.6788932 0.3917626 0.0772151 0.3364249 0.1733012 0.5572410 0.3905971 0.2331738 0.2246042 0.2792769 0.2210208 0.3623913 0.4177057 0.5718928 0.2192155 0.3175126 0.0142573 0.5213490 0.3870674 0.2401332 0.4299608 0.3914907 -0.0117924 0.2597352 0.4083095 0.2318936 0.0398806 0.4262310 0.3920899 0.3532207 0.0661992 0.3879742 0.3853808 0.2780743 0.4243644 -0.2275919 0.2877137 0.4355686 0.3462804 0.4583682 0.4667503 0.4795156 0.3692622 0.2637522 0.0731453 0.0000894 -0.0197873 0.1856124 0.1157823 -0.0829438 -0.0682282 0.2491839 -0.0527287 0.1097541 0.1280113 -0.0097592 0.1528442 -0.0988689 -0.0512417 -0.1557442 0.0136730 -0.2205819 0.0056951 0.0226264 -0.0192576 0.0919336 -0.0458099 -0.2915319 -0.1118946 -0.4126393 -0.3293490 0.0282467 -0.0927423 -0.0314695 -0.0096162 -0.1651462 0.0184133 -0.3413002 -0.1179880 0.0092569 -0.1948610 0.0358603 0.0045671 -0.2363078 -0.1108061 -0.1438383 0.0667527 -0.0646008 -0.0380936 0.0535981 -0.0042756 0.0456947 -0.0126059 -0.0428024 0.0208469 0.1943359 0.4554379 0.4192786 0.4836403 0.4331933 0.3981232 0.3762319 0.1954915 0.3357122 0.2420725 0.0990323 0.1389609 0.4043699 0.5247297 0.4599342 0.6517053 0.3441000 -0.0202207 0.2430298 -0.0263288 0.1303424 0.3045719 0.3059306 0.4185602 -0.0471412 -0.1078884 0.1328213 0.1027970 0.3114931 -0.1100852 -0.2696761 -0.2545751 0.4694836 0.3832353 -0.0413257 0.1485311 0.2559661 0.2233871 -0.1107689 -0.3038908 0.4933191 0.0804974 -0.0470347 -0.0881694 0.1135794 0.0442257
-0.1582653 0.5700926 0.2934796 0.8101591 -0.0260624 0.8179709 0.5970382 0.6032528 0.7185747 0.8831245 0.7258448 0.4358119 0.3870158 0.0000000 0.5753182 0.5702508 0.6428579 0.7882287 0.5518202 0.2776284 0.1443117 0.6318245 0.5666371 0.7712758 0.6050356 0.5319037 0.7334292 0.6969506 0.6151802 0.7642054 0.2855312 0.5175095 0.7047410 0.7390335 0.3483441 0.6085068 0.4356005 0.5257548 0.7375080 0.6878059 0.7447897 0.6087058 0.4983335 0.3930424 0.5092007 0.3940124 0.3069330 0.5648890 0.6290212 -0.2860924 0.3567777 0.6695273 0.7687915 0.5219491 0.4226089 0.4140501 0.4117666 0.5860898 0.4343030 0.4613666 0.6201884 0.6717042 0.1735904 0.6333289 0.6539724 0.3786187 0.5235790 0.6136634 0.3560292 0.6538376 0.4834370 0.6437681 0.7604201 0.5461151 0.4600833 0.6408455 0.2291151 0.6547081 0.6511153 -0.0632803 0.6650918 -0.0709787 0.2747279 -0.0796749 -0.2206839 -0.2014700 -0.1007959 -0.1864948 -0.1495572 -0.1724852 -0.1746564 0.0019596 0.2400928 -0.2588719 -0.2283590 0.1469027 0.2114678 0.3278119 -0.1528570 -0.2331958 -0.0819342 0.0318743 0.0985071 -0.0692414 0.2297927 0.2080565 -0.1980428 0.0815658 -0.0356910 0.1220374 -0.1008048 -0.1578022 0.2786923 0.1760141 -0.0441246 -0.1010765 0.0564164 -0.0739599 -0.0181290 -0.0186046 0.1009248 0.1572946 0.4430862 0.2282872 0.2282460 -0.1320219 0.3523782 0.2179915 0.1747166 0.3420173 0.4219496 0.1206343 0.3669029 0.0352604 0.6126100 0.2453716 0.2390750 0.1998709 0.2083688 -0.0588351 -0.0119434 0.0399933 0.3107712 0.1462967 0.1962794 0.1364227 0.1306623 0.1142395 0.1823343 0.1143845 0.1757664 0.2254453 0.0810822 -0.2170981 0.2366618 0.0258313 0.0406979 0.0885013 0.2159491 0.1351497 0.4957482 0.1474708 -0.0309980 0.1587274 0.4242582 0.0478710 0.2600343 -0.1044325 0.3787006 0.4465316 0.1573472 0.3374583 0.2511966 0.3524899 0.4801527 0.4651088 0.1173620 0.0633816 0.1118887 0.3968545 0.2874150 0.1458259 0.4801539 0.1612566 0.4106950 0.5336115 0.1604020 0.2577009 0.1157879 0.0411341 -0.1709006 0.0083868 0.1394270 -0.1138921 -0.1053623 -0.0147427 -0.1030219 0.2396405 0.1948131 -0.0347695 0.6065700 0.0125620 0.1304913 0.1091107 0.3577967 0.6629396 -0.0670372 0.2451517 0.6165896 0.1747435 0.1624806 0.0364113 0.5251609 0.0862278 -0.0575923 0.5288073 0.4030034 0.1584290
-0.1757201 0.7428800 0.2332215 0.5722846 0.0272354 0.5822747 0.5717575 0.4491961 0.8351253 0.5159520 0.4881749 0.7267500 0.2333070 0.5753182 0.0000000 0.4176792 0.4398508 0.6557280 0.6166789 0.4595579 0.3047954 0.5327695 0.5265754 0.8412565 0.6349538 0.5423752 0.3524546 0.6187949 0.7547371 0.3566191 0.2665170 0.5843543 0.7941184 0.7882074 0.4986897 0.5263188 0.4655791 0.5325187 0.4495598 0.4231491 0.6104889 0.7322917 0.4856685 0.5614161 0.4435306 0.5373609 0.5050588 0.4583269 0.6863433 -0.2415006 0.3116526 0.3947709 0.5719765 0.5717673 0.4040608 0.4538849 0.3992009 0.6482310 0.5380799 0.1886585 0.5427808 0.3266112 0.0903517 0.5268403 0.6604096 0.2270589 0.1022533 0.4264188 0.1850110 0.3500979 0.0552071 0.4866648 0.3775779 0.4652113 0.2774447 0.3924218 0.1680580 0.3125848 0.4185950 -0.0936536 0.3687461 0.0797279 0.4341542 -0.1749582 -0.2386527 -0.2948843 -0.0663836 -0.3642766 -0.2208088 -0.2708975 0.0666285 0.3624865 0.5741732 -0.4555042 -0.0407851 0.4326765 0.6238114 0.5457406 -0.0326594 -0.2040121 0.0300760 0.1987871 0.3656374 0.0512027 0.4721259 0.3325309 -0.1548845 0.4198179 0.1361846 0.2339356 0.0729773 0.0843015 0.5569100 0.1671489 -0.0355864 -0.2110727 -0.1389018 -0.1054885 -0.0409430 0.0979335 -0.0414289 0.0031193 0.6212877 0.1072629 0.1126257 0.0289261 0.3083737 0.2970995 -0.0594817 0.2876138 0.0918817 0.2112170 0.2054978 0.0023199 0.4758856 0.1976321 0.0720203 -0.2775283 -0.1942215 0.0596498 -0.0844452 -0.0362810 0.3683148 0.2036144 -0.0401727 0.1409876 -0.1026982 -0.1431848 0.2667009 0.2102532 0.4385195 0.0479558 0.0285340 -0.0212974 0.0697760 0.2798231 0.4633418 -0.0046940 0.5246413 0.5219204 0.4300071 0.2804980 0.2671979 0.5705056 0.4886959 0.0780342 0.2629435 0.3617802 0.5064258 0.3272159 0.0320510 0.1558318 0.0035018 0.4401215 0.6567298 0.4370986 0.1283116 0.1164880 0.1543766 0.6864885 0.5400450 0.4039562 0.5432904 0.2687364 0.4367742 0.5355501 0.0866796 0.1560973 0.0732005 -0.0308455 0.2078492 -0.0025876 0.2085969 0.2361692 0.1189820 0.1215662 -0.1597115 0.3193540 -0.0024943 -0.0729515 0.4027554 0.1455280 0.3604889 0.5050940 0.5229105 0.3968471 -0.2271830 0.5495693 0.5196840 0.1333931 0.3055910 -0.0081018 0.3469491 0.3683158 0.0567126 0.2089388 -0.0621356 -0.2319938
-0.3213827 0.5045931 0.3607056 0.7560967 0.3396044 0.8603847 0.6098210 0.8623166 0.7569478 0.8262031 0.9251552 0.4805299 0.7204503 0.5702508 0.4176792 0.0000000 0.8248569 0.4953522 0.8996660 0.4881162 0.0755331 0.8091947 0.8564984 0.4585200 0.8694602 0.8564770 0.6410920 0.1492796 0.4906043 0.2030928 0.5983783 0.7850614 0.4060502 0.6455086 0.6481942 0.2626810 0.7291005 0.8003874 0.5084413 0.4363893 0.7234745 0.4390695 0.6606664 0.0319619 0.5281742 0.7672401 0.5813532 0.7238587 0.3904995 0.2728827 0.6170426 0.6777891 0.6490862 0.6262043 0.6963622 0.7511109 0.7010984 0.5333930 0.4023529 0.6364949 0.5244777 0.8291024 0.5987047 0.5426837 0.5431107 0.7026431 0.7217087 0.7548615 0.6611517 0.6962238 0.7727845 0.5250166 0.7436604 0.5990972 0.8100713 0.6031257 0.2891005 0.7891671 0.5958910 -0.0069078 0.5309080 -0.0504937 0.3167767 0.2974208 0.1934288 0.0642032 0.0260592 0.3215938 0.2276392 0.3085741 0.2669663 0.2927667 0.4347364 0.1101309 0.3489291 0.5431977 0.4500733 0.5381216 0.3627873 0.1960223 0.3341049 0.2578808 0.2505156 0.2397357 0.5583746 0.5626448 0.2750005 0.3220941 0.3416792 0.4799930 0.3006026 0.2622706 -0.0943653 0.5493068 0.3642381 0.2903438 0.4732694 0.3070819 0.3611734 0.2790563 0.3420370 0.2842875 0.1312118 0.0831476 0.2745307 0.1106709 0.0999883 0.1379205 0.3036832 0.1250476 0.2643048 0.0926466 0.1295620 0.1771643 0.2552202 0.1818175 -0.0043240 0.1185079 -0.1154274 0.1547977 0.1822614 0.1772678 0.2411797 0.0946402 0.0368058 0.1891203 -0.1044300 -0.0791148 0.2898178 0.1943874 0.2256820 0.2725290 0.1959427 0.1403254 0.0159512 0.0691169 0.0375193 0.1041501 0.1387808 0.1453893 0.2096981 0.2482570 -0.0488788 0.1026342 0.4060628 0.1509531 0.0058796 0.0668149 0.3032306 0.4833379 0.3509637 0.4396653 0.0580428 0.3822822 0.5431890 0.5435994 0.2952476 0.2629948 0.1862122 0.4315656 0.5315358 0.3886801 0.4307517 0.2958215 0.5654110 0.4648691 0.3841599 0.5577436 0.2798974 -0.0590373 0.0984414 -0.0540497 0.0269628 0.0539676 0.2384785 0.1755977 0.0392241 -0.0664303 0.0457978 0.0208221 0.3614829 -0.2453380 -0.2627880 -0.1247320 0.5087477 0.5943798 -0.0790602 0.1031564 0.3096691 -0.0194251 -0.3099049 -0.3161162 0.4377302 0.1137444 -0.0773467 0.1184227 0.3106569 0.0765951
-0.2788889 0.4439185 0.2200932 0.5680806 0.1422944 0.8066169 0.6508839 0.6120091 0.7234296 0.8684829 0.8407581 0.5092301 0.4199865 0.6428579 0.4398508 0.8248569 0.0000000 0.4039506 0.7521025 0.2627322 0.2155767 0.6346103 0.7147352 0.4123576 0.7584344 0.6710685 0.7259626 0.1121571 0.5534658 0.1469960 0.2912026 0.6381407 0.3924517 0.6468035 0.4753285 0.4486378 0.5284094 0.5662526 0.4853771 0.3969150 0.5929521 0.6417736 0.6219298 -0.0919047 0.5999237 0.5213503 0.3864696 0.5336848 0.3936474 0.0676472 0.3509533 0.7098860 0.6442939 0.6876914 0.5001969 0.5010865 0.4573951 0.5911367 0.6551029 0.3836765 0.7167937 0.8099483 0.3833385 0.5433665 0.5220975 0.4420796 0.5534379 0.7810288 0.4314176 0.6985163 0.6200759 0.5553860 0.6763636 0.5147833 0.6618057 0.5735130 0.3845103 0.6622036 0.6114977 0.2054852 0.5395344 -0.1288321 0.2054876 0.2468941 0.2524369 0.0858529 -0.0329550 0.3344230 0.0919973 0.2022125 -0.1073164 0.0445889 0.2140537 0.1423283 0.1398960 0.3127396 0.2746466 0.2842953 0.1440009 0.2534971 0.2485199 0.0856065 0.2109483 0.3182107 0.3080678 0.3917116 0.1845188 0.3380617 0.0108948 0.3974560 0.1360990 0.1782888 0.0465450 0.5193951 0.2742853 0.2275728 0.3726449 0.2533158 0.2124388 0.3383596 0.3937445 0.2623983 0.2188201 0.3635843 0.4746601 0.1383954 0.0089762 0.2791580 0.3646653 0.0987253 0.2977424 0.2034010 0.0302826 0.3203657 0.4021062 0.2890467 -0.0426266 0.1584142 -0.1075300 0.4047506 0.1884251 0.3654853 0.1881656 0.3081645 0.1126119 0.3053233 0.0152321 0.0023185 0.2054840 0.4428171 0.4465528 0.3799124 0.3755780 0.0054157 0.3010532 0.2432018 -0.0710843 0.2055271 -0.0245189 0.2205811 0.3759806 0.4654601 -0.0174631 0.1097183 0.5675061 0.1329161 -0.0362167 -0.1343333 0.2244049 0.6390902 0.3594325 0.4121242 0.1257608 0.3068403 0.5677126 0.6592550 0.3824897 0.4112988 0.2882847 0.6704091 0.6979349 0.5388374 0.6425711 0.4611411 0.7384297 0.4551486 0.4415763 0.5210561 0.3456826 0.0898426 0.1800361 0.0714067 0.0955648 0.1293940 0.3249075 0.1999019 0.1632146 0.1630333 0.3325043 0.1149602 0.2249220 -0.2573964 -0.2066382 0.1435101 0.5983935 0.6668565 0.0680645 -0.0512498 0.1552411 -0.0866798 -0.3322126 0.0020918 0.4368022 0.2078083 0.1160576 0.1794109 0.2166709 -0.0760440
-0.0683416 0.5607603 0.1810324 0.6630566 -0.0274116 0.7216785 0.4918535 0.4557723 0.7235118 0.6628669 0.5386053 0.3766554 0.2354949 0.7882287 0.6557280 0.4953522 0.4039506 0.0000000 0.4895707 0.2469266 0.2165951 0.4452186 0.4664113 0.8818897 0.4845049 0.4676453 0.3964112 0.7821777 0.6771848 0.7332812 0.3541532 0.3980551 0.8601035 0.7629105 0.3630792 0.7094419 0.3818260 0.4406875 0.7389849 0.7035846 0.5828098 0.6559293 0.4948607 0.6393380 0.3300624 0.3388441 0.3167910 0.4566210 0.7384839 -0.2492191 0.3658380 0.5760302 0.6603867 0.4967732 0.4227560 0.3128315 0.3167002 0.6237618 0.4090984 0.3862931 0.4656576 0.5020789 0.1431840 0.6195163 0.5757113 0.2247753 0.3348726 0.4756736 0.1341760 0.5325420 0.2727991 0.5953111 0.6373264 0.5347868 0.2837552 0.5853468 0.1120235 0.5011339 0.5562708 -0.1573973 0.5411819 -0.0801040 0.3564698 -0.0300438 -0.2968178 -0.2691590 -0.2279821 -0.3269439 -0.2154895 -0.2483705 -0.0155155 0.1978844 0.4094321 -0.3517097 -0.1610716 0.2796036 0.3674789 0.5056499 -0.0571080 -0.1985137 -0.0249056 0.1776139 0.3165142 0.0737923 0.3366992 0.2444055 -0.1725338 0.3517379 0.0642277 0.2015406 -0.0784349 -0.1476075 0.4727006 0.2230971 -0.1261107 -0.1202904 -0.0660844 -0.2115940 -0.0182628 -0.1060001 -0.0316753 0.1275040 0.5721497 0.2128240 -0.0116578 -0.0319703 0.5334051 0.2554847 0.1472956 0.5338234 0.4014508 0.1209923 0.4748518 -0.0254780 0.5108547 0.2427031 0.4290040 0.1960491 0.3204490 -0.2880647 -0.0421272 -0.0390192 0.4074736 0.0494292 0.2398428 0.1253741 0.2228047 0.2345058 0.2526013 0.0579488 0.0385849 0.1274290 0.0911379 -0.1372437 0.1781175 -0.0409155 0.2558734 0.0351872 0.4658580 0.0946919 0.4382992 0.0785428 0.0360631 0.3195281 0.3081874 -0.0434150 0.4968693 0.1732205 0.5549058 0.4753429 0.1760741 0.3223925 0.1651042 0.1414665 0.4553994 0.2271798 -0.1387882 -0.1860292 0.0531005 0.3784657 0.2203371 0.1672284 0.5287157 0.2311416 0.3200345 0.3957293 0.0649437 0.1967920 0.0277503 -0.0330201 -0.1027838 -0.0325579 0.1055246 -0.0601258 -0.1528431 0.0086471 -0.1061717 0.1111118 -0.0075105 0.0011979 0.5268335 0.0710646 0.3848862 0.1743950 0.2315141 0.4893698 -0.0399294 0.4865836 0.6551496 0.1955750 0.3116864 0.0010776 0.4585814 0.0717939 -0.1034550 0.5845442 0.4058028 0.1156759
