0.0000000 0.5053869 0.5332898 0.6155836 0.3912277 0.3302967 0.2900266 0.3899354 0.4010515 0.4046175 0.4966387 0.7172204 0.2235930 0.4388112 0.4640934 0.1640688 0.1976869 0.2165692 -0.1348464 0.0802543 0.6902953 -0.0514355 0.3274604 0.5075081 -0.1288664 0.1510556 0.1963663 0.2990307 0.5194780 0.3010792 -0.0156012 -0.1154431 0.3776473 0.3320073 0.2610589 0.3862155 0.1714254 -0.0536879 0.3687992 0.3112032 -0.0466269 -0.1815537 0.2537705 0.3527483 -0.1549096 -0.0547407 0.1706683 -0.1015895 0.4720021 -0.0996001 0.2811376 0.3078619 0.4803794 0.1046206 0.1899223 0.0622275 0.1508495 0.1703549 -0.0124211 0.3051959 0.3471614 0.2170999 0.0668438 0.4283835 0.6079778 -0.0925453 0.0294762 -0.0671185 0.1622529 0.0765386 -0.1509983 0.5463376 -0.1434772 0.4035792 -0.0847252 0.0107553 0.0954647 -0.1689324 0.0985891 0.4162429 0.0775491 -0.3825903 -0.2270406 -0.1543002 -0.1180614 -0.3147947 -0.2102242 -0.1400540 0.0385549 -0.2126146 -0.0448725 -0.2490418 -0.2807856 0.0024116 -0.1999121 -0.1484984 -0.3065199 -0.3707252 -0.1853708 0.3047098 0.0080112 -0.2999260 -0.2845542 -0.0858461 -0.1992876 -0.0988887 -0.1361916 -0.0682849 -0.3610245 -0.0192992 -0.3726186 -0.1645124 -0.2914217 0.0440853 -0.0454924 -0.2297937 -0.1547044 -0.1926010 -0.0825601 -0.2546177 -0.3895048 -0.2750347 0.2892499 -0.2150777 -0.2802367 -0.1955984 -0.3403126 -0.1842591 -0.3373416 -0.3927742 -0.4340903 -0.3074269 -0.3768506 -0.2773344 -0.4393973 -0.1792663 -0.4220286 -0.3734667 -0.3729493 0.0080501 -0.2916624 -0.2591505 -0.3606302 0.1992340 -0.3036887 0.0562488 -0.2860592 -0.1820751 -0.4323708 -0.1028352 0.0432372 0.0593534 -0.3431117 -0.3482608 0.3740878 0.2496717 -0.1471392 -0.2155782 -0.4709051 0.2144342 -0.1248470 -0.0620640 0.2654597 -0.0512932 -0.1301747 0.0471028 -0.3400376 -0.4909193 -0.3797929 -0.1112222 -0.4983910 -0.5564455 0.2073380 0.4890874 0.4874780 0.3768771 0.4985035 0.3734262 0.5530221 0.3760288 0.2138299 0.3181151 0.0272220 -0.1052858 0.3926497 0.5934170 0.3609377 0.3214859 0.2365901 0.5004497 -0.0879795 0.4872101 0.2153906 0.1474729 -0.1018232 0.1968970 0.5329369 0.4082796 0.3068600 -0.1544450 0.4724134 0.0423364 0.2697806 -0.1417407 -0.0099527 0.1390623 -0.1130219 0.2202719 0.3557499 0.0510111 -0.1402682 0.0516335 0.0030414 0.2086584 0.0241743 0.1688449 0.5019464 0.2636376
0.5053869 0.0000000 0.7644953 0.6508570 0.7104013 0.6758608 0.6296359 0.5901870 0.5437467 0.2766034 0.2005496 0.5791148 0.5496852 0.0798660 0.1718810 0.1069089 0.0881931 -0.4193047 -0.0239171 0.4619417 0.6526310 0.2493497 0.1522367 0.0199885 -0.0042217 0.0176510 0.1581406 -0.2667639 0.5234040 -0.1202343 0.2695726 0.0594464 -0.1451458 0.2575813 0.0082883 0.6412308 0.0222345 0.1091252 -0.0764539 -0.2701748 0.0826002 0.2908220 -0.0147959 -0.1453620 0.3406157 0.1947784 0.1550054 0.1474942 0.0486295 0.1425090 0.0598857 -0.0211470 0.3339626 -0.1032487 0.2664926 0.3252713 0.1479769 0.0033792 0.3138699 0.1004359 0.5716969 -0.1447221 0.4148857 0.0583535 0.3172251 0.1110717 -0.1644069 -0.1746339 0.4438823 -0.0924327 -0.0455632 0.2965020 -0.3457819 0.3864203 0.0699444 -0.0647252 0.3460605 0.0993231 0.0927469 0.4895926 0.3583908 -0.1951244 -0.3679828 0.1554923 -0.0070520 -0.2190737 -0.4817891 -0.3177213 -0.0201169 -0.0434782 -0.3033625 -0.3753569 -0.3029179 -0.5624325 -0.2025985 -0.2984337 -0.4047321 -0.2964084 -0.2598856 -0.2598987 -0.3102505 -0.3202521 -0.3120923 -0.1986758 -0.5828205 -0.2500538 0.0631148 -0.1283894 -0.3035827 0.0111918 -0.4165444 0.1837727 -0.0357154 -0.1033432 -0.2117246 -0.2358490 -0.1797699 -0.2596452 -0.1087325 -0.1020217 -0.1976032 -0.2195164 0.2175651 0.0329049 -0.0651216 -0.0028861 0.1179882 -0.1836755 0.0197783 0.0365301 -0.1258400 -0.3244991 -0.0272859 0.1119527 0.0505280 -0.0485843 -0.1402067 -0.0145715 -0.1325987 0.1415785 0.0374097 -0.1471094 0.1824688 0.2165063 -0.0880744 0.3172864 -0.1196242 -0.1197612 -0.0324035 -0.0914619 0.0362989 0.0376752 -0.1208764 -0.0411575 0.3842108 0.4878325 0.1902203 -0.1632459 -0.0608477 0.2019657 0.1525958 0.0345006 0.6119906 0.3352375 -0.0497045 0.3279308 -0.2504686 -0.2403920 -0.2385186 -0.1087624 -0.2502988 -0.2051765 0.5156107 0.3888052 0.3467295 0.3416713 0.5099038 0.2631440 0.6910112 0.5058972 0.4706176 0.1883050 0.2673951 0.3846662 0.6160358 0.4445766 0.3719313 0.3887588 0.5350515 0.5551659 -0.0994485 0.6140469 0.0571722 0.1065925 0.0256611 0.2652827 0.5477638 0.4910679 0.6115167 0.0392408 0.5185373 -0.1317667 0.1626483 0.4755444 0.2087902 0.5497966 -0.2582710 0.0842663 0.4516193 0.5051558 0.3398371 0.4468275 0.1648530 0.4359460 0.1417129 0.1467136 0.6730952 0.1451073
0.5332898 0.7644953 0.0000000 0.8288980 0.8767948 0.8519768 0.5741732 0.8686651 0.6565681 0.6834100 0.6649038 0.4496918 0.8383256 0.3076858 -0.1460195 0.5800902 0.4973843 -0.3962324 0.4181971 0.6265340 0.5370842 0.5467137 0.5046820 0.2422410 0.4431622 0.4174192 0.4959072 -0.1189491 0.2586751 -0.0344052 0.5809149 0.3847476 0.0353550 0.3657719 0.4442423 0.4005014 0.3799568 0.4415782 0.2194073 0.0083046 0.5035980 -0.0485193 0.4167444 0.1005948 -0.0525721 0.4468541 0.4353042 0.3589673 0.2675513 0.3299920 0.4901372 0.3695546 0.5152739 0.2454685 0.5899972 0.5325876 0.4448892 0.3824509 0.0624423 0.5299855 0.3945727 0.2431696 0.5054450 0.4157433 0.3570296 0.2869300 0.3153789 0.2796655 0.3776561 0.3782765 0.2974091 0.4495257 0.1595092 0.7023559 0.2784341 0.4393080 0.6971157 0.3465949 0.5337875 0.7273909 0.5965066 -0.4709523 -0.7025154 -0.2133599 -0.3465536 -0.3605453 -0.4057966 -0.6301853 -0.1683588 -0.4433021 -0.1914867 -0.2940193 -0.5244264 -0.4103192 -0.1107113 -0.1011615 -0.3030244 -0.4371328 -0.1912518 -0.0703526 -0.4025575 -0.3658727 -0.5423714 -0.1662424 -0.5648280 -0.0483017 -0.0435294 -0.2846630 -0.4675318 -0.0101381 -0.5091374 -0.1434653 -0.1458502 -0.1269133 -0.0209330 -0.1487066 -0.1272347 -0.1010960 -0.0126761 -0.2057992 -0.3877581 -0.3010284 0.0376212 -0.0281388 -0.1213338 -0.4416721 -0.2251489 -0.5293431 -0.4267917 -0.2106987 -0.3743650 -0.3584898 -0.2516769 -0.2819056 0.0087037 -0.5217637 -0.3970804 -0.4878531 -0.4323553 -0.0392899 -0.1960339 -0.3992366 -0.0552296 -0.0647057 -0.3021458 -0.2779718 -0.3809896 -0.3531583 -0.2418868 -0.1616584 -0.0139508 -0.1876811 -0.3569364 -0.3543716 0.0778208 0.1489040 0.0152555 -0.5565315 -0.3474578 0.1955239 -0.0252982 -0.2120166 0.2897945 0.2788254 -0.3840765 -0.0452621 -0.6750166 -0.4850984 -0.4871874 -0.4736575 -0.4955594 -0.4432945 0.6178491 0.4923194 -0.0056509 0.4657591 0.7556003 0.5409732 0.7422037 0.5855334 0.6615220 0.0196163 -0.0480851 0.0926428 0.7462155 0.5698606 0.6907875 0.7574199 0.7814909 0.7497977 -0.4087542 0.7615990 0.2969973 -0.2592990 -0.4538503 -0.1485722 0.4138293 0.3783793 0.6186734 -0.4248562 0.4127020 -0.2873679 -0.2218981 0.1877976 0.0744473 0.5942275 -0.5187083 -0.1737904 0.1735820 0.4283355 -0.1429996 0.2332058 -0.1251250 0.1028250 -0.0992434 -0.0771063 0.4938789 -0.1049706
0.6155836 0.6508570 0.8288980 0.0000000 0.5674942 0.8375157 0.5447575 0.8512082 0.6118597 0.5660807 0.6652185 0.5445491 0.6318052 0.5048367 0.0591160 0.3592923 0.3696720 -0.0251769 0.2384144 0.5623102 0.6603701 0.5238669 0.3597844 0.5750176 0.2859412 0.1784693 0.5061149 0.2792387 0.5117350 0.3637615 0.4185168 0.1536614 0.4289921 0.6221140 0.3500118 0.3924668 0.1511675 0.2009359 0.4147535 0.2381146 0.3401016 -0.0249076 0.4094886 0.3846828 -0.0432075 0.1723065 0.2601423 0.1038853 0.6178782 0.0212747 0.4473196 0.4536779 0.7460381 0.1275690 0.2735931 0.2512324 0.2728787 0.3473331 0.0798845 0.4659987 0.5069182 0.3386500 0.2034192 0.6289385 0.6791101 0.0701231 0.2648392 0.1264126 0.2456082 0.3610662 0.1151889 0.6949846 0.1455594 0.7007535 0.2822179 0.4225468 0.6189732 0.3667396 0.5997763 0.6486910 0.6530119 -0.4581601 -0.5979122 -0.2013286 -0.3507313 -0.4171701 -0.2930143 -0.3326520 -0.2454477 -0.3296787 -0.2439137 -0.4024659 -0.5396283 -0.1893038 -0.1734804 -0.2964877 -0.4896408 -0.5127699 -0.1163420 0.0827579 -0.1590077 -0.3992721 -0.4468730 -0.2635477 -0.5957756 -0.0719193 -0.0018615 -0.4141453 -0.4023714 0.1356136 -0.3975679 -0.0090768 -0.2049329 -0.2425680 -0.0126093 -0.2178314 -0.2559203 -0.1122997 -0.0539773 -0.2433843 -0.4912559 -0.4254067 -0.1113789 -0.0621775 -0.1840931 -0.2441951 -0.4610717 -0.3924224 -0.3450797 -0.3698077 -0.4620657 -0.3269327 -0.4279392 -0.2223387 -0.3549421 -0.3994069 -0.4631816 -0.3406578 -0.4983026 -0.1475175 -0.3863383 -0.4549869 -0.4546208 -0.1212918 -0.3304759 -0.3200519 -0.3780986 -0.3308357 -0.4108245 -0.3352211 -0.1517539 -0.1747129 -0.4239659 -0.4890891 0.0278797 0.0930994 -0.3449171 -0.6068937 -0.6199389 -0.0052585 -0.2425084 -0.4020713 0.1741868 -0.0816327 -0.5190440 -0.2203919 -0.6554029 -0.4851291 -0.6675066 -0.5735265 -0.6517327 -0.5917310 0.3167861 0.1969921 -0.0533931 0.2875015 0.5783860 0.3369735 0.5485555 0.3813529 0.3088095 -0.0642337 0.0475272 -0.1771876 0.6556531 0.7365347 0.5400748 0.6033353 0.5173410 0.5511362 -0.2335412 0.6260890 0.1157645 -0.0348314 -0.2319369 0.1216671 0.5271393 0.2859664 0.5152433 -0.1588408 0.5368183 -0.1276897 -0.0410504 0.0645944 0.0069511 0.4023569 -0.2625125 0.0731206 0.4195762 0.2641235 -0.1004900 0.0651459 -0.0625923 0.2079437 -0.0203311 0.0749438 0.4810433 0.2048407
0.3912277 0.7104013 0.8767948 0.5674942 0.0000000 0.6219254 0.4217744 0.7083836 0.6746196 0.6729005 0.5625871 0.3660537 0.8620022 0.2516345 -0.1902966 0.6517385 0.5628375 -0.4452110 0.4728703 0.6072500 0.3044557 0.5252515 0.5492016 -0.0777118 0.4469788 0.5114880 0.3847290 -0.3839773 0.0620822 -0.3493398 0.6383769 0.4154761 -0.2519335 0.1996982 0.3361641 0.4322019 0.4763311 0.5507536 0.0886282 -0.1324277 0.5203655 0.0684492 0.3442478 -0.0541879 0.0560995 0.5452348 0.4926253 0.5145281 0.0088158 0.5695510 0.4061769 0.2552917 0.2679625 0.3201458 0.7271261 0.6640849 0.5059807 0.4539594 0.1247184 0.4545350 0.2835012 0.0930226 0.6248796 0.2561068 0.0832481 0.3444562 0.2521810 0.3687212 0.4068556 0.3830557 0.3255431 0.2046268 0.1298268 0.5722279 0.1352158 0.3755952 0.5911879 0.1335644 0.3719654 0.5419834 0.3554302 -0.3802513 -0.4956867 -0.1017373 -0.2405799 -0.2126798 -0.4996044 -0.6510771 -0.0505551 -0.4014440 -0.2169781 -0.2772106 -0.4366844 -0.4720806 -0.2488470 -0.1509160 -0.2533332 -0.3868085 -0.4298751 -0.1504950 -0.4273072 -0.3165243 -0.4028960 -0.1278141 -0.4574480 -0.1897332 -0.0365859 -0.0467789 -0.3856812 -0.0208556 -0.5407939 -0.2223370 -0.2238196 -0.0995425 -0.1800889 -0.2070399 -0.1646696 -0.2014045 -0.1352744 -0.2493244 -0.3109890 -0.2629591 0.0412376 -0.1269324 -0.0747603 -0.5036794 -0.0954372 -0.5398555 -0.3733792 -0.0671921 -0.2262026 -0.3287541 -0.0667455 -0.3040746 0.2162223 -0.4573925 -0.2876449 -0.4804404 -0.3059035 0.1270104 -0.2201870 -0.2886783 0.2162019 0.0220115 -0.2319580 -0.1863643 -0.3277769 -0.3032799 -0.2633706 -0.0201149 0.2088894 -0.1056993 -0.3003867 -0.3980748 0.0950007 0.1783716 0.1384228 -0.4253776 -0.2451497 0.2942337 0.0533016 -0.1120269 0.2333945 0.3958721 -0.3142078 -0.0414187 -0.6285606 -0.5968277 -0.3927324 -0.3345305 -0.4632141 -0.4473192 0.6184053 0.5055332 0.2410180 0.4435461 0.6055502 0.5127232 0.7223672 0.6800751 0.8215692 0.2727851 0.0577202 0.3280145 0.6952504 0.3040427 0.5745434 0.7245764 0.7660207 0.6272824 -0.5104530 0.5983480 0.1642966 -0.4151990 -0.5233528 -0.3395905 0.1018937 0.3215810 0.4407901 -0.5731508 0.1741216 -0.3806568 -0.2796683 0.2338827 0.2477386 0.7013739 -0.7114071 -0.2857665 0.0061856 0.4877119 -0.0977218 0.2495624 -0.0775661 0.0127148 -0.2823640 -0.1150813 0.5150586 -0.3543753
0.3302967 0.6758608 0.8519768 0.8375157 0.6219254 0.0000000 0.7957946 0.8297063 0.6452521 0.4342788 0.5417248 0.4507279 0.6390773 0.1814904 -0.0501134 0.4198868 0.2543818 -0.3025062 0.2813772 0.6367184 0.6508085 0.4996652 0.2878991 0.3804778 0.3448188 0.1740892 0.4037922 0.0545393 0.4672215 0.1582818 0.4105498 0.2233661 0.2152498 0.6074479 0.2916865 0.4393431 0.0616244 0.1759803 0.1274296 0.0159526 0.3807126 0.0764290 0.2459717 0.1268155 0.0660054 0.1656897 0.1174966 0.1607758 0.3849359 -0.0413139 0.2848824 0.2768978 0.6591829 0.0426224 0.2067814 0.1774667 0.1424322 0.1914047 0.1084351 0.3327523 0.5291059 0.1986796 0.2563781 0.4463466 0.5043755 0.0619076 0.2155739 0.1219193 0.1638186 0.2675364 0.0648823 0.6176641 0.1180051 0.7378814 0.2160755 0.4658888 0.7698115 0.4268590 0.6484486 0.7836721 0.7298548 -0.4955069 -0.7878938 -0.2638778 -0.4523512 -0.4964302 -0.3811227 -0.5525705 -0.4414799 -0.3906465 -0.2582146 -0.3020103 -0.6193575 -0.3054594 0.0038680 -0.1222565 -0.4407144 -0.4501368 -0.0129940 -0.0342581 -0.3799987 -0.4981463 -0.6519234 -0.3214348 -0.7178708 -0.0410998 -0.1856131 -0.5503782 -0.5567152 -0.0730773 -0.4681082 -0.0410252 -0.0966706 -0.2094501 -0.0074113 -0.1168032 -0.1055186 -0.0190264 0.0782352 -0.1181316 -0.3475260 -0.2810570 -0.1523540 0.1579512 -0.0376359 -0.2398676 -0.2581131 -0.5224464 -0.2915077 -0.2226563 -0.3729054 -0.3663201 -0.3134505 -0.1329051 -0.0002464 -0.5378952 -0.3671313 -0.3277741 -0.4397856 -0.1757368 -0.1187533 -0.4906157 -0.1802478 -0.1835048 -0.3380386 -0.3013528 -0.3599789 -0.3405181 -0.0498009 -0.3032990 -0.2344871 -0.3205356 -0.4044696 -0.2549373 0.0514664 0.2191163 -0.1858190 -0.6408512 -0.3611587 -0.0295616 0.0252679 -0.4100616 0.3714306 0.1850768 -0.4216744 -0.0932193 -0.6491411 -0.2374083 -0.5362980 -0.6593696 -0.3880977 -0.3094990 0.5214392 0.3556560 -0.3149166 0.3091435 0.6694420 0.3924142 0.6322114 0.5011621 0.4804132 -0.0798661 0.0918079 0.0490082 0.7307746 0.7074271 0.6222230 0.6679304 0.7070539 0.6920230 -0.2527398 0.7405501 0.2164571 -0.0945617 -0.2688500 0.1213806 0.5737757 0.3825086 0.6671222 -0.1484214 0.3507943 -0.1740189 -0.2343058 0.1649884 -0.1740918 0.4529240 -0.2338927 -0.1841383 0.2300646 0.4132598 -0.1240838 0.1987827 -0.2298266 0.2507965 0.1388111 -0.0851456 0.3288852 0.1333157
0.2900266 0.6296359 0.5741732 0.5447575 0.4217744 0.7957946 0.0000000 0.4878658 0.4424941 0.0819235 0.2381301 0.5972484 0.3221999 -0.0967382 0.1723723 0.1437041 -0.0477555 -0.3133119 -0.0363926 0.3235526 0.6459678 0.1197636 0.1119522 0.2436733 -0.0193112 -0.0179478 0.0166066 -0.0381742 0.6085663 0.0245622 0.0474340 -0.1478038 0.0635853 0.5802527 -0.0099302 0.5408276 -0.2103740 -0.1635055 -0.1915815 -0.2569034 -0.0301953 0.3438736 -0.1396999 -0.1796663 0.2930115 -0.1330548 -0.1491532 -0.1296214 0.1411314 -0.2686532 -0.0677873 -0.1397462 0.4522977 -0.1827270 -0.1558422 -0.1471034 -0.1883589 -0.0611477 0.2641134 -0.0331526 0.5244294 -0.1191827 -0.0428413 0.1699613 0.3621816 -0.2689250 -0.1256729 -0.0665785 -0.0806120 -0.0376898 -0.2742775 0.4908205 -0.1765066 0.4995791 -0.1641039 0.2009201 0.5259822 0.1325337 0.3362147 0.6793109 0.3991983 -0.4940298 -0.6311986 -0.2477606 -0.3416122 -0.5130131 -0.3879374 -0.3225036 -0.5028022 -0.3341569 -0.3010820 -0.2901386 -0.4550475 -0.0720567 -0.0714575 -0.0476235 -0.4418407 -0.2881741 -0.0545702 0.1094735 -0.3532902 -0.4766653 -0.6643974 -0.1725809 -0.6589070 -0.0534126 -0.2758893 -0.5026778 -0.5561698 -0.2505120 -0.4519504 -0.1765790 -0.1527092 -0.0869926 -0.1319307 -0.1324016 -0.0592487 -0.0806924 0.0531057 -0.1012860 -0.2471593 -0.1662845 -0.0055737 0.1966989 0.0218764 -0.0810162 0.0291491 -0.4186981 -0.1347687 -0.0899464 -0.2600507 -0.3156606 -0.1182296 -0.0341822 0.2457851 -0.4285439 -0.2365029 -0.1938441 -0.2812531 -0.0600633 0.1475641 -0.3938951 0.1211693 -0.0596408 -0.3390657 -0.0230421 -0.2911480 -0.2568627 0.2285066 -0.1996554 -0.1269904 -0.2362843 -0.3588882 0.0117522 0.2791966 0.4862432 -0.0602075 -0.4239668 -0.0526419 0.0970561 0.3037844 -0.2376705 0.5340603 0.3348856 -0.1693998 0.1508403 -0.4056580 -0.0149251 -0.2577935 -0.4494212 -0.1364209 -0.1079032 0.4507380 0.3772471 -0.1704641 0.4121719 0.6233448 0.4703534 0.5498923 0.5699934 0.4809777 0.2067360 0.4183313 0.3662486 0.6250120 0.5726749 0.4966588 0.4464894 0.5580399 0.6328862 -0.1752230 0.6597874 0.3025057 -0.0746287 -0.1369288 0.2302408 0.5506100 0.4529977 0.5646862 -0.0106697 0.0720364 -0.2372925 -0.0687813 0.1904124 -0.2624381 0.2805557 0.0123859 -0.1998726 0.1564192 0.3620202 0.0150903 0.4336516 -0.2817052 0.3220343 0.4258936 -0.0962466 0.2441284 0.2025815
0.3899354 0.5901870 0.8686651 0.8512082 0.7083836 0.8297063 0.4878658 0.0000000 0.6801664 0.6889937 0.6712709 0.4468872 0.8704447 0.3797167 -0.2194836 0.5488730 0.4402562 -0.2671264 0.5304065 0.6766782 0.5065176 0.7296639 0.4028764 0.3263347 0.5423123 0.3236464 0.5245542 -0.0070322 0.2741156 0.0516932 0.6383205 0.4028204 0.1899211 0.5779985 0.3793056 0.4195914 0.3167726 0.5173128 0.2602593 0.1095517 0.5928528 0.0370189 0.4156018 0.1998585 0.0737796 0.4659921 0.4156270 0.3740791 0.4002782 0.2834169 0.5272909 0.4263924 0.7276648 0.3101905 0.4366705 0.4861852 0.4659686 0.4412506 0.2537931 0.5855046 0.5020620 0.3843937 0.2846443 0.6380369 0.5188750 0.3113796 0.4997375 0.3190275 0.3387521 0.5142509 0.4429273 0.6394146 0.3516509 0.8305921 0.4552268 0.6319790 0.8474799 0.5943500 0.7628486 0.7733894 0.8245237 -0.5086317 -0.7616010 -0.2567760 -0.4262845 -0.4029741 -0.3514919 -0.5224783 -0.2791586 -0.4930576 -0.2770027 -0.3498753 -0.5721507 -0.3002489 -0.1773852 -0.3131765 -0.4424772 -0.5038653 -0.2034373 -0.1484534 -0.2929104 -0.3265910 -0.4858011 -0.2839880 -0.6555091 -0.1650493 0.0456427 -0.4516913 -0.3173169 0.0391362 -0.4565375 -0.0479619 -0.2184797 -0.3239550 -0.1201635 -0.2479821 -0.2604654 -0.1565004 -0.1101014 -0.3084968 -0.4805895 -0.4417581 -0.1935900 -0.0796593 -0.1984584 -0.3710110 -0.3845993 -0.4377699 -0.3882585 -0.2563556 -0.3668460 -0.2650157 -0.3042229 -0.2354875 -0.1807283 -0.4691401 -0.3948370 -0.3339977 -0.4354145 -0.1094139 -0.4200988 -0.3882471 -0.3215777 -0.1533926 -0.3018043 -0.4050789 -0.3902754 -0.3935330 -0.4477936 -0.2555605 -0.0254500 -0.2066154 -0.4260897 -0.5294689 -0.1574654 0.0333839 -0.1860118 -0.6104505 -0.4998657 0.0277469 -0.2741345 -0.3229640 0.0631125 0.0056352 -0.5477454 -0.2638652 -0.6593589 -0.5564152 -0.5441852 -0.5119706 -0.6392444 -0.5569085 0.4896480 0.2241181 -0.1414748 0.2757970 0.5973268 0.3857192 0.5921394 0.4404006 0.4349692 -0.2233105 -0.0265842 -0.1577261 0.7361865 0.6340460 0.6909333 0.7656232 0.6316654 0.5913006 -0.3391074 0.5949188 0.1222957 -0.1474871 -0.3766872 -0.0244012 0.3781231 0.3245811 0.6318913 -0.2527212 0.3766901 -0.1710340 -0.1899266 0.0857827 0.0864483 0.4732263 -0.4346035 -0.0287356 0.1473119 0.3634525 -0.0845534 0.1368901 -0.1490701 0.1144218 -0.0770588 -0.1622460 0.2772130 -0.0116837
0.4010515 0.5437467 0.6565681 0.6118597 0.6746196 0.6452521 0.4424941 0.6801664 0.0000000 0.6975819 0.5369800 0.5942900 0.6074527 0.6182440 0.1584804 0.5262080 0.5171774 0.0914017 0.3959240 0.4756009 0.5758146 0.4778895 0.4272279 0.3997137 0.4322172 0.4136666 0.4494872 0.1746051 0.3128393 0.1684297 0.5679310 0.4120560 0.3155379 0.6095755 0.3498301 0.4861726 0.4334692 0.4452015 0.4027256 0.3239052 0.5513738 -0.0520132 0.3839402 0.4309486 -0.0060765 0.4535252 0.4459708 0.3622583 0.5048538 0.2594034 0.5020910 0.4781201 0.6152027 0.4254666 0.4143515 0.4693981 0.5188657 0.5971108 0.0390400 0.5742237 0.4676141 0.3447793 0.4431276 0.6691293 0.5082999 0.3941876 0.4423486 0.3366446 0.4351462 0.5655853 0.3155672 0.6017759 0.3316422 0.7844875 0.3055716 0.5354986 0.6452091 0.2565681 0.5989510 0.6403298 0.5091038 -0.4435383 -0.4864949 -0.2300963 -0.4595838 -0.3155113 -0.3944434 -0.4752004 -0.2005637 -0.3275939 -0.2510062 -0.3235774 -0.4951772 -0.2421713 -0.3066088 -0.3408148 -0.4043289 -0.5544752 -0.3590838 -0.0226649 -0.2454463 -0.5076868 -0.3571443 -0.3271303 -0.4590688 -0.3150117 -0.2424573 -0.2668924 -0.3893222 -0.0096132 -0.4096713 -0.1014550 -0.3086629 -0.3647938 -0.2133324 -0.2848017 -0.3103141 -0.2063451 -0.1338283 -0.1610105 -0.4375073 -0.5106929 -0.0940634 -0.0772338 0.0220642 -0.0960027 -0.3562967 -0.3830760 -0.1134840 -0.0341860 -0.1283892 -0.2493704 -0.0403108 -0.0115112 -0.2278687 -0.3109921 -0.1022006 -0.2224049 -0.1208650 0.2480349 -0.3518139 -0.0993261 -0.2976538 0.2312308 -0.0960851 -0.1428782 -0.1616397 -0.0958231 -0.4877032 0.0720757 0.2869046 0.0388154 -0.3608018 -0.5356699 0.0026040 0.3187364 -0.3143126 -0.4474363 -0.6403375 0.1342187 -0.1057060 -0.2330129 0.3545651 -0.1408184 -0.3992792 -0.1749495 -0.6026986 -0.6228237 -0.6707719 -0.4926719 -0.6162246 -0.6673950 0.4471491 0.4812122 0.1816964 0.4039330 0.5644309 0.3470320 0.7205186 0.5892119 0.5584306 0.1157976 -0.0880948 -0.0203422 0.7475734 0.6692631 0.6505373 0.7242610 0.6587319 0.6540738 -0.1840188 0.6432312 0.1347948 0.0436987 -0.0886007 0.1014179 0.3824594 0.6109896 0.5906044 -0.1445757 0.2672446 -0.0702850 -0.0594768 0.2106347 -0.0695456 0.5352343 -0.3734187 -0.2030903 0.0504238 0.4337333 -0.2675236 0.1286682 -0.2992645 0.0585297 -0.1848830 -0.2628532 0.2490680 -0.2166902
0.4046175 0.2766034 0.6834100 0.5660807 0.6729005 0.4342788 0.0819235 0.6889937 0.6975819 0.0000000 0.7944411 0.2760930 0.7443667 0.7389224 -0.3022194 0.8070315 0.8948419 -0.0923229 0.7634656 0.4208861 0.1761937 0.6202992 0.7586389 0.3154277 0.7568804 0.7892715 0.7814387 0.0911288 -0.1728116 0.1399200 0.7474247 0.7176646 0.2011669 0.2796279 0.7562441 -0.0049878 0.8366652 0.8046726 0.6584874 0.4932134 0.8144820 -0.4257817 0.7982376 0.4842689 -0.3668738 0.7645097 0.8528729 0.5785500 0.4191130 0.6279113 0.8862654 0.7581149 0.4256693 0.8035755 0.7266242 0.7598016 0.8817687 0.8964272 -0.2140577 0.9199193 0.0376289 0.6548626 0.5015023 0.7259546 0.2913965 0.6530153 0.7916951 0.7317705 0.4449106 0.8545817 0.6915296 0.3608796 0.6748109 0.6821293 0.4455601 0.6953349 0.5899772 0.3337299 0.6124844 0.5025255 0.4000726 -0.3781623 -0.4657946 -0.3401906 -0.4578517 -0.2232329 -0.1944883 -0.4974307 -0.0401698 -0.5172065 -0.0889858 -0.2340602 -0.3418481 -0.0813745 -0.2051200 -0.1992748 -0.2039325 -0.3842771 -0.2207519 -0.0253908 -0.3023669 -0.1668574 -0.2413001 -0.1493411 -0.3023812 -0.1220126 -0.0258202 -0.0551736 -0.2585038 0.0889878 -0.3212047 -0.2955762 -0.3144668 -0.1507523 -0.0251924 -0.1651550 -0.1595142 -0.1233280 -0.1084406 -0.3144902 -0.4476772 -0.3475175 -0.1061177 -0.2946874 -0.2007700 -0.4482674 -0.3843382 -0.4941231 -0.4665578 -0.2294986 -0.3250717 -0.2999849 -0.1478065 -0.3877184 -0.2808628 -0.4876267 -0.3178694 -0.5764079 -0.3198250 -0.0265316 -0.4498412 -0.2335418 -0.3270112 0.0353405 -0.2522838 -0.4025431 -0.3900725 -0.3021337 -0.6276098 -0.0529448 0.1949161 0.0143565 -0.4400648 -0.5613860 -0.1350145 -0.1185498 -0.2711294 -0.4189641 -0.5996452 0.1189694 -0.1367531 -0.2593828 -0.0488023 -0.1741557 -0.4056568 -0.2233792 -0.5585161 -0.6884658 -0.5418545 -0.4736388 -0.5836796 -0.6947748 0.4688613 0.3860821 0.0738143 0.3899133 0.5308838 0.4861442 0.4666797 0.3529151 0.5273630 -0.1356112 -0.4486267 -0.2812820 0.4670961 0.3859769 0.6211596 0.7329626 0.5635501 0.5256633 -0.5301091 0.4733070 0.2801342 -0.3897297 -0.5247907 -0.4300506 0.0031824 0.2524528 0.3530632 -0.5141009 0.1853053 -0.2531850 -0.2367814 -0.0843124 0.1781935 0.5462658 -0.6530193 -0.1688686 -0.1973056 0.0813211 -0.4240248 -0.1212853 -0.2173844 -0.2906307 -0.4578006 -0.1926268 0.1115768 -0.4246336
0.4966387 0.2005496 0.6649038 0.6652185 0.5625871 0.5417248 0.2381301 0.6712709 0.5369800 0.7944411 0.0000000 0.3048704 0.6252645 0.5754379 -0.1959815 0.8522310 0.7714771 0.0436552 0.6557136 0.4599224 0.1906748 0.5914355 0.8651453 0.3776320 0.6761085 0.7535618 0.7272995 0.1785512 -0.0830492 0.2304408 0.5458424 0.4626691 0.2533436 0.3284255 0.8139829 -0.0511364 0.6466089 0.5539046 0.6214869 0.5327255 0.6470172 -0.4786764 0.8083574 0.4655575 -0.4992472 0.3919930 0.5672227 0.3609574 0.4184325 0.3131389 0.7593385 0.7556280 0.3944668 0.6669787 0.5049827 0.3952048 0.5658756 0.6687717 -0.2681349 0.7608223 -0.0828507 0.6979705 0.1219630 0.6408590 0.2701582 0.3293866 0.6330868 0.6900665 0.0586387 0.7103393 0.3845923 0.4154838 0.6205289 0.5789071 0.2702173 0.7153591 0.5736199 0.2427402 0.6318470 0.4996540 0.3897709 -0.5501418 -0.6195236 -0.5417371 -0.5746095 -0.4876411 -0.3175428 -0.5543779 -0.3756456 -0.7428840 -0.2173012 -0.3990893 -0.4763997 0.1669789 -0.1922370 -0.1187117 -0.2758232 -0.4040489 -0.1372702 0.2334737 -0.2933615 -0.3201940 -0.4995918 -0.2552291 -0.3618118 -0.0222816 -0.1549238 -0.2561620 -0.4271789 -0.0691034 -0.5078125 -0.3744599 -0.3733606 -0.1390010 -0.0423379 -0.2237078 -0.1998668 -0.1098539 -0.1184763 -0.3735447 -0.4980612 -0.2660831 -0.1178939 -0.2700716 -0.2849057 -0.5359891 -0.4809483 -0.6054537 -0.6238040 -0.4799148 -0.5377055 -0.4391647 -0.4220181 -0.6087296 -0.2064935 -0.6076728 -0.5748487 -0.7156258 -0.6102965 -0.2535409 -0.4388726 -0.5123262 -0.3740205 -0.2067172 -0.5128333 -0.5327338 -0.5983921 -0.5131069 -0.4955836 -0.2892124 -0.0772926 -0.1850561 -0.6301295 -0.5349226 -0.0221390 -0.1687128 -0.2927527 -0.6021823 -0.5780517 0.0302514 -0.1619970 -0.4818270 -0.1820447 0.0077542 -0.5353483 -0.2666694 -0.6007530 -0.5821631 -0.5568503 -0.5934548 -0.5291450 -0.6299359 0.3367738 0.4051541 -0.0391883 0.2855868 0.4906475 0.5075946 0.3788522 0.3122746 0.4716017 -0.0454125 -0.3341937 -0.4039750 0.3555596 0.3662920 0.4686110 0.6159638 0.4163447 0.4341193 -0.4868721 0.4000209 0.2671571 -0.4343685 -0.5939117 -0.4334930 0.0612449 0.1002984 0.2020806 -0.5443890 0.2283513 -0.2998439 -0.4347082 -0.3815088 -0.0739489 0.2802376 -0.6552363 -0.2326942 -0.0846030 -0.1557045 -0.5927583 -0.2730671 -0.3033203 -0.3355545 -0.4827995 -0.1103180 0.1590418 -0.1364361
0.7172204 0.5791148 0.4496918 0.5445491 0.3660537 0.4507279 0.5972484 0.4468872 0.5942900 0.2760930 0.3048704 0.0000000 0.3098990 0.2761532 0.6015632 0.0762858 0.0003099 0.1439686 -0.1883740 0.1377187 0.8227815 -0.0027161 0.1972511 0.4290670 -0.1601658 0.0792859 -0.0742425 0.1845621 0.7130223 0.1384191 -0.0688151 -0.1765980 0.2768599 0.6345423 0.0152863 0.6518723 0.0438119 -0.0669902 0.0612891 0.0624849 -0.0649905 0.1624817 -0.0753389 0.1335134 0.2078728 -0.0753891 0.0379165 -0.0620385 0.3742354 -0.1669063 0.1174304 0.0273724 0.6068819 0.0691494 -0.0246549 0.0128930 0.0419050 0.1705370 0.3614013 0.1994703 0.6378857 0.0180324 -0.1533674 0.4589960 0.6267421 -0.1245431 -0.0151128 -0.0419405 -0.0150509 0.1388058 -0.0964576 0.7365753 -0.1152741 0.6043886 -0.0439684 0.2149581 0.4047711 0.0923838 0.3265141 0.6676385 0.3369992 -0.4647419 -0.3259649 -0.2589062 -0.1773382 -0.4044795 -0.4168318 0.0163983 -0.1757291 -0.2233873 -0.3631897 -0.4544569 -0.3132031 0.0988061 -0.3692313 -0.2736816 -0.4474796 -0.3735728 -0.2546645 0.2704460 -0.0528281 -0.3652743 -0.3470159 -0.2053911 -0.4134755 -0.2544547 -0.1464322 -0.2716668 -0.3203425 -0.1684768 -0.4112633 -0.2095167 -0.3987943 -0.1930939 -0.3555229 -0.3745979 -0.2953025 -0.3572190 -0.2066734 -0.2833804 -0.4548130 -0.4453750 0.2222450 -0.1773404 -0.2382001 0.0228223 -0.2053661 -0.1150693 -0.1419907 -0.1974589 -0.2667151 -0.2773405 -0.1323877 -0.0856459 -0.2679168 -0.0855267 -0.2044204 -0.1218580 -0.1720627 0.1820907 -0.2514412 -0.1142589 -0.2428695 0.3205203 -0.2725851 0.1810645 -0.2448955 -0.1657366 -0.3431499 -0.0340755 0.2089982 -0.0343252 -0.4546145 -0.3393193 0.2573391 0.5168355 -0.1681250 -0.3286376 -0.3617766 0.2508124 -0.1824111 -0.0176075 0.3454192 -0.0670715 -0.2346380 -0.0369514 -0.3142890 -0.4133874 -0.3606280 -0.1252201 -0.5131017 -0.5349606 0.1725664 0.4000922 0.4505204 0.3522542 0.5800876 0.4187166 0.6762914 0.5143471 0.3069217 0.2719598 0.2658912 0.0653949 0.6485812 0.7168563 0.5563935 0.5139658 0.3726059 0.6082421 -0.0042688 0.5986306 0.1587970 0.2456998 0.0658755 0.4269013 0.6339630 0.6579121 0.5280297 0.1299654 0.1805541 -0.0865812 0.3255724 0.0462181 -0.1365150 0.0928882 0.0537783 0.1406886 0.1915588 0.1608051 -0.0243339 0.2985163 -0.1618944 0.3106726 0.2151320 -0.1334341 0.1542396 0.1886906
0.2235930 0.5496852 0.8383256 0.6318052 0.8620022 0.6390773 0.3221999 0.8704447 0.6074527 0.7443667 0.6252645 0.3098990 0.0000000 0.2898332 -0.4025527 0.6848182 0.5679302 -0.4577744 0.6611751 0.7227873 0.2188621 0.7752613 0.5472226 -0.0004336 0.6570143 0.5445240 0.4545604 -0.3144197 -0.0325570 -0.2804867 0.7695224 0.5701066 -0.1593169 0.2998619 0.4266767 0.3085736 0.5462929 0.7328014 0.1483170 -0.0576846 0.7117069 0.0382523 0.4339191 0.0118243 0.0467122 0.6753481 0.5833976 0.6287536 0.1002197 0.6216613 0.5751301 0.3525945 0.4160589 0.4478570 0.7091037 0.7435477 0.6184392 0.5607694 0.2452568 0.6344967 0.2898313 0.2957023 0.4610532 0.4279571 0.1397289 0.4909879 0.5224384 0.5204283 0.3412394 0.5896576 0.6247260 0.3283845 0.4214806 0.6867693 0.4416136 0.6497245 0.8152887 0.5429351 0.6560135 0.6232877 0.6561518 -0.3646838 -0.6081701 -0.2116044 -0.3011584 -0.2130033 -0.4186575 -0.5363615 -0.0970049 -0.4742914 -0.2833416 -0.3172803 -0.4365957 -0.3311356 -0.2022050 -0.1751185 -0.2196451 -0.3746734 -0.2666339 -0.2016320 -0.3622902 -0.1623957 -0.3337285 -0.1859807 -0.4958610 -0.1008640 0.1699118 -0.1774279 -0.1847259 0.0456036 -0.3922449 -0.1574156 -0.2036905 -0.2392714 -0.1903288 -0.2121404 -0.2076308 -0.1947925 -0.1566527 -0.3013989 -0.3692166 -0.3372353 -0.1315477 -0.1523274 -0.1809178 -0.4902546 -0.2043046 -0.4600362 -0.4167596 -0.1193519 -0.2497245 -0.2784832 -0.1022305 -0.3429257 0.0764557 -0.4496200 -0.3039372 -0.4251691 -0.3406847 -0.0278748 -0.3592049 -0.2982642 0.0124167 -0.1680538 -0.2736984 -0.3738490 -0.4103954 -0.4277391 -0.3692874 -0.1626094 0.1122475 -0.2585410 -0.3985669 -0.4691945 -0.2295267 -0.0831275 0.0111321 -0.5679459 -0.2845782 0.1169049 -0.2310423 -0.2085688 -0.0799210 0.1689991 -0.5261627 -0.2869762 -0.6010263 -0.5573791 -0.3777177 -0.3934622 -0.5348198 -0.4600712 0.5187782 0.2282327 0.0189227 0.2641833 0.5475945 0.4252933 0.5658481 0.4448681 0.6151501 -0.1273153 -0.0703399 0.0573944 0.6891348 0.3269351 0.6595349 0.8075084 0.6930138 0.5390672 -0.4822327 0.5012308 0.0799750 -0.4147324 -0.5387150 -0.3462128 0.0584978 0.1993611 0.4482623 -0.4565080 0.1773827 -0.3614272 -0.2879349 0.1814557 0.2660003 0.5847902 -0.6715340 -0.1830249 -0.0389101 0.3436844 -0.0768162 0.1256010 -0.0720252 -0.0623604 -0.3425352 -0.2048664 0.2192745 -0.3088749
0.4388112 0.0798660 0.3076858 0.5048367 0.2516345 0.1814904 -0.0967382 0.3797167 0.6182440 0.7389224 0.5754379 0.2761532 0.2898332 0.0000000 0.0159707 0.3902354 0.7023109 0.4781721 0.4138961 0.1727773 0.2113411 0.3529158 0.4813878 0.6471614 0.4088267 0.4569624 0.6685704 0.6037831 -0.0160099 0.6175149 0.4974505 0.4310968 0.6425771 0.3185071 0.5338979 -0.0603500 0.5885939 0.4494454 0.9101229 0.7623603 0.5216897 -0.4672329 0.7209849 0.8550542 -0.4724250 0.4585307 0.6482068 0.2716907 0.7724533 0.3460183 0.7718313 0.7988472 0.4429746 0.6156868 0.4239847 0.4565296 0.6801372 0.8023006 -0.3829991 0.7378479 -0.0149680 0.6116661 0.3345212 0.7915241 0.4695977 0.4693073 0.5712233 0.4437867 0.4254029 0.7073447 0.3903843 0.3955716 0.5243476 0.4505817 0.3566932 0.4401482 0.2453594 0.0820222 0.3889162 0.2059852 0.1756562 -0.3156431 -0.1686089 -0.2538539 -0.4620813 -0.2049157 -0.0746235 -0.1555004 -0.0414315 -0.2425967 -0.1437597 -0.3048886 -0.3303871 0.0460149 -0.3869482 -0.4093717 -0.2953511 -0.5478640 -0.3008436 0.0711555 -0.0830272 -0.3348089 -0.0787499 -0.2162422 -0.1204856 -0.2392828 -0.1686428 -0.1257232 -0.2125126 0.1157788 -0.1494188 -0.1896657 -0.4334449 -0.3937152 -0.1129713 -0.3279180 -0.4262431 -0.2404001 -0.2801427 -0.3044047 -0.5587419 -0.5694799 -0.2018960 -0.4081996 -0.1648738 -0.1099625 -0.6314235 -0.2805154 -0.2285661 -0.2802931 -0.2609156 -0.1496541 -0.2149179 -0.1574424 -0.6447390 -0.2348720 -0.2096446 -0.2865991 -0.1876750 0.1344580 -0.5136785 -0.0393223 -0.6532937 0.2061888 -0.0992837 -0.3342848 -0.1831948 -0.0956909 -0.7285758 -0.0154583 0.2293131 0.2585928 -0.3109165 -0.5882109 -0.1767573 -0.0405109 -0.5414638 -0.3085759 -0.7987645 0.0366808 -0.3089038 -0.3250067 -0.0350594 -0.5056272 -0.4400713 -0.2426837 -0.4124165 -0.6274898 -0.6554256 -0.4272324 -0.6508372 -0.7844795 0.1657006 0.2027652 0.1639592 0.3039060 0.2458646 0.2185885 0.2407160 0.1290349 0.1473439 -0.1075915 -0.4040929 -0.4761217 0.2469802 0.3912596 0.3407045 0.4096563 0.2538758 0.2828889 -0.2625776 0.2793119 0.1250261 -0.0798983 -0.1140511 -0.1369966 0.0501483 0.2491056 0.1859082 -0.2078903 0.3235575 -0.0389734 0.0283420 -0.0752991 0.1141682 0.3876370 -0.3482986 0.0871183 0.1288432 0.0251073 -0.3634797 -0.2193714 -0.0572014 -0.1784882 -0.4297381 0.0260693 0.1966217 -0.1748017
0.4640934 0.1718810 -0.1460195 0.0591160 -0.1902966 -0.0501134 0.1723723 -0.2194836 0.1584804 -0.3022194 -0.1959815 0.6015632 -0.4025527 0.0159707 0.0000000 -0.4079645 -0.3970319 0.5712437 -0.7025952 -0.4560126 0.5407488 -0.5252307 -0.2740494 0.3427933 -0.6433870 -0.3458222 -0.4745288 0.3727505 0.6762490 0.2302882 -0.5912999 -0.6708976 0.3287373 0.3435486 -0.3690082 0.3686061 -0.3864336 -0.6206670 -0.1321782 0.0352676 -0.6387486 0.1357828 -0.4653001 0.0737482 0.1719572 -0.6005478 -0.4551236 -0.6137328 0.2131574 -0.5822730 -0.3996010 -0.2990678 0.1845231 -0.3592938 -0.4214335 -0.4775537 -0.4368023 -0.2870863 0.0916269 -0.3566162 0.3962263 -0.3338217 -0.3706063 0.0294993 0.4099074 -0.5099415 -0.4900175 -0.4379317 -0.2313964 -0.3163833 -0.5214315 0.3827928 -0.4767298 0.0311832 -0.2746624 -0.3015549 -0.2578663 -0.3022394 -0.1742058 0.0813240 -0.1277670 -0.1156997 0.2533738 0.0159079 0.1936321 -0.0369659 -0.0291072 0.3222468 0.0436443 0.2041736 -0.0309528 -0.1243236 0.1429793 0.2119630 -0.2418412 -0.0732739 -0.1489124 0.0328556 -0.1609763 0.5069811 0.3939148 -0.1552994 0.0430611 0.0963709 0.1517997 -0.1036955 -0.1734184 0.0296042 -0.0668705 0.0236633 -0.0837187 -0.0025745 -0.0388989 0.0392012 -0.0370900 -0.0407317 -0.0754458 -0.0325724 0.0330973 0.1844916 -0.0419333 -0.1526169 0.5291897 0.0673743 0.1741172 0.4528572 0.0100388 0.4038769 0.3208264 0.1074708 0.1724315 0.1855351 0.1059457 0.3234882 -0.1992606 0.4329101 0.2488128 0.3256489 0.2861506 0.4078693 0.0454232 0.3171729 -0.1688403 0.5319008 0.2511665 0.4591189 0.3676045 0.4579127 -0.0859148 0.3516493 0.2744690 0.2802784 0.1337342 -0.0846680 0.4638853 0.5543758 -0.0614982 0.1847818 -0.2238041 0.3285489 -0.0600295 0.3111746 0.4212033 -0.1482316 0.2390995 0.0834611 0.0067787 -0.0948187 -0.2345133 0.2339044 -0.1456766 -0.1795731 -0.4434004 0.1405673 0.4475754 0.1400706 0.1287028 0.0169481 0.2355087 0.2258865 -0.0944666 0.4464912 0.2344869 0.0052463 0.1206441 0.4274502 -0.0276934 -0.1135309 -0.1246882 0.1236777 0.4871038 0.1933063 0.0672425 0.6181718 0.5401451 0.6249990 0.5187560 0.3880118 0.1177997 0.4114853 0.0748419 0.1740563 0.4560379 -0.0199147 -0.4558108 -0.4426333 0.5497202 0.0541324 0.2005275 0.0357795 -0.0076188 0.2050598 -0.2325425 0.1793333 0.3494402 -0.1654626 0.0670799 0.1985151
0.1640688 0.1069089 0.5800902 0.3592923 0.6517385 0.4198868 0.1437041 0.5488730 0.5262080 0.8070315 0.8522310 0.0762858 0.6848182 0.3902354 -0.4079645 0.0000000 0.8318228 -0.2045008 0.8491565 0.4789143 -0.0796895 0.6629633 0.8732886 0.0381443 0.8527974 0.8966562 0.6675399 -0.1343328 -0.3669045 -0.0934072 0.6940426 0.6555365 -0.0645574 0.1638126 0.8138204 -0.1753038 0.7754749 0.7390340 0.4184612 0.3755372 0.7870169 -0.4250882 0.7437131 0.2470931 -0.3977506 0.5838455 0.6472558 0.5530333 0.1033549 0.5421798 0.7165138 0.6397150 0.1447508 0.7739756 0.6415031 0.5535000 0.6656250 0.7276599 -0.2797120 0.7547310 -0.2128955 0.6251709 0.3130598 0.4580005 -0.0496923 0.4983919 0.7219204 0.8643598 0.0985862 0.7693293 0.5491057 0.1565313 0.7235583 0.5019758 0.2876093 0.7641959 0.5880863 0.2527911 0.6020800 0.3774682 0.2937515 -0.3929527 -0.5267139 -0.4747379 -0.5086498 -0.2962124 -0.2933945 -0.6992050 -0.2686426 -0.7200769 -0.1091045 -0.2010451 -0.3387388 0.0809794 -0.0624240 0.0299165 -0.1147896 -0.2090677 -0.1147170 0.0992639 -0.3597280 -0.1574216 -0.3623232 -0.2021783 -0.2815075 0.0282769 -0.1178829 -0.0270255 -0.3182534 -0.0233122 -0.3981702 -0.3797375 -0.2112174 0.0228776 0.0115463 -0.0320178 0.0211388 0.0227421 0.0215626 -0.2093396 -0.2373932 -0.0484787 -0.1049058 -0.1347736 -0.0824648 -0.5168047 -0.2114544 -0.5957176 -0.4952723 -0.1919875 -0.2846886 -0.3916800 -0.1158608 -0.5164887 0.1092581 -0.5883344 -0.3390682 -0.6831867 -0.3906244 -0.2320966 -0.2871030 -0.3993394 -0.0403907 -0.2411579 -0.3677037 -0.4577955 -0.4853900 -0.4055187 -0.3006498 -0.1583525 -0.0038619 -0.2064001 -0.5218696 -0.4010013 -0.0477713 -0.2390079 -0.1820896 -0.4515782 -0.3799130 0.0015471 0.0763606 -0.4053947 -0.1540794 0.0902047 -0.3628255 -0.2374426 -0.5225918 -0.4712990 -0.4266031 -0.5728421 -0.2919321 -0.4234378 0.4067055 0.3890008 -0.0841933 0.2074444 0.3829414 0.4348325 0.2825986 0.2916238 0.5908864 -0.0225510 -0.4012320 -0.1817464 0.2798529 0.1333702 0.4085449 0.6205247 0.4739960 0.3739991 -0.5612048 0.2758912 0.2067095 -0.6064684 -0.6634483 -0.6541732 -0.2253288 -0.0278289 0.0928499 -0.6164518 -0.0413645 -0.3543327 -0.5518911 -0.2885391 -0.0474222 0.3716842 -0.7551451 -0.5123844 -0.3831123 -0.0954528 -0.5468634 -0.3120957 -0.3850833 -0.4929198 -0.5969527 -0.2709546 -0.0248049 -0.4271862
0.1976869 0.0881931 0.4973843 0.3696720 0.5628375 0.2543818 -0.0477555 0.4402562 0.5171774 0.8948419 0.7714771 0.0003099 0.5679302 0.7023109 -0.3970319 0.8318228 0.0000000 -0.0495373 0.8022643 0.2810031 -0.1535220 0.5525908 0.8544605 0.1531751 0.7756721 0.8729725 0.8404995 0.0492490 -0.4367648 0.1223755 0.6949096 0.6874766 0.0711631 0.0330495 0.8000996 -0.2692975 0.8593291 0.7872836 0.6918483 0.5052252 0.7667553 -0.5323771 0.8658346 0.4365949 -0.5300817 0.7302824 0.8699863 0.5374608 0.2511896 0.6997937 0.8456302 0.7625102 0.0852021 0.8462769 0.7109469 0.7176311 0.8588610 0.9047958 -0.4430529 0.8190578 -0.3088642 0.6263688 0.4689231 0.5271213 -0.0200564 0.6311045 0.7009685 0.8373658 0.3701590 0.8373998 0.6158452 0.0315167 0.6955904 0.3911456 0.3395753 0.6137800 0.3726433 0.1344704 0.4227263 0.2272741 0.1442972 -0.3302722 -0.3385112 -0.3697181 -0.4840184 -0.2144352 -0.1953105 -0.4937571 -0.1361220 -0.5609717 -0.1208911 -0.2802004 -0.2314624 0.0068202 -0.2829679 -0.1886238 -0.1448101 -0.2610410 -0.2849145 0.0011383 -0.3571233 -0.1460466 -0.2217692 -0.0801192 -0.1884783 -0.1303610 -0.0987692 0.0212758 -0.2629475 0.0394839 -0.3397209 -0.3853606 -0.3290121 -0.1168269 -0.0083975 -0.1530460 -0.1702371 -0.0969391 -0.1643849 -0.3079557 -0.3985526 -0.2447573 -0.1151225 -0.3609249 -0.1385797 -0.4647184 -0.2938140 -0.5363214 -0.4365699 -0.1992468 -0.2723130 -0.2771727 -0.0921833 -0.4081696 -0.1239334 -0.4732684 -0.2721371 -0.5871188 -0.2790575 0.0109969 -0.3552977 -0.1959508 -0.1724826 0.0571154 -0.2055079 -0.4292955 -0.3520014 -0.2560621 -0.5275555 0.0066430 0.2280381 0.1500423 -0.3563447 -0.4748505 -0.0980049 -0.1294465 -0.2038164 -0.3068686 -0.4861262 0.1831499 0.0097580 -0.2573112 -0.1093590 -0.0435423 -0.3352352 -0.0973619 -0.4563630 -0.6127093 -0.4778550 -0.4451525 -0.4253580 -0.6016347 0.3823041 0.3558541 0.0255393 0.3758987 0.3509616 0.4787799 0.2471257 0.2723001 0.5597534 -0.0536751 -0.4942803 -0.2738134 0.1968422 0.0585302 0.3644254 0.5314739 0.4213598 0.3010286 -0.6191724 0.2780586 0.3080665 -0.5878776 -0.5857703 -0.6764617 -0.2951317 0.0553806 0.1222265 -0.6327568 0.0293867 -0.4338618 -0.4658871 -0.2013478 0.1752294 0.5052945 -0.7665726 -0.3096971 -0.3312458 -0.0846820 -0.5476314 -0.1824540 -0.2393011 -0.5115812 -0.5790438 -0.1676834 0.1154901 -0.5677236
