0.0000000 -0.0039049 0.3137022 -0.1948102 0.4260378 -0.0447079 0.1049482 0.0472530 -0.1034445 -0.0242597 0.0590776 0.1049931 0.1698837 -0.0093860 0.0608819 0.1204028 0.1117876 -0.0311157 -0.0893940 0.0735933 0.3236271 0.1643683 0.2073221 -0.0915607 0.0205423 0.2650160 0.0766762 0.0118338 0.2428200 0.1545353 0.1671770 0.1692787 -0.2367228 0.0564999 0.1613860 0.3892581 0.1302705 0.1632239 0.1197309 0.3429466 0.3956370 0.1450096 0.1109768 0.0243634 0.2000478 0.1657169 0.1320239 0.2821507 -0.0024208 -0.0645106 0.2244674 0.2613421 0.0889694 0.3245964 0.0405133 -0.1070658 -0.0549530 0.0064095 0.0241638 0.1445368 0.1568564 0.2670313 0.0052617 0.0480041 0.1453162 -0.1000013 0.1168474 -0.2389788 -0.0948570 -0.0273701 -0.1735985 0.0746358 -0.0508705 0.1959943 -0.1004309 -0.2077994 0.1671143 -0.1053695 -0.1158601 -0.0048262 -0.0803479 0.2212058 -0.1552868 -0.1055969 -0.1583397 -0.3202961 -0.0652053 -0.2421740 0.0039918 0.0416899 0.1535598 0.1803104 0.1519958 -0.0137927 0.1984260 0.0408952 0.1057342 -0.2595162 -0.0232621 0.2009424 -0.1832280 -0.3344323 -0.3900145 0.1743336 0.1118345 0.1751061 -0.1460715 -0.1451943 0.3068180 -0.1729838 0.3730479 0.0618833 -0.1115704 -0.1405868 -0.1228429 -0.1074450 -0.1259012 -0.1877185 -0.1501292 0.2000205 -0.0348356 -0.0971671 0.2064743 -0.0542659 -0.1174898 0.6507862 -0.2611262 0.2734046 0.2178260 -0.3813999 -0.2868126 -0.0495989 -0.2541326 0.0766254 -0.1651715 0.2163914 -0.2231820 0.1965993 -0.0268562 0.4162797 0.0365161 0.3754390 -0.1599901 0.1766023 0.0543287 0.0142129 0.0298874 0.1175760 -0.1906049 0.2485474 0.3435744 0.0776952 -0.0711351 -0.0629187 -0.0289105 0.0294158 -0.0098663 -0.0140423 -0.1421397 0.3482340 -0.1669560 -0.0621585 -0.0531279 0.0467238 -0.1483026 0.0527275 0.0023045 -0.1102151 -0.0228750 -0.1714031 -0.2656229 -0.1620513 0.3141095 0.1849692 0.0843507 0.1086193 0.1567078 0.0961035 0.3065200 0.3730057 0.1837678 0.5050739 0.1243700 0.4717556 0.2159217 0.3074011 0.2297498 0.3282072 0.1315512 0.2292553 0.2628090 0.3575239 0.3427437 0.0755054 0.4632656 0.3374000 -0.0175367 0.2320423 0.0888259 0.4875199 0.3685734 -0.1334194 0.0651375 0.1028614 0.3062250 -0.0055619 0.3011718 0.3025535 0.5852491 0.1526466 -0.0064974 0.0637290 0.2724241 -0.1195674 0.0229662 0.1032934 -0.0198006 0.0908999
-0.0039049 0.0000000 0.3999865 0.5953767 0.2275403 0.3847898 0.5357070 0.4472267 0.4230720 0.1753024 0.3234235 0.6485278 0.2458737 0.1104968 0.4817773 0.2664591 0.0025230 0.2533620 0.4094676 0.2577657 0.7563440 0.3849434 0.1098162 0.2125354 0.2414881 -0.0091550 0.2061459 0.0285763 0.5885568 -0.2027391 0.4326044 -0.0715235 0.2134138 0.5952933 -0.0731600 0.6460201 -0.0873406 0.2372149 -0.0096858 -0.1013775 0.4035394 0.4751054 0.0396492 0.0815660 0.6558550 -0.0394985 -0.1757895 0.1388992 0.3597988 0.1231028 -0.1211656 -0.0103226 0.7776545 -0.1374042 -0.1093131 0.0165588 0.0175807 -0.0464001 0.2319703 -0.1145950 0.6928192 -0.2131937 0.0332247 0.5127480 0.8116060 -0.0265391 -0.1404211 -0.1876517 0.4562017 -0.0039530 0.0235660 0.6478308 0.1909617 0.5386510 -0.0587900 0.3349330 0.7364674 -0.0927243 0.2869897 0.4738296 0.0322001 -0.0082629 0.0285524 0.1625612 0.3855086 0.1078171 0.3426500 -0.2226495 -0.0887312 -0.0405677 0.0360931 0.1742856 0.3034790 0.2356915 0.0494585 0.0248025 0.1878877 0.2993081 0.3831523 0.2929824 0.4302886 0.3236642 0.1794723 0.4825115 0.1448076 0.3347726 0.2025387 0.3025319 -0.1025208 0.2334637 0.1269466 -0.1262977 0.2678908 0.4950582 0.1460049 0.3207464 0.3193850 0.4373989 0.5643600 0.6222706 0.4909175 0.3957172 0.1026255 0.4003864 0.4578780 0.0872496 0.5913687 0.0603257 0.1201868 0.6171522 0.5439780 0.5292950 0.6527338 0.5283751 0.5805768 0.0592260 0.6536814 0.2582674 0.6753926 0.0757828 0.5363702 0.4428143 0.6611634 0.3988165 0.4590763 0.1557838 0.5902373 0.6297963 0.6533360 0.5366090 0.3611952 0.0959150 0.5926814 0.4953743 0.4942141 -0.2812136 0.6929931 0.5267808 0.7194738 0.3459124 0.4620766 0.5829070 -0.2074455 0.5996598 0.5917531 0.1980341 0.4537331 0.6609958 0.6110855 0.5519145 0.6160286 0.6946050 0.4245598 0.4185713 0.5510394 0.6243399 0.7749358 0.4252010 0.7525187 0.4505745 0.4101949 0.2719364 0.2490150 0.2483878 0.0739896 0.2935850 0.1497346 0.0844711 0.5966320 0.6973468 0.6496901 0.5941652 0.3795612 0.5347589 0.4485741 0.5199432 0.8603944 0.5434217 0.2180180 0.3669118 -0.1081451 -0.3748241 0.0284968 0.3275843 0.4291287 0.2757836 0.2645813 0.7684392 -0.1730862 -0.4213446 -0.0245998 0.4197309 0.3225815 0.6058587 0.8069079 0.3419083 0.1388275 0.3333965
0.3137022 0.3999865 0.0000000 0.4752865 0.4503972 -0.1409873 -0.1324768 0.5500989 -0.2115781 -0.2078956 0.4478195 -0.0926585 0.6916932 -0.2517877 -0.1892425 0.4142310 0.2603393 -0.3259322 0.4194922 0.2466564 0.2269859 0.4917374 0.4782670 -0.3778745 0.3599289 0.4193272 -0.0340287 -0.2850878 0.0063571 -0.2084376 0.4708159 0.1312399 -0.4122976 0.0292236 0.3613052 0.1586535 0.2793156 0.1841721 0.4243640 0.0926209 0.2915496 0.0549540 0.3941640 -0.3240953 0.2795568 0.0967392 0.0983683 -0.0803716 -0.1314491 0.0208315 0.2610965 0.3736528 0.1858007 0.2418525 -0.4473544 -0.1944882 0.0676235 0.2637217 -0.1079918 0.2505273 0.4020185 0.1634018 0.1322249 0.5602484 0.4274860 -0.0899808 0.1784014 -0.1362250 0.3402816 0.3648127 0.0976292 0.5470487 0.1276952 0.6259091 0.2818863 0.3748185 0.5636171 0.0986026 0.2274340 0.4110561 -0.0743021 0.1016919 -0.1373225 -0.2011915 -0.1863664 -0.3888681 -0.0377577 -0.5705270 -0.3828848 -0.4350066 0.0737036 0.1047727 0.2965140 -0.3634765 -0.2272888 -0.4038426 -0.3973482 -0.1740212 0.0269780 -0.0952066 0.0761828 -0.2150950 -0.5372843 -0.1901422 -0.2060143 -0.2596100 -0.2422811 -0.3733164 0.0546200 -0.3610800 0.0292103 -0.0805905 -0.5824137 -0.2106218 0.1336033 -0.2073487 0.1350107 0.1777510 0.1401631 0.2333472 0.0705415 0.0973750 -0.0175733 -0.0237412 -0.1552664 0.0951544 -0.0746829 -0.1403889 -0.1157485 -0.1874839 -0.1435615 -0.2046201 -0.1720380 0.1305635 -0.0052728 -0.1694987 -0.1093657 0.0153040 0.0288969 -0.0405644 -0.1276708 0.0231354 -0.0138088 0.4648541 0.1147379 -0.2024730 -0.0553850 0.0092211 -0.0679926 -0.0514467 -0.0213994 0.0803788 -0.1983459 -0.3129690 -0.2030334 -0.3794085 0.0780031 -0.1088196 0.1415271 0.1473125 -0.3202365 -0.1795582 -0.3265521 0.1576347 -0.2447547 -0.0451268 -0.1699015 0.0367719 -0.0234468 -0.2297702 -0.1600206 0.0289970 0.5209028 -0.0040549 -0.1463944 0.1160173 0.3609438 0.2338774 0.5598990 0.5271353 0.2866181 0.3621725 -0.2378872 -0.0478109 -0.2041214 0.6285209 0.3598702 0.2129956 0.4338099 0.5057500 0.4653313 0.5557623 0.3317863 0.4728842 0.5299257 0.4390037 0.3478791 0.5202694 -0.0543567 0.0269969 0.0698671 -0.0372138 -0.1186545 0.0355707 -0.1017273 -0.5209472 -0.0513407 0.3964124 0.0493172 -0.3975634 -0.0799251 -0.0401408 -0.3322857 0.0872197 0.2915283 0.0566260 -0.2474881 -0.1852456
-0.1948102 0.5953767 0.4752865 0.0000000 0.0306816 0.2628134 0.1271059 0.7381471 -0.1638650 -0.2882141 0.7496377 0.0854540 0.4501633 -0.4327241 -0.1647508 0.6570183 0.2590332 -0.3220051 0.8086976 0.1040965 0.2326616 0.4800220 0.5501311 -0.3617575 0.6958013 0.3481431 0.2078580 -0.5167918 0.1699029 -0.5231630 0.4788247 0.1318797 -0.3545073 0.4608124 0.3419191 0.2434803 0.3538258 0.3362396 0.3917886 -0.1239898 0.0630346 0.3608494 0.4915172 -0.4386487 0.5222460 0.2062623 0.2737644 -0.1852512 0.0365613 0.2635341 0.2993292 0.3448488 0.4438689 0.1518154 -0.3382853 0.2138835 0.4034987 0.4906992 0.1177475 0.3367368 0.5989374 0.1185217 -0.1954665 0.8098950 0.4958619 0.1940690 0.3169476 0.1990467 0.5497811 0.5563305 0.3838912 0.7611816 0.5626389 0.6196613 0.3649876 0.6085644 0.5443049 0.2376260 0.5505372 0.5533659 0.1197762 -0.1390085 -0.1478165 -0.0081712 -0.0340442 0.0262190 0.1911962 -0.3059947 -0.1691367 -0.2853306 -0.0839184 -0.0453190 0.1665399 -0.3195905 0.0029365 -0.2759730 -0.1643967 0.3005906 0.2955274 -0.0546794 0.1865858 0.2954113 -0.0322260 -0.1416573 -0.0868946 0.1220218 0.0860463 0.0714393 -0.1186704 0.0495344 0.0903111 -0.0774211 -0.1827335 0.2999122 0.4004455 -0.0026280 0.3788610 0.4550380 0.3759627 0.3295004 0.3059855 0.4161819 0.0447700 0.3813362 0.3714775 -0.1600902 0.4587935 -0.1731450 0.0766789 0.5044033 0.4801314 0.1041350 0.2981994 0.2862628 0.1450546 -0.0811933 0.3679522 0.2029016 0.2360232 -0.1922368 0.0823550 0.0466437 0.2516460 0.3771514 0.3040074 0.1334677 0.2541899 0.1173553 0.1727279 0.0874629 -0.0495750 0.2612507 0.1966769 0.0519562 0.0644952 -0.0403502 0.3278550 0.2196337 0.4932334 0.1464200 0.1111313 0.1948728 0.0314063 0.4296063 0.2105405 0.2568150 0.2461275 0.2160109 0.3299635 0.2138844 0.2455245 0.2751832 0.2875452 0.1456301 0.0054711 0.3672954 0.4390861 0.1926339 0.5196983 0.3546423 0.1423799 0.2321646 -0.0565147 -0.1421207 -0.1000608 0.3973997 0.2201043 -0.0972582 0.5105418 0.5034860 0.4470853 0.4108978 0.3445438 0.4046168 0.2958094 0.4372024 0.6001991 0.5399726 0.0898772 0.0852145 -0.2569007 -0.3452662 -0.0384821 0.0988226 -0.3009210 -0.0598018 -0.2400877 0.2136703 -0.4694206 -0.6811369 -0.0620160 0.2305833 -0.3574692 0.5604330 0.3656284 0.4393022 -0.2468985 -0.0080777
0.4260378 0.2275403 0.4503972 0.0306816 0.0000000 -0.3946975 0.0615390 0.0191166 -0.1477866 -0.2087176 -0.0875055 0.2095582 0.0821014 -0.2532752 -0.0258041 0.0954024 -0.2598090 -0.1147982 0.0639210 0.0815166 0.4896021 -0.0882179 0.0324098 -0.1242634 0.0327013 0.0601022 -0.1529495 -0.1254006 0.4035334 -0.2931388 -0.0477290 -0.0934559 -0.1826271 0.1897648 -0.0736183 0.5794587 -0.0875990 -0.2055724 -0.2819967 -0.3388990 -0.0476856 0.4600522 -0.1653814 -0.2394628 0.4545583 -0.2077098 -0.2943906 -0.0902549 -0.2877042 -0.2444345 -0.2599089 -0.2462979 0.0538863 -0.2792825 0.0847881 -0.3841724 -0.3155587 -0.1080996 0.2173894 -0.3488787 0.4064516 -0.2389161 0.2701199 -0.0601920 0.3220533 -0.2495570 -0.2686701 -0.3081216 0.1708083 -0.0349835 -0.3897744 -0.0389654 -0.2455608 0.4163035 -0.1291232 -0.2010895 0.1782565 -0.2690532 -0.2552282 -0.1427280 -0.2651945 -0.1053324 -0.0780061 -0.1523530 0.1427289 -0.2634040 0.0026149 -0.5592539 -0.2666827 -0.1085890 -0.0509064 -0.1332054 -0.0193146 -0.1956425 -0.3618849 -0.2547018 -0.0572569 -0.0786013 -0.2258531 0.1092206 0.1748897 -0.0254741 -0.1466610 0.1385605 0.0879817 -0.0648310 -0.0570229 0.0737186 0.1784919 0.0435703 0.2951902 0.2316710 0.0550042 0.1775626 0.1620456 0.2924018 0.2119996 0.2424327 0.2634478 0.4385288 0.3635958 0.2942613 0.2521723 0.0526174 0.0676971 0.2204522 0.2544234 0.2725873 -0.1073674 0.0311153 -0.1480483 0.1657908 0.0082276 0.5427166 0.0389061 0.1616717 0.0353456 -0.0750015 -0.1738961 0.3322111 0.2037870 0.1978987 0.1373356 0.4414826 0.3374287 0.0284125 -0.0319890 0.0566589 0.0432468 0.2940675 0.4280543 0.2622337 0.0393642 0.1794151 0.0153933 0.0353737 0.2420313 0.3205044 0.2896421 0.4648757 0.2437520 0.1966944 0.2951281 0.1486440 0.2043968 0.3463649 0.2981226 0.1046582 0.0971484 0.0668093 0.1382315 0.0938478 0.4505143 -0.0954724 -0.1463163 0.1175730 0.4274908 0.4521376 0.6727836 0.8053271 0.6811756 0.7379267 0.1829520 0.3199011 0.0995037 0.7936506 0.6815869 0.6928330 0.3815654 0.3801531 0.6937374 0.4389592 0.3098885 0.5129341 0.6967648 0.4940853 0.2909304 0.3434124 -0.0061079 0.1937058 0.3199920 0.0467233 -0.0306406 0.3264262 0.1106129 -0.0920413 -0.0945256 0.1029719 0.1307169 -0.0322006 -0.2484033 0.0004444 0.0355983 0.2315758 0.2848331 0.1748091 -0.2769823 -0.2068160
-0.0447079 0.3847898 -0.1409873 0.2628134 -0.3946975 0.0000000 0.7367919 0.1968474 0.5206212 0.4626137 0.2513227 0.5530737 0.0795570 0.4008020 0.5637362 0.1034462 0.4050582 0.4480162 0.1637504 0.0115330 0.2674385 0.1427447 0.0937365 0.5022346 0.1071255 -0.0853614 0.3201081 0.3277398 0.4232004 0.1573475 0.0598340 0.0744889 0.5098827 0.5449240 -0.1096834 0.1219519 -0.1734728 0.2968220 0.1252227 0.3507648 0.2321165 0.1604561 -0.0121221 0.5804540 0.2660474 0.1514766 0.0018011 0.2262881 0.8697585 0.4122165 0.0396582 0.0900781 0.6936134 0.1741794 0.0918678 0.2642349 -0.0265365 -0.0160861 0.3805631 0.0388999 0.4440545 -0.0191701 -0.0798926 0.3754631 0.4702539 -0.0755653 0.0000981 -0.1531888 0.1998478 -0.1450445 0.0132753 0.5746436 0.3054932 0.2510949 -0.0336764 0.0196435 0.5238681 0.1448461 0.2552929 0.3767524 0.3103004 0.2407255 0.2703519 0.2246989 0.3467882 0.1560885 0.4981155 0.1810042 0.1376727 -0.1113275 0.1965103 0.4634758 0.3916563 0.2945260 0.4098740 0.4344142 0.3280181 0.5001785 0.4693026 0.0078916 0.0732580 0.3676375 0.1958123 0.1395158 0.1827368 0.4735702 0.2452512 0.2311112 0.0693053 0.3971801 0.0932514 0.0343814 0.3302044 0.3792727 0.2527962 0.3090123 0.4282434 0.3303960 0.5215361 0.2937849 0.3132570 0.3655613 0.0531906 0.0939359 0.3593506 0.2023901 0.2919231 0.0153727 0.2684082 0.2886295 0.5539402 0.1462343 0.2672539 -0.1286554 0.2969955 0.0469105 0.4386943 0.3686755 0.6423228 0.0908917 0.1127035 0.2971614 0.2805836 0.1279712 0.1443597 0.0225359 0.5305408 0.3612437 0.2081469 0.1553582 0.0903601 -0.1506455 0.3830262 0.0376619 0.1438315 -0.2704683 0.0404531 0.1404402 0.0254222 0.0011630 0.0083386 0.1918942 -0.4738207 0.1826188 0.1615562 -0.2999516 -0.1604236 0.0698305 0.0800175 0.1897590 0.0368710 0.1022550 0.1643389 0.0568956 0.1792464 0.4874583 0.1900371 -0.1074399 -0.0151587 -0.3541603 -0.2738952 -0.1105502 0.3041291 0.3264531 0.2590799 -0.2296905 -0.1836010 -0.2735591 0.3338521 0.4389659 -0.0373171 0.2563374 0.0816910 -0.1367855 -0.1600647 -0.0723395 0.2860004 0.1496625 0.3386804 0.2535920 -0.0683745 -0.3053518 0.2079353 0.1763639 0.0972422 0.4807099 0.0936253 0.4423170 -0.0867326 0.0695430 0.3009013 0.7200707 0.3541250 0.3568948 0.4195123 0.3614901 0.4099829 0.4781027
0.1049482 0.5357070 -0.1324768 0.1271059 0.0615390 0.7367919 0.0000000 0.0664411 0.5304815 0.5118415 -0.0174812 0.7981501 -0.1127967 0.4614689 0.6553247 -0.0355835 0.1316509 0.5552786 0.0084869 -0.0366385 0.5764577 0.0067053 -0.0988302 0.6208859 -0.1386517 -0.3140572 0.0696477 0.4220918 0.5530889 0.1366804 -0.0912808 -0.2985062 0.5900153 0.5012701 -0.3597603 0.4853321 -0.4286567 0.0127661 -0.1775874 0.1693278 0.1158655 0.3896635 -0.3042217 0.6084995 0.4516128 -0.1750684 -0.3351481 0.0116098 0.7508614 0.0700020 -0.2932834 -0.2248552 0.6874713 -0.1377102 0.0660208 -0.1199509 -0.3644128 -0.2563790 0.5214570 -0.2884439 0.5636565 -0.2887506 -0.1775516 0.2455278 0.6296174 -0.4678164 -0.3256097 -0.4062849 -0.0671000 -0.2893697 -0.4156373 0.4678375 0.0109319 0.2223634 -0.4333622 -0.2176733 0.4258238 -0.2221119 0.0229608 0.2125372 0.1727377 -0.0869343 0.0835365 0.1816696 0.5347331 0.0943443 0.3780015 -0.0167198 0.0151499 0.0719002 0.1768268 0.3714726 0.5286930 0.3916224 0.2862995 0.4436618 0.4639907 0.5596979 0.5173101 0.1019517 0.2390955 0.4472938 0.3000354 0.5113547 0.3432900 0.6423214 0.3256530 0.4377909 0.2104065 0.5877775 0.3548971 0.3210688 0.5838763 0.6480065 0.1558161 0.4469106 0.4656526 0.3809762 0.5246438 0.5785951 0.4958215 0.4620802 0.1724148 0.1534993 0.5619218 0.2878922 0.5375637 0.1716072 0.3861351 0.4536326 0.6010598 0.4029435 0.5917490 0.1473937 0.4446917 0.2240786 0.6641952 0.4612745 0.7198505 0.3873490 0.5448418 0.6304471 0.3582267 0.2020786 0.3555242 -0.0142859 0.7144228 0.6827886 0.4212471 0.5745719 0.4753699 -0.0103749 0.6037641 0.4213794 0.4551614 -0.1784544 0.3293411 0.5014402 0.1913649 0.3416238 0.3961560 0.5010875 -0.3905612 0.3877170 0.4933704 -0.1138132 0.0802187 0.3425712 0.3557658 0.4420105 0.3351267 0.3385658 0.4547743 0.2288773 0.4797590 0.7653374 0.5818994 0.4152336 0.3406227 0.0835082 0.3088850 0.2410019 0.5458829 0.5588564 0.3200885 -0.0134334 -0.0331387 -0.1464370 0.4528508 0.5577139 0.3282031 0.4699080 0.3337678 0.1860116 0.1061197 0.1754613 0.4642700 0.3183989 0.4772432 0.4654399 0.1545072 -0.3969014 -0.0097489 0.2638405 0.3203697 0.6716405 0.2024915 0.4641837 0.0915174 0.2142773 0.0188329 0.8098356 0.5395501 0.5083449 0.5840178 0.2225461 0.3963493 0.4354256
0.0472530 0.4472267 0.5500989 0.7381471 0.0191166 0.1968474 0.0664411 0.0000000 -0.3528792 -0.3879832 0.8188117 -0.1027896 0.7898303 -0.5027549 -0.3621041 0.8676292 0.5610556 -0.5322288 0.8921284 0.0640013 0.1137085 0.6298646 0.8168712 -0.5608451 0.7615930 0.6223498 0.3117530 -0.6620231 -0.0315391 -0.5250412 0.5108386 0.2144743 -0.5334316 0.4632626 0.5114341 0.2503744 0.4193734 0.5544719 0.6234392 0.1258221 0.2093486 0.4491385 0.7007606 -0.4406103 0.6111215 0.4880861 0.5742224 0.0886546 0.0808043 0.4884759 0.6115108 0.6060975 0.4304473 0.5317209 -0.1691179 0.4016884 0.5159237 0.6835958 0.3960657 0.5403878 0.5868253 0.4121850 -0.0253720 0.8402562 0.3497038 0.1743520 0.4731803 0.3948371 0.5300235 0.6779197 0.4889116 0.7687219 0.7113496 0.7205030 0.3455332 0.6894963 0.6514740 0.2756205 0.5838254 0.7322069 0.1449018 0.2670785 0.0229994 0.2197609 0.0623989 -0.0600632 -0.0346056 -0.1445740 -0.0896902 -0.2600086 -0.1536391 0.0449590 0.0601878 -0.1107227 0.3149635 -0.0911573 -0.2247502 -0.0840244 0.4042306 0.3843084 0.0380974 0.0349697 -0.0490517 -0.0509688 -0.2022834 0.1057558 0.2032614 -0.0037369 -0.1585204 0.0652341 0.0701826 -0.0388317 -0.3618102 0.1413011 0.2593929 -0.2078336 0.2616122 0.3456104 0.2540848 0.2117779 0.1739361 0.2291530 -0.0391964 0.6164078 0.2219606 -0.1222666 0.1976928 -0.2819108 0.1276839 0.2132105 0.2845939 -0.0022393 0.0170184 0.3440051 -0.1026778 -0.1794745 0.0982538 0.1423563 0.0880233 -0.3809840 -0.0944514 0.0415201 0.1026660 0.4263485 0.4604741 0.3425475 0.2089109 0.1117013 0.1009551 -0.1050104 -0.2986983 0.4770350 0.1374705 -0.0929047 -0.2101196 0.0853449 0.3018041 0.0755117 0.4680712 0.0155680 -0.1173592 0.0191662 -0.1559229 0.3704587 0.0088013 0.0533599 0.2180939 0.3139020 0.4042455 0.0981100 0.1714922 0.2810087 0.3164621 0.2300756 0.1241141 0.5148478 0.3635168 0.0123480 0.4074432 0.3956067 0.2326832 0.4517995 0.2682093 0.2178269 0.2885985 0.3617077 0.3591158 -0.0210781 0.5375857 0.4364865 0.3278523 0.5694811 0.5493169 0.3880603 0.2912072 0.4645381 0.3752185 0.6961265 0.2261811 -0.0802894 0.1390655 -0.0350936 0.1114279 0.0470259 -0.3198687 -0.2043897 -0.2653952 0.1564965 -0.1281678 -0.3150930 0.0281591 0.0116932 -0.4919654 0.1496273 0.2147593 0.1985447 -0.0771703 0.2571279
-0.1034445 0.4230720 -0.2115781 -0.1638650 -0.1477866 0.5206212 0.5304815 -0.3528792 0.0000000 0.8892163 -0.4132770 0.7805417 -0.4466680 0.8435313 0.9178218 -0.5826271 -0.2020940 0.8919237 -0.4741486 0.0276031 0.5300458 -0.1907453 -0.6004582 0.8902294 -0.4899297 -0.5698716 -0.1224279 0.8155390 0.4863063 0.5495857 -0.2122043 -0.2821221 0.8696517 0.1739336 -0.5894157 0.2614032 -0.5978620 -0.2879276 -0.4210301 0.0574642 0.0712873 -0.1289854 -0.5855869 0.7318109 -0.1305010 -0.4243043 -0.5704821 0.0313523 0.5232666 -0.1927936 -0.5329512 -0.4706742 0.4517497 -0.3996524 0.0093383 -0.2477138 -0.4718507 -0.7317906 -0.0233930 -0.5072555 0.0386641 -0.4662744 -0.0044479 -0.2526108 0.4359790 -0.2068107 -0.5095457 -0.4465342 -0.0990755 -0.7406773 -0.2689821 0.0270594 -0.3009468 -0.1564149 -0.2940690 -0.3244159 0.2057994 -0.0081868 -0.0426621 0.1306050 0.3075739 -0.1375021 0.0285075 -0.0053986 0.3183827 0.1377675 0.4335322 0.0690823 0.0482444 -0.0026303 0.2035860 0.1082017 0.3304008 0.2492333 -0.0741222 0.2938256 0.3924222 0.3644132 0.0209376 -0.1192806 0.0644466 0.2133328 0.1142552 0.2639264 0.2431490 0.2907742 -0.0387003 0.0809040 -0.0638321 0.0430948 -0.1369756 -0.2063774 0.4744218 0.1989853 -0.2543609 0.3872204 0.0144227 -0.0674465 0.2720669 0.1914081 0.1353492 0.1605370 -0.0216019 -0.1843058 0.2513913 0.2502790 0.2706805 0.2559628 0.1021219 0.1795728 0.2223205 0.3515286 0.4013003 -0.0340277 0.4669367 0.1264520 0.3268282 0.1131504 0.5558589 0.3024626 0.4367919 0.3657354 0.3639421 -0.0248530 -0.0075838 -0.2232071 0.4008149 0.5044311 0.5410610 0.4499719 0.4579350 -0.3362413 0.4142798 0.4191955 0.4381743 -0.3181787 0.1775261 0.2764291 0.0954983 0.1096523 0.3649082 0.3858897 -0.3079424 0.1183304 0.3780515 -0.0548869 -0.0473794 0.3382531 0.1944831 0.3710129 0.3031287 0.3857582 0.0755527 0.2858163 0.4021099 0.2446517 0.3663967 0.1615464 0.1600467 -0.2090456 -0.1019805 -0.2987373 0.0222570 0.0772539 -0.0396705 -0.3105895 -0.4517876 -0.1671642 0.0751286 0.2429324 0.1504459 0.0915301 0.0440530 0.1728975 0.1282405 0.1477679 0.4790631 0.0507559 0.3978757 0.4523113 -0.0559005 -0.3863392 0.0090217 0.1251101 0.6715949 0.6627699 0.3059858 0.5498101 0.1184890 -0.0007320 -0.0033084 0.4816193 0.7637398 0.2588790 0.5606181 -0.0471095 0.3869208 0.2592203
-0.0242597 0.1753024 -0.2078956 -0.2882141 -0.2087176 0.4626137 0.5118415 -0.3879832 0.8892163 0.0000000 -0.4857974 0.6640683 -0.4346305 0.9480923 0.7900593 -0.6410885 -0.0411727 0.8755110 -0.6330835 -0.0771058 0.3823039 -0.2770924 -0.5893142 0.8748976 -0.6716818 -0.6044617 -0.3023852 0.8919902 0.2060862 0.7040565 -0.3780224 -0.4255019 0.8430046 -0.0838936 -0.6001995 0.0955702 -0.6495747 -0.4773190 -0.3309729 0.2271862 -0.0474033 -0.3509606 -0.6157420 0.8274184 -0.3340581 -0.5637657 -0.6112194 -0.1260413 0.5357522 -0.3108010 -0.5210690 -0.4595882 0.3134967 -0.3083034 -0.1986275 -0.4567599 -0.6026616 -0.7496832 -0.0571685 -0.4713997 -0.1259163 -0.4360981 -0.1751327 -0.2852004 0.3096113 -0.4219551 -0.5431404 -0.4841172 -0.4197735 -0.7397619 -0.4305823 -0.0075464 -0.4342593 -0.3150702 -0.4369818 -0.4865770 0.0357577 -0.1068501 -0.1960983 0.0524666 0.2471364 -0.2532198 -0.1314056 -0.1647990 0.1242351 -0.0268515 0.3036860 0.0806556 -0.0791956 -0.1266606 0.2492150 0.0988065 0.4636513 0.1067637 -0.0701238 0.3062323 0.2643138 0.3487738 0.0338171 -0.3154654 -0.0896498 0.1220488 -0.0581558 0.1455968 0.1365207 0.2597423 -0.1605836 -0.0690038 -0.0632607 -0.0487408 -0.1548009 -0.1616861 0.3366906 0.1075626 -0.3990838 0.2722695 -0.0215995 -0.2023017 0.1155889 0.0306327 -0.0514768 0.1072656 -0.2011128 -0.2656233 0.1293804 0.1741624 0.1019105 0.0931127 0.0320845 -0.0475489 0.0032784 0.0842819 0.2528086 -0.2429703 0.2567966 0.0051249 0.1250633 0.0350613 0.3976746 0.2794688 0.3099560 0.2843178 0.0177159 -0.0236201 -0.1471326 -0.3719880 0.2571960 0.4388015 0.3840056 0.3384210 0.3527609 -0.2439087 0.2286758 0.2388039 0.2733889 -0.2370660 -0.0735727 0.0793679 -0.1891401 -0.0462954 0.1975587 0.1550469 -0.4487848 -0.0925614 0.1612194 -0.1903298 -0.3386940 0.1830267 0.0408492 0.1528416 0.0770780 0.2150151 0.1242088 0.3397308 0.3944136 0.2442639 0.3496641 0.2516455 0.0698384 -0.2830613 -0.1292782 -0.2921741 -0.0224980 0.0442343 -0.0145450 -0.3954466 -0.5372855 -0.2946657 -0.0098344 0.1604162 0.0531304 0.1210006 0.1437207 0.1754927 0.0439692 0.1064579 0.2902354 0.0315591 0.4549525 0.3543641 0.0936069 -0.3247533 0.0079593 0.0738918 0.5270027 0.6036891 0.1964994 0.3343401 0.3414128 0.2066278 0.0143453 0.4522467 0.7046021 0.0772233 0.3502808 -0.2796145 0.3727522 0.1920833
0.0590776 0.3234235 0.4478195 0.7496377 -0.0875055 0.2513227 -0.0174812 0.8188117 -0.4132770 -0.4857974 0.0000000 -0.1873948 0.6616462 -0.5618837 -0.3515328 0.8912923 0.6126266 -0.5647670 0.8604104 0.2704234 0.0277679 0.7261905 0.8818074 -0.6065620 0.8523240 0.7574937 0.5208715 -0.6779832 0.0414315 -0.4289619 0.6882381 0.5486040 -0.5720210 0.4393654 0.7532200 0.1831874 0.6475838 0.7567250 0.7576828 0.2373819 0.3341652 0.4207804 0.8616791 -0.4375731 0.5692459 0.6799957 0.6721933 0.2358024 0.1243994 0.6428134 0.7096866 0.7329754 0.3909692 0.5934171 -0.0052649 0.6073226 0.6888983 0.7858488 0.1729788 0.7240632 0.5432292 0.5770679 0.1358315 0.8951375 0.2962061 0.3990980 0.6883762 0.4324467 0.6198318 0.8136982 0.6180377 0.7116512 0.7756654 0.6713096 0.6399603 0.8052800 0.5301954 0.4869227 0.7156233 0.6466520 0.2221857 0.2024406 0.0463514 0.2988215 -0.0274085 0.2187906 0.1811709 -0.1622437 0.1742589 -0.1157816 0.1379344 0.3357068 0.1408341 -0.0868858 0.4989659 0.0955541 0.0265022 0.1654150 0.5087818 0.1446784 0.1945503 0.2659292 0.0217257 -0.0779115 0.1064568 0.2378867 0.2775599 0.1060515 0.1338514 0.1048004 0.2652011 0.0357846 -0.2554892 0.1717448 0.4289949 -0.0951516 0.3741394 0.4250772 0.2862608 0.2557243 0.2275908 0.2665799 0.1435337 0.3188566 0.1307110 -0.0053521 0.1960172 -0.1254949 0.1239375 0.2238953 0.3531449 -0.0024024 -0.0293716 0.1776840 -0.0700190 0.0068737 0.1629829 0.3473765 0.1005707 -0.1897428 -0.1454236 0.0827923 0.0579607 0.2720674 0.3200451 0.2332022 0.1892291 -0.0873827 -0.1785337 -0.0829806 -0.2169398 0.3267320 0.1522009 -0.2055798 -0.2464942 0.1325027 0.1514013 0.0285727 0.2514948 0.0455613 -0.2928204 0.0102690 0.0544984 0.3299797 -0.0743922 0.1665311 0.1607413 -0.0359258 0.1624762 0.0299663 -0.0843412 -0.0469327 0.0207781 0.0399634 -0.0521706 0.2332819 0.1044269 -0.1168655 0.2609145 0.2616216 0.0483362 0.3091188 0.1288489 0.0859539 0.1038190 0.3622370 0.3365068 0.0614136 0.3522486 0.2943671 0.1497932 0.3101695 0.2477969 0.0322641 0.0819223 0.1578852 0.1485332 0.3625963 0.0757729 -0.0324274 0.0396920 0.0291738 0.1600454 0.1655308 -0.3711064 -0.2722053 -0.0920620 0.2043489 -0.1647130 -0.3209569 0.2649195 0.0984919 -0.4262012 0.1506457 0.1369894 0.3043695 -0.1090869 0.1862492
0.1049931 0.6485278 -0.0926585 0.0854540 0.2095582 0.5530737 0.7981501 -0.1027896 0.7805417 0.6640683 -0.1873948 0.0000000 -0.2869513 0.5978570 0.8304465 -0.2700672 -0.1389743 0.7432009 -0.1687512 0.0397447 0.8682268 -0.1133415 -0.3920394 0.7464446 -0.2736653 -0.4918982 -0.0160844 0.5572617 0.6684357 0.2502999 -0.1160641 -0.3582537 0.6985102 0.4627128 -0.5727144 0.6878617 -0.5553751 -0.1509219 -0.3653323 0.0163748 0.1649144 0.3336117 -0.5077519 0.6062279 0.3740175 -0.4097367 -0.5574959 0.0755936 0.6293678 -0.0462111 -0.5551450 -0.4396031 0.7143018 -0.4169360 0.0184019 -0.2797729 -0.4745870 -0.5788776 0.3380737 -0.5545488 0.5074391 -0.5133109 -0.0254199 0.0191967 0.7637901 -0.3980811 -0.5833056 -0.5135460 0.0063970 -0.5912104 -0.4756972 0.3071531 -0.2417633 0.2212188 -0.4415468 -0.3310912 0.4785057 -0.2324846 -0.0735677 0.1899563 0.1339691 -0.2130083 -0.1434933 -0.0567869 0.3816429 -0.0277417 0.3319180 -0.1820995 -0.1789274 -0.0591369 -0.0272035 0.0581774 0.3320839 0.2531543 -0.0286642 0.2233296 0.3575973 0.4052831 0.1147523 0.0857921 0.0932368 0.2573725 0.1064116 0.4732818 0.2018594 0.4067678 -0.0013644 0.2588932 -0.0921025 0.2661248 0.0396170 -0.1163563 0.5497690 0.4894646 -0.1698664 0.4612963 0.1754181 0.1238660 0.4351883 0.4264728 0.3122237 0.3093201 -0.0456771 0.1287336 0.4552488 0.2540658 0.4626170 0.1416095 0.1740201 0.4019940 0.4061712 0.4076772 0.5366466 0.3146238 0.4013388 0.0612190 0.5361515 0.2376633 0.6680108 0.3718920 0.5570562 0.5761030 0.3675192 0.3756150 0.3011370 -0.0706050 0.6097588 0.6850154 0.5356301 0.6687033 0.6080064 0.0796752 0.5914749 0.5390876 0.5126783 -0.0556495 0.3500095 0.5425830 0.2920325 0.3013571 0.4993421 0.5253926 -0.2187967 0.2694681 0.5477952 0.1698057 0.2079943 0.4117107 0.3735253 0.4482457 0.4331570 0.4451435 0.2266481 0.3353121 0.5124414 0.6101739 0.6998599 0.4200766 0.5416300 0.1361168 0.2114648 0.1452390 0.3814187 0.3914059 0.2339204 0.0506752 -0.0152423 0.0685389 0.5143287 0.6381684 0.4140989 0.5127322 0.3819293 0.3503290 0.2831405 0.3875428 0.6856166 0.3623085 0.4834487 0.5578419 0.0561629 -0.4203992 -0.0433211 0.2766157 0.5842133 0.7035987 0.2108135 0.5722734 0.0818555 0.0199510 -0.1751649 0.6259497 0.7154074 0.5753234 0.7940329 0.1615124 0.1898270 0.3143447
0.1698837 0.2458737 0.6916932 0.4501633 0.0821014 0.0795570 -0.1127967 0.7898303 -0.4466680 -0.4346305 0.6616462 -0.2869513 0.0000000 -0.4545040 -0.3962033 0.7419201 0.6136655 -0.4904314 0.6898618 0.2252430 -0.0182327 0.6610772 0.7773333 -0.5649909 0.6423803 0.7096628 0.3710067 -0.5331928 -0.2036847 -0.3790149 0.5565795 0.4211666 -0.5228881 0.2059632 0.6216841 -0.0505822 0.5820024 0.5921942 0.6893161 0.3562434 0.4044533 0.1455837 0.7058728 -0.3399629 0.4224303 0.5614581 0.5622149 0.2414210 0.0414992 0.5853179 0.6581795 0.7186568 0.2672627 0.6530757 -0.2270266 0.3104326 0.4785095 0.5896490 0.1334917 0.5972932 0.4531632 0.5102430 0.1122568 0.7045650 0.2747990 0.0627729 0.4969365 0.3218619 0.3808148 0.6408768 0.3518830 0.6449292 0.5161093 0.6649043 0.2477658 0.6228500 0.6193368 0.0806521 0.3240251 0.4620047 -0.1154993 0.4306161 0.1136370 0.0118272 -0.1188283 -0.2269147 -0.0217861 -0.2998080 -0.1900627 -0.4288397 -0.1060484 0.1778372 -0.0548877 -0.1709254 0.1938447 -0.2511398 -0.4567504 -0.3666883 0.3069907 0.2567719 0.0183659 -0.1829638 -0.2704894 -0.1688347 -0.3503854 -0.2524033 -0.0269066 -0.2314274 -0.0735513 -0.1542734 -0.0218832 -0.0598581 -0.5993895 -0.2391902 0.1473111 -0.3277498 0.1440715 0.1869370 0.1572643 0.0586836 -0.0192476 -0.0054453 -0.1176912 0.3290777 -0.2705921 -0.0318863 -0.2221383 -0.3585462 -0.1171555 -0.1656703 -0.0854934 -0.2986829 -0.2959014 0.2137231 -0.1466423 -0.3533379 -0.1174284 -0.0218653 -0.0077219 -0.3675612 -0.3541918 -0.1979324 -0.0375626 0.4666173 0.2379859 0.0378267 -0.0672687 -0.1184209 -0.1951175 -0.3420222 -0.4216692 0.3313438 -0.1878744 -0.4393612 -0.4093721 -0.1412188 -0.0115154 -0.2110091 0.1228078 -0.0580529 -0.4317593 -0.3005071 -0.3433963 0.0759261 -0.3016096 -0.1156327 -0.0865070 -0.0080444 -0.0566179 -0.2650995 -0.1232675 -0.0278706 0.2692646 -0.0105023 -0.1120444 0.1448764 0.1233753 -0.0239978 0.2366233 0.2371956 0.1406414 0.2775082 0.0221369 0.0954730 0.0614922 0.4613638 0.4632683 0.1821579 0.4664730 0.4316979 0.1283855 0.5458518 0.2886218 0.2084448 0.1673037 0.1714154 0.0820007 0.4572958 -0.0596162 -0.2914989 0.0863915 0.1829147 0.1559761 0.0095734 -0.4534819 -0.6332253 -0.2878849 0.2190503 -0.0036725 -0.1446975 0.1502968 -0.0335620 -0.4856033 0.0386551 0.1127310 0.2359906 0.0296579 0.2143927
-0.0093860 0.1104968 -0.2517877 -0.4327241 -0.2532752 0.4008020 0.4614689 -0.5027549 0.8435313 0.9480923 -0.5618837 0.5978570 -0.4545040 0.0000000 0.7800341 -0.7165117 -0.0387238 0.8872682 -0.7293909 -0.0315489 0.2929896 -0.2876029 -0.6321745 0.8719979 -0.7433908 -0.6013193 -0.1989216 0.9412216 0.1171479 0.8230328 -0.3435172 -0.3792305 0.8502358 -0.2447293 -0.5658874 0.0048935 -0.6090507 -0.4519956 -0.2889204 0.3308005 0.0381844 -0.4204299 -0.6050875 0.8993835 -0.4205610 -0.5327722 -0.5930589 -0.0218288 0.5336926 -0.3102428 -0.5141412 -0.4166376 0.1971271 -0.2595741 -0.1548102 -0.4205680 -0.5986816 -0.7533147 -0.1221236 -0.4527937 -0.2447813 -0.3742901 -0.1022590 -0.3541481 0.2256882 -0.4189433 -0.5248162 -0.4793111 -0.4460735 -0.7659113 -0.4510388 -0.1212533 -0.4949188 -0.3763930 -0.4402041 -0.5084840 -0.0274368 -0.1359399 -0.2524912 -0.0232178 0.2007885 -0.1906388 -0.0814915 -0.1342813 0.1024131 0.0072047 0.2157523 0.1197768 -0.0329755 0.0128698 0.2432119 0.1725199 0.4540681 0.2094810 -0.0434866 0.3301438 0.2719494 0.2788713 -0.0036849 -0.2763543 -0.0489939 0.0630227 -0.0497443 0.2009537 0.1435064 0.2105977 -0.1454638 -0.0664440 -0.0376322 -0.0611955 -0.1652170 -0.1610757 0.3191507 0.0288666 -0.4335377 0.2229900 -0.1060834 -0.2588582 0.0340837 -0.0319445 -0.1236404 -0.0405996 -0.2382362 -0.3118309 0.0209340 0.1407192 -0.0356996 0.0648277 0.0075034 -0.1438692 -0.0545362 0.0246114 0.1762054 -0.2839020 0.2246275 -0.0207584 0.0970674 0.0359644 0.4211595 0.2748075 0.2468342 0.2586391 -0.0218266 -0.0558660 -0.1757212 -0.3972689 0.2401576 0.4233231 0.3006406 0.2790663 0.3075355 -0.2761516 0.1918562 0.1725294 0.2763443 -0.2399237 -0.1256134 0.0398882 -0.2776261 -0.1161631 0.1060334 0.0755518 -0.5037719 -0.1513897 0.0867458 -0.2671255 -0.3730190 0.1240083 -0.0449240 0.0781353 0.0098855 0.1343996 0.0196006 0.3213421 0.4277677 0.1687913 0.2467556 0.2056678 -0.0570399 -0.3732481 -0.1690477 -0.3958657 -0.0460972 0.0127471 -0.0211059 -0.4601199 -0.5594790 -0.2637997 -0.0929397 0.0621579 -0.0843712 0.0356999 0.0377728 0.0480596 -0.0898011 -0.0422160 0.1395137 -0.0943396 0.3869977 0.2761417 0.1283249 -0.1697769 0.0084709 0.0760850 0.5679568 0.5121648 0.3400845 0.3650964 0.4105432 0.3635961 0.0901583 0.3779565 0.7236662 -0.0056813 0.2786473 -0.2858127 0.4737536 0.2799537
0.0608819 0.4817773 -0.1892425 -0.1647508 -0.0258041 0.5637362 0.6553247 -0.3621041 0.9178218 0.7900593 -0.3515328 0.8304465 -0.3962033 0.7800341 0.0000000 -0.5202331 -0.2538688 0.9260416 -0.4307165 -0.0722631 0.6106893 -0.2205988 -0.5467582 0.9083976 -0.4829253 -0.5218403 0.0873304 0.8262325 0.6677211 0.5288192 -0.2127059 -0.2553197 0.8826453 0.2451077 -0.5029352 0.3725800 -0.5429102 -0.2134134 -0.4488496 0.0928026 0.1096124 0.0583485 -0.5727771 0.7991427 0.0447647 -0.3028610 -0.5840214 0.0596095 0.5686071 -0.0740178 -0.5267619 -0.4594468 0.4805557 -0.4014696 0.0282126 -0.1730119 -0.4849175 -0.7013006 0.0631399 -0.4913677 0.1706727 -0.4823899 -0.0484223 -0.2025479 0.4797373 -0.3064094 -0.4897183 -0.6144160 -0.0515723 -0.7016093 -0.3888666 0.0860571 -0.3438107 -0.0854125 -0.3234407 -0.3401134 0.2611136 -0.1086430 -0.0615057 0.0765628 0.2457963 -0.0592742 0.1220788 0.1109906 0.4169651 0.1996017 0.5614913 0.0190044 0.1198677 0.1723242 0.2608275 0.2816902 0.4344479 0.3638983 -0.0182535 0.3483286 0.5153392 0.4563174 0.1653909 -0.0675888 0.2624597 0.3179761 0.2257074 0.4867427 0.3833321 0.4070211 0.1218558 0.3114941 0.1398800 0.2155812 0.1225036 -0.0015351 0.6000190 0.3140165 -0.1582122 0.4133776 0.0954893 0.0409521 0.3155558 0.4156820 0.2573174 0.1524428 0.1443360 -0.1459116 0.3737304 0.4144833 0.3030961 0.3855759 0.2814402 0.2872530 0.3646768 0.4901014 0.4953721 0.1146390 0.6431114 0.2800670 0.5431082 0.3561442 0.7286866 0.5458867 0.5935766 0.5742782 0.4990237 0.0612494 0.1877232 -0.2377645 0.6100425 0.6711545 0.5728839 0.6509736 0.6691071 -0.3101828 0.6016179 0.5147265 0.6188187 -0.3260723 0.3290014 0.4804425 0.1458178 0.3366772 0.4533988 0.5588670 -0.3086429 0.3155168 0.5314295 -0.0274617 0.0613287 0.3701490 0.2577678 0.5014495 0.3731867 0.4091315 0.1712404 0.2956393 0.4418465 0.3200284 0.4029667 0.3078527 0.2248754 -0.1191570 0.0319981 -0.1639965 0.1384464 0.2250705 -0.0351349 -0.2227639 -0.3838719 -0.1157740 0.1156106 0.3292882 0.2447373 0.2087522 0.0799934 0.1107138 0.1515887 0.1092698 0.4404623 0.0400961 0.3687951 0.5592221 -0.0886048 -0.4584610 -0.0250637 0.1536577 0.6463632 0.6673994 0.4931359 0.6237913 0.0876959 0.0712222 0.0364016 0.6679339 0.8053408 0.3722816 0.5957475 0.0585597 0.4607130 0.3498900
0.1204028 0.2664591 0.4142310 0.6570183 0.0954024 0.1034462 -0.0355835 0.8676292 -0.5826271 -0.6410885 0.8912923 -0.2700672 0.7419201 -0.7165117 -0.5202331 0.0000000 0.5895676 -0.6934760 0.9160771 0.2651692 -0.0087440 0.6482400 0.9426818 -0.7234775 0.8720881 0.7935663 0.4854536 -0.8191532 -0.0004343 -0.6524859 0.6384992 0.5092578 -0.6901329 0.4941959 0.7051996 0.1970082 0.6190902 0.7030508 0.6685154 0.1357063 0.2884500 0.5074189 0.8448384 -0.5683102 0.6600266 0.6536206 0.6888804 0.2722480 0.0001593 0.6131107 0.7038347 0.7096089 0.3166901 0.6311855 0.0973148 0.5553042 0.6297648 0.8896885 0.3210940 0.6383231 0.5271906 0.5640091 0.1142635 0.8056353 0.1900455 0.3334230 0.6320907 0.5537989 0.5560218 0.8670450 0.5141638 0.5825230 0.7800271 0.6508095 0.4226683 0.7220474 0.4512863 0.2544242 0.5032862 0.4719559 -0.0051357 0.2746333 0.0939944 0.2648116 -0.0262151 0.1186007 0.0268295 -0.0893298 0.1205969 -0.1645979 -0.0020307 0.2008835 -0.0601314 -0.0888958 0.4806360 -0.0050180 -0.1203075 -0.0504512 0.4602343 0.3793936 0.1272086 0.1573491 0.0683026 -0.0760031 -0.0395214 0.1509601 0.3150706 0.1086757 0.0380220 0.1547033 0.2520360 0.0918872 -0.2709642 0.2241271 0.4840966 -0.0364433 0.4377506 0.5077683 0.3450777 0.2948233 0.3381233 0.3523691 0.1160605 0.5479366 0.0990088 -0.1151455 0.2076604 -0.1897588 0.0209247 0.1823102 0.2128353 -0.0349735 -0.0829393 0.3142684 -0.1559709 -0.0816371 0.0531030 0.1553735 -0.1036685 -0.3395936 -0.2230818 -0.0639516 0.0913525 0.2572249 0.3627433 0.4003106 0.0480150 -0.1561426 -0.1404551 -0.1938560 -0.3456196 0.4468418 0.0591832 -0.2153438 -0.3351322 0.2297680 0.1993097 -0.0225234 0.3655833 0.0011373 -0.1954816 -0.0283124 0.1381700 0.2665621 -0.0397512 0.1016050 0.2605995 0.0609586 0.2163526 0.0054504 0.0158348 0.0461913 0.1670298 0.0711432 -0.0584175 0.2760957 0.1395760 -0.0852752 0.2862757 0.3937535 0.2232953 0.4867259 0.2564166 0.1982142 0.2737374 0.4469912 0.5328757 0.2356926 0.3453750 0.2433178 0.2401567 0.3608075 0.3078661 0.1634338 0.1757534 0.2188219 0.0823542 0.3967682 -0.0123485 -0.2164279 0.1567681 0.1610016 0.2967078 0.2234883 -0.4408162 -0.3529224 -0.2613101 0.0524292 -0.1353832 -0.2214652 0.2405899 -0.0571605 -0.4844950 0.0640460 -0.0139135 0.4120928 -0.0952422 0.2492164
0.1117876 0.0025230 0.2603393 0.2590332 -0.2598090 0.4050582 0.1316509 0.5610556 -0.2020940 -0.0411727 0.6126266 -0.1389743 0.6136655 -0.0387238 -0.2538688 0.5895676 0.0000000 -0.2653672 0.3938154 0.3785102 -0.1260612 0.6305344 0.7295189 -0.3230492 0.4692202 0.6478343 0.3759957 -0.2442532 -0.3232495 0.0813105 0.4470433 0.5112671 -0.2814303 0.0865517 0.5837559 -0.1271249 0.4641336 0.5113700 0.8395377 0.7333822 0.3510549 -0.0457285 0.6799729 0.0575442 0.1581822 0.4656466 0.5800551 0.3457558 0.4089507 0.5236448 0.6714282 0.7406896 0.3106905 0.8383811 -0.0004802 0.3625402 0.4071330 0.5409748 0.1607881 0.6546606 0.2274017 0.6957998 0.1750803 0.6523435 0.2133617 0.1199128 0.5645695 0.5050915 0.1612793 0.5322369 0.3830153 0.5071867 0.6237819 0.4305884 0.2910009 0.4592471 0.3661600 0.3678371 0.4033917 0.5227998 0.2337962 0.2114320 0.0551495 0.0900223 -0.1311213 0.0815207 0.1000172 -0.0713514 0.1270902 -0.3312424 0.2487900 0.4217965 0.2074989 -0.1167349 0.6254645 0.2926898 -0.0673062 0.0419919 0.4602207 0.0124993 -0.0813696 0.1249470 -0.1615119 -0.2837180 -0.0173936 0.1898913 0.1020898 -0.1980770 0.0711694 -0.0259914 0.0720273 0.0012501 -0.3392266 -0.0394752 0.1761209 -0.0265911 0.3489659 0.1990278 0.2705510 -0.0522420 0.0007137 0.2429693 -0.1679958 0.1389211 -0.2701410 -0.0668064 -0.1075549 -0.2994562 -0.1640947 -0.2998835 -0.0980997 -0.4444425 -0.3868911 -0.1596002 -0.4108199 -0.2470416 -0.2271602 0.0300298 -0.0836935 -0.3288402 -0.4721822 -0.1672410 -0.3687381 0.2480234 0.0545704 0.0072932 -0.0935687 -0.2492722 -0.4181198 -0.4280813 -0.4894317 0.3429471 -0.1759702 -0.5388421 -0.6376298 0.1245892 -0.3837080 -0.3634209 -0.2535760 -0.3563942 -0.6109624 -0.4526577 -0.3091144 -0.2032757 -0.4658520 -0.1884987 -0.3620314 -0.2905495 -0.2406716 -0.3796203 -0.4444718 -0.3274775 -0.0030920 0.0896226 -0.0126554 0.1937777 0.0461439 -0.1626502 -0.0193892 -0.0560814 -0.0795187 0.1234619 0.1153989 0.1262197 0.2904280 0.1597042 0.2329310 0.0885038 0.2614179 0.1765750 -0.1266567 0.2842555 0.2484725 0.0101732 -0.0914042 -0.0098075 -0.1407577 0.2587975 0.3011148 -0.2491484 0.5075721 0.3684650 0.4451529 0.3144773 -0.3431314 -0.2496305 -0.2809203 0.1468380 0.4112349 0.3110802 0.5194260 0.1169806 -0.1719378 -0.1395646 -0.0312059 0.1670318 0.3237249 0.4795336
