0.0000000 0.5935191 0.6868816 0.1497991 0.6536834 -0.1907662 0.2072485 0.6497086 -0.3320406 -0.1912750 -0.1285388 -0.1693596 0.7889787 0.0436911 -0.1446217 -0.1090354 -0.2402666 -0.0159229 0.3140307 0.4589151 -0.1844970 0.4156504 -0.3102483 -0.3031415 0.3603020 0.4090836 -0.1062729 -0.0133996 -0.3122938 -0.0055382 0.6693060 0.4486588 -0.3127112 -0.4792243 -0.2310859 -0.0930786 0.0665445 0.2614653 -0.0987678 -0.0686987 0.2472434 0.1155448 -0.3188973 -0.1746010 0.0715297 0.3740311 0.1084966 0.1719790 -0.2182346 -0.0649110 -0.2034600 -0.2712062 -0.1553510 -0.3111217 0.0253404 -0.0172187 -0.1653301 -0.2531643 0.1668271 -0.4379000 0.5268905 -0.2597452 -0.2924392 -0.0138624 0.0067553 0.1212618 -0.3864610 -0.3262089 -0.2877172 -0.0067561 -0.2690492 -0.0434429 -0.4297604 -0.1909448 -0.1000606 -0.2630856 -0.1081365 0.0276139 -0.3366829 -0.1388749 -0.2540868 0.2108991 0.3449874 0.2359562 0.1238919 0.1206739 -0.1666350 0.4052603 0.0018323 0.2885066 0.0270432 0.1195488 0.1701239 0.1462021 -0.1791000 0.2011601 0.1421313 0.0792690 0.0906623 0.0629662 0.5930086 0.2508145 0.3656908 0.1924882 0.1930163 0.2223190 0.1722833 0.4503033 0.1796826 0.0138111 0.0583643 -0.0725187 0.1981793 0.3711446 -0.1073609 0.1430052 0.1019728 0.0017933 0.0274762 0.1901704 0.3684069 0.4071959 0.4258933 0.4352782 0.4485803 0.1491572 0.3722354 0.2536549 0.1763302 0.4388163 0.4682105 0.3009424 0.4144336 -0.0052577 0.2522434 0.3290043 0.2811906 0.2989737 0.2981925 -0.4395422 0.3022320 0.0470118 0.2146333 -0.0946988 0.3113663 0.2191506 0.3163664 0.2968744 0.2777759 0.1169070 -0.2423372 0.0520119 0.2529135 0.2919490 0.3294074 0.0154609 0.2381889 0.3229916 0.2579822 -0.1428218 0.4099366 0.2087583 0.2413249 0.0284094 0.3536067 0.2986700 0.3386876 0.4178164 0.3418072 0.1818423 0.3825683 0.3455776 0.5196412 0.6493748 0.1786640 0.0809017 0.1118061 0.1015889 -0.1178453 -0.0136153 0.0211297 -0.1043001 0.0946495 0.0105158 0.1296745 0.3109941 0.3316551 0.0681517 0.0746151 0.2886470 -0.0826004 0.0220511 -0.2238847 0.0677742 -0.0047254 -0.1113345 0.0946941 -0.2168299 -0.2412152 0.0748937 0.2884525 0.0892946 -0.0020860 -0.1655582 0.3880488 -0.2441009 -0.2376529 -0.1674538 0.2799950 -0.1194145 -0.0892600 -0.4266581 -0.0125070 -0.2155777 -0.2868466 0.2080701 -0.0545538 -0.2860465
0.5935191 0.0000000 0.7970971 0.4992441 0.7366155 0.3214539 0.5298641 0.5171645 0.2553453 0.2475535 0.3025809 0.3150177 0.6238339 0.4592525 0.2991701 -0.1035450 0.1648030 0.4262561 -0.1623101 0.2042183 -0.1560754 -0.0861697 -0.1449380 0.1482508 -0.1814050 0.0036282 -0.0179627 0.1040683 0.0218557 0.1280012 0.2436143 -0.1476287 -0.0082564 -0.0289204 -0.2115464 -0.3389977 -0.2032804 -0.1872836 0.0928926 0.1686361 -0.0601957 -0.0282120 -0.0576414 -0.0357506 0.1752676 -0.0906466 0.0529487 -0.0980585 0.0578841 -0.2211037 -0.0046555 0.0632859 -0.0340667 -0.0676690 -0.2685855 -0.2062227 -0.3740396 -0.0316596 -0.0519708 -0.2858485 0.2563553 -0.0490108 -0.2722090 0.0789594 0.3037957 -0.2808666 -0.4925380 -0.2692603 -0.3022050 -0.0215970 -0.5139246 -0.0479088 -0.4957775 0.0360504 -0.1289125 -0.2024941 0.0038257 -0.5043872 -0.3211555 0.0288401 -0.3443781 -0.1241448 -0.2154149 -0.2166876 -0.2261222 -0.2262384 -0.1774671 0.0697034 -0.3373063 -0.1668275 -0.1436664 -0.0395477 -0.1138840 -0.3594145 -0.4187964 -0.0386824 -0.0283818 -0.1313139 -0.3295594 -0.2054411 -0.0169867 0.0586162 0.1026630 -0.2698110 -0.0243521 -0.2102948 -0.1307817 0.2385591 -0.1259903 -0.2648254 -0.2986898 -0.4212000 0.3831978 0.3334660 -0.1461948 0.2453120 0.0363921 0.1110752 0.1409172 0.2398164 0.4661497 0.4214385 0.3414746 0.5755988 0.5686935 -0.2331457 0.3281701 0.1235912 -0.0959965 0.4041185 0.3492827 0.1067443 0.0783296 0.0470060 0.1169657 0.2022133 0.0945789 0.1407238 0.0600577 -0.2892630 0.0919093 0.0428323 0.0274286 -0.0133147 0.1260463 0.1705129 0.1158760 0.0664243 0.0728534 -0.0507522 -0.2237725 -0.0688450 0.0789392 0.0737323 0.1281364 0.0569912 0.1367415 0.1307261 0.1490757 -0.1847836 0.2171306 0.0848527 0.1756821 0.0234394 0.1538520 0.2502225 0.2070128 0.2453432 0.0660019 0.0845386 0.1706068 0.0938979 0.3138111 0.3418225 0.3467795 0.3911139 0.2676278 0.3723280 -0.1897969 -0.2085130 0.0803078 -0.1814431 -0.1493284 -0.2419876 -0.2016796 0.4851566 0.0842671 0.4641046 0.3625030 0.2359317 -0.0510875 0.0388152 -0.0302317 0.2570505 -0.1078596 -0.0940443 0.0949774 0.1254046 -0.0437238 -0.2308661 0.2409764 0.0607086 -0.0971058 -0.2180086 0.4035860 -0.1984598 -0.3298265 0.0564092 0.1822251 0.1211173 -0.1879170 -0.2073131 0.4307262 0.0373974 -0.1159804 0.1237426 0.1664052 -0.2117966
0.6868816 0.7970971 0.0000000 0.4185501 0.9256951 0.1372401 0.3613113 0.4909917 0.0211371 0.0463578 0.1881251 0.0706237 0.8475316 0.4944134 -0.0310786 -0.1901912 0.1408879 0.2714884 -0.3280621 0.1797140 -0.1587946 -0.0435516 0.0023081 0.0672790 -0.2145703 0.0363331 0.0748138 0.1958537 -0.1615189 0.2382532 0.4253242 -0.0580926 0.0411485 -0.1780334 -0.0265803 -0.1775454 -0.1381568 -0.1517021 0.1389826 0.2661248 0.0007645 -0.0950905 0.0694913 0.0563563 -0.0892234 -0.0046044 0.1258926 -0.0206247 0.0690017 -0.2643368 0.0197322 0.1262479 -0.1168103 -0.0085419 -0.1743336 -0.1237528 -0.2957836 0.0012253 0.0032740 -0.2940480 0.1637053 -0.0562936 -0.3095393 0.1032788 0.1494244 -0.1866919 -0.4766981 -0.3079186 -0.2468665 0.0169547 -0.5826025 -0.0344574 -0.5935913 -0.0528678 -0.0883700 -0.1846417 0.0401814 -0.4278503 -0.3191505 0.0674552 -0.2969927 0.0422034 0.1655956 0.0876507 0.1934419 0.0868238 0.0448583 0.3193965 -0.0837521 0.1022785 0.0550378 0.2250962 0.2074644 -0.1337035 -0.2435521 0.2395887 0.2150883 0.0828960 -0.0670547 -0.0108065 0.3359030 0.3252181 0.3957943 -0.0280965 0.2288116 0.0877014 0.2844212 0.4338649 0.1914452 0.1828231 -0.0272471 -0.0195550 0.2960646 0.3171324 -0.0833665 0.1190324 -0.0330236 -0.0123137 -0.0041391 0.2486661 0.3567441 0.3188430 0.5498397 0.4022707 0.4726812 0.0938121 0.3316312 0.3354423 0.1911718 0.3927017 0.4099172 0.3513810 0.3567916 0.0158915 0.3139757 0.4101397 0.3417475 0.1943828 0.2042988 -0.3068002 0.2693467 -0.0091143 0.1698137 0.0485579 0.3348785 0.3312676 0.3945820 0.3546120 0.2815575 -0.0317551 -0.3161956 0.0127437 0.3426523 0.2747213 0.3415295 0.1697100 0.3097169 0.3439839 0.3280287 -0.1416683 0.3673482 0.2270011 0.3021689 0.1280468 0.3540943 0.4126088 0.3720854 0.4198617 0.3028147 0.2156769 0.3688948 0.3243085 0.3717917 0.4003163 0.3307129 0.2470848 0.3564513 0.3950238 -0.0202231 -0.1096438 0.1190434 -0.0785887 -0.0331184 -0.1469468 -0.0833989 0.3022454 -0.0356010 0.3795365 0.3554381 0.3479831 0.1711830 0.0710546 -0.0813928 0.4162202 0.1974631 0.0535139 0.1207597 0.0505372 -0.0080609 0.0225110 0.4114629 -0.0410065 -0.0819489 -0.1811311 0.4951230 -0.1746138 -0.3745751 -0.0965277 0.2877738 0.0250951 -0.1409503 -0.2599206 0.2893518 0.0179559 -0.1922656 -0.0378435 -0.0896085 -0.4996420
0.1497991 0.4992441 0.4185501 0.0000000 0.4403945 0.7685720 0.2969113 0.5977955 0.6699427 0.7041171 0.8398359 0.6852823 0.3281533 0.5057896 0.4218903 0.1984719 0.5933042 0.3177656 -0.2776015 -0.1150270 0.4646682 -0.0474086 0.2912159 0.4760761 -0.3355945 -0.1275844 0.2194978 0.1536436 0.5204910 0.3697200 0.0534715 -0.4561148 0.3462939 0.4335955 0.2023351 0.1226797 -0.0727443 -0.1816240 0.3903321 0.3111768 -0.1280184 0.0322436 0.3634185 0.1663724 0.4634873 -0.2274396 0.1638967 -0.1164746 0.2397675 -0.1491352 0.2225841 0.3915326 0.3838419 0.3373800 -0.1917450 -0.0022181 -0.1061474 0.1661227 -0.1225781 0.1152570 0.0669130 0.2318395 0.0381735 0.2516334 0.6087468 -0.2863725 -0.0458403 0.2068123 0.1031671 0.1729952 -0.0819420 0.4875203 0.1042038 0.6245466 0.1929903 0.3453456 0.6139563 -0.2352261 0.3248830 0.5473133 0.2581604 -0.1732001 -0.1956009 -0.2643927 -0.1715988 -0.2320976 0.0714127 -0.1121010 -0.2818372 -0.2714673 -0.1004624 0.0464812 -0.1194689 -0.4685893 -0.4296147 -0.0295695 0.1611612 -0.2376781 -0.3102299 -0.3945836 -0.1568739 -0.1938880 -0.2631810 -0.4062288 0.1021160 -0.2498057 -0.2467210 -0.3004223 0.0542915 -0.4746358 -0.0677639 -0.4940221 -0.3480835 -0.4695683 -0.5789764 -0.4571244 -0.6196207 -0.3242085 -0.5217517 -0.4044628 -0.3272096 -0.3892842 0.2093078 -0.2427247 0.0720286 -0.2696887 -0.2430862 0.1487901 0.0946760 -0.2017448 0.0050738 0.1700113 -0.1015525 -0.0284888 0.2329250 0.0540298 0.0318503 0.4202557 0.3612957 0.2417073 0.1295754 0.4381079 0.2575710 0.3563447 0.0821368 0.1304780 0.1818573 0.0331554 0.2293475 0.2764324 0.2451244 0.0554994 0.1329090 0.2180199 -0.1058703 0.3625227 0.4013724 0.0351587 0.4336904 0.4314926 -0.0755374 0.1764233 0.0397509 0.5198650 0.0215884 0.2615281 0.2064372 0.3818301 0.3287022 0.3763770 0.1943929 0.3074166 0.2639150 0.2071444 0.4529441 0.6160977 0.4619918 0.2204521 0.2576440 0.1670344 -0.0889138 0.0330279 -0.0299369 -0.1345295 -0.0760522 0.5125104 -0.0569475 0.6290150 0.6948738 0.5816625 -0.3451503 0.4982071 0.4237346 0.0415275 -0.2636965 -0.1497666 0.3002794 0.5466157 0.5290643 -0.0441075 0.3037102 -0.1398553 0.0035586 -0.0020393 0.5719769 0.4427473 0.1870410 0.5203416 0.2662416 0.3584421 -0.0488017 0.1613830 0.5959925 0.6500214 0.4629065 0.0381675 0.5713831 0.2296169
0.6536834 0.7366155 0.9256951 0.4403945 0.0000000 0.1350482 0.2875716 0.5482684 -0.0332489 0.0232323 0.1904878 0.0467973 0.8554817 0.4617618 0.0229202 -0.1601426 0.1261058 0.3699337 -0.3248472 0.1309945 -0.1857938 0.0623012 0.1120292 0.1386109 -0.2003321 0.1108000 0.1658320 0.3281124 -0.2235643 0.3692667 0.5488941 -0.1071463 0.1374960 -0.1476813 0.0756624 -0.2486999 -0.0902431 -0.0840809 0.1641537 0.3289459 0.0432353 -0.1985052 0.1445100 0.1011603 -0.1197245 -0.0628582 0.1736476 0.0112091 0.0715684 -0.2614735 0.0443879 0.1857909 -0.1514770 0.0274212 -0.1856842 -0.1214137 -0.2528846 -0.0376033 -0.1383434 -0.2566879 0.0987417 -0.0579832 -0.2697802 0.0107228 0.0784504 -0.1441884 -0.4913603 -0.3163409 -0.1939723 -0.0478488 -0.5898698 -0.0340273 -0.5563175 -0.0512951 -0.1043960 -0.2120266 0.0374853 -0.4437056 -0.3240917 0.0272049 -0.2656601 -0.0046273 0.2117354 0.1262341 0.2206926 0.2273790 0.1431282 0.3177802 0.0046869 0.1437008 0.2006596 0.3863673 0.3174555 -0.2205947 -0.1651900 0.4190919 0.4279427 0.2551875 -0.0031124 -0.0707141 0.3959224 0.4653237 0.4734470 -0.0381508 0.4311535 0.2567700 0.3733887 0.4776731 0.3910111 0.2163168 0.1513400 -0.1059029 0.3147058 0.3503422 -0.1497970 0.1596413 -0.0712148 -0.0034086 -0.0110403 0.1441036 0.3434969 0.3360601 0.6662006 0.3917095 0.5058737 -0.0227041 0.3797756 0.4897490 0.1001155 0.4527472 0.4882594 0.4884081 0.4446699 0.0420229 0.4900302 0.5346760 0.4623252 0.2215650 0.2034583 -0.3376389 0.4163667 0.1123726 0.3350228 0.1585021 0.4610281 0.4587117 0.5487976 0.5073394 0.4068999 0.2202911 -0.1163885 0.2474596 0.5149909 0.3769566 0.4982917 0.3008816 0.4617902 0.5291537 0.4306165 -0.0660346 0.5200131 0.4891727 0.3970070 0.2798226 0.5480355 0.5320540 0.4542307 0.5576755 0.4462366 0.4308503 0.4751463 0.4568822 0.3120808 0.4199803 0.2765678 0.2000837 0.3026025 0.2394780 -0.0756041 -0.2330909 -0.0747983 -0.2066851 -0.1943260 -0.3024519 -0.2404140 0.2630383 -0.0464193 0.3300083 0.3577178 0.3536341 -0.0227610 0.1407858 0.0257451 0.2545231 0.0619975 -0.0898724 0.0123175 0.0675208 -0.0790213 -0.0999058 0.4841790 0.0562023 0.1308762 0.0333392 0.4119282 -0.1780576 -0.4131634 -0.0276312 0.3781438 0.0038269 0.0498334 -0.2807552 0.1857327 -0.0733910 -0.2087110 -0.0677025 0.0153869 -0.3749574
-0.1907662 0.3214539 0.1372401 0.7685720 0.1350482 0.0000000 0.5696712 0.2262954 0.8169933 0.8928518 0.7852348 0.8112310 -0.0456384 0.4119020 0.6648613 0.3689443 0.8198286 0.2221686 -0.2482280 -0.0712368 0.4264114 -0.0144689 0.3322343 0.5600728 -0.2781733 -0.2054291 0.3823243 0.0981755 0.7157863 0.4526224 -0.0367698 -0.5006577 0.3413169 0.5746879 0.1299621 0.0715308 -0.0387323 -0.1682253 0.4587375 0.2855567 -0.0215794 0.2056405 0.3137923 0.2701608 0.4455810 -0.2863526 0.0164612 -0.0609105 0.3207034 -0.0687245 0.0686944 0.3548599 0.3928669 0.2789217 -0.1776225 0.0135411 -0.0192552 0.2372622 0.0426008 0.1103024 0.0620910 0.0322454 0.1170980 0.3123199 0.4960395 -0.1954941 -0.0278163 0.2174995 0.1875856 0.2340228 0.0499030 0.3823609 0.1224987 0.5388957 0.2139019 0.3797287 0.4576242 -0.2128189 0.3742026 0.3842856 0.2596872 -0.3411499 -0.3594135 -0.2636751 -0.1312621 -0.2655438 0.1827475 -0.1930445 -0.1834878 -0.2517156 -0.1762406 -0.0530857 -0.1746593 -0.3914547 -0.2930753 -0.1323395 0.0462412 -0.3017551 -0.2857923 -0.1743096 -0.4081313 -0.3329948 -0.3601746 -0.2222718 -0.0492511 -0.2728309 -0.2164944 -0.3853656 0.0332824 -0.3329387 -0.0665340 -0.3331155 -0.3969537 -0.4653313 -0.4045424 -0.4329487 -0.5474881 -0.2765660 -0.4822629 -0.5059960 -0.4991435 -0.4737364 0.0637429 -0.4800007 -0.1897930 -0.2946607 -0.4027053 0.0750275 -0.1118227 -0.4926365 -0.2809896 -0.0186064 -0.3452567 -0.3944229 0.0868126 -0.0830353 -0.1966696 0.2987869 0.2034668 0.0628460 0.0264698 0.2290454 0.0948563 0.0184713 -0.0905402 -0.0171139 0.0445243 -0.1065652 0.1491393 -0.0219124 0.0086187 0.0189418 0.0316197 0.0972451 -0.2316268 0.1596912 0.2564514 -0.0669568 0.3001060 0.1737470 -0.1980910 0.0889060 -0.1489698 0.3488814 -0.1036513 0.2191077 0.1130506 0.2558263 0.2176192 0.2559451 0.1275270 0.1590899 0.1227733 -0.0262142 0.3448964 0.4364205 0.2293660 -0.0256562 0.1310642 0.1342747 -0.2239940 0.0412172 -0.0078292 -0.0860905 0.0125579 0.2896412 0.0274635 0.3976649 0.4375557 0.2163787 -0.2988711 0.2171060 0.2126450 -0.0894668 -0.3212298 -0.2393830 -0.0056233 0.4386337 0.4159876 -0.1172266 0.0865623 -0.0989466 -0.0614853 -0.1038871 0.5801417 0.5715370 0.2271461 0.5673137 0.0469092 0.3239657 -0.0399442 -0.0123064 0.5417437 0.4636538 0.2406251 -0.0148059 0.5935877 0.3749628
0.2072485 0.5298641 0.3613113 0.2969113 0.2875716 0.5696712 0.0000000 -0.0350831 0.2983427 0.3639572 0.1407894 0.3193506 0.0830509 0.0078447 0.2109990 -0.0954122 0.2996649 -0.0817003 -0.1714812 0.4865848 -0.1484761 -0.1154465 -0.2400353 -0.0861409 -0.2120716 -0.1966245 0.0975893 -0.2892441 0.1451295 0.0165629 0.0932663 -0.3079632 -0.3198853 -0.1951865 -0.3959033 -0.1960132 -0.3871606 -0.3404865 -0.0812080 -0.1902808 -0.1616858 0.2192781 -0.2811507 -0.2191017 0.0895525 -0.3257819 -0.3592432 -0.2980693 -0.2480633 -0.4120061 -0.3976604 -0.2598053 -0.2817366 -0.2717870 -0.5105442 -0.4547860 -0.4978031 -0.1529494 0.0743270 -0.4549840 0.1932210 -0.4493675 -0.4782981 -0.0817929 -0.1482521 -0.3735698 -0.5244424 -0.2242713 -0.4332597 -0.0068239 -0.3776150 -0.1777239 -0.4459598 -0.2106243 -0.3003860 -0.2125814 -0.2385121 -0.4402252 -0.2967724 -0.3031550 -0.3740466 0.1949350 0.0401515 0.0919441 0.1669671 -0.0795467 0.1241359 0.2881888 -0.0496456 0.1018050 -0.2665223 -0.0851373 -0.0730018 0.1551984 -0.0943464 -0.1389974 -0.1267839 -0.1454167 0.1001416 0.3826897 -0.0239918 -0.0396529 0.1497236 0.1939854 -0.1743803 -0.1523477 0.0906514 0.1208589 -0.0702761 0.0374910 -0.0981420 0.0400159 0.1691017 0.1569590 -0.1550447 0.0008343 -0.1272186 -0.1900029 -0.0985291 -0.0141334 0.0529142 0.0934774 0.0605099 0.1206936 0.0546139 -0.1069297 -0.0590727 -0.0135249 -0.1590411 -0.1447801 -0.1438631 -0.1448641 -0.3245401 -0.3267800 -0.0714047 -0.0440644 -0.3219786 -0.0251885 -0.0561470 -0.4604020 -0.0618807 -0.3111132 -0.1066737 -0.3468135 -0.2070484 -0.1351621 -0.1974288 -0.2391008 -0.0116274 -0.4873883 -0.5255471 -0.2349993 -0.1680643 -0.0444289 -0.1400512 -0.1722944 0.0354834 -0.1347419 0.0843470 -0.5039915 -0.0709666 -0.1479689 -0.0642783 -0.1859913 -0.1337969 0.1539443 0.1106273 0.0596902 0.0706220 -0.0811108 0.0662045 -0.0734805 -0.0419449 0.0929645 0.3754033 0.1258216 -0.0186762 -0.0399754 -0.1780402 -0.0893860 0.0302996 0.0176789 -0.0470852 -0.0051342 -0.0676521 -0.0431253 0.0317255 -0.0850682 -0.1285899 -0.2089213 0.0288228 -0.3284775 -0.3909804 0.1015323 -0.0582175 -0.0976913 -0.1604055 -0.0480194 -0.2054623 -0.1647225 -0.1384830 0.1565860 -0.1434184 -0.2993925 0.5295823 0.0257577 -0.0887956 0.2527597 -0.2259996 0.1532182 -0.1619092 -0.3999313 0.2695218 -0.1997122 -0.3480301 0.3199145 0.2642574 0.0933593
0.6497086 0.5171645 0.4909917 0.5977955 0.5482684 0.2262954 -0.0350831 0.0000000 0.0327190 0.3485120 0.4428008 0.1768361 0.7363890 0.3360509 0.2607906 0.1991271 0.2486677 0.1286206 0.2890150 -0.1335407 0.1827284 0.5526982 0.1778920 0.3229269 0.3506111 0.4557541 0.3028427 0.2916246 0.0952267 0.3228479 0.5472336 0.2552616 0.2146481 0.1751446 0.2012506 0.0161362 0.3141855 0.4944023 0.4178563 0.4147547 0.4623418 -0.0202819 0.2570349 0.1935568 0.5077253 0.3667970 0.4340435 0.4848462 0.2924038 0.2730405 0.2327776 0.3525743 0.4336058 0.2646203 0.3268714 0.3508331 0.2115230 0.1409827 -0.0240725 0.0869241 0.5217260 0.2409920 0.2530709 0.3006032 0.5803228 0.2904520 0.0666390 0.0582948 0.2495384 0.2348148 0.1396576 0.4131163 0.0940518 0.4376845 0.3919423 0.1946478 0.4776225 0.1784324 0.2315834 0.4637055 0.2871566 -0.2960419 -0.0908649 -0.1856887 -0.2830659 -0.0580440 -0.0461552 -0.0483298 -0.1785993 -0.0874347 0.1162709 0.2039971 0.0569636 -0.2294515 -0.2541184 0.2180362 0.3211744 -0.0611489 -0.1611078 -0.4334983 0.3133529 0.0162141 -0.0800757 -0.1142057 0.3220659 0.1631340 -0.1932105 -0.0018385 0.2282896 -0.4583192 0.1766998 -0.5422433 -0.2425629 -0.1903895 -0.5680937 -0.2886245 -0.4260300 -0.2164494 -0.3838950 -0.3923969 -0.1259824 -0.0788582 0.5013320 0.0617296 0.1586818 -0.2700094 0.1225228 0.3940340 -0.0689981 0.2150949 0.2536412 0.5166844 0.3426624 0.1735763 0.5115348 0.3979476 0.3051284 0.3916647 0.3026835 0.0140436 0.4985858 0.4097983 0.4849828 0.4336421 0.3051117 0.4590770 0.4460751 0.4009672 0.4958598 0.5714419 0.3825826 0.4189592 0.3226832 0.5160337 0.3604555 0.5026080 0.5065485 0.4302287 0.5492453 0.4851387 0.4234407 0.4276704 0.4117403 0.5263640 0.4210110 0.5161774 0.4653248 0.6478330 0.4530132 0.5294107 0.5258139 0.5535536 0.7879661 0.6416033 0.0833896 0.3276069 0.2632386 0.0000005 0.0572822 0.0678468 -0.1486167 -0.0740273 -0.0450033 -0.1057262 -0.0186115 0.7237678 0.4091818 0.5639506 0.6389255 0.7031304 -0.5313328 0.5725537 0.3584817 -0.0330090 -0.4007968 -0.2844214 0.1599536 0.2745497 0.2773608 -0.1103717 0.4661641 -0.2024259 0.1707810 0.0935352 0.3728795 0.2588480 -0.2309898 0.0200919 0.5371382 0.1008396 0.0836369 -0.0409157 0.2603527 0.3022396 0.2196493 -0.0876079 0.3316145 0.0628585
-0.3320406 0.2553453 0.0211371 0.6699427 -0.0332489 0.8169933 0.2983427 0.0327190 0.0000000 0.7587318 0.7586023 0.8260762 -0.2428517 0.4601584 0.7058286 0.3534842 0.6667969 0.3743947 -0.2847506 -0.0147638 0.4286433 -0.2943057 0.2156609 0.4818240 -0.4181461 -0.3445611 0.0854215 -0.0142843 0.8084148 0.2865138 -0.3043024 -0.5394849 0.3564842 0.6356492 0.0757486 0.0750520 -0.0933637 -0.3588222 0.2827573 0.1092456 -0.2413320 0.2859762 0.2432666 0.1539649 0.4051832 -0.3186869 -0.0131950 -0.2625672 0.2613801 -0.0791765 0.1199568 0.2656571 0.3967041 0.1746881 -0.2354824 -0.0165691 -0.0774715 0.1569502 0.1611761 0.1314376 -0.0620297 0.0806698 0.1421055 0.2482120 0.5526680 -0.3614167 -0.0537351 0.2151681 0.1241216 0.0979760 -0.0704179 0.3422302 0.1436174 0.5558016 0.0851272 0.3735653 0.3933186 -0.2766053 0.3434446 0.3544633 0.1663599 -0.3223067 -0.4540056 -0.3949592 -0.3142666 -0.4457694 -0.1052325 -0.3462188 -0.3314910 -0.3998174 -0.3196499 -0.2941265 -0.3419748 -0.5245173 -0.4392366 -0.3772664 -0.1980863 -0.3780906 -0.4829463 -0.2964957 -0.6383978 -0.4749321 -0.4975917 -0.4094916 -0.2748440 -0.5387630 -0.3788562 -0.4683331 -0.1901021 -0.4409798 -0.2962486 -0.4475227 -0.3038308 -0.4149817 -0.1369297 -0.2416255 -0.2605979 0.0386739 -0.1755321 -0.1830989 -0.2683487 -0.3057443 -0.1971607 -0.3757305 0.0502631 -0.2861731 -0.3399097 -0.2122026 0.0160939 -0.4211567 -0.1196116 -0.2917332 -0.3727388 -0.3602528 -0.1850667 -0.3379395 -0.1404978 0.3845859 0.2978415 0.1961360 -0.2884837 0.3377835 -0.1102268 -0.0889055 -0.0316357 -0.2629439 -0.0692849 -0.2663287 -0.1560911 -0.0741558 -0.0147206 -0.2166687 -0.0842546 -0.2317739 -0.4578324 -0.1188426 -0.0133568 -0.2880798 -0.0016872 0.1149168 -0.4320492 -0.1153832 -0.4346421 0.2045460 -0.3115217 -0.1677178 -0.2054780 -0.0475322 -0.0535433 0.0053229 -0.2038027 -0.1017307 -0.1207174 -0.2792949 0.2518341 0.4237228 0.1668003 0.1578536 0.0815757 0.1751073 -0.0955717 0.0430034 0.1466442 -0.0370166 0.1322256 0.3008913 -0.0487058 0.4243306 0.3495087 0.0742664 -0.2097796 0.0810349 0.1920634 -0.1853555 -0.3304391 -0.2064200 0.0862868 0.3919323 0.3997571 -0.1147664 -0.0872345 -0.1159505 -0.2902480 -0.2338115 0.3810417 0.3673099 0.3637222 0.5385038 -0.0980392 0.2763389 -0.2065406 0.1638874 0.5871376 0.5027640 0.3437538 0.0243675 0.4498129 0.2458050
-0.1912750 0.2475535 0.0463578 0.7041171 0.0232323 0.8928518 0.3639572 0.3485120 0.7587318 0.0000000 0.8389323 0.7777715 0.0034993 0.5347490 0.7109069 0.4648124 0.8979671 0.1718276 -0.1185357 -0.2344387 0.5605750 0.0630144 0.4335150 0.6649154 -0.1014415 -0.0055901 0.4379187 0.2262841 0.8105429 0.5188086 -0.0308978 -0.3045674 0.4726224 0.7086633 0.2948956 0.3081057 0.2022311 0.0230043 0.6887403 0.5003907 0.1742476 0.3658419 0.5195827 0.4766221 0.6679161 -0.0653459 0.2908178 0.1638912 0.5902189 0.1403715 0.3417314 0.5815630 0.7141580 0.5497173 0.0388403 0.2346372 0.2257062 0.5460380 0.2148009 0.3476865 0.2853915 0.3234243 0.3599487 0.6264568 0.7236965 -0.0017856 0.2376114 0.5091915 0.3794354 0.5641338 0.2924813 0.6111516 0.3594478 0.7226606 0.4803495 0.6722259 0.6428878 0.0911327 0.6569575 0.6106103 0.4977190 -0.5616074 -0.5171368 -0.5105593 -0.3599620 -0.4671514 -0.0351629 -0.2784980 -0.3938367 -0.3421306 -0.2993961 -0.2694940 -0.4092937 -0.3435005 -0.4488522 -0.3275509 -0.1148132 -0.5033178 -0.4681869 -0.1847751 -0.4292561 -0.5627951 -0.5871193 -0.1184620 -0.2074477 -0.3914468 -0.4509677 -0.5915533 -0.1278822 -0.5383789 -0.1457105 -0.4782418 -0.5277012 -0.6005808 -0.3473371 -0.4974623 -0.5796080 -0.1224665 -0.4637496 -0.5160502 -0.6104221 -0.5844485 -0.0629553 -0.5268104 -0.3172178 -0.2700834 -0.5237537 -0.0819524 -0.0934851 -0.5859767 -0.4297866 -0.0907995 -0.4499869 -0.3273603 -0.0266417 -0.2114526 -0.3014801 0.3532638 0.1358369 0.3083065 -0.0583428 0.3530220 -0.0223574 0.0394430 -0.1959115 -0.1117990 -0.0737954 -0.2162954 0.0508379 0.0892516 0.2120519 -0.0296001 -0.1258754 0.0100160 -0.3217814 0.0951063 0.0598784 -0.1653481 0.1655187 0.3466169 -0.2862230 -0.0254888 -0.2290587 0.3158206 -0.2211477 0.1243515 -0.0407332 0.1911412 0.0148689 0.1165916 0.0335794 0.0417380 0.3378246 0.1343810 0.2490706 0.4202920 0.2833379 -0.0408478 0.3087854 0.3869981 -0.1108878 0.2702745 0.2403563 0.1841090 0.2179047 0.4830263 0.1596599 0.5739581 0.5472029 0.3391549 -0.2923748 0.3956792 0.3844808 -0.0381093 -0.3550415 -0.1756436 0.1222255 0.6114251 0.5557721 -0.0621927 0.0318948 -0.4154670 -0.2445800 -0.1670756 0.3866963 0.6257158 0.2094948 0.3754174 0.0542841 0.0936095 -0.2355466 0.0767510 0.5035986 0.5085689 0.3638943 -0.1446463 0.4632737 0.2671350
-0.1285388 0.3025809 0.1881251 0.8398359 0.1904878 0.7852348 0.1407894 0.4428008 0.7586023 0.8389323 0.0000000 0.8193689 0.0891150 0.6762227 0.6646561 0.5722244 0.7646956 0.4488944 -0.1407579 -0.3332908 0.5529883 -0.0442410 0.5604847 0.7073180 -0.1612329 0.0221695 0.2804283 0.3894962 0.7194613 0.5440775 0.0068284 -0.2939873 0.6548047 0.7332554 0.4706158 0.2348427 0.2448835 -0.0090629 0.5930218 0.5043334 0.0631423 0.1173083 0.6359195 0.4856974 0.4516754 -0.0158071 0.4166198 0.0727024 0.5337784 0.2365199 0.4974142 0.6320825 0.6081365 0.5370926 0.1023641 0.3321440 0.2548655 0.4431514 -0.0072300 0.4758984 0.0238095 0.4561621 0.4195693 0.4889483 0.7205298 -0.0661805 0.2687049 0.4283470 0.4171855 0.4097793 0.2197704 0.5570738 0.3445433 0.7527194 0.4492263 0.6086883 0.7225020 0.0123546 0.5947001 0.6283443 0.4820890 -0.4619693 -0.5312810 -0.6240563 -0.4603763 -0.5306998 -0.0913190 -0.4794194 -0.5579292 -0.6144128 -0.3051583 -0.1949069 -0.3127414 -0.5456919 -0.5670650 -0.2559235 -0.0801335 -0.4990758 -0.4839229 -0.5206433 -0.4508911 -0.4843557 -0.5681140 -0.4557375 -0.1372963 -0.4184391 -0.4849935 -0.5832446 -0.1322167 -0.5336044 -0.2552817 -0.5608003 -0.4290184 -0.5526962 -0.2854769 -0.3992300 -0.5203628 -0.1007167 -0.3948026 -0.3833337 -0.4819597 -0.5513116 -0.0124228 -0.4391102 -0.1220794 -0.2514458 -0.5446545 -0.0311346 0.0926437 -0.4810689 -0.2196008 0.0262413 -0.2596265 -0.2208669 0.0831207 -0.1174127 -0.0726455 0.5025108 0.2935906 0.4515469 -0.0515217 0.5954846 -0.0003828 0.2168461 0.0046839 -0.0082100 0.1252030 -0.0566788 0.0127277 0.3200556 0.3723687 0.0580254 0.0930937 0.0077169 -0.2659533 0.2241231 0.1758630 -0.0730521 0.1259295 0.4483785 -0.2652989 0.1405157 -0.1925892 0.5036759 -0.1309496 0.0569390 -0.0584203 0.1345718 0.0321805 0.2171036 -0.0328488 0.0683584 0.2597260 0.0817881 0.3028202 0.5547975 0.4414865 0.2323472 0.3036959 0.3420936 0.0385306 0.1751027 0.1232392 0.0016883 0.0541626 0.4354954 -0.0665847 0.6907144 0.6952061 0.4592677 -0.2844431 0.4402252 0.5235575 0.0445572 -0.2458530 -0.0590564 0.2579402 0.6033066 0.5507836 -0.0477014 0.0887019 -0.5073918 -0.2201790 -0.0593539 0.2986265 0.5810016 0.2469354 0.3124735 0.1189652 0.0644670 -0.2727181 0.3832549 0.5852549 0.6814406 0.5532550 -0.1400143 0.4437916 0.1808496
-0.1693596 0.3150177 0.0706237 0.6852823 0.0467973 0.8112310 0.3193506 0.1768361 0.8260762 0.7777715 0.8193689 0.0000000 -0.1405701 0.5800837 0.6757927 0.4529016 0.6391876 0.5734420 -0.1431167 -0.1202420 0.6545740 -0.2023067 0.2411071 0.5357439 -0.2516988 -0.2285888 -0.0153815 0.2551737 0.8027353 0.3541694 -0.1557005 -0.3910869 0.4607645 0.6471431 0.1215954 0.2333047 0.0536805 -0.1953529 0.4114434 0.2223505 -0.1684270 0.2551126 0.2894455 0.3321739 0.4647085 -0.0990076 0.1515621 -0.1789338 0.3498171 0.0402253 0.1706943 0.3220756 0.4906864 0.2424092 -0.0873925 0.1444747 0.1164824 0.2811979 0.1234809 0.1812214 -0.0209377 0.1042978 0.2039309 0.4346768 0.6408005 -0.1406149 0.0101919 0.2613208 0.2558352 0.3002389 0.0683088 0.5350173 0.0810903 0.6930916 0.2035173 0.4439617 0.5450203 -0.0980883 0.4084463 0.4475192 0.3374267 -0.3663597 -0.5647530 -0.5028977 -0.3729256 -0.5055743 -0.0517146 -0.4492059 -0.4200030 -0.5196277 -0.2602561 -0.2799983 -0.3658011 -0.6005206 -0.4858735 -0.2530762 -0.1416377 -0.4790906 -0.4784253 -0.3769893 -0.6240753 -0.5044164 -0.5395426 -0.4248722 -0.1769883 -0.4274655 -0.4002954 -0.5151749 -0.1741721 -0.4183490 -0.3888668 -0.3479277 -0.4093554 -0.4400120 -0.0754863 -0.3151382 -0.3714470 0.0087757 -0.2754003 -0.2005873 -0.3478115 -0.4405418 -0.0947786 -0.3960114 -0.1026882 -0.0438977 -0.4117764 -0.0899670 0.1796228 -0.4516425 -0.2006478 -0.1371335 -0.3310240 -0.4454741 -0.0978962 -0.2066572 -0.2093856 0.4239332 0.2385026 0.2693808 -0.1490939 0.3895150 -0.1419719 -0.1661727 -0.0908362 -0.1496958 0.0014033 -0.1831981 -0.0817628 0.0753846 0.0459767 -0.1530399 0.0524239 -0.1069732 -0.3549891 -0.0180770 -0.0447983 -0.1535147 -0.0263189 0.2032125 -0.3199820 0.0209416 -0.4116595 0.1937154 -0.1831659 -0.0500494 -0.1813619 0.0048515 -0.0757398 0.0593243 -0.0992889 -0.0359392 0.0397204 0.0535571 0.5555320 0.7095143 0.5173054 0.3716856 0.3417879 0.3455252 0.0673162 0.1978373 0.1850551 0.0693907 0.1670827 0.3778126 -0.0480832 0.5458389 0.5142253 0.3003788 -0.0714148 0.2937551 0.4048222 0.0581706 -0.0895223 0.0264208 0.2523082 0.5798406 0.4901502 0.0985215 0.0354488 -0.2422018 -0.1686538 -0.0401289 0.3905970 0.4365531 0.4508391 0.5795000 -0.0153884 0.1352979 -0.3441917 0.2579893 0.5332951 0.6160674 0.5209518 0.0870075 0.3218452 0.1177747
0.7889787 0.6238339 0.8475316 0.3281533 0.8554817 -0.0456384 0.0830509 0.7363890 -0.2428517 0.0034993 0.0891150 -0.1405701 0.0000000 0.3887565 -0.1261567 -0.1833724 0.0986994 0.0819824 -0.0477074 0.1040023 -0.1046274 0.3455735 0.0284864 0.0682250 0.1007113 0.2803398 0.2129506 0.2763470 -0.2845072 0.2998096 0.6583473 0.2036612 0.0401408 -0.1891509 0.0518851 -0.0418870 0.0944731 0.2514642 0.3353324 0.4369656 0.3354035 -0.0884442 0.1567388 0.1971729 0.0635490 0.2652581 0.3153093 0.3542576 0.2128245 -0.0280164 0.1157398 0.2531003 0.0752940 0.1836799 0.1391271 0.1301932 -0.0259343 0.1579152 0.0772425 -0.1590627 0.4074575 0.1066729 -0.0814993 0.2484632 0.2326645 0.1667550 -0.2113207 -0.1084026 -0.0037980 0.1955779 -0.2688470 0.1031621 -0.3328273 0.0340080 0.1946511 -0.0282267 0.1611170 -0.0338235 -0.0940840 0.2227065 0.0105026 -0.1049200 0.2393687 0.1274339 0.1762484 0.1921533 0.0074076 0.4034478 0.0118387 0.2512989 0.2066191 0.3377533 0.2124866 -0.0104786 -0.1592876 0.3571817 0.3654392 0.1214107 0.0146034 -0.0188479 0.6054665 0.3574402 0.3496459 0.1301365 0.3936296 0.3042239 0.2783740 0.3898161 0.3605705 0.0754988 0.2288286 -0.0848067 0.0852237 0.1693250 -0.2659683 -0.0274247 -0.1487783 -0.0949122 -0.1513444 0.0202547 0.1878692 0.2119615 0.6499019 0.3315748 0.3236990 0.1132150 0.3387660 0.4651763 0.1484079 0.4168957 0.3789771 0.5549498 0.4866549 0.2193440 0.4892234 0.5355893 0.4103832 0.2543836 0.2539469 -0.1988404 0.4700880 0.1711971 0.4231948 0.2919952 0.3667671 0.4725138 0.4835498 0.4715681 0.4399955 0.3272478 0.0395165 0.2501049 0.3894359 0.4489452 0.4979555 0.3648316 0.4473722 0.4748570 0.4895910 0.2004397 0.5033835 0.3897946 0.4773684 0.3470942 0.4855783 0.5094175 0.4448907 0.5851531 0.4644768 0.4107670 0.4975636 0.4898679 0.6191540 0.6010686 0.1235090 0.0968554 0.2671440 0.1008306 0.0571807 -0.0574910 -0.0826304 -0.0680988 0.0101440 -0.0695128 0.0412679 0.4592199 0.2781726 0.4338765 0.4163791 0.5317293 -0.0547154 0.3334709 0.0558982 0.2418393 0.0624312 -0.0622666 0.1362670 0.1158329 0.1019222 0.1180218 0.4574114 -0.1103335 0.0117159 -0.0848157 0.4062600 -0.0165174 -0.3777908 -0.2282804 0.4023580 0.0048821 -0.0153352 -0.3049661 0.2024592 0.0109940 -0.1528833 -0.0965461 -0.1029111 -0.4010707
0.0436911 0.4592525 0.4944134 0.5057896 0.4617618 0.4119020 0.0078447 0.3360509 0.4601584 0.5347490 0.6762227 0.5800837 0.3887565 0.0000000 0.5052822 0.2723889 0.5803356 0.6967418 -0.3464447 -0.3572119 0.3962878 -0.2069681 0.4625887 0.7157853 -0.2430153 0.0223450 0.1400817 0.7181674 0.5311626 0.6727949 0.1130099 -0.1694533 0.7361214 0.6571213 0.4231750 0.2866443 0.2427965 -0.0489516 0.6680520 0.7143674 0.0734299 0.2362863 0.6491000 0.6833710 0.3183549 0.1230035 0.6234185 0.1744018 0.7460601 0.1742107 0.6056492 0.6921033 0.5855624 0.5980488 0.1625189 0.3660025 0.2898957 0.6320869 0.2781311 0.3992422 0.1475801 0.5107824 0.3857278 0.6525010 0.6352596 0.0583129 0.1184367 0.3079793 0.3920513 0.4987744 -0.0217762 0.3978682 -0.0054376 0.5159915 0.4726243 0.5051466 0.4654874 -0.0607179 0.3431016 0.5450426 0.3122971 -0.6168073 -0.4954984 -0.5816400 -0.3054228 -0.4297128 -0.1029838 -0.2274037 -0.5026202 -0.3856070 -0.1969915 -0.1812095 -0.3721579 -0.4848287 -0.5365697 -0.1424281 -0.0697444 -0.4092048 -0.5664961 -0.2669091 -0.2321489 -0.3195696 -0.3802457 -0.2887238 -0.0947178 -0.3094810 -0.2738365 -0.3527811 -0.1283427 -0.1673451 -0.2704146 -0.2930044 -0.1611446 -0.1881072 0.1036445 -0.1300924 -0.2185434 0.2566169 -0.0495944 0.0604445 -0.1399461 -0.2097926 0.1342319 -0.0849353 0.0319801 0.0761954 -0.2549719 0.0093232 0.1637405 -0.1979817 -0.1436597 0.0965234 -0.1418326 -0.1770724 0.0894805 -0.0185199 -0.0632545 0.3302147 0.0363147 0.3898013 -0.0516933 0.4593474 -0.1139125 0.0363076 -0.0318716 0.0308293 0.1482699 0.0040947 -0.0669736 0.2037764 0.1436010 -0.1292236 0.1245806 -0.0845597 -0.0997936 0.0745578 -0.0503926 -0.0112776 -0.0557600 0.2913072 -0.1034291 0.1302635 -0.1558993 0.2428380 -0.0224166 0.0682269 -0.1175170 0.0482729 -0.1576801 0.0833464 -0.0354020 -0.0619872 0.3079185 0.1339137 0.2531641 0.3648852 0.5026253 0.4710038 0.4230222 0.3905898 0.2170314 0.3179605 0.3455906 0.1734465 0.2106514 0.4101532 -0.0375097 0.7354816 0.5611284 0.3511096 0.2063210 0.3265136 0.3609163 0.3573106 0.1178656 0.0346385 0.1327483 0.5339749 0.4553761 0.0719179 0.0887311 -0.4888155 -0.2639917 -0.1548273 0.0870225 0.1985082 -0.0023522 0.0567297 0.0049189 -0.1973370 -0.3428009 0.1513360 0.4455132 0.4221196 0.2801543 -0.1141299 -0.1426258 -0.4089276
-0.1446217 0.2991701 -0.0310786 0.4218903 0.0229202 0.6648613 0.2109990 0.2607906 0.7058286 0.7109069 0.6646561 0.6757927 -0.1261567 0.5052822 0.0000000 0.6784443 0.6195707 0.5114179 0.1478507 -0.1468605 0.2256024 0.1608543 0.4090936 0.6528420 0.1450014 0.2491069 0.3373085 0.3603306 0.7449733 0.5912500 0.1229920 -0.0451249 0.5181755 0.7201428 0.2932044 -0.0541438 0.3740374 0.1784307 0.4095663 0.3224585 0.2906401 0.3724050 0.3474061 0.3622111 0.4976654 0.1002148 0.3773920 0.2422089 0.4585496 0.3899555 0.2973604 0.3729603 0.5098300 0.1899317 0.1705477 0.3490872 0.3119926 0.2144879 0.2097225 0.3223970 0.2551060 0.1464219 0.5047573 0.3069612 0.5118646 0.1250032 0.0991377 0.1492399 0.3770911 0.1926328 0.2039157 0.2305756 0.2362830 0.4342960 0.3270271 0.3442853 0.2527936 -0.0304587 0.3034213 0.2124700 0.1817441 -0.6750746 -0.6678895 -0.5940564 -0.5860673 -0.5021295 -0.1738368 -0.5213273 -0.4392970 -0.4752126 -0.3430581 -0.3021013 -0.3618679 -0.5138205 -0.4178128 -0.2911192 -0.1614887 -0.3668723 -0.5416937 -0.3872413 -0.5242396 -0.5065239 -0.5641431 -0.2869822 -0.2362725 -0.3513302 -0.5240410 -0.4563108 -0.1504635 -0.4844921 -0.1964925 -0.6772073 -0.1668001 -0.1620358 -0.0235160 -0.0066041 -0.0979602 0.2865809 0.0407084 -0.2395891 -0.1979373 -0.1008779 -0.0913171 -0.2412859 0.0814000 -0.5041541 -0.2814011 -0.1061665 -0.3395000 -0.3061031 -0.0996261 -0.1440425 -0.2850221 -0.4930532 0.0094369 -0.2167025 -0.1024385 0.3958022 0.0980427 0.0211146 -0.1086827 0.4399036 -0.0775776 -0.1738008 0.0453157 -0.1194412 0.0984421 -0.0745677 -0.0735047 0.1578839 0.1302690 0.1013111 0.0555726 -0.1558470 -0.2186806 -0.0985806 0.0086673 -0.0292827 -0.0748864 0.0289839 -0.1282595 0.1846991 -0.3105090 0.2255860 -0.0573013 0.0090519 -0.0961371 0.0586006 -0.0832007 0.1445672 -0.0376867 -0.0691809 0.2216108 -0.0753996 -0.0660801 0.1538386 -0.0854336 -0.0967928 -0.1516117 0.1188333 -0.1972574 -0.0348123 0.0897580 -0.0817171 0.0433791 0.3183205 0.2111928 0.3196095 0.2440041 -0.0546710 -0.4523611 -0.0053830 0.1434966 -0.3643503 -0.6164487 -0.5333230 -0.3156971 0.1716241 0.0799484 -0.4640255 -0.1286391 -0.1726529 -0.0960907 -0.0925101 0.0766670 0.2909881 0.0148980 0.2771652 -0.0429976 -0.0826749 -0.0466501 -0.0014259 0.3297052 0.1379030 0.0762834 -0.0230256 0.4641287 0.3261653
-0.1090354 -0.1035450 -0.1901912 0.1984719 -0.1601426 0.3689443 -0.0954122 0.1991271 0.3534842 0.4648124 0.5722244 0.4529016 -0.1833724 0.2723889 0.6784443 0.0000000 0.4878029 0.2804262 0.4219699 -0.1956851 0.3434812 0.3802043 0.6413905 0.3753763 0.5010105 0.6003416 0.3767555 0.3693233 0.5276352 0.5784231 0.3118090 0.3950913 0.4735190 0.4971564 0.6265027 0.2077593 0.7892010 0.4457390 0.3945523 0.3203674 0.5159926 0.2550606 0.4677845 0.4706723 0.1473674 0.4610663 0.5768924 0.3884586 0.3911247 0.6773798 0.4813875 0.3764357 0.4484045 0.2201141 0.4875168 0.6547549 0.6619514 0.2636233 0.0877928 0.6176311 0.0407313 0.3034060 0.6578289 0.3604789 0.3243341 0.4243072 0.5208522 0.3732734 0.5692882 0.3627307 0.5656883 0.2773731 0.5337305 0.4098533 0.5080521 0.5125179 0.4146009 0.4235796 0.5077462 0.2430395 0.4272392 -0.5157741 -0.5301048 -0.5408981 -0.4804336 -0.5496001 -0.3596231 -0.6022710 -0.5099615 -0.5611991 -0.4680607 -0.3803236 -0.2557206 -0.3621282 -0.4933437 -0.3210190 -0.2844750 -0.4749589 -0.4394781 -0.4035812 -0.4262795 -0.5616547 -0.5868556 -0.2218787 -0.3078700 -0.3045889 -0.4777545 -0.5316401 -0.1521159 -0.3376701 -0.2917982 -0.4386836 -0.2694035 -0.2482527 0.2188524 0.0258518 0.0237795 0.3066535 0.0505457 -0.1822638 -0.3501618 -0.2943045 -0.2929962 -0.5115311 -0.0536412 -0.1384764 -0.5785340 -0.2239529 0.0896581 -0.4825837 -0.0985794 -0.1937374 -0.1691488 -0.6008560 -0.1146779 -0.2927227 0.0373646 0.6078206 0.3544414 0.1775570 -0.2120040 0.5906866 -0.2136791 -0.2037785 0.1875464 -0.2266268 0.1885986 0.0107506 -0.1798769 0.2744460 0.2536372 0.1698729 0.1715437 -0.2015526 -0.2862572 -0.1650304 -0.0299363 -0.0140445 -0.2355143 0.1051784 -0.2442252 0.2027286 -0.4409265 0.3071195 -0.1034449 -0.1782820 -0.2563286 -0.0687266 -0.0638333 0.0542449 -0.1637489 -0.0813919 0.3016528 0.0711437 -0.0460858 0.0875722 0.0074984 -0.1396527 0.0108959 0.3240226 -0.1345899 0.0754233 0.1847642 0.0550640 0.1582796 0.0009889 -0.0095051 0.1299810 0.2213995 0.0419015 -0.3165093 0.0583936 0.2407516 -0.3375522 -0.2940637 -0.2148041 -0.0624857 0.0728975 0.0600506 -0.1085660 -0.1290124 -0.4057945 -0.2364106 0.0027613 -0.0749793 0.4817758 0.2655096 0.0278762 0.0030969 -0.3598635 -0.2275856 0.2027203 0.1424158 0.1978015 0.1729552 -0.1911221 0.4042035 0.3607740
-0.2402666 0.1648030 0.1408879 0.5933042 0.1261058 0.8198286 0.2996649 0.2486677 0.6667969 0.8979671 0.7646956 0.6391876 0.0986994 0.5803356 0.6195707 0.4878029 0.0000000 0.1466300 -0.2213250 -0.2225160 0.5279013 0.1033156 0.6053873 0.6084816 -0.1118659 0.0496849 0.6632519 0.2606464 0.7084444 0.6898075 0.1199377 -0.2281135 0.4697134 0.6297064 0.4609020 0.3570572 0.3378993 0.0834998 0.7958672 0.6424490 0.3322527 0.2900057 0.6836717 0.5682819 0.4412788 0.0240868 0.3944389 0.3003690 0.6492775 0.2192478 0.4282497 0.7128741 0.6451315 0.6239511 0.1689787 0.3713417 0.3653148 0.6372881 0.2156076 0.4576618 0.1696368 0.3775543 0.4525983 0.6705437 0.6237221 0.1433768 0.3146736 0.5343498 0.5349863 0.6113146 0.2423136 0.5616693 0.3411024 0.6663879 0.5707731 0.6932866 0.6469479 0.1136310 0.6704187 0.6348139 0.5649938 -0.6217195 -0.4478840 -0.4143745 -0.1609545 -0.3647285 -0.0102195 -0.1822790 -0.3048600 -0.2489587 -0.2764187 -0.1656209 -0.2864542 -0.2830435 -0.3788332 -0.2189657 -0.0489780 -0.4191591 -0.3988249 -0.0587462 -0.3324392 -0.4474609 -0.4796256 0.0227314 -0.1291584 -0.2630050 -0.2196522 -0.5287210 0.0367896 -0.2913369 -0.0205459 -0.2876439 -0.5250225 -0.6003600 -0.2264915 -0.4528986 -0.5301577 -0.0491268 -0.4084680 -0.4281769 -0.5996992 -0.5592218 -0.0086645 -0.5928029 -0.2713049 -0.1105244 -0.5019496 -0.0210188 0.0567373 -0.5505238 -0.3296035 -0.0157961 -0.2911528 -0.3362313 0.0452088 -0.1388974 -0.0821467 0.4163079 0.2478330 0.2754502 -0.0560853 0.3789888 0.0535985 0.0993007 0.0200524 -0.0673903 0.1055569 -0.0470368 0.0521765 0.1177837 0.2053569 0.0694949 0.0459139 -0.0122597 -0.2233706 0.1274546 0.1356277 -0.0369638 0.2036467 0.3310766 -0.2344393 0.0847930 -0.2032777 0.4185855 -0.1238018 0.1329296 -0.0646791 0.1997591 0.1356268 0.1778824 0.0326271 0.0743357 0.3642733 0.1366596 0.2209140 0.2757033 0.2714700 -0.1173983 0.3384390 0.3582092 -0.1869105 0.3074354 0.2524347 0.1970518 0.2396241 0.3738027 0.1013411 0.5738591 0.5569614 0.3476314 -0.1733617 0.3971501 0.3783612 -0.0181288 -0.1968815 -0.1397393 0.0803772 0.6053259 0.5844247 0.0471001 0.0466584 -0.4393624 -0.2966297 -0.0852680 0.4112191 0.7212288 0.1655982 0.3115966 0.0245356 0.1133710 -0.2282872 0.0834441 0.5762085 0.4628889 0.2804210 -0.2325722 0.3944069 0.2007570
