0.0000000 0.2184779 0.5300771 0.0354632 0.5289206 0.0315010 0.1414929 0.3577257 0.3324212 0.2425179 0.0936206 0.0629000 0.4901519 0.1997642 0.2656643 0.1913481 0.2800967 0.0730686 0.3269093 0.3111159 0.1022941 0.3355774 0.1006278 -0.2781155 0.6649539 -0.0424550 0.3103798 -0.0602192 0.1074977 -0.1127742 0.1863326 0.7541952 -0.1922248 0.2000432 0.1007431 0.1629979 0.3033761 0.4206214 -0.1167716 -0.2174914 0.3991662 0.4410919 0.1185045 -0.1902233 0.5341957 0.1211102 0.3171720 0.4867718 0.0283805 0.1386252 0.2474948 0.0715386 0.4303139 0.2416042 0.5588996 0.2236205 0.6174144 0.2588684 0.1839073 0.3059707 0.4448010 0.0906229 0.7586716 0.0665607 0.0324168 0.4364518 0.1597825 0.1069301 0.7164636 0.0759988 0.1472476 -0.0064071 0.0792076 0.0115531 0.1875047 0.4108106 0.0396457 0.0701966 0.0204380 -0.0714629 0.0798428 -0.1696850 0.2036041 0.1152276 -0.1146988 0.3916575 -0.1061375 -0.1792075 0.1099612 0.0125042 0.2667677 0.3950633 0.3926524 0.2969655 0.3409256 0.4386787 0.2406061 0.0098462 0.2920435 -0.1460006 0.0861253 0.5834549 0.2495428 0.2456623 0.4112067 0.3984023 0.3005321 0.3633204 0.2294254 0.1162491 0.3665029 0.1821408 0.1613450 0.5054552 0.3442844 0.2010548 0.1813742 0.5125927 0.2714024 0.0960351 0.2192758 0.3339928 0.5336535 -0.3556646 -0.2622133 -0.1414439 0.5387306 0.6502052 0.0062935 0.0984868 0.1291558 0.1621853 0.2530675 0.0924627 0.2620205 0.4508066 0.0125766 -0.0689054 -0.4128599 -0.0246035 0.1804098 -0.0218165 0.0359084 0.0067459 0.3864676 0.2236504 0.0100078 0.0665624 0.0230962 0.0187816 0.1294885 0.0271944 -0.2469266 0.0810981 -0.1160975 -0.0116051 0.0209524 0.1394857 0.0605997 0.0622014 -0.1295949 -0.0900044 0.0154788 -0.2857544 -0.1599977 0.2318586 0.1389850 -0.0732317 -0.1802910 -0.0660101 -0.1896261 -0.1178549 0.1912047 0.2282449 0.3058162 0.2504163 0.0890023 0.0341418 0.0206693 0.1223925 0.3003189 0.3637754 0.5021377 0.3506430 0.4174160 0.2622318 0.4407571 0.5752059 0.1164215 -0.1102365 -0.0804195 -0.0268713 -0.2162410 -0.1724872 -0.1477503 -0.2928553 -0.1576507 -0.0936371 -0.2855363 -0.0648653 0.1612605 -0.2912237 -0.2636754 -0.2551976 0.5777081 0.2694661 -0.0906137 -0.1277610 -0.1036115 -0.3253722 -0.4208958 -0.2179429 0.5413656 0.3488893 0.1999594 -0.2700488 0.3126455 0.1097026
0.2184779 0.0000000 0.1006683 0.4097969 -0.2482089 0.6723582 0.8317490 0.4654260 0.6716058 0.5691002 0.5509674 0.5169131 0.2312794 0.7003417 0.6940284 0.3808245 0.0705285 0.6347615 0.5906843 -0.3311009 0.4740680 0.2946932 0.1917658 0.4308750 0.3914022 0.5788926 0.6102829 0.5164176 0.6095887 0.5018325 0.3069626 0.0584232 0.5069924 0.6498482 0.7515495 0.4172581 0.5402161 0.5714984 0.5895050 0.5554826 0.0700112 0.3704330 0.8116376 0.2388207 0.5708069 0.7807248 0.6251335 -0.1943460 0.5016544 0.6764465 0.7294737 0.7814429 0.6428799 0.5150937 -0.1812833 0.6476695 0.4075782 -0.0081149 -0.1678537 0.6830745 0.4576185 0.4495225 -0.1654588 0.8027995 0.6521691 0.2340733 0.6386116 0.0586254 0.3883534 0.7491096 0.5980171 0.5609189 0.5227953 0.5270185 0.7166342 0.5685079 0.4323089 0.5812324 0.2053234 0.4136295 0.0595328 0.0832092 0.4226173 0.3893776 0.2855847 0.6091850 0.6824352 0.0725549 0.6047176 0.3802313 0.5363217 0.5209092 0.4236872 0.1923728 0.5033719 0.2907515 0.3683267 -0.2100257 0.2545949 -0.1852150 0.5704971 0.1105398 0.2200591 0.3273074 0.1695141 0.2374307 0.5908771 0.3208144 0.3970235 -0.1441567 0.0557035 0.0427886 -0.0142019 -0.2476464 -0.4285299 0.3471652 -0.0966702 -0.0637911 0.1993136 0.0237584 -0.2862928 -0.3296327 -0.1146300 0.1202893 0.0643100 0.2018229 0.1058646 0.0016033 0.3682595 0.5731539 0.4270239 -0.0054687 0.3710957 0.5525417 0.1656851 -0.0815763 0.4741606 0.2404490 0.0565627 -0.3517919 -0.2164079 0.0489594 0.0097440 -0.1245167 0.1354346 0.0267531 0.0247010 -0.0432650 -0.3706737 -0.2551015 -0.3840249 -0.2267047 -0.0964301 -0.1714080 0.0368830 -0.1041326 -0.4683926 -0.2004654 -0.2615412 -0.5064274 0.1711886 -0.2468229 0.1168253 -0.4941632 -0.0012136 -0.0762648 0.0854041 -0.3377446 -0.1847941 -0.3839177 -0.1092692 -0.2887009 0.5191805 0.1936363 0.4978801 0.2211082 0.3365691 0.0575459 0.2454905 -0.0712578 -0.1430972 0.2892144 0.1492654 0.3923868 -0.2610610 0.5275058 -0.2565528 -0.4462949 -0.0774806 0.2183937 0.0105312 0.3228848 -0.1078848 0.2064811 0.2760774 0.2214828 0.2023700 0.3896155 0.2589385 0.0094728 0.3160739 0.0318300 0.5647183 0.3838464 0.1736401 -0.2626584 -0.0248016 0.0079666 -0.0776801 -0.0071672 0.3608555 0.1873394 -0.2247603 0.3426291 0.0480529 -0.3960813 -0.2401011 -0.0930048
0.5300771 0.1006683 0.0000000 0.1551719 0.6564292 0.0328774 0.0142372 0.6974700 0.0570995 0.0864783 0.1169039 0.1109328 0.7010450 0.1297245 0.0046264 0.0351945 0.0278709 -0.0859575 0.4665727 0.4866531 0.0281401 0.6149005 -0.0952029 -0.2935879 0.6680874 0.2966841 0.3156547 -0.0617982 -0.0156199 -0.0308177 0.6877318 0.6685685 -0.1156400 -0.0974893 0.3043261 -0.0042614 0.5248538 0.6774919 -0.1122960 -0.0815583 0.5953229 0.2565550 0.2635801 -0.1119649 0.4598964 0.3996814 0.5219634 0.5066729 -0.1225610 0.5218143 0.4360236 0.3329199 0.1556113 0.0354215 0.4731955 0.5536123 0.6133238 -0.1257684 0.1360980 0.4749753 0.4883808 0.2923646 0.5448235 -0.1331194 -0.1315522 0.3754009 0.4023749 0.1126161 0.7358327 0.1532995 0.3206444 -0.0829977 0.3118297 0.0692740 0.3471045 0.3819916 0.2171752 0.4260916 0.6222343 0.4850982 0.6361551 0.0552642 0.2569005 0.4131964 0.4770296 0.4870816 0.2468631 0.2979174 0.5342365 0.3251904 0.4515315 0.3601729 0.1941730 0.4025395 0.4686019 0.4246787 0.3594626 0.0297204 0.1538907 -0.0275979 0.4230147 0.0663622 -0.0503782 0.2001838 0.4244570 0.3768609 0.1118856 -0.0906698 -0.0298470 0.2005985 0.1242129 -0.0695470 -0.1359640 0.0283637 0.0736389 0.0051681 0.0821976 0.3410584 0.1800922 0.1839794 0.1491298 0.0723099 0.1621070 -0.0437506 -0.2451514 -0.1718523 0.4031884 0.3785913 0.0739116 0.0404968 0.0747155 0.1017729 0.2100471 0.2498879 0.0053377 0.2060405 -0.0391139 0.0079438 -0.3336362 -0.1576656 -0.1858647 -0.1580745 0.0866064 0.1038345 0.4440223 -0.0984642 -0.1336520 -0.1647455 -0.3205857 -0.2974531 -0.1186416 0.1220841 -0.2606129 -0.2838131 -0.1445583 0.1987290 -0.2939424 0.0782259 -0.1252583 -0.2039425 -0.1850103 -0.3375550 0.0317431 -0.3758931 -0.2469034 0.1410288 -0.0972241 -0.4368090 -0.5336266 -0.3405440 -0.2868182 -0.4069362 -0.0965230 -0.3544128 -0.3057971 0.0206108 0.0584128 -0.1873036 -0.0959223 -0.2366382 -0.0443900 0.0248964 0.1073675 -0.0279215 0.1653349 0.3912912 0.2899127 0.4903389 0.2712536 0.1533999 -0.0969221 0.5146234 0.1420964 -0.1523407 -0.1573652 -0.1385651 0.0520344 0.0502492 0.2738200 -0.0120787 0.3490298 0.1735414 -0.0323069 0.0233597 0.3723216 0.6578627 0.0617661 -0.0842893 -0.0757366 0.0808670 -0.1368233 -0.0744132 0.6193778 0.3553290 0.1157581 -0.1241993 0.0548378 0.3196313
0.0354632 0.4097969 0.1551719 0.0000000 -0.3699498 0.8815103 0.6844831 0.5073364 0.6188771 0.6099122 0.5181961 0.6847176 0.0568081 0.7847376 0.4687366 -0.3086945 -0.4345265 0.7489552 0.3079149 -0.4245364 0.7186862 0.1758254 -0.4218879 0.7710357 0.2187564 -0.0449449 0.3746457 0.6954554 0.6659105 0.8249118 0.1017920 -0.2480793 0.5930536 0.6785867 0.4723227 0.6117006 0.1012147 0.0785272 0.5821909 0.4248980 -0.1791513 -0.0757109 0.5598103 0.2447154 0.2636075 0.4264399 0.4496679 -0.5564673 0.5451641 0.2552125 0.3668830 0.5064546 0.6551206 0.1659802 -0.5397081 0.4622954 0.0521866 -0.6429959 -0.5683175 0.2297168 -0.0384917 -0.0867302 -0.2766446 0.5278942 0.6913031 -0.1417303 0.1235485 -0.3647649 0.2307738 0.2063878 0.1431873 0.5574238 -0.0357557 0.3284808 0.3213986 0.2356624 0.7006922 0.0967235 0.0865752 0.4543418 -0.1585442 -0.0489062 -0.1220639 -0.0519162 -0.0927036 0.0368018 0.2950632 0.0043276 0.1302668 -0.1791080 0.5233244 0.4832590 0.3951261 0.0172165 0.2663779 -0.0051732 0.7104090 0.1739280 -0.0489530 -0.2078096 0.2049914 0.3565580 0.0950068 0.0537526 0.3045335 -0.0812714 0.2113096 -0.1368719 0.1125888 -0.3142980 -0.1329188 -0.0114413 0.1950881 -0.3633083 -0.4257162 0.4146826 -0.3831848 -0.2043784 0.3186235 0.2733833 -0.1301098 -0.1979621 -0.0467947 0.3491016 0.1374564 0.3212235 0.2262849 -0.1910359 0.5520979 0.4585904 0.4817854 0.2561128 0.2811225 0.5279021 0.2368557 -0.2999922 0.4450955 0.6468381 0.1458217 -0.1793606 -0.2861172 0.1438697 0.0941363 0.0699756 0.0339352 -0.0296106 0.0181416 0.0541257 -0.4967224 -0.3712393 -0.2481557 0.0097960 0.2095252 -0.2640393 0.1469809 0.0385154 -0.5088600 0.0476407 -0.3885606 -0.5206676 0.3670387 0.1615292 0.3017774 -0.5565109 0.3627629 0.2001559 0.3379604 -0.4751354 -0.2592659 -0.0154930 0.3314456 -0.4671960 0.2435621 -0.2673659 0.1000407 0.2797995 0.5892361 -0.0879289 0.5146647 -0.0845391 -0.4072410 0.1139447 -0.1731555 0.1304691 -0.5795375 0.3918114 -0.5855867 -0.5137550 0.1662169 0.6815368 0.5881483 0.5513472 0.2401552 0.5097551 0.4846706 0.5598108 0.2684326 0.7785025 0.5658264 0.2998448 0.7324888 0.2334681 0.2433742 0.5934641 0.1793565 -0.1291939 0.2254711 0.0464931 0.4155415 0.5610830 0.3447168 0.3572791 0.2435049 0.5731526 -0.0968993 -0.5417688 0.1661054 0.2353198
0.5289206 -0.2482089 0.6564292 -0.3699498 0.0000000 -0.5396444 -0.3391640 0.1426403 -0.3302101 -0.4063910 -0.2694796 -0.4297517 0.4212848 -0.3790265 -0.3489821 -0.0171098 0.1098985 -0.4446497 -0.0348514 0.7708975 -0.5452666 0.3955079 0.0318313 -0.5970005 0.3502033 0.0255663 -0.1948105 -0.4780197 -0.5166266 -0.5801820 0.4190580 0.8436975 -0.5755498 -0.5377819 -0.2062001 -0.4488466 0.1008884 0.3518882 -0.6586046 -0.5778653 0.7848506 0.1258335 -0.2848017 -0.4866076 0.0366085 -0.1519960 -0.0430241 0.9416232 -0.4892270 0.0586221 -0.0703237 -0.2582447 -0.3096577 -0.3026960 0.9042850 -0.0275256 0.3386585 0.1394844 0.3634578 -0.0214333 0.2909607 -0.0910706 0.6912153 -0.5675239 -0.5461025 0.5815880 -0.0944684 -0.0194291 0.4491868 -0.4011244 0.0151607 -0.5924223 -0.0709819 -0.4280095 -0.0243696 -0.1596951 -0.4603729 0.0866374 0.1216136 -0.2344693 0.4666673 -0.2170803 0.3903117 0.3646798 0.0943219 0.2205611 -0.0563252 -0.0164293 0.1966084 0.0175711 0.1094396 0.1928292 0.0584361 0.5162855 0.4104242 0.1356435 -0.0338635 0.0567744 0.2983840 0.0914403 0.2438280 0.0233387 -0.1422571 0.2845460 0.0367984 0.2848593 -0.0422171 0.1174670 -0.0705968 0.1075897 0.2949707 -0.2005618 -0.1719412 0.4003785 0.3314842 -0.3643563 0.2354667 0.5031941 0.0182715 0.1328156 0.4834593 0.4268882 0.4070666 -0.3364172 -0.3225275 -0.5917236 0.4735862 0.6054301 -0.3369481 -0.0808867 0.0323382 0.1846991 0.2446440 -0.2476487 0.0930116 0.4494951 -0.2266480 -0.5383392 -0.2480651 -0.1634878 0.2883958 -0.5163931 0.1120593 -0.2465159 0.2804384 -0.0612263 0.0777647 -0.0558589 0.1163107 -0.1694709 0.0926131 -0.0569328 -0.5820387 0.0368352 0.0165216 0.0284243 0.2269401 0.0373662 0.2012630 0.0807735 -0.1964546 -0.4536730 -0.2199537 -0.0533763 -0.2763714 -0.0184709 -0.1121239 0.0650722 -0.2468716 -0.3375650 -0.3036230 -0.0545151 -0.0526243 -0.1643912 -0.2146155 -0.2322311 -0.4281048 -0.3296055 -0.5103130 -0.1797780 0.3213457 0.0199395 0.1284604 -0.1758472 0.6213156 -0.0022580 0.8148000 0.8304972 -0.0484546 -0.4070097 -0.4022338 -0.1422105 -0.3365827 -0.6880651 -0.7049986 -0.7300607 -0.5277743 -0.5674523 -0.4242108 -0.4320731 -0.0514842 -0.1142769 -0.3955957 -0.6292747 0.3614306 0.3503711 -0.3344800 -0.2731835 -0.0414271 -0.3732064 -0.4049207 -0.6672502 0.5236776 -0.1440775 -0.0659052 0.1133203 0.0953202 0.1531059
0.0315010 0.6723582 0.0328774 0.8815103 -0.5396444 0.0000000 0.8596724 0.5408308 0.7789009 0.7999933 0.6632487 0.8177679 0.1153753 0.9066864 0.7205460 -0.0200742 -0.2444568 0.7976606 0.5408221 -0.5956099 0.8027338 0.2159954 -0.2847596 0.7664601 0.3561700 0.1893536 0.5858231 0.7144188 0.8311204 0.8339526 0.1358571 -0.2683932 0.7025020 0.8232356 0.6698667 0.7326895 0.3264515 0.2504028 0.6622969 0.5959741 -0.2805587 0.1404610 0.7524416 0.4119385 0.4816533 0.6611476 0.6121296 -0.6346866 0.7057024 0.4432302 0.5888042 0.7013509 0.7760835 0.3354319 -0.6318549 0.6553521 0.2101705 -0.4280466 -0.4571808 0.4870358 0.1099145 0.1543306 -0.2999327 0.8119394 0.8292170 -0.0974233 0.4141129 -0.2141269 0.2885636 0.5452142 0.3175209 0.6507475 0.1717107 0.4529519 0.4919929 0.4390228 0.7090149 0.2415870 0.0717270 0.4683763 -0.2111870 -0.0226468 0.0662272 0.1165431 0.0531805 0.1792571 0.4159481 0.0785589 0.2434037 -0.0274243 0.4253096 0.3929504 0.4381678 -0.0086417 0.1973766 0.0460389 0.7385614 0.0962447 -0.0754675 -0.3516130 0.2429108 0.2814306 0.0792295 0.1515702 0.2966750 -0.0021392 0.2429209 -0.0753701 0.0937140 -0.2008845 -0.1252687 -0.0527223 0.0741116 -0.3947221 -0.4750039 0.4410987 -0.4024707 -0.3150742 0.2270056 0.1576463 -0.2872888 -0.3333500 -0.2355951 0.2936808 0.1841443 0.4886711 0.0911815 -0.2712854 0.5592185 0.4513019 0.4124302 0.0814246 0.2137812 0.5666174 0.1303333 -0.3965269 0.4134275 0.6312280 0.0353629 -0.1657953 -0.4519763 0.2968159 -0.0267844 0.1182488 -0.0352237 -0.0856734 -0.1815496 -0.1274065 -0.5906256 -0.2881496 -0.2834168 0.0193498 0.2337838 -0.3489532 -0.0223227 0.0627355 -0.6504480 -0.1291012 -0.5174913 -0.5393558 0.2506672 0.1283648 0.3564753 -0.6252195 0.1872230 0.1595089 0.2934100 -0.5278859 -0.2728586 -0.1121363 0.1780367 -0.4881650 0.2784409 -0.1381160 0.2236905 0.2741658 0.6070974 -0.0578631 0.5587966 -0.0239266 -0.4452706 0.1904552 -0.0383062 0.3585225 -0.6110483 0.4690473 -0.6492716 -0.6865336 0.0478072 0.5926903 0.4891165 0.4941636 0.1928604 0.5884610 0.6244528 0.6248149 0.3492637 0.7624086 0.5175083 0.3270949 0.5723611 0.1049416 0.3982115 0.6565976 0.0936801 -0.2619998 0.1412855 0.1187456 0.1562571 0.3655144 0.3764372 0.4402326 0.0494078 0.6138361 -0.0598178 -0.5933136 0.0596014 0.1472662
0.1414929 0.8317490 0.0142372 0.6844831 -0.3391640 0.8596724 0.0000000 0.5629470 0.8230152 0.8051872 0.8167574 0.7874884 0.2380533 0.8502331 0.7666579 0.1583806 -0.2051394 0.7615985 0.5689602 -0.4218104 0.6901287 0.3201435 -0.2151261 0.7207408 0.3924613 0.2012648 0.4364657 0.5542248 0.8174099 0.5989634 0.2296815 -0.0650530 0.5395426 0.7709739 0.6194310 0.7191393 0.3882848 0.4447857 0.5075725 0.4092045 -0.0337598 0.3950723 0.6978877 0.1073100 0.4974782 0.6290886 0.5315547 -0.3282171 0.5265591 0.4785178 0.5692751 0.6304204 0.7535161 0.2789524 -0.3017237 0.5726725 0.2854441 -0.3227927 -0.1558093 0.4775995 0.3745243 0.1510658 -0.2180433 0.8318853 0.8810253 0.0923547 0.4230178 -0.2235840 0.3568387 0.5991416 0.2994935 0.6237224 0.1685593 0.5167976 0.5020780 0.4493375 0.5937025 0.2509575 -0.0774559 0.3140237 -0.2508057 0.0329554 0.4202161 0.3019367 0.0329892 0.2933696 0.4258419 -0.1019335 0.3036726 0.0088107 0.4761558 0.5502799 0.4814284 0.2880860 0.5057985 0.0845699 0.6309344 -0.1428473 0.3090316 -0.2949835 0.4110351 0.2569436 0.1756603 0.5280718 0.1826757 0.2409371 0.3274903 0.2427199 0.2583675 -0.2324221 0.2151339 -0.0948806 0.0571565 -0.2531394 -0.4360791 0.4316161 -0.2517820 -0.2027607 0.3817477 0.2796060 -0.1082519 -0.1950842 -0.0765263 0.3217509 0.2617588 0.2647332 0.2388720 -0.0091984 0.5419536 0.6912620 0.6088945 0.2495025 0.3847321 0.6852531 0.2478789 -0.2057780 0.5367473 0.4071239 0.0858331 -0.1992634 -0.1995905 0.1698405 0.1302074 -0.0176299 0.0510727 -0.0254548 -0.1432396 -0.1662584 -0.4741437 -0.1872318 -0.1969506 -0.0891580 0.0352508 -0.2368517 0.0648524 0.0371792 -0.5110751 -0.2985383 -0.3525828 -0.4947408 0.2057018 0.0101115 0.3886654 -0.5669099 0.1046048 0.1469170 0.3600733 -0.3775438 -0.1342938 -0.1940389 0.1213191 -0.3563435 0.3072411 0.1482658 0.5068848 0.4157473 0.5809272 -0.0175473 0.4962568 0.1398085 -0.1388714 0.4853903 0.2377098 0.5590608 -0.2923549 0.6628751 -0.3252071 -0.5981128 0.0445905 0.4559095 0.3452422 0.3830032 -0.0858076 0.3739635 0.4267098 0.3822072 0.0835187 0.5610871 0.2816893 0.0046808 0.4369646 -0.0678257 0.4408197 0.4626685 0.1552934 -0.4824330 -0.0526968 0.2161569 0.0405054 0.0029826 0.4274151 0.2715483 -0.0183910 0.6047644 0.0603184 -0.4449268 -0.1480800 0.0189882
0.3577257 0.4654260 0.6974700 0.5073364 0.1426403 0.5408308 0.5629470 0.0000000 0.5023793 0.6278344 0.6368005 0.7152412 0.7582579 0.5510290 0.4350511 0.0720670 0.0190503 0.2558929 0.8216156 0.1493974 0.5725961 0.7859646 -0.3400764 0.1624918 0.7360281 0.1921674 0.4121547 0.1060587 0.6033452 0.2365396 0.7311618 0.3173211 0.1008415 0.3374118 0.5183464 0.5787001 0.6871816 0.7524593 0.1845522 0.1039277 0.3892268 0.5538255 0.5188832 -0.1618254 0.7099609 0.6020471 0.7042044 0.0954174 0.0034234 0.5802804 0.6095995 0.5650408 0.5502582 0.0666686 0.0502568 0.7455619 0.5974098 -0.4232659 0.0539581 0.5849768 0.6198280 0.3076485 0.2492215 0.3396565 0.5016455 0.0585287 0.5967453 -0.0074735 0.7741862 0.5243919 0.2567625 0.4709115 0.3214169 0.5848006 0.3912005 0.7135814 0.7147581 0.3602910 0.5055860 0.6525477 0.1860327 0.2002378 0.3143463 0.3089511 0.3507544 0.3647038 0.2579872 0.2863291 0.3892967 0.1194792 0.6363034 0.4113678 0.2710385 0.3475637 0.4162881 0.1331097 0.5714744 -0.0149127 0.0704261 -0.0527334 0.4471962 0.2778311 0.0927645 0.4709860 0.4934053 0.2360636 0.1344733 -0.0606569 0.0482967 0.1707185 0.0733544 -0.1137356 -0.0019204 -0.1434342 -0.1281291 0.3991049 -0.0758081 0.0784565 0.4474531 0.4901501 0.0292396 -0.0332422 -0.1757678 0.2050948 0.0943092 0.1619465 0.3262875 0.0279053 0.4599150 0.3684651 0.2940758 0.2321394 0.2231190 0.6431632 -0.1921051 -0.2178723 0.2363622 0.4091848 -0.2843913 -0.2155802 -0.4313356 0.1402303 -0.0837142 0.0976358 0.2480649 -0.2222851 -0.3249363 -0.3022011 -0.6232179 -0.2578489 -0.3183431 -0.0759185 -0.0661406 -0.4497126 -0.1096946 0.0508675 -0.6274895 -0.2478860 -0.4336645 -0.5208653 -0.0795169 -0.1492962 0.1392958 -0.6496655 -0.1512038 0.0208030 -0.0767495 -0.5915281 -0.5718570 -0.2350542 -0.1943577 -0.4360210 -0.0906173 -0.0258894 0.0353971 0.4464674 0.6125762 -0.0825075 0.3082569 -0.1155576 -0.2774672 0.3622530 0.3308291 0.3884585 -0.2157836 0.8126660 -0.1369373 -0.1198629 0.4765540 0.5379275 0.4281110 0.7075985 0.2758982 0.2650579 0.2865610 0.3032702 0.3529643 0.5124996 0.4710071 0.1772905 0.3974940 0.1874282 0.2437543 0.5090721 0.4178601 0.2439137 0.3060951 0.2689798 -0.2819219 0.1160036 0.1799629 0.3268919 0.4642220 0.7747207 0.1671090 -0.3633241 -0.1582300 0.0570620
0.3324212 0.6716058 0.0570995 0.6188771 -0.3302101 0.7789009 0.8230152 0.5023793 0.0000000 0.9041272 0.6694404 0.7226167 0.2892904 0.8232939 0.9442883 0.2287937 0.0222589 0.8546945 0.6129494 -0.3257365 0.7218575 0.2673249 -0.2093770 0.6441890 0.4938553 0.0599726 0.6294914 0.6742345 0.8811373 0.5946719 0.0872120 0.0502968 0.6088846 0.9026088 0.4990492 0.8463584 0.4209443 0.3586456 0.5584380 0.5453468 -0.1009706 0.5535867 0.6357023 0.2838140 0.6457430 0.4864924 0.4845291 -0.3515605 0.5995861 0.3093294 0.4853842 0.6374460 0.8928804 0.6105158 -0.2891684 0.4626002 0.4412874 -0.0437450 -0.1727455 0.4729920 0.3091313 0.2990717 -0.1750302 0.7752423 0.8067266 0.0195406 0.3536754 0.1585784 0.4015359 0.5768993 0.2356549 0.5900646 0.2809268 0.4538201 0.4529895 0.5932760 0.5541932 0.1252521 -0.1057937 0.4094291 -0.3556060 0.1139042 0.1582690 0.0999118 0.0840227 0.1546236 0.1898117 0.0505304 0.1249355 0.0407991 0.2203269 0.4986079 0.2883204 0.0156229 0.3537046 0.1677774 0.5190222 -0.1722270 0.2623817 -0.1122971 0.1405899 0.5303248 0.2349312 0.2957014 0.1374520 0.3158979 0.2228299 0.3083412 0.2106982 -0.2522660 0.2510200 0.0517851 0.1492251 -0.0135742 -0.2299043 0.5918034 -0.1400779 -0.0434971 0.5185440 0.1518514 -0.0157305 -0.0139262 0.1249987 0.3642062 0.2736158 0.3324954 0.3319562 0.0699325 0.5028651 0.6468427 0.6531182 0.2727106 0.3879463 0.5748180 0.2877990 -0.0552140 0.5869255 0.4557619 0.1144298 -0.0802184 -0.1652873 0.2816313 0.0211182 0.2361275 0.2098797 0.1970169 -0.0443499 0.0154807 -0.3295069 -0.0433415 -0.0131737 0.1404848 0.1906159 -0.0606595 0.0244697 0.2874497 -0.3920317 0.1241912 -0.1193661 -0.3327533 0.3359004 0.2266841 0.5379409 -0.6218389 0.2851337 0.4165687 0.4896277 -0.2824105 -0.1239314 -0.0677585 0.1967457 -0.3632185 0.2759832 0.1850857 0.5011479 0.4069908 0.5660895 0.0827063 0.6600676 0.3778099 -0.0945082 0.6395752 0.4756188 0.7573003 -0.2837265 0.5792310 -0.4284490 -0.4636620 -0.0148913 0.4268794 0.3609309 0.4831223 0.0670522 0.4622319 0.5138574 0.4099314 0.1321053 0.5781403 0.2898782 0.0880439 0.4928019 0.0700316 0.4272861 0.4680410 0.2512834 -0.2195977 0.0473965 0.0975728 0.0849316 0.1289825 0.3957243 0.2559803 0.2731589 0.5610650 0.0295091 -0.4452138 0.2413687 0.2735977
0.2425179 0.5691002 0.0864783 0.6099122 -0.4063910 0.7999933 0.8051872 0.6278344 0.9041272 0.0000000 0.8304798 0.8824804 0.3950542 0.8527097 0.8183953 0.1159792 0.0577583 0.6591409 0.6670079 -0.3275042 0.8277228 0.2855097 -0.3821305 0.5533672 0.5287924 -0.0060558 0.5138921 0.4556571 0.9288152 0.4951015 0.1530463 -0.0688683 0.5514987 0.8217152 0.4726640 0.9356210 0.4631539 0.3906769 0.4725963 0.3849949 -0.2374742 0.5330940 0.5617837 0.2253393 0.6059672 0.5046257 0.5295643 -0.3941406 0.4843047 0.3144320 0.4576005 0.5434150 0.7912901 0.3888480 -0.3561027 0.5424896 0.3886103 -0.2059499 -0.0825116 0.4385829 0.3056707 0.2265272 -0.1063198 0.7766092 0.8261331 -0.1726745 0.3723670 0.0493530 0.4036817 0.6364593 0.0809727 0.5902669 0.1360521 0.5436477 0.2733917 0.6221547 0.6791185 0.0345180 -0.0671353 0.4242958 -0.3694735 0.1636169 0.2219616 0.1768275 0.0975135 0.1055700 0.0573853 0.0120559 0.0318017 -0.0365249 0.2377542 0.3637002 0.3189751 0.0503781 0.2154545 0.1547850 0.6217725 -0.1248854 0.1595412 -0.2648062 0.0747713 0.4048040 0.2503293 0.3550946 0.2844219 0.2515925 0.0678922 0.1787449 0.1345585 0.0141492 0.2303074 0.0862672 0.0670755 -0.0619920 -0.1271685 0.5748960 -0.1046716 -0.1130768 0.4573085 0.2156354 -0.0626206 -0.0362900 -0.1179976 0.3175433 0.2621717 0.4165328 0.1914186 -0.0598194 0.5348858 0.4690757 0.4231965 0.1083043 0.1456498 0.5912474 0.0762940 -0.2775793 0.3542332 0.5281514 -0.1315960 -0.0075009 -0.3809586 0.4130424 -0.0465598 0.3017699 0.0820016 -0.0324910 -0.3440229 -0.2170043 -0.5004942 -0.0169774 -0.0078390 0.1465015 0.2272327 -0.2985116 -0.2117217 0.2888255 -0.5020703 -0.1410716 -0.3140474 -0.2902527 0.0468978 0.2537315 0.5578709 -0.5738823 0.0154417 0.3813735 0.3488573 -0.4293679 -0.1282844 0.0166059 0.0545468 -0.3599449 0.0100089 0.1405412 0.4005615 0.5192485 0.7065926 0.0908107 0.7423663 0.3959869 -0.1744825 0.5671583 0.4681331 0.7417630 -0.3019566 0.7025702 -0.4550710 -0.4971091 0.2031917 0.5437685 0.4567986 0.5487246 0.2025705 0.6158342 0.6656824 0.5635084 0.2404343 0.5959424 0.3620142 0.1284264 0.3089621 -0.0757785 0.3177464 0.5634238 0.1433515 -0.2233334 0.1042012 0.2537041 -0.1427756 0.0568000 0.3234781 0.4576960 0.2649052 0.7290992 0.1084487 -0.4184018 0.1542175 0.1377715
0.0936206 0.5509674 0.1169039 0.5181961 -0.2694796 0.6632487 0.8167574 0.6368005 0.6694404 0.8304798 0.0000000 0.8806256 0.3588341 0.6692330 0.5849709 0.0859153 -0.2198460 0.4865994 0.5345002 -0.3082815 0.7745710 0.2389013 -0.2892713 0.5499166 0.3323590 -0.0067922 0.2085077 0.2505479 0.8008713 0.3163300 0.2264073 -0.1510974 0.3390115 0.5537546 0.4420598 0.8170792 0.3227605 0.4361809 0.2824929 0.1192322 -0.1168583 0.4461961 0.4568627 -0.1029556 0.3326031 0.4942567 0.3855367 -0.2398903 0.2250156 0.3751615 0.3792076 0.3965956 0.5500103 0.0241243 -0.2178566 0.4888376 0.1682479 -0.4007560 0.0550463 0.3107094 0.3426326 0.0000055 -0.1646619 0.7143489 0.8430302 -0.1967948 0.3077385 -0.2931719 0.2577641 0.5531864 -0.0245064 0.5861121 -0.0575212 0.5989826 0.1326529 0.4165934 0.6656052 0.0036989 -0.0606733 0.3188606 -0.2608683 0.2174341 0.4211018 0.2895174 -0.0050178 0.1041370 0.0752296 -0.2110083 0.0690704 -0.0900624 0.4094132 0.4740946 0.4402466 0.2967152 0.4142549 0.1911525 0.6181901 -0.1745487 0.3489215 -0.3476250 0.1464463 0.1618566 0.2441575 0.5569631 0.3680114 0.3080398 0.0782469 0.1847321 0.2406212 0.0581758 0.3700335 0.0421393 0.1410842 -0.1176627 -0.1883263 0.5252183 -0.0542356 -0.1565654 0.5049545 0.3471870 -0.0103769 -0.1423421 -0.0790704 0.4047645 0.3423096 0.3445940 0.0632849 0.1071364 0.6439413 0.5356759 0.4333883 0.1579722 0.0659506 0.6967903 0.1358594 -0.1415490 0.3777918 0.4878918 0.0090336 0.0489533 -0.1856692 0.3743389 0.1159880 0.2892773 0.2061267 0.0039767 -0.3183456 -0.2730763 -0.4318913 0.0050529 -0.0037188 0.1495876 0.1614382 -0.2365910 -0.1440047 0.2907100 -0.4099256 -0.3444961 -0.3614600 -0.2412355 -0.0515984 0.1529464 0.5634687 -0.3398081 -0.0849921 0.3415492 0.3877134 -0.3097809 0.0604083 0.0170928 0.1343965 -0.1651908 -0.0522075 0.1290497 0.2830787 0.6436054 0.7435092 0.1501649 0.6857795 0.4221499 -0.0556032 0.5614271 0.3721970 0.6177613 -0.1637510 0.7879074 -0.2329626 -0.4973933 0.3428796 0.5900086 0.3692363 0.4745880 0.1344207 0.5658263 0.6054303 0.5367438 0.1528192 0.5399280 0.3910942 -0.0006345 0.2925774 -0.1098118 0.3277871 0.5438453 0.1068842 -0.3723966 0.0264854 0.4434518 -0.0960532 -0.0417679 0.4692252 0.5103115 0.1118623 0.6891604 0.2638951 -0.2352246 -0.2602151 0.0214337
0.0629000 0.5169131 0.1109328 0.6847176 -0.4297517 0.8177679 0.7874884 0.7152412 0.7226167 0.8824804 0.8806256 0.0000000 0.2688853 0.7285774 0.6671293 -0.0758919 -0.1416309 0.5331615 0.6308900 -0.4395006 0.9293334 0.3055957 -0.4392753 0.5962542 0.4093269 -0.0890988 0.3632801 0.3394420 0.9200251 0.4567760 0.1783632 -0.2390774 0.4096920 0.6691583 0.4869829 0.9216044 0.2989061 0.3018052 0.3536211 0.2574227 -0.2232218 0.4057368 0.5019479 0.0521509 0.4953071 0.5059202 0.4593984 -0.4481286 0.3116717 0.2899416 0.4049228 0.4937021 0.6800579 0.0802628 -0.4738765 0.5697395 0.1461538 -0.5386727 -0.1532448 0.3326783 0.2186977 0.0637686 -0.1943559 0.7413011 0.8804377 -0.3540316 0.3509969 -0.2227256 0.3058273 0.5503671 -0.0209168 0.7279910 0.0045904 0.6725968 0.1504176 0.5706257 0.8416653 -0.0041987 0.1086656 0.4780178 -0.2996974 0.1184882 0.1459042 0.0682052 0.0285700 -0.0267817 0.1027435 0.0715444 -0.0114917 -0.1343634 0.4057250 0.3818075 0.4285195 -0.0085788 0.1118995 0.0369694 0.6801551 0.1194048 -0.0467912 -0.2108010 0.0650018 0.3030702 0.1735940 0.3033212 0.4195014 0.0388244 0.0570307 -0.0528360 0.1073650 0.1600855 0.0425454 0.0472266 0.2058792 -0.1267638 -0.1339158 0.6630110 -0.0994258 -0.0981452 0.5133140 0.4755460 -0.0296065 -0.1161924 -0.2719266 0.3767674 0.4376000 0.6044342 -0.0437365 -0.1695406 0.7086097 0.3709444 0.3165643 0.0917973 -0.0730798 0.6245795 -0.1390255 -0.3707542 0.2965312 0.7376696 -0.0629934 0.0513882 -0.3715222 0.5329259 -0.0758437 0.3258621 0.0758496 -0.1004861 -0.3497455 -0.2486252 -0.4953037 -0.0234000 -0.1086423 0.1038864 0.3526055 -0.2654657 -0.2216562 0.2168114 -0.4883293 -0.2846291 -0.4848497 -0.3398916 -0.0127438 0.2986731 0.3975836 -0.4926540 0.0050315 0.2305465 0.2498851 -0.3725233 -0.1733563 0.1176066 0.1675713 -0.2265145 -0.0250756 0.0492377 0.1795924 0.6118837 0.8766366 0.0638425 0.7662266 0.2457809 -0.4009856 0.3996878 0.2537140 0.5340072 -0.4986296 0.7020566 -0.5380374 -0.6210297 0.4247966 0.7770400 0.6332539 0.5741502 0.4339591 0.7433955 0.7692949 0.7395215 0.4660668 0.7858938 0.5651277 0.3504977 0.4026272 0.0250955 0.2666378 0.7651391 0.2101837 -0.1777423 0.3195365 0.3615888 -0.0910552 0.2083863 0.4003953 0.6148331 0.2207521 0.7516248 0.1525493 -0.5268121 -0.1081192 -0.0626409
0.4901519 0.2312794 0.7010450 0.0568081 0.4212848 0.1153753 0.2380533 0.7582579 0.2892904 0.3950542 0.3588341 0.2688853 0.0000000 0.2718623 0.2240239 0.3564520 0.2839708 -0.0382983 0.6393190 0.5536871 0.1233453 0.7470446 -0.1566218 -0.2622977 0.6827018 0.2710631 0.2162366 -0.1649729 0.2663644 -0.1028790 0.7624294 0.5781463 -0.0989201 0.0631052 0.1671440 0.2497004 0.7993866 0.8171910 -0.0190216 -0.0913071 0.5405152 0.6481711 0.2215912 -0.2018101 0.6007658 0.3543937 0.5162068 0.4523013 -0.1757446 0.4892417 0.4299305 0.2807808 0.2765477 0.1005327 0.4506872 0.4840749 0.7938844 0.1034559 0.4181469 0.5127539 0.7766978 0.4121326 0.4721626 -0.0088039 0.1028939 0.2856499 0.5269867 0.2901137 0.7890706 0.4320996 0.2106830 0.0425525 0.3852933 0.2986571 0.3113287 0.5384928 0.2732466 0.2833875 0.2424941 0.3702870 0.1432833 0.3641746 0.4836033 0.4779932 0.3801803 0.5021353 0.0312058 0.2149746 0.3967648 0.2176119 0.3178741 0.0559339 -0.0940717 0.6273141 0.4548010 0.1138447 0.2146658 -0.3707745 0.2781540 -0.0542822 0.4821920 0.1440387 0.1327195 0.6208138 0.1900227 0.4728872 0.0399235 0.2174588 -0.0313799 0.0981886 0.3374429 -0.1772632 -0.1620053 0.0306931 -0.0140786 0.0643071 0.0135213 0.0377284 0.2869963 0.1370581 0.1193113 0.1675636 -0.0054121 0.0784959 -0.2096794 -0.2875800 0.6266090 0.2043771 0.0246622 0.3309424 0.2540435 0.2771116 0.4486680 0.4329656 -0.0165866 -0.0333062 0.1517642 -0.1455064 -0.4027944 -0.2881323 -0.3159475 -0.1766805 -0.0836854 -0.0022539 0.2175965 -0.1877491 -0.2802726 -0.2316671 -0.4689251 -0.1565567 -0.1900443 -0.0905797 -0.3743639 -0.4516426 0.0475221 0.0487342 -0.5056144 -0.1154985 -0.1342337 -0.3148442 -0.0712892 -0.3368100 0.1789327 -0.4498848 -0.2225653 0.0223726 -0.1496541 -0.4534827 -0.3932992 -0.3197728 -0.3733850 -0.3399958 -0.3409042 0.1167942 0.1264751 0.2629239 0.2038082 0.0636124 -0.0298864 -0.0087113 0.2053282 0.4562496 0.5539993 0.4434852 0.2954211 0.7126222 0.2948190 0.3130670 0.2936153 0.0309992 0.0713936 0.4738393 -0.1006859 -0.1601895 -0.1154313 -0.1449695 -0.0327391 -0.0316238 0.0253817 -0.1948207 -0.0127324 0.0851803 0.2458261 0.0430867 0.1882361 0.2452024 0.0041397 0.2605074 -0.5458841 -0.2059279 0.0311543 0.0288095 0.4408332 0.5971897 0.2004460 0.1128162 -0.0930773 0.2519326
0.1997642 0.7003417 0.1297245 0.7847376 -0.3790265 0.9066864 0.8502331 0.5510290 0.8232939 0.8527097 0.6692330 0.7285774 0.2718623 0.0000000 0.6871031 -0.0457112 -0.0056555 0.7561368 0.5425421 -0.3398340 0.6810922 0.2433331 -0.3446271 0.6089725 0.4836765 0.2304908 0.5929634 0.6281597 0.7718710 0.7058889 0.2140515 -0.0667795 0.7205989 0.8266475 0.6406816 0.6929065 0.4473805 0.3755137 0.6425037 0.5166290 -0.2195998 0.1791889 0.7394645 0.3954316 0.4936142 0.6478071 0.6673134 -0.4285494 0.6660954 0.4650234 0.5773454 0.6661648 0.7271049 0.4247095 -0.3992422 0.6495287 0.3517057 -0.3066257 -0.3905118 0.4930075 0.1669227 0.1847857 -0.1374889 0.7688000 0.7128614 0.0272933 0.3479375 -0.0925364 0.3976709 0.5441704 0.3183249 0.4496615 0.1614813 0.3426575 0.4910033 0.4450235 0.5660543 0.2833574 0.0119175 0.4233947 -0.1399506 -0.0436714 0.2500478 0.3327890 0.1449201 0.3093897 0.3781328 -0.0243517 0.2880874 0.0275273 0.4362744 0.4870441 0.4305179 0.1100912 0.3597500 0.1919332 0.7284812 -0.0533300 0.1343686 -0.3877582 0.3267424 0.2904733 0.1826367 0.2319657 0.2503398 0.1186274 0.2506994 0.1176467 0.1816618 -0.1615274 0.0271297 0.0492768 -0.1257274 -0.2943303 -0.3428750 0.3233182 -0.2438882 -0.1599623 0.1838529 0.0356251 -0.2282192 -0.1777519 -0.1872247 0.1423932 -0.0341541 0.2223783 0.2515238 -0.1679472 0.3811147 0.4767192 0.4222385 -0.0106271 0.3155366 0.4901555 0.1989659 -0.3839579 0.3154860 0.4084810 -0.1545270 -0.3137381 -0.4965747 0.0863366 -0.0127670 -0.0289268 -0.0761088 -0.2067593 -0.2260642 -0.1798903 -0.6585113 -0.3961756 -0.2504211 -0.0842185 -0.0200040 -0.4845609 -0.1419370 0.0656873 -0.6207380 -0.1761225 -0.4071144 -0.5191993 0.1169845 -0.0460314 0.3705298 -0.6929036 -0.0072941 0.1889838 0.2263633 -0.6393235 -0.2686165 -0.2604455 -0.0787748 -0.5950218 0.2910952 -0.1118148 0.3853730 0.2142282 0.4768972 -0.1276215 0.5096463 0.0330540 -0.2964226 0.2548865 0.0848363 0.4080743 -0.3987972 0.5523725 -0.4802284 -0.4865526 -0.0208335 0.4322858 0.2937617 0.5311645 0.0328447 0.4389197 0.4699009 0.4209374 0.1182558 0.5246586 0.3446889 0.0043020 0.4061377 -0.0672271 0.3001791 0.4458777 0.0882346 -0.2742261 -0.0619582 -0.0572681 0.0607129 0.1741940 0.2366964 0.2569389 0.1372371 0.5772828 -0.1514329 -0.5397474 0.2580158 0.1391061
0.2656643 0.6940284 0.0046264 0.4687366 -0.3489821 0.7205460 0.7666579 0.4350511 0.9442883 0.8183953 0.5849709 0.6671293 0.2240239 0.6871031 0.0000000 0.4090747 0.0238170 0.7998211 0.6678762 -0.4267508 0.6536615 0.2792335 -0.0490226 0.5976445 0.4915897 0.1789497 0.7043702 0.6611679 0.8304910 0.5527508 0.0766237 0.0559933 0.5593972 0.8422713 0.5483214 0.7741093 0.4457541 0.3763023 0.4946800 0.6238760 -0.0749911 0.6263110 0.6601813 0.3521466 0.7165898 0.5407984 0.4751046 -0.3561823 0.6263275 0.3651998 0.5548148 0.6981656 0.8726163 0.6454446 -0.3202342 0.4959149 0.4675023 0.0972076 -0.0898673 0.5740708 0.3501048 0.4321679 -0.2005541 0.7973188 0.7640695 0.0779645 0.5005585 0.2487596 0.3725081 0.6527518 0.3447738 0.5977323 0.4245396 0.4488915 0.5354773 0.6297015 0.4801895 0.2030966 -0.0427486 0.3967124 -0.3073238 0.1042903 0.1553236 0.0873309 0.1712886 0.1639637 0.2715985 0.1919900 0.1891283 0.1479118 0.0859921 0.3817510 0.2509227 -0.0600799 0.2417943 0.1408245 0.4361804 -0.1270129 0.1619089 -0.0848499 0.1139855 0.4445888 0.1064962 0.2585920 0.0939182 0.3279573 0.2032646 0.2315614 0.1123519 -0.2115954 0.1894612 -0.0536957 0.1417335 -0.0212858 -0.2630991 0.5632350 -0.1832178 -0.0960677 0.4433277 0.1233679 -0.0622213 -0.1092376 0.0801096 0.3623331 0.3728554 0.4610047 0.1977420 0.0556582 0.4904928 0.5578659 0.5746600 0.2332389 0.3075103 0.5256132 0.1984537 -0.0015397 0.5632357 0.4396525 0.1694784 0.0194301 -0.1444548 0.3873049 -0.0191061 0.3189072 0.2421162 0.2587926 -0.0718560 -0.0302182 -0.2416679 0.0686849 0.0035070 0.2294695 0.2802353 0.0392448 0.0040863 0.3283937 -0.3726632 0.1309271 -0.1360821 -0.2813757 0.3279831 0.2503086 0.4991617 -0.5671409 0.2841509 0.3793863 0.4743867 -0.1798690 -0.1559963 -0.0830705 0.2169000 -0.2980973 0.2882924 0.1945347 0.4023622 0.3145623 0.4831938 0.0739443 0.5779218 0.3438270 -0.1377383 0.5938638 0.4653393 0.7702441 -0.3101569 0.4655158 -0.4278228 -0.5098148 -0.1117033 0.3416105 0.2855694 0.3710788 0.0843530 0.4342704 0.5157646 0.3995400 0.2088570 0.5566753 0.2779343 0.2128882 0.4668634 0.1100232 0.4933875 0.4705874 0.2282354 -0.1757839 0.0589052 0.1404469 0.0288698 0.0874649 0.4078129 0.2501725 0.1717868 0.4657340 0.0688129 -0.4327164 0.1209750 0.2749245
0.1913481 0.3808245 0.0351945 -0.3086945 -0.0171098 -0.0200742 0.1583806 0.0720670 0.2287937 0.1159792 0.0859153 -0.0758919 0.3564520 -0.0457112 0.4090747 0.0000000 0.0597336 0.1417196 0.4372117 -0.0655662 -0.0902232 0.2501584 0.6440611 -0.0367095 0.2386181 0.5234353 0.3964597 0.1640781 0.0724088 0.0823959 0.2599278 0.2542726 -0.0179265 0.1083024 0.2769614 0.0041366 0.5782691 0.5399154 0.2445817 0.3685907 0.2551344 0.6179361 0.3533377 0.1130258 0.4528894 0.3428107 0.3024321 0.0901338 0.1873645 0.4793668 0.5029322 0.3725596 0.2927734 0.5173127 0.1839207 0.2117651 0.6085683 0.6945208 0.4594296 0.6244287 0.6643911 0.6079008 0.0832786 0.2112775 0.1143792 0.4380202 0.6840802 0.4744871 0.2757125 0.5981909 0.5712390 0.1964408 0.6988687 0.2329543 0.5594776 0.4108106 -0.0349187 0.4399664 0.0590482 0.1284588 0.0650305 0.3736380 0.2006386 0.1212126 0.2585449 0.4753576 0.1889310 0.0487146 0.4306934 0.4693748 -0.1566921 -0.1329169 -0.2233554 0.2627450 0.2687087 0.2548050 -0.2262236 -0.6255760 0.3661705 -0.1062615 0.1712758 -0.0034393 -0.0507605 0.3686445 -0.0105741 0.6235410 0.1498619 0.2509380 -0.0042096 -0.2715839 0.3322955 -0.2300772 -0.0349414 -0.1718030 -0.3799549 -0.0088200 -0.2695474 -0.3664418 -0.0216160 -0.3130794 -0.3565358 -0.3803834 0.2330157 0.1656279 -0.0037038 -0.0258286 0.1720122 0.2970026 -0.0301334 0.3155469 0.1701135 0.2579335 0.3472301 0.3942328 0.2817930 0.4125875 0.4001740 -0.2197692 0.1253575 0.1533510 0.0958962 0.1528909 0.0954437 0.2249381 0.3524972 0.4403314 -0.0634234 -0.0829231 0.0627021 0.3232678 0.0238840 0.2328370 0.0209826 0.1291194 0.2420830 0.0701934 -0.2359064 0.1108827 0.0780069 0.0187376 0.1541949 -0.0845823 0.2685345 0.0327589 0.0809187 0.1206541 0.1652829 0.0169067 0.0186852 -0.1845518 -0.0373515 -0.0385996 0.0348866 0.4399054 0.2419078 0.0860963 -0.1181792 0.3584079 -0.1679089 0.1854541 0.4298065 0.4652619 0.5237696 0.5611635 0.3135865 0.1418043 0.2161868 -0.0167339 -0.2202075 -0.3407022 -0.3001039 -0.0944680 -0.3679907 -0.1977091 -0.0754097 -0.1702998 0.0058403 -0.1002832 -0.1275655 -0.0112545 -0.0060808 0.1019984 0.5503753 -0.0476603 -0.0673618 -0.0274053 -0.1339131 0.4393844 -0.2880734 -0.3176930 0.1754419 0.1097508 -0.3206840 0.1034046 0.4433272 0.4158605 -0.3944438 0.2904593
0.2800967 0.0705285 0.0278709 -0.4345265 0.1098985 -0.2444568 -0.2051394 0.0190503 0.0222589 0.0577583 -0.2198460 -0.1416309 0.2839708 -0.0056555 0.0238170 0.0597336 0.0000000 -0.3147023 0.1852895 0.4494593 -0.1633369 0.1443608 0.0286942 -0.6101853 0.2766605 0.1167565 0.1675868 -0.3758798 -0.0208723 -0.4479478 0.1361927 0.2650804 -0.1397341 -0.0731322 -0.1185915 -0.0430089 0.3489297 0.1357765 -0.0772267 -0.0593745 0.0113956 0.2459737 -0.0971163 0.0579330 0.2479879 -0.0632564 0.0749936 0.2979044 -0.2448926 -0.0949848 -0.0411212 -0.0458792 -0.1449061 0.2561914 0.2420292 -0.0049790 0.2932843 0.4482598 0.0626744 0.0516452 0.0652993 0.2617138 0.2755053 -0.1011526 -0.2938349 -0.0397103 0.0616965 0.5422763 0.1825650 0.1411150 0.0061377 -0.2450125 0.2187094 -0.0263652 -0.0515982 0.2868918 -0.2251280 0.1015143 0.0698560 0.0063993 0.0052263 -0.0555254 0.0912019 0.1619513 0.2325284 0.0934908 -0.1757052 0.2415994 -0.0772647 0.1095381 -0.1189186 -0.2478013 -0.2918632 -0.2132255 -0.2726303 -0.0203193 -0.2577449 -0.0597881 -0.2417090 0.1613099 -0.0072748 0.0985710 0.1098075 -0.1422224 -0.1275495 -0.1741869 -0.0509353 0.1706389 -0.0422904 0.3758808 -0.2239333 0.1742268 -0.3156338 0.3348381 0.4256004 -0.0598690 0.4197344 0.3671722 -0.1254424 -0.2652334 0.0343249 0.3320541 -0.3517283 -0.4460174 -0.3722242 -0.1929554 -0.0079348 -0.2582389 -0.4695331 -0.2261300 -0.3066817 -0.4323031 -0.0844570 -0.4060754 -0.4663655 -0.2966870 -0.3598950 -0.3377450 -0.5333188 -0.3838162 -0.3655439 -0.2187733 -0.6079242 -0.2888019 -0.3385268 -0.3875116 -0.1295228 -0.0651932 -0.1205090 -0.1106516 -0.2273469 -0.4421949 -0.3809395 -0.2572285 -0.3082052 -0.2105372 -0.0183476 -0.0853523 0.0405305 -0.0408581 -0.2505135 -0.3148697 -0.3797868 -0.1787237 -0.4145895 -0.3602493 -0.6044909 -0.0961282 -0.1847136 -0.2245955 -0.6461173 -0.0123831 0.0157246 0.2653557 0.2384347 -0.1557156 -0.1568216 -0.0025184 -0.1363923 -0.0854212 -0.0934610 -0.0020897 0.2768279 0.1198926 0.0760551 0.0271482 0.0547291 0.2616396 -0.0625692 -0.3387722 -0.2410495 0.0266620 0.0453719 -0.1639465 -0.1452585 -0.2452581 0.0562847 -0.3725528 -0.3217720 -0.2341975 -0.5718063 -0.0964398 -0.1236919 -0.1453442 0.0469727 0.1635815 -0.0265627 -0.3460762 -0.5702611 -0.2361172 -0.2910083 -0.1997183 0.0608764 -0.1992142 -0.3194058 -0.0872876 0.3432945 -0.3712396
