0.0000000 -0.1199138 0.2212707 -0.1757375 -0.2330694 -0.2249937 -0.0954937 -0.2403602 -0.0870695 -0.1598922 -0.2118965 0.0307331 -0.2354952 0.0610190 0.0215966 -0.2108811 -0.0660085 0.1402905 -0.2670772 0.2922004 0.0365819 0.0699836 -0.0286589 0.0608484 -0.0224999 -0.0801718 0.2101968 0.1147672 0.0119565 0.4360780 0.3774200 0.1163756 0.0535791 0.0126447 -0.0579994 -0.3332973 -0.0661821 -0.0260749 0.1895606 0.1427220 0.0046467 -0.4392176 0.0526608 0.1354394 -0.2338711 -0.1738483 0.0258846 -0.1733389 0.0229585 -0.2995361 0.0595174 0.0239691 -0.1371616 -0.1080628 -0.0784166 -0.2087269 -0.0874048 0.0558427 0.3988048 0.0253891 -0.0957604 0.0275144 -0.0811570 -0.2425938 -0.3094859 -0.0739438 0.0339281 -0.0238735 -0.0660066 -0.0446449 0.0474492 -0.1691028 -0.0154487 -0.1573307 0.1330278 -0.2126128 -0.3245435 0.2796155 -0.2459391 -0.3427198 -0.2832916 0.1482543 0.3035489 0.1908003 0.0760773 -0.1471402 0.0709979 0.3430203 0.0437506 0.3894204 0.1688931 0.1109391 -0.1244701 0.3787465 -0.2151149 -0.1617071 0.3631658 -0.0349825 0.3707075 0.5676409 0.5551117 0.0334757 -0.0511791 0.2898970 0.0276999 -0.1017634 -0.0816003 -0.1231244 0.1124011 0.2420031 0.4815274 -0.0273390 -0.1947200 -0.1566469 -0.1226799 -0.1659908 -0.1121443 -0.1293052 -0.1276961 -0.2144338 -0.3130065 -0.3390610 -0.2307429 -0.1711576 -0.3996408 -0.0603726 -0.2963600 -0.3681164 0.0333653 0.0280633 -0.0846083 -0.2529292 0.1839575 -0.0883441 0.2958081 -0.1257323 0.2194244 0.1044455 0.3254418 -0.1076318 0.2665868 0.1033630 -0.1805738 -0.1427778 0.3338344 -0.2450279 0.4064710 0.4455655 0.3992145 -0.0475816 0.0218855 -0.1395615 0.3243237 0.2669608 -0.1374605 -0.4448459 -0.1354467 0.4171909 0.1525897 -0.0170879 -0.0253214 0.1422560 -0.5078158 -0.0904535 0.3441512 -0.2005930 -0.0772019 0.4333768 0.3407992 0.2314979 0.2815147 0.2280941 0.5091221 0.2015268 -0.2245945 -0.2334444 0.0844953 0.6148278 -0.0630143 -0.0565132 0.2202441 -0.4005603 -0.1654674 -0.2549310 0.3574172 0.1014659 0.4380581 0.4358513 0.2476561 0.2011042 -0.1903502 -0.0611779 -0.0310756 -0.1372171 -0.1334492 -0.2172295 -0.0459149 -0.0165240 -0.2494447 -0.0195506 -0.2928282 -0.2769706 -0.0910315 -0.1764652 -0.2337413 0.0529860 -0.1573442 -0.1229154 -0.4176620 -0.4113598 -0.2770179 -0.0535153 -0.1170727 -0.2480460 -0.1642623 -0.6579084 -0.2516691 -0.3175638
-0.1199138 0.0000000 0.2805621 0.1607889 0.4533130 0.3421477 0.6418973 0.1288901 0.2805418 0.0633303 0.0200824 0.7482349 0.0332835 -0.0310218 0.1548677 0.0374106 -0.1726336 0.0594378 0.0116402 -0.3361680 0.6711068 -0.0361404 -0.1654332 0.1476467 0.1316065 -0.0496779 -0.2543789 0.0693220 0.3713316 0.0593114 -0.3147848 -0.0212438 0.0190026 0.1768225 -0.0628687 0.6126526 -0.1126791 -0.1299125 -0.2754825 -0.2667065 -0.2831817 0.5889771 -0.1657724 -0.0542647 0.6911219 -0.0875991 -0.0514654 -0.4018523 -0.0049960 -0.2048133 -0.1557421 -0.2024165 0.3352822 -0.2758742 -0.2306128 -0.1209668 -0.1096504 -0.1038480 -0.1259603 -0.1954835 0.5337715 -0.2447329 -0.0889209 0.4069432 0.5848341 -0.0830912 -0.1857241 -0.0943242 -0.0577939 0.1324809 -0.2135213 0.2616682 -0.2050318 0.5611289 -0.0381992 0.1632369 0.3460440 -0.2770852 0.1538532 0.4594870 0.2066834 0.0257251 0.3226939 0.2613511 0.1265616 -0.1101179 -0.0458115 0.1122993 -0.0078916 0.1010489 -0.3232523 0.0012221 -0.1967529 0.0833395 -0.0985802 -0.0567978 -0.2043285 -0.0984927 -0.2979888 -0.0717947 0.0787531 -0.1765565 0.1672282 -0.1577217 -0.0476780 -0.0202519 -0.1368065 0.2902733 0.0674577 -0.2954603 -0.0286971 -0.0179993 0.0655961 0.0433275 -0.1245147 -0.0095163 0.0434563 -0.1230043 0.0161847 -0.1352529 0.3066711 0.2688688 0.2670217 0.3739112 0.1467756 0.1060893 0.3854360 0.2615232 -0.0155839 0.1714103 0.1263145 0.0207265 0.0164680 0.1608994 -0.0191846 0.0174921 0.0462780 -0.0253096 0.0151310 0.0812704 -0.3095864 -0.0512218 0.4142620 0.3475878 0.1040536 0.1792952 -0.2005838 -0.1963555 -0.3021217 0.1009971 0.2013386 0.2541476 -0.2845511 -0.2700473 0.2942471 0.5163731 0.5302271 -0.3327194 0.0925194 0.3727632 0.0416900 0.1405840 0.5116917 0.4979986 -0.0819513 0.1046500 0.2715027 -0.1697057 -0.0635586 0.3176319 -0.1956096 -0.1371846 0.0886841 0.2059011 0.8018890 0.5952317 0.6734104 0.1646487 0.4535182 0.3132303 0.1849986 0.5278020 0.3972060 0.4544481 0.1371682 0.5427738 0.0275012 -0.0271840 0.1629725 0.1491354 -0.2500829 0.3232136 0.4258716 -0.0796094 -0.0253137 0.2654222 0.2000907 0.4684158 0.4006130 0.1529746 0.3931518 0.2035984 0.2934985 0.4245838 0.1578537 0.2903285 0.0924684 0.3947364 0.0208013 0.2808448 0.5567584 0.1066917 -0.0647010 0.3961613 0.2093942 0.2443066 0.2281886 0.4630281
0.2212707 0.2805621 0.0000000 0.5395874 0.5487655 0.5182760 0.1959277 0.6232613 0.4454120 0.5952037 0.5552436 0.3539146 0.6779295 0.5262853 0.3062947 0.4040356 0.3938035 0.3207487 0.2369688 -0.1917761 0.0282974 0.4989392 0.2031549 0.1658794 0.3427476 0.2030101 0.3115358 0.0481655 0.2661787 -0.0041445 0.1222992 0.3411723 0.1302138 0.2389856 0.1880907 0.0600056 0.3794645 0.4879730 0.1601221 0.1715742 0.5299045 0.0672939 0.2064590 0.1199280 0.0530660 0.2378991 0.3399664 0.3984950 0.3252337 0.3403281 0.1769320 0.2488534 0.3632076 0.3308839 0.2826742 0.3108272 0.3138514 0.4952486 0.4642164 0.2099884 0.0307088 0.2372180 0.0209173 0.6358437 -0.0042460 0.2216579 0.2388754 0.5046562 0.1471900 0.5704923 0.3352562 0.4578088 0.3581518 0.3088174 0.3695442 0.5970616 0.4584194 0.3477749 0.4494300 0.0711324 0.3465582 0.2683034 -0.0312165 -0.1084275 -0.4439059 -0.4319299 -0.0491623 -0.0148725 -0.1907217 -0.2384800 -0.3864372 -0.4818441 -0.3781428 -0.1000548 -0.2768718 -0.2198891 -0.2380831 -0.4727189 -0.1491514 -0.0674023 -0.1486274 -0.4778717 -0.4120336 -0.5377348 -0.2856899 -0.1033826 -0.4870335 -0.0430137 -0.3800465 -0.2331097 -0.1333159 -0.4529886 -0.3228720 -0.3639184 -0.4225097 -0.3639245 -0.3466277 -0.4133543 -0.3814077 -0.4248131 -0.2848568 -0.2638577 0.0958804 -0.1327920 -0.4252262 -0.1564677 0.1012726 -0.0208935 -0.0956971 0.2109302 0.0082854 -0.0450541 0.0519225 0.0190283 0.4572847 0.2544726 -0.0310238 -0.1662119 0.0717764 -0.0153243 0.1434234 0.0635433 0.2243631 0.0670797 0.0044096 0.1973173 0.1304345 0.1282374 0.3186018 0.0268325 -0.1914355 -0.0704355 0.0711363 0.1792756 -0.1924443 -0.0212637 0.2856859 0.0483652 0.2440968 -0.0403567 0.0893832 0.0409441 -0.0135347 0.1036278 0.0776880 -0.0941836 0.0762438 0.1054900 0.0691760 0.0708133 0.0734095 0.1924760 0.4513479 0.1938424 0.1406050 0.0153313 0.0767456 0.1938069 0.0027577 -0.1628382 0.0237445 -0.1090235 0.2359887 0.0596100 0.4579306 0.0799261 0.3214793 0.1850075 -0.0180536 -0.0835759 -0.3164831 0.2634779 -0.1728428 0.0037168 -0.1526778 -0.0066061 0.1304839 0.3856360 0.0941905 -0.1297206 0.2083902 0.2664130 0.3611380 0.3334089 0.4366078 0.3298670 -0.0040459 0.1089245 0.3860380 0.4652929 0.2234733 0.4914022 0.2259466 0.1610125 -0.0575126 -0.1753909 0.0907189 0.3332913
-0.1757375 0.1607889 0.5395874 0.0000000 0.4351660 0.9249394 0.1128409 0.7982383 0.7284370 0.8861482 0.8296428 0.1941697 0.3503276 0.4614981 0.4883032 0.7009002 0.4375316 0.4665956 0.7057474 -0.2383918 -0.0095670 0.6279177 0.3011438 0.4009833 0.6966551 0.4424252 0.2024663 0.2624538 0.3173894 -0.0018433 -0.0657017 -0.0068061 0.3988759 0.4465028 0.3465037 0.1289794 0.1239413 0.4423838 0.3651007 0.3632223 0.2518514 0.2616700 0.3289801 0.4453753 0.0987718 0.0893330 0.3562324 0.1812021 0.5694172 0.2345342 0.3353613 0.2826951 0.4124863 0.5110786 -0.0259375 0.0645478 -0.1184635 0.7337127 0.3931307 0.2959784 -0.1234544 0.3800419 -0.3866875 0.5948460 -0.3317011 -0.3572136 0.3426876 0.7337393 -0.3939807 0.8121842 0.1428441 0.6022653 0.6724623 0.0381477 -0.0213477 0.7278520 0.5138977 0.2757185 0.6379613 0.0570340 0.2240645 0.0922942 -0.1757927 -0.3951550 -0.2178191 -0.3368185 -0.0589306 0.0933620 -0.3770486 -0.3279161 -0.4576170 -0.2687090 0.0489144 -0.1386604 -0.3410411 -0.2193250 -0.2119912 -0.0646454 -0.3687605 -0.3364025 -0.4429608 -0.2616698 -0.2857991 -0.6159649 -0.2447165 -0.3245193 -0.2739165 0.0418471 -0.3460008 -0.2153756 -0.4973395 -0.2638147 0.1572613 -0.0815337 -0.1735555 -0.0479898 -0.1902742 -0.1049733 -0.1088337 0.0020070 0.0103068 -0.0879099 -0.1342385 0.2785600 0.0997000 0.1300467 0.3699550 -0.0080871 0.0360229 0.5425938 0.3757606 0.2426429 0.2598679 0.2209523 0.0907949 0.0564220 0.1580797 0.0144895 -0.0477021 0.0474758 0.0565097 -0.0511514 0.1762750 0.1811829 0.0304349 0.2189874 0.0034618 0.0150369 0.1338857 0.0244384 -0.2224206 0.1284317 -0.0685857 0.0457336 -0.1568828 0.1189729 0.2857281 -0.0982013 0.2855490 -0.2074390 0.2170806 -0.2072675 0.2449869 -0.0696399 0.0830358 -0.0196712 -0.0095629 0.0726177 0.1913428 -0.1053457 0.0928664 0.2731549 0.2272775 -0.0823141 0.0928031 -0.0502636 -0.1547165 -0.0070053 0.2105022 0.2501503 0.3929976 0.1983829 0.4104114 0.2025755 0.1908083 -0.3511340 -0.2315006 -0.2339563 -0.5666383 -0.5259074 0.0815637 0.0541143 -0.5145747 0.2854516 0.2179633 0.2036631 0.1851611 0.3102738 0.1715625 0.0668424 0.2473768 0.0289203 -0.1644137 0.0018686 -0.1363176 0.0688417 0.0658895 0.3317195 0.3157606 0.4544930 0.1246123 0.2547189 -0.1003641 0.2824169 0.2892181 -0.0888408 0.2991146 0.6049156
-0.2330694 0.4533130 0.5487655 0.4351660 0.0000000 0.5804088 0.1090622 0.4523943 0.5175616 0.4493408 0.4071068 0.3401385 0.4569801 0.2173473 0.4228242 0.4546022 0.1844102 0.2060361 0.3785948 -0.2345366 -0.0950680 0.2244325 0.1764292 0.2140780 0.1629118 0.3477882 0.0895468 -0.0208697 0.5167872 -0.2071436 0.0175758 0.4268963 0.1104314 0.4075616 0.1976904 0.1598378 0.5818418 0.3079274 -0.2989588 -0.2745182 0.2370428 0.3167196 0.0913327 -0.0579877 0.4247532 0.4803747 0.4018066 0.3130212 0.2502731 0.4495566 0.1656116 0.0156987 0.5618397 0.0611355 0.5246059 0.5448285 0.5534873 0.3613059 -0.1431815 0.1520637 0.2573925 0.0792246 0.4008464 0.7668434 0.3247704 0.3989043 0.1728823 0.3241434 0.4024341 0.5220070 0.3650524 0.5808701 0.3158887 0.4254332 0.3311776 0.7154781 0.6858075 0.1458756 0.6930091 0.5578674 0.5353954 0.1411454 0.0399087 -0.0374504 -0.3429722 -0.3131561 -0.2431498 -0.2470494 -0.4097358 -0.3293673 -0.3851335 -0.2473651 -0.2761343 -0.0192703 -0.3444102 -0.2567238 -0.1349219 -0.3193530 -0.2245739 -0.1936047 -0.1877092 -0.3141029 -0.0921722 -0.3056752 -0.1332342 -0.2179785 -0.3185496 0.0900835 -0.0495183 -0.5889000 -0.2823554 -0.1439500 -0.0431932 -0.1624058 -0.2073948 -0.1217820 -0.0857541 -0.1505995 -0.1032947 -0.1535941 0.1809385 0.2065703 -0.0915999 0.2362698 0.0593551 -0.1552998 0.5587343 -0.1444534 -0.1148496 0.2467519 0.1432834 0.0097616 0.1164417 0.1303246 0.0758445 0.0522420 -0.1298269 -0.1553431 0.0532121 0.1402073 -0.3291629 0.0344140 0.1738655 0.1897630 -0.2085663 0.2258947 0.0611859 -0.0224747 -0.3728312 0.2463071 0.0659907 0.0636117 0.0953901 -0.4181221 0.0444237 0.4835402 0.3422907 -0.4223700 -0.0624279 0.2536250 -0.2238404 0.3793991 0.4249187 0.3999759 -0.2450645 -0.0118016 0.1624619 -0.3936200 -0.0648559 0.1921159 -0.2941071 -0.2242330 0.1490579 -0.1203957 0.2805213 0.2487835 0.0735145 -0.3568159 -0.1770935 -0.1697110 -0.0638083 0.1675040 0.1559455 0.3285109 -0.0355839 0.0972157 0.0213648 -0.2537766 0.0473522 0.0819751 -0.0494683 0.5077610 0.0833271 0.3092214 0.0333846 0.3249664 0.0523659 0.5403707 0.3779546 -0.2137258 0.5367202 0.3799598 0.1425131 0.2898329 0.6313068 0.3209968 -0.0742271 0.3803176 0.6528028 0.6583425 0.2084014 0.4515452 0.4613743 0.5301268 0.3705719 0.4479647 0.4811246 0.6167230
-0.2249937 0.3421477 0.5182760 0.9249394 0.5804088 0.0000000 0.1955853 0.6578711 0.8517237 0.8295662 0.7354412 0.3319302 0.3378587 0.3738782 0.6253125 0.6405744 0.2812461 0.5304473 0.5878164 -0.2507229 0.0571141 0.4862460 0.1707062 0.5152640 0.5882549 0.3538503 0.1062050 0.3115740 0.5534698 0.0729277 -0.1135752 0.0078139 0.4483359 0.6075845 0.2286013 0.1942757 0.0944515 0.2769501 0.2524472 0.1959158 0.1814567 0.3121831 0.2153633 0.4159491 0.2752006 0.0392156 0.2836567 0.0310837 0.6035561 0.1391536 0.2341581 0.1353342 0.5708450 0.3783161 0.0328915 0.0379308 -0.0986722 0.7087446 0.2854791 0.1827370 -0.0217433 0.2538199 -0.2576039 0.6868659 -0.1604158 -0.2780259 0.2471436 0.6485109 -0.2953836 0.8589898 0.0817815 0.6516981 0.6048008 0.1722843 -0.0097232 0.7878952 0.6037485 0.2176684 0.6846241 0.2246527 0.2282576 0.1680621 -0.0210631 -0.2445592 -0.1037304 -0.2949711 0.0490804 0.0912034 -0.3018075 -0.2115083 -0.3595136 -0.1699663 0.0523797 -0.0652435 -0.3527790 -0.1340272 -0.1351152 0.0065000 -0.2700217 -0.2388058 -0.3874515 -0.1966544 -0.2091114 -0.5428516 -0.0616748 -0.2831424 -0.2946944 0.0204697 -0.2024956 -0.3494155 -0.3504795 -0.2326454 0.1933093 -0.1189502 -0.2350012 -0.0516951 -0.2205732 -0.1645053 -0.1461497 0.0906645 0.1253356 0.0006394 -0.1327128 0.4216063 0.2820882 0.3354840 0.5891688 -0.0165419 0.1791199 0.6702573 0.5200993 0.2495899 0.3288982 0.4391427 0.0828530 0.1133730 0.2568713 0.1513936 -0.0085674 0.2892726 -0.0624051 0.1245473 0.2163242 0.4473327 0.1211282 0.3531815 -0.0214630 -0.0286209 -0.0053482 0.2863001 0.0595521 0.3670174 -0.0288773 -0.0399281 0.0746970 0.2765769 0.3252805 -0.1533090 0.1655105 -0.0208281 0.1867021 0.0860031 0.3581092 0.1527915 0.1183169 0.0785664 0.1053767 -0.0071683 0.1598319 0.1420024 0.0160970 0.1823886 0.1977924 -0.1310888 0.1904713 -0.0362738 -0.1576058 -0.0466840 0.1917890 0.2103511 0.4235175 0.3418496 0.4579354 0.4108004 0.0988649 -0.2224445 -0.1877611 -0.1531940 -0.4264971 -0.3014900 0.1977529 0.2254748 -0.2751408 0.4782531 0.4206888 0.4829855 0.3840845 0.5375111 0.3900691 0.2702266 0.4682165 0.1490124 -0.0401542 0.1655468 -0.0214231 0.1242365 0.1725195 0.5423773 0.3935772 0.5817727 0.2176530 0.4154968 -0.0248504 0.4854269 0.5074623 0.0085297 0.3649110 0.7390876
-0.0954937 0.6418973 0.1959277 0.1128409 0.1090622 0.1955853 0.0000000 0.2391747 -0.0621907 0.0588852 0.1783606 0.7373240 0.0232580 0.2389041 -0.1005527 0.2631142 0.1026414 -0.2284210 0.1465304 -0.5880553 0.8058358 0.3243099 0.1701666 -0.1991697 0.4881134 0.0441963 0.1044637 -0.2381736 0.0449339 0.1154568 -0.1309709 -0.1192242 -0.2787063 -0.2258127 0.1888952 0.6124116 -0.0610037 0.0469982 0.2946948 0.3173388 -0.1421856 0.3444983 0.1526369 -0.1730451 0.2176538 0.0352269 0.1092717 -0.1623503 -0.2382632 -0.1486009 0.1068609 0.2161276 -0.1247029 0.2728750 -0.3321296 -0.1208386 -0.2121312 0.1047983 -0.1022431 0.1097131 0.0882045 0.1136691 -0.3214811 0.1056761 0.5323368 -0.3412072 0.0999746 0.1442029 -0.3510939 -0.1006468 -0.1968472 -0.0128437 0.0000433 0.1747314 -0.3321963 -0.0265142 0.1096370 -0.3984112 0.2000189 0.4886831 0.2111144 -0.0488199 -0.0062761 -0.0798063 -0.1948710 0.1564995 0.0209429 0.0267079 0.0122408 -0.1976084 -0.3663900 0.0108686 0.0709188 -0.1255802 0.1407815 -0.0246196 -0.2969544 0.0148036 -0.4760016 -0.3746997 -0.1538323 0.0553229 0.1047492 -0.0983752 -0.3194592 0.0406335 0.1548458 0.4673622 -0.2252443 0.0549137 -0.3473813 0.0551662 0.2040150 0.3682496 0.2476696 0.3113644 0.3693522 0.2097363 0.3563138 0.0476647 0.5179809 0.5222486 0.3024829 0.4626499 0.2355786 0.0898917 0.3389869 0.1818410 0.0982042 0.0040200 0.1433403 0.1419275 0.0991398 -0.0432564 0.1633312 0.1196968 0.0670565 0.1146821 0.0593290 -0.1227792 0.1126677 -0.0198704 0.2553322 0.0366626 0.2740349 0.2483934 0.0252889 0.0221209 0.0039755 -0.0881153 -0.0335982 0.2422802 -0.1537413 0.0328356 0.4497508 0.3058770 0.2715275 0.0131832 0.3286964 -0.0690369 0.3309043 -0.0711154 0.3356022 -0.0035255 0.1902871 -0.0030869 -0.0118451 0.1419051 0.2603186 -0.0309189 0.0714633 0.2287957 -0.2859605 0.2304744 0.8393730 0.5700621 0.5621028 0.3945609 0.6672792 0.3953970 -0.0037993 0.3458904 0.1278648 0.0495618 -0.0719479 0.3971909 -0.0975872 0.0652036 -0.0057441 -0.2462673 -0.2669912 -0.0013414 0.1979940 -0.3743339 -0.2485167 -0.0361416 0.4025839 0.1067078 0.1643813 0.1574774 0.3149982 -0.1020068 0.4496633 0.6910630 0.0097995 0.4171944 0.0834267 0.0862932 0.1108754 -0.1559529 0.4682752 0.0996373 -0.0951000 -0.0123242 -0.2549033 0.2848591 -0.0633036 0.3202929
-0.2403602 0.1288901 0.6232613 0.7982383 0.4523943 0.6578711 0.2391747 0.0000000 0.2687806 0.8267872 0.9059346 0.0684716 0.6031987 0.6614353 0.0262120 0.8176081 0.7734842 -0.0121670 0.8226834 -0.3303416 -0.0186440 0.8050276 0.6576463 -0.1336909 0.8053400 0.6756643 0.5398902 -0.2410110 -0.1246314 -0.4081945 -0.0840371 0.2595831 -0.1039238 -0.0620596 0.6740779 0.2154430 0.4314150 0.8245947 0.3816754 0.3017390 0.3061428 0.2426047 0.6394887 -0.0356419 -0.1106090 0.4648248 0.6554499 0.5454613 0.0922324 0.5780275 0.6304658 0.6398674 0.0574326 0.6942606 0.1491665 0.3347662 0.1517045 0.5966887 0.1927493 0.6425733 -0.2574413 0.6735469 -0.3561059 0.4950327 -0.1622326 -0.1828266 0.6491008 0.8215156 -0.2953427 0.5124153 0.4753763 0.5654267 0.7376146 -0.0587368 0.1964474 0.5273025 0.3869376 0.3662884 0.6396346 0.0674510 0.5450825 0.2001034 -0.1684112 -0.3321127 -0.4999396 -0.2705672 -0.1713477 -0.1226317 -0.3844464 -0.4330984 -0.5202478 -0.3175944 -0.1639008 -0.1281556 -0.1562751 -0.3287480 -0.4160256 -0.3469136 -0.4288136 -0.5395909 -0.3316683 -0.3380929 -0.1830422 -0.5876067 -0.5441667 -0.2799940 -0.2312890 0.2408078 -0.4341634 -0.2413913 -0.6789648 -0.2897737 -0.0381226 -0.0566023 -0.0794102 -0.0559290 -0.0668804 -0.0661396 -0.0421248 -0.2122126 -0.0354367 0.0269424 0.0396976 0.0738263 -0.2326043 -0.3193962 0.2682955 -0.0081638 -0.3250868 0.1229628 0.0034727 0.1735440 0.0571172 -0.1777469 0.2025506 0.2007332 -0.2316246 -0.3415708 -0.1716016 -0.3711931 0.0996965 -0.3577971 0.2644933 -0.2630607 -0.2135013 0.2696766 -0.0079842 0.0331945 0.1093800 -0.1565407 -0.4171430 -0.2259890 -0.2207220 0.0257687 -0.2141708 0.1162929 0.4257412 -0.1474698 0.4193131 -0.1831809 0.3056522 -0.3928814 0.3079924 -0.0968451 -0.0737327 -0.0016798 0.0847703 -0.0555882 -0.0313671 -0.4401279 -0.0961919 0.1141407 -0.0584530 0.0664513 0.2536691 0.2306040 0.0031186 -0.0855418 0.1608107 0.1582690 0.0645196 0.1195780 0.1691989 -0.0523315 0.0133374 -0.3620933 -0.3275218 -0.4844005 -0.6504673 -0.6261155 -0.2609308 -0.1749049 -0.6457846 -0.1637855 -0.2745512 -0.2598969 -0.0462523 -0.0302263 -0.1662649 -0.3474999 0.1462929 0.1533384 0.1982703 0.2203263 0.1166844 0.3670260 -0.1610935 0.0019081 0.3601429 0.2299293 0.3237314 0.1007358 0.0043091 -0.1057691 -0.2065061 0.1279873 0.1115107 0.4766043
-0.0870695 0.2805418 0.4454120 0.7284370 0.5175616 0.8517237 -0.0621907 0.2687806 0.0000000 0.5726735 0.3664335 0.3707314 0.1577345 0.0530868 0.8758989 0.2327887 -0.1467414 0.8176976 0.1844160 -0.0544856 -0.0396355 0.1025511 -0.2767545 0.8354830 0.1472443 -0.0417077 -0.2888165 0.6600148 0.8201427 0.3525719 -0.0834022 -0.0731706 0.7672038 0.8978160 -0.2312065 0.0235616 -0.0804666 -0.1107629 -0.0014769 0.0456130 0.1948949 0.2643159 -0.2271719 0.6687865 0.4484588 -0.2186822 -0.0788242 -0.1687594 0.8640603 -0.0411096 -0.1959427 -0.3050735 0.8034710 0.0099178 0.0784079 -0.0255056 -0.0706922 0.5474584 0.4076760 -0.2501791 0.2445865 -0.1773945 0.0169041 0.6881504 -0.1392296 -0.0455230 -0.1751541 0.2896703 -0.0086190 0.8674502 -0.1280412 0.5218934 0.2698639 0.3867881 0.0055771 0.7953260 0.6529137 0.1526580 0.4971441 0.1946782 -0.0091567 0.0654170 -0.0321728 -0.1591035 0.1319608 -0.3611215 0.0767279 0.1768645 -0.1762497 -0.0624134 -0.2020936 -0.2129894 0.0027119 -0.0856897 -0.4228804 0.0252810 0.0465640 0.0762017 -0.0873605 0.1284797 -0.2977010 -0.2606221 -0.3356698 -0.4143307 0.2234607 -0.1790869 -0.4115309 -0.2854301 -0.1198574 -0.2978024 0.0127474 -0.2885645 0.0747169 -0.3035265 -0.4318643 -0.2402585 -0.4291480 -0.3445548 -0.3567859 0.0455079 -0.0568530 -0.2446442 -0.1388696 0.2861635 0.2962682 0.5188424 0.4233824 0.0249948 0.3794436 0.7896675 0.6149461 0.1636048 0.3532113 0.6670579 0.0296418 -0.0047256 0.4743532 0.3547567 0.1656449 0.5997255 -0.1051290 0.3823585 0.1197319 0.6897741 0.2263637 0.1823774 0.0410158 -0.0074784 0.0334431 0.4058699 0.1930322 0.5049510 0.2013006 -0.0257364 0.0417921 0.1956229 0.1050437 -0.0975043 -0.0286240 -0.0148547 -0.0232995 0.3038329 0.1539055 0.1887492 0.1682507 0.0035522 0.0257499 0.0834753 0.2232040 0.3902679 0.1234881 0.2068652 0.4218266 -0.2002058 -0.0534994 -0.2348418 -0.2084172 -0.0208888 0.0246751 0.0673732 0.4733842 0.2237723 0.5379796 0.5255752 0.3398465 -0.0131576 0.1305685 0.1991596 -0.0619975 0.0346554 0.3113530 0.5316414 0.0259488 0.7193101 0.6417872 0.7090797 0.3804321 0.7684139 0.6555839 0.4443699 0.4761617 0.1368289 -0.2201518 -0.0140947 0.0582414 -0.1008725 0.2975972 0.6784794 0.3532930 0.7689307 -0.0596197 0.5305907 0.1151781 0.7586509 0.7794703 -0.1448448 0.5062386 0.6193304
-0.1598922 0.0633303 0.5952037 0.8861482 0.4493408 0.8295662 0.0588852 0.8267872 0.5726735 0.0000000 0.9370827 0.0029020 0.5440710 0.7135198 0.2854687 0.7825973 0.6647555 0.2753628 0.6494855 -0.1751414 -0.1978094 0.7239279 0.4910263 0.1720593 0.6703852 0.5400584 0.4954163 0.0051319 0.1562505 -0.0916454 0.0298165 0.2282319 0.1285178 0.3001953 0.5245163 -0.1235416 0.3527795 0.6259874 0.4751786 0.4043824 0.2943653 0.0226097 0.5530560 0.2010827 0.0361089 0.2409492 0.5258307 0.3950467 0.3805422 0.3481079 0.5129623 0.5083035 0.3010973 0.6818505 0.1402200 0.1996268 0.1039630 0.8454372 0.4144817 0.5204579 -0.1832641 0.5911124 -0.2871623 0.5395867 -0.3563845 -0.1885611 0.5671654 0.8892138 -0.2801481 0.8238321 0.3749049 0.5806526 0.7893559 -0.1108018 0.1287713 0.7127311 0.3901561 0.3992437 0.6139567 -0.0801211 0.2040673 0.2448776 -0.0636036 -0.1605269 -0.2486551 -0.3033172 0.0059974 0.0566611 -0.3872512 -0.3402759 -0.3347723 -0.1685248 -0.0266144 -0.0437004 -0.2571582 -0.2109020 -0.1647746 -0.1443790 -0.2077244 -0.3238455 -0.3897291 -0.2618748 -0.2847916 -0.6325295 -0.3163283 -0.2836755 -0.3030466 -0.0369720 -0.3955995 -0.1647186 -0.5365628 -0.3824154 -0.0220039 -0.1595137 -0.1625130 -0.0406658 -0.1421947 -0.1005587 -0.1074095 0.0174611 -0.0462519 -0.0387768 -0.2483687 0.0301983 -0.0852850 -0.0500312 0.2522433 -0.1516898 -0.1709066 0.3081817 0.1215789 0.0124440 0.0610667 0.0341341 -0.0244241 0.0168833 -0.0926559 -0.1945444 -0.1954365 -0.0874224 0.0696471 -0.1814282 -0.0456122 0.0333212 -0.1438888 0.1113113 0.0258759 0.0679273 0.1134688 -0.0466252 -0.2764532 -0.1113650 -0.0767481 0.0886848 -0.2177182 -0.0764112 0.1747031 0.0397513 0.1392943 -0.1602894 0.2147923 -0.1557616 0.0899263 -0.0996570 0.1154530 -0.0123163 -0.0416388 0.0071647 0.0164272 -0.1454759 0.0807550 0.2096091 0.1950758 -0.0026686 0.0297654 -0.0149935 -0.1604182 -0.0043217 -0.0053532 -0.0134304 0.2144535 0.0007660 0.1616717 -0.0203837 0.1752335 -0.2942252 -0.0797452 -0.2487117 -0.6115043 -0.4725071 0.1243186 -0.1511640 -0.6654763 0.2283074 0.1083425 0.0381443 0.0855753 0.1265135 -0.0355850 -0.0664149 0.0948605 0.0393174 -0.0296012 -0.0116399 -0.0707081 0.0312099 -0.1256015 0.1342212 0.3101128 0.3867389 0.1533883 0.2631011 -0.1062780 0.0990103 0.0894084 -0.0819602 0.1895571 0.4843421
-0.2118965 0.0200824 0.5552436 0.8296428 0.4071068 0.7354412 0.1783606 0.9059346 0.3664335 0.9370827 0.0000000 -0.0224097 0.5504485 0.7844638 0.0919772 0.9185217 0.8230231 0.0110302 0.7993366 -0.2730287 -0.1192784 0.7966198 0.7085965 -0.0942796 0.8108118 0.7201269 0.6406400 -0.2618972 -0.0320135 -0.2964129 0.0342772 0.2849197 -0.1233525 0.0401620 0.7201113 0.0044886 0.4616092 0.7716239 0.5440755 0.4245856 0.2534296 0.0067369 0.7253620 -0.0366650 -0.1390765 0.4410122 0.6951209 0.5079580 0.1325613 0.4623465 0.6971442 0.7118051 0.0825235 0.8110495 0.1881215 0.2796713 0.1262428 0.7932991 0.2444297 0.7129776 -0.3396512 0.7639795 -0.3378565 0.4534229 -0.2830715 -0.2516076 0.7344370 0.9502334 -0.3392630 0.6544694 0.4843794 0.5782510 0.8752114 -0.2016475 0.1252645 0.6053310 0.3175838 0.3795499 0.6697799 0.0233946 0.3719617 0.1999563 -0.1335290 -0.2789821 -0.3855209 -0.2611768 -0.1009017 -0.0448305 -0.4868571 -0.4479716 -0.4691170 -0.2612760 -0.0554118 -0.0633934 -0.2819068 -0.3688915 -0.3597497 -0.2437988 -0.3727819 -0.5444279 -0.4405584 -0.2135589 -0.2324678 -0.6352945 -0.4977633 -0.3509360 -0.2063362 0.1232014 -0.4053739 -0.2123645 -0.7111432 -0.2891758 0.0200121 -0.0372861 -0.0130349 0.0573045 0.0064409 0.0271044 0.0391140 0.0176823 0.0687291 0.1071831 -0.2789108 0.1165855 -0.0722672 -0.1821480 0.3412946 -0.2274100 -0.2375285 0.1742403 0.0544164 0.0761119 0.1063712 -0.1670929 0.0275647 0.0535970 -0.1672695 -0.2658658 -0.1944973 -0.2938300 0.0989247 -0.2970827 -0.0109912 -0.1766433 -0.1588425 0.1673283 0.0387396 0.0852561 0.0521535 -0.1055459 -0.3461559 -0.1850187 -0.1448740 0.0242158 -0.2273544 -0.0010072 0.2439836 -0.0250283 0.2176743 -0.1875361 0.2267610 -0.2714095 0.1815537 -0.1445384 0.0137778 -0.0322461 -0.0643433 -0.0698080 0.0125667 -0.3150059 0.0033683 0.1640623 0.0411833 -0.0600120 0.1467731 0.0763337 -0.1388575 -0.0542884 0.0674616 0.0242504 0.0525117 -0.0199720 0.0297409 -0.1408688 -0.0208550 -0.3809894 -0.2328005 -0.3946675 -0.6511807 -0.6123206 0.0039387 -0.2644351 -0.6792500 0.0476925 -0.0780046 -0.1016191 0.0977942 -0.0040268 -0.1780170 -0.2009451 0.0882765 0.0455349 0.0515777 0.1106225 -0.0527464 0.1776355 -0.1911582 0.0197147 0.3534022 0.1900974 0.1992858 0.1653091 -0.1187967 -0.0886991 -0.1086045 0.0115759 0.0626206 0.4487901
0.0307331 0.7482349 0.3539146 0.1941697 0.3401385 0.3319302 0.7373240 0.0684716 0.3707314 0.0029020 -0.0224097 0.0000000 -0.0997598 -0.1327855 0.3623239 -0.0224382 -0.3106696 0.2040882 -0.0803154 -0.4099122 0.7129809 0.0049099 -0.2879730 0.2711286 0.1585783 -0.2860374 -0.3401992 0.2249450 0.5026677 0.2988619 -0.2237548 -0.1535494 0.2043947 0.2527602 -0.2591226 0.4849039 -0.1349004 -0.2688105 -0.0690230 0.0809997 -0.1794799 0.3918631 -0.3083596 0.2634144 0.5357276 -0.1884857 -0.1550260 -0.3606346 0.2317031 -0.1456184 -0.2937841 -0.2804318 0.2828624 -0.0907214 -0.1851505 -0.0624002 -0.0858315 0.0328661 0.0944931 -0.3183514 0.4364599 -0.3072465 -0.0483251 0.3271299 0.5100713 -0.0699036 -0.3094111 -0.0960713 -0.0417770 0.1330300 -0.3696514 0.0144849 -0.1994425 0.5146687 -0.2933308 0.2779504 0.4591237 -0.4043476 0.2555010 0.6447180 0.1002524 -0.1421436 -0.1452447 -0.1702958 -0.0811058 -0.1027394 -0.1258091 -0.0468601 -0.0074930 -0.1817734 -0.4034344 -0.1402158 -0.0638559 -0.2209500 -0.0993448 0.0330171 -0.0953344 0.0141098 -0.3910392 0.0185692 -0.1710973 -0.2096391 -0.1588438 -0.0534318 -0.0723248 0.0937715 -0.1095534 0.1262119 -0.2798156 -0.0498939 -0.0722107 -0.1071114 0.0184869 0.1189563 -0.0583846 0.0277963 0.0725558 -0.0496488 0.0576907 -0.1309492 0.3773249 0.2758014 0.2965470 0.3859355 0.3011775 0.2943577 0.3985789 0.1850479 0.4229610 0.3731746 0.4736513 0.1429868 0.3734825 0.2396416 0.1984365 0.0277885 0.4726140 0.4527744 0.4860442 0.2254522 0.0463761 0.3251838 0.2016796 0.3571492 0.5125074 0.0288272 0.2838477 0.2113945 -0.0101372 0.0736024 0.0100645 0.4039667 0.2627311 -0.0749016 0.4634618 0.2630514 0.0903978 -0.0365256 0.1265789 -0.1390692 0.1234112 0.2454932 0.1659959 0.0338988 0.3039602 -0.2407059 -0.1827425 0.2292407 0.4469962 0.2492558 0.1835771 0.3356807 0.0633293 0.1645545 0.7163871 0.4918540 0.6122776 0.3479936 0.4909003 0.2623089 0.1268927 0.2383354 0.3126714 0.2594988 0.2270513 0.6384500 0.2585007 0.3575104 0.3651966 0.0637115 -0.3214658 0.5342012 0.4539467 -0.0257921 0.0172966 0.3045888 0.5223630 0.6047311 0.5959936 0.3309388 0.4562140 -0.0125771 0.1969376 0.5709797 0.2295526 0.2952890 0.3574033 0.4147903 0.1853210 0.2684634 0.1970438 0.2604403 0.1007666 0.4481415 0.1892622 0.1188975 0.2236236 0.4028507
-0.2354952 0.0332835 0.6779295 0.3503276 0.4569801 0.3378587 0.0232580 0.6031987 0.1577345 0.5440710 0.5504485 -0.0997598 0.0000000 0.4731583 -0.0237513 0.3962935 0.4597051 0.0599565 0.2384460 -0.0232795 -0.3250289 0.5447917 0.2832842 -0.0764566 0.2163424 0.3016602 0.3575069 -0.1455173 -0.1057707 -0.2368859 0.2488019 0.5406310 -0.0707430 0.0310638 0.2663557 -0.0305163 0.5433220 0.6186307 0.0363026 0.0313853 0.6775146 -0.0120080 0.2611586 -0.1700815 -0.0473969 0.4370544 0.3780238 0.6366253 0.1207883 0.5324116 0.2268727 0.2895187 0.3293570 0.3100466 0.4309943 0.5610135 0.5248744 0.3588495 0.0238584 0.2986633 -0.0738292 0.2753079 0.2601545 0.6293596 0.1077996 0.4316377 0.2931727 0.4334606 0.3252093 0.4336775 0.5261562 0.5248650 0.3433582 0.2998650 0.5069558 0.5412269 0.4571129 0.4384211 0.4662743 0.0433233 0.5370373 0.1483070 0.0205541 0.1519757 -0.4017585 0.0628777 0.2400447 -0.3111150 0.1398868 -0.2996393 0.0100415 -0.1486450 -0.0954497 -0.2799578 0.1891810 0.1650666 -0.2318532 -0.2457086 0.0328014 -0.2539662 -0.2918521 -0.1332994 0.0133941 -0.5816592 -0.0709667 0.1529023 -0.1162198 0.0922256 -0.1477261 -0.1156975 -0.1922052 -0.1601769 -0.0993946 -0.1331797 -0.1511131 -0.1110795 -0.1430428 -0.1671559 -0.1927552 -0.0448143 -0.1806243 -0.0573757 0.1025469 -0.2924443 -0.3099284 -0.2196534 0.0185985 0.1108834 -0.2571538 -0.0112519 -0.2005024 0.0710026 -0.3384321 -0.0149745 0.3901178 0.3897373 -0.3735859 -0.3766481 -0.3190802 -0.0099420 0.0523638 0.0128081 0.2571425 0.0485954 -0.3509965 0.3575085 -0.2174836 -0.2262504 0.1676276 0.1607750 -0.0937730 -0.1817801 -0.1861957 0.1240813 -0.2106940 0.0178675 0.2461963 -0.1250857 0.2096813 0.1139755 -0.0006323 -0.0342270 0.1165013 0.1728413 -0.2299466 0.0788197 0.2349327 -0.2061246 -0.3592515 -0.0925646 -0.2009568 -0.1248025 0.0400847 0.1293924 -0.0636028 -0.0777331 -0.2035275 -0.2694551 -0.2772925 -0.4118995 -0.2692493 -0.0319363 0.0026159 0.0289626 0.0056134 -0.2404925 -0.0291782 -0.1135316 -0.1442026 0.0163505 0.0119624 0.0924910 -0.2444660 -0.0601555 -0.1188158 -0.1036103 -0.0462423 0.0243306 -0.0908378 -0.1845426 0.2055499 0.4984294 0.4423975 0.2198336 0.5047999 0.3888762 0.0540172 -0.0569360 0.5074580 0.4526005 0.3924439 0.3202601 0.4161426 -0.0505018 -0.1732823 0.2920179 0.1807087 0.2543196
0.0610190 -0.0310218 0.5262853 0.4614981 0.2173473 0.3738782 0.2389041 0.6614353 0.0530868 0.7135198 0.7844638 -0.1327855 0.4731583 0.0000000 -0.1139135 0.7686726 0.8518506 -0.1313651 0.5370593 -0.2379123 -0.0178366 0.7308731 0.7665402 -0.2780125 0.6657659 0.6579211 0.7856179 -0.4338043 -0.1491951 -0.1088084 0.2381118 0.3841141 -0.3682808 -0.1683037 0.7491303 -0.0510985 0.4631391 0.7650798 0.6945311 0.5428934 0.3440036 -0.0805738 0.7998258 -0.2927608 -0.2137367 0.4947025 0.6871932 0.5831160 -0.1460778 0.2798497 0.7041835 0.8273753 -0.1155376 0.8107687 0.2045499 0.2009680 0.1531875 0.7415282 0.3478795 0.7609969 -0.2993321 0.7795749 -0.2710297 0.2384093 -0.1655885 -0.1643716 0.7782633 0.8483653 -0.2373142 0.4192015 0.5523342 0.4108249 0.7117334 -0.3127358 0.2502686 0.2667571 -0.0446485 0.3887186 0.3858343 -0.1848068 0.2456723 0.4196289 0.1403010 0.0124932 -0.2846290 -0.3129039 0.0061270 0.2948578 -0.4625887 -0.1868364 -0.3712238 -0.2637540 -0.2873280 0.2694214 -0.2739890 -0.4617380 -0.3818984 -0.4397161 -0.2255718 -0.3991663 -0.0661060 -0.2455675 -0.2620288 -0.4610278 -0.6148222 -0.4024701 -0.3059608 0.0905382 -0.3434400 -0.1429413 -0.5372057 -0.3944367 -0.1922312 -0.1904425 -0.0999871 -0.0604257 -0.0330164 -0.1003376 -0.0316064 -0.1467450 -0.1346450 -0.0192589 -0.2882908 -0.0205866 -0.3923131 -0.4205148 0.0188799 -0.3001370 -0.5548189 -0.1779102 -0.3386648 -0.2256699 -0.1839134 -0.3095547 -0.0778234 -0.1066376 -0.4527274 -0.5574108 -0.4132363 -0.4464182 0.1001669 -0.5085272 -0.0847719 -0.3823099 -0.3572125 0.1112925 -0.0513569 0.0362571 0.1427342 -0.2106309 -0.2840904 -0.3385271 -0.2834958 0.1368305 -0.3484236 -0.0608052 0.2400303 0.1687107 0.2223220 -0.0631929 0.2333405 -0.3066608 0.0607158 -0.1161080 0.0163452 0.0931963 0.0298065 0.0007066 -0.0954389 -0.3171482 0.0347786 0.0873746 0.1184226 0.0609847 0.1237505 0.1008463 -0.0322093 0.2487676 0.0882342 0.0142549 -0.0063831 -0.1236147 -0.0594718 -0.2882819 0.1743883 -0.1555998 0.0055324 -0.2308303 -0.5494649 -0.5383669 -0.0369651 -0.4722283 -0.5929876 -0.1606044 -0.3313401 -0.3451356 -0.1430295 -0.2104854 -0.3580825 -0.4015246 -0.0390725 -0.0578240 0.2670440 0.1390497 -0.0537143 0.1159657 -0.6090575 -0.1749225 0.2572194 -0.0556529 0.1681037 0.2075834 -0.1234336 -0.2625470 -0.3785486 -0.1064116 -0.1399202 0.2192820
0.0215966 0.1548677 0.3062947 0.4883032 0.4228242 0.6253125 -0.1005527 0.0262120 0.8758989 0.2854687 0.0919772 0.3623239 -0.0237513 -0.1139135 0.0000000 0.0635461 -0.3510738 0.8746249 -0.0295636 -0.1667843 -0.1009850 -0.1121192 -0.3828723 0.9008760 -0.0553961 -0.1754231 -0.4171921 0.6741282 0.9243927 0.4419695 -0.1116868 -0.1070950 0.8182556 0.9394245 -0.3730021 -0.0161422 -0.0857161 -0.2919086 -0.1337182 -0.0354326 0.2622304 0.2957056 -0.3741027 0.6351461 0.4619204 -0.1865921 -0.1722924 -0.2455053 0.8464797 -0.0288745 -0.2923086 -0.4425577 0.8043747 -0.1263559 0.1461772 0.0318515 -0.0181494 0.4406811 0.4417272 -0.3705326 0.3562604 -0.3267572 0.1905079 0.5881040 -0.0672877 0.0968036 -0.2856785 0.0843748 0.1437102 0.6875755 -0.1497792 0.3981653 0.0964033 0.4200400 0.0663763 0.6602165 0.6188228 0.0800055 0.4357118 0.2495457 0.0167147 -0.0515603 -0.1121899 -0.1809621 0.0343149 -0.4253727 -0.0699987 0.1357006 -0.1497292 -0.0161552 -0.1444218 -0.2608435 -0.1073459 -0.1311087 -0.4321634 -0.0128236 0.1707077 0.0032729 -0.0177656 0.1870099 -0.1938731 -0.3140161 -0.4459105 -0.3218922 0.3349272 -0.2483397 -0.5185476 -0.4945997 -0.0400056 -0.3905203 0.1669250 -0.3571499 -0.0772917 -0.4566219 -0.5669387 -0.4290714 -0.5673944 -0.4819320 -0.5028950 -0.0970905 -0.1894206 -0.3683420 0.0074110 0.2214338 0.2619861 0.5573018 0.3870952 -0.0921866 0.4301947 0.7288955 0.6387807 -0.0309998 0.3214016 0.7319743 -0.0109074 -0.1224676 0.4904766 0.4464106 0.2025066 0.7344749 -0.2950222 0.4910483 0.1334171 0.6610755 0.2010766 0.2097279 0.0479220 -0.0712767 -0.0829021 0.4298075 0.3366894 0.5159632 0.3249511 -0.1761641 0.0298433 0.2975148 0.0512503 -0.2305380 -0.0845008 0.0265004 -0.2468037 0.4277887 0.1740545 0.2570545 0.0694416 -0.1241836 0.0591292 -0.0018486 0.1727913 0.4558493 -0.0464370 0.0369844 0.3216362 -0.3220200 -0.1721307 -0.3149206 -0.2904455 0.0521112 -0.1029379 0.0404001 0.4518845 0.2137780 0.5906855 0.6128051 0.3914355 0.0529500 0.2695014 0.3764499 0.1619770 0.1993302 0.2426838 0.7162254 0.1931511 0.6992224 0.5927987 0.7183730 0.3722049 0.8355839 0.8105198 0.4741116 0.4787455 -0.0784153 -0.2844329 -0.0575021 0.1406362 -0.0144986 0.2654565 0.7364123 0.3811928 0.6956853 -0.3401152 0.6398995 0.3377570 0.8873001 0.8565768 -0.0913543 0.5476662 0.5199717
-0.2108811 0.0374106 0.4040356 0.7009002 0.4546022 0.6405744 0.2631142 0.8176081 0.2327887 0.7825973 0.9185217 -0.0224382 0.3962935 0.7686726 0.0635461 0.0000000 0.8316165 -0.1334966 0.8715545 -0.3829182 -0.0430036 0.7457729 0.8439729 -0.2015210 0.8390338 0.8646344 0.6899531 -0.4224011 -0.0070117 -0.3502005 0.0605701 0.3016739 -0.2681843 -0.0525909 0.8537946 0.1272647 0.5672298 0.7555021 0.5228048 0.3617015 0.1893604 0.0976867 0.8180040 -0.2386733 -0.1409541 0.6152509 0.8323657 0.4676145 -0.0662574 0.4543883 0.8286243 0.7840725 -0.0215932 0.7970750 0.2398681 0.3226446 0.1595654 0.7352511 0.0830108 0.8155006 -0.3430448 0.8279163 -0.2667554 0.3612737 -0.1952653 -0.2721131 0.8391448 0.9190284 -0.3114305 0.4883761 0.5788563 0.6002340 0.9037651 -0.2536629 0.1719849 0.4898037 0.2353260 0.3514820 0.7134426 0.1699043 0.4926478 0.1944400 -0.0493109 -0.2995779 -0.4621928 -0.2399097 -0.2120140 -0.0789610 -0.6143070 -0.4497559 -0.5073698 -0.2421451 -0.0945110 0.0575121 -0.4084664 -0.5502036 -0.3528399 -0.2728008 -0.4741495 -0.6471183 -0.3569232 -0.1101478 -0.1376983 -0.5319894 -0.5093608 -0.5682988 -0.1490151 0.2327977 -0.2095125 -0.3691715 -0.7520580 -0.1486461 0.0798660 0.0220675 0.0843652 0.1078874 0.1162411 0.1194362 0.1540379 0.0480515 0.1979846 0.2546787 -0.3442632 0.2981121 0.0102865 -0.2399390 0.4879367 -0.4231837 -0.2984845 0.0517273 0.0008469 -0.0088236 0.0983699 -0.2313950 -0.0663740 -0.0556115 -0.2700263 -0.3040833 -0.2529261 -0.3230472 -0.0694976 -0.3365256 -0.0146814 -0.2799558 -0.2503312 0.2418529 -0.0134814 0.0036876 -0.1842407 -0.0517947 -0.1842799 -0.1728425 -0.1900369 -0.2113800 -0.2186051 0.2267825 0.3253714 -0.1749922 0.1424264 -0.0157916 0.0898040 -0.1592773 0.3783849 -0.0169834 -0.1664442 0.0121705 0.0197082 -0.2663104 -0.0082055 -0.2602694 -0.1946104 -0.0266840 -0.0894978 -0.1054735 0.2317842 0.1735100 -0.1142677 -0.0394399 0.1188510 0.1399508 0.0641714 0.0941178 0.0177401 -0.0765252 -0.1702310 -0.4111769 -0.3230798 -0.4951566 -0.5835670 -0.5866973 0.0116106 -0.2611969 -0.5471382 0.0342239 -0.1384254 -0.0877035 0.0694935 -0.0365453 -0.1808053 -0.2913838 0.1580099 -0.0171270 0.0390288 0.1807031 -0.0129056 0.2976115 -0.3292447 0.0352190 0.4169809 0.0380414 0.1430119 0.2076913 -0.0519956 -0.0750409 -0.0930640 0.1448138 0.0755664 0.5293954
-0.0660085 -0.1726336 0.3938035 0.4375316 0.1844102 0.2812461 0.1026414 0.7734842 -0.1467414 0.6647555 0.8230231 -0.3106696 0.4597051 0.8518506 -0.3510738 0.8316165 0.0000000 -0.4123060 0.7297019 -0.2482689 -0.1519622 0.7291103 0.9275247 -0.5457051 0.7200613 0.8087905 0.8980824 -0.6508376 -0.4203958 -0.5240378 0.0543670 0.3228278 -0.5578751 -0.4283604 0.9110039 -0.0559275 0.5439419 0.8809505 0.5808817 0.3508301 0.1696785 -0.1353120 0.9325523 -0.4464955 -0.4315809 0.5757841 0.8020177 0.6309266 -0.3616838 0.4676469 0.8733668 0.9580122 -0.3779769 0.8360315 0.1870674 0.2466265 0.1798733 0.5459952 0.1221270 0.9168536 -0.5144526 0.9452458 -0.3545492 0.0646527 -0.3220374 -0.2074531 0.9202788 0.8675696 -0.3042887 0.2205000 0.6535471 0.3381838 0.8066160 -0.4732727 0.2491542 0.1543819 -0.1391341 0.4153840 0.3512183 -0.2199272 0.3391242 0.3188055 0.0094035 -0.1765027 -0.4506330 -0.1957871 -0.1899316 -0.0298596 -0.5203326 -0.3506052 -0.3825750 -0.2488183 -0.1915302 0.1419120 -0.2288683 -0.5211437 -0.3864697 -0.3883697 -0.3222816 -0.5554122 -0.1516669 -0.1278771 -0.1125107 -0.3991818 -0.6520322 -0.4220269 -0.1118913 0.2371741 -0.2814927 -0.1481421 -0.6606790 -0.2046690 -0.1192707 -0.0346842 0.1134702 0.0683750 0.1307066 0.1072641 0.1301459 -0.1040912 -0.0487401 0.1089369 -0.2568127 -0.0708608 -0.3978612 -0.5195234 0.0725039 -0.3254702 -0.5383591 -0.3275605 -0.3972617 -0.1215367 -0.1020127 -0.5416401 -0.0153063 0.0762877 -0.5097396 -0.5565840 -0.3366508 -0.6282385 0.1566337 -0.5621618 -0.1135966 -0.5974573 -0.3580838 0.0946686 0.0068304 0.1090705 0.0525734 -0.3135950 -0.4011183 -0.4731495 -0.2776062 0.0708617 -0.3526392 -0.1058848 0.2594220 0.0953121 0.1585133 -0.0754516 0.2391641 -0.3753505 0.1036845 -0.1582910 -0.1071269 0.1120849 0.0412726 -0.1275499 -0.1144519 -0.4549690 -0.0732076 0.0192926 -0.1106673 0.0826346 0.0834241 0.1497177 -0.0751046 0.0119372 0.0311861 0.0046791 -0.1125269 -0.1556741 -0.2209417 -0.4162177 -0.1096032 -0.4047884 -0.2432009 -0.4980474 -0.6540623 -0.6103589 -0.1482794 -0.6105765 -0.7121735 -0.2342765 -0.4001156 -0.4743462 -0.2159861 -0.4277362 -0.5978471 -0.5246805 -0.2224010 -0.0101585 0.2061141 0.1110860 -0.0351851 0.1628076 -0.4989526 -0.4044510 0.1287272 -0.2165720 0.1921507 0.0057472 -0.2236203 -0.4926440 -0.5137480 -0.0569100 -0.2449208 0.1523749
