0.0000000 0.5455361 0.5525619 -0.7036187 0.2314774 -0.4910926 0.5049359 -0.5255494 0.0879057 -0.6013408 -0.7159835 -0.0430138 -0.2336912 -0.3496870 -0.0637715 -0.5625611 -0.6068055 -0.1621603 -0.4649553 -0.3139904 -0.2657142 -0.2811580 -0.4480049 -0.3945087 -0.5041340 -0.4735904 0.1076988 -0.2438755 -0.4923442 -0.1942302 -0.3441832 -0.3152408 -0.3073876 -0.3644034 -0.4524350 -0.5938427 -0.4327288 -0.3176354 -0.6400926 -0.5042890 0.0527104 -0.3238178 -0.6177554 -0.2812041 -0.2861914 -0.3627410 -0.4195005 0.2322400 -0.4301893 -0.2440995 -0.4336191 -0.7270767 -0.5591639 -0.5072914 -0.2396342 -0.3336509 -0.3338216 -0.5211716 0.5982424 -0.5042035 -0.0549865 -0.7779716 0.4668851 -0.6596235 -0.4593118 -0.1732139 -0.4739271 -0.6170923 -0.0200813 -0.7040308 -0.2009348 -0.6090978 -0.6308892 -0.2337049 -0.2690324 -0.4707376 -0.4316063 -0.2917120 -0.3550295 -0.1349059 -0.2227673 -0.4764580 -0.5179135 -0.2138424 -0.3410143 -0.6914421 -0.1311042 0.0255038 -0.4783468 -0.4463620 -0.4873102 -0.3505761 -0.3894451 0.3764419 -0.3821418 -0.3572912 -0.2021170 -0.3856417 -0.4628996 -0.0942932 -0.6943472 -0.5993963 -0.7628757 -0.2290103 -0.4501372 -0.7550156 -0.4029768 -0.5294016 -0.4524175 -0.2005620 -0.5308346 -0.2529019 -0.2327451 -0.2847300 -0.0746626 -0.2929290 -0.1149716 -0.2928073 -0.4225249 -0.2968429 -0.4716505 -0.2766218 -0.5069365 -0.6221771 -0.4278563 -0.1827724 -0.6076804 -0.5955936 -0.3072452 -0.6409726 -0.4729182 -0.4691313 -0.4962519 -0.1975951 -0.1296804 -0.7222926 -0.4884968 -0.3351138 -0.5079627 -0.1230113 -0.3232316 -0.1912757 -0.2968178 0.1976526 -0.4001717 -0.6370353 -0.5028952 -0.4738708 0.0910695 -0.4330009 -0.2976362 -0.2815342 -0.5542425 -0.1380598 -0.4348160 -0.0285998 -0.2697049 -0.3728533 -0.3073447 0.0200581 -0.4898376 -0.5600626 -0.2089524 -0.1261917 -0.6022296 -0.2905890 -0.1797226 0.0333840 -0.2572898 -0.3976007 -0.3145933 -0.1639332 0.3225923 0.5647051 -0.0083315 0.1711532 0.2037791 0.6752474 -0.1952406 -0.3668949 0.0777056 -0.4922967 0.3250296 0.1951241 0.4816170 -0.2174285 0.6367108 0.7176240 -0.0786808 -0.1829481 -0.1077930 -0.1412925 0.2440783 0.0541341 -0.1341884 -0.0366443 0.2280886 0.2832737 -0.1301284 -0.1302135 -0.2309791 -0.0234897 -0.5478600 -0.1181204 0.0479765 -0.1751388 -0.0568586 -0.4916652 -0.2857426 0.5251572 -0.6207685 0.1022984 0.3949935 -0.0498413 0.0608602 -0.5651012 0.1967351 0.1422187
0.5455361 0.0000000 0.1179450 -0.1478707 0.1627958 0.0439652 0.2850830 -0.2175430 0.4768785 0.0566562 -0.2452102 0.2981896 0.0868709 0.2993159 0.2760175 -0.1231214 0.1017896 -0.0447996 -0.1642430 -0.3028467 0.0121620 0.2555521 0.2007437 0.2004881 -0.2931920 0.1079184 0.6866217 0.2405344 0.0426510 0.4514885 0.1586117 -0.2178140 0.2630737 0.2637751 0.2259912 -0.1478994 0.2395931 0.1173286 0.0465571 0.1462582 0.2843009 -0.0642515 0.1124884 0.2638771 0.0123726 0.1879432 0.2185445 0.4899680 0.2220316 -0.0803020 0.2619469 -0.0768273 0.1015042 0.2410783 0.2711826 0.2134373 0.2791764 0.1677970 0.3140287 0.2087234 0.0472667 -0.0952557 0.5444569 -0.0811536 0.1494752 0.2476302 0.1645454 -0.0041784 0.3917676 -0.1459888 0.2796999 -0.0852829 0.0045165 0.1560952 0.1324868 0.1388029 0.1136707 0.2265293 0.2287979 0.2207942 0.3226033 -0.0544957 -0.3316602 -0.1599268 -0.3408202 -0.3899823 0.0650398 -0.1634059 -0.2238288 -0.0691724 -0.2300245 -0.2425326 -0.3692065 -0.0062235 -0.1297282 -0.3236719 -0.1508732 -0.2821983 -0.4348256 0.1090524 -0.2727731 -0.1440359 -0.1926055 -0.4297366 -0.2122584 -0.4959658 -0.4053845 -0.0759860 -0.2615868 -0.2403625 -0.2639587 -0.2408951 -0.0809115 -0.2708328 -0.1903045 -0.1567616 -0.3430985 -0.2658951 -0.1715863 -0.3380267 -0.4171778 -0.2759312 -0.1874842 -0.1450176 -0.4653249 -0.2725926 -0.5060487 -0.4493538 -0.4451631 -0.4734655 -0.4954616 -0.3834995 -0.6028405 0.2800591 -0.3597135 -0.6889179 -0.4935511 -0.4081028 -0.5791642 -0.1264943 -0.6334188 -0.3029300 -0.0743788 0.3078209 -0.4070586 -0.1488376 -0.5400939 -0.5786327 0.0461818 -0.3555048 -0.0921687 -0.0231299 -0.5166534 -0.2933675 -0.4901930 0.3333163 -0.1431084 -0.5346349 -0.0709386 0.0798822 -0.6409073 -0.4927615 0.2304784 -0.0771834 -0.6691334 -0.2367763 -0.3044736 -0.1792047 -0.3278834 -0.4359113 -0.4986236 -0.3751888 0.1379659 0.3830403 0.1405107 0.2039377 0.1754620 0.1521627 -0.0712011 -0.0523724 0.2888292 -0.2132975 0.0034438 0.0647704 0.2414025 0.2545987 0.4484243 0.5172701 0.3613923 0.1921838 -0.1156617 0.1392594 0.1392852 -0.0523835 -0.2184325 -0.1501026 -0.1203946 0.2641959 0.1694193 -0.2652798 0.0685685 0.1593990 -0.0512593 0.0110849 -0.0350421 0.4829223 -0.1473111 -0.0155399 0.0586952 0.5483257 -0.1195727 0.0265007 0.4325539 0.3886763 0.0426909 -0.0525244 0.1413811 0.0616575
0.5525619 0.1179450 0.0000000 -0.2618381 0.3691977 -0.1945254 0.6420142 -0.1671145 -0.1016669 -0.4431949 -0.4465328 -0.0251719 0.0677674 -0.3491655 0.0211576 -0.5054017 -0.5618895 0.1519034 -0.1256052 0.0164030 -0.1626340 -0.2231656 -0.4370092 -0.2864107 -0.0663971 -0.3552371 -0.1875032 -0.2486053 -0.2862356 -0.2757474 -0.2598072 0.2659363 -0.2976448 -0.3243887 -0.4057538 -0.1369282 -0.3725854 -0.0036601 -0.6972381 -0.4920830 0.2685317 -0.0244318 -0.5616341 -0.3396844 -0.0091811 -0.2355538 -0.3598483 0.3716416 -0.3605787 -0.0158468 -0.3898911 -0.6152623 -0.4307951 -0.3797351 0.0281076 -0.2350984 -0.3130212 -0.3443011 0.0205086 -0.4247093 -0.2061922 -0.5817203 0.1853055 -0.3312173 -0.3680465 -0.0667262 -0.3580694 -0.4341752 -0.0886889 -0.4172875 -0.1345682 -0.4130457 -0.5350399 -0.2590401 -0.1457683 -0.3107858 -0.2652693 -0.2869426 -0.3039160 -0.0400228 -0.3108519 -0.3326840 -0.1012633 0.0320047 0.0091253 -0.1607030 0.1229889 0.2745351 -0.0534990 -0.1030732 0.1116936 0.1842825 0.0274308 0.3562395 0.0985930 0.2405612 0.3020596 -0.0643750 0.0547306 -0.4215428 -0.3299255 -0.2796412 -0.5163429 0.0152787 0.0251649 -0.0577869 0.0672625 -0.2971525 -0.0719748 0.1844835 -0.0878153 0.1731025 -0.0160425 0.0969660 0.3335952 -0.1467116 0.2436883 0.1012865 -0.1556025 0.0698723 0.0169131 0.1029510 -0.0654004 -0.4477492 0.0368101 0.0045584 -0.1602693 -0.1451314 -0.0452800 -0.2191908 -0.0056938 -0.0504617 0.0667903 -0.5473085 0.3681517 -0.3002502 -0.0413977 -0.0533030 -0.0167754 -0.2314706 0.1527016 0.0159595 0.0488397 -0.3109337 -0.0113190 -0.4819203 -0.1615418 -0.1131825 0.3072733 -0.1117732 -0.2108001 -0.3341950 -0.2219505 0.2050949 0.0125623 -0.2809974 0.1225352 0.0430078 0.1887163 -0.2259726 -0.0082989 -0.2182612 -0.4619277 -0.2021322 -0.1338191 -0.2941428 0.2428332 0.2519827 0.0442841 -0.0872631 0.1722332 0.1586375 0.0988757 0.4359157 0.0944782 0.5769491 0.1547055 0.6294284 -0.0585775 -0.1065949 -0.1839772 -0.1109501 0.1657910 0.1001045 -0.1440284 -0.2934451 0.2468116 0.3832105 -0.0883598 -0.1253396 -0.0915781 -0.2094819 -0.0256779 -0.2544264 -0.0567822 -0.1928356 -0.0088846 -0.0414441 -0.1544621 0.0035110 -0.0104043 0.1431431 -0.2674337 0.1249158 0.5210598 -0.0342923 0.2047953 -0.1338886 -0.1492341 0.2540423 -0.3906876 -0.0352893 0.5465396 -0.1549375 0.0802099 -0.2322113 0.3564370 0.3508870
-0.7036187 -0.1478707 -0.2618381 0.0000000 0.0325935 0.7356355 -0.4365329 0.7237804 0.2019706 0.7564184 0.7265755 0.4784679 0.5136777 0.6315286 0.3476743 0.3911880 0.6158258 0.5072037 0.4754833 0.1935054 0.5977387 0.3869806 0.3850776 0.7395240 0.4234846 0.4382929 0.0740511 0.5153490 0.7782771 0.5539771 0.2992103 0.1175500 0.5751212 0.6457745 0.3894465 0.7512371 0.4224063 0.3350696 0.5920296 0.4974534 -0.0376362 0.5823440 0.5445577 0.4736482 0.5994242 0.4021660 0.3290583 -0.2048294 0.6542273 -0.1170314 0.3548534 0.6660590 0.8225317 0.6520031 0.3474909 0.3029697 0.3138945 0.7237555 -0.4388420 0.4461511 0.3420919 0.7504033 -0.0565045 0.9153371 0.7982860 0.1361074 0.4382734 0.6862003 0.1602113 0.8430546 0.2060039 0.9363435 0.7283986 0.6442504 0.2301505 0.7129555 0.8354864 0.4100403 0.5624724 0.4887945 0.4969493 0.6566348 0.5523291 0.3699748 0.3222569 0.4840609 -0.1444774 -0.0104022 0.3664000 0.4838124 0.2588285 0.1175976 0.3318985 -0.2920335 0.1857844 0.0699460 0.0997703 0.2867438 0.1582175 0.3016283 0.4807361 0.3477440 0.5981362 0.1854863 0.3140510 0.5117371 0.3939591 0.6631667 0.3327898 0.2558716 0.3948680 0.3206901 0.3500325 0.3098118 0.1053568 0.4261096 0.1869546 0.3500839 0.5658783 0.3362307 0.4662013 0.3512971 0.5454420 0.7184607 0.4153875 0.2082206 0.5779389 0.4256151 0.2935663 0.6257134 0.4725909 0.1800021 0.4382277 0.4177496 -0.1124736 0.3144923 0.4269268 0.3012047 0.3255391 0.2110143 0.0432275 0.1391818 0.1794688 -0.1265840 0.3229698 0.6433232 0.0865380 0.0037761 -0.0628256 0.3220959 0.3323841 0.3084138 0.1510859 0.1376913 0.1823242 0.2774961 0.1296486 0.0378680 0.2550197 -0.1470455 0.1087966 0.3039870 0.2841635 0.0629014 0.2095647 0.0193032 0.1251714 -0.0974015 0.0729381 0.1405224 0.0895115 -0.0159476 0.0555310 -0.2066283 0.2819193 0.0566355 0.0715183 -0.5452681 0.3154472 0.4856311 0.0808085 0.7049338 -0.0600236 0.1171651 -0.3720352 0.5451555 -0.6275360 -0.4061679 0.6228315 0.6471805 0.2103389 0.5132436 0.0303666 -0.0783343 0.1975249 0.1340863 -0.2431881 0.0146592 0.5399518 0.1303001 -0.0613204 -0.2637844 0.3150788 -0.0089530 -0.1131692 0.6495125 0.1014895 0.4886830 -0.0769644 -0.4271862 0.3351721 -0.1064035 -0.2704134 0.3942952 0.1823574 0.4964445 -0.1428379 -0.1541828
0.2314774 0.1627958 0.3691977 0.0325935 0.0000000 -0.2818856 -0.0203147 0.2083739 -0.1979738 -0.1754751 -0.0534275 -0.0625701 0.5063160 -0.1208951 -0.0862332 0.2366240 -0.1769765 -0.1720191 0.3488188 0.1978436 -0.0764542 0.2409882 0.1980479 -0.1090374 0.2857687 0.1986394 0.0477370 -0.0574894 -0.1504568 -0.0061918 0.2137834 0.3465315 -0.0203743 -0.0708036 0.1099354 -0.1842962 0.1523259 0.3555510 -0.3034531 -0.2330472 0.3760507 -0.1127120 -0.1190146 0.0273025 -0.1540827 0.3471447 0.1108286 0.2390486 -0.0454172 0.2253728 0.1124265 -0.3634657 -0.0819822 -0.1108476 0.3704124 0.3970704 0.1861179 -0.0626212 0.3478452 0.0743386 0.1468317 -0.1676756 0.4367840 -0.0377798 0.0405794 0.3449131 0.2694516 -0.1605235 0.5129055 -0.0215537 0.4812937 -0.0649809 0.1423441 0.3606879 0.5046588 0.1966101 0.1873485 0.4942715 0.3224668 0.5321587 0.5098327 -0.1921583 -0.1777063 -0.2490149 -0.2896697 -0.0186239 0.3737642 -0.0949322 0.0036706 -0.0600954 0.0848681 0.1774792 -0.3256039 0.2987369 0.1619133 -0.0125047 -0.0524515 -0.4077757 -0.0287112 -0.1119271 -0.3482630 -0.2747538 -0.2227976 -0.1187553 -0.1699900 -0.2090746 -0.2702326 -0.5242699 -0.2346779 -0.3038306 -0.1977918 -0.3530898 -0.5332029 -0.4514651 -0.3320551 -0.4717026 -0.3133827 -0.4457398 -0.5178231 -0.3439436 -0.4239383 -0.3784157 -0.2559891 -0.5316344 -0.3419654 -0.3242535 -0.2963605 -0.4096622 -0.3501660 -0.4187584 -0.3726302 0.1032247 -0.1930079 -0.2431368 0.4400917 -0.4529292 -0.4540418 -0.3931598 -0.3712603 -0.1935773 -0.3298213 -0.4084990 0.0357609 0.0796926 -0.4928863 -0.4185788 -0.5640048 -0.5247897 0.0154348 -0.4626294 -0.2687169 -0.2725327 -0.5942102 -0.3314415 -0.3547225 -0.1007800 -0.0075506 -0.5050960 0.0341739 -0.0564053 -0.3282392 -0.4831343 -0.3271593 0.0810368 -0.4988795 -0.4797601 -0.4474007 -0.2191181 -0.2680507 -0.3905919 -0.3784362 -0.3181814 0.0274253 0.2604480 0.0455710 0.1312756 0.0842754 0.3797019 0.0046360 0.3475783 0.5456488 0.2471638 0.2923286 0.4977716 0.1625711 0.2754562 -0.0320389 0.4954886 0.1488307 -0.1099922 -0.3081517 0.2365652 0.3647602 0.0376156 -0.2437564 -0.3159681 -0.2162951 0.4492712 0.3674107 -0.2863783 -0.0199244 -0.2744659 -0.1906024 0.0372288 0.1920861 0.3745700 -0.1277017 -0.0247984 -0.1111818 0.0032886 -0.3304991 0.0664066 0.5081210 0.1100270 0.3308056 0.0823519 0.2479498 0.3935787
-0.4910926 0.0439652 -0.1945254 0.7356355 -0.2818856 0.0000000 0.0585558 0.5811993 0.5849597 0.8239129 0.7725724 0.5872111 0.2890460 0.4613730 0.3056095 0.2794584 0.6631562 0.4144823 0.2134997 -0.2978539 0.5107080 0.1007094 0.2783568 0.5531240 0.0504498 0.2426007 0.1191770 0.2081277 0.5883206 0.3763717 -0.0812228 -0.1733340 0.2739637 0.3771813 0.1793528 0.6854638 0.1979561 0.0649651 0.5333189 0.4793592 -0.1961961 0.5672897 0.4235199 0.1409529 0.5236586 0.1395621 0.1281676 -0.1689593 0.3622300 -0.1784318 0.1785927 0.7040327 0.5446369 0.5112587 0.0728234 0.0405154 0.0565080 0.5018378 -0.3966479 0.2513591 0.2456202 0.7369990 -0.1752486 0.7846419 0.5431628 -0.1559886 0.2111194 0.7356785 -0.0958315 0.7616407 -0.1100309 0.7214347 0.5915352 0.4195482 -0.1127175 0.5111045 0.6139051 0.0040900 0.2435950 0.1018570 0.1167592 0.5260215 0.4721250 0.5761150 0.5719759 0.4411099 -0.1190562 0.3093177 0.5006488 0.5485882 0.2786156 0.1588312 0.6079732 -0.4260462 0.1515749 0.0047763 0.2903952 0.5904650 0.2560993 0.1236591 0.5301601 0.4717848 0.5510468 -0.1816149 0.4334189 0.3917502 0.6273766 0.8412749 0.5736355 0.6218211 0.6257089 0.6382457 0.7452262 0.6837720 0.5138098 0.7477990 0.5246889 0.7055284 0.8546511 0.6338976 0.7032612 0.6806956 0.5785189 0.7124709 0.5946548 0.5207082 0.6196751 0.4958358 0.5096573 0.6426084 0.6224770 0.0902489 0.5171441 0.2625298 -0.2079913 0.3284649 0.6195882 0.5759445 0.4826653 0.3857730 0.2963868 0.4911138 0.4300255 0.0165329 0.5876176 0.5329167 0.3011520 0.1599006 0.3089940 0.5948980 0.5933181 0.4028683 0.4077386 0.4871184 0.2987280 0.0660331 0.4115222 0.2428457 0.4301329 0.1931099 0.0537092 0.5345031 0.1668251 0.2724620 0.2827478 0.0914142 0.3908820 0.3347737 0.4042679 0.4470645 0.3286576 0.3671628 -0.0086032 -0.2469626 0.2018662 0.1079864 0.1383136 -0.3726094 0.3493045 0.2574098 -0.2612962 0.4483129 0.0473705 0.0661517 -0.3032825 0.2151224 -0.2856355 -0.3844706 0.4310738 0.5599406 0.5258021 0.3559312 0.0312864 0.0992800 0.4593358 0.3193999 0.0921545 -0.0538157 0.3677865 0.4560808 -0.0418207 -0.0385584 0.1302648 -0.1573945 -0.0695047 0.4715313 0.3646163 0.1115507 -0.0612102 -0.0635558 0.2937553 -0.1900144 -0.1410233 0.3621833 -0.0184818 0.0667994 -0.3284099 -0.4037841
0.5049359 0.2850830 0.6420142 -0.4365329 -0.0203147 0.0585558 0.0000000 -0.1121712 0.2312711 -0.1636917 -0.1606551 0.2229183 0.0106662 -0.3579005 -0.0898746 -0.2484683 -0.2050603 -0.1308996 -0.0752532 -0.5151616 -0.0881375 -0.2046574 -0.2015836 -0.3477970 -0.1668978 -0.1800358 -0.0783263 -0.3985514 -0.3035331 -0.2545663 -0.3760257 0.0007268 -0.4016834 -0.3899658 -0.2411934 -0.0403651 -0.1982494 0.0005420 -0.3528502 -0.1323496 0.1406483 0.0684773 -0.2672422 -0.4068885 0.0065011 -0.1025582 -0.1591458 0.3782961 -0.4131484 0.1516889 -0.1925549 -0.2334469 -0.4551172 -0.2306817 0.0241468 -0.0811684 -0.2033772 -0.3111391 0.0526325 -0.2166629 -0.1036405 -0.2593604 0.0046918 -0.2407524 -0.3302870 -0.1430400 -0.2116417 -0.1002781 -0.1355417 -0.2403650 -0.1699906 -0.4431065 -0.3331284 -0.3013481 -0.2050020 -0.1580997 -0.2518649 -0.3897979 -0.2542363 -0.1752213 -0.4054247 -0.2589790 -0.0174608 0.2904985 0.2634508 0.0028480 0.2876827 0.3365811 0.1929791 0.1226226 0.2276034 0.2915659 0.3641170 0.0038633 0.1002516 0.1144042 0.4922452 0.3786155 0.1515350 -0.4334029 -0.1764346 0.1284202 -0.2171261 -0.5162094 0.2979960 -0.0582954 0.3243969 0.0290831 0.3456371 0.4426636 0.2273105 0.4310540 0.3327581 0.3759463 0.5784718 0.2062215 0.3856904 0.3432320 0.1344078 0.3437931 0.2258882 0.3058142 0.1343490 -0.2914886 0.2574735 0.3836341 -0.0037406 0.1363005 0.2565099 -0.0229174 0.2018968 0.0463155 0.1465017 -0.3586737 0.2499514 -0.0756053 0.2286414 0.3054252 0.1990752 0.1401252 0.2414746 0.4392104 0.3483630 0.1273368 0.3587598 -0.2506089 0.1860777 0.1416134 0.6401703 0.3188321 0.2752766 0.1358117 0.1893793 0.4566536 0.1497252 -0.2032944 0.4635496 0.3153080 0.4131147 0.2595002 -0.0445358 0.2170514 -0.1819807 0.1429323 -0.0065694 0.1451348 0.4978665 0.5921605 0.4388854 0.3618735 0.3486038 0.4744507 -0.3178753 0.1971294 -0.0206265 0.6101191 0.3621170 0.6332152 0.1459604 -0.0938108 -0.3057521 -0.2059321 0.2610936 0.0358717 -0.0832856 -0.3711710 0.5394990 0.2904057 -0.1517888 -0.0797426 0.3008677 -0.1777594 0.0373651 0.1083316 0.3182732 0.1975117 0.3519861 0.0045631 -0.1717935 0.3764262 0.1942374 0.4786776 -0.1498601 0.1740841 0.3952572 -0.1099490 0.5926810 -0.3280449 0.0107325 0.7573063 -0.0657981 0.1427237 0.6530561 0.0954881 0.0542412 -0.4687458 -0.1083259 -0.1245307
-0.5255494 -0.2175430 -0.1671145 0.7237804 0.2083739 0.5811993 -0.1121712 0.0000000 0.1258714 0.5449704 0.7055432 0.5271741 0.8541708 0.1982794 -0.0795564 0.5671453 0.5420623 0.2604909 0.7791130 -0.0633936 0.5210053 0.5817973 0.3839679 0.2962665 0.7206204 0.6682933 -0.0519701 0.0779940 0.4260196 0.3718045 0.2572513 0.1784334 0.1663551 0.2243102 0.4358915 0.5973260 0.5139351 0.5416363 0.4305657 0.3422778 0.0988535 0.5710937 0.4930408 0.1233666 0.4121082 0.5973858 0.4155384 -0.0975439 0.2546039 0.2081000 0.3689817 0.5379343 0.4683420 0.3129417 0.4425987 0.5165946 0.3927478 0.4074886 -0.2452655 0.4696635 0.4893314 0.7045165 0.0973087 0.8511999 0.7064322 0.2211330 0.5942752 0.6553983 0.3315513 0.8109982 0.3358194 0.7104699 0.7443294 0.7078460 0.4026067 0.7689495 0.7602345 0.4129734 0.6048219 0.5113539 0.4873954 0.6350744 0.6841571 0.7174252 0.6068719 0.7057493 0.0593458 0.1828468 0.5742555 0.7455781 0.4694500 0.3868620 0.6054607 -0.2826780 0.2684963 0.0848818 0.3675535 0.6164705 0.4120166 0.1728119 0.4119305 0.6009427 0.5799198 -0.0171461 0.5378576 0.5180268 0.6605332 0.6233545 0.6294746 0.3984905 0.5135205 0.5042343 0.3649112 0.3683726 0.2233675 0.4834238 0.2482480 0.3402702 0.5449541 0.4892572 0.4555849 0.3507716 0.6539142 0.4481882 0.5439124 0.5166841 0.6278261 0.5272961 0.5217320 0.6536192 0.5497074 0.3924968 0.5082885 0.2826772 0.1600053 0.3194452 0.5197948 0.5273243 0.4635941 0.6189213 0.0868687 0.4415722 0.4935902 0.2868937 0.4937812 0.5074919 0.2141976 0.1712472 0.2663726 0.5573906 0.7138800 0.5643432 0.2186434 0.2431536 0.4253324 0.2775988 0.5446925 0.2266000 0.5374415 0.3951625 0.2949315 0.5513589 0.3021870 0.5618895 0.3175700 0.2463197 0.2740539 0.1916438 0.4606082 0.4940529 0.2728551 0.2751752 -0.2089882 -0.2259147 -0.0489603 0.0700836 0.3806379 -0.1863270 0.5166347 0.6592888 0.0982686 0.8075672 0.3746176 0.4951232 -0.2834039 0.5759498 -0.3548514 -0.2312966 0.4051797 0.4934585 0.5018471 0.6288016 0.3820335 0.3481548 0.5573483 0.4639946 0.1199441 0.3619502 0.6848771 0.4673190 0.0760420 -0.3235309 0.2170983 0.1756329 -0.1490291 0.5350229 0.5416375 0.2918211 -0.1712761 -0.1353835 0.2943133 0.1634284 0.0231701 0.4676448 0.3641556 0.2682499 -0.5282296 -0.2940160
0.0879057 0.4768785 -0.1016669 0.2019706 -0.1979738 0.5849597 0.2312711 0.1258714 0.0000000 0.5964110 0.3166762 0.5020248 0.0995190 0.3389185 0.6017019 -0.0100556 0.4648246 0.3354631 -0.3101003 -0.7128216 0.2579557 -0.0863454 0.2372258 0.3311419 -0.3789565 -0.0780725 0.5433539 0.0256713 0.3262380 0.2393362 -0.3664082 -0.4390477 0.0441825 0.1749510 -0.0739203 0.2995240 -0.0601994 -0.2436171 0.3388550 0.3277168 -0.2517879 0.3421734 0.1156345 -0.0698397 0.2863911 -0.1258292 -0.1066281 -0.0183236 0.0933144 -0.4883324 -0.0075336 0.3986485 0.2167000 0.2787800 -0.1387744 -0.1087399 -0.0933089 0.2069229 0.1166036 0.0371999 0.2733175 0.3960057 0.2217445 0.3642503 0.2547768 -0.1818466 0.0459035 0.5048493 0.0543337 0.3872726 -0.0848958 0.3015110 0.2947160 0.3534810 -0.2263358 0.1884256 0.2794415 -0.0619660 0.0505812 -0.0168940 0.0430021 -0.0384797 -0.1735541 0.1785143 0.1715467 -0.1094122 -0.1035220 0.2580171 0.1044837 0.1185660 -0.1395975 -0.2391407 0.1841023 -0.4029895 -0.0774434 -0.3688716 -0.1364616 0.2921907 -0.0787388 0.0559340 0.0974420 0.0593362 -0.0254482 -0.6471595 -0.0756898 -0.1767735 0.1728814 0.3587129 0.1651719 0.4056757 0.1929804 0.3311978 0.5724137 0.4684358 0.4232432 0.6179224 0.4313195 0.4477027 0.4611074 0.4023008 0.3611143 0.5399843 -0.0240506 0.1119153 0.2772651 0.3696675 0.2732709 -0.1136381 0.2469411 0.2044099 0.2472077 -0.4135981 0.1055551 0.1484424 -0.5423921 -0.2016500 0.2111415 0.2879742 0.0537337 0.3124902 0.0457781 0.2983306 0.2097160 0.2245352 0.1980965 0.0723348 -0.0794443 -0.1990188 0.4076004 0.2459047 0.3245772 0.1227697 0.0168457 0.3922377 -0.1414283 -0.0803408 0.1994603 -0.1731838 0.2055487 0.2422197 -0.2869497 0.1248730 -0.0675012 0.2833043 -0.1058924 -0.3348608 0.0675380 0.3754930 0.2162729 0.1077897 0.0099640 0.2260968 0.1687232 -0.1633115 0.0311383 0.0696542 0.1259060 -0.1535297 0.0313677 -0.2549166 -0.2594490 -0.0123473 0.1186840 0.1221287 0.1694612 0.1538570 0.2099548 0.2018202 0.4018850 0.3658925 0.4995916 0.2186720 0.1587021 0.1527434 0.3688876 0.2273128 0.1027012 0.1542769 0.2929070 0.2844278 -0.0436951 -0.1550315 -0.3689224 -0.4977705 -0.3842345 0.2651565 0.1481636 -0.3319043 0.0925529 0.2428990 -0.2140731 -0.3602741 0.0052209 0.3249392 -0.1746555 -0.3765374 -0.4210357 -0.4870066
-0.6013408 0.0566562 -0.4431949 0.7564184 -0.1754751 0.8239129 -0.1636917 0.5449704 0.5964110 0.0000000 0.8618070 0.5815754 0.3160699 0.7038815 0.4798696 0.5575516 0.8817970 0.3743436 0.2826677 -0.2683086 0.5618554 0.2366022 0.6540443 0.7220443 0.1321507 0.3983748 0.3126127 0.4381488 0.7455268 0.5308912 0.1258656 -0.1086716 0.4933134 0.5970286 0.4264617 0.6983011 0.4176626 0.2020065 0.8037555 0.7495254 -0.0994784 0.5517279 0.6707747 0.4065726 0.5903433 0.3679726 0.3653871 -0.1117576 0.5989197 -0.1429020 0.4473206 0.8537515 0.7403862 0.7439859 0.2306171 0.2984173 0.3045421 0.6988090 -0.2916952 0.5125408 0.2828711 0.8489832 -0.1690654 0.8255091 0.6456211 0.0563456 0.4601609 0.8409200 0.1368503 0.8345303 0.1714227 0.7919841 0.7819556 0.5106079 0.1184534 0.6484244 0.6877621 0.2758748 0.4638556 0.2443215 0.3309025 0.4167410 0.3111206 0.3166563 0.3717442 0.3942926 0.0547550 0.1585991 0.4933100 0.4744963 0.2952261 0.1759854 0.3914191 -0.4546796 0.2350660 0.0346697 0.1610532 0.4480135 0.1948487 0.1334003 0.4800520 0.4694126 0.6124250 -0.3748917 0.3999641 0.3795000 0.4128432 0.6837977 0.5231613 0.3795188 0.6085535 0.3531792 0.5105531 0.4777339 0.2381940 0.6088223 0.3439963 0.4817619 0.6312913 0.4888458 0.5793040 0.5442805 0.4998258 0.6123316 0.4742897 0.4664859 0.6516204 0.4810260 0.4661029 0.6388599 0.5511850 0.1429375 0.4891356 0.4013106 -0.2009071 0.3865655 0.5338265 0.5125686 0.4245616 0.3301600 0.1473189 0.4084489 0.3850847 0.0463850 0.4780641 0.6532295 0.2705719 0.1197446 0.3132366 0.5289830 0.5240401 0.4667835 0.3818010 0.4186236 0.1649206 0.1240126 0.2955565 0.1409898 0.3843684 0.1175572 0.0171927 0.4772708 0.2431674 0.2467035 0.2336399 0.1066487 0.2603554 0.2488883 0.3055446 0.3472957 0.2149666 0.2201236 -0.0935615 -0.3652534 0.1475704 0.0366415 0.0328862 -0.5378430 0.2939510 0.2943850 -0.0556189 0.4534943 -0.0679701 0.0381896 -0.2028708 0.3036127 -0.3598715 -0.3341064 0.5093425 0.5674725 0.4363364 0.3399747 -0.0419528 0.1094076 0.4111030 0.2965724 0.0591674 -0.1045732 0.3522915 0.4055034 0.1527803 -0.0070978 0.2600860 -0.2002898 -0.1583357 0.4973946 0.2741099 0.1548076 0.2206241 -0.1262487 0.4258713 -0.2699637 -0.1113391 0.4134076 -0.0795677 0.2263951 -0.3545377 -0.3946105
-0.7159835 -0.2452102 -0.4465328 0.7265755 -0.0534275 0.7725724 -0.1606551 0.7055432 0.3166762 0.8618070 0.0000000 0.3722604 0.4093996 0.3755378 0.0805707 0.7192801 0.7685706 0.0924791 0.4946375 -0.1442793 0.3897788 0.2000155 0.5900801 0.4430140 0.3015608 0.4601550 -0.0863917 0.1276449 0.4995454 0.2276019 0.0867110 -0.0066524 0.2205101 0.3048260 0.3773438 0.6141387 0.3909180 0.2627825 0.6473613 0.5449092 -0.1098061 0.4607741 0.5762731 0.1718910 0.4048056 0.4056924 0.3294487 -0.2271368 0.3421557 0.0624571 0.3807030 0.7638738 0.5363975 0.5091053 0.1717995 0.3194596 0.2352850 0.5016165 -0.3054220 0.4432500 0.3266422 0.8481302 -0.3435341 0.8068768 0.5326486 -0.0011125 0.4562749 0.7812493 0.0573247 0.8644313 0.1175983 0.7181554 0.8203858 0.4909076 0.1606738 0.6455550 0.6495934 0.2333832 0.4185729 0.2450369 0.2807991 0.4522824 0.5001615 0.4561252 0.5461515 0.6354728 0.1566042 0.2516660 0.6112552 0.5563132 0.4308782 0.3385830 0.5566565 -0.3453836 0.2526231 0.1024922 0.3036727 0.5264127 0.3850645 0.0641944 0.5241681 0.5605116 0.7291250 -0.2995420 0.5129702 0.4392667 0.5937485 0.6815635 0.6571636 0.4903662 0.7137001 0.4556396 0.4779006 0.5121909 0.3003566 0.5507902 0.3753982 0.5084688 0.6294303 0.5421983 0.6085323 0.5098565 0.5996037 0.5862343 0.5479486 0.5243151 0.6785582 0.6062366 0.5562487 0.6605518 0.6116528 0.4585994 0.6177195 0.2161872 0.1340029 0.5670042 0.6052909 0.5889362 0.5578310 0.3464669 0.3357637 0.4659669 0.5051071 0.0370448 0.5468707 0.5941776 0.3918827 0.2607651 0.3376528 0.6341744 0.6233429 0.4518738 0.4892546 0.4142072 0.3677743 -0.0149013 0.4362998 0.3002470 0.4657942 0.2179764 0.1679563 0.6290216 0.1528851 0.3106811 0.3814399 0.2248155 0.2976148 0.2870889 0.4498257 0.5229499 0.3437766 0.3663349 -0.2343092 -0.4653861 0.0004547 -0.1035569 -0.0107446 -0.4227486 0.2885187 0.4090786 -0.0373886 0.5008423 0.0793282 0.1412383 -0.2497462 0.2454136 -0.4179032 -0.4488204 0.2883707 0.3415330 0.4174720 0.3033394 -0.0184857 0.1617872 0.4317216 0.2999213 0.1383031 -0.0427781 0.3588964 0.4951031 0.0320645 -0.0208337 0.2674958 -0.0875318 -0.0574387 0.3392434 0.3684735 0.0914090 0.0141612 -0.1838025 0.4329005 -0.1774434 -0.0821646 0.3065739 0.0430030 0.1809560 -0.4136977 -0.4741271
-0.0430138 0.2981896 -0.0251719 0.4784679 -0.0625701 0.5872111 0.2229183 0.5271741 0.5020248 0.5815754 0.3722604 0.0000000 0.4604823 0.5984550 0.3999571 0.1378054 0.5140750 0.5782501 0.3400894 -0.4115148 0.8971525 0.2937674 0.2017806 0.6607931 0.1595411 0.2887764 0.2959492 0.5064074 0.7333503 0.6366335 0.0141280 -0.2885297 0.5434649 0.5976774 0.1920167 0.6726640 0.2870937 0.1961005 0.4494214 0.5653078 -0.1680541 0.7665202 0.3489001 0.4591258 0.7691163 0.3443418 0.1858622 -0.1004392 0.5479162 -0.2563428 0.1406686 0.4651228 0.6344115 0.5561604 0.3961389 0.2654296 0.1875926 0.6083765 -0.0061796 0.2293640 0.5924761 0.4578854 0.2356775 0.6675010 0.7272750 -0.0400000 0.2309039 0.5566056 0.1604412 0.5555656 0.1138600 0.6331707 0.4733601 0.6119814 0.0682958 0.6572283 0.7196427 0.2704965 0.5162434 0.4802406 0.3876127 0.5289478 0.3773896 0.5298679 0.3365298 0.1850639 -0.1551320 -0.0135093 0.3407739 0.4882558 0.0748163 0.0216314 0.4016798 -0.2917205 0.0883369 -0.2142624 0.1158396 0.4864774 -0.0471608 0.3522762 0.1952525 0.2527590 0.3196806 -0.3023799 0.2810684 0.2007075 0.3997158 0.5486180 0.4248551 0.2429782 0.2948116 0.3667267 0.3947913 0.2820509 0.2135518 0.5734577 0.2544273 0.3197883 0.4794221 0.4783162 0.3930334 0.4406293 0.4565314 0.3905009 0.4727610 0.4765198 0.4868508 0.3159325 0.4804672 0.5561579 0.4827336 -0.1910792 0.2943920 0.5471331 -0.4099503 -0.0728803 0.4290234 0.4741020 0.2047832 0.7088387 -0.1899743 0.4695462 0.1292883 0.4999465 0.4629633 0.5083971 -0.0604223 -0.1816562 0.2777906 0.3984922 0.5882859 0.7164295 0.0040111 0.3144671 -0.0428106 0.5456233 0.2331182 -0.0252272 0.1907907 0.2352667 -0.1887101 0.3094543 0.4881709 0.4144615 -0.1124219 0.2116434 0.3648041 0.2567127 0.2489702 0.2601208 0.0518582 0.1042256 0.0355222 0.2654917 0.4507883 0.5530135 0.7715389 0.0674754 0.7344078 0.5122693 0.1811584 0.6548266 0.3963474 0.3342658 -0.0113329 0.5057590 -0.1157628 0.0750720 0.7390049 0.8825565 0.6568375 0.7467440 0.5359529 0.4977566 0.6390549 0.6717662 0.2845086 0.4068397 0.6461939 0.3894437 0.1205820 -0.2062761 0.0283236 -0.1130635 -0.2656537 0.5714907 0.5452464 0.1893582 -0.0697967 0.3727763 0.1806820 0.3272247 0.0370512 0.8219630 0.4599461 0.0105361 -0.4898933 -0.3925080
-0.2336912 0.0868709 0.0677674 0.5136777 0.5063160 0.2890460 0.0106662 0.8541708 0.0995190 0.3160699 0.4093996 0.4604823 0.0000000 0.1592859 -0.0822956 0.5178836 0.3970189 0.1761943 0.7887116 0.0029503 0.3549253 0.7634941 0.4623820 0.2024420 0.7675406 0.7556158 0.1628162 0.0711731 0.2780539 0.4264924 0.4362410 0.3490728 0.1788614 0.2150705 0.5459006 0.4073323 0.6360563 0.7238724 0.2480519 0.2255898 0.4311985 0.4476209 0.4134099 0.1635888 0.2924760 0.7522732 0.5439707 0.2830528 0.2380144 0.2845931 0.4976178 0.2586090 0.3590489 0.2548499 0.7062319 0.7170178 0.5800922 0.3685741 -0.0266756 0.5630231 0.4712842 0.4765569 0.4494206 0.6477195 0.6536145 0.5181738 0.7281712 0.4597846 0.6772540 0.5860517 0.6338486 0.4559128 0.6294426 0.7016453 0.6449943 0.7643421 0.6766510 0.6340678 0.7227505 0.6930033 0.6728355 0.4266528 0.4430719 0.4978400 0.3306348 0.5289512 0.2254256 0.0669185 0.4111819 0.6343575 0.4452602 0.3635783 0.2950864 -0.1064023 0.3225583 0.0766079 0.2739869 0.3548973 0.2953773 0.1438066 0.1718420 0.4634740 0.3638315 -0.1411873 0.3887678 0.3525766 0.3514307 0.3115417 0.3983758 0.1012670 0.2915318 0.2286644 0.0526941 0.0363866 -0.0025043 0.1403193 -0.0667133 -0.0199091 0.1574053 0.1674546 0.0864276 0.0414567 0.4800983 0.0967928 0.2161262 0.2397533 0.2876392 0.2296383 0.1849983 0.3130250 0.1880681 0.3746045 0.1617507 0.2320584 0.2568370 -0.0550842 0.1397310 0.1790567 0.1087016 0.4413145 -0.2387213 0.1653548 0.3958248 0.3200620 0.1501552 0.2607646 -0.1138826 -0.1134259 0.2472837 0.2672127 0.5313306 0.3942976 -0.1370514 -0.0413953 0.2225162 0.3451194 0.4658213 -0.0604589 0.4797248 0.3727096 0.1274555 0.2319156 0.2831699 0.4947016 0.0124517 0.0534590 0.0332051 0.0185359 0.2607981 0.2264506 0.0099751 0.0317814 -0.2216333 -0.0206505 -0.1205014 0.2271199 0.4273731 0.0210869 0.3659757 0.6419790 0.3389211 0.7230567 0.3953025 0.6117512 -0.1461535 0.7101530 -0.0966355 0.1512504 0.4229266 0.3693248 0.2576906 0.5801969 0.4094428 0.2367093 0.3127658 0.2226596 -0.0643705 0.4989352 0.6899253 0.2009528 0.2415694 -0.2575619 0.1912080 0.2890733 -0.0817356 0.6326598 0.4071600 0.3583562 -0.0623365 0.0759196 0.1444586 0.2043017 0.3394997 0.5285455 0.4520291 0.3288165 -0.3817628 -0.0909125
-0.3496870 0.2993159 -0.3491655 0.6315286 -0.1208951 0.4613730 -0.3579005 0.1982794 0.3389185 0.7038815 0.3755378 0.5984550 0.1592859 0.0000000 0.6197423 0.2856441 0.7058523 0.5858219 0.2030393 0.1361020 0.6733859 0.3509284 0.5314176 0.9560214 0.0873425 0.3321523 0.5256872 0.9161948 0.8789913 0.8173746 0.4382937 -0.0673778 0.9284952 0.9514176 0.4881634 0.5841550 0.4785983 0.2513066 0.7285277 0.7629867 0.0259914 0.5013937 0.6252119 0.8753515 0.6979346 0.3965477 0.4150059 0.0319242 0.9377565 -0.2548959 0.4601583 0.5945293 0.8975375 0.8751078 0.4408123 0.3066754 0.4374500 0.8854104 -0.1591148 0.4889233 0.2359111 0.5044962 0.0619128 0.5756994 0.6780189 0.2458552 0.3884045 0.5104442 0.2677544 0.4769829 0.3278809 0.6778669 0.5502518 0.4234704 0.2249902 0.5614194 0.6129240 0.4828043 0.5609351 0.3950743 0.5211963 0.4586329 0.1463201 -0.0207961 -0.0512069 0.0535451 -0.0912352 -0.2436846 0.1247550 0.2014647 0.0408142 -0.0659098 -0.0717047 -0.2159803 0.1409153 0.0227518 -0.0965074 -0.0046183 -0.2031584 0.3276493 0.2741537 0.1319256 0.4418207 -0.0714741 0.1274845 0.2387363 -0.0621399 0.3773157 0.0727364 -0.1768978 0.1717320 -0.1089895 0.0447060 -0.0648233 -0.2485913 0.1936931 -0.1222028 0.0013636 0.1974125 0.0472916 0.1366213 0.1387827 0.3364630 0.4746547 0.0557683 0.0066484 0.2989052 0.1943309 0.0470482 0.3546511 0.1421296 -0.0865149 0.0586582 0.6667428 -0.4116249 0.0155197 0.1119250 0.0467186 -0.0457508 0.1204921 -0.3315540 -0.0294582 -0.0833333 0.0639674 0.0634060 0.6510828 -0.1544388 -0.2417213 -0.0974638 0.0420857 0.1323754 0.3976771 -0.0851743 -0.0090407 -0.1756714 0.5455088 -0.1761127 -0.2202141 -0.0589999 -0.2050856 -0.1612540 -0.0071708 0.5167195 -0.0709524 -0.1086965 0.0671555 0.0302166 -0.1906897 -0.2099129 -0.1602132 -0.1660554 -0.3035776 0.2187835 0.1802586 0.4700880 0.1915313 0.1661265 -0.4347553 0.3224049 0.3549893 0.3174211 0.4347800 -0.2241616 -0.0937687 -0.0779023 0.4301705 -0.4023893 -0.1523368 0.6410991 0.6887317 0.1337131 0.4063195 0.0027111 0.0078617 0.0791614 0.1537737 -0.0913231 -0.0559404 0.3158925 -0.0498216 0.2662748 -0.0352606 0.3949516 -0.1256241 -0.1421351 0.5839633 -0.0769927 0.5234378 0.3132149 -0.1182278 0.4158441 -0.0330700 -0.1545398 0.5348964 0.1029291 0.5396474 -0.0381424 -0.0362875
-0.0637715 0.2760175 0.0211576 0.3476743 -0.0862332 0.3056095 -0.0898746 -0.0795564 0.6017019 0.4798696 0.0805707 0.3999571 -0.0822956 0.6197423 0.0000000 -0.2338548 0.3278681 0.6010295 -0.3054999 -0.1359315 0.4447154 -0.1188347 0.1643556 0.6422782 -0.2361842 -0.2437045 0.5533967 0.5255203 0.6410587 0.3347717 -0.1349537 -0.0314175 0.4522106 0.5390588 -0.0907097 0.4846446 -0.0548275 -0.1165786 0.3967038 0.5149923 -0.2375100 0.3746631 0.1754867 0.3641997 0.5410075 -0.1208538 -0.0918705 -0.0550998 0.4712505 -0.4501490 -0.0191775 0.3791389 0.4783122 0.5898169 0.0068295 -0.0911284 -0.0299921 0.4990040 -0.2227670 0.0288559 0.0333341 0.2888292 0.0009167 0.2964464 0.2791797 -0.0209020 -0.0087667 0.4408384 -0.0442926 0.3043444 0.0474938 0.3621306 0.2079624 0.1893623 -0.1042475 0.1533879 0.2783818 0.1233691 0.1602413 0.1245862 0.1451148 0.0733060 -0.1145977 -0.1974299 -0.1348282 -0.1861530 -0.0140064 -0.1794230 -0.0647677 -0.1576975 -0.1864846 -0.2599266 -0.0453330 -0.4805866 -0.0057501 -0.1327415 -0.2386844 -0.0344779 -0.3064656 -0.0935354 0.0305597 -0.2178307 -0.0454051 -0.2362625 -0.2218001 0.0249341 -0.0763646 0.1059131 -0.1562096 0.1079352 -0.0965386 0.0887543 0.2376690 0.1779538 0.1984192 0.3750253 0.2775231 0.2847355 0.1982855 0.1930282 0.2814884 0.3712747 -0.1711441 0.0838802 0.2120596 -0.0064823 0.3029117 -0.1894066 0.0059116 0.2310193 0.1955592 -0.5623755 0.0951046 0.2077510 -0.5514870 -0.0979770 0.1311692 0.0180636 -0.0906200 -0.0325853 -0.0436550 -0.0635409 -0.1335839 -0.0546077 0.0149014 0.2589256 -0.2297879 -0.2866957 -0.0320917 -0.1125147 -0.1837989 -0.0396093 -0.1517722 0.2372804 -0.3902105 0.0750110 -0.1984185 -0.3077694 -0.0517292 -0.4070634 -0.2229351 -0.1974439 -0.0532547 -0.1765905 -0.1417817 -0.4117031 -0.0041589 -0.0198877 -0.2554297 -0.3134309 -0.1593277 -0.1959374 0.2449050 0.0519913 0.5421955 0.3024394 0.0827891 -0.2994974 0.1279393 -0.1466903 -0.1957070 0.0916469 -0.3370498 -0.3236185 -0.1950705 0.0848202 -0.3142692 -0.0381433 0.4867750 0.5028024 0.1989710 0.2442152 0.0210126 -0.1074017 0.0777630 0.0085586 -0.2345694 -0.0692701 0.1764484 -0.1385833 0.0673757 -0.1489956 -0.1121667 -0.3049155 -0.0945645 0.3355240 -0.1075826 0.1144961 0.3441912 -0.0895026 -0.0473182 -0.2284461 -0.0795281 0.2870186 -0.0259971 0.0733873 -0.0822521 -0.0504391
-0.5625611 -0.1231214 -0.5054017 0.3911880 0.2366240 0.2794584 -0.2484683 0.5671453 -0.0100556 0.5575516 0.7192801 0.1378054 0.5178836 0.2856441 -0.2338548 0.0000000 0.6905625 -0.1833240 0.7056698 0.0443271 0.1602106 0.5431268 0.8568164 0.2397734 0.5065369 0.7878124 0.1215735 0.1304142 0.2240187 0.2969060 0.5311779 0.2263059 0.2485884 0.2620119 0.7244321 0.2099271 0.7153226 0.5898793 0.5452563 0.4651261 0.3566180 0.1077655 0.6539079 0.2823699 0.0993595 0.7507434 0.6875356 0.1697473 0.3458799 0.4479008 0.7076641 0.4784945 0.3929013 0.3864979 0.4960107 0.7042325 0.6251239 0.4322570 -0.0877265 0.6976368 0.1582397 0.6005877 -0.1158716 0.4937055 0.3988077 0.4520307 0.7675665 0.5120658 0.5155571 0.5733158 0.5858863 0.3664376 0.7789153 0.3519826 0.6356792 0.6342227 0.4541914 0.5883723 0.6029818 0.3028039 0.5063511 0.2641846 0.2526003 0.1867654 0.2834421 0.5630178 0.4754502 0.1700765 0.6016948 0.5603451 0.5843947 0.5602724 0.1699736 -0.0609655 0.5131996 0.2965348 0.2772127 0.2503459 0.4645403 0.0295979 0.3949256 0.6103377 0.6495569 -0.3045277 0.4993773 0.3851877 0.2159403 0.2415299 0.5162785 -0.0609697 0.6106312 -0.0652082 -0.1325616 -0.0523552 -0.2558244 -0.0197951 -0.1777559 -0.1028794 0.0556895 0.0582814 0.0641588 -0.0150472 0.4723890 0.1926915 0.0639430 0.2300457 0.2981417 0.4499298 0.2127712 0.2739316 0.1444665 0.6590007 0.2340892 0.1930460 0.4111469 0.3747354 0.1586400 0.2426064 0.2416559 0.2558724 -0.0516482 0.2229835 0.4549246 0.1496399 0.1650172 0.3985356 0.2401748 0.2004703 0.2652079 0.3615466 0.5016145 0.3832004 0.2651724 0.0098246 0.2904477 0.0831358 0.3659227 0.1342222 0.3552481 0.4066502 0.2051588 0.4050435 0.2329882 0.4264747 0.2089165 0.2957448 0.0269650 0.0687763 0.3038341 0.3718818 0.1389233 0.1129080 -0.3691534 -0.3570577 -0.2756575 -0.2317256 -0.0830286 -0.3390179 0.1920481 0.5509922 0.3386910 0.4343094 0.0408232 0.2712497 -0.0694503 0.3083118 -0.2359738 -0.2465586 0.0214116 0.0385759 0.0970896 0.1687084 -0.0023019 0.2426362 0.1847745 0.0998128 0.1173264 -0.0027735 0.1914379 0.3090335 0.4280792 0.0500786 0.4387783 0.1043702 0.0246568 0.2419263 0.2492242 0.1745868 0.3163793 -0.1501057 0.5001519 -0.1016157 0.1563621 0.2053074 0.0062484 0.3775389 -0.2576941 -0.1228363
-0.6068055 0.1017896 -0.5618895 0.6158258 -0.1769765 0.6631562 -0.2050603 0.5420623 0.4648246 0.8817970 0.7685706 0.5140750 0.3970189 0.7058523 0.3278681 0.6905625 0.0000000 0.3236626 0.4558372 -0.0896461 0.5018127 0.4651338 0.8018158 0.6398513 0.3461828 0.6234269 0.4182337 0.4458938 0.6574069 0.5840283 0.3784276 0.0581992 0.5105672 0.5793372 0.6632468 0.6465279 0.6400825 0.4242935 0.8957415 0.8449426 0.0760619 0.5480966 0.8390455 0.4920919 0.5586781 0.5727872 0.5785371 0.0739688 0.6076721 0.0857270 0.6378700 0.8712525 0.6797499 0.7663739 0.4104142 0.4838477 0.5346966 0.7176639 -0.2580280 0.6848657 0.2621427 0.8603088 -0.1352995 0.7336852 0.6109104 0.2826231 0.6605595 0.8084580 0.2918666 0.7317339 0.3902583 0.6386987 0.8311761 0.4613587 0.3057278 0.6638479 0.5701134 0.4116244 0.5521910 0.2172489 0.4219725 0.5191082 0.3952734 0.3533378 0.4229433 0.5340061 0.2349654 0.0943960 0.5417764 0.5733504 0.4341351 0.3001118 0.3938006 -0.4569429 0.3380283 0.1906856 0.2769541 0.4820182 0.2540703 0.0719835 0.5636093 0.6354520 0.7709032 -0.3624348 0.5218660 0.4562532 0.3868079 0.6305696 0.5683145 0.2299638 0.6010755 0.2771235 0.3451751 0.2966033 0.0722031 0.4786884 0.1414515 0.2966195 0.4818507 0.4001331 0.4355204 0.3978775 0.5810018 0.5017288 0.3722441 0.4216494 0.5954607 0.4808216 0.3902903 0.5955738 0.4197951 0.2983141 0.3505011 0.4758523 -0.1261712 0.3643114 0.4304641 0.4295920 0.3291452 0.4037130 0.0328653 0.3589357 0.5029942 0.2637565 0.4000410 0.7413054 0.2413403 0.1644557 0.3062301 0.4957831 0.6118747 0.6215009 0.3068423 0.2849528 0.2818286 0.3380242 0.4110145 0.1424175 0.4417464 0.3470714 0.1908016 0.4797344 0.4564161 0.4036884 0.3051683 0.2668498 0.2410086 0.1857471 0.3257091 0.3657377 0.2051199 0.1644080 -0.1087490 -0.2214114 0.0478533 -0.0587976 0.1049428 -0.4811375 0.3889840 0.4431088 0.0845402 0.4895383 -0.0631719 0.0392819 -0.2187576 0.3390805 -0.3534050 -0.3464684 0.3121590 0.4225699 0.4703457 0.3503643 0.0320895 0.2796056 0.4367060 0.3679618 0.1788635 -0.0200008 0.3413641 0.3749639 0.4256355 0.0627302 0.4915021 -0.0170160 -0.1308936 0.4860348 0.2861042 0.3633284 0.3988277 -0.0697855 0.6239239 -0.1034254 0.0084133 0.4671248 -0.0142383 0.4462410 -0.4816617 -0.3318040
