0.0000000 0.4763090 0.7397576 0.1341095 0.4534065 0.0374801 0.3390901 0.5273192 0.0508552 -0.0264714 -0.0221150 0.0071267 0.6162910 -0.0190795 -0.1938083 0.2134340 0.4050507 0.0653958 0.2016785 0.1730488 -0.0303569 0.4334490 0.1954620 -0.5298041 0.1355698 0.2892841 0.1548883 -0.5826688 -0.1410434 -0.8282721 0.4534961 0.1102193 -0.5929917 -0.4663876 0.2084479 0.0322780 0.2138419 0.0990307 -0.5609868 -0.6551926 0.2785163 0.1747496 0.1518906 -0.5160010 0.0595089 0.0049820 -0.0877832 0.1497948 -0.3875197 0.1300026 -0.0530728 -0.4509694 -0.0785853 0.0110616 0.2489281 0.0171199 -0.0894838 -0.1899258 0.5486858 -0.0020206 0.5194389 -0.0408165 0.3070556 0.0667657 0.2934246 -0.0435631 -0.0020659 -0.0989233 0.4077201 -0.1492113 0.0476413 0.2395530 -0.1793571 0.3127620 0.0295240 -0.3610813 0.1907278 0.2554382 0.3790023 0.3867805 0.0576662 0.0360664 0.0598896 0.3802792 0.1246459 0.3138300 0.0006437 0.2465863 0.3690396 0.2807209 0.6435667 0.2464591 0.6647883 0.0827691 0.4252742 0.3868538 0.4067477 0.3626857 0.4096397 0.1509893 0.2602740 0.1048696 0.0135078 0.0543119 0.2580427 0.3512213 -0.0857585 0.0500268 -0.0104112 -0.1064251 0.4463272 0.2710144 -0.2046256 -0.0596345 0.1561814 0.1575502 0.1560297 0.0127290 0.0840780 0.2944346 0.0268831 0.0487049 -0.0507348 0.0240012 -0.0274035 0.4438627 0.0373399 -0.0579857 -0.0629301 -0.0028176 -0.1107590 -0.1703098 0.0476888 -0.0344635 0.0530633 0.1352518 -0.2399964 0.0045225 0.1100369 0.2812750 0.1225472 0.0812950 0.6140904 -0.0708705 -0.2671391 -0.1352162 0.0741948 0.1319280 0.3700521 0.3016955 0.3052224 0.1848084 0.2530160 0.1385629 0.3794549 -0.1294977 0.5014785 -0.1346875 0.5428756 0.4676889 0.2222534 0.3420959 -0.4761896 0.4389380 0.1750924 -0.0538187 0.3135310 0.5938676 0.2835703 0.4303158 0.2656999 0.2662198 0.2127096 0.4427638 0.2996465 0.2903216 0.2467551 0.2249481 0.1858943 0.2263973 0.3812044 0.3904062 0.3437421 0.2269623 0.3814280 0.4092407 0.1815154 0.1472029 0.2451544 0.3466612 0.3343530 0.1796785 -0.1565595 0.2812082 0.2457636 0.3390973 0.2612345 -0.0099702 0.1626253 0.4395195 0.4460779 -0.1749032 0.1171904 0.2580594 0.3415541 0.3891063 0.0250043 0.1871820 0.3663178 -0.2453888 -0.0029443 0.0002015 0.3043077 0.1163933 -0.2367205 0.2360327 0.1449380 0.2824355
0.4763090 0.0000000 0.5244913 0.4244985 0.2839246 0.4120663 0.5963155 0.2593534 0.1333906 -0.0654533 -0.1200849 0.4674387 0.1997636 -0.2801776 -0.3133290 -0.1647056 0.0388851 -0.0996761 -0.1028173 -0.2874616 0.5343394 -0.2610961 -0.1994225 -0.3652652 -0.0860753 0.0411371 0.1317600 -0.7749733 0.4147270 -0.5095572 -0.1360822 -0.1905807 -0.5744737 -0.1684702 0.0024779 0.7239736 -0.3297978 -0.2766163 -0.7189447 -0.5347472 -0.2598283 0.8242154 -0.3006048 -0.4708142 0.6782048 -0.2388477 -0.3822587 -0.3382424 -0.2073483 -0.3791604 -0.1311298 -0.5022581 0.1781625 -0.1244607 -0.1486419 -0.2649038 -0.4693824 -0.1621527 0.4716020 -0.3396866 0.6227040 -0.0927202 0.0369789 0.1458177 0.4979781 -0.3422176 -0.3743393 -0.2872681 -0.1217807 -0.1574361 -0.3778963 0.4330194 -0.2711939 0.5773220 -0.3940095 -0.0728510 0.7315301 0.2459893 0.6436792 0.7123826 -0.0402108 -0.1906345 0.2826838 0.2089286 0.3356246 0.4848527 0.4183793 0.0759989 0.4579220 0.3850619 0.5780381 0.4079920 0.7289177 -0.3546706 0.2929658 0.2866219 0.3620125 0.6524775 -0.0738312 -0.3526364 -0.1078201 0.3663116 0.2742556 -0.3129399 0.3951783 0.0967455 0.1284002 0.4679038 0.3181896 -0.0466275 0.3712915 0.6242042 -0.2093638 -0.3955774 -0.3231715 -0.1203192 -0.1841070 -0.2938615 0.0329779 0.2907103 -0.2472448 -0.1522452 0.0994352 -0.3507600 -0.1567439 0.4488834 -0.2151210 0.2271509 -0.1554192 -0.5050276 -0.6937980 -0.3334276 -0.4450209 -0.1916290 0.1669220 0.1014423 -0.4856431 0.0876180 -0.2623574 0.6769013 0.0104745 0.3379993 0.4749109 0.1449266 -0.1231408 -0.2303256 -0.2180661 -0.0627670 0.2977472 0.6960543 0.6661592 0.3080824 0.2284063 0.0056702 0.2376066 0.3026173 -0.0538126 -0.1170213 0.0855593 0.7791430 0.4064847 0.7115282 0.1412685 0.2316970 0.2717569 0.0074799 -0.0312679 0.2128084 -0.1567021 0.6587615 0.1782623 0.1214272 0.7689747 0.5710820 0.8620818 0.7739854 0.6525924 0.2926923 0.6619202 0.6348818 0.0448240 0.8060804 0.8525580 0.6235046 0.3149989 0.5375111 -0.0505553 0.0683553 0.5800155 0.6258681 0.7550850 0.5786575 -0.1778103 0.7447323 0.4997548 0.7842107 0.6802247 0.0723824 0.2588485 0.7138641 0.1206500 -0.0791281 0.5084774 0.4605993 -0.0671916 -0.0028889 0.4563015 -0.1683412 0.1097534 0.1374034 0.3057162 0.0719715 0.0365679 0.0445946 -0.2800195 -0.1997544 -0.1506664 -0.0084287
0.7397576 0.5244913 0.0000000 0.2791046 0.7234830 0.2666427 0.4957334 0.4111117 0.1122436 -0.0958150 -0.1395382 0.2537150 0.6962458 -0.1928919 -0.2045085 0.0217694 0.1853249 -0.0854436 0.0832415 0.0927073 0.1510026 0.3097722 -0.0324017 -0.4509034 0.0226785 0.1546455 0.1496604 -0.5836750 0.0831411 -0.6605657 0.4910598 0.3168314 -0.4605460 -0.2956199 0.0679655 0.2260073 0.2221108 0.1517087 -0.6150852 -0.5724053 0.1910296 0.3957702 -0.2463427 -0.4504238 0.1635752 0.0534087 -0.0472303 0.2533385 -0.2441525 0.1313865 0.0517065 -0.5093588 0.0034465 -0.1430668 0.3909982 0.1102308 0.0394598 -0.2679380 0.4688285 0.0069449 0.5105262 -0.0863260 0.4558808 0.0855493 0.3359227 0.1588336 -0.0124949 -0.2008829 0.3089783 -0.1781557 0.0853263 0.3266085 -0.1958395 0.6861363 0.0119816 -0.1251843 0.3413000 0.2216393 0.3158447 0.5949424 0.1102705 -0.0498752 -0.0870155 -0.0268132 -0.1074966 0.3508159 0.1469873 0.1565270 0.4072689 0.3819446 0.5791051 0.3067341 0.6627770 -0.0394039 0.4712994 0.4858726 0.3908067 0.5012237 0.2802186 -0.0452245 0.2066902 0.3041756 0.1271021 -0.0354203 0.4608711 0.4126396 0.1541048 0.1748694 0.2640932 0.0177281 0.4849417 0.4671571 -0.0516246 0.1039278 0.1524956 0.3123668 0.2210521 0.0857904 0.2117913 0.4104637 0.2625298 0.3082665 0.2197449 0.0983871 0.0902188 0.3967329 0.3271659 0.3102787 0.0694545 0.0613085 -0.1588215 -0.0998328 0.2752536 -0.0732321 0.1396360 0.2097879 -0.1049882 0.1239799 0.0667472 0.2827961 0.1519267 0.2756533 0.4130077 0.0509998 0.0033231 0.0142062 0.0876544 0.1421596 0.2975937 0.4334264 0.3362747 0.3485712 0.4460321 0.1727244 0.4927179 0.1922194 0.1381903 0.2226734 0.1904835 0.3796219 0.4785406 0.4012948 -0.1901556 0.1422045 0.4074697 0.1258855 0.3130735 0.3225176 0.2393663 0.4054175 0.3289528 0.2237677 0.0333423 0.2043039 0.2838980 0.3115061 0.3101994 0.3692518 0.2667325 0.2824991 0.3636786 0.4161119 0.4841312 0.3460947 0.5660036 0.5962307 0.4324177 0.4794799 0.3511691 0.2520854 0.3912498 0.1523110 -0.2318910 0.3570600 0.2848079 0.3700382 0.3261756 -0.0616658 0.3459120 0.4579242 0.3833138 0.0077665 0.3965083 0.3945090 0.2783975 0.3271934 0.3096736 0.1299954 0.3206457 0.0894767 0.1656899 -0.0551889 0.2490344 0.0934430 -0.3601490 0.2234495 0.1026211 0.3339247
0.1341095 0.4244985 0.2791046 0.0000000 -0.0903899 0.8189260 0.4066390 0.5100335 0.8569408 0.7448630 0.6054835 0.8021589 0.0193924 0.3497669 0.5321141 -0.0873004 0.3070391 0.6630896 0.1459424 -0.2872832 0.7471498 -0.0517322 -0.0847845 0.4818217 0.0560290 0.0848566 0.2865244 0.0482938 0.6584859 -0.0125768 -0.0965938 -0.2977223 0.2845338 0.6113288 -0.0610094 0.7114686 -0.1128155 -0.2808018 -0.2622166 0.0149708 -0.3471195 0.4263742 -0.1403033 0.2204387 0.7643601 0.0205120 0.0478769 -0.3754150 0.6727309 -0.1299653 0.1795346 -0.2951339 0.8778542 0.3322598 -0.3500628 -0.0573304 -0.1106908 0.4992023 0.0358580 0.1421748 0.4744010 0.4604904 -0.5625383 0.8193275 0.7930894 -0.3841808 0.2728631 0.3806617 -0.5468419 0.6086057 -0.0818483 0.8045379 0.4359628 0.3642298 -0.2356962 0.7032057 0.5304252 0.3653283 0.5536926 0.1272874 -0.1590358 -0.1290567 0.3716110 0.0723510 0.3637850 0.5535512 0.5091703 0.3470516 0.5437576 0.6092694 0.1588619 0.1089852 0.2977339 -0.4316759 0.4557482 0.1172910 -0.3028529 0.2808396 0.1822664 -0.4087437 0.3979058 0.3435860 0.4281521 -0.2841748 -0.2197243 0.1497775 0.4453930 0.4868066 0.1830168 0.2197242 0.2110160 0.3223667 0.4260762 0.4501193 0.3503151 0.5801766 0.4574372 0.3737458 0.7363820 0.4501226 0.3625514 0.4281962 -0.1670664 -0.0041127 -0.0371893 -0.0449313 0.2407035 0.0698869 -0.2489461 0.0751105 -0.2797414 -0.1443954 -0.1290169 -0.0606729 0.0171730 0.4827605 -0.1905624 -0.0735599 -0.4278764 0.3025393 -0.1165202 0.1388801 0.3921733 0.3222553 -0.0237184 0.0475221 -0.1733168 -0.1958618 0.2360966 0.4893735 0.2358613 0.5045518 0.4504561 -0.0512840 -0.0858340 0.3705632 -0.1642783 0.1421186 -0.4197773 0.1795292 0.1769663 0.5632538 0.0003525 -0.0308421 0.3615263 -0.0547137 0.0980527 -0.2411205 -0.2971807 0.4866804 0.1594585 0.1076963 0.2761299 0.3174822 0.3517775 0.2461747 0.2928186 -0.3947526 0.4639724 0.1907829 -0.5241463 0.4621947 0.4658745 0.7409344 -0.2085284 0.1597634 -0.4639261 -0.4062921 -0.0647411 0.1992920 0.4165652 0.0159429 -0.5060115 0.4288331 -0.0428791 0.4005138 0.4792969 -0.0084028 -0.2355323 0.2303454 -0.1789692 -0.1134341 0.6853965 0.3756190 -0.2021045 -0.4467335 0.3061669 -0.1272028 -0.0288250 -0.0326474 0.4519067 -0.0751804 -0.1265233 -0.1487794 -0.1944227 -0.0986163 0.2289775 0.3029514
0.4534065 0.2839246 0.7234830 -0.0903899 0.0000000 0.0415972 0.5597416 0.3831008 -0.3020245 -0.3075758 -0.1873920 0.1421071 0.7700566 -0.2296202 -0.2408133 0.2184641 0.0935761 -0.2797900 0.1832801 0.0291724 0.0478579 0.1106750 0.2056341 -0.5623719 0.2254301 0.4034693 -0.2080018 -0.4707373 -0.0634668 -0.4735048 0.3884581 0.4990400 -0.4737672 -0.4494083 0.3853200 0.1112300 0.3916587 0.3783033 -0.3297037 -0.4034306 0.3169094 0.2334942 -0.0228027 -0.4516844 -0.0897836 0.3462982 0.1821022 0.3287332 -0.4238478 0.2855049 0.2689122 -0.0549732 -0.2535663 -0.1333268 0.4428845 0.3078361 0.2555407 -0.3513573 0.1866261 0.1961923 0.4906383 -0.0619618 0.6003775 -0.1498184 0.1792998 0.2430874 0.1481387 -0.2009457 0.4407355 -0.2697542 0.1976952 0.0796076 -0.1023467 0.6428850 0.3049578 -0.2359923 0.3518896 0.3955104 0.2663530 0.6994516 0.5189548 0.0749537 0.1088287 0.0329514 -0.0652137 0.3163312 0.1189476 0.1117212 0.3219613 0.1682631 0.2629631 0.0417262 0.2997501 -0.2319238 0.2706519 0.2121806 0.1766605 0.2937516 -0.1262867 -0.1961707 -0.0541643 0.2356094 0.3742689 -0.1651069 0.3986507 0.1046111 -0.0165394 0.2592368 0.2877365 0.0859378 0.0532170 0.2465648 -0.1886673 -0.1960804 -0.1153260 0.0270465 -0.3113264 -0.2140326 -0.1541347 -0.0826557 -0.1857676 -0.1505016 0.2672941 -0.0296317 -0.1368212 0.2600759 0.2712231 0.1172333 0.0076645 -0.1246775 -0.2211423 -0.3985715 0.4361824 -0.3426439 -0.0590187 -0.1140151 -0.0505357 0.1022199 0.0234611 0.3290772 -0.2128059 0.3461870 0.1473189 0.1154989 0.0198521 -0.2003003 -0.1319435 -0.1828840 -0.1895543 0.2098896 0.3038935 0.1272448 0.1004946 -0.1721584 0.2321688 0.3611544 -0.0704389 -0.1270715 0.2197698 0.1881838 0.0609170 0.2286582 0.1278016 -0.2079000 -0.0922286 -0.2913559 -0.1596088 0.1798672 0.3258883 -0.0527874 -0.1150140 -0.0762061 -0.0013096 0.2312622 0.2841508 0.3981682 0.5158317 0.7624988 0.3419057 0.4384294 0.5226531 0.3268995 0.2167210 0.0531878 0.3074714 0.7747545 0.3940840 0.6445251 0.4242017 0.2026559 0.2502837 0.3415357 0.0041791 0.2353149 0.1504874 0.2781089 0.3285255 0.1538865 0.7330429 0.3646648 0.3171313 -0.1891724 0.0616951 0.3860984 0.3181882 0.6274826 0.3256013 0.0289616 0.0425800 0.2985288 -0.2045316 0.2319992 0.4482698 0.3781951 0.0517397 0.0777156 -0.2529670 -0.1479023
0.0374801 0.4120663 0.2666427 0.8189260 0.0415972 0.0000000 0.6597701 0.2269857 0.7056576 0.6066409 0.3913575 0.8566463 -0.1410965 0.2927780 0.4355664 -0.1154427 0.4387020 0.4899395 0.0365581 -0.6480066 0.7232900 -0.2706073 -0.0458798 0.4171617 0.0144614 0.0674267 0.3258320 0.0400690 0.5298534 0.0427144 -0.3916146 -0.2957885 0.2194180 0.4846422 -0.0282340 0.6668652 -0.1599108 -0.3711184 -0.2412020 0.1147731 -0.4387529 0.4141992 -0.1505914 0.2268303 0.6642650 0.0908183 0.0204644 -0.4729186 0.5955882 -0.3379474 0.0672669 -0.0916988 0.8045665 0.3110413 -0.4557572 -0.1471745 -0.1512319 0.4170046 -0.1176788 0.1359548 0.5750908 0.4962986 -0.4680235 0.7574143 0.8115187 -0.4555705 0.2484085 0.3330290 -0.5993203 0.4854451 0.0149327 0.8340812 0.3931743 0.5714075 -0.1327386 0.5235615 0.6737976 0.4134337 0.4394605 0.2110925 -0.0146536 -0.3693126 0.3704987 -0.0532823 0.4621348 0.6857142 0.5302821 0.3453355 0.5649942 0.6242260 0.1492660 0.0635383 0.1906111 -0.6158311 0.1257890 0.3400747 -0.1310573 0.3819811 -0.1358307 -0.6662368 0.2277125 0.5850340 0.5695730 -0.4183691 0.0029103 0.4379835 0.6763223 0.6556702 0.5557277 0.4111482 0.1713724 0.4261329 0.3853948 0.3712559 0.0125553 0.3984921 0.2674636 -0.0249024 0.4643031 0.0984385 0.0904005 0.1690625 0.0724686 -0.1380065 -0.3357694 -0.2297087 0.0650478 0.3595936 -0.3846984 -0.1538301 -0.5644545 -0.1655679 -0.2548740 -0.1981491 0.2192667 0.3473724 -0.4114002 -0.0839167 -0.4914744 0.3280842 -0.2244608 0.1651951 0.4209391 0.2925878 -0.0056674 0.0335618 -0.1280260 -0.1192867 0.1813358 0.5671669 0.3861086 0.4403804 0.3809622 -0.1120487 -0.1121940 0.5619593 -0.3401266 0.1853211 -0.6332190 0.3167279 0.2401535 0.5432120 0.2836199 -0.1348267 0.3349381 -0.1141065 -0.0666988 -0.3972825 -0.3920650 0.4259215 0.1029929 -0.0648566 0.3328702 0.2801375 0.4316170 0.3684773 0.4505687 -0.1519885 0.5828046 0.4339155 -0.3766421 0.4269550 0.5078170 0.6855084 -0.1583340 0.4161923 -0.4426155 -0.2915283 0.1853940 0.3778302 0.3472250 0.2024460 -0.4392878 0.5324195 -0.1640655 0.3487186 0.3678517 -0.0560742 -0.1308068 0.1077782 -0.2624378 -0.2637675 0.5133122 0.0616054 -0.4985608 -0.4863401 0.1177842 -0.5472854 -0.1890098 0.0278361 0.1776245 -0.3118048 -0.3471880 -0.4221743 -0.4775705 -0.4373493 0.4091842 0.0677992
0.3390901 0.5963155 0.4957334 0.4066390 0.5597416 0.6597701 0.0000000 0.3431965 0.1765550 0.1633812 0.1155164 0.7249079 0.2960697 0.0677096 -0.0225091 0.2216870 0.4580010 0.0986330 0.1937009 -0.5760385 0.5881720 -0.2268252 0.2166275 -0.1547738 0.1947157 0.2874629 0.1516389 -0.3878639 0.3075030 -0.3310721 -0.2073118 -0.1025090 -0.2517649 -0.0213729 0.2752871 0.4953219 -0.1489635 -0.0289608 -0.4346049 -0.2045022 -0.1351909 0.4635250 -0.0167588 -0.1849308 0.5069227 0.2211702 -0.1025060 -0.2383611 0.0525745 -0.1446830 -0.0076677 0.0192498 0.3635400 0.2495437 -0.1684455 -0.0206391 -0.2317424 0.1318399 0.0966979 0.0354978 0.8143973 0.3477305 -0.0194873 0.4165814 0.6899675 -0.3810316 0.1814519 0.1555281 -0.1496702 0.1469707 0.0611658 0.6614263 0.2435563 0.7314039 0.1105158 0.0192083 0.8455767 0.5467109 0.4865618 0.6861741 0.3046765 -0.2162660 0.3748963 0.0231609 0.4180764 0.7295802 0.4440449 0.2158808 0.6032380 0.5823980 0.3118216 0.0192433 0.4220458 -0.6691074 0.2006673 0.4219813 0.0940976 0.5317073 -0.2451760 -0.6133737 0.0356763 0.6108647 0.5998926 -0.4452735 0.2220749 0.3159209 0.4261197 0.6495570 0.5637724 0.3095071 0.0269390 0.5172758 0.0523668 -0.0490443 -0.2055686 0.1552783 -0.1647783 -0.3815544 0.0824001 -0.1237177 -0.2854071 -0.1936094 0.1281701 -0.2447547 -0.4931707 0.0231966 -0.0239374 0.2530617 -0.4131046 -0.2635139 -0.6274831 -0.4065523 -0.0132412 -0.3898877 0.3517610 0.0082398 -0.3211113 0.0292573 -0.2444866 0.4632839 -0.1385864 0.2431931 0.5851809 0.1253417 -0.1358409 -0.1174669 -0.0493915 -0.0031699 0.1988434 0.5682855 0.5021475 0.1947285 0.2825974 -0.0364174 0.1098378 0.5205303 -0.0809770 -0.0587359 -0.1008327 0.4767863 0.3049345 0.5108430 0.3858646 -0.0282812 0.1926327 -0.2296813 -0.1311918 0.1114659 0.1138227 0.3406189 0.1064112 0.0797123 0.3683220 0.6572409 0.7486440 0.8103673 0.8448487 0.5487120 0.7584347 0.7157515 0.0343203 0.4911259 0.4877012 0.4250224 0.0536511 0.7328624 -0.2022355 0.0586581 0.6325164 0.6918520 0.4460054 0.6561351 -0.0284665 0.5427791 -0.0388639 0.4986211 0.5144674 0.2741719 0.4800993 0.3815683 0.0577051 -0.5537272 0.2504305 0.2447286 -0.2065775 0.0829680 0.2044201 -0.4698907 -0.2113111 0.1171474 -0.1800450 -0.0385645 0.0245621 0.0430743 -0.2868345 -0.4724787 0.0983991 -0.1613796
0.5273192 0.2593534 0.4111117 0.5100335 0.3831008 0.2269857 0.3431965 0.0000000 0.4050520 0.4528429 0.6023345 0.3229909 0.6999486 0.3758487 0.4076776 0.4464636 0.3991162 0.5892170 0.5509657 0.1851814 0.3066132 0.3430836 0.3824171 -0.0258861 0.4777419 0.5221243 -0.0926468 -0.1823053 0.2961211 -0.4326099 0.4452595 0.1385032 -0.0787446 0.1087569 0.4205653 0.3344508 0.3748082 0.2478021 -0.1902771 -0.3690062 0.2675734 0.1408958 0.3128660 -0.2069286 0.2881243 0.2903283 0.3359045 0.1089896 0.0975823 0.3602123 0.4490310 -0.0751509 0.3321481 0.2193434 0.0874967 0.2180964 0.1708760 0.1180059 0.2777712 0.3784772 0.4564778 0.2383119 -0.0706144 0.4264178 0.5128455 -0.1095743 0.4955556 0.2030945 0.0996428 0.4104107 0.1578793 0.4960123 0.2817974 0.3193106 0.1016127 0.3575131 0.3902057 0.6572016 0.6517290 0.3503975 0.2878968 0.3736063 0.5020209 0.4039705 0.2306834 0.3707064 0.1411760 0.5032916 0.3801915 0.3695040 0.0510111 -0.0757359 0.3799088 -0.1116671 0.5194121 -0.1600202 -0.3530817 0.0432071 0.1815243 -0.0152571 0.5501961 0.0247822 0.4578234 -0.0354799 -0.3102354 -0.0985774 -0.1653780 0.2734221 -0.2294375 0.0230259 0.1544544 0.1033217 0.1882620 0.1046653 0.4891599 0.4686500 0.1033470 0.3928811 0.4772285 0.3371953 0.0755645 0.0172229 -0.3366437 0.3253944 0.1323719 0.2100602 0.2341561 -0.4783957 -0.1374250 0.1952866 -0.0530869 -0.2864010 0.2324061 0.0590034 -0.1757416 0.3783871 0.0505574 -0.1673712 -0.2414809 0.3898667 -0.2046206 0.2298974 0.4163402 0.4307902 -0.1827809 -0.0404919 -0.3360631 -0.4275709 0.0014516 0.2397674 0.2119987 0.4041100 0.2261134 -0.1914316 -0.1423779 0.3137158 0.2513479 -0.2803349 0.2690063 0.1402469 -0.2079812 0.4400605 -0.1356889 0.0411538 -0.0869066 -0.3258175 0.1448959 0.2982646 0.2202553 0.2345382 -0.0461819 0.0626608 0.1520527 0.4960560 0.2280753 0.2369948 0.3463425 0.1310265 0.2818433 0.1284369 0.0398591 0.4275802 0.2265428 0.3920903 -0.1583315 0.2748710 -0.1944508 -0.0858568 0.0609232 0.2134402 0.3805282 0.1924242 -0.1292551 0.3497131 0.1341418 0.4472390 0.6002626 0.3602710 0.2522241 0.3872887 0.2964680 -0.0545031 0.4830625 0.6998883 0.4570256 0.3464707 0.3693682 0.3216182 0.1513360 0.0916972 0.2734679 0.5479372 0.5079435 0.4604120 0.3725098 0.2221466 -0.1890420 0.2396539
0.0508552 0.1333906 0.1122436 0.8569408 -0.3020245 0.7056576 0.1765550 0.4050520 0.0000000 0.8213706 0.5948789 0.6326732 -0.1640287 0.3648399 0.7030576 -0.1160932 0.3645482 0.8325627 0.3212386 -0.3035426 0.6233152 0.1140415 -0.1314009 0.6824755 0.1886467 0.0151472 0.4059510 0.2647625 0.6587871 0.1052071 -0.0998224 -0.2390476 0.5238361 0.7244215 0.0070647 0.5081079 -0.0909238 -0.1549500 -0.0232254 0.1094949 -0.2417202 0.2317731 0.0174791 0.4183559 0.6077206 0.1472421 0.2412275 -0.2681576 0.7832707 0.0117289 0.2278503 -0.1786106 0.8557955 0.4052641 -0.3106280 0.0782731 0.0157825 0.5679406 0.0304273 0.2650193 0.2624815 0.4471896 -0.6592059 0.7864417 0.6272987 -0.3456541 0.3831837 0.4554969 -0.5102996 0.7031024 0.0652723 0.7168421 0.4597726 0.1329468 -0.1533738 0.6721537 0.2697519 0.2455238 0.3932795 -0.2528111 -0.2397272 -0.0244531 0.3863784 -0.0010901 0.3907142 0.4866724 0.3219947 0.5896943 0.5029556 0.6636420 -0.0497466 0.0181257 0.1680524 -0.1938609 0.3709665 0.1942173 -0.2649157 0.0233187 0.2621896 -0.2534658 0.6059279 0.1775329 0.2644244 -0.0546859 -0.2582833 0.3530593 0.4791174 0.3771079 0.1133994 0.3167026 0.2942832 0.1577344 0.6854995 0.5417882 0.5049671 0.6594211 0.6279990 0.5977058 0.8184584 0.4989008 0.4706723 0.4924171 -0.0716283 0.1300573 0.0407598 -0.0208583 0.1161498 0.0766032 -0.0269740 0.1245464 -0.0655227 0.1934218 -0.0995650 0.1640384 0.2424283 0.7005359 -0.0706376 0.0985615 -0.1944536 0.1703535 0.0858092 0.2125368 0.4315810 0.4256660 0.1961940 0.3896498 0.1208625 0.0247643 0.3821480 0.4181552 0.0943254 0.5947541 0.6385908 0.1722935 -0.0320875 0.2727537 0.0791824 0.4152983 -0.4744962 0.0893858 0.2330063 0.4330364 -0.0286307 0.2158525 0.5411414 0.1393454 0.3511990 -0.1952157 -0.2768669 0.5721141 0.3923726 0.3172231 0.0976722 0.1469677 0.0371351 -0.0537998 0.0015935 -0.5906680 0.2372474 0.0103550 -0.4930884 0.2521065 0.3088780 0.6337254 -0.2239572 -0.0645487 -0.5028425 -0.5535436 -0.3600238 -0.0344949 0.2543413 -0.2589400 -0.5820915 0.3103114 -0.0056612 0.2609443 0.3000288 -0.1682299 -0.5635652 0.1362455 -0.2606768 0.0041537 0.5461326 0.1319579 -0.3220774 -0.5934567 0.1681466 -0.1776681 -0.0491985 -0.2720349 0.4401432 -0.1731815 -0.3039671 -0.3111427 -0.2637924 -0.1900060 0.3050961 0.3517853
-0.0264714 -0.0654533 -0.0958150 0.7448630 -0.3075758 0.6066409 0.1633812 0.4528429 0.8213706 0.0000000 0.9153146 0.5971830 -0.1029126 0.7044775 0.6904440 0.3232641 0.6615362 0.8915733 0.4654997 -0.3395401 0.5623213 -0.0181707 0.3596090 0.7451441 0.3571059 0.3487264 0.2814237 0.4862261 0.4705989 0.2917866 -0.2145097 -0.3076290 0.6438774 0.7387115 0.3097060 0.3531845 0.0228848 -0.1552444 0.2842495 0.4259186 -0.2701958 -0.0271616 0.4280378 0.6129578 0.4575821 0.2435660 0.4036455 -0.3834103 0.8644076 0.0078359 0.4189048 0.2676550 0.8823413 0.7423612 -0.4701757 0.0759144 0.0533793 0.8238777 -0.2091846 0.5425277 0.2977388 0.7935106 -0.7642935 0.9084602 0.6688376 -0.4330209 0.6531147 0.7651873 -0.4403246 0.9121683 0.1730834 0.6958836 0.7815594 -0.0536289 0.1150618 0.6510765 0.2081037 0.3826149 0.2456154 -0.3262562 0.0539862 0.1237500 0.4674765 0.0543784 0.4883648 0.4152915 0.3803090 0.6072688 0.4311550 0.5342007 -0.1985993 -0.1706330 -0.0935956 -0.2281210 0.2356225 0.0354344 -0.4506729 -0.0927409 0.0457169 -0.2490779 0.4738074 0.2439703 0.3995907 -0.1769595 -0.4477315 0.0478114 0.3719569 0.3009102 0.0420338 0.2928865 -0.1559872 -0.0585487 0.6579245 0.5138562 0.4653801 0.5925410 0.3844674 0.4476933 0.6278619 0.1449934 0.2013719 0.2389525 -0.0758231 0.1112751 -0.1331918 -0.2875804 0.0804719 -0.1495425 -0.2961175 0.2484290 -0.0223451 -0.0701572 -0.0869417 0.0035500 0.0920324 0.3178706 -0.0840222 -0.0994955 -0.3331704 0.0238626 -0.1666998 -0.0504587 0.3885651 0.1910444 -0.1060163 0.0801464 -0.0677030 -0.1568456 0.1317765 0.1192719 -0.0527572 0.3233643 0.3112948 -0.0597053 -0.3278083 0.2700814 0.0679574 0.0310316 -0.4487541 -0.0633908 -0.0699975 0.2713843 0.1074518 0.1215818 0.1962852 -0.1106365 0.0801677 -0.2083178 -0.1429838 0.3009211 0.0744381 0.1503844 0.0607501 0.2576949 0.0383339 -0.0105248 0.1072360 -0.4864967 0.2891479 0.0377885 -0.5346686 0.0795813 0.0481666 0.4774970 -0.4388195 -0.1041593 -0.6661534 -0.6701647 -0.3376145 0.0517420 0.1192250 -0.1315912 -0.3463254 0.1479726 -0.3248983 0.0629119 0.1533405 0.0004403 -0.3733585 -0.1169607 -0.2287665 -0.2446984 0.2952823 0.0781543 -0.2922871 -0.3706080 -0.0094957 -0.2499794 -0.2704673 -0.2773925 0.2449490 -0.0758057 -0.2181114 -0.2148547 0.0391209 -0.1807545 0.2917284 0.1136398
-0.0221150 -0.1200849 -0.1395382 0.6054835 -0.1873920 0.3913575 0.1155164 0.6023345 0.5948789 0.9153146 0.0000000 0.4755997 0.1257945 0.7656680 0.6246338 0.5471445 0.6364530 0.8100382 0.5327935 -0.1590562 0.4324579 -0.0182623 0.5706320 0.5843565 0.4522138 0.5106416 0.0161053 0.4263373 0.3143423 0.2284712 -0.0848334 -0.2164082 0.5319474 0.5913395 0.4420911 0.2518552 0.1776458 -0.0339808 0.3185547 0.3751048 -0.1396977 -0.1400553 0.5559371 0.4722848 0.3130476 0.2802504 0.4679314 -0.2793203 0.6989467 0.1114531 0.5430338 0.4092555 0.7181603 0.7113869 -0.3819307 0.1188430 0.1251298 0.7208677 -0.2279707 0.6163483 0.2514505 0.7627811 -0.6458378 0.8054830 0.5832455 -0.3388969 0.7059717 0.7283114 -0.2803209 0.8717463 0.1924891 0.5795781 0.7744017 -0.0880700 0.2167756 0.6009019 0.1872962 0.4590408 0.2321009 -0.2031800 0.2132249 0.3431102 0.4900927 0.1483891 0.3794419 0.2635068 0.3328310 0.5221895 0.2904791 0.3520916 -0.2962900 -0.2283572 -0.1289465 -0.1324768 0.2512011 -0.1736989 -0.5702098 -0.1391175 -0.0220925 -0.1089728 0.4363470 0.1990986 0.4409556 -0.1049435 -0.5548576 -0.2352279 0.1320516 0.2151392 -0.1273800 0.1650534 -0.3293936 -0.1488927 0.4976891 0.4041846 0.4732416 0.5078105 0.1635101 0.3958561 0.4915597 0.0326197 0.0564870 0.0608514 -0.2260617 0.2153477 -0.0675276 -0.3352840 0.1306050 -0.3857214 -0.4021181 0.3447260 0.0297531 -0.2160321 0.0038013 0.0234955 -0.0831132 0.1492173 0.0063613 -0.2899058 -0.4264500 -0.0123934 -0.2887753 -0.1717991 0.2773594 0.1382157 -0.3083513 -0.0825544 -0.2952958 -0.3686509 -0.0713551 -0.0678889 -0.1057540 0.1609250 0.0623014 -0.2157728 -0.4914651 0.2886826 0.0748687 -0.2593401 -0.2542443 -0.1492745 -0.3057991 0.1881146 0.1316545 0.0051856 -0.0886888 -0.2638874 -0.0357447 -0.0976406 -0.0077326 0.1007169 -0.1448468 0.0257069 0.0437887 0.3168498 0.0388433 0.0293235 0.1681418 -0.2914238 0.2479670 0.0091664 -0.4114565 0.0564085 -0.0678428 0.3386289 -0.4969883 -0.1191762 -0.6063388 -0.5682901 -0.2470445 0.0807548 0.0982709 -0.0150641 -0.1313732 0.0850297 -0.3718737 0.0231962 0.1767133 0.1979172 -0.1050429 -0.1609799 -0.0782713 -0.2176804 0.2589956 0.2476747 -0.0238865 -0.0790182 0.0098557 -0.0665044 -0.2495351 -0.0906522 0.2274011 0.1908392 0.0228683 0.0393826 0.3529883 -0.0083064 0.0665308 0.0193923
0.0071267 0.4674387 0.2537150 0.8021589 0.1421071 0.8566463 0.7249079 0.3229909 0.6326732 0.5971830 0.4755997 0.0000000 -0.0409822 0.1906377 0.3510589 -0.0274407 0.3948145 0.4259011 0.1845271 -0.7003062 0.9067222 -0.4010677 -0.0163447 0.3383843 0.1492851 0.1419088 0.1541101 -0.0837555 0.5723835 0.0279873 -0.4120645 -0.3550136 0.1801481 0.4376637 0.1705667 0.7323117 -0.2560016 -0.2191518 -0.2861659 0.0755257 -0.4604748 0.4584526 -0.0726230 0.1833489 0.7455536 0.1986734 0.0602076 -0.4769250 0.5829302 -0.1803878 0.1944117 0.0018403 0.8102762 0.4083457 -0.4016295 0.0450448 -0.1818264 0.4706252 -0.2016641 0.1603077 0.6657880 0.5628524 -0.5472738 0.7842486 0.8886307 -0.5293519 0.2386139 0.3793432 -0.5335805 0.4837250 -0.0965077 0.8544159 0.4851827 0.4963828 -0.0157319 0.4088408 0.7714053 0.3807891 0.4699148 0.3151298 0.0389202 -0.1071265 0.5249730 -0.0746851 0.5152886 0.7403956 0.7561526 0.3256790 0.7050375 0.7337916 0.1460571 0.1454572 0.2963629 -0.6303762 0.4553008 0.3352191 -0.1469658 0.4817144 -0.0772753 -0.6642659 0.2224786 0.6795678 0.6509409 -0.3656426 0.0023152 0.1765235 0.6941298 0.7750958 0.5522206 0.4735571 -0.0321606 0.5017360 0.3966760 0.3270562 0.0916090 0.4406104 0.0992189 0.0426830 0.5047691 0.1361561 0.0301644 0.1726744 0.0429671 -0.2514166 -0.3845084 -0.1295186 0.1594388 0.2868703 -0.4709503 -0.1554102 -0.5378018 -0.3471597 -0.1166177 -0.3309063 0.2930297 0.2295379 -0.3371661 -0.0099218 -0.4376481 0.3540265 -0.1865909 0.1088180 0.4560264 0.1873500 -0.1059342 -0.0313403 -0.1197934 -0.1247989 0.1857415 0.5601683 0.3841751 0.3261458 0.4069070 -0.0630543 -0.0445092 0.6019912 -0.2541670 0.0731599 -0.5203815 0.2959566 0.2255124 0.5937068 0.4034985 -0.0706152 0.3368677 -0.1519699 -0.1352183 -0.2372986 -0.2423719 0.4648879 0.1362435 0.1736675 0.3898769 0.5229323 0.6092125 0.5980451 0.6749203 -0.0090648 0.7875678 0.5955699 -0.4181000 0.4599654 0.4390814 0.5770303 -0.2674762 0.4118897 -0.5670789 -0.3759110 0.1670127 0.3959279 0.5175742 0.3129995 -0.3727996 0.5298916 -0.1407210 0.4354946 0.4971382 0.0872480 0.0403638 0.2551559 -0.2738322 -0.4207931 0.4916893 0.2341970 -0.4592318 -0.4057227 0.2556332 -0.5435341 -0.3454090 0.0489380 0.1640569 -0.1642662 -0.3188897 -0.1971870 -0.2366139 -0.4953562 0.0860104 -0.1444623
0.6162910 0.1997636 0.6962458 0.0193924 0.7700566 -0.1410965 0.2960697 0.6999486 -0.1640287 -0.1029126 0.1257945 -0.0409822 0.0000000 0.0322173 -0.0510164 0.4893591 0.1718088 -0.0161390 0.3632611 0.4586214 -0.1485865 0.4487216 0.4112897 -0.4751307 0.3183080 0.4807133 -0.2746858 -0.4080108 -0.0849291 -0.6286704 0.7331490 0.5450631 -0.4013350 -0.3501145 0.3390356 -0.0595573 0.5625271 0.5109522 -0.3188020 -0.4832533 0.5478377 0.0740914 0.1575893 -0.4762311 -0.1000441 0.2927424 0.2487265 0.5298433 -0.3674947 0.4722209 0.3537630 -0.1107572 -0.2080701 -0.0222485 0.5531332 0.3250882 0.3393592 -0.2501093 0.4514117 0.3009328 0.3372540 -0.0253508 0.5421537 -0.0362360 0.1076574 0.3947213 0.3039419 -0.0488836 0.5815579 -0.0434660 0.3095773 0.0811029 -0.0182644 0.4707173 0.2744034 -0.0509393 0.1500529 0.4055054 0.2732385 0.5698399 0.3572462 0.3292738 -0.0015462 0.2379698 -0.2668493 0.0648412 -0.0985667 0.1533628 0.1331576 0.0483505 0.1677181 -0.0093644 0.3400071 0.1576853 0.3917158 -0.0028920 -0.0090074 0.1152851 0.1691452 0.2533552 0.2468888 0.0254802 0.1281929 0.1449375 0.0779071 -0.0493875 -0.3349563 -0.0787596 -0.1379799 -0.2280362 0.1347303 0.0242636 -0.1936907 -0.0550886 0.2154582 0.1664018 -0.0891115 0.0902877 0.0009294 0.1331806 0.0415504 -0.0177249 -0.1024569 0.3685308 0.2208790 0.2199180 0.3498398 -0.2459596 -0.0035510 0.2976458 0.1045838 -0.1941452 0.4902719 0.0830268 -0.1614879 0.0259523 0.2132301 -0.1506595 -0.0246293 0.1229443 -0.0247386 0.1452328 0.2433312 0.0880407 -0.2022673 -0.1073495 -0.2012115 -0.2066187 -0.0644716 -0.0001476 0.0722529 0.0955598 0.0595226 -0.0521139 0.1185307 0.1461977 0.2836206 -0.2153114 0.5210336 0.0613554 -0.0145712 0.1169725 -0.1904520 0.0053163 -0.0997728 -0.1538610 0.1565266 0.4476306 0.5205572 -0.0069410 -0.0512166 0.0412521 -0.1448721 0.2062641 0.0852865 0.1799399 0.2376040 0.5660529 0.0298334 0.0534235 0.5237801 0.2677152 0.1627378 0.1201992 0.3652967 0.4375294 0.4573240 0.5613264 0.3049126 0.1253972 0.1391571 0.1806213 0.1137885 0.0718862 0.1024455 0.1627307 0.2584107 0.2275809 0.6473003 0.2470454 0.5085331 0.0284234 0.2006274 0.6037147 0.7558741 0.7682828 0.2484838 0.4855304 0.2702321 0.2601858 0.0310568 0.4189482 0.7358644 0.5858027 0.2624514 0.5107599 -0.2779796 0.2107981
-0.0190795 -0.2801776 -0.1928919 0.3497669 -0.2296202 0.2927780 0.0677096 0.3758487 0.3648399 0.7044775 0.7656680 0.1906377 0.0322173 0.0000000 0.3705749 0.6553742 0.6756525 0.6972940 0.4584315 -0.0421789 0.1257873 0.1782000 0.7119272 0.3902040 0.3874073 0.5319909 0.1713713 0.5742626 0.0740135 0.2853329 0.0082779 -0.1115977 0.4818627 0.4563030 0.3152389 0.0068907 0.2501569 -0.1155049 0.4677638 0.3656974 -0.0415731 -0.3149949 0.5195911 0.4482296 0.0577245 0.1415190 0.2569409 -0.2448919 0.4866008 0.0105251 0.2170170 0.4368792 0.4503071 0.5423210 -0.3769710 -0.1308276 0.0429546 0.5621307 -0.2756877 0.4419223 0.1103988 0.6233758 -0.4791333 0.5890811 0.3209898 -0.2492461 0.6703268 0.5903358 -0.2450754 0.7600767 0.3209708 0.4444231 0.6378763 -0.1434056 0.2357463 0.4780864 0.0336838 0.4432058 -0.0306442 -0.2931056 0.1901766 0.1826443 0.3050058 -0.0195802 0.3006556 0.0509806 -0.0435252 0.3495545 0.0253493 0.2271802 -0.1926176 -0.3487654 -0.1990404 -0.1962907 -0.1345744 -0.0749433 -0.3732768 -0.2312008 -0.0678879 -0.1531695 0.3963163 -0.0417417 0.3588211 -0.2057163 -0.4119004 -0.0960434 0.0029570 0.0662984 -0.2390900 0.0786209 -0.2750416 -0.1981244 0.4218313 0.3352284 0.4181901 0.4936885 0.2837272 0.2002497 0.3786450 -0.1288733 -0.0139813 -0.0546607 -0.1630213 0.1426683 -0.1777185 -0.2867526 0.0189159 -0.4088104 -0.2997335 0.3188190 0.0837992 -0.1576626 0.1076273 -0.1017939 -0.1839004 0.1116524 -0.0028703 -0.2557494 -0.2733793 -0.0597751 -0.3102399 -0.2161863 0.1845694 0.1586895 -0.2012548 -0.0073615 -0.1539249 -0.2197692 -0.0674975 -0.0912934 -0.0651043 0.1522327 0.0092466 -0.2229969 -0.5028795 0.1430614 0.0313908 -0.1938142 -0.1602903 -0.1469180 -0.3347285 0.0497191 0.0309138 -0.0842893 -0.1818136 -0.3308682 -0.0109520 -0.0288348 0.0232784 -0.1230632 -0.1880336 -0.2295918 -0.1329141 0.2428905 -0.1283953 -0.1158088 0.0001331 -0.2347708 0.0133744 -0.1338115 -0.4609520 -0.1897655 -0.2596930 0.1264999 -0.5436264 -0.2196125 -0.4665690 -0.4584189 -0.0689983 0.2698657 -0.1204214 0.0032571 0.1120630 -0.0457821 -0.4012554 -0.1520522 0.0268048 0.2415873 -0.1831415 -0.2588179 0.1700929 -0.1693774 0.0612376 -0.0361149 -0.0518066 -0.0937079 -0.1817927 -0.0336143 -0.0337096 -0.1595600 0.1206467 0.1450191 -0.0498043 -0.1082079 0.2762294 0.0302726 0.5090049 0.2352767
-0.1938083 -0.3133290 -0.2045085 0.5321141 -0.2408133 0.4355664 -0.0225091 0.4076776 0.7030576 0.6904440 0.6246338 0.3510589 -0.0510164 0.3705749 0.0000000 0.0280811 0.2400657 0.7498405 0.3656130 -0.0879478 0.2291068 0.1682786 0.0643998 0.7051073 0.2824192 0.1069016 -0.0776381 0.5032497 0.3715023 0.1544393 0.0086828 0.0387241 0.5738650 0.5942324 0.0345963 0.1203239 0.2894908 0.1962689 0.1929178 0.2816683 0.0872578 -0.1687197 0.2584949 0.3966691 0.2636211 0.4887430 0.5451682 0.0910010 0.6645639 0.3181458 0.4011286 0.1979089 0.6272236 0.4027651 -0.0662040 0.3793813 0.4749679 0.4978298 -0.1124347 0.5231751 0.0471109 0.4526010 -0.5275303 0.6095702 0.3593607 0.0328278 0.6001264 0.5551956 -0.2889127 0.6654497 0.3675823 0.4286341 0.5477114 0.0383721 0.1231980 0.6738912 0.0300621 0.2793559 0.2225646 -0.3303962 -0.1709283 0.0666142 0.3215516 0.2691990 0.1099436 0.2421647 0.0880921 0.4593677 0.2409706 0.2522127 -0.4273492 -0.2272624 -0.3352545 -0.0224765 0.2059516 -0.1719627 -0.5866582 -0.3224122 0.2064852 -0.0392219 0.5976956 0.0306523 0.2009539 0.2056108 -0.5215313 0.1971501 0.2254364 0.1710437 0.0195588 0.1532882 0.0753240 -0.3179976 0.4273636 0.5383211 0.3676339 0.3806461 0.3648170 0.4195883 0.4758131 0.0594399 0.3187256 0.2395267 -0.3589150 0.3508812 0.0585749 -0.4400417 0.2348575 -0.1805330 -0.1785173 0.2865778 0.1304329 0.2106293 0.1017042 0.3179714 -0.0071796 0.5345378 0.1310803 -0.2503717 -0.3485249 -0.1598805 -0.1097027 0.0110919 0.1963720 0.3964933 0.0172281 0.3352510 -0.0889344 -0.2501357 -0.0210101 -0.0154730 -0.1942780 0.2583778 0.2351977 -0.0532385 -0.3431800 0.2637197 0.0756388 0.1203738 -0.3362800 -0.2871400 -0.2195374 0.0290265 -0.0636969 -0.0525298 0.0756434 -0.1145234 0.1098551 -0.3776802 -0.1872282 0.0705179 -0.0234037 0.0253700 -0.1614121 -0.1312139 -0.2958567 -0.3238851 -0.1760865 -0.4493028 -0.0908477 -0.2263562 -0.2528867 0.0289379 -0.0247547 0.3682061 -0.3563729 -0.1122129 -0.3905723 -0.3496416 -0.4493511 -0.3242987 -0.1984293 -0.3831736 -0.3993250 -0.0697717 -0.3879806 -0.1585948 -0.0278567 -0.1458591 -0.3729073 -0.3151529 -0.3974341 0.0004867 0.2468612 0.0414859 0.0053749 -0.3486791 -0.1333636 -0.0305493 -0.1818395 -0.0733563 0.0826265 -0.0851420 0.0157630 -0.0819973 0.0341716 0.0002646 0.0466127 0.1638903
0.2134340 -0.1647056 0.0217694 -0.0873004 0.2184641 -0.1154427 0.2216870 0.4464636 -0.1160932 0.3232641 0.5471445 -0.0274407 0.4893591 0.6553742 0.0280811 0.0000000 0.6614302 0.3023193 0.5792686 0.0940089 -0.0970372 0.1808758 0.9362054 -0.0254294 0.5051577 0.6824704 -0.0812329 0.1824780 -0.0878993 -0.0541835 0.1848287 0.1530153 0.1151591 0.0297911 0.6004953 -0.2089853 0.3304827 0.3031436 0.3443188 0.1701079 0.2679941 -0.2183797 0.7322457 0.1570512 -0.0887998 0.2959654 0.3551075 0.1057194 0.0478023 0.2500500 0.3786630 0.6058331 0.0580966 0.5878590 0.0038384 0.1287702 0.1498336 0.3573100 0.0239291 0.5421352 0.2851422 0.5359065 0.0039403 0.2807050 0.1564912 0.0084148 0.6469786 0.5135489 0.3438577 0.4583146 0.4286851 0.2023240 0.5315929 0.0140635 0.4998420 0.0133372 0.0538172 0.4626994 -0.0434555 0.0768553 0.4612737 0.3104261 0.1983962 0.1642771 0.1598754 0.0317623 -0.0720058 0.3135145 0.0340512 0.1007078 -0.1407637 -0.2833634 -0.1286484 0.0447526 -0.0571855 -0.0572052 -0.1681451 -0.2025242 -0.1823192 0.0570428 0.2002701 0.0208608 0.2526564 -0.0769806 -0.1711729 -0.2229711 -0.2321764 -0.0829400 -0.1570680 -0.0257782 -0.3808714 -0.2126681 0.1535811 -0.0352358 0.1932050 0.1724372 -0.1903514 -0.0666210 -0.0921026 -0.3002466 -0.2920341 -0.3298539 -0.0144377 0.2413968 -0.1330798 -0.1284387 -0.0035432 -0.4476004 -0.2444547 0.3207478 0.1284038 -0.2649787 0.2715660 -0.0640296 -0.0076586 -0.2782770 0.1494178 -0.1730320 -0.0776505 -0.0492102 -0.1451796 -0.1113498 0.3342921 -0.0680788 -0.3312329 -0.1702804 -0.0934401 -0.0991927 -0.0905375 -0.1906293 -0.0547489 -0.0933143 -0.1297690 -0.1192472 -0.2450583 0.0812978 0.3738143 -0.3815974 0.3281649 -0.0214124 -0.2259584 -0.0685933 0.1271805 0.1731536 -0.2586990 -0.2738718 -0.0388277 0.3650150 0.5540688 -0.1244767 -0.1953495 -0.0087791 -0.1582127 0.3665096 0.0420640 0.1704504 0.2298845 0.3997651 0.0693386 0.0543845 0.1221302 -0.1033521 -0.1816579 -0.0399886 -0.1125427 0.0854895 -0.0612143 -0.0019453 0.2515542 0.3282755 -0.0677229 0.2817317 0.4293296 -0.1001065 -0.2651292 -0.1088523 0.0119876 0.3858570 0.3956635 -0.1181274 0.3041360 -0.3211776 -0.1960043 0.1784617 0.3133562 0.5120714 -0.1472262 0.0647644 -0.1954851 -0.1004273 -0.2034426 0.3364645 0.3596196 0.3592352 0.4389228 0.0937720 0.0607527 -0.0128481
0.4050507 0.0388851 0.1853249 0.3070391 0.0935761 0.4387020 0.4580010 0.3991162 0.3645482 0.6615362 0.6364530 0.3948145 0.1718088 0.6756525 0.2400657 0.6614302 0.0000000 0.5774100 0.5290851 -0.4355559 0.2984057 0.0290637 0.7127643 0.1785375 0.4608733 0.5765008 0.2530397 0.1433228 0.0217144 -0.0950063 -0.1719302 -0.1839042 0.1593678 0.1517471 0.5719242 0.0721757 0.1358539 -0.0560327 0.1363207 0.1631884 -0.0770185 -0.1303384 0.6728032 0.2596515 0.1528048 0.2894654 0.3075588 -0.2823560 0.3443382 -0.0274800 0.2589342 0.4279796 0.4779939 0.7010862 -0.3277308 0.0115899 -0.0520661 0.5312678 -0.1109312 0.5178689 0.5456123 0.7351327 -0.3576113 0.6617819 0.6096847 -0.4387793 0.6020607 0.6028101 -0.0253239 0.5814182 0.3148192 0.6316843 0.5867020 0.1321340 0.3854358 0.0302135 0.3062685 0.5027765 0.1401572 -0.0327916 0.3322649 0.1051592 0.4198096 0.1076012 0.5404081 0.4652950 0.2672128 0.5964489 0.4360829 0.5062793 0.1217305 -0.0983720 0.1224107 -0.1884550 0.0801982 0.3632035 0.0148833 0.1351955 -0.0687189 -0.2445483 0.3644382 0.4182258 0.4487288 -0.1946007 -0.0704571 0.2768068 0.3105282 0.3129298 0.2322136 0.3121776 -0.1243838 0.1050766 0.3709407 0.2526661 0.2212326 0.3860433 0.0974831 -0.0151997 0.2027971 -0.1567967 -0.1963267 -0.1545942 0.1287942 0.0328945 -0.4005845 -0.1764819 -0.0931760 -0.0602051 -0.4585663 0.1084754 -0.2050295 -0.2486530 -0.0529197 -0.1724764 0.2762706 0.0092885 -0.3046106 -0.1369972 -0.2009215 0.0960468 -0.1775979 -0.1275689 0.6488115 -0.0463335 -0.3640388 -0.0930588 0.0246617 0.0300073 0.1908642 0.1661720 0.1852951 0.1472712 0.1894333 -0.0503217 -0.1477450 0.2624130 0.3011736 -0.1734841 -0.0921204 0.2675242 -0.0107386 0.2717264 0.1480709 0.3059163 0.0822560 -0.2109409 0.0544782 0.1854292 0.1516767 0.2942803 0.0672742 0.1204432 0.1343771 0.5041007 0.2232191 0.2734177 0.3746907 0.0687809 0.3944994 0.3387216 -0.0873764 0.0586464 0.0392654 0.2311669 -0.1995619 0.2357360 -0.4458588 -0.4076705 0.1339961 0.4695074 0.1629705 0.2498627 -0.0268883 0.2482647 -0.3064689 0.0785494 0.0839761 0.1242429 -0.0079740 -0.0436281 0.1179431 -0.4806383 -0.0116474 -0.0892169 -0.2227144 0.0468305 -0.2486354 -0.4302361 -0.2257373 -0.3172484 -0.1178817 -0.1320355 -0.1636624 -0.2329543 -0.1011665 -0.2863426 0.4384035 -0.0339892
