0.0000000 -0.0338466 0.3480900 -0.2929499 0.5570586 -0.0662599 0.0725554 -0.4652754 -0.5312678 -0.6147553 -0.6321314 -0.0804945 0.0745801 -0.3582447 -0.4471044 -0.7441211 -0.6758497 -0.1093058 -0.5169746 0.2621024 -0.1663681 0.2635210 -0.5887290 -0.1230643 -0.4251868 -0.3634016 0.2302746 0.0648610 -0.3153762 0.3133280 0.1642038 -0.0901948 0.0384485 -0.1606853 -0.0482878 -0.1612002 -0.0979786 0.1617790 -0.2204577 -0.4601879 0.3044020 -0.1675798 -0.2561826 -0.2678352 -0.2652935 -0.1855195 -0.2188464 0.2471621 -0.2528914 0.0071176 -0.0588635 -0.1348078 -0.0761017 -0.4972286 0.2995648 0.0557110 -0.1481221 -0.5635472 0.1965539 -0.0676386 -0.0290845 -0.1911725 0.3170777 -0.2599741 0.0359154 -0.1296254 -0.3381977 -0.3755541 -0.0374952 -0.3115621 -0.4507497 -0.0996696 -0.4958266 0.2322313 -0.2036854 -0.3525489 0.2838527 -0.4585951 -0.1934732 0.4733295 -0.2587458 -0.6162753 -0.4601051 -0.3700395 -0.3832045 -0.3035199 -0.0234850 -0.0904885 -0.1083234 -0.3409756 -0.1577722 -0.2291682 -0.3513564 0.0861273 -0.0376815 0.0925612 -0.0493234 -0.3881213 -0.3283185 0.1731802 -0.2733947 -0.4096263 -0.2381961 -0.1372464 -0.0662169 -0.1244090 -0.0705653 -0.2941383 -0.1373731 -0.0641229 -0.2404224 -0.1696474 0.0163400 0.0392868 -0.1139528 -0.0923967 -0.1093579 -0.1200821 -0.0769994 -0.3523828 -0.1095334 -0.0712773 -0.0821503 0.0985114 -0.4287025 -0.4016424 0.1650832 0.0294769 -0.3257975 0.1130213 0.3161710 0.1527031 0.3909899 0.3456884 0.0784374 0.0852867 0.2976930 -0.2051898 0.4096260 -0.3444905 0.2295880 -0.1317375 0.1868429 -0.2564886 -0.3232276 0.2247097 0.6374384 0.6293434 0.1865036 -0.0852096 -0.2787912 -0.3977257 0.5158139 0.2680628 0.4877766 -0.1428988 -0.1210248 -0.2677218 0.0057811 -0.4916495 0.3004286 -0.0050682 -0.5209585 -0.3205781 0.2721072 -0.4579322 -0.0006217 -0.2588656 0.0435659 -0.1252167 -0.2276261 -0.1060206 -0.3190624 -0.1139940 -0.0126124 0.2302938 0.0924193 0.1072058 0.0602404 -0.1448215 -0.2439754 -0.2440998 0.0644728 0.0178897 0.3155064 0.4432943 0.6749298 0.4611888 0.4730411 0.2449078 -0.3124384 0.4721289 0.5567222 -0.4797396 -0.2994545 -0.4350973 -0.4453004 -0.1357799 0.4258827 -0.6164045 0.2671301 0.1082704 0.4019874 0.5404257 0.6199571 0.3300101 -0.2433149 0.0070291 0.0997526 0.1606974 -0.0422899 0.1468288 0.4916799 0.1475789 -0.1681593 0.1455107 0.1389255 0.1776566
-0.0338466 0.0000000 0.2520742 0.2560549 -0.2102207 0.4099032 0.4576581 0.1596748 0.2593836 0.2442621 0.1406395 0.4165527 0.1587590 0.1058852 -0.0061536 0.2996313 0.1345778 -0.0048502 0.3404049 0.0268338 0.5386969 0.1566532 0.3474021 -0.1038353 0.2177739 0.6670496 0.0344210 -0.1844447 0.1589832 0.0029890 0.3915274 0.0775931 0.0189796 0.0753588 0.6548447 0.4432233 0.2417052 -0.0611638 0.1052283 0.2836212 -0.0333126 0.0656034 0.4639976 0.4113043 0.2338427 0.1425736 0.4259153 -0.0818378 0.3007879 -0.0064024 0.4880590 0.3795130 0.2163756 0.6232631 0.0505171 0.1716373 0.2001754 0.3899666 -0.1663149 0.4388204 0.2051203 0.5297362 0.1681467 0.2263704 0.3531429 0.1441160 0.3434068 0.4476768 0.1586004 0.2783708 0.1333858 0.1795612 0.3198814 0.2948827 0.1063169 0.3657612 0.1845778 0.0993786 0.2833360 0.0405629 0.2996794 0.2250264 0.0511505 0.1033375 0.5724207 0.2614414 0.3191931 -0.2424840 0.0296849 0.3276327 0.3123853 0.3120454 0.2278541 -0.4176858 0.0122983 -0.0767906 0.2219471 -0.1864074 -0.1366081 -0.1403715 0.2645390 0.2924745 0.3083826 -0.0973787 0.2021079 -0.0932040 0.0707928 0.5747028 0.3540821 -0.0638851 0.3410150 0.3125957 0.0791674 -0.3366062 -0.4301055 -0.3253557 -0.4350851 -0.5792538 -0.4222833 -0.3002499 -0.5219212 -0.4715503 -0.0621543 -0.4475333 -0.0206512 0.4238999 -0.6238629 -0.1072326 0.4858234 -0.5900739 -0.1403263 0.0333436 -0.2008331 -0.4719530 0.0142584 -0.1249829 0.1464298 0.2352391 0.2170049 0.2142176 -0.0202030 0.1266621 0.1883303 0.0063394 0.0876674 -0.3303110 -0.3417946 -0.2754552 -0.3343653 -0.1934210 -0.1056162 -0.0901434 -0.3276312 -0.3117492 -0.3911861 -0.0884662 0.0925900 -0.2430534 0.0034918 0.0787637 -0.3518443 -0.0011356 -0.0446975 -0.0746685 -0.1340006 -0.3000455 -0.4174309 -0.0379035 0.0305502 0.1265960 -0.0499308 0.1195677 0.7308216 0.0207206 0.6531618 0.7668594 0.6875003 0.7893085 0.6798373 0.3311855 0.3622609 0.0962146 -0.2651606 -0.1483107 -0.1952065 0.3873299 -0.2431853 0.2348212 0.1697543 -0.0402413 -0.2783425 -0.0519790 0.2255829 0.3478636 0.3734616 0.5611096 0.3008647 0.6371658 0.2970133 0.4948542 -0.1126136 0.1933542 0.1718058 -0.2247850 -0.6456054 -0.1774058 0.4407003 0.0117954 -0.0859481 0.1977805 0.0597569 0.0943459 -0.4998221 0.1110593 0.3382936 -0.0250936 0.4587345 0.2563750
0.3480900 0.2520742 0.0000000 0.3588393 0.3810893 0.3297842 0.2352703 0.2285164 -0.3819892 -0.1727579 0.0084737 0.0394399 0.8227692 -0.1572920 -0.3733509 -0.1658307 0.0984365 -0.4427026 0.0574883 0.7534206 0.0090562 0.6720005 0.1763945 -0.4419983 -0.0214179 0.0473947 -0.0025339 -0.4550737 -0.1285660 -0.2437812 0.5318163 0.3341341 -0.3319584 -0.0420203 0.5158722 0.0682938 0.2452770 0.7031158 -0.0971831 -0.2441181 0.7731919 -0.2267539 0.4213510 -0.5028636 0.2034089 0.3644355 0.3167581 0.8018412 -0.1990032 0.4328446 0.3899377 0.5338985 0.2412801 0.0822494 0.8096884 0.5789773 0.2556416 -0.2282938 0.5476382 0.4384517 0.5077728 0.5015562 0.6676029 0.1760449 0.3041533 0.2171001 0.1751653 -0.2280972 0.5422428 0.0647328 -0.0204161 0.4711093 -0.0491361 0.5642775 0.2691395 0.1858824 0.3347350 -0.0923808 0.3675668 0.7019241 -0.2999653 -0.2606229 0.0035766 0.0981334 -0.1236182 0.3371827 -0.0615998 0.2390715 0.3366691 0.3570899 -0.0119331 0.1362562 0.2364413 0.2930527 -0.2314936 0.2773817 0.1822596 -0.1263095 0.2755911 0.0747958 -0.0817656 0.0061994 0.2094101 -0.3658962 0.1462138 0.0475677 0.1147199 0.2577802 0.0677687 -0.2695140 0.1875830 0.1789803 0.4352892 -0.0315889 -0.1280084 -0.0443132 -0.1731984 -0.2267604 -0.1947898 -0.1662184 -0.2327567 -0.2492830 -0.3602269 -0.1014926 -0.0747296 -0.2601615 -0.2404281 -0.4189542 -0.2583883 -0.2366342 -0.1617289 -0.1055003 0.0626919 0.3779371 -0.1941232 -0.3596358 -0.0147577 -0.1485965 0.0659633 -0.0535115 -0.2482751 -0.0392893 0.3567043 -0.0403399 -0.4298221 -0.0934474 0.0289394 0.1499568 -0.0046124 0.2509682 0.2246891 -0.0519944 -0.0461532 -0.1218214 0.1256980 0.1367502 -0.0764448 -0.1365862 0.1635296 0.0382578 0.1251667 0.2286146 -0.2526182 -0.2452631 0.2863834 -0.3319964 -0.2796320 0.0412177 0.0216557 0.0274272 -0.0345316 0.2374256 -0.0489386 0.0866865 -0.1643104 0.3691403 0.0828558 0.0182633 -0.0555496 -0.1662484 0.0407047 0.1111913 0.3947258 0.4832016 0.5527047 0.3424403 0.5428310 0.5500899 0.3722400 0.2076464 0.0418699 0.2136318 0.1828423 0.0079183 -0.1456154 -0.1438731 -0.3791854 -0.4040919 0.4724096 -0.2966568 0.0114014 0.6587903 0.5458138 0.0829197 0.2215754 0.0019320 0.0208609 0.3553052 0.1605011 0.5013838 0.3553461 -0.1513481 0.3898199 0.1945683 0.0642854 0.2303443 0.0504062 -0.0960952
-0.2929499 0.2560549 0.3588393 0.0000000 -0.2314660 0.6737978 0.3975397 0.8379627 0.5587207 0.7160149 0.7601294 0.5037433 0.5788412 0.3833038 0.5696771 0.6598182 0.5671058 0.2689203 0.4965455 0.0982729 0.4653001 0.1075744 0.8081128 0.3579492 0.3579907 0.4637813 0.2097246 -0.1859271 0.6496039 -0.2718759 0.0100399 0.2838107 0.1249957 0.6778940 0.5808387 0.3887961 -0.0177418 0.2220166 0.0858005 -0.0422872 0.0633928 0.2344499 0.5680234 -0.0382499 0.6284265 0.5077585 0.5415718 0.1692811 0.5368391 0.3979579 0.5353793 0.0967023 0.7337914 0.4473490 0.1994059 0.4284097 0.4110799 0.4667501 0.2243941 0.4611344 0.4005380 0.2836878 0.1446533 0.8002678 0.3472835 0.3853335 0.4568373 0.2420980 0.4718477 0.7683081 0.5727512 0.8355880 0.4572106 0.5102486 0.6543171 0.7102447 0.6082015 0.5617479 0.7746779 0.3375241 0.4703398 0.4088551 0.6574969 0.5868942 -0.0474952 0.5102732 -0.2405947 0.3038845 0.2303854 0.3785758 0.0581915 0.1771785 0.2568823 0.0123774 -0.3096550 0.0966736 0.2507776 0.0992381 0.2394022 0.1339953 0.1445795 0.3232362 0.3697462 -0.1315614 0.3025073 -0.0284655 0.1115104 0.6904387 0.3852130 -0.0380860 0.3580431 0.4210665 0.4452098 -0.1297094 -0.0288082 -0.0229813 -0.1213530 -0.1044332 -0.0941860 0.0722590 -0.1103914 -0.1545420 0.2191660 -0.1299515 0.0533349 0.2318789 -0.0385376 0.1145984 0.0973205 0.0135722 -0.1638783 -0.0622912 0.3618749 0.0559524 -0.0155338 0.1564077 0.1272721 0.4142144 0.0756375 0.3841431 -0.0838636 0.5155205 0.4282087 0.3009722 0.2802988 0.3244032 -0.1087890 -0.0388617 0.0150664 0.5135287 0.3155003 -0.0059001 -0.1548509 0.1899236 0.0272750 0.3048384 -0.1544869 0.0329805 0.1729482 0.3464737 0.3656764 0.0508125 0.4176016 0.0339625 -0.0483382 -0.0515989 0.1948712 0.3374960 -0.2735941 -0.3070525 0.0855287 -0.0342092 0.0041577 0.0827555 -0.2056073 0.1232173 0.1904962 -0.1141231 0.1033934 0.1544248 0.2392775 0.4765463 0.3469799 0.5250711 0.1445515 -0.1771700 -0.1777160 -0.0476605 0.4847557 0.5826806 0.2885656 0.3607413 0.3363893 0.3433807 0.2101191 0.2597079 0.1452127 -0.0699643 0.4907431 0.4088094 -0.0831813 0.2196223 -0.1111526 -0.4483284 -0.4334010 0.0090791 0.4575610 0.0888890 -0.1131997 0.2709014 0.1734373 0.0588988 -0.2514419 -0.1664738 0.4789100 0.0714787 0.1031823 -0.2993884
0.5570586 -0.2102207 0.3810893 -0.2314660 0.0000000 -0.0410566 0.0566410 -0.2628820 -0.5129116 -0.5881258 -0.5261654 -0.1065931 0.3208821 -0.3318440 -0.3309108 -0.5543014 -0.2830746 -0.1819069 -0.4763733 0.3624252 -0.1274870 0.3837080 -0.4354984 -0.2279215 -0.3456852 -0.4005834 0.0668291 0.1547065 -0.1857402 0.1822782 0.2139376 -0.0960858 -0.0655475 -0.1679644 -0.2220661 -0.0700906 0.0070624 0.2539597 -0.2863948 -0.1243187 0.3451045 -0.0717534 -0.2549131 -0.3334976 0.1271925 -0.1700632 -0.3406987 0.2916954 -0.3554290 -0.0515138 -0.2295625 0.1094651 -0.0233867 -0.3680577 0.3528158 0.1029402 -0.2247255 -0.5257090 0.3598598 -0.1853138 0.3991894 -0.1124195 0.3548014 -0.1450321 0.2770109 -0.0699779 -0.3025166 -0.4230656 0.0505585 -0.4746635 -0.3907094 -0.2101715 -0.3973526 0.1427456 -0.1606115 -0.2882722 -0.0109710 -0.4443648 0.0487980 0.3305442 -0.0347712 -0.2942712 -0.2402840 -0.1664035 -0.2526516 0.0031930 0.1924908 -0.1509737 0.2217906 -0.0197698 -0.0076895 0.0179743 -0.0589649 0.1136929 0.0875056 0.5105206 0.2998370 -0.1946443 0.2303279 -0.1384256 0.2427801 -0.2262737 -0.2688367 0.1569002 0.2880947 0.4327254 -0.1117652 -0.3290662 -0.0007391 -0.4099265 0.1988706 0.0253986 0.3084652 0.1882192 0.0377286 0.0947692 0.0498961 -0.0154308 -0.0079758 -0.1634580 0.0348349 0.0429390 -0.0991117 0.1610827 -0.1076875 -0.2961153 0.1580313 -0.2032982 -0.1894138 0.1013912 0.1838032 0.1501947 0.2424039 0.1487532 0.1113568 -0.1354674 -0.0034747 -0.1602574 0.3078915 -0.0566273 0.1935683 0.0955658 0.5909946 -0.1734497 -0.3384379 -0.1222813 0.3433266 0.2317403 0.4656538 0.2174496 0.2200792 0.0897383 0.4726427 0.1732387 0.3820205 0.1063801 0.4682115 0.1072227 0.4353265 -0.0894469 0.3644893 0.3910802 -0.4588162 0.1261931 0.4836451 -0.0840249 -0.1404639 0.0688603 0.4405150 0.2158089 0.0368056 0.1344242 -0.5006325 -0.2211376 0.0247665 0.2717479 0.0057115 -0.0348135 -0.1260116 -0.0946929 -0.2694096 -0.1610081 0.1666265 -0.1265835 0.3013105 0.4628799 0.4923029 0.3632239 0.1476783 -0.0190782 -0.0089214 0.1528652 0.2656201 -0.1113613 -0.1303409 -0.2000399 -0.2013048 -0.2442201 0.4262728 -0.5029884 0.3472119 0.4358328 0.2507511 0.6319051 0.6149079 0.6832999 -0.1794266 0.4823437 0.3510527 0.4742969 0.1369756 0.2374165 0.5749549 0.4400002 -0.0283190 0.2827020 0.2121996 0.3607073
-0.0662599 0.4099032 0.3297842 0.6737978 -0.0410566 0.0000000 0.5969795 0.4999784 0.5381588 0.5025203 0.3562922 0.7561472 0.5272704 0.1875433 0.5994278 0.4469102 0.1680286 0.4479145 0.2563016 0.1055004 0.5645555 0.1253104 0.5467555 0.3325898 0.0628344 0.1608591 -0.1436904 0.0476342 0.4609513 -0.2606360 -0.0173671 0.0554363 0.0797576 0.3517422 0.3459614 0.5323638 -0.4380078 0.0872912 -0.2906595 -0.0363259 0.0659893 0.3687651 0.0857230 -0.0134346 0.6269162 0.2452110 0.2327280 0.1328744 0.1996104 0.1342053 0.2206891 0.0262380 0.4759022 0.2423609 0.1973803 0.3128811 0.1064439 0.1891976 0.2684191 0.0806665 0.4869150 0.0979188 0.0906624 0.3785060 0.3254325 0.2847267 0.1570564 0.0199858 0.3079340 0.2893968 0.3114819 0.3422697 0.0843599 0.2828946 0.5209599 0.4089141 0.3935677 0.3647416 0.3432116 0.1591893 0.5088551 0.5666157 0.5334529 0.6182398 0.0910226 0.6175921 0.1262107 0.3968799 0.6335603 0.6071323 0.2761833 0.2145606 0.1676744 0.0576106 0.0229643 0.2708335 0.2379737 -0.2144277 0.3718613 0.2905906 0.4064866 0.2965503 0.2613082 0.2221389 0.4607012 0.1925069 0.1123107 0.4670977 0.5348850 -0.5916879 0.5160565 0.4420831 0.2149913 -0.4802538 -0.4809840 -0.4155852 -0.4574636 -0.4778630 -0.4639907 -0.1833321 -0.3651988 -0.4440941 0.1134489 -0.4072934 -0.2316487 0.4484517 -0.3067502 -0.0310833 -0.0933039 -0.3447242 -0.4303446 -0.0172773 0.0831416 -0.1452854 0.0895583 0.0258489 0.0717874 0.1483827 0.0258901 0.5582856 0.0811721 0.6432067 0.3739754 0.2871450 0.2958032 0.0619514 -0.1122105 -0.1014946 0.1218714 0.5784456 0.4460191 0.0404067 0.0682312 0.1116496 -0.1349863 0.2881899 0.1187721 0.0525862 0.2719988 0.3133912 0.1251623 0.0935383 0.2660604 0.2944780 -0.0199778 0.0728202 0.1612776 0.3420345 0.0352453 -0.0787735 0.2461015 0.0966072 0.0566237 -0.1962732 0.1287503 0.3492401 0.4550181 0.2242326 0.3919431 0.4656519 0.5347008 0.7105323 0.4191918 0.5926169 0.2588382 0.0287692 -0.0718208 -0.0771571 0.3556130 0.2992998 -0.0228917 0.4425292 0.3407800 0.2872448 0.3774306 0.3674828 0.3623981 0.0931776 0.5410704 0.4870214 -0.1135583 0.2861450 0.0239467 -0.2921104 -0.4315016 0.0879063 0.2626085 0.1281672 -0.2336609 0.2429627 0.1144161 0.3639249 -0.4091170 0.0733400 0.4247034 -0.2663491 0.0057042 -0.3013389
0.0725554 0.4576581 0.2352703 0.3975397 0.0566410 0.5969795 0.0000000 0.0336309 0.5685777 0.2781555 0.3316589 0.6189593 0.1626243 0.4733559 0.4228692 0.2707374 0.2173914 0.4656973 -0.2232189 -0.2177626 0.4678228 -0.1516541 0.4736418 0.5111135 -0.3920915 0.2007081 -0.1868735 0.3930407 0.4889216 0.3135849 -0.0977115 -0.4385859 0.6079128 0.5762048 0.4140144 0.3811158 -0.3604600 -0.3233522 0.0261747 -0.0932860 -0.1298285 0.1767725 0.1135138 0.2968699 0.4017398 -0.3220306 0.0081368 -0.1356970 0.5963688 -0.3834212 0.1448742 0.1374928 0.4703543 0.1903883 -0.1755960 -0.2325431 -0.2705390 0.1125081 -0.1863821 -0.1072137 0.2497896 0.0614957 -0.2810094 0.4784782 0.3037632 -0.2049619 -0.2247300 -0.0985729 -0.2293874 0.3576080 -0.1405240 0.3486904 -0.1914267 0.0851896 0.0191745 -0.0083421 0.5012122 -0.1364826 0.2374215 -0.0974703 0.2693365 0.3038666 0.1771721 -0.0100366 0.1323078 0.3503924 0.4229994 -0.1082149 0.3917904 0.1767868 0.4238766 0.3417922 0.3773878 -0.2963441 0.2874854 0.4551572 0.3298262 0.2004493 0.1288503 -0.2345741 0.4270585 0.2723918 -0.0902559 0.0447984 0.5235112 0.3916815 0.1036943 0.2628105 0.5154830 -0.1560544 0.5632202 0.4256144 0.3525360 0.0988284 0.0340021 0.1511773 0.1040952 -0.0224773 0.0923688 0.2733789 0.1239413 0.0506640 0.2002673 0.1996134 0.2431703 0.4393788 -0.0022418 0.1202467 0.3375732 0.0209076 0.1066078 0.3797749 0.1542689 -0.1457032 0.4046293 0.1575631 0.1114384 0.3676280 0.1558697 0.3982973 0.4018191 0.5130016 0.3689565 0.1559679 0.1406695 0.0922218 0.1048143 0.1131813 0.3175593 0.3869047 0.2168897 -0.0331265 0.4445585 0.1117188 0.1794680 0.2197068 0.0864484 0.3488747 0.2232740 0.2699483 0.2757948 0.5833230 0.0234424 0.0237413 0.4631591 0.0246715 -0.0623622 0.1485416 0.0271211 0.1265568 0.1875728 -0.0219491 0.2579841 0.2236681 0.4723066 0.4643243 0.4592267 0.1469429 0.2923049 0.1316452 -0.0165915 0.3353394 -0.0491540 0.1315174 -0.2993038 0.0220897 -0.2994789 -0.2514283 0.3779596 0.4413426 0.2801493 0.3143286 0.3746635 0.5025298 0.5744582 0.6020147 0.5092611 0.4061033 0.4157125 0.4160797 0.2292523 0.4421716 0.2875096 0.1652740 -0.1950948 0.2182510 0.5245444 0.3881221 0.1969752 0.5094889 0.3462748 0.5454270 -0.1589412 0.5197542 0.6086856 -0.1940851 0.3064109 -0.0699911
-0.4652754 0.1596748 0.2285164 0.8379627 -0.2628820 0.4999784 0.0336309 0.0000000 0.4171895 0.7580909 0.7614315 0.4146413 0.5873470 0.2148046 0.4504910 0.7289951 0.7244453 -0.0375084 0.7750471 0.2986604 0.4284395 0.3010760 0.7975425 0.0196476 0.7160083 0.5210639 0.2401663 -0.4775573 0.5549557 -0.5491181 0.2395905 0.5417137 -0.2518404 0.4696772 0.4701027 0.3553849 0.1611159 0.4200822 0.1516257 0.1278402 0.1277741 0.2872095 0.5983919 -0.1911250 0.6604074 0.7101365 0.6378959 0.2278856 0.2948892 0.5604293 0.5550357 0.2679528 0.6569484 0.5920421 0.2508196 0.5371968 0.6226235 0.6075562 0.3581824 0.6110026 0.4527806 0.4711257 0.2368021 0.7259170 0.3944444 0.5830218 0.7565263 0.4986984 0.6069344 0.7329603 0.8089663 0.6953700 0.7107349 0.5224382 0.7984797 0.8411947 0.4191851 0.7621555 0.7415619 0.3347719 0.5484760 0.3983937 0.6754501 0.7980617 0.1161712 0.4958047 -0.3655382 0.4328656 0.1596300 0.4657168 -0.0692742 0.1286465 0.2556005 0.1733854 -0.3730899 -0.1218457 0.1888097 0.1730681 0.2078495 0.1592772 0.0657247 0.3743146 0.4875976 -0.1883342 0.1313360 -0.1837168 0.2251249 0.6589990 0.2764239 0.0544935 0.2283477 0.3984731 0.3933158 -0.0804236 -0.0228174 0.0404207 -0.0982163 -0.1172106 -0.0825372 0.0362266 -0.0960814 -0.0886180 0.2146448 -0.1470138 0.1266303 0.2087848 0.0132856 0.1206938 0.1119312 0.0482979 -0.1370247 -0.1934450 0.2675586 -0.0433331 -0.1687449 0.1571056 0.0282240 0.3133336 0.0035692 0.3796735 -0.2163418 0.4063574 0.3581219 0.3871957 0.3380440 0.2375004 -0.2329090 -0.2077039 -0.1225818 0.4309424 0.4253705 0.1859944 -0.3162997 0.1769044 -0.0876142 0.4258120 -0.1243594 0.0157752 0.0813189 0.3959856 0.1904324 -0.0909890 0.6314841 0.1195743 -0.1632281 0.0562603 0.2509571 0.3437576 -0.2203182 -0.2964853 0.0979562 0.0656426 0.0262128 -0.0591404 -0.2304816 0.0536570 0.1830106 -0.0444927 0.1099267 0.1763231 0.3703953 0.4653793 0.4525959 0.5209827 0.2680762 -0.1447669 -0.1822078 -0.0193047 0.3039276 0.3812786 0.2058863 0.2896461 0.1794848 0.2370048 0.1225120 0.1937073 0.0702685 -0.1501242 0.3863509 0.4039255 -0.0334905 0.2035116 -0.1483321 -0.5438096 -0.4455586 -0.0129604 0.3871947 0.0395092 -0.0615585 0.2152311 0.1827428 -0.0883214 -0.2813033 -0.1985169 0.3971894 0.0839035 -0.0233582 -0.2685416
-0.5312678 0.2593836 -0.3819892 0.5587207 -0.5129116 0.5381588 0.5685777 0.4171895 0.0000000 0.8330721 0.6879573 0.6282982 -0.1280807 0.6578143 0.8702138 0.7356340 0.4394744 0.6692734 0.2065891 -0.5768256 0.5148903 -0.4479343 0.6889946 0.7450317 0.0336839 0.3015102 -0.1658522 0.2996501 0.7006819 0.0176330 -0.3759591 -0.3523456 0.4974287 0.6463253 0.1532033 0.3841390 -0.4096876 -0.5706234 0.1089333 0.0926065 -0.5865668 0.3498214 0.0691676 0.4399780 0.4030239 -0.1564053 0.0492576 -0.5631778 0.7322375 -0.3571027 0.0410049 -0.1175890 0.4389224 0.3649307 -0.5787684 -0.3299015 -0.1365807 0.5790318 -0.4345755 -0.1339321 -0.0519027 -0.0454336 -0.6163998 0.5856782 0.0565368 -0.1117437 0.0513985 0.2933596 -0.2839505 0.6000022 0.2757180 0.3227857 0.2084178 -0.1507291 0.1801180 0.2914187 0.3117959 0.3403531 0.2607035 -0.4357881 0.6086218 0.7620263 0.4978110 0.3351838 0.3202269 0.2909679 0.2072060 0.0651065 0.2403599 0.1959118 0.3690771 0.1985911 0.2504734 -0.2645796 0.2780178 0.1048286 0.1196157 0.3014056 0.0776703 -0.0543511 0.3593396 0.3680051 0.0152620 0.1293031 0.3410210 0.1900882 0.0219176 0.3376692 0.4550382 0.0445385 0.3332953 0.3078668 0.1849525 -0.0654408 0.0053052 0.0667744 0.0239948 0.0000288 0.0456114 0.3508997 0.1041813 0.0131682 0.5474435 0.0088186 0.1959225 0.7056351 0.0664549 0.4669233 0.3681744 0.1172183 -0.0504242 0.3278241 0.1419592 -0.2389819 0.4167510 0.4700929 0.0865308 0.4292058 -0.0695076 0.5257385 0.3914336 0.5417301 0.0430636 0.4070211 0.5898832 0.3278583 -0.1333814 -0.1116609 0.1820211 0.3433512 0.2225993 0.1880052 0.1063125 0.2656853 -0.0643791 0.3021360 0.0028144 0.4224930 0.0872295 0.4299026 0.1461259 0.1997621 0.5928876 0.2579781 0.0268986 0.3719498 0.3660161 0.2783609 -0.0993519 -0.0164781 0.2928181 -0.1212365 0.3188578 0.1862270 0.3084008 0.0174137 0.3057185 -0.0105106 0.2326330 0.2551936 0.1415098 0.4242084 -0.1572093 0.0843529 -0.5052360 -0.4431756 -0.7537122 -0.6711331 0.0925959 0.3265278 0.3217521 0.1885458 0.0981847 0.5503517 0.6409723 0.6624605 0.7386620 0.4343779 0.0625092 0.8219534 0.0411452 -0.1134441 -0.2996076 -0.2786188 -0.5934761 0.0734373 0.4182510 0.0115997 -0.0741804 0.0146548 0.0013419 0.4094930 -0.5973115 0.0947991 0.5276005 -0.3515495 0.0485664 -0.2743594
-0.6147553 0.2442621 -0.1727579 0.7160149 -0.5881258 0.5025203 0.2781555 0.7580909 0.8330721 0.0000000 0.8745680 0.5102694 0.1041026 0.5607164 0.6723381 0.8062058 0.6683143 0.2744777 0.5493044 -0.2313892 0.4665329 -0.2026566 0.8116905 0.4143620 0.3844466 0.4177315 -0.0797939 -0.1725702 0.6785788 -0.3635195 -0.0489336 0.0348617 0.1026565 0.5883963 0.2821442 0.3454527 -0.1565794 -0.1869720 0.1867226 0.0349550 -0.3216447 0.3141241 0.3299243 0.1183259 0.4342932 0.2430023 0.3365871 -0.2750327 0.5996830 0.0254711 0.2222716 0.1509408 0.5092135 0.5185958 -0.2825307 0.0035757 0.2267824 0.7169594 -0.2273347 0.2011114 -0.0130186 0.2288495 -0.3337990 0.6363303 0.0062678 0.1377137 0.3761091 0.4260250 0.0619807 0.7548804 0.5420029 0.5170394 0.4459994 0.0300264 0.4161055 0.5032747 0.3277172 0.5793041 0.4751972 -0.1386163 0.5517117 0.6568228 0.6031488 0.5969808 0.2770544 0.3642833 -0.1010450 0.2180048 0.1688709 0.2851626 0.1723508 0.1487953 0.2919611 -0.0769336 -0.0309700 -0.0269064 0.1093920 0.3616154 0.0251919 -0.0130986 0.1424697 0.4107997 0.2694877 -0.1386817 0.2193539 -0.0494170 0.1115034 0.5404905 0.3626063 0.1911402 0.2145261 0.2981801 0.3061651 -0.0020066 0.0515483 0.1157613 -0.0223835 -0.0568445 -0.0029424 0.2814183 0.0208835 -0.0311671 0.4518763 -0.0871647 0.1549517 0.5852274 0.0339391 0.3820967 0.2605921 0.1009773 -0.1210252 0.1295494 0.1033970 -0.1089250 0.1690746 0.3655963 0.0283587 0.3439747 -0.1790766 0.4185512 0.1254062 0.4015274 0.0025368 0.4381353 0.4726377 0.3256104 -0.2597483 -0.1998534 -0.0203808 0.3235158 0.2574625 0.2212731 -0.1383512 0.2257689 -0.1069486 0.3369409 -0.1475308 0.2849599 0.0273327 0.4532052 0.1020116 0.0439082 0.7136748 0.1994160 -0.0457416 0.2801020 0.4046953 0.3344950 -0.1153191 -0.0316591 0.3107695 0.0264808 0.3225616 0.2596832 0.0358562 -0.0993351 0.1839021 -0.0262067 0.1160604 0.1535915 0.2449801 0.4036488 0.0199382 0.2638392 -0.2701114 -0.5349283 -0.6204450 -0.5297984 0.1122414 0.3116354 0.3106085 0.1690371 -0.0265544 0.4209951 0.4590541 0.4769209 0.5075916 0.1136285 0.0631003 0.7680732 -0.0027358 -0.0567621 -0.3086504 -0.5249907 -0.5818629 -0.0717198 0.3710576 -0.0215495 -0.0522744 -0.0187755 0.0127533 0.0726436 -0.5590214 -0.1060928 0.4402299 -0.2537449 -0.0041176 -0.2912312
-0.6321314 0.1406395 0.0084737 0.7601294 -0.5261654 0.3562922 0.3316589 0.7614315 0.6879573 0.8745680 0.0000000 0.3607067 0.1831159 0.6000725 0.5508985 0.8007727 0.8682171 0.1565177 0.5247807 -0.1004058 0.3648074 -0.2075905 0.8979143 0.3533757 0.3894677 0.5103967 0.0244417 -0.1362045 0.6874260 -0.2381955 -0.0740084 0.1490521 0.2007347 0.7111491 0.4408278 0.2734516 0.0014974 -0.0010922 0.4040036 0.0669664 -0.1356716 0.2621539 0.5582292 0.0609665 0.4875334 0.3267800 0.4610504 -0.0447487 0.6481490 0.1689906 0.3728844 0.2388924 0.6222191 0.5212905 -0.1439859 0.0843741 0.3307033 0.6286181 -0.0385069 0.3248509 0.1328575 0.2853555 -0.2128522 0.7454157 0.1161244 0.2367936 0.4170481 0.3552802 0.1822844 0.8453865 0.5786331 0.6889434 0.4893806 0.1751305 0.4761577 0.5182765 0.3939389 0.5547198 0.5901350 -0.0240938 0.3439257 0.4061234 0.5915258 0.5113556 0.0928882 0.3927621 -0.2376136 0.1657451 0.0851104 0.2132454 0.0745757 0.2484989 0.4352819 -0.1036953 -0.1949486 0.0018523 0.1886389 0.5495326 0.1093300 -0.1900392 0.0561454 0.4511792 0.3171198 -0.2330314 0.1823792 -0.0620786 0.2318895 0.5801145 0.3038649 0.3455927 0.2868177 0.3756365 0.3252289 0.2709150 0.3928635 0.3838451 0.3108334 0.2688686 0.3199339 0.4525182 0.2934782 0.2808974 0.3127298 0.2105837 0.4514084 0.3252206 0.1850010 0.2557023 0.3526752 0.2682828 0.0460297 0.0061338 0.1310177 -0.0964548 0.0213117 0.2099801 -0.0167832 0.5032654 -0.1278417 0.3370513 -0.0516996 0.3786902 0.1188899 0.3656158 0.3227726 0.2474861 -0.2144815 -0.1746062 -0.0275042 0.3858218 0.2783058 0.1489916 -0.1527824 0.1200521 0.0210291 0.3297495 -0.2429356 0.2940134 -0.0338831 0.4722252 0.2706198 0.1532003 0.6289626 0.0496863 0.0392452 0.2278384 0.2122183 0.3004120 -0.3490054 -0.1622686 0.1763178 -0.0631524 0.2731382 0.3907052 -0.1335638 -0.1538394 0.0101719 -0.2312724 -0.0463683 0.0076151 0.1136308 0.3793472 0.1932096 0.3461996 -0.1846623 -0.4922208 -0.4967569 -0.3930233 0.1693165 0.4385821 0.4494626 0.0646601 -0.0305328 0.4026175 0.2935097 0.3734101 0.2990825 0.0255423 0.0670785 0.5570651 0.0465046 0.1911342 -0.1661894 -0.5174064 -0.4379535 -0.2056940 0.5763069 0.1416518 0.1374265 0.1988906 0.3255270 -0.0341728 -0.2802515 -0.0898855 0.5014533 -0.0283494 0.0316128 -0.2878057
-0.0804945 0.4165527 0.0394399 0.5037433 -0.1065931 0.7561472 0.6189593 0.4146413 0.6282982 0.5102694 0.3607067 0.0000000 0.3437965 0.1881272 0.6688151 0.4175163 0.2696734 0.3590190 0.1282709 -0.0788662 0.9014131 0.0436612 0.5484434 0.3469863 0.0863930 0.2863126 -0.0763175 0.0751964 0.7479731 -0.2331900 -0.0436643 -0.0087910 0.2900821 0.5720982 0.4013672 0.8346049 -0.4863464 -0.0638214 -0.0298212 0.2956328 0.0031715 0.6613501 0.1546559 0.3536069 0.7623392 0.1315719 0.2255466 -0.0226326 0.5075808 -0.0710421 0.3464798 0.1245010 0.7138371 0.5057984 0.0048434 0.1497343 -0.0172675 0.4875668 0.0862335 0.0666599 0.5118775 0.2836256 -0.0944501 0.5295291 0.5786816 0.0729403 0.2023918 0.3943783 0.0781441 0.4501513 0.1950938 0.2972643 0.1380062 0.2959202 0.3613794 0.4035944 0.5122969 0.1578172 0.2716737 0.0322855 0.5681730 0.4218538 0.3696588 0.4516257 0.2448075 0.6579650 0.4195961 0.2696764 0.5580770 0.6317779 0.5324050 0.4929264 0.4360447 -0.0541057 0.2656152 0.1862344 0.4487540 0.1345693 0.3135656 0.0302881 0.4334235 0.6399489 0.3669925 0.1131759 0.5907481 0.2409026 0.4860635 0.5194137 0.8204706 -0.2588825 0.6437491 0.7693045 0.4179832 -0.2269462 -0.3564749 -0.1197344 -0.2199569 -0.3570573 -0.2081365 0.0570099 -0.1418027 -0.2256502 0.4096498 -0.1555014 0.1228154 0.6962310 0.0134233 0.2913289 0.3317135 -0.1422567 0.0403842 0.1537461 0.3513090 -0.2581788 0.3032789 0.3942124 0.4330397 0.4969261 0.3529874 0.8088498 0.1946830 0.7955762 0.3224839 0.6574183 0.7095175 0.2514683 0.1718738 0.0950276 -0.0471472 0.5687226 0.5113176 0.2398865 0.3042344 0.1368112 0.0741039 0.5901166 0.1677137 0.1160376 -0.1286869 0.5446035 0.0425051 0.2065187 0.5056090 0.4059673 -0.0687791 -0.0508735 0.2036147 -0.0599119 -0.0648181 -0.2672021 -0.1534952 -0.2954414 0.2119160 -0.3541686 0.2994565 0.5293827 0.7965342 0.2665335 0.7239519 0.6506787 0.4509998 0.7703972 0.2539411 0.4005905 -0.0619701 0.1712710 -0.2938541 -0.1797100 0.3859778 0.4316755 0.1335283 0.5911806 0.4575209 0.5383714 0.6795808 0.6618548 0.4446802 0.2944918 0.6170275 0.6529039 0.3068283 0.3186552 0.1364040 -0.1350262 -0.4073747 0.2940093 0.5600280 0.2754024 0.0520383 0.4427701 0.2395897 0.6216988 -0.4438865 0.3345249 0.8099406 -0.2288557 -0.0426189 -0.3971693
0.0745801 0.1587590 0.8227692 0.5788412 0.3208821 0.5272704 0.1626243 0.5873470 -0.1280807 0.1041026 0.1831159 0.3437965 0.0000000 -0.0990031 -0.0027984 0.1301621 0.3046892 -0.2965594 0.3275365 0.7628513 0.2825602 0.7895203 0.4166587 -0.3480260 0.2880367 0.1491422 0.1076021 -0.5304598 0.1635698 -0.4729824 0.5119370 0.5065393 -0.4004393 0.1253067 0.5187684 0.3021618 0.1389661 0.7645118 -0.1010079 -0.0156762 0.6911918 0.0093700 0.4683481 -0.4677538 0.5504670 0.5880867 0.4556845 0.7446944 -0.1124195 0.5491248 0.5198338 0.4882218 0.4926599 0.3034584 0.7923645 0.7322005 0.4088741 0.0359787 0.6786237 0.5256962 0.7464948 0.5906875 0.6494630 0.4306455 0.5635604 0.4236506 0.4468329 0.0375579 0.6986913 0.2474822 0.2952657 0.5711002 0.2257745 0.7012263 0.6006305 0.5375792 0.4441845 0.2129724 0.5565144 0.6848529 0.0904666 0.0448942 0.2643587 0.4466634 0.0355834 0.5314732 -0.0689370 0.5182983 0.4848428 0.6382584 0.0158688 0.1523688 0.2659459 0.4482054 -0.2168921 0.1652962 0.2107538 -0.1149626 0.4638321 0.1996501 0.0521929 0.1829423 0.3125780 -0.2700367 0.2136309 0.0660774 0.2014576 0.3741730 0.2389133 -0.3963177 0.3026327 0.3824452 0.5807241 -0.2043803 -0.2948314 -0.1223424 -0.3011208 -0.3566923 -0.3213703 -0.1871841 -0.3091331 -0.3498865 -0.1850271 -0.2249307 -0.0618511 -0.0593947 -0.1728852 -0.3127067 -0.2401550 -0.2135171 -0.2446658 -0.1879496 0.2455071 0.2975531 -0.2092145 -0.1699484 0.0214447 -0.0491145 0.0992145 0.2635727 -0.2852508 0.2347760 0.4749010 0.2630556 -0.0544262 0.0786581 -0.0170086 0.0608496 -0.0506818 0.4613514 0.5007162 0.1477617 -0.0864903 -0.0190958 0.0783532 0.4445195 0.0042796 -0.1001415 0.1324679 0.2602633 0.1234756 0.1424299 0.1135536 0.0000075 0.1104527 -0.2391179 -0.0904813 0.0866428 -0.0023394 -0.1676986 -0.0470818 0.1476685 -0.1667459 -0.2389276 -0.2048363 0.4132473 0.2911538 -0.0065141 0.1075362 0.0648725 0.2307571 0.3967464 0.5747142 0.6559152 0.6363365 0.3445742 0.3837397 0.4403545 0.4356926 0.3189075 0.0920543 0.4279463 0.2838128 0.1540909 0.0002410 0.0101852 -0.2571933 -0.4218121 0.6321446 -0.0657944 0.0155518 0.5960128 0.3266157 -0.0921328 0.0026033 0.1950389 0.1276811 0.3628688 0.0406933 0.5436157 0.2754048 -0.0355006 0.1764671 0.1686554 0.2613668 0.2161444 -0.0624738 -0.2767619
-0.3582447 0.1058852 -0.1572920 0.3833038 -0.3318440 0.1875433 0.4733559 0.2148046 0.6578143 0.5607164 0.6000725 0.1881272 -0.0990031 0.0000000 0.3927616 0.3405857 0.4250714 0.4580129 0.1134727 -0.2335371 0.1275002 -0.2972040 0.4777885 0.5820122 -0.0704405 0.2211474 0.1073529 0.2163674 0.4725132 0.4005794 -0.1086079 -0.2557344 0.5283510 0.6153014 0.2712232 -0.0652955 -0.0901541 -0.3676956 0.6007827 -0.1214727 -0.3419665 -0.2332056 0.2863757 0.0452801 0.0048651 -0.1490803 0.1037178 -0.3154874 0.6580836 -0.2934249 0.0715895 0.1650707 0.3211250 0.0323618 -0.3280151 -0.2461314 0.0218723 0.0771957 -0.3411033 -0.0257714 -0.2079317 -0.0347528 -0.3434496 0.4885322 -0.1487061 -0.0723022 -0.1468934 -0.1276003 -0.1922369 0.5267801 0.0433011 0.4637837 -0.0586295 0.0078663 0.0921235 0.0990050 0.4655909 0.1171776 0.4195915 -0.0947454 0.1690126 0.3209252 -0.0496781 -0.0815256 0.3461174 -0.2213668 -0.0403395 -0.1392010 -0.0721332 -0.1907696 -0.0262710 -0.1746422 -0.0435973 -0.2809460 0.0594243 -0.0370290 -0.2732156 0.1925082 -0.2009626 -0.4810804 -0.2030163 -0.1092088 -0.4681269 -0.3955234 -0.0868985 -0.0659538 -0.3857454 -0.0543206 -0.0449541 0.2022040 -0.0120461 -0.0822200 0.2586636 0.1916641 0.3434438 0.2645889 0.1464641 0.1061610 0.1470089 0.1869493 0.1012704 0.1108162 0.1828708 0.1715458 0.0799711 0.1570795 0.0864520 0.1463904 0.0995335 0.2846596 0.0389834 0.2243675 0.1204154 0.1046477 0.0847506 0.1595447 -0.1187037 0.1478685 -0.1259042 -0.0786692 0.2097426 -0.0063112 -0.0437359 0.1076937 0.0253900 0.3651605 -0.0221606 0.1361223 0.1236559 -0.0130735 -0.2106480 -0.1052904 0.1001999 0.0537230 0.3085159 0.0951240 -0.3265719 0.2826087 -0.1122129 0.0657421 0.3709804 0.1358087 0.1708212 -0.1408869 0.3382004 0.1067711 -0.0605499 -0.0397884 -0.2885808 0.0381490 0.2866028 -0.1831592 0.3746645 0.6140564 0.1063727 -0.0583842 0.0036289 -0.2185942 -0.1603771 -0.3689003 -0.4713692 -0.1197314 -0.2196588 -0.0053709 -0.3312475 -0.3798965 -0.3467752 -0.3408723 0.3261468 0.4907425 0.0846575 0.0793791 0.0725540 0.1495421 0.1478714 0.2172312 0.2321223 0.1404595 -0.0286110 0.3048014 -0.0622940 -0.0102297 -0.4281801 -0.2205409 -0.2216009 0.0257676 0.3478714 0.3058114 0.1267208 0.1779512 -0.1065950 -0.0994894 -0.0418094 0.0388332 0.1908286 0.2042595 0.3944781 0.0735619
-0.4471044 -0.0061536 -0.3733509 0.5696771 -0.3309108 0.5994278 0.4228692 0.4504910 0.8702138 0.6723381 0.5508985 0.6688151 -0.0027984 0.3927616 0.0000000 0.6564348 0.3067730 0.7498444 0.1361651 -0.5076890 0.5308614 -0.4027772 0.5693323 0.7684594 0.0517133 0.1370987 -0.1154228 0.4241977 0.7111930 -0.0559482 -0.5907681 -0.2203266 0.4679255 0.6114202 -0.0014881 0.4859965 -0.5222822 -0.3921591 -0.0642548 0.1973347 -0.4366711 0.5744894 -0.0696420 0.3932502 0.5870653 -0.0370790 -0.0267610 -0.3883577 0.5458480 -0.1820236 -0.0008406 -0.3493848 0.5014904 0.2200611 -0.4235978 -0.1636320 -0.1408145 0.4569924 -0.1097913 -0.2147024 0.1997986 -0.2070350 -0.4690081 0.5419709 0.2240988 0.0297612 0.0749887 0.2509897 -0.1336467 0.4554248 0.3408201 0.2505607 0.2021411 -0.0452884 0.3185852 0.3674432 0.2744708 0.3949952 0.2121304 -0.3320597 0.6558854 0.6979559 0.5996519 0.4555715 0.0444670 0.4307461 0.1581490 0.2315418 0.3873208 0.3195701 0.3808096 0.2664087 0.2056384 -0.1403044 0.2697038 0.1783020 0.2376348 0.1935220 0.3559949 0.1650082 0.4398428 0.4166959 0.1332925 0.3986493 0.4337243 0.2913584 0.1693137 0.2829276 0.5391538 -0.1795586 0.4221577 0.4295846 0.1014821 -0.1848852 -0.0630660 -0.0493833 0.0220687 0.0724717 0.0506182 0.2945925 0.1559525 0.0421284 0.6030700 0.0111263 0.1618239 0.5922219 0.2015025 0.4915305 0.2290123 0.1588543 -0.0418865 0.2199591 0.3178751 -0.2310493 0.3938789 0.5102371 0.2295463 0.5002264 0.1003379 0.6896793 0.3335681 0.7585034 0.2260848 0.5229536 0.7496057 0.3661457 0.0524943 -0.0220436 0.2743745 0.6119286 0.4560402 0.2763120 0.1807548 0.3729380 0.0023957 0.4434266 0.1652527 0.3837032 0.1158515 0.5131298 0.2690164 0.1011730 0.6581927 0.4677081 -0.1517914 0.4373447 0.5060643 0.2923847 -0.1821803 -0.2735949 0.1130775 -0.2824934 -0.0130877 -0.1368403 0.0602222 -0.0740955 0.2357121 -0.2026993 0.2444941 0.4756942 0.2773489 0.6632824 0.1823607 0.2860674 -0.2296768 -0.2956343 -0.5368958 -0.5504830 0.1056961 0.3629601 0.3238275 0.3273851 0.2188290 0.4696295 0.5301798 0.5005604 0.6000622 0.2958895 0.2251943 0.6639458 0.0991850 -0.0537672 -0.2655916 -0.2100004 -0.4522611 0.1877914 0.3498661 0.0156441 -0.1032376 0.0651859 0.1139337 0.5672009 -0.4605425 0.0366719 0.5530045 -0.2929947 -0.2009732 -0.4599421
-0.7441211 0.2996313 -0.1658307 0.6598182 -0.5543014 0.4469102 0.2707374 0.7289951 0.7356340 0.8062058 0.8007727 0.4175163 0.1301621 0.3405857 0.6564348 0.0000000 0.7437821 0.2880888 0.6761898 -0.2273709 0.3814739 -0.1285948 0.8850999 0.2829655 0.5407268 0.5952796 -0.0083462 -0.1094590 0.4928539 -0.3121922 -0.0859706 0.1212981 0.0213794 0.4264630 0.3237762 0.2866464 -0.0232052 -0.1272868 0.0588081 0.2180132 -0.4031770 0.2905971 0.3852893 0.2584871 0.5390228 0.2970218 0.4458756 -0.2817220 0.4514340 0.1321999 0.3595665 0.0079774 0.4018246 0.6834440 -0.3122439 0.0275549 0.3151613 0.7704135 -0.0865609 0.3311347 0.2016970 0.2697864 -0.3023915 0.6358048 0.2629222 0.3344496 0.5941424 0.5763376 0.1656400 0.6721101 0.7526877 0.4195353 0.7383701 0.0776823 0.5396280 0.6440187 0.1231641 0.7278702 0.4098071 -0.3224616 0.6164175 0.7155172 0.8136739 0.6804798 0.3116589 0.4662621 -0.1399240 0.2926200 0.1051637 0.3638723 0.0813149 0.2007572 0.3524104 -0.0308749 -0.1380850 -0.1478695 0.1355320 0.3269034 0.1628469 0.1474813 0.3763704 0.4386268 0.3844789 0.1300175 0.1418055 -0.0403103 0.1710740 0.6341576 0.2839746 0.1297507 0.2961726 0.3267978 0.0639716 -0.0744175 0.0182566 0.0812056 0.0663217 0.0491018 0.0725950 0.2997492 0.0920635 0.0796759 0.2351188 -0.0393541 0.3777448 0.4599328 -0.0726885 0.1685997 0.4151772 -0.0041363 -0.2066651 -0.0928189 -0.0664276 -0.4115582 0.0132074 0.1525195 -0.2070470 0.3904951 -0.2395483 0.4653449 -0.0483235 0.4425755 0.1343235 0.2165979 0.4280553 0.0042923 -0.5335017 -0.5357766 -0.0474981 0.2789823 0.3392421 0.1603418 -0.3669645 0.0863228 -0.4425322 0.2000434 -0.0723026 0.2247221 0.1934232 0.3832893 -0.0409135 0.0764337 0.6349166 0.0807643 -0.1844367 0.3432710 0.2064096 0.5300668 -0.1616049 -0.1026641 0.2992964 0.1803336 0.2252631 0.0000419 0.1909048 0.0253319 0.2049178 0.1113533 0.1612422 0.2486790 0.4684096 0.4594695 0.1058376 0.2251580 -0.2096872 -0.3523197 -0.6876703 -0.4314019 -0.0629892 0.1063538 0.3290694 -0.0538528 -0.0479917 0.4809503 0.3920689 0.5512531 0.5359225 0.3372600 -0.0128874 0.7024511 -0.1860009 -0.0294372 -0.2011085 -0.5554390 -0.7610166 -0.2431591 0.4771999 -0.2018124 -0.2271428 -0.0389389 0.1743062 0.0906798 -0.6495623 -0.1202857 0.4051358 -0.3008450 -0.0051124 -0.2346370
-0.6758497 0.1345778 0.0984365 0.5671058 -0.2830746 0.1680286 0.2173914 0.7244453 0.4394744 0.6683143 0.8682171 0.2696734 0.3046892 0.4250714 0.3067730 0.7437821 0.0000000 -0.1610880 0.5572755 0.1300401 0.3328939 0.0543117 0.8555104 -0.0101928 0.5034140 0.5451486 0.0363143 -0.2994511 0.5508682 -0.3261228 0.1931589 0.2604374 -0.0246188 0.5288743 0.4410214 0.2544448 0.1776181 0.1853923 0.4261326 0.2459620 0.0100287 0.2031641 0.6311139 -0.0088445 0.5614598 0.3731322 0.4956345 0.0883964 0.4602136 0.2019843 0.4299514 0.4869593 0.5603085 0.6726061 -0.0107045 0.1554088 0.3769494 0.6355134 0.0985117 0.4287411 0.3415858 0.5245234 -0.0732819 0.6928427 0.3278238 0.2869793 0.5483402 0.4555981 0.2600414 0.7021291 0.5709516 0.5538923 0.5918946 0.2260235 0.4582018 0.5141734 0.2276177 0.4587073 0.5746735 -0.0242938 0.2843043 0.3124949 0.5271770 0.5125095 0.2497359 0.4536558 -0.1439069 0.1757228 0.1048513 0.3376918 0.0487589 0.3350333 0.5885881 0.0310680 -0.1932601 -0.0049696 0.2784087 0.6457219 0.2190890 -0.3277874 0.1565885 0.5108091 0.3498817 -0.2685192 0.1705279 0.0188238 0.3262521 0.5483655 0.2607892 0.3361753 0.3612279 0.4418992 0.4309801 0.4135463 0.4355573 0.5334176 0.4096619 0.2792504 0.3777298 0.4722270 0.3423739 0.3681111 0.1436522 0.2904268 0.6575030 0.2438365 0.1818710 0.0541062 0.4618978 0.2336454 0.1010812 -0.0874966 0.0266235 -0.1936884 -0.0860099 0.0418855 -0.1775984 0.4384730 -0.1366705 0.3428222 -0.1830550 0.2983252 0.2080248 0.3237928 0.2129022 0.0120080 -0.3309039 -0.3351877 -0.0856506 0.3206649 0.4066029 0.2930958 -0.2024638 -0.0293755 -0.0490036 0.3993508 -0.1032698 0.3106531 -0.0124007 0.5089437 0.1338973 0.3121757 0.5575575 0.0359965 0.1300374 0.2043148 -0.0068461 0.2703188 -0.1984828 -0.0540831 0.1417828 0.0635123 0.2466577 0.2321702 -0.0082333 0.0261402 0.0931538 -0.1165647 -0.0303835 -0.0319266 0.1190348 0.2997598 0.2128096 0.2340064 -0.1262621 -0.2786898 -0.4594463 -0.2511051 0.0231473 0.2346334 0.4784005 -0.0884635 -0.1399138 0.4664885 0.2774128 0.4260865 0.2275870 -0.0052851 0.0472386 0.4431862 0.1313980 0.3813571 -0.0364086 -0.4094213 -0.3563150 -0.1174409 0.6111969 0.3029944 0.2851677 0.3761704 0.4493980 -0.0931430 -0.1656398 0.1112538 0.5045824 0.0688505 0.0750580 -0.1421961
