0.0000000 0.5207648 0.3166226 0.4242775 0.5793279 0.3383738 0.4430139 0.3734279 0.2379336 0.4289955 0.2015414 0.5194244 -0.0342509 0.1915871 0.0929537 0.1070617 -0.1219112 -0.1061644 0.1840916 -0.0148668 0.4670854 -0.1448809 -0.4420356 0.1499627 -0.0695412 -0.1213773 -0.0441960 -0.1223694 0.2767335 -0.0209489 -0.2447760 -0.3979539 -0.0764465 0.0453552 -0.1331305 0.3583227 -0.4079711 -0.5143888 -0.0776458 -0.2600836 -0.4014674 0.3083685 -0.1570404 -0.1576439 0.3411362 -0.4936099 -0.3975723 -0.4944387 -0.1924159 -0.4946672 -0.2073645 -0.1487582 -0.0142668 -0.1108430 -0.5076116 -0.6258166 -0.4834022 -0.1408394 0.2402437 -0.3192389 0.2595161 -0.1196679 -0.3707453 0.1265391 0.1389901 -0.5804140 -0.2566544 -0.1577853 -0.6120581 0.1522689 -0.4298408 0.3184275 -0.0931300 0.3897920 -0.4028421 0.1643521 0.4346619 -0.0651644 0.1416073 0.5887697 -0.1167321 0.1509778 -0.0235295 -0.0825431 0.1308581 -0.0317111 -0.1976482 0.1400028 0.0645635 0.1313522 -0.2360683 0.0016903 -0.0836369 0.1187894 -0.1535235 -0.3003196 0.0125717 -0.0596469 -0.0146381 0.0182045 -0.0620345 -0.0891127 -0.0939616 -0.0102161 0.0241255 -0.3076590 -0.1531232 -0.3357379 0.1919316 -0.3189279 0.2073867 -0.2454449 -0.3858426 -0.3655067 -0.3095192 -0.3578189 -0.3766174 -0.3838001 -0.4120024 -0.0582496 -0.2224838 -0.3571915 0.1516176 -0.4180594 0.1037350 0.4334001 -0.2849037 0.1906398 0.4220589 -0.2162858 0.1576649 0.0512511 0.0915765 -0.0126635 -0.0479005 0.2390005 0.1413063 0.4173574 0.3954676 0.4950310 0.1115203 0.4372230 0.4409594 0.2086508 0.2324176 0.3145514 0.3102098 0.3913241 0.2364441 0.4926318 0.4736082 0.3625051 0.2930868 0.2764970 0.1487679 0.3985737 0.5737508 0.3935123 0.5013237 0.4134161 -0.0037328 0.6015772 0.4787673 0.4842062 0.1851761 0.4280112 0.5013190 0.1901456 0.2072397 0.4732075 0.3853072 0.1618834 0.5855212 0.3078902 0.7422757 0.7658430 0.7122704 0.6766271 0.5641952 0.6342183 0.5948378 0.5107444 0.4681573 0.4164519 0.3244576 0.1076763 0.3372600 0.5176617 0.5706791 0.2913730 0.3161088 0.4139525 0.4857259 0.4675344 0.4535569 0.5684602 0.4421417 0.4879095 0.2968254 0.4362766 -0.0087411 -0.3365701 0.0600218 0.0998946 -0.3845557 -0.3186665 0.3966742 0.1334233 -0.0533443 -0.0396584 0.0213531 0.3975821 -0.3339171 0.4367479 0.2891352 0.2584872 -0.0934850 -0.0651409
0.5207648 0.0000000 0.3772593 0.6011161 0.3123339 0.7117353 0.5183127 0.3306846 0.3465939 0.3645011 0.4703573 0.5280706 -0.0321990 0.0658638 -0.0366456 0.4387965 0.1051333 0.2619887 0.2598202 -0.3222833 0.7057606 -0.3607646 0.1688170 0.0830569 0.1184473 0.2970887 -0.1402745 -0.2752216 0.2143543 -0.2910420 -0.4415116 -0.1084523 -0.2357212 -0.1646389 0.1951576 0.4779617 -0.0904728 -0.2307749 -0.2123859 -0.2738701 -0.3278675 0.2480546 -0.0152201 -0.2322704 0.1836204 -0.0893201 -0.1973697 -0.4238847 -0.2805817 -0.1627971 0.0440532 -0.0913299 -0.1127082 -0.0853259 -0.3364060 -0.3019588 -0.2594477 -0.0969099 0.2461203 0.0360729 0.1855538 0.3456610 -0.2502509 0.2351939 0.1592457 -0.4857776 0.0732991 0.1929759 -0.3753821 0.5547009 -0.1131104 0.2094902 0.2061636 0.3280570 -0.0242554 0.4517865 0.4699863 0.1119872 0.2387590 0.5314428 0.0236196 -0.0815983 -0.0613837 0.0544374 0.2260971 0.0710941 -0.0870703 0.0730454 0.2110876 0.1220910 -0.1612651 -0.0749674 -0.2063426 0.2298654 0.2026289 -0.0863807 0.0750681 -0.0746450 -0.0171086 0.3044031 -0.2450616 -0.0482758 -0.1271968 0.1614254 0.1466086 -0.0913272 -0.0969383 -0.4456282 0.1733957 -0.3442728 0.2285835 -0.1834467 -0.2971866 -0.3084462 -0.2915291 -0.2811856 -0.3093546 -0.3259406 -0.3542723 -0.0001073 -0.1560826 -0.2847185 0.3039216 -0.2877982 0.1181710 0.4545213 -0.2884433 0.3462786 0.2899241 -0.0986333 0.0337605 0.3847323 0.0108864 0.2741345 0.0903569 0.3588947 0.2723895 0.3526623 0.2341880 0.6718777 0.2028739 0.4989505 0.5515495 0.5890538 0.3907738 0.4459972 0.3361339 0.4312514 0.3028637 0.5748976 0.6522911 0.7038708 0.3841354 0.3497651 0.3937034 0.6991698 0.6944327 0.5312614 0.6131583 0.5984503 0.2530399 0.5556416 0.6799371 0.6860673 0.2620218 0.6939090 0.5374728 0.3160534 0.3687785 0.4642272 0.4928421 0.3502594 0.2071052 0.2714775 0.6777056 0.6516069 0.7073862 0.7443286 0.7349055 0.7135552 0.5551106 0.6040013 0.5000860 0.5920139 0.4181853 0.1357015 0.3529232 0.4831799 0.5263800 0.3385224 0.3601925 0.5089404 0.4964193 0.2293639 0.6649784 0.6982801 0.5709917 0.3113811 0.1475490 0.4578117 -0.0569688 -0.2203757 0.2806229 0.3043972 -0.2380564 -0.1247440 0.3970200 -0.1368588 -0.0244250 0.0143959 0.3878853 0.4302529 -0.2077197 0.3510473 0.2190339 -0.0158497 0.3892715 0.3847083
0.3166226 0.3772593 0.0000000 0.1672255 0.6225458 0.2203667 0.4298851 0.0520156 0.2478012 -0.0314166 0.2920075 0.3196770 0.0118645 0.1429992 -0.0744551 0.0305557 0.3513453 0.0419767 -0.1167893 0.1106877 0.1631224 -0.2954014 0.1789430 -0.0062994 -0.1419786 0.0248797 0.0212731 0.0030832 -0.0749863 -0.0486012 0.0962745 0.1117747 -0.0413644 -0.1470785 0.4228659 -0.0604511 0.1716148 -0.1586120 0.1333305 0.0325697 0.2144282 -0.2185931 0.6506640 0.0364342 -0.3444849 0.0809353 0.2371178 0.0199725 -0.0439747 0.0418081 0.3781187 0.6085856 -0.0907707 0.4928347 -0.1114196 -0.1592415 0.0698607 0.2993460 -0.1010706 0.3333574 -0.1149481 0.4158574 -0.2748066 0.1227137 -0.1674333 -0.2212516 0.2226692 0.4381728 -0.4605749 0.2924511 -0.0101733 0.0208851 0.2759874 -0.0051893 -0.3241723 0.3610797 0.1811622 0.2301107 0.3282476 0.2384199 0.2175743 -0.0980759 -0.3285540 -0.2209495 -0.2882275 -0.1113999 -0.1532644 -0.5189023 -0.3052901 -0.3389335 -0.1832159 -0.0101294 -0.0344008 -0.3727761 -0.3227862 -0.1319352 0.1723756 -0.0766344 -0.4277150 -0.4459535 -0.5099796 -0.1218602 0.1069963 -0.3937153 0.1218460 -0.3664505 -0.0613981 0.0696929 0.2497099 -0.2943886 -0.0455362 -0.0587088 -0.1855549 -0.3190740 -0.5069029 -0.2827766 -0.4543222 -0.5119767 -0.5114847 -0.2332631 -0.1661358 -0.1776879 0.3339880 -0.4352627 0.1503855 0.1155213 -0.1838059 0.2743670 0.1660128 -0.1499056 0.1066576 0.0544790 -0.0000035 -0.4384738 0.1512731 0.1383074 0.0341735 0.2067805 0.3801164 -0.0327465 -0.0386783 0.2014886 0.2613867 -0.2985160 0.0610048 0.1977362 0.4562141 0.4362979 0.0174617 0.2077992 -0.0381298 -0.1127771 0.2717240 0.1017933 0.3588518 -0.1634359 0.1364173 0.4089661 0.3549343 -0.2780474 0.5041535 0.1487463 -0.1567034 -0.1192812 0.5013023 0.1128972 0.1312052 0.3018919 0.2936745 0.0225368 0.3558585 0.2329342 -0.0259721 0.5116391 0.4677532 0.4314662 0.3974894 0.3912787 0.1933638 0.1987620 0.1755155 -0.0285087 -0.1424406 -0.3286536 -0.0924281 -0.1384888 0.1560371 0.1813562 0.1952378 -0.1516064 -0.2225417 0.1395709 0.0439385 0.1989345 -0.0121553 0.1179052 -0.0436830 -0.0368017 -0.2156987 0.0086997 -0.0421569 -0.0788631 -0.0959186 -0.0456833 -0.0810371 0.1730335 -0.0131466 -0.2356738 -0.0264675 -0.1439845 -0.0613164 0.1850039 -0.0746959 0.0158300 0.0425131 -0.2595504 -0.1250796 0.1134048
0.4242775 0.6011161 0.1672255 0.0000000 0.0297982 0.7789184 0.3843908 0.5805769 0.4005343 0.5762349 0.2647334 0.6033362 -0.0791946 0.1985007 0.1688626 0.1442665 -0.0917445 0.0340308 0.2623411 -0.0280093 0.7995796 0.0640073 -0.2034664 0.2021694 0.2247866 0.2451901 0.0166377 -0.1933696 0.5562955 -0.0675728 -0.2004547 -0.1434143 -0.0338314 0.2530262 0.0421320 0.7523908 -0.0502667 -0.2221337 -0.1293444 -0.1801091 -0.4222824 0.6441251 -0.1000165 -0.1700219 0.6610362 0.1318604 -0.2974374 -0.4402507 -0.1473711 -0.2521296 -0.1633711 -0.0884480 0.2044125 -0.1316763 -0.3761147 -0.2153549 -0.3365473 -0.1750057 0.4652886 -0.0860308 0.5519818 0.0744104 -0.3425646 0.3967196 0.5439321 -0.7085440 -0.1772061 -0.1041148 -0.3770498 0.1650019 -0.4316300 0.6066554 -0.1155967 0.7235195 -0.1727530 0.1978031 0.5109029 -0.1472442 0.2949107 0.6367092 0.0433923 -0.0192168 0.0671519 0.0604860 0.3153902 0.0922709 -0.1900813 0.2076405 0.1145080 0.0932882 -0.3217921 -0.2018534 -0.1610388 0.1961321 0.0347729 -0.1769665 -0.0750046 -0.0338059 0.0211315 0.1394516 -0.0727595 -0.0652660 -0.1039909 0.1676309 -0.1822988 -0.0919006 -0.1655417 -0.3902231 -0.0268353 -0.3531375 0.1433715 -0.0590505 -0.2482459 -0.3758575 -0.2150170 -0.2680283 -0.3133026 -0.2718998 -0.2564031 -0.0226295 -0.2633304 -0.3763255 -0.0384849 -0.2029787 -0.0530630 0.1620232 -0.2071269 -0.0764329 0.1121382 0.0137439 -0.0383027 0.0639207 0.1560315 0.4151467 -0.2042457 -0.0239485 0.1944816 0.0837852 -0.0121633 0.5432971 -0.0695937 0.0970524 0.2206303 0.4150218 0.1324777 0.2184053 -0.0772824 0.0115026 0.1786088 0.1397948 0.3433817 0.3847502 -0.0638589 0.1168342 -0.0877811 0.4096951 0.5241000 0.0737587 0.4294411 0.5208339 -0.2113322 0.4031210 0.4374860 0.5850207 -0.1674880 0.3286369 0.3617014 0.3597830 0.4462761 0.3847735 0.0799344 0.2023971 0.6020799 0.4902862 0.4838919 0.6015857 0.7235821 0.7229601 0.7485251 0.7892771 0.5852329 0.6702110 0.6639622 0.6214450 0.5759834 0.5282758 0.4343322 0.4947064 0.4662859 0.5616303 0.5901195 0.5976614 0.5682952 0.4358290 0.6657473 0.6533762 0.5565013 0.4114549 0.3889967 0.3126479 0.0864859 0.0382014 0.3988115 0.4332252 -0.3047726 -0.2845562 0.3353131 0.1286419 -0.0052683 0.2358455 0.2113919 0.6244406 -0.0326458 0.6386272 0.5213322 0.2233202 0.2015182 0.2463280
0.5793279 0.3123339 0.6225458 0.0297982 0.0000000 0.0035537 0.3812698 0.2103976 -0.1507956 0.1316269 0.3064447 0.0610640 0.1137239 0.1926032 -0.2987228 0.3234491 0.1761183 -0.0914903 0.3639326 0.0687052 -0.0762332 -0.1613828 0.0791093 -0.1730371 0.2602267 0.2383407 -0.0041112 -0.1007762 -0.2407119 -0.0328588 0.0504506 0.1374629 -0.3684422 -0.3891141 0.4116835 -0.0714032 0.1803691 -0.0362988 -0.0350885 -0.3095042 0.2096989 -0.1313619 0.3630378 -0.2056142 -0.2173946 -0.2057477 0.2600649 0.1704061 -0.4246191 0.0773627 0.4207499 0.1928675 -0.4687081 0.1509774 -0.0161290 -0.2313565 0.0643387 -0.1971029 -0.1838367 0.3358523 -0.3234419 0.1485600 -0.1725471 -0.3103459 -0.5111374 0.0160967 0.3347849 -0.1145396 -0.2388663 0.1061196 0.1588514 -0.0973547 0.3216874 -0.0659661 -0.2365848 0.1831136 0.0373266 0.3033499 0.0207376 0.1083535 0.2123576 -0.1545743 -0.1378497 -0.1359558 -0.1731161 0.2328211 0.2787539 -0.2734188 0.0895645 0.0879453 0.1733942 0.3636606 0.2909615 -0.2140634 0.1241348 0.0201181 0.4691797 0.3298941 0.0612013 -0.2728673 -0.1692385 0.2814632 0.3653602 -0.2016288 0.4824451 -0.1483776 0.2511337 0.2212651 0.5981063 -0.0809504 0.3420947 0.0696623 0.0195534 0.0583300 -0.2004767 -0.0067786 -0.0956367 -0.2148927 -0.2429654 0.0668309 0.1406751 0.0653475 0.5551253 -0.2302508 0.3889535 0.2000883 0.0204822 0.3881550 0.4175602 -0.0515921 0.3178734 0.1680977 0.1782042 -0.6262757 0.5535753 0.3964893 0.0737774 0.4860327 0.5395813 -0.0510649 0.2038510 0.3321207 0.5880839 -0.3501377 0.1243601 0.4763236 0.5918094 0.5409152 0.2146847 0.2632762 -0.0106757 -0.1460113 0.4526202 0.3239523 0.3242762 -0.0922071 0.2979040 0.5356269 0.5480451 -0.1749201 0.5826370 0.2878656 0.1437162 0.0181426 0.6105700 0.1567965 0.3314129 0.3132095 0.3262708 0.2345772 0.5504603 0.3308544 -0.0802907 0.2343202 0.4086796 0.4204146 0.3225917 0.2781637 0.0668665 0.2390437 0.4490830 0.0844289 0.0937002 -0.0489388 -0.0544369 -0.2416581 0.2611705 0.4111793 0.2983805 -0.2207565 0.0203086 0.0283974 -0.0757382 0.6471672 0.1190424 0.1503427 -0.2130212 -0.0175392 -0.1621306 0.0280017 0.1175314 -0.1800045 0.0097065 0.1723504 -0.1118775 0.0082000 -0.0139668 -0.1238427 0.1100862 -0.1550066 0.0895146 0.1200835 -0.1399498 -0.1654760 -0.1607630 0.2180088 -0.1534136 0.0179372
0.3383738 0.7117353 0.2203667 0.7789184 0.0035537 0.0000000 0.5429435 0.3930922 0.5855951 0.6586399 0.4872314 0.5732729 -0.0735184 0.2988333 0.0437233 0.1141540 0.2235492 0.3999981 0.0799059 -0.1102824 0.6455716 -0.1018001 -0.0459388 0.3170049 0.1922249 0.0582878 -0.0238712 -0.2592207 0.3670034 -0.2724285 -0.2777031 -0.0734862 -0.0178878 0.0703616 -0.0003623 0.4993816 -0.2138561 -0.0021990 -0.0897119 -0.1387259 -0.2218180 0.4083096 -0.1153786 -0.1068886 0.3976788 -0.0120369 -0.3631610 -0.2938887 -0.1326697 -0.0959057 -0.2281625 -0.0934456 0.0697125 -0.1173084 -0.2124116 -0.1723294 -0.3856392 -0.1149545 0.4020707 -0.2247753 0.3643639 0.1331098 -0.1866635 0.3429184 0.3737545 -0.5999960 -0.2015470 -0.0186837 -0.2287340 0.2947254 -0.2625494 0.4818044 -0.0015580 0.4685946 0.1580183 0.3177136 0.4662474 0.0521494 0.3517409 0.5001638 0.0413532 0.2585873 0.2449746 0.2944214 0.3886712 0.1654111 -0.0683080 0.3532701 0.1769694 0.0697644 -0.2439280 -0.3016740 -0.1434901 0.4809177 0.0909209 0.0331203 -0.0226967 -0.0331283 -0.0731468 0.4377755 -0.1291459 -0.0340285 -0.0220836 0.3938680 -0.0962530 0.0895527 -0.0578389 -0.2817994 -0.0482682 -0.2424592 0.0675252 -0.1005890 -0.3210861 -0.3969158 -0.2421923 -0.2925961 -0.2985852 -0.2175365 -0.2310221 0.0411183 -0.1482378 -0.2731086 0.0284161 -0.1591038 0.0587427 0.1992624 -0.3256790 0.0235142 0.1922999 -0.0416211 0.0018774 0.0439373 -0.0461085 0.3437157 -0.3104608 0.0157694 0.1519325 0.1813196 -0.0091172 0.4727503 0.0371404 0.2117671 0.1950355 0.3251177 0.1191517 0.2234192 0.0157154 0.0249727 0.2023489 0.2848953 0.3608920 0.4060576 0.1048805 0.1418527 0.1701307 0.5038737 0.4946944 0.1073900 0.3421511 0.3606412 0.0093320 0.4045157 0.4526013 0.4612994 0.0404397 0.4190713 0.3656252 0.2938845 0.3537076 0.3456939 0.2023052 0.3408053 0.4811891 0.5474201 0.6268152 0.6016845 0.6096862 0.5769451 0.6369848 0.5750659 0.3608567 0.4334685 0.5096844 0.5237115 0.5022140 0.3802201 0.1991156 0.2468109 0.3747723 0.4299787 0.3243037 0.4301805 0.3880552 0.0590832 0.4943649 0.4393319 0.5508986 0.3002573 0.3576467 0.3424022 -0.1766935 -0.0118853 0.0849450 0.1137635 -0.2330671 -0.0981679 0.3430330 0.0370926 -0.2119767 0.0287571 0.0239011 0.3280415 -0.2059971 0.3136521 0.1493184 -0.0740890 0.2575057 0.2985569
0.4430139 0.5183127 0.4298851 0.3843908 0.3812698 0.5429435 0.0000000 0.6214858 0.4784583 0.4477668 0.5475235 0.7191718 0.2483246 0.2224607 0.0287778 0.2885485 0.3466570 0.3200823 0.3146813 -0.0237370 0.3906967 -0.3010073 -0.0453343 0.2328396 0.0295782 0.0082625 0.2189132 -0.1106933 0.1535588 0.0710081 -0.4240210 -0.3599419 -0.0539974 -0.0585001 0.2845114 0.2628334 -0.2403717 -0.2597435 0.0759799 -0.0720881 -0.2663681 0.2512375 0.1295396 -0.0579471 0.2386364 -0.3519030 -0.0677286 -0.1500155 -0.0975489 -0.3780633 0.0709946 0.2334007 -0.0651440 0.1808376 -0.3325552 -0.4996536 -0.3673462 0.0852128 0.5252181 -0.1217038 0.3301717 0.1953961 -0.2252707 0.2707360 0.1986188 -0.3805520 0.0337915 -0.0160269 -0.3696982 0.3312528 -0.1102222 0.5222362 0.4375553 0.5313950 -0.1011611 0.4266600 0.5741393 0.4577665 0.4532385 0.5869450 0.2875446 0.0648329 0.0813487 0.1714164 0.2875334 0.1860661 -0.1798691 -0.0173750 0.0699344 0.1727157 -0.2379842 -0.0171098 0.0628950 0.4284315 -0.1016399 -0.1126915 0.1466445 0.0644657 0.2765368 0.2581333 0.0870172 0.1889754 0.1540584 0.4331058 0.1952992 -0.2257957 0.1435939 -0.0156296 0.4440864 -0.1717985 0.3594778 0.1433578 -0.2008681 -0.2228165 -0.1841427 -0.1610283 -0.2687880 -0.2465973 -0.2327399 0.3039145 0.0773553 -0.2965329 0.0354263 -0.1123373 0.5751559 0.6092250 -0.2955647 0.2474667 0.6688661 0.1081135 0.4749936 0.1819018 0.1885468 0.0937903 0.1408197 0.1889604 0.4252993 0.6079810 0.5651807 0.4393154 0.0925004 0.6180249 0.4103469 -0.0470084 0.4252594 0.1819024 0.5008603 0.5346676 0.3368178 0.5624146 0.3502099 0.1679161 0.5263229 0.1883469 0.4330487 0.1475206 0.3209822 0.4746297 0.3881335 0.1928290 0.3230591 0.5597274 0.2141748 0.2253655 0.4161294 0.2097948 0.2808800 0.4305046 0.3869937 0.4929419 0.5431434 0.6402843 0.4117776 0.5374732 0.7888958 0.7299834 0.6594459 0.4275953 0.4520943 0.4861535 0.3179562 0.2506509 0.5122219 0.3335831 0.5203512 0.5380357 0.5313223 0.5477978 0.5985694 0.2580600 0.2732401 0.3786542 0.2604580 0.2111668 0.4849752 0.3623095 0.3265588 0.1552809 0.5244619 0.5761499 -0.1420515 -0.1383640 0.1397919 0.2376429 -0.5820369 -0.4177871 0.5635434 -0.0219011 -0.1235802 -0.2244906 0.1138964 0.2392091 -0.5422211 0.0715379 0.1280625 0.1391499 0.2819165 0.2853024
0.3734279 0.3306846 0.0520156 0.5805769 0.2103976 0.3930922 0.6214858 0.0000000 0.3097477 0.5671470 0.4196428 0.6802442 0.6039510 0.3405262 0.3287659 0.3673334 0.1100172 -0.0632886 0.6886018 0.2276858 0.4698267 0.2257479 -0.2878459 0.2095314 0.3746592 0.3689499 0.2924899 0.0724618 0.4298819 0.3530263 -0.0997129 -0.2739741 -0.0150663 0.1623885 0.0632376 0.5774387 -0.0483507 -0.2210681 -0.0366072 0.0114155 -0.4514988 0.6604904 -0.2508472 -0.1692781 0.6431205 -0.2998560 -0.1901256 -0.1879310 -0.1409714 -0.5754566 -0.0797415 -0.1576881 0.1225547 -0.1212031 -0.2293546 -0.3116700 -0.2738638 -0.1491214 0.7767160 -0.0057792 0.6549642 0.0198907 0.0496293 0.3799959 0.5191107 -0.3259971 0.1897150 -0.3304344 -0.0797849 0.2414479 -0.0102344 0.8047682 0.2874088 0.8487205 0.0256040 0.4259121 0.7184337 0.3999659 0.5960688 0.7251504 0.3969957 -0.1024438 0.0822935 0.0703780 0.2716473 0.0608532 -0.2701173 0.1329634 0.0421909 0.1746367 -0.3532288 -0.1434468 -0.0766534 0.4251384 -0.0921884 -0.3171626 -0.0982218 0.0009566 0.4272367 0.3045552 0.1388895 0.0340291 -0.1067971 0.4522792 -0.0930871 -0.2865742 -0.0500913 -0.2282724 0.1282475 -0.1764248 0.2024532 0.0639597 -0.1839383 -0.1751252 0.0149225 -0.1033796 -0.1231881 -0.0766391 -0.0397591 0.2828787 -0.0056052 -0.3695373 -0.1917620 -0.0118173 0.3811470 0.2742664 0.0724655 -0.0491905 0.4265939 0.3736267 0.4066489 0.1715058 0.5757554 0.3596897 0.2248606 0.0454498 0.4280425 0.3926897 0.3702704 0.2945151 0.1081727 0.2632746 0.4238237 0.1063048 0.3514129 0.0493930 0.1998441 0.2684437 0.4533972 0.1659485 0.1487506 0.1529538 0.2269083 0.1778416 0.0150352 0.0134174 0.2497187 0.2605902 0.4216286 0.4072375 -0.0830515 0.4791867 0.1869603 0.4629822 -0.0302006 0.0386306 0.2582295 0.3994088 0.4836117 0.6241803 0.3201046 0.5382843 0.4035194 0.1827129 0.3457502 0.4341032 0.5699057 0.3756078 0.3926409 0.5461065 0.4019231 0.3662823 0.6973430 0.4923538 0.8196458 0.7984758 0.8758265 0.7499944 0.7784403 0.5726385 0.4921849 0.5862337 0.4485330 0.4901654 0.5763696 0.4112825 0.1952495 0.0404201 0.6803001 0.3343624 0.0633580 -0.0016407 0.2947676 0.4332645 -0.5874232 -0.4151948 0.3203287 0.0622676 -0.0094465 0.0048728 0.1446018 0.3266477 -0.2427648 0.2966853 0.4212467 0.5728365 0.2837288 -0.0001673
0.2379336 0.3465939 0.2478012 0.4005343 -0.1507956 0.5855951 0.4784583 0.3097477 0.0000000 0.4993615 0.1707593 0.6504465 0.2270878 0.5187058 0.5648130 -0.1687769 0.2307780 0.2784583 -0.0178645 0.3923937 0.5054898 0.1538231 -0.2445723 0.7595551 -0.0512544 -0.1209740 0.3055027 0.3765040 0.6402369 0.2488534 0.1098151 -0.1999294 0.5758122 0.5617095 -0.1678060 0.4628549 -0.2147073 -0.1489013 0.3662736 0.3829715 -0.0533140 0.4779455 -0.0785407 0.3863768 0.4107631 -0.0409546 -0.2338555 -0.1177976 0.4424507 -0.3702368 -0.2236419 0.2047873 0.5316414 0.3688178 -0.1873038 -0.0956297 -0.2596307 0.3996802 0.4170528 -0.2721273 0.5426800 0.2683137 -0.0445913 0.5918602 0.5363590 -0.3793896 -0.1928209 0.2521520 -0.2629423 0.2677312 -0.2710866 0.6129296 0.0657110 0.3328835 0.0261729 0.2233661 0.5123604 0.1406525 0.4490906 0.5805532 0.1700347 0.3837670 0.3450791 0.2703522 0.3947844 0.0265251 -0.3541272 0.1870862 0.0386392 -0.0193013 -0.3116414 -0.2374084 -0.1368703 0.2377556 -0.2422009 0.0161808 -0.0719912 -0.1764197 -0.1342804 0.1232204 0.0434330 -0.1317859 -0.0741870 0.1184532 -0.1788808 0.0802266 -0.0032768 -0.0582491 -0.2152373 0.0618011 -0.1743046 0.0793630 -0.0654366 -0.2104960 0.0062944 -0.0654806 -0.1088464 0.0025617 0.0362789 0.1585751 0.0068793 -0.0762045 -0.0928639 0.0934069 0.0903005 0.2746629 0.1491826 0.0228720 0.2726286 0.3726235 0.1530095 0.0935969 0.2478240 0.4795518 -0.2931998 0.0735541 0.3081309 0.1635508 0.0875208 0.4385143 0.2845833 0.2870153 0.1618192 0.1849304 0.2402738 0.0518683 0.0210311 0.0037669 0.4563772 0.4710911 0.3232455 0.2183111 0.1868309 0.2754259 0.2336058 0.1159260 0.1561660 0.0474164 0.2474307 0.1890971 -0.0209186 0.5596364 0.0657301 0.2022963 0.1953204 0.2140393 0.3638134 0.4789262 0.4468873 0.4641267 0.3511480 0.5400395 0.4642567 0.4690169 0.4506203 0.5477347 0.5029033 0.4321227 0.3343558 0.2903436 -0.0771111 0.1116083 0.3824189 0.2071840 0.3431583 0.2321852 0.0882273 -0.0401918 0.3316521 0.4562365 0.0753228 0.5054272 0.5292540 -0.2162734 0.3605509 0.3826328 0.5176668 0.5182354 0.6075307 0.3957628 0.0656352 0.0267410 -0.0067465 -0.0638643 -0.0064341 0.0471381 0.4144000 0.3148517 -0.0534602 0.0581366 -0.1378963 0.4169702 0.0906013 0.4240651 0.2706355 0.0091689 0.1872373 -0.0195193
0.4289955 0.3645011 -0.0314166 0.5762349 0.1316269 0.6586399 0.4477668 0.5671470 0.4993615 0.0000000 0.4344827 0.5249081 0.2515107 0.6691249 0.2491612 0.0972579 0.2466108 0.1796920 0.3951617 0.3376826 0.3559499 0.2514301 -0.3214758 0.6622920 0.3462048 0.1389189 0.2279470 0.1229677 0.4970125 0.1601360 0.0183045 -0.1928540 0.2295109 0.2996896 -0.2722269 0.4131499 -0.3176439 -0.0057443 0.2673329 0.1203911 -0.1316556 0.5659636 -0.3919330 0.1740829 0.6377549 -0.2262254 -0.3185166 -0.0771572 0.0367270 -0.4086347 -0.3030061 -0.3210403 0.1756679 -0.1449013 -0.2424541 -0.2981377 -0.4632447 -0.0350850 0.4166846 -0.3797851 0.4231344 -0.1788224 -0.1687274 0.3833926 0.3562683 -0.4947328 -0.2219221 -0.2564605 -0.2906743 0.1200203 -0.3511277 0.6249531 -0.0168146 0.4145985 -0.0082318 0.1067731 0.3274662 0.0365692 0.2048585 0.4011611 -0.0014082 0.3741859 0.6138981 0.5923975 0.7309669 0.4434075 0.0908728 0.5838109 0.5217119 0.5142462 0.0284027 0.0077057 0.1963761 0.5564991 0.2569786 0.2470329 0.1891992 0.2744735 0.2076244 0.4214023 0.2499740 0.2822558 0.2288070 0.5480762 0.0971769 0.3347174 0.3021004 0.0914431 0.2124461 0.2141176 0.2752716 0.2588626 0.0392030 0.0588971 0.2574302 0.1589440 0.1970078 0.2754318 0.2423877 0.5211644 0.3250132 0.0974606 0.1030159 0.2693928 0.4318359 0.3774195 0.1749696 0.1108843 0.5548351 0.4702611 0.5105265 0.1457644 0.5469267 0.2889438 -0.1503029 0.1980100 0.5713552 0.5178008 0.3872123 0.3569441 0.1688631 0.3657455 0.3351790 0.1622840 0.4618735 0.2997068 0.2624261 0.1729626 0.3630566 0.3823637 0.2967775 0.3100563 0.3907421 0.2270094 0.2528510 0.3077953 0.4670247 0.2781255 0.3667843 0.2852056 0.0703288 0.6452600 0.4690039 0.4790160 0.2421500 0.4168808 0.4729961 0.2364361 0.4172703 0.6046215 0.3877922 0.5041495 0.4798445 0.4259767 0.4172637 0.4883194 0.4069613 0.2081645 0.3134407 0.3754327 0.2482665 0.2879584 0.5658044 0.4658790 0.4094980 0.3233865 0.2052367 0.2005285 0.3431428 0.2497795 0.4834622 0.2030918 0.1355826 0.1730897 0.4780220 0.3617265 0.3910042 0.3361796 0.5443531 0.4975979 0.0175458 0.0801462 0.1843187 0.2653488 -0.0707964 -0.1988339 0.5213555 0.4285163 -0.0902864 -0.0668458 0.0830527 0.1711843 -0.1539458 0.2128539 -0.0062540 0.4294288 0.0555719 -0.0578015
0.2015414 0.4703573 0.2920075 0.2647334 0.3064447 0.4872314 0.5475235 0.4196428 0.1707593 0.4344827 0.0000000 0.1960261 0.3653583 0.0209151 -0.3468676 0.6617843 0.2052851 0.6728741 0.3606479 -0.3374266 0.1334679 -0.4881252 0.4422015 0.0705277 0.4020097 0.4271791 -0.4396812 -0.4975994 -0.2855277 -0.4701556 -0.2064520 0.1777041 -0.4169739 -0.4851837 0.2649596 -0.0919436 -0.1144758 0.2796271 -0.4420867 -0.4163858 0.0929388 -0.1844092 -0.0355595 -0.4927174 -0.1673590 -0.1943807 -0.2537898 0.1804946 -0.5272240 -0.1764689 -0.0166912 -0.2282926 -0.4347544 -0.2915419 0.1524363 -0.2566694 -0.3293326 -0.2731626 0.0738732 0.1081683 -0.1175629 0.1813163 0.3313310 0.0984369 -0.0636602 -0.2354005 0.2287897 0.0540799 -0.0531911 0.6421207 0.2597440 0.1674072 0.6063045 0.2360461 0.4006512 0.6999765 0.3251678 0.5263952 0.4185755 0.2262593 0.1769858 0.4606542 0.4501159 0.5742316 0.3901299 0.4896247 0.1779079 0.2748264 0.2803336 0.2048862 0.0213360 -0.0512259 0.3669722 0.5022746 0.1685976 0.3084245 0.4012665 0.4017885 -0.0399937 0.5617434 -0.2093289 0.4230489 0.3369875 0.5900534 0.4545009 0.1166242 0.4169793 0.1097257 0.3839324 0.1812040 0.1518072 0.3116406 -0.0317558 0.0224980 0.0788652 0.0316376 0.0353048 0.0764362 0.0580908 0.4151561 0.3445459 0.0602301 0.4923321 0.1466805 0.6768421 0.4559352 -0.1843331 0.5603110 0.6266143 0.0816493 0.5445927 0.5190538 0.2259000 -0.0865830 0.3034939 0.4622279 0.3660253 0.5685226 0.5131099 0.1654313 0.3049219 0.4849537 0.3464850 0.1526794 0.4517754 0.4153128 0.5390821 0.5442323 0.3469949 0.2806800 -0.0043624 0.3893336 0.4409979 0.3519297 0.5823110 0.2674605 0.1268304 0.5339103 0.2164173 -0.0456970 0.5501175 0.0866811 0.2275731 0.0694548 0.4594636 0.4204757 0.3309700 0.1907675 0.0672425 0.1114483 0.5617327 0.4152691 -0.1618094 0.0555031 0.4408481 0.1913534 0.1582560 0.1725299 0.3460092 0.3082085 0.3648636 0.2689834 0.1828697 0.2581558 0.2571210 0.2369485 0.3484798 0.3797759 0.3555190 -0.0395979 0.1961067 0.0126722 -0.1339942 0.1216715 0.4302615 0.3450146 0.3089137 -0.2819592 0.1111112 0.4631178 -0.5906210 -0.1648363 -0.0985220 0.2041029 -0.3692444 -0.1571709 0.3876232 -0.4178169 -0.6233739 -0.4773347 0.2629901 -0.1520311 -0.5518415 -0.3406109 -0.2895803 -0.2267007 0.0048283 -0.0324336
0.5194244 0.5280706 0.3196770 0.6033362 0.0610640 0.5732729 0.7191718 0.6802442 0.6504465 0.5249081 0.1960261 0.0000000 0.2570283 0.4016913 0.5750166 -0.0465035 0.2502652 -0.0738939 0.1401649 0.2296403 0.7614342 0.0232510 -0.4488073 0.4548573 -0.2213457 -0.1221162 0.4527001 0.2570131 0.6843475 0.4002700 -0.3029813 -0.5815036 0.3629212 0.4288979 -0.0651169 0.6581273 -0.3153227 -0.6137131 0.3204533 0.3168910 -0.5890502 0.6564611 -0.0740636 0.2417603 0.6226556 -0.3236925 -0.2374337 -0.5703969 0.2834901 -0.6597714 -0.1351175 0.1571974 0.4317174 0.2197486 -0.5960929 -0.5143101 -0.3909896 0.3204552 0.7984306 -0.2785070 0.7965096 0.1124878 -0.4133512 0.5999844 0.6728232 -0.6121834 -0.1174006 0.0861951 -0.5502303 0.2955144 -0.4011829 0.7908816 0.0460549 0.7625162 -0.2915851 0.3729235 0.8048083 0.1673657 0.6165050 0.8817329 0.2235631 -0.0479934 -0.1191840 -0.0450365 0.2344139 -0.2702976 -0.5964276 -0.0318509 -0.1595599 -0.0250686 -0.5581129 -0.3512792 -0.4276734 0.2783636 -0.3896749 -0.4711083 -0.3327034 -0.4202039 0.0749646 0.1205716 -0.0243809 -0.3519839 -0.3790960 0.2282092 -0.3287209 -0.4442660 -0.3511162 -0.4628875 -0.0610461 -0.4470965 0.0309956 -0.2308134 -0.4642843 -0.5407231 -0.3522790 -0.4139443 -0.4948364 -0.4254227 -0.4169924 0.0086146 -0.3123965 -0.5990650 -0.3453836 -0.3345290 0.1372220 0.4363255 -0.1883499 -0.1007271 0.3646011 0.1957418 0.2512266 0.0051871 0.3226170 0.5273532 -0.2054588 -0.1030532 0.4581045 0.3669778 0.3771829 0.5661324 -0.0802589 0.4119142 0.2667397 0.2222245 0.4142683 -0.0978699 0.2234359 0.3000491 0.2907889 0.4826260 0.5336834 0.3332062 0.3355708 0.0572160 0.1470948 0.2169562 0.4311989 0.2999691 0.4112870 0.5346192 -0.1796158 0.7091015 0.2629210 0.5842913 0.0218424 0.2350016 0.3032787 0.3463758 0.4714912 0.6639510 0.2898145 0.4857425 0.6943304 0.5017339 0.6256733 0.7208434 0.8287164 0.5974223 0.6111228 0.6154143 0.2641453 0.3876316 0.6066362 0.4050361 0.7223579 0.6655735 0.6198698 0.5203055 0.7266274 0.6416238 0.3253337 0.7133720 0.6407196 0.1211527 0.5199147 0.4902565 0.4704258 0.3407893 0.6794616 0.5162211 0.0108939 -0.1457628 0.2074025 0.1372537 -0.5397794 -0.3512118 0.5014454 0.1540567 0.0393309 0.0019814 -0.0127343 0.4280620 -0.3306588 0.5525430 0.5747441 0.2509988 0.2329663 0.0842820
-0.0342509 -0.0321990 0.0118645 -0.0791946 0.1137239 -0.0735184 0.2483246 0.6039510 0.2270878 0.2515107 0.3653583 0.2570283 0.0000000 0.2571514 0.2745345 0.1851613 0.0796866 0.1007928 0.5131179 0.3530895 -0.0382110 0.2738616 0.0507372 0.2289071 0.3819607 0.4244220 0.1481243 0.3276271 0.0840801 0.3361403 0.3867277 0.2169863 0.1090007 0.0637153 0.0549436 0.0682028 0.2720298 0.2539270 0.0792020 0.2464181 0.1516887 0.1700132 -0.1482067 -0.0080608 0.1244418 -0.0683492 0.1393505 0.3680303 0.0463054 -0.3910810 0.1097672 -0.1262814 0.1101789 -0.0321542 0.3653229 0.1990448 0.2094700 0.0374427 0.3771801 0.2618945 0.3273556 -0.0231794 0.5777334 0.2542791 0.2284270 0.2619780 0.4678209 -0.2712351 0.3298611 0.1583793 0.5042836 0.5125494 0.3880002 0.2825183 0.3853531 0.3846615 0.4972345 0.7210537 0.6038507 0.3454832 0.6662861 0.1117996 0.2005417 0.1713618 0.0765382 0.0823433 -0.0345290 -0.0890435 0.0337663 -0.0807616 -0.0306661 -0.0984606 0.1148506 0.1729691 -0.1165133 -0.0248583 -0.0216538 0.0839171 0.1294055 0.1446786 -0.1494077 0.0558451 -0.1591243 0.2658600 0.0169779 -0.1041307 0.1120464 0.0168571 -0.0037813 0.1397090 -0.2560332 0.0683446 -0.0701062 0.0401242 0.1553592 0.0207919 0.1239989 0.1756918 0.2189895 0.2404217 0.1872606 -0.0562647 -0.0423298 0.1763169 0.3674817 0.1273236 0.4695318 -0.0840052 0.3044317 0.5562458 0.4244161 0.2250116 0.6141187 0.1349701 0.3445774 -0.0091989 0.2906076 0.2321118 0.3121774 -0.2112400 0.1520479 0.0981881 0.1173167 -0.0757830 0.2750693 -0.2462988 0.1633487 0.1230847 0.3523813 -0.0322157 -0.2428177 -0.0422509 0.2542526 0.0269414 0.0403242 -0.3915349 -0.3558449 0.1347720 -0.0175595 -0.0364103 0.0605178 0.1055620 -0.3132018 -0.0191923 0.1363057 -0.2415411 -0.0985912 0.0990801 0.1380134 0.2590980 0.3056381 0.4716685 -0.1487189 -0.3020814 -0.1354946 -0.0075041 0.0672693 -0.0860783 -0.1670850 -0.1156932 -0.1754948 -0.2146195 0.0690210 -0.0350137 0.4669281 0.3475900 0.5589515 0.2074205 0.5460525 0.2519095 -0.1735305 0.2633231 0.0109997 0.0680401 0.0666990 0.0340824 -0.0923545 -0.2142519 0.5126983 0.1276713 0.0381223 0.1824431 0.0057452 0.2113511 -0.1596894 0.2281071 0.0831743 0.0461135 -0.0018308 -0.0286377 0.0973028 0.0502171 -0.0867798 -0.0468072 0.1660617 0.2968255 0.1429908 -0.2918914
0.1915871 0.0658638 0.1429992 0.1985007 0.1926032 0.2988333 0.2224607 0.3405262 0.5187058 0.6691249 0.0209151 0.4016913 0.2571514 0.0000000 0.5977502 -0.1693403 0.4356964 -0.2452968 0.2667859 0.7973094 0.1018870 0.6102300 -0.5111269 0.7635388 0.2415237 -0.0209230 0.6096601 0.6780695 0.6350852 0.6018064 0.3952944 -0.1636123 0.6453127 0.5585842 -0.3284524 0.3312355 -0.1687715 -0.1148275 0.6288175 0.5321115 0.0665702 0.5657913 -0.2177142 0.6057365 0.4474656 -0.2535120 -0.0803988 0.0609601 0.4146506 -0.2239836 -0.1412749 -0.0258988 0.3924057 0.2625022 -0.2227982 -0.1499005 -0.2100115 0.2746174 0.3533496 -0.2069329 0.3717305 0.0066413 -0.1967125 0.3358133 0.2412846 -0.1955860 0.0071496 -0.0343669 -0.1584973 -0.0005898 -0.2066044 0.4896923 -0.0293413 0.1098301 -0.1143930 0.0283170 0.1482114 0.0788767 0.2405178 0.2408157 0.1031436 0.0595331 0.2974331 0.2608256 0.3699926 0.1449423 -0.0571768 0.2861770 0.2238919 0.2995097 -0.0715528 0.0037636 -0.0666248 0.2018550 0.0293009 0.0874125 0.0842144 -0.0262346 0.1307690 0.0250012 0.2877945 -0.0080751 0.1880399 0.0736298 -0.0621439 0.2266582 0.1484897 0.2725232 -0.0155012 0.2207411 0.0811648 0.1640108 0.2123266 0.1438129 0.2034521 0.2720827 0.1941686 0.2309470 0.1990038 0.3443397 0.2799856 0.2366809 -0.0081095 0.2137911 0.2385897 -0.0605294 0.5142550 0.0104254 0.2385188 0.6285682 0.3726604 -0.0057523 0.6241724 0.0860044 -0.0199939 0.1193580 0.4321665 0.3344072 0.3074856 0.0235866 0.2917744 0.1203332 0.3973772 -0.2659335 0.2464826 0.2091283 0.2458619 0.0770236 0.4445523 0.2485877 0.0697698 -0.1606234 0.3615950 0.3069716 0.2383267 -0.1649917 0.3136156 0.1837761 0.4930237 -0.0483458 0.1496136 0.6274447 0.1147556 0.2552271 0.3376490 0.1024932 0.4549181 0.4320413 0.6936711 0.6610710 0.3747682 0.5909182 0.2652280 0.4914772 0.0821687 0.2131017 0.1851525 -0.0352567 -0.1425823 0.0286753 -0.1231707 -0.1519767 0.3393312 -0.0283154 0.1369660 0.0378439 0.0631084 -0.0569627 0.1187080 0.1393514 0.1457898 0.1813791 0.1270930 0.0383403 0.1107577 -0.0349902 -0.1436274 0.1277624 0.3461421 -0.0030127 0.1986184 -0.0133857 -0.1204668 -0.1533229 0.2312215 0.0520528 0.0167368 0.3567275 0.0920602 -0.1117162 -0.3633569 0.0401909 0.2466808 0.0481495 -0.0960416 0.4176453 -0.1550129 -0.3208236
0.0929537 -0.0366456 -0.0744551 0.1688626 -0.2987228 0.0437233 0.0287778 0.3287659 0.5648130 0.2491612 -0.3468676 0.5750166 0.2745345 0.5977502 0.0000000 -0.3670153 0.1779665 -0.4444399 -0.0376702 0.6201170 0.4026163 0.5164957 -0.6401787 0.6493558 -0.2802524 -0.2309700 0.6647622 0.8053729 0.8507230 0.8001143 0.2164420 -0.4693951 0.7990283 0.7945487 -0.4003405 0.5637814 -0.1989637 -0.5190418 0.5790838 0.7451896 -0.3548937 0.7028693 -0.2209808 0.6350193 0.6052862 -0.2559792 -0.1598580 -0.3271546 0.6689159 -0.5283582 -0.2277773 0.0915400 0.7155626 0.3876386 -0.3579913 -0.1645264 -0.1215235 0.5073074 0.5720812 -0.2559526 0.7258816 0.0822114 -0.1702093 0.5003108 0.6338085 -0.1901478 -0.0790317 0.1779071 -0.2138177 0.0756448 -0.2953812 0.5836354 -0.2059307 0.3845708 -0.2119290 0.0454507 0.4250604 -0.0670858 0.4039264 0.5091898 0.1285567 -0.1353892 -0.0755786 -0.1568002 0.0811546 -0.4495679 -0.6526370 0.0035326 -0.2762824 -0.1061196 -0.5171166 -0.3856547 -0.5750500 -0.0311092 -0.4523553 -0.4509903 -0.5120828 -0.5978934 0.0230354 -0.1267255 0.1706231 -0.5105065 -0.4247395 -0.1295757 -0.5724114 -0.2445210 -0.3893996 -0.2798462 -0.5320632 -0.1374482 -0.2820341 -0.1749252 -0.0690159 -0.2013958 0.0021945 -0.0635661 -0.1259605 -0.0621739 -0.0368958 -0.0483776 -0.2190480 -0.2256109 -0.5071155 -0.0459464 -0.2039143 -0.0269179 0.4169889 -0.2943415 -0.0452240 0.5150816 0.0340088 -0.1203140 0.4618426 0.5991631 -0.2041751 -0.1603578 0.3005943 -0.0367685 0.0123699 0.2015855 0.1366003 -0.0341387 0.0975158 0.0838889 0.1897574 -0.2417172 -0.1320447 -0.1213556 0.3463473 0.1681994 0.2218636 0.0392427 0.0154850 0.1321697 -0.1216434 -0.1439626 0.0863621 -0.0619017 0.2180671 0.2859257 -0.4277420 0.5042803 -0.0226857 0.3500472 -0.2099368 -0.0127994 0.2407429 0.2808329 0.4362349 0.5406791 0.0382589 0.2898964 0.3604087 0.1007865 -0.1192971 0.1011556 0.2611805 0.1519033 0.0628477 0.1289745 -0.1936007 0.0151354 0.3400544 0.0486857 0.3329039 0.3060587 0.2415255 0.0249096 0.2565264 0.5164049 0.0820595 0.5261385 0.5637332 -0.1085004 0.1834331 0.1515681 0.0766586 0.2048752 0.4657376 0.0589710 0.2618932 -0.0917705 0.0049335 -0.2090600 -0.0479845 -0.0657145 0.0311865 0.2606612 0.2335353 0.0814903 -0.3425484 0.1845102 0.2456076 0.4327599 0.4283727 0.3170209 -0.0657491 -0.3640683
0.1070617 0.4387965 0.0305557 0.1442665 0.3234491 0.1141540 0.2885485 0.3673334 -0.1687769 0.0972579 0.6617843 -0.0465035 0.1851613 -0.1693403 -0.3670153 0.0000000 0.0331423 0.3459173 0.6743642 -0.4146886 0.1258980 -0.3919282 0.4933023 -0.2384756 0.5330040 0.7194103 -0.3398648 -0.4775493 -0.2883496 -0.3308992 -0.3763177 0.0710955 -0.5975305 -0.5537163 0.3972458 0.0746414 0.0631316 0.0920838 -0.5581073 -0.5555159 -0.1446753 -0.0612850 -0.1131562 -0.6200002 -0.1269066 -0.1645204 -0.1030120 0.0261544 -0.6673687 -0.0196279 0.2004440 -0.2737516 -0.5618437 -0.3154402 0.0137444 -0.2389047 -0.1777089 -0.4685574 -0.0097550 0.3424285 -0.2533390 0.4309033 0.2662572 -0.1465496 -0.2141606 0.0047714 0.4691144 0.1252695 0.1016349 0.6911674 0.3669045 -0.1296511 0.7413093 0.1770474 0.2962395 0.5955445 0.1457331 0.3469273 0.0745655 0.1197291 0.0101234 -0.0221624 0.2003062 0.3268846 0.3065247 0.4286057 0.2192544 0.2171932 0.3550196 0.4479860 0.1406881 0.2739348 0.3503887 0.3462448 0.4653447 0.2456669 0.5002531 0.4614411 0.3476004 0.5235574 0.1356158 0.4761611 0.3426353 0.4566048 0.6369734 0.1476672 0.4117027 0.0792474 0.5126937 0.2719096 0.4881300 0.4094690 0.2824523 0.3662955 0.3419185 0.3380569 0.2980407 0.2629425 0.2380730 0.5227025 0.4490800 0.2223329 0.5557778 0.3276592 0.6119108 0.3692289 -0.0210867 0.7213075 0.4900093 0.1282901 0.4680773 0.7675537 0.2829293 0.0122366 0.6971011 0.7205272 0.4141276 0.5661714 0.4490115 0.3713234 0.5629722 0.5567999 0.6976571 0.3489612 0.5041643 0.6843729 0.5659184 0.6531180 0.5480284 0.3696724 0.2417616 0.4453582 0.4598886 0.6351875 0.5682310 0.4162829 0.3541647 0.6345670 0.5213255 0.2642682 0.5755539 0.1473673 0.4913892 0.3087802 0.3981666 0.4957521 0.5227295 0.4048282 0.2490941 0.2776884 0.6116073 0.3901293 -0.3372268 -0.1943052 0.2302391 -0.0110582 0.0649781 0.1481965 0.3355183 0.4342408 0.5574145 0.4871249 0.3687636 0.4798917 0.1921634 0.1067512 0.4436835 0.6032097 0.3038905 0.0095841 0.5447329 0.0766336 0.0619335 0.3731040 0.6057222 0.4426375 0.1884373 -0.2192161 -0.0455560 0.3237102 -0.2860667 -0.3320688 0.1927279 0.4170297 -0.2770549 -0.3881602 0.2720502 -0.4654735 -0.3303255 -0.3408805 0.5456747 -0.0632771 -0.2347178 -0.2824930 -0.1991043 0.0879334 0.2730060 0.1041423
-0.1219112 0.1051333 0.3513453 -0.0917445 0.1761183 0.2235492 0.3466570 0.1100172 0.2307780 0.2466108 0.2052851 0.2502652 0.0796866 0.4356964 0.1779665 0.0331423 0.0000000 0.0024158 -0.1016490 0.2485548 -0.0735563 -0.0481223 0.0867386 0.1869652 -0.1785342 -0.1552089 0.5668113 0.2669015 0.0212617 0.3180347 -0.1124559 -0.2133267 0.1420648 -0.0666564 0.2302605 -0.0748289 -0.0470361 -0.0453263 0.4839585 0.4213487 0.1008243 0.0212092 0.3294006 0.3891034 -0.0727740 -0.2711911 0.2298622 0.1277379 0.1772800 0.0893605 0.2289716 0.4344165 -0.0828138 0.5726755 -0.0167539 -0.1179951 0.0645551 0.4460592 0.1686573 0.0254912 -0.0732638 0.3542127 -0.1941161 0.0305143 -0.1810883 0.1676626 0.1351551 0.4175100 -0.0511586 0.3026320 0.0887244 -0.0334471 0.2344453 -0.0778383 0.0599603 0.1572196 -0.0443855 0.1372842 0.1152326 -0.0194389 0.0690911 -0.1057268 0.0031764 0.0425543 -0.0164796 -0.0836494 -0.0558520 -0.1271512 -0.1537853 0.0170989 -0.0062559 -0.0132218 -0.1260139 0.1041277 0.0057625 0.0592815 0.0652827 -0.1097872 0.1782272 0.0768061 0.1328435 0.0362965 0.2323889 0.1780691 0.0602226 0.0409600 0.1260857 0.2496350 0.1390409 0.0471686 0.2269939 0.1504037 0.1396812 0.0852963 -0.0007244 0.1771635 0.0644654 0.0380875 0.0107759 0.2235220 0.1973627 0.1054795 -0.0665477 0.1013242 0.3083841 0.0717576 0.0727263 0.1230733 0.2478916 0.3081889 0.3155340 -0.1279680 0.1283168 0.0024653 0.1239108 0.0814974 0.2911305 0.3114920 0.2964822 -0.1020006 0.0928094 0.1706707 0.2973521 -0.3496545 0.1670066 0.1190022 0.3421644 0.2262387 0.1286717 0.2288965 0.0438576 -0.1823450 0.3472518 0.1182171 0.3353271 -0.0539511 0.2018424 0.2408002 0.2510484 -0.1747238 0.3552961 0.2733121 0.0963723 0.0245062 0.3115006 0.1463613 0.1662054 0.1870117 0.3423209 0.2860383 0.2188250 0.4032340 -0.1744143 0.2795629 0.1068288 0.0175984 -0.0302056 -0.1628769 -0.0833595 -0.0575950 -0.0297382 -0.1534941 0.0780316 -0.1251491 0.0128323 0.0203465 0.0386282 0.0719390 -0.0451269 -0.1377846 0.0050724 -0.1347862 -0.1307808 -0.0468098 -0.0682271 -0.2705684 -0.3082644 -0.2753050 -0.1101594 -0.0495601 0.0335852 0.0931378 0.0189870 -0.1478905 -0.0969767 -0.0687396 -0.0701256 -0.0856309 0.1386460 -0.1644422 -0.1390808 -0.4337847 -0.0286012 -0.4035510 -0.4351206 0.0706986 0.1501686 0.2240302
