0.0000000 0.5295627 0.1821880 0.2300243 0.2056332 -0.1900709 -0.0490021 -0.0126511 -0.1289596 -0.5624338 -0.3452112 0.0591631 0.1423206 -0.1851311 0.2821148 -0.2480163 -0.5036127 0.3086893 -0.3405425 0.0864533 0.4481520 -0.0907073 -0.3954465 0.1026690 -0.4375955 -0.5388133 -0.3107901 0.0585599 0.2383494 -0.0989639 0.1967580 -0.1161093 -0.0061490 -0.0313301 -0.5703496 0.4309126 -0.4970205 -0.3186349 -0.4546167 -0.5400167 -0.2209427 0.2878244 -0.2819070 -0.6251158 -0.3202720 -0.3806339 -0.5760989 -0.5469857 -0.5349134 -0.4074984 -0.5750411 -0.6592784 -0.1971443 -0.7420576 -0.2220087 -0.4559682 -0.3984448 -0.7111828 0.0358207 -0.4944078 -0.3676236 -0.6061582 0.1087037 -0.2992232 0.0054809 -0.0346630 -0.5311319 -0.5989623 0.0643927 -0.4302620 -0.2001830 -0.2075232 -0.5074812 -0.0746640 0.1532750 -0.3070148 -0.3863126 -0.1683094 -0.0350409 0.0086764 0.0449247 -0.3191160 -0.1314076 0.2356049 0.2850508 0.0772903 0.1783003 -0.0903575 0.1044163 -0.1145503 0.1581595 0.0236055 -0.0797062 -0.0101007 0.0310188 0.1596352 -0.1753258 0.2138437 -0.1042590 0.0440007 0.0185716 0.1017532 -0.1351897 -0.0535855 -0.1661072 0.0130098 0.4038078 0.2529512 -0.2290073 0.5168431 0.1554872 0.3139113 0.4557747 0.5087927 0.4623500 0.4456755 0.4818902 0.6569179 0.5676285 0.4529076 0.5375784 0.5703927 -0.0118200 0.1345199 0.3257724 0.3331461 0.2646427 -0.3343970 0.0996786 0.0546575 0.2707528 -0.1998398 -0.0881423 0.1334710 -0.0008111 -0.5034142 0.0968989 0.0277394 -0.0033313 0.1785116 0.0027669 0.2430356 -0.1468351 0.1861637 0.3095063 -0.2046508 0.1368425 0.2038713 -0.0029907 -0.0064355 -0.1942472 0.1975228 -0.0292548 -0.1756231 0.1737926 -0.0472096 -0.1814595 0.0344536 -0.2262652 -0.1141364 -0.2033703 -0.1865432 -0.0358119 -0.1783298 -0.2605280 -0.1628629 -0.2834692 -0.3406339 0.2330021 -0.2284868 -0.4120895 0.0277669 0.5920291 0.3888389 0.3059880 0.0125031 0.0429215 -0.3200902 0.3235456 -0.0185768 -0.0161436 0.4056836 0.2293031 0.1043684 -0.1980170 -0.0784469 0.0487700 0.2212977 0.1749155 -0.0483270 0.1908774 -0.0846650 0.0204075 0.4073798 0.1326360 0.3940173 0.4671293 0.0089265 0.1664265 0.4253945 -0.0552409 0.2171615 -0.0497800 0.0467088 0.2409848 0.2756594 0.4568341 -0.0135535 0.4271393 0.2978157 0.2772118 0.0703206 0.3375463 0.1869656 0.4561797 0.0533606 0.1512022 0.0936635
0.5295627 0.0000000 0.7162138 0.0847284 0.2971791 0.1051419 -0.0530472 0.3887236 -0.0731076 -0.1301351 0.0835886 0.3701263 0.4562720 -0.3087336 0.4006968 0.0774875 0.0463487 0.1816152 -0.1447180 0.1363663 0.5871247 0.2913522 0.0172720 -0.2046644 -0.4308779 -0.3036873 0.1941042 0.0445377 0.1968857 0.1471615 0.1415829 -0.4231303 -0.2483796 -0.2535779 -0.2862592 0.6029236 -0.3688767 -0.0649745 -0.2537119 -0.3480796 -0.2069679 0.6031687 -0.0834568 -0.4127497 0.3162484 -0.3132951 -0.4345580 -0.3083731 -0.4048087 0.1231251 -0.4432966 -0.3485986 0.0466620 -0.5055985 -0.0073002 -0.3935290 -0.2683158 -0.5384443 -0.2643332 -0.4172861 -0.1965979 -0.5129161 0.2451322 0.1126941 0.1586647 -0.1341795 -0.3407118 -0.4569722 -0.1245654 -0.1496282 -0.3935025 0.0428773 -0.4749831 0.2886411 -0.1856390 -0.1609977 -0.1948524 -0.2954531 -0.2045905 -0.1092772 -0.1047046 -0.2895014 -0.2810271 0.0385335 0.1945020 -0.2244023 -0.1201727 0.0895863 -0.2891173 -0.2697198 -0.2191766 -0.1582633 -0.3805951 0.1108248 -0.0002008 -0.2634643 -0.4815841 -0.0702498 -0.4649418 0.0991176 -0.1217205 -0.3641818 -0.3970494 -0.1648751 -0.5023251 -0.3790591 0.2621067 0.5135963 -0.3674120 0.6193269 -0.0803769 0.0687793 0.4433317 0.6355006 0.3593820 0.5576310 0.4171889 0.4990315 0.6289476 0.2675738 0.4354445 0.3330659 -0.2735809 0.3465353 0.2098965 0.5045476 -0.1046616 -0.6557780 0.0641245 0.3130148 0.3679900 -0.6142430 -0.2442091 0.2900200 -0.3439220 -0.4413657 0.1763154 0.0046782 0.0452648 0.4994340 -0.2860582 0.2670395 -0.3556996 0.4492160 0.4083370 -0.0572777 0.0804968 -0.0376318 -0.3204225 0.2508574 0.0862015 0.4958355 -0.1470299 -0.3061137 0.1228590 0.1676045 -0.1977015 -0.0683044 -0.3276347 -0.0246211 -0.4383677 -0.2047660 0.1660785 -0.2567088 -0.3943798 0.1050339 -0.1404177 -0.3843773 -0.1223623 -0.3134828 -0.5081904 -0.1999973 0.1000418 0.6970462 0.8340990 0.6217373 0.4652727 -0.1911214 0.5142412 0.4062824 -0.0639344 0.4859627 -0.1893827 -0.3326734 -0.4068952 0.0415019 -0.1350665 0.0820777 0.3619115 0.3646134 0.2526577 0.1973036 0.4765580 0.5323152 0.5392065 0.6301211 0.5734190 0.2236679 0.1988003 0.5242579 0.3494742 0.4331089 0.2867348 0.2316712 0.0043690 0.1184223 0.6028056 0.2338812 -0.0636579 0.4010060 0.3714925 0.0615652 0.1871377 0.1497812 0.1652539 0.3926273 0.6278278 0.4154849
0.1821880 0.7162138 0.0000000 0.0067286 0.5591235 0.1607781 -0.0555538 0.5554692 0.0019323 0.1682410 0.2222160 0.0925842 0.7565557 -0.3004080 -0.0052101 0.2230887 0.2360956 -0.1521945 0.0534621 0.3509174 0.2258578 0.4487222 0.2842985 -0.4540104 -0.2541725 -0.0245272 0.5048549 -0.1813626 -0.1030330 0.1227081 0.3785692 -0.3289087 -0.4615971 -0.4977476 0.0080863 0.3282923 -0.0858207 0.1383787 0.0885459 -0.0183366 -0.0380742 0.4120606 0.1972962 -0.2650053 0.3327381 -0.1060214 -0.0407342 -0.1311138 -0.3372300 0.2690325 -0.0554840 0.0249000 0.0026781 -0.1699401 0.0706288 -0.2345925 -0.0551286 -0.2300353 -0.0276182 -0.0210640 0.0039797 -0.1360937 0.1643357 0.1988683 0.0205205 -0.0801896 -0.1265409 -0.2041638 -0.0675074 0.1256967 -0.4029172 0.1468044 -0.2331819 0.4181354 -0.3651710 0.1718503 -0.1483377 -0.3952685 -0.2615007 -0.2257370 -0.2759207 -0.5051290 -0.3472385 -0.0521880 -0.0936403 -0.2102019 -0.1026474 0.0090526 -0.1880879 -0.3185651 -0.2913678 -0.2201412 -0.3928654 -0.0370904 -0.0326087 -0.2917207 -0.4611090 -0.2270722 -0.3026495 0.0645493 -0.2051128 -0.3214661 -0.4891606 -0.5733745 -0.4501228 -0.2391177 -0.1987854 0.1440218 -0.1683603 0.1452715 -0.0961306 -0.2468736 0.0958209 0.1091919 -0.1865173 0.0806375 -0.0939214 0.0502375 0.2353959 -0.0653435 -0.0101385 -0.1151722 -0.1229899 0.2720529 0.0184576 0.1922228 -0.1992085 -0.2387708 -0.1377590 0.0122176 0.0370554 -0.3240474 -0.4407850 0.2157260 -0.2797731 -0.0819239 -0.0981330 -0.2352122 -0.2304863 0.3450838 -0.3605278 0.1177853 -0.1989626 0.2707874 0.0814900 -0.0514386 -0.2619916 -0.3325472 -0.4378875 0.4087579 0.2512163 0.3708825 -0.3390893 -0.3050763 -0.1669574 0.2234232 -0.0887308 -0.2394151 -0.1959391 0.2397810 -0.3868441 -0.0592991 0.2408825 -0.0985057 -0.3414354 0.0931919 0.0148490 -0.3146076 -0.3143454 -0.2318697 -0.3995232 -0.2641939 0.0675617 0.2634969 0.4794471 0.4327236 0.3162245 -0.1678448 0.3081290 0.4989021 -0.1962799 0.3386193 -0.1609952 -0.2055408 -0.2353682 0.2885245 0.2138410 0.3698787 0.0990960 0.3640894 0.2034931 0.0887781 0.2788450 0.3431831 0.4024181 0.4852791 0.1326072 -0.0036106 0.1347272 0.0838704 0.5211456 0.2859967 0.0514709 0.0594472 0.0748787 -0.1209921 0.1439437 0.3559019 -0.0971066 0.2296850 0.3492504 -0.2006822 0.0444912 0.0636902 -0.1198572 0.5158583 0.6203300 0.5686123
0.2300243 0.0847284 0.0067286 0.0000000 -0.2355976 0.5980841 0.3338141 0.5711639 0.7892626 0.4617913 0.6734067 0.5682679 0.0967534 0.2064904 0.3484147 0.5476228 0.1580134 0.4475486 0.6210226 -0.4324433 0.3231634 0.2897450 0.4998874 0.3357689 0.4934200 0.5338059 0.1124058 0.2983219 0.5340509 0.1908050 -0.1902389 0.1050315 0.2945712 0.4370548 0.3641268 0.1648912 0.3675531 0.3997975 -0.0964171 0.3025291 0.4696167 0.0820594 0.2061703 0.1474054 0.0338995 0.5425002 0.3709839 0.1060125 0.4552388 -0.2374321 0.3134553 0.2530414 0.5041127 0.2103187 -0.0451884 0.2500030 0.4250057 0.3149240 -0.4863569 0.3496471 0.1023002 0.3374729 -0.2025164 0.3700865 0.1277722 0.0777416 0.4811295 0.4076105 -0.0078166 0.4477606 0.2273359 0.6624669 0.4441894 -0.0778382 0.2353856 0.2314451 0.2923566 0.1844102 0.4237445 0.3145032 0.1645858 0.3480935 0.4333145 -0.0878211 0.1548189 0.1678142 0.7212450 -0.2382194 0.4194225 0.2609090 0.6195207 0.5272246 0.5154803 -0.2251105 0.4943731 0.1965980 0.4069514 0.5175048 0.4646389 -0.1998214 0.2533064 0.3809816 0.3807938 0.3009231 0.4692919 0.4557553 -0.0217773 -0.2464342 0.5160506 0.0993831 0.5555527 0.3245807 0.1423505 -0.1646929 -0.0609002 -0.0768110 -0.0454849 -0.0086873 -0.0264693 -0.1300020 -0.0924183 0.1123775 0.5573511 -0.3458892 -0.0213188 0.2063263 0.2526248 0.3971932 0.4642541 -0.1140763 0.0383815 0.4074227 0.4275430 -0.4155752 0.3774073 0.1320754 -0.0124442 0.3228333 0.2937252 0.4099841 0.2384717 0.1699789 0.4939655 -0.0162334 -0.1331872 -0.1380856 0.1472946 0.0710973 0.3983862 0.1574385 0.2253411 -0.1611564 0.2186780 -0.0322153 0.1834281 -0.4672916 0.1331394 0.0260447 0.4714282 0.1531945 0.1213726 0.3892258 -0.5290248 0.1395496 0.3841727 -0.4657396 -0.3255960 0.2437332 0.3676685 0.3875318 0.1697027 0.4472246 -0.0082672 -0.1310255 -0.1032784 0.0296744 0.2275780 0.1982840 0.2286351 0.0879113 0.3436837 -0.1814175 -0.3462333 -0.2660823 -0.5682430 -0.1321345 -0.4996046 -0.3836035 -0.2047535 0.1971560 -0.0920139 0.0427249 -0.2246262 0.4373705 0.3224875 0.2007624 -0.0567609 0.1832082 0.1430757 0.0519764 -0.4576430 -0.1538247 0.5816098 0.4723698 -0.4178621 -0.2089751 0.0533089 -0.2068068 -0.2382819 0.0668498 0.3886994 0.5556447 -0.5394176 0.2553363 0.5922489 -0.3626306 -0.2290089 -0.2690349
0.2056332 0.2971791 0.5591235 -0.2355976 0.0000000 -0.0632312 0.2329300 0.1666953 0.0306315 -0.1182452 -0.1869401 -0.1953458 0.4886846 0.1043409 0.1915577 -0.1379902 -0.1903551 0.0257355 -0.3829128 0.6303782 0.1382735 0.2732686 -0.3330894 0.0672015 -0.6180089 -0.3760183 -0.2369576 0.0120300 0.2050163 -0.2974580 0.7116645 -0.3686936 -0.0069298 -0.0216525 -0.4314937 0.2753455 -0.3065155 -0.1885103 -0.4174447 -0.3497252 0.0164269 0.4737856 -0.4550150 -0.2793711 0.2640418 -0.3467272 -0.3158045 -0.1841666 -0.1243626 0.2421839 -0.4212833 -0.3825505 0.0036635 -0.3406868 0.1766776 -0.3171512 -0.1443723 -0.4283099 0.3796222 -0.3606736 0.2669709 -0.4705261 0.3006830 -0.0335193 0.0763561 0.0956147 -0.5175812 -0.4930424 0.0350627 -0.3471129 -0.4665705 -0.1808715 -0.5148070 0.4896938 -0.2690371 -0.1525613 -0.3362066 -0.4698327 -0.4385854 -0.3252783 -0.3683820 -0.5851340 -0.1785397 0.2832211 0.1658226 0.2172249 -0.2357970 0.4565428 0.1002127 0.0231353 -0.2888793 -0.5732062 -0.2913594 0.2568631 -0.0904019 -0.1774035 -0.4671371 -0.2297012 -0.1480693 0.1887107 0.1244382 -0.2203252 -0.4052354 -0.5895179 -0.3814327 -0.1623169 -0.1220308 0.1473566 -0.1763335 -0.0780089 -0.0325545 -0.3013434 0.2564610 0.0339829 -0.0254582 0.1363721 -0.0595913 0.2122094 0.1734112 0.1680775 0.1650512 -0.0459563 -0.1425769 0.2754747 0.1451870 -0.0771948 -0.0890196 -0.1648869 -0.1396945 0.2272614 0.2054916 -0.0979754 -0.3172596 0.4483336 0.0865963 0.1167274 0.1846186 -0.1648821 -0.1024161 -0.0131392 0.0985045 0.1419667 0.0074073 0.2340292 0.2126595 0.1516332 -0.1286918 -0.0066077 -0.2993223 0.2725404 0.0174087 0.2776498 -0.2365538 0.0430529 -0.1904071 0.5002908 0.0636467 -0.0064985 -0.0847979 0.1774023 -0.2443970 -0.0642229 0.4657746 0.0549016 -0.3920408 0.3921759 0.2044247 -0.2468078 -0.2377413 -0.1830741 -0.2544541 -0.3262677 0.4888312 -0.0882245 0.0171344 -0.0008917 0.0094535 -0.4385560 0.2074661 0.4023235 -0.1629095 0.3491870 0.2357345 0.2229758 -0.0383626 0.4133257 0.3498457 0.4781928 0.0757811 0.1337743 0.2379275 -0.0205291 0.1962505 0.0602547 -0.0195806 0.2349185 0.0372558 -0.2111742 0.0257902 -0.0236586 0.4410100 0.3124781 -0.1552421 -0.2038838 0.1867163 -0.1491237 0.2609765 0.2651154 0.1623879 0.2045640 0.0246026 -0.4134636 0.4474210 -0.2468139 -0.3387995 0.7888662 0.1846656 0.0499894
-0.1900709 0.1051419 0.1607781 0.5980841 -0.0632312 0.0000000 0.3397299 0.2802773 0.7070575 0.7590203 0.7008582 0.3130793 -0.0957683 0.1531663 0.4940174 0.4602489 0.3165462 0.4655353 0.4044593 -0.1696260 -0.0745838 0.1147660 0.3963814 0.3678287 0.2513721 0.4264990 0.2056926 0.4533862 0.4448824 0.1322357 -0.1846336 -0.2797396 0.4021210 0.4830121 0.2809359 -0.2538829 0.1733852 0.1170738 -0.0280476 0.4384992 0.2643637 -0.1043170 0.0195014 0.2491450 0.3638879 0.2586067 0.2942928 -0.0551237 0.5438168 -0.2104350 0.1956119 0.3055891 0.3340347 0.3733935 -0.3400909 -0.0166646 0.2117951 0.4462759 -0.4899739 0.1372374 0.0785675 0.3095777 -0.4777348 0.3852425 -0.1940012 -0.3427969 0.3051988 0.4806566 -0.4608151 0.4618983 -0.1298833 0.4175684 0.3354334 -0.0453133 -0.2309155 0.0631994 0.1268973 -0.0853600 0.0768434 -0.0599314 -0.2269453 0.3812006 0.2418181 -0.3216702 -0.1504388 0.0374724 0.2712708 0.0348738 0.1399946 0.1000446 0.1693539 0.2915098 0.2998666 0.1645006 0.0189047 -0.1181260 0.2047833 0.0512514 0.1202291 0.2434800 -0.0610614 -0.1164354 0.1166040 0.0673643 0.2069359 0.1014347 -0.2776230 -0.0808603 0.2848933 -0.1457848 0.0981846 -0.0412066 -0.0651443 -0.2594970 -0.2798772 -0.1498610 -0.1900476 -0.1608678 -0.0675804 -0.3032637 -0.1034651 -0.1445773 0.2827883 0.0831684 0.0425569 -0.2329614 -0.2056720 0.2868112 0.2247577 0.2708929 0.1913949 0.1253711 0.2696906 0.0719157 0.0757398 0.0907029 0.1345571 0.2251355 0.3336914 0.0770183 -0.0685097 -0.1289374 0.2129922 -0.2875217 -0.2380436 -0.2321820 0.0217967 -0.0054468 -0.0906733 0.0040674 0.0751207 -0.2987451 -0.0683602 -0.3473773 -0.1430016 -0.5049282 -0.1597014 -0.1295170 0.1216522 -0.0537284 -0.0732555 0.1001999 -0.5206503 -0.0983039 0.0383519 -0.4545630 -0.4472192 -0.1428472 -0.1847238 0.0721394 -0.0901364 -0.1170796 -0.2210938 -0.2503639 -0.0141730 0.2059440 0.1454892 0.2835280 -0.1775172 -0.0630638 0.4985159 -0.0952923 -0.5189674 -0.2553212 -0.4593469 -0.2335950 -0.4425803 -0.4674416 -0.4474034 0.0275668 -0.2202564 -0.1061476 -0.2169981 0.0254054 -0.0823005 -0.2494607 -0.3745813 -0.0985085 -0.2293207 -0.3036296 -0.1609645 0.4297762 0.6320560 0.3181722 -0.5090936 -0.5595333 0.0191786 0.0289548 -0.4594149 0.0297984 0.0758121 0.1645924 -0.7210133 -0.2260407 0.1450891 -0.0027221 0.1583940 0.0604116
-0.0490021 -0.0530472 -0.0555538 0.3338141 0.2329300 0.3397299 0.0000000 0.2493305 0.6130818 0.2260834 0.2173541 0.3585737 0.0375498 0.7286623 0.5753478 0.1012387 -0.0373511 0.6529665 0.0774133 0.1826793 0.2367498 0.1386186 -0.0312858 0.7351170 0.0911956 0.2264078 -0.3546508 0.7253612 0.7558872 0.2665253 0.2997114 0.1505564 0.6860348 0.7116275 0.1820760 0.2034934 0.2567582 0.1201423 -0.2221894 0.1396397 0.3390037 0.3933007 -0.2291866 0.3605438 0.2935030 0.2869550 0.1623647 0.2157223 0.5842504 0.1281450 0.1389394 0.0269446 0.4199981 0.1271961 0.2928533 0.1289502 0.1667480 0.0737778 -0.1361992 0.1413508 0.2759065 -0.0173468 -0.0656946 -0.0310277 0.1532217 0.0071287 -0.0158157 -0.0406066 0.0335197 -0.1386394 -0.0358365 0.2503260 0.0028788 -0.0451083 0.1123432 -0.1994767 -0.0017749 -0.0967478 -0.1088363 -0.0532150 -0.1297534 0.2071956 0.4582692 0.4938621 0.5185756 0.3647642 -0.0474773 0.5334316 0.3287192 0.3596241 0.1858947 -0.1054669 0.3660628 0.3631235 0.1318254 0.2602931 0.2179588 0.2305332 0.1260795 -0.0522693 0.4464180 0.2361130 0.2647042 0.1274589 0.3820453 0.1877230 0.0630890 0.0242741 0.2572277 0.0190984 0.3178136 -0.0096895 0.2713072 -0.1277966 0.0129275 0.0135756 -0.1972680 0.0055943 -0.0908145 0.0206185 -0.0303954 -0.1320210 0.2161363 0.0309626 0.1658788 0.2374554 0.1772489 0.1588873 0.4690087 0.3403464 0.3657322 0.1619765 0.3732040 0.0726698 0.4473707 0.4470434 0.4294121 0.3790091 0.3999949 0.2879124 0.4308726 0.2443913 0.4207942 0.2659050 0.2453364 0.3916953 0.2869415 0.2995383 0.2487254 0.1586076 0.1691339 0.0607355 0.3189391 0.3734175 0.2738331 0.2342722 0.1628198 0.3452936 0.2807860 0.2291894 0.3619481 0.3675668 0.1221783 0.2204697 0.3108630 0.2303141 0.1517227 0.1827035 -0.0675022 0.2493324 0.2030376 0.0418617 0.3761266 -0.1150457 -0.2515246 -0.1225117 -0.0481729 -0.2754392 0.1457446 0.0481287 -0.2823340 -0.3683685 -0.2479394 -0.3085239 -0.2899909 -0.0962756 -0.2548365 -0.2850667 0.1387354 0.1750505 0.0629235 0.1336452 0.1728650 0.2267619 0.2173099 0.2889186 0.1242025 0.0472562 0.0041867 0.1838046 0.2517768 0.0573685 0.6277451 0.4088628 0.0326573 -0.3061588 0.4107281 -0.0427182 0.1013208 0.0906257 0.4409859 0.2516691 0.0362788 -0.1359965 0.0246123 0.3127128 0.0069492 -0.2026338
-0.0126511 0.3887236 0.5554692 0.5711639 0.1666953 0.2802773 0.2493305 0.0000000 0.6209244 0.4300209 0.6110062 0.6617257 0.7373810 -0.0397083 0.1787453 0.5751060 0.4222708 0.0213960 0.5873496 -0.0441451 0.5967285 0.5849446 0.5993666 -0.1840189 0.3226165 0.4990211 0.3794447 -0.1079870 0.3121171 0.1570231 0.2737567 0.1145269 -0.2248127 -0.0833733 0.4260352 0.5944308 0.4317763 0.7520515 0.0193029 0.1442456 0.6257430 0.5888993 0.3304579 0.0113401 0.5241216 0.5709922 0.3517629 0.4650902 0.2188395 0.4938568 0.3155443 0.3336841 0.7090251 0.1271125 0.5150175 0.3494635 0.4447332 0.1459322 -0.1666096 0.3750120 0.4953267 0.2282399 0.3007821 0.6764547 0.5721978 0.3270079 0.4075376 0.1738014 0.2049097 0.4532159 0.1464265 0.7537735 0.2340721 0.4620179 0.1134009 0.4839244 0.4676966 0.0731238 0.3072894 0.3296668 0.2218708 -0.0352006 0.1606647 0.1394123 0.2094052 0.0415114 0.3787883 -0.0221200 0.1094219 0.0733023 0.0911061 -0.0712216 -0.0500058 -0.2045528 0.4209483 -0.0353469 -0.1818646 0.1388465 0.1324411 -0.3537920 0.2426294 0.0170101 0.0168016 0.0610250 0.0289957 0.1929031 -0.2020339 -0.1183641 0.2112014 0.0676984 0.3592984 -0.0198892 0.1005881 -0.0889853 -0.1300432 -0.0627378 -0.1635655 -0.0734442 -0.0423052 -0.1914788 -0.2095587 -0.1219511 0.3236173 -0.2744605 -0.2452336 0.4696238 0.0964841 0.1259881 0.1641079 -0.1549908 -0.0587844 0.1224527 0.0931387 -0.3490814 0.0916581 0.2478790 -0.1005717 0.0644630 -0.0081944 0.6675449 0.1026948 0.2683164 0.2670207 0.5033639 0.0383410 0.0917172 -0.1037828 -0.2563832 0.1086786 0.3832819 0.3540708 0.2827920 -0.0134705 0.1547593 -0.0363615 0.1535647 0.2325201 -0.0775870 0.3743637 0.2883192 -0.1020734 0.3209467 0.0235989 0.1346826 0.1427538 0.0878739 0.1498335 0.3427813 0.0569449 0.2666786 0.1804630 0.2773717 -0.1631250 0.1641584 0.2300389 0.3233304 0.5019552 -0.0200133 0.6191987 0.6650415 -0.0064738 0.1195567 -0.1471938 -0.2247493 -0.3996285 0.3702294 -0.1901145 -0.1334258 0.2509149 0.7263247 0.0497759 0.4562338 0.3365294 0.5888496 0.7145169 0.6758476 0.2483797 0.5119908 0.4549531 0.2436869 0.0126538 -0.2086241 0.4542397 0.5704177 -0.1092622 0.0412817 0.1080006 0.2383316 -0.2359214 0.3052611 0.5818358 0.5373091 -0.1148339 0.4658057 0.3585839 0.1725279 0.0893008 -0.1035615
-0.1289596 -0.0731076 0.0019323 0.7892626 0.0306315 0.7070575 0.6130818 0.6209244 0.0000000 0.6435814 0.6698036 0.6146986 0.1285545 0.4352494 0.5206729 0.4859010 0.3044840 0.5103334 0.5251508 -0.1155566 0.3118114 0.3024028 0.3931835 0.4928936 0.3899065 0.5541871 -0.0124114 0.4327576 0.7166414 0.1542381 0.1030164 0.0508418 0.4457992 0.6154995 0.3634808 0.1506256 0.3974037 0.4705153 -0.1815171 0.3406896 0.6705548 0.2577269 -0.0506644 0.3253903 0.4365121 0.5762591 0.3955319 0.3305652 0.6973984 0.1570563 0.2918427 0.2706143 0.7230544 0.3474685 0.1855695 0.2882431 0.4387912 0.4284357 -0.2849826 0.2936486 0.4849168 0.3190863 -0.1650804 0.5090278 0.3390718 0.1272492 0.4033660 0.3978600 -0.0821093 0.3604827 0.1705968 0.6503178 0.3913943 0.0879577 0.1456557 0.1975906 0.3624500 0.1162776 0.3151285 0.2372947 0.1005694 0.3882219 0.4015599 0.0222963 0.2141900 0.2334552 0.5385916 0.1131116 0.3435702 0.3349298 0.3066371 0.1110444 0.3548173 0.0375823 0.3363496 0.0028049 0.1594258 0.2558998 0.3710242 -0.1519128 0.3518352 0.1140649 0.2839839 0.2945308 0.3640035 0.3360371 -0.2656442 -0.2671629 0.3897954 -0.2055925 0.4022849 -0.0192365 0.0532328 -0.3391371 -0.1848874 -0.2114382 -0.2597823 -0.1689074 -0.2532375 -0.2307906 -0.2203846 -0.1604057 0.5099921 -0.2960280 -0.1285288 0.0127486 0.0636568 0.4757290 0.3709529 0.0573645 0.0659559 0.3959124 0.4279644 -0.2602501 0.3618468 0.3569781 0.0967890 0.2652909 0.2709979 0.2899629 0.3051475 0.0756277 0.4973359 0.0914468 -0.1480422 0.0041045 0.0571100 0.0473924 0.2778487 0.0840839 0.1122063 -0.2000812 0.1120503 0.1572353 0.0385294 -0.2210440 0.1699776 0.0192954 0.4861962 0.1006974 0.1477381 0.3446676 -0.3604992 0.1756968 0.2878772 -0.1934465 -0.0969400 0.3562649 0.0677487 0.3847960 0.3193513 0.2272627 -0.1286854 -0.2291003 -0.1834375 0.0878417 0.2649453 0.1931629 0.2193651 0.2291353 0.3531613 -0.1508241 -0.2617581 -0.1293673 -0.4593321 0.0298558 -0.4487395 -0.5030181 -0.1330300 0.3144903 -0.0993236 0.1948238 -0.0355446 0.3334755 0.2264312 0.1141153 -0.1670455 0.2471049 0.1018472 -0.1361219 -0.3194455 -0.0326203 0.6889522 0.5308878 -0.3451465 -0.2968273 0.0236083 0.0849695 -0.3169310 0.1364163 0.3427053 0.5466719 -0.4506911 0.0937307 0.3782803 0.0098457 -0.2054975 -0.4019552
-0.5624338 -0.1301351 0.1682410 0.4617913 -0.1182452 0.7590203 0.2260834 0.4300209 0.6435814 0.0000000 0.8341931 0.2229971 -0.0283754 0.2440370 0.0800519 0.6587733 0.7633076 -0.0064280 0.6871161 -0.1013188 -0.2243941 0.4355285 0.6975577 -0.0258793 0.5390281 0.7379379 0.5059182 0.1248367 0.1130541 0.2016172 -0.2093719 -0.0592161 0.0069378 0.1598254 0.6085781 -0.3293627 0.5120027 0.4375975 0.3354127 0.6907262 0.3691009 -0.1342074 0.2814616 0.4808053 0.5384345 0.5190702 0.7299366 0.3631919 0.5992117 0.1336402 0.5876027 0.6374247 0.4901539 0.6876442 -0.1192308 0.3432427 0.5685477 0.7872324 -0.3319730 0.5261196 0.3090934 0.6448851 -0.3405181 0.5288598 -0.0310974 -0.0583279 0.6738110 0.7818884 -0.2372326 0.7233734 0.1815814 0.6669336 0.6761830 0.0061073 -0.1846530 0.3877036 0.3872666 0.0675587 0.1288169 -0.0154526 -0.1736259 0.5395387 0.3444875 -0.3057106 -0.1492162 0.1029776 0.2913270 0.1300494 0.2956422 0.3173486 0.2785101 0.2169720 0.3075059 -0.0031819 0.3648290 -0.1478693 0.2208584 0.1345264 0.4136990 0.0992084 0.2163178 0.0250677 0.2755011 0.1578770 0.3682868 0.3684609 -0.3788931 -0.1949047 0.5342618 -0.2483866 0.3295028 -0.0432474 -0.1944502 -0.4243135 -0.4445955 -0.3675136 -0.3636466 -0.4451908 -0.2566358 -0.3704130 -0.4109035 -0.3754535 0.5313524 -0.1365444 -0.0980020 -0.1618619 -0.1903884 0.5576416 0.2476130 0.0913744 -0.0150972 0.3397477 0.3526438 -0.1072671 0.2930607 0.5017538 0.1133554 0.2928941 0.2902867 0.2567548 0.1328288 0.1125609 0.3677299 -0.0955972 -0.1667678 0.1752382 0.0701685 -0.0688043 0.1049539 0.3625061 0.4698684 -0.0531462 0.1697837 0.0689033 -0.0441377 -0.2412245 0.3129614 0.0852065 0.4037471 0.3677592 0.0536960 0.5124038 -0.2200637 0.3799748 0.3908172 -0.1233129 0.0772758 0.3087924 0.0501723 0.5190018 0.3133241 0.2161657 -0.4016356 -0.3483848 -0.1794966 0.1991878 0.1606031 0.4350255 -0.2122776 0.0665921 0.4112341 -0.1843159 -0.3605739 -0.1991230 -0.2055215 -0.1291798 -0.3673110 -0.5018984 -0.3480132 0.1650237 -0.1250759 -0.0415164 -0.1882564 -0.0235554 0.1103180 -0.2192114 -0.4421404 0.0204433 -0.2635399 -0.3819413 -0.0975261 0.0264922 0.5670209 0.3032938 -0.3858253 -0.5490611 -0.2506717 0.0803781 -0.5188995 -0.3056449 0.1926565 0.2501915 -0.7511227 -0.1009001 0.0255979 -0.0454162 -0.1171835 -0.0653647
-0.3452112 0.0835886 0.2222160 0.6734067 -0.1869401 0.7008582 0.2173541 0.6110062 0.6698036 0.8341931 0.0000000 0.5069763 0.1272810 0.1825015 0.1250312 0.8884917 0.5481032 0.1544494 0.8572415 -0.4344675 0.1438837 0.5647692 0.8324468 0.0296577 0.5871146 0.7943465 0.5606808 0.1766252 0.2257375 0.3330194 -0.3822357 -0.0948965 0.0766546 0.2198857 0.7190837 0.0406822 0.5592164 0.5730677 0.2997507 0.6869928 0.4027812 0.0827996 0.4957315 0.4504940 0.4174820 0.6269257 0.6756209 0.2894132 0.6200071 0.1434228 0.6217806 0.6857750 0.5754640 0.6352841 0.0071170 0.4390925 0.6365155 0.6570783 -0.6680023 0.6063705 0.2970459 0.6480853 -0.2051348 0.6194948 0.1335421 -0.0496933 0.7517993 0.7361647 -0.1001198 0.7819861 0.1306189 0.8075082 0.6634451 0.1462645 -0.1067767 0.5133929 0.4507146 0.1332373 0.3228852 0.2089067 -0.0093496 0.3668738 0.3639846 -0.2143792 -0.0919108 -0.0352688 0.3033926 -0.0790231 0.2268781 0.2279081 0.4033572 0.3495580 0.2318499 -0.3030918 0.5072691 -0.0620758 0.2011322 0.1785654 0.3302472 -0.1866701 0.1955518 0.0526833 0.1829220 0.0831350 0.2395346 0.2947113 -0.3061093 -0.2321442 0.4548247 -0.0503278 0.4079206 0.0442698 -0.1233387 -0.2942388 -0.3876208 -0.2390196 -0.2798489 -0.3827254 -0.1999331 -0.3546773 -0.4004088 -0.2460022 0.4228032 -0.3127889 -0.2012437 0.0992663 -0.0275618 0.3067949 0.2610342 -0.0777883 -0.1220714 0.3625851 0.2672322 -0.3442284 0.3179338 0.2727236 -0.0843788 0.1497652 0.1626454 0.4381500 0.1268850 0.1011245 0.4662251 0.0184666 -0.2393352 0.0039355 -0.0511037 -0.2621662 0.1931850 0.3734494 0.5096078 -0.0125785 0.0629767 -0.0195224 -0.0296798 -0.2027667 0.2904378 -0.0894510 0.5333416 0.4151217 -0.1101409 0.4664358 -0.2321536 0.3039930 0.3044632 -0.1562574 -0.0453223 0.3124299 0.1232127 0.4459208 0.1666535 0.2498829 -0.3534636 -0.2796786 -0.0067383 0.3079002 0.4534107 0.4611728 0.1638576 0.3178281 0.3993449 -0.3287640 -0.6034783 -0.5397441 -0.6313569 0.0212485 -0.6431985 -0.4480226 -0.2865882 0.3250328 -0.0699092 0.1209047 -0.0693102 0.2128613 0.4205711 0.0747663 -0.2859397 0.2265668 0.0470135 -0.1512163 -0.1461821 -0.0464168 0.6161001 0.4377457 -0.6609974 -0.4885811 -0.1081135 -0.1728405 -0.5142717 0.0254147 0.3732632 0.4115918 -0.7496763 0.2681075 0.2809780 -0.1956801 -0.0996379 -0.1396078
0.0591631 0.3701263 0.0925842 0.5682679 -0.1953458 0.3130793 0.3585737 0.6617257 0.6146986 0.2229971 0.5069763 0.0000000 0.2237437 0.1240458 0.4919140 0.4836656 0.2110745 0.4814373 0.4437889 -0.3466882 0.7636166 0.2723895 0.4336539 0.2311627 0.3094909 0.4099814 0.1746258 0.3039897 0.5439819 0.3748596 -0.0783038 0.1270801 0.1873378 0.3010825 0.3604356 0.5983482 0.3008779 0.5551593 -0.2168646 0.1301941 0.5278535 0.5339315 0.0953498 0.1807441 0.4025146 0.5066590 0.1549501 0.3935596 0.3701998 0.3860768 0.1437014 0.1380485 0.6344121 0.0454438 0.4810311 0.3300377 0.3292861 0.0865633 -0.4773316 0.1504176 0.4107024 0.0859936 0.2819494 0.4961913 0.6581837 0.3089581 0.3115599 0.1316571 0.2253144 0.2234236 0.2737338 0.5792796 0.2223993 0.3167325 0.4077115 0.2818273 0.5051803 0.3799783 0.5038086 0.5231750 0.4829046 0.2509264 0.0534331 0.0387132 0.1634095 -0.2242925 0.2674742 -0.1005196 -0.1894529 0.0223133 0.0063235 -0.0166349 -0.0938706 -0.2667217 0.2782582 -0.1139111 -0.1478903 0.0339979 -0.0087824 -0.5880894 0.2163249 -0.1622408 -0.0124650 0.3628178 -0.1006127 -0.0797410 -0.0344273 -0.1647681 -0.1166739 0.1530638 0.1408165 0.0508699 0.0047951 0.0867734 0.1203308 0.0542209 0.0564470 -0.1004809 -0.1203038 -0.2162422 -0.1624051 0.0241558 0.0880921 -0.4708608 -0.4007522 0.4066148 0.0916136 -0.1150715 0.1308696 -0.0814178 -0.0844453 -0.0223456 0.1683632 -0.5096437 -0.0234155 -0.1117339 -0.1247264 0.0032249 -0.0109895 0.4461478 0.0140506 -0.0146492 0.2148217 0.4757843 -0.0233947 -0.0607559 -0.0845857 -0.2501289 0.2118627 -0.0550018 -0.0009079 0.0141989 -0.0223016 0.0423119 0.1692229 -0.0168991 -0.0463466 -0.1921214 0.3341694 -0.0944122 -0.1223151 0.0706345 -0.1964466 -0.0938356 0.0696343 -0.0506670 -0.0934685 0.3186468 0.0459963 0.1534212 0.1046474 0.1384936 -0.3488732 0.3531670 0.4184406 0.4723553 0.7079642 0.2968299 0.7166056 0.5796699 0.1435628 -0.1103201 -0.3393843 -0.4652180 -0.6391389 0.2546731 -0.5864882 -0.3661754 0.3433175 0.5744446 -0.1020405 0.6267500 0.4655066 0.5162450 0.5974299 0.5047695 0.2984040 0.6930665 0.5374010 0.3030694 -0.2464372 -0.1781771 0.6282890 0.7042734 -0.3455904 0.2657837 0.2047388 0.0110320 -0.2982975 0.4671636 0.4617915 0.7400937 -0.1333711 0.5403806 0.5158037 -0.0703568 0.0399995 -0.3180758
0.1423206 0.4562720 0.7565557 0.0967534 0.4886846 -0.0957683 0.0375498 0.7373810 0.1285545 -0.0283754 0.1272810 0.2237437 0.0000000 -0.2720908 -0.1099906 0.2073796 0.0218742 -0.2467765 0.1779328 0.1864521 0.4477806 0.4817061 0.2657957 -0.3821858 -0.0375682 0.0827611 0.2488929 -0.3770581 -0.0049841 -0.0583543 0.5157505 0.0632340 -0.4091131 -0.3995764 0.0925843 0.5947725 0.1821136 0.4906943 0.0371508 -0.1660089 0.3094229 0.5568610 0.2993490 -0.2512775 0.2335869 0.2140523 -0.0199539 0.2248129 -0.1738753 0.4614067 0.0517108 0.1252798 0.2697737 -0.1303828 0.5448393 0.1143127 0.1191086 -0.2283962 0.1753131 0.1548745 0.3374749 -0.0440944 0.4344102 0.3762449 0.3707662 0.2749419 0.0175161 -0.2395469 0.2674393 0.1376268 -0.1301098 0.2954362 -0.1734916 0.5664936 -0.0561657 0.3314333 0.1393815 -0.1546856 0.0207442 0.1420042 0.0932757 -0.5618608 -0.1105746 0.2281849 0.1266865 0.0271202 0.1150303 -0.0607554 -0.0353909 -0.1569622 -0.1618969 -0.2013980 -0.2669226 -0.1237476 0.1243118 0.0354698 -0.3289827 -0.0639755 -0.1195141 -0.2094576 -0.0031171 -0.0118896 -0.2275578 -0.3509269 -0.2662096 -0.0318406 -0.1226542 -0.0082474 -0.0237372 0.0805314 0.0914216 -0.1285483 0.0984810 0.0233248 -0.1021789 0.0669013 -0.0984438 0.0693886 0.0744223 0.0017620 -0.0120935 -0.0254460 0.0080807 0.0064613 -0.1024684 0.3592069 0.1730453 -0.0947753 -0.0776575 -0.1680739 -0.0569468 -0.0110572 -0.2410041 -0.0803708 -0.1165491 0.1427954 -0.2072562 -0.2107678 -0.2684386 0.3619125 -0.0540506 0.1342850 0.0583951 0.3324191 -0.0019222 -0.0213963 -0.2776646 -0.3244257 -0.1000444 0.2787753 0.1946306 0.2889850 -0.2256927 0.0413167 -0.2056667 0.3634417 0.0991235 -0.1784790 0.1027744 0.2206498 -0.1453747 0.0233985 0.2840243 -0.0406500 -0.1449795 0.2121815 0.2166642 0.0631729 -0.1310694 -0.1061330 -0.0369696 0.0333351 0.1032377 0.1982753 0.2160432 0.1450014 0.2743203 -0.3689292 0.5515798 0.6609581 -0.3077084 0.2968684 0.0699240 -0.0386710 -0.1215667 0.5558368 0.3064055 0.4199129 0.2945104 0.6155901 0.2203915 0.3477035 0.3338406 0.4446108 0.5229144 0.6791120 0.2652063 0.1929437 0.4728502 0.2231705 0.2630355 -0.1254912 -0.0916725 0.1647551 0.1283208 0.1322592 0.0875148 0.2089815 -0.0513071 0.3738815 0.3258623 0.0033501 0.2818919 0.3143973 -0.0396717 0.3368536 0.2929489 0.2061746
-0.1851311 -0.3087336 -0.3004080 0.2064904 0.1043409 0.1531663 0.7286623 -0.0397083 0.4352494 0.2440370 0.1825015 0.1240458 -0.2720908 0.0000000 0.2162828 0.0373303 0.1613243 0.4083617 0.0424821 0.0735018 -0.0149417 0.2887214 -0.0098863 0.6147343 0.1285174 0.2475804 -0.2450272 0.6607998 0.5346447 0.4854473 -0.0849132 0.0113015 0.5534325 0.6177830 0.1732820 -0.0673004 0.2390522 -0.0808012 0.0522605 0.3763560 0.0204435 0.1593782 -0.2600104 0.7313323 0.1163059 0.1752518 0.2414051 0.1232759 0.6056390 0.1770668 0.2326318 0.0848136 0.2102664 0.4226537 0.1193513 0.1685279 0.2457882 0.3598507 -0.2506834 0.2060503 0.1112484 0.1617334 -0.3318757 -0.2421841 0.0678071 0.0248985 0.1265881 0.1598593 -0.0967886 -0.2241620 0.0444652 0.0551887 0.1572764 -0.3481023 0.0510243 -0.3237548 -0.1679860 -0.0296028 -0.1798927 -0.1757857 -0.1583459 0.4093303 0.3464375 0.1727551 0.4945229 0.2801159 0.1186799 0.4133610 0.4032717 0.5323898 0.3924556 0.1293331 0.5100714 0.2727913 0.3513416 -0.0674826 0.3036232 0.4463173 0.3326086 0.0424329 0.5248037 0.3231817 0.3677285 0.1712643 0.3692913 0.1643581 0.1620807 0.0295813 0.3701566 0.0318417 0.3293843 0.0320502 0.3237664 -0.0498349 0.0746834 0.0743942 -0.0938825 -0.0922069 -0.1258906 0.2618767 -0.0378500 -0.0517632 0.2871476 -0.0201291 0.3047805 -0.0826822 0.1962451 0.3471284 0.6451885 0.2974097 0.2322357 0.2970251 0.3927384 0.0769321 0.5438913 0.5341939 0.3674440 0.3163685 0.2985458 0.0426909 0.4799709 0.2415052 0.4623293 -0.0175557 0.0916328 0.4206026 0.3576760 0.4279001 0.5064911 0.1810992 0.1909296 -0.0995490 0.4659480 0.5096129 0.6297751 0.0864917 0.4646017 0.4588698 0.4135453 0.3637387 0.6112978 0.4324984 0.0603468 0.5561477 0.5208218 0.2235455 0.3570276 0.4475098 0.1966049 0.4821837 0.5001099 0.2440101 0.1624880 -0.1625621 -0.3593050 0.0269179 0.0063411 0.1321151 -0.0405148 -0.0798816 -0.0580099 -0.4775103 -0.3018264 -0.3090806 -0.2123234 -0.2874788 -0.3798384 -0.3520339 0.0589952 -0.0861784 0.4489010 -0.0382859 0.0198948 0.2538775 0.1517064 -0.0389912 -0.2002956 -0.1059016 -0.2178829 -0.1754663 0.0495245 -0.1556003 0.4620642 0.0494030 -0.1735484 -0.4702289 0.1058655 -0.1500371 -0.1812907 -0.2321907 0.1777886 0.0552571 -0.1491513 -0.2505220 -0.1510471 -0.0047113 -0.3247289 -0.2683517
0.2821148 0.4006968 -0.0052101 0.3484147 0.1915577 0.4940174 0.5753478 0.1787453 0.5206729 0.0800519 0.1250312 0.4919140 -0.1099906 0.2162828 0.0000000 -0.0668934 -0.1153596 0.8152003 -0.2031468 0.1868813 0.4687377 -0.0967163 -0.3128277 0.6803028 -0.3520859 -0.2332474 -0.4906808 0.6714292 0.8694250 -0.0501686 0.2692658 -0.3385324 0.6302809 0.6810364 -0.3379347 0.3576533 -0.3446709 -0.1713540 -0.7116865 -0.3455468 0.1643504 0.4659074 -0.6019177 -0.1807425 0.4235707 -0.1741803 -0.3805123 -0.1822267 0.2399205 -0.0364035 -0.4962666 -0.4691181 0.3736272 -0.3819897 -0.0555963 -0.3574365 -0.2543769 -0.3354085 -0.1767433 -0.5178097 0.0683515 -0.5154792 0.0103776 0.1025864 0.1657604 -0.2126180 -0.3765257 -0.3267107 -0.3053434 -0.2797410 -0.3032611 0.0803364 -0.3752369 0.0491874 -0.0497744 -0.4297096 -0.1057472 -0.2522334 -0.1511386 -0.1123132 -0.1655684 0.1539821 0.1704856 0.2219314 0.3971543 0.1356945 -0.0154339 0.4488334 -0.0224301 0.0468056 -0.1010381 -0.2439223 0.0184034 0.4906199 -0.1280474 -0.0455059 -0.1523044 -0.0130521 -0.2568486 0.1978005 0.1218494 -0.2624946 -0.0528536 0.2584978 0.0151622 -0.1426642 0.1091115 0.3486561 -0.1692254 0.1955754 0.0305885 -0.0258978 0.4402604 0.2427457 0.2998855 0.3046510 0.1641324 0.4310736 0.2865903 0.0996035 0.3559628 0.1276183 -0.1038374 0.2528691 0.1807896 0.2608361 -0.2006773 -0.3335469 0.2630409 0.5394200 0.5496906 -0.3442689 0.2028327 0.3248336 0.0031377 -0.1907935 0.5159809 0.3666188 0.5034344 0.3051058 0.1110944 0.1845985 -0.0999832 0.3461977 0.4130985 0.0594804 0.3470337 0.3650066 -0.1722545 -0.0331890 -0.1507658 0.1566852 0.0637783 -0.0700081 0.0757769 0.0280091 -0.2391198 0.1362941 -0.1871180 -0.2641821 -0.1761990 -0.0967653 -0.0844041 -0.2515304 -0.2211195 0.0428649 -0.3034368 -0.2709279 -0.1837251 -0.1611984 -0.2753110 -0.2349790 0.1847453 0.2475515 0.3284302 0.1799045 0.1069826 -0.2377510 0.2079139 0.0047354 0.1335676 0.1947757 -0.1424999 -0.0997902 -0.3721653 -0.2118980 -0.3477774 -0.4262776 0.0915053 0.0902017 -0.1333188 0.0595202 0.2108188 0.2360228 0.1060075 0.2507633 0.3973565 0.1582502 -0.0647140 0.3977550 0.0660399 0.5510185 0.6489712 0.3828304 -0.0496057 -0.0888719 0.6849393 0.2125465 0.0721195 0.3183023 0.2402481 0.3294095 0.0458034 -0.1870632 0.2911230 0.4412718 0.2638024 -0.1610178
-0.2480163 0.0774875 0.2230887 0.5476228 -0.1379902 0.4602489 0.1012387 0.5751060 0.4859010 0.6587733 0.8884917 0.4836656 0.2073796 0.0373303 -0.0668934 0.0000000 0.3968258 -0.0366727 0.9157302 -0.5485755 0.2246565 0.5836591 0.8620793 -0.1259711 0.6560826 0.8126216 0.5947895 -0.0873724 0.0212380 0.1747129 -0.3807028 0.1531753 -0.1069100 0.0499865 0.7600593 0.1348252 0.6858589 0.7224616 0.2989660 0.6328738 0.5048549 0.1182780 0.6039911 0.3196244 0.3429441 0.7340262 0.7194133 0.4343532 0.5417819 0.1247947 0.6579807 0.7235760 0.5823617 0.5527512 0.1879436 0.6552736 0.8039088 0.5738156 -0.5603471 0.6830270 0.4776474 0.6644315 0.1005825 0.6927170 0.2768101 0.2393548 0.7883110 0.7260916 0.2971269 0.8591715 0.3624355 0.8742913 0.7357997 0.4043282 0.1630844 0.7702302 0.6510065 0.3996234 0.5525948 0.4899518 0.2497009 0.2739432 0.3900118 -0.0358505 -0.1568847 0.0469952 0.1838063 -0.0910156 0.2950668 0.3260872 0.4288784 0.2437559 0.1076584 -0.5398516 0.6186175 0.1418802 0.1399867 0.1285541 0.4627687 -0.4305858 0.3552252 0.1441333 0.1975264 0.0491607 0.1371365 0.4117177 -0.2114637 -0.3553426 0.4038740 0.0134582 0.5113488 0.2235128 -0.2831922 -0.2510409 -0.3175503 -0.2316714 -0.1439538 -0.4124618 -0.1885897 -0.3540705 -0.4232468 -0.1075661 0.4985040 -0.5573518 -0.3452259 0.1795170 0.2353065 0.2897499 0.0440667 -0.2036152 -0.2376109 0.5339767 0.2811935 -0.5441109 0.4439901 0.2583851 -0.1990156 0.0340167 -0.0090152 0.4006011 0.2538130 0.0852175 0.6375229 0.1107419 -0.2430957 0.0323415 -0.1935451 -0.4658413 0.3244795 0.3448302 0.5198547 0.0478665 0.0317513 0.0806522 -0.1488831 -0.0403880 0.3535672 -0.1279028 0.7143419 0.4729577 -0.2234163 0.5139773 -0.0761922 0.3604993 0.2983048 -0.0581478 0.0904928 0.4179502 0.2913988 0.5242786 0.1896292 0.3473112 -0.2204453 -0.3183291 -0.0913751 0.1974555 0.5452207 0.4331362 0.3519755 0.5225801 0.3893431 -0.2911941 -0.3848670 -0.4714111 -0.6036521 0.3376864 -0.5970994 -0.2344714 -0.1369007 0.4854304 -0.1416177 0.3295437 0.0413413 0.0955982 0.4078297 0.1243107 -0.2264517 0.3657751 0.3187548 -0.0838055 -0.2225558 -0.2296235 0.4236468 0.5204310 -0.6080613 -0.2180681 -0.1439764 -0.3654177 -0.3974758 0.1337562 0.3813586 0.4517804 -0.5252621 0.5359397 0.3278070 -0.2490375 -0.2693220 -0.3083846
-0.5036127 0.0463487 0.2360956 0.1580134 -0.1903551 0.3165462 -0.0373511 0.4222708 0.3044840 0.7633076 0.5481032 0.2110745 0.0218742 0.1613243 -0.1153596 0.3968258 0.0000000 -0.3164895 0.4685056 0.0763764 -0.0947661 0.4624356 0.5998121 -0.4156180 0.3968065 0.5393939 0.6232291 -0.1143978 -0.1126667 0.3731829 -0.1864393 -0.0208122 -0.4242748 -0.2619156 0.4667288 -0.1591976 0.3697944 0.3906906 0.4670027 0.5182163 0.1590215 0.0390849 0.2279245 0.4267328 0.6169039 0.3381868 0.5791401 0.4314112 0.2102313 0.4317876 0.4617283 0.4629478 0.3961990 0.5215185 0.0192148 0.2724760 0.4148742 0.6319924 -0.1778315 0.3854134 0.1816612 0.4634084 -0.1941455 0.4087418 0.1894052 0.0854606 0.5482254 0.5610157 -0.1904627 0.4735645 0.2724959 0.4869907 0.4962391 -0.0799085 -0.1136904 0.2571877 0.3191222 0.1006513 0.0361678 -0.0563022 -0.0373647 0.5577962 0.0723285 -0.3049086 0.0156125 -0.0557946 0.2312803 0.1425991 0.0810576 0.2364447 0.0854911 0.0393631 0.0857296 0.0508131 0.3811761 -0.4286959 -0.0622214 0.1735894 0.2407956 0.0922544 0.2258427 -0.0942297 0.1943659 0.2991237 0.1584272 0.1682423 -0.1536175 0.0682083 0.3148149 0.0066425 0.1937256 -0.0300666 -0.0171926 -0.0586028 -0.1398416 -0.1318012 -0.1190215 -0.2803313 -0.0561217 -0.1130336 -0.2661205 -0.2461760 0.3997319 -0.0438547 -0.0242118 0.0298088 -0.2380178 0.3643796 0.2699054 0.1084813 0.0018612 -0.0010359 0.2342373 -0.0515087 0.0351927 0.4097900 0.1483415 0.2606190 0.1664268 0.3898732 0.0062585 0.2874036 0.0374759 0.1903812 0.0908682 0.3479081 0.1739643 0.0209389 0.1045934 0.4149754 0.4331907 0.2172262 0.2628931 0.2362906 0.2571206 -0.0672429 0.4013154 0.2241908 0.2060690 0.3359080 0.1484448 0.4275779 -0.0249671 0.4358001 0.4048958 0.1085320 0.3671618 0.4391500 0.1205644 0.5193161 0.4402158 0.3105588 -0.5655418 0.1584665 0.1573961 0.5106443 0.2946091 0.4587988 -0.0677980 0.1295566 0.2304615 0.0666755 -0.1599658 -0.1264095 0.0539919 -0.1894848 -0.2430273 -0.5051747 0.0980509 0.2786679 0.1662829 0.1181295 0.1441023 0.2281921 0.3616314 0.0026969 -0.1205291 0.2526124 -0.1956445 -0.1943596 0.0298422 -0.1289514 0.4728288 0.2623647 -0.0596972 -0.2180385 -0.2020297 0.3863277 -0.4990624 -0.3749083 0.2543352 0.3029974 -0.4627724 -0.0014039 0.0047711 -0.0006520 -0.0242726 0.0762967
