0.0000000 0.6616311 0.5344178 0.5543281 0.1876198 0.5436532 0.5695647 0.2920380 0.4160615 0.2874428 0.1133946 0.5512787 -0.1638304 0.5016626 0.5021337 -0.0934151 0.0147844 0.4060643 -0.1893944 -0.2841879 0.4409556 -0.1250480 -0.0234367 0.5418282 -0.1811347 -0.1365697 -0.0234172 0.5676026 0.4888024 0.2923223 -0.1014163 -0.0726043 0.4680522 0.3702541 -0.1871845 0.3633193 -0.0644896 0.0927395 0.2491184 0.1686429 -0.0273459 0.4683903 -0.1357568 0.3787297 0.4595179 0.0071748 -0.1084671 0.1209876 0.4033312 0.2755146 -0.1739894 0.1642538 0.4014240 -0.1139097 0.2097050 0.1175200 -0.0252909 0.0145533 0.0561892 -0.1690618 0.4772295 -0.1439656 0.0290528 0.2621743 0.6069772 0.0691104 -0.1487784 -0.2927828 -0.0186339 -0.1458215 -0.0512189 0.3091983 -0.2856617 0.5187101 -0.1304882 -0.0959087 0.2178767 -0.1289698 0.0621264 0.3837002 0.2792594 -0.2947252 0.1041969 0.0112278 0.0464145 -0.1193353 0.1169269 -0.3163453 -0.0455171 -0.2085107 0.0058099 -0.0745100 -0.1593796 -0.3959792 0.0850119 0.0380039 -0.1293416 0.1231521 -0.0085828 -0.1436788 -0.3744298 0.0935550 0.1183933 -0.2499303 -0.2878833 0.3819917 0.0330371 0.0487277 0.2549002 -0.3434491 0.0173049 -0.0523348 -0.3001787 -0.2964277 -0.1603657 0.1814887 0.1828040 0.1636262 0.2059922 0.3485156 0.4226836 0.3732028 0.0593377 -0.1110353 0.1282172 0.3797365 0.3504374 -0.0967844 0.3330287 0.2421967 0.3475509 -0.0644103 0.3468420 -0.5083557 -0.3530474 0.0037278 0.3640580 0.3568718 0.5104164 0.2684304 -0.1550981 0.2879535 -0.3918300 0.4187885 0.2470625 -0.2118061 0.3664994 0.4626650 -0.1184337 0.3422073 0.4656841 -0.0918191 0.3955885 -0.2311090 0.0409767 -0.0845936 -0.2992584 -0.0001603 -0.1050761 0.1856908 0.0243570 0.1922141 -0.1471326 -0.2998604 0.0532481 -0.1765698 -0.3204022 0.0067831 0.2253345 -0.0000144 0.0178426 0.0782494 0.7489250 0.1141183 0.5533025 0.6068261 0.3459658 -0.1811241 0.2676766 -0.2059753 -0.5144638 -0.0553942 0.0077378 -0.1393762 -0.1098243 0.6840755 0.1319714 0.2989476 0.2832961 0.4820427 0.1830915 0.3993544 0.2066980 -0.0347370 0.5163449 0.5005232 0.2262982 0.5164741 0.3749581 0.4413051 0.0855037 -0.4400808 0.1946560 0.2569501 0.1376685 0.1575109 0.2696701 0.3481049 0.0574892 -0.0796129 0.0164987 -0.0062593 0.1142026 0.3125176 0.2281856 -0.2080017 0.4164269 0.1302302
0.6616311 0.0000000 0.5626468 0.7781576 -0.0445850 0.9086285 0.7516638 0.3529533 0.7953925 0.4739269 0.1980302 0.7318797 -0.0482480 0.6173164 0.8260866 -0.1239407 0.0265583 0.7492558 -0.2150186 -0.5510835 0.6890025 -0.0441421 -0.1741359 0.7677339 -0.0458025 -0.1786077 0.0050423 0.6640094 0.7911489 0.5788112 -0.1931734 -0.1302635 0.5774841 0.7602439 -0.2649244 0.5247573 -0.1135160 -0.0301145 0.4328086 0.2916973 -0.0598631 0.7086298 -0.1247909 0.4225518 0.7448863 -0.1207505 -0.1722039 0.0055450 0.5512501 -0.0259420 -0.1573371 0.1188356 0.7097101 -0.1647269 -0.0129323 -0.1134759 -0.1701174 0.1613633 -0.1652225 -0.1998316 0.5088435 -0.1958012 -0.1228674 0.5511361 0.9223169 -0.1499713 -0.2138996 -0.2882182 -0.1555260 0.0248504 -0.2117679 0.8033723 -0.2244172 0.6968953 -0.3368492 0.2156107 0.4510484 -0.3110824 0.2630015 0.7259294 0.0574812 0.0686635 0.1664652 0.1706988 0.1110044 0.0849564 0.1196875 -0.0275414 0.2070237 0.1147758 0.0818418 -0.1475269 -0.2780187 -0.1365062 0.2384895 -0.1305334 -0.0555475 0.0254393 0.2708219 -0.0887599 -0.0948246 0.0427282 -0.1342738 -0.1490289 -0.0574448 0.1739938 -0.1303326 -0.2095262 0.2079070 -0.2126799 0.2783043 -0.0849826 -0.0657611 -0.3080061 0.1456491 0.1370432 0.1716867 0.2593603 0.2394114 0.3817457 0.4332675 0.2855719 -0.1152950 -0.1018955 0.2557158 0.5073548 0.0619840 -0.0616792 0.4070746 0.2385777 0.3378572 -0.1161849 0.1115046 -0.2893749 -0.3772665 -0.0610126 0.3152891 0.3141311 0.4217852 0.4847004 -0.0945809 0.4282525 -0.2025590 0.6037578 0.3005434 -0.0618474 0.4134328 0.4794548 -0.0674200 0.3828159 0.5411752 0.0291092 0.4459720 -0.1297804 0.1357129 -0.2432324 -0.0171463 -0.0164995 -0.0074104 0.2790983 0.0051835 0.2314207 -0.3581552 -0.0980288 -0.0121418 -0.1507440 -0.3352478 0.0932386 0.3092944 0.2225469 0.0521019 0.1453244 0.5176064 -0.1095872 0.5586324 0.5950202 0.3972055 -0.1428646 0.3470860 -0.0762146 -0.4698922 -0.1057293 -0.1016746 -0.2321587 -0.3807843 0.7593752 -0.1910187 0.1035340 0.2101828 0.2833990 0.1874975 0.5149740 -0.0569999 -0.1827123 0.6291118 0.5322198 0.2390517 0.1520342 0.2734073 0.5057430 0.0322642 -0.3755541 0.0095933 -0.2515766 0.0684171 -0.2580394 0.4587296 0.1850995 0.0237312 -0.2289210 -0.0055039 -0.3091115 -0.0815344 0.2340319 0.4452051 -0.2961396 0.2507955 -0.2901481
0.5344178 0.5626468 0.0000000 0.6790475 0.5898480 0.6170512 0.2979213 0.6117938 0.4029267 0.5203789 0.5377344 0.3371858 0.5205866 0.0752182 0.4714547 0.4197541 0.2249363 0.3505485 0.4317178 0.1791816 0.2071102 0.3695172 0.2418699 0.4892659 0.4069924 0.3475197 0.0679256 0.3134664 0.3607577 -0.0350733 0.4567113 0.5030456 0.2158404 0.4243414 0.2912866 0.2469649 0.4872660 0.5398710 -0.1204588 -0.2282348 0.4496551 0.4187621 0.1004843 -0.0022325 0.4516399 0.4811217 0.4296279 0.5209249 0.1664776 0.3950966 0.3600460 -0.1612809 0.4698175 -0.3548097 0.5235892 0.5324239 0.4957460 -0.0062874 0.2680075 0.3100556 0.4326937 0.1161881 0.4353706 0.5050154 0.5209546 0.5072057 0.3285497 -0.0240268 0.5466695 0.2957816 0.3630802 0.6312565 0.3154881 0.7878988 0.3837804 0.4537915 0.7179713 0.3686711 0.5552151 0.6447367 0.5970868 0.0822676 0.3983085 0.3699657 0.0312631 0.3894819 0.4569313 0.1470783 0.3900463 0.2276739 0.1854203 -0.1958146 -0.2151839 0.0106259 0.3698256 -0.5273603 -0.3535329 0.0450876 0.3863649 -0.0357120 -0.0249524 0.3895074 0.1662746 0.0110790 -0.1675618 0.2991545 0.0071142 0.0287875 0.3153107 -0.2590270 0.5195336 -0.1024187 -0.0802591 -0.3562745 -0.2146911 -0.1286450 -0.1790540 0.0053151 -0.1354161 0.2242176 -0.0010040 -0.0492999 0.1039263 -0.0822080 0.1112636 0.0793933 0.4496022 0.0433598 0.0332780 0.4548492 0.5468319 0.1204211 0.4149370 -0.1749662 -0.2203141 0.0817695 0.5764312 0.1086127 0.3555263 0.1936670 -0.0064934 0.0134424 0.0361908 0.2156839 0.0099134 -0.0405378 0.2850140 0.3853952 -0.3120948 0.2508315 0.3284152 -0.1992758 0.2516077 -0.0565141 0.3786038 0.1480898 0.0407889 -0.2070770 -0.1350192 -0.0253457 0.2062745 0.2315013 0.1912404 0.1053528 0.1335594 0.2016331 0.0306119 -0.3122946 -0.0986412 0.0031858 0.0161893 -0.1203985 0.4733318 0.1979967 0.4057269 0.1849728 -0.0411303 -0.0984751 -0.0021356 -0.1050877 -0.2904251 0.3686108 0.3921561 0.3346728 0.2134484 0.3978452 0.4040832 0.4412889 0.5862162 0.4165815 0.2138275 0.5233398 -0.1117337 0.2651849 0.2780490 0.2339031 -0.3726866 0.2617275 0.6620542 -0.0479943 0.4971174 -0.2090052 0.1151097 -0.1174526 0.2921500 0.1474149 0.0964741 -0.0486751 0.2604882 0.3752430 0.0415460 -0.0275558 0.1773789 0.2262615 0.1113952 -0.0625324 0.5163131 0.0658013
0.5543281 0.7781576 0.6790475 0.0000000 0.0434282 0.8694866 0.6107309 0.7071057 0.7588199 0.6818670 0.5081201 0.6557909 0.2782398 0.5534227 0.8334222 0.1410698 0.1455740 0.7479228 0.0831489 -0.3724884 0.4259269 0.2566828 -0.0063960 0.8205425 0.2129353 0.1464214 0.2382222 0.5274708 0.6411053 0.5111352 0.1186650 0.1243219 0.4105136 0.6130603 0.0907499 0.1210217 0.1864108 0.2120391 0.3001215 0.2434379 0.2457836 0.4332078 0.0295345 0.0931440 0.5056147 0.1378009 0.1509350 0.2468904 0.3270261 0.1905865 0.1719847 0.0101837 0.7206471 -0.3790946 0.2555049 0.1399028 0.0814021 -0.0419100 -0.2258326 0.0742318 0.3321931 -0.0387134 0.1067933 0.6579415 0.7880100 0.0305274 0.0736566 -0.1706554 0.0650611 0.2543161 -0.0761477 0.7911710 0.0681636 0.6516545 -0.0495040 0.3660657 0.4630685 0.0167117 0.3697677 0.6393876 0.2041896 0.0839167 0.1889179 0.2097035 0.1059651 0.2407422 0.3143995 0.1579653 0.3418465 0.2846694 0.1502967 -0.2520388 -0.1222193 -0.0496672 0.4586812 -0.2568757 -0.3263755 0.1692844 0.3481769 -0.2978006 -0.0613777 0.2010308 -0.0303659 -0.1529844 -0.3318274 0.2208108 0.0955364 -0.1066471 0.0490053 -0.0459940 0.1863366 -0.1329972 -0.0490370 -0.2185969 -0.2285003 -0.1820146 -0.1062773 0.0959776 -0.1082266 0.0846941 0.0462169 0.0978110 -0.1908158 -0.0550907 -0.0271486 0.2524812 0.2467689 -0.3065898 0.1213729 0.3429423 0.3486255 -0.2884713 0.1520537 -0.2125805 -0.4830008 -0.1467989 0.3445094 0.0771056 0.2550849 0.2044414 -0.2684241 0.0029519 -0.2634158 0.3437398 0.0498261 -0.1204518 0.2304078 0.2832324 -0.3264415 -0.0131894 0.3403960 -0.2713062 0.1765828 -0.2199633 0.0701228 -0.2528361 -0.2891040 -0.2290827 -0.2032372 0.0787050 -0.1772965 -0.1006000 -0.2297976 -0.2558405 -0.1474069 -0.1511526 -0.1896894 -0.1054362 0.0823832 -0.1281770 -0.1913844 -0.1547843 0.5212889 0.1786493 0.3593169 0.4763962 0.2367026 -0.0711173 0.0092301 -0.3745925 -0.6103438 -0.2455652 -0.2166433 -0.3118498 -0.3608493 0.5648783 -0.1986631 -0.0198147 0.1471566 0.3281613 0.0574385 0.4030531 -0.1254349 -0.1663842 0.3416441 0.4082257 0.0339652 0.0966080 0.3394079 0.1524617 0.2159982 0.0096248 0.1733181 0.1172828 0.1901506 -0.1909083 0.1726457 0.4079293 0.1646341 0.0247504 -0.0124198 -0.0316339 -0.0205576 0.2673998 0.5038017 -0.1263234 0.2442323 -0.1780695
0.1876198 -0.0445850 0.5898480 0.0434282 0.0000000 0.0267151 -0.0075717 0.3347345 -0.0703531 0.0555898 0.3673726 -0.0340973 0.5390142 -0.3199261 -0.1294881 0.4320389 -0.0357922 -0.2894108 0.4832158 0.5271183 -0.1196710 0.0955808 0.1384278 0.0037539 0.3096132 0.3817553 -0.3349546 0.0353575 -0.1115822 -0.5487406 0.4242506 0.4586048 0.0546888 0.0930652 0.2713557 0.2262208 0.4283823 0.4962496 -0.5473102 -0.4959180 0.2671636 0.2015505 -0.1609017 -0.0767398 0.1563503 0.4663124 0.3907026 0.3880013 -0.0173250 0.3495245 0.2679202 -0.3685953 0.1869581 -0.3569974 0.4836624 0.5504936 0.5173350 -0.2392782 0.6586346 0.1811952 0.4401815 -0.0136638 0.2705048 0.0248568 -0.0349451 0.5664181 0.3374034 -0.1222886 0.6389604 0.0500512 0.4097171 0.1858383 0.2844898 0.4177665 0.5381917 0.1563763 0.6753880 0.4384585 0.2282554 0.4332681 0.6678843 -0.2014054 0.2432223 0.1803759 -0.1834183 0.1376961 0.2399225 0.0207535 0.0587660 -0.1116323 0.1400844 0.1374684 -0.0390190 0.1758584 0.0842413 -0.3761608 -0.2964562 0.0644238 -0.0028548 0.3151572 0.0464940 0.2772739 0.2926150 0.3904599 -0.0949190 0.3321037 0.0571534 0.0088797 0.2898361 -0.2358312 0.3905213 -0.1048812 -0.1517923 -0.1608809 -0.2602107 -0.0592105 -0.2814747 0.0430653 -0.0504987 0.2810744 -0.1177530 -0.2834342 0.1431945 0.0562359 -0.0165932 -0.0400723 0.3014025 0.1210293 -0.0800043 0.1307053 0.2029212 0.2474844 0.2194662 0.0126269 0.1031052 0.1312523 0.3591301 -0.0041591 0.1071256 0.2530561 -0.0372984 0.0783011 0.1812620 0.2069031 0.0750563 -0.1651482 0.0568219 0.1076483 -0.0859752 0.2549750 0.2800556 0.0483577 0.0642669 -0.1573933 0.0763551 0.3213416 0.2609847 -0.1131638 -0.0967169 0.2042810 0.0991202 0.1525776 0.3819199 0.3155024 -0.0378934 0.2375036 0.0560473 -0.2892909 -0.2807769 -0.0781812 -0.1101057 -0.2374799 0.1658437 0.3451027 0.4502398 -0.0989418 -0.2840418 -0.1971920 -0.0412029 0.1207333 0.1460784 0.6771650 0.6366687 0.5941197 0.6068665 -0.2126594 0.7014711 0.3168260 0.6916711 0.3111615 0.2181899 0.5276774 -0.1213522 0.5089355 0.1693267 0.0060300 -0.4712810 0.1819352 0.7557212 -0.1470444 0.4580325 0.1512232 -0.1129154 -0.0062151 0.1039449 0.4705221 0.0512415 -0.1555895 0.1770074 0.6660165 -0.1475522 0.3190428 0.2899953 0.2933311 0.0717055 0.0907903 0.0994467 0.0848548
0.5436532 0.9086285 0.6170512 0.8694866 0.0267151 0.0000000 0.8263818 0.4220695 0.8492118 0.5209393 0.2994916 0.8220670 0.1239448 0.6524475 0.8720643 -0.0374594 0.0375899 0.8146726 -0.0707095 -0.4011148 0.7093682 0.0309449 -0.1798313 0.8435932 0.0902897 -0.0278833 0.0378652 0.6828622 0.8474973 0.5265540 -0.0685101 -0.0276977 0.5695747 0.8427583 -0.1144179 0.4548914 0.0179312 0.0143088 0.3428100 0.3215861 0.0320121 0.7562573 -0.0431479 0.3479826 0.7845085 -0.0216610 -0.0552622 0.0442760 0.5159565 -0.0237229 -0.0120041 0.1086625 0.8600014 -0.2294061 0.0391785 -0.0451780 -0.0647365 0.1682895 -0.1510415 -0.0683619 0.5710655 -0.1459121 0.0494635 0.6521497 0.9304476 -0.0714496 -0.1053335 -0.2401195 -0.0803909 0.1421881 -0.2025752 0.8666442 -0.1148852 0.6878363 -0.2273482 0.2740365 0.4584553 -0.1601271 0.2909175 0.7867246 0.1285150 0.1091110 0.1777584 0.2146462 0.1625083 0.1752502 0.2155395 0.0967917 0.2832941 0.1797559 0.2144711 -0.0627162 -0.1474605 -0.0699370 0.3315266 -0.1836481 -0.2191299 0.0761401 0.2377071 -0.1702567 -0.1119714 0.0878099 -0.1156976 -0.1065229 -0.1344005 0.1450522 -0.0530245 -0.2845890 0.1150032 -0.1414893 0.2448222 -0.1403177 -0.0687714 -0.3215931 -0.0197255 0.0009452 -0.0450916 0.3258130 0.1826551 0.3215633 0.2411100 0.0989710 -0.2959606 -0.0779612 0.1558225 0.5510299 0.0642410 -0.2128589 0.3394563 0.2286014 0.3237210 -0.2751224 0.0357919 -0.2955834 -0.3641830 -0.1453320 0.3139929 0.2196917 0.3480785 0.5193222 -0.2021441 0.3611338 -0.2277120 0.6296492 0.2938850 -0.1764409 0.3777537 0.4572402 -0.1634072 0.2585031 0.5425924 0.0362458 0.3840250 -0.2648573 0.0999544 -0.2246944 -0.0771221 -0.0719501 -0.0882959 0.3234528 -0.1021969 0.0601040 -0.3084143 -0.0640347 -0.1008292 -0.1492970 -0.3394411 0.0197076 0.2291268 0.1112858 -0.0834136 0.0288049 0.5545959 0.0103058 0.5820009 0.5619401 0.4035786 0.0459067 0.2663993 -0.1793346 -0.5435100 -0.1946303 -0.1383663 -0.2563449 -0.4130490 0.6669166 -0.2136557 0.1402356 0.3076045 0.3373694 0.1456713 0.5817458 0.0706523 -0.2136368 0.6325070 0.4612292 0.1599825 0.2242931 0.3564484 0.4470882 0.1295143 -0.1271160 0.0425496 -0.1268023 0.1471911 -0.2990108 0.4907225 0.2823248 0.0952715 -0.0724164 -0.0100584 -0.2297288 -0.0694902 0.2786187 0.5948188 -0.2372092 0.1940047 -0.2638643
0.5695647 0.7516638 0.2979213 0.6107309 -0.0075717 0.8263818 0.0000000 0.2105139 0.6905652 0.2140420 0.0768953 0.8954934 -0.0965101 0.7364244 0.6495033 -0.1653453 0.0285678 0.6618433 -0.2536365 -0.4740259 0.7868951 -0.2122533 -0.2732179 0.6827255 -0.0862928 -0.1249817 0.0177643 0.6469644 0.7649596 0.5208205 -0.2077950 -0.2062325 0.5476656 0.7484718 -0.2261723 0.5816032 -0.1331856 -0.1936862 0.4113875 0.4740766 -0.1452599 0.8002919 -0.0405366 0.4370390 0.7654810 -0.1836453 -0.2572471 -0.1747837 0.4935289 -0.0915607 -0.1907281 0.3094255 0.7423120 0.0267691 -0.0910618 -0.1753545 -0.2146609 0.2181524 -0.1362378 -0.2178274 0.7031245 -0.1372601 -0.0901977 0.4911560 0.7739943 -0.2758728 -0.2194197 -0.2637408 -0.2725332 0.0056657 -0.3312666 0.6900543 -0.2625642 0.5428617 -0.3588169 0.1122218 0.3254959 -0.2698722 0.1551406 0.6833628 0.1111731 -0.0321961 0.1791204 0.1317320 0.2792521 -0.0194565 0.1619318 0.0052855 0.1344914 0.0167679 0.3021785 0.2771343 0.1122712 -0.0339089 0.2347626 0.1909443 0.0435345 0.2438723 -0.0146990 -0.0302130 -0.0829469 0.0146114 0.0315448 0.0220626 0.0184114 0.0882681 0.1576590 -0.2131504 0.2051486 0.0185152 0.0844781 0.1137325 -0.0140253 -0.0665998 0.1183815 0.2595321 0.1618057 0.5471629 0.5113865 0.5364947 0.4555666 0.1836042 -0.3516842 0.0702965 0.2795935 0.7902987 -0.1545016 -0.2491393 0.5745529 -0.0211612 0.1413887 -0.3709250 -0.2347218 -0.3663572 -0.4361665 -0.1525350 0.1053078 0.3766270 0.3226758 0.6968178 -0.3175041 0.6239126 -0.3851399 0.7943549 0.5067062 -0.2524362 0.3967051 0.4180815 -0.0661147 0.3340495 0.6614623 0.2604590 0.4706813 -0.4684717 -0.2279812 -0.2686173 -0.0152327 0.0937461 0.0202875 0.5405754 -0.3162984 0.0011395 -0.4107835 -0.0446511 -0.2224968 -0.2644615 -0.4845012 0.1700012 0.3848498 0.1775461 -0.1900331 0.1818730 0.6359204 0.1019122 0.8197319 0.8206507 0.7035765 0.1469224 0.5660131 0.0352187 -0.4611915 -0.2522583 -0.2354985 -0.4114761 -0.5358013 0.6267169 -0.2619981 0.1965059 0.3895217 0.5522526 0.2812778 0.5985808 0.3515717 -0.1514215 0.8270556 0.6894845 0.4663761 0.4505834 0.3729574 0.7278971 0.0591244 -0.0408129 -0.0780125 0.0954107 0.0507644 -0.1436304 0.6648610 0.3925863 0.1333404 -0.0858323 -0.2074689 -0.0178189 -0.0857247 0.3436083 0.7107139 -0.2726188 0.0874276 -0.2578653
0.2920380 0.3529533 0.6117938 0.7071057 0.3347345 0.4220695 0.2105139 0.0000000 0.4850177 0.8242291 0.9071135 0.0762427 0.7470989 -0.0030164 0.4360486 0.7236125 0.5355266 0.4098286 0.6307920 -0.0734786 -0.1877298 0.7047866 0.4869311 0.2776065 0.6996545 0.6780081 0.4476238 -0.0475369 0.0007491 0.1212901 0.5973351 0.6050358 -0.1263967 0.1935447 0.5972585 -0.0336920 0.6362564 0.6710524 -0.0825268 -0.0019232 0.6015487 0.0501768 0.2971449 -0.3626636 0.1506200 0.5978639 0.6350861 0.5302622 -0.1487033 0.5476295 0.6344947 -0.1588132 0.2485794 -0.2669384 0.6276742 0.5808064 0.5041958 -0.0869952 -0.1454874 0.4916664 -0.0401836 0.4102450 0.1305073 0.6947077 0.2129277 0.2593226 0.6025027 0.2598810 0.5055295 0.6335087 0.4016289 0.5596335 0.6244976 0.6005597 0.5009738 0.7164585 0.6630982 0.5124534 0.6414340 0.4501965 0.4973139 -0.0822188 0.2347512 0.0964020 -0.1414019 0.4736070 0.4618680 0.1762947 0.4396325 0.2870306 0.2897893 -0.3089477 -0.0791454 0.1591792 0.6525150 -0.2725745 -0.1209767 0.1631934 0.4011982 0.1202883 0.2034193 0.4926324 0.2685903 0.1650807 -0.2203631 0.4262204 0.4100516 0.0346419 0.2299426 0.0481191 0.1963563 0.0257900 0.0171107 -0.0504368 -0.3681352 -0.3008162 -0.1866525 -0.2864316 -0.3925165 -0.0404329 -0.3296065 -0.1329827 -0.0428372 0.1674215 -0.2706932 -0.2186837 0.4062824 -0.2569724 -0.1700956 0.3678193 0.2365354 -0.2740812 0.2129507 0.0955999 -0.4614386 -0.0016071 0.3672078 -0.0938057 0.0099445 -0.1122886 -0.2290272 -0.2695736 -0.0616097 0.0680241 -0.0492069 -0.0031805 0.0259483 -0.0133157 -0.4092790 -0.1684924 0.0670827 -0.4341466 -0.0218286 -0.1246815 0.0169232 -0.0919138 -0.1854523 -0.2109818 -0.1832731 -0.1563744 -0.2201849 -0.1384262 0.0789138 -0.2037168 -0.1140972 0.0756892 0.1191280 -0.3042101 -0.0988637 -0.2254522 -0.1805498 -0.2305720 0.3810685 0.4891589 0.2530495 0.1426274 -0.1577446 -0.3436976 -0.1517621 -0.1287129 -0.3595043 0.1132805 -0.0433315 -0.0916389 -0.0690437 0.0201221 -0.0351802 -0.1639374 0.1235504 0.2457261 0.2065094 0.1322968 -0.4945401 0.2451700 -0.0524922 0.2409564 -0.0850395 -0.2040027 0.4841491 -0.3329318 0.4996452 0.2754630 -0.0991779 0.2751467 0.0091668 0.0849262 -0.2629211 0.1750223 0.3634806 0.4674751 -0.3892318 0.4744143 0.0031276 0.0179909 0.2591460 0.0152334 0.3467447 0.0104874
0.4160615 0.7953925 0.4029267 0.7588199 -0.0703531 0.8492118 0.6905652 0.4850177 0.0000000 0.6008666 0.3602003 0.5913530 0.1681940 0.5910207 0.9296881 0.0601831 0.0788267 0.9088112 -0.0014458 -0.5461724 0.5074444 0.1491635 -0.1399545 0.7143252 0.2110752 0.0490815 0.0409729 0.5729721 0.6915651 0.6706084 -0.0914534 -0.0425044 0.4720943 0.7983905 -0.1046960 0.3930812 0.0224128 -0.0193432 0.3724962 0.4506519 -0.0784341 0.6058951 -0.1589705 0.2541282 0.6697553 -0.0039096 -0.0394300 -0.0919349 0.4590192 -0.0888250 -0.0129474 0.0400388 0.7074189 -0.2736304 -0.0445979 -0.0861367 -0.0966472 0.0985625 -0.3394263 -0.1187942 0.2542431 -0.1293582 -0.0855260 0.6848435 0.7525292 -0.1722610 -0.1124079 -0.1962290 -0.1303650 0.1532812 -0.2324745 0.7411102 -0.0717180 0.4602192 -0.2308306 0.2876124 0.3726114 -0.1194158 0.2508350 0.6975772 0.1673814 0.0572093 0.1357728 0.0543200 0.0600562 0.2785683 0.2244009 0.1878461 0.3512502 0.2443801 0.2217854 -0.0975737 -0.3336278 0.0728846 0.3955472 -0.1571821 -0.1612189 -0.1066092 0.3817906 0.0335506 0.1060490 0.0610092 -0.0642956 0.0548348 -0.1131608 0.2744698 0.0055119 -0.2477702 0.1317001 -0.1418468 0.2293436 -0.1681107 -0.0161214 -0.2675986 -0.0856296 -0.1754647 -0.1609753 0.0578521 -0.1163865 0.2064512 -0.0521070 0.0239727 -0.3279355 0.0132525 -0.0637155 0.2856108 0.1650388 -0.2088630 0.1603488 0.3021678 0.2100368 -0.3035292 0.1070315 -0.1220740 -0.3135409 -0.0493668 0.2837046 0.1042494 0.1542549 0.4468292 -0.0612145 0.3218506 0.0374294 0.4763836 0.2374602 -0.0721944 0.3091616 0.3161475 -0.1998487 0.2840520 0.5339969 0.0309481 0.3221550 -0.1036261 0.1251274 -0.2329297 -0.0020842 0.0545120 -0.1459392 0.3629985 -0.0541566 0.1823589 -0.1704900 -0.0099327 -0.0000704 0.0208839 -0.1373426 -0.0629863 0.0894778 0.2423837 0.1070693 0.0313769 0.3798607 0.1523836 0.4465389 0.3388597 0.1558394 -0.1522314 0.1629061 -0.1350052 -0.5228242 -0.1909813 -0.2443408 -0.3391976 -0.5004126 0.3912858 -0.4150239 -0.1363834 0.0691554 0.1128861 0.1718166 0.4059734 -0.1480216 -0.1450583 0.4204418 0.2648282 0.2445702 -0.1282653 0.3238609 0.2206443 0.0486142 0.0310555 -0.0413791 -0.0335513 0.0037245 -0.3411030 0.3089700 0.2326856 -0.0202861 0.0297185 -0.1460847 -0.0425286 -0.0884178 0.0803099 0.5349575 -0.1451577 0.0838927 -0.2614150
0.2874428 0.4739269 0.5203789 0.6818670 0.0555898 0.5209393 0.2140420 0.8242291 0.6008666 0.0000000 0.8598230 0.0393626 0.5843366 0.0318996 0.5368272 0.6167756 0.5651972 0.5501488 0.5274755 -0.1375107 -0.0973197 0.7051371 0.5524949 0.2679365 0.6362767 0.5978189 0.4342538 0.0235042 0.1328127 0.2120186 0.4607162 0.5454016 -0.0932046 0.2952963 0.5393425 0.1244420 0.5427422 0.5944308 0.0493118 0.1825847 0.4805267 0.1868331 0.3623850 -0.1927870 0.2631688 0.5319030 0.6093621 0.4210084 -0.0242745 0.5047406 0.6250962 -0.0049732 0.2320115 -0.0569760 0.5403544 0.4873755 0.4271006 0.2705653 -0.3596772 0.5470412 -0.1605541 0.4615238 0.1056509 0.8260445 0.2977232 0.1924812 0.5643998 0.3819209 0.4301614 0.7013698 0.3854718 0.5410295 0.5617804 0.5796558 0.3548735 0.6727669 0.4767338 0.4098361 0.5735625 0.3955917 0.3060157 -0.2031655 0.1104453 -0.2241234 -0.3369308 0.4003035 0.1580337 -0.1157437 0.2720707 0.0627129 0.2348760 -0.5207910 -0.1597363 -0.1646887 0.5195657 -0.3045941 -0.1221330 -0.0982335 0.2565568 0.1475789 -0.0154690 0.3712497 0.1736736 -0.0363809 -0.2125279 0.4483960 0.1784770 -0.1483404 0.1244939 -0.2296232 0.0208522 -0.1515289 -0.1157447 -0.3935939 -0.4255747 -0.3161080 -0.2670590 -0.4214863 -0.3418529 -0.0255911 -0.3389488 -0.1327753 -0.1132554 0.1699259 -0.3630919 -0.2114351 0.4327429 -0.2465440 -0.2161609 0.3955253 0.1345090 -0.3436366 0.3010620 0.1224924 -0.4381245 0.1011339 0.3818408 -0.2217528 -0.0970160 -0.1351706 -0.0497668 -0.2779000 -0.0735867 0.1444718 -0.0657946 0.0509061 -0.0865393 -0.0883233 -0.4720778 -0.1443635 -0.0249161 -0.3050695 -0.1027463 0.0918586 0.1870221 0.0552858 -0.2597111 -0.1726633 -0.3343060 -0.2316023 -0.0872208 -0.0632857 0.1340000 -0.2210296 0.0141400 0.1701358 0.1756898 -0.3853199 -0.1068384 -0.1442091 0.0342453 -0.2421943 0.4040117 0.2932855 0.1558121 0.0417574 -0.2329984 -0.4319095 -0.1583185 -0.2108027 -0.4722381 -0.0497480 -0.1463339 -0.1617754 -0.1463921 0.0635147 -0.2531615 -0.2348068 0.0192683 0.0229357 0.2373009 0.0148402 -0.5261658 0.0992950 -0.0249090 0.1015129 -0.0431697 -0.3235854 0.2795632 -0.2961250 0.4075810 0.1432696 -0.0815000 0.1246438 -0.1758674 -0.2808038 -0.3332005 0.0738103 0.3144298 0.3318203 -0.2155763 0.2457351 -0.2166668 -0.2779993 0.1471505 -0.0636681 0.3974068 0.0786413
0.1133946 0.1980302 0.5377344 0.5081201 0.3673726 0.2994916 0.0768953 0.9071135 0.3602003 0.8598230 0.0000000 -0.1305642 0.8248109 -0.2450202 0.2585513 0.8692456 0.6516768 0.2950205 0.7668181 0.0961384 -0.3215307 0.7833127 0.6787542 0.0364414 0.8259415 0.8431766 0.4523974 -0.2409415 -0.1674511 -0.0812034 0.6779567 0.7413828 -0.3238743 0.0831018 0.7583771 -0.0316354 0.7500423 0.7369529 -0.2816670 -0.1222343 0.6712852 0.0099444 0.4684861 -0.4695892 0.0720879 0.6787617 0.7578916 0.5697730 -0.2944096 0.5708218 0.7800765 -0.1777934 0.0893258 -0.1156236 0.6722113 0.6406349 0.6241139 0.0992646 -0.0757204 0.6723885 -0.1404013 0.5730249 0.2266187 0.7318893 0.0311106 0.3615758 0.7520534 0.5205277 0.6504967 0.8119580 0.5313456 0.4484515 0.7817818 0.5677638 0.5955430 0.7898128 0.6081630 0.6260993 0.6475196 0.3289411 0.4917742 -0.1916892 0.1728142 -0.0675468 -0.2719722 0.5356488 0.3560685 0.0412378 0.3946971 0.1599509 0.3360266 -0.3275908 -0.0173693 0.0318402 0.6254891 -0.2186039 -0.0357247 0.1023717 0.3142109 0.2198686 0.1569936 0.5491160 0.3004714 0.1922788 -0.0713823 0.4882281 0.3817674 -0.0657217 0.2353622 -0.0374076 0.1385857 0.0027129 -0.0515383 -0.1410224 -0.3723451 -0.2743232 -0.2257116 -0.3403837 -0.3660416 -0.0715616 -0.4355957 -0.2676290 -0.0280439 0.2163477 -0.3771857 -0.3310814 0.3460655 -0.2014610 -0.2726450 0.2745428 0.1331543 -0.2877309 0.2181268 0.1533614 -0.3535063 0.0579629 0.3427489 -0.1872538 -0.1207697 -0.1955737 -0.1184097 -0.3339679 0.0117374 0.0353409 -0.0432302 -0.0121590 -0.0730585 -0.1480167 -0.3967408 -0.2330233 -0.1203211 -0.3685087 -0.0853569 -0.0269042 0.1121774 0.0403030 -0.1293592 -0.1989982 -0.2284925 -0.3051440 -0.1587818 -0.1556798 0.1892970 -0.1581894 -0.0259836 0.1816270 0.1860900 -0.3744528 -0.1684052 -0.1975522 -0.0793480 -0.2265923 0.2988220 0.4931619 0.2038278 -0.0211478 -0.2967578 -0.3928621 -0.2300332 -0.0818596 -0.2677196 0.1880894 0.0196874 0.0317245 0.0790781 -0.1527136 0.0382753 -0.0812686 0.1899571 0.1583815 0.2003772 -0.0185311 -0.5446635 0.2693657 -0.1435342 0.0727533 -0.1694035 -0.3021331 0.4365154 -0.4632717 0.5704682 0.2824802 -0.2199221 0.1728256 -0.0479648 0.0702713 -0.3995344 0.0240947 0.4247820 0.5257088 -0.4122479 0.4939352 -0.0446197 -0.1695707 0.1054577 0.0574101 0.3283010 0.0820859
0.5512787 0.7318797 0.3371858 0.6557909 -0.0340973 0.8220670 0.8954934 0.0762427 0.5913530 0.0393626 -0.1305642 0.0000000 -0.2160707 0.8257746 0.6464544 -0.4254065 -0.2718246 0.5592579 -0.4389934 -0.4203403 0.9028769 -0.3900360 -0.5321248 0.8492257 -0.3231262 -0.3691828 -0.1889293 0.7860584 0.9061573 0.4841154 -0.3498375 -0.3960142 0.7338675 0.7810183 -0.4121063 0.4190688 -0.3040845 -0.3429715 0.4328987 0.3515783 -0.2693755 0.7270054 -0.2182056 0.5243558 0.7116733 -0.3404476 -0.4038361 -0.2428097 0.6294271 -0.2375511 -0.3527149 0.2428266 0.8629525 -0.1917265 -0.2245902 -0.3109388 -0.3433698 0.0362018 -0.0936137 -0.3811853 0.7301500 -0.3879353 -0.0903404 0.2762279 0.8686559 -0.2931092 -0.4184398 -0.5103373 -0.3897763 -0.2346990 -0.5134856 0.6534414 -0.4687285 0.4536265 -0.4972066 -0.0999061 0.1996879 -0.4344204 -0.0375323 0.6276138 -0.0483915 0.1329244 0.0894660 0.3135536 0.4150352 -0.1699721 0.1002336 0.1145923 0.0516113 0.0907783 0.1109242 0.2984358 0.0202600 -0.0435779 0.0881775 0.1171667 -0.1810010 0.2074037 -0.0058265 -0.3268251 -0.1512743 -0.1777385 -0.1985722 -0.1243717 -0.1346434 -0.0375370 -0.0410461 -0.1592223 -0.0036055 0.0827159 0.0761662 -0.0123499 0.0424085 -0.0271849 0.1366923 0.2571807 0.1667826 0.6310364 0.4790189 0.3709774 0.5541346 0.2725367 -0.3693590 -0.0630057 0.3745936 0.8039562 -0.1279688 -0.2116984 0.5478971 0.0402660 0.2684592 -0.2069270 -0.1703960 -0.3797583 -0.3090575 -0.2438660 0.1269279 0.3687516 0.4419663 0.6186375 -0.3372198 0.5208774 -0.3838064 0.6748020 0.4047394 -0.2299257 0.4447149 0.5467885 0.0423394 0.2825088 0.6157311 0.1929084 0.4503863 -0.4446601 -0.1502421 -0.3554199 -0.1042408 0.0383631 0.0638933 0.5006511 -0.2195747 -0.0354604 -0.4741624 -0.1047835 -0.2241997 -0.3916915 -0.5064302 0.2692663 0.3644032 0.0785044 -0.2506484 0.1573999 0.5060708 -0.1304240 0.6191692 0.7512163 0.7287315 0.2738456 0.4772748 -0.1339718 -0.4176897 -0.3755395 -0.2652689 -0.4182095 -0.5250688 0.7295045 -0.2083962 0.2174984 0.3186104 0.4783343 0.0456420 0.6661375 0.4805465 -0.3410873 0.7534334 0.5776571 0.3374947 0.5381359 0.2293033 0.7350502 -0.1137437 -0.1200888 0.1698272 0.0308011 0.1701291 -0.2099966 0.7128280 0.4134575 -0.0610437 -0.2657925 0.0613730 -0.2513172 -0.0649379 0.4530939 0.6637986 -0.3068375 -0.0676281 -0.2981293
-0.1638304 -0.0482480 0.5205866 0.2782398 0.5390142 0.1239448 -0.0965101 0.7470989 0.1681940 0.5843366 0.8248109 -0.2160707 0.0000000 -0.3484304 0.0336354 0.8484341 0.5142351 0.0352461 0.9081305 0.4351028 -0.3423389 0.7901223 0.5255561 -0.0830704 0.8642180 0.8149580 0.2328664 -0.3099733 -0.2269748 -0.3554576 0.8211597 0.7811643 -0.3184948 0.1087533 0.7710918 0.0092807 0.7960064 0.7645035 -0.3940627 -0.2512799 0.6221049 -0.0209272 0.4302179 -0.4372961 0.0743320 0.7942976 0.8253022 0.5014298 -0.2667310 0.4949304 0.8352895 -0.2004462 0.0792135 -0.1404850 0.6030435 0.7105649 0.7056421 0.0598967 0.0098706 0.7213510 -0.1407539 0.5714764 0.2088255 0.5535620 -0.1457032 0.3830915 0.8061670 0.4580171 0.6869958 0.7300207 0.5810471 0.3732324 0.8455726 0.4755103 0.7872911 0.7920464 0.6635931 0.7462006 0.6749224 0.3465733 0.5523721 0.1087105 0.2272928 0.2425116 -0.0954132 0.5520079 0.4919504 0.3449098 0.4346636 0.3349903 0.3718696 -0.1201097 -0.1168971 0.3695878 0.5719976 -0.3795467 -0.1078207 -0.0751275 0.3259624 0.3445011 0.3491403 0.4548377 0.2027177 0.3916856 -0.0209866 0.3476328 0.3306596 0.0532176 0.1873174 0.1637036 0.2663543 0.0421656 0.2159419 0.0104179 -0.3136444 -0.2625764 -0.3270642 -0.3212276 -0.3855965 -0.1141424 -0.4816847 -0.3638879 -0.0970799 0.2948822 -0.1704632 -0.3393790 0.4203448 -0.0225246 -0.2754238 0.3994803 0.2810837 -0.0489838 0.2260584 0.3829333 -0.0689940 0.0929534 0.4261429 -0.1729996 -0.0336278 -0.1758668 -0.0576352 -0.3049064 0.2457252 -0.0395307 0.0233069 0.1519182 0.0340341 0.0324741 -0.2433424 -0.0898315 -0.0773906 -0.2521088 -0.0368289 0.0139363 0.2005819 0.1052801 0.0822177 -0.0073628 -0.0194583 -0.2003486 0.0196591 -0.0452283 0.3437954 0.1115619 0.0578784 0.2639001 0.3487067 -0.3352361 -0.1966358 -0.1450571 -0.0555502 -0.1227278 0.0830833 0.3227424 0.0968146 -0.2859918 -0.3464978 -0.2098900 -0.1279815 0.1553338 0.0257272 0.3397884 0.1720759 0.1910804 0.1558203 -0.3553040 0.1114686 -0.0175633 0.2503933 0.0862316 0.2241073 0.1437348 -0.3582134 0.4054363 -0.2331700 -0.0826386 -0.2519681 -0.2017920 0.4861801 -0.5201449 0.5217145 0.3934727 -0.1637793 0.0419274 -0.1155901 0.0140232 -0.2829859 -0.2994255 0.2642203 0.6830592 -0.3770485 0.4783655 -0.1146664 -0.2114226 0.0548269 -0.0437570 0.2623188 0.1632251
0.5016626 0.6173164 0.0752182 0.5534227 -0.3199261 0.6524475 0.7364244 -0.0030164 0.5910207 0.0318996 -0.2450202 0.8257746 -0.3484304 0.0000000 0.6018316 -0.5169627 -0.2972358 0.6114164 -0.5077953 -0.4733696 0.7576829 -0.3422954 -0.5281322 0.8043495 -0.4391875 -0.4242366 -0.1428344 0.8299936 0.8120022 0.7237513 -0.3778266 -0.5329309 0.7531654 0.6927820 -0.4522678 0.3282258 -0.3792303 -0.3979151 0.7414900 0.6334961 -0.3774700 0.5314630 -0.1957838 0.6288108 0.5447975 -0.3473402 -0.4291660 -0.3690867 0.7336888 -0.1785298 -0.3817330 0.4712733 0.6818795 -0.0419279 -0.3097416 -0.3813035 -0.4266857 0.1348175 -0.3746205 -0.4082524 0.4466946 -0.3502935 -0.3052582 0.2735829 0.7236812 -0.4843055 -0.4546129 -0.4767382 -0.5802378 -0.2655929 -0.5794624 0.4729350 -0.5427161 0.2734807 -0.5575792 -0.1953147 -0.0576658 -0.4696234 -0.0816046 0.4058521 -0.0750596 0.2815047 0.1529426 0.2671772 0.4787952 -0.1398025 0.1770076 0.1489741 0.0834377 0.1992548 0.1172263 0.1318526 -0.0853788 -0.0412285 0.1924235 0.1716598 -0.1141986 0.0565125 0.0854296 -0.2635592 -0.0347043 -0.1732371 -0.1883306 -0.0730058 -0.1105079 0.1461965 0.0285192 0.1272667 -0.0502174 0.1815567 0.0170074 0.0784827 0.1961245 0.0634341 0.0620669 0.2596947 0.1466174 0.4592631 0.4011457 0.2959235 0.4797415 0.3616299 -0.2073154 0.1674456 0.3800821 0.6259152 0.0597021 -0.0290096 0.5452533 0.2601095 0.3413335 -0.0346145 0.0758325 -0.1899797 -0.1235212 0.0075347 0.2408855 0.3866838 0.4456997 0.4703633 -0.0548582 0.4164152 -0.2623483 0.5732879 0.4763230 0.0781586 0.4687448 0.4412790 0.0120442 0.3254720 0.5639514 0.2431465 0.4497318 -0.1203416 0.0453033 -0.3135549 -0.1932947 0.3475747 -0.0728645 0.4215294 0.0397671 0.0832782 -0.3542912 -0.1285663 0.0593889 -0.2559293 -0.2571835 0.1598004 0.2372289 0.1718031 0.0751748 0.2336624 0.2942160 -0.0817067 0.3676210 0.6119425 0.6311180 0.0169531 0.4091170 -0.2056483 -0.4844889 -0.5360066 -0.4767691 -0.6505909 -0.6381393 0.6747559 -0.4890660 0.0282695 -0.0312174 0.3612102 0.1389025 0.4790293 0.4594404 -0.3273822 0.5941327 0.5489246 0.5456389 0.3857413 0.0996850 0.7099326 -0.2934914 -0.0492992 0.4415714 0.0828008 -0.0758787 -0.3891170 0.5720009 0.3414963 -0.2609350 -0.3547406 0.2095605 -0.1024273 -0.2701368 0.2693249 0.6263894 -0.3484439 -0.0507008 -0.0749570
0.5021337 0.8260866 0.4714547 0.8334222 -0.1294881 0.8720643 0.6495033 0.4360486 0.9296881 0.5368272 0.2585513 0.6464544 0.0336354 0.6018316 0.0000000 -0.0708230 0.0029194 0.9150665 -0.1223804 -0.5979974 0.5245859 0.0660109 -0.2322122 0.7824761 0.0786865 -0.1219025 0.1097981 0.6064346 0.7253698 0.6763968 -0.1996982 -0.1221330 0.4976138 0.7080213 -0.2254305 0.2161493 -0.1004712 -0.0993590 0.3059457 0.3144656 -0.0549062 0.5292054 -0.2320415 0.2213716 0.5979681 -0.1469288 -0.1657807 -0.0101474 0.3906989 -0.1651143 -0.1437238 -0.0870869 0.7221334 -0.4250453 -0.0880088 -0.1843216 -0.1943762 -0.0831962 -0.2295856 -0.2202336 0.2943550 -0.2844264 0.0447181 0.5346225 0.8510928 -0.1037313 -0.2540819 -0.3198717 -0.1885523 -0.0006030 -0.2914485 0.6937017 -0.2084832 0.4039854 -0.3025187 0.1409495 0.2741212 -0.1997100 0.1219957 0.6255173 0.0412510 0.0486590 0.0109983 0.0731283 0.0747696 0.2026265 0.1652543 0.1365541 0.2964560 0.2296876 0.0126494 -0.2207259 -0.3201485 -0.0805104 0.2327248 -0.2623600 -0.3126692 -0.0028609 0.3550498 -0.2641009 -0.1149288 0.0029248 -0.1886051 -0.2273699 -0.2784713 0.0860544 -0.1200214 -0.3264154 0.0099297 -0.2019436 0.1652647 -0.2931734 -0.1855436 -0.3372775 -0.0845895 -0.2624658 -0.1272984 0.0923494 -0.2050713 0.0501949 -0.0369676 0.0886932 -0.3053052 -0.2741877 -0.1180257 0.2718489 0.0650845 -0.3186660 0.0880201 0.1889243 0.1712404 -0.3503439 0.0431527 -0.3475215 -0.3738311 -0.2606418 0.1458430 0.0900365 0.2042214 0.3446922 -0.2035541 0.2239611 -0.1085646 0.3338383 0.0338800 -0.2453125 0.2622752 0.3575481 -0.1692127 0.1463506 0.4378243 -0.1823779 0.2512759 -0.2164529 0.0509896 -0.3415084 -0.1513032 -0.1874189 -0.1234319 0.2599568 -0.1248472 0.0794909 -0.3256209 -0.1636870 -0.1142148 -0.1446596 -0.3056896 0.0402204 0.1623246 0.1085326 -0.0318205 -0.0549915 0.4438623 0.0557738 0.3362749 0.3725309 0.1724888 0.0454135 0.0167674 -0.3315838 -0.5952522 -0.2681514 -0.2028093 -0.2760369 -0.4358590 0.5455020 -0.2784967 -0.0734751 0.0287652 0.1035296 -0.0680520 0.3544216 -0.0906668 -0.3318793 0.3532094 0.1919574 0.1213908 -0.0077877 0.2019421 0.2135163 -0.0028144 -0.1479560 0.0176646 -0.0188443 0.2554096 -0.2441846 0.3194588 0.3720407 -0.0231115 -0.1217400 -0.0394996 -0.2670094 0.0708147 0.2636741 0.4718876 -0.1139821 0.1641582 -0.2990781
-0.0934151 -0.1239407 0.4197541 0.1410698 0.4320389 -0.0374594 -0.1653453 0.7236125 0.0601831 0.6167756 0.8692456 -0.4254065 0.8484341 -0.5169627 -0.0708230 0.0000000 0.7680560 0.0538970 0.9251200 0.3665263 -0.5619274 0.8707458 0.8435138 -0.3135950 0.9348260 0.9530416 0.5173260 -0.5138891 -0.4787166 -0.2656550 0.8720895 0.9193721 -0.5843917 -0.1836357 0.9023789 -0.0610345 0.9076413 0.8232788 -0.3796295 -0.1851621 0.7848350 -0.1597210 0.6167922 -0.5772390 -0.1212490 0.8315067 0.8753393 0.6438661 -0.4930721 0.6436101 0.8749589 -0.1057201 -0.2684383 0.1140251 0.7458874 0.7959588 0.8205674 0.1822377 0.0645843 0.8207772 -0.2545186 0.7709480 0.3998891 0.5619529 -0.3349473 0.5262232 0.8927337 0.6956142 0.8110353 0.8424380 0.7727090 0.1658148 0.9381289 0.3850311 0.8125739 0.8148843 0.5554700 0.8424414 0.7541760 0.1324906 0.6464966 -0.1336704 0.3277560 0.0128433 -0.2202819 0.6511076 0.4793336 0.1205399 0.4954545 0.2120297 0.4700951 -0.1900185 0.0711854 0.1871566 0.6164201 -0.2082267 0.1101497 0.0846675 0.3421970 0.4389112 0.3213369 0.6628646 0.5120850 0.3101632 0.1588389 0.4100757 0.4956127 0.1404769 0.4037355 0.0269588 0.2595251 0.2033713 0.0630408 -0.0106536 -0.2645906 -0.2303024 -0.2295828 -0.4061466 -0.3887024 -0.0228188 -0.5464064 -0.4259052 0.0805153 0.2799438 -0.2906989 -0.4434057 0.3466088 -0.0377452 -0.3036557 0.2662582 0.1235053 -0.1283736 0.2208646 0.2346390 -0.1876979 0.2223062 0.3024872 -0.1730178 -0.2029890 -0.2502424 0.0642774 -0.3344272 0.2233020 -0.1613000 -0.1008251 0.1153793 -0.1231670 -0.2515895 -0.4356751 -0.1634636 -0.1882392 -0.2487281 -0.1017537 0.0995192 0.1708506 0.2796434 0.0937811 -0.1091264 -0.1699104 -0.3566157 -0.0126736 -0.0119489 0.4381940 0.1073145 0.1393720 0.4383849 0.4059199 -0.4971569 -0.2876650 -0.0576681 0.0476345 -0.1538993 0.1143963 0.5512697 0.0904340 -0.2207574 -0.4085888 -0.2861534 -0.2147754 0.1536372 -0.0381077 0.4497805 0.2697533 0.2964280 0.2792104 -0.3917775 0.2039008 0.0750230 0.2658027 0.1461995 0.3408022 -0.1281897 -0.4682012 0.5475623 -0.2793188 -0.0356817 -0.2774105 -0.2725669 0.4734083 -0.5704589 0.7201285 0.2770435 -0.2429134 0.1795784 -0.0301257 0.2772410 -0.4709129 -0.1915473 0.5567432 0.7039314 -0.4042604 0.5732599 0.0598901 -0.2698291 -0.1559868 0.2180942 0.4578142 0.2804538
0.0147844 0.0265583 0.2249363 0.1455740 -0.0357922 0.0375899 0.0285678 0.5355266 0.0788267 0.5651972 0.6516768 -0.2718246 0.5142351 -0.2972358 0.0029194 0.7680560 0.0000000 0.2020417 0.6649272 0.0024463 -0.3028191 0.8096108 0.8359806 -0.3663483 0.7690594 0.7100062 0.8146903 -0.5527942 -0.3290394 -0.0548307 0.6226415 0.6777430 -0.6964264 -0.2191292 0.6927930 0.0617527 0.6314657 0.5242450 -0.1130944 0.0129416 0.6028932 -0.0210302 0.7812954 -0.5956291 0.0271230 0.5499634 0.5948350 0.4130607 -0.5780342 0.4345901 0.6511686 0.0805527 -0.3487141 0.3548296 0.4696017 0.5053244 0.5085147 0.3501922 -0.2543287 0.6814843 -0.2740951 0.8394033 0.3386145 0.6512003 -0.2059814 0.1764806 0.6807797 0.8606159 0.4031008 0.8439856 0.5597264 0.1612239 0.7811585 0.3597628 0.5213228 0.8050312 0.2796885 0.6579804 0.7201560 0.0439866 0.4117465 -0.0399353 0.3412642 -0.1256947 0.0374573 0.6325888 0.4098372 0.0863532 0.4678597 0.2720946 0.3212958 -0.1557976 0.2737101 -0.0008408 0.4750945 -0.0237156 0.4889904 0.2087574 0.2065401 0.3224690 0.2562766 0.6167311 0.5077256 0.0763815 0.3473267 0.1520117 0.6112147 0.1722337 0.4800566 0.1944207 0.0156575 0.4988806 0.1344177 0.1300880 0.0214152 0.0063219 0.1865775 -0.2796435 -0.1565834 0.0662006 -0.2602424 -0.0377918 0.1150317 0.2699047 -0.0430239 -0.2567588 0.1010348 0.0428802 0.0046372 0.1505272 0.0748007 -0.2247681 0.0082910 0.0542084 -0.4175948 0.1700355 0.1240250 0.0847718 -0.0928834 -0.2002718 0.0765337 -0.0979956 0.0594448 -0.1478366 0.0176255 0.1631812 0.0312555 -0.1374201 -0.2773714 -0.0703386 -0.1532880 -0.2213305 0.0766742 0.1222167 0.0444954 0.1019394 0.1216169 0.0132251 0.1062921 -0.3629793 -0.1362293 0.0882088 0.1719103 0.0110158 0.1848365 0.2594218 0.2799122 -0.1852838 0.1663683 0.1779632 0.1477278 0.2107487 0.3211873 0.3488987 0.1185234 0.0863240 -0.0466100 -0.0873658 0.0416275 0.1970510 -0.2399552 0.0669732 -0.0536112 -0.0641987 -0.1504383 -0.0306454 -0.1384601 0.1781660 0.1522534 0.2622910 0.3519742 -0.3223277 -0.2489238 0.3883618 -0.1172574 0.1811236 0.0675417 -0.1092157 0.2428785 -0.3253091 0.4550507 -0.0239948 -0.3198161 0.1049506 -0.0010947 0.0632101 -0.3103606 -0.2074413 0.4697040 0.3784992 -0.4477178 0.4165009 -0.0761633 -0.4506656 -0.0999706 -0.0199584 0.5563654 0.1051183
