0.0000000 0.7696992 0.1775402 0.3817947 0.2348410 0.8098031 0.6140582 0.0341940 0.4724536 0.2707740 -0.0861792 0.6107912 -0.3853650 0.4709175 0.4886192 -0.2807343 -0.1083346 0.5981094 -0.2590661 -0.0826449 0.0269202 -0.4504930 -0.2562312 0.7296072 -0.2580874 -0.3305237 -0.1306520 0.4854431 0.4016326 0.1471580 -0.4434460 -0.3201575 0.6272991 0.6427309 -0.2759495 -0.1040293 -0.3516095 -0.5458026 -0.0245057 -0.0616111 -0.3537091 0.0192964 -0.0849835 0.1730280 0.2420286 -0.4507562 -0.2199790 -0.5768950 -0.0070630 -0.6700584 -0.1211352 -0.2080055 0.0091346 -0.2536942 -0.6088313 -0.5864391 -0.3993183 -0.1921998 -0.1294506 -0.2114877 -0.1142708 -0.3026561 -0.6049584 0.0532290 0.0727046 -0.3934056 -0.2794091 -0.2961275 -0.6307406 -0.2205530 -0.3246309 -0.1852940 -0.3485485 0.1887587 -0.4913563 -0.2211805 -0.1447724 -0.5315245 -0.4871846 -0.3788842 -0.6638293 -0.1909400 -0.1436157 -0.0275183 -0.1107988 -0.1353936 -0.1213765 -0.0365419 -0.2366285 -0.2428229 -0.2420162 -0.1377641 -0.2256783 0.0238254 -0.4387907 -0.4003255 -0.2238809 -0.2958294 -0.5492026 -0.2340772 -0.3833796 -0.3154651 -0.1393001 -0.6258362 -0.2952275 -0.5164405 -0.4883026 -0.1892495 -0.1539749 -0.3172673 -0.4717372 -0.3061298 -0.4865836 -0.5403683 -0.2761829 -0.4579430 -0.3813674 -0.0145091 -0.3361228 -0.0992062 -0.4387452 -0.5201730 -0.3179154 -0.3929926 -0.1032631 0.0005646 -0.4186064 -0.3797046 0.0797608 -0.3178099 0.0105828 -0.4301879 -0.2934189 0.3088933 0.0420949 -0.1937013 0.2170219 0.0543957 0.1240775 -0.0371191 0.1193810 0.0925494 -0.4291666 -0.0344121 0.2424850 0.2517715 0.1386545 0.2296061 -0.3747537 0.0373752 0.0238222 0.0033785 0.0122625 -0.0717085 0.1107306 -0.3026450 -0.3352025 0.0306720 -0.4948143 -0.1056270 -0.1054665 -0.1588058 -0.0824045 -0.1383224 -0.2323747 -0.2081886 -0.0996911 -0.4038581 -0.4460151 -0.2075994 -0.3210373 -0.4160408 0.8649210 0.2198984 0.7296021 0.8495536 0.3225937 -0.0442173 -0.0469530 -0.4062532 -0.1598254 -0.2406387 -0.2469732 -0.2389062 -0.0144243 -0.2515319 0.0562077 -0.2416378 -0.1123374 -0.4117383 -0.1321110 -0.2603291 -0.1678499 -0.2729587 -0.1816399 -0.2843066 -0.4030206 0.0024638 -0.6474888 -0.0763377 -0.1549272 -0.1540422 -0.2117112 -0.4064564 0.0948911 -0.5535189 -0.0296396 -0.0600771 -0.0587971 -0.3575608 -0.2038106 -0.4081461 0.0228140 0.0952852 -0.2191657 -0.2267499 0.3063588 -0.0040903
0.7696992 0.0000000 0.6236681 0.8107092 0.6947263 0.9133377 0.6336350 0.4812808 0.8037505 0.6819354 0.3883117 0.8851601 0.0562727 0.6896396 0.8159705 -0.1170749 0.2958310 0.6359418 -0.1840213 0.0682964 0.4406229 -0.2500288 0.0110130 0.6910576 -0.2114832 -0.1877599 0.2613707 0.5689771 0.6983345 0.5274276 -0.1888560 -0.2600151 0.7174853 0.8695371 -0.1082838 0.1418687 -0.2674522 -0.3689629 0.2851285 0.1843662 -0.1553928 0.1870154 -0.0228643 0.5754200 0.4090995 -0.2799840 -0.1336687 -0.4141074 0.4662989 -0.6173577 -0.1746527 -0.0692466 0.4216517 -0.1045218 -0.4486931 -0.4393270 -0.3809357 0.0468595 -0.1978341 -0.3488646 0.0054659 -0.3367600 -0.4579785 0.4278864 0.5342307 -0.4275716 -0.2840125 -0.3032609 -0.5195115 -0.1399189 -0.2705407 -0.0412422 -0.4367110 0.4763163 -0.3859591 -0.0601116 0.0043431 -0.3488420 -0.2062168 -0.1357661 -0.4171971 -0.1280754 -0.1242404 -0.0795567 -0.1857947 -0.1674348 -0.3084680 -0.1071522 -0.3090766 -0.2541647 -0.2722242 -0.1165731 -0.1484104 -0.0352934 -0.4274774 -0.4306353 -0.2677800 -0.2289924 -0.5439267 -0.4869568 -0.3538596 -0.2316248 -0.0905299 -0.8102761 -0.3200346 -0.4625116 -0.4112682 -0.3076544 -0.0605693 -0.3284602 -0.4077053 -0.2082525 -0.3309540 -0.4464927 -0.1278777 -0.2498227 -0.2916610 0.0022769 -0.2121189 0.1086212 -0.3211428 -0.4773043 -0.2382514 -0.1784953 0.0511476 0.1961569 -0.4381104 -0.3308973 0.2819574 -0.2813147 0.1292426 -0.3711789 -0.2920057 0.0351216 0.2038966 -0.0192071 0.3153961 0.2734338 0.3072903 0.1434208 0.4030633 0.2990226 -0.5276661 0.0101409 0.4402623 0.4104885 0.3195308 0.3573075 -0.3461156 0.2201286 0.1733273 0.1088171 0.2288986 0.0994604 0.2462123 -0.1798515 -0.4484904 0.2527829 -0.5331983 -0.0651403 -0.2492261 0.0118573 -0.0779070 -0.1715541 -0.2536408 -0.1280629 0.0087830 -0.3421143 -0.4065437 -0.2043067 -0.3102583 -0.4581283 0.5879010 0.3006447 0.7961080 0.7801341 0.3562246 -0.0172296 0.0756305 -0.3077306 -0.3495757 -0.2867993 -0.2660073 -0.2959536 -0.1514867 0.0844019 0.0456570 -0.0969188 -0.0578363 -0.2596569 0.1507899 -0.0385653 -0.0129585 -0.0877185 0.1172002 -0.1082447 -0.1551147 0.2215159 -0.4973280 0.1579655 -0.2681547 -0.0841287 0.0426561 -0.2805786 0.2143092 -0.4739296 0.2859892 -0.0783520 -0.2425072 -0.2962047 0.0616330 -0.3460870 0.1568823 0.1685834 -0.0740305 -0.3543814 0.3770962 0.2188861
0.1775402 0.6236681 0.0000000 0.6842621 0.9578532 0.4300490 0.4130438 0.6335796 0.4902825 0.5317673 0.5641729 0.6035149 0.4061490 0.4563969 0.6042791 -0.0161160 0.4983489 0.2393558 -0.2654843 0.5781024 0.6151819 -0.1770830 0.2562627 0.2087426 -0.3424087 -0.1161800 0.5188688 0.3622701 0.5338665 0.6580555 0.2709072 -0.1456282 0.4201193 0.6089040 0.0742236 0.0879408 -0.1488245 -0.2332843 0.5134031 0.3756722 0.1166978 -0.0574146 0.0027546 0.6078775 0.2394186 -0.2232195 -0.1582399 -0.1295499 0.6346516 -0.4678796 -0.3474568 0.1048613 0.6553858 0.0746622 -0.2131420 -0.2650964 -0.2711501 0.0876303 -0.2495430 -0.4679525 0.1336119 -0.4121871 -0.1928508 0.5203485 0.7864712 -0.2835301 -0.3658519 -0.3423068 -0.2876349 -0.1747995 -0.3311296 0.2299823 -0.4778582 0.5336017 -0.3533929 -0.0311011 0.2183789 -0.1987963 0.1095454 0.2919213 0.0269474 0.2100249 0.0146330 -0.1780626 -0.3400523 -0.0157575 -0.1021064 -0.3383299 -0.1402723 -0.2688433 0.1017495 0.1268433 0.0019277 -0.2730685 -0.0860936 -0.1573823 -0.1162244 -0.1596439 -0.2877449 -0.5575285 -0.3032235 -0.1020256 -0.0485968 -0.5085664 -0.0890038 -0.2259871 -0.3105814 -0.4412055 0.0854198 -0.5158530 -0.0588635 -0.2473054 -0.0873372 -0.3454727 -0.2938148 -0.1768503 -0.3410890 -0.3714356 -0.3179104 -0.0336423 -0.2564774 -0.3581132 0.0199139 0.2565205 -0.0722108 0.1798171 -0.4766260 -0.0885215 0.1463678 0.0713707 0.1088800 -0.0892977 -0.4346937 0.1538672 0.2682904 0.2158179 0.2784945 0.1361897 0.2294263 0.0142944 0.3318203 0.0729282 -0.3615640 0.2815106 0.2870701 0.2642600 0.2341173 0.2628647 -0.2124380 0.0366991 0.0768494 0.2895780 0.1303916 0.0270294 0.2579911 0.2492212 -0.3999537 0.2066347 -0.3146714 -0.0923083 -0.3929604 -0.0669027 0.2203098 -0.3772485 -0.2954005 0.0384757 -0.0022994 -0.2304134 -0.3161690 -0.2497798 -0.2762773 -0.3771946 -0.1402360 0.1707195 0.4261000 0.3273868 0.0375571 -0.2360383 0.1085654 -0.1808795 -0.6171969 -0.4601117 -0.2977867 -0.3388333 -0.1348619 0.4194886 0.1481064 0.3107517 0.2097256 0.0375523 0.1597007 0.3017194 0.2602663 -0.0646195 0.2091058 0.0453738 -0.0028106 0.6293426 0.0997531 0.1363261 0.0175290 0.1701837 0.4197561 0.0506622 0.5963105 -0.0189979 0.2978636 0.3785649 -0.0310039 0.1353199 0.2352486 -0.2917162 0.5695062 0.5295783 0.1895775 0.1012044 0.2535332 0.3969312
0.3817947 0.8107092 0.6842621 0.0000000 0.7830773 0.7126841 0.3900042 0.6867302 0.8699315 0.8765493 0.5895597 0.8245831 0.2730712 0.7720568 0.8424105 -0.0868833 0.5055861 0.5993953 -0.1594582 0.1615477 0.4891486 -0.1481097 0.1359360 0.5412945 -0.2536473 -0.1936623 0.3955434 0.5908860 0.6292283 0.6920253 -0.0713027 -0.3035835 0.6136391 0.7468166 -0.0685074 0.3079282 -0.2723319 -0.2872650 0.3806743 0.2128240 -0.1495882 0.3135584 -0.0549595 0.5764502 0.3862917 -0.1622781 -0.1186752 -0.3347020 0.6349957 -0.4737223 -0.1738013 -0.0368888 0.5942835 -0.0288872 -0.2890845 -0.2644450 -0.2786985 0.1548548 0.0437465 -0.3178256 0.2121345 -0.3081820 -0.2338231 0.6098262 0.7472074 -0.2892023 -0.1318180 -0.3416611 -0.2852499 -0.1029433 -0.1048994 0.1712527 -0.3630763 0.5897086 -0.2196275 0.0171301 0.1366200 -0.1578050 0.0135542 0.0232143 -0.1985433 -0.2648499 -0.2161234 -0.1648544 -0.2688258 -0.3232316 -0.5281251 -0.1376862 -0.4644007 -0.3127465 -0.4112958 -0.2353283 -0.3322383 -0.0229155 -0.4520587 -0.4421620 -0.3855536 -0.4069856 -0.5196540 -0.4482961 -0.3532397 -0.4049701 -0.2509264 -0.6720574 -0.3654481 -0.4052824 -0.5127729 -0.5106671 -0.1672938 -0.3523751 -0.3506651 -0.2615979 -0.2251406 -0.3090298 0.0231787 -0.0434917 -0.1631222 -0.0000707 -0.1097502 -0.0145609 -0.3426497 -0.3994119 -0.3357389 -0.1491719 -0.1036516 0.0953935 -0.4693636 -0.3215223 0.0832565 -0.2957078 -0.0460491 -0.3374220 -0.3645638 -0.1880253 0.1269734 -0.0692611 0.1063792 0.0999377 0.1195989 0.1461351 0.2861117 0.1796714 -0.4584343 0.0685048 0.3080247 0.2531110 0.1777546 0.1745998 -0.2784909 0.2373657 0.2613823 0.1609294 0.1872308 0.0737529 0.2399262 -0.1028686 -0.4454795 0.3345513 -0.4537480 0.0142518 -0.2359504 0.0594962 -0.1763002 -0.2071795 -0.1715113 -0.0762193 -0.0154263 -0.2583021 -0.3190390 -0.2168198 -0.2209375 -0.3712813 0.2715782 0.3691586 0.4970939 0.4880663 0.3278155 0.0879345 0.0710430 -0.1821771 -0.3390993 -0.0888642 0.0390890 -0.0175902 0.0273062 0.2670958 0.1357426 0.0134989 0.0461134 -0.0202006 0.0939839 0.0985762 0.0260912 -0.1271317 0.0305274 -0.2103383 -0.0873070 0.2741639 -0.3465502 0.0807490 -0.3613175 0.0553989 0.1282563 -0.2662369 0.1057187 -0.3786927 0.1634757 -0.0911040 -0.3667719 -0.1235458 0.0748687 -0.1236967 0.1175451 0.2118610 0.0456727 -0.3692684 0.4785557 0.3729819
0.2348410 0.6947263 0.9578532 0.7830773 0.0000000 0.5281309 0.4029328 0.5977952 0.6012899 0.6069168 0.4930778 0.6522830 0.3448090 0.5673472 0.6678992 -0.1457333 0.4148379 0.4082646 -0.3419300 0.5457272 0.5078152 -0.2522334 0.1112487 0.3489778 -0.4023181 -0.2379444 0.4109538 0.4548549 0.5123496 0.6389934 0.1165656 -0.1939982 0.5110488 0.6220537 -0.0565883 0.0703254 -0.2531259 -0.3217648 0.4004744 0.2554031 -0.0017341 -0.0137106 -0.1132816 0.5557298 0.2601948 -0.2981955 -0.2379822 -0.2026348 0.5694139 -0.5573024 -0.3572401 -0.0170252 0.6219625 -0.0599589 -0.2878197 -0.3431763 -0.3369626 0.0074994 -0.1054064 -0.5011739 0.1965941 -0.4703978 -0.2063267 0.4831547 0.8276229 -0.3018164 -0.3481956 -0.4153511 -0.3231242 -0.2331372 -0.3223706 0.1897408 -0.5122536 0.6339257 -0.4057295 -0.0850360 0.1933544 -0.2366414 0.0595291 0.2278290 -0.0087393 0.1603445 0.0242459 -0.1560176 -0.3169370 -0.0798903 -0.1869366 -0.2852628 -0.2402431 -0.2921877 0.0150176 0.1060532 -0.0679580 -0.1937272 -0.1610235 -0.2047310 -0.1400211 -0.2546534 -0.3475556 -0.5714447 -0.3516174 -0.1609845 -0.0435272 -0.6008927 -0.1162802 -0.2629468 -0.3806865 -0.4457357 0.0801528 -0.5057892 -0.0793024 -0.2279693 -0.0958953 -0.3946924 -0.2573270 -0.2052763 -0.3793396 -0.3381607 -0.3490210 -0.0806915 -0.3515815 -0.4541835 -0.0012286 0.1119684 -0.1205505 0.1478103 -0.5095011 -0.0609233 0.1445749 -0.0465896 0.0791562 -0.0675795 -0.4157964 0.0559739 0.3324509 0.2739880 0.2779060 0.1590232 0.2355381 0.0520890 0.4321059 0.1375698 -0.3497028 0.2801995 0.3654453 0.3295235 0.2856079 0.3235154 -0.1628965 0.1248028 0.2034788 0.3844895 0.2395137 0.1502284 0.3796120 0.2392070 -0.3654646 0.3787087 -0.3151619 0.0473891 -0.3370890 0.0650708 0.1907259 -0.2576842 -0.2110781 0.1179978 0.0930295 -0.1746140 -0.2756160 -0.1670476 -0.2124784 -0.3438731 -0.0708505 0.1906201 0.3889660 0.3719959 0.0565440 -0.2157745 0.0188515 -0.2443537 -0.6223841 -0.4074040 -0.1768457 -0.2608859 -0.0049432 0.4778211 0.2620783 0.3525071 0.2690354 0.0345125 0.0897684 0.2123270 0.1127937 -0.1662697 0.1379947 -0.0729062 -0.1199210 0.4930983 -0.0507363 0.0853445 -0.1230585 0.1857748 0.4821482 0.0198519 0.5698286 -0.1539549 0.2435244 0.3216515 -0.1423207 0.1590581 0.2858762 -0.3523654 0.5257920 0.4981343 0.1349118 0.0375365 0.2958742 0.3740830
0.8098031 0.9133377 0.4300490 0.7126841 0.5281309 0.0000000 0.4717707 0.2818396 0.8245369 0.6337535 0.2375343 0.7599227 -0.1743278 0.7600536 0.7777054 -0.3010865 0.0913850 0.8030915 -0.3019685 -0.0477549 0.2992340 -0.3699371 -0.2095243 0.8347459 -0.3278981 -0.3543858 0.0936236 0.6350768 0.6476133 0.4217317 -0.3463146 -0.3573057 0.7820944 0.8060412 -0.2722142 0.1056330 -0.3525760 -0.4692885 0.0982796 0.0436706 -0.3091126 0.1818806 -0.1494734 0.3674452 0.3227099 -0.3493797 -0.2050539 -0.4943288 0.2242856 -0.5762184 -0.1296922 -0.1994624 0.1840836 -0.2922143 -0.4892476 -0.4624171 -0.4040113 -0.1791008 -0.1084513 -0.2898264 -0.0631455 -0.4123171 -0.5402725 0.2193313 0.3871917 -0.3880149 -0.2405177 -0.3693796 -0.5718289 -0.2872896 -0.2267298 -0.2759504 -0.3866884 0.3514435 -0.3942585 -0.2243297 -0.1786468 -0.4077690 -0.3665597 -0.3050916 -0.5508064 -0.0389460 -0.0855626 -0.0620095 -0.1380488 -0.1065981 -0.2828726 -0.1120585 -0.2905647 -0.2696316 -0.2244780 -0.0487242 -0.1106756 -0.0730642 -0.3841191 -0.3356265 -0.1942193 -0.1918693 -0.5097698 -0.4658519 -0.3581698 -0.1921550 -0.0053764 -0.8233394 -0.2615483 -0.4124048 -0.3802425 -0.1873443 -0.1045035 -0.2191927 -0.3790489 -0.1555728 -0.1736461 -0.3462012 -0.0863534 -0.1877987 -0.2113085 0.0712743 -0.1275799 0.1273275 -0.2308320 -0.3538802 -0.2481600 -0.1601185 0.1261297 0.1144151 -0.2858503 -0.2474581 0.2793935 -0.2970069 0.1544170 -0.3018003 -0.0991715 -0.1161060 0.2772618 -0.0254103 0.2768369 0.2623132 0.3470863 0.0814555 0.4152399 0.2731026 -0.4007120 -0.0593437 0.4338933 0.4219215 0.3740206 0.4181885 -0.2587890 0.1716400 0.1005512 0.0576938 0.2887093 0.1663575 0.3232017 -0.2697212 -0.3727407 0.2996373 -0.4858775 -0.0774542 -0.0921492 0.0218008 -0.1351695 -0.1188694 -0.1119117 -0.1139150 0.0208328 -0.2816086 -0.3586013 -0.1587809 -0.2040608 -0.3773759 0.6707303 0.2747896 0.7219604 0.7683133 0.2407218 -0.1680954 0.0137581 -0.3311447 -0.3626173 -0.2633190 -0.2365519 -0.2578421 -0.0944349 0.0087135 0.0961366 -0.1663015 -0.1450462 -0.3435517 0.1003767 -0.1763855 -0.2219764 -0.1321825 0.0198833 -0.1783046 -0.3236252 -0.0111375 -0.6676754 0.0630463 -0.3358975 -0.0024376 0.0361035 -0.2576983 0.0693909 -0.5862394 0.1583950 -0.1745035 -0.3120391 -0.1977472 0.0456813 -0.3742078 -0.0188666 0.0583680 -0.1946855 -0.3918276 0.3112950 0.1613637
0.6140582 0.6336350 0.4130438 0.3900042 0.4029328 0.4717707 0.0000000 0.1240222 0.2300715 0.2125585 0.0962293 0.6803239 -0.1263674 0.3915400 0.2888406 -0.0596015 0.2006262 0.3764144 -0.2000186 0.1572089 0.0099681 -0.1416395 0.1163416 0.4179305 -0.0518141 -0.0912541 0.3561002 0.5938979 0.0754212 0.5707048 0.0405308 0.0382977 0.5201598 0.3319325 0.0542281 -0.4130750 -0.0433211 -0.2130372 0.3896115 0.3448980 0.0502496 -0.3758037 0.0962230 0.5384463 -0.1665209 -0.2257902 -0.0615940 -0.2467354 0.1363163 -0.5514015 -0.2695565 -0.0647876 0.0116312 -0.0108016 -0.2644927 -0.3311536 -0.2318712 -0.1147369 -0.2942403 -0.3440538 -0.3302131 -0.2994158 -0.3178842 0.0867319 0.1514291 -0.3375555 -0.4421035 -0.4554874 -0.4196149 -0.2999631 -0.4611832 0.0573653 -0.5528538 0.2599029 -0.4505294 -0.3070919 -0.1581987 -0.5002737 -0.5176202 -0.3132093 -0.4394217 -0.2434348 0.1120334 0.2900940 0.1444764 0.0664334 0.1249948 0.2441423 0.0412517 0.1321272 -0.0894448 -0.1731052 -0.1619057 0.3238411 -0.3500696 -0.4913814 -0.2087209 -0.2311171 -0.3404761 -0.2163334 0.0527711 -0.2001038 0.0295434 -0.4159225 -0.4276805 -0.5667407 -0.2637236 -0.1256682 -0.2312037 -0.2899054 -0.4609321 -0.1819767 -0.4302511 -0.5356999 -0.3294782 -0.3382802 -0.4459712 -0.2497428 -0.3840458 -0.2133463 -0.4869103 -0.5443894 -0.1943066 -0.1529403 -0.2798089 -0.0796713 -0.4738578 -0.3870149 -0.0212075 -0.4155685 -0.1400634 -0.3446798 -0.4679686 0.5255166 -0.0915773 -0.1592639 0.1456019 -0.0470119 0.0377933 -0.2116875 0.0696970 -0.1021115 -0.4133532 0.1323967 0.1539952 0.3030724 -0.0059022 0.0732602 -0.3076336 -0.2689325 -0.2709079 0.1869933 -0.1753903 -0.0461241 0.0243739 0.1238351 -0.1772068 -0.1228392 -0.2628108 -0.2391093 -0.2760563 -0.3825416 0.2757835 -0.0677327 -0.3692043 0.0241129 0.0875949 -0.2134373 -0.1532377 -0.2049315 -0.2263071 -0.2501197 0.3354539 0.3865405 0.6932801 0.6046699 0.5623514 0.4786279 -0.0378493 -0.4133745 -0.1547612 -0.4672461 -0.4267001 -0.4928157 -0.1677556 -0.0958298 -0.0279874 0.0591445 -0.0150685 -0.3951766 -0.1275569 -0.3140293 0.0551215 -0.2513969 -0.1567990 -0.1100662 -0.1197229 0.3307931 -0.3953901 -0.0735334 0.1187920 -0.4913221 -0.1961983 -0.3812526 0.4488623 -0.3652579 -0.0289684 0.1360182 0.1705235 -0.5804896 -0.2579478 -0.2697449 0.3757564 0.1230189 0.0042120 -0.0466821 0.4259673 0.1990152
0.0341940 0.4812808 0.6335796 0.6867302 0.5977952 0.2818396 0.1240222 0.0000000 0.4442657 0.6289977 0.8798508 0.5508695 0.7890622 0.2566365 0.5054463 0.4677490 0.7050612 -0.0349082 0.3727470 0.2222488 0.7806825 0.2040407 0.5864844 -0.0529939 0.1247181 0.3650033 0.4848776 0.1309977 0.6207529 0.4855566 0.2533852 -0.0159654 0.1161238 0.5691169 0.4723560 0.5568472 0.2082287 0.1401340 0.5812700 0.3166206 0.1328303 0.4126059 0.4030907 0.4375769 0.6807039 0.3226304 0.3870746 0.0110707 0.7734029 -0.0115317 0.2700643 0.3949391 0.8885546 0.3148706 0.0544368 0.1763831 0.2156546 0.5574193 -0.2083135 0.1330701 0.4649815 0.1349344 0.1138060 0.8447110 0.6569283 0.1054951 0.2836102 0.1840578 0.1629177 0.4343645 0.3106404 0.6089544 0.0860644 0.5440924 0.2858275 0.4925062 0.5385755 0.4453772 0.5866978 0.3042873 0.3564209 0.0059582 -0.1801033 -0.0980023 -0.2186720 -0.0616414 -0.2450087 -0.2688389 -0.0898441 -0.1780324 -0.0949987 0.0388046 0.0027517 -0.2270537 0.0508605 0.0126141 -0.1439885 -0.0133320 -0.1111729 -0.4181335 -0.1910466 -0.0659097 -0.1356099 -0.3605031 0.0552860 0.1371644 -0.1548912 -0.3199187 0.1943699 -0.1877058 0.1260714 -0.0237289 -0.2673028 -0.1230169 0.1025621 -0.0038945 0.0626389 0.1684890 0.0781639 0.2380530 -0.0406601 -0.1630987 -0.0056717 -0.0711988 0.1100482 0.2717260 -0.3004455 -0.1123686 0.1857525 0.0622099 0.0666554 -0.1299813 -0.2502234 -0.0101968 0.0926959 0.0807572 0.1211577 0.1901706 0.1022314 0.2327724 0.2459166 0.2360936 -0.2843620 -0.0519243 0.1232297 0.0192809 0.1365001 0.0634256 -0.1451949 0.3173344 0.3349938 -0.0827441 0.1690797 0.0364721 0.0038907 -0.1750677 -0.3753180 0.1096833 -0.3243943 -0.0446728 -0.1925503 0.2271628 -0.3595308 -0.2974505 -0.0825959 -0.2717650 -0.1455576 -0.1968609 -0.2546698 -0.0662778 -0.1760725 -0.2337614 0.0020818 0.0237335 0.4158784 0.2910451 0.2843276 -0.0341842 0.4250277 0.1759162 -0.2457227 -0.0103724 0.0281512 0.0709102 -0.1313009 0.3064746 -0.1206084 -0.0644732 0.0859907 0.2830667 0.4056406 0.4002620 0.3205675 0.3170969 0.3443523 0.1360948 0.2872292 0.3492734 0.1521650 0.2529658 -0.1671520 0.2553420 0.2158359 -0.0063409 0.0913434 0.2951303 0.3825479 -0.2053897 -0.2212886 0.0223741 0.2608358 -0.0688045 0.0966101 0.0850108 -0.1007433 -0.3005402 0.0980274 0.0699048
0.4724536 0.8037505 0.4902825 0.8699315 0.6012899 0.8245369 0.2300715 0.4442657 0.0000000 0.8749453 0.4253592 0.7525956 0.0244530 0.7758381 0.9419679 -0.2374183 0.2600269 0.6917938 -0.1999648 -0.1588848 0.4580974 -0.2336019 -0.1119341 0.6989321 -0.2777103 -0.3280813 0.1625353 0.4977278 0.7670342 0.4925955 -0.2956545 -0.4356330 0.6743791 0.8281321 -0.3185254 0.4047570 -0.4337727 -0.3705619 0.1012726 0.0924375 -0.3071764 0.4686320 -0.2809998 0.4777096 0.3878410 -0.2399658 -0.2560041 -0.4635611 0.5372142 -0.4232389 -0.2314261 -0.2035080 0.4175423 -0.1544066 -0.4262040 -0.3720662 -0.4213927 0.0412885 0.0777014 -0.3774179 0.0837278 -0.3623945 -0.4572183 0.4205557 0.5985562 -0.4070285 -0.1781054 -0.3055202 -0.4771226 -0.1647836 -0.1327175 -0.2096012 -0.3216950 0.3498361 -0.2852458 -0.0591619 -0.1022813 -0.2680240 -0.1322246 -0.0844143 -0.4124421 -0.2380969 -0.2064510 -0.1950350 -0.2179377 -0.3474784 -0.6492425 -0.0747576 -0.4942715 -0.3146181 -0.4850006 -0.2829390 -0.3482752 -0.0163225 -0.4720891 -0.4525920 -0.4244932 -0.3602860 -0.5064821 -0.3863590 -0.3410827 -0.3566006 -0.2141920 -0.6724046 -0.4229842 -0.3883343 -0.4553226 -0.3894143 -0.1859238 -0.2688706 -0.4382070 -0.2313161 -0.1373022 -0.2217578 0.0733622 -0.0254006 -0.1060641 0.1195486 -0.0132398 0.1767035 -0.1651231 -0.2501348 -0.4383634 -0.1180003 0.0620097 0.2317694 -0.2864549 -0.3396953 0.2318977 -0.3363912 0.0437089 -0.3814079 -0.1535474 -0.4095806 0.1565292 -0.1483334 0.1142399 0.2338647 0.2320356 0.2797786 0.3036304 0.3266792 -0.5085110 -0.0767965 0.3639977 0.2629516 0.2698121 0.2619430 -0.3411295 0.3455356 0.2880449 -0.0001864 0.2869313 0.0284613 0.2795860 -0.2920525 -0.5268658 0.3771834 -0.5838021 0.0246801 -0.1593266 0.0999351 -0.3229341 -0.1961999 -0.1385636 -0.2076003 -0.1158808 -0.3496611 -0.4054908 -0.2830815 -0.2684796 -0.4721925 0.4727944 0.3529193 0.4813614 0.4652503 0.1250020 -0.0404621 0.0497437 -0.0970320 -0.1995199 0.0591550 0.0338803 -0.0041107 -0.0445733 0.1215775 0.1095240 -0.1538785 -0.1658982 -0.2027306 0.2050117 0.0208851 -0.1222330 -0.0529906 0.1541308 -0.1494520 -0.1052349 0.0177538 -0.5089904 0.2126898 -0.5598259 -0.0728826 0.0370244 -0.3126356 -0.1037527 -0.5925205 0.2703353 -0.2758173 -0.5610533 -0.2272200 0.0979346 -0.1439994 -0.1465474 0.0713467 -0.0036795 -0.5947252 0.3957226 0.3322822
0.2707740 0.6819354 0.5317673 0.8765493 0.6069168 0.6337535 0.2125585 0.6289977 0.8749453 0.0000000 0.6487055 0.6949195 0.2840110 0.7854081 0.8452285 -0.0825379 0.6020910 0.5551536 -0.0889101 -0.0859822 0.6161403 -0.0233806 0.1724200 0.5015612 -0.1624255 -0.1308982 0.4386964 0.5261285 0.7020859 0.6889693 -0.0406695 -0.3568175 0.5770132 0.7411315 -0.0321890 0.5027431 -0.2618699 -0.1782885 0.4204612 0.2947767 -0.1726073 0.4550997 -0.0022824 0.6051642 0.3471875 -0.0484714 -0.0213118 -0.3469355 0.6894496 -0.2383347 -0.0750803 0.0485287 0.5736164 0.0739732 -0.2595470 -0.1819546 -0.2222401 0.2755883 0.0394718 -0.2676584 0.1559456 -0.2292915 -0.3309111 0.6540953 0.7404994 -0.2961243 -0.0631163 -0.1598731 -0.3049570 0.0125267 0.0090468 0.0933636 -0.2354547 0.5093439 -0.0648594 0.1295902 0.1404924 -0.0898459 0.0800873 0.0785831 -0.1931958 -0.3156397 -0.3453351 -0.2027532 -0.2958530 -0.2924367 -0.5621234 -0.2077977 -0.4517753 -0.3866064 -0.4416750 -0.2774063 -0.3445213 -0.1278021 -0.3765744 -0.3700245 -0.4301192 -0.3685658 -0.5144966 -0.5464811 -0.3641372 -0.3723441 -0.2805803 -0.6772014 -0.3606894 -0.2641652 -0.4727587 -0.4805557 -0.1983549 -0.3356370 -0.3870376 -0.2499531 -0.2795762 -0.2315820 0.0896691 0.0365339 0.0035142 0.1587445 0.0848268 0.1959616 -0.1184359 -0.1731818 -0.3642175 -0.0661330 0.0132463 0.1641006 -0.3361435 -0.3365043 0.1486410 -0.3606136 -0.0665643 -0.3617952 -0.2835188 -0.3999448 0.1178177 -0.1586671 -0.0182557 0.1384427 0.1223116 0.2247139 0.2804967 0.2288963 -0.4014592 -0.0078349 0.2492751 0.1459213 0.1694337 0.1317369 -0.2641013 0.2920956 0.2700070 0.0277226 0.2130177 0.0347035 0.1715684 -0.1757376 -0.4653874 0.3709486 -0.4928089 0.0201598 -0.0954356 0.1097918 -0.3230140 -0.2096918 -0.0837384 -0.1701373 -0.1394641 -0.2851531 -0.3319631 -0.2479548 -0.1857050 -0.3734715 0.2760268 0.2013921 0.5102261 0.4364076 0.3520590 0.1122216 0.3005984 0.0965350 -0.2137061 0.0394659 0.0508021 0.0315429 -0.0700816 0.2983125 0.0521728 -0.0437314 0.0185238 0.0933565 0.3069101 0.2025608 0.1242333 0.1285514 0.1855990 -0.0726483 0.0730150 0.1260081 -0.2743823 0.1610065 -0.4614073 -0.0367650 -0.0753270 -0.4063743 -0.0388644 -0.3789679 0.1786649 -0.3229835 -0.4407987 -0.2017927 -0.0301966 -0.0403790 -0.0065491 0.0838352 -0.0145869 -0.5586494 0.4484233 0.3069415
-0.0861792 0.3883117 0.5641729 0.5895597 0.4930778 0.2375343 0.0962293 0.8798508 0.4253592 0.6487055 0.0000000 0.4558987 0.7595016 0.2816846 0.4346421 0.6015922 0.8451033 -0.0691073 0.4250527 0.1883464 0.7414476 0.3393653 0.7700865 -0.1558677 0.2222541 0.4876791 0.7220382 0.0996871 0.5255886 0.6199842 0.4167623 0.0734730 -0.0091881 0.4446511 0.6339157 0.5470048 0.2973039 0.3124156 0.7366423 0.5945751 0.2868578 0.3495884 0.5553081 0.5654473 0.4749573 0.4465030 0.4879148 0.1493581 0.8028723 0.1664988 0.2994977 0.6080441 0.7420048 0.5421177 0.1849733 0.2966017 0.2483899 0.6534119 -0.2790109 0.1751638 0.2074383 0.2905080 0.1139567 0.8201912 0.5311425 0.0589517 0.2519557 0.2532699 0.1660601 0.4426147 0.3052308 0.5104027 0.0709164 0.3898750 0.3392845 0.4808624 0.4438340 0.3633850 0.5038635 0.3026558 0.2051948 0.1347754 -0.0589555 0.0050800 -0.1068634 0.1520877 -0.1087404 -0.2094626 0.0936551 -0.0474860 0.0163019 0.0777374 0.1454246 -0.2144433 0.1842609 0.1080261 -0.0934532 0.1329992 -0.0080107 -0.4444330 -0.0264747 0.1366236 0.0487905 -0.2725800 0.0550102 0.2656287 0.0570547 -0.1600030 0.2447363 -0.0592315 0.1808855 0.1705561 -0.0638287 0.0161148 0.1505872 0.2046213 0.1660707 0.1856322 0.2404130 0.4458610 0.1693023 0.0044787 -0.0834455 0.2194791 0.3694807 0.4442448 -0.1737256 -0.2343599 0.4384153 0.0991754 0.3036820 -0.2095189 -0.0776129 -0.0958040 0.1269412 -0.0524596 0.3109250 0.4014003 0.3783642 0.2755690 0.3178130 0.3588127 -0.3084625 -0.0765871 0.3501521 0.2294030 0.3367698 0.2033080 -0.2056142 0.3164881 0.1516634 -0.1906908 0.2649989 0.0515659 -0.0188510 -0.2632917 -0.4021502 0.0834973 -0.3109549 -0.2004867 -0.2439590 0.1227309 -0.3780733 -0.3363378 -0.1272352 -0.3452354 -0.2144661 -0.2179085 -0.2179432 -0.1664074 -0.1894262 -0.2731694 -0.1264401 -0.0517985 0.3506013 0.1557689 0.2266018 0.0296750 0.3548824 0.2102808 -0.2378199 -0.0591290 -0.1400875 -0.0780236 -0.3222885 0.2416343 -0.2002533 -0.0831546 -0.0048081 0.2784635 0.5610422 0.4283079 0.2574339 0.4434817 0.4961288 0.3823261 0.4558202 0.2635285 0.1856278 0.4731089 -0.0175235 0.1405325 0.1357704 -0.0065614 0.1254699 0.3107972 0.5251758 -0.2554475 -0.0704676 -0.0458580 0.3047775 -0.0541571 0.1239691 -0.0214053 -0.1349512 -0.3250918 0.1001202 0.2155746
0.6107912 0.8851601 0.6035149 0.8245831 0.6522830 0.7599227 0.6803239 0.5508695 0.7525956 0.6949195 0.4558987 0.0000000 0.0607600 0.6042604 0.8273239 -0.1053987 0.3098593 0.5324844 -0.1655946 -0.0317093 0.4253153 -0.2736766 0.0523719 0.5970175 -0.2280364 -0.2275633 0.3078504 0.6151007 0.6067687 0.6543968 -0.1775312 -0.3693379 0.6733391 0.7837355 -0.1199947 0.0691815 -0.3383366 -0.3839358 0.3269112 0.2519668 -0.2050806 0.0943034 -0.1029180 0.6315936 0.3331266 -0.2676975 -0.1852170 -0.5128267 0.5490269 -0.5129152 -0.3202846 -0.1167129 0.4465725 -0.0478091 -0.4861872 -0.4471552 -0.4274829 0.0630306 -0.3222449 -0.4703737 -0.0882213 -0.4143595 -0.4934830 0.4257533 0.4724508 -0.5228026 -0.3720204 -0.4725899 -0.5380227 -0.2266350 -0.3523445 0.0285710 -0.5708267 0.3576620 -0.4270851 -0.1783008 -0.1259061 -0.3125877 -0.2315991 -0.2557365 -0.3241104 -0.2273579 -0.0923795 -0.0214828 -0.1317296 -0.1730693 -0.3299751 0.0303994 -0.2799279 -0.1592911 -0.2823553 -0.2139204 -0.2950563 0.1592780 -0.4306143 -0.4797482 -0.3765859 -0.3595323 -0.4729535 -0.4397170 -0.2063478 -0.2998146 -0.1262561 -0.6697221 -0.4360722 -0.4715137 -0.4059991 -0.3599577 -0.1341554 -0.4155357 -0.4167927 -0.2889444 -0.4067029 -0.5001124 -0.1760231 -0.2652166 -0.3398850 -0.1012494 -0.2691717 -0.0839910 -0.4509227 -0.5681353 -0.3392163 -0.1462398 -0.1563707 0.0960637 -0.5672110 -0.4149398 0.0824328 -0.4577682 -0.0834712 -0.4832785 -0.4290313 0.0334950 -0.0622891 -0.1685048 0.1428965 0.0784139 0.1387535 0.0102579 0.1941721 0.1030380 -0.6349187 -0.1711377 0.2319846 0.2293923 0.1242630 0.1603357 -0.4131574 0.0585392 0.0295679 -0.1376972 0.0211185 -0.0561604 0.1210285 -0.2807801 -0.5288710 0.0352866 -0.5756137 -0.2790481 -0.3800737 -0.1500411 -0.1942127 -0.3613728 -0.3663717 -0.2671523 -0.0893777 -0.3844993 -0.4315022 -0.3380589 -0.3848984 -0.4674673 0.4312261 0.3772382 0.6973636 0.6243588 0.4736255 0.2301145 0.0585137 -0.3238419 -0.3249864 -0.2762711 -0.2861591 -0.3354297 -0.2958368 -0.0925011 -0.1853529 -0.2601502 -0.2480827 -0.4253161 0.0168515 -0.1909280 -0.0586799 -0.1904342 -0.0318640 -0.1925800 -0.0564711 0.2565743 -0.5610146 0.0703504 -0.3098424 -0.1543739 0.0392016 -0.2965958 0.1637171 -0.4332288 0.1663530 -0.0692043 -0.2730866 -0.4180099 0.0256659 -0.2989391 0.0597850 0.0521280 -0.0614747 -0.4703773 0.2933986 0.1465364
-0.3853650 0.0562727 0.4061490 0.2730712 0.3448090 -0.1743278 -0.1263674 0.7890622 0.0244530 0.2840110 0.7595016 0.0607600 0.0000000 -0.0831177 0.0669200 0.7131321 0.6840896 -0.3875441 0.6124741 0.3366226 0.5905645 0.6208861 0.7438894 -0.4478800 0.4664373 0.7016353 0.4822217 -0.2303278 0.3066443 0.2272987 0.5629256 0.4432922 -0.2892141 0.1371979 0.7325828 0.4821769 0.6057011 0.6138252 0.5172102 0.3311649 0.5429822 0.3366083 0.5841335 0.2775843 0.5083301 0.6705503 0.6830216 0.5500206 0.5958475 0.3857729 0.5279452 0.5536837 0.7191230 0.4237518 0.5338072 0.6104824 0.6028271 0.6414304 -0.0739041 0.4427123 0.4795446 0.4410444 0.5582753 0.6838134 0.4836771 0.4788928 0.5311071 0.5667228 0.5924311 0.6726265 0.5784533 0.6302247 0.4319303 0.4325984 0.6232662 0.7206074 0.6536820 0.7443912 0.8062267 0.4731810 0.6819154 0.1950234 -0.0641399 -0.0081114 -0.1026184 0.1104286 -0.0115527 -0.2526909 0.1406090 -0.0186794 0.1307678 0.2280348 0.3252699 -0.2790283 0.3298958 0.3136651 0.1685642 0.3638234 0.1854424 -0.2951750 -0.0296541 0.2659604 0.0618757 -0.0446355 0.3689562 0.4290248 0.2470869 0.0378824 0.4578485 0.1035906 0.4280305 0.3153114 0.0085857 0.1914263 0.2490767 0.2177228 0.2851379 0.2461782 0.2854211 0.4214324 0.2974642 0.1705184 0.3515522 0.0437743 0.3016185 0.3722290 0.1157044 0.2011313 0.3359564 0.3258539 0.2275805 0.2666217 0.0817991 -0.0309134 0.2484450 0.3489019 0.1397522 0.3709058 0.1723480 0.3415191 0.3379954 0.3598769 0.0958160 0.0361758 0.1506298 0.0318212 0.2199552 0.0832823 0.1678024 0.3664193 0.3983039 0.1052729 0.3501209 0.2468451 0.0398954 0.0792091 0.0191256 0.2645549 0.0768859 0.2115316 0.0505438 0.4851356 -0.1885949 0.0904613 0.2050516 -0.0224958 0.0766615 0.1406361 0.1706366 0.2745963 0.1491484 0.1097794 -0.3711319 -0.1722741 0.0726239 -0.0908211 0.0647970 -0.0016084 0.3707751 0.3497286 -0.1046017 0.0574673 0.0977904 0.1266958 -0.0605128 0.4943935 -0.0220356 0.1739998 0.2597539 0.5503053 0.5441507 0.4876206 0.3668877 0.5605475 0.5510531 0.4396314 0.5498548 0.2481834 0.5454318 0.4045080 0.1016773 0.1887894 0.2924068 0.2745475 0.1247497 0.6208786 0.4963046 -0.1565582 0.0218509 0.1145382 0.4117668 0.1381733 0.1609944 -0.0126149 -0.0104538 -0.0203996 -0.0206017 0.0729384
0.4709175 0.6896396 0.4563969 0.7720568 0.5673472 0.7600536 0.3915400 0.2566365 0.7758381 0.7854081 0.2816846 0.6042604 -0.0831177 0.0000000 0.7147188 -0.3623905 0.3445591 0.8943739 -0.4056107 0.1553873 0.2142515 -0.1340826 -0.1015202 0.8075137 -0.3635792 -0.3741847 0.3421350 0.8623345 0.4110524 0.7025504 -0.0009040 -0.3257540 0.8357709 0.6054410 -0.2275224 -0.0080023 -0.3397585 -0.3161024 0.3120367 0.1981175 -0.0969012 0.0139533 -0.1376710 0.4841772 -0.0714897 -0.2704435 -0.2099484 -0.3381603 0.2472105 -0.4678798 -0.2247266 -0.1471858 0.0996246 -0.2215832 -0.2527587 -0.2852967 -0.3455235 -0.2301519 0.0908134 -0.3649345 -0.1680096 -0.4758824 -0.4113450 0.2055624 0.5215718 -0.3359091 -0.2661475 -0.4692055 -0.4390799 -0.4205566 -0.2148500 -0.2377143 -0.3973742 0.3506311 -0.3268518 -0.3124390 -0.2130722 -0.4013177 -0.3915602 -0.2835094 -0.4298518 -0.2290922 -0.1238222 -0.0315645 -0.1488453 -0.1626094 -0.3040583 -0.0623247 -0.3582002 -0.2869878 -0.2610717 -0.0892530 -0.2577538 0.0187551 -0.4388239 -0.3539723 -0.1671475 -0.3773837 -0.5254038 -0.4880284 -0.3455472 -0.3816197 -0.1101533 -0.7311892 -0.2790702 -0.5065354 -0.5281604 -0.3242588 -0.2730190 -0.3572484 -0.4412656 -0.3401292 -0.1672865 -0.3337306 -0.1767310 -0.1125937 -0.2021186 -0.1432465 -0.1860402 -0.1119121 -0.2852504 -0.2698514 -0.2458624 -0.1384298 -0.1054240 -0.1540529 -0.2829736 -0.1484866 0.0484699 -0.4498943 -0.1387477 -0.1385634 -0.2225743 -0.2533734 0.3627083 0.0045769 -0.0215163 0.0433740 0.1864450 -0.1718615 0.3699838 -0.0277721 -0.1483561 -0.0030147 0.2470875 0.2353032 0.2654852 0.3119894 -0.0202030 -0.1058971 -0.0767517 0.3096262 0.2486015 0.2337670 0.4444993 0.0821446 -0.1167705 0.4838051 -0.1918869 -0.0732144 0.1015433 -0.0269294 0.0539593 -0.0013658 0.1023517 0.2270347 0.2290385 -0.0053703 -0.0664970 -0.0434033 0.1015677 -0.1126848 0.3529672 0.4294997 0.5005474 0.4711459 0.2203552 0.0879070 -0.0709150 -0.3609534 -0.3919290 -0.2812953 -0.1312221 -0.1901451 0.0048729 0.1759103 0.1705881 0.0190668 -0.0249226 -0.1569109 -0.0832197 -0.1705311 -0.1761946 -0.2513409 -0.2034938 -0.3082344 -0.3540299 0.1334538 -0.5213805 -0.1569108 -0.2079509 -0.1278404 -0.0789330 -0.3593293 0.1047461 -0.5767717 -0.1431480 -0.0709858 -0.1994065 -0.1914870 -0.2133865 -0.1764371 0.1203815 0.1275831 -0.0921096 -0.2482307 0.4979301 0.3807376
0.4886192 0.8159705 0.6042791 0.8424105 0.6678992 0.7777054 0.2888406 0.5054463 0.9419679 0.8452285 0.4346421 0.8273239 0.0669200 0.7147188 0.0000000 -0.2492299 0.2720896 0.6119234 -0.2414338 -0.0874071 0.5486013 -0.2560741 -0.0988479 0.6848878 -0.3372734 -0.3542171 0.1782217 0.4998987 0.8350876 0.5276936 -0.2096503 -0.5062725 0.7136481 0.9163175 -0.3294269 0.3287180 -0.4853527 -0.4099537 0.1410819 0.1385235 -0.2454371 0.3625885 -0.3159326 0.5597839 0.4146218 -0.3067023 -0.3106611 -0.5121469 0.6229265 -0.4232935 -0.3577950 -0.2105576 0.5063142 -0.1390835 -0.4913550 -0.4401534 -0.4921034 0.0343583 -0.0982868 -0.5073422 0.0262316 -0.4870610 -0.5562318 0.4286520 0.6325595 -0.5140928 -0.3176085 -0.3613001 -0.5688676 -0.2199964 -0.2572430 -0.2075946 -0.4229778 0.2950991 -0.3855040 -0.1004172 -0.1423186 -0.2729684 -0.1171687 -0.1108080 -0.3171911 -0.1986244 -0.2593431 -0.2974840 -0.3547755 -0.3632060 -0.6105393 -0.1794722 -0.5115141 -0.4177199 -0.3901444 -0.2320679 -0.3528401 -0.0823745 -0.4776632 -0.4351661 -0.4021904 -0.3844388 -0.5579975 -0.4949643 -0.4459740 -0.3775504 -0.2714272 -0.7080706 -0.3854130 -0.4442424 -0.5065517 -0.4585885 -0.1278327 -0.4726897 -0.4391166 -0.3905171 -0.2535577 -0.3408280 -0.0973925 -0.1626500 -0.2127115 -0.0442392 -0.1562094 0.0502703 -0.2480087 -0.3331549 -0.3687236 -0.0797985 -0.0566156 0.1890575 -0.3874183 -0.3012240 0.1429056 -0.3491337 -0.0459973 -0.3751802 -0.2873763 -0.3226669 0.1033296 -0.1043604 0.0460372 0.1490757 0.1675549 0.1694566 0.2360453 0.1999420 -0.5524820 -0.1664391 0.2361884 0.1223645 0.1946102 0.2054660 -0.3625304 0.2170039 0.2147343 -0.0885484 0.1897595 -0.0668408 0.2528259 -0.2794875 -0.5664834 0.2924872 -0.6114959 -0.0974486 -0.2281537 0.0293873 -0.2951126 -0.3409459 -0.2026761 -0.2491889 -0.1409086 -0.3908175 -0.4642219 -0.3350104 -0.3300239 -0.5064603 0.4253787 0.3637868 0.5290075 0.4672513 0.1241606 -0.0584911 0.0692212 -0.1640103 -0.3352843 -0.0882982 -0.1166589 -0.1518481 -0.1927280 0.0538842 -0.0298996 -0.2346371 -0.2435051 -0.3014808 0.1331879 -0.0112670 -0.0703255 -0.0960396 0.1048173 -0.1738658 -0.0513369 0.1767381 -0.4689018 0.1607667 -0.4803363 -0.0568976 0.0919267 -0.2415466 -0.0241710 -0.5209975 0.2412391 -0.1117748 -0.4721853 -0.2522845 0.0888167 -0.1756709 -0.0843031 0.1291250 0.0459478 -0.5267547 0.3224323 0.2880573
-0.2807343 -0.1170749 -0.0161160 -0.0868833 -0.1457333 -0.3010865 -0.0596015 0.4677490 -0.2374183 -0.0825379 0.6015922 -0.1053987 0.7131321 -0.3623905 -0.2492299 0.0000000 0.5385602 -0.6109440 0.8802436 0.1249770 0.2759522 0.7050764 0.8762575 -0.6266771 0.7369447 0.9411059 0.4354088 -0.4367095 0.0197992 0.0093718 0.5489764 0.5683110 -0.5918654 -0.1248844 0.8909946 0.3343959 0.7368005 0.7616699 0.4660135 0.4055159 0.6385067 0.2282611 0.8013880 0.1401253 0.3159540 0.8034957 0.8036659 0.6289274 0.3626226 0.5038749 0.6196691 0.7371562 0.3267754 0.6653645 0.6101209 0.6901753 0.6500179 0.7235897 -0.2280349 0.6550037 0.1107345 0.8105256 0.5630200 0.4495625 -0.1433174 0.4385973 0.5619309 0.7171605 0.6182383 0.7807101 0.5594239 0.5262384 0.5368486 -0.0698828 0.6658044 0.7029779 0.4555580 0.6245496 0.5872252 0.2573448 0.3664951 0.1608156 0.1192338 0.2343690 0.2346021 0.2924041 0.2211674 0.1057466 0.4456451 0.3651525 0.1490796 0.1605271 0.4095388 0.0268110 0.4006320 0.3388350 0.2260958 0.5169201 0.4138054 0.1558866 0.3333121 0.4174344 0.1940544 0.3478243 0.3247945 0.4806418 0.5076460 0.3257449 0.4480296 0.4001537 0.4250605 0.4648707 0.0643903 0.3173306 0.2676782 0.2868619 0.3381083 0.3003482 0.3484078 0.4888386 0.4030279 0.2459473 0.1448139 0.0930684 0.5288601 0.4534819 0.2440182 -0.0696869 0.4792828 0.4070204 0.4331862 0.0194109 0.2688232 0.2175028 0.0349660 -0.0182207 0.3552128 0.4638062 0.3405216 0.2723069 0.1259581 0.3652261 0.0212220 -0.1843059 0.2211313 0.1137707 0.2703835 0.1165923 0.0082004 0.2669854 0.0567849 -0.2388260 0.2153368 0.0557789 -0.1923182 -0.2257830 0.0315964 -0.1472256 0.1045993 -0.1420441 -0.0301786 0.1762114 -0.2569867 0.0081020 0.0448403 -0.2533954 -0.0701028 0.0440103 0.1425260 0.1526868 0.0364668 0.0738209 -0.1924686 -0.1799628 0.0035603 -0.1946903 0.0366145 0.1991541 0.1377237 0.2184687 0.2362982 0.1566454 -0.0601216 0.0535292 -0.2805450 -0.0716357 -0.3280941 -0.1921136 -0.0975849 0.2966317 0.4491980 0.3237979 0.2264612 0.5146771 0.4824320 0.5524517 0.5774062 0.1071713 0.4519003 0.5379520 0.3866462 -0.0618245 -0.0716237 0.1798493 -0.0513198 0.6465771 0.5470172 -0.2486571 0.3083593 -0.1716563 0.2446726 0.1454624 -0.0249733 -0.2803693 -0.1686730 -0.0409046 -0.1686346 -0.0048355
-0.1083346 0.2958310 0.4983489 0.5055861 0.4148379 0.0913850 0.2006262 0.7050612 0.2600269 0.6020910 0.8451033 0.3098593 0.6840896 0.3445591 0.2720896 0.5385602 0.0000000 -0.0650757 0.2924055 0.3004828 0.6043599 0.4828482 0.8401160 -0.1886371 0.2422936 0.5051233 0.8920988 0.1640771 0.3213324 0.7034340 0.6236220 0.1774292 0.0024231 0.3147276 0.6940073 0.3948770 0.3578876 0.3924532 0.8959211 0.7250511 0.4463709 0.1870739 0.6889745 0.7009633 0.1903637 0.3941591 0.4835082 0.2615694 0.7457555 0.1455923 0.2478415 0.7025643 0.6106536 0.6735113 0.3008651 0.3257097 0.2591681 0.6899641 -0.1717604 0.1458549 0.1052087 0.3382205 0.1651885 0.7877179 0.5456353 0.0309546 0.1414033 0.2822877 0.1995446 0.4034582 0.2052533 0.5632194 0.0417654 0.4405644 0.3339921 0.4813119 0.5164962 0.2205821 0.4091510 0.3899226 0.1408848 -0.1234912 -0.2790617 -0.1221522 -0.2559790 0.0098445 -0.0874722 -0.3091484 -0.0583335 -0.1903812 -0.0892687 -0.0925123 0.0376371 -0.2898359 -0.0303027 -0.0671047 -0.1527942 0.0189552 -0.2342678 -0.4487967 -0.1534128 -0.0430307 -0.1500142 -0.2902966 -0.0702293 0.0256257 -0.1019714 -0.3306289 0.0085239 -0.1600009 -0.0662182 -0.0094120 -0.1737164 -0.0160274 0.1134118 0.2427107 0.1781773 0.0975554 0.2182093 0.3007122 0.1172982 0.0568394 -0.1146529 0.2182636 0.2018305 0.2293744 -0.2098371 -0.3095746 0.2369632 0.0385682 0.1421330 -0.2375029 -0.2614160 -0.0297146 0.0391607 -0.1489927 0.1470167 0.1878734 0.1846328 0.1406827 0.1534108 0.1451114 -0.2007869 0.1699352 0.2375579 0.1600354 0.1270389 0.0064669 -0.1878993 0.1251983 0.0212650 0.0513000 0.0482053 -0.0279584 -0.1689694 0.0215206 -0.2334519 0.0498365 -0.1417696 -0.1329409 -0.2077981 -0.0527045 -0.1078213 -0.1985605 -0.1694416 -0.1156368 -0.1383952 -0.1495831 -0.1116698 -0.1704170 -0.1264818 -0.1838616 -0.1651681 0.0128525 0.3579552 0.1626566 0.3963310 0.2149932 0.3703693 0.2028916 -0.2023251 -0.1403957 -0.1567176 -0.1023028 -0.2230858 0.3437602 -0.0986902 0.1119561 0.2244625 0.4766804 0.4412615 0.5168641 0.4867514 0.4132966 0.3487293 0.3274766 0.4796115 0.4329124 0.3464874 0.3121213 0.1976893 0.0331368 -0.1342408 -0.1597377 0.1794186 0.2596795 0.2983842 -0.0725980 0.1750379 -0.0827405 -0.0335770 0.1732987 0.3473885 0.1526040 0.0894661 -0.0601885 0.3805592 0.4019549
