0.0000000 -0.0075243 -0.3327753 -0.3335901 0.3341052 -0.4231516 -0.3091140 -0.1004301 -0.4786640 -0.4907942 -0.2339611 -0.4115678 -0.3464612 -0.2040707 -0.3090536 -0.2826857 0.3773992 0.1654535 -0.2303173 0.0952177 -0.5870037 -0.2573976 0.0792704 -0.3670257 -0.1862048 -0.0669340 0.2918749 -0.0051975 -0.5128209 0.0722339 -0.0958718 0.0148421 -0.3643440 -0.4888324 -0.0147475 -0.5447286 0.0263366 -0.4561551 0.2370770 -0.0466048 0.0298529 -0.3689138 0.0828876 0.0934381 0.0892446 -0.0793659 -0.1621834 -0.2583121 -0.3818387 -0.0484615 -0.1900886 -0.2965927 -0.6465192 -0.1196610 0.1490487 0.2249191 -0.0414187 -0.3383444 0.3320777 -0.3191077 -0.4819558 -0.2662855 0.5595477 -0.5457597 -0.7130184 0.0817525 -0.2713898 -0.0065269 0.3081780 -0.5568490 -0.1020767 -0.3328675 -0.2102034 -0.4164871 0.0232046 -0.4834077 -0.2210502 0.0869950 -0.2567899 0.0497423 0.4267557 0.1658035 0.1390005 0.3269276 0.3621045 0.1937040 -0.0159156 0.1746702 0.0638960 0.0530056 -0.0163888 0.0679018 0.2934668 0.4531353 0.1944558 -0.0823434 0.2386880 0.3388072 0.2435679 0.0944846 0.2124713 0.4130060 0.4721214 0.1812163 0.0045319 0.0378754 0.3957357 0.5214695 -0.0402450 0.6228489 -0.2067013 0.1278466 0.4326462 0.6022697 0.6333888 0.2900292 0.5473208 0.4916582 0.4296190 -0.1756279 0.0929318 0.3085393 0.0237568 -0.3941068 -0.2108501 -0.2964960 -0.1685523 0.2175700 -0.2983710 -0.0716804 -0.0994286 0.0927381 0.1496377 -0.2204521 0.4031131 0.2751083 0.0075121 -0.3455533 -0.0106518 -0.4868447 0.5234560 -0.2973720 0.2193774 -0.0382018 -0.0186620 0.2969568 0.2716233 0.3206984 0.3816392 -0.2806021 -0.1971522 0.0451784 0.2649183 0.4821085 0.4859945 0.0954878 0.1714823 0.4436377 0.1476483 0.1019672 0.5627483 -0.0955173 0.0582746 0.0711216 0.4794116 0.2472438 0.3930878 0.0955039 0.0172234 0.0214976 0.5659198 0.4100685 -0.2684272 -0.1466027 -0.3761496 -0.3559046 -0.2136278 0.1056896 -0.5586848 0.0103575 0.1820645 0.3512279 0.2370355 0.4273171 0.4445752 -0.6405618 0.3020879 0.2381192 0.2109285 0.1526134 -0.4218011 0.0062994 -0.2094744 -0.7290774 -0.3645833 -0.6925312 -0.5866286 -0.7180584 0.2533193 -0.4865289 -0.1117959 -0.3605140 -0.1740988 -0.4486798 0.0968150 0.2554039 -0.1907618 -0.2364384 -0.1522889 -0.1809917 -0.2880660 -0.5709025 0.3035612 -0.4156198 -0.3359232 0.0519714 0.1872499 0.0694627
-0.0075243 0.0000000 0.5877097 0.3984334 0.3034414 0.6788615 0.8528131 0.3427598 0.6082953 0.4095244 0.0646954 0.7155509 0.1929510 0.4467432 0.5805562 0.1117786 0.2771626 0.4689812 -0.0247581 -0.1114719 0.5577929 0.1201411 0.3000884 0.4156257 -0.0782529 0.3255083 0.1629999 0.3547545 0.5532830 0.2803759 0.1242345 -0.0605292 0.3898674 0.5095040 0.4440538 0.5412242 0.2754608 0.0029049 0.4134305 0.3395292 0.0719866 0.5540024 0.2451218 0.4570762 0.6034686 0.2027051 0.2434492 0.0459420 0.4538388 -0.1464770 0.1587652 0.1635646 0.4177532 0.5054389 0.4364158 0.2223018 0.2619725 0.4366672 0.3629024 0.1574853 0.6263644 0.4148394 0.3279967 0.3705786 0.3326680 0.2211590 0.2922796 0.1791185 0.3070784 0.2073163 0.3681909 0.2791567 0.1473630 0.3255420 0.2722173 0.2669613 0.3472193 0.2571317 0.2818939 0.2719376 0.1128770 0.2353199 0.0829734 0.0886906 0.0412141 0.1659396 -0.0204417 0.0939535 0.0826865 0.1570986 0.0868656 0.0909191 0.1580040 0.0439324 0.2308925 0.2422058 0.0780497 0.0843439 0.0067063 0.1784945 0.1518529 0.0977609 0.0595763 0.3836929 0.1879454 0.3402489 0.0155272 -0.0313280 -0.0074804 0.1196242 0.1165767 0.1569343 0.2450062 -0.0156273 0.0412609 0.0219381 0.0294275 0.0758837 0.0784319 0.3418189 0.4064379 0.2064195 0.4409250 0.3977811 0.1708686 0.4661679 0.5982520 0.5697093 0.4198216 0.4450973 0.5241484 0.6161314 0.5873172 0.5835512 0.5614428 0.4262723 0.5517777 0.4613131 0.4670878 0.4925781 0.4255983 0.2750251 0.4228001 0.5677437 0.4848955 0.3378634 0.1962572 0.0522031 0.4309562 0.3550085 0.3081880 0.3558097 0.0911645 0.2149242 0.0234049 0.3465327 0.3143972 0.2333001 0.2227324 0.2546998 0.1714937 0.2938452 0.4746571 0.2083452 0.1011873 0.4543381 0.3870831 0.2045211 0.1650469 0.1478711 0.2966162 0.0500731 0.2249224 0.2004884 0.6495905 0.4154475 0.5986280 0.4529095 0.5191119 0.4827282 0.4202164 0.4860284 0.6246721 0.5618660 0.3762420 0.4913441 0.4478177 0.3073090 0.2831054 0.2827414 0.2871405 0.4819612 0.3954594 0.1824659 0.3990022 0.3239802 0.3817934 0.3516139 0.2646744 0.4676101 0.5181159 0.5633633 0.4591710 0.3286156 0.1771519 0.3572404 0.5614513 0.4523766 0.5254568 0.6510343 0.4671319 0.4021397 0.2248239 0.4092176 0.5723374 0.4919545 0.4943327 0.4994767
-0.3327753 0.5877097 0.0000000 0.6231126 0.6012414 0.5758635 0.7023663 0.6496515 0.6296802 0.5322054 0.3611010 0.5042478 0.5331026 0.5408462 0.6501863 0.5248898 0.3751044 0.4733768 0.6145727 0.1843870 0.5991386 0.4681620 0.5393430 0.5369670 0.2542450 0.6930426 0.0817195 0.5004620 0.6294606 0.3252033 0.3595346 -0.0132461 0.5250945 0.5827134 0.8078134 0.6485374 0.5791781 0.4012038 0.2490974 0.4562888 0.2696274 0.6468482 0.4274094 0.5924101 0.5205595 0.4571161 0.7005551 0.2143002 0.5926041 0.1390854 0.7077038 0.4653200 0.6362437 0.5035922 0.1130848 0.3405629 0.6899375 0.6643570 0.2170495 0.6589935 0.7991053 0.6406593 0.3203087 0.5937841 0.5575991 0.5272255 0.6353998 0.4022060 0.5588897 0.6176040 0.7533337 0.7105435 0.4735335 0.6159089 0.7047607 0.6498942 0.5762191 0.6741587 0.6538415 0.5935646 0.3525274 0.2291518 0.1024633 0.1570794 0.1466886 0.2679655 0.1538079 0.2750073 0.1636347 0.3265734 0.1341817 0.2334308 0.0290020 0.0754125 0.3197171 0.3168991 0.0923825 -0.1551282 0.1475420 0.4082154 0.1502620 0.0344924 -0.1089905 0.3294933 0.1569859 0.4091333 -0.0190126 -0.1916628 0.1515161 -0.0714923 0.3521429 0.2767663 -0.1650742 -0.2698119 -0.3167844 -0.1257957 -0.2446771 -0.1791341 -0.1222343 0.5136943 0.4458202 0.0743974 0.5667042 0.5253702 0.5653083 0.4167017 0.5887244 0.4510936 0.4791426 0.3784837 0.4847577 0.4607228 0.2510322 0.3595346 0.4793888 0.3109025 0.3013983 0.3579817 0.3131882 0.3751337 0.2813651 0.2316279 0.2764822 0.3634416 0.1882706 0.2524257 -0.0196983 -0.1051379 0.3157254 0.1295686 0.0900606 0.3081213 -0.0529694 0.2051143 0.0900970 0.3440264 0.3272016 0.0846996 0.2708194 0.1976573 0.0305459 0.1571104 0.4258668 0.3873298 0.0077903 0.2855427 0.3113475 0.3881246 0.2636776 0.2227153 0.1158904 0.0347887 0.1639413 0.0788220 0.4854250 0.1971986 0.4455179 0.3310558 0.5612114 0.3836031 0.3992526 0.2273774 0.4227402 0.2227987 0.1411611 0.7109690 0.3150795 0.4592203 0.3901798 0.3996984 0.4760211 0.5250122 0.4427116 0.4004467 0.4066325 0.4370951 0.5288144 0.4501224 0.3630166 0.4064721 0.6528736 0.7911193 0.5694859 0.5911218 0.4044231 0.5425031 0.5759624 0.7523184 0.6728252 0.6544463 0.5329989 0.5519357 0.3974916 0.4874238 0.6839362 0.7941223 0.5678226 0.6511322
-0.3335901 0.3984334 0.6231126 0.0000000 0.2945337 0.7253397 0.6745626 0.9152009 0.7900814 0.7514972 0.6218856 0.6680022 0.3553980 0.7403156 0.8422666 0.5205056 0.2718101 0.6693559 0.4703094 -0.1009297 0.6179559 0.1399284 0.3884590 0.8349982 0.4294657 0.4897743 0.1442410 0.8330642 0.8064023 0.4977680 -0.0511958 0.3160186 0.7814034 0.8158598 0.4957189 0.7448234 0.5424437 0.3052572 0.1820453 0.7654225 -0.0854496 0.8558172 0.1761077 0.8199709 0.6919230 0.6484819 0.6529352 0.1042946 0.8790160 0.1927057 0.5328367 0.5876457 0.8325565 0.7777836 0.0861383 0.4967817 0.4855420 0.7802463 0.2680282 0.3419512 0.6168832 0.3976346 -0.0336346 0.7577607 0.7566794 0.3267025 0.3763789 0.4400354 0.2829795 0.4232409 0.4800388 0.6141073 0.4790909 0.4557117 0.2785712 0.4380632 0.1628885 0.3170300 0.4638228 0.3499408 0.1352676 0.5769976 0.3696522 0.3143639 0.3109752 0.4363644 0.3465484 0.5742744 0.3415682 0.4234128 0.1860508 0.4439682 0.1216434 0.4226389 0.4481097 0.5884686 0.2860798 0.0476057 0.4266206 0.6336427 0.4678602 0.0206962 0.2402043 0.5843116 0.1104436 0.7091126 0.0693567 0.0388081 0.0355053 -0.0482685 0.3661348 0.1516318 0.0244501 -0.1522657 -0.2551619 -0.0506293 -0.1705391 -0.2497992 -0.0485395 0.0969238 0.2853126 0.2434479 0.4579200 0.5712556 0.2369249 0.2745436 0.4806018 0.2998041 0.2583680 0.3463733 0.3314215 0.4960605 0.2502258 0.4344498 0.2770732 0.2944323 0.4587511 0.4072491 0.3712639 0.2821706 0.2224852 0.4496692 0.1289291 0.4756056 0.4326614 0.2362720 0.5179364 0.4791083 0.2378409 0.1442053 0.0257609 0.4666647 0.3934416 0.0446573 0.4896162 0.2291269 0.2131801 0.3526207 0.2371825 -0.0163498 0.3031458 0.1811801 0.3109439 0.1836996 0.3314608 0.3259637 0.2213286 0.3810564 0.4385826 0.3309618 0.2889011 0.3363745 -0.1177191 -0.1052252 0.5071054 0.3507782 0.3795461 -0.0956226 0.4542500 0.2189131 0.3960161 0.1812981 0.4950718 0.1757918 0.0819214 0.7054082 -0.0235962 -0.0069164 -0.1015809 -0.1704938 -0.0281520 -0.0891092 -0.0899780 0.2767619 0.2253439 0.4169560 0.2574063 0.4793986 0.1799931 0.3199939 0.5867023 0.4767440 0.5102475 0.3710524 0.4055571 0.4027708 0.3602770 0.6075906 0.5278400 0.2976235 0.4176515 0.5012082 0.2365993 0.2444089 0.6408773 0.3561681 0.6364424 0.7214451
0.3341052 0.3034414 0.6012414 0.2945337 0.0000000 -0.0090702 0.2953818 0.5109513 0.0370909 -0.1209312 0.1658156 -0.0602419 0.3377611 0.1184449 0.2100353 0.2887458 0.5577878 0.4618003 0.5074620 0.3279217 0.0011662 0.2630610 0.5549716 0.0290185 0.2621266 0.6699251 0.2666755 0.3460676 0.0202151 0.3279783 0.2517075 0.2912951 0.0473212 -0.0205554 0.7888357 0.0718433 0.7639869 0.2092084 0.2990155 0.3706412 0.3441416 0.2157272 0.4699194 0.5742304 0.5000576 0.5949698 0.6822969 0.2227808 0.1554383 0.3510851 0.6920999 0.2788410 0.0033642 0.3115606 0.2544312 0.7354054 0.8009223 0.2866725 0.4590575 0.5529322 0.3444458 0.4163590 0.8306418 -0.0018373 -0.1239057 0.7915452 0.4893970 0.4351011 0.9000592 0.1862874 0.6962733 0.4582404 0.3427744 0.3232717 0.7077924 0.2799909 0.4550092 0.5897621 0.4572270 0.4203765 0.5818964 0.2568058 0.3297702 0.4271593 0.4468022 0.4065080 0.2394845 0.3014661 0.2338704 0.2205557 0.2002323 0.3998476 0.2618965 0.3987809 0.4228805 0.3248318 0.4264559 0.0942758 0.2603789 0.3399154 0.1151112 0.3678638 0.3252060 0.1493861 0.2801229 0.4890599 0.3407024 0.2709346 0.2574175 0.4032115 0.1914678 0.3500533 0.1981973 0.2552010 0.1879366 0.1324475 0.2386578 0.2240707 0.2255785 0.2475329 0.4177466 0.3554350 0.4480830 0.1086757 0.4238287 0.0256808 0.3146150 0.5151106 0.1127285 0.2332157 0.2483954 0.4356738 0.2292381 -0.0966314 0.5856320 0.4636134 0.1270450 -0.0091691 0.1308527 -0.1400538 0.4672056 -0.1384013 0.2976846 0.1831054 0.0903361 0.4017242 0.0670355 0.0106989 0.3765593 -0.1623767 -0.0599304 0.2410091 0.0972472 0.3465534 0.3617349 0.3506847 0.4065722 0.3541328 0.3530241 0.3594165 0.3286761 0.0991119 0.4462681 0.4173657 0.3535944 0.3781132 0.4842873 0.3321174 0.2275794 0.3009182 0.4275135 0.2857915 -0.1906948 -0.1390329 -0.0248462 -0.1566727 0.0829271 0.2562954 -0.0843840 0.1100997 0.1631822 0.1963917 0.4990150 0.3136610 0.5369163 0.1013628 0.6138887 0.7221578 0.5787428 0.4123698 0.0045427 0.3903100 0.1134778 -0.2713547 -0.0575917 -0.2474194 -0.2020331 -0.1851578 0.3334130 -0.1601878 0.4453331 0.3650241 0.3433602 -0.0365704 0.6144035 0.6675948 0.1801454 0.4514976 0.4791684 0.3632961 0.2218888 -0.0271657 0.6825257 0.0688598 0.4161804 0.6682028 0.6022009 0.5591132
-0.4231516 0.6788615 0.5758635 0.7253397 -0.0090702 0.0000000 0.8663208 0.5462758 0.9113877 0.9054378 0.5447877 0.9038880 0.3779692 0.8030325 0.7859770 0.5221666 0.2820236 0.3800967 0.2528500 0.0269358 0.7601268 0.3750730 0.4134998 0.7844522 0.2912936 0.3605418 0.1787542 0.6448392 0.8448259 0.4935134 0.2436802 0.0665344 0.7739540 0.8486544 0.4436219 0.7524478 0.2451204 0.3027309 0.2597379 0.5713002 -0.0136066 0.7529042 0.2836992 0.5614059 0.4852796 0.2640085 0.2680413 0.1399602 0.8530250 -0.1504452 0.2064561 0.3736198 0.8273596 0.7437912 0.1935423 0.0509605 0.0763044 0.7957740 0.0050692 0.1114971 0.6602144 0.4648067 -0.1999627 0.8418794 0.8376168 -0.0574249 0.4378465 0.4849158 -0.0527645 0.5949999 0.3947249 0.4898257 0.5761910 0.5881486 0.1428116 0.6342775 0.3809108 0.2922827 0.5143015 0.3478223 -0.0349381 0.4172914 0.1321974 0.2761619 0.2152775 0.3211598 0.0199928 0.3430438 0.2266440 0.3931893 -0.0226310 0.1470001 0.0850005 0.1256041 0.2089857 0.5369449 0.0550806 0.0319944 0.1871804 0.2597614 0.2881007 0.0757149 0.0584052 0.5296654 0.0349597 0.4638394 0.0613448 -0.0347879 -0.1326987 -0.0145276 0.2603475 0.1697963 0.1858677 -0.1764294 -0.2004236 0.1104801 -0.1072862 -0.1481681 0.1078960 0.3513423 0.4754030 0.2964169 0.4328250 0.7798865 0.2826233 0.5938276 0.6144848 0.3866682 0.5566105 0.5895995 0.6431947 0.5587453 0.5314460 0.7793054 0.4223588 0.3206450 0.6878629 0.6520021 0.6350300 0.7022383 0.3292688 0.6418644 0.3171381 0.7186649 0.6222463 0.1462143 0.4396107 0.3299328 0.3723884 0.5240320 0.3389799 0.5443467 0.3364968 0.0140225 0.1829059 0.2838256 0.2924596 0.2445467 0.2035544 0.1516914 0.1282197 0.4082499 0.3522343 0.2835269 0.2042577 0.3465255 0.1953498 0.3175577 0.3043542 0.3048486 0.2355839 0.1033451 0.3858755 0.4122715 0.8960707 0.6705437 0.6301448 0.2443575 0.7197418 0.2302881 0.3875156 0.2053329 0.2955262 0.1864421 -0.1603173 0.8417218 -0.0376858 -0.0437238 0.0317340 0.1185455 0.3211116 0.2876147 0.4063709 0.5308591 0.5283428 0.6964213 0.6774022 0.8130239 0.2557190 0.7090963 0.6443041 0.6359095 0.5837099 0.6938632 0.2068235 0.3396634 0.6459028 0.6319748 0.6069644 0.6340021 0.6012408 0.8393190 0.0503509 0.6732928 0.7487600 0.3479960 0.4745530 0.5831601
-0.3091140 0.8528131 0.7023663 0.6745626 0.2953818 0.8663208 0.0000000 0.5533500 0.8142160 0.6783806 0.3302833 0.8794879 0.2883688 0.6291761 0.7606145 0.3437642 0.2718607 0.4552659 0.1966570 -0.0761914 0.7758631 0.2021588 0.3780015 0.6458864 0.0539935 0.3908809 0.0911505 0.5526096 0.7973361 0.3947308 0.0923616 -0.0327638 0.6204363 0.7284675 0.5378822 0.7457004 0.3738486 0.1631237 0.3472418 0.5224193 -0.0336680 0.7595820 0.2866215 0.5940059 0.6715703 0.3635179 0.4159889 0.0744894 0.6979176 -0.0590160 0.3465702 0.3305419 0.7128371 0.6795850 0.2498420 0.2720149 0.3603535 0.6815165 0.2414367 0.3041813 0.7870286 0.5092332 0.0580640 0.6589646 0.6640040 0.2125074 0.4493565 0.4015198 0.2266824 0.5213871 0.5273548 0.5379205 0.4338145 0.5307985 0.2942025 0.5426698 0.4305949 0.3223820 0.4330258 0.2876443 -0.0078350 0.3080966 0.0836631 0.2485191 0.1630144 0.3325538 0.0779826 0.2133408 0.1710314 0.2657296 0.0521916 0.1921162 0.1113519 0.0468334 0.2315197 0.4675268 0.1630254 0.0309692 0.0634369 0.2366432 0.1665413 0.1411285 0.1074424 0.3691689 0.1683693 0.5210656 0.0809217 -0.0522161 -0.0429094 0.0747402 0.1998243 0.1548238 0.2064545 -0.0709377 -0.0426013 0.1006531 0.0001434 0.0432345 0.1339951 0.3999772 0.4834028 0.3669361 0.3931746 0.6189511 0.3516417 0.5734066 0.6327547 0.4067815 0.5348622 0.4980310 0.6150245 0.5546237 0.5101837 0.6103545 0.4515075 0.2786198 0.5829222 0.6068415 0.5437423 0.6098624 0.2994375 0.4384827 0.2182152 0.5789740 0.5382360 0.1159298 0.2767827 0.1452639 0.2542208 0.4195813 0.3303662 0.3625814 0.1461367 -0.0551860 0.0939423 0.2396303 0.2245444 0.1383916 0.1126307 0.1880875 0.0197555 0.3402988 0.3591727 0.2207879 0.0748926 0.2980780 0.1841011 0.1548542 0.1794052 0.2522975 0.1785135 0.0095839 0.2127858 0.2394782 0.8331956 0.6375947 0.6808990 0.2718506 0.6476078 0.2724954 0.3203709 0.2262112 0.4693337 0.2623106 0.0973791 0.7692782 0.2178208 0.1452781 0.1605606 0.1764471 0.3409762 0.3620042 0.4174971 0.4424388 0.4947165 0.5889151 0.5562123 0.6607956 0.1838083 0.6172215 0.5862866 0.6530196 0.5904710 0.5341683 0.2928197 0.3492801 0.6538165 0.7078316 0.6217734 0.6974882 0.5525129 0.6768360 0.2624814 0.5751783 0.8012885 0.5350269 0.5659107 0.6154141
-0.1004301 0.3427598 0.6496515 0.9152009 0.5109513 0.5462758 0.5533500 0.0000000 0.5910990 0.5794156 0.5921764 0.4977578 0.3678139 0.7277271 0.7222663 0.5320816 0.4589409 0.7264995 0.6090505 0.0870184 0.4771374 0.1560459 0.5386971 0.7296531 0.4814912 0.6496135 0.2597601 0.8719110 0.6203392 0.5502569 0.0254082 0.3363800 0.7065809 0.6494473 0.6292434 0.6044882 0.5893194 0.3381034 0.2344811 0.7963397 0.0621275 0.7174008 0.2810584 0.8449210 0.6762357 0.7042909 0.6746963 0.1904265 0.7212725 0.3199100 0.5660425 0.5145744 0.6232268 0.7007657 0.1406239 0.6168136 0.5744419 0.6457442 0.4182904 0.3333500 0.5297181 0.3279965 0.2015678 0.5815018 0.5499750 0.5011011 0.3257320 0.4362971 0.4862878 0.3225841 0.5058399 0.5973469 0.4180260 0.4154761 0.4094722 0.3583653 0.1905381 0.4113470 0.4428130 0.4210917 0.2823208 0.5562923 0.3564341 0.3872963 0.4045375 0.5151953 0.4330816 0.6819102 0.4180074 0.5032115 0.2795445 0.5969811 0.2652877 0.6020026 0.6035476 0.5630479 0.4888155 0.2196536 0.5712406 0.7514818 0.5809876 0.1816164 0.3266402 0.5874861 0.2498836 0.7433566 0.1582485 0.1730945 0.1609231 0.0788928 0.4564729 0.2597510 0.0472766 -0.0727897 -0.2311297 -0.0780092 -0.1652115 -0.2353155 -0.0495863 0.0794939 0.3417241 0.2436329 0.6201581 0.5084892 0.3342966 0.1265051 0.5248590 0.4301411 0.1813684 0.3934909 0.3160906 0.6004848 0.2222700 0.3019826 0.4530777 0.4388993 0.3695439 0.2615858 0.2810731 0.1132454 0.4101561 0.3715191 0.2185139 0.4539584 0.3373148 0.4364420 0.5509585 0.5063157 0.3713726 0.0357163 -0.0745616 0.4874442 0.4850537 0.3201382 0.6142969 0.3595841 0.2993352 0.5085829 0.3250547 0.0464850 0.4922260 0.1881708 0.4149298 0.2703564 0.4942178 0.4283866 0.4185791 0.4773584 0.5184449 0.4028709 0.4273868 0.4780731 -0.1956641 -0.1499621 0.3624608 0.2199479 0.3982831 0.0174219 0.3704481 0.3648028 0.5077934 0.3648247 0.6080372 0.3623868 0.3092982 0.5578662 0.1888581 0.1884376 0.0408959 -0.1074394 -0.0787739 -0.0235761 -0.0923629 0.1073996 0.0996493 0.2005300 0.1316236 0.2789419 0.2425749 0.1300881 0.6933313 0.5137706 0.5586661 0.3363010 0.5911751 0.5096477 0.3178452 0.6194161 0.6570199 0.3349581 0.4809677 0.4034771 0.4740880 0.1940975 0.6528307 0.5300050 0.7528614 0.8055000
-0.4786640 0.6082953 0.6296802 0.7900814 0.0370909 0.9113877 0.8142160 0.5910990 0.0000000 0.8753282 0.3751382 0.8720683 0.2031718 0.7904371 0.9303532 0.3298770 0.1066272 0.5028109 0.1929721 -0.1695124 0.8018369 0.2013577 0.2262918 0.8902379 0.1925738 0.2664682 -0.0316614 0.6804472 0.9384460 0.3777990 0.0117750 0.0067497 0.8703788 0.9434022 0.3627260 0.8302821 0.2127183 0.1205933 -0.0123549 0.5360759 -0.0973027 0.8164978 0.0524077 0.6604962 0.5364293 0.1854333 0.3032135 -0.0374611 0.8874239 -0.2279225 0.2375347 0.2819599 0.8556648 0.7904998 -0.0654447 0.0496829 0.1628639 0.8149355 -0.0366392 0.1831063 0.5804182 0.4509438 -0.2345078 0.8154519 0.8538308 0.0373218 0.4068023 0.4576542 -0.0466675 0.4466664 0.4468277 0.3988149 0.5061711 0.4155826 0.0728646 0.4928606 0.1693355 0.1872607 0.4072521 0.2385659 -0.0974191 0.3993875 0.0730268 0.2070528 0.1562202 0.3399805 0.0635739 0.3339727 0.1862340 0.3306528 -0.0500446 0.0950946 -0.0155171 0.0771716 0.2254148 0.4225080 -0.0651917 -0.1197833 0.1734070 0.3516088 0.2522426 0.0067706 0.0565791 0.5362790 -0.0757419 0.4849727 0.0353410 -0.1179110 -0.1895873 -0.0638280 0.1775088 0.1205362 0.1243742 -0.1602300 -0.1894139 0.0737868 -0.0878047 -0.1107951 0.0547937 0.4494648 0.5157599 0.2805630 0.2719181 0.6316113 0.3759282 0.6650413 0.5375004 0.2504927 0.6254389 0.4153911 0.6320094 0.4202097 0.4327786 0.7439672 0.3066554 0.1571425 0.6897283 0.7100733 0.6598633 0.6245638 0.2267265 0.5979572 0.0863451 0.5498587 0.6110079 0.0030695 0.3713092 0.2688857 0.1836016 0.4631323 0.3719894 0.3349377 0.1903639 -0.0680344 0.1416400 0.0913693 0.1452770 0.0936825 0.0658080 0.0930202 0.0001719 0.3260426 0.1801854 0.2098971 0.0293934 0.1615012 0.0591464 0.2544814 0.2329311 0.2778166 0.0528201 -0.0314549 0.1632578 0.1318468 0.7181858 0.4634755 0.5088297 0.0324113 0.6796218 0.1846733 0.3749265 0.1071342 0.2712748 0.0418931 -0.1883075 0.7858512 -0.1345199 -0.0946462 -0.1510863 -0.0662900 0.3847306 0.0823755 0.1722898 0.5814714 0.5860762 0.7458169 0.6485767 0.6996017 0.1119260 0.7438416 0.5235848 0.5844067 0.4431331 0.5554827 0.1969570 0.2578163 0.7058054 0.6707237 0.5279948 0.5115609 0.4509255 0.6800527 -0.0001059 0.4584091 0.6988159 0.4169099 0.5652212 0.6506551
-0.4907942 0.4095244 0.5322054 0.7514972 -0.1209312 0.9054378 0.6783806 0.5794156 0.8753282 0.0000000 0.5486139 0.8017795 0.3108415 0.8044403 0.7449127 0.5193242 0.1324566 0.2895745 0.3704033 -0.0181705 0.7339524 0.3634760 0.3124470 0.8314128 0.3547777 0.3166639 0.0216275 0.6487479 0.8690826 0.3691336 0.1756190 0.0182084 0.8320024 0.8818627 0.3578123 0.7573004 0.1813126 0.2837710 0.0885326 0.5151739 -0.0806743 0.7517196 0.2031613 0.5347091 0.4022231 0.2035918 0.3010173 0.0382902 0.8782947 -0.2622240 0.2682162 0.4513551 0.8884728 0.6938216 -0.0211715 -0.0303873 0.0767557 0.7917234 -0.0607584 0.1356187 0.5819874 0.4245357 -0.3864871 0.9238898 0.9288336 -0.1569628 0.3855012 0.3928043 -0.1548356 0.6055406 0.3589842 0.4910608 0.5523589 0.5315496 0.0987610 0.5829173 0.2201512 0.2724062 0.4365348 0.3433458 -0.0686239 0.4253301 0.0165679 0.2694981 0.2344953 0.3081032 0.0122767 0.4283909 0.1735392 0.4210240 -0.1193006 0.0973426 -0.0457427 0.1480815 0.1446429 0.4879893 -0.0226091 -0.0679479 0.2667996 0.3600136 0.3359501 0.0008654 -0.0291653 0.5873683 -0.0504903 0.4785696 -0.0026205 -0.1046707 -0.2113402 -0.1120568 0.2944014 0.0967588 0.0181798 -0.2598979 -0.2876515 0.0466164 -0.1973868 -0.1891075 0.0358110 0.2865230 0.3753490 0.2782913 0.4118669 0.7405857 0.3149505 0.5126202 0.4832901 0.2339159 0.4884355 0.5108428 0.5305697 0.3994927 0.2825175 0.6937199 0.2650496 0.1881883 0.5634882 0.5776766 0.5530337 0.6128475 0.2091183 0.6915122 0.1884333 0.5708200 0.5018674 0.0682746 0.4580460 0.4208905 0.2597386 0.4554558 0.2365428 0.4802888 0.3650424 -0.0128463 0.2455668 0.1838282 0.1732626 0.2189912 0.1268613 -0.0230496 0.1220321 0.3336424 0.2145435 0.2288351 0.1951913 0.2215518 0.0658655 0.2900525 0.2640010 0.2482132 0.1274440 0.0664986 0.2892772 0.3240853 0.7775454 0.5852817 0.5114366 0.0688908 0.7101160 0.1794023 0.4393683 0.1407944 0.1811428 0.0585483 -0.2980615 0.8480836 -0.2547300 -0.2083879 -0.1303508 0.0072670 0.2689188 0.1106487 0.2955119 0.5730960 0.4790734 0.7182089 0.6825196 0.7938207 0.2131040 0.6379527 0.5589738 0.5805354 0.4887119 0.7228411 0.1841831 0.2773855 0.5871840 0.6358926 0.5104491 0.4955325 0.4617506 0.7819035 -0.0606621 0.5763988 0.6269880 0.3091083 0.3982475 0.5061212
-0.2339611 0.0646954 0.3611010 0.6218856 0.1658156 0.5447877 0.3302833 0.5921764 0.3751382 0.5486139 0.0000000 0.3383015 0.6835417 0.5312650 0.3926802 0.9140370 0.6334331 0.3336840 0.5436626 0.3895764 0.2231212 0.5212452 0.7118774 0.4251009 0.6489929 0.5115640 0.5706279 0.5366222 0.3022924 0.6585270 0.5007050 0.4534046 0.3321960 0.3164590 0.5125189 0.2821043 0.5224690 0.7163490 0.3999850 0.6004457 0.0954461 0.3765855 0.6211648 0.4273655 0.1755470 0.6447667 0.4849530 0.4538379 0.6001261 0.4703047 0.4440613 0.6056093 0.5253946 0.4649636 0.3427564 0.3783310 0.2385271 0.6228312 -0.0813804 0.2341256 0.4229134 0.3808801 0.0111045 0.5844203 0.4930278 0.1983474 0.4202394 0.6026697 0.2671672 0.6669227 0.3452307 0.7349763 0.7497768 0.7071561 0.4669594 0.7177571 0.5508288 0.5888571 0.7798103 0.6622479 0.4354218 0.4256663 0.5013157 0.3902061 0.4070077 0.3239867 0.3372648 0.5282287 0.4577607 0.5065226 0.2590867 0.4785305 0.2506273 0.4156873 0.3746438 0.6674852 0.3743123 0.1387339 0.4241048 0.3337904 0.3614858 0.0860826 0.2047419 0.4255386 0.0894125 0.3219811 0.1726223 0.2326014 0.1864814 0.0552679 0.4101021 0.2324856 -0.0069294 -0.1182281 -0.2796963 0.0564411 -0.1384792 -0.3844435 0.0553775 -0.1764772 0.0738581 0.0783315 0.4978425 0.6632476 0.0047997 -0.0517827 0.2774653 0.2928438 -0.0076885 0.3827337 0.1421814 0.4365124 0.1984250 0.3321571 0.3340494 0.4618105 0.2615315 0.1161461 0.1684726 0.2712178 0.2982974 0.3672534 0.4702208 0.5792244 0.3146006 0.3749275 0.4166937 0.4154090 0.4796989 0.1651009 -0.0486269 0.6926112 0.4954319 0.1516419 0.4662587 0.4416318 0.5718869 0.4722623 0.5691822 0.2367710 0.3693785 0.2735322 0.4342892 0.4603736 0.5266154 0.4439586 0.3919180 0.5406193 0.5878651 0.4681251 0.4546931 0.4705520 0.2994048 0.3802119 0.4812239 0.4001981 0.3031983 0.3176221 0.2663255 0.0578004 0.1919286 -0.0424772 0.0444340 -0.0076291 -0.1582727 0.5443837 0.0104609 0.2119554 0.2910444 0.2655395 -0.1873170 0.2422052 0.2697740 0.0871619 -0.0751790 0.1515365 0.1965163 0.4900669 0.5633187 0.0676160 0.6408887 0.3597059 0.5069730 0.4820140 0.2854320 0.5606998 0.0669885 0.3158066 0.4703345 0.3129564 0.4487358 0.6294253 0.2277279 0.5266906 0.4867735 0.0885447 0.3480868 0.4598522
-0.4115678 0.7155509 0.5042478 0.6680022 -0.0602419 0.9038880 0.8794879 0.4977578 0.8720683 0.8017795 0.3383015 0.0000000 0.1022583 0.7340306 0.8135546 0.2412414 0.0741249 0.4092064 0.0530046 -0.1452342 0.8794990 0.1328445 0.1437857 0.7349912 0.0847701 0.2202825 -0.0740717 0.5315481 0.8789017 0.2852615 -0.0151820 -0.0262674 0.6988872 0.7999769 0.2370018 0.8383898 0.1020742 0.1149811 0.0608940 0.4113490 -0.1741318 0.7770062 0.0450323 0.4830927 0.5590525 0.1971994 0.1959453 0.0324162 0.7196849 -0.1410442 0.1270164 0.2300574 0.7328530 0.6835624 0.1700728 0.0517241 0.0779781 0.6546848 0.0155767 0.0990120 0.6539397 0.3705923 -0.2637914 0.7023083 0.7756858 -0.0247974 0.2712417 0.2881990 -0.0880325 0.4152127 0.3387106 0.3553571 0.3432826 0.3722872 0.0371593 0.4113077 0.1531919 0.1489650 0.2949185 0.2093645 -0.1982431 0.3048455 -0.0544324 0.1320521 0.0754160 0.2454152 0.0310349 0.2531565 0.1270418 0.2486542 -0.0287027 0.1313330 0.0774971 -0.0560572 0.1526620 0.3973667 0.0540857 0.0172957 0.0024209 0.2556943 0.1838547 0.0059835 0.0348685 0.4515822 0.0596901 0.4298990 -0.0366223 -0.1084582 -0.1736601 -0.0793353 0.1839956 0.0180737 0.1141398 -0.1848562 -0.1771697 0.0251226 -0.1077452 -0.0841561 0.0256464 0.3123776 0.4153821 0.3197366 0.3237467 0.6326758 0.3139245 0.5598757 0.6618295 0.2595598 0.5620636 0.5253771 0.6271991 0.4857049 0.4790977 0.7534328 0.2925109 0.1710884 0.6626641 0.7157510 0.6283062 0.6749614 0.2037871 0.6170484 0.1163507 0.6007673 0.6223244 0.0445068 0.3681573 0.2607106 0.1111869 0.5871734 0.4273081 0.3145629 0.2080512 -0.1405048 0.0453127 0.2063847 0.1073931 0.1288360 -0.0022433 0.0913816 0.0546744 0.4392589 0.2622784 0.1588086 0.0459832 0.2257591 0.0401464 0.0189687 0.1141465 0.2259500 0.0043523 -0.1421103 0.1564408 0.2106994 0.8238883 0.6887848 0.7358969 0.1424534 0.8039200 0.3696392 0.4130094 0.2443303 0.3198084 0.1729643 -0.0931551 0.7783957 -0.0604586 -0.1499725 -0.1620442 -0.1116008 0.3434592 0.1150345 0.2553354 0.5682028 0.5034072 0.6933638 0.6603483 0.7254862 0.0847037 0.6956195 0.5265840 0.5071981 0.5083265 0.5829072 0.1427676 0.0897681 0.6786223 0.6023217 0.5522483 0.5428583 0.5182983 0.7052541 -0.0268684 0.5047781 0.7153287 0.3534461 0.4976511 0.5071370
-0.3464612 0.1929510 0.5331026 0.3553980 0.3377611 0.3779692 0.2883688 0.3678139 0.2031718 0.3108415 0.6835417 0.1022583 0.0000000 0.2321173 0.0937783 0.8536425 0.4922185 0.0202846 0.6435711 0.5213872 0.1272284 0.7286219 0.7299931 0.1112599 0.6533829 0.7141062 0.4673701 0.1850249 0.0829747 0.3910695 0.7893929 0.4743783 0.1553542 0.1865269 0.7216622 0.1385378 0.6531414 0.8637069 0.4945192 0.3093986 0.5977671 0.1544602 0.7008943 0.2225540 0.0111976 0.5656490 0.5435537 0.7024030 0.4211475 0.4471320 0.5511184 0.5707565 0.4595246 0.2294301 0.5533669 0.3518919 0.4401259 0.4747756 0.1265490 0.5201932 0.5531442 0.6034454 0.3459910 0.4934104 0.3782914 0.4305295 0.6890875 0.4062171 0.4599043 0.7350121 0.4822343 0.7571806 0.5563708 0.8934672 0.5929127 0.7651134 0.8411311 0.5686751 0.8012844 0.5314812 0.3917283 0.0460415 0.3585662 0.0991881 0.1013548 -0.0071114 0.0686603 0.0836016 0.1927693 0.2004328 0.2198302 0.2629215 0.0155620 0.1918827 0.1453681 0.3757816 0.1555123 -0.0501547 0.1892471 0.0891097 0.0401624 -0.0451308 -0.1557959 0.0528850 0.1469556 0.1151515 -0.0427137 -0.0508505 0.2465113 -0.1279953 0.3559458 0.2047910 -0.1690682 -0.2981211 -0.4108691 -0.1364669 -0.2989277 -0.3823395 -0.1572429 0.0441773 0.0603843 -0.1584629 0.5984593 0.5076057 0.0553779 0.0526385 0.2513556 0.4776157 0.0200734 0.3412035 0.0398956 0.4282906 0.0911958 0.1288160 0.3134810 0.5056533 0.0456468 -0.0068129 -0.0406083 0.3173001 0.1642442 0.0641316 0.6407363 0.4193799 0.0933196 0.4966488 0.0207887 -0.0032568 0.5190476 0.0552278 -0.0029467 0.5857478 0.2296240 0.2763849 0.1354215 0.4745327 0.6444826 0.3284539 0.6270636 0.3942628 0.2201677 0.1708388 0.5512723 0.5137722 0.2978581 0.5018931 0.4754031 0.5864682 0.5272720 0.3265952 0.3955255 0.3578435 0.5643546 0.5323775 0.4085262 0.3147183 0.2514110 0.5003762 0.2575575 0.0412053 -0.0574634 -0.0706803 0.1342648 0.1015277 0.1368806 0.5701814 0.4680040 0.5860620 0.6926186 0.5551836 0.0654624 0.6218740 0.5230420 0.1049870 0.1007359 0.1248000 0.1740053 0.4391082 0.4658442 0.0843634 0.5738397 0.5004903 0.3615257 0.3705980 0.4183620 0.5757628 0.0473431 0.2088733 0.4343396 0.4260756 0.4283958 0.5255939 0.3175204 0.6669036 0.4809436 0.1623967 0.1062516 0.2405245
-0.2040707 0.4467432 0.5408462 0.7403156 0.1184449 0.8030325 0.6291761 0.7277271 0.7904371 0.8044403 0.5312650 0.7340306 0.2321173 0.0000000 0.7954821 0.4551966 0.4431045 0.5856260 0.3357502 0.2288796 0.6762303 0.3338622 0.4590170 0.8397383 0.4105806 0.4256708 0.2447290 0.8454274 0.7461882 0.6568685 0.1818561 0.1415788 0.8147516 0.7672818 0.4813360 0.7238892 0.2230960 0.2661876 0.0775446 0.7176893 0.1386876 0.7123638 0.2243710 0.6976138 0.4387421 0.2636599 0.2388916 0.1962066 0.8051412 -0.0004229 0.1931089 0.2561902 0.6232726 0.8198720 0.0502290 0.1450433 0.0897941 0.7848645 -0.0039180 0.0775047 0.3624369 0.3724622 -0.1200138 0.7364547 0.7018580 0.1046641 0.3629209 0.5640454 0.0252642 0.4045940 0.4149034 0.3253256 0.5684985 0.3727068 0.1194727 0.4831100 0.1619401 0.2808277 0.3929516 0.3169434 -0.0197987 0.5847597 0.1448712 0.4255137 0.4264670 0.5412060 0.1822525 0.6725202 0.3940066 0.5861423 0.0319920 0.3205459 0.2043864 0.3835064 0.4105387 0.4600489 0.2599112 0.2028555 0.3982590 0.5731453 0.5121030 0.2269639 0.2467543 0.6588258 0.0479698 0.5048251 0.1944840 0.1334551 -0.0652486 0.0989914 0.3593091 0.2915093 0.2521672 -0.1085865 -0.2464644 0.1240595 -0.1399729 -0.1843267 0.0760156 0.4333712 0.6313872 0.3324328 0.5452732 0.7259137 0.4941855 0.5426959 0.7155195 0.4664570 0.6228105 0.6272560 0.7147856 0.6484611 0.5678878 0.7748554 0.5760024 0.3845378 0.7518986 0.6880923 0.7015578 0.5643277 0.4914356 0.7452457 0.2480387 0.7039330 0.6481146 0.2434942 0.6696567 0.5637191 0.4167473 0.5154653 0.3678397 0.5280487 0.5573887 0.2405523 0.4617259 0.3533343 0.3357309 0.4384526 0.1964668 0.2167188 0.3944305 0.5026707 0.3235254 0.4273450 0.4151279 0.3597594 0.3074690 0.4214078 0.4680749 0.5323809 0.3563078 0.2628492 0.1263293 0.1628320 0.6050569 0.3552948 0.5714516 0.1417949 0.6567393 0.3784146 0.6153816 0.4079794 0.3816866 0.3013557 -0.0778488 0.6234585 -0.0808993 -0.0190739 -0.0587454 -0.0726456 0.3208429 0.0771519 0.1040883 0.4710590 0.4847117 0.5937730 0.6028596 0.5091183 0.1355812 0.6378382 0.7250587 0.5896346 0.5426713 0.6463371 0.4555391 0.2877706 0.7084388 0.6597834 0.7229610 0.4792128 0.6001787 0.6778226 0.3246788 0.4486077 0.7050691 0.5349680 0.7054654 0.8051950
-0.3090536 0.5805562 0.6501863 0.8422666 0.2100353 0.7859770 0.7606145 0.7222663 0.9303532 0.7449127 0.3926802 0.8135546 0.0937783 0.7954821 0.0000000 0.2787664 0.2218484 0.7474011 0.1793014 -0.2124274 0.7424899 0.0574022 0.2548483 0.9057668 0.1587633 0.2844669 0.0397788 0.7746717 0.8928284 0.4563351 -0.1170650 0.0407249 0.8154754 0.8586117 0.3700134 0.8145885 0.2825850 0.0598739 -0.0354328 0.6253518 -0.1887631 0.8337322 0.0490450 0.7717561 0.6341094 0.3099301 0.3914533 -0.0783835 0.8285237 -0.0646376 0.3020887 0.2730243 0.7363953 0.8055469 -0.0822446 0.2423211 0.2890790 0.7703836 0.0135618 0.2093232 0.5152779 0.3909492 -0.0886111 0.6751831 0.7074176 0.2278799 0.3041589 0.4661235 0.1479441 0.3004739 0.4615307 0.3947088 0.4696933 0.2874272 0.1854068 0.3713964 0.0714004 0.2520127 0.3954441 0.3298098 0.0622149 0.4945486 0.1805494 0.2583456 0.2394639 0.4601377 0.2796185 0.4962150 0.3188305 0.4202914 0.1119744 0.2804581 0.1324996 0.2141957 0.4331233 0.4532774 0.1149578 -0.0248496 0.2857721 0.5416170 0.3768823 0.0701688 0.2199102 0.6359172 0.0025772 0.5542014 0.1102132 0.0058739 -0.0597049 0.0281143 0.2356825 0.1757161 0.1330167 -0.0652170 -0.1423130 0.0574507 -0.0435417 -0.1206320 0.0527833 0.3474111 0.4858525 0.2742915 0.2994974 0.5530254 0.3821709 0.5055329 0.5470531 0.2691169 0.5303018 0.3536292 0.5825196 0.4659447 0.4357228 0.6889091 0.3703551 0.2194360 0.6747955 0.6449786 0.6139976 0.4603635 0.3044570 0.5506552 0.0593698 0.5282210 0.6083117 0.0953734 0.4265333 0.3209973 0.1948053 0.3725323 0.2967652 0.3148847 0.2162407 0.0223399 0.2612354 0.1440891 0.1854624 0.1787294 0.1274861 0.1080921 0.1091265 0.3080098 0.2171793 0.2268570 0.1109246 0.1950480 0.1557422 0.2885942 0.3099279 0.3537115 0.1017837 0.0506509 -0.0730892 -0.1002203 0.5487052 0.2879923 0.4779437 0.0324641 0.5866121 0.3161223 0.4969493 0.1903430 0.3651039 0.1004741 -0.0638089 0.6430091 -0.0858081 -0.0040914 -0.1732812 -0.1325823 0.2559017 -0.0176670 -0.0015854 0.4250485 0.4111194 0.5690877 0.4991005 0.4848150 0.1769416 0.5723939 0.5685376 0.5413306 0.4685391 0.4417786 0.2357316 0.3152778 0.6450027 0.6638823 0.5733301 0.4477438 0.4291025 0.5314262 0.1320394 0.2615837 0.6676379 0.5072408 0.7448287 0.7871486
-0.2826857 0.1117786 0.5248898 0.5205056 0.2887458 0.5221666 0.3437642 0.5320816 0.3298770 0.5193242 0.9140370 0.2412414 0.8536425 0.4551966 0.2787664 0.0000000 0.6564016 0.1890831 0.7214875 0.5184417 0.1744984 0.7105988 0.8288454 0.3445294 0.6807088 0.6989555 0.5703483 0.4567102 0.2526331 0.5887815 0.7144386 0.3731104 0.3258540 0.3081447 0.6982232 0.2160454 0.5847082 0.8175581 0.4984173 0.5109853 0.2799757 0.2948844 0.7457953 0.3426619 0.0876793 0.5999781 0.5186794 0.5119827 0.5354174 0.4191853 0.5306640 0.6138901 0.5275501 0.3326253 0.3350485 0.2982160 0.3192541 0.5786993 -0.0450196 0.3592441 0.5324676 0.4817329 0.1422213 0.5920568 0.4795081 0.2352132 0.5620103 0.5658301 0.3452745 0.7927938 0.4322386 0.8002963 0.7501078 0.8457764 0.6201252 0.8300375 0.7446962 0.6988069 0.8798893 0.7087287 0.5137621 0.2883087 0.4561701 0.3886961 0.3850108 0.2984757 0.2594600 0.4137897 0.4234661 0.5146586 0.2645612 0.4427892 0.2464095 0.3692247 0.3556080 0.6420827 0.3157587 0.1345291 0.4164062 0.2668312 0.3095421 0.1657313 0.0882047 0.3245055 0.1889058 0.2963857 0.1901650 0.1765982 0.2797515 0.0522307 0.4915304 0.3765008 -0.0447361 -0.1532640 -0.3069936 0.0739382 -0.1695265 -0.3405829 0.0685114 -0.0102397 0.1456465 0.0259491 0.5936674 0.7091061 0.1563232 -0.0092260 0.3077437 0.3970357 0.0369507 0.4496350 0.1929153 0.4317449 0.1721297 0.2379066 0.3729268 0.5096841 0.1515535 0.0235066 0.0851515 0.2515386 0.2980135 0.2398253 0.5627485 0.5195125 0.1523315 0.4198204 0.2158822 0.1880065 0.5625600 0.0495943 -0.1395578 0.7011873 0.3578344 0.2785993 0.3146170 0.5197056 0.5814168 0.3932626 0.6176134 0.2105081 0.2713116 0.1581815 0.5271820 0.4527150 0.4352779 0.4907170 0.4722288 0.6410104 0.5599055 0.3335455 0.4378614 0.4605720 0.4387513 0.4866170 0.4915770 0.3608550 0.2512960 0.4313592 0.2720540 0.0462717 0.1750929 -0.0331705 0.0346973 0.0267187 -0.1342927 0.6040104 0.1550232 0.3566393 0.4902580 0.4886217 -0.0182199 0.4869863 0.5037655 0.1128407 -0.0122802 0.1505769 0.2767579 0.5405901 0.6264928 0.0763638 0.6914711 0.5457326 0.6012095 0.6115082 0.3126282 0.6577702 0.0861343 0.3660709 0.5474569 0.4889189 0.5686041 0.7001722 0.2772215 0.6586718 0.5230898 0.2150480 0.2404644 0.3937984
0.3773992 0.2771626 0.3751044 0.2718101 0.5577878 0.2820236 0.2718607 0.4589409 0.1066272 0.1324566 0.6334331 0.0741249 0.4922185 0.4431045 0.2218484 0.6564016 0.0000000 0.4929812 0.3665780 0.5433953 -0.1020918 0.3971082 0.8946054 0.1941476 0.3537105 0.5428308 0.8319187 0.5133849 -0.0398514 0.7828900 0.5448374 0.2277782 0.1181802 0.0103947 0.6924031 -0.0661000 0.4798614 0.3893257 0.6001117 0.5716738 0.3148814 0.0606043 0.7574187 0.4482787 0.1364648 0.4173723 0.2719102 0.3150667 0.2575151 0.4041316 0.2507603 0.1893255 0.0163920 0.3439496 0.3558648 0.4191012 0.2377294 0.3646677 0.1275476 0.1013615 0.1298438 0.3019622 0.5408573 0.1529819 -0.0537284 0.3948471 0.3196159 0.6455109 0.5520311 0.3275209 0.3586169 0.4568514 0.6153048 0.4589910 0.5637766 0.4760150 0.5740504 0.6349952 0.6188020 0.6156388 0.6481043 0.3674883 0.4918465 0.6067234 0.6052324 0.5450443 0.3623920 0.5574532 0.5788035 0.6053815 0.3395009 0.5206410 0.5198190 0.6318840 0.5893164 0.4880363 0.5399527 0.4348018 0.5564120 0.3559890 0.4710247 0.5340782 0.5038552 0.4286197 0.2003207 0.2308528 0.5361478 0.5630034 0.3114283 0.5667221 0.3183547 0.5417960 0.3983897 0.3343185 0.1663283 0.3311344 0.2336613 0.0224520 0.3688643 0.0560805 0.3691656 0.1986474 0.5400022 0.4497112 0.1304793 -0.0304001 0.2880459 0.5761518 0.0411333 0.3795517 0.2908681 0.5703410 0.4327824 0.2585672 0.7730028 0.6760856 0.3003869 -0.0008370 0.2032780 0.0842874 0.7299730 0.1370474 0.6217556 0.5505017 0.2930641 0.5601304 0.4216321 0.3451651 0.7930390 0.0330995 -0.0268358 0.6298436 0.4948690 0.6074655 0.5558319 0.5235459 0.7200262 0.6019601 0.6465860 0.4518937 0.5187514 0.2311134 0.5052283 0.5590847 0.6370471 0.5678809 0.7567956 0.6976988 0.6473349 0.5376518 0.7726420 0.6670067 0.2331708 0.3107439 0.2584508 0.0673342 0.2470515 0.6038773 -0.0315072 0.1644268 0.3536943 0.2646002 0.2449764 0.3495225 0.2005499 0.1010464 0.4342288 0.6001455 0.6235735 0.5442993 -0.1205725 0.4898346 0.3465983 -0.2585523 -0.1055346 -0.1864653 0.0214927 0.0149158 0.6407114 -0.0527318 0.6777380 0.4140382 0.4920338 0.3212459 0.4384565 0.7473794 0.1720363 0.2918410 0.5837502 0.4868113 0.4637758 0.3458155 0.6813665 0.3978192 0.4218455 0.4432213 0.5566122 0.6432123
0.1654535 0.4689812 0.4733768 0.6693559 0.4618003 0.3800967 0.4552659 0.7264995 0.5028109 0.2895745 0.3336840 0.4092064 0.0202846 0.5856260 0.7474011 0.1890831 0.4929812 0.0000000 0.0800385 -0.1961054 0.2817528 -0.1412402 0.3883589 0.6537317 0.1502111 0.3233848 0.4219527 0.7499776 0.4834515 0.6180144 -0.1757439 0.1977073 0.4513799 0.4574511 0.3644107 0.4533230 0.4157976 0.0126978 0.2034167 0.6992096 -0.1808985 0.5845665 0.1942112 0.7239798 0.5525362 0.4800580 0.3957466 -0.0458792 0.5120352 0.2365489 0.2769930 0.2758538 0.2989396 0.5780171 0.0781838 0.5507259 0.3824640 0.4647810 0.1799663 0.1603293 0.2204552 0.2408550 0.3333403 0.2608106 0.1893221 0.4779234 0.0549519 0.3024218 0.4852355 -0.0483959 0.2492527 0.2326610 0.2686518 0.0407260 0.3463463 0.0538339 -0.0413370 0.2462070 0.2976344 0.3646200 0.3937756 0.6270106 0.5544442 0.3929168 0.4404817 0.6339959 0.6507979 0.7243002 0.6228172 0.6059318 0.5127180 0.6253298 0.5005913 0.5906893 0.7915575 0.4670849 0.4936521 0.3551440 0.5687175 0.7856490 0.6642721 0.2876312 0.5678527 0.7371125 0.2898930 0.5435890 0.3375846 0.3828550 0.3541181 0.2999177 0.4178331 0.4381261 0.3027804 0.2093360 0.0409706 0.1394424 0.0878954 -0.0770666 0.1276615 0.0045725 0.2528680 0.1348920 0.4206745 0.3557602 0.1683744 0.0214754 0.4135625 0.4676389 0.1141794 0.2494657 0.3040460 0.5697271 0.4554867 0.4429998 0.4631245 0.5035936 0.4831598 0.2673396 0.2952824 0.0368859 0.4204730 0.2998246 0.2473047 0.4663660 0.4564220 0.4469970 0.5123021 0.3915695 0.4232775 0.0496576 0.0194193 0.4328708 0.3537667 0.3814583 0.4388513 0.3862373 0.3611821 0.4640153 0.4259846 0.1031521 0.3998144 0.1379098 0.4209043 0.1707095 0.3846127 0.4559504 0.5339487 0.5198093 0.5792268 0.3821476 0.4232307 0.4558213 -0.3838236 -0.4199877 0.0858479 -0.1744461 0.1691110 0.1562643 0.1497258 0.4826832 0.6614879 0.4220970 0.5756692 0.3848597 0.2814954 0.1483239 0.1431708 0.2313992 -0.0178068 -0.0886684 -0.1639480 -0.0895391 -0.2703778 -0.1409179 -0.0934535 -0.0177230 0.0043980 -0.1004821 0.3082192 0.0524440 0.5791657 0.4086570 0.4727228 0.1121809 0.2296927 0.4345357 0.2400751 0.3142747 0.5326220 0.2849421 0.3762996 0.1074318 0.4114284 -0.1390675 0.3649242 0.4267192 0.7600686 0.7900040
