0.0000000 0.4826315 0.2144640 0.2673850 0.0923505 0.5985532 0.3416734 0.1034723 0.1820417 -0.0131918 0.0422612 0.3305984 0.0048527 0.0904894 0.2521163 0.1305183 -0.0868224 0.2577953 0.2078004 -0.1512305 0.1863230 0.0118269 -0.0499465 0.1888402 0.1622688 0.1411378 -0.1673848 -0.0006146 0.3669116 -0.2393270 0.0655708 0.1343059 0.1432194 0.3415064 -0.0874688 0.4548869 -0.0187279 0.0686019 -0.2541746 -0.1125888 0.0990132 0.5069969 -0.1789054 0.1892388 0.4803831 0.0767398 -0.0685788 0.0951558 0.2640146 -0.1280377 -0.0921874 -0.1684184 0.2747063 0.1578646 0.0941076 0.0371179 0.0379707 0.5665440 0.4872089 -0.0236000 0.4194514 0.0622583 0.3493230 0.3957930 0.2808296 0.1655478 0.1704145 0.1781533 0.2735688 0.3447141 0.2696808 0.2132501 0.1607556 0.4689976 0.2620751 0.3686322 0.3492684 0.2354416 0.2345957 0.1117750 0.2349293 0.4802005 0.4844706 0.2623671 0.1119047 0.3360342 0.1412380 0.3954355 0.1345566 0.2086662 0.0356113 0.3342263 0.3290693 0.5686418 0.0284787 0.1997695 0.5174196 0.1965398 0.1122303 0.6280447 0.3621324 0.1769884 0.4222430 0.5994185 0.4243325 0.0470133 0.3380201 0.3605733 0.4059558 0.3151169 0.2612163 0.4159565 -0.0449697 0.2959207 0.1444405 0.0395646 0.1105971 0.1150360 0.0847972 0.0806807 0.1283837 0.0342712 0.2290644 0.3917857 0.3215586 0.1597393 0.0641378 0.2560245 0.5058099 0.4138406 0.4272749 0.2062880 0.1828931 0.3358936 0.0845773 0.2872991 0.3910429 0.4968044 0.4297715 0.3072791 0.1716308 0.3791801 0.2256559 0.3602300 0.4648330 0.3369869 0.4059710 0.3626014 0.1779427 0.5748727 0.5306516 0.3336213 0.4129815 0.2247214 0.2174711 0.1458941 0.3876858 0.4628927 0.2021426 0.5286916 0.1118981 0.5709995 0.6248356 0.4950349 0.3254393 0.4328314 0.5456999 0.4525341 0.1971446 0.5507333 0.1525538 0.2395769 0.6092090 0.0442101 0.3374031 0.1851007 -0.0794180 -0.4178309 -0.0629478 -0.2405603 -0.2487099 0.5323338 0.5774139 0.6196523 0.4339762 0.2317311 0.2996217 0.2610921 0.6581997 0.4301734 -0.0584488 0.3368361 -0.0253771 0.4232656 -0.0359127 0.5480430 0.1962706 -0.0396032 -0.3062539 0.2090938 -0.1013036 -0.2324832 0.2361634 0.3349510 0.3988704 0.3521510 0.6404124 0.1118341 -0.1028486 -0.4157297 -0.0141599 0.0556399 0.1930847 -0.2738012 0.0744512 0.2684452 0.0462427 -0.0747078
0.4826315 0.0000000 -0.0343731 0.0225683 -0.3317585 0.6176202 0.4197046 -0.4767620 0.5482652 0.0421677 -0.3560919 0.4117731 -0.4994231 0.2730318 0.6723139 -0.3275726 0.0399355 0.5247296 -0.2706605 -0.3353712 0.1499864 -0.4468142 -0.4553111 0.5333809 -0.3149647 -0.3930574 0.1696937 0.3760204 0.4199525 0.0799114 -0.4312746 -0.4107903 0.3139144 0.3787474 -0.5738781 0.3109435 -0.4815936 -0.4386913 -0.3510632 -0.0589097 -0.4206494 0.5858584 -0.4911833 0.2513667 0.3413973 -0.3655184 -0.4254444 -0.4592693 0.2418615 0.1373052 -0.5111307 -0.3739142 -0.1486467 -0.0212476 -0.4005085 -0.3681685 -0.3925718 0.4092358 0.5751326 -0.5007707 0.2804997 -0.3645678 -0.2523671 0.0262788 -0.1198168 -0.3130243 -0.3533497 -0.1636677 -0.2216820 -0.1349864 -0.2608321 -0.4127625 -0.3314330 -0.1176483 -0.2901580 -0.1528162 -0.3325507 -0.2535985 -0.3124667 -0.4440957 -0.4095628 0.1597359 -0.0964715 -0.1094428 -0.1714391 -0.0395527 0.3020321 -0.3055405 -0.1791347 -0.1782530 0.1071802 0.3780094 0.2760409 0.2165746 0.1198207 0.1444732 0.0761836 0.1847611 0.0789496 0.1710870 0.3062342 0.2049399 0.0457680 0.2674490 0.1121635 -0.0031178 0.2380324 -0.0431437 0.0797919 0.1087314 0.3434857 0.3165238 0.4168340 0.1769065 -0.0348623 0.4342870 0.0160812 0.0224832 0.2964473 0.1227136 -0.0082523 -0.2102304 0.0083472 0.2768603 0.4087533 0.3806090 -0.0719123 -0.0926185 0.4826464 0.1277909 0.2301080 -0.1144526 0.0743710 0.2149046 -0.2402509 0.1458221 0.1823648 0.4342709 0.1126072 0.5786954 -0.2821529 0.4968979 -0.2033721 0.5456763 0.4387928 0.2669211 0.0680441 -0.0049689 -0.2734349 0.3077487 0.6148149 0.6073765 0.1763835 -0.2282226 -0.0986710 0.5523987 0.0748612 0.2183951 -0.2079816 0.6296535 -0.2198992 0.3435872 0.7298200 0.3323259 -0.0676559 0.0965925 -0.0332896 0.0337432 0.3032585 0.6388318 -0.2663232 0.0127072 0.5713500 0.1256491 0.6312623 0.1226367 -0.1773129 -0.2637629 -0.1254569 -0.1396009 -0.2010490 0.5550348 0.4896758 0.6028041 0.4923470 -0.0334437 0.2977782 -0.1270707 -0.0154667 0.2943558 0.2330761 0.2806127 -0.0192669 0.4040227 0.2602455 0.3642011 0.4173714 -0.1349551 -0.4649393 0.4648170 0.1103460 0.0744462 0.1771092 0.4955665 -0.0070007 -0.0583518 0.4302951 -0.1044000 0.1236247 -0.1233668 0.1530182 0.4042890 0.1573462 0.0771187 0.1969674 -0.1784769 0.2733247 0.3809443
0.2144640 -0.0343731 0.0000000 0.6976205 0.6740582 0.2819777 0.0413345 0.6172448 0.1620533 0.4488860 0.5146892 0.3615981 0.5511991 0.3175306 0.1882702 0.3912102 0.5660669 0.2590992 0.2298320 0.3023607 0.4507305 0.3876420 0.4956936 0.2420771 0.2638648 0.3956330 0.4515237 0.1472602 0.4973403 0.2551370 0.4744568 0.3291212 0.1437579 0.3461937 0.3659401 0.4196957 0.3182660 0.2193872 0.3209834 0.3160314 0.1322467 0.1719723 0.3642208 0.1670705 0.1956293 0.2059846 0.2194884 0.1454255 0.3042484 -0.7427400 0.2922777 0.3303384 0.4402840 0.4312582 0.0594121 0.1016801 0.3008080 0.3464096 -0.3580735 0.3956313 -0.2817506 0.5212168 0.1008182 0.4701903 0.0430582 0.3249017 0.2807537 0.5997589 0.1678120 0.4060974 0.1862705 0.5419798 0.3470689 0.3460276 0.2356749 0.3661772 0.6260853 0.1268698 0.4750233 0.6537920 0.3800299 0.3530633 0.3260943 0.2749206 0.1189308 0.1551628 0.1879342 0.3326137 0.0374756 0.0390528 -0.2424067 -0.0517637 -0.1899287 0.1937869 0.0170946 0.1400810 0.2514885 -0.1915281 0.0338961 0.1054226 -0.1121269 -0.2412977 0.1089025 0.0579986 0.2423371 -0.1522332 -0.1157423 -0.1154582 0.0715547 -0.1264146 -0.0352431 -0.1654650 -0.6067965 -0.2768757 -0.2658803 -0.5512921 -0.2381626 -0.2497986 -0.4646056 -0.4406825 -0.2891952 -0.1374514 0.0698680 -0.2824555 -0.3992614 -0.1328666 -0.3597834 0.1331305 -0.1632498 -0.2909829 -0.3360549 0.1198954 -0.5306462 0.1518144 0.1437756 0.1170620 -0.4239062 -0.1849312 -0.3935700 -0.1325339 0.2121377 -0.1990798 0.1738936 -0.1115880 -0.3475489 -0.1391600 -0.3438296 -0.4115757 0.0932649 -0.0389695 0.0846779 -0.0490640 -0.1873314 0.1421862 -0.3783587 -0.1539343 0.2168962 -0.1113569 0.0944368 0.1660214 -0.1799108 0.1132448 -0.0518692 0.3226418 0.0333105 -0.0674089 0.0014547 0.0899454 0.0375533 0.0918204 0.0634715 -0.1601347 -0.2560198 0.0330973 0.0911269 0.1187041 0.3187936 0.4357997 0.6072107 0.6767852 0.5705282 -0.0128239 -0.3025380 -0.2261614 -0.2966828 -0.2055175 -0.2007136 -0.0487927 0.5695434 0.3476386 -0.4924335 0.4522532 0.1609380 -0.1686467 -0.3598348 -0.0552519 -0.1356006 0.4206153 0.4478273 -0.1111861 0.4240596 -0.0242428 0.2718996 -0.0158603 0.3597708 0.4096127 0.4355762 0.6476738 0.2498804 -0.1160587 0.3051805 -0.0522374 0.2925134 0.3513612 0.6316223 0.6280360 0.4398119 0.0899770
0.2673850 0.0225683 0.6976205 0.0000000 0.6419993 0.4415614 -0.1981840 0.8256100 0.4061388 0.5812164 0.7944294 0.0724370 0.6961586 0.4591641 0.3694675 0.6324768 0.5916963 0.4974542 0.5994548 0.5808139 0.0589978 0.6529834 0.5585723 0.3357450 0.5206380 0.4940482 0.1966442 0.1790180 0.4246015 0.1363064 0.6574752 0.4518896 0.1770967 0.4019656 0.3396712 0.2064456 0.3780278 0.5228313 0.1716626 0.1251301 0.4359169 0.3130509 0.2870022 0.1511615 0.5139152 0.3127101 0.2800566 0.3788630 0.3552971 -0.5795152 0.2620866 0.1768757 0.6842398 0.3868112 0.2576974 0.1504034 0.3626648 0.5192264 -0.0034431 0.3222388 0.1112916 0.5107185 0.4219259 0.6659922 0.4674456 0.4143918 0.5130634 0.6117780 0.4497019 0.6873677 0.5098364 0.6257485 0.5982455 0.5817331 0.4501717 0.6496943 0.6911965 0.4890081 0.7693797 0.6106056 0.6618366 0.4899494 0.5036774 0.5437818 0.5957913 0.3637125 0.3968005 0.4766108 0.3699971 0.2832688 0.0796373 0.0952279 0.1904052 0.4597907 0.0436854 0.1779381 0.4807055 0.1716028 0.1228574 0.3372367 0.0929183 0.1654405 0.1279444 0.3360150 0.5493604 0.0388866 0.1703746 0.0371129 0.3070570 0.2668361 -0.0718457 0.1080266 -0.5716720 0.0925124 0.1599568 -0.5512340 -0.0536290 0.0021494 -0.4212730 -0.2945917 -0.0514694 0.1679622 0.3920775 -0.4778791 -0.1905184 -0.3378698 -0.0903839 0.6007951 -0.0735643 -0.0204127 -0.0674639 0.4483647 -0.1862752 -0.2447557 0.4688487 0.5428874 -0.1338770 -0.0578994 -0.1680798 -0.2472280 0.6385909 -0.1652209 0.4732815 -0.0948392 -0.2622303 0.3175573 -0.0504497 -0.0952187 0.4460577 0.1336233 0.0288755 -0.1841834 0.0597334 0.5402018 0.0265686 -0.1093219 0.3676298 0.1728616 0.3111815 0.1015933 0.1218658 0.1511608 -0.0532134 0.1871612 0.2702544 0.1189494 0.3587209 0.3694121 0.0974136 0.0579384 0.3366505 -0.0365960 -0.2284068 0.0669342 -0.0905479 -0.2348325 -0.1234709 -0.0101132 0.1187439 0.1083529 0.1384224 -0.1614001 0.0335626 -0.0918259 0.0259950 0.2551143 0.0622957 0.1849885 0.6278879 0.2757374 -0.5438380 0.3004884 -0.2562893 -0.0886720 -0.4786793 -0.1419542 -0.3895277 0.0283915 0.2350789 -0.3186535 0.1943251 -0.2101907 -0.0013020 -0.2274194 0.3353532 0.7447532 0.4839608 0.2644958 0.0238655 -0.3867145 0.0888429 -0.3807003 0.2931420 0.2252032 0.4284494 0.4039181 0.2187997 -0.1324440
0.0923505 -0.3317585 0.6740582 0.6419993 0.0000000 -0.1468605 -0.2953252 0.7658218 -0.1675044 -0.0050287 0.4356641 -0.0355164 0.8294311 -0.0896589 -0.1889524 0.3972731 0.0994120 0.0002353 0.2902273 0.4631929 0.2278286 0.6854951 0.4317967 -0.1195331 0.2156527 0.3558667 -0.0065544 -0.1709171 0.1714008 -0.0073809 0.7404246 0.3277526 -0.1785988 -0.0778022 0.3557100 0.4046392 0.4091541 0.4182078 0.1303932 0.0558375 0.5092492 0.1185931 0.2643441 -0.1570665 0.2280866 0.2061358 0.3248851 0.3663995 -0.0951172 -0.5797343 0.2791835 0.1924492 0.4076999 0.2146160 0.2792745 0.1914871 0.4326723 0.1325276 -0.2683171 0.3168445 -0.1541285 0.3832306 0.4867508 0.3371308 0.2798051 0.5340831 0.3048103 0.3661785 0.4176251 0.3424884 0.2470379 0.5142129 0.2790306 0.4048754 0.3152439 0.3220966 0.5906701 0.1432974 0.5447477 0.7050493 0.6037437 0.1893745 0.2372730 0.2693706 0.4454718 0.0760775 0.0391204 0.3036855 0.3056028 0.1888860 -0.0155638 -0.1942587 0.0139254 0.0634380 0.0418553 0.1562620 0.1420335 0.0873765 0.1725292 0.1666479 -0.1246371 -0.1094090 -0.2658469 -0.0896978 0.2029353 0.0329759 -0.1012657 -0.1934463 0.1772191 0.0932618 -0.1900035 -0.1943691 -0.7102587 -0.0580088 0.0229222 -0.6025769 -0.0305207 -0.0117107 -0.4157071 -0.2614705 -0.0229547 0.2505304 0.2473383 -0.5599883 -0.1635442 -0.2982314 0.0024069 0.4564230 -0.2196824 -0.0481684 -0.1436590 0.4454815 -0.2400462 -0.1008916 0.4500767 0.2763053 -0.1507582 -0.3395771 -0.3168985 -0.4531290 0.5542270 -0.3605258 0.4113611 -0.0842381 -0.3550022 0.0652363 -0.1376959 -0.1347185 0.4450577 -0.0749432 -0.2827446 -0.2324985 -0.0492394 0.6023423 -0.1100060 -0.2081737 0.1832303 0.0449105 0.2677335 -0.2181890 0.1173162 0.0057023 -0.3062562 0.0812280 0.2908461 0.3212560 0.3953602 0.2903184 -0.0002534 -0.2384443 0.5358262 0.0957188 -0.5046752 0.0168138 -0.1755153 -0.1111998 0.1407609 0.2027487 0.3831087 0.3345423 0.2285858 -0.3477018 -0.1859434 -0.2849899 -0.2787882 -0.0107154 -0.1073426 0.3600948 0.4842972 0.0286696 -0.5332393 0.0838463 -0.1993489 -0.2006736 -0.4416590 -0.1917048 -0.4687994 -0.0385654 0.4439871 -0.4049370 0.3380413 -0.0982611 -0.0077893 -0.4146280 0.4004094 0.4319583 -0.0433684 0.4823063 0.2836707 -0.1359936 -0.0865361 -0.4458589 0.3012881 0.0305875 0.2286921 0.5808598 0.1996950 -0.1231517
0.5985532 0.6176202 0.2819777 0.4415614 -0.1468605 0.0000000 0.6344272 0.1096493 0.7863670 0.4996283 0.2949434 0.6982265 -0.1160092 0.5617163 0.8054193 0.2286588 0.4957178 0.6695523 0.2538825 -0.2209992 0.3999491 -0.1421806 0.0673687 0.5746583 0.2348132 0.1920843 0.3127538 0.4032719 0.6947969 0.1353847 -0.1588920 0.1532202 0.5121306 0.7855321 -0.0818929 0.3039464 0.0222449 -0.0000247 -0.0669179 0.0822348 -0.1824340 0.5400335 -0.0857389 0.4475174 0.6044108 0.0684616 -0.1012280 -0.1184535 0.6123854 -0.2344144 -0.0742397 -0.0627694 0.5145558 0.2742369 -0.1120012 -0.1058610 0.0027878 0.6325562 0.3569829 0.0091485 0.3596483 0.2033026 0.0386495 0.4167366 0.2385601 0.0208404 0.1993894 0.2875429 0.1739294 0.3730842 0.2689431 0.1904895 0.2726788 0.2722814 0.1976716 0.3485838 0.2658014 0.2983454 0.2416248 -0.0112921 0.1008864 0.2770723 0.2037425 0.1851332 0.0638578 0.2782261 0.2854718 0.0621188 0.1039682 0.1561439 0.0330999 0.1860218 0.2223638 0.4747467 0.0464083 0.0218760 0.3315502 0.2071601 0.1179959 0.2772594 0.3542327 0.2564464 0.3989769 0.4810767 0.3124281 -0.1379252 0.2829747 0.1652419 0.3478899 0.1348466 0.4299552 0.4754877 0.1332936 -0.0368442 -0.0689047 0.1528006 -0.1047727 -0.0672005 0.1097354 -0.0272048 -0.0894174 -0.2460896 -0.0262878 0.3579783 0.1402162 0.3427528 -0.2732971 0.0056938 0.4388209 0.0686854 0.1204325 -0.0803740 -0.0140505 0.3467693 -0.1640339 0.2614481 0.1526186 0.4508430 0.1685032 0.6313070 -0.0389689 0.5727235 -0.1388074 0.3723311 0.3282500 0.3053533 0.1377423 0.0853901 -0.1819550 0.5544171 0.7429327 0.4915143 0.1294353 -0.0938053 -0.0673904 0.4210670 0.2173811 0.1902245 -0.1251057 0.7453484 -0.2702139 0.4062249 0.6698754 0.5979423 -0.0942560 0.1976183 0.1689913 0.1595970 -0.0299564 0.6231226 -0.2513739 -0.2389574 0.6229973 0.3435898 0.5705921 0.3471965 0.1041935 -0.1501149 0.1347224 -0.0315523 0.0412685 0.6269674 0.4223262 0.6078180 0.3758240 0.1807694 0.0812972 -0.2483321 0.4084455 0.6758097 0.0588794 0.5754122 0.1865281 0.3559859 0.1802442 0.5205210 0.4780101 0.2248974 -0.2146954 0.4820311 -0.1483780 -0.1800999 0.3022968 0.5399542 0.0164429 0.2777125 0.8326180 0.0270354 -0.2816332 -0.3862496 0.2314897 0.4022395 -0.0382700 0.0055898 0.3960355 0.0134709 0.3999364 0.3115515
0.3416734 0.4197046 0.0413345 -0.1981840 -0.2953252 0.6344272 0.0000000 -0.2548073 0.3549827 -0.0390381 -0.2392327 0.8863813 -0.4112098 0.0119516 0.3793932 -0.2151093 0.0309579 0.1564800 -0.2602695 -0.6087151 0.7062014 -0.5265143 -0.2202662 0.0896112 -0.1911852 -0.1086285 0.2478021 0.0402796 0.4530118 -0.0234778 -0.4420723 -0.0960928 0.1601928 0.3920538 -0.1512001 0.3145299 -0.1146433 -0.3595557 -0.1751489 -0.0644343 -0.4670249 0.1620893 -0.1392334 0.0844288 0.1325180 -0.1450980 -0.2324879 -0.3711649 0.1428655 -0.1359018 -0.1119735 -0.0450479 0.0338560 -0.0106855 -0.2753681 -0.1812404 -0.1360534 0.0371239 -0.0485717 -0.0516043 -0.0753923 0.0075216 -0.2453490 -0.2435392 -0.2756739 -0.1801525 -0.1758910 -0.0976511 -0.1073025 -0.2261278 -0.1710910 -0.1951739 -0.1728293 -0.3258182 -0.1230641 -0.2212719 -0.1530622 -0.1607869 -0.3026562 -0.2748351 -0.3327242 -0.1884705 -0.3034447 -0.3121319 -0.4580034 -0.1712765 -0.1347863 -0.3612127 -0.2086391 -0.1042194 -0.1737303 -0.1199307 -0.1561084 -0.0438748 -0.0313805 -0.1012688 -0.1708771 0.0010985 0.0304601 -0.2031383 0.1124440 -0.0904185 0.0915091 0.0003913 -0.2250849 -0.2852739 -0.1150591 -0.0823831 0.0389256 -0.3015965 0.4896100 0.1984442 0.3718850 -0.4103899 -0.4524580 0.3942991 -0.2607750 -0.3236336 0.2689010 -0.0651117 -0.2721892 -0.5210464 -0.3666612 0.6680564 0.0047863 0.5889212 -0.4674512 -0.4890022 0.2447302 -0.1635233 -0.1396283 -0.4601744 -0.1434644 0.7894619 -0.5962740 -0.1867570 0.0096506 0.1489488 -0.0423254 0.7493021 -0.5456507 0.5296423 -0.6317203 0.3659366 0.2353031 -0.0002661 -0.1400204 -0.1275131 -0.6492944 0.2606657 0.5867000 0.5823712 -0.2680164 -0.4962469 -0.4661944 0.4994940 -0.2577490 -0.2772937 -0.5709108 0.5315453 -0.6241481 0.0885648 0.6767029 0.4946137 -0.5228834 0.1982290 -0.0774689 -0.2816170 -0.3910977 0.3706985 -0.5510827 -0.4788418 0.7198208 0.5499081 0.8203468 0.8154561 0.5876872 0.2016111 0.4896902 0.3088072 0.2998701 0.7980641 0.0905937 0.5726703 -0.0296940 -0.2776594 -0.3643732 -0.5462212 -0.0598202 0.5031606 0.2909409 0.4737070 0.5281246 0.2861094 0.4858714 0.6019714 0.7306388 0.3524526 -0.1245337 0.6814837 -0.1901471 0.1305519 0.4899019 0.7083939 -0.1013297 -0.2973167 0.4493017 0.1689269 -0.1763718 -0.0624339 0.2352888 0.7973400 -0.1813972 -0.0817938 0.2670445 -0.0203777 0.5466670 0.5695252
0.1034723 -0.4767620 0.6172448 0.8256100 0.7658218 0.1096493 -0.2548073 0.0000000 0.0119505 0.3639847 0.8451694 -0.0781638 0.8866492 0.1445746 -0.0721809 0.7457050 0.4272524 0.1056296 0.6820094 0.6213505 0.0287480 0.8127115 0.7419050 -0.0756159 0.6334039 0.6778777 0.0157085 -0.1309657 0.1145423 0.0075131 0.8228918 0.6548535 -0.0810070 0.1068529 0.6325754 0.0253813 0.6221765 0.7051073 0.2944812 0.1053110 0.6528072 -0.0754918 0.5067460 -0.0361531 0.2855505 0.4887148 0.4921646 0.6134705 0.0859722 -0.5710822 0.5150687 0.3562620 0.6795593 0.3384306 0.4774865 0.3499106 0.5623941 0.2029888 -0.3151601 0.5609506 -0.0591570 0.6331531 0.5508900 0.4543492 0.4351518 0.5648923 0.6245116 0.5829102 0.5556685 0.6256454 0.5867769 0.7505647 0.6673615 0.5098735 0.5695197 0.6124599 0.7726439 0.5452221 0.7944054 0.7227389 0.7889511 0.3117598 0.4518275 0.4584591 0.6060322 0.3042574 0.1343023 0.5653520 0.4342699 0.3579847 0.0034902 -0.1555160 0.0235105 0.2943430 -0.0555876 0.0519049 0.3712324 0.0835425 0.0780388 0.1911428 -0.0686493 0.0281603 0.0555903 0.1577683 0.3898409 0.0184073 0.0133643 0.0258126 0.2491730 0.1830338 -0.2248576 -0.0380388 -0.7153374 -0.0269235 0.1299261 -0.6638341 -0.0594845 -0.0022357 -0.4755453 -0.3037530 -0.0280840 0.2528524 0.3200159 -0.4446038 -0.3437972 -0.4667122 -0.0457135 0.5690030 -0.3057049 -0.0405531 -0.1644569 0.4501959 -0.1793192 -0.2288258 0.5002499 0.4146606 -0.1725650 -0.2954006 -0.1849091 -0.4755370 0.7010261 -0.3776449 0.4695332 -0.3198502 -0.4308198 0.1877714 -0.0744079 -0.0571851 0.4900561 -0.0334953 -0.2990705 -0.4359288 -0.0938928 0.6099460 0.0253144 -0.3634162 0.2535683 0.0160496 0.3279760 -0.2515321 0.1721759 -0.0817107 -0.3333352 0.0288020 0.2087035 0.1489034 0.4084257 0.2996494 -0.1628385 -0.3081321 0.4140737 -0.0958924 -0.4306405 0.0330244 -0.3163273 -0.1539908 0.0446657 0.1291257 0.2002501 0.1707246 0.2369526 -0.3545301 -0.2067235 -0.3135986 -0.2478743 0.1954569 -0.1187951 0.2380262 0.5766064 0.0649144 -0.5837389 0.0858429 -0.2130688 -0.2610951 -0.5317077 -0.2309808 -0.5298403 0.0571596 0.4214393 -0.4979912 0.0859508 -0.1754202 0.0028976 -0.3815756 0.3905280 0.6826627 0.2344097 0.3072994 -0.0667433 -0.2943941 -0.0004390 -0.4947956 0.2369794 0.0977167 0.2874418 0.4872444 0.0734442 -0.2766898
0.1820417 0.5482652 0.1620533 0.4061388 -0.1675044 0.7863670 0.3549827 0.0119505 0.0000000 0.6822086 0.2656554 0.5310117 -0.1247951 0.8021798 0.8900677 0.1364466 0.5959767 0.8038785 0.0930520 -0.0654290 0.2997761 -0.1370320 -0.0538286 0.7907292 0.0690344 0.0005111 0.4274180 0.6687000 0.6490200 0.4042333 -0.1671311 -0.0683369 0.7179164 0.7824468 -0.2193189 0.1466326 -0.1093636 -0.0909077 0.0270627 0.1752545 -0.2713859 0.4706249 -0.2155436 0.5765501 0.4325990 -0.1378946 -0.2138456 -0.2446344 0.7349587 -0.2607226 -0.1944144 -0.1524437 0.4234563 0.1612586 -0.2990848 -0.2946146 -0.1167986 0.5273924 0.2783285 -0.1443786 0.2257215 0.0680423 -0.1791001 0.4489214 0.1994364 -0.0773318 0.1015287 0.1357028 0.0022664 0.2670364 0.1246321 0.1454446 0.1706779 0.2093003 0.0018137 0.1956439 0.1615212 0.1753609 0.1589044 -0.0254774 -0.0024887 0.0527711 -0.0227448 0.1408293 0.1133525 0.2348166 0.3368605 -0.2222608 0.1748909 0.1673150 0.1959434 0.1996101 0.3194153 0.1945022 0.1542036 0.0631721 0.1648690 0.3002197 0.1844321 0.0971203 0.2883825 0.3308436 0.2164355 0.1964699 0.2834607 -0.0264030 0.3068940 0.0206447 0.3113493 0.1701389 0.3959623 0.4347119 0.2393056 -0.0624903 -0.0094087 0.2160777 0.0021735 0.0563095 0.1831704 0.1122671 0.0112508 -0.1199854 -0.1782254 0.0497223 0.2435500 0.4145391 -0.1701351 -0.0714249 0.4305760 -0.0619712 0.0735595 -0.0625325 0.0135773 0.0320593 -0.0157637 0.2094347 0.0892169 0.3693345 0.0146843 0.5442906 -0.0139542 0.5432029 -0.0868475 0.4099803 0.2519878 0.2933464 0.1235131 0.0715586 -0.1055436 0.4786631 0.5702400 0.5156329 0.2040767 -0.0337850 -0.0013011 0.5295705 0.1711638 0.2304139 -0.0825331 0.6264420 -0.1802421 0.3368848 0.3631763 0.4895255 -0.0064200 0.1705717 -0.0615769 0.0676217 0.0559942 0.5387471 -0.1656908 -0.1458497 0.3324066 0.2669162 0.4228193 0.1353199 0.0531221 -0.1040962 0.0924064 -0.0804389 -0.0047122 0.2455678 0.2347994 0.2758566 0.2238978 0.1079680 0.0078591 -0.3343606 0.1757991 0.5823366 0.1840835 0.5774028 0.2139870 0.3832660 0.3070052 0.3866531 0.3901875 0.1781428 -0.0920340 0.4569246 -0.0515509 -0.2135696 0.0641102 0.3178945 -0.2046891 0.1266070 0.5015088 -0.0544620 -0.1218862 -0.1223241 0.2055277 0.3249941 -0.1313114 0.1395825 0.2937488 -0.1540320 0.4467170 0.4597375
-0.0131918 0.0421677 0.4488860 0.5812164 -0.0050287 0.4996283 -0.0390381 0.3639847 0.6822086 0.0000000 0.5977668 0.2310227 0.1764655 0.8239871 0.5327541 0.3627350 0.8612323 0.5220771 0.2893720 0.4038050 0.0944820 0.1475754 0.3185600 0.6267191 0.3226922 0.2647190 0.4580770 0.5298191 0.3752455 0.4397355 0.1904415 0.2152951 0.5781992 0.6112341 0.1625267 -0.1138971 0.1264963 0.1526915 0.3597850 0.3017538 -0.0822880 0.0380159 0.1882969 0.4696532 0.0953231 0.1153845 0.0397893 0.0343280 0.7177631 -0.4613418 0.1533908 0.1503972 0.4678882 0.3270537 -0.1029174 -0.0677418 0.0559845 0.4166267 -0.1383325 0.2195588 -0.0661129 0.3872858 -0.1663578 0.5916368 0.1397369 0.0402288 0.3118217 0.4619941 0.0020679 0.5064431 0.2464288 0.4909272 0.4215201 0.3440392 0.1588513 0.4114591 0.5116134 0.3074348 0.4065105 0.4311598 0.2049754 0.1990301 0.1990707 0.2511782 0.1528467 0.2867493 0.2816443 0.2350698 0.0937637 0.1502338 0.0288489 0.1830953 0.0206143 0.1978504 0.0482321 0.0549798 0.3182101 -0.0710601 0.0168054 0.0327180 0.0966638 0.0693132 0.3430353 0.1660720 0.4056862 -0.0265635 0.1005967 0.0855162 0.1524372 0.0046446 0.1139752 0.1319215 -0.1543940 -0.2103961 -0.0535475 -0.3068290 -0.1711837 -0.0925724 -0.2943192 -0.2024604 -0.1995535 -0.1460416 -0.1025352 -0.2599779 -0.2926801 -0.0843681 -0.3358576 0.0375925 -0.0550175 -0.3660542 -0.2791424 -0.0054692 -0.3649519 -0.1953543 0.1840127 0.1056501 -0.3558870 0.0480313 -0.1686116 0.0180181 0.1586432 0.0142452 0.1720181 -0.0740205 -0.2183284 0.0106587 -0.1103129 -0.1696164 0.0501700 0.1433729 0.1769394 -0.0071250 0.0016641 -0.0095916 -0.0386395 0.0147734 0.2462722 0.0208019 0.1234235 0.2530018 -0.0894398 0.0994587 -0.1427925 0.2001274 0.0146353 -0.2706525 -0.2443059 -0.0124390 -0.0282996 0.1624890 -0.1355567 -0.2185684 -0.0456816 0.1583158 -0.0316573 0.0167302 0.1264988 0.1976924 0.1649866 0.1391204 0.1851063 -0.1597551 -0.2018477 -0.2597787 -0.0883572 0.0043223 -0.1343245 -0.3509937 0.3624001 0.4287011 -0.1597127 0.5283402 0.3198166 0.0521435 -0.1113504 0.0028124 -0.0695531 0.5087728 0.3024058 -0.0386624 0.1526964 -0.1817286 -0.0634086 -0.0765622 -0.0952591 0.3116174 0.4593217 0.0964127 -0.0528086 -0.0051539 0.1847244 -0.0491314 -0.0614250 0.3386403 0.4202051 0.0397060 0.2013352 0.0822331
0.0422612 -0.3560919 0.5146892 0.7944294 0.4356641 0.2949434 -0.2392327 0.8451694 0.2656554 0.5977668 0.0000000 -0.0815085 0.7289785 0.4581009 0.1878747 0.9089385 0.6739950 0.3294874 0.8389036 0.4256586 -0.0810998 0.7310248 0.8141131 0.2090906 0.8073780 0.8274885 0.1670280 0.1896241 0.1977171 0.1556937 0.5467291 0.7255358 0.2402306 0.3536654 0.6215020 -0.0810412 0.6359371 0.7540099 0.3826565 0.2398447 0.5720879 0.0437359 0.5065321 0.3238353 0.3722533 0.6008763 0.5040161 0.6136319 0.3970203 -0.3752421 0.4987366 0.3467495 0.7582102 0.4269410 0.5114863 0.3811628 0.5413128 0.4106884 -0.1014558 0.5459088 0.1521357 0.6782310 0.5053670 0.6066889 0.5750566 0.4904371 0.7789007 0.6960564 0.5523147 0.7611236 0.7580781 0.7465512 0.8573385 0.6105029 0.6359133 0.7570877 0.7501889 0.7579308 0.8460106 0.5479809 0.7940291 0.4167769 0.5700321 0.6277962 0.6857891 0.5503698 0.3272593 0.6179138 0.4964953 0.4356382 0.1519495 -0.0358698 0.2240718 0.4821056 -0.0407587 0.0386267 0.5285987 0.2602697 0.0730437 0.2702198 0.0718986 0.3218707 0.3782874 0.3669578 0.4949182 0.0144826 0.3171363 0.2660087 0.3704457 0.3947599 -0.1332615 0.2364247 -0.5178982 0.1338240 0.3405270 -0.3907310 0.1518391 0.2406019 -0.1986552 -0.0472884 0.1997969 0.3602783 0.2860916 -0.2286660 -0.1641021 -0.2924814 0.1020222 0.5014104 -0.0374144 0.1243198 0.0686530 0.3982421 0.0483180 -0.2932315 0.5015768 0.4585277 0.0191487 0.0599222 0.0930699 -0.2006873 0.6775026 -0.0970645 0.4492354 -0.3654891 -0.1631508 0.2163565 0.1643966 0.1248592 0.4924896 0.1515019 -0.0731240 -0.3356927 0.1406485 0.5020547 0.1996357 -0.3504791 0.3753911 0.2386487 0.4344573 -0.0431506 0.2656460 0.1187412 -0.2440575 0.0638578 0.2879431 0.0607171 0.3177760 0.4232362 -0.0164964 -0.0328341 0.3686374 0.0313026 -0.3575523 -0.0770041 -0.3118317 -0.2517503 -0.1309772 -0.0934723 0.0262112 -0.0021921 0.0797533 -0.2506656 -0.0376157 -0.1884749 -0.0284245 0.4131719 0.0315928 0.1994614 0.5788647 0.1785893 -0.3633977 0.1116060 -0.2113864 -0.1923610 -0.3875695 -0.1065085 -0.2856795 0.0975565 0.2074071 -0.2507254 0.0195271 -0.2137136 0.1123762 -0.1228528 0.1873521 0.7020633 0.4648585 0.1729454 -0.2002996 -0.3345963 0.2604493 -0.3101427 0.0345889 0.1560042 0.1653465 0.3507865 0.0104945 -0.3072542
0.3305984 0.4117731 0.3615981 0.0724370 -0.0355164 0.6982265 0.8863813 -0.0781638 0.5310117 0.2310227 -0.0815085 0.0000000 -0.2160322 0.2499634 0.5105484 -0.1226795 0.2724471 0.3023319 -0.2151057 -0.4378305 0.9010935 -0.3885512 -0.1155018 0.2948180 -0.1528956 -0.0381780 0.4398340 0.2162342 0.7192369 0.1753838 -0.2910835 -0.0475712 0.3205542 0.5700728 -0.0987825 0.5552809 -0.0410956 -0.3113972 -0.0267526 0.0921483 -0.4716406 0.3486221 -0.0709201 0.2065481 0.2239306 -0.1260141 -0.1772273 -0.3805683 0.3762283 -0.4074678 -0.0467633 0.0226595 0.2232100 0.1636296 -0.3219722 -0.1908134 -0.0529924 0.2466156 -0.1059395 0.0359162 -0.1090673 0.1638077 -0.2202596 0.0805565 -0.1784897 -0.0475694 -0.0899104 0.0993306 -0.0490145 -0.0050091 -0.1323479 0.0221750 -0.0798855 -0.0954258 -0.0600383 -0.0546531 0.1332464 -0.1267813 -0.0858074 0.0621521 -0.1931632 -0.1321491 -0.2167208 -0.1989051 -0.3872838 -0.0879577 -0.0816959 -0.3162965 -0.1407013 -0.0373545 -0.1707310 -0.1233418 -0.1547993 -0.0396360 0.0525729 -0.0576535 -0.1508729 -0.0335178 0.1130829 -0.1484341 0.1108168 -0.1269452 0.1032611 -0.0534403 -0.1362298 -0.2856385 -0.1284722 -0.1321218 0.1207586 -0.3119878 0.5248097 0.1651011 0.1952702 -0.5072261 -0.4843118 0.1816393 -0.3272688 -0.3571876 0.1143623 -0.1729835 -0.3710317 -0.5511711 -0.4277700 0.4076790 -0.0533160 0.5916549 -0.5905784 -0.4777853 0.2590167 -0.3149051 -0.2498634 -0.4186486 -0.3499946 0.7731879 -0.4846593 -0.1892678 -0.1174939 0.1341751 -0.1893230 0.7066786 -0.4618426 0.5222513 -0.5218025 0.4546876 0.1548560 -0.0671851 -0.1905083 -0.1957708 -0.5765282 0.3480005 0.6636509 0.6449539 -0.2013610 -0.4278445 -0.4920235 0.5702012 -0.1594149 -0.2077600 -0.4958890 0.6597295 -0.6078545 0.1968810 0.5758380 0.6276535 -0.3999167 0.2206779 -0.1166188 -0.2209076 -0.3126632 0.4454561 -0.4611604 -0.4514228 0.5567672 0.5950216 0.8072837 0.8158387 0.7059063 0.3229573 0.7088659 0.4765300 0.3964236 0.6571362 0.0145413 0.4222695 -0.1008901 -0.3132868 -0.4200090 -0.5712741 0.1809709 0.7527978 0.1525821 0.7501680 0.6323473 0.3316993 0.4177837 0.6010096 0.6814639 0.5219192 0.0677274 0.6567007 -0.0361220 -0.0546378 0.4130084 0.5776794 -0.0927633 -0.1804924 0.4911049 0.3356967 -0.0600127 -0.0974780 0.2157007 0.7134418 -0.1708767 0.0187206 0.4529964 0.0998137 0.6837787 0.6227460
0.0048527 -0.4994231 0.5511991 0.6961586 0.8294311 -0.1160092 -0.4112098 0.8866492 -0.1247951 0.1764655 0.7289785 -0.2160322 0.0000000 0.0402296 -0.2524814 0.6933662 0.3084581 -0.0430231 0.6367099 0.5183301 -0.0023250 0.9426146 0.7431648 -0.1746341 0.6037756 0.6571975 0.0673103 -0.0533617 -0.0491123 0.1293309 0.8377384 0.6596464 -0.1086240 -0.0833669 0.6774314 0.0687618 0.7273749 0.8013150 0.4205903 0.2576337 0.7865410 -0.0631701 0.5626835 0.0476964 0.2493382 0.5720798 0.6578505 0.7272937 -0.0173737 -0.3953357 0.6138095 0.4632895 0.4909166 0.4386394 0.6413859 0.5253775 0.7164894 0.2296404 -0.2493316 0.6338499 -0.0203154 0.6707879 0.7003841 0.4043620 0.5383476 0.7400806 0.7053518 0.6006937 0.7014045 0.5818162 0.6447407 0.5220239 0.6592511 0.5337424 0.6708533 0.6188515 0.7134928 0.5774459 0.7934610 0.6922663 0.8578087 0.3657379 0.4831302 0.6020652 0.7582468 0.4682128 0.2804029 0.5638009 0.6474175 0.5586033 0.3043334 -0.0559705 0.2387470 0.3550275 0.2556992 0.2865814 0.3522259 0.2971374 0.3852855 0.3026302 0.1602367 0.2472881 0.0913804 0.1895340 0.4263286 0.3385164 0.2237317 0.0308901 0.4617553 0.3724651 -0.0481255 0.1244084 -0.7134386 0.1920060 0.3791076 -0.5005629 0.2589584 0.2855852 -0.2489047 -0.0929105 0.2327037 0.5386318 0.3848135 -0.4558189 -0.1710947 -0.4608054 0.2103266 0.6305598 -0.2136600 0.1080373 -0.0138448 0.6141950 -0.0529293 -0.2506820 0.6492884 0.4370939 -0.0584459 -0.2556583 -0.1228798 -0.5297798 0.7702957 -0.4003971 0.5036678 -0.4000801 -0.3722119 0.1930188 0.0440642 0.0507831 0.5775046 -0.0688463 -0.4193252 -0.4861471 0.0514403 0.7023411 0.1870495 -0.3916841 0.2047431 0.1729903 0.4075889 -0.3714894 0.4222725 -0.0463502 -0.3942300 -0.0667773 0.4060298 0.2805160 0.5255193 0.4643003 -0.1405858 -0.3019510 0.6517313 0.1683671 -0.5860606 -0.0269115 -0.2927859 -0.2488597 -0.0475784 -0.0271305 0.2009465 0.1096573 0.0547017 -0.4213809 -0.1729590 -0.3194989 -0.1676728 0.3050189 -0.0574063 0.4779796 0.5676008 -0.0605951 -0.5311338 -0.0914513 -0.3781056 -0.3317854 -0.5767932 -0.2544066 -0.5642590 -0.1953338 0.2408574 -0.5356155 0.2369080 -0.1109456 0.1433045 -0.3461361 0.4492820 0.6884104 -0.0128347 0.4081067 0.1549711 -0.2061208 0.1201328 -0.5704199 0.2289682 0.0191144 0.0017968 0.6091271 -0.1226230 -0.4565385
0.0904894 0.2730318 0.3175306 0.4591641 -0.0896589 0.5617163 0.0119516 0.1445746 0.8021798 0.8239871 0.4581009 0.2499634 0.0402296 0.0000000 0.7728247 0.3377037 0.7700877 0.8350102 0.2713715 0.1328252 0.0825139 0.0497562 0.2083765 0.8846177 0.2992707 0.2399427 0.6197437 0.8669231 0.5337782 0.6740203 -0.0245694 0.0905646 0.8668999 0.8406989 -0.0058299 -0.0166967 0.0329587 0.0910640 0.3435948 0.4608164 -0.1325770 0.3176639 -0.0227943 0.7817964 0.3549396 0.0635658 -0.0252212 -0.0505897 0.9159250 -0.3187242 -0.0299468 0.0390348 0.5316545 0.3256563 -0.1866842 -0.1399976 -0.0132391 0.6144961 0.1845916 0.0444256 0.1738343 0.2743516 -0.1866393 0.6790129 0.2957718 -0.0122157 0.3038925 0.4346871 0.0193151 0.5415053 0.2927796 0.3735466 0.4217431 0.3997976 0.1383880 0.4499098 0.4095449 0.3379483 0.3872456 0.2470736 0.2112461 0.2352383 0.2773756 0.2917731 0.2355709 0.4292434 0.4849043 0.0238136 0.2176194 0.2186865 0.2361161 0.3536264 0.2859438 0.2484802 0.1870136 0.1823245 0.4707293 0.1146282 0.1131666 0.2091453 0.1890345 0.2655940 0.4336184 0.2902946 0.5086918 0.0480064 0.4065957 0.2458276 0.3238371 0.3025796 0.2153930 0.3845431 0.0185328 0.0687290 0.0841345 0.0122979 0.1075272 0.1631456 0.0317840 0.2059086 0.1446700 0.0654693 -0.0381015 -0.1056612 0.1260387 0.2663767 0.0158378 0.0010878 0.3318535 -0.0188479 0.0836942 -0.0734169 -0.0766613 -0.2722257 0.1284314 0.0557456 -0.0118519 0.3641678 0.0439831 0.2815535 0.0947239 0.3353969 0.2608118 0.0460239 0.1292120 0.0036385 0.1614678 0.0291140 0.1754471 0.4544674 0.4451883 0.1270463 0.3427192 0.0793320 0.2169708 0.0532094 0.5203436 0.3049624 0.3330133 0.5360716 0.1209708 0.4888742 0.0603956 0.5027444 0.2916962 -0.1140595 -0.0874486 0.2722303 0.3661795 0.5424904 0.0319004 0.1325647 0.0458057 -0.0542744 0.0441932 -0.1193974 -0.0949618 -0.0941479 -0.0273990 -0.0756303 -0.0143799 -0.0645913 0.1134567 -0.0074641 0.1421709 0.1198862 0.0439428 -0.2248638 0.2962806 0.4818633 0.1644738 0.4697156 0.1541883 0.3007605 0.1619321 0.2975387 0.2312087 0.2576179 0.1535771 0.2896544 0.0209944 -0.2979544 -0.0133331 0.1061296 -0.1116019 0.3073923 0.4537599 -0.0452645 -0.1515016 -0.1203410 0.2242114 0.0563864 -0.0287742 0.2541064 0.2894108 -0.0387585 0.1481914 0.1880642
0.2521163 0.6723139 0.1882702 0.3694675 -0.1889524 0.8054193 0.3793932 -0.0721809 0.8900677 0.5327541 0.1878747 0.5105484 -0.2524814 0.7728247 0.0000000 0.0949713 0.5337654 0.9211209 0.0738890 -0.1859545 0.2342726 -0.2707693 -0.1057947 0.8762625 0.0199896 -0.0116680 0.4586943 0.7046854 0.7319657 0.3849140 -0.3338615 -0.1664266 0.7468980 0.8727341 -0.3605691 0.2099125 -0.2452938 -0.2204378 -0.0997000 0.1365267 -0.3855021 0.6081689 -0.3404863 0.5686069 0.5749224 -0.2064486 -0.3242290 -0.3881736 0.7389671 -0.2006966 -0.3814845 -0.2741399 0.4717898 0.0802879 -0.4266321 -0.4089598 -0.2706816 0.5532529 0.4332351 -0.3146845 0.3389473 -0.0713017 -0.2476548 0.4299071 0.1604328 -0.2498559 -0.0431841 0.1134979 -0.1195381 0.2526096 0.0337839 0.1173132 0.0851458 0.1648015 -0.1194650 0.1626298 0.0619228 0.0743248 0.0989152 -0.0978443 -0.0669369 0.0642341 0.0034322 0.0154732 0.0278234 0.1060456 0.3521265 -0.2817516 -0.0383056 -0.0842055 0.0468512 0.2247478 0.2432959 0.1847019 -0.0195371 -0.0306795 0.2359750 0.1463224 -0.0389851 0.0985372 0.1265439 0.2129359 0.1645278 0.2358106 0.2503439 -0.2418937 0.2619650 0.1004820 0.1513225 0.1566907 0.2123999 0.3329746 0.2645324 -0.0257636 -0.1129655 0.2069522 -0.1097483 -0.0377258 0.1138602 0.1513558 -0.0130893 -0.2100589 -0.0551508 0.0775049 0.2874983 0.4769691 -0.1391342 -0.0749424 0.4443388 0.0204558 0.1183529 -0.1740745 -0.0061623 -0.0259421 -0.1490139 0.1626352 0.1298740 0.4271962 0.0292426 0.6065630 -0.1058675 0.5876943 -0.0325609 0.4364681 0.3343905 0.1896446 0.0838617 -0.0150257 -0.0860149 0.5283671 0.7335163 0.4942380 0.2026798 -0.0804287 -0.0360033 0.4460836 0.3787954 0.2122322 0.0252332 0.7784505 -0.2423445 0.4792597 0.4726247 0.6154724 -0.0018692 0.0359691 -0.0715951 0.1262059 0.3334399 0.6825835 -0.2022135 -0.0928345 0.3774818 0.1217521 0.3854188 0.0404765 -0.0880826 -0.1040523 -0.0414389 -0.0819961 0.0217903 0.3317644 0.4026638 0.4197687 0.3462743 0.0789013 0.1563470 -0.3199201 0.1018299 0.5544150 0.2886597 0.4866611 0.1193250 0.4398241 0.3837840 0.4191107 0.5009246 0.1685485 -0.0434737 0.5639030 -0.0953651 -0.1861514 0.0195956 0.3325585 -0.2666719 0.0847969 0.5880709 -0.2128280 -0.2605890 -0.2218479 0.1221110 0.3329804 -0.0784190 0.1070872 0.4187150 -0.2614094 0.4305455 0.5032320
0.1305183 -0.3275726 0.3912102 0.6324768 0.3972731 0.2286588 -0.2151093 0.7457050 0.1364466 0.3627350 0.9089385 -0.1226795 0.6933662 0.3377037 0.0949713 0.0000000 0.5560933 0.2437051 0.9340964 0.2769854 -0.1010695 0.7655343 0.8820803 0.1074786 0.9120699 0.9565433 0.0851926 0.1488763 0.1360727 0.1364237 0.4850170 0.8377755 0.1588582 0.2546533 0.7120526 -0.0293562 0.7409179 0.8466941 0.4304992 0.3285709 0.7030309 0.0961825 0.5519389 0.3878273 0.4080636 0.7520648 0.6467755 0.7509455 0.2926867 -0.1442295 0.5667188 0.4075856 0.7273839 0.5206262 0.6732807 0.5457169 0.6626300 0.4720063 0.0190987 0.5809596 0.2625190 0.6839072 0.5990975 0.5322030 0.6200364 0.6071198 0.8331943 0.7088289 0.6608193 0.7784249 0.8287714 0.7084043 0.8703482 0.6041636 0.7310499 0.7910329 0.7264814 0.8000703 0.8159258 0.4091563 0.7926710 0.4423922 0.6246191 0.6108475 0.7305366 0.6273443 0.2774416 0.6126474 0.6024036 0.5361513 0.2294167 -0.0989128 0.3020778 0.5224321 -0.0293165 -0.0341191 0.5048639 0.3649165 0.1206788 0.3514350 0.1038890 0.4134163 0.4248211 0.4017784 0.4018388 0.0531946 0.4427036 0.2898479 0.4332063 0.5510826 -0.1332027 0.3441832 -0.4819045 0.3017270 0.4817127 -0.1901882 0.3558428 0.4715066 0.0596708 0.1438125 0.3986713 0.5184548 0.2016950 -0.0252930 0.0623523 -0.1958687 0.3178042 0.4138628 0.1681088 0.3772691 0.3094186 0.3253539 0.2729017 -0.2151451 0.4275699 0.3619514 0.2494968 0.2517207 0.3335931 -0.0820965 0.6335270 0.0428298 0.4048397 -0.3143249 0.0623655 0.1654810 0.3752930 0.3334468 0.4872293 0.2342155 -0.0422965 -0.2561935 0.3135184 0.4971969 0.3404146 -0.3844377 0.3708047 0.4191149 0.4603024 -0.0143781 0.4161422 0.1851514 -0.1332169 0.0489100 0.3632085 0.1639249 0.3944773 0.5362209 0.0763286 0.0305441 0.4213563 0.1882511 -0.3933558 -0.2385438 -0.3157104 -0.2259980 -0.2003484 -0.2763296 -0.0652968 -0.1184287 -0.0867093 -0.2332571 0.0750994 -0.1018659 0.0785154 0.4576529 0.1714829 0.3481427 0.6011558 0.1373364 -0.2902054 -0.0064698 -0.3115271 -0.1475204 -0.3427091 0.0158146 -0.1811112 -0.0633613 0.0429378 -0.1548805 -0.0326609 -0.3015281 0.2025008 0.0328510 0.3300571 0.7373366 0.4464133 0.1699095 -0.2048818 -0.4373048 0.3150064 -0.2069391 0.1478039 0.1669900 0.0382199 0.3785542 -0.1027495 -0.3306196
-0.0868224 0.0399355 0.5660669 0.5916963 0.0994120 0.4957178 0.0309579 0.4272524 0.5959767 0.8612323 0.6739950 0.2724471 0.3084581 0.7700877 0.5337654 0.5560933 0.0000000 0.5246942 0.4669925 0.2826972 0.1386098 0.2990882 0.6065546 0.5542614 0.5290931 0.5162009 0.6483021 0.5845874 0.3654539 0.6049841 0.2262669 0.4563915 0.5199584 0.5955057 0.4103267 -0.1166274 0.4131937 0.3392605 0.6038370 0.5877007 0.1051164 0.0354960 0.4498985 0.5937394 0.2359905 0.3917159 0.3419918 0.2204057 0.6199711 -0.3248478 0.3672112 0.4362635 0.5518185 0.6011554 0.1127482 0.1880743 0.3351327 0.5082262 -0.1639481 0.4285971 -0.0377081 0.5850382 -0.0857163 0.4838099 0.1956022 0.2612316 0.4486690 0.6669241 0.1861038 0.5451185 0.3808760 0.4365830 0.5415620 0.2699713 0.3408626 0.4886104 0.4989287 0.3904000 0.4633066 0.3324642 0.2830095 0.2805151 0.2292860 0.2712661 0.2728623 0.3509661 0.3805268 0.2269578 0.2254583 0.2414499 0.0638533 0.0326783 -0.0251421 0.2951012 0.1534351 0.0101847 0.2799973 -0.0380908 0.1512521 0.0425097 0.1312962 0.1080644 0.3256607 0.2124939 0.2962770 0.0017144 0.1584665 -0.0663275 0.1957117 0.0563139 0.1354153 0.1610008 -0.3133992 -0.1602127 -0.0420178 -0.2338657 -0.0588459 0.0221944 -0.1870629 -0.1784005 -0.1075384 -0.0330888 -0.1310595 -0.1707886 -0.2907428 -0.1117964 -0.2269133 -0.0133243 -0.0472859 -0.2423127 -0.2438090 -0.0881812 -0.3357268 -0.1436247 0.0492815 0.0378133 -0.3489556 0.0645223 -0.1522593 0.0738791 0.1167261 0.0068850 0.0315283 -0.2240999 -0.2342910 -0.1428598 -0.1595744 -0.2453571 -0.0384832 0.0437257 0.1503526 -0.0779159 -0.0765749 -0.0585727 -0.0954663 -0.1354436 0.2021625 -0.0049046 0.0642050 0.2287662 -0.0738523 0.0237530 -0.0886288 0.1960868 -0.0768328 -0.3404127 -0.2349968 0.0414287 -0.0364341 0.1502897 -0.1567410 -0.2595766 -0.2360899 0.0356877 -0.0036781 0.0327840 0.0958135 0.2320926 0.2292110 0.2800463 0.2791919 -0.1206138 -0.2265878 -0.2220236 -0.0179705 0.0256159 -0.0332724 -0.2355158 0.3287305 0.3194672 -0.2349647 0.3227583 0.1418641 -0.1832829 -0.2197266 -0.0638630 -0.0051396 0.3762370 0.2405944 -0.0133262 0.2471506 -0.1044339 0.1799039 0.1206753 0.0858662 0.4501260 0.4833904 0.2307674 -0.0246351 -0.1006777 0.4242231 0.0506982 0.1350293 0.5002599 0.5104227 0.1992056 0.1654755 0.0751330
