0.0000000 0.2566407 0.3489777 0.5075094 0.0085485 0.3657015 0.2074477 0.4020647 0.3512981 0.1473627 0.4541256 0.2973445 0.3701476 0.1791414 0.1167972 0.3586587 0.3947207 -0.0528345 0.3716845 0.1988569 0.5014984 0.1054586 0.3478715 0.0664247 0.3415434 0.2634807 0.1015681 -0.3107357 0.3165927 -0.1251858 0.0345204 0.1553702 0.0193610 0.2656745 -0.0764121 0.4911372 0.2517724 0.1550469 0.4039711 0.0124264 -0.0129240 0.2460501 0.2982551 -0.5690244 0.1675069 0.2205972 0.1831452 -0.0602466 -0.0586348 -0.1799675 0.1263874 0.2533603 0.2938184 -0.0433349 0.0654911 0.1917415 0.2121921 0.1514535 0.0902393 0.1784540 0.2728387 0.1408393 0.1743636 0.4068395 0.1397588 0.1612570 0.1144020 0.1670553 0.1475730 0.3907776 0.0761833 0.3734609 0.1633592 0.4358293 0.0794084 0.2956954 0.4134087 0.0805491 0.2006562 0.3049001 -0.0219894 0.3603779 -0.0431636 0.1651460 -0.0790946 0.1457507 0.2480344 -0.1472672 0.1703799 0.1103435 0.2669372 0.2658445 0.1439044 -0.2811983 0.3036503 0.4468210 -0.0051875 0.0313056 0.2507763 -0.0904772 -0.0236471 -0.0020306 -0.1066161 -0.3411250 0.1011569 0.3345025 0.0448324 -0.0826412 0.1538564 0.0038655 0.1645486 0.2155340 -0.1670398 -0.1124368 0.0173998 -0.1040879 0.2089548 0.2371180 0.1295817 0.3732053 0.3049950 0.0566806 -0.3897060 -0.3013301 0.0655589 0.2998450 -0.2017608 -0.2253771 0.3406578 -0.1652990 -0.0128093 -0.0556143 -0.2894098 -0.0652822 0.1069172 0.1289608 0.1320462 0.0629997 0.1832322 -0.3030490 -0.2022166 -0.2400114 0.1228566 0.3712836 0.1302217 0.2255501 -0.0469198 0.0302864 -0.1824145 -0.3217444 -0.2231141 0.0430047 -0.4631987 -0.2276557 -0.5692407 0.3286245 -0.1078732 -0.1035821 -0.2219474 0.2319188 -0.6634518 -0.2027521 0.3080982 0.2107926 -0.5879621 0.1782420 -0.1397723 -0.4281308 -0.3264016 -0.3146072 -0.4432781 -0.5017514 0.0691653 0.1481425 -0.1222704 0.1640190 0.4504083 0.2479992 0.5320841 0.4044972 0.2778327 0.2642700 0.1700020 0.2344587 0.3228698 0.2988778 0.1180417 0.0755855 0.3727957 0.4471697 0.3193635 0.3245480 0.5334128 0.0276866 0.2985467 0.2106379 0.3472207 0.5293775 0.2531741 0.2965559 0.4445205 0.1278570 0.1973153 0.5722588 0.5752674 0.2267612 0.5453566 0.4537585 0.0876356 0.3081991 0.1764646 0.5491237 0.6204321 0.6179624 0.7330958 0.2347143 -0.3183291 -0.1000682
0.2566407 0.0000000 0.0147060 0.1429509 -0.3025307 0.6419658 0.5920945 -0.1472346 0.4347646 0.0595273 -0.0336943 0.5888239 -0.1772858 0.1913366 0.5486519 0.0089616 -0.0319863 0.0023676 -0.1081623 0.0040005 0.5171895 -0.2559686 -0.1421710 0.3791515 -0.1004022 -0.1146122 0.0320383 0.1726434 0.4990532 -0.0662212 -0.2973507 -0.1849639 0.2084307 0.1306683 -0.3982444 0.6810803 -0.1903016 -0.2505148 -0.1462243 -0.2687614 -0.3363221 0.5885844 -0.2201658 -0.0143559 0.3739369 -0.3052459 -0.1921168 -0.2960734 0.0461946 -0.3336348 -0.2248711 -0.3061639 0.2374726 -0.2549314 -0.3215358 -0.3116143 -0.1719646 -0.0661324 0.1086967 -0.1825066 0.2357346 -0.3649355 -0.3046013 0.0889075 0.1201133 -0.1948724 -0.2904921 -0.2512564 -0.3166310 -0.0994074 -0.2508229 0.2183126 -0.2466139 0.1855554 -0.2470991 -0.1839426 -0.0125899 -0.1356320 -0.1206595 -0.1565869 -0.0634385 -0.0246610 0.0105963 0.1238743 0.1090938 0.3617162 0.3146221 -0.2407188 0.2253090 0.3151883 0.2491522 -0.2284684 -0.1417805 -0.5734418 -0.0939018 -0.2413214 -0.4264301 -0.0725662 0.0530965 -0.7337702 0.0395983 0.0216457 0.0437969 -0.4852591 -0.0160437 0.0431811 0.0470992 0.1951249 0.0651021 -0.1439226 0.1237137 0.2350166 -0.3343978 -0.3119059 -0.0591849 -0.1639084 -0.0795763 -0.0405848 0.0214740 0.5102053 0.2659376 0.3366185 -0.1394007 0.2235847 0.5825092 0.3328352 0.1760166 0.0887204 0.4879976 0.3180793 0.3833409 0.2618277 0.1038431 0.2076336 0.3195978 0.0434523 0.3238810 0.1105862 0.1793548 0.2039508 -0.1362764 -0.1024705 -0.1023667 0.4737457 0.1401540 0.2718717 0.1234080 0.1709814 0.0129689 -0.0018333 0.0856662 0.2680861 -0.3584668 0.1564113 0.0841974 0.5007797 0.2335430 0.1848921 -0.0355036 0.3289135 0.1015078 0.2211289 0.3948364 0.4603830 -0.0723186 0.3135710 0.1977460 -0.1559455 0.1643502 0.2372262 -0.0791149 -0.1093734 0.2469089 0.4138216 0.6628091 0.5051711 0.4349754 0.1879262 0.6398424 0.6726617 0.4551219 0.6849313 0.6272523 0.4723315 -0.2022516 0.2241790 -0.1690188 -0.2467679 -0.0777002 0.1041731 0.5702319 -0.0707821 0.2188209 0.4502743 0.5417042 0.5055013 0.5616865 0.5856783 -0.0529287 0.3719680 0.0301285 -0.2161912 -0.0914887 0.5479789 -0.1089795 -0.1517046 0.2602193 0.5235497 0.1308741 -0.0405634 0.1352972 0.5180476 0.2938768 0.6532535 0.1220939 -0.0201956 0.2867222 -0.0565224
0.3489777 0.0147060 0.0000000 0.5857973 0.8742324 0.1703351 -0.1830327 0.6895455 0.1152319 0.2796913 0.5489980 0.1345283 0.7856962 -0.0845385 -0.3041724 0.4724691 0.3520838 -0.1025215 0.4720373 0.8705648 0.3058523 0.5608659 0.5506697 -0.3623928 0.4172763 0.3417030 0.2615581 -0.4217406 -0.0733198 -0.0976212 0.7148861 0.4980551 -0.5697177 -0.2882509 0.1290864 0.1095905 0.4248260 0.5438433 0.0399099 -0.2651305 0.6099448 -0.3135614 0.3537066 -0.7222871 -0.1592903 0.4062725 0.3624810 0.6066479 -0.3423450 0.3238512 0.4131707 0.1954183 0.1639295 0.0667164 0.5827801 0.4470704 0.5049847 0.3550805 -0.0839456 0.5467266 0.1245430 0.3374487 0.7152480 0.4566784 0.3041230 0.6548954 0.5037386 0.3281704 0.6192640 0.4742315 0.4136308 0.3890848 0.3632393 0.7925299 0.4640849 0.4765187 0.6140074 0.2420550 0.4589018 0.7684114 0.4014616 -0.0386957 -0.4929212 -0.3710349 -0.5443945 -0.4740833 -0.2053407 -0.2554636 -0.4465402 -0.6279495 -0.2531379 0.1198342 0.0196692 -0.2566014 0.1746710 0.3203330 0.0752883 -0.2813350 -0.2869785 0.0137259 -0.6947371 -0.5046101 -0.4694941 -0.5512366 -0.0765560 0.0685767 -0.3413636 -0.3588457 -0.2607391 -0.1007986 -0.3093910 -0.2076093 -0.0484105 0.1419157 -0.1175011 -0.1954997 -0.0062162 -0.0178659 -0.0348903 -0.0252134 -0.1228256 -0.1293882 -0.4529672 -0.1883603 -0.3637204 -0.1679190 -0.0200583 -0.5918841 -0.3022221 -0.0307890 -0.2403063 -0.4459977 -0.0357637 -0.1009789 -0.1731893 -0.3924199 -0.1991400 -0.2422512 -0.1320776 -0.3803036 -0.1404678 -0.2191450 0.4360234 -0.1708952 -0.2274895 -0.3708688 -0.0683787 -0.0519822 -0.0251453 -0.5634910 -0.2394218 -0.1794840 0.0761663 -0.4357189 -0.0484400 -0.0252759 0.1515820 -0.2286122 0.4382623 0.1809595 -0.1060824 -0.0821600 -0.2297381 0.3351169 0.0040433 -0.2033044 -0.1976983 0.1461765 0.3835080 0.1332193 -0.0165094 0.2991354 -0.1896945 -0.0231206 -0.1592088 0.1984381 0.3909824 0.5092513 0.3964333 0.3491259 0.3465245 -0.1913814 -0.3705442 -0.2838005 0.3551338 0.6328812 0.7536395 0.8654237 0.8457905 0.5587128 -0.1478180 0.5968951 0.6723824 -0.2697762 -0.1914068 -0.2406273 -0.1835876 0.3000373 0.7235438 -0.2097708 0.5730140 0.1506503 -0.1329678 0.1528753 0.7647104 0.4417774 0.1424699 0.3322601 0.1614918 0.5236597 -0.2241283 -0.0520588 0.6918287 0.3588880 0.6241296 0.5495790 -0.1412351 0.4546544
0.5075094 0.1429509 0.5857973 0.0000000 0.3261913 0.6005222 -0.2401205 0.8908315 0.4291907 0.7157961 0.8982705 0.3975497 0.7938717 0.4185061 -0.0983210 0.7490146 0.6720656 0.2774508 0.8114455 0.3540192 0.5629331 0.6227197 0.6823726 0.0301461 0.7377801 0.6933166 0.4052927 -0.4024740 0.3176872 -0.0477708 0.4443660 0.6011288 -0.2964418 0.2900945 0.4127361 0.4802257 0.6462743 0.6435409 0.5533384 0.3189526 0.4785079 0.1704713 0.6109092 -0.4274951 0.4043693 0.6346066 0.6144236 0.4535222 0.0651859 0.3450552 0.5849115 0.5162188 0.6922214 0.3951241 0.4836824 0.5696863 0.6228305 0.5151483 0.2137783 0.6846027 0.6962040 0.6261687 0.4995643 0.8012615 0.5999634 0.5486201 0.6843802 0.6214689 0.5239144 0.7896401 0.4871139 0.8085742 0.7245972 0.8544947 0.5711870 0.7403567 0.9006798 0.4735508 0.7768269 0.7698592 0.4937244 0.1802937 -0.4194168 -0.1303361 -0.4131760 -0.1937024 0.0959411 -0.2217476 -0.0759516 -0.2207322 0.1113156 0.2193933 0.3672010 -0.2494609 0.4073270 0.4669472 -0.2056716 -0.1106369 0.0342858 -0.1117653 -0.4292957 -0.3420913 -0.3207618 -0.5754857 -0.1789541 0.4477297 -0.2144043 -0.1855341 -0.1676079 -0.0626686 -0.0577167 0.0539639 -0.1314508 -0.0996275 -0.2084809 -0.1459959 -0.0622822 -0.3150448 -0.0387818 0.2390015 0.0189509 -0.0692316 -0.3090060 0.1383962 0.0758735 -0.0259269 0.1565363 -0.4426292 0.0913905 0.3050518 0.0445807 -0.2459873 0.2135654 0.2454543 -0.1689633 -0.2815679 0.0719743 -0.2734024 -0.0233934 -0.3987540 -0.3494901 -0.1429187 0.5908253 0.1439520 -0.1465433 -0.0822514 -0.0853931 -0.1028424 -0.0147449 -0.4175524 -0.5043685 -0.0627654 -0.1296964 -0.2963224 -0.3005460 0.1924254 0.0169885 -0.1984541 0.3204740 -0.1221862 -0.1045017 -0.2428012 -0.0664329 0.1970863 -0.0895152 -0.0558802 -0.1545248 0.0296950 0.3102808 -0.0169260 -0.0519071 0.2074919 -0.4156590 -0.0135307 -0.2834741 0.2607045 0.5660489 0.3300913 0.6024602 0.3156565 0.0966823 0.0319405 0.0206316 -0.0028492 0.2720095 0.7523861 0.4983590 0.3893729 0.7386594 0.8543846 0.1976291 0.8433263 0.7710712 0.1668983 0.1420376 0.0971429 0.1223052 0.6409167 0.7088089 -0.0135514 0.5529070 0.0052089 0.1477181 0.4798306 0.3832396 0.2635205 0.1196707 0.2499644 0.0687005 0.4801765 0.1665109 0.2437617 0.5134291 0.5419489 0.4579962 0.2175738 -0.3473710 0.1661176
0.0085485 -0.3025307 0.8742324 0.3261913 0.0000000 -0.1414448 -0.3728898 0.5418182 -0.1657866 0.1446677 0.3779834 -0.1429854 0.6801566 -0.2830113 -0.5241144 0.2961450 0.1939593 -0.2042110 0.3166850 0.8343757 -0.0322719 0.5354581 0.4120761 -0.5063939 0.2680656 0.2118090 0.2492067 -0.3624987 -0.3352858 -0.0867050 0.7303818 0.4242197 -0.6327080 -0.4737568 0.1399234 -0.2395120 0.3406608 0.5184881 -0.0780286 -0.2902428 0.6834899 -0.5762997 0.2650749 -0.6433969 -0.3764657 0.3496816 0.3040380 0.7018006 -0.4349708 0.4328786 0.3568966 0.1402553 -0.0748871 0.0630185 0.6168444 0.4335163 0.4572870 0.2550483 -0.2319662 0.4976858 -0.0944411 0.2818902 0.7467251 0.2194431 0.1426830 0.6511739 0.4929249 0.2285599 0.6645980 0.2878937 0.4304719 0.1681800 0.2717334 0.5439338 0.4841615 0.3270109 0.4006007 0.2024192 0.3423938 0.6686496 0.3908546 -0.2255515 -0.4808304 -0.4201554 -0.4994099 -0.5448027 -0.3989235 -0.1018189 -0.5987779 -0.7692752 -0.3924429 0.0873770 0.0623800 -0.0728618 -0.0460110 0.1940656 0.2162631 -0.1474626 -0.4198102 0.2070198 -0.7198428 -0.3848202 -0.3858690 -0.4022646 -0.0044723 -0.1265079 -0.3078309 -0.3427741 -0.2283534 -0.0322488 -0.3608783 -0.2876375 0.0718722 0.3006387 -0.0719094 -0.1571823 -0.0463485 0.0055850 -0.1089627 -0.2216480 -0.1818716 -0.2344497 -0.2894924 -0.1764459 -0.5164964 -0.2314132 -0.0818817 -0.5456365 -0.4892929 -0.1614948 -0.3591519 -0.5302395 -0.0896437 -0.1564554 -0.2624357 -0.4316506 -0.3193937 -0.1599271 -0.2183104 -0.2448706 -0.0084302 -0.0736697 0.4204817 -0.4102935 -0.2385173 -0.5373396 -0.0780527 -0.0840175 0.0697803 -0.4363004 -0.1329868 -0.1975601 0.3198319 -0.4440249 0.0281573 -0.2506048 0.1067348 -0.1790372 0.4870029 0.0600758 -0.0169685 0.0239269 -0.3787231 0.1362674 0.1719237 -0.2113926 -0.1982052 0.3017385 0.3925485 0.1936608 0.1947268 0.4414998 -0.0990331 -0.0659840 -0.2195601 0.0241149 0.1198340 0.3943748 0.0499436 0.0415248 0.1287145 -0.4391238 -0.5872862 -0.4934894 0.3380969 0.4461531 0.7784960 0.9138376 0.6965033 0.3326394 -0.3992101 0.4636617 0.4100569 -0.4114141 -0.3756810 -0.4016499 -0.3873835 -0.0475724 0.6471622 -0.2869051 0.4358964 0.1473128 -0.2613364 -0.2145308 0.5548771 0.4218007 -0.0053463 0.0804230 0.1023834 0.3733465 -0.3727350 -0.2492579 0.4363616 -0.0087366 0.3707365 0.4684676 -0.1805308 0.3901704
0.3657015 0.6419658 0.1703351 0.6005222 -0.1414448 0.0000000 0.3234131 0.2817245 0.6433914 0.4518926 0.4076181 0.8091646 0.1643551 0.4718690 0.4884633 0.2958937 0.3805334 0.1636634 0.3168745 0.0685462 0.8127666 0.0615007 0.0654786 0.6355613 0.2937562 0.1406114 0.2908431 0.0358597 0.7826560 -0.1447259 -0.0560439 0.1419774 0.2754172 0.5693097 -0.2019171 0.8715793 0.0535471 0.0329248 0.1092684 -0.0346341 -0.0348764 0.7191632 -0.0638437 -0.0698964 0.7373552 -0.0242567 -0.0593867 -0.0540794 0.2681250 -0.3245098 -0.1012224 -0.0679990 0.7170141 -0.1508474 -0.1952417 -0.1260534 0.0068649 0.0588477 -0.0882007 0.1404063 0.5721802 -0.0660518 -0.0669726 0.4490757 0.3310509 -0.0080282 0.0573362 0.0641832 -0.1361361 0.2550452 -0.0971686 0.6319307 0.1344345 0.4930777 -0.0466309 0.1566278 0.4053460 -0.0459867 0.2641303 0.2154049 0.0558331 0.0760141 -0.2307803 -0.0149111 0.0693015 0.1551888 0.2606106 -0.1510290 0.0800308 0.0388844 0.1110659 -0.0356915 0.2564663 -0.3323911 0.1019869 0.0143915 -0.4106140 0.0458953 0.0221306 -0.5108974 -0.0980081 -0.2131254 -0.1948492 -0.4852604 -0.0734410 0.2283668 -0.1070162 0.0068593 -0.1318989 -0.1175374 -0.0200690 0.1463690 -0.4173845 -0.3011454 -0.2171303 -0.2494667 -0.1145020 -0.2069520 -0.0390393 0.3185198 0.1489229 0.1072239 -0.3335156 0.3620816 0.3204361 0.0826966 0.2130712 -0.0757293 0.2769323 0.5253419 0.3176623 0.0910695 0.2785830 0.4537706 0.0168684 -0.1294745 0.3373455 -0.1658869 0.0973025 -0.1075463 -0.2735943 -0.2186507 0.1079849 0.3951238 -0.0042414 0.1682652 0.0039301 -0.0082709 -0.0857964 -0.3886432 -0.4225529 0.0931885 -0.3231300 -0.1621721 -0.0845730 0.4017712 -0.0895391 0.0273105 -0.1487108 -0.0866458 0.0849958 -0.1980567 0.2104746 0.2775750 -0.0775404 0.1820981 0.1196337 -0.2295407 0.1835399 0.0280734 -0.0591078 -0.0212229 -0.2552894 0.0596386 0.1184437 0.4011889 0.6085964 -0.0161145 0.8003721 0.4570827 -0.0175801 0.4422146 0.4794280 0.2452218 -0.2603874 0.4096832 -0.0600419 -0.1472383 0.1996187 0.5285824 0.3245860 0.4281139 0.5481779 0.3402556 0.3096482 0.3320019 0.4415000 0.8035060 0.1820349 0.1828570 0.1365719 -0.1915152 -0.0693112 0.6557894 0.0877817 -0.1809061 0.0753708 0.3249778 -0.1046525 -0.0279041 0.0780138 0.4750026 0.2820915 0.6589847 0.1487875 -0.0160909 -0.1464139 -0.1263438
0.2074477 0.5920945 -0.1830327 -0.2401205 -0.3728898 0.3234131 0.0000000 -0.3483649 0.3688104 -0.2953392 -0.3027782 0.3815827 -0.4358416 0.0817762 0.5484528 -0.2018202 -0.1750235 -0.2000036 -0.3071582 -0.1182001 0.3118288 -0.5101327 -0.3381927 0.2770891 -0.2956417 -0.3842385 -0.2269309 0.0836560 0.2780613 -0.0953410 -0.3948131 -0.2983942 0.2518121 0.0159517 -0.4790383 0.3642053 -0.4642559 -0.5162435 -0.3625440 -0.3789433 -0.5181381 0.3519354 -0.4515680 0.0412667 0.0749984 -0.5323488 -0.5446496 -0.5189766 0.1101281 -0.6145554 -0.5242975 -0.4414428 0.0472259 -0.4050802 -0.5508402 -0.5723619 -0.4790678 -0.2385285 0.0066431 -0.4965679 -0.1665960 -0.5317665 -0.4725119 -0.1783084 -0.1311598 -0.4328328 -0.6047796 -0.4255855 -0.5238402 -0.3916781 -0.4470307 -0.0943453 -0.5159168 -0.1003425 -0.5738986 -0.3657001 -0.3187631 -0.4541419 -0.3983869 -0.3913155 -0.3939483 0.1609638 0.3568632 0.3626118 0.5595227 0.3436172 0.1224487 -0.2403937 0.3578202 0.2517000 -0.0901882 -0.2747685 -0.4432933 -0.1798951 -0.0560402 -0.1161174 -0.3588249 -0.2662076 -0.0737262 -0.3553367 0.3558552 -0.0985873 0.1866189 0.1545016 -0.0041714 -0.0593337 0.2012659 0.3001203 0.0331941 0.1279931 0.0202326 0.2468987 0.0457435 0.1067891 0.3339510 0.1629512 0.1499648 0.3110278 0.2135004 0.2397560 0.0029256 0.1197677 -0.1034286 -0.1076656 0.1639063 0.0413817 -0.0900990 0.0839524 0.1646564 -0.1303302 -0.0906658 -0.0182881 -0.1930546 -0.2261543 0.0564711 -0.1115662 -0.1919883 -0.1058996 -0.2250458 -0.0780751 -0.1133423 -0.4059721 -0.3572227 0.0939134 -0.1811135 0.1346193 -0.2220879 -0.1714742 -0.1529376 -0.1495285 -0.1268428 -0.0734609 -0.4671149 0.0612922 -0.1552053 0.1421326 0.0100447 -0.1104148 -0.3290464 0.0755534 -0.0930072 -0.0244953 0.1665386 0.1488528 -0.3230840 0.0043007 0.0128958 -0.2609117 -0.1445191 -0.0570149 -0.2900045 -0.3138372 0.2635427 0.4161919 0.6409337 0.4525020 0.3704643 0.1752530 0.3827801 0.4901094 0.3434930 0.5383192 0.4830639 0.3084143 -0.2976155 -0.1825225 -0.3087220 -0.3142136 -0.2619611 -0.1295276 0.2795020 -0.2800788 0.1367779 0.1737462 0.2260657 0.2960463 0.3571358 0.3678238 -0.2645461 0.1388799 -0.3013099 -0.0394285 -0.2235864 0.2017253 -0.0005316 -0.2137218 0.0538388 0.2505427 -0.2758705 -0.2661440 -0.2879208 0.2099963 -0.0256664 0.1942173 0.0403831 -0.1881536 -0.0052364 -0.1658764
0.4020647 -0.1472346 0.6895455 0.8908315 0.5418182 0.2817245 -0.3483649 0.0000000 0.2989460 0.6471495 0.9046100 0.0970545 0.9519043 0.2676455 -0.2539121 0.8437806 0.6472778 0.2182522 0.9130153 0.5135070 0.2855454 0.7820909 0.7541581 -0.2761048 0.8329007 0.7157454 0.3696158 -0.4515701 -0.0054566 0.0170068 0.6802356 0.7085371 -0.4966259 -0.0036533 0.4968969 0.1462591 0.7036621 0.7834347 0.4958847 0.3095568 0.6659945 -0.1532098 0.6784608 -0.4954360 0.0903258 0.7732866 0.7234734 0.5959463 -0.1196487 0.5050679 0.6714859 0.6161164 0.4539330 0.4923572 0.6589434 0.7208892 0.7183839 0.6234629 0.3202331 0.6845462 0.5285265 0.7519923 0.6566042 0.7331744 0.5854616 0.6464381 0.7164692 0.6831265 0.6786852 0.7819308 0.6105053 0.6777629 0.7402333 0.8519575 0.6767214 0.7938480 0.8879611 0.5465125 0.8156996 0.8593224 0.6029295 0.2284296 -0.3516433 -0.1945713 -0.5268027 -0.2883762 0.0370340 -0.2498491 -0.1898987 -0.3656247 0.0667931 0.3419863 0.4005924 -0.1659928 0.4356050 0.6498659 0.0094437 -0.0899910 0.0210220 0.1120970 -0.4880597 -0.3056290 -0.2644010 -0.4376052 -0.1794815 0.4338381 -0.2249912 -0.2177192 -0.1734024 -0.0606526 -0.0977554 -0.0573274 0.0854141 0.0376288 -0.1651658 -0.1111023 -0.0178410 -0.2681567 -0.0033055 -0.0097520 -0.1284632 -0.1503975 -0.1594624 0.0271516 -0.2483735 -0.1431724 0.1263047 -0.4705337 -0.1594614 0.1276173 -0.1219395 -0.4308391 0.1740237 0.0393469 -0.3486772 -0.3703269 -0.1267877 -0.2891041 -0.1154191 -0.4568877 -0.2965323 -0.1535028 0.5215067 -0.0677156 -0.1979398 -0.2390299 -0.1231184 -0.1568630 -0.1577621 -0.4231470 -0.4746585 -0.1551749 0.0190730 -0.4158925 -0.2669616 0.0239762 -0.0576851 -0.2489801 0.3141669 -0.1478291 -0.1368798 -0.2695131 -0.2357708 0.0472811 -0.0650943 -0.1772358 -0.3065034 -0.0199437 0.1955790 -0.1355859 -0.1060443 0.1943346 -0.3620009 -0.0887032 -0.4195555 0.1242802 0.3954436 0.3766015 0.3304934 0.1787126 0.1200400 -0.1407507 -0.1514120 -0.1780022 0.5201690 0.7534223 0.6967230 0.6212967 0.8713450 0.7758153 -0.0498694 0.8081986 0.7508586 -0.1103537 -0.1065862 -0.1260506 -0.1031251 0.3669709 0.8364538 -0.1235053 0.6896812 0.1851452 0.2604140 0.3142066 0.5223273 0.4801865 0.0247097 0.1540816 0.1285072 0.6916951 0.1400055 0.0549137 0.5432261 0.2686342 0.3938403 0.3211321 -0.3837250 0.3319617
0.3512981 0.4347646 0.1152319 0.4291907 -0.1657866 0.6433914 0.3688104 0.2989460 0.0000000 0.6114651 0.4847714 0.3233932 0.2171505 0.6662692 0.6328309 0.5102368 0.5261899 0.4621038 0.3868628 0.0270818 0.3423229 0.2240997 0.3962394 0.2288640 0.4599410 0.4625732 0.3769924 -0.1107655 0.3289632 0.1838841 0.0456725 0.3789054 -0.0264971 0.2649599 0.1716755 0.4030593 0.3551927 0.1307020 0.2545895 0.2933244 0.0927725 0.3839107 0.2690462 0.0332355 0.4513118 0.2091485 0.1796059 -0.0038542 0.5395919 -0.0326913 0.1993193 0.3407855 0.6476783 0.2771593 0.0231506 0.0938556 0.2168836 0.4533964 0.3366351 0.2506077 0.5824048 0.3073847 0.0171546 0.6160090 0.5729900 0.0953702 0.0754706 0.3443785 -0.0299041 0.4653311 0.0526377 0.6609529 0.3381230 0.5413434 -0.1242918 0.4785612 0.5159417 0.1245669 0.5313318 0.3132883 0.2803984 0.0637005 -0.0457771 -0.1331447 0.0691358 0.1930101 0.1829835 0.0477505 0.0751310 0.2103572 0.0608982 -0.1018728 0.0203984 -0.0349059 0.1389835 -0.0501441 -0.3931662 -0.0424170 0.2369401 -0.2095570 -0.0447860 -0.1213304 -0.1268361 -0.2375977 -0.3062050 0.1728948 -0.2375318 -0.0993906 -0.2120801 -0.4330969 -0.1134918 -0.2202945 -0.0850236 -0.2900126 -0.3466181 -0.1938126 -0.2281871 -0.3657081 -0.1976160 -0.0211896 -0.0256709 0.2720756 -0.1143961 0.0644399 -0.0809692 0.0225764 0.4191982 -0.1289374 0.0254464 0.3868188 0.2274716 -0.0821894 0.2054136 0.2495568 -0.3895929 -0.1590650 0.0668072 -0.2744395 -0.1033065 -0.5098129 -0.5146164 -0.5625340 -0.3268552 0.0957412 -0.1765345 -0.1205207 -0.2594482 -0.3121525 -0.4328678 -0.4432817 -0.5544824 -0.1804510 -0.5278155 -0.3589824 -0.3879232 -0.0349922 -0.2785873 -0.3310899 -0.3259934 -0.3392512 -0.1566603 -0.5242540 -0.2362554 -0.2040361 -0.2535577 -0.2032898 -0.0456223 -0.2834102 -0.1153127 -0.3762487 -0.3661550 -0.1714475 0.0172350 -0.0905333 0.0285870 0.0057304 0.1374662 -0.1742924 0.2687282 0.0949735 -0.0815575 0.1237082 0.3872462 0.0310490 0.1635436 0.5093444 0.0852487 -0.0130340 0.2983918 0.3849245 -0.0057421 0.2841521 0.3705657 -0.0557047 0.0993398 -0.0282594 0.1855669 0.4312581 0.2362601 0.1267642 0.3663972 -0.1893528 0.2590494 0.4140700 0.0757388 0.3064444 -0.1464311 0.2928999 -0.0308951 0.1107179 0.0438009 0.2819186 0.3928468 0.3036912 -0.0068199 0.1644276 0.0864608 -0.0090204
0.1473627 0.0595273 0.2796913 0.7157961 0.1446677 0.4518926 -0.2953392 0.6471495 0.6114651 0.0000000 0.8168867 0.1167246 0.5675132 0.6687210 0.0336380 0.6589725 0.8081069 0.3945413 0.5890193 0.0555856 0.2296503 0.4392639 0.6826602 -0.0348745 0.5122756 0.6780642 0.7228669 -0.3999693 0.1420038 0.1965300 0.2111320 0.3626318 -0.3976023 0.1909955 0.6087584 0.2199884 0.5495206 0.3488379 0.5008451 0.4855251 0.2963692 0.1458844 0.5839856 -0.2169777 0.4349888 0.4424865 0.4758047 0.2082368 0.4423095 0.3372069 0.4846906 0.5310095 0.7865447 0.5729235 0.2710817 0.3410915 0.4024968 0.7199388 0.4733262 0.4627522 0.8374256 0.6639653 0.1738629 0.9021905 0.8118537 0.2209361 0.4865434 0.8366852 0.2078101 0.8076835 0.2394192 0.9093378 0.7605927 0.7413784 0.2284784 0.8187377 0.7945828 0.2966318 0.8038846 0.5298172 0.4681483 0.0406993 -0.3025674 -0.3387289 -0.3483738 -0.1565127 -0.1321415 0.0457940 -0.2511426 -0.0645920 -0.0999001 -0.1578843 0.2610221 0.1158286 0.2977319 0.0892737 -0.1124562 -0.0223200 0.2753207 0.1107246 -0.2025927 -0.2203791 -0.1425855 -0.2536503 -0.0984002 0.4300099 -0.2795768 -0.1989554 -0.1189719 -0.3557433 0.0414877 -0.2039232 -0.1485173 -0.3497273 -0.5716297 -0.3849339 -0.4856966 -0.7053360 -0.4394901 0.0174780 -0.0610300 -0.0953305 -0.0532649 0.0599044 0.0783609 0.0140165 0.3247670 -0.1201829 0.0829417 0.3902189 0.2998803 0.0431156 0.3118334 0.4946110 -0.2128083 -0.0712917 0.2028805 -0.1351682 0.1119429 -0.3557183 -0.2353591 -0.0910843 0.2645276 0.1798948 -0.0075744 -0.1483398 0.1199189 0.0094236 0.0835054 -0.1301289 -0.4518885 0.1433654 0.0738766 -0.2218514 -0.1093769 0.0735340 -0.1860595 -0.0453704 0.2341831 -0.4975057 0.1927681 -0.2379903 -0.2591539 -0.2730517 0.3080174 0.0010492 0.1960408 0.2035575 0.2367655 -0.0107535 0.2481073 0.4080387 -0.2566180 -0.1274024 -0.1693130 0.0497275 0.1615952 0.0299262 0.1457143 -0.1764942 -0.3348825 -0.1166878 0.1752658 0.1126090 0.2707436 0.7190452 0.4018118 0.1686357 0.5865218 0.7571566 0.0035557 0.6189618 0.4229248 0.2101948 0.1219057 0.0401331 0.1365668 0.3948076 0.4779158 0.0565538 0.3332317 -0.0598341 0.3033939 0.3120542 -0.0099331 0.3321912 -0.1440383 -0.0541886 -0.1382607 0.3425703 0.2388246 0.2407241 0.2377747 0.3606597 0.0555230 -0.0442472 0.0154057 0.1443280
0.4541256 -0.0336943 0.5489980 0.8982705 0.3779834 0.4076181 -0.3027782 0.9046100 0.4847714 0.8168867 0.0000000 0.1600393 0.8558836 0.5048230 -0.1122479 0.8617701 0.8042165 0.3223002 0.8341554 0.3301687 0.3349270 0.6399608 0.8359139 -0.1645893 0.7511605 0.8249365 0.5779850 -0.4595395 0.1245654 0.1758136 0.4299485 0.6132712 -0.4632105 0.1511447 0.5631823 0.2492175 0.7733077 0.6294331 0.6231455 0.4429361 0.4863774 0.0226832 0.7462136 -0.4905686 0.2883693 0.6717691 0.7020955 0.4352353 0.1020800 0.4333854 0.6576981 0.6802664 0.6768180 0.5755529 0.5366144 0.6077956 0.6885068 0.7249920 0.3811303 0.6705475 0.7488314 0.7659509 0.4957936 0.8972137 0.7821727 0.5558536 0.6518352 0.8117107 0.5477062 0.9006313 0.5136242 0.8761838 0.8121855 0.8649252 0.5006981 0.8856283 0.9533495 0.4570210 0.8607948 0.7677442 0.5598817 0.2550846 -0.3257134 -0.2028207 -0.4732760 -0.1188874 0.0875464 -0.0548803 -0.1078615 -0.1213778 0.1027403 0.1858272 0.3982019 -0.0170297 0.4409043 0.4983258 -0.0136734 0.0255433 0.2419499 0.1107618 -0.3328224 -0.2062021 -0.1953335 -0.4116752 -0.0518728 0.5274218 -0.2293264 -0.2181427 -0.0703042 -0.1864697 0.0366291 -0.0966957 -0.1069717 -0.1218307 -0.3580506 -0.2880978 -0.2095473 -0.4086715 -0.2425474 0.0532511 -0.0035869 -0.1545001 -0.2899907 -0.0664177 -0.0660026 0.0714782 0.1178521 -0.3743984 0.0572215 0.1447290 0.0832373 -0.1930734 0.0906477 0.2572448 -0.2332045 -0.1964516 0.0732094 -0.1077403 0.0455925 -0.4385032 -0.3176682 -0.1263928 0.4558803 0.1126562 -0.0129627 -0.1990096 0.0142993 -0.0442145 -0.0372674 -0.3299816 -0.4514479 0.0455166 0.0451358 -0.3225240 -0.3782565 0.0881317 -0.0971290 -0.1308720 0.2107713 -0.2349491 -0.1825044 -0.2095976 -0.1918643 -0.0476921 -0.0194214 -0.0120819 -0.0880361 -0.0232019 0.2075432 -0.0546353 -0.0376424 0.1924725 -0.2971049 -0.0377040 -0.3012583 0.1517236 0.3517960 0.2400072 0.3171988 0.0460942 -0.0885297 -0.1166556 -0.0122667 -0.0084143 0.4815537 0.8443406 0.6645225 0.4372583 0.8140272 0.8731711 -0.0329596 0.8289357 0.6694238 0.0126554 0.0847774 -0.0129606 -0.0093083 0.4202884 0.7162877 0.0693621 0.6086044 0.1433473 0.3408909 0.3538449 0.3051674 0.4916329 0.0773131 0.0944313 -0.0304534 0.5546848 0.2174756 0.2638191 0.4900748 0.3834231 0.3827736 0.1487686 -0.3134648 0.2916838
0.2973445 0.5888239 0.1345283 0.3975497 -0.1429854 0.8091646 0.3815827 0.0970545 0.3233932 0.1167246 0.1600393 0.0000000 -0.0080254 0.2456506 0.5615356 0.1819448 -0.0039776 0.1587862 0.2060265 0.1880847 0.9239007 -0.0097268 -0.1691216 0.7775589 0.1437730 -0.0379333 0.0633481 0.3440453 0.9147639 0.0694920 -0.0700713 0.0590599 0.4849358 0.6372069 -0.3692740 0.9030927 -0.0519738 -0.0353116 -0.1793635 -0.2435675 -0.0725145 0.7935288 -0.2535426 -0.1080481 0.7451242 -0.0790774 -0.1272538 -0.0399942 -0.0584257 -0.3971406 -0.1451011 -0.3041185 0.5612983 -0.4739045 -0.1796936 -0.1766747 -0.0378027 -0.3557994 -0.1348880 0.0848818 0.4287998 -0.2506894 -0.0772424 0.1155149 0.1779688 0.0010876 0.0529689 -0.1664563 -0.1808368 -0.0230530 -0.0295381 0.3637457 0.0721280 0.3235553 -0.0066905 -0.0530654 0.2250839 -0.0366665 0.0543877 0.1426590 -0.0512041 -0.0666685 -0.3174899 -0.1167736 -0.0587484 -0.0282754 0.1361816 -0.2028325 0.0215630 -0.0215340 -0.0400875 -0.1708857 -0.0135121 -0.2949198 0.0054353 0.0812045 -0.5753529 -0.1450463 -0.2627319 -0.3470687 -0.1996513 -0.4252880 -0.4290976 -0.2853745 -0.2201272 -0.0501620 -0.2786607 -0.1773672 -0.3814458 -0.0856503 -0.2625104 0.0136458 -0.2945028 -0.0829970 0.0773964 0.0288919 0.1056879 0.1069785 0.2345186 0.1981910 -0.0340082 0.1766008 -0.5677391 0.4293549 0.3469262 -0.1413306 0.1388857 -0.1170499 0.1298279 0.5004328 0.2075446 0.1258885 0.1770441 0.4595418 0.0554972 -0.2839098 0.1780215 -0.2778386 -0.0327018 -0.1314753 -0.2526743 -0.2467624 0.1071268 0.2124496 -0.0863037 0.0250223 -0.0282268 -0.0070962 -0.0364764 -0.3994671 -0.4208501 -0.0035294 -0.1993961 -0.0991961 -0.0211997 0.2567442 -0.2043940 0.0212826 -0.1508193 -0.0882713 0.1106689 -0.1340162 0.1340745 0.2409654 -0.0203269 0.1335861 -0.0490522 -0.1956374 0.1963895 0.0485562 -0.0834991 -0.0130026 -0.4559491 -0.0760843 0.1481631 0.5127073 0.6662124 0.0123138 0.8146867 0.4245075 -0.0144688 0.3576549 0.3835228 0.2798346 -0.3271848 0.3013149 0.0033463 -0.0799246 0.1356504 0.3919191 0.1782609 0.3677845 0.5488006 0.2500535 0.1115748 0.1623266 0.1731175 0.7513585 0.1079940 -0.1206643 -0.0929311 -0.3365763 -0.2911195 0.4092836 0.1393012 -0.2505886 -0.0690842 0.4313748 -0.0380624 -0.2985822 -0.1240324 0.1850280 0.2733914 0.5845441 0.1559406 0.0930693 -0.1105913 -0.0097509
0.3701476 -0.1772858 0.7856962 0.7938717 0.6801566 0.1643551 -0.4358416 0.9519043 0.2171505 0.5675132 0.8558836 -0.0080254 0.0000000 0.1757109 -0.2989773 0.7929977 0.6112577 0.2013662 0.8480089 0.6518083 0.1857293 0.8089368 0.7526014 -0.3644098 0.7856971 0.6797601 0.4084665 -0.4223110 -0.0920683 0.0763630 0.7676102 0.7089528 -0.5502609 -0.1132656 0.4385998 0.0504623 0.7280746 0.8106660 0.4451248 0.2326157 0.7409109 -0.2467569 0.6467369 -0.5472924 -0.0215064 0.7634374 0.7199033 0.6799874 -0.2140693 0.5746285 0.6639355 0.6022849 0.3159331 0.4798038 0.7419476 0.7560391 0.7558370 0.6333839 0.2436809 0.6980713 0.4312713 0.7376673 0.7643255 0.6793086 0.5572482 0.7218140 0.7165656 0.6390183 0.7617296 0.7608743 0.6503072 0.6019335 0.6852605 0.8349334 0.6889981 0.7629069 0.8562775 0.5590123 0.7784928 0.8886279 0.6665021 0.2106363 -0.3234874 -0.2510545 -0.5978953 -0.2781693 0.0581620 -0.2573137 -0.2564090 -0.4062949 0.1035226 0.4129515 0.4301593 -0.1995820 0.3983572 0.6389566 0.1701740 0.0308616 0.0594571 0.1622188 -0.5343514 -0.2043915 -0.2398980 -0.5040522 -0.0795076 0.3982034 -0.2091513 -0.2207395 -0.1011306 -0.0818196 -0.0585346 -0.1165760 0.0449276 0.0500484 -0.2496024 -0.2088167 -0.0197254 -0.2465670 -0.0498584 -0.0716556 -0.0256290 -0.1123927 -0.2117749 -0.0220666 -0.3178524 -0.0447066 0.1580407 -0.4912101 -0.1654364 0.1075603 -0.0252209 -0.4100687 0.1824725 -0.0090586 -0.2873141 -0.3165808 -0.0332096 -0.1232849 0.0067064 -0.3562617 -0.2374130 -0.0516919 0.4638290 -0.0566974 -0.0681492 -0.2469008 -0.0003455 -0.0430880 -0.1533444 -0.4110442 -0.3267822 -0.0926870 0.1237528 -0.4552125 -0.1791688 -0.0026539 -0.0263984 -0.1513498 0.3102825 -0.0191609 -0.2001272 -0.2012416 -0.2339395 0.0683399 -0.0340385 -0.1101401 -0.2689989 -0.0403068 0.1666079 -0.1021889 -0.0938639 0.1647094 -0.2739138 -0.1369367 -0.4494439 0.0199536 0.2510501 0.3159410 0.2235957 0.1339141 0.1378536 -0.1675886 -0.2141403 -0.2077285 0.6275030 0.7690073 0.7873579 0.7442101 0.9222831 0.7041024 -0.1516382 0.7683609 0.6735163 -0.2715570 -0.1397487 -0.2111920 -0.1598299 0.2029370 0.8636412 -0.0504093 0.7692245 0.1907538 0.2772639 0.2649848 0.5737694 0.6168894 0.1345794 0.1078375 0.2159776 0.7419891 0.1626073 0.0762014 0.6266043 0.2061281 0.4544424 0.3968747 -0.2643557 0.3898478
0.1791414 0.1913366 -0.0845385 0.4185061 -0.2830113 0.4718690 0.0817762 0.2676455 0.6662692 0.6687210 0.5048230 0.2456506 0.1757109 0.0000000 0.3619325 0.3667484 0.7518160 0.5123292 0.3271156 -0.2708839 0.3777435 0.0203201 0.4253096 0.2910104 0.3240769 0.5388451 0.7155688 -0.0787469 0.3994967 0.5297883 -0.1948637 0.2540471 0.0710723 0.5180883 0.5183729 0.4109970 0.3716648 0.0336727 0.6374681 0.6860650 -0.1125326 0.4671326 0.4254910 0.1119392 0.6517122 0.2121620 0.1934072 -0.1257767 0.7186911 0.0022422 0.1864743 0.5582749 0.7630910 0.5322255 -0.0609898 0.0268542 0.1135513 0.5491095 0.3275887 0.1714690 0.7461334 0.4402703 -0.2087012 0.6643035 0.5707196 -0.0930819 0.0711478 0.5710628 -0.2053092 0.6044301 -0.0847002 0.6446217 0.4726269 0.3822009 -0.2456861 0.5745246 0.5067584 -0.0244664 0.4399368 0.1475193 0.0634932 0.3372912 0.1321956 0.1240891 0.1743089 0.2831813 0.1100481 0.0332993 0.3081121 0.3863399 0.0111501 -0.2839003 0.1026833 0.3101228 0.5719170 0.1563085 -0.3097852 -0.0113766 0.5248913 0.1257308 0.1480254 -0.0798388 0.0815060 0.0665364 -0.0777277 0.5550932 0.0555424 0.1255688 0.0061584 0.0146644 0.1858428 0.0575779 0.0922216 -0.0430491 -0.1187655 0.0008125 -0.0156037 -0.2342915 -0.0159421 0.2497921 0.2408758 0.2467014 -0.0079439 0.1913304 0.2705474 0.2497280 0.2721386 0.2757580 0.3216135 0.3366598 0.4292056 0.3523484 0.1936924 0.4732252 -0.0390903 0.1240614 0.3884203 0.0123334 0.2670046 -0.2425822 -0.3974835 -0.0428639 0.0741571 0.3118110 0.1950663 0.1240524 0.1757515 0.1504249 0.1074455 -0.0085540 -0.3787447 0.1688653 0.0003257 -0.0336551 -0.2157221 0.1839691 -0.0697256 0.1146819 -0.1542402 -0.4540662 0.1231027 -0.1959794 -0.0051296 -0.2677231 0.1594552 0.1312192 0.4045340 -0.1205709 -0.0742955 -0.1281509 0.0826069 0.0074943 -0.3227279 -0.0551492 -0.0061697 0.2157649 0.2448002 -0.0936722 0.1985816 -0.1499875 -0.3498621 0.0871193 0.3888632 0.3369910 -0.0834038 0.3833170 0.0364173 -0.2090713 0.2278456 0.5343381 0.1625929 0.4880281 0.3398213 0.2323910 0.3961326 0.2751026 0.3135772 0.4428387 0.0129857 0.2847837 0.0104910 -0.0013296 0.5217845 0.4583250 -0.0858437 0.0095667 -0.0025518 -0.1343971 -0.4557893 0.0082341 0.3944332 0.2697485 -0.0498804 0.2581523 0.0964943 -0.2953912 0.2751555 0.1349614
0.1167972 0.5486519 -0.3041724 -0.0983210 -0.5241144 0.4884633 0.5484528 -0.2539121 0.6328309 0.0336380 -0.1122479 0.5615356 -0.2989773 0.3619325 0.0000000 0.1562787 -0.1306868 0.4477951 0.0523419 -0.0797774 0.3930727 -0.0823984 -0.2342296 0.6602011 0.1329383 -0.0220032 -0.0176957 0.5947941 0.6123827 0.3802074 -0.1937390 0.0401337 0.5944976 0.4624168 -0.3296965 0.5031960 -0.0571630 -0.1864158 -0.2231785 0.0103144 -0.1799709 0.7221695 -0.2738490 0.3707793 0.5583009 -0.1007802 -0.1418012 -0.2486292 0.2246522 -0.3606654 -0.1809071 -0.1420490 0.2902983 -0.2690748 -0.2780483 -0.2160694 -0.1161180 -0.2282982 0.2032523 -0.1463723 0.2932372 -0.2066679 -0.2890276 -0.0507826 0.1691425 -0.2100882 -0.2669941 -0.2333293 -0.3821125 -0.1555029 -0.1201712 0.1366180 -0.0769244 -0.0013397 -0.2942397 -0.1195028 -0.0263936 -0.0084499 0.0020281 -0.1308668 0.0044504 -0.0882403 0.0737662 -0.1320189 0.1258807 0.2824318 0.3279184 0.0486423 0.1585478 0.3881504 0.1887277 -0.1411540 -0.0855254 -0.1165996 -0.1491443 -0.1244280 -0.4943023 0.1057406 0.0827731 -0.2418604 0.1288583 0.0102362 -0.1646643 0.0280404 -0.3512488 -0.1931141 -0.2635328 -0.1197578 -0.3227873 -0.4314680 -0.1985244 -0.2598666 -0.1007168 -0.2711908 -0.0988045 0.0099690 -0.0062373 -0.0268417 0.1133268 -0.1728371 -0.0752666 0.4742525 -0.1370582 0.3605500 0.0771888 -0.0768537 0.4292702 0.1698855 0.0215580 0.5153574 0.3834163 0.2097197 0.2414101 0.3518500 -0.2033959 -0.0938460 0.1843923 -0.1644013 -0.0127885 -0.1799682 -0.3383317 -0.4080814 -0.6717153 0.1162070 -0.0064073 0.0081676 -0.1278512 -0.1528116 -0.5201810 -0.2325011 -0.3227586 -0.1146584 -0.4360231 -0.1468915 -0.0870270 -0.0299371 -0.4847082 -0.0757956 -0.6790116 -0.2214642 -0.0460926 -0.3835013 -0.0629450 -0.2476561 -0.1888380 -0.0258353 -0.1367346 -0.5249924 -0.3637072 -0.4431263 -0.4544466 -0.4454595 -0.0433620 -0.2475787 0.1424151 0.0112663 -0.0013935 -0.4754025 0.1887537 0.0401809 -0.1380429 0.2869052 0.5536431 0.2042424 -0.0630381 0.1027784 -0.2375535 -0.3122833 -0.1533183 -0.0971055 -0.0860504 -0.1410797 0.0710779 -0.1245708 -0.0457672 -0.1007475 0.0618460 0.2299046 -0.1720166 -0.0017498 -0.0023887 -0.4132241 0.1130722 0.2601347 -0.1354204 0.0402808 -0.2743964 0.3631243 0.1473782 -0.3253529 0.0467757 0.1192333 0.2052631 0.1235537 -0.3177080 0.1598124 0.2596427 -0.0704002
0.3586587 0.0089616 0.4724691 0.7490146 0.2961450 0.2958937 -0.2018202 0.8437806 0.5102368 0.6589725 0.8617701 0.1819448 0.7929977 0.3667484 0.1562787 0.0000000 0.5210449 0.4267265 0.9237478 0.4309302 0.2528610 0.7614817 0.7629219 -0.1534377 0.8732080 0.8214730 0.3419200 -0.1636295 0.0908557 0.3182340 0.5477245 0.7062976 -0.3376742 0.0663105 0.4621277 0.1574647 0.7854948 0.6987023 0.4143946 0.4052681 0.5677217 0.0313025 0.7049780 -0.3167233 0.2109074 0.7764385 0.8131822 0.4735433 -0.0762537 0.4605321 0.7334697 0.6444797 0.4808881 0.4814179 0.6074144 0.6950091 0.7636116 0.5965674 0.5434256 0.6465273 0.6410753 0.7322999 0.5222414 0.6867890 0.7213202 0.6045254 0.6262236 0.6724680 0.5720563 0.7484862 0.6399670 0.6952959 0.7799438 0.7799187 0.6100487 0.8004213 0.8685127 0.6118663 0.8441165 0.7587047 0.6402296 0.1108218 -0.3831029 -0.3503531 -0.6336568 -0.1830926 0.1813956 -0.0093646 -0.1521821 -0.1061089 0.2048697 0.2374140 0.3406259 -0.1230648 0.2613314 0.5260782 -0.1425622 0.0106108 0.1123682 0.0459991 -0.3989457 -0.2204427 -0.3528549 -0.3539177 -0.3069001 0.2842080 -0.4439205 -0.4053001 -0.3092327 -0.4235944 -0.1823836 -0.3034835 -0.0113261 -0.1834579 -0.2945150 -0.1857236 -0.1810040 -0.3792861 -0.1325831 -0.1993086 -0.2709816 -0.0351480 -0.1787693 0.0471455 -0.2293450 -0.1686689 0.2216010 -0.3559278 -0.1791230 0.2128782 -0.0106313 -0.2796961 0.1198167 0.2505236 -0.4306188 -0.3306862 -0.0987937 -0.2925810 -0.1314290 -0.5333184 -0.3435431 -0.2792168 0.1839867 -0.0761107 -0.1567876 -0.3403270 -0.1595054 -0.2067644 -0.3674338 -0.3521616 -0.4862758 -0.1581631 -0.0709297 -0.3360465 -0.3345535 -0.0804511 -0.2673369 -0.2747526 0.0212902 -0.2395709 -0.1614784 -0.3145039 -0.3342219 -0.1550389 -0.0906983 -0.1969911 -0.4054863 -0.1954660 0.0426891 -0.2919496 -0.3067154 0.0230526 -0.3096371 -0.1454383 -0.3029455 0.0727331 0.2186328 0.1643358 0.1999495 0.0285573 0.0077266 -0.1865190 -0.0381275 -0.1530799 0.5919458 0.8234394 0.6780346 0.4919511 0.7713961 0.6582975 -0.1851394 0.6352549 0.6096051 -0.1850103 -0.1725531 -0.2478466 -0.2415044 0.2705862 0.7088997 -0.1646339 0.6961809 0.0569364 0.3960114 0.2380485 0.2986028 0.5883540 -0.1850678 0.3208011 0.2428622 0.5581749 0.1980180 0.0237173 0.5906156 0.2187148 0.1336223 0.4257659 -0.2790491 0.4147163
0.3947207 -0.0319863 0.3520838 0.6720656 0.1939593 0.3805334 -0.1750235 0.6472778 0.5261899 0.8081069 0.8042165 -0.0039776 0.6112577 0.7518160 -0.1306868 0.5210449 0.0000000 0.1582579 0.5071136 0.0385422 0.2675496 0.2298038 0.7173581 -0.1322175 0.4314768 0.6054326 0.8113801 -0.5704643 0.0940102 0.1554776 0.1155759 0.2970591 -0.3851012 0.1952160 0.5722013 0.2291623 0.4692884 0.2381754 0.7288243 0.5174175 0.1264833 0.0684220 0.6093246 -0.3657172 0.3099855 0.3318252 0.3209575 0.0648387 0.4942493 0.1458216 0.2918207 0.6354033 0.6811882 0.6106895 0.1457387 0.2220475 0.2637358 0.8174307 0.2449845 0.3040163 0.6548463 0.5942303 0.1193719 0.9003479 0.6094670 0.1219998 0.2746221 0.7971779 0.1355514 0.8468996 0.0361915 0.7959991 0.5544166 0.6726658 0.0098404 0.7785815 0.7269876 0.0187792 0.5945356 0.4273220 0.1871531 0.4403226 -0.0168054 0.0505951 -0.0654789 0.0728196 -0.0047206 -0.0404531 0.0333617 0.0093403 -0.0284964 -0.0196332 0.3467582 0.1814609 0.6092697 0.3492421 0.1437585 0.0832457 0.5252424 0.1866559 0.0100832 -0.0744953 0.1053888 -0.1719282 0.2368592 0.7359168 0.1069371 0.0674293 0.2238839 0.0585227 0.3294649 0.1421919 -0.0751848 -0.1150240 -0.3358880 -0.3366539 -0.1873160 -0.3592140 -0.2643330 0.2721617 0.2738381 -0.1608764 -0.0617766 -0.1632627 0.0569018 0.3117147 0.0193633 0.0306130 0.2873805 0.0410776 0.2356765 0.1097122 0.0526731 0.2768752 0.0130702 0.1644512 0.3247103 0.1305975 0.3357486 -0.2474887 -0.1478891 0.0754672 0.3791105 0.3609452 0.2289943 0.1170573 0.2713759 0.2306604 0.2001058 -0.0805665 -0.2962956 0.2680471 0.1276809 -0.1616728 -0.2174494 0.2856513 0.0305717 0.1305614 0.1102311 -0.2633001 -0.0249226 -0.1034404 0.0454237 -0.0955195 0.1400679 0.2020709 0.3858469 -0.0034138 0.0241981 -0.0149221 0.1999097 0.1379456 -0.2058675 0.0920201 -0.1606767 0.1779092 0.3119778 0.1983674 0.2252345 -0.0537963 -0.2153443 0.0045655 0.1292807 0.2026421 0.1941558 0.5443593 0.3309097 0.1358593 0.5855196 0.7864924 0.1617575 0.6561063 0.5030048 0.1822138 0.3532087 0.2687801 0.3524826 0.4245767 0.3406595 0.3556229 0.3109173 0.2984383 0.4879648 0.5082792 0.2417616 0.2311621 0.2668043 -0.1971464 -0.4290468 0.4514746 0.3773086 0.4338909 0.1663208 0.3829955 0.4283299 -0.2033731 -0.0621707 0.1636008
