0.0000000 0.4341256 0.4283619 0.5189778 0.2225309 0.3412156 0.1192579 0.3465758 0.1734998 0.0782264 0.1030964 0.0679102 -0.0883128 -0.3601235 0.1085497 0.0083307 -0.0869889 -0.2133125 0.5321434 0.1200841 0.1555571 0.3647964 -0.1139838 0.1023416 0.2223291 -0.0863982 -0.3455852 -0.5752390 0.1405461 -0.5459556 0.3740203 -0.1047296 0.1387471 0.1743575 -0.0207430 0.3786167 -0.0934739 0.2238367 0.1915223 -0.1456623 0.4633616 0.2889343 -0.1175668 -0.0373728 0.2744863 0.4706848 0.0971264 0.1917700 0.3582743 0.1553616 -0.0852030 0.1372706 0.2570048 0.2611565 0.2765087 0.3699186 0.1032615 0.4436656 -0.1792643 -0.0969323 0.1592281 -0.0232218 0.3420550 0.2685928 0.1506289 0.0228282 -0.0025550 -0.0799627 0.2930555 0.1508781 -0.0544165 0.0246333 -0.0229758 0.0449032 0.1400652 0.2110225 0.0784546 -0.0432000 0.3920401 0.5013779 0.2205715 0.3028865 0.0057192 -0.2998309 0.1813986 0.0549574 -0.1747776 0.3643009 0.1520957 -0.2486506 -0.2828841 -0.2589609 -0.1579846 0.6326431 0.2764714 -0.2601658 -0.5596184 -0.2638920 -0.0503082 0.4669978 -0.1144205 0.3122656 0.0709868 -0.0165081 -0.2688313 -0.1560450 0.1815731 -0.0180061 0.3135018 0.1649703 -0.1355201 0.0457586 -0.0394850 -0.0185529 0.1423194 -0.0338091 0.0216955 -0.0850736 0.3392228 -0.0842912 -0.1378978 -0.0701222 0.2078576 0.0886689 -0.1863384 0.2481016 -0.0249757 0.0154574 0.0184362 0.1960111 -0.1565583 0.1634994 -0.0603051 0.3511206 0.3895129 -0.0653643 0.2151721 0.0830548 0.0694987 0.2073230 -0.0773634 0.1478654 0.1703158 0.0999902 0.2404260 -0.2134312 -0.0928793 -0.1328551 0.2600513 0.1215237 0.1095016 0.1163978 -0.1181377 -0.2643713 0.1411222 -0.1749269 0.5718668 -0.2654032 0.4004797 -0.1628817 -0.1479124 -0.1886166 -0.3973866 0.1317148 -0.2300434 0.0259049 -0.0666484 0.4507098 0.2829901 0.0400358 0.2484676 0.2349857 0.5699512 0.6787264 0.5659298 0.1667192 0.1251223 0.3994561 0.3118454 0.3263405 0.3950195 0.3757457 0.1854505 0.3437993 -0.2109044 0.1475918 0.1451873 0.0769811 0.2242469 0.3265712 0.0754893 0.3375889 0.4551568 0.1701416 0.2811401 0.3528706 0.1417657 0.0735927 0.2805072 0.2982372 -0.0837406 -0.0953210 0.1132143 0.2784540 -0.2827961 0.2740347 0.0882803 0.4513604 -0.1853135 -0.0283015 -0.1467300 0.2735257 -0.1422904 0.5051064 0.2805089 -0.3315609 0.0917730 0.0624545
0.4341256 0.0000000 0.0612071 0.4103182 0.0669832 0.0299727 0.2773661 0.4826643 -0.2562285 -0.2260054 0.5868563 -0.1275678 0.0131943 -0.3852182 -0.1653882 0.4759386 0.2060718 -0.2380830 0.4273863 0.3475176 -0.0976140 0.2892147 0.2851111 -0.5525732 0.3706990 0.0025886 0.0944187 -0.4327827 -0.0620462 -0.0378062 0.3134223 0.0328173 -0.5599861 -0.4754823 0.3440471 0.6276688 0.0944975 0.2439419 -0.0330396 -0.2292406 0.4031348 0.3441317 0.3650627 -0.3439967 -0.0220455 0.6478897 0.3416125 0.1707170 -0.3245316 0.3378675 0.2957967 0.4772039 -0.3374507 0.7064659 0.5214684 0.7536892 0.4186538 0.2089891 -0.1560558 0.3963386 0.2734764 0.5817561 0.5908647 0.0626642 0.1570622 0.2036061 0.4130531 0.3887027 0.5764368 0.5457295 0.1683298 0.1871107 0.4672918 0.4312797 0.3857739 0.4659722 0.4482130 -0.0683688 0.5224923 0.3815993 0.3406189 0.1069454 0.1162193 -0.3130577 0.4347481 0.3259285 -0.2448613 0.0542977 0.1808764 -0.2988825 -0.3323939 -0.4846379 0.2681297 0.2257002 0.0398599 -0.3083462 -0.3814588 -0.1242046 -0.2405308 0.5839455 -0.4385858 0.5606765 0.5067108 -0.1548014 -0.2163363 -0.1618533 0.4379896 0.1283967 0.4712186 0.3843237 -0.2428384 0.2589363 -0.1852439 -0.0549921 -0.0888166 -0.2888706 -0.5238118 -0.0702002 0.3505604 0.2082925 -0.3260540 -0.6993433 0.2971357 0.2743102 0.0407635 0.6185790 -0.1897174 -0.0405170 0.5504786 -0.0995676 0.1683526 0.5716815 -0.0611645 0.0500075 0.3437427 -0.0242368 0.2565886 0.5554623 0.5429111 0.3343061 0.0756630 0.1600008 -0.0090730 0.1545320 0.5453034 -0.1416081 -0.0215962 -0.5089631 0.0562369 -0.2427302 -0.2903841 0.1348424 -0.1384922 -0.1757326 -0.2381766 -0.1686721 0.1367494 -0.3437447 0.1108274 -0.0765067 -0.4131669 -0.2214669 0.0779928 0.1705762 -0.3196792 0.3585840 0.4281884 0.5149762 0.4943034 0.2965392 0.4099559 0.3297937 0.2747427 0.4029875 0.4299239 0.0531975 -0.1853626 0.0526539 0.1717501 0.4271079 0.3186681 0.7039524 0.7104323 0.7672804 0.1091606 0.3899766 0.0990474 0.2211924 0.5607308 0.5093909 0.5187333 0.2485366 0.1387545 0.1659449 0.5199023 0.3778139 0.2024825 -0.0963166 0.3911667 0.4852596 -0.5259943 -0.2217406 0.1124154 -0.0095942 -0.3267517 0.4238484 0.2910960 0.0178875 -0.2582396 0.0894940 0.2544472 0.1319569 -0.3132799 0.0948016 0.3526695 -0.5745177 0.3325665 0.1053873
0.4283619 0.0612071 0.0000000 0.7147848 0.4448586 0.5809360 -0.0208478 0.7413466 0.3953522 0.3326794 0.1877462 0.2829407 0.3497847 0.0640576 0.4914468 -0.0418928 -0.1721814 0.1949405 0.2493790 0.1765777 0.2339071 0.2863100 -0.1981505 0.3018732 0.1489890 -0.0863555 -0.4785855 0.0027980 0.3713365 -0.2543259 0.3759087 0.3100711 0.2549367 0.3305489 -0.2187339 -0.0102587 -0.1882426 0.0309123 -0.0299287 -0.1581277 0.4973804 0.3144407 -0.2908380 -0.1285116 0.4865391 -0.0630365 -0.1320388 0.0725038 0.1053556 -0.0628488 -0.2414788 -0.1879106 0.3446149 0.1688675 -0.1528827 -0.0809632 -0.0412249 0.0431889 0.1147414 -0.2622497 0.5346194 0.0256179 0.3864908 0.0965181 0.3700523 0.2496244 -0.1351388 -0.1229307 0.2351836 -0.1197114 0.1096295 0.2057923 -0.1012884 0.0415277 0.2469154 -0.1902961 -0.0224661 0.0637312 0.2451745 0.1450676 0.2389097 -0.0752995 -0.2776003 -0.6034430 -0.2470263 -0.0591715 -0.0968357 0.3891685 -0.2573953 -0.3154665 -0.4282536 -0.0459365 -0.1113244 0.5871854 0.1858054 -0.6071548 -0.2511502 -0.0460237 0.0877864 -0.1557999 -0.0713476 0.0554047 -0.2144405 0.0182434 -0.5833028 -0.3751443 -0.2294858 -0.3022222 -0.2253101 -0.3867341 -0.2537880 -0.3654893 -0.3296847 -0.2159701 -0.2363830 -0.1596605 -0.0059852 -0.1699759 -0.1213632 -0.3692495 -0.2837163 -0.1554019 -0.0651494 -0.3305262 -0.3031423 -0.1032453 -0.1944262 -0.1685506 -0.3636943 0.1800836 -0.3190755 -0.2480693 0.1406498 0.5226688 0.1375190 -0.2819550 0.0576910 -0.4034899 -0.2240751 -0.4374185 -0.2881279 -0.4279789 0.0668793 -0.3542837 -0.3231905 -0.3059423 -0.5378540 -0.0983153 0.2311092 -0.2599807 -0.1471342 -0.2430798 -0.4379043 -0.3251002 0.0314354 -0.4990104 -0.0834722 -0.2107250 0.1113407 -0.5725211 -0.0913746 -0.4614792 -0.5037922 -0.4130377 -0.1883965 -0.2569066 -0.3862389 0.2698812 -0.0541186 -0.6004840 0.1292434 0.1309197 0.1306007 0.1331333 0.2174785 -0.0128173 -0.1282185 -0.0927750 -0.1506481 -0.3067121 -0.2979732 -0.3097846 -0.1216324 -0.1962267 -0.0845645 0.2780523 0.4171093 0.4081362 0.2204420 0.2399691 -0.1956729 0.1955537 0.0770032 -0.0115412 -0.1187882 -0.0969854 -0.2452084 0.0490336 0.1862901 -0.1272391 0.1319458 0.1434943 0.3066293 0.3685137 0.0715797 0.3759399 0.0109248 0.4297844 -0.0551235 0.3490190 0.0938712 -0.2225797 0.1758820 0.3692412 0.1774562 -0.2953966 -0.2180709 0.0094737
0.5189778 0.4103182 0.7147848 0.0000000 0.0174814 0.6307826 -0.1901500 0.8210935 0.3574305 0.3789549 0.5976685 0.3350350 0.1869163 -0.1340466 0.5063782 0.1799497 -0.2210917 0.1529454 0.3201505 0.0484604 0.3443138 0.3146089 -0.1028701 0.1865069 0.2064232 -0.1816474 -0.4934325 -0.2388757 0.5299032 -0.5004648 0.4294096 0.0435037 0.1165783 0.2455411 -0.1543326 0.3694935 -0.1997480 -0.0497465 -0.3935864 -0.5837472 0.3597674 0.7019567 -0.3162591 -0.6082429 0.6160765 0.1649158 -0.0232918 -0.1477994 -0.0420968 -0.0824603 -0.1329603 -0.2186026 0.4025729 0.3551833 -0.0740868 0.2158408 0.0670669 0.0863282 -0.1306717 -0.1439228 0.8568566 0.2547665 0.8367148 0.3148639 0.7077072 0.1569622 0.1523619 0.2435973 0.3880916 0.4003600 0.2821687 0.5602249 0.2803773 0.5988430 0.3822815 0.2930806 0.5887760 0.2978090 0.7145606 0.5332276 0.5959338 0.3452007 -0.0577835 -0.5632630 0.3194772 0.3020218 0.0077717 0.3894728 0.1418065 -0.0248112 -0.2341343 -0.0428386 0.0975160 0.5009495 0.1358062 -0.4712216 -0.1134030 -0.0251365 -0.0250704 0.1772870 -0.2720085 0.4577260 0.1442547 0.1516253 -0.4664893 -0.2845449 0.2248627 -0.0812118 0.1748027 0.0644781 -0.0592324 0.0739465 -0.3212821 -0.1563637 -0.2748745 -0.3465399 -0.2781582 -0.3689618 0.0057581 -0.2747703 -0.4368681 -0.2763155 0.3088910 -0.2238048 -0.3153328 0.1479805 -0.3397492 0.0599417 -0.0653350 0.4523849 -0.0281213 0.1358904 0.0182539 0.6870092 0.4154867 -0.1777183 0.5702961 -0.1430187 0.0057626 -0.3130262 -0.2255080 -0.3649947 0.2910129 -0.2211778 -0.1401102 -0.3123887 -0.3673266 -0.2527502 0.3854879 -0.3286985 -0.2263171 -0.3082424 -0.3686159 -0.3686755 0.1619760 -0.4837212 0.1298198 -0.3403994 0.4539651 -0.4682381 -0.2201488 -0.4855314 -0.2393564 -0.1594100 -0.3621522 -0.3265034 -0.0616855 0.2911179 0.1448854 -0.3962893 -0.0121559 0.0358704 0.1646383 0.0971277 0.1747129 -0.3606871 -0.3366269 -0.1292671 0.1383308 0.1493400 -0.0154988 0.0534899 0.4279798 0.2960151 -0.1644973 0.6796375 0.3867980 0.4512472 0.7689020 0.7369613 -0.0065478 0.6340821 0.2911166 0.0260135 0.0598352 0.0702083 -0.4113998 -0.1846433 0.4975616 -0.0342921 -0.2325972 -0.1880396 0.3891525 0.2218263 -0.3898068 0.4151010 0.2312174 0.0143525 -0.1232560 0.2202619 0.1745139 -0.0580144 -0.0992108 0.4548930 0.6401320 -0.3732589 -0.3217787 -0.2711075
0.2225309 0.0669832 0.4448586 0.0174814 0.0000000 -0.0435402 -0.0131114 0.2708011 -0.0798886 -0.1086732 -0.1035601 -0.1080576 0.4735789 0.0266128 -0.0354971 -0.0466046 -0.1913199 -0.2323445 0.2424934 0.2693454 -0.1451427 0.3998530 -0.0931206 0.0237200 0.1844325 -0.1009205 -0.3806070 -0.1404300 -0.1104339 -0.0629087 0.2579180 0.4120461 0.0272133 0.0617319 -0.0972073 -0.1106774 -0.0479257 0.4276901 0.1286666 0.0332254 0.4321523 -0.1294143 -0.1141393 0.2073014 0.1186732 0.1313585 -0.0333863 0.4108204 0.0339241 0.2152722 -0.1083533 -0.0134801 -0.0464424 -0.0474273 0.3193678 0.1769903 0.1018812 0.1051683 0.3109261 -0.0760521 0.0458203 -0.1597756 -0.0557898 -0.2856790 -0.2054089 0.2232287 0.0052287 -0.5132839 0.3569832 -0.3213952 0.0681960 -0.2241614 -0.3001490 -0.3551243 0.2860237 -0.2827186 -0.4422422 -0.0831286 -0.1214541 -0.0911298 0.0030284 -0.1166294 -0.0220032 -0.1456633 -0.2163453 -0.0664092 -0.0376838 0.1793671 -0.3259121 -0.3493538 -0.3079267 -0.1527543 -0.0607302 0.4138357 0.0671566 -0.2734584 -0.3392994 -0.1285454 0.0704649 0.0738783 0.2581665 -0.0267412 -0.2369458 0.0387679 -0.3871835 0.0681361 -0.3131249 -0.1453776 -0.0812942 -0.5283778 -0.1049288 -0.3395381 -0.1695769 -0.1570486 0.0276817 0.1454947 0.1384388 0.2878142 0.1016812 0.2822753 0.3228068 -0.0413833 -0.0666276 0.0865162 0.3623243 -0.0172642 0.2750834 0.2039771 0.0813049 -0.0406541 0.1207751 0.1495382 0.4890128 -0.1115594 0.1309134 0.1322853 -0.2701892 0.1318736 0.2154865 -0.0032371 0.2803724 0.1111478 -0.0214329 -0.1172739 -0.1004725 -0.2701832 -0.0889698 0.1327734 0.0026937 -0.0110595 -0.2958229 0.1789709 -0.2976751 -0.0321169 -0.2782205 -0.1960569 0.0961948 -0.0439890 -0.0936733 -0.0338801 -0.1106375 -0.3678839 -0.3829065 0.0799193 -0.1524519 0.0913249 0.0974778 0.3110975 0.1964782 0.0288985 0.4234157 0.3462014 0.1091661 0.1141706 0.1059638 0.1012838 0.0442112 0.0330596 -0.2394797 -0.3251583 -0.0457783 -0.0709453 -0.1333513 -0.1018862 0.1681221 -0.1561670 0.2844656 0.3680856 -0.2068305 -0.1370274 0.0038570 -0.2226383 -0.1229065 0.0095445 0.0014516 -0.0509552 0.0747496 0.0160789 0.1062802 -0.2075359 0.1628051 0.3067904 -0.1037762 -0.1749581 0.2042885 0.2659558 -0.0301271 0.4165244 -0.0588769 0.3099541 -0.0760484 -0.2239600 0.2414516 -0.0239010 -0.1647895 -0.1297929 0.0342732 -0.0788697
0.3412156 0.0299727 0.5809360 0.6307826 -0.0435402 0.0000000 -0.0871890 0.4495878 0.8827450 0.8367460 0.1730963 0.7497605 -0.0543229 0.3078583 0.8246776 0.0899296 -0.2628007 0.3427728 0.2969083 0.0376271 0.6599913 -0.1007708 0.0166227 0.5489268 0.1761239 0.2174340 -0.3371893 0.1304249 0.7612005 -0.2165148 0.0889877 -0.0731267 0.4885169 0.6276461 0.0202614 0.3543057 0.1072903 -0.0139286 -0.0035424 -0.0831168 0.0045766 0.7513033 -0.1976509 -0.2793759 0.7563054 0.0570800 0.1380336 -0.0265002 0.4233355 0.1984798 -0.1030107 -0.1690783 0.7324813 -0.2210692 -0.0104796 0.1737117 0.1290298 0.1795893 -0.5440029 -0.1450860 0.6198888 -0.0777415 0.3952825 0.6312998 0.6961429 0.0806722 -0.0914278 0.0182584 0.0788634 0.2992841 0.0267675 0.6589687 0.0469860 0.4373660 0.0651514 0.3167676 0.4125400 0.3009478 0.3969401 0.2914170 0.3579713 0.2751806 -0.0033079 -0.3147547 -0.1614435 -0.0512755 -0.0497141 0.3068718 -0.1517343 -0.2408772 -0.1664071 -0.1214708 0.0613992 0.3499005 0.2243824 -0.2503745 -0.1491707 0.3436575 0.0887226 0.0163363 -0.2598312 0.2121528 0.0926030 0.1819916 -0.2998852 -0.1543224 0.0363772 -0.1131969 -0.0730290 0.0187285 -0.0556417 -0.0661350 -0.1985260 -0.1972616 -0.2270084 -0.1999103 -0.0125837 -0.2202944 -0.1270851 -0.3962232 -0.3441696 0.0111589 0.0332423 -0.2749447 -0.5003223 -0.2122612 -0.1849516 -0.0963285 -0.3328633 0.5455919 -0.2751958 -0.0405542 -0.2836647 0.8445338 0.0799803 -0.2296836 0.4284993 -0.5059257 -0.3749931 -0.5236081 -0.4093557 -0.5382441 0.1624934 -0.2833817 -0.3170774 -0.3036663 -0.4604232 -0.0821434 0.2190504 -0.1330315 0.1083700 -0.4667511 -0.2896185 -0.4157899 0.3890134 -0.2965565 0.0217188 -0.2986611 0.2990693 -0.6583138 0.0503274 -0.3660212 -0.4227213 -0.3230071 -0.1733222 -0.5409659 -0.3503076 -0.2072570 -0.1845991 -0.6072498 -0.3014568 -0.4399720 0.2218137 0.1199783 0.2196574 -0.1498685 -0.1626490 -0.0907077 0.2093745 0.0722641 -0.2779129 -0.2435516 0.0159951 -0.0788407 -0.4042018 0.3228186 -0.0774288 -0.0025062 0.3878759 0.4346878 -0.2433031 0.6993372 0.5394091 -0.2842833 -0.3481598 -0.1109185 -0.2871456 0.2496772 0.1946117 -0.0723526 0.1664234 -0.3915327 0.0707782 0.5200854 -0.1818077 0.0807982 -0.2721088 0.0509757 -0.0452115 0.0900623 -0.3705775 0.0071293 -0.1295902 0.7254659 0.6388502 -0.2487395 -0.2544052 -0.1444159
0.1192579 0.2773661 -0.0208478 -0.1901500 -0.0131114 -0.0871890 0.0000000 0.1150979 -0.1936900 -0.2179210 0.0487440 0.1755495 -0.4031058 0.0020071 -0.1804745 0.1827273 0.4117169 -0.1585270 0.2488210 -0.0009569 0.1069514 -0.3087343 0.3613498 -0.2743088 0.1777881 0.4247618 0.3454736 0.0776079 -0.2377482 0.4205498 -0.1856007 0.0398073 -0.2300004 -0.2555922 0.6113020 0.1056232 0.2173505 -0.0230434 0.7284391 0.5562457 0.1674555 -0.3003068 0.6234476 0.4895832 -0.4381977 0.2565137 0.4257385 0.1299249 0.3025689 0.2824016 0.2465892 0.6050849 -0.2159046 0.3781436 0.1418275 0.1862805 0.1750266 0.6048089 -0.1584268 0.2161552 -0.3547368 0.3180280 -0.2974403 0.3549281 -0.3359981 -0.0560188 -0.0473876 0.1851306 -0.1049231 0.3185500 -0.3783990 0.0379180 0.0891712 -0.2029492 -0.2679916 0.0490116 -0.2492887 -0.5670006 -0.1407476 0.1697093 -0.2506588 -0.2501710 -0.1975039 -0.0744036 -0.1800181 -0.3016889 -0.5439990 -0.2490385 -0.2475002 -0.6840236 -0.5278445 -0.4853108 -0.0677064 0.0010450 -0.1658638 -0.3857263 -0.5025831 -0.2005570 -0.5727217 -0.1870157 -0.6205110 -0.0783218 -0.1281416 -0.5833293 -0.1089913 -0.4565732 -0.0733343 -0.4111261 -0.1762137 0.2425139 -0.5059465 -0.3354548 -0.0802697 0.1066551 -0.2843195 -0.2362948 -0.2396796 -0.0585362 -0.2234221 -0.1794798 -0.3972365 -0.4719987 -0.0998739 -0.2138182 -0.4625331 0.0905759 -0.3117836 -0.4981519 -0.1016361 -0.6545362 -0.6742436 -0.0517723 -0.5441745 -0.2799210 -0.0383010 -0.4204885 -0.5189881 0.2438780 -0.1083718 0.4710253 -0.2485468 0.1913065 -0.0253486 0.3217069 0.3317149 -0.1629350 -0.3760434 -0.5292421 -0.1090777 -0.0135754 0.2062195 0.1263680 -0.1837094 0.0328669 -0.1745501 0.1568972 -0.3048263 -0.1629801 -0.1794565 0.0320241 0.0108670 0.2092226 0.0538510 -0.1470125 0.1467598 0.4390948 0.1702182 0.1128624 -0.1227642 0.1787973 0.2887001 0.0116448 0.3314615 0.7073217 0.7461208 0.8939603 0.6648671 0.4532695 0.1934534 -0.1382468 -0.1696516 0.0024200 -0.2123120 -0.1376937 0.1456068 -0.2363098 -0.1025543 -0.0899499 -0.2943402 -0.3000674 0.3214185 -0.0837285 0.2830714 0.4364845 0.3160600 0.6161357 0.8550082 0.6398879 0.0605316 0.5386955 -0.2701573 -0.3145714 -0.1681631 0.5206729 0.2694942 0.2971581 -0.0448404 0.3342242 -0.5488635 -0.3111891 -0.2102848 0.4019137 -0.0347724 0.1323877 -0.0979436 -0.5399863 0.3193651 0.5991409
0.3465758 0.4826643 0.7413466 0.8210935 0.2708011 0.4495878 0.1150979 0.0000000 0.1587051 0.1621535 0.5314516 0.2339311 0.3000921 -0.1075030 0.3300433 0.3946816 0.0133065 0.0082342 0.3305841 0.1471010 0.1627162 0.2411274 0.1227414 -0.0563866 0.2757838 0.0369953 -0.3285616 -0.1363366 0.2759275 -0.2156574 0.4015523 0.1749732 -0.1267113 0.0071671 0.0345451 0.2870230 -0.0764841 -0.0140507 -0.2065261 -0.3221762 0.3726966 0.4671988 -0.0894885 -0.4231304 0.3648689 0.1260051 0.0395845 -0.0581530 -0.1559026 0.0192397 -0.0555644 0.0989650 0.1030511 0.5499721 0.0454464 0.2570193 0.1382617 0.1107773 0.0783833 0.0647624 0.7548479 0.4913880 0.6761939 0.1808240 0.4583279 0.2247377 0.2471877 0.3547841 0.4413490 0.3834522 0.2522226 0.5299256 0.4020374 0.4721261 0.3805162 0.2945010 0.3980805 0.1178518 0.6234367 0.4694048 0.4485239 0.0907133 -0.0628430 -0.5555899 0.1978055 0.2126660 -0.0500859 0.2478295 -0.1489076 -0.2942468 -0.4523867 -0.1789591 0.2398814 0.4315693 0.1318492 -0.6318615 -0.1558954 0.0305082 -0.0790714 0.0738542 -0.3587477 0.4632159 0.1175383 0.0006363 -0.5824611 -0.2961343 0.0805039 -0.1497434 0.0876142 -0.0559614 -0.1782780 -0.0662380 -0.3225080 -0.0697899 -0.2757082 -0.3748829 -0.3870446 -0.2251218 -0.1888724 -0.2193851 -0.6063556 -0.5740566 0.2003438 -0.3784892 -0.2956616 0.1691967 -0.3722458 -0.1530532 -0.0392357 0.0031102 -0.2056748 0.0737313 -0.0520006 0.4889952 0.2156645 -0.3236025 0.1781575 -0.0184348 0.1232471 -0.2522089 -0.2410514 -0.3758576 0.0761243 -0.2047523 -0.0863577 -0.3949869 -0.5894949 -0.4181149 0.0958467 -0.4813513 -0.3134937 -0.2166877 -0.5805749 -0.4730340 -0.1762100 -0.4997004 -0.1199369 -0.4643879 0.1859716 -0.3877932 -0.4225903 -0.5641824 -0.1807813 -0.1765325 -0.4665789 -0.0831015 0.0574433 0.3475041 0.2136168 -0.3548817 0.0777171 0.1616248 0.1582587 0.1718443 0.2767361 -0.0591613 -0.2515060 -0.1504566 -0.0922928 -0.1391537 -0.2618462 0.0224370 0.4048447 0.2677876 0.1379237 0.5163531 0.5086387 0.5787615 0.6337287 0.5926584 0.1469567 0.4325625 0.1598493 0.0793931 0.1329963 0.1137468 -0.1871771 -0.0405406 0.4507046 -0.0316125 -0.2585213 -0.1299862 0.2280335 0.2258316 -0.1837797 0.6696661 0.2066225 0.1396685 -0.3014211 0.3591684 0.1676975 -0.2346045 -0.1146049 0.3110641 0.4058959 -0.5563963 -0.1382109 -0.1772721
0.1734998 -0.2562285 0.3953522 0.3574305 -0.0798886 0.8827450 -0.1936900 0.1587051 0.0000000 0.9113780 0.0363968 0.7055317 -0.0122201 0.4644347 0.8988916 0.0892336 -0.2274263 0.5729847 0.1261125 0.0110099 0.5468100 -0.2834899 -0.0036121 0.7857916 0.0068044 0.2995718 -0.1244957 0.3562720 0.7489661 -0.1044479 -0.1646228 -0.0959226 0.7345422 0.8347359 -0.0823772 0.0790807 0.2025915 -0.1156040 0.0231196 0.0250769 -0.2165168 0.6208656 -0.3673711 -0.1942462 0.7347642 -0.0901590 0.0760841 -0.0211923 0.5124699 0.1848735 -0.1847449 -0.3015276 0.8281351 -0.4818766 -0.0294625 0.0508840 0.1027977 0.0329508 -0.4003696 -0.1974535 0.4247032 -0.2550380 0.1677685 0.5261570 0.5316790 0.1546803 -0.1791404 -0.0305767 -0.0318433 0.1257328 0.0785622 0.5287239 -0.0220083 0.2352868 0.0163704 0.2113228 0.1949517 0.3855922 0.1489077 0.0302409 0.0840487 0.1852975 -0.0153793 -0.1058502 -0.2794042 -0.2255020 0.0400804 0.3538183 -0.2526788 -0.1756792 -0.0649911 -0.0458780 -0.1414233 0.2780475 0.1256779 -0.0109417 0.0071462 0.2870551 0.1919912 -0.1254884 -0.0629885 -0.0613634 -0.0480518 0.2385710 -0.0593359 0.0163938 -0.1638398 -0.0815935 -0.2605358 -0.1336518 -0.0030397 -0.1254544 -0.1468234 -0.1448043 -0.0237711 -0.0446126 0.1470551 -0.0734970 -0.1991427 -0.3217408 -0.1011870 0.2439436 -0.1948765 -0.1249347 -0.3269665 -0.3710452 0.0630932 -0.1376918 -0.4347856 0.5429291 -0.2495858 -0.3103093 -0.3120056 0.7329491 -0.1919563 -0.1698654 0.2975729 -0.6655955 -0.5352889 -0.6690855 -0.3890152 -0.5062187 0.0259577 -0.4090031 -0.4592057 -0.2503283 -0.3795391 0.1218930 0.0574183 0.0880756 0.1153499 -0.4667234 -0.1202694 -0.3734388 0.4849321 -0.1852746 0.0711415 -0.1466187 0.1321381 -0.6159012 0.1323386 -0.2595094 -0.3817921 -0.3032956 -0.0871014 -0.5335640 -0.4725624 -0.4602188 -0.2151589 -0.6640812 -0.4848346 -0.5784837 0.0518767 -0.0140155 0.0068990 -0.1957100 -0.2383968 -0.2326304 0.0253146 -0.0700825 -0.3940477 -0.4320719 -0.1931436 -0.3048576 -0.2843281 0.0478607 -0.0456107 -0.1118776 0.1080678 0.1236609 -0.4124741 0.4947043 0.3667820 -0.4978289 -0.5352415 -0.2881699 -0.3266501 0.1994541 -0.1392568 -0.2093771 0.4085294 -0.1718724 -0.1993891 0.3546288 0.0387876 -0.1358842 -0.3127547 -0.0299495 0.1690927 0.1688798 -0.5420753 -0.1458137 0.0564671 0.6677074 0.4654927 0.1369423 -0.1310994 -0.0679270
0.0782264 -0.2260054 0.3326794 0.3789549 -0.1086732 0.8367460 -0.2179210 0.1621535 0.9113780 0.0000000 0.2127599 0.6374533 0.1635305 0.6795431 0.8041422 0.1773265 -0.1421802 0.5967421 0.3443275 -0.0294817 0.5232814 -0.1020245 0.0889082 0.7292304 0.2762981 0.4016748 -0.2101276 0.3801178 0.6803606 -0.0777369 -0.0054356 0.1017652 0.7006424 0.7875540 0.0729172 0.0990327 0.4269685 0.0980535 0.0117008 -0.0320446 -0.1570525 0.6100480 -0.2429516 -0.2818945 0.6738973 0.0655580 0.3271841 0.1550708 0.4584007 0.3777788 0.0977012 -0.2739716 0.7884481 -0.4237872 0.1310263 0.1805233 0.3481824 0.0159048 -0.3336076 0.0199401 0.4662430 -0.0990341 0.2680483 0.5107502 0.5310890 0.2993452 0.1071834 -0.0550530 0.1581105 0.2746312 0.2013592 0.5948383 0.0745106 0.3721883 0.1581092 0.2923371 0.3315891 0.3163532 0.1553763 0.1511814 0.0392063 0.2970969 0.0171490 -0.0467841 -0.1407306 -0.1972122 0.0165111 0.3382242 -0.2747407 -0.0359197 -0.0119673 -0.0102892 -0.1668989 0.2670764 -0.0824723 -0.0400188 0.0129995 0.1987440 0.1219452 -0.0990118 -0.1834234 0.0094868 -0.1303217 0.0874822 -0.1013012 -0.1235713 -0.1894029 -0.1239015 -0.3178008 -0.2035135 0.0753808 -0.1797873 -0.2327970 -0.2205255 -0.1953703 -0.2459531 -0.0235962 -0.2415720 -0.3018347 -0.2672968 -0.1452793 0.1842978 -0.1246710 -0.1750005 -0.3857241 -0.2993922 -0.0956872 -0.1324821 -0.3896824 0.4922170 -0.1910202 -0.2624533 -0.3660124 0.6107185 -0.2491197 -0.2603468 0.2673205 -0.5016361 -0.5065123 -0.5199341 -0.4811253 -0.3415019 -0.0014538 -0.3956394 -0.4887691 -0.3899949 -0.3770116 -0.0434648 -0.0504921 -0.0251902 -0.0338912 -0.5404360 -0.1908943 -0.4062491 0.2922263 -0.2143588 0.1135396 -0.2606008 0.1283355 -0.5321778 0.0131195 -0.2882376 -0.3103624 -0.2060312 -0.1870811 -0.5662741 -0.3327795 -0.5505577 -0.0668963 -0.5677502 -0.5094574 -0.5450813 0.0270648 -0.0803136 -0.0728580 -0.2785745 -0.2600889 -0.3170767 0.0115915 -0.1240632 -0.4147291 -0.4562414 -0.1369368 -0.2793924 -0.1138403 0.0714418 -0.0159429 -0.0354956 0.1876420 0.2296108 -0.3076229 0.5024043 0.3477485 -0.4276543 -0.4478401 -0.2142447 -0.3313295 0.0261606 -0.1166168 -0.2028312 0.3749065 -0.2902902 -0.2673364 0.1893191 0.0986928 -0.0320591 -0.1282691 -0.1057622 0.2185559 0.2027533 -0.5467149 -0.2194114 0.1794183 0.5380853 0.4809392 0.1964656 -0.1572863 -0.0644003
0.1030964 0.5868563 0.1877462 0.5976685 -0.1035601 0.1730963 0.0487440 0.5314516 0.0363968 0.2127599 0.0000000 0.1022237 0.3166597 0.0790341 0.2985899 0.6022924 0.1401833 0.3666746 0.3905210 0.1737499 0.0824325 0.2863315 0.3595520 -0.0435946 0.4541403 0.1338647 -0.0038532 -0.0564603 0.2690567 -0.1013353 0.2629035 0.3362898 -0.0983576 0.0094769 0.3100981 0.2885805 0.2418949 0.0375988 -0.2442516 -0.5392182 0.3866282 0.4862938 0.1063166 -0.6596220 0.2949171 0.4046636 0.3930539 0.0957849 -0.1780690 0.2348249 0.3106362 0.0670933 0.1391503 0.5439364 0.2891519 0.5686174 0.5414401 0.0999513 0.0048413 0.3258794 0.5747107 0.6249390 0.7592021 0.2312713 0.4578971 0.5502557 0.5755248 0.4338228 0.6571720 0.6996040 0.6010240 0.5261098 0.6122561 0.5959742 0.6423371 0.3641698 0.5601791 0.1571682 0.5189979 0.3111436 0.3021498 0.1072373 -0.2056234 -0.4385110 0.4221053 0.1803789 -0.2474901 0.1448695 0.0318802 -0.1541510 -0.3780800 -0.3684504 -0.0165136 0.2032172 -0.5016877 -0.4969101 -0.1884754 -0.3075160 -0.4010842 0.0298491 -0.5662059 0.3324519 0.1113855 -0.1734517 -0.3427464 -0.4770003 0.1673368 -0.1540906 0.0128921 0.1076150 -0.3249890 -0.0356263 -0.5749288 -0.1400153 -0.4295992 -0.5326281 -0.6380064 -0.3656843 -0.0598435 0.0310458 -0.3239541 -0.5869564 0.1819687 0.0208145 -0.0716865 0.4560691 -0.3375923 -0.0658292 0.3026376 0.1222454 0.1442291 0.1919759 -0.1098664 0.1401728 0.2121180 -0.1110750 0.3735168 0.3300834 0.1955582 0.0244468 -0.1687400 0.0226349 0.0633324 -0.1186264 0.1283347 -0.3326454 -0.1725217 -0.4855674 0.0733265 -0.2559124 -0.5269267 -0.1939090 -0.2610167 -0.2083900 -0.0951363 -0.3060212 -0.0491217 -0.2911200 0.0795071 -0.3359062 -0.2816725 -0.3404752 0.1102107 -0.1094422 -0.2714692 0.0472512 0.3675022 0.1886901 0.4413334 -0.0829872 0.1568572 0.1413934 -0.1328767 -0.0057557 0.1256154 -0.3036213 -0.3891567 -0.3954063 0.0064677 0.0449753 -0.1823618 0.0565068 0.4359661 0.2888877 0.2778853 0.4835940 0.4501030 0.5056662 0.6413193 0.4693890 0.2991294 0.3001651 -0.0023894 0.1167205 0.3530217 0.3158831 -0.0835088 -0.2663759 0.3013508 0.2446628 -0.3665561 -0.2431470 0.0328410 -0.1129309 0.0232757 0.4621067 0.5840142 -0.1427217 -0.0201350 0.1941317 0.2209800 -0.1183209 0.2418281 0.0619408 0.5001636 -0.2414526 0.0742042 0.0154672
0.0679102 -0.1275678 0.2829407 0.3350350 -0.1080576 0.7497605 0.1755495 0.2339311 0.7055317 0.6374533 0.1022237 0.0000000 -0.4171024 0.2038412 0.6959228 0.0047303 -0.4019730 0.2140825 -0.0181916 -0.2806951 0.8988275 -0.4618240 0.0918138 0.5252960 -0.0889695 0.1815542 -0.1881643 0.1675531 0.7845312 -0.1299155 -0.2731278 -0.2575438 0.4545352 0.5981151 0.1138379 0.3133105 -0.0967646 -0.3135711 -0.0179544 -0.0341685 -0.1989608 0.6207933 -0.1663889 -0.1188931 0.6050801 -0.1610129 0.0392189 -0.3191795 0.4931262 0.0308199 -0.2368921 -0.2392036 0.7106745 -0.3600961 -0.2631859 -0.0192442 -0.1304801 0.4297796 -0.5922024 -0.3139165 0.4891036 -0.1504243 0.1288404 0.8050550 0.5991194 -0.2478360 -0.2329688 0.0927292 -0.2698874 0.4286631 -0.1152098 0.6730705 0.0092349 0.3788214 -0.1551324 0.2706753 0.3111903 0.3099024 0.2616810 0.1896872 0.3836057 0.2347230 0.0982168 0.0272170 -0.0657154 0.0934585 -0.0035781 0.0803896 0.0632953 -0.2929923 -0.0425460 -0.0890448 0.2517103 0.0859932 0.1764756 -0.1457728 -0.0585476 0.4216193 -0.1390301 -0.2447946 -0.3241409 0.1818665 0.1114823 0.2253719 -0.2459702 -0.0369142 0.1623683 -0.1927655 -0.0745340 0.3033268 0.0369295 -0.0583577 -0.0596236 0.1166735 -0.2608548 -0.0041051 0.1722333 0.0373431 -0.1884343 -0.1990828 -0.1357312 0.1795160 0.0169025 -0.3914460 -0.4212196 -0.3741385 0.0070735 0.0306201 -0.2670287 0.4329131 -0.2507247 0.0347392 -0.3163213 0.4842222 0.1242240 -0.2069979 0.2653986 -0.3364191 -0.3397155 -0.3834581 -0.3015340 -0.4980535 0.4568167 -0.0150552 -0.3657425 -0.3250845 -0.4868762 -0.0502141 0.3895607 -0.1906268 0.1374060 -0.5344197 -0.3236551 -0.1977065 0.4085675 -0.0442951 -0.2052780 -0.2255623 0.3796334 -0.4774492 0.2517691 -0.2410734 -0.1923434 -0.2318414 -0.0216065 -0.5303361 -0.1847082 -0.3080911 -0.3866038 -0.3868415 -0.3494887 -0.5752220 0.2279928 0.1722836 0.3355793 0.0089539 0.2464195 0.1061234 0.5050331 0.1131905 -0.3518245 -0.3137735 -0.0701569 -0.2617577 -0.5042219 0.3447746 -0.1752135 -0.0819190 0.1887710 0.2133798 -0.0336564 0.7236341 0.7092359 0.0472287 -0.3044591 0.1920480 -0.1087045 0.5762881 0.3443564 -0.2183899 0.0529714 -0.5092033 -0.0718052 0.4882839 -0.1317450 -0.0253625 -0.4091954 -0.1003698 -0.2451292 -0.1271140 -0.5674065 0.3894054 -0.0211963 0.7611892 0.6749789 -0.3174946 -0.3688006 -0.2028784
-0.0883128 0.0131943 0.3497847 0.1869163 0.4735789 -0.0543229 -0.4031058 0.3000921 -0.0122201 0.1635305 0.3166597 -0.4171024 0.0000000 0.4335803 0.0355460 0.3434638 0.3037748 0.2687701 0.3355296 0.4432522 -0.4651843 0.6549556 0.1503814 0.0037356 0.5042444 0.1467380 -0.2325643 0.1389311 -0.1875722 0.0693496 0.5879861 0.7124614 -0.0013535 0.0291642 -0.0493700 -0.3337627 0.3773448 0.4729164 -0.1633774 -0.1614803 0.4097415 -0.0595446 -0.1006042 -0.2822197 0.1123483 0.0861329 0.1803887 0.5673242 -0.3065295 0.3357763 0.3411586 -0.0389457 -0.1004628 0.1674981 0.4251420 0.2171919 0.4984095 -0.4588809 0.6331030 0.4220881 0.2051459 0.3133126 0.2974437 -0.4907243 -0.0418913 0.7651439 0.5179346 -0.1680271 0.7244178 -0.1914745 0.5760804 -0.0679421 0.1452835 -0.0240043 0.6709313 -0.1759662 -0.0695143 0.0224047 -0.0868581 -0.2160247 -0.1775882 -0.2170259 -0.0523673 -0.1754738 -0.0630083 -0.0996176 0.0742680 0.4098310 -0.4720399 0.1533004 -0.1707945 0.0462155 -0.2222185 0.3599111 -0.3798856 -0.2561840 0.0748045 -0.2008733 0.3060072 0.0515956 0.2457813 -0.0241838 -0.2517358 -0.0741198 -0.2850798 -0.1516975 -0.4427017 0.0788764 -0.3185908 -0.7082074 -0.0618158 -0.3368514 -0.3280966 -0.2046072 -0.0438510 -0.1802872 -0.2470808 -0.0805610 -0.1552539 0.1254565 0.0534204 -0.2581137 -0.0733260 0.0778935 0.3254838 0.2848649 -0.0009704 -0.0769884 0.0851356 -0.0852290 0.2821084 -0.2147207 0.3735269 -0.0652612 -0.3103163 -0.0818067 -0.1755099 0.0543051 0.1495319 -0.1610109 -0.1638948 0.1199927 -0.3958325 -0.5549708 -0.2643482 -0.3801584 -0.1044492 -0.0544799 -0.4119809 -0.1931875 -0.6384124 -0.1618497 -0.3262341 -0.3476223 -0.4860166 -0.5664095 0.0622912 -0.2566671 -0.2929220 -0.2375199 -0.5295200 -0.5245815 -0.3271856 -0.0804650 -0.4677963 -0.1322357 -0.0582842 0.0432209 0.5124183 -0.3034164 0.0185041 0.3533281 -0.1958123 -0.3442951 -0.4474277 -0.3826310 -0.6058368 -0.6052922 -0.6993688 -0.5594979 -0.3482516 -0.2495005 -0.0161710 -0.0661912 0.6459688 -0.1291971 0.4818619 0.4295320 0.1243857 0.1296447 -0.1062967 -0.3584332 -0.5845898 -0.3085479 0.0221631 -0.3212902 -0.3260390 -0.5889444 -0.2575664 -0.1381709 0.2522026 0.3625106 -0.1765062 -0.5211876 0.4107113 0.3871564 0.4083532 0.1047733 0.3971048 0.5787785 0.2518294 -0.8050573 0.5022793 -0.3421014 -0.2857814 0.2815049 0.1618008 0.0100412
-0.3601235 -0.3852182 0.0640576 -0.1340466 0.0266128 0.3078583 0.0020071 -0.1075030 0.4644347 0.6795431 0.0790341 0.2038412 0.4335803 0.0000000 0.3409392 0.1702005 0.3125347 0.5014864 0.3223364 0.1463377 0.0290500 -0.0330097 0.1917520 0.3956992 0.4132460 0.5402138 -0.0352866 0.6795587 0.0716955 0.4717960 0.0423838 0.4402803 0.4203167 0.4139741 0.2351541 -0.3564829 0.6810633 0.3571226 0.3044439 0.3697628 -0.1349668 -0.0493605 0.0862257 0.0913367 0.0773395 0.0277550 0.5217844 0.4879510 0.2642710 0.5813005 0.4399174 -0.0875599 0.2969110 -0.3693969 0.2952331 0.0931628 0.5107754 -0.1408774 0.0573592 0.3236082 -0.0374131 0.0070500 -0.1794180 0.0987094 -0.0578677 0.4593611 0.2006514 -0.2498275 0.2055727 0.0176253 0.0635581 0.2006399 -0.0932634 -0.0549375 0.1071002 -0.0814346 -0.0966484 -0.1356855 -0.3911651 -0.1658199 -0.4165308 -0.0445391 -0.0153326 0.1681217 -0.3795524 -0.5031966 -0.1135846 0.2411670 -0.6540224 0.0236931 -0.0819814 0.0596586 -0.4123476 0.1330739 -0.4967801 0.0237948 0.1104920 -0.0407185 0.0605540 -0.2379937 -0.0711752 -0.3771277 -0.4620755 -0.2783764 0.1002626 -0.2226917 -0.5993373 -0.1787173 -0.6602927 -0.5650266 -0.0497432 -0.5215338 -0.2194427 -0.2861898 -0.3261792 -0.3358555 -0.1715928 -0.2745680 -0.5541652 -0.2157314 -0.0320246 0.0060493 -0.1955705 -0.0922340 -0.2450030 -0.2069378 -0.1684134 -0.2668969 -0.4012337 -0.0400636 -0.2425081 -0.3914147 -0.2646991 0.0507969 -0.5322670 -0.3434028 -0.2970440 -0.3151014 -0.4965325 -0.1983478 -0.4605533 0.0212002 -0.2375578 -0.4960095 -0.4840881 -0.4256977 -0.3005567 -0.1420846 -0.4257158 0.0460447 -0.1724349 -0.4158675 -0.1734895 -0.1696901 -0.0964922 -0.2243322 -0.1340083 -0.1485460 -0.2656077 -0.2463402 -0.0860352 -0.1238556 -0.2915647 -0.2327432 -0.1071445 -0.3307774 -0.2209701 -0.6689191 -0.1085437 -0.4305438 -0.3752374 -0.4352712 -0.0634905 -0.1345326 -0.2716068 0.0129253 -0.1066789 -0.3242757 -0.3936377 -0.5820099 -0.5416630 -0.6508683 -0.4518070 -0.5500463 0.3972407 -0.4218338 -0.0874953 -0.0904156 -0.2403646 -0.1848605 -0.3562634 -0.1131671 -0.1245976 -0.4417815 -0.3958278 -0.2687569 0.0406543 -0.0351094 -0.4135575 -0.0622903 0.3805252 -0.1365872 -0.4381455 -0.0484814 0.4924001 0.0174193 -0.0324195 -0.1300984 0.1827104 0.1058978 -0.3705091 -0.4573209 0.3998937 0.0073881 -0.0993446 0.3701820 0.0163280 0.2900339
0.1085497 -0.1653882 0.4914468 0.5063782 -0.0354971 0.8246776 -0.1804745 0.3300433 0.8988916 0.8041422 0.2985899 0.6959228 0.0355460 0.3409392 0.0000000 0.1335903 -0.3231553 0.6717463 0.0602585 -0.0022521 0.5526749 -0.2369845 0.0165740 0.7773092 -0.0126410 0.1890380 -0.1351045 0.3478718 0.8337374 -0.1465121 -0.1878883 0.0358750 0.6886223 0.8058655 -0.0688627 0.0858677 0.0725256 -0.2421352 -0.0922590 -0.2013330 -0.0532873 0.6757212 -0.3716453 -0.3240608 0.8237759 -0.0939245 0.0129019 -0.1261405 0.4391727 0.0151196 -0.2627572 -0.3730113 0.8512162 -0.3132135 -0.1528155 0.0459301 0.0814445 0.0779109 -0.3613284 -0.2937898 0.5848952 -0.1686625 0.3373984 0.5434929 0.6665225 0.2417532 -0.1658101 0.0277505 0.0315394 0.2101220 0.2320164 0.6385103 0.0820219 0.3061166 0.1190073 0.1434458 0.2295764 0.4005666 0.2736744 0.0590721 0.2042068 0.1364423 -0.2563250 -0.4030330 -0.2172315 -0.1767965 -0.0848227 0.2429478 -0.2192468 -0.3039867 -0.2599922 -0.1972067 -0.1480942 0.2291675 -0.0418065 -0.2620422 -0.0795552 0.1741372 -0.0517311 -0.3072449 -0.2092081 -0.0599677 -0.0949744 0.2082295 -0.2229689 -0.1549373 -0.1244067 -0.2712237 -0.2878010 -0.1309626 -0.2157553 -0.1598811 -0.3899597 -0.2326816 -0.2220407 -0.1514742 0.0029734 -0.1619945 -0.1894237 -0.3224482 -0.1490847 0.0734995 -0.2003472 -0.1504901 -0.2843905 -0.3045045 -0.0821004 -0.1065122 -0.3495505 0.5916139 -0.2102306 -0.2429923 -0.2118042 0.7636239 0.0313572 -0.0796241 0.4495930 -0.5760095 -0.4623196 -0.6956718 -0.2624778 -0.5498407 0.0870650 -0.3427443 -0.3619814 -0.1864160 -0.3436372 0.0908941 0.2046491 0.0706424 0.0136733 -0.3526711 -0.1501368 -0.2683118 0.5500946 -0.2145495 -0.0903641 -0.0395516 0.0792219 -0.6830668 0.2237548 -0.2924261 -0.2620953 -0.4192321 0.0239371 -0.4239102 -0.3002957 -0.2790344 -0.2144743 -0.6663806 -0.2806220 -0.4618872 -0.1871173 -0.1414368 0.0367222 -0.2714046 -0.3080329 -0.3400838 0.0087811 -0.1043724 -0.4589826 -0.5041243 -0.1541328 -0.3133425 -0.2860200 0.2359178 0.1570318 0.1698961 0.2422267 0.1392518 -0.3529597 0.4930047 0.2698140 -0.3605211 -0.4271322 -0.2123775 -0.3357075 0.1580002 -0.0081597 -0.1591504 0.2119269 -0.1334919 -0.0351928 0.3929733 0.0698378 -0.0529642 -0.0978399 -0.0042510 0.1243264 0.1825661 -0.3117167 -0.1280895 0.1422745 0.5575928 0.5802965 0.0113256 -0.1819214 -0.1211877
0.0083307 0.4759386 -0.0418928 0.1799497 -0.0466046 0.0899296 0.1827273 0.3946816 0.0892336 0.1773265 0.6022924 0.0047303 0.3434638 0.1702005 0.1335903 0.0000000 0.4995159 0.1444931 0.4164924 0.4557707 -0.0707456 0.1569060 0.7871646 -0.2020404 0.5135486 0.6617789 0.3557835 -0.1100191 -0.0060567 0.0356764 0.2387710 0.1428366 -0.2257456 -0.1083524 0.4688778 0.2783616 0.6075289 0.0998363 0.0537306 -0.1763167 0.0790069 0.3029988 0.2818446 -0.5288794 0.0590514 0.2080554 0.3759100 0.2328841 -0.1503074 0.4594230 0.3427188 0.5171427 -0.0808293 0.4304767 0.5742386 0.6183687 0.6216441 0.0387576 0.1035911 0.7100363 0.2724974 0.7613768 0.3688800 0.1230663 0.1770419 0.5588266 0.7614973 0.6573819 0.5830890 0.5929487 0.6642959 0.3883590 0.8537710 0.4893515 0.6203054 0.6522387 0.4331529 0.2550624 0.4616698 0.1635833 0.0844379 -0.1183945 0.0300742 -0.1052528 0.1556237 0.0672213 0.0157618 0.1138728 -0.2215493 -0.2652727 -0.3840581 -0.4210287 0.2233371 0.1482345 -0.2709126 -0.2928442 -0.1309929 0.0242458 -0.0611451 0.0791014 -0.4417811 0.4165073 0.3728135 0.0035932 -0.2822536 -0.1841385 0.1601290 0.2743446 0.1604978 0.1336169 -0.1796824 0.1201037 -0.1634216 0.2914312 0.0846554 -0.2327365 -0.4219829 0.0401901 -0.1017214 0.1493622 -0.3977412 -0.6479193 -0.0051865 -0.1365122 0.0408231 0.5622226 -0.1056185 -0.3148332 0.4324819 -0.2782664 -0.0032416 -0.0202301 -0.3497879 0.0156593 -0.3398333 -0.0634960 -0.0284562 0.3381474 0.3511862 0.0394896 -0.2439172 -0.0002593 -0.3552356 -0.1436855 0.2479831 -0.2627366 -0.2386768 -0.3946640 -0.5314571 -0.2002469 -0.3266953 -0.1143294 -0.2754361 -0.5322094 -0.4765975 -0.1544792 -0.1618571 -0.4629150 -0.1831556 -0.2704741 -0.5177059 -0.3397960 0.0352827 -0.1591782 -0.4598287 0.1862196 0.1560877 -0.0065927 0.5997028 -0.1650574 -0.0275454 0.1451811 0.0657563 0.1187288 0.2012803 -0.0116722 -0.3532478 -0.3559506 -0.1372986 -0.0659265 -0.4052995 0.1799078 0.4054308 0.3705086 0.5480088 0.1547934 0.4662206 0.3622397 0.4427452 0.3433018 0.3753666 0.1728881 0.0298537 -0.0677764 0.4314650 0.2755789 0.0261530 -0.0239564 0.0455261 0.2415805 0.0951838 -0.2875648 -0.3096871 -0.1102149 0.2625492 0.6717860 0.3515237 0.0573750 0.0839575 0.2886905 -0.0423580 -0.3667420 0.1616776 0.1764027 0.1886801 -0.2015205 0.3496113 0.0085772
-0.0869889 0.2060718 -0.1721814 -0.2210917 -0.1913199 -0.2628007 0.4117169 0.0133065 -0.2274263 -0.1421802 0.1401833 -0.4019730 0.3037748 0.3125347 -0.3231553 0.4995159 0.0000000 0.0467493 0.2436260 0.4662264 -0.5323496 0.0913780 0.5376215 -0.4635592 0.3982353 0.5603230 0.4418051 0.2004033 -0.6293035 0.5678235 0.2952238 0.2724374 -0.4266104 -0.4417081 0.4607000 -0.2932400 0.5629631 0.1748147 0.4695524 0.4698292 0.1364984 -0.4498744 0.5588070 0.0857839 -0.5881607 0.1245733 0.4718034 0.4206276 -0.1947585 0.4381561 0.6250743 0.6229921 -0.5031017 0.4286816 0.4654891 0.2716267 0.4991597 -0.1884899 0.3705925 0.7541414 -0.3785695 0.6363883 -0.1267798 -0.2235755 -0.4891223 0.4550618 0.3917774 0.3080031 0.3500602 0.1108894 0.0547383 -0.1085914 0.3254226 -0.1682579 0.2106459 0.0127983 -0.1001758 -0.4023312 -0.2600325 -0.1770812 -0.4370454 -0.4551636 0.0344911 0.0896271 -0.1985200 -0.3377724 -0.1736196 0.2656225 -0.4918412 -0.0770838 -0.2329926 -0.1175671 -0.2179426 0.1571714 -0.4346343 -0.1577231 0.0207152 -0.2109484 0.0972392 0.1481986 -0.1047998 -0.1273523 -0.0883080 -0.4322329 0.1572060 -0.2615059 -0.3215572 0.1660868 -0.2550263 -0.1256851 -0.3315520 -0.2932320 0.0352678 0.1859772 0.0553271 -0.1781189 -0.3654567 -0.1027172 -0.2727654 -0.1600189 -0.3419968 -0.5898936 0.0339055 0.0863790 -0.0605207 0.5374875 -0.2202214 -0.5082557 0.0636352 -0.7241897 -0.2535667 -0.2675168 -0.2838251 -0.3354072 -0.4772156 -0.3680059 -0.5509031 0.2050401 0.0941497 0.3747010 -0.4103996 0.3934528 -0.3793701 -0.3121566 0.1519490 -0.2562221 -0.1596671 -0.3418939 -0.5506642 0.0274524 -0.1007993 -0.0878350 -0.1230354 -0.2052773 -0.5099051 -0.3139257 -0.1185107 -0.2886272 -0.3067231 -0.0183329 -0.5158618 -0.0121050 -0.1585515 -0.2010705 -0.2569878 0.1833167 -0.0259566 0.0360632 0.2946512 -0.1102328 -0.0071490 0.2243957 0.2578528 0.2581456 0.0188251 0.3808667 -0.0548370 -0.0749783 -0.4642704 -0.4432225 -0.2915803 -0.0218418 -0.0844355 -0.0099580 0.7526837 -0.4882853 0.0385603 -0.1103373 -0.0863963 -0.0748312 0.0381189 -0.4443944 -0.3871226 -0.1053462 0.2911182 0.1527185 0.4321071 -0.0457364 -0.3641629 0.5581343 0.0192656 -0.0134317 -0.3015446 -0.0649082 0.3839251 0.4361562 0.1516796 0.0702482 -0.0016893 -0.0498331 0.1583973 -0.3553143 0.1062335 -0.2517884 -0.5039299 -0.0396206 0.4889869 0.6351496
