0.0000000 -0.1357719 0.1661227 -0.2989010 0.4893529 0.0145561 0.1029947 -0.2409982 -0.0661882 -0.3455597 -0.3704696 -0.0711494 -0.0975800 -0.2215929 -0.1444432 -0.4549712 -0.5430822 -0.1133014 -0.4796350 0.2192954 -0.3192029 -0.0788344 -0.3875183 0.1627057 -0.4813410 -0.5471792 -0.2527836 0.0427218 0.0063682 -0.0923100 -0.1095097 -0.3043188 0.0960571 0.0025017 -0.4280774 -0.3441816 -0.2317711 -0.3006248 -0.2707453 -0.1144900 -0.3076104 -0.0951304 -0.3371951 -0.1948095 0.0079110 -0.3009786 -0.5286812 -0.1406630 -0.0726333 -0.2647704 -0.5417278 -0.4405356 -0.1694369 -0.3828445 -0.2090621 -0.1881856 -0.3640315 -0.4747176 0.2854977 -0.5823310 -0.2392017 -0.5515088 -0.2534346 -0.0337525 0.0299401 -0.1290135 -0.6276087 -0.5420148 -0.4313903 -0.3273424 -0.6090369 -0.1432172 -0.6035574 -0.1496992 -0.3262510 -0.5574007 -0.1841286 -0.5660898 -0.3332329 -0.4992867 -0.4036087 0.0075366 -0.0558538 -0.5345214 -0.4721974 -0.0292357 0.0209880 -0.1577408 0.2296989 -0.0672210 0.3932298 0.3352330 0.3387074 0.2003534 0.2545562 0.2767722 0.1262909 0.1847010 0.0140933 0.1630380 -0.2310954 0.1265132 -0.2265763 0.2002736 0.6072906 0.1314028 0.1152056 -0.3465688 0.5145391 -0.1991457 0.5399188 0.0367025 -0.2823732 -0.3390855 -0.4486089 -0.3284006 -0.3378150 -0.2888405 -0.0607317 0.2041198 -0.0398159 -0.1960670 -0.0979233 0.0269290 0.2904703 0.6000140 -0.1325360 -0.0974779 0.5042665 0.1193603 0.3511425 -0.3223368 -0.0306348 0.6493681 0.4419880 0.5765099 0.5788931 0.5072228 0.5584451 0.6154640 0.4155987 0.6616149 -0.0422354 0.6551974 0.5789491 0.0526648 0.5823160 0.6154852 0.2848172 0.7343260 0.6226594 0.3333180 0.6759586 0.4158196 0.2984984 -0.0032761 0.3202057 0.6138969 0.1497738 0.6640126 0.2315264 0.6205641 -0.1919541 0.4767624 0.5847872 -0.0648218 0.0401367 0.3432959 0.3930071 0.4507516 0.6756840 0.5147886 0.4394246 0.4063183 -0.0653694 0.1501034 -0.1560301 0.2000090 -0.3984438 -0.4597877 0.0435450 -0.0090042 0.0213032 0.2675078 0.1504987 -0.1876555 -0.2035953 -0.2739817 -0.1016799 -0.0813071 0.3175514 0.1385496 0.1488054 0.3674199 0.5293636 0.2940514 0.6480468 0.0664752 -0.2401909 0.6182479 0.2418934 0.0132591 0.2071855 0.2515840 0.5968677 -0.0574944 0.5962208 0.1504488 0.1367856 -0.1013656 0.0702659 0.3109768 0.0783741 -0.1966658 0.6884900 0.0522888 -0.3042215 0.5757831
-0.1357719 0.0000000 0.3674733 0.5303328 0.5408090 0.4836026 0.3449378 0.2755043 0.5715367 0.4015094 0.3261709 0.4794932 0.4342700 0.4327897 0.7410930 0.1470894 -0.0308137 0.5177432 0.0002204 0.1389380 0.5129424 0.0506053 0.0912353 0.5877544 0.1409157 0.2891703 0.3643057 0.6020538 0.6767119 0.6725135 0.0695846 0.4212034 0.5184498 0.7728508 0.1686686 0.5940996 0.3724696 0.4073402 0.4325492 0.1601961 0.3669532 0.6364237 0.0815182 0.4447866 0.6479721 0.2891148 0.3009810 0.3551068 0.7389063 0.1626835 0.2488886 0.1553678 0.6337285 0.3805179 0.5267213 0.3610883 0.3389201 0.3952049 0.5063032 0.2841682 0.4893292 0.2694222 0.3250845 0.4423025 0.3925688 0.3830361 0.2809938 0.1444923 0.3785659 0.2198806 0.1613332 0.4572153 0.0380402 0.3934027 0.3058432 -0.0172475 0.2380788 -0.2422704 -0.4553118 -0.1559128 -0.1624592 -0.0798063 -0.0389421 0.0762401 0.1014535 -0.2014339 -0.0248486 -0.2986476 -0.1665230 -0.0202397 0.3130615 0.5492459 0.3848820 -0.2148295 -0.1351151 -0.2202834 0.3486002 0.3962545 0.0849745 0.2257306 0.3448928 0.0277466 -0.3182388 0.1422035 0.2649760 -0.0427488 -0.2825571 -0.1491097 0.1211856 -0.2304036 -0.0821177 -0.0164586 -0.3494978 -0.2484836 -0.1298643 -0.3493533 -0.4411684 -0.3923078 -0.6390078 -0.5157818 -0.6344986 -0.4481347 -0.0769053 -0.5762232 -0.4835949 -0.1090580 -0.3090145 0.1550191 -0.1692545 -0.4939818 -0.1638153 0.2347562 -0.2339113 -0.3619699 0.0506462 0.0156942 -0.0979192 0.0780533 -0.0046376 -0.0966647 -0.1353317 0.0046754 0.0583339 -0.3710348 -0.0157140 -0.2800878 0.1559896 0.1838947 -0.4060255 -0.0687365 0.1316323 0.1087202 0.0849479 -0.1080910 0.1228599 0.2310807 -0.1974534 0.1266977 -0.2319053 0.0625370 -0.0853958 0.0291436 -0.4275858 -0.0000262 -0.0921698 0.1410747 -0.4127039 -0.2932676 -0.4028615 0.0852492 -0.1310311 -0.3953784 0.0180248 0.0370500 0.5806192 0.0524498 0.0924686 -0.3091803 0.3246768 0.3007502 -0.1823196 0.2440675 0.6470231 0.4160031 0.4654102 0.3743059 0.2957609 0.2132054 0.4653747 0.2052548 -0.3662363 -0.0608969 -0.1236023 -0.0433552 -0.1704453 -0.2370395 -0.1536863 -0.3415541 -0.1203718 -0.2509917 0.2783725 -0.0694831 -0.1490012 -0.2428939 -0.4069132 -0.1974491 -0.0480456 -0.0490719 0.3103508 0.0286647 0.1546987 -0.4129372 -0.0289664 0.0066481 -0.1639762 0.2856544 0.1595693 -0.6388823
0.1661227 0.3674733 0.0000000 0.2722867 0.6123925 0.2259878 0.1392933 0.3709901 0.2048871 -0.0194025 -0.0154032 0.1980399 0.5930691 -0.2113357 0.2287259 0.0208117 -0.1164175 0.0426671 0.0449127 0.6542854 -0.0494153 0.1687970 -0.0632775 0.2739038 0.0639208 -0.0681169 -0.0906749 -0.1173690 0.2319830 -0.0713901 0.3034437 0.2946087 0.1573422 0.2444613 -0.0640822 -0.0834829 0.2840597 0.3163420 -0.1186917 -0.1213608 0.4255243 0.1179627 -0.1483261 -0.0604948 0.2660245 0.0489373 -0.1412341 0.5931399 0.3023548 0.0986456 -0.2065383 -0.1431688 0.5467414 -0.0502435 0.3018038 0.0006446 0.1944636 0.0455488 0.3193606 -0.2024108 0.4532695 -0.2785775 -0.1587033 0.1178392 0.5055364 0.5047103 -0.3131796 -0.1464163 -0.2116756 -0.1900319 -0.2139665 0.4065834 -0.1184885 0.2973112 -0.0503078 -0.2419000 -0.0594545 -0.2629910 -0.1902805 -0.0019278 -0.0123873 0.0852206 0.1375918 0.0730022 -0.2708586 0.1548404 0.0889833 -0.4158254 0.2229729 0.1005118 0.3380338 0.6333709 0.4145301 0.2148794 0.1477584 0.2439494 0.5228919 0.3605029 -0.0609711 0.4047459 -0.1762267 0.2519180 0.0629768 0.5559320 0.4939610 0.1083850 0.0522328 0.0739494 0.2482248 0.0857867 0.2031843 0.0004046 -0.0097556 -0.0038031 0.0372171 -0.1852780 -0.1667955 -0.0157728 -0.1831336 -0.0618585 -0.1585902 -0.1799414 0.0225180 -0.4888206 -0.0779455 -0.0095068 -0.2487900 0.4320624 -0.0814438 -0.4108844 -0.2685780 0.2912686 -0.2386627 0.0850532 0.4687886 0.2069823 -0.0802975 -0.1397683 -0.0921327 0.1422424 0.3471010 0.0260304 0.3832041 -0.2678692 -0.0992530 -0.2030706 -0.0791198 -0.0704908 0.2833491 0.2252120 0.3847411 0.0091623 0.1251871 0.3034267 -0.1849323 -0.2219853 0.4301612 -0.0239455 0.2719948 0.2897258 0.0624809 0.4584618 -0.4380343 0.3231724 0.2442421 -0.0040914 -0.0169085 0.3544376 0.3036383 0.3847091 0.2578037 0.4217620 -0.0730813 0.1007099 0.1899010 0.1907387 0.1089267 -0.0435563 -0.4135758 -0.3236654 -0.4853599 -0.1045357 0.2655277 0.2340885 0.4777835 0.4973640 0.5949596 0.5166285 0.3572068 0.0657307 -0.0280028 0.2385883 0.1778622 0.0649712 -0.0310631 -0.0929558 -0.1830613 -0.0025194 0.1095770 -0.1457748 0.5213449 0.1523743 0.2750356 0.0367996 0.1750679 -0.0117648 -0.1152434 0.3212749 0.5967343 -0.1287178 -0.0607391 -0.0361210 0.5270396 0.0167463 0.1361426 0.5075561 -0.3703520 -0.0521538
-0.2989010 0.5303328 0.2722867 0.0000000 0.2514337 0.4874968 -0.2051212 0.7530356 0.4784667 0.6977921 0.7651109 0.2371476 0.6627288 0.4438096 0.4212880 0.6759198 0.3220476 0.6032781 0.5965921 0.1259023 0.4160114 0.4151522 0.4549624 0.3728639 0.5371723 0.4651410 0.0852868 0.2831340 0.5294995 0.5458465 0.4336251 0.4632466 0.3051081 0.5760343 0.3035459 0.5427105 0.2456347 0.5135646 0.5758434 0.2668026 0.5148803 0.4781204 0.3220899 0.2821521 0.5314011 0.3656834 0.4094469 0.3197124 0.4982820 0.4928819 0.4524298 0.3579746 0.8092089 0.6500994 0.5598275 0.3946516 0.4245624 0.7052583 0.4284357 0.5460558 0.7951289 0.6046182 0.5110863 0.4279177 0.5400719 0.3722663 0.6355264 0.6024048 0.5614795 0.6393957 0.6492479 0.7913198 0.5980696 0.7173852 0.8246313 0.6360512 0.7560063 0.1984183 0.2119244 0.4630331 0.1859816 0.1318669 0.1964649 0.2049944 0.2015017 -0.1643895 0.0341110 -0.2134599 -0.2793548 -0.1499708 0.0210749 0.2720725 -0.0381273 -0.1815626 -0.1324736 -0.0741131 0.1894991 0.0993356 -0.0779099 0.1060309 -0.0060802 -0.1185099 -0.3515750 -0.1752281 0.0728649 0.1601767 -0.1529899 -0.0170590 -0.2331468 -0.0477613 -0.2483210 -0.0708174 -0.1160364 -0.0455664 0.1230851 -0.0523515 -0.1263422 -0.2243643 -0.4912816 -0.3935779 -0.3493294 -0.2156917 -0.2027924 -0.4358046 -0.3601165 -0.2376873 -0.1012429 0.3489098 -0.2749931 -0.1445582 -0.1312800 0.2950566 -0.0149505 -0.6081322 -0.0043011 0.0041577 -0.2011645 -0.2473916 -0.1178250 -0.4397353 -0.0316806 -0.3548985 0.5565548 -0.4825763 -0.2366252 0.1364701 -0.1353737 -0.1091661 -0.0889496 -0.3827802 -0.1129947 -0.0238104 -0.3453371 -0.1020395 0.1013934 0.3432632 -0.1751851 -0.1789980 -0.0301082 -0.3041803 0.0823893 -0.3739790 -0.0638756 -0.4354486 -0.3716534 0.3566829 -0.2764536 -0.2834734 -0.5851765 -0.3532190 -0.3842197 -0.3556144 -0.5238235 -0.5039787 -0.1542619 -0.3075893 -0.2580411 -0.5085391 0.0537669 0.2725824 -0.1144529 0.1817500 0.6610558 0.2516677 0.5778380 0.6590514 0.4279156 0.3421310 0.7085464 0.6911787 -0.3625802 0.0386464 -0.0800455 -0.3262739 -0.3164125 -0.5973562 -0.3264798 -0.5108514 0.1593481 -0.3982831 -0.1346764 -0.2506456 -0.4458073 -0.0215202 -0.1597163 -0.1575017 -0.3209559 0.0078537 0.0287407 -0.2196711 -0.1701606 -0.5282858 -0.0979485 0.1228159 -0.2582239 0.4130825 0.1764094 -0.5344868
0.4893529 0.5408090 0.6123925 0.2514337 0.0000000 0.6705017 0.4077924 0.1437470 0.6843386 0.1388272 -0.0798304 0.4735448 0.2763851 0.1013840 0.3520005 -0.1866326 -0.5217667 0.1862947 -0.2530114 0.3097810 0.0692429 0.2619965 -0.1461606 0.7369201 -0.1539950 -0.2389284 -0.2166321 0.3261663 0.5753805 0.1771765 0.2765424 0.0529764 0.5855878 0.6823031 -0.1409218 0.0442644 0.0179586 0.2673096 -0.0042666 -0.1256941 0.1476803 0.5017641 -0.1206908 0.1346327 0.5839272 0.0084066 -0.1947572 0.2833511 0.5294640 0.2040625 -0.2461146 -0.2775430 0.5754382 -0.1350684 0.3274922 0.1983102 -0.0894020 -0.1246654 0.3815868 -0.2498029 0.1892877 -0.3086255 0.2292108 0.3346183 0.4995094 0.1451500 -0.3115100 -0.3252232 -0.0129573 -0.1919516 -0.3332413 0.3317136 -0.3741407 0.4457484 -0.0353372 -0.3614754 0.2042196 -0.5799868 -0.4246923 -0.3222186 -0.3930089 -0.2065982 -0.1409212 -0.3736444 -0.3521063 -0.0989893 -0.0229946 -0.4838248 0.2148352 -0.0043987 0.5525235 0.6426204 0.4242178 -0.0507408 0.2201061 0.3266891 0.5268627 0.2041526 0.1087711 0.1707777 -0.0516830 0.0186089 -0.3240797 0.2978556 0.5250341 0.1054673 -0.3213058 -0.2543932 0.1683212 -0.2211639 0.1093881 -0.3750131 -0.3702174 -0.2545534 -0.5030848 -0.3982561 -0.4610118 -0.5892692 -0.5466352 -0.4369783 -0.3444453 -0.2308532 0.1500418 -0.4316379 -0.2728231 -0.0091082 -0.1536048 0.2680724 -0.0942387 -0.1884478 -0.0821400 0.3430870 0.0138209 -0.0019013 0.6326906 0.3729776 0.0742995 0.0567666 0.1551337 0.1278388 0.5671562 0.1568259 0.2406374 -0.0239658 0.0489716 -0.0397233 0.2390795 0.3301174 0.2878884 0.2618219 0.2982426 -0.0437399 0.2568812 0.4975231 0.4218556 -0.1424096 0.2624608 0.2471881 0.1296184 0.2796666 0.4603551 0.4061793 -0.5663498 0.2133723 0.4299632 -0.0141668 -0.1278844 0.2619316 0.0792538 0.3036406 0.3364485 0.2707977 0.1045442 0.1664879 0.1597902 0.1956381 0.0135728 -0.0722846 -0.3521474 -0.3266851 -0.3407005 -0.1733702 0.2455955 0.1467027 0.2812834 0.2928442 0.0646119 0.2664897 0.5229578 0.2471984 -0.3168374 0.2702862 0.2606307 0.0008957 -0.0717701 -0.1911634 0.1400255 -0.0264673 -0.1345697 -0.1048740 0.3670054 -0.0316325 0.0493761 0.0443526 0.2583307 -0.3157909 0.1558847 0.3154199 0.4057211 -0.1456811 -0.0059969 0.0757130 0.1852422 -0.2314877 0.5025868 0.3920335 -0.2543170 -0.0400864
0.0145561 0.4836026 0.2259878 0.4874968 0.6705017 0.0000000 0.5747120 0.1652728 0.9345830 0.3979154 0.0964955 0.7262787 0.0538432 0.2990434 0.3846324 -0.0711275 -0.3006685 0.2783626 -0.1351699 -0.1900344 0.1355216 0.2675871 -0.0635955 0.7566279 -0.0643391 -0.1264173 -0.2756814 0.3765706 0.6181159 0.3411995 0.1669393 -0.1110017 0.5825355 0.7438494 0.0004545 0.1154063 -0.1938438 0.1731552 0.3132877 0.2276856 0.0469204 0.5436531 0.0822006 0.3115431 0.4712065 -0.1341312 -0.0670130 -0.0343601 0.5519720 0.3207825 0.0250832 0.1302540 0.6583818 0.2902620 0.2130918 0.0857265 -0.2211730 0.3086688 0.2545181 0.0717432 0.3260378 0.0848377 0.3464630 0.5571622 0.6212808 -0.2303556 0.1465614 0.1523368 0.1942415 0.1475988 0.0679826 0.4771422 0.1319404 0.7915227 0.2156977 0.1243016 0.5810269 -0.3246707 0.0456361 0.2082505 -0.2525048 -0.3949460 -0.4203511 -0.4191493 -0.2447351 -0.2693090 -0.1876372 -0.1609964 -0.0454629 -0.0660939 0.2741699 0.1207548 -0.0418892 -0.1587625 0.2971426 0.2544391 0.2450721 -0.2315591 0.2350160 -0.0269223 0.0587576 -0.3421481 -0.5468205 0.0785673 0.0744006 0.3030926 -0.5341659 -0.2409672 -0.3206291 -0.1793489 -0.2738181 -0.6932893 -0.2568485 -0.0310495 -0.4180199 -0.1575578 -0.2539615 -0.6487282 -0.6233200 -0.6995379 -0.2216828 0.0426144 0.2802708 -0.2031421 -0.4408587 -0.4481823 0.1296789 0.2458568 -0.4375850 0.0121357 -0.1250895 0.5148960 0.2285430 -0.4304598 0.2426541 0.0336380 -0.1882186 -0.1608517 -0.0724594 -0.2504895 0.4046899 -0.1453656 0.0781828 -0.3177376 -0.2558393 0.3113816 0.0354942 0.1049532 0.1735133 -0.1729324 -0.2121072 -0.4849245 -0.0527602 0.2038847 0.5237443 -0.3145004 -0.2398452 -0.0455444 -0.1845332 -0.1811378 0.5325590 -0.0123898 -0.5099541 -0.2491180 0.1690976 -0.2121229 -0.4286997 -0.1600957 -0.3183014 -0.0956829 -0.0292765 -0.0519478 -0.0912423 -0.0315890 0.0969654 0.3059615 0.2145734 0.1355993 -0.0184519 0.1077936 0.1059417 -0.0074686 0.1924468 -0.0266230 0.1879935 0.4269790 -0.0884599 0.4206778 0.7894290 0.6034966 -0.6760568 0.5548253 0.4242485 -0.2587159 -0.4718972 -0.4436468 -0.0997411 0.1023522 0.2061800 -0.4801601 0.0333479 -0.2812754 -0.3006657 0.0480588 0.1719956 -0.4086344 -0.0917065 0.3770015 -0.0641552 -0.3446093 -0.2483209 0.1602222 -0.2139847 0.0807089 0.4082652 0.1302837 -0.2219907 -0.2937380
0.1029947 0.3449378 0.1392933 -0.2051212 0.4077924 0.5747120 0.0000000 -0.3196924 0.4599509 -0.1531909 -0.3743463 0.6401435 -0.3226893 -0.0079967 0.0938687 -0.5607394 -0.3286314 -0.0656749 -0.5793706 -0.1513261 -0.0949250 -0.1746606 -0.3031778 0.4992380 -0.4910671 -0.3250215 -0.2200684 0.2194608 0.2698165 0.0738882 -0.2131154 -0.3974646 0.4330544 0.3915941 -0.1129031 -0.2480033 -0.2190900 -0.1621956 0.1009268 0.1632320 -0.2805047 0.1694537 -0.0715111 0.1701587 0.0118321 -0.3257076 -0.2632785 -0.1667446 0.2749032 0.0086773 -0.2165698 0.0040701 0.0223257 -0.0105128 -0.1363956 -0.2106115 -0.4059523 -0.0048130 0.0639877 -0.2323943 -0.1963710 -0.2876019 -0.1843426 0.2822682 0.2286401 -0.4046391 -0.2540804 -0.2242331 -0.1667968 -0.2242350 -0.3367258 -0.0888333 -0.2700115 0.2270184 -0.3682891 -0.3211023 -0.0473980 -0.3687275 -0.0946989 0.0356859 -0.1801491 -0.4391119 -0.6644144 -0.5513199 -0.3532711 -0.2112350 -0.0303106 0.0082042 0.0693063 0.1035430 0.3745803 -0.0171759 -0.0205351 -0.0461134 0.4216590 0.1959991 0.1317321 -0.1988749 0.3180911 -0.0871050 0.1536048 -0.2488469 -0.3293268 0.3553091 -0.0127714 0.2292496 -0.4984290 -0.2664331 -0.2083853 -0.0936825 -0.2223203 -0.5413237 -0.3000001 -0.1153393 -0.3417229 -0.2364313 -0.2741184 -0.5157931 -0.4250361 -0.6030795 -0.2299693 -0.0380216 0.5230824 -0.0367388 -0.3344478 -0.3891627 0.0087447 -0.0542038 -0.3362289 -0.1907980 -0.1693567 0.1700654 0.0403563 -0.0592849 0.0140561 -0.2277493 -0.1625575 0.0038031 -0.1043223 0.0378688 0.0600496 0.1152679 -0.4388375 -0.0470461 -0.1339097 0.0867118 0.0888148 0.1285062 -0.1101959 0.1290897 -0.0964164 -0.4203615 0.1844122 -0.0740713 0.3020481 -0.4907060 -0.3462248 0.0354901 -0.4573776 0.0767211 0.2196158 0.2405611 -0.4098153 0.0826370 0.3093494 -0.6153599 -0.5618107 -0.2990789 -0.1023460 0.1915830 0.0393862 -0.0388507 0.3910436 0.5409132 0.5922797 0.8092025 0.7053383 0.6065999 0.1667954 0.1590775 0.2848138 0.0299670 -0.2108836 -0.0889571 -0.0914059 0.0112974 -0.2415155 0.3711531 0.3263903 0.1142544 -0.5790760 0.6542029 0.5738376 -0.0119197 -0.3698097 0.1112324 -0.0006767 0.6334633 0.3595578 -0.2841668 0.4405184 -0.0547857 0.1454277 -0.0283252 0.2532284 -0.0971812 0.0673278 0.3770329 0.0970063 -0.0693431 -0.1108802 0.5128430 0.0888680 0.2647609 0.4814344 -0.3038861 -0.3287806 -0.0669660
-0.2409982 0.2755043 0.3709901 0.7530356 0.1437470 0.1652728 -0.3196924 0.0000000 0.1909424 0.4403726 0.7572982 0.1366776 0.7703495 0.0299659 0.1377186 0.7927821 0.6074758 0.1916258 0.8225745 0.3865406 0.3116226 0.4338846 0.6925676 0.0698269 0.6781649 0.5429488 0.0699432 -0.1629643 0.3530265 0.1383785 0.5195205 0.5619890 0.0499151 0.2623743 0.4360199 0.3581759 0.3174870 0.5708889 0.4147497 0.2568496 0.4909232 0.1908779 0.3976751 0.0934314 0.2375730 0.4717761 0.3912066 0.4288052 0.1877088 0.5198385 0.3810029 0.4101283 0.5350658 0.5864150 0.5479395 0.3962860 0.5454706 0.6062636 0.4073960 0.4788580 0.6790566 0.5713837 0.3286141 0.2421838 0.4611920 0.5413898 0.4903345 0.5744047 0.4576126 0.5805928 0.6274311 0.4770947 0.6022949 0.4846142 0.7062651 0.6489954 0.4973187 0.3874502 0.4044233 0.5078844 0.5089158 0.1306800 0.2633028 0.1514959 0.0284815 -0.0559712 0.0791576 -0.4259201 -0.3264231 -0.2343997 -0.1511180 0.2117205 -0.1383618 -0.3058682 -0.3914735 -0.3033071 0.0279742 0.0657100 -0.1721543 0.0116634 -0.1872183 -0.0506308 -0.2063079 -0.3242207 -0.0022664 -0.1609802 -0.0988076 -0.0184131 -0.0066130 0.0465830 -0.1348642 0.2185129 -0.0327103 -0.0923949 0.2256226 -0.0445971 -0.0833560 -0.0863497 -0.3550732 -0.0568308 -0.1639995 -0.2646659 -0.3270939 -0.3427850 -0.0003230 -0.0720771 -0.2610592 0.0322810 -0.0301700 -0.1177795 -0.0401045 -0.0839294 -0.2567379 -0.3743103 -0.0908982 0.0479695 -0.0492217 -0.1935293 -0.0787906 -0.2335753 -0.2025069 -0.3021252 0.4135063 -0.3786044 -0.1308995 0.1612639 -0.1888692 -0.1893728 -0.2129200 -0.3265274 -0.0079034 0.0758775 -0.3783911 -0.1598070 -0.2410507 0.3586826 -0.1663238 -0.2214545 -0.1072425 -0.1953096 -0.2028142 -0.3292808 0.1330733 -0.2224525 -0.5144335 0.1871718 -0.0908616 -0.2680165 -0.4150666 -0.1967934 -0.4610862 -0.3234850 -0.6681540 -0.5320219 -0.3187902 -0.3600701 -0.2942126 -0.6159145 -0.1621087 0.0698805 -0.3396839 -0.0104631 0.4620241 0.0973210 0.5802236 0.6252636 0.6491889 0.4989750 0.5326999 0.5892582 -0.0400921 0.0253385 -0.0321515 0.0657231 -0.0371069 -0.2034024 -0.2362428 -0.3640637 0.3732927 -0.2412102 0.1265272 -0.0443365 -0.0079653 0.2010830 -0.1664794 0.1976648 -0.2174051 0.0851072 0.2750675 0.0306947 -0.0395334 -0.4389875 0.2338967 0.1857317 -0.3042194 0.4400243 0.1104987 -0.2918650
-0.0661882 0.5715367 0.2048871 0.4784667 0.6843386 0.9345830 0.4599509 0.1909424 0.0000000 0.4379207 0.1122781 0.6978531 0.1101030 0.3957617 0.5714317 -0.0024262 -0.2888875 0.3189617 -0.0673014 -0.1538734 0.2706483 0.3305051 -0.0308462 0.7819135 0.0682263 0.0182891 -0.1377024 0.4950895 0.6126103 0.4631006 0.2340450 0.0586314 0.6243325 0.7610837 0.0856471 0.2396667 -0.0470574 0.3159834 0.3416117 0.2048494 0.1866591 0.5578787 0.0906127 0.4815804 0.5426497 0.0101397 0.0740425 0.0867939 0.6872172 0.2923948 0.1230115 0.1057061 0.7021927 0.2594827 0.3304111 0.2182625 -0.0844459 0.2375207 0.2428360 0.1481965 0.3009362 0.1081051 0.4807276 0.4562111 0.4779410 -0.0966324 0.2108120 0.0992681 0.2925489 0.0943249 0.0935499 0.4709260 0.1021395 0.6700661 0.2394160 0.0970440 0.5007090 -0.3320454 -0.1143920 0.0586361 -0.2783562 -0.4380404 -0.3803357 -0.3005530 -0.1580570 -0.3428162 -0.3398797 -0.2786613 -0.1406306 -0.1964286 0.1186330 0.1352688 -0.0497123 -0.1858979 0.0786884 0.0826973 0.2210691 -0.2346818 0.1248740 0.0555995 0.0822070 -0.4147896 -0.5346908 -0.0104761 0.0006189 0.0391565 -0.6022542 -0.2652426 -0.2437936 -0.2869801 -0.3281593 -0.6314533 -0.2892096 -0.0842106 -0.4691199 -0.2202320 -0.3134424 -0.6124578 -0.5959214 -0.6215518 -0.2373687 0.0403047 0.1840694 -0.1943147 -0.4318698 -0.3904885 0.0721948 0.1662161 -0.3876916 -0.0618063 -0.1677625 0.4812394 0.1250278 -0.4338090 0.2577192 0.0476824 -0.1904282 -0.1521455 -0.0812339 -0.2147656 0.3781124 -0.1907785 0.0806327 -0.3407729 -0.2586129 0.1653141 0.0085262 0.0951451 0.1094199 -0.3001675 -0.2104730 -0.3844091 -0.1151013 0.1875217 0.4074511 -0.2059223 -0.2154094 -0.0659330 -0.1356658 -0.2202510 0.4053221 -0.0671297 -0.4889701 -0.2467844 0.0205501 -0.0215442 -0.2685697 -0.1472330 -0.3526808 -0.1293509 -0.0970625 -0.1472787 -0.1093392 -0.0867803 0.1352340 0.1359279 0.1153391 -0.0415590 0.0065085 0.0672723 -0.0797828 -0.0752060 0.2258597 -0.0460311 0.1623971 0.3342390 -0.0441593 0.4018346 0.7171972 0.5146078 -0.5762386 0.3701028 0.3193255 -0.2114940 -0.4053938 -0.4445615 -0.0922144 -0.0473145 0.0737227 -0.4587463 -0.0048405 -0.1212849 -0.2355724 0.0145323 -0.0616352 -0.4156086 -0.0733577 0.2133610 -0.0145134 -0.1458654 -0.0749646 0.0457066 -0.1677982 -0.0544264 0.2524067 0.1725132 -0.0317236 -0.3801311
-0.3455597 0.4015094 -0.0194025 0.6977921 0.1388272 0.3979154 -0.1531909 0.4403726 0.4379207 0.0000000 0.7662059 -0.0757467 0.4376187 0.7527279 0.1890945 0.5935313 0.3652656 0.7071040 0.5730404 0.0595064 0.1082731 0.5061124 0.4213777 0.0435680 0.6862892 0.6454526 0.3559107 0.0632412 0.2222847 0.4837830 0.5046195 0.5807358 -0.0423483 0.2972858 0.5431832 0.2983206 0.4513884 0.5585194 0.6572071 0.0142426 0.5730796 0.4400298 0.6168620 -0.0033666 0.5266335 0.6249287 0.7694179 0.3068806 0.2159158 0.2822020 0.7630633 0.3934563 0.5787138 0.5327961 0.6593077 0.6737838 0.6351385 0.5790376 0.0923355 0.8051366 0.4460384 0.6704974 0.7712981 0.5315221 0.3133379 0.4150223 0.7961278 0.5856328 0.7738234 0.7636745 0.7546626 0.5939134 0.5726713 0.6097719 0.8133071 0.6818182 0.8139917 0.4529123 0.1963908 0.3956485 0.2415756 -0.0518342 0.0107321 0.0945477 0.1531538 -0.4190156 -0.2603964 0.0159160 -0.1965010 -0.0251125 -0.0084057 0.1701364 0.0505998 -0.1919088 -0.0771861 -0.0529667 0.3248959 0.1911810 0.0564638 -0.2326382 0.0426178 -0.0666273 -0.3358511 -0.3213419 -0.1308269 0.1312058 -0.2098281 -0.0295481 -0.3355046 -0.1675693 -0.3661497 -0.2887273 -0.0454687 0.1175732 0.1126980 0.1958728 0.1883383 -0.1979279 -0.3016197 -0.4273419 -0.1721219 0.1087036 0.0771548 -0.4304192 -0.5051464 -0.4173151 0.2468169 0.2396809 -0.4654907 -0.0641164 -0.1790062 0.2079445 0.2216020 -0.6235908 -0.2716515 -0.3565233 -0.2981501 -0.3593064 -0.1992844 -0.6124570 -0.1779133 -0.4791586 0.3257003 -0.5724142 -0.2982289 -0.0972151 -0.1799580 -0.1425028 -0.1024223 -0.5116903 -0.3668248 -0.1215951 -0.4044738 -0.0464584 0.1687991 0.2568015 -0.0507893 -0.2220060 0.0070744 -0.3827853 0.1775034 -0.3431675 -0.1130434 -0.3891172 -0.1968215 0.2001219 -0.0911674 -0.1449757 -0.3960292 -0.2260268 -0.3360600 -0.3838142 -0.2076282 -0.4181965 -0.0480330 -0.4725337 -0.4664906 -0.5424737 -0.0958240 0.1390275 -0.1852344 0.0628245 0.4020787 0.1512016 0.2450662 0.4167109 0.0919374 0.1873491 0.6827286 0.6458594 -0.4814620 0.0208969 0.0449475 -0.6468430 -0.5343286 -0.8504315 -0.5110705 -0.4461655 0.0643470 -0.5782300 -0.1153035 -0.1008725 -0.6793471 -0.5600070 -0.4021577 -0.0493152 -0.5266613 0.1344906 0.0595220 0.1066897 -0.4485652 -0.6138735 -0.1724130 -0.1489447 -0.0958956 0.3048764 0.1433496 -0.5326141
-0.3704696 0.3261709 -0.0154032 0.7651109 -0.0798304 0.0964955 -0.3743463 0.7572982 0.1122781 0.7662059 0.0000000 -0.0483165 0.6439040 0.3784399 0.0993308 0.9256517 0.7474231 0.4830365 0.8315566 0.1809933 0.3594405 0.4083054 0.8074088 -0.1182291 0.7660171 0.8060363 0.3860618 -0.0756769 0.3422762 0.3608146 0.4820326 0.6655119 -0.1520835 0.2323421 0.7129002 0.3899474 0.4846997 0.5852124 0.6796675 0.3130614 0.5309832 0.2227725 0.7131528 0.0076660 0.2844793 0.6825407 0.7460228 0.3231258 0.0600713 0.3791057 0.7859926 0.6197759 0.3698617 0.7456750 0.6162510 0.6307965 0.7138691 0.7103039 0.1644384 0.8518532 0.5578929 0.8526954 0.5197728 0.2906534 0.2862914 0.5306935 0.8251736 0.7592722 0.7280907 0.8675265 0.8765309 0.3871900 0.7198677 0.4356913 0.8989161 0.8277940 0.6591231 0.6043143 0.3732513 0.4863890 0.5359766 0.0201097 0.2241519 0.1672390 0.2262522 -0.2617239 0.0300042 -0.2401542 -0.3122366 -0.1164772 -0.0615676 0.1697605 -0.0317086 -0.4404316 -0.2971600 -0.3835898 0.1037363 0.2455649 0.0195597 -0.2852088 0.0231031 -0.0350443 -0.2716487 -0.5262509 -0.1269657 -0.0825709 -0.0820127 0.0136360 -0.0949806 -0.0058436 -0.1808326 0.1289873 -0.0214009 -0.0200727 0.2596710 0.1642161 0.0944603 -0.1427253 -0.2937864 -0.2423340 -0.2999766 -0.1765443 -0.1755990 -0.5204841 -0.2643601 -0.1504007 -0.0685156 0.0723571 -0.1536407 -0.0477376 0.0432220 -0.0792872 0.0088518 -0.5329101 -0.2833241 -0.1058733 -0.0443179 -0.1438523 -0.0133970 -0.4187545 -0.3939815 -0.2996458 0.2739938 -0.3547548 -0.0681129 -0.0308279 -0.0674415 -0.0453917 -0.4106119 -0.3607997 -0.1772416 0.2142493 -0.3493683 -0.1982064 0.0319719 0.6410545 -0.1881989 -0.1111643 -0.1477295 -0.2064828 -0.1096910 -0.4360750 0.1526131 -0.2345940 -0.4403574 0.2737689 -0.0425346 -0.3313851 -0.5370758 -0.1923355 -0.4660925 -0.5967409 -0.5063717 -0.4893033 -0.1721520 -0.4984796 -0.3900582 -0.6607970 0.0741219 0.1415664 -0.2424142 -0.0051718 0.4110364 0.1162070 0.3609128 0.4827596 0.3483648 0.1865557 0.4693807 0.5710897 -0.2188922 -0.1120455 -0.1300565 -0.3194916 -0.2207344 -0.5032270 -0.3425196 -0.4932891 0.2530544 -0.3225969 0.0444710 -0.1052102 -0.3805532 -0.1613518 -0.3616629 0.2980599 -0.3198500 0.1056529 0.1929535 0.1896465 -0.1506412 -0.5821328 -0.0199231 0.1908476 -0.3101549 0.3519562 0.3554300 -0.4833530
-0.0711494 0.4794932 0.1980399 0.2371476 0.4735448 0.7262787 0.6401435 0.1366776 0.6978531 -0.0757467 -0.0483165 0.0000000 -0.0463246 -0.1267376 0.4426441 -0.0932612 -0.1573399 -0.1741164 -0.2439983 -0.2735956 0.5350014 -0.1354979 0.0229944 0.6737714 -0.2660936 -0.1492722 -0.1575301 0.3845618 0.7620822 0.2057111 -0.1743961 -0.2087990 0.5966728 0.7084158 0.0604326 0.2406556 -0.2270049 0.0264082 0.2002272 0.5190891 -0.2139001 0.4069339 0.0397626 0.4877720 0.2946849 -0.2656216 -0.2503576 -0.1664111 0.4999642 0.3268896 -0.1109958 0.3153748 0.3368965 0.3529744 -0.0200047 -0.1177104 -0.3636750 0.3194482 0.1964763 -0.0735131 0.2924117 0.0737684 -0.0666364 0.3604234 0.5380959 -0.3322040 -0.0455888 0.1588710 -0.0804824 -0.0250604 -0.1319602 0.0379961 0.0300760 0.4970219 -0.0824654 -0.0331757 0.1387124 -0.3635355 -0.0264204 0.0679769 -0.1417558 -0.3752330 -0.3869277 -0.3398757 -0.1922867 0.0361099 0.0768674 -0.3381094 0.0268405 0.0440984 0.2321071 0.0172937 -0.0957624 -0.3378865 0.2016225 -0.0687573 -0.0222540 -0.2608859 0.3558435 -0.0274905 0.2850957 -0.3682412 -0.3519277 0.1443064 -0.0179790 0.0468593 -0.4569289 -0.1634164 -0.0508612 0.0109268 -0.0874661 -0.3173795 -0.2422737 -0.1479941 -0.3756733 -0.2484791 -0.3900331 -0.5313335 -0.5119105 -0.5299778 -0.3241030 -0.1950869 0.0783397 -0.1657046 -0.2527244 -0.2251096 -0.2154128 -0.1010585 -0.1548885 -0.1056605 0.0374405 0.2664862 -0.0659410 -0.2230834 0.2670259 0.2462686 0.0468928 0.1861053 0.1040591 0.1201396 0.1446377 0.1783166 -0.3023855 -0.0628625 0.0120078 0.2956150 0.2539700 0.2806480 -0.2392988 0.0679361 0.0620546 -0.2200434 0.1776876 -0.0378455 0.3786387 -0.1773486 -0.4920719 0.1819729 -0.5400926 0.0908685 0.1794362 0.0362283 -0.3241356 0.0429850 0.0914751 -0.3225667 -0.4203792 -0.3902099 -0.3476071 0.0770689 -0.0272573 -0.2733649 -0.1481713 0.0919767 0.2487680 0.4896679 0.5662550 0.2013098 0.4219641 0.2193544 0.0596578 -0.0419680 0.0419450 -0.0761325 0.1245370 0.3960778 0.0905292 0.4078363 0.4419739 0.2627701 -0.4034674 0.4808098 0.2937738 0.1996737 -0.1627181 0.1383539 0.1839096 0.2457838 0.3031399 -0.1822795 0.2482205 -0.1935336 0.1243614 0.3702301 0.0374012 -0.1763837 0.2836730 0.2388419 0.0073182 -0.1832261 0.1989095 0.4220417 -0.1194534 0.4253677 0.2432936 0.0828709 -0.1089113 -0.3004978
-0.0975800 0.4342700 0.5930691 0.6627288 0.2763851 0.0538432 -0.3226893 0.7703495 0.1101030 0.4376187 0.6439040 -0.0463246 0.0000000 0.0391525 0.3390289 0.6195328 0.4021669 0.3838158 0.5857888 0.7555623 0.2438927 0.4647219 0.4978547 0.0812547 0.5781118 0.5805079 0.1546854 -0.0830781 0.3393179 0.2081341 0.6143855 0.7909104 -0.0039287 0.2984778 0.4498290 0.3051822 0.7078029 0.7228285 0.3046566 0.1366753 0.7321977 0.1870551 0.2975247 0.0381042 0.3386295 0.6209223 0.4496192 0.7506350 0.3072663 0.2687620 0.3971413 0.2742993 0.5707479 0.4064696 0.7286479 0.4915722 0.7145218 0.3833965 0.3771285 0.4258571 0.6301797 0.3185930 0.2246743 0.1365501 0.3372027 0.8450923 0.3056496 0.2736368 0.3425835 0.3461738 0.4163455 0.5888973 0.2811664 0.2980802 0.5091029 0.2952587 0.3345391 0.1074656 -0.0616468 0.1472979 0.2119709 0.0273334 0.2542387 0.1338526 -0.1285726 -0.1412362 0.0719130 -0.6052740 -0.2171991 -0.1870390 0.0563044 0.5677934 0.2626363 -0.2691028 -0.2653723 -0.1404230 0.4641784 0.4444679 -0.2829717 0.2432951 -0.4022769 0.1090651 -0.2509983 -0.1373738 0.3852596 -0.2033007 -0.0139642 -0.1692326 0.2457654 -0.2489385 0.0532531 0.2288714 -0.1963261 -0.2788181 0.0358690 -0.2372036 -0.2235994 -0.1614150 -0.4442348 -0.0754046 -0.4154415 -0.3617779 -0.1141119 -0.6990693 -0.2624685 0.0074775 -0.3065796 0.4380058 -0.0565566 -0.3349537 -0.2225721 0.0866225 -0.3272108 -0.1432524 0.0287932 0.1217927 -0.0662398 -0.1831343 -0.0803364 -0.0993809 -0.0471782 -0.1466418 0.3875820 -0.4183471 -0.0739432 -0.3588121 -0.1235479 -0.1163524 -0.1278923 -0.0300584 0.1573444 0.2934339 -0.1271675 0.1185455 -0.2089057 0.3148247 0.2689801 -0.0917721 0.1708922 0.0585802 -0.1845866 0.0956599 -0.2264951 0.1121713 -0.2143852 0.2931950 -0.0225621 0.0976495 -0.0702260 0.1520015 -0.1084976 -0.0749209 -0.2592557 -0.1579453 0.0338304 -0.3158346 -0.2765697 -0.5333454 -0.2117926 -0.2391890 -0.5966782 -0.1084026 0.5788404 0.1858095 0.5987877 0.4728403 0.6743382 0.2436590 0.4393381 0.3849755 0.0265050 -0.0841848 -0.1328431 -0.0656090 -0.0244197 -0.3630612 -0.3771225 -0.5798625 0.0338202 -0.2263703 0.3256552 0.2727119 0.0190414 -0.0575797 -0.1456057 0.1407012 -0.2739461 0.1833618 0.6074947 0.2032180 0.0230297 -0.5133842 0.4290402 -0.0907472 -0.2292595 0.5918724 0.0662387 -0.2207776
-0.2215929 0.4327897 -0.2113357 0.4438096 0.1013840 0.2990434 -0.0079967 0.0299659 0.3957617 0.7527279 0.3784399 -0.1267376 0.0391525 0.0000000 0.2949528 0.1987399 0.0154170 0.8213825 0.1776913 -0.1615677 0.1106079 0.3168281 0.0151740 0.2104124 0.3755998 0.3804051 0.4048719 0.5014020 0.0403705 0.7454146 0.2529264 0.2691725 0.2276824 0.2850619 0.1734143 0.3301456 0.2364834 0.2894443 0.5553909 -0.1510342 0.3385126 0.4277850 0.2286197 0.2314920 0.5101001 0.3877787 0.5605925 0.0881049 0.3917406 0.1699260 0.4894724 -0.0280272 0.4190290 0.1859066 0.4226049 0.4839539 0.3674593 0.2604215 0.0520747 0.5085876 0.1425349 0.3460787 0.7353249 0.3698364 -0.0277317 0.1550567 0.5785071 0.2162386 0.6221855 0.4494605 0.4352796 0.4857753 0.2133197 0.3092859 0.5916705 0.3675084 0.5738118 0.2601823 -0.0779837 0.1475103 0.0499798 0.0973213 -0.1274871 0.1529055 0.3002341 -0.4794276 -0.3334267 0.2591170 -0.2085313 -0.0888283 -0.0663466 -0.0149367 -0.0626885 0.0895604 -0.0116628 -0.0158136 0.0742981 -0.0049839 0.0708383 -0.0760175 0.2282320 -0.2114880 -0.2453216 -0.1065978 -0.2625095 0.1623813 -0.2241373 -0.0230370 -0.4296027 -0.1612388 -0.4339123 -0.3409447 -0.1000481 0.0852164 0.1288923 0.0979863 0.0813669 -0.0888509 -0.1319744 -0.3989956 -0.1250219 0.1046062 0.0170924 -0.0426913 -0.3866307 -0.2647444 0.2427156 0.0662019 -0.3224577 -0.0970043 -0.1202731 0.0770985 0.2406867 -0.4566074 -0.2139520 -0.4686609 -0.2561349 -0.1950807 -0.0983954 -0.5062869 -0.2345348 -0.3832348 0.3201273 -0.2711745 -0.2002167 -0.1020054 -0.0749205 -0.0184492 -0.1275800 -0.5312317 -0.2800430 -0.0457707 -0.3240999 -0.2904330 0.1625744 0.2606690 -0.2160529 -0.1132923 -0.0892135 -0.3994749 0.1258687 -0.4401330 0.1148382 -0.5430973 -0.2400043 0.3597759 -0.0947922 -0.3029777 -0.5144563 -0.4367160 -0.3473861 -0.4240210 0.0149422 -0.3180424 0.1081820 -0.3510161 -0.3780855 -0.3902534 0.0485176 0.3551566 0.0690339 0.2516241 0.3399247 0.2427220 0.1244763 0.0520168 -0.1675833 0.0444327 0.4434291 0.4270458 -0.4773388 -0.0545902 0.0782665 -0.5630330 -0.4401507 -0.6219243 -0.2168396 -0.2607102 -0.1015972 -0.3102242 -0.2839325 -0.1086065 -0.6559214 -0.5577602 -0.3915520 -0.1849229 -0.2965683 -0.2474938 -0.2053755 0.1128982 -0.3212125 -0.5319469 -0.1988469 -0.2118425 -0.1307131 0.0490872 0.3009272 -0.4366996
-0.1444432 0.7410930 0.2287259 0.4212880 0.3520005 0.3846324 0.0938687 0.1377186 0.5714317 0.1890945 0.0993308 0.4426441 0.3390289 0.2949528 0.0000000 0.0508055 -0.1510291 0.3741433 -0.0993293 0.0415043 0.5584374 0.0659579 -0.1280441 0.5449779 0.0938127 0.2153113 0.2841658 0.7138801 0.4972809 0.7033693 -0.0259650 0.3622194 0.4460776 0.5862946 0.0704523 0.5841273 0.3359003 0.3096114 0.3005552 0.3871484 0.3517456 0.3736452 -0.1393276 0.7595690 0.4278172 0.0928383 0.1459168 0.2662722 0.8473053 -0.0773644 0.1618222 0.1316348 0.5611612 0.3062992 0.3453560 0.1321989 0.1858450 0.1861256 0.3425161 0.1568327 0.4028751 0.1014336 0.1827513 0.1136653 0.1126118 0.2655745 0.1856617 0.0115263 0.1298091 -0.0658916 0.0027116 0.4328908 -0.0315392 0.1468016 0.1292907 -0.1200547 0.0430971 -0.4365423 -0.5511518 -0.3022421 -0.3548200 -0.1968197 -0.1355358 0.0835316 0.0243033 -0.2632443 -0.3588227 -0.3389119 -0.3351381 -0.3199470 -0.0982563 0.2433109 0.1415023 -0.0759752 -0.2341394 -0.3710812 0.0586853 0.0777929 -0.0709516 0.4783070 0.1626135 -0.2519673 -0.3745596 0.0467260 0.1556776 -0.2673938 -0.2157588 -0.2332513 0.2799312 -0.3809616 0.0281267 0.0129340 -0.2572183 -0.2473071 -0.2765819 -0.3666626 -0.4569514 -0.2459568 -0.4184299 -0.1576281 -0.4024516 -0.2384217 -0.2158319 -0.2538397 -0.2245337 0.1278661 -0.2376570 0.1576347 0.0875958 -0.2867501 -0.0258270 0.2270027 -0.2892709 -0.0883560 0.1338329 0.2549105 0.0962084 0.2294873 0.1423812 0.1704980 0.0856999 0.1468755 -0.0325352 -0.2172050 0.1122509 -0.2553017 0.2307362 0.2453944 -0.2500050 -0.1040560 0.1590925 0.2116275 0.1920089 -0.0439994 -0.0069688 0.1510013 -0.1582833 0.2039044 -0.0918294 0.0662755 -0.1663230 0.0497799 -0.4359957 0.0259983 -0.1805451 0.3910474 -0.1236630 -0.1718821 -0.2607075 0.0088948 0.0494097 -0.2404047 0.0112738 -0.0106024 0.4162993 -0.0917622 0.0033250 -0.1852522 0.3663192 0.1811444 -0.1695043 0.1826194 0.5811259 0.3031172 0.3752605 0.1111540 0.2300967 0.0187345 0.2447956 0.0931861 -0.0124935 -0.1283582 -0.1770951 0.1513439 0.1069887 -0.1605590 0.0527173 -0.4669206 -0.2760487 -0.0065614 0.0244296 0.2042638 0.0259003 0.0666229 -0.3899632 -0.2617913 0.1809556 -0.2090432 0.0939416 0.1097017 0.4728432 -0.2156790 -0.1407574 -0.0397562 -0.2018619 0.2783126 0.3221477 -0.4017888
-0.4549712 0.1470894 0.0208117 0.6759198 -0.1866326 -0.0711275 -0.5607394 0.7927821 -0.0024262 0.5935313 0.9256517 -0.0932612 0.6195328 0.1987399 0.0508055 0.0000000 0.8021249 0.2954216 0.9232424 0.1778465 0.4050995 0.4217320 0.8658662 -0.2150521 0.8258610 0.7990638 0.3425688 -0.1716257 0.2520459 0.1976233 0.5114012 0.6693030 -0.2209538 0.0877819 0.7054274 0.3578533 0.4437227 0.5955387 0.5212437 0.2877284 0.5474439 0.0728731 0.6506049 0.0226711 0.1531282 0.6541717 0.6830063 0.3642180 -0.0254331 0.4020850 0.7170802 0.5705978 0.2902457 0.6351935 0.5421666 0.5694891 0.6910653 0.5921364 0.0216376 0.7749352 0.5213501 0.7933216 0.4490868 0.0663233 0.1896072 0.5470048 0.7452068 0.7162203 0.6340733 0.7245669 0.8323652 0.2621985 0.7229811 0.2896382 0.8233848 0.8125126 0.4902931 0.6501548 0.4217478 0.4696650 0.6007048 0.0580309 0.3485981 0.3358849 0.3263456 -0.1005656 0.0465111 -0.3094310 -0.2545140 -0.1359288 -0.1969789 0.0855979 -0.1084180 -0.4102053 -0.3893457 -0.4443383 -0.0130007 0.1527171 -0.0185371 -0.2394020 0.0189628 -0.0269239 -0.0431747 -0.5262353 -0.2269582 -0.2190438 0.0253712 0.1988401 -0.0547997 0.1607664 -0.1281699 0.2316135 0.1716619 0.1088836 0.3676669 0.2795705 0.2059269 0.0640437 -0.0619867 -0.0362867 -0.1186181 -0.0694034 -0.2849021 -0.4016538 -0.0615551 -0.0801495 -0.0670059 0.0241677 -0.0599404 0.0395185 0.0840552 -0.0785361 0.0122156 -0.4774491 -0.1575264 -0.0134424 -0.0151562 -0.1650943 -0.0207129 -0.3667660 -0.3167182 -0.3439217 0.3409741 -0.2879489 -0.0866576 0.0186430 -0.1549232 -0.1319170 -0.3270547 -0.4172114 -0.1731122 0.2501708 -0.4304678 -0.1509241 -0.0990160 0.6580002 -0.1132876 -0.1818292 -0.0316784 -0.2391677 -0.1536568 -0.5095548 0.3034151 -0.2180243 -0.5349553 0.3997782 0.2145712 -0.2246545 -0.4604468 -0.2511689 -0.4868483 -0.5448539 -0.7034301 -0.6183141 -0.3511050 -0.5883194 -0.3891501 -0.7073285 0.0191042 0.0301990 -0.3841348 -0.1742069 0.2524205 -0.0424121 0.2397385 0.4266175 0.4114915 0.2101967 0.2799398 0.4009992 -0.0406910 -0.2265838 -0.2027025 -0.2114176 -0.1081885 -0.3643843 -0.2866988 -0.4571339 0.2455653 -0.2390585 -0.0050078 -0.0293734 -0.2015264 0.0170093 -0.3892190 0.3565154 -0.2811799 0.0432747 0.1971208 0.2126521 -0.0105291 -0.5105782 0.0678277 0.2089806 -0.4425600 0.3801726 0.4559623 -0.4017754
-0.5430822 -0.0308137 -0.1164175 0.3220476 -0.5217667 -0.3006685 -0.3286314 0.6074758 -0.2888875 0.3652656 0.7474231 -0.1573399 0.4021669 0.0154170 -0.1510291 0.8021249 0.0000000 0.0931136 0.8127529 0.1131291 0.1786912 0.2312533 0.7985521 -0.5241192 0.7400179 0.7964485 0.3948249 -0.4154098 -0.0573638 0.0261414 0.2894609 0.5625718 -0.4859571 -0.2552879 0.7528455 0.1147607 0.4578391 0.4141043 0.5451812 0.4210176 0.4121934 -0.2268037 0.6884785 -0.0536056 -0.2551212 0.5583890 0.6740711 0.2680694 -0.2610176 0.1959296 0.7225124 0.7228562 -0.0793491 0.6699632 0.3573415 0.3855766 0.6672968 0.5997329 -0.1085487 0.7659624 0.3073082 0.7544087 0.1558276 0.0006211 0.0033704 0.4384018 0.7012207 0.7102611 0.5009725 0.6783200 0.7896904 -0.0051056 0.7243074 0.0496878 0.6000076 0.7763436 0.2408964 0.7792552 0.5717312 0.6192098 0.7673781 -0.0146602 0.0924826 0.2291836 0.2306131 -0.1392548 -0.0146293 -0.0769972 -0.3094078 -0.0823954 -0.3086587 -0.1888957 -0.2439191 -0.3331816 -0.3346713 -0.5950791 -0.2149831 0.0580821 0.0695634 -0.2850342 0.0479502 -0.0267049 0.0250803 -0.4496851 -0.4209336 -0.2017865 0.0998504 0.2210009 -0.0452085 0.2634081 -0.1302516 0.3220812 0.3066253 0.2179065 0.5489345 0.4104890 0.3854625 0.2401527 0.1118174 0.1164815 0.0731594 0.0737516 -0.1868291 -0.1857858 0.0953061 -0.1289127 0.0355836 -0.2355978 -0.0333169 0.0588642 0.1175577 -0.3655138 -0.0578802 -0.3240354 -0.5546270 -0.3029395 -0.0103883 -0.1202311 -0.0904926 -0.2775668 -0.6435357 -0.2751956 -0.0676812 -0.2733544 -0.0684882 0.0474051 -0.1908030 -0.2199007 -0.5615940 -0.3910967 -0.2689460 0.1549018 -0.3720268 -0.4282933 -0.3379381 0.4632516 -0.3446429 -0.2321177 -0.2962140 -0.2268022 -0.3982130 -0.4737367 0.3945839 -0.1394346 -0.5635640 0.0753194 0.0716132 -0.4362168 -0.3874761 -0.1771882 -0.5330541 -0.6105295 -0.5126797 -0.3989513 -0.1482960 -0.3604396 -0.1448302 -0.4026072 0.1235614 0.1529133 -0.1746760 -0.0828287 0.0327487 -0.1045231 0.0997055 0.2272507 0.3282135 0.2523358 0.1078609 0.2650840 0.0425475 -0.0502519 -0.0420679 -0.0480912 -0.0849468 -0.0840418 -0.3140545 -0.1234276 0.5025966 -0.2077958 0.2072238 0.1406366 0.0370072 -0.0175706 -0.3947031 0.5935844 -0.2688175 0.1388909 0.2125984 0.3675979 -0.0099571 -0.3103618 0.1424168 0.4136995 -0.4121922 0.0538628 0.3683611 -0.2567490
