0.0000000 0.6821692 0.3881435 0.2629153 0.1020414 0.1126800 0.1924469 0.3195348 0.2547259 0.3059919 0.1368369 0.3629881 0.3853552 0.1905541 0.3107271 0.0453734 0.1393496 -0.1050726 0.2161599 0.0155077 0.2787361 0.0102766 -0.2391564 0.1213785 -0.0963005 -0.1551837 0.0624615 0.0368516 0.2916193 0.1003673 -0.3201261 -0.2874616 0.0970531 0.1760032 0.0156854 0.1580591 -0.0315777 -0.0126398 -0.0023751 -0.1257297 -0.4247432 0.4033441 -0.0810117 -0.2335731 0.3887144 0.0022529 -0.0461896 -0.2127087 0.0112303 0.0087153 0.0063134 -0.0002399 0.3164877 -0.0441045 0.0643468 0.0830996 0.0044696 -0.1035793 0.1912366 0.0154066 0.3010076 -0.0384196 0.1178590 0.1103701 0.3231987 0.1016029 -0.0207042 0.0431096 0.0658058 -0.0497111 -0.1776821 0.1830362 -0.0032432 0.2575060 0.3354919 -0.1350961 0.0530377 -0.3957814 -0.4973781 -0.0577558 -0.4647763 -0.1309145 0.0076719 -0.1502363 -0.2796864 -0.0892673 -0.4010018 -0.1474384 -0.0126080 -0.1608701 -0.0393599 0.1826102 -0.1017162 -0.0800819 -0.0464191 -0.1222722 -0.0523072 0.0536304 -0.0140318 -0.0167793 -0.1145092 -0.2670955 -0.2112200 -0.1389387 -0.2088786 -0.2045180 -0.2004568 -0.2409579 -0.1857125 -0.2429006 -0.1597160 -0.1801171 0.0604683 0.1028209 0.0819460 0.0488575 0.0446875 0.0821468 -0.0553367 -0.2068003 -0.0167235 0.0319473 -0.1345103 -0.1018084 -0.1718443 0.1096781 -0.0105477 0.1687707 -0.2990056 -0.0836278 -0.0666677 0.2097594 -0.2270000 -0.1014617 -0.0975937 0.0924960 -0.0440785 -0.2391621 -0.1311534 -0.2879591 0.2920044 -0.4880819 -0.1769255 -0.0810672 -0.0946363 -0.2219570 -0.0587151 0.0745649 0.1071777 -0.4014819 -0.3768742 -0.2844342 -0.0112227 0.1927329 0.3269162 0.0806927 -0.4416129 -0.0084530 -0.0975409 -0.3448432 0.2318169 0.0325187 0.0099190 -0.2926389 0.1791095 -0.1591294 -0.1831541 0.1794427 0.1757621 0.1333299 0.1642158 0.2271902 0.0690809 0.1265308 0.6244982 0.5964671 -0.0630094 -0.1810715 0.0853502 -0.0627945 -0.1733794 0.2879978 0.2305271 0.4268356 0.1868753 0.3419844 0.1519530 0.1359671 0.4276898 0.3274044 -0.1656273 0.2307015 0.3453318 -0.0501310 -0.1425647 -0.3774263 0.0434898 0.2184812 0.0830532 0.0075183 -0.0792598 0.1921075 -0.1167187 -0.1162335 0.0307683 0.4610730 -0.2245001 -0.1076847 -0.0551008 0.3812712 -0.3354737 -0.3920797 -0.1258334 0.0982697 -0.2193071 0.0780919 -0.1254505 -0.0310819
0.6821692 0.0000000 0.4719838 0.6035158 0.0512640 0.3579013 0.3623346 0.6524823 0.6632882 0.5982097 0.4025327 0.4893017 0.3874252 0.5104286 0.6306857 0.3843947 0.3394767 0.1342561 0.4228371 -0.1937923 0.2877439 0.1125855 0.0294340 0.5176292 0.2609591 0.2838480 0.0641246 0.4017686 0.5839149 0.4842140 -0.2117488 0.0459765 0.4269537 0.4804829 0.2893414 0.4352595 0.2249743 0.1953420 0.0420904 0.3043670 -0.1249685 0.5851537 0.0899877 0.1253154 0.5489820 0.2812386 0.1540608 -0.0065383 0.3745062 0.2247380 0.2083309 0.1210221 0.5550602 0.1122690 0.0955183 0.2762962 0.2419021 0.2827135 -0.2214148 0.2352255 0.3133279 0.1870792 0.1269031 0.3679035 0.4368368 0.3152315 0.2608623 0.3408557 0.1374220 0.3115102 0.2492109 0.4248364 0.2547435 0.3489892 0.4888034 0.2763929 0.4232867 0.0306791 -0.2388016 0.3974735 -0.3225876 -0.3783683 -0.1170661 0.0123613 -0.1075304 0.1163561 -0.1240071 -0.2129871 0.1827097 0.0222185 0.1107835 0.1643988 0.1580807 0.0684678 0.1875669 0.0866215 0.2662304 0.1285694 0.2111220 0.3616304 0.1562639 -0.1809909 -0.1227702 0.1404083 0.0395042 0.0508244 -0.0956533 -0.2907661 -0.0073795 -0.3491231 0.1536339 -0.0369352 0.0032407 0.0266923 0.0223540 0.0453528 0.0829214 0.1522167 0.0927379 -0.0337198 0.1345120 0.1053419 -0.0194731 0.1473533 0.1060571 0.3679137 0.1342272 0.2141082 -0.0927030 -0.0121452 0.1850141 0.2597257 -0.0681170 0.1422609 -0.1230603 0.0170201 0.1090818 0.0265667 0.1180081 0.0151469 0.1016594 -0.0686020 -0.1327554 -0.0507397 0.2624789 -0.2291192 0.1640930 0.1071027 0.0787565 -0.0363283 -0.0499507 -0.0757797 0.2644024 0.1069227 0.1340951 0.1819242 -0.3665530 0.1672770 0.1497187 -0.0824844 0.1074105 0.2864020 0.2809212 -0.1582302 0.2745897 0.1307784 -0.0051008 0.2853136 0.3446982 0.3118917 0.2046012 0.3261680 0.2581885 0.0551460 0.2392419 0.2357202 -0.0180904 -0.1424586 0.0888896 0.1582647 0.1668581 0.3552972 0.0109834 0.3636616 -0.1312598 0.3183007 -0.0261164 0.0068269 0.5403045 0.4806421 -0.0118924 0.6037883 0.4656017 -0.2597395 0.0032376 -0.4073489 0.0050866 0.0853112 0.1531544 0.1888019 0.0724917 0.2847461 -0.3150895 0.1524472 -0.0005578 0.1242572 -0.2872107 -0.3846749 0.1860521 0.3145412 -0.3811753 -0.3038786 -0.2263442 0.0103710 -0.3211416 -0.0992334 0.1019411 -0.0053368
0.3881435 0.4719838 0.0000000 0.7281096 0.7774093 0.7363716 0.7928538 0.7225552 0.2693575 0.7637551 0.7689559 0.8879480 0.5092329 0.5256691 0.3970932 0.2462388 0.6936520 -0.0810517 0.0116202 0.1324276 0.8907867 0.3112615 0.4493952 0.2809085 -0.0299422 0.2745088 0.4853229 -0.0043882 0.5582900 0.5616909 0.3220408 -0.0186468 0.1539165 0.3962538 0.4342425 0.4310846 0.2707218 0.1890432 0.4491250 0.1218773 0.3417558 0.3623200 0.3805787 -0.2000698 0.7974752 0.0771907 0.0769203 0.3084744 0.3759153 -0.2960031 0.2577463 0.6154218 0.6307347 0.5662905 0.1259696 0.1014216 0.1031243 0.3950448 -0.1006163 0.3631034 0.6314440 0.5343556 0.1131258 0.6165357 0.7805762 0.1582767 0.3961529 0.5951442 0.0419215 0.6439729 0.0784216 0.6207501 0.4478550 0.7819103 0.3652459 0.4144965 0.6594011 -0.1855308 -0.1641083 0.6069269 -0.2696089 -0.2072552 -0.1295019 -0.2489120 -0.1110640 -0.0343413 -0.3052313 -0.1022299 0.0798380 0.0054541 0.0350843 0.1086396 0.0351656 -0.0566288 -0.0177961 0.0049038 -0.0401487 -0.1791525 -0.1691143 0.1607448 0.0847722 -0.2518375 -0.3654880 -0.0051792 0.0426778 0.0808112 0.1717963 -0.1147886 0.1144318 0.0914887 -0.0867240 0.4340292 -0.3892132 -0.3764594 -0.4130070 -0.3729668 -0.4532537 -0.4053350 -0.3838683 -0.4432024 -0.4183641 -0.4493395 0.0408148 0.2829226 -0.2278118 0.7466338 -0.5469054 0.1115929 -0.2952181 -0.1900380 -0.2039266 -0.0957624 -0.5322458 0.4016195 -0.5461212 -0.2494080 -0.1101602 -0.2191857 -0.1458852 -0.0064724 -0.3661579 -0.2161222 -0.2229816 0.4567417 0.0423573 0.0686193 -0.2287692 -0.1333507 -0.2787768 -0.2443148 -0.1445935 0.0464472 -0.2654965 -0.2250608 -0.1706049 0.4984500 -0.2505035 -0.1376319 0.0842767 -0.0924545 -0.1123851 -0.1550868 0.4316779 -0.1238029 -0.0810405 -0.1197318 -0.1430960 -0.0757342 -0.1833784 -0.0869787 -0.1238573 -0.0645009 0.2926586 -0.0251056 0.2668232 0.5534087 0.3923945 -0.0345220 0.5594271 0.5456060 0.0482257 0.2062109 -0.1216328 0.2123348 0.1935026 0.8113899 0.2269533 0.6150754 0.8716763 0.7731715 0.2605867 0.6121431 0.9096014 -0.2446136 0.1932495 -0.5215023 0.5420267 0.6372592 0.6861731 0.7346035 0.6157217 0.4755706 -0.1523330 0.4078594 0.0950825 0.2870841 0.1040800 -0.1166802 0.1764456 0.7134086 -0.1586354 -0.2616392 0.2686077 0.6161794 0.1759166 0.4106289 -0.0176005 0.0954383
0.2629153 0.6035158 0.7281096 0.0000000 0.3666037 0.7597841 0.5772760 0.9288177 0.6723494 0.8926885 0.9227209 0.7850371 0.4267094 0.6262421 0.6400605 0.5324636 0.6606698 -0.0213719 0.2770611 0.0199988 0.6982779 0.2067896 0.3337296 0.4698753 0.1831242 0.4996378 0.3322697 0.2139361 0.7737628 0.6780425 0.2208367 0.1972572 0.4605609 0.6863043 0.3912937 0.6019997 0.3525841 0.3009995 0.3932523 0.4617307 0.2865121 0.5730478 0.3416005 0.1905851 0.8704243 0.1789943 0.0991273 0.1981459 0.7041881 0.0258487 0.2074607 0.4521198 0.8188530 0.6132607 0.2076366 0.1938008 0.1888949 0.6381796 -0.0926429 0.3088858 0.6489983 0.5178962 0.2551156 0.7259946 0.8047835 0.2640008 0.4073891 0.7010993 0.1929298 0.7825846 0.2308318 0.7801596 0.5095758 0.8396500 0.4391936 0.6227654 0.7427678 -0.0095211 -0.1103476 0.7016808 -0.2830220 -0.2040860 0.0445186 0.0526933 0.1037024 0.1315155 -0.1827577 0.1684161 0.2087254 0.1352157 0.0654647 -0.0662860 0.0932999 0.1290226 0.0961219 -0.0199500 0.1711469 0.0192753 0.0531353 0.4466643 0.1521874 -0.1461501 -0.1448629 0.1542690 0.1894813 0.0480714 0.1197144 -0.2731470 0.0738571 -0.1909599 0.0230506 0.2552821 -0.3094453 -0.3073750 -0.3063579 -0.3141922 -0.3433696 -0.2069377 -0.2452068 -0.3180837 -0.2509432 -0.3574661 0.0415896 0.2172800 -0.0840638 0.5153889 -0.2998532 0.1574023 -0.2557995 -0.0910121 0.0419243 -0.0132939 -0.3105900 0.3545469 -0.4406769 -0.2539122 0.0385774 -0.0645982 0.0729715 0.0185693 -0.2206648 -0.0793971 -0.1600429 0.1647855 0.2258410 -0.1972691 0.0277661 -0.0946244 -0.2068038 -0.1353839 -0.1559210 -0.1332847 0.0790705 -0.1239822 -0.1099356 0.2383674 -0.3129004 0.0110536 0.0290421 -0.1173777 -0.1188746 0.0506079 0.3106455 -0.1165064 0.0276167 0.0033575 -0.0167242 0.0327538 -0.0183760 0.1022158 0.0709348 0.1493236 0.0424432 -0.1220458 0.1223379 0.3396831 0.2307447 -0.0500092 0.4221086 0.5744212 0.2343893 0.5511257 0.1691546 0.5570050 0.2020283 0.7245967 0.1530968 0.4034515 0.8335869 0.7438085 0.0999454 0.7655689 0.8193760 -0.3731683 -0.0073676 -0.6375861 0.3890091 0.3683774 0.4605064 0.4974851 0.4342658 0.3009205 -0.4758247 0.3756627 0.3356981 0.2477102 -0.1376964 -0.3438528 0.1293531 0.4401132 -0.3757740 -0.2574134 0.1247594 0.2489207 -0.2583451 0.0856485 -0.0449185 0.0533281
0.1020414 0.0512640 0.7774093 0.3666037 0.0000000 0.4297815 0.5844443 0.4464964 -0.1488139 0.4548283 0.5319421 0.6327582 0.5539720 0.2101785 0.1203923 0.2134831 0.6835336 -0.2485799 -0.0528049 0.2515494 0.7257468 0.3717434 0.5980260 -0.1898701 -0.0471791 0.2250177 0.7099347 -0.4111795 0.0652298 0.3070150 0.3974835 0.0976270 -0.3305256 -0.1144308 0.5601261 -0.0385518 0.3700201 0.2402611 0.5741289 -0.1938292 0.4836357 -0.0934583 0.5949390 -0.5405781 0.3678755 0.0735145 0.1764977 0.4672515 -0.0834455 -0.2297256 0.3885511 0.6837026 0.1643893 0.4408542 0.2342411 0.0980926 0.1765922 0.0113903 0.1685932 0.4444683 0.5473385 0.4345094 0.1277642 0.1805367 0.4094125 0.1428814 0.2976395 0.3766392 0.0554135 0.3601211 -0.0257886 0.1952921 0.2997383 0.4706785 0.1895916 0.1573706 0.2671153 -0.2079258 -0.0231434 0.4057580 -0.0274880 -0.2227896 -0.0260321 -0.2365148 -0.0405827 -0.1596208 -0.3535705 -0.1617307 -0.0888973 -0.0991225 0.0023543 0.0884498 -0.0122278 -0.1733032 -0.1248179 0.1090422 -0.1984962 -0.2280492 -0.3731899 -0.1275057 0.0238512 -0.2057469 -0.2516801 -0.0979129 -0.0308379 0.1784055 0.0304344 0.1201757 0.0331296 0.2500876 -0.1410803 0.4585567 -0.2969655 -0.3726839 -0.4360519 -0.3394367 -0.4536776 -0.4398047 -0.3709733 -0.3717735 -0.4323326 -0.4226674 0.0796869 -0.0064498 -0.3615405 0.7847042 -0.5404381 -0.1297762 -0.3320496 -0.1525463 -0.3513159 -0.3229342 -0.4496462 0.2135573 -0.4068271 -0.3682154 -0.1544088 -0.3434441 -0.3183347 -0.0824795 -0.4209031 -0.3188859 -0.0052143 0.3834670 -0.2290650 0.1201821 -0.4075342 -0.1608632 -0.1770688 -0.3485853 -0.2510399 0.0426215 -0.5155259 -0.2980554 -0.2301717 0.3722869 -0.0887119 -0.3102868 0.0090635 -0.1314969 -0.1169894 -0.3969721 0.1234317 -0.1866290 -0.2323940 -0.3481589 -0.3567808 -0.2636528 -0.3902335 -0.3387964 -0.2387879 -0.2394010 0.0765832 0.0722401 0.3459721 0.6013361 0.6266222 0.2573768 0.4308303 0.2546046 -0.2550596 -0.3051649 -0.2637593 -0.1932363 0.3612626 0.6526249 0.5189604 0.6827347 0.4936508 0.3796936 0.4994386 0.2173340 0.6351330 0.1421056 0.4312925 -0.0160980 0.6615645 0.7612833 0.8374096 0.7558895 0.4954215 0.2985493 -0.1373479 0.2546641 0.1068877 0.3097570 0.0914186 0.0487813 -0.0916164 0.5774146 -0.1540535 -0.1725827 0.6610762 0.8046422 0.3201769 0.4316745 0.1356716 0.2912712
0.1126800 0.3579013 0.7363716 0.7597841 0.4297815 0.0000000 0.8514393 0.6476746 0.3393852 0.7250094 0.7576249 0.8352658 0.0193020 0.7711868 0.5184470 0.1952694 0.5976715 0.2551235 -0.2005934 -0.0360955 0.7752404 -0.0431148 0.3282710 0.6078185 -0.0318680 0.2913382 0.2199103 0.3507031 0.8336888 0.6845300 -0.0049100 -0.0194107 0.5191757 0.7640615 0.2288509 0.6935775 0.1745343 0.0130668 0.3085174 0.2487811 0.2307793 0.6648755 0.1846741 0.3239797 0.8668522 0.0556800 0.0216208 0.1395735 0.7412391 -0.3365939 0.0831594 0.4198434 0.8722568 0.6233059 -0.0809335 0.0768166 0.0900536 0.7455471 -0.2393974 0.1976831 0.4823994 0.4617927 -0.0073251 0.7995340 0.8022737 0.1574225 0.3022711 0.5875517 0.0600232 0.7495243 0.2185495 0.8399901 0.4250963 0.7393940 0.2226523 0.5834338 0.7684379 0.2011262 0.1556711 0.6739857 0.0362442 -0.1351669 -0.2355309 -0.2520499 -0.0940274 -0.1056311 -0.3674080 -0.0475969 0.0341048 0.0828092 0.0243589 -0.1064336 -0.1022805 -0.1385987 -0.0758071 0.0327577 0.0105675 -0.1786923 -0.1512342 0.1004004 -0.0039322 -0.2880052 -0.3951240 -0.0846848 0.2759057 -0.0793002 0.3521330 -0.1958875 0.0559937 0.0526581 -0.1198192 0.5069800 -0.3329920 -0.3972082 -0.3712930 -0.3315389 -0.3711338 -0.3592539 -0.3175515 -0.3002017 -0.2728835 -0.3937815 -0.0200826 0.3627829 -0.0265698 0.5511264 -0.3523259 0.0202418 -0.1290063 -0.1563362 -0.0221893 -0.0482920 -0.3250373 0.3670336 -0.3406747 -0.2342081 -0.0905965 0.0511710 -0.0274000 0.2989052 -0.3673713 0.1137590 -0.3039603 0.4041356 0.2724874 0.0270984 0.0240183 -0.2038337 -0.2916768 -0.1509217 0.0119014 0.0522544 0.0093918 -0.3494971 -0.2130004 0.2596309 -0.2384680 0.0466630 0.1293497 0.2849795 -0.2563544 -0.0998994 0.4646116 0.1668757 -0.0767228 0.1104242 0.0664455 -0.0715524 -0.0727953 0.0080935 -0.2172926 -0.1357887 0.2895797 0.1379650 0.0502554 0.3430523 0.2871618 0.0486901 0.5577582 0.7868834 0.3767097 0.4389339 0.1146251 0.2726989 0.0727293 0.5581785 -0.0352279 0.1794306 0.7245353 0.7676845 0.1794993 0.6158681 0.7557052 -0.3338239 0.0514267 -0.4513348 0.3506897 0.3360846 0.4170829 0.6368799 0.4946816 0.2737064 -0.1244444 0.4919987 -0.0742289 0.0772125 0.0728091 -0.2273987 0.3453672 0.3525260 -0.0312617 0.2645974 -0.0242788 0.4773528 0.1370825 0.2537760 0.0753693 -0.0866726
0.1924469 0.3623346 0.7928538 0.5772760 0.5844443 0.8514393 0.0000000 0.4961696 0.0957075 0.5199281 0.5793443 0.8275511 0.0154692 0.5883405 0.2402357 0.1419761 0.5114856 0.2277276 -0.2088640 -0.1231168 0.7432137 -0.0165353 0.4812627 0.4803110 0.0111030 0.3175420 0.1930395 0.2669966 0.6063352 0.5710342 -0.0483024 0.0373178 0.3156027 0.5049797 0.2811436 0.6264907 0.2705304 0.0581618 0.2115625 0.2260927 0.2973809 0.6482454 0.2036531 0.0803820 0.7024532 0.1834902 0.1593106 0.3026669 0.4727255 -0.3132919 0.1963748 0.5039622 0.6731438 0.5756991 -0.0013830 0.2010557 0.1336985 0.5877029 -0.0869962 0.2552033 0.5164479 0.5902445 0.0387668 0.6319596 0.6648365 0.1537964 0.4195561 0.5393298 0.1605340 0.5879900 0.1978509 0.6551544 0.4399428 0.5483567 0.3195160 0.4870706 0.7129011 0.1222244 0.0759899 0.6524307 -0.0230019 -0.1513145 -0.1960105 -0.1865652 -0.0397087 -0.0187451 -0.3371071 -0.1164483 0.1033026 0.1885007 0.1775774 0.1192199 0.0851154 -0.0256918 0.0441232 0.3258220 0.1548168 -0.0133054 -0.0455465 0.0830590 0.1600488 -0.1583034 -0.2198780 -0.0019203 0.4008522 0.2429212 0.4713452 0.0517829 0.2479107 0.2418017 0.0619414 0.6529933 -0.1288178 -0.2119969 -0.2414148 -0.1347433 -0.2055243 -0.1911909 -0.1312230 -0.1006439 -0.1332991 -0.2380663 0.2699392 0.4915891 0.1191217 0.6784504 -0.3068837 0.1759416 0.0010455 0.0961221 0.0498042 0.1948713 -0.2261642 0.4707944 -0.1301046 0.0129965 0.0904673 0.1017563 0.0234132 0.4232719 -0.1669409 0.2165538 -0.2242951 0.5943214 0.3296752 0.2714110 0.0535874 0.0434392 -0.0434046 -0.0265386 0.1595003 0.3499210 -0.0272032 -0.1121164 -0.0215909 0.4741308 -0.1368306 0.1523760 0.1652418 0.3724111 -0.0671616 -0.0246690 0.4741200 0.1253162 0.0511385 0.1536385 0.0371567 0.0852425 -0.0303810 0.0640345 -0.0846954 -0.0280828 0.4951195 0.2471704 0.2630366 0.4643592 0.3475124 0.1897363 0.5656298 0.6512175 0.3061380 0.2762400 0.1338282 0.0946221 0.0621188 0.5537260 0.0956254 0.2961344 0.6332382 0.6416658 0.3880428 0.5507418 0.7176910 -0.0600770 0.2148186 -0.2548511 0.2978994 0.4229338 0.5494393 0.6159771 0.3667848 0.1516748 -0.0158284 0.3973065 -0.0313637 0.2434240 0.2299572 0.0220398 0.1188126 0.3825806 0.0296476 0.1700201 0.1208481 0.5588494 0.2448473 0.3470066 0.0050930 -0.1539055
0.3195348 0.6524823 0.7225552 0.9288177 0.4464964 0.6476746 0.4961696 0.0000000 0.7010415 0.9064575 0.8591795 0.7580633 0.6377843 0.6217467 0.7257764 0.6256402 0.7139242 0.0013096 0.4601815 0.0392064 0.6660874 0.4499596 0.3056623 0.4512341 0.3376045 0.5338469 0.4243023 0.1924156 0.6808215 0.7357174 0.3508951 0.3283784 0.3999958 0.5749448 0.4810428 0.5099293 0.4551938 0.4727916 0.4737538 0.4319393 0.3108572 0.4619466 0.4345321 0.0893639 0.7956663 0.2908682 0.2239675 0.3561846 0.6003943 0.2083637 0.3340525 0.4566894 0.7068931 0.5602631 0.4145194 0.3149269 0.3469254 0.5212716 -0.0777334 0.4092128 0.6956894 0.4240047 0.4048202 0.6388283 0.7594191 0.4591117 0.3978048 0.6722560 0.3387889 0.7049627 0.1911583 0.6851138 0.4423499 0.8165780 0.5554554 0.5356152 0.6647273 -0.1123094 -0.2456616 0.6459317 -0.3935397 -0.3434354 -0.0631266 -0.0638319 -0.0522255 0.0509494 -0.1718062 -0.0653824 0.1095319 0.0160475 0.0115684 -0.0283270 0.0091344 0.0279847 0.0750619 -0.0632021 0.0604895 -0.0389599 -0.0119690 0.4124056 0.1491767 -0.0608118 -0.1912439 0.1127130 0.0329470 0.0467590 0.1072043 -0.1463751 0.0546997 -0.1212395 0.0348462 0.2588931 -0.2895119 -0.3042781 -0.3518447 -0.3384232 -0.3851880 -0.2353605 -0.2861167 -0.3995172 -0.3183620 -0.3763072 -0.0418548 0.1689330 -0.1838949 0.5409699 -0.2875278 0.0994087 -0.3324389 -0.0731185 -0.0513361 -0.1082054 -0.3913246 0.4126382 -0.5373655 -0.3355696 -0.0852438 -0.1748639 -0.0727821 -0.0735348 -0.3246357 -0.2245570 -0.1781929 0.1572424 0.0953099 -0.1889372 -0.0805772 -0.1813639 -0.2692732 -0.2563643 -0.2545133 -0.1716088 -0.0008742 -0.2074662 -0.1426689 0.2668109 -0.3421733 -0.0993411 -0.0342379 -0.2052825 -0.1301819 -0.0478240 0.3571500 -0.1765676 -0.0154949 -0.0685665 -0.0300734 -0.0635403 -0.1043810 0.0648752 0.0252292 0.1096028 0.0249497 -0.1055264 0.1417248 0.3786172 0.4012577 0.0724893 0.4704570 0.5350229 0.2310130 0.4150170 0.0437290 0.4436997 0.2493036 0.7851916 0.2775911 0.4653752 0.8309285 0.7213490 0.1519440 0.7947116 0.7955486 -0.3000854 0.0565329 -0.5484923 0.5222311 0.4572014 0.5219117 0.5924291 0.5152671 0.4755544 -0.3829003 0.4230824 0.3147896 0.1452794 -0.0659764 -0.3058947 0.1568369 0.5822631 -0.3316968 -0.3433386 0.1059414 0.2906364 -0.2629604 0.0564031 0.1175369 0.2308314
0.2547259 0.6632882 0.2693575 0.6723494 -0.1488139 0.3393852 0.0957075 0.7010415 0.0000000 0.6956553 0.4374979 0.3324971 0.2840676 0.5532233 0.7743336 0.2452940 0.2225849 0.2311706 0.3587857 0.0125524 0.1454614 0.1515083 -0.1688625 0.6112491 0.1371171 0.1993582 0.0035206 0.5186572 0.7122666 0.5093155 0.1474237 0.0212197 0.6563039 0.7158434 0.0392107 0.3641791 0.0310988 0.0661542 -0.0315121 0.4113528 -0.1533131 0.4367378 -0.0675851 0.4080550 0.5894822 -0.0169782 -0.1569856 -0.1623070 0.5819407 0.1311396 -0.1279259 -0.1453175 0.6004004 0.0264079 0.0281523 -0.0205977 -0.0086087 0.3126087 -0.2786427 -0.0738001 0.2868645 -0.0610648 0.1528998 0.4453629 0.5021955 0.1566690 -0.0290735 0.2122699 0.0613216 0.2980178 0.0224989 0.5435863 0.0081692 0.5407980 0.1895694 0.1872826 0.4046232 -0.0945726 -0.3180939 0.2410488 -0.3678718 -0.2397687 -0.0822583 0.0593990 -0.0875630 0.0984420 -0.0471367 -0.0472207 0.1220673 -0.0719064 -0.0640690 -0.1510160 -0.0956164 0.0803567 0.1011190 -0.2798652 0.0786986 -0.1021232 0.1272964 0.5490888 0.0722617 -0.1987901 -0.1070828 0.2422166 -0.1529200 -0.1889722 -0.1198254 -0.3958245 -0.1488473 -0.5301787 0.0526285 -0.2917970 -0.2887760 -0.2423384 -0.2607528 -0.2822717 -0.2218448 -0.1068647 -0.1262768 -0.3246462 -0.1521367 -0.2080196 -0.2103918 0.2191102 -0.0996260 0.0492919 -0.1056844 0.1626336 -0.3022616 -0.1486939 -0.0613610 -0.0553942 -0.3120335 0.3778534 -0.4376445 -0.2499223 -0.2366167 -0.1393956 -0.1148136 -0.3006708 -0.1782598 -0.1460424 -0.1500732 -0.0165546 0.0416009 -0.1534389 -0.0579990 -0.3157653 -0.2253264 -0.0586667 -0.2382808 -0.2795022 0.2034253 -0.0716262 -0.1689187 0.2126543 -0.3503352 -0.0481368 -0.0377042 -0.2705468 -0.1224058 0.2403385 0.3972505 -0.2234434 0.0535494 0.0150286 0.1627398 0.0316037 0.0453868 0.2866096 0.1458153 0.2088014 -0.0607252 -0.2003000 -0.2021528 -0.0656569 -0.0570771 -0.2504150 0.0351722 0.2113437 0.3044459 0.6443971 0.0533961 0.6591766 -0.0341985 0.3718645 0.0374941 0.0447682 0.5446880 0.4472924 -0.3384195 0.4944304 0.3314317 -0.5725927 -0.3390156 -0.6071694 0.1210031 -0.0745469 -0.0003877 0.1380685 0.2049027 0.4407885 -0.3143426 0.3106892 0.1120054 -0.2088265 -0.2483303 -0.3887402 0.2584389 0.3757527 -0.3338485 -0.2857978 -0.3635213 -0.1885800 -0.3990849 -0.2393485 0.0451200 0.1741737
0.3059919 0.5982097 0.7637551 0.8926885 0.4548283 0.7250094 0.5199281 0.9064575 0.6956553 0.0000000 0.8517997 0.7462878 0.5857143 0.7927077 0.7659971 0.4834169 0.7770847 0.1093537 0.3170826 0.0916744 0.6905970 0.3796172 0.3029407 0.5115099 0.1888048 0.4185645 0.5303799 0.2605639 0.7828614 0.7909152 0.3336508 0.1624886 0.4576595 0.6452000 0.4544210 0.5145657 0.3330220 0.2829914 0.4914246 0.3444751 0.2471788 0.4787609 0.4248029 0.1617500 0.8270860 0.1650882 0.1054105 0.1985854 0.6187781 -0.0271733 0.2358933 0.4591522 0.7241560 0.5266862 0.1856600 0.1685466 0.2260224 0.4840470 -0.0822239 0.3428762 0.6676923 0.3523814 0.2823742 0.6154299 0.7481592 0.3565946 0.3356717 0.5997813 0.1552570 0.6581354 0.2201228 0.6788206 0.4294635 0.8337480 0.4151580 0.4859794 0.6637357 0.0018343 -0.0742135 0.6168145 -0.1904040 -0.3559049 -0.1406271 -0.0918054 -0.0755455 0.0725117 -0.2210382 -0.0828511 0.2062085 0.0108237 0.0725185 -0.0078921 -0.0076069 -0.0403903 0.0637171 -0.1094523 -0.0256105 -0.3124076 -0.0755049 0.3907508 0.0684437 -0.3093350 -0.3069770 0.0904968 0.0330530 -0.0336954 0.0579041 -0.3631177 0.0584868 -0.1840025 0.0049758 0.2357562 -0.4839773 -0.4762062 -0.4510116 -0.4673404 -0.5080131 -0.4200144 -0.3463044 -0.4902920 -0.4331754 -0.4929745 -0.1083083 0.2152358 -0.2513505 0.6262589 -0.3947155 0.0657035 -0.3567794 -0.2349090 -0.1714377 -0.1981868 -0.4336328 0.4272859 -0.5886935 -0.3526043 -0.2118375 -0.2244291 -0.1582321 -0.1315556 -0.4045816 -0.2228194 -0.0581698 0.2969109 0.0349658 -0.0774278 -0.1770895 -0.2705568 -0.3473110 -0.1828906 -0.2251459 -0.1242700 -0.0993430 -0.2919621 -0.1945362 0.4035038 -0.2055775 -0.1777502 0.1341171 -0.1186279 -0.1770037 -0.0796620 0.5027804 -0.0736149 -0.0774347 -0.0691278 -0.0229559 -0.1366506 -0.1430664 0.0365945 -0.0418861 0.0444672 0.0331069 -0.0760174 0.1457165 0.4105028 0.3777366 0.0139791 0.4624540 0.5300230 0.1737127 0.4694724 0.0351900 0.4647592 0.2902309 0.7259268 0.2325055 0.4673810 0.8521566 0.7056123 0.1543944 0.7004274 0.8271176 -0.3468958 0.1436922 -0.5435690 0.5663748 0.5250797 0.5190731 0.6630601 0.5316383 0.5002084 -0.3404073 0.3854811 0.0942671 0.0614575 -0.1300976 -0.3635842 0.2871517 0.6113550 -0.3446415 -0.2496090 0.0658262 0.3906414 -0.0165754 0.1989481 0.1674585 0.3011766
0.1368369 0.4025327 0.7689559 0.9227209 0.5319421 0.7576249 0.5793443 0.8591795 0.4374979 0.8517997 0.0000000 0.7800631 0.4766519 0.5625475 0.4673496 0.6057905 0.8150258 -0.1293995 0.2370064 0.0703411 0.7900859 0.3214259 0.5458547 0.2919853 0.2252635 0.6149962 0.5067188 0.0408541 0.6191122 0.7024711 0.3525309 0.2926282 0.2418897 0.4953497 0.5964086 0.5585745 0.5263118 0.4310286 0.5849556 0.4002152 0.4966000 0.4108160 0.5660303 0.0474954 0.8062202 0.2839109 0.2718129 0.3779314 0.5809868 0.0337916 0.4155238 0.6791004 0.7051830 0.7142485 0.2742263 0.2824729 0.3361822 0.6276318 -0.0245651 0.5235987 0.6932649 0.6786592 0.2673666 0.6805021 0.7478197 0.3142239 0.5615050 0.8282752 0.2214752 0.8778679 0.2867991 0.6914538 0.6559318 0.8248538 0.4307523 0.7263365 0.7530040 0.0406778 0.0312052 0.8000839 -0.1555824 -0.2722098 -0.0716466 0.0109438 0.1089720 0.0601509 -0.2158665 0.1869399 0.1751075 0.1873582 0.1374743 0.0265012 0.0899948 0.0977169 0.1268525 0.0483222 0.1024321 -0.1327111 0.0041777 0.3269050 0.1605371 -0.1416430 -0.2492179 0.0852035 0.1894614 0.1273062 0.1519549 -0.1761981 0.1372677 -0.0210748 0.0270040 0.4046623 -0.3448668 -0.3477254 -0.3260405 -0.3598315 -0.4188610 -0.2612259 -0.2801263 -0.3099472 -0.3259049 -0.4503510 0.0112374 0.1886282 -0.1106386 0.6314069 -0.4111377 0.0384976 -0.2061995 -0.1231972 0.0120928 -0.1006879 -0.3194065 0.3495424 -0.4822599 -0.3153480 0.0506714 -0.0631338 0.0575484 0.1078052 -0.3268532 -0.0598183 -0.0980705 0.2801275 0.1794454 -0.1268344 -0.0590900 -0.1344456 -0.2300513 -0.1200739 -0.1090700 -0.0391242 -0.0861022 -0.2092484 -0.1861533 0.2222194 -0.2050500 -0.0838330 0.0998293 -0.0441148 -0.1724119 -0.1015409 0.2612490 -0.0365283 -0.0765769 -0.0424169 -0.0997537 -0.0476580 -0.0934465 -0.0569043 -0.0495055 0.0260813 0.0806001 -0.0754062 0.1504757 0.4139418 0.3679415 0.0407269 0.5441852 0.6488964 0.1723760 0.3743394 0.1146981 0.4002709 0.2837855 0.7319004 0.2316223 0.5566289 0.7811266 0.7244425 0.2669019 0.7458807 0.8561099 -0.2725512 0.1969839 -0.5284863 0.5794365 0.5083979 0.6245091 0.6690038 0.6051072 0.3793460 -0.4319015 0.3538671 0.2591930 0.3408464 -0.0343009 -0.3006046 0.1678783 0.4423546 -0.3029105 -0.2300768 0.3365701 0.4325327 -0.1525807 0.2061174 0.0332693 0.1256501
0.3629881 0.4893017 0.8879480 0.7850371 0.6327582 0.8352658 0.8275511 0.7580633 0.3324971 0.7462878 0.7800631 0.0000000 0.3263941 0.6012116 0.4428567 0.2725037 0.6127349 -0.0235853 -0.0467840 -0.0706324 0.9253304 0.1016861 0.2912532 0.3523275 -0.0576751 0.2917239 0.2770263 0.0448553 0.6315051 0.5361727 0.1274045 0.0029541 0.2359136 0.5518187 0.3280799 0.5943219 0.2600686 0.1252686 0.3638592 0.0969799 0.1605277 0.5122943 0.2607495 -0.1181902 0.8594134 0.0715331 0.0583649 0.2051123 0.4643336 -0.2097946 0.1799463 0.4595611 0.7495706 0.5300451 0.1484831 0.1159352 0.0881398 0.5014078 -0.0704991 0.2622116 0.6730483 0.4609288 0.1386845 0.7290070 0.8409629 0.1420907 0.3129586 0.5735938 0.1271149 0.6935000 -0.0359545 0.7669321 0.3274794 0.8049418 0.3268530 0.4327051 0.6974238 -0.1947697 -0.2039050 0.6542318 -0.3027617 -0.3267774 -0.2277152 -0.3634828 -0.2280417 -0.1477472 -0.4689132 -0.1835322 -0.0908245 -0.0519695 -0.1164128 -0.1564487 -0.1469521 -0.1968439 -0.1337522 -0.0197663 -0.1251021 -0.1296479 -0.2298993 0.0518762 -0.0236926 -0.1816538 -0.3304011 -0.1761917 0.0651963 0.0131582 0.2639013 -0.1137555 0.0004017 0.0654724 -0.1562427 0.5018488 -0.3602876 -0.4194939 -0.4731671 -0.4265324 -0.4929831 -0.4012551 -0.4600061 -0.4500528 -0.4415891 -0.5241597 -0.0373046 0.1906666 -0.2639063 0.6317317 -0.5745910 -0.0712832 -0.4073199 -0.2341558 -0.2288230 -0.1122605 -0.5702920 0.3432050 -0.5118305 -0.3649686 -0.1772846 -0.2471889 -0.1901853 0.0744115 -0.4101837 -0.1759472 -0.4687862 0.3326040 0.0358176 -0.1171667 -0.1999704 -0.2003432 -0.3859651 -0.3717071 -0.2449266 -0.1049438 -0.2293631 -0.3604183 -0.2221597 0.2566936 -0.4244482 -0.1592756 -0.1882390 -0.0237804 -0.2736761 -0.2498617 0.3003003 -0.1437139 -0.1847607 -0.2074514 -0.2662726 -0.2075187 -0.2620397 -0.1758141 -0.2752913 -0.2029006 0.2015726 -0.0083266 0.2552037 0.5898230 0.5234683 0.1015138 0.6898628 0.6322192 0.1683381 0.3477911 0.0510482 0.2932809 0.2474403 0.7912256 0.2530457 0.4727672 0.8450255 0.7871314 0.3164738 0.6509466 0.8689757 -0.1731619 0.1220712 -0.4962567 0.5107531 0.5245812 0.6789508 0.6766617 0.5534382 0.3256837 -0.2607156 0.5197507 0.1707897 0.2989246 -0.0292854 -0.0976826 0.1551504 0.5903511 -0.2017053 -0.1033509 0.1636512 0.6377030 -0.0112168 0.2062271 -0.0876181 -0.0593719
0.3853552 0.3874252 0.5092329 0.4267094 0.5539720 0.0193020 0.0154692 0.6377843 0.2840676 0.5857143 0.4766519 0.3263941 0.0000000 0.1922102 0.4132720 0.5981095 0.6349211 -0.2829000 0.6657384 0.2318037 0.3978620 0.7869950 0.2815490 -0.1329957 0.3653973 0.3408525 0.7239864 -0.2960701 0.0495129 0.3857816 0.5832839 0.3667875 -0.1884150 -0.1428056 0.5815312 -0.0557808 0.4550093 0.5975034 0.6370352 0.1076190 0.3328419 -0.1401284 0.6348993 -0.4297041 0.2373502 0.3198569 0.3357294 0.4454366 -0.0503283 0.3451930 0.4951128 0.5089895 0.0281073 0.3339168 0.5915156 0.3345210 0.4030277 -0.1212652 0.2450440 0.5103765 0.5584016 0.1915991 0.5191266 0.0174229 0.2617743 0.4856630 0.3058507 0.3613865 0.2879075 0.2243235 0.1059592 0.0179760 0.2985045 0.4313268 0.5378353 0.1237423 0.1232417 -0.2987894 -0.2875169 0.2392302 -0.3400992 -0.3631297 0.0629097 -0.0349775 -0.0799858 0.0623429 0.0012360 -0.1679163 0.1048466 -0.1455202 0.0135355 0.1685633 0.1149730 -0.0207260 0.0351362 -0.1167589 -0.1297913 -0.1649464 -0.1289061 0.2010509 0.0592019 0.0011250 -0.1119461 0.0476544 -0.2342205 0.1074311 -0.1804481 -0.0645323 0.0805457 -0.0091168 0.0170579 0.0966056 -0.2733390 -0.2290046 -0.2655831 -0.2922277 -0.3682612 -0.2727657 -0.2706638 -0.4136556 -0.4007069 -0.3134864 -0.0522509 -0.1656260 -0.4015710 0.5060515 -0.2498899 0.0078859 -0.3702628 -0.1106838 -0.2521138 -0.2706933 -0.3210920 0.1404055 -0.4847943 -0.2711380 -0.1386746 -0.4172459 -0.2258606 -0.3894816 -0.2426390 -0.5463957 0.1716070 0.0348348 -0.2792701 -0.1731256 -0.3241811 -0.0810592 -0.1858114 -0.2994752 -0.3638979 -0.1824402 -0.3183329 -0.1154949 -0.0205486 0.2831776 -0.0382410 -0.3511707 0.0054343 -0.4638589 0.0332367 -0.2365943 0.1106102 -0.2536769 -0.0905610 -0.3041055 -0.2353918 -0.1761386 -0.2117464 -0.1301941 0.0638767 0.0986735 -0.2093710 -0.2010439 0.3617802 0.4618026 0.4534200 0.1415532 0.2543480 0.0181065 -0.2635049 -0.1030602 -0.1678736 0.1036469 0.4591580 0.6138922 0.4857795 0.6784701 0.5031687 0.2632351 0.2774282 0.3860861 0.5295078 0.0874157 0.3443406 -0.1756998 0.5731186 0.6874592 0.5391657 0.4469883 0.3605509 0.4329612 -0.2330862 0.0572841 0.2878733 0.1817694 -0.0831778 -0.1223498 -0.0542310 0.6155705 -0.3346092 -0.6411292 0.3546675 0.3008292 -0.0183483 0.1782544 0.2178053 0.5478035
0.1905541 0.5104286 0.5256691 0.6262421 0.2101785 0.7711868 0.5883405 0.6217467 0.5532233 0.7927077 0.5625475 0.6012116 0.1922102 0.0000000 0.7587658 0.3166411 0.6355642 0.5973544 0.0706734 -0.0264041 0.5409645 0.1919354 0.1783049 0.7178217 0.1372468 0.2910611 0.3448897 0.5670865 0.8492618 0.8407938 0.0492684 0.0706670 0.6019549 0.7305706 0.2547584 0.6770127 0.1995078 0.0710148 0.3222924 0.3239768 0.0409002 0.6573985 0.2133853 0.4142034 0.7036447 0.2101004 0.1334420 0.0438283 0.6761941 -0.0894858 0.1261166 0.2639832 0.7348514 0.4569693 -0.0142325 0.2102355 0.2143680 0.5447407 -0.1333013 0.1465255 0.5054986 0.1558878 0.1659762 0.5648719 0.6213695 0.3502263 0.1707694 0.4072581 0.1478998 0.4636959 0.2923638 0.6622234 0.2543656 0.6030661 0.3000877 0.3995169 0.6031910 0.2966301 0.1471953 0.5122793 0.1320524 -0.4331573 -0.4030131 -0.2237087 -0.2720113 -0.1069216 -0.3056852 -0.3604205 0.0727486 -0.0858219 0.0331744 -0.0860089 -0.0849505 -0.2761647 -0.0893129 -0.0627087 -0.0423363 -0.4444417 -0.1724196 0.1235306 -0.1415675 -0.4103360 -0.4171382 -0.1323385 0.1530291 -0.1319991 0.2221839 -0.3961824 0.0234411 -0.1848372 -0.0555129 0.3367240 -0.4991139 -0.5545670 -0.4859715 -0.4673394 -0.4610953 -0.4556690 -0.3087864 -0.3778562 -0.3664779 -0.4522222 -0.1213916 0.3916977 -0.1126558 0.5546058 -0.2355625 -0.0426557 -0.2012296 -0.1748045 -0.1525112 -0.1344458 -0.2535408 0.4181820 -0.3460138 -0.2348774 -0.2788367 -0.1051916 -0.2350164 0.1708910 -0.3658027 0.0393394 -0.0847770 0.4406293 0.0879853 0.0618346 -0.1245922 -0.3179396 -0.2677797 -0.0795031 -0.0175848 0.0684120 -0.0491306 -0.3277909 -0.1811782 0.4445054 0.0119412 -0.1400086 0.3046147 0.3433816 -0.2782350 -0.1039619 0.6291173 0.3237902 -0.1231493 0.0714063 0.1413961 -0.0853822 0.0372095 0.1037760 -0.1389112 -0.0377027 0.1216814 0.1404616 0.0915109 0.3266420 0.3521111 0.1937759 0.4912217 0.5963347 0.3471156 0.5000907 0.1682695 0.3299766 0.2368475 0.4421049 0.0802026 0.1426785 0.6289298 0.5645763 0.2111504 0.5399859 0.6032323 -0.2237275 0.1727408 -0.2809538 0.3711347 0.4221932 0.3538972 0.5911944 0.3794282 0.3554059 0.0297838 0.4813777 -0.2944235 -0.2106004 -0.0600688 -0.1724642 0.5024507 0.4569237 -0.0140746 0.2785208 -0.2687134 0.3939468 0.2907037 0.2005884 0.4525186 0.3283328
0.3107271 0.6306857 0.3970932 0.6400605 0.1203923 0.5184470 0.2402357 0.7257764 0.7743336 0.7659971 0.4673496 0.4428567 0.4132720 0.7587658 0.0000000 0.3118136 0.4895129 0.3124488 0.2765798 0.1034876 0.3318287 0.2473364 -0.0986728 0.5303630 0.0964579 0.1127854 0.3388553 0.3651242 0.7430422 0.6217833 0.0920377 0.0058642 0.5151756 0.6311427 0.1641368 0.2831103 0.0459035 0.0585334 0.2814783 0.1327983 -0.1428447 0.3797432 0.1321158 0.2866325 0.6055924 0.0037710 -0.0924681 -0.1075632 0.5543588 0.0208511 -0.0485318 0.0436451 0.6154940 0.2067767 0.0619025 0.0408729 0.0894865 0.2652892 -0.1877713 0.0202712 0.3581369 -0.1611494 0.1746272 0.3872792 0.5224610 0.3226501 -0.1006843 0.1860126 0.0380562 0.2799084 0.1112427 0.5131547 0.0096327 0.5661141 0.2595862 0.1385323 0.3260558 0.0495722 -0.0929759 0.2402188 -0.0882633 -0.3820534 -0.2171300 -0.2955587 -0.3632128 -0.2429651 -0.2793979 -0.3645411 -0.1308217 -0.3977834 -0.2763173 -0.3091111 -0.2609441 -0.3551004 -0.2569267 -0.3764654 -0.2294417 -0.3166066 -0.3059077 0.1334331 -0.2836514 -0.4304070 -0.4425024 -0.1550150 -0.2431169 -0.4091936 -0.2112520 -0.5397207 -0.3086116 -0.4629435 -0.2724423 -0.0999587 -0.4514790 -0.4869143 -0.4476673 -0.4413433 -0.4118648 -0.4161554 -0.3843801 -0.5221801 -0.3454563 -0.3456870 -0.3747951 -0.0033134 -0.3433497 0.2932737 -0.1350376 -0.1516658 -0.4409934 -0.3753072 -0.2779838 -0.3512253 -0.3755831 0.1071705 -0.4899705 -0.4577427 -0.4407816 -0.3081404 -0.3484539 -0.2903485 -0.3895661 -0.3487486 -0.1395099 -0.0740284 -0.1393748 -0.3455093 -0.2087748 -0.4357854 -0.3621206 -0.3647747 -0.3868782 -0.3855184 -0.0410871 -0.3948253 -0.2323560 0.1591470 -0.3237427 -0.2456030 0.0365165 -0.2034770 -0.2761946 -0.1334918 0.3481020 -0.1076759 -0.1554074 -0.1513634 -0.0189884 -0.2011831 -0.0638409 0.0410007 -0.1250696 -0.0304486 -0.1615129 -0.0435524 0.0072946 0.1924081 0.1469657 -0.0701293 0.1026432 0.2383456 0.0896556 0.3429414 -0.0521143 0.3763525 0.1753575 0.4058144 0.1239844 0.0698926 0.5976578 0.4865257 -0.1387193 0.4288797 0.4630813 -0.3958125 -0.1054841 -0.3913651 0.1897161 0.2615466 0.1664769 0.3072556 0.2287423 0.3815704 -0.1981676 0.3365765 -0.1627064 -0.2847624 -0.3587690 -0.4145656 0.3724553 0.4307268 -0.2821869 -0.0178646 -0.3538476 0.1158713 -0.0347655 -0.0535914 0.3735144 0.3653955
0.0453734 0.3843947 0.2462388 0.5324636 0.2134831 0.1952694 0.1419761 0.6256402 0.2452940 0.4834169 0.6057905 0.2725037 0.5981095 0.3166411 0.3118136 0.0000000 0.6788929 -0.0860239 0.7871706 -0.1331037 0.2670538 0.6225286 0.5388724 0.0891073 0.7916332 0.8657868 0.5177446 -0.0025101 0.1644632 0.6339885 0.3078359 0.8258384 -0.0062387 0.0057367 0.7692368 0.3872828 0.8544372 0.8465314 0.6572787 0.5814093 0.5821779 0.2353357 0.7852124 -0.0138993 0.1985204 0.8114639 0.7877515 0.6691467 0.2229181 0.7055732 0.7888378 0.6710972 0.1548740 0.6169291 0.6742017 0.7526683 0.7932108 0.3599591 0.2431699 0.7572011 0.5381785 0.5745406 0.6086398 0.1427206 0.1466133 0.7182086 0.7052707 0.6989847 0.5975225 0.5178548 0.5862615 0.1217853 0.6782120 0.2506374 0.7248283 0.6405359 0.3877425 0.2739486 0.1640260 0.6351382 -0.0155075 -0.5089523 -0.0550566 0.2597628 0.1767797 0.2124355 0.1387348 0.0342932 0.2882377 0.2735309 0.3364083 0.2308401 0.4021180 0.2065491 0.3198696 0.3587252 0.3076219 0.0939993 0.2355117 0.3392354 0.2872475 0.2760994 0.0677286 0.1560389 0.3357972 0.4642403 0.1533732 0.0354589 0.3958918 0.1056880 0.3665020 0.4435074 0.0262879 0.0043085 0.0412576 -0.0019045 -0.0450979 0.1328048 0.1102266 0.1329421 0.0119476 -0.0713759 0.1976208 0.0139909 0.1680570 0.4985126 0.1216576 0.0441680 0.1270050 0.2463785 0.3066808 0.1188474 0.2067211 0.2015175 -0.0158874 0.0033613 0.3446572 0.1440025 0.2572470 0.2931047 0.0077977 0.1200505 0.2533778 0.0563105 0.2794376 -0.1851292 0.1932155 0.2355916 0.1154205 0.1512432 0.1291937 0.1946314 0.1163784 0.0556953 0.1745803 0.0815027 0.1371775 0.0637321 0.1898349 0.1092948 0.0739864 0.0056560 0.0426256 0.1174359 0.1249741 0.1328761 -0.0389197 0.1110676 0.1257606 0.0921049 0.2132273 0.2932605 -0.0569467 -0.0520942 0.2866489 0.2772256 0.3888696 0.3796265 0.3186344 0.2893653 0.1248246 0.0797179 0.2275151 0.1063728 0.3409279 0.3285605 0.2983516 0.4187654 0.2767337 0.1878888 0.5544307 0.6239154 0.4211727 0.2592312 0.5280210 0.0213459 0.3372646 0.4403432 0.4471843 0.3358393 0.1852882 0.0884452 -0.3674184 0.0038819 0.3041182 0.2580439 -0.0565583 -0.2136789 -0.0581963 0.0909270 -0.2795272 -0.3058702 0.2747456 0.0941032 -0.2362584 -0.0610218 0.2991734 0.2989324
0.1393496 0.3394767 0.6936520 0.6606698 0.6835336 0.5976715 0.5114856 0.7139242 0.2225849 0.7770847 0.8150258 0.6127349 0.6349211 0.6355642 0.4895129 0.6788929 0.0000000 0.0495796 0.3099341 0.1844172 0.6824857 0.5231792 0.6911146 0.1521059 0.3482950 0.6368503 0.8168830 -0.0073118 0.4284191 0.7847682 0.3561487 0.4001810 0.0217184 0.1945734 0.7978653 0.3564250 0.6752095 0.5102952 0.7229054 0.2302716 0.5247460 0.2528261 0.7939386 -0.0993767 0.5716275 0.4442732 0.4726262 0.4982138 0.3177893 0.1278303 0.5960894 0.7927507 0.4449817 0.6346000 0.3359835 0.4360089 0.5274774 0.3788406 0.1825852 0.6485709 0.7371696 0.5737003 0.3306071 0.3653082 0.5090985 0.5046767 0.5518975 0.7339510 0.2995803 0.6353350 0.3529775 0.4059975 0.6059218 0.6144701 0.4712173 0.5680135 0.5506902 0.1503814 0.1678893 0.6891660 0.0853328 -0.5022314 -0.2555220 -0.0838346 -0.0580622 -0.0691309 -0.2895012 -0.1525048 0.1210761 0.0434613 0.2096351 0.1709486 0.0912680 -0.1424051 0.0902207 0.1607465 -0.0135336 -0.3722059 -0.1375770 0.1123308 0.0359389 -0.3230850 -0.3832603 -0.0894182 0.1224499 0.1863409 0.0072732 -0.1883106 0.1320675 -0.0047248 0.0350571 0.4403771 -0.3605233 -0.4205511 -0.3619548 -0.3603968 -0.4376109 -0.3459772 -0.2457505 -0.2989612 -0.3543268 -0.4296987 -0.0565903 0.1019508 -0.1949619 0.8564083 -0.3081593 -0.1471883 -0.2062973 -0.1219848 -0.1152261 -0.2549151 -0.2177336 0.2679366 -0.4014375 -0.3412764 -0.0600408 -0.1812348 -0.1577211 0.1178699 -0.3427224 -0.1584288 0.1576340 0.3970673 -0.0148307 -0.0042597 -0.2176520 -0.1550635 -0.0843135 -0.1496428 -0.1012256 0.1063993 -0.2934926 -0.2284475 -0.1015736 0.3868313 0.0150392 -0.2372685 0.3297704 0.0627476 -0.1002730 -0.2502788 0.3075394 0.0599040 -0.1134774 -0.1188083 -0.1401589 -0.0732651 -0.0527665 -0.1011793 -0.0617401 0.0241118 0.0609507 0.1864808 0.3738441 0.5839306 0.5659774 0.2991129 0.4997134 0.4438338 -0.0734202 0.0421135 0.0318793 0.0960533 0.4641793 0.6268079 0.4494431 0.6247257 0.6211094 0.5366740 0.4880723 0.5735696 0.7690659 -0.0010808 0.5044953 -0.1384098 0.7056443 0.7588832 0.7698615 0.8064811 0.5472094 0.3743469 -0.2308722 0.2752586 -0.0656185 0.2637081 -0.0434662 -0.1957894 0.2421633 0.4902448 -0.2154695 -0.0975322 0.4364012 0.6527592 0.1727703 0.4161531 0.4774407 0.5074787
