0.0000000 -0.1687493 0.1307990 -0.2223620 0.2190314 -0.1745603 -0.3802439 -0.1279584 0.0011342 0.1493953 -0.0105418 -0.4499936 0.0455228 0.1665070 -0.0577207 -0.3103304 -0.0463072 -0.1079130 -0.5002344 -0.0597721 0.1131962 -0.3644864 -0.3489933 0.1651810 -0.2606034 -0.2089884 0.0680487 0.1705917 -0.1483510 0.5290831 -0.0509309 -0.2120950 -0.0550793 -0.0922334 -0.1060045 0.3870081 -0.0880267 -0.3100778 0.1040801 0.0860528 0.3189728 -0.0336759 -0.1165429 0.0273153 -0.3221429 0.0072235 -0.0410943 0.2344357 -0.1377459 0.0780599 -0.1499709 -0.1464004 -0.0187779 -0.2098802 -0.2190386 -0.1661548 -0.1502773 -0.1753613 0.1019627 -0.0376852 -0.2360441 -0.1432018 -0.1131681 -0.2112738 -0.2842183 0.0060354 -0.1329765 -0.1239595 -0.0986073 -0.2022506 -0.0412012 0.0034231 -0.1368059 -0.0294673 -0.0120628 -0.2296350 -0.0695712 -0.0972488 0.0067066 0.2708436 -0.0711127 0.1455223 0.1493096 -0.0946171 -0.0489638 -0.2523541 0.2474041 -0.0715036 -0.4144126 0.3779455 -0.2816234 0.3044943 0.1164855 0.1716611 0.1971158 0.3636450 0.2222031 0.0325297 0.5194266 0.0546180 0.5147813 0.1569415 0.5049714 0.0520266 0.2796614 0.5128335 -0.1156249 0.5332322 0.3420735 0.0998391 0.5962843 0.2178864 -0.1493791 0.2016285 0.0565291 -0.0437941 0.1284129 0.0714829 -0.1740011 0.1710434 0.1495482 0.2845792 0.1061688 0.2910177 0.1242627 -0.0301562 0.4436382 0.0962671 -0.4243189 0.1675965 -0.0363178 0.2171332 0.4505812 -0.1298952 -0.1051677 0.3754790 -0.3369030 -0.1358578 -0.0714068 0.2447555 -0.0903332 -0.1985840 -0.4406239 -0.1320940 -0.2026171 -0.0944570 -0.1544212 -0.3589005 -0.2325764 -0.3043957 0.3372601 0.0201915 -0.1422386 -0.1619848 -0.1263547 -0.1744324 -0.5570531 -0.2148434 -0.4893927 -0.4044373 -0.5742259 -0.4863621 -0.1199291 -0.5438552 -0.4461378 0.1997373 -0.3188421 -0.3816216 -0.2841386 -0.5115883 -0.4714197 -0.3540886 0.5248769 -0.2678099 0.1754634 0.1629528 -0.1680121 -0.1808762 -0.0061335 0.2098270 0.1521816 0.4115834 0.2264622 0.3726851 0.1467975 -0.0522087 -0.1393990 0.0496272 -0.0921925 -0.0445052 0.1071547 -0.1960177 -0.1293007 -0.2252623 0.0393066 -0.2509886 -0.1188275 -0.1843844 -0.1230020 -0.2485473 -0.1063842 -0.1268006 -0.0243117 -0.0820850 0.0450282 0.1407064 -0.3682067 0.1583517 -0.2531351 -0.3880886 -0.0746783 -0.3420054 0.0048752 -0.4047708 -0.4007249 0.2665530 -0.2093364 -0.1967040
-0.1687493 0.0000000 0.4437525 0.9113783 0.6786709 0.7160166 -0.0877370 0.8917168 -0.0971459 0.3763037 0.7094123 0.2075696 0.7067617 -0.2630670 -0.4126091 0.6323670 0.7435957 -0.5905199 0.7663640 0.6347639 0.1592408 0.8203707 0.7366237 -0.4589749 0.8251832 0.8058831 0.7792000 -0.5727655 0.1656707 -0.2397941 0.5786665 0.7619003 -0.4952105 -0.1782755 0.5930915 -0.0279054 0.7330155 0.7686399 0.6195903 0.1709749 0.3280266 0.7030400 0.6805411 -0.3916104 0.7210799 0.5210619 0.3389347 0.5407886 -0.2725298 0.4325055 0.5657699 0.7340918 0.3456462 0.6823822 0.9277486 0.7054046 0.6016109 0.6921094 0.7449013 0.7349625 0.7395093 0.7431552 0.6524742 0.8287866 0.6368069 0.5966623 0.7755900 0.7398917 0.7401836 0.8335198 0.7439941 0.2529268 0.7919513 0.5270779 0.6699986 0.7989363 0.3443365 0.6089605 0.6412054 0.4129459 0.6392035 0.0721939 0.0547697 0.5622475 0.3887363 0.3722583 -0.0817614 0.1531115 0.2438453 0.2497865 -0.0387608 -0.1316555 0.1828867 0.1105653 -0.0887281 -0.1727084 0.0720931 0.1770160 -0.0969925 -0.2021447 -0.1754842 0.0564836 0.3850028 0.0832314 -0.1006973 0.1266509 0.4086836 0.4164966 -0.1779969 0.3418323 -0.1126496 -0.0746194 0.0515709 0.1044586 0.0252556 -0.1048466 0.0427613 0.0637019 -0.0338473 -0.0774558 0.0747504 0.0546427 0.1187397 0.1385794 0.2341830 0.1775332 0.0426542 -0.0444376 0.2132628 -0.1381964 0.0588386 0.0200990 -0.1286844 0.3832115 0.0294358 0.1933123 0.0507507 0.3465906 0.1818822 0.0652924 0.2687731 0.2506075 0.0953050 0.1512720 0.3369756 0.4171560 0.2018864 0.0980137 0.3753231 -0.0385466 -0.2440711 0.1535049 0.4223528 0.4406855 -0.0752906 0.2104661 0.4170672 0.2944899 0.3955321 -0.1833632 0.0669923 0.1456341 0.4234862 0.4506708 0.3167761 0.3864760 0.4137424 0.5097731 0.5537588 0.1642003 0.3392498 0.3623482 -0.3727496 -0.2655670 0.0542669 -0.2380486 -0.1037027 0.2042976 -0.0647462 -0.1619065 -0.0558714 -0.1209128 0.5809472 0.1414119 0.6730544 0.7074075 0.5630747 0.4931773 0.4317081 0.3645705 -0.0713795 0.3844984 0.2394116 -0.1207107 0.1577512 0.0931175 -0.1033814 0.1332247 0.4289379 0.1197647 -0.1033950 -0.3223528 -0.3601065 -0.1141505 0.1265989 0.2123025 0.2736756 0.2902440 0.0396422 -0.2379396 -0.3414274 -0.0816945 0.0386649 0.1461200 0.2561188 0.3848847 0.2835564 0.3339399
0.1307990 0.4437525 0.0000000 0.5856537 0.5541421 0.4323254 -0.2733248 0.3624859 0.1142093 0.2778059 0.1613439 -0.0292208 0.1465924 0.1158910 0.1074291 -0.0090631 0.2139805 -0.0834246 0.0254392 -0.1805461 0.5545501 0.0787048 0.2567228 0.2541178 0.1277041 0.0684997 0.6506763 0.0835142 0.3612984 0.2120004 -0.0559355 0.4830982 0.0636191 0.2222874 0.3027065 0.4130433 0.3387511 0.3092176 0.6104459 0.3218733 0.7873571 0.1792891 0.4451220 0.1647997 -0.0596961 0.4935250 0.3654062 0.6525480 0.0845950 0.8346901 0.3154422 0.3620718 0.3579531 0.2026097 0.4465869 0.4217055 0.3154235 0.0394608 0.2619841 0.2583390 0.2360985 0.1000136 0.0704291 0.1669866 0.2553673 0.3412876 0.0750274 0.0505869 0.1915942 0.0682055 0.1457724 0.3224515 0.1278202 0.1856714 0.1411166 0.1667207 0.2625858 -0.0377595 0.1457994 0.0763631 -0.0144370 0.4220076 0.4168948 0.0187435 -0.1326112 0.3367049 0.6607965 0.0305534 0.1848828 0.4515550 0.1203378 -0.1164304 0.6417854 0.1361674 0.3456649 0.1240442 0.0902937 0.2898198 0.5178028 -0.1676584 0.0328061 -0.0626319 0.5188722 -0.0260462 -0.0593344 0.4460941 -0.1597746 0.0977671 0.2567514 -0.2812584 0.4172531 -0.1602756 -0.5371762 -0.2977105 -0.4014302 -0.4459384 -0.3635075 -0.3190308 -0.3916676 -0.5607470 -0.3327378 -0.3132936 0.4855924 -0.2590285 -0.0461013 -0.1017955 -0.2107175 0.3940954 -0.3290320 -0.4730732 -0.2405177 0.4773346 0.1670278 0.0241404 -0.2503850 0.4061779 -0.2248401 0.0693997 -0.1829327 -0.1027021 0.0449919 -0.0150746 -0.1130898 -0.0307702 0.2664730 0.1928403 0.0270511 -0.1155921 -0.0887056 -0.2784708 -0.2578317 0.2291294 0.2946299 0.1477837 0.0146120 0.2635152 0.2336134 0.0772498 0.1061773 -0.2770107 -0.0061927 0.0576388 0.3124664 0.3018609 0.1387593 0.3111724 0.2825894 0.1467159 0.1728440 -0.0429943 0.0214839 -0.0201111 0.0668620 -0.0897702 0.0632801 0.1889293 0.3566930 0.3873155 0.4559930 0.4652965 0.3326862 0.4116878 0.3092761 0.3382030 0.2104593 0.2875997 0.2220533 0.1444815 0.2422873 0.3358913 -0.5761653 0.0679804 0.0792956 -0.4285941 -0.4560342 -0.3500836 -0.2297422 -0.1579860 0.2523885 -0.1433869 -0.1969662 -0.4320903 -0.0847479 0.0221205 0.6307655 0.6773552 0.3997209 0.2030259 -0.1194876 -0.1784379 0.0587922 -0.1335791 0.7631223 0.4410776 0.4115851 -0.0174783 0.1002912 0.2993760
-0.2223620 0.9113783 0.5856537 0.0000000 0.5879625 0.8319236 -0.0022293 0.8217452 0.0720281 0.4305394 0.6471730 0.2837768 0.5361090 -0.1896567 -0.1996856 0.4655987 0.6425807 -0.4195788 0.6461961 0.4406032 0.3855912 0.7472089 0.7197282 -0.1790017 0.7490502 0.6575298 0.8018924 -0.3777659 0.3463745 -0.1943747 0.4705343 0.8196234 -0.2800476 0.0598811 0.5884162 0.0571072 0.6944190 0.7830951 0.6456271 0.2380637 0.4791532 0.4664816 0.6754340 -0.2516162 0.5385191 0.5919600 0.3905700 0.5877879 -0.0984875 0.6512063 0.5372299 0.7235878 0.5622975 0.6285166 0.8506223 0.7007553 0.5665050 0.5227949 0.5557855 0.6506219 0.6652058 0.5708893 0.4982628 0.7440319 0.6076403 0.5463977 0.6117812 0.5494779 0.6446809 0.6842033 0.5978848 0.4295714 0.6307219 0.4171144 0.5925082 0.6342068 0.4586088 0.4511466 0.5717179 0.3476361 0.5044687 0.2059226 0.1008205 0.4543145 0.3055821 0.3899982 0.1036094 0.1249678 0.3494590 0.2563718 -0.0453607 -0.2037274 0.2784794 0.1472492 0.0130036 -0.1314299 0.0659209 0.2229495 0.0406865 -0.0951542 -0.1462768 0.0187095 0.2549179 0.1207414 -0.0902900 0.1372797 0.1983906 0.1831287 -0.0330522 0.0883405 -0.0541643 -0.1730925 -0.1761171 -0.1542183 -0.2056012 -0.2766031 -0.0821026 -0.0588368 -0.0944201 -0.2499135 -0.0926961 -0.0984902 0.1640231 0.0795028 0.0690740 0.1449522 -0.0839476 0.0369543 0.1302304 -0.1932484 -0.0582923 -0.0059439 -0.0300391 0.5126542 -0.0110495 0.1919767 -0.0034771 0.3266756 0.0806860 0.0361421 0.3124744 0.0798052 0.0896804 0.1724970 0.3441291 0.4289222 -0.0088317 -0.1267753 0.3600969 -0.1975136 -0.1777560 0.2217913 0.4220879 0.4741775 -0.0758306 0.2512531 0.5165984 0.1681875 0.3885487 -0.2337035 0.1275464 0.1598692 0.4064408 0.5425105 0.4340393 0.3802958 0.4525450 0.5755023 0.6243911 0.2594569 0.4133982 0.4779767 -0.3608376 -0.1989142 0.0453988 -0.0919707 0.0787581 0.2711423 0.1435050 -0.0824429 -0.0239222 -0.0158958 0.4443947 0.1906700 0.4693203 0.5083233 0.3751009 0.3271549 0.4738234 0.4990926 -0.1256357 0.4357448 0.2443009 -0.1398037 0.0842142 0.0985397 -0.0576016 0.1506587 0.3923218 0.1188530 -0.1181482 -0.4561219 -0.3465054 -0.0638210 0.3180531 0.2732896 0.3316160 0.3895842 0.1436375 -0.3135466 -0.2366541 -0.0149947 0.2481567 0.2873139 0.4134930 0.2924502 0.2980729 0.3807637
0.2190314 0.6786709 0.5541421 0.5879625 0.0000000 0.3612842 -0.2568622 0.7701572 -0.2269503 0.3233374 0.4375118 0.0629214 0.7341397 -0.1763547 -0.4735909 0.2461816 0.4255865 -0.5043334 0.2597634 0.4628720 0.2047362 0.4231390 0.1416682 -0.4361640 0.3837733 0.3543077 0.6230728 -0.4732146 -0.1214079 -0.0029798 0.4753997 0.3819789 -0.4926453 -0.3179432 0.1826778 0.1323789 0.3293576 0.3113898 0.4027356 -0.0614180 0.3689975 0.4524477 0.2111317 -0.4098200 0.2513599 0.3606460 0.0589787 0.3844370 -0.4176204 0.4034005 0.1767134 0.2690658 0.0565832 0.1321330 0.6370631 0.4388688 0.2127254 0.2109724 0.6063813 0.3480238 0.4480941 0.2875050 0.5193609 0.3548564 0.4428683 0.2573832 0.3517172 0.2862371 0.4224571 0.3527278 0.3892247 0.1936772 0.3216468 0.6238187 0.3805004 0.3715294 0.3278363 0.1865969 0.2235898 0.4378247 0.3868586 0.0104452 0.0520720 0.1801263 0.0981020 0.0927337 0.0182655 0.0417371 -0.1646638 0.0960251 -0.1621995 -0.0541722 0.2235956 0.0138770 -0.1394814 -0.1776533 0.1253772 0.0482569 0.0220365 -0.3115959 -0.1290130 -0.0828290 0.4838208 -0.1582050 -0.1070202 0.3980986 0.1724497 0.4823124 -0.2411734 0.2918677 0.0312631 -0.2166607 0.0641021 0.2781668 0.0487074 -0.0515728 -0.0829293 -0.0777311 -0.0982250 -0.2681649 -0.1264826 -0.1596203 0.2008622 -0.0367895 0.0075047 -0.1754889 -0.2193185 0.0410624 -0.2543351 -0.4433950 -0.2742660 0.2492298 -0.2135101 0.0527620 0.0529880 0.1799697 -0.2689301 -0.1001735 -0.1781340 -0.2384362 0.2658352 0.1339340 0.2227990 -0.2276257 -0.1103225 0.3277092 -0.0018464 0.0300959 0.3131228 -0.0908376 -0.4035616 -0.2902097 0.0542512 0.4211826 -0.2540989 0.0008854 0.3172957 0.1790480 0.3616417 -0.1109789 -0.1404131 -0.0702917 0.2486475 0.2406371 -0.1260137 0.1404212 0.3520052 0.3207714 0.2188708 -0.1106505 0.1148152 -0.0498376 -0.0518775 -0.5540757 -0.0504161 -0.1075335 0.0687406 0.4368560 0.1525326 0.1384911 0.2723737 0.1270781 0.4738022 0.1916734 0.6903178 0.7086435 0.7416512 0.6878876 0.4526942 0.2679402 -0.4449292 0.2512602 0.2616687 -0.2764562 -0.3177840 -0.2883815 -0.2769665 0.1553723 0.4265207 -0.2818730 0.0420003 -0.3799322 -0.1473184 0.2501954 0.0323816 0.5364975 -0.1278692 0.3487517 -0.1541315 -0.2427604 -0.2935569 -0.2637428 0.0688310 0.0049029 0.0235134 0.5760787 0.0228371 0.0356820
-0.1745603 0.7160166 0.4323254 0.8319236 0.3612842 0.0000000 0.3305195 0.6261833 0.5133286 0.7232102 0.7760771 0.5075649 0.2788276 0.0808462 0.1176846 0.5022226 0.7020127 -0.2912231 0.5151885 0.2361867 0.3052650 0.5647600 0.7463237 -0.0344646 0.6702818 0.5213776 0.8248303 -0.2075548 0.3581129 0.0301559 0.2108872 0.5834233 -0.2301557 0.0022048 0.4094547 0.0757684 0.4756741 0.5779561 0.4807547 0.2142445 0.2893726 0.4264920 0.5520615 -0.1318319 0.4214952 0.4155001 0.2410678 0.4668981 0.0229499 0.4526638 0.3671733 0.6088194 0.4037071 0.6221428 0.5758886 0.4873072 0.3585236 0.5414050 0.4255387 0.4668544 0.4459795 0.5935814 0.2415247 0.6634639 0.3939534 0.2751317 0.5099094 0.6070883 0.3987928 0.6427910 0.4255531 0.2161180 0.6032979 0.1100916 0.5140831 0.4906360 0.1747437 0.4341031 0.5302439 0.2256071 0.4509170 0.2922169 0.1461452 0.4923586 0.3577861 0.2895576 0.1291418 0.0327027 0.3278169 0.2454439 -0.1387518 -0.2393937 0.1474851 0.2454707 0.1016256 -0.0139993 -0.0286666 0.0381120 0.0903048 0.2891592 -0.0308942 -0.0476781 0.1700266 0.3552180 -0.0410102 0.1338882 0.1591797 0.1631385 0.0614191 0.0847434 -0.0047822 -0.0152043 -0.1341522 -0.1004097 -0.1677205 -0.1394389 0.0411294 0.0184317 0.1488193 -0.0667484 0.1067507 0.1475373 0.1889078 0.2593810 0.1251274 0.3625032 0.1969139 0.0024255 0.1128973 0.0453322 0.0438788 -0.1680013 0.1350331 0.4866457 -0.1095076 0.3155751 0.0571907 0.4349399 0.1815023 0.2585545 0.3329917 0.1824527 0.0318208 0.3912126 0.5067440 0.4892505 0.1694206 -0.0570112 0.1928451 -0.1228643 0.0266857 0.4330173 0.5654922 0.4138973 0.0868340 0.3679647 0.5166725 0.2812812 0.3236755 -0.1613404 0.2081593 0.1863566 0.5846077 0.4919279 0.5920641 0.5696792 0.5338226 0.4996324 0.6138255 0.3895321 0.4875417 0.5099785 -0.2886442 -0.1455101 0.2279773 0.0813744 0.1303321 0.1375234 0.0711938 -0.1242496 -0.2512856 0.1121624 0.4595197 0.3409281 0.2991916 0.2596286 0.0205190 -0.0016157 0.1182588 0.2117368 0.1456077 0.2578243 0.0069322 -0.2427945 0.3252033 0.2209063 0.1934628 0.1674578 0.2667831 0.2544571 -0.3528493 -0.4230432 -0.4411241 -0.1042221 0.0979649 -0.0283666 0.4737688 0.3090542 0.0751723 -0.3057549 -0.2657841 0.0788017 0.1605005 0.3003687 0.3261397 0.3693587 0.5680637 0.5640212
-0.3802439 -0.0877370 -0.2733248 -0.0022293 -0.2568622 0.3305195 0.0000000 0.0220661 0.5565699 0.3678777 0.0923213 0.8687548 -0.1040920 0.3028890 0.5625569 0.0889786 0.0941897 0.2640085 0.0571703 0.0950057 0.1164006 -0.0351275 0.2213952 -0.0262800 0.0643271 -0.0597707 0.0222055 0.0085828 0.1868036 0.1078841 -0.1002700 0.0244568 -0.1326411 -0.1538990 -0.2152780 0.0337606 -0.1540555 0.1111893 -0.2652939 -0.0794974 -0.4113284 0.1754329 -0.1013910 -0.1413404 0.1648686 -0.2088174 -0.2965149 -0.1331858 -0.0269189 -0.0924294 -0.1443198 0.0411846 -0.1445372 0.0574733 -0.0799754 -0.1556732 -0.1947258 -0.0012434 -0.0998072 -0.0968936 -0.0675257 0.2490892 -0.1887513 0.0678984 0.0203713 -0.2845976 0.0196005 0.2910730 -0.1142141 0.2179609 -0.1383193 -0.1585129 0.1307695 -0.1773609 0.0549644 0.0658454 -0.0944206 0.0174231 0.0300181 -0.0158008 0.1016702 -0.1300443 -0.3286186 0.2973208 0.3661694 -0.0739866 -0.2324019 0.1132563 0.2090066 -0.4935880 -0.0763338 -0.4908882 -0.3680907 0.2321177 0.0150640 0.0427631 -0.3915445 -0.3851063 -0.4621722 0.5776528 -0.4346593 -0.3719452 -0.3959768 0.3611247 -0.1596771 -0.2249578 -0.0042421 -0.2188561 -0.1645371 0.1596710 -0.4612346 -0.1822111 0.0302775 -0.0479271 0.0238751 0.1099378 0.1102610 0.2127022 0.3173801 0.3548741 0.3678659 0.1022201 -0.2211395 0.1904935 0.0870529 0.5989167 0.0213456 -0.4698864 0.0907551 0.0441290 -0.1097706 -0.4395204 -0.2802642 0.0725925 0.1052356 -0.3837872 -0.1078486 0.0610519 0.0013639 0.2394615 0.2745754 0.0850512 0.0973064 0.1579031 0.1520889 -0.0974428 0.1021226 -0.0032638 0.1365046 0.0399334 0.2402284 0.0630958 0.0196714 -0.0141010 0.1069490 0.0295771 0.2750850 0.1384429 0.1387688 0.1175095 0.2186397 0.1120257 0.1028910 0.3020230 0.3859634 0.0905964 0.0506998 0.2255414 0.4256595 0.3846419 0.3522775 0.3875936 -0.3243160 0.1087631 0.4983141 0.3998612 0.2226238 0.0433418 -0.0141747 -0.3818851 -0.6421439 -0.1281013 0.1077079 0.1385903 -0.1539015 -0.1756812 -0.2857303 -0.1873260 -0.3605144 -0.3509272 0.3923190 -0.1926345 -0.4999152 -0.2754086 0.4647319 0.2795527 0.7611474 0.2432607 0.1155622 0.6859660 0.0003382 0.2179141 -0.1905105 -0.0938651 -0.0777906 -0.3536424 0.1367655 0.0654453 0.4863027 0.2338557 -0.1507957 0.1114755 -0.0320967 0.0719428 0.1111717 0.2058993 0.6463747 0.4216326
-0.1279584 0.8917168 0.3624859 0.8217452 0.7701572 0.6261833 0.0220661 0.0000000 -0.1175165 0.4441888 0.6378477 0.3011179 0.8287598 -0.2097302 -0.4887290 0.6554580 0.7057746 -0.5816330 0.7107563 0.7090764 0.1839488 0.7693336 0.6025798 -0.5528204 0.7773920 0.7407806 0.6776339 -0.6137239 0.0967382 -0.2280035 0.7203756 0.7324410 -0.5592322 -0.2712553 0.4979662 -0.0538005 0.6520257 0.7037716 0.5469771 0.0916522 0.2463014 0.6220344 0.4959762 -0.4529252 0.6655147 0.4631369 0.2339231 0.3321914 -0.3512327 0.3371347 0.4526334 0.5947657 0.2396971 0.5351594 0.8275782 0.6118668 0.4684846 0.5901802 0.6961578 0.6293077 0.7551716 0.6077942 0.6723837 0.7748455 0.6999581 0.4644986 0.6608947 0.6197702 0.6768044 0.7757773 0.6673345 0.3557448 0.7011027 0.6961925 0.6609495 0.7060049 0.4116611 0.5583084 0.5840318 0.5073713 0.7454110 -0.0156496 -0.0873060 0.3589715 0.2412706 0.0488477 -0.1879862 0.0014306 -0.0158740 -0.0150933 -0.1505695 -0.2017040 0.1905220 0.0764356 -0.3167108 -0.3103161 0.0184212 0.1102138 -0.2485701 -0.2668820 -0.2923217 -0.1199600 0.2899498 -0.0192637 -0.1206244 0.0157519 0.2081680 0.3832414 -0.3372380 0.3452526 -0.2094035 -0.2215652 0.0911290 0.2333084 0.0454156 -0.0526626 0.0994315 0.1047017 0.0309226 -0.0402242 0.0563968 0.0569879 0.1691854 0.2353468 0.1434544 0.1573998 -0.0207890 -0.1213264 0.0447776 -0.1435185 -0.1667370 -0.0756794 -0.1605654 0.3835510 0.0623440 -0.0488818 -0.2034549 0.1178825 0.0351552 -0.1516272 0.2882778 0.0533141 0.2018612 -0.0985526 0.0299093 0.2204616 0.0002985 -0.0263767 0.3650669 -0.1809332 -0.2908131 -0.2287334 0.1339450 0.3840708 -0.1463659 -0.0497979 0.4071111 0.0387237 0.3349448 -0.1737478 0.0486655 -0.0785832 0.2491458 0.2942160 0.1368502 0.1198989 0.2980214 0.4153678 0.3840722 -0.0286648 0.2429845 0.2089610 -0.4746416 -0.5268132 -0.0231433 -0.1279338 0.0267369 0.3059996 0.0213450 -0.1482655 -0.0428944 -0.1877329 0.4315467 -0.0154406 0.6832267 0.7870382 0.6778010 0.5742905 0.4880823 0.2651538 -0.0969005 0.3998347 0.2144292 -0.2237886 0.0352613 -0.0455809 -0.0738825 0.3772919 0.5782949 0.1050626 0.0744830 -0.3633258 -0.2714584 0.1790773 0.0457023 0.3816561 0.1003609 0.4940179 0.0952213 -0.2732061 -0.3900913 -0.1927731 -0.0719874 0.1373174 0.2340795 0.5529734 0.1552383 0.0995839
0.0011342 -0.0971459 0.1142093 0.0720281 -0.2269503 0.5133286 0.5565699 -0.1175165 0.0000000 0.7835244 0.3663836 0.4057100 -0.4420678 0.7172495 0.7447450 0.1034895 0.0988510 0.4554955 -0.1453922 -0.3605211 0.1730818 -0.1146577 0.3314442 0.4800829 -0.0786305 -0.0896591 0.2246134 0.5111398 0.3440732 0.5715209 -0.3559619 -0.0087345 0.2922615 0.1660192 0.1082461 0.2315250 -0.0166835 -0.1135351 0.1044985 0.4560188 0.0781913 -0.0676791 0.1695352 0.4993544 -0.1865334 0.1356334 0.1860306 0.1952145 0.4845014 0.1852770 0.1186587 0.2002207 -0.0075236 0.2399472 -0.1867593 -0.0188907 0.0039510 0.0662548 -0.2923211 -0.0003583 -0.2969233 0.1650890 -0.3203253 -0.0506549 -0.3397113 -0.0814616 -0.0748609 0.1735930 -0.2465861 0.0229730 -0.1957211 -0.2053021 0.0749020 -0.5427242 -0.0695399 -0.1296112 -0.3200523 -0.0403903 0.0128233 -0.1097460 -0.1074536 0.1416411 0.0045778 0.0439192 0.0372285 0.0673174 0.3129701 -0.2415954 0.2062092 0.1027015 0.1499966 0.0453440 0.0787706 -0.0083531 0.3839640 0.4191023 0.1295680 0.0689965 0.2355976 0.4941279 0.1660106 0.0363199 -0.0573827 0.2762642 0.3680319 0.1062046 -0.2047392 -0.1865940 0.4520520 -0.2423139 0.2706598 0.0960747 -0.2351577 -0.2353797 -0.3176957 -0.1368362 0.0302030 0.0453822 0.1447345 0.0885397 0.1412654 0.2542481 0.1055889 0.1149488 -0.0106986 0.3617711 0.3465413 0.1857134 -0.2709239 0.2078530 -0.0987778 0.0023189 0.3173832 0.1084143 -0.1556899 0.3904782 -0.1644484 0.0188836 -0.1221387 0.4155056 0.1272757 -0.0545110 -0.0397929 0.3798232 0.2016999 0.0785750 0.1551688 -0.0540869 -0.2345743 -0.0952128 0.3723841 0.4334189 0.3055018 -0.0465021 0.2475847 0.3996434 0.1421364 0.0639778 -0.1304322 0.0345950 0.0716492 0.0309017 0.5004943 0.1427588 0.4503411 0.4657634 0.1989168 -0.0482834 0.1562247 0.2594077 0.1532016 0.1710217 0.1186087 0.0503797 0.2804614 0.3523584 0.1388841 -0.2015060 0.0134133 -0.0743455 -0.3688474 0.3015512 0.0432119 0.3016512 -0.3362474 -0.4301805 -0.5457952 -0.4666342 -0.5116772 -0.3968417 0.2932312 -0.3123596 -0.4576427 -0.4382210 0.2762075 -0.1142282 0.4983708 -0.1194463 -0.1205642 0.2525384 -0.4206770 -0.1611869 -0.1467197 -0.1416655 0.0650552 -0.2909616 0.3584639 -0.0389560 -0.0071508 -0.2118965 0.0111566 -0.1465797 0.1622353 0.0612216 -0.0188948 0.0695971 0.5412127 0.3925191
0.1493953 0.3763037 0.2778059 0.4305394 0.3233374 0.7232102 0.3678777 0.4441888 0.7835244 0.0000000 0.7285927 0.4061446 0.1362201 0.5504524 0.2685125 0.4553976 0.5072353 -0.0039512 0.1635212 0.1137046 0.2113792 0.2801093 0.5363739 0.0858795 0.3079078 0.3214933 0.5977239 0.1091506 0.2531119 0.5049917 0.1377549 0.2978101 -0.1157162 -0.1107604 0.3349289 0.2272180 0.3075128 0.1664862 0.3742450 0.4663319 0.2215155 0.3112986 0.3644344 0.1690798 0.1552146 0.3394743 0.2553538 0.3420284 0.1719331 0.2647178 0.2957724 0.4506674 0.0347835 0.4683748 0.2253816 0.2505292 0.1936063 0.4031811 0.1969227 0.3140795 0.1105711 0.4519745 0.0959126 0.3512697 0.0149895 0.1546485 0.2729239 0.4869959 0.1262036 0.4139749 0.2093977 -0.0480348 0.4303604 -0.0825263 0.3085058 0.2232487 -0.1117425 0.2883835 0.3447895 0.2717390 0.3487836 0.1249011 -0.0087606 0.1710099 0.0943823 -0.0338060 0.1474528 -0.3039228 0.0360061 0.1035310 -0.0233053 0.0222479 0.1247787 0.0086842 0.1409732 0.2026644 0.1751985 0.0767267 0.1324186 0.2285795 0.1194491 -0.0229621 0.2064161 0.2204988 0.3382912 0.1584777 -0.0954859 0.1721469 0.1921183 0.0062765 0.2282234 0.0299044 -0.1004507 0.0543088 -0.1995375 -0.1019194 0.1231384 0.0617663 0.1079491 0.0691454 0.1426151 0.3501527 0.2009985 0.2938708 0.0223511 0.3081741 0.4285273 0.0977027 -0.3661023 0.1340237 -0.2359695 -0.0155318 0.2738029 0.3003827 -0.1655956 0.3726277 -0.3519309 -0.0137267 -0.1510033 0.3014912 0.1837404 -0.0572915 -0.0240436 0.2405380 0.0572312 0.1601909 0.0852688 -0.1195706 -0.1015020 -0.2572438 0.1567713 0.2043350 0.2719943 0.1099589 0.0407619 0.2336165 0.1632003 0.0236596 -0.0697918 -0.1252218 -0.1239118 -0.1735241 0.5451411 0.0873616 0.2636718 0.4310521 0.2591850 0.0441131 0.1865006 0.0751392 0.1169784 0.1191309 -0.0499899 -0.3636165 0.2716004 0.2613014 0.0951315 -0.0451799 -0.0251611 -0.1030178 -0.2829188 0.2369977 0.3395007 0.3354199 0.1963597 0.0965702 -0.0592001 -0.0472848 -0.2065541 -0.2672720 0.2032275 -0.1061841 -0.3127975 -0.5404737 0.2442034 -0.1998112 0.3241560 0.0829248 0.1861836 0.1188865 -0.3345380 -0.2935738 -0.2239722 0.0437481 -0.0078719 -0.0469213 0.2748247 0.3024459 -0.0576338 -0.3631052 -0.2200137 -0.2826209 -0.0056976 0.0148881 -0.0172788 0.5061908 0.5081522 0.3362319
-0.0105418 0.7094123 0.1613439 0.6471730 0.4375118 0.7760771 0.0923213 0.6378477 0.3663836 0.7285927 0.0000000 0.2783359 0.3716332 -0.0417364 -0.1962227 0.6902012 0.8522565 -0.5334466 0.5837345 0.3712312 0.0514004 0.6492479 0.7239096 -0.3315786 0.6466482 0.7507059 0.7386019 -0.3839970 0.0581724 -0.0140595 0.2793116 0.4045207 -0.3898588 -0.2858225 0.5309033 0.0799320 0.6185063 0.3968055 0.5136456 0.3037270 0.2241558 0.5111305 0.5903398 -0.1828837 0.4460029 0.5458120 0.3933533 0.4239699 -0.0891747 0.1532320 0.4988738 0.6518117 0.1357342 0.7332086 0.5608302 0.6275229 0.5196834 0.7774661 0.5676889 0.6138086 0.4185394 0.7119233 0.4368080 0.7310134 0.2583268 0.4162790 0.6993776 0.7378562 0.6019122 0.7236884 0.6749116 -0.0304065 0.7404561 0.1634384 0.7278073 0.5951556 0.0524691 0.7370320 0.6638549 0.4006744 0.6885204 0.2352022 0.2123812 0.4211078 0.2352313 0.2810684 -0.0757109 -0.0415774 0.1788859 0.2545913 -0.0953755 0.0709721 -0.0016917 0.0076519 0.0044973 0.1051220 0.2878509 0.1959618 0.0740983 0.1384314 0.2116892 0.1979573 0.3793231 0.2986581 0.2773966 0.1547186 0.3102010 0.3608605 -0.0031567 0.2499274 0.1255094 0.3059159 0.1888100 0.1947441 0.0004048 -0.0016856 0.1438944 -0.0173510 0.1350035 -0.0041456 0.0623370 0.3069662 0.0984634 0.2311654 0.0525979 0.1253050 0.3982625 0.0075742 0.0226949 0.0476950 -0.0808369 -0.0789218 0.0671467 0.4779235 -0.1240395 0.3685798 -0.0922139 0.2394168 0.0374038 0.3445712 0.0831947 0.2516928 0.1570300 0.4286643 0.1877377 0.5024258 0.1766525 0.0694748 0.0743964 -0.0505133 -0.0566626 0.3116547 0.5567588 0.2737672 -0.0485911 0.2895335 0.2868737 0.2519477 0.2660877 -0.0107472 -0.0622047 0.1362805 0.5653404 0.2424265 0.3621674 0.4754299 0.4296582 0.2454935 0.3938637 0.3465033 0.2493176 0.2741292 -0.0459543 -0.1878216 0.1437214 -0.0365657 -0.0522446 0.0942526 -0.0681769 -0.0739268 -0.0445728 0.1682511 0.5185053 0.2720197 0.5201230 0.4265801 0.2244333 0.1842934 0.0954719 0.0257783 0.2089317 0.2937434 0.0974483 0.0060426 0.3551962 0.2352902 0.1198402 0.1309734 0.2694801 -0.0257249 -0.3083534 -0.3845054 -0.3580798 -0.0916255 -0.1921354 -0.1399449 0.3294795 0.2100150 -0.0951169 -0.3618523 -0.3573037 0.0595109 -0.1395152 0.0161468 0.1444382 0.5753653 0.4298880 0.4139050
-0.4499936 0.2075696 -0.0292208 0.2837768 0.0629214 0.5075649 0.8687548 0.3011179 0.4057100 0.4061446 0.2783359 0.0000000 0.1108805 0.0424579 0.3442394 0.2948437 0.3373482 -0.0289048 0.2371744 0.2069769 0.2684835 0.1422412 0.3398564 -0.1748762 0.2417373 0.1487439 0.3090257 -0.2240166 0.1406425 -0.0289098 0.0496216 0.1655269 -0.2894985 -0.2863894 -0.1183109 0.1079064 0.0187506 0.2359477 -0.1021018 -0.1015665 -0.2312931 0.3691017 0.0493405 -0.3244941 0.2502140 0.0020790 -0.2088237 -0.0163140 -0.2060012 0.0344653 -0.0443779 0.1916836 -0.1102971 0.1465121 0.1739301 0.0837709 -0.0422001 0.1026761 0.2490118 0.0549611 0.1789426 0.3645121 -0.0562192 0.2533530 0.2327720 -0.2166883 0.2336695 0.3898799 0.1034075 0.3477314 0.0535535 -0.0361684 0.3126946 0.0489217 0.2837376 0.2488515 0.1058975 0.1934062 0.2467424 0.1246491 0.3295234 0.1133884 -0.0451494 0.3369464 0.2937630 -0.0031431 -0.2013717 0.1949114 0.2031719 -0.4317731 -0.1333302 -0.6419851 -0.3284664 0.3499205 -0.0169851 -0.1816969 -0.4255462 -0.3791276 -0.4784189 0.5575347 -0.4202553 -0.4493468 -0.3035285 0.5300767 -0.3234296 -0.2497330 -0.0710738 -0.1982242 -0.3903631 0.0841775 -0.4991892 -0.1504141 -0.0188941 -0.0603982 -0.0349660 0.0592454 -0.0638754 -0.0843348 0.2374600 0.0258677 0.1157323 -0.0692601 -0.0236341 0.1866562 -0.1285097 0.4526457 -0.0631826 -0.4293958 0.0373320 -0.2114860 -0.2645798 -0.3397946 -0.3175303 0.2917421 -0.0230060 -0.3621265 -0.0811580 0.0286731 -0.1086254 0.1110640 0.3000681 0.1434817 0.2004828 0.3056545 0.1232193 0.1636753 0.0471541 0.0084734 0.2435681 -0.0362659 0.0460913 0.0052474 0.0821221 0.2043355 0.0261996 0.0481836 0.4596545 0.1163776 0.3862786 0.1266054 0.1720456 0.1402564 0.2201203 0.4259930 0.3921169 0.1020310 0.2924375 0.4544600 0.5716329 0.4428742 0.5104070 0.5163122 -0.3267231 0.0992911 0.5116502 0.4146658 0.4406483 0.4084191 0.1608340 -0.2015930 -0.4225835 -0.0077621 0.3499694 0.3007167 0.1869475 0.1272841 0.0047296 -0.0026966 -0.0704788 -0.1133723 0.0739818 0.0268089 -0.2592178 -0.2506391 0.3351069 0.3950392 0.6256334 0.3980762 0.3225330 0.5419824 -0.1179436 0.1009993 -0.2089771 0.0219663 -0.0649197 -0.1550826 0.2614945 0.3173253 0.3547236 0.2624487 -0.2679905 0.2911566 0.0558366 0.3020776 0.3131703 0.4190057 0.6153104 0.5713751
0.0455228 0.7067617 0.1465924 0.5361090 0.7341397 0.2788276 -0.1040920 0.8287598 -0.4420678 0.1362201 0.3716332 0.1108805 0.0000000 -0.3150371 -0.7332192 0.4213623 0.5484683 -0.6629315 0.5400471 0.8838242 -0.0283129 0.6902940 0.3150794 -0.7458085 0.6997284 0.5943366 0.4545048 -0.7706196 -0.1917942 -0.3256442 0.8561919 0.5783844 -0.7960707 -0.5174854 0.2286469 -0.2128610 0.4353694 0.5478317 0.2343331 -0.2609701 -0.0081684 0.5844289 0.1942325 -0.7405336 0.6411575 0.0766983 -0.1064861 0.1542433 -0.6753895 0.0875414 0.1517905 0.3019368 0.0868677 0.2479783 0.6852382 0.3406968 0.1938926 0.4442047 0.6691101 0.4162663 0.6358769 0.4693059 0.7747342 0.6244761 0.6512378 0.4007482 0.5360383 0.4856375 0.6170978 0.6682589 0.6415839 0.3029745 0.5380907 0.7945487 0.5494970 0.6315121 0.4444568 0.4255136 0.4851933 0.6348627 0.6407639 -0.2312286 -0.2378695 0.3436784 0.3409096 -0.1586087 -0.4678975 0.1036728 -0.1220597 -0.1683961 -0.3922602 -0.2922791 -0.1126935 0.1227594 -0.4331290 -0.4346362 -0.2310019 -0.1811444 -0.3839502 -0.3386782 -0.3687032 -0.2469693 0.2006452 -0.1500113 -0.2923969 0.0383951 0.3353759 0.5863430 -0.5256915 0.6011005 -0.3594710 -0.3299829 0.3546834 0.5287983 0.4229835 0.2570300 0.3093584 0.2683463 0.1638591 0.1744824 0.2223398 0.2056237 -0.0873398 0.2987633 0.1985483 0.1524432 -0.0286635 -0.4405872 0.0412432 -0.0858583 -0.0602857 -0.1739712 -0.3312312 0.1778495 0.2704880 -0.2900198 -0.2067760 0.0602169 0.1292725 -0.2453413 0.2587159 0.0073898 -0.0451464 -0.3416580 -0.1042033 -0.0287297 -0.0804899 -0.0802897 0.4439189 -0.1766140 -0.4286472 -0.3359842 -0.1379153 0.2439631 -0.4147494 -0.4210426 0.0551533 0.0470549 0.1565759 -0.3481269 -0.1780078 -0.2812979 -0.1621178 -0.0235062 -0.2954052 -0.1223740 -0.0571666 0.2792657 0.1349035 -0.2492425 0.0808449 -0.0067796 -0.5328124 -0.5535661 0.0322245 -0.2451230 -0.1505384 0.1812483 -0.1755616 -0.3312895 -0.1072935 -0.4130959 0.3541577 -0.0989616 0.7197899 0.7660942 0.7944992 0.7683889 0.5187127 0.2685838 -0.0328928 0.2941017 0.1443442 -0.1987671 0.1202825 -0.0030843 -0.1080976 0.3880110 0.5385366 0.1011080 0.2634797 -0.0080259 -0.1413089 0.1639647 -0.0888606 0.2572581 -0.1952431 0.4237702 0.1222985 -0.0881781 -0.3619825 -0.2161087 -0.3007351 -0.0572345 0.0712565 0.5289914 0.0615191 -0.0484962
0.1665070 -0.2630670 0.1158910 -0.1896567 -0.1763547 0.0808462 0.3028890 -0.2097302 0.7172495 0.5504524 -0.0417364 0.0424579 -0.3150371 0.0000000 0.6172957 -0.1140078 -0.2912207 0.7125013 -0.4122432 -0.2538442 0.1717101 -0.2614650 -0.0021286 0.5224221 -0.3402930 -0.3658205 -0.0758501 0.7090390 0.4510159 0.7794903 -0.1544009 -0.1106956 0.4171475 0.3267021 -0.0867898 0.2756467 -0.2529803 -0.2681274 -0.0366576 0.4266271 -0.0132133 -0.0474087 -0.1097895 0.6269136 -0.1329198 -0.1984910 -0.0235159 0.0009003 0.5764184 0.1463542 -0.0913163 -0.0807038 0.0252156 -0.0746073 -0.3443747 -0.3726688 -0.2791534 -0.1806295 -0.4234711 -0.2371129 -0.2376476 -0.1098275 -0.3598291 -0.2519868 -0.2437099 -0.1554416 -0.3969891 -0.0712003 -0.5026129 -0.1645734 -0.4010637 -0.0798612 -0.1902137 -0.3601531 -0.4356337 -0.2021460 -0.2454431 -0.3523227 -0.2457814 -0.0693906 -0.3538449 -0.1909277 -0.3050354 -0.1742670 -0.0237355 -0.1633647 0.3107216 -0.3504023 -0.0329043 0.0241646 0.3554542 0.2609298 0.2608562 -0.0388424 0.2803468 0.3828435 0.1551443 0.1177448 0.2381811 0.0871775 0.1043765 0.0896854 -0.0194013 -0.0848700 0.4215872 0.1551395 -0.2448576 -0.0241194 0.5188714 -0.1514378 0.3323331 -0.0950102 -0.1884197 -0.0951261 -0.1680836 -0.0819481 0.1035914 0.2424554 0.0309190 0.2477799 0.1984593 0.2483053 0.1629566 0.0768462 0.1236232 0.2798588 0.1805281 0.2485989 -0.5144350 0.2414212 -0.1216328 0.2307801 0.2242856 -0.1938602 0.0613769 0.2567966 -0.3426263 -0.3083209 -0.2839433 0.0918549 0.1495510 -0.3688441 -0.2353504 -0.1728995 0.0325685 -0.4191182 0.0294291 -0.1507198 -0.2326155 -0.2381921 0.1359063 0.1007165 -0.1797205 -0.1592194 0.1370021 0.0465385 -0.1807109 -0.0568616 -0.4990696 -0.2580438 -0.1214868 -0.3507742 0.1185655 -0.1500784 -0.0102520 0.2001043 -0.1355114 -0.2787459 -0.2614290 -0.2859562 -0.1418673 -0.2514247 0.0516012 -0.1766111 0.1753294 0.2030311 -0.0449515 -0.3934407 -0.0584460 -0.1623642 -0.3243935 0.1388897 -0.1040979 0.1369650 -0.3650114 -0.3622437 -0.3570546 -0.2941144 -0.4564737 -0.3902004 0.2167952 -0.4417311 -0.5060454 -0.6716381 0.0318017 -0.5846293 0.1618120 -0.2403889 -0.0803758 0.1254068 0.0424850 0.2122149 0.2573435 0.0480675 0.2550517 -0.0408583 -0.0120487 -0.1731129 0.0885778 0.0355313 0.3830464 -0.4752516 0.1180605 -0.1432865 -0.1642012 -0.2054756 0.2864911 0.0720099
-0.0577207 -0.4126091 0.1074291 -0.1996856 -0.4735909 0.1176846 0.5625569 -0.4887290 0.7447450 0.2685125 -0.1962227 0.3442394 -0.7332192 0.6172957 0.0000000 -0.3698629 -0.3681919 0.7436412 -0.4713534 -0.6023253 0.3537579 -0.5287392 -0.0469779 0.7184996 -0.4954562 -0.5130784 -0.1062071 0.7278930 0.4880545 0.5640351 -0.6690483 -0.2235679 0.5797288 0.4489780 -0.2018368 0.4200811 -0.3111529 -0.2319997 -0.1213532 0.3467497 0.0639795 -0.2196438 -0.0552146 0.5874341 -0.3570063 -0.0354085 -0.0001042 0.1259953 0.5701269 0.2795992 -0.1027715 -0.0618343 0.0485691 -0.1031280 -0.3994622 -0.2597102 -0.1855181 -0.3717401 -0.5021177 -0.2718892 -0.4512238 -0.1560568 -0.6848927 -0.3979437 -0.4047808 -0.2895003 -0.4058245 -0.1456208 -0.5004449 -0.3428458 -0.5293015 -0.1860976 -0.3054082 -0.6392788 -0.3943261 -0.3721853 -0.2761363 -0.4077602 -0.3250087 -0.3722067 -0.5065159 0.1492515 -0.0130105 -0.0072800 0.0354395 0.2205086 0.4836527 0.0258713 0.3042357 0.0436247 0.3358354 -0.0224674 0.1096878 0.1147802 0.5544047 0.5250415 0.0315703 0.0260720 0.2511439 0.4957140 0.0539157 0.0008358 -0.1230663 0.2735099 0.1942698 0.1040633 -0.2798900 -0.4115617 0.5124135 -0.3963590 0.2132528 0.0054477 -0.4978964 -0.5598065 -0.4702963 -0.3524321 -0.2759606 -0.0793529 -0.1449699 -0.0036636 0.0307905 -0.1464914 0.0237760 -0.1660081 -0.0154930 0.2834802 0.0107543 0.1726344 -0.1913026 -0.0205103 -0.0981260 0.1123467 0.1796236 -0.1192509 -0.1449359 0.2073111 -0.0599796 -0.0316566 -0.1828473 0.3611197 0.0431655 -0.0400953 -0.0800612 0.2652462 0.2836995 -0.0677450 0.1298060 -0.0633336 -0.2541216 -0.0158040 0.4661308 0.4044626 0.1642236 -0.1615618 0.3663053 0.4339232 0.0972457 0.1058064 -0.1479366 0.0832971 0.1130262 0.1882895 0.2773643 0.2712883 0.4334139 0.3463854 0.0633920 -0.0594237 0.2339218 0.2944252 0.0719132 0.1942534 0.2583821 0.3561074 0.3862976 0.4983723 0.2537071 -0.0980242 0.2332277 0.0943004 -0.2651723 0.3847128 -0.0385589 0.3567204 -0.5749433 -0.6016175 -0.7140366 -0.5697828 -0.5549050 -0.2926261 0.1252557 -0.3984234 -0.4876536 -0.2966354 0.0846516 -0.0923829 0.4804932 -0.3146253 -0.2655936 0.3242222 -0.1997216 0.0509979 0.0006217 -0.2396172 0.3647853 -0.1618670 0.2308077 -0.2245506 0.2314581 0.1105107 0.2790736 -0.0066695 0.4892497 0.0824304 0.0392158 -0.2808493 0.4204996 0.3878152
-0.3103304 0.6323670 -0.0090631 0.4655987 0.2461816 0.5022226 0.0889786 0.6554580 0.1034895 0.4553976 0.6902012 0.2948437 0.4213623 -0.1140078 -0.3698629 0.0000000 0.7549034 -0.4959584 0.7895933 0.4451787 -0.1624976 0.6209762 0.7387674 -0.5016159 0.6747068 0.8172999 0.4171584 -0.4670818 -0.0053708 -0.2615159 0.4431461 0.4345620 -0.4010644 -0.3555305 0.5438962 -0.1952465 0.5988026 0.3987286 0.4135622 0.2315407 -0.0225921 0.5983093 0.5222662 -0.1585039 0.6252579 0.3547129 0.3744421 0.0492189 -0.1434326 -0.1838075 0.5144422 0.5524502 -0.1108646 0.6678956 0.5095233 0.4965904 0.5086315 0.7907504 0.5643334 0.5698843 0.5700311 0.6774924 0.4798176 0.7174396 0.4001163 0.3611827 0.7129260 0.6986672 0.5309035 0.7490242 0.6368162 0.0146238 0.8178462 0.3310275 0.6156798 0.6876152 -0.0009164 0.7849112 0.6768144 0.2700525 0.7918325 0.1101003 0.1636874 0.2720102 0.0693843 -0.0109798 -0.2191056 -0.1035205 -0.0232171 0.0863837 0.0550106 -0.0431502 0.0928886 0.0344129 -0.2455372 -0.2804294 0.0565086 0.1750768 -0.2722704 -0.0396190 -0.0294610 0.0225860 0.1539604 0.2386246 0.0456499 -0.3221338 0.1410768 0.2150773 -0.3219229 0.2077578 -0.1218012 0.2150886 0.2735541 0.3256940 0.1548795 0.1924749 0.2641211 0.0923666 0.2617739 0.0959187 0.1567809 0.4078786 0.3243671 0.4086921 0.1405425 0.2793772 0.4223790 0.0283775 0.1987348 0.2392838 0.0529809 -0.0697174 0.0851152 0.3747388 -0.1046982 0.0501937 0.0384205 0.1820390 0.1859778 0.0207533 0.0498299 0.1430737 0.2008420 0.2992559 0.0900215 0.1871408 0.2876713 0.2897215 0.0677853 -0.0026391 -0.1378253 -0.0454269 0.2460116 0.1764229 0.1012436 0.0589680 0.2635831 -0.0410411 0.2241924 0.0695698 0.1755777 -0.0379917 0.3780515 0.0435420 0.2571168 0.1698582 0.2887697 0.1867885 0.1302977 0.0113027 0.2344802 0.1767411 -0.3642637 -0.1942277 -0.0804169 -0.1908262 -0.0299595 0.1003211 -0.2089724 -0.1382348 -0.1269075 -0.2216830 0.2828007 -0.1619125 0.4714087 0.5777140 0.3895619 0.1782828 0.1349551 -0.1130840 0.1301044 0.2202920 0.1321751 -0.0817834 0.2751770 0.1645351 0.0180857 0.3369093 0.4122560 0.1969353 -0.2544999 -0.1754090 -0.2232931 0.0531194 -0.2614123 -0.0106573 0.4510921 0.2406439 -0.2113463 -0.1471499 -0.3833986 0.0057279 -0.2979485 0.2204012 0.2046907 0.3489023 0.1061257 0.1172663
-0.0463072 0.7435957 0.2139805 0.6425807 0.4255865 0.7020127 0.0941897 0.7057746 0.0988510 0.5072353 0.8522565 0.3373482 0.5484683 -0.2912207 -0.3681919 0.7549034 0.0000000 -0.7950670 0.7226392 0.4690450 0.0507616 0.6407844 0.7723878 -0.5384288 0.7943452 0.8441948 0.7916788 -0.6602787 -0.0218425 -0.2429474 0.3464964 0.5484802 -0.6399579 -0.4771451 0.5179474 0.0244303 0.7041922 0.5728094 0.5486640 0.1306454 0.2211180 0.6502195 0.6334410 -0.4484713 0.5657949 0.4835464 0.3201532 0.4024049 -0.3884063 0.1073108 0.4948826 0.6651475 0.0811725 0.7595852 0.6440581 0.6527592 0.5595087 0.8696033 0.7774425 0.6548776 0.5617791 0.7928133 0.5206778 0.8677878 0.4519163 0.4796951 0.8061659 0.8104776 0.7570623 0.8425342 0.8301187 0.0716813 0.8600047 0.3649935 0.8947419 0.7381102 0.1454219 0.8857635 0.8369548 0.4473901 0.8696049 0.3531265 0.3389596 0.4528409 0.2102084 0.1466473 -0.1666869 0.0556501 0.1271229 0.1632799 -0.3115306 -0.2768887 -0.0310093 0.1969847 -0.1416593 -0.0970811 -0.0609718 0.0255715 -0.0631956 0.1075496 0.0129520 -0.0949395 0.4194603 0.3680189 -0.0562997 0.0134039 0.2951615 0.4289105 -0.2669015 0.3316167 -0.0334133 0.2592085 0.1535425 0.2921104 0.1366801 0.0615816 0.1767992 -0.0289845 0.1183329 0.0227490 0.1338454 0.3361371 0.1463933 0.3125554 0.1332875 0.2410829 0.4260094 -0.2309758 0.1596140 -0.0022675 -0.0447096 -0.2327173 0.0267251 0.4503292 -0.2336314 0.0745398 -0.0997192 0.3943664 0.2119239 0.2617254 -0.0730784 0.3067601 -0.0302781 0.3540833 0.2535847 0.3463322 0.2063331 0.0636988 -0.0099446 -0.1100350 -0.1623892 0.2694377 0.5249906 0.0795418 -0.0649490 0.0488178 0.1563252 0.1642768 0.2249554 -0.1283467 -0.0420768 0.0906143 0.3331642 0.1123708 0.2309626 0.2802254 0.2279511 0.1662455 0.3307313 0.2295808 0.1356843 0.2044597 -0.2652537 -0.1289813 0.2661938 0.0780441 0.0976894 0.2389589 -0.0181649 0.0000650 -0.0603800 0.0456884 0.5757896 0.2114818 0.6671638 0.6225010 0.3431275 0.2355969 0.1849651 0.0687282 0.1572301 0.3258343 0.0665700 0.0074424 0.3700679 0.4113579 0.1653084 0.3075610 0.4426243 0.1680486 -0.2684427 -0.2882752 -0.4054957 -0.0954146 -0.1380002 0.0165157 0.4718397 0.3557553 -0.0238171 -0.2043440 -0.4696366 0.2136458 -0.0487248 0.2523533 0.3544592 0.5745409 0.4040217 0.4410119
