0.0000000 0.7722308 0.6408957 0.5670320 0.1842617 0.4934115 0.4579148 0.5777665 0.5189696 0.4022241 0.4920072 0.6599854 0.3035749 0.4456428 0.5426290 0.3785050 0.4306092 0.4433763 0.3187253 -0.3010595 0.4665779 0.4704356 0.3480248 0.3274510 0.3473964 0.3158039 0.3638134 0.4263631 0.3665683 0.4842175 0.3240662 0.3094720 0.2903185 0.3922097 0.1904186 0.3701225 0.1907278 0.3276953 0.4172084 0.4951954 0.4331456 0.3254593 0.3218517 0.3752895 0.4780397 0.2825177 0.1728790 0.3326972 0.3855246 0.1889328 0.1338184 0.3923660 0.5887640 0.4009649 0.1722635 0.2343192 0.1497312 0.4249930 0.6236071 0.0988150 0.4407632 0.3945348 0.1650250 0.5210698 0.5736398 0.1217195 0.0895970 0.4750741 0.1369895 0.4453078 0.0197170 0.4955647 0.3116634 0.3908746 0.0863202 0.4714073 0.7613403 0.1017780 0.4578258 0.5520394 0.1109698 0.3903621 0.3216177 0.3996872 0.4007884 0.4096140 0.2544110 0.2582321 0.4609108 0.3891508 0.3641921 0.2936549 0.1525170 0.3803256 0.1880197 0.4019190 0.4140978 0.0293998 0.3386078 0.3097953 0.3687327 0.1623825 0.1658826 0.2251223 0.4774731 0.4161971 0.2965623 0.1851232 0.6188222 0.0583188 0.4817314 0.3912407 -0.3259486 -0.2507610 -0.0998911 -0.1785347 -0.1585029 0.0059468 -0.2641182 0.4942045 0.0652660 -0.3102201 0.4184863 -0.0182683 0.5083045 0.5492420 -0.2252661 0.2615807 0.6560506 0.2241333 0.6055491 0.1113084 0.2067862 0.6092899 0.3867435 0.1355359 0.5566992 0.6219164 0.6161645 0.3787789 0.2298385 0.5293297 0.2898818 0.5955173 0.6049559 0.1165251 0.5694094 0.6342439 0.3767651 0.5462537 0.7130585 0.4897782 0.5019396 0.3919413 0.4800357 0.3868016 0.4295652 0.4518969 0.3810405 0.7129634 0.1127074 0.5213797 0.2799540 0.6216540 0.2637700 0.4006820 0.2320650 0.5136328 0.5710868 0.3867546 0.4427491 0.4654756 -0.0090841 0.3216965 0.5926229 0.7877252 0.7673019 0.6886165 0.5859976 0.5546526 0.4780717 0.3529311 0.3805942 0.2203915 0.3906542 0.3261467 0.2084133 0.1738790 0.3968964 0.6567013 0.4978325 0.6713290 0.2712279 0.0731056 0.5153781 0.2337945 0.5442887 0.2307245 0.4675918 0.4833916 -0.0593517 -0.1848547 0.0637540 0.0643362 0.3737525 0.4179616 0.5455699 -0.0469124 -0.1462478 0.0045992 0.1250503 0.0649972 0.5281881 0.3613944 0.4489837 -0.1716217 0.0948640 -0.1990096
0.7722308 0.0000000 0.4886577 0.8546649 0.1047253 0.8394400 0.5766074 0.7930423 0.6982653 0.7215028 0.7135793 0.8659895 0.3225207 0.7047486 0.7407754 0.5070918 0.6905260 0.6066555 0.4231722 -0.2033863 0.6969532 0.4829659 0.5094321 0.6581979 0.4497286 0.4131368 0.6419638 0.5991886 0.7108617 0.6919054 0.3736892 0.3598121 0.4480200 0.6740235 0.3633813 0.5801592 0.2981275 0.3509077 0.5732375 0.6597742 0.5179451 0.5647192 0.4615278 0.5237714 0.6299618 0.2986983 0.2719864 0.3589464 0.6100370 0.1655632 0.2933796 0.6073158 0.7542945 0.6578767 0.1062891 0.1768589 0.2434994 0.6727414 0.4814810 0.2588367 0.4193771 0.6036935 0.0201145 0.6422408 0.6672784 0.2124051 0.2054573 0.5847588 0.0858058 0.5572147 0.1295731 0.4019394 0.4218582 0.1852806 0.1403006 0.5807949 0.6683656 0.2960197 0.5080809 0.5476482 0.2436446 0.3023110 0.4851871 0.6569688 0.6662562 0.5509756 0.0520247 0.5074321 0.5877053 0.6360582 0.3892340 0.4445771 0.5376284 0.4905521 0.1255112 0.4323116 0.5608605 0.4299010 0.4008335 0.4621535 0.3443501 0.5084930 0.5204481 0.2406215 0.5980939 0.3648858 0.5709565 0.5228194 0.7192168 0.3322151 0.5698500 0.6137795 -0.0385018 0.0239583 0.1255505 0.0297364 0.0910100 0.3254657 0.0503372 0.6374576 0.3727788 -0.0337810 0.4382830 0.2018942 0.6714474 0.6056405 -0.2395301 0.4189544 0.7540473 0.2878036 0.7230923 0.0884015 0.1540641 0.6701176 0.4235394 0.3515960 0.6977957 0.7448244 0.7445136 0.3212778 0.2155184 0.5911238 0.2558768 0.8420661 0.7673014 0.1830335 0.7127689 0.7348286 0.3844008 0.6441182 0.7349906 0.7550486 0.6597370 0.3454632 0.4387467 0.4882174 0.4161250 0.5691614 0.3526545 0.8445935 0.2529762 0.5949250 0.3471992 0.7367486 0.3126939 0.5107750 0.3731365 0.5364659 0.6184358 0.4391564 0.5147667 0.4876411 0.3742953 0.6479125 0.8107952 0.8109485 0.7801030 0.5560905 0.7047121 0.6466412 0.3905129 0.4840569 0.3523661 0.3065898 0.1726561 0.2855908 -0.0116815 -0.0854661 0.0673804 0.4687385 0.5054429 0.5313022 0.2896134 -0.0096214 0.5148341 0.2689089 0.4119152 0.0912964 0.4070136 0.5181344 0.1036852 0.0341922 0.2252252 0.2213867 0.4983238 0.4267751 0.6423117 0.0465993 0.2470628 0.2408929 0.3551196 0.0655641 0.4061138 0.3896994 0.4758838 -0.1798729 0.3199468 0.0002727
0.6408957 0.4886577 0.0000000 0.3135118 0.7682689 0.2798191 0.1687648 0.5863608 0.3305061 0.1851201 0.3897164 0.3952378 0.6198867 0.2546869 0.5270384 0.4924052 0.2664397 0.4315147 0.5624663 0.1974607 0.2872552 0.7094690 0.4996450 0.3865402 0.6043096 0.5534013 0.3013825 0.4785067 0.3787318 0.3651883 0.6228295 0.6038032 0.4515279 0.4111731 0.4222423 0.3374600 0.5150171 0.5778475 0.3132386 0.3921055 0.6688471 0.4291712 0.3648130 0.4187449 0.6316703 0.5895273 0.5113832 0.6271696 0.3287220 0.4870805 0.5169770 0.3425217 0.4095391 0.2865848 0.6323502 0.5779658 0.5245955 0.4158991 0.7743142 0.5292614 0.6215127 0.4456954 0.5967509 0.5007758 0.6369524 0.5291552 0.5051787 0.5088149 0.5430780 0.4830801 0.4685887 0.1376147 0.5840638 0.6364547 0.4737820 0.4402774 0.2156655 0.4814462 0.6753181 0.2467165 0.5487757 0.3638097 0.3509903 0.5121360 0.5002699 0.5626014 0.3489697 0.1846553 0.5571169 0.5205754 0.4047757 0.4103473 0.3063888 0.2956341 0.1174150 0.3080395 0.5616425 0.2766213 0.4872045 0.2145380 0.4185606 0.4559870 0.3107869 0.2132897 0.4989253 0.2855116 0.5708891 0.2750082 0.4769292 0.4262626 0.4470926 0.5653032 0.1229379 0.1568088 0.2339270 0.1695037 0.1773996 0.2884205 0.1229232 0.2269725 0.1812386 0.0210315 0.1741792 0.1475429 0.1552067 0.0599916 -0.1472646 0.2201901 0.1060530 0.1588585 0.2142520 0.2244943 -0.0161669 0.2574298 0.4805360 0.1049721 0.1375516 0.1285118 0.1377226 -0.1954478 -0.0401812 -0.0225197 0.5352718 0.3391390 0.2448327 -0.0592101 0.2033598 0.3556010 0.3045906 0.4091972 0.5499505 0.2855026 0.2098511 0.0568859 0.2609989 0.1603772 0.3747920 0.3458355 0.5056510 0.4779162 0.0940043 0.3521398 0.1183612 0.3229966 0.2913728 0.1254019 0.0379493 0.2393750 0.3261560 0.3330169 0.2085596 0.2474328 -0.2795521 0.0339560 0.2353788 0.2712483 0.2053626 0.0595213 0.1770163 0.2520639 0.0592375 0.0683128 0.4011017 0.1138003 0.7825495 0.7430564 0.4741551 0.5046468 -0.0235815 0.0683540 0.0982072 -0.0552172 -0.2603767 -0.0529615 0.1166470 -0.0909868 -0.0849050 -0.3495184 0.2230541 -0.0067225 -0.0691081 -0.1578173 0.1301905 0.0730108 0.2672012 0.2056244 0.0044982 -0.3158289 -0.1256119 -0.2958086 0.0257830 -0.4272740 0.4566944 0.0957209 -0.1338050 0.0989931 -0.0681327 -0.1117893
0.5670320 0.8546649 0.3135118 0.0000000 -0.0200066 0.9504587 0.6043580 0.7829164 0.8310960 0.8908047 0.8906185 0.7886890 0.2109819 0.8514805 0.8076871 0.6617199 0.8807928 0.7799432 0.3582992 -0.3282795 0.5816425 0.3962952 0.6414645 0.8188467 0.4078142 0.4541226 0.8619103 0.7535062 0.7380788 0.8560084 0.2241409 0.3581369 0.6352742 0.7591667 0.4335065 0.4664978 0.3824916 0.2439064 0.7791682 0.8507367 0.3607146 0.5222588 0.6051654 0.6932259 0.5886785 0.2232277 0.2823823 0.1683809 0.7670869 0.1724343 0.2668966 0.8125636 0.7921160 0.8847060 -0.0891406 0.1642535 0.3017661 0.8437390 0.2352143 0.3306464 0.2082339 0.7467293 0.0338886 0.7935045 0.5895928 0.2632955 0.2865160 0.7238578 0.1748941 0.7197036 0.1734622 0.4985713 0.5393586 0.1524561 0.1609914 0.6321133 0.5938674 0.3568137 0.5289649 0.5817280 0.1968444 0.1586264 0.4527667 0.6055191 0.6145820 0.4733129 -0.2084404 0.5211594 0.4161378 0.4802148 0.2046649 0.2743083 0.4799668 0.3375266 -0.0941027 0.1437389 0.4187531 0.4288171 0.0966245 0.3859124 0.1099703 0.5118705 0.6472698 -0.0375893 0.3896692 0.2033443 0.5469325 0.5312457 0.4761808 0.2724864 0.3378514 0.3703897 -0.0915415 -0.0012505 -0.0368633 -0.0533536 0.0665148 0.1690040 0.0187291 0.4667215 0.3483284 0.1017186 0.3365359 0.1072483 0.5972097 0.3378329 -0.1789297 0.3080617 0.5638105 0.2700523 0.6262465 -0.0339711 0.1077226 0.5938659 0.3498775 0.2887277 0.6253247 0.5175161 0.5540758 0.1643912 0.2451994 0.4100627 0.1969591 0.6851920 0.5972571 0.1712849 0.6030858 0.5939271 0.3773204 0.4175498 0.4538689 0.6015357 0.5169467 0.2563654 0.3781372 0.3848368 0.2877809 0.4368000 0.3807891 0.5978871 0.2994899 0.5145322 0.2885203 0.4998444 0.2813667 0.4341417 0.3676830 0.4688285 0.5787633 0.3975675 0.4380896 0.4689825 0.3950159 0.4820818 0.6268815 0.6508023 0.5876841 0.3529802 0.4720352 0.4689008 0.2638038 0.3988019 0.3536102 0.4045362 0.0743662 0.1048263 -0.2726851 -0.2705966 -0.0609916 0.2922974 0.3083758 0.4478408 0.2511808 -0.0553339 0.2765904 0.1183057 0.2258006 0.0612952 0.2693393 0.2547859 0.1685172 0.0259364 0.1200587 0.1322842 0.1524021 0.2627226 0.4918852 -0.1222214 0.3436055 0.2940233 0.2114512 -0.0527141 0.0878755 0.4132046 0.5224711 -0.4067167 0.3388834 0.1230004
0.1842617 0.1047253 0.7682689 -0.0200066 0.0000000 0.0530251 0.0946777 0.1984468 0.0186629 -0.0266941 0.0836251 0.1587048 0.4012651 0.0016203 0.1391682 0.2345293 -0.0454755 0.0831857 0.3662151 0.4236486 0.1792325 0.4299553 0.2306571 0.1053867 0.4196132 0.3154316 0.0633056 0.1531275 0.2470998 0.0353676 0.4153162 0.4395356 0.2218926 0.2259590 0.2222003 0.2207972 0.3664450 0.3960908 0.0485245 0.0689070 0.4503169 0.2880225 0.1028354 0.0954243 0.3723051 0.4702626 0.3988426 0.5196084 0.0462623 0.4224403 0.3867515 0.0576856 0.1390657 -0.0188017 0.7072053 0.5440058 0.4426014 0.1536493 0.3939085 0.3605637 0.2935572 0.1058006 0.7235485 0.3031765 0.3029595 0.4852743 0.3533497 0.1578644 0.5226254 0.2121118 0.4361382 -0.1889772 0.2929860 0.5928530 0.3721404 0.0746894 -0.0901475 0.3794547 0.3318248 0.0011006 0.4927889 0.1513440 0.1617949 0.2786540 0.2980974 0.2825778 0.2651149 0.0364640 0.3118414 0.3541578 0.3345267 0.4003353 0.1094240 0.0284272 0.1384474 0.1098297 0.5432504 0.1030904 0.3372025 -0.0642299 0.2072941 0.2488545 0.1623328 0.0713781 0.3809454 0.1053978 0.4042561 0.1557714 0.2382054 0.3718213 0.3020532 0.4039482 0.2707180 0.2191853 0.1753357 0.1300211 0.1209523 0.1879090 0.1269988 0.0119664 0.1567948 0.1008730 0.1649284 0.2849969 0.0325921 -0.1892282 0.1064861 0.2801350 -0.1057253 0.1734187 0.0281957 0.3072837 -0.0029422 0.0256656 0.5533554 0.2271973 0.0167754 -0.1221322 -0.1077516 -0.3215065 0.0156478 -0.2453312 0.6631747 0.1546174 0.0832880 0.1001322 0.0670046 0.1557233 0.2289875 0.3046147 0.2911805 0.1427577 0.0827690 -0.0438100 0.0100731 0.0928167 0.3188486 0.3234792 0.4600758 0.1834264 0.1858504 0.2658283 0.1528944 -0.0005609 0.3361472 0.0813233 0.1715249 0.0138753 0.1684480 0.3699068 0.1827949 0.1100487 -0.3728233 -0.2206179 -0.0630436 -0.0365741 -0.1116961 -0.2370940 -0.0650114 0.0250066 -0.1064902 -0.1685861 0.2204903 -0.0656804 0.6602804 0.5737007 0.4459039 0.5895087 -0.0471396 -0.3099194 -0.1622461 -0.3322364 -0.3130684 -0.0551596 -0.1159864 -0.2198013 -0.4060660 -0.4795169 -0.1024686 -0.2752521 0.0313536 0.1177875 0.3500172 0.2124915 0.1867704 -0.1458455 -0.2329755 -0.1876994 -0.0031158 -0.3345045 0.1077424 -0.4410287 0.4025646 -0.1575287 -0.3679450 0.4108655 0.0592768 0.1673399
0.4934115 0.8394400 0.2798191 0.9504587 0.0530251 0.0000000 0.7319210 0.7572144 0.8694962 0.9469934 0.8828462 0.8450660 0.2361523 0.9170573 0.7961360 0.6564512 0.8995961 0.7286575 0.3818182 -0.2061676 0.6906043 0.3983979 0.6110702 0.8201788 0.4243464 0.4200139 0.8826772 0.6996400 0.8340169 0.8507078 0.2269517 0.3456951 0.5874851 0.8039729 0.4130253 0.5743091 0.3540728 0.2476998 0.7692646 0.8070888 0.3692651 0.5924399 0.6018594 0.6144502 0.6120084 0.1969097 0.2796983 0.2074739 0.7583051 0.1301743 0.2856939 0.8253915 0.8210994 0.8616470 -0.0325517 0.1399835 0.2926900 0.8536290 0.0997287 0.3205467 0.1732341 0.7423943 0.0503250 0.8017279 0.5938462 0.2836654 0.2831499 0.7013655 0.1109736 0.7262300 0.1988126 0.4349082 0.5097663 0.1841087 0.1580798 0.6148705 0.5909341 0.3777729 0.5192284 0.5898625 0.2216758 0.0819843 0.4652264 0.6154568 0.6545062 0.4439311 -0.2084353 0.5901350 0.4107523 0.5455277 0.3181732 0.3909878 0.5282441 0.3336295 0.0438099 0.2332873 0.5258463 0.4882268 0.1990876 0.3834104 0.1138878 0.5231844 0.6274010 -0.0255517 0.4897324 0.2860441 0.5524950 0.5038087 0.5107531 0.3900755 0.4596076 0.4391330 0.0211332 0.1604620 0.0692936 0.0812207 0.2102009 0.2378170 0.1659093 0.5053703 0.5058256 0.2573497 0.3420823 0.2413171 0.6754284 0.3058393 -0.0181043 0.4116074 0.6025813 0.3413408 0.6886521 0.0185130 0.1793437 0.5950200 0.4126086 0.4103162 0.7117423 0.5439555 0.6239559 0.1859392 0.3526670 0.3993969 0.2701553 0.7567239 0.6878012 0.2809029 0.7046936 0.6477702 0.4872616 0.4887047 0.4666326 0.7012392 0.6420562 0.3560712 0.3974211 0.4495839 0.4003468 0.5372606 0.4613032 0.6426402 0.3991701 0.6133332 0.3075054 0.5342688 0.4157392 0.5263957 0.4747438 0.5624224 0.6667437 0.4936411 0.5609325 0.5625691 0.5443578 0.6043338 0.6987988 0.6565406 0.5714211 0.3148240 0.5192294 0.4841621 0.2338670 0.4671642 0.3865498 0.4767520 -0.0004069 0.0793319 -0.2712393 -0.2121482 -0.0122277 0.2744225 0.2423719 0.4270272 0.3390114 -0.0982486 0.2352231 0.0598303 0.1241532 0.1222144 0.3309179 0.1966541 0.1750653 0.1913923 0.1958904 0.1935641 0.2533520 0.2503576 0.4735205 0.0903233 0.4189044 0.4119934 0.2660128 0.0582707 0.1828562 0.3945168 0.5726867 -0.2616050 0.4667464 0.2375811
0.4579148 0.5766074 0.1687648 0.6043580 0.0946777 0.7319210 0.0000000 0.3801844 0.7087820 0.6372799 0.5780329 0.7346975 0.0555520 0.7162713 0.4334687 0.3906326 0.6037321 0.3150248 0.1612459 -0.3231885 0.5698779 0.1800773 0.3323209 0.4720865 0.1848339 0.1689695 0.5512078 0.3675225 0.5907080 0.5873323 -0.0896448 0.1360099 0.3713763 0.6211049 0.1729640 0.4266424 0.1212471 0.0732073 0.6253382 0.5562528 0.0604181 0.3142175 0.4766188 0.3655373 0.3720750 0.0206495 0.1076958 0.0548813 0.5813442 -0.0587703 0.1613857 0.6391249 0.7251203 0.6420494 -0.0531346 0.0214699 0.1138987 0.6510064 -0.0513641 0.1334334 0.0489601 0.5848604 0.0554046 0.6624355 0.4646395 0.1621074 0.1424409 0.4831266 -0.0361672 0.5528799 0.0663995 0.2913896 0.2717518 0.3906628 -0.0017127 0.4091579 0.6723425 0.1099661 0.4047357 0.7253429 0.0317346 0.0287079 0.2132468 0.2479450 0.3693143 0.1411736 -0.0072874 0.3649690 0.1671976 0.3488001 0.2591596 0.1448561 0.0077733 0.2546964 0.1855749 0.1570073 0.3033448 0.0110909 0.2205494 0.2608757 0.0209874 0.1562359 0.1331469 -0.0369197 0.2883132 0.4757580 0.1885399 0.0314030 0.2888273 0.2642514 0.4228023 0.2519277 0.0295274 0.1800079 0.0990129 0.1695246 0.2593169 0.1451249 0.1739090 0.5881824 0.5286822 0.2555412 0.2633114 0.3252257 0.7174168 0.3189308 0.2446994 0.3159933 0.6149327 0.3357946 0.6338248 -0.1842958 0.3205237 0.4436819 0.2838289 0.3238205 0.6431982 0.5278403 0.5892388 0.3150580 0.5017417 0.4729457 0.2216209 0.4496162 0.6133844 0.3764885 0.6606371 0.4689450 0.4812927 0.3465792 0.3772234 0.4912923 0.5975751 0.4561996 0.2401820 0.2224064 0.5371845 0.4446296 0.4123293 0.5300213 0.2571001 0.6089581 0.2114024 0.4736910 0.4012444 0.4718522 0.4829590 0.5832672 0.7569810 0.6240517 0.5952190 0.6317215 0.4111899 0.4583253 0.5783945 0.6523386 0.5537464 0.4458270 0.5032242 0.4506328 0.3722236 0.4917794 0.3319837 0.5101443 0.0065016 0.0686464 -0.0748981 0.1340683 0.3962867 0.3261768 0.2723386 0.5732470 0.5492959 -0.1037439 0.2598264 -0.0584920 0.0557380 0.3159830 0.5245892 0.1204291 -0.2105337 0.1036677 0.0755407 0.0746059 0.0765663 0.0024810 0.4495175 0.2569453 0.0108848 0.3075921 0.1028332 0.2528781 0.1732756 0.2084828 0.7174365 -0.1825665 0.2712646 0.0174680
0.5777665 0.7930423 0.5863608 0.7829164 0.1984468 0.7572144 0.3801844 0.0000000 0.7257238 0.6799447 0.8457289 0.5965604 0.7211528 0.6548628 0.8056517 0.8479823 0.6742820 0.7213341 0.8087973 0.0540238 0.4725591 0.8352025 0.8195079 0.7684418 0.8107103 0.7946242 0.7264376 0.7084225 0.6897167 0.7319424 0.7190657 0.7573858 0.5727401 0.6574259 0.7393250 0.5151589 0.7314372 0.7353671 0.6221350 0.7317734 0.7831575 0.6558981 0.6725971 0.6234852 0.7959771 0.6940949 0.6729427 0.6723838 0.6535246 0.5894262 0.6554362 0.7414920 0.6477863 0.6925866 0.4319137 0.5911163 0.6740803 0.7454102 0.4538380 0.6867407 0.4422150 0.7966950 0.3626333 0.7002358 0.6728610 0.6607267 0.6623647 0.7693564 0.4845311 0.7271488 0.5860849 0.4426247 0.7832565 0.2450604 0.6289130 0.6366274 0.3802253 0.7352885 0.7069282 0.2840363 0.4966633 0.2855921 0.6279388 0.7533524 0.7549121 0.7244621 0.0296563 0.5338518 0.7137848 0.7149672 0.5094023 0.5861852 0.7817944 0.5350678 0.1784279 0.4382335 0.5867421 0.6285843 0.3755590 0.5510963 0.4182347 0.8001172 0.7167444 0.3079430 0.5657502 0.3923316 0.7935737 0.6344308 0.6661118 0.5554295 0.5644554 0.6597910 0.1213362 0.2964762 0.2714021 0.1271936 0.2378420 0.2982732 0.1705106 0.3416945 0.3598078 0.1076267 0.2651929 0.1940829 0.3564652 0.2215497 -0.1576335 0.2545167 0.4014283 0.1817629 0.4124874 0.0367772 0.0100434 0.5165694 0.3779509 0.2321019 0.4145588 0.3436734 0.4265297 -0.0877071 0.1772385 0.1738566 0.4173187 0.6686016 0.4736243 0.0872157 0.4855394 0.5273020 0.4340380 0.5630984 0.5304555 0.5323987 0.5193965 0.2685696 0.3283518 0.3404122 0.4298304 0.4030082 0.5439126 0.6152283 0.2996642 0.5590324 0.2252854 0.4969443 0.3912419 0.3364044 0.2738267 0.4815040 0.5083451 0.3794057 0.4037519 0.4252111 0.3405602 0.5729985 0.6129112 0.5011061 0.3683236 0.1263205 0.3655321 0.3850101 0.1188167 0.3484517 0.4368678 0.2700063 0.2975410 0.3257811 -0.1325511 -0.1525611 -0.1878735 0.2267463 0.2123996 0.1673501 0.0026862 0.0546375 0.1921272 0.0909413 0.0926693 -0.0805428 0.2049487 0.1866387 0.0852253 -0.1286632 0.0732019 -0.0084846 0.3001383 0.3177887 0.3084762 -0.1251037 0.1902097 0.0607509 0.1198018 -0.2203767 0.1864529 0.4243896 0.2453468 -0.2074637 0.2188173 -0.0040393
0.5189696 0.6982653 0.3305061 0.8310960 0.0186629 0.8694962 0.7087820 0.7257238 0.0000000 0.8387560 0.8374891 0.7671362 0.3920487 0.9318558 0.8341909 0.6699295 0.8566241 0.7381321 0.3944848 -0.3281281 0.6418064 0.4799423 0.5592157 0.7038643 0.3929941 0.3967777 0.8163653 0.6298813 0.7609246 0.7895082 0.1935374 0.3222550 0.4812506 0.6714523 0.3475906 0.5959206 0.3404887 0.2875569 0.6664577 0.7429094 0.2633378 0.6507990 0.5375052 0.5427281 0.6901440 0.2001066 0.2924658 0.1612399 0.6909684 0.1800213 0.2816349 0.7941431 0.8088812 0.8032466 -0.0449513 0.2041363 0.3207038 0.8201435 0.2016985 0.3884225 0.3920449 0.7858256 0.1069587 0.8604752 0.7365156 0.3746060 0.4609867 0.7849696 0.1880930 0.8506072 0.3547122 0.6820934 0.6700865 0.4633147 0.3057938 0.7836962 0.6735764 0.3973132 0.7149143 0.7166700 0.1510647 0.3131360 0.4976785 0.5202653 0.5781261 0.4291533 -0.0032183 0.5410595 0.3418153 0.5001345 0.3860585 0.3823878 0.4005259 0.4541120 0.0622688 0.3549098 0.3908298 0.3436149 0.2727703 0.5854660 0.2830690 0.4599500 0.5217804 0.1633487 0.4408732 0.4678937 0.5294025 0.3951490 0.4642645 0.5192762 0.5207546 0.4470941 0.1566888 0.3677347 0.2435325 0.3042062 0.4222148 0.2966736 0.3280332 0.5460184 0.6362600 0.4298243 0.2054458 0.3239727 0.6550390 0.2235903 0.2427993 0.3232767 0.5216649 0.4698579 0.6734059 -0.0531942 0.4299211 0.6059979 0.3013782 0.2820989 0.6456152 0.5062882 0.5711000 0.0842030 0.3930161 0.3567750 0.2837400 0.5821976 0.6443657 0.2479419 0.6512765 0.5735272 0.5628559 0.4744415 0.4661117 0.6403468 0.6375204 0.4051963 0.5122600 0.3739191 0.5098727 0.5694629 0.5695385 0.5857848 0.4489814 0.6576656 0.1335994 0.5885125 0.5382489 0.5322098 0.3668577 0.6697242 0.7585913 0.5346178 0.6180989 0.6808091 0.6082586 0.6006568 0.6059670 0.5637750 0.4953033 0.2696620 0.4576142 0.4630140 0.2619853 0.6152808 0.6213581 0.6908411 0.1066319 0.1959880 -0.2174537 -0.0939617 0.0969467 0.3216825 0.2560858 0.4165789 0.1714041 0.0929489 0.2237189 0.1067021 0.1406407 0.0927317 0.4766438 0.1746381 -0.0318402 -0.0590139 0.0248331 -0.0015062 -0.0288516 0.2952958 0.3636675 -0.0358446 0.1678311 0.3182639 0.0384354 -0.0597785 0.0836932 0.5731645 0.6029291 -0.4540531 0.3028551 0.0820015
0.4022241 0.7215028 0.1851201 0.8908047 -0.0266941 0.9469934 0.6372799 0.6799447 0.8387560 0.0000000 0.8882568 0.7428470 0.2075793 0.9075494 0.7529028 0.6442693 0.9518722 0.6713958 0.2966169 -0.1216045 0.5776023 0.3253949 0.5417548 0.7682770 0.3180753 0.3225152 0.8611977 0.5856993 0.7906953 0.7895936 0.1699070 0.2579775 0.4771730 0.7256738 0.3166138 0.4919354 0.2547398 0.1520570 0.7329247 0.7513552 0.2884828 0.5400032 0.5369141 0.5063132 0.5725658 0.0991248 0.1666055 0.1158658 0.6752123 0.0286227 0.1664027 0.8067882 0.7686096 0.8278342 -0.0919430 0.0676657 0.1976084 0.8382652 0.0117895 0.2431063 0.1722414 0.6739156 0.0264928 0.7838850 0.5640202 0.2217440 0.2247347 0.7464777 0.0396873 0.7451202 0.1664800 0.4016289 0.5011753 0.1434690 0.0961355 0.6659959 0.5578204 0.2904773 0.5188881 0.6032916 0.1155570 -0.0965456 0.3268729 0.5031613 0.5111764 0.2979259 -0.2749712 0.4984490 0.2220138 0.3594154 0.1688892 0.2973992 0.5021463 0.1707100 -0.1215009 0.1196350 0.4332184 0.4798764 -0.0204015 0.2387091 -0.0781289 0.4568346 0.5847459 -0.1436967 0.3764456 0.1267195 0.4183722 0.4560401 0.3477565 0.3193525 0.2976493 0.2644708 -0.0602349 0.1400592 -0.0137451 0.0683158 0.2138272 0.1501560 0.1580692 0.3703378 0.4551734 0.2909641 0.1889055 0.0754385 0.5617157 0.2194935 -0.0973483 0.2811850 0.5028293 0.1841013 0.5986993 0.0373709 0.0962624 0.5323693 0.3521631 0.2800087 0.6465898 0.4356679 0.5794261 0.1492436 0.2307218 0.3091525 0.1437125 0.6852513 0.6212354 0.1419597 0.6241097 0.6024571 0.3951836 0.3950116 0.3954943 0.6287644 0.5614592 0.2452838 0.3690495 0.3529639 0.2420376 0.4543357 0.3510303 0.5518871 0.3322090 0.5280790 0.1550255 0.3948097 0.3533180 0.4153740 0.3456806 0.4627233 0.5399803 0.3684287 0.4845573 0.4969733 0.5616376 0.5533858 0.6526464 0.5874516 0.4756312 0.2437943 0.3996319 0.3680732 0.1438625 0.3980513 0.3063005 0.4306163 -0.0437583 0.0363228 -0.2571928 -0.2086592 -0.0014190 0.3402855 0.1264944 0.4028808 0.3071045 -0.0871258 0.1873898 0.0160368 0.0929640 0.1240978 0.3571736 0.1212985 0.3461169 0.3324808 0.1592592 0.1659970 0.1958826 0.2209777 0.4019819 0.1016785 0.5143350 0.5872224 0.2151059 0.0700217 0.1636306 0.3138982 0.5339729 -0.2670595 0.4622390 0.3258520
0.4920072 0.7135793 0.3897164 0.8906185 0.0836251 0.8828462 0.5780329 0.8457289 0.8374891 0.8882568 0.0000000 0.6588077 0.4784242 0.8119657 0.8186562 0.8964741 0.8983749 0.7382687 0.5930764 -0.1428028 0.4685501 0.6107088 0.8311842 0.8421992 0.6165838 0.6755729 0.8856266 0.7204380 0.7579812 0.8671777 0.3979158 0.5968135 0.6470843 0.7696638 0.6292212 0.4723115 0.5980844 0.4698639 0.8510904 0.8769528 0.5193440 0.5907615 0.7736830 0.6925387 0.7214136 0.4340875 0.4825874 0.3698435 0.7855222 0.3739043 0.4555236 0.9286208 0.7957966 0.9009316 0.1553224 0.3936095 0.5191508 0.9240068 0.2134744 0.5484856 0.2799680 0.8613511 0.2831456 0.8629758 0.6270417 0.5315085 0.5183757 0.9115790 0.3739436 0.8915048 0.4493801 0.4879386 0.7614351 0.2309241 0.4060939 0.7385052 0.4997764 0.5628002 0.6872816 0.5283938 0.2394372 0.0484269 0.4889529 0.6343442 0.6315372 0.5239563 -0.1134607 0.5562657 0.4503988 0.4950285 0.3164261 0.3185196 0.5432942 0.3430370 -0.0114611 0.1817606 0.4835913 0.5031153 0.0492423 0.3749556 0.0698079 0.6255831 0.6550206 0.0106560 0.4192100 0.2712941 0.5638601 0.4917687 0.4321080 0.3961852 0.3932217 0.3350239 -0.0826537 0.1801016 0.0547532 0.0599933 0.2121019 0.1188471 0.1173322 0.3466984 0.3974420 0.2377359 0.0717118 0.0105593 0.4953653 0.1561638 -0.1354478 0.0917192 0.4214848 0.1254783 0.4984076 -0.1699561 0.0094706 0.5168982 0.2490723 0.1066700 0.5034142 0.2749966 0.4621117 -0.0780470 0.2049385 0.2034625 0.2618117 0.5608260 0.4866154 0.0685211 0.5592425 0.5419236 0.4343759 0.4198937 0.3734926 0.4809057 0.5016717 0.2525621 0.3651155 0.2957877 0.3532843 0.3628400 0.4889252 0.5539424 0.3109218 0.5731687 0.1997009 0.3831597 0.3640762 0.3427439 0.3201037 0.4681904 0.5598333 0.4170209 0.4208114 0.5037792 0.3459830 0.4672724 0.6047782 0.5535551 0.3893407 0.1523713 0.3211920 0.3408826 0.1019000 0.3502310 0.4124407 0.4009396 0.1009421 0.1298373 -0.2965980 -0.2119867 -0.1255998 0.2430064 0.1258136 0.3000329 0.1540582 -0.0749203 0.1268448 -0.0921897 0.0035298 -0.0231859 0.2418005 0.0467212 0.0859287 -0.0196037 -0.1012479 -0.1551493 0.0342786 0.0806913 0.3101739 -0.1877840 0.2051830 0.2448752 -0.0743779 -0.2201476 -0.0206802 0.3172036 0.4373785 -0.3830988 0.1953003 0.0242391
0.6599854 0.8659895 0.3952378 0.7886890 0.1587048 0.8450660 0.7346975 0.5965604 0.7671362 0.7428470 0.6588077 0.0000000 0.2316217 0.8465386 0.7703298 0.3751889 0.7050760 0.6324392 0.2380865 -0.3088410 0.9117320 0.3621467 0.3530339 0.6519252 0.3077772 0.2310875 0.6545875 0.5664144 0.8542554 0.6857903 0.1557178 0.1889289 0.4749628 0.7938504 0.1469930 0.7934663 0.1220030 0.2000385 0.5651737 0.6162559 0.3344542 0.7028575 0.3740480 0.5174880 0.6723334 0.0944396 0.0973546 0.1797378 0.7063235 0.0168447 0.1115887 0.5907276 0.8850002 0.6989326 -0.0608857 0.0412193 0.1077170 0.7419912 0.3387554 0.1214334 0.4096391 0.5550881 -0.0267531 0.7738793 0.7368405 0.1457929 0.1207529 0.5777263 0.0635804 0.6467366 0.1055094 0.4757478 0.3824400 0.3039303 0.0021240 0.6564225 0.7777546 0.1662259 0.4664562 0.7200986 -0.0145150 0.3399855 0.5598979 0.6628221 0.7011739 0.4992863 0.1129353 0.6844307 0.4904384 0.6655685 0.4606599 0.4598347 0.3352715 0.5537502 0.2022951 0.4696204 0.6087073 0.3102591 0.4266852 0.5216488 0.3493114 0.3384858 0.5400467 0.2550152 0.6811303 0.4532512 0.5254868 0.5000870 0.6661803 0.4503393 0.6507171 0.5851930 0.0667326 0.1793201 0.1973294 0.2272615 0.2782229 0.3842838 0.2277519 0.8135285 0.6477082 0.2801428 0.3246183 0.4126703 0.8790638 0.6152385 0.0786896 0.5049209 0.8236197 0.5837308 0.9038212 0.0551305 0.4088029 0.7781821 0.3859537 0.4772022 0.8652825 0.8143100 0.8297466 0.3713559 0.4429558 0.6977183 0.2522053 0.8220117 0.8854957 0.4032513 0.8663029 0.8329118 0.5792970 0.7029270 0.7649146 0.8805049 0.7956593 0.5480103 0.6684523 0.6150348 0.4808356 0.7906610 0.4251702 0.8661895 0.5344469 0.7174696 0.4177413 0.7651934 0.5590782 0.7304589 0.5541250 0.7125739 0.7818469 0.6155735 0.7577785 0.7387304 0.4609510 0.6704109 0.8489000 0.8559363 0.8349139 0.5921022 0.8337792 0.8112215 0.5384786 0.6927600 0.5701544 0.5758300 0.0613018 0.2422364 -0.0887516 -0.0450906 0.0957227 0.3617524 0.5659927 0.5539242 0.2821313 0.0741118 0.5575696 0.2763290 0.3939085 0.0642524 0.4317495 0.5227317 0.0223156 0.1533324 0.2129986 0.2562766 0.3638677 0.2929017 0.6635242 0.1671490 0.1815918 0.3120086 0.2745247 0.0881358 0.3606614 0.5160198 0.6360879 -0.2368015 0.2771547 0.0170357
0.3035749 0.3225207 0.6198867 0.2109819 0.4012651 0.2361523 0.0555520 0.7211528 0.3920487 0.2075793 0.4784242 0.2316217 0.0000000 0.2626092 0.5033987 0.6721872 0.2245241 0.3682663 0.8856800 0.3371958 0.2702182 0.9498459 0.6306403 0.3874501 0.8465086 0.7689305 0.3203999 0.3363984 0.4497520 0.3171341 0.8454039 0.8161520 0.2750938 0.3533551 0.6660791 0.4903982 0.7409759 0.9215511 0.2358192 0.3323095 0.8161423 0.6682911 0.4661521 0.3104569 0.8084643 0.8508264 0.7573513 0.8465094 0.3326412 0.7804766 0.7323527 0.4076886 0.3751660 0.2793788 0.7342481 0.8125176 0.7791990 0.4505214 0.5038285 0.7785696 0.6524801 0.5540421 0.6408899 0.4805302 0.6229298 0.8672011 0.8346263 0.6221681 0.7295186 0.6073096 0.8801993 0.2942606 0.8259881 0.3506965 0.8558435 0.5738784 0.0987180 0.7732991 0.7055562 0.0659600 0.3821307 0.3613138 0.6252361 0.6202080 0.6069157 0.6568423 0.3688714 0.4471043 0.6420207 0.6605680 0.6356814 0.6616199 0.6306123 0.6025048 0.3525145 0.5978126 0.5634856 0.5134392 0.4538526 0.5843843 0.5571139 0.7249497 0.5254816 0.6260822 0.5736345 0.5071161 0.7096346 0.5049949 0.5588014 0.7325291 0.6085040 0.6572299 0.3193845 0.6115535 0.5703717 0.4260373 0.4810661 0.3868185 0.3913524 0.2375697 0.4236910 0.2818575 -0.1316348 0.2709892 0.1224957 0.0492265 0.0864747 -0.0004418 0.1135570 0.1532982 0.1464060 -0.0839794 0.0967037 0.3021744 0.1137591 -0.0050905 0.1006716 0.0584992 0.1776419 -0.3749024 0.0786101 -0.0549539 0.4655445 0.3143142 0.2174602 -0.0037464 0.2581772 0.2954546 0.4189212 0.5558460 0.4466642 0.2824121 0.4045196 0.2526975 0.3120733 0.1632671 0.4677118 0.3302150 0.5491363 0.4489082 0.3294531 0.4957264 0.0254115 0.3512956 0.5078742 0.1800431 0.1024530 0.4099150 0.3704956 0.3488531 0.3477976 0.4097267 0.1325823 0.4138950 0.3743099 0.1865355 0.0317738 -0.1360161 0.1676693 0.2340205 -0.0137805 0.2744590 0.5127726 0.1718520 0.3818521 0.4467825 0.0283615 0.0609506 -0.2918974 0.0113619 0.1182665 -0.1910277 -0.3788899 0.2576103 0.0993320 0.0161870 -0.0820851 -0.3378899 0.1153244 0.0756329 -0.0877771 -0.1977808 -0.1287729 -0.2686163 0.1017099 0.0661570 0.0069887 -0.2033709 -0.1658293 -0.1875839 -0.1902117 -0.4591232 0.0872231 0.3179611 -0.0696107 -0.0959432 -0.1314817 -0.2117956
0.4456428 0.7047486 0.2546869 0.8514805 0.0016203 0.9170573 0.7162713 0.6548628 0.9318558 0.9075494 0.8119657 0.8465386 0.2626092 0.0000000 0.8388542 0.5680805 0.8914743 0.7615110 0.2796659 -0.2483032 0.7462680 0.3649216 0.4776122 0.7702054 0.3202194 0.2917662 0.8387575 0.6530300 0.8532200 0.7977352 0.1194766 0.2148697 0.5422802 0.7783556 0.2441367 0.6719696 0.2152944 0.1635876 0.6707449 0.7158519 0.2442815 0.6658244 0.4891642 0.5627026 0.6494660 0.0645783 0.1374160 0.0753066 0.7502074 0.0130681 0.1623572 0.7705549 0.8243813 0.8342854 -0.1666869 0.0373579 0.1765246 0.8488697 0.1170305 0.2675627 0.3039041 0.7233495 -0.0418159 0.8412255 0.7006940 0.2343132 0.3082031 0.7310234 0.0874207 0.7875976 0.2281494 0.5175662 0.5572304 0.3204878 0.1436406 0.7387509 0.6384620 0.3159906 0.5961713 0.6974601 0.0967747 0.1782267 0.4925438 0.5816957 0.6340103 0.4209624 -0.1499488 0.6379568 0.3188981 0.5186054 0.3127189 0.3583973 0.4045265 0.4111207 0.0253391 0.2730871 0.4389203 0.3977268 0.2345457 0.4799157 0.1943808 0.4050972 0.6103446 0.0464539 0.4607407 0.3129841 0.5184308 0.4829591 0.4111482 0.5162727 0.4575060 0.4421350 0.1561895 0.3244765 0.2103036 0.3056781 0.4186375 0.3535318 0.3606014 0.5838358 0.6681703 0.4988015 0.2057731 0.3648776 0.6732860 0.3020355 0.1444995 0.4204780 0.5487038 0.4745819 0.6964392 0.0330555 0.3118765 0.6088250 0.3466180 0.4191732 0.6907538 0.5667035 0.5970066 0.2169198 0.4303862 0.4406878 0.1991532 0.6579278 0.6675288 0.3265869 0.6737904 0.6141908 0.5911260 0.4569438 0.4863459 0.7182215 0.6331922 0.4497679 0.5427054 0.4567058 0.3707067 0.6005086 0.4823896 0.5915040 0.4959933 0.5763622 0.2341457 0.5464167 0.5074354 0.5930235 0.4367147 0.6760728 0.6950512 0.4680995 0.6403828 0.6766798 0.6340568 0.6390632 0.6781409 0.6162001 0.5543583 0.3294275 0.5542642 0.5647844 0.3310921 0.6302424 0.5766021 0.6891686 0.0400268 0.1762553 -0.1989426 -0.1138012 0.0149053 0.2636822 0.3074201 0.3931883 0.2382071 0.0586985 0.2997656 0.1531696 0.1749933 0.1049760 0.4624023 0.2315737 0.1340086 0.1806096 0.1536764 0.2052497 0.1186232 0.3105097 0.4660178 0.1383062 0.3123036 0.4436736 0.1981706 0.0800836 0.1765158 0.5660923 0.6464255 -0.3339325 0.3424991 0.1861110
0.5426290 0.7407754 0.5270384 0.8076871 0.1391682 0.7961360 0.4334687 0.8056517 0.8341909 0.7529028 0.8186562 0.7703298 0.5033987 0.8388542 0.0000000 0.6759265 0.8134076 0.9086741 0.4803853 -0.1695001 0.6765745 0.6091906 0.6432737 0.8759141 0.5387642 0.5364336 0.7874313 0.7933840 0.8442723 0.8005839 0.4202196 0.4591199 0.6979203 0.8218587 0.4465611 0.6978520 0.4507108 0.4169655 0.6582974 0.7505985 0.5218111 0.7665643 0.5567172 0.7436074 0.8150014 0.3005655 0.3761748 0.3327924 0.8290887 0.2551054 0.3568639 0.7350952 0.8194870 0.8066908 0.0786056 0.2432961 0.3932583 0.8345487 0.4176251 0.4632702 0.4989729 0.7529043 0.1024296 0.8098397 0.7871686 0.4038173 0.4498749 0.7937585 0.2770776 0.8241927 0.3801513 0.6217287 0.7132828 0.3345210 0.3186129 0.7792600 0.5132969 0.4819174 0.6773353 0.4943341 0.1974706 0.3782652 0.6614459 0.7888896 0.7759865 0.7238006 0.1586052 0.6645909 0.6243707 0.6948399 0.4808167 0.4730674 0.6067460 0.5237942 0.0907557 0.4429617 0.5663795 0.5820483 0.3893966 0.5717612 0.3745046 0.6225347 0.7571323 0.2115085 0.6311628 0.3843254 0.7255744 0.5925448 0.6016390 0.5765998 0.5783640 0.5668854 0.1638928 0.3312956 0.2660850 0.3183198 0.4038950 0.3573018 0.3390215 0.4874508 0.5921843 0.4125159 0.1245360 0.2198977 0.5511218 0.2146320 0.0389214 0.3287661 0.4366194 0.4609519 0.6423505 0.0924764 0.2296114 0.6383845 0.2926768 0.3060334 0.5963791 0.4121786 0.5541888 -0.0791523 0.2509062 0.2623531 0.2340206 0.6621498 0.6134986 0.1584755 0.6115814 0.7006185 0.5005035 0.5278075 0.5544957 0.7139758 0.5717133 0.3391961 0.6758021 0.5083750 0.3493357 0.6118477 0.4634381 0.6638144 0.5036616 0.5864749 0.2481500 0.5529850 0.5124680 0.5237416 0.3249375 0.5543305 0.5633288 0.4274236 0.5268088 0.5697590 0.4149000 0.5663597 0.6563045 0.5297794 0.4604680 0.1528161 0.4933588 0.5441200 0.2008853 0.5603471 0.6136681 0.5833168 0.1502184 0.3156804 -0.2093834 -0.1708820 -0.2220689 0.1783640 0.2353647 0.2083202 -0.0734441 -0.0331976 0.2015558 0.0623379 0.1100933 -0.1621427 0.2346059 0.1997381 -0.0190762 -0.0983476 -0.0278254 -0.0015202 0.1927391 0.3212231 0.3059045 -0.0871824 0.2000521 0.2018825 -0.0237691 -0.2551765 0.1082530 0.5546688 0.3556499 -0.3481804 0.1352653 -0.0278909
0.3785050 0.5070918 0.4924052 0.6617199 0.2345293 0.6564512 0.3906326 0.8479823 0.6699295 0.6442693 0.8964741 0.3751889 0.6721872 0.5680805 0.6759265 0.0000000 0.6758569 0.6121268 0.8070764 0.0398327 0.2440656 0.7742623 0.9399385 0.7129677 0.8093496 0.8764691 0.7482459 0.6564414 0.5724535 0.7401309 0.5880023 0.8172188 0.5995206 0.5901148 0.8163630 0.3405214 0.8226559 0.6890203 0.7445473 0.7608266 0.6592511 0.5124522 0.8163552 0.6128820 0.6784788 0.6822074 0.7060895 0.5771878 0.6275732 0.6350216 0.6660397 0.8476617 0.5568201 0.7141716 0.4365531 0.6401468 0.7379386 0.7655274 0.2525611 0.7441114 0.2522829 0.8337103 0.5070135 0.7085797 0.4913261 0.7414461 0.7203927 0.8432320 0.5760746 0.8094700 0.6594899 0.3763573 0.8337848 0.2823928 0.6731826 0.5900289 0.2398329 0.7886548 0.6954110 0.2421956 0.4682345 0.0463691 0.4822248 0.5831666 0.5873659 0.5691477 -0.0783651 0.4663800 0.5267945 0.5020170 0.4222309 0.3595569 0.5731820 0.3425846 0.1456886 0.1924312 0.4568169 0.5001790 0.1328297 0.3561072 0.1801708 0.6749176 0.5681135 0.0875237 0.3661919 0.2940538 0.5822244 0.3996589 0.3869825 0.4364245 0.4084609 0.3532403 -0.0100408 0.2713216 0.1293337 0.0702655 0.2152711 0.0609997 0.1191436 0.1191123 0.2625380 0.2053506 -0.0059788 0.0090819 0.2374106 -0.0816305 -0.0912542 -0.0294120 0.1638905 0.0040410 0.2101956 -0.1828596 -0.1292780 0.3177721 0.2287258 -0.0038950 0.2213179 -0.0213614 0.1793448 -0.2827072 0.1441369 -0.0840339 0.4090745 0.3522260 0.2184071 -0.0017914 0.3406073 0.3184363 0.4104764 0.3338618 0.2070995 0.2313558 0.3287023 0.1776579 0.1887031 0.1770039 0.3958891 0.1756303 0.5939572 0.3574810 0.2309629 0.4678579 0.1720842 0.2136649 0.3238925 0.1749761 0.2270303 0.3627250 0.4175173 0.3286773 0.2525575 0.3507076 0.1806216 0.3258602 0.3842660 0.2955829 0.0996565 -0.0884879 0.0849721 0.1294036 -0.0737173 0.1808655 0.4111924 0.2887935 0.2335857 0.1852083 -0.2361640 -0.1159581 -0.1791504 0.0787064 -0.0740333 0.0496781 0.0396657 -0.0748155 -0.0840696 -0.2217570 -0.2072353 -0.0792861 0.0898112 -0.1761121 -0.0589439 -0.2153996 -0.1991884 -0.3261069 -0.0337876 0.0149862 0.0342010 -0.2897240 0.0141077 -0.0555752 -0.2284926 -0.3501740 -0.0784099 0.2095556 0.2036462 -0.2426929 0.0755184 -0.0719622
0.4306092 0.6905260 0.2664397 0.8807928 -0.0454755 0.8995961 0.6037321 0.6742820 0.8566241 0.9518722 0.8983749 0.7050760 0.2245241 0.8914743 0.8134076 0.6758569 0.0000000 0.7363358 0.2692809 -0.2074554 0.4970385 0.3480025 0.6036648 0.8108954 0.2989685 0.3642655 0.8886297 0.6782652 0.7300412 0.8659027 0.1673896 0.2752068 0.5801010 0.7325899 0.3610952 0.4265843 0.2942825 0.1370424 0.8229552 0.8331876 0.2620629 0.4898086 0.6291660 0.6229537 0.5818502 0.0776886 0.2031759 0.0663957 0.7379923 0.0203716 0.2133993 0.8788946 0.7936977 0.8889563 -0.1346300 0.0525805 0.2276364 0.8789789 0.1193338 0.3150158 0.2679839 0.7549994 0.0119645 0.7911874 0.6143425 0.2250400 0.2659476 0.8277584 0.0499956 0.8050047 0.1537352 0.4410348 0.5802625 0.2100369 0.0760547 0.7530380 0.5498720 0.2595417 0.6341662 0.6647763 0.1063762 -0.0947464 0.2787165 0.4696160 0.4615175 0.2930857 -0.2236064 0.4715205 0.1918854 0.3123019 0.1060668 0.1723735 0.4449978 0.1671987 -0.1814468 0.0992996 0.3471282 0.5046309 0.0059298 0.2575923 -0.0813433 0.4742026 0.5191301 -0.1890527 0.3213894 0.1723984 0.3744388 0.3256983 0.2902671 0.2901769 0.2638424 0.1941668 -0.0955918 0.1462254 -0.0058894 0.1537060 0.2922172 0.1539783 0.2156925 0.3533644 0.4458387 0.3411505 0.0178868 -0.0139361 0.5320905 0.1313556 -0.1270759 0.1131368 0.4095560 0.1502611 0.5603333 -0.0752581 0.0761457 0.4942764 0.2199059 0.0882306 0.5671899 0.3479840 0.5290632 0.0688540 0.0767143 0.2237559 0.0113442 0.5598919 0.5430240 -0.0482517 0.5447438 0.5463657 0.3030970 0.2634966 0.3403208 0.5281264 0.4647239 0.1339266 0.3940320 0.2222224 0.1863281 0.3475672 0.2939429 0.5266478 0.2148017 0.4532423 0.0057150 0.3778187 0.2614057 0.2763143 0.1496305 0.4115310 0.5034516 0.2898099 0.3447377 0.4466274 0.4689859 0.4764062 0.5932973 0.5276128 0.4294475 0.2115807 0.3406711 0.3126894 0.1008341 0.4132595 0.3429834 0.5226018 0.0185803 0.1117906 -0.2198291 -0.1581507 -0.0275132 0.3585164 0.0570372 0.3755681 0.2531017 -0.1992486 0.1013400 -0.1041061 0.0294553 0.1000976 0.4245342 0.0307614 0.1919841 0.1810010 -0.0478542 0.0089239 0.0750911 0.2495349 0.2739945 -0.0557256 0.3923461 0.5333751 0.0292060 -0.0170238 0.0604515 0.2401616 0.5292727 -0.3972517 0.3176950 0.1832305
0.4433763 0.6066555 0.4315147 0.7799432 0.0831857 0.7286575 0.3150248 0.7213341 0.7381321 0.6713958 0.7382687 0.6324392 0.3682663 0.7615110 0.9086741 0.6121268 0.7363358 0.0000000 0.4172855 -0.1490088 0.5507327 0.5293088 0.6530747 0.8562472 0.5159356 0.5414788 0.8480419 0.9232353 0.6661665 0.8470256 0.4259681 0.4767468 0.7995941 0.7417267 0.5050637 0.5074396 0.5142546 0.3723168 0.6863515 0.8141265 0.4914900 0.5898406 0.6003659 0.8348408 0.6249787 0.3019036 0.4393944 0.2790447 0.8073086 0.3209860 0.3854869 0.7181723 0.6825623 0.7808024 0.0181241 0.2740099 0.4561759 0.7298183 0.2334178 0.4778265 0.2508169 0.7104280 0.1215896 0.6944833 0.5501918 0.3819400 0.3991634 0.6528150 0.3424606 0.6823395 0.2755962 0.5999546 0.6247000 0.1848262 0.2753474 0.5913611 0.3664020 0.4407367 0.5268357 0.3342755 0.2022049 0.3550141 0.6319083 0.7192482 0.7111603 0.6595109 -0.0238133 0.6224910 0.5653292 0.5936355 0.3943219 0.4495625 0.5735119 0.4068085 0.0836420 0.3527182 0.5450308 0.5974029 0.3298919 0.4944023 0.3305858 0.5931526 0.7461742 0.0335078 0.5504869 0.3501992 0.7135184 0.5309001 0.5341242 0.4243468 0.4495120 0.4538602 0.0760008 0.1620498 0.0893688 0.1119043 0.2012590 0.2050090 0.1577211 0.2923184 0.3772470 0.2820505 0.2074589 0.1653439 0.4047847 0.0528631 0.0794409 0.3092408 0.2655266 0.4883612 0.5259233 0.0688429 0.2270016 0.5218557 0.2775262 0.3094727 0.4921494 0.2758518 0.3479739 -0.1116859 0.2793765 0.1111818 0.2320687 0.5625134 0.4227634 0.1798686 0.4437825 0.5199064 0.4666697 0.3293607 0.2971257 0.5416820 0.4053162 0.3246217 0.5949480 0.4580829 0.2652173 0.4538265 0.4593704 0.4334603 0.4636546 0.4319288 0.2310245 0.3735891 0.4013453 0.4184770 0.2839084 0.4850108 0.4904824 0.2998334 0.3908599 0.4495538 0.2783481 0.3603443 0.4215863 0.3680083 0.3342013 0.0675252 0.3211147 0.3665944 0.1218320 0.3780332 0.5056380 0.4965964 0.1168456 0.1133189 -0.3362031 -0.3045514 -0.3301795 0.0187736 0.1090834 0.1064280 -0.1264548 -0.1009864 -0.0083550 0.0008066 0.0577427 -0.0996461 0.0608282 0.0717047 0.0662032 -0.0719846 -0.0049648 0.0602015 0.1141086 0.3379576 0.2325935 -0.1176879 0.2774754 0.1393707 0.0236859 -0.2283130 0.0444766 0.5699776 0.3456520 -0.3298007 0.2624328 0.1421207
