0.0000000 0.5884879 0.4931609 0.0586485 0.3908379 0.1468299 0.2605387 -0.0776071 0.0296977 -0.1708712 -0.3836562 0.2287050 0.3062066 0.0972515 0.1567287 -0.4302835 -0.2553688 -0.0112307 -0.3214729 0.3818273 0.2758118 -0.0406130 -0.3786800 -0.0290393 -0.2578955 -0.3661451 -0.2076410 0.1753724 -0.1197581 0.0348537 -0.0833169 0.0101458 0.2045191 -0.0767463 -0.2659264 -0.0550544 -0.1161945 0.0556443 -0.0588270 0.0913240 0.0091523 -0.3930380 -0.2440441 0.1493502 -0.4392918 -0.1460112 -0.0334838 0.2007870 -0.0863715 0.0862669 -0.0257806 -0.0763651 -0.1290039 -0.1565364 0.3099695 0.2392899 0.0938025 -0.2713263 -0.2918632 -0.0099225 -0.1413359 -0.0797623 0.4443298 -0.3057906 -0.0561121 0.1776769 -0.0849255 -0.2762916 0.0968004 -0.4092016 0.0632277 -0.1396952 -0.2046406 0.0692392 0.1351277 -0.3254912 -0.1257933 0.2269777 -0.0004119 0.2250072 0.1738875 -0.0968902 -0.3293495 -0.2205810 -0.4322835 -0.4749721 -0.1028939 -0.3705430 -0.3181055 -0.3740731 -0.3874892 -0.3120188 -0.1671259 -0.2989801 -0.2982896 -0.1899946 0.0164892 -0.2625345 -0.0496622 -0.2175045 -0.2646667 -0.2763023 -0.5086193 -0.3656861 -0.1591426 -0.2682813 -0.3154914 -0.0633954 -0.2398080 -0.3317930 -0.4520663 -0.3962775 0.0364482 -0.0823247 -0.2514149 -0.2093685 -0.0408665 -0.1934752 0.0184139 -0.3367351 -0.0197392 0.1434757 -0.2862416 0.0100462 -0.3466209 -0.0929592 0.2220318 0.1963254 -0.1147939 0.0611280 -0.0549562 -0.3165305 0.2190119 -0.2117136 -0.1256109 -0.1709243 -0.1628178 -0.2257175 -0.1023560 -0.3290088 -0.2680481 -0.3362851 -0.3520419 -0.5174978 -0.3607946 -0.1566852 -0.2820246 -0.2248616 -0.4165904 -0.3507405 -0.4057394 -0.3427634 -0.1448299 -0.2805020 -0.2044712 -0.4494823 -0.0715289 -0.3744640 -0.2048486 -0.2110546 -0.0140613 -0.2787753 -0.1595443 -0.1368227 -0.1245772 -0.4320904 -0.1058877 -0.1660599 0.0819089 -0.1453602 -0.2533548 0.1191480 0.7270223 0.4819335 0.3699785 0.4699170 0.5208849 0.5102506 0.4665819 0.5883282 0.4157877 -0.0335959 -0.3128357 -0.1539198 -0.1109252 0.2871409 0.5249856 0.2608272 0.3324459 -0.0601921 -0.4549330 0.0720384 0.3008984 -0.1540355 -0.2940918 -0.0539761 0.3009573 0.3370704 0.3314366 0.0532396 0.0847925 0.0085366 0.1901261 0.1118426 0.1662747 0.2755708 0.0518447 0.2045058 0.2466975 0.0512922 0.1961997 0.3744554 0.0339781 0.2375984 0.4775302 0.2989343 0.0282693 -0.0453909
0.5884879 0.0000000 0.7159734 0.4527659 0.3927664 0.5234787 0.7913539 0.3045313 0.3165549 0.1477849 0.1080880 0.6286733 0.2778020 0.4012975 0.3758277 -0.2465032 0.0711940 0.1452991 0.0624820 0.1772710 0.6181364 -0.0488966 -0.1595799 0.0883042 0.0956382 -0.0389335 0.4063598 0.1386508 0.0689722 0.2030702 0.0123819 0.0009007 0.1731191 0.1150490 -0.1653434 -0.1226098 0.0488257 0.0974612 0.2157847 0.2080509 0.1568055 -0.3442256 0.0672026 0.0882434 -0.1019418 0.0046510 -0.0107024 0.0773036 -0.0201046 -0.1293089 -0.0186073 0.0317777 0.1419175 0.0866344 -0.0246529 0.0423219 0.0621778 0.0029410 -0.2539472 -0.0192935 0.1111130 -0.0452743 -0.0755772 0.0846512 0.3392787 -0.0800226 -0.2182465 -0.1468938 0.0013871 -0.0978537 -0.2421420 0.2307772 -0.2804198 0.2948226 -0.2513278 -0.2814315 0.0766827 -0.2858071 -0.3550773 0.0854229 -0.1871672 0.0028449 -0.3739587 -0.4598775 -0.5857892 -0.6277233 -0.2746334 -0.1848039 -0.5759195 -0.5464838 -0.3980696 -0.4713831 -0.5470092 -0.2090710 -0.4655395 -0.1923267 -0.2678579 -0.6686378 -0.3051220 -0.0352406 -0.3849753 -0.7609830 -0.5980933 -0.3142134 -0.3434352 -0.3426402 -0.7772449 -0.5698213 -0.5168477 -0.7141107 -0.5267801 -0.6093435 -0.3595057 -0.6035503 -0.4149816 -0.3249702 -0.3593302 -0.3078532 -0.2132895 -0.3986130 -0.3323440 -0.2223752 -0.7213308 -0.0647464 -0.4973752 0.1133215 -0.1965534 -0.3560906 0.0729324 -0.1494285 -0.2670571 -0.3629837 0.1357646 -0.1334813 -0.1965030 -0.6592253 -0.1279603 -0.0783491 0.1579418 -0.3404998 -0.5239434 -0.3851007 -0.4527543 -0.6073292 -0.3052971 -0.3862826 -0.2662624 -0.1411413 -0.3461512 -0.5220449 -0.5118267 -0.2819962 -0.3232157 -0.3652771 -0.2668300 -0.4970726 -0.3991086 -0.4588578 -0.4218708 -0.3950688 -0.4499692 -0.5872762 -0.4228883 -0.1895218 -0.5680891 -0.5002511 -0.2839014 -0.0762303 -0.2658057 -0.5050242 -0.3746345 -0.1084450 0.6365908 0.5504367 0.7557908 0.7774274 0.8039298 0.6339183 0.7092010 0.5635635 0.4937905 0.1412698 -0.2589277 -0.1388038 -0.0666856 0.5647190 0.2641862 0.0430713 0.4598582 0.4281508 -0.0827213 0.3870463 0.2673425 0.0348558 0.0411771 0.1341361 0.5255696 0.2982477 0.2917937 0.2878543 -0.1486977 -0.0493214 -0.0297994 0.2719638 0.3260513 0.4795655 -0.0583773 0.2678874 -0.0682424 0.2415707 -0.0285488 0.2452185 0.2803696 0.5871291 0.4928435 0.1098098 -0.1531205 -0.2993559
0.4931609 0.7159734 0.0000000 0.5309364 0.4467253 0.4042794 0.4572944 0.6404044 0.2840549 0.2232535 0.3344546 0.4574453 0.6101200 0.3244936 0.3762131 0.1110677 0.0311204 0.1917114 0.1778124 0.2143661 0.3262288 0.2748893 0.1140313 0.2302751 0.1107335 0.0948592 0.2008195 0.0724636 0.2515369 -0.0186572 0.2128633 -0.1771007 0.1466862 0.2896689 0.2021015 -0.1821509 0.1078071 0.3629807 0.0148448 0.1535539 0.3048515 -0.1690479 0.1401047 0.2136260 0.2679352 0.2698003 0.2013995 0.3067623 0.2232739 0.0954797 0.2937433 0.1876145 0.3861508 0.3732648 0.1592083 0.2332417 0.3255104 0.2747572 -0.0777603 0.2594019 0.3058013 0.3566606 0.1148832 0.2799976 0.5674218 0.2374005 0.2144410 0.2002696 0.2776383 0.1101868 0.1766575 0.3224748 0.0834591 0.1893429 -0.0839461 -0.1025385 0.2027750 -0.0384100 -0.0194009 0.3314215 0.1062711 0.2180954 -0.1427813 -0.2088407 -0.3772752 -0.2491755 0.1746203 0.0274934 -0.3352243 -0.3729133 -0.0117981 -0.1340733 -0.1099002 -0.1003210 -0.4235794 -0.3739619 0.0880515 -0.1389159 -0.0856769 0.0986155 -0.1546449 -0.5440141 -0.3867528 -0.2292138 0.0550194 -0.4380363 -0.6294112 -0.4400451 -0.2932398 -0.6552503 -0.3777623 -0.5877509 -0.4375798 -0.6078214 -0.6125847 -0.5609042 -0.5175426 -0.5859961 -0.4584056 -0.6469407 -0.4992495 -0.3800618 -0.4476618 -0.3690320 -0.5972003 -0.0358472 -0.1921755 -0.1091157 0.0092219 -0.1527434 -0.2645728 -0.2480198 0.4368426 -0.1642558 -0.0172671 -0.4016029 0.0213289 0.2087271 0.3310545 -0.0146775 -0.3663126 0.0177596 -0.1596961 -0.4352431 -0.1482723 -0.4305372 0.1454242 0.2388772 -0.0660848 -0.0210452 -0.0489733 -0.1337177 0.1301652 -0.3695407 0.0891292 -0.4814462 -0.1186877 -0.1081802 -0.1499372 0.0262163 -0.1437496 -0.0501611 -0.5230859 0.0642356 -0.0462217 -0.3070724 -0.2910958 0.1135775 -0.0935540 -0.0837339 -0.1396626 0.0639536 0.3265570 0.1825094 0.3612023 0.3989028 0.4005688 0.3403193 0.2243734 0.3181613 0.3861873 -0.0475950 -0.1751474 -0.2302481 0.0711226 0.6500982 0.1868547 -0.0522578 0.5029621 0.4448715 -0.3305769 0.5261018 0.2232167 -0.3754523 -0.2817349 -0.1088765 0.4038522 0.2225930 0.5413424 0.1792646 -0.2915157 -0.3310171 -0.3050906 -0.0239906 0.3027598 0.5007718 0.0971465 -0.0427156 -0.2410780 -0.0117731 -0.2534771 0.0416930 0.2552649 0.5208356 0.3538412 0.1103371 -0.3541322 -0.4425043
0.0586485 0.4527659 0.5309364 0.0000000 -0.1586769 0.8306141 0.4804442 0.7387663 0.8484121 0.7658586 0.7425891 0.7808205 0.1449447 0.6902520 0.8074734 0.2289856 0.2942797 0.5966311 0.1953375 -0.1648606 0.5281540 0.3419827 0.2129612 0.6520352 0.3151107 0.3094652 0.4677297 0.3137806 0.6876688 0.4598351 -0.0124750 0.1924832 0.4238551 0.7134332 0.3224753 0.2775441 0.1536794 0.2049919 0.5455953 0.5316030 0.1512831 0.2571888 0.3797385 0.4992553 0.6612210 0.1383619 -0.0027826 -0.0158023 0.6827148 0.0615418 0.1337701 0.4270562 0.8466336 0.6698284 -0.2009868 -0.1884408 0.0391517 0.6232315 0.4586581 0.2140464 0.8351612 0.2659167 -0.3870976 0.8544793 0.8336544 -0.2130441 -0.0497816 0.3610944 -0.0048454 0.6064931 -0.1901584 0.9052750 -0.0030079 0.3148859 -0.1823358 0.3221113 0.8110456 -0.3485252 -0.0238670 0.0650591 -0.1615341 -0.1375558 -0.2646080 -0.2184029 -0.1632457 -0.1274352 0.0349002 -0.0613364 -0.2899451 -0.3066087 -0.3635290 -0.4351335 -0.0960202 -0.3113257 -0.3325351 -0.5546807 -0.3658597 -0.1072278 -0.1221639 -0.1382589 -0.2186729 -0.3257061 -0.2854041 -0.4279300 -0.3273735 -0.6280391 -0.4873247 -0.3304605 -0.2419004 -0.3907714 -0.4703878 -0.2005282 -0.3002006 -0.4928120 -0.2695488 -0.1793970 -0.3791721 -0.2265243 -0.2015164 -0.3658425 -0.4133780 -0.3728417 -0.3120686 -0.0218631 -0.3450057 0.1592247 -0.2715992 -0.0145191 0.1282655 0.0508879 -0.1390675 0.0697822 0.1252068 0.2183309 -0.0117876 -0.1549208 0.1183496 0.2403317 0.2513750 0.3780463 -0.0109444 0.1920164 0.1448315 -0.0923584 -0.0461898 -0.2394435 0.0484682 0.0581699 -0.0477056 0.0167224 0.0198441 0.2457926 0.0883813 0.0296609 -0.2968853 -0.0447118 0.1015729 0.1162744 -0.0860380 0.2892169 -0.2964425 -0.0374975 -0.0713722 0.5252812 -0.1514456 0.0356241 0.0765333 0.2089270 0.0186368 0.0312755 0.0980166 0.2156415 -0.1349992 -0.1829070 0.0604805 0.0424774 0.1329352 -0.0853569 0.1030268 -0.0757335 0.0243013 0.1839586 0.3772221 0.2466312 0.3823163 0.7708886 -0.1767338 -0.4755324 0.6198524 0.7950311 0.0802502 0.6952232 -0.2901842 -0.2082708 0.1224565 0.0792901 0.2433254 -0.3408658 0.1746445 0.3619328 -0.2083795 -0.0414887 -0.0817707 0.1612615 0.0080130 0.0210925 0.1976226 -0.3568463 -0.1256845 0.4698458 0.0511139 -0.0183477 0.1209515 0.4236751 -0.0258776 -0.2419263 -0.1109219 -0.1572882
0.3908379 0.3927664 0.4467253 -0.1586769 0.0000000 -0.3350144 -0.0523254 0.1892028 -0.4370632 -0.5035035 -0.1971999 -0.2000260 0.6785385 -0.0496785 -0.2965346 0.0679829 0.0002897 -0.4760024 0.1693590 0.6478993 -0.1202681 0.2917584 0.2162161 -0.2807921 0.1373996 0.2354091 0.1976375 -0.0789641 -0.4528095 -0.2095439 0.5844362 0.1334756 -0.0569095 -0.2735934 0.3382189 -0.2554842 0.4235658 0.5056307 -0.1474513 -0.0844150 0.5840388 -0.4801991 0.3624978 -0.0853309 -0.3409997 0.3597512 0.5466641 0.6683840 -0.2510073 0.4841216 0.5109555 0.1569036 -0.2696702 0.0271372 0.6887924 0.7408556 0.6086519 -0.1129892 -0.6246958 0.3945779 -0.3910830 0.2178099 0.5426621 -0.3038340 -0.0762742 0.6431601 0.2018166 -0.2015123 0.4259950 -0.3136878 0.2380517 -0.3088811 -0.0333210 0.2620576 0.0691159 -0.4274066 -0.3875960 0.2076096 -0.1939541 0.0175576 0.1416677 0.3874455 0.1174293 0.0132579 -0.3310034 -0.2470336 0.1982224 -0.0299799 -0.1956067 -0.1813668 0.3040404 0.0612214 -0.1123639 0.1817399 -0.3369853 -0.1009768 0.4404827 -0.1794221 -0.0064833 0.2186426 -0.1223154 -0.5876297 -0.2162878 0.1201314 0.3578251 -0.3137070 -0.5713820 -0.4350870 -0.2153628 -0.7603881 -0.2094877 -0.7240362 -0.6946103 -0.6351649 -0.7125636 -0.8356983 -0.6551171 -0.7413807 -0.7153242 -0.6222403 -0.4689249 -0.3748905 -0.3319948 -0.6306359 -0.7574194 -0.4071682 -0.3789631 -0.1177503 -0.3461144 -0.6393730 -0.6347052 -0.3023658 -0.1043899 -0.6224417 0.0504785 -0.4476059 -0.4649950 -0.3711179 -0.0201587 -0.5971982 -0.4402766 -0.2941832 -0.1082447 -0.6689909 -0.5835894 -0.1934849 -0.1960102 0.0464131 0.1920955 -0.1880869 -0.3672237 -0.7422248 -0.1789503 -0.2722128 0.1687722 -0.7178578 -0.3072935 -0.5260289 -0.1134275 -0.4664953 0.1802578 -0.2401062 -0.4328234 -0.4266682 -0.0377499 -0.5136768 -0.2010366 0.2071533 -0.1523457 -0.1997273 -0.1608187 0.0587005 0.4540148 0.4762420 0.2934188 0.4178037 0.4097666 0.3925071 0.2044192 0.3646979 0.2855996 -0.1550695 -0.4754183 -0.4676805 -0.4130063 0.0087963 0.4253257 0.5460700 0.1166193 -0.2752262 -0.4160971 -0.2157196 0.4220952 -0.0814695 -0.4495033 -0.3330130 0.1521727 0.4129141 0.0744927 -0.3406886 0.0692005 -0.2520583 -0.3134468 -0.0457073 0.7609520 0.8010906 -0.2890506 0.3889974 -0.0059650 -0.3536829 -0.3143772 -0.2035172 0.6666746 0.3648405 0.0986241 0.5839898 -0.2610623 -0.2043066
0.1468299 0.5234787 0.4042794 0.8306141 -0.3350144 0.0000000 0.7472658 0.4234758 0.9116503 0.7028655 0.5588764 0.9314734 -0.1054751 0.6762426 0.8978760 -0.0720032 0.1919863 0.6999315 0.0433926 -0.2093227 0.6240896 -0.0740612 -0.0489785 0.6683996 0.0721855 0.1118653 0.3935579 0.4215598 0.7094884 0.5299913 -0.3231430 -0.0295562 0.4928485 0.6856351 -0.0913580 0.3494987 -0.0773006 -0.1551044 0.4883633 0.4890630 -0.1856967 0.2470414 0.0458572 0.4208616 0.4601958 -0.0603059 -0.2864328 -0.3576375 0.5377071 -0.3647295 -0.2314357 0.1060791 0.7494986 0.3150215 -0.4935903 -0.4580767 -0.2667540 0.2872250 0.3935402 -0.1560281 0.7379289 -0.0790073 -0.5608982 0.6184935 0.6755059 -0.5254204 -0.3165171 0.1014052 -0.3540085 0.3634562 -0.4550528 0.7799815 -0.2332582 0.0171561 -0.3605021 0.1338783 0.6338945 -0.5752453 -0.2359268 0.0648192 -0.3912308 -0.4137311 -0.6180723 -0.5643311 -0.3709276 -0.4865073 -0.4015953 -0.2573068 -0.5302535 -0.5639853 -0.6788839 -0.5780716 -0.4191338 -0.5340628 -0.3888498 -0.3554098 -0.5655243 -0.3957392 -0.3901684 -0.3624730 -0.5032656 -0.3585841 -0.5674877 -0.6365927 -0.6219639 -0.4588795 -0.4405277 -0.3743929 -0.3890148 -0.1965188 -0.5297232 -0.1932120 -0.0161354 -0.2213764 0.0410854 0.0976715 0.0216040 0.1659379 0.1726291 0.0106164 -0.0292355 0.0038442 -0.4169446 0.2768300 -0.0089718 0.2597521 0.0445247 -0.2275566 0.1268822 0.3753998 0.2358214 -0.1662839 0.2310607 0.3405393 -0.3657925 -0.3058196 0.3986165 0.2307449 0.3336181 0.2582040 -0.1683881 0.0029732 -0.2458394 -0.2077805 0.1118996 -0.2871661 0.0359056 -0.0132013 -0.3844213 -0.2293039 -0.1633568 0.1584834 -0.0753574 -0.0861730 -0.3798731 -0.1119682 -0.1213036 0.0288936 -0.3326655 0.0427841 -0.4030656 -0.2682273 -0.1908631 0.2642050 -0.3093507 -0.1535519 -0.1571351 -0.0794658 -0.1649527 -0.2321514 -0.1679305 -0.0679585 -0.0257811 -0.1104087 0.2987012 0.1216985 0.1822606 0.0554526 0.2724362 0.1303425 0.1756279 0.3070950 0.3915106 0.4099566 0.3499894 0.6814573 -0.2423160 -0.6593099 0.4401946 0.7977419 0.1006074 0.4543808 -0.4255368 -0.1608142 0.2112414 0.1423650 0.3193764 -0.3149139 0.2491205 0.4054583 -0.1458293 0.2386815 0.1304654 0.3146448 -0.1437302 -0.1719302 0.1123791 -0.2395827 -0.0390715 0.6293598 0.2109879 0.1860230 -0.0753748 0.4653742 0.1583944 -0.4337088 0.0834403 0.0320526
0.2605387 0.7913539 0.4572944 0.4804442 -0.0523254 0.7472658 0.0000000 0.2474453 0.5096170 0.2609817 0.2115954 0.7894037 -0.0010185 0.3916782 0.5981701 -0.2908280 -0.0030894 0.4959454 0.1908709 -0.2146566 0.7001343 -0.2221310 -0.2305454 0.3341687 0.1283167 0.0111188 0.4052645 0.3128130 0.4169376 0.4086228 -0.2550011 -0.0875305 0.3166190 0.3841872 -0.3572537 0.1668848 -0.1363814 -0.1433165 0.2043332 0.2566666 -0.1524634 0.0384921 -0.1405159 0.1248755 0.1096615 -0.0782859 -0.3148022 -0.3240666 0.1277910 -0.4911764 -0.3500498 -0.1850691 0.3184771 -0.0126540 -0.5160527 -0.4253282 -0.3155645 -0.0201730 -0.0131134 -0.3314872 0.2715334 -0.2209619 -0.4703924 0.1746467 0.3403661 -0.5336752 -0.4446746 -0.1242460 -0.3806778 -0.0216053 -0.5427777 0.3197805 -0.3603359 -0.0758566 -0.4719113 -0.2258544 0.1318705 -0.6037911 -0.4930786 0.0537048 -0.4966732 -0.3783444 -0.6454776 -0.7458685 -0.6386841 -0.7224715 -0.5807817 -0.3214455 -0.7059542 -0.7216340 -0.5959085 -0.4341836 -0.6283594 -0.5183507 -0.4184134 0.0689816 -0.3562674 -0.6995747 -0.5932974 -0.3552845 -0.6137246 -0.6044259 -0.6226549 -0.5610242 -0.4945500 -0.1041904 -0.6440770 -0.5515225 -0.5609585 -0.4151111 -0.4815993 -0.4321326 -0.1234798 -0.3639202 -0.1413081 0.0311432 -0.0225700 0.0436279 0.1083988 0.0213131 -0.0451555 0.0168378 -0.7243451 0.1829925 -0.0941647 0.3623282 0.0260160 -0.5146415 0.2220408 0.1381761 0.1576047 -0.3927516 0.2810307 0.0555907 -0.3562619 -0.5549948 0.3065075 0.1807186 0.3936354 -0.1164682 -0.4195622 -0.2413909 -0.5407799 -0.4292543 0.1329230 -0.3208208 -0.0109305 0.0306315 -0.3839201 -0.5245243 -0.4433680 -0.0671495 -0.2376787 -0.2352464 -0.2179036 -0.3358318 -0.4885819 -0.1908052 -0.5941025 -0.3845728 -0.4418194 -0.6139495 -0.4228317 -0.1971244 -0.5267661 -0.3753872 -0.3166927 -0.1138025 -0.4318773 -0.5653029 -0.3309492 -0.2499860 0.3137779 0.3332036 0.7994527 0.5699976 0.5593245 0.5069328 0.6452126 0.4676994 0.4348182 0.2765732 0.0904287 0.1995978 -0.0112874 0.4675793 -0.1747071 -0.4325491 0.2049146 0.5276049 0.1593893 0.3255704 -0.0923494 0.0840402 0.2944330 0.2718105 0.5818925 0.0909465 0.2523429 0.4690594 -0.1053605 0.2956271 0.0894661 0.3187501 0.0319406 0.0351198 0.0501239 0.2122404 -0.0317466 0.5640516 0.0805630 0.3192065 -0.0008933 0.4816839 0.4311205 -0.3233929 0.0374447 -0.1394694
-0.0776071 0.3045313 0.6404044 0.7387663 0.1892028 0.4234758 0.2474453 0.0000000 0.4645812 0.4643415 0.7435434 0.4222100 0.6178962 0.5066083 0.4904032 0.5704534 0.2558025 0.3758198 0.5655514 -0.1176266 0.2156863 0.5860485 0.5446178 0.4964779 0.4997365 0.5519333 0.3884792 0.1395300 0.5521714 0.2454738 0.2460160 0.1150330 0.2191537 0.5970743 0.4881929 0.2463343 0.3184512 0.5746920 0.1897763 0.3250750 0.3881002 0.3407562 0.3830988 0.3585932 0.7282772 0.5734804 0.2702849 0.3119746 0.6108865 0.2967526 0.3248123 0.2931308 0.7111158 0.7195209 0.0652557 0.1999523 0.3725731 0.6780655 0.4598446 0.2979873 0.6979863 0.3893325 -0.0400983 0.7042460 0.7397231 0.2011009 0.2446296 0.4526880 0.4581476 0.5548443 0.1624880 0.6560967 0.2233938 0.2991497 0.1601048 0.3324368 0.6076191 -0.0000606 0.1138296 0.2360795 0.0541852 0.1804913 0.0234190 -0.0295723 -0.0559246 0.0975992 0.4651219 0.2010380 -0.1540409 -0.1225734 0.1528475 -0.0393641 0.1644234 -0.1258331 -0.4165946 -0.5278858 0.1503490 0.1632566 0.0596342 0.0914965 0.0038606 -0.2998619 -0.0812812 -0.2213537 0.2079106 -0.5549267 -0.4895430 -0.3452396 -0.1404862 -0.5280659 -0.2540998 -0.3656844 -0.4841051 -0.6482738 -0.6015204 -0.5183513 -0.6744243 -0.5874678 -0.5619984 -0.5766397 -0.6128428 -0.5637569 -0.2670264 -0.3838375 -0.5113212 -0.0218156 -0.4237929 0.1371334 0.0778122 -0.1796966 -0.2121343 0.2233393 0.3146938 0.0127316 0.2042953 -0.0444423 0.2023701 0.3869654 0.5261116 0.2886440 0.0512343 0.3472117 0.4156115 -0.1086837 0.0480764 -0.1393598 0.3328904 0.3921449 0.4173131 0.2824280 0.2549697 0.0596671 0.2683336 0.1115855 0.0932627 -0.3083360 0.2199058 0.1714963 0.1852789 0.2818573 -0.0517661 0.2166767 -0.2051623 0.3785555 0.1053536 0.0499789 0.0650991 0.4545365 0.1171286 0.2594761 0.1982884 0.2872791 -0.2698939 -0.2216180 -0.0022210 -0.0649987 -0.0427549 -0.0884703 -0.1072279 -0.0631476 0.1131108 0.1871410 0.4126111 0.1721925 0.4023728 0.6279298 -0.0653751 -0.2133438 0.5076949 0.5207135 -0.0732878 0.5634296 -0.1368711 -0.3722031 -0.1253934 -0.1095031 0.2054981 -0.1806225 0.2603002 0.1484177 -0.4168637 -0.2509271 -0.4313275 -0.2690779 0.1046009 0.2772406 0.2868729 -0.3082546 -0.3931594 0.1372352 -0.3372722 -0.4119523 0.1838882 0.3831158 -0.1231345 -0.1282106 -0.3496282 -0.4506507
0.0296977 0.3165549 0.2840549 0.8484121 -0.4370632 0.9116503 0.5096170 0.4645812 0.0000000 0.8288941 0.6158510 0.8751531 -0.1607168 0.7025690 0.9039758 0.0304353 0.2618832 0.7723471 -0.0188226 -0.2477356 0.5607342 0.0526508 0.0134756 0.7239050 0.0768675 0.0956725 0.3553199 0.3791928 0.7651276 0.5241927 -0.3352680 0.0381689 0.4978315 0.7392544 0.0440180 0.3704113 -0.0163528 -0.1245297 0.5939508 0.5210392 -0.1693872 0.3502672 0.1274125 0.4845180 0.6171280 -0.0190813 -0.2061449 -0.2979850 0.6748507 -0.2105801 -0.1374142 0.2606512 0.8447553 0.4626949 -0.4429736 -0.4224855 -0.1721068 0.4617604 0.5661103 -0.0290783 0.8655355 0.0170864 -0.5348894 0.7787607 0.7724235 -0.3979114 -0.1807248 0.2769139 -0.2227766 0.5734292 -0.3343829 0.8481806 -0.0603750 0.0947683 -0.1679393 0.4036996 0.7708602 -0.4467472 -0.0179163 -0.0287183 -0.3015539 -0.2801728 -0.3539864 -0.2765771 -0.1362102 -0.1967261 -0.1653932 -0.2249617 -0.3030926 -0.3093695 -0.5998741 -0.6419942 -0.0797587 -0.3791898 -0.2934641 -0.5859406 -0.6329704 -0.0841713 -0.0966520 -0.2236450 -0.2211556 -0.0817329 -0.2934349 -0.4690697 -0.5796537 -0.5725155 -0.2438118 -0.1114544 -0.1456927 -0.0724092 -0.3619130 0.0647880 0.1235830 -0.1044326 0.1291171 0.2236817 0.0051312 0.2127036 0.1840777 0.0344658 -0.0539382 -0.0569578 -0.1215654 0.2914536 0.0684437 0.3295945 0.0599818 -0.0265153 0.2000525 0.3924585 0.2103054 0.0353135 0.1525159 0.4308911 -0.2441792 -0.0500032 0.3226827 0.2899586 0.2411722 0.4901560 0.0704555 0.1928689 0.0708185 0.0039167 0.1492638 -0.1666201 0.0721975 -0.0389594 -0.1966818 0.0276421 0.0750298 0.3290670 0.1113251 0.0882461 -0.3617852 0.1054164 0.1105227 0.2391422 -0.1200119 0.2668987 -0.2901891 0.0123159 0.1142401 0.4679543 -0.0977118 0.1358993 0.0776520 0.0767103 0.0093367 0.0175380 0.0760347 0.1121475 -0.1940609 -0.2703850 0.0799151 -0.0408630 0.0504920 -0.1532705 0.0784186 -0.0614891 0.0006570 0.2344916 0.4545930 0.3858255 0.4751351 0.7298241 -0.2349289 -0.6113492 0.4158977 0.7497084 0.2144389 0.5018683 -0.5126154 -0.1463212 0.2831192 0.2239880 0.2410043 -0.4815879 0.0698419 0.4798196 -0.3227920 0.1132080 0.1296330 0.1633101 -0.2707284 -0.2942717 0.1758220 -0.4512732 -0.1724898 0.5854103 0.2390967 0.0328841 -0.2261101 0.2751189 -0.0343926 -0.5017920 0.0985451 0.0505475
-0.1708712 0.1477849 0.2232535 0.7658586 -0.5035035 0.7028655 0.2609817 0.4643415 0.8288941 0.0000000 0.7651752 0.5643885 -0.1517695 0.7043909 0.5839325 0.3453301 0.6000856 0.4170243 0.1216668 -0.2232728 0.3614186 0.1302192 0.2913035 0.4189580 0.2278742 0.1699454 0.3216123 -0.0664345 0.6013270 0.1649910 -0.1772808 -0.0295241 0.0345166 0.4365983 0.2083736 0.3658306 -0.0495390 -0.0235747 0.4049753 0.1812601 -0.1160319 0.4694794 0.2225377 0.1430397 0.7262158 0.0678580 -0.0663667 -0.2418110 0.4505994 -0.1520969 0.0351515 0.2357836 0.6652281 0.5060549 -0.3478334 -0.3059343 -0.0909720 0.6015739 0.6551551 0.0853415 0.8061063 0.1212261 -0.4350074 0.8346807 0.6876987 -0.2779263 0.1806514 0.4875099 0.0204376 0.7449661 0.0252576 0.8162380 0.2682543 0.2985362 0.0049419 0.6897119 0.8151566 -0.2230017 0.2409686 0.2158535 -0.0824404 0.0659525 -0.0634851 -0.0400107 0.1074569 0.1040808 0.1167127 0.2047835 -0.1243845 -0.0283956 -0.2823919 -0.2752763 0.0213605 -0.0037655 -0.2558902 -0.5422354 -0.4302262 -0.0026061 0.1085021 0.1844711 0.0830550 0.0072656 -0.1209880 -0.1289134 -0.2824191 -0.4099329 -0.1191288 -0.1115470 0.0011010 0.0142064 -0.3022596 0.2044034 0.1008374 -0.1154256 0.2068030 0.1835962 -0.0624873 0.1608921 0.0593298 -0.0583568 -0.1496739 -0.1788348 -0.1239362 0.2602635 0.0433258 0.2187543 -0.0490011 0.0829815 0.2238423 0.3205560 0.0956127 0.3883928 0.1424750 0.5397233 0.0754445 0.0634800 0.2346599 0.3463548 0.1069378 0.6513168 0.2675401 0.3417633 0.2812261 0.2177330 0.0941256 -0.1394826 0.0651297 -0.0707901 0.0247939 0.2914391 0.3542937 0.4727320 0.1689656 0.1528509 -0.2223375 0.2264082 0.2513110 0.3095726 0.1301755 0.5059460 -0.4873334 0.2139278 0.1186235 0.6360691 -0.1603273 0.3124481 0.1581299 -0.0034905 0.1121371 0.1759483 0.0455261 0.0233526 -0.2383402 -0.2584667 -0.1291557 -0.1193115 -0.0700794 -0.1467880 -0.0218042 -0.1253200 0.0453212 0.3289245 0.4788082 0.3150978 0.5556340 0.6478260 -0.2473198 -0.3891842 0.4033519 0.6313448 0.1793100 0.6577779 -0.2117375 -0.2449837 0.1846224 0.1164490 0.0793683 -0.2785218 0.2204180 0.3693154 -0.4514920 -0.2393340 -0.2031553 -0.1255025 -0.2026590 -0.1268074 0.3171453 -0.6053728 -0.4545368 0.2076498 -0.0986796 0.0276297 -0.2151100 0.3266632 0.0643776 -0.5198794 -0.3147694 -0.2963941
-0.3836562 0.1080880 0.3344546 0.7425891 -0.1971999 0.5588764 0.2115954 0.7435434 0.6158510 0.7651752 0.0000000 0.3971151 0.1534038 0.6733535 0.4911093 0.6431245 0.5922682 0.3018862 0.4118364 -0.0165240 0.0131898 0.2380479 0.6297187 0.4390564 0.2471591 0.4415993 0.5104765 0.0290800 0.5009239 0.2621665 0.1296060 -0.2167381 0.0623490 0.4961854 0.4417358 0.3366694 0.0608253 0.1004257 0.3016559 0.2838336 0.1225734 0.4596194 0.4348836 0.1601508 0.7488801 0.2754087 0.0561550 -0.1285840 0.4791393 -0.0874505 0.1133117 0.1753390 0.7181652 0.4980073 -0.2487035 -0.1518458 0.0646052 0.5400987 0.5257972 0.0670157 0.7567669 0.0931546 -0.4084767 0.7826237 0.7154933 -0.1324073 0.1045347 0.3108617 0.1023864 0.6122565 -0.0331362 0.7818103 0.0875069 0.1110950 -0.1004709 0.4140078 0.6858836 -0.3314715 -0.0406666 0.1863413 -0.2744265 0.1344700 -0.0815505 -0.1285934 -0.0575457 0.0553370 0.2643096 0.1777654 -0.2307782 -0.1604967 0.0937556 -0.0426705 -0.0245017 -0.0200432 -0.3157378 -0.4485591 -0.1169073 0.0151121 0.0592915 0.1641232 -0.0370147 -0.2269424 -0.1489296 -0.1467067 -0.0657658 -0.4241511 -0.3139580 -0.3895120 -0.1931614 -0.1846260 -0.2414639 -0.1472744 -0.2313943 -0.3802880 -0.0546217 -0.1607801 -0.3215313 -0.1086123 -0.2338364 -0.2738747 -0.3149918 -0.3438817 -0.2412027 -0.0324335 -0.1895895 -0.0834231 -0.2940135 -0.0201468 -0.0744257 0.0639101 -0.0748087 0.3330755 0.1946301 0.3271584 -0.0207551 -0.0756718 0.2862129 0.2536818 0.3651066 0.4462047 0.1409268 0.2007786 0.2934041 0.0182112 0.1015809 -0.1118184 0.1679816 0.1710743 0.2959255 0.2253432 0.2616093 0.1668593 0.0475606 0.2056790 -0.0254529 -0.0446143 0.0497846 0.1269830 0.0232233 0.2617198 -0.2432212 0.1412982 -0.2014799 0.3848156 -0.0599097 0.0997351 0.0025731 0.1327091 -0.0628631 0.0748085 0.0151249 -0.0436363 -0.5262949 -0.4295834 -0.1813853 -0.2570854 -0.2841615 -0.1902550 -0.3026911 -0.2224810 0.0570953 0.2587230 0.5368425 0.3111352 0.3658104 0.5594870 -0.4456798 -0.4850330 0.2619709 0.5757852 -0.0677995 0.4707449 -0.2941305 -0.4611857 -0.0967444 -0.1911374 0.0404386 -0.2762439 0.1709319 0.0847326 -0.4814837 -0.1853422 -0.4858569 -0.1712607 0.0752677 -0.0033204 0.0873300 -0.5486805 -0.5062219 0.1571979 -0.3410055 -0.1740888 0.0729213 0.4611578 -0.0797419 -0.4451047 -0.3498769 -0.3079103
0.2287050 0.6286733 0.4574453 0.7808205 -0.2000260 0.9314734 0.7894037 0.4222100 0.8751531 0.5643885 0.3971151 0.0000000 -0.0622787 0.6023012 0.9160248 -0.1761039 0.0400747 0.7577858 0.0403269 -0.2371962 0.7660751 -0.0492989 -0.1770008 0.7138814 0.1137658 0.1286222 0.4069678 0.5140973 0.7000051 0.5848627 -0.3516440 0.0929696 0.6168873 0.7318949 -0.0755048 0.2177866 0.1060071 -0.0751581 0.5781948 0.5881825 -0.1319586 0.0929881 0.0748014 0.5413037 0.3896401 0.0034928 -0.1530676 -0.2569107 0.5822859 -0.2856717 -0.1285846 0.2371818 0.7254440 0.3830154 -0.4461553 -0.3651694 -0.1164493 0.3138761 0.3032370 -0.0335259 0.6847682 0.0157814 -0.5096426 0.5708706 0.6999413 -0.4063978 -0.3274318 0.1218117 -0.2924523 0.3509153 -0.4763902 0.7022198 -0.2318440 0.0921758 -0.3330088 0.0860431 0.5629742 -0.5353110 -0.2652923 -0.1323793 -0.3531823 -0.3396891 -0.5284197 -0.4881685 -0.3591451 -0.4819464 -0.3737930 -0.3415109 -0.4918006 -0.5197876 -0.7019468 -0.7119869 -0.3604127 -0.5175210 -0.3531138 -0.4118888 -0.6232046 -0.3682842 -0.3502956 -0.3686868 -0.4053101 -0.3797228 -0.4818606 -0.5936602 -0.6723821 -0.5242555 -0.4863644 -0.2938517 -0.4147958 -0.3071918 -0.4842771 -0.2095319 -0.0470116 -0.2839883 -0.0685737 0.0912343 -0.0525196 0.0919655 0.1485518 0.0037973 -0.0804169 -0.0272233 -0.3624345 0.2246220 -0.0420494 0.3475092 0.0752071 -0.2823037 0.2202152 0.3107790 0.1433593 -0.3154743 0.2275926 0.2689606 -0.3867115 -0.3627775 0.2898874 0.2078537 0.2794212 0.1729914 -0.2867679 -0.0345500 -0.2409112 -0.2368715 0.1230740 -0.3365382 0.0109222 -0.0193137 -0.4002174 -0.2969753 -0.2337355 0.1420963 -0.0566843 -0.1680129 -0.3358461 -0.1114912 -0.1628816 0.0230750 -0.3558018 -0.0610790 -0.3519483 -0.3147257 -0.1266195 0.1452191 -0.2970673 -0.1554209 -0.1373550 0.0278443 -0.2124236 -0.2830219 -0.0869514 -0.0032781 0.0859900 -0.0093395 0.4388369 0.2815922 0.3723041 0.0648922 0.3928788 0.1491812 0.1059337 0.1881799 0.2208999 0.2515598 0.3290322 0.7271178 -0.0904775 -0.5313337 0.4704410 0.8094555 0.2473846 0.4318443 -0.4161100 0.0353478 0.3336566 0.3074051 0.4095050 -0.3318490 0.0952174 0.4913189 -0.1975892 0.1994596 0.2003629 0.3977416 -0.1607024 -0.0971967 0.0772953 -0.1576927 -0.0232264 0.6459415 0.2527350 0.0970156 -0.0938369 0.3678207 0.0564968 -0.3521903 0.2150787 0.0803640
0.3062066 0.2778020 0.6101200 0.1449447 0.6785385 -0.1054751 -0.0010185 0.6178962 -0.1607168 -0.1517695 0.1534038 -0.0622787 0.0000000 0.1153242 0.0169278 0.3607190 0.0144714 -0.1320497 0.3504693 0.2776363 -0.1158660 0.6464041 0.4470735 0.0889260 0.3042018 0.3462184 0.0777308 0.0555223 0.0403976 -0.0434119 0.4939833 0.0990843 0.0690323 0.1431896 0.4083759 0.1236560 0.1992379 0.7293746 -0.1904985 0.0508059 0.6069915 0.0037417 0.2814372 0.1837526 0.1503245 0.4341873 0.3839964 0.7022154 0.2297447 0.4467468 0.4240236 0.1613816 0.1579227 0.3776461 0.5482279 0.5296582 0.4460753 0.2834846 0.0054678 0.3482228 0.1234222 0.3555443 0.5632168 0.0852260 0.2710087 0.5077227 0.3232529 0.1630673 0.6050514 -0.0112037 0.3916841 0.0704449 0.2568885 0.2446728 0.3482854 0.0136990 0.0746611 0.4293986 0.2414881 0.4851067 0.3759892 0.2573406 0.0784917 0.1245856 -0.0898100 0.0145424 0.5435174 0.1752722 -0.0490879 -0.0778930 0.4442842 0.2380270 0.1140953 -0.0297426 -0.2786730 -0.2807613 0.5878869 0.1123670 0.2032192 0.1239627 -0.0358553 -0.2961029 -0.1480814 -0.1191574 0.5857324 -0.3541948 -0.4350455 -0.2396310 -0.0490669 -0.5794503 -0.1448798 -0.5365182 -0.5499100 -0.5684210 -0.7307440 -0.7921997 -0.6156164 -0.7382890 -0.6409577 -0.6243596 -0.4462432 -0.3525490 -0.2830373 -0.5065028 -0.6363553 -0.3779020 -0.2625632 0.3603863 -0.2527161 -0.3685625 -0.3067059 0.1637259 0.3938355 -0.2695491 0.4119783 0.0418100 0.0178672 0.0308534 0.3153253 -0.1996688 0.0742735 0.1146358 0.3169945 -0.3073512 -0.1853312 0.0955935 0.1922844 0.3573765 0.5168519 0.1772343 0.0440560 -0.3613858 0.1617777 0.1013719 0.2276110 -0.7330898 0.1723986 -0.0380816 0.2375391 -0.0351332 0.3078964 0.1897052 -0.3262749 0.0201748 0.2954406 -0.1013926 0.1310293 0.5147437 0.2560301 0.3275494 0.2219808 0.4081178 0.1807115 0.1064894 0.0342496 0.0008622 0.0171339 0.1889404 -0.0516068 0.3175380 0.3372273 0.0991858 0.0898777 0.0015290 0.1058450 0.3331022 0.3582098 0.2892873 0.4250814 -0.0579654 -0.5295660 0.1752171 0.1876634 -0.4856188 -0.5886718 -0.5059409 -0.0126600 0.1941265 0.4311513 -0.2791245 -0.1422707 -0.2162025 -0.3542582 -0.4224492 0.3801934 0.6071980 0.1363551 0.1179990 -0.1819436 -0.1172612 -0.3510862 -0.4224555 0.2426309 0.3613569 0.0689782 0.2905975 -0.3330286 -0.3813108
0.0972515 0.4012975 0.3244936 0.6902520 -0.0496785 0.6762426 0.3916782 0.5066083 0.7025690 0.7043909 0.6733535 0.6023012 0.1153242 0.0000000 0.6094775 0.2801494 0.7293112 0.2898850 0.1540058 0.2004138 0.2859756 -0.0685395 0.4130911 0.4817057 0.1057950 0.3082548 0.7046738 0.2702742 0.3506250 0.4963394 -0.2634964 -0.0238955 0.3067521 0.4155471 0.1856612 0.4342452 0.1994087 -0.0752421 0.5773927 0.4312321 -0.2023855 0.1615044 0.4158343 0.2492354 0.3690052 0.1480330 0.0851706 -0.2677902 0.3950636 -0.1994791 0.0612072 0.1579747 0.5916644 0.2828352 -0.3058201 -0.1142795 0.1311903 0.2639605 0.3707028 -0.0168064 0.6939717 -0.1974011 -0.3991977 0.5482158 0.6755643 -0.1922904 -0.1168494 0.0064030 0.0081208 0.3221947 -0.2298866 0.6659405 -0.1750762 0.2594587 0.0078477 0.2983208 0.6434514 -0.3137962 -0.2142832 0.1685254 -0.3591333 0.1387601 -0.2575181 -0.2695918 -0.3041874 -0.3292037 0.0386472 -0.0977186 -0.4958963 -0.3727561 -0.3594669 -0.3832897 -0.2757116 -0.1170174 -0.5686944 -0.6216552 -0.2904179 -0.3213404 0.0274105 0.1011176 -0.2210343 -0.3944921 -0.4738762 -0.2987007 -0.4238554 -0.7071779 -0.4946875 -0.3734956 -0.4710100 -0.3315584 -0.6437610 -0.3334298 -0.0711921 -0.2759684 0.0589332 -0.1328410 -0.1620051 0.0299948 -0.0585251 -0.0744744 -0.0008370 0.0494290 -0.4636757 0.3425734 -0.1397043 -0.1314227 0.0618993 0.0322581 -0.1753476 0.3392813 0.0240495 0.1073562 0.1188224 0.4957406 -0.2059229 -0.2289959 0.1309076 -0.0753832 0.0781560 0.1669608 -0.0004471 -0.1126125 0.0379687 -0.2638699 -0.2635511 0.0066152 -0.2731128 -0.3319937 -0.0373483 -0.1178170 -0.1364790 -0.1398330 -0.2937781 0.2429691 -0.3307867 -0.3046761 -0.0408264 -0.2233514 -0.1669170 -0.0552205 -0.3318948 -0.2274897 -0.0584084 0.2266532 -0.3571686 -0.0967066 0.1446890 0.1036493 -0.0103269 -0.1387953 -0.1410432 0.0243363 -0.0009335 0.0844584 0.1733831 0.0544419 0.0734306 0.2149325 0.1312802 0.2598171 0.4333997 0.3229580 0.3603046 0.2623527 0.3545385 0.7791241 -0.1298711 -0.2575375 0.4112780 0.5275784 -0.1380944 0.3327377 -0.1776327 -0.2974166 -0.0919921 -0.1538670 0.1806736 -0.0106339 0.2762470 0.0358413 -0.4708921 0.0349768 -0.2042400 0.0773719 0.1382409 0.1582373 0.0225541 -0.2210261 -0.4960943 0.2701297 -0.1148852 0.0950524 0.0062145 0.7116770 0.2267521 -0.5183823 -0.2346267 -0.1623069
0.1567287 0.3758277 0.3762131 0.8074734 -0.2965346 0.8978760 0.5981701 0.4904032 0.9039758 0.5839325 0.4911093 0.9160248 0.0169278 0.6094775 0.0000000 -0.0449737 0.0005322 0.8534095 0.0090582 -0.2163176 0.5516518 0.0737439 -0.0543842 0.8971155 0.0384819 0.1649803 0.3190477 0.6789801 0.8188826 0.7044347 -0.3496369 0.0603538 0.7696528 0.9066360 0.0572968 0.3838265 0.0361049 -0.0677288 0.5825988 0.7149483 -0.1369980 0.2503550 0.1217067 0.7194059 0.5026944 -0.0486401 -0.2006020 -0.2564347 0.8040274 -0.2475305 -0.1309273 0.2853509 0.8844527 0.4434462 -0.4430337 -0.4387329 -0.1678098 0.3727941 0.4654085 -0.0319486 0.8273027 0.0338492 -0.4763644 0.6571844 0.7665424 -0.4241934 -0.3450285 0.1514986 -0.3221741 0.3752164 -0.4722324 0.7876090 -0.2114822 -0.0665336 -0.2815061 0.1662943 0.6872119 -0.4785184 -0.1535101 -0.0522893 -0.3300905 -0.4218133 -0.5312257 -0.3830742 -0.2601463 -0.3457492 -0.2075140 -0.4209617 -0.3849066 -0.4766041 -0.5842120 -0.6194131 -0.1640811 -0.5991968 -0.2362342 -0.4872219 -0.5087165 -0.1132170 -0.2066388 -0.4743261 -0.3884718 -0.1707260 -0.4073592 -0.6766559 -0.5930224 -0.5840743 -0.3361712 -0.1342151 -0.3361267 -0.1407883 -0.4142175 -0.1230595 0.0371182 -0.1405888 0.0027174 0.1238002 0.0428249 0.1416978 0.2201040 0.0508121 0.0360118 0.0817868 -0.1800945 0.2777369 0.0334001 0.2185880 0.1986688 -0.0381182 0.0550582 0.4109119 0.2340907 -0.1765337 0.3342401 0.3646196 -0.3270730 -0.0843325 0.3935623 0.1927846 0.2758522 0.3226723 -0.0453828 0.0702525 -0.0538412 -0.0976674 0.2173403 -0.1344855 0.0894521 0.0435637 -0.2466530 -0.1463204 -0.1075853 0.2046552 0.0366869 0.0557611 -0.2966878 -0.0773120 -0.0065975 0.1813064 -0.2760895 0.0627398 -0.0731591 -0.1074669 -0.0315098 0.2786634 -0.0048897 0.0065964 0.0440382 0.1753636 -0.0669878 -0.0545490 0.1320195 0.1743004 -0.1486133 -0.2750467 0.1550079 -0.0692813 0.0309514 -0.1438446 0.0809737 0.0273425 0.0201179 0.1601322 0.4276180 0.4129958 0.3908747 0.7377605 -0.2197476 -0.6870845 0.4465048 0.7614069 0.0823266 0.3805226 -0.6407741 -0.1867512 0.1604848 0.1036781 0.2221497 -0.5128151 0.1034547 0.3634794 -0.1928288 0.3180954 0.2250026 0.3220899 -0.2437137 -0.2888960 0.0831006 -0.3037908 0.0118793 0.7448548 0.3210356 0.0314789 -0.2202955 0.2947616 -0.0898146 -0.4477394 0.3202079 0.2290461
-0.4302835 -0.2465032 0.1110677 0.2289856 0.0679829 -0.0720032 -0.2908280 0.5704534 0.0304353 0.3453301 0.6431245 -0.1761039 0.3607190 0.2801494 -0.0449737 0.0000000 0.5027160 -0.1524467 0.6721938 0.0259971 -0.2289218 0.3672002 0.9265572 0.1636849 0.4791946 0.7111623 0.1809430 -0.2222233 0.2521810 -0.1291929 0.2503585 -0.0040256 -0.2059109 0.1491249 0.5808615 0.4089630 0.3206517 0.4750488 -0.1604001 -0.0683114 0.3115776 0.5321342 0.3266217 -0.0193252 0.6024354 0.5243166 0.4029897 0.2462221 0.2446795 0.1348117 0.4230582 0.0951267 0.2418459 0.5011214 0.1621401 0.3006515 0.3894039 0.6114830 0.4688976 0.2764767 0.3916242 0.3456305 0.1896408 0.4427107 0.2325192 0.3156295 0.5381983 0.5294136 0.4956530 0.5600079 0.4700075 0.3407494 0.5243452 0.1638852 0.2452594 0.5507481 0.4252625 0.2106145 0.2952169 0.3227146 0.1879360 0.5732840 0.3486573 0.2651237 0.2590635 0.3517963 0.6690046 0.4485847 0.0098227 0.1932602 0.5977280 0.4702435 0.2816708 0.3684375 -0.2858967 -0.3332632 0.3689555 0.3285810 0.1843588 0.4434405 0.4024451 -0.0808383 0.1737827 0.3066722 0.4306456 -0.2828609 -0.1406065 -0.1832771 0.0128463 -0.1514143 -0.0304334 -0.0746147 -0.3164640 -0.3343555 -0.1941852 -0.3087105 -0.4082211 -0.3200227 -0.4000262 -0.2896654 -0.3391385 -0.3763092 -0.0094044 -0.2544267 -0.1880368 -0.1778672 -0.2576979 0.1914777 -0.0183459 -0.0948467 -0.1451703 0.4627536 0.3004830 0.1960963 0.2520153 0.1036074 0.1778913 0.2601546 0.1929550 0.4579550 0.1715827 0.4275588 0.5065295 0.2165171 0.1220239 -0.1116747 0.2834934 0.3038617 0.4830499 0.5606141 0.5712461 0.1481339 0.2046507 0.0534564 0.4982690 -0.0761982 0.2010480 0.2238522 0.3549951 0.3319499 -0.1358098 0.4257006 -0.1294910 0.2600731 0.1128120 0.1832933 0.0001976 0.0406023 0.0507569 0.3173707 -0.0085747 -0.1383232 -0.4449658 -0.3668143 -0.4169806 -0.3956044 -0.4225434 -0.2870055 -0.3379602 -0.1111629 0.0333793 0.4363677 0.5226299 0.2837952 0.3546478 0.0889072 -0.2316018 0.0030143 0.1331422 0.0848056 -0.0735008 0.0706988 -0.1311244 -0.2944395 -0.1534001 -0.2328481 -0.1746417 -0.2014623 0.1209376 -0.1374803 -0.5225897 -0.3936093 -0.6719311 -0.3940468 0.0610189 0.2800121 0.2968381 -0.6074763 -0.6012276 -0.3020894 -0.5178873 -0.3617301 0.0676692 0.2921879 -0.2090569 -0.2001342 -0.5113019 -0.4691077
-0.2553688 0.0711940 0.0311204 0.2942797 0.0002897 0.1919863 -0.0030894 0.2558025 0.2618832 0.6000856 0.5922682 0.0400747 0.0144714 0.7293112 0.0005322 0.5027160 0.0000000 -0.2441994 0.2522043 0.2798413 -0.0431138 -0.0495132 0.6477186 -0.0744878 0.2335179 0.3205301 0.6283965 -0.3158338 -0.0531825 -0.0479706 0.0238160 -0.0574531 -0.3082988 -0.1368798 0.2929624 0.3108671 0.1580116 -0.0157108 0.2291893 -0.1372611 -0.0829896 0.2176152 0.4684231 -0.3246202 0.3089505 0.1863717 0.2232778 -0.1439700 -0.0949789 -0.0903048 0.2130629 0.0403453 0.1305137 0.1224397 -0.1175972 0.0547478 0.1768300 0.2343887 0.1892388 0.0650563 0.3046393 -0.1227174 -0.2505079 0.3675741 0.3050003 -0.0197631 0.2411795 0.1320799 0.1688976 0.3443317 0.1111217 0.3288302 0.1580787 0.3665035 0.0864449 0.4419379 0.3619176 -0.1304141 -0.0316960 0.2850352 -0.1943153 0.5066038 0.1747345 0.0202391 -0.0531424 -0.0013570 0.2006708 0.3153464 -0.2470490 -0.0262088 0.0679927 0.0698419 -0.1293319 0.4250747 -0.4509690 -0.3633734 -0.0188533 -0.2192395 0.1619756 0.5845667 0.0840470 -0.2740382 -0.1487020 0.2691197 -0.0096851 -0.3604670 -0.3028574 -0.3664406 -0.1618958 -0.2297690 -0.3701227 -0.1488865 -0.1517727 -0.2448567 0.1396158 -0.1695199 -0.2206037 -0.0239485 -0.2559128 -0.0690948 -0.0825858 -0.1158424 -0.3655349 0.1726936 -0.1342997 -0.1753056 -0.1486044 -0.0255303 -0.1406281 0.0468017 -0.1673354 0.3815958 -0.1408131 0.3714316 0.1075515 -0.1648341 -0.1145238 -0.0900944 -0.1239174 0.2139819 0.1446378 0.0368447 0.1824835 -0.0742948 -0.3819911 0.0515621 -0.2805808 -0.3422488 0.2396948 0.1728806 0.1209028 -0.1105331 -0.2238006 0.2563798 -0.0926114 -0.1445065 -0.0365615 -0.1797047 0.0356276 0.0611339 -0.4241057 -0.0418300 -0.0240510 0.2303538 -0.3702236 0.0711434 0.1632032 0.0055062 -0.0075394 -0.0493590 -0.1876425 -0.1504846 -0.0277280 0.1905294 -0.0033422 0.0187175 -0.0277789 0.2489192 0.0272819 0.1829653 0.4215965 0.3469977 0.2231333 0.0654987 0.1457381 0.3480486 -0.2029477 0.0710963 0.0974281 0.1097550 -0.0743783 0.2069923 0.1870246 -0.2036434 -0.1000002 -0.2143336 0.0101761 0.2459211 0.2417062 -0.1036266 -0.4577316 -0.2626620 -0.4852966 -0.2082285 0.3319793 0.3335873 0.0266381 -0.1960425 -0.7042851 -0.2185075 -0.4152777 0.0669155 0.1552341 0.6233271 0.2880314 -0.4048681 -0.6327760 -0.4317587
